procs -----------memory---------- ---swap-- -----io---- -system-- -------cpu-------
 r  b   swpd   free   buff  cache   si   so    bi    bo   in   cs us sy id wa st gu
 5  0   6144 5782220 3038312 166844840    0    0  4918  4513 1838    0  0  0 99  0  0  0
 2  0   6144 5771792 3038312 166829112    0    0     0 320020 24787 21403  1  1 98  0  0  0
84  0   6144 5747824 3038312 166828520    0    0     0 254244 94700 40778 95  2  4  0  0  0
132  0   6144 5741280 3038312 166828540    0    0     0 245356 142015 40796 98  2  0  0  0  0
125  0   6144 5728124 3038312 166828560    0    0     0 265556 94592 43409 98  2  0  0  0  0
109  0   6144 5714024 3038312 166828572    0    0     0 227516 113550 41072 98  2  1  0  0  0
111  0   6144 5699592 3038312 166828592    0    0     0 319252 97476 48708 98  2  1  0  0  0
34  0   6144 5676312 3038312 166828620    0    0     0 410144 107655 50373 87  2 11  0  0  0
101  8   6144 5220768 3038312 166828648    0    0 772096 417300 456293 1323546 51 23 23  3  0  0
31  2   6144 5155012 3038312 166828668    0    0 898256 471296 292347 1496950 53 23 18  6  0  0
62 32   6144 5121880 3038312 166828700    0    0 931536 481232 286010 1493011 53 22 18  6  0  0
71  9   6144 5117320 3038312 166828724    0    0 954976 486568 297072 1519356 55 21 18  6  0  0
34  7   6144 5100112 3038312 166828736    0    0 974000 484236 285235 1435264 53 21 17  9  0  0
51 12   6144 5083932 3038312 166828760    0    0 1236416 568100 296780 1392595 59 21 13  7  0  0
83 15   6144 5088520 3038312 166828784    0    0 831392 458684 286606 1547210 51 24 20  6  0  0
84 10   6144 5086904 3038312 166828820    0    0 811136 351008 287989 1584926 53 23 20  4  0  0
43 15   6144 5092636 3038312 166828840    0    0 818608 323516 287933 1593947 53 23 19  4  0  0
75  5   6144 5097376 3038312 166828876    0    0 987872 556900 290956 1452989 54 21 16  9  0  0
72  5   6144 5097024 3038312 166828892    0    0 849152 381820 284875 1538078 53 23 19  5  0  0
23 14   6144 5100852 3038312 166828912    0    0 753248 206028 279340 1601381 52 24 21  3  0  0
54  5   6144 5099104 3038312 166828940    0    0 947488 527504 294416 1487018 53 23 17  6  0  0
procs -----------memory---------- ---swap-- -----io---- -system-- -------cpu-------
 r  b   swpd   free   buff  cache   si   so    bi    bo   in   cs us sy id wa st gu
40  2   6144 5096736 3038312 166828972    0    0 825008 508724 286312 1509877 51 23 19  7  0  0
74 14   6144 5089848 3038312 166828996    0    0 815488 509696 287828 1519265 51 23 19  7  0  0
64 11   6144 5089032 3038312 166829012    0    0 766464 341104 290686 1604049 53 24 20  4  0  0
37 13   6144 5100812 3038312 166829044    0    0 807264 503152 290402 1537040 51 24 19  6  0  0
43 11   6144 5100732 3038312 166829076    0    0 838224 536188 292554 1511638 52 23 19  7  0  0
49 23   6144 5107080 3038312 166829092    0    0 731696 446544 300644 1626948 52 24 20  4  0  0
69 64   6144 5091952 3038312 166829116    0    0 897952 564780 299503 1523072 54 23 17  6  0  0
43  5   6144 5092192 3038312 166829140    0    0 888944 544536 296646 1514457 52 24 17  6  0  0
72 20   6144 5091944 3038312 166829168    0    0 693856 459468 292830 1599918 51 25 20  3  0  0
82 57   6144 5085824 3038312 166829196    0    0 954864 766732 308316 1480319 54 23 16  7  0  0
56  5   6144 5093816 3038312 166829224    0    0 811584 444908 293634 1558167 52 25 19  4  0  0
68 24   6144 5098780 3038316 166829248    0    0 862736 626632 293663 1487347 52 23 18  7  0  0
62 10   6144 5107596 3038316 166829272    0    0 867296 610080 295754 1501170 51 22 18  8  0  0
92 13   6144 5116500 3038316 166829280    0    0 988768 630296 283213 1337488 51 20 15 15  0  0
67 11   6144 5119916 3038316 166829316    0    0 820304 602900 291430 1487241 51 23 18  8  0  0
87  4   6144 5110432 3038316 166829336    0    0 866528 585176 295329 1500910 52 24 17  6  0  0
35 82   6144 5109792 3038316 166829368    0    0 796000 528784 287991 1508972 51 23 18  8  0  0
70 10   6144 5097408 3038316 166829392    0    0 783728 424600 296429 1583387 53 24 19  4  0  0
65 20   6144 5089736 3038316 166829416    0    0 876528 610068 306176 1516333 53 23 17  7  0  0
51 78   6144 5090152 3038316 166829448    0    0 819536 531220 296472 1525942 52 24 18  6  0  0
39 95   6144 5104772 3038316 166829468    0    0 877728 573580 301366 1499932 52 23 17  8  0  0
procs -----------memory---------- ---swap-- -----io---- -system-- -------cpu-------
 r  b   swpd   free   buff  cache   si   so    bi    bo   in   cs us sy id wa st gu
48 19   6144 5109772 3038316 166829492    0    0 777952 481536 293699 1544775 52 24 19  6  0  0
60 12   6144 5091396 3038316 166829520    0    0 983392 659012 302022 1452514 53 22 16  9  0  0
52 12   6144 5083180 3038316 166829544    0    0 850784 588236 298131 1500034 52 24 17  7  0  0
52  4   6144 5080352 3038316 166829568    0    0 691776 360716 291213 1598350 51 26 20  3  0  0
38 12   6144 5072428 3038316 166829596    0    0 803152 564784 296790 1518915 52 23 18  6  0  0
98 17   6144 5069856 3038316 166829632    0    0 740352 386764 294481 1592743 52 25 20  3  0  0
65  9   6144 5083892 3038316 166829648    0    0 807024 567740 296387 1491379 51 24 18  7  0  0
43  4   6144 5085692 3038316 166829740    0    0 788944 557044 293238 1474754 52 24 18  6  0  0
28 18   6144 5083800 3038316 166829768    0    0 833728 575708 299660 1480497 53 24 17  6  0  0
57  3   6144 5074196 3038316 166829796    0    0 748144 387436 295571 1540685 52 26 19  3  0  0
77 17   6144 5077356 3038316 166829812    0    0 799920 559952 293847 1477544 52 24 18  6  0  0
56  3   6144 5070912 3038316 166829836    0    0 836816 576196 283178 1390021 50 22 17 11  0  0
71  1   6144 5070732 3038316 166829860    0    0 801280 568308 294210 1482205 52 24 18  6  0  0
87 20   6144 5078812 3038320 166829888    0    0 847632 570628 303349 1496451 54 23 17  6  0  0
39 12   6144 5083968 3038320 166829908    0    0 780496 540964 294956 1500191 51 24 18  6  0  0
65 15   6144 5070408 3038320 166829932    0    0 768208 398212 292099 1529827 53 25 18  4  0  0
57  8   6144 5067524 3038320 166829960    0    0 800016 552084 299344 1497564 52 25 18  6  0  0
74 18   6144 5067908 3038320 166829980    0    0 759024 536684 295187 1510216 51 25 18  5  0  0
42 97   6144 5070876 3038320 166830012    0    0 779952 512856 292001 1490711 51 25 18  6  0  0
53 83   6144 5066092 3038320 166830040    0    0 724272 483740 293698 1513351 50 25 19  5  0  0
74  6   6144 5079140 3038320 166830064    0    0 899936 537444 296611 1460120 54 24 17  6  0  0
procs -----------memory---------- ---swap-- -----io---- -system-- -------cpu-------
 r  b   swpd   free   buff  cache   si   so    bi    bo   in   cs us sy id wa st gu
48  8   6144 5079568 3038320 166830084    0    0 811248 558608 295037 1490480 52 24 18  7  0  0
51 78   6144 5075716 3038320 166830108    0    0 737136 513928 292978 1519544 51 25 19  5  0  0
88 12   6144 5065516 3038320 166830132    0    0 771568 425660 295565 1527959 53 25 18  4  0  0
84 17   6144 5061672 3038320 166830160    0    0 780000 554552 299246 1510533 52 24 18  6  0  0
60 17   6144 5061876 3038320 166830184    0    0 783056 559640 296224 1489296 51 25 18  6  0  0
42  5   6144 5057364 3038320 166830208    0    0 880240 598652 299321 1458467 53 23 17  7  0  0
48 12   6144 5059840 3038320 166830236    0    0 856448 591664 303872 1489356 53 24 17  6  0  0
57 60   6144 5066968 3038320 166830256    0    0 681856 421888 288335 1536616 50 26 20  4  0  0
69  6   6144 5072876 3038320 166830280    0    0 841632 539400 305743 1512713 53 23 18  6  0  0
82 31   6144 5062996 3038320 166830308    0    0 771056 583312 292244 1457591 50 24 18  8  0  0
55  5   6144 5058892 3038320 166830332    0    0 718112 384080 289537 1530442 51 26 19  4  0  0
61  9   6144 5070300 3038320 166830360    0    0 772112 549940 293967 1478433 51 24 18  6  0  0
40 11   6144 5067020 3038320 166830388    0    0 768592 548084 298117 1491469 51 25 18  6  0  0
76  4   6144 5071724 3038324 166830408    0    0 797744 562112 299960 1489654 53 24 18  5  0  0
48  9   6144 5062984 3038324 166830440    0    0 910400 606184 294219 1396585 53 22 15 10  0  0
33  8   6144 5068336 3038324 166830456    0    0 871152 592476 299956 1463115 53 23 17  7  0  0
86  6   6144 5073944 3038324 166830480    0    0 814176 564768 297371 1478992 52 24 18  7  0  0
95 33   6144 5056808 3038324 166830508    0    0 684416 382228 292744 1559848 51 26 20  3  0  0
20 62   6144 5039780 3038324 166830528    0    0 760480 557652 292177 1470883 53 24 18  6  0  0
34  8   6144 5035880 3038324 166830560    0    0 774320 438236 295337 1469177 54 25 17  4  0  0
64 15   6144 5048244 3038324 166830584    0    0 732160 528164 291673 1490123 50 25 19  6  0  0
procs -----------memory---------- ---swap-- -----io---- -system-- -------cpu-------
 r  b   swpd   free   buff  cache   si   so    bi    bo   in   cs us sy id wa st gu
25  9   6144 5041368 3038324 166830612    0    0 786208 555624 297204 1496976 52 24 18  6  0  0
39  7   6144 5043408 3038324 166830636    0    0 842288 580480 303061 1487106 53 24 17  6  0  0
47  9   6144 5061548 3038324 166830656    0    0 793056 566948 299915 1514693 51 24 18  6  0  0
95 13   6144 5047228 3038324 166830676    0    0 654464 368520 289106 1490673 53 25 19  3  0  0
60 12   6144 5037256 3038324 166830704    0    0 783600 549780 296518 1492943 51 25 18  6  0  0
57 12   6144 5043308 3038324 166830732    0    0 772608 541184 300857 1501956 52 25 18  6  0  0
32  6   6144 5044772 3038324 166830752    0    0 773424 546684 296404 1494021 52 24 18  6  0  0
51 10   6144 5036368 3038324 166830772    0    0 815136 596724 293540 1464449 52 24 17  7  0  0
81  5   6144 5027444 3038324 166830800    0    0 831200 430492 293300 1493112 54 25 17  5  0  0
59 12   6144 5033412 3038324 166830828    0    0 796048 557460 301027 1495823 52 24 18  6  0  0
76 37   6144 5033296 3038324 166830848    0    0 835008 566688 303459 1505014 53 24 18  6  0  0
51 11   6144 5029220 3038324 166830868    0    0 774096 435036 300003 1538180 53 25 19  4  0  0
51 27   6144 5034112 3038324 166830896    0    0 753136 540132 294036 1499821 51 25 19  5  0  0
51  7   6144 5031308 3038324 166830928    0    0 740448 521136 286123 1459796 49 24 18  8  0  0
65 14   6144 5026316 3038324 166830956    0    0 810048 562244 296363 1488019 52 24 18  6  0  0
89  8   6144 5033172 3038324 166830980    0    0 734944 406900 295633 1539763 52 26 19  3  0  0
54 11   6144 5022820 3038324 166831008    0    0 802496 567356 306402 1464013 51 24 18  7  0  0
83 13   6144 5030276 3038324 166831024    0    0 731328 485076 302193 1561309 53 25 19  4  0  0
27  3   6144 5025896 3038324 166831052    0    0 900384 647100 302079 1446341 54 23 16  7  0  0
37 78   6144 5031364 3038324 166831084    0    0 789712 512956 294354 1494399 52 25 18  5  0  0
56 37   6144 5030756 3038324 166831116    0    0 809616 539676 301247 1510325 53 26 17  4  0  0
procs -----------memory---------- ---swap-- -----io---- -system-- -------cpu-------
 r  b   swpd   free   buff  cache   si   so    bi    bo   in   cs us sy id wa st gu
40 91   6144 5016508 3038324 166831136    0    0 824864 530480 300354 1502924 54 24 17  5  0  0
53  5   6144 5015672 3038324 166831156    0    0 817008 520804 301198 1500224 53 24 17  6  0  0
42 12   6144 5023588 3038324 166831192    0    0 844912 567316 297990 1477685 53 24 17  5  0  0
70 29   6144 5013928 3038324 166831216    0    0 828160 559676 299609 1483025 53 25 17  6  0  0
49 10   6144 5018996 3038324 166831316    0    0 791376 546408 295048 1497732 51 24 18  6  0  0
48 82   6144 5015404 3038324 166831344    0    0 681408 488168 289444 1539768 50 26 19  4  0  0
53 53   6144 5022732 3038324 166831372    0    0 721168 467544 292113 1519530 50 25 19  5  0  0
71 16   6144 5021664 3038324 166831396    0    0 830784 534956 289036 1435796 51 23 17  9  0  0
49 79   6144 5026808 3038324 166831428    0    0 777040 548716 300521 1518288 52 25 18  4  0  0
72  3   6144 5020480 3038324 166831452    0    0 702544 401060 291900 1549432 51 26 20  3  0  0
43 24   6144 5013644 3038324 166831476    0    0 927088 618520 307249 1464531 55 23 16  6  0  0
54 11   6144 5030648 3038324 166831500    0    0 852320 563476 293870 1452007 53 23 16  8  0  0
64 13   6144 5030616 3038324 166831520    0    0 716800 410168 295790 1566149 51 26 19  3  0  0
58  1   6144 5018340 3038324 166831548    0    0 717120 509720 290822 1512500 51 25 19  5  0  0
61 10   6144 5017160 3038324 166831572    0    0 821680 600608 299093 1492981 53 24 18  6  0  0
89 55   6144 5016184 3038324 166831596    0    0 675792 404856 293881 1571641 51 26 20  3  0  0
66  5   6144 5013600 3038324 166831624    0    0 744224 516164 293241 1499490 50 24 19  7  0  0
80  9   6144 5003664 3038324 166831648    0    0 789568 545944 296747 1489525 51 24 18  6  0  0
44  9   6144 5005292 3038324 166831672    0    0 717216 519216 301160 1516193 51 25 19  5  0  0
71  8   6144 5014028 3038324 166831688    0    0 818096 571272 303305 1525837 53 23 18  6  0  0
80  2   6144 5007476 3038324 166831716    0    0 753088 535116 291852 1510478 51 25 19  5  0  0
procs -----------memory---------- ---swap-- -----io---- -system-- -------cpu-------
 r  b   swpd   free   buff  cache   si   so    bi    bo   in   cs us sy id wa st gu
68 69   6144 5007180 3038324 166831744    0    0 775872 538804 291665 1503549 51 25 18  6  0  0
54 70   6144 5008176 3038324 166831768    0    0 706960 450476 292487 1512847 53 25 19  4  0  0
58 18   6144 5003100 3038324 166831800    0    0 771760 503520 291430 1515503 51 25 18  5  0  0
67 65   6144 5019164 3038324 166831820    0    0 776896 545900 291514 1492570 52 24 18  6  0  0
48 17   6144 5012168 3038324 166831840    0    0 757872 459344 294321 1526848 52 26 18  4  0  0
52  7   6144 5009268 3038324 166831864    0    0 755168 501264 296409 1534218 52 24 19  5  0  0
81 11   6144 5004196 3038324 166831884    0    0 873872 576272 291500 1433396 52 22 16  9  0  0
59 14   6144 5003672 3038324 166831916    0    0 750544 532860 293245 1505075 51 25 19  6  0  0
85 31   6144 5012708 3038324 166831936    0    0 837872 572876 297982 1481734 53 24 17  6  0  0
67 12   6144 5011108 3038324 166831972    0    0 751120 524928 294209 1508944 52 25 18  5  0  0
59 21   6144 5011276 3038324 166831996    0    0 815360 553580 288966 1450890 52 23 17  8  0  0
53 64   6144 5014552 3038324 166832020    0    0 767696 520856 293722 1502897 52 24 18  5  0  0
78  7   6144 5014820 3038324 166832048    0    0 736608 425724 295827 1545363 52 26 19  4  0  0
44 10   6144 5032352 3038324 166832064    0    0 803728 588464 297379 1509558 52 24 18  6  0  0
50  6   6144 5019012 3038324 166832088    0    0 881728 584088 298015 1467923 54 24 16  6  0  0
48 20   6144 5017372 3038324 166832112    0    0 794208 546608 295962 1502248 52 24 18  6  0  0
62  5   6144 5018832 3038324 166832140    0    0 745680 520488 295400 1518204 51 25 19  5  0  0
64  6   6144 5019400 3038324 166832172    0    0 666288 376608 288794 1555108 50 26 20  3  0  0
64  9   6144 5007392 3038324 166832192    0    0 846832 571508 299074 1491006 53 24 17  5  0  0
35  9   6144 5007840 3038324 166832216    0    0 752352 533264 304370 1511506 51 25 19  6  0  0
52 17   6144 5013972 3038324 166832244    0    0 868448 577320 300525 1489192 54 24 17  6  0  0
procs -----------memory---------- ---swap-- -----io---- -system-- -------cpu-------
 r  b   swpd   free   buff  cache   si   so    bi    bo   in   cs us sy id wa st gu
61  8   6144 5010856 3038324 166832264    0    0 775440 476704 296238 1543118 53 25 18  4  0  0
45  6   6144 5013420 3038324 166832284    0    0 899792 586172 300672 1467649 55 24 16  5  0  0
42  7   6144 4998756 3038324 166832316    0    0 759136 535892 297883 1511581 51 25 18  6  0  0
34  3   6144 5005224 3038324 166832344    0    0 722544 414136 293852 1555510 52 25 19  3  0  0
65  7   6144 5003688 3038324 166832368    0    0 770272 529384 293571 1505344 52 25 18  5  0  0
91 13   6144 4998612 3038324 166832392    0    0 871808 584596 299400 1459035 53 24 17  6  0  0
81  6   6144 5003568 3038324 166832420    0    0 663344 385748 290939 1561304 51 26 20  3  0  0
51 14   6144 5013704 3038324 166832440    0    0 770656 538956 299069 1523505 52 24 19  5  0  0
80 13   6144 5010188 3038324 166832464    0    0 785728 545068 298047 1509697 52 25 18  5  0  0
51 19   6144 5004184 3038324 166832488    0    0 756272 537120 289003 1482225 50 25 18  7  0  0
64 11   6144 5005248 3038324 166832508    0    0 866400 496672 298396 1479242 54 23 17  6  0  0
56 10   6144 5002660 3038324 166832536    0    0 778144 543752 292553 1492068 51 25 18  6  0  0
34 12   6144 5001464 3038324 166832564    0    0 804800 449340 296004 1523752 53 25 18  4  0  0
22  1   6144 4999928 3038324 166832592    0    0 835760 568184 299714 1476437 53 24 17  6  0  0
72 19   6144 4998756 3038324 166832616    0    0 893536 604640 303119 1472821 54 23 17  6  0  0
70 14   6144 5003516 3038324 166832628    0    0 677392 395800 294589 1587308 51 27 20  3  0  0
65 17   6144 5000376 3038324 166832656    0    0 738288 528296 294831 1518971 51 25 19  5  0  0
43  8   6144 4995640 3038324 166832688    0    0 725968 522608 293141 1527979 50 26 19  5  0  0
67 15   6144 4998628 3038324 166832712    0    0 732080 524212 295824 1519197 50 25 19  5  0  0
74  7   6144 4991608 3038324 166832740    0    0 761968 546164 297812 1518055 52 25 18  4  0  0
41 13   6144 4995284 3038324 166832768    0    0 699552 422600 292140 1561128 51 26 19  3  0  0
procs -----------memory---------- ---swap-- -----io---- -system-- -------cpu-------
 r  b   swpd   free   buff  cache   si   so    bi    bo   in   cs us sy id wa st gu
45 11   6144 4996316 3038324 166832796    0    0 782656 550292 296070 1505082 52 24 18  5  0  0
62  5   6144 5002516 3038324 166832888    0    0 730960 518896 291475 1518787 50 25 19  6  0  0
47  8   6144 5004932 3038324 166832900    0    0 770512 541040 300792 1527026 52 25 18  5  0  0
91  6   6144 5007172 3038324 166832928    0    0 731280 415656 295653 1550977 52 25 19  3  0  0
52 12   6144 5001400 3038324 166832952    0    0 907296 592116 290123 1393613 52 22 15 10  0  0
59  6   6144 4996636 3038324 166832980    0    0 766416 540272 299667 1513081 52 25 18  6  0  0
54  6   6144 4993892 3038324 166833004    0    0 725632 416548 297228 1558192 52 25 19  4  0  0
38 11   6144 4995196 3038324 166833032    0    0 761792 535540 297562 1512179 52 25 18  5  0  0
73 36   6144 4999836 3038324 166833052    0    0 732848 550636 294640 1514550 50 26 19  5  0  0
72  4   6144 5005980 3038324 166833068    0    0 989344 628152 298677 1411499 55 22 14  9  0  0
80  3   6144 4998768 3038324 166833096    0    0 729808 512020 294806 1520037 51 25 19  5  0  0
99  6   6144 4990012 3038324 166833120    0    0 776384 538948 296511 1508990 52 25 18  5  0  0
43  6   6144 4992164 3038324 166833152    0    0 735488 422372 294293 1543355 52 26 19  3  0  0
41  4   6144 4988056 3038324 166833176    0    0 722464 514556 293442 1515166 51 25 19  5  0  0
91 12   6144 4980628 3038324 166833208    0    0 776064 546412 298733 1513736 52 25 18  6  0  0
58  7   6144 4993304 3038324 166833236    0    0 704848 403424 291595 1555145 51 26 19  3  0  0
61 16   6144 4991500 3038324 166833248    0    0 741328 525840 299648 1538198 51 25 19  5  0  0
55 17   6144 4986888 3038324 166833272    0    0 749840 521812 296471 1517056 51 25 19  5  0  0
56 17   6144 4985848 3038324 166833300    0    0 740464 563456 294441 1508260 51 25 19  5  0  0
80 29   6144 4982772 3038324 166833324    0    0 732992 424912 294914 1548963 52 26 19  3  0  0
40 10   6144 4988192 3038324 166833352    0    0 808944 557316 304325 1515683 53 25 17  5  0  0
procs -----------memory---------- ---swap-- -----io---- -system-- -------cpu-------
 r  b   swpd   free   buff  cache   si   so    bi    bo   in   cs us sy id wa st gu
66  5   6144 4982196 3038324 166833376    0    0 749360 529964 296047 1506519 51 25 18  5  0  0
78 12   6144 4982240 3038324 166833404    0    0 692752 406224 292849 1560409 52 25 20  3  0  0
43 10   6144 4987984 3038324 166833424    0    0 776656 547892 298770 1505787 51 24 18  6  0  0
71 24   6144 4998912 3038324 166833444    0    0 669840 393740 294645 1584228 51 26 20  3  0  0
79  7   6144 4992804 3038324 166833472    0    0 964560 616816 291609 1376468 54 22 15  9  0  0
38 13   6144 4985900 3038324 166833496    0    0 752112 527820 292402 1510449 51 25 19  5  0  0
73  7   6144 4980020 3038324 166833528    0    0 806224 552868 296242 1494093 53 24 17  5  0  0
30 102   6144 4982364 3038324 166833552    0    0 711600 460856 292407 1542421 51 26 19  4  0  0
66 31   6144 4990044 3038324 166833580    0    0 770256 489152 295492 1512630 52 25 18  5  0  0
37 11   6144 4985836 3038324 166833600    0    0 804640 551184 294077 1468882 52 23 18  8  0  0
93 10   6144 4990052 3038324 166833628    0    0 839312 573832 304295 1506589 54 24 17  5  0  0
41 11   6144 4992900 3038324 166833652    0    0 736720 520136 296978 1532735 51 25 19  5  0  0
37 79   6144 4993144 3038324 166833672    0    0 732080 456820 295901 1537096 51 26 19  4  0  0
41 12   6144 4995384 3038324 166833700    0    0 825840 525932 296738 1486254 53 24 17  6  0  0
72  8   6144 4987208 3038324 166833728    0    0 714208 513924 293839 1529389 51 25 19  4  0  0
42  9   6144 4985660 3038324 166833752    0    0 639072 390492 292618 1567686 50 27 20  3  0  0
42 38   6144 4979624 3038324 166833784    0    0 729712 538884 295173 1517153 51 25 19  5  0  0
72  6   6144 4982508 3038324 166833808    0    0 691344 501964 292635 1524336 50 26 19  5  0  0
45 13   6144 4995044 3038324 166833832    0    0 801472 554648 316611 1526381 53 24 18  5  0  0
21  9   6144 4994868 3038324 166833848    0    0 697600 502932 292940 1528551 51 26 19  4  0  0
48 13   6144 4991928 3038324 166833872    0    0 784256 541560 299435 1504259 52 25 18  5  0  0
procs -----------memory---------- ---swap-- -----io---- -system-- -------cpu-------
 r  b   swpd   free   buff  cache   si   so    bi    bo   in   cs us sy id wa st gu
59 15   6144 4982872 3038324 166833896    0    0 856384 584360 301779 1484392 53 24 17  6  0  0
46  8   6144 4989632 3038324 166833924    0    0 686784 400004 291221 1550048 51 26 20  3  0  0
35  8   6144 4983288 3038324 166833948    0    0 726400 514912 294651 1526061 51 25 19  5  0  0
77 17   6144 4977772 3038324 166833972    0    0 731648 509112 286381 1473805 49 25 19  8  0  0
79 22   6144 4991248 3038324 166833996    0    0 733568 513816 300272 1527013 52 25 19  5  0  0
56  8   6144 5004484 3038324 166834012    0    0 861360 607980 297246 1472655 53 24 17  7  0  0
49 88   6144 4979964 3038324 166834040    0    0 715296 464832 294123 1538618 51 26 19  4  0  0
72 65   6144 4975488 3038324 166834072    0    0 730144 477972 296434 1522637 51 25 19  5  0  0
96  8   6144 4977128 3038324 166834096    0    0 781360 521492 289767 1470735 51 24 18  7  0  0
38  9   6144 4983348 3038324 166834120    0    0 763456 528632 294321 1502159 52 25 18  5  0  0
44  5   6144 4977780 3038324 166834148    0    0 706784 507100 291244 1518596 51 25 19  5  0  0
38  6   6144 4986872 3038324 166834184    0    0 696224 461504 299280 1560634 51 26 19  3  0  0
74  9   6144 5003376 3038324 166834200    0    0 767776 535160 303455 1541076 52 24 19  5  0  0
51  5   6144 4987668 3038324 166834224    0    0 753008 485776 297207 1532834 51 25 19  4  0  0
65  6   6144 4985268 3038324 166834240    0    0 732656 520704 294382 1519979 51 25 19  5  0  0
108  7   6144 4985260 3038324 166834268    0    0 681360 506684 289707 1530435 50 26 20  5  0  0
65  9   6144 4984448 3038324 166834292    0    0 800320 563440 297662 1509777 53 24 18  5  0  0
61 16   6144 4985196 3038324 166834320    0    0 737840 518952 293075 1517164 51 25 19  5  0  0
72 10   6144 4987692 3038324 166834348    0    0 646848 381480 291678 1573569 50 27 20  3  0  0
70  9   6144 4989160 3038324 166834428    0    0 790528 548508 296623 1518396 52 24 18  5  0  0
60  8   6144 4989708 3038324 166834448    0    0 781360 541868 298186 1512543 52 24 18  6  0  0
procs -----------memory---------- ---swap-- -----io---- -system-- -------cpu-------
 r  b   swpd   free   buff  cache   si   so    bi    bo   in   cs us sy id wa st gu
80 11   6144 4984216 3038324 166834488    0    0 778000 539852 300724 1512675 52 25 18  6  0  0
57 11   6144 4976076 3038324 166834512    0    0 821776 561444 299836 1494727 53 24 17  6  0  0
49  6   6144 4984068 3038324 166834536    0    0 801040 539692 293899 1471685 52 24 17  7  0  0
47  8   6144 4981152 3038324 166834560    0    0 740768 524008 297188 1517471 51 25 18  5  0  0
42 14   6144 4984848 3038324 166834592    0    0 733968 448768 296514 1549269 52 26 19  3  0  0
84 17   6144 4983552 3038324 166834620    0    0 700240 499732 290303 1519339 50 26 19  5  0  0
36  8   6144 4991240 3038324 166834632    0    0 743696 421684 297507 1558164 53 25 19  4  0  0
58 12   6144 4995892 3038324 166834656    0    0 864848 574500 298577 1452431 53 23 16  8  0  0
44  7   6144 4991552 3038324 166834680    0    0 744768 516444 296036 1511934 51 25 18  5  0  0
88 10   6144 4989080 3038324 166834708    0    0 749648 524876 294431 1502215 51 25 18  6  0  0
83 14   6144 4991336 3038324 166834736    0    0 787456 546504 297338 1494876 51 25 18  6  0  0
62 15   6144 4984888 3038324 166834764    0    0 825136 565144 302532 1495392 53 24 17  6  0  0
57 78   6144 4981852 3038324 166834784    0    0 750112 505972 298077 1521824 51 25 19  5  0  0
56 79   6144 4981136 3038324 166834812    0    0 815824 512044 303420 1520585 54 24 18  4  0  0
61 10   6144 4983520 3038324 166834832    0    0 804064 541632 302231 1521696 53 25 18  5  0  0
44  7   6144 4977104 3038324 166834860    0    0 728208 515148 294777 1519255 51 25 19  5  0  0
77 10   6144 4970180 3038324 166834884    0    0 731728 421976 299532 1557013 52 26 19  3  0  0
75  5   6144 4973528 3038324 166834912    0    0 746960 521604 294189 1510377 51 25 19  5  0  0
46 87   6144 4975776 3038324 166834940    0    0 770384 447084 299648 1543154 53 25 19  4  0  0
79 59   6144 4976068 3038324 166834960    0    0 775984 536828 299158 1512700 52 25 18  5  0  0
105  3   6144 4971968 3038324 166834980    0    0 680528 441452 291761 1558457 50 26 20  3  0  0
procs -----------memory---------- ---swap-- -----io---- -system-- -------cpu-------
 r  b   swpd   free   buff  cache   si   so    bi    bo   in   cs us sy id wa st gu
75  4   6144 4981152 3038324 166835004    0    0 779024 590200 301414 1517586 52 25 18  5  0  0
59 11   6144 4977332 3038324 166835028    0    0 754880 521364 294686 1516446 52 25 18  5  0  0
56  5   6144 4972196 3038324 166835052    0    0 752320 525312 296028 1513646 51 25 18  6  0  0
44 78   6144 4978268 3038324 166835080    0    0 703264 494320 287676 1529640 50 26 19  5  0  0
29 16   6144 4977456 3038324 166835104    0    0 733664 460172 300122 1537739 51 25 19  4  0  0
47  6   6144 4974216 3038324 166835136    0    0 732768 516956 294042 1517207 51 25 19  5  0  0
40 98   6144 4969092 3038328 166835160    0    0 726480 481876 294824 1529460 51 26 19  5  0  0
79  5   6144 4978328 3038328 166835188    0    0 807776 581248 297120 1485342 51 24 18  7  0  0
84 13   6144 4986340 3038328 166835200    0    0 726752 469648 299838 1583471 52 25 19  4  0  0
82  3   6144 4985852 3038328 166835228    0    0 665040 386896 292449 1575114 50 26 20  3  0  0
60 11   6144 4972988 3038328 166835256    0    0 864256 627032 313573 1471296 53 24 17  6  0  0
46 19   6144 4967092 3038328 166835280    0    0 664400 418372 291744 1565429 50 26 20  3  0  0
36  2   6144 4974244 3038328 166835308    0    0 835120 536924 300027 1501538 53 24 18  5  0  0
75 10   6144 4972088 3038328 166835332    0    0 748272 540896 293658 1517670 52 25 19  5  0  0
59  7   6144 4963372 3038328 166835356    0    0 693488 406284 291853 1563325 51 26 20  3  0  0
59  7   6144 4982636 3038328 166835380    0    0 727744 515856 294188 1533749 51 25 19  5  0  0
67  9   6144 4975568 3038328 166835408    0    0 732640 514792 294678 1530546 51 25 19  5  0  0
97 20   6144 4967996 3038328 166835428    0    0 857568 582424 304245 1485883 54 24 17  6  0  0
34  9   6144 4962756 3038328 166835456    0    0 736464 518300 297432 1519739 51 25 19  5  0  0
53  6   6144 4954464 3038328 166835480    0    0 799312 546496 297865 1494300 52 25 18  5  0  0
37  9   6144 4960208 3038328 166835508    0    0 735200 425080 297608 1548503 52 25 19  3  0  0
procs -----------memory---------- ---swap-- -----io---- -system-- -------cpu-------
 r  b   swpd   free   buff  cache   si   so    bi    bo   in   cs us sy id wa st gu
39  5   6144 4962872 3038328 166835536    0    0 799168 554072 297708 1487477 52 24 18  6  0  0
67  6   6144 4964860 3038328 166835564    0    0 934944 621964 298358 1427267 54 22 16  8  0  0
46 13   6144 4972084 3038328 166835580    0    0 740704 518292 297269 1527188 51 24 19  6  0  0
62  5   6144 4965856 3038328 166835596    0    0 779760 537704 296971 1503562 52 25 18  5  0  0
62 11   6144 4971228 3038328 166835624    0    0 791264 544276 295429 1497535 52 24 18  6  0  0
60 17   6144 4968840 3038328 166835652    0    0 748016 528596 302557 1498000 50 25 18  6  0  0
72 70   6144 4976836 3038328 166835676    0    0 1011712 639460 302493 1410719 56 23 14  7  0  0
70 73   6144 4970504 3038328 166835700    0    0 739520 427412 298120 1551947 52 25 19  4  0  0
52  3   6144 4960972 3038328 166835728    0    0 739136 520016 294805 1519403 52 25 19  5  0  0
48 10   6144 4982492 3038328 166835760    0    0 779936 541200 297463 1513277 52 24 18  6  0  0
51  7   6144 4985416 3038328 166835772    0    0 719424 548772 300537 1516393 49 25 19  6  0  0
30  3   6144 4974412 3038328 166835800    0    0 682896 407688 295429 1567944 51 26 20  3  0  0
64 10   6144 4966824 3038328 166835828    0    0 772624 527804 298562 1515253 51 25 18  6  0  0
67 10   6144 4960724 3038328 166835848    0    0 759120 528656 305406 1525388 51 25 19  5  0  0
87  9   6144 4962072 3038328 166835876    0    0 881408 587536 302715 1481918 54 24 17  6  0  0
92 11   6144 4965848 3038328 166835908    0    0 754384 528284 294941 1511996 51 26 18  5  0  0
81 18   6144 4968664 3038328 166835996    0    0 668672 441604 294742 1569282 51 27 20  3  0  0
65  7   6144 4969848 3038328 166836008    0    0 728560 520188 296639 1544671 51 25 19  4  0  0
50  7   6144 4971472 3038328 166836032    0    0 825632 601388 298900 1474462 52 24 18  6  0  0
72  8   6144 4961184 3038328 166836064    0    0 790304 543700 296936 1504080 52 24 18  6  0  0
54  9   6144 4968764 3038328 166836096    0    0 814096 582056 293930 1456671 51 24 17  8  0  0
procs -----------memory---------- ---swap-- -----io---- -system-- -------cpu-------
 r  b   swpd   free   buff  cache   si   so    bi    bo   in   cs us sy id wa st gu
69 11   6144 4962112 3038328 166836120    0    0 748592 514808 291517 1502014 51 25 18  6  0  0
75 21   6144 4962996 3038328 166836144    0    0 717984 498800 294339 1524580 50 26 19  5  0  0
79 53   6144 4961608 3038328 166836176    0    0 694672 431920 293139 1553793 51 26 20  3  0  0
60 13   6144 4962448 3038328 166836196    0    0 923264 578380 307527 1487385 55 23 16  6  0  0
36 11   6144 4962436 3038328 166836216    0    0 784016 524716 292896 1510091 52 24 18  6  0  0
38  5   6144 4959272 3038328 166836244    0    0 765840 526036 293938 1505066 51 25 18  6  0  0
60 48   6144 4955776 3038328 166836272    0    0 778016 540052 297143 1510983 52 25 18  5  0  0
43 94   6144 4954748 3038328 166836296    0    0 843744 545924 296804 1482666 53 24 17  6  0  0
52  2   6144 4953500 3038328 166836320    0    0 684032 420912 290642 1543358 51 26 20  4  0  0
78  9   6144 4955060 3038328 166836348    0    0 732320 543648 295134 1507700 51 25 19  6  0  0
100 14   6144 4949444 3038328 166836376    0    0 770208 530124 296801 1517174 52 25 18  4  0  0
50  7   6144 4953920 3038328 166836392    0    0 774512 533516 301188 1524502 52 24 18  6  0  0
71  7   6144 4944764 3038328 166836416    0    0 777504 542516 300506 1519910 52 24 18  5  0  0
68  4   6144 4941340 3038328 166836444    0    0 740272 516232 298506 1524859 51 25 19  5  0  0
25  9   6144 4946108 3038328 166836472    0    0 672672 386336 291791 1562919 50 27 20  3  0  0
75 19   6144 4943316 3038328 166836496    0    0 856496 576068 302614 1488797 53 23 17  6  0  0
68  9   6144 4943184 3038328 166836520    0    0 761936 441048 298700 1543624 53 25 19  4  0  0
49  5   6144 4939556 3038328 166836548    0    0 810464 555276 299255 1502215 52 25 18  5  0  0
111 24   6144 4948276 3038328 166836568    0    0 807472 582688 296105 1490301 52 24 17  6  0  0
64  7   6144 4962612 3038328 166836588    0    0 837280 551028 290681 1454142 52 23 17  8  0  0
111 18   6144 4945432 3038328 166836612    0    0 739232 518168 294173 1509311 51 25 19  6  0  0
procs -----------memory---------- ---swap-- -----io---- -system-- -------cpu-------
 r  b   swpd   free   buff  cache   si   so    bi    bo   in   cs us sy id wa st gu
88  7   6144 4944744 3038328 166836632    0    0 689136 401968 293763 1558659 51 26 20  3  0  0
73  2   6144 4941508 3038328 166836664    0    0 755792 524364 293431 1507540 51 25 19  5  0  0
65 18   6144 4942040 3038328 166836692    0    0 825184 560528 299999 1489724 53 24 18  6  0  0
35  7   6144 4943652 3038328 166836720    0    0 797632 552396 299847 1515812 52 24 18  5  0  0
106  3   6144 4943084 3038328 166836744    0    0 726784 405796 287855 1529145 52 25 19  4  0  0
47  5   6144 4953508 3038328 166836768    0    0 843696 571736 300800 1499167 53 24 17  6  0  0
100 13   6144 4943140 3038328 166836788    0    0 738048 515916 296839 1533337 52 25 19  5  0  0
81  8   6144 4947816 3038328 166836812    0    0 778768 571472 291959 1474053 51 24 18  7  0  0
40  3   6144 4942684 3038328 166836836    0    0 708208 415420 295182 1554816 52 26 19  3  0  0
57 17   6144 4946636 3038328 166836868    0    0 727216 511720 293994 1516943 51 25 19  5  0  0
70  8   6144 4950236 3038328 166836888    0    0 816864 558472 296471 1487427 53 24 18  6  0  0
59 14   6144 4948040 3038328 166836924    0    0 750128 526292 294201 1503122 51 25 19  5  0  0
34  5   6144 4948572 3038328 166836948    0    0 788272 547692 300336 1514357 52 25 18  5  0  0
50  7   6144 4957728 3038332 166836956    0    0 770112 530840 303348 1537683 52 24 18  5  0  0
56 10   6144 4945788 3038332 166836984    0    0 729744 422248 294797 1548717 52 26 19  3  0  0
72 17   6144 4943200 3038332 166837012    0    0 810176 557548 304973 1517350 53 24 18  5  0  0
100 11   6144 4942504 3038332 166837036    0    0 806912 552548 302791 1507938 53 24 17  5  0  0
114 12   6144 4947520 3038332 166837064    0    0 745616 559284 293980 1506943 51 25 19  6  0  0
77 16   6144 4947216 3038332 166837084    0    0 973296 617276 295016 1397146 55 22 14  9  0  0
71 12   6144 4953052 3038332 166837116    0    0 752272 530996 290526 1494187 51 24 19  6  0  0
40  3   6144 4967596 3038332 166837140    0    0 668592 396320 290582 1567491 51 26 20  3  0  0
procs -----------memory---------- ---swap-- -----io---- -system-- -------cpu-------
 r  b   swpd   free   buff  cache   si   so    bi    bo   in   cs us sy id wa st gu
71  6   6144 4967768 3038332 166837156    0    0 757136 533704 295669 1519554 51 25 18  5  0  0
91 13   6144 4953436 3038332 166837184    0    0 686336 406800 294019 1560210 51 26 20  3  0  0
89 11   6144 4951372 3038332 166837208    0    0 750816 530672 297451 1513920 52 25 19  5  0  0
104 37   6144 4943444 3038332 166837236    0    0 1111664 683808 304063 1364334 57 22 13  8  0  0
69 14   6144 4948296 3038332 166837264    0    0 766944 526920 296565 1510183 52 25 18  5  0  0
53 18   6144 4943544 3038332 166837296    0    0 755152 438152 300293 1546055 52 25 19  4  0  0
42  4   6144 4943016 3038332 166837316    0    0 791040 552668 295970 1497350 52 25 18  6  0  0
55  5   6144 4957704 3038332 166837336    0    0 797904 559740 301823 1508736 52 24 18  6  0  0
41  5   6144 4949772 3038332 166837364    0    0 712672 513936 293071 1528586 50 26 19  5  0  0
63 15   6144 4942184 3038332 166837388    0    0 775184 539132 296978 1505927 51 25 18  5  0  0
49 13   6144 4944096 3038332 166837416    0    0 745552 526172 296133 1515769 51 25 19  5  0  0
68  9   6144 4934572 3038332 166837432    0    0 692848 412248 296733 1560320 51 26 20  3  0  0
96 17   6144 4939884 3038332 166837460    0    0 704608 502436 291411 1514147 50 26 19  5  0  0
67  9   6144 4933412 3038332 166837560    0    0 734080 428036 295848 1541954 51 26 19  3  0  0
47  2   6144 4946420 3038332 166837580    0    0 691888 501024 292735 1531848 50 26 19  5  0  0
38  8   6144 4946460 3038332 166837600    0    0 757232 568100 295534 1506321 50 24 19  7  0  0
43 11   6144 4939684 3038332 166837628    0    0 791696 554456 301036 1497843 52 24 18  6  0  0
64  9   6144 4933624 3038336 166837652    0    0 640224 383044 287695 1560976 50 26 21  3  0  0
50  5   6144 4931948 3038336 166837684    0    0 783136 526344 293596 1474962 52 24 17  7  0  0
65 13   6144 4929568 3038336 166837704    0    0 804336 556456 298524 1479997 52 24 18  6  0  0
114 19   6144 4939320 3038336 166837732    0    0 738400 520848 296919 1517617 51 26 19  5  0  0
procs -----------memory---------- ---swap-- -----io---- -system-- -------cpu-------
 r  b   swpd   free   buff  cache   si   so    bi    bo   in   cs us sy id wa st gu
35 80   6144 4942816 3038336 166837756    0    0 758224 493752 296841 1525826 52 25 18  5  0  0
54 17   6144 4950604 3038336 166837788    0    0 823648 510224 303265 1527074 54 23 18  5  0  0
51  7   6144 4954440 3038336 166837812    0    0 689456 500892 292094 1532306 50 26 20  5  0  0
52  7   6144 4940468 3038336 166837840    0    0 746144 509616 292562 1488873 52 25 17  5  0  0
51 12   6144 4943588 3038336 166837864    0    0 771152 570104 298704 1518421 52 25 18  5  0  0
74  5   6144 4932884 3038336 166837888    0    0 661328 392616 289843 1560764 50 27 20  3  0  0
70  4   6144 4935864 3038336 166837920    0    0 735184 519628 294210 1508814 51 25 18  6  0  0
45  8   6144 4930724 3038336 166837940    0    0 748624 531740 296883 1510489 51 24 19  5  0  0
43 16   6144 4934420 3038336 166837968    0    0 704944 420276 297475 1564205 51 26 20  3  0  0
64  9   6144 4931836 3038336 166837984    0    0 780464 547612 299448 1522512 52 24 18  5  0  0
113 15   6144 4940644 3038336 166838012    0    0 734672 522948 297393 1526556 51 25 19  5  0  0
60  6   6144 4934752 3038336 166838032    0    0 755312 528028 298407 1516491 52 24 18  5  0  0
67 12   6144 5018480 3038336 166838056    0    0 711920 502796 294654 1520533 51 25 19  5  0  0
39 14   6144 5002536 3038336 166838084    0    0 704240 497420 293461 1534437 51 25 19  5  0  0
43 12   6144 4996340 3038336 166838112    0    0 728624 546212 295427 1503694 50 25 19  6  0  0
39 10   6144 4983496 3038336 166838136    0    0 737712 433676 296960 1547548 52 25 19  4  0  0
78  8   6144 5004828 3038336 166838156    0    0 746832 523644 299769 1529975 52 24 19  6  0  0
65  6   6144 5007720 3038336 166838180    0    0 749904 517188 292614 1489325 51 24 18  7  0  0
42 15   6144 4998268 3038336 166838208    0    0 849008 570400 298875 1485310 54 25 17  5  0  0
87  8   6144 4989224 3038336 166838232    0    0 719120 414272 292846 1551171 52 26 19  4  0  0
52 20   6144 4977964 3038336 166838264    0    0 767840 514248 284792 1454273 51 24 17  8  0  0
procs -----------memory---------- ---swap-- -----io---- -system-- -------cpu-------
 r  b   swpd   free   buff  cache   si   so    bi    bo   in   cs us sy id wa st gu
77 28   6144 4970952 3038336 166838288    0    0 956560 606164 295301 1391234 54 23 15  9  0  0
91 12   6144 4977476 3038336 166838312    0    0 821696 539640 290876 1447630 52 23 17  8  0  0
69  8   6144 4963200 3038336 166838344    0    0 712912 441392 289472 1525087 51 26 18  5  0  0
59 10   6144 4977800 3038336 166838348    0    0 756448 499420 291949 1497201 51 24 18  7  0  0
58 17   6144 4967348 3038336 166838380    0    0 737120 506616 290211 1480645 50 24 18  7  0  0
54  1   6144 4960528 3038336 166838400    0    0 957280 615096 299052 1407603 54 23 15  9  0  0
67  5   6144 4957604 3038336 166838428    0    0 859808 565740 291134 1416585 52 24 16  8  0  0
51 11   6144 4963840 3038336 166838456    0    0 658784 389968 292059 1561801 50 27 20  3  0  0
66  9   6144 4958960 3038336 166838480    0    0 769536 535264 295758 1489269 51 24 18  6  0  0
44  9   6144 4961180 3038336 166838508    0    0 670784 398960 293450 1556445 50 27 20  3  0  0
55  8   6144 4966648 3038336 166838532    0    0 826560 564888 306795 1505060 53 24 17  6  0  0
56 17   6144 4965960 3038336 166838552    0    0 827424 570688 302047 1492658 52 24 18  6  0  0
65 63   6144 4957800 3038336 166838580    0    0 742864 488024 297419 1543109 52 25 18  4  0  0
47  9   6144 4958452 3038336 166838612    0    0 801952 529724 299483 1501226 53 24 17  6  0  0
44  8   6144 4951780 3038336 166838640    0    0 755712 531940 295332 1495701 51 24 18  6  0  0
51  4   6144 4954472 3038336 166838664    0    0 791536 453872 300190 1527667 53 26 18  4  0  0
49 10   6144 4969764 3038336 166838684    0    0 834304 555748 296232 1438890 53 24 16  7  0  0
59  2   6144 4971268 3038336 166838712    0    0 844544 574748 299705 1478648 53 24 17  6  0  0
75 12   6144 4984472 3038336 166838736    0    0 825584 565000 300260 1503018 52 24 17  7  0  0
55 12   6144 4973984 3038336 166838756    0    0 720992 429188 299337 1556027 52 25 19  4  0  0
71 21   6144 4975864 3038336 166838780    0    0 847232 574300 298466 1483736 53 24 17  6  0  0
procs -----------memory---------- ---swap-- -----io---- -system-- -------cpu-------
 r  b   swpd   free   buff  cache   si   so    bi    bo   in   cs us sy id wa st gu
42 71   6144 4975376 3038336 166838808    0    0 710464 483840 291849 1524100 51 25 19  5  0  0
51  7   6144 4977184 3038336 166838832    0    0 789328 513832 299374 1516014 53 25 18  5  0  0
57  8   6144 4988236 3038336 166838864    0    0 649680 434068 292006 1566261 50 27 20  3  0  0
24  7   6144 4974396 3038336 166838888    0    0 760080 491636 297745 1526902 52 25 18  5  0  0
69 14   6144 4980008 3038336 166838912    0    0 744368 526180 298389 1534654 51 25 18  5  0  0
41  2   6144 4983748 3038336 166838928    0    0 856640 586948 295279 1451117 52 23 17  8  0  0
51  8   6144 5001776 3038336 166838956    0    0 757072 529772 292442 1495821 51 24 18  6  0  0
79 13   6144 4984340 3038336 166838988    0    0 724448 519944 291689 1502844 51 25 19  6  0  0
60  8   6144 4975580 3038336 166839004    0    0 813584 567768 295449 1482628 52 25 17  6  0  0
37 86   6144 4966504 3038336 166839028    0    0 700368 459268 293167 1541431 50 26 20  4  0  0
59  6   6144 4964180 3038336 166839140    0    0 770624 491764 298353 1509834 52 25 18  5  0  0
44 10   6144 4970540 3038336 166839168    0    0 757600 535216 297999 1512076 52 25 18  6  0  0
31  3   6144 4991988 3038336 166839192    0    0 821872 564764 300725 1503430 52 24 18  7  0  0
68 20   6144 4975800 3038336 166839216    0    0 732704 521308 292891 1506492 50 25 19  6  0  0
52  3   6144 4996496 3038340 166839240    0    0 687152 407788 293880 1561153 51 26 20  3  0  0
94  6   6144 4980352 3038340 166839268    0    0 845120 563528 292278 1445981 53 24 16  7  0  0
18  1   6144 4979496 3038340 166839292    0    0 687504 495328 288713 1509455 49 26 19  6  0  0
72  5   6144 4973780 3038340 166839320    0    0 755616 525052 293725 1489023 51 25 18  6  0  0
77 28   6144 4974980 3038340 166839344    0    0 827152 490040 304741 1525211 54 24 17  4  0  0
75 19   6144 4972724 3038340 166839364    0    0 780816 542772 298356 1516007 52 24 18  6  0  0
61 78   6144 4978752 3038340 166839392    0    0 857776 613076 303980 1496851 53 23 17  7  0  0
procs -----------memory---------- ---swap-- -----io---- -system-- -------cpu-------
 r  b   swpd   free   buff  cache   si   so    bi    bo   in   cs us sy id wa st gu
50 10   6144 4970692 3038340 166839408    0    0 794880 542820 299666 1504500 52 25 18  6  0  0
51 22   6144 4965224 3038340 166839440    0    0 813216 558004 300758 1491849 52 25 17  6  0  0
56 18   6144 4985840 3038340 166839468    0    0 764752 530752 298005 1519575 52 24 18  5  0  0
63  8   6144 5007560 3038340 166839492    0    0 771200 538844 293673 1482175 50 25 18  7  0  0
32  6   6144 4986164 3038340 166839520    0    0 681152 404468 292193 1560087 51 26 20  3  0  0
113 10   6144 4990580 3038340 166839552    0    0 769680 525120 294755 1491208 51 25 18  6  0  0
35  6   6144 4993816 3038340 166839564    0    0 842592 571940 303479 1505391 53 23 17  6  0  0
52 19   6144 5005252 3038340 166839592    0    0 736752 518312 294958 1506386 50 25 19  6  0  0
99 19   6144 4984532 3038340 166839620    0    0 780848 572184 293436 1470051 51 24 18  7  0  0
46 12   6144 4980560 3038340 166839644    0    0 661296 397932 291327 1565160 51 26 20  3  0  0
32 12   6144 4978280 3038340 166839672    0    0 740784 512992 295936 1513290 51 25 18  5  0  0
38  1   6144 4960132 3038340 166839696    0    0 731792 516176 303898 1518170 51 25 19  5  0  0
59  4   6144 4964876 3038340 166839724    0    0 749632 521548 294470 1499324 51 25 19  6  0  0
46 17   6144 4969548 3038340 166839744    0    0 676352 404200 294594 1571106 51 26 20  3  0  0
50  8   6144 4971268 3038340 166839760    0    0 747040 503596 287527 1480450 50 24 18  8  0  0
53  8   6144 4955044 3038340 166839788    0    0 785648 542512 294247 1481804 51 25 18  6  0  0
60 10   6144 4952624 3038340 166839816    0    0 709488 503676 290903 1507624 50 25 19  6  0  0
58 13   6144 4954424 3038340 166839840    0    0 750048 522248 294204 1505561 51 25 18  6  0  0
47 81   6144 4959700 3038340 166839868    0    0 777312 475040 297616 1521201 52 25 18  4  0  0
92 14   6144 4959360 3038340 166839896    0    0 753344 537736 297852 1502553 50 25 18  7  0  0
92 12   6144 4958364 3038340 166839920    0    0 729232 514032 293757 1506376 51 25 19  6  0  0
procs -----------memory---------- ---swap-- -----io---- -system-- -------cpu-------
 r  b   swpd   free   buff  cache   si   so    bi    bo   in   cs us sy id wa st gu
48 21   6144 4972508 3038340 166839940    0    0 828592 564448 299520 1499876 53 23 17  7  0  0
52  6   6144 4975960 3038340 166839968    0    0 703392 501760 292672 1511364 50 25 19  6  0  0
49 77   6144 4958140 3038340 166839996    0    0 730448 451476 294541 1540004 51 26 19  4  0  0
58  5   6144 4955904 3038340 166840024    0    0 756624 503424 296157 1494959 51 24 18  7  0  0
83  8   6144 4952736 3038340 166840048    0    0 742032 516996 293477 1500927 50 25 19  6  0  0
46 10   6144 4945748 3038340 166840068    0    0 759120 526352 292482 1502645 51 25 18  6  0  0
31  5   6144 4947844 3038340 166840092    0    0 811024 547204 299294 1494483 52 25 17  6  0  0
65 11   6144 4948752 3038340 166840116    0    0 748992 543540 299250 1519123 51 25 19  6  0  0
95 30   6144 4950060 3038340 166840140    0    0 755632 555792 298145 1521025 52 25 18  5  0  0
47  2   6144 4950300 3038340 166840160    0    0 694464 400340 293205 1559364 51 26 19  3  0  0
71  7   6144 4939564 3038340 166840228    0    0 792576 546820 296859 1480503 52 24 18  6  0  0
64  7   6144 4836836 3038340 166840256    0    0 626544 376888 286003 1553200 51 26 20  3  0  0
64 13   6144 4806964 3038340 166840288    0    0 802704 547460 295603 1468940 53 24 17  6  0  0
69 15   6144 4745992 3038340 166840836    0    0 844464 555464 290985 1414857 53 23 16  8  0  0
47  8   6144 4713560 3038340 166840864    0    0 697232 502276 287914 1497090 51 25 19  4  0  0
101 11   6144 4701164 3038340 166841408    0    0 770960 535764 299298 1499827 52 24 18  6  0  0
64 17   6144 4665192 3038340 166841432    0    0 718032 420440 298637 1546142 53 25 19  3  0  0
83 10   6144 4726960 3038340 166841964    0    0 714464 511924 295827 1516338 51 25 19  5  0  0
83 25   6144 4671232 3038340 166841996    0    0 700800 536452 289101 1490534 51 25 19  6  0  0
51 10   6144 4663620 3038340 166842012    0    0 789968 541072 294806 1470558 54 24 17  5  0  0
52 16   6144 4608016 3038340 166842572    0    0 736944 523156 294960 1494237 52 25 18  5  0  0
procs -----------memory---------- ---swap-- -----io---- -system-- -------cpu-------
 r  b   swpd   free   buff  cache   si   so    bi    bo   in   cs us sy id wa st gu
20  4   6144 4589192 3038340 166842592    0    0 765072 528780 297628 1494851 54 24 18  4  0  0
33  7   6144 4601836 3038340 166843140    0    0 624960 369768 286523 1558283 51 26 20  3  0  0
74 63   6144 4554060 3038340 166843156    0    0 727840 495320 296336 1519733 54 24 18  4  0  0
43  9   6144 4625256 3038340 166843704    0    0 809088 574712 292752 1442955 55 23 17  6  0  0
45 84   6144 4606820 3038340 166843752    0    0 679600 437512 287884 1515637 52 25 19  4  0  0
46  5   6144 4679484 3038340 166844280    0    0 757200 493956 295964 1502149 53 24 18  5  0  0
92 12   6144 4600980 3038340 166844308    0    0 710736 506816 294845 1514388 52 25 19  5  0  0
48 17   6144 4595212 3038340 166844400    0    0 777424 574820 297717 1486809 53 24 18  5  0  0
52  5   6144 4596168 3038340 166844960    0    0 723136 516360 291723 1504008 52 25 19  5  0  0
74  5   6144 4514444 3038340 166844980    0    0 716496 417468 292162 1525976 53 25 19  3  0  0
111 14   6144 4355088 3038340 166845512    0    0 784960 540556 294980 1468678 54 24 17  5  0  0
35  3   6144 4323324 3038340 166845544    0    0 792096 547644 297102 1483385 54 24 17  5  0  0
82 15   6144 4371928 3038340 166846068    0    0 747792 516592 292154 1494192 52 24 18  6  0  0
65 11   6144 4344172 3038340 166846096    0    0 828624 556900 295895 1468419 54 24 17  6  0  0
73 13   6144 4350356 3038340 166846636    0    0 733184 521124 287251 1485377 51 25 19  6  0  0
56 67   6144 4293488 3038340 166846668    0    0 652992 411056 287242 1544161 51 26 20  3  0  0
42  9   6144 4302348 3038340 166846696    0    0 745872 503224 292485 1510305 52 25 18  5  0  0
37  5   6144 4325876 3038340 166847212    0    0 731600 517496 296622 1526150 52 25 19  5  0  0
59  9   6144 4309588 3038340 166847236    0    0 751648 535240 294685 1511599 53 24 19  5  0  0
48 11   6144 4356496 3038340 166847804    0    0 726416 423152 290419 1522334 53 25 19  4  0  0
70  8   6144 4350908 3038340 166847828    0    0 806304 558480 300027 1492872 53 24 17  6  0  0
procs -----------memory---------- ---swap-- -----io---- -system-- -------cpu-------
 r  b   swpd   free   buff  cache   si   so    bi    bo   in   cs us sy id wa st gu
108  3   6144 4388192 3038340 166848380    0    0 739760 521024 294515 1506245 52 25 18  5  0  0
61  8   6144 4331936 3038340 166848408    0    0 761216 534396 298180 1499033 52 24 18  6  0  0
61 16   6144 4387956 3038340 166848932    0    0 741136 523100 293323 1502962 52 24 18  5  0  0
50  7   6144 4329736 3038340 166848980    0    0 733184 521272 298360 1512563 52 25 18  5  0  0
64 14   6144 4459876 3038340 166848992    0    0 715104 415568 296088 1559768 53 25 19  3  0  0
46  2   6144 4521264 3038340 166849540    0    0 705792 500384 292490 1512759 51 25 19  5  0  0
55 20   6144 4511352 3038340 166849568    0    0 760128 557576 290877 1482038 52 24 18  6  0  0
41 15   6144 4507344 3038340 166850128    0    0 813088 555636 296506 1480214 53 24 17  5  0  0
41 16   6144 4490500 3038340 166850160    0    0 735648 524616 293725 1506852 52 25 19  4  0  0
107 13   6144 4585096 3038340 166850684    0    0 754736 439076 296938 1532462 54 25 18  4  0  0
47  8   6144 4535812 3038340 166850712    0    0 765376 534188 295653 1491315 53 24 18  5  0  0
50  4   6144 4583640 3038340 166850732    0    0 737968 521840 296940 1512710 51 25 19  5  0  0
62  5   6144 4563020 3038340 166851284    0    0 770880 534160 293842 1473897 52 23 18  7  0  0
70 16   6144 4557388 3038340 166851312    0    0 724912 499236 289410 1480597 52 24 17  6  0  0
46 13   6144 4579504 3038340 166851884    0    0 776192 422964 284439 1475387 54 24 17  5  0  0
43 40   6144 4541488 3038340 166851912    0    0 956384 641712 287723 1341286 54 21 14 10  0  0
42  9   6144 4678332 3038340 166852448    0    0 770432 511296 285936 1444282 51 23 17  8  0  0
63 15   6144 4628520 3038340 166852480    0    0 866912 571080 290273 1414033 53 23 15  8  0  0
50  7   6144 4638600 3038340 166852500    0    0 846944 469720 292672 1471664 54 24 16  5  0  0
34  5   6144 4695816 3038340 166853048    0    0 883632 575272 294377 1432212 54 22 16  8  0  0
71  9   6144 4669872 3038340 166853072    0    0 814800 561072 299423 1474607 53 24 17  6  0  0
procs -----------memory---------- ---swap-- -----io---- -system-- -------cpu-------
 r  b   swpd   free   buff  cache   si   so    bi    bo   in   cs us sy id wa st gu
84  8   6144 4711448 3038340 166853604    0    0 723424 516064 290128 1491407 50 25 19  6  0  0
104 23   6144 4643780 3038340 166853636    0    0 796736 552048 294828 1472447 53 24 17  6  0  0
44 10   6144 4647968 3038340 166853660    0    0 665120 391572 290900 1555255 51 25 20  3  0  0
62 17   6144 4626816 3038340 166854220    0    0 782064 547708 296920 1479191 52 24 18  6  0  0
68  5   6144 4604476 3038340 166854244    0    0 698608 533764 289533 1498803 51 25 19  5  0  0
49 12   6144 4606544 3038340 166854784    0    0 770640 535020 294758 1492254 53 24 18  5  0  0
52  8   6144 4558492 3038340 166854808    0    0 649840 385224 291861 1564371 51 26 20  3  0  0
86 14   6144 4561360 3038340 166854832    0    0 759136 533564 295923 1495597 53 24 18  5  0  0
109  5   6144 4545660 3038340 166855388    0    0 773664 541640 293511 1472598 52 24 18  6  0  0
81 14   6144 4502288 3038340 166855412    0    0 669792 489116 286353 1504376 50 25 20  5  0  0
91 15   6144 4549092 3038340 166855980    0    0 757632 436828 293096 1521019 53 25 18  4  0  0
23 10   6144 4538740 3038340 166856000    0    0 733152 519188 293293 1488153 51 25 18  6  0  0
52  8   6144 4623876 3038340 166856568    0    0 784688 542528 292445 1476318 53 24 18  5  0  0
50  2   6144 4587640 3038340 166856588    0    0 786368 540760 295245 1473333 52 23 18  7  0  0
23  4   6144 4591128 3038340 166856608    0    0 753248 558248 292392 1468222 51 23 18  7  0  0
69  7   6144 4552492 3038340 166857132    0    0 748224 524152 295510 1484904 51 25 18  6  0  0
58 14   6144 4539784 3038340 166857160    0    0 713664 508032 291557 1489381 51 25 19  5  0  0
63  6   6144 4645472 3038340 166857692    0    0 816896 561160 293812 1460387 53 24 17  6  0  0
41 92   6144 4695880 3038344 166842576    0    0 688368 457552 294890 1540443 51 26 19  4  0  0
51  9   6144 4712364 3038344 166842600    0    0 698288 439524 294702 1540126 51 26 19  4  0  0
106  5   6144 4735812 3038344 166842636    0    0 734800 516012 294795 1515495 51 25 19  6  0  0
procs -----------memory---------- ---swap-- -----io---- -system-- -------cpu-------
 r  b   swpd   free   buff  cache   si   so    bi    bo   in   cs us sy id wa st gu
37  5   6144 4772156 3038344 166842644    0    0 745920 513476 293446 1511442 51 24 19  6  0  0
67  8   6144 4785624 3038344 166842664    0    0 760352 530532 294377 1498706 51 25 18  6  0  0
51 73   6144 4801928 3038344 166842692    0    0 711424 468792 292798 1522626 51 25 19  5  0  0
59  6   6144 4817696 3038344 166842724    0    0 830592 542416 301311 1493148 53 24 17  6  0  0
66  7   6144 4833756 3038344 166842816    0    0 730592 510964 293760 1510910 51 25 19  5  0  0
27  3   6144 4843852 3038344 166842840    0    0 793264 544832 301444 1505582 52 25 18  5  0  0
56 13   6144 4862208 3038344 166842868    0    0 659120 393956 289478 1561822 51 26 20  3  0  0
47  9   6144 4878244 3038344 166842888    0    0 854752 578444 305002 1498414 53 24 17  6  0  0
52 10   6144 4892176 3038344 166842908    0    0 774176 535184 299623 1526850 51 24 18  6  0  0
87 13   6144 4884524 3038344 166842936    0    0 763472 526584 296291 1510521 51 25 18  6  0  0
54 17   6144 4886068 3038344 166842968    0    0 771264 530012 295899 1495736 51 25 18  6  0  0
87 11   6144 4888288 3038344 166842992    0    0 806288 556756 296368 1483134 52 24 18  7  0  0
40 78   6144 4890348 3038344 166843016    0    0 691648 442624 292328 1553047 50 26 20  4  0  0
81  4   6144 4898924 3038344 166843044    0    0 825904 543348 298264 1485297 52 24 17  7  0  0
53  9   6144 4894820 3038344 166843064    0    0 857376 576916 303453 1476772 52 24 17  7  0  0
78  9   6144 4908312 3038344 166843084    0    0 740080 522360 293969 1526660 51 24 19  6  0  0
34 96   6144 4895400 3038344 166843108    0    0 688032 475124 291647 1533553 50 26 19  5  0  0
73  7   6144 4900504 3038344 166843140    0    0 740688 449524 297320 1547789 52 26 19  4  0  0
47 15   6144 4905928 3038344 166843164    0    0 739136 524208 291059 1503260 51 25 19  6  0  0
87 24   6144 4903164 3038344 166843188    0    0 730192 519100 288460 1499887 50 25 19  6  0  0
100  7   6144 4906716 3038344 166843220    0    0 799392 450108 297758 1531351 54 24 18  4  0  0
procs -----------memory---------- ---swap-- -----io---- -system-- -------cpu-------
 r  b   swpd   free   buff  cache   si   so    bi    bo   in   cs us sy id wa st gu
55 19   6144 4913040 3038344 166843244    0    0 800032 547152 296097 1494001 52 24 18  6  0  0
35 11   6144 4916252 3038344 166843264    0    0 878208 607604 301745 1484506 54 24 16  6  0  0
78  7   6144 4916236 3038344 166843288    0    0 758240 525800 294341 1513511 51 25 18  6  0  0
48 18   6144 4910932 3038344 166843312    0    0 794048 552740 291198 1484195 51 25 18  6  0  0
56 12   6144 4923680 3038344 166843344    0    0 764960 436880 295946 1541879 52 26 18  4  0  0
56  9   6144 4931260 3038344 166843376    0    0 751328 528368 292614 1505332 51 25 19  6  0  0
59 15   6144 4911260 3038344 166843396    0    0 703600 502440 293619 1514227 49 26 19  6  0  0
62  6   6144 4912908 3038344 166843424    0    0 758736 531868 298053 1513084 51 25 18  5  0  0
55 13   6144 4906144 3038344 166843440    0    0 739808 522160 295683 1519927 51 25 19  6  0  0
45  7   6144 4918036 3038344 166843460    0    0 720800 416912 302250 1577695 52 26 19  3  0  0
116  6   6144 4909184 3038344 166843492    0    0 703328 496156 287906 1504491 50 25 19  6  0  0
37 15   6144 4914924 3038344 166843516    0    0 804672 553644 301159 1505407 53 25 18  5  0  0
87 11   6144 4909556 3038344 166843540    0    0 735744 538076 293648 1504143 50 25 18  7  0  0
34  3   6144 4913324 3038344 166843568    0    0 762880 538176 296974 1497347 51 24 18  7  0  0
47 95   6144 4915608 3038344 166843596    0    0 678512 479544 288508 1522094 49 26 20  5  0  0
99  8   6144 4905440 3038344 166843620    0    0 772544 463432 298831 1522456 52 26 18  4  0  0
83 16   6144 4916668 3038344 166843644    0    0 754272 529052 296220 1519567 51 25 19  6  0  0
68 27   6144 4924668 3038344 166843664    0    0 675344 403948 292751 1564108 51 26 20  3  0  0
81 35   6144 4950880 3038344 166843688    0    0 833328 568920 297687 1476824 53 24 17  6  0  0
88  6   6144 4954788 3038344 166843712    0    0 777936 541732 295646 1498256 51 25 18  6  0  0
42  3   6144 4962724 3038344 166843740    0    0 726192 517920 294627 1499289 50 25 19  6  0  0
procs -----------memory---------- ---swap-- -----io---- -system-- -------cpu-------
 r  b   swpd   free   buff  cache   si   so    bi    bo   in   cs us sy id wa st gu
71 35   6144 4940240 3038344 166843768    0    0 888960 625196 297758 1446976 53 23 16  8  0  0
52 72   6144 4938900 3038344 166843792    0    0 760720 460396 296826 1536196 52 26 19  4  0  0
42 13   6144 4930304 3038344 166843816    0    0 800912 529952 300261 1508752 52 25 17  5  0  0
81 10   6144 4934724 3038344 166843836    0    0 771296 543824 301000 1520334 51 25 18  6  0  0
55 22   6144 4919208 3038344 166843860    0    0 720816 515640 293069 1512653 51 25 19  5  0  0
64  7   6144 4907420 3038344 166843884    0    0 750992 444332 302381 1552646 53 25 19  4  0  0
51  9   6144 4917284 3038344 166843908    0    0 750000 531112 295917 1512677 51 25 19  6  0  0
39 16   6144 4914052 3038344 166843936    0    0 805936 513100 302036 1517265 53 25 18  4  0  0
67  4   6144 4921776 3038344 166843960    0    0 740880 476648 295656 1520646 51 26 19  5  0  0
39 12   6144 4911540 3038344 166843996    0    0 802720 555548 290577 1463972 51 24 17  7  0  0
73  9   6144 4921028 3038344 166844016    0    0 699920 411168 288030 1536000 52 25 19  5  0  0
40  8   6144 4922716 3038344 166844028    0    0 758288 521812 287316 1473476 50 24 18  9  0  0
75  8   6144 4914112 3038344 166844052    0    0 747840 530924 294163 1499538 50 25 18  7  0  0
42  3   6144 4914028 3038344 166844084    0    0 741376 524572 293612 1507778 51 25 19  6  0  0
61 16   6144 4908288 3038344 166844112    0    0 632384 388172 290159 1572487 50 27 21  3  0  0
44  3   6144 4898832 3038344 166844352    0    0 782720 542544 295135 1484205 52 24 18  6  0  0
53  4   6144 4877088 3038344 166844504    0    0 749648 529772 292461 1501053 52 24 18  5  0  0
60 13   6144 4829960 3038344 166844544    0    0 668816 443124 288421 1529322 52 25 20  3  0  0
44  7   6144 4880932 3038344 166844428    0    0 795280 509612 301417 1528373 53 23 18  5  0  0
67  9   6144 4892476 3038344 166844280    0    0 776736 548280 298139 1505305 51 24 18  6  0  0
84  7   6144 4879612 3038344 166844308    0    0 795664 585704 293846 1481955 51 24 18  6  0  0
procs -----------memory---------- ---swap-- -----io---- -system-- -------cpu-------
 r  b   swpd   free   buff  cache   si   so    bi    bo   in   cs us sy id wa st gu
63 74   6144 4888964 3038344 166844332    0    0 773568 459420 296155 1538822 53 25 18  4  0  0
49  6   6144 4894160 3038344 166844420    0    0 814080 550252 298966 1490643 52 24 18  6  0  0
64 11   6144 4901248 3038344 166844452    0    0 748416 526468 295151 1516460 51 25 19  5  0  0
94 11   6144 4891604 3038344 166844476    0    0 707728 512116 293159 1533638 50 26 19  5  0  0
82 53   6144 4897544 3038344 166844500    0    0 759232 450668 297895 1546134 52 25 19  3  0  0
56  7   6144 4906852 3038344 166844520    0    0 772880 543032 300010 1527963 52 25 18  5  0  0
67  3   6144 4905896 3038344 166844544    0    0 717344 514900 295848 1529558 50 26 19  5  0  0
61  9   6144 4904224 3038344 166844572    0    0 796176 556472 296860 1501467 52 24 18  6  0  0
62 59   6144 4901828 3038344 166844600    0    0 705664 520176 291337 1528135 50 25 20  5  0  0
40 12   6144 4899364 3038344 166844624    0    0 634496 396772 289515 1578112 49 27 21  3  0  0
60  8   6144 4912100 3038344 166844652    0    0 760640 534796 296947 1521459 51 26 18  5  0  0
47 12   6144 4907972 3038344 166844676    0    0 761056 532760 293085 1506650 51 25 18  6  0  0
54 15   6144 4924180 3038344 166844696    0    0 693584 411484 294672 1569503 52 25 20  3  0  0
100 13   6144 4910424 3038344 166844724    0    0 785152 547000 300243 1513769 52 24 18  5  0  0
84  7   6144 4906664 3038344 166844748    0    0 636592 427864 293220 1565488 50 27 21  3  0  0
61  9   6144 4909792 3038344 166844776    0    0 757824 483532 297473 1529527 52 26 19  4  0  0
58 79   6144 4902472 3038344 166844796    0    0 794656 543896 295374 1485276 52 25 18  6  0  0
61 11   6144 4899856 3038344 166844820    0    0 762432 439952 295971 1534245 53 25 18  4  0  0
78 12   6144 4895444 3038344 166844840    0    0 741200 521088 295070 1508734 51 24 19  6  0  0
37 11   6144 4892904 3038344 166844868    0    0 803152 591700 292881 1482701 51 24 18  7  0  0
35  6   6144 4925036 3038344 166844884    0    0 689184 404812 293183 1565221 51 26 20  3  0  0
procs -----------memory---------- ---swap-- -----io---- -system-- -------cpu-------
 r  b   swpd   free   buff  cache   si   so    bi    bo   in   cs us sy id wa st gu
28  9   6144 4906856 3038344 166844916    0    0 846832 582960 299633 1487734 53 24 17  6  0  0
60 75   6144 4904012 3038344 166844940    0    0 743264 531364 292929 1514603 51 25 19  5  0  0
87  5   6144 4900424 3038344 166844964    0    0 764928 444412 295286 1531373 52 26 18  3  0  0
71 15   6144 4894576 3038344 166844992    0    0 712304 518860 292673 1523349 50 25 19  5  0  0
112 13   6144 4904000 3038344 166845020    0    0 783072 545152 297980 1511753 52 25 18  5  0  0
92 12   6144 4902200 3038344 166845048    0    0 710240 512000 292722 1523971 50 26 19  5  0  0
49  5   6144 4906624 3038344 166845072    0    0 750736 528200 301710 1540486 51 25 18  5  0  0
69 13   6144 4899528 3038344 166845096    0    0 727520 436772 296920 1563068 52 25 19  3  0  0
53 19   6144 4896756 3038344 166845124    0    0 703216 543260 289612 1510757 50 26 19  6  0  0
82  6   6144 4895284 3038344 166845148    0    0 748480 527668 294733 1518534 52 25 18  5  0  0
41 10   6144 4897480 3038344 166845172    0    0 741328 528528 292494 1510284 50 25 19  6  0  0
43  2   6144 4893892 3038344 166845196    0    0 746208 526892 292049 1511025 51 25 19  5  0  0
74 24   6144 4896128 3038344 166845224    0    0 710096 509512 290750 1535301 50 25 19  5  0  0
81  8   6144 4902060 3038344 166845248    0    0 659632 395188 290847 1579386 50 26 20  3  0  0
113  5   6144 4902288 3038344 166845264    0    0 821488 569108 302696 1529202 54 24 18  5  0  0
53  6   6144 4897216 3038344 166845292    0    0 799824 551104 298822 1514691 52 25 18  5  0  0
76 10   6144 4900212 3038344 166845312    0    0 796000 534896 294475 1492114 52 24 17  7  0  0
51  6   6144 4904912 3038344 166845340    0    0 728304 429448 295276 1558033 52 26 19  3  0  0
52 22   6144 4903972 3038344 166845368    0    0 777024 544964 297285 1508409 51 25 18  6  0  0
67 15   6144 4898532 3038344 166845400    0    0 839328 565480 300991 1497534 52 24 17  6  0  0
37 11   6144 4914532 3038344 166845420    0    0 875104 589424 303908 1491431 53 24 17  6  0  0
procs -----------memory---------- ---swap-- -----io---- -system-- -------cpu-------
 r  b   swpd   free   buff  cache   si   so    bi    bo   in   cs us sy id wa st gu
71 15   6144 4935824 3038344 166845440    0    0 741824 528036 296598 1545002 50 25 19  5  0  0
54 13   6144 4963268 3038344 166845460    0    0 730864 431956 295957 1566867 52 25 19  3  0  0
113  6   6144 4943108 3038344 166845496    0    0 847472 580084 305883 1507160 54 24 17  5  0  0
63  6   6144 4925132 3038344 166845516    0    0 759872 533912 294761 1529734 52 25 18  5  0  0
67 13   6144 4914132 3038344 166845540    0    0 750688 485884 298772 1544241 52 25 19  4  0  0
34  6   6144 4911184 3038344 166845568    0    0 740096 520652 294053 1526335 51 25 19  4  0  0
70 27   6144 4903948 3038344 166845592    0    0 793056 624532 293978 1474262 51 25 18  7  0  0
71  8   6144 4904304 3038344 166845624    0    0 707296 419276 295799 1571408 52 26 19  3  0  0
48 10   6144 4918072 3038344 166845644    0    0 817984 559924 301281 1518920 53 23 18  6  0  0
92 15   6144 4911128 3038344 166845672    0    0 792144 546764 297497 1512207 52 24 18  5  0  0
81 57   6144 4905828 3038344 166845692    0    0 642800 403404 291703 1570942 50 26 21  3  0  0
37  7   6144 4904404 3038344 166845716    0    0 793104 528252 294726 1501933 52 25 18  5  0  0
65 18   6144 4906544 3038344 166845748    0    0 724592 522552 291096 1521697 50 26 19  5  0  0
73  6   6144 4905176 3038344 166845772    0    0 659408 394196 288297 1566875 50 26 21  3  0  0
51  3   6144 4897464 3038344 166845792    0    0 734160 525220 296416 1520954 50 26 19  5  0  0
49 23   6144 4907632 3038344 166845812    0    0 908512 603168 303486 1477283 54 23 16  6  0  0
24  3   6144 4917936 3038344 166845832    0    0 725200 541440 291929 1518353 51 24 19  5  0  0
49 11   6144 4905116 3038344 166845860    0    0 832512 577736 301301 1495527 53 24 17  6  0  0
74 41   6144 4912636 3038344 166845888    0    0 734832 508532 293637 1518494 51 26 19  5  0  0
93 10   6144 4913620 3038344 166845984    0    0 714224 432324 295797 1552987 51 26 19  3  0  0
108  7   6144 4910400 3038344 166846004    0    0 770624 540996 298814 1514115 52 25 18  5  0  0
procs -----------memory---------- ---swap-- -----io---- -system-- -------cpu-------
 r  b   swpd   free   buff  cache   si   so    bi    bo   in   cs us sy id wa st gu
43 11   6144 4915552 3038344 166846036    0    0 671840 404236 292029 1553669 51 26 20  3  0  0
66 13   6144 4916532 3038348 166846064    0    0 773488 539488 296061 1508975 52 25 18  5  0  0
65  2   6144 4917940 3038348 166846084    0    0 718512 513556 298588 1542879 51 26 19  5  0  0
69 12   6144 4912680 3038348 166846104    0    0 771008 542280 299011 1514163 52 24 18  5  0  0
33  5   6144 4914252 3038348 166846132    0    0 855504 569556 299556 1478279 53 25 17  5  0  0
57  7   6144 4905324 3038348 166846148    0    0 783344 575700 297411 1499229 52 25 18  5  0  0
95  8   6144 4901880 3038348 166846168    0    0 639760 381108 288911 1563240 50 26 21  3  0  0
67 16   6144 4900840 3038348 166846188    0    0 810864 558580 299304 1492880 52 24 18  6  0  0
64  3   6144 4899380 3038348 166846216    0    0 736192 520320 300268 1526136 51 26 18  5  0  0
77 11   6144 4909120 3038348 166846236    0    0 728288 523960 298773 1528106 51 25 19  5  0  0
49 86   6144 4902808 3038348 166846256    0    0 710096 485396 297094 1547845 51 26 19  4  0  0
41 94   6144 4907752 3038348 166846284    0    0 760896 485540 298064 1526242 52 25 18  4  0  0
64  7   6144 4910808 3038348 166846312    0    0 731808 505468 295993 1518196 51 25 19  5  0  0
80  6   6144 4905252 3038348 166846340    0    0 826624 565000 302115 1498501 53 24 17  5  0  0
100 10   6144 4907944 3038348 166846364    0    0 725280 512004 296249 1524672 51 25 19  5  0  0
62 13   6144 4908520 3038348 166846392    0    0 883984 612880 292511 1413188 52 23 16  8  0  0
56  8   6144 4907764 3038348 166846420    0    0 744032 433560 298653 1553368 52 26 19  3  0  0
52  9   6144 4915040 3038348 166846436    0    0 721232 511008 292943 1520634 50 25 19  6  0  0
67 14   6144 4926292 3038348 166846460    0    0 704144 502364 292890 1516852 50 26 19  5  0  0
48 14   6144 4912936 3038348 166846488    0    0 647264 386856 292434 1570242 50 27 20  3  0  0
75  4   6144 4907420 3038348 166846512    0    0 771248 543036 304518 1527091 52 25 18  5  0  0
procs -----------memory---------- ---swap-- -----io---- -system-- -------cpu-------
 r  b   swpd   free   buff  cache   si   so    bi    bo   in   cs us sy id wa st gu
59  4   6144 4909292 3038348 166846536    0    0 807664 552988 300517 1504640 52 25 17  5  0  0
67  8   6144 4915012 3038348 166846564    0    0 756736 529860 293007 1505996 51 26 18  5  0  0
82 63   6144 4912480 3038348 166846592    0    0 666416 409684 291890 1564549 51 26 20  3  0  0
106 14   6144 4924160 3038348 166846616    0    0 757440 511080 299783 1530629 52 25 18  5  0  0
76 23   6144 4920980 3038348 166846628    0    0 666896 422380 293487 1569717 50 26 20  3  0  0
61  5   6144 4912032 3038348 166846656    0    0 769616 552900 299041 1515137 52 25 18  5  0  0
55 17   6144 4902572 3038348 166846684    0    0 733248 519948 296588 1516514 50 25 19  5  0  0
97  5   6144 4904824 3038348 166846716    0    0 645280 386224 290358 1562908 50 26 21  3  0  0
88  2   6144 4904388 3038348 166846740    0    0 798240 554552 302297 1506526 52 25 18  5  0  0
57 79   6144 4899676 3038348 166846768    0    0 715008 491668 299229 1551454 51 26 19  4  0  0
49  4   6144 4899920 3038348 166846792    0    0 818448 589324 302767 1489936 52 25 17  6  0  0
68 14   6144 4914868 3038348 166846808    0    0 782512 544076 303180 1529523 52 25 18  5  0  0
60  6   6144 4909016 3038348 166846828    0    0 740944 435512 300772 1558921 52 25 19  4  0  0
57  6   6144 4905820 3038348 166846860    0    0 803136 556172 303699 1515459 53 24 18  6  0  0
99 26   6144 4909920 3038348 166846880    0    0 740800 558708 294608 1508945 50 25 18  6  0  0
36  8   6144 4905016 3038348 166846908    0    0 868256 570992 294809 1443732 52 24 16  8  0  0
43 12   6144 4914368 3038348 166846936    0    0 730992 513116 295996 1515403 50 26 19  6  0  0
29 81   6144 4909256 3038348 166846972    0    0 712688 497720 292965 1527571 50 25 19  5  0  0
40 16   6144 4912808 3038348 166846992    0    0 842816 491516 297010 1509094 54 24 17  4  0  0
62 12   6144 4914092 3038348 166847008    0    0 800768 555992 298432 1519631 52 24 18  5  0  0
79 14   6144 4907936 3038348 166847032    0    0 730576 522544 297728 1526193 51 25 19  5  0  0
procs -----------memory---------- ---swap-- -----io---- -system-- -------cpu-------
 r  b   swpd   free   buff  cache   si   so    bi    bo   in   cs us sy id wa st gu
62  5   6144 4903400 3038348 166847056    0    0 716224 508488 291442 1525713 51 26 19  5  0  0
92  4   6144 4900928 3038348 166847088    0    0 763888 449468 298077 1541351 52 26 18  3  0  0
40 13   6144 4897204 3038348 166847116    0    0 649968 437196 291893 1565018 49 27 21  3  0  0
102  7   6144 4899916 3038348 166847140    0    0 736128 520984 294489 1526552 51 25 19  4  0  0
61  7   6144 4895576 3038348 166847160    0    0 732352 477248 293732 1527167 51 26 19  4  0  0
72  9   6144 4905156 3038348 166847180    0    0 750640 533540 301103 1542083 51 25 18  5  0  0
81 11   6144 4903380 3038348 166847208    0    0 736512 520520 296731 1523195 51 25 19  6  0  0
59  8   6144 4905908 3038348 166847236    0    0 692608 496752 292680 1525362 50 25 20  5  0  0
69  8   6144 4906184 3038348 166847256    0    0 783408 546936 299607 1507839 52 24 18  6  0  0
37 12   6144 4897908 3038348 166847284    0    0 786192 546684 299042 1504524 52 25 18  5  0  0
64 65   6144 4898216 3038348 166847324    0    0 693344 424768 292416 1551392 51 27 19  3  0  0
60  5   6144 4903048 3038348 166847352    0    0 704768 482792 294856 1544796 51 26 19  5  0  0
46  8   6144 4905584 3038348 166847376    0    0 815408 558304 298641 1502811 53 24 18  5  0  0
105 11   6144 4922492 3038348 166847396    0    0 813200 591468 301352 1514025 53 23 18  6  0  0
36 11   6144 4912932 3038348 166847416    0    0 774912 534140 295942 1506105 52 24 18  6  0  0
41  3   6144 4900968 3038348 166847528    0    0 731328 422592 290332 1534781 52 26 19  4  0  0
57  9   6144 4897128 3038348 166847560    0    0 772720 542316 301320 1514991 52 25 18  6  0  0
94 17   6144 4897476 3038348 166847588    0    0 705888 507148 291112 1507937 50 25 20  6  0  0
47  9   6144 4898372 3038348 166847608    0    0 754512 527800 300197 1516504 50 26 19  5  0  0
52  9   6144 4899892 3038348 166847636    0    0 668880 402500 290658 1556459 50 26 20  3  0  0
110 15   6144 4905032 3038348 166847688    0    0 775376 544128 297143 1508365 52 25 18  5  0  0
procs -----------memory---------- ---swap-- -----io---- -system-- -------cpu-------
 r  b   swpd   free   buff  cache   si   so    bi    bo   in   cs us sy id wa st gu
72  6   6144 4857976 3038348 166848020    0    0 684960 494960 289183 1514991 50 25 20  5  0  0
65  9   6144 4871140 3038348 166847740    0    0 734096 516036 293464 1510552 52 25 19  5  0  0
60  6   6144 4871692 3038348 166847764    0    0 705616 447860 293386 1549356 51 26 19  3  0  0
63 14   6144 4875100 3038348 166847796    0    0 774400 542992 303456 1516142 52 25 18  5  0  0
99  8   6144 4877508 3038348 166847816    0    0 819072 559064 304323 1511130 53 25 17  4  0  0
50 14   6144 4874604 3038348 166847844    0    0 736320 518688 297590 1526437 51 25 19  5  0  0
36  9   6144 4876456 3038348 166847872    0    0 777664 541088 297793 1506468 52 25 18  6  0  0
56 13   6144 4877260 3038348 166847888    0    0 748672 527168 299142 1527359 51 25 19  6  0  0
73  6   6144 4880236 3038348 166847912    0    0 775200 453360 301618 1546983 53 25 18  4  0  0
52  7   6144 4878044 3038348 166847932    0    0 821600 567560 303482 1504237 53 23 18  6  0  0
77 18   6144 4881036 3038348 166847960    0    0 794512 550304 300016 1504752 51 25 18  6  0  0
61 11   6144 4879528 3038348 166847988    0    0 781248 557420 297166 1495118 52 25 18  5  0  0
54 10   6144 4879192 3038348 166848012    0    0 757584 546984 297549 1520245 52 25 18  5  0  0
63 16   6144 4890308 3038348 166848036    0    0 818896 568756 301297 1501627 53 24 18  5  0  0
82 12   6144 4893932 3038348 166848064    0    0 753808 513720 289796 1486002 50 25 18  7  0  0
58 12   6144 4906300 3038348 166848076    0    0 730688 516052 293290 1521784 50 25 19  6  0  0
76 17   6144 4895072 3038348 166848108    0    0 688640 404036 291952 1566828 51 26 20  3  0  0
51  7   6144 4880096 3038348 166848268    0    0 735648 515992 297050 1516318 51 25 19  5  0  0
46 10   6144 4877448 3038348 166848160    0    0 715760 427056 295300 1556955 51 26 20  3  0  0
56 14   6144 4887232 3038348 166848184    0    0 715088 508944 292912 1521154 50 26 19  5  0  0
20  2   6144 4894208 3038348 166848216    0    0 725424 515504 295714 1517151 51 25 19  5  0  0
procs -----------memory---------- ---swap-- -----io---- -system-- -------cpu-------
 r  b   swpd   free   buff  cache   si   so    bi    bo   in   cs us sy id wa st gu
52 10   6144 4885748 3038348 166848244    0    0 818272 576476 299402 1506331 52 25 18  5  0  0
65 46   6144 4895240 3038348 166848260    0    0 762672 551872 300074 1535109 51 25 19  5  0  0
74 13   6144 4891832 3038348 166848284    0    0 743120 446680 299370 1556473 52 25 19  3  0  0
39  5   6144 4892616 3038348 166848308    0    0 757440 516728 298250 1519956 51 25 18  5  0  0
82  9   6144 4897868 3038348 166848336    0    0 738944 518016 297199 1520654 51 25 19  5  0  0
57  8   6144 4889768 3038348 166848360    0    0 823024 560936 297450 1489273 52 24 18  6  0  0
61  5   6144 4890036 3038348 166848392    0    0 786576 541820 300738 1514778 52 24 18  5  0  0
97  5   6144 4897720 3038348 166848424    0    0 656160 442684 290287 1564529 50 26 20  3  0  0
51  4   6144 4902232 3038348 166848444    0    0 752080 484620 295810 1527519 51 25 19  4  0  0
59 18   6144 4911436 3038348 166848456    0    0 696880 460460 300332 1581917 51 26 20  3  0  0
39  5   6144 4902004 3038348 166848484    0    0 777280 517192 297507 1520446 52 25 19  4  0  0
40  7   6144 4903256 3038348 166848512    0    0 734816 536344 295038 1517657 51 25 19  5  0  0
69  4   6144 4891116 3038348 166848540    0    0 811616 561272 298554 1505072 52 25 18  5  0  0
56  6   6144 4891948 3038348 166848568    0    0 693392 408600 290310 1550907 51 26 20  3  0  0
43 10   6144 4886528 3038348 166848588    0    0 823840 556808 291400 1455457 52 24 17  8  0  0
59 30   6144 4886468 3038348 166848612    0    0 677456 433016 290739 1552367 50 26 20  3  0  0
81  2   6144 4897548 3038348 166848640    0    0 868064 563064 304428 1505739 54 24 17  5  0  0
38 11   6144 4897268 3038348 166848660    0    0 716672 514900 294586 1531122 50 25 19  5  0  0
64  8   6144 4891508 3038348 166848684    0    0 762416 536596 296290 1522852 52 24 19  5  0  0
97 39   6144 4880416 3038348 166848708    0    0 759392 536472 296139 1514932 51 25 19  6  0  0
68  8   6144 4885288 3038348 166848736    0    0 831520 600660 303791 1501990 53 25 17  5  0  0
procs -----------memory---------- ---swap-- -----io---- -system-- -------cpu-------
 r  b   swpd   free   buff  cache   si   so    bi    bo   in   cs us sy id wa st gu
80  7   6144 4888908 3038348 166848768    0    0 672784 404776 293037 1567169 50 27 20  3  0  0
50  4   6144 4887140 3038348 166848792    0    0 759312 535008 299550 1527849 51 25 18  5  0  0
34  2   6144 4896252 3038348 166848816    0    0 762752 539804 297022 1509551 51 25 18  5  0  0
78 14   6144 4903884 3038348 166848836    0    0 735888 524536 299367 1545268 51 25 19  5  0  0
71  9   6144 4895768 3038348 166848864    0    0 847472 582184 301588 1483743 53 24 17  6  0  0
31 11   6144 4895296 3038348 166848884    0    0 738416 528232 295883 1527991 51 25 19  5  0  0
54  8   6144 4889444 3038348 166848912    0    0 678048 409348 291718 1559868 51 26 20  3  0  0
39  8   6144 4889884 3038348 166848928    0    0 741184 523648 291804 1497252 50 25 19  6  0  0
49  7   6144 4890120 3038348 166848956    0    0 751152 530412 294271 1511327 51 25 19  5  0  0
54 11   6144 4871912 3038348 166849160    0    0 711536 511672 294574 1521370 51 26 19  4  0  0
37  6   6144 4827036 3038348 166849320    0    0 799840 463232 295863 1520632 54 24 18  4  0  0
52  4   6144 4882476 3038348 166849032    0    0 626368 422480 290676 1578706 50 26 21  3  0  0
66  5   6144 4873048 3038348 166849120    0    0 909040 654436 308173 1475515 55 24 16  6  0  0
43 98   6144 4875064 3038348 166849152    0    0 650320 418240 285495 1544451 49 26 20  4  0  0
99 20   6144 4879424 3038348 166849180    0    0 748336 504936 289901 1485728 50 24 18  7  0  0
48  7   6144 4879276 3038348 166849208    0    0 835168 572532 303623 1497946 52 24 17  6  0  0
69 12   6144 4873512 3038348 166849232    0    0 786080 546092 295949 1500568 51 25 18  6  0  0
62 67   6144 4877024 3038348 166849260    0    0 769152 472572 297381 1538780 53 25 19  4  0  0
60  8   6144 4883628 3038348 166849288    0    0 780368 532856 298339 1522221 52 25 18  5  0  0
51  9   6144 4884680 3038348 166849304    0    0 895504 603668 306512 1497230 54 23 17  6  0  0
48  6   6144 4871196 3038348 166849328    0    0 741296 525940 299567 1529868 51 25 19  5  0  0
procs -----------memory---------- ---swap-- -----io---- -system-- -------cpu-------
 r  b   swpd   free   buff  cache   si   so    bi    bo   in   cs us sy id wa st gu
67 15   6144 4877128 3038348 166849356    0    0 704096 504800 291963 1539130 50 26 19  5  0  0
105  7   6144 4867840 3038348 166849380    0    0 722160 426584 294343 1554549 51 26 19  3  0  0
90  5   6144 4874564 3038348 166849404    0    0 727120 536592 294000 1513572 50 25 19  5  0  0
38 17   6144 4878992 3038348 166849428    0    0 713424 507520 294323 1534721 51 26 19  4  0  0
59  3   6144 4887288 3038348 166849456    0    0 663648 394872 290872 1558684 50 27 20  3  0  0
30 10   6144 4870044 3038348 166849740    0    0 739680 529860 296427 1521207 51 24 19  6  0  0
63  3   6144 4871788 3038348 166849496    0    0 798736 552552 295125 1491582 52 24 18  6  0  0
53 87   6144 4871884 3038348 166849528    0    0 715552 498356 296998 1550892 51 26 19  4  0  0
39  3   6144 4868372 3038348 166849552    0    0 717344 454476 295154 1541515 52 26 19  4  0  0
59  6   6144 4877728 3038348 166849580    0    0 749056 528864 294311 1505693 51 25 19  5  0  0
60 15   6144 4878984 3038348 166849612    0    0 782432 549692 296766 1511750 51 26 18  5  0  0
41 17   6144 4883616 3038348 166849644    0    0 797568 554056 299245 1506691 52 25 18  5  0  0
64  4   6144 4880384 3038348 166849660    0    0 675424 417344 297036 1573809 51 27 20  3  0  0
65 29   6144 4884452 3038348 166849672    0    0 795376 544940 295322 1496937 52 23 17  7  0  0
70 11   6144 4881632 3038348 166849700    0    0 804736 557308 299653 1498731 52 25 18  6  0  0
64  9   6144 4883288 3038348 166849732    0    0 713952 514916 294270 1519364 50 25 19  6  0  0
60 22   6144 4884468 3038348 166849756    0    0 646368 393312 292003 1570973 50 26 20  3  0  0
54  8   6144 4881544 3038348 166849784    0    0 767232 554468 296364 1504869 52 25 18  5  0  0
25 10   6144 4887292 3038348 166849808    0    0 729040 519412 297189 1517236 51 25 19  5  0  0
63 24   6144 4885612 3038348 166849832    0    0 807440 562108 301440 1504424 52 24 18  6  0  0
36  7   6144 4892220 3038348 166849848    0    0 814496 555816 305000 1533317 53 24 18  5  0  0
procs -----------memory---------- ---swap-- -----io---- -system-- -------cpu-------
 r  b   swpd   free   buff  cache   si   so    bi    bo   in   cs us sy id wa st gu
54 21   6144 4869908 3038348 166850148    0    0 797328 558348 302560 1505207 53 24 18  5  0  0
45  4   6144 4872140 3038348 166849908    0    0 678448 411164 293490 1565353 51 26 20  3  0  0
49  5   6144 4873668 3038348 166849932    0    0 716336 510692 294055 1524051 51 25 19  5  0  0
77 41   6144 4871680 3038348 166849956    0    0 824720 558508 296638 1476022 52 25 17  6  0  0
47 12   6144 4871452 3038348 166849984    0    0 886752 587268 302629 1471417 54 24 16  6  0  0
55 15   6144 4868492 3038348 166850008    0    0 719072 512644 289588 1499414 50 26 19  6  0  0
62  6   6144 4879884 3038348 166850028    0    0 663664 409444 293619 1577968 50 27 20  3  0  0
79 10   6144 4888852 3038348 166850044    0    0 734464 523804 298199 1537327 51 25 19  5  0  0
54  5   6144 4883084 3038348 166850076    0    0 766832 538332 296717 1513990 51 25 18  5  0  0
40 13   6144 4877888 3038348 166850108    0    0 816768 562736 300606 1498361 53 24 18  6  0  0
23 103   6144 4884228 3038348 166850132    0    0 763632 547484 294770 1517458 51 25 18  5  0  0
52 12   6144 4878928 3038348 166850160    0    0 689248 405644 290648 1562395 51 26 20  3  0  0
49 23   6144 4880260 3038348 166850184    0    0 902320 594384 300399 1463278 54 24 16  6  0  0
64  7   6144 4875828 3038348 166850208    0    0 705136 412232 291302 1549995 51 26 19  4  0  0
50 22   6144 4884132 3038348 166850376    0    0 737616 519400 293006 1526507 50 25 19  6  0  0
56  4   6144 4869252 3038348 166850260    0    0 823392 574060 299032 1493531 52 24 18  6  0  0
63  6   6144 4869052 3038348 166850284    0    0 806576 560856 297406 1499968 52 25 18  5  0  0
107  9   6144 4875576 3038348 166850304    0    0 731696 521852 294163 1530923 51 25 19  5  0  0
50  9   6144 4868244 3038348 166850328    0    0 718448 505880 292472 1532818 51 25 19  5  0  0
51  4   6144 4872412 3038348 166850360    0    0 703568 505504 294632 1540875 50 26 19  4  0  0
93 10   6144 4897116 3038348 166850384    0    0 900656 621228 306729 1480075 54 23 17  6  0  0
procs -----------memory---------- ---swap-- -----io---- -system-- -------cpu-------
 r  b   swpd   free   buff  cache   si   so    bi    bo   in   cs us sy id wa st gu
60  4   6144 4904064 3038348 166850412    0    0 709888 513308 293368 1530579 50 25 19  5  0  0
54 76   6144 4929432 3038348 166850428    0    0 806832 551388 300997 1527553 52 24 18  5  0  0
50  9   6144 4931280 3038348 166850452    0    0 718272 414940 291772 1550770 51 26 19  4  0  0
24  3   6144 4943112 3038348 166850480    0    0 741216 511400 286966 1484131 49 25 19  7  0  0
47  0   6144 4927880 3038348 166850512    0    0 768368 555080 294425 1501731 51 25 18  6  0  0
63  6   6144 4900452 3038348 166850536    0    0 733056 511728 294896 1524548 51 25 19  5  0  0
45 11   6144 4901908 3038348 166850560    0    0 724656 513320 295979 1524337 50 25 19  5  0  0
50  5   6144 4878184 3038348 166850596    0    0 679792 449432 294719 1560752 51 26 20  3  0  0
69  9   6144 4889284 3038348 166850612    0    0 835232 612520 305578 1501585 53 24 17  6  0  0
92 12   6144 4897288 3038348 166850632    0    0 760432 546608 295888 1526444 51 25 19  5  0  0
82 21   6144 4920336 3038348 166850724    0    0 756688 441576 298888 1544496 52 25 19  4  0  0
53 83   6144 4927600 3038348 166850744    0    0 807616 550932 296586 1489275 53 24 17  6  0  0
28  8   6144 4910868 3038348 166850776    0    0 849008 561816 292833 1465714 53 24 17  6  0  0
34 97   6144 4897452 3038348 166850800    0    0 689872 492388 289452 1531457 50 26 20  5  0  0
63 70   6144 4908408 3038348 166850828    0    0 733296 504244 291056 1515497 51 25 19  5  0  0
47 22   6144 4913944 3038348 166850852    0    0 762624 467080 297559 1545151 53 25 18  4  0  0
79 14   6144 4924692 3038348 166850868    0    0 745264 524852 297279 1526892 51 24 19  5  0  0
36  6   6144 4930552 3038348 166850900    0    0 788992 557296 300404 1508296 52 24 18  5  0  0
85 18   6144 4916348 3038348 166850928    0    0 703552 467232 297694 1567344 51 26 19  3  0  0
54  8   6144 4898048 3038348 166850964    0    0 742208 492020 295712 1529120 51 25 19  5  0  0
70 15   6144 4892568 3038348 166850984    0    0 791888 546700 302581 1521888 52 24 18  5  0  0
procs -----------memory---------- ---swap-- -----io---- -system-- -------cpu-------
 r  b   swpd   free   buff  cache   si   so    bi    bo   in   cs us sy id wa st gu
50  8   6144 4886372 3038348 166851016    0    0 817856 561260 303515 1512606 53 24 17  5  0  0
56  8   6144 4885220 3038348 166851032    0    0 688672 416112 293126 1553334 51 27 20  3  0  0
83  7   6144 4894908 3038348 166851052    0    0 781680 533204 294640 1497155 52 24 18  7  0  0
31 11   6144 4893108 3038348 166851080    0    0 752544 552204 294780 1508863 51 25 19  5  0  0
54 10   6144 4917968 3038348 166851100    0    0 729360 521016 293275 1514280 50 26 19  6  0  0
84 14   6144 4927968 3038348 166851128    0    0 772592 536968 297407 1518240 52 25 18  5  0  0
68  8   6144 4913516 3038348 166851160    0    0 696384 417636 293230 1565263 51 26 20  3  0  0
120 13   6144 4898980 3038348 166851180    0    0 765552 541908 297001 1509778 51 26 19  5  0  0
91 18   6144 4863788 3038348 166851384    0    0 713088 432468 290092 1547539 51 26 19  3  0  0
50  7   6144 4825932 3038348 166851544    0    0 723280 508604 290525 1511248 51 25 19  5  0  0
47 12   6144 4873828 3038348 166851252    0    0 792480 551464 299196 1515410 52 24 18  5  0  0
47  8   6144 4902540 3038348 166851284    0    0 718144 507116 289652 1511800 50 25 19  6  0  0
72 15   6144 4894340 3038348 166851312    0    0 801648 549140 299194 1509345 53 25 18  5  0  0
59 10   6144 4902528 3038348 166851332    0    0 736080 540356 292455 1499376 50 25 19  7  0  0
69  8   6144 4891608 3038348 166851368    0    0 656112 390040 288794 1558304 50 26 21  3  0  0
44  5   6144 4871436 3038348 166851384    0    0 777168 548940 296699 1510533 52 25 18  6  0  0
38 90   6144 4875032 3038348 166851412    0    0 764272 500168 301171 1543217 52 25 18  4  0  0
29  8   6144 4888140 3038348 166851428    0    0 714848 460572 296868 1558764 51 25 20  4  0  0
45  4   6144 4875716 3038348 166851448    0    0 802576 575172 297926 1503720 52 24 18  6  0  0
72 14   6144 4887180 3038348 166851480    0    0 768864 541384 295456 1505972 51 25 18  6  0  0
51  7   6144 4882828 3038348 166851512    0    0 841056 582008 305413 1505236 53 24 17  5  0  0
procs -----------memory---------- ---swap-- -----io---- -system-- -------cpu-------
 r  b   swpd   free   buff  cache   si   so    bi    bo   in   cs us sy id wa st gu
82 24   6144 4876300 3038348 166851532    0    0 737152 522224 297006 1525984 50 26 19  5  0  0
61 12   6144 4887260 3038348 166851560    0    0 778352 440584 291678 1509857 53 25 18  4  0  0
62 38   6144 4886700 3038348 166851716    0    0 767280 551780 291254 1477992 51 24 18  6  0  0
82  6   6144 4890620 3038348 166851612    0    0 783376 542588 301510 1513538 52 25 18  6  0  0
84  3   6144 4893956 3038348 166851628    0    0 810672 556148 303366 1524996 53 24 18  6  0  0
57  9   6144 4902244 3038348 166851656    0    0 782848 543876 297289 1506012 51 25 18  5  0  0
43  3   6144 4918248 3038348 166851684    0    0 779712 455892 301048 1542309 53 25 19  4  0  0
33  6   6144 4898180 3038348 166851708    0    0 805984 572764 297403 1495657 52 24 18  5  0  0
61 16   6144 4890320 3038348 166851732    0    0 726544 518872 294109 1519690 50 26 19  5  0  0
102  3   6144 4900448 3038348 166851764    0    0 711200 421576 296790 1560212 52 25 20  3  0  0
43  6   6144 4889900 3038348 166851788    0    0 733136 521712 297132 1523792 51 25 19  5  0  0
64  5   6144 4892364 3038348 166851804    0    0 954624 633616 298229 1429855 53 23 15  9  0  0
68 18   6144 4888316 3038348 166851828    0    0 817536 562692 298369 1492192 52 24 18  6  0  0
71 23   6144 4885832 3038348 166851864    0    0 702640 507400 291104 1519507 50 25 19  6  0  0
41 85   6144 4896960 3038348 166851884    0    0 747744 460816 296539 1539812 51 26 19  4  0  0
87 12   6144 4887792 3038348 166852048    0    0 789456 520624 300463 1514895 53 24 18  5  0  0
96 13   6144 4887332 3038348 166851940    0    0 790176 570832 297421 1507921 53 24 18  5  0  0
88  4   6144 4877320 3038348 166851972    0    0 780048 540292 297469 1507836 52 25 18  5  0  0
54 77   6144 4889244 3038348 166851996    0    0 722736 493396 295365 1539366 51 26 19  5  0  0
78 13   6144 4886048 3038348 166852012    0    0 731408 454828 301221 1570237 53 25 19  4  0  0
79 12   6144 4880020 3038348 166852032    0    0 736384 528700 296205 1522872 51 25 19  5  0  0
procs -----------memory---------- ---swap-- -----io---- -system-- -------cpu-------
 r  b   swpd   free   buff  cache   si   so    bi    bo   in   cs us sy id wa st gu
105 11   6144 4878272 3038348 166852056    0    0 793424 550304 294278 1484402 51 25 17  7  0  0
73 10   6144 4873636 3038348 166852076    0    0 778176 540708 298630 1509977 51 25 18  5  0  0
30 97   6144 4874356 3038348 166852112    0    0 707264 475080 292239 1531999 51 25 19  5  0  0
101 30   6144 4875016 3038348 166852140    0    0 712880 464816 299662 1548954 51 25 19  4  0  0
70 11   6144 4882004 3038348 166852164    0    0 757056 521196 301755 1532279 52 25 18  4  0  0
43 19   6144 4888468 3038348 166852180    0    0 738864 533292 297113 1533320 51 24 19  6  0  0
75  7   6144 4885444 3038348 166852208    0    0 749024 531388 293049 1507422 51 25 19  5  0  0
64 21   6144 4904456 3038348 166852296    0    0 710368 416792 299455 1570149 51 26 19  3  0  0
67 15   6144 4900636 3038348 166852328    0    0 725984 516288 295706 1524935 51 25 19  5  0  0
70 14   6144 4887420 3038348 166852352    0    0 733360 522896 296503 1518199 51 25 19  5  0  0
68 66   6144 4881680 3038348 166852384    0    0 742608 533536 289509 1473782 49 24 18  8  0  0
32  7   6144 4888256 3038348 166852404    0    0 818144 466212 298326 1514529 53 25 18  4  0  0
59 10   6144 4889668 3038348 166852420    0    0 728528 519852 291869 1515688 50 25 19  5  0  0
66  8   6144 4910436 3038348 166852444    0    0 643216 384192 290617 1582964 50 27 21  3  0  0
47 14   6144 4913652 3038348 166852472    0    0 733664 525800 295564 1529467 51 25 19  5  0  0
33  7   6144 4916172 3038348 166852492    0    0 728880 535324 291535 1514253 50 25 19  5  0  0
105  7   6144 4907728 3038348 166852524    0    0 745984 529628 296776 1522475 51 25 19  5  0  0
40 11   6144 4891184 3038348 166852548    0    0 865792 587112 302590 1492888 54 24 17  5  0  0
68 14   6144 4895476 3038348 166852572    0    0 733872 521704 295141 1524273 50 26 19  5  0  0
45  4   6144 4887004 3038348 166852600    0    0 673664 401960 289444 1563862 51 26 20  3  0  0
47  5   6144 4880072 3038348 166852756    0    0 698944 502844 291620 1534082 50 26 19  5  0  0
procs -----------memory---------- ---swap-- -----io---- -system-- -------cpu-------
 r  b   swpd   free   buff  cache   si   so    bi    bo   in   cs us sy id wa st gu
27  8   6144 4875148 3038348 166852652    0    0 804128 565872 293633 1498258 53 24 17  6  0  0
95 21   6144 4878136 3038348 166852676    0    0 698736 418596 291759 1558235 51 26 20  3  0  0
96  7   6144 4883136 3038348 166852708    0    0 734672 524452 293621 1514025 51 25 19  6  0  0
105 13   6144 4887368 3038348 166852740    0    0 755232 535628 295654 1517879 51 25 19  5  0  0
