procs -----------memory---------- ---swap-- -----io---- -system-- -------cpu-------
 r  b   swpd   free   buff  cache   si   so    bi    bo   in   cs us sy id wa st gu
 5  2   6144 6106388 3038260 166841452    0    0  4852  4469 1824    0  0  0 99  0  0  0
 5  0   6144 6103220 3038260 166824188    0    0     0 269252 24412 28688  1  1 98  0  0  0
35  0   6144 6092564 3038260 166823940    0    0     0 261944 58417 37748 40  2 59  0  0  0
22 15   6144 6017576 3038260 166823976    0    0 503616 343588 130723 418111 29  5 59  6  0  0
31 11   6144 6030016 3038260 166824000    0    0 932576 438172 191786 764540 22  8 55 14  0  0
21 19   6144 6029360 3038260 166824036    0    0 887296 574456 202159 753971 23  8 54 15  0  0
29 15   6144 6036972 3038260 166824056    0    0 826064 786644 193388 718520 21  7 56 17  0  0
28 13   6144 6024568 3038260 166824076    0    0 810992 911768 203301 722685 22  8 54 16  0  0
19 11   6144 6030292 3038260 166824112    0    0 830240 670192 198517 720937 22  8 55 16  0  0
20 12   6144 6025372 3038260 166824144    0    0 827968 677304 197677 719617 22  8 55 16  0  0
17 22   6144 6033336 3038260 166824176    0    0 824976 691336 194697 720285 21  8 55 16  0  0
19 16   6144 6052052 3038260 166824196    0    0 830256 679964 194416 722300 21  8 55 16  0  0
16 22   6144 6091444 3038260 166824224    0    0 835840 683508 187601 719204 21  7 56 16  0  0
23 13   6144 6094584 3038260 166824244    0    0 835008 657888 193756 722843 21  7 55 16  0  0
26 12   6144 6091832 3038260 166824276    0    0 824112 667180 193088 718810 21  8 55 16  0  0
26 15   6144 6075140 3038260 166824296    0    0 830496 660208 194195 723372 22  8 55 16  0  0
30  8   6144 6088448 3038260 166824400    0    0 831104 649604 195245 725554 21  8 55 16  0  0
25 12   6144 6086948 3038260 166824424    0    0 835904 656568 195093 726554 21  8 55 16  0  0
20 16   6144 6123784 3038260 166824440    0    0 840992 646708 187688 723105 21  7 56 16  0  0
30  7   6144 6103148 3038260 166824464    0    0 847312 633156 194186 729825 22  7 55 16  0  0
26 13   6144 6100864 3038260 166824500    0    0 839728 630460 193034 726254 22  8 55 16  0  0
procs -----------memory---------- ---swap-- -----io---- -system-- -------cpu-------
 r  b   swpd   free   buff  cache   si   so    bi    bo   in   cs us sy id wa st gu
21 14   6144 6106720 3038260 166824524    0    0 848208 606224 194859 730486 22  8 55 15  0  0
29 12   6144 6094636 3038260 166824556    0    0 846896 632776 195204 729413 22  8 55 16  0  0
21 16   6144 6090176 3038260 166824576    0    0 820144 633600 190740 711988 21  8 55 16  0  0
22 15   6144 6113728 3038260 166824604    0    0 845776 622368 183577 726594 21  7 56 16  0  0
25 11   6144 6112164 3038260 166824632    0    0 847152 634232 189683 733231 22  7 55 16  0  0
25 14   6144 6102620 3038260 166824652    0    0 848544 624644 195346 733282 22  8 55 15  0  0
26 13   6144 6092544 3038260 166824684    0    0 848768 618500 195035 730194 22  8 55 16  0  0
22 14   6144 6073052 3038260 166824708    0    0 846432 629764 195546 732346 22  8 55 16  0  0
24 13   6144 6032384 3038260 166824748    0    0 849184 626772 194467 734370 22  8 55 16  0  0
23 13   6144 6031328 3038260 166824768    0    0 850320 621196 186287 736701 22  7 56 16  0  0
25 12   6144 6031164 3038260 166824792    0    0 852800 622116 189910 729850 22  7 55 16  0  0
20 16   6144 6052332 3038260 166824812    0    0 851264 628624 195367 736067 22  8 55 15  0  0
26 11   6144 6074960 3038260 166824832    0    0 863552 639992 201127 751751 22  8 54 15  0  0
30  6   6144 6085104 3038260 166824872    0    0 874528 632708 201524 758571 22  8 55 15  0  0
25 13   6144 6074876 3038260 166824900    0    0 880128 630532 202280 763225 23  8 54 15  0  0
25 12   6144 6080676 3038260 166824924    0    0 876304 639452 192890 754676 22  7 55 15  0  0
24 13   6144 6084264 3038260 166824944    0    0 863840 682964 199328 750486 22  7 55 15  0  0
24 12   6144 6082248 3038260 166824964    0    0 865712 669024 201491 753269 22  8 55 15  0  0
20 21   6144 6072736 3038260 166825008    0    0 854576 679368 200404 749454 22  8 55 15  0  0
21 15   6144 6048848 3038260 166825040    0    0 853232 663088 198850 745238 22  8 55 15  0  0
33  7   6144 6029112 3038260 166825068    0    0 856368 674376 200390 746446 22  8 54 15  0  0
procs -----------memory---------- ---swap-- -----io---- -system-- -------cpu-------
 r  b   swpd   free   buff  cache   si   so    bi    bo   in   cs us sy id wa st gu
26 11   6144 6021840 3038260 166825092    0    0 860752 682792 196321 750175 22  8 55 15  0  0
27 10   6144 6014932 3038260 166825116    0    0 865152 678820 193239 747849 22  7 55 16  0  0
24 13   6144 6010300 3038260 166825140    0    0 861808 680640 201508 754684 22  8 54 15  0  0
32  5   6144 6014668 3038260 166825168    0    0 846336 673952 203116 740894 22  8 55 16  0  0
26 13   6144 6010852 3038260 166825204    0    0 832368 666044 198717 734203 22  8 55 15  0  0
27  9   6144 6009588 3038260 166825232    0    0 833552 658356 196675 729234 22  8 55 15  0  0
27 10   6144 6007780 3038260 166825252    0    0 860080 672156 198185 752411 22  8 55 15  0  0
33 19   6144 6012708 3038260 166825272    0    0 846064 692024 189581 746042 22  7 56 16  0  0
25 14   6144 5998948 3038260 166825300    0    0 853600 675448 201157 749358 22  8 55 15  0  0
26 10   6144 5998384 3038260 166825328    0    0 854688 686200 201605 748274 22  8 55 15  0  0
25 10   6144 5994164 3038260 166825356    0    0 855440 674608 200713 748845 22  8 55 15  0  0
29 10   6144 6038060 3038260 166825384    0    0 855296 678756 201459 749672 22  8 55 15  0  0
21 14   6144 6063296 3038260 166825408    0    0 856096 686148 199971 749755 22  8 55 15  0  0
28  8   6144 6078996 3038260 166825424    0    0 848256 685224 188498 740535 22  7 56 16  0  0
23 14   6144 6072636 3038260 166825456    0    0 848944 676912 200967 744639 22  8 55 15  0  0
25 10   6144 6073364 3038260 166825488    0    0 851696 679944 199700 745173 22  8 55 15  0  0
23 16   6144 6069660 3038260 166825516    0    0 856464 674804 202127 750778 22  8 55 15  0  0
27 12   6144 6030816 3038260 166825544    0    0 858720 676592 202055 753421 22  8 55 15  0  0
25  8   6144 6023496 3038260 166825572    0    0 857024 680964 200805 755598 22  8 55 15  0  0
28 12   6144 6013836 3038260 166825588    0    0 859120 694820 188749 744205 22  7 56 16  0  0
22 14   6144 6033516 3038260 166825620    0    0 852592 670688 198222 747513 22  8 55 15  0  0
procs -----------memory---------- ---swap-- -----io---- -system-- -------cpu-------
 r  b   swpd   free   buff  cache   si   so    bi    bo   in   cs us sy id wa st gu
26 11   6144 6055068 3038260 166825648    0    0 851312 683536 200303 744521 22  8 55 15  0  0
18 17   6144 6051984 3038260 166825664    0    0 837296 687620 198555 738926 22  8 55 16  0  0
23 14   6144 6022192 3038260 166825696    0    0 868224 643820 199796 752307 22  8 55 15  0  0
31 14   6144 6010032 3038260 166825728    0    0 858672 653504 200105 751083 22  8 55 15  0  0
29  9   6144 6018668 3038260 166825748    0    0 872416 645588 188495 753804 22  7 56 15  0  0
24 13   6144 6051844 3038260 166825776    0    0 867312 641136 198195 755500 23  8 55 15  0  0
28 10   6144 6059376 3038260 166825804    0    0 859456 646252 198266 751993 22  8 55 15  0  0
25 12   6144 6046712 3038260 166825828    0    0 864016 653432 200611 756451 22  8 55 15  0  0
34  8   6144 6020648 3038260 166825856    0    0 861088 647532 200213 752179 22  8 55 15  0  0
28 11   6144 6066688 3038260 166825892    0    0 867008 661116 202086 757078 22  8 55 15  0  0
23 10   6144 6092780 3038260 166825908    0    0 871712 660436 190269 758083 22  7 56 15  0  0
29 13   6144 6065124 3038260 166825936    0    0 867872 661028 202346 756876 23  8 55 15  0  0
26 13   6144 6024208 3038260 166825960    0    0 870128 663328 203283 762657 23  8 55 15  0  0
31  9   6144 6020276 3038260 166826056    0    0 866704 660120 201216 757644 22  8 55 15  0  0
21 15   6144 6014004 3038260 166826092    0    0 865712 658808 207007 762163 22  8 54 15  0  0
27 11   6144 6007596 3038260 166826120    0    0 861088 652924 200558 755209 22  8 55 15  0  0
18 14   6144 6016032 3038260 166826140    0    0 871232 668552 194143 755857 22  8 55 15  0  0
33  8   6144 6036592 3038260 166826168    0    0 865856 664736 194192 749526 22  7 55 15  0  0
22 15   6144 6019144 3038260 166826192    0    0 872736 658600 202395 759710 23  8 54 15  0  0
28  9   6144 6020100 3038260 166826220    0    0 867424 670684 202145 759817 22  8 55 15  0  0
23 13   6144 6016472 3038260 166826252    0    0 868064 667324 203110 763881 22  8 54 15  0  0
procs -----------memory---------- ---swap-- -----io---- -system-- -------cpu-------
 r  b   swpd   free   buff  cache   si   so    bi    bo   in   cs us sy id wa st gu
26 13   6144 6011848 3038260 166826276    0    0 868224 661252 201663 758816 22  8 55 15  0  0
23 14   6144 6010032 3038260 166826300    0    0 873536 654544 195556 757706 22  8 55 15  0  0
28  8   6144 6009196 3038260 166826316    0    0 860544 675212 192025 745465 22  7 55 15  0  0
31  9   6144 6015020 3038260 166826352    0    0 866400 647588 200997 759292 22  8 55 15  0  0
25 11   6144 6012028 3038260 166826376    0    0 865680 672292 201858 761273 22  8 55 15  0  0
25 14   6144 6013888 3038260 166826404    0    0 872784 656656 201738 761737 22  8 54 15  0  0
23 14   6144 6010252 3038260 166826432    0    0 869808 663028 201543 759004 22  8 55 15  0  0
20 16   6144 6007764 3038260 166826460    0    0 871520 660504 199488 765536 22  8 55 15  0  0
23 16   6144 6010576 3038260 166826480    0    0 874240 664016 190535 758417 22  7 56 15  0  0
21 18   6144 6011136 3038260 166826508    0    0 868144 655248 200615 758782 22  8 55 15  0  0
26 13   6144 6010052 3038260 166826536    0    0 864704 659472 200452 758509 22  8 55 15  0  0
28  8   6144 6003676 3038260 166826564    0    0 874736 642832 201404 765806 23  8 55 15  0  0
28 12   6144 6003760 3038260 166826584    0    0 869440 631884 199671 759919 23  8 55 15  0  0
34  5   6144 6017232 3038260 166826624    0    0 871536 622376 199049 761239 23  8 55 15  0  0
28  9   6144 6015008 3038260 166826640    0    0 880192 647520 188322 761551 22  7 56 15  0  0
20 17   6144 6009228 3038260 166826664    0    0 872560 657316 199197 761120 23  8 54 15  0  0
24 13   6144 6016656 3038260 166826700    0    0 874224 644232 201613 764519 23  8 55 15  0  0
24 17   6144 6020292 3038260 166826728    0    0 868464 645520 200702 761160 22  8 55 15  0  0
29  9   6144 6005368 3038260 166826756    0    0 872128 640916 201398 761136 22  8 55 15  0  0
27 10   6144 6005572 3038260 166826784    0    0 864960 648116 198836 754568 22  8 55 15  0  0
25 10   6144 6026452 3038260 166826804    0    0 875200 650116 191339 756763 22  7 56 15  0  0
procs -----------memory---------- ---swap-- -----io---- -system-- -------cpu-------
 r  b   swpd   free   buff  cache   si   so    bi    bo   in   cs us sy id wa st gu
23 14   6144 6034520 3038260 166826824    0    0 868224 654516 196983 755422 23  8 55 15  0  0
25 13   6144 6025300 3038260 166826852    0    0 871232 649000 201944 761721 23  8 54 15  0  0
22 14   6144 6007840 3038260 166826884    0    0 866400 641792 200000 755520 22  8 55 15  0  0
25 18   6144 6015172 3038260 166826908    0    0 869520 653116 200871 761318 23  8 55 15  0  0
19 17   6144 6010604 3038260 166826936    0    0 867216 639744 201606 757993 23  8 55 15  0  0
23 12   6144 6003660 3038260 166826964    0    0 871968 644956 194582 756244 22  7 55 15  0  0
25  8   6144 5998792 3038260 166826984    0    0 868336 639420 192325 754612 22  8 55 15  0  0
25 10   6144 6018944 3038260 166827012    0    0 865120 646452 199633 757821 23  8 55 15  0  0
22 14   6144 6010860 3038260 166827044    0    0 864256 644716 199407 757234 23  8 55 15  0  0
18 21   6144 6001828 3038260 166827068    0    0 871952 647032 200889 760975 22  8 55 15  0  0
26 10   6144 6012876 3038260 166827096    0    0 866448 652156 205140 761283 23  8 54 15  0  0
25 11   6144 6002228 3038260 166827116    0    0 871776 640080 196002 759191 22  8 55 15  0  0
24 12   6144 6001664 3038260 166827136    0    0 871024 650668 190870 758371 22  7 55 15  0  0
20 18   6144 6043924 3038260 166827172    0    0 865568 642980 201352 759470 23  8 55 15  0  0
29 10   6144 6019704 3038260 166827200    0    0 861792 635740 199505 756639 22  8 55 15  0  0
27 12   6144 6004764 3038260 166827232    0    0 870608 645764 201477 763948 22  8 55 15  0  0
28  9   6144 6002272 3038260 166827260    0    0 862784 635484 199376 757822 22  8 55 15  0  0
23 11   6144 5995816 3038260 166827280    0    0 871104 640012 199341 761806 23  8 55 15  0  0
31  7   6144 5995564 3038260 166827300    0    0 878224 648436 188767 759714 22  7 56 15  0  0
26 11   6144 5995956 3038260 166827332    0    0 872288 648108 201110 760601 22  9 54 15  0  0
31  9   6144 6015488 3038260 166827356    0    0 873568 631384 200735 761853 23  8 54 15  0  0
procs -----------memory---------- ---swap-- -----io---- -system-- -------cpu-------
 r  b   swpd   free   buff  cache   si   so    bi    bo   in   cs us sy id wa st gu
25 13   6144 6008684 3038260 166827388    0    0 872176 628432 199816 763681 23  8 54 15  0  0
19 17   6144 5994100 3038260 166827412    0    0 869984 642296 201262 763607 23  8 54 15  0  0
25 12   6144 6018344 3038260 166827448    0    0 877296 621424 200592 763672 22  8 55 15  0  0
25 12   6144 6027960 3038260 166827464    0    0 864864 635428 188078 753787 22  7 56 15  0  0
25 17   6144 6011380 3038260 166827500    0    0 872576 642292 199196 763805 23  8 55 15  0  0
26 12   6144 6012852 3038260 166827532    0    0 870560 639328 201332 764569 23  8 55 15  0  0
24 15   6144 6005464 3038260 166827560    0    0 876464 640028 201070 764265 23  8 55 15  0  0
23 16   6144 6006984 3038260 166827592    0    0 873504 630944 199734 762809 22  8 55 15  0  0
23 18   6144 5995860 3038260 166827620    0    0 870144 637180 200466 764173 23  8 55 15  0  0
24 13   6144 5998376 3038260 166827640    0    0 868544 641688 193454 759117 22  7 55 15  0  0
26 13   6144 5989116 3038260 166827752    0    0 863952 627424 192050 753221 22  7 55 15  0  0
24 13   6144 6029348 3038260 166827780    0    0 870496 646440 201029 759091 22  8 55 15  0  0
14 24   6144 5995984 3038260 166827812    0    0 868048 635972 200006 764426 23  8 55 15  0  0
27 10   6144 6011268 3038260 166827836    0    0 864064 628004 200279 756185 22  8 55 15  0  0
29 12   6144 6014136 3038260 166827864    0    0 870352 642264 200015 760768 23  8 55 15  0  0
38 14   6144 6005804 3038260 166827892    0    0 875472 631832 195839 762487 23  8 55 15  0  0
24 15   6144 6002888 3038260 166827904    0    0 874928 641972 191579 761202 22  7 55 15  0  0
28  8   6144 5995320 3038260 166827940    0    0 872384 631188 199784 760223 23  8 54 15  0  0
27 12   6144 5998968 3038260 166827972    0    0 873456 639348 200849 764098 23  8 54 15  0  0
25 11   6144 6002388 3038260 166828000    0    0 843696 611776 192553 731276 22  8 55 15  0  0
26 10   6144 6002484 3038260 166828028    0    0 847792 631780 196245 743842 22  8 55 15  0  0
procs -----------memory---------- ---swap-- -----io---- -system-- -------cpu-------
 r  b   swpd   free   buff  cache   si   so    bi    bo   in   cs us sy id wa st gu
32  9   6144 6000108 3038260 166828048    0    0 881584 635728 200665 769758 23  8 55 15  0  0
22 16   6144 6015864 3038260 166828068    0    0 889232 638296 190335 769446 23  7 56 15  0  0
30  5   6144 6021760 3038260 166828100    0    0 883632 644580 203678 773194 23  8 54 14  0  0
28 10   6144 6005508 3038260 166828124    0    0 881232 650008 202970 770070 23  8 54 15  0  0
25 15   6144 6001104 3038260 166828152    0    0 882160 654068 202626 770378 23  8 55 14  0  0
27 12   6144 6002388 3038260 166828184    0    0 875232 640208 200953 769569 23  8 54 14  0  0
28 12   6144 5998260 3038260 166828208    0    0 881824 646184 200721 768205 23  8 55 14  0  0
21 18   6144 6002384 3038260 166828232    0    0 890144 647696 192770 769542 22  7 56 15  0  0
27 19   6144 6020108 3038260 166828256    0    0 889504 621760 198971 769816 23  8 55 14  0  0
26 11   6144 5997924 3038260 166828276    0    0 887568 647552 203940 773100 23  8 54 14  0  0
27  9   6144 5997880 3038260 166828308    0    0 884608 626480 201681 770940 23  8 55 14  0  0
28  9   6144 6001908 3038260 166828344    0    0 883760 633952 202016 773276 23  8 55 14  0  0
25 13   6144 5995516 3038260 166828376    0    0 884160 642816 201357 770853 23  8 55 14  0  0
28  9   6144 6022588 3038260 166828396    0    0 889040 643096 195991 776569 23  7 55 15  0  0
23 13   6144 6027020 3038260 166828416    0    0 890592 648976 197453 774331 23  7 55 15  0  0
23 15   6144 6000472 3038260 166828444    0    0 846560 612556 193939 738331 22  8 55 15  0  0
26 14   6144 5995212 3038260 166828472    0    0 848416 612780 194507 736988 22  8 55 15  0  0
35  7   6144 6016192 3038260 166828504    0    0 881424 620124 201371 770543 23  8 55 14  0  0
30  8   6144 6014796 3038260 166828532    0    0 879648 646504 204600 773335 23  8 54 14  0  0
23 13   6144 6015880 3038260 166828556    0    0 889120 629696 197401 769366 23  8 55 14  0  0
31  8   6144 6012468 3038260 166828576    0    0 888752 648604 196269 774111 23  7 55 15  0  0
procs -----------memory---------- ---swap-- -----io---- -system-- -------cpu-------
 r  b   swpd   free   buff  cache   si   so    bi    bo   in   cs us sy id wa st gu
20 20   6144 6004408 3038260 166828604    0    0 877552 642720 201823 767107 23  8 54 14  0  0
26 19   6144 6000240 3038260 166828640    0    0 884080 633484 201997 773409 23  8 55 14  0  0
26 13   6144 6010088 3038260 166828664    0    0 882816 638720 204746 774149 23  8 55 14  0  0
36 16   6144 6005012 3038260 166828688    0    0 884512 639616 203561 773581 23  8 54 14  0  0
24 15   6144 6008776 3038260 166828720    0    0 885056 629524 200406 776452 23  8 55 14  0  0
45  8   6144 6022656 3038260 166828736    0    0 891520 648404 193238 775395 23  7 55 15  0  0
23 12   6144 6034172 3038260 166828764    0    0 887328 632600 204491 775076 23  8 55 14  0  0
23 18   6144 6007164 3038260 166828792    0    0 880272 640492 203179 769236 23  8 54 14  0  0
23 15   6144 5999824 3038260 166828820    0    0 884992 630836 203240 770766 23  8 54 14  0  0
22 14   6144 5989436 3038260 166828848    0    0 883760 638304 202242 771256 23  8 54 14  0  0
24 12   6144 6013808 3038260 166828876    0    0 882368 642300 202184 769479 23  8 55 14  0  0
16 22   6144 6028156 3038260 166828896    0    0 860880 616000 183823 746574 22  7 56 15  0  0
27  9   6144 5999976 3038260 166828916    0    0 841968 598944 190204 727958 22  8 55 15  0  0
28  8   6144 5997984 3038260 166828944    0    0 884672 639748 201361 771701 23  8 55 14  0  0
28  9   6144 6004004 3038260 166828972    0    0 880464 650784 202975 771539 23  8 55 14  0  0
24 12   6144 6001596 3038260 166829000    0    0 881280 634464 203079 772947 23  8 54 14  0  0
27 10   6144 6000204 3038260 166829024    0    0 883488 637480 201899 771883 23  8 54 14  0  0
24  9   6144 5998944 3038260 166829056    0    0 884912 639892 194580 767147 23  7 55 15  0  0
26 11   6144 6001212 3038260 166829076    0    0 886608 627880 196590 771595 23  8 55 15  0  0
18 20   6144 5994132 3038260 166829100    0    0 877248 638256 201400 767831 23  8 54 14  0  0
15 24   6144 5995296 3038260 166829128    0    0 886704 623436 205801 774118 23  8 55 14  0  0
procs -----------memory---------- ---swap-- -----io---- -system-- -------cpu-------
 r  b   swpd   free   buff  cache   si   so    bi    bo   in   cs us sy id wa st gu
28  8   6144 5988096 3038260 166829156    0    0 886112 630972 201898 774430 23  8 55 14  0  0
24 13   6144 5989848 3038260 166829184    0    0 886576 632392 203756 774996 23  9 54 14  0  0
22 19   6144 5989460 3038260 166829212    0    0 886944 640248 199624 773840 23  8 55 15  0  0
29  8   6144 5986852 3038260 166829228    0    0 888176 632916 192937 768603 23  7 55 15  0  0
30  9   6144 5994768 3038260 166829252    0    0 881184 629096 203090 773725 23  8 54 14  0  0
27 11   6144 5987132 3038260 166829284    0    0 884992 637372 203207 775065 23  8 55 14  0  0
26 14   6144 6001764 3038260 166829388    0    0 882640 631648 202423 772747 23  8 54 14  0  0
27 14   6144 5998300 3038260 166829412    0    0 872336 632120 200526 763881 23  8 55 15  0  0
29 11   6144 5993544 3038260 166829444    0    0 822032 583592 189242 717543 22  7 55 16  0  0
29 10   6144 6011824 3038260 166829456    0    0 891328 629536 190008 770775 22  7 56 15  0  0
21 25   6144 6004036 3038260 166829488    0    0 883424 644644 202361 773608 23  8 54 14  0  0
25 12   6144 5996856 3038260 166829524    0    0 881840 620216 202273 771690 23  8 55 14  0  0
25 13   6144 5996728 3038260 166829548    0    0 881440 642824 203760 771582 23  8 54 14  0  0
29  8   6144 5996892 3038260 166829576    0    0 877584 621036 201990 771825 23  8 55 14  0  0
23 15   6144 5990924 3038260 166829604    0    0 884144 638628 202983 772739 23  8 54 14  0  0
28  9   6144 6020764 3038260 166829624    0    0 890496 642880 193509 771123 22  7 56 15  0  0
23 13   6144 6010348 3038260 166829652    0    0 883808 637388 197171 769854 23  8 55 14  0  0
28 10   6144 5990224 3038260 166829680    0    0 887216 630256 203588 775222 23  8 55 14  0  0
26 16   6144 5990340 3038260 166829704    0    0 886560 640452 202866 774451 23  8 55 14  0  0
32  9   6144 6013404 3038260 166829728    0    0 885088 638732 202558 776702 23  8 55 14  0  0
24 11   6144 6007688 3038260 166829756    0    0 883488 641308 202946 771707 23  8 55 14  0  0
procs -----------memory---------- ---swap-- -----io---- -system-- -------cpu-------
 r  b   swpd   free   buff  cache   si   so    bi    bo   in   cs us sy id wa st gu
23 14   6144 6002924 3038260 166829788    0    0 889808 638584 197427 770560 23  8 55 15  0  0
28 16   6144 6024992 3038260 166829804    0    0 888960 635524 194514 772705 23  8 55 15  0  0
25 11   6144 6022584 3038260 166829836    0    0 882496 626964 202793 771647 23  8 55 14  0  0
21 20   6144 6006804 3038260 166829856    0    0 882624 637224 202713 773159 23  8 54 14  0  0
31  9   6144 5997448 3038260 166829888    0    0 831520 583556 190265 727925 22  8 55 16  0  0
24 13   6144 6000600 3038260 166829912    0    0 859600 614352 197769 754214 22  8 55 15  0  0
21 13   6144 5995252 3038260 166829944    0    0 890512 621216 199418 771839 23  8 55 14  0  0
28 12   6144 6005500 3038260 166829960    0    0 889824 624104 192054 773336 22  7 56 15  0  0
29 10   6144 6018020 3038260 166829988    0    0 841840 599200 193793 734673 22  8 55 15  0  0
25 10   6144 5997288 3038260 166830016    0    0 856128 603028 196298 747727 22  8 55 15  0  0
21 24   6144 5994376 3038260 166830044    0    0 884384 622524 201811 773996 23  8 55 14  0  0
27 14   6144 5997312 3038260 166830072    0    0 883952 629252 202953 773702 23  8 54 14  0  0
21 13   6144 5994308 3038260 166830104    0    0 885680 621904 203208 773777 23  8 54 14  0  0
26 12   6144 5990432 3038260 166830120    0    0 890720 647676 191076 771237 22  7 56 15  0  0
25 14   6144 5997332 3038260 166830152    0    0 885488 626592 202206 773758 23  8 55 14  0  0
23 12   6144 5988688 3038260 166830176    0    0 887472 612764 202415 772686 23  8 55 14  0  0
25 12   6144 5987712 3038260 166830204    0    0 883728 635740 205057 777788 23  8 54 14  0  0
27  9   6144 5998528 3038260 166830232    0    0 883760 625856 202904 775087 23  8 54 14  0  0
22 13   6144 5997844 3038260 166830256    0    0 886112 641736 204206 773807 23  8 54 14  0  0
27 11   6144 5999728 3038260 166830276    0    0 891296 627632 194192 776440 23  7 55 15  0  0
27 11   6144 5992508 3038260 166830300    0    0 886048 639216 199288 772181 23  8 55 14  0  0
procs -----------memory---------- ---swap-- -----io---- -system-- -------cpu-------
 r  b   swpd   free   buff  cache   si   so    bi    bo   in   cs us sy id wa st gu
28  9   6144 5995356 3038260 166830332    0    0 840352 586408 191053 731411 22  8 55 15  0  0
15 22   6144 5992788 3038260 166830356    0    0 849456 623912 196889 748121 22  8 55 15  0  0
21 16   6144 6000244 3038260 166830388    0    0 888240 626752 202977 772766 23  8 54 14  0  0
21 16   6144 5993696 3038260 166830416    0    0 883008 627328 202575 772075 23  8 55 14  0  0
22 12   6144 5989536 3038260 166830436    0    0 850352 595712 186197 737056 21  7 56 16  0  0
29 12   6144 5992436 3038260 166830460    0    0 858528 613456 189889 750798 23  7 55 15  0  0
20 15   6144 5993292 3038260 166830496    0    0 887024 619592 202757 778489 23  8 55 14  0  0
29  9   6144 6006148 3038260 166830528    0    0 879808 639512 203086 769517 23  8 55 14  0  0
28  8   6144 6009284 3038260 166830556    0    0 884336 629308 202976 775864 23  8 55 14  0  0
26 12   6144 5992872 3038260 166830584    0    0 883264 626568 202237 774054 23  8 55 14  0  0
22 12   6144 5988468 3038260 166830612    0    0 886048 647512 199926 772475 23  8 55 14  0  0
24 13   6144 5988532 3038260 166830628    0    0 892768 630684 193372 776050 23  7 55 15  0  0
28 12   6144 5987772 3038260 166830656    0    0 885936 630540 203220 773991 23  8 55 14  0  0
24 15   6144 5986616 3038260 166830688    0    0 888288 622888 202406 775316 23  8 54 14  0  0
23 14   6144 5990452 3038260 166830712    0    0 886080 621308 202133 775167 23  8 55 14  0  0
24 13   6144 6009832 3038260 166830736    0    0 885200 623788 202728 774102 23  8 55 14  0  0
26  8   6144 6001640 3038260 166830768    0    0 883744 626964 201862 774932 23  8 55 14  0  0
27  9   6144 6000272 3038260 166830788    0    0 871024 628032 186731 751416 22  7 56 15  0  0
29 10   6144 5999068 3038260 166830808    0    0 844128 578600 188437 735519 22  8 55 15  0  0
18 17   6144 6012616 3038260 166830836    0    0 880752 623800 202014 771605 23  8 55 14  0  0
29  8   6144 5985976 3038260 166830864    0    0 883968 626604 201292 771500 23  8 55 14  0  0
procs -----------memory---------- ---swap-- -----io---- -system-- -------cpu-------
 r  b   swpd   free   buff  cache   si   so    bi    bo   in   cs us sy id wa st gu
22 12   6144 5988988 3038260 166830872    0    0 871280 604232 198461 756387 23  8 55 15  0  0
16 22   6144 5992788 3038260 166830900    0    0 839296 584220 191761 731402 22  8 55 15  0  0
29  7   6144 5990344 3038260 166830920    0    0 888832 620284 194787 772902 23  7 55 15  0  0
26 12   6144 5986168 3038260 166831012    0    0 887536 630384 198024 775481 23  8 55 14  0  0
31  5   6144 6000500 3038260 166831040    0    0 889536 618452 202366 775559 23  8 54 14  0  0
20 19   6144 5987800 3038260 166831072    0    0 885040 625192 202235 775543 23  8 54 14  0  0
29 10   6144 5997036 3038260 166831100    0    0 883648 624260 202604 772845 23  8 55 14  0  0
27 19   6144 5997084 3038260 166831124    0    0 887936 630072 203888 775327 23  8 55 14  0  0
22 17   6144 5986612 3038260 166831144    0    0 886080 626364 196835 771376 23  8 55 15  0  0
29  7   6144 5987688 3038260 166831172    0    0 888528 624320 192631 770757 22  8 55 15  0  0
33  9   6144 5984428 3038260 166831196    0    0 888704 626496 202307 774346 23  8 55 14  0  0
28  9   6144 5989884 3038260 166831220    0    0 886976 630944 200959 774188 23  8 55 14  0  0
27  9   6144 6016288 3038260 166831248    0    0 883248 631548 202675 776380 23  8 55 14  0  0
29 10   6144 6001288 3038260 166831276    0    0 880688 615744 201051 768936 23  8 55 14  0  0
19 16   6144 5994444 3038260 166831304    0    0 846192 597352 191194 733943 22  8 55 16  0  0
28 10   6144 5993992 3038260 166831324    0    0 862896 605144 183108 747963 22  7 56 15  0  0
25 13   6144 5988284 3038260 166831352    0    0 879904 631648 201820 773545 23  8 54 14  0  0
19 16   6144 5990588 3038260 166831384    0    0 858672 600516 197035 748245 22  8 55 15  0  0
18 20   6144 5990748 3038260 166831412    0    0 844080 606048 194388 738477 22  8 55 15  0  0
17 22   6144 6026952 3038260 166831440    0    0 886944 626976 202420 776158 23  8 55 14  0  0
24 11   6144 6007768 3038260 166831472    0    0 883552 623988 203241 775684 23  8 54 14  0  0
procs -----------memory---------- ---swap-- -----io---- -system-- -------cpu-------
 r  b   swpd   free   buff  cache   si   so    bi    bo   in   cs us sy id wa st gu
24  9   6144 6008928 3038260 166831488    0    0 894416 626716 191232 773317 22  7 56 15  0  0
32 10   6144 6015744 3038260 166831512    0    0 885680 632948 201134 772781 23  8 54 14  0  0
26 13   6144 6000208 3038260 166831540    0    0 885600 627144 202512 773324 23  8 55 14  0  0
28  8   6144 5990768 3038260 166831568    0    0 888160 611368 201955 773557 23  8 54 14  0  0
24 17   6144 5989676 3038260 166831596    0    0 881520 633788 202867 775499 23  8 54 14  0  0
26 10   6144 6016572 3038260 166831636    0    0 887152 624592 203325 774143 23  8 54 14  0  0
46  5   6144 6035056 3038260 166831648    0    0 890848 625364 193974 772775 23  7 55 15  0  0
26 17   6144 6028276 3038260 166831668    0    0 888192 625092 196324 772153 23  8 55 14  0  0
13 25   6144 6007076 3038260 166831700    0    0 885296 630744 203458 774159 23  8 55 14  0  0
27 11   6144 5997928 3038260 166831732    0    0 889888 617156 202899 774216 23  8 55 14  0  0
26 14   6144 5993684 3038260 166831756    0    0 881824 630192 202819 774193 23  8 55 14  0  0
24 12   6144 5985212 3038260 166831784    0    0 817856 580680 188256 712327 21  8 55 16  0  0
39 17   6144 5993196 3038260 166831812    0    0 884656 632364 197259 769761 22  8 55 15  0  0
28  8   6144 5989556 3038260 166831832    0    0 856640 578752 183346 734476 22  7 56 16  0  0
31  4   6144 5986748 3038260 166831856    0    0 856656 606540 196582 747481 22  8 55 15  0  0
28 12   6144 5989308 3038260 166831888    0    0 881072 615648 200951 769235 23  8 55 14  0  0
26 13   6144 5983352 3038260 166831920    0    0 885056 620656 201646 775018 23  8 54 14  0  0
14 24   6144 5994288 3038264 166831944    0    0 885488 626464 201457 774408 23  8 55 14  0  0
20 15   6144 5984460 3038264 166831972    0    0 886336 633400 200800 775755 23  8 55 14  0  0
25 13   6144 5998400 3038264 166831988    0    0 892736 635568 191155 778451 22  7 56 15  0  0
25 11   6144 6015520 3038264 166832024    0    0 882336 633152 202838 772155 23  8 55 14  0  0
procs -----------memory---------- ---swap-- -----io---- -system-- -------cpu-------
 r  b   swpd   free   buff  cache   si   so    bi    bo   in   cs us sy id wa st gu
27  9   6144 6012624 3038264 166832056    0    0 882592 618404 202777 772656 23  8 55 14  0  0
26 10   6144 6012008 3038264 166832076    0    0 883120 619884 201018 772693 23  8 54 14  0  0
26 12   6144 5984756 3038264 166832104    0    0 886928 618616 201817 774667 23  8 55 14  0  0
24 12   6144 5998160 3038264 166832128    0    0 886368 624500 201699 775570 23  8 54 14  0  0
17 20   6144 6025216 3038264 166832152    0    0 891584 629460 192180 774043 22  7 56 15  0  0
26 14   6144 6034928 3038264 166832180    0    0 886448 633684 199952 774294 23  8 55 14  0  0
29 10   6144 6045896 3038264 166832208    0    0 882432 617184 201378 771735 23  8 55 14  0  0
21 15   6144 6006332 3038264 166832232    0    0 865744 616436 198011 758610 23  8 55 15  0  0
21 14   6144 5987656 3038264 166832260    0    0 836080 575136 190567 726578 22  8 55 15  0  0
21 17   6144 5999260 3038264 166832300    0    0 840752 585952 191620 727766 22  8 55 15  0  0
19 15   6144 5998848 3038264 166832316    0    0 880032 626132 192355 762613 22  7 55 15  0  0
22 14   6144 5988848 3038264 166832340    0    0 885920 608784 196338 770276 23  8 55 14  0  0
28  8   6144 5999700 3038264 166832368    0    0 882464 615456 200985 774553 23  8 55 14  0  0
33  5   6144 5992664 3038264 166832388    0    0 883920 618600 201075 772855 23  8 55 14  0  0
28  8   6144 5993336 3038264 166832424    0    0 890640 617624 201803 774900 23  8 55 14  0  0
24 13   6144 5989628 3038264 166832456    0    0 881632 628448 201734 770321 23  8 55 14  0  0
19 16   6144 5994996 3038264 166832476    0    0 886720 621436 198150 774460 23  8 55 14  0  0
37 15   6144 6003732 3038264 166832496    0    0 891712 622644 193080 772223 23  7 55 15  0  0
27 12   6144 5996412 3038264 166832512    0    0 885888 617176 202938 775892 23  8 54 14  0  0
24 13   6144 5997492 3038264 166832548    0    0 884368 624768 201966 775072 23  8 55 14  0  0
22 16   6144 5990084 3038264 166832572    0    0 888336 616776 202868 774107 23  8 55 14  0  0
procs -----------memory---------- ---swap-- -----io---- -system-- -------cpu-------
 r  b   swpd   free   buff  cache   si   so    bi    bo   in   cs us sy id wa st gu
24 14   6144 5990744 3038264 166832668    0    0 887984 623092 202926 775498 23  8 55 14  0  0
31  7   6144 5984608 3038264 166832696    0    0 887632 613400 201854 781599 23  8 55 14  0  0
22 12   6144 5985892 3038264 166832716    0    0 889392 637236 191387 775836 23  7 56 15  0  0
32  7   6144 5989936 3038264 166832752    0    0 886672 620908 202461 780006 23  8 55 14  0  0
14 23   6144 5994824 3038264 166832784    0    0 846672 596288 193818 743134 22  8 55 15  0  0
29  7   6144 5983200 3038264 166832812    0    0 851984 592384 194428 746298 22  8 55 15  0  0
27 11   6144 5971496 3038264 166832836    0    0 826576 582652 189225 722466 22  8 55 16  0  0
32 19   6144 5978588 3038264 166832868    0    0 880400 619608 201526 772719 23  8 54 14  0  0
24 12   6144 5981832 3038264 166832888    0    0 892976 607456 191839 768955 22  7 56 15  0  0
22 14   6144 6004508 3038264 166832912    0    0 887056 632536 199359 770895 23  8 55 14  0  0
24 11   6144 5992056 3038264 166832940    0    0 887232 621824 203316 774821 23  8 54 14  0  0
24 12   6144 5985880 3038264 166832972    0    0 888592 616148 202554 775734 23  8 55 14  0  0
28  8   6144 5985776 3038264 166832996    0    0 882368 627620 201986 773531 23  8 55 14  0  0
22 14   6144 5981896 3038264 166833028    0    0 881632 618460 201359 773428 23  8 55 14  0  0
26 13   6144 5982488 3038264 166833044    0    0 885632 619532 194694 773232 22  8 56 14  0  0
27  9   6144 5983712 3038264 166833064    0    0 885264 622300 196257 772843 23  8 55 14  0  0
19 17   6144 5974876 3038264 166833092    0    0 881344 637700 201203 771282 23  8 55 14  0  0
19 21   6144 5991572 3038264 166833124    0    0 884208 624328 201764 773050 23  8 55 14  0  0
27 13   6144 5978008 3038264 166833148    0    0 885072 624652 200543 773402 23  8 55 14  0  0
28  9   6144 5981464 3038264 166833184    0    0 887152 622312 203006 774445 23  8 54 14  0  0
26  8   6144 6000556 3038264 166833204    0    0 888400 615800 199759 776900 23  8 55 14  0  0
procs -----------memory---------- ---swap-- -----io---- -system-- -------cpu-------
 r  b   swpd   free   buff  cache   si   so    bi    bo   in   cs us sy id wa st gu
22 14   6144 6006144 3038264 166833228    0    0 889568 623192 192991 770393 23  7 56 15  0  0
11 26   6144 6018972 3038264 166833256    0    0 828816 579292 188167 714195 22  7 55 16  0  0
27  8   6144 5994076 3038264 166833280    0    0 825856 567816 187984 718617 21  8 55 16  0  0
32  8   6144 6003208 3038264 166833312    0    0 880496 617048 201377 771409 23  8 55 14  0  0
25 16   6144 5988012 3038264 166833340    0    0 882528 621064 202713 775379 23  8 55 14  0  0
30 10   6144 5975004 3038264 166833368    0    0 884512 619008 202160 774899 23  8 54 14  0  0
29  8   6144 5973076 3038264 166833388    0    0 891456 613004 190567 771649 23  7 56 15  0  0
21 17   6144 5994268 3038264 166833416    0    0 888416 637752 202471 774930 23  8 54 14  0  0
31 10   6144 5993256 3038264 166833448    0    0 888048 619032 202380 776414 23  8 54 14  0  0
29 11   6144 5994964 3038264 166833472    0    0 887664 612600 201706 775935 23  8 55 14  0  0
30  8   6144 5989684 3038264 166833500    0    0 882752 625980 201893 772241 23  8 55 14  0  0
23 14   6144 5981856 3038264 166833524    0    0 887424 620808 202233 776276 23  8 55 14  0  0
23 15   6144 6002900 3038264 166833544    0    0 888208 626228 194439 775817 23  7 55 15  0  0
24 12   6144 6022644 3038264 166833568    0    0 889360 627120 197859 773371 23  8 55 14  0  0
22 20   6144 5985376 3038264 166833596    0    0 885552 624600 203491 777463 23  8 55 14  0  0
25 13   6144 5979908 3038264 166833628    0    0 887440 614524 201577 777503 23  8 55 14  0  0
18 23   6144 5976792 3038264 166833652    0    0 883568 622344 202295 774017 23  8 55 14  0  0
28 11   6144 5986064 3038264 166833680    0    0 882544 619716 201915 774106 23  8 55 14  0  0
29  8   6144 5986140 3038264 166833708    0    0 877424 606188 193975 762514 23  8 55 15  0  0
22 13   6144 5984808 3038264 166833728    0    0 793952 543452 170129 682867 21  7 56 17  0  0
22 13   6144 5981520 3038264 166833756    0    0 858272 610080 197638 751049 22  8 55 15  0  0
procs -----------memory---------- ---swap-- -----io---- -system-- -------cpu-------
 r  b   swpd   free   buff  cache   si   so    bi    bo   in   cs us sy id wa st gu
22 17   6144 5980092 3038264 166833788    0    0 881040 625892 201622 772268 23  8 55 14  0  0
17 18   6144 5985012 3038264 166833820    0    0 886096 605840 200713 773533 23  8 55 14  0  0
28 12   6144 5981696 3038264 166833852    0    0 886624 627508 202180 773181 23  8 54 14  0  0
20 15   6144 5981780 3038264 166833880    0    0 888560 626436 200208 773820 23  8 55 14  0  0
22 14   6144 5988376 3038264 166833904    0    0 894272 621216 191582 774129 23  7 55 15  0  0
28  6   6144 5979676 3038264 166833924    0    0 888896 614856 202203 774375 23  8 55 14  0  0
24 15   6144 5986188 3038264 166833948    0    0 883792 631944 202246 771404 23  8 55 14  0  0
26 12   6144 6004860 3038264 166833972    0    0 883392 619104 202623 773515 23  8 55 14  0  0
23 13   6144 6011984 3038264 166834008    0    0 888832 620292 203047 775956 23  8 54 14  0  0
18 15   6144 5989500 3038264 166834036    0    0 889744 619504 202467 775026 23  8 55 14  0  0
21 13   6144 5988432 3038264 166834052    0    0 893200 627316 191510 773829 22  7 56 15  0  0
22 13   6144 5988464 3038264 166834076    0    0 890032 616872 201555 777982 23  8 55 14  0  0
21 18   6144 5989216 3038264 166834100    0    0 887520 636544 203126 775274 23  8 55 14  0  0
30  6   6144 5984572 3038264 166834140    0    0 886912 603376 202569 774558 23  8 55 14  0  0
26 13   6144 5977636 3038264 166834168    0    0 883312 622860 202724 775178 23  8 54 14  0  0
17 21   6144 5978740 3038264 166834192    0    0 847632 590112 191508 736173 22  8 55 15  0  0
23 12   6144 5977664 3038264 166834212    0    0 809584 560676 174339 695709 21  7 56 16  0  0
23 15   6144 5980912 3038264 166834240    0    0 882784 633920 197773 772934 23  8 55 15  0  0
26 14   6144 5979328 3038264 166834340    0    0 883040 610112 200842 772591 23  8 55 14  0  0
19 16   6144 5977596 3038264 166834364    0    0 884512 623368 201736 771975 23  8 55 14  0  0
24 13   6144 5973980 3038264 166834392    0    0 887936 613812 202054 773327 23  8 55 14  0  0
procs -----------memory---------- ---swap-- -----io---- -system-- -------cpu-------
 r  b   swpd   free   buff  cache   si   so    bi    bo   in   cs us sy id wa st gu
27 11   6144 5977860 3038264 166834420    0    0 889088 621964 203226 778720 23  8 54 14  0  0
24 12   6144 5974956 3038264 166834440    0    0 887968 628076 197585 774961 23  8 55 14  0  0
23 11   6144 5979552 3038264 166834460    0    0 893184 614992 192586 771433 23  7 55 15  0  0
27 12   6144 5965656 3038264 166834484    0    0 880576 618664 201567 773118 23  8 55 14  0  0
27  9   6144 5966028 3038264 166834512    0    0 882608 617736 202877 771791 23  8 55 14  0  0
28  8   6144 5972572 3038264 166834536    0    0 886160 620664 202746 774575 23  8 54 14  0  0
32  6   6144 5971100 3038264 166834568    0    0 884720 629164 204231 773325 23  8 54 14  0  0
27  8   6144 5982480 3038264 166834600    0    0 883488 614564 200532 774791 23  8 55 14  0  0
25 10   6144 5979080 3038264 166834612    0    0 897552 611824 191952 774206 23  7 56 15  0  0
27  8   6144 5973728 3038264 166834640    0    0 885872 621116 204486 777164 23  8 54 14  0  0
24 14   6144 5975680 3038264 166834672    0    0 885872 625224 203051 774993 23  8 55 14  0  0
23 15   6144 5988560 3038264 166834704    0    0 847552 592932 192976 739241 22  8 55 15  0  0
17 19   6144 5965936 3038264 166834732    0    0 853104 590424 193350 741425 22  8 55 15  0  0
20 19   6144 5975888 3038264 166834764    0    0 833600 584856 190872 725743 22  8 55 16  0  0
27 12   6144 5981976 3038264 166834788    0    0 892560 611696 193154 775882 22  7 56 15  0  0
26 11   6144 5967100 3038264 166834808    0    0 884880 628680 198640 773456 23  8 55 14  0  0
28 12   6144 5962648 3038264 166834840    0    0 885760 612536 201597 773968 23  8 55 14  0  0
25 10   6144 5969848 3038264 166834860    0    0 885520 631012 202143 776180 23  8 55 14  0  0
23 12   6144 5975248 3038264 166834892    0    0 888944 618680 203282 777628 23  8 55 14  0  0
25 13   6144 5975528 3038264 166834920    0    0 882752 633804 203349 773493 23  8 54 14  0  0
21 13   6144 5964196 3038264 166834948    0    0 890656 611904 197510 777091 23  8 55 14  0  0
procs -----------memory---------- ---swap-- -----io---- -system-- -------cpu-------
 r  b   swpd   free   buff  cache   si   so    bi    bo   in   cs us sy id wa st gu
28 10   6144 5965724 3038264 166834968    0    0 889920 628928 195932 775738 23  7 55 15  0  0
19 19   6144 5976276 3038264 166834992    0    0 886848 609216 201992 777109 23  8 55 14  0  0
23 18   6144 5975484 3038264 166835024    0    0 880880 626048 202035 770891 23  8 55 14  0  0
27 15   6144 5973068 3038264 166835052    0    0 888512 611388 203720 781010 23  8 55 14  0  0
28 13   6144 5986956 3038264 166835084    0    0 884192 630620 203424 778169 23  8 55 14  0  0
32  6   6144 5983096 3038264 166835108    0    0 889728 608824 200079 777281 23  8 55 14  0  0
26 11   6144 5982360 3038264 166835124    0    0 894320 638460 192019 773679 23  7 56 15  0  0
31 12   6144 5985932 3038264 166835156    0    0 887360 615864 202861 776596 23  8 55 14  0  0
23 17   6144 5977336 3038264 166835184    0    0 832080 572848 189407 723205 22  8 55 16  0  0
26 12   6144 5977904 3038264 166835212    0    0 848448 602560 195305 745904 22  8 55 15  0  0
24 11   6144 5987632 3038264 166835244    0    0 837568 581304 191134 731049 22  8 55 15  0  0
21 19   6144 5974440 3038264 166835268    0    0 885072 614168 201730 773190 23  8 55 14  0  0
26 17   6144 5978440 3038264 166835280    0    0 894768 622932 192933 779696 22  7 56 15  0  0
33  8   6144 5979116 3038264 166835312    0    0 887088 634520 200633 777521 23  8 55 14  0  0
28  8   6144 5974968 3038264 166835368    0    0 884256 628492 204502 777945 23  8 54 14  0  0
27 12   6144 5948632 3038268 166835684    0    0 886672 617200 205592 777142 24  8 54 14  0  0
26 10   6144 5947412 3038268 166835396    0    0 889136 609584 204806 778282 23  9 54 14  0  0
28 12   6144 5956532 3038268 166835424    0    0 884896 630156 203755 778103 23  8 55 14  0  0
24 12   6144 5962776 3038268 166835452    0    0 888688 617552 196192 772033 23  8 55 14  0  0
26 12   6144 5955564 3038268 166835468    0    0 891568 608312 196158 772689 23  8 55 14  0  0
23 14   6144 5969276 3038268 166835496    0    0 889408 624872 202784 774238 23  8 55 14  0  0
procs -----------memory---------- ---swap-- -----io---- -system-- -------cpu-------
 r  b   swpd   free   buff  cache   si   so    bi    bo   in   cs us sy id wa st gu
23 14   6144 5973648 3038268 166835524    0    0 888048 614256 202105 771942 23  8 55 14  0  0
28 10   6144 5971492 3038268 166835556    0    0 887904 618884 203525 780063 23  8 54 14  0  0
29 10   6144 5975468 3038268 166835584    0    0 888000 615720 203394 775789 23  8 55 14  0  0
23 13   6144 5972956 3038268 166835616    0    0 887168 624220 199422 776057 23  8 55 14  0  0
29 14   6144 5970540 3038268 166835628    0    0 875872 605940 188531 759446 22  7 56 15  0  0
24 13   6144 5965492 3038268 166835656    0    0 834512 573004 189197 725436 22  8 55 15  0  0
20 17   6144 5968972 3038268 166835696    0    0 858640 597420 195696 748722 22  8 55 15  0  0
25 11   6144 5965332 3038268 166835716    0    0 840848 584520 190710 730987 22  8 55 15  0  0
26 16   6144 5970672 3038268 166835740    0    0 885616 616684 202322 773597 23  8 55 14  0  0
27 11   6144 5965028 3038268 166835768    0    0 889872 611144 202787 779623 23  8 55 14  0  0
27 12   6144 5964444 3038268 166835784    0    0 893600 625148 192840 777348 23  7 56 15  0  0
25 13   6144 5963508 3038268 166835812    0    0 886432 622560 201357 772482 23  8 54 14  0  0
27  8   6144 5967196 3038268 166835844    0    0 889552 614236 202546 773767 23  8 55 14  0  0
40 11   6144 5968860 3038268 166835872    0    0 885392 616068 203069 776160 23  8 55 14  0  0
23 15   6144 5963224 3038268 166835900    0    0 883984 602284 202347 773257 23  8 55 14  0  0
17 23   6144 5972824 3038268 166836012    0    0 885280 619860 203906 776593 23  8 54 14  0  0
25 11   6144 5970980 3038268 166836036    0    0 889328 629876 191923 769174 22  7 56 15  0  0
21 17   6144 5963304 3038268 166836064    0    0 890144 616788 198848 775924 23  8 55 14  0  0
30  7   6144 5962276 3038268 166836096    0    0 888784 610484 203537 775756 23  8 54 14  0  0
23 13   6144 5959600 3038268 166836124    0    0 881456 633264 202214 774680 23  8 55 14  0  0
24 16   6144 5958904 3038268 166836156    0    0 889888 617280 204108 777722 23  8 54 14  0  0
procs -----------memory---------- ---swap-- -----io---- -system-- -------cpu-------
 r  b   swpd   free   buff  cache   si   so    bi    bo   in   cs us sy id wa st gu
23 13   6144 5946512 3038268 166836184    0    0 883952 617788 204193 777168 23  9 54 14  0  0
30  8   6144 5951856 3038268 166836212    0    0 858464 582840 188121 742264 22  7 55 15  0  0
18 19   6144 5961384 3038268 166836232    0    0 857088 602824 187810 742324 22  7 55 15  0  0
26 10   6144 5960904 3038268 166836256    0    0 872336 596680 199480 759478 22  8 55 15  0  0
29  7   6144 5962984 3038268 166836276    0    0 849344 595620 195757 747733 22  8 55 15  0  0
24 13   6144 5969072 3038268 166836308    0    0 855888 600036 196109 746219 22  8 55 15  0  0
29 17   6144 5956996 3038268 166836340    0    0 886880 612604 202274 775797 23  8 54 14  0  0
22 13   6144 5961196 3038268 166836368    0    0 887424 608060 199912 773126 23  8 55 14  0  0
23 15   6144 5962760 3038268 166836380    0    0 892528 624244 192386 774585 23  7 56 15  0  0
26 10   6144 5958844 3038268 166836408    0    0 886656 616036 202876 775710 23  8 55 14  0  0
18 20   6144 5958444 3038268 166836436    0    0 885712 630436 204994 777525 23  8 55 14  0  0
31  6   6144 5853708 3038268 166836516    0    0 886272 604060 205433 774189 24  9 53 14  0  0
28 11   6144 5791740 3038268 166836744    0    0 880464 619164 205316 774732 24  9 53 14  0  0
21 14   6144 5713020 3038268 166836776    0    0 884560 604656 204174 774163 25  8 53 14  0  0
22 13   6144 5703048 3038268 166837004    0    0 886608 624356 193790 773010 24  8 54 14  0  0
26  9   6144 5655432 3038268 166837236    0    0 886176 614460 200276 774115 24  8 54 14  0  0
17 21   6144 5780308 3038268 166837456    0    0 887168 615048 202517 773811 24  9 53 14  0  0
28 13   6144 5676232 3038268 166837484    0    0 884464 612968 204772 775235 24  9 53 14  0  0
28 19   6144 5654672 3038272 166837712    0    0 866416 605536 199833 760332 24  8 53 14  0  0
27 11   6144 5641080 3038272 166837940    0    0 837104 572340 191354 734197 23  8 54 15  0  0
27 13   6144 5598772 3038272 166837956    0    0 881104 622916 196021 767351 24  8 54 15  0  0
procs -----------memory---------- ---swap-- -----io---- -system-- -------cpu-------
 r  b   swpd   free   buff  cache   si   so    bi    bo   in   cs us sy id wa st gu
27  9   6144 5560232 3038272 166838172    0    0 860384 602344 190296 743836 23  8 54 15  0  0
22 18   6144 5523604 3038272 166838384    0    0 838144 578916 191486 730646 23  8 54 15  0  0
33  8   6144 5596900 3038272 166838636    0    0 884496 612764 204133 775542 24  8 53 14  0  0
32  7   6144 5626192 3038272 166838664    0    0 882528 616676 203758 773648 24  9 53 14  0  0
26 12   6144 5580864 3038272 166838904    0    0 884800 605752 203226 770870 24  8 53 14  0  0
23 13   6144 5609568 3038272 166839128    0    0 881264 625156 202542 775596 24  8 53 14  0  0
25 11   6144 5605968 3038272 166839148    0    0 895760 611172 192136 775109 24  7 54 14  0  0
24 13   6144 5589216 3038272 166839364    0    0 879872 623492 202881 771968 24  9 53 14  0  0
25  9   6144 5629892 3038272 166839588    0    0 879792 607992 202708 774265 24  9 53 14  0  0
35  4   6144 5658076 3038272 166839800    0    0 886016 617476 203698 771807 24  9 53 14  0  0
26 11   6144 5621372 3038272 166839824    0    0 884880 615592 202593 774611 24  8 53 14  0  0
31  7   6144 5602248 3038272 166840060    0    0 882704 621128 204430 773879 24  9 53 14  0  0
20 17   6144 5686708 3038272 166840284    0    0 888080 618084 195272 773038 24  8 54 14  0  0
32  9   6144 5666232 3038272 166840508    0    0 886000 624244 198245 774376 24  8 54 14  0  0
26 10   6144 5594008 3038272 166840536    0    0 882080 619656 202848 775124 24  8 53 14  0  0
31 11   6144 5566024 3038272 166840752    0    0 853792 591048 195882 745008 23  8 54 15  0  0
36  9   6144 5679972 3038272 166841004    0    0 843984 579512 193165 735561 23  8 54 15  0  0
29  9   6144 5610712 3038272 166841036    0    0 880816 613796 201703 767677 24  8 54 14  0  0
21 15   6144 5566224 3038272 166841056    0    0 870000 605724 193694 757303 24  8 54 15  0  0
24 13   6144 5600472 3038272 166841508    0    0 848864 589000 186422 735223 23  7 54 15  0  0
23 13   6144 5583356 3038272 166841540    0    0 853440 596596 197867 745141 23  8 54 15  0  0
procs -----------memory---------- ---swap-- -----io---- -system-- -------cpu-------
 r  b   swpd   free   buff  cache   si   so    bi    bo   in   cs us sy id wa st gu
24 12   6144 5574728 3038272 166841768    0    0 881152 618420 203963 770522 24  9 53 14  0  0
26 11   6144 5565208 3038272 166841980    0    0 884032 615384 202879 776445 24  8 53 14  0  0
28 12   6144 5549188 3038272 166842004    0    0 883184 623224 204924 779881 24  9 53 14  0  0
24 14   6144 5656808 3038272 166842252    0    0 884304 632652 203691 780578 24  9 53 14  0  0
22 14   6144 5627260 3038272 166842448    0    0 892848 622596 191629 779416 24  7 55 15  0  0
30 10   6144 5689104 3038272 166842676    0    0 881376 626392 203772 781069 24  9 53 14  0  0
29  9   6144 5658896 3038272 166842704    0    0 883712 631788 202958 775227 24  8 53 14  0  0
32  5   6144 5662256 3038272 166842916    0    0 883216 623424 204185 779155 24  9 53 14  0  0
30 11   6144 5671892 3038272 166843168    0    0 885280 625324 203329 783961 24  8 53 14  0  0
27 10   6144 5584152 3038272 166843200    0    0 885952 620880 204894 780800 24  9 53 14  0  0
23 16   6144 5570844 3038272 166843428    0    0 890480 633344 197465 782723 24  8 54 14  0  0
22 16   6144 5585708 3038272 166837768    0    0 869968 601128 193199 761837 23  8 54 15  0  0
23 15   6144 5711068 3038272 166837860    0    0 848768 597964 192925 747756 22  8 55 15  0  0
27 11   6144 5788608 3038272 166837888    0    0 881232 617144 201910 781392 23  8 55 14  0  0
26 14   6144 5849784 3038272 166837916    0    0 884880 632144 203706 779903 23  8 55 14  0  0
16 22   6144 5914168 3038272 166837944    0    0 866928 613924 199196 765140 22  8 55 15  0  0
14 23   6144 5949844 3038272 166837972    0    0 845120 594432 189132 744621 22  7 55 15  0  0
29 13   6144 5977372 3038272 166837988    0    0 866624 604628 188499 760658 22  7 55 15  0  0
31  4   6144 6002468 3038272 166838020    0    0 886208 633224 204233 784423 23  8 54 14  0  0
26  9   6144 5981116 3038272 166838048    0    0 887696 625080 205071 786176 23  8 54 14  0  0
26  8   6144 5971064 3038272 166838076    0    0 889056 627464 204238 783195 23  8 54 14  0  0
procs -----------memory---------- ---swap-- -----io---- -system-- -------cpu-------
 r  b   swpd   free   buff  cache   si   so    bi    bo   in   cs us sy id wa st gu
26 13   6144 5971324 3038276 166838104    0    0 882224 631992 203239 781039 23  8 54 14  0  0
21 14   6144 5967900 3038276 166838132    0    0 890128 618352 201489 788596 23  8 55 14  0  0
29 12   6144 5981156 3038276 166838152    0    0 889664 639168 193307 780888 23  7 55 15  0  0
28  8   6144 5995424 3038276 166838176    0    0 887040 623844 203671 784891 23  8 54 14  0  0
25 14   6144 5994932 3038276 166838204    0    0 887024 635448 203462 783220 23  8 54 14  0  0
24 13   6144 5977972 3038276 166838236    0    0 888752 620596 204066 785023 23  8 54 14  0  0
22 13   6144 5997432 3038276 166838260    0    0 889568 629320 204026 783919 23  8 54 14  0  0
31  6   6144 5991560 3038276 166838288    0    0 873392 613244 199754 771010 22  8 55 15  0  0
29  9   6144 6000536 3038276 166838304    0    0 846480 587996 179690 736948 22  6 56 16  0  0
18 18   6144 6016000 3038276 166838332    0    0 879216 630296 200637 775040 23  8 55 14  0  0
26 11   6144 5996840 3038276 166838360    0    0 883008 621720 203387 781352 23  8 54 14  0  0
21 14   6144 5979232 3038276 166838392    0    0 885936 628816 203818 785273 23  8 55 14  0  0
23 12   6144 5968856 3038276 166838424    0    0 861456 615876 198816 757374 22  8 55 15  0  0
28  8   6144 5969884 3038276 166838456    0    0 850384 603572 195468 746134 22  8 55 15  0  0
25 10   6144 5971376 3038276 166838472    0    0 868544 597164 188443 759476 22  7 56 15  0  0
21 14   6144 5964488 3038276 166838496    0    0 888592 627388 199073 780590 23  8 55 14  0  0
31  6   6144 5969024 3038276 166838528    0    0 885728 625792 202757 785804 23  8 55 14  0  0
24 13   6144 5973668 3038276 166838556    0    0 883904 638128 204016 782391 23  8 54 14  0  0
23 19   6144 5976744 3038276 166838584    0    0 886736 621460 203382 782895 23  8 54 14  0  0
26 12   6144 5975320 3038276 166838616    0    0 886288 619448 203209 783520 23  8 55 14  0  0
15 20   6144 5977864 3038276 166838640    0    0 890368 634936 197958 781529 23  8 55 14  0  0
procs -----------memory---------- ---swap-- -----io---- -system-- -------cpu-------
 r  b   swpd   free   buff  cache   si   so    bi    bo   in   cs us sy id wa st gu
24 11   6144 5994696 3038276 166838664    0    0 888048 631508 195326 778650 23  8 55 15  0  0
18 19   6144 5986268 3038276 166838692    0    0 887312 627160 203879 784028 23  8 54 14  0  0
25 17   6144 5969176 3038276 166838712    0    0 887456 629020 203297 780352 23  8 55 14  0  0
27  9   6144 5981836 3038276 166838736    0    0 886704 623016 203808 785282 23  8 55 14  0  0
22 14   6144 5983616 3038280 166838764    0    0 863552 625276 199788 766873 22  8 55 15  0  0
22 14   6144 5973720 3038280 166838800    0    0 853552 602596 191545 749839 22  8 55 15  0  0
30  7   6144 5984748 3038280 166838812    0    0 861808 598392 185846 754052 22  7 56 15  0  0
23 13   6144 5991776 3038280 166838844    0    0 884080 633804 204124 781857 23  8 54 14  0  0
25 15   6144 5985036 3038280 166838872    0    0 884224 619080 201708 784105 23  8 54 14  0  0
26 13   6144 5990060 3038280 166838900    0    0 854672 613468 197595 755766 22  8 55 15  0  0
17 19   6144 5988032 3038280 166838932    0    0 852272 589840 195493 753510 22  8 55 15  0  0
17 21   6144 5996076 3038280 166838960    0    0 870048 623380 198827 767828 23  8 55 15  0  0
29 17   6144 6006952 3038280 166838972    0    0 893872 634424 192961 783452 23  7 55 15  0  0
23 16   6144 6009212 3038280 166839000    0    0 886032 631948 203244 785914 23  8 55 14  0  0
23 14   6144 5978048 3038280 166839032    0    0 887456 620744 203575 783068 23  8 55 14  0  0
22 17   6144 5972956 3038280 166839068    0    0 887264 630272 202708 781693 23  8 55 14  0  0
19 16   6144 5972888 3038280 166839092    0    0 886464 627536 203616 782409 23  8 55 14  0  0
26 13   6144 5983060 3038280 166839120    0    0 887504 618540 203440 786320 23  8 55 14  0  0
27 10   6144 5979804 3038280 166839140    0    0 890080 646156 193468 782669 22  7 56 15  0  0
25 10   6144 5980916 3038280 166839160    0    0 889664 627200 202229 781730 23  8 54 14  0  0
32  7   6144 5992552 3038280 166839192    0    0 893952 622920 203310 784251 23  8 55 14  0  0
procs -----------memory---------- ---swap-- -----io---- -system-- -------cpu-------
 r  b   swpd   free   buff  cache   si   so    bi    bo   in   cs us sy id wa st gu
26 12   6144 5983384 3038280 166839220    0    0 884544 639228 204214 783665 23  8 54 14  0  0
28 11   6144 5969736 3038280 166839248    0    0 858128 593984 196035 755982 22  8 55 15  0  0
21 18   6144 5968624 3038280 166839276    0    0 853552 596200 194675 749185 22  8 55 15  0  0
30  7   6144 5970728 3038280 166839296    0    0 875344 619764 189862 767824 22  7 56 15  0  0
26 12   6144 5982796 3038280 166839324    0    0 881216 631152 199310 782482 23  8 55 14  0  0
24 16   6144 5974768 3038280 166839352    0    0 868128 619220 199253 763823 23  8 55 15  0  0
26 11   6144 5970920 3038280 166839376    0    0 856016 596980 194750 754677 22  8 55 15  0  0
27 10   6144 5966192 3038280 166839416    0    0 852784 604384 195379 757143 22  8 55 15  0  0
31  9   6144 5969828 3038280 166839440    0    0 888992 627320 202097 787599 23  8 55 14  0  0
22 12   6144 5974332 3038280 166839532    0    0 887360 634028 197065 783119 23  8 55 15  0  0
26  8   6144 5971636 3038280 166839556    0    0 892160 631252 196118 781615 23  8 55 15  0  0
29 10   6144 5969708 3038280 166839588    0    0 890928 624440 203173 787477 23  8 54 14  0  0
27 10   6144 5977508 3038280 166839616    0    0 884944 637116 203867 784011 23  8 54 14  0  0
23 17   6144 5976104 3038280 166839644    0    0 886048 624504 202813 785292 23  8 54 14  0  0
27 13   6144 5992644 3038280 166839668    0    0 889680 621776 203598 785638 23  8 54 14  0  0
25 12   6144 6003448 3038280 166839692    0    0 888784 628840 200120 784614 23  8 55 14  0  0
28  8   6144 5993572 3038280 166839716    0    0 889328 634876 194187 785849 23  8 55 15  0  0
35 13   6144 5990584 3038280 166839744    0    0 888720 634348 203784 780139 23  8 54 14  0  0
25 12   6144 6007276 3038280 166839772    0    0 877024 607652 200481 774078 23  8 55 15  0  0
28 10   6144 5983976 3038280 166839804    0    0 857888 610596 195954 756467 22  8 55 15  0  0
33  8   6144 5970212 3038280 166839828    0    0 848896 598084 194500 756522 22  8 55 15  0  0
procs -----------memory---------- ---swap-- -----io---- -system-- -------cpu-------
 r  b   swpd   free   buff  cache   si   so    bi    bo   in   cs us sy id wa st gu
29  8   6144 5981460 3038280 166839856    0    0 795136 577480 183122 709476 21  7 59 13  0  0
27 10   6144 5999724 3038280 166839876    0    0 890880 641780 193178 783023 23  7 55 15  0  0
25 14   6144 5998880 3038280 166839900    0    0 866288 600548 199482 763789 22  8 55 15  0  0
26 14   6144 5978952 3038280 166839928    0    0 852304 610160 196299 753071 22  8 55 15  0  0
22 13   6144 5965992 3038280 166839960    0    0 857008 594960 196151 757778 22  8 55 15  0  0
28 11   6144 5967244 3038280 166839988    0    0 883248 632512 203246 784766 23  8 54 14  0  0
24 10   6144 5996108 3038280 166840016    0    0 889056 629284 203869 785644 23  8 55 14  0  0
28  8   6144 6012096 3038280 166840032    0    0 891568 635572 192865 785400 22  7 56 15  0  0
28  6   6144 5996876 3038280 166840060    0    0 882672 628248 202100 779340 23  8 55 14  0  0
28 11   6144 5982068 3038280 166840088    0    0 890688 619688 203352 787535 23  8 54 14  0  0
21 17   6144 5975380 3038280 166840112    0    0 888496 634688 204491 786101 23  8 54 14  0  0
41 13   6144 5976936 3038280 166840140    0    0 890224 626532 203906 786573 23  8 55 14  0  0
24 16   6144 5997448 3038280 166840172    0    0 889024 630560 203312 781130 23  8 54 14  0  0
18 18   6144 6006332 3038280 166840184    0    0 888592 634956 194516 784523 23  7 55 15  0  0
27 10   6144 6008252 3038280 166840216    0    0 879168 613020 196376 775477 23  8 55 15  0  0
24 11   6144 6002584 3038280 166840248    0    0 853744 594728 195928 752221 22  8 55 15  0  0
26 10   6144 5974388 3038280 166840272    0    0 848240 593672 193915 747712 22  8 55 15  0  0
29  8   6144 5968936 3038280 166840300    0    0 879312 625708 201924 776445 23  8 55 14  0  0
27 11   6144 5958304 3038280 166840328    0    0 886800 632684 203945 781452 23  8 54 14  0  0
27  9   6144 5961832 3038280 166840360    0    0 889120 630884 196254 780609 23  8 55 15  0  0
26 11   6144 5961016 3038280 166840380    0    0 859584 598076 190296 754916 22  8 55 15  0  0
procs -----------memory---------- ---swap-- -----io---- -system-- -------cpu-------
 r  b   swpd   free   buff  cache   si   so    bi    bo   in   cs us sy id wa st gu
33 19   6144 5970844 3038280 166840408    0    0 853088 615436 195628 750127 22  8 55 15  0  0
28  8   6144 5978032 3038280 166840440    0    0 858816 604596 197306 757468 22  8 55 15  0  0
23 15   6144 5973052 3038280 166840464    0    0 886656 626868 203820 782902 23  9 54 14  0  0
21 16   6144 5977100 3038280 166840500    0    0 886176 631208 202945 784084 23  8 54 14  0  0
28 11   6144 5980784 3038280 166840524    0    0 891056 620064 199829 783039 23  8 55 15  0  0
30  8   6144 5983396 3038280 166840536    0    0 893584 630312 195016 780425 23  7 55 15  0  0
18 20   6144 6010648 3038280 166840560    0    0 890848 632456 204803 787305 23  8 55 14  0  0
25  9   6144 5997332 3038280 166840596    0    0 888016 623380 204078 782145 23  8 55 14  0  0
30 13   6144 6012824 3038280 166840636    0    0 887520 634440 203148 779456 23  8 54 14  0  0
25 12   6144 5993804 3038280 166840660    0    0 887360 630264 203204 788015 23  8 54 14  0  0
25 12   6144 5970460 3038280 166840688    0    0 889344 626136 202281 785168 23  8 55 14  0  0
23 13   6144 5980092 3038280 166840704    0    0 865984 614640 186502 758310 22  7 56 15  0  0
27 13   6144 5976880 3038280 166840728    0    0 854400 608336 196568 753407 22  8 55 15  0  0
30  9   6144 5968488 3038280 166840764    0    0 855808 609248 195696 753258 22  8 55 15  0  0
26 10   6144 5965948 3038280 166840792    0    0 886384 631548 204707 782476 23  8 54 14  0  0
26 10   6144 5974232 3038280 166840820    0    0 890816 614636 202719 782255 23  8 55 14  0  0
23 14   6144 5965288 3038280 166840848    0    0 871552 614844 198426 765540 23  8 55 15  0  0
21 15   6144 5964764 3038280 166840868    0    0 859728 615492 184215 749220 22  7 56 16  0  0
22 15   6144 5961132 3038280 166840892    0    0 854656 607204 194564 752119 22  8 55 15  0  0
29  9   6144 5969960 3038280 166840920    0    0 884384 629980 203300 779894 23  8 54 14  0  0
23 12   6144 5964296 3038280 166840948    0    0 888960 620628 202973 781110 23  8 54 14  0  0
procs -----------memory---------- ---swap-- -----io---- -system-- -------cpu-------
 r  b   swpd   free   buff  cache   si   so    bi    bo   in   cs us sy id wa st gu
24 11   6144 5972048 3038280 166840976    0    0 888512 628668 202622 781792 23  8 54 14  0  0
22 14   6144 5954940 3038280 166841000    0    0 888240 626592 204043 784745 23  8 54 14  0  0
21 13   6144 5964964 3038280 166841016    0    0 891264 640236 194851 783191 22  7 56 15  0  0
26 12   6144 5983648 3038280 166841044    0    0 894032 618376 199006 783848 23  8 55 14  0  0
18 21   6144 5999716 3038280 166841072    0    0 887376 634644 203912 785765 23  8 54 14  0  0
23 13   6144 5979584 3038280 166841104    0    0 886544 633572 204887 785036 23  8 54 14  0  0
20 15   6144 5979624 3038280 166841200    0    0 886896 629508 202913 782979 23  8 54 14  0  0
29 11   6144 5960892 3038280 166841228    0    0 859408 600404 196632 756112 22  8 55 15  0  0
21 13   6144 5968908 3038280 166841256    0    0 861296 598576 188714 755940 22  7 55 15  0  0
23 13   6144 5970920 3038280 166841276    0    0 864160 613456 190925 755942 22  7 55 15  0  0
29 10   6144 6014756 3038280 166841308    0    0 882560 630636 202556 780152 23  8 55 14  0  0
28 12   6144 5987972 3038280 166841336    0    0 886640 634168 203387 787587 23  8 54 14  0  0
30  7   6144 5988764 3038280 166841364    0    0 894112 621920 203974 783531 23  8 54 14  0  0
26 12   6144 5976876 3038280 166841396    0    0 850224 607396 196432 746958 22  8 55 15  0  0
21 13   6144 5970044 3038280 166841416    0    0 859264 608196 191512 753205 22  8 55 15  0  0
24 10   6144 5987780 3038280 166841436    0    0 885504 621880 194713 775872 23  7 55 15  0  0
25 12   6144 5992188 3038280 166841464    0    0 886016 626800 205179 783809 23  8 54 14  0  0
28 11   6144 5987104 3038280 166841484    0    0 881712 634844 203434 783001 23  8 55 14  0  0
28 12   6144 5978312 3038280 166841516    0    0 887952 620752 203153 781816 23  8 54 14  0  0
27 12   6144 5974712 3038280 166841544    0    0 885872 640228 203463 784421 23  8 54 14  0  0
20 16   6144 5994024 3038280 166841572    0    0 888384 630572 200277 786231 23  8 55 14  0  0
procs -----------memory---------- ---swap-- -----io---- -system-- -------cpu-------
 r  b   swpd   free   buff  cache   si   so    bi    bo   in   cs us sy id wa st gu
19 16   6144 6003052 3038280 166841592    0    0 897584 628652 194195 783797 23  7 56 15  0  0
24 13   6144 5996724 3038280 166841620    0    0 886576 637764 203478 783238 23  8 54 14  0  0
28 10   6144 6010820 3038280 166841648    0    0 886352 631100 203680 782006 23  8 55 14  0  0
21 16   6144 5976776 3038280 166841676    0    0 862752 600244 196444 763460 22  8 55 15  0  0
27 11   6144 5989324 3038280 166841708    0    0 854080 619716 197059 754531 22  8 55 15  0  0
26  9   6144 5970344 3038280 166841740    0    0 866528 610968 198331 767814 22  8 55 15  0  0
28  9   6144 5965888 3038280 166841760    0    0 884624 616588 189317 773592 23  7 56 15  0  0
22 14   6144 5980052 3038280 166841788    0    0 883664 645096 203642 783053 23  8 54 14  0  0
27 11   6144 6015868 3038280 166841824    0    0 888432 626936 204576 785266 23  8 54 14  0  0
24 15   6144 6003344 3038280 166841852    0    0 860288 603224 197068 759278 22  8 55 15  0  0
25  9   6144 5987700 3038280 166841876    0    0 846864 601272 193818 742721 22  8 55 15  0  0
21 15   6144 5978492 3038280 166841900    0    0 886720 636904 203548 781545 23  8 55 14  0  0
19 16   6144 6002824 3038280 166841920    0    0 891376 629056 193374 779944 23  7 56 15  0  0
22 16   6144 6006548 3038280 166841944    0    0 884416 630776 200996 783801 23  8 55 15  0  0
39 16   6144 5984848 3038280 166841972    0    0 883744 627736 203456 783499 23  8 54 14  0  0
29 11   6144 5969296 3038280 166841996    0    0 890928 627032 203211 780779 23  8 54 14  0  0
26 10   6144 5973364 3038280 166842028    0    0 886576 635668 203303 787406 23  8 54 14  0  0
22 15   6144 5971936 3038280 166842060    0    0 888544 635360 203004 785190 23  8 54 14  0  0
27  9   6144 5978840 3038280 166842084    0    0 891872 633212 196955 782756 23  8 55 15  0  0
21 18   6144 5990316 3038280 166842104    0    0 890832 632908 197625 782606 23  8 55 15  0  0
22 19   6144 6002024 3038280 166842132    0    0 856448 614212 197776 758562 22  8 55 15  0  0
procs -----------memory---------- ---swap-- -----io---- -system-- -------cpu-------
 r  b   swpd   free   buff  cache   si   so    bi    bo   in   cs us sy id wa st gu
21 18   6144 5995400 3038280 166842164    0    0 850160 607744 195745 752169 22  8 55 15  0  0
28 10   6144 5979684 3038280 166842196    0    0 866656 599808 197766 757675 22  8 55 15  0  0
28  9   6144 5972480 3038280 166842224    0    0 882528 626644 202697 776808 23  8 54 14  0  0
25  9   6144 5971512 3038280 166842252    0    0 884064 641892 197283 778402 23  8 55 15  0  0
30  9   6144 5976080 3038280 166842264    0    0 891360 636904 196248 781511 23  8 55 15  0  0
21 18   6144 5996532 3038280 166842296    0    0 881392 627156 202163 773547 23  8 55 15  0  0
24 12   6144 5991360 3038280 166842328    0    0 860864 604612 197466 760355 22  8 55 15  0  0
23 12   6144 5971896 3038280 166842352    0    0 847120 606168 194873 747598 22  8 55 15  0  0
26  9   6144 5983728 3038280 166842380    0    0 874496 627632 200365 766101 23  8 55 15  0  0
27 10   6144 5989888 3038280 166842400    0    0 886224 634988 197958 778761 23  8 55 15  0  0
28  7   6144 6002308 3038280 166842420    0    0 892688 643344 194636 777409 23  7 55 15  0  0
24 14   6144 6015036 3038280 166842452    0    0 886272 627068 202980 781873 23  8 55 14  0  0
23 19   6144 5986020 3038280 166842480    0    0 892656 628744 203419 782379 23  8 55 14  0  0
28  8   6144 5973060 3038280 166842508    0    0 886480 641120 204155 779496 23  8 54 14  0  0
30  8   6144 5969596 3038280 166842536    0    0 890464 633220 203528 782076 23  8 55 14  0  0
19 17   6144 5963212 3038280 166842592    0    0 884480 635756 202624 783554 23  8 54 14  0  0
29 11   6144 5921652 3038280 166842920    0    0 875600 620448 191068 763938 23  7 55 15  0  0
27 11   6144 5871244 3038280 166859512    0    0 849392 605152 202541 752244 24  9 53 15  0  0
29  9   6144 5823200 3038280 166876000    0    0 852656 612684 198168 748336 23  8 53 15  0  0
32  7   6144 5780712 3038280 166876028    0    0 877392 625404 202645 776253 24  8 53 14  0  0
25 13   6144 5708812 3038280 166941964    0    0 876448 751392 203589 775968 24  9 53 14  0  0
procs -----------memory---------- ---swap-- -----io---- -system-- -------cpu-------
 r  b   swpd   free   buff  cache   si   so    bi    bo   in   cs us sy id wa st gu
28 10   6144 5727228 3038280 166941940    0    0 886080 633964 204187 781074 24  8 53 14  0  0
30  8   6144 5920472 3038280 166844740    0    0 892464 632040 195017 776761 24  7 54 14  0  0
20 19   6144 5966648 3038280 166844456    0    0 867712 625428 197346 763373 23  8 55 15  0  0
26 13   6144 5960668 3038280 166844552    0    0 861712 605336 195875 757707 22  8 55 15  0  0
15 23   6144 5966804 3038280 166844580    0    0 854432 603448 195716 745833 22  8 55 15  0  0
28 12   6144 5981388 3038280 166844608    0    0 878928 627152 202407 773218 23  8 55 15  0  0
19 15   6144 5997984 3038280 166844636    0    0 890016 621744 202706 780248 23  8 55 15  0  0
35 15   6144 6010300 3038280 166844660    0    0 891952 635364 193502 779190 22  7 56 15  0  0
27 11   6144 6007084 3038280 166844684    0    0 889296 637504 198517 778589 23  8 55 15  0  0
27  9   6144 6008836 3038280 166844712    0    0 888736 621436 203520 784213 23  8 54 14  0  0
28  9   6144 5997716 3038280 166844740    0    0 890064 629220 204159 783139 23  8 55 14  0  0
25 15   6144 5976676 3038280 166844768    0    0 888576 629232 202989 780508 23  8 54 14  0  0
18 22   6144 5994412 3038280 166844804    0    0 885104 632968 203187 779122 23  8 55 14  0  0
20 17   6144 6012360 3038280 166844824    0    0 860928 608236 188998 751615 22  7 56 15  0  0
16 19   6144 6002820 3038280 166844848    0    0 854976 610420 190111 748919 22  7 55 15  0  0
19 19   6144 6007032 3038280 166844876    0    0 867136 621180 200176 762651 23  8 55 15  0  0
28 10   6144 5993564 3038280 166844908    0    0 887552 624136 202454 778837 23  8 55 14  0  0
23 16   6144 6012440 3038280 166844940    0    0 882080 637072 202520 775201 23  8 55 14  0  0
28 10   6144 6011328 3038280 166844972    0    0 886176 624720 204321 784200 23  8 55 14  0  0
 5 30   6144 6006916 3038280 166844996    0    0 880240 625864 194857 765904 22  8 55 15  0  0
24 15   6144 6008336 3038280 166845004    0    0 864528 644648 189516 753496 22  7 55 15  0  0
procs -----------memory---------- ---swap-- -----io---- -system-- -------cpu-------
 r  b   swpd   free   buff  cache   si   so    bi    bo   in   cs us sy id wa st gu
32  8   6144 5993596 3038280 166845032    0    0 853856 600624 195154 748923 22  8 55 15  0  0
31 15   6144 6002220 3038280 166845064    0    0 882160 616744 201400 776410 23  8 55 14  0  0
25 11   6144 6000068 3038280 166845096    0    0 882272 631752 202319 779863 23  8 54 14  0  0
22 14   6144 6004640 3038280 166845124    0    0 888064 625784 203218 780717 23  8 54 14  0  0
34  7   6144 6000644 3038280 166845144    0    0 887328 640092 199253 780826 23  8 55 15  0  0
23 16   6144 6009760 3038280 166845164    0    0 890768 635612 194956 787384 23  7 55 15  0  0
19 16   6144 5995456 3038280 166845200    0    0 890304 632300 203204 785358 23  8 54 14  0  0
25 11   6144 5989400 3038280 166845224    0    0 889104 631104 204622 782900 23  8 54 14  0  0
28  8   6144 5987952 3038280 166845256    0    0 889712 625396 203068 779256 23  8 55 14  0  0
25 11   6144 5996852 3038280 166845284    0    0 842976 583436 191662 736676 22  8 55 15  0  0
21 14   6144 6011612 3038280 166845308    0    0 869488 631464 195670 762679 22  8 55 15  0  0
20 19   6144 6014992 3038280 166845332    0    0 890912 634852 196509 777607 23  7 55 15  0  0
28 19   6144 6010584 3038280 166845360    0    0 881696 628076 201689 778461 23  8 54 14  0  0
17 21   6144 6003368 3038280 166845392    0    0 881200 625216 203280 778986 23  8 54 14  0  0
22 14   6144 6001604 3038280 166845416    0    0 888656 631392 204173 784363 23  8 55 14  0  0
21 18   6144 5978616 3038280 166845444    0    0 882336 618396 200447 772195 23  8 55 15  0  0
28 13   6144 5991312 3038284 166845472    0    0 838864 595700 188736 731844 22  8 55 16  0  0
26 10   6144 6009412 3038284 166845484    0    0 894464 616172 192935 778031 23  7 55 15  0  0
22 16   6144 5963752 3038284 166845800    0    0 884176 628780 203513 778294 23  8 54 14  0  0
18 17   6144 5985952 3038284 166845544    0    0 881904 633744 203004 776760 23  8 54 14  0  0
27  9   6144 6007968 3038284 166845576    0    0 881312 626844 203175 774954 23  8 54 14  0  0
procs -----------memory---------- ---swap-- -----io---- -system-- -------cpu-------
 r  b   swpd   free   buff  cache   si   so    bi    bo   in   cs us sy id wa st gu
23 11   6144 5999012 3038284 166845600    0    0 888528 635212 203747 780760 23  8 55 14  0  0
20 16   6144 5999700 3038284 166845640    0    0 890432 629980 201938 778625 23  8 55 14  0  0
26 12   6144 6005884 3038284 166845660    0    0 899344 607500 191311 777511 23  7 55 15  0  0
27 13   6144 5997276 3038284 166845688    0    0 888320 628996 202903 781514 23  8 55 14  0  0
17 21   6144 5983856 3038284 166845716    0    0 878816 641052 203592 776926 22  8 55 15  0  0
22 15   6144 5990020 3038284 166845744    0    0 841040 592532 193171 739802 22  8 55 15  0  0
21 21   6144 6002044 3038284 166845780    0    0 874512 611148 198350 766467 22  8 55 15  0  0
21 18   6144 6008772 3038284 166845804    0    0 884672 634164 203526 777898 23  8 54 14  0  0
24 11   6144 6025212 3038284 166845820    0    0 892480 627992 191366 774936 22  7 56 15  0  0
28  9   6144 6010524 3038284 166845852    0    0 887456 619640 200887 778082 23  8 55 14  0  0
21 18   6144 5997596 3038284 166845876    0    0 884016 636496 202479 778441 23  8 55 14  0  0
28  9   6144 5999628 3038284 166845908    0    0 888176 626812 203962 782538 23  8 54 14  0  0
21 16   6144 6000072 3038284 166845928    0    0 878912 630484 202300 772861 23  8 54 15  0  0
23 14   6144 5987508 3038284 166845960    0    0 861184 610500 196616 755012 22  8 55 15  0  0
22 15   6144 5993356 3038284 166846108    0    0 856128 601324 186584 743646 22  7 56 16  0  0
27  9   6144 5986740 3038284 166846004    0    0 883456 619100 197850 773092 23  8 55 15  0  0
28  9   6144 5979108 3038284 166846048    0    0 885696 622340 203218 778780 23  8 55 14  0  0
22 17   6144 5985756 3038288 166846076    0    0 882624 641296 203860 780733 23  8 55 14  0  0
31  7   6144 5972000 3038288 166846104    0    0 890592 628980 204472 782679 23  8 55 14  0  0
27 12   6144 5982704 3038288 166846136    0    0 886864 632280 203767 781009 23  8 54 14  0  0
26 10   6144 5996292 3038288 166846156    0    0 891152 639688 196730 781744 23  7 55 15  0  0
procs -----------memory---------- ---swap-- -----io---- -system-- -------cpu-------
 r  b   swpd   free   buff  cache   si   so    bi    bo   in   cs us sy id wa st gu
22 13   6144 5995140 3038288 166846268    0    0 886160 627616 196895 774686 23  8 55 15  0  0
24 12   6144 5992676 3038288 166846296    0    0 835520 573944 190741 732178 22  8 55 16  0  0
27 10   6144 6001264 3038288 166846332    0    0 879152 637800 202937 776871 23  8 55 14  0  0
25 13   6144 5998300 3038288 166846356    0    0 887408 622060 203195 781354 23  8 54 14  0  0
20 19   6144 5989936 3038288 166846388    0    0 885200 643360 203259 777362 23  8 55 15  0  0
24 11   6144 5999156 3038288 166846380    0    0 887312 629932 197331 780335 22  8 55 15  0  0
22 13   6144 6007996 3038288 166846400    0    0 891504 628860 197008 779828 23  7 55 15  0  0
18 22   6144 5974712 3038288 166846568    0    0 881904 623572 203181 780007 23  8 54 14  0  0
24 12   6144 5979840 3038288 166846452    0    0 886720 638696 203920 783109 23  8 55 14  0  0
23 17   6144 5982304 3038288 166846476    0    0 871872 618692 199470 764337 22  8 55 15  0  0
23 15   6144 5993408 3038288 166846500    0    0 860944 608900 197619 755635 22  8 55 15  0  0
27  8   6144 5999872 3038288 166846536    0    0 859312 599268 190791 748208 22  7 55 15  0  0
27 10   6144 5997672 3038288 166846552    0    0 885184 633816 193943 773334 23  7 55 15  0  0
24 10   6144 6001092 3038288 166846588    0    0 883328 625168 203046 775927 23  8 54 14  0  0
23 16   6144 5985992 3038288 166846612    0    0 890784 634132 203727 782171 23  8 55 14  0  0
23 12   6144 5982880 3038288 166846640    0    0 886224 626384 204902 782115 23  8 55 14  0  0
34  8   6144 5977256 3038288 166846676    0    0 889312 631508 203027 779108 23  8 54 14  0  0
28 11   6144 5981908 3038288 166846700    0    0 885072 642892 204191 779039 23  8 55 14  0  0
28 11   6144 5986988 3038288 166846716    0    0 875248 611876 193597 763788 22  7 56 15  0  0
18 19   6144 5977804 3038288 166846748    0    0 850896 612988 199901 749939 22  8 55 15  0  0
25 12   6144 5977424 3038288 166846776    0    0 860704 590640 198741 756003 22  8 55 15  0  0
procs -----------memory---------- ---swap-- -----io---- -system-- -------cpu-------
 r  b   swpd   free   buff  cache   si   so    bi    bo   in   cs us sy id wa st gu
31  8   6144 5980624 3038288 166846816    0    0 884448 625164 205193 779017 23  8 54 14  0  0
30  8   6144 5998388 3038288 166846844    0    0 884320 625216 207516 781383 23  8 55 14  0  0
19 18   6144 5984236 3038288 166846868    0    0 890624 633564 206371 782693 23  8 55 14  0  0
29 11   6144 5982528 3038288 166847144    0    0 886256 632216 194188 774184 23  7 55 15  0  0
27 10   6144 5988452 3038288 166847044    0    0 884576 631604 205299 781460 23  8 54 14  0  0
31 11   6144 5974236 3038288 166847072    0    0 887072 629828 204840 786776 23  8 55 14  0  0
34  6   6144 5992068 3038288 166847100    0    0 848080 593956 195408 742320 22  8 55 15  0  0
28  8   6144 6002880 3038288 166847124    0    0 863712 621544 199581 759174 23  8 54 15  0  0
25 13   6144 5996356 3038288 166847152    0    0 885824 617524 203945 781370 23  8 55 14  0  0
23 11   6144 6018664 3038288 166847176    0    0 883712 642068 192543 771727 22  7 56 15  0  0
24 10   6144 6003412 3038288 166847200    0    0 889152 625924 203664 780873 23  8 55 14  0  0
27 12   6144 5985024 3038288 166847228    0    0 890416 628752 203203 778921 23  8 54 14  0  0
26  9   6144 6006788 3038288 166847260    0    0 884560 638760 203869 778495 23  8 54 14  0  0
22 13   6144 6003848 3038288 166847288    0    0 892320 618272 203738 780341 23  8 54 14  0  0
23 13   6144 5997420 3038288 166847308    0    0 863344 618504 198386 758814 22  8 55 15  0  0
24 11   6144 6013392 3038288 166847340    0    0 858624 592920 184554 744987 22  7 56 16  0  0
24 12   6144 6002956 3038288 166847360    0    0 887808 628992 199189 775896 23  8 55 15  0  0
29  8   6144 6003700 3038288 166847388    0    0 889664 623996 203518 782642 23  8 55 14  0  0
19 18   6144 5987312 3038288 166847416    0    0 879712 635936 202285 775073 23  8 55 15  0  0
24 12   6144 5987572 3038288 166847444    0    0 889680 619024 201869 777593 23  8 55 14  0  0
24 12   6144 5996444 3038288 166847476    0    0 887840 632008 202925 779475 23  8 54 14  0  0
procs -----------memory---------- ---swap-- -----io---- -system-- -------cpu-------
 r  b   swpd   free   buff  cache   si   so    bi    bo   in   cs us sy id wa st gu
24  8   6144 6015588 3038288 166847492    0    0 887280 641420 195666 776575 23  8 55 15  0  0
23 13   6144 6010980 3038288 166847516    0    0 891984 628456 198346 783045 23  8 55 14  0  0
20 19   6144 5989624 3038288 166847544    0    0 873568 623728 199774 764347 23  8 55 15  0  0
16 24   6144 5996092 3038288 166847568    0    0 847024 609496 195043 743960 22  8 55 15  0  0
15 24   6144 5999928 3038288 166847604    0    0 862096 602112 196494 756677 22  8 55 15  0  0
20 15   6144 5998508 3038288 166847636    0    0 881984 631668 202383 776616 23  8 55 14  0  0
21 13   6144 6014796 3038288 166847656    0    0 887808 627808 196013 777139 22  8 55 15  0  0
25 14   6144 6017244 3038288 166847680    0    0 892512 632164 193772 782458 23  7 55 15  0  0
22 13   6144 6006160 3038288 166847708    0    0 885536 636960 203616 783334 23  8 55 14  0  0
24 12   6144 5999620 3038288 166847736    0    0 889504 627096 204147 781403 23  8 54 14  0  0
18 19   6144 5996680 3038288 166847768    0    0 865136 606960 197992 759230 22  8 55 15  0  0
14 25   6144 5984748 3038288 166847800    0    0 845168 590412 193100 739478 22  8 55 15  0  0
18 19   6144 6001972 3038288 166847828    0    0 888784 633068 200129 781886 23  8 55 15  0  0
30  8   6144 6021312 3038288 166847844    0    0 895280 628868 194640 777366 23  7 55 15  0  0
28 12   6144 6010544 3038288 166847872    0    0 883456 638416 202363 776615 23  8 54 14  0  0
11 26   6144 6010852 3038288 166847896    0    0 891936 622856 203151 783069 23  8 55 14  0  0
23 13   6144 5993064 3038288 166847928    0    0 888432 637688 203826 782321 23  8 55 14  0  0
34 17   6144 5990240 3038288 166847960    0    0 883472 628616 203346 778812 23  8 55 14  0  0
17 19   6144 5995680 3038288 166848048    0    0 890896 626960 202735 783959 23  8 55 14  0  0
24 12   6144 6008820 3038288 166848068    0    0 893392 634872 193702 781621 23  7 56 15  0  0
19 20   6144 6010720 3038288 166848096    0    0 849776 615768 196373 746487 22  8 55 15  0  0
procs -----------memory---------- ---swap-- -----io---- -system-- -------cpu-------
 r  b   swpd   free   buff  cache   si   so    bi    bo   in   cs us sy id wa st gu
30  8   6144 5995988 3038288 166848128    0    0 863360 595044 196478 754354 22  8 55 15  0  0
18 17   6144 5999840 3038288 166848156    0    0 868400 621180 199811 763992 23  8 55 15  0  0
21 15   6144 5992256 3038288 166848184    0    0 833376 587172 190358 728825 22  8 55 16  0  0
25 10   6144 5997596 3038288 166848212    0    0 844896 584328 191456 740014 22  8 55 16  0  0
25 11   6144 6022172 3038288 166848236    0    0 857504 608784 184137 746910 22  7 56 16  0  0
20 17   6144 5999736 3038288 166848260    0    0 844176 593608 192356 738525 22  8 55 15  0  0
21 14   6144 5994696 3038288 166848288    0    0 858304 598388 194937 751072 22  8 55 15  0  0
22 14   6144 5981804 3038288 166848316    0    0 845344 597908 192590 740656 22  8 55 15  0  0
29  5   6144 5981776 3038288 166848348    0    0 840192 572156 191864 732330 22  8 55 16  0  0
27  8   6144 5992244 3038288 166848376    0    0 824272 582024 188386 716017 21  8 55 16  0  0
19 19   6144 6011780 3038288 166848396    0    0 847952 597308 179635 736579 21  6 56 16  0  0
24 12   6144 5997432 3038288 166848416    0    0 846896 590760 193197 745511 22  8 55 15  0  0
26 11   6144 5993488 3038288 166848444    0    0 861184 601128 196827 753702 22  8 55 15  0  0
23 14   6144 5999528 3038288 166848472    0    0 848432 606296 194519 744628 22  8 55 15  0  0
30  8   6144 5989032 3038288 166848508    0    0 863632 604368 196885 758032 22  8 55 15  0  0
21 14   6144 5976388 3038288 166848536    0    0 848624 597880 193633 741004 22  8 55 15  0  0
20 15   6144 6010576 3038288 166848552    0    0 853200 598072 182072 741782 22  6 56 16  0  0
29 15   6144 6018268 3038288 166848576    0    0 863104 599400 194236 755635 22  8 55 15  0  0
27 12   6144 6005184 3038288 166848604    0    0 860240 614868 196834 756953 22  8 55 15  0  0
29  7   6144 5992852 3038288 166848636    0    0 855344 593204 194964 751868 22  8 55 15  0  0
24 14   6144 6004440 3038288 166848668    0    0 852032 606340 195649 748537 22  8 55 15  0  0
procs -----------memory---------- ---swap-- -----io---- -system-- -------cpu-------
 r  b   swpd   free   buff  cache   si   so    bi    bo   in   cs us sy id wa st gu
28  9   6144 6002112 3038288 166848696    0    0 856368 600612 195497 752272 22  8 55 15  0  0
29 10   6144 6013668 3038288 166848708    0    0 850400 597648 180689 735271 21  7 56 16  0  0
23 16   6144 5999808 3038288 166848732    0    0 857328 580988 191977 750019 22  8 55 15  0  0
27 10   6144 5985264 3038288 166848764    0    0 861680 606780 196325 754796 22  8 55 15  0  0
22 14   6144 5979936 3038288 166848796    0    0 839744 596584 192807 738507 22  8 55 16  0  0
22 19   6144 5992096 3038288 166848820    0    0 867024 618352 199417 768579 23  8 55 15  0  0
25 11   6144 5995308 3038288 166848852    0    0 875456 624268 201308 771622 23  8 55 15  0  0
24 15   6144 6011088 3038288 166848864    0    0 885952 618700 188777 769015 22  7 56 15  0  0
20 15   6144 6010960 3038288 166848892    0    0 876800 625652 198152 770299 22  8 55 15  0  0
26 14   6144 6009232 3038288 166848920    0    0 881968 616072 200724 771543 23  8 55 15  0  0
26 15   6144 6000280 3038288 166848948    0    0 878992 614016 201387 774324 23  8 55 15  0  0
30  7   6144 6017136 3038288 166848956    0    0 879808 624556 202362 776433 23  8 55 15  0  0
27  8   6144 6014364 3038288 166848988    0    0 876656 625348 201007 769804 23  8 55 15  0  0
22 11   6144 6023532 3038288 166849008    0    0 887872 619860 191576 773223 22  7 56 15  0  0
28 10   6144 6019616 3038288 166849036    0    0 881616 634084 198488 769941 23  8 55 15  0  0
22 17   6144 6004384 3038288 166849068    0    0 879632 632608 202198 770190 23  8 55 15  0  0
13 24   6144 5991036 3038288 166849100    0    0 879056 617776 201222 771216 23  8 55 15  0  0
20 19   6144 6002900 3038288 166849132    0    0 872544 631004 201410 768879 23  8 55 15  0  0
26 14   6144 5992088 3038288 166849164    0    0 876272 617724 200750 772570 23  8 55 15  0  0
24 13   6144 6018780 3038288 166849184    0    0 886320 630828 194794 770467 22  7 55 15  0  0
32  4   6144 6026572 3038288 166849208    0    0 887696 621552 195960 776826 23  8 55 15  0  0
procs -----------memory---------- ---swap-- -----io---- -system-- -------cpu-------
 r  b   swpd   free   buff  cache   si   so    bi    bo   in   cs us sy id wa st gu
27 13   6144 6010660 3038288 166849236    0    0 843632 605068 193702 742409 22  8 55 15  0  0
24 12   6144 6004048 3038288 166849264    0    0 860416 604340 195853 752300 22  8 55 15  0  0
26 10   6144 6007224 3038288 166849296    0    0 877120 631468 202765 772844 23  8 55 15  0  0
24 13   6144 5992532 3038288 166849320    0    0 881648 616820 201117 773895 23  8 55 15  0  0
23 11   6144 6012204 3038288 166849344    0    0 881824 618308 193851 770291 22  7 55 15  0  0
26 13   6144 6015364 3038288 166849368    0    0 882560 628348 195585 772444 23  7 55 15  0  0
21 15   6144 6001780 3038288 166849396    0    0 877120 636912 202837 770126 22  8 55 15  0  0
45  6   6144 6010184 3038288 166849424    0    0 882592 615200 200763 774598 23  8 55 14  0  0
29 12   6144 6008400 3038288 166849452    0    0 883648 633372 201848 777116 23  8 54 15  0  0
27 10   6144 6002176 3038288 166849480    0    0 876960 625820 201560 772454 23  8 55 15  0  0
39  9   6144 6010580 3038288 166849508    0    0 883728 637760 197334 770721 22  8 55 15  0  0
32  8   6144 6026272 3038288 166849528    0    0 886704 623280 194356 770465 23  7 55 15  0  0
25 12   6144 6023672 3038288 166849552    0    0 881440 619364 201693 772176 23  8 55 15  0  0
23 12   6144 6010752 3038288 166849580    0    0 879856 625196 201870 774337 23  8 55 15  0  0
24 12   6144 6009336 3038288 166849620    0    0 871808 621000 200343 767354 23  8 55 15  0  0
35 18   6144 6000440 3038288 166849712    0    0 875584 617044 200093 765387 23  8 55 15  0  0
26 12   6144 6003880 3038288 166849736    0    0 878096 629380 196355 772632 23  8 55 15  0  0
20 16   6144 6016280 3038288 166849756    0    0 875664 614936 190949 762077 22  7 55 15  0  0
17 21   6144 6000368 3038288 166849780    0    0 836000 589696 191140 729600 22  8 55 16  0  0
22 12   6144 6009104 3038288 166849820    0    0 877136 618416 199817 770167 22  8 55 15  0  0
25 14   6144 6004028 3038288 166849840    0    0 875296 614408 199799 772023 23  8 55 14  0  0
procs -----------memory---------- ---swap-- -----io---- -system-- -------cpu-------
 r  b   swpd   free   buff  cache   si   so    bi    bo   in   cs us sy id wa st gu
24 13   6144 6004132 3038288 166849868    0    0 877856 621852 201704 773220 23  8 55 14  0  0
17 20   6144 6006064 3038292 166849892    0    0 877744 636448 196887 770889 22  8 55 15  0  0
20 16   6144 6016536 3038292 166849908    0    0 880736 630164 194788 773015 23  7 55 15  0  0
25 12   6144 6005408 3038292 166849948    0    0 882208 615780 201573 776447 23  8 55 14  0  0
25  9   6144 6007540 3038292 166849972    0    0 875856 626500 201986 775998 23  8 54 15  0  0
28 10   6144 6004416 3038292 166849996    0    0 875632 636776 202259 772561 23  8 55 15  0  0
27 12   6144 5998036 3038292 166850028    0    0 876048 619588 200845 769310 23  8 55 14  0  0
24 11   6144 6013088 3038292 166850056    0    0 883440 614904 197297 773265 23  8 55 15  0  0
26 11   6144 6021516 3038292 166850072    0    0 881760 636280 193718 769104 23  7 55 15  0  0
20 17   6144 6006244 3038292 166850104    0    0 877424 625748 201502 772218 23  8 54 15  0  0
20 20   6144 6007916 3038292 166850132    0    0 874576 624332 201536 772983 23  8 54 15  0  0
29  9   6144 6002120 3038292 166850156    0    0 874128 623292 200839 772922 23  8 55 15  0  0
21 18   6144 5998516 3038292 166850192    0    0 876832 616760 200527 773470 23  8 54 15  0  0
22 12   6144 6021428 3038292 166850224    0    0 873200 625420 197168 766082 22  8 55 15  0  0
15 18   6144 6025152 3038292 166850248    0    0 838000 592020 180139 728181 21  7 56 16  0  0
28 11   6144 6015532 3038292 166850268    0    0 875744 605572 198663 763994 22  8 55 15  0  0
21 17   6144 6014800 3038292 166850296    0    0 875200 633176 201857 773815 23  8 55 15  0  0
25 12   6144 6005988 3038292 166850332    0    0 877776 621476 200423 770750 23  8 55 15  0  0
24 11   6144 6008632 3038292 166850360    0    0 879920 611908 201653 771505 23  8 55 15  0  0
20 14   6144 6020720 3038292 166850388    0    0 878016 633148 199556 770412 22  8 55 15  0  0
26 10   6144 6039728 3038292 166850404    0    0 881520 628936 190423 768689 22  7 56 15  0  0
procs -----------memory---------- ---swap-- -----io---- -system-- -------cpu-------
 r  b   swpd   free   buff  cache   si   so    bi    bo   in   cs us sy id wa st gu
25 13   6144 6021948 3038292 166850428    0    0 878896 629772 202260 774592 23  8 55 15  0  0
31  8   6144 6016932 3038292 166850456    0    0 881648 619820 200985 774920 23  8 55 15  0  0
30 18   6144 5998456 3038292 166850492    0    0 881376 636404 203023 771235 23  8 55 15  0  0
25 12   6144 5992136 3038292 166850524    0    0 879456 622740 201796 774608 23  8 55 14  0  0
28  8   6144 5991576 3038292 166850548    0    0 878656 629744 200835 772923 23  8 55 15  0  0
26 11   6144 6030148 3038292 166850568    0    0 888720 619224 189646 770236 22  7 56 15  0  0
28 11   6144 6021168 3038292 166850596    0    0 878224 632528 202229 774156 23  8 55 15  0  0
29  9   6144 5997692 3038292 166850620    0    0 876320 622428 200437 770484 23  8 55 15  0  0
23 15   6144 5996688 3038292 166850656    0    0 874896 621824 201145 769672 23  8 54 15  0  0
23 12   6144 5979380 3038292 166850688    0    0 873968 621376 200820 767268 23  8 55 15  0  0
19 18   6144 5994608 3038292 166850716    0    0 859440 613900 196286 752406 22  8 55 15  0  0
24 17   6144 6019940 3038292 166850724    0    0 847776 595424 179174 729481 21  7 56 16  0  0
27 12   6144 6013468 3038292 166850748    0    0 880848 620512 200509 772862 23  8 55 15  0  0
37 16   6144 5992928 3038292 166850780    0    0 874784 633736 201680 770724 23  8 55 15  0  0
22 16   6144 6001812 3038292 166850812    0    0 880080 609636 200997 774089 23  8 55 15  0  0
22 15   6144 6003988 3038292 166850840    0    0 876560 634420 201524 771096 22  8 55 15  0  0
26  9   6144 5981640 3038292 166850868    0    0 880112 623768 202255 773928 23  8 55 15  0  0
22 14   6144 6014884 3038292 166850888    0    0 884576 616656 189362 765694 22  7 56 15  0  0
21 14   6144 6007040 3038292 166850908    0    0 878736 619552 199366 766477 23  8 55 15  0  0
28 12   6144 5989404 3038292 166850944    0    0 880208 634832 201891 775111 23  8 54 15  0  0
