procs -----------memory---------- ---swap-- -----io---- -system-- -------cpu-------
 r  b   swpd   free   buff  cache   si   so    bi    bo   in   cs us sy id wa st gu
 4  0   3328 87077440 2520752 78374436    0    0  2299  2384 1064    0  0  0 100  0  0  0
67  0   3328 87037660 2520752 78374472    0    0     0 320032 83458 44991 79  1 20  0  0  0
54  0   3328 87026156 2520752 78374476    0    0     0 320004 97803 33461 79  1 20  0  0  0
30  0   3328 86973628 2520752 78374488    0    0     0 320004 112466 66117 58  1 41  0  0  0
49 16   3328 86845408 2520752 78374496    0    0 1296080 493076 251996 937484 38 11 31 20  0  0
40 34   3328 86861724 2520752 78374508    0    0 1448880 644612 273150 1078475 43 12 22 23  0  0
38 30   3328 86869528 2520752 78374520    0    0 1421264 723272 264220 1051773 41 12 22 25  0  0
41 33   3328 86875176 2520752 78374528    0    0 1404944 730092 262911 1046401 41 11 22 25  0  0
52 17   3328 86875180 2520752 78374548    0    0 1418976 734588 265688 1053892 42 12 22 25  0  0
35 34   3328 86874044 2520752 78374556    0    0 1431440 758852 269966 1051829 42 12 22 25  0  0
47 22   3328 86878580 2520752 78374632    0    0 1429696 773308 268047 1050918 42 12 22 25  0  0
46 22   3328 86882196 2520752 78374644    0    0 1427264 780160 268328 1052169 42 12 22 25  0  0
48 22   3328 86885640 2520752 78374652    0    0 1424272 791832 267901 1050716 42 11 22 25  0  0
47 20   3328 86885520 2520752 78374664    0    0 1407232 787740 265754 1045520 41 12 22 26  0  0
51 27   3328 86886420 2520752 78374672    0    0 1395264 808572 267815 1039750 41 12 22 25  0  0
46 22   3328 86889456 2520752 78374684    0    0 1349008 785464 252167 985066 39 11 23 28  0  0
41 29   3328 86888944 2520752 78374696    0    0 1345472 787308 252710 982131 39 11 23 28  0  0
37 31   3328 86888296 2520752 78374704    0    0 1299328 761444 237710 930680 36 10 23 31  0  0
58 16   3328 86890652 2520752 78374712    0    0 1412528 829288 266545 1033412 41 11 22 26  0  0
34 34   3328 86889552 2520752 78374720    0    0 1404144 839024 267446 1033065 41 11 22 26  0  0
42 32   3328 86889952 2520752 78374732    0    0 1383568 837556 264011 1016306 40 11 22 26  0  0
procs -----------memory---------- ---swap-- -----io---- -system-- -------cpu-------
 r  b   swpd   free   buff  cache   si   so    bi    bo   in   cs us sy id wa st gu
32 35   3328 86890864 2520752 78374744    0    0 1398832 852992 266150 1025596 41 11 22 26  0  0
35 37   3328 86892776 2520752 78374752    0    0 1400176 856668 266914 1026053 41 11 22 26  0  0
36 38   3328 86891912 2520752 78374764    0    0 1398448 884688 267478 1020768 41 11 22 26  0  0
45 25   3328 86891832 2520752 78374772    0    0 1395216 889912 268654 1029707 41 11 22 26  0  0
35 33   3328 86888264 2520752 78374784    0    0 1389392 893704 267687 1016104 40 11 22 26  0  0
34 34   3328 86890996 2520752 78374796    0    0 1380864 880828 266484 1015510 40 11 22 27  0  0
46 22   3328 86892432 2520752 78374804    0    0 1371808 878916 264719 1010540 40 11 22 27  0  0
46 24   3328 86894444 2520752 78374816    0    0 1293232 806036 241897 928974 37 10 23 30  0  0
46 23   3328 86893420 2520752 78374824    0    0 1290512 794860 240145 924251 36 10 23 30  0  0
34 34   3328 86896776 2520752 78374836    0    0 1400864 887828 268130 1026330 41 11 22 26  0  0
37 30   3328 86895100 2520752 78374840    0    0 1388128 869560 264404 1020721 40 11 22 26  0  0
46 15   3328 86895132 2520752 78374856    0    0 1375392 874860 263337 1008910 40 11 22 27  0  0
36 36   3328 86893084 2520752 78374868    0    0 1394896 884164 267651 1024831 41 11 22 26  0  0
42 36   3328 86889852 2520752 78374884    0    0 1395136 897896 268658 1021058 41 11 22 26  0  0
35 34   3328 86890372 2520752 78374892    0    0 1398336 901128 268914 1029290 41 12 22 26  0  0
54 19   3328 86887644 2520752 78374904    0    0 1405344 900748 268158 1020725 40 11 22 26  0  0
22 45   3328 86889096 2520752 78374912    0    0 1386112 900332 267503 1023396 40 11 22 27  0  0
37 32   3328 86888184 2520752 78374924    0    0 1383552 890088 267200 1021492 41 11 22 26  0  0
28 41   3328 86885952 2520752 78374932    0    0 1310928 828064 245845 943218 37 10 23 30  0  0
47 36   3328 86888268 2520752 78374944    0    0 1328416 837144 247928 950731 37 10 23 30  0  0
42 28   3328 86887980 2520752 78374960    0    0 1326992 838096 252871 965814 38 11 22 29  0  0
procs -----------memory---------- ---swap-- -----io---- -system-- -------cpu-------
 r  b   swpd   free   buff  cache   si   so    bi    bo   in   cs us sy id wa st gu
42 28   3328 86890044 2520752 78374968    0    0 1398144 896300 268321 1021624 41 11 22 26  0  0
53 31   3328 86886728 2520752 78374980    0    0 1386240 894064 265260 1015161 40 11 22 27  0  0
44 24   3328 86887892 2520752 78374988    0    0 1370496 873752 264755 1010301 40 11 22 27  0  0
49 21   3328 86886780 2520752 78374988    0    0 1395008 898156 269691 1020253 41 11 21 26  0  0
55 26   3328 86888832 2520752 78375008    0    0 1400656 892268 268541 1021241 41 12 22 26  0  0
53 21   3328 86886448 2520752 78375024    0    0 1398608 889472 267763 1024527 41 11 22 26  0  0
51 16   3328 86886632 2520752 78375032    0    0 1397760 884872 267622 1023724 41 11 22 26  0  0
33 38   3328 86888836 2520752 78375044    0    0 1385520 885232 268003 1022256 40 11 22 27  0  0
51 15   3328 86889076 2520752 78375052    0    0 1371552 867180 265232 1013980 40 11 22 27  0  0
52 18   3328 86891064 2520752 78375056    0    0 1302672 822444 243584 932878 37 10 23 30  0  0
51 31   3328 86889036 2520752 78375076    0    0 1269712 809200 236660 907760 36 10 23 31  0  0
43 24   3328 86890680 2520752 78375080    0    0 1395312 890128 269789 1030062 41 12 22 26  0  0
44 26   3328 86890912 2520752 78375092    0    0 1396000 899352 268641 1019474 41 11 22 26  0  0
46 14   3328 86891900 2520752 78375100    0    0 1373744 887860 264703 1007755 40 11 22 27  0  0
45 22   3328 86893920 2520752 78375112    0    0 1387376 891424 268270 1015584 40 11 22 26  0  0
40 33   3328 86894536 2520752 78375124    0    0 1397264 906352 269100 1022432 41 11 22 26  0  0
27 41   3328 86896040 2520752 78375132    0    0 1397616 910600 270008 1020586 41 11 22 26  0  0
43 26   3328 86894832 2520752 78375144    0    0 1394976 896948 272355 1031184 41 11 21 26  0  0
52 15   3328 86895680 2520752 78375152    0    0 1396352 890244 268463 1014757 40 11 22 27  0  0
42 25   3328 86897132 2520752 78375164    0    0 1386064 907536 268156 1016405 41 11 22 27  0  0
54 13   3328 86895176 2520752 78375176    0    0 1370288 870152 263150 1012464 40 11 22 27  0  0
procs -----------memory---------- ---swap-- -----io---- -system-- -------cpu-------
 r  b   swpd   free   buff  cache   si   so    bi    bo   in   cs us sy id wa st gu
38 32   3328 86894456 2520752 78375184    0    0 1212784 762468 218797 847821 33  9 24 34  0  0
36 32   3328 86895124 2520752 78375196    0    0 1385856 897988 268479 1013957 41 11 22 26  0  0
32 38   3328 86895224 2520752 78375204    0    0 1378752 895544 268683 1014552 41 12 22 26  0  0
43 25   3328 86897388 2520752 78375220    0    0 1374768 902944 268315 1016570 41 11 22 26  0  0
23 48   3328 86896016 2520752 78375232    0    0 1362608 881704 264544 1001135 40 11 22 27  0  0
37 34   3328 86896140 2520752 78375240    0    0 1371328 887568 266785 1014496 41 11 22 26  0  0
42 28   3328 86897132 2520752 78375252    0    0 1375520 886472 268985 1024814 41 12 22 26  0  0
36 33   3328 86898568 2520752 78375324    0    0 1381312 901052 269477 1020675 42 12 21 25  0  0
40 32   3328 86898748 2520752 78375328    0    0 1383728 886752 270502 1020963 42 12 21 25  0  0
44 27   3328 86898260 2520752 78375348    0    0 1368624 883576 266763 1012013 41 11 22 26  0  0
40 24   3328 86895892 2520752 78375360    0    0 1366512 877008 264425 1005032 40 11 22 27  0  0
40 27   3328 86898288 2520752 78375372    0    0 1309536 826760 249438 952586 39 10 22 29  0  0
60  6   3328 86892816 2520752 78375380    0    0 1291120 809856 241320 927921 37 10 23 30  0  0
31 36   3328 86893876 2520752 78375388    0    0 1386128 888604 271143 1019162 42 12 21 25  0  0
51 22   3328 86896424 2520752 78375404    0    0 1379936 897988 268066 1014149 41 11 22 26  0  0
52 18   3328 86890312 2520752 78375416    0    0 1372640 887812 265831 1007859 40 11 22 26  0  0
34 35   3328 86888916 2520752 78375428    0    0 1373712 887320 265680 1013909 41 11 22 26  0  0
39 28   3328 86889808 2520752 78375436    0    0 1381040 885828 269126 1021749 41 11 22 26  0  0
43 27   3328 86894408 2520752 78375444    0    0 1384048 891208 269505 1015157 41 12 21 25  0  0
44  9   3328 86894184 2520752 78375460    0    0 1386864 896884 268775 1013009 41 12 21 26  0  0
33 37   3328 86892852 2520752 78375468    0    0 1371168 892432 267751 1012964 41 11 22 26  0  0
procs -----------memory---------- ---swap-- -----io---- -system-- -------cpu-------
 r  b   swpd   free   buff  cache   si   so    bi    bo   in   cs us sy id wa st gu
28 41   3328 86894060 2520752 78375480    0    0 1370720 883304 265329 1007083 41 11 22 26  0  0
51 16   3328 86888352 2520752 78375488    0    0 1376816 885764 267126 1013753 41 11 22 26  0  0
37 34   3328 86885800 2520752 78375496    0    0 1253552 794240 231732 896744 36 10 23 32  0  0
49 26   3328 86892132 2520752 78375508    0    0 1343424 853088 254286 966416 39 11 22 28  0  0
44 24   3328 86888140 2520752 78375516    0    0 1381200 894656 268512 1006618 42 12 21 25  0  0
36 46   3328 86890816 2520752 78375524    0    0 1373408 892684 268012 1014968 41 12 22 26  0  0
49 23   3328 86891388 2520752 78375536    0    0 1366576 880748 263977 1004381 40 11 22 27  0  0
26 40   3328 86892016 2520752 78375544    0    0 1377488 895352 268841 1011991 41 12 21 26  0  0
41 28   3328 86889404 2520752 78375556    0    0 1380064 895048 270147 1020557 41 12 21 25  0  0
56 25   3328 86892964 2520752 78375568    0    0 1387952 901328 269945 1017468 41 12 22 26  0  0
42 30   3328 86893700 2520752 78375576    0    0 1374000 890452 268160 1018169 41 12 22 26  0  0
47 21   3328 86894408 2520752 78375588    0    0 1367328 885948 266429 1005110 41 11 22 26  0  0
41 26   3328 86894124 2520752 78375596    0    0 1354976 874512 265745 1002535 40 11 22 26  0  0
46 23   3328 86892232 2520752 78375612    0    0 1340816 850520 257504 983256 40 11 22 27  0  0
39 30   3328 86891168 2520752 78375628    0    0 1263424 787356 230721 884764 35 10 23 32  0  0
41 27   3328 86893888 2520752 78375636    0    0 1385040 897936 269447 1013061 42 12 21 26  0  0
42 24   3328 86893572 2520752 78375640    0    0 1380992 892732 269383 1015904 41 12 21 26  0  0
44 23   3328 86892320 2520752 78375656    0    0 1366496 894492 266463 1014318 41 11 22 26  0  0
18 45   3328 86891424 2520752 78375668    0    0 1360080 872736 264439 1000287 40 11 22 27  0  0
45 27   3328 86893252 2520752 78375680    0    0 1375408 892296 269930 1014501 41 12 21 26  0  0
36 38   3328 86893508 2520752 78375688    0    0 1377280 888972 269258 1020300 41 12 21 26  0  0
procs -----------memory---------- ---swap-- -----io---- -system-- -------cpu-------
 r  b   swpd   free   buff  cache   si   so    bi    bo   in   cs us sy id wa st gu
31 38   3328 86893400 2520752 78375696    0    0 1381472 884528 269726 1020506 42 12 21 25  0  0
51 14   3328 86895400 2520752 78375704    0    0 1370464 879184 268179 1011333 41 12 22 26  0  0
41 29   3328 86895284 2520752 78375716    0    0 1364864 890900 266766 1011227 41 11 22 26  0  0
45 23   3328 86896516 2520752 78375728    0    0 1363744 875604 265151 1009151 41 11 22 26  0  0
32 36   3328 86897116 2520752 78375736    0    0 1284096 819264 241930 923128 37 10 23 30  0  0
47 24   3328 86895072 2520752 78375748    0    0 1306304 821284 245552 943658 38 10 22 30  0  0
33 35   3328 86893268 2520752 78375760    0    0 1384176 896308 268580 1013605 41 12 22 25  0  0
49 27   3328 86891396 2520752 78375768    0    0 1372480 891164 268154 1009029 41 11 22 26  0  0
51 30   3328 86893244 2520752 78375784    0    0 1365728 884776 265931 1007332 41 11 22 26  0  0
37 31   3328 86892164 2520752 78375792    0    0 1378384 880212 267452 1014973 41 12 22 26  0  0
40 29   3328 86894316 2520752 78375804    0    0 1381904 882476 267399 1021265 41 12 22 26  0  0
48 18   3328 86897212 2520752 78375812    0    0 1381792 895540 270376 1021165 42 12 21 25  0  0
47 19   3328 86897612 2520752 78375824    0    0 1387584 891680 270183 1016962 41 12 21 25  0  0
38 33   3328 86893056 2520752 78375840    0    0 1366176 885120 268763 1019228 41 12 22 26  0  0
54 31   3328 86892568 2520752 78375848    0    0 1349792 869812 263835 1001020 40 11 22 26  0  0
39 27   3328 86895392 2520752 78375860    0    0 1344272 861140 258230 981969 39 11 22 28  0  0
32 35   3328 86896836 2520752 78375868    0    0 1254640 800096 232976 894337 35 10 23 32  0  0
38 29   3328 86898448 2520752 78375872    0    0 1351312 862632 258627 987147 40 11 22 27  0  0
54 20   3328 86897436 2520752 78375888    0    0 1380544 890080 269346 1016348 41 12 22 26  0  0
51 21   3328 86896764 2520752 78375896    0    0 1375520 902324 268971 1006478 41 12 21 26  0  0
42 27   3328 86894468 2520752 78375908    0    0 1358528 874052 264410 1002151 40 11 22 27  0  0
procs -----------memory---------- ---swap-- -----io---- -system-- -------cpu-------
 r  b   swpd   free   buff  cache   si   so    bi    bo   in   cs us sy id wa st gu
42 27   3328 86896348 2520752 78375916    0    0 1373152 901724 268020 1016505 41 12 22 26  0  0
43 39   3328 86894024 2520752 78375924    0    0 1375808 894592 269503 1020352 41 12 22 26  0  0
49 18   3328 86895632 2520752 78375940    0    0 1388832 888980 269472 1027521 42 12 21 25  0  0
34 36   3328 86894252 2520752 78375952    0    0 1380480 902220 269150 1015049 41 12 21 26  0  0
43 23   3328 86891836 2520752 78376032    0    0 1377968 885636 267537 1011136 41 11 22 26  0  0
33 38   3328 86889032 2520752 78376040    0    0 1358592 879044 265308 1003878 41 11 22 26  0  0
45 24   3328 86895036 2520752 78376048    0    0 1271664 804380 237740 911217 36 10 23 31  0  0
45 22   3328 86895400 2520752 78376064    0    0 1313504 823816 245793 942301 38 10 22 30  0  0
48 21   3328 86894368 2520752 78376072    0    0 1377664 903172 271234 1014841 42 12 21 25  0  0
54 26   3328 86895244 2520752 78376080    0    0 1378992 900444 269453 1015668 41 12 22 26  0  0
52 18   3328 86895268 2520752 78376092    0    0 1380144 891424 268473 1013080 41 11 22 26  0  0
44 26   3328 86896336 2520752 78376100    0    0 1346304 882340 263656 1001865 40 11 22 27  0  0
37 32   3328 86893516 2520752 78376112    0    0 1380448 889848 268609 1014569 41 12 21 26  0  0
39 28   3328 86892396 2520752 78376120    0    0 1382864 894956 267696 1016989 41 12 22 26  0  0
34 35   3328 86891660 2520752 78376128    0    0 1379824 895228 269316 1019979 42 11 21 25  0  0
34 34   3328 86894960 2520752 78376140    0    0 1372752 896280 267874 1008196 41 11 22 26  0  0
51 17   3328 86893032 2520752 78376148    0    0 1365056 882116 265704 1005373 40 11 22 26  0  0
48 21   3328 86893892 2520752 78376160    0    0 1317888 843648 253613 962355 39 11 23 28  0  0
16 52   3328 86894272 2520752 78376172    0    0 1286800 829028 244639 933569 37 10 23 30  0  0
40 27   3328 86894316 2520752 78376180    0    0 1336096 847980 255177 966391 39 11 22 28  0  0
43 30   3328 86895000 2520752 78376196    0    0 1378304 894192 269075 1017973 42 11 22 26  0  0
procs -----------memory---------- ---swap-- -----io---- -system-- -------cpu-------
 r  b   swpd   free   buff  cache   si   so    bi    bo   in   cs us sy id wa st gu
31 40   3328 86894444 2520752 78376204    0    0 1376032 899468 267537 1013335 41 11 22 26  0  0
47 19   3328 86894052 2520752 78376212    0    0 1360896 887328 267863 1012376 41 11 22 26  0  0
49 26   3328 86891212 2520752 78376228    0    0 1372240 890552 267426 1006323 41 11 22 26  0  0
46 21   3328 86894448 2520752 78376240    0    0 1378784 896880 268914 1017333 41 12 22 26  0  0
43 28   3328 86895316 2520752 78376252    0    0 1377504 898348 267932 1020704 41 11 22 26  0  0
41 27   3328 86893420 2520752 78376260    0    0 1374544 891016 270148 1019852 41 12 21 25  0  0
46 35   3328 86892096 2520752 78376268    0    0 1363504 893852 265949 1005707 40 11 22 26  0  0
47 23   3328 86893816 2520752 78376284    0    0 1330976 857320 257814 981117 39 11 22 28  0  0
33 39   3328 86892548 2520752 78376292    0    0 1299184 832820 243701 927308 37 10 23 30  0  0
47 23   3328 86894496 2520752 78376304    0    0 1311808 836340 246351 939407 38 10 22 30  0  0
45 22   3328 86895152 2520752 78376312    0    0 1375968 890504 270496 1015840 42 12 21 25  0  0
53 16   3328 86894912 2520752 78376320    0    0 1387088 904696 266693 1010702 41 12 22 26  0  0
46 32   3328 86895584 2520752 78376336    0    0 1365680 888012 267382 1012597 40 11 22 26  0  0
44 23   3328 86898184 2520752 78376344    0    0 1359680 881956 264771 1009081 40 11 22 26  0  0
39 35   3328 86898208 2520752 78376360    0    0 1373056 893988 268001 1014746 41 11 22 26  0  0
40 29   3328 86897928 2520752 78376368    0    0 1374384 889124 269352 1021130 41 12 22 26  0  0
27 43   3328 86897948 2520752 78376376    0    0 1374688 897484 268375 1020135 41 11 22 26  0  0
37 32   3328 86898156 2520752 78376392    0    0 1367456 884364 267455 1017817 41 11 22 26  0  0
31 37   3328 86897080 2520752 78376400    0    0 1342784 871884 261539 990784 40 11 22 27  0  0
44 28   3328 86897420 2520752 78376412    0    0 1289024 813104 243328 931125 37 10 23 30  0  0
42 27   3328 86896156 2520752 78376420    0    0 1352080 871416 263679 980680 40 11 22 27  0  0
procs -----------memory---------- ---swap-- -----io---- -system-- -------cpu-------
 r  b   swpd   free   buff  cache   si   so    bi    bo   in   cs us sy id wa st gu
39 31   3328 86895008 2520752 78376428    0    0 1315552 842308 249370 951422 38 10 22 29  0  0
44 24   3328 86896168 2520752 78376444    0    0 1384320 897584 270821 1016619 42 12 21 25  0  0
48 20   3328 86894784 2520752 78376452    0    0 1365712 879912 266629 1006846 41 11 22 26  0  0
38 30   3328 86896428 2520752 78376464    0    0 1355584 893768 267466 1018657 41 11 22 26  0  0
45 26   3328 86894012 2520752 78376472    0    0 1364816 883028 265802 1004003 41 11 22 26  0  0
49 25   3328 86896104 2520752 78376480    0    0 1379504 887060 267810 1017964 41 11 22 26  0  0
31 38   3328 86893144 2520752 78376492    0    0 1385888 895496 268331 1016727 41 12 22 26  0  0
60 19   3328 86893128 2520752 78376500    0    0 1375984 888416 269152 1021278 41 12 22 25  0  0
45 20   3328 86893816 2520752 78376512    0    0 1370256 883540 265538 998301 40 11 22 27  0  0
50 20   3328 86893392 2520752 78376520    0    0 1257088 807548 235889 906287 35 10 23 31  0  0
42 24   3328 86896380 2520752 78376528    0    0 1378656 889904 268945 1013904 41 12 21 26  0  0
33 39   3328 86896232 2520752 78376540    0    0 1301104 817436 242237 932564 37 10 23 30  0  0
37 33   3328 86898600 2520752 78376552    0    0 1379600 901764 268787 1018401 41 12 21 26  0  0
45 24   3328 86896368 2520752 78376560    0    0 1378928 892340 270726 1018252 42 12 21 25  0  0
39 30   3328 86898700 2520752 78376572    0    0 1370032 901252 270268 1013487 42 11 21 26  0  0
59  9   3328 86899432 2520752 78376580    0    0 1361568 866964 266578 1011282 41 11 22 26  0  0
43 26   3328 86898980 2520752 78376588    0    0 1360816 899592 266442 1005985 40 11 22 26  0  0
47 24   3328 86900344 2520752 78376604    0    0 1379040 887760 267635 1019411 41 12 22 26  0  0
32 36   3328 86901984 2520752 78376612    0    0 1376592 883584 268406 1012832 42 12 21 25  0  0
38 33   3328 86897388 2520752 78376624    0    0 1364336 885968 266999 1009084 41 11 22 26  0  0
15 48   3328 86898052 2520752 78376632    0    0 1338224 871096 259517 980331 39 11 22 27  0  0
procs -----------memory---------- ---swap-- -----io---- -system-- -------cpu-------
 r  b   swpd   free   buff  cache   si   so    bi    bo   in   cs us sy id wa st gu
41 28   3328 86897548 2520752 78376640    0    0 1306832 828156 245291 936764 37 10 23 30  0  0
38 32   3328 86898136 2520752 78376720    0    0 1366240 879776 266661 1011619 41 11 22 26  0  0
43 23   3328 86900176 2520752 78376728    0    0 1302912 823168 244580 937175 38 10 23 30  0  0
59 22   3328 86898304 2520752 78376744    0    0 1379280 897880 267647 1011828 41 11 22 26  0  0
49 26   3328 86899588 2520752 78376752    0    0 1362704 896088 267167 1014212 41 11 22 26  0  0
38 33   3328 86897332 2520752 78376760    0    0 1379712 896136 267339 1015288 41 11 22 26  0  0
24 45   3328 86898388 2520752 78376784    0    0 1364800 881300 263882 1000219 40 11 22 27  0  0
41 28   3328 86898112 2520752 78376792    0    0 1385056 887712 268479 1016729 41 11 21 26  0  0
51 33   3328 86897396 2520752 78376804    0    0 1379008 890336 268104 1009761 41 11 22 26  0  0
35 36   3328 86897164 2520752 78376812    0    0 1379744 902160 267614 1017282 41 12 22 26  0  0
48 23   3328 86896452 2520752 78376820    0    0 1359072 873484 264053 1005623 40 11 22 26  0  0
26 43   3328 86898508 2520752 78376836    0    0 1288592 815620 243793 937247 37 10 23 30  0  0
26 44   3328 86899088 2520752 78376844    0    0 1352144 874008 260833 992651 40 11 22 27  0  0
26 37   3328 86899188 2520752 78376856    0    0 1346032 863116 256749 980956 39 11 22 28  0  0
48 19   3328 86902072 2520752 78376864    0    0 1327984 857964 251864 959581 39 10 22 29  0  0
35 40   3328 86899924 2520752 78376872    0    0 1373728 892352 269280 1010806 41 12 21 26  0  0
43 32   3328 86897720 2520752 78376888    0    0 1367744 889484 267168 1016435 41 11 22 26  0  0
26 43   3328 86901376 2520752 78376896    0    0 1370800 883944 266367 1009705 41 11 22 26  0  0
33 35   3328 86899804 2520752 78376908    0    0 1374240 884716 265416 1011333 41 11 22 26  0  0
25 43   3328 86897728 2520752 78376912    0    0 1379424 878960 268889 1014731 41 12 22 25  0  0
28 43   3328 86898152 2520752 78376920    0    0 1381056 883044 269960 1016809 42 12 21 25  0  0
procs -----------memory---------- ---swap-- -----io---- -system-- -------cpu-------
 r  b   swpd   free   buff  cache   si   so    bi    bo   in   cs us sy id wa st gu
20 51   3328 86899152 2520752 78376936    0    0 1366048 881536 266556 1006433 41 11 22 26  0  0
36 32   3328 86898120 2520752 78376944    0    0 1369280 881488 264256 1000362 40 11 22 27  0  0
27 39   3328 86899292 2520752 78376956    0    0 1279792 798184 240686 931360 37 10 23 30  0  0
10 43   3328 86895928 2520752 78376964    0    0 1366720 893276 269507 1017221 41 12 22 26  0  0
22 49   3328 86896320 2520752 78376972    0    0 1316352 837796 249806 947986 38 10 22 29  0  0
21 47   3328 86896324 2520752 78376984    0    0 1348880 877976 261482 992558 40 11 22 27  0  0
13 55   3328 86895256 2520752 78376996    0    0 1374352 889280 269960 1020233 41 12 21 25  0  0
41 28   3328 86896092 2520752 78377008    0    0 1388752 884664 270177 1019289 41 12 21 26  0  0
40 32   3328 86898940 2520752 78377016    0    0 1376416 876864 267617 1019819 41 12 22 26  0  0
34 34   3328 86894188 2520752 78377024    0    0 1367248 879144 267942 1012878 41 11 22 26  0  0
32 39   3328 86895520 2520752 78377036    0    0 1376928 884372 268426 1020265 42 12 21 25  0  0
31 37   3328 86891496 2520752 78377048    0    0 1377104 887228 267875 1009749 41 12 22 26  0  0
30 28   3328 86891904 2520752 78377060    0    0 1374112 886060 266821 1006315 41 11 22 26  0  0
32 38   3328 86893876 2520752 78377072    0    0 1274320 807612 238099 914227 36 10 23 31  0  0
40 37   3328 86895276 2520752 78377080    0    0 1363744 893332 267970 1007647 41 11 22 26  0  0
30 42   3328 86894328 2520752 78377088    0    0 1377584 889340 269750 1021190 41 12 22 26  0  0
32 37   3328 86893520 2520752 78377100    0    0 1300336 837472 241871 925551 36 10 23 30  0  0
31 40   3328 86894516 2520752 78377108    0    0 1382496 882192 269591 1021146 42 12 21 25  0  0
30 40   3328 86895052 2520752 78377112    0    0 1378608 890960 268859 1011351 41 12 21 26  0  0
32 39   3328 86896380 2520752 78377128    0    0 1368576 899608 268462 1012612 41 11 22 26  0  0
45 27   3328 86897852 2520752 78377140    0    0 1373056 887136 268141 1006923 41 11 22 26  0  0
procs -----------memory---------- ---swap-- -----io---- -system-- -------cpu-------
 r  b   swpd   free   buff  cache   si   so    bi    bo   in   cs us sy id wa st gu
49 35   3328 86898352 2520752 78377156    0    0 1360704 887952 268003 1006864 41 11 22 26  0  0
39 31   3328 86898176 2520752 78377164    0    0 1378864 899712 269076 1010161 41 11 22 26  0  0
35 36   3328 86894568 2520752 78377176    0    0 1377184 886144 269081 1010771 41 12 22 26  0  0
40 26   3328 86897272 2520752 78377188    0    0 1345904 855700 260256 987677 40 11 22 27  0  0
38 32   3328 86898844 2520752 78377196    0    0 1281984 828028 242819 927065 36 10 23 31  0  0
48 29   3328 86898552 2520752 78377212    0    0 1368640 877644 266455 1014931 41 12 22 26  0  0
23 44   3328 86898576 2520752 78377220    0    0 1380176 891256 268047 1013304 41 12 22 26  0  0
45 22   3328 86897872 2520752 78377232    0    0 1293584 824480 242225 926126 37 10 23 30  0  0
49 17   3328 86897980 2520752 78377240    0    0 1369568 892856 268300 1018917 41 11 22 26  0  0
34 35   3328 86899428 2520752 78377248    0    0 1378272 889628 269627 1021763 41 12 21 26  0  0
28 41   3328 86897612 2520752 78377264    0    0 1374768 896420 268976 1010610 41 12 22 26  0  0
47 17   3328 86894380 2520752 78377272    0    0 1370752 894968 266170 1002815 41 11 22 26  0  0
40 26   3328 86896208 2520752 78377280    0    0 1374912 899440 268001 1014565 41 11 22 26  0  0
30 38   3328 86896360 2520752 78377292    0    0 1381552 887712 268086 1014363 41 11 22 26  0  0
43 36   3328 86868552 2520752 78377356    0    0 1362656 883796 270666 1008920 41 12 21 25  0  0
35 31   3328 86879032 2520752 78377380    0    0 1292688 821672 247255 934873 37 11 23 29  0  0
36 30   3328 86883556 2520752 78377388    0    0 1347856 875064 260736 989767 39 11 22 27  0  0
39 30   3328 86880900 2520752 78377400    0    0 1382080 887924 268572 1018141 41 12 22 26  0  0
25 45   3328 86884888 2520752 78377408    0    0 1296432 843308 244028 932213 37 10 23 30  0  0
42 25   3328 86882864 2520752 78377504    0    0 1373120 889364 268302 1018369 42 11 21 26  0  0
35 35   3328 86884736 2520752 78377516    0    0 1376864 901596 269355 1012756 41 12 21 26  0  0
procs -----------memory---------- ---swap-- -----io---- -system-- -------cpu-------
 r  b   swpd   free   buff  cache   si   so    bi    bo   in   cs us sy id wa st gu
24 46   3328 86884604 2520752 78377528    0    0 1385184 901328 269274 1011684 41 12 22 26  0  0
39 34   3328 86882288 2520752 78377540    0    0 1370384 889396 271600 1020812 42 12 21 25  0  0
38 35   3328 86882092 2520752 78377548    0    0 1358480 883204 264457 1005170 40 11 22 26  0  0
32 39   3328 86875492 2520752 78377560    0    0 1379184 894560 268916 1015668 41 12 22 26  0  0
44 13   3328 86876224 2520752 78377572    0    0 1380912 883788 266716 1008160 41 12 22 26  0  0
40 28   3328 86879080 2520752 78377584    0    0 1355232 885744 265089 1004411 40 11 22 27  0  0
36 34   3328 86880040 2520752 78377596    0    0 1271232 810828 238161 914740 36 10 23 31  0  0
43 26   3328 86882644 2520752 78377604    0    0 1370096 889472 266449 1005552 41 11 22 26  0  0
45 28   3328 86883136 2520752 78377608    0    0 1390176 887832 269045 1017653 41 12 21 26  0  0
45 27   3328 86882884 2520752 78377620    0    0 1280272 833168 242191 922808 37 10 23 30  0  0
42 27   3328 86883920 2520752 78377632    0    0 1373888 889400 267735 1014569 41 11 22 26  0  0
51 29   3328 86883976 2520752 78377644    0    0 1378768 894132 268606 1010115 41 12 21 26  0  0
42 25   3328 86883140 2520752 78377652    0    0 1377408 894032 269257 1008960 41 12 21 26  0  0
34 35   3328 86883008 2520752 78377660    0    0 1369760 892336 267146 1012546 41 11 22 26  0  0
46 21   3328 86883728 2520752 78377672    0    0 1370736 893100 269724 1011955 41 12 21 26  0  0
36 36   3328 86888316 2520752 78377684    0    0 1368096 891444 266550 1013652 41 11 22 26  0  0
35 34   3328 86888092 2520752 78377692    0    0 1370432 886468 265979 1008303 41 11 22 26  0  0
37 30   3328 86888192 2520752 78377708    0    0 1317056 851432 251901 960522 38 10 23 29  0  0
43 28   3328 86888084 2520752 78377716    0    0 1327008 849364 254837 969875 38 11 22 28  0  0
40 26   3328 86889328 2520752 78377724    0    0 1379728 890768 267694 1007081 41 11 22 26  0  0
20 48   3328 86889592 2520752 78377740    0    0 1356192 870320 259923 982340 40 11 22 27  0  0
procs -----------memory---------- ---swap-- -----io---- -system-- -------cpu-------
 r  b   swpd   free   buff  cache   si   so    bi    bo   in   cs us sy id wa st gu
34 36   3328 86890148 2520752 78377748    0    0 1310064 843540 250626 952335 38 11 22 29  0  0
45 20   3328 86888848 2520752 78377764    0    0 1381904 894120 268357 1015029 41 12 22 26  0  0
28 40   3328 86889512 2520752 78377772    0    0 1383632 906580 268946 1019057 41 11 21 26  0  0
44 26   3328 86889864 2520752 78377784    0    0 1377328 889388 269002 1017118 41 12 22 26  0  0
42 33   3328 86887028 2520752 78377792    0    0 1353568 901600 266230 1000065 40 12 22 26  0  0
45 28   3328 86889624 2520752 78377800    0    0 1379392 893920 269539 1020822 41 11 21 26  0  0
32 39   3328 86888896 2520752 78377812    0    0 1379680 901052 268390 1015641 41 11 22 26  0  0
46 25   3328 86889352 2520752 78377820    0    0 1360352 873744 264952 1005040 41 11 22 26  0  0
38 28   3328 86887080 2520752 78377832    0    0 1273632 826892 240175 916327 36 10 23 31  0  0
34 37   3328 86887164 2520752 78377844    0    0 1370096 895652 267622 1006388 41 11 22 26  0  0
34 35   3328 86887040 2520752 78377852    0    0 1384528 898248 269487 1013937 41 11 22 26  0  0
46 24   3328 86887772 2520752 78377864    0    0 1313408 845780 248310 942276 38 10 23 29  0  0
57 28   3328 86888472 2520752 78377872    0    0 1358880 873524 262233 999902 40 11 22 27  0  0
35 32   3328 86888036 2520752 78377888    0    0 1379168 891828 269422 1016575 41 12 22 26  0  0
41 29   3328 86890768 2520752 78377896    0    0 1376224 896860 269344 1017167 41 12 21 25  0  0
41 28   3328 86888344 2520752 78377908    0    0 1365616 894272 268248 1016491 41 11 22 26  0  0
33 36   3328 86888688 2520752 78377920    0    0 1361072 881100 266626 1011784 41 11 22 26  0  0
36 31   3328 86886260 2520752 78377928    0    0 1372752 883904 267976 1016666 41 11 21 26  0  0
34 36   3328 86890452 2520752 78377940    0    0 1370496 892696 267518 1013196 41 12 22 26  0  0
31 37   3328 86890060 2520752 78377948    0    0 1329968 857940 255120 973714 39 11 22 28  0  0
39 30   3328 86889204 2520752 78377964    0    0 1305904 845396 251107 960617 38 10 23 29  0  0
procs -----------memory---------- ---swap-- -----io---- -system-- -------cpu-------
 r  b   swpd   free   buff  cache   si   so    bi    bo   in   cs us sy id wa st gu
34 35   3328 86888928 2520752 78377976    0    0 1375776 889892 268344 1017523 41 12 22 26  0  0
51 18   3328 86891728 2520752 78377980    0    0 1384672 885692 268911 1020208 41 12 22 26  0  0
45 22   3328 86889104 2520752 78377992    0    0 1280352 826340 243460 926464 37 10 23 30  0  0
59 17   3328 86888892 2520752 78378000    0    0 1369792 895392 265586 1001129 41 11 22 26  0  0
48 23   3328 86886216 2520752 78378012    0    0 1386560 892508 270906 1017834 42 12 21 25  0  0
37 31   3328 86884772 2520752 78378024    0    0 1381888 899132 269945 1008843 41 12 21 26  0  0
38 30   3328 86886072 2520752 78378032    0    0 1377696 892960 269478 1017378 41 12 22 26  0  0
34 37   3328 86887432 2520752 78378044    0    0 1367312 887024 267551 1016555 41 12 22 26  0  0
30 38   3328 86887296 2520752 78378052    0    0 1375664 885932 267994 1018220 41 12 22 26  0  0
24 43   3328 86886896 2520752 78378064    0    0 1351216 881332 261857 994818 40 11 22 27  0  0
31 38   3328 86883104 2520752 78378076    0    0 1282128 818696 243165 923049 36 10 23 31  0  0
47 19   3328 86889164 2520752 78378084    0    0 1376736 890804 268558 1015113 41 12 22 26  0  0
23 46   3328 86889168 2520752 78378096    0    0 1384528 904356 268062 1011773 41 12 22 26  0  0
29 40   3328 86889456 2520752 78378108    0    0 1372832 888948 264233 999930 41 11 22 27  0  0
44 23   3328 86890944 2520752 78378120    0    0 1293792 830468 244641 934175 37 10 23 30  0  0
52 11   3328 86890912 2520752 78378132    0    0 1378976 888656 268612 1017218 41 11 22 26  0  0
42 22   3328 86892420 2520752 78378204    0    0 1386320 906480 268846 1011693 41 12 21 26  0  0
45 22   3328 86889692 2520752 78378216    0    0 1377424 903636 267615 1010185 41 11 22 26  0  0
26 41   3328 86892116 2520752 78378220    0    0 1359568 894076 268464 1008871 41 12 22 26  0  0
33 37   3328 86889704 2520752 78378236    0    0 1373744 890880 266257 1008495 41 11 22 26  0  0
35 34   3328 86891240 2520752 78378244    0    0 1368144 891176 266877 1009580 41 11 22 26  0  0
procs -----------memory---------- ---swap-- -----io---- -system-- -------cpu-------
 r  b   swpd   free   buff  cache   si   so    bi    bo   in   cs us sy id wa st gu
40 27   3328 86887212 2520752 78378256    0    0 1299824 832180 247434 939246 37 10 23 30  0  0
31 41   3328 86885372 2520752 78378264    0    0 1351088 867952 260625 995995 40 11 22 27  0  0
57 20   3328 86887840 2520752 78378276    0    0 1367312 888540 268812 1018176 41 12 21 26  0  0
32 41   3328 86890380 2520752 78378292    0    0 1374208 897668 269213 1014846 41 12 21 26  0  0
38 18   3328 86889208 2520752 78378300    0    0 1330896 850560 253611 965581 39 11 22 28  0  0
42 26   3328 86890004 2520752 78378312    0    0 1345328 861444 256828 974845 39 11 22 28  0  0
43 24   3328 86890344 2520752 78378320    0    0 1387696 902700 269906 1017727 42 11 21 26  0  0
45 15   3328 86886580 2520752 78378332    0    0 1381344 904668 268973 1014118 41 11 21 26  0  0
46 25   3328 86887992 2520752 78378340    0    0 1370528 890220 267305 1006715 41 11 22 26  0  0
45 26   3328 86892684 2520752 78378352    0    0 1354416 891100 267256 1003928 41 11 22 26  0  0
68 16   3328 86891244 2520752 78378364    0    0 1375264 888584 269088 1011454 41 12 21 26  0  0
49 17   3328 86888732 2520752 78378372    0    0 1356976 873512 266648 1011234 41 11 22 26  0  0
49 18   3328 86890824 2520752 78378384    0    0 1268240 820956 241682 921862 36 10 23 30  0  0
35 35   3328 86892104 2520752 78378392    0    0 1378688 892956 268272 1015893 41 12 22 26  0  0
56 15   3328 86892100 2520752 78378400    0    0 1380112 893768 269785 1016491 41 12 21 26  0  0
44 27   3328 86891900 2520752 78378412    0    0 1374160 895496 269913 1023893 41 12 21 26  0  0
37 32   3328 86892356 2520752 78378420    0    0 1303008 837224 247877 948359 38 10 23 29  0  0
42 29   3328 86893636 2520752 78378432    0    0 1360144 874288 261582 996482 40 11 22 27  0  0
37 10   3328 86889200 2520752 78378440    0    0 1391200 891472 270965 1019676 42 12 21 25  0  0
31 37   3328 86891716 2520752 78378452    0    0 1379664 901996 268607 1013937 41 12 22 26  0  0
31 37   3328 86891296 2520752 78378464    0    0 1371792 892196 266459 1014658 41 11 22 26  0  0
procs -----------memory---------- ---swap-- -----io---- -system-- -------cpu-------
 r  b   swpd   free   buff  cache   si   so    bi    bo   in   cs us sy id wa st gu
47 24   3328 86888096 2520752 78378472    0    0 1362816 882504 265795 1008339 41 11 22 26  0  0
59 24   3328 86887804 2520752 78378484    0    0 1373920 898896 268779 1007339 41 11 22 26  0  0
42 33   3328 86889048 2520752 78378492    0    0 1257200 809048 238055 907447 36 10 23 31  0  0
34 35   3328 86885308 2520752 78378504    0    0 1365552 895100 266700 1012017 41 11 22 26  0  0
44 29   3328 86888116 2520752 78378516    0    0 1383168 888288 268446 1014000 41 12 21 26  0  0
35 38   3328 86890576 2520752 78378524    0    0 1372976 895216 269877 1014754 41 11 21 26  0  0
42 27   3328 86888548 2520752 78378540    0    0 1343616 859076 257243 979635 39 11 22 28  0  0
48 24   3328 86891700 2520752 78378548    0    0 1333072 872536 253453 965840 39 11 22 28  0  0
40 27   3328 86889772 2520752 78378560    0    0 1385072 897624 269640 1015425 41 12 21 25  0  0
24 45   3328 86891844 2520752 78378572    0    0 1383952 902512 268079 1017365 41 12 22 26  0  0
48 22   3328 86891580 2520752 78378584    0    0 1378880 894860 266944 1009280 41 11 22 26  0  0
35 34   3328 86891240 2520752 78378592    0    0 1360416 889620 264364 998009 40 11 22 26  0  0
39 30   3328 86894912 2520752 78378600    0    0 1369968 887748 266232 1003147 40 11 22 26  0  0
31 37   3328 86892828 2520752 78378616    0    0 1323472 854484 253437 957609 38 11 23 29  0  0
50 19   3328 86890596 2520752 78378628    0    0 1318672 848680 251059 953619 38 10 23 29  0  0
35 35   3328 86895860 2520752 78378636    0    0 1377936 897920 269207 1018791 41 12 22 26  0  0
50 18   3328 86891696 2520752 78378652    0    0 1378528 903840 269148 1013407 41 12 22 26  0  0
36 33   3328 86890952 2520752 78378660    0    0 1369328 903156 265470 1001868 40 11 22 26  0  0
39 33   3328 86892680 2520752 78378672    0    0 1283584 818036 241083 926126 36 10 23 30  0  0
43 29   3328 86891008 2520752 78378684    0    0 1377984 895480 268786 1014319 41 12 21 26  0  0
35 34   3328 86890492 2520752 78378692    0    0 1383136 901508 268496 1012644 41 11 22 26  0  0
procs -----------memory---------- ---swap-- -----io---- -system-- -------cpu-------
 r  b   swpd   free   buff  cache   si   so    bi    bo   in   cs us sy id wa st gu
46 22   3328 86891684 2520752 78378704    0    0 1381264 899388 268852 1018088 41 11 22 26  0  0
50 14   3328 86890668 2520752 78378712    0    0 1380016 890304 269286 1011533 41 11 21 26  0  0
41 32   3328 86891116 2520752 78378720    0    0 1354096 887304 262545 992965 40 11 22 27  0  0
53 23   3328 86891980 2520752 78378732    0    0 1362416 881432 267117 1006411 41 11 22 26  0  0
38 32   3328 86891560 2520752 78378744    0    0 1282384 806804 241629 923478 36 10 23 30  0  0
41 26   3328 86888424 2520752 78378752    0    0 1364576 897952 265124 1002957 41 11 22 27  0  0
43 28   3328 86889312 2520752 78378764    0    0 1383616 896112 268595 1019260 41 11 22 26  0  0
38 29   3328 86889740 2520752 78378768    0    0 1375888 899812 268415 1011986 41 12 21 26  0  0
31 38   3328 86889892 2520752 78378780    0    0 1336624 852856 256390 977057 39 11 22 28  0  0
18 11   3328 86891012 2520752 78378792    0    0 1322384 849904 254219 962924 39 11 22 28  0  0
41 27   3328 86889428 2520752 78378800    0    0 1387792 903744 269727 1008786 41 12 21 26  0  0
42 27   3328 86888900 2520752 78378812    0    0 1383984 897156 269912 1017269 41 12 21 26  0  0
54 23   3328 86889824 2520752 78378820    0    0 1373968 895916 271032 1013231 42 12 21 26  0  0
52 14   3328 86889916 2520752 78378900    0    0 1376752 882992 265610 1003911 41 11 22 26  0  0
39 32   3328 86891516 2520752 78378912    0    0 1355120 881092 265835 999854 40 11 22 27  0  0
35 34   3328 86890940 2520752 78378920    0    0 1303104 843672 250392 952505 38 11 23 29  0  0
52 17   3328 86887196 2520752 78378932    0    0 1338016 852860 255941 970427 39 11 22 28  0  0
32 34   3328 86888900 2520752 78378940    0    0 1382816 897876 268261 1015121 41 11 22 26  0  0
49 20   3328 86889660 2520752 78378952    0    0 1376864 897824 268194 1016217 41 12 22 26  0  0
50 32   3328 86889280 2520752 78378964    0    0 1255600 813424 238208 912432 36 10 23 31  0  0
42 24   3328 86887976 2520752 78378972    0    0 1261424 797412 233344 894081 35 10 23 32  0  0
procs -----------memory---------- ---swap-- -----io---- -system-- -------cpu-------
 r  b   swpd   free   buff  cache   si   so    bi    bo   in   cs us sy id wa st gu
33 38   3328 86889500 2520752 78378984    0    0 1261904 809224 235427 899049 35 10 23 32  0  0
34 33   3328 86889980 2520752 78378992    0    0 1263056 794532 234252 902244 35 10 24 31  0  0
20 47   3328 86888512 2520752 78379004    0    0 1262832 821320 236891 905362 36 10 23 31  0  0
40 26   3328 86886412 2520752 78379016    0    0 1249296 796844 234321 894581 35 10 23 32  0  0
39 31   3328 86883884 2520752 78379024    0    0 1239616 800260 231364 884664 35  9 24 32  0  0
40 28   3328 86886072 2520752 78379036    0    0 1252128 796036 232850 891614 35 10 24 32  0  0
29 43   3328 86883548 2520752 78379044    0    0 1219344 777332 223139 862135 34  9 24 33  0  0
33 37   3328 86883556 2520752 78379060    0    0 1286784 822108 240654 925673 36 10 23 31  0  0
39 37   3328 86881084 2520752 78379072    0    0 1345312 875112 259644 983448 40 11 22 28  0  0
37 33   3328 86879200 2520752 78379080    0    0 1339552 870916 259002 976457 39 11 22 28  0  0
34 34   3328 86884860 2520752 78379092    0    0 1333184 868852 257876 976064 39 11 22 28  0  0
39 30   3328 86883352 2520752 78379100    0    0 1345120 860764 258444 984114 39 11 22 28  0  0
31 39   3328 86883504 2520752 78379112    0    0 1348720 860812 259511 988958 40 11 22 27  0  0
34 39   3328 86886384 2520752 78379128    0    0 1343920 874116 260469 988695 40 11 22 27  0  0
43 25   3328 86888736 2520752 78379140    0    0 1344560 865240 260420 987261 40 11 22 27  0  0
41 27   3328 86888460 2520752 78379152    0    0 1338304 864516 257926 979269 39 11 22 28  0  0
58  8   3328 86888084 2520752 78379160    0    0 1322704 855180 255395 972712 39 11 22 28  0  0
40 27   3328 86885836 2520752 78379168    0    0 1329152 858696 256786 982967 39 11 23 28  0  0
39 27   3328 86887408 2520752 78379184    0    0 1292688 831004 247541 942328 38 11 23 29  0  0
43 31   3328 86886504 2520752 78379192    0    0 1358032 872880 262335 983635 40 11 22 27  0  0
45 24   3328 86885984 2520752 78379200    0    0 1386320 894096 268792 1018424 41 12 21 26  0  0
procs -----------memory---------- ---swap-- -----io---- -system-- -------cpu-------
 r  b   swpd   free   buff  cache   si   so    bi    bo   in   cs us sy id wa st gu
38 35   3328 86887656 2520752 78379208    0    0 1381184 895856 270444 1014944 42 12 21 25  0  0
46 23   3328 86886900 2520752 78379216    0    0 1372640 885196 265455 1007124 41 11 22 26  0  0
36 34   3328 86886844 2520752 78379232    0    0 1374928 893696 270261 1017422 41 12 21 26  0  0
38 30   3328 86885672 2520752 78379240    0    0 1378016 891724 271970 1022634 42 12 21 25  0  0
45 27   3328 86881540 2520752 78379248    0    0 1382208 897900 272078 1023449 42 12 21 25  0  0
36 34   3328 86881676 2520752 78379260    0    0 1378848 900396 270812 1014520 41 12 21 26  0  0
42 29   3328 86884036 2520752 78379268    0    0 1368224 881660 269251 1016216 41 11 21 26  0  0
43 34   3328 86884104 2520752 78379280    0    0 1355984 881256 265808 1005143 40 11 22 27  0  0
36 32   3328 86881016 2520752 78379292    0    0 1353056 866180 260909 993901 40 11 22 27  0  0
36 33   3328 86882764 2520752 78379300    0    0 1294704 838704 244388 936137 37 10 23 30  0  0
37 31   3328 86884828 2520752 78379312    0    0 1380800 882728 270435 1023376 42 12 21 25  0  0
40 28   3328 86885248 2520752 78379320    0    0 1373840 900108 269436 1012778 41 12 21 26  0  0
50 22   3328 86884736 2520752 78379332    0    0 1375680 895228 269648 1010015 41 12 21 26  0  0
45 27   3328 86885728 2520752 78379344    0    0 1379024 895192 268371 1006194 41 11 21 26  0  0
51 35   3328 86887216 2520752 78379356    0    0 1377744 894744 268692 1015960 41 12 22 26  0  0
33 36   3328 86888324 2520752 78379368    0    0 1381600 902000 270265 1020433 41 12 21 26  0  0
52 15   3328 86888348 2520752 78379376    0    0 1378112 884400 269977 1018437 42 12 21 25  0  0
36 31   3328 86885932 2520752 78379384    0    0 1369008 896352 268766 1008561 41 11 22 26  0  0
60  7   3328 86886348 2520752 78379396    0    0 1366064 883964 267451 1008394 41 11 22 26  0  0
54 15   3328 86886576 2520752 78379404    0    0 1346544 877612 263940 997140 40 11 22 27  0  0
29 35   3328 86884288 2520752 78379416    0    0 1308720 839532 250029 951058 38 11 22 29  0  0
procs -----------memory---------- ---swap-- -----io---- -system-- -------cpu-------
 r  b   swpd   free   buff  cache   si   so    bi    bo   in   cs us sy id wa st gu
52 17   3328 86883240 2520752 78379424    0    0 1346896 861604 258563 990943 40 11 22 27  0  0
44 25   3328 86883776 2520752 78379436    0    0 1383888 902840 269757 1016910 41 12 21 26  0  0
42 28   3328 86886556 2520752 78379448    0    0 1377936 903588 269431 1018993 41 12 21 26  0  0
35 35   3328 86887600 2520752 78379456    0    0 1371264 888016 266707 1009088 41 11 21 26  0  0
47 27   3328 86885604 2520752 78379472    0    0 1376144 892788 269680 1017967 42 12 21 26  0  0
38 31   3328 86884492 2520752 78379480    0    0 1375600 897364 271263 1019380 42 12 21 25  0  0
43 25   3328 86886168 2520752 78379492    0    0 1386192 900620 268633 1013226 41 12 21 26  0  0
35 34   3328 86886620 2520752 78379504    0    0 1378752 887480 270704 1024434 42 12 21 25  0  0
41 29   3328 86885096 2520752 78379512    0    0 1374624 885060 267845 1012460 41 12 21 26  0  0
42 29   3328 86883220 2520752 78379524    0    0 1349184 884008 264423 1000243 40 11 22 27  0  0
22 46   3328 86881700 2520752 78379604    0    0 1312784 852156 252448 958723 38 11 23 29  0  0
36 32   3328 86883220 2520752 78379612    0    0 1323968 850520 251961 960916 38 10 22 29  0  0
44 25   3328 86885720 2520752 78379628    0    0 1374144 886064 270925 1017942 42 12 21 25  0  0
24 43   3328 86886780 2520752 78379632    0    0 1382672 901312 269093 1019097 41 12 21 26  0  0
31 40   3328 86886532 2520752 78379644    0    0 1374432 897964 268367 1016209 41 12 22 26  0  0
36 35   3328 86882884 2520752 78379652    0    0 1376864 888692 267260 1008593 41 11 22 26  0  0
25 45   3328 86880212 2520752 78379660    0    0 1380336 899992 269678 1019906 42 12 21 25  0  0
18 48   3328 86881208 2520752 78379676    0    0 1377408 894052 269817 1021093 42 12 21 25  0  0
25 40   3328 86878724 2520752 78379684    0    0 1386336 896564 269134 1014090 41 12 22 25  0  0
22 42   3328 86881056 2520752 78379696    0    0 1385536 890500 266951 1013878 41 12 22 26  0  0
19 51   3328 86882360 2520752 78379704    0    0 1372848 859032 265569 1014820 41 12 22 26  0  0
procs -----------memory---------- ---swap-- -----io---- -system-- -------cpu-------
 r  b   swpd   free   buff  cache   si   so    bi    bo   in   cs us sy id wa st gu
21 48   3328 86883564 2520752 78379716    0    0 1359648 876544 264706 1001660 40 11 22 27  0  0
14 49   3328 86883068 2520752 78379732    0    0 1277024 824944 240759 916744 36 10 23 31  0  0
50 36   3328 86885100 2520752 78379740    0    0 1389088 877064 269199 1014069 41 12 21 26  0  0
38 33   3328 86887100 2520752 78379756    0    0 1379184 884476 268730 1022840 42 12 21 25  0  0
11 58   3328 86886456 2520752 78379764    0    0 1381088 893384 268752 1017580 41 12 22 26  0  0
28 43   3328 86887648 2520752 78379772    0    0 1361424 891872 267908 1015049 41 12 22 26  0  0
29 45   3328 86887868 2520752 78379784    0    0 1390512 874988 269151 1018075 41 12 21 26  0  0
27 43   3328 86887020 2520752 78379796    0    0 1382560 903980 270658 1017342 41 12 21 26  0  0
40 31   3328 86887020 2520752 78379804    0    0 1379824 882320 269232 1024844 42 12 21 25  0  0
35 37   3328 86886000 2520752 78379812    0    0 1375712 890736 268510 1019823 41 12 22 26  0  0
22 47   3328 86791656 2520752 78379864    0    0 1368032 885460 270144 1006824 42 12 21 25  0  0
29 42   3328 86649544 2520752 78379876    0    0 1354048 879196 266470 997968 42 12 21 26  0  0
32 34   3328 86497388 2520752 78379888    0    0 1264336 812884 240146 912541 38 10 22 30  0  0
39 33   3328 86369428 2520752 78379896    0    0 1367504 878996 267426 1001475 42 12 21 25  0  0
42 27   3328 86281704 2520752 78379908    0    0 1369776 893052 267771 1003004 43 12 20 25  0  0
51 22   3328 86006288 2520752 78379916    0    0 1369824 893628 269780 1010483 43 12 20 25  0  0
50 23   3328 85733664 2520752 78379928    0    0 1365408 892156 269915 1009234 43 12 21 25  0  0
43 26   3328 85626156 2520752 78379940    0    0 1368224 886964 268923 1003644 43 12 21 25  0  0
41 29   3328 86764288 2520752 78380196    0    0 1374816 893588 270120 1009140 42 12 20 25  0  0
53 29   3328 86639400 2520752 78380208    0    0 1379264 897480 271277 1006692 43 12 20 25  0  0
36 36   3328 86509420 2520752 78380216    0    0 1368256 890568 270463 1016169 43 12 20 25  0  0
procs -----------memory---------- ---swap-- -----io---- -system-- -------cpu-------
 r  b   swpd   free   buff  cache   si   so    bi    bo   in   cs us sy id wa st gu
30 39   3328 86376912 2520752 78380224    0    0 1366032 883516 267811 1005629 42 12 20 25  0  0
22 47   3328 86272604 2520752 78380240    0    0 1350848 881640 264167 990842 42 11 21 26  0  0
44 27   3328 86136172 2520752 78380252    0    0 1279952 822012 243067 923897 38 10 22 30  0  0
35 36   3328 85814728 2520752 78380264    0    0 1346688 877012 265042 1001854 42 11 21 26  0  0
50 22   3328 85626340 2520752 78380272    0    0 1369840 890824 270345 1014033 43 12 20 25  0  0
40 29   3328 85593324 2520752 78380276    0    0 1368784 903488 270520 1016599 43 12 21 25  0  0
46 27   3328 86713460 2520752 78380528    0    0 1372736 885532 270719 1012965 43 12 21 25  0  0
47 23   3328 86588236 2520752 78380540    0    0 1368448 884248 270723 1015384 43 12 21 25  0  0
45 26   3328 86439052 2520752 78380552    0    0 1372144 893636 269668 1013169 43 12 21 25  0  0
43 28   3328 86301876 2520752 78380560    0    0 1370656 894768 268849 1015772 42 11 21 25  0  0
51 19   3328 86207940 2520752 78380568    0    0 1372896 892592 272389 1015270 43 12 20 24  0  0
40 31   3328 85943212 2520752 78380584    0    0 1370976 895324 269269 1007681 43 12 20 25  0  0
41 30   3328 85676992 2520752 78380592    0    0 1368992 887044 269794 1006310 43 12 20 25  0  0
20 48   3328 85591952 2520752 78380604    0    0 1357760 870396 265483 996452 42 11 21 26  0  0
39 32   3328 86544980 2520752 78380824    0    0 1268240 815084 243175 923005 38 10 22 30  0  0
37 29   3328 86431692 2520752 78380832    0    0 1376576 889468 269520 1014786 42 12 21 25  0  0
43 28   3328 86297060 2520752 78380848    0    0 1378608 889640 269471 1009295 43 12 20 25  0  0
41 30   3328 86164908 2520752 78380856    0    0 1371776 886312 268442 1012308 42 12 21 25  0  0
40 31   3328 86054584 2520752 78380868    0    0 1371760 890844 269600 1006302 43 12 21 25  0  0
49 21   3328 85919148 2520752 78380876    0    0 1372544 880376 269460 1009789 43 12 21 25  0  0
38 30   3328 85620472 2520752 78380884    0    0 1366528 898400 271092 1004739 43 12 20 25  0  0
procs -----------memory---------- ---swap-- -----io---- -system-- -------cpu-------
 r  b   swpd   free   buff  cache   si   so    bi    bo   in   cs us sy id wa st gu
28 43   3328 85450684 2520752 78380900    0    0 1375968 898160 270013 1007468 43 12 20 25  0  0
49 19   3328 85433620 2520752 78380908    0    0 1374176 891004 270034 1005390 43 12 20 25  0  0
50 22   3328 86338656 2520752 78381148    0    0 1366640 884732 269053 1009241 42 12 21 25  0  0
50 24   3328 86219656 2520752 78381156    0    0 1353104 881932 266542 997677 42 11 21 25  0  0
34 38   3328 86103312 2520752 78381164    0    0 1294944 822460 246910 940166 39 10 22 29  0  0
45 26   3328 85985572 2520752 78381180    0    0 1348960 880580 263408 991133 42 11 21 26  0  0
45 18   3328 85908748 2520752 78381188    0    0 1368768 874228 268016 1006585 43 12 21 25  0  0
52 16   3328 85684708 2520752 78381268    0    0 1372720 890992 271149 1010531 43 12 20 24  0  0
42 27   3328 85435168 2520752 78381276    0    0 1370160 888596 269959 1008993 43 12 20 25  0  0
40 30   3328 85335532 2520752 78381284    0    0 1381392 902092 269148 1009853 42 12 21 25  0  0
53 14   3328 86342280 2520752 78381300    0    0 1364896 886076 269753 1020803 43 12 21 25  0  0
51 31   3328 86253696 2520752 78381544    0    0 1373104 890020 270331 1016124 43 12 20 25  0  0
31 41   3328 86141744 2520752 78381552    0    0 1371968 887696 270337 1011835 43 12 20 25  0  0
30 41   3328 86030792 2520752 78381564    0    0 1367376 888612 270205 1012811 43 12 20 25  0  0
44 28   3328 85909164 2520752 78381572    0    0 1356560 871584 266145 994989 42 11 21 26  0  0
61  4   3328 85820748 2520752 78381584    0    0 1371600 882944 269349 1007814 43 12 21 25  0  0
45 21   3328 85536124 2520752 78381596    0    0 1263472 814120 240168 913840 37 10 22 30  0  0
37 30   3328 85335012 2520752 78381604    0    0 1363344 886348 269103 1011935 43 12 21 25  0  0
47 25   3328 85312164 2520752 78381616    0    0 1371536 898132 270391 1006163 43 12 21 25  0  0
42 28   3328 86283452 2520752 78381828    0    0 1368992 892576 269523 1006585 42 12 21 25  0  0
41 28   3328 86167324 2520752 78381840    0    0 1368592 896576 269808 1014249 42 12 21 25  0  0
procs -----------memory---------- ---swap-- -----io---- -system-- -------cpu-------
 r  b   swpd   free   buff  cache   si   so    bi    bo   in   cs us sy id wa st gu
53 18   3328 86051288 2520752 78381856    0    0 1367200 893296 270513 1013699 42 12 21 25  0  0
37 32   3328 85943404 2520752 78381864    0    0 1373920 903488 269872 1009066 42 12 21 25  0  0
42 27   3328 85837796 2520752 78381876    0    0 1372560 889080 272702 1016989 44 12 20 24  0  0
57 15   3328 85678728 2520752 78381888    0    0 1370048 879648 269933 1012387 43 12 21 25  0  0
52 12   3328 85406852 2520752 78381904    0    0 1364912 890636 268497 1005979 43 12 20 25  0  0
53 22   3328 85311740 2520752 78381916    0    0 1349680 887152 266998 998194 42 12 21 25  0  0
36 31   3328 86508872 2520752 78382144    0    0 1275344 817236 242067 918946 37 10 22 30  0  0
47 25   3328 86411056 2520752 78382156    0    0 1351664 874704 267808 999371 42 12 21 25  0  0
43 29   3328 86290672 2520752 78382164    0    0 1375184 888944 269266 1006912 43 12 20 25  0  0
28 44   3328 86173120 2520752 78382176    0    0 1371056 895920 270199 1010154 43 12 20 25  0  0
40 29   3328 86061876 2520752 78382188    0    0 1360224 882356 267241 1002046 43 11 21 25  0  0
34 38   3328 85968728 2520752 78382196    0    0 1343872 863500 262393 984055 42 11 21 26  0  0
38 33   3328 85684992 2520752 78382208    0    0 1296176 841004 250139 938929 39 11 22 28  0  0
51 16   3328 85477828 2520752 78382216    0    0 1379184 889024 270267 1009135 43 12 21 25  0  0
32 37   3328 85438680 2520752 78382228    0    0 1376032 894676 269214 1005761 43 12 21 25  0  0
41 30   3328 86409684 2520752 78382480    0    0 1359488 880864 268202 1006387 43 12 21 25  0  0
50 21   3328 86282244 2520752 78382488    0    0 1351504 884352 266447 992086 42 12 21 26  0  0
37 33   3328 86160056 2520752 78382500    0    0 1324032 859800 258318 971629 41 11 21 27  0  0
49 22   3328 86062084 2520752 78382508    0    0 1293072 844580 249427 940879 39 11 22 29  0  0
56 15   3328 85987312 2520752 78382520    0    0 1366528 880848 267910 1004395 43 12 20 25  0  0
38 32   3328 85766840 2520752 78382532    0    0 1371712 892576 269559 1004543 43 12 21 25  0  0
procs -----------memory---------- ---swap-- -----io---- -system-- -------cpu-------
 r  b   swpd   free   buff  cache   si   so    bi    bo   in   cs us sy id wa st gu
42 34   3328 85532744 2520752 78382540    0    0 1365584 885140 270313 1007713 43 12 21 25  0  0
40 32   3328 85414036 2520752 78382552    0    0 1366400 889316 269170 1009717 43 12 21 25  0  0
53 19   3328 86367708 2520752 78382788    0    0 1265200 803716 240280 910559 38 10 22 30  0  0
54 15   3328 86264088 2520752 78382800    0    0 1362592 890180 267614 1010812 43 12 21 25  0  0
42 27   3328 86133908 2520752 78382812    0    0 1371968 890576 271084 1014990 43 12 20 25  0  0
39 31   3328 86014872 2520752 78382820    0    0 1362704 890756 267558 1006841 42 12 21 25  0  0
47 27   3328 85904888 2520752 78382832    0    0 1367520 892684 268529 1000788 43 12 21 25  0  0
40 31   3328 85753384 2520752 78382840    0    0 1365056 884444 268751 1006339 43 12 21 25  0  0
33 44   3328 85467772 2520752 78382852    0    0 1285632 826188 246712 932972 39 11 22 29  0  0
50 20   3328 85327072 2520752 78382860    0    0 1332592 868440 260080 978902 41 11 21 27  0  0
55 19   3328 86297316 2520752 78383112    0    0 1379344 884888 270012 1008390 43 12 20 25  0  0
42 27   3328 86216892 2520752 78383124    0    0 1375088 898420 270866 1005210 43 12 20 25  0  0
47 17   3328 86094800 2520752 78383128    0    0 1375648 888316 270728 1010104 42 12 21 25  0  0
46 27   3328 85981408 2520752 78383136    0    0 1361520 888020 267698 1001801 42 12 21 25  0  0
64  6   3328 85866160 2520752 78383152    0    0 1290944 817436 244065 926378 38 10 22 30  0  0
36 34   3328 85833364 2520752 78383168    0    0 1368336 892696 270138 1012958 43 12 21 25  0  0
38 33   3328 85662472 2520752 78383176    0    0 1384032 894676 270112 1004034 43 12 20 25  0  0
55 18   3328 85462772 2520752 78383188    0    0 1369040 879616 269498 1014361 43 12 20 25  0  0
42 28   3328 85424584 2520752 78383200    0    0 1355456 889612 266646 1000422 42 12 21 25  0  0
43 24   3328 86368468 2520752 78383428    0    0 1360560 869856 265953 994298 42 12 21 25  0  0
27 42   3328 86239864 2520752 78383448    0    0 1275680 823548 242549 918598 38 10 22 30  0  0
procs -----------memory---------- ---swap-- -----io---- -system-- -------cpu-------
 r  b   swpd   free   buff  cache   si   so    bi    bo   in   cs us sy id wa st gu
49 18   3328 86102444 2520752 78383460    0    0 1374308 879592 269703 1012235 43 12 20 25  0  0
45 14   3328 85993548 2520752 78383476    0    0 1370096 897320 270859 1017564 43 12 20 25  0  0
40 30   3328 85882120 2520752 78383484    0    0 1373024 902352 269486 1013411 43 12 21 25  0  0
50 31   3328 85702476 2520752 78383432    0    0 1376896 893536 271790 1017483 43 12 20 25  0  0
44 26   3328 85438112 2520752 78383532    0    0 1326832 850788 255543 965400 40 11 21 27  0  0
52 21   3328 85320280 2520752 78383540    0    0 1329616 858300 255555 963320 40 11 21 28  0  0
38 30   3328 86250940 2520752 78383772    0    0 1383520 893788 271765 1016191 43 12 21 25  0  0
41 34   3328 86170908 2520752 78383780    0    0 1371776 893904 268581 1003344 43 12 21 25  0  0
33 37   3328 86066164 2520752 78383788    0    0 1365456 890060 269622 1009360 43 12 20 25  0  0
45 27   3328 85954576 2520752 78383800    0    0 1362384 886532 267950 994196 42 12 21 25  0  0
29 40   3328 85859788 2520752 78383808    0    0 1294880 833208 249011 944253 39 11 22 28  0  0
43 26   3328 85724472 2520752 78383820    0    0 1327216 857852 258240 975493 40 11 21 27  0  0
45 25   3328 85451252 2520752 78383828    0    0 1369200 873732 268918 1011162 43 12 20 25  0  0
46 24   3328 85297736 2520752 78383840    0    0 1369152 891196 269537 1009833 43 12 21 25  0  0
55 14   3328 85301724 2520752 78383852    0    0 1365328 891508 270552 1005090 43 12 20 25  0  0
49 25   3328 86224388 2520752 78384088    0    0 1377216 889412 270588 1010388 43 12 20 25  0  0
25 43   3328 86103504 2520752 78384100    0    0 1300704 841740 249079 944179 39 11 22 29  0  0
27 44   3328 85988584 2520752 78384108    0    0 1341344 865396 261700 987445 41 11 21 27  0  0
33 36   3328 85901820 2520752 78384120    0    0 1374464 887252 270866 1016633 43 12 20 25  0  0
46 29   3328 85832084 2520752 78384132    0    0 1363520 887720 270081 1010425 43 12 20 25  0  0
57 26   3328 85565944 2520752 78384140    0    0 1354976 875640 267278 992435 42 11 21 26  0  0
procs -----------memory---------- ---swap-- -----io---- -system-- -------cpu-------
 r  b   swpd   free   buff  cache   si   so    bi    bo   in   cs us sy id wa st gu
36 37   3328 85345280 2520752 78384152    0    0 1368480 884008 270419 1014403 43 12 21 25  0  0
51 15   3328 85323000 2520752 78384160    0    0 1276640 805188 240610 914139 38 10 22 30  0  0
48 34   3328 86280236 2520752 78384392    0    0 1370416 887648 267500 1009708 42 12 21 25  0  0
55 12   3328 86167200 2520752 78384400    0    0 1370960 881768 268791 1008993 43 12 20 25  0  0
46 21   3328 86057856 2520752 78384412    0    0 1372864 901880 268337 1002699 42 12 21 25  0  0
42 27   3328 85964356 2520752 78384424    0    0 1371696 893688 271049 1010149 43 12 20 25  0  0
45 29   3328 85859804 2520752 78384432    0    0 1371824 884372 269785 1004368 43 11 21 25  0  0
41 26   3328 85678900 2520752 78384444    0    0 1267472 819984 243647 919211 38 10 22 30  0  0
34 38   3328 85426816 2520752 78384452    0    0 1377696 894996 271731 1011454 43 12 20 25  0  0
47 22   3328 85302340 2520752 78384464    0    0 1366608 889584 268238 1006122 43 12 20 25  0  0
49 18   3328 86425480 2520752 78384476    0    0 1361264 885484 267383 1000103 42 12 21 25  0  0
48 19   3328 86374688 2520752 78384692    0    0 1365808 883996 267787 1005621 42 12 21 25  0  0
31 36   3328 86254720 2520752 78384704    0    0 1324272 854676 256570 966005 41 11 21 27  0  0
48 21   3328 86142132 2520752 78384712    0    0 1309648 843688 251540 949470 39 11 22 28  0  0
27 44   3328 86038688 2520752 78384728    0    0 1374672 888404 269330 1006547 43 12 21 25  0  0
50 24   3328 85952696 2520752 78384736    0    0 1372032 895152 268174 1004366 43 12 20 25  0  0
37 33   3328 85683988 2520752 78384748    0    0 1369280 897764 268338 1006658 42 12 21 25  0  0
40 34   3328 85470916 2520752 78384756    0    0 1378976 894028 270706 1011855 43 12 20 25  0  0
53 14   3328 85432456 2520752 78384768    0    0 1320720 841256 252382 953702 40 11 22 28  0  0
48 24   3328 86366636 2520752 78385004    0    0 1331200 867000 256703 963468 40 11 21 27  0  0
58 21   3328 86252508 2520752 78385016    0    0 1379616 895572 268819 1009131 43 12 20 25  0  0
procs -----------memory---------- ---swap-- -----io---- -system-- -------cpu-------
 r  b   swpd   free   buff  cache   si   so    bi    bo   in   cs us sy id wa st gu
38 29   3328 86124880 2520752 78385024    0    0 1260208 810300 238169 900681 37 10 22 31  0  0
31 36   3328 86011772 2520752 78385036    0    0 1221008 789656 231009 876076 36  9 23 32  0  0
35 33   3328 85927372 2520752 78385048    0    0 1243248 797216 233650 889055 36 10 23 31  0  0
30 40   3328 85671652 2520752 78385060    0    0 1241472 795400 234552 892337 37 10 23 31  0  0
35 33   3328 85428444 2520752 78385068    0    0 1243424 801840 233783 886749 37 10 23 31  0  0
52 32   3328 85359196 2520752 78385080    0    0 1253152 801492 235311 896004 37  9 22 31  0  0
48 17   3328 86338396 2520752 78385352    0    0 1236960 791620 235577 896680 37 10 23 31  0  0
47 24   3328 86232320 2520752 78385364    0    0 1253872 799852 235130 892981 37 10 22 31  0  0
49 21   3328 86115004 2520752 78385376    0    0 1255248 802876 237659 905256 37 10 22 31  0  0
39 28   3328 86002556 2520752 78385384    0    0 1322768 861600 255039 959162 40 11 21 28  0  0
40 30   3328 85885828 2520752 78385396    0    0 1280656 817688 240525 918065 38 10 22 30  0  0
33 35   3328 85709924 2520752 78385404    0    0 1358864 881900 263086 986292 41 11 21 26  0  0
46 25   3328 85435324 2520752 78385416    0    0 1345504 857080 259836 975882 41 11 21 27  0  0
43 29   3328 85300488 2520752 78385428    0    0 1307584 855084 257672 968144 41 11 22 27  0  0
47 24   3328 86133284 2520752 78385440    0    0 1329168 851420 258740 978813 41 11 21 27  0  0
48 21   3328 86138388 2520752 78385700    0    0 1341168 869780 262997 994319 41 11 21 26  0  0
29 45   3328 86013492 2520752 78385708    0    0 1327008 857304 257416 976440 40 11 22 27  0  0
36 35   3328 85906056 2520752 78385720    0    0 1334272 867328 260905 980432 41 11 21 27  0  0
42 26   3328 85795488 2520752 78385724    0    0 1345360 871516 261953 984044 41 11 21 27  0  0
33 35   3328 85700004 2520752 78385736    0    0 1329168 864772 259811 988438 41 11 21 27  0  0
33 34   3328 85401336 2520752 78385748    0    0 1348736 860028 263712 993345 41 11 21 26  0  0
procs -----------memory---------- ---swap-- -----io---- -system-- -------cpu-------
 r  b   swpd   free   buff  cache   si   so    bi    bo   in   cs us sy id wa st gu
37 37   3328 85227836 2520752 78385756    0    0 1283504 827508 244680 923427 38 10 22 29  0  0
33 39   3328 86181556 2520752 78385836    0    0 1316096 844500 253088 956150 40 11 21 28  0  0
34 38   3328 86115820 2520752 78386072    0    0 1342496 878876 264151 985116 41 11 21 26  0  0
53 21   3328 86020292 2520752 78386084    0    0 1355376 882940 264161 987891 41 11 21 26  0  0
41 27   3328 85912072 2520752 78386096    0    0 1351600 887860 267247 998792 42 11 21 26  0  0
46 24   3328 85789460 2520752 78386104    0    0 1369920 885780 270947 1014729 43 12 21 25  0  0
42 40   3328 85700200 2520752 78386116    0    0 1368704 898632 269402 1008471 42 11 21 26  0  0
48 28   3328 85430912 2520752 78386124    0    0 1357952 882368 268382 1005403 42 12 21 25  0  0
28 44   3328 85228472 2520752 78386136    0    0 1372528 883088 268696 1012149 42 12 20 25  0  0
46 22   3328 85217756 2520752 78386148    0    0 1369184 891100 268174 1007164 42 12 21 25  0  0
50 13   3328 86124984 2520752 78386384    0    0 1375728 886496 271036 1012981 43 12 20 25  0  0
55 10   3328 86009280 2520752 78386400    0    0 1371936 889292 269584 1011948 43 12 21 25  0  0
39 29   3328 85897556 2520752 78386400    0    0 1262752 815108 240945 909972 38 10 22 30  0  0
50 24   3328 85798960 2520752 78386420    0    0 1379040 895360 269299 1014879 43 12 21 25  0  0
48 22   3328 85716308 2520752 78386424    0    0 1367712 894724 269176 1008187 42 12 21 25  0  0
48 19   3328 85462384 2520752 78386436    0    0 1360592 878196 267932 1004383 42 12 21 26  0  0
29 41   3328 85243000 2520752 78386448    0    0 1369664 884504 269979 1015118 43 12 21 25  0  0
43 28   3328 85216132 2520752 78386460    0    0 1363344 885536 267329 1005071 42 11 21 25  0  0
47 23   3328 86184072 2520752 78386716    0    0 1358800 880124 266109 998754 42 12 21 26  0  0
44 28   3328 86081604 2520752 78386728    0    0 1371856 895660 271624 1019069 43 12 20 25  0  0
48 21   3328 85969952 2520752 78386736    0    0 1373248 887952 271177 1012695 43 12 20 25  0  0
procs -----------memory---------- ---swap-- -----io---- -system-- -------cpu-------
 r  b   swpd   free   buff  cache   si   so    bi    bo   in   cs us sy id wa st gu
42 30   3328 85867312 2520752 78386744    0    0 1374864 885264 270118 1017886 43 12 21 25  0  0
39 35   3328 85785168 2520752 78386756    0    0 1371792 900408 270857 1011783 43 12 21 25  0  0
40 28   3328 85607024 2520752 78386768    0    0 1359104 866784 264709 995315 42 12 21 26  0  0
38 31   3328 85355776 2520752 78386780    0    0 1297568 838936 245932 936907 39 10 22 29  0  0
27 44   3328 85250468 2520752 78386792    0    0 1381296 887568 269217 1012835 43 12 21 25  0  0
53 17   3328 86218408 2520752 78387028    0    0 1377376 885708 269964 1013904 42 12 21 25  0  0
41 28   3328 86117440 2520752 78387040    0    0 1364048 888620 267973 1004234 43 11 21 25  0  0
50 20   3328 86006816 2520752 78387052    0    0 1372368 882696 269645 1004542 43 12 20 25  0  0
40 30   3328 85891568 2520752 78387068    0    0 1364816 899904 268562 1005791 42 12 21 25  0  0
39 29   3328 85798568 2520752 78387076    0    0 1357264 878976 265917 996101 42 12 21 26  0  0
41 26   3328 85723780 2520752 78387080    0    0 1371152 888236 270708 1008239 43 12 20 25  0  0
35 35   3328 85446780 2520752 78387092    0    0 1360432 890568 268523 1004804 43 12 21 25  0  0
47 27   3328 85263296 2520752 78387100    0    0 1370368 887520 269526 1011752 43 12 20 24  0  0
25 43   3328 85247484 2520752 78387116    0    0 1374384 889892 269852 1012791 43 12 20 25  0  0
51 24   3328 86189628 2520752 78387356    0    0 1270176 809568 242916 919970 38 11 22 29  0  0
40 36   3328 86074944 2520752 78387364    0    0 1376208 894664 269610 1014079 42 11 21 25  0  0
33 39   3328 85972720 2520752 78387376    0    0 1373408 890840 271267 1008594 43 12 21 25  0  0
33 38   3328 85864568 2520752 78387384    0    0 1359984 891780 268301 1007276 42 12 21 26  0  0
43 31   3328 85795232 2520752 78387400    0    0 1370352 894348 272599 1011359 43 12 20 25  0  0
52 22   3328 85548128 2520752 78387408    0    0 1366896 892400 268654 1009849 42 12 21 25  0  0
58 17   3328 85308472 2520752 78387416    0    0 1354496 883260 264746 995954 42 12 21 26  0  0
procs -----------memory---------- ---swap-- -----io---- -system-- -------cpu-------
 r  b   swpd   free   buff  cache   si   so    bi    bo   in   cs us sy id wa st gu
51 20   3328 85275896 2520752 78387428    0    0 1372912 893520 266779 1004598 42 12 21 26  0  0
39 30   3328 86272328 2520752 78387664    0    0 1371808 892752 269886 1011430 43 12 21 25  0  0
47 23   3328 86199784 2520752 78387680    0    0 1379904 899432 269845 1003261 43 12 20 25  0  0
32 37   3328 86092288 2520752 78387688    0    0 1370016 900948 270715 1010434 43 12 20 25  0  0
38 30   3328 85973516 2520752 78387696    0    0 1310608 836600 253478 957188 40 11 22 28  0  0
40 28   3328 85871948 2520752 78387708    0    0 1330048 860064 259181 971014 41 11 21 27  0  0
59 17   3328 85777084 2520752 78387716    0    0 1365216 883092 268847 1006992 43 12 21 25  0  0
23 47   3328 85485508 2520752 78387724    0    0 1359568 881500 267556 1002724 42 12 21 25  0  0
47 23   3328 85311824 2520752 78387740    0    0 1364736 893072 267902 1008501 42 12 21 25  0  0
41 13   3328 85295672 2520752 78387748    0    0 1371808 879424 269424 1012085 43 12 21 25  0  0
56 15   3328 86226068 2520752 78387988    0    0 1358800 884936 267141 1004260 42 12 21 25  0  0
32 37   3328 86127484 2520752 78387996    0    0 1355904 878552 266927 1006418 43 11 21 25  0  0
41 14   3328 86010788 2520752 78388012    0    0 1362128 892964 269351 1005273 43 12 20 25  0  0
48 21   3328 85908880 2520752 78388020    0    0 1367264 884640 269189 1012016 43 12 21 25  0  0
22 47   3328 85843660 2520752 78388036    0    0 1365776 891536 269585 1013284 43 12 21 25  0  0
31 37   3328 85597188 2520752 78388048    0    0 1365104 880836 269352 1015549 43 12 21 25  0  0
22 49   3328 85358660 2520752 78388056    0    0 1270576 804416 241471 920530 38 10 22 29  0  0
37 36   3328 85305408 2520752 78388072    0    0 1360400 890128 268412 995632 42 12 20 25  0  0
27 43   3328 86233528 2520752 78388324    0    0 1369856 877176 269247 1016241 43 12 21 25  0  0
26 45   3328 86126848 2520752 78388396    0    0 1370864 889572 267145 1002028 42 11 21 26  0  0
36 34   3328 86014772 2520752 78388404    0    0 1374880 902932 269460 1007924 42 12 21 26  0  0
procs -----------memory---------- ---swap-- -----io---- -system-- -------cpu-------
 r  b   swpd   free   buff  cache   si   so    bi    bo   in   cs us sy id wa st gu
36 37   3328 85906412 2520752 78388416    0    0 1372112 887532 268387 1008709 42 12 21 26  0  0
25 39   3328 85823628 2520752 78388428    0    0 1362080 885960 268512 1008422 42 12 21 25  0  0
31 43   3328 85592760 2520752 78388440    0    0 1366416 900384 267301 1006938 42 11 21 26  0  0
12 57   3328 85352444 2520752 78388444    0    0 1363232 890388 267198 1005564 42 12 21 25  0  0
37 36   3328 85270448 2520752 78388452    0    0 1378032 877456 269509 1012668 43 12 20 25  0  0
38 36   3328 86239052 2520752 78388692    0    0 1376832 882292 270357 1019313 43 12 21 25  0  0
17 55   3328 86175632 2520752 78388700    0    0 1354752 886160 268883 1007084 43 12 21 25  0  0
27 44   3328 86073348 2520752 78388716    0    0 1279760 809356 242071 922159 38 10 22 30  0  0
16 55   3328 85974596 2520752 78388724    0    0 1374192 885060 268499 1006718 42 12 21 25  0  0
24 42   3328 85875428 2520752 78388732    0    0 1371024 872604 267579 1005327 43 11 21 25  0  0
31 39   3328 85795236 2520752 78388744    0    0 1359520 895112 266719 995578 42 12 21 25  0  0
38 37   3328 85523480 2520752 78388752    0    0 1378096 883520 270282 1009359 43 12 20 25  0  0
29 46   3328 85309272 2520752 78388760    0    0 1367168 889172 270444 1009808 43 12 20 25  0  0
46 33   3328 85277056 2520752 78388768    0    0 1343712 878560 266625 1000796 42 11 21 26  0  0
40 31   3328 86146104 2520752 78389032    0    0 1370832 883396 269683 1012848 43 12 21 25  0  0
32 39   3328 86035092 2520752 78389044    0    0 1367760 889468 267904 1006976 42 12 21 25  0  0
38 35   3328 85919464 2520752 78389056    0    0 1378976 879396 272056 1018281 43 12 20 24  0  0
32 38   3328 85820020 2520752 78389072    0    0 1378688 884556 270637 1015822 43 12 20 25  0  0
35 39   3328 85769200 2520752 78389080    0    0 1328848 861652 258264 970269 41 11 21 27  0  0
42 30   3328 85559836 2520752 78389088    0    0 1314240 842036 251350 951216 39 11 22 28  0  0
35 38   3328 85339988 2520752 78389096    0    0 1370528 890444 269349 1014149 42 12 21 25  0  0
procs -----------memory---------- ---swap-- -----io---- -system-- -------cpu-------
 r  b   swpd   free   buff  cache   si   so    bi    bo   in   cs us sy id wa st gu
43 30   3328 85238708 2520752 78389104    0    0 1357072 888896 266769 998972 42 12 21 25  0  0
41 46   3328 86182800 2520752 78389348    0    0 1369088 887632 269910 1010158 43 12 20 25  0  0
39 15   3328 86087428 2520752 78389356    0    0 1372928 894760 268605 1004340 42 12 21 25  0  0
20 50   3328 85976780 2520752 78389364    0    0 1374496 886804 271638 1016162 43 12 20 25  0  0
45 20   3328 85864500 2520752 78389380    0    0 1360352 883048 266712 1005078 42 11 21 26  0  0
38 32   3328 85756396 2520752 78389392    0    0 1370960 892028 268588 1008606 42 12 21 25  0  0
47 22   3328 85609824 2520752 78389408    0    0 1379456 887408 268822 1004324 43 12 20 25  0  0
33 37   3328 85327220 2520752 78389416    0    0 1371168 887860 271439 1016079 43 12 20 25  0  0
43 30   3328 85182836 2520752 78389424    0    0 1373056 898840 270769 1011685 43 12 20 25  0  0
37 36   3328 85231272 2520752 78389436    0    0 1285824 817892 241488 913601 38 10 22 30  0  0
52 16   3328 86212488 2520752 78382968    0    0 1366576 885548 268353 1005475 42 12 21 26  0  0
54 30   3328 86242052 2520752 78382988    0    0 1368928 899308 268506 1015961 41 12 22 26  0  0
38 29   3328 86277404 2520752 78382996    0    0 1375776 891848 267749 1011387 41 12 22 26  0  0
53 11   3328 86303340 2520752 78383004    0    0 1386224 908448 270117 1010446 41 11 21 26  0  0
34 35   3328 86333704 2520752 78383016    0    0 1374864 901448 267167 1010248 41 11 22 26  0  0
55 11   3328 86364660 2520752 78383024    0    0 1361568 875632 267752 1014598 41 12 22 26  0  0
45 34   3328 86393084 2520752 78383032    0    0 1367584 899696 266647 1006316 40 12 22 26  0  0
52 14   3328 86418528 2520752 78383044    0    0 1379232 889936 266598 1016565 41 12 22 26  0  0
45 19   3328 86443428 2520752 78383052    0    0 1380096 891360 269743 1018521 42 11 21 26  0  0
31 38   3328 86469864 2520752 78383064    0    0 1380512 915564 269747 1014660 42 11 21 26  0  0
37 33   3328 86493372 2520752 78383072    0    0 1381504 886812 268518 1015511 41 12 21 26  0  0
procs -----------memory---------- ---swap-- -----io---- -system-- -------cpu-------
 r  b   swpd   free   buff  cache   si   so    bi    bo   in   cs us sy id wa st gu
51 18   3328 86521116 2520752 78383084    0    0 1276496 820520 241265 917263 36 10 23 31  0  0
60 21   3328 86545324 2520752 78383096    0    0 1380048 903088 269293 1014025 41 12 22 26  0  0
36 36   3328 86567348 2520752 78383104    0    0 1367920 888684 265226 1005467 40 12 22 27  0  0
46 22   3328 86590184 2520752 78383112    0    0 1380768 895000 267937 1018987 41 11 22 26  0  0
46 26   3328 86612748 2520752 78383124    0    0 1377024 907528 269002 1014268 41 11 22 26  0  0
39 30   3328 86632120 2520752 78383132    0    0 1379520 895452 269933 1013499 41 12 21 26  0  0
44 25   3328 86652200 2520752 78383148    0    0 1357200 886228 264226 1002625 40 11 22 27  0  0
42 33   3328 86669388 2520752 78383156    0    0 1368480 885380 267833 1009837 41 12 22 26  0  0
39 29   3328 86689772 2520752 78383164    0    0 1382112 896492 270182 1017937 41 12 21 26  0  0
49 20   3328 86707740 2520752 78383176    0    0 1388000 899148 269374 1020440 41 12 21 26  0  0
43 26   3328 86723960 2520752 78383184    0    0 1388752 902644 271639 1021086 42 12 21 25  0  0
46 24   3328 86736044 2520752 78383200    0    0 1278384 815232 240031 917269 36 10 23 31  0  0
42 29   3328 86751720 2520752 78383208    0    0 1364928 895164 268246 1011090 41 11 21 26  0  0
35 30   3328 86765308 2520752 78383212    0    0 1258112 813420 236821 905271 36 10 23 32  0  0
52 21   3328 86776052 2520752 78383228    0    0 1373616 897172 270051 1018559 41 12 21 26  0  0
36 32   3328 86783712 2520752 78383236    0    0 1378544 887080 269797 1008367 41 11 21 26  0  0
43 23   3328 86796764 2520752 78383320    0    0 1372464 895840 269804 1007124 41 11 21 26  0  0
48 22   3328 86807132 2520752 78383328    0    0 1366848 875596 267631 1003424 41 11 22 26  0  0
32 39   3328 86812352 2520752 78383336    0    0 1361584 876200 266157 1001977 41 11 22 26  0  0
36 33   3328 86817164 2520752 78383348    0    0 1369264 887216 267982 1004448 41 11 22 26  0  0
38 32   3328 86823024 2520752 78383356    0    0 1377840 885720 269483 1008702 41 11 21 26  0  0
procs -----------memory---------- ---swap-- -----io---- -system-- -------cpu-------
 r  b   swpd   free   buff  cache   si   so    bi    bo   in   cs us sy id wa st gu
48 22   3328 86826452 2520752 78383372    0    0 1383712 887732 270051 1012999 41 12 21 26  0  0
49 15   3328 86831468 2520752 78383380    0    0 1370192 875488 266055 996893 41 11 22 26  0  0
34 41   3328 86833740 2520752 78383396    0    0 1292864 840472 245081 923241 37 10 23 30  0  0
21 49   3328 86835668 2520752 78383408    0    0 1307696 837236 247583 934257 37 10 23 30  0  0
32 41   3328 86836440 2520752 78383416    0    0 1341120 865748 257197 970757 39 11 22 28  0  0
34 39   3328 86836224 2520752 78383432    0    0 1377984 886120 270525 1008247 41 12 21 26  0  0
39 29   3328 86837864 2520752 78383440    0    0 1380992 891872 270267 1005823 41 12 21 26  0  0
43 27   3328 86840080 2520752 78383452    0    0 1363392 886768 268715 1010256 41 11 22 26  0  0
45 10   3328 86842924 2520752 78383464    0    0 1361808 882408 266556 1010605 41 11 22 26  0  0
52 21   3328 86845532 2520752 78383468    0    0 1369376 888556 268199 1000205 41 11 22 26  0  0
31 41   3328 86845188 2520752 78383480    0    0 1383408 894396 271263 1001952 41 12 21 26  0  0
48 17   3328 86848504 2520752 78383492    0    0 1372688 883412 270154 1012930 41 12 22 26  0  0
45 27   3328 86849240 2520752 78383504    0    0 1374528 883600 269488 1008688 41 12 22 26  0  0
43 18   3328 86850456 2520752 78383512    0    0 1275936 809664 240997 914065 36 10 23 31  0  0
32 35   3328 86856532 2520752 78383520    0    0 1319552 848688 253608 958069 38 11 22 29  0  0
44 26   3328 86854660 2520752 78383532    0    0 1317504 844948 251912 953871 38 10 23 29  0  0
42 27   3328 86860008 2520752 78383544    0    0 1371008 881188 268708 1007291 41 12 21 26  0  0
38 30   3328 86856556 2520752 78383556    0    0 1377456 897380 270190 1012629 41 12 21 26  0  0
35 33   3328 86856348 2520752 78383564    0    0 1382704 890324 269488 1010481 41 12 21 26  0  0
44 25   3328 86858536 2520752 78383572    0    0 1376224 890688 269347 1011481 41 12 21 26  0  0
50 18   3328 86858760 2520752 78383584    0    0 1352640 870864 262877 993641 40 11 22 27  0  0
procs -----------memory---------- ---swap-- -----io---- -system-- -------cpu-------
 r  b   swpd   free   buff  cache   si   so    bi    bo   in   cs us sy id wa st gu
32 36   3328 86858916 2520752 78383596    0    0 1372192 881336 266691 1004894 41 11 22 26  0  0
34 36   3328 86858716 2520752 78383608    0    0 1379792 884516 270551 1013319 41 12 21 25  0  0
44 26   3328 86858900 2520752 78383616    0    0 1383024 884512 270866 1014570 41 12 21 25  0  0
38 28   3328 86857092 2520752 78383624    0    0 1356416 877236 263105 987392 40 11 22 27  0  0
40 27   3328 86859448 2520752 78383640    0    0 1296640 821136 246563 933698 37 10 22 30  0  0
50 21   3328 86859820 2520752 78383648    0    0 1269808 809068 238620 910831 36 10 23 31  0  0
33 36   3328 86862172 2520752 78383656    0    0 1357120 869812 264355 998111 40 11 22 26  0  0
45 30   3328 86860296 2520752 78383668    0    0 1378832 880440 268278 1005410 41 12 21 26  0  0
41 27   3328 86860928 2520752 78383676    0    0 1380880 895444 271140 1003090 42 12 21 26  0  0
34 38   3328 86861040 2520752 78383684    0    0 1373120 893056 269739 1006082 41 12 22 26  0  0
34 42   3328 86863636 2520752 78383700    0    0 1361648 878380 265578 1004129 40 11 22 26  0  0
37 34   3328 86863312 2520752 78383708    0    0 1366016 865424 267438 1004457 41 12 22 26  0  0
42 25   3328 86864284 2520752 78383720    0    0 1381904 900220 267533 1010411 41 12 22 26  0  0
37 30   3328 86866824 2520752 78383728    0    0 1376256 900724 269264 1012928 41 12 21 26  0  0
33 33   3328 86864856 2520752 78383736    0    0 1378160 885496 269378 1022188 42 11 22 26  0  0
36 30   3328 86861948 2520752 78383752    0    0 1312224 832580 248648 950931 38 11 23 29  0  0
24 47   3328 86862988 2520752 78383760    0    0 1315952 826876 248417 948542 38 10 23 29  0  0
36 35   3328 86862320 2520752 78383772    0    0 1281392 826324 246298 935270 37 10 23 30  0  0
64 19   3328 86861848 2520752 78383780    0    0 1385536 898384 268154 1011867 41 11 22 26  0  0
51 17   3328 86860276 2520752 78383788    0    0 1376512 895068 268389 1007973 41 12 21 26  0  0
47 22   3328 86861408 2520752 78383804    0    0 1381104 877996 268177 1016720 41 12 21 25  0  0
procs -----------memory---------- ---swap-- -----io---- -system-- -------cpu-------
 r  b   swpd   free   buff  cache   si   so    bi    bo   in   cs us sy id wa st gu
38 34   3328 86861464 2520752 78383812    0    0 1375264 892736 267211 1006114 41 11 22 26  0  0
40 28   3328 86861196 2520752 78383828    0    0 1358480 870452 265562 996503 40 11 22 27  0  0
26 44   3328 86860648 2520752 78383832    0    0 1380368 887728 267395 1005663 41 12 22 26  0  0
37 33   3328 86864668 2520752 78383840    0    0 1378896 882360 269306 1009999 41 12 21 26  0  0
43 28   3328 86865556 2520752 78383852    0    0 1374912 889276 269318 1014338 41 12 21 25  0  0
42 26   3328 86861736 2520752 78383868    0    0 1382704 894424 269058 1002040 41 12 21 26  0  0
48 23   3328 86863192 2520752 78383880    0    0 1270576 799208 239772 909061 36 10 23 31  0  0
46 21   3328 86864236 2520752 78383888    0    0 1285088 815792 244055 924320 37 10 23 30  0  0
28 40   3328 86865664 2520752 78383896    0    0 1345168 871108 261544 984267 40 11 22 27  0  0
45 27   3328 86866156 2520752 78383912    0    0 1379680 885964 268443 1008304 41 12 22 26  0  0
38 27   3328 86865804 2520752 78383924    0    0 1384864 893272 270881 1011117 41 12 21 25  0  0
37 35   3328 86867316 2520752 78383936    0    0 1369424 881116 268995 1006282 41 12 22 26  0  0
31 43   3328 86866208 2520752 78383944    0    0 1361568 881056 265993 1001840 40 12 22 26  0  0
42 26   3328 86866308 2520752 78384016    0    0 1364928 873536 267992 1006762 41 11 22 26  0  0
51 18   3328 86868332 2520752 78384028    0    0 1378880 878564 269529 1009806 42 12 21 26  0  0
26 41   3328 86868956 2520752 78384044    0    0 1377280 887008 270131 1010826 42 11 21 26  0  0
40 33   3328 86865952 2520752 78384056    0    0 1383824 896920 269549 1008188 41 12 21 26  0  0
29 41   3328 86869640 2520752 78384064    0    0 1350752 871412 259995 981683 40 11 22 27  0  0
42 27   3328 86869212 2520752 78384072    0    0 1272960 806464 237580 903782 36 10 23 31  0  0
33 36   3328 86869132 2520752 78384080    0    0 1282384 822728 245425 927632 36 10 23 30  0  0
55 17   3328 86872632 2520752 78384092    0    0 1375424 889468 268790 1013326 41 12 22 26  0  0
procs -----------memory---------- ---swap-- -----io---- -system-- -------cpu-------
 r  b   swpd   free   buff  cache   si   so    bi    bo   in   cs us sy id wa st gu
23 46   3328 86874116 2520752 78384104    0    0 1369760 892704 266576 999412 41 11 22 26  0  0
36 34   3328 86874724 2520752 78384112    0    0 1378512 897188 268038 1010666 41 12 22 26  0  0
53 16   3328 86876296 2520752 78384120    0    0 1372592 886360 269703 1007118 41 12 21 26  0  0
30 40   3328 86877436 2520752 78384132    0    0 1366448 886984 265333 993436 40 11 22 27  0  0
38 32   3328 86874524 2520752 78384144    0    0 1375952 884004 270266 1006810 41 12 22 26  0  0
44 25   3328 86876720 2520752 78384156    0    0 1378096 887268 269665 1012283 41 12 22 26  0  0
55 27   3328 86875244 2520752 78384164    0    0 1378080 891696 270199 1010508 41 12 21 26  0  0
58  9   3328 86869836 2520752 78384172    0    0 1378640 886288 269634 1012840 41 12 22 25  0  0
29 41   3328 86870908 2520752 78384180    0    0 1288192 818756 244887 929827 37 10 23 30  0  0
40 27   3328 86871372 2520752 78384196    0    0 1286176 810168 241004 916379 36 10 23 31  0  0
39 29   3328 86872452 2520752 78384204    0    0 1362976 871004 266509 1001343 41 11 22 26  0  0
54 17   3328 86872508 2520752 78384216    0    0 1373568 888668 270031 1012298 41 11 21 26  0  0
25 11   3328 86873428 2520752 78384224    0    0 1384384 888176 268576 1010582 41 12 22 26  0  0
30 37   3328 86872880 2520752 78384232    0    0 1366480 882928 267882 1013589 41 11 22 26  0  0
27 43   3328 86873684 2520752 78384248    0    0 1364032 878836 266807 1002298 40 11 22 27  0  0
31 37   3328 86872696 2520752 78384252    0    0 1375104 885360 266920 1000212 41 11 22 26  0  0
41 27   3328 86874872 2520752 78384264    0    0 1378416 891076 269198 1006452 41 11 22 26  0  0
44 22   3328 86874072 2520752 78384272    0    0 1382896 894092 269687 1008061 41 12 21 26  0  0
52 18   3328 86874356 2520752 78384280    0    0 1378912 888764 270278 1008209 41 12 21 26  0  0
49 27   3328 86875708 2520752 78384296    0    0 1378656 877200 267920 1008140 41 11 22 26  0  0
43 27   3328 86874744 2520752 78384308    0    0 1222272 758868 224531 859531 34  9 24 33  0  0
procs -----------memory---------- ---swap-- -----io---- -system-- -------cpu-------
 r  b   swpd   free   buff  cache   si   so    bi    bo   in   cs us sy id wa st gu
40 29   3328 86873060 2520752 78384320    0    0 1339648 858036 257287 975077 39 11 22 28  0  0
35 32   3328 86874360 2520752 78384328    0    0 1380512 892264 269573 1011244 41 12 22 26  0  0
37 32   3328 86875652 2520752 78384340    0    0 1385280 896352 269154 1002962 41 12 21 26  0  0
44 23   3328 86877184 2520752 78384352    0    0 1380128 895436 271185 1016387 41 12 21 26  0  0
45 24   3328 86874240 2520752 78384368    0    0 1379568 892144 269428 1005510 41 12 22 26  0  0
61 22   3328 86875464 2520752 78384380    0    0 1362800 873308 265660 997093 40 11 22 27  0  0
57 27   3328 86874500 2520752 78384388    0    0 1375184 884712 270365 1006292 41 12 21 26  0  0
45 24   3328 86878072 2520752 78384396    0    0 1384496 881156 269166 1011354 41 12 22 26  0  0
36 33   3328 86878224 2520752 78384408    0    0 1377584 890620 271055 1008944 42 12 21 25  0  0
37 35   3328 86879292 2520752 78384420    0    0 1383632 889804 272041 1013499 42 12 21 25  0  0
36 31   3328 86877104 2520752 78384432    0    0 1321584 845240 255111 961422 39 11 22 28  0  0
26 44   3328 86877428 2520752 78384436    0    0 1258896 781732 231689 885021 35  9 23 32  0  0
40 29   3328 86875636 2520752 78384444    0    0 1371920 876656 265479 1003800 40 12 22 26  0  0
61  7   3328 86872816 2520752 78384456    0    0 1378368 881608 270844 1006608 41 12 21 26  0  0
50 21   3328 86870560 2520752 78384468    0    0 1386640 896160 271121 1014033 41 12 21 26  0  0
46 25   3328 86870424 2520752 78384480    0    0 1374768 894680 269217 1015094 41 12 21 26  0  0
45 27   3328 86869352 2520752 78384488    0    0 1377392 890500 268187 1001826 40 12 22 26  0  0
32 41   3328 86868348 2520752 78384500    0    0 1356688 872972 264857 996137 40 11 22 27  0  0
54 14   3328 86871996 2520752 78384512    0    0 1376560 888440 268739 1008578 41 12 22 26  0  0
38 30   3328 86871444 2520752 78384524    0    0 1378064 888236 270774 1012131 41 12 21 26  0  0
42 26   3328 86873348 2520752 78384536    0    0 1382160 894204 271381 1008840 41 12 21 26  0  0
procs -----------memory---------- ---swap-- -----io---- -system-- -------cpu-------
 r  b   swpd   free   buff  cache   si   so    bi    bo   in   cs us sy id wa st gu
49 22   3328 86873372 2520752 78384544    0    0 1384896 885704 270780 1008079 41 12 21 26  0  0
29 38   3328 86869052 2520752 78384552    0    0 1248768 783316 231600 882884 35 10 23 32  0  0
33 40   3328 86871156 2520752 78384564    0    0 1332112 834708 253435 955011 38 11 22 29  0  0
32 40   3328 86873156 2520752 78384576    0    0 1384768 886572 269671 1008996 41 11 22 26  0  0
39 31   3328 86874944 2520752 78384588    0    0 1382608 896540 269858 1003459 41 12 21 26  0  0
38 35   3328 86871228 2520752 78384596    0    0 1387632 896016 270546 1008980 41 12 21 26  0  0
46 25   3328 86873068 2520752 78384604    0    0 1367744 888648 268661 1008042 41 12 22 26  0  0
28 44   3328 86873080 2520752 78384616    0    0 1361904 884728 266973 989849 40 11 22 27  0  0
35 33   3328 86873328 2520752 78384624    0    0 1383440 880872 268613 1002817 41 12 22 26  0  0
60 21   3328 86872364 2520752 78384636    0    0 1383440 886588 269425 1004809 41 11 22 26  0  0
47 17   3328 86874756 2520752 78384732    0    0 1386288 887940 271581 1008766 41 12 21 26  0  0
43 25   3328 86872448 2520752 78384740    0    0 1388112 886308 270278 1010362 42 11 21 26  0  0
34 35   3328 86874752 2520752 78384752    0    0 1361088 865252 262001 988281 40 11 22 27  0  0
33 34   3328 86874684 2520752 78384760    0    0 1220560 767844 223986 857072 34  9 24 33  0  0
32 36   3328 86875212 2520752 78384772    0    0 1377392 882556 267657 997932 40 12 22 26  0  0
52 18   3328 86876572 2520752 78384792    0    0 1376256 879560 269652 1008381 41 12 21 26  0  0
33 37   3328 86875888 2520752 78384800    0    0 1377104 893040 270252 1013494 41 12 22 26  0  0
37 35   3328 86877728 2520752 78384812    0    0 1381952 891848 269614 1014986 41 12 21 26  0  0
35 39   3328 86874892 2520752 78384820    0    0 1372624 883312 268095 1004869 41 11 21 26  0  0
55 16   3328 86875892 2520752 78384832    0    0 1357616 871136 266666 995140 40 11 22 26  0  0
43 27   3328 86875860 2520752 78384844    0    0 1377376 897388 270755 1006287 41 12 21 26  0  0
procs -----------memory---------- ---swap-- -----io---- -system-- -------cpu-------
 r  b   swpd   free   buff  cache   si   so    bi    bo   in   cs us sy id wa st gu
36 35   3328 86873820 2520752 78384856    0    0 1377056 883352 268860 1012712 41 11 22 26  0  0
45 28   3328 86877676 2520752 78384868    0    0 1381456 890916 268570 1004817 41 11 22 26  0  0
36 31   3328 86879308 2520752 78384876    0    0 1379296 881192 269889 1013250 41 12 21 26  0  0
32 36   3328 86877104 2520752 78384888    0    0 1240736 774980 230350 883184 35 10 23 32  0  0
52 15   3328 86879900 2520752 78384896    0    0 1319696 835820 249304 946059 38 10 23 29  0  0
37 36   3328 86883516 2520752 78384904    0    0 1391184 891872 269167 1008645 41 12 22 26  0  0
42 26   3328 86881972 2520752 78384916    0    0 1381744 896824 270536 1006453 41 12 21 26  0  0
53 21   3328 86880868 2520752 78384924    0    0 1384208 891904 270708 1009891 41 12 21 26  0  0
33 35   3328 86883300 2520752 78384936    0    0 1375888 883604 268691 1015166 41 11 22 26  0  0
35 38   3328 86885564 2520752 78384948    0    0 1366720 881260 267508 1002809 40 11 22 26  0  0
64 21   3328 86883116 2520752 78384956    0    0 1360416 876932 266932 1000132 41 11 22 26  0  0
36 43   3328 86883216 2520752 78384968    0    0 1379120 890900 268759 1007621 41 12 22 26  0  0
49 19   3328 86879828 2520752 78384976    0    0 1383024 894592 270093 1005034 41 12 22 26  0  0
35 33   3328 86879864 2520752 78384988    0    0 1385952 882820 268429 1008021 41 12 22 26  0  0
32 40   3328 86881720 2520752 78385000    0    0 1355008 866552 264016 991366 40 11 22 27  0  0
52 21   3328 86882392 2520752 78385008    0    0 1220896 766072 224420 860945 34  9 24 33  0  0
49 21   3328 86882224 2520752 78385020    0    0 1384848 896500 268104 1007438 41 11 22 26  0  0
25 43   3328 86882552 2520752 78385028    0    0 1377504 885176 268616 1010342 41 12 22 26  0  0
44 29   3328 86880084 2520752 78385040    0    0 1375648 894480 271395 1017124 42 12 21 25  0  0
41 27   3328 86880960 2520752 78385052    0    0 1380720 888456 271625 1016107 41 12 21 26  0  0
47 24   3328 86879500 2520752 78385060    0    0 1370624 893332 268647 997508 41 12 21 26  0  0
procs -----------memory---------- ---swap-- -----io---- -system-- -------cpu-------
 r  b   swpd   free   buff  cache   si   so    bi    bo   in   cs us sy id wa st gu
44 24   3328 86875720 2520752 78385068    0    0 1360368 864956 263533 992358 40 11 22 27  0  0
37 33   3328 86877592 2520752 78385076    0    0 1377840 891392 269426 1009452 41 12 21 26  0  0
44 19   3328 86879752 2520752 78385088    0    0 1381936 883624 270395 1015957 41 12 21 26  0  0
34 36   3328 86882352 2520752 78385104    0    0 1378736 901388 270670 1016580 42 12 21 26  0  0
46 22   3328 86882768 2520752 78385116    0    0 1374800 897348 268922 1013095 41 11 22 26  0  0
32 34   3328 86879740 2520752 78385128    0    0 1277136 803948 242881 923373 37 10 23 30  0  0
45 21   3328 86880500 2520752 78385136    0    0 1296048 822688 241273 916081 36 10 23 31  0  0
57 18   3328 86881720 2520752 78385144    0    0 1384816 885892 269321 1008984 41 12 21 26  0  0
35 35   3328 86880336 2520752 78385156    0    0 1384160 900316 269932 1013021 41 12 21 26  0  0
45 22   3328 86876492 2520752 78385168    0    0 1388432 901312 269833 1009540 41 12 21 26  0  0
44 22   3328 86882704 2520752 78385180    0    0 1379488 882364 268820 1002244 41 12 21 26  0  0
34 32   3328 86881012 2520752 78385188    0    0 1365600 881016 265769 996761 40 11 22 27  0  0
40 30   3328 86885912 2520752 78385200    0    0 1377472 887880 266515 1001213 41 11 22 26  0  0
43 28   3328 86884288 2520752 78385216    0    0 1378000 885780 268261 1012292 41 12 21 26  0  0
41 30   3328 86886184 2520752 78385224    0    0 1379152 886068 271269 1012613 41 12 21 26  0  0
39 33   3328 86886792 2520752 78385232    0    0 1386448 897048 268897 1012688 41 12 21 26  0  0
41 27   3328 86886320 2520752 78385244    0    0 1321216 844216 254418 956629 39 11 22 28  0  0
34 34   3328 86887148 2520752 78385252    0    0 1247984 785304 230649 877665 34 10 24 32  0  0
45 26   3328 86884944 2520752 78385264    0    0 1365504 877624 264537 993447 40 11 22 27  0  0
49 18   3328 86882564 2520752 78385276    0    0 1381792 882012 268914 1011714 41 12 22 26  0  0
46 29   3328 86882380 2520752 78385284    0    0 1390032 897756 271057 1006631 41 12 21 26  0  0
