procs -----------memory---------- ---swap-- -----io---- -system-- -------cpu-------
 r  b   swpd   free   buff  cache   si   so    bi    bo   in   cs us sy id wa st gu
 4  0   4864 57290524 3015036 116342888    0    0  4130  3812 1485    0  0  0 100  0  0  0
103  0   4864 57259004 3015036 116342992    0    0     0 312336 96122 62097 95  1  4  0  0  0
123  0   4864 57251916 3015036 116342996    0    0     0 303716 128512 45020 98  1  1  0  0  0
130  0   4864 57240792 3015036 116343008    0    0     0 211796 92175 35801 99  1  0  0  0  0
95  0   4864 57225752 3015036 116343016    0    0     0 255668 128628 42009 98  1  1  0  0  0
106  0   4864 57210060 3015036 116343024    0    0     0 219952 92896 36768 99  1  1  0  0  0
67  0   4864 57177084 3015036 116343040    0    0     0 267500 127639 43323 98  1  1  0  0  0
89  4   4864 56543388 3015036 116343048    0    0 976080 380340 593254 1137271 53 23 21  3  0  0
73  9   4864 56519356 3015036 116343056    0    0 1147472 423300 290980 1396388 54 20 16 10  0  0
52  4   4864 56515784 3015036 116343068    0    0 899136 623344 288579 1454960 49 21 18 12  0  0
108  8   4864 56550300 3015036 116343088    0    0 798032 835848 284478 1432736 46 21 18 15  0  0
57 11   4864 56556928 3015036 116343092    0    0 830768 697316 293300 1487418 48 23 19 10  0  0
40 10   4864 56561304 3015036 116343108    0    0 788720 624124 284223 1489735 46 23 20 11  0  0
97 18   4864 56569576 3015036 116343116    0    0 806960 591296 291777 1495587 48 23 20  9  0  0
106  7   4864 56576616 3015036 116343128    0    0 732896 286016 282716 1606243 50 25 22  4  0  0
87 11   4864 56587936 3015036 116343140    0    0 898176 673008 297858 1489839 49 22 18 11  0  0
64  5   4864 56601080 3015036 116343148    0    0 796288 620020 287132 1501526 48 23 20 10  0  0
41  4   4864 56618652 3015036 116343160    0    0 686320 349372 287000 1618746 49 25 22  4  0  0
22  2   4864 56632544 3015036 116343164    0    0 849776 636748 296056 1509099 49 23 19 10  0  0
75  8   4864 56643920 3015036 116343176    0    0 803968 597900 281410 1429114 46 22 19 13  0  0
50 17   4864 56650632 3015036 116343188    0    0 768544 374776 296512 1606905 51 24 20  4  0  0
procs -----------memory---------- ---swap-- -----io---- -system-- -------cpu-------
 r  b   swpd   free   buff  cache   si   so    bi    bo   in   cs us sy id wa st gu
54  8   4864 56658840 3015036 116343196    0    0 776208 584232 292016 1522093 48 23 20  9  0  0
69  6   4864 56665364 3015036 116343208    0    0 890512 625720 302849 1487999 50 23 18 10  0  0
71 11   4864 56680160 3015036 116343216    0    0 753280 560948 284141 1464450 47 23 19 11  0  0
52 81   4864 56684060 3015036 116343220    0    0 693808 422100 290714 1544247 48 25 21  5  0  0
86 11   4864 56692292 3015036 116343240    0    0 704992 457088 287943 1524373 48 24 21  7  0  0
90 32   4864 56690524 3015036 116343248    0    0 857104 599936 297110 1478611 49 24 18  9  0  0
51 81   4864 56694484 3015036 116343260    0    0 718288 449432 293006 1547227 49 25 21  6  0  0
102 15   4864 56693824 3015036 116343268    0    0 727760 435464 293038 1536292 49 25 20  6  0  0
82 10   4864 56695068 3015036 116343276    0    0 900736 614060 302808 1463582 51 23 17  9  0  0
69 18   4864 56693316 3015036 116343292    0    0 777920 557512 292407 1491553 48 24 19  8  0  0
81  9   4864 56693396 3015036 116343300    0    0 709616 440824 303660 1575590 50 26 21  4  0  0
69 11   4864 56697140 3015036 116343312    0    0 766064 467396 297099 1523886 50 26 19  5  0  0
61 10   4864 56707020 3015036 116343320    0    0 738304 536212 294026 1512037 48 25 20  8  0  0
46 17   4864 56708532 3015036 116343328    0    0 696576 369444 299890 1580956 50 26 21  3  0  0
88 12   4864 56708188 3015036 116343336    0    0 811312 550708 301773 1500745 50 24 19  7  0  0
104  9   4864 56707872 3015036 116343348    0    0 768224 535032 298368 1517316 50 24 19  7  0  0
73 13   4864 56708428 3015036 116343356    0    0 648368 349680 295621 1585339 49 26 22  3  0  0
93  8   4864 56708716 3015036 116343364    0    0 777680 550060 301086 1520171 49 24 19  7  0  0
72 10   4864 56704136 3015036 116343384    0    0 724624 449328 301043 1565222 51 25 20  4  0  0
87 53   4864 56703760 3015036 116343396    0    0 896400 671092 306109 1449332 51 24 17  9  0  0
34 101   4864 56704936 3015036 116343412    0    0 803600 465500 307198 1553087 52 25 19  5  0  0
procs -----------memory---------- ---swap-- -----io---- -system-- -------cpu-------
 r  b   swpd   free   buff  cache   si   so    bi    bo   in   cs us sy id wa st gu
38  1   4864 56712420 3015036 116343420    0    0 761984 516080 299698 1524966 49 24 20  8  0  0
41 13   4864 56713348 3015036 116343420    0    0 837664 683044 296299 1436995 49 23 18 10  0  0
80 13   4864 56710712 3015036 116343440    0    0 866720 737244 294210 1368591 47 21 17 15  0  0
40 76   4864 56703056 3015036 116343448    0    0 708384 444780 299086 1563478 50 26 20  4  0  0
59 45   4864 56708056 3015036 116343464    0    0 847776 698920 298379 1428251 47 22 18 13  0  0
41 90   4864 56705648 3015036 116343476    0    0 797920 636056 309672 1521458 51 25 18  6  0  0
98  9   4864 56710104 3015036 116343484    0    0 953840 827688 314679 1416981 52 23 16  9  0  0
23 102   4864 56711956 3015036 116343496    0    0 690240 497448 294176 1539879 48 26 20  5  0  0
61 24   4864 56708592 3015036 116343504    0    0 788976 613660 293709 1462216 47 23 19 11  0  0
29  0   4864 56712104 3015036 116343520    0    0 856624 732032 296575 1411409 48 22 17 13  0  0
49 79   4864 56709480 3015036 116343528    0    0 753888 583164 314203 1583346 51 25 20  5  0  0
89  8   4864 56709904 3015036 116343532    0    0 899616 581048 306224 1462739 52 25 17  7  0  0
72  5   4864 56712284 3015036 116343544    0    0 898624 773564 310377 1442673 51 24 17  8  0  0
30 81   4864 56715276 3015036 116343552    0    0 855376 686876 283304 1343498 46 21 17 16  0  0
49  8   4864 56715624 3015036 116343572    0    0 789728 452672 295983 1502243 50 24 19  8  0  0
56  9   4864 56720452 3015036 116343584    0    0 748960 556752 310811 1572246 51 25 19  4  0  0
58 10   4864 56722036 3015036 116343592    0    0 860880 799092 302524 1430700 50 23 17  9  0  0
36 100   4864 56720596 3015036 116343604    0    0 1039504 903456 296424 1278712 49 20 14 17  0  0
106  7   4864 56724652 3015036 116343612    0    0 764416 495764 295286 1499417 49 25 19  7  0  0
42  5   4864 56723180 3015036 116343712    0    0 897840 793952 290691 1357465 47 21 17 15  0  0
45  5   4864 56723848 3015036 116343724    0    0 857696 794372 289055 1351988 45 22 18 15  0  0
procs -----------memory---------- ---swap-- -----io---- -system-- -------cpu-------
 r  b   swpd   free   buff  cache   si   so    bi    bo   in   cs us sy id wa st gu
30 80   4864 56721688 3015036 116343732    0    0 724720 431164 299536 1558969 49 26 20  4  0  0
57  9   4864 56720460 3015036 116343744    0    0 779248 575728 294928 1465768 48 24 19  9  0  0
49 13   4864 56721016 3015036 116343752    0    0 690704 486784 304901 1572032 50 26 20  4  0  0
82 16   4864 56724828 3015036 116343764    0    0 988432 856300 299212 1332896 49 21 15 15  0  0
79  7   4864 56722164 3015036 116343776    0    0 843744 679628 291454 1409550 48 23 18 12  0  0
85 11   4864 56721244 3015036 116343784    0    0 688960 486860 303172 1574541 50 26 21  4  0  0
41  8   4864 56717452 3015036 116343792    0    0 875744 563896 308615 1478753 52 24 18  6  0  0
43 91   4864 56715636 3015036 116343804    0    0 854624 666796 307749 1464322 50 23 17  9  0  0
33  6   4864 56714312 3015036 116343816    0    0 881648 722492 289352 1355064 47 22 17 14  0  0
99 13   4864 56715580 3015036 116343828    0    0 874016 695076 287537 1351715 47 21 17 15  0  0
38  4   4864 56716116 3015036 116343836    0    0 880848 709096 301329 1429029 49 22 17 11  0  0
64 26   4864 56714268 3015036 116343844    0    0 675328 380580 299718 1583331 50 26 21  3  0  0
37  7   4864 56709836 3015036 116343860    0    0 920560 718996 308966 1460562 52 24 16  7  0  0
45  9   4864 56709012 3015036 116343868    0    0 696160 499580 301481 1571225 50 26 21  4  0  0
44 14   4864 56708272 3015036 116343880    0    0 888880 635424 307479 1468598 52 24 17  7  0  0
54 17   4864 56707936 3015036 116343896    0    0 838992 625140 299840 1484975 50 24 18  7  0  0
48 21   4864 56707964 3015036 116343908    0    0 893056 720304 298361 1416597 49 22 17 12  0  0
71  4   4864 56706960 3015036 116343916    0    0 929152 736300 296696 1392819 49 21 17 13  0  0
26 104   4864 56708516 3015036 116343928    0    0 731824 462720 296727 1527621 49 25 20  6  0  0
38  2   4864 56708932 3015036 116343940    0    0 838048 597768 293731 1445409 48 23 18 11  0  0
83  6   4864 56707324 3015036 116343948    0    0 888976 725336 303526 1430102 50 22 17 11  0  0
procs -----------memory---------- ---swap-- -----io---- -system-- -------cpu-------
 r  b   swpd   free   buff  cache   si   so    bi    bo   in   cs us sy id wa st gu
102 13   4864 56710076 3015036 116343960    0    0 1007088 811864 310884 1410144 53 22 15 10  0  0
53 25   4864 56709268 3015036 116343968    0    0 723872 358808 304984 1584287 50 26 20  4  0  0
57 19   4864 56711612 3015036 116343980    0    0 889664 720808 286365 1319410 46 20 16 18  0  0
115 12   4864 56712392 3015036 116343984    0    0 708752 505856 304123 1570384 50 26 20  4  0  0
124  7   4864 56708764 3015036 116343996    0    0 883536 730460 320387 1454362 51 24 17  7  0  0
66 14   4864 56711980 3015036 116344008    0    0 903856 733912 307341 1441296 51 24 17  8  0  0
12  2   4864 56709772 3015036 116344016    0    0 983920 769368 310872 1434677 53 22 16 10  0  0
51 76   4864 56710792 3015036 116344028    0    0 762400 453052 300846 1535277 50 26 19  5  0  0
54  5   4864 56714356 3015036 116344040    0    0 992080 827556 300328 1342640 49 21 15 15  0  0
71  8   4864 56712872 3015036 116344048    0    0 887584 766648 298180 1399710 49 22 17 13  0  0
27  4   4864 56713444 3015036 116344060    0    0 870912 664712 300954 1452021 49 22 18 11  0  0
78  4   4864 56715656 3015036 116344068    0    0 805424 635812 295571 1464338 48 24 18  9  0  0
67 23   4864 56715876 3015036 116344076    0    0 719904 350016 295140 1574613 50 26 21  3  0  0
70 11   4864 56716000 3015036 116344096    0    0 793120 627264 297095 1456134 48 24 18 10  0  0
39  7   4864 56717612 3015036 116344104    0    0 896608 666652 304112 1436403 49 23 17 12  0  0
55  9   4864 56720708 3015036 116344116    0    0 814048 645016 295218 1458819 48 23 18 11  0  0
75  3   4864 56722064 3015036 116344124    0    0 768464 378584 301992 1571805 51 25 20  4  0  0
50 81   4864 56722248 3015036 116344132    0    0 697392 489956 302250 1564467 50 26 20  4  0  0
87  6   4864 56722996 3015036 116344152    0    0 1112944 892280 284059 1188049 46 17 13 24  0  0
60 69   4864 56723140 3015036 116344160    0    0 799504 616892 296873 1456045 48 24 18 10  0  0
58 78   4864 56721000 3015036 116344172    0    0 750928 406860 305150 1571947 50 26 20  4  0  0
procs -----------memory---------- ---swap-- -----io---- -system-- -------cpu-------
 r  b   swpd   free   buff  cache   si   so    bi    bo   in   cs us sy id wa st gu
102 15   4864 56722948 3015036 116344176    0    0 887664 663164 300573 1433640 50 22 17 11  0  0
45  8   4864 56721500 3015036 116344184    0    0 864112 670616 296639 1413841 48 23 17 12  0  0
51  4   4864 56724148 3015036 116344200    0    0 640384 330604 296907 1597081 49 27 21  3  0  0
53  9   4864 56724320 3015036 116344208    0    0 910160 680144 301129 1418547 49 21 17 12  0  0
68  7   4864 56724964 3015036 116344220    0    0 801456 637752 296435 1451806 47 23 19 11  0  0
55  7   4864 56727372 3015036 116344228    0    0 740976 377016 302277 1572202 51 25 20  4  0  0
42 18   4864 56728152 3015036 116344236    0    0 901456 698868 315850 1474452 52 24 17  7  0  0
48 30   4864 56724548 3015036 116344248    0    0 733392 398160 309599 1559418 50 26 20  4  0  0
45  7   4864 56725336 3015036 116344260    0    0 673472 473240 303795 1581803 49 27 20  3  0  0
89 10   4864 56722764 3015036 116344268    0    0 968432 821716 303052 1360947 50 22 16 13  0  0
58 11   4864 56720188 3015036 116344280    0    0 834576 656360 299490 1451730 49 23 18 10  0  0
54  7   4864 56723492 3015036 116344288    0    0 663104 351164 302000 1592912 49 27 21  3  0  0
89 14   4864 56724348 3015036 116344304    0    0 831824 652744 299306 1443746 49 23 18 10  0  0
47 16   4864 56723868 3015036 116344320    0    0 856272 669548 308250 1459454 50 24 17  9  0  0
56 84   4864 56723824 3015036 116344328    0    0 837888 514504 299494 1487717 51 25 18  7  0  0
115 12   4864 56719972 3015036 116344340    0    0 754000 529464 297598 1507469 49 25 19  7  0  0
36 10   4864 56713884 3015036 116344416    0    0 892752 709796 310331 1423798 49 22 17 11  0  0
51 74   4864 56713196 3015036 116344420    0    0 760816 545068 303750 1510929 49 25 19  7  0  0
79 10   4864 56711660 3015036 116344436    0    0 778320 479444 302370 1500240 49 24 19  7  0  0
48  3   4864 56712604 3015036 116344444    0    0 711168 496056 312551 1570532 50 26 20  4  0  0
42  6   4864 56712268 3015036 116344452    0    0 998800 801628 308027 1363741 50 21 15 13  0  0
procs -----------memory---------- ---swap-- -----io---- -system-- -------cpu-------
 r  b   swpd   free   buff  cache   si   so    bi    bo   in   cs us sy id wa st gu
48 24   4864 56716092 3015036 116344464    0    0 836736 618916 307927 1508259 51 24 18  7  0  0
87 49   4864 56718304 3015036 116344472    0    0 934752 666700 304670 1451116 51 22 17 11  0  0
62  2   4864 56720508 3015036 116344488    0    0 761456 494072 306779 1569978 50 26 19  4  0  0
129 10   4864 56719952 3015036 116344496    0    0 930592 773184 305407 1419476 50 23 16 11  0  0
50  4   4864 56723100 3015036 116344504    0    0 875584 658204 303022 1438164 50 23 17 10  0  0
39 98   4864 56724276 3015036 116344516    0    0 760848 507872 296074 1522287 49 25 19  7  0  0
76 13   4864 56722760 3015036 116344524    0    0 762528 480072 296026 1511162 49 25 19  7  0  0
111  4   4864 56721896 3015036 116344536    0    0 945648 662916 303653 1413339 50 22 16 12  0  0
80 13   4864 56727844 3015036 116344552    0    0 768928 590324 295454 1494936 47 25 19  9  0  0
29 11   4864 56725416 3015036 116344560    0    0 797952 410900 304313 1554208 52 25 19  5  0  0
51  7   4864 56724260 3015036 116344572    0    0 808784 608976 294968 1451375 48 23 18 11  0  0
80  7   4864 56722516 3015036 116344580    0    0 805888 612588 296676 1473325 48 24 18 10  0  0
41  8   4864 56722480 3015036 116344592    0    0 653008 354644 299472 1598743 49 27 21  3  0  0
96 16   4864 56726624 3015036 116344600    0    0 875568 666004 308043 1469533 51 23 17  8  0  0
59  9   4864 56729440 3015036 116344608    0    0 817632 607724 300903 1469834 50 24 18  9  0  0
37  9   4864 56732616 3015036 116344620    0    0 789600 610388 302776 1483794 48 24 18  9  0  0
70  3   4864 56732828 3015036 116344628    0    0 821216 629416 303017 1463323 49 22 18 10  0  0
82 50   4864 56729968 3015036 116344640    0    0 731088 412960 301732 1570648 50 25 20  4  0  0
31  7   4864 56731216 3015036 116344652    0    0 789440 585776 300085 1485864 48 24 18  9  0  0
76 14   4864 56724732 3015036 116344660    0    0 737616 576792 292441 1490142 47 25 20  9  0  0
31  1   4864 56724724 3015036 116344672    0    0 794000 604260 304618 1491221 48 25 19  8  0  0
procs -----------memory---------- ---swap-- -----io---- -system-- -------cpu-------
 r  b   swpd   free   buff  cache   si   so    bi    bo   in   cs us sy id wa st gu
90 43   4864 56724328 3015036 116344684    0    0 788432 604088 297734 1476291 48 25 19  9  0  0
60  5   4864 56720500 3015036 116344692    0    0 696704 368864 295714 1573319 50 27 20  4  0  0
89  6   4864 56722124 3015036 116344716    0    0 843984 659888 300395 1457616 49 23 18 11  0  0
78  3   4864 56726344 3015036 116344724    0    0 869728 651896 306477 1463110 50 23 18 10  0  0
60 80   4864 56719728 3015036 116344732    0    0 855600 578968 305824 1493240 51 23 18  8  0  0
42  7   4864 56722004 3015036 116344744    0    0 829696 498740 304211 1536609 51 25 18  6  0  0
29 12   4864 56723860 3015036 116344752    0    0 770448 592544 296704 1483269 48 24 19  9  0  0
51  6   4864 56726880 3015036 116344768    0    0 905136 654372 299921 1435700 50 23 17 11  0  0
77  4   4864 56726832 3015036 116344776    0    0 695888 384516 301118 1589365 50 27 20  3  0  0
52  9   4864 56723116 3015036 116344784    0    0 823472 606116 306195 1491755 49 24 18  9  0  0
57  4   4864 56726516 3015036 116344800    0    0 708032 394740 304828 1590973 50 26 20  3  0  0
71 11   4864 56725200 3015036 116344808    0    0 814080 633316 305417 1474215 48 24 18 10  0  0
97 18   4864 56724820 3015036 116344824    0    0 793808 584136 297424 1475348 48 24 18  9  0  0
77 14   4864 56723732 3015036 116344832    0    0 774592 581824 302621 1500872 49 24 19  8  0  0
56 24   4864 56725536 3015036 116344840    0    0 839280 615308 307098 1478026 49 23 18 10  0  0
46  5   4864 56723688 3015036 116344852    0    0 681568 387040 296827 1573379 49 26 21  4  0  0
66  7   4864 56726340 3015036 116344860    0    0 865056 624768 303355 1471087 51 23 18  9  0  0
63  3   4864 56725620 3015036 116344872    0    0 766064 582868 303330 1508125 48 24 19  8  0  0
27 97   4864 56727380 3015036 116344880    0    0 762768 513068 300514 1533627 50 25 20  6  0  0
29 87   4864 56727828 3015036 116344896    0    0 778368 564112 293789 1480792 48 24 19  9  0  0
98 18   4864 56725464 3015036 116344904    0    0 763952 518492 293034 1487701 48 24 19  9  0  0
procs -----------memory---------- ---swap-- -----io---- -system-- -------cpu-------
 r  b   swpd   free   buff  cache   si   so    bi    bo   in   cs us sy id wa st gu
58 12   4864 56721460 3015036 116344916    0    0 767840 579356 294992 1475633 48 24 19  9  0  0
35 11   4864 56721132 3015036 116344928    0    0 782528 593348 301577 1493489 49 24 18  9  0  0
30  8   4864 56717296 3015036 116344936    0    0 757632 577128 297631 1482760 47 25 19  9  0  0
42 93   4864 56716520 3015036 116344948    0    0 831504 557028 311672 1523291 51 24 18  6  0  0
101  9   4864 56724364 3015036 116344956    0    0 729888 461224 297282 1534327 49 25 20  6  0  0
123 10   4864 56724032 3015036 116344968    0    0 736976 565116 298599 1507535 48 25 19  8  0  0
50  9   4864 56724444 3015036 116344976    0    0 657776 377712 301676 1589819 49 27 21  3  0  0
55 17   4864 56725504 3015036 116344984    0    0 831376 626080 307435 1488922 50 24 18  8  0  0
26  9   4864 56725684 3015036 116344996    0    0 778528 596420 299289 1489874 48 24 19  9  0  0
44  7   4864 56724836 3015036 116345004    0    0 816128 616956 302560 1469894 48 23 18 10  0  0
58  8   4864 56724980 3015036 116345016    0    0 803424 480636 308531 1559655 52 25 18  5  0  0
40  8   4864 56722736 3015036 116345024    0    0 829888 618352 301427 1474046 49 24 18  8  0  0
47 12   4864 56722880 3015036 116345036    0    0 775344 590752 300281 1484624 48 24 19  9  0  0
112 21   4864 56722892 3015036 116345116    0    0 884448 650440 310581 1480182 50 22 18 10  0  0
118  6   4864 56729964 3015036 116345124    0    0 786544 596252 308123 1507950 49 24 18  9  0  0
48  5   4864 56726224 3015036 116345132    0    0 778496 593308 303054 1496273 48 25 19  8  0  0
28  5   4864 56723280 3015036 116345144    0    0 791872 459396 309900 1575116 52 25 19  4  0  0
29  7   4864 56723344 3015036 116345156    0    0 818928 604680 298420 1438038 47 23 18 12  0  0
79 61   4864 56721316 3015036 116345168    0    0 755600 563724 300860 1512673 49 25 19  7  0  0
58  7   4864 56723536 3015036 116345176    0    0 705280 400616 298955 1575514 49 26 21  3  0  0
87 11   4864 56722492 3015036 116345192    0    0 860880 651876 304474 1465793 50 23 18  9  0  0
procs -----------memory---------- ---swap-- -----io---- -system-- -------cpu-------
 r  b   swpd   free   buff  cache   si   so    bi    bo   in   cs us sy id wa st gu
44 84   4864 56724596 3015036 116345204    0    0 683024 449056 302426 1571961 49 26 21  4  0  0
75  4   4864 56726552 3015036 116345216    0    0 733584 529120 298608 1537121 48 25 20  7  0  0
47 10   4864 56724532 3015036 116345224    0    0 750880 557416 306426 1491103 48 25 19  9  0  0
92  9   4864 56724908 3015036 116345232    0    0 749712 573280 301399 1525134 49 25 19  7  0  0
94  8   4864 56721348 3015036 116345240    0    0 760944 579132 300036 1501783 48 25 19  8  0  0
46  4   4864 56717476 3015036 116345256    0    0 786800 591600 308338 1524783 49 24 19  7  0  0
38 84   4864 56715748 3015036 116345272    0    0 671040 464792 306318 1570575 48 27 20  4  0  0
69  5   4864 56719412 3015036 116345284    0    0 712896 487220 303474 1539060 48 26 20  7  0  0
52  7   4864 56719160 3015036 116345296    0    0 811280 604116 300480 1485148 49 24 19  8  0  0
46 12   4864 56719384 3015036 116345308    0    0 782720 610884 298762 1474989 48 24 19  9  0  0
67  3   4864 56718576 3015036 116345320    0    0 763328 443772 308369 1579034 51 26 19  4  0  0
53  3   4864 56717860 3015036 116345332    0    0 798880 596556 303723 1506434 49 24 19  8  0  0
62  9   4864 56716988 3015036 116345340    0    0 754832 569884 305278 1522420 48 25 20  8  0  0
48 86   4864 56715768 3015036 116345352    0    0 776320 489564 304612 1548885 50 26 19  4  0  0
44 28   4864 56715932 3015036 116345360    0    0 811040 577800 307563 1518164 50 24 18  7  0  0
79  7   4864 56719484 3015036 116345372    0    0 772640 554512 293157 1497693 49 24 18  8  0  0
51 12   4864 56724308 3015036 116345384    0    0 768032 579656 300195 1515073 48 24 19  8  0  0
82  3   4864 56725852 3015036 116345392    0    0 799920 594100 304200 1504804 49 24 19  9  0  0
53 88   4864 56729616 3015036 116345404    0    0 684960 478212 299358 1554876 48 26 20  5  0  0
56  8   4864 56732116 3015036 116345408    0    0 789280 554972 304669 1536541 50 25 19  6  0  0
118 16   4864 56728524 3015036 116345416    0    0 718976 556056 295685 1523497 48 25 20  7  0  0
procs -----------memory---------- ---swap-- -----io---- -system-- -------cpu-------
 r  b   swpd   free   buff  cache   si   so    bi    bo   in   cs us sy id wa st gu
114 13   4864 56728044 3015036 116345432    0    0 754224 563620 291606 1480936 48 23 19 10  0  0
54  7   4864 56728252 3015036 116345440    0    0 740128 435852 305178 1585231 50 25 20  4  0  0
74  5   4864 56728364 3015036 116345448    0    0 718048 547916 294644 1528324 48 25 20  7  0  0
80  6   4864 56726296 3015036 116345460    0    0 795872 599176 304505 1512860 49 24 19  8  0  0
56 16   4864 56724532 3015036 116345468    0    0 849440 614920 308884 1493497 50 23 18  9  0  0
49 36   4864 56727032 3015036 116345480    0    0 707488 551248 296393 1526103 47 25 20  8  0  0
50  6   4864 56726936 3015036 116345492    0    0 702736 422776 301993 1591633 50 27 20  4  0  0
44 10   4864 56728020 3015036 116345500    0    0 739824 557332 299215 1517050 48 25 20  8  0  0
95 15   4864 56731188 3015036 116345520    0    0 746624 595616 297579 1503569 48 25 19  8  0  0
57 19   4864 56731564 3015036 116345528    0    0 800992 583456 304269 1504627 49 25 19  7  0  0
52 10   4864 56727352 3015036 116345536    0    0 758800 570536 301921 1515612 49 25 19  7  0  0
73  2   4864 56727992 3015036 116345552    0    0 695248 425108 307054 1596423 49 27 20  4  0  0
33 10   4864 56728420 3015036 116345560    0    0 761744 563620 307125 1529635 49 25 19  7  0  0
43 10   4864 56729612 3015036 116345572    0    0 772032 555720 297814 1487013 49 25 18  8  0  0
93  3   4864 56729156 3015036 116345580    0    0 765408 569396 302386 1504561 49 24 19  8  0  0
38  8   4864 56728696 3015036 116345588    0    0 698032 537120 296727 1532140 48 25 20  7  0  0
42  7   4864 56730612 3015036 116345600    0    0 741296 440116 308768 1576604 51 26 20  4  0  0
28 10   4864 56731152 3015036 116345608    0    0 754320 571512 304686 1516509 49 24 19  7  0  0
29 75   4864 56727492 3015036 116345620    0    0 711792 549588 308762 1527762 48 26 20  7  0  0
30 84   4864 56725136 3015036 116345628    0    0 752160 548064 297624 1503652 47 25 19  9  0  0
38 13   4864 56724560 3015036 116345640    0    0 689168 447176 299087 1543511 48 26 20  6  0  0
procs -----------memory---------- ---swap-- -----io---- -system-- -------cpu-------
 r  b   swpd   free   buff  cache   si   so    bi    bo   in   cs us sy id wa st gu
41 13   4864 56725900 3015036 116345656    0    0 855136 625336 309208 1506302 50 24 18  8  0  0
35  4   4864 56722556 3015036 116345664    0    0 734672 552984 303615 1528366 48 25 20  7  0  0
13 93   4864 56722028 3015036 116345680    0    0 779840 503176 311776 1557853 51 25 19  5  0  0
110  8   4864 56723744 3015036 116345688    0    0 758656 529128 299086 1521963 49 25 19  7  0  0
73  4   4864 56726688 3015036 116345696    0    0 847984 614268 308712 1503013 50 23 18  8  0  0
56 14   4864 56722636 3015036 116345716    0    0 745872 568556 300248 1501983 48 25 19  8  0  0
72 19   4864 56725348 3015036 116345724    0    0 806144 592600 304970 1495928 49 25 18  8  0  0
97 14   4864 56726648 3015036 116345732    0    0 858144 652328 315927 1505173 50 24 18  8  0  0
37 93   4864 56723072 3015036 116345744    0    0 714912 489296 306339 1556603 50 25 20  5  0  0
65 11   4864 56726588 3015036 116345752    0    0 743712 506856 308981 1567829 49 26 19  6  0  0
52 29   4864 56725148 3015036 116345836    0    0 738848 559892 298755 1518264 48 26 19  7  0  0
100 21   4864 56723864 3015036 116345844    0    0 853936 633696 308125 1475132 50 22 18 10  0  0
78  6   4864 56724140 3015036 116345848    0    0 638144 383808 296395 1584776 49 27 21  3  0  0
85  4   4864 56720432 3015036 116345860    0    0 828592 608560 330383 1501889 50 24 18  7  0  0
46 65   4864 56720788 3015036 116345872    0    0 707648 530912 301450 1530615 48 26 20  6  0  0
62  7   4864 56717480 3015036 116345888    0    0 683760 440984 316206 1580757 49 27 20  4  0  0
38 12   4864 56719920 3015036 116345896    0    0 761024 571684 307997 1534085 50 25 19  6  0  0
97 20   4864 56718800 3015036 116345904    0    0 757808 558668 303044 1512157 49 25 19  7  0  0
33 14   4864 56715208 3015036 116345924    0    0 747536 597912 325274 1504714 48 26 19  7  0  0
19 105   4864 56714296 3015036 116345932    0    0 812560 586056 311498 1518584 50 24 19  7  0  0
44 76   4864 56713316 3015036 116345944    0    0 767536 569288 305123 1520258 49 25 19  7  0  0
procs -----------memory---------- ---swap-- -----io---- -system-- -------cpu-------
 r  b   swpd   free   buff  cache   si   so    bi    bo   in   cs us sy id wa st gu
70  4   4864 56717124 3015036 116345956    0    0 706448 454200 303863 1571812 50 26 20  4  0  0
37  2   4864 56715756 3015036 116345964    0    0 807568 593880 303620 1485848 49 24 18  9  0  0
55  9   4864 56717228 3015036 116345972    0    0 795344 593532 308200 1517728 50 24 19  7  0  0
103  9   4864 56716916 3015036 116345984    0    0 721312 495804 308829 1577734 50 26 20  4  0  0
63  8   4864 56719536 3015036 116345992    0    0 807600 650020 304569 1479770 49 25 18  8  0  0
71 11   4864 56717748 3015036 116346004    0    0 746608 444120 305690 1570257 51 26 20  4  0  0
105  9   4864 56720428 3015036 116346016    0    0 751632 587352 301456 1522327 49 25 19  7  0  0
57 23   4864 56726076 3015036 116346024    0    0 748352 564696 304322 1524969 49 25 19  7  0  0
32  9   4864 56722840 3015036 116346032    0    0 722720 549348 305060 1531212 48 26 20  7  0  0
30 101   4864 56718148 3015036 116346040    0    0 727408 542776 297380 1499610 47 25 20  9  0  0
79  7   4864 56716000 3015036 116346056    0    0 862016 528724 311765 1528711 52 24 18  7  0  0
68  7   4864 56718636 3015036 116346068    0    0 737712 560164 302676 1529874 48 25 20  7  0  0
62  6   4864 56719904 3015036 116346076    0    0 756288 569464 300541 1523891 49 24 20  8  0  0
77 17   4864 56720712 3015036 116346088    0    0 744816 568420 300366 1543098 48 25 20  7  0  0
45 93   4864 56718904 3015036 116346096    0    0 733360 545112 305857 1545582 49 25 20  7  0  0
71  5   4864 56719368 3015036 116346108    0    0 746176 457872 301637 1572242 50 25 19  5  0  0
41 15   4864 56720476 3015036 116346128    0    0 756848 598824 299425 1515716 48 25 19  8  0  0
59  7   4864 56720752 3015036 116346136    0    0 640544 391160 297292 1603330 48 28 21  3  0  0
41 12   4864 56721164 3015036 116346148    0    0 727120 557752 298458 1536570 48 25 20  7  0  0
70 11   4864 56719332 3015036 116346156    0    0 745040 565748 303585 1544569 49 25 20  6  0  0
40 87   4864 56716604 3015036 116346168    0    0 781264 555904 306223 1533165 49 25 19  7  0  0
procs -----------memory---------- ---swap-- -----io---- -system-- -------cpu-------
 r  b   swpd   free   buff  cache   si   so    bi    bo   in   cs us sy id wa st gu
61  3   4864 56718440 3015036 116346184    0    0 783040 493660 304063 1549343 50 26 19  5  0  0
54 12   4864 56717748 3015036 116346196    0    0 736352 562184 300735 1538624 49 25 20  7  0  0
53  7   4864 56713020 3015036 116346204    0    0 730144 556008 303502 1531431 48 25 19  7  0  0
63 11   4864 56717256 3015036 116346216    0    0 715408 546556 300623 1534335 48 26 20  7  0  0
64 11   4864 56718896 3015036 116346224    0    0 664448 445604 299195 1597784 49 27 21  3  0  0
48 10   4864 56715908 3015036 116346236    0    0 800992 570768 312658 1550584 50 25 19  6  0  0
56  7   4864 56713812 3015036 116346244    0    0 746656 589328 305683 1526271 49 25 19  7  0  0
48 10   4864 56716108 3015036 116346252    0    0 867792 607080 301825 1477740 50 24 17  8  0  0
75 11   4864 56718560 3015036 116346264    0    0 698656 528664 300747 1536173 48 26 20  7  0  0
61 10   4864 56718768 3015036 116346276    0    0 783040 574592 308386 1520256 49 25 19  7  0  0
60 77   4864 56716292 3015036 116346288    0    0 779792 498572 312278 1577923 51 25 20  5  0  0
96 13   4864 56717308 3015036 116346296    0    0 787968 560476 310721 1532620 50 25 19  7  0  0
82  8   4864 56716996 3015036 116346304    0    0 776528 577556 303048 1519886 49 25 19  7  0  0
90  6   4864 56715596 3015036 116346316    0    0 698784 417204 299575 1575723 49 27 20  4  0  0
30  5   4864 56716160 3015036 116346324    0    0 791648 589496 309322 1537475 50 24 19  7  0  0
24 105   4864 56716528 3015036 116346340    0    0 689168 503196 298110 1553436 47 27 20  5  0  0
51  6   4864 56715460 3015036 116346348    0    0 736368 509620 315723 1562570 50 26 20  5  0  0
37  9   4864 56714580 3015036 116346356    0    0 733024 553748 307299 1547279 49 26 19  6  0  0
42 82   4864 56713632 3015036 116346368    0    0 735168 551932 299530 1512188 48 25 20  8  0  0
69  5   4864 56712776 3015036 116346376    0    0 677376 426624 303969 1587500 49 27 20  4  0  0
98 15   4864 56714264 3015036 116346396    0    0 784192 582152 306263 1536147 50 25 19  7  0  0
procs -----------memory---------- ---swap-- -----io---- -system-- -------cpu-------
 r  b   swpd   free   buff  cache   si   so    bi    bo   in   cs us sy id wa st gu
94 17   4864 56714748 3015036 116346408    0    0 700240 541320 301859 1527657 48 25 20  7  0  0
102  7   4864 56715460 3015036 116346412    0    0 725344 549968 303075 1523995 48 26 20  7  0  0
51 85   4864 56713024 3015036 116346420    0    0 650992 430860 300488 1597708 49 27 21  3  0  0
77 17   4864 56711312 3015036 116346432    0    0 782528 561272 305274 1525545 50 24 19  7  0  0
100 10   4864 56713892 3015036 116346444    0    0 658576 422020 306433 1594691 49 27 21  3  0  0
113  7   4864 56712888 3015036 116346452    0    0 896224 661300 324199 1497648 52 23 17  7  0  0
36 10   4864 56711880 3015036 116346464    0    0 771248 562856 295789 1474496 48 24 18  9  0  0
53 66   4864 56711236 3015036 116346536    0    0 675008 470872 303534 1581712 49 26 21  4  0  0
52  6   4864 56711064 3015036 116346548    0    0 691504 494268 300188 1551624 48 26 20  6  0  0
102 10   4864 56709840 3015036 116346560    0    0 748576 567408 304318 1514674 49 25 19  7  0  0
65  4   4864 56709192 3015036 116346568    0    0 779536 581704 306754 1524080 50 25 19  7  0  0
45 88   4864 56707184 3015036 116346580    0    0 745696 556648 296806 1484563 47 25 19  9  0  0
47 11   4864 56706472 3015036 116346588    0    0 681264 420304 301995 1584892 49 27 20  4  0  0
36  6   4864 56706252 3015036 116346600    0    0 656208 460680 303403 1584624 49 27 21  3  0  0
66 10   4864 56707264 3015036 116346612    0    0 843968 666212 311824 1489999 51 24 18  8  0  0
89  8   4864 56703696 3015036 116346620    0    0 802240 593516 310179 1515955 50 24 18  7  0  0
54  7   4864 56709740 3015036 116346632    0    0 735872 566276 316977 1530610 49 26 19  7  0  0
49 16   4864 56711084 3015036 116346640    0    0 716432 549560 302329 1527548 49 25 20  6  0  0
53 10   4864 56716260 3015036 116346652    0    0 747088 465960 308494 1569897 50 26 20  4  0  0
53  7   4864 56713836 3015036 116346668    0    0 812752 603316 309856 1502678 50 24 18  8  0  0
67 10   4864 56711248 3015036 116346676    0    0 756640 564688 304542 1518857 49 24 19  8  0  0
procs -----------memory---------- ---swap-- -----io---- -system-- -------cpu-------
 r  b   swpd   free   buff  cache   si   so    bi    bo   in   cs us sy id wa st gu
43 15   4864 56712924 3015036 116346688    0    0 786512 590288 312798 1541692 50 24 19  7  0  0
52 12   4864 56713352 3015036 116346696    0    0 689984 429520 305303 1598715 50 27 21  3  0  0
44 12   4864 56710784 3015036 116346708    0    0 763440 585608 306575 1534992 50 25 19  6  0  0
62  3   4864 56712920 3015036 116346720    0    0 731472 457296 306441 1581623 50 26 20  4  0  0
63 19   4864 56710656 3015036 116346728    0    0 831600 605508 301569 1475740 49 24 18  9  0  0
41  7   4864 56710924 3015036 116346748    0    0 825680 632736 309007 1511160 50 24 18  8  0  0
23 112   4864 56715328 3015036 116346756    0    0 658080 457988 303501 1580315 48 27 21  4  0  0
84  7   4864 56715176 3015036 116346764    0    0 726480 517344 316296 1543536 49 26 20  6  0  0
45  9   4864 56715092 3015036 116346776    0    0 782080 592520 305174 1510026 50 24 19  7  0  0
75 14   4864 56713624 3015036 116346788    0    0 718608 555984 301596 1519726 48 25 19  8  0  0
79 12   4864 56717396 3015036 116346800    0    0 690304 432744 305539 1585058 50 26 20  4  0  0
58 31   4864 56713168 3015036 116346812    0    0 710480 547744 301152 1527590 48 26 20  7  0  0
81 21   4864 56714440 3015036 116346820    0    0 765440 580456 308347 1526821 49 25 19  7  0  0
56  3   4864 56715400 3015036 116346832    0    0 729264 561176 306581 1540372 49 26 19  6  0  0
32 10   4864 56712716 3015036 116346840    0    0 740736 474636 309640 1576169 50 27 20  4  0  0
65 10   4864 56717572 3015036 116346852    0    0 672224 480128 308687 1595710 50 26 20  4  0  0
47  2   4864 56720232 3015036 116346860    0    0 800528 676856 313452 1485185 49 25 18  8  0  0
111  6   4864 56717312 3015036 116346868    0    0 685984 542352 297820 1523502 47 26 20  7  0  0
39  6   4864 56718416 3015036 116346880    0    0 682192 432040 305536 1590735 49 26 21  3  0  0
74  8   4864 56720800 3015036 116346892    0    0 717152 550520 310931 1533375 48 26 20  7  0  0
60  7   4864 56719932 3015036 116346904    0    0 722496 541976 300879 1526887 48 26 20  6  0  0
procs -----------memory---------- ---swap-- -----io---- -system-- -------cpu-------
 r  b   swpd   free   buff  cache   si   so    bi    bo   in   cs us sy id wa st gu
59  8   4864 56718544 3015036 116346912    0    0 693536 444356 307483 1594495 49 27 20  3  0  0
93  7   4864 56713860 3015036 116346920    0    0 676080 525204 298342 1533694 47 26 20  7  0  0
45 60   4864 56713000 3015036 116346932    0    0 739696 555468 296237 1484377 47 24 19  9  0  0
36  4   4864 56712340 3015036 116346944    0    0 740912 454276 304844 1559023 50 26 19  4  0  0
81 19   4864 56714524 3015036 116346952    0    0 720336 548928 301543 1536166 48 26 20  6  0  0
108 16   4864 56715284 3015036 116346972    0    0 789360 618984 309547 1523712 50 24 19  7  0  0
44  8   4864 56715564 3015036 116346984    0    0 668784 425308 302456 1586661 49 27 21  3  0  0
58 11   4864 56712032 3015036 116346992    0    0 724016 546644 300859 1526412 48 25 20  7  0  0
72 12   4864 56714664 3015036 116347008    0    0 842496 606648 304433 1487573 50 24 17  8  0  0
93 13   4864 56713108 3015036 116347016    0    0 695392 443228 303461 1587905 50 26 20  4  0  0
36 14   4864 56716572 3015036 116347024    0    0 683808 528440 301438 1547360 48 26 20  6  0  0
66  6   4864 56714176 3015036 116347032    0    0 716912 545168 301916 1546772 49 26 20  6  0  0
42 11   4864 56711876 3015036 116347040    0    0 653984 422992 301724 1591677 49 26 21  3  0  0
34  6   4864 56712536 3015036 116347056    0    0 742496 562436 306317 1536854 49 25 19  7  0  0
47 22   4864 56710828 3015036 116347064    0    0 681856 489240 313343 1593878 49 27 20  4  0  0
55  5   4864 56711468 3015036 116347076    0    0 864544 665812 311357 1478744 50 24 18  8  0  0
34 15   4864 56711352 3015036 116347092    0    0 727952 571356 303227 1512767 48 25 19  8  0  0
48 17   4864 56711176 3015036 116347100    0    0 709328 451824 306319 1585564 50 26 20  4  0  0
31 10   4864 56712120 3015036 116347116    0    0 767280 570468 312938 1547111 49 25 19  6  0  0
44  9   4864 56708308 3015036 116347124    0    0 710064 543616 302347 1531313 49 26 20  6  0  0
81 10   4864 56712928 3015036 116347132    0    0 741264 558628 304435 1535840 49 26 20  6  0  0
procs -----------memory---------- ---swap-- -----io---- -system-- -------cpu-------
 r  b   swpd   free   buff  cache   si   so    bi    bo   in   cs us sy id wa st gu
65 32   4864 56714112 3015036 116347144    0    0 691136 539128 300047 1539120 48 26 20  6  0  0
38 85   4864 56713248 3015036 116347156    0    0 678720 449720 300482 1567055 49 27 20  4  0  0
60 14   4864 56713168 3015036 116347168    0    0 795792 555616 306612 1523481 50 24 19  7  0  0
101  9   4864 56712148 3015036 116347180    0    0 746112 561276 304068 1536067 49 26 20  6  0  0
72  6   4864 56711224 3015036 116347276    0    0 698688 441344 307912 1575106 50 26 20  3  0  0
37  5   4864 56711356 3015036 116347288    0    0 706320 538644 302250 1537615 48 26 20  6  0  0
53 90   4864 56710120 3015036 116347296    0    0 778704 574484 314281 1543572 50 25 19  6  0  0
118 13   4864 56712176 3015036 116347304    0    0 801872 523808 304660 1519631 50 25 18  6  0  0
92 16   4864 56709960 3015036 116347316    0    0 697696 528312 302344 1534486 48 26 20  6  0  0
65  9   4864 56712552 3015036 116347324    0    0 777072 582216 306736 1528277 50 25 19  7  0  0
54 11   4864 56709764 3015036 116347336    0    0 694416 498292 315245 1605605 50 26 21  4  0  0
79  7   4864 56711024 3015036 116347344    0    0 818448 640532 306829 1482649 49 24 18  9  0  0
60  9   4864 56711932 3015036 116347352    0    0 791104 501984 313867 1580689 52 25 19  4  0  0
60  8   4864 56710864 3015036 116347368    0    0 753888 565776 302976 1527472 49 25 19  7  0  0
59 12   4864 56710660 3015036 116347376    0    0 734336 557376 301517 1528326 48 25 20  7  0  0
93  6   4864 56713396 3015036 116347388    0    0 692224 435728 307153 1596459 50 26 21  4  0  0
54  3   4864 56713784 3015036 116347404    0    0 748208 594464 309509 1537388 48 25 19  7  0  0
30 12   4864 56713952 3015036 116347412    0    0 767264 575124 306175 1529620 49 25 19  6  0  0
83 10   4864 56710660 3015036 116347428    0    0 802912 593708 314645 1544820 50 25 19  6  0  0
49 13   4864 56710932 3015036 116347436    0    0 725264 554152 303059 1533595 48 26 20  6  0  0
65 10   4864 56711440 3015036 116347448    0    0 782592 474424 306162 1552068 51 25 19  5  0  0
procs -----------memory---------- ---swap-- -----io---- -system-- -------cpu-------
 r  b   swpd   free   buff  cache   si   so    bi    bo   in   cs us sy id wa st gu
53 13   4864 56712020 3015036 116347456    0    0 739840 553528 304833 1543185 49 25 19  6  0  0
74  8   4864 56709800 3015036 116347464    0    0 825536 612416 309743 1514462 51 24 18  7  0  0
54  7   4864 56706796 3015036 116347480    0    0 759776 569904 304687 1530560 50 25 19  6  0  0
38  4   4864 56704392 3015036 116347484    0    0 639872 412276 303182 1602837 49 27 21  3  0  0
45 14   4864 56708100 3015036 116347496    0    0 743280 566204 309501 1546579 49 25 20  7  0  0
70  4   4864 56705572 3015036 116347504    0    0 847600 635800 301794 1445707 48 23 17 11  0  0
40 84   4864 56704832 3015036 116347512    0    0 701216 520132 305642 1545483 48 26 20  6  0  0
37  4   4864 56706820 3015036 116347524    0    0 758048 489564 312665 1574148 51 25 20  4  0  0
41  8   4864 56705872 3015036 116347536    0    0 667296 479408 304577 1591606 49 27 21  4  0  0
26 78   4864 56704892 3015036 116347544    0    0 738960 569456 300921 1519743 48 26 20  7  0  0
80 10   4864 56706172 3015036 116347556    0    0 776560 525864 307298 1547354 50 25 19  6  0  0
89  9   4864 56707780 3015036 116347564    0    0 775680 577536 307375 1538947 50 25 19  6  0  0
37  4   4864 56708848 3015036 116347584    0    0 716192 456936 309128 1596266 50 26 20  4  0  0
38  4   4864 56706812 3015036 116347600    0    0 738016 558424 307206 1540822 48 26 19  7  0  0
60 70   4864 56708768 3015036 116347612    0    0 667136 461240 301125 1586705 48 27 21  4  0  0
65 10   4864 56710400 3015036 116347620    0    0 794256 583956 307780 1528241 50 25 19  7  0  0
56  5   4864 56712604 3015036 116347632    0    0 698704 551516 303865 1549555 48 26 20  6  0  0
50  8   4864 56713340 3015036 116347640    0    0 762416 575992 308437 1544689 49 25 19  6  0  0
29 104   4864 56713908 3015036 116347656    0    0 668512 494812 294271 1541991 47 26 20  7  0  0
41 31   4864 56716228 3015036 116347664    0    0 743024 500008 308003 1570783 49 26 19  5  0  0
53 13   4864 56714348 3015036 116347668    0    0 776576 571848 307409 1528420 50 25 19  6  0  0
procs -----------memory---------- ---swap-- -----io---- -system-- -------cpu-------
 r  b   swpd   free   buff  cache   si   so    bi    bo   in   cs us sy id wa st gu
84 15   4864 56717172 3015036 116347680    0    0 763648 571600 306906 1540360 50 25 19  6  0  0
58 13   4864 56715328 3015036 116347688    0    0 725232 543876 306561 1544266 49 26 19  6  0  0
38 92   4864 56716516 3015036 116347704    0    0 685840 505980 304748 1574335 49 26 21  5  0  0
38 92   4864 56718076 3015036 116347712    0    0 737312 511780 304199 1539300 50 25 19  6  0  0
49 13   4864 56718484 3015036 116347720    0    0 768176 561108 312363 1542522 50 25 19  6  0  0
66 10   4864 56715560 3015036 116347732    0    0 720800 563908 304237 1538361 49 25 20  6  0  0
85  9   4864 56715296 3015036 116347740    0    0 707168 534472 302215 1544289 49 25 20  6  0  0
74 19   4864 56714060 3015036 116347756    0    0 828624 616360 314319 1534144 51 24 19  6  0  0
57 73   4864 56710728 3015036 116347764    0    0 716032 477584 304775 1578371 50 26 20  4  0  0
45 11   4864 56706448 3015036 116347772    0    0 756928 540600 305664 1526627 49 25 19  7  0  0
29 14   4864 56705804 3015036 116347784    0    0 774544 571360 307507 1542540 50 25 19  6  0  0
64  7   4864 56703016 3015036 116347792    0    0 797120 597068 309208 1526445 50 25 19  7  0  0
65 15   4864 56706476 3015036 116347808    0    0 654624 468968 304457 1589264 48 27 21  3  0  0
66  6   4864 56707260 3015036 116347816    0    0 748592 512168 308526 1555086 50 26 19  5  0  0
51  7   4864 56710940 3015036 116347824    0    0 713328 543436 299864 1540774 48 26 20  6  0  0
97 11   4864 56712024 3015036 116347844    0    0 702336 478784 306040 1573198 49 26 20  4  0  0
98 10   4864 56712408 3015036 116347852    0    0 700160 536692 300366 1535943 47 26 20  6  0  0
35  3   4864 56713036 3015036 116347860    0    0 855984 522360 303749 1499372 51 25 17  6  0  0
22 17   4864 56715192 3015036 116347872    0    0 670784 481448 304593 1592742 49 27 20  3  0  0
101 15   4864 56715004 3015036 116347880    0    0 701888 537796 306614 1565560 48 27 20  5  0  0
70  7   4864 56710536 3015036 116347892    0    0 854816 582788 315852 1539242 52 25 18  6  0  0
procs -----------memory---------- ---swap-- -----io---- -system-- -------cpu-------
 r  b   swpd   free   buff  cache   si   so    bi    bo   in   cs us sy id wa st gu
108  8   4864 56703972 3015036 116347900    0    0 716208 549776 306230 1545783 48 26 20  5  0  0
56 13   4864 56702152 3015036 116347980    0    0 850720 610664 303883 1464845 50 23 17 10  0  0
98 10   4864 56704176 3015036 116347996    0    0 810784 606696 313557 1549822 51 24 19  6  0  0
53  5   4864 56703972 3015036 116348004    0    0 692736 439824 302823 1579734 49 27 20  3  0  0
77  7   4864 56702640 3015036 116348016    0    0 753472 606232 305497 1515102 49 25 19  7  0  0
68 11   4864 56701164 3015036 116348024    0    0 740624 478732 313004 1587869 50 26 20  4  0  0
88  6   4864 56704584 3015036 116348032    0    0 803680 596600 312202 1529611 50 25 18  6  0  0
59 10   4864 56707188 3015036 116348044    0    0 708560 549448 302363 1530686 48 26 19  6  0  0
71  3   4864 56708672 3015036 116348060    0    0 713248 547796 302399 1532496 49 25 19  6  0  0
52  4   4864 56709320 3015036 116348068    0    0 697616 494952 308373 1584875 49 26 20  4  0  0
86 13   4864 56711784 3015036 116348084    0    0 768080 535084 308471 1551012 50 26 19  5  0  0
64 15   4864 56711852 3015036 116348092    0    0 730016 556724 308684 1544995 49 25 20  6  0  0
66  5   4864 56713332 3015036 116348104    0    0 701952 461932 306377 1591999 50 27 20  4  0  0
83 10   4864 56712136 3015036 116348112    0    0 734192 567648 303650 1534352 49 25 19  7  0  0
57 15   4864 56710300 3015036 116348120    0    0 718864 551448 307389 1555427 49 26 20  6  0  0
65 10   4864 56710096 3015036 116348132    0    0 882400 654980 304538 1441653 50 23 16 11  0  0
48  7   4864 56707004 3015036 116348140    0    0 702864 456232 303176 1592956 49 27 21  4  0  0
111 12   4864 56705596 3015036 116348152    0    0 771712 582044 306730 1535781 49 25 19  7  0  0
78  9   4864 56704928 3015036 116348164    0    0 684272 447532 304184 1599652 49 26 21  4  0  0
49  5   4864 56702196 3015036 116348172    0    0 767072 577616 309339 1549133 49 26 19  7  0  0
62  9   4864 56704696 3015036 116348180    0    0 777696 573176 300859 1513407 50 24 18  8  0  0
procs -----------memory---------- ---swap-- -----io---- -system-- -------cpu-------
 r  b   swpd   free   buff  cache   si   so    bi    bo   in   cs us sy id wa st gu
68 14   4864 56705756 3015036 116348196    0    0 763200 575792 309454 1551411 50 26 19  6  0  0
109 13   4864 56709188 3015036 116348208    0    0 748336 571436 306547 1550914 49 25 19  6  0  0
49  9   4864 56711464 3015036 116348220    0    0 645008 414968 297486 1595167 48 27 21  3  0  0
49 14   4864 56711516 3015036 116348228    0    0 718784 554968 302492 1542373 49 25 20  6  0  0
76 11   4864 56709900 3015036 116348236    0    0 752160 603308 307685 1550220 50 25 19  5  0  0
30 108   4864 56707312 3015036 116348248    0    0 668176 507840 300378 1562694 48 26 20  6  0  0
36  5   4864 56709456 3015036 116348260    0    0 683728 451864 304232 1580358 49 27 20  4  0  0
67 18   4864 56709224 3015036 116348272    0    0 807152 598404 313550 1530393 50 25 18  6  0  0
56 65   4864 56709324 3015036 116348280    0    0 673968 458788 302543 1584788 48 27 21  4  0  0
79  9   4864 56681372 3015036 116348332    0    0 704272 514704 299723 1544263 48 26 20  6  0  0
72 61   4864 56492848 3015036 116403080    0    0 744072 539336 300868 1535726 49 25 20  6  0  0
37  7   4864 56291732 3015036 116463032    0    0 777828 559656 300444 1521520 49 26 19  6  0  0
62  9   4864 56075076 3015036 116524220    0    0 748276 531604 298013 1528793 49 25 20  6  0  0
115 20   4864 55869700 3015036 116577936    0    0 893496 601808 301036 1464093 51 22 17 10  0  0
65 13   4864 55728936 3015036 116615540    0    0 722784 434484 301515 1562478 50 26 20  4  0  0
54 19   4864 55422528 3015036 116650996    0    0 718520 529692 298456 1532753 49 25 20  6  0  0
99 13   4864 55124148 3015036 116679536    0    0 752772 547956 301914 1519719 50 25 19  6  0  0
55  5   4864 55002884 3015036 116679964    0    0 693664 532376 302663 1531349 49 26 20  5  0  0
48 28   4864 56057488 3015036 116680472    0    0 731472 560488 307945 1537336 50 25 19  6  0  0
50  5   4864 55937796 3015036 116680480    0    0 801584 579376 298616 1460451 49 24 17  9  0  0
53 14   4864 55812924 3015036 116680492    0    0 713808 555952 309648 1529222 49 26 20  6  0  0
procs -----------memory---------- ---swap-- -----io---- -system-- -------cpu-------
 r  b   swpd   free   buff  cache   si   so    bi    bo   in   cs us sy id wa st gu
28 10   4864 55692236 3015036 116680500    0    0 751552 483296 314369 1567308 52 25 19  4  0  0
108 15   4864 55577048 3015036 116680516    0    0 710144 546368 313438 1530406 50 25 19  6  0  0
96 16   4864 55467036 3015036 116680524    0    0 705440 504872 309807 1566731 51 25 20  4  0  0
42  8   4864 55153020 3015036 116680532    0    0 810240 639668 309335 1482247 51 24 18  7  0  0
52 17   4864 54950336 3015036 116680544    0    0 708400 547124 308587 1529897 49 26 19  6  0  0
83 32   4864 54927764 3015036 116680560    0    0 770912 614424 314663 1504389 51 24 18  7  0  0
96  8   4864 56032264 3015036 116681376    0    0 654580 422160 300010 1571048 49 27 21  3  0  0
69  9   4864 55938332 3015036 116681388    0    0 713728 541436 308657 1522205 49 25 20  6  0  0
55 18   4864 55803080 3015036 116681400    0    0 743376 563016 303024 1526306 50 25 19  6  0  0
67  3   4864 55686936 3015036 116681408    0    0 714352 464676 305259 1562637 51 25 20  4  0  0
52  4   4864 55593472 3015036 116681420    0    0 688848 524232 300759 1540650 49 25 20  5  0  0
50 45   4864 55386724 3015036 116681432    0    0 804240 588072 302863 1478967 51 24 18  7  0  0
47  4   4864 55119508 3015036 116681440    0    0 641376 402780 293229 1557756 49 26 21  4  0  0
70  4   4864 55000316 3015036 116681452    0    0 693904 538368 301773 1526730 49 25 20  6  0  0
41 14   4864 54969580 3015036 116711324    0    0 810312 584380 309549 1517277 51 24 19  7  0  0
23  6   4864 56096836 3015036 116711820    0    0 718896 489804 304105 1570135 51 25 20  4  0  0
79  8   4864 55978208 3015036 116711832    0    0 730048 564544 312969 1532865 50 25 19  6  0  0
57  9   4864 55845960 3015036 116711840    0    0 716304 547184 295214 1484135 48 24 19  8  0  0
46  8   4864 55717028 3015036 116711852    0    0 708640 450484 303305 1559813 51 26 19  4  0  0
64  7   4864 55604296 3015036 116711928    0    0 696480 542548 300476 1530235 49 26 20  6  0  0
65 10   4864 55430356 3015036 116711940    0    0 674496 436496 301302 1568828 50 26 21  3  0  0
procs -----------memory---------- ---swap-- -----io---- -system-- -------cpu-------
 r  b   swpd   free   buff  cache   si   so    bi    bo   in   cs us sy id wa st gu
52 13   4864 55137300 3015036 116711952    0    0 788896 579892 304985 1509733 51 24 19  7  0  0
48  5   4864 55023912 3015036 116711960    0    0 766416 583672 304634 1513836 51 24 19  6  0  0
36 88   4864 55731956 3015036 116711972    0    0 681632 525648 298828 1530997 49 25 20  6  0  0
54  7   4864 56100040 3015036 116712456    0    0 678928 437408 301001 1568949 50 26 21  4  0  0
73 24   4864 55960332 3015036 116712468    0    0 721264 552980 302927 1520708 49 25 19  7  0  0
32  2   4864 55814168 3015036 116712480    0    0 632448 491348 301261 1572826 49 27 21  3  0  0
23  5   4864 55695956 3015036 116712488    0    0 695952 533256 308020 1554974 50 26 19  4  0  0
71 15   4864 55606404 3015036 116712504    0    0 745024 563828 310197 1547874 51 25 19  5  0  0
46 93   4864 55334736 3015036 116712512    0    0 769024 611164 306619 1518567 50 24 19  7  0  0
118 10   4864 55086328 3015036 116712524    0    0 718880 482256 303323 1546290 50 26 20  4  0  0
45 12   4864 55011332 3015036 116712536    0    0 722160 537112 299198 1506230 49 25 19  7  0  0
62 68   4864 55941688 3015036 116713044    0    0 690752 478640 298830 1557161 50 26 20  4  0  0
67  7   4864 55841244 3015036 116713056    0    0 697312 501264 301154 1531800 50 25 19  5  0  0
101 11   4864 55700276 3015036 116713064    0    0 757248 569480 307391 1516572 51 25 19  6  0  0
46  3   4864 55580112 3015036 116713072    0    0 679440 490996 308801 1567490 50 26 20  4  0  0
66 17   4864 55461512 3015036 116713084    0    0 779440 621708 308738 1509448 51 25 18  6  0  0
39 14   4864 55335916 3015036 116713104    0    0 869248 650532 298227 1411951 50 22 17 11  0  0
56  9   4864 55038380 3015036 116713116    0    0 652528 417404 295625 1564246 49 26 21  4  0  0
25 12   4864 54863140 3015036 116713124    0    0 722032 550452 304244 1527085 49 25 19  6  0  0
53  9   4864 54847968 3015036 116713128    0    0 726160 550744 300157 1515585 49 25 19  6  0  0
62  5   4864 55982156 3015036 116713644    0    0 737248 550652 299310 1503947 49 26 19  6  0  0
procs -----------memory---------- ---swap-- -----io---- -system-- -------cpu-------
 r  b   swpd   free   buff  cache   si   so    bi    bo   in   cs us sy id wa st gu
72 11   4864 55853120 3015036 116713656    0    0 740032 558096 302855 1511567 50 24 19  7  0  0
52 15   4864 55724952 3015036 116713668    0    0 724640 550568 306442 1536770 50 25 19  6  0  0
17  6   4864 55611500 3015036 116713680    0    0 649072 425364 307032 1586491 49 27 21  3  0  0
64  6   4864 55521056 3015036 116713688    0    0 716944 548120 300668 1515502 49 25 19  6  0  0
53  7   4864 55274440 3015036 116713700    0    0 684656 523196 298786 1532653 49 25 20  6  0  0
95 12   4864 55036584 3015036 116713716    0    0 788816 585296 314530 1538914 51 24 19  5  0  0
59  4   4864 54931316 3015036 116713728    0    0 778992 613512 304795 1515633 50 24 19  7  0  0
126  8   4864 56106708 3015036 116714240    0    0 723760 551400 306899 1541907 49 25 20  6  0  0
37 10   4864 55985740 3015036 116714248    0    0 690192 443060 305462 1585695 50 25 21  4  0  0
45 13   4864 55840468 3015036 116714260    0    0 701840 525736 290510 1491932 48 24 19  8  0  0
55 12   4864 55717956 3015036 116714272    0    0 752304 565612 305451 1524931 50 25 19  6  0  0
57  5   4864 55598052 3015036 116714280    0    0 694528 490244 305081 1569087 50 26 20  4  0  0
60 19   4864 55429168 3015036 116714292    0    0 715264 498796 304738 1544349 50 26 20  5  0  0
63  6   4864 55140776 3015036 116714304    0    0 657280 472716 305288 1576853 50 26 21  3  0  0
75 10   4864 54994472 3015036 116714312    0    0 755296 603156 303295 1500731 50 25 19  6  0  0
67  8   4864 54980376 3015036 116714324    0    0 774304 564892 300775 1489273 50 23 18  9  0  0
40  9   4864 55887396 3015036 116714804    0    0 730400 567240 305761 1533672 50 25 19  6  0  0
46 11   4864 55759256 3015036 116714816    0    0 706192 467628 316737 1566301 50 26 20  4  0  0
54  7   4864 55629736 3015036 116714824    0    0 712464 544880 301296 1529812 50 24 20  6  0  0
83  9   4864 55510416 3015036 116714832    0    0 729952 547588 308425 1540842 51 25 19  5  0  0
34  7   4864 55385356 3015036 116714848    0    0 780016 578648 308486 1512191 50 24 19  8  0  0
procs -----------memory---------- ---swap-- -----io---- -system-- -------cpu-------
 r  b   swpd   free   buff  cache   si   so    bi    bo   in   cs us sy id wa st gu
55  4   4864 55209288 3015036 116714856    0    0 729408 468232 305747 1568152 51 25 20  4  0  0
84 18   4864 54924220 3015036 116714864    0    0 691872 526724 296699 1524647 48 26 20  6  0  0
47 10   4864 54801812 3015036 116714876    0    0 709840 545020 301551 1539321 50 25 20  5  0  0
64 12   4864 54800032 3015036 116714884    0    0 721168 545140 305369 1535524 50 25 19  6  0  0
27 108   4864 55699236 3015036 116715392    0    0 675472 476932 299757 1555603 49 26 21  4  0  0
42 10   4864 55567716 3015036 116715400    0    0 738816 513816 305324 1543382 50 25 19  5  0  0
66 18   4864 55458612 3015036 116715408    0    0 780160 618580 308758 1508633 51 24 18  6  0  0
18  2   4864 55349276 3015036 116715420    0    0 745280 551004 303961 1526809 50 25 19  6  0  0
74 16   4864 55266188 3015036 116715428    0    0 685472 435224 303714 1557432 50 26 20  4  0  0
57  3   4864 55002072 3015036 116715440    0    0 722704 549956 304809 1531718 49 25 20  6  0  0
36 92   4864 54769192 3015036 116715452    0    0 694960 491700 302737 1543820 49 26 20  4  0  0
30  9   4864 54723380 3015036 116715460    0    0 709136 496156 305766 1543512 50 26 19  5  0  0
45  5   4864 55634356 3015036 116715984    0    0 653856 474004 310031 1572256 49 27 21  3  0  0
61 75   4864 55527196 3015036 116715992    0    0 667776 463488 301602 1559854 50 26 21  4  0  0
42 12   4864 55422972 3015036 116716004    0    0 768032 572792 302537 1483875 50 25 18  7  0  0
77 13   4864 55303144 3015036 116716020    0    0 682880 528860 301484 1529890 49 26 19  6  0  0
46 56   4864 55195544 3015036 116716100    0    0 736976 561068 294612 1459760 48 23 18 10  0  0
44  6   4864 55078744 3015036 116716112    0    0 761648 467192 299386 1502666 51 25 18  6  0  0
102 11   4864 54813232 3015036 116716120    0    0 808272 575256 302045 1452807 50 23 17 10  0  0
36  9   4864 54649212 3015036 116716132    0    0 821920 588172 292239 1415254 49 23 17 11  0  0
61 14   4864 54649544 3015036 116716144    0    0 754000 543652 294073 1460476 49 24 17  9  0  0
procs -----------memory---------- ---swap-- -----io---- -system-- -------cpu-------
 r  b   swpd   free   buff  cache   si   so    bi    bo   in   cs us sy id wa st gu
51 10   4864 55590652 3015036 116716728    0    0 760740 564808 300184 1492413 50 24 18  8  0  0
53 13   4864 55490508 3015036 116716744    0    0 706608 495016 303358 1554915 51 25 20  4  0  0
43  9   4864 55389536 3015036 116716752    0    0 725920 498460 305740 1542352 51 25 19  5  0  0
48 17   4864 55285536 3015036 116716768    0    0 810816 596432 310189 1492151 50 24 18  8  0  0
44  9   4864 55196444 3015036 116716780    0    0 661184 471808 299992 1562600 49 27 20  4  0  0
45 97   4864 55024836 3015036 116716788    0    0 655728 443524 297784 1552406 49 26 21  4  0  0
57  3   4864 54767028 3015036 116716800    0    0 849504 648876 293160 1385112 48 23 16 14  0  0
39 16   4864 54658104 3015036 116716808    0    0 780528 569768 308070 1515038 51 24 18  7  0  0
33 84   4864 54662832 3015036 116716816    0    0 714288 539228 302039 1524424 50 25 19  6  0  0
62  6   4864 55813476 3015036 116717256    0    0 691152 451580 304587 1568239 50 26 20  4  0  0
65  6   4864 55700956 3015036 116717264    0    0 792752 584212 308353 1511891 51 24 19  6  0  0
53  7   4864 55585676 3015036 116717276    0    0 695600 537200 297800 1513761 49 25 20  6  0  0
43  3   4864 55479068 3015036 116717284    0    0 777280 578316 309730 1500713 50 25 18  7  0  0
46  6   4864 55395136 3015036 116717292    0    0 798560 598508 311555 1512046 51 23 18  7  0  0
43 77   4864 55137664 3015036 116717304    0    0 705024 517540 301701 1519513 49 25 20  6  0  0
42  6   4864 54905456 3015036 116717316    0    0 672096 454688 300915 1559870 49 26 21  4  0  0
40 19   4864 54845840 3015036 116717324    0    0 836752 638452 317986 1473189 51 24 17  8  0  0
56 14   4864 55967388 3015036 116717852    0    0 769664 578224 308033 1513591 50 24 19  7  0  0
48  8   4864 55853680 3015036 116717860    0    0 769120 569076 304151 1513576 50 25 19  7  0  0
34 10   4864 55738384 3015036 116717872    0    0 724144 548456 303704 1522942 49 25 19  7  0  0
57 78   4864 55625400 3015036 116717884    0    0 661152 456432 302510 1573682 50 26 20  4  0  0
procs -----------memory---------- ---swap-- -----io---- -system-- -------cpu-------
 r  b   swpd   free   buff  cache   si   so    bi    bo   in   cs us sy id wa st gu
44  6   4864 55518696 3015036 116717892    0    0 732208 527600 304372 1524047 50 25 19  6  0  0
59  5   4864 55396552 3015036 116717904    0    0 723904 550112 300492 1520652 49 25 19  6  0  0
99 13   4864 55106760 3015036 116717912    0    0 783584 576092 305498 1497406 50 24 18  7  0  0
107  7   4864 54937996 3015036 116717920    0    0 735232 557872 299857 1500414 49 25 19  7  0  0
62  6   4864 54925460 3015036 116717932    0    0 713344 443496 303201 1552143 51 26 19  4  0  0
39 10   4864 55717248 3015036 116718420    0    0 702416 538900 298917 1523178 49 25 19  7  0  0
50  6   4864 55613272 3015036 116718432    0    0 696320 567256 300615 1508874 48 25 20  7  0  0
34  8   4864 55501016 3015036 116718440    0    0 733536 559980 301287 1514456 49 24 19  7  0  0
45 60   4864 55402104 3015036 116718448    0    0 687952 516004 297123 1526851 49 25 20  6  0  0
83  5   4864 55302208 3015036 116718464    0    0 729664 472040 303290 1545935 51 26 19  4  0  0
44  9   4864 55159880 3015036 116718472    0    0 729424 543452 300652 1516982 50 25 19  6  0  0
90  6   4864 54888300 3015036 116718484    0    0 753088 571668 303701 1512697 49 25 19  7  0  0
28 10   4864 54749576 3015036 116718492    0    0 665920 471504 303300 1575367 50 26 20  4  0  0
63  5   4864 55276896 3015036 116718500    0    0 707328 497440 302107 1549147 50 26 20  4  0  0
93  1   4864 55854972 3015036 116719024    0    0 740784 558092 304070 1519449 50 25 19  6  0  0
102  8   4864 55733304 3015036 116719032    0    0 779136 581800 303947 1498100 50 25 18  7  0  0
47 90   4864 55623844 3015036 116719052    0    0 704336 531876 298324 1524109 49 26 20  6  0  0
51  9   4864 55521644 3015036 116719060    0    0 866624 578416 310100 1498724 52 24 18  6  0  0
55 10   4864 55450268 3015036 116719072    0    0 741680 563232 307002 1536857 51 24 19  6  0  0
58  4   4864 55202156 3015036 116719092    0    0 746400 566540 302494 1519816 50 25 19  6  0  0
23 107   4864 54962992 3015036 116719100    0    0 671264 479436 301279 1554493 50 26 20  4  0  0
procs -----------memory---------- ---swap-- -----io---- -system-- -------cpu-------
 r  b   swpd   free   buff  cache   si   so    bi    bo   in   cs us sy id wa st gu
59  6   4864 54877716 3015036 116719108    0    0 752336 519372 309044 1539977 51 24 19  5  0  0
52 14   4864 56083064 3015036 116719624    0    0 732384 551696 302072 1523811 49 25 19  6  0  0
34  5   4864 55968168 3015036 116719632    0    0 752112 551488 298379 1487184 49 26 18  7  0  0
62  7   4864 55842784 3015036 116719648    0    0 700720 532236 301938 1522628 49 24 20  6  0  0
71  7   4864 55719112 3015036 116719656    0    0 718272 544700 300863 1524276 50 25 20  6  0  0
59  5   4864 55605532 3015036 116719668    0    0 737472 558856 305752 1526434 50 25 19  6  0  0
51  8   4864 55466524 3015036 116719676    0    0 767520 602432 308413 1525928 51 25 19  6  0  0
38 18   4864 55180844 3015036 116719684    0    0 702256 458412 310431 1578688 50 26 20  4  0  0
116 11   4864 55013396 3015036 116719700    0    0 729168 555164 302775 1512572 49 25 19  6  0  0
49  9   4864 54996176 3015036 116719708    0    0 729088 550332 305332 1535386 50 25 19  6  0  0
39 95   4864 55843280 3015036 116720208    0    0 654928 440964 299492 1580444 49 27 21  3  0  0
41  4   4864 55714164 3015036 116720220    0    0 697568 515500 302204 1537965 49 25 20  6  0  0
74  6   4864 55602184 3015036 116720228    0    0 753088 567884 308667 1534708 50 25 19  6  0  0
32  8   4864 55486228 3015036 116720312    0    0 640832 415376 299860 1574264 49 26 21  3  0  0
62  3   4864 55414564 3015036 116720320    0    0 731264 555840 307470 1515001 50 25 19  6  0  0
46  4   4864 55176452 3015036 116720328    0    0 731232 550176 302924 1528816 50 25 19  5  0  0
50 11   4864 54929144 3015036 116720336    0    0 715472 543772 299170 1521733 49 25 19  7  0  0
66 10   4864 54841788 3015036 116720348    0    0 725136 569528 302154 1528400 50 25 19  6  0  0
33 13   4864 55779924 3015036 116720848    0    0 706832 544556 300506 1530011 49 26 20  5  0  0
71 13   4864 55687440 3015036 116720864    0    0 709840 551684 299498 1539789 49 25 20  6  0  0
88 15   4864 55552032 3015036 116720872    0    0 715856 468856 306627 1571182 51 26 20  4  0  0
procs -----------memory---------- ---swap-- -----io---- -system-- -------cpu-------
 r  b   swpd   free   buff  cache   si   so    bi    bo   in   cs us sy id wa st gu
57  1   4864 55441252 3015036 116720880    0    0 714624 536544 302621 1523866 49 25 20  6  0  0
51 19   4864 55330008 3015036 116720892    0    0 766848 556328 296940 1477138 49 24 19  9  0  0
87 10   4864 55243740 3015036 116720900    0    0 718528 450708 304812 1553071 51 25 20  4  0  0
44  5   4864 54975340 3015036 116720916    0    0 718032 548956 301194 1520110 49 25 19  6  0  0
83  8   4864 54765800 3015036 116720928    0    0 724992 549484 302003 1529286 50 25 19  6  0  0
51  4   4864 54734472 3015036 116720936    0    0 670608 520836 298871 1545643 49 26 20  5  0  0
102  7   4864 55692428 3015036 116721464    0    0 738712 478736 307704 1577271 51 25 20  4  0  0
52  6   4864 55576112 3015036 116721472    0    0 797760 608488 304636 1505348 50 24 18  7  0  0
103 41   4864 55470848 3015036 116721488    0    0 649600 426480 298958 1581188 50 26 21  3  0  0
78 15   4864 55368088 3015036 116721496    0    0 718192 547628 301373 1540407 50 24 20  6  0  0
57  9   4864 55260792 3015036 116721504    0    0 700752 534732 300191 1524434 49 26 20  6  0  0
44 12   4864 55153656 3015036 116721516    0    0 702192 543396 301879 1539507 49 26 20  5  0  0
58 10   4864 54879304 3015036 116721524    0    0 776192 584508 309528 1513520 50 24 19  7  0  0
82  5   4864 54711324 3015036 116721540    0    0 783904 580224 302369 1495975 50 24 19  7  0  0
40  6   4864 54701992 3015036 116721544    0    0 801456 592764 304547 1497980 51 24 18  7  0  0
37  6   4864 55751344 3015036 116722056    0    0 760480 575412 303591 1512785 50 25 19  7  0  0
32 12   4864 55635400 3015036 116722072    0    0 712032 546828 301600 1525208 50 24 20  6  0  0
45  5   4864 55523756 3015036 116722080    0    0 639504 447312 303448 1575535 49 27 21  3  0  0
108  4   4864 55426664 3015036 116722096    0    0 752192 564576 303178 1521148 50 24 19  6  0  0
60  7   4864 55344600 3015036 116722104    0    0 701264 536556 301323 1521595 48 25 20  6  0  0
53  6   4864 55141904 3015036 116722112    0    0 715488 539456 302714 1528111 49 26 19  6  0  0
procs -----------memory---------- ---swap-- -----io---- -system-- -------cpu-------
 r  b   swpd   free   buff  cache   si   so    bi    bo   in   cs us sy id wa st gu
65 16   4864 54909476 3015036 116722124    0    0 729280 552152 302185 1515121 50 25 19  7  0  0
79 10   4864 54795156 3015036 116722132    0    0 686624 431760 302709 1559393 50 26 20  4  0  0
46  8   4864 55761680 3015036 116722636    0    0 731280 554064 299410 1502137 49 25 19  7  0  0
46 16   4864 55654296 3015036 116722648    0    0 785440 581308 303862 1514390 50 24 18  7  0  0
47 14   4864 55540316 3015036 116722656    0    0 727392 560204 302855 1527541 50 25 19  6  0  0
35 91   4864 55429292 3015036 116722668    0    0 705504 512284 301324 1541979 49 26 20  5  0  0
59 12   4864 55328080 3015036 116722676    0    0 685952 464412 305551 1565692 50 26 20  4  0  0
71  9   4864 55240760 3015036 116722696    0    0 729056 586468 301501 1520964 49 25 19  7  0  0
69 24   4864 54967540 3015036 116722712    0    0 739152 558088 305478 1517245 50 25 19  6  0  0
56 10   4864 54769292 3015036 116722720    0    0 683936 439904 305142 1573455 50 26 20  3  0  0
44  2   4864 54753824 3015036 116722728    0    0 733712 555852 299741 1511056 49 25 19  7  0  0
66  8   4864 55682812 3015036 116723172    0    0 822176 597084 308419 1499714 50 24 18  7  0  0
37  5   4864 55576348 3015036 116723180    0    0 799168 595472 307352 1512618 51 25 18  6  0  0
61  1   4864 55470820 3015036 116723196    0    0 677072 438032 300339 1579405 50 26 21  4  0  0
32 11   4864 55360904 3015036 116723204    0    0 751808 566576 308176 1515925 50 24 19  7  0  0
33  9   4864 55259992 3015036 116723220    0    0 769616 580984 308296 1520039 51 24 19  6  0  0
64  7   4864 55112992 3015036 116723228    0    0 651424 426804 302003 1583527 50 26 21  3  0  0
28 12   4864 54843220 3015036 116723236    0    0 735168 567156 306064 1532573 50 25 19  6  0  0
56  6   4864 54697328 3015036 116723248    0    0 707760 481780 310785 1549968 49 27 20  4  0  0
72 64   4864 55034508 3015036 116723260    0    0 793360 587288 299761 1473504 50 23 18  9  0  0
52 11   4864 55817312 3015036 116723752    0    0 796736 491172 300180 1518801 51 25 18  5  0  0
procs -----------memory---------- ---swap-- -----io---- -system-- -------cpu-------
 r  b   swpd   free   buff  cache   si   so    bi    bo   in   cs us sy id wa st gu
54  3   4864 55769136 3015036 116723764    0    0 735392 561396 306096 1537961 50 24 19  6  0  0
52  8   4864 55637376 3015036 116723772    0    0 688016 533272 298695 1526903 49 25 20  6  0  0
50  5   4864 55527008 3015036 116723784    0    0 768064 579988 309258 1523530 51 25 19  6  0  0
38  7   4864 55449044 3015036 116723796    0    0 702432 541268 301208 1530074 49 25 20  6  0  0
51 67   4864 55178336 3015036 116723804    0    0 689312 479688 308387 1578048 50 26 20  4  0  0
75 15   4864 54936164 3015036 116723828    0    0 715392 514344 305113 1545585 50 25 19  5  0  0
79  7   4864 54898084 3015036 116723836    0    0 701440 541076 301522 1527232 49 26 20  5  0  0
115  9   4864 55846164 3015036 116724336    0    0 739936 584548 316938 1531977 50 25 19  6  0  0
79  2   4864 55732276 3015036 116724348    0    0 742112 487676 306604 1551074 51 26 19  4  0  0
37  8   4864 55621384 3015036 116724356    0    0 710896 503428 310125 1579047 51 26 20  4  0  0
53  8   4864 55501420 3015036 116724456    0    0 787008 620860 303122 1486270 50 25 18  7  0  0
66  8   4864 55390776 3015036 116724464    0    0 732416 475260 312190 1578217 52 25 20  4  0  0
58 15   4864 55317124 3015036 116724480    0    0 725792 554124 300713 1519987 48 25 19  7  0  0
79  7   4864 55043732 3015036 116724496    0    0 749392 566872 307551 1535014 50 25 19  6  0  0
29  5   4864 54815796 3015036 116724504    0    0 834080 614608 314631 1524752 51 24 18  7  0  0
56 14   4864 54757612 3015036 116724512    0    0 655712 428984 298141 1577781 50 26 21  3  0  0
78 10   4864 55729188 3015036 116725020    0    0 706176 546836 298683 1536525 49 25 20  6  0  0
48 15   4864 55616384 3015036 116725032    0    0 767232 572232 304548 1525516 51 25 19  6  0  0
73  8   4864 55504644 3015036 116725044    0    0 701136 482156 309664 1560718 51 25 20  4  0  0
48 18   4864 55395372 3015036 116725052    0    0 738240 553832 302370 1529287 51 25 19  6  0  0
55  6   4864 55289328 3015036 116725060    0    0 680416 522244 297750 1525963 48 26 20  7  0  0
procs -----------memory---------- ---swap-- -----io---- -system-- -------cpu-------
 r  b   swpd   free   buff  cache   si   so    bi    bo   in   cs us sy id wa st gu
64 11   4864 55152756 3015036 116725072    0    0 760528 578608 304823 1511482 49 24 19  7  0  0
115 17   4864 54871004 3015036 116725084    0    0 778176 582804 308730 1517570 50 25 19  6  0  0
52  5   4864 54716604 3015036 116725096    0    0 679904 441032 302206 1571464 50 26 20  3  0  0
87  8   4864 54702532 3015036 116725100    0    0 735696 562524 304699 1532335 50 25 19  6  0  0
69  5   4864 55601476 3015036 116725612    0    0 691276 453024 304440 1579500 50 27 20  4  0  0
67 28   4864 55497624 3015036 116725628    0    0 697872 542656 302066 1540292 49 26 20  6  0  0
93  6   4864 55385732 3015036 116725636    0    0 727168 549864 300679 1528902 49 25 20  6  0  0
50  8   4864 55274040 3015036 116725652    0    0 675760 439472 301948 1578423 50 26 21  3  0  0
59 10   4864 55204076 3015036 116725668    0    0 741680 591744 303913 1505575 49 24 19  7  0  0
39  5   4864 55013064 3015036 116725676    0    0 726832 555568 308827 1543014 50 25 19  6  0  0
49 11   4864 54779088 3015036 116725688    0    0 662496 438208 302466 1582020 50 26 21  3  0  0
107  9   4864 54675236 3015036 116725696    0    0 751520 563612 301254 1508331 49 25 19  7  0  0
52  6   4864 55635808 3015036 116725708    0    0 719936 559476 303067 1529600 50 25 19  6  0  0
27  7   4864 55542868 3015036 116726220    0    0 649456 421296 298420 1580396 50 26 21  3  0  0
53 17   4864 55439932 3015036 116726228    0    0 730640 558576 306572 1534530 50 25 19  6  0  0
75  4   4864 55318900 3015036 116726240    0    0 814416 607212 313050 1521830 51 24 18  7  0  0
76  5   4864 55217204 3015036 116726252    0    0 640816 412316 295506 1578250 49 27 21  3  0  0
64  5   4864 55154236 3015036 116726268    0    0 683792 490612 301740 1561621 50 26 20  4  0  0
37 13   4864 54911612 3015036 116726276    0    0 844608 683396 305709 1451212 50 23 17 10  0  0
41 13   4864 54676888 3015036 116726284    0    0 714096 545008 299660 1507902 48 25 19  8  0  0
53 12   4864 54627132 3015036 116726288    0    0 727296 553548 302926 1532018 50 26 19  6  0  0
procs -----------memory---------- ---swap-- -----io---- -system-- -------cpu-------
 r  b   swpd   free   buff  cache   si   so    bi    bo   in   cs us sy id wa st gu
33 91   4864 55455212 3015036 116726780    0    0 658224 509488 296847 1552730 48 26 20  5  0  0
62  4   4864 55373628 3015036 116726792    0    0 737760 490048 308217 1566847 51 25 20  4  0  0
43 21   4864 55294240 3015036 116726804    0    0 751616 575588 305953 1526530 50 25 19  6  0  0
41  5   4864 55206128 3015036 116726812    0    0 730384 551076 305971 1534162 50 25 19  6  0  0
53 18   4864 55116528 3015036 116726820    0    0 704096 459576 305766 1569135 51 26 20  4  0  0
38  3   4864 54956652 3015036 116726832    0    0 728256 561588 304310 1533392 50 25 19  6  0  0
54 16   4864 54709476 3015036 116726844    0    0 715184 547928 298883 1506658 49 25 20  7  0  0
42 13   4864 54605000 3015036 116726856    0    0 745408 562532 303053 1522777 50 25 19  6  0  0
101 11   4864 55556752 3015036 116726868    0    0 712496 489948 311049 1550786 50 26 20  4  0  0
54  8   4864 55465528 3015036 116727376    0    0 717696 553564 300773 1522908 50 24 20  7  0  0
78  6   4864 55361668 3015036 116727392    0    0 750080 529152 313775 1569983 52 25 19  4  0  0
52  6   4864 55271660 3015036 116727404    0    0 732448 563052 316217 1562331 51 26 19  4  0  0
72 13   4864 55177024 3015036 116727412    0    0 722736 512108 307393 1549249 50 26 20  4  0  0
39  5   4864 55110104 3015036 116727424    0    0 700256 538960 304179 1535127 50 25 20  5  0  0
88  5   4864 54850948 3015036 116727432    0    0 702672 533568 299490 1522198 49 25 19  6  0  0
44 10   4864 54629732 3015036 116727444    0    0 687600 527648 300754 1528434 49 25 20  6  0  0
78  4   4864 54599980 3015036 116727452    0    0 709152 533412 302679 1519330 49 25 19  7  0  0
62  9   4864 55572116 3015036 116727980    0    0 822912 601296 307502 1498012 51 23 18  8  0  0
81  9   4864 55616800 3015036 116713532    0    0 693920 463680 311447 1564527 50 27 20  4  0  0
48 18   4864 55655876 3015036 116713540    0    0 773392 589524 307690 1524286 50 25 19  7  0  0
91 13   4864 55697048 3015036 116713552    0    0 751344 569832 309810 1546367 49 25 19  6  0  0
procs -----------memory---------- ---swap-- -----io---- -system-- -------cpu-------
 r  b   swpd   free   buff  cache   si   so    bi    bo   in   cs us sy id wa st gu
81  2   4864 55726648 3015036 116713560    0    0 635392 414588 302621 1600226 48 27 22  3  0  0
46  5   4864 55754392 3015036 116713572    0    0 845424 623352 316214 1535605 52 24 18  7  0  0
81 17   4864 55787836 3015036 116713584    0    0 766960 574464 306108 1523692 50 25 19  7  0  0
92 15   4864 55821232 3015036 116713592    0    0 700304 538580 303177 1545740 48 26 20  6  0  0
46  6   4864 55852448 3015036 116713604    0    0 763584 572852 310529 1540969 50 25 19  6  0  0
102  6   4864 55876652 3015036 116713612    0    0 673952 436296 304959 1589903 49 27 21  3  0  0
38  1   4864 55900360 3015036 116713624    0    0 778464 581492 308018 1530841 50 26 19  6  0  0
27 92   4864 55923676 3015036 116713704    0    0 747888 563608 311891 1544839 49 26 19  6  0  0
43 10   4864 55944580 3015036 116713720    0    0 713936 491128 314415 1579133 50 26 20  4  0  0
88  2   4864 55973380 3015036 116713732    0    0 737968 563140 306618 1545067 48 26 19  6  0  0
53 11   4864 55992864 3015036 116713740    0    0 757552 573784 307948 1532770 49 25 19  6  0  0
80 16   4864 56017336 3015036 116713752    0    0 731584 478728 311461 1590968 51 26 20  4  0  0
51  8   4864 56039900 3015036 116713764    0    0 715440 538488 300103 1526288 48 26 19  7  0  0
71  6   4864 56063796 3015036 116713768    0    0 728976 550328 299403 1512744 48 25 19  8  0  0
48  8   4864 56082904 3015036 116713780    0    0 732160 552236 304254 1529513 48 25 20  7  0  0
63 20   4864 56101400 3015036 116713788    0    0 732496 554084 305794 1542241 49 25 19  7  0  0
75  2   4864 56125864 3015036 116713800    0    0 740544 481796 311648 1590075 50 26 20  4  0  0
78 10   4864 56143712 3015036 116713812    0    0 742160 563676 306212 1540026 49 26 19  7  0  0
51 10   4864 56157680 3015036 116713820    0    0 685456 527056 302678 1558627 48 26 21  6  0  0
67  4   4864 56171580 3015036 116713832    0    0 783456 612392 312186 1534736 50 25 19  6  0  0
76  7   4864 56189528 3015036 116713840    0    0 702560 450564 305924 1593754 49 27 21  4  0  0
procs -----------memory---------- ---swap-- -----io---- -system-- -------cpu-------
 r  b   swpd   free   buff  cache   si   so    bi    bo   in   cs us sy id wa st gu
50  7   4864 56202048 3015036 116713852    0    0 761152 580120 310640 1549706 49 26 19  6  0  0
53 11   4864 56215100 3015036 116713860    0    0 687600 446968 307618 1589832 49 27 21  4  0  0
70  5   4864 56229880 3015036 116713876    0    0 757344 571656 304425 1520530 49 25 19  7  0  0
53  4   4864 56242900 3015036 116713884    0    0 774960 496564 310869 1578325 51 26 19  4  0  0
68  4   4864 56254428 3015036 116713896    0    0 724752 550220 300569 1519733 48 26 20  7  0  0
78 12   4864 56264200 3015036 116713912    0    0 754704 582716 312374 1542460 49 25 19  7  0  0
65 12   4864 56272496 3015036 116713924    0    0 689136 448180 308322 1594268 49 27 20  3  0  0
59 19   4864 56277848 3015036 116713936    0    0 723760 556908 308540 1548475 49 26 20  6  0  0
68 12   4864 56280996 3015036 116713948    0    0 836288 646336 312164 1503301 50 25 18  8  0  0
34 90   4864 56286044 3015036 116713956    0    0 651200 462972 301580 1586983 48 27 21  4  0  0
77 12   4864 56288392 3015036 116713964    0    0 774960 550972 309973 1544509 50 25 19  6  0  0
63  5   4864 56296196 3015036 116713976    0    0 676096 531084 298347 1535873 47 26 20  7  0  0
75 76   4864 56297448 3015036 116713988    0    0 727360 471632 307126 1576467 50 26 20  4  0  0
100 12   4864 56301544 3015036 116713996    0    0 742624 542500 303288 1537649 49 25 19  6  0  0
108  8   4864 56302772 3015036 116714004    0    0 768624 577752 305311 1532921 49 26 19  6  0  0
47 17   4864 56305740 3015036 116714016    0    0 786960 595724 312773 1546311 50 24 19  7  0  0
75  6   4864 56301748 3015036 116714028    0    0 765760 576072 308746 1545001 49 25 19  6  0  0
61 13   4864 56300112 3015036 116714040    0    0 695952 458616 308078 1591646 49 27 20  3  0  0
83 10   4864 56303000 3015036 116714048    0    0 766352 580536 314208 1555133 50 25 19  7  0  0
52 13   4864 56303444 3015036 116714056    0    0 709408 563420 300643 1549866 48 26 20  6  0  0
62  8   4864 56303128 3015036 116714068    0    0 676016 448148 304323 1592285 49 27 21  3  0  0
procs -----------memory---------- ---swap-- -----io---- -system-- -------cpu-------
 r  b   swpd   free   buff  cache   si   so    bi    bo   in   cs us sy id wa st gu
59 10   4864 56301812 3015036 116714080    0    0 819040 603364 309396 1528349 50 25 18  6  0  0
25 90   4864 56304320 3015036 116714092    0    0 664480 490964 301449 1569920 48 27 21  5  0  0
57  9   4864 56306064 3015036 116714100    0    0 807808 552128 309527 1548776 50 25 19  6  0  0
76  8   4864 56305240 3015036 116714108    0    0 743152 567344 308677 1536854 49 25 19  7  0  0
42  5   4864 56304540 3015036 116714120    0    0 843504 614336 309594 1505341 50 24 18  8  0  0
39  8   4864 56305228 3015036 116714128    0    0 794128 587964 309820 1528536 50 25 19  7  0  0
47  9   4864 56307660 3015036 116714140    0    0 707984 533560 306172 1561108 49 26 20  5  0  0
79 13   4864 56307140 3015036 116714148    0    0 656864 434928 302664 1595694 49 27 21  3  0  0
41 10   4864 56304212 3015036 116714156    0    0 726256 551420 305786 1544834 49 26 20  6  0  0
52  9   4864 56307840 3015036 116714168    0    0 740816 565728 306214 1528497 49 26 19  6  0  0
46  9   4864 56306536 3015036 116714180    0    0 836672 633044 311045 1508838 50 24 18  8  0  0
81  7   4864 56306708 3015036 116714192    0    0 722800 552356 303448 1529787 48 25 20  7  0  0
40 10   4864 56303716 3015036 116714200    0    0 718080 552008 304658 1546035 49 26 19  6  0  0
41  5   4864 56307668 3015036 116714208    0    0 642528 425844 300551 1605726 48 27 22  3  0  0
59 10   4864 56305808 3015036 116714220    0    0 792896 598164 311458 1541552 50 25 19  7  0  0
58  8   4864 56302896 3015036 116714240    0    0 821488 621540 313757 1526531 50 25 19  6  0  0
28 95   4864 56302772 3015036 116714252    0    0 661152 486048 298128 1579065 48 26 21  4  0  0
51  8   4864 56303380 3015036 116714264    0    0 721232 498168 305823 1563175 49 26 20  5  0  0
22  3   4864 56305764 3015036 116714272    0    0 729424 557180 306211 1553310 49 26 20  6  0  0
78  4   4864 56305736 3015036 116714284    0    0 759760 585452 309029 1546269 49 25 19  7  0  0
44  8   4864 56304076 3015036 116714296    0    0 726176 556244 304684 1543869 48 26 19  6  0  0
procs -----------memory---------- ---swap-- -----io---- -system-- -------cpu-------
 r  b   swpd   free   buff  cache   si   so    bi    bo   in   cs us sy id wa st gu
100 12   4864 56299564 3015036 116714308    0    0 777424 588100 301272 1491935 48 24 18 10  0  0
72 12   4864 56300712 3015036 116714316    0    0 716784 548612 300627 1540476 48 25 20  7  0  0
30 90   4864 56300288 3015036 116714324    0    0 712992 524660 301939 1562693 48 26 20  5  0  0
40  3   4864 56299164 3015036 116714332    0    0 768464 514496 311476 1583792 51 25 19  5  0  0
44 11   4864 56302972 3015036 116714412    0    0 800000 593252 312845 1549048 50 24 19  6  0  0
49 85   4864 56302984 3015036 116714428    0    0 765936 591052 304609 1524268 49 25 19  8  0  0
39 16   4864 56300652 3015036 116714440    0    0 806240 591164 305340 1516480 50 24 18  8  0  0
27 98   4864 56300028 3015036 116714448    0    0 742960 506524 304688 1555831 50 26 19  5  0  0
88 14   4864 56298520 3015036 116714456    0    0 764304 541488 308556 1539817 50 25 19  7  0  0
65  4   4864 56301764 3015036 116714472    0    0 752288 569960 311040 1552654 50 25 19  5  0  0
42 80   4864 56303568 3015036 116714484    0    0 658576 471428 300087 1585465 48 27 21  4  0  0
56  3   4864 56306504 3015036 116714496    0    0 753280 544700 307127 1538740 49 25 19  6  0  0
84  6   4864 56305100 3015036 116714504    0    0 774928 584952 311906 1536483 49 25 19  7  0  0
30  5   4864 56304080 3015036 116714512    0    0 731056 556720 303926 1549929 49 25 20  6  0  0
36  4   4864 56304964 3015036 116714524    0    0 733072 470064 314446 1588395 50 26 20  4  0  0
111  4   4864 56305700 3015036 116714536    0    0 736592 576228 306026 1540789 50 25 19  5  0  0
88  3   4864 56307736 3015036 116714544    0    0 706048 462212 305902 1584253 50 26 20  4  0  0
56 13   4864 56310768 3015036 116714556    0    0 742672 563376 304473 1530611 48 25 19  7  0  0
111 14   4864 56308408 3015036 116714564    0    0 815616 601496 306587 1502327 50 24 18  8  0  0
101  9   4864 56305200 3015036 116714572    0    0 734192 476240 305793 1566060 50 26 20  4  0  0
59  7   4864 56308096 3015036 116714584    0    0 716384 559500 306421 1515258 48 25 19  7  0  0
procs -----------memory---------- ---swap-- -----io---- -system-- -------cpu-------
 r  b   swpd   free   buff  cache   si   so    bi    bo   in   cs us sy id wa st gu
69 14   4864 56311036 3015036 116714592    0    0 807888 600688 308359 1505835 50 24 18  8  0  0
60  7   4864 56310992 3015036 116714604    0    0 700768 534588 297609 1539281 48 26 20  6  0  0
39  7   4864 56308828 3015036 116714612    0    0 716960 548788 302468 1534626 48 26 19  6  0  0
42 87   4864 56305876 3015036 116714624    0    0 733104 553928 302926 1519930 49 25 19  7  0  0
67 20   4864 56305520 3015036 116714636    0    0 726848 477560 314402 1556559 49 26 20  5  0  0
47 17   4864 56304688 3015036 116714644    0    0 808624 603728 311288 1526780 50 25 18  7  0  0
76  5   4864 56301564 3015036 116714656    0    0 691280 448272 308300 1596311 49 27 20  4  0  0
61 10   4864 56301776 3015036 116714668    0    0 759424 574600 309706 1548104 50 25 19  6  0  0
46  7   4864 56303168 3015036 116714680    0    0 656704 434020 299786 1589919 48 27 21  3  0  0
42  9   4864 56303108 3015036 116714692    0    0 737488 565784 305067 1542191 48 26 20  7  0  0
82  9   4864 56309104 3015036 116714700    0    0 684528 463580 307124 1589620 49 27 20  3  0  0
76 14   4864 56307856 3015036 116714712    0    0 667664 484260 308665 1597888 49 26 21  4  0  0
84 11   4864 56306316 3015036 116714720    0    0 704816 503644 303867 1562213 49 26 20  5  0  0
51 21   4864 56306604 3015036 116714732    0    0 671248 484740 307438 1594275 49 27 21  4  0  0
68  7   4864 56305308 3015036 116714744    0    0 692816 538592 305933 1568986 49 26 20  4  0  0
36  9   4864 56305112 3015036 116714756    0    0 802496 652240 307387 1506678 50 24 18  8  0  0
93 13   4864 56304528 3015036 116714768    0    0 793280 598500 310055 1526345 50 25 19  7  0  0
61  7   4864 56306904 3015036 116714776    0    0 740352 561340 299476 1516695 48 25 19  8  0  0
51  9   4864 56311884 3015036 116714788    0    0 698256 444604 302770 1573170 50 27 19  4  0  0
67  0   4864 56312896 3015036 116714796    0    0 767904 575656 309569 1538245 49 25 19  7  0  0
43 14   4864 56314628 3015036 116714808    0    0 732720 583984 303335 1536425 49 25 19  6  0  0
procs -----------memory---------- ---swap-- -----io---- -system-- -------cpu-------
 r  b   swpd   free   buff  cache   si   so    bi    bo   in   cs us sy id wa st gu
62  4   4864 56317248 3015036 116714824    0    0 704944 548344 303475 1543419 48 26 20  6  0  0
32 75   4864 56315456 3015036 116714836    0    0 865888 556024 308859 1506083 51 24 18  7  0  0
112  9   4864 56317112 3015036 116714848    0    0 728672 529268 300333 1528602 48 25 19  8  0  0
60 13   4864 56314148 3015036 116714856    0    0 696208 545828 304015 1546268 48 26 20  6  0  0
62  5   4864 56314116 3015036 116714868    0    0 722512 554412 307829 1535049 48 25 20  7  0  0
59 10   4864 56313888 3015036 116714876    0    0 692080 470764 305009 1582479 49 27 20  4  0  0
82  4   4864 56312724 3015036 116714888    0    0 741152 570872 309231 1550834 48 26 20  6  0  0
88 13   4864 56313820 3015036 116714896    0    0 773760 585224 310824 1541501 49 25 19  7  0  0
42 83   4864 56314108 3015036 116714908    0    0 719792 539776 304389 1545063 48 26 20  6  0  0
73  2   4864 56313624 3015036 116714920    0    0 733920 488288 307938 1571212 50 26 20  4  0  0
131  6   4864 56310200 3015036 116714928    0    0 736832 580424 310144 1552425 49 25 19  6  0  0
73  5   4864 56312816 3015036 116714936    0    0 765984 576408 312907 1547226 50 25 19  6  0  0
58 10   4864 56314792 3015036 116714944    0    0 711392 457876 306060 1577969 50 27 20  4  0  0
41 11   4864 56318720 3015036 116714956    0    0 724720 552148 304356 1546539 49 26 20  6  0  0
65  7   4864 56321956 3015036 116714968    0    0 724304 554916 305248 1543340 48 26 20  7  0  0
93 16   4864 56323836 3015036 116714976    0    0 754224 590592 308916 1547740 49 25 19  6  0  0
26  6   4864 56325160 3015036 116714988    0    0 758784 459696 297737 1523908 50 26 19  5  0  0
74 10   4864 56326252 3015036 116715000    0    0 722704 553004 304202 1542511 48 26 20  6  0  0
38  7   4864 56323864 3015036 116715012    0    0 703088 542472 302003 1536917 48 26 20  6  0  0
44 10   4864 56323656 3015036 116715028    0    0 733584 476624 310307 1587149 50 26 20  4  0  0
73  7   4864 56321656 3015036 116715036    0    0 700880 535464 298196 1525135 47 26 20  7  0  0
procs -----------memory---------- ---swap-- -----io---- -system-- -------cpu-------
 r  b   swpd   free   buff  cache   si   so    bi    bo   in   cs us sy id wa st gu
23  8   4864 56322900 3015036 116715048    0    0 697392 469656 300461 1565300 49 26 20  4  0  0
71 12   4864 56322848 3015036 116715120    0    0 762624 571020 300598 1508503 49 25 19  8  0  0
102  9   4864 56322596 3015036 116715128    0    0 740896 566244 307436 1530436 49 25 19  6  0  0
49 21   4864 56322768 3015036 116715144    0    0 741920 482408 311178 1580750 50 26 20  4  0  0
37  9   4864 56324196 3015036 116715152    0    0 804048 598900 315253 1541244 51 24 19  6  0  0
30 18   4864 56320652 3015036 116715164    0    0 755360 594032 308910 1542303 49 25 19  7  0  0
66 21   4864 56321204 3015036 116715172    0    0 715312 469532 310277 1591143 50 26 20  4  0  0
39  9   4864 56317476 3015036 116715180    0    0 745744 566236 309829 1555322 50 25 19  6  0  0
85  8   4864 56317908 3015036 116715192    0    0 757248 573704 308830 1548588 49 25 19  6  0  0
75 18   4864 56319772 3015036 116715200    0    0 777440 596348 315816 1557262 50 25 19  6  0  0
65  6   4864 56320588 3015036 116715212    0    0 775008 511536 315373 1574571 51 25 19  5  0  0
50  7   4864 56317236 3015036 116715220    0    0 673168 522200 297957 1546997 47 26 21  6  0  0
34  9   4864 56317936 3015036 116715228    0    0 764624 503300 313057 1579912 51 25 19  4  0  0
104 20   4864 56316224 3015036 116715240    0    0 710176 543156 300732 1530248 48 26 20  7  0  0
30 11   4864 56316276 3015036 116715252    0    0 798192 584976 302543 1483557 49 24 18  8  0  0
68 14   4864 56313480 3015036 116715272    0    0 726880 565240 296528 1500754 48 25 19  8  0  0
46  6   4864 56318116 3015036 116715280    0    0 772960 586372 311176 1528662 50 24 19  7  0  0
40 16   4864 56317640 3015036 116715288    0    0 718992 466940 306727 1568111 50 26 20  4  0  0
47 30   4864 56318640 3015036 116715304    0    0 732640 552792 295041 1489687 47 24 19 10  0  0
69 13   4864 56316420 3015036 116715320    0    0 745728 565976 307976 1540037 49 26 19  6  0  0
60 23   4864 56316264 3015036 116715332    0    0 637456 441420 304282 1597196 48 27 21  3  0  0
procs -----------memory---------- ---swap-- -----io---- -system-- -------cpu-------
 r  b   swpd   free   buff  cache   si   so    bi    bo   in   cs us sy id wa st gu
77  6   4864 56314984 3015036 116715340    0    0 785424 588516 308990 1525304 50 24 19  7  0  0
57  7   4864 56317032 3015036 116715348    0    0 644320 433040 301427 1589531 48 28 21  3  0  0
63 16   4864 56316292 3015036 116715360    0    0 789824 585076 317444 1552865 50 25 19  6  0  0
44  3   4864 56313984 3015036 116715372    0    0 766896 574248 307733 1527466 49 25 19  7  0  0
42  6   4864 56313668 3015036 116715380    0    0 752256 584972 310912 1545612 50 25 19  6  0  0
93 18   4864 56314156 3015036 116715388    0    0 671200 525948 296504 1542608 47 26 21  6  0  0
53  3   4864 56314800 3015036 116715396    0    0 654480 472944 304335 1593751 49 27 21  3  0  0
40  6   4864 56315884 3015036 116715404    0    0 772944 623780 310082 1532392 50 26 19  6  0  0
47  6   4864 56315172 3015036 116715424    0    0 680496 492412 305559 1584955 49 27 21  4  0  0
78 15   4864 56316360 3015036 116715432    0    0 693056 536188 308790 1567054 49 27 20  4  0  0
55 75   4864 56319632 3015036 116715444    0    0 771744 582944 313629 1552066 50 25 19  6  0  0
42 17   4864 56315616 3015036 116715452    0    0 751184 534648 306453 1537828 49 25 20  6  0  0
52 11   4864 56315328 3015036 116715460    0    0 781040 573876 309698 1532583 51 25 18  6  0  0
50 12   4864 56318212 3015036 116715476    0    0 817216 599764 300745 1468393 49 24 18 10  0  0
36 12   4864 56318568 3015036 116715484    0    0 755920 570920 308837 1522101 49 25 19  7  0  0
57  4   4864 56316904 3015036 116715496    0    0 698208 552288 302458 1551693 48 26 20  6  0  0
42  5   4864 56319188 3015036 116715504    0    0 744736 463872 305387 1555130 50 27 19  5  0  0
51  6   4864 56318036 3015036 116715512    0    0 675024 519892 298208 1551834 48 26 20  6  0  0
48  7   4864 56323392 3015036 116715528    0    0 728960 556928 303852 1537866 48 26 20  7  0  0
38  5   4864 56323240 3015036 116715536    0    0 731312 554644 310544 1550419 49 26 20  6  0  0
44 11   4864 56320512 3015036 116715548    0    0 657840 428224 301906 1591713 48 27 21  3  0  0
procs -----------memory---------- ---swap-- -----io---- -system-- -------cpu-------
 r  b   swpd   free   buff  cache   si   so    bi    bo   in   cs us sy id wa st gu
121  6   4864 56318060 3015036 116715552    0    0 711872 559680 300800 1533916 49 25 20  7  0  0
59 16   4864 56319628 3015036 116715560    0    0 703696 542080 301647 1537687 48 26 20  6  0  0
67 10   4864 56321920 3015036 116715576    0    0 688416 449636 307301 1595162 50 27 20  3  0  0
41  2   4864 56321816 3015036 116715588    0    0 697328 532536 303046 1545044 48 26 20  6  0  0
80  7   4864 56322080 3015036 116715596    0    0 643696 465548 302081 1588291 49 26 21  3  0  0
47 14   4864 56326912 3015036 116715608    0    0 743168 579672 310184 1551152 50 26 19  5  0  0
75  8   4864 56329036 3015036 116715616    0    0 631136 416796 301081 1591921 48 27 21  3  0  0
39  8   4864 56327844 3015036 116715628    0    0 729696 553860 309612 1565567 49 26 20  5  0  0
42 12   4864 56325736 3015036 116715640    0    0 801184 635560 311588 1525137 50 25 18  6  0  0
75  8   4864 56324952 3015036 116715648    0    0 675952 489260 309477 1589440 49 26 21  4  0  0
18 113   4864 56328540 3015036 116715660    0    0 648384 444436 305145 1585197 48 27 21  4  0  0
53 14   4864 56323096 3015036 116715668    0    0 856144 647752 307667 1446334 49 24 17 10  0  0
68  8   4864 56328956 3015036 116715680    0    0 709904 536004 302026 1526207 48 26 19  7  0  0
93 14   4864 56329252 3015036 116715692    0    0 730368 557780 303013 1528875 48 25 19  7  0  0
30 10   4864 56331872 3015036 116715700    0    0 727584 553988 304140 1546810 50 25 20  6  0  0
56 72   4864 56333408 3015036 116715716    0    0 711552 526856 299528 1539974 49 26 20  6  0  0
58 15   4864 56329300 3015036 116715728    0    0 745216 489304 309007 1572235 50 26 20  4  0  0
64 12   4864 56323968 3015036 116715740    0    0 699488 536036 301025 1549162 48 26 20  6  0  0
121 10   4864 56325224 3015036 116715748    0    0 808208 605956 313679 1541199 51 24 18  6  0  0
107  6   4864 56323332 3015036 116715828    0    0 766624 565740 312639 1550516 50 25 19  6  0  0
47 16   4864 56321984 3015036 116715840    0    0 738368 474724 311011 1595514 50 26 20  4  0  0
procs -----------memory---------- ---swap-- -----io---- -system-- -------cpu-------
 r  b   swpd   free   buff  cache   si   so    bi    bo   in   cs us sy id wa st gu
65 13   4864 56323000 3015036 116715856    0    0 864208 639548 314363 1523238 51 24 18  7  0  0
48  5   4864 56322192 3015036 116715868    0    0 785424 579564 313213 1552211 51 25 19  6  0  0
103 12   4864 56321356 3015036 116715880    0    0 735616 561932 306762 1543672 49 25 20  6  0  0
