procs -----------memory---------- ---swap-- -----io---- -system-- -------cpu-------
 r  b   swpd   free   buff  cache   si   so    bi    bo   in   cs us sy id wa st gu
 5  1   4864 54663144 3017720 116834700    0    0  4241  3895 1547    0  0  0 100  0  0  0
240  1   4864 54496976 3017724 116834736    0    0 56992 120392 101579 80534 94  2  4  0  0  0
151  0   4864 54492544 3017724 116834740    0    0 59200 344716 107788 71381 97  2  1  0  0  0
96  0   4864 54495680 3017724 116834752    0    0 53472 340160 108052 70679 97  2  1  0  0  0
145  3   4864 54483972 3017724 116834760    0    0 54672 277004 207906 63485 96  2  2  0  0  0
185  0   4864 54459796 3017724 116834768    0    0 46704 252148 103135 59931 98  2  1  0  0  0
154  0   4864 54444532 3017724 116834784    0    0 31040 240560 104939 55626 98  1  0  0  0  0
124  0   4864 54412156 3017724 116834792    0    0 51728 239784 102417 56955 97  2  1  0  0  0
121  0   4864 54392500 3017724 116834804    0    0 50432 232844 101556 59610 98  1  1  0  0  0
143  0   4864 54375676 3017724 116834812    0    0 49072 233768 102796 58056 98  1  1  0  0  0
114  0   4864 54353900 3017724 116834820    0    0 54944 241928 158376 58923 96  2  2  0  0  0
210  0   4864 54331852 3017724 116834832    0    0 49968 243476 115859 60009 98  2  0  0  0  0
157  0   4864 54304396 3017724 116834844    0    0 51408 225720 103188 56685 98  1  1  0  0  0
147  0   4864 54290300 3017724 116834856    0    0 48880 235800 103795 54168 98  1  1  0  0  0
133  1   4864 54262956 3017724 116834864    0    0 48112 248124 106014 59655 97  2  1  0  0  0
127  1   4864 54257852 3017724 116834872    0    0 56064 260536 106588 56926 97  2  1  0  0  0
149  0   4864 54238852 3017724 116834884    0    0 48240 237544 101664 58058 98  1  1  0  0  0
127  0   4864 54215572 3017724 116834896    0    0 52800 229640 101418 57797 98  1  0  0  0  0
156  0   4864 54194640 3017724 116834904    0    0 49248 224956 99878 54383 97  1  1  0  0  0
117  1   4864 54164180 3017724 116834912    0    0 47632 241568 102869 60479 98  1  0  0  0  0
201  0   4864 54160304 3017724 116834920    0    0 53568 240636 103941 58339 98  1  0  0  0  0
procs -----------memory---------- ---swap-- -----io---- -system-- -------cpu-------
 r  b   swpd   free   buff  cache   si   so    bi    bo   in   cs us sy id wa st gu
150  1   4864 54158964 3017724 116834936    0    0 50512 246072 102899 60192 98  1  1  0  0  0
139  1   4864 54150748 3017724 116834944    0    0 52192 237204 105900 56425 98  1  1  0  0  0
131  0   4864 54127652 3017724 116834952    0    0 48288 234636 107711 56100 97  2  1  0  0  0
90  2   4864 54114348 3017724 116834964    0    0 51680 247680 110716 58222 98  2  1  0  0  0
141  0   4864 54082616 3017724 116834976    0    0 49968 227868 121989 55482 97  2  1  0  0  0
102  2   4864 53884428 3017724 116835060    0    0 56192 408300 407750 170886 83 11  6  0  0  0
153  0   4864 53147992 3017732 116835068    0    0 174992 304732 1016794 855866 24 63 12  1  0  0
69  2   4864 53058596 3017732 116835076    0    0 235056 138716 244469 1606119 37 40 22  1  0  0
144  0   4864 53051404 3017732 116835088    0    0 219840 32224 256688 1617489 36 41 22  1  0  0
68  0   4864 53030844 3017732 116835096    0    0 227024 32836 253874 1609345 37 40 23  1  0  0
128  0   4864 53023476 3017732 116835112    0    0 196160 52852 247695 1602105 36 41 23  1  0  0
13  1   4864 53017112 3017732 116835120    0    0 200400 117344 240899 1603301 37 39 23  1  0  0
107  5   4864 53015360 3017732 116835128    0    0 180720 95428 235201 1590508 36 40 23  1  0  0
39  1   4864 53010372 3017732 116835140    0    0 184944 98284 236205 1590677 37 39 24  1  0  0
64  2   4864 53010948 3017732 116835148    0    0 186512 111892 234832 1594575 36 39 24  1  0  0
26  1   4864 53013912 3017732 116835160    0    0 178640 96792 234165 1591299 36 40 23  1  0  0
30  7   4864 53024492 3017732 116835168    0    0 273520 144464 237493 1611153 38 36 25  1  0  0
93  5   4864 53010328 3017736 116835176    0    0 524448 355884 270385 1650403 45 29 23  3  0  0
126  0   4864 53003316 3017736 116835188    0    0 292032 143820 239500 1617733 39 34 25  1  0  0
177  3   4864 53010236 3017736 116835200    0    0 235280 119856 232321 1599850 37 37 25  1  0  0
63  3   4864 52994400 3017736 116835212    0    0 467632 316308 267405 1645151 44 30 24  2  0  0
procs -----------memory---------- ---swap-- -----io---- -system-- -------cpu-------
 r  b   swpd   free   buff  cache   si   so    bi    bo   in   cs us sy id wa st gu
27  0   4864 52980700 3017736 116835224    0    0 460096 188788 261404 1621760 44 31 23  2  0  0
36 12   4864 52973156 3017736 116835236    0    0 205632 79912 247121 1582298 37 41 22  1  0  0
54  3   4864 52976832 3017736 116835244    0    0 208112 84340 249229 1593136 37 40 22  1  0  0
25  1   4864 52968604 3017736 116835252    0    0 209920 88076 247724 1578224 37 41 22  1  0  0
14  2   4864 52960680 3017736 116835260    0    0 196144 159716 249292 1582535 37 41 22  1  0  0
45  0   4864 52965536 3017736 116835280    0    0 199616 78772 248546 1581046 36 41 22  1  0  0
54  1   4864 52973128 3017736 116835288    0    0 205216 82492 248547 1585612 36 41 22  1  0  0
97  3   4864 52965544 3017736 116835308    0    0 213408 85092 245495 1584588 37 40 23  1  0  0
59  2   4864 52950044 3017736 116835308    0    0 340592 134352 257405 1620244 41 34 24  1  0  0
89  9   4864 52921692 3017736 116835324    0    0 587840 316128 279973 1622024 47 28 22  3  0  0
91  0   4864 52898424 3017736 116835332    0    0 238608 99668 249809 1584688 38 39 22  1  0  0
15  0   4864 52893136 3017736 116835340    0    0 199008 84596 244384 1574829 37 40 22  1  0  0
64  1   4864 52888584 3017736 116835356    0    0 181520 79360 244128 1570975 36 41 22  1  0  0
62  0   4864 52882108 3017736 116835356    0    0 187872 84096 242389 1572162 37 39 23  1  0  0
108  0   4864 52874720 3017736 116835364    0    0 186800 82264 244428 1566414 36 41 22  1  0  0
58  5   4864 52868620 3017736 116835380    0    0 178912 82264 243522 1566830 36 41 22  1  0  0
129  0   4864 52860256 3017736 116835392    0    0 187104 81844 242891 1564423 36 40 23  1  0  0
68  0   4864 52853356 3017736 116835412    0    0 172992 76788 248871 1577469 36 41 22  1  0  0
19  0   4864 52844808 3017736 116835412    0    0 171008 74900 250721 1582424 36 41 22  1  0  0
88  0   4864 52848008 3017736 116835420    0    0 170624 74628 251527 1578929 36 41 23  1  0  0
77  0   4864 52843584 3017736 116835444    0    0 171504 75448 250915 1576584 35 41 23  1  0  0
procs -----------memory---------- ---swap-- -----io---- -system-- -------cpu-------
 r  b   swpd   free   buff  cache   si   so    bi    bo   in   cs us sy id wa st gu
40  5   4864 52829740 3017736 116835452    0    0 262784 144060 248253 1569161 39 37 23  1  0  0
78  3   4864 52822368 3017736 116835468    0    0 255008 230136 260260 1564268 38 40 21  1  0  0
60  0   4864 52813204 3017736 116835476    0    0 200368 86016 252215 1566149 36 42 21  1  0  0
70  1   4864 52807220 3017736 116835484    0    0 192416 83148 250337 1569236 37 40 22  1  0  0
 7  0   4864 52797152 3017736 116835492    0    0 192992 80784 249469 1565395 36 42 21  1  0  0
82  9   4864 52789704 3017736 116835508    0    0 188928 84624 250852 1562013 37 41 21  1  0  0
12  1   4864 52787220 3017736 116835520    0    0 199696 83468 249793 1559407 37 41 22  1  0  0
85  1   4864 52779368 3017736 116835524    0    0 186992 82484 256126 1578973 36 41 22  1  0  0
57  1   4864 52771840 3017736 116835536    0    0 186432 80804 255267 1578163 36 41 22  1  0  0
36  4   4864 52763480 3017736 116835536    0    0 184448 80424 246900 1558358 36 41 22  1  0  0
73  1   4864 52760432 3017736 116835556    0    0 177296 74632 245680 1560003 36 41 22  1  0  0
11  0   4864 52751568 3017736 116835560    0    0 189840 81424 248386 1560308 37 40 22  1  0  0
116  1   4864 52751932 3017736 116835576    0    0 185120 79868 246054 1557895 36 41 22  1  0  0
31  3   4864 52743616 3017736 116835588    0    0 338288 160896 257851 1578009 41 35 23  1  0  0
78  1   4864 52736020 3017736 116835588    0    0 203792 123352 265177 1589204 37 41 21  1  0  0
137  6   4864 52728204 3017736 116835608    0    0 201392 85012 262159 1582290 37 41 22  1  0  0
169  2   4864 52717956 3017736 116835616    0    0 211776 88192 257121 1575152 37 41 21  1  0  0
113  0   4864 52714072 3017736 116835632    0    0 205424 208476 260531 1572220 37 41 21  1  0  0
82  0   4864 52712832 3017736 116835644    0    0 197248 81848 253418 1568697 37 41 21  1  0  0
81  6   4864 52712120 3017736 116835648    0    0 222752 94840 253978 1570392 38 40 22  1  0  0
72  6   4864 52714760 3017736 116835664    0    0 425360 185524 269214 1604268 44 33 22  2  0  0
procs -----------memory---------- ---swap-- -----io---- -system-- -------cpu-------
 r  b   swpd   free   buff  cache   si   so    bi    bo   in   cs us sy id wa st gu
14  1   4864 52707072 3017736 116835668    0    0 409536 174460 262352 1613999 43 32 23  2  0  0
103  6   4864 52694640 3017736 116835684    0    0 452352 202260 273122 1600823 44 33 22  2  0  0
21  3   4864 52687732 3017736 116835764    0    0 381648 184412 268743 1614698 42 34 22  1  0  0
132  4   4864 52679648 3017736 116835772    0    0 369600 292676 273626 1613068 42 35 21  1  0  0
46  2   4864 52674868 3017736 116835780    0    0 301728 167988 261012 1592314 41 36 23  1  0  0
142  4   4864 52667732 3017736 116835784    0    0 225472 140296 251966 1575246 38 38 23  1  0  0
47  2   4864 52666220 3017736 116835804    0    0 197680 121084 252592 1566391 37 40 22  1  0  0
31  0   4864 52661724 3017736 116835812    0    0 181184 109012 250092 1559955 36 41 22  1  0  0
116  1   4864 52655788 3017736 116835828    0    0 178416 113956 248556 1569407 37 40 22  1  0  0
86  3   4864 52650632 3017736 116835836    0    0 182864 117568 247486 1565243 36 40 23  1  0  0
33  2   4864 52644456 3017736 116835844    0    0 170576 110404 246728 1561967 36 41 22  1  0  0
62  2   4864 52638460 3017736 116835848    0    0 169376 111528 245950 1564339 36 41 23  1  0  0
12  0   4864 52636692 3017736 116835856    0    0 167504 110912 244059 1562414 36 41 22  1  0  0
17  1   4864 52634376 3017736 116835884    0    0 165104 127808 243782 1568697 36 41 23  1  0  0
57  1   4864 52633196 3017736 116835892    0    0 261600 152028 260793 1591693 39 37 23  1  0  0
62 17   4864 52628320 3017736 116835904    0    0 459104 293932 280418 1634949 44 31 23  2  0  0
106  5   4864 52625072 3017736 116835912    0    0 383776 279832 270263 1619742 43 32 23  2  0  0
32  6   4864 52622652 3017736 116835912    0    0 286752 160932 254597 1598216 40 35 24  1  0  0
37  1   4864 52624308 3017736 116835940    0    0 242784 142160 250947 1589473 39 36 24  1  0  0
60  6   4864 52624528 3017736 116835948    0    0 265920 160996 249428 1594547 39 36 24  1  0  0
52  4   4864 52622120 3017736 116835952    0    0 378224 217988 269791 1616391 43 34 22  1  0  0
procs -----------memory---------- ---swap-- -----io---- -system-- -------cpu-------
 r  b   swpd   free   buff  cache   si   so    bi    bo   in   cs us sy id wa st gu
23  2   4864 52625292 3017736 116835964    0    0 324592 198468 258574 1608202 41 33 24  1  0  0
54  2   4864 52628968 3017736 116835972    0    0 246608 262676 257611 1582152 38 37 23  1  0  0
15  2   4864 52621864 3017736 116835984    0    0 294240 174124 270529 1595536 40 36 23  1  0  0
123  2   4864 52615312 3017736 116835996    0    0 243472 144004 255049 1581692 38 38 23  1  0  0
38  2   4864 52611208 3017736 116836008    0    0 199504 120076 250594 1569634 37 39 23  1  0  0
65  1   4864 52609580 3017736 116836016    0    0 171952 104976 247010 1558599 36 41 22  1  0  0
10  0   4864 52606264 3017736 116836024    0    0 180144 107228 247154 1560425 37 40 23  1  0  0
53  7   4864 52599796 3017736 116836036    0    0 194480 118012 247087 1570781 37 40 23  1  0  0
33  0   4864 52596624 3017736 116836044    0    0 170112 109324 245907 1565757 36 41 22  1  0  0
181  0   4864 52592160 3017736 116836060    0    0 172864 109220 247488 1562588 36 41 23  1  0  0
107  0   4864 52592736 3017736 116836068    0    0 203232 124112 265741 1581062 37 41 21  1  0  0
46  1   4864 52588376 3017736 116836076    0    0 199136 122592 265250 1585351 37 41 22  1  0  0
15  0   4864 52588964 3017736 116836088    0    0 191280 118832 262782 1579442 36 41 22  1  0  0
105  3   4864 52588148 3017736 116836100    0    0 191200 116644 259642 1581626 36 41 22  1  0  0
52  3   4864 52587116 3017736 116836116    0    0 176880 111000 259675 1577251 36 41 22  1  0  0
67  0   4864 52582840 3017736 116836124    0    0 181840 109244 257588 1578319 37 40 22  1  0  0
52  4   4864 52583628 3017736 116836136    0    0 177296 111836 253775 1570081 37 41 22  1  0  0
81  2   4864 52586716 3017736 116836144    0    0 230304 149084 249610 1586719 38 38 24  1  0  0
86  2   4864 52589648 3017736 116836156    0    0 318000 278980 268051 1597727 41 35 22  1  0  0
49  5   4864 52595588 3017736 116836168    0    0 278032 176424 257549 1598032 40 36 23  1  0  0
33  5   4864 52601284 3017736 116836176    0    0 280720 173164 254062 1599321 39 36 24  1  0  0
procs -----------memory---------- ---swap-- -----io---- -system-- -------cpu-------
 r  b   swpd   free   buff  cache   si   so    bi    bo   in   cs us sy id wa st gu
32 15   4864 52610412 3017736 116836188    0    0 406336 268580 281541 1613166 44 31 23  2  0  0
142  5   4864 52611872 3017736 116836196    0    0 216352 135088 253563 1570352 38 39 23  1  0  0
43  3   4864 52622136 3017736 116836208    0    0 276000 172308 254447 1584251 39 35 24  1  0  0
115  2   4864 52622712 3017736 116836220    0    0 273344 261996 259219 1590421 40 35 23  1  0  0
53  0   4864 52623220 3017736 116836228    0    0 268352 165068 260734 1586398 39 37 22  1  0  0
211  1   4864 52622608 3017736 116836240    0    0 261744 164220 255623 1589857 39 36 23  1  0  0
62  3   4864 52621884 3017736 116836248    0    0 190464 120240 244650 1568877 37 39 23  1  0  0
71  2   4864 52627620 3017736 116836260    0    0 305552 194908 259318 1596182 41 35 23  1  0  0
144  2   4864 52624628 3017736 116836272    0    0 361856 227668 266255 1606922 43 33 23  2  0  0
28  8   4864 52626792 3017736 116836280    0    0 276896 180224 252962 1596373 39 35 24  1  0  0
112  9   4864 52627932 3017736 116836292    0    0 240768 153648 260893 1581419 38 40 22  1  0  0
12  4   4864 52626704 3017736 116836300    0    0 233440 227156 262571 1567961 39 38 22  1  0  0
40  1   4864 52626484 3017736 116836312    0    0 202400 131416 254625 1567584 37 41 22  1  0  0
78  9   4864 52625896 3017736 116836316    0    0 180640 116668 254232 1562208 36 42 21  1  0  0
39  4   4864 52628076 3017736 116836328    0    0 181712 135824 255943 1561442 36 41 22  1  0  0
30  1   4864 52630704 3017736 116836340    0    0 194256 124584 251417 1569435 37 40 22  1  0  0
51  8   4864 52630556 3017736 116836352    0    0 302272 194580 259739 1596877 41 34 23  1  0  0
62  8   4864 52628992 3017736 116836360    0    0 396624 255048 273245 1618432 43 33 22  2  0  0
75  6   4864 52631600 3017736 116836372    0    0 216144 142184 254473 1574137 37 39 23  1  0  0
94  0   4864 52635880 3017736 116836384    0    0 196464 130400 251538 1566830 37 40 22  1  0  0
32  1   4864 52645472 3017736 116836460    0    0 242176 163696 253589 1584302 38 38 23  1  0  0
procs -----------memory---------- ---swap-- -----io---- -system-- -------cpu-------
 r  b   swpd   free   buff  cache   si   so    bi    bo   in   cs us sy id wa st gu
44  4   4864 52643124 3017736 116836472    0    0 299360 270436 263895 1594956 41 36 23  1  0  0
42  1   4864 52639488 3017736 116836480    0    0 266144 176164 258199 1592020 39 37 23  1  0  0
40  4   4864 52640756 3017736 116836492    0    0 240464 160044 257009 1580663 38 37 23  1  0  0
152  4   4864 52640828 3017736 116836504    0    0 174768 116972 251078 1558876 37 41 22  1  0  0
57  0   4864 52640352 3017736 116836512    0    0 181072 118580 248314 1561765 36 41 22  1  0  0
72  2   4864 52640552 3017736 116836524    0    0 180576 118848 246921 1565227 37 39 23  1  0  0
77  1   4864 52641240 3017736 116836532    0    0 217728 150148 250794 1581859 38 38 23  1  0  0
107  4   4864 52635988 3017736 116836552    0    0 236960 158232 258628 1584213 37 40 22  1  0  0
169  1   4864 52636416 3017736 116836560    0    0 228992 154924 262936 1591973 38 39 22  1  0  0
103  2   4864 52636580 3017736 116836568    0    0 175216 135960 259961 1578719 36 42 22  1  0  0
30  0   4864 52642220 3017744 116836580    0    0 181312 126872 258200 1581293 37 40 22  1  0  0
138  1   4864 52646888 3017744 116836580    0    0 181008 122480 247056 1564740 37 40 22  1  0  0
45  4   4864 52642740 3017744 116836604    0    0 188816 130152 246721 1569184 37 39 23  1  0  0
42  5   4864 52641976 3017744 116836612    0    0 204816 142640 247383 1576260 37 39 24  1  0  0
53  5   4864 52638992 3017744 116836620    0    0 167808 118480 245273 1568745 36 41 23  1  0  0
78  2   4864 52641052 3017744 116836632    0    0 164192 117528 245092 1563976 36 41 23  1  0  0
55 10   4864 52640800 3017744 116836640    0    0 212176 210416 259442 1579078 37 40 22  1  0  0
19  1   4864 52639540 3017744 116836656    0    0 196544 132716 258137 1566296 36 41 22  1  0  0
102  2   4864 52639456 3017744 116836664    0    0 180640 126032 253548 1562397 36 42 22  1  0  0
46  5   4864 52643080 3017744 116836672    0    0 193968 129268 251601 1565042 37 40 22  1  0  0
25  5   4864 52643844 3017744 116836684    0    0 219632 150772 251718 1579321 38 39 22  1  0  0
procs -----------memory---------- ---swap-- -----io---- -system-- -------cpu-------
 r  b   swpd   free   buff  cache   si   so    bi    bo   in   cs us sy id wa st gu
64  3   4864 52646052 3017744 116836692    0    0 306704 208080 258193 1605104 40 35 23  1  0  0
45  2   4864 52645780 3017744 116836708    0    0 393344 268716 270935 1625778 43 33 23  2  0  0
47  2   4864 52646748 3017744 116836716    0    0 266256 184944 252110 1598675 39 36 24  1  0  0
53  4   4864 52649500 3017744 116836724    0    0 253440 205316 252629 1595626 39 36 24  1  0  0
131  1   4864 52650508 3017744 116836736    0    0 345664 269552 267886 1613144 42 33 23  1  0  0
32  3   4864 52655708 3017744 116836744    0    0 311456 231128 258925 1613221 41 34 24  1  0  0
65  1   4864 52659980 3017744 116836756    0    0 264240 186492 250836 1600173 40 35 24  1  0  0
74  2   4864 52657120 3017744 116836764    0    0 195904 140732 251939 1576969 37 40 22  1  0  0
74  6   4864 52653912 3017744 116836776    0    0 202352 139748 256865 1565899 38 40 21  1  0  0
31  1   4864 52651600 3017744 116836784    0    0 202848 141192 255309 1567162 37 41 22  1  0  0
78  2   4864 52648860 3017744 116836792    0    0 190048 133596 255082 1569470 37 41 21  1  0  0
110  2   4864 52648332 3017744 116836804    0    0 179152 128688 251959 1566303 37 41 22  1  0  0
259  2   4864 52649792 3017744 116836820    0    0 179120 127732 250096 1566847 37 40 22  1  0  0
92  1   4864 52645920 3017744 116836832    0    0 180032 129400 247661 1567247 37 40 22  1  0  0
73  2   4864 52644752 3017744 116836840    0    0 181936 131216 252905 1581185 37 40 23  1  0  0
32  3   4864 52642520 3017744 116836848    0    0 213184 159932 256395 1598005 38 37 24  1  0  0
17  1   4864 52637016 3017744 116836856    0    0 333920 274076 270721 1614663 42 35 23  1  0  0
51  1   4864 52638344 3017744 116836872    0    0 356816 261016 265439 1617081 42 33 23  2  0  0
39  5   4864 52638960 3017744 116836884    0    0 335376 235480 259862 1614749 42 33 24  1  0  0
156  2   4864 52641176 3017744 116836896    0    0 302032 212936 263442 1596123 40 36 22  1  0  0
69  5   4864 52637992 3017744 116836904    0    0 258192 179728 255302 1590892 39 37 23  1  0  0
procs -----------memory---------- ---swap-- -----io---- -system-- -------cpu-------
 r  b   swpd   free   buff  cache   si   so    bi    bo   in   cs us sy id wa st gu
87  7   4864 52637660 3017744 116836912    0    0 262896 201148 254218 1597439 39 36 24  1  0  0
56  3   4864 52640836 3017744 116836928    0    0 258528 188484 258599 1585408 39 38 22  1  0  0
138  1   4864 52639724 3017744 116836932    0    0 221248 214828 262033 1571306 37 41 21  1  0  0
161  0   4864 52642136 3017744 116836944    0    0 195312 137276 257601 1568817 37 41 22  1  0  0
64  4   4864 52642516 3017744 116836952    0    0 181456 129192 254313 1562657 36 41 22  1  0  0
74  3   4864 52642592 3017744 116836960    0    0 175680 123856 251231 1561046 37 40 22  1  0  0
103  6   4864 52640524 3017748 116836984    0    0 180032 127536 251280 1564835 36 41 22  1  0  0
160  2   4864 52639784 3017748 116836992    0    0 176000 127588 248781 1564018 36 41 22  1  0  0
96  1   4864 52636112 3017748 116837004    0    0 183440 127652 246610 1570958 37 40 23  1  0  0
40  5   4864 52638632 3017748 116837012    0    0 244576 173100 257376 1612607 39 36 24  1  0  0
27  7   4864 52640776 3017748 116837020    0    0 432880 296744 277206 1630981 44 31 23  2  0  0
76  2   4864 52641572 3017748 116837036    0    0 292288 207188 254450 1607705 40 34 24  1  0  0
50  9   4864 52635984 3017748 116837056    0    0 317008 282356 266363 1602523 41 35 23  1  0  0
35  3   4864 52634736 3017748 116837068    0    0 326352 229056 263611 1611464 42 34 23  1  0  0
48  4   4864 52636584 3017748 116837076    0    0 219888 154588 248090 1582824 38 37 24  1  0  0
64  7   4864 52638696 3017748 116837088    0    0 187888 149724 245489 1575463 36 40 23  1  0  0
99  5   4864 52635284 3017748 116837100    0    0 197696 142048 250101 1576828 37 39 23  1  0  0
55  4   4864 52635024 3017748 116837196    0    0 293264 207872 261880 1608068 40 36 23  1  0  0
68  6   4864 52634140 3017748 116837208    0    0 332448 235972 260630 1614129 42 33 24  1  0  0
12  2   4864 52634840 3017748 116837212    0    0 252176 181600 251517 1591425 38 37 24  1  0  0
21  2   4864 52636368 3017748 116837224    0    0 330672 294944 270815 1613303 41 36 22  1  0  0
procs -----------memory---------- ---swap-- -----io---- -system-- -------cpu-------
 r  b   swpd   free   buff  cache   si   so    bi    bo   in   cs us sy id wa st gu
70  0   4864 52635776 3017748 116837240    0    0 292624 208588 262978 1601220 40 36 23  1  0  0
91  0   4864 52634180 3017748 116837248    0    0 204112 147588 253614 1571178 38 39 22  1  0  0
95  7   4864 52633300 3017748 116837260    0    0 221984 161984 253137 1581380 38 38 23  1  0  0
53  3   4864 52631312 3017748 116837268    0    0 214864 152812 251316 1578202 37 39 23  1  0  0
15  2   4864 52632996 3017748 116837280    0    0 200688 148360 246697 1581567 37 38 24  1  0  0
37  1   4864 52631040 3017748 116837288    0    0 255744 182988 262700 1590773 39 38 22  1  0  0
100  9   4864 52630980 3017748 116837300    0    0 194480 142100 253504 1567219 37 40 22  1  0  0
47  0   4864 52629556 3017748 116837312    0    0 197712 141276 252328 1570256 37 39 23  1  0  0
82  8   4864 52629036 3017748 116837328    0    0 237968 170776 253926 1588452 39 37 23  1  0  0
59  0   4864 52626256 3017748 116837340    0    0 237168 169696 250857 1593118 39 36 24  1  0  0
80  4   4864 52624740 3017748 116837348    0    0 266640 212284 272979 1611203 39 36 23  1  0  0
142  1   4864 52621180 3017748 116837360    0    0 260656 243452 263702 1586370 39 38 22  1  0  0
52  3   4864 52621652 3017748 116837372    0    0 186320 135516 255666 1563824 36 42 21  1  0  0
49  0   4864 52618316 3017748 116837380    0    0 190864 139112 254879 1567286 37 41 22  1  0  0
69  4   4864 52614884 3017748 116837392    0    0 190272 139228 252982 1569104 37 40 22  1  0  0
61  4   4864 52614552 3017748 116837400    0    0 198096 145136 252587 1576621 37 40 23  1  0  0
239  0   4864 52613916 3017748 116837408    0    0 176784 126660 253329 1574916 37 40 22  1  0  0
88  1   4864 52616036 3017748 116837420    0    0 159792 119556 255559 1585519 36 41 23  1  0  0
24  0   4864 52615260 3017748 116837428    0    0 167392 121276 255909 1582932 35 41 23  1  0  0
122  4   4864 52617744 3017748 116837436    0    0 168160 129288 254871 1588992 37 39 23  1  0  0
37  1   4864 52620820 3017748 116837448    0    0 212640 146008 265899 1590332 37 40 22  1  0  0
procs -----------memory---------- ---swap-- -----io---- -system-- -------cpu-------
 r  b   swpd   free   buff  cache   si   so    bi    bo   in   cs us sy id wa st gu
45  5   4864 52621592 3017748 116837460    0    0 276768 198232 265284 1614795 39 36 23  1  0  0
73  8   4864 52623900 3017748 116837472    0    0 375872 267484 267172 1614632 42 33 23  2  0  0
117  4   4864 52631172 3017748 116837480    0    0 314752 284080 267589 1608821 40 36 23  1  0  0
73  3   4864 52632132 3017748 116837492    0    0 302080 216260 262275 1605535 41 35 23  1  0  0
62  3   4864 52637272 3017748 116837504    0    0 302416 222088 257426 1612813 40 34 24  1  0  0
56  8   4864 52633776 3017748 116837516    0    0 277616 221272 264239 1596263 39 38 22  1  0  0
67  4   4864 52636656 3017748 116837528    0    0 202208 145392 255967 1566211 38 40 22  1  0  0
59  8   4864 52633960 3017748 116837536    0    0 237136 171088 255910 1585210 38 38 23  1  0  0
47  3   4864 52632444 3017748 116837544    0    0 228976 165616 252414 1585057 38 38 23  1  0  0
11  1   4864 52629492 3017748 116837556    0    0 237856 174036 250484 1589195 39 36 24  1  0  0
96 17   4864 52626960 3017748 116837568    0    0 359264 259108 270417 1621074 42 34 23  1  0  0
77  4   4864 52624064 3017748 116837580    0    0 226688 224300 262223 1587880 37 40 22  1  0  0
52  6   4864 52623524 3017748 116837584    0    0 253776 184572 258763 1583213 39 37 22  1  0  0
35  5   4864 52622624 3017748 116837596    0    0 262672 189288 253544 1594036 39 36 24  1  0  0
22  1   4864 52629096 3017748 116837608    0    0 359696 259908 266664 1621097 42 33 23  2  0  0
27  1   4864 52628148 3017748 116837620    0    0 229200 166560 256396 1578440 38 39 22  1  0  0
22  0   4864 52632884 3017748 116837632    0    0 216336 156900 253316 1579049 38 39 23  1  0  0
43  0   4864 52629488 3017748 116837640    0    0 255792 189156 253433 1592961 39 36 24  1  0  0
57  8   4864 52629760 3017748 116837648    0    0 273264 201292 254745 1596128 40 35 24  1  0  0
31  3   4864 52628772 3017748 116837664    0    0 281600 274404 275509 1599148 40 37 22  1  0  0
56  4   4864 52627560 3017748 116837672    0    0 255824 186028 260272 1584709 39 38 22  1  0  0
procs -----------memory---------- ---swap-- -----io---- -system-- -------cpu-------
 r  b   swpd   free   buff  cache   si   so    bi    bo   in   cs us sy id wa st gu
107  0   4864 52637316 3017748 116837688    0    0 180768 134524 251669 1559341 36 41 22  1  0  0
53  4   4864 52638836 3017748 116837696    0    0 176816 130260 251037 1564328 36 41 22  1  0  0
162  7   4864 52639356 3017748 116837708    0    0 178960 135860 249444 1561873 36 40 23  1  0  0
108  1   4864 52650556 3017748 116837720    0    0 176384 130992 247156 1569821 37 40 22  1  0  0
13  0   4864 52653828 3017748 116837728    0    0 170112 123384 246071 1567254 36 40 23  1  0  0
72  3   4864 52656044 3017748 116837744    0    0 159456 120220 244861 1564987 36 40 23  1  0  0
110  2   4864 52656992 3017748 116837756    0    0 183200 138224 250166 1563549 37 40 22  1  0  0
72  2   4864 52661312 3017748 116837768    0    0 184176 137032 255829 1563175 37 41 22  1  0  0
107  0   4864 52664296 3017748 116837772    0    0 178624 127260 253591 1561362 36 42 22  1  0  0
55  1   4864 52666064 3017748 116837780    0    0 196128 142580 251414 1567027 37 39 23  1  0  0
91  5   4864 52667628 3017748 116837796    0    0 203456 149744 250796 1573814 37 39 23  1  0  0
50  7   4864 52667484 3017748 116837804    0    0 207760 153828 250278 1579691 38 38 23  1  0  0
91  2   4864 52662700 3017748 116837816    0    0 352160 306808 267887 1614118 42 34 23  2  0  0
40  8   4864 52666300 3017748 116837824    0    0 311008 221756 263714 1603960 41 35 23  1  0  0
78  4   4864 52668848 3017748 116837900    0    0 398192 285276 272360 1611814 43 33 22  2  0  0
47  4   4864 52672788 3017748 116837916    0    0 281248 203208 261214 1592826 40 36 23  1  0  0
14  0   4864 52670032 3017748 116837924    0    0 182496 137800 252551 1570660 36 41 22  1  0  0
18  1   4864 52665656 3017748 116837936    0    0 173136 128276 249391 1563298 36 41 23  1  0  0
50  0   4864 52663632 3017748 116837944    0    0 168160 123104 247773 1559823 36 41 23  1  0  0
37  7   4864 52658848 3017748 116837952    0    0 159968 135428 254872 1562574 36 41 23  1  0  0
81  0   4864 52656608 3017748 116837968    0    0 163392 119312 244970 1566626 36 40 23  1  0  0
procs -----------memory---------- ---swap-- -----io---- -system-- -------cpu-------
 r  b   swpd   free   buff  cache   si   so    bi    bo   in   cs us sy id wa st gu
43  5   4864 52653188 3017748 116837976    0    0 169744 132784 247286 1571342 37 40 23  1  0  0
105  3   4864 52651624 3017748 116837988    0    0 210128 159272 267246 1588024 37 40 22  1  0  0
196  5   4864 52648452 3017748 116838000    0    0 190336 195364 266881 1586092 36 41 22  1  0  0
22  2   4864 52647408 3017748 116838008    0    0 195056 146116 263507 1590320 37 40 22  1  0  0
162  0   4864 52646604 3017748 116838016    0    0 217856 159188 254649 1574694 38 39 23  1  0  0
32 13   4864 52651140 3017748 116838028    0    0 255840 187952 254704 1590360 40 36 23  1  0  0
90  4   4864 52654672 3017748 116838036    0    0 434768 315472 274189 1626315 44 31 23  2  0  0
50 16   4864 52659572 3017748 116838048    0    0 303792 221568 258928 1603917 41 35 23  1  0  0
98  2   4864 52660324 3017748 116838056    0    0 293168 217824 255449 1607167 40 34 24  1  0  0
50  7   4864 52663668 3017748 116838064    0    0 323088 235536 263784 1613443 41 35 23  1  0  0
91  4   4864 52663404 3017748 116838076    0    0 275264 255756 263340 1592236 40 37 22  1  0  0
17  2   4864 52660976 3017748 116838084    0    0 273024 215700 258213 1598564 40 36 24  1  0  0
42  5   4864 52659408 3017748 116838100    0    0 244080 177548 251060 1584755 38 37 24  1  0  0
32  2   4864 52658788 3017748 116838108    0    0 328672 240208 261880 1609481 41 35 23  1  0  0
63  1   4864 52659148 3017748 116838116    0    0 296960 218584 260030 1609486 40 35 24  1  0  0
42  2   4864 52654100 3017748 116838132    0    0 194016 145180 247513 1581637 37 39 23  1  0  0
36  2   4864 52651656 3017748 116838140    0    0 255920 193736 254524 1600373 39 36 24  1  0  0
50 11   4864 52653784 3017748 116838152    0    0 284256 230000 261465 1594614 40 36 23  1  0  0
67  1   4864 52650668 3017748 116838160    0    0 313552 263388 264560 1610086 40 35 23  1  0  0
74  1   4864 52649404 3017748 116838172    0    0 298720 216924 257785 1606459 40 35 24  1  0  0
28  2   4864 52650496 3017748 116838188    0    0 315872 236424 261814 1611704 40 35 23  1  0  0
procs -----------memory---------- ---swap-- -----io---- -system-- -------cpu-------
 r  b   swpd   free   buff  cache   si   so    bi    bo   in   cs us sy id wa st gu
31  1   4864 52648692 3017748 116838196    0    0 277856 205280 257520 1599044 40 36 23  1  0  0
26  2   4864 52646400 3017748 116838204    0    0 243024 179324 253696 1589012 38 37 24  1  0  0
156  1   4864 52649108 3017748 116838212    0    0 229072 169616 250459 1590501 38 38 23  1  0  0
45  1   4864 52651284 3017748 116838224    0    0 179488 156876 246609 1582233 37 39 23  1  0  0
196  0   4864 52646796 3017748 116838240    0    0 182544 139336 250820 1568995 36 41 22  1  0  0
123  6   4864 52645596 3017748 116838248    0    0 189456 140488 255589 1568425 36 41 22  1  0  0
59  5   4864 52642996 3017748 116838260    0    0 190064 140624 256114 1566554 37 41 22  1  0  0
209  7   4864 52643224 3017748 116838268    0    0 194656 197624 257829 1565259 37 41 22  1  0  0
69  9   4864 52638836 3017748 116838280    0    0 196448 144896 255979 1567292 37 41 21  1  0  0
39  4   4864 52638548 3017748 116838292    0    0 204784 150956 255609 1574067 37 40 22  1  0  0
72  8   4864 52636180 3017748 116838300    0    0 182096 138464 251451 1570127 37 41 22  1  0  0
72  2   4864 52636752 3017748 116838312    0    0 204112 148096 248937 1575475 38 38 23  1  0  0
71  1   4864 52637968 3017748 116838320    0    0 253696 188528 252826 1598262 39 36 24  1  0  0
115  3   4864 52635472 3017748 116838332    0    0 343600 254428 266115 1619226 42 33 23  1  0  0
55  1   4864 52635848 3017748 116838344    0    0 307920 227424 260403 1611066 41 35 23  1  0  0
54  0   4864 52632392 3017748 116838352    0    0 253072 194584 251137 1597638 40 35 24  1  0  0
56  1   4864 52635112 3017748 116838364    0    0 215824 154392 258029 1570150 38 40 22  1  0  0
111  2   4864 52640168 3017748 116838372    0    0 225952 219404 260368 1579283 38 39 23  1  0  0
86  0   4864 52636100 3017748 116838380    0    0 189808 140336 255963 1563213 38 40 21  1  0  0
113  3   4864 52636356 3017748 116838396    0    0 170144 126256 253589 1561202 36 41 22  1  0  0
36  2   4864 52640140 3017748 116838408    0    0 176672 136456 250032 1565627 36 41 22  1  0  0
procs -----------memory---------- ---swap-- -----io---- -system-- -------cpu-------
 r  b   swpd   free   buff  cache   si   so    bi    bo   in   cs us sy id wa st gu
50  8   4864 52645308 3017748 116838420    0    0 182096 139120 249975 1562961 37 40 22  1  0  0
57  2   4864 52650220 3017748 116838428    0    0 178352 133656 245517 1570646 37 40 23  1  0  0
17  2   4864 52652364 3017748 116838440    0    0 228304 174728 250688 1587658 38 37 23  1  0  0
57  8   4864 52655044 3017748 116838452    0    0 291712 213120 269755 1612794 40 36 23  1  0  0
83  4   4864 52657892 3017748 116838472    0    0 363696 286828 268262 1628541 43 32 24  2  0  0
23  3   4864 52660240 3017748 116838480    0    0 341760 254304 266359 1612409 42 34 23  1  0  0
35  2   4864 52660288 3017748 116838488    0    0 304784 282056 263498 1605594 40 36 23  1  0  0
53  1   4864 52662804 3017748 116838496    0    0 332256 244316 267204 1617354 41 35 23  1  0  0
174  1   4864 52663792 3017748 116838508    0    0 246336 177032 255347 1590477 39 37 23  1  0  0
21  9   4864 52662508 3017748 116838520    0    0 172720 130484 248474 1564839 36 41 22  1  0  0
95  5   4864 52665096 3017748 116838532    0    0 188576 138940 245993 1570303 37 39 24  1  0  0
149  1   4864 52669488 3017748 116838608    0    0 250416 188048 254362 1598553 39 37 23  1  0  0
32  4   4864 52668956 3017748 116838616    0    0 276608 207132 258272 1595508 39 36 23  1  0  0
60  3   4864 52669812 3017748 116838628    0    0 232144 172096 251240 1587790 39 36 24  1  0  0
38  0   4864 52668248 3017748 116838636    0    0 296048 224188 257879 1608134 40 35 24  1  0  0
54 11   4864 52667880 3017748 116838648    0    0 350656 324000 270374 1612176 42 34 23  2  0  0
87  1   4864 52664068 3017748 116838656    0    0 279200 208932 257764 1603881 40 35 24  1  0  0
59  5   4864 52664628 3017748 116838664    0    0 193664 145024 246855 1570322 37 39 24  1  0  0
51  0   4864 52661836 3017748 116838676    0    0 265344 202476 257151 1592921 39 37 23  1  0  0
59  3   4864 52662640 3017748 116838688    0    0 235104 173256 258245 1582451 39 38 22  1  0  0
99  1   4864 52668448 3017748 116838700    0    0 251888 186076 262750 1609078 39 37 23  1  0  0
procs -----------memory---------- ---swap-- -----io---- -system-- -------cpu-------
 r  b   swpd   free   buff  cache   si   so    bi    bo   in   cs us sy id wa st gu
59 10   4864 52669588 3017748 116838712    0    0 187136 144456 260305 1591027 37 40 22  1  0  0
31  1   4864 52667732 3017748 116838720    0    0 164304 123516 255390 1582513 37 40 22  1  0  0
18  0   4864 52666124 3017748 116838732    0    0 166704 129248 255027 1582551 36 40 23  1  0  0
81  2   4864 52664224 3017748 116838744    0    0 161552 121212 254237 1582301 36 40 23  1  0  0
132  0   4864 52662012 3017748 116838756    0    0 169328 131072 257999 1578248 36 41 22  1  0  0
172  1   4864 52661092 3017748 116838764    0    0 197088 147380 266618 1581168 37 41 22  1  0  0
72  0   4864 52657624 3017748 116838776    0    0 191008 195080 261325 1576419 37 41 22  1  0  0
25  0   4864 52661240 3017748 116838788    0    0 192160 141260 255866 1567110 37 40 22  1  0  0
55  1   4864 52660576 3017748 116838800    0    0 186448 142124 252944 1567359 37 41 22  1  0  0
28  3   4864 52660832 3017748 116838812    0    0 187296 134892 249538 1565172 36 40 22  1  0  0
39  3   4864 52663052 3017748 116838824    0    0 307472 224820 256156 1611759 40 34 24  1  0  0
96  2   4864 52661240 3017748 116838832    0    0 404368 297248 273743 1628779 43 32 22  2  0  0
68  5   4864 52660028 3017748 116838840    0    0 319744 233176 257418 1607962 40 34 24  1  0  0
20  4   4864 52661772 3017748 116838852    0    0 338976 270508 265079 1627655 41 34 23  1  0  0
88  0   4864 52660612 3017748 116838864    0    0 220656 225356 254636 1579600 38 38 23  1  0  0
148  0   4864 52658732 3017748 116838876    0    0 261984 188968 260169 1587449 39 37 22  1  0  0
54  3   4864 52656428 3017748 116838880    0    0 194272 145512 255150 1572370 37 41 21  1  0  0
51  1   4864 52660720 3017748 116838896    0    0 184672 142628 251072 1570443 37 40 22  1  0  0
10  0   4864 52660844 3017748 116838904    0    0 175872 133328 249600 1569011 37 41 22  1  0  0
38  3   4864 52660164 3017748 116838920    0    0 187200 142776 248100 1573379 37 39 23  1  0  0
13  4   4864 52658228 3017748 116838928    0    0 179376 134536 247921 1564458 36 40 23  1  0  0
procs -----------memory---------- ---swap-- -----io---- -system-- -------cpu-------
 r  b   swpd   free   buff  cache   si   so    bi    bo   in   cs us sy id wa st gu
11  0   4864 52658656 3017748 116838940    0    0 169616 128404 247474 1561470 36 41 22  1  0  0
134  0   4864 52657280 3017748 116838948    0    0 172832 133236 244299 1566298 36 39 23  1  0  0
128  0   4864 52659852 3017748 116838956    0    0 201472 150144 261631 1577696 37 41 21  1  0  0
55  3   4864 52656604 3017748 116838972    0    0 192752 139380 264806 1584017 36 42 21  1  0  0
78  3   4864 52656268 3017748 116838980    0    0 185120 140572 263295 1578303 37 41 21  1  0  0
18  0   4864 52652904 3017748 116838992    0    0 200432 146368 255182 1574791 37 40 22  1  0  0
55  2   4864 52651240 3017748 116839000    0    0 243952 182784 254311 1588174 39 37 23  1  0  0
197  2   4864 52654352 3017748 116839004    0    0 266752 200948 254364 1598492 40 35 24  1  0  0
57  2   4864 52651172 3017748 116839016    0    0 380000 301780 274623 1620497 43 33 22  2  0  0
37  7   4864 52651160 3017748 116839028    0    0 342080 263956 267104 1608521 42 34 23  2  0  0
59  1   4864 52650188 3017748 116839036    0    0 339840 259960 266686 1607878 41 35 23  1  0  0
44 12   4864 52652276 3017748 116839048    0    0 342336 257356 267767 1609127 42 34 23  1  0  0
35  1   4864 52652032 3017748 116839056    0    0 285456 224388 255609 1602262 40 36 23  1  0  0
156  1   4864 52648524 3017748 116839068    0    0 333168 281556 269087 1603728 41 36 22  1  0  0
70  0   4864 52648784 3017748 116839080    0    0 341040 252288 265656 1614093 41 34 23  1  0  0
66  0   4864 52647900 3017748 116839088    0    0 230240 187864 251561 1583734 39 37 23  1  0  0
34  1   4864 52645136 3017748 116839100    0    0 220560 163792 248334 1584313 39 37 24  1  0  0
18  0   4864 52643396 3017748 116839108    0    0 169968 130652 243765 1572766 36 40 23  1  0  0
76 12   4864 52640004 3017748 116839128    0    0 258752 193268 261098 1585406 39 38 22  1  0  0
58  7   4864 52640332 3017748 116839136    0    0 308672 226744 262986 1603822 41 35 23  1  0  0
19  2   4864 52643152 3017748 116839144    0    0 193024 161052 248735 1577277 37 39 23  1  0  0
procs -----------memory---------- ---swap-- -----io---- -system-- -------cpu-------
 r  b   swpd   free   buff  cache   si   so    bi    bo   in   cs us sy id wa st gu
60  2   4864 52640024 3017748 116839160    0    0 162720 119060 248021 1565236 36 41 22  1  0  0
53  1   4864 52639472 3017748 116839168    0    0 167616 128408 243441 1567421 37 39 23  1  0  0
92  0   4864 52638512 3017748 116839184    0    0 183920 139904 253913 1569439 37 41 22  1  0  0
32  0   4864 52639972 3017748 116839188    0    0 191264 140220 255505 1568616 36 42 21  1  0  0
41  0   4864 52639604 3017748 116839196    0    0 193600 200308 258407 1569186 37 41 21  1  0  0
85  9   4864 52637144 3017748 116839208    0    0 192528 145704 254493 1567335 37 40 22  1  0  0
57  1   4864 52644116 3017748 116839216    0    0 183232 132528 253567 1566685 37 41 22  1  0  0
31  4   4864 52643424 3017748 116839236    0    0 175872 128284 247873 1559277 36 42 22  1  0  0
17  1   4864 52645860 3017748 116839312    0    0 177648 128168 246143 1555174 36 41 22  1  0  0
111  8   4864 52647960 3017748 116839320    0    0 179008 132424 246408 1561295 36 40 23  1  0  0
124  2   4864 52646336 3017748 116839332    0    0 165984 118084 245017 1558220 35 42 22  1  0  0
34  1   4864 52646240 3017748 116839340    0    0 194336 143684 245732 1570858 37 39 23  1  0  0
57  4   4864 52650708 3017748 116839356    0    0 390912 291612 268518 1626505 43 32 23  2  0  0
23  8   4864 52645152 3017748 116839368    0    0 422000 364632 276752 1632959 44 32 23  2  0  0
70  1   4864 52640348 3017748 116839380    0    0 260432 186372 256497 1588662 39 38 22  1  0  0
56  1   4864 52637464 3017748 116839392    0    0 276512 210268 257581 1605038 39 36 24  1  0  0
62  3   4864 52636976 3017748 116839400    0    0 255808 188956 254158 1592930 39 36 23  1  0  0
73 15   4864 52633296 3017748 116839412    0    0 177696 133308 244228 1570569 36 40 23  1  0  0
35  6   4864 52637564 3017748 116839424    0    0 304144 245052 265447 1608902 41 35 23  1  0  0
49  3   4864 52636984 3017748 116839432    0    0 325104 242344 262168 1610680 41 34 23  1  0  0
64  1   4864 52637328 3017748 116839440    0    0 173152 134000 244958 1569083 36 40 23  1  0  0
procs -----------memory---------- ---swap-- -----io---- -system-- -------cpu-------
 r  b   swpd   free   buff  cache   si   so    bi    bo   in   cs us sy id wa st gu
54  2   4864 52634152 3017748 116839448    0    0 220848 165748 255990 1576138 37 40 22  1  0  0
40  6   4864 52636968 3017748 116839460    0    0 192784 146828 253546 1569084 37 41 22  1  0  0
93  1   4864 52637792 3017748 116839472    0    0 186640 140716 251057 1565862 37 40 23  1  0  0
57  6   4864 52638212 3017748 116839484    0    0 193456 197300 254814 1567809 37 40 22  1  0  0
202  1   4864 52638968 3017748 116839492    0    0 208400 158192 261008 1587781 37 40 22  1  0  0
135  0   4864 52635608 3017748 116839500    0    0 181808 137152 252176 1564599 37 41 22  1  0  0
61  0   4864 52639628 3017748 116839512    0    0 176800 126756 249686 1563336 37 40 22  1  0  0
54  0   4864 52640496 3017748 116839524    0    0 178624 135512 248585 1569540 37 40 22  1  0  0
62  4   4864 52641792 3017748 116839536    0    0 200144 148884 247717 1579057 38 38 23  1  0  0
20  1   4864 52646416 3017748 116839544    0    0 268240 204240 252463 1604887 39 36 24  1  0  0
92  4   4864 52646872 3017748 116839552    0    0 366288 273376 268923 1620549 42 33 23  2  0  0
52  2   4864 52653440 3017748 116839568    0    0 335664 250840 262217 1616013 42 33 24  1  0  0
16  3   4864 52650912 3017748 116839580    0    0 259024 198584 255200 1597410 39 36 23  1  0  0
79  2   4864 52651596 3017748 116839588    0    0 209616 153712 255780 1572372 37 41 21  1  0  0
45  2   4864 52650660 3017748 116839600    0    0 245168 251252 260686 1584838 39 38 22  1  0  0
69  5   4864 52655004 3017748 116839612    0    0 196064 149352 254387 1572481 37 40 22  1  0  0
61  1   4864 52656040 3017748 116839620    0    0 207264 156976 251977 1572398 37 40 22  1  0  0
102  0   4864 52657920 3017748 116839632    0    0 255744 193056 253444 1596090 39 36 24  1  0  0
55  3   4864 52655388 3017748 116839640    0    0 218128 167456 247265 1582170 38 38 24  1  0  0
95  5   4864 52657576 3017748 116839652    0    0 266656 202836 259904 1599562 39 37 22  1  0  0
84  0   4864 52656452 3017748 116839660    0    0 187088 140808 253761 1567273 36 41 22  1  0  0
procs -----------memory---------- ---swap-- -----io---- -system-- -------cpu-------
 r  b   swpd   free   buff  cache   si   so    bi    bo   in   cs us sy id wa st gu
172  1   4864 52659320 3017748 116839668    0    0 200064 149660 254302 1570104 37 41 22  1  0  0
123  2   4864 52657364 3017748 116839684    0    0 188160 140888 252630 1568274 37 40 22  1  0  0
49  3   4864 52659204 3017748 116839692    0    0 184304 136996 251364 1568328 37 39 23  1  0  0
116  0   4864 52661256 3017748 116839704    0    0 176112 133088 250004 1565289 36 41 22  1  0  0
87  2   4864 52661184 3017748 116839712    0    0 173392 130716 253139 1575043 36 41 22  1  0  0
38  2   4864 52659876 3017748 116839724    0    0 171600 128140 256927 1585275 36 41 22  1  0  0
56  2   4864 52656844 3017748 116839732    0    0 183136 139884 250250 1582248 36 40 23  1  0  0
71 15   4864 52656976 3017748 116839744    0    0 277872 258064 259139 1602054 39 36 23  1  0  0
58  9   4864 52660684 3017748 116839756    0    0 444592 323688 277174 1626732 44 31 23  2  0  0
94  3   4864 52658988 3017748 116839768    0    0 307568 224712 261929 1615982 40 36 22  1  0  0
47  4   4864 52660536 3017748 116839780    0    0 269952 197744 256334 1601175 39 37 23  1  0  0
30  3   4864 52662008 3017748 116839792    0    0 402896 356848 271850 1622567 43 32 23  2  0  0
94  7   4864 52660060 3017748 116839804    0    0 202480 153700 254117 1581283 37 41 22  1  0  0
79  3   4864 52664224 3017748 116839812    0    0 242768 178940 254868 1587970 39 38 23  1  0  0
55  5   4864 52667928 3017748 116839820    0    0 203088 150632 250073 1574788 37 39 23  1  0  0
75  5   4864 52666232 3017748 116839832    0    0 227008 168884 247895 1589519 38 37 24  1  0  0
60  7   4864 52665568 3017748 116839840    0    0 180448 136812 245000 1576403 38 38 23  1  0  0
86  3   4864 52667632 3017748 116839852    0    0 188912 145704 246839 1578184 37 39 23  1  0  0
16  4   4864 52665444 3017748 116839864    0    0 273696 202256 259276 1604668 39 37 23  1  0  0
51  1   4864 52663960 3017748 116839872    0    0 318336 238300 258653 1621954 41 34 24  1  0  0
36  1   4864 52664752 3017748 116839884    0    0 211312 158956 243832 1588578 38 37 24  1  0  0
procs -----------memory---------- ---swap-- -----io---- -system-- -------cpu-------
 r  b   swpd   free   buff  cache   si   so    bi    bo   in   cs us sy id wa st gu
15  0   4864 52663788 3017748 116839896    0    0 265280 197904 255206 1600975 39 37 23  1  0  0
133  1   4864 52665084 3017748 116839912    0    0 277808 256324 260703 1599597 39 37 23  1  0  0
102  0   4864 52664128 3017748 116839924    0    0 299696 222892 260958 1608647 40 37 23  1  0  0
80  1   4864 52667476 3017748 116839932    0    0 315552 243968 259553 1611123 41 34 23  2  0  0
18  0   4864 52659216 3017748 116840008    0    0 249264 187552 248630 1596561 39 36 24  1  0  0
79  4   4864 52659080 3017748 116840016    0    0 214736 158308 257632 1573976 38 40 21  1  0  0
99  1   4864 52663024 3017748 116840028    0    0 195280 143120 255699 1569237 37 41 21  1  0  0
117  0   4864 52662612 3017748 116840040    0    0 184560 140584 253170 1570654 36 41 22  1  0  0
21  1   4864 52661704 3017748 116840048    0    0 182992 138456 254957 1571653 37 41 21  1  0  0
38  1   4864 52625812 3017748 116840100    0    0 189280 143744 252273 1571594 37 40 22  1  0  0
40  1   4864 52505124 3017748 116840108    0    0 187024 140260 246535 1570708 38 39 23  1  0  0
40  2   4864 52353896 3017748 116840124    0    0 205552 156876 254296 1592079 39 37 23  1  0  0
38  1   4864 52216596 3017748 116840136    0    0 223040 165384 254537 1602650 39 36 24  1  0  0
59 12   4864 52091668 3017748 116840144    0    0 294064 217980 260638 1603773 41 35 23  1  0  0
57  2   4864 51975176 3017748 116840156    0    0 302432 277360 264324 1604541 42 34 23  1  0  0
106  3   4864 51680552 3017748 116840164    0    0 326688 238040 261621 1600541 42 34 23  1  0  0
65 10   4864 51445384 3017748 116840180    0    0 336272 247896 263329 1603691 43 33 23  1  0  0
129  1   4864 51400000 3017748 116840188    0    0 265792 197248 256244 1591119 40 36 23  1  0  0
39  3   4864 52450876 3017748 116842216    0    0 268656 202532 254944 1598709 40 36 23  1  0  0
124  2   4864 52331788 3017748 116842224    0    0 201824 151104 244837 1579069 39 37 23  1  0  0
65  4   4864 52197712 3017748 116842236    0    0 183360 160036 244487 1575745 38 38 23  1  0  0
procs -----------memory---------- ---swap-- -----io---- -system-- -------cpu-------
 r  b   swpd   free   buff  cache   si   so    bi    bo   in   cs us sy id wa st gu
45  0   4864 52070612 3017748 116842244    0    0 162224 127952 240707 1562321 36 40 23  1  0  0
39  4   4864 51976164 3017748 116842260    0    0 197248 145352 253597 1565439 38 40 22  1  0  0
20  0   4864 51700652 3017748 116842268    0    0 195776 142828 253989 1561798 37 41 21  1  0  0
148  4   4864 51441092 3017748 116842276    0    0 195712 197120 256762 1561294 38 40 21  1  0  0
24  0   4864 51357836 3017748 116842288    0    0 201936 151768 255285 1564977 38 40 22  1  0  0
52  0   4864 52511244 3017748 116844072    0    0 194976 148208 252797 1565221 38 39 22  1  0  0
167  1   4864 52378472 3017748 116844092    0    0 171440 130596 247272 1563181 37 40 22  1  0  0
87  6   4864 52239192 3017748 116844100    0    0 212944 163028 247831 1577137 39 37 22  1  0  0
28  1   4864 52103580 3017748 116844108    0    0 301088 225680 254586 1609519 41 34 24  1  0  0
84  3   4864 51961508 3017748 116844120    0    0 400192 294552 268231 1626900 45 30 23  2  0  0
60 10   4864 51770964 3017748 116844128    0    0 316240 229648 258109 1599013 42 34 23  1  0  0
90  8   4864 51493740 3017748 116844144    0    0 280736 262792 262004 1598829 41 35 23  1  0  0
41  8   4864 51352772 3017748 116844156    0    0 283664 211048 260435 1594303 41 35 22  1  0  0
91  7   4864 52244024 3017748 116846196    0    0 247744 185736 252014 1584873 40 35 23  1  0  0
68  1   4864 52119164 3017748 116846208    0    0 221728 170044 246622 1586891 39 36 23  1  0  0
275  2   4864 51990956 3017748 116846216    0    0 244224 199748 264760 1576404 39 37 23  1  0  0
74  2   4864 51863616 3017748 116846232    0    0 183088 136360 252068 1557656 38 40 22  1  0  0
64 11   4864 51738288 3017748 116846240    0    0 197104 152044 251163 1556539 38 39 22  1  0  0
67  5   4864 51605560 3017748 116846248    0    0 241120 179184 251214 1579034 39 37 23  1  0  0
35  4   4864 51310376 3017748 116846260    0    0 283456 213112 258768 1604528 41 33 24  1  0  0
63 13   4864 51098600 3017748 116846268    0    0 314400 267760 274177 1616867 42 35 22  1  0  0
procs -----------memory---------- ---swap-- -----io---- -system-- -------cpu-------
 r  b   swpd   free   buff  cache   si   so    bi    bo   in   cs us sy id wa st gu
47  7   4864 51074828 3017748 116846284    0    0 375488 295756 270317 1616655 44 31 23  2  0  0
14  1   4864 51932244 3017748 116848096    0    0 240688 184212 252499 1586938 40 36 23  1  0  0
84  3   4864 51815984 3017748 116848104    0    0 196064 145468 244303 1573636 39 37 23  1  0  0
43  0   4864 51704280 3017748 116848112    0    0 335952 251696 267107 1610988 43 34 22  1  0  0
79  1   4864 51597656 3017748 116848120    0    0 297696 225236 256713 1600420 42 33 24  1  0  0
42  2   4864 51511836 3017748 116848136    0    0 270864 219084 264831 1595435 41 34 24  1  0  0
65  2   4864 51306380 3017748 116848144    0    0 245152 180992 258601 1582348 40 38 22  1  0  0
68  2   4864 51068808 3017748 116848160    0    0 233200 226736 259956 1573931 39 38 22  1  0  0
34  4   4864 50964476 3017748 116848172    0    0 188032 139972 253448 1562528 38 39 22  1  0  0
39  1   4864 51917384 3017748 116850136    0    0 185152 140792 260833 1570732 38 40 22  1  0  0
83  1   4864 51807908 3017748 116850152    0    0 227792 169244 251330 1581583 40 36 23  1  0  0
20  4   4864 51690860 3017748 116850160    0    0 192400 148128 247653 1574089 37 39 23  1  0  0
16  2   4864 51572544 3017748 116850176    0    0 179920 135452 242081 1563737 38 38 23  1  0  0
58  3   4864 51465504 3017748 116850184    0    0 201312 153580 245989 1574022 39 37 23  1  0  0
166  2   4864 51347868 3017748 116850192    0    0 216512 169600 255960 1566723 39 39 22  1  0  0
54  1   4864 51062004 3017748 116850204    0    0 211600 160808 255462 1569959 39 38 22  1  0  0
12  0   4864 50905464 3017748 116850216    0    0 192272 144124 252630 1560463 38 39 22  1  0  0
75  2   4864 50900676 3017748 116850224    0    0 175216 134252 250049 1560650 38 40 22  1  0  0
65  2   4864 51812316 3017748 116852152    0    0 173392 129168 246096 1558981 37 40 23  1  0  0
78  6   4864 51709460 3017748 116852156    0    0 168368 130196 247371 1563240 37 39 23  1  0  0
96  0   4864 51593932 3017748 116852164    0    0 174656 129012 246877 1573357 37 39 22  1  0  0
procs -----------memory---------- ---swap-- -----io---- -system-- -------cpu-------
 r  b   swpd   free   buff  cache   si   so    bi    bo   in   cs us sy id wa st gu
17  0   4864 51492864 3017748 116852180    0    0 168656 124916 243421 1564395 38 39 23  1  0  0
159  3   4864 51417584 3017748 116852276    0    0 181920 139512 244141 1567710 38 39 23  1  0  0
49  5   4864 51219076 3017748 116852296    0    0 182320 138248 252431 1565598 37 40 22  1  0  0
114  3   4864 51114380 3017748 116852304    0    0 190080 194672 256251 1564664 37 41 21  1  0  0
48  7   4864 51023984 3017748 116852316    0    0 203536 151664 254525 1569380 39 39 22  1  0  0
76  2   4864 51972680 3017748 116854352    0    0 282544 206856 257587 1593266 41 35 23  1  0  0
94  4   4864 51857816 3017748 116854360    0    0 363280 272592 268299 1628312 43 31 24  2  0  0
93  3   4864 51755220 3017748 116854372    0    0 415008 315892 272537 1616249 45 30 23  2  0  0
57  4   4864 51639084 3017748 116854380    0    0 288704 216476 256065 1602867 42 33 24  1  0  0
54  1   4864 51547932 3017748 116854388    0    0 244592 181444 258663 1585069 40 38 22  1  0  0
37  1   4864 51403820 3017748 116854404    0    0 236832 231552 259465 1576895 40 37 22  1  0  0
121  2   4864 51250640 3017748 116854412    0    0 183440 138288 251576 1559666 38 40 22  1  0  0
72  1   4864 51162016 3017748 116854424    0    0 178336 135280 250710 1561307 38 40 22  1  0  0
54  1   4864 51154508 3017748 116854432    0    0 186992 143612 251348 1565870 38 40 22  1  0  0
100  0   4864 52030976 3017748 116856140    0    0 200608 152488 248144 1567686 38 39 23  1  0  0
88 13   4864 51907028 3017748 116856148    0    0 371168 274484 268606 1610843 43 32 23  2  0  0
124  4   4864 51789200 3017748 116856160    0    0 313776 235360 269482 1620323 42 33 23  1  0  0
47  2   4864 51680188 3017748 116856172    0    0 214816 162188 258072 1590610 38 38 23  1  0  0
58  7   4864 51591428 3017748 116856180    0    0 248080 186868 257723 1596237 40 35 24  1  0  0
19  1   4864 51318392 3017748 116856192    0    0 296688 221676 259266 1604733 42 34 23  1  0  0
29  8   4864 51096032 3017748 116856204    0    0 318048 288992 266270 1598038 42 33 23  1  0  0
procs -----------memory---------- ---swap-- -----io---- -system-- -------cpu-------
 r  b   swpd   free   buff  cache   si   so    bi    bo   in   cs us sy id wa st gu
31 13   4864 51049760 3017748 116856212    0    0 234880 193312 256557 1580493 39 37 22  1  0  0
43  5   4864 51989320 3017748 116858184    0    0 181168 133684 248213 1561171 37 40 22  1  0  0
96  8   4864 51866612 3017748 116858192    0    0 175312 129484 247610 1554103 38 40 22  1  0  0
75  2   4864 51751892 3017748 116858204    0    0 170688 130936 246362 1562775 38 38 23  1  0  0
32  0   4864 51632280 3017748 116858216    0    0 292816 219868 256889 1593532 41 34 23  1  0  0
127  1   4864 51528376 3017748 116858228    0    0 216240 161548 254331 1574522 39 38 22  1  0  0
109  0   4864 51365612 3017748 116858244    0    0 217296 161552 257104 1571420 39 38 22  1  0  0
16  1   4864 51097724 3017748 116858252    0    0 183952 138924 249703 1567207 38 39 22  1  0  0
60  6   4864 50980348 3017748 116858264    0    0 181872 134720 248959 1558447 37 40 22  1  0  0
60  0   4864 51909680 3017748 116858272    0    0 178400 132760 248662 1565785 37 40 23  1  0  0
146  4   4864 51823104 3017748 116860280    0    0 167344 124836 247852 1568573 37 40 22  1  0  0
26  3   4864 51710252 3017748 116860292    0    0 170000 131992 245991 1563549 38 39 23  1  0  0
36  2   4864 51604024 3017748 116860296    0    0 160896 123216 244098 1562803 38 39 23  1  0  0
74  4   4864 51503200 3017748 116860312    0    0 181040 134440 247482 1556231 38 40 22  1  0  0
66  1   4864 51433844 3017748 116860320    0    0 194656 203932 257788 1565403 39 39 21  1  0  0
42  5   4864 51166444 3017748 116860340    0    0 226496 162228 256958 1568076 39 39 22  1  0  0
27  1   4864 50946536 3017748 116860352    0    0 266816 201980 258350 1588501 41 36 23  1  0  0
29  1   4864 50922440 3017748 116860360    0    0 351200 258144 262843 1612442 43 32 24  2  0  0
40  4   4864 51916492 3017748 116862400    0    0 386048 301136 266874 1611139 44 31 23  2  0  0
45  5   4864 51820608 3017748 116862408    0    0 330208 244468 259921 1610882 43 31 24  2  0  0
56  5   4864 51713452 3017748 116862428    0    0 346816 308192 267472 1605553 43 33 23  2  0  0
procs -----------memory---------- ---swap-- -----io---- -system-- -------cpu-------
 r  b   swpd   free   buff  cache   si   so    bi    bo   in   cs us sy id wa st gu
138  3   4864 51602600 3017748 116862436    0    0 406784 304336 271077 1621659 44 31 23  2  0  0
32  2   4864 51515408 3017748 116862448    0    0 216304 167708 246663 1574493 39 37 23  1  0  0
83  3   4864 51336716 3017748 116862460    0    0 250176 191752 248904 1590507 40 34 24  1  0  0
196  1   4864 51084996 3017748 116862468    0    0 338032 254416 264874 1608057 43 33 23  1  0  0
99  0   4864 50977308 3017748 116862480    0    0 208256 156872 251084 1571855 39 37 22  1  0  0
17  1   4864 51939644 3017748 116864108    0    0 237328 181928 251393 1587196 39 36 24  1  0  0
16  5   4864 51826552 3017748 116864116    0    0 192704 152140 246240 1571757 38 38 23  1  0  0
38  6   4864 51708820 3017748 116864124    0    0 189216 141652 245071 1573497 38 38 23  1  0  0
46  6   4864 51606152 3017748 116864132    0    0 210080 157768 255111 1569325 38 39 22  1  0  0
28  0   4864 51499868 3017748 116864144    0    0 185024 195256 254284 1569644 38 40 22  1  0  0
99  0   4864 51342456 3017748 116864160    0    0 189168 139248 251685 1567821 38 39 22  1  0  0
49  6   4864 51083192 3017748 116864168    0    0 186208 141172 251701 1567395 37 40 22  1  0  0
74  7   4864 50959172 3017748 116864176    0    0 179984 134900 257395 1581980 37 40 22  1  0  0
27  3   4864 51922148 3017748 116864188    0    0 187392 141756 254321 1579195 38 39 22  1  0  0
148  0   4864 51836908 3017748 116866012    0    0 168320 138148 255133 1560511 37 40 23  1  0  0
14  0   4864 51727944 3017748 116866024    0    0 174384 129700 245506 1567040 37 40 22  1  0  0
126  0   4864 51598020 3017748 116866032    0    0 197008 151076 244566 1574276 39 37 23  1  0  0
71  0   4864 51499764 3017748 116866040    0    0 217760 167044 245571 1583671 39 37 23  1  0  0
98  5   4864 51411348 3017748 116866052    0    0 392624 282544 270949 1612745 44 32 22  2  0  0
71 13   4864 51142168 3017748 116866136    0    0 364144 304732 266794 1616172 44 32 23  2  0  0
203  0   4864 50935008 3017748 116866148    0    0 246736 197476 259991 1578347 39 38 22  1  0  0
procs -----------memory---------- ---swap-- -----io---- -system-- -------cpu-------
 r  b   swpd   free   buff  cache   si   so    bi    bo   in   cs us sy id wa st gu
68  4   4864 50920584 3017748 116866156    0    0 255504 188152 254056 1589251 40 35 23  1  0  0
56  1   4864 52034020 3017748 116868168    0    0 366160 266756 264043 1607095 43 32 23  2  0  0
59  4   4864 51923324 3017748 116868180    0    0 335984 249928 264776 1608145 43 33 23  2  0  0
47  0   4864 51809068 3017748 116868196    0    0 179232 134656 246514 1567468 38 39 22  1  0  0
78  3   4864 51706352 3017748 116868208    0    0 177776 134808 247079 1564874 38 39 22  1  0  0
55  1   4864 51613036 3017748 116868216    0    0 179840 137576 247312 1568923 37 40 23  1  0  0
33  5   4864 51422496 3017748 116868228    0    0 176272 137944 244005 1570801 37 39 23  1  0  0
172  1   4864 51171956 3017748 116868236    0    0 160160 124604 243739 1563081 36 41 23  1  0  0
22  0   4864 51066788 3017748 116868248    0    0 196928 161224 261758 1580273 38 39 22  1  0  0
79  3   4864 52014032 3017748 116869852    0    0 203600 149572 262934 1584402 38 39 22  1  0  0
56  3   4864 51886400 3017748 116869860    0    0 226576 225480 267787 1592740 39 38 22  1  0  0
42  1   4864 51750764 3017748 116869872    0    0 191360 144132 254289 1568384 38 39 22  1  0  0
25  1   4864 51642788 3017748 116869880    0    0 212032 159424 254187 1575230 39 38 22  1  0  0
13  2   4864 51537988 3017748 116869888    0    0 223984 164980 252824 1577878 39 38 22  1  0  0
51  3   4864 51463972 3017748 116869904    0    0 227024 173700 249541 1578854 39 37 23  1  0  0
146  1   4864 51178088 3017748 116869912    0    0 214480 164596 246355 1585513 39 37 23  1  0  0
79 10   4864 50975812 3017748 116869924    0    0 234224 180668 250578 1583216 39 36 23  1  0  0
71 13   4864 50953676 3017748 116869932    0    0 399120 286340 270509 1611731 45 31 23  2  0  0
100  1   4864 51849540 3017748 116871880    0    0 353808 264260 264602 1616709 43 32 23  2  0  0
69  3   4864 51732524 3017748 116871896    0    0 215584 185196 256070 1568704 39 38 22  1  0  0
118  0   4864 51606964 3017748 116871904    0    0 277392 237156 261422 1590828 41 35 23  1  0  0
procs -----------memory---------- ---swap-- -----io---- -system-- -------cpu-------
 r  b   swpd   free   buff  cache   si   so    bi    bo   in   cs us sy id wa st gu
87  1   4864 51494192 3017748 116871916    0    0 237952 178832 253875 1582003 40 36 23  1  0  0
63  3   4864 51411516 3017748 116871928    0    0 232480 193292 261221 1589432 40 36 23  1  0  0
25  0   4864 51193752 3017748 116871936    0    0 187424 142364 246789 1567506 39 37 23  1  0  0
36  4   4864 50951736 3017748 116871952    0    0 211072 161644 250222 1577236 39 37 23  1  0  0
23  2   4864 50858732 3017748 116871960    0    0 224224 165992 257140 1573432 39 38 22  1  0  0
55  3   4864 51818280 3017748 116873640    0    0 224256 170128 254705 1572107 39 38 22  1  0  0
124  2   4864 51721044 3017748 116873652    0    0 249632 188632 253563 1591757 40 36 23  1  0  0
89  6   4864 51603644 3017748 116873660    0    0 252512 192268 250924 1591105 40 34 24  1  0  0
75  8   4864 51522616 3017748 116873672    0    0 342976 304504 270665 1607912 43 33 22  1  0  0
39  3   4864 51429700 3017748 116873684    0    0 234432 177032 258068 1584670 39 38 22  1  0  0
65  3   4864 51297088 3017748 116873692    0    0 221808 165536 253041 1569829 39 38 22  1  0  0
41  4   4864 51024636 3017748 116873708    0    0 181024 137680 249985 1561747 38 39 22  1  0  0
12  0   4864 50871552 3017748 116873716    0    0 169728 129216 248794 1560589 37 40 22  1  0  0
75  3   4864 51261992 3017748 116873724    0    0 173344 131744 247334 1565426 38 39 23  1  0  0
48  1   4864 51771396 3017748 116875612    0    0 166112 124188 244561 1564281 38 40 22  1  0  0
89  0   4864 51658660 3017748 116875620    0    0 173408 130940 243922 1570449 38 39 23  1  0  0
51 10   4864 51570756 3017748 116875632    0    0 193136 152152 249496 1575316 39 38 22  1  0  0
25  3   4864 51468816 3017748 116875644    0    0 198752 147344 254945 1569876 38 40 21  1  0  0
38  1   4864 51399172 3017748 116875652    0    0 209424 157140 252018 1572334 38 39 22  1  0  0
53  8   4864 51144588 3017748 116875664    0    0 278512 209140 254336 1605126 41 34 24  1  0  0
95  3   4864 50932928 3017748 116875672    0    0 334272 315264 271426 1611810 42 33 23  2  0  0
procs -----------memory---------- ---swap-- -----io---- -system-- -------cpu-------
 r  b   swpd   free   buff  cache   si   so    bi    bo   in   cs us sy id wa st gu
100 11   4864 50926592 3017748 116875688    0    0 341168 254804 264462 1607948 43 33 22  1  0  0
25  1   4864 52145960 3017748 116877688    0    0 257712 194128 251792 1596796 40 35 24  1  0  0
46  6   4864 52039364 3017748 116877700    0    0 175872 135848 243494 1573279 38 39 23  1  0  0
50  4   4864 51921252 3017748 116877712    0    0 162288 121480 242444 1565117 37 40 22  1  0  0
45  6   4864 51802652 3017748 116877720    0    0 192576 150580 249332 1573028 38 39 22  1  0  0
34  1   4864 51694780 3017748 116877732    0    0 193088 144876 253903 1569768 37 41 21  1  0  0
44  2   4864 51539360 3017748 116877740    0    0 190000 146484 251435 1564298 38 40 22  1  0  0
59  2   4864 51272208 3017748 116877752    0    0 191328 145920 250766 1566157 38 39 22  1  0  0
128  0   4864 51152004 3017748 116877764    0    0 217088 166580 248548 1570847 39 38 23  1  0  0
69 19   4864 52367904 3017748 116877776    0    0 370352 319608 269658 1607734 43 33 22  2  0  0
54  4   4864 52250204 3017748 116879508    0    0 312368 232516 262201 1608189 42 34 22  1  0  0
48  7   4864 52149252 3017748 116879516    0    0 327312 245108 259890 1608327 42 32 24  2  0  0
155  1   4864 52030744 3017748 116879528    0    0 174464 138336 244080 1580562 37 39 23  1  0  0
122  2   4864 51912928 3017748 116879540    0    0 203216 148960 254383 1571425 38 40 22  1  0  0
77  4   4864 51826096 3017748 116879544    0    0 204512 154948 255269 1577433 39 38 22  1  0  0
136  0   4864 51560452 3017748 116879560    0    0 179808 138376 252038 1561650 38 40 21  1  0  0
163  2   4864 51313360 3017748 116879640    0    0 183584 157788 252748 1566964 38 39 22  1  0  0
55  2   4864 51255084 3017748 116879652    0    0 190816 140320 249339 1566372 38 39 22  1  0  0
102  5   4864 52179600 3017748 116881464    0    0 254944 188728 252473 1592505 40 35 24  1  0  0
51  1   4864 52067952 3017748 116881472    0    0 396736 344140 272908 1623346 44 30 23  2  0  0
66  2   4864 51936288 3017748 116881484    0    0 368144 269968 265562 1602742 43 33 23  2  0  0
procs -----------memory---------- ---swap-- -----io---- -system-- -------cpu-------
 r  b   swpd   free   buff  cache   si   so    bi    bo   in   cs us sy id wa st gu
77  4   4864 51811132 3017748 116881492    0    0 329344 240496 257147 1605903 42 32 24  2  0  0
13  1   4864 51711180 3017748 116881504    0    0 255792 194812 257330 1583930 40 36 23  1  0  0
99  0   4864 51483344 3017748 116881516    0    0 201568 148340 252062 1567696 38 39 22  1  0  0
44  4   4864 51217632 3017748 116881528    0    0 214224 161768 250046 1578339 39 37 23  1  0  0
153  0   4864 51101336 3017748 116881540    0    0 194976 149620 246099 1569724 38 38 23  1  0  0
20  1   4864 52102828 3017748 116881548    0    0 210048 156844 244599 1571481 38 37 24  1  0  0
189  0   4864 52038880 3017748 116883384    0    0 207056 162792 249916 1582402 39 37 23  1  0  0
62  0   4864 51897200 3017748 116883392    0    0 199392 151628 255356 1568992 38 40 21  1  0  0
129  6   4864 51770956 3017748 116883408    0    0 184976 144584 252301 1561983 37 40 22  1  0  0
146  2   4864 51660820 3017748 116883420    0    0 196192 194564 257945 1566238 38 40 21  1  0  0
113  0   4864 51566220 3017748 116883424    0    0 195232 150524 253951 1567790 38 40 21  1  0  0
86  1   4864 51277080 3017748 116883432    0    0 180000 132148 249883 1570962 38 39 22  1  0  0
55  5   4864 51067564 3017748 116883444    0    0 172576 130904 256378 1581047 37 40 22  1  0  0
88  4   4864 51040764 3017748 116883456    0    0 170576 128624 257382 1583429 37 40 22  1  0  0
59  7   4864 52129384 3017748 116885360    0    0 175840 146660 256259 1582514 37 40 22  1  0  0
84 10   4864 51994576 3017752 116885692    0    0 190208 141416 244111 1571812 38 38 23  1  0  0
67  4   4864 51786956 3017752 116885752    0    0 398480 295388 262070 1603010 45 30 23  2  0  0
64  1   4864 51672756 3017752 116885744    0    0 328448 244164 253677 1594740 43 32 23  2  0  0
58  6   4864 51643808 3017752 116885448    0    0 387984 337008 265914 1617907 44 31 23  2  0  0
76  1   4864 51433040 3017752 116885460    0    0 243424 187368 246971 1594734 40 35 24  1  0  0
74  1   4864 51196572 3017752 116885472    0    0 331120 242508 262809 1600649 42 34 22  1  0  0
procs -----------memory---------- ---swap-- -----io---- -system-- -------cpu-------
 r  b   swpd   free   buff  cache   si   so    bi    bo   in   cs us sy id wa st gu
48  1   4864 51083240 3017752 116885480    0    0 291872 213020 253421 1601631 41 34 24  1  0  0
26  5   4864 52158332 3017752 116887508    0    0 196768 151624 245012 1577043 38 38 23  1  0  0
134  5   4864 52047456 3017752 116887520    0    0 220656 167104 250005 1581458 39 37 23  1  0  0
52  0   4864 51916772 3017752 116887540    0    0 241584 198016 259141 1579989 39 38 22  1  0  0
174  0   4864 51805232 3017752 116887548    0    0 189216 143908 249052 1559388 38 39 22  1  0  0
36  0   4864 51699616 3017752 116887556    0    0 185584 192744 255330 1568047 38 40 21  1  0  0
54  6   4864 51548424 3017752 116887568    0    0 216352 163120 253531 1564966 39 38 22  1  0  0
62  1   4864 51267228 3017752 116887576    0    0 194512 148204 251006 1564937 38 39 22  1  0  0
69  1   4864 51112120 3017752 116887588    0    0 180928 138952 245824 1568800 37 40 23  1  0  0
60  2   4864 51705064 3017752 116887596    0    0 175968 131956 244191 1568677 38 39 23  1  0  0
81  7   4864 51976336 3017752 116889512    0    0 193344 143920 250872 1592053 38 38 23  1  0  0
59  3   4864 51857836 3017752 116889524    0    0 192192 148880 243901 1578113 38 38 24  1  0  0
51  0   4864 51728012 3017752 116889540    0    0 185936 139744 241885 1578031 37 38 23  1  0  0
49  4   4864 51627588 3017752 116889552    0    0 293120 216756 258486 1600902 41 35 23  1  0  0
79  3   4864 51539292 3017752 116889560    0    0 332320 243660 259866 1608714 42 33 23  1  0  0
52  0   4864 51258244 3017752 116889576    0    0 270496 203152 249687 1598592 40 35 24  1  0  0
24  1   4864 51008728 3017752 116889584    0    0 199808 153748 244587 1575040 38 38 23  1  0  0
13  3   4864 50957948 3017752 116889596    0    0 233008 226136 258551 1578252 39 38 22  1  0  0
111  0   4864 51922948 3017752 116891580    0    0 197376 146444 252901 1562545 37 40 21  1  0  0
57  1   4864 51809032 3017752 116891588    0    0 190160 141620 250093 1564353 38 40 22  1  0  0
108  2   4864 51683256 3017752 116891600    0    0 187344 139460 250591 1568716 38 40 22  1  0  0
procs -----------memory---------- ---swap-- -----io---- -system-- -------cpu-------
 r  b   swpd   free   buff  cache   si   so    bi    bo   in   cs us sy id wa st gu
78  2   4864 51570272 3017752 116891608    0    0 179392 133524 247061 1564932 38 39 22  1  0  0
52  7   4864 51482844 3017752 116891616    0    0 177216 134092 245163 1569261 37 39 23  1  0  0
93  3   4864 51293836 3017752 116891632    0    0 221088 169036 246807 1584201 39 36 24  1  0  0
29  8   4864 51031476 3017752 116891640    0    0 271696 223824 251373 1596931 40 35 24  1  0  0
17  0   4864 50917288 3017752 116891652    0    0 346384 263340 264633 1608268 43 33 22  1  0  0
153  0   4864 51861168 3017752 116893672    0    0 215072 158228 248466 1577642 38 38 23  1  0  0
196  0   4864 51737800 3017752 116893680    0    0 188784 147772 244394 1577144 38 38 23  1  0  0
17  3   4864 51611516 3017752 116893696    0    0 157616 119108 242250 1564100 37 40 23  1  0  0
71  5   4864 51502924 3017752 116893708    0    0 170336 128500 241987 1566236 37 40 22  1  0  0
58  5   4864 51406660 3017752 116893720    0    0 272800 199696 258133 1585872 40 36 22  1  0  0
79  2   4864 51302472 3017752 116893728    0    0 487184 396708 284409 1611060 46 31 20  2  0  0
73  7   4864 50996648 3017752 116893736    0    0 328720 243136 262219 1611639 42 34 23  1  0  0
95  1   4864 50831948 3017752 116893752    0    0 315520 236216 258553 1608139 42 33 24  1  0  0
39  2   4864 51670464 3017752 116893828    0    0 267008 213900 259941 1602426 41 34 24  1  0  0
35  1   4864 51642836 3017752 116895712    0    0 187584 142604 251179 1573587 37 40 22  1  0  0
120  6   4864 51532624 3017752 116895720    0    0 224208 168388 256114 1582925 39 38 22  1  0  0
60  1   4864 51424276 3017752 116895732    0    0 245328 187276 254833 1590049 40 37 22  1  0  0
129  1   4864 51330416 3017752 116895744    0    0 228032 171368 251202 1577064 40 37 23  1  0  0
68  4   4864 51242228 3017752 116895760    0    0 294816 220544 268547 1614756 41 34 23  1  0  0
67  6   4864 50968764 3017752 116895768    0    0 296448 221580 253380 1608441 42 33 24  1  0  0
79  4   4864 50775472 3017752 116895776    0    0 247024 201580 259842 1585756 39 38 22  1  0  0
procs -----------memory---------- ---swap-- -----io---- -system-- -------cpu-------
 r  b   swpd   free   buff  cache   si   so    bi    bo   in   cs us sy id wa st gu
160  1   4864 50755048 3017752 116895784    0    0 244304 215940 260867 1588640 40 38 22  1  0  0
173  5   4864 51753380 3017752 116897800    0    0 194544 143416 255390 1574891 38 40 22  1  0  0
27  1   4864 51648444 3017752 116897808    0    0 192432 142964 252615 1576293 38 40 22  1  0  0
171  1   4864 51527624 3017752 116897816    0    0 183648 137700 248932 1574076 37 40 22  1  0  0
34  0   4864 51443688 3017752 116897828    0    0 184512 142392 249965 1574495 37 40 22  1  0  0
33  2   4864 51344828 3017752 116897840    0    0 188448 146060 248869 1577584 39 38 22  1  0  0
16  2   4864 51151804 3017752 116897856    0    0 176736 133720 245195 1573408 38 39 23  1  0  0
59  2   4864 50940008 3017752 116897864    0    0 161040 121724 244283 1571611 37 40 23  1  0  0
80 13   4864 50845096 3017752 116897876    0    0 170224 122604 237846 1562248 37 40 23  1  0  0
199  0   4864 51832740 3017752 116899904    0    0 161536 102760 228803 1552400 35 41 23  1  0  0
84  6   4864 51867024 3017752 116899912    0    0 199760 143380 252976 1588334 38 39 23  1  0  0
25  0   4864 51909728 3017752 116899928    0    0 191872 146136 259716 1587748 38 40 21  1  0  0
38  3   4864 52016572 3017752 116843896    0    0 182400 134016 251072 1573668 38 39 22  1  0  0
65  3   4864 52061788 3017752 116843904    0    0 190688 143748 250131 1576326 37 39 23  1  0  0
58  1   4864 52088248 3017752 116843916    0    0 237200 178992 252660 1595692 38 37 23  1  0  0
47  7   4864 52127732 3017752 116843920    0    0 454640 347472 273178 1631011 45 30 23  2  0  0
77  6   4864 52166624 3017752 116843928    0    0 266752 198872 258060 1604629 39 38 23  1  0  0
20  2   4864 52203932 3017752 116843940    0    0 414576 348860 276448 1636953 44 33 22  2  0  0
52  0   4864 52232388 3017752 116843948    0    0 323936 242052 262885 1618099 41 34 24  1  0  0
37  4   4864 52261288 3017752 116843960    0    0 311280 232764 260854 1620384 41 34 24  1  0  0
60  3   4864 52282936 3017752 116843968    0    0 215440 164284 246923 1593811 38 37 24  1  0  0
procs -----------memory---------- ---swap-- -----io---- -system-- -------cpu-------
 r  b   swpd   free   buff  cache   si   so    bi    bo   in   cs us sy id wa st gu
16  5   4864 52313624 3017752 116843980    0    0 307776 233760 259319 1618522 40 35 23  1  0  0
80  1   4864 52329372 3017752 116843992    0    0 270432 201500 258575 1604653 39 36 23  1  0  0
122  0   4864 52358844 3017752 116844004    0    0 179792 138204 250486 1573809 36 40 23  1  0  0
78  0   4864 52382080 3017752 116844012    0    0 178848 134028 248273 1579545 36 40 23  1  0  0
24  6   4864 52402376 3017752 116844004    0    0 174288 133412 246348 1577897 36 40 23  1  0  0
163  0   4864 52418628 3017752 116844016    0    0 167120 126028 242175 1571456 36 41 23  1  0  0
35 10   4864 52435616 3017752 116844028    0    0 165664 126164 243252 1574218 36 40 23  1  0  0
149  0   4864 52451572 3017752 116844040    0    0 169504 128624 243247 1581189 37 39 23  1  0  0
74  2   4864 52472408 3017752 116844048    0    0 159664 123468 242790 1573314 36 40 23  1  0  0
20  0   4864 52481608 3017752 116844056    0    0 176704 126468 244591 1570424 36 41 22  1  0  0
125  0   4864 52492188 3017752 116844068    0    0 201616 167212 256728 1582869 37 40 22  1  0  0
20  0   4864 52504352 3017752 116844084    0    0 234992 172788 255110 1587717 38 38 23  1  0  0
44  1   4864 52518244 3017752 116844096    0    0 411344 360800 273942 1643803 44 31 23  2  0  0
19  2   4864 52529252 3017752 116844100    0    0 339728 250328 260833 1622168 42 33 24  2  0  0
43  4   4864 52544184 3017752 116844108    0    0 318256 240384 259346 1618474 41 34 24  1  0  0
26  3   4864 52548620 3017752 116844120    0    0 374000 267868 268493 1623818 43 32 23  2  0  0
59  7   4864 52554300 3017752 116844136    0    0 321648 238960 258589 1617416 41 33 24  2  0  0
75  9   4864 52561536 3017752 116844148    0    0 306496 279432 265966 1610561 40 36 23  1  0  0
37  4   4864 52568624 3017752 116844156    0    0 207312 152700 256943 1580110 37 40 21  1  0  0
243  0   4864 52574664 3017752 116844164    0    0 194560 146180 254892 1581043 37 41 22  1  0  0
60  2   4864 52577400 3017752 116844172    0    0 193808 146448 252565 1577814 37 40 22  1  0  0
procs -----------memory---------- ---swap-- -----io---- -system-- -------cpu-------
 r  b   swpd   free   buff  cache   si   so    bi    bo   in   cs us sy id wa st gu
112  0   4864 52580780 3017752 116844188    0    0 180480 138812 250347 1575365 37 40 22  1  0  0
34  7   4864 52584548 3017752 116844196    0    0 183648 138844 251374 1576461 37 40 23  1  0  0
44  6   4864 52584968 3017752 116844212    0    0 172208 131916 250698 1574991 36 41 22  1  0  0
43  1   4864 52586996 3017752 116844220    0    0 173152 130216 248451 1574786 37 40 23  1  0  0
108  5   4864 52592108 3017752 116844232    0    0 176560 149552 247479 1574745 36 40 23  1  0  0
54  1   4864 52597412 3017752 116844248    0    0 176160 130728 246169 1575526 36 40 23  1  0  0
63  9   4864 52599032 3017752 116844256    0    0 198624 146908 246210 1581248 37 39 24  1  0  0
89  7   4864 52598580 3017752 116844268    0    0 314752 237212 257224 1616011 41 34 24  1  0  0
37  4   4864 52599060 3017752 116844276    0    0 378448 278076 265944 1624755 42 32 23  2  0  0
18  1   4864 52599560 3017752 116844284    0    0 279760 208480 251248 1611023 39 35 24  1  0  0
53  4   4864 52598308 3017752 116844356    0    0 370880 323576 270473 1624311 42 33 22  2  0  0
107  8   4864 52601436 3017752 116844368    0    0 224800 162808 252910 1585892 38 38 23  1  0  0
36  3   4864 52611336 3017752 116844380    0    0 373376 273452 265437 1626324 43 32 23  2  0  0
111  2   4864 52608064 3017752 116844388    0    0 320304 242652 262634 1617859 41 35 23  1  0  0
81  3   4864 52609996 3017752 116844400    0    0 332496 262340 263572 1618249 41 34 23  2  0  0
123  4   4864 52611664 3017752 116844408    0    0 265952 205452 253943 1606493 39 36 24  1  0  0
33  1   4864 52613152 3017752 116844420    0    0 175296 133908 246999 1578880 37 40 23  1  0  0
138  0   4864 52616368 3017752 116844432    0    0 172272 130540 245550 1572858 37 40 23  1  0  0
37  3   4864 52618220 3017752 116844440    0    0 176560 136604 244992 1577910 37 39 24  1  0  0
67  1   4864 52616216 3017752 116844452    0    0 154304 123704 243279 1575104 36 41 23  1  0  0
11  0   4864 52614752 3017752 116844460    0    0 187456 138740 253850 1574081 37 40 22  1  0  0
procs -----------memory---------- ---swap-- -----io---- -system-- -------cpu-------
 r  b   swpd   free   buff  cache   si   so    bi    bo   in   cs us sy id wa st gu
20  1   4864 52615316 3017752 116844472    0    0 187552 142200 255324 1572924 37 41 22  1  0  0
47  2   4864 52621372 3017752 116844484    0    0 193408 197436 265712 1590201 37 41 22  1  0  0
28  0   4864 52622636 3017752 116844492    0    0 197184 150472 264127 1595663 37 40 22  1  0  0
23  0   4864 52621004 3017752 116844504    0    0 246400 182804 264392 1607860 39 38 22  1  0  0
45  2   4864 52621232 3017752 116844512    0    0 350592 257156 262967 1624710 42 32 24  2  0  0
29  3   4864 52613076 3017752 116844524    0    0 331920 248044 260562 1627659 41 33 24  2  0  0
46  2   4864 52607576 3017752 116844536    0    0 311392 229512 261216 1620809 41 34 24  1  0  0
12  1   4864 52604516 3017752 116844548    0    0 238832 180152 252346 1601017 38 37 23  1  0  0
46  0   4864 52602028 3017752 116844560    0    0 186080 140624 246220 1585479 36 40 23  1  0  0
33  6   4864 52595148 3017752 116844568    0    0 192960 146708 246558 1588289 37 39 23  1  0  0
16  0   4864 52588920 3017752 116844584    0    0 182720 141156 251611 1581719 37 40 22  1  0  0
58  5   4864 52585736 3017752 116844592    0    0 203296 147824 256189 1578080 37 40 22  1  0  0
46  7   4864 52575964 3017752 116844600    0    0 191552 143636 255069 1577483 37 41 22  1  0  0
222  0   4864 52549508 3017752 116844820    0    0 235248 230028 256661 1589041 39 37 23  1  0  0
54  8   4864 52509248 3017752 116844664    0    0 321840 253428 262277 1611479 42 34 23  1  0  0
39 10   4864 52525020 3017752 116844680    0    0 321552 237928 259060 1616990 41 34 24  1  0  0
70  4   4864 52523992 3017752 116844688    0    0 295696 221144 253454 1613620 40 34 25  1  0  0
99  0   4864 52520796 3017752 116844696    0    0 306752 234460 261734 1620833 40 35 23  1  0  0
36 11   4864 52522292 3017752 116844708    0    0 275072 206764 260959 1607379 39 37 23  1  0  0
40  2   4864 52522792 3017752 116844716    0    0 203088 154680 252678 1580179 36 40 23  1  0  0
66  5   4864 52520196 3017752 116844732    0    0 223712 166264 252038 1585605 38 38 23  1  0  0
procs -----------memory---------- ---swap-- -----io---- -system-- -------cpu-------
 r  b   swpd   free   buff  cache   si   so    bi    bo   in   cs us sy id wa st gu
68  3   4864 52514844 3017752 116844740    0    0 242400 179100 251673 1600171 38 37 24  1  0  0
86  2   4864 52510756 3017752 116844748    0    0 209552 158028 246759 1592408 38 37 24  1  0  0
100  6   4864 52511772 3017752 116844756    0    0 218144 170672 246255 1594448 38 37 24  1  0  0
108  1   4864 52506528 3017752 116844768    0    0 283744 264544 265727 1600472 40 36 22  1  0  0
17  1   4864 52505620 3017752 116844776    0    0 307632 230180 261117 1612342 41 34 23  1  0  0
29  2   4864 52502528 3017752 116844792    0    0 245440 184108 253322 1595392 38 37 23  1  0  0
97  0   4864 52500872 3017752 116844800    0    0 189152 161880 250164 1580087 36 40 23  1  0  0
54  2   4864 52501144 3017752 116844812    0    0 172992 132152 245653 1574007 36 40 23  1  0  0
51  4   4864 52504864 3017752 116844820    0    0 170112 130908 243764 1573848 36 40 23  1  0  0
217  0   4864 52491500 3017752 116844832    0    0 165728 129208 244488 1575339 37 40 23  1  0  0
42  2   4864 52498724 3017752 116844848    0    0 159232 122876 244088 1577314 36 40 23  1  0  0
57  1   4864 52496276 3017752 116844856    0    0 189296 143040 250670 1578458 36 41 22  1  0  0
94  2   4864 52490308 3017752 116844868    0    0 202352 152936 259223 1584385 38 40 22  1  0  0
46  8   4864 52484256 3017752 116844876    0    0 305504 224016 267621 1614342 40 36 23  1  0  0
50  6   4864 52481292 3017752 116844884    0    0 451936 377836 277591 1632242 45 30 22  2  0  0
32  2   4864 52481028 3017752 116844900    0    0 325008 246464 257767 1629021 41 33 24  2  0  0
87  7   4864 52483312 3017752 116844908    0    0 226560 176128 259620 1591483 39 38 22  1  0  0
82  5   4864 52481132 3017752 116844924    0    0 249376 184816 257616 1589856 39 38 23  1  0  0
36  2   4864 52477420 3017752 116844932    0    0 227216 171652 254220 1594195 38 38 23  1  0  0
50  7   4864 52477492 3017752 116844936    0    0 242560 183080 249240 1594535 39 36 24  1  0  0
22  7   4864 52478892 3017752 116844952    0    0 208768 155820 247073 1591751 38 37 24  1  0  0
procs -----------memory---------- ---swap-- -----io---- -system-- -------cpu-------
 r  b   swpd   free   buff  cache   si   so    bi    bo   in   cs us sy id wa st gu
96  4   4864 52484320 3017752 116844960    0    0 240256 180748 251052 1594901 38 38 23  1  0  0
40  1   4864 52491484 3017752 116844972    0    0 246352 202440 264329 1595581 39 37 23  1  0  0
140  3   4864 52488772 3017752 116844988    0    0 230880 174568 254142 1578807 38 38 23  1  0  0
66  2   4864 52492464 3017752 116844996    0    0 193904 195220 259600 1576594 37 41 21  1  0  0
48  3   4864 52495604 3017752 116845012    0    0 214960 159840 256921 1579983 38 39 22  1  0  0
183  0   4864 52497588 3017752 116845020    0    0 226144 173080 253559 1592225 39 38 23  1  0  0
87  9   4864 52499432 3017752 116845036    0    0 177520 133352 249095 1566395 36 41 22  1  0  0
90  0   4864 52508660 3017752 116845132    0    0 177024 134476 249154 1570319 36 40 23  1  0  0
91  1   4864 52515328 3017752 116845144    0    0 240448 179984 259953 1587749 38 38 24  1  0  0
60  1   4864 52518736 3017752 116845156    0    0 335552 253748 266354 1620479 40 36 23  1  0  0
61  8   4864 52523700 3017752 116845164    0    0 193504 141612 254668 1575563 37 41 22  1  0  0
118  2   4864 52522624 3017752 116845176    0    0 184416 143744 252524 1572273 36 41 22  1  0  0
87  2   4864 52522172 3017752 116845184    0    0 179344 137512 251703 1573693 37 41 22  1  0  0
66  0   4864 52525660 3017752 116845196    0    0 188688 141296 247877 1580245 37 39 23  1  0  0
33  0   4864 52528512 3017752 116845208    0    0 184736 138112 246380 1577408 36 40 23  1  0  0
26  0   4864 52536440 3017752 116845212    0    0 178432 137340 245934 1581134 37 39 23  1  0  0
55  1   4864 52536592 3017752 116845224    0    0 170288 126684 242563 1577820 36 40 23  1  0  0
77  3   4864 52535008 3017752 116845232    0    0 179008 132708 243244 1573930 36 39 24  1  0  0
63  4   4864 52539792 3017752 116845244    0    0 233200 176040 248873 1595610 38 38 24  1  0  0
51 12   4864 52536520 3017752 116845252    0    0 337280 299560 272189 1634224 42 34 23  1  0  0
62  2   4864 52538124 3017752 116845264    0    0 403744 298528 270767 1638381 43 32 23  2  0  0
procs -----------memory---------- ---swap-- -----io---- -system-- -------cpu-------
 r  b   swpd   free   buff  cache   si   so    bi    bo   in   cs us sy id wa st gu
24  0   4864 52540488 3017752 116845280    0    0 268496 218316 252033 1613741 40 35 24  1  0  0
79  4   4864 52544880 3017752 116845464    0    0 316384 231984 259640 1620241 41 34 23  1  0  0
61 10   4864 52482380 3017752 116845608    0    0 292800 215288 259907 1600817 41 35 23  1  0  0
52  5   4864 52501552 3017752 116845308    0    0 230352 170600 250190 1593779 40 36 23  1  0  0
26  3   4864 52515520 3017752 116845320    0    0 284944 215432 252960 1612544 40 34 25  1  0  0
70  2   4864 52514088 3017752 116845328    0    0 326320 245628 261852 1618217 41 34 24  1  0  0
99  6   4864 52524824 3017752 116845340    0    0 319024 287608 264253 1622373 41 35 23  2  0  0
13  0   4864 52529164 3017752 116845352    0    0 272208 199772 255252 1598123 39 36 23  1  0  0
77  1   4864 52527428 3017752 116845364    0    0 235552 186516 260779 1594566 38 37 24  1  0  0
63  0   4864 52529300 3017752 116845376    0    0 187344 145044 248190 1584902 37 39 23  1  0  0
28  0   4864 52532732 3017752 116845388    0    0 181248 139000 245636 1581894 36 39 23  1  0  0
73  5   4864 52538424 3017752 116845392    0    0 167792 128280 244914 1573981 36 41 23  1  0  0
30  0   4864 52536932 3017752 116845400    0    0 165824 125888 244918 1571780 36 40 23  1  0  0
 7  1   4864 52539272 3017752 116845412    0    0 181248 142884 252612 1575010 37 41 22  1  0  0
48  1   4864 52537144 3017752 116845424    0    0 200144 150320 254564 1578325 38 39 22  1  0  0
132  0   4864 52532652 3017752 116845436    0    0 193536 144224 253852 1576096 37 41 21  1  0  0
57  5   4864 52533760 3017752 116845444    0    0 187216 158548 250914 1573555 37 40 22  1  0  0
70  0   4864 52528104 3017752 116845456    0    0 179568 132044 250445 1570650 36 41 22  1  0  0
46  0   4864 52502192 3017752 116845840    0    0 173904 135128 245641 1565791 37 40 23  1  0  0
18  4   4864 52516080 3017752 116845484    0    0 183872 136076 247133 1570436 36 40 23  1  0  0
142  0   4864 52511312 3017752 116845496    0    0 175680 134384 246035 1574240 36 40 23  1  0  0
procs -----------memory---------- ---swap-- -----io---- -system-- -------cpu-------
 r  b   swpd   free   buff  cache   si   so    bi    bo   in   cs us sy id wa st gu
54  0   4864 52510448 3017752 116845504    0    0 174992 129500 246435 1572566 37 40 23  1  0  0
80  2   4864 52510636 3017752 116845512    0    0 188112 141960 244968 1576408 36 40 23  1  0  0
87  4   4864 52509656 3017752 116845528    0    0 408256 348728 272211 1610266 43 33 22  2  0  0
49  2   4864 52512872 3017752 116845540    0    0 357360 259968 266004 1619658 42 33 23  2  0  0
43  0   4864 52510916 3017752 116845552    0    0 339952 251368 261259 1620748 42 33 24  2  0  0
55 10   4864 52508068 3017752 116845560    0    0 335696 245868 259768 1620896 41 34 24  1  0  0
72  9   4864 52513516 3017752 116845568    0    0 355968 261532 265824 1622277 42 34 23  2  0  0
103  2   4864 52508800 3017752 116845580    0    0 288608 232352 254861 1613841 40 34 24  1  0  0
141  3   4864 52506788 3017752 116845584    0    0 315984 236480 258964 1611410 41 33 24  1  0  0
54  2   4864 52502304 3017752 116845600    0    0 200912 203356 258978 1575730 37 41 22  1  0  0
65  5   4864 52499932 3017752 116845608    0    0 214640 161564 254909 1581936 37 40 22  1  0  0
72  1   4864 52493884 3017752 116845752    0    0 267328 200600 258890 1600044 39 37 23  1  0  0
67  4   4864 52468380 3017752 116845636    0    0 325984 239660 258462 1614486 42 33 24  1  0  0
60  4   4864 52473048 3017752 116845644    0    0 252336 187328 248264 1605209 40 35 25  1  0  0
11  0   4864 52480964 3017752 116845660    0    0 300112 227900 259795 1615217 40 35 24  1  0  0
107  7   4864 52488288 3017752 116845668    0    0 252896 192920 256039 1596782 38 37 23  1  0  0
130  0   4864 52489400 3017752 116845680    0    0 188640 140812 248724 1573991 37 39 23  1  0  0
42  5   4864 52493148 3017752 116845688    0    0 211680 161504 247910 1583409 38 38 24  1  0  0
56  3   4864 52495792 3017752 116845704    0    0 260192 196840 251514 1606043 39 35 24  1  0  0
119 13   4864 52497180 3017752 116845720    0    0 288128 216660 257851 1608486 40 36 24  1  0  0
20  2   4864 52499864 3017752 116845728    0    0 242016 181812 257650 1591107 39 38 22  1  0  0
procs -----------memory---------- ---swap-- -----io---- -system-- -------cpu-------
 r  b   swpd   free   buff  cache   si   so    bi    bo   in   cs us sy id wa st gu
43  1   4864 52501440 3017752 116845748    0    0 275616 276212 264769 1600105 40 37 22  1  0  0
37  9   4864 52506916 3017752 116845756    0    0 272704 204632 259667 1602540 40 36 23  1  0  0
51  2   4864 52512352 3017752 116845764    0    0 205456 151468 253213 1578571 38 38 23  1  0  0
135  0   4864 52512220 3017752 116845780    0    0 186992 139100 251557 1573291 37 40 22  1  0  0
41  0   4864 52509984 3017752 116845852    0    0 174160 130616 250808 1572759 37 40 22  1  0  0
83  0   4864 52512216 3017752 116845860    0    0 175920 132244 249056 1571120 36 40 23  1  0  0
66  6   4864 52502188 3017752 116846004    0    0 165792 125504 247644 1567493 37 40 23  1  0  0
48  2   4864 52505164 3017752 116845880    0    0 180496 139268 246069 1574645 36 40 23  1  0  0
38  1   4864 52517828 3017752 116845892    0    0 208944 156100 247616 1584940 37 39 23  1  0  0
111  1   4864 52535516 3017752 116845904    0    0 307936 230676 266799 1627730 41 34 24  1  0  0
49  7   4864 52545024 3017752 116845912    0    0 232592 177160 259821 1596110 38 39 22  1  0  0
47  0   4864 52545468 3017752 116845924    0    0 196832 147168 251412 1577674 37 40 22  1  0  0
89  2   4864 52547592 3017752 116845932    0    0 196832 149800 248462 1573490 37 40 23  1  0  0
29  1   4864 52548992 3017752 116845948    0    0 191760 145744 250317 1579730 37 40 23  1  0  0
143  0   4864 52554376 3017752 116845956    0    0 172448 131536 248073 1576081 36 41 22  1  0  0
45  4   4864 52560656 3017752 116845964    0    0 176720 135816 247735 1575593 37 40 23  1  0  0
54  3   4864 52562528 3017752 116845976    0    0 182112 137820 246902 1573719 37 40 23  1  0  0
48  2   4864 52560496 3017752 116845984    0    0 193712 148428 243567 1588071 37 38 24  1  0  0
129  3   4864 52564708 3017752 116846000    0    0 167168 124296 243312 1573668 37 39 23  1  0  0
13  0   4864 52568472 3017752 116846008    0    0 200080 156120 252141 1579106 37 39 23  1  0  0
118  0   4864 52572804 3017752 116846156    0    0 243520 232072 260658 1592213 39 38 22  1  0  0
procs -----------memory---------- ---swap-- -----io---- -system-- -------cpu-------
 r  b   swpd   free   buff  cache   si   so    bi    bo   in   cs us sy id wa st gu
65  7   4864 52561656 3017752 116846028    0    0 274544 202704 258535 1600066 39 37 23  1  0  0
26  0   4864 52562428 3017752 116846036    0    0 394480 309236 277703 1637271 44 31 24  2  0  0
40  2   4864 52565292 3017752 116846048    0    0 243008 182168 246680 1603474 39 36 24  1  0  0
69  7   4864 52566612 3017752 116846064    0    0 364224 276216 265867 1625510 43 33 23  2  0  0
54  4   4864 52572904 3017752 116846072    0    0 253408 195484 256232 1599557 39 37 23  1  0  0
57  4   4864 52580300 3017752 116846080    0    0 199104 149276 247255 1577567 38 38 23  1  0  0
41  2   4864 52582548 3017752 116846092    0    0 219040 163736 248887 1588845 38 37 24  1  0  0
54  5   4864 52587388 3017752 116846104    0    0 267024 202040 252110 1600224 39 36 24  1  0  0
40  9   4864 52588072 3017752 116846120    0    0 318928 285960 266265 1610976 41 35 23  1  0  0
63  4   4864 52592556 3017752 116846128    0    0 274656 203976 260298 1601455 39 37 22  1  0  0
65  7   4864 52593800 3017752 116846140    0    0 313360 235420 261617 1614626 41 34 24  1  0  0
27  4   4864 52598808 3017752 116846148    0    0 247888 188128 253319 1598462 39 37 23  1  0  0
87  1   4864 52600572 3017752 116846160    0    0 252432 193736 251006 1603545 39 36 24  1  0  0
143  1   4864 52602876 3017752 116846172    0    0 275296 227368 261034 1601760 40 36 22  1  0  0
136  5   4864 52608136 3017752 116846184    0    0 190656 143628 254122 1575962 36 41 22  1  0  0
35  3   4864 52608856 3017752 116846196    0    0 186368 141216 252866 1572075 37 40 22  1  0  0
27  4   4864 52609424 3017752 116846204    0    0 184160 140800 251896 1572612 36 42 22  1  0  0
75  5   4864 52612068 3017752 116846216    0    0 179776 136736 249677 1569182 36 41 22  1  0  0
53  2   4864 52607608 3017752 116846224    0    0 198336 148280 250870 1581967 37 39 23  1  0  0
102  1   4864 52606636 3017752 116846236    0    0 171488 131016 247341 1572481 36 41 23  1  0  0
29  2   4864 52607760 3017752 116846244    0    0 186720 140372 252528 1583506 36 40 23  1  0  0
procs -----------memory---------- ---swap-- -----io---- -system-- -------cpu-------
 r  b   swpd   free   buff  cache   si   so    bi    bo   in   cs us sy id wa st gu
63 15   4864 52608224 3017752 116846252    0    0 309984 236848 257931 1618254 41 34 24  1  0  0
108  0   4864 52608548 3017752 116846264    0    0 379120 326756 268016 1629454 43 33 23  2  0  0
22  2   4864 52609760 3017752 116846276    0    0 324160 244800 256875 1623947 41 32 25  1  0  0
76 14   4864 52607776 3017752 116846288    0    0 346192 259912 265167 1626734 41 35 23  1  0  0
92  5   4864 52571624 3017752 116846604    0    0 315152 237364 257131 1612455 42 33 24  1  0  0
75  4   4864 52566740 3017752 116846304    0    0 301920 229456 252478 1620212 41 33 25  1  0  0
14  0   4864 52574112 3017752 116846316    0    0 227824 186188 251341 1601679 38 36 25  1  0  0
72  8   4864 52579232 3017752 116846328    0    0 193216 152376 250673 1582774 37 40 22  1  0  0
 7  2   4864 52579988 3017752 116846340    0    0 213296 178876 255786 1586396 37 39 22  1  0  0
88  4   4864 52581520 3017752 116846348    0    0 237440 210160 258025 1590627 38 39 22  1  0  0
75 12   4864 52585524 3017752 116846356    0    0 264560 200788 258671 1606008 39 37 23  1  0  0
106  0   4864 52589120 3017752 116846368    0    0 279584 210484 255711 1610435 40 35 24  1  0  0
81  6   4864 52594384 3017752 116846380    0    0 268560 204264 251936 1609118 39 35 24  1  0  0
126  1   4864 52599336 3017752 116846388    0    0 262560 200160 249883 1610407 39 35 24  1  0  0
104  4   4864 52601508 3017752 116846396    0    0 266976 200512 256536 1600755 39 36 24  1  0  0
37  5   4864 52601976 3017752 116846404    0    0 195136 152068 253178 1580931 37 40 22  1  0  0
50  1   4864 52606544 3017752 116846416    0    0 244720 179828 255758 1592448 39 38 22  1  0  0
55  4   4864 52606488 3017752 116846428    0    0 339376 250868 263127 1624309 41 33 24  2  0  0
14  1   4864 52584988 3017752 116846448    0    0 247136 187828 249492 1599462 39 36 24  1  0  0
100  3   4864 52599432 3017752 116846464    0    0 255840 194512 253384 1601982 39 36 24  1  0  0
34  4   4864 52600160 3017752 116846472    0    0 229200 225524 259494 1590458 38 39 22  1  0  0
procs -----------memory---------- ---swap-- -----io---- -system-- -------cpu-------
 r  b   swpd   free   buff  cache   si   so    bi    bo   in   cs us sy id wa st gu
81  1   4864 52600948 3017752 116846484    0    0 242736 193996 256458 1593454 39 38 22  1  0  0
79  5   4864 52600092 3017752 116846564    0    0 188992 142640 252298 1576942 37 41 22  1  0  0
145  0   4864 52609680 3017752 116846576    0    0 180816 135444 253988 1570244 37 40 22  1  0  0
