procs -----------memory---------- ---swap-- -----io---- -system-- -------cpu-------
 r  b   swpd   free   buff  cache   si   so    bi    bo   in   cs us sy id wa st gu
 6  3   4864 55950792 3015300 116750260    0    0  4211  3872 1522    0  0  0 100  0  0  0
129  1   4864 55924212 3015300 116750296    0    0 46640 173856 100345 65736 94  1  4  0  0  0
145  0   4864 55920564 3015300 116750300    0    0 57552 321200 106129 65305 97  1  1  0  0  0
193  1   4864 55916540 3015300 116750312    0    0 50560 302580 176774 66520 97  2  2  0  0  0
139  0   4864 55913072 3015300 116750320    0    0 52880 236472 103341 59877 98  1  1  0  0  0
124  0   4864 55895132 3015300 116750328    0    0 52784 268264 165400 65933 97  2  1  0  0  0
143  1   4864 55881104 3015300 116750344    0    0 52288 246536 104561 62441 98  2  0  0  0  0
132  0   4864 55862484 3015300 116750352    0    0 46976 273344 104654 61709 97  1  1  0  0  0
159  1   4864 55841536 3015300 116750364    0    0 42368 247740 102513 56214 98  1  1  0  0  0
149  0   4864 55820964 3015300 116750372    0    0 55232 248472 104835 60558 98  2  1  0  0  0
114  0   4864 55800148 3015300 116750380    0    0 56160 233112 102906 60041 98  1  1  0  0  0
188  0   4864 55782492 3015300 116750392    0    0 56640 247448 109144 62240 98  1  1  0  0  0
107  1   4864 55753664 3015300 116750404    0    0 51440 243628 127460 61753 98  2  0  0  0  0
120  4   4864 55280084 3015300 116750416    0    0 235024 604836 754070 905845 40 41 18  1  0  0
21  1   4864 55236984 3015300 116750424    0    0 416112 162408 257112 1626199 42 32 24  2  0  0
68  4   4864 55232188 3015300 116750432    0    0 489280 186036 256815 1614789 44 29 24  2  0  0
73  2   4864 55246192 3015300 116750448    0    0 386304 211732 246579 1613016 41 31 26  2  0  0
62  5   4864 55235104 3015300 116750456    0    0 379792 181736 248791 1628062 41 32 25  2  0  0
36  3   4864 55228464 3015300 116750464    0    0 325776 207116 243680 1621863 40 33 26  2  0  0
47  3   4864 55231960 3015300 116750472    0    0 352224 219604 247377 1624733 41 33 25  2  0  0
45  5   4864 55214316 3015300 116750488    0    0 374400 224828 251778 1626919 42 32 25  2  0  0
procs -----------memory---------- ---swap-- -----io---- -system-- -------cpu-------
 r  b   swpd   free   buff  cache   si   so    bi    bo   in   cs us sy id wa st gu
47  1   4864 55195676 3015300 116750500    0    0 407936 300668 257832 1603991 42 32 23  3  0  0
48  3   4864 55179448 3015300 116750504    0    0 374896 227260 257134 1626483 41 32 25  2  0  0
67  4   4864 55162064 3015300 116750512    0    0 331792 200204 254197 1636014 40 33 25  2  0  0
84 11   4864 55142088 3015300 116750532    0    0 499632 221684 263300 1627770 44 30 23  2  0  0
68  4   4864 55143492 3015300 116750532    0    0 416624 240716 255342 1614367 42 32 24  2  0  0
47  2   4864 55128660 3015300 116750552    0    0 346640 163772 245011 1605379 40 33 25  2  0  0
90  5   4864 55114076 3015300 116750556    0    0 324464 158964 243743 1603592 40 34 25  1  0  0
95  6   4864 55112296 3015300 116750572    0    0 413728 189496 262595 1624289 42 33 23  2  0  0
102 13   4864 55109572 3015300 116750576    0    0 480592 288256 270518 1628904 45 30 23  2  0  0
69  3   4864 55098512 3015300 116750584    0    0 385328 189720 253360 1608523 41 32 25  2  0  0
65  7   4864 55095576 3015300 116750596    0    0 356640 183944 250732 1609110 41 33 24  2  0  0
64  6   4864 55079840 3015300 116750616    0    0 382320 198964 270112 1636520 41 34 23  2  0  0
49  7   4864 55073068 3015300 116750624    0    0 396784 263672 261501 1616806 42 33 23  2  0  0
49 16   4864 55070076 3015300 116750636    0    0 432560 224944 264053 1614943 43 32 23  2  0  0
70  2   4864 55067376 3015300 116750644    0    0 398592 213988 269156 1636341 43 32 23  2  0  0
75  6   4864 55061708 3015300 116750668    0    0 363152 264660 257886 1607367 42 33 24  2  0  0
30  2   4864 55058924 3015300 116750668    0    0 366736 191092 254741 1608351 41 33 24  2  0  0
73  4   4864 55058388 3015300 116750684    0    0 350928 192772 252369 1603153 41 32 25  2  0  0
139  9   4864 55051320 3015300 116750696    0    0 404208 214292 262835 1616385 43 33 23  2  0  0
45  7   4864 55038840 3015300 116750700    0    0 367968 189400 264676 1615482 41 34 24  2  0  0
53  6   4864 55034120 3015300 116750724    0    0 382688 263980 263046 1620745 42 33 23  2  0  0
procs -----------memory---------- ---swap-- -----io---- -system-- -------cpu-------
 r  b   swpd   free   buff  cache   si   so    bi    bo   in   cs us sy id wa st gu
34  1   4864 55032576 3015300 116750732    0    0 361184 192240 256200 1603038 41 34 24  2  0  0
64  1   4864 55039752 3015300 116750740    0    0 331072 181516 254399 1604527 41 33 24  1  0  0
59 10   4864 55037648 3015300 116750756    0    0 395536 214228 257929 1606289 42 32 24  2  0  0
38  8   4864 55041308 3015300 116750764    0    0 404160 213984 269578 1622033 42 33 23  2  0  0
69  5   4864 55046544 3015300 116750776    0    0 354400 265348 261546 1596986 41 34 23  2  0  0
35  3   4864 55029660 3015300 116750792    0    0 354560 193324 257779 1600510 41 33 24  2  0  0
37  5   4864 55030688 3015300 116750864    0    0 424848 227816 263404 1609497 44 31 23  2  0  0
50  4   4864 55026616 3015300 116750876    0    0 365280 197748 256513 1602143 41 33 24  2  0  0
87  5   4864 55024712 3015300 116750884    0    0 380528 287208 265935 1602434 42 34 23  2  0  0
36  3   4864 55025052 3015300 116750900    0    0 349536 221248 257590 1602934 41 33 24  2  0  0
68  8   4864 55028596 3015300 116750908    0    0 424912 320916 270812 1601904 44 32 22  2  0  0
18  0   4864 55038904 3015300 116750912    0    0 358704 240656 263365 1603550 41 34 23  2  0  0
35  2   4864 55043648 3015300 116750924    0    0 335856 230516 266826 1606574 41 33 24  2  0  0
82  7   4864 55040164 3015300 116750932    0    0 389712 278504 271473 1611267 42 32 23  2  0  0
58 11   4864 55043764 3015300 116750948    0    0 364928 265132 261828 1597531 42 33 23  2  0  0
61  6   4864 55057820 3015300 116750956    0    0 442176 348660 267676 1571616 43 32 22  4  0  0
79  6   4864 55070192 3015300 116750964    0    0 373472 223276 263952 1594142 41 35 22  2  0  0
33  4   4864 55076752 3015300 116750976    0    0 344448 209872 259137 1591753 41 34 24  2  0  0
141  3   4864 55081908 3015300 116750984    0    0 312480 199216 256912 1601171 40 34 24  1  0  0
49  2   4864 55093352 3015300 116751000    0    0 382608 293956 267546 1598974 42 34 23  2  0  0
41  4   4864 55094280 3015300 116751008    0    0 371776 227980 264813 1594018 42 34 23  2  0  0
procs -----------memory---------- ---swap-- -----io---- -system-- -------cpu-------
 r  b   swpd   free   buff  cache   si   so    bi    bo   in   cs us sy id wa st gu
74  4   4864 55101680 3015300 116751016    0    0 403296 254684 262654 1599312 43 32 23  2  0  0
61  3   4864 55104516 3015300 116751024    0    0 359664 226444 263574 1591687 41 34 23  2  0  0
28  5   4864 55108460 3015300 116751036    0    0 335760 213156 259077 1595215 41 34 24  2  0  0
100  3   4864 55108664 3015300 116751048    0    0 389856 308404 268660 1600456 42 33 23  2  0  0
100  2   4864 55108248 3015300 116751052    0    0 343488 216840 258658 1587332 41 34 23  2  0  0
15  1   4864 55106660 3015300 116751068    0    0 434352 286668 276707 1610256 43 32 22  2  0  0
84  8   4864 55107300 3015300 116751076    0    0 347072 225964 265857 1597833 42 34 23  1  0  0
52  5   4864 55102392 3015300 116751084    0    0 453216 342588 269681 1575416 44 31 22  3  0  0
32  5   4864 55097152 3015300 116751096    0    0 397744 257944 269676 1600011 42 33 23  2  0  0
36  1   4864 55101964 3015300 116751108    0    0 360240 232744 261638 1586701 42 34 23  2  0  0
141  5   4864 55100740 3015300 116751116    0    0 363968 235228 269652 1603048 42 34 23  2  0  0
83  2   4864 55108844 3015300 116751124    0    0 343680 224748 259567 1588254 41 34 23  2  0  0
31  4   4864 55113224 3015300 116751136    0    0 313792 206036 254186 1578799 40 34 24  1  0  0
25  0   4864 55105240 3015300 116751152    0    0 366144 302064 268558 1593675 42 34 23  2  0  0
64  2   4864 55103852 3015300 116751168    0    0 340672 225856 258655 1587826 41 33 24  2  0  0
121  7   4864 55107548 3015300 116751180    0    0 425968 293272 268440 1592506 44 32 23  2  0  0
40 12   4864 55110196 3015300 116751188    0    0 383392 254160 265882 1591553 42 33 23  2  0  0
40  2   4864 55098240 3015300 116751200    0    0 410192 330124 279794 1614693 43 33 23  2  0  0
32  0   4864 55098168 3015300 116751208    0    0 348000 229992 260369 1585804 41 34 24  2  0  0
57  1   4864 55098552 3015300 116751224    0    0 350032 239100 267152 1610446 41 33 24  2  0  0
35  5   4864 55097992 3015300 116751232    0    0 384304 255296 268548 1600263 42 33 23  2  0  0
procs -----------memory---------- ---swap-- -----io---- -system-- -------cpu-------
 r  b   swpd   free   buff  cache   si   so    bi    bo   in   cs us sy id wa st gu
45  2   4864 55093756 3015300 116751240    0    0 375248 248860 262007 1592888 42 33 24  2  0  0
56 11   4864 55098472 3015300 116751252    0    0 390592 315736 269506 1592218 42 34 22  2  0  0
38  3   4864 55098056 3015300 116751260    0    0 338160 225200 260882 1587480 41 34 24  2  0  0
48  5   4864 55096532 3015300 116751272    0    0 315392 215932 256212 1588568 41 34 24  1  0  0
118  9   4864 55095056 3015300 116751280    0    0 357520 260580 261467 1590761 42 33 24  2  0  0
63 11   4864 55104136 3015300 116751288    0    0 367568 249256 268932 1595797 42 34 23  2  0  0
69  6   4864 55105824 3015300 116751300    0    0 368208 249216 263576 1595004 42 34 23  2  0  0
50  4   4864 55110020 3015300 116751308    0    0 328304 285176 268131 1600917 41 34 23  1  0  0
43  5   4864 55110952 3015300 116751324    0    0 360640 247484 264345 1593334 42 34 23  2  0  0
19  1   4864 55115024 3015300 116751332    0    0 421120 284768 271482 1596884 43 32 23  2  0  0
89  6   4864 55119072 3015300 116751344    0    0 361888 247896 262774 1591986 42 33 24  2  0  0
42  6   4864 55114588 3015300 116751352    0    0 342688 243408 261275 1593687 41 34 23  1  0  0
113  0   4864 55113056 3015300 116751360    0    0 369280 312756 274969 1607415 42 34 23  2  0  0
44  1   4864 55111936 3015300 116751380    0    0 366944 249412 262793 1594647 42 33 23  2  0  0
42  7   4864 55114020 3015300 116751388    0    0 348256 258564 258921 1590960 41 34 23  2  0  0
44  5   4864 55108100 3015300 116751400    0    0 388240 264584 265595 1602308 42 34 23  2  0  0
57  3   4864 55106084 3015300 116751408    0    0 316784 220348 255958 1583939 40 34 24  1  0  0
46  3   4864 55107168 3015300 116751416    0    0 376800 317692 276069 1615277 42 34 22  2  0  0
13  0   4864 55102896 3015300 116751432    0    0 371824 253416 265312 1595612 42 33 23  2  0  0
33  6   4864 55101556 3015300 116751440    0    0 393536 270096 272007 1604793 43 32 23  2  0  0
55  3   4864 55100004 3015300 116751452    0    0 347136 238576 262061 1594635 41 34 23  2  0  0
procs -----------memory---------- ---swap-- -----io---- -system-- -------cpu-------
 r  b   swpd   free   buff  cache   si   so    bi    bo   in   cs us sy id wa st gu
106  7   4864 55105032 3015300 116751456    0    0 314144 217676 254738 1586974 40 35 24  1  0  0
28  1   4864 55109364 3015300 116751464    0    0 394768 329540 277377 1611070 43 33 23  2  0  0
65  2   4864 55115852 3015300 116751480    0    0 407488 279268 273221 1606993 43 32 23  2  0  0
19  2   4864 55118788 3015300 116751560    0    0 437552 314340 270812 1596734 44 31 23  2  0  0
20  6   4864 55123960 3015300 116751568    0    0 317200 223228 255674 1581839 41 34 24  1  0  0
85  4   4864 55127468 3015300 116751580    0    0 375184 319392 270090 1598888 41 35 22  2  0  0
73  3   4864 55128716 3015300 116751588    0    0 351760 243556 268647 1600886 42 34 23  2  0  0
34  1   4864 55127296 3015300 116751596    0    0 335904 234228 257001 1586854 42 33 24  2  0  0
59  9   4864 55128640 3015300 116751612    0    0 396384 273780 270840 1605999 43 33 23  2  0  0
44  4   4864 55127384 3015300 116751620    0    0 415344 287648 270537 1595061 44 31 23  2  0  0
97  1   4864 55138304 3015300 116751636    0    0 370816 314468 273902 1600172 42 34 22  2  0  0
77  3   4864 55138584 3015300 116751644    0    0 326032 227060 266675 1602036 40 34 24  1  0  0
42  7   4864 55138096 3015300 116751656    0    0 358704 249324 264734 1595213 42 34 23  2  0  0
21  1   4864 55138168 3015300 116751672    0    0 360320 251888 264223 1586845 42 33 23  2  0  0
54  7   4864 55137180 3015300 116751688    0    0 408736 360940 288996 1613166 43 32 23  2  0  0
121 10   4864 55135340 3015300 116751700    0    0 393840 273084 267787 1598361 43 33 23  2  0  0
51  2   4864 55134224 3015300 116751708    0    0 312208 221780 257682 1582633 40 35 24  1  0  0
105  5   4864 55132064 3015300 116751712    0    0 346656 241636 261212 1592013 42 34 23  2  0  0
49 11   4864 55131984 3015300 116751728    0    0 358912 253300 264361 1590020 42 33 23  2  0  0
94  4   4864 55133604 3015300 116751736    0    0 326960 231832 263596 1594616 41 34 24  1  0  0
85  8   4864 55129060 3015300 116751748    0    0 357328 256184 271960 1611949 41 33 24  2  0  0
procs -----------memory---------- ---swap-- -----io---- -system-- -------cpu-------
 r  b   swpd   free   buff  cache   si   so    bi    bo   in   cs us sy id wa st gu
38  5   4864 55126028 3015300 116751756    0    0 379584 333084 271292 1594469 42 34 22  2  0  0
51  3   4864 55127324 3015300 116751764    0    0 343440 241948 260428 1588579 41 33 24  2  0  0
59  7   4864 55130324 3015300 116751780    0    0 377152 261216 272253 1603860 42 34 23  2  0  0
49  3   4864 55129144 3015300 116751788    0    0 358336 248036 264537 1589451 41 34 23  2  0  0
30  9   4864 55122624 3015300 116751800    0    0 316816 239888 256908 1586121 41 34 24  1  0  0
67 19   4864 55116524 3015300 116751808    0    0 407120 359784 272693 1595536 43 32 23  2  0  0
56  4   4864 55110140 3015300 116751816    0    0 382368 265180 266770 1601508 42 33 23  2  0  0
76  8   4864 55105920 3015300 116751832    0    0 324368 229820 256841 1584240 41 34 24  1  0  0
50  9   4864 55099524 3015300 116751840    0    0 379216 268996 265063 1600382 42 33 23  2  0  0
29  4   4864 55095732 3015300 116751852    0    0 350128 246532 261192 1588018 41 34 24  2  0  0
80  2   4864 55097120 3015300 116751860    0    0 309344 219988 254604 1584953 40 35 24  1  0  0
71 10   4864 55101904 3015300 116751868    0    0 362512 329452 267308 1595882 42 33 23  2  0  0
42  6   4864 55107712 3015300 116751884    0    0 358960 254756 262446 1592046 42 33 23  2  0  0
80  6   4864 55112292 3015300 116751888    0    0 440224 306996 271854 1595048 44 31 22  2  0  0
56  1   4864 55114452 3015300 116751904    0    0 305328 230796 252507 1585208 41 34 24  2  0  0
84  6   4864 55118884 3015300 116751912    0    0 344784 273000 263999 1591726 41 34 23  2  0  0
54  5   4864 55124848 3015300 116751924    0    0 399104 320556 273138 1597374 43 32 23  2  0  0
57  6   4864 55127364 3015300 116751936    0    0 345232 240936 264465 1590697 41 34 23  2  0  0
55  2   4864 55125616 3015300 116751944    0    0 396288 280992 275477 1610349 42 33 23  2  0  0
52  1   4864 55123400 3015300 116751956    0    0 357920 251492 263812 1591401 42 33 23  2  0  0
150  8   4864 55124492 3015300 116751968    0    0 378480 337344 269536 1590848 42 33 23  2  0  0
procs -----------memory---------- ---swap-- -----io---- -system-- -------cpu-------
 r  b   swpd   free   buff  cache   si   so    bi    bo   in   cs us sy id wa st gu
79  1   4864 55127692 3015300 116751980    0    0 372128 257472 267973 1590073 42 33 23  2  0  0
84  5   4864 55129924 3015300 116751988    0    0 337888 240936 260139 1584374 41 35 23  1  0  0
62  2   4864 55128476 3015300 116752000    0    0 332864 240636 258210 1587325 41 34 24  1  0  0
36  8   4864 55132672 3015300 116752012    0    0 382016 271832 275490 1610827 42 33 23  2  0  0
21  3   4864 55135428 3015300 116752020    0    0 340752 261496 264986 1593412 42 33 24  2  0  0
68  7   4864 55128808 3015300 116752032    0    0 385328 347736 276211 1603715 42 34 22  2  0  0
75  1   4864 55128500 3015300 116752040    0    0 355008 253424 267675 1600411 41 34 23  2  0  0
78  5   4864 55126156 3015300 116752056    0    0 313488 227632 256680 1581984 40 35 24  1  0  0
51  3   4864 55122764 3015300 116752064    0    0 380240 272372 267514 1598298 43 33 23  2  0  0
57  7   4864 55119072 3015300 116752076    0    0 366400 257004 262028 1593458 42 33 23  2  0  0
60  4   4864 55120180 3015300 116752084    0    0 389680 341612 275309 1603141 42 34 22  2  0  0
50 12   4864 55115688 3015300 116752096    0    0 354016 252752 272686 1611391 42 33 23  2  0  0
28  6   4864 55112188 3015300 116752108    0    0 313072 229004 260768 1598902 41 34 24  1  0  0
42  6   4864 55104512 3015300 116752116    0    0 342160 250384 259163 1591303 41 34 23  2  0  0
60  1   4864 55097940 3015300 116752128    0    0 361472 256204 266038 1594979 41 34 23  2  0  0
99  3   4864 55098100 3015300 116752136    0    0 452064 396264 279100 1606169 44 32 21  2  0  0
61  4   4864 55097804 3015300 116752148    0    0 360128 258952 264812 1591235 42 34 23  2  0  0
54  1   4864 55106392 3015300 116752160    0    0 323040 229944 264960 1601940 41 34 23  1  0  0
45  5   4864 55110392 3015300 116752168    0    0 348512 255000 261164 1593905 41 34 23  2  0  0
68  3   4864 55112796 3015300 116752180    0    0 350608 250424 269350 1590511 42 34 23  2  0  0
65  1   4864 55119036 3015300 116752188    0    0 327744 233072 261226 1590813 42 33 24  2  0  0
procs -----------memory---------- ---swap-- -----io---- -system-- -------cpu-------
 r  b   swpd   free   buff  cache   si   so    bi    bo   in   cs us sy id wa st gu
74  5   4864 55122292 3015300 116752268    0    0 340400 250376 260833 1590402 41 34 23  1  0  0
42 10   4864 55125692 3015300 116752280    0    0 444896 369676 279898 1605036 44 32 22  2  0  0
61  7   4864 55127024 3015300 116752288    0    0 474352 336404 278686 1607146 46 30 22  2  0  0
74  7   4864 55129536 3015300 116752300    0    0 322944 252828 257274 1587713 41 34 24  1  0  0
101  6   4864 55129764 3015300 116752312    0    0 384288 335748 269874 1601289 42 34 23  2  0  0
89  4   4864 55132612 3015300 116752324    0    0 353920 259460 261215 1592313 42 33 24  2  0  0
87  2   4864 55132764 3015300 116752332    0    0 301072 226004 253562 1580265 40 34 24  1  0  0
56  4   4864 55134452 3015300 116752340    0    0 350272 251980 268274 1602790 41 34 23  1  0  0
82  6   4864 55132324 3015300 116752352    0    0 394704 284196 272924 1605702 43 32 23  2  0  0
21  1   4864 55131544 3015300 116752360    0    0 482704 402628 281533 1610957 46 30 22  2  0  0
94  9   4864 55133244 3015300 116752372    0    0 350992 253192 262898 1586458 41 34 23  2  0  0
31  6   4864 55133264 3015300 116752380    0    0 325568 233688 258386 1584811 40 34 24  2  0  0
38  6   4864 55134548 3015300 116752392    0    0 421072 300756 274733 1607199 43 33 22  2  0  0
90  2   4864 55135944 3015300 116752404    0    0 329920 235908 258176 1587936 41 34 24  1  0  0
16  2   4864 55135164 3015300 116752412    0    0 333024 251884 263744 1602284 41 34 24  2  0  0
107 17   4864 55135240 3015300 116752424    0    0 390544 357184 279617 1612080 42 33 23  2  0  0
43  4   4864 55134840 3015300 116752432    0    0 354704 255744 261697 1595576 42 33 23  2  0  0
34  4   4864 55133812 3015300 116752444    0    0 362864 267788 264139 1601588 42 33 23  2  0  0
39  3   4864 55129348 3015300 116752456    0    0 352768 255924 270418 1608635 41 34 23  2  0  0
89  3   4864 55129596 3015300 116752464    0    0 318832 230596 255028 1590425 40 34 24  1  0  0
76  3   4864 55130168 3015300 116752476    0    0 373776 279308 269719 1606959 42 33 23  2  0  0
procs -----------memory---------- ---swap-- -----io---- -system-- -------cpu-------
 r  b   swpd   free   buff  cache   si   so    bi    bo   in   cs us sy id wa st gu
19  1   4864 55124372 3015300 116752484    0    0 391824 334240 270255 1603046 42 33 23  2  0  0
44  5   4864 55128556 3015300 116752500    0    0 330896 240568 264016 1602127 40 34 24  2  0  0
39  3   4864 55130960 3015300 116752504    0    0 355936 261040 261066 1596649 41 34 24  2  0  0
12  3   4864 55133744 3015300 116752516    0    0 360032 262104 263231 1596466 42 33 23  2  0  0
135  4   4864 55136112 3015300 116752528    0    0 332208 243252 259244 1592527 40 35 24  2  0  0
41  1   4864 55134028 3015300 116752544    0    0 415904 368456 272742 1607055 43 32 22  2  0  0
26  4   4864 55131428 3015300 116752560    0    0 369072 267932 263357 1599523 41 33 24  2  0  0
33  6   4864 55131524 3015300 116752568    0    0 322176 236044 264097 1602782 41 33 24  1  0  0
66  3   4864 55129528 3015300 116752576    0    0 397712 284648 271471 1603488 42 33 23  2  0  0
84  4   4864 55132756 3015300 116752584    0    0 346176 251888 261061 1589003 41 34 23  2  0  0
41  3   4864 55129816 3015300 116752596    0    0 318800 238028 261529 1603110 41 34 24  1  0  0
38  2   4864 55132512 3015300 116752608    0    0 372992 329664 269789 1593594 42 34 23  2  0  0
54  5   4864 55131196 3015300 116752620    0    0 403120 289848 268401 1593214 43 32 23  2  0  0
83  0   4864 55133308 3015300 116752628    0    0 402640 291372 271593 1601062 43 33 23  2  0  0
79  4   4864 55129732 3015300 116752636    0    0 358000 258704 261836 1591416 42 33 24  2  0  0
49  1   4864 55127572 3015300 116752660    0    0 353760 270932 261934 1593581 41 34 23  2  0  0
28  5   4864 55125080 3015300 116752672    0    0 385120 334504 274381 1603954 42 33 23  2  0  0
57  2   4864 55121364 3015300 116752684    0    0 334768 248340 261531 1598034 41 34 24  2  0  0
73  8   4864 55119076 3015300 116752692    0    0 373792 272564 266429 1597694 42 34 23  2  0  0
54  7   4864 55118468 3015300 116752696    0    0 354848 253608 262291 1594685 41 34 23  2  0  0
128  0   4864 55117740 3015300 116752708    0    0 361568 264684 261548 1596979 42 33 24  2  0  0
procs -----------memory---------- ---swap-- -----io---- -system-- -------cpu-------
 r  b   swpd   free   buff  cache   si   so    bi    bo   in   cs us sy id wa st gu
26  3   4864 55123492 3015300 116752720    0    0 381296 330072 270183 1599052 42 33 23  2  0  0
33  4   4864 55121340 3015300 116752732    0    0 371184 269328 271990 1603677 42 34 23  2  0  0
95  6   4864 55116412 3015300 116752740    0    0 328592 242840 258800 1586053 41 34 23  1  0  0
57  7   4864 55114680 3015300 116752748    0    0 338512 247568 260940 1593394 41 34 24  2  0  0
43 10   4864 55111664 3015300 116752760    0    0 355760 255872 264204 1594328 42 34 23  2  0  0
24  4   4864 55117932 3015300 116752768    0    0 448576 392220 271972 1553407 43 32 22  4  0  0
35  6   4864 55110288 3015300 116752784    0    0 353904 252336 262301 1590489 41 34 23  2  0  0
49 12   4864 55107488 3015300 116752792    0    0 336160 246856 260770 1590017 41 34 24  2  0  0
37  3   4864 55105300 3015300 116752800    0    0 381040 328144 272060 1598547 42 34 22  2  0  0
133  9   4864 55099420 3015300 116752812    0    0 357360 253880 266707 1598277 42 33 23  2  0  0
48  4   4864 55098780 3015300 116752820    0    0 383296 273616 266082 1600896 43 32 23  2  0  0
97  0   4864 55099616 3015300 116752836    0    0 353296 254424 264339 1587737 41 34 23  2  0  0
64  2   4864 55100180 3015300 116752844    0    0 320528 234656 257759 1589134 40 34 24  1  0  0
101 11   4864 55100164 3015300 116752852    0    0 387040 334444 274070 1607565 42 34 22  2  0  0
52  4   4864 55109024 3015300 116752864    0    0 346000 252188 262037 1591762 42 34 23  2  0  0
71  3   4864 55110528 3015300 116752872    0    0 471632 409484 280903 1598429 45 30 22  3  0  0
81  4   4864 55105744 3015300 116752884    0    0 313968 229720 254638 1586245 40 34 24  1  0  0
37  8   4864 55103444 3015300 116752892    0    0 370576 274120 267816 1601732 41 34 23  2  0  0
56  5   4864 55100664 3015300 116752968    0    0 344944 250032 261876 1594802 42 33 23  2  0  0
69  3   4864 55101960 3015300 116752980    0    0 312320 233232 255004 1590410 40 35 24  1  0  0
85  7   4864 55108356 3015300 116752988    0    0 387296 336128 273620 1604847 42 34 22  2  0  0
procs -----------memory---------- ---swap-- -----io---- -system-- -------cpu-------
 r  b   swpd   free   buff  cache   si   so    bi    bo   in   cs us sy id wa st gu
69  4   4864 55108600 3015300 116753008    0    0 361456 258556 265566 1589175 42 34 23  2  0  0
48  6   4864 55113900 3015300 116753016    0    0 398912 288500 269224 1606754 43 32 23  2  0  0
46  5   4864 55119688 3015300 116753028    0    0 345888 253580 262063 1586812 41 34 24  2  0  0
88  9   4864 55122960 3015300 116753040    0    0 323520 237444 256373 1586040 41 33 24  1  0  0
32  2   4864 55126592 3015300 116753048    0    0 386400 334412 277366 1613042 43 33 22  2  0  0
40  7   4864 55127808 3015300 116753068    0    0 405360 310576 271396 1598445 43 32 23  2  0  0
94  4   4864 55127272 3015300 116753076    0    0 361328 269656 262083 1590269 42 33 24  2  0  0
102  6   4864 55129324 3015300 116753088    0    0 377136 270516 274964 1605126 42 34 22  2  0  0
51  4   4864 55126976 3015300 116753096    0    0 334336 240948 267840 1607926 41 34 24  1  0  0
81  0   4864 55128244 3015300 116753104    0    0 325264 240864 256522 1587430 40 34 24  2  0  0
82  4   4864 55126892 3015300 116753120    0    0 368192 315816 271787 1601120 41 34 23  2  0  0
71  1   4864 55129452 3015300 116753128    0    0 346128 247800 263850 1589086 41 34 23  2  0  0
80  4   4864 55128372 3015300 116753132    0    0 462912 333028 279351 1606782 44 31 22  2  0  0
49  7   4864 55128144 3015300 116753148    0    0 354704 263756 263642 1594064 42 34 23  2  0  0
36 14   4864 55129844 3015300 116753156    0    0 366448 329492 271425 1601694 41 35 23  2  0  0
63  2   4864 55130176 3015300 116753168    0    0 362992 267924 271310 1609116 42 33 23  2  0  0
71  8   4864 55128696 3015300 116753180    0    0 329968 240260 259569 1582165 41 34 24  1  0  0
56  8   4864 55128800 3015300 116753188    0    0 362960 264636 265947 1594829 42 33 23  2  0  0
31  1   4864 55127632 3015300 116753200    0    0 342704 248592 260596 1585353 42 34 23  2  0  0
61  8   4864 55129428 3015300 116753208    0    0 345936 249720 260593 1588711 42 33 24  2  0  0
83  0   4864 55131020 3015300 116753216    0    0 405168 347524 280053 1615261 42 33 23  2  0  0
procs -----------memory---------- ---swap-- -----io---- -system-- -------cpu-------
 r  b   swpd   free   buff  cache   si   so    bi    bo   in   cs us sy id wa st gu
70  7   4864 55134156 3015300 116753232    0    0 331904 240500 259374 1588791 41 33 24  1  0  0
29  3   4864 55133084 3015300 116753240    0    0 377776 273396 265929 1592742 42 34 23  2  0  0
129  1   4864 55133092 3015300 116753252    0    0 357968 259160 268262 1604782 42 34 23  2  0  0
81  2   4864 55133660 3015300 116753260    0    0 335728 246248 257165 1585646 41 33 24  2  0  0
10  1   4864 55135104 3015300 116753268    0    0 432144 377344 275610 1599507 44 32 23  2  0  0
109  7   4864 55131444 3015300 116753284    0    0 348640 253188 259928 1591290 42 33 24  2  0  0
38  1   4864 55132896 3015300 116753292    0    0 342160 251640 260335 1592070 41 34 24  2  0  0
57  6   4864 55130828 3015300 116753304    0    0 352688 257500 263712 1591110 41 34 23  2  0  0
60  6   4864 55132544 3015300 116753308    0    0 311152 232636 254823 1587395 40 34 24  1  0  0
51  0   4864 55133592 3015300 116753316    0    0 409600 344724 274724 1599811 43 33 22  2  0  0
52  1   4864 55131048 3015300 116753332    0    0 358192 259804 263452 1593034 42 33 24  2  0  0
71  0   4864 55133920 3015300 116753340    0    0 365824 264348 262481 1594868 42 33 23  2  0  0
30  3   4864 55134724 3015300 116753352    0    0 390432 279372 269411 1601700 42 34 22  2  0  0
24  3   4864 55133664 3015300 116753360    0    0 324976 237516 255676 1584822 41 34 24  2  0  0
58 11   4864 55136460 3015300 116753368    0    0 356432 264452 264881 1595984 42 34 23  2  0  0
39  1   4864 55131536 3015300 116753384    0    0 465472 381020 279113 1607848 45 31 22  2  0  0
44  4   4864 55128796 3015300 116753396    0    0 388624 284200 267999 1598695 43 33 23  2  0  0
31  3   4864 55128588 3015300 116753408    0    0 321040 241324 257179 1585026 40 34 24  1  0  0
59  6   4864 55126196 3015300 116753420    0    0 372688 326808 269801 1595644 42 34 23  2  0  0
138  4   4864 55126488 3015300 116753428    0    0 366432 270308 269226 1597202 42 34 23  2  0  0
79  4   4864 55127492 3015300 116753444    0    0 330496 239304 258012 1588064 41 34 24  2  0  0
procs -----------memory---------- ---swap-- -----io---- -system-- -------cpu-------
 r  b   swpd   free   buff  cache   si   so    bi    bo   in   cs us sy id wa st gu
59  9   4864 55124892 3015300 116753452    0    0 483440 390960 272839 1568046 44 30 22  4  0  0
24  4   4864 55123724 3015300 116753468    0    0 369072 266988 267174 1595023 41 34 23  2  0  0
48 12   4864 55123548 3015300 116753476    0    0 347440 250356 259508 1588002 41 33 24  2  0  0
79  9   4864 55124120 3015300 116753484    0    0 346368 252392 260361 1591434 41 33 24  2  0  0
79  3   4864 55127048 3015300 116753496    0    0 372304 291052 266128 1596662 42 33 23  2  0  0
87  3   4864 55126688 3015300 116753504    0    0 315152 231340 254601 1589506 40 34 24  1  0  0
61  6   4864 55126492 3015300 116753516    0    0 380864 328548 272705 1602990 42 34 22  2  0  0
26  3   4864 55124964 3015300 116753524    0    0 381120 270612 267410 1597331 42 33 23  2  0  0
41  0   4864 55123212 3015300 116753532    0    0 352592 261004 261820 1600631 42 33 24  2  0  0
54  6   4864 55125408 3015300 116753548    0    0 380144 276196 268439 1601674 43 33 22  2  0  0
41  4   4864 55125580 3015300 116753556    0    0 321056 235540 257531 1585830 41 34 24  1  0  0
57 11   4864 55122168 3015300 116753568    0    0 315776 233828 254338 1583880 40 34 24  1  0  0
91  8   4864 55120360 3015300 116753576    0    0 370064 320644 271274 1595724 42 34 22  2  0  0
22  2   4864 55124920 3015300 116753588    0    0 382336 276232 272809 1611714 42 33 23  2  0  0
57  5   4864 55122848 3015300 116753600    0    0 315840 232032 255982 1589411 40 34 24  1  0  0
92  9   4864 55122592 3015300 116753700    0    0 375040 277664 264490 1600259 42 33 23  2  0  0
83  0   4864 55120276 3015300 116753716    0    0 333344 262316 259620 1584742 41 34 24  2  0  0
83 15   4864 55123984 3015300 116753728    0    0 422480 356404 276063 1606481 43 32 22  2  0  0
33  3   4864 55122132 3015300 116753736    0    0 402000 290824 268460 1597979 43 32 23  2  0  0
23  4   4864 55125552 3015300 116753748    0    0 379328 274104 266372 1596464 42 33 23  2  0  0
52  4   4864 55127672 3015300 116753764    0    0 322608 234368 256397 1586925 41 34 24  1  0  0
procs -----------memory---------- ---swap-- -----io---- -system-- -------cpu-------
 r  b   swpd   free   buff  cache   si   so    bi    bo   in   cs us sy id wa st gu
84  6   4864 55126104 3015300 116753772    0    0 323136 239128 255525 1588137 41 33 24  1  0  0
35  0   4864 55124220 3015300 116753780    0    0 380752 330868 272775 1596050 42 34 22  2  0  0
62  2   4864 55125012 3015300 116753788    0    0 380512 279960 270739 1597674 42 33 23  2  0  0
53  3   4864 55122608 3015300 116753800    0    0 328784 238908 258725 1582767 40 35 23  2  0  0
83  8   4864 55122856 3015300 116753812    0    0 341456 253096 264187 1591267 41 34 23  2  0  0
70  4   4864 55118808 3015300 116753820    0    0 339600 263220 265424 1589971 41 33 24  2  0  0
77  5   4864 55113284 3015300 116753840    0    0 325360 236852 256397 1585814 41 33 24  2  0  0
54  2   4864 55111712 3015300 116753848    0    0 362032 321364 273411 1607578 42 33 23  2  0  0
34  2   4864 55109488 3015300 116753860    0    0 384048 279160 266683 1596628 43 33 23  2  0  0
65  1   4864 55105540 3015300 116753872    0    0 362928 264028 263893 1600703 42 33 23  2  0  0
64  6   4864 55107052 3015300 116753880    0    0 417856 301920 274576 1609742 43 32 23  2  0  0
23  9   4864 55100672 3015300 116753892    0    0 357344 262224 263278 1594674 41 34 23  2  0  0
58  5   4864 55099232 3015300 116753900    0    0 361536 314484 267098 1596455 42 34 23  2  0  0
78  4   4864 55095484 3015300 116753912    0    0 327440 240072 259784 1594523 41 34 24  1  0  0
114  1   4864 55093592 3015300 116753924    0    0 361280 263416 264942 1596612 41 34 23  2  0  0
54  2   4864 55096424 3015300 116753936    0    0 348400 257160 262641 1593781 41 34 23  2  0  0
80  1   4864 55090656 3015300 116753948    0    0 413280 320860 271692 1616190 43 32 23  2  0  0
58  4   4864 55091936 3015300 116753956    0    0 375504 324088 271070 1603474 42 34 22  2  0  0
38  3   4864 55095012 3015300 116753968    0    0 344448 246408 259800 1589599 41 34 23  1  0  0
44  8   4864 55098840 3015300 116753980    0    0 330512 244456 257059 1590976 41 33 24  2  0  0
51  4   4864 55101584 3015300 116753988    0    0 373120 270892 266882 1597155 42 34 22  2  0  0
procs -----------memory---------- ---swap-- -----io---- -system-- -------cpu-------
 r  b   swpd   free   buff  cache   si   so    bi    bo   in   cs us sy id wa st gu
121  6   4864 55110348 3015300 116754000    0    0 357168 260244 262658 1597974 42 34 23  2  0  0
39  9   4864 55111732 3015300 116754008    0    0 339632 246720 256113 1589805 41 33 24  2  0  0
136  8   4864 55112904 3015300 116754020    0    0 400128 345468 272824 1610365 43 33 23  2  0  0
97  4   4864 55118772 3015300 116754032    0    0 358192 260800 260384 1595827 42 33 24  2  0  0
22  2   4864 55123760 3015300 116754040    0    0 356512 262492 265859 1601972 41 34 23  2  0  0
26  7   4864 55125268 3015300 116754052    0    0 340000 265056 271460 1591828 41 34 23  1  0  0
27  5   4864 55122616 3015300 116754060    0    0 308752 228228 254348 1588185 40 34 24  1  0  0
67  1   4864 55131728 3015300 116754072    0    0 379488 331516 273423 1607015 42 34 22  2  0  0
53  7   4864 55130360 3015300 116754080    0    0 397872 290540 269941 1597408 42 33 22  2  0  0
50  5   4864 55131888 3015300 116754092    0    0 363344 258976 260563 1596420 42 33 24  2  0  0
67  3   4864 55130860 3015300 116754104    0    0 358976 266860 263909 1601488 41 34 23  2  0  0
46  0   4864 55131224 3015300 116754112    0    0 321680 235108 257020 1583848 40 35 23  1  0  0
30  3   4864 55132224 3015300 116754124    0    0 336336 254164 259188 1595921 41 34 23  1  0  0
91  3   4864 55127432 3015300 116754132    0    0 411648 356008 274508 1603232 44 32 22  2  0  0
45  3   4864 55128256 3015300 116754140    0    0 368480 270144 268828 1602574 42 33 23  2  0  0
76  8   4864 55128816 3015300 116754152    0    0 328432 245876 256307 1590055 41 34 24  2  0  0
106  0   4864 55125460 3015300 116754164    0    0 374848 288616 268772 1595872 42 34 23  2  0  0
20  2   4864 55123492 3015300 116754180    0    0 328224 244656 256627 1590647 41 34 24  1  0  0
104  6   4864 55120852 3015300 116754188    0    0 388608 337480 272546 1603885 43 33 22  2  0  0
116  6   4864 55117508 3015300 116754200    0    0 377856 274296 267676 1598904 42 33 23  2  0  0
48  6   4864 55117468 3015300 116754212    0    0 453696 329236 277086 1605753 44 31 23  2  0  0
procs -----------memory---------- ---swap-- -----io---- -system-- -------cpu-------
 r  b   swpd   free   buff  cache   si   so    bi    bo   in   cs us sy id wa st gu
57  7   4864 55116812 3015300 116754220    0    0 345392 254596 260268 1591361 41 34 23  2  0  0
104 14   4864 55119036 3015300 116754228    0    0 425376 365164 273540 1598542 44 32 22  2  0  0
71 10   4864 55125632 3015300 116754240    0    0 347808 256716 262837 1599942 41 34 23  2  0  0
131  1   4864 55124192 3015300 116754252    0    0 313504 230564 254638 1588504 41 34 24  1  0  0
34 15   4864 55125152 3015300 116754264    0    0 389360 279772 268452 1596223 42 33 23  2  0  0
47  1   4864 55127220 3015300 116754272    0    0 478256 411384 274865 1567872 43 30 22  4  0  0
72 10   4864 55131172 3015300 116754284    0    0 336784 241076 259881 1593262 41 34 23  2  0  0
33  2   4864 55129424 3015300 116754296    0    0 306832 226904 258644 1596959 41 33 24  1  0  0
87  3   4864 55128660 3015300 116754308    0    0 358192 264764 267329 1602993 42 34 23  2  0  0
148  1   4864 55128928 3015300 116754320    0    0 345584 252444 260969 1581464 41 34 24  2  0  0
66 10   4864 55126864 3015300 116754328    0    0 363056 314360 269182 1610033 42 33 24  2  0  0
55  3   4864 55119844 3015300 116754332    0    0 396336 293024 268681 1596954 43 32 23  2  0  0
53  1   4864 55120252 3015300 116754408    0    0 315392 233608 254435 1589544 41 34 24  1  0  0
47  1   4864 55122768 3015300 116754424    0    0 372176 275988 271374 1604333 42 33 23  2  0  0
16  0   4864 55124848 3015300 116754436    0    0 327312 242452 263474 1594634 41 34 23  1  0  0
60  6   4864 55126860 3015300 116754448    0    0 378336 294676 266398 1596000 42 33 23  2  0  0
75  1   4864 55125688 3015300 116754456    0    0 432448 365020 277018 1602256 43 33 22  2  0  0
27  2   4864 55124824 3015300 116754468    0    0 331232 244540 258845 1593213 41 34 24  1  0  0
85  5   4864 55127940 3015300 116754480    0    0 328976 245244 260191 1588489 41 35 23  1  0  0
52  5   4864 55124696 3015300 116754492    0    0 367520 269044 264778 1594765 42 34 23  2  0  0
44  4   4864 55124144 3015300 116754500    0    0 454144 336576 276604 1612040 44 31 23  2  0  0
procs -----------memory---------- ---swap-- -----io---- -system-- -------cpu-------
 r  b   swpd   free   buff  cache   si   so    bi    bo   in   cs us sy id wa st gu
73  6   4864 55120148 3015300 116754508    0    0 372400 318500 269933 1599527 42 34 23  2  0  0
96  0   4864 55114380 3015300 116754520    0    0 375872 274828 267615 1607369 42 33 23  2  0  0
36  8   4864 55117660 3015300 116754528    0    0 316896 233652 256611 1585214 40 35 24  1  0  0
142  6   4864 55111400 3015300 116754544    0    0 355216 261984 265893 1594359 41 34 23  1  0  0
148  0   4864 55107124 3015300 116754552    0    0 360944 261936 262720 1598208 42 33 23  2  0  0
59 12   4864 55104160 3015300 116754560    0    0 341680 268964 259292 1593593 41 34 24  2  0  0
41  2   4864 55105904 3015300 116754572    0    0 394592 340384 274587 1599987 42 34 22  2  0  0
49  3   4864 55111332 3015300 116754580    0    0 391440 287304 267029 1600445 43 32 23  2  0  0
54  1   4864 55106776 3015300 116754596    0    0 345648 255012 262560 1595250 41 34 23  1  0  0
84  4   4864 55106312 3015300 116754604    0    0 345216 250552 265280 1599205 41 34 24  2  0  0
35  4   4864 55107176 3015300 116754612    0    0 309696 230776 255844 1585676 40 34 24  1  0  0
37 13   4864 55111020 3015300 116754624    0    0 363200 322512 267585 1594962 42 34 23  2  0  0
48 11   4864 55111788 3015300 116754632    0    0 400272 293180 271718 1599978 43 33 22  2  0  0
83  4   4864 55115992 3015300 116754648    0    0 321136 238220 255042 1582718 40 34 24  1  0  0
55  3   4864 55117452 3015300 116754656    0    0 380544 280944 271136 1605395 42 33 23  2  0  0
88  4   4864 55121568 3015300 116754664    0    0 354960 259172 262984 1598303 41 34 23  2  0  0
83  8   4864 55123924 3015300 116754684    0    0 351632 281684 261743 1594106 42 33 24  2  0  0
39 12   4864 55126096 3015300 116754692    0    0 401984 346608 277283 1604724 43 33 22  2  0  0
48 10   4864 55129496 3015300 116754708    0    0 354288 255768 263548 1592118 41 34 23  2  0  0
158  0   4864 55130904 3015300 116754716    0    0 322400 241420 262448 1597082 40 34 24  1  0  0
90  5   4864 55130136 3015300 116754724    0    0 373552 271508 268142 1595176 42 35 22  2  0  0
procs -----------memory---------- ---swap-- -----io---- -system-- -------cpu-------
 r  b   swpd   free   buff  cache   si   so    bi    bo   in   cs us sy id wa st gu
48  8   4864 55131908 3015300 116754732    0    0 333040 245740 260569 1587456 41 34 23  1  0  0
50  1   4864 55135784 3015300 116754744    0    0 355168 265704 268070 1609119 42 33 23  2  0  0
30  0   4864 55132988 3015300 116754756    0    0 412624 352292 274365 1598275 43 33 22  2  0  0
75  6   4864 55134652 3015300 116754764    0    0 321520 240324 264308 1601021 41 34 24  1  0  0
94 11   4864 55131928 3015300 116754772    0    0 325952 246000 255632 1589929 41 33 24  2  0  0
90  2   4864 55129508 3015300 116754784    0    0 389760 296580 278482 1602732 42 33 23  2  0  0
49  3   4864 55130700 3015300 116754792    0    0 318928 238884 256818 1587047 41 34 24  1  0  0
38  5   4864 55128616 3015300 116754804    0    0 374128 330076 269828 1600122 42 34 22  2  0  0
50  8   4864 55124808 3015300 116754816    0    0 358848 263612 266441 1600496 41 34 23  2  0  0
63  6   4864 55123764 3015300 116754824    0    0 328768 242768 258748 1584771 41 34 24  1  0  0
22  2   4864 55128180 3015300 116754840    0    0 365856 263420 268869 1605465 42 34 23  2  0  0
54 19   4864 55130404 3015300 116754848    0    0 477968 401680 278125 1615737 45 30 22  2  0  0
117  1   4864 55133068 3015300 116754864    0    0 392016 285108 269120 1605704 43 33 23  2  0  0
75  2   4864 55132068 3015300 116754876    0    0 330976 246864 267007 1608011 41 34 24  1  0  0
51  4   4864 55131672 3015300 116754888    0    0 401808 291820 276679 1615098 43 33 23  2  0  0
35  7   4864 55129900 3015300 116754900    0    0 338320 247320 259079 1586995 41 34 24  1  0  0
70  9   4864 55127600 3015300 116754908    0    0 310816 249092 254078 1584696 40 34 24  1  0  0
44  3   4864 55125500 3015300 116754916    0    0 389504 335928 275324 1610689 43 33 22  2  0  0
115  5   4864 55125180 3015300 116754936    0    0 344912 255028 260919 1597209 42 33 23  1  0  0
77  3   4864 55125456 3015300 116754944    0    0 374800 276524 265152 1608884 42 33 23  2  0  0
36  4   4864 55126748 3015300 116754948    0    0 360432 265236 264503 1594245 41 34 23  2  0  0
procs -----------memory---------- ---swap-- -----io---- -system-- -------cpu-------
 r  b   swpd   free   buff  cache   si   so    bi    bo   in   cs us sy id wa st gu
70  5   4864 55128200 3015300 116754960    0    0 325776 240980 260224 1605130 41 34 24  1  0  0
72 10   4864 55128524 3015300 116754968    0    0 414144 353252 275023 1613450 44 32 23  2  0  0
83  3   4864 55129468 3015300 116754988    0    0 394672 286264 266922 1600197 43 32 23  2  0  0
93  9   4864 55125132 3015300 116754996    0    0 395664 289892 268059 1604381 43 32 23  2  0  0
76 10   4864 55126784 3015300 116755008    0    0 358320 277904 272435 1609438 42 34 23  2  0  0
38  4   4864 55126960 3015300 116755016    0    0 306144 228140 261979 1608706 41 33 25  1  0  0
60  2   4864 55127412 3015300 116755024    0    0 376816 334356 275346 1604094 42 33 23  2  0  0
63  4   4864 55123680 3015300 116755040    0    0 377376 277308 269600 1594257 42 33 22  2  0  0
76  9   4864 55118788 3015300 116755048    0    0 346768 256120 269966 1603509 41 34 23  2  0  0
132  6   4864 55116220 3015300 116755128    0    0 317200 231324 255306 1590315 41 33 24  1  0  0
55  0   4864 55112388 3015300 116755136    0    0 365280 270484 267660 1601136 42 34 23  2  0  0
25  1   4864 55109696 3015300 116755144    0    0 374864 274148 269161 1602771 42 33 23  2  0  0
127 11   4864 55109308 3015300 116755160    0    0 427744 367028 277806 1607000 44 32 22  2  0  0
54  6   4864 55106468 3015300 116755168    0    0 342352 249612 261104 1595229 42 33 24  1  0  0
80  9   4864 55104288 3015300 116755180    0    0 321184 241660 257240 1591024 41 34 24  1  0  0
17  2   4864 55100748 3015300 116755188    0    0 355504 256672 264644 1590190 41 34 23  2  0  0
72  7   4864 55096772 3015300 116755196    0    0 341392 266860 262287 1587242 42 33 24  2  0  0
24  7   4864 55092756 3015300 116755208    0    0 531840 427428 285175 1581702 46 30 21  4  0  0
87  3   4864 55090524 3015300 116755216    0    0 407040 292700 271709 1592274 43 32 22  2  0  0
67  6   4864 55091420 3015300 116755228    0    0 337824 245572 261455 1587667 41 34 23  1  0  0
15  1   4864 55096836 3015300 116755236    0    0 307136 227060 255423 1586627 40 34 24  1  0  0
procs -----------memory---------- ---swap-- -----io---- -system-- -------cpu-------
 r  b   swpd   free   buff  cache   si   so    bi    bo   in   cs us sy id wa st gu
53  1   4864 55092996 3015300 116755244    0    0 394768 343568 278473 1618152 43 33 22  2  0  0
28  9   4864 55089952 3015300 116755260    0    0 354912 260648 264935 1597146 41 34 23  2  0  0
45  8   4864 55091452 3015300 116755268    0    0 319616 236824 258248 1588377 40 34 24  1  0  0
83  8   4864 55093636 3015300 116755280    0    0 358832 264348 263978 1596483 42 34 23  2  0  0
42  2   4864 55088352 3015300 116755288    0    0 426368 324244 273092 1601618 44 32 23  2  0  0
47  3   4864 55085472 3015300 116755296    0    0 410352 353648 273998 1602141 43 33 23  2  0  0
30  3   4864 55085208 3015300 116755304    0    0 310400 230800 254621 1588986 40 35 24  1  0  0
65  6   4864 55089056 3015300 116755324    0    0 319344 235036 260378 1594215 40 34 24  1  0  0
32  1   4864 55084168 3015300 116755336    0    0 401872 289520 271172 1601362 42 34 22  2  0  0
45  7   4864 55083888 3015300 116755352    0    0 417456 307732 277578 1608155 43 33 22  2  0  0
40 11   4864 55083364 3015300 116755360    0    0 371840 320948 271807 1593296 41 35 23  2  0  0
36  8   4864 55084660 3015300 116755368    0    0 336400 243380 267892 1596831 41 34 23  1  0  0
65  7   4864 55087244 3015300 116755384    0    0 309984 232668 266248 1603075 41 34 24  1  0  0
53  5   4864 55088664 3015300 116755388    0    0 374544 267112 268283 1597095 43 33 23  2  0  0
85  4   4864 55088080 3015300 116755400    0    0 334624 249352 260748 1588076 41 34 23  1  0  0
76  9   4864 55091316 3015300 116755412    0    0 400640 342552 272898 1601575 44 32 22  2  0  0
61  8   4864 55087400 3015300 116755424    0    0 419200 318900 269608 1605729 44 31 23  2  0  0
59  4   4864 55087256 3015300 116755436    0    0 413216 296820 270999 1597353 42 33 23  2  0  0
50  5   4864 55093388 3015300 116755444    0    0 332736 247552 257161 1598998 40 35 23  1  0  0
27  6   4864 55091624 3015300 116755456    0    0 364176 273016 265489 1606898 42 34 23  2  0  0
90  1   4864 55094212 3015300 116755464    0    0 392592 332000 269527 1604137 42 33 23  2  0  0
procs -----------memory---------- ---swap-- -----io---- -system-- -------cpu-------
 r  b   swpd   free   buff  cache   si   so    bi    bo   in   cs us sy id wa st gu
40  0   4864 55091376 3015300 116755480    0    0 333968 247804 257804 1596959 41 34 23  1  0  0
43  6   4864 55093068 3015300 116755492    0    0 332512 245340 256517 1595367 40 34 24  1  0  0
76 15   4864 55087140 3015300 116755500    0    0 381904 280044 264612 1606546 42 33 23  2  0  0
30  5   4864 55083808 3015300 116755512    0    0 327808 237684 256504 1588558 41 34 24  1  0  0
32  4   4864 55080044 3015300 116755520    0    0 351920 309508 269061 1607087 41 34 23  2  0  0
61  1   4864 55082696 3015300 116755532    0    0 385344 277660 266582 1601023 41 34 23  2  0  0
75  6   4864 55082288 3015300 116755544    0    0 413824 316180 276570 1621087 43 33 23  2  0  0
34 12   4864 55079100 3015300 116755552    0    0 368368 269872 267986 1599156 42 34 23  2  0  0
39  2   4864 55079852 3015300 116755564    0    0 320160 235320 255483 1588542 40 34 24  1  0  0
138  2   4864 55058132 3015300 116755616    0    0 387952 335352 272590 1606925 43 33 23  2  0  0
42  7   4864 54917272 3015300 116755628    0    0 364960 270032 261194 1591460 42 33 23  2  0  0
146  3   4864 54774804 3015300 116755640    0    0 321792 236836 253093 1587450 42 33 24  2  0  0
77  7   4864 54638712 3015300 116755648    0    0 362176 268112 265258 1606903 42 34 23  2  0  0
19  3   4864 54506980 3015300 116755660    0    0 336752 243056 256827 1578680 42 33 24  2  0  0
58  3   4864 54400652 3015300 116755668    0    0 324784 238540 253600 1579920 41 33 24  2  0  0
88 13   4864 54096724 3015300 116755688    0    0 452144 400268 277801 1607430 45 31 22  2  0  0
79  2   4864 53882956 3015300 116755700    0    0 355712 260708 259300 1585355 43 32 23  2  0  0
49  2   4864 53836768 3015300 116755708    0    0 364256 264864 265143 1590644 43 33 22  2  0  0
43  2   4864 54732388 3015300 116756732    0    0 313888 228856 261199 1592793 42 33 24  1  0  0
57  4   4864 54591464 3015300 116756744    0    0 397120 344124 268946 1593542 44 31 23  2  0  0
77  4   4864 54453080 3015300 116756756    0    0 394576 286872 267326 1596011 43 32 23  2  0  0
procs -----------memory---------- ---swap-- -----io---- -system-- -------cpu-------
 r  b   swpd   free   buff  cache   si   so    bi    bo   in   cs us sy id wa st gu
67  7   4864 54339764 3015300 116756764    0    0 329712 240252 263388 1598428 42 33 24  1  0  0
63 14   4864 54233424 3015300 116756776    0    0 335360 247044 258133 1590383 42 33 23  1  0  0
45  6   4864 54022368 3015300 116756788    0    0 344560 249980 263007 1585228 42 33 23  2  0  0
103  4   4864 53766268 3015300 116756800    0    0 339952 252936 265444 1592933 42 33 23  2  0  0
67  2   4864 53638684 3015300 116756812    0    0 380304 329748 269685 1588175 43 33 23  2  0  0
22  0   4864 54558828 3015300 116757836    0    0 337120 248220 257900 1585269 42 33 24  1  0  0
64  4   4864 54427876 3015300 116757916    0    0 311408 243120 253076 1586749 42 33 24  1  0  0
68  7   4864 54303680 3015300 116757924    0    0 383920 281216 271835 1599450 43 33 22  2  0  0
29  8   4864 54184532 3015300 116757936    0    0 345328 253948 259944 1584377 43 32 24  2  0  0
60  9   4864 54069392 3015300 116757944    0    0 376672 328012 267842 1595383 43 33 22  2  0  0
25  3   4864 53907612 3015300 116757960    0    0 375824 273844 272632 1598050 43 33 23  2  0  0
72  7   4864 53642636 3015300 116757972    0    0 338752 247220 257315 1591051 42 33 23  2  0  0
56  0   4864 53516892 3015300 116757980    0    0 380304 273144 264975 1590857 43 32 23  2  0  0
66  1   4864 54455240 3015300 116757992    0    0 329952 244060 256830 1589170 42 33 24  1  0  0
14  1   4864 54365400 3015300 116759020    0    0 348096 257616 259868 1595909 42 33 24  2  0  0
16  0   4864 54249764 3015300 116759032    0    0 386976 341488 268135 1597994 43 33 23  2  0  0
77  8   4864 54138844 3015300 116759044    0    0 338064 248324 258915 1592369 43 32 24  2  0  0
117 10   4864 54037020 3015300 116759052    0    0 377136 294064 266217 1600473 43 32 23  2  0  0
62  0   4864 53939132 3015300 116759064    0    0 373392 272180 268194 1596907 43 33 23  2  0  0
65  6   4864 53659680 3015300 116759072    0    0 352112 261876 259787 1581618 42 33 23  2  0  0
93  0   4864 53442704 3015300 116759088    0    0 388464 340488 274434 1598052 43 32 22  2  0  0
procs -----------memory---------- ---swap-- -----io---- -system-- -------cpu-------
 r  b   swpd   free   buff  cache   si   so    bi    bo   in   cs us sy id wa st gu
59  1   4864 53435476 3015300 116759100    0    0 343744 253468 266818 1596447 42 33 23  2  0  0
53  4   4864 54550840 3015300 116760128    0    0 300272 220412 250770 1584369 40 34 24  1  0  0
37  2   4864 54444300 3015300 116760132    0    0 465424 333412 274601 1600518 46 30 22  2  0  0
42  5   4864 54322540 3015300 116760140    0    0 359104 264920 260720 1594695 42 33 23  2  0  0
87  5   4864 54212272 3015300 116760152    0    0 359552 316452 266171 1585779 43 33 23  2  0  0
67  7   4864 54123908 3015300 116760164    0    0 339616 264420 258186 1579860 43 32 24  2  0  0
31  0   4864 53921868 3015300 116760176    0    0 304832 228672 251751 1581133 41 33 24  1  0  0
46  1   4864 53684556 3015300 116760188    0    0 397264 287560 269398 1588248 44 33 22  2  0  0
80  3   4864 53579292 3015300 116760196    0    0 371088 258812 261236 1582835 43 31 23  2  0  0
94  3   4864 54536276 3015300 116761208    0    0 364288 273020 264282 1594634 43 32 23  2  0  0
46  9   4864 54444824 3015300 116761220    0    0 380000 328520 273237 1600140 43 33 22  2  0  0
16  1   4864 54335444 3015300 116761232    0    0 352896 251460 260063 1585746 43 32 24  2  0  0
40  1   4864 54209832 3015300 116761240    0    0 334816 246284 262435 1588889 43 32 23  1  0  0
50  2   4864 54109224 3015300 116761248    0    0 355872 258432 261261 1588397 43 33 23  2  0  0
54  2   4864 53969508 3015300 116761260    0    0 313856 230372 250510 1588844 42 33 24  1  0  0
100  2   4864 53688048 3015300 116761268    0    0 388912 338056 267646 1601500 43 32 23  2  0  0
47 11   4864 53545836 3015300 116761284    0    0 382992 274512 262607 1598707 43 32 23  2  0  0
49  5   4864 54751312 3015300 116762316    0    0 411760 318300 276739 1619757 44 32 23  2  0  0
57  4   4864 54633212 3015300 116762324    0    0 352496 255644 258266 1598090 42 33 23  2  0  0
33 12   4864 54521528 3015300 116762340    0    0 330720 279172 255404 1596240 42 33 24  1  0  0
148  2   4864 54411880 3015300 116762348    0    0 360224 285432 265523 1603672 42 33 23  2  0  0
procs -----------memory---------- ---swap-- -----io---- -system-- -------cpu-------
 r  b   swpd   free   buff  cache   si   so    bi    bo   in   cs us sy id wa st gu
108  4   4864 54293164 3015300 116762368    0    0 319024 232140 254213 1590731 41 33 24  1  0  0
46  9   4864 54187092 3015300 116762376    0    0 384848 283300 263681 1604803 43 32 23  2  0  0
64  1   4864 53897848 3015300 116762388    0    0 386336 279588 262465 1595032 43 32 23  2  0  0
55  4   4864 53685576 3015300 116762400    0    0 375456 278832 263781 1594088 43 32 23  2  0  0
65  3   4864 53677772 3015300 116762412    0    0 380224 336496 268960 1589193 43 33 22  2  0  0
34  2   4864 54565812 3015300 116763440    0    0 323072 235824 257369 1597199 41 34 24  1  0  0
68  3   4864 54430600 3015300 116763448    0    0 360752 282768 270208 1595347 43 33 23  2  0  0
30  1   4864 54306876 3015300 116763456    0    0 362592 262000 262276 1593716 43 33 23  2  0  0
95  1   4864 54199852 3015300 116763468    0    0 455968 382852 275522 1603477 46 30 22  2  0  0
38  6   4864 54122860 3015300 116763476    0    0 367184 269420 261248 1593518 42 32 23  2  0  0
78  6   4864 53879072 3015300 116763488    0    0 317584 235472 251920 1590642 41 33 24  1  0  0
47  7   4864 53634772 3015300 116763500    0    0 347408 256624 260203 1589314 42 33 23  2  0  0
30  0   4864 53562848 3015300 116763508    0    0 330736 243712 257013 1584519 42 33 24  2  0  0
94 10   4864 54479380 3015300 116764528    0    0 356224 259908 259485 1591387 42 33 23  2  0  0
43  2   4864 54361536 3015300 116764540    0    0 377424 328548 269854 1595635 43 33 22  2  0  0
58  8   4864 54244640 3015300 116764548    0    0 329104 241344 256672 1586460 42 33 23  1  0  0
50  1   4864 54137244 3015300 116764560    0    0 536976 449784 278936 1549902 46 28 21  5  0  0
47  4   4864 54035188 3015300 116764568    0    0 361440 262968 264266 1580947 43 33 23  2  0  0
31  6   4864 53860936 3015300 116764576    0    0 330880 243404 261746 1597538 42 33 24  1  0  0
48  6   4864 53596900 3015300 116764588    0    0 359680 262568 268433 1591190 42 34 22  2  0  0
39  1   4864 53471092 3015300 116764604    0    0 326800 241948 256848 1583134 41 34 24  1  0  0
procs -----------memory---------- ---swap-- -----io---- -system-- -------cpu-------
 r  b   swpd   free   buff  cache   si   so    bi    bo   in   cs us sy id wa st gu
71  3   4864 54655772 3015300 116765612    0    0 348048 256320 262834 1597830 42 33 24  2  0  0
87  1   4864 54530796 3015300 116765620    0    0 405024 345712 271559 1596090 44 32 23  2  0  0
59  4   4864 54413496 3015300 116765628    0    0 365872 264748 261002 1590675 43 32 23  2  0  0
96 10   4864 54295280 3015300 116765708    0    0 380176 284472 272767 1610562 43 32 23  2  0  0
95  3   4864 54190788 3015300 116765720    0    0 362192 263428 267360 1598872 43 33 23  2  0  0
51  1   4864 54082092 3015300 116765732    0    0 311680 227004 252385 1582758 42 33 24  1  0  0
134  8   4864 53795388 3015300 116765752    0    0 422880 368064 270225 1564723 43 31 22  4  0  0
26  2   4864 53605988 3015300 116765764    0    0 356880 288324 263661 1586883 42 33 23  2  0  0
90 10   4864 53582828 3015300 116765772    0    0 338528 250144 258142 1582314 42 33 23  2  0  0
37  2   4864 54543056 3015300 116766776    0    0 373456 273260 268791 1594106 43 33 22  2  0  0
38  3   4864 54434476 3015300 116766792    0    0 378160 277552 265352 1595032 43 32 24  2  0  0
55  5   4864 54312452 3015300 116766800    0    0 321248 238280 261466 1595626 42 33 24  1  0  0
28  4   4864 54201168 3015300 116766808    0    0 370112 327000 267358 1594438 43 33 23  2  0  0
74  2   4864 54114104 3015300 116766816    0    0 365216 263440 268775 1598564 43 33 23  2  0  0
53  6   4864 53934848 3015300 116766824    0    0 345072 257296 261129 1581408 43 32 24  2  0  0
16 73   4864 53673740 3015300 116766844    0    0 453872 335452 280317 1590312 45 31 22  2  0  0
29  0   4864 53567768 3015300 116766856    0    0 371440 326060 267998 1575837 43 33 22  2  0  0
35  3   4864 54550304 3015300 116767372    0    0 333616 248204 263395 1590300 42 33 23  1  0  0
53  5   4864 54442092 3015300 116767904    0    0 321152 238308 259697 1601881 42 33 24  1  0  0
79  7   4864 54324344 3015300 116767912    0    0 390928 282204 266052 1591080 43 32 23  2  0  0
65  4   4864 54211380 3015300 116767928    0    0 317408 238164 259315 1600300 41 33 24  1  0  0
procs -----------memory---------- ---swap-- -----io---- -system-- -------cpu-------
 r  b   swpd   free   buff  cache   si   so    bi    bo   in   cs us sy id wa st gu
59  3   4864 54112332 3015300 116767940    0    0 486128 401552 278335 1575472 46 30 21  3  0  0
62  2   4864 54015808 3015300 116767952    0    0 330512 239060 259210 1594334 42 33 23  1  0  0
108  8   4864 53719708 3015300 116767960    0    0 340992 251072 260642 1602553 43 32 24  2  0  0
81  4   4864 53552536 3015300 116767972    0    0 357760 258832 268891 1600581 43 33 23  2  0  0
46  3   4864 53540356 3015300 116767992    0    0 326640 241868 257561 1598483 42 32 24  1  0  0
63 12   4864 54430104 3015300 116769012    0    0 356288 319004 268308 1606240 43 33 23  2  0  0
175  7   4864 54325012 3015300 116769028    0    0 355408 259540 262932 1596253 43 31 24  2  0  0
47  9   4864 54207520 3015300 116769036    0    0 324224 259236 258016 1596031 42 33 24  1  0  0
47  4   4864 54094616 3015300 116769040    0    0 385088 278208 269383 1601158 44 32 22  2  0  0
40  5   4864 54012564 3015300 116769056    0    0 380976 281700 268123 1605790 44 31 23  2  0  0
31  8   4864 53778316 3015300 116769068    0    0 419120 359828 277514 1600846 45 31 22  2  0  0
46  3   4864 53538004 3015300 116769080    0    0 328368 239748 261342 1590056 42 32 24  1  0  0
33  1   4864 53458764 3015300 116769092    0    0 311184 232248 255193 1593820 42 32 24  1  0  0
92  6   4864 54408972 3015300 116770120    0    0 402656 289180 273635 1596266 44 32 22  2  0  0
46 12   4864 54390892 3015300 116770132    0    0 350384 257320 260557 1598952 44 31 24  2  0  0
37  2   4864 54257232 3015300 116770144    0    0 354704 316124 267068 1595264 42 33 23  2  0  0
24  3   4864 54137392 3015300 116770152    0    0 342944 249180 261164 1592536 42 32 24  2  0  0
60  6   4864 54023760 3015300 116770164    0    0 331712 258832 257711 1597702 43 32 24  1  0  0
30  0   4864 53857928 3015300 116770172    0    0 403840 288640 271133 1595961 45 31 22  2  0  0
35  7   4864 53577624 3015300 116770184    0    0 360960 268396 264742 1603279 43 32 24  2  0  0
60  6   4864 53436512 3015300 116770200    0    0 433648 372840 283123 1609306 45 31 22  2  0  0
procs -----------memory---------- ---swap-- -----io---- -system-- -------cpu-------
 r  b   swpd   free   buff  cache   si   so    bi    bo   in   cs us sy id wa st gu
144  0   4864 54237924 3015300 116770208    0    0 324528 238552 259152 1592910 42 33 23  1  0  0
33  4   4864 54425136 3015300 116771172    0    0 355152 260884 263130 1601432 42 33 23  2  0  0
79  6   4864 54322416 3015300 116771180    0    0 329472 241012 260957 1593605 42 33 24  1  0  0
68  5   4864 54209440 3015300 116771188    0    0 317232 236476 254690 1596666 42 33 24  1  0  0
82  2   4864 54102172 3015300 116771200    0    0 380704 332416 270727 1593717 43 33 22  2  0  0
55  9   4864 54021728 3015300 116771208    0    0 367296 270724 264278 1598634 43 32 23  2  0  0
101  2   4864 53755292 3015300 116771220    0    0 393840 302196 268776 1597534 44 32 23  2  0  0
46 11   4864 53546792 3015300 116771228    0    0 318096 230244 255405 1601051 42 33 24  1  0  0
23  5   4864 53524532 3015300 116771236    0    0 385680 329940 270218 1599839 44 31 23  2  0  0
69  9   4864 54684588 3015300 116772276    0    0 368848 266768 265004 1594568 43 31 24  2  0  0
97  7   4864 54556280 3015300 116772284    0    0 379504 275220 264911 1600935 43 32 23  2  0  0
71 11   4864 54439020 3015300 116772300    0    0 333536 247112 260165 1601086 42 33 24  2  0  0
54  6   4864 54330208 3015300 116772308    0    0 305456 232692 254514 1593265 41 33 24  1  0  0
42  3   4864 54246644 3015300 116772324    0    0 401104 342108 275009 1607403 44 31 22  2  0  0
39  3   4864 54022200 3015300 116772336    0    0 415712 307896 272347 1603237 44 30 23  2  0  0
67 13   4864 53769872 3015300 116772348    0    0 353744 257680 272097 1610792 43 33 23  2  0  0
26  5   4864 53673336 3015300 116772372    0    0 303120 224280 255044 1598166 42 33 24  1  0  0
18  2   4864 54625464 3015300 116773408    0    0 409632 370352 277141 1601330 44 32 22  2  0  0
61  2   4864 54501400 3015300 116773424    0    0 340304 247832 261588 1594512 43 32 24  1  0  0
91  2   4864 54387336 3015300 116773436    0    0 378528 278500 269713 1600364 43 32 23  2  0  0
48  2   4864 54275124 3015300 116773444    0    0 388592 282896 274201 1608039 44 32 23  2  0  0
procs -----------memory---------- ---swap-- -----io---- -system-- -------cpu-------
 r  b   swpd   free   buff  cache   si   so    bi    bo   in   cs us sy id wa st gu
81  4   4864 54177408 3015300 116773548    0    0 391184 340744 268948 1596304 44 32 23  2  0  0
83  6   4864 54070272 3015300 116773560    0    0 361712 265116 267360 1594573 43 33 23  2  0  0
56  5   4864 53762636 3015300 116773572    0    0 420736 309044 277310 1610067 44 31 23  2  0  0
56  8   4864 53575684 3015300 116773584    0    0 353008 254788 263399 1597132 43 33 23  2  0  0
34 11   4864 54212488 3015300 116773592    0    0 323504 244460 258504 1595480 42 33 24  1  0  0
47  0   4864 54435880 3015300 116774624    0    0 400448 343284 272152 1602665 44 32 22  2  0  0
60  3   4864 54327412 3015300 116774632    0    0 363744 262384 262275 1606858 43 32 23  2  0  0
97  3   4864 54200368 3015300 116774644    0    0 378128 294840 275507 1605037 44 32 23  2  0  0
112  8   4864 54091160 3015300 116774656    0    0 363088 266468 262400 1600367 43 31 24  2  0  0
68 19   4864 54015444 3015300 116774664    0    0 350064 292244 262055 1601634 43 31 24  2  0  0
26  2   4864 53755748 3015300 116774676    0    0 385248 294648 269741 1596475 43 32 23  2  0  0
46  9   4864 53516640 3015300 116774684    0    0 333392 246900 259373 1594851 42 32 24  2  0  0
50  3   4864 53467488 3015300 116774696    0    0 312928 232416 256190 1599191 42 32 25  1  0  0
35  5   4864 54643520 3015300 116775712    0    0 412720 298176 272665 1605010 44 32 22  2  0  0
27  3   4864 54529736 3015300 116775720    0    0 447024 384044 279356 1610637 45 30 23  2  0  0
95  8   4864 54405748 3015300 116775732    0    0 354144 258212 264679 1593652 43 32 24  2  0  0
100  1   4864 54285600 3015300 116775740    0    0 341136 270040 270913 1618387 42 33 23  2  0  0
38  5   4864 54167360 3015300 116775748    0    0 356784 260316 263403 1599580 43 32 23  2  0  0
89  5   4864 54012780 3015300 116775756    0    0 396240 337644 268945 1595288 44 31 23  2  0  0
103  2   4864 53727372 3015300 116775768    0    0 353440 256692 260923 1598829 43 32 23  2  0  0
28  3   4864 53604348 3015300 116775776    0    0 311808 233956 252753 1597634 42 32 24  2  0  0
procs -----------memory---------- ---swap-- -----io---- -system-- -------cpu-------
 r  b   swpd   free   buff  cache   si   so    bi    bo   in   cs us sy id wa st gu
34  6   4864 53599420 3015300 116775792    0    0 389024 276644 266491 1605275 44 32 23  2  0  0
28  6   4864 54719984 3015300 116776740    0    0 467328 391916 285733 1617066 45 30 22  2  0  0
38  3   4864 54603860 3015300 116776752    0    0 350224 253432 262017 1596215 43 32 24  2  0  0
55  2   4864 54478184 3015300 116776764    0    0 323216 234400 256689 1595473 42 33 24  1  0  0
46  3   4864 54372420 3015300 116776772    0    0 370112 270888 265933 1601994 44 32 23  2  0  0
64  4   4864 54287416 3015300 116776784    0    0 331664 243180 261563 1600285 42 33 24  1  0  0
69  3   4864 54025384 3015300 116776792    0    0 328208 280124 268759 1616035 42 32 24  2  0  0
46 10   4864 53773912 3015300 116776812    0    0 475664 364696 281082 1596387 46 30 21  2  0  0
74 10   4864 53722392 3015300 116776824    0    0 401744 297980 270019 1594419 44 32 23  2  0  0
57  3   4864 54652776 3015300 116777852    0    0 331360 237984 258562 1598321 42 33 24  1  0  0
57 18   4864 54526964 3015300 116777864    0    0 351808 313252 271465 1612971 42 33 23  2  0  0
58 10   4864 54403680 3015300 116777876    0    0 359840 259476 263354 1594850 43 33 23  2  0  0
21  1   4864 54286248 3015300 116777888    0    0 354832 260124 261808 1599171 43 32 23  2  0  0
118  7   4864 54173236 3015300 116777904    0    0 350576 255112 263322 1593089 43 32 23  2  0  0
54  8   4864 53986532 3015300 116777908    0    0 319536 234116 255912 1594202 42 32 24  1  0  0
101  2   4864 53711252 3015300 116777924    0    0 370960 321704 268972 1593472 43 33 23  2  0  0
30  6   4864 53604256 3015300 116777932    0    0 373440 268300 264683 1596275 43 32 23  2  0  0
79 15   4864 54530588 3015300 116778952    0    0 362016 285868 262462 1609732 43 32 24  2  0  0
79  1   4864 54397948 3015300 116778968    0    0 348384 252760 261988 1600986 43 32 23  2  0  0
58  3   4864 54274216 3015300 116778976    0    0 326992 240300 257629 1597556 42 32 24  1  0  0
66 15   4864 54157388 3015300 116778988    0    0 405680 347240 274218 1602413 44 32 22  2  0  0
procs -----------memory---------- ---swap-- -----io---- -system-- -------cpu-------
 r  b   swpd   free   buff  cache   si   so    bi    bo   in   cs us sy id wa st gu
95 15   4864 54041908 3015300 116778996    0    0 365648 262692 264391 1601528 43 32 23  2  0  0
39  0   4864 53935656 3015300 116779008    0    0 411792 299808 266676 1608000 44 31 23  2  0  0
54  3   4864 53636080 3015300 116779020    0    0 396272 286600 266370 1595425 44 31 23  2  0  0
44  7   4864 53469748 3015300 116779028    0    0 364304 319588 265192 1602104 43 32 23  2  0  0
64  4   4864 53464592 3015300 116779040    0    0 351456 258556 261754 1595776 43 33 23  2  0  0
58  3   4864 54339360 3015300 116780052    0    0 346816 257192 261166 1605618 43 32 23  2  0  0
73 23   4864 54224348 3015300 116780064    0    0 424656 308408 269688 1600188 45 31 23  2  0  0
47  2   4864 54113824 3015300 116780076    0    0 408848 320748 271132 1593171 44 31 23  2  0  0
79  7   4864 54005500 3015300 116780092    0    0 338288 246460 258561 1595274 42 32 24  2  0  0
60  6   4864 53932500 3015300 116780100    0    0 337680 250052 259178 1596734 43 32 23  1  0  0
60  4   4864 53678200 3015300 116780104    0    0 472816 388844 278547 1585825 46 30 22  2  0  0
80  5   4864 53456936 3015300 116780116    0    0 359648 263520 262171 1598050 43 32 23  2  0  0
19  0   4864 53420548 3015300 116780124    0    0 359424 259484 262340 1600887 43 32 23  2  0  0
50 23   4864 54586928 3015300 116781160    0    0 375168 271756 263203 1605766 44 32 23  2  0  0
22  3   4864 54473568 3015300 116781168    0    0 379296 330584 270677 1595610 44 32 23  2  0  0
43 132   4864 54354696 3015300 116781180    0    0 456224 354364 269468 1560762 44 30 22  4  0  0
43  4   4864 54239540 3015300 116781192    0    0 375312 297596 266302 1593945 43 32 22  2  0  0
85  3   4864 54146556 3015300 116781200    0    0 327760 233640 262977 1607233 42 32 24  2  0  0
33  6   4864 53936092 3015300 116781284    0    0 369168 270776 267385 1608099 43 32 23  2  0  0
57  2   4864 53700696 3015300 116781292    0    0 344256 254228 262970 1602948 42 34 23  1  0  0
148  2   4864 53583160 3015300 116781300    0    0 323232 238008 260914 1610891 42 32 24  1  0  0
procs -----------memory---------- ---swap-- -----io---- -system-- -------cpu-------
 r  b   swpd   free   buff  cache   si   so    bi    bo   in   cs us sy id wa st gu
70  2   4864 54579180 3015300 116782232    0    0 402608 347012 275312 1604404 44 32 22  2  0  0
47  5   4864 54463748 3015300 116782248    0    0 343376 247040 259966 1597839 42 33 24  2  0  0
39  3   4864 54340980 3015300 116782260    0    0 332432 243676 262411 1608660 42 33 23  1  0  0
75  4   4864 54229264 3015300 116782272    0    0 422032 303460 277795 1602597 45 31 23  2  0  0
36 38   4864 54111028 3015300 116782280    0    0 445104 385648 276785 1596439 45 30 22  2  0  0
63  7   4864 53995524 3015300 116782288    0    0 383248 280588 269225 1609708 43 31 24  2  0  0
66  4   4864 53711508 3015300 116782300    0    0 370512 265972 267065 1598415 43 32 23  2  0  0
87  1   4864 53554964 3015300 116782308    0    0 315664 230384 254954 1597669 41 33 24  1  0  0
59  5   4864 53540216 3015300 116782320    0    0 370960 294632 266423 1609151 43 33 23  2  0  0
83  3   4864 54446424 3015300 116783340    0    0 365072 298156 265762 1600544 43 32 23  2  0  0
28  2   4864 54321276 3015300 116783352    0    0 322208 237820 260477 1608250 42 32 24  1  0  0
12  1   4864 54210688 3015300 116783364    0    0 378208 276404 269302 1614977 43 32 23  2  0  0
64  7   4864 54109288 3015300 116783380    0    0 329744 244728 257835 1601377 43 31 24  2  0  0
42  1   4864 54031800 3015300 116783392    0    0 370416 321840 266788 1606754 43 32 23  2  0  0
24  2   4864 53787600 3015300 116783400    0    0 354880 252892 264147 1598095 42 33 23  2  0  0
45  4   4864 53553888 3015300 116783408    0    0 329024 248500 262964 1608982 42 33 24  1  0  0
70  5   4864 53453872 3015300 116783420    0    0 388336 301916 271415 1625557 44 31 23  2  0  0
74  5   4864 54371004 3015300 116784468    0    0 376096 273056 264465 1607267 43 32 23  2  0  0
47  3   4864 54269304 3015300 116784480    0    0 381088 333684 273622 1616317 43 33 22  2  0  0
46  8   4864 54152364 3015300 116784488    0    0 347040 250284 259871 1603586 43 32 24  2  0  0
74  2   4864 54040096 3015300 116784496    0    0 359792 262240 271323 1612521 43 32 23  2  0  0
procs -----------memory---------- ---swap-- -----io---- -system-- -------cpu-------
 r  b   swpd   free   buff  cache   si   so    bi    bo   in   cs us sy id wa st gu
52 10   4864 53931964 3015300 116784508    0    0 339968 245796 259838 1596015 42 33 24  2  0  0
35  5   4864 53810136 3015300 116784520    0    0 356336 314784 272314 1603690 42 33 23  2  0  0
77  2   4864 53533796 3015300 116784536    0    0 357456 256084 266452 1600352 43 32 23  2  0  0
30 13   4864 53393400 3015300 116784540    0    0 347584 252656 260546 1595587 42 33 23  2  0  0
73  4   4864 53397132 3015300 116784548    0    0 329072 241224 264271 1603827 43 32 24  1  0  0
77  2   4864 54310964 3015300 116785468    0    0 358096 264244 264443 1606442 43 32 23  2  0  0
65  4   4864 54204164 3015300 116785480    0    0 381696 348936 283500 1612443 44 31 23  2  0  0
68  5   4864 54099836 3015300 116785496    0    0 339472 251168 260152 1593833 42 32 24  2  0  0
121  7   4864 53995872 3015300 116785504    0    0 376448 271568 266334 1599701 44 31 23  2  0  0
67  2   4864 53925532 3015300 116785512    0    0 341408 248712 260364 1594004 43 32 24  2  0  0
66  4   4864 53704680 3015300 116785524    0    0 343584 254196 263131 1605903 42 33 23  1  0  0
68  8   4864 53473768 3015300 116785532    0    0 388736 334692 273740 1597406 45 31 23  2  0  0
54  5   4864 53399284 3015300 116785552    0    0 360432 262172 265118 1594606 44 32 23  2  0  0
69  3   4864 54345192 3015300 116786584    0    0 342992 253748 264617 1601799 42 32 24  2  0  0
81  0   4864 54258892 3015300 116786592    0    0 394640 286004 267187 1587305 44 31 23  2  0  0
36  8   4864 54132708 3015300 116786604    0    0 390544 338712 272848 1596441 44 32 22  2  0  0
58  8   4864 54041412 3015300 116786616    0    0 345488 262972 260079 1594775 43 32 24  2  0  0
77  6   4864 53948596 3015300 116786632    0    0 360848 261672 264429 1596878 43 32 23  2  0  0
114  4   4864 53808300 3015300 116786640    0    0 325888 242296 256423 1597577 42 32 24  1  0  0
37  5   4864 53564768 3015300 116786648    0    0 391808 337016 272671 1597927 44 32 22  2  0  0
69  7   4864 53441100 3015300 116786660    0    0 417648 306780 279275 1612231 44 32 22  2  0  0
procs -----------memory---------- ---swap-- -----io---- -system-- -------cpu-------
 r  b   swpd   free   buff  cache   si   so    bi    bo   in   cs us sy id wa st gu
33  4   4864 54365636 3015300 116786672    0    0 352272 256784 268043 1608054 43 32 23  2  0  0
30  5   4864 54330172 3015300 116787704    0    0 348976 256592 259981 1599780 42 33 24  2  0  0
42  6   4864 54227616 3015300 116787712    0    0 496560 413988 299075 1602739 47 29 21  2  0  0
54  9   4864 54111880 3015300 116787720    0    0 371760 268900 270152 1603606 43 33 23  2  0  0
34 11   4864 54010956 3015300 116787728    0    0 321856 238744 257405 1597434 43 32 24  1  0  0
39  5   4864 53918404 3015300 116787740    0    0 347856 308660 274385 1611813 43 32 23  2  0  0
53  3   4864 53652796 3015300 116787764    0    0 369792 287216 265619 1599100 44 32 23  2  0  0
35  2   4864 53459820 3015300 116787776    0    0 347920 254692 261003 1597089 42 33 24  2  0  0
68  9   4864 53452792 3015300 116787788    0    0 380064 278968 268762 1602488 44 32 23  2  0  0
26  7   4864 54428236 3015300 116788804    0    0 335888 246896 257594 1598693 43 31 24  2  0  0
40  3   4864 54487508 3015300 116759384    0    0 385904 336628 277683 1604560 44 32 22  2  0  0
102  6   4864 54517856 3015300 116759396    0    0 354288 257368 267521 1613670 41 33 24  2  0  0
52  3   4864 54544360 3015300 116759408    0    0 335824 248204 260136 1608338 41 33 24  2  0  0
57  5   4864 54574200 3015300 116759416    0    0 387360 278692 274719 1622134 43 33 23  2  0  0
83  0   4864 54603028 3015300 116759428    0    0 380608 336432 269789 1611307 42 33 23  2  0  0
56  5   4864 54628024 3015300 116759500    0    0 375568 266016 267508 1603198 42 33 23  2  0  0
81  4   4864 54654628 3015300 116759504    0    0 322512 251828 268487 1613842 41 34 24  1  0  0
146  3   4864 54680652 3015300 116759520    0    0 370048 270856 266519 1608266 42 33 23  2  0  0
36  0   4864 54706308 3015300 116759528    0    0 332960 242296 260328 1605398 41 33 24  2  0  0
41  2   4864 54732612 3015300 116759540    0    0 354976 261404 271766 1628001 42 33 23  2  0  0
62  2   4864 54759200 3015300 116759548    0    0 389072 340656 279541 1616456 43 33 23  2  0  0
procs -----------memory---------- ---swap-- -----io---- -system-- -------cpu-------
 r  b   swpd   free   buff  cache   si   so    bi    bo   in   cs us sy id wa st gu
27  1   4864 54779404 3015300 116759556    0    0 336736 253252 261033 1601796 42 33 24  2  0  0
130  2   4864 54803552 3015300 116759572    0    0 382880 279176 270567 1615414 43 32 23  2  0  0
85  2   4864 54823936 3015300 116759584    0    0 356272 261308 265733 1612440 42 32 24  2  0  0
94  0   4864 54848376 3015300 116759596    0    0 380496 333564 273761 1617260 43 32 23  2  0  0
70  1   4864 54868704 3015300 116759604    0    0 338032 242844 269087 1618751 41 33 24  2  0  0
24  5   4864 54889680 3015300 116759612    0    0 360560 265588 265680 1605807 42 33 24  2  0  0
42  3   4864 54905500 3015300 116759628    0    0 355104 270988 263295 1605276 42 33 23  2  0  0
53  7   4864 54923928 3015300 116759636    0    0 318352 234520 257384 1603436 41 33 24  1  0  0
37  1   4864 54937092 3015300 116759648    0    0 453104 383448 281267 1619609 45 31 22  2  0  0
48  3   4864 54953052 3015300 116759656    0    0 400048 287716 266838 1605686 43 32 23  2  0  0
22  0   4864 54967612 3015300 116759664    0    0 370832 265064 269105 1608828 42 34 22  2  0  0
77  0   4864 54979548 3015300 116759680    0    0 343120 253424 270919 1616532 42 33 24  2  0  0
63 10   4864 54993820 3015300 116759688    0    0 335120 248196 268463 1621357 41 33 24  2  0  0
42  3   4864 55005068 3015300 116759696    0    0 394688 338268 273878 1615322 43 32 23  2  0  0
57  5   4864 55015688 3015300 116759704    0    0 310048 227484 256337 1596537 40 34 24  1  0  0
94 10   4864 55028268 3015300 116759712    0    0 378464 269416 270691 1610626 42 33 23  2  0  0
86 11   4864 55037208 3015300 116759728    0    0 454944 373444 272666 1571263 43 31 22  4  0  0
52  3   4864 55044836 3015300 116759736    0    0 417392 316340 277475 1623592 44 32 23  2  0  0
126  3   4864 55049776 3015300 116759748    0    0 310896 235648 256212 1602124 40 34 25  1  0  0
59  5   4864 55051748 3015300 116759756    0    0 369840 266992 267731 1606034 42 34 23  2  0  0
102 15   4864 55055508 3015300 116759764    0    0 329584 241140 259181 1604111 41 33 24  1  0  0
procs -----------memory---------- ---swap-- -----io---- -system-- -------cpu-------
 r  b   swpd   free   buff  cache   si   so    bi    bo   in   cs us sy id wa st gu
80  9   4864 55061172 3015300 116759780    0    0 393056 339592 275957 1609944 42 33 23  2  0  0
25  5   4864 55064964 3015300 116759788    0    0 414336 297584 271307 1614944 44 31 23  2  0  0
48  2   4864 55066552 3015300 116759804    0    0 398160 287124 268872 1612757 43 32 24  2  0  0
53  3   4864 55071624 3015300 116759816    0    0 342864 258372 266147 1611171 42 33 24  1  0  0
77  0   4864 55078488 3015300 116759824    0    0 374448 323420 280487 1622705 42 34 23  2  0  0
146  6   4864 55080432 3015300 116759840    0    0 370096 268004 266261 1604127 42 33 23  2  0  0
29  6   4864 55081556 3015300 116759852    0    0 406752 310888 276703 1618380 43 32 23  2  0  0
54  3   4864 55075940 3015300 116759860    0    0 341072 248484 264726 1609790 41 34 24  1  0  0
16  3   4864 55075292 3015300 116759876    0    0 369248 321808 271142 1613269 42 33 23  2  0  0
65  4   4864 55074444 3015300 116759880    0    0 391536 278856 267256 1611495 43 31 24  2  0  0
63  1   4864 55071544 3015300 116759888    0    0 382352 283952 264672 1618616 43 31 24  2  0  0
52  3   4864 55069668 3015300 116759904    0    0 392160 287752 270468 1611247 43 33 23  2  0  0
86  4   4864 55069204 3015300 116759912    0    0 369744 322964 277591 1633784 42 33 23  2  0  0
79  8   4864 55070236 3015300 116759928    0    0 396480 296904 272834 1611837 42 33 23  2  0  0
26  2   4864 55071564 3015300 116759936    0    0 329856 241296 259427 1597501 41 34 24  2  0  0
78  4   4864 55073108 3015300 116759944    0    0 343184 250792 270047 1619604 41 33 24  2  0  0
48 15   4864 55076844 3015300 116759960    0    0 357616 268028 264227 1601906 42 33 24  2  0  0
92  4   4864 55081912 3015300 116759968    0    0 356304 265120 265098 1605689 42 33 24  2  0  0
50  2   4864 55083936 3015300 116759980    0    0 367584 323380 272426 1604921 42 33 23  2  0  0
65  2   4864 55087232 3015300 116759988    0    0 346032 253840 262114 1602308 41 33 24  2  0  0
67  1   4864 55091668 3015300 116759996    0    0 425872 304888 277225 1622201 44 31 23  2  0  0
procs -----------memory---------- ---swap-- -----io---- -system-- -------cpu-------
 r  b   swpd   free   buff  cache   si   so    bi    bo   in   cs us sy id wa st gu
82 10   4864 55092136 3015300 116760012    0    0 332208 246400 259478 1602626 41 34 24  2  0  0
12  1   4864 55093660 3015300 116760020    0    0 351360 316428 267886 1604432 42 34 23  2  0  0
109  4   4864 55091884 3015300 116760032    0    0 372544 268992 268329 1607099 42 34 23  2  0  0
63  3   4864 55090536 3015300 116760040    0    0 390080 286736 271048 1611263 42 33 23  2  0  0
36 19   4864 55098408 3015300 116760056    0    0 506720 381976 298593 1622720 46 30 22  2  0  0
22  3   4864 55094988 3015300 116760068    0    0 392064 334948 273586 1610544 43 33 23  2  0  0
43  2   4864 55099208 3015300 116760076    0    0 323872 238456 263001 1607315 42 33 24  2  0  0
76  1   4864 55096808 3015300 116760088    0    0 377728 275312 270692 1614356 43 32 23  2  0  0
34  1   4864 55096148 3015300 116760096    0    0 463360 368376 286504 1616999 44 31 22  2  0  0
68  6   4864 55098244 3015300 116760104    0    0 372768 287820 273486 1612874 43 33 23  2  0  0
72  3   4864 55097396 3015300 116760120    0    0 334064 243084 262630 1603136 41 34 24  2  0  0
51  4   4864 55096152 3015300 116760128    0    0 376272 278428 272980 1619215 42 33 23  2  0  0
64  9   4864 55096200 3015300 116760208    0    0 378240 269280 265950 1604425 42 33 24  2  0  0
23  3   4864 55098136 3015300 116760216    0    0 411968 344728 284585 1618096 44 32 22  2  0  0
89  2   4864 55099748 3015300 116760224    0    0 367536 299852 271339 1601142 42 33 23  2  0  0
56  6   4864 55097788 3015300 116760240    0    0 329440 241224 265163 1607914 41 34 24  1  0  0
146  2   4864 55101572 3015300 116760248    0    0 348992 255388 266343 1616583 42 33 24  2  0  0
48  1   4864 55103320 3015300 116760260    0    0 332960 242736 261885 1601390 42 33 24  1  0  0
74  6   4864 55106728 3015300 116760268    0    0 337712 252360 261244 1602780 41 34 24  1  0  0
114  5   4864 55102932 3015300 116760280    0    0 461808 382864 282871 1616092 45 31 22  2  0  0
38 11   4864 55103320 3015300 116760292    0    0 396576 297064 271882 1608649 43 33 23  2  0  0
procs -----------memory---------- ---swap-- -----io---- -system-- -------cpu-------
 r  b   swpd   free   buff  cache   si   so    bi    bo   in   cs us sy id wa st gu
46  1   4864 55106820 3015300 116760304    0    0 356960 259996 265929 1600194 41 33 24  2  0  0
37  1   4864 55106232 3015300 116760316    0    0 332304 242824 269927 1624357 41 34 24  1  0  0
23  0   4864 55108536 3015300 116760324    0    0 399040 339084 274931 1610725 43 33 22  2  0  0
107  3   4864 55110256 3015300 116760340    0    0 330176 245224 266209 1613205 41 34 24  1  0  0
61  7   4864 55111076 3015300 116760348    0    0 348672 257360 266077 1617581 41 34 24  2  0  0
31  2   4864 55107100 3015300 116760360    0    0 344736 268564 278881 1601039 41 34 23  2  0  0
65  2   4864 55103832 3015300 116760372    0    0 314128 231292 265343 1616203 41 33 24  1  0  0
49  1   4864 55102268 3015300 116760380    0    0 368864 322000 269112 1613384 42 33 23  2  0  0
44  6   4864 55102684 3015300 116760388    0    0 383152 275428 269440 1603259 42 33 23  2  0  0
64  2   4864 55101292 3015300 116760404    0    0 426480 303448 272929 1613853 44 31 23  2  0  0
43  4   4864 55100012 3015300 116760416    0    0 362256 260832 265828 1602136 42 33 23  2  0  0
72  4   4864 55103704 3015300 116760424    0    0 377824 325204 276718 1614527 43 33 23  2  0  0
75  1   4864 55101844 3015300 116760436    0    0 338064 245036 263779 1603787 41 33 24  2  0  0
54  3   4864 55102144 3015300 116760444    0    0 352448 263568 265438 1609979 42 33 24  2  0  0
85  7   4864 55102884 3015300 116760456    0    0 332208 243956 268349 1608279 41 33 24  2  0  0
131  4   4864 55103436 3015300 116760468    0    0 329328 240124 260284 1603860 41 34 24  1  0  0
39  4   4864 55104588 3015300 116760476    0    0 461520 399404 285186 1613895 46 31 22  2  0  0
90  0   4864 55107560 3015300 116760488    0    0 447744 319744 278442 1613385 45 31 22  2  0  0
42  2   4864 55107020 3015300 116760496    0    0 325440 234108 258699 1601938 41 33 25  1  0  0
49  3   4864 55106704 3015300 116760504    0    0 382480 333504 276067 1609732 43 33 22  2  0  0
61  2   4864 55110132 3015300 116760516    0    0 372880 267736 266715 1600958 42 33 23  2  0  0
procs -----------memory---------- ---swap-- -----io---- -system-- -------cpu-------
 r  b   swpd   free   buff  cache   si   so    bi    bo   in   cs us sy id wa st gu
105  6   4864 55112804 3015300 116760524    0    0 400656 291964 279159 1622100 43 32 23  2  0  0
72  1   4864 55112608 3015300 116760536    0    0 313760 228264 258513 1597326 41 34 24  1  0  0
47 12   4864 55108620 3015300 116760544    0    0 360112 313000 269319 1605682 42 33 23  2  0  0
49  2   4864 55109100 3015300 116760556    0    0 363584 262504 272236 1613052 42 33 23  2  0  0
35  5   4864 55106360 3015300 116760568    0    0 325440 251504 258759 1603843 41 33 24  1  0  0
155 11   4864 55109360 3015300 116760576    0    0 369584 274308 271013 1606118 42 33 23  2  0  0
81  2   4864 55108800 3015300 116760588    0    0 359904 265708 267437 1604459 42 33 23  2  0  0
 9  3   4864 55108784 3015300 116760596    0    0 323424 242592 260053 1596908 41 33 24  1  0  0
108  0   4864 55107860 3015300 116760608    0    0 405248 343620 276040 1607621 43 33 22  2  0  0
71  3   4864 55106504 3015300 116760620    0    0 396400 287132 269526 1612947 44 31 23  2  0  0
106  9   4864 55109608 3015300 116760628    0    0 358912 265316 265484 1604139 42 33 23  2  0  0
117  1   4864 55105540 3015300 116760640    0    0 317872 234876 258075 1598274 40 34 24  1  0  0
70  2   4864 55108072 3015300 116760648    0    0 372208 325480 272176 1608819 42 34 22  2  0  0
46  5   4864 55109016 3015300 116760660    0    0 343120 253488 264665 1604248 43 32 24  2  0  0
43  4   4864 55110712 3015300 116760676    0    0 323232 237196 257897 1597073 41 33 24  1  0  0
49  2   4864 55111136 3015300 116760680    0    0 377056 291308 272511 1606929 43 32 23  2  0  0
28  7   4864 55108288 3015300 116760692    0    0 379200 282684 266836 1613906 42 32 24  2  0  0
82  0   4864 55105456 3015300 116760704    0    0 398688 343160 278436 1616328 43 33 23  2  0  0
49  5   4864 55104024 3015300 116760716    0    0 350608 256188 262099 1608385 42 33 24  2  0  0
71  9   4864 55105080 3015300 116760724    0    0 382448 274376 267158 1610833 43 32 24  2  0  0
110  1   4864 55104356 3015300 116760736    0    0 333280 242364 260480 1600556 41 33 24  1  0  0
procs -----------memory---------- ---swap-- -----io---- -system-- -------cpu-------
 r  b   swpd   free   buff  cache   si   so    bi    bo   in   cs us sy id wa st gu
60  4   4864 55103544 3015300 116760752    0    0 332592 245536 260182 1599604 42 33 24  1  0  0
27 12   4864 55109164 3015300 116760760    0    0 382064 329944 278620 1621925 42 33 23  2  0  0
29 13   4864 55107944 3015300 116760772    0    0 404304 295440 271889 1608773 43 32 23  2  0  0
81  2   4864 55113104 3015300 116760780    0    0 397600 298688 274196 1617880 43 32 23  2  0  0
66  1   4864 55112240 3015300 116760792    0    0 340272 260356 264408 1611969 42 33 24  2  0  0
44  5   4864 55113076 3015300 116760804    0    0 312096 244144 259213 1602479 41 34 24  1  0  0
69  6   4864 55110260 3015300 116760812    0    0 363552 304936 279128 1621568 42 34 23  2  0  0
27  3   4864 55111416 3015300 116760824    0    0 338000 250436 268496 1616760 41 33 24  2  0  0
45  5   4864 55109172 3015300 116760832    0    0 369648 267076 266903 1605130 42 33 23  2  0  0
29  6   4864 55106176 3015300 116760912    0    0 323152 239668 259665 1598752 41 33 24  1  0  0
108  2   4864 55105940 3015300 116760924    0    0 374848 323648 272749 1608885 43 33 23  2  0  0
53  7   4864 55111392 3015300 116760928    0    0 371360 269664 267222 1609200 42 33 23  2  0  0
71  3   4864 55109776 3015300 116760936    0    0 332384 246088 260534 1601152 41 33 24  2  0  0
33  1   4864 55111116 3015300 116760948    0    0 360832 259124 266729 1603306 42 33 23  2  0  0
92  2   4864 55108896 3015300 116760960    0    0 320784 240460 257644 1599227 41 33 24  2  0  0
32  0   4864 55109304 3015300 116760968    0    0 385952 330260 279165 1619562 43 33 23  2  0  0
54  2   4864 55108544 3015300 116760988    0    0 363616 279260 268166 1608780 43 33 23  2  0  0
84  7   4864 55109804 3015300 116761000    0    0 402816 292652 273196 1610880 44 31 24  2  0  0
42  5   4864 55110076 3015300 116761012    0    0 446704 369356 277552 1604316 44 31 22  2  0  0
39  6   4864 55110532 3015300 116761024    0    0 335360 246284 265001 1606127 42 33 24  2  0  0
25  7   4864 55114956 3015300 116761032    0    0 356256 257004 271785 1615068 42 33 23  2  0  0
procs -----------memory---------- ---swap-- -----io---- -system-- -------cpu-------
 r  b   swpd   free   buff  cache   si   so    bi    bo   in   cs us sy id wa st gu
37  3   4864 55114916 3015300 116761044    0    0 353488 261704 265361 1601025 42 33 23  2  0  0
106 12   4864 55113216 3015300 116761052    0    0 373696 319240 273679 1608654 42 33 23  2  0  0
24  0   4864 55113820 3015300 116761064    0    0 336608 238928 262677 1599210 41 34 24  2  0  0
71  8   4864 55111236 3015300 116761076    0    0 331952 246228 265298 1603159 41 33 24  1  0  0
98  2   4864 55109168 3015300 116761088    0    0 347168 252972 268805 1605590 42 34 23  1  0  0
74  3   4864 55112068 3015300 116761100    0    0 461152 399588 292315 1617046 45 30 22  2  0  0
29  2   4864 55112140 3015300 116761108    0    0 327312 241604 261835 1602625 42 33 24  1  0  0
42  6   4864 55113660 3015300 116761120    0    0 346096 254208 265971 1596643 42 34 23  1  0  0
14  1   4864 55115664 3015300 116761128    0    0 342896 249708 264045 1599609 42 33 24  1  0  0
79  5   4864 55117848 3015300 116761140    0    0 420400 362156 279438 1615587 44 32 22  2  0  0
62  2   4864 55115944 3015300 116761148    0    0 372688 270480 270870 1605786 42 33 23  2  0  0
79  7   4864 55114612 3015300 116761156    0    0 328208 241572 266991 1612765 41 34 24  1  0  0
108  2   4864 55112520 3015300 116761168    0    0 359920 261936 267136 1608259 42 33 23  2  0  0
105 10   4864 55114040 3015300 116761176    0    0 343856 254416 266670 1606373 41 34 24  2  0  0
56  3   4864 55117400 3015300 116761192    0    0 362896 308304 271803 1619017 42 33 24  2  0  0
74  1   4864 55118012 3015300 116761204    0    0 414576 323484 274170 1609520 43 32 23  2  0  0
157  6   4864 55116524 3015300 116761212    0    0 367568 267496 269617 1616078 42 33 24  2  0  0
87  1   4864 55122084 3015300 116761224    0    0 372768 268520 271027 1616569 43 32 23  2  0  0
112 10   4864 55118800 3015300 116761236    0    0 335536 247040 259624 1605437 41 33 24  2  0  0
38  6   4864 55113940 3015300 116761252    0    0 393568 336900 275188 1612221 43 33 23  2  0  0
53  5   4864 55114652 3015300 116761260    0    0 340016 249068 270605 1615629 42 33 24  2  0  0
procs -----------memory---------- ---swap-- -----io---- -system-- -------cpu-------
 r  b   swpd   free   buff  cache   si   so    bi    bo   in   cs us sy id wa st gu
79  2   4864 55114880 3015300 116761268    0    0 349920 258432 266335 1615299 42 33 23  2  0  0
79  8   4864 55118748 3015300 116761280    0    0 354016 255100 263080 1607399 42 33 23  2  0  0
64  4   4864 55116716 3015300 116761288    0    0 363744 265000 269264 1621364 42 33 23  2  0  0
52  1   4864 55116004 3015300 116761304    0    0 380928 332808 271664 1610681 43 33 23  2  0  0
42  5   4864 55114308 3015300 116761308    0    0 350256 251172 267169 1603725 41 34 23  2  0  0
131  6   4864 55110840 3015300 116761316    0    0 348880 271584 261231 1601043 42 32 24  2  0  0
77  1   4864 55110664 3015300 116761328    0    0 440400 312624 279527 1624306 44 31 23  2  0  0
93  4   4864 55111320 3015300 116761336    0    0 350624 308696 266776 1600467 41 33 24  2  0  0
50  3   4864 55112452 3015300 116761352    0    0 360336 256200 269060 1607281 42 33 24  2  0  0
52  0   4864 55110116 3015300 116761360    0    0 324112 234592 259881 1604208 41 33 25  1  0  0
85  0   4864 55110776 3015300 116761368    0    0 392208 286344 273841 1614294 43 33 23  2  0  0
104  4   4864 55110300 3015300 116761380    0    0 356128 259304 267522 1605435 42 33 23  2  0  0
29  2   4864 55109324 3015300 116761388    0    0 336256 302332 263169 1598985 42 33 23  2  0  0
43  1   4864 55108068 3015300 116761404    0    0 348208 251764 266738 1600821 41 34 23  1  0  0
68  6   4864 55109196 3015300 116761416    0    0 331504 245984 269477 1615962 41 33 24  1  0  0
80 17   4864 55106600 3015300 116761424    0    0 391072 280892 272240 1603664 43 32 23  2  0  0
74  7   4864 55107940 3015300 116761432    0    0 491424 421400 284505 1609064 45 31 22  2  0  0
41  3   4864 55110228 3015300 116761444    0    0 346016 255520 265763 1604261 42 33 24  2  0  0
49  4   4864 55111052 3015300 116761456    0    0 319504 235220 257390 1599283 41 33 24  1  0  0
48 10   4864 55112708 3015300 116761468    0    0 363472 262504 268154 1596131 42 34 23  2  0  0
71  0   4864 55113316 3015300 116761476    0    0 330176 242724 266697 1611047 41 33 24  2  0  0
procs -----------memory---------- ---swap-- -----io---- -system-- -------cpu-------
 r  b   swpd   free   buff  cache   si   so    bi    bo   in   cs us sy id wa st gu
53 11   4864 55112196 3015300 116761480    0    0 355680 280712 272165 1614768 42 34 23  2  0  0
106 12   4864 55073600 3015300 116761492    0    0 363712 298440 268915 1594299 42 33 23  2  0  0
49 10   4864 55081188 3015300 116761504    0    0 341648 245656 262839 1600244 42 33 23  1  0  0
22  4   4864 55092300 3015300 116761520    0    0 480912 338456 279684 1619465 46 30 22  2  0  0
31  7   4864 55095988 3015300 116761528    0    0 379872 347036 272271 1607058 43 33 23  2  0  0
141  0   4864 55096540 3015300 116761536    0    0 361520 264980 272061 1619040 42 33 24  2  0  0
45  4   4864 55093292 3015300 116761640    0    0 334304 248196 265947 1615764 42 33 24  1  0  0
48  2   4864 55094572 3015300 116761648    0    0 387232 282420 271242 1609401 43 33 23  2  0  0
15  2   4864 55098200 3015300 116761664    0    0 345664 256396 264463 1612158 42 32 24  2  0  0
60  1   4864 55099640 3015300 116761672    0    0 406720 353256 276208 1613398 43 32 22  2  0  0
61  0   4864 55100468 3015300 116761680    0    0 361408 259276 267771 1609389 42 33 23  2  0  0
64  4   4864 55090052 3015300 116761692    0    0 310496 230484 257017 1593732 41 34 24  1  0  0
70  6   4864 55093784 3015300 116761700    0    0 375936 276964 270809 1609449 43 33 23  2  0  0
 8  7   4864 55093488 3015300 116761720    0    0 346528 251800 268857 1617259 41 33 24  2  0  0
50  6   4864 55090628 3015300 116761728    0    0 423760 357332 276938 1612134 44 32 23  2  0  0
44  7   4864 55092568 3015300 116761740    0    0 389648 303200 268276 1611441 43 31 24  2  0  0
51  0   4864 55091972 3015300 116761752    0    0 368384 266160 275052 1611686 42 33 23  2  0  0
101  1   4864 55094036 3015300 116761760    0    0 324656 237348 267531 1616577 40 34 24  1  0  0
54  3   4864 55099104 3015300 116761772    0    0 377312 279368 269485 1610598 43 32 23  2  0  0
73  4   4864 55097296 3015300 116761780    0    0 378080 328728 270829 1609064 42 33 23  2  0  0
33  4   4864 55100016 3015300 116761788    0    0 358128 264020 263178 1607246 42 32 23  2  0  0
procs -----------memory---------- ---swap-- -----io---- -system-- -------cpu-------
 r  b   swpd   free   buff  cache   si   so    bi    bo   in   cs us sy id wa st gu
91  2   4864 55102112 3015300 116761800    0    0 364624 263788 268482 1610605 42 34 23  2  0  0
29  5   4864 55103680 3015300 116761808    0    0 465808 378416 289613 1619758 44 32 22  2  0  0
41  3   4864 55102148 3015300 116761824    0    0 362816 271236 275383 1606115 42 34 23  2  0  0
38  4   4864 55103620 3015300 116761832    0    0 337952 241180 261586 1599899 42 33 23  1  0  0
27  5   4864 55102248 3015300 116761844    0    0 338912 250012 264665 1607139 41 34 23  2  0  0
57  6   4864 55104360 3015300 116761864    0    0 354944 277428 272574 1610782 42 33 23  2  0  0
72  9   4864 55101640 3015300 116761872    0    0 400896 343000 278064 1615396 43 32 23  2  0  0
47  4   4864 55100684 3015300 116761888    0    0 353168 254212 263237 1603903 42 33 24  2  0  0
67  5   4864 55100188 3015300 116761896    0    0 318640 233460 258028 1600128 41 33 24  1  0  0
77  5   4864 55098740 3015300 116761904    0    0 357744 264516 306074 1598413 42 33 23  2  0  0
