procs -----------memory---------- ---swap-- -----io---- -system-- -------cpu-------
 r  b   swpd   free   buff  cache   si   so    bi    bo   in   cs us sy id wa st gu
 8  1  77224 140895384 2225696 34233644   37   48 85432 104692 82871   11 12  2 84  1  0  0
 4  2  77224 140893760 2225696 34233708    0    0 156400 371624 113986 78500  2  1 95  2  0  0
119  0  77224 140876616 2225696 34233748    0    0 51392 269928 105385 61479 94  3  4  0  0  0
133  0  77224 140785348 2225696 34233764    0    0 50592 236092 202671 57040 96  3  1  0  0  0
121  1  77224 140782800 2225696 34233776    0    0 48096 219652 99388 54608 97  2  1  0  0  0
166  0  77224 140771620 2225696 34233796    0    0 43344 250460 100089 55983 97  2  1  0  0  0
156  0  77224 140757852 2225696 34233812    0    0 47264 233660 99849 55731 97  2  1  0  0  0
131  1  77224 140735380 2225696 34233832    0    0 49216 234776 161676 56915 97  2  1  0  0  0
218  0  77224 140722512 2225696 34233844    0    0 38976 223008 107544 55627 97  2  1  0  0  0
135  0  77224 140709924 2225696 34233856    0    0 49120 258072 105496 58232 97  2  1  0  0  0
130  1  77224 140682576 2225696 34233880    0    0 46224 252920 115719 58925 97  2  1  0  0  0
136  0  77224 140660636 2225696 34233904    0    0 43840 204800 109358 56022 98  2  0  0  0  0
66  0  77224 140640108 2225696 34233912    0    0 55648 281848 117244 56632 96  2  2  0  0  0
25 21  77224 139891928 2225696 34233932    0    0 339760 428688 696487 934311 37 40 21  2  0  0
34  2  77224 139838896 2225696 34233960    0    0 601424 325512 271077 1469520 46 27 23  4  0  0
153 10  77224 139804600 2225696 34233984    0    0 556640 312576 262452 1503412 45 28 24  3  0  0
43  2  77224 139764424 2225696 34234024    0    0 569152 336272 265611 1463672 44 26 26  4  0  0
46  1  77224 139724784 2225696 34234044    0    0 553792 311984 264750 1498722 44 27 25  4  0  0
125  2  77224 139674428 2225696 34234072    0    0 560832 306092 270411 1500715 45 27 25  3  0  0
85  8  77224 139626208 2225696 34234096    0    0 506112 289932 265704 1513537 44 27 26  3  0  0
47  4  77224 139589380 2225696 34234120    0    0 603088 328624 269466 1489985 45 27 24  4  0  0
procs -----------memory---------- ---swap-- -----io---- -system-- -------cpu-------
 r  b   swpd   free   buff  cache   si   so    bi    bo   in   cs us sy id wa st gu
59  7  77224 139559640 2225696 34234152    0    0 535744 321044 267389 1541771 45 28 24  3  0  0
32  6  77224 139551292 2225696 34234180    0    0 624512 349976 280449 1497326 47 26 23  4  0  0
20  0  77224 139545632 2225696 34234192    0    0 597104 345692 274331 1488339 47 26 24  4  0  0
39  1  77224 139532012 2225696 34234216    0    0 570608 355820 276372 1512395 46 28 23  3  0  0
51  4  77224 139506020 2225696 34234244    0    0 599568 389336 271505 1493827 46 27 24  4  0  0
27  5  77224 139494780 2225704 34234264    0    0 623392 429708 277522 1480600 46 26 24  4  0  0
37 15  77224 139499524 2225704 34234296    0    0 571408 468232 275151 1500655 45 28 23  4  0  0
46  1  77224 139475644 2225704 34234320    0    0 662960 503444 287458 1508932 48 26 22  4  0  0
43  0  77224 139487532 2225704 34234348    0    0 591296 469384 283195 1521759 47 27 22  4  0  0
31  4  77224 139501236 2225704 34234376    0    0 634416 457336 282442 1501259 47 27 22  4  0  0
43  8  77224 139490404 2225708 34234396    0    0 550400 421772 274064 1510729 45 28 23  3  0  0
111  3  77224 139494732 2225708 34234424    0    0 561648 413060 275849 1519416 46 28 23  3  0  0
56  4  77224 139465260 2225708 34234452    0    0 549120 396668 277030 1511522 45 28 23  3  0  0
37  2  77224 139462504 2225708 34234480    0    0 544032 397196 270052 1478555 45 28 24  4  0  0
58  7  77224 139459764 2225708 34234508    0    0 539440 365444 269149 1468411 45 29 23  3  0  0
38  1  77224 139461888 2225712 34234524    0    0 587392 375360 271564 1434133 46 28 23  4  0  0
41  6  77224 139489540 2225712 34234556    0    0 588832 366156 274345 1472771 46 28 23  4  0  0
92 21  77224 139479424 2225712 34234576    0    0 522016 341320 270988 1480905 45 29 23  3  0  0
99  2  77224 139488412 2225712 34234600    0    0 522048 341916 266915 1469140 44 30 24  3  0  0
58  4  77224 139486176 2225712 34234636    0    0 539488 340860 268316 1459990 45 28 24  3  0  0
100 18  77224 139465988 2225712 34234672    0    0 632176 385692 274806 1409367 46 28 22  5  0  0
procs -----------memory---------- ---swap-- -----io---- -system-- -------cpu-------
 r  b   swpd   free   buff  cache   si   so    bi    bo   in   cs us sy id wa st gu
53  6  77224 139462728 2225712 34234696    0    0 537472 343376 270451 1451107 45 29 23  3  0  0
111  4  77224 139448628 2225712 34234724    0    0 513840 337828 270047 1472376 45 30 23  3  0  0
139  8  77224 139457732 2225712 34234760    0    0 500480 335872 269060 1480006 44 30 23  3  0  0
37  7  77224 139464428 2225712 34234776    0    0 570688 362724 275605 1450612 46 28 23  4  0  0
63  4  77224 139459532 2225712 34234796    0    0 584144 367992 275334 1428529 44 30 22  4  0  0
54 16  77224 139446600 2225712 34234836    0    0 527472 355748 282862 1468874 44 29 23  3  0  0
38 27  77224 139438596 2225712 34234864    0    0 653120 419256 277809 1398045 47 27 22  4  0  0
62  0  77224 139431588 2225712 34234896    0    0 562400 368456 274020 1439420 46 28 23  3  0  0
65 10  77224 139469644 2225712 34234912    0    0 543904 372216 275009 1450058 45 29 23  3  0  0
29 11  77224 139476216 2225712 34234944    0    0 526736 364672 270188 1446702 44 29 23  3  0  0
32 23  77224 139500664 2225712 34234976    0    0 499328 354876 274576 1473062 44 30 23  3  0  0
65  2  77224 139476072 2225712 34234996    0    0 519104 370920 272801 1451694 44 30 23  3  0  0
27 14  77224 139463184 2225712 34235016    0    0 573712 422436 274615 1409461 45 29 23  4  0  0
74 17  77224 139467884 2225712 34235048    0    0 632304 437628 287505 1428936 47 27 23  4  0  0
39  6  77224 139453888 2225712 34235072    0    0 648544 454332 278481 1388778 46 27 23  5  0  0
57  4  77224 139458808 2225712 34235100    0    0 608288 442332 277557 1426050 45 28 23  4  0  0
30  5  77224 139461508 2225712 34235136    0    0 564304 420704 273664 1434946 44 28 24  4  0  0
89  3  77224 139479940 2225712 34235164    0    0 560208 432132 276744 1444034 44 28 24  4  0  0
103  5  77224 139467340 2225712 34235180    0    0 704992 509328 289213 1404775 48 26 22  5  0  0
143  5  77224 139435728 2225712 34235196    0    0 558912 437256 279673 1440377 44 28 24  4  0  0
46  4  77224 139437060 2225712 34235232    0    0 640992 482004 279389 1391444 45 26 24  5  0  0
procs -----------memory---------- ---swap-- -----io---- -system-- -------cpu-------
 r  b   swpd   free   buff  cache   si   so    bi    bo   in   cs us sy id wa st gu
19 11  77224 139461284 2225712 34235256    0    0 633792 469700 277276 1381431 46 26 23  5  0  0
40 14  77224 139485604 2225712 34235280    0    0 622000 468448 280899 1416030 45 27 23  4  0  0
32  8  77224 139472768 2225712 34235304    0    0 638640 471892 279928 1408187 46 27 23  4  0  0
60 11  77224 139449248 2225712 34235340    0    0 548320 432956 282059 1448572 44 28 24  4  0  0
39 10  77224 139480296 2225712 34235364    0    0 635552 482588 283454 1422763 46 27 23  5  0  0
34 11  77224 139479352 2225712 34235388    0    0 619008 463716 282826 1400341 46 26 24  4  0  0
97  1  77224 139469236 2225712 34235420    0    0 676128 478280 280004 1368902 47 26 23  5  0  0
107  3  77224 139466812 2225716 34235444    0    0 573072 436968 278622 1412102 44 27 25  4  0  0
128  6  77224 139450128 2225716 34235464    0    0 621296 453680 278107 1400213 46 26 24  4  0  0
38 12  77224 139437344 2225716 34235504    0    0 595200 446416 275676 1406458 45 28 23  4  0  0
68 16  77224 139434712 2225716 34235528    0    0 552384 434124 274619 1423145 45 29 23  4  0  0
26  9  77224 139415816 2225716 34235548    0    0 549840 425680 282724 1430830 44 29 23  4  0  0
58 19  77224 139414572 2225716 34235564    0    0 548912 417404 277365 1426230 44 29 23  4  0  0
42  3  77224 139433576 2225716 34235592    0    0 596080 436132 278580 1398027 45 28 23  4  0  0
29  1  77224 139429132 2225716 34235620    0    0 592672 435356 274774 1392660 45 28 24  4  0  0
69 10  77224 139422744 2225716 34235652    0    0 568688 432664 279735 1416682 45 28 23  4  0  0
23 28  77224 139428624 2225716 34235680    0    0 566752 416592 272870 1420002 45 29 23  4  0  0
63  9  77224 139444460 2225716 34235704    0    0 574864 447828 277051 1402362 45 28 24  4  0  0
60  2  77224 139446356 2225716 34235736    0    0 690720 476464 281410 1353532 46 27 22  6  0  0
42  2  77224 139450592 2225716 34235756    0    0 586144 428756 275390 1410146 44 28 24  4  0  0
72  3  77224 139431432 2225716 34235776    0    0 590624 431164 278064 1418688 45 29 23  4  0  0
procs -----------memory---------- ---swap-- -----io---- -system-- -------cpu-------
 r  b   swpd   free   buff  cache   si   so    bi    bo   in   cs us sy id wa st gu
37 18  77224 139412308 2225716 34235804    0    0 580544 437160 277180 1413981 44 29 23  4  0  0
22 24  77224 139422348 2225716 34235828    0    0 575600 426724 273797 1391128 44 28 24  4  0  0
75 10  77224 139419476 2225716 34235860    0    0 597472 454208 275626 1381601 45 28 23  4  0  0
42 17  77224 139406004 2225716 34235888    0    0 540624 412632 296656 1423105 44 29 24  4  0  0
25  3  77224 139414144 2225716 34235912    0    0 574624 428452 277056 1409604 44 29 23  4  0  0
26 10  77224 139412340 2225716 34235932    0    0 649712 458764 279542 1404037 46 26 24  5  0  0
39  2  77224 139401124 2225716 34235948    0    0 562528 421760 274299 1418995 44 26 25  4  0  0
27 12  77224 139424188 2225716 34235980    0    0 587536 435552 276005 1420383 45 28 23  4  0  0
46  6  77224 139430940 2225716 34236004    0    0 588000 452752 283979 1384636 45 27 24  4  0  0
19  1  77224 139418720 2225716 34236032    0    0 587568 433856 270897 1376493 44 28 24  5  0  0
54 28  77224 139433672 2225716 34236060    0    0 581024 442076 277440 1395453 44 27 24  4  0  0
48  1  77224 139420316 2225716 34236088    0    0 566448 427600 272649 1388962 44 28 24  4  0  0
18  8  77224 139424136 2225716 34236112    0    0 584528 439352 277649 1408819 45 27 24  4  0  0
37  2  77224 139418716 2225716 34236136    0    0 567216 425036 281442 1433232 45 28 23  4  0  0
26 24  77224 139379316 2225716 34236160    0    0 582384 437648 274015 1397173 45 28 24  4  0  0
41  4  77224 139403800 2225716 34236184    0    0 609696 462344 276615 1379105 45 27 23  4  0  0
51  1  77224 139400204 2225716 34236216    0    0 577536 433760 272741 1403119 45 28 24  4  0  0
47  5  77224 139403436 2225716 34236252    0    0 568832 429352 272287 1407682 44 28 24  4  0  0
91  5  77224 139405056 2225716 34236268    0    0 561504 428148 273639 1410527 44 29 23  4  0  0
59  3  77224 139418504 2225716 34236300    0    0 616880 460552 275182 1391141 45 28 23  4  0  0
52  5  77224 139437668 2225716 34236320    0    0 548912 424224 277040 1422528 44 29 24  4  0  0
procs -----------memory---------- ---swap-- -----io---- -system-- -------cpu-------
 r  b   swpd   free   buff  cache   si   so    bi    bo   in   cs us sy id wa st gu
28  5  77224 139423712 2225716 34236340    0    0 588112 459160 275213 1403175 45 28 23  4  0  0
52  1  77224 139412176 2225716 34236368    0    0 596592 444424 278923 1374998 44 28 23  4  0  0
66 16  77224 139403832 2225716 34236392    0    0 564656 430472 274686 1404692 44 28 24  4  0  0
63  2  77224 139401132 2225716 34236428    0    0 585088 448440 277874 1404207 44 28 24  4  0  0
42 18  77224 139392008 2225716 34236456    0    0 622576 453136 279695 1401058 45 27 24  4  0  0
10 15  77224 139396024 2225716 34236484    0    0 584832 433556 275492 1409052 44 27 25  4  0  0
46 14  77224 139437076 2225716 34236508    0    0 584640 436848 278386 1432509 44 27 25  4  0  0
68  0  77224 139441236 2225716 34236524    0    0 588528 453572 275222 1420751 44 27 24  4  0  0
52  3  77224 139436920 2225716 34236552    0    0 691296 484388 278754 1357596 46 26 23  5  0  0
54  5  77224 139429016 2225716 34236580    0    0 643952 472472 277324 1362452 45 26 24  5  0  0
101  3  77224 139406164 2225716 34236612    0    0 616768 452188 279071 1394973 45 28 23  4  0  0
48  5  77224 139413376 2225716 34236632    0    0 638752 465264 276442 1377940 45 26 24  5  0  0
72 18  77224 139412216 2225716 34236660    0    0 604064 464248 279586 1412184 44 28 24  4  0  0
41  6  77224 139410480 2225716 34236684    0    0 613136 453408 279371 1397435 45 27 23  5  0  0
74 23  77224 139432196 2225716 34236716    0    0 604384 446992 278371 1423694 46 27 23  4  0  0
51  1  77224 139418052 2225716 34236740    0    0 591648 446044 274366 1392467 45 27 23  4  0  0
15  3  77224 139412416 2225716 34236768    0    0 606400 449300 274318 1386625 45 26 24  4  0  0
113  4  77224 139404272 2225716 34236792    0    0 620976 455964 277140 1376170 45 26 24  5  0  0
82  0  77224 139394992 2225716 34236816    0    0 595056 445328 279641 1417014 45 27 24  4  0  0
22 21  77224 139406572 2225716 34236848    0    0 587904 462064 275126 1391364 44 26 26  4  0  0
68 10  77224 139403160 2225716 34236872    0    0 565728 427136 274868 1412539 44 28 24  4  0  0
procs -----------memory---------- ---swap-- -----io---- -system-- -------cpu-------
 r  b   swpd   free   buff  cache   si   so    bi    bo   in   cs us sy id wa st gu
104  6  77224 139412788 2225716 34236900    0    0 643152 472796 284099 1408885 45 26 24  5  0  0
64  5  77224 139412976 2225716 34236916    0    0 578768 436160 273603 1402744 44 28 23  4  0  0
30 13  77224 139404716 2225716 34236940    0    0 573984 438908 278009 1398093 45 28 23  4  0  0
89 19  77224 139398976 2225716 34236964    0    0 575008 434492 273636 1404892 45 28 24  4  0  0
42  2  77224 139380656 2225716 34236996    0    0 567648 428236 278588 1428327 45 29 23  4  0  0
54  5  77224 139365008 2225716 34237016    0    0 630688 474976 272374 1335804 45 27 23  6  0  0
50  3  77224 139386944 2225716 34237048    0    0 516928 408780 271350 1420958 43 29 24  3  0  0
30 14  77224 139390972 2225716 34237076    0    0 556320 425952 283093 1426127 44 28 24  4  0  0
53  9  77224 139389912 2225720 34237100    0    0 606032 446564 280779 1411592 45 28 22  4  0  0
35  3  77224 139375384 2225720 34237124    0    0 554256 425228 272196 1407551 44 28 24  4  0  0
51  6  77224 139388124 2225720 34237156    0    0 609888 454564 282675 1413176 45 27 24  4  0  0
60 13  77224 139380184 2225720 34237180    0    0 597024 465216 277119 1381206 44 26 25  4  0  0
26  6  77224 139377796 2225724 34237200    0    0 597488 447548 275192 1392918 44 26 25  4  0  0
32  8  77224 139374392 2225728 34237232    0    0 600192 450680 272456 1382799 45 27 24  4  0  0
44 21  77224 139358980 2225728 34237256    0    0 530880 411660 274039 1426683 43 30 24  4  0  0
58 13  77224 139391536 2225728 34237284    0    0 600240 446284 281375 1419960 44 28 24  4  0  0
48  9  77224 139395412 2225728 34237312    0    0 624704 463056 277443 1363529 46 26 23  5  0  0
59  2  77224 139391480 2225728 34237324    0    0 567184 439988 273234 1413816 44 28 23  4  0  0
65  1  77224 139386284 2225728 34237352    0    0 633488 460856 277096 1387807 45 28 23  4  0  0
45 20  77224 139395176 2225728 34237384    0    0 633520 459768 277701 1363182 45 27 23  5  0  0
123  2  77224 139389824 2225728 34237412    0    0 550512 426232 273058 1415077 43 30 23  4  0  0
procs -----------memory---------- ---swap-- -----io---- -system-- -------cpu-------
 r  b   swpd   free   buff  cache   si   so    bi    bo   in   cs us sy id wa st gu
84 15  77224 139378128 2225728 34237452    0    0 537744 411924 279164 1437278 44 30 23  3  0  0
19  9  77224 139385096 2225728 34237472    0    0 658912 470560 272814 1349843 45 25 24  6  0  0
52  2  77224 139396320 2225728 34237492    0    0 596912 447596 276268 1393751 45 27 23  5  0  0
49  8  77224 139386652 2225732 34237516    0    0 673456 491000 272226 1315747 45 26 22  7  0  0
40 14  77224 139388852 2225732 34237564    0    0 595344 450012 274017 1410634 45 28 23  4  0  0
21 17  77224 139369284 2225732 34237592    0    0 599504 439968 274028 1391374 45 28 23  4  0  0
92  1  77224 139372648 2225732 34237608    0    0 674464 483264 287445 1355588 47 26 22  5  0  0
57  5  77224 139361192 2225732 34237636    0    0 583472 441312 273593 1396052 44 28 24  4  0  0
47  4  77224 139374212 2225732 34237672    0    0 528752 410244 271717 1436127 43 30 23  4  0  0
49  3  77224 139383612 2225732 34237696    0    0 583408 448884 275953 1425440 44 29 23  4  0  0
95 10  77224 139385076 2225732 34237708    0    0 637328 468180 275066 1357922 45 27 22  5  0  0
101 12  77224 139387936 2225732 34237732    0    0 582576 444828 273602 1397857 44 27 24  4  0  0
62  2  77224 139408396 2225732 34237760    0    0 706656 509440 278038 1308859 46 24 24  6  0  0
41  0  77224 139371176 2225736 34237788    0    0 546368 421228 285096 1419853 43 28 25  4  0  0
48  4  77224 139345200 2225736 34237824    0    0 642464 465560 277569 1401910 46 27 23  5  0  0
150  3  77224 139359332 2225736 34237852    0    0 612608 460672 271973 1361908 45 27 23  5  0  0
28  3  77224 139376888 2225736 34237884    0    0 548768 422948 274308 1428231 44 28 24  4  0  0
77  5  77224 139368828 2225736 34237904    0    0 542496 417024 272443 1424625 44 29 23  4  0  0
77  3  77224 139360728 2225736 34237932    0    0 560096 426300 274122 1424473 44 29 23  4  0  0
46  5  77224 139366088 2225736 34237964    0    0 589184 435364 280621 1426423 46 28 22  4  0  0
121  9  77224 139358184 2225736 34237976    0    0 631696 464728 276671 1360517 45 27 24  5  0  0
procs -----------memory---------- ---swap-- -----io---- -system-- -------cpu-------
 r  b   swpd   free   buff  cache   si   so    bi    bo   in   cs us sy id wa st gu
83  5  77224 139347608 2225736 34238008    0    0 580640 434232 272370 1406003 44 28 23  4  0  0
26  9  77224 139343536 2225736 34238028    0    0 537184 431608 272879 1426294 43 29 24  4  0  0
83  5  77224 139341604 2225736 34238068    0    0 605552 444976 276667 1403627 45 27 24  5  0  0
33  7  77224 139395032 2225736 34238092    0    0 658752 480380 280172 1380168 45 25 25  5  0  0
49  0  77224 139390564 2225736 34238120    0    0 541024 420332 270680 1403423 43 28 25  4  0  0
38  3  77224 139363224 2225736 34238136    0    0 594528 445512 275061 1387294 43 27 25  4  0  0
38  7  77224 139345916 2225736 34238156    0    0 627600 455448 276451 1407231 45 27 23  5  0  0
43  3  77224 139355888 2225736 34238188    0    0 641744 484292 275390 1374268 45 26 24  5  0  0
42  7  77224 139344920 2225736 34238212    0    0 633248 465532 274954 1391963 45 26 24  5  0  0
46 11  77224 139332860 2225736 34238236    0    0 610128 451764 276227 1423321 45 27 24  4  0  0
80  7  77224 139381336 2225736 34238260    0    0 623360 457632 280172 1379629 44 25 26  5  0  0
59  7  77224 139371192 2225736 34238280    0    0 542320 420532 277041 1434403 44 29 24  4  0  0
103  5  77224 139350848 2225736 34238304    0    0 602032 446612 283826 1416111 45 28 23  4  0  0
17  3  77224 139331324 2225736 34238328    0    0 531968 409812 270204 1417226 43 29 24  4  0  0
92 16  77224 139355980 2225736 34238356    0    0 609312 469052 275583 1377753 44 27 24  4  0  0
78  7  77224 139353920 2225736 34238384    0    0 568768 432380 273044 1413715 44 29 23  4  0  0
64  0  77224 139350936 2225740 34238408    0    0 581184 437464 275495 1419488 45 29 23  4  0  0
48 24  77224 139360520 2225740 34238444    0    0 636384 461004 275639 1369397 46 26 23  5  0  0
77  9  77224 139389056 2225740 34238468    0    0 603520 452848 275473 1393567 44 28 24  5  0  0
59  2  77224 139370044 2225740 34238488    0    0 608848 442356 274616 1369120 44 27 23  6  0  0
27 16  77224 139364384 2225740 34238516    0    0 602560 457240 278766 1409664 45 27 24  4  0  0
procs -----------memory---------- ---swap-- -----io---- -system-- -------cpu-------
 r  b   swpd   free   buff  cache   si   so    bi    bo   in   cs us sy id wa st gu
56 10  77224 139336116 2225740 34238548    0    0 621696 464004 279900 1391808 45 27 23  4  0  0
52  5  77224 139312384 2225740 34238568    0    0 523424 402232 273712 1434851 43 29 24  4  0  0
45  6  77224 139337096 2225740 34238608    0    0 574704 438264 276478 1405972 44 28 24  4  0  0
32  3  77224 139329412 2225740 34238632    0    0 565504 428852 273420 1405859 44 28 24  4  0  0
50  2  77224 139360000 2225740 34238648    0    0 560032 428688 274150 1434623 44 29 23  4  0  0
81  5  77224 139338852 2225740 34238684    0    0 515376 409496 272155 1433458 43 29 24  4  0  0
80  1  77224 139329416 2225740 34238700    0    0 582096 451380 276124 1406071 45 28 23  4  0  0
103  2  77224 139345196 2225744 34238728    0    0 611440 452052 277621 1379868 45 27 24  4  0  0
64  7  77224 139340916 2225744 34238760    0    0 561680 430136 271828 1403364 44 27 24  4  0  0
37  7  77224 139333200 2225744 34238800    0    0 555856 424276 275084 1420608 44 29 23  4  0  0
50  7  77224 139312084 2225744 34238812    0    0 533952 417544 274032 1428171 43 29 24  4  0  0
127 15  77224 139321352 2225744 34238844    0    0 637440 461492 279454 1405178 45 27 23  5  0  0
26 15  77224 139321340 2225744 34238860    0    0 639200 489956 280232 1412783 46 25 24  5  0  0
50  2  77224 139328172 2225744 34238880    0    0 628256 464488 277406 1380286 45 26 25  5  0  0
64  8  77224 139350240 2225744 34238924    0    0 594592 447528 274476 1390961 43 27 25  5  0  0
37  5  77224 139329220 2225744 34238944    0    0 619616 453132 275541 1397479 45 27 24  4  0  0
53  1  77224 139325932 2225744 34238968    0    0 631120 463572 277967 1386490 45 26 23  5  0  0
32  4  77224 139340152 2225744 34239000    0    0 560288 432592 271252 1417851 44 27 25  4  0  0
79  6  77224 139321444 2225744 34239028    0    0 594736 461480 276021 1382483 44 26 25  5  0  0
59 32  77224 139320980 2225744 34239048    0    0 652768 476484 282536 1380748 45 26 24  5  0  0
29  7  77224 139311456 2225744 34239064    0    0 578544 442488 278514 1417816 44 27 25  4  0  0
procs -----------memory---------- ---swap-- -----io---- -system-- -------cpu-------
 r  b   swpd   free   buff  cache   si   so    bi    bo   in   cs us sy id wa st gu
21 13  77224 139332192 2225744 34239096    0    0 571264 433812 273387 1395426 43 28 24  5  0  0
95  6  77224 139326340 2225744 34239120    0    0 602736 446536 282156 1405550 45 27 24  4  0  0
42  9  77224 139325592 2225744 34239156    0    0 550288 424316 274586 1403118 43 28 24  4  0  0
73  3  77224 139314940 2225744 34239172    0    0 567488 428484 269728 1406399 44 28 23  4  0  0
17  3  77224 139315980 2225744 34239204    0    0 601408 457384 272500 1369373 44 27 24  5  0  0
86 15  77224 139338080 2225744 34239232    0    0 585216 431316 280771 1421289 44 27 24  5  0  0
50 17  77224 139339556 2225744 34239256    0    0 616000 452380 275924 1409221 45 27 24  5  0  0
38  1  77224 139319948 2225744 34239276    0    0 657504 467092 277627 1377219 46 26 23  5  0  0
44  3  77224 139309828 2225744 34239308    0    0 577824 427984 275023 1392647 43 28 24  4  0  0
33 19  77224 139314144 2225744 34239328    0    0 549728 424328 276376 1432946 43 29 23  4  0  0
64  9  77224 139311440 2225744 34239348    0    0 597408 452892 277632 1394208 45 27 23  5  0  0
61  7  77224 139299784 2225744 34239380    0    0 547888 420200 270305 1399042 43 28 25  4  0  0
46  9  77224 139306220 2225744 34239404    0    0 652800 470456 279544 1377735 46 27 23  5  0  0
96 15  77224 139320824 2225744 34239432    0    0 560960 427468 283262 1448039 44 29 23  4  0  0
30 24  77224 139324720 2225744 34239460    0    0 591344 439220 272436 1390653 45 28 23  4  0  0
146  1  77224 139314064 2225744 34239484    0    0 578016 429968 272169 1399825 44 28 23  4  0  0
39  5  77224 139324400 2225744 34239508    0    0 591280 454824 272896 1401768 44 27 24  5  0  0
50  1  77224 139326200 2225748 34239536    0    0 611888 434496 270755 1362877 44 26 23  7  0  0
75  3  77224 139326048 2225748 34239564    0    0 657824 480016 274358 1353081 45 25 25  5  0  0
92  1  77224 139302064 2225748 34239600    0    0 585216 429088 275509 1427447 44 27 24  5  0  0
66 21  77224 139318292 2225748 34239616    0    0 600512 438076 275156 1424308 45 26 24  5  0  0
procs -----------memory---------- ---swap-- -----io---- -system-- -------cpu-------
 r  b   swpd   free   buff  cache   si   so    bi    bo   in   cs us sy id wa st gu
88  3  77224 139345632 2225748 34239652    0    0 577984 433212 276867 1419087 44 27 24  5  0  0
48  3  77224 139337888 2225748 34239676    0    0 595008 455620 271902 1362696 44 26 23  6  0  0
63  4  77224 139328452 2225748 34239708    0    0 559152 430688 269773 1394118 44 28 24  4  0  0
58 21  77224 139327388 2225748 34239732    0    0 631360 449100 272833 1327681 46 26 21  7  0  0
79  4  77224 139329100 2225748 34239744    0    0 558400 421160 269816 1398603 44 29 23  4  0  0
28 22  77224 139310528 2225748 34239780    0    0 575008 427956 273321 1402225 44 29 23  4  0  0
31 24  77224 139313836 2225748 34239820    0    0 630208 453652 276582 1373508 45 27 22  5  0  0
37 20  77224 139312952 2225748 34239836    0    0 563008 425868 274558 1419978 44 28 23  4  0  0
29  2  77224 139307624 2225748 34239860    0    0 535984 426848 275326 1417728 44 28 24  4  0  0
51  6  77224 139309068 2225748 34239892    0    0 544304 410800 269592 1407705 44 28 24  4  0  0
27 19  77224 139299184 2225748 34239916    0    0 582928 431224 274322 1386553 44 28 23  5  0  0
43  6  77224 139300456 2225748 34239952    0    0 546688 413040 270778 1393583 44 29 23  4  0  0
32  7  77224 139318476 2225748 34239968    0    0 611232 448592 276733 1367325 44 27 24  5  0  0
44  6  77224 139326140 2225748 34239992    0    0 631440 440316 272006 1347726 45 26 22  7  0  0
91  6  77224 139326516 2225748 34240024    0    0 539344 411140 269661 1427925 44 28 23  4  0  0
68 32  77224 139314196 2225748 34240052    0    0 565440 437916 271850 1403710 45 28 23  5  0  0
37  6  77224 139294320 2225748 34240064    0    0 561760 425416 270972 1393642 44 29 23  5  0  0
27  2  77224 139284128 2225748 34240092    0    0 597472 426752 273630 1376535 44 28 23  5  0  0
56 13  77224 139281148 2225748 34240112    0    0 584272 422316 273462 1394251 44 27 23  6  0  0
102  0  77224 139305700 2225748 34240140    0    0 599904 431312 267674 1340421 43 27 23  7  0  0
35  2  77224 139305932 2225748 34240164    0    0 554128 413548 268545 1399550 44 28 24  5  0  0
procs -----------memory---------- ---swap-- -----io---- -system-- -------cpu-------
 r  b   swpd   free   buff  cache   si   so    bi    bo   in   cs us sy id wa st gu
51 19  77224 139304608 2225748 34240192    0    0 604960 457316 272910 1382331 46 27 23  5  0  0
27 28  77224 139305560 2225748 34240216    0    0 530528 400212 269865 1428597 43 29 23  4  0  0
38  7  77224 139309860 2225748 34240244    0    0 621312 439584 269313 1332343 44 26 22  7  0  0
69  5  77224 139304524 2225748 34240264    0    0 624192 446128 270629 1377519 46 25 24  6  0  0
117 44  77224 139313656 2225748 34240288    0    0 632032 447580 274109 1376208 45 27 23  6  0  0
42  5  77224 139312348 2225748 34240328    0    0 594768 423328 266708 1321651 43 26 22  9  0  0
73 16  77224 139288952 2225748 34240356    0    0 510240 389724 266487 1416325 43 29 24  5  0  0
19  7  77224 139310684 2225748 34240392    0    0 726960 497896 272181 1255389 46 24 19 12  0  0
58  6  77224 139305928 2225748 34240416    0    0 660352 456724 274164 1326944 45 25 22  9  0  0
52 28  77224 139296260 2225748 34240428    0    0 576000 419184 269142 1399144 45 27 23  5  0  0
153  6  77224 139286204 2225748 34240440    0    0 617008 437468 269036 1344823 45 28 22  6  0  0
89 16  77224 139285108 2225748 34240484    0    0 626624 447324 269037 1336758 44 26 23  7  0  0
50 14  77224 139265880 2225748 34240520    0    0 611328 441708 270722 1360513 44 27 23  6  0  0
38  5  77224 139282292 2225748 34240552    0    0 566096 441252 270796 1392395 44 28 23  4  0  0
44  9  77224 139269200 2225748 34240564    0    0 526528 401224 268374 1411208 43 29 24  4  0  0
72 11  77224 139309984 2225748 34240608    0    0 578624 429500 270724 1393785 44 27 24  5  0  0
35  3  77224 139304332 2225748 34240628    0    0 615904 443072 275738 1404345 45 27 24  5  0  0
82  4  77224 139288860 2225748 34240640    0    0 611040 447136 277148 1373017 43 27 25  5  0  0
47 12  77224 139274308 2225748 34240668    0    0 633568 463540 275037 1376108 45 26 24  5  0  0
104  7  77224 139266328 2225748 34240700    0    0 542192 426736 268836 1409539 42 29 25  4  0  0
38 15  77224 139283308 2225748 34240708    0    0 601472 441604 278582 1401291 44 27 24  5  0  0
procs -----------memory---------- ---swap-- -----io---- -system-- -------cpu-------
 r  b   swpd   free   buff  cache   si   so    bi    bo   in   cs us sy id wa st gu
31 10  77224 139292060 2225748 34240756    0    0 585088 430632 271304 1357405 44 26 24  6  0  0
66  6  77224 139268800 2225748 34240772    0    0 563984 419348 269841 1399982 44 28 23  5  0  0
11  3  77224 139274216 2225748 34240804    0    0 606240 445024 274847 1403166 44 28 24  5  0  0
77  7  77224 139297472 2225748 34240824    0    0 625792 446556 270842 1353809 45 26 24  6  0  0
21  0  77224 139294232 2225748 34240844    0    0 600032 462516 271348 1366096 44 27 25  5  0  0
58 18  77224 139287564 2225748 34240884    0    0 547632 411628 269555 1418611 43 28 24  4  0  0
116  2  77224 139279544 2225748 34240904    0    0 627568 453348 277118 1388257 45 27 23  5  0  0
86 12  77224 139281156 2225748 34240928    0    0 571808 431328 270503 1397850 44 27 25  5  0  0
111 20  77224 139292212 2225748 34240960    0    0 642160 457036 275131 1353710 45 26 24  5  0  0
33 18  77224 139304864 2225748 34240988    0    0 570544 433960 274360 1398663 43 27 25  5  0  0
30 20  77224 139316540 2225748 34241012    0    0 633280 459364 285723 1414940 45 27 23  5  0  0
86  1  77224 139311240 2225748 34241032    0    0 626608 472712 295676 1386235 45 27 24  5  0  0
112  5  77224 139297636 2225748 34241064    0    0 663776 483172 280586 1352606 46 25 24  5  0  0
29 12  77224 139265168 2225748 34241080    0    0 594272 437812 272023 1386594 45 27 24  4  0  0
43  8  77224 139271712 2225748 34241116    0    0 576288 429892 273743 1399755 44 28 24  4  0  0
51  2  77224 139296728 2225748 34241128    0    0 590032 443268 274018 1389304 44 26 25  5  0  0
22 17  77224 139297996 2225748 34241156    0    0 560032 428876 278105 1425897 44 27 25  4  0  0
34  6  77224 139311352 2225748 34241192    0    0 572960 447888 274703 1412606 44 27 25  5  0  0
64  4  77224 139313016 2225748 34241208    0    0 599424 448404 275791 1378413 44 26 25  5  0  0
82  3  77224 139305600 2225748 34241240    0    0 622896 457124 273705 1360434 44 27 23  6  0  0
54  5  77224 139286000 2225748 34241272    0    0 600576 447236 272865 1384929 44 26 25  5  0  0
procs -----------memory---------- ---swap-- -----io---- -system-- -------cpu-------
 r  b   swpd   free   buff  cache   si   so    bi    bo   in   cs us sy id wa st gu
84  9  77224 139305492 2225748 34241300    0    0 633760 460144 272649 1326988 44 26 24  6  0  0
64 14  77224 139291640 2225748 34241328    0    0 546080 418156 270174 1422322 44 28 24  4  0  0
68  2  77224 139312264 2225748 34241344    0    0 499264 391676 275585 1427341 43 30 24  3  0  0
43  7  77224 139318528 2225748 34241372    0    0 609776 467500 279500 1380180 44 27 24  5  0  0
59  6  77224 139329360 2225748 34241404    0    0 557472 418452 272771 1417860 44 28 24  4  0  0
78  5  77224 139306376 2225748 34241420    0    0 554656 422892 272739 1415472 44 29 24  4  0  0
49  1  77224 139298292 2225748 34241460    0    0 550656 418016 275172 1407303 44 28 24  4  0  0
124 10  77224 139279768 2225748 34241480    0    0 582784 434096 275706 1398057 45 27 24  4  0  0
48  6  77224 139268836 2225748 34241512    0    0 543664 408916 270657 1422412 44 29 23  4  0  0
27 18  77224 139283304 2225748 34241536    0    0 571376 419860 274601 1414992 44 30 23  4  0  0
46  7  77224 139296548 2225748 34241572    0    0 580688 447652 276083 1380315 44 28 23  5  0  0
76  1  77224 139314440 2225748 34241592    0    0 603232 441888 274058 1381283 44 28 23  6  0  0
50  7  77224 139296472 2225748 34241612    0    0 543872 411228 269997 1420476 43 29 24  4  0  0
37  0  77224 139282492 2225748 34241640    0    0 545776 421628 272086 1402711 43 28 25  4  0  0
54 44  77224 139288192 2225748 34241660    0    0 545200 415284 271510 1415199 43 29 24  4  0  0
20 19  77224 139287184 2225748 34241692    0    0 630416 454768 278510 1374000 45 27 23  5  0  0
131  0  77224 139273760 2225748 34241708    0    0 662528 476656 273236 1332194 45 26 22  7  0  0
55  6  77224 139276756 2225748 34241748    0    0 553136 416112 271122 1407747 43 29 24  4  0  0
31 12  77224 139291680 2225748 34241764    0    0 577504 432500 277136 1422434 44 29 23  4  0  0
80  3  77224 139299508 2225748 34241796    0    0 588032 436880 273314 1404129 44 28 24  4  0  0
75  1  77224 139298892 2225748 34241824    0    0 531872 404704 278924 1432546 44 29 24  4  0  0
procs -----------memory---------- ---swap-- -----io---- -system-- -------cpu-------
 r  b   swpd   free   buff  cache   si   so    bi    bo   in   cs us sy id wa st gu
40 14  77224 139281984 2225748 34241848    0    0 530720 408032 269384 1403233 43 28 25  4  0  0
53  0  77224 139266676 2225748 34241872    0    0 592192 437904 278907 1392047 44 28 24  4  0  0
29 16  77224 139261512 2225748 34241896    0    0 597056 453132 271995 1366956 44 28 23  5  0  0
65 16  77224 139282000 2225748 34241920    0    0 569936 427880 275944 1411868 45 28 23  4  0  0
69 28  77224 139282404 2225748 34241964    0    0 649200 455476 275270 1350536 45 27 23  5  0  0
73  4  77224 139277552 2225748 34241984    0    0 605984 455580 279030 1399559 44 26 25  5  0  0
33  2  77224 139262288 2225748 34242012    0    0 658832 467008 284760 1393099 45 26 23  5  0  0
61  3  77224 139284684 2225748 34242036    0    0 611392 453904 274350 1366860 45 25 25  5  0  0
32  8  77224 139296948 2225748 34242068    0    0 622064 476576 274316 1371473 44 26 24  5  0  0
160 12  77224 139278872 2225748 34242092    0    0 546592 414384 271397 1404618 43 28 25  4  0  0
51  5  77224 139250648 2225748 34242116    0    0 595600 443552 274771 1390619 44 26 25  5  0  0
70  3  77224 139255132 2225748 34242144    0    0 628128 455228 275980 1370917 45 26 24  5  0  0
29  5  77224 139271548 2225748 34242172    0    0 583904 440852 273364 1407339 44 27 25  5  0  0
13  0  77224 139273752 2225748 34242196    0    0 600560 440540 278948 1412774 45 27 24  5  0  0
28  1  77224 139294840 2225748 34242220    0    0 597792 460784 272904 1376145 44 26 25  5  0  0
53  4  77224 139273288 2225748 34242252    0    0 671680 478288 289674 1350816 46 26 22  6  0  0
43  3  77224 139272216 2225748 34242268    0    0 521840 405000 269651 1426513 43 29 24  4  0  0
53  3  77224 139252604 2225748 34242296    0    0 599472 443296 277064 1392052 45 28 23  4  0  0
26 20  77224 139267832 2225748 34242340    0    0 578448 436284 273883 1417064 44 28 24  4  0  0
37  5  77224 139273412 2225748 34242356    0    0 592192 436560 275281 1395935 45 27 24  4  0  0
57  4  77224 139299092 2225748 34242376    0    0 734656 523792 279821 1325270 46 23 23  7  0  0
procs -----------memory---------- ---swap-- -----io---- -system-- -------cpu-------
 r  b   swpd   free   buff  cache   si   so    bi    bo   in   cs us sy id wa st gu
35  5  77224 139291608 2225748 34242404    0    0 573760 430888 273082 1389209 44 28 24  4  0  0
57 16  77224 139266968 2225748 34242432    0    0 546736 414220 271430 1414376 43 29 24  4  0  0
49  1  77224 139266304 2225748 34242460    0    0 542688 411572 272444 1424925 43 30 23  4  0  0
28 13  77224 139258972 2225748 34242496    0    0 657360 466388 280793 1363750 45 26 22  6  0  0
110  9  77224 139277256 2225748 34242516    0    0 635264 456676 272005 1341352 44 26 24  7  0  0
37 17  77224 139284240 2225748 34242544    0    0 600208 447184 272826 1381113 44 26 25  5  0  0
74  6  77224 139292920 2225748 34242568    0    0 567552 443384 275610 1421086 44 27 25  4  0  0
26  2  77224 139300360 2225748 34242604    0    0 580976 433784 276303 1410345 44 27 24  5  0  0
41  6  77224 139285420 2225748 34242632    0    0 575184 434188 272648 1416078 44 27 25  4  0  0
40  9  77224 139283912 2225748 34242660    0    0 611344 449920 274474 1388788 44 27 24  5  0  0
95  3  77224 139286832 2225748 34242668    0    0 657680 469408 275653 1350848 45 26 24  6  0  0
68 12  77224 139272888 2225748 34242696    0    0 597440 438436 282854 1373430 43 28 23  6  0  0
80  4  77224 139261512 2225748 34242732    0    0 602192 457552 274165 1405947 45 27 24  5  0  0
78 22  77224 139271452 2225748 34242764    0    0 588224 436348 271974 1412290 44 27 25  5  0  0
58  7  77224 139318352 2225748 34242776    0    0 631024 455180 277079 1378656 45 26 24  5  0  0
82  3  77224 139300484 2225748 34242800    0    0 603072 446860 288567 1397098 45 28 23  5  0  0
60  5  77224 139279448 2225748 34242824    0    0 573088 435116 271554 1370141 44 28 23  5  0  0
12  3  77224 139275868 2225748 34242860    0    0 610272 452028 279144 1392678 45 28 23  4  0  0
95 11  77224 139260004 2225748 34242884    0    0 550384 436804 277230 1408820 43 29 24  4  0  0
37  9  77224 139243048 2225748 34242916    0    0 584560 444616 273816 1393485 44 28 24  4  0  0
97  8  77224 139230532 2225748 34242944    0    0 543280 417088 272038 1420751 43 29 24  4  0  0
procs -----------memory---------- ---swap-- -----io---- -system-- -------cpu-------
 r  b   swpd   free   buff  cache   si   so    bi    bo   in   cs us sy id wa st gu
90 28  77224 139258380 2225748 34242956    0    0 600496 443276 276619 1392146 44 27 24  5  0  0
41  4  77224 139271328 2225748 34242988    0    0 630896 454284 277726 1361692 44 26 24  6  0  0
119  6  77224 139266164 2225748 34243008    0    0 522896 411040 270983 1430518 42 29 24  4  0  0
28  2  77224 139265508 2225748 34243024    0    0 623392 454824 274889 1369917 45 27 24  5  0  0
61 15  77224 139253860 2225748 34243072    0    0 558880 441236 272344 1405020 44 28 24  4  0  0
43  6  77224 139240952 2225748 34243100    0    0 601296 447344 281402 1396398 45 27 24  4  0  0
58  3  77224 139242392 2225748 34243136    0    0 503712 397444 267670 1424211 42 29 24  4  0  0
73 25  77224 139268168 2225748 34243152    0    0 603120 436696 273928 1379938 44 27 24  5  0  0
98 11  77224 139269320 2225748 34243168    0    0 627056 454968 273099 1381238 44 26 24  6  0  0
78  8  77224 139248412 2225748 34243204    0    0 664800 473268 275010 1351425 46 25 24  5  0  0
27 10  77224 139242228 2225748 34243224    0    0 545440 421636 273201 1426120 42 28 25  4  0  0
47  4  77224 139242224 2225748 34243248    0    0 590896 459680 271408 1392348 43 28 24  5  0  0
120 12  77224 139247256 2225748 34243276    0    0 600544 440344 271049 1402515 44 27 24  5  0  0
52  7  77224 139273664 2225748 34243316    0    0 611408 458124 274544 1387261 45 27 23  5  0  0
23 16  77224 139260720 2225748 34243340    0    0 528976 408440 268008 1419003 43 28 24  4  0  0
88 10  77224 139262668 2225748 34243364    0    0 578432 436280 273881 1410584 44 27 24  4  0  0
78  4  77224 139259920 2225748 34243376    0    0 556832 425216 271830 1416052 44 28 24  4  0  0
38  3  77224 139266644 2225748 34243408    0    0 529968 422172 268281 1417724 43 29 24  4  0  0
24  3  77224 139260316 2225748 34243436    0    0 529440 411644 283625 1419648 43 29 24  4  0  0
93  8  77224 139244336 2225748 34243456    0    0 614816 450368 272699 1367654 44 27 23  5  0  0
28 20  77224 139250980 2225748 34243484    0    0 603632 453436 272362 1393710 45 27 24  5  0  0
procs -----------memory---------- ---swap-- -----io---- -system-- -------cpu-------
 r  b   swpd   free   buff  cache   si   so    bi    bo   in   cs us sy id wa st gu
40  2  77224 139250028 2225748 34243508    0    0 561088 428056 272701 1408833 44 28 23  4  0  0
66  1  77224 139250456 2225748 34243540    0    0 601040 450208 273102 1379537 44 26 25  5  0  0
32  9  77224 139285628 2225748 34243560    0    0 618336 457336 275665 1402955 45 27 23  5  0  0
30 18  77224 139285312 2225748 34243588    0    0 616592 452968 274800 1370872 44 27 24  5  0  0
86  2  77224 139266612 2225748 34243612    0    0 585872 440968 273774 1384729 44 28 24  4  0  0
50  2  77224 139255464 2225748 34243632    0    0 613472 451908 274226 1374702 45 27 24  4  0  0
95  3  77224 139278504 2225748 34243664    0    0 549280 423668 270443 1413219 43 29 24  4  0  0
73  2  77224 139257820 2225748 34243700    0    0 593328 438936 274531 1417403 44 28 24  4  0  0
62  5  77224 139256588 2225748 34243732    0    0 662528 475692 274223 1340249 46 25 24  6  0  0
35 13  77224 139273396 2225748 34243744    0    0 513536 415100 271588 1432068 43 29 24  4  0  0
75  9  77224 139266184 2225748 34243764    0    0 564880 426492 271178 1421944 44 28 24  4  0  0
72 23  77224 139261956 2225748 34243796    0    0 616176 449676 270079 1366599 45 26 24  6  0  0
59 10  77224 139247568 2225752 34243820    0    0 712448 498912 278746 1355097 46 25 23  6  0  0
92  8  77224 139273784 2225752 34243844    0    0 623728 451148 273028 1363965 44 26 24  5  0  0
74 17  77224 139249812 2225752 34243888    0    0 542992 421956 270426 1432936 43 29 24  4  0  0
64 14  77224 139241936 2225752 34243908    0    0 552032 440872 272015 1417604 43 29 24  4  0  0
35 13  77224 139233788 2225752 34243948    0    0 557552 425092 272236 1416782 44 28 24  4  0  0
73  6  77224 139260484 2225752 34243956    0    0 597632 434132 271799 1396214 44 27 24  6  0  0
36  5  77224 139272632 2225752 34243980    0    0 557040 423196 268360 1404788 44 27 25  5  0  0
90  9  77224 139264128 2225752 34244020    0    0 558768 424196 270905 1422264 43 27 25  4  0  0
16 27  77224 139243808 2225752 34244044    0    0 650656 475640 275681 1358815 44 26 24  5  0  0
procs -----------memory---------- ---swap-- -----io---- -system-- -------cpu-------
 r  b   swpd   free   buff  cache   si   so    bi    bo   in   cs us sy id wa st gu
27  5  77224 139241852 2225752 34244060    0    0 597248 440732 272121 1406363 44 26 25  5  0  0
69  7  77224 139264332 2225752 34244100    0    0 550592 439940 267416 1401765 43 27 25  5  0  0
67  3  77224 139277904 2225752 34244120    0    0 596448 435056 278598 1396655 44 27 24  5  0  0
63  2  77224 139266816 2225752 34244156    0    0 671536 476880 279674 1420423 46 26 23  5  0  0
86 12  77224 139247680 2225752 34244168    0    0 633680 456012 274720 1389429 46 26 24  5  0  0
95  9  77224 139248920 2225752 34244196    0    0 663680 474604 277179 1358618 45 26 24  6  0  0
62  4  77224 139268648 2225752 34244220    0    0 546992 420740 268139 1399417 42 27 26  4  0  0
69  5  77224 139272980 2225752 34244240    0    0 574736 441132 274360 1406041 44 27 25  5  0  0
86  3  77224 139259872 2225752 34244272    0    0 680192 486296 277660 1346384 46 26 23  6  0  0
40 12  77224 139230504 2225752 34244304    0    0 555760 424320 273825 1423031 43 28 25  4  0  0
51 26  77224 139236900 2225752 34244328    0    0 626080 451116 274679 1376867 44 26 23  6  0  0
36 22  77224 139241088 2225752 34244340    0    0 522400 404308 270367 1438804 43 29 24  4  0  0
68 28  77224 139233960 2225752 34244376    0    0 567968 430620 276014 1420695 45 28 23  4  0  0
54  7  77224 139249572 2225752 34244404    0    0 597136 439328 270464 1370407 44 27 24  5  0  0
57  4  77224 139251732 2225752 34244436    0    0 606800 462540 285924 1396247 45 26 24  4  0  0
126  4  77224 139239488 2225752 34244452    0    0 650064 469848 275800 1385015 45 26 24  5  0  0
54  0  77224 139223356 2225752 34244472    0    0 665808 481384 283221 1388459 46 25 24  5  0  0
47  7  77224 139229620 2225752 34244508    0    0 607632 450264 275663 1407446 45 27 24  5  0  0
60  2  77224 139277144 2225752 34244528    0    0 632480 459412 277828 1393001 44 27 24  5  0  0
49  8  77224 139272524 2225752 34244556    0    0 547888 418204 273843 1417539 43 29 24  4  0  0
79  1  77224 139259728 2225752 34244584    0    0 624576 475292 272292 1365788 45 27 23  5  0  0
procs -----------memory---------- ---swap-- -----io---- -system-- -------cpu-------
 r  b   swpd   free   buff  cache   si   so    bi    bo   in   cs us sy id wa st gu
70 14  77224 139246460 2225752 34244600    0    0 597648 443560 272688 1393077 44 28 23  5  0  0
85  8  77224 139243792 2225752 34244632    0    0 665968 478280 274422 1351833 46 27 21  6  0  0
68  6  77224 139239888 2225752 34244668    0    0 540736 413296 272455 1425504 43 29 24  4  0  0
86  1  77224 139244092 2225752 34244692    0    0 643520 464420 274861 1367795 45 27 22  6  0  0
15 17  77224 139237440 2225752 34244724    0    0 538736 419356 278778 1423300 43 29 24  4  0  0
97  2  77224 139259488 2225752 34244728    0    0 641408 482740 278889 1391133 45 26 23  5  0  0
71  5  77224 139250616 2225752 34244764    0    0 596112 445212 274565 1393903 44 28 23  4  0  0
120  5  77224 139237796 2225752 34244808    0    0 582528 433624 271558 1396167 43 29 24  4  0  0
95 15  77224 139209744 2225752 34244824    0    0 573216 430160 272394 1414627 44 29 24  4  0  0
53  2  77224 139238172 2225752 34244852    0    0 612096 452208 275968 1373280 45 26 24  5  0  0
82  3  77224 139241816 2225752 34244884    0    0 602576 441380 274381 1380029 45 27 23  5  0  0
57  7  77224 139248740 2225752 34244908    0    0 604304 448808 273972 1403202 44 27 24  4  0  0
25 23  77224 139258760 2225752 34244936    0    0 576240 452884 280407 1437678 44 27 25  4  0  0
51  3  77224 139263652 2225752 34244952    0    0 633536 468320 277211 1383731 45 25 24  5  0  0
42  0  77224 139265432 2225752 34244976    0    0 651824 472988 278377 1363319 45 26 23  6  0  0
25  2  77224 139259732 2225752 34245016    0    0 642368 458608 278124 1385592 45 27 23  5  0  0
80  3  77224 139251652 2225752 34245032    0    0 612816 447460 272341 1378095 44 26 25  5  0  0
65  9  77224 139255092 2225752 34245076    0    0 600224 458528 273185 1383999 44 26 25  5  0  0
42  3  77224 139248808 2225752 34245104    0    0 602160 446772 273808 1393353 44 27 24  5  0  0
60  8  77224 139244208 2225752 34245120    0    0 549232 419912 270509 1407119 43 27 25  4  0  0
64 26  77224 139280000 2225752 34245144    0    0 556192 422308 274352 1420565 44 26 25  5  0  0
procs -----------memory---------- ---swap-- -----io---- -system-- -------cpu-------
 r  b   swpd   free   buff  cache   si   so    bi    bo   in   cs us sy id wa st gu
100  4  77224 139273964 2225752 34245156    0    0 628864 453332 275131 1356783 44 26 24  6  0  0
69 22  77224 139259616 2225752 34245192    0    0 689328 489616 276737 1341502 45 25 23  6  0  0
36 14  77224 139249312 2225752 34245220    0    0 627312 478116 275064 1383672 45 26 24  5  0  0
86  5  77224 139270496 2225752 34245248    0    0 593328 439372 278434 1387378 44 27 24  5  0  0
63 10  77224 139248404 2225752 34245272    0    0 623104 460740 275456 1394118 45 26 24  5  0  0
71  2  77224 139234340 2225752 34245304    0    0 636400 461004 277753 1371181 45 26 24  5  0  0
49 26  77224 139248932 2225752 34245328    0    0 558576 433740 273872 1420158 43 29 24  4  0  0
54  5  77224 139256052 2225752 34245340    0    0 640992 456736 271540 1328606 45 26 22  7  0  0
99  4  77224 139253664 2225752 34245380    0    0 512688 407844 269690 1421524 42 28 26  4  0  0
39  8  77224 139240336 2225752 34245400    0    0 645488 492772 277233 1373979 46 26 23  5  0  0
38 17  77224 139227612 2225752 34245428    0    0 633200 460252 277039 1382249 45 26 24  5  0  0
54  4  77224 139247380 2225752 34245536    0    0 627472 465144 276532 1353235 44 26 25  5  0  0
121 14  77224 139251280 2225752 34245564    0    0 619504 462072 281781 1397490 45 27 24  4  0  0
85  4  77224 139236144 2225752 34245596    0    0 525248 409416 271531 1425709 43 29 24  4  0  0
47 19  77224 139265872 2225752 34245600    0    0 581440 443468 279959 1423057 44 26 25  5  0  0
57 22  77224 139271192 2225752 34245628    0    0 595184 460416 273767 1387448 45 27 24  4  0  0
21  2  77224 139254988 2225752 34245664    0    0 568480 427724 274670 1409391 44 28 24  4  0  0
55 11  77224 139256972 2225752 34245688    0    0 621952 461628 275419 1393873 45 27 23  4  0  0
10  4  77224 139240768 2225752 34245720    0    0 659744 478088 275008 1343852 45 26 23  6  0  0
48 23  77224 139242272 2225752 34245752    0    0 571328 429428 273406 1402391 44 27 25  5  0  0
58  1  77224 139249576 2225752 34245772    0    0 598016 443212 277943 1385388 44 26 25  5  0  0
procs -----------memory---------- ---swap-- -----io---- -system-- -------cpu-------
 r  b   swpd   free   buff  cache   si   so    bi    bo   in   cs us sy id wa st gu
79  5  77224 139268408 2225752 34245804    0    0 641120 483968 276610 1384004 45 26 24  5  0  0
30 13  77224 139276104 2225752 34245828    0    0 555904 423816 271799 1413243 43 28 25  4  0  0
85  7  77224 139255200 2225752 34245856    0    0 562608 427580 270522 1401619 43 27 25  4  0  0
51 12  77224 139243512 2225752 34245880    0    0 593088 440404 278738 1401071 45 27 24  5  0  0
60  1  77224 139237284 2225752 34245896    0    0 581008 433068 276329 1392324 44 27 24  5  0  0
50  3  77224 139237732 2225752 34245932    0    0 594224 443048 271358 1377252 44 27 25  5  0  0
29  5  77224 139232508 2225752 34245968    0    0 568080 424844 277934 1419348 44 28 23  4  0  0
79 14  77224 139235380 2225752 34245988    0    0 593344 454056 272668 1377191 43 28 22  6  0  0
71  7  77224 139246980 2225752 34246016    0    0 592144 434656 278549 1420678 44 27 24  5  0  0
48  6  77224 139243728 2225752 34246040    0    0 572448 425692 271983 1399826 44 28 24  4  0  0
15  1  77224 139231948 2225752 34246064    0    0 625616 448240 271528 1370495 45 27 22  6  0  0
40  4  77224 139232288 2225752 34246096    0    0 577744 439604 274840 1390609 44 27 24  5  0  0
107  4  77224 139236832 2225752 34246128    0    0 542880 416528 268520 1401890 43 28 25  4  0  0
84 31  77224 139241460 2225752 34246156    0    0 556304 421672 275836 1412846 44 28 24  4  0  0
57  5  77224 139244976 2225752 34246180    0    0 604704 459232 274892 1390509 44 27 24  5  0  0
85  8  77224 139236464 2225752 34246212    0    0 544800 414204 284312 1419270 44 27 25  4  0  0
34 24  77224 139253648 2225752 34246240    0    0 637072 458360 280072 1371890 45 26 24  5  0  0
45  9  77224 139242128 2225752 34246264    0    0 601952 445060 276619 1387028 44 27 24  4  0  0
82  1  77224 139226336 2225752 34246284    0    0 584064 432724 274643 1405603 44 28 24  4  0  0
21 10  77224 139239836 2225752 34246316    0    0 682096 488804 276931 1327427 45 25 25  5  0  0
24 11  77224 139248868 2225752 34246340    0    0 582272 453040 279571 1399030 43 27 25  5  0  0
procs -----------memory---------- ---swap-- -----io---- -system-- -------cpu-------
 r  b   swpd   free   buff  cache   si   so    bi    bo   in   cs us sy id wa st gu
75  2  77224 139250740 2225752 34246372    0    0 593696 437136 274428 1401908 44 26 25  5  0  0
24 14  77224 139257924 2225752 34246392    0    0 671744 484756 282271 1351414 45 25 24  6  0  0
11  2  77224 139272796 2225752 34246412    0    0 627424 452364 278072 1387470 45 25 25  5  0  0
24  1  77224 139256608 2225752 34246440    0    0 581072 436160 275182 1412377 44 27 24  5  0  0
21  8  77224 139251820 2225752 34246464    0    0 604048 450176 275753 1390829 44 27 24  5  0  0
91 11  77224 139240888 2225752 34246500    0    0 635664 482072 279589 1370942 45 26 25  5  0  0
11  1  77224 139241164 2225752 34246532    0    0 574688 439360 272179 1402867 44 27 25  4  0  0
64 12  77224 139240372 2225752 34246560    0    0 568880 426176 272974 1414767 44 28 24  4  0  0
35 20  77224 139228640 2225752 34246588    0    0 571376 428308 270803 1406126 43 28 24  4  0  0
42  6  77224 139243684 2225752 34246616    0    0 629872 460708 277988 1394289 46 26 24  5  0  0
90 10  77224 139270984 2225752 34246636    0    0 610288 455336 279237 1405544 45 27 24  4  0  0
107  3  77224 139257016 2225752 34246660    0    0 655632 489068 276063 1354571 46 25 23  6  0  0
108  2  77224 139251432 2225752 34246684    0    0 572640 424096 279310 1423130 43 28 25  4  0  0
47 10  77224 139257720 2225752 34246720    0    0 599584 447416 273411 1389870 44 26 25  5  0  0
50 42  77224 139227864 2225752 34246748    0    0 613248 449948 278110 1394910 44 27 24  5  0  0
65  0  77224 139219732 2225752 34246772    0    0 603840 443996 276529 1403656 44 27 25  5  0  0
61  6  77224 139239204 2225752 34246804    0    0 585536 442576 276368 1398106 43 27 25  5  0  0
25 10  77224 139260836 2225752 34246824    0    0 562688 431984 275121 1432387 43 28 25  4  0  0
72  8  77224 139252780 2225752 34246844    0    0 627392 469932 271285 1348265 43 26 24  7  0  0
44  8  77224 139249752 2225752 34246868    0    0 652512 469992 279950 1383359 45 26 24  5  0  0
50 31  77224 139246964 2225752 34246896    0    0 551920 432876 275098 1408599 43 28 25  4  0  0
procs -----------memory---------- ---swap-- -----io---- -system-- -------cpu-------
 r  b   swpd   free   buff  cache   si   so    bi    bo   in   cs us sy id wa st gu
83  6  77224 139247900 2225752 34246924    0    0 657152 466272 274255 1346849 45 25 23  6  0  0
52  3  77224 139244952 2225752 34246948    0    0 626592 453024 275840 1379049 44 27 23  6  0  0
48 16  77224 139238796 2225752 34246984    0    0 619536 451384 280373 1403472 45 26 24  5  0  0
85  2  77224 139241152 2225752 34247008    0    0 560560 441832 279634 1435044 43 28 24  5  0  0
75  8  77224 139264532 2225752 34247020    0    0 591472 439484 278078 1405791 44 27 25  5  0  0
34 11  77224 139257644 2225752 34247044    0    0 715696 498020 278334 1322785 46 25 22  7  0  0
74  6  77224 139254960 2225752 34247076    0    0 564368 427280 272066 1398600 44 27 24  4  0  0
21  1  77224 139239260 2225752 34247108    0    0 593680 444844 276912 1410353 45 28 24  4  0  0
42  4  77224 139238832 2225752 34247128    0    0 547360 420096 276515 1427146 43 29 24  4  0  0
23  6  77224 139240420 2225752 34247156    0    0 567744 424320 273854 1410108 44 28 24  4  0  0
51  9  77224 139214500 2225752 34247192    0    0 621616 465020 276903 1381846 45 27 23  5  0  0
62  4  77224 139230108 2225752 34247208    0    0 629600 460880 281480 1414579 45 27 23  5  0  0
38 11  77224 139222780 2225752 34247232    0    0 667616 478192 279886 1349774 46 26 23  5  0  0
28  2  77224 139218800 2225752 34247256    0    0 576000 433652 276474 1418022 44 28 24  4  0  0
42  2  77224 139241488 2225752 34247284    0    0 634096 456388 280393 1396297 45 27 24  5  0  0
25  4  77224 139218980 2225752 34247316    0    0 621504 471376 277682 1371991 44 27 24  5  0  0
36 19  77224 139212048 2225752 34247348    0    0 665824 475028 281731 1372114 44 26 24  5  0  0
18  2  77224 139214172 2225752 34247368    0    0 551840 417968 272969 1419067 43 28 25  4  0  0
47  5  77224 139249616 2225752 34247396    0    0 642160 460284 279019 1363525 45 25 25  5  0  0
12  1  77224 139258764 2225752 34247404    0    0 608416 449004 277761 1407130 44 28 24  5  0  0
71  3  77224 139262572 2225752 34247448    0    0 625808 464104 279943 1389397 45 26 24  5  0  0
procs -----------memory---------- ---swap-- -----io---- -system-- -------cpu-------
 r  b   swpd   free   buff  cache   si   so    bi    bo   in   cs us sy id wa st gu
50 15  77224 139242540 2225752 34247472    0    0 652432 487296 276351 1368655 45 26 24  5  0  0
48 13  77224 139221052 2225752 34247500    0    0 649840 463916 275978 1343910 45 25 24  6  0  0
42 22  77224 139244344 2225752 34247520    0    0 636032 457324 276137 1360014 45 26 24  5  0  0
51 14  77224 139243964 2225752 34247552    0    0 567648 422672 273757 1411760 44 28 24  4  0  0
13  2  77224 139242852 2225752 34247584    0    0 596512 439912 280076 1410316 44 28 23  4  0  0
66  3  77224 139265772 2225752 34247600    0    0 609696 448692 279826 1409066 44 27 24  5  0  0
40  4  77224 139247856 2225752 34247620    0    0 557984 426304 280777 1424952 44 28 24  4  0  0
73 15  77224 139239264 2225752 34247648    0    0 629792 462652 279156 1360043 45 26 23  7  0  0
36  7  77224 139245108 2225752 34247668    0    0 610784 453012 274246 1363595 44 26 25  5  0  0
66 18  77224 139244076 2225756 34247696    0    0 641072 464048 278964 1376675 45 26 23  5  0  0
80 150  77224 139254776 2225756 34247724    0    0 651904 436420 277756 1317064 44 25 24  7  0  0
93 11  77224 139229492 2225756 34247752    0    0 542848 433544 273899 1423124 44 28 23  4  0  0
97 14  77224 139227652 2225756 34247780    0    0 625824 447180 276727 1365551 44 26 23  6  0  0
66 28  77224 139234300 2225756 34247796    0    0 596832 465504 276134 1389622 44 26 25  5  0  0
32 10  77224 139212420 2225756 34247828    0    0 550464 414932 271461 1411719 43 28 25  4  0  0
69 29  77224 139229240 2225756 34247864    0    0 605456 447096 274179 1380444 44 27 25  5  0  0
56  8  77224 139214336 2225756 34247884    0    0 612464 445196 273443 1372903 44 27 24  5  0  0
22  6  77224 139221516 2225756 34247920    0    0 561952 432840 273609 1389169 43 26 26  5  0  0
63 36  77224 139228496 2225756 34247944    0    0 558608 416532 272190 1408310 43 27 25  4  0  0
37 135  77224 139232388 2225756 34247972    0    0 662448 471984 274640 1333546 44 26 23  7  0  0
51 15  77224 139249920 2225756 34247992    0    0 634224 478240 283914 1388045 44 26 24  6  0  0
procs -----------memory---------- ---swap-- -----io---- -system-- -------cpu-------
 r  b   swpd   free   buff  cache   si   so    bi    bo   in   cs us sy id wa st gu
78 15  77224 139243832 2225756 34248016    0    0 594704 440068 271652 1380916 43 27 24  5  0  0
88 111  77224 139242316 2225756 34248048    0    0 639776 449916 276244 1350283 44 26 24  6  0  0
52 24  77224 139217832 2225756 34248076    0    0 621920 469940 273962 1388548 45 27 23  5  0  0
63  9  77224 139222220 2225756 34248092    0    0 571520 415456 277378 1420602 44 28 24  4  0  0
60  5  77224 139237692 2225756 34248128    0    0 559344 416940 272046 1417090 44 29 24  4  0  0
44 19  77224 139212192 2225756 34248152    0    0 608176 472564 277347 1372822 45 27 24  5  0  0
104 10  77224 139225360 2225756 34248180    0    0 548656 407224 271771 1410570 44 27 25  4  0  0
42  4  77224 139235064 2225756 34248200    0    0 579504 437252 276120 1412737 44 27 25  5  0  0
60 68  77224 139245604 2225756 34248228    0    0 621616 441332 271662 1342205 43 26 25  6  0  0
79 24  77224 139236564 2225756 34248260    0    0 575264 432848 270100 1384814 43 27 24  5  0  0
35  5  77224 139245120 2225756 34248284    0    0 538320 418180 271672 1418522 43 29 24  4  0  0
42 96  77224 139241944 2225756 34248312    0    0 629664 465672 274603 1376399 45 27 23  5  0  0
50  6  77224 139236096 2225756 34248340    0    0 646464 460136 274711 1346881 44 26 24  6  0  0
56 19  77224 139216348 2225756 34248364    0    0 559408 408960 271243 1411322 43 27 25  4  0  0
98 75  77224 139231712 2225756 34248384    0    0 641120 454844 275042 1359534 45 24 24  7  0  0
74 13  77224 139245968 2225756 34248400    0    0 642960 480036 283642 1359314 45 25 24  5  0  0
66  8  77224 139227548 2225756 34248432    0    0 633856 450420 287994 1371296 45 27 24  5  0  0
89 19  77224 139221784 2225756 34248456    0    0 636608 473748 276369 1387935 45 27 23  5  0  0
108 14  77224 139220480 2225756 34248480    0    0 622912 465976 276295 1375441 45 26 23  5  0  0
48  7  77224 139239916 2225756 34248512    0    0 540800 385388 273827 1425685 44 28 24  4  0  0
49 70  77224 139220608 2225756 34248544    0    0 553184 418968 273803 1413813 43 29 24  4  0  0
procs -----------memory---------- ---swap-- -----io---- -system-- -------cpu-------
 r  b   swpd   free   buff  cache   si   so    bi    bo   in   cs us sy id wa st gu
42 107  77224 139240728 2225756 34248564    0    0 612912 448480 275814 1358686 44 26 24  6  0  0
33 10  77224 139233888 2225756 34248580    0    0 643488 441140 278151 1363520 45 25 23  6  0  0
62 12  77224 139234796 2225756 34248608    0    0 592304 443920 277130 1386625 43 27 25  5  0  0
70  7  77224 139227012 2225756 34248644    0    0 636256 477892 273477 1345633 45 27 22  7  0  0
84  8  77224 139222132 2225756 34248672    0    0 533520 411720 270299 1421568 43 28 25  4  0  0
43  8  77224 139207428 2225756 34248700    0    0 606672 448256 272758 1385609 44 27 24  5  0  0
89 16  77224 139221108 2225756 34248724    0    0 635392 454676 273772 1346718 44 26 24  6  0  0
70 10  77224 139217536 2225756 34248744    0    0 528704 397884 269126 1419467 42 28 25  4  0  0
43  5  77224 139255372 2225756 34248760    0    0 620112 452736 278408 1386453 45 26 25  5  0  0
101  8  77224 139262092 2225756 34248796    0    0 578256 440084 272541 1380971 43 26 26  5  0  0
91 14  77224 139240916 2225756 34248828    0    0 534368 407052 270638 1414718 42 28 25  4  0  0
22 13  77224 139242288 2225756 34248848    0    0 553072 414384 272885 1396272 43 28 25  4  0  0
83 20  77224 139247324 2225756 34248876    0    0 617280 449740 276034 1381654 45 26 24  5  0  0
39 22  77224 139240920 2225756 34248908    0    0 546912 417492 276394 1429446 43 29 24  4  0  0
98  7  77224 139231920 2225756 34248932    0    0 561696 423244 274444 1424439 44 28 23  4  0  0
16  2  77224 139252392 2225756 34248956    0    0 622496 454472 278967 1384627 45 26 24  5  0  0
43 11  77224 139265520 2225756 34248976    0    0 545360 432060 282267 1423309 43 27 25  4  0  0
42  7  77224 139253128 2225756 34249004    0    0 549712 419924 276860 1425206 43 29 24  4  0  0
25 22  77224 139236592 2225756 34249036    0    0 585984 440296 273813 1402949 44 28 24  4  0  0
40  4  77224 139230652 2225756 34249064    0    0 583088 438672 273936 1401387 45 27 24  4  0  0
50  1  77224 139217968 2225756 34249096    0    0 654192 475580 280860 1370270 46 26 23  5  0  0
procs -----------memory---------- ---swap-- -----io---- -system-- -------cpu-------
 r  b   swpd   free   buff  cache   si   so    bi    bo   in   cs us sy id wa st gu
78  3  77224 139240348 2225756 34249116    0    0 534224 414900 270167 1424804 43 28 24  4  0  0
54  3  77224 139230956 2225756 34249148    0    0 548240 426972 271016 1416542 44 27 25  4  0  0
35  1  77224 139249696 2225756 34249176    0    0 620096 470556 276929 1386928 45 26 24  5  0  0
73  6  77224 139251028 2225756 34249204    0    0 594992 443552 273672 1395587 44 28 24  4  0  0
147  8  77224 139228740 2225756 34249232    0    0 515664 405336 269854 1430614 43 29 24  4  0  0
47  6  77224 139217920 2225756 34249256    0    0 550976 415468 272311 1412436 44 28 24  4  0  0
26 14  77224 139246480 2225756 34249292    0    0 703584 504512 281143 1333245 46 25 23  6  0  0
49  3  77224 139259476 2225756 34249312    0    0 604576 465836 273993 1368132 44 26 25  5  0  0
57  5  77224 139237184 2225756 34249344    0    0 632944 456780 272093 1354734 44 26 23  6  0  0
59 25  77224 139235352 2225756 34249368    0    0 527568 409364 269429 1428837 43 27 25  4  0  0
42  7  77224 139249504 2225756 34249388    0    0 617360 455260 276572 1411254 45 27 23  5  0  0
47 13  77224 139230004 2225756 34249416    0    0 594912 443452 272265 1391092 44 27 24  5  0  0
58 15  77224 139230652 2225756 34249436    0    0 621392 463244 274499 1371191 44 26 24  5  0  0
63 41  77224 139247840 2225756 34249468    0    0 632784 460892 273823 1348068 44 26 24  6  0  0
99  8  77224 139258592 2225756 34249496    0    0 663392 480988 275690 1357881 46 24 24  6  0  0
89  4  77224 139249992 2225756 34249516    0    0 653040 473212 275802 1351737 45 26 22  6  0  0
45  5  77224 139233780 2225756 34249552    0    0 573456 437404 271894 1406638 44 28 24  4  0  0
67  4  77224 139249400 2225756 34249576    0    0 591872 445016 273677 1412215 44 27 24  5  0  0
149  4  77224 139230104 2225756 34249592    0    0 569056 451940 271845 1407060 45 27 24  4  0  0
40  4  77224 139241900 2225756 34249620    0    0 582032 436788 272182 1391039 44 27 25  4  0  0
32 10  77224 139243180 2225756 34249652    0    0 690752 487552 274159 1316223 46 25 22  7  0  0
procs -----------memory---------- ---swap-- -----io---- -system-- -------cpu-------
 r  b   swpd   free   buff  cache   si   so    bi    bo   in   cs us sy id wa st gu
38 11  77224 139224040 2225756 34249680    0    0 606144 452128 274872 1417421 45 28 23  4  0  0
49  8  77224 139232820 2225756 34249704    0    0 611584 449324 273270 1372552 45 26 24  5  0  0
108  6  77224 139216180 2225756 34249732    0    0 600464 449620 274614 1374482 44 27 24  5  0  0
37  3  77224 139237736 2225756 34249756    0    0 666144 472564 273390 1339984 45 25 23  7  0  0
51 17  77224 139276040 2225756 34249780    0    0 611440 451520 278234 1389256 44 26 25  5  0  0
130  1  77224 139247852 2225756 34249804    0    0 588704 453296 270602 1371584 43 26 26  5  0  0
73  4  77224 139240236 2225756 34249832    0    0 559808 424648 280967 1424443 43 28 25  4  0  0
52  1  77224 139236596 2225756 34249864    0    0 622896 453920 274158 1367843 45 26 25  5  0  0
50  1  77224 139243828 2225756 34249896    0    0 602512 449424 272248 1392939 44 27 24  5  0  0
37 31  77224 139232456 2225756 34249920    0    0 626320 455140 277087 1391264 45 27 23  5  0  0
120 12  77224 139238576 2225756 34249944    0    0 624304 451744 272043 1361239 44 26 24  6  0  0
66  2  77224 139273264 2225756 34249968    0    0 558304 432388 275848 1405558 43 27 26  5  0  0
128  5  77224 139255068 2225760 34249988    0    0 680272 500140 283763 1416574 48 26 22  5  0  0
61  4  77224 139247384 2225760 34250024    0    0 616432 444424 270596 1344903 44 26 25  6  0  0
41  1  77224 139246708 2225760 34250044    0    0 604720 447772 274749 1389684 44 27 25  5  0  0
87  7  77224 139217024 2225760 34250072    0    0 636384 462536 277932 1393504 44 27 23  5  0  0
111  3  77224 139200148 2225760 34250100    0    0 596768 436992 274128 1403564 44 27 24  5  0  0
80  8  77224 139217532 2225760 34250116    0    0 650080 470796 276473 1363562 45 26 22  6  0  0
39  1  77224 139236992 2225760 34250160    0    0 664768 477120 268415 1291653 44 24 22 10  0  0
137  6  77224 139255532 2225760 34250180    0    0 569312 431612 275984 1427051 44 28 24  4  0  0
30  1  77224 139243536 2225760 34250200    0    0 547728 424116 276368 1423999 43 29 24  4  0  0
procs -----------memory---------- ---swap-- -----io---- -system-- -------cpu-------
 r  b   swpd   free   buff  cache   si   so    bi    bo   in   cs us sy id wa st gu
28 26  77224 139227932 2225760 34250228    0    0 585968 436592 272797 1406898 44 27 24  4  0  0
43  0  77224 139236700 2225760 34250260    0    0 566656 432244 270843 1382387 43 27 26  5  0  0
45  2  77224 139224828 2225760 34250284    0    0 557104 427336 271890 1414426 44 28 24  4  0  0
35  5  77224 139238740 2225760 34250312    0    0 584784 459436 272394 1378505 44 26 25  5  0  0
51  4  77224 139243496 2225760 34250336    0    0 639824 467400 276005 1358279 45 26 24  5  0  0
57 14  77224 139246136 2225760 34250356    0    0 601968 440616 272618 1398609 45 27 23  5  0  0
57  1  77224 139249068 2225760 34250380    0    0 520544 408852 270555 1439742 43 28 24  4  0  0
61  5  77224 139255520 2225760 34250416    0    0 680768 488032 277058 1335284 45 25 24  6  0  0
44  8  77224 139243248 2225760 34250436    0    0 601952 453748 272001 1379359 44 26 25  5  0  0
102 11  77224 139237616 2225760 34250468    0    0 599696 458812 272731 1394665 45 27 24  5  0  0
116  5  77224 139228224 2225760 34250488    0    0 573584 431440 271677 1392916 43 28 24  5  0  0
71  2  77224 139227376 2225760 34250516    0    0 637744 472220 275900 1372559 44 26 25  5  0  0
72  2  77224 139230716 2225760 34250544    0    0 619040 459148 278140 1399073 45 27 24  5  0  0
55  5  77224 139256116 2225760 34250564    0    0 606192 451756 283082 1435328 45 27 23  4  0  0
34  1  77224 139258804 2225760 34250592    0    0 546832 420432 271604 1419706 43 28 25  4  0  0
58  2  77224 139258760 2225760 34250624    0    0 621888 456092 275366 1360232 44 25 25  5  0  0
66 27  77224 139245164 2225760 34250648    0    0 605760 470572 275042 1395599 44 27 24  5  0  0
52  4  77224 139231468 2225760 34250676    0    0 617616 451328 275388 1399809 45 27 24  5  0  0
35 29  77224 139238496 2225760 34250704    0    0 554432 427064 274723 1401107 43 28 25  4  0  0
60 28  77224 139226244 2225760 34250736    0    0 626944 455536 275434 1379319 44 26 24  5  0  0
50  2  77224 139256936 2225760 34250764    0    0 565360 424728 273408 1392125 43 27 25  5  0  0
procs -----------memory---------- ---swap-- -----io---- -system-- -------cpu-------
 r  b   swpd   free   buff  cache   si   so    bi    bo   in   cs us sy id wa st gu
82  6  77224 139265568 2225760 34250780    0    0 573920 426704 273408 1404837 43 27 24  5  0  0
23  4  77224 139245980 2225760 34250796    0    0 567952 430420 293423 1402998 44 28 24  4  0  0
76  4  77224 139225476 2225760 34250828    0    0 642272 475520 270766 1326825 45 26 23  7  0  0
57  4  77224 139224672 2225760 34250852    0    0 547328 421112 270715 1417575 44 28 24  4  0  0
61  4  77224 139234132 2225760 34250880    0    0 583296 430460 271901 1393319 44 28 24  5  0  0
65  5  77224 139231740 2225760 34250908    0    0 619696 455272 276604 1360208 45 26 25  5  0  0
28  4  77224 139232660 2225760 34250936    0    0 544800 411504 278158 1428527 44 29 24  4  0  0
56  2  77224 139225164 2225760 34250952    0    0 581920 435076 275630 1422477 44 27 24  5  0  0
52 17  77224 139235576 2225760 34250980    0    0 583104 446672 277626 1429926 45 27 23  4  0  0
19  2  77224 139205912 2225760 34251008    0    0 560880 422944 270930 1404774 44 28 24  4  0  0
30 15  77224 139218068 2225760 34251028    0    0 567232 426388 272834 1415857 44 28 24  4  0  0
45  3  77224 139235584 2225760 34251056    0    0 661984 462684 270565 1317112 44 25 23  8  0  0
51  2  77224 139236192 2225760 34251092    0    0 608432 448520 272756 1372534 44 26 25  5  0  0
54  5  77224 139249732 2225760 34251120    0    0 658128 474856 273563 1332818 45 24 25  6  0  0
33  8  77224 139239676 2225760 34251140    0    0 606784 468468 275965 1372502 44 26 25  5  0  0
21  2  77224 139258020 2225760 34251160    0    0 623104 451832 280778 1412889 44 26 25  5  0  0
43  7  77224 139244124 2225760 34251184    0    0 611280 451436 276818 1403734 45 27 24  5  0  0
26  0  77224 139245256 2225760 34251220    0    0 590336 443204 274495 1396643 43 27 25  5  0  0
52  6  77224 139240692 2225760 34251244    0    0 626464 452780 278850 1362184 44 26 25  5  0  0
91 10  77224 139226572 2225760 34251272    0    0 590208 443296 273967 1390194 43 27 25  5  0  0
54  9  77224 139219244 2225760 34251300    0    0 635440 476940 275233 1375016 45 26 24  5  0  0
procs -----------memory---------- ---swap-- -----io---- -system-- -------cpu-------
 r  b   swpd   free   buff  cache   si   so    bi    bo   in   cs us sy id wa st gu
58  6  77224 139206340 2225760 34251320    0    0 604832 448620 271767 1403154 44 28 24  4  0  0
132 30  77224 139235028 2225760 34251352    0    0 635584 458712 276336 1372314 44 26 24  5  0  0
23  4  77224 139273728 2225760 34251372    0    0 550864 411548 270518 1430429 44 28 24  4  0  0
32  8  77224 139250152 2225760 34251388    0    0 631392 459068 269768 1323398 44 25 25  6  0  0
66  5  77224 139240692 2225760 34251416    0    0 642128 462748 273438 1352006 45 26 25  5  0  0
61  8  77224 139225196 2225760 34251436    0    0 633184 454312 275988 1402890 45 26 23  5  0  0
52  0  77224 139214316 2225760 34251472    0    0 584080 450756 273934 1400481 44 27 25  5  0  0
48  3  77224 139226616 2225760 34251504    0    0 567136 426628 269894 1388863 43 26 26  4  0  0
92 15  77224 139225560 2225760 34251528    0    0 620720 455716 276130 1379623 45 26 24  5  0  0
77  2  77224 139261220 2225760 34251548    0    0 639360 461440 278607 1389967 45 26 24  5  0  0
59  8  77224 139249736 2225760 34251572    0    0 635696 458016 279102 1409374 45 26 23  5  0  0
54  4  77224 139241692 2225760 34251600    0    0 582640 435084 271341 1379502 44 27 23  5  0  0
56  3  77224 139229008 2225760 34251632    0    0 553520 432068 273951 1432972 43 28 24  4  0  0
31  4  77224 139248176 2225760 34251660    0    0 653344 478932 277752 1353648 45 25 24  5  0  0
37  1  77224 139243496 2225760 34251688    0    0 603664 444020 274299 1379655 44 27 24  5  0  0
62  6  77224 139234472 2225760 34251712    0    0 588192 442364 272455 1389853 45 28 23  5  0  0
59  7  77224 139228284 2225760 34251744    0    0 570560 429832 273689 1418920 45 28 23  4  0  0
36  5  77224 139255316 2225760 34251764    0    0 585712 436636 280230 1405311 44 27 23  5  0  0
51  3  77224 139244496 2225760 34251784    0    0 572416 446652 275068 1415262 44 29 23  4  0  0
12  2  77224 139235468 2225760 34251804    0    0 658416 480656 282379 1364767 45 26 24  5  0  0
38 10  77224 139231696 2225760 34251836    0    0 567616 438192 273444 1397313 44 28 24  4  0  0
procs -----------memory---------- ---swap-- -----io---- -system-- -------cpu-------
 r  b   swpd   free   buff  cache   si   so    bi    bo   in   cs us sy id wa st gu
91  9  77224 139212196 2225760 34251860    0    0 550992 418892 275439 1431819 44 28 24  4  0  0
32  0  77224 139211724 2225760 34251888    0    0 546560 416656 273137 1426840 44 29 24  4  0  0
35  0  77224 139211828 2225760 34251916    0    0 597680 445900 274229 1414596 45 28 23  4  0  0
62  5  77224 139231556 2225760 34251940    0    0 646896 458720 274640 1353240 45 25 23  6  0  0
25 11  77224 139251104 2225760 34251960    0    0 565584 446800 275065 1407751 43 26 26  5  0  0
73  7  77224 139237760 2225760 34251984    0    0 576304 429480 274774 1394529 43 28 25  4  0  0
42 19  77224 139239152 2225760 34252020    0    0 630096 453216 281044 1402043 45 26 24  5  0  0
45  0  77224 139237236 2225760 34252048    0    0 605440 448792 277413 1405789 45 28 23  4  0  0
33  5  77224 139230280 2225760 34252076    0    0 564448 430316 273057 1408603 44 28 24  4  0  0
75  3  77224 139208948 2225760 34252104    0    0 625632 457424 274571 1362631 44 26 24  6  0  0
21 15  77224 139221460 2225760 34252124    0    0 581712 450392 273019 1397293 44 27 25  4  0  0
41  3  77224 139256176 2225760 34252148    0    0 580208 433224 281377 1423224 44 27 25  5  0  0
32 12  77224 139261876 2225760 34252172    0    0 603568 446796 277141 1404792 45 26 24  4  0  0
31  6  77224 139259948 2225760 34252204    0    0 769744 524048 279437 1256570 46 23 23  8  0  0
41  2  77224 139245284 2225760 34252232    0    0 620592 455996 273870 1369623 44 26 25  5  0  0
75  6  77224 139230880 2225760 34252256    0    0 569968 437884 275210 1396784 43 27 25  4  0  0
87  9  77224 139237572 2225760 34252276    0    0 612592 461972 266983 1321550 43 26 24  8  0  0
54  4  77224 139223432 2225760 34252304    0    0 625936 458228 274376 1378013 45 26 24  5  0  0
42  2  77224 139215596 2225760 34252340    0    0 553872 425792 270509 1413879 43 28 25  4  0  0
121  1  77224 139229940 2225760 34252352    0    0 613216 451192 276179 1420076 45 28 23  4  0  0
57  7  77224 139229784 2225760 34252376    0    0 617136 452460 273735 1404527 45 28 23  4  0  0
procs -----------memory---------- ---swap-- -----io---- -system-- -------cpu-------
 r  b   swpd   free   buff  cache   si   so    bi    bo   in   cs us sy id wa st gu
128  2  77224 139222452 2225760 34252412    0    0 620416 456248 278686 1358131 44 27 24  6  0  0
44 14  77224 139215524 2225760 34252448    0    0 553840 445600 271423 1415970 43 28 24  4  0  0
83 12  77224 139237144 2225760 34252464    0    0 602240 448552 275444 1401359 45 27 23  4  0  0
42 11  77224 139222384 2225760 34252500    0    0 610848 453540 275635 1385989 45 27 23  5  0  0
34 17  77224 139213256 2225760 34252520    0    0 577984 438652 272146 1407635 44 27 25  4  0  0
97  2  77224 139227488 2225760 34252548    0    0 616016 449780 280227 1407380 45 27 23  5  0  0
77  1  77224 139229468 2225760 34252568    0    0 571136 427212 271059 1409425 44 29 23  5  0  0
52 23  77224 139231740 2225760 34252592    0    0 589408 446900 279671 1392052 44 27 23  5  0  0
78  4  77224 139226788 2225760 34252620    0    0 608752 468972 275082 1395815 45 27 24  4  0  0
29  5  77224 139226716 2225760 34252644    0    0 588128 439176 273685 1401759 45 27 24  4  0  0
32  6  77224 139236968 2225760 34252668    0    0 544720 419056 271087 1419329 43 29 24  4  0  0
59  4  77224 139236412 2225760 34252704    0    0 611024 450616 278451 1369859 44 27 24  5  0  0
38 15  77224 139221508 2225760 34252728    0    0 637328 461228 272616 1354584 45 26 23  6  0  0
42 23  77224 139243312 2225760 34252744    0    0 559632 423408 278673 1448303 44 28 24  4  0  0
92 10  77224 139241732 2225760 34252756    0    0 603168 452968 278244 1411658 45 28 23  4  0  0
38  1  77224 139219568 2225760 34252804    0    0 613808 464112 276761 1411726 45 28 23  4  0  0
29  7  77224 139230680 2225760 34252828    0    0 536480 419332 270654 1407235 43 29 25  4  0  0
33  7  77224 139224824 2225760 34252852    0    0 678736 482432 275740 1333785 45 25 23  7  0  0
26 18  77224 139203540 2225760 34252880    0    0 564592 429796 274711 1405622 43 28 24  4  0  0
21  5  77224 139219972 2225760 34252912    0    0 645520 462856 276377 1349056 45 26 23  6  0  0
75 11  77224 139242436 2225760 34252932    0    0 543872 413808 269406 1407817 43 28 26  4  0  0
procs -----------memory---------- ---swap-- -----io---- -system-- -------cpu-------
 r  b   swpd   free   buff  cache   si   so    bi    bo   in   cs us sy id wa st gu
73 16  77224 139269240 2225760 34252956    0    0 629568 476652 273189 1359187 44 26 23  7  0  0
78  7  77224 139242600 2225760 34252984    0    0 567184 430484 271455 1411974 44 28 24  4  0  0
69 13  77224 139238964 2225760 34253016    0    0 632416 456128 271875 1352820 45 26 23  6  0  0
79 12  77224 139219492 2225760 34253036    0    0 534928 416400 276401 1429513 43 29 24  4  0  0
27  1  77224 139224564 2225760 34253068    0    0 518048 402856 270447 1426082 43 28 25  4  0  0
81  6  77224 139226836 2225760 34253104    0    0 665168 474688 279774 1375505 46 26 23  5  0  0
84  9  77224 139220232 2225760 34253124    0    0 660000 502752 275506 1323979 44 25 24  6  0  0
92  2  77224 139231328 2225760 34253140    0    0 591792 436144 276313 1427901 45 27 23  4  0  0
39  1  77224 139237524 2225760 34253168    0    0 560784 425632 269602 1385884 44 27 24  6  0  0
54 13  77224 139197872 2225760 34253192    0    0 575568 436608 280195 1425056 45 28 23  4  0  0
59  2  77224 139202552 2225760 34253220    0    0 574384 428456 272596 1413571 44 28 24  4  0  0
51  3  77224 139210032 2225760 34253252    0    0 626288 462876 273732 1364918 44 26 24  6  0  0
74  5  77224 139235756 2225760 34253276    0    0 620880 453620 280494 1396257 45 26 24  5  0  0
60  3  77224 139235716 2225760 34253304    0    0 653824 485292 278261 1349732 45 25 25  6  0  0
57  7  77224 139228404 2225760 34253332    0    0 601328 437260 270630 1368705 44 27 23  6  0  0
102  7  77224 139245144 2225760 34253352    0    0 616464 455452 277060 1413010 45 26 24  5  0  0
26 12  77224 139239708 2225760 34253384    0    0 637856 460320 270837 1341759 45 25 24  6  0  0
43 15  77224 139217448 2225760 34253408    0    0 533408 409776 270950 1430791 43 28 25  4  0  0
34  3  77224 139219432 2225760 34253440    0    0 604176 441500 272264 1375009 44 26 25  5  0  0
124 14  77224 139223444 2225760 34253464    0    0 584544 446620 263616 1326595 42 27 23  8  0  0
28 11  77224 139224356 2225760 34253488    0    0 569408 428868 274126 1418910 44 27 24  5  0  0
procs -----------memory---------- ---swap-- -----io---- -system-- -------cpu-------
 r  b   swpd   free   buff  cache   si   so    bi    bo   in   cs us sy id wa st gu
56  2  77224 139223296 2225760 34253512    0    0 623168 447900 269572 1349066 44 25 24  7  0  0
70 20  77224 139228612 2225760 34253548    0    0 547536 421336 271206 1420435 43 27 26  4  0  0
91  7  77224 139243744 2225760 34253556    0    0 583232 438592 274365 1399870 44 27 25  5  0  0
151 20  77224 139235924 2225760 34253588    0    0 661600 485224 271567 1311759 44 25 24  7  0  0
29 11  77224 139220492 2225760 34253612    0    0 574400 424588 282145 1437391 43 28 24  4  0  0
30 34  77224 139218820 2225760 34253640    0    0 638880 465528 275805 1376480 44 26 24  5  0  0
42  5  77224 139213700 2225760 34253668    0    0 633120 456240 274051 1372188 45 26 23  6  0  0
28  2  77224 139220604 2225760 34253700    0    0 632032 458668 278664 1404869 45 27 23  5  0  0
58 14  77224 139210752 2225760 34253724    0    0 627104 463720 277349 1390510 45 27 24  5  0  0
102  2  77224 139238148 2225760 34253744    0    0 610384 446136 279738 1420897 45 27 23  5  0  0
48  5  77224 139231472 2225760 34253768    0    0 562416 441556 273142 1421436 44 27 24  4  0  0
94  5  77224 139230928 2225760 34253804    0    0 512800 397860 268450 1424940 43 28 25  4  0  0
36 10  77224 139217712 2225760 34253832    0    0 585472 442100 272003 1397085 44 27 24  4  0  0
28 17  77224 139228640 2225760 34253864    0    0 615552 449304 276366 1373293 45 27 24  5  0  0
49  3  77224 139221724 2225760 34253888    0    0 539904 414440 279593 1423409 43 28 25  4  0  0
91 11  77224 139222756 2225760 34253912    0    0 568272 432356 272784 1403458 44 27 25  4  0  0
43 32  77224 139231744 2225760 34253944    0    0 644576 466100 274929 1347532 45 25 24  6  0  0
96  9  77224 139245992 2225760 34253960    0    0 567536 439244 275043 1410838 43 27 24  5  0  0
82  8  77224 139227864 2225760 34253996    0    0 661488 477084 290014 1343264 45 25 23  6  0  0
41  8  77224 139207572 2225760 34254028    0    0 609776 444116 273886 1383866 44 27 23  6  0  0
37  4  77224 139218956 2225760 34254060    0    0 649824 468028 277064 1381189 44 26 24  5  0  0
procs -----------memory---------- ---swap-- -----io---- -system-- -------cpu-------
 r  b   swpd   free   buff  cache   si   so    bi    bo   in   cs us sy id wa st gu
43 11  77224 139234256 2225760 34254088    0    0 649920 471528 272102 1330494 44 25 23  7  0  0
64  3  77224 139216940 2225760 34254112    0    0 529392 407956 268830 1423642 43 29 24  4  0  0
47 16  77224 139213348 2225760 34254136    0    0 574768 447660 275257 1417405 44 27 24  4  0  0
34 20  77224 139219244 2225760 34254164    0    0 646368 469976 277269 1372203 45 25 24  6  0  0
122  2  77224 139246628 2225760 34254188    0    0 626128 458544 275615 1390674 45 26 24  5  0  0
57  1  77224 139214324 2225760 34254220    0    0 599600 440840 271444 1388699 44 27 23  6  0  0
37  7  77224 139224016 2225760 34254240    0    0 552864 426084 270977 1418037 44 28 24  4  0  0
73  4  77224 139219420 2225760 34254264    0    0 551408 419168 269149 1411291 44 27 25  4  0  0
54  5  77224 139222552 2225760 34254292    0    0 677424 501072 274473 1347358 46 25 23  6  0  0
45  6  77224 139243424 2225760 34254324    0    0 618896 462412 272048 1368654 44 25 25  5  0  0
21  5  77224 139238904 2225760 34254356    0    0 589792 440604 274632 1414082 44 27 25  5  0  0
61  2  77224 139252080 2225760 34254376    0    0 605616 448012 278160 1431439 45 26 24  4  0  0
37  3  77224 139228912 2225760 34254396    0    0 606656 450708 277583 1391959 44 26 24  5  0  0
51  2  77224 139219516 2225760 34254428    0    0 602064 449592 273732 1359640 44 26 25  5  0  0
67  5  77224 139213400 2225760 34254456    0    0 579712 453968 274537 1406462 44 27 25  5  0  0
52 12  77224 139206284 2225760 34254480    0    0 590528 439792 273503 1388249 44 27 24  5  0  0
32 14  77224 139225280 2225760 34254508    0    0 558672 425104 276350 1423154 44 28 24  4  0  0
79  2  77224 139216372 2225760 34254540    0    0 596016 443604 270156 1383138 44 27 24  5  0  0
40 34  77224 139224504 2225760 34254564    0    0 582672 437984 277473 1425732 45 27 24  4  0  0
32  2  77224 139226636 2225760 34254576    0    0 563104 433424 274849 1429544 44 28 24  4  0  0
57  1  77224 139222364 2225760 34254608    0    0 668688 478980 280180 1383194 46 27 23  5  0  0
procs -----------memory---------- ---swap-- -----io---- -system-- -------cpu-------
 r  b   swpd   free   buff  cache   si   so    bi    bo   in   cs us sy id wa st gu
39 33  77224 139215276 2225760 34254632    0    0 734368 527944 277303 1301425 46 24 21  8  0  0
107  2  77224 139214508 2225760 34254664    0    0 538640 420016 269739 1415323 43 27 26  4  0  0
31 14  77224 139223440 2225760 34254688    0    0 599296 441928 273504 1396576 44 27 24  5  0  0
21 15  77224 139210408 2225760 34254716    0    0 609392 459328 272411 1372563 44 26 25  5  0  0
34 17  77224 139217716 2225760 34254752    0    0 592528 443584 275782 1402073 44 27 25  5  0  0
24 22  77224 139241412 2225760 34254764    0    0 650320 471164 282138 1394392 45 25 24  5  0  0
84 10  77224 139244492 2225760 34254796    0    0 606560 461756 271239 1383678 44 26 25  5  0  0
30 23  77224 139228440 2225760 34254824    0    0 592992 445260 276190 1403888 44 26 26  5  0  0
34  0  77224 139226136 2225760 34254852    0    0 619824 460196 275146 1373820 44 26 25  5  0  0
23  4  77224 139202420 2225760 34254880    0    0 610064 455116 271597 1410802 44 27 24  5  0  0
56  1  77224 139191028 2225760 34254912    0    0 597536 439316 272283 1407079 44 28 24  4  0  0
56  8  77224 139197596 2225764 34254932    0    0 539440 418092 268823 1421863 43 28 25  4  0  0
68  1  77224 139208692 2225764 34254960    0    0 594224 443332 275922 1429651 44 28 23  4  0  0
95  4  77224 139235780 2225764 34254972    0    0 578240 457612 274328 1435785 44 27 24  5  0  0
50  7  77224 139242048 2225764 34255004    0    0 605632 450560 273690 1390977 45 26 24  5  0  0
99  0  77224 139213844 2225764 34255028    0    0 536528 408308 274493 1446122 43 29 24  4  0  0
95  9  77224 139207268 2225764 34255052    0    0 580848 443184 272750 1414617 44 28 24  4  0  0
88 19  77224 139215536 2225764 34255080    0    0 602192 451884 273909 1395816 44 27 25  5  0  0
86  4  77224 139218024 2225764 34255108    0    0 590336 445140 273538 1410267 44 28 24  4  0  0
55  3  77224 139207076 2225764 34255132    0    0 593824 457196 276243 1418671 44 28 23  4  0  0
31 11  77224 139219592 2225764 34255160    0    0 657200 473508 275351 1365061 45 26 23  6  0  0
procs -----------memory---------- ---swap-- -----io---- -system-- -------cpu-------
 r  b   swpd   free   buff  cache   si   so    bi    bo   in   cs us sy id wa st gu
60 12  77224 139240184 2225764 34255184    0    0 615168 453720 273005 1378453 44 26 23  6  0  0
82  4  77224 139226660 2225764 34255212    0    0 582320 441332 272956 1421380 44 28 24  4  0  0
62  2  77224 139208408 2225764 34255236    0    0 619024 451192 274591 1384813 44 27 24  5  0  0
45 23  77224 139206104 2225764 34255264    0    0 589536 444492 273527 1397698 44 27 24  5  0  0
66 19  77224 139201416 2225764 34255292    0    0 642704 471036 275401 1383093 46 26 23  5  0  0
119  4  77224 139219604 2225764 34255316    0    0 557616 431080 270030 1423815 43 28 25  4  0  0
60  5  77224 139208564 2225764 34255344    0    0 573616 456400 272293 1418984 44 28 23  4  0  0
21  1  77224 139248848 2225764 34255368    0    0 634896 463676 276585 1378910 45 25 25  5  0  0
23  2  77224 139227728 2225764 34255396    0    0 575312 439676 273892 1421607 43 28 24  4  0  0
41  8  77224 139238996 2225764 34255432    0    0 631584 461460 275859 1367944 45 26 25  5  0  0
45  7  77224 139259708 2225764 34255452    0    0 653760 481616 274516 1326498 44 24 26  6  0  0
58  9  77224 139220884 2225764 34255476    0    0 612144 458156 274962 1402927 45 27 24  4  0  0
84  5  77224 139212524 2225764 34255508    0    0 642768 473908 275625 1368153 45 26 24  5  0  0
43  2  77224 139228760 2225764 34255532    0    0 653216 471216 269349 1297171 44 24 25  7  0  0
55  6  77224 139226168 2225764 34255564    0    0 595968 444208 274043 1418429 45 27 24  5  0  0
16  3  77224 139239716 2225764 34255584    0    0 569824 430392 272253 1426918 44 27 24  4  0  0
53  2  77224 139226536 2225764 34255608    0    0 622272 457712 273664 1371901 44 27 24  5  0  0
93  5  77224 139208848 2225764 34255640    0    0 628032 476604 281650 1378298 44 26 25  5  0  0
18 10  77224 139218400 2225764 34255676    0    0 650048 470344 279926 1357909 45 26 24  6  0  0
67 13  77224 139203736 2225764 34255704    0    0 559280 433456 272580 1421404 43 28 24  4  0  0
45  4  77224 139182588 2225764 34255728    0    0 642080 466324 279323 1375302 45 25 24  5  0  0
procs -----------memory---------- ---swap-- -----io---- -system-- -------cpu-------
 r  b   swpd   free   buff  cache   si   so    bi    bo   in   cs us sy id wa st gu
42  2  77224 139201456 2225764 34255752    0    0 589904 446928 274207 1393051 44 27 24  5  0  0
33 13  77224 139219432 2225764 34255780    0    0 560768 427776 274295 1413444 43 27 25  5  0  0
82  4  77224 139247484 2225764 34255796    0    0 628816 487128 280752 1368726 44 26 25  5  0  0
34 22  77224 139248428 2225764 34255828    0    0 603712 451464 280036 1401352 44 26 25  5  0  0
44 10  77224 139189072 2225764 34255852    0    0 598304 446292 277736 1419704 45 27 24  4  0  0
37 24  77224 139170228 2225764 34255880    0    0 555040 429144 271902 1414578 43 28 25  4  0  0
23  9  77224 139197996 2225764 34255908    0    0 611232 447140 272179 1376398 44 27 24  5  0  0
70 14  77224 139231676 2225764 34255932    0    0 639360 460596 272509 1342633 43 26 24  8  0  0
34  4  77224 139211740 2225764 34255960    0    0 574704 436780 273553 1425437 44 29 24  4  0  0
60  1  77224 139201308 2225764 34255976    0    0 603648 467352 275922 1408209 45 26 24  5  0  0
63  6  77224 139197580 2225764 34256000    0    0 625744 458868 272791 1384763 45 26 23  6  0  0
35  0  77224 139211000 2225764 34256020    0    0 681840 483140 278812 1357025 45 26 24  5  0  0
72 37  77224 139221180 2225764 34256048    0    0 609968 453804 275636 1390677 44 26 25  5  0  0
48 15  77224 139203808 2225764 34256076    0    0 591440 440172 275408 1417618 44 28 24  4  0  0
91  1  77224 139214812 2225764 34256100    0    0 637712 466400 271618 1338175 44 25 25  7  0  0
44 11  77224 139218908 2225764 34256132    0    0 572720 454596 277727 1415480 43 27 25  5  0  0
65 19  77224 139233584 2225764 34256156    0    0 621616 462996 277791 1397203 44 26 24  5  0  0
82  3  77224 139239812 2225764 34256172    0    0 589184 437948 275866 1388967 44 26 25  5  0  0
62  9  77224 139222844 2225764 34256208    0    0 591456 446268 276642 1386156 43 26 25  5  0  0
50 20  77224 139224840 2225764 34256240    0    0 646576 469404 277252 1361331 45 26 24  5  0  0
41  4  77224 139209996 2225764 34256268    0    0 565296 430572 272538 1419133 44 28 24  4  0  0
procs -----------memory---------- ---swap-- -----io---- -system-- -------cpu-------
 r  b   swpd   free   buff  cache   si   so    bi    bo   in   cs us sy id wa st gu
23 16  77224 139208784 2225764 34256292    0    0 583392 451492 279191 1404739 44 28 24  5  0  0
46  1  77224 139206904 2225764 34256308    0    0 663376 468996 278549 1355313 46 25 23  6  0  0
50  8  77224 139200108 2225764 34256336    0    0 560336 423656 278722 1419584 44 27 25  4  0  0
36  2  77224 139230304 2225764 34256364    0    0 585648 438828 278389 1423160 44 27 25  5  0  0
64 20  77224 139236492 2225764 34256376    0    0 606544 454916 278142 1377867 44 26 25  5  0  0
69 11  77224 139221832 2225764 34256404    0    0 560080 429148 279079 1395879 43 27 26  4  0  0
40 44  77224 139228476 2225764 34256432    0    0 642400 480408 278994 1382828 45 26 24  5  0  0
79  5  77224 139229448 2225764 34256460    0    0 633232 456884 276565 1360004 44 26 24  5  0  0
44  6  77224 139207472 2225764 34256484    0    0 624608 448720 276428 1385965 45 27 24  5  0  0
53 38  77224 139228348 2225764 34256520    0    0 579360 435840 273725 1408859 44 27 24  4  0  0
44 12  77224 139237948 2225764 34256548    0    0 606768 441860 276250 1384928 44 27 25  5  0  0
73  5  77224 139249012 2225764 34256560    0    0 585328 436144 275714 1433334 44 28 24  4  0  0
39  5  77224 139227640 2225764 34256584    0    0 634096 458804 277457 1393744 46 26 23  5  0  0
86 21  77224 139210200 2225764 34256620    0    0 610880 470432 274116 1372302 44 27 23  6  0  0
136 12  77224 139224608 2225764 34256648    0    0 650080 470948 278195 1361681 45 25 25  5  0  0
29  6  77224 139214000 2225764 34256664    0    0 635696 460300 276048 1361510 45 26 24  5  0  0
23 33  77224 139209196 2225764 34256692    0    0 712944 506372 285374 1373115 47 26 23  5  0  0
10  5  77224 139186516 2225764 34256724    0    0 597232 436572 278422 1408254 44 27 24  5  0  0
46 48  77224 139223128 2225764 34256756    0    0 643952 484460 280457 1364972 45 24 25  6  0  0
97 10  77224 139239176 2225764 34256768    0    0 607472 450752 278955 1387751 44 27 25  5  0  0
54  0  77224 139224792 2225764 34256796    0    0 565920 427628 283477 1379642 43 27 26  5  0  0
procs -----------memory---------- ---swap-- -----io---- -system-- -------cpu-------
 r  b   swpd   free   buff  cache   si   so    bi    bo   in   cs us sy id wa st gu
80  5  77224 139203248 2225764 34256820    0    0 549632 421232 276405 1413311 43 28 25  4  0  0
54  5  77224 139215432 2225764 34256844    0    0 606336 448132 274544 1382203 44 27 25  5  0  0
57 15  77224 139211132 2225768 34256872    0    0 576224 429568 273967 1395669 44 27 25  4  0  0
76  6  77224 139215612 2225768 34256908    0    0 577520 431624 273559 1390191 43 28 25  4  0  0
33  1  77224 139211148 2225768 34256936    0    0 594192 452948 279197 1410776 45 27 24  5  0  0
82  3  77224 139232276 2225768 34256956    0    0 583536 433024 282893 1442642 44 27 25  4  0  0
69 10  77224 139215072 2225768 34256984    0    0 552512 424336 271923 1418290 44 28 24  4  0  0
59  8  77224 139204168 2225768 34257004    0    0 584016 432548 277306 1424471 44 28 24  4  0  0
50  4  77224 139209164 2225768 34257040    0    0 652448 469352 281705 1384489 46 26 23  5  0  0
52 52  77224 139210516 2225768 34257060    0    0 593968 448164 273585 1388223 44 27 24  5  0  0
61  6  77224 139222036 2225768 34257092    0    0 617552 464212 274682 1375759 45 26 24  5  0  0
85  9  77224 139192724 2225768 34257120    0    0 642944 467064 277128 1382109 45 27 23  5  0  0
78  4  77224 139202088 2225768 34257144    0    0 580192 433760 272219 1406814 44 27 25  4  0  0
37  4  77224 139227008 2225768 34257168    0    0 635408 459324 285668 1420591 46 27 23  5  0  0
90  4  77224 139214848 2225768 34257192    0    0 573968 435624 280451 1405275 44 28 24  4  0  0
58  2  77224 139218092 2225768 34257220    0    0 605392 444868 274659 1388428 45 28 23  4  0  0
83  3  77224 139202372 2225768 34257252    0    0 549728 418660 281701 1443552 43 30 23  4  0  0
64  6  77224 139220932 2225768 34257284    0    0 605776 463560 274798 1371111 44 27 24  5  0  0
32  3  77224 139202948 2225768 34257304    0    0 568096 425364 271208 1413377 43 29 24  4  0  0
73  3  77224 139206716 2225768 34257336    0    0 646048 458708 275161 1346552 45 25 23  7  0  0
52 15  77224 139227780 2225768 34257360    0    0 624688 458028 275437 1363036 44 26 25  5  0  0
procs -----------memory---------- ---swap-- -----io---- -system-- -------cpu-------
 r  b   swpd   free   buff  cache   si   so    bi    bo   in   cs us sy id wa st gu
72  8  77224 139225744 2225768 34257376    0    0 588992 437236 279722 1432007 44 27 24  4  0  0
34  5  77224 139220740 2225768 34257408    0    0 569952 426888 276371 1423038 44 29 23  4  0  0
52  2  77224 139208632 2225768 34257440    0    0 596928 439440 281340 1413177 45 28 23  4  0  0
78  6  77224 139188812 2225768 34257472    0    0 616928 471592 274192 1371416 45 27 24  5  0  0
44 22  77224 139188856 2225768 34257500    0    0 624896 447788 272276 1365091 45 26 23  6  0  0
106 16  77224 139196760 2225768 34257524    0    0 551088 419608 273034 1417782 44 29 24  4  0  0
42  8  77224 139210692 2225768 34257552    0    0 585312 434148 276492 1408035 45 28 23  4  0  0
82  3  77224 139233932 2225768 34257576    0    0 605776 450872 281421 1402529 45 27 24  4  0  0
98 27  77224 139220932 2225768 34257600    0    0 619552 469540 278872 1377161 45 26 24  5  0  0
20  0  77224 139423252 2225768 34257624    0    0 495440 401992 493982 1313464 41 28 27  4  0  0
