procs -----------memory---------- ---swap-- -----io---- -system-- -------cpu-------
 r  b   swpd   free   buff  cache   si   so    bi    bo   in   cs us sy id wa st gu
 5  0   6400 5631936 3068024 166879724    0    0  5067  4622 1894    0  0  0 99  0  0  0
 2  0   6400 5617384 3068024 166879552    0    0     8 320324 29747 21127  1  1 98  0  0  0
111  0   6400 5505644 3068024 166879712    0    0  2304 262408 94084 45010 94  3  3  0  0  0
122  0   6400 5521120 3068024 166879200    0    0     0 270276 135361 46367 98  2  0  0  0  0
78  0   6400 5513760 3068024 166879220    0    0     0 316428 95890 49968 98  2  1  0  0  0
106  0   6400 5505492 3068024 166879236    0    0     0 319524 117705 49370 97  2  1  0  0  0
117  0   6400 5494340 3068024 166879256    0    0     0 271460 94559 44375 97  2  1  0  0  0
39  0   6400 5453092 3068024 166879280    0    0     0 480376 124909 66602 86  2 11  0  0  0
74 18   6400 4999128 3068024 166879376    0    0 1053808 419256 433002 1175755 47 21 24  8  0  0
61  7   6400 4928412 3068024 166879400    0    0 1233184 520844 293948 1319842 50 21 20  9  0  0
69 12   6400 4905844 3068024 166879432    0    0 1246272 536332 298270 1341961 50 21 20  9  0  0
39 14   6400 4907636 3068024 166879448    0    0 1263600 531336 293484 1352410 51 20 20  8  0  0
99 38   6400 4882368 3068024 166879472    0    0 1263088 563844 287072 1313161 50 21 20  9  0  0
70 22   6400 4897104 3068024 166879500    0    0 1259728 568176 287968 1301710 49 20 21  9  0  0
71 16   6400 4876792 3068024 166879524    0    0 1219632 586228 299161 1309067 49 21 21  9  0  0
77 15   6400 4869476 3068024 166879548    0    0 1214944 627008 294813 1290948 48 20 21 10  0  0
106 33   6400 4864528 3068024 166879580    0    0 1237728 621304 277783 1231973 48 18 21 13  0  0
87 45   6400 4860900 3068024 166879612    0    0 1222480 618404 277870 1232467 47 19 21 13  0  0
35 30   6400 4882760 3068024 166879632    0    0 1192480 631316 285299 1291609 48 19 23 10  0  0
99  6   6400 4888260 3068024 166879652    0    0 1238224 661832 286192 1272967 48 19 22 11  0  0
99 28   6400 4907024 3068024 166879668    0    0 1233536 704764 287146 1260139 47 19 23 11  0  0
procs -----------memory---------- ---swap-- -----io---- -system-- -------cpu-------
 r  b   swpd   free   buff  cache   si   so    bi    bo   in   cs us sy id wa st gu
38 20   6400 4903920 3068024 166879704    0    0 1213824 704712 284330 1261224 47 19 22 11  0  0
54 14   6400 4884436 3068024 166879736    0    0 1202208 717732 282679 1241703 47 19 22 12  0  0
40 19   6400 4884388 3068024 166879760    0    0 1240032 759896 284558 1230202 47 19 21 13  0  0
89  7   6400 4902900 3068024 166879784    0    0 1221648 754400 284731 1204274 46 19 22 13  0  0
95 37   6400 4919500 3068024 166879808    0    0 1206208 746536 284956 1233855 47 18 23 12  0  0
52  7   6400 4969588 3068024 166879832    0    0 1223792 749088 282696 1222367 47 18 24 12  0  0
114 23   6400 4944856 3068028 166879844    0    0 1198720 740288 282041 1218722 46 19 23 12  0  0
49 20   6400 4926916 3068028 166879880    0    0 1198912 740628 285216 1228961 47 19 23 11  0  0
70 29   6400 4925968 3068028 166879900    0    0 1212080 730960 280023 1177926 45 18 23 14  0  0
76 58   6400 4921928 3068028 166879936    0    0 1241920 739020 280893 1200361 47 18 22 13  0  0
106 33   6400 4935636 3068028 166879964    0    0 1226272 727044 281401 1210950 46 18 22 14  0  0
81 56   6400 4954980 3068028 166879984    0    0 1216112 744608 282650 1205569 46 19 24 11  0  0
74  6   6400 4974776 3068028 166880012    0    0 1223616 735828 283215 1228581 47 18 24 11  0  0
24 10   6400 4963220 3068028 166880028    0    0 1232624 751792 285771 1227831 47 18 24 12  0  0
75 52   6400 4930076 3068028 166880056    0    0 1232944 747300 283623 1192426 47 18 23 12  0  0
96 47   6400 4905388 3068028 166880088    0    0 1235936 757064 287418 1219058 48 19 23 11  0  0
25 14   6400 4921652 3068028 166880104    0    0 1228848 782480 285577 1193456 46 19 23 12  0  0
77 46   6400 4919500 3068028 166880136    0    0 1197280 768768 284763 1220121 46 19 24 11  0  0
95 35   6400 4912960 3068028 166880172    0    0 1236160 762752 286967 1222167 47 19 23 11  0  0
43  2   6400 4935120 3068028 166880204    0    0 1212368 758108 281953 1202052 46 18 24 12  0  0
24 18   6400 4942032 3068028 166880220    0    0 1234816 785080 284029 1197331 47 18 23 13  0  0
procs -----------memory---------- ---swap-- -----io---- -system-- -------cpu-------
 r  b   swpd   free   buff  cache   si   so    bi    bo   in   cs us sy id wa st gu
72 67   6400 4917012 3068028 166880244    0    0 1179824 735232 275756 1173584 44 18 24 14  0  0
35 34   6400 4885012 3068028 166880268    0    0 1211392 765380 283842 1209908 46 18 24 12  0  0
87 62   6400 4883464 3068028 166880296    0    0 1191056 754664 275608 1155153 44 18 24 15  0  0
116 29   6400 4873532 3068028 166880324    0    0 1206816 751620 286014 1220172 46 18 24 12  0  0
18 14   6400 4855344 3068028 166880360    0    0 1210944 759284 285328 1216453 46 19 24 11  0  0
24  7   6400 4853860 3068028 166880392    0    0 1202160 749500 283942 1194701 46 18 24 11  0  0
69 10   6400 4885408 3068028 166880404    0    0 1244960 773064 283823 1209797 46 18 24 12  0  0
44  5   6400 4893656 3068028 166880428    0    0 1214064 769668 284057 1190652 46 19 24 11  0  0
111 27   6400 4900248 3068028 166880460    0    0 1188320 748460 283911 1211787 46 19 24 11  0  0
34  9   6400 4879900 3068028 166880484    0    0 1233344 790428 284874 1186416 46 18 24 12  0  0
82 16   6400 4868432 3068028 166880504    0    0 1190784 785484 283701 1187901 46 19 25 11  0  0
87 50   6400 4857352 3068028 166880536    0    0 1204016 766240 284945 1181421 47 19 24 11  0  0
91 14   6400 4850956 3068028 166880564    0    0 1207120 763980 284456 1184915 46 19 23 12  0  0
18 11   6400 4870772 3068028 166880576    0    0 1179120 743260 281134 1166031 45 18 24 13  0  0
109 18   6400 4895980 3068028 166880604    0    0 1189408 763524 285175 1200304 46 18 24 11  0  0
103 32   6400 4876400 3068028 166880628    0    0 1201008 771512 277859 1151942 46 18 23 13  0  0
77 10   6400 4862276 3068028 166880656    0    0 1180704 753248 285163 1207729 46 19 24 11  0  0
88 33   6400 4852956 3068028 166880676    0    0 1183184 747324 285199 1197206 46 19 24 10  0  0
20 21   6400 4858688 3068028 166880708    0    0 1160048 747728 281744 1185429 46 19 24 11  0  0
71 21   6400 4853472 3068028 166880732    0    0 1152896 726044 281750 1202627 45 19 25 11  0  0
47 15   6400 4872968 3068028 166880760    0    0 1157632 731728 284148 1219876 46 19 24 11  0  0
procs -----------memory---------- ---swap-- -----io---- -system-- -------cpu-------
 r  b   swpd   free   buff  cache   si   so    bi    bo   in   cs us sy id wa st gu
50 24   6400 4929484 3068028 166880768    0    0 1214816 734364 284304 1208694 47 18 23 11  0  0
48 10   6400 4901848 3068028 166880796    0    0 1221152 593524 286771 1240275 49 21 22  9  0  0
67 14   6400 4861900 3068028 166880828    0    0 1235856 604928 286121 1241570 49 21 22  9  0  0
95 44   6400 4848812 3068028 166880856    0    0 1229392 610580 288706 1256107 50 21 21  8  0  0
53  4   6400 4834204 3068028 166880968    0    0 1225968 611836 292692 1279883 50 22 20  8  0  0
14 27   6400 4841828 3068028 166881000    0    0 1220496 612596 284158 1237624 48 20 22 10  0  0
18 15   6400 4833524 3068028 166881016    0    0 1285296 656868 284357 1204971 49 20 21 11  0  0
56 15   6400 4840156 3068028 166881032    0    0 1177216 731832 282188 1210420 45 19 24 11  0  0
57 18   6400 4833824 3068028 166881056    0    0 1171232 732168 275072 1170676 44 18 23 15  0  0
22  4   6400 4833348 3068028 166881084    0    0 1156016 759256 285623 1222264 45 19 25 11  0  0
34  8   6400 4838468 3068028 166881092    0    0 1134880 764928 282530 1204889 44 19 25 11  0  0
50  5   6400 4832284 3068028 166881124    0    0 1167664 748676 285299 1217153 45 20 24 11  0  0
45 45   6400 4829844 3068028 166881152    0    0 1201776 763672 288119 1205501 46 20 24 11  0  0
30 15   6400 4837380 3068028 166881172    0    0 1179168 776140 287050 1220542 45 19 24 11  0  0
72 47   6400 4833120 3068028 166881208    0    0 1174576 794444 286487 1193349 45 19 25 11  0  0
23 17   6400 4850312 3068028 166881236    0    0 1185840 774428 284053 1210407 44 18 26 12  0  0
21 17   6400 4838400 3068028 166881260    0    0 1196976 774820 282283 1164391 45 18 26 11  0  0
51 17   6400 4833476 3068028 166881284    0    0 1201488 784524 284304 1173867 46 19 25 10  0  0
93 45   6400 4831056 3068028 166881312    0    0 1159168 750484 273353 1149032 43 18 25 15  0  0
19 18   6400 4816048 3068028 166881340    0    0 1209888 771236 279704 1158465 44 18 25 14  0  0
34 14   6400 4817268 3068028 166881368    0    0 1233472 800284 286560 1181542 46 19 23 13  0  0
procs -----------memory---------- ---swap-- -----io---- -system-- -------cpu-------
 r  b   swpd   free   buff  cache   si   so    bi    bo   in   cs us sy id wa st gu
67 39   6400 4818092 3068028 166881388    0    0 1176272 776864 279493 1185237 45 18 24 13  0  0
65 10   6400 4833820 3068028 166881412    0    0 1180544 769032 284311 1224366 45 19 24 12  0  0
44 14   6400 4842628 3068028 166881428    0    0 1215680 795760 284773 1183031 45 18 25 12  0  0
105 31   6400 4852568 3068028 166881452    0    0 1199840 818204 285234 1183969 45 18 25 12  0  0
25  4   6400 4833812 3068028 166881484    0    0 1188608 785144 283831 1174785 45 19 25 12  0  0
50 26   6400 4825596 3068028 166881508    0    0 1179024 820456 282507 1171441 44 18 25 13  0  0
80 17   6400 4821216 3068028 166881536    0    0 1226768 808632 287884 1192180 46 19 23 12  0  0
63 12   6400 4814152 3068028 166881560    0    0 1197888 833120 281303 1161963 44 18 25 13  0  0
87  9   6400 4836032 3068028 166881596    0    0 1205744 795316 284862 1195745 45 19 24 12  0  0
47 90   6400 4885680 3068028 166881612    0    0 1166752 758324 274417 1148749 42 17 26 15  0  0
58 48   6400 4865380 3068028 166881636    0    0 1208288 789200 277056 1142001 44 18 24 14  0  0
86 11   6400 4852244 3068028 166881660    0    0 1184832 777884 285433 1193961 45 18 24 12  0  0
103 40   6400 4833872 3068028 166881680    0    0 1186736 770516 278944 1169928 44 19 23 14  0  0
48  5   6400 4832660 3068028 166881720    0    0 1181584 791004 284807 1226601 45 19 23 13  0  0
94 42   6400 4827964 3068028 166881740    0    0 1169920 763020 283982 1197602 45 19 26 11  0  0
24 16   6400 4820092 3068028 166881768    0    0 1176048 763456 285324 1208090 46 20 24 11  0  0
100 34   6400 4830836 3068028 166881788    0    0 1190656 768696 283732 1208601 44 18 25 12  0  0
39 28   6400 4848112 3068028 166881808    0    0 1198880 774272 289246 1181675 45 18 25 12  0  0
36 20   6400 4835496 3068028 166881848    0    0 1167136 751288 284646 1218662 45 19 24 12  0  0
24 24   6400 4822944 3068028 166881872    0    0 1171040 765628 282647 1198785 45 19 25 11  0  0
24 27   6400 4805696 3068028 166881900    0    0 1190240 788124 281922 1176558 45 19 24 12  0  0
procs -----------memory---------- ---swap-- -----io---- -system-- -------cpu-------
 r  b   swpd   free   buff  cache   si   so    bi    bo   in   cs us sy id wa st gu
15 31   6400 4813080 3068028 166881920    0    0 1199456 769620 284840 1185868 45 19 24 12  0  0
88 50   6400 4806888 3068028 166881944    0    0 1176752 736616 275911 1152158 44 18 25 13  0  0
21 10   6400 4795416 3068028 166881976    0    0 1172976 745860 280122 1200263 45 19 24 12  0  0
32 23   6400 4814700 3068028 166881988    0    0 1181184 773864 280188 1193245 44 18 26 11  0  0
78 55   6400 4823916 3068028 166882020    0    0 1177200 756460 279813 1176673 44 18 25 13  0  0
73  2   6400 4808576 3068028 166882040    0    0 1186416 779228 280128 1185422 45 19 24 13  0  0
18  2   6400 4810776 3068028 166882076    0    0 1181104 767640 281892 1175272 45 19 26 11  0  0
76  6   6400 4809056 3068028 166882096    0    0 1205040 776088 287313 1202979 46 20 23 11  0  0
97  7   6400 4800944 3068028 166882128    0    0 1178320 760044 282362 1193337 45 19 25 12  0  0
26 97   6400 4808184 3068032 166882152    0    0 1214656 786684 283484 1180335 46 19 23 12  0  0
91 10   6400 4823848 3068032 166882172    0    0 1235952 797792 285242 1195671 46 18 23 12  0  0
75 39   6400 4829212 3068032 166882196    0    0 1186208 772076 283170 1186812 45 18 26 12  0  0
42 89   6400 4809284 3068032 166882228    0    0 1175616 750492 291175 1188512 45 19 25 12  0  0
14 19   6400 4833120 3068032 166882260    0    0 1199152 791612 284071 1170763 44 19 25 12  0  0
66 76   6400 4812468 3068032 166882288    0    0 1196336 754048 277605 1153655 44 18 23 14  0  0
29 31   6400 4818356 3068032 166882312    0    0 1152704 771544 282150 1193529 45 19 25 11  0  0
32 55   6400 4808124 3068032 166882344    0    0 1194256 766112 285836 1191127 45 19 25 11  0  0
30 18   6400 4806804 3068032 166882360    0    0 1180992 789380 276444 1171997 44 18 24 14  0  0
47 77   6400 4821812 3068032 166882380    0    0 1235200 761748 288500 1221421 47 18 24 10  0  0
36 84   6400 4796440 3068032 166882400    0    0 1202544 785780 287067 1190735 45 19 24 11  0  0
46 89   6400 4780216 3068032 166882432    0    0 1198832 766820 287419 1201781 45 19 25 11  0  0
procs -----------memory---------- ---swap-- -----io---- -system-- -------cpu-------
 r  b   swpd   free   buff  cache   si   so    bi    bo   in   cs us sy id wa st gu
64 75   6400 4776860 3068032 166882452    0    0 1174256 750792 286176 1204608 45 19 25 11  0  0
53 74   6400 4777508 3068032 166882544    0    0 1217312 770076 285561 1186474 46 19 24 12  0  0
37 91   6400 4771016 3068032 166882572    0    0 1185888 785440 280867 1179749 44 19 24 12  0  0
45 88   6400 4777832 3068032 166882604    0    0 1180688 775456 285902 1200297 45 19 24 11  0  0
36 81   6400 4801380 3068032 166882616    0    0 1213648 763728 284001 1204336 45 18 25 12  0  0
42 82   6400 4820200 3068032 166882644    0    0 1160144 754320 283115 1195623 45 19 25 11  0  0
37 84   6400 4813144 3068032 166882672    0    0 1182176 729396 274639 1160454 44 18 25 13  0  0
27 113   6400 4796380 3068032 166882704    0    0 1161248 741108 285029 1213290 45 19 25 11  0  0
31 93   6400 4794496 3068036 166882728    0    0 1176272 755780 285956 1206449 45 19 24 12  0  0
41 81   6400 4797500 3068036 166882760    0    0 1217440 805348 276357 1154299 45 18 23 14  0  0
60 75   6400 4776212 3068036 166882780    0    0 1227008 784488 286681 1197792 46 19 23 11  0  0
46 73   6400 4779832 3068036 166882808    0    0 1215440 775540 287591 1212579 46 19 24 11  0  0
33 91   6400 4786660 3068036 166882824    0    0 1193504 781428 286697 1220691 46 19 24 11  0  0
32 96   6400 4777800 3068036 166882848    0    0 1175392 758276 285576 1198015 45 19 25 11  0  0
21 107   6400 4776220 3068036 166882872    0    0 1196368 765400 286295 1199208 46 20 24 11  0  0
35 94   6400 4779256 3068036 166882900    0    0 1180304 796748 284988 1193140 45 19 25 12  0  0
46 89   6400 4771412 3068036 166882928    0    0 1185792 755016 284561 1198756 45 19 24 12  0  0
33 102   6400 4781936 3068036 166882956    0    0 1153376 743596 283280 1210812 45 19 25 11  0  0
59 36   6400 4782328 3068036 166882980    0    0 1181952 753092 286203 1199315 45 19 24 12  0  0
103 39   6400 4794748 3068036 166883004    0    0 1214752 775312 275156 1157118 43 17 24 16  0  0
98 54   6400 4791900 3068036 166883028    0    0 1186080 770084 284818 1203156 45 19 24 12  0  0
procs -----------memory---------- ---swap-- -----io---- -system-- -------cpu-------
 r  b   swpd   free   buff  cache   si   so    bi    bo   in   cs us sy id wa st gu
44 44   6400 4775708 3068036 166883056    0    0 1200800 790608 283205 1189840 46 19 23 13  0  0
46 87   6400 4785340 3068036 166883084    0    0 1191536 763496 279945 1167531 44 18 23 15  0  0
26 25   6400 4780680 3068036 166883116    0    0 1160240 760268 283761 1191723 44 19 25 11  0  0
79 69   6400 4772640 3068036 166883140    0    0 1204160 774440 284241 1184423 46 19 24 11  0  0
31 28   6400 4771156 3068040 166883164    0    0 1196176 774848 282040 1182815 46 18 24 12  0  0
60 55   6400 4777856 3068040 166883180    0    0 1178800 757724 269674 1117168 42 17 25 16  0  0
83 58   6400 4777680 3068040 166883200    0    0 1187936 748316 269563 1146563 43 16 25 16  0  0
20 21   6400 4767836 3068040 166883232    0    0 1140752 734860 270867 1143180 43 17 23 17  0  0
22 10   6400 4770460 3068040 166883256    0    0 1166544 740848 271874 1141364 43 18 24 15  0  0
29 23   6400 4760692 3068040 166883292    0    0 1190784 758516 274015 1148431 44 18 23 16  0  0
79 63   6400 4762660 3068040 166883316    0    0 1181552 726720 264559 1116663 43 17 23 17  0  0
26  9   6400 4761460 3068040 166883344    0    0 1193152 742440 269052 1129765 43 18 22 17  0  0
36 56   6400 4771268 3068040 166883372    0    0 1179568 752472 274019 1154394 44 18 23 16  0  0
92 33   6400 4782840 3068040 166883392    0    0 1176192 795808 269857 1149217 42 17 24 18  0  0
18 16   6400 4774832 3068044 166883412    0    0 1180176 758244 282282 1194801 45 19 23 13  0  0
43  5   6400 4769448 3068044 166883436    0    0 1179296 750960 286337 1193819 45 19 24 12  0  0
50 12   6400 4770960 3068044 166883468    0    0 1146720 752808 282396 1202848 44 19 25 12  0  0
37  8   6400 4768388 3068044 166883496    0    0 1178320 756460 284983 1202414 45 19 24 12  0  0
31 23   6400 4776884 3068044 166883528    0    0 1184016 778076 284127 1185648 44 18 24 14  0  0
94 23   6400 4768368 3068044 166883548    0    0 1177920 785496 283344 1171785 44 18 24 14  0  0
23 12   6400 4773420 3068044 166883568    0    0 1188896 778920 292606 1199271 45 18 23 13  0  0
procs -----------memory---------- ---swap-- -----io---- -system-- -------cpu-------
 r  b   swpd   free   buff  cache   si   so    bi    bo   in   cs us sy id wa st gu
28 21   6400 4769124 3068044 166883592    0    0 1188176 763144 282887 1187472 44 18 25 13  0  0
94 43   6400 4753060 3068044 166883620    0    0 1166912 752020 281713 1189374 44 19 24 13  0  0
31 30   6400 4759224 3068044 166883644    0    0 1186128 750416 276076 1154477 43 18 24 15  0  0
64 13   6400 4765716 3068044 166883672    0    0 1180416 777520 283452 1180566 45 19 25 12  0  0
27 15   6400 4757428 3068044 166883696    0    0 1172176 786584 281873 1190133 45 19 24 12  0  0
55  8   6400 4761204 3068044 166883728    0    0 1181232 758152 282238 1179183 45 18 24 12  0  0
55 16   6400 4795596 3068044 166883760    0    0 1170528 767072 283961 1188460 44 19 25 12  0  0
57 21   6400 4837504 3068044 166883772    0    0 1176288 767488 282008 1209852 45 18 24 13  0  0
42 17   6400 4819448 3068044 166883796    0    0 1219776 770832 289949 1214071 47 19 22 12  0  0
92 47   6400 4783956 3068044 166883824    0    0 1203264 782136 287722 1186240 45 18 24 12  0  0
26 18   6400 4769368 3068044 166883856    0    0 1157040 746460 280653 1185141 44 18 25 13  0  0
20 16   6400 4758832 3068044 166883876    0    0 1131888 771540 277098 1177091 43 18 25 14  0  0
99 37   6400 4761556 3068044 166883900    0    0 1183104 749920 284601 1187538 44 19 24 13  0  0
80 18   6400 4750012 3068044 166883924    0    0 1183904 769796 282233 1182788 45 18 24 13  0  0
13 16   6400 4758348 3068044 166883948    0    0 1177648 757232 279981 1194708 44 18 24 13  0  0
79  9   6400 4752764 3068044 166883968    0    0 1245616 772904 274471 1146484 45 17 23 16  0  0
20 14   6400 4753668 3068044 166883996    0    0 1179392 771108 283090 1191601 45 19 25 12  0  0
27 13   6400 4756140 3068044 166884028    0    0 1201168 811556 282434 1173205 45 19 24 13  0  0
21 21   6400 4756016 3068044 166884052    0    0 1175376 760520 282514 1188212 44 19 25 12  0  0
52 14   6400 4754072 3068044 166884148    0    0 1210464 775936 280952 1164300 45 18 25 12  0  0
39  6   6400 4745916 3068044 166884172    0    0 1202240 779276 281256 1164414 44 18 25 13  0  0
procs -----------memory---------- ---swap-- -----io---- -system-- -------cpu-------
 r  b   swpd   free   buff  cache   si   so    bi    bo   in   cs us sy id wa st gu
84  5   6400 4752676 3068044 166884196    0    0 1187552 766324 284284 1213206 45 19 24 12  0  0
32  6   6400 4779520 3068044 166884216    0    0 1160160 760636 283444 1231258 45 18 26 11  0  0
23  2   6400 4774628 3068044 166884236    0    0 1189280 780428 283723 1203143 45 19 24 13  0  0
22  6   6400 4759488 3068044 166884272    0    0 1160272 768764 281641 1181500 44 18 26 12  0  0
29 17   6400 4763368 3068044 166884292    0    0 1212992 765584 282484 1179311 45 19 25 12  0  0
51 32   6400 4750068 3068044 166884316    0    0 1178240 764088 294139 1196945 45 19 25 12  0  0
19 26   6400 4753188 3068044 166884352    0    0 1175120 764408 287248 1174132 44 18 24 14  0  0
111 27   6400 4752244 3068048 166884388    0    0 1165904 753528 280011 1177327 44 18 24 14  0  0
25 19   6400 4760140 3068048 166884408    0    0 1198448 792800 286747 1217588 46 19 24 12  0  0
23 17   6400 4756016 3068048 166884428    0    0 1198096 789708 285840 1213165 46 18 24 13  0  0
31 22   6400 4752084 3068048 166884452    0    0 1178032 760432 282008 1191541 44 19 25 11  0  0
63  3   6400 4746676 3068048 166884484    0    0 1178784 754468 284468 1200302 46 19 24 11  0  0
42  3   6400 4747268 3068048 166884512    0    0 1154096 758420 283495 1206599 45 20 25 11  0  0
56 11   6400 4746488 3068048 166884540    0    0 1162192 762932 284362 1204448 44 19 26 11  0  0
19 17   6400 4743720 3068048 166884568    0    0 1173328 774456 284084 1199933 45 19 25 11  0  0
64 13   6400 4743204 3068048 166884592    0    0 1166160 786000 283594 1188483 44 18 26 12  0  0
15 29   6400 4757568 3068048 166884612    0    0 1206288 787796 282950 1189428 44 17 25 14  0  0
44 14   6400 4756056 3068048 166884644    0    0 1203680 775116 282815 1173007 45 18 25 12  0  0
76 13   6400 4748580 3068048 166884660    0    0 1170080 749860 282936 1187127 45 19 26 10  0  0
92 44   6400 4740248 3068048 166884680    0    0 1196880 772496 277431 1154073 44 18 25 14  0  0
113  5   6400 4736540 3068048 166884708    0    0 1170144 760088 281928 1197072 45 19 24 11  0  0
procs -----------memory---------- ---swap-- -----io---- -system-- -------cpu-------
 r  b   swpd   free   buff  cache   si   so    bi    bo   in   cs us sy id wa st gu
108 37   6400 4746076 3068048 166884744    0    0 1219440 831496 283445 1166805 44 18 24 13  0  0
56 10   6400 4743404 3068048 166884764    0    0 1195264 769636 284210 1189402 45 19 25 11  0  0
21 21   6400 4752332 3068048 166884788    0    0 1196192 784708 287259 1207350 45 19 25 11  0  0
34 18   6400 4743980 3068048 166884808    0    0 1201632 757064 282761 1197247 44 19 25 12  0  0
105 27   6400 4741836 3068048 166884832    0    0 1162912 774728 283231 1193637 44 19 26 12  0  0
19 33   6400 4753376 3068048 166884860    0    0 1190128 769628 286561 1195365 45 19 25 11  0  0
55 17   6400 4746184 3068048 166884892    0    0 1200448 798564 285452 1198954 46 19 24 12  0  0
21 16   6400 4746800 3068048 166884916    0    0 1171072 763424 284598 1190458 44 19 25 11  0  0
30 17   6400 4738064 3068048 166884940    0    0 1205536 775928 285518 1182233 45 19 24 12  0  0
49 17   6400 4745660 3068048 166884964    0    0 1152912 742776 280182 1190397 44 19 26 11  0  0
22 16   6400 4751864 3068048 166884992    0    0 1224400 789740 280183 1181163 44 18 25 13  0  0
62 10   6400 4738404 3068048 166885012    0    0 1196912 756936 275169 1151972 44 18 23 15  0  0
29 12   6400 4739000 3068048 166885036    0    0 1177520 768536 286720 1213821 45 19 25 11  0  0
81 58   6400 4739440 3068048 166885060    0    0 1201136 810684 280298 1155837 43 18 26 12  0  0
107 36   6400 4743656 3068048 166885092    0    0 1183504 757796 281965 1190938 45 19 25 11  0  0
70 14   6400 4741720 3068048 166885112    0    0 1170960 763976 279947 1186168 44 19 26 11  0  0
71 13   6400 4750072 3068048 166885140    0    0 1132160 742964 281923 1211940 44 19 26 11  0  0
106 29   6400 4766036 3068048 166885160    0    0 1163504 771828 284895 1228706 44 19 25 12  0  0
41  1   6400 4769960 3068048 166885184    0    0 1188416 786864 284844 1205571 44 18 26 12  0  0
75 18   6400 4759208 3068048 166885216    0    0 1191104 767800 288432 1215659 45 19 24 11  0  0
43  3   6400 4755580 3068048 166885240    0    0 1226224 792356 286235 1188182 45 18 24 12  0  0
procs -----------memory---------- ---swap-- -----io---- -system-- -------cpu-------
 r  b   swpd   free   buff  cache   si   so    bi    bo   in   cs us sy id wa st gu
25 26   6400 4752344 3068048 166885272    0    0 1200080 789740 283655 1173134 44 18 25 13  0  0
64 24   6400 4742248 3068048 166885296    0    0 1179360 761864 284478 1190003 45 19 25 11  0  0
24 15   6400 4745788 3068048 166885324    0    0 1160752 760176 283730 1191586 45 19 25 11  0  0
18 18   6400 4735328 3068048 166885356    0    0 1188560 764384 277400 1161144 44 18 23 15  0  0
23 13   6400 4773460 3068048 166885372    0    0 1235072 828996 284967 1190037 45 18 25 12  0  0
28 21   6400 4760956 3068048 166885396    0    0 1190720 764020 285546 1213741 46 19 24 11  0  0
19 12   6400 4732708 3068048 166900004    0    0 1206740 780048 286663 1165865 45 19 25 11  0  0
97  0   6400 4724228 3068048 166900032    0    0 1177376 756760 286294 1208749 45 19 25 11  0  0
21 17   6400 4720548 3068048 166900060    0    0 1181728 770368 282536 1182109 45 19 25 12  0  0
75 11   6400 4717432 3068048 166900084    0    0 1169680 776572 282901 1195327 44 19 25 12  0  0
19  7   6400 4719516 3068048 166900116    0    0 1162832 766704 282413 1193744 44 19 26 11  0  0
101 44   6400 4718996 3068048 166900140    0    0 1210432 808808 285029 1194023 44 18 25 12  0  0
20 15   6400 4725420 3068048 166900152    0    0 1184208 775056 286205 1216472 45 18 25 12  0  0
64 27   6400 4693920 3068048 166900388    0    0 1168720 756584 281934 1190275 45 19 24 12  0  0
66 17   6400 4660284 3068048 166900564    0    0 1162896 762284 280599 1174674 45 19 25 12  0  0
59 51   6400 4646656 3068052 166900808    0    0 1171408 765756 279377 1139492 45 19 25 11  0  0
15 10   6400 4692348 3068052 166900600    0    0 1155056 735852 274652 1149342 44 18 24 14  0  0
17 19   6400 4688204 3068052 166900628    0    0 1214048 799244 285381 1191451 45 19 23 12  0  0
100 41   6400 4681708 3068052 166900652    0    0 1190384 776532 288364 1209509 45 19 24 11  0  0
38  5   6400 4684176 3068052 166900664    0    0 1206080 774468 282689 1201851 45 18 25 12  0  0
25  6   6400 4688780 3068052 166900688    0    0 1177200 776344 282896 1184109 44 18 26 11  0  0
procs -----------memory---------- ---swap-- -----io---- -system-- -------cpu-------
 r  b   swpd   free   buff  cache   si   so    bi    bo   in   cs us sy id wa st gu
17  7   6400 4685924 3068052 166900720    0    0 1151296 754500 283028 1204638 45 19 25 11  0  0
21 14   6400 4703356 3068052 166900752    0    0 1192048 764004 284754 1190236 45 19 25 11  0  0
61  5   6400 4714468 3068052 166900772    0    0 1203056 806880 285509 1196071 44 19 23 13  0  0
44 12   6400 4705488 3068052 166900800    0    0 1163872 755216 287134 1225004 46 20 23 11  0  0
53 15   6400 4707588 3068052 166900824    0    0 1165728 775080 285359 1199466 45 19 24 12  0  0
64  8   6400 4703708 3068052 166900856    0    0 1214336 794360 286734 1212874 46 19 24 11  0  0
68  8   6400 4716656 3068052 166900880    0    0 1171968 756540 280127 1205333 44 18 25 13  0  0
65 24   6400 4702208 3068052 166900904    0    0 1180752 746116 275951 1171405 44 18 23 14  0  0
72 65   6400 4694120 3068052 166900924    0    0 1192192 805656 282369 1190386 45 19 24 12  0  0
81 41   6400 4692608 3068052 166900952    0    0 1195488 782124 284401 1193048 45 19 25 11  0  0
91 42   6400 4698736 3068052 166900980    0    0 1220528 785168 285231 1181837 45 19 24 12  0  0
71 30   6400 4710664 3068052 166901004    0    0 1187136 779812 280610 1179236 45 19 26 11  0  0
69 10   6400 4707708 3068052 166901024    0    0 1192896 769856 283252 1174727 45 19 26 11  0  0
11 19   6400 4714972 3068052 166901048    0    0 1190032 778296 285935 1227505 45 18 25 12  0  0
66 27   6400 4708076 3068052 166901072    0    0 1197488 792188 283983 1183130 45 18 25 12  0  0
57  6   6400 4699380 3068052 166901108    0    0 1189216 769308 284138 1190914 45 19 25 11  0  0
20 20   6400 4701596 3068052 166901132    0    0 1208864 786612 284169 1191481 46 19 24 12  0  0
79 61   6400 4702212 3068056 166901156    0    0 1156752 763852 282827 1196209 44 19 25 12  0  0
27 11   6400 4711652 3068056 166901184    0    0 1152592 752456 282722 1196536 44 19 25 11  0  0
86  7   6400 4701632 3068056 166901212    0    0 1196992 774124 283545 1177126 45 19 24 12  0  0
52  8   6400 4703744 3068056 166901236    0    0 1180976 770528 273344 1140876 42 17 25 16  0  0
procs -----------memory---------- ---swap-- -----io---- -system-- -------cpu-------
 r  b   swpd   free   buff  cache   si   so    bi    bo   in   cs us sy id wa st gu
55 18   6400 4731488 3068056 166901260    0    0 1247920 833632 283840 1184469 46 18 24 13  0  0
85 55   6400 4719048 3068056 166901288    0    0 1177376 758576 289668 1199974 45 19 25 11  0  0
29 17   6400 4714272 3068056 166901316    0    0 1188352 766656 285989 1206194 45 19 25 11  0  0
39 20   6400 4707848 3068056 166901344    0    0 1207648 778132 284129 1180361 45 18 25 11  0  0
19 24   6400 4699716 3068056 166901364    0    0 1195616 779932 285397 1208952 45 19 23 12  0  0
48 11   6400 4691096 3068056 166901392    0    0 1181600 765604 283369 1193907 44 19 25 12  0  0
83 21   6400 4671208 3068056 166901584    0    0 1136720 782244 282766 1205361 45 19 25 11  0  0
55 31   6400 4728016 3068056 166901432    0    0 1189536 784324 284762 1210866 45 18 25 12  0  0
73 62   6400 4763436 3068056 166901460    0    0 1192416 771772 285647 1194764 45 19 26 10  0  0
91 35   6400 4745072 3068056 166901488    0    0 1196000 763876 282705 1191842 45 19 23 12  0  0
88 48   6400 4717184 3068056 166901516    0    0 1154688 750524 284643 1211019 45 19 24 12  0  0
13 35   6400 4709328 3068056 166901544    0    0 1223744 783396 280399 1175297 45 19 24 12  0  0
26 23   6400 4708140 3068056 166901568    0    0 1193920 774760 280005 1180879 44 19 23 14  0  0
19 15   6400 4699328 3068056 166901596    0    0 1139200 776544 282687 1205139 44 19 26 11  0  0
91 39   6400 4719584 3068056 166901620    0    0 1215024 782892 284410 1199877 45 18 24 13  0  0
44 10   6400 4720100 3068056 166901644    0    0 1170992 773608 283989 1225821 45 18 24 13  0  0
47 11   6400 4703528 3068056 166901664    0    0 1196608 762952 285758 1215045 46 20 23 11  0  0
43 11   6400 4695688 3068056 166901696    0    0 1187280 776492 283843 1198128 45 19 25 12  0  0
51 10   6400 4690528 3068056 166901716    0    0 1199376 769912 286882 1197754 45 20 25 11  0  0
27 12   6400 4689716 3068056 166901744    0    0 1177056 801316 286713 1197143 45 19 24 12  0  0
59 13   6400 4690916 3068056 166901776    0    0 1218672 781760 282549 1178672 45 19 25 11  0  0
procs -----------memory---------- ---swap-- -----io---- -system-- -------cpu-------
 r  b   swpd   free   buff  cache   si   so    bi    bo   in   cs us sy id wa st gu
44  8   6400 4696232 3068056 166901804    0    0 1175744 764076 283388 1192482 44 19 25 12  0  0
64 18   6400 4699156 3068056 166901956    0    0 1171856 768188 285869 1223096 45 18 24 12  0  0
51 14   6400 4705300 3068056 166901848    0    0 1190896 795076 282749 1171514 45 19 25 12  0  0
19 16   6400 4708920 3068056 166901872    0    0 1170112 748416 272410 1136122 43 17 24 15  0  0
81 15   6400 4705056 3068056 166901904    0    0 1177840 788796 281492 1185516 44 18 25 13  0  0
25 13   6400 4694944 3068056 166901924    0    0 1153968 770172 282318 1195532 44 19 26 11  0  0
73  8   6400 4695788 3068056 166901960    0    0 1191200 771048 281215 1182387 45 19 25 12  0  0
36 22   6400 4708168 3068056 166901984    0    0 1193696 789712 283267 1190520 45 19 25 11  0  0
14 21   6400 4707696 3068056 166902012    0    0 1185376 783140 284730 1210044 45 18 25 12  0  0
39 14   6400 4706208 3068056 166902032    0    0 1208832 771884 285389 1219419 45 19 25 12  0  0
95 44   6400 4703800 3068056 166902060    0    0 1205696 790988 287858 1207560 45 19 24 11  0  0
70 21   6400 4685428 3068056 166902080    0    0 1169168 758836 286629 1203749 44 19 26 11  0  0
27 31   6400 4695840 3068056 166902108    0    0 1164656 770316 281977 1176243 43 19 26 12  0  0
50 18   6400 4693248 3068056 166902196    0    0 1167936 771172 281991 1181367 44 19 25 12  0  0
83 51   6400 4701680 3068056 166902228    0    0 1158704 765236 282526 1198925 45 19 25 11  0  0
20 27   6400 4697524 3068056 166902260    0    0 1185872 759812 281926 1185277 44 18 24 14  0  0
88 40   6400 4690152 3068056 166902280    0    0 1184816 748080 267482 1132341 43 16 24 18  0  0
56  9   6400 4696260 3068056 166902308    0    0 1218928 816624 287355 1198334 46 19 23 12  0  0
85 29   6400 4683288 3068056 166902340    0    0 1168192 755288 280681 1172533 44 19 26 12  0  0
98 43   6400 4682248 3068056 166902368    0    0 1174864 764352 283224 1198401 45 19 25 12  0  0
67 26   6400 4687764 3068056 166902396    0    0 1164208 755732 285908 1203160 45 19 25 11  0  0
procs -----------memory---------- ---swap-- -----io---- -system-- -------cpu-------
 r  b   swpd   free   buff  cache   si   so    bi    bo   in   cs us sy id wa st gu
22 19   6400 4680328 3068056 166902420    0    0 1182384 770132 283844 1193284 45 19 25 12  0  0
42 20   6400 4674744 3068056 166902448    0    0 1146592 755092 282619 1203159 44 19 26 12  0  0
17 15   6400 4693380 3068056 166902464    0    0 1169408 792292 281369 1182908 44 18 25 12  0  0
35 12   6400 4705448 3068056 166902492    0    0 1215376 764892 286034 1211466 46 19 24 11  0  0
22 32   6400 4695112 3068056 166902512    0    0 1186144 773500 286466 1195828 45 19 24 11  0  0
26 21   6400 4692256 3068056 166902544    0    0 1138496 754464 283395 1215736 44 19 25 12  0  0
23 23   6400 4695100 3068060 166902568    0    0 1182768 763836 282125 1173374 44 19 25 13  0  0
27 16   6400 4697724 3068060 166902596    0    0 1157968 737588 271911 1149073 43 18 24 16  0  0
76 13   6400 4692836 3068060 166902620    0    0 1219952 762628 279922 1160376 45 18 23 14  0  0
47 29   6400 4687532 3068060 166902656    0    0 1200576 802172 281706 1172511 44 19 25 12  0  0
37 10   6400 4688784 3068060 166902936    0    0 1185328 783988 285330 1206612 45 18 25 12  0  0
100 41   6400 4677100 3068060 166902692    0    0 1170240 757804 283169 1190654 45 19 25 11  0  0
23 16   6400 4676576 3068060 166902720    0    0 1202944 779608 285504 1200828 45 19 24 12  0  0
120 10   6400 4674996 3068060 166902748    0    0 1178224 761376 285181 1197362 45 19 25 11  0  0
59 24   6400 4685020 3068060 166902776    0    0 1206368 787420 285872 1194261 45 19 24 12  0  0
31 23   6400 4677520 3068060 166902804    0    0 1192368 812392 288384 1215052 45 19 24 12  0  0
52  7   6400 4678516 3068060 166902828    0    0 1166944 760448 283638 1204016 44 19 24 12  0  0
94 25   6400 4685404 3068060 166902856    0    0 1207472 774640 281346 1177179 44 18 25 13  0  0
77 24   6400 4677452 3068060 166902868    0    0 1192304 777516 284534 1201563 44 18 25 12  0  0
91 36   6400 4690464 3068060 166902896    0    0 1159200 749264 280974 1169976 43 18 26 12  0  0
77 61   6400 4679960 3068060 166902920    0    0 1166016 743736 263840 1100990 41 17 24 18  0  0
procs -----------memory---------- ---swap-- -----io---- -system-- -------cpu-------
 r  b   swpd   free   buff  cache   si   so    bi    bo   in   cs us sy id wa st gu
72  4   6400 4675756 3068060 166902948    0    0 1187008 786504 280468 1173515 45 19 25 12  0  0
36 11   6400 4690428 3068060 166902972    0    0 1203680 795236 287443 1189416 45 18 25 11  0  0
30  8   6400 4685456 3068060 166903008    0    0 1169888 763276 284086 1191819 44 19 25 11  0  0
27 17   6400 4687972 3068060 166903032    0    0 1200800 776540 281762 1169534 45 19 26 11  0  0
28 15   6400 4691952 3068060 166903052    0    0 1224432 787132 282636 1198331 44 18 25 13  0  0
43 14   6400 4682000 3068060 166903076    0    0 1175120 769208 287006 1224862 45 19 24 11  0  0
23 28   6400 4680400 3068060 166903104    0    0 1201008 791748 285629 1194737 45 19 24 12  0  0
16 34   6400 4687760 3068060 166903132    0    0 1196192 780872 284396 1210071 45 19 24 12  0  0
15 13   6400 4688840 3068060 166903164    0    0 1163008 769048 281710 1190085 44 19 26 11  0  0
123  9   6400 4691240 3068060 166903184    0    0 1177696 758148 284817 1203936 45 19 24 12  0  0
104 33   6400 4693128 3068060 166903216    0    0 1200112 777024 284359 1193867 45 19 24 13  0  0
86 51   6400 4691928 3068060 166903224    0    0 1186800 767260 277857 1164770 43 18 25 15  0  0
26 23   6400 4694068 3068060 166903248    0    0 1223888 783468 270148 1126775 43 17 22 18  0  0
47  6   6400 4683136 3068060 166903280    0    0 1193472 790656 284173 1186427 44 19 25 12  0  0
59  7   6400 4694756 3068060 166903300    0    0 1176592 764840 286106 1202407 45 19 25 11  0  0
30 20   6400 4684088 3068060 166903336    0    0 1221184 788612 285614 1180636 45 19 24 12  0  0
69 21   6400 4683304 3068060 166903368    0    0 1193216 781308 286773 1197206 46 19 24 11  0  0
79  6   6400 4678160 3068060 166903392    0    0 1148880 741732 283084 1196324 44 19 26 11  0  0
44 14   6400 4674156 3068060 166903424    0    0 1181040 778836 284955 1198450 45 20 25 11  0  0
48 14   6400 4715620 3068060 166903440    0    0 1237488 838836 282267 1180938 45 17 25 13  0  0
33 28   6400 4702608 3068060 166903468    0    0 1233776 783308 287786 1210014 46 19 23 12  0  0
procs -----------memory---------- ---swap-- -----io---- -system-- -------cpu-------
 r  b   swpd   free   buff  cache   si   so    bi    bo   in   cs us sy id wa st gu
84 52   6400 4698480 3068060 166903496    0    0 1206208 780132 281498 1164291 44 18 26 12  0  0
88  3   6400 4688352 3068060 166903520    0    0 1195824 774040 284085 1201241 45 19 24 12  0  0
116 23   6400 4675652 3068060 166903544    0    0 1158304 757204 283071 1197599 45 19 24 12  0  0
23 15   6400 4680656 3068060 166903572    0    0 1216144 776788 274906 1132396 44 18 22 16  0  0
102 39   6400 4686352 3068060 166903596    0    0 1210160 792448 274977 1146837 44 18 23 15  0  0
37 11   6400 4687736 3068060 166903624    0    0 1200368 776704 289914 1225729 46 19 24 11  0  0
59 19   6400 4687088 3068060 166903640    0    0 1177328 760372 284565 1222637 45 19 25 12  0  0
51 20   6400 4686308 3068060 166903660    0    0 1191600 782648 281209 1163507 44 19 26 11  0  0
61 13   6400 4679184 3068060 166903692    0    0 1199632 770332 282714 1175243 44 19 26 11  0  0
77  7   6400 4690644 3068060 166903724    0    0 1185296 752232 283614 1206680 45 19 25 11  0  0
87 49   6400 4682116 3068060 166903848    0    0 1152064 771576 281560 1197157 44 19 26 11  0  0
14 25   6400 4684692 3068060 166903872    0    0 1205104 799160 285389 1194237 46 19 24 11  0  0
36  5   6400 4681208 3068060 166903900    0    0 1140384 768160 282376 1208179 44 19 25 12  0  0
76 72   6400 4700796 3068060 166903920    0    0 1180352 771164 279834 1188893 43 18 26 13  0  0
76 32   6400 4705876 3068060 166903948    0    0 1185504 773404 282949 1188587 44 19 24 12  0  0
86 27   6400 4704376 3068060 166903972    0    0 1169744 769064 281252 1177185 43 19 26 12  0  0
 9 11   6400 4681440 3068060 166904000    0    0 1211600 754344 278983 1171378 45 18 24 13  0  0
90 26   6400 4679544 3068060 166904020    0    0 1219072 808644 277267 1151775 44 18 24 14  0  0
21 19   6400 4675420 3068060 166904052    0    0 1194032 782744 282972 1193332 45 19 25 11  0  0
24 33   6400 4672560 3068060 166904076    0    0 1215152 783928 281228 1160894 45 18 26 11  0  0
76 18   6400 4699216 3068060 166904100    0    0 1219104 786432 283095 1185941 46 18 24 12  0  0
procs -----------memory---------- ---swap-- -----io---- -system-- -------cpu-------
 r  b   swpd   free   buff  cache   si   so    bi    bo   in   cs us sy id wa st gu
35 14   6400 4728504 3068060 166904116    0    0 1187888 787080 284339 1207124 45 18 25 12  0  0
12 27   6400 4706436 3068060 166904144    0    0 1186576 775660 286702 1201540 45 19 25 11  0  0
20 40   6400 4692576 3068060 166904176    0    0 1201984 773440 284168 1188694 45 19 25 11  0  0
50 21   6400 4685136 3068060 166904196    0    0 1166720 777220 286585 1220077 45 19 24 12  0  0
70 12   6400 4685392 3068060 166904220    0    0 1171888 773916 285138 1202642 45 19 25 11  0  0
17 12   6400 4690736 3068060 166904248    0    0 1174400 774200 282487 1169432 44 18 26 12  0  0
100 45   6400 4683380 3068060 166904284    0    0 1187904 769384 283613 1175490 44 19 26 12  0  0
27 28   6400 4705788 3068060 166904304    0    0 1160176 764424 278597 1187432 43 18 25 15  0  0
11 23   6400 4703752 3068060 166904320    0    0 1203264 781144 276125 1158735 44 18 23 15  0  0
25 20   6400 4700828 3068060 166904348    0    0 1203168 794656 274797 1141359 44 18 24 14  0  0
82  9   6400 4688308 3068060 166904368    0    0 1195072 762824 284259 1189780 45 19 25 10  0  0
16 13   6400 4680456 3068060 166904396    0    0 1182704 777672 283685 1193817 44 19 25 12  0  0
24 23   6400 4680968 3068060 166904428    0    0 1189280 782312 288242 1195013 45 19 25 11  0  0
48 18   6400 4694128 3068060 166904456    0    0 1171920 774392 286906 1216641 45 20 24 11  0  0
117 24   6400 4721172 3068060 166904480    0    0 1169600 765740 283370 1215358 45 19 25 11  0  0
67 13   6400 4745388 3068060 166904500    0    0 1203552 816472 284961 1203702 45 18 25 12  0  0
75 50   6400 4713196 3068060 166904536    0    0 1199632 783296 286090 1199641 45 19 24 12  0  0
25 20   6400 4711836 3068060 166904560    0    0 1167200 759760 285758 1215343 45 19 25 12  0  0
68  6   6400 4703272 3068060 166904572    0    0 1206576 778004 285986 1183225 45 19 24 13  0  0
64 10   6400 4697612 3068060 166904600    0    0 1183664 767296 283789 1189769 44 19 25 12  0  0
50 64   6400 4684484 3068060 166904624    0    0 1162416 758736 275306 1164515 43 18 24 15  0  0
procs -----------memory---------- ---swap-- -----io---- -system-- -------cpu-------
 r  b   swpd   free   buff  cache   si   so    bi    bo   in   cs us sy id wa st gu
51 81   6400 4685524 3068060 166904648    0    0 1146336 788168 277957 1168408 43 18 25 13  0  0
49 10   6400 4727628 3068060 166904664    0    0 1238416 787848 275879 1150519 44 17 25 14  0  0
24 14   6400 4737856 3068060 166904696    0    0 1152560 755276 283050 1202448 45 19 25 11  0  0
14 15   6400 4714408 3068060 166904720    0    0 1171968 757872 281769 1194190 44 19 25 12  0  0
55 16   6400 4697952 3068060 166904744    0    0 1176176 769128 284208 1192032 44 19 25 12  0  0
33 21   6400 4698652 3068060 166904772    0    0 1200192 779924 284870 1181708 45 18 26 11  0  0
26 15   6400 4688168 3068060 166904796    0    0 1165104 777312 282984 1203855 44 19 25 12  0  0
106 40   6400 4687716 3068060 166904824    0    0 1195632 795804 281806 1171329 44 18 26 11  0  0
53 12   6400 4688748 3068060 166904844    0    0 1209184 785252 286843 1190423 45 18 25 12  0  0
33 17   6400 4697452 3068060 166904868    0    0 1209648 780780 287071 1214134 46 19 24 11  0  0
75 12   6400 4713408 3068060 166904896    0    0 1169936 763872 278839 1157531 43 18 26 12  0  0
49  8   6400 4700984 3068060 166904920    0    0 1175088 777576 283729 1174117 44 19 26 12  0  0
31  9   6400 4689268 3068060 166904952    0    0 1238768 775400 281968 1167914 46 18 23 13  0  0
40 65   6400 4682472 3068060 166904980    0    0 1200096 817284 283155 1166744 44 18 24 14  0  0
52 37   6400 4681868 3068060 166905004    0    0 1188688 775492 278013 1163188 44 18 25 13  0  0
19  5   6400 4694184 3068060 166905032    0    0 1195440 782124 282754 1186766 45 18 26 11  0  0
 9 10   6400 4704108 3068060 166905048    0    0 1237968 788584 282368 1200359 45 17 25 13  0  0
50 29   6400 4709040 3068060 166905072    0    0 1198896 783568 287472 1209292 46 19 25 11  0  0
39 15   6400 4708444 3068060 166905096    0    0 1206784 788120 287815 1202185 46 19 24 11  0  0
42 13   6400 4690168 3068060 166905124    0    0 1178512 780544 288009 1215983 45 19 25 11  0  0
49 20   6400 4691824 3068060 166905148    0    0 1181904 768052 281281 1173510 44 18 26 12  0  0
procs -----------memory---------- ---swap-- -----io---- -system-- -------cpu-------
 r  b   swpd   free   buff  cache   si   so    bi    bo   in   cs us sy id wa st gu
105 41   6400 4683188 3068060 166905176    0    0 1176992 783560 284877 1190180 45 18 26 11  0  0
31 16   6400 4691640 3068060 166905204    0    0 1130608 756032 282984 1214368 44 19 26 11  0  0
50 46   6400 4719592 3068060 166905228    0    0 1172944 766672 278296 1184012 44 18 25 13  0  0
40 97   6400 4738656 3068060 166905252    0    0 1141808 748180 279284 1194963 43 19 26 12  0  0
40 72   6400 4725612 3068060 166905276    0    0 1164144 786180 272239 1151141 43 17 25 14  0  0
25 112   6400 4708364 3068060 166905304    0    0 1174880 759328 276810 1157367 43 18 25 14  0  0
57 70   6400 4716760 3068060 166905332    0    0 1193552 794684 284989 1206764 45 19 24 12  0  0
55 77   6400 4708268 3068060 166905432    0    0 1154544 756320 282767 1194695 44 19 26 11  0  0
36 15   6400 4690024 3068060 166905456    0    0 1183088 778628 283381 1169747 44 19 26 12  0  0
51 79   6400 4710672 3068060 166905492    0    0 1155424 767292 280363 1181026 44 18 27 11  0  0
42 93   6400 4725916 3068060 166905508    0    0 1192672 764096 283572 1196857 44 18 27 11  0  0
47 89   6400 4708020 3068060 166905528    0    0 1220736 807456 284500 1179503 45 18 25 12  0  0
38 38   6400 4695760 3068060 166905560    0    0 1176720 794524 286892 1207480 45 19 25 11  0  0
20 90   6400 4722604 3068060 166905584    0    0 1152976 745812 284741 1203323 44 19 26 11  0  0
38 75   6400 4705480 3068060 166905608    0    0 1174832 734536 288778 1240473 46 20 24 11  0  0
44 76   6400 4708384 3068060 166905632    0    0 1153072 748200 282610 1192926 45 19 25 12  0  0
39 71   6400 4696344 3068060 166905660    0    0 1137792 747588 275786 1169764 42 18 26 13  0  0
27 91   6400 4722264 3068060 166905684    0    0 1196704 824716 277802 1181710 44 18 23 16  0  0
41 78   6400 4720992 3068060 166905704    0    0 1199376 742976 277624 1159741 44 18 25 14  0  0
34 90   6400 4697636 3068060 166905736    0    0 1168128 772968 285005 1196621 44 19 24 12  0  0
20 100   6400 4688288 3068060 166905760    0    0 1170864 742100 285690 1200856 45 19 26 11  0  0
procs -----------memory---------- ---swap-- -----io---- -system-- -------cpu-------
 r  b   swpd   free   buff  cache   si   so    bi    bo   in   cs us sy id wa st gu
18 103   6400 4702116 3068064 166905792    0    0 1193088 769176 284457 1170065 44 18 26 12  0  0
25 107   6400 4684932 3068064 166905820    0    0 1156208 768004 284181 1208159 45 19 25 11  0  0
46 86   6400 4689688 3068064 166905848    0    0 1183952 790260 283431 1200076 46 19 25 11  0  0
40 84   6400 4705988 3068064 166905872    0    0 1211696 770744 288673 1219515 46 19 24 11  0  0
72  7   6400 4711864 3068064 166905880    0    0 1200224 761076 282644 1198715 45 18 25 11  0  0
24 97   6400 4698000 3068064 166905908    0    0 1180960 804736 284818 1180794 44 19 25 12  0  0
42 91   6400 4695392 3068064 166905944    0    0 1189360 763592 282035 1175340 44 18 25 12  0  0
29 92   6400 4687040 3068064 166905972    0    0 1194096 790608 283228 1167236 44 18 25 13  0  0
31 86   6400 4678712 3068064 166905996    0    0 1224208 768672 276240 1149151 44 18 24 14  0  0
55 81   6400 4679356 3068064 166906020    0    0 1137664 784252 277147 1160396 43 18 25 15  0  0
76 46   6400 4676384 3068064 166906048    0    0 1174528 744800 279316 1179873 45 18 24 13  0  0
80 44   6400 4622012 3068064 166906112    0    0 1186160 788296 280681 1174372 45 17 26 11  0  0
79 62   6400 4576524 3068064 166906608    0    0 1188432 752960 281355 1191799 46 19 24 11  0  0
60 15   6400 4511212 3068064 166906632    0    0 1177616 774404 280442 1171247 45 18 25 12  0  0
58 13   6400 4492728 3068064 166907156    0    0 1207552 781036 284827 1179454 47 19 23 11  0  0
54 78   6400 4458056 3068064 166907180    0    0 1159344 778592 282360 1187000 45 19 25 11  0  0
79 63   6400 4442368 3068064 166907708    0    0 1150016 743008 281791 1199979 45 20 24 11  0  0
77 65   6400 4446032 3068064 166907732    0    0 1132832 755408 282752 1189869 45 19 26 10  0  0
60 80   6400 4435016 3068064 166908240    0    0 1142752 768836 285725 1201961 45 19 25 12  0  0
82 62   6400 4457980 3068064 166908256    0    0 1180096 758736 282420 1194316 45 18 25 12  0  0
85 56   6400 4489844 3068064 166908748    0    0 1151616 764920 279873 1183586 45 18 24 13  0  0
procs -----------memory---------- ---swap-- -----io---- -system-- -------cpu-------
 r  b   swpd   free   buff  cache   si   so    bi    bo   in   cs us sy id wa st gu
49 37   6400 4495208 3068064 166908772    0    0 1197024 786956 270914 1114191 44 17 25 14  0  0
78 67   6400 4509508 3068064 166909296    0    0 1134688 771332 279703 1164840 44 19 25 12  0  0
42 99   6400 4509408 3068064 166909812    0    0 1196768 756412 278087 1162068 46 18 23 13  0  0
31 16   6400 4433088 3068064 166909844    0    0 1157824 747684 280190 1186919 45 20 24 12  0  0
110 32   6400 4458136 3068064 166910364    0    0 1126720 752020 281302 1206046 46 19 25 10  0  0
77 57   6400 4411864 3068064 166910384    0    0 1221712 794044 283018 1177178 46 18 24 12  0  0
40 11   6400 4455316 3068064 166910916    0    0 1164160 770584 282117 1193247 45 18 25 12  0  0
29 15   6400 4427396 3068064 166910948    0    0 1167568 803532 283090 1193454 46 19 24 11  0  0
46  9   6400 4468760 3068064 166911480    0    0 1175120 773428 283039 1175043 45 19 25 11  0  0
54  6   6400 4443872 3068064 166911508    0    0 1212384 788404 285343 1182245 46 18 24 12  0  0
63 10   6400 4434168 3068064 166912008    0    0 1145248 760276 285228 1216907 46 19 24 10  0  0
37  9   6400 4439916 3068064 166912580    0    0 1167568 759520 283352 1200332 46 18 25 11  0  0
96 45   6400 4407808 3068064 166912608    0    0 1194192 780692 281229 1163546 45 18 24 13  0  0
16 20   6400 4388188 3068064 166913144    0    0 1189408 793932 268805 1123203 44 16 24 15  0  0
32 14   6400 4338260 3068064 166913488    0    0 1170912 773272 282988 1168772 46 18 24 11  0  0
81 42   6400 4299384 3068064 166914140    0    0 1170224 762420 276423 1152343 47 19 23 12  0  0
31 21   6400 4347852 3068064 166914028    0    0 1162096 764292 281945 1167083 47 19 24 10  0  0
78  7   6400 4367556 3068064 166914276    0    0 1170080 763528 282428 1180996 47 19 24 11  0  0
22 12   6400 4391896 3068064 166915092    0    0 1165616 756836 282195 1192267 47 19 23 11  0  0
73 15   6400 4368844 3068064 166915148    0    0 1165600 753788 281360 1163975 47 19 23 10  0  0
17 34   6400 4389952 3068064 166915648    0    0 1146416 790276 281175 1197012 47 18 24 11  0  0
procs -----------memory---------- ---swap-- -----io---- -system-- -------cpu-------
 r  b   swpd   free   buff  cache   si   so    bi    bo   in   cs us sy id wa st gu
45  5   6400 4403812 3068064 166915540    0    0 1188048 774436 282411 1173705 45 18 25 12  0  0
62 15   6400 4328848 3068064 166916188    0    0 1137040 754672 278777 1166039 46 19 25 10  0  0
92 42   6400 4363316 3068064 166916236    0    0 1121936 752172 280988 1181139 47 19 24 10  0  0
98 25   6400 4441272 3068064 166916420    0    0 1151424 766184 279556 1171161 46 18 24 12  0  0
91  6   6400 4420576 3068064 166917016    0    0 1194144 762752 279412 1150146 46 18 23 13  0  0
48 28   6400 4387032 3068064 166917028    0    0 1111776 781768 272444 1146591 43 18 24 15  0  0
76  9   6400 4400928 3068064 166917592    0    0 1205728 764712 283611 1174133 47 19 24 11  0  0
43 10   6400 4372608 3068064 166917612    0    0 1184336 780432 272727 1144719 44 16 24 16  0  0
17 16   6400 4343740 3068064 166918128    0    0 1217312 789600 283985 1171342 46 19 23 11  0  0
26 33   6400 4328828 3068064 166918160    0    0 1201744 778736 281602 1166710 47 19 24 11  0  0
103 36   6400 4396964 3068064 166918648    0    0 1193616 785228 284535 1186235 46 19 23 12  0  0
35  2   6400 4394056 3068064 166918676    0    0 1141008 747732 282254 1191974 45 19 26 11  0  0
46 18   6400 4451760 3068064 166919204    0    0 1189984 790260 281433 1153558 45 19 26 11  0  0
56 10   6400 4438348 3068064 166919232    0    0 1181312 765364 282483 1187543 46 18 25 11  0  0
15 21   6400 4414212 3068064 166919764    0    0 1184528 775480 284692 1192814 46 19 25 11  0  0
68 29   6400 4449032 3068064 166920296    0    0 1163776 772440 278966 1164098 45 18 26 12  0  0
96 59   6400 4400192 3068064 166920328    0    0 1163424 771384 281876 1171980 45 19 25 11  0  0
24 14   6400 4430880 3068064 166920840    0    0 1144064 738968 272552 1147957 44 18 24 14  0  0
46 13   6400 4402872 3068068 166920864    0    0 1176240 799756 283438 1175864 45 19 24 12  0  0
30 28   6400 4470756 3068068 166921400    0    0 1153328 768656 281810 1197404 45 19 24 12  0  0
36 18   6400 4459556 3068068 166921424    0    0 1192112 768884 273923 1130578 44 18 23 15  0  0
procs -----------memory---------- ---swap-- -----io---- -system-- -------cpu-------
 r  b   swpd   free   buff  cache   si   so    bi    bo   in   cs us sy id wa st gu
84 32   6400 4445764 3068068 166921976    0    0 1194400 767480 286338 1173302 47 18 24 11  0  0
52 23   6400 4441440 3068068 166921992    0    0 1182208 781336 284556 1213159 45 18 24 13  0  0
53 16   6400 4501664 3068068 166907940    0    0 1180752 777744 280551 1172065 45 18 25 12  0  0
58 43   6400 4523692 3068068 166907972    0    0 1161712 765940 284893 1204160 45 19 25 11  0  0
88 16   6400 4530424 3068068 166908000    0    0 1182656 791040 285285 1197983 45 19 24 12  0  0
50 32   6400 4557008 3068068 166908024    0    0 1210336 785140 288588 1211587 46 19 24 11  0  0
104 24   6400 4593284 3068068 166908056    0    0 1175040 770780 284013 1196805 45 19 25 11  0  0
74 10   6400 4596696 3068068 166908084    0    0 1181280 772820 284517 1197859 45 19 25 12  0  0
85 16   6400 4611272 3068068 166908108    0    0 1168560 763828 279209 1186883 44 18 25 13  0  0
110 30   6400 4639636 3068068 166908128    0    0 1185184 771144 273742 1154102 42 17 24 17  0  0
30 24   6400 4635116 3068068 166908148    0    0 1159120 787020 280435 1180508 44 18 26 11  0  0
28  6   6400 4656768 3068068 166908176    0    0 1171840 763548 284332 1195496 44 19 26 11  0  0
46 16   6400 4659484 3068068 166908208    0    0 1185872 764056 274958 1140225 43 17 25 15  0  0
14  9   6400 4660792 3068068 166908228    0    0 1160656 775236 283937 1197767 44 19 26 11  0  0
108  6   6400 4668076 3068068 166908256    0    0 1226432 780472 292314 1221609 47 19 22 12  0  0
102 28   6400 4657056 3068068 166908284    0    0 1208880 782256 286190 1178418 45 19 25 11  0  0
81 43   6400 4681532 3068068 166908296    0    0 1187072 817724 281169 1190300 43 18 27 12  0  0
100 19   6400 4690864 3068068 166908332    0    0 1194080 778636 280201 1185507 44 18 26 12  0  0
60 16   6400 4681180 3068068 166908360    0    0 1179600 771704 284985 1194414 44 19 25 12  0  0
95 14   6400 4661704 3068068 166908380    0    0 1192800 772608 286529 1198162 45 19 25 11  0  0
82 13   6400 4660212 3068068 166908412    0    0 1182704 782924 283995 1187412 44 18 26 12  0  0
procs -----------memory---------- ---swap-- -----io---- -system-- -------cpu-------
 r  b   swpd   free   buff  cache   si   so    bi    bo   in   cs us sy id wa st gu
58 13   6400 4649824 3068068 166908436    0    0 1191904 758544 271330 1121711 43 17 23 17  0  0
25 19   6400 4658308 3068068 166908464    0    0 1177888 769796 285173 1197248 45 19 25 12  0  0
46 10   6400 4666384 3068068 166908488    0    0 1209072 818512 282950 1179767 45 18 24 13  0  0
32 28   6400 4687856 3068068 166908496    0    0 1222608 783560 283559 1207051 45 18 25 12  0  0
55  6   6400 4703852 3068068 166908532    0    0 1189504 761324 276236 1162947 44 18 24 15  0  0
30 19   6400 4727080 3068068 166908564    0    0 1177136 780584 280228 1175951 44 18 26 12  0  0
87 42   6400 4706564 3068068 166908584    0    0 1191616 786788 285192 1192651 45 19 25 12  0  0
95 42   6400 4730400 3068068 166908612    0    0 1204416 779816 285640 1175798 44 19 26 11  0  0
27  8   6400 4728596 3068068 166908640    0    0 1155920 757356 285893 1215701 45 19 25 10  0  0
88 46   6400 4696376 3068068 166908660    0    0 1199840 787588 286536 1201423 45 19 24 12  0  0
30 22   6400 4719504 3068068 166908688    0    0 1215472 800540 282991 1202631 45 18 25 12  0  0
80 13   6400 4719320 3068068 166908712    0    0 1208800 796572 284377 1171561 44 18 25 12  0  0
84 21   6400 4696204 3068068 166908732    0    0 1168880 778640 279020 1166320 43 18 25 13  0  0
25 18   6400 4677588 3068068 166908756    0    0 1181888 764984 279001 1162390 43 18 24 15  0  0
43 11   6400 4669056 3068068 166908788    0    0 1188160 814544 280811 1143751 43 18 26 13  0  0
64 32   6400 4672904 3068068 166908824    0    0 1146848 754460 285433 1220798 44 20 25 11  0  0
22 35   6400 4671404 3068068 166908848    0    0 1186176 762544 275032 1148503 43 18 24 15  0  0
110 31   6400 4685620 3068068 166908868    0    0 1176144 757276 282000 1205953 44 19 25 12  0  0
28 29   6400 4711340 3068068 166908888    0    0 1185392 779700 281175 1192072 44 18 26 12  0  0
55 13   6400 4715932 3068068 166908912    0    0 1177424 767736 284446 1195586 45 19 25 11  0  0
79 22   6400 4682608 3068068 166908912    0    0 1151264 795228 281362 1189927 43 19 26 12  0  0
procs -----------memory---------- ---swap-- -----io---- -system-- -------cpu-------
 r  b   swpd   free   buff  cache   si   so    bi    bo   in   cs us sy id wa st gu
54  4   6400 4697772 3068068 166908944    0    0 1182832 780248 282506 1182173 44 18 26 12  0  0
58 15   6400 4682112 3068068 166909004    0    0 1189648 776468 285842 1199091 45 19 25 11  0  0
36 17   6400 4668080 3068068 166909028    0    0 1195536 787748 287361 1182835 44 19 25 12  0  0
62  6   6400 4670884 3068068 166909056    0    0 1211104 781932 284417 1176731 44 19 25 12  0  0
70 18   6400 4691460 3068068 166909076    0    0 1243408 781016 276393 1158599 44 17 24 15  0  0
22 15   6400 4694544 3068068 166909100    0    0 1187232 785960 280783 1172052 44 18 24 13  0  0
47 10   6400 4686228 3068068 166909132    0    0 1194896 809208 279797 1148117 43 18 27 12  0  0
78 54   6400 4681104 3068068 166909156    0    0 1211376 772256 283168 1176658 45 18 24 13  0  0
17 12   6400 4708216 3068068 166909184    0    0 1192800 775612 282870 1178138 44 19 25 12  0  0
23 19   6400 4710472 3068068 166909208    0    0 1165824 755384 288046 1212720 44 19 25 11  0  0
25 11   6400 4678780 3068068 166909228    0    0 1174848 778480 281926 1185628 44 18 26 12  0  0
25 31   6400 4690120 3068068 166909236    0    0 1182128 766552 285557 1210994 45 18 25 12  0  0
101 33   6400 4688788 3068068 166909260    0    0 1188432 797860 284526 1195752 45 18 25 12  0  0
19 20   6400 4674100 3068068 166909284    0    0 1156768 772948 283902 1205536 44 19 26 11  0  0
49 11   6400 4662404 3068068 166909316    0    0 1173200 762968 286500 1211759 45 19 25 11  0  0
18 32   6400 4675192 3068068 166909344    0    0 1165760 780116 282281 1184582 44 19 26 12  0  0
55 21   6400 4668780 3068068 166909364    0    0 1185632 771136 282120 1181129 44 18 25 13  0  0
19 15   6400 4662480 3068068 166909396    0    0 1172496 770852 272940 1138551 43 17 24 16  0  0
107 14   6400 4661508 3068068 166909420    0    0 1191152 794280 283753 1185012 44 18 25 13  0  0
55  4   6400 4689016 3068068 166909440    0    0 1182336 771636 283450 1225930 45 18 25 12  0  0
77 54   6400 4679580 3068068 166909468    0    0 1169760 768180 279257 1170256 44 18 25 13  0  0
procs -----------memory---------- ---swap-- -----io---- -system-- -------cpu-------
 r  b   swpd   free   buff  cache   si   so    bi    bo   in   cs us sy id wa st gu
24 19   6400 4676944 3068068 166909496    0    0 1186976 776436 281639 1174592 45 18 26 11  0  0
75  9   6400 4659008 3068068 166909524    0    0 1213632 785244 282683 1172234 45 18 25 12  0  0
10 30   6400 4662948 3068068 166909544    0    0 1193280 795172 285042 1181120 45 19 25 11  0  0
62  4   6400 4661876 3068068 166909564    0    0 1183872 781152 287363 1203756 45 19 24 11  0  0
73 18   6400 4667884 3068068 166909592    0    0 1168272 768584 284955 1206384 45 19 25 11  0  0
16 16   6400 4686704 3068068 166909612    0    0 1191712 779556 284801 1208023 45 19 25 11  0  0
98 38   6400 4714876 3068068 166909636    0    0 1195072 794316 284627 1187712 45 18 25 12  0  0
74 18   6400 4705760 3068068 166909664    0    0 1173312 773772 285354 1197067 44 19 25 12  0  0
10 35   6400 4689208 3068068 166909696    0    0 1185808 783800 278950 1151824 44 18 24 14  0  0
32 15   6400 4675616 3068068 166909724    0    0 1168112 776092 278131 1158198 43 18 25 13  0  0
38  8   6400 4679368 3068068 166909752    0    0 1150032 759980 280561 1181105 44 19 26 12  0  0
31 17   6400 4663780 3068068 166909780    0    0 1150192 746792 286306 1211333 44 19 26 11  0  0
20 17   6400 4655192 3068068 166909804    0    0 1185824 790772 273138 1137118 42 17 24 16  0  0
15  4   6400 4666692 3068068 166909816    0    0 1201200 777836 282585 1181425 44 17 26 13  0  0
18 27   6400 4660336 3068068 166909848    0    0 1171920 772168 282935 1181610 44 19 25 12  0  0
83 56   6400 4670508 3068068 166909872    0    0 1178144 793140 283907 1175565 44 19 26 11  0  0
14 16   6400 4668004 3068068 166909896    0    0 1192768 774680 286223 1205808 46 19 24 11  0  0
25 20   6400 4662624 3068068 166909924    0    0 1199968 782952 285376 1182288 45 19 25 11  0  0
58 24   6400 4667468 3068068 166909960    0    0 1184096 772028 285959 1199914 45 19 24 11  0  0
100 40   6400 4666456 3068068 166909992    0    0 1160160 779148 281679 1191980 44 19 25 12  0  0
25 14   6400 4666404 3068068 166910012    0    0 1143568 761356 278465 1175938 43 18 27 12  0  0
procs -----------memory---------- ---swap-- -----io---- -system-- -------cpu-------
 r  b   swpd   free   buff  cache   si   so    bi    bo   in   cs us sy id wa st gu
18 33   6400 4662812 3068068 166910028    0    0 1223696 783268 276519 1147896 44 17 23 16  0  0
26 16   6400 4653704 3068068 166910060    0    0 1148080 766348 284077 1202212 44 19 25 13  0  0
56  7   6400 4665032 3068068 166910088    0    0 1197328 774656 286352 1203952 46 19 24 11  0  0
72 30   6400 4663988 3068068 166910116    0    0 1138288 758208 280805 1186791 43 19 26 11  0  0
41  9   6400 4655204 3068068 166910144    0    0 1188224 778476 275390 1152494 43 17 23 16  0  0
24 25   6400 4650212 3068068 166910168    0    0 1152176 760588 285377 1210925 44 20 25 11  0  0
42 14   6400 4659928 3068068 166910192    0    0 1169520 767108 286673 1213988 45 19 25 11  0  0
88  8   6400 4666132 3068068 166910212    0    0 1173248 777108 279855 1199491 44 18 26 13  0  0
118  6   6400 4659680 3068068 166910244    0    0 1166416 764436 283444 1205009 44 19 25 11  0  0
64 21   6400 4656512 3068068 166910264    0    0 1157152 762168 283408 1206794 44 18 26 12  0  0
16 23   6400 4660476 3068068 166910288    0    0 1192560 803852 286681 1191797 45 19 25 12  0  0
89 48   6400 4672324 3068068 166910312    0    0 1214928 789388 286801 1198381 45 19 25 11  0  0
74 18   6400 4678012 3068068 166910340    0    0 1187472 772436 277410 1153449 43 18 25 14  0  0
69 17   6400 4669376 3068068 166910372    0    0 1197744 801588 281060 1165055 44 19 24 14  0  0
108 32   6400 4679980 3068068 166910392    0    0 1189680 777488 282716 1193206 44 18 26 13  0  0
104 39   6400 4687056 3068068 166910416    0    0 1155328 773496 286106 1209273 45 19 26 11  0  0
91 17   6400 4690628 3068068 166910444    0    0 1165024 770552 283960 1199092 44 19 25 12  0  0
49 16   6400 4677092 3068068 166910468    0    0 1188672 779924 274275 1153255 43 18 25 14  0  0
21 25   6400 4669632 3068068 166910496    0    0 1203120 787848 283685 1170128 45 18 25 12  0  0
24 22   6400 4671260 3068068 166910596    0    0 1168656 761212 284722 1209638 45 19 25 10  0  0
32 26   6400 4664952 3068068 166910616    0    0 1190208 790980 287874 1209151 45 19 24 12  0  0
procs -----------memory---------- ---swap-- -----io---- -system-- -------cpu-------
 r  b   swpd   free   buff  cache   si   so    bi    bo   in   cs us sy id wa st gu
72  2   6400 4678192 3068068 166910640    0    0 1166352 754260 284666 1221442 45 19 25 11  0  0
46 25   6400 4700428 3068068 166910660    0    0 1198864 795576 283825 1194639 45 19 25 11  0  0
53  5   6400 4710136 3068068 166910680    0    0 1226976 809520 286196 1182044 46 19 24 12  0  0
20 14   6400 4708268 3068068 166910712    0    0 1185216 789444 283264 1178566 44 18 26 12  0  0
86 54   6400 4681808 3068068 166910740    0    0 1173600 763020 276318 1159633 43 18 24 15  0  0
34 18   6400 4689920 3068068 166910764    0    0 1161936 770884 279650 1160490 43 18 26 13  0  0
106 34   6400 4667132 3068068 166910800    0    0 1151520 763628 281389 1186036 44 19 27 11  0  0
55 29   6400 4660572 3068068 166910824    0    0 1174656 773604 287277 1221903 45 19 24 11  0  0
68 75   6400 4675260 3068068 166910844    0    0 1218896 812416 281876 1189600 45 18 24 13  0  0
35 15   6400 4693660 3068068 166910868    0    0 1221440 799628 281137 1172237 45 18 23 13  0  0
42 49   6400 4673660 3068068 166910892    0    0 1204992 785912 286345 1177769 45 19 26 11  0  0
87 52   6400 4667996 3068068 166910924    0    0 1184752 788460 282085 1171430 44 18 26 11  0  0
95 27   6400 4667600 3068068 166910952    0    0 1199632 779856 289359 1211606 45 20 24 11  0  0
78 49   6400 4661960 3068068 166910980    0    0 1176880 779304 285602 1207594 45 19 25 11  0  0
15  1   6400 4652700 3068068 166911000    0    0 1186416 778000 286281 1194440 45 19 25 11  0  0
67  8   6400 4655948 3068068 166911036    0    0 1170032 775192 287274 1230207 45 19 23 12  0  0
50 14   6400 4663464 3068068 166911048    0    0 1171280 763852 275519 1178982 43 17 25 15  0  0
29 30   6400 4660684 3068068 166911072    0    0 1201344 779168 284680 1198487 45 19 24 13  0  0
84 24   6400 4658304 3068068 166911100    0    0 1175152 790884 283215 1181526 44 18 25 13  0  0
95 44   6400 4653476 3068068 166911128    0    0 1185584 766328 287668 1203042 45 19 25 11  0  0
27 25   6400 4650424 3068068 166911156    0    0 1173104 786380 282327 1176542 44 18 27 11  0  0
procs -----------memory---------- ---swap-- -----io---- -system-- -------cpu-------
 r  b   swpd   free   buff  cache   si   so    bi    bo   in   cs us sy id wa st gu
100 42   6400 4680156 3068068 166911184    0    0 1172976 775600 277850 1160232 43 18 24 14  0  0
21 26   6400 4669992 3068068 166911208    0    0 1216592 776464 282173 1175849 45 18 25 12  0  0
82 12   6400 4723848 3068068 166911232    0    0 1177776 774092 282532 1207015 44 18 26 12  0  0
50 19   6400 4716712 3068068 166911252    0    0 1178288 788824 284476 1191605 44 19 26 11  0  0
52  8   6400 4693420 3068068 166911284    0    0 1151488 763388 283767 1204564 44 19 26 11  0  0
24 19   6400 4676828 3068068 166911308    0    0 1167200 774480 286171 1209233 45 19 25 11  0  0
11 17   6400 4673264 3068072 166911340    0    0 1203392 808892 286219 1205664 45 19 24 11  0  0
73 10   6400 4667116 3068072 166911368    0    0 1200304 764288 283246 1183096 45 19 25 12  0  0
62 10   6400 4657712 3068072 166911400    0    0 1227392 790876 282121 1166571 45 18 23 13  0  0
104 33   6400 4662000 3068072 166911420    0    0 1183248 798376 285274 1199735 44 18 25 12  0  0
48 10   6400 4665032 3068072 166911432    0    0 1210304 785780 282571 1179277 44 17 26 13  0  0
29 26   6400 4669384 3068072 166911456    0    0 1183792 772764 286237 1201657 45 19 25 11  0  0
42 15   6400 4658864 3068072 166911484    0    0 1194064 777084 282837 1189798 44 18 24 13  0  0
83 13   6400 4657536 3068072 166911512    0    0 1220944 797572 276653 1152622 45 18 24 13  0  0
71  4   6400 4655420 3068072 166911540    0    0 1174240 766476 279847 1167398 44 18 26 12  0  0
35  5   6400 4654024 3068072 166911568    0    0 1211776 792996 282246 1172786 44 19 25 12  0  0
82 42   6400 4657816 3068072 166911592    0    0 1181440 794372 284847 1203446 45 19 25 12  0  0
52  3   6400 4670152 3068072 166911612    0    0 1185104 760024 284651 1229301 45 19 25 11  0  0
43 15   6400 4663068 3068072 166911652    0    0 1179904 791592 281948 1167589 44 18 26 12  0  0
59 16   6400 4657908 3068072 166911676    0    0 1217184 797176 284672 1180803 45 19 23 13  0  0
73 13   6400 4662584 3068072 166911704    0    0 1168272 770320 275916 1155469 43 18 24 15  0  0
procs -----------memory---------- ---swap-- -----io---- -system-- -------cpu-------
 r  b   swpd   free   buff  cache   si   so    bi    bo   in   cs us sy id wa st gu
109 32   6400 4653212 3068072 166911728    0    0 1188752 789348 283766 1197633 45 18 24 12  0  0
20 19   6400 4667552 3068072 166911756    0    0 1181808 786696 282051 1176773 44 18 25 13  0  0
13  8   6400 4663572 3068072 166911780    0    0 1198192 786224 284087 1178191 45 19 25 12  0  0
53 10   6400 4674400 3068072 166911800    0    0 1174944 762068 282375 1191148 44 19 26 11  0  0
88 53   6400 4686032 3068072 166911816    0    0 1169424 791380 276370 1157610 43 17 27 14  0  0
21 22   6400 4674668 3068072 166911844    0    0 1186400 767640 280002 1171167 44 18 25 13  0  0
24  9   6400 4671024 3068072 166911876    0    0 1200128 778388 285192 1180559 45 18 26 11  0  0
31 25   6400 4654036 3068072 166911900    0    0 1198016 798212 287563 1206306 45 19 24 12  0  0
64 24   6400 4657572 3068072 166911928    0    0 1166896 789632 282029 1176872 44 18 26 11  0  0
63 17   6400 4664164 3068072 166911956    0    0 1186160 783464 281931 1177370 44 18 26 12  0  0
63  8   6400 4653840 3068072 166911980    0    0 1185504 767200 283248 1193065 45 19 25 12  0  0
17 31   6400 4687340 3068072 166912000    0    0 1180128 797624 280763 1190271 44 17 26 13  0  0
35 18   6400 4695508 3068072 166912036    0    0 1193440 763688 274658 1129100 43 17 24 15  0  0
51 10   6400 4693312 3068072 166912060    0    0 1182752 759964 279645 1163634 44 18 24 14  0  0
44 12   6400 4678192 3068072 166912084    0    0 1165664 770668 269301 1108761 41 17 24 18  0  0
37 18   6400 4666056 3068072 166912120    0    0 1161200 762764 271135 1118404 41 17 26 16  0  0
20 21   6400 4660108 3068072 166912224    0    0 1186544 761184 271107 1128707 42 17 24 17  0  0
50 10   6400 4653232 3068072 166912260    0    0 1207776 772632 273367 1132236 43 17 23 17  0  0
45 23   6400 4661280 3068072 166912276    0    0 1209152 773256 270537 1137130 43 17 24 16  0  0
29 23   6400 4663280 3068072 166912300    0    0 1196480 762684 271546 1130173 43 17 24 16  0  0
53 18   6400 4649056 3068072 166912324    0    0 1189168 781612 270135 1106036 42 17 24 17  0  0
procs -----------memory---------- ---swap-- -----io---- -system-- -------cpu-------
 r  b   swpd   free   buff  cache   si   so    bi    bo   in   cs us sy id wa st gu
70 68   6400 4657172 3068072 166912356    0    0 1208352 766284 272948 1127272 43 17 24 16  0  0
 8 26   6400 4646804 3068072 166912380    0    0 1190496 782544 284869 1187382 45 19 24 12  0  0
60 26   6400 4649016 3068072 166912408    0    0 1182304 779092 280403 1188165 44 19 24 13  0  0
72 20   6400 4651128 3068072 166912436    0    0 1159392 757652 271137 1119196 42 17 26 15  0  0
49 11   6400 4643020 3068072 166912460    0    0 1204144 784820 282289 1164645 44 19 24 13  0  0
28 33   6400 4695240 3068072 166912476    0    0 1162256 790640 274062 1160514 43 17 26 15  0  0
86 54   6400 4686032 3068072 166912508    0    0 1200256 779984 282834 1171159 44 18 24 13  0  0
64 20   6400 4698008 3068072 166912536    0    0 1220624 795436 286282 1199127 46 19 23 13  0  0
18 18   6400 4676968 3068072 166912560    0    0 1187088 778180 281034 1179038 45 18 25 12  0  0
66  7   6400 4685300 3068076 166912584    0    0 1200640 787756 282028 1161609 44 19 26 12  0  0
64 20   6400 4669356 3068076 166912608    0    0 1180912 788524 284626 1193343 44 19 25 12  0  0
14 24   6400 4666032 3068076 166912632    0    0 1134032 754772 279012 1192919 43 19 26 12  0  0
86  8   6400 4666524 3068076 166912656    0    0 1216384 796700 279444 1157656 44 17 26 13  0  0
49  7   6400 4659088 3068076 166912680    0    0 1183712 766772 282114 1197301 44 18 25 12  0  0
54 14   6400 4661740 3068076 166912712    0    0 1154320 770024 285203 1192104 44 18 26 12  0  0
34 11   6400 4659320 3068076 166912736    0    0 1152784 765736 280361 1183739 44 19 25 12  0  0
32 42   6400 4657176 3068076 166912764    0    0 1206896 783404 276077 1140217 44 18 24 15  0  0
50  6   6400 4660968 3068076 166912796    0    0 1174656 761528 279104 1185430 45 18 25 12  0  0
77 27   6400 4673588 3068076 166912824    0    0 1174272 786808 278823 1141631 42 18 26 14  0  0
87 48   6400 4706580 3068076 166912848    0    0 1205216 780940 280330 1163422 44 18 25 13  0  0
63 50   6400 4745040 3068076 166912860    0    0 1160384 775740 276759 1187907 43 18 26 13  0  0
procs -----------memory---------- ---swap-- -----io---- -system-- -------cpu-------
 r  b   swpd   free   buff  cache   si   so    bi    bo   in   cs us sy id wa st gu
59  6   6400 4706576 3068076 166912888    0    0 1205040 784952 283423 1171690 45 18 25 12  0  0
83 50   6400 4696316 3068076 166912920    0    0 1202112 774008 281934 1179227 45 19 25 12  0  0
48 12   6400 4695492 3068076 166912940    0    0 1163856 763992 283234 1188848 44 19 25 12  0  0
14 16   6400 4670944 3068080 166912968    0    0 1198816 813984 281685 1164748 44 18 24 13  0  0
109 32   6400 4666840 3068080 166912992    0    0 1175344 760944 283993 1188980 44 19 26 11  0  0
57 78   6400 4666796 3068080 166913016    0    0 1214304 774448 282356 1157925 44 19 25 12  0  0
15 43   6400 4683852 3068080 166913048    0    0 1168992 768504 283012 1204228 44 18 26 13  0  0
30 62   6400 4686652 3068080 166913072    0    0 1201616 772052 268935 1123742 43 17 23 17  0  0
19 10   6400 4671764 3068080 166913092    0    0 1194416 781192 281181 1169058 44 18 25 13  0  0
30 80   6400 4667272 3068080 166913128    0    0 1209488 786684 279172 1153141 44 18 24 14  0  0
50 55   6400 4673172 3068080 166913160    0    0 1190672 805432 280092 1159379 43 18 25 13  0  0
45 22   6400 4663984 3068080 166913184    0    0 1185552 764992 281884 1164764 44 18 25 13  0  0
16 10   6400 4669232 3068080 166913216    0    0 1210016 767472 282901 1167766 44 19 25 13  0  0
86 19   6400 4664188 3068080 166913240    0    0 1199120 799956 281194 1182488 44 18 25 13  0  0
58 71   6400 4680764 3068080 166913252    0    0 1201472 776744 280492 1184416 44 18 25 13  0  0
57 69   6400 4682124 3068080 166913280    0    0 1188352 773864 279459 1165226 44 18 25 13  0  0
 9 11   6400 4676772 3068080 166913308    0    0 1174448 801572 284186 1192962 44 19 25 13  0  0
48 83   6400 4663520 3068080 166913332    0    0 1217056 769684 282356 1165773 44 19 24 13  0  0
91 26   6400 4677024 3068080 166913360    0    0 1195248 786312 288258 1188651 45 19 24 12  0  0
48 87   6400 4659272 3068080 166913388    0    0 1179760 756260 271707 1131320 42 18 24 16  0  0
36 95   6400 4664412 3068080 166913416    0    0 1214592 792952 278132 1146333 44 18 24 14  0  0
procs -----------memory---------- ---swap-- -----io---- -system-- -------cpu-------
 r  b   swpd   free   buff  cache   si   so    bi    bo   in   cs us sy id wa st gu
31 99   6400 4695964 3068080 166913436    0    0 1207808 793644 281334 1164589 44 18 25 14  0  0
55 75   6400 4709964 3068080 166913460    0    0 1213632 787216 280050 1176942 44 18 24 14  0  0
72 61   6400 4697476 3068080 166913484    0    0 1238960 810984 283210 1161843 45 18 23 13  0  0
41 36   6400 4686952 3068080 166913512    0    0 1216000 808900 279650 1148084 44 18 25 13  0  0
34 97   6400 4679380 3068080 166913536    0    0 1211040 771168 283700 1171595 45 18 24 12  0  0
60 58   6400 4682364 3068080 166913564    0    0 1161248 772252 281391 1188330 44 19 26 12  0  0
47 97   6400 4684652 3068080 166913596    0    0 1193664 782812 283925 1175666 44 18 25 13  0  0
31 81   6400 4689504 3068080 166913624    0    0 1213984 767728 285733 1195456 45 19 24 12  0  0
72 49   6400 4702688 3068080 166913636    0    0 1203696 808472 283338 1191575 45 18 24 13  0  0
49 79   6400 4693520 3068080 166913660    0    0 1191632 784996 284658 1198428 45 19 24 12  0  0
21 113   6400 4676324 3068080 166913688    0    0 1187408 738812 275255 1137586 43 18 25 15  0  0
25 109   6400 4681972 3068080 166913716    0    0 1190512 797292 278056 1156274 43 18 24 15  0  0
38 90   6400 4667328 3068080 166913740    0    0 1181808 770024 286507 1191969 45 19 25 12  0  0
33 101   6400 4655520 3068080 166913836    0    0 1170848 765524 284032 1182608 43 19 24 13  0  0
50 70   6400 4663312 3068080 166913860    0    0 1177424 805920 278636 1143958 43 18 25 14  0  0
25 97   6400 4721876 3068080 166913876    0    0 1202304 755512 281632 1198840 45 18 25 12  0  0
39 83   6400 4724188 3068080 166913908    0    0 1185776 776684 282538 1171380 43 19 25 13  0  0
49 90   6400 4693444 3068080 166913940    0    0 1211376 784220 283955 1170747 44 19 25 13  0  0
35 78   6400 4691580 3068080 166913964    0    0 1189040 771268 281980 1164505 44 18 25 12  0  0
38 82   6400 4679552 3068080 166913992    0    0 1182592 764032 283718 1172151 44 19 25 12  0  0
40 96   6400 4662920 3068080 166914016    0    0 1228784 804900 283870 1169202 45 19 24 13  0  0
procs -----------memory---------- ---swap-- -----io---- -system-- -------cpu-------
 r  b   swpd   free   buff  cache   si   so    bi    bo   in   cs us sy id wa st gu
37 87   6400 4688468 3068080 166914048    0    0 1190848 773620 282928 1174463 44 18 26 12  0  0
32 95   6400 4686812 3068080 166914068    0    0 1177776 760400 274999 1158422 43 17 26 14  0  0
52 26   6400 4703688 3068080 166914096    0    0 1185712 761096 270902 1131675 43 17 24 16  0  0
27 108   6400 4661400 3068080 166914112    0    0 1161136 780732 284209 1196655 44 19 25 13  0  0
41 99   6400 4658216 3068080 166914144    0    0 1177568 772200 285790 1187043 44 19 24 13  0  0
50 81   6400 4691192 3068080 166914176    0    0 1167824 753032 282461 1167908 43 18 25 13  0  0
62 24   6400 4672952 3068080 166914208    0    0 1176992 787052 278610 1158886 43 18 25 13  0  0
63 69   6400 4658652 3068080 166914240    0    0 1171824 762484 283777 1181710 44 19 25 12  0  0
30 99   6400 4662860 3068080 166914264    0    0 1243792 786212 285907 1169918 45 19 24 12  0  0
53 22   6400 4676508 3068080 166914276    0    0 1214256 808628 280467 1180429 44 17 25 14  0  0
84 21   6400 4655176 3068080 166914300    0    0 1221328 793392 280491 1144885 44 18 26 13  0  0
29 106   6400 4665932 3068080 166914332    0    0 1182064 763724 284693 1194409 44 19 25 13  0  0
50 87   6400 4657808 3068080 166914356    0    0 1206928 785264 284420 1172034 45 19 25 12  0  0
80 65   6400 4664300 3068080 166914388    0    0 1171568 769268 281606 1172909 44 18 25 12  0  0
80 56   6400 4647964 3068080 166914416    0    0 1197216 749820 273930 1131320 43 18 24 15  0  0
46 92   6400 4655824 3068080 166914436    0    0 1208736 806988 281076 1160673 44 18 24 14  0  0
42 84   6400 4662072 3068080 166914468    0    0 1222496 774788 283897 1183049 45 18 24 13  0  0
45 88   6400 4688728 3068080 166914476    0    0 1212800 794576 282319 1189313 45 18 24 13  0  0
57 71   6400 4693192 3068080 166914504    0    0 1193952 770584 275992 1145933 44 18 25 14  0  0
79 66   6400 4678568 3068080 166914528    0    0 1163600 761508 272617 1127873 42 17 26 14  0  0
87 53   6400 4666668 3068080 166914556    0    0 1144544 752972 276263 1162076 42 18 25 14  0  0
procs -----------memory---------- ---swap-- -----io---- -system-- -------cpu-------
 r  b   swpd   free   buff  cache   si   so    bi    bo   in   cs us sy id wa st gu
48 91   6400 4662668 3068080 166914588    0    0 1189408 798236 281981 1176375 44 18 25 13  0  0
68 71   6400 4655460 3068080 166914616    0    0 1180224 762560 282675 1180267 44 19 25 13  0  0
64 76   6400 4703320 3068080 166914640    0    0 1192912 784384 283800 1186398 45 18 25 12  0  0
54 70   6400 4724112 3068080 166914656    0    0 1225296 813564 285006 1191648 45 17 24 14  0  0
72 71   6400 4701784 3068080 166914684    0    0 1177552 775908 283928 1186485 44 18 25 12  0  0
20 18   6400 4679184 3068084 166914712    0    0 1181536 775824 284263 1180749 44 19 25 12  0  0
103 38   6400 4668620 3068084 166914744    0    0 1169456 745544 270156 1127092 42 17 25 16  0  0
84 50   6400 4657228 3068084 166914768    0    0 1171872 786340 283161 1187906 44 19 24 13  0  0
25 11   6400 4660512 3068084 166914792    0    0 1186400 791548 283242 1175597 44 19 24 13  0  0
78 34   6400 4658248 3068084 166914816    0    0 1173488 756392 282119 1169768 44 18 25 13  0  0
32 16   6400 4709424 3068084 166914840    0    0 1205600 804100 281935 1173240 44 18 25 13  0  0
97 41   6400 4709160 3068084 166914864    0    0 1169504 764260 282055 1197313 44 19 24 13  0  0
59 18   6400 4693032 3068084 166914888    0    0 1227504 792056 284861 1170824 45 18 25 12  0  0
93 43   6400 4686824 3068084 166914912    0    0 1198400 803308 282772 1165850 44 19 25 12  0  0
24  2   6400 4677296 3068084 166914944    0    0 1192352 778736 285032 1190035 45 19 24 13  0  0
24 27   6400 4656660 3068084 166914972    0    0 1194976 777984 282593 1172428 45 18 24 13  0  0
40  9   6400 4654600 3068084 166914996    0    0 1217088 794540 280600 1147341 44 18 25 13  0  0
32 19   6400 4652004 3068084 166915020    0    0 1187728 773512 281366 1157264 44 18 26 12  0  0
105 37   6400 4670332 3068084 166915040    0    0 1218192 777096 270243 1120315 42 16 25 17  0  0
43 17   6400 4659268 3068084 166915068    0    0 1203632 794324 284181 1192297 45 19 24 12  0  0
53  9   6400 4654744 3068084 166915104    0    0 1222256 797940 284502 1161759 45 18 24 13  0  0
procs -----------memory---------- ---swap-- -----io---- -system-- -------cpu-------
 r  b   swpd   free   buff  cache   si   so    bi    bo   in   cs us sy id wa st gu
16 15   6400 4648856 3068084 166915128    0    0 1210112 779692 284633 1160487 44 18 25 13  0  0
72  5   6400 4651932 3068084 166915152    0    0 1172720 799788 278347 1153942 43 18 26 13  0  0
51 16   6400 4643928 3068084 166915176    0    0 1238864 786052 288877 1191021 45 18 23 14  0  0
114 35   6400 4659052 3068084 166915204    0    0 1165312 758808 282176 1184039 43 19 25 13  0  0
44  8   6400 4674912 3068084 166915224    0    0 1227088 808892 284655 1182828 44 18 24 14  0  0
23 23   6400 4698120 3068084 166915248    0    0 1218896 801476 283114 1172189 44 18 26 13  0  0
62 24   6400 4706476 3068084 166915272    0    0 1199376 762488 284180 1179555 45 19 24 12  0  0
46 83   6400 4679192 3068084 166915308    0    0 1195360 790596 285477 1186327 45 19 24 12  0  0
27 19   6400 4667316 3068084 166915332    0    0 1158944 769764 280958 1186652 44 19 25 13  0  0
68 56   6400 4657224 3068084 166915360    0    0 1192496 769536 277073 1149890 43 18 24 14  0  0
59 37   6400 4659720 3068084 166915460    0    0 1147232 751552 277161 1155624 42 18 25 15  0  0
101 28   6400 4658952 3068084 166915488    0    0 1197008 795388 280757 1165488 44 18 24 13  0  0
52 75   6400 4679452 3068084 166915504    0    0 1227040 791756 279303 1175611 44 17 26 13  0  0
25 13   6400 4668572 3068084 166915532    0    0 1185168 784576 279854 1165328 44 19 25 13  0  0
49 11   6400 4659876 3068084 166915552    0    0 1215296 780644 283962 1179616 45 19 23 13  0  0
103 41   6400 4655996 3068084 166915584    0    0 1203696 805088 284232 1184087 44 19 23 13  0  0
81 16   6400 4668168 3068084 166915604    0    0 1190688 774032 280771 1153636 43 18 26 12  0  0
99 46   6400 4658212 3068084 166915636    0    0 1225248 810496 283847 1158172 44 18 24 14  0  0
26 23   6400 4661948 3068084 166915664    0    0 1177168 766868 282307 1172786 44 19 25 12  0  0
39  8   6400 4665296 3068084 166915680    0    0 1209904 777904 283413 1179156 44 18 25 13  0  0
67 12   6400 4663648 3068084 166915700    0    0 1196272 797932 283259 1189983 44 18 24 13  0  0
procs -----------memory---------- ---swap-- -----io---- -system-- -------cpu-------
 r  b   swpd   free   buff  cache   si   so    bi    bo   in   cs us sy id wa st gu
59  3   6400 4656096 3068084 166915732    0    0 1175632 768768 283589 1188311 44 19 24 12  0  0
95 21   6400 4666736 3068084 166915760    0    0 1154720 757812 271227 1114893 42 18 25 16  0  0
54 18   6400 4652420 3068084 166915780    0    0 1203840 794412 283767 1182958 45 20 24 12  0  0
49 14   6400 4652696 3068084 166915808    0    0 1177808 781684 283925 1190149 44 19 25 12  0  0
88 15   6400 4658284 3068084 166915836    0    0 1194032 771496 284576 1188711 44 19 25 12  0  0
102 36   6400 4659408 3068084 166915864    0    0 1176832 773232 285972 1211436 46 19 24 11  0  0
26 33   6400 4678980 3068084 166915884    0    0 1221312 815228 283568 1197636 45 18 24 14  0  0
32 23   6400 4687796 3068084 166915912    0    0 1212432 794100 287987 1208146 47 19 23 12  0  0
61 27   6400 4676324 3068084 166915940    0    0 1167120 771176 286017 1190761 45 19 26 11  0  0
101 44   6400 4669396 3068084 166915968    0    0 1162624 768100 281348 1188043 44 19 25 12  0  0
29 20   6400 4661284 3068084 166915988    0    0 1166608 764468 285658 1214882 45 19 24 12  0  0
16 21   6400 4650160 3068084 166916016    0    0 1138912 766260 282950 1190112 44 19 26 11  0  0
80 10   6400 4650084 3068084 166916040    0    0 1198144 791972 285697 1194756 45 19 24 12  0  0
45 14   6400 4665880 3068084 166916060    0    0 1202192 765116 276713 1151483 44 17 24 15  0  0
20 11   6400 4679488 3068084 166916092    0    0 1176208 771228 281970 1204725 45 18 25 12  0  0
58  3   6400 4682292 3068084 166916116    0    0 1171632 781248 284744 1197031 44 19 26 11  0  0
75 68   6400 4682940 3068084 166916136    0    0 1207712 794892 288405 1200399 45 20 24 12  0  0
21 22   6400 4669372 3068084 166916164    0    0 1186384 782388 285139 1198641 45 19 24 13  0  0
21 21   6400 4648680 3068084 166916192    0    0 1205744 802256 286085 1174441 44 18 25 12  0  0
110 39   6400 4653168 3068084 166916216    0    0 1160816 752356 281276 1186087 43 19 26 12  0  0
53 34   6400 4655112 3068084 166916248    0    0 1210352 772528 282223 1183792 45 19 24 13  0  0
procs -----------memory---------- ---swap-- -----io---- -system-- -------cpu-------
 r  b   swpd   free   buff  cache   si   so    bi    bo   in   cs us sy id wa st gu
21 20   6400 4661796 3068084 166916272    0    0 1210048 811548 281388 1185165 44 18 25 13  0  0
20 14   6400 4686168 3068084 166916296    0    0 1170080 763684 283816 1203614 45 18 25 12  0  0
29 12   6400 4682508 3068084 166916324    0    0 1207120 800496 288131 1193100 45 19 25 12  0  0
36 10   6400 4662584 3068084 166916348    0    0 1203008 798724 287450 1186723 45 19 24 12  0  0
101 44   6400 4676820 3068084 166916376    0    0 1213536 777364 287530 1200840 45 19 24 12  0  0
116 27   6400 4681756 3068084 166916404    0    0 1191536 768180 271697 1118029 42 17 25 16  0  0
99  7   6400 4673984 3068084 166916428    0    0 1232032 784672 280980 1147686 44 18 25 12  0  0
95  8   6400 4678680 3068084 166916452    0    0 1194416 781924 284007 1192526 44 19 25 12  0  0
102 44   6400 4699020 3068084 166916476    0    0 1223136 805956 283044 1166616 44 18 25 13  0  0
93 18   6400 4674288 3068084 166916504    0    0 1186144 782912 286622 1194638 45 19 25 12  0  0
54 18   6400 4664376 3068084 166916528    0    0 1145008 771044 281320 1178267 43 18 27 11  0  0
67 19   6400 4660036 3068084 166916552    0    0 1192512 768084 283635 1175470 44 19 26 11  0  0
28 26   6400 4648964 3068096 166916580    0    0 1173052 771284 278126 1141334 43 18 25 15  0  0
54 10   6400 4650312 3068096 166916608    0    0 1193968 803308 283994 1181283 44 18 26 12  0  0
24 11   6400 4645052 3068096 166916640    0    0 1180176 783764 283087 1183116 44 18 25 12  0  0
30  6   6400 4688128 3068096 166916656    0    0 1246304 796772 289605 1203970 45 18 25 12  0  0
98 40   6400 4713372 3068096 166916676    0    0 1194736 807468 284254 1178560 44 18 25 12  0  0
45 15   6400 4676280 3068100 166916704    0    0 1118532 723756 273708 1076217 45 19 21 15  0  0
97 46   6400 4679652 3068100 166916736    0    0 1168816 774856 283393 1195190 44 19 26 12  0  0
94 32   6400 4660208 3068100 166916764    0    0 1165280 785628 281438 1184975 44 18 26 12  0  0
63  6   6400 4655860 3068100 166916792    0    0 1167184 759268 284416 1208548 44 19 25 12  0  0
procs -----------memory---------- ---swap-- -----io---- -system-- -------cpu-------
 r  b   swpd   free   buff  cache   si   so    bi    bo   in   cs us sy id wa st gu
48  8   6400 4643164 3068100 166916816    0    0 1152992 761736 282704 1189785 44 19 25 12  0  0
19 16   6400 4661460 3068100 166916844    0    0 1184064 775336 284464 1215243 45 19 25 11  0  0
109 14   6400 4682980 3068100 166916864    0    0 1175312 786444 280441 1188131 43 18 26 13  0  0
26 13   6400 4682480 3068100 166916888    0    0 1172800 771104 284602 1188840 44 19 26 12  0  0
29 14   6400 4679396 3068100 166916916    0    0 1199648 775312 278154 1153674 44 18 24 15  0  0
41  7   6400 4664156 3068100 166916948    0    0 1190768 789732 287533 1203946 45 19 24 12  0  0
61 18   6400 4650260 3068100 166916968    0    0 1165360 778660 282080 1189896 44 19 26 12  0  0
51 14   6400 4658852 3068100 166917060    0    0 1169008 762860 283871 1200184 45 19 25 11  0  0
18 21   6400 4671984 3068100 166917088    0    0 1184496 785496 284694 1190871 45 18 26 11  0  0
67 14   6400 4726668 3068100 166917104    0    0 1179040 765540 267821 1126634 42 16 25 17  0  0
102  9   6400 4730364 3068100 166917124    0    0 1169904 757012 283111 1198773 44 19 25 11  0  0
63  2   6400 4701668 3068100 166917152    0    0 1186848 789664 284154 1189764 44 18 26 12  0  0
55 15   6400 4680820 3068100 166917180    0    0 1184304 782692 286854 1207079 45 19 25 11  0  0
59  8   6400 4684548 3068100 166917204    0    0 1158896 756488 281714 1174184 44 18 26 12  0  0
88 13   6400 4664156 3068100 166917232    0    0 1193040 794856 283421 1182814 44 19 25 12  0  0
58  4   6400 4662848 3068100 166917260    0    0 1185648 762420 284633 1199992 45 19 25 12  0  0
31 20   6400 4668136 3068100 166917284    0    0 1191728 776536 280142 1178381 44 18 25 13  0  0
22 19   6400 4661932 3068100 166917308    0    0 1189040 794396 281095 1186388 44 18 25 12  0  0
49  6   6400 4653688 3068100 166917340    0    0 1198224 770876 285227 1202796 45 19 24 12  0  0
29 20   6400 4649128 3068100 166917376    0    0 1195760 781440 284736 1192395 45 19 24 11  0  0
98 38   6400 4658876 3068100 166917400    0    0 1172304 763404 284445 1201151 44 19 25 12  0  0
procs -----------memory---------- ---swap-- -----io---- -system-- -------cpu-------
 r  b   swpd   free   buff  cache   si   so    bi    bo   in   cs us sy id wa st gu
70 67   6400 4651728 3068100 166917424    0    0 1215232 814776 276573 1145159 44 18 24 15  0  0
21 12   6400 4649368 3068100 166917452    0    0 1198448 780588 280989 1183462 45 18 25 12  0  0
97  9   6400 4651052 3068100 166917472    0    0 1219600 773792 286789 1187059 46 19 24 11  0  0
58 14   6400 4666900 3068100 166917488    0    0 1156832 788024 282859 1211734 44 18 26 12  0  0
26 16   6400 4684824 3068100 166917512    0    0 1195184 784320 284566 1189772 44 19 25 12  0  0
82 48   6400 4660084 3068100 166917540    0    0 1172576 764256 280421 1172481 44 18 26 12  0  0
72 17   6400 4656868 3068100 166917568    0    0 1162784 778044 279778 1167985 43 19 26 12  0  0
85  9   6400 4667972 3068100 166917596    0    0 1219104 792496 285354 1181676 45 19 24 12  0  0
56  4   6400 4666132 3068100 166917632    0    0 1190960 757440 275706 1149845 43 18 24 15  0  0
105 42   6400 4673112 3068100 166917656    0    0 1188384 805084 284164 1187275 44 19 25 11  0  0
25 16   6400 4688936 3068100 166917676    0    0 1225152 803800 287801 1202117 46 18 24 12  0  0
62  8   6400 4715324 3068100 166917696    0    0 1158112 756936 283325 1219502 44 19 25 12  0  0
30 11   6400 4714736 3068100 166917724    0    0 1180640 803664 284051 1199422 45 19 24 13  0  0
23 17   6400 4715904 3068100 166917752    0    0 1177264 759264 273821 1146130 43 18 23 16  0  0
57 10   6400 4672660 3068100 166917780    0    0 1184624 763012 284268 1203877 44 19 24 12  0  0
84 52   6400 4662428 3068100 166917808    0    0 1195776 804336 283825 1179777 45 18 25 12  0  0
21 12   6400 4657744 3068100 166917836    0    0 1174160 773956 283972 1181263 44 19 26 11  0  0
60 44   6400 4664588 3068100 166917856    0    0 1171312 765632 283751 1179933 44 19 25 12  0  0
101 37   6400 4712628 3068100 166917876    0    0 1208336 773572 283180 1203962 45 18 25 12  0  0
112 35   6400 4691500 3068100 166917900    0    0 1174832 785552 286203 1203837 45 19 25 10  0  0
23 26   6400 4677440 3068100 166917928    0    0 1188144 772024 279186 1164404 44 18 24 13  0  0
procs -----------memory---------- ---swap-- -----io---- -system-- -------cpu-------
 r  b   swpd   free   buff  cache   si   so    bi    bo   in   cs us sy id wa st gu
24 11   6400 4661392 3068100 166917944    0    0 1184080 780400 287133 1204450 45 19 24 11  0  0
30 20   6400 4658140 3068100 166918008    0    0 1176928 782944 284686 1180722 45 19 25 12  0  0
103 38   6400 4639696 3068100 166918408    0    0 1157456 766284 284740 1188277 45 20 25 11  0  0
61 34   6400 4640764 3068100 166918072    0    0 1215920 794248 288235 1194745 46 19 24 11  0  0
96 25   6400 4644196 3068100 166918096    0    0 1210256 775272 270639 1106316 42 17 24 17  0  0
41 13   6400 4636020 3068100 166918120    0    0 1201920 790472 287415 1207999 45 19 25 12  0  0
17 13   6400 4686084 3068100 166918148    0    0 1166624 766312 282835 1178860 44 19 26 12  0  0
44  7   6400 4684280 3068100 166918172    0    0 1168848 766188 282435 1191175 44 19 26 12  0  0
90  5   6400 4650640 3068100 166918204    0    0 1172112 767224 280325 1167910 43 18 26 13  0  0
63 10   6400 4658212 3068100 166918228    0    0 1165248 763044 283676 1182776 44 18 26 12  0  0
27 20   6400 4639872 3068100 166918248    0    0 1199616 808088 285264 1176320 44 19 25 12  0  0
104 35   6400 4631972 3068100 166918272    0    0 1213264 789292 288107 1197132 45 19 24 12  0  0
119 16   6400 4651868 3068100 166918296    0    0 1190592 766784 273841 1162131 43 17 24 16  0  0
46  5   6400 4663256 3068100 166918324    0    0 1168896 764764 281055 1184172 44 19 26 11  0  0
82 21   6400 4644696 3068100 166918352    0    0 1187808 801884 282380 1179144 44 19 25 12  0  0
96 36   6400 4642856 3068100 166918384    0    0 1186624 773564 280909 1170115 45 19 25 11  0  0
54 15   6400 4642784 3068100 166918412    0    0 1191248 769948 278352 1170742 44 18 24 13  0  0
11 33   6400 4633980 3068100 166918432    0    0 1183456 761900 279252 1165135 44 18 24 13  0  0
20 20   6400 4624448 3068100 166918600    0    0 1156048 785472 284238 1190439 44 19 25 11  0  0
109 10   6400 4637908 3068100 166918488    0    0 1180144 764944 284136 1201433 45 19 25 11  0  0
36  9   6400 4659584 3068100 166918508    0    0 1178736 788948 281751 1195551 44 18 25 13  0  0
procs -----------memory---------- ---swap-- -----io---- -system-- -------cpu-------
 r  b   swpd   free   buff  cache   si   so    bi    bo   in   cs us sy id wa st gu
61 17   6400 4654572 3068100 166918532    0    0 1155392 778696 280309 1182716 44 19 25 12  0  0
117 33   6400 4638868 3068100 166918564    0    0 1180336 776988 285016 1189230 44 18 26 12  0  0
25 20   6400 4644756 3068100 166918596    0    0 1175040 803676 284012 1186471 44 18 25 13  0  0
74 36   6400 4633484 3068100 166918612    0    0 1170448 761812 285943 1205841 45 19 25 11  0  0
