procs -----------memory---------- ---swap-- -----io---- -system-- -------cpu-------
 r  b   swpd   free   buff  cache   si   so    bi    bo   in   cs us sy id wa st gu
 5  0  77224 136779700 2229244 38843232   37   48 88194 106522 83538   12 12  2 84  1  0  0
 1  0  77224 136760904 2229244 38843300    0    0     0 320004 95952 25190  1  1 98  0  0  0
93  0  77224 136745148 2229244 38843344    0    0     0 203120 93154 38279 94  2  3  0  0  0
98  0  77224 136739000 2229244 38843364    0    0     0 215828 91652 36780 98  2  0  0  0  0
134  0  77224 136728192 2229244 38843376    0    0     0 241012 142045 40419 97  2  1  0  0  0
96  0  77224 136712480 2229244 38843396    0    0     0 246788 93785 42409 98  1  1  0  0  0
81  0  77224 136698872 2229244 38843416    0    0     0 241560 131031 38131 97  2  1  0  0  0
21 18  77224 136384360 2229244 38843432    0    0 741760 675692 485257 577528 60 18 18  4  0  0
18 13  77224 136306020 2229244 38843460    0    0 1656672 705660 296594 992669 63 17 11  9  0  0
99 46  77224 136276744 2229244 38843484    0    0 1639312 743092 304656 1033587 54 17 15 13  0  0
105 38  77224 136277528 2229244 38843504    0    0 1592560 748268 288816 999130 54 17 15 14  0  0
85 56  77224 136267996 2229244 38843536    0    0 1569872 791704 283626 1001918 54 17 16 13  0  0
102 39  77224 136302904 2229244 38843564    0    0 1609360 768536 285278 1027290 54 16 16 14  0  0
25 30  77224 136256696 2229244 38843584    0    0 1585120 796216 285539 1003140 54 16 17 13  0  0
105 32  77224 136270860 2229244 38843604    0    0 1597920 798272 288584 1014676 55 17 15 13  0  0
23 12  77224 136283036 2229244 38843636    0    0 1586528 810788 286935 996722 54 17 16 13  0  0
85 45  77224 136263896 2229244 38843664    0    0 1594464 799428 287782 1002650 54 17 17 12  0  0
45 49  77224 136271508 2229244 38843692    0    0 1606144 843976 290799 1018529 55 17 15 13  0  0
109 31  77224 136271776 2229244 38843716    0    0 1567856 824316 286418 988950 55 17 16 12  0  0
72 62  77224 136284160 2229244 38843740    0    0 1510384 844260 280984 975381 52 17 17 13  0  0
54 73  77224 136286980 2229244 38843760    0    0 1493136 827780 279456 967067 52 16 18 13  0  0
procs -----------memory---------- ---swap-- -----io---- -system-- -------cpu-------
 r  b   swpd   free   buff  cache   si   so    bi    bo   in   cs us sy id wa st gu
109 32  77224 136308600 2229244 38843788    0    0 1489456 801220 278856 963813 51 16 18 16  0  0
36 25  77224 136297324 2229244 38843808    0    0 1463392 857060 278344 951817 51 15 18 15  0  0
96 42  77224 136285564 2229244 38843828    0    0 1456384 849720 275614 935736 52 17 17 15  0  0
42 40  77224 136282624 2229244 38843852    0    0 1484304 881020 280052 957974 53 17 15 14  0  0
16 22  77224 136287052 2229244 38843876    0    0 1486336 890676 280903 940897 54 17 16 13  0  0
46 64  77224 136265184 2229244 38843908    0    0 1461216 897164 280078 947933 53 17 15 16  0  0
93 50  77224 136271464 2229244 38843936    0    0 1482976 875628 281794 951759 53 17 16 14  0  0
22 25  77224 136273924 2229244 38843956    0    0 1490784 881332 281443 945898 54 17 16 13  0  0
120 20  77224 136267612 2229244 38843980    0    0 1502320 869600 282347 957355 54 17 15 14  0  0
106 36  77224 136277588 2229244 38844004    0    0 1506160 874856 283492 970587 54 18 15 14  0  0
77 59  77224 136306420 2229244 38844028    0    0 1472208 891476 279845 956047 52 16 18 14  0  0
62 66  77224 136284980 2229244 38844040    0    0 1432656 841892 274147 932518 52 16 18 15  0  0
84 20  77224 136264324 2229244 38844068    0    0 1483248 837488 278150 947398 53 17 17 13  0  0
47 22  77224 136278644 2229244 38844092    0    0 1496000 875964 282237 958562 53 17 16 13  0  0
70 61  77224 136260608 2229244 38844116    0    0 1504528 900568 283292 960529 54 17 16 13  0  0
32 11  77224 136267596 2229244 38844152    0    0 1530656 868980 283875 960625 55 17 16 12  0  0
74 33  77224 136266896 2229244 38844184    0    0 1474720 877624 280773 950427 53 17 17 13  0  0
123 24  77224 136276220 2229244 38844212    0    0 1489280 869000 280767 944874 53 17 16 13  0  0
102 35  77224 136261616 2229244 38844244    0    0 1485712 877640 280092 955286 53 17 16 14  0  0
111 34  77224 136283156 2229244 38844272    0    0 1499552 879692 282793 974583 53 17 16 14  0  0
96 41  77224 136300148 2229244 38844296    0    0 1484928 894608 280230 964777 52 16 17 14  0  0
procs -----------memory---------- ---swap-- -----io---- -system-- -------cpu-------
 r  b   swpd   free   buff  cache   si   so    bi    bo   in   cs us sy id wa st gu
93  8  77224 136269748 2229244 38844316    0    0 1484272 849496 279977 955192 53 17 16 14  0  0
105 29  77224 136243084 2229244 38844344    0    0 1416336 841668 274014 929684 50 16 18 16  0  0
19 31  77224 136245576 2229244 38844368    0    0 1464736 893136 279384 951379 53 17 16 14  0  0
106 37  77224 136245952 2229244 38844388    0    0 1505088 878424 285092 968656 54 18 16 13  0  0
113 30  77224 136248652 2229244 38844412    0    0 1497056 904684 283618 957908 54 17 17 12  0  0
76 13  77224 136231360 2229244 38844448    0    0 1518848 873412 283198 962655 54 18 16 13  0  0
112 33  77224 136240344 2229244 38844472    0    0 1499952 919416 284297 950979 53 17 17 12  0  0
51 50  77224 136250508 2229244 38844496    0    0 1530512 902708 285317 961846 55 18 16 12  0  0
92 42  77224 136284628 2229244 38844524    0    0 1521776 899848 286133 969090 54 17 17 12  0  0
20 12  77224 136274816 2229244 38844544    0    0 1524464 915044 282849 973972 54 17 16 13  0  0
62  8  77224 136266824 2229244 38844572    0    0 1501920 868740 282797 959613 53 17 16 13  0  0
105 29  77224 136250668 2229244 38844592    0    0 1452096 881512 278202 950045 52 16 17 15  0  0
67 55  77224 136245148 2229244 38844612    0    0 1463872 904216 279827 953209 52 17 17 14  0  0
40  8  77224 136234544 2229244 38844640    0    0 1529024 922112 286604 967895 55 18 15 12  0  0
65 66  77224 136240980 2229244 38844656    0    0 1541184 926176 287985 968808 55 18 15 12  0  0
97 41  77224 136237192 2229244 38844692    0    0 1538080 914264 287308 967277 55 18 16 12  0  0
91 40  77224 136241040 2229244 38844712    0    0 1533408 910672 286230 965484 55 18 15 12  0  0
86 48  77224 136247376 2229244 38844740    0    0 1509936 926244 285534 959845 54 18 16 12  0  0
82 28  77224 136290100 2229244 38844764    0    0 1536144 896444 286477 977602 54 16 16 13  0  0
14  9  77224 136274272 2229248 38844772    0    0 1509840 930768 283975 960957 55 17 15 13  0  0
17 29  77224 136250644 2229248 38844812    0    0 1510080 907956 283252 964973 54 18 15 13  0  0
procs -----------memory---------- ---swap-- -----io---- -system-- -------cpu-------
 r  b   swpd   free   buff  cache   si   so    bi    bo   in   cs us sy id wa st gu
25 28  77224 136235928 2229248 38844836    0    0 1476960 871504 280884 952072 53 17 16 14  0  0
84 44  77224 136224372 2229248 38844856    0    0 1465376 883096 280158 945816 52 17 17 14  0  0
26 16  77224 136241164 2229248 38844884    0    0 1521472 908748 283920 965303 55 18 15 12  0  0
56 37  77224 136233600 2229248 38844908    0    0 1533504 911732 286100 968407 55 18 15 12  0  0
65 78  77224 136231916 2229248 38844940    0    0 1554784 919352 287930 977378 56 18 13 12  0  0
24 27  77224 136231980 2229248 38844964    0    0 1536192 911648 286760 971583 55 18 15 12  0  0
107 37  77224 136235560 2229248 38844992    0    0 1532304 885984 285623 971776 55 18 15 13  0  0
31 28  77224 136256284 2229248 38845008    0    0 1517280 920500 284364 971469 54 16 17 14  0  0
120 20  77224 136225492 2229248 38845024    0    0 1516432 878052 285072 958584 54 18 17 12  0  0
110 33  77224 136240152 2229248 38845052    0    0 1499104 911824 283003 950310 54 17 17 13  0  0
72 59  77224 136240964 2229248 38845080    0    0 1482144 884804 282033 958675 53 17 16 13  0  0
104 36  77224 136228256 2229248 38845104    0    0 1519264 880356 283538 970060 54 18 15 13  0  0
109 31  77224 136195072 2229248 38845124    0    0 1513840 900300 284661 964244 54 18 16 12  0  0
44 33  77224 136219880 2229248 38845152    0    0 1529104 927484 287616 960970 55 18 16 11  0  0
110 28  77224 136231592 2229248 38845176    0    0 1549856 903812 288178 974838 56 18 15 12  0  0
21 27  77224 136238304 2229248 38845208    0    0 1531312 941864 286447 960702 54 18 17 11  0  0
82 56  77224 136267720 2229248 38845236    0    0 1528496 900208 285399 962166 54 17 17 12  0  0
83 52  77224 136265936 2229248 38845252    0    0 1536784 911688 287282 986098 55 17 15 13  0  0
16 20  77224 136236364 2229248 38845276    0    0 1520912 916224 283537 960485 55 17 15 12  0  0
39 89  77224 136232576 2229248 38845296    0    0 1496272 902304 284990 960213 53 17 17 13  0  0
32 96  77224 136243396 2229248 38845320    0    0 1471760 880608 281112 952997 53 17 17 14  0  0
procs -----------memory---------- ---swap-- -----io---- -system-- -------cpu-------
 r  b   swpd   free   buff  cache   si   so    bi    bo   in   cs us sy id wa st gu
112 27  77224 136245456 2229248 38845348    0    0 1501696 876044 282983 962026 54 17 16 13  0  0
113 32  77224 136226684 2229248 38845372    0    0 1468096 892216 280843 949115 52 17 17 14  0  0
16 15  77224 136216184 2229248 38845396    0    0 1515536 911024 285018 962582 54 18 15 12  0  0
10 19  77224 136231520 2229248 38845420    0    0 1508176 920500 285335 966162 54 17 16 12  0  0
62 45  77224 136229260 2229248 38845448    0    0 1520528 911816 285366 966557 55 18 16 12  0  0
38  6  77224 136260840 2229248 38845472    0    0 1549808 897940 288413 992053 55 17 14 13  0  0
85 49  77224 136234772 2229248 38845488    0    0 1480240 897372 281633 947632 52 17 18 13  0  0
42 27  77224 136228460 2229248 38845512    0    0 1495088 921328 283695 961701 54 17 16 13  0  0
28 34  77224 136223692 2229248 38845532    0    0 1498544 878568 280581 949145 54 17 17 12  0  0
37 40  77224 136226556 2229248 38845564    0    0 1456976 886352 278873 946007 52 17 17 14  0  0
116 30  77224 136216632 2229248 38845588    0    0 1524288 887592 283479 972145 55 17 15 13  0  0
101 31  77224 136229408 2229248 38845608    0    0 1519472 909984 286143 971846 55 17 14 14  0  0
93 49  77224 136238372 2229248 38845632    0    0 1478256 912904 282450 954172 53 17 16 13  0  0
111 31  77224 136233048 2229248 38845660    0    0 1532064 899288 286192 965382 54 18 16 12  0  0
70 27  77224 136229840 2229248 38845700    0    0 1539680 909860 287187 981462 56 18 14 13  0  0
41 22  77224 136283300 2229248 38845720    0    0 1531440 942352 286735 976900 55 16 16 13  0  0
22 39  77224 136238984 2229248 38845736    0    0 1513120 891352 283019 959705 54 17 16 13  0  0
108 35  77224 136214404 2229248 38845768    0    0 1499808 903544 283508 962824 54 17 16 13  0  0
24 26  77224 136199148 2229248 38845796    0    0 1509952 921044 282504 962085 54 18 15 13  0  0
33 104  77224 136209540 2229248 38845820    0    0 1452800 876996 277856 939453 52 17 18 13  0  0
91 41  77224 136225920 2229248 38845844    0    0 1508960 892984 283900 968531 54 17 15 13  0  0
procs -----------memory---------- ---swap-- -----io---- -system-- -------cpu-------
 r  b   swpd   free   buff  cache   si   so    bi    bo   in   cs us sy id wa st gu
105 36  77224 136219576 2229248 38845872    0    0 1503184 900220 282925 957801 54 17 17 12  0  0
26 18  77224 136220768 2229248 38845892    0    0 1532912 907860 288115 973585 56 18 14 13  0  0
105 37  77224 136218008 2229248 38845912    0    0 1491552 905420 284194 959733 54 17 16 13  0  0
75 62  77224 136246140 2229248 38845940    0    0 1509184 904116 283029 956039 54 17 16 13  0  0
48 83  77224 136254784 2229248 38845960    0    0 1517472 917688 287052 975659 54 17 16 13  0  0
33 38  77224 136232024 2229248 38845984    0    0 1524480 909288 285929 975558 55 18 14 13  0  0
31 16  77224 136226564 2229248 38846008    0    0 1515808 903944 283556 968862 55 18 14 14  0  0
94 44  77224 136231212 2229248 38846036    0    0 1493408 896136 282970 961195 53 17 16 13  0  0
117 25  77224 136225444 2229248 38846064    0    0 1481248 873988 280606 946256 53 17 17 13  0  0
14 17  77224 136230560 2229248 38846092    0    0 1466480 902608 278896 946633 53 17 17 13  0  0
24 29  77224 136209284 2229248 38846116    0    0 1519888 909048 284230 963723 54 18 15 13  0  0
34 36  77224 136203628 2229248 38846144    0    0 1517424 909308 284934 960562 54 18 16 12  0  0
22 31  77224 136214960 2229248 38846172    0    0 1480352 894812 282421 950884 53 17 16 14  0  0
85 47  77224 136258552 2229248 38846192    0    0 1528784 914364 288045 983962 54 17 16 14  0  0
114 27  77224 136229008 2229248 38846204    0    0 1538944 900200 285617 976276 55 17 14 13  0  0
28 17  77224 136213660 2229248 38846236    0    0 1509104 923660 283281 961330 54 17 16 13  0  0
35 32  77224 136221356 2229248 38846260    0    0 1509888 906940 282967 968339 54 18 14 14  0  0
33 46  77224 136230304 2229248 38846280    0    0 1514400 897536 285249 971984 54 17 15 14  0  0
29 26  77224 136199660 2229248 38846300    0    0 1505952 904152 284014 967270 54 18 15 13  0  0
108 37  77224 136204088 2229248 38846328    0    0 1478128 875856 281622 962201 53 17 16 15  0  0
113 35  77224 136205572 2229248 38846356    0    0 1530768 910468 287702 968324 54 18 15 12  0  0
procs -----------memory---------- ---swap-- -----io---- -system-- -------cpu-------
 r  b   swpd   free   buff  cache   si   so    bi    bo   in   cs us sy id wa st gu
125 32  77224 136199280 2229248 38846384    0    0 1521024 914556 285980 972096 55 18 14 13  0  0
114 10  77224 136216912 2229248 38846408    0    0 1484656 882948 282419 955815 53 17 16 13  0  0
108 37  77224 136265828 2229248 38846432    0    0 1531888 927120 287749 986600 55 16 16 13  0  0
105 39  77224 136224040 2229248 38846448    0    0 1528992 912604 285408 965960 55 18 15 13  0  0
116 31  77224 136224560 2229248 38846472    0    0 1533920 903032 287359 975861 55 18 15 13  0  0
106 38  77224 136201904 2229248 38846504    0    0 1514528 898620 283477 961058 54 18 16 12  0  0
88 46  77224 136197476 2229248 38846532    0    0 1517504 924740 285086 975369 55 18 14 13  0  0
106 31  77224 136185968 2229248 38846552    0    0 1536096 894392 286962 978311 55 18 14 13  0  0
109 32  77224 136201432 2229260 38846568    0    0 1470400 892496 279911 950601 53 17 15 14  0  0
90 51  77224 136214668 2229260 38846608    0    0 1544112 932060 288095 979728 56 18 15 12  0  0
83 54  77224 136206380 2229260 38846636    0    0 1539232 922744 288290 969196 56 18 15 12  0  0
53 66  77224 136213876 2229260 38846660    0    0 1514448 910976 285313 965817 54 17 16 13  0  0
17 15  77224 136224352 2229260 38846680    0    0 1523200 919664 285297 968114 54 17 17 12  0  0
103 32  77224 136215416 2229260 38846708    0    0 1542352 905012 287234 970648 56 18 15 12  0  0
105 29  77224 136216476 2229260 38846724    0    0 1506480 914136 282459 958611 54 17 16 12  0  0
65 64  77224 136217128 2229260 38846748    0    0 1519248 910856 285010 968473 54 18 15 13  0  0
110 28  77224 136209464 2229260 38846772    0    0 1512992 889424 283607 964988 54 18 15 13  0  0
71 59  77224 136197212 2229260 38846796    0    0 1507936 905428 284307 967356 54 18 16 13  0  0
107 36  77224 136197844 2229260 38846824    0    0 1477488 873340 279963 954650 53 17 16 14  0  0
37 25  77224 136208500 2229260 38846852    0    0 1523632 935356 287692 976211 55 18 15 12  0  0
29 30  77224 136211792 2229260 38846876    0    0 1547424 929232 288782 976461 55 18 14 12  0  0
procs -----------memory---------- ---swap-- -----io---- -system-- -------cpu-------
 r  b   swpd   free   buff  cache   si   so    bi    bo   in   cs us sy id wa st gu
66 47  77224 136227376 2229260 38846896    0    0 1530224 921548 287950 976423 54 17 17 13  0  0
79 62  77224 136210540 2229260 38846912    0    0 1497584 905988 283785 965917 54 17 15 14  0  0
89 48  77224 136204648 2229260 38846940    0    0 1498896 899672 282665 958128 54 17 17 12  0  0
71  7  77224 136206820 2229260 38846968    0    0 1523488 886772 284939 963387 54 18 16 12  0  0
14 17  77224 136179332 2229260 38846988    0    0 1507440 930068 283906 964203 54 17 16 13  0  0
17 34  77224 136186824 2229260 38847012    0    0 1519168 917284 284633 967305 54 18 15 13  0  0
109  8  77224 136198960 2229260 38847044    0    0 1516192 879084 285322 974182 55 17 14 14  0  0
102 33  77224 136207720 2229260 38847064    0    0 1466816 897904 280899 943345 52 17 17 14  0  0
73 64  77224 136205552 2229260 38847096    0    0 1513984 916488 285781 958407 54 17 16 12  0  0
97 38  77224 136200888 2229260 38847120    0    0 1551296 913696 287092 974557 55 18 15 12  0  0
29 22  77224 136250144 2229260 38847136    0    0 1548128 936128 289447 991530 55 17 16 13  0  0
54 38  77224 136226328 2229260 38847152    0    0 1533808 925844 287222 981368 55 18 14 13  0  0
95 45  77224 136221888 2229260 38847184    0    0 1490672 899964 282306 961618 53 17 15 14  0  0
72 75  77224 136222532 2229260 38847204    0    0 1518624 909872 284717 972733 55 17 15 13  0  0
120 21  77224 136211500 2229260 38847228    0    0 1542768 883672 286368 978690 55 18 15 12  0  0
93 19  77224 136203384 2229260 38847256    0    0 1523520 907796 285504 970958 54 18 15 13  0  0
49 63  77224 136192008 2229260 38847280    0    0 1494576 920964 283417 962048 53 17 16 13  0  0
126 26  77224 136179352 2229268 38847304    0    0 1483600 875580 281295 952872 53 17 16 14  0  0
 9  8  77224 136187040 2229268 38847336    0    0 1525344 930244 285693 957249 55 18 15 12  0  0
99 45  77224 136201544 2229268 38847364    0    0 1541440 911120 286280 973341 55 17 15 12  0  0
21 14  77224 136209556 2229268 38847396    0    0 1574800 942164 290050 994395 56 17 15 12  0  0
procs -----------memory---------- ---swap-- -----io---- -system-- -------cpu-------
 r  b   swpd   free   buff  cache   si   so    bi    bo   in   cs us sy id wa st gu
18 18  77224 136202084 2229268 38847412    0    0 1525600 901184 283957 967547 54 17 16 12  0  0
98 49  77224 136201448 2229268 38847436    0    0 1467344 883664 280866 955882 53 17 17 14  0  0
113 27  77224 136190748 2229268 38847464    0    0 1510048 894284 282920 964627 54 17 15 13  0  0
59 40  77224 136190468 2229268 38847480    0    0 1504128 906460 282815 961143 54 17 16 12  0  0
111 31  77224 136213124 2229268 38847504    0    0 1526288 886340 283767 963419 55 18 16 12  0  0
65 56  77224 136199072 2229268 38847532    0    0 1499424 910832 282144 962618 54 17 15 13  0  0
84 56  77224 136192532 2229268 38847560    0    0 1461920 882860 278696 944230 52 17 17 14  0  0
122 19  77224 136181924 2229272 38847580    0    0 1547520 898816 287146 975771 56 18 14 12  0  0
103 49  77224 136216292 2229272 38847604    0    0 1544512 928236 288745 981954 54 17 17 12  0  0
25 16  77224 136210188 2229272 38847628    0    0 1554752 939940 289798 977851 56 17 15 11  0  0
81 48  77224 136198968 2229272 38847648    0    0 1538624 925244 287543 968252 55 18 16 12  0  0
26 40  77224 136184372 2229272 38847668    0    0 1522064 909876 284502 966239 54 18 16 13  0  0
21 24  77224 136200940 2229272 38847696    0    0 1478336 888080 279687 947518 52 17 18 13  0  0
98 40  77224 136197916 2229272 38847724    0    0 1524864 913788 286561 971042 55 18 15 13  0  0
87 50  77224 136192720 2229272 38847744    0    0 1512240 907568 284007 965012 54 17 17 12  0  0
43 40  77224 136174468 2229272 38847764    0    0 1524464 920072 285221 973086 54 18 15 13  0  0
43 13  77224 136198664 2229272 38847796    0    0 1495120 879280 285300 961172 53 18 16 13  0  0
90 49  77224 136202580 2229272 38847816    0    0 1496416 926632 285301 955302 53 18 17 12  0  0
85 46  77224 136242496 2229272 38847844    0    0 1565536 929608 289640 992779 55 17 15 12  0  0
116 33  77224 136217428 2229272 38847860    0    0 1569808 922152 289839 980548 57 18 14 11  0  0
83 52  77224 136198452 2229272 38847888    0    0 1557088 936124 290128 980953 56 18 14 12  0  0
procs -----------memory---------- ---swap-- -----io---- -system-- -------cpu-------
 r  b   swpd   free   buff  cache   si   so    bi    bo   in   cs us sy id wa st gu
41 34  77224 136198292 2229272 38847928    0    0 1512656 917320 283109 962151 54 17 16 13  0  0
109 30  77224 136201516 2229272 38847948    0    0 1491584 895044 282919 964218 53 17 16 14  0  0
25 38  77224 136202316 2229272 38847984    0    0 1531504 904124 284645 975584 55 17 15 13  0  0
103 33  77224 136187456 2229272 38848004    0    0 1517088 905808 284502 963030 54 18 16 12  0  0
87 49  77224 136184828 2229272 38848024    0    0 1495216 908196 283271 952093 53 17 18 12  0  0
32 42  77224 136188696 2229272 38848052    0    0 1490368 908680 281840 949487 53 17 16 13  0  0
87 47  77224 136206236 2229280 38848080    0    0 1528240 915980 286950 980261 56 18 12 14  0  0
52 77  77224 136251544 2229280 38848116    0    0 1552400 934012 287728 989153 55 17 15 13  0  0
111 35  77224 136225396 2229280 38848132    0    0 1538144 916524 287372 971321 55 18 15 12  0  0
106 38  77224 136202548 2229280 38848156    0    0 1560512 929816 289773 984665 56 18 14 12  0  0
115 29  77224 136181380 2229280 38848180    0    0 1530208 898860 284537 972469 55 18 15 13  0  0
34  9  77224 136172244 2229280 38848204    0    0 1502016 909176 283501 968685 54 17 15 14  0  0
106 34  77224 136187320 2229280 38848240    0    0 1497728 889840 282660 968894 53 17 15 14  0  0
48  4  77224 136182324 2229280 38848264    0    0 1513504 902808 283946 967154 54 18 16 12  0  0
25 30  77224 136190576 2229280 38848288    0    0 1511712 928056 285058 962790 54 17 16 13  0  0
63 25  77224 136197020 2229280 38848308    0    0 1507248 874328 282906 955014 54 18 15 13  0  0
27 21  77224 136225388 2229280 38848336    0    0 1505584 931652 284260 968321 54 17 16 13  0  0
16 16  77224 136212956 2229284 38848364    0    0 1548608 912920 288094 982018 55 17 16 12  0  0
112 30  77224 136201016 2229284 38848380    0    0 1554208 922444 290232 983206 55 18 15 12  0  0
106 38  77224 136191172 2229284 38848404    0    0 1543088 917744 287865 970471 55 18 16 11  0  0
101 43  77224 136219532 2229284 38848424    0    0 1502496 900572 282711 959130 54 17 16 12  0  0
procs -----------memory---------- ---swap-- -----io---- -system-- -------cpu-------
 r  b   swpd   free   buff  cache   si   so    bi    bo   in   cs us sy id wa st gu
105 44  77224 136209372 2229288 38848436    0    0 1497280 903448 281129 958047 54 17 16 13  0  0
65 40  77224 136206396 2229288 38848476    0    0 1470448 900532 279926 948498 53 17 16 14  0  0
25 42  77224 136189148 2229288 38848500    0    0 1515888 905228 284260 970689 55 18 15 13  0  0
24 39  77224 136184380 2229288 38848528    0    0 1516128 897988 282559 961843 55 17 15 13  0  0
25 40  77224 136192324 2229288 38848552    0    0 1515904 904352 285166 965543 54 18 16 12  0  0
29 37  77224 136244180 2229288 38848576    0    0 1493632 902260 282646 955390 53 16 17 13  0  0
20 21  77224 136228176 2229288 38848596    0    0 1520528 917448 285256 967236 54 17 17 12  0  0
30 27  77224 136215288 2229288 38848624    0    0 1524080 908124 284916 955952 54 18 16 12  0  0
29 49  77224 136202128 2229288 38848644    0    0 1555152 921680 288836 984249 56 18 13 13  0  0
102 43  77224 136193340 2229288 38848672    0    0 1517408 903860 285337 964303 54 18 16 12  0  0
28  9  77224 136188300 2229288 38848696    0    0 1497120 915920 283460 960343 53 17 16 13  0  0
112 26  77224 136193032 2229292 38848708    0    0 1472144 860036 279369 939027 52 17 18 13  0  0
105 33  77224 136195752 2229292 38848748    0    0 1479216 886524 279902 957296 53 17 17 14  0  0
87 45  77224 136185868 2229292 38848764    0    0 1511472 913996 285060 968483 54 18 15 13  0  0
102 39  77224 136182012 2229292 38848796    0    0 1543888 927976 287602 974843 56 18 14 12  0  0
83 51  77224 136234740 2229292 38848824    0    0 1521104 911828 284755 979426 54 16 16 14  0  0
32 27  77224 136215996 2229296 38848848    0    0 1521680 908376 285622 963750 54 17 16 13  0  0
112 33  77224 136204468 2229296 38848868    0    0 1543600 911120 287587 973591 56 18 15 12  0  0
16 112  77224 136191428 2229296 38848892    0    0 1527008 933812 284957 965352 55 18 15 13  0  0
73 62  77224 136182160 2229296 38848920    0    0 1518528 896916 284163 972558 54 17 15 13  0  0
43 37  77224 136181688 2229296 38848944    0    0 1491088 898848 282207 962174 53 17 17 13  0  0
procs -----------memory---------- ---swap-- -----io---- -system-- -------cpu-------
 r  b   swpd   free   buff  cache   si   so    bi    bo   in   cs us sy id wa st gu
41 33  77224 136179628 2229296 38848968    0    0 1514272 902836 282984 962239 54 17 16 13  0  0
101 42  77224 136187224 2229296 38848996    0    0 1488576 888240 282084 960679 53 17 17 13  0  0
80 59  77224 136197376 2229296 38849024    0    0 1518704 899044 284614 964892 54 18 16 12  0  0
94 43  77224 136221696 2229296 38849052    0    0 1534096 908896 286118 963444 55 17 16 12  0  0
57 80  77224 136257096 2229296 38849072    0    0 1533424 930720 286793 985741 54 16 15 14  0  0
87 54  77224 136201408 2229296 38849092    0    0 1552128 912044 288393 976296 56 18 14 12  0  0
92 49  77224 136202516 2229296 38849120    0    0 1533216 920648 287909 972489 55 18 15 12  0  0
105 31  77224 136215732 2229296 38849144    0    0 1554352 905904 286750 978603 56 18 13 13  0  0
69 66  77224 136195128 2229296 38849172    0    0 1512400 925988 285545 970841 55 18 15 13  0  0
55 62  77224 136193616 2229296 38849200    0    0 1510656 912888 282805 965535 55 17 15 13  0  0
92 48  77224 136190736 2229296 38849216    0    0 1530928 913668 285595 970781 55 18 15 12  0  0
55 63  77224 136192272 2229296 38849252    0    0 1496224 895344 280720 961291 54 17 16 13  0  0
46 35  77224 136179128 2229296 38849280    0    0 1530592 920504 283731 974716 55 18 14 13  0  0
57 56  77224 136213840 2229296 38849304    0    0 1541840 914368 289180 980901 55 18 16 12  0  0
19 111  77224 136215400 2229296 38849332    0    0 1541680 904756 291999 981457 55 17 16 13  0  0
25 33  77224 136207096 2229296 38849352    0    0 1535920 943688 288816 965136 55 18 15 12  0  0
59 29  77224 136199860 2229296 38849376    0    0 1524992 910776 287821 972104 55 18 16 12  0  0
29 102  77224 136178024 2229296 38849392    0    0 1533952 900724 287266 969745 55 18 15 12  0  0
22 77  77224 136199624 2229296 38849424    0    0 1494960 910832 284945 962115 54 18 16 13  0  0
24 104  77224 136188016 2229296 38849444    0    0 1514416 896524 282665 973007 55 18 14 13  0  0
63 41  77224 136178036 2229296 38849464    0    0 1517808 900548 284101 971543 54 17 15 13  0  0
procs -----------memory---------- ---swap-- -----io---- -system-- -------cpu-------
 r  b   swpd   free   buff  cache   si   so    bi    bo   in   cs us sy id wa st gu
85 43  77224 136161768 2229296 38849492    0    0 1499440 888280 282218 957507 54 18 16 13  0  0
36 76  77224 136180432 2229296 38849532    0    0 1500752 896412 282343 959997 54 17 16 13  0  0
20 99  77224 136224756 2229296 38849552    0    0 1521936 932812 286673 979982 55 17 15 13  0  0
39 65  77224 136226420 2229296 38849568    0    0 1503200 900160 283920 961699 54 17 17 13  0  0
20 20  77224 136211984 2229300 38849588    0    0 1527696 907180 284659 962299 55 18 15 12  0  0
80 56  77224 136189808 2229300 38849624    0    0 1536560 907620 286508 976493 55 18 15 12  0  0
43 92  77224 136193588 2229300 38849652    0    0 1510352 908504 284667 967990 54 17 16 12  0  0
22 23  77224 136181292 2229300 38849680    0    0 1532192 900820 285168 975075 54 18 15 13  0  0
65 60  77224 136171752 2229300 38849700    0    0 1503280 886768 283050 960291 54 17 16 13  0  0
27 43  77224 136174332 2229300 38849716    0    0 1526304 908644 283486 969128 54 17 16 12  0  0
33 36  77224 136181672 2229300 38849736    0    0 1507392 907632 283923 963782 54 17 16 13  0  0
36 54  77224 136182772 2229300 38849772    0    0 1472576 891812 279362 953228 53 17 16 14  0  0
24 41  77224 136240600 2229300 38849808    0    0 1540224 914248 287158 983123 55 16 16 13  0  0
20 42  77224 136204852 2229300 38849816    0    0 1502224 899776 283321 962049 54 18 15 13  0  0
41 49  77224 136178288 2229300 38849836    0    0 1534896 921364 287032 967357 55 18 15 12  0  0
30 39  77224 136176328 2229300 38849872    0    0 1531456 917260 289483 973095 55 18 15 12  0  0
41 63  77224 136196388 2229300 38849900    0    0 1503664 902044 285331 955484 54 18 16 12  0  0
96 42  77224 136176776 2229300 38849920    0    0 1528272 888952 285180 967263 55 18 15 12  0  0
55 71  77224 136192580 2229300 38849948    0    0 1498192 903932 282221 963868 54 17 15 13  0  0
118 28  77224 136176532 2229300 38849972    0    0 1540192 903032 286368 980204 55 18 15 13  0  0
106 38  77224 136181648 2229300 38849996    0    0 1507184 908164 283242 964343 54 17 15 13  0  0
procs -----------memory---------- ---swap-- -----io---- -system-- -------cpu-------
 r  b   swpd   free   buff  cache   si   so    bi    bo   in   cs us sy id wa st gu
104 33  77224 136195216 2229300 38850024    0    0 1489792 892240 281594 962656 53 17 17 13  0  0
18 17  77224 136237308 2229300 38850044    0    0 1498000 923736 281959 961931 53 16 17 14  0  0
19 21  77224 136206680 2229300 38850068    0    0 1524800 897076 285031 963706 55 18 15 12  0  0
113 30  77224 136193836 2229300 38850092    0    0 1511712 919984 285857 962442 54 17 17 11  0  0
107 36  77224 136191396 2229300 38850120    0    0 1534480 913832 285643 961584 55 18 15 12  0  0
17 20  77224 136182980 2229300 38850140    0    0 1517344 921192 283132 965055 55 18 14 13  0  0
 7  8  77224 136168880 2229300 38850172    0    0 1512304 909480 283172 967361 54 18 15 13  0  0
73 61  77224 136186476 2229300 38850192    0    0 1501520 899400 283096 961153 54 17 16 13  0  0
23 20  77224 136187596 2229300 38850228    0    0 1509584 909176 283754 958559 54 17 16 13  0  0
24 10  77224 136170940 2229300 38850244    0    0 1535792 912384 285810 978800 56 18 14 13  0  0
35 26  77224 136186732 2229300 38850272    0    0 1523296 909020 285414 981366 54 17 16 13  0  0
110 39  77224 136188040 2229300 38850292    0    0 1493216 896580 282995 971514 53 16 17 14  0  0
92 47  77224 136186100 2229300 38850308    0    0 1512624 905820 283973 954710 54 17 17 11  0  0
26 25  77224 136183516 2229300 38850336    0    0 1519408 934196 285721 969551 55 17 15 13  0  0
56 35  77224 136188708 2229300 38850360    0    0 1520656 923504 285077 962940 55 17 16 12  0  0
112 34  77224 136174484 2229300 38850380    0    0 1527264 898592 284313 970165 55 18 15 12  0  0
111 24  77224 136167604 2229300 38850424    0    0 1517600 906732 285532 971157 55 18 14 13  0  0
24 24  77224 136157740 2229300 38850444    0    0 1524048 926212 284383 968101 55 18 15 12  0  0
20 18  77224 136180352 2229300 38850476    0    0 1493696 895608 283195 957648 54 17 17 12  0  0
23 28  77224 136189232 2229300 38850496    0    0 1538032 898936 285102 968103 55 18 15 12  0  0
91 46  77224 136240388 2229300 38850528    0    0 1517936 926252 286298 975007 54 16 17 13  0  0
procs -----------memory---------- ---swap-- -----io---- -system-- -------cpu-------
 r  b   swpd   free   buff  cache   si   so    bi    bo   in   cs us sy id wa st gu
26 24  77224 136210104 2229300 38850544    0    0 1498720 898328 282303 954892 54 17 16 13  0  0
15 25  77224 136186024 2229300 38850568    0    0 1528000 913868 285924 968735 55 18 14 13  0  0
34 37  77224 136179020 2229300 38850592    0    0 1496736 911484 282817 957001 53 17 17 13  0  0
45  7  77224 136159904 2229300 38850620    0    0 1537168 884520 285778 968431 56 18 14 12  0  0
26 21  77224 136160392 2229300 38850640    0    0 1508400 919496 285128 961180 54 17 17 12  0  0
48 88  77224 136185340 2229300 38850668    0    0 1491408 914452 283022 954750 53 17 16 13  0  0
111 29  77224 136178512 2229300 38850692    0    0 1503552 881880 282221 950544 54 17 17 12  0  0
18 17  77224 136174660 2229300 38850720    0    0 1504368 902560 283316 950449 54 17 15 13  0  0
13 12  77224 136175812 2229300 38850736    0    0 1525936 909936 286597 976798 55 18 14 13  0  0
51 17  77224 136213224 2229300 38850764    0    0 1519696 899916 284291 974068 54 16 17 14  0  0
115 27  77224 136186728 2229300 38850780    0    0 1512144 918316 285494 963367 55 18 14 13  0  0
33 27  77224 136168976 2229300 38850808    0    0 1503088 896684 283916 955506 54 17 16 13  0  0
24 21  77224 136161448 2229300 38850840    0    0 1500608 899504 283344 947090 54 17 17 12  0  0
84 53  77224 136176272 2229300 38850856    0    0 1535904 913832 289181 973060 56 18 15 12  0  0
78 60  77224 136166292 2229300 38850880    0    0 1532832 925052 287325 980304 55 18 14 12  0  0
103 38  77224 136166544 2229300 38850912    0    0 1525728 904892 283968 973650 55 17 15 13  0  0
46 58  77224 136163008 2229300 38850936    0    0 1499168 912188 283450 963051 54 17 16 13  0  0
69 60  77224 136158024 2229300 38850952    0    0 1502464 901220 282553 959062 53 17 17 12  0  0
19 29  77224 136196156 2229300 38850980    0    0 1542448 910420 286824 979170 55 17 15 12  0  0
40 40  77224 136199580 2229300 38850996    0    0 1527616 923936 287411 981347 54 17 16 13  0  0
76  8  77224 136174076 2229300 38851016    0    0 1547632 892200 286201 970566 56 18 15 11  0  0
procs -----------memory---------- ---swap-- -----io---- -system-- -------cpu-------
 r  b   swpd   free   buff  cache   si   so    bi    bo   in   cs us sy id wa st gu
18 35  77224 136183572 2229300 38851052    0    0 1493664 916520 282505 953932 54 17 18 12  0  0
114 26  77224 136179660 2229300 38851072    0    0 1501936 900340 285133 968740 54 18 15 13  0  0
89 50  77224 136183348 2229300 38851100    0    0 1524224 922704 285400 971625 54 17 15 13  0  0
88 51  77224 136175160 2229300 38851124    0    0 1512912 894892 283171 956576 54 17 17 12  0  0
108 32  77224 136164516 2229300 38851148    0    0 1520896 895160 284367 959258 54 17 16 12  0  0
97 38  77224 136164904 2229300 38851176    0    0 1501344 916812 283229 960510 54 17 16 13  0  0
98 38  77224 136150160 2229300 38851200    0    0 1522864 888772 283223 967041 55 18 14 13  0  0
22 29  77224 136186648 2229300 38851236    0    0 1530624 939600 287638 987637 54 17 16 13  0  0
114 30  77224 136173976 2229300 38851248    0    0 1549856 895996 287053 977068 55 17 15 13  0  0
112 30  77224 136169828 2229300 38851276    0    0 1535216 913988 286631 963680 55 18 15 12  0  0
49 24  77224 136177720 2229300 38851296    0    0 1515776 928240 286559 974432 54 18 15 13  0  0
59 74  77224 136178324 2229300 38851324    0    0 1476096 893300 280220 949450 53 17 16 14  0  0
110 31  77224 136169280 2229300 38851344    0    0 1527152 895276 285720 960431 54 18 17 11  0  0
32  7  77224 136168912 2229300 38851372    0    0 1527520 917904 285830 977838 55 18 15 12  0  0
116 29  77224 136187052 2229300 38851396    0    0 1515120 906732 284989 965215 54 18 16 13  0  0
30 26  77224 136161980 2229300 38851432    0    0 1499488 918504 281831 958913 54 17 15 13  0  0
50 12  77224 136168188 2229300 38851448    0    0 1508848 888220 282060 962831 54 17 16 13  0  0
87 55  77224 136207484 2229300 38851476    0    0 1530416 914428 286620 986230 54 16 16 13  0  0
72 29  77224 136197536 2229300 38851508    0    0 1547424 901172 285446 976997 55 17 15 13  0  0
107 26  77224 136175328 2229300 38851520    0    0 1531440 920200 286317 971964 55 18 15 12  0  0
18 29  77224 136164748 2229300 38851548    0    0 1513920 919312 286037 957798 55 18 16 12  0  0
procs -----------memory---------- ---swap-- -----io---- -system-- -------cpu-------
 r  b   swpd   free   buff  cache   si   so    bi    bo   in   cs us sy id wa st gu
53 59  77224 136174088 2229300 38851580    0    0 1465776 891896 281191 950300 53 17 17 13  0  0
88 48  77224 136165524 2229300 38851592    0    0 1508080 894056 283247 957003 54 17 17 13  0  0
61 10  77224 136174340 2229300 38851612    0    0 1513440 882892 282821 960330 54 17 16 12  0  0
17  9  77224 136173916 2229300 38851636    0    0 1513984 929768 283645 965911 54 18 15 13  0  0
36 26  77224 136181444 2229300 38851672    0    0 1503008 900040 282261 957581 54 17 16 12  0  0
92 45  77224 136206812 2229300 38851700    0    0 1503600 892252 281821 961553 53 17 17 13  0  0
59 76  77224 136207636 2229300 38851720    0    0 1515552 929844 284982 974310 54 16 16 13  0  0
98 42  77224 136204488 2229300 38851744    0    0 1503232 892888 282376 955028 54 17 17 12  0  0
37 16  77224 136192600 2229300 38851772    0    0 1481808 908832 280660 960469 53 17 16 14  0  0
100 40  77224 136172812 2229300 38851788    0    0 1494624 885316 281382 965667 54 17 16 13  0  0
92 34  77224 136151504 2229300 38851820    0    0 1455296 857380 276025 937444 52 17 18 14  0  0
74 63  77224 136167908 2229300 38851856    0    0 1458304 890844 277685 946315 52 17 16 15  0  0
52 41  77224 136173472 2229300 38851864    0    0 1479312 893764 279389 945779 53 17 17 13  0  0
94 51  77224 136185364 2229300 38851892    0    0 1510816 873944 280871 958946 54 17 17 12  0  0
29 31  77224 136182132 2229300 38851916    0    0 1489104 903712 280208 955485 54 17 16 13  0  0
72 64  77224 136210248 2229300 38851948    0    0 1471664 898676 280042 965103 52 16 17 15  0  0
42 34  77224 136188200 2229300 38851972    0    0 1500800 903404 281108 973980 54 17 15 15  0  0
51 88  77224 136190860 2229300 38851984    0    0 1487984 894304 280089 955883 53 17 17 13  0  0
65 69  77224 136189540 2229300 38852024    0    0 1481760 890464 280340 954014 53 17 16 13  0  0
56 76  77224 136175736 2229300 38852048    0    0 1503600 895308 282300 971522 54 17 15 14  0  0
87 48  77224 136183356 2229300 38852064    0    0 1464064 883636 278145 950842 52 17 17 14  0  0
procs -----------memory---------- ---swap-- -----io---- -system-- -------cpu-------
 r  b   swpd   free   buff  cache   si   so    bi    bo   in   cs us sy id wa st gu
71 59  77224 136172856 2229300 38852104    0    0 1442976 870416 277392 938165 52 17 18 13  0  0
92 42  77224 136173516 2229300 38852132    0    0 1493872 889600 280784 957586 54 17 15 13  0  0
91 46  77224 136180048 2229300 38852156    0    0 1495968 893260 282834 963216 54 17 16 13  0  0
27 38  77224 136179032 2229300 38852192    0    0 1515888 913908 282732 965877 55 17 15 13  0  0
112 28  77224 136207508 2229300 38852216    0    0 1515856 891488 285332 983957 54 16 16 14  0  0
126 30  77224 136190360 2229300 38852224    0    0 1482640 904032 280554 958217 53 17 15 14  0  0
71 58  77224 136185528 2229300 38852256    0    0 1498496 907328 282787 970475 54 17 16 13  0  0
88 50  77224 136180276 2229300 38852268    0    0 1505328 894692 282477 968095 55 17 15 13  0  0
116 34  77224 136165128 2229300 38852316    0    0 1530896 895928 284511 977140 55 18 14 13  0  0
34 85  77224 136170460 2229300 38852340    0    0 1488592 909184 281170 963710 53 17 16 13  0  0
59 72  77224 136189016 2229300 38852348    0    0 1454864 871568 278550 950485 52 17 17 14  0  0
46 20  77224 136180084 2229300 38852380    0    0 1481696 867608 278884 955510 53 17 16 14  0  0
84 52  77224 136174300 2229300 38852404    0    0 1499040 908848 281729 968061 54 17 15 13  0  0
102 33  77224 136194192 2229300 38852424    0    0 1523536 891280 284394 980361 54 17 15 13  0  0
13 12  77224 136203644 2229300 38852448    0    0 1500496 911420 282044 961079 53 16 18 13  0  0
28 23  77224 136171884 2229300 38852476    0    0 1494320 890376 283592 970397 54 17 16 13  0  0
90 43  77224 136177248 2229300 38852488    0    0 1492480 880532 281219 960841 53 17 17 13  0  0
118 25  77224 136172756 2229300 38852532    0    0 1519680 901872 284272 971814 55 18 15 12  0  0
93 42  77224 136176012 2229300 38852572    0    0 1477248 891948 279923 952021 53 17 17 13  0  0
108 39  77224 136182048 2229300 38852576    0    0 1501792 902592 281601 964980 54 17 16 13  0  0
56 88  77224 136173700 2229300 38852612    0    0 1456672 893420 277484 941553 52 17 17 13  0  0
procs -----------memory---------- ---swap-- -----io---- -system-- -------cpu-------
 r  b   swpd   free   buff  cache   si   so    bi    bo   in   cs us sy id wa st gu
81 55  77224 136174648 2229300 38852624    0    0 1486512 872956 281557 953028 53 17 17 12  0  0
121 22  77224 136172272 2229300 38852656    0    0 1476576 879740 279914 948664 52 17 18 13  0  0
35 32  77224 136230828 2229300 38852688    0    0 1524464 932640 285705 984427 54 16 17 13  0  0
53 38  77224 136196184 2229300 38852700    0    0 1519840 903472 284121 977674 55 17 15 14  0  0
21 18  77224 136186996 2229300 38852716    0    0 1512416 887780 281682 961335 54 17 16 12  0  0
117 32  77224 136183076 2229300 38852752    0    0 1526224 891704 286361 976663 54 18 16 12  0  0
103 35  77224 136176184 2229300 38852772    0    0 1490608 898048 279832 955173 53 17 17 13  0  0
55 84  77224 136175600 2229300 38852812    0    0 1503808 921568 282913 970500 54 18 16 12  0  0
11 18  77224 136155820 2229300 38852844    0    0 1518384 889384 282814 973124 55 17 15 13  0  0
23 53  77224 136167608 2229300 38852864    0    0 1492528 904664 283395 970540 53 17 16 13  0  0
18 11  77224 136162576 2229300 38852900    0    0 1477184 886176 279616 951104 53 17 16 14  0  0
76 58  77224 136187972 2229300 38852916    0    0 1499392 893000 283627 973114 54 17 16 13  0  0
71 44  77224 136208464 2229300 38852948    0    0 1503712 916492 283595 975398 54 16 16 14  0  0
66 25  77224 136189692 2229300 38852964    0    0 1521088 900848 283756 969563 54 17 16 13  0  0
18 25  77224 136186880 2229300 38852996    0    0 1509888 886188 281827 965254 54 18 16 13  0  0
118 29  77224 136175804 2229300 38853012    0    0 1504992 904580 284047 971654 54 17 16 13  0  0
97 39  77224 136189200 2229300 38853044    0    0 1518096 898024 283463 971312 55 17 15 13  0  0
125 23  77224 136183392 2229300 38853064    0    0 1516272 900212 283417 971659 54 18 14 13  0  0
114 31  77224 136158060 2229300 38853096    0    0 1526464 922800 286686 985452 56 18 13 13  0  0
21 23  77224 136173132 2229300 38853124    0    0 1506656 908428 282709 965281 54 17 16 13  0  0
118 24  77224 136165044 2229300 38853140    0    0 1464400 862868 279004 947685 53 17 17 14  0  0
procs -----------memory---------- ---swap-- -----io---- -system-- -------cpu-------
 r  b   swpd   free   buff  cache   si   so    bi    bo   in   cs us sy id wa st gu
37 10  77224 136197064 2229300 38853160    0    0 1506224 912384 284670 974005 54 17 17 12  0  0
87 45  77224 136206272 2229300 38853180    0    0 1466912 901980 278554 947956 52 16 18 14  0  0
31 26  77224 136186200 2229300 38853200    0    0 1524640 916308 285056 972201 55 18 15 12  0  0
92 51  77224 136189188 2229300 38853228    0    0 1496160 884304 280678 948423 54 17 17 12  0  0
44 32  77224 136169784 2229300 38853248    0    0 1520080 912396 284574 966807 55 17 15 13  0  0
117 31  77224 136160288 2229300 38853280    0    0 1512144 921572 283715 966462 55 18 15 13  0  0
88 44  77224 136146920 2229300 38853312    0    0 1525728 914280 285374 976435 55 18 15 13  0  0
21 19  77224 136156404 2229300 38853324    0    0 1543984 927292 287094 985690 56 18 13 13  0  0
111 32  77224 136174628 2229300 38853352    0    0 1510992 882476 283428 962023 54 17 16 12  0  0
122 22  77224 136175852 2229300 38853388    0    0 1483808 904304 281415 964948 54 17 15 13  0  0
73 32  77224 136211852 2229300 38853396    0    0 1515520 923920 285668 986803 54 16 16 14  0  0
91 48  77224 136180104 2229300 38853428    0    0 1485648 881968 281519 953668 53 17 18 12  0  0
13 23  77224 136178688 2229300 38853452    0    0 1524496 905100 283178 974095 55 18 15 12  0  0
21 24  77224 136176148 2229300 38853468    0    0 1514160 899084 284137 972311 55 18 15 13  0  0
97 43  77224 136182992 2229300 38853504    0    0 1490784 898204 282138 958761 54 17 17 13  0  0
97 46  77224 136172216 2229300 38853524    0    0 1513040 909644 283977 971838 55 18 14 13  0  0
66 45  77224 136173568 2229300 38853552    0    0 1509328 907160 283244 961618 54 17 16 13  0  0
93 39  77224 136170904 2229300 38853576    0    0 1510320 900732 284078 968453 54 18 17 12  0  0
25 17  77224 136177492 2229300 38853592    0    0 1517136 920404 285529 977454 55 18 14 14  0  0
40 72  77224 136187768 2229300 38853624    0    0 1468608 880144 279911 955326 52 17 18 14  0  0
96 48  77224 136200268 2229300 38853644    0    0 1514832 901828 285023 983798 54 16 16 14  0  0
procs -----------memory---------- ---swap-- -----io---- -system-- -------cpu-------
 r  b   swpd   free   buff  cache   si   so    bi    bo   in   cs us sy id wa st gu
39 95  77224 136179724 2229300 38853664    0    0 1518192 920688 285828 978068 55 18 15 13  0  0
24 28  77224 136184656 2229300 38853700    0    0 1504304 894456 282891 969540 54 18 15 13  0  0
90 51  77224 136183328 2229300 38853720    0    0 1510736 903492 284207 970793 53 17 16 13  0  0
73 67  77224 136162988 2229300 38853756    0    0 1517872 913480 283444 979046 55 18 14 13  0  0
48 85  77224 136147252 2229300 38853776    0    0 1540688 915112 286934 989362 56 18 13 13  0  0
111 36  77224 136157124 2229300 38853796    0    0 1530960 901000 284704 974717 55 18 14 13  0  0
108 29  77224 136159152 2229300 38853832    0    0 1511136 903100 284150 974160 54 17 16 13  0  0
105 34  77224 136161212 2229300 38853860    0    0 1517520 906708 283930 964643 55 18 15 12  0  0
100 42  77224 136216440 2229300 38853880    0    0 1483520 899944 282118 958563 52 16 18 13  0  0
67 49  77224 136187920 2229300 38853908    0    0 1504368 917020 285122 967489 54 16 17 12  0  0
105 36  77224 136185456 2229300 38853940    0    0 1530144 898336 284719 971493 55 17 17 11  0  0
114 26  77224 136176852 2229300 38853948    0    0 1495744 900424 283489 965929 54 17 16 13  0  0
66 23  77224 136147076 2229300 38853988    0    0 1523408 915960 286426 975096 55 18 15 13  0  0
89 55  77224 136153232 2229300 38854020    0    0 1504944 922812 283184 967205 54 17 16 13  0  0
67 77  77224 136169668 2229300 38854024    0    0 1527376 920296 285987 980676 55 18 15 12  0  0
109 39  77224 136172212 2229300 38854060    0    0 1541728 909328 287632 975451 56 18 15 12  0  0
77 51  77224 136165516 2229300 38854076    0    0 1523728 908552 285245 973376 54 18 15 13  0  0
56 87  77224 136178644 2229300 38854104    0    0 1522224 920240 286547 967096 55 18 16 12  0  0
14 26  77224 136228560 2229300 38854128    0    0 1501264 886912 282553 971553 54 16 16 14  0  0
40 17  77224 136199356 2229300 38854140    0    0 1495088 911232 283288 967998 54 17 17 13  0  0
110 35  77224 136180644 2229300 38854172    0    0 1511936 880864 282206 962128 54 17 16 12  0  0
procs -----------memory---------- ---swap-- -----io---- -system-- -------cpu-------
 r  b   swpd   free   buff  cache   si   so    bi    bo   in   cs us sy id wa st gu
68 73  77224 136174396 2229300 38854196    0    0 1500656 926952 283050 965411 54 17 16 13  0  0
85 49  77224 136164248 2229300 38854212    0    0 1482768 880452 280150 956783 53 17 16 14  0  0
79 51  77224 136169432 2229300 38854260    0    0 1501424 890204 283014 964922 54 17 15 13  0  0
41 44  77224 136162020 2229300 38854284    0    0 1523248 916764 283740 977545 56 18 13 13  0  0
40 35  77224 136176036 2229300 38854316    0    0 1509136 903032 283143 967275 54 18 15 12  0  0
115 31  77224 136153440 2229300 38854340    0    0 1515008 888456 282920 965528 54 18 16 12  0  0
102 42  77224 136159016 2229300 38854348    0    0 1505632 905364 283226 963719 53 17 16 13  0  0
28 11  77224 136192460 2229300 38854384    0    0 1506304 915420 284299 986439 53 16 16 15  0  0
66 63  77224 136175984 2229300 38854396    0    0 1496768 894884 281448 963401 54 17 15 14  0  0
117 24  77224 136162544 2229300 38854416    0    0 1520288 887016 284282 967411 55 17 15 13  0  0
45 57  77224 136136640 2229300 38854500    0    0 1506032 929604 284598 968828 55 18 15 13  0  0
19 10  77224 136157844 2229300 38854532    0    0 1518368 903304 284233 970373 55 18 15 13  0  0
71 63  77224 136175888 2229300 38854548    0    0 1488128 893748 282740 962416 54 17 16 13  0  0
43 14  77224 136154896 2229300 38854588    0    0 1511552 909644 283048 968033 54 18 15 13  0  0
87 51  77224 136168584 2229300 38854604    0    0 1511744 902012 283972 966956 54 17 16 12  0  0
59 68  77224 136174512 2229300 38854632    0    0 1523184 918020 285491 973546 55 18 15 12  0  0
93 41  77224 136194268 2229300 38854648    0    0 1522416 904144 285242 985373 55 17 16 13  0  0
99 33  77224 136190552 2229300 38854668    0    0 1511184 890200 283610 971848 53 16 17 13  0  0
110 35  77224 136174904 2229300 38854696    0    0 1472448 901536 279980 952228 53 17 16 14  0  0
65 69  77224 136182268 2229300 38854724    0    0 1512000 921724 284452 970522 54 18 16 13  0  0
29 34  77224 136175156 2229300 38854748    0    0 1520320 901776 284779 976310 54 18 16 12  0  0
procs -----------memory---------- ---swap-- -----io---- -system-- -------cpu-------
 r  b   swpd   free   buff  cache   si   so    bi    bo   in   cs us sy id wa st gu
112 29  77224 136164660 2229300 38854768    0    0 1508960 901344 282770 969302 54 17 15 14  0  0
30 31  77224 136162484 2229300 38854784    0    0 1469968 876060 278805 959231 53 17 15 15  0  0
26 17  77224 136161872 2229300 38854812    0    0 1481120 901916 280350 955064 53 17 16 14  0  0
94 44  77224 136163172 2229300 38854848    0    0 1518976 891528 284788 959635 55 17 17 11  0  0
108 29  77224 136162892 2229300 38854876    0    0 1544208 943860 287823 965755 55 18 15 11  0  0
35 44  77224 136191776 2229300 38854888    0    0 1544000 934860 287892 982590 55 17 15 13  0  0
94 47  77224 136179220 2229300 38854920    0    0 1546832 923204 289267 988308 56 17 14 13  0  0
49 53  77224 136186256 2229300 38854940    0    0 1472096 889244 280114 938653 53 17 17 13  0  0
58 13  77224 136174848 2229300 38854972    0    0 1542464 896356 287204 974425 56 18 14 12  0  0
113 29  77224 136163124 2229300 38854996    0    0 1531664 922140 286897 965533 55 18 16 12  0  0
50 87  77224 136158936 2229300 38855016    0    0 1534464 942468 286311 973093 55 18 14 13  0  0
67 16  77224 136147504 2229300 38855048    0    0 1510576 880584 282678 956862 54 17 16 12  0  0
34 20  77224 136163276 2229300 38855080    0    0 1500960 923700 282806 958099 54 17 16 13  0  0
120 27  77224 136171384 2229300 38855092    0    0 1496080 890484 284763 957051 54 17 17 12  0  0
54 54  77224 136174440 2229300 38855124    0    0 1519728 918968 285445 974379 55 18 14 14  0  0
94 40  77224 136212912 2229300 38855140    0    0 1508496 908688 285044 970233 54 16 16 14  0  0
123 31  77224 136184344 2229300 38855156    0    0 1498944 896780 283618 959165 54 17 16 13  0  0
94 44  77224 136163160 2229300 38855192    0    0 1494464 889660 282129 963619 54 18 14 14  0  0
14 20  77224 136155708 2229300 38855212    0    0 1506784 905880 283572 958344 54 18 16 13  0  0
65 65  77224 136147664 2229300 38855236    0    0 1523360 916768 286938 973122 55 18 16 12  0  0
99 36  77224 136158704 2229300 38855272    0    0 1534864 922064 285395 978400 55 18 14 13  0  0
procs -----------memory---------- ---swap-- -----io---- -system-- -------cpu-------
 r  b   swpd   free   buff  cache   si   so    bi    bo   in   cs us sy id wa st gu
34 16  77224 136164552 2229300 38855284    0    0 1489744 893656 282318 956911 54 17 16 13  0  0
85 51  77224 136179100 2229300 38855316    0    0 1481664 893512 282589 958042 53 17 17 13  0  0
36 33  77224 136171936 2229300 38855344    0    0 1501008 899896 283458 952462 54 17 16 12  0  0
83 50  77224 136192044 2229300 38855352    0    0 1534608 905084 286845 985713 55 17 14 13  0  0
18 33  77224 136193236 2229300 38855380    0    0 1524640 922144 287158 984916 55 16 15 13  0  0
80 56  77224 136172912 2229300 38855408    0    0 1519104 901464 284780 981567 55 18 14 14  0  0
26 28  77224 136166196 2229300 38855424    0    0 1481776 899996 280268 946065 53 17 18 12  0  0
118 28  77224 136174488 2229300 38855456    0    0 1507952 892392 283992 958763 54 17 16 12  0  0
29 18  77224 136169080 2229300 38855484    0    0 1537808 939396 287317 979802 55 18 14 13  0  0
37 54  77224 136169232 2229300 38855508    0    0 1522640 907176 285419 968830 55 18 15 12  0  0
107 34  77224 136164400 2229300 38855536    0    0 1499360 877956 283136 948028 54 17 17 12  0  0
18 20  77224 136175988 2229300 38855548    0    0 1502096 917604 282002 961746 54 18 15 13  0  0
92 44  77224 136156544 2229300 38855584    0    0 1532016 908232 288024 977731 55 18 15 12  0  0
40 15  77224 136210600 2229300 38855612    0    0 1533792 910912 285248 973503 55 17 16 12  0  0
67 15  77224 136187952 2229300 38855628    0    0 1533296 909864 287425 977392 55 17 16 12  0  0
99 40  77224 136174528 2229300 38855660    0    0 1518384 906380 286230 971989 55 18 15 12  0  0
100 38  77224 136171248 2229300 38855684    0    0 1458784 898168 280036 947535 52 17 17 14  0  0
24 18  77224 136149940 2229300 38855704    0    0 1517184 903464 284419 960509 55 17 15 12  0  0
109 32  77224 136148572 2229300 38855724    0    0 1518016 884552 284474 962997 54 17 17 12  0  0
31 23  77224 136153120 2229300 38855752    0    0 1511904 928156 284772 960687 54 18 17 11  0  0
95 42  77224 136155272 2229300 38855772    0    0 1511536 898664 285816 961594 53 18 16 13  0  0
procs -----------memory---------- ---swap-- -----io---- -system-- -------cpu-------
 r  b   swpd   free   buff  cache   si   so    bi    bo   in   cs us sy id wa st gu
82 40  77224 136163520 2229300 38855800    0    0 1510384 904572 283956 962909 55 18 16 12  0  0
35 23  77224 136143356 2229300 38855828    0    0 1509184 917064 284548 961560 54 17 16 12  0  0
108 36  77224 136205040 2229300 38855844    0    0 1538592 908272 287665 981901 54 17 16 13  0  0
102 41  77224 136182172 2229300 38855868    0    0 1511248 926824 285151 957518 54 17 18 11  0  0
76 62  77224 136175376 2229300 38855900    0    0 1512176 919076 286570 970044 55 18 15 13  0  0
103 40  77224 136170868 2229300 38855928    0    0 1473264 864356 279915 947215 52 17 18 13  0  0
58 78  77224 136145756 2229304 38855944    0    0 1508624 923252 285730 961630 54 18 16 12  0  0
52 24  77224 136160704 2229304 38855968    0    0 1522304 898856 284672 955662 55 18 15 12  0  0
22 13  77224 136165132 2229304 38856012    0    0 1550768 925480 287708 975659 56 18 14 12  0  0
29 15  77224 136154028 2229304 38856032    0    0 1549520 916184 288348 980064 56 18 13 12  0  0
51 86  77224 136158484 2229304 38856060    0    0 1527376 918792 287317 975616 55 18 14 13  0  0
99 39  77224 136174892 2229304 38856076    0    0 1534416 899612 286218 971595 55 18 16 12  0  0
27 14  77224 136206336 2229304 38856088    0    0 1552624 918588 288369 987569 56 16 15 12  0  0
18 22  77224 136171124 2229304 38856112    0    0 1525008 918608 285800 957052 55 18 16 11  0  0
31 33  77224 136160980 2229304 38856144    0    0 1517584 916472 282725 953408 54 18 16 12  0  0
105 36  77224 136156512 2229304 38856160    0    0 1485232 881804 281474 947827 54 17 17 13  0  0
31 32  77224 136153024 2229304 38856180    0    0 1525488 922468 286508 967409 55 18 15 12  0  0
40 26  77224 136150364 2229304 38856216    0    0 1522032 918296 286216 965477 55 18 15 12  0  0
96 42  77224 136146708 2229304 38856232    0    0 1550880 911272 288671 975578 56 18 15 12  0  0
116 29  77224 136159484 2229304 38856260    0    0 1550576 915928 287553 975512 56 18 14 12  0  0
28 16  77224 136153988 2229304 38856300    0    0 1528176 922404 286093 970795 55 18 15 12  0  0
procs -----------memory---------- ---swap-- -----io---- -system-- -------cpu-------
 r  b   swpd   free   buff  cache   si   so    bi    bo   in   cs us sy id wa st gu
106 33  77224 136182220 2229304 38856320    0    0 1516240 901196 286112 970410 54 17 16 12  0  0
111 37  77224 136193364 2229304 38856336    0    0 1519520 921564 285700 969353 54 17 17 13  0  0
111 23  77224 136178816 2229304 38856364    0    0 1542400 902300 286856 977342 55 18 14 12  0  0
125 26  77224 136163016 2229304 38856376    0    0 1502992 910404 282479 954522 54 17 16 13  0  0
36 78  77224 136176004 2229304 38856412    0    0 1485984 903644 282441 952445 53 17 16 13  0  0
51 70  77224 136168564 2229304 38856420    0    0 1487888 889576 283725 951618 53 17 17 12  0  0
77 39  77224 136171880 2229304 38856448    0    0 1512784 910668 285201 964410 55 18 15 13  0  0
113 30  77224 136157704 2229304 38856484    0    0 1552112 896916 287137 980097 56 18 14 12  0  0
16 24  77224 136142704 2229304 38856504    0    0 1526224 934472 286383 968771 55 18 15 12  0  0
112 29  77224 136150752 2229304 38856536    0    0 1515888 891868 285630 965721 54 18 15 13  0  0
92 46  77224 136199772 2229304 38856560    0    0 1515360 919716 285775 974912 54 17 16 13  0  0
112 34  77224 136184488 2229304 38856572    0    0 1532240 904604 285464 974992 55 17 15 13  0  0
20 33  77224 136164796 2229304 38856600    0    0 1518624 921388 283962 962922 54 18 17 12  0  0
24 19  77224 136153748 2229304 38856628    0    0 1526416 915176 285135 961959 55 18 16 12  0  0
102 35  77224 136161212 2229304 38856644    0    0 1541616 906516 288716 985576 56 18 14 13  0  0
25 22  77224 136165560 2229304 38856684    0    0 1483824 901860 280628 950351 53 17 17 13  0  0
87 46  77224 136155940 2229304 38856696    0    0 1494512 900144 282607 955630 53 17 16 13  0  0
36 25  77224 136155516 2229304 38856728    0    0 1539424 901616 286235 974843 56 18 14 12  0  0
95 38  77224 136166464 2229304 38856756    0    0 1516176 915484 284726 967840 55 17 15 13  0  0
98 33  77224 136178160 2229304 38856784    0    0 1499424 913392 283699 960214 54 17 16 13  0  0
113  5  77224 136224564 2229304 38856816    0    0 1550448 898312 286112 989754 55 16 15 13  0  0
procs -----------memory---------- ---swap-- -----io---- -system-- -------cpu-------
 r  b   swpd   free   buff  cache   si   so    bi    bo   in   cs us sy id wa st gu
102 39  77224 136176852 2229308 38856840    0    0 1506032 919088 283115 962090 55 17 16 13  0  0
40 92  77224 136179932 2229308 38856860    0    0 1522288 912760 285174 965605 55 18 15 12  0  0
100 38  77224 136176560 2229308 38856900    0    0 1522752 897756 285874 969530 54 18 16 12  0  0
26 34  77224 136167084 2229308 38856920    0    0 1520752 918224 284569 970844 55 18 15 13  0  0
110 31  77224 136165348 2229308 38856948    0    0 1492048 896160 283521 956595 54 17 16 13  0  0
102 38  77224 136170812 2229308 38856964    0    0 1515072 901732 284666 958455 54 17 16 12  0  0
16 24  77224 136153368 2229308 38856988    0    0 1526368 917300 285657 968972 56 18 14 12  0  0
93 46  77224 136154300 2229308 38857008    0    0 1533408 901096 286073 963019 55 18 16 12  0  0
112 30  77224 136168044 2229308 38857036    0    0 1509072 909164 284849 966719 54 17 17 12  0  0
92 32  77224 136202972 2229308 38857056    0    0 1534496 941372 287031 983743 55 16 16 13  0  0
83 50  77224 136173164 2229308 38857080    0    0 1524688 904828 285076 964828 55 18 16 12  0  0
123 23  77224 136154852 2229308 38857100    0    0 1541680 887904 287575 975912 56 18 15 12  0  0
105 37  77224 136152656 2229308 38857132    0    0 1518224 922408 285771 966918 55 17 15 12  0  0
110  6  77224 136166392 2229308 38857160    0    0 1526336 904988 285568 970834 55 18 15 12  0  0
103 33  77224 136158192 2229308 38857180    0    0 1482912 894588 282784 958516 53 17 16 13  0  0
21 28  77224 136159436 2229308 38857208    0    0 1512192 929672 285040 966991 55 18 15 12  0  0
53 24  77224 136170056 2229308 38857232    0    0 1546288 889380 288992 975145 55 18 16 11  0  0
12 12  77224 136160064 2229308 38857256    0    0 1517392 936040 286661 964408 55 18 16 11  0  0
35 41  77224 136183644 2229308 38857280    0    0 1553312 921600 289729 990891 56 17 14 13  0  0
123 25  77224 136183632 2229308 38857300    0    0 1537472 905544 287486 980478 55 17 15 13  0  0
81 44  77224 136178120 2229308 38857324    0    0 1528112 932396 287279 973135 56 18 14 13  0  0
procs -----------memory---------- ---swap-- -----io---- -system-- -------cpu-------
 r  b   swpd   free   buff  cache   si   so    bi    bo   in   cs us sy id wa st gu
30 30  77224 136164660 2229308 38857352    0    0 1515968 909668 283510 958709 55 18 15 12  0  0
73 10  77224 136165264 2229308 38857376    0    0 1521440 878868 283734 956520 54 17 17 12  0  0
95 43  77224 136159484 2229308 38857408    0    0 1516672 925168 284712 965153 55 18 15 12  0  0
111 23  77224 136176484 2229308 38857428    0    0 1469008 874492 280316 946349 52 17 17 14  0  0
30 26  77224 136161444 2229308 38857452    0    0 1503984 927516 284265 959500 54 18 16 12  0  0
29 14  77224 136167968 2229308 38857480    0    0 1558592 910076 288232 982068 56 18 14 12  0  0
87 50  77224 136176536 2229308 38857504    0    0 1544400 932092 289566 971817 55 18 15 12  0  0
113 20  77224 136219820 2229308 38857520    0    0 1546016 922808 286637 977624 55 17 15 13  0  0
93 45  77224 136191556 2229308 38857544    0    0 1531024 918688 286823 972654 55 17 15 12  0  0
115 27  77224 136167836 2229308 38857584    0    0 1548720 910140 287785 974065 56 18 15 11  0  0
110 34  77224 136153900 2229308 38857616    0    0 1523040 912200 284539 966320 55 18 15 12  0  0
106 34  77224 136154660 2229308 38857632    0    0 1526080 922240 285700 968272 55 18 16 11  0  0
31 23  77224 136168676 2229308 38857652    0    0 1527600 931072 287686 972225 54 18 16 12  0  0
121 25  77224 136162460 2229308 38857676    0    0 1489824 867088 281012 946187 54 17 16 13  0  0
101 35  77224 136168260 2229312 38857712    0    0 1534464 939380 289122 979691 56 18 14 12  0  0
20 17  77224 136148872 2229312 38857736    0    0 1542896 921372 284967 972895 56 18 14 12  0  0
26 23  77224 136128208 2229312 38857764    0    0 1554640 925792 288740 980273 56 18 13 12  0  0
86 54  77224 136196188 2229312 38857792    0    0 1536640 932136 289265 985464 54 16 16 14  0  0
56 44  77224 136179756 2229312 38857812    0    0 1501904 892200 281812 956896 54 17 17 13  0  0
94 41  77224 136192176 2229312 38857848    0    0 1516720 880676 283225 957037 54 17 16 12  0  0
17 28  77224 136161372 2229312 38857872    0    0 1498992 911208 282246 957107 54 17 17 12  0  0
procs -----------memory---------- ---swap-- -----io---- -system-- -------cpu-------
 r  b   swpd   free   buff  cache   si   so    bi    bo   in   cs us sy id wa st gu
112 32  77224 136163352 2229312 38857892    0    0 1504128 879888 281615 964134 54 17 15 13  0  0
30 31  77224 136158044 2229312 38857916    0    0 1503920 905548 281012 961041 54 17 15 13  0  0
108 32  77224 136152060 2229312 38857932    0    0 1462336 881664 278088 954785 53 17 15 15  0  0
103 35  77224 136150040 2229312 38857968    0    0 1505024 886040 281438 966380 54 17 15 13  0  0
128 23  77224 136156292 2229312 38857996    0    0 1491088 905844 282005 962936 55 17 14 14  0  0
16 25  77224 136174688 2229312 38858020    0    0 1519408 899640 283878 974184 54 17 16 12  0  0
102 45  77224 136201932 2229312 38858036    0    0 1502576 899772 281876 967212 53 16 17 14  0  0
101 40  77224 136186684 2229312 38858060    0    0 1490272 895776 280316 954592 53 17 17 13  0  0
87 44  77224 136168780 2229312 38858088    0    0 1501648 890012 281995 959806 54 17 16 13  0  0
89 49  77224 136159820 2229312 38858116    0    0 1489280 903444 281202 953952 54 17 16 13  0  0
19 19  77224 136169708 2229312 38858140    0    0 1471200 882872 278643 953803 53 17 15 14  0  0
10 15  77224 136147720 2229312 38858164    0    0 1480224 881236 279483 956211 53 17 17 13  0  0
25 27  77224 136146616 2229312 38858192    0    0 1463568 880612 277695 946041 52 17 17 14  0  0
73 57  77224 136168244 2229312 38858224    0    0 1492144 892996 281014 966216 54 17 15 14  0  0
115 33  77224 136160484 2229312 38858244    0    0 1515728 881636 281895 968283 54 18 15 13  0  0
24 42  77224 136179464 2229312 38858272    0    0 1492576 917368 280371 959208 53 16 16 14  0  0
81 52  77224 136175392 2229312 38858292    0    0 1519248 902764 282866 970530 54 17 16 13  0  0
58 36  77224 136160400 2229312 38858312    0    0 1483184 898464 280657 955499 53 17 16 13  0  0
23 103  77224 136159152 2229312 38858336    0    0 1500224 905692 283629 961286 54 17 16 13  0  0
112 31  77224 136155008 2229312 38858364    0    0 1504704 897680 282423 965709 54 17 15 13  0  0
115 23  77224 136163592 2229312 38858388    0    0 1508880 877924 282033 961225 54 17 16 12  0  0
procs -----------memory---------- ---swap-- -----io---- -system-- -------cpu-------
 r  b   swpd   free   buff  cache   si   so    bi    bo   in   cs us sy id wa st gu
85 48  77224 136169616 2229312 38858412    0    0 1476336 894836 280632 960391 53 17 17 13  0  0
58 75  77224 136159440 2229312 38858436    0    0 1467376 901984 278727 947293 53 17 18 13  0  0
13 14  77224 136159324 2229312 38858464    0    0 1483376 872188 279340 952558 53 17 16 13  0  0
81 16  77224 136166304 2229312 38858492    0    0 1502912 880128 281437 962129 54 17 15 14  0  0
20 22  77224 136226520 2229312 38858512    0    0 1516896 910524 284350 986673 54 16 15 15  0  0
109 30  77224 136180336 2229312 38858532    0    0 1489712 873216 279710 957702 53 17 17 13  0  0
77 62  77224 136174312 2229312 38858556    0    0 1478560 911084 281773 962563 53 18 16 14  0  0
107 38  77224 136168724 2229312 38858584    0    0 1517200 889492 284597 971040 55 17 15 13  0  0
102 36  77224 136160272 2229312 38858608    0    0 1500816 902980 283757 968170 55 18 16 12  0  0
110 36  77224 136163656 2229312 38858628    0    0 1495888 902068 281125 957678 54 17 16 13  0  0
20 18  77224 136154164 2229312 38858656    0    0 1494880 894692 279760 958996 54 17 15 14  0  0
49 29  77224 136151824 2229312 38858684    0    0 1487920 894536 280983 954850 53 17 17 12  0  0
21 14  77224 136145476 2229312 38858708    0    0 1470240 862620 292972 948178 53 17 16 14  0  0
75 59  77224 136167616 2229312 38858736    0    0 1502480 887304 282116 964195 53 17 17 13  0  0
57 70  77224 136202968 2229312 38858752    0    0 1527328 915192 284037 983912 55 17 15 13  0  0
90 54  77224 136177116 2229312 38858780    0    0 1523872 893424 282330 966446 55 17 15 13  0  0
33 22  77224 136160600 2229312 38858800    0    0 1508704 907088 283327 966737 54 17 15 13  0  0
122 29  77224 136151052 2229312 38858832    0    0 1510096 893068 283989 973851 55 17 15 13  0  0
19 17  77224 136150028 2229312 38858864    0    0 1512880 912996 284340 964637 55 17 16 12  0  0
94 47  77224 136168260 2229312 38858884    0    0 1520208 895820 284003 962171 54 18 16 12  0  0
40 26  77224 136165192 2229312 38858904    0    0 1520992 901228 284555 969060 55 18 15 12  0  0
procs -----------memory---------- ---swap-- -----io---- -system-- -------cpu-------
 r  b   swpd   free   buff  cache   si   so    bi    bo   in   cs us sy id wa st gu
30 24  77224 136155224 2229312 38858928    0    0 1458640 890956 279094 947667 53 17 16 14  0  0
50 75  77224 136170752 2229312 38858956    0    0 1448336 876732 277110 940570 52 17 17 14  0  0
61 74  77224 136190660 2229312 38858980    0    0 1507840 893812 282395 973852 53 17 15 15  0  0
96 47  77224 136188460 2229312 38859000    0    0 1502144 896444 282157 966720 53 16 17 13  0  0
102 40  77224 136169592 2229312 38859032    0    0 1514368 886816 282453 966362 55 17 16 12  0  0
43 60  77224 136155296 2229312 38859060    0    0 1487360 913312 280199 958804 54 17 16 13  0  0
116 37  77224 136158144 2229312 38859076    0    0 1481040 874244 280682 952921 52 17 18 13  0  0
21 23  77224 136174060 2229312 38859108    0    0 1502928 921096 283180 966514 54 17 15 13  0  0
101 37  77224 136174040 2229312 38859140    0    0 1504896 895304 282223 959403 54 17 16 13  0  0
35 28  77224 136149288 2229312 38859160    0    0 1531328 907160 282475 971592 54 18 15 13  0  0
85 54  77224 136140756 2229312 38859184    0    0 1466512 877108 278883 947236 53 17 17 13  0  0
100 37  77224 136170924 2229312 38859212    0    0 1464288 883480 280184 948292 53 17 17 13  0  0
102 40  77224 136228904 2229312 38859224    0    0 1523472 903352 286101 971497 54 16 17 12  0  0
49 61  77224 136174336 2229312 38859252    0    0 1527408 921856 286446 977375 56 18 14 13  0  0
115 27  77224 136164988 2229312 38859276    0    0 1547040 906516 287601 975105 56 18 15 12  0  0
98 39  77224 136168876 2229312 38859300    0    0 1529824 901108 285498 971028 55 18 15 12  0  0
109 31  77224 136160332 2229312 38859324    0    0 1486064 886960 280288 952096 53 17 17 13  0  0
99 36  77224 136168204 2229312 38859348    0    0 1503520 915052 283487 952973 54 17 16 12  0  0
104 30  77224 136165988 2229312 38859380    0    0 1531552 887212 284579 967133 55 18 15 12  0  0
101 41  77224 136144076 2229312 38859404    0    0 1503056 922732 284599 961435 54 17 16 12  0  0
108 36  77224 136162272 2229312 38859428    0    0 1514336 887604 282406 959593 55 17 16 12  0  0
procs -----------memory---------- ---swap-- -----io---- -system-- -------cpu-------
 r  b   swpd   free   buff  cache   si   so    bi    bo   in   cs us sy id wa st gu
104 38  77224 136155632 2229312 38859452    0    0 1493840 902340 282134 953603 53 17 17 13  0  0
90 41  77224 136203128 2229312 38859472    0    0 1523376 913416 285596 981253 55 16 14 14  0  0
51 79  77224 136162272 2229312 38859496    0    0 1517408 919044 285157 961123 55 18 16 12  0  0
105 35  77224 136161532 2229312 38859524    0    0 1559888 900656 287694 973600 56 18 14 11  0  0
44 90  77224 136172056 2229312 38859540    0    0 1518160 940776 286490 960924 55 17 16 12  0  0
25 14  77224 136175268 2229312 38859564    0    0 1518832 900964 283276 965385 55 17 15 12  0  0
103 41  77224 136158872 2229312 38859600    0    0 1540608 917776 287625 984640 56 18 14 12  0  0
41 18  77224 136138168 2229312 38859620    0    0 1546672 917396 287368 971319 56 18 15 11  0  0
27 20  77224 136159972 2229312 38859644    0    0 1534336 908312 287140 977571 55 18 14 12  0  0
99 34  77224 136152812 2229312 38859668    0    0 1552848 899156 286627 987652 56 18 13 13  0  0
60 78  77224 136182232 2229312 38859692    0    0 1491840 913604 282606 967232 53 17 15 14  0  0
80 27  77224 136194804 2229312 38859712    0    0 1455664 866324 277546 960583 52 16 17 16  0  0
102 33  77224 136168664 2229312 38859748    0    0 1499824 889656 282730 973492 54 17 15 13  0  0
115 32  77224 136167556 2229312 38859772    0    0 1502784 885172 282407 971602 55 17 16 13  0  0
26 32  77224 136157840 2229312 38859796    0    0 1514128 905632 282346 966584 54 18 16 12  0  0
54 34  77224 136150560 2229312 38859824    0    0 1480704 889108 279675 958660 54 17 15 14  0  0
57 80  77224 136156660 2229312 38859848    0    0 1469184 880108 278318 948843 52 17 17 13  0  0
32 67  77224 136160184 2229312 38859872    0    0 1504144 897336 282652 967391 54 18 16 13  0  0
80 54  77224 136169908 2229312 38859892    0    0 1497584 877012 282065 964536 55 18 15 13  0  0
43 30  77224 136164888 2229312 38859916    0    0 1503872 920260 284567 973133 54 17 16 13  0  0
107 32  77224 136195424 2229312 38859948    0    0 1507776 886400 283321 976165 53 16 16 14  0  0
procs -----------memory---------- ---swap-- -----io---- -system-- -------cpu-------
 r  b   swpd   free   buff  cache   si   so    bi    bo   in   cs us sy id wa st gu
30 100  77224 136196244 2229312 38859964    0    0 1430336 878596 275828 937997 51 16 17 15  0  0
86 57  77224 136176732 2229312 38859992    0    0 1473664 883536 282019 963049 53 17 15 14  0  0
74 62  77224 136164392 2229312 38860016    0    0 1517232 900348 284934 978962 55 18 14 13  0  0
21 31  77224 136149804 2229312 38860032    0    0 1516368 896028 282607 962545 55 18 16 12  0  0
127 22  77224 136140172 2229312 38860060    0    0 1499920 894812 282868 963788 54 17 16 13  0  0
52 56  77224 136151624 2229312 38860088    0    0 1488080 903728 282457 968406 54 17 15 14  0  0
94 41  77224 136169816 2229312 38860116    0    0 1507536 888208 283132 970949 54 17 15 13  0  0
105 36  77224 136161792 2229312 38860140    0    0 1504880 890804 283515 961599 54 18 15 13  0  0
100 36  77224 136165132 2229312 38860164    0    0 1512560 895988 284041 966696 54 17 16 12  0  0
124 18  77224 136225132 2229312 38860180    0    0 1510784 896796 283309 974792 54 16 18 13  0  0
62 55  77224 136185796 2229312 38860200    0    0 1455408 899860 279244 950931 53 17 16 14  0  0
62 71  77224 136169584 2229312 38860224    0    0 1452352 866644 277065 944777 52 17 16 15  0  0
95 42  77224 136160464 2229312 38860256    0    0 1493808 876776 283351 969614 54 17 16 13  0  0
35 92  77224 136153020 2229312 38860288    0    0 1487456 906600 282616 965545 54 17 15 13  0  0
89 49  77224 136168228 2229312 38860312    0    0 1502784 884116 283628 967448 54 17 16 12  0  0
51 37  77224 136155648 2229312 38860340    0    0 1483616 884224 280577 959735 54 17 15 14  0  0
32 24  77224 136156128 2229312 38860368    0    0 1478064 886916 280808 954121 53 17 17 13  0  0
49 51  77224 136151220 2229312 38860396    0    0 1484640 896208 280902 962432 53 17 17 13  0  0
13 15  77224 136165536 2229312 38860420    0    0 1494896 895592 282476 962162 54 17 17 13  0  0
16 79  77224 136187652 2229312 38860436    0    0 1499120 890348 281683 963342 53 16 18 13  0  0
19 20  77224 136180212 2229312 38860464    0    0 1453120 883804 277688 944153 53 17 17 13  0  0
procs -----------memory---------- ---swap-- -----io---- -system-- -------cpu-------
 r  b   swpd   free   buff  cache   si   so    bi    bo   in   cs us sy id wa st gu
27 25  77224 136162132 2229312 38860488    0    0 1491152 882460 280716 958755 54 17 16 13  0  0
46 71  77224 136157632 2229312 38860512    0    0 1423888 867752 275295 935505 51 16 19 14  0  0
17 48  77224 136152724 2229312 38860540    0    0 1511296 882884 281733 968901 55 18 15 13  0  0
35 82  77224 136160576 2229312 38860568    0    0 1510768 908760 283808 975886 54 17 16 13  0  0
13 105  77224 136150956 2229312 38860592    0    0 1508320 872408 281908 969066 54 17 16 13  0  0
30 113  77224 136152032 2229312 38860616    0    0 1494304 895740 282682 966872 54 17 16 13  0  0
31 89  77224 136154764 2229312 38860644    0    0 1508384 893236 283674 969429 55 18 15 13  0  0
14 77  77224 136195640 2229312 38860676    0    0 1513440 884844 282232 974593 54 16 17 13  0  0
27 107  77224 136183000 2229312 38860688    0    0 1500848 890632 281726 963007 54 17 16 13  0  0
26 92  77224 136181148 2229312 38860716    0    0 1493152 890056 281254 960870 54 17 15 13  0  0
63 22  77224 136161568 2229312 38860740    0    0 1471936 876776 279935 955828 53 17 16 14  0  0
67 74  77224 136162104 2229312 38860772    0    0 1440592 857680 275941 931471 52 17 17 14  0  0
27 91  77224 136159184 2229312 38860796    0    0 1454832 891036 279574 948214 52 17 17 13  0  0
11 87  77224 136148932 2229312 38860820    0    0 1484912 886212 281252 959200 53 17 17 13  0  0
47 32  77224 136158884 2229312 38860844    0    0 1517280 875084 281590 962287 54 17 16 12  0  0
42 46  77224 136145840 2229312 38860864    0    0 1498320 882792 282637 965955 54 17 16 13  0  0
38 31  77224 136156964 2229312 38860888    0    0 1499584 891448 283079 978173 53 17 16 14  0  0
53 78  77224 136215868 2229312 38860912    0    0 1497136 902976 282676 973320 53 16 17 14  0  0
97 24  77224 136187608 2229312 38860928    0    0 1482640 875172 280346 952575 53 17 17 12  0  0
60 45  77224 136170280 2229312 38860960    0    0 1502240 904600 283098 968468 54 18 15 13  0  0
15 11  77224 136170684 2229312 38860984    0    0 1470256 871860 279183 949660 53 17 18 13  0  0
procs -----------memory---------- ---swap-- -----io---- -system-- -------cpu-------
 r  b   swpd   free   buff  cache   si   so    bi    bo   in   cs us sy id wa st gu
32 29  77224 136163248 2229312 38861012    0    0 1474304 882128 280387 947334 53 17 16 13  0  0
41 86  77224 136171712 2229312 38861036    0    0 1440272 850556 277252 937297 52 17 18 14  0  0
23 47  77224 136152740 2229312 38861064    0    0 1495632 888116 281904 961356 54 17 16 13  0  0
29 51  77224 136151732 2229312 38861088    0    0 1490784 897668 280594 959956 54 17 15 13  0  0
59 77  77224 136164928 2229312 38861112    0    0 1509296 884632 282569 970853 54 17 16 12  0  0
53 74  77224 136194136 2229312 38861136    0    0 1497552 888420 282143 964115 53 17 17 13  0  0
40 72  77224 136198732 2229312 38861148    0    0 1495856 872716 282891 969051 54 16 17 13  0  0
33 44  77224 136163344 2229312 38861172    0    0 1514208 898240 282153 967439 55 18 15 13  0  0
50 23  77224 136159736 2229312 38861196    0    0 1503680 882452 282587 961084 54 18 16 13  0  0
51 48  77224 136155600 2229312 38861224    0    0 1486864 887448 281807 960285 54 17 17 12  0  0
29 57  77224 136168036 2229312 38861252    0    0 1506272 888748 282619 973133 54 18 15 14  0  0
29 66  77224 136164628 2229312 38861288    0    0 1474784 893068 280086 950648 53 17 17 13  0  0
29 62  77224 136143168 2229312 38861312    0    0 1451824 870052 277417 951079 53 17 15 15  0  0
65 53  77224 136164160 2229312 38861332    0    0 1503968 878052 283472 967487 54 18 16 13  0  0
54 47  77224 136178092 2229312 38861360    0    0 1498528 881100 281520 960475 54 17 16 13  0  0
43 59  77224 136217204 2229312 38861380    0    0 1515968 912956 284098 977331 54 16 17 13  0  0
16 68  77224 136179108 2229312 38861404    0    0 1496528 892296 282851 961555 54 17 17 13  0  0
69 68  77224 136169928 2229312 38861428    0    0 1483248 869344 281623 959324 53 17 17 13  0  0
88 56  77224 136154528 2229312 38861448    0    0 1510656 901356 284133 969637 55 17 15 13  0  0
39 101  77224 136147068 2229312 38861468    0    0 1506560 903388 282369 972715 54 18 15 13  0  0
16 33  77224 136157036 2229312 38861496    0    0 1483696 870708 279407 954649 53 17 16 13  0  0
procs -----------memory---------- ---swap-- -----io---- -system-- -------cpu-------
 r  b   swpd   free   buff  cache   si   so    bi    bo   in   cs us sy id wa st gu
43 93  77224 136162880 2229312 38861528    0    0 1484368 887812 282135 957259 53 17 17 13  0  0
37 26  77224 136185060 2229312 38861552    0    0 1490336 878240 281794 962388 53 17 17 13  0  0
116 26  77224 136156144 2229312 38861580    0    0 1439808 863348 276071 939290 51 17 17 15  0  0
101 35  77224 136166804 2229312 38861608    0    0 1492480 887756 280916 957389 53 17 17 13  0  0
24 14  77224 136216852 2229312 38861628    0    0 1512592 911980 282539 984031 54 16 15 15  0  0
89 44  77224 136182916 2229312 38861656    0    0 1517440 901052 284355 973991 55 18 14 13  0  0
118 22  77224 136164456 2229312 38861680    0    0 1506160 880416 283284 965530 54 17 15 13  0  0
95 41  77224 136169728 2229312 38861708    0    0 1471616 881096 279266 944910 52 17 17 13  0  0
59 22  77224 136167688 2229312 38861728    0    0 1515440 896472 284422 978648 54 18 15 13  0  0
30 15  77224 136160900 2229312 38861752    0    0 1460976 896620 279131 947387 53 17 17 13  0  0
112 31  77224 136162936 2229312 38861772    0    0 1508192 881092 283193 969668 54 17 16 13  0  0
49 37  77224 136163368 2229312 38861800    0    0 1506880 895720 282248 966259 54 17 15 13  0  0
92 48  77224 136159708 2229312 38861824    0    0 1474928 889908 281737 957928 53 17 17 14  0  0
102 34  77224 136199424 2229312 38861844    0    0 1489584 875268 282034 963460 53 17 18 13  0  0
107 38  77224 136195804 2229312 38861864    0    0 1487984 895720 279962 970043 53 16 17 14  0  0
76 55  77224 136182992 2229312 38861888    0    0 1501776 901972 283320 967412 54 17 17 12  0  0
28 21  77224 136170288 2229312 38861916    0    0 1526880 886696 282885 974066 55 18 15 12  0  0
97 40  77224 136159208 2229312 38861940    0    0 1464960 887008 279820 950392 53 17 16 14  0  0
94 45  77224 136162932 2229312 38861968    0    0 1459856 865600 279350 947055 53 17 16 14  0  0
15 22  77224 136159916 2229312 38861988    0    0 1496480 905004 282906 968893 54 18 15 13  0  0
92 44  77224 136175748 2229316 38862012    0    0 1451552 850060 275522 964971 52 17 17 14  0  0
procs -----------memory---------- ---swap-- -----io---- -system-- -------cpu-------
 r  b   swpd   free   buff  cache   si   so    bi    bo   in   cs us sy id wa st gu
94 42  77224 136152832 2229316 38862044    0    0 1485104 877832 278811 966588 53 17 16 14  0  0
59 68  77224 136153284 2229316 38862068    0    0 1432512 878856 275897 953945 51 16 16 16  0  0
81 49  77224 136201956 2229316 38862088    0    0 1420656 854928 273356 943143 50 15 19 16  0  0
60 74  77224 136186592 2229316 38862104    0    0 1429280 862360 274468 945173 52 16 17 15  0  0
105 39  77224 136160644 2229316 38862136    0    0 1419296 854204 273457 942377 51 17 16 17  0  0
118 29  77224 136175492 2229316 38862164    0    0 1454112 851312 276064 953975 52 17 16 15  0  0
58 76  77224 136156912 2229316 38862188    0    0 1424080 871204 274062 947653 52 16 16 16  0  0
13 23  77224 136154568 2229316 38862212    0    0 1421744 846912 273848 958634 52 16 15 17  0  0
44 25  77224 136154556 2229316 38862236    0    0 1369184 837596 269544 925047 49 16 18 17  0  0
111 29  77224 136167448 2229316 38862264    0    0 1445424 837216 278033 949009 52 17 17 14  0  0
98 40  77224 136166888 2229316 38862300    0    0 1464416 882648 277858 946912 53 17 16 14  0  0
31 29  77224 136178340 2229316 38862328    0    0 1544384 923048 286009 977445 55 17 15 12  0  0
36 28  77224 136196028 2229316 38862344    0    0 1554192 918236 290059 989392 56 17 15 12  0  0
33 23  77224 136176788 2229316 38862364    0    0 1536880 911100 286006 979422 56 18 14 12  0  0
111 31  77224 136162056 2229316 38862392    0    0 1503040 885008 281899 949320 54 17 16 12  0  0
107 31  77224 136164772 2229316 38862420    0    0 1537136 899636 285016 974174 55 18 14 12  0  0
81 53  77224 136145296 2229316 38862444    0    0 1559776 938260 288870 973936 56 18 15 11  0  0
119 25  77224 136133832 2229316 38862464    0    0 1580304 920236 290147 977844 57 18 14 11  0  0
112 27  77224 136128924 2229316 38862488    0    0 1555936 928216 287528 975440 56 18 14 11  0  0
119 26  77224 136150992 2229316 38862520    0    0 1531920 902428 285203 967574 56 18 15 12  0  0
88 48  77224 136170596 2229316 38862544    0    0 1554000 928956 287949 975040 56 18 14 12  0  0
procs -----------memory---------- ---swap-- -----io---- -system-- -------cpu-------
 r  b   swpd   free   buff  cache   si   so    bi    bo   in   cs us sy id wa st gu
109 30  77224 136195072 2229316 38862564    0    0 1574832 932976 290103 990273 57 18 15 11  0  0
26 34  77224 136206148 2229316 38862592    0    0 1564688 953892 290355 986893 56 17 15 11  0  0
38 29  77224 136182748 2229316 38862616    0    0 1544464 917624 287678 973987 56 18 15 11  0  0
21  5  77224 136151568 2229316 38862644    0    0 1495408 890260 280650 948606 54 17 17 12  0  0
100 38  77224 136136592 2229316 38862668    0    0 1514240 905268 283871 959712 55 18 15 12  0  0
58 35  77224 136161260 2229316 38862692    0    0 1545648 921352 287278 975949 56 18 14 12  0  0
105 41  77224 136128104 2229316 38862716    0    0 1560528 903348 286788 982809 57 18 13 12  0  0
104 32  77224 136132024 2229316 38862744    0    0 1531216 916592 286773 967602 55 18 15 12  0  0
90 46  77224 136164072 2229316 38862768    0    0 1511008 911480 284441 958392 54 18 16 12  0  0
20 15  77224 136141376 2229316 38862796    0    0 1573872 930396 290286 977397 57 18 14 11  0  0
63 35  77224 136177304 2229316 38862824    0    0 1595392 939768 293080 1001982 57 18 14 11  0  0
89 47  77224 136161544 2229316 38862852    0    0 1585376 930452 290790 984768 57 18 15 10  0  0
97 29  77224 136169400 2229316 38862884    0    0 1555920 906728 286705 979700 56 18 14 12  0  0
80 55  77224 136156280 2229316 38862908    0    0 1484176 910856 282172 954891 54 17 16 13  0  0
99 42  77224 136159984 2229316 38862928    0    0 1536464 899412 284482 960929 56 17 15 11  0  0
73 49  77224 136149800 2229316 38862956    0    0 1543536 931020 286909 978474 56 18 14 12  0  0
98 42  77224 136152904 2229316 38862984    0    0 1552496 899440 286318 972402 56 18 14 11  0  0
102 32  77224 136161824 2229316 38863008    0    0 1539744 919020 286452 969627 56 18 15 11  0  0
104 34  77224 136174420 2229316 38863032    0    0 1525920 914700 285651 963044 55 18 15 12  0  0
107 33  77224 136150508 2229316 38863052    0    0 1566640 932892 291018 974559 57 19 14 11  0  0
105 34  77224 136193816 2229316 38863068    0    0 1593808 944256 293295 998344 57 17 15 11  0  0
procs -----------memory---------- ---swap-- -----io---- -system-- -------cpu-------
 r  b   swpd   free   buff  cache   si   so    bi    bo   in   cs us sy id wa st gu
103 35  77224 136150668 2229316 38863088    0    0 1589072 928072 290620 983584 58 18 14 10  0  0
103 35  77224 136142764 2229316 38863116    0    0 1545264 927584 286493 972915 56 18 15 11  0  0
90 46  77224 136140108 2229316 38863148    0    0 1521232 908896 285596 974637 55 18 15 12  0  0
52 52  77224 136156692 2229316 38863172    0    0 1517776 911860 285162 971656 55 18 15 12  0  0
110 32  77224 136145868 2229316 38863196    0    0 1547344 897728 286360 967523 56 18 15 11  0  0
99 43  77224 136145712 2229316 38863228    0    0 1552624 929780 288478 976631 56 18 14 12  0  0
22 10  77224 136147364 2229316 38863252    0    0 1556528 934348 290690 975898 56 18 15 11  0  0
89 49  77224 136164148 2229316 38863276    0    0 1513008 894108 284798 956310 54 17 17 12  0  0
120 19  77224 136157076 2229316 38863300    0    0 1568400 903372 288218 967245 57 18 15 10  0  0
29 51  77224 136201144 2229316 38863324    0    0 1569632 960360 290685 987716 57 17 16 11  0  0
104 34  77224 136171196 2229316 38863348    0    0 1577088 923936 290119 970930 57 18 14 11  0  0
107 35  77224 136160532 2229316 38863372    0    0 1580864 921196 290175 980684 57 18 13 11  0  0
98 37  77224 136135424 2229316 38863396    0    0 1572560 944980 290550 991119 57 19 13 11  0  0
28 21  77224 136157696 2229316 38863424    0    0 1527744 925144 285869 963400 55 18 16 12  0  0
118 30  77224 136155028 2229316 38863456    0    0 1564992 917848 288627 976985 57 18 14 11  0  0
27 15  77224 136150812 2229316 38863472    0    0 1578704 932436 290710 980483 57 18 14 10  0  0
30 20  77224 136162680 2229316 38863496    0    0 1558176 935848 289380 970484 57 18 14 11  0  0
88 17  77224 136144352 2229316 38863520    0    0 1521904 880516 284808 956004 54 18 17 12  0  0
44 32  77224 136185912 2229316 38863544    0    0 1557296 946396 290293 983702 56 18 15 11  0  0
28 27  77224 136195896 2229316 38863564    0    0 1582784 929160 290982 986403 57 17 15 11  0  0
126 22  77224 136160572 2229316 38863596    0    0 1573920 899028 287385 973331 57 18 14 10  0  0
procs -----------memory---------- ---swap-- -----io---- -system-- -------cpu-------
 r  b   swpd   free   buff  cache   si   so    bi    bo   in   cs us sy id wa st gu
111 29  77224 136159972 2229316 38863620    0    0 1560464 927788 290043 978985 56 18 14 11  0  0
102 35  77224 136151476 2229320 38863648    0    0 1549744 946892 289906 975843 56 18 15 11  0  0
38 29  77224 136158384 2229320 38863668    0    0 1534176 919572 286512 964433 56 18 15 12  0  0
81 60  77224 136155580 2229320 38863696    0    0 1575872 933136 291886 991601 57 18 13 11  0  0
83 53  77224 136169712 2229320 38863728    0    0 1567216 914496 288738 973701 57 18 14 10  0  0
50 10  77224 136163240 2229320 38863748    0    0 1556464 908224 288315 973208 56 18 15 11  0  0
117 23  77224 136162036 2229320 38863772    0    0 1534496 929296 286928 970502 55 18 15 12  0  0
102 27  77224 136176504 2229320 38863800    0    0 1559264 926992 288544 973023 56 18 16 11  0  0
26 24  77224 136188328 2229320 38863812    0    0 1597888 948828 291491 992987 57 18 14 11  0  0
18 19  77224 136169932 2229320 38863840    0    0 1569824 943220 289969 980306 57 18 14 11  0  0
98 40  77224 136162980 2229320 38863868    0    0 1587328 927060 290772 989694 58 18 13 11  0  0
104 40  77224 136154712 2229320 38863884    0    0 1532256 925852 288010 974665 55 18 15 12  0  0
97 36  77224 136139044 2229320 38863916    0    0 1495184 880416 281359 954936 54 18 16 13  0  0
106 33  77224 136147580 2229320 38863940    0    0 1526320 923460 286233 971718 55 18 15 12  0  0
122 26  77224 136141500 2229320 38863968    0    0 1512864 879924 282642 947929 54 18 16 12  0  0
51 85  77224 136136952 2229320 38863984    0    0 1521408 926064 285061 969339 55 18 15 12  0  0
104 37  77224 136156028 2229320 38864008    0    0 1536704 897544 285342 959096 55 18 15 12  0  0
106 31  77224 136176416 2229320 38864040    0    0 1560016 912400 288311 971880 56 18 16 11  0  0
124 27  77224 136177004 2229320 38864056    0    0 1569520 936184 289605 974670 56 17 15 11  0  0
109 31  77224 136156396 2229320 38864080    0    0 1595136 940924 292728 992255 58 19 13 11  0  0
49 33  77224 136138404 2229320 38864108    0    0 1553568 939780 288472 975240 56 18 15 11  0  0
procs -----------memory---------- ---swap-- -----io---- -system-- -------cpu-------
 r  b   swpd   free   buff  cache   si   so    bi    bo   in   cs us sy id wa st gu
118 27  77224 136149736 2229320 38864136    0    0 1545520 896224 287309 980761 56 18 15 11  0  0
56 35  77224 136160000 2229320 38864160    0    0 1453584 892520 280249 953474 52 17 19 13  0  0
22 23  77224 136158368 2229320 38864184    0    0 1506256 899996 284728 972943 54 17 15 13  0  0
89 44  77224 136146808 2229320 38864216    0    0 1520880 896852 285111 966946 55 18 15 12  0  0
108 30  77224 136152008 2229320 38864240    0    0 1550672 905964 288550 976045 56 18 14 12  0  0
114 27  77224 136147744 2229320 38864268    0    0 1520928 893864 285633 968781 55 18 15 13  0  0
66 77  77224 136171836 2229320 38864280    0    0 1525952 926152 285784 976294 55 17 16 12  0  0
100 39  77224 136157888 2229320 38864296    0    0 1549296 903972 287705 974374 56 17 15 12  0  0
34 19  77224 136145816 2229320 38864328    0    0 1547600 922868 287592 975492 57 18 14 11  0  0
109 37  77224 136149032 2229320 38864348    0    0 1550480 890544 287222 974737 56 18 14 11  0  0
112 14  77224 136143604 2229320 38864380    0    0 1544608 915816 287471 980603 56 18 14 12  0  0
44 44  77224 136131092 2229320 38864404    0    0 1536560 939460 288230 980770 55 18 15 12  0  0
96 44  77224 136143460 2229320 38864424    0    0 1489392 878224 282979 955587 54 17 16 12  0  0
100 25  77224 136136280 2229320 38864452    0    0 1528736 900720 285959 966172 55 18 15 12  0  0
103 35  77224 136137832 2229320 38864484    0    0 1508512 925012 285667 961654 55 18 16 12  0  0
45 89  77224 136152872 2229320 38864508    0    0 1494528 895208 281891 947432 54 17 16 13  0  0
25 34  77224 136216996 2229320 38864528    0    0 1549680 908652 286378 976834 55 17 16 12  0  0
28 27  77224 136191508 2229320 38864552    0    0 1518848 903620 284640 962986 55 17 16 12  0  0
112 33  77224 136155436 2229320 38864568    0    0 1521392 898144 285167 969561 55 18 15 12  0  0
97 40  77224 136166064 2229320 38864596    0    0 1523728 895724 285829 964169 55 18 15 12  0  0
62 76  77224 136153588 2229320 38864620    0    0 1490000 907512 281805 957381 54 17 16 12  0  0
procs -----------memory---------- ---swap-- -----io---- -system-- -------cpu-------
 r  b   swpd   free   buff  cache   si   so    bi    bo   in   cs us sy id wa st gu
71 70  77224 136137776 2229320 38864644    0    0 1500688 884172 280055 951073 54 17 16 12  0  0
29 44  77224 136148760 2229320 38864676    0    0 1516624 889664 282867 958775 55 18 15 12  0  0
95 41  77224 136144588 2229320 38864696    0    0 1491536 888952 282021 952223 54 17 17 12  0  0
103 37  77224 136146620 2229320 38864728    0    0 1517776 911400 286148 960485 55 18 16 12  0  0
13  9  77224 136157428 2229320 38864752    0    0 1504464 898168 281931 954644 55 17 16 13  0  0
126 23  77224 136199576 2229320 38864772    0    0 1547728 901976 285374 976960 55 16 16 13  0  0
96 40  77224 136157844 2229320 38864788    0    0 1544288 917348 287262 981002 56 18 14 12  0  0
52 53  77224 136144160 2229320 38864816    0    0 1502304 911164 283928 971841 54 18 15 13  0  0
95 41  77224 136138052 2229320 38864848    0    0 1496160 864292 279872 960369 55 17 15 14  0  0
87 45  77224 136148728 2229320 38864872    0    0 1496416 894488 281419 961270 53 17 16 13  0  0
102 42  77224 136146280 2229320 38864888    0    0 1503584 902412 281765 968305 54 17 15 13  0  0
104 29  77224 136158796 2229320 38864916    0    0 1514768 879840 280791 962475 54 17 15 13  0  0
103 42  77224 136165072 2229320 38864940    0    0 1475216 894396 280428 953331 52 17 17 13  0  0
19 28  77224 136155936 2229320 38864968    0    0 1502480 899352 281086 967608 55 18 14 14  0  0
94 46  77224 136169552 2229320 38864996    0    0 1456176 860356 277086 943614 52 16 18 14  0  0
55 63  77224 136166896 2229320 38865012    0    0 1506176 898948 282743 971803 54 17 16 13  0  0
24 20  77224 136155816 2229320 38865044    0    0 1498704 894872 281550 959570 54 17 16 13  0  0
101 46  77224 136160468 2229320 38865072    0    0 1511088 895232 283066 969339 54 17 16 13  0  0
96 36  77224 136138484 2229320 38865100    0    0 1519456 879668 281713 961333 54 18 15 13  0  0
98 33  77224 136160364 2229320 38865124    0    0 1490208 885256 280759 956360 54 17 16 13  0  0
102 29  77224 136152776 2229320 38865152    0    0 1499376 888576 281712 954427 54 17 16 12  0  0
procs -----------memory---------- ---swap-- -----io---- -system-- -------cpu-------
 r  b   swpd   free   buff  cache   si   so    bi    bo   in   cs us sy id wa st gu
94 48  77224 136156896 2229320 38865180    0    0 1500576 911388 282590 966922 54 17 16 13  0  0
19 27  77224 136147072 2229320 38865204    0    0 1512896 884788 281985 961287 54 17 15 13  0  0
78 56  77224 136142584 2229320 38865228    0    0 1469184 885456 279485 947740 53 17 16 14  0  0
18 35  77224 136195500 2229320 38865252    0    0 1495664 876828 281723 965688 53 17 16 14  0  0
12 20  77224 136170520 2229320 38865272    0    0 1490944 891088 282236 956163 54 17 16 13  0  0
81 54  77224 136170432 2229320 38865296    0    0 1519872 910496 285564 971559 55 18 15 12  0  0
122 28  77224 136147288 2229320 38865328    0    0 1538512 899976 287450 968182 55 18 16 11  0  0
46 87  77224 136162180 2229320 38865348    0    0 1516832 913332 286055 963503 55 18 16 12  0  0
89 49  77224 136144644 2229320 38865376    0    0 1526288 894076 286720 974569 55 18 14 13  0  0
22 26  77224 136151276 2229320 38865400    0    0 1498688 907356 283155 962126 54 17 16 13  0  0
88 48  77224 136163952 2229320 38865424    0    0 1507008 896332 282138 960542 54 18 16 12  0  0
46 45  77224 136152428 2229320 38865448    0    0 1510832 892852 283307 964098 54 18 16 12  0  0
116 30  77224 136143760 2229320 38865476    0    0 1530512 873152 285674 979098 55 18 14 13  0  0
93 46  77224 136190872 2229320 38865504    0    0 1494944 915272 283275 978847 53 16 16 15  0  0
40 27  77224 136179536 2229320 38865516    0    0 1472912 883844 279052 944324 53 17 18 13  0  0
108 35  77224 136134440 2229320 38865544    0    0 1526608 885784 283692 972891 55 18 15 13  0  0
71 68  77224 136142616 2229320 38865568    0    0 1496016 909352 281277 949600 54 17 17 12  0  0
109 34  77224 136146364 2229320 38865592    0    0 1528192 891916 285005 974511 55 18 15 12  0  0
41 91  77224 136166632 2229320 38865616    0    0 1498880 904404 281462 965638 54 18 15 13  0  0
107 34  77224 136170900 2229320 38865640    0    0 1495872 874288 282475 958639 54 17 16 12  0  0
87 54  77224 136159612 2229320 38865668    0    0 1514800 912172 284134 972861 55 18 14 13  0  0
procs -----------memory---------- ---swap-- -----io---- -system-- -------cpu-------
 r  b   swpd   free   buff  cache   si   so    bi    bo   in   cs us sy id wa st gu
114 24  77224 136156260 2229320 38865688    0    0 1530640 881404 283985 968364 55 18 15 12  0  0
95 39  77224 136166544 2229320 38865716    0    0 1508896 901312 282069 965717 54 17 15 13  0  0
94 41  77224 136181804 2229320 38865736    0    0 1498736 892516 283545 970928 53 16 17 14  0  0
