procs -----------memory---------- ---swap-- -----io---- -system-- -------cpu-------
 r  b   swpd   free   buff  cache   si   so    bi    bo   in   cs us sy id wa st gu
 7  0  77224 137262104 2229076 38797220   37   48 87472 106104 83433   12 12  2 84  1  0  0
 2  0  77224 137239464 2229076 38797288    0    0     0 319608 95455 25040  1  1 98  0  0  0
67  0  77224 137222820 2229080 38797344    0    0     0 170212 89223 38913 78  2 20  0  0  0
50  0  77224 137223080 2229080 38797372    0    0     0 332388 111287 42616 76  2 22  0  0  0
53 19  77224 137096488 2229080 38797400    0    0 574624 552716 252279 547917 39  8 45  7  0  0
50 20  77224 137051544 2229080 38797436    0    0 1252976 669336 259318 1025353 39 13 33 14  0  0
52 19  77224 137029280 2229080 38797464    0    0 1260352 685112 271518 1033227 39 13 33 14  0  0
43 24  77224 136999316 2229080 38797488    0    0 1272544 678884 253176 1041211 39 13 33 15  0  0
12 11  77224 137040564 2229080 38797508    0    0 1252048 717564 250907 1030355 38 11 36 15  0  0
54 17  77224 137030216 2229080 38797532    0    0 1256080 671780 252889 1030352 39 13 34 14  0  0
14  1  77224 137006264 2229080 38797552    0    0 1252960 701360 251688 1029779 39 13 34 14  0  0
38 30  77224 137036388 2229080 38797580    0    0 1250848 680356 251982 1029497 38 13 34 15  0  0
 3  5  77224 137039672 2229080 38797604    0    0 1230128 678552 248407 1011001 38 13 35 14  0  0
50 20  77224 137025064 2229080 38797632    0    0 1220064 676196 250401 1003838 39 13 34 13  0  0
54 17  77224 137029812 2229080 38797656    0    0 1235168 685748 250282 1011090 39 13 34 14  0  0
47 23  77224 137023732 2229080 38797684    0    0 1227216 683560 249563 1010817 39 13 34 14  0  0
43 30  77224 137056720 2229080 38797712    0    0 1218304 696028 249653 1005481 38 12 36 14  0  0
43 29  77224 137047004 2229080 38797732    0    0 1212864 712188 249543 1003425 38 12 35 14  0  0
49 19  77224 137013960 2229080 38797752    0    0 1220176 711728 249913 1009365 39 13 35 14  0  0
42 30  77224 137018036 2229080 38797776    0    0 1198608 731424 248819 997658 38 13 35 14  0  0
46 22  77224 137010200 2229080 38797804    0    0 1214656 718284 249014 1003027 38 13 35 14  0  0
procs -----------memory---------- ---swap-- -----io---- -system-- -------cpu-------
 r  b   swpd   free   buff  cache   si   so    bi    bo   in   cs us sy id wa st gu
47 26  77224 137016792 2229080 38797828    0    0 1221888 729928 252341 1015344 39 13 34 14  0  0
55 18  77224 137036968 2229080 38797856    0    0 1218224 730120 251265 1009772 39 13 35 14  0  0
48 22  77224 137025384 2229080 38797876    0    0 1185856 760436 248674 989712 38 13 36 14  0  0
46 23  77224 137044256 2229080 38797904    0    0 1189712 756300 249678 992431 38 13 35 14  0  0
48 23  77224 137068984 2229080 38797924    0    0 1184224 768780 248077 985987 38 12 36 14  0  0
 6 11  77224 137063388 2229080 38797948    0    0 1163520 750692 246424 969755 38 13 36 14  0  0
48 31  77224 137031580 2229080 38797972    0    0 1153552 752596 246896 966760 37 13 36 14  0  0
37 32  77224 137014376 2229080 38798000    0    0 1179264 748616 247644 980052 38 13 35 14  0  0
46 24  77224 137013464 2229080 38798024    0    0 1178064 747744 248915 982768 38 13 36 14  0  0
56 16  77224 137022084 2229080 38798052    0    0 1174464 727024 247178 975525 38 13 36 13  0  0
50 21  77224 137024664 2229080 38798080    0    0 1165152 773360 246319 974457 38 13 36 14  0  0
48 24  77224 137031912 2229080 38798104    0    0 1173280 737008 247391 980901 38 13 35 14  0  0
42 27  77224 137042000 2229080 38798132    0    0 1176432 747940 247065 978438 37 12 37 14  0  0
44 27  77224 137050536 2229080 38798156    0    0 1194256 755536 249439 994586 38 12 35 14  0  0
50 21  77224 137032208 2229080 38798180    0    0 1200800 741524 250163 997227 39 13 34 14  0  0
54 15  77224 137028000 2229080 38798204    0    0 1190800 757892 250893 992502 38 13 35 14  0  0
49 19  77224 137012040 2229080 38798228    0    0 1177968 750564 247723 982837 38 13 35 14  0  0
46 23  77224 137017288 2229080 38798256    0    0 1186368 728612 249060 989176 38 13 35 14  0  0
47 24  77224 137009028 2229080 38798288    0    0 1159440 755784 247285 970960 37 13 36 14  0  0
55 15  77224 137016532 2229080 38798312    0    0 1163088 743680 245877 973044 37 13 36 14  0  0
52 20  77224 137025356 2229080 38798336    0    0 1186096 751512 249442 991862 38 13 35 14  0  0
procs -----------memory---------- ---swap-- -----io---- -system-- -------cpu-------
 r  b   swpd   free   buff  cache   si   so    bi    bo   in   cs us sy id wa st gu
53 23  77224 137045480 2229080 38798360    0    0 1189008 765876 247596 987652 37 11 37 14  0  0
47 22  77224 137019848 2229080 38798380    0    0 1179696 763784 249346 988953 38 13 35 13  0  0
42 27  77224 137006928 2229080 38798408    0    0 1159968 750300 246536 969535 37 12 37 14  0  0
46 24  77224 137022548 2229080 38798436    0    0 1180000 753656 247745 984286 38 13 35 14  0  0
49 22  77224 137011904 2229080 38798456    0    0 1174224 750124 248269 983797 38 13 36 14  0  0
14 31  77224 137012400 2229080 38798488    0    0 1188064 765800 250304 994251 38 13 35 14  0  0
41 26  77224 137029916 2229080 38798520    0    0 1195360 753684 250305 994072 38 13 35 14  0  0
56 14  77224 137028772 2229080 38798544    0    0 1186688 758160 249054 989178 38 13 35 14  0  0
42 28  77224 137037112 2229080 38798568    0    0 1179136 759324 245743 981775 37 12 36 14  0  0
48 22  77224 137029072 2229080 38798584    0    0 1177872 759596 247713 982429 37 12 37 14  0  0
14 24  77224 137015716 2229080 38798612    0    0 1172720 761596 248290 982570 38 13 35 14  0  0
36 32  77224 137034860 2229080 38798640    0    0 1155616 750064 246116 966823 37 13 37 14  0  0
43 21  77224 137028204 2229080 38798656    0    0 1176624 768664 248092 982609 38 13 35 14  0  0
14 38  77224 137010628 2229080 38798684    0    0 1177968 766616 249081 985919 38 13 35 14  0  0
47 24  77224 137010428 2229080 38798708    0    0 1168944 759384 246742 979541 38 13 36 14  0  0
11 13  77224 137019724 2229080 38798740    0    0 1169920 763712 247853 975235 37 13 36 14  0  0
16  1  77224 137021076 2229080 38798768    0    0 1173200 756408 247182 977008 38 13 36 14  0  0
54 24  77224 137076384 2229080 38798792    0    0 1177392 760384 247433 981985 37 11 37 15  0  0
12  3  77224 137038816 2229080 38798808    0    0 1171536 767940 246591 980067 38 13 36 14  0  0
38 30  77224 137042708 2229080 38798832    0    0 1176048 762064 250168 987368 38 13 35 14  0  0
46 23  77224 137031812 2229080 38798868    0    0 1179536 760120 249224 985682 38 13 35 14  0  0
procs -----------memory---------- ---swap-- -----io---- -system-- -------cpu-------
 r  b   swpd   free   buff  cache   si   so    bi    bo   in   cs us sy id wa st gu
 9  9  77224 137026240 2229080 38798896    0    0 1166960 772392 248215 977124 38 13 36 14  0  0
50 25  77224 137022364 2229080 38798912    0    0 1176656 733140 247112 979124 38 13 35 14  0  0
12  7  77224 136999024 2229080 38798936    0    0 1171008 772252 249007 985519 38 13 35 14  0  0
20  6  77224 137022608 2229080 38798980    0    0 1134192 745524 242641 949294 36 13 37 14  0  0
10  2  77224 137021980 2229080 38799004    0    0 1172160 763396 245692 978047 37 12 37 14  0  0
47 22  77224 137022224 2229080 38799020    0    0 1168384 758768 246876 978701 37 12 37 15  0  0
21 52  77224 137017824 2229080 38799044    0    0 1168848 758244 245557 977083 38 13 35 14  0  0
 8  8  77224 137009456 2229080 38799072    0    0 1178720 748944 246402 978400 38 13 35 14  0  0
24 44  77224 137026740 2229080 38799092    0    0 1142288 753908 244123 960184 36 12 37 15  0  0
12 18  77224 137022580 2229080 38799128    0    0 1159488 756960 246242 970577 37 13 36 14  0  0
18 16  77224 137012908 2229080 38799156    0    0 1173360 760284 246574 976032 37 13 36 14  0  0
51 20  77224 137018416 2229080 38799180    0    0 1178640 752476 248649 985325 38 13 36 14  0  0
48 26  77224 137025248 2229080 38799204    0    0 1179968 764228 249329 987417 38 13 35 14  0  0
34 36  77224 137063632 2229080 38799228    0    0 1187808 775432 248937 991961 37 12 37 15  0  0
55 22  77224 137030788 2229080 38799248    0    0 1180304 761212 248476 984655 38 13 35 14  0  0
 6 10  77224 137022480 2229080 38799272    0    0 1174592 770000 248524 983884 38 13 35 14  0  0
13 13  77224 137009280 2229080 38799296    0    0 1154400 741268 245840 967692 37 13 36 14  0  0
 7  8  77224 137020588 2229080 38799340    0    0 1168816 754232 248409 978487 37 13 36 14  0  0
20  2  77224 137009620 2229080 38799356    0    0 1175456 736364 248304 981207 38 13 36 14  0  0
48 25  77224 136988640 2229080 38799380    0    0 1163344 784124 247227 979721 37 13 36 14  0  0
35 34  77224 137011868 2229080 38799408    0    0 1177872 763832 248758 986436 38 13 35 14  0  0
procs -----------memory---------- ---swap-- -----io---- -system-- -------cpu-------
 r  b   swpd   free   buff  cache   si   so    bi    bo   in   cs us sy id wa st gu
45 26  77224 137016684 2229080 38799436    0    0 1163872 763212 247714 978509 37 12 37 14  0  0
29 42  77224 137033768 2229080 38799452    0    0 1159264 757972 245425 969797 37 12 38 14  0  0
43 27  77224 137030372 2229080 38799480    0    0 1175552 751948 248474 983628 38 13 35 14  0  0
11  5  77224 137009328 2229080 38799508    0    0 1178144 766864 248077 984931 38 13 35 14  0  0
30 40  77224 137005944 2229080 38799532    0    0 1176800 766300 249678 986757 38 13 36 14  0  0
52 21  77224 137008996 2229080 38799560    0    0 1184688 760208 249519 988819 38 13 34 14  0  0
49 25  77224 137017728 2229080 38799588    0    0 1168400 765664 246887 979266 38 12 36 14  0  0
45 24  77224 137009136 2229080 38799616    0    0 1167696 763504 247990 980752 38 13 36 14  0  0
32  1  77224 137024636 2229080 38799636    0    0 1171744 734828 246881 977363 38 13 36 14  0  0
28 26  77224 137050604 2229080 38799664    0    0 1147840 787460 245530 965164 36 11 38 14  0  0
58 12  77224 137024476 2229080 38799672    0    0 1186656 756924 248358 986397 38 13 35 15  0  0
15 21  77224 137010680 2229080 38799704    0    0 1171312 769480 248853 980635 38 13 36 14  0  0
45 27  77224 137014964 2229080 38799728    0    0 1172560 760356 247505 982314 38 13 36 14  0  0
 8  6  77224 137014496 2229080 38799760    0    0 1174880 767932 249067 983552 38 13 35 14  0  0
32 37  77224 136996944 2229080 38799796    0    0 1145200 754408 245360 959726 36 13 37 14  0  0
48 21  77224 136999500 2229080 38799824    0    0 1169728 760776 248037 982658 38 13 35 14  0  0
55 20  77224 137015892 2229080 38799856    0    0 1184704 764224 249339 991809 38 13 35 14  0  0
55 17  77224 137023876 2229080 38799884    0    0 1186944 768868 259834 993514 38 13 35 14  0  0
43 24  77224 137031236 2229080 38799908    0    0 1189744 770044 252802 995949 38 12 36 14  0  0
43 28  77224 137006660 2229080 38799932    0    0 1175712 773080 251344 985411 38 13 35 14  0  0
43 29  77224 136992764 2229080 38799964    0    0 1166928 763264 247706 979324 38 13 36 14  0  0
procs -----------memory---------- ---swap-- -----io---- -system-- -------cpu-------
 r  b   swpd   free   buff  cache   si   so    bi    bo   in   cs us sy id wa st gu
43 32  77224 137000904 2229080 38799992    0    0 1158912 755896 246618 969972 37 13 37 14  0  0
16  7  77224 136996552 2229080 38800012    0    0 1166416 760272 246386 973001 37 13 36 14  0  0
14  6  77224 137006332 2229080 38800036    0    0 1177392 768684 249575 989401 38 13 35 14  0  0
 6 11  77224 137017416 2229080 38800060    0    0 1186096 745948 248955 988006 38 13 35 14  0  0
36 34  77224 137015848 2229080 38800088    0    0 1180384 778320 249721 991592 38 13 35 14  0  0
 7 16  77224 137041800 2229080 38800112    0    0 1197824 759160 247656 992618 38 12 36 15  0  0
50 20  77224 137037280 2229080 38800128    0    0 1167408 746556 248374 975445 38 12 36 14  0  0
52 18  77224 137035852 2229080 38800156    0    0 1160176 744536 246429 970459 37 13 36 14  0  0
12  6  77224 137031700 2229080 38800180    0    0 1178096 782132 248379 982683 38 13 35 14  0  0
16 15  77224 137022580 2229080 38800212    0    0 1176928 769372 249373 987750 38 13 35 14  0  0
16 12  77224 136990560 2229080 38800240    0    0 1185760 766024 249205 993102 38 13 35 14  0  0
49 18  77224 136995844 2229080 38800264    0    0 1197920 745868 250330 994949 38 13 35 14  0  0
48 25  77224 136994336 2229080 38800292    0    0 1175152 767128 249642 984741 38 13 36 14  0  0
55 15  77224 137019736 2229080 38800324    0    0 1162480 764108 248360 974732 37 12 36 14  0  0
49 22  77224 137012768 2229080 38800352    0    0 1162720 752608 246047 968185 37 11 38 14  0  0
48 23  77224 137014900 2229080 38800372    0    0 1176272 758404 250766 985470 38 13 35 14  0  0
47 22  77224 137018120 2229080 38800400    0    0 1169840 757292 250761 981179 38 13 36 14  0  0
52 20  77224 137017864 2229080 38800424    0    0 1183872 765236 251172 988858 38 13 35 14  0  0
50 20  77224 137008356 2229080 38800440    0    0 1191696 766420 251619 996801 39 13 34 14  0  0
61 10  77224 137006484 2229080 38800476    0    0 1179216 765828 250322 987068 38 13 35 14  0  0
48 19  77224 137015408 2229080 38800500    0    0 1144656 749976 245826 961343 37 13 37 14  0  0
procs -----------memory---------- ---swap-- -----io---- -system-- -------cpu-------
 r  b   swpd   free   buff  cache   si   so    bi    bo   in   cs us sy id wa st gu
49 24  77224 137000336 2229080 38800524    0    0 1173168 752128 248992 977758 38 13 36 14  0  0
41 25  77224 137019788 2229080 38800548    0    0 1187088 768044 249091 991603 37 12 36 15  0  0
55 15  77224 137005588 2229080 38800564    0    0 1177072 764052 248861 983693 38 12 36 14  0  0
 6 13  77224 137009576 2229080 38800600    0    0 1177392 779708 249649 984510 38 13 35 14  0  0
54 14  77224 136997380 2229080 38800628    0    0 1179072 760592 250106 987993 38 13 35 14  0  0
52 20  77224 136990980 2229080 38800652    0    0 1164752 762144 249817 983057 37 13 36 14  0  0
60 12  77224 137008800 2229084 38800680    0    0 1155504 754580 246360 965493 37 12 36 14  0  0
46 21  77224 137009020 2229084 38800716    0    0 1180112 763244 248867 985138 38 13 36 14  0  0
50 22  77224 136995920 2229084 38800744    0    0 1172160 763488 245957 978659 38 13 36 14  0  0
42 24  77224 137005620 2229084 38800772    0    0 1189296 763876 251410 996168 38 13 36 14  0  0
49 22  77224 137033888 2229084 38800780    0    0 1187616 774304 249822 991368 37 12 37 15  0  0
48 22  77224 137005704 2229084 38800808    0    0 1168672 761936 248555 978003 38 13 36 14  0  0
44 21  77224 137011968 2229084 38800832    0    0 1150624 760784 246507 966503 37 13 36 14  0  0
42 29  77224 137001500 2229084 38800856    0    0 1167024 755100 246651 976917 37 13 36 14  0  0
52 17  77224 136995820 2229084 38800880    0    0 1178992 757696 248615 985265 38 13 35 14  0  0
51 22  77224 136990688 2229084 38800912    0    0 1175552 767560 249560 984368 38 13 35 14  0  0
50 22  77224 137000988 2229084 38800940    0    0 1183408 760404 248779 987133 38 13 36 14  0  0
55 20  77224 137013216 2229084 38800964    0    0 1175120 774484 247518 978608 38 13 36 14  0  0
53 16  77224 137044344 2229084 38800996    0    0 1164288 766520 247719 972209 37 12 37 14  0  0
52 18  77224 137024340 2229084 38801008    0    0 1164944 750584 247412 973812 37 12 37 14  0  0
45 26  77224 137006920 2229084 38801040    0    0 1175024 764892 249006 982579 38 13 36 14  0  0
procs -----------memory---------- ---swap-- -----io---- -system-- -------cpu-------
 r  b   swpd   free   buff  cache   si   so    bi    bo   in   cs us sy id wa st gu
48 26  77224 136992584 2229084 38801068    0    0 1182912 765164 249061 988928 38 13 36 13  0  0
50 25  77224 136986164 2229084 38801096    0    0 1185584 768196 249362 991808 38 13 35 14  0  0
56 18  77224 136988756 2229084 38801120    0    0 1177088 768588 248000 984214 38 13 36 14  0  0
49 21  77224 137001936 2229084 38801144    0    0 1172512 763612 249239 985437 38 13 36 14  0  0
54 16  77224 137012688 2229084 38801172    0    0 1176560 758052 248715 984830 37 13 36 14  0  0
44 27  77224 137009904 2229084 38801200    0    0 1153072 768208 245766 966130 37 12 37 14  0  0
46 20  77224 137050128 2229084 38801216    0    0 1186160 763260 247091 987608 37 11 37 15  0  0
48 22  77224 137026864 2229084 38801236    0    0 1174944 770720 249312 985529 38 13 36 14  0  0
58 14  77224 137011740 2229088 38801268    0    0 1190400 754512 250920 997979 38 13 35 14  0  0
48 23  77224 137005636 2229088 38801304    0    0 1177840 767472 248730 982414 38 13 36 14  0  0
52 20  77224 137006148 2229088 38801324    0    0 1146624 770372 247433 963059 37 13 37 14  0  0
47 23  77224 137008992 2229088 38801352    0    0 1171264 750964 247947 980504 37 13 36 14  0  0
53 17  77224 137007896 2229088 38801372    0    0 1173184 765788 247919 983991 38 13 36 14  0  0
48 21  77224 137001404 2229100 38801404    0    0 1184880 765596 250372 991408 38 13 35 14  0  0
57 18  77224 137021628 2229100 38801432    0    0 1187904 781268 250912 998059 38 12 36 14  0  0
60 15  77224 137028312 2229100 38801456    0    0 1192272 776296 249633 993017 38 12 36 14  0  0
50 24  77224 136998824 2229100 38801480    0    0 1181216 768516 248842 983875 38 13 36 14  0  0
53 20  77224 136999628 2229100 38801500    0    0 1181008 765864 248627 987789 38 13 36 14  0  0
40 28  77224 136991444 2229104 38801536    0    0 1175728 773316 248243 983008 38 13 35 14  0  0
51 19  77224 136994772 2229104 38801560    0    0 1159920 756548 246060 971631 37 13 36 14  0  0
55 19  77224 136993096 2229104 38801584    0    0 1186608 766608 250219 993789 38 13 35 14  0  0
procs -----------memory---------- ---swap-- -----io---- -system-- -------cpu-------
 r  b   swpd   free   buff  cache   si   so    bi    bo   in   cs us sy id wa st gu
54 21  77224 137005036 2229104 38801608    0    0 1181776 772012 249421 989298 38 13 35 14  0  0
48 19  77224 137002104 2229104 38801636    0    0 1188224 766732 250679 994582 38 13 35 14  0  0
42 27  77224 137042212 2229104 38801660    0    0 1152896 765304 246181 966553 36 11 38 14  0  0
50 18  77224 137006732 2229104 38801680    0    0 1185040 760676 248838 989941 38 13 35 14  0  0
47 27  77224 136997844 2229104 38801708    0    0 1180432 762892 247742 985492 38 13 36 14  0  0
42 26  77224 136977204 2229104 38801732    0    0 1183712 770280 248310 988282 38 13 35 14  0  0
56 16  77224 136984008 2229104 38801756    0    0 1190960 765460 251309 998594 38 13 35 14  0  0
44 24  77224 136983876 2229104 38801780    0    0 1186832 777056 250188 993027 38 13 35 14  0  0
50 18  77224 137013376 2229104 38801804    0    0 1185904 766696 249192 992432 38 13 35 14  0  0
61 11  77224 137019068 2229104 38801832    0    0 1185632 773196 248521 989871 38 13 36 14  0  0
53 18  77224 137027696 2229104 38801852    0    0 1193824 780140 250602 995333 38 12 36 14  0  0
55 22  77224 137021296 2229104 38801872    0    0 1172832 763028 246502 977648 37 12 37 14  0  0
51 21  77224 137006524 2229104 38801904    0    0 1177184 759316 248312 981909 37 13 36 14  0  0
54 22  77224 137002712 2229104 38801924    0    0 1171888 776572 248105 981687 38 13 36 14  0  0
51 20  77224 136992328 2229104 38801952    0    0 1198336 760604 250492 999698 39 13 34 14  0  0
48 22  77224 137011684 2229104 38801976    0    0 1139648 768888 245649 959673 36 13 37 14  0  0
55 15  77224 137008216 2229104 38802004    0    0 1185888 757720 249490 987911 38 13 36 14  0  0
49 20  77224 137008084 2229104 38802028    0    0 1178320 762220 249738 989517 38 13 36 14  0  0
43 24  77224 136995920 2229104 38802060    0    0 1173008 765568 247010 979178 38 13 36 14  0  0
53 14  77224 137022204 2229108 38802076    0    0 1223600 773124 253322 1015669 39 12 36 14  0  0
 6 11  77224 137009608 2229108 38802100    0    0 1200064 793548 253001 1004635 39 13 34 13  0  0
procs -----------memory---------- ---swap-- -----io---- -system-- -------cpu-------
 r  b   swpd   free   buff  cache   si   so    bi    bo   in   cs us sy id wa st gu
51 18  77224 137006532 2229108 38802136    0    0 1201360 770744 252362 1003836 38 13 35 13  0  0
 3 17  77224 137001432 2229108 38802160    0    0 1197728 782704 252966 1003298 39 13 35 13  0  0
10  8  77224 136972056 2229112 38802188    0    0 1203808 783228 252000 1000230 39 13 35 13  0  0
49 20  77224 136980276 2229112 38802200    0    0 1211216 765636 252613 1008308 39 13 34 13  0  0
52 22  77224 136999660 2229112 38802228    0    0 1170688 765192 249232 981378 38 13 36 13  0  0
10  9  77224 136992596 2229112 38802272    0    0 1195008 788436 251749 995806 38 13 35 13  0  0
13 10  77224 137011588 2229112 38802296    0    0 1198992 790972 252227 996616 38 12 36 14  0  0
59 13  77224 137013116 2229112 38802316    0    0 1183648 749772 249291 987198 37 12 37 14  0  0
49 22  77224 137001368 2229112 38802340    0    0 1199744 774780 252001 1002478 39 13 35 13  0  0
56 12  77224 137005620 2229112 38802372    0    0 1193776 782368 251526 1000081 38 13 35 13  0  0
50 21  77224 137001660 2229112 38802396    0    0 1191024 779584 253281 1003110 39 13 35 13  0  0
45 23  77224 136995636 2229112 38802424    0    0 1194176 781192 251474 998844 39 13 35 13  0  0
57 15  77224 136974292 2229112 38802452    0    0 1201584 776824 252029 1003316 39 13 35 13  0  0
52 20  77224 136978448 2229112 38802476    0    0 1187840 786336 252602 1000310 39 13 35 14  0  0
51 22  77224 136997876 2229112 38802504    0    0 1192816 783544 252065 995976 38 13 35 13  0  0
44 26  77224 137043032 2229112 38802528    0    0 1214160 781508 253361 1013148 38 12 36 14  0  0
52 20  77224 137015016 2229112 38802540    0    0 1198624 785200 253039 1002693 39 13 35 13  0  0
41 30  77224 136999404 2229120 38802568    0    0 1169856 776656 248123 979133 37 13 36 13  0  0
10 11  77224 137001960 2229120 38802596    0    0 1180208 758100 248880 984950 38 13 35 13  0  0
11  3  77224 136992516 2229120 38802628    0    0 1181104 773832 250727 989748 38 13 36 13  0  0
42 26  77224 137023624 2229120 38802644    0    0 1160000 764272 249040 978472 37 13 37 13  0  0
procs -----------memory---------- ---swap-- -----io---- -system-- -------cpu-------
 r  b   swpd   free   buff  cache   si   so    bi    bo   in   cs us sy id wa st gu
16 13  77224 137025372 2229120 38802676    0    0 1197840 781800 251361 997223 38 13 35 13  0  0
 8  8  77224 137010280 2229124 38802704    0    0 1200064 777420 251619 1002262 39 13 34 13  0  0
 3 12  77224 137018276 2229124 38802740    0    0 1199712 778464 251319 998334 38 13 35 14  0  0
51 19  77224 137024892 2229124 38802756    0    0 1195840 766784 251260 998882 38 12 36 14  0  0
12  7  77224 137014856 2229124 38802784    0    0 1185136 807352 251747 994425 38 13 35 14  0  0
55 21  77224 137033296 2229124 38802812    0    0 1200160 753920 251332 1001875 39 13 34 14  0  0
61 16  77224 137015836 2229124 38802832    0    0 1189888 777912 251999 997310 38 13 35 13  0  0
 3 16  77224 136984396 2229124 38802864    0    0 1191472 797468 250830 997875 39 13 35 13  0  0
23  4  77224 136970892 2229124 38802892    0    0 1194208 775196 252208 1000056 38 13 35 13  0  0
44 28  77224 136981180 2229124 38802916    0    0 1174000 770504 250425 985398 38 13 35 13  0  0
50 22  77224 137001972 2229124 38802948    0    0 1166032 764128 248115 976368 38 13 37 13  0  0
53 19  77224 137048088 2229128 38802968    0    0 1181456 771460 248420 987905 37 12 38 14  0  0
54 20  77224 137009416 2229128 38803000    0    0 1186000 778796 250569 993403 38 13 35 14  0  0
50 23  77224 136994092 2229128 38803028    0    0 1199568 773996 252532 1005261 38 13 35 14  0  0
45 24  77224 136982504 2229128 38803052    0    0 1199152 773404 252686 999950 39 13 35 14  0  0
45 30  77224 136984780 2229128 38803084    0    0 1197424 776832 251183 998944 38 13 35 13  0  0
52 17  77224 136998288 2229128 38803120    0    0 1196464 777536 253024 1002437 39 13 35 13  0  0
49 22  77224 137008964 2229128 38803140    0    0 1193984 786900 253057 1002932 39 13 35 14  0  0
37 32  77224 137011436 2229128 38803168    0    0 1198688 785320 253005 1002678 39 13 35 13  0  0
48 21  77224 137004496 2229128 38803196    0    0 1203408 781128 253073 1005878 38 13 35 14  0  0
49 21  77224 137010928 2229128 38803208    0    0 1201328 791752 251589 1003823 38 12 36 14  0  0
procs -----------memory---------- ---swap-- -----io---- -system-- -------cpu-------
 r  b   swpd   free   buff  cache   si   so    bi    bo   in   cs us sy id wa st gu
37 31  77224 137018404 2229128 38803236    0    0 1190320 775908 251629 998848 39 13 35 13  0  0
 9 21  77224 137007540 2229128 38803260    0    0 1186896 769568 250320 990866 38 13 35 13  0  0
44 27  77224 137009276 2229128 38803292    0    0 1178944 769540 249781 989616 38 13 35 14  0  0
44 27  77224 137004052 2229128 38803320    0    0 1170192 763364 247799 976717 38 13 36 13  0  0
53 22  77224 136993356 2229128 38803344    0    0 1171760 758560 247334 976941 38 13 36 14  0  0
41 27  77224 136993956 2229128 38803372    0    0 1186208 779760 251497 991726 38 13 34 14  0  0
13  9  77224 136996256 2229128 38803404    0    0 1193632 773128 252908 994471 39 13 34 14  0  0
56 17  77224 137022384 2229128 38803424    0    0 1201424 744084 252187 997761 38 12 36 14  0  0
12 16  77224 137025820 2229128 38803440    0    0 1166224 797692 250193 977358 37 12 37 14  0  0
14 11  77224 137000784 2229128 38803472    0    0 1198160 777984 253321 1000149 39 13 34 13  0  0
 5 11  77224 137012192 2229128 38803496    0    0 1220096 782120 257522 1014588 40 14 34 13  0  0
10  8  77224 137009792 2229128 38803524    0    0 1213360 800360 256111 1009672 39 14 34 13  0  0
47 22  77224 137000532 2229128 38803552    0    0 1219136 770060 257505 1013522 40 13 34 13  0  0
51 19  77224 136987416 2229128 38803568    0    0 1172592 763032 249562 978231 38 13 35 14  0  0
44 24  77224 136991620 2229128 38803596    0    0 1173472 765404 249186 982217 38 13 36 14  0  0
29 24  77224 137015188 2229128 38803632    0    0 1166928 764068 248801 975661 38 13 36 14  0  0
32 42  77224 137047492 2229128 38803648    0    0 1181680 763808 249330 982317 37 11 37 15  0  0
53 19  77224 137028320 2229128 38803668    0    0 1205152 782444 255266 1006682 39 13 35 13  0  0
40 19  77224 137007084 2229128 38803692    0    0 1205600 795784 255447 1009120 39 13 34 13  0  0
55 18  77224 137000696 2229128 38803724    0    0 1216096 791660 257323 1014779 40 13 34 13  0  0
44 27  77224 136976792 2229128 38803748    0    0 1217088 787136 256070 1014189 39 14 34 13  0  0
procs -----------memory---------- ---swap-- -----io---- -system-- -------cpu-------
 r  b   swpd   free   buff  cache   si   so    bi    bo   in   cs us sy id wa st gu
43 19  77224 136997420 2229128 38803768    0    0 1202208 793484 254217 1004015 39 13 35 13  0  0
23 14  77224 137004932 2229128 38803800    0    0 1200864 781944 254361 1002586 39 13 35 13  0  0
43 25  77224 137002960 2229128 38803824    0    0 1214000 784596 255080 1011967 39 13 35 13  0  0
53 16  77224 137019644 2229128 38803852    0    0 1226432 793876 256047 1019667 39 13 35 13  0  0
15 41  77224 137024752 2229128 38803868    0    0 1205296 788112 253931 1006732 38 12 36 13  0  0
46 26  77224 136995280 2229128 38803900    0    0 1189376 776248 251967 998037 39 13 34 14  0  0
48 23  77224 136998680 2229128 38803924    0    0 1184848 773572 251201 990138 38 13 35 13  0  0
21 20  77224 137011720 2229128 38803960    0    0 1172928 764664 247937 978375 38 13 36 13  0  0
31 41  77224 137010932 2229128 38803980    0    0 1163104 762700 248630 972643 37 13 37 13  0  0
14 38  77224 136999768 2229128 38804000    0    0 1212144 789244 253418 1008461 39 13 34 13  0  0
44 30  77224 136990544 2229128 38804032    0    0 1210848 792136 254664 1008107 39 13 34 13  0  0
40 27  77224 136991888 2229128 38804056    0    0 1217008 791792 254995 1016485 40 14 34 13  0  0
30 43  77224 137025708 2229128 38804084    0    0 1225408 800304 255393 1017933 39 12 35 14  0  0
40 40  77224 137023608 2229128 38804104    0    0 1197312 783600 252361 998309 39 13 35 13  0  0
29 43  77224 137012092 2229132 38804120    0    0 1186944 761124 250396 989753 38 13 36 13  0  0
41 21  77224 137005996 2229132 38804152    0    0 1192640 790496 252890 1000619 39 13 35 13  0  0
36 23  77224 137009064 2229132 38804180    0    0 1199152 779632 253091 1002151 39 13 35 13  0  0
25 17  77224 136984700 2229132 38804212    0    0 1201344 785500 253848 1004636 39 14 34 13  0  0
15 12  77224 137006260 2229132 38804236    0    0 1189040 770792 252555 995918 39 13 35 13  0  0
47 30  77224 136996620 2229132 38804264    0    0 1190176 763552 251053 991682 39 13 35 13  0  0
21 36  77224 137009160 2229132 38804292    0    0 1182480 768352 250535 988371 38 13 36 13  0  0
procs -----------memory---------- ---swap-- -----io---- -system-- -------cpu-------
 r  b   swpd   free   buff  cache   si   so    bi    bo   in   cs us sy id wa st gu
16  6  77224 137043972 2229132 38804320    0    0 1148816 737700 243627 955845 36 11 39 14  0  0
42 31  77224 137014192 2229132 38804344    0    0 1166960 778968 248777 978752 38 13 36 13  0  0
31 15  77224 137011540 2229132 38804372    0    0 1185904 768768 251357 989243 38 13 36 13  0  0
36 22  77224 136982424 2229132 38804400    0    0 1190960 788032 252597 994736 38 13 35 13  0  0
26 24  77224 136984236 2229132 38804420    0    0 1197360 765164 251531 997567 39 13 35 13  0  0
19 21  77224 136974824 2229132 38804448    0    0 1197600 760408 250529 993682 39 13 35 13  0  0
30 23  77224 136977840 2229132 38804476    0    0 1167584 781764 259194 975967 38 13 36 13  0  0
18 10  77224 136989144 2229132 38804500    0    0 1177392 766560 251369 987295 38 13 36 13  0  0
30 33  77224 137010772 2229132 38804524    0    0 1204752 776760 252744 1000571 38 12 36 14  0  0
29 31  77224 136996648 2229132 38804540    0    0 1186496 790960 252021 989559 38 13 36 13  0  0
37 29  77224 137006632 2229132 38804572    0    0 1178400 777428 251368 985762 38 13 36 13  0  0
37 35  77224 137003632 2229132 38804600    0    0 1168688 769240 250762 980302 38 13 36 13  0  0
38 39  77224 136998272 2229132 38804624    0    0 1175296 741496 251001 979255 38 13 36 13  0  0
38 28  77224 137000136 2229132 38804652    0    0 1140912 755564 246524 960638 37 13 37 13  0  0
19 38  77224 136997896 2229132 38804672    0    0 1167664 776832 250866 980709 38 13 36 13  0  0
25 51  77224 137009276 2229132 38804692    0    0 1181312 759036 250512 987292 38 13 35 13  0  0
30 29  77224 137006004 2229132 38804732    0    0 1180480 784688 251930 990329 39 13 35 13  0  0
32 29  77224 137037032 2229132 38804756    0    0 1201056 789284 251851 1002853 38 12 37 14  0  0
21 30  77224 137001224 2229132 38804776    0    0 1178752 753916 250605 985121 38 13 36 13  0  0
23 43  77224 136995384 2229132 38804804    0    0 1169216 767100 249231 978942 38 13 36 14  0  0
20 10  77224 136983104 2229132 38804836    0    0 1182480 770980 250156 985078 38 13 36 13  0  0
procs -----------memory---------- ---swap-- -----io---- -system-- -------cpu-------
 r  b   swpd   free   buff  cache   si   so    bi    bo   in   cs us sy id wa st gu
25 44  77224 136995484 2229132 38804864    0    0 1187856 784836 253022 993042 38 13 35 13  0  0
33 42  77224 137001268 2229132 38804888    0    0 1179440 768444 251557 987002 38 13 35 14  0  0
33 46  77224 136991232 2229132 38804912    0    0 1167968 755548 248907 978939 38 13 36 13  0  0
21  9  77224 136988168 2229132 38804948    0    0 1146176 750860 246551 962778 37 12 38 13  0  0
17  9  77224 136996188 2229132 38804968    0    0 1155856 756652 246395 963361 37 12 37 14  0  0
17 34  77224 137004932 2229132 38804992    0    0 1119344 737852 242241 938479 35 11 39 14  0  0
23 36  77224 137021640 2229132 38805024    0    0 1156720 751020 245978 963666 37 13 37 14  0  0
18 40  77224 137005536 2229132 38805044    0    0 1154800 747396 247249 963955 37 13 37 13  0  0
19 16  77224 136996756 2229132 38805072    0    0 1159712 758128 248034 971836 37 13 36 14  0  0
33 37  77224 136998432 2229132 38805096    0    0 1164720 767588 250225 977298 38 13 36 13  0  0
34 42  77224 136992168 2229132 38805128    0    0 1165200 758900 248314 972173 37 13 37 13  0  0
26 45  77224 136995244 2229132 38805148    0    0 1153792 751428 247089 964660 37 13 36 14  0  0
37 39  77224 136981116 2229132 38805176    0    0 1158592 748672 247508 970863 37 13 37 13  0  0
25 30  77224 137004500 2229132 38805200    0    0 1161712 769888 249139 972492 37 11 38 14  0  0
29 39  77224 136999768 2229132 38805216    0    0 1160448 752132 248239 973500 37 12 37 13  0  0
21 15  77224 136993516 2229132 38805248    0    0 1159728 750140 247232 972443 37 13 37 13  0  0
41 31  77224 136978528 2229132 38805272    0    0 1167952 748872 247429 975306 38 13 36 13  0  0
27 14  77224 136970376 2229132 38805308    0    0 1167840 768964 248922 975771 38 13 36 13  0  0
36 33  77224 136996868 2229132 38805340    0    0 1106368 717708 241443 929215 35 12 39 14  0  0
19 11  77224 137027592 2229132 38805364    0    0 1137952 768256 246165 957930 37 12 37 14  0  0
10 15  77224 137009184 2229132 38805396    0    0 1143488 740328 245115 957520 36 13 38 13  0  0
procs -----------memory---------- ---swap-- -----io---- -system-- -------cpu-------
 r  b   swpd   free   buff  cache   si   so    bi    bo   in   cs us sy id wa st gu
28 21  77224 137016308 2229132 38805412    0    0 1158992 769780 246141 970047 37 12 38 14  0  0
37 37  77224 137007556 2229132 38805424    0    0 1167840 752660 247340 974501 37 12 38 13  0  0
26 28  77224 137010340 2229132 38805456    0    0 1156720 743208 246965 965151 37 13 37 13  0  0
20 45  77224 137005560 2229132 38805488    0    0 1142944 755676 245636 957231 37 13 37 14  0  0
33 29  77224 136995356 2229132 38805512    0    0 1152944 756268 247149 963435 37 13 37 13  0  0
19 29  77224 136984524 2229132 38805536    0    0 1164160 735312 246689 969060 37 13 37 13  0  0
35  9  77224 136975580 2229132 38805572    0    0 1175024 755420 248069 976836 38 13 36 14  0  0
20 44  77224 136981052 2229132 38805596    0    0 1176640 758492 250272 983478 38 13 36 14  0  0
31 24  77224 136992896 2229132 38805624    0    0 1154784 757664 247420 969126 37 13 37 14  0  0
24 39  77224 137011144 2229132 38805648    0    0 1176560 763536 248801 982935 37 11 38 14  0  0
43 44  77224 136994136 2229132 38805680    0    0 1101344 721636 240464 925909 35 12 39 14  0  0
51 29  77224 136999356 2229132 38805700    0    0 1157840 741860 247263 965975 37 12 37 14  0  0
10 10  77224 136996116 2229132 38805732    0    0 1155488 739892 245691 962833 37 13 37 13  0  0
55 17  77224 136983456 2229132 38805752    0    0 1168144 740668 247788 977490 37 13 36 13  0  0
35 35  77224 136982436 2229132 38805788    0    0 1160848 771036 249074 973196 38 13 36 13  0  0
 9  5  77224 136964636 2229132 38805812    0    0 1178080 766368 249730 988750 38 13 36 13  0  0
10  7  77224 136961752 2229132 38805836    0    0 1161472 754808 247044 968268 37 13 37 13  0  0
 8  2  77224 136993912 2229132 38805860    0    0 1153392 749452 244451 961540 36 12 38 14  0  0
53 18  77224 137012312 2229132 38805872    0    0 1171968 746224 248454 979488 37 12 37 14  0  0
39 30  77224 137001224 2229132 38805908    0    0 1172016 749860 248568 974821 38 13 36 13  0  0
45 25  77224 136992552 2229132 38805940    0    0 1171296 784296 249236 982097 38 13 36 14  0  0
procs -----------memory---------- ---swap-- -----io---- -system-- -------cpu-------
 r  b   swpd   free   buff  cache   si   so    bi    bo   in   cs us sy id wa st gu
44 28  77224 136977348 2229132 38805968    0    0 1154816 750676 247307 967145 37 13 37 13  0  0
50 24  77224 136955776 2229132 38805996    0    0 1159968 750548 245830 969126 37 13 37 13  0  0
22 26  77224 136984676 2229132 38806020    0    0 1140080 750560 247065 961366 36 13 37 14  0  0
37 30  77224 136997584 2229132 38806048    0    0 1136752 731128 243814 952860 37 12 37 14  0  0
54 17  77224 136997696 2229132 38806076    0    0 1169232 739960 247904 976550 37 13 36 14  0  0
45 29  77224 137034684 2229132 38806096    0    0 1161872 757124 243865 966741 36 11 38 14  0  0
28 44  77224 137000936 2229132 38806112    0    0 1156992 770656 246991 970718 37 13 37 13  0  0
20  7  77224 136978284 2229132 38806144    0    0 1185648 759320 249070 989594 38 13 35 14  0  0
26 29  77224 136980460 2229132 38806164    0    0 1144160 755368 245461 959063 37 13 36 14  0  0
55 18  77224 136989376 2229132 38806196    0    0 1156096 734848 245443 963367 37 12 36 14  0  0
41 29  77224 136985200 2229132 38806224    0    0 1142384 755676 244002 958606 37 13 37 13  0  0
53 19  77224 136974140 2229132 38806252    0    0 1154128 741292 246361 964945 37 13 37 14  0  0
50 25  77224 136977168 2229132 38806272    0    0 1153008 755924 246663 965518 37 13 36 14  0  0
45 22  77224 137001104 2229132 38806304    0    0 1163920 743196 244315 967764 37 12 37 15  0  0
56 15  77224 136982692 2229132 38806324    0    0 1155120 759104 247251 967812 37 12 37 14  0  0
 7 12  77224 136992796 2229132 38806348    0    0 1151760 749132 245890 962793 37 13 37 13  0  0
51 21  77224 136986624 2229132 38806376    0    0 1112048 732476 242807 937296 36 12 39 14  0  0
48 21  77224 136983080 2229132 38806408    0    0 1158272 748024 246792 965911 37 13 37 14  0  0
45 21  77224 136999032 2229132 38806436    0    0 1141872 762772 246045 956394 37 13 37 13  0  0
49 21  77224 136995772 2229132 38806464    0    0 1162512 755360 247005 972081 37 13 36 14  0  0
55 16  77224 136988380 2229132 38806492    0    0 1170944 757432 248981 979250 38 13 36 13  0  0
procs -----------memory---------- ---swap-- -----io---- -system-- -------cpu-------
 r  b   swpd   free   buff  cache   si   so    bi    bo   in   cs us sy id wa st gu
53 20  77224 136996260 2229132 38806512    0    0 1169568 755308 246433 976451 37 12 37 14  0  0
 9  9  77224 137010996 2229132 38806536    0    0 1151280 752808 242138 956640 36 11 38 15  0  0
10  4  77224 136983332 2229132 38806556    0    0 1146800 760932 244760 957444 36 13 37 14  0  0
55  4  77224 136990812 2229132 38806584    0    0 1173088 728796 246649 971986 37 13 36 14  0  0
47 26  77224 136968580 2229132 38806612    0    0 1149792 753804 243247 959147 37 13 37 13  0  0
17  4  77224 136970936 2229132 38806640    0    0 1048576 718824 229822 879589 33 11 41 15  0  0
42 30  77224 137011612 2229132 38806668    0    0 1011184 640440 223973 845307 31 11 42 16  0  0
35 34  77224 137024136 2229132 38806696    0    0 968464 679036 223833 828818 30 10 44 16  0  0
40 28  77224 137005316 2229132 38806716    0    0 969664 637760 220077 819904 30 10 44 16  0  0
12 22  77224 137023240 2229132 38806744    0    0 1068704 692624 228358 888853 33 10 41 17  0  0
37 32  77224 136992228 2229132 38806768    0    0 1120192 706632 238686 932187 36 12 37 15  0  0
54 17  77224 136978208 2229132 38806792    0    0 1137760 733896 241617 946573 36 12 37 15  0  0
50 20  77224 136982884 2229132 38806820    0    0 1120464 724652 238002 933958 35 12 37 15  0  0
43 22  77224 136986240 2229132 38806844    0    0 1126768 721508 239436 940363 36 12 36 15  0  0
50 21  77224 136961440 2229132 38806884    0    0 1110080 724288 238257 928890 35 12 38 15  0  0
14  9  77224 136977820 2229132 38806908    0    0 1084496 717352 235750 911086 34 12 39 15  0  0
44 26  77224 136999428 2229132 38806928    0    0 1101088 711088 236645 919409 35 12 38 15  0  0
10  3  77224 137012508 2229132 38806956    0    0 1108816 719836 236278 923956 34 11 39 15  0  0
41 28  77224 136988484 2229132 38806976    0    0 1097392 709616 235766 915061 35 11 39 16  0  0
46 25  77224 136987852 2229132 38807000    0    0 1108880 713672 237516 925446 35 12 38 15  0  0
49 21  77224 136992416 2229132 38807028    0    0 1098768 713112 235747 919433 35 12 38 15  0  0
procs -----------memory---------- ---swap-- -----io---- -system-- -------cpu-------
 r  b   swpd   free   buff  cache   si   so    bi    bo   in   cs us sy id wa st gu
56 19  77224 136987448 2229132 38807056    0    0 1126160 709944 238449 937899 36 12 37 15  0  0
54 20  77224 136982232 2229132 38807080    0    0 1099760 732592 237789 922646 35 12 39 14  0  0
53 20  77224 136995012 2229132 38807108    0    0 1176704 756860 247836 984218 38 13 35 14  0  0
16  6  77224 136975816 2229132 38807140    0    0 1177168 784000 249486 981983 38 13 36 13  0  0
48 19  77224 136984404 2229132 38807164    0    0 1189968 768100 250520 991495 38 13 36 13  0  0
16  2  77224 136991008 2229132 38807184    0    0 1200272 756664 248610 993747 38 12 36 14  0  0
 8  9  77224 136981836 2229132 38807208    0    0 1160736 772288 246506 971708 37 12 36 14  0  0
32 37  77224 136978972 2229132 38807228    0    0 1180784 760048 250135 986689 38 13 36 14  0  0
53 20  77224 136971008 2229132 38807264    0    0 1192960 781472 252214 997462 38 13 35 13  0  0
49 22  77224 136967952 2229132 38807288    0    0 1192160 781224 251030 996780 38 13 35 13  0  0
45 24  77224 136960728 2229132 38807312    0    0 1194512 780052 251506 999895 39 13 34 14  0  0
55 15  77224 136971884 2229132 38807344    0    0 1189408 764184 249777 992497 38 13 35 13  0  0
42 23  77224 136974452 2229132 38807368    0    0 1189552 757336 250111 991954 38 13 35 14  0  0
47 22  77224 137001592 2229132 38807396    0    0 1206256 771160 250859 1004158 38 12 35 14  0  0
44 25  77224 137005364 2229132 38807420    0    0 1171360 770504 247464 978559 38 12 36 14  0  0
51 18  77224 136992256 2229132 38807444    0    0 1187504 781768 249762 989978 38 13 36 13  0  0
53 15  77224 136986300 2229132 38807472    0    0 1198896 763288 252353 1000082 39 13 34 13  0  0
45 24  77224 136989060 2229132 38807500    0    0 1182096 796368 250503 989629 38 13 36 13  0  0
20 12  77224 136995776 2229132 38807532    0    0 1179648 763776 248531 980968 38 13 36 14  0  0
45 26  77224 136979800 2229132 38807556    0    0 1164496 749472 247221 973019 37 13 36 14  0  0
52 18  77224 136975916 2229132 38807584    0    0 1168816 754784 246610 975971 38 13 35 14  0  0
procs -----------memory---------- ---swap-- -----io---- -system-- -------cpu-------
 r  b   swpd   free   buff  cache   si   so    bi    bo   in   cs us sy id wa st gu
13  6  77224 136971336 2229132 38807604    0    0 1176656 763260 246241 980924 38 13 36 14  0  0
49 21  77224 136994388 2229132 38807620    0    0 1182336 768868 247892 986719 37 11 37 15  0  0
52 19  77224 136973232 2229132 38807640    0    0 1194064 755680 248625 992406 38 13 35 14  0  0
46 24  77224 136977316 2229132 38807668    0    0 1173328 787280 248612 982276 38 13 36 14  0  0
44 23  77224 136972700 2229132 38807696    0    0 1188912 768324 250192 990463 38 13 36 13  0  0
54 19  77224 136966004 2229132 38807716    0    0 1174528 769904 247453 979315 38 13 36 13  0  0
53 22  77224 136977204 2229132 38807744    0    0 1167680 734000 246058 973930 38 13 36 14  0  0
13 12  77224 136961968 2229132 38807776    0    0 1170272 770320 247637 976920 38 13 36 14  0  0
51 20  77224 136972528 2229132 38807800    0    0 1172256 752524 248270 980185 38 13 36 14  0  0
 8  6  77224 136994708 2229132 38807828    0    0 1178016 788900 247311 979739 37 12 37 14  0  0
50 20  77224 136981836 2229132 38807844    0    0 1177680 746384 246659 977947 38 12 36 14  0  0
23  1  77224 136987368 2229132 38807872    0    0 1149904 772204 244761 960004 37 13 37 14  0  0
18 11  77224 136988008 2229132 38807896    0    0 1163424 767012 247795 976694 37 13 36 14  0  0
12 29  77224 136986552 2229132 38807920    0    0 1170672 767056 247590 979530 38 13 36 14  0  0
51 18  77224 136980288 2229132 38807956    0    0 1180976 756892 248954 987128 38 13 35 14  0  0
10  7  77224 136980588 2229132 38807976    0    0 1177200 773408 247836 981542 38 13 35 14  0  0
42 25  77224 136980404 2229132 38808000    0    0 1191088 770792 250775 991935 38 13 35 13  0  0
48 21  77224 136975308 2229132 38808032    0    0 1181376 775252 249241 986121 37 13 36 14  0  0
46 22  77224 137008804 2229136 38808052    0    0 1210960 781812 251153 1007159 38 12 36 14  0  0
46 22  77224 136993608 2229136 38808072    0    0 1167552 772408 246723 976074 37 13 36 14  0  0
18  5  77224 136984020 2229136 38808100    0    0 1196736 774136 252124 996803 39 13 35 13  0  0
procs -----------memory---------- ---swap-- -----io---- -system-- -------cpu-------
 r  b   swpd   free   buff  cache   si   so    bi    bo   in   cs us sy id wa st gu
38 32  77224 136981512 2229136 38808132    0    0 1193152 778676 251030 995063 38 13 35 14  0  0
52 16  77224 136981260 2229136 38808160    0    0 1190848 759860 249021 989519 38 13 35 14  0  0
 7  3  77224 136986196 2229136 38808184    0    0 1172464 770908 247051 977375 38 13 36 14  0  0
48 23  77224 136996220 2229136 38808212    0    0 1148224 755244 245141 963884 37 13 37 14  0  0
52 17  77224 136976936 2229136 38808244    0    0 1166368 747780 246675 975082 38 13 36 14  0  0
 9  2  77224 136995212 2229136 38808264    0    0 1168304 765576 244850 973862 37 12 37 14  0  0
51 20  77224 137003584 2229136 38808280    0    0 1186112 754776 248145 986419 38 12 36 14  0  0
48 22  77224 137002124 2229136 38808300    0    0 1183968 781540 250613 990662 38 13 35 14  0  0
51 18  77224 136993096 2229136 38808336    0    0 1224144 766760 255941 1018218 40 14 33 13  0  0
53 20  77224 136987316 2229136 38808356    0    0 1200816 780652 254312 1005731 39 14 34 13  0  0
40 28  77224 136980920 2229136 38808384    0    0 1202416 788668 254065 1002813 39 13 35 13  0  0
53 16  77224 136980056 2229136 38808412    0    0 1174192 766556 249454 983628 38 13 35 14  0  0
42 26  77224 136975800 2229136 38808432    0    0 1190720 806968 251928 996624 38 13 35 13  0  0
39 32  77224 136974496 2229136 38808464    0    0 1211072 792744 252925 1009562 39 13 35 13  0  0
50 22  77224 136991552 2229136 38808488    0    0 1219680 776176 252586 1011637 38 12 36 14  0  0
58 16  77224 136980984 2229136 38808512    0    0 1185680 773020 250045 991407 38 13 35 14  0  0
 6 11  77224 136993612 2229136 38808536    0    0 1169008 772592 246957 975868 38 13 36 14  0  0
40 34  77224 136992808 2229136 38808564    0    0 1162448 766804 248007 975651 37 13 36 14  0  0
16  8  77224 136991108 2229136 38808592    0    0 1187648 772004 249775 992186 38 13 35 14  0  0
 9 16  77224 136983916 2229136 38808620    0    0 1185632 761996 250254 990850 38 13 35 14  0  0
46 23  77224 136979252 2229136 38808640    0    0 1200896 789584 252451 1004456 39 13 35 14  0  0
procs -----------memory---------- ---swap-- -----io---- -system-- -------cpu-------
 r  b   swpd   free   buff  cache   si   so    bi    bo   in   cs us sy id wa st gu
50 20  77224 136952988 2229136 38808668    0    0 1211360 778328 253117 1010247 39 13 35 13  0  0
42 25  77224 136982772 2229136 38808700    0    0 1191392 791432 251255 995050 38 12 36 13  0  0
46 23  77224 136976624 2229136 38808728    0    0 1191584 784824 251590 997034 38 12 36 14  0  0
43 28  77224 136977804 2229136 38808752    0    0 1173936 748116 248546 979248 38 13 36 13  0  0
39 28  77224 136953452 2229136 38808780    0    0 1184368 802048 249472 990922 38 13 36 13  0  0
 9  5  77224 136974412 2229136 38808804    0    0 1197504 774124 252716 1000095 39 13 35 13  0  0
 8 15  77224 136983224 2229136 38808828    0    0 1184320 776788 251112 989404 38 13 36 14  0  0
25 12  77224 136994104 2229136 38808864    0    0 1174400 765284 246767 979377 38 13 36 14  0  0
41 31  77224 136987732 2229136 38808892    0    0 1169408 759400 248686 980594 37 12 36 14  0  0
46 22  77224 136998604 2229136 38808916    0    0 1150112 727716 242861 955979 36 12 37 14  0  0
14  6  77224 137009604 2229136 38808936    0    0 1162848 788848 247133 974085 37 11 37 14  0  0
 5  8  77224 136999248 2229136 38809000    0    0 1172048 760628 246785 974481 38 13 36 14  0  0
52 17  77224 136986836 2229136 38809028    0    0 1199312 753964 250380 997204 39 13 35 13  0  0
51 18  77224 136980600 2229136 38809052    0    0 1189552 779436 251250 995835 39 13 35 13  0  0
45 25  77224 136971076 2229136 38809084    0    0 1183040 787156 250839 992076 38 13 35 14  0  0
48 20  77224 136981724 2229136 38809100    0    0 1168720 760728 248246 977540 38 13 36 13  0  0
55 18  77224 136984996 2229136 38809128    0    0 1169664 763488 247732 980193 38 13 36 14  0  0
54 22  77224 136977244 2229136 38809156    0    0 1188768 751972 249809 991464 38 13 35 13  0  0
38 28  77224 137009632 2229136 38809184    0    0 1170176 792216 247579 981215 37 12 38 13  0  0
32 19  77224 137004948 2229136 38809200    0    0 1184048 770440 249742 991196 38 12 36 14  0  0
 8  5  77224 136997636 2229136 38809224    0    0 1175904 756068 246460 977443 38 13 36 14  0  0
procs -----------memory---------- ---swap-- -----io---- -system-- -------cpu-------
 r  b   swpd   free   buff  cache   si   so    bi    bo   in   cs us sy id wa st gu
47 26  77224 136985100 2229136 38809256    0    0 1169904 740228 246069 975796 38 13 36 14  0  0
37 32  77224 136987084 2229136 38809280    0    0 1120960 758432 241056 939169 36 12 38 14  0  0
40 29  77224 136985252 2229136 38809308    0    0 1167840 738352 245824 971929 37 13 36 14  0  0
48 23  77224 136992412 2229136 38809340    0    0 1168192 741084 246757 975432 37 13 36 14  0  0
55 21  77224 136991052 2229136 38809368    0    0 1165904 771112 246004 972946 37 13 36 14  0  0
61 15  77224 136992524 2229136 38809400    0    0 1174944 756620 247488 981900 38 13 35 14  0  0
59 15  77224 137018932 2229136 38809416    0    0 1174320 764472 245912 976106 37 11 38 15  0  0
45 24  77224 137010092 2229136 38809432    0    0 1143328 753232 244685 956978 36 12 37 14  0  0
10 10  77224 136985448 2229136 38809460    0    0 1135328 753132 241483 948427 36 12 38 14  0  0
48 21  77224 136990836 2229136 38809488    0    0 1143056 746840 244623 960949 37 13 37 14  0  0
48 22  77224 136991980 2229136 38809512    0    0 1154512 754660 245379 969156 37 12 36 14  0  0
46 24  77224 136980512 2229136 38809540    0    0 1155472 753744 244202 963078 37 13 37 14  0  0
41 31  77224 136984200 2229136 38809572    0    0 1153488 767864 245914 965794 37 13 37 14  0  0
20 26  77224 136983744 2229136 38809596    0    0 1143824 757088 244704 958947 36 13 37 14  0  0
48 22  77224 137016924 2229136 38809624    0    0 1146528 721804 241551 952697 36 11 39 14  0  0
48 25  77224 137019352 2229136 38809640    0    0 1113952 739200 240140 935791 35 11 39 14  0  0
51 16  77224 137016800 2229136 38809664    0    0 1138128 740196 243402 955274 36 12 37 14  0  0
47 23  77224 136994024 2229136 38809696    0    0 1135760 747676 242122 948821 36 12 38 14  0  0
38 41  77224 136991640 2229136 38809724    0    0 1148672 772560 246173 967889 37 13 37 14  0  0
52 17  77224 136987324 2229136 38809752    0    0 1167008 744164 247038 974898 37 13 36 14  0  0
50 21  77224 136979208 2229136 38809784    0    0 1145232 724204 241997 953234 37 12 37 14  0  0
procs -----------memory---------- ---swap-- -----io---- -system-- -------cpu-------
 r  b   swpd   free   buff  cache   si   so    bi    bo   in   cs us sy id wa st gu
58 13  77224 136977636 2229136 38809816    0    0 1119536 740512 240575 941151 36 12 38 14  0  0
43 25  77224 136977608 2229136 38809840    0    0 1147888 769108 245137 964524 37 12 37 14  0  0
50 23  77224 136998360 2229136 38809864    0    0 1167856 756780 244638 969427 36 11 38 14  0  0
 7 11  77224 136979908 2229136 38809876    0    0 1164400 754480 245961 972253 38 12 36 14  0  0
 5  8  77224 136979984 2229136 38809904    0    0 1149136 767632 245547 967253 37 13 37 13  0  0
44 27  77224 136986520 2229136 38809932    0    0 1152192 750252 243921 961278 37 13 37 14  0  0
21 10  77224 136983996 2229136 38809960    0    0 1153648 749060 244560 964324 37 13 36 14  0  0
52 20  77224 136972632 2229136 38809988    0    0 1116448 714500 239849 930231 36 12 39 14  0  0
15 17  77224 136975032 2229136 38810024    0    0 1149088 756864 245423 962379 37 12 36 14  0  0
49 21  77224 136983180 2229136 38810048    0    0 1152560 752136 246317 966725 37 13 36 14  0  0
 6  5  77224 137005040 2229136 38810072    0    0 1175696 750884 246491 976523 37 12 37 14  0  0
18  2  77224 137003768 2229136 38810092    0    0 1168736 748884 245507 973174 38 12 37 14  0  0
21  3  77224 137011624 2229136 38810116    0    0 1152784 741944 245621 966631 37 13 37 14  0  0
45 24  77224 137007244 2229136 38810144    0    0 1135808 744804 242661 952175 36 12 37 14  0  0
52 23  77224 136985196 2229136 38810164    0    0 1149232 742400 243657 956882 36 12 37 14  0  0
 6  2  77224 136981000 2229136 38810192    0    0 1161984 779612 247769 973784 38 13 36 14  0  0
53 20  77224 136977708 2229136 38810220    0    0 1155072 752620 247077 968108 37 13 37 14  0  0
53 20  77224 136972432 2229136 38810248    0    0 1167456 746144 246300 972357 38 13 36 14  0  0
10  5  77224 136999856 2229136 38810276    0    0 1153520 776340 247034 966426 37 12 37 14  0  0
47 23  77224 137031076 2229136 38810300    0    0 1172976 735816 243740 970726 37 11 38 14  0  0
53 19  77224 137003340 2229136 38810312    0    0 1144336 752744 246034 960549 37 12 37 14  0  0
procs -----------memory---------- ---swap-- -----io---- -system-- -------cpu-------
 r  b   swpd   free   buff  cache   si   so    bi    bo   in   cs us sy id wa st gu
46 22  77224 137005796 2229136 38810344    0    0 1119488 733828 241822 941336 36 12 38 14  0  0
49 27  77224 136989128 2229136 38810376    0    0 1155664 758360 244621 965278 37 12 37 14  0  0
 8 11  77224 136971952 2229136 38810408    0    0 1161024 763636 244736 968902 37 13 36 14  0  0
51 16  77224 136984108 2229136 38810432    0    0 1169232 757616 249387 981005 37 13 36 13  0  0
43 26  77224 136998944 2229136 38810456    0    0 1180752 757972 250274 987331 38 13 36 13  0  0
49 19  77224 136977096 2229136 38810480    0    0 1163136 763000 248876 973510 37 13 36 14  0  0
45 23  77224 137007092 2229136 38810508    0    0 1132768 754288 242190 950256 35 11 39 14  0  0
51 22  77224 137001644 2229136 38810528    0    0 1146768 753736 243846 957496 36 12 38 14  0  0
55 22  77224 136994648 2229136 38810548    0    0 1164144 750392 246588 969153 37 13 36 14  0  0
49 21  77224 137008320 2229136 38810580    0    0 1165312 765296 248191 973501 37 13 36 14  0  0
52 21  77224 137007536 2229136 38810608    0    0 1166576 757520 247853 976344 38 13 36 14  0  0
44  0  77224 136971260 2229136 38810640    0    0 1165040 735724 244471 969604 37 13 36 14  0  0
47 22  77224 136975876 2229136 38810664    0    0 1137008 775348 243770 954354 36 12 37 14  0  0
 3  3  77224 136975536 2229136 38810688    0    0 1161264 769024 246313 970921 37 13 37 13  0  0
11  8  77224 136969204 2229136 38810720    0    0 1152512 740260 244884 960336 37 12 37 13  0  0
50 22  77224 136997844 2229136 38810740    0    0 1156592 772496 246421 967301 36 11 39 14  0  0
 9  5  77224 136995556 2229136 38810760    0    0 1169520 757012 248130 977854 38 13 36 13  0  0
 7  9  77224 136995160 2229136 38810784    0    0 1166464 768596 250093 980393 37 13 37 13  0  0
54 16  77224 136979268 2229136 38810812    0    0 1176064 743112 249328 980776 38 13 35 14  0  0
56 17  77224 136987340 2229136 38810844    0    0 1153552 751616 246093 968129 37 13 36 14  0  0
53 22  77224 136966204 2229136 38810864    0    0 1134736 751860 243153 951341 37 12 38 14  0  0
procs -----------memory---------- ---swap-- -----io---- -system-- -------cpu-------
 r  b   swpd   free   buff  cache   si   so    bi    bo   in   cs us sy id wa st gu
52 19  77224 136986464 2229136 38810896    0    0 1159136 749456 246398 972712 37 13 36 14  0  0
20 45  77224 136985648 2229136 38810912    0    0 1156688 762528 246879 971244 37 13 36 14  0  0
47 19  77224 137020540 2229136 38810940    0    0 1178336 735364 245570 977995 37 12 37 15  0  0
47 23  77224 137020120 2229136 38810956    0    0 1164016 754172 244419 968172 37 12 37 15  0  0
56 18  77224 137002844 2229136 38810984    0    0 1155856 764756 246211 970861 37 13 36 14  0  0
40 28  77224 136979828 2229136 38811012    0    0 1150016 766640 245576 965750 37 13 37 13  0  0
40 31  77224 136967188 2229136 38811040    0    0 1147904 740188 244509 958655 37 13 37 14  0  0
13  1  77224 136974396 2229136 38811064    0    0 1150848 763592 246391 965526 37 13 37 13  0  0
48 23  77224 136980060 2229136 38811092    0    0 1172224 746464 249550 980940 37 13 36 13  0  0
40 28  77224 136978824 2229136 38811116    0    0 1171296 771868 250018 982670 38 13 36 14  0  0
45 24  77224 136982744 2229136 38811140    0    0 1163040 763716 247859 975604 37 13 36 14  0  0
49 21  77224 137019484 2229136 38811164    0    0 1175472 754676 246406 977617 37 11 38 15  0  0
40 28  77224 136988396 2229136 38811188    0    0 1137088 772836 245041 955437 37 13 37 14  0  0
 7  6  77224 136989072 2229136 38811212    0    0 1142464 753532 243470 955754 37 12 37 14  0  0
50 19  77224 136985236 2229136 38811228    0    0 1165456 741184 245534 969634 37 13 37 14  0  0
48 20  77224 136969944 2229136 38811256    0    0 1158560 749584 244100 966423 37 13 37 14  0  0
44 24  77224 136983132 2229136 38811292    0    0 1152064 771348 245857 965789 37 13 36 14  0  0
36 29  77224 136974824 2229136 38811316    0    0 1176272 759196 249143 981244 38 13 36 13  0  0
13  9  77224 136955804 2229136 38811348    0    0 1170864 770876 247644 977312 38 13 36 13  0  0
60 11  77224 136980004 2229136 38811376    0    0 1191600 750940 250337 993877 38 12 36 14  0  0
48 22  77224 137000408 2229136 38811392    0    0 1122832 759528 243474 942276 35 12 39 14  0  0
procs -----------memory---------- ---swap-- -----io---- -system-- -------cpu-------
 r  b   swpd   free   buff  cache   si   so    bi    bo   in   cs us sy id wa st gu
15 11  77224 136997708 2229136 38811428    0    0 1162112 767592 246828 967227 37 13 37 13  0  0
46 22  77224 136979556 2229136 38811460    0    0 1141040 747112 245403 957443 36 13 37 14  0  0
12  6  77224 136968780 2229136 38811488    0    0 1135232 749696 243991 948407 37 12 37 14  0  0
51 19  77224 136962780 2229136 38811512    0    0 1149584 731064 243583 959126 37 13 37 14  0  0
16  6  77224 136981292 2229136 38811536    0    0 1133072 751676 241024 946855 36 12 36 15  0  0
55 15  77224 136983704 2229136 38811568    0    0 1123696 705536 239607 937830 36 12 37 15  0  0
10  9  77224 136980136 2229136 38811588    0    0 1115856 751708 239625 933223 35 12 38 15  0  0
47 24  77224 136999964 2229136 38811608    0    0 1157456 740372 243683 961657 36 11 37 15  0  0
42 30  77224 136990024 2229136 38811628    0    0 1119232 732284 238525 935439 36 12 37 15  0  0
51 16  77224 136994432 2229136 38811648    0    0 1143760 711128 241489 951236 37 12 36 15  0  0
53 19  77224 136999472 2229136 38811684    0    0 1121024 736360 238921 933079 35 12 37 15  0  0
46 22  77224 136991628 2229136 38811704    0    0 1135520 733744 240553 946128 36 12 37 15  0  0
60 13  77224 136990484 2229136 38811732    0    0 1127936 723208 240203 939998 36 12 37 15  0  0
11  4  77224 136981556 2229136 38811764    0    0 1063792 730564 234688 897320 34 11 40 15  0  0
48 22  77224 136997680 2229136 38811788    0    0 1103840 698200 235159 919260 35 12 38 16  0  0
45 22  77224 137031956 2229136 38811820    0    0 1103504 725744 236145 918430 34 10 40 16  0  0
47 22  77224 137009196 2229136 38811836    0    0 1121600 710748 238306 935784 35 12 37 16  0  0
46 22  77224 137001512 2229136 38811856    0    0 1112816 732092 238002 931191 35 12 38 15  0  0
51 23  77224 136977640 2229136 38811888    0    0 1131696 728284 240614 943100 36 12 37 15  0  0
50 20  77224 136982364 2229136 38811904    0    0 1151856 747884 243516 961715 37 12 37 14  0  0
43 28  77224 136971684 2229136 38811940    0    0 1152960 769704 246535 967311 37 13 36 14  0  0
procs -----------memory---------- ---swap-- -----io---- -system-- -------cpu-------
 r  b   swpd   free   buff  cache   si   so    bi    bo   in   cs us sy id wa st gu
50 18  77224 136974020 2229136 38811972    0    0 1174912 737980 245908 976154 38 13 36 14  0  0
34 35  77224 136975936 2229136 38811996    0    0 1156272 771224 246230 968123 37 13 36 14  0  0
44 24  77224 136991684 2229136 38812024    0    0 1185088 757772 249325 987086 38 12 36 14  0  0
 9  9  77224 137002228 2229136 38812048    0    0 1171888 778772 247868 980313 37 12 37 15  0  0
12 17  77224 136980668 2229136 38812068    0    0 1175232 760912 247874 979169 38 13 36 14  0  0
46 24  77224 136985628 2229136 38812100    0    0 1177488 741532 246766 982079 38 13 36 14  0  0
27 23  77224 136982500 2229136 38812124    0    0 1144320 771244 243631 958560 36 12 37 14  0  0
46 23  77224 136987476 2229136 38812148    0    0 1164256 727836 245835 966122 37 13 36 14  0  0
50 19  77224 136986564 2229136 38812180    0    0 1166176 754768 245641 971476 37 13 36 14  0  0
 5  8  77224 136964316 2229136 38812212    0    0 1186800 778936 250142 986386 38 13 35 13  0  0
56 15  77224 136977368 2229136 38812236    0    0 1188224 753680 250084 990911 38 13 35 14  0  0
51 18  77224 137003520 2229136 38812268    0    0 1184080 791348 249368 988926 37 12 36 15  0  0
37 32  77224 137003820 2229136 38812288    0    0 1181280 765404 248950 981257 38 12 36 14  0  0
51 20  77224 136996840 2229136 38812316    0    0 1190752 739960 246910 985863 38 13 35 14  0  0
 9 11  77224 136982788 2229136 38812332    0    0 1166928 775844 247005 975894 37 13 36 14  0  0
60 16  77224 136973092 2229136 38812360    0    0 1197248 764640 251703 1000890 39 13 35 13  0  0
44 22  77224 136970452 2229136 38812388    0    0 1197520 783768 252112 1000923 39 13 34 14  0  0
50 19  77224 136984532 2229136 38812416    0    0 1216544 790748 255499 1013098 39 13 34 13  0  0
12 13  77224 136983968 2229136 38812444    0    0 1204384 803216 254489 1008298 39 14 34 13  0  0
 8 17  77224 136995168 2229136 38812468    0    0 1193856 774692 251362 994036 38 13 36 13  0  0
18  8  77224 137009152 2229136 38812496    0    0 1177952 772260 247676 983142 37 12 38 14  0  0
procs -----------memory---------- ---swap-- -----io---- -system-- -------cpu-------
 r  b   swpd   free   buff  cache   si   so    bi    bo   in   cs us sy id wa st gu
52 21  77224 136992860 2229136 38812508    0    0 1181040 744032 249479 982953 38 13 36 13  0  0
10 12  77224 136993352 2229136 38812536    0    0 1179648 781268 248586 983332 38 13 36 13  0  0
15 14  77224 136989772 2229136 38812568    0    0 1183760 774804 250568 990202 38 13 35 14  0  0
 8 10  77224 136982532 2229136 38812592    0    0 1190160 754768 249815 993126 39 13 35 14  0  0
13  7  77224 136968456 2229136 38812620    0    0 1169472 778460 248894 978614 38 13 36 14  0  0
45 24  77224 136976852 2229136 38812644    0    0 1172768 759192 246004 978400 38 13 36 14  0  0
10 11  77224 136983900 2229136 38812676    0    0 1182240 773832 249964 988990 38 13 35 14  0  0
13  5  77224 137010504 2229136 38812696    0    0 1208976 780148 251707 1004182 39 12 35 14  0  0
51 21  77224 137006820 2229136 38812708    0    0 1204592 775176 251382 1000435 38 12 35 14  0  0
42 31  77224 136983584 2229136 38812736    0    0 1216416 770580 254068 1010708 39 13 34 13  0  0
15  7  77224 136987412 2229136 38812772    0    0 1204096 810584 254925 1010710 39 13 34 13  0  0
53 17  77224 136984072 2229136 38812792    0    0 1186240 770360 250312 991307 38 13 35 13  0  0
34  1  77224 136975056 2229136 38812820    0    0 1181712 749204 248913 984424 38 13 35 14  0  0
20  4  77224 136978340 2229136 38812844    0    0 1157088 783576 246558 969200 37 13 37 13  0  0
17 19  77224 136977024 2229136 38812872    0    0 1183712 782280 252311 990545 38 13 36 13  0  0
46 20  77224 136968648 2229136 38812900    0    0 1186928 771288 250593 991828 38 13 35 14  0  0
51 21  77224 136992132 2229136 38812924    0    0 1202992 761804 248660 995126 38 11 36 15  0  0
 9  7  77224 136991404 2229140 38812936    0    0 1182912 769580 248986 988394 38 13 35 14  0  0
49 21  77224 137002696 2229140 38812964    0    0 1157856 774884 247811 973308 37 13 36 14  0  0
49 19  77224 136994284 2229140 38812992    0    0 1197664 767152 251695 998414 38 13 35 14  0  0
52 24  77224 136973316 2229140 38813028    0    0 1202032 765876 253956 1002293 39 13 34 13  0  0
procs -----------memory---------- ---swap-- -----io---- -system-- -------cpu-------
 r  b   swpd   free   buff  cache   si   so    bi    bo   in   cs us sy id wa st gu
58 13  77224 136958504 2229140 38813048    0    0 1201136 784276 251569 998949 39 13 34 14  0  0
30 41  77224 136968944 2229140 38813068    0    0 1199008 809496 253926 1008428 39 14 35 13  0  0
55 14  77224 136971092 2229140 38813100    0    0 1222128 774228 255350 1016995 39 14 34 13  0  0
44 24  77224 137001160 2229140 38813124    0    0 1191696 790844 252534 996155 38 13 35 14  0  0
49 21  77224 136998152 2229140 38813148    0    0 1174688 755872 246631 975513 37 12 37 14  0  0
50 17  77224 136972852 2229140 38813168    0    0 1161088 783796 248583 977046 38 13 36 13  0  0
54 13  77224 136977784 2229140 38813196    0    0 1192880 753636 250008 992738 39 13 35 13  0  0
47 25  77224 136985236 2229140 38813220    0    0 1181392 795072 251232 989512 38 13 35 14  0  0
20  2  77224 136963600 2229140 38813248    0    0 1193680 757760 249180 992461 38 13 35 14  0  0
11  7  77224 136949520 2229140 38813280    0    0 1176736 788328 248974 978614 37 13 36 14  0  0
47 20  77224 136964292 2229140 38813304    0    0 1170144 757920 248096 978951 37 13 36 14  0  0
42 28  77224 136965780 2229144 38813324    0    0 1198816 751144 250401 995824 39 13 35 13  0  0
40 30  77224 137000984 2229144 38813348    0    0 1193456 812816 251952 1000226 38 12 37 14  0  0
38 41  77224 136998712 2229144 38813380    0    0 1202288 782040 253178 1001105 39 13 35 13  0  0
52 23  77224 136987688 2229144 38813412    0    0 1204048 781756 255438 1002839 39 13 34 13  0  0
25 10  77224 136964008 2229144 38813424    0    0 1213648 777568 255662 1007525 39 13 34 13  0  0
 7  4  77224 136961820 2229144 38813452    0    0 1180144 782368 251004 985596 38 13 36 13  0  0
55 18  77224 136970040 2229144 38813488    0    0 1166112 749472 249527 974548 37 13 36 14  0  0
48 22  77224 136974224 2229144 38813516    0    0 1169936 778876 251518 978319 38 13 36 14  0  0
48 22  77224 136966820 2229144 38813544    0    0 1192736 760840 251350 992313 39 13 35 13  0  0
46 20  77224 136979312 2229144 38813572    0    0 1188240 778724 251525 990824 38 13 36 13  0  0
procs -----------memory---------- ---swap-- -----io---- -system-- -------cpu-------
 r  b   swpd   free   buff  cache   si   so    bi    bo   in   cs us sy id wa st gu
14 13  77224 137007232 2229144 38813592    0    0 1185216 795076 248185 988258 38 12 36 14  0  0
42 28  77224 136997644 2229144 38813612    0    0 1189680 748736 250795 992292 38 13 35 14  0  0
49 22  77224 136994672 2229144 38813644    0    0 1191264 761552 249733 991178 38 13 35 14  0  0
54 21  77224 136979208 2229144 38813672    0    0 1188624 781156 253028 995213 38 13 35 13  0  0
26 28  77224 136969024 2229144 38813696    0    0 1182944 795688 249785 985430 38 13 35 13  0  0
46 24  77224 136962984 2229144 38813724    0    0 1204176 764132 254756 1004179 39 14 34 13  0  0
46 21  77224 136966644 2229144 38813756    0    0 1191968 787488 253352 994923 39 13 35 13  0  0
53 17  77224 136981300 2229144 38813776    0    0 1202880 762896 254062 1003504 39 13 34 13  0  0
51 20  77224 137006704 2229144 38813804    0    0 1195888 777164 252021 995936 38 12 36 14  0  0
52 18  77224 136987056 2229144 38813824    0    0 1144384 772764 248642 962247 37 12 37 14  0  0
55 15  77224 136977608 2229144 38813852    0    0 1166464 770544 249517 978485 37 13 36 13  0  0
45 25  77224 136967636 2229144 38813876    0    0 1190096 769752 250554 994940 38 13 35 13  0  0
49 21  77224 136960796 2229144 38813900    0    0 1196096 774500 251789 995375 38 13 35 14  0  0
39 34  77224 136979760 2229144 38813932    0    0 1172336 789856 251904 983256 38 13 36 14  0  0
46 27  77224 136962412 2229144 38813964    0    0 1190528 755580 248782 987711 38 13 35 14  0  0
58 16  77224 136967652 2229144 38813988    0    0 1185664 785144 252604 992296 38 13 35 13  0  0
49 22  77224 136968188 2229144 38814016    0    0 1190352 774988 249362 989663 38 13 36 14  0  0
44 28  77224 136987224 2229144 38814036    0    0 1197888 796272 254539 1003103 38 12 36 14  0  0
42 24  77224 136966104 2229144 38814052    0    0 1213856 768728 254940 1008401 39 13 34 14  0  0
45 23  77224 136971836 2229144 38814084    0    0 1176896 779648 251948 988082 39 13 35 13  0  0
53 21  77224 136977504 2229144 38814112    0    0 1192384 762760 252867 994758 38 13 35 13  0  0
procs -----------memory---------- ---swap-- -----io---- -system-- -------cpu-------
 r  b   swpd   free   buff  cache   si   so    bi    bo   in   cs us sy id wa st gu
57 16  77224 136966968 2229144 38814128    0    0 1191856 766732 253124 996187 39 13 35 13  0  0
51 19  77224 136975600 2229144 38814160    0    0 1151056 755252 246506 964176 37 13 37 14  0  0
48 23  77224 136967964 2229144 38814180    0    0 1161216 787876 246967 973416 37 13 37 13  0  0
65 12  77224 136955200 2229144 38814212    0    0 1205008 756972 250999 997882 38 13 35 13  0  0
41 27  77224 136974364 2229144 38814248    0    0 1200288 780048 248971 997341 38 12 36 14  0  0
52 19  77224 136963956 2229144 38814260    0    0 1188288 784020 249628 989644 38 12 36 14  0  0
24 23  77224 136962864 2229144 38814284    0    0 1186320 787728 250651 992849 39 13 35 13  0  0
52 23  77224 136976900 2229144 38814316    0    0 1198272 773284 251401 999093 39 13 34 14  0  0
46 23  77224 136967028 2229144 38814340    0    0 1194000 775128 253088 996193 38 13 35 13  0  0
47 23  77224 136969148 2229144 38814368    0    0 1187824 781208 251529 988853 38 13 35 13  0  0
41 29  77224 136955700 2229144 38814396    0    0 1197520 784548 253028 999951 38 13 35 13  0  0
11  3  77224 136965744 2229144 38814424    0    0 1190944 779104 249799 990586 38 13 35 13  0  0
43 24  77224 136995316 2229144 38814448    0    0 1185808 773816 251412 993088 38 13 36 14  0  0
46 22  77224 137012888 2229144 38814480    0    0 1190688 778648 248248 989444 38 12 37 14  0  0
45 25  77224 136978928 2229144 38814496    0    0 1156528 762440 246924 968519 37 13 37 13  0  0
 8 13  77224 136974356 2229144 38814524    0    0 1172592 778912 249099 983973 38 13 36 13  0  0
10  3  77224 136970472 2229144 38814544    0    0 1180352 764136 249220 981856 38 13 35 14  0  0
19  1  77224 136975628 2229144 38814572    0    0 1199856 755076 251590 1001105 39 13 35 13  0  0
10  4  77224 136959272 2229144 38814596    0    0 1163120 768572 246941 968312 37 13 36 14  0  0
45 24  77224 136962772 2229144 38814620    0    0 1199680 759124 250924 999831 39 13 34 14  0  0
52 15  77224 136959600 2229144 38814652    0    0 1191088 788552 251457 994978 38 13 35 14  0  0
procs -----------memory---------- ---swap-- -----io---- -system-- -------cpu-------
 r  b   swpd   free   buff  cache   si   so    bi    bo   in   cs us sy id wa st gu
52 16  77224 136993752 2229144 38814680    0    0 1200176 769816 250465 998900 38 12 36 14  0  0
18  3  77224 136987388 2229144 38814696    0    0 1181136 775788 249422 984798 38 12 36 13  0  0
13 14  77224 136973640 2229144 38814728    0    0 1174608 781572 249197 983862 38 13 35 14  0  0
40 28  77224 136946468 2229144 38814756    0    0 1177200 759692 247783 981156 38 13 35 14  0  0
49 20  77224 136952280 2229144 38814776    0    0 1182080 744352 245853 981284 38 13 35 14  0  0
 4  6  77224 136964668 2229144 38814800    0    0 1151184 785128 247185 968149 37 13 36 14  0  0
 6  7  77224 136955596 2229144 38814820    0    0 1165392 753616 244126 966681 37 13 36 14  0  0
 5  9  77224 136974048 2229144 38814848    0    0 1172512 759200 246802 976751 37 13 36 14  0  0
13  4  77224 136991188 2229144 38814880    0    0 1147920 759268 245246 958931 36 13 37 14  0  0
50 20  77224 137003600 2229144 38814896    0    0 1182336 764660 247746 986043 37 11 37 14  0  0
48 23  77224 136992652 2229144 38814916    0    0 1191280 776296 251112 992904 38 13 35 13  0  0
42 26  77224 136980160 2229144 38814948    0    0 1191312 791852 251531 995316 38 13 35 14  0  0
46 26  77224 136966768 2229144 38814968    0    0 1195904 775072 250972 996789 39 13 35 13  0  0
52 19  77224 136977344 2229144 38814996    0    0 1199216 770160 251068 998118 39 13 35 13  0  0
47 24  77224 136973860 2229144 38815024    0    0 1177808 773128 250217 987213 38 13 36 13  0  0
 7  6  77224 136966568 2229144 38815052    0    0 1183136 782720 249361 987328 38 13 35 13  0  0
34 36  77224 136983708 2229144 38815080    0    0 1181488 766116 248910 987439 38 13 35 14  0  0
41 30  77224 137004560 2229144 38815112    0    0 1189360 764120 247590 990742 38 12 36 14  0  0
47 23  77224 136997072 2229144 38815132    0    0 1173888 741464 244865 971093 37 12 37 14  0  0
39 29  77224 136991816 2229144 38815148    0    0 1151904 761412 244930 964592 37 13 37 13  0  0
10 11  77224 136974700 2229144 38815180    0    0 1161568 774116 245393 969969 37 13 36 14  0  0
procs -----------memory---------- ---swap-- -----io---- -system-- -------cpu-------
 r  b   swpd   free   buff  cache   si   so    bi    bo   in   cs us sy id wa st gu
49 20  77224 136989868 2229144 38815200    0    0 1156832 734940 246089 966060 37 13 36 14  0  0
51 21  77224 136975116 2229144 38815232    0    0 1161088 777416 247580 973535 37 13 36 14  0  0
47 23  77224 136977536 2229144 38815264    0    0 1193792 754284 250031 992091 39 13 35 13  0  0
44 26  77224 136982896 2229144 38815288    0    0 1182688 788992 251583 994210 38 13 35 13  0  0
 6 23  77224 136988796 2229144 38815320    0    0 1194864 781828 249412 991614 38 13 36 13  0  0
44 27  77224 137011160 2229144 38815336    0    0 1198144 786952 251795 1002871 38 12 36 14  0  0
12 18  77224 136989032 2229144 38815356    0    0 1193408 767184 250576 994214 39 13 35 14  0  0
14  3  77224 136989524 2229144 38815384    0    0 1181776 782660 247509 984284 38 13 36 14  0  0
13 16  77224 136979444 2229144 38815420    0    0 1166064 768868 250131 982273 38 13 36 14  0  0
51 18  77224 136965836 2229144 38815452    0    0 1183760 766020 247602 987355 38 13 35 14  0  0
51 17  77224 136965912 2229144 38815476    0    0 1154512 737128 245076 961553 37 13 37 13  0  0
39 30  77224 136972220 2229144 38815504    0    0 1165344 778868 246651 973250 37 13 36 14  0  0
52 20  77224 136958048 2229144 38815532    0    0 1184240 763716 248554 984295 38 13 35 14  0  0
 5  6  77224 137010876 2229144 38815568    0    0 1185824 776736 248621 987013 37 12 37 14  0  0
45 26  77224 137003204 2229144 38815584    0    0 1195808 766424 250151 994163 38 12 35 14  0  0
43 27  77224 136997780 2229144 38815616    0    0 1191536 774632 250132 994493 39 13 35 13  0  0
 7 12  77224 136977680 2229144 38815640    0    0 1206352 767672 251728 1002461 39 13 34 13  0  0
13 36  77224 136967304 2229144 38815660    0    0 1183104 791972 252342 993640 39 13 36 13  0  0
47 24  77224 136948176 2229144 38815696    0    0 1207968 768876 251989 1005211 39 13 34 13  0  0
 2  7  77224 136967756 2229144 38815720    0    0 1193968 782200 253064 1000867 39 13 34 13  0  0
53 17  77224 136969624 2229144 38815744    0    0 1198128 762900 251933 999877 39 13 35 13  0  0
procs -----------memory---------- ---swap-- -----io---- -system-- -------cpu-------
 r  b   swpd   free   buff  cache   si   so    bi    bo   in   cs us sy id wa st gu
50 20  77224 136988184 2229144 38815772    0    0 1193280 784616 250120 994609 38 13 35 13  0  0
48 22  77224 137020480 2229144 38815792    0    0 1221936 801632 255375 1020031 39 12 36 13  0  0
33 45  77224 136989916 2229144 38815816    0    0 1175536 789328 250335 986002 38 13 36 13  0  0
49 22  77224 136979312 2229144 38815844    0    0 1207376 787468 253967 1010717 39 13 35 13  0  0
18  5  77224 136975904 2229144 38815872    0    0 1216512 780196 254974 1014644 40 14 34 13  0  0
51 17  77224 136980568 2229144 38815892    0    0 1196720 771516 252961 997505 38 13 35 13  0  0
50 19  77224 136956132 2229144 38815924    0    0 1183584 780420 250142 987515 38 13 35 13  0  0
49 20  77224 136968508 2229144 38815956    0    0 1186768 783004 250889 993349 38 13 35 13  0  0
46 21  77224 136974608 2229144 38815980    0    0 1193008 765412 250766 996106 38 13 35 13  0  0
50 17  77224 136983276 2229144 38816008    0    0 1198112 780652 250733 998768 38 12 36 14  0  0
50 17  77224 136985980 2229144 38816024    0    0 1210864 781068 250674 1004507 39 12 35 14  0  0
40 28  77224 136962484 2229144 38816044    0    0 1180384 772708 249724 983880 38 13 36 13  0  0
52 21  77224 136967788 2229144 38816080    0    0 1190224 768804 251934 994212 38 13 35 13  0  0
40 30  77224 136963236 2229144 38816104    0    0 1199440 773164 252054 999695 39 13 35 13  0  0
48 20  77224 136976140 2229144 38816124    0    0 1212336 791548 256144 1014040 40 13 34 13  0  0
31 43  77224 136980320 2229144 38816156    0    0 1151904 781604 247985 968692 37 13 37 14  0  0
52 23  77224 136971844 2229144 38816184    0    0 1183088 761136 248536 986685 38 13 35 14  0  0
58 13  77224 136974064 2229144 38816212    0    0 1175760 761988 249202 983460 38 13 35 14  0  0
51 18  77224 137011180 2229144 38816240    0    0 1172608 774596 246704 976763 36 11 37 15  0  0
51 21  77224 136991128 2229144 38816252    0    0 1171264 756856 246564 974431 38 12 36 14  0  0
53 16  77224 136974164 2229144 38816276    0    0 1172400 772272 249101 983055 38 13 36 14  0  0
procs -----------memory---------- ---swap-- -----io---- -system-- -------cpu-------
 r  b   swpd   free   buff  cache   si   so    bi    bo   in   cs us sy id wa st gu
49 21  77224 136974256 2229144 38816304    0    0 1180784 761044 249639 986498 38 13 35 14  0  0
56 16  77224 136965640 2229144 38816332    0    0 1178688 780624 249688 986169 38 13 35 14  0  0
52 18  77224 136963016 2229144 38816360    0    0 1206064 762256 251050 1001301 39 13 35 14  0  0
38 30  77224 136950872 2229144 38816384    0    0 1163440 779132 247752 972622 37 13 36 14  0  0
51 20  77224 136967644 2229144 38816420    0    0 1156576 746032 243976 964242 37 12 36 15  0  0
47 23  77224 136981396 2229144 38816452    0    0 1153328 762416 243432 964261 37 12 36 15  0  0
39 30  77224 136984620 2229144 38816472    0    0 1156784 755836 244066 963757 37 11 37 15  0  0
51 22  77224 136990864 2229144 38816492    0    0 1124288 743556 242722 941959 36 12 38 14  0  0
52 18  77224 136963252 2229144 38816516    0    0 1174752 738892 245033 977359 38 13 35 14  0  0
47 23  77224 136979712 2229144 38816544    0    0 1156224 778220 245840 970126 37 12 36 14  0  0
44 27  77224 136969360 2229144 38816572    0    0 1164256 756756 246082 971097 37 13 36 14  0  0
12  3  77224 136973740 2229144 38816596    0    0 1137952 753940 242368 953929 37 12 37 14  0  0
44 24  77224 136956012 2229144 38816620    0    0 1162768 756512 247281 971553 37 13 36 14  0  0
43 24  77224 136953144 2229144 38816648    0    0 1156720 758640 243684 965433 37 12 36 14  0  0
43 25  77224 136994528 2229144 38816672    0    0 1184800 757496 247206 986612 37 12 36 15  0  0
43 30  77224 136992004 2229144 38816688    0    0 1167328 767528 247907 979350 37 12 36 14  0  0
45 26  77224 136972048 2229144 38816712    0    0 1170496 766572 247254 978221 38 13 36 14  0  0
 7  8  77224 136963812 2229144 38816740    0    0 1171328 756724 245603 974931 38 13 36 14  0  0
42 27  77224 136959652 2229144 38816764    0    0 1161072 762108 246151 973343 37 13 36 14  0  0
61 12  77224 136976404 2229144 38816796    0    0 1160064 758928 246426 970193 37 12 36 14  0  0
39 29  77224 136969088 2229144 38816816    0    0 1141840 752536 243368 954195 36 12 37 15  0  0
procs -----------memory---------- ---swap-- -----io---- -system-- -------cpu-------
 r  b   swpd   free   buff  cache   si   so    bi    bo   in   cs us sy id wa st gu
16  6  77224 136975284 2229144 38816848    0    0 1166768 763480 246102 972435 37 13 36 14  0  0
29 30  77224 136981520 2229144 38816880    0    0 1180768 769500 248249 982622 38 12 36 14  0  0
37 37  77224 136983336 2229144 38816904    0    0 1189344 778160 250440 996344 38 12 37 14  0  0
43 29  77224 136966888 2229144 38816924    0    0 1153840 740300 244665 962415 37 13 37 13  0  0
53 17  77224 136970900 2229144 38816944    0    0 1188960 761784 249476 987869 38 13 35 14  0  0
 5  5  77224 136986064 2229144 38816972    0    0 1171456 786636 248830 980689 38 13 36 14  0  0
53 17  77224 136973328 2229144 38817000    0    0 1186048 762088 249949 992567 38 13 35 13  0  0
44 27  77224 136966944 2229144 38817028    0    0 1203296 755208 251440 1000283 39 14 34 14  0  0
48 23  77224 136961244 2229144 38817052    0    0 1182336 787680 250467 988915 38 13 35 14  0  0
46 22  77224 136958132 2229144 38817084    0    0 1178112 762684 248454 982697 38 13 35 14  0  0
55 15  77224 136996348 2229144 38817108    0    0 1199648 774384 249547 998790 38 12 36 14  0  0
53 21  77224 136978312 2229144 38817128    0    0 1181968 777000 248967 983988 38 12 36 14  0  0
49 20  77224 136980800 2229144 38817156    0    0 1182272 760756 248065 985611 38 13 35 13  0  0
49 22  77224 136972912 2229144 38817180    0    0 1193168 786696 251885 997413 38 13 35 14  0  0
46 23  77224 136990400 2229144 38817204    0    0 1187296 776704 250183 990464 38 13 35 14  0  0
44 23  77224 136968820 2229144 38817232    0    0 1187984 779784 251641 991706 38 13 35 14  0  0
49 23  77224 136975996 2229144 38817268    0    0 1168000 770200 251654 979884 38 13 35 14  0  0
49 24  77224 136969972 2229144 38817288    0    0 1157248 752000 247493 966815 37 13 37 13  0  0
44 21  77224 136986688 2229144 38817324    0    0 1183472 771684 249933 984508 38 13 36 14  0  0
49 25  77224 136999016 2229144 38817336    0    0 1204000 756524 251706 999000 38 12 36 14  0  0
46 26  77224 136999396 2229144 38817352    0    0 1188576 780772 252278 991766 39 13 35 14  0  0
procs -----------memory---------- ---swap-- -----io---- -system-- -------cpu-------
 r  b   swpd   free   buff  cache   si   so    bi    bo   in   cs us sy id wa st gu
52 19  77224 136988220 2229144 38817384    0    0 1174384 763612 247813 979954 38 13 35 14  0  0
60 14  77224 136974080 2229144 38817416    0    0 1164304 781324 247141 974594 37 13 36 14  0  0
57 13  77224 136966836 2229144 38817440    0    0 1170032 754848 247702 974808 38 13 35 14  0  0
55 19  77224 136964744 2229144 38817456    0    0 1152160 765100 246253 967809 37 13 36 14  0  0
49 21  77224 136972032 2229144 38817488    0    0 1165072 744120 244598 968923 37 13 36 14  0  0
50 21  77224 136976652 2229144 38817516    0    0 1151408 771568 246758 966952 37 13 36 14  0  0
50 20  77224 137010760 2229144 38817552    0    0 1193760 751732 248128 991907 38 12 36 15  0  0
40 27  77224 136995512 2229144 38817564    0    0 1196320 773280 251460 993592 38 13 35 14  0  0
58 13  77224 136986016 2229144 38817588    0    0 1168080 781836 251810 977193 38 13 36 14  0  0
47 22  77224 136980832 2229144 38817616    0    0 1162096 754824 248414 971745 37 13 37 14  0  0
58 15  77224 136975488 2229148 38817644    0    0 1187392 759632 250013 990145 38 13 35 14  0  0
58 16  77224 136957132 2229148 38817664    0    0 1182608 779148 249847 987842 38 13 36 13  0  0
45 24  77224 136964584 2229148 38817692    0    0 1180368 776424 250443 986846 38 13 36 14  0  0
49 22  77224 136967088 2229148 38817720    0    0 1162928 755508 246757 971871 38 13 35 14  0  0
40 27  77224 136982924 2229148 38817744    0    0 1167808 762360 245990 973673 37 12 36 15  0  0
10 14  77224 137000068 2229148 38817768    0    0 1171280 762496 246357 973015 37 11 37 15  0  0
48 24  77224 136977548 2229148 38817796    0    0 1129408 753148 241629 947354 36 12 38 14  0  0
52 21  77224 136970352 2229148 38817820    0    0 1154528 744316 245679 966504 37 13 37 14  0  0
61 11  77224 136969132 2229148 38817852    0    0 1173552 767172 247772 982171 38 13 36 14  0  0
44 25  77224 136953536 2229148 38817876    0    0 1178976 764848 247912 984073 38 13 35 14  0  0
 7  4  77224 136961848 2229148 38817904    0    0 1166192 770788 247746 975890 38 13 36 14  0  0
procs -----------memory---------- ---swap-- -----io---- -system-- -------cpu-------
 r  b   swpd   free   buff  cache   si   so    bi    bo   in   cs us sy id wa st gu
52 18  77224 136989148 2229148 38817928    0    0 1165424 763860 246837 974036 37 13 36 14  0  0
10 16  77224 136978628 2229148 38817956    0    0 1161792 758232 246736 969936 37 13 36 14  0  0
44 24  77224 136996120 2229148 38817980    0    0 1161872 749572 245380 968001 36 11 38 15  0  0
41 32  77224 136973676 2229148 38818000    0    0 1186336 776604 251361 989731 38 12 36 14  0  0
48 25  77224 136977668 2229148 38818016    0    0 1193616 768240 250916 993583 38 13 34 14  0  0
56 17  77224 136960664 2229148 38818056    0    0 1206192 765796 252773 1004760 39 14 35 13  0  0
49 21  77224 136958940 2229148 38818080    0    0 1180000 788880 250964 987280 38 13 36 13  0  0
 9  3  77224 136940844 2229148 38818108    0    0 1183056 773552 249310 986602 39 13 35 13  0  0
54 21  77224 136963616 2229148 38818136    0    0 1157824 756436 246674 969718 37 13 36 14  0  0
48 19  77224 136979568 2229148 38818160    0    0 1192288 753344 249407 991773 38 13 35 13  0  0
53 17  77224 136990988 2229148 38818192    0    0 1199488 778684 252223 997794 38 13 35 14  0  0
48 21  77224 137014532 2229148 38818216    0    0 1191968 793072 251121 997607 38 12 36 14  0  0
51 20  77224 136993376 2229148 38818232    0    0 1192736 789392 252478 996624 38 13 35 14  0  0
 6 12  77224 136977248 2229148 38818260    0    0 1203344 767204 251295 999007 39 13 34 14  0  0
47 21  77224 136985544 2229152 38818284    0    0 1179312 776360 251110 989249 37 13 36 14  0  0
47 21  77224 136967216 2229152 38818320    0    0 1153024 770184 246776 965143 37 13 37 13  0  0
54 18  77224 136968532 2229152 38818344    0    0 1183920 752684 248657 984674 38 13 35 14  0  0
23 46  77224 136989028 2229152 38818372    0    0 1146896 769216 244812 959172 37 13 37 14  0  0
 7  5  77224 136970620 2229152 38818400    0    0 1159728 751856 243596 967109 37 12 36 14  0  0
 7 32  77224 137001396 2229152 38818420    0    0 1162016 760592 245089 971191 37 12 37 15  0  0
41  1  77224 136991064 2229152 38818440    0    0 1189792 742696 247097 983286 38 12 36 15  0  0
procs -----------memory---------- ---swap-- -----io---- -system-- -------cpu-------
 r  b   swpd   free   buff  cache   si   so    bi    bo   in   cs us sy id wa st gu
 8  4  77224 136976336 2229152 38818484    0    0 1143184 772824 244865 957907 37 13 36 14  0  0
41 30  77224 136982940 2229152 38818508    0    0 1153888 761260 246554 968993 37 13 37 14  0  0
19  3  77224 136966452 2229152 38818536    0    0 1178304 760052 245883 977126 38 13 35 14  0  0
19  5  77224 136946636 2229152 38818560    0    0 1174176 761948 248144 981313 38 13 35 14  0  0
 9 10  77224 136949504 2229152 38818588    0    0 1172336 766740 248580 983333 38 13 36 14  0  0
51 20  77224 136965456 2229152 38818620    0    0 1194224 741396 248858 989610 38 13 35 14  0  0
36 32  77224 136956572 2229152 38818644    0    0 1160144 789480 246959 971395 37 13 37 14  0  0
50 19  77224 136991788 2229152 38818664    0    0 1193808 773432 250897 997160 38 12 37 14  0  0
11  8  77224 136984676 2229152 38818680    0    0 1165520 755144 248086 972303 37 13 37 13  0  0
 8  7  77224 136982328 2229152 38818708    0    0 1176768 778568 250150 985323 38 13 36 13  0  0
18  6  77224 136966944 2229152 38818744    0    0 1187216 779336 250589 989753 38 13 36 14  0  0
11  5  77224 136952312 2229152 38818768    0    0 1198512 766396 250958 998503 39 13 35 13  0  0
47 22  77224 136961396 2229152 38818784    0    0 1163696 780112 249407 977215 37 13 36 13  0  0
54 16  77224 136971024 2229152 38818816    0    0 1183312 754388 246727 983224 38 13 36 13  0  0
 9 12  77224 136982248 2229152 38818848    0    0 1164528 776184 247191 974867 37 13 37 13  0  0
45 23  77224 137003596 2229152 38818876    0    0 1196432 766244 249783 994392 38 12 36 14  0  0
57 15  77224 136988920 2229152 38818896    0    0 1190432 800072 252229 997180 38 12 36 14  0  0
50 19  77224 136961932 2229152 38818916    0    0 1202992 765400 251561 998640 39 13 34 14  0  0
46 22  77224 136973616 2229152 38818944    0    0 1193856 777188 251526 994165 39 13 35 13  0  0
 9 11  77224 136961192 2229152 38818976    0    0 1174912 784588 249173 986838 38 13 36 13  0  0
47 25  77224 136958772 2229152 38819004    0    0 1203616 749988 250613 997157 39 13 34 14  0  0
procs -----------memory---------- ---swap-- -----io---- -system-- -------cpu-------
 r  b   swpd   free   buff  cache   si   so    bi    bo   in   cs us sy id wa st gu
45 23  77224 136951384 2229152 38819028    0    0 1146208 758864 244556 958585 37 13 37 14  0  0
 7  9  77224 136972172 2229152 38819064    0    0 1161168 785808 246774 973957 37 13 36 14  0  0
19 10  77224 136967496 2229152 38819080    0    0 1171984 761184 246676 978581 38 13 35 14  0  0
17 32  77224 136998196 2229152 38819112    0    0 1185952 772028 247241 985037 37 11 37 15  0  0
55 19  77224 136965584 2229152 38819124    0    0 1191200 738988 248306 984758 38 13 35 14  0  0
54 15  77224 136992748 2229152 38819156    0    0 1148448 749324 245481 959194 37 13 37 14  0  0
53 15  77224 136980432 2229152 38819172    0    0 1173712 761680 247185 977128 38 13 36 14  0  0
54 18  77224 136966308 2229152 38819204    0    0 1188544 778464 250204 989952 38 13 35 14  0  0
54 21  77224 136944452 2229152 38819224    0    0 1197040 775068 251553 997193 39 13 35 13  0  0
56 16  77224 136961360 2229152 38819252    0    0 1185248 797256 252857 994062 38 13 35 13  0  0
10 10  77224 136948896 2229152 38819280    0    0 1204128 776556 252392 1001697 39 13 35 13  0  0
56 15  77224 136983784 2229152 38819300    0    0 1197584 757776 251460 1000228 38 12 36 14  0  0
52 20  77224 136986408 2229152 38819344    0    0 1168192 764252 247488 979367 37 12 37 14  0  0
47 24  77224 136982260 2229152 38819344    0    0 1151344 756340 243942 959427 37 12 37 14  0  0
54 14  77224 136983316 2229152 38819372    0    0 1149392 747948 243292 959893 37 12 37 14  0  0
47 22  77224 136979076 2229152 38819400    0    0 1164336 754816 247281 973570 37 13 35 14  0  0
49 22  77224 136968748 2229152 38819424    0    0 1159168 773656 246517 972985 37 13 36 14  0  0
50 21  77224 136967508 2229152 38819464    0    0 1182128 762824 247670 984920 38 13 35 14  0  0
41 26  77224 136982216 2229152 38819476    0    0 1143824 756420 244532 959080 37 12 37 14  0  0
32 38  77224 136971616 2229152 38819512    0    0 1162768 761948 246323 972240 37 13 36 14  0  0
28 40  77224 137009944 2229152 38819536    0    0 1174656 769548 245067 973764 36 11 38 15  0  0
procs -----------memory---------- ---swap-- -----io---- -system-- -------cpu-------
 r  b   swpd   free   buff  cache   si   so    bi    bo   in   cs us sy id wa st gu
46 26  77224 136985560 2229152 38819552    0    0 1170352 763112 247159 975569 37 12 36 14  0  0
46 23  77224 136967580 2229152 38819588    0    0 1184384 759212 247828 985084 38 13 35 14  0  0
14  6  77224 136971672 2229152 38819616    0    0 1180448 776756 249030 988158 38 13 36 14  0  0
53 20  77224 136973600 2229152 38819644    0    0 1195120 769888 251054 997346 38 13 36 13  0  0
51 22  77224 136961492 2229152 38819676    0    0 1190576 772540 252239 994587 38 13 35 14  0  0
48 22  77224 136966008 2229152 38819692    0    0 1188000 786420 251188 991755 38 13 35 13  0  0
16  4  77224 136967440 2229152 38819720    0    0 1167728 768352 247611 976769 38 13 36 13  0  0
42 23  77224 137003964 2229152 38819748    0    0 1177888 783592 251079 991304 38 12 36 14  0  0
38 31  77224 136994912 2229152 38819764    0    0 1194688 780324 247823 992051 38 12 36 14  0  0
45 25  77224 136978940 2229152 38819796    0    0 1180240 774260 248778 985029 38 13 36 13  0  0
46 26  77224 136988608 2229152 38819836    0    0 1175360 765408 249141 982724 38 13 36 14  0  0
45 25  77224 136959280 2229152 38819848    0    0 1194832 776612 251647 996449 38 13 35 14  0  0
47 25  77224 136961492 2229152 38819876    0    0 1187760 788028 252177 995595 38 13 35 14  0  0
48 21  77224 136977388 2229152 38819904    0    0 1202640 767096 251431 997566 39 13 35 14  0  0
48 26  77224 136966144 2229152 38819920    0    0 1195824 788724 252436 998965 39 13 35 13  0  0
32 37  77224 136951748 2229152 38819948    0    0 1178624 788860 250990 989913 38 13 35 13  0  0
14  5  77224 136969544 2229152 38819972    0    0 1197984 775440 249210 995753 37 12 36 14  0  0
59 19  77224 136982984 2229152 38819996    0    0 1188608 760308 248575 990239 38 13 36 14  0  0
 7 21  77224 136985604 2229152 38820020    0    0 1174784 784968 249617 987484 38 13 36 14  0  0
13  9  77224 136976164 2229152 38820052    0    0 1177632 759684 248308 978412 38 13 35 14  0  0
11  9  77224 136967880 2229152 38820080    0    0 1166016 759024 247147 975522 38 13 36 14  0  0
procs -----------memory---------- ---swap-- -----io---- -system-- -------cpu-------
 r  b   swpd   free   buff  cache   si   so    bi    bo   in   cs us sy id wa st gu
50 21  77224 136973584 2229152 38820100    0    0 1174736 762648 247990 978778 37 13 36 14  0  0
 3 10  77224 136958220 2229152 38820116    0    0 1153536 767436 244486 962273 37 13 37 14  0  0
45 27  77224 136956028 2229152 38820144    0    0 1197424 777124 252045 1002258 39 13 35 14  0  0
46 23  77224 136971760 2229152 38820180    0    0 1202512 792516 251910 1003618 38 13 36 13  0  0
45 25  77224 136980628 2229152 38820196    0    0 1213824 781780 252856 1005221 38 12 36 14  0  0
44 26  77224 136971672 2229152 38820220    0    0 1190928 790356 251647 997437 39 13 35 13  0  0
49 21  77224 136969708 2229152 38820240    0    0 1216720 774512 254602 1012889 39 13 34 13  0  0
44 25  77224 136970036 2229152 38820272    0    0 1192608 785064 252161 996752 38 13 35 13  0  0
58 14  77224 136968492 2229152 38820316    0    0 1176080 781092 249340 984265 38 13 35 14  0  0
44 25  77224 136971032 2229152 38820324    0    0 1189184 763020 249598 986672 38 13 35 14  0  0
32 37  77224 136981224 2229152 38820360    0    0 1171920 788404 249483 984213 38 13 35 14  0  0
42 28  77224 136965724 2229152 38820392    0    0 1179040 764596 248764 986034 38 13 36 14  0  0
42 24  77224 137011108 2229152 38820416    0    0 1178416 746640 246731 978286 37 11 37 15  0  0
50 18  77224 136979932 2229152 38820440    0    0 1165584 787404 247964 979551 37 12 36 14  0  0
43 27  77224 136970780 2229152 38820460    0    0 1168736 776584 249016 976703 37 13 36 13  0  0
49 26  77224 136955784 2229152 38820480    0    0 1204512 768700 252720 1007327 39 13 35 13  0  0
46 23  77224 136953792 2229152 38820512    0    0 1192288 795160 252455 998984 38 13 35 13  0  0
42 26  77224 136972148 2229152 38820536    0    0 1212144 774640 254895 1010512 39 13 35 13  0  0
49 21  77224 136959660 2229152 38820568    0    0 1198768 785028 252436 999809 39 13 35 13  0  0
44 26  77224 136962800 2229152 38820588    0    0 1206016 781344 253043 1005847 39 13 35 13  0  0
39 30  77224 136961844 2229152 38820608    0    0 1173440 791900 250256 983192 37 13 36 13  0  0
