procs -----------memory---------- ---swap-- -----io---- -system-- -------cpu-------
 r  b   swpd   free   buff  cache   si   so    bi    bo   in   cs us sy id wa st gu
10  1  99316 136548208 1584516 38648884    0    1 11645 15578 8926    2  2  0 98  0  0  0
 5  0  99316 136537304 1584516 38649012    0    0 19920 218700 109351 130901  3  1 94  2  0  0
34  0  99316 136536156 1584516 38649068    0    0 12720 206840 102274 95500 42  2 55  1  0  0
30 13  99316 136437096 1584524 38649164    0    0 560656 664432 235742 805282 23  7 56 14  0  0
29 12  99316 136441024 1584524 38649244    0    0 846432 910552 266515 1007669 24  9 50 17  0  0
29 14  99316 136434972 1584524 38649344    0    0 856336 926944 264200 940680 24  8 51 17  0  0
30 11  99316 136462968 1584524 38649432    0    0 837552 1023220 262708 936636 23  8 50 18  0  0
30  8  99316 136472608 1584524 38649528    0    0 829360 1060948 261285 888637 23  8 49 19  0  0
21 25  99316 136485604 1584532 38649600    0    0 897040 735104 256653 895432 24  7 52 17  0  0
26 18  99316 136465564 1584532 38649688    0    0 864208 807176 246782 857393 24  8 50 18  0  0
23 16  99316 136467524 1584532 38649776    0    0 884928 801584 247588 886174 24  8 50 18  0  0
22 18  99316 136475908 1584532 38649864    0    0 893648 779604 249435 868040 24  8 50 18  0  0
25 14  99316 136485048 1584532 38649956    0    0 832176 764896 239466 809730 23  8 50 19  0  0
28 12  99316 136494252 1584536 38650036    0    0 821744 721596 228814 777358 22  8 50 20  0  0
34  9  99316 136477012 1584536 38650128    0    0 880160 770744 246153 866732 23  8 51 17  0  0
27 10  99316 136496508 1584536 38650216    0    0 895056 769256 246714 883971 24  8 50 17  0  0
26 10  99316 136499844 1584536 38650300    0    0 898576 820388 251583 890395 24  7 51 18  0  0
29 13  99316 136499680 1584536 38650380    0    0 916544 681248 245445 882074 24  8 51 16  0  0
31 11  99316 136487188 1584544 38650464    0    0 912688 723288 251513 890287 24  9 50 16  0  0
31 12  99316 136481060 1584544 38650552    0    0 919664 694712 253206 891921 25  9 51 16  0  0
23 15  99316 136467016 1584544 38650652    0    0 921360 691512 255704 904977 24  9 51 16  0  0
procs -----------memory---------- ---swap-- -----io---- -system-- -------cpu-------
 r  b   swpd   free   buff  cache   si   so    bi    bo   in   cs us sy id wa st gu
22 18  99316 136475124 1584544 38650740    0    0 912016 698008 242094 871646 24  9 51 16  0  0
26 12  99316 136466092 1584560 38650768    0    0 915184 684184 248561 885134 25  9 51 16  0  0
25 13  99316 136459516 1584568 38650860    0    0 912992 649464 249675 877912 24  9 51 16  0  0
13 43  99316 136483544 1584568 38650944    0    0 918944 676772 248039 890662 24  7 52 17  0  0
20 22  99316 136476232 1584572 38651028    0    0 916928 688552 245453 877345 24  8 51 17  0  0
25 14  99316 136462228 1584572 38651104    0    0 903072 633584 239031 855470 24  8 51 17  0  0
30 10  99316 136457760 1584572 38651192    0    0 878240 628916 232103 816167 23  8 51 18  0  0
24 15  99316 136458256 1584576 38651280    0    0 879648 600264 231091 813358 23  8 51 18  0  0
31 13  99316 136461448 1584576 38651376    0    0 904672 642176 245867 853092 24  8 51 17  0  0
25 15  99316 136462896 1584576 38651468    0    0 921024 657804 244498 863837 24  9 51 16  0  0
27 10  99316 136453460 1584576 38651560    0    0 922256 644660 244809 875957 24  9 51 16  0  0
28 10  99316 136468980 1584576 38651644    0    0 935920 641948 248125 886661 24  7 52 17  0  0
32  9  99316 136460380 1584584 38651720    0    0 929664 650224 245318 884985 24  8 51 16  0  0
34 11  99316 136445256 1584584 38651820    0    0 927488 633192 241887 870771 24  9 51 16  0  0
17 22  99316 136463944 1584592 38651908    0    0 934000 625344 244353 877288 24  9 51 16  0  0
27 12  99316 136449560 1584592 38651996    0    0 930480 634436 247693 890453 24  9 51 16  0  0
29  9  99316 136453672 1584592 38652084    0    0 927312 648788 251176 883452 25  9 51 16  0  0
22 16  99316 136444872 1584608 38652172    0    0 920880 650680 244824 873341 24  9 51 16  0  0
33 11  99316 136430872 1584608 38652272    0    0 925168 611600 243180 870570 24  8 51 16  0  0
32 12  99316 136452356 1584608 38652352    0    0 934256 647244 246392 883523 24  7 52 17  0  0
31  9  99316 136445440 1584608 38652436    0    0 929792 626208 248054 888238 24  8 51 16  0  0
procs -----------memory---------- ---swap-- -----io---- -system-- -------cpu-------
 r  b   swpd   free   buff  cache   si   so    bi    bo   in   cs us sy id wa st gu
25 13  99316 136443588 1584608 38652520    0    0 919040 651728 245217 883622 24  8 51 16  0  0
33  7  99316 136446128 1584612 38652592    0    0 894912 593408 234466 831821 24  8 51 17  0  0
22 16  99316 136434576 1584612 38652688    0    0 868032 585980 228707 793069 23  8 51 18  0  0
26 11  99316 136438200 1584612 38652776    0    0 903104 599532 235582 831360 23  8 51 17  0  0
27 16  99316 136440012 1584612 38652860    0    0 921184 661112 244779 879139 24  9 51 16  0  0
30  8  99316 136436160 1584612 38652964    0    0 925280 632256 243780 875627 24  9 51 16  0  0
25 14  99316 136448164 1584620 38653040    0    0 932768 636476 248519 887560 24  7 52 16  0  0
26 18  99316 136447232 1584620 38653192    0    0 922176 637828 243841 875065 25  8 51 16  0  0
30 13  99316 136430532 1584620 38653280    0    0 924880 672572 246862 887419 24  9 51 16  0  0
30  9  99316 136420680 1584624 38653360    0    0 923776 676536 249766 891735 25  9 51 16  0  0
23 16  99316 136430152 1584624 38653456    0    0 920928 663628 242778 875358 24  9 51 16  0  0
29 10  99316 136432244 1584632 38653548    0    0 924640 671396 246826 893461 25  9 51 16  0  0
26 12  99316 136433636 1584632 38653640    0    0 917504 661044 245085 877378 24  8 51 16  0  0
28  9  99316 136428612 1584632 38653728    0    0 907184 678400 244389 865252 24  8 51 17  0  0
31 10  99316 136433960 1584632 38653812    0    0 906672 680572 240496 857410 23  7 52 18  0  0
30 10  99316 136371316 1584632 38653888    0    0 909712 646628 245328 869134 24  8 51 16  0  0
29  8  99316 136375028 1584636 38653984    0    0 912528 692476 248689 875550 24  9 51 17  0  0
29  9  99316 136367368 1584636 38654064    0    0 882656 672404 237286 835261 23  8 50 18  0  0
27 14  99316 136357044 1584636 38654156    0    0 871248 635008 235411 820717 23  8 51 18  0  0
29 12  99316 136374188 1584636 38654240    0    0 882880 645868 236481 831615 23  8 51 18  0  0
28 15  99316 136352636 1584636 38654300    0    0 907120 616948 242559 841360 24  8 51 17  0  0
procs -----------memory---------- ---swap-- -----io---- -system-- -------cpu-------
 r  b   swpd   free   buff  cache   si   so    bi    bo   in   cs us sy id wa st gu
22 29  99316 136365236 1584644 38654400    0    0 917232 666644 248073 874296 24  9 51 16  0  0
29 10  99316 136372988 1584644 38654484    0    0 930928 658452 247829 876815 24  7 52 17  0  0
24 10  99316 136370036 1584644 38654568    0    0 919488 650452 242911 859571 24  8 52 16  0  0
29 13  99316 136365344 1584648 38654648    0    0 926640 648112 248471 886434 25  9 51 16  0  0
22 20  99316 136353292 1584648 38654756    0    0 927104 648120 250650 886327 25  9 51 16  0  0
24 18  99316 136345348 1584656 38654836    0    0 922416 654532 253575 893590 25  9 51 16  0  0
25 15  99316 136357160 1584656 38654932    0    0 920608 669940 248864 887105 24  9 51 16  0  0
28 11  99316 136336152 1584656 38655016    0    0 921296 653052 243517 868154 24  9 51 16  0  0
27 13  99316 136358848 1584656 38655092    0    0 912592 647400 248712 872833 24  9 51 16  0  0
22 14  99316 136377724 1584656 38655192    0    0 926688 645000 247860 878172 24  8 52 17  0  0
28 13  99316 136381404 1584664 38655272    0    0 905520 672692 250490 869315 24  8 51 16  0  0
18 24  99316 136360508 1584664 38655360    0    0 910656 650188 251211 874299 24  9 50 16  0  0
20 19  99316 136355692 1584664 38655448    0    0 886384 628660 236892 831788 23  8 51 17  0  0
26 11  99316 136360476 1584664 38655540    0    0 886752 621888 241318 835158 24  8 50 18  0  0
23 24  99316 136351384 1584664 38655628    0    0 889264 625996 239195 834675 24  8 51 17  0  0
34 12  99316 136350520 1584672 38655720    0    0 891344 667724 242545 841073 24  8 51 17  0  0
24 22  99316 136334812 1584672 38655800    0    0 919984 649132 245057 863823 24  9 51 16  0  0
30 13  99316 136347548 1584672 38655892    0    0 930896 671028 251393 883906 24  8 52 17  0  0
27 13  99316 136363888 1584672 38655972    0    0 925808 661504 250223 876192 24  8 51 17  0  0
23 16  99316 136346500 1584672 38656064    0    0 913632 699656 252825 879777 24  9 50 16  0  0
30 10  99316 136340776 1584680 38656152    0    0 923056 661548 251987 882607 25  9 50 16  0  0
procs -----------memory---------- ---swap-- -----io---- -system-- -------cpu-------
 r  b   swpd   free   buff  cache   si   so    bi    bo   in   cs us sy id wa st gu
23 13  99316 136347048 1584680 38656244    0    0 919664 670184 247344 869979 24  9 51 16  0  0
19 23  99316 136344120 1584680 38656328    0    0 915872 677356 254477 889811 24  9 50 17  0  0
24 16  99316 136349500 1584680 38656412    0    0 920800 661144 248554 873674 25  9 51 16  0  0
29 11  99316 136350288 1584680 38656500    0    0 909376 661132 248601 868837 24  8 51 17  0  0
23 14  99316 136352492 1584692 38656588    0    0 917552 676100 247263 874307 24  8 51 17  0  0
30 14  99316 136347476 1584692 38656672    0    0 917872 669956 244136 860726 24  8 51 17  0  0
32 10  99316 136348748 1584692 38656760    0    0 900560 648604 244351 850775 24  8 51 17  0  0
19 19  99316 136359564 1584692 38656852    0    0 883872 643864 241516 845961 23  8 51 17  0  0
26 14  99316 136358340 1584692 38656940    0    0 883616 634124 240805 842365 24  8 51 18  0  0
33  9  99316 136347928 1584700 38657032    0    0 880320 634188 240243 824294 23  8 51 18  0  0
27 13  99316 136358800 1584704 38657120    0    0 889632 644148 236776 824799 23  8 51 17  0  0
30 11  99316 136353092 1584704 38657208    0    0 922400 653780 245585 878680 24  9 51 16  0  0
21 18  99316 136365044 1584704 38657288    0    0 932112 665908 247506 876878 24  8 51 17  0  0
34  7  99316 136370304 1584704 38657384    0    0 932064 659640 246741 891846 24  8 51 17  0  0
23 17  99316 136356180 1584712 38657480    0    0 918400 656920 241652 869220 24  9 51 16  0  0
30  7  99316 136357048 1584712 38657568    0    0 925248 663820 246068 886290 24  9 51 16  0  0
23 18  99316 136342112 1584712 38657664    0    0 926864 648984 247322 891479 25  9 51 16  0  0
29  9  99316 136337320 1584712 38657744    0    0 911744 682508 251187 883957 24  9 51 16  0  0
27 11  99316 136340840 1584712 38657828    0    0 924512 648524 251442 886371 25  9 51 16  0  0
18 19  99316 136327392 1584720 38657920    0    0 904800 658524 246077 863874 24  9 51 16  0  0
28 11  99316 136348704 1584720 38658008    0    0 929280 645700 253543 885313 24  8 51 17  0  0
procs -----------memory---------- ---swap-- -----io---- -system-- -------cpu-------
 r  b   swpd   free   buff  cache   si   so    bi    bo   in   cs us sy id wa st gu
24 13  99316 136346572 1584720 38658088    0    0 925152 640940 247858 889373 25  8 51 16  0  0
24 11  99316 136333472 1584720 38658176    0    0 885584 670500 241120 840319 24  8 51 17  0  0
28 18  99316 136350648 1584720 38658264    0    0 887872 610196 236143 835019 23  8 51 18  0  0
22 16  99316 136337492 1584728 38658360    0    0 900912 639636 235356 844456 24  8 51 17  0  0
23 12  99316 136337100 1584732 38658512    0    0 897520 647448 245788 865436 24  9 51 17  0  0
24 15  99316 136345672 1584732 38658596    0    0 882544 609372 236079 819746 23  8 51 18  0  0
27 14  99316 136338176 1584732 38658692    0    0 897520 648828 243817 857783 24  8 51 17  0  0
27 10  99316 136350364 1584732 38658776    0    0 931552 648464 244520 874143 24  8 52 17  0  0
33 10  99316 136362704 1584736 38658856    0    0 923264 671312 251961 887775 24  8 51 17  0  0
23 13  99316 136364492 1584736 38658936    0    0 920608 647168 250453 890077 24  9 51 16  0  0
28 13  99316 136336132 1584740 38659032    0    0 920192 658636 249756 880080 24  9 51 16  0  0
33 12  99316 136333400 1584740 38659120    0    0 921312 658180 246821 883957 24  9 51 16  0  0
21 16  99316 136336420 1584740 38659208    0    0 918320 667400 245520 876979 24  9 51 16  0  0
25 14  99316 136321528 1584744 38659296    0    0 921408 654376 249371 893665 25  9 51 16  0  0
31  9  99316 136329392 1584744 38659400    0    0 918304 648828 246468 879756 24  9 51 16  0  0
26 20  99316 136350340 1584744 38659480    0    0 916176 666336 249508 871896 24  8 52 17  0  0
23 14  99316 136362472 1584744 38659564    0    0 920768 666652 250749 875148 24  8 51 16  0  0
24 15  99316 136349760 1584744 38659648    0    0 901168 664200 240905 843723 24  9 51 17  0  0
20 18  99316 136339452 1584752 38659732    0    0 879888 617056 239416 830514 24  8 51 18  0  0
23 18  99316 136345812 1584752 38659824    0    0 887712 635596 239859 833506 24  8 51 17  0  0
32 12  99316 136354092 1584752 38659912    0    0 914224 669500 250193 886178 24  9 51 16  0  0
procs -----------memory---------- ---swap-- -----io---- -system-- -------cpu-------
 r  b   swpd   free   buff  cache   si   so    bi    bo   in   cs us sy id wa st gu
25 15  99316 136342476 1584752 38660008    0    0 880272 623152 233748 818044 23  8 51 17  0  0
29 14  99316 136341296 1584752 38660084    0    0 885184 644108 240267 840984 23  8 50 18  0  0
27 13  99316 136342600 1584756 38660172    0    0 924224 651272 251220 882441 24  8 51 17  0  0
25 17  99316 136345716 1584756 38660268    0    0 924352 659872 250881 882456 24  8 51 16  0  0
24 13  99316 136334396 1584760 38660360    0    0 911536 651324 251721 879321 25  9 51 16  0  0
32 10  99316 136331516 1584760 38660440    0    0 918816 648028 243967 871138 24  8 51 16  0  0
31  5  99316 136328412 1584760 38660532    0    0 919136 657848 252380 895138 25  9 50 16  0  0
22 13  99316 136325968 1584764 38660624    0    0 920512 651968 250852 893499 25  9 51 16  0  0
26 15  99316 136323852 1584764 38660716    0    0 913888 669544 251161 881465 24  9 51 16  0  0
31 12  99316 136329236 1584772 38660808    0    0 915680 639996 248495 875263 24  9 51 16  0  0
30  6  99316 136347992 1584772 38660884    0    0 916512 644516 242919 855470 24  8 52 17  0  0
29 12  99316 136342440 1584772 38660968    0    0 920640 666156 249901 876247 24  8 52 16  0  0
17 21  99316 136340032 1584784 38661052    0    0 900656 636140 246470 854644 24  8 51 17  0  0
33 25  99316 136345156 1584784 38661152    0    0 879520 615460 241194 837997 23  8 51 17  0  0
29 14  99316 136333068 1584784 38661236    0    0 900224 637976 244223 850747 24  8 51 17  0  0
25 12  99316 136325548 1584784 38661324    0    0 920336 655600 247046 888211 24  9 51 16  0  0
25 13  99316 136323896 1584784 38661416    0    0 915632 652092 247346 889776 24  8 51 17  0  0
21 18  99316 136326864 1584792 38661504    0    0 884320 618012 238562 833440 24  8 51 17  0  0
28 14  99316 136310972 1584792 38661592    0    0 885344 627568 240272 839169 23  8 52 18  0  0
25 13  99316 136328028 1584792 38661672    0    0 929760 651408 247597 878335 24  8 52 16  0  0
28 19  99316 136325708 1584792 38661756    0    0 921600 666904 246201 883865 24  9 51 16  0  0
procs -----------memory---------- ---swap-- -----io---- -system-- -------cpu-------
 r  b   swpd   free   buff  cache   si   so    bi    bo   in   cs us sy id wa st gu
31 11  99316 136337720 1584792 38661844    0    0 919296 646944 249898 880294 25  9 51 16  0  0
25 19  99316 136318244 1584796 38661936    0    0 912768 657360 247305 874768 24  9 51 16  0  0
24 19  99316 136330256 1584796 38662020    0    0 918416 650604 249775 880508 25  9 51 16  0  0
37 10  99316 136326364 1584796 38662120    0    0 920064 654196 244224 874400 24  8 51 16  0  0
35 11  99316 136330864 1584796 38662204    0    0 916656 652808 246386 887171 24  9 51 16  0  0
25 16  99316 136329748 1584796 38662296    0    0 912272 642456 243793 874025 24  8 51 17  0  0
31 16  99316 136345808 1584804 38662380    0    0 924288 641000 250016 882001 24  8 51 16  0  0
37  7  99316 136338284 1584804 38662456    0    0 902848 644856 249236 867620 24  9 51 16  0  0
35 14  99316 136332680 1584804 38662552    0    0 887072 613100 238175 828141 23  8 51 17  0  0
33 15  99316 136314404 1584804 38662648    0    0 895072 638992 246444 856646 24  8 51 17  0  0
33 11  99316 136322168 1584804 38662732    0    0 907440 654176 251142 871288 24  9 51 16  0  0
27 28  99316 136325952 1584816 38662816    0    0 911168 668640 250936 882270 25  9 51 16  0  0
34 11  99316 136323752 1584816 38662908    0    0 904704 641796 248083 870398 24  9 51 16  0  0
29 14  99316 136315424 1584816 38662996    0    0 891200 608120 234812 815135 23  8 51 18  0  0
37  9  99316 136323920 1584816 38663084    0    0 898928 625780 242776 841676 24  7 52 18  0  0
26 17  99316 136324148 1584816 38663164    0    0 917472 668608 252953 886211 25  9 51 16  0  0
24 16  99316 136323536 1584824 38663256    0    0 919456 659964 253373 891895 25  9 50 16  0  0
33 10  99316 136307216 1584828 38663348    0    0 915824 655476 253083 887285 24  9 51 16  0  0
28 30  99316 136311272 1584828 38663440    0    0 918064 645140 244725 862016 24  9 51 16  0  0
29 13  99316 136306980 1584832 38663532    0    0 915616 643552 250657 875296 24  9 51 16  0  0
28 12  99316 136312164 1584832 38663624    0    0 912944 662172 249716 877225 24  9 51 16  0  0
procs -----------memory---------- ---swap-- -----io---- -system-- -------cpu-------
 r  b   swpd   free   buff  cache   si   so    bi    bo   in   cs us sy id wa st gu
29 12  99316 136318292 1584840 38663716    0    0 909744 636816 248204 873526 24  8 52 16  0  0
36  8  99316 136327840 1584840 38663884    0    0 924240 656668 252225 891154 24  8 52 17  0  0
27 15  99316 136308676 1584840 38663972    0    0 902304 634176 241668 845623 24  8 51 16  0  0
29 14  99316 136316860 1584844 38664056    0    0 879184 616460 234176 824609 23  8 51 17  0  0
28 14  99316 136296836 1584844 38664144    0    0 902304 650048 244322 864715 24  8 51 17  0  0
28 15  99316 136299924 1584852 38664232    0    0 918192 647812 250531 893091 25  9 51 16  0  0
30 12  99316 136295096 1584852 38664320    0    0 915760 642584 246700 881142 25  9 51 16  0  0
30 11  99316 136301252 1584852 38664404    0    0 916656 640012 242054 866476 24  9 51 16  0  0
16 31  99316 136317260 1584852 38664492    0    0 908672 643028 247364 875514 24  8 51 16  0  0
28 23  99316 136322480 1584852 38664580    0    0 886176 649260 239358 834808 23  7 52 18  0  0
28 13  99316 136318316 1584856 38664660    0    0 894864 626804 242256 854702 24  8 51 17  0  0
26 19  99316 136320784 1584856 38664748    0    0 918352 658324 246787 879403 25  8 51 16  0  0
35 10  99316 136305140 1584856 38664832    0    0 928432 631760 249227 888250 25  9 51 16  0  0
28 15  99316 136319812 1584856 38664928    0    0 915376 653468 246425 880669 25  9 50 16  0  0
20 21  99316 136312072 1584860 38665016    0    0 910592 658664 249478 881140 25  9 51 16  0  0
34 12  99316 136299916 1584864 38665100    0    0 917056 646796 250760 882659 25  9 51 16  0  0
25 16  99316 136307896 1584864 38665192    0    0 913488 653648 245007 876170 24  9 51 16  0  0
33 11  99316 136327132 1584864 38665280    0    0 923312 647032 246957 887333 24  7 52 17  0  0
39  7  99316 136324096 1584864 38665372    0    0 918800 651568 253302 897525 25  8 51 16  0  0
36  7  99316 136324464 1584868 38665464    0    0 884192 630984 242739 836380 24  8 51 17  0  0
29 14  99316 136317844 1584880 38665544    0    0 878752 633336 242746 841597 24  8 51 17  0  0
procs -----------memory---------- ---swap-- -----io---- -system-- -------cpu-------
 r  b   swpd   free   buff  cache   si   so    bi    bo   in   cs us sy id wa st gu
26 19  99316 136309556 1584880 38665628    0    0 908960 640400 241087 857665 24  8 51 16  0  0
27 13  99316 136302832 1584880 38665720    0    0 922240 654300 248560 891605 25  9 51 16  0  0
28 22  99316 136304060 1584880 38665804    0    0 908336 625808 249637 875748 25  9 51 16  0  0
31 13  99316 136316148 1584880 38665892    0    0 913088 658840 250197 884530 24  9 51 16  0  0
28 24  99316 136317628 1584888 38665968    0    0 889264 623784 241597 838256 23  7 52 18  0  0
24 18  99316 136316848 1584888 38666064    0    0 880432 611000 234697 813728 24  8 51 17  0  0
30 16  99316 136308236 1584888 38666160    0    0 911936 648140 250627 882788 25  9 51 16  0  0
27 16  99316 136304700 1584888 38666264    0    0 919056 645816 248389 872474 25  9 51 16  0  0
30 13  99316 136304084 1584896 38666348    0    0 912224 662756 251102 883701 25  9 51 16  0  0
23 31  99316 136310444 1584904 38666440    0    0 916032 646408 252733 893216 25  9 51 16  0  0
29 12  99316 136316808 1584904 38666524    0    0 910656 653716 243417 870370 24  9 51 16  0  0
37  6  99316 136321800 1584904 38666612    0    0 916496 633392 248236 894354 25  9 50 16  0  0
36  7  99316 136324676 1584904 38666708    0    0 908256 657248 247874 884107 24  7 52 17  0  0
33 10  99316 136313208 1584904 38666788    0    0 917488 665784 251937 890597 25  8 51 16  0  0
23 20  99316 136299456 1584912 38666880    0    0 908496 626216 247253 873602 24  9 51 16  0  0
25 16  99316 136296080 1584912 38666960    0    0 878416 614500 236017 819125 23  8 52 17  0  0
26 22  99316 136293460 1584912 38667052    0    0 901296 618152 243228 856779 24  9 51 17  0  0
20 21  99316 136308636 1584912 38667136    0    0 914608 667456 251787 884999 25  9 51 16  0  0
34 10  99316 136299120 1584920 38667220    0    0 911552 648592 248540 872965 25  9 51 16  0  0
37  8  99316 136292080 1584928 38667316    0    0 903184 638532 246636 860845 24  9 51 16  0  0
31 14  99316 136296404 1584928 38667392    0    0 921328 642036 244015 862335 24  8 52 16  0  0
procs -----------memory---------- ---swap-- -----io---- -system-- -------cpu-------
 r  b   swpd   free   buff  cache   si   so    bi    bo   in   cs us sy id wa st gu
19 32  99316 136319692 1584928 38667472    0    0 864576 597232 231381 793761 23  7 51 18  0  0
29 13  99316 136308520 1584928 38667564    0    0 906816 648180 247397 869770 24  9 51 16  0  0
25 16  99316 136310508 1584928 38667664    0    0 915104 650124 249223 878265 25  9 51 16  0  0
31 15  99316 136321956 1584936 38667748    0    0 918032 652908 247607 877424 25  9 51 16  0  0
41  6  99316 136303120 1584940 38667836    0    0 918352 647748 243003 863063 24  9 51 16  0  0
27 19  99316 136316440 1584940 38667924    0    0 916912 630648 248084 875034 25  9 51 16  0  0
36  8  99316 136313656 1584940 38668012    0    0 906240 649064 245463 861184 25  8 51 16  0  0
34 12  99316 136326756 1584940 38668100    0    0 913824 644792 246837 873895 24  7 52 17  0  0
21 20  99316 136317072 1584948 38668188    0    0 913088 660916 246037 869232 24  8 51 16  0  0
31 10  99316 136304776 1584948 38668272    0    0 909232 632348 241739 859054 24  8 51 16  0  0
35 10  99316 136295364 1584948 38668364    0    0 859248 600840 234771 807505 23  8 51 18  0  0
36  9  99316 136293556 1584952 38668456    0    0 910736 657444 247198 868714 25  9 51 16  0  0
27 13  99316 136300524 1584952 38668540    0    0 914688 645364 249978 879348 25  9 51 16  0  0
29 14  99316 136300872 1584964 38668624    0    0 933360 644896 243627 853539 24  9 50 16  0  0
22 19  99316 136301924 1584964 38668704    0    0 945008 660972 231631 817748 24  9 51 17  0  0
32 11  99316 136300580 1584964 38668804    0    0 961440 662796 234067 820496 24  8 51 18  0  0
30 14  99316 136317948 1584964 38668884    0    0 959200 673700 233858 818163 24  8 51 18  0  0
28 16  99316 136306116 1584964 38668972    0    0 898240 620704 220714 756430 23  8 50 19  0  0
21 32  99316 136318160 1584976 38669060    0    0 954880 655420 233049 820780 24  8 50 17  0  0
31 15  99316 136304636 1584976 38669224    0    0 962880 655900 233199 822838 24  9 51 17  0  0
31 12  99316 136297348 1584976 38669320    0    0 964352 668580 235220 833211 24  8 50 17  0  0
procs -----------memory---------- ---swap-- -----io---- -system-- -------cpu-------
 r  b   swpd   free   buff  cache   si   so    bi    bo   in   cs us sy id wa st gu
33  7  99316 136295088 1584976 38669408    0    0 959520 696404 233954 824182 24  8 50 17  0  0
32  8  99316 136296196 1584976 38669496    0    0 953184 668900 231532 815548 24  8 51 17  0  0
26 15  99316 136284848 1585012 38669552    0    0 876688 626892 223540 741899 22  7 56 16  0  0
23 24  99316 136287064 1585012 38669672    0    0 947040 652760 235835 807950 24  8 52 17  0  0
33 10  99316 136281944 1585012 38669752    0    0 947520 653540 233846 808474 24  9 51 17  0  0
30 11  99316 136272152 1585012 38669852    0    0 885792 643324 220671 748900 22  8 50 19  0  0
22 37  99316 136267540 1585012 38669932    0    0 951248 651476 233437 815563 24  9 50 17  0  0
29 13  99316 136284700 1585020 38670020    0    0 966800 650072 234489 822293 24  9 51 17  0  0
30 12  99316 136297964 1585020 38670116    0    0 962176 668072 234663 826606 24  9 51 17  0  0
37  9  99316 136294680 1585020 38670200    0    0 945680 664220 232340 818457 24  9 51 17  0  0
27 22  99316 136299144 1585020 38670280    0    0 957568 664752 232869 810764 23  8 52 17  0  0
27 14  99316 136307772 1585020 38670364    0    0 962064 665056 235468 824491 24  8 51 17  0  0
27 15  99316 136304784 1585024 38670456    0    0 914784 645288 224597 772821 23  8 51 18  0  0
28 14  99316 136300360 1585024 38670544    0    0 933440 655304 228764 795106 24  8 51 18  0  0
29 13  99316 136300728 1585024 38670632    0    0 965888 662440 235318 827498 24  9 51 17  0  0
29 11  99316 136292232 1585024 38670720    0    0 962992 659832 235020 827018 24  9 51 17  0  0
27 15  99316 136291636 1585024 38670812    0    0 966864 663976 232758 824458 24  9 50 17  0  0
17 26  99316 136293412 1585036 38670900    0    0 962080 669568 232333 817358 24  8 50 17  0  0
23 17  99316 136298576 1585036 38670988    0    0 955504 654016 231469 816307 24  8 51 17  0  0
27 25  99316 136315372 1585036 38671072    0    0 962688 682880 233452 819198 24  7 51 18  0  0
27 15  99316 136303752 1585036 38671152    0    0 908208 593148 219350 754396 23  8 51 19  0  0
procs -----------memory---------- ---swap-- -----io---- -system-- -------cpu-------
 r  b   swpd   free   buff  cache   si   so    bi    bo   in   cs us sy id wa st gu
28 21  99316 136298448 1585036 38671240    0    0 896480 643460 222374 753763 23  8 50 19  0  0
24 18  99316 136297344 1585040 38671340    0    0 918928 619412 220770 752424 23  8 50 19  0  0
35  8  99316 136300004 1585040 38671428    0    0 901392 623996 221236 753548 22  8 51 19  0  0
27 14  99316 136304424 1585040 38671512    0    0 892064 618660 218892 746939 22  8 51 19  0  0
28 15  99316 136296424 1585040 38671608    0    0 907392 615108 221462 756849 23  8 51 19  0  0
28 22  99316 136297336 1585040 38671692    0    0 920224 622676 223882 768631 23  7 51 19  0  0
16 29  99316 136310384 1585048 38671776    0    0 912640 649284 223410 770095 23  7 51 19  0  0
29 15  99316 136312664 1585048 38671864    0    0 909296 604268 219464 755976 23  8 51 19  0  0
29 15  99316 136294076 1585048 38671956    0    0 886672 615900 217148 739768 22  8 51 20  0  0
32 12  99316 136284708 1585048 38672036    0    0 925504 625740 224424 773668 23  8 50 18  0  0
25 22  99316 136280212 1585048 38672136    0    0 922000 643800 224544 777372 23  8 50 19  0  0
25 18  99316 136287480 1585052 38672228    0    0 920496 643688 223103 772332 23  8 51 19  0  0
27 21  99316 136288604 1585052 38672320    0    0 922048 630796 223691 775796 23  8 51 18  0  0
21 20  99316 136295232 1585052 38672404    0    0 918144 630516 223598 770532 22  7 51 19  0  0
31 11  99316 136297984 1585052 38672492    0    0 905216 617788 220190 755150 22  7 51 20  0  0
27 11  99316 136291652 1585052 38672572    0    0 920576 629928 223794 775752 23  8 50 19  0  0
34  8  99316 136287444 1585064 38672664    0    0 924960 632192 225055 781201 23  8 51 18  0  0
35  9  99316 136283568 1585064 38672748    0    0 931216 649040 226788 787536 23  8 50 18  0  0
32 12  99316 136281088 1585064 38672832    0    0 944544 655252 230444 803676 23  8 51 18  0  0
28 24  99316 136273628 1585064 38672928    0    0 953984 655160 231557 811557 24  8 51 18  0  0
32 13  99316 136273900 1585064 38673016    0    0 931040 636028 227234 788639 23  8 51 18  0  0
procs -----------memory---------- ---swap-- -----io---- -system-- -------cpu-------
 r  b   swpd   free   buff  cache   si   so    bi    bo   in   cs us sy id wa st gu
30 13  99316 136296268 1585072 38673112    0    0 931856 648620 229167 793258 23  8 52 17  0  0
27 16  99316 136307264 1585072 38673188    0    0 940320 646488 228157 794794 23  7 52 18  0  0
29 16  99316 136302056 1585072 38673268    0    0 965216 657216 234169 821742 24  9 50 17  0  0
18 23  99316 136292452 1585072 38673360    0    0 924400 649160 226874 784527 23  8 51 18  0  0
31 15  99316 136273088 1585072 38673456    0    0 919888 641864 224039 777878 23  8 51 18  0  0
29 13  99316 136281676 1585076 38673540    0    0 965568 664740 234218 826915 24  9 50 17  0  0
24 22  99316 136278896 1585076 38673624    0    0 962912 677576 235850 829270 24  8 51 17  0  0
27 17  99316 136280340 1585076 38673712    0    0 963472 673904 234564 823161 24  9 50 17  0  0
32 12  99316 136272784 1585076 38673800    0    0 965520 662200 233602 821519 24  8 51 17  0  0
28 17  99316 136297272 1585076 38673888    0    0 961536 651972 231900 811024 24  7 51 18  0  0
36  8  99316 136286872 1585088 38673972    0    0 964096 659400 234700 825256 24  9 50 17  0  0
29 20  99316 136276360 1585088 38674060    0    0 959216 676912 233124 821793 24  8 51 17  0  0
32 12  99316 136277176 1585088 38674152    0    0 960544 653060 233288 827786 24  9 51 17  0  0
29 20  99316 136290656 1585088 38674244    0    0 968320 670636 234269 825820 24  9 50 17  0  0
30 11  99316 136300700 1585088 38674332    0    0 961552 675476 234444 830299 24  8 51 17  0  0
30 14  99316 136288660 1585100 38674424    0    0 963312 669032 233905 820759 24  8 50 17  0  0
28 13  99316 136291368 1585100 38674580    0    0 957824 672376 234034 820039 24  8 51 17  0  0
18 26  99316 136306604 1585100 38674656    0    0 913184 615756 220439 758723 22  7 52 19  0  0
25 20  99316 136301072 1585100 38674752    0    0 879696 602052 217425 732654 22  8 51 19  0  0
29 13  99316 136278508 1585100 38674832    0    0 896800 604972 218920 741643 23  8 50 19  0  0
38  7  99316 136267864 1585104 38674928    0    0 890112 623488 218061 744607 22  8 50 19  0  0
procs -----------memory---------- ---swap-- -----io---- -system-- -------cpu-------
 r  b   swpd   free   buff  cache   si   so    bi    bo   in   cs us sy id wa st gu
28 17  99316 136277492 1585104 38675020    0    0 901696 623532 220900 766721 23  8 51 18  0  0
25 18  99316 136284740 1585104 38675108    0    0 910880 634020 222219 763431 23  8 50 19  0  0
33 14  99316 136281252 1585104 38675192    0    0 917360 627464 223433 771996 23  8 51 18  0  0
25 16  99316 136294144 1585104 38675284    0    0 930912 628060 224315 775176 23  8 50 19  0  0
28 11  99316 136285908 1585112 38675368    0    0 919424 638932 223272 768849 23  7 52 19  0  0
31 16  99316 136275880 1585112 38675460    0    0 924928 630724 224072 773678 23  8 51 18  0  0
30 14  99316 136288348 1585112 38675544    0    0 929344 621436 225041 781537 23  8 51 18  0  0
25 23  99316 136293204 1585112 38675632    0    0 924992 628412 225762 786192 23  8 51 18  0  0
27 14  99316 136302508 1585112 38675724    0    0 917328 628032 225038 777858 23  8 51 18  0  0
24 18  99316 136300704 1585124 38675812    0    0 909648 617272 221304 772548 23  8 51 18  0  0
23 24  99316 136285756 1585124 38675904    0    0 918240 638916 225291 773690 23  8 51 18  0  0
22 23  99316 136303940 1585124 38675996    0    0 920432 632032 225493 775362 23  8 51 19  0  0
23 32  99316 136311316 1585124 38676072    0    0 930016 634072 224981 777413 23  7 52 18  0  0
30 11  99316 136302944 1585124 38676156    0    0 955056 664280 231703 810330 24  8 51 17  0  0
32  7  99316 136297732 1585136 38676244    0    0 953280 660740 231578 815513 24  8 50 17  0  0
33 12  99316 136294568 1585136 38676340    0    0 968448 651228 233443 822573 24  8 51 17  0  0
33 11  99316 136292396 1585136 38676424    0    0 966640 670616 235500 827845 24  8 50 17  0  0
37  6  99316 136280580 1585136 38676508    0    0 972624 646372 233930 826006 24  9 51 17  0  0
31 13  99316 136296232 1585136 38676592    0    0 955920 672248 231832 821234 24  9 51 17  0  0
27 12  99316 136289400 1585140 38676676    0    0 962336 659148 233582 822181 24  8 51 17  0  0
27 20  99316 136298776 1585140 38676760    0    0 964608 675692 233058 817420 23  7 51 18  0  0
procs -----------memory---------- ---swap-- -----io---- -system-- -------cpu-------
 r  b   swpd   free   buff  cache   si   so    bi    bo   in   cs us sy id wa st gu
24 16  99316 136285640 1585140 38676860    0    0 971328 650436 232423 823311 24  8 50 17  0  0
27 14  99316 136283804 1585140 38676948    0    0 965216 671768 233538 827060 24  8 50 17  0  0
30 13  99316 136272536 1585140 38677032    0    0 971232 658436 232555 823859 24  9 50 17  0  0
36  8  99316 136277988 1585148 38677120    0    0 968528 646648 232887 824334 24  8 51 17  0  0
25 16  99316 136284392 1585148 38677220    0    0 965488 667888 233208 825694 24  9 50 17  0  0
32 10  99316 136281736 1585148 38677308    0    0 960016 649156 231523 820840 24  8 51 17  0  0
21 19  99316 136291100 1585148 38677392    0    0 959232 661512 232515 820459 24  8 51 17  0  0
28 14  99316 136298132 1585148 38677484    0    0 972752 677488 232166 821961 23  7 52 18  0  0
27 16  99316 136306312 1585160 38677564    0    0 959376 647424 232216 819194 24  8 51 17  0  0
27 14  99316 136286888 1585160 38677656    0    0 957152 665112 232139 815065 24  8 50 17  0  0
37  5  99316 136289624 1585160 38677744    0    0 963520 664956 233556 823759 24  9 50 17  0  0
23 20  99316 136276492 1585160 38677840    0    0 968176 671180 233639 826369 24  8 50 17  0  0
30 14  99316 136277100 1585160 38677920    0    0 971008 666512 234049 829528 24  8 50 17  0  0
25 14  99316 136292376 1585172 38678012    0    0 961408 660612 233048 821962 24  8 51 17  0  0
28 11  99316 136285740 1585172 38678104    0    0 948480 653624 230313 817683 24  8 51 17  0  0
35 11  99316 136308136 1585172 38678188    0    0 961456 663152 231672 810062 24  7 51 18  0  0
28 15  99316 136288688 1585172 38678272    0    0 961936 664372 232898 819591 24  8 50 17  0  0
31 11  99316 136262080 1585192 38678344    0    0 965472 668568 234978 826247 24  8 51 17  0  0
33 13  99316 136280544 1585192 38678452    0    0 967920 658004 232962 822078 24  8 50 17  0  0
33 12  99316 136280168 1585192 38678540    0    0 964240 663248 234241 829490 24  8 51 17  0  0
29 15  99316 136258792 1585192 38678632    0    0 958144 676084 233454 824956 24  8 51 17  0  0
procs -----------memory---------- ---swap-- -----io---- -system-- -------cpu-------
 r  b   swpd   free   buff  cache   si   so    bi    bo   in   cs us sy id wa st gu
27 15  99316 136265860 1585192 38678716    0    0 962800 651824 232927 824153 24  8 50 17  0  0
24 21  99316 136274620 1585200 38678800    0    0 947424 658292 229610 812148 24  8 51 17  0  0
43  5  99316 136279332 1585200 38678888    0    0 952976 648724 232244 807625 23  7 52 17  0  0
34  9  99316 136277828 1585200 38678972    0    0 946400 679860 232502 812576 24  8 51 17  0  0
32  9  99316 136276660 1585200 38679060    0    0 937344 639908 231176 797489 24  9 51 17  0  0
28 19  99316 136266752 1585200 38679148    0    0 957456 676452 233106 822388 24  9 50 17  0  0
27 14  99316 136261864 1585208 38679244    0    0 958256 649864 231590 816817 24  9 50 17  0  0
30  9  99316 136277472 1585208 38679332    0    0 960752 663276 233826 820594 24  9 50 17  0  0
23 22  99316 136279164 1585208 38679416    0    0 962144 656872 232425 814113 24  9 51 17  0  0
30 13  99316 136275444 1585208 38679508    0    0 951392 656104 231621 816463 24  9 50 17  0  0
38  7  99316 136271848 1585208 38679596    0    0 956400 656684 231533 808173 24  8 51 18  0  0
21 23  99316 136280536 1585216 38679664    0    0 959920 668116 232142 816167 24  8 51 17  0  0
21 20  99316 136271332 1585216 38679764    0    0 957392 651916 232646 820706 24  9 51 17  0  0
39  9  99316 136275124 1585216 38679924    0    0 957536 675552 232528 816401 24  9 51 17  0  0
31 13  99316 136296080 1585216 38680016    0    0 962336 653720 232792 823468 24  9 51 17  0  0
24 26  99316 136293208 1585216 38680104    0    0 963456 652052 232644 818823 24  8 51 17  0  0
33 14  99316 136272316 1585224 38680188    0    0 961616 668200 232235 821942 24  9 50 17  0  0
30 13  99316 136265804 1585224 38680284    0    0 964096 630084 231406 821580 24  9 51 17  0  0
29 15  99316 136287132 1585224 38680372    0    0 964896 658400 233383 822388 24  8 51 17  0  0
34  8  99316 136304804 1585224 38680456    0    0 965568 653376 230582 814020 24  7 51 17  0  0
22 24  99316 136281432 1585224 38680536    0    0 953488 659320 231065 809413 24  8 51 17  0  0
procs -----------memory---------- ---swap-- -----io---- -system-- -------cpu-------
 r  b   swpd   free   buff  cache   si   so    bi    bo   in   cs us sy id wa st gu
30 13  99316 136276552 1585240 38680620    0    0 957296 656328 231766 814358 24  8 51 17  0  0
27 14  99316 136259292 1585240 38680724    0    0 965344 660732 233315 821182 25  8 50 17  0  0
28 15  99316 136250464 1585240 38680816    0    0 968080 648824 232786 823302 24  9 50 17  0  0
26 17  99316 136269868 1585240 38680896    0    0 961040 659940 233339 821513 24  9 50 17  0  0
26 16  99316 136276680 1585240 38680992    0    0 949456 635596 229002 811809 24  8 51 16  0  0
25 15  99316 136284456 1585252 38681068    0    0 955600 651080 230241 808398 24  8 51 17  0  0
25 18  99316 136289796 1585252 38681164    0    0 968016 659572 231430 815629 24  8 51 18  0  0
28 15  99316 136287020 1585252 38681244    0    0 956240 662856 232477 818535 24  9 51 17  0  0
37 11  99316 136267948 1585252 38681328    0    0 961232 647968 231598 819302 24  9 51 17  0  0
38  6  99316 136276416 1585252 38681428    0    0 961424 643116 232000 819528 24  9 50 17  0  0
31 10  99316 136274140 1585264 38681508    0    0 958576 640304 231734 820006 24  9 51 17  0  0
33 12  99316 136272992 1585264 38681612    0    0 962528 655148 231783 819525 24  8 50 17  0  0
23 22  99316 136281080 1585264 38681688    0    0 946704 645056 228750 810578 24  9 51 17  0  0
34  9  99316 136280048 1585264 38681784    0    0 964960 666892 232211 821287 24  8 51 17  0  0
35 11  99316 136281888 1585264 38681864    0    0 973808 662064 232557 821225 24  7 52 17  0  0
19 24  99316 136276548 1585268 38681936    0    0 962640 666732 231807 818103 24  8 50 17  0  0
29 14  99316 136275604 1585268 38682024    0    0 953840 645488 231553 813961 24  8 50 17  0  0
30 10  99316 136285932 1585268 38682120    0    0 958048 659520 231846 819149 24  8 51 17  0  0
29 17  99316 136281600 1585268 38682212    0    0 957200 655308 231088 819536 24  8 51 17  0  0
31 15  99316 136293116 1585268 38682308    0    0 964976 644584 231906 820629 24  9 50 17  0  0
32 12  99316 136272124 1585268 38682396    0    0 946752 633592 227898 811883 24  9 51 16  0  0
procs -----------memory---------- ---swap-- -----io---- -system-- -------cpu-------
 r  b   swpd   free   buff  cache   si   so    bi    bo   in   cs us sy id wa st gu
30 14  99316 136261284 1585268 38682476    0    0 954512 664520 232404 818413 24  8 51 17  0  0
33  9  99316 136284456 1585268 38682560    0    0 975104 664472 231681 821394 24  7 51 18  0  0
31 10  99316 136292604 1585268 38682648    0    0 960880 650720 231428 812537 24  9 50 17  0  0
21 40  99316 136282844 1585268 38682744    0    0 960448 666024 231809 817001 24  9 51 17  0  0
35 10  99316 136279496 1585276 38682812    0    0 965168 653168 230386 815633 24  8 50 17  0  0
32 12  99316 136269816 1585276 38682912    0    0 958976 664464 231963 819402 24  8 51 17  0  0
30 13  99316 136258840 1585276 38683008    0    0 958640 653308 231426 815198 24  8 51 17  0  0
31 12  99316 136273820 1585276 38683096    0    0 949408 653448 228756 810335 24  8 51 17  0  0
35 13  99316 136275192 1585276 38683180    0    0 965584 647556 231134 816585 24  8 50 17  0  0
29 15  99316 136294388 1585288 38683252    0    0 971632 663644 231995 818348 24  7 52 18  0  0
29 13  99316 136276264 1585288 38683352    0    0 966496 644156 230451 816755 24  8 51 17  0  0
29 12  99316 136273512 1585288 38683436    0    0 948976 666204 231051 809593 24  8 51 17  0  0
23 18  99316 136283772 1585288 38683532    0    0 965008 648988 232696 820010 24  9 50 17  0  0
33  9  99316 136277716 1585288 38683620    0    0 958256 664656 231690 819424 24  9 50 17  0  0
35 11  99316 136260420 1585288 38683716    0    0 957664 656588 231500 818461 24  8 51 17  0  0
31 11  99316 136262312 1585288 38683804    0    0 946960 644716 227731 809952 24  9 51 17  0  0
35 11  99316 136263396 1585292 38683904    0    0 954880 645748 231153 810183 25  9 50 17  0  0
23 20  99316 136283984 1585292 38683988    0    0 963232 649176 232160 810706 24  7 52 17  0  0
35  8  99316 136269488 1585292 38684060    0    0 953104 660252 230987 810992 24  8 51 17  0  0
30 17  99316 136261588 1585304 38684144    0    0 960544 662272 230882 813688 24  9 50 17  0  0
37  9  99316 136247144 1585304 38684248    0    0 957712 641368 230882 819048 24  9 51 16  0  0
procs -----------memory---------- ---swap-- -----io---- -system-- -------cpu-------
 r  b   swpd   free   buff  cache   si   so    bi    bo   in   cs us sy id wa st gu
29 14  99316 136259272 1585304 38684328    0    0 961184 660316 232808 822173 24  9 50 17  0  0
32 10  99316 136263524 1585304 38684416    0    0 955024 639028 229055 813151 24  9 51 17  0  0
27 18  99316 136247404 1585304 38684504    0    0 953216 663588 230862 813398 24  9 50 17  0  0
32 13  99316 136258880 1585316 38684588    0    0 963888 655696 232416 820678 24  9 50 17  0  0
32 12  99316 136266768 1585316 38684684    0    0 968128 651412 232863 821463 24  7 52 17  0  0
28 20  99316 136274416 1585320 38684756    0    0 959712 660540 232089 817830 24  8 51 17  0  0
28 13  99316 136272124 1585320 38684848    0    0 953520 653240 230896 812876 24  8 51 17  0  0
28 14  99316 136275836 1585320 38684940    0    0 949280 652180 231377 810935 24  8 51 17  0  0
27 23  99316 136276292 1585332 38685016    0    0 963392 648800 231620 820348 24  8 50 17  0  0
34 12  99316 136269664 1585332 38685112    0    0 945456 638696 228267 810928 24  8 51 17  0  0
28 19  99316 136266648 1585332 38685272    0    0 965712 656228 231605 818419 24  8 50 17  0  0
17 25  99316 136273832 1585332 38685364    0    0 956912 644020 231207 811904 24  8 51 17  0  0
31 14  99316 136282540 1585332 38685456    0    0 966448 659744 230345 817846 24  8 51 17  0  0
33 11  99316 136293576 1585340 38685532    0    0 965568 652572 230716 816839 24  8 51 17  0  0
36  7  99316 136274716 1585340 38685620    0    0 962640 647084 230975 815132 24  9 51 17  0  0
31 13  99316 136256524 1585340 38685712    0    0 964496 651128 231815 820166 24  8 51 17  0  0
30 12  99316 136271016 1585344 38685796    0    0 961280 657472 232859 822050 24  9 51 17  0  0
26 18  99316 136284492 1585344 38685880    0    0 944848 635308 227758 813741 24  9 51 16  0  0
25 20  99316 136268436 1585356 38685956    0    0 961344 658632 233055 818834 24  9 51 17  0  0
28 14  99316 136272420 1585356 38686060    0    0 958640 644600 230943 811176 24  8 51 17  0  0
32 11  99316 136286276 1585356 38686152    0    0 967600 645184 232221 821894 24  8 51 17  0  0
procs -----------memory---------- ---swap-- -----io---- -system-- -------cpu-------
 r  b   swpd   free   buff  cache   si   so    bi    bo   in   cs us sy id wa st gu
18 22  99316 136292428 1585356 38686232    0    0 968224 661848 230746 818481 24  8 51 17  0  0
30 17  99316 136288992 1585356 38686320    0    0 960544 645660 231327 817597 24  9 51 17  0  0
29 10  99316 136278084 1585368 38686400    0    0 953344 649476 231121 810083 24  9 51 17  0  0
28 17  99316 136268072 1585368 38686508    0    0 960544 635900 230870 814498 24  8 51 17  0  0
36 10  99316 136281636 1585368 38686592    0    0 942976 654616 229009 812959 24  8 51 16  0  0
35  8  99316 136264200 1585368 38686684    0    0 954144 636336 228953 810929 24  8 51 17  0  0
31 10  99316 136254776 1585368 38686768    0    0 950624 650364 229694 808822 24  8 50 17  0  0
28 13  99316 136258188 1585380 38686856    0    0 958368 643764 229494 811413 24  8 51 17  0  0
35 13  99316 136256056 1585380 38686952    0    0 966960 667256 230950 816611 24  8 51 17  0  0
34  9  99316 136263912 1585380 38687036    0    0 963920 642704 230330 813634 24  8 51 17  0  0
25 20  99316 136276300 1585380 38687116    0    0 964672 644184 229248 811443 24  8 51 17  0  0
32  9  99316 136275400 1585384 38687200    0    0 949696 649108 228678 812991 24  8 51 17  0  0
31 10  99316 136277324 1585388 38687296    0    0 963568 656588 231200 819666 24  8 50 17  0  0
31 13  99316 136260964 1585388 38687388    0    0 959168 648832 231030 818969 24  8 51 16  0  0
28 13  99316 136285392 1585388 38687476    0    0 960592 647880 231263 816044 24  8 50 17  0  0
32 15  99316 136271888 1585388 38687560    0    0 961728 656464 232582 821751 24  8 51 17  0  0
27 12  99316 136289236 1585392 38687640    0    0 967616 656300 230418 820640 24  7 52 17  0  0
22 18  99316 136276296 1585396 38687720    0    0 961776 650284 231785 821053 24  8 51 17  0  0
25 18  99316 136276160 1585396 38687816    0    0 957072 647084 230729 815149 24  9 51 17  0  0
29 13  99316 136263704 1585396 38687908    0    0 937696 639208 227887 802046 24  8 51 17  0  0
25 14  99316 136253996 1585396 38687996    0    0 959552 628536 230434 811976 24  9 50 17  0  0
procs -----------memory---------- ---swap-- -----io---- -system-- -------cpu-------
 r  b   swpd   free   buff  cache   si   so    bi    bo   in   cs us sy id wa st gu
24 19  99316 136261724 1585400 38688080    0    0 958384 657344 231797 814854 24  9 50 17  0  0
32 13  99316 136273904 1585412 38688164    0    0 958880 666408 230863 816086 24  9 50 17  0  0
24 18  99316 136259436 1585412 38688272    0    0 957536 642996 229732 811266 24  8 51 17  0  0
30 13  99316 136276064 1585412 38688348    0    0 970272 663264 231283 817606 24  7 52 17  0  0
31 13  99316 136271480 1585412 38688444    0    0 963104 652752 232651 820864 24  8 51 17  0  0
39  7  99316 136268648 1585412 38688524    0    0 946944 655768 229221 816176 24  8 51 17  0  0
29 19  99316 136261404 1585420 38688612    0    0 958176 653948 231430 814395 24  8 51 17  0  0
34 10  99316 136273844 1585420 38688700    0    0 967712 629516 230537 815451 24  9 51 17  0  0
24 17  99316 136269460 1585420 38688796    0    0 958000 654044 231275 816419 24  8 51 17  0  0
35  6  99316 136278132 1585420 38688880    0    0 963360 644844 229711 813958 24  8 51 17  0  0
26 33  99316 136268292 1585420 38688972    0    0 957200 675964 230620 813289 24  8 51 17  0  0
30 11  99316 136276224 1585424 38689088    0    0 977072 632828 230764 819432 24  8 51 17  0  0
33 12  99316 136277768 1585424 38689184    0    0 948640 643240 226909 809041 24  8 51 16  0  0
24 19  99316 136276036 1585424 38689280    0    0 957712 651512 229664 810364 24  8 51 17  0  0
33 13  99316 136274372 1585424 38689372    0    0 964368 638696 231098 817309 24  9 51 17  0  0
29 11  99316 136264252 1585424 38689452    0    0 945568 637624 227545 803650 24  8 51 17  0  0
23 19  99316 136264144 1585432 38689536    0    0 963280 638200 229807 808760 24  8 50 17  0  0
25 17  99316 136264300 1585436 38689644    0    0 952352 666424 231254 813395 24  8 51 17  0  0
31 11  99316 136264256 1585436 38689732    0    0 898864 586624 216260 743191 23  8 50 19  0  0
28 11  99316 136278368 1585436 38689824    0    0 959456 645512 228395 811151 24  7 52 18  0  0
22 18  99316 136286920 1585436 38689896    0    0 957760 648904 229360 811743 24  8 51 17  0  0
procs -----------memory---------- ---swap-- -----io---- -system-- -------cpu-------
 r  b   swpd   free   buff  cache   si   so    bi    bo   in   cs us sy id wa st gu
36 10  99316 136265988 1585448 38689972    0    0 960304 636496 229428 814564 24  8 51 17  0  0
30 21  99316 136253720 1585448 38690076    0    0 964096 652432 231085 819609 24  9 51 17  0  0
31 12  99316 136250688 1585448 38690168    0    0 965392 649592 231077 815204 24  9 50 17  0  0
30 16  99316 136247408 1585448 38690248    0    0 962784 659996 232453 817672 24  8 51 17  0  0
30 15  99316 136260296 1585448 38690336    0    0 958592 650916 229235 812070 24  8 51 17  0  0
25 22  99316 136267056 1585456 38690428    0    0 957888 640068 229302 814635 24  9 51 17  0  0
33  8  99316 136271568 1585456 38690516    0    0 954080 653068 228686 818052 24  7 52 17  0  0
29 15  99316 136284024 1585460 38690680    0    0 962240 641732 231543 817682 24  8 51 17  0  0
32  8  99316 136270288 1585460 38690768    0    0 966224 647160 231497 817054 24  8 51 17  0  0
29 20  99316 136251976 1585460 38690864    0    0 958928 642308 229980 811998 24  8 51 17  0  0
28 14  99316 136236048 1585464 38690948    0    0 960112 640304 230685 812807 24  9 51 17  0  0
32  8  99316 136249108 1585464 38691044    0    0 959472 654652 230879 814185 24  8 50 17  0  0
34  9  99316 136257048 1585464 38691128    0    0 959776 640772 229516 812614 24  8 51 17  0  0
31 24  99316 136257692 1585464 38691216    0    0 934064 633076 224937 796730 23  8 51 17  0  0
29 17  99316 136272908 1585464 38691304    0    0 877456 570036 210912 717364 22  7 51 20  0  0
32 13  99316 136285428 1585464 38691400    0    0 956080 626596 227056 798133 24  7 51 18  0  0
26 14  99316 136271440 1585464 38691480    0    0 964944 638584 231118 818297 24  8 51 17  0  0
32 13  99316 136256940 1585468 38691568    0    0 960272 661824 230304 815238 24  8 51 17  0  0
27 15  99316 136265812 1585468 38691664    0    0 957248 640376 230117 811116 24  9 51 17  0  0
36 14  99316 136255624 1585468 38691748    0    0 967056 634668 230222 811458 24  9 50 17  0  0
31 19  99316 136239440 1585476 38691832    0    0 949152 645692 227401 808909 24  8 51 16  0  0
procs -----------memory---------- ---swap-- -----io---- -system-- -------cpu-------
 r  b   swpd   free   buff  cache   si   so    bi    bo   in   cs us sy id wa st gu
30 13  99316 136252748 1585476 38691916    0    0 959712 635808 229456 810811 24  9 50 17  0  0
32 11  99316 136264560 1585476 38692012    0    0 960000 654092 231043 816904 24  8 51 17  0  0
27 15  99316 136275716 1585476 38692092    0    0 968512 644168 230043 814382 24  8 51 17  0  0
27 14  99316 136266032 1585476 38692176    0    0 961648 659684 231053 817520 24  9 51 17  0  0
35  9  99316 136237160 1585484 38692268    0    0 966720 647064 230958 815052 24  9 50 17  0  0
13 27  99316 136250664 1585484 38692364    0    0 961312 644784 229813 811155 24  9 50 17  0  0
20 38  99316 136260840 1585484 38692456    0    0 942288 638420 226417 801764 24  8 51 17  0  0
25 15  99316 136254496 1585484 38692540    0    0 949968 633852 228876 807022 24  8 51 17  0  0
28 13  99316 136268708 1585484 38692640    0    0 958336 640240 229956 811853 24  8 51 17  0  0
24 18  99316 136267368 1585492 38692708    0    0 889360 584160 215751 738497 22  7 51 19  0  0
29 13  99316 136272576 1585492 38692800    0    0 902544 594800 216238 742129 22  7 51 19  0  0
27 13  99316 136270848 1585492 38692892    0    0 960592 649108 229854 814870 24  8 51 17  0  0
22 21  99316 136261720 1585492 38692984    0    0 968624 641232 229980 813523 24  8 50 17  0  0
30 11  99316 136252912 1585492 38693076    0    0 950224 645548 228226 814110 24  8 51 16  0  0
21 25  99316 136237908 1585500 38693152    0    0 957504 644168 230204 814095 24  8 51 17  0  0
25 16  99316 136250980 1585500 38693252    0    0 963696 640920 230010 811503 24  8 51 17  0  0
37 13  99316 136260228 1585500 38693340    0    0 963152 653680 230214 813899 24  9 51 17  0  0
17 24  99316 136253208 1585500 38693428    0    0 906688 587944 218008 754407 23  7 52 18  0  0
27 12  99316 136260180 1585500 38693508    0    0 893632 615260 216689 742843 22  7 52 19  0  0
27 18  99316 136262684 1585508 38693580    0    0 911104 584744 217434 754462 23  8 51 18  0  0
28 17  99316 136270288 1585508 38693672    0    0 903456 598552 217160 759505 23  8 51 18  0  0
procs -----------memory---------- ---swap-- -----io---- -system-- -------cpu-------
 r  b   swpd   free   buff  cache   si   so    bi    bo   in   cs us sy id wa st gu
27 16  99316 136259832 1585508 38693772    0    0 925152 595780 220711 767960 23  8 50 18  0  0
29 14  99316 136242564 1585508 38693860    0    0 919200 616560 222703 771942 23  8 51 18  0  0
27 18  99316 136247764 1585508 38693948    0    0 914752 606524 220254 765328 23  8 51 18  0  0
28 14  99316 136244652 1585520 38694012    0    0 905360 606228 219565 757223 23  8 51 18  0  0
29 15  99316 136249312 1585520 38694120    0    0 913376 615876 220164 762644 23  8 51 19  0  0
31 26  99316 136269356 1585520 38694200    0    0 880432 574516 210608 718026 22  6 51 20  0  0
32 10  99316 136254124 1585520 38694296    0    0 900128 578812 216820 755598 23  8 51 18  0  0
27 19  99316 136262852 1585520 38694384    0    0 906240 612168 219188 763204 23  8 51 18  0  0
22 21  99316 136260384 1585528 38694468    0    0 925680 592432 219896 764944 23  8 51 18  0  0
27 16  99316 136252264 1585528 38694576    0    0 923376 605468 220416 766829 23  8 50 18  0  0
19 26  99316 136245628 1585532 38694656    0    0 918704 601020 218859 759520 23  8 51 18  0  0
32 11  99316 136252400 1585532 38694756    0    0 915984 608516 220304 761906 23  8 51 18  0  0
22 29  99316 136242312 1585556 38694816    0    0 848096 561920 209347 701260 21  7 55 17  0  0
28 17  99316 136245228 1585568 38694904    0    0 925680 627420 221972 772569 23  7 52 19  0  0
27 19  99316 136264248 1585568 38695004    0    0 922272 614056 222045 784234 24  8 51 17  0  0
34 15  99316 136259448 1585568 38695100    0    0 947088 629612 226817 796351 24  8 51 17  0  0
25 24  99316 136229628 1585568 38695180    0    0 947056 625220 227315 798107 24  8 51 17  0  0
25 19  99316 136249452 1585568 38695268    0    0 953456 619288 227789 800796 24  8 51 17  0  0
27 16  99316 136252072 1585580 38695344    0    0 947744 632788 227591 796366 24  9 51 17  0  0
35  8  99316 136251104 1585580 38695452    0    0 945664 627404 227423 797899 24  8 50 17  0  0
28 11  99316 136266580 1585580 38695544    0    0 938976 616460 225969 790003 24  8 51 17  0  0
procs -----------memory---------- ---swap-- -----io---- -system-- -------cpu-------
 r  b   swpd   free   buff  cache   si   so    bi    bo   in   cs us sy id wa st gu
32 11  99316 136279804 1585580 38695632    0    0 937648 629168 224363 790304 23  7 52 18  0  0
27 16  99316 136266772 1585584 38695708    0    0 893760 593584 215265 738418 23  8 51 19  0  0
32 12  99316 136267200 1585596 38695788    0    0 941904 618260 225620 788927 23  8 50 18  0  0
28 14  99316 136255944 1585596 38695880    0    0 949488 627804 227143 799002 24  8 50 17  0  0
29 14  99316 136251580 1585596 38696036    0    0 939568 640092 226621 794197 24  8 51 17  0  0
28 16  99316 136250572 1585596 38696132    0    0 928240 622732 223006 779118 23  8 51 17  0  0
28 12  99316 136245132 1585596 38696216    0    0 933776 614936 225480 796790 24  8 51 17  0  0
35  8  99316 136238900 1585600 38696312    0    0 952112 640716 229000 809692 24  8 51 16  0  0
30 14  99316 136259496 1585604 38696396    0    0 969792 638048 228861 810019 24  7 52 17  0  0
29 14  99316 136261712 1585604 38696468    0    0 968560 642024 229428 809572 25  8 50 17  0  0
27 22  99316 136269068 1585604 38696560    0    0 960624 653196 231105 812666 24  9 51 17  0  0
22 18  99316 136251644 1585604 38696644    0    0 965552 636136 230090 811543 24  8 51 17  0  0
36 13  99316 136256108 1585604 38696736    0    0 965312 646104 230092 810538 24  8 50 17  0  0
31  9  99316 136244564 1585604 38696816    0    0 948672 633828 227555 812471 24  9 51 16  0  0
33  9  99316 136251588 1585604 38696904    0    0 962240 649052 230079 813822 24  9 51 17  0  0
27 16  99316 136273552 1585604 38696992    0    0 960400 641076 230185 814580 24  9 51 17  0  0
29 10  99316 136276944 1585604 38697096    0    0 963760 644820 228634 806414 24  7 52 17  0  0
21 23  99316 136269820 1585608 38697176    0    0 950160 634420 226544 794989 24  8 51 17  0  0
30 11  99316 136253952 1585608 38697268    0    0 897968 592136 217005 748917 23  8 50 19  0  0
31  9  99316 136250132 1585608 38697360    0    0 957120 633012 228195 803433 24  9 51 17  0  0
36 13  99316 136261388 1585608 38697444    0    0 948352 629196 226074 809783 24  9 51 16  0  0
procs -----------memory---------- ---swap-- -----io---- -system-- -------cpu-------
 r  b   swpd   free   buff  cache   si   so    bi    bo   in   cs us sy id wa st gu
34 10  99316 136242548 1585608 38697540    0    0 971072 635076 230335 813822 24  9 51 17  0  0
31 11  99316 136259240 1585616 38697624    0    0 966096 633080 228896 809509 24  8 51 17  0  0
36  8  99316 136244916 1585616 38697716    0    0 970896 635472 229482 813585 24  8 51 17  0  0
28 15  99316 136255492 1585616 38697800    0    0 964672 644368 229495 812660 24  7 52 17  0  0
25 21  99316 136263760 1585616 38697880    0    0 967728 634776 228038 806760 24  8 51 17  0  0
24 18  99316 136268180 1585616 38697980    0    0 945648 625668 226834 807719 24  9 51 16  0  0
35  7  99316 136274128 1585624 38698056    0    0 962816 636564 228707 808237 24  9 51 17  0  0
28 13  99316 136263320 1585624 38698152    0    0 968224 623308 228858 807407 24  8 51 17  0  0
28 18  99316 136257480 1585624 38698244    0    0 968480 637052 229654 812231 24  8 51 17  0  0
32 13  99316 136267464 1585624 38698336    0    0 971104 646608 230496 814471 24  9 51 17  0  0
35 12  99316 136238788 1585624 38698424    0    0 964336 645040 230154 811289 24  9 50 17  0  0
30 12  99316 136253416 1585632 38698508    0    0 973392 625944 229764 813191 24  7 51 17  0  0
28 15  99316 136263108 1585632 38698588    0    0 959584 632280 227817 813404 24  8 51 17  0  0
30 12  99316 136255520 1585632 38698680    0    0 948944 631876 227977 799802 24  8 51 17  0  0
29 14  99316 136247548 1585632 38698772    0    0 891776 590588 215537 739373 22  8 51 19  0  0
35  7  99316 136252124 1585632 38698864    0    0 962480 633176 229510 806850 24  8 51 17  0  0
23 27  99316 136245092 1585636 38698944    0    0 962112 644756 229239 812027 24  9 51 17  0  0
34 10  99316 136240744 1585636 38699036    0    0 967120 638888 230255 814030 24  8 51 17  0  0
36 10  99316 136255948 1585636 38699128    0    0 943440 639772 227470 809267 24  9 51 16  0  0
27 15  99316 136255704 1585636 38699212    0    0 982432 635332 229848 814968 24  8 51 17  0  0
31 18  99316 136259228 1585636 38699292    0    0 968048 648396 228689 812642 24  8 51 17  0  0
procs -----------memory---------- ---swap-- -----io---- -system-- -------cpu-------
 r  b   swpd   free   buff  cache   si   so    bi    bo   in   cs us sy id wa st gu
23 24  99316 136263096 1585640 38699376    0    0 967264 637704 229350 812647 24  8 51 17  0  0
22 21  99316 136250652 1585640 38699468    0    0 965536 649128 230110 809432 24  9 50 17  0  0
26 20  99316 136243252 1585640 38699552    0    0 963328 639248 229514 812994 24  8 51 17  0  0
29 12  99316 136261484 1585640 38699648    0    0 960816 628476 228634 812597 24  9 51 16  0  0
28 15  99316 136249636 1585640 38699728    0    0 959264 631896 228275 812877 24  8 51 17  0  0
27 18  99316 136249936 1585644 38699812    0    0 965680 643068 230340 814268 24  9 51 17  0  0
23 21  99316 136249520 1585644 38699908    0    0 972048 634540 228386 812192 24  8 51 17  0  0
36 12  99316 136270304 1585644 38699992    0    0 968816 644492 229448 810271 24  8 51 17  0  0
32 11  99316 136264120 1585644 38700084    0    0 965168 631256 228198 805877 24  8 51 17  0  0
24 20  99316 136259572 1585648 38700172    0    0 941696 616732 225164 789586 24  8 51 17  0  0
21 20  99316 136250324 1585652 38700264    0    0 883200 572532 213123 738083 22  8 51 19  0  0
32 11  99316 136260284 1585652 38700352    0    0 957504 642728 228801 807340 24  8 51 17  0  0
20 20  99316 136256780 1585652 38700448    0    0 966000 628776 228134 805172 24  9 51 17  0  0
36  7  99316 136254476 1585652 38700528    0    0 967552 642304 230484 813557 24  8 51 17  0  0
24 19  99316 136273604 1585652 38700620    0    0 972144 643008 229071 810131 24  8 51 17  0  0
28 15  99316 136284352 1585656 38700692    0    0 973696 632888 228555 813686 24  7 52 17  0  0
30 12  99316 136268492 1585656 38700784    0    0 941632 632816 224897 811954 24  8 51 16  0  0
28 17  99316 136248180 1585660 38700876    0    0 966176 647244 228495 819009 24  8 51 17  0  0
27 12  99316 136241076 1585660 38700968    0    0 959728 644708 229077 808973 24  8 51 17  0  0
33 17  99316 136236384 1585660 38701048    0    0 968240 635492 229514 813443 24  8 51 17  0  0
31 13  99316 136246816 1585668 38701136    0    0 970160 638124 229387 811319 24  8 51 17  0  0
procs -----------memory---------- ---swap-- -----io---- -system-- -------cpu-------
 r  b   swpd   free   buff  cache   si   so    bi    bo   in   cs us sy id wa st gu
36  7  99316 136258472 1585668 38701236    0    0 973904 620228 229949 813837 24  9 50 17  0  0
29 11  99316 136244672 1585668 38701388    0    0 963088 658336 228542 810010 24  8 51 17  0  0
33 13  99316 136262428 1585668 38701484    0    0 964992 633164 226357 811747 24  7 52 17  0  0
36 12  99316 136265948 1585668 38701568    0    0 965152 639344 229414 809396 24  9 51 17  0  0
27 33  99316 136234968 1585676 38701656    0    0 963872 624064 227937 804155 24  8 51 17  0  0
25 26  99316 136257384 1585676 38701744    0    0 909088 602592 218959 755136 23  8 51 18  0  0
31 14  99316 136261604 1585676 38701836    0    0 931696 618656 223702 778318 24  8 51 17  0  0
30 13  99316 136244184 1585676 38701920    0    0 963232 634504 227881 804874 24  8 51 17  0  0
29 14  99316 136246216 1585676 38702016    0    0 948496 617072 226037 804132 24  9 51 16  0  0
21 21  99316 136247112 1585684 38702092    0    0 964272 646036 229880 811970 24  8 51 17  0  0
30 12  99316 136262776 1585684 38702180    0    0 981680 640660 229234 815443 24  7 52 17  0  0
28 13  99316 136254432 1585684 38702268    0    0 971840 644340 229271 809722 24  9 51 17  0  0
25 19  99316 136250952 1585684 38702360    0    0 960480 640484 229631 811082 24  9 51 17  0  0
27 15  99316 136237304 1585684 38702440    0    0 964272 617688 227742 804861 24  8 51 17  0  0
31 11  99316 136250088 1585688 38702528    0    0 940704 636412 225922 804223 24  8 51 16  0  0
26 15  99316 136235348 1585692 38702624    0    0 967616 630052 228188 812333 24  9 51 17  0  0
28 12  99316 136244888 1585692 38702700    0    0 968912 625448 227974 809057 24  9 51 16  0  0
21 20  99316 136246940 1585692 38702800    0    0 968704 651512 230111 811066 24  9 51 17  0  0
36  6  99316 136254728 1585692 38702880    0    0 978144 641248 228745 812206 24  7 52 17  0  0
35  8  99316 136260104 1585700 38702948    0    0 971184 632672 230356 810718 24  8 51 17  0  0
28 12  99316 136259044 1585700 38703072    0    0 953648 629232 228693 812515 24  9 51 17  0  0
procs -----------memory---------- ---swap-- -----io---- -system-- -------cpu-------
 r  b   swpd   free   buff  cache   si   so    bi    bo   in   cs us sy id wa st gu
30 13  99316 136262504 1585700 38703160    0    0 937472 612968 224530 789133 24  8 51 17  0  0
25 15  99316 136245588 1585700 38703240    0    0 903216 608204 217630 750728 23  8 51 18  0  0
30 13  99316 136243276 1585700 38703324    0    0 960000 620952 227359 799635 24  8 50 17  0  0
25 16  99316 136235600 1585712 38703416    0    0 968400 633124 229629 808572 24  9 50 17  0  0
24 17  99316 136240044 1585712 38703512    0    0 956624 655848 229169 803887 24  8 51 17  0  0
31 13  99316 136260064 1585712 38703604    0    0 974128 627240 229684 809171 24  7 51 17  0  0
32 17  99316 136255696 1585712 38703672    0    0 951856 636536 226979 810062 24  8 51 16  0  0
27 13  99316 136253648 1585712 38703772    0    0 971792 629724 230747 813104 24  9 50 17  0  0
28 14  99316 136251424 1585716 38703864    0    0 968864 624896 228489 809512 24  8 51 17  0  0
32 11  99316 136244484 1585716 38703956    0    0 957888 631468 229386 806424 24  8 51 17  0  0
32 18  99316 136248344 1585716 38704040    0    0 968464 645060 230053 809163 24  8 51 17  0  0
34 12  99316 136248996 1585716 38704132    0    0 970192 621152 228679 808854 24  9 50 17  0  0
 8  2  99316 136242452 1585772 38704160    0    0 927440 621772 222897 787145 23  8 53 16  0  0
30 15  99316 136245100 1585776 38704312    0    0 921472 620132 221555 764497 22  7 55 16  0  0
30 10  99316 136246200 1585776 38704404    0    0 964352 624036 228134 806618 24  8 51 17  0  0
28 14  99316 136247300 1585776 38704488    0    0 970416 629276 229557 811368 24  8 51 17  0  0
30 13  99316 136256240 1585776 38704576    0    0 952528 643400 228532 802290 24  8 51 17  0  0
26 18  99316 136240956 1585776 38704664    0    0 953312 616168 226098 796278 24  8 51 17  0  0
30 13  99316 136229720 1585784 38704748    0    0 874560 578048 211014 729038 22  8 52 18  0  0
29 14  99316 136246620 1585784 38704840    0    0 959744 628484 227955 802626 24  8 51 17  0  0
27 15  99316 136257304 1585784 38704932    0    0 962768 636112 229694 809706 24  8 51 17  0  0
procs -----------memory---------- ---swap-- -----io---- -system-- -------cpu-------
 r  b   swpd   free   buff  cache   si   so    bi    bo   in   cs us sy id wa st gu
37  8  99316 136256900 1585784 38705016    0    0 975392 637496 229034 809722 24  7 51 17  0  0
32 12  99316 136261648 1585784 38705100    0    0 974304 648120 230498 812330 24  8 51 17  0  0
25 17  99316 136253672 1585800 38705176    0    0 969104 636316 230270 811782 24  9 51 17  0  0
27 15  99316 136252240 1585800 38705280    0    0 953264 618384 226132 808110 24  8 51 16  0  0
32  9  99316 136251640 1585800 38705372    0    0 969008 631464 229319 810053 24  9 50 17  0  0
26 14  99316 136251640 1585800 38705460    0    0 963872 629528 228449 803804 24  9 50 17  0  0
25 23  99316 136244884 1585800 38705556    0    0 963552 630104 228061 806931 24  9 51 17  0  0
34 11  99316 136235340 1585804 38705632    0    0 966272 649876 229053 814630 24  9 51 17  0  0
24 21  99316 136245796 1585804 38705732    0    0 977840 635964 229781 817687 24  8 51 17  0  0
30 11  99316 136279308 1585804 38705820    0    0 964320 620176 228140 809443 24  8 52 17  0  0
23 19  99316 136258104 1585804 38705904    0    0 956880 650124 228275 809735 24  9 51 17  0  0
27 19  99316 136250296 1585804 38705992    0    0 964336 622588 228987 805729 24  9 51 17  0  0
32 11  99316 136235624 1585812 38706068    0    0 964160 638348 228675 808832 24  9 50 17  0  0
30 14  99316 136237652 1585812 38706168    0    0 929392 601192 220668 766631 23  8 51 18  0  0
35  8  99316 136239468 1585812 38706264    0    0 923344 613332 222355 770107 23  8 51 18  0  0
30 18  99316 136241220 1585812 38706352    0    0 955664 629232 226697 800632 24  8 50 17  0  0
27 14  99316 136256096 1585812 38706436    0    0 952400 635252 227399 809694 24  8 52 17  0  0
32 10  99316 136262744 1585820 38706512    0    0 971168 627120 228347 805930 24  8 51 17  0  0
27 13  99316 136252620 1585820 38706604    0    0 970192 625832 229204 810177 24  9 50 17  0  0
31 12  99316 136251612 1585820 38706772    0    0 965712 636652 228948 810081 24  9 50 17  0  0
31 14  99316 136246788 1585820 38706864    0    0 968384 642936 229910 813911 24  9 50 17  0  0
procs -----------memory---------- ---swap-- -----io---- -system-- -------cpu-------
 r  b   swpd   free   buff  cache   si   so    bi    bo   in   cs us sy id wa st gu
31 13  99316 136236120 1585820 38706956    0    0 966720 619840 228020 807129 24  8 51 17  0  0
28 16  99316 136233332 1585828 38707036    0    0 946304 636268 226355 802025 24  9 51 17  0  0
24 17  99316 136246020 1585828 38707136    0    0 953616 630416 227216 798947 24  8 51 17  0  0
29 11  99316 136248088 1585828 38707232    0    0 973216 643696 229767 811512 24  8 51 17  0  0
30 14  99316 136267828 1585828 38707304    0    0 976352 638212 229194 812025 24  8 52 17  0  0
35  5  99316 136246632 1585828 38707388    0    0 965392 658128 230296 812705 24  8 51 17  0  0
31 12  99316 136247692 1585836 38707468    0    0 967248 617580 228508 810381 24  9 51 16  0  0
26 14  99316 136236920 1585836 38707568    0    0 946320 632464 226151 804716 24  8 51 16  0  0
18 36  99316 136240624 1585836 38707652    0    0 961328 635812 228035 803652 24  9 51 17  0  0
35  7  99316 136233340 1585836 38707748    0    0 903824 579876 216410 744223 23  8 51 18  0  0
31 15  99316 136221416 1585836 38707844    0    0 953088 638304 227520 796004 24  8 51 17  0  0
30 21  99316 136240544 1585844 38707928    0    0 959888 628096 228134 798239 24  8 51 17  0  0
34 12  99316 136255224 1585844 38708012    0    0 977936 631280 228350 805901 24  7 51 17  0  0
28 13  99316 136247824 1585844 38708096    0    0 948864 634856 226857 806712 24  8 51 16  0  0
27 16  99316 136240604 1585844 38708192    0    0 968256 623556 228045 808162 24  8 51 16  0  0
30 11  99316 136224684 1585844 38708280    0    0 972848 641688 230150 812421 24  8 51 17  0  0
19 35  99316 136233364 1585848 38708360    0    0 963280 649396 228596 806301 24  8 51 17  0  0
35 10  99316 136226640 1585852 38708460    0    0 970256 628332 228554 804969 24  8 51 17  0  0
32 12  99316 136243120 1585852 38708560    0    0 960800 623200 226770 802480 24  9 51 16  0  0
28 17  99316 136254084 1585852 38708644    0    0 949808 622752 225174 802662 24  8 51 16  0  0
33 19  99316 136269504 1585852 38708740    0    0 979440 625968 227715 806816 24  7 52 17  0  0
procs -----------memory---------- ---swap-- -----io---- -system-- -------cpu-------
 r  b   swpd   free   buff  cache   si   so    bi    bo   in   cs us sy id wa st gu
28 13  99316 136268412 1585860 38708800    0    0 966608 628904 229281 809581 24  8 51 17  0  0
21 27  99316 136253672 1585860 38708904    0    0 970992 633760 228175 810847 25  8 50 17  0  0
26 15  99316 136251436 1585864 38708996    0    0 968496 642436 228475 805857 24  8 51 17  0  0
33 10  99316 136236112 1585864 38709088    0    0 964928 616768 227685 807669 24  9 51 16  0  0
33 32  99316 136226456 1585864 38709176    0    0 946160 631116 226173 804313 24  8 51 16  0  0
31 15  99316 136245600 1585868 38709256    0    0 921968 594660 220219 761522 23  8 51 18  0  0
33  8  99316 136246104 1585868 38709356    0    0 920944 593956 218867 759484 23  8 50 18  0  0
33 10  99316 136258052 1585868 38709444    0    0 969664 631516 226893 800322 24  7 52 18  0  0
21 30  99316 136259952 1585868 38709520    0    0 966288 652800 230126 810098 24  8 50 17  0  0
32 19  99316 136236540 1585868 38709616    0    0 965536 625392 227712 807535 24  9 51 17  0  0
34  6  99316 136246032 1585872 38709708    0    0 949584 626248 226076 807445 24  9 51 16  0  0
26 13  99316 136236636 1585872 38709796    0    0 977888 622356 228481 808651 24  8 50 17  0  0
30 23  99316 136238956 1585872 38709884    0    0 967760 640620 228296 807436 24  9 51 17  0  0
29 15  99316 136252976 1585872 38709976    0    0 968608 625760 227838 804156 24  8 51 17  0  0
34  6  99316 136241304 1585872 38710072    0    0 972816 640812 227891 804784 24  8 51 17  0  0
31  9  99316 136267756 1585876 38710156    0    0 982160 629332 228669 810373 24  7 52 17  0  0
23 17  99316 136249368 1585876 38710244    0    0 950544 625952 225494 802445 24  8 51 17  0  0
31 19  99316 136233088 1585876 38710328    0    0 967312 624524 227823 803393 24  9 51 17  0  0
33 11  99316 136226684 1585876 38710416    0    0 972496 629980 228404 807253 24  9 50 17  0  0
32 11  99316 136243928 1585876 38710504    0    0 970992 640348 229140 809245 24  9 51 17  0  0
20 24  99316 136238076 1585884 38710592    0    0 963568 646012 228581 803893 24  8 51 17  0  0
procs -----------memory---------- ---swap-- -----io---- -system-- -------cpu-------
 r  b   swpd   free   buff  cache   si   so    bi    bo   in   cs us sy id wa st gu
27 23  99316 136239540 1585884 38710688    0    0 968000 630280 227616 803000 24  8 51 17  0  0
30 13  99316 136250640 1585884 38710764    0    0 895696 583900 215308 751939 23  8 51 18  0  0
25 19  99316 136264436 1585884 38710868    0    0 934992 596872 218993 762643 23  7 52 19  0  0
30 16  99316 136260496 1585884 38710952    0    0 958160 633768 229126 791271 24  8 51 17  0  0
33 11  99316 136236164 1585892 38711036    0    0 965232 619544 227747 799327 24  9 51 17  0  0
34  6  99316 136222124 1585892 38711132    0    0 970800 631540 227198 803024 24  9 51 17  0  0
36  8  99316 136225692 1585892 38711224    0    0 972928 632840 228377 806174 24  8 51 17  0  0
29 14  99316 136231896 1585892 38711320    0    0 949712 628004 226432 802850 24  8 51 16  0  0
25 19  99316 136235580 1585892 38711396    0    0 974000 628256 227166 806602 24  8 51 17  0  0
31 14  99316 136225416 1585896 38711488    0    0 970464 619520 227180 802498 24  8 51 17  0  0
30 13  99316 136230716 1585896 38711588    0    0 974672 634312 227774 805541 24  7 52 17  0  0
38 14  99316 136228280 1585896 38711672    0    0 970784 647884 226851 798693 24  8 50 17  0  0
33 12  99316 136245600 1585896 38711768    0    0 969168 613328 227283 801527 24  9 51 17  0  0
29 20  99316 136234552 1585896 38711856    0    0 946368 635044 225359 805568 24  9 51 16  0  0
22 25  99316 136218900 1585904 38711928    0    0 976064 617376 227469 804860 24  9 51 17  0  0
31 16  99316 136219216 1585904 38712028    0    0 971968 646120 229559 810303 24  8 51 17  0  0
34 14  99316 136259468 1585904 38712188    0    0 961584 625132 228015 805659 24  9 51 16  0  0
38 11  99316 136252340 1585904 38712272    0    0 960864 650000 228637 803491 24  9 51 17  0  0
22 30  99316 136259284 1585904 38712360    0    0 937072 593604 219732 761890 23  7 51 19  0  0
32 14  99316 136254240 1585912 38712436    0    0 908496 596636 217122 759324 23  8 51 18  0  0
26 17  99316 136223756 1585912 38712536    0    0 964576 634436 226859 800597 24  8 51 17  0  0
procs -----------memory---------- ---swap-- -----io---- -system-- -------cpu-------
 r  b   swpd   free   buff  cache   si   so    bi    bo   in   cs us sy id wa st gu
26 19  99316 136228632 1585912 38712640    0    0 909888 587792 215477 743997 23  8 51 18  0  0
27 15  99316 136229860 1585912 38712724    0    0 946096 609592 225358 786768 24  8 51 17  0  0
29 30  99316 136222112 1585912 38712804    0    0 957984 640316 230217 798558 24  8 51 17  0  0
33  8  99316 136227208 1585920 38712888    0    0 971248 616036 228047 803235 24  9 51 17  0  0
22 25  99316 136228564 1585920 38712988    0    0 943952 637592 225596 799557 24  9 51 16  0  0
27 15  99316 136255180 1585920 38713076    0    0 972432 630136 228602 807117 24  8 51 17  0  0
28 22  99316 136254752 1585920 38713152    0    0 975792 636404 227726 802060 24  8 51 17  0  0
22 17  99316 136231052 1585920 38713256    0    0 971632 628452 229050 807554 24  8 51 17  0  0
34  8  99316 136234912 1585924 38713336    0    0 962464 641148 228531 802937 24  9 51 17  0  0
25 27  99316 136223720 1585924 38713424    0    0 970976 636480 229992 809987 24  8 51 17  0  0
32 12  99316 136219112 1585924 38713516    0    0 943056 641340 225591 802563 24  8 51 17  0  0
32 12  99316 136215248 1585924 38713592    0    0 974224 623344 228355 808491 24  8 51 17  0  0
27 15  99316 136224300 1585924 38713704    0    0 968416 633528 229293 808147 24  8 51 17  0  0
31 14  99316 136235200 1585928 38713784    0    0 974448 621104 227007 803598 24  8 52 17  0  0
30 13  99316 136236184 1585928 38713864    0    0 936400 624836 221837 770061 23  8 51 18  0  0
27 18  99316 136248144 1585928 38713944    0    0 924592 601336 219715 761228 23  8 51 18  0  0
28 12  99316 136247436 1585928 38714036    0    0 937056 611140 222216 788183 24  8 51 17  0  0
24 22  99316 136244628 1585928 38714124    0    0 956816 628492 227354 798829 24  8 51 17  0  0
29 13  99316 136244716 1585932 38714216    0    0 908816 572608 215860 745218 23  8 51 18  0  0
32 14  99316 136238060 1585932 38714316    0    0 970768 632872 228375 807784 24  8 51 17  0  0
32 10  99316 136230596 1585932 38714400    0    0 965408 640640 230331 805405 24  8 51 17  0  0
procs -----------memory---------- ---swap-- -----io---- -system-- -------cpu-------
 r  b   swpd   free   buff  cache   si   so    bi    bo   in   cs us sy id wa st gu
31 12  99316 136235608 1585932 38714508    0    0 971264 622148 228400 808149 24  8 51 17  0  0
33 16  99316 136229940 1585932 38714584    0    0 948608 644932 225831 806315 24  8 52 17  0  0
28 14  99316 136229824 1585940 38714668    0    0 968608 618272 227994 805520 24  8 51 17  0  0
34  8  99316 136235900 1585940 38714768    0    0 969760 631908 229060 808319 24  9 51 17  0  0
27 17  99316 136228944 1585940 38714856    0    0 964176 627172 228037 804937 24  8 51 17  0  0
29 13  99316 136213656 1585940 38714952    0    0 966112 639216 227924 804126 24  9 51 17  0  0
37 14  99316 136198764 1585940 38715044    0    0 979168 622396 229250 809597 24  9 51 16  0  0
33 11  99316 136220540 1585944 38715128    0    0 947472 632372 226212 806680 24  8 51 16  0  0
37  8  99316 136238560 1585944 38715224    0    0 976576 631120 228873 809632 24  8 51 17  0  0
25 16  99316 136242044 1585944 38715308    0    0 973936 631460 228709 803247 24  7 52 17  0  0
27 18  99316 136223452 1585944 38715388    0    0 946448 610220 223136 779691 24  8 51 17  0  0
24 19  99316 136221576 1585944 38715480    0    0 920768 600024 219529 757396 23  8 51 18  0  0
26 14  99316 136231584 1585952 38715556    0    0 952464 609776 225677 791263 24  8 51 17  0  0
30 12  99316 136232896 1585952 38715664    0    0 944096 647548 225797 802801 24  8 51 16  0  0
30 13  99316 136238220 1585952 38715752    0    0 895984 571392 213282 734849 22  8 51 19  0  0
26 17  99316 136238616 1585952 38715840    0    0 969744 635012 228451 805292 24  9 51 17  0  0
33 12  99316 136243708 1585952 38715932    0    0 975312 630748 228073 806795 24  8 51 17  0  0
29 15  99316 136250688 1585960 38716012    0    0 972048 646328 227768 804530 24  7 51 17  0  0
30 12  99316 136238504 1585960 38716100    0    0 963280 607360 228638 797863 24  9 51 17  0  0
27 16  99316 136231252 1585960 38716196    0    0 929760 622564 225039 790373 24  8 52 16  0  0
23 29  99316 136200664 1585960 38716292    0    0 959136 627984 229688 801192 24  9 51 16  0  0
procs -----------memory---------- ---swap-- -----io---- -system-- -------cpu-------
 r  b   swpd   free   buff  cache   si   so    bi    bo   in   cs us sy id wa st gu
30 18  99316 136193656 1585960 38716380    0    0 961552 620860 232269 796833 24  9 51 16  0  0
38  9  99316 136215380 1585964 38716472    0    0 964608 620840 228722 802770 24  9 51 17  0  0
31 15  99316 136213588 1585964 38716588    0    0 957440 641248 228909 803096 25 10 50 16  0  0
29 11  99316 136229620 1585964 38716652    0    0 969072 618744 228403 806755 24  8 51 17  0  0
23 29  99316 136218460 1585964 38716732    0    0 955568 636968 226425 802221 24  7 52 17  0  0
29 11  99316 136222660 1585964 38716820    0    0 963936 620736 228205 805176 24  9 51 17  0  0
26 11  99316 136217844 1585976 38716884    0    0 951200 610540 223407 780680 24  8 51 17  0  0
25 14  99316 136221156 1585976 38716992    0    0 918640 593060 218784 756939 23  8 51 18  0  0
24 15  99316 136230644 1585976 38717076    0    0 930064 629212 223973 780634 23  8 51 18  0  0
30 14  99316 136243020 1585976 38717172    0    0 961392 625440 226548 795378 24  9 51 17  0  0
22 17  99316 136239512 1585976 38717264    0    0 936144 623908 223818 792931 24  8 51 17  0  0
33 11  99316 136236024 1585984 38717348    0    0 910768 565116 216216 745444 23  8 51 19  0  0
27 23  99316 136235092 1585984 38717444    0    0 976112 639824 228451 805968 24  7 52 17  0  0
19 24  99316 136217152 1585984 38717624    0    0 969904 634520 227710 805919 24  8 51 17  0  0
28 11  99316 136239052 1585984 38717724    0    0 964320 644304 228897 803664 24  8 51 17  0  0
26 13  99316 136242424 1585984 38717812    0    0 973088 615484 228883 806967 24  8 51 17  0  0
19 23  99316 136228444 1585996 38717892    0    0 954768 633640 226930 804384 24  8 51 17  0  0
31 10  99316 136233188 1585996 38718000    0    0 975280 627696 229490 812089 24  9 51 17  0  0
27 15  99316 136220292 1585996 38718088    0    0 971904 611360 227437 804690 24  9 51 17  0  0
19 18  99316 136243336 1585996 38718180    0    0 962432 629680 227101 794621 24  8 51 17  0  0
21 17  99316 136246536 1585996 38718256    0    0 964592 644340 229111 800865 24  7 52 17  0  0
procs -----------memory---------- ---swap-- -----io---- -system-- -------cpu-------
 r  b   swpd   free   buff  cache   si   so    bi    bo   in   cs us sy id wa st gu
26 13  99316 136230844 1586000 38718336    0    0 976048 621460 229121 810038 24  9 51 17  0  0
24 14  99316 136219700 1586000 38718432    0    0 944112 632720 226091 804329 24  9 51 16  0  0
28 22  99316 136210736 1586000 38718536    0    0 933728 602984 222004 774125 23  8 51 18  0  0
26 16  99316 136225392 1586000 38718624    0    0 930000 587336 220924 767030 23  8 51 18  0  0
19 23  99316 136201552 1586000 38718712    0    0 930176 612784 223518 776110 23  8 52 17  0  0
19 20  99316 136217008 1586004 38718796    0    0 964160 648160 229628 807158 24  8 51 17  0  0
21 18  99316 136198748 1586004 38718908    0    0 968128 629200 228523 804593 24  9 51 17  0  0
30  8  99316 136212144 1586004 38719004    0    0 882496 566968 210536 730466 22  6 52 19  0  0
21 15  99316 136217348 1586004 38719080    0    0 964896 648652 230180 811489 24  9 51 17  0  0
30 17  99316 136227728 1586004 38719168    0    0 974432 613324 229054 807668 24  9 51 16  0  0
27 14  99316 136215316 1586012 38719260    0    0 966224 627980 229192 806673 24  8 51 17  0  0
34 13  99316 136224424 1586012 38719364    0    0 971872 642908 229488 806280 24  8 51 17  0  0
28 19  99316 136218084 1586012 38719460    0    0 966320 622304 228075 805528 24  8 51 17  0  0
27 15  99316 136223440 1586012 38719544    0    0 951808 646212 228078 809879 24  9 51 16  0  0
25 14  99316 136237036 1586012 38719620    0    0 973776 619964 228317 805707 24  8 51 17  0  0
20 19  99316 136250796 1586016 38719708    0    0 973504 617540 227739 803536 24  7 52 17  0  0
24 14  99316 136237516 1586016 38719792    0    0 973440 629300 228045 805820 24  8 51 17  0  0
26 12  99316 136232460 1586016 38719884    0    0 976144 642876 228998 806733 24  8 51 17  0  0
20 36  99316 136215752 1586016 38719960    0    0 961232 625596 228257 798881 24  9 51 16  0  0
19 19  99316 136226128 1586016 38720048    0    0 926256 620144 222024 782140 23  8 51 17  0  0
25 20  99316 136205332 1586016 38720148    0    0 929344 585344 219208 759560 23  8 51 18  0  0
procs -----------memory---------- ---swap-- -----io---- -system-- -------cpu-------
 r  b   swpd   free   buff  cache   si   so    bi    bo   in   cs us sy id wa st gu
30 10  99316 136214472 1586016 38720244    0    0 937216 619428 225052 784392 24  8 51 17  0  0
19 22  99316 136222008 1586016 38720336    0    0 967408 625748 227526 803196 24  9 51 17  0  0
27 12  99316 136230920 1586016 38720432    0    0 975920 649432 228573 805214 23  7 52 18  0  0
23 16  99316 136233444 1586016 38720512    0    0 937648 600896 222330 772961 23  8 51 18  0  0
31 16  99316 136222268 1586020 38720600    0    0 905232 604948 217781 761390 23  8 51 18  0  0
22 14  99316 136225984 1586020 38720696    0    0 969088 629508 228511 807897 24  9 51 17  0  0
22 18  99316 136216688 1586020 38720788    0    0 966464 625820 227639 804860 24  9 51 17  0  0
27 12  99316 136218380 1586020 38720872    0    0 971648 621536 228405 804994 24  9 51 17  0  0
31 11  99316 136216628 1586020 38720964    0    0 959552 647428 228289 805132 24  8 50 17  0  0
26 13  99316 136233984 1586028 38721052    0    0 971520 626892 229326 809794 24  9 50 17  0  0
23 16  99316 136247660 1586028 38721152    0    0 950816 660892 227356 807910 24  7 52 17  0  0
22 20  99316 136243592 1586028 38721232    0    0 974416 615964 227279 805434 24  8 51 17  0  0
27 13  99316 136215328 1586028 38721316    0    0 973776 626476 228442 807294 24  8 51 17  0  0
21 20  99316 136204616 1586028 38721416    0    0 970992 635640 229117 808300 24  9 51 17  0  0
29  9  99316 136223256 1586036 38721496    0    0 960496 635372 228014 800934 24  9 51 17  0  0
26 12  99316 136227264 1586036 38721588    0    0 937856 581956 220920 768489 23  8 51 18  0  0
23 14  99316 136223632 1586036 38721676    0    0 891152 614832 215557 747321 23  8 51 18  0  0
21 20  99316 136230520 1586036 38721776    0    0 950368 615436 227725 789403 24  8 51 17  0  0
21 18  99316 136223820 1586036 38721864    0    0 973120 617948 228297 804303 24  8 52 17  0  0
25 18  99316 136214988 1586044 38721932    0    0 972512 617128 226619 802350 24  8 51 17  0  0
24 12  99316 136210932 1586044 38722028    0    0 953552 644328 226782 797196 24  9 50 17  0  0
procs -----------memory---------- ---swap-- -----io---- -system-- -------cpu-------
 r  b   swpd   free   buff  cache   si   so    bi    bo   in   cs us sy id wa st gu
25 20  99316 136221264 1586044 38722120    0    0 921264 580792 218834 758725 23  8 51 18  0  0
23 19  99316 136221220 1586044 38722208    0    0 923776 615604 220450 773742 23  8 51 17  0  0
27 14  99316 136200576 1586044 38722296    0    0 967328 618652 227661 802600 24  8 51 16  0  0
27 14  99316 136216016 1586048 38722376    0    0 974368 617188 227943 805112 24  9 51 17  0  0
26 14  99316 136222800 1586048 38722468    0    0 963088 634876 228205 803387 24  8 51 17  0  0
21 16  99316 136220908 1586048 38722564    0    0 980704 647148 229230 808951 24  8 51 17  0  0
26 12  99316 136210220 1586048 38722652    0    0 966784 623740 227144 807275 24  8 52 17  0  0
29 12  99316 136214900 1586048 38722728    0    0 964928 641224 228186 806289 24  9 51 17  0  0
29 10  99316 136213480 1586052 38722820    0    0 968576 619652 229047 803995 24  8 51 17  0  0
28 13  99316 136225716 1586052 38722904    0    0 970816 638016 228199 805933 24  9 50 17  0  0
27 16  99316 136235252 1586052 38723068    0    0 968816 640416 228668 804983 24  9 50 17  0  0
29  9  99316 136233164 1586052 38723152    0    0 935728 615336 222038 772306 23  8 51 18  0  0
26 12  99316 136232892 1586052 38723248    0    0 912640 584008 218066 765260 23  8 51 17  0  0
25 14  99316 136243724 1586056 38723336    0    0 956336 635040 225608 787366 23  8 51 18  0  0
31  9  99316 136243888 1586056 38723428    0    0 978432 625844 228316 807269 24  8 51 17  0  0
21 15  99316 136238676 1586056 38723520    0    0 964752 632360 228359 803866 24  8 51 17  0  0
17 37  99316 136223720 1586056 38723616    0    0 954224 646456 227086 796949 24  9 51 17  0  0
23 18  99316 136205992 1586056 38723696    0    0 948720 607400 225400 786513 24  9 51 17  0  0
29 13  99316 136200936 1586060 38723780    0    0 891152 567644 213157 740985 23  8 51 18  0  0
41  2  99316 136207396 1586060 38723880    0    0 965056 649600 229110 804050 24  9 51 17  0  0
23 21  99316 136212140 1586060 38723976    0    0 965728 628144 226871 801919 24  8 51 17  0  0
procs -----------memory---------- ---swap-- -----io---- -system-- -------cpu-------
 r  b   swpd   free   buff  cache   si   so    bi    bo   in   cs us sy id wa st gu
29  9  99316 136222936 1586060 38724060    0    0 970256 627280 228506 805826 24  8 52 17  0  0
24 14  99316 136235484 1586060 38724144    0    0 973472 643920 228078 806988 24  8 51 17  0  0
32 10  99316 136218768 1586064 38724224    0    0 967856 617880 228771 808577 24  9 51 16  0  0
25 13  99316 136220128 1586064 38724332    0    0 951728 614360 226145 804999 24  9 51 16  0  0
30 11  99316 136211916 1586064 38724428    0    0 972752 630532 228719 803270 24  9 50 17  0  0
21 20  99316 136211824 1586064 38724520    0    0 968768 612104 227421 804997 24  9 50 17  0  0
30 11  99316 136221236 1586064 38724608    0    0 971184 629268 226934 800160 24  8 50 17  0  0
24 21  99316 136210204 1586068 38724696    0    0 943536 615212 222459 779172 24  8 50 18  0  0
25 13  99316 136213392 1586068 38724784    0    0 935216 594040 221922 773302 23  8 51 18  0  0
27 13  99316 136217932 1586068 38724872    0    0 943888 627588 223007 789858 23  7 52 17  0  0
28 13  99316 136224196 1586068 38724952    0    0 971232 618764 227769 806172 24  8 51 17  0  0
28 17  99316 136232256 1586068 38725044    0    0 976496 618636 227807 804472 24  8 51 17  0  0
22 20  99316 136224104 1586076 38725128    0    0 963920 621924 227549 803155 24  9 51 17  0  0
17 43  99316 136229592 1586076 38725216    0    0 973632 615220 228168 805582 24  9 51 17  0  0
23 13  99316 136232464 1586076 38725308    0    0 926784 580172 220200 776978 23  8 52 17  0  0
32 15  99316 136213620 1586076 38725404    0    0 922976 601504 221627 762614 23  8 51 18  0  0
23 14  99316 136225332 1586076 38725496    0    0 950160 578284 222110 777045 24  8 51 17  0  0
27 14  99316 136229788 1586080 38725572    0    0 985200 596184 226563 802031 24  7 51 17  0  0
24 19  99316 136218984 1586080 38725660    0    0 968560 629792 228134 806872 24  9 51 17  0  0
24 13  99316 136219016 1586080 38725756    0    0 976672 588564 226659 802814 24  9 51 16  0  0
18 23  99316 136217668 1586080 38725848    0    0 956576 594472 224856 802228 24  9 51 16  0  0
procs -----------memory---------- ---swap-- -----io---- -system-- -------cpu-------
 r  b   swpd   free   buff  cache   si   so    bi    bo   in   cs us sy id wa st gu
32 10  99316 136205132 1586080 38725932    0    0 973312 604040 227264 806493 24  9 51 16  0  0
26 14  99316 136217624 1586084 38726020    0    0 978352 588620 227610 804939 24  9 51 17  0  0
21 22  99316 136218564 1586084 38726120    0    0 966208 597952 227396 806955 24  9 51 16  0  0
27 10  99316 136220344 1586084 38726208    0    0 965248 581528 224857 792337 24  8 51 17  0  0
23 18  99316 136225332 1586084 38726292    0    0 923920 564176 217708 768739 23  7 52 18  0  0
23 16  99316 136225008 1586084 38726372    0    0 936960 573868 221198 774752 24  8 51 17  0  0
26 14  99316 136219792 1586088 38726460    0    0 967376 588048 226523 797156 24  8 51 17  0  0
24 15  99316 136204396 1586088 38726560    0    0 971712 588352 227346 806700 24  9 51 16  0  0
31  9  99316 136204240 1586088 38726656    0    0 959696 582820 228686 811700 25  9 51 16  0  0
34  7  99316 136201912 1586088 38726748    0    0 944240 549572 226453 814601 25  9 51 16  0  0
30 16  99316 136217020 1586088 38726844    0    0 964064 550608 229438 820362 25  9 51 16  0  0
28 12  99316 136221116 1586096 38726920    0    0 962512 552324 228979 812310 25  9 51 16  0  0
28 13  99316 136250596 1586096 38727020    0    0 949424 562588 224691 799447 24  7 52 17  0  0
30  7  99316 136239944 1586096 38727092    0    0 852992 460208 224607 800880 25  8 51 15  0  0
26 12  99316 136240236 1586096 38727188    0    0 861152 437932 210251 775978 24  8 54 14  0  0
21 17  99316 136212152 1586096 38727292    0    0 874720 442668 213135 793103 24  8 53 14  0  0
25 11  99316 136216104 1586104 38727384    0    0 871824 464748 213670 791104 24  8 54 14  0  0
31  8  99316 136211480 1586104 38727476    0    0 859168 544512 215899 796888 24  8 53 14  0  0
24 16  99316 136222072 1586104 38727568    0    0 861888 558556 217145 800263 24  8 53 14  0  0
28  8  99316 136216448 1586104 38727652    0    0 863152 548948 216167 797458 24  8 53 14  0  0
25 12  99316 136226520 1586104 38727744    0    0 856768 635392 218865 804527 23  7 54 15  0  0
procs -----------memory---------- ---swap-- -----io---- -system-- -------cpu-------
 r  b   swpd   free   buff  cache   si   so    bi    bo   in   cs us sy id wa st gu
24 11  99316 136235572 1586112 38727816    0    0 846848 651340 219291 799545 24  8 53 15  0  0
22 13  99316 136222284 1586112 38727904    0    0 837024 677000 219488 797976 24  8 53 15  0  0
14 25  99316 136213404 1586112 38727996    0    0 819616 654316 215390 775838 23  8 53 16  0  0
22 13  99316 136212552 1586112 38728092    0    0 807456 637712 213493 763741 23  8 53 16  0  0
28 15  99316 136210784 1586112 38728188    0    0 813136 687640 217205 776853 23  8 53 16  0  0
12 26  99316 136215272 1586120 38728268    0    0 836336 695916 221218 802040 24  8 53 15  0  0
25 11  99316 136208792 1586120 38728372    0    0 821120 797792 224884 809383 24  8 52 16  0  0
19 18  99316 136217572 1586120 38728532    0    0 862736 604040 217468 797918 24  7 55 15  0  0
27 10  99316 136209264 1586120 38728612    0    0 855168 600688 218647 803547 24  8 53 15  0  0
26 11  99316 136211620 1586120 38728704    0    0 854512 619456 220270 805447 24  8 53 15  0  0
35  5  99316 136213320 1586128 38728776    0    0 804688 589360 210756 751961 23  8 53 16  0  0
31  7  99316 136209364 1586128 38728884    0    0 823440 600016 215003 774391 23  8 53 15  0  0
23 12  99316 136196572 1586128 38728968    0    0 847152 621624 218449 801631 24  9 53 15  0  0
23 14  99316 136200456 1586128 38729060    0    0 852656 614056 218400 800949 24  8 53 15  0  0
30 16  99316 136195128 1586128 38729164    0    0 852528 618652 219067 803868 24  8 53 15  0  0
24 11  99316 136219180 1586132 38729244    0    0 862256 644052 220340 809009 23  7 54 15  0  0
23 14  99316 136213324 1586132 38729328    0    0 855360 630780 219433 806322 24  8 53 15  0  0
20 15  99316 136219412 1586132 38729416    0    0 856848 616232 219785 802585 24  9 53 15  0  0
24 12  99316 136207312 1586132 38729504    0    0 850720 622336 219237 801810 24  9 53 15  0  0
29  9  99316 136208144 1586132 38729600    0    0 819408 590072 212469 762475 23  8 53 16  0  0
