procs -----------memory---------- ---swap-- -----io---- -system-- -------cpu-------
 r  b   swpd   free   buff  cache   si   so    bi    bo   in   cs us sy id wa st gu
 5  2  99312 130165604 1604560 39720900    0    1 12147 15899 9024    2  2  0 98  0  0  0
 2  2  99312 130134412 1604560 39721104    0    0 167792 389960 116364 113499  2  1 95  3  0  0
176  0  99312 130022096 1604560 39721208    0    0 68464 165300 103094 71974 94  3  3  0  0  0
129  0  99312 129989892 1604564 39721284    0    0 58656 272324 104929 68342 97  2  1  0  0  0
21  4  99312 129969936 1604564 39721368    0    0 62112 290780 185808 72586 97  2  1  0  0  0
176  1  99312 129946228 1604564 39721448    0    0 54736 219908 124659 64587 97  2  1  0  0  0
137  1  99312 129929592 1604564 39721524    0    0 55120 261924 115093 63879 97  2  1  0  0  0
106  0  99312 129909080 1604564 39721596    0    0 56752 268068 103369 67732 97  2  1  0  0  0
176  3  99312 129893268 1604564 39721672    0    0 59888 209020 103616 59327 98  2  0  0  0  0
147  0  99312 129861792 1604564 39721744    0    0 62384 206620 117805 67171 97  2  1  0  0  0
129  1  99312 129835208 1604568 39721824    0    0 51264 279956 183493 68634 96  2  1  0  0  0
140  0  99312 129808900 1604568 39721912    0    0 63904 229148 118355 68489 98  2  0  0  0  0
114  0  99312 129783196 1604568 39721984    0    0 58000 250300 109734 63740 98  2  0  0  0  0
134  4  99312 129752060 1604572 39722060    0    0 56672 243464 120909 65690 98  2  0  0  0  0
76  4  99312 129733736 1604572 39722124    0    0 68208 270272 127595 70914 97  2  0  0  0  0
48  3  99312 129724772 1604580 39722204    0    0 134560 359556 116409 101204 52  2 44  3  0  0
40  5  99312 129701316 1604580 39722292    0    0 130272 363816 111785 99575 56  2 40  2  0  0
38  3  99312 129681172 1604580 39722380    0    0 126592 355116 112059 99400 53  2 43  2  0  0
42  1  99312 129612396 1604580 39722484    0    0 136528 359636 137379 106804 51  2 45  2  0  0
43  2  99312 129485000 1604580 39722548    0    0 142320 369360 155904 113091 47  2 49  3  0  0
40  5  99312 129374620 1604588 39722624    0    0 134848 341952 146677 110843 47  1 50  2  0  0
procs -----------memory---------- ---swap-- -----io---- -system-- -------cpu-------
 r  b   swpd   free   buff  cache   si   so    bi    bo   in   cs us sy id wa st gu
50  2  99312 128976068 1604588 39722712    0    0 147584 324588 315821 185043 46  5 47  2  0  0
111 33  99312 128127316 1604596 39722796    0    0 519264 322148 662231 381265 42 22 34  2  0  0
358 128  99312 127883868 1604596 39722876    0    0 2053088 717036 395460 731762 77 22  0  1  0  0
258 227  99312 127724216 1604596 39722972    0    0 2193920 711884 357396 808930 73 24  0  2  0  0
149 233  99312 127579140 1604604 39723056    0    0 2186688 686720 382896 831994 72 24  0  3  0  0
355 58  99312 127454176 1604604 39723136    0    0 2035920 895356 357217 838605 68 23  0  9  0  0
208 34  99312 127327552 1604604 39723224    0    0 2072000 894996 363271 844117 69 24  0  7  0  0
126 159  99312 127237200 1604604 39723308    0    0 1991872 944288 390899 835112 67 24  1  9  0  0
83 83  99312 127209556 1604628 39723396    0    0 1742464 1011600 351253 841796 59 20  4 17  0  0
301 76  99312 127251004 1604632 39723496    0    0 1813840 1053048 342394 837381 63 21  2 14  0  0
89 127  99312 127211588 1604632 39723588    0    0 1878704 1080964 352550 839506 66 22  2 10  0  0
36 104  99312 127163636 1604632 39723684    0    0 1897968 1132120 362746 855638 66 22  1 11  0  0
188 118  99312 127154512 1604632 39723772    0    0 1894336 1089788 348959 875275 63 21  2 14  0  0
68 125  99312 127191112 1604632 39723840    0    0 1678768 955832 326071 911713 58 19  4 19  0  0
37 139  99312 127208828 1604640 39723940    0    0 1900256 1125812 336273 851836 67 22  1 10  0  0
99 167  99312 127208552 1604640 39724024    0    0 1876560 1122028 348404 835728 66 23  2  9  0  0
42 147  99312 127164884 1604640 39724112    0    0 1816960 1080204 338459 867100 64 23  1 12  0  0
62 94  99312 127168492 1604644 39724196    0    0 1791744 1116324 331836 830069 64 22  2 12  0  0
82 138  99312 127170016 1604644 39724284    0    0 1835472 1121188 336701 825864 67 23  1  9  0  0
41 156  99312 127168032 1604656 39724372    0    0 1883376 1136916 341120 852977 69 24  1  6  0  0
131 138  99312 127196628 1604656 39724452    0    0 1778912 1155584 339585 841760 64 23  2 11  0  0
procs -----------memory---------- ---swap-- -----io---- -system-- -------cpu-------
 r  b   swpd   free   buff  cache   si   so    bi    bo   in   cs us sy id wa st gu
141 88  99312 127222312 1604656 39724544    0    0 1725216 1054740 327447 927982 62 22  2 14  0  0
68 103  99312 127190236 1604656 39724624    0    0 1703536 1076896 334844 933217 62 21  2 15  0  0
107 108  99312 127195608 1604656 39724720    0    0 1769392 1146124 338246 874090 64 22  2 13  0  0
263 165  99312 127190412 1604664 39724800    0    0 1741120 1155336 328584 851294 63 21  4 12  0  0
42 31  99312 127204008 1604664 39724900    0    0 1793072 1147008 343426 878047 65 23  2 10  0  0
98 154  99312 127215816 1604664 39724984    0    0 1886944 1149732 353080 882899 68 23  1  8  0  0
203 72  99312 127201776 1604664 39725068    0    0 1827264 1192000 349899 862547 67 24  1  8  0  0
58 153  99312 127179384 1604664 39725160    0    0 1808640 1154508 338365 852310 65 23  2 10  0  0
37 92  99312 127198172 1604672 39725248    0    0 1670560 1099292 323638 916670 60 21  4 15  0  0
217 139  99312 127216188 1604672 39725324    0    0 1697712 1077232 326984 916472 62 21  2 15  0  0
70 107  99312 127212100 1604672 39725412    0    0 1775952 1164148 339934 843156 67 22  3  7  0  0
48 110  99312 127214632 1604672 39725512    0    0 1799648 1134968 343378 896909 66 23  1 10  0  0
35 49  99312 127196772 1604672 39725600    0    0 1763696 1155024 332224 876802 65 22  1 11  0  0
83 153  99312 127181380 1604680 39725700    0    0 1828544 1171804 346040 881485 67 23  2  9  0  0
42 122  99312 127184152 1604680 39725764    0    0 1837632 1205584 343142 877584 67 23  1  9  0  0
36 101  99312 127196540 1604680 39725856    0    0 1746176 1166408 343749 864176 63 22  3 12  0  0
62 160  99312 127170924 1604684 39725952    0    0 1645408 1104348 325471 923674 59 21  4 17  0  0
306 43  99312 127208656 1604684 39726040    0    0 1625328 1125304 323333 883886 59 20  5 16  0  0
63 144  99312 127196104 1604692 39726120    0    0 1822528 1160372 331951 819140 69 22  1  8  0  0
97 336  99312 127189060 1604692 39726272    0    0 1694272 1174344 335425 894739 60 21  3 16  0  0
114 156  99312 127181624 1604692 39726360    0    0 1790112 1110700 341520 888885 65 23  1 10  0  0
procs -----------memory---------- ---swap-- -----io---- -system-- -------cpu-------
 r  b   swpd   free   buff  cache   si   so    bi    bo   in   cs us sy id wa st gu
165 115  99312 127171604 1604692 39726452    0    0 1793824 1173884 343614 871766 66 23  1 10  0  0
129 110  99312 127172760 1604696 39726540    0    0 1794144 1211712 339586 878551 65 23  1 10  0  0
49 111  99312 127169972 1604704 39726624    0    0 1790608 1125108 336698 891209 65 23  1 11  0  0
49 193  99312 127171728 1604704 39726708    0    0 1621856 1088832 324811 962204 58 21  3 19  0  0
53 121  99312 127159144 1604704 39726800    0    0 1644208 1079844 326607 919189 61 20  3 16  0  0
178 93  99312 127169772 1604708 39726880    0    0 1746576 1195396 337020 818972 66 22  3 10  0  0
39 176  99312 127155924 1604708 39726964    0    0 1775680 1134956 332920 883458 65 22  2 11  0  0
324 46  99312 127179388 1604712 39727044    0    0 1743856 1159540 331418 861745 63 21  3 13  0  0
105 81  99312 127151752 1604712 39727132    0    0 1804624 1179032 344179 874952 67 23  1 10  0  0
50 71  99312 127154572 1604712 39727220    0    0 1818304 1181884 339288 875128 67 23  1  9  0  0
42 60  99312 127156540 1604712 39727312    0    0 1720576 1180728 328448 879745 62 21  2 14  0  0
284 219  99312 127169712 1604712 39727392    0    0 1657024 1104816 324203 954448 59 20  4 17  0  0
68 173  99312 127173356 1604720 39727484    0    0 1713840 1068216 345623 1042588 62 20  1 16  0  0
171 189  99312 127158212 1604724 39727560    0    0 1738912 1199564 331897 877772 63 21  3 13  0  0
28 68  99312 127158280 1604724 39727648    0    0 1709600 1142548 339402 911304 62 22  3 13  0  0
363 68  99312 127157020 1604724 39727724    0    0 1757504 1175448 339912 875014 63 22  4 10  0  0
71 158  99312 127142116 1604724 39727816    0    0 1845488 1160672 343780 866717 68 24  1  8  0  0
348 135  99312 127148268 1604732 39727912    0    0 1789440 1216580 345478 900260 66 23  2  9  0  0
53 136  99312 127135496 1604732 39728008    0    0 1794992 1113408 346124 893866 67 23  1 10  0  0
34 157  99312 127158464 1604732 39728088    0    0 1604736 1151156 317163 877698 59 20  4 18  0  0
69 88  99312 127158296 1604732 39728172    0    0 1682624 1079256 331714 931229 64 21  2 13  0  0
procs -----------memory---------- ---swap-- -----io---- -system-- -------cpu-------
 r  b   swpd   free   buff  cache   si   so    bi    bo   in   cs us sy id wa st gu
43 79  99312 127154204 1604736 39728276    0    0 1764468 1181440 345333 894581 65 23  1 11  0  0
35 86  99312 127136480 1604744 39728372    0    0 1730704 1119652 331167 907584 63 22  2 13  0  0
39 91  99312 127133868 1604744 39728452    0    0 1733344 1191352 338155 893448 63 22  2 12  0  0
39 89  99312 127142556 1604744 39728544    0    0 1809472 1183516 340138 871206 66 23  1 10  0  0
119 117  99312 127126068 1604744 39728636    0    0 1814368 1171628 340122 901915 65 22  2 11  0  0
59 121  99312 127157636 1604744 39728716    0    0 1671904 1160832 326346 902729 60 20  4 17  0  0
44 57  99312 127166564 1604748 39728808    0    0 1653344 1098764 324994 950760 61 20  2 16  0  0
38 51  99312 127162588 1604748 39728896    0    0 1664000 1133880 322346 938424 63 21  3 14  0  0
33 199  99312 127133200 1604748 39728976    0    0 1853808 1144916 348929 943293 68 23  1  8  0  0
35 139  99312 127160256 1604748 39729072    0    0 1677216 1176672 324387 929090 60 21  3 16  0  0
122 77  99312 127155472 1604748 39729144    0    0 1772512 1164740 336927 944742 65 22  1 12  0  0
98 101  99312 127148260 1604756 39729244    0    0 1856896 1161832 347341 870205 68 24  1  7  0  0
316 86  99312 127149744 1604756 39729336    0    0 1788080 1204564 333174 849874 64 22  3 11  0  0
89 36  99312 127142460 1604756 39729436    0    0 1662112 1117904 328492 887547 60 21  4 15  0  0
70 197  99312 127148948 1604756 39729528    0    0 1637296 1087724 320686 963912 60 21  3 16  0  0
99 138  99312 127137276 1604756 39729612    0    0 1741920 1131060 334069 916159 66 22  1 11  0  0
66 141  99312 127105304 1604764 39729692    0    0 1755360 1198440 345753 892245 64 23  2 11  0  0
112 126  99312 127115756 1604764 39729776    0    0 1748848 1133184 341316 875514 64 23  2 12  0  0
14 39  99312 127132316 1604764 39729860    0    0 1733056 1178880 338492 918932 63 21  2 14  0  0
267 91  99312 127129636 1604764 39729948    0    0 1767840 1219924 341496 857675 63 22  4 11  0  0
364 104  99312 127124644 1604764 39730032    0    0 1790784 1164128 334242 835919 65 22  2 11  0  0
procs -----------memory---------- ---swap-- -----io---- -system-- -------cpu-------
 r  b   swpd   free   buff  cache   si   so    bi    bo   in   cs us sy id wa st gu
40 112  99312 127126140 1604772 39730124    0    0 1745072 1109612 340883 898357 63 22  3 12  0  0
44 60  99312 127125852 1604772 39730208    0    0 1598096 1110664 315312 897119 59 20  3 18  0  0
203 45  99312 127107192 1604772 39730304    0    0 1687792 1128380 332218 905536 63 21  2 13  0  0
204 71  99312 127130836 1604772 39730380    0    0 1791488 1168148 343952 884177 66 23  2  9  0  0
50 419  99312 127116312 1604772 39730460    0    0 1716080 1178500 335509 916634 61 22  3 14  0  0
81 78  99312 127096124 1604780 39730556    0    0 1803584 1141176 344110 921784 67 23  1  9  0  0
33 117  99312 127110268 1604780 39730636    0    0 1829840 1201556 345496 932685 68 23  1  9  0  0
42 147  99312 127112028 1604780 39730724    0    0 1772048 1221464 336073 906685 64 22  2 12  0  0
59 107  99312 127120420 1604780 39730812    0    0 1732816 1104560 336605 897581 63 22  2 13  0  0
30 56  99312 127108400 1604780 39730904    0    0 1642656 1090320 324222 913166 61 20  2 16  0  0
127 144  99312 127090772 1604784 39731012    0    0 1683040 1138960 328346 933071 62 21  2 14  0  0
25 121  99312 127103036 1604784 39731088    0    0 1704464 1109560 328416 917247 61 20  3 17  0  0
210 166  99312 127102032 1604784 39731160    0    0 1503632 1048484 307727 928701 55 18  4 23  0  0
81 188  99312 127092292 1604792 39731236    0    0 1743488 1143780 331690 871797 66 22  2 11  0  0
305 146  99312 127106004 1604792 39731344    0    0 1765328 1183884 330733 852557 63 22  4 12  0  0
49 406  99312 127121236 1604792 39731436    0    0 1800240 1156240 350752 866747 66 23  2 10  0  0
151 318  99312 127114292 1604800 39731592    0    0 1718848 1162464 331514 901943 62 21  2 14  0  0
167 81  99312 127110028 1604800 39731676    0    0 1632320 1087076 321866 927509 62 20  3 15  0  0
139 262  99312 127113620 1604800 39731772    0    0 1653712 1131856 317558 886104 62 20  3 15  0  0
71 80  99312 127111332 1604804 39731860    0    0 1781408 1123740 339899 904213 65 22  1 11  0  0
152 143  99312 127143064 1604804 39731948    0    0 1497440 1061200 309134 922825 55 18  5 22  0  0
procs -----------memory---------- ---swap-- -----io---- -system-- -------cpu-------
 r  b   swpd   free   buff  cache   si   so    bi    bo   in   cs us sy id wa st gu
47 157  99312 127133708 1604804 39732032    0    0 1630608 1105196 323772 928820 60 20  3 17  0  0
30 64  99312 127114196 1604804 39732120    0    0 1786880 1192492 339740 888147 65 22  2 11  0  0
59 79  99312 127111828 1604812 39732204    0    0 1780512 1152796 341264 924089 65 23  1 11  0  0
62 99  99312 127106012 1604812 39732288    0    0 1787504 1151348 338536 875117 65 22  2 11  0  0
111 133  99312 127132420 1604820 39732364    0    0 1591344 1097072 317681 929436 57 19  4 20  0  0
93 149  99312 127148664 1604820 39732456    0    0 1657616 1106528 322615 876253 62 21  2 15  0  0
52 106  99312 127145140 1604820 39732548    0    0 1717728 1161352 335241 924860 62 21  2 15  0  0
61 116  99312 127153180 1604820 39732652    0    0 1570144 1063976 314338 956873 57 19  5 18  0  0
294 213  99312 127147844 1604820 39732740    0    0 1624064 1077148 313115 840944 61 20  5 14  0  0
50 178  99312 127142344 1604832 39732812    0    0 1812176 1186588 339527 867847 66 23  1 10  0  0
232 80  99312 127135176 1604832 39732908    0    0 1791280 1185596 339536 884815 64 22  3 11  0  0
77 179  99312 127135580 1604832 39732992    0    0 1811072 1184744 340437 917081 66 23  1 10  0  0
58 178  99312 127137484 1604832 39733076    0    0 1598208 1099920 316680 901591 56 19  4 21  0  0
50 88  99312 127125384 1604836 39733168    0    0 1665968 1091424 323071 919708 61 21  3 16  0  0
41 71  99312 127127528 1604848 39733260    0    0 1683392 1152988 322580 853710 63 20  3 14  0  0
47 83  99312 127129436 1604848 39733344    0    0 1586960 1041284 313034 921899 58 20  3 19  0  0
263 110  99312 127126276 1604852 39733440    0    0 1584736 1112080 314394 902330 58 20  6 16  0  0
124 239  99312 127146908 1604852 39733524    0    0 1773968 1173532 340550 913575 64 21  3 12  0  0
215 128  99312 127145844 1604860 39733592    0    0 1796976 1179012 337133 885930 66 22  2 11  0  0
94 134  99312 127132056 1604876 39733692    0    0 1809792 1163268 340986 899633 66 23  1 10  0  0
100 160  99312 127137280 1604876 39733772    0    0 1593968 1097576 322636 965015 57 19  4 20  0  0
procs -----------memory---------- ---swap-- -----io---- -system-- -------cpu-------
 r  b   swpd   free   buff  cache   si   so    bi    bo   in   cs us sy id wa st gu
54 129  99312 127127168 1604876 39733868    0    0 1675632 1073492 326378 952975 62 21  2 15  0  0
48 60  99312 127124264 1604876 39733944    0    0 1703168 1183384 321969 841643 63 21  3 12  0  0
22 187  99312 127129480 1604876 39734044    0    0 1530064 1025868 310606 927026 56 19  4 21  0  0
49 73  99312 127128936 1604888 39734136    0    0 1616992 1070104 313918 905095 60 20  3 18  0  0
234 60  99312 127124196 1604888 39734232    0    0 1760128 1184256 339012 916739 63 22  3 12  0  0
261 57  99312 127124672 1604888 39734312    0    0 1788096 1163784 336750 882240 65 22  2 11  0  0
49 173  99312 127107056 1604888 39734388    0    0 1811728 1163116 343423 920001 66 23  1 10  0  0
30 178  99312 127092296 1604892 39734492    0    0 1637424 1091836 319516 912741 59 20  2 19  0  0
69 73  99312 127098420 1604912 39734560    0    0 1599200 1106096 312675 892418 59 19  4 19  0  0
54 175  99312 127113456 1604920 39734660    0    0 1764816 1149780 334394 870977 66 22  2 10  0  0
161 114  99312 127122808 1604920 39734744    0    0 1569200 1043352 317957 956782 56 18  7 18  0  0
37 114  99312 127105584 1604920 39734832    0    0 1614352 1080628 310773 879391 60 20  3 17  0  0
55 90  99312 127084816 1604920 39734912    0    0 1789696 1183428 333796 866717 65 22  1 12  0  0
91 118  99312 127108216 1604932 39735004    0    0 1794224 1188920 335395 858698 64 22  2 11  0  0
80 200  99312 127108252 1604940 39735096    0    0 1800016 1195188 337529 865573 65 23  2 11  0  0
59 78  99312 127093404 1604940 39735192    0    0 1621184 1088852 324250 926847 58 20  4 18  0  0
80 133  99312 127088136 1604952 39735264    0    0 1666752 1090280 324322 932224 62 21  2 15  0  0
243 76  99312 127100452 1604952 39735368    0    0 1740928 1184260 325615 840365 65 21  2 12  0  0
102 138  99312 127101076 1604964 39735452    0    0 1603568 1043092 318058 937224 59 20  3 18  0  0
75 137  99312 127084500 1604964 39735532    0    0 1585936 1099136 311605 881862 58 19  4 19  0  0
79 163  99312 127088280 1604964 39735628    0    0 1757008 1164116 338107 922628 64 22  3 12  0  0
procs -----------memory---------- ---swap-- -----io---- -system-- -------cpu-------
 r  b   swpd   free   buff  cache   si   so    bi    bo   in   cs us sy id wa st gu
57 134  99312 127071076 1604964 39735716    0    0 1804080 1177036 338639 906552 66 23  1 11  0  0
60 127  99312 127084484 1604964 39735808    0    0 1822496 1157808 344801 904029 67 23  1 10  0  0
48 66  99312 127106128 1604976 39735904    0    0 1586528 1085128 315406 916904 56 19  3 23  0  0
42 101  99312 127109652 1604976 39735980    0    0 1626880 1104760 317493 897727 60 19  4 17  0  0
94 131  99312 127095324 1604980 39736052    0    0 1784832 1169976 334969 877849 66 22  2  9  0  0
36 128  99312 127082344 1604980 39736156    0    0 1626272 1060000 325234 943935 58 20  3 19  0  0
70 103  99312 127070412 1604980 39736232    0    0 1625680 1068532 317009 946493 59 20  3 18  0  0
78 175  99312 127054352 1604996 39736316    0    0 1733728 1168864 326336 845895 65 22  2 12  0  0
98 146  99312 127053644 1605000 39736408    0    0 1844324 1168380 346289 885588 68 23  1  8  0  0
229 149  99312 127059872 1605008 39736512    0    0 1774000 1208324 331807 851065 63 22  3 12  0  0
52 132  99312 127066472 1605008 39736600    0    0 1649520 1064508 330727 967646 60 20  2 18  0  0
149 129  99312 127064416 1605016 39736680    0    0 1602704 1136564 315801 883585 60 20  3 18  0  0
67 108  99312 127063832 1605028 39736760    0    0 1777328 1139644 334278 871399 67 22  1  9  0  0
172 68  99312 127078348 1605032 39736932    0    0 1593488 1077896 315468 890686 56 19  6 19  0  0
133 111  99312 127083672 1605032 39737016    0    0 1614208 1072024 330984 964672 60 20  4 16  0  0
85 134  99312 127083412 1605032 39737108    0    0 1780944 1151324 334263 876612 67 22  1 10  0  0
223 48  99312 127090500 1605036 39737204    0    0 1790496 1207076 336073 867195 65 21  2 12  0  0
89 201  99312 127085308 1605048 39737284    0    0 1781888 1178924 339488 861994 65 22  4  9  0  0
267 123  99312 127087748 1605052 39737372    0    0 1615760 1100900 328102 943587 57 20  4 19  0  0
74 71  99312 127086140 1605052 39737460    0    0 1656336 1085148 326714 937926 62 21  2 15  0  0
65 141  99312 127047696 1605052 39737556    0    0 1765136 1182580 344499 863575 67 22  1  9  0  0
procs -----------memory---------- ---swap-- -----io---- -system-- -------cpu-------
 r  b   swpd   free   buff  cache   si   so    bi    bo   in   cs us sy id wa st gu
40 129  99312 127065936 1605052 39737636    0    0 1604880 1065044 319434 952234 57 20  4 20  0  0
64 69  99312 127072256 1605056 39737728    0    0 1579840 1076580 318414 981387 58 20  3 19  0  0
68 350  99312 127059732 1605064 39737816    0    0 1749904 1138748 334384 896615 65 22  2 11  0  0
65 128  99312 127046768 1605064 39737912    0    0 1790880 1170764 343931 872759 66 23  1 10  0  0
87 149  99312 127021496 1605064 39737992    0    0 1773344 1180332 339498 873107 65 22  3 10  0  0
156 336  99312 127053480 1605064 39738076    0    0 1621392 1083308 307801 847712 57 20  5 18  0  0
125 136  99312 127054904 1605072 39738176    0    0 1620128 1096032 326162 956032 60 20  4 15  0  0
92 70  99312 127061128 1605072 39738252    0    0 1715280 1168308 335696 877938 65 22  3 10  0  0
76 66  99312 127050500 1605072 39738332    0    0 1630976 1067268 323418 921913 58 20  5 17  0  0
62 112  99312 127031844 1605072 39738420    0    0 1560544 1058452 313530 935185 57 18  4 21  0  0
145 209  99312 127037900 1605072 39738500    0    0 1716160 1151696 327980 909602 64 21  2 13  0  0
105 237  99312 127048752 1605076 39738592    0    0 1791648 1203904 343770 914343 65 23  3  9  0  0
101 63  99312 127049784 1605076 39738680    0    0 1786032 1171292 342958 886716 65 23  2 11  0  0
48 125  99312 127056200 1605076 39738776    0    0 1664352 1100444 322907 886230 59 21  3 17  0  0
112 150  99312 127050388 1605076 39738856    0    0 1620208 1092896 317605 900701 60 20  4 17  0  0
76 94  99312 127043384 1605076 39738936    0    0 1736848 1153404 328535 885141 65 21  2 11  0  0
30 89  99312 127054020 1605084 39739020    0    0 1630144 1077156 318513 900846 59 20  3 19  0  0
25 68  99312 127061428 1605084 39739120    0    0 1574720 1086152 314930 911927 58 19  4 20  0  0
132 146  99312 127041264 1605084 39739208    0    0 1720656 1137848 330073 868086 65 22  2 12  0  0
115 107  99312 127047084 1605084 39739304    0    0 1800464 1197684 336241 878679 65 23  1 11  0  0
61 90  99312 127048136 1605084 39739388    0    0 1806208 1188140 336913 865486 66 22  2 10  0  0
procs -----------memory---------- ---swap-- -----io---- -system-- -------cpu-------
 r  b   swpd   free   buff  cache   si   so    bi    bo   in   cs us sy id wa st gu
51 120  99312 127045208 1605096 39739464    0    0 1668608 1087168 319714 894327 59 20  3 18  0  0
274 52  99312 127065520 1605096 39739576    0    0 1640352 1096992 323503 980914 60 19  3 18  0  0
294 90  99312 127080432 1605096 39739644    0    0 1752112 1180748 329768 900468 66 22  2 11  0  0
177 168  99312 127074656 1605096 39739732    0    0 1666752 1102972 325296 910069 60 21  4 15  0  0
250 204  99312 127066720 1605096 39739808    0    0 1549568 1086040 316529 937301 57 19  4 20  0  0
196 92  99312 127052948 1605100 39739904    0    0 1710720 1094244 328747 906354 64 21  2 13  0  0
383 124  99312 127070464 1605100 39740000    0    0 1772416 1197304 336218 875433 63 22  3 12  0  0
299 67  99312 127076356 1605100 39740096    0    0 1772224 1174892 336238 881520 64 22  2 11  0  0
191 232  99312 127061912 1605100 39740176    0    0 1754272 1160108 332913 883673 63 22  2 13  0  0
357 67  99312 127065352 1605100 39740264    0    0 1694160 1163804 329758 920147 61 21  3 15  0  0
57 81  99312 127054872 1605112 39740344    0    0 1748704 1129812 335594 923559 64 22  2 13  0  0
96 109  99312 127062844 1605112 39740440    0    0 1554832 1099552 314840 925840 57 19  5 19  0  0
130 107  99312 127069484 1605112 39740532    0    0 1583072 1042472 304076 869083 58 19  3 19  0  0
116 112  99312 127066360 1605112 39740608    0    0 1660448 1078200 322290 907845 62 21  2 15  0  0
67 95  99312 127088204 1605112 39740716    0    0 1734416 1147264 326796 886389 65 21  1 13  0  0
165 261  99312 127086208 1605124 39740776    0    0 1713072 1182756 329123 886275 61 20  3 16  0  0
79 147  99312 127080488 1605124 39740876    0    0 1735408 1120716 332709 881945 63 22  3 12  0  0
95 184  99312 127063668 1605124 39740976    0    0 1644560 1084284 326931 977399 59 20  3 18  0  0
201 87  99312 127047004 1605124 39741056    0    0 1638176 1120968 319952 915666 61 20  3 17  0  0
236 259  99312 127056908 1605132 39741144    0    0 1654112 1102460 321548 893945 61 20  2 17  0  0
210 163  99312 127055568 1605136 39741224    0    0 1558992 1034692 307296 902727 57 19  4 20  0  0
procs -----------memory---------- ---swap-- -----io---- -system-- -------cpu-------
 r  b   swpd   free   buff  cache   si   so    bi    bo   in   cs us sy id wa st gu
119 147  99312 127061300 1605136 39741316    0    0 1679424 1135964 320040 870764 63 20  2 15  0  0
156 86  99312 127050204 1605136 39741404    0    0 1800656 1155628 337562 916043 65 22  1 11  0  0
57 269  99312 127039168 1605136 39741500    0    0 1790784 1200996 335639 898524 65 22  1 11  0  0
44 131  99312 127053188 1605136 39741580    0    0 1691392 1098352 326947 955784 61 21  2 16  0  0
93 217  99312 127062952 1605148 39741660    0    0 1546288 1092476 306587 883650 57 19  4 20  0  0
128 121  99312 127043360 1605148 39741768    0    0 1740768 1134052 333663 907179 66 22  2 11  0  0
179 165  99312 127044808 1605148 39741852    0    0 1650720 1078144 324955 974426 58 20  4 18  0  0
40 128  99312 127049704 1605148 39741924    0    0 1559680 1040448 313958 943838 57 18  4 21  0  0
104 244  99312 127043752 1605148 39742004    0    0 1723248 1144396 321695 826054 64 21  2 13  0  0
229 39  99312 127035420 1605160 39742088    4    0 1762564 1181632 332107 855407 64 22  2 13  0  0
76 195  99312 127028404 1605160 39742280    0    0 1830576 1176744 352943 894770 68 23  1  8  0  0
122 137  99312 127007908 1605160 39742372    0    0 1681072 1159340 323648 843782 60 21  3 16  0  0
189 112  99312 127009016 1605160 39742468    0    0 1611680 1089740 323807 966890 59 20  3 18  0  0
197 117  99312 127003296 1605160 39742552    0    0 1705232 1132652 327169 908871 64 21  2 13  0  0
65 115  99312 126996820 1605168 39742636    0    0 1640752 1109160 332084 958791 59 21  3 17  0  0
75 190  99312 126979808 1605168 39742740    0    0 1554144 1041928 321328 956965 58 20  3 19  0  0
274 112  99312 126991624 1605168 39742820    0    0 1694048 1142616 322296 869042 62 21  3 14  0  0
37 55  99312 126994108 1605168 39742912    0    0 1779824 1172104 347708 912145 65 23  1 11  0  0
208 155  99312 127015724 1605168 39742996    0    0 1769888 1177436 332486 862051 64 22  2 12  0  0
89 128  99312 126998064 1605180 39743072    0    0 1694960 1114900 331681 905621 61 21  2 16  0  0
141 145  99312 127003500 1605180 39743188    0    0 1607280 1086920 323355 947665 59 19  4 19  0  0
procs -----------memory---------- ---swap-- -----io---- -system-- -------cpu-------
 r  b   swpd   free   buff  cache   si   so    bi    bo   in   cs us sy id wa st gu
84 98  99312 126991456 1605180 39743272    0    0 1711088 1150468 327372 928653 64 21  2 13  0  0
161 127  99312 127022536 1605180 39743356    0    0 1679152 1101408 335611 923927 60 21  4 14  0  0
141 64  99312 127015996 1605180 39743448    0    0 1494128 1031132 302530 947135 54 18  4 23  0  0
75 243  99312 127034012 1605192 39743524    0    0 1566816 1047320 305023 872576 59 19  4 18  0  0
107 145  99312 127026084 1605192 39743616    0    0 1521344 1023248 319275 952464 59 19  6 16  0  0
89 92  99312 127013180 1605192 39743708    0    0 1537200 1056564 308749 927400 57 19  4 20  0  0
103 170  99312 126998844 1605192 39743792    0    0 1584160 1062112 313575 902638 58 20  4 18  0  0
58 144  99312 126992168 1605192 39743872    0    0 1591856 1076624 317438 897218 59 20  5 16  0  0
124 160  99312 127013472 1605200 39743952    0    0 1529712 1045256 312151 956462 58 19  5 19  0  0
91 331  99312 127015728 1605200 39744060    0    0 1577760 1081464 311892 938425 59 19  4 18  0  0
41 125  99312 127010608 1605200 39744144    0    0 1580400 1042192 316473 960445 58 19  2 20  0  0
159 195  99312 126991520 1605200 39744224    0    0 1508112 1016592 301444 910905 56 18  4 22  0  0
60 95  99312 126999560 1605200 39744328    0    0 1530448 1051836 315961 998170 58 18  5 19  0  0
57 178  99312 127022956 1605204 39744388    0    0 1541392 1017892 308459 942255 59 18  4 18  0  0
74 148  99312 127016924 1605204 39744488    0    0 1566896 1046152 322885 983318 58 19  3 19  0  0
91 125  99312 127013732 1605204 39744572    0    0 1561536 1071620 311355 915319 57 19  5 19  0  0
56 131  99312 127009380 1605204 39744676    0    0 1586752 1055072 312777 899283 59 19  5 18  0  0
114 251  99312 127009360 1605204 39744768    0    0 1531984 1050604 314078 984641 56 19  3 21  0  0
50 160  99312 127008352 1605216 39744840    0    0 1567712 1041908 311493 889395 60 19  3 18  0  0
67 112  99312 126993080 1605216 39744956    0    0 1535552 999312 303090 903146 56 19  2 22  0  0
97 158  99312 126994452 1605216 39745036    0    0 1527168 1060636 301595 882840 56 18  4 21  0  0
procs -----------memory---------- ---swap-- -----io---- -system-- -------cpu-------
 r  b   swpd   free   buff  cache   si   so    bi    bo   in   cs us sy id wa st gu
91 175  99312 126991896 1605216 39745104    0    0 1546976 1037800 305740 894862 59 19  3 19  0  0
104 72  99312 127018144 1605216 39745204    0    0 1660656 1088076 328718 868133 62 21  2 15  0  0
78 129  99312 127009224 1605216 39745288    0    0 1682576 1138128 327986 937209 60 21  3 16  0  0
70 87  99312 127011088 1605216 39745376    0    0 1706176 1118204 333074 967555 62 21  2 15  0  0
121 168  99312 127021832 1605216 39745468    0    0 1648640 1109380 318617 912146 58 19  4 20  0  0
45 117  99312 127019188 1605216 39745552    0    0 1686816 1101084 323000 878822 63 21  2 14  0  0
64 134  99312 127012220 1605216 39745632    0    0 1609184 1096896 311733 865064 59 20  3 18  0  0
61 102  99312 126992944 1605220 39745720    0    0 1554416 1046960 317350 954377 58 19  3 20  0  0
107 100  99312 126990036 1605220 39745816    0    0 1691440 1127956 326698 909813 62 21  2 15  0  0
91 107  99312 126999116 1605220 39745900    0    0 1650096 1118772 327521 897440 61 20  3 15  0  0
80 128  99312 126987468 1605220 39745988    0    0 1715056 1131872 325953 881390 65 21  2 12  0  0
87 108  99312 127000532 1605220 39746076    0    0 1741040 1145560 334644 929899 64 22  2 13  0  0
336 87  99312 127020524 1605224 39746168    0    0 1689200 1157040 322304 852640 60 20  7 13  0  0
36 49  99312 127012844 1605224 39746252    0    0 1715344 1136436 331651 920679 62 21  2 14  0  0
89 149  99312 127011556 1605224 39746340    0    0 1607008 1057456 316514 891929 58 20  4 18  0  0
65 97  99312 127011056 1605224 39746432    0    0 1585680 1043108 319835 944038 61 20  2 17  0  0
345 67  99312 127000692 1605224 39746508    0    0 1669920 1166000 318166 825520 62 20  4 14  0  0
327 161  99312 127027576 1605224 39746600    0    0 1669872 1113884 327821 936648 59 19  4 19  0  0
162 141  99312 127040496 1605224 39746676    0    0 1715568 1137324 339628 912038 64 21  2 13  0  0
139 121  99312 127028128 1605224 39746764    0    0 1742064 1140300 327432 851573 65 21  2 12  0  0
113 176  99312 127025648 1605224 39746844    0    0 1715120 1153636 330602 912217 61 21  3 14  0  0
procs -----------memory---------- ---swap-- -----io---- -system-- -------cpu-------
 r  b   swpd   free   buff  cache   si   so    bi    bo   in   cs us sy id wa st gu
148 180  99312 127012524 1605224 39746956    0    0 1696848 1122644 336707 963562 62 21  2 15  0  0
71 109  99312 126999512 1605228 39747044    0    0 1659424 1052040 322123 949396 62 21  2 16  0  0
90 100  99312 127003096 1605228 39747124    0    0 1548080 1077236 313106 914361 57 19  2 21  0  0
239 48  99312 126989124 1605228 39747224    0    0 1690000 1155360 324461 867326 63 21  2 13  0  0
58 126  99312 127010624 1605228 39747292    0    0 1689216 1076636 321789 854533 62 20  2 15  0  0
195 287  99312 127014804 1605228 39747400    0    0 1631680 1113704 322688 921970 60 20  3 17  0  0
301 108  99312 126994364 1605240 39747468    0    0 1693312 1118816 329760 890311 63 21  2 14  0  0
23 133  99312 126996752 1605240 39747632    0    0 1693744 1155216 330118 944882 62 21  2 15  0  0
100 155  99312 127006272 1605240 39747720    0    0 1711504 1107924 320812 857722 60 21  5 14  0  0
41 85  99312 127017816 1605240 39747812    0    0 1585504 1088984 313504 931204 58 18  3 21  0  0
29 87  99312 127018432 1605240 39747904    0    0 1576912 1042752 310614 900377 57 18  3 21  0  0
63 76  99312 127001024 1605248 39747968    0    0 1652560 1143864 332788 916963 61 20  3 16  0  0
39 139  99312 127000984 1605248 39748064    0    0 1592448 1064816 317829 904640 58 19  4 19  0  0
348 58  99312 127003896 1605248 39748156    0    0 1489376 1039352 299941 891172 54 18  6 22  0  0
156 105  99312 127012176 1605248 39748240    0    0 1617008 1068808 307181 869975 61 19  3 17  0  0
58 127  99312 127012384 1605248 39748332    0    0 1720848 1163268 326422 852835 65 21  2 12  0  0
91 92  99312 127010832 1605252 39748420    0    0 1732816 1143260 333916 904228 63 21  3 12  0  0
54 101  99312 126993164 1605252 39748524    0    0 1614960 1082956 314808 887465 60 20  3 18  0  0
41 150  99312 126998712 1605252 39748612    0    0 1588304 1058004 315968 934443 59 20  5 17  0  0
130 188  99312 126990428 1605252 39748696    0    0 1700128 1131704 330360 966569 63 21  1 14  0  0
62 53  99312 126980772 1605252 39748788    0    0 1678320 1137564 322377 883569 63 20  2 15  0  0
procs -----------memory---------- ---swap-- -----io---- -system-- -------cpu-------
 r  b   swpd   free   buff  cache   si   so    bi    bo   in   cs us sy id wa st gu
108 189  99312 126968852 1605260 39748860    0    0 1678208 1100420 321630 863669 60 21  5 14  0  0
122 103  99312 126978088 1605260 39748956    0    0 1726928 1118804 330943 925072 63 21  2 14  0  0
126 93  99312 126983828 1605268 39749032    0    0 1745408 1169424 330886 933876 64 20  2 14  0  0
68 305  99312 126987496 1605268 39749136    0    0 1750912 1142872 333224 960321 63 21  2 13  0  0
32 154  99312 127001340 1605272 39749220    0    0 1627712 1090792 320606 922339 58 20  3 18  0  0
23 155  99312 126990604 1605284 39749308    0    0 1569232 1042676 309889 899888 58 19  3 20  0  0
127 251  99312 126982764 1605284 39749416    0    0 1566800 1068932 307186 876221 58 19  4 19  0  0
41 78  99312 126990072 1605284 39749496    0    0 1609920 1065060 314476 933006 60 20  3 18  0  0
201 210  99312 126984960 1605284 39749584    0    0 1569728 1065040 308950 926881 57 19  4 19  0  0
50 105  99312 127005608 1605284 39749668    0    0 1503824 1027448 307967 910310 56 18  6 20  0  0
62 114  99312 127013840 1605292 39749752    0    0 1592064 1073960 320626 945299 59 20  3 18  0  0
260 163  99312 127007276 1605292 39749852    0    0 1734208 1158868 331038 868064 65 21  2 11  0  0
35 168  99312 126981716 1605292 39749928    0    0 1619872 1092336 316287 905086 58 20  3 19  0  0
50 86  99312 126972736 1605292 39750008    0    0 1591168 1074372 318986 942708 59 19  3 18  0  0
66 159  99312 126974268 1605292 39750108    0    0 1668068 1092592 317892 876686 61 20  3 16  0  0
157 127  99312 127007616 1605300 39750396    0    0 1733616 1146544 333217 921969 62 20  4 14  0  0
72 49  99312 127008228 1605300 39750484    0    0 1708016 1151004 338463 959077 62 21  3 13  0  0
119 86  99312 127012644 1605300 39750572    0    0 1635184 1085436 324323 949420 59 20  4 17  0  0
81 409  99312 127003848 1605300 39750656    0    0 1675344 1139640 325175 916700 62 21  2 15  0  0
95 165  99312 126997672 1605300 39750740    0    0 1729024 1107668 322606 868680 65 21  1 12  0  0
70 104  99312 126991804 1605308 39750824    0    0 1579120 1087348 310675 885326 57 20  3 20  0  0
procs -----------memory---------- ---swap-- -----io---- -system-- -------cpu-------
 r  b   swpd   free   buff  cache   si   so    bi    bo   in   cs us sy id wa st gu
44 103  99312 126988140 1605308 39750928    0    0 1606176 1060640 312388 895547 59 19  2 19  0  0
71 118  99312 126981656 1605308 39751012    0    0 1660256 1115308 323035 896334 62 21  4 14  0  0
107 221  99312 126968808 1605308 39751108    0    0 1793216 1167728 338026 853846 67 22  1 10  0  0
279 131  99312 126966612 1605308 39751208    0    0 1788256 1186376 334076 858448 64 22  3 11  0  0
221 131  99312 126976492 1605316 39751288    0    0 1761872 1143600 334096 886611 63 22  2 13  0  0
155 179  99312 126979436 1605316 39751376    0    0 1774768 1187200 337215 878506 65 22  2 11  0  0
115 142  99312 126971384 1605316 39751452    0    0 1788848 1202836 340253 889289 65 22  2 11  0  0
30 111  99312 126962288 1605316 39751552    0    0 1670480 1104424 331737 966285 59 20  3 18  0  0
318 152  99312 126941400 1605316 39751628    0    0 1608096 1097172 320080 919538 59 19  3 18  0  0
129 138  99312 126940816 1605324 39751708    0    0 1690912 1129344 330776 924791 64 21  2 13  0  0
92 112  99312 126932216 1605324 39751796    0    0 1809040 1187712 343232 865472 66 23  1  9  0  0
102 126  99312 126950220 1605324 39751904    0    0 1816672 1191716 343462 886406 66 23  2  9  0  0
74 80  99312 126953276 1605324 39751984    0    0 1726512 1159332 334775 921733 63 22  2 14  0  0
233 45  99312 126939152 1605324 39752076    0    0 1799328 1178440 344891 894718 65 23  2 10  0  0
139 110  99312 126933080 1605332 39752164    0    0 1794944 1190420 340374 891447 65 22  2 11  0  0
88 121  99312 126938780 1605332 39752244    0    0 1638672 1091672 327404 943585 59 21  4 16  0  0
88 110  99312 126952096 1605332 39752332    0    0 1619216 1074096 320080 905845 60 20  3 17  0  0
120 86  99312 126955456 1605332 39752424    0    0 1731744 1168292 335078 933724 65 21  1 12  0  0
146 110  99312 126942332 1605332 39752500    0    0 1812496 1200732 353329 888552 67 23  1  9  0  0
89 125  99312 126944120 1605340 39752580    0    0 1794880 1195544 336282 882694 65 22  2 11  0  0
129 233  99312 126917516 1605340 39752684    0    0 1734880 1139768 340348 934271 63 22  2 13  0  0
procs -----------memory---------- ---swap-- -----io---- -system-- -------cpu-------
 r  b   swpd   free   buff  cache   si   so    bi    bo   in   cs us sy id wa st gu
148 64  99312 126925940 1605340 39752788    0    0 1784576 1195348 336518 887689 64 21  2 13  0  0
170 166  99312 126941144 1605340 39752864    0    0 1796976 1175716 341625 901593 65 22  2 10  0  0
41 141  99312 126945908 1605340 39752932    0    0 1587456 1119132 321017 953585 56 20  3 21  0  0
43 85  99312 126955900 1605344 39753028    0    0 1598064 1069672 315029 912118 59 20  4 18  0  0
86 120  99312 126958136 1605344 39753180    0    0 1783040 1150216 329853 864822 67 22  1 10  0  0
94 168  99312 126942016 1605344 39753260    0    0 1802480 1199568 340605 867641 66 23  1 10  0  0
50 342  99312 126938288 1605344 39753356    0    0 1767376 1185804 343217 922815 65 22  2 11  0  0
212 62  99312 126932296 1605344 39753440    0    0 1745632 1160764 335360 909825 62 22  2 14  0  0
134 332  99312 126922244 1605348 39753532    0    0 1826096 1191228 348840 860431 66 24  1  9  0  0
132 85  99312 126926196 1605348 39753624    0    0 1763504 1163344 337782 878535 64 22  2 12  0  0
59 79  99312 126930556 1605348 39753708    0    0 1609008 1092536 319379 941403 57 20  4 19  0  0
82 152  99312 126931344 1605348 39753792    0    0 1615616 1094456 318972 901977 59 20  3 18  0  0
301 75  99312 126926868 1605348 39753876    0    0 1779872 1183092 338433 857699 66 22  2 10  0  0
82 117  99312 126934076 1605356 39753952    0    0 1785040 1186680 334231 897266 65 22  2 12  0  0
132 153  99312 126942000 1605356 39754052    0    0 1733856 1154760 338541 903633 62 21  2 15  0  0
88 155  99312 126928056 1605356 39754136    0    0 1760944 1173608 334853 890377 64 22  3 11  0  0
187 59  99312 126936576 1605356 39754228    0    0 1806464 1195340 342661 864032 66 23  2  9  0  0
57 98  99312 126934176 1605356 39754316    0    0 1757344 1146556 334581 894686 64 22  1 13  0  0
74 166  99312 126938816 1605360 39754392    0    0 1585760 1096316 316625 920401 59 19  3 18  0  0
53 146  99312 126954060 1605360 39754488    0    0 1651936 1096008 324716 904938 61 20  5 14  0  0
80 194  99312 126945508 1605360 39754572    0    0 1791808 1157220 334685 847584 64 22  3 10  0  0
procs -----------memory---------- ---swap-- -----io---- -system-- -------cpu-------
 r  b   swpd   free   buff  cache   si   so    bi    bo   in   cs us sy id wa st gu
118 191  99312 126922364 1605360 39754668    0    0 1781888 1187472 344163 877143 65 22  2 10  0  0
55 116  99312 126934908 1605360 39754744    0    0 1713680 1178588 347253 907546 62 22  3 13  0  0
34 102  99312 126928772 1605368 39754836    0    0 1767136 1188208 329978 857424 63 22  3 12  0  0
59 210  99312 126913520 1605368 39754936    0    0 1827680 1184184 349359 887292 68 24  1  8  0  0
180 137  99312 126922892 1605368 39755020    0    0 1662096 1124340 321646 910245 59 20  3 18  0  0
86 101  99312 126928488 1605368 39755120    0    0 1614352 1086004 317245 897972 60 20  4 16  0  0
56 121  99312 126951968 1605368 39755204    0    0 1676960 1137532 321452 891964 61 20  3 16  0  0
69 184  99312 126939604 1605380 39755264    0    0 1786816 1180712 349205 969611 65 22  1 12  0  0
110 122  99312 126937660 1605380 39755368    0    0 1805472 1184972 341187 922502 66 23  1 10  0  0
117 114  99312 126935688 1605380 39755460    0    0 1748480 1167288 336042 969374 64 22  1 13  0  0
63 165  99312 126933752 1605380 39755544    0    0 1800768 1174072 336906 897897 66 22  2 10  0  0
93 139  99312 126928192 1605380 39755628    0    0 1841968 1189740 342687 869519 68 23  1  8  0  0
92 141  99312 126940840 1605392 39755704    0    0 1672784 1105216 326290 959313 60 21  3 16  0  0
97 131  99312 126955848 1605392 39755808    0    0 1625760 1096192 319798 930455 60 20  2 17  0  0
70 276  99312 126967944 1605392 39755896    0    0 1673440 1115448 318934 861787 62 20  4 14  0  0
262 76  99312 126966276 1605392 39755980    0    0 1789056 1172100 339035 884973 66 22  2 10  0  0
78 197  99312 126950464 1605392 39756056    0    0 1781568 1184820 334195 876377 65 22  2 11  0  0
151 206  99312 126955096 1605404 39756140    0    0 1729536 1160864 326458 846199 62 21  5 11  0  0
171 98  99312 126962576 1605404 39756252    0    0 1770608 1174580 340614 905464 64 22  2 12  0  0
124 187  99312 126956360 1605428 39756312    0    0 1787472 1215080 339911 893700 65 22  2 11  0  0
58 139  99312 126963296 1605428 39756440    0    0 1662016 1112868 325958 970766 59 19  4 18  0  0
procs -----------memory---------- ---swap-- -----io---- -system-- -------cpu-------
 r  b   swpd   free   buff  cache   si   so    bi    bo   in   cs us sy id wa st gu
170 93  99312 126962116 1605428 39756516    0    0 1600736 1089700 314466 925470 59 19  4 18  0  0
267 152  99312 126949804 1605440 39756592    0    0 1693968 1124864 326591 901068 62 21  2 15  0  0
126 117  99312 126941220 1605440 39756692    0    0 1785408 1208720 344215 912063 65 22  2 12  0  0
81 150  99312 126959732 1605440 39756768    0    0 1803104 1197748 342495 891113 66 23  3  9  0  0
24 47  99312 126964588 1605440 39756860    0    0 1706496 1178288 333837 928872 62 21  2 14  0  0
276 81  99312 126950264 1605440 39756944    0    0 1806576 1170252 334404 819560 65 22  3 10  0  0
85 132  99312 126942892 1605444 39757036    0    0 1816704 1199844 339779 860846 66 23  1 10  0  0
77 150  99312 126955036 1605444 39757132    0    0 1604000 1117004 320411 923280 57 20  5 18  0  0
118 351  99312 126952420 1605444 39757216    0    0 1586848 1100368 314944 947931 59 19  4 18  0  0
79 112  99312 126967364 1605444 39757296    0    0 1698512 1116464 329371 906819 63 21  3 13  0  0
99 66  99312 126960160 1605444 39757384    0    0 1616672 1097068 315838 889524 60 20  4 17  0  0
53 123  99312 126958776 1605456 39757476    0    0 1673824 1118784 322918 931586 62 21  2 15  0  0
172 132  99312 126961428 1605456 39757568    0    0 1774192 1176652 339105 945502 64 21  2 13  0  0
320 148  99312 126977380 1605456 39757652    0    0 1779632 1194720 346584 947362 64 21  2 13  0  0
143 113  99312 126946032 1605456 39757736    0    0 1801968 1157156 338024 885633 66 22  1 10  0  0
66 169  99312 126917952 1605456 39757820    0    0 1559824 1044912 317308 970905 55 19  4 22  0  0
293 23  99312 126916268 1605464 39757908    0    0 1724352 1160464 336304 936927 64 22  3 12  0  0
71 117  99312 126912900 1605464 39757996    0    0 1710560 1120684 330969 862130 64 21  2 13  0  0
45 146  99312 126914328 1605464 39758084    0    0 1584480 1070324 314444 902258 60 19  3 18  0  0
269 122  99312 126921800 1605464 39758172    0    0 1720880 1172860 333057 898042 64 21  3 12  0  0
264 185  99312 126923252 1605464 39758252    0    0 1772864 1143516 342168 890897 64 23  3 11  0  0
procs -----------memory---------- ---swap-- -----io---- -system-- -------cpu-------
 r  b   swpd   free   buff  cache   si   so    bi    bo   in   cs us sy id wa st gu
213 47  99312 126920056 1605468 39758400    0    0 1777120 1198036 338815 887664 65 22  2 11  0  0
50 120  99312 126899648 1605468 39758512    0    0 1784672 1170428 344671 896901 64 23  2 10  0  0
88 114  99312 126902348 1605468 39758596    0    0 1597376 1066400 319640 931883 59 20  3 18  0  0
46 121  99312 126908396 1605468 39758692    0    0 1669616 1130240 324528 932915 63 21  2 15  0  0
260 171  99312 126908468 1605468 39758776    0    0 1688512 1159148 337070 906184 61 22  5 13  0  0
69 162  99312 126911636 1605480 39758864    0    0 1673600 1086924 327345 950247 59 20  2 18  0  0
123 89  99312 126898820 1605480 39758944    0    0 1651264 1114988 321627 902165 62 20  2 16  0  0
76 333  99312 126872740 1605480 39759020    0    0 1724240 1179952 332669 865871 65 22  2 12  0  0
97 114  99312 126893672 1605480 39759120    0    0 1824080 1139036 339523 868142 66 23  1 10  0  0
160 243  99312 126894620 1605480 39759200    0    0 1741776 1168408 338401 907942 63 22  2 13  0  0
55 70  99312 126899308 1605488 39759268    0    0 1630480 1110620 327732 963441 59 20  6 16  0  0
100 105  99312 126922928 1605488 39759388    0    0 1687456 1121412 325373 906696 63 21  3 13  0  0
176 198  99312 126909884 1605488 39759492    0    0 1652704 1126024 320499 830582 60 20  4 15  0  0
80 130  99312 126899904 1605488 39759552    0    0 1633472 1097668 325146 945573 61 20  3 15  0  0
115 142  99312 126917168 1605488 39759640    0    0 1690624 1116280 326811 912993 63 21  2 15  0  0
223 77  99312 126907516 1605500 39759756    0    0 1772208 1180804 349133 935945 65 23  2 10  0  0
89 113  99312 126901912 1605500 39759808    0    0 1784480 1201484 341134 953746 65 22  1 12  0  0
87 99  99312 126904156 1605500 39759908    0    0 1757952 1156744 331408 883285 63 22  2 13  0  0
153 129  99312 126900616 1605500 39759992    0    0 1644656 1103852 316852 902387 62 20  2 16  0  0
296 117  99312 126908392 1605500 39760060    0    0 1669952 1119308 317212 882941 60 19  3 19  0  0
135 190  99312 126919116 1605508 39760156    0    0 1696832 1135280 326174 875226 61 21  3 16  0  0
procs -----------memory---------- ---swap-- -----io---- -system-- -------cpu-------
 r  b   swpd   free   buff  cache   si   so    bi    bo   in   cs us sy id wa st gu
226 108  99312 126927036 1605508 39760244    0    0 1645920 1100964 320953 893913 60 20  3 17  0  0
128 157  99312 126920768 1605508 39760340    0    0 1695168 1104552 323561 876531 62 21  3 14  0  0
151 330  99312 126912188 1605508 39760448    0    0 1774176 1189820 346033 895537 64 22  2 12  0  0
152 121  99312 126900568 1605508 39760532    0    0 1806016 1186476 345158 902330 66 23  3  9  0  0
82 163  99312 126893768 1605512 39760612    0    0 1740112 1164924 335084 901960 63 22  2 14  0  0
67 223  99312 126896524 1605512 39760724    0    0 1666032 1119412 328854 941895 63 20  2 15  0  0
74 352  99312 126929292 1605512 39760788    0    0 1653312 1114560 323110 907850 61 20  4 15  0  0
200 246  99312 126920860 1605512 39760872    0    0 1713296 1124336 326885 896039 61 21  2 15  0  0
79 82  99312 126903340 1605512 39760964    0    0 1623456 1065596 321834 913270 61 20  3 16  0  0
327 75  99312 126932652 1605520 39761048    0    0 1670464 1143196 322746 892453 61 21  6 12  0  0
303 48  99312 126911968 1605528 39761184    0    0 1829728 1180400 337226 846979 67 23  2  9  0  0
126 190  99312 126914084 1605528 39761284    0    0 1775696 1188636 334669 893740 64 21  2 13  0  0
66 143  99312 126910040 1605528 39761348    0    0 1712960 1157352 333316 925281 62 20  3 15  0  0
77 113  99312 126922896 1605528 39761452    0    0 1660992 1125568 331306 975260 60 21  4 16  0  0
209 42  99312 126923672 1605532 39761516    0    0 1686656 1125808 328893 926790 63 21  2 14  0  0
93 177  99312 126912356 1605532 39761608    0    0 1696880 1127872 319679 864496 63 21  2 14  0  0
81 150  99312 126915116 1605536 39761736    0    0 1627952 1110420 327586 946425 61 20  2 17  0  0
71 89  99312 126900856 1605536 39761800    0    0 1679248 1124184 326468 926783 62 21  3 15  0  0
47 212  99312 126920364 1605552 39761888    0    0 1799472 1182020 338515 874646 66 22  2 10  0  0
210 103  99312 126915744 1605564 39762000    0    0 1785616 1168436 337304 904335 64 22  2 11  0  0
45 104  99312 126915324 1605568 39762076    0    0 1648320 1136988 320026 889181 60 20  2 18  0  0
procs -----------memory---------- ---swap-- -----io---- -system-- -------cpu-------
 r  b   swpd   free   buff  cache   si   so    bi    bo   in   cs us sy id wa st gu
268 70  99312 126917068 1605568 39762184    0    0 1638048 1091280 316575 886016 61 20  2 17  0  0
75 225  99312 126914808 1605568 39762284    0    0 1707456 1142184 326126 936006 64 21  2 13  0  0
101 90  99312 126933736 1605580 39762344    0    0 1697136 1128380 324023 892758 61 21  3 15  0  0
57 58  99312 126933148 1605592 39762428    0    0 1644256 1086052 319401 948698 61 20  2 17  0  0
50 298  99312 126952504 1605600 39762504    0    0 1675808 1138128 321117 895513 61 19  3 17  0  0
119 123  99312 126940420 1605600 39762612    0    0 1788640 1162020 343081 930709 65 22  2 11  0  0
99 159  99312 126938136 1605608 39762712    0    0 1777936 1186800 335011 883614 64 22  2 11  0  0
142 259  99312 126922128 1605608 39762760    0    0 1676448 1121340 326893 911104 60 21  3 16  0  0
156 117  99312 126913016 1605628 39762876    0    0 1654128 1110848 326822 929142 62 21  4 13  0  0
99 91  99312 126911264 1605628 39762980    0    0 1710576 1129792 326674 883400 63 21  3 12  0  0
171 117  99312 126929716 1605628 39763036    0    0 1688576 1143664 332525 929525 61 21  3 16  0  0
74 147  99312 126924016 1605636 39763144    0    0 1613520 1097592 320878 910943 60 20  3 18  0  0
293 80  99312 126921916 1605636 39763256    0    0 1673456 1125068 324270 905760 62 20  3 15  0  0
238 184  99312 126909324 1605652 39763320    0    0 1784992 1183200 336609 867074 65 22  2 11  0  0
128 124  99312 126912116 1605652 39763400    0    0 1799872 1184264 337468 850401 65 23  4  9  0  0
50 101  99312 126921508 1605656 39763452    0    0 1647344 1115768 325123 976076 59 20  5 17  0  0
243 245  99312 126935144 1605656 39763572    0    0 1623712 1107492 318812 909592 61 20  3 16  0  0
259 231  99312 126941052 1605656 39763680    0    0 1760128 1170204 331791 887197 65 20  2 13  0  0
58 149  99312 126935768 1605660 39763728    0    0 1710816 1128368 327781 881420 62 21  2 16  0  0
73 181  99312 126932792 1605660 39763900    0    0 1645728 1094392 320372 856659 61 20  5 14  0  0
131 108  99312 126915564 1605668 39763984    0    0 1702688 1143180 331581 931389 63 21  1 14  0  0
procs -----------memory---------- ---swap-- -----io---- -system-- -------cpu-------
 r  b   swpd   free   buff  cache   si   so    bi    bo   in   cs us sy id wa st gu
70 122  99312 126897516 1605668 39764068    0    0 1773440 1182340 338587 898361 65 22  1 11  0  0
189 90  99312 126902788 1605676 39764172    0    0 1791408 1189144 336125 879968 65 22  1 11  0  0
201 105  99312 126908632 1605676 39764276    0    0 1649616 1083072 324268 936231 59 20  3 18  0  0
131 89  99312 126936588 1605676 39764340    0    0 1636976 1092724 316965 874512 60 20  6 14  0  0
210 87  99312 126930380 1605684 39764420    0    0 1739232 1161488 326632 883042 64 22  2 12  0  0
80 230  99312 126912188 1605684 39764548    0    0 1711488 1120288 323947 866187 62 21  2 15  0  0
66 140  99312 126921196 1605692 39764604    0    0 1627680 1122056 320624 940004 60 20  5 15  0  0
136 169  99312 126915324 1605700 39764688    0    0 1708240 1133376 329400 926894 63 21  2 13  0  0
65 57  99312 126912268 1605700 39764792    0    0 1757584 1174556 337595 915571 64 22  2 13  0  0
76 144  99312 126911148 1605700 39764892    0    0 1764576 1174972 332902 872187 63 21  2 13  0  0
197 231  99312 126933520 1605700 39764984    0    0 1660000 1104996 329567 958583 59 19  3 19  0  0
88 211  99312 126925284 1605704 39765084    0    0 1627232 1111304 318491 895719 62 20  2 16  0  0
173 147  99312 126919080 1605712 39765148    0    0 1745488 1151976 326978 859602 64 21  4 11  0  0
75 130  99312 126918672 1605716 39765240    0    0 1697504 1133824 329897 923140 61 21  2 16  0  0
217 103  99312 126915636 1605716 39765304    0    0 1643184 1098412 321944 900244 62 20  3 16  0  0
208 120  99312 126921688 1605720 39765404    0    0 1649680 1123800 321423 873174 61 20  5 14  0  0
128 160  99312 126924216 1605720 39765488    0    0 1758704 1138476 334848 912443 63 22  4 11  0  0
107 96  99312 126924892 1605724 39765580    0    0 1778976 1177700 338070 910282 64 22  3 12  0  0
94 124  99312 126920772 1605728 39765676    0    0 1725712 1165984 333072 949598 62 21  3 15  0  0
130 111  99312 126906700 1605728 39765776    0    0 1744784 1157276 337474 916693 64 22  2 13  0  0
311 32  99312 126907872 1605732 39765844    0    0 1705872 1153904 329953 907445 61 21  2 16  0  0
procs -----------memory---------- ---swap-- -----io---- -system-- -------cpu-------
 r  b   swpd   free   buff  cache   si   so    bi    bo   in   cs us sy id wa st gu
62 212  99312 126899076 1605732 39765952    0    0 1638752 1094748 324778 926360 60 20  3 16  0  0
143 237  99312 126897020 1605736 39766044    0    0 1606432 1092056 320989 935552 58 20  4 18  0  0
240 123  99312 126903012 1605736 39766120    0    0 1673136 1106164 322294 936354 63 20  2 16  0  0
120 141  99312 126895828 1605736 39766196    0    0 1715376 1114440 325504 872413 63 21  2 14  0  0
49 83  99312 126899920 1605740 39766288    0    0 1688688 1153020 328761 952248 61 21  2 16  0  0
246 76  99312 126905704 1605740 39766376    0    0 1761840 1160836 334263 879870 63 22  3 12  0  0
255 100  99312 126904904 1605744 39766480    0    0 1713168 1142904 328564 893327 62 21  2 14  0  0
217 133  99312 126896172 1605744 39766556    0    0 1618832 1077700 318391 912999 60 20  4 16  0  0
59 80  99312 126903772 1605744 39766624    0    0 1605632 1085776 312202 892232 58 20  4 18  0  0
363 81  99312 126885996 1605748 39766756    0    0 1610336 1129148 316214 902263 60 20  3 17  0  0
77 139  99312 126888708 1605748 39766796    0    0 1635552 1068172 326986 939001 60 20  3 16  0  0
132 148  99312 126887404 1605756 39766888    0    0 1716688 1154244 325768 872755 64 21  2 13  0  0
179 305  99312 126882656 1605756 39766972    0    0 1725952 1145772 330443 866572 63 21  2 13  0  0
46 105  99312 126876096 1605756 39767060    0    0 1631664 1108260 327583 953559 59 20  3 17  0  0
101 161  99312 126882552 1605756 39767172    0    0 1694288 1126408 333466 922575 63 21  2 14  0  0
86 125  99312 126892796 1605756 39767252    0    0 1804816 1186912 335755 874506 66 22  3 10  0  0
110 147  99312 126898164 1605768 39767332    0    0 1744320 1173560 336483 915185 63 21  2 14  0  0
108 241  99312 126903784 1605768 39767428    0    0 1653360 1116288 329186 942961 59 21  3 16  0  0
67 101  99312 126922692 1605768 39767524    0    0 1597392 1091032 316462 917149 59 20  4 17  0  0
43 188  99312 126908292 1605768 39767604    0    0 1746208 1151696 330364 852224 64 21  3 12  0  0
29 356  99312 126897484 1605768 39767692    0    0 1719408 1179864 331503 921323 62 21  2 15  0  0
procs -----------memory---------- ---swap-- -----io---- -system-- -------cpu-------
 r  b   swpd   free   buff  cache   si   so    bi    bo   in   cs us sy id wa st gu
78 160  99312 126880688 1605776 39767788    0    0 1665008 1087872 324202 932855 63 21  2 14  0  0
127 310  99312 126872480 1605776 39767876    0    0 1670272 1120808 321662 900932 62 21  2 16  0  0
97 152  99312 126888376 1605776 39767948    0    0 1784752 1173036 337327 891198 65 22  3 10  0  0
160 74  99312 126888544 1605776 39768040    0    0 1766816 1152504 331590 914819 63 22  3 12  0  0
30 231  99312 126912364 1605776 39768120    0    0 1646000 1122200 323998 950931 59 20  4 16  0  0
149 109  99312 126911592 1605788 39768248    0    0 1650640 1089276 324701 968778 62 20  3 15  0  0
92 182  99312 126889584 1605788 39768332    0    0 1712960 1141508 330273 918392 63 21  3 13  0  0
141 126  99312 126893432 1605788 39768412    0    0 1701328 1114820 329392 943985 62 21  3 14  0  0
74 221  99312 126905072 1605788 39768492    0    0 1641280 1103288 320101 1003395 58 19  3 21  0  0
198 92  99312 126910456 1605788 39768552    0    0 1694496 1124776 326786 864926 64 21  2 13  0  0
73 149  99312 126901932 1605796 39768684    0    0 1800400 1179048 334006 850244 66 22  2  9  0  0
49 115  99312 126900048 1605796 39768764    0    0 1753152 1180660 336163 901281 64 22  2 12  0  0
55 119  99312 126883224 1605796 39768852    0    0 1671264 1109024 322980 909216 60 21  2 17  0  0
115 133  99312 126879720 1605796 39768952    0    0 1639280 1128308 318961 892833 61 20  3 16  0  0
344 150  99312 126891920 1605796 39769044    0    0 1693456 1134912 328172 929032 62 21  2 15  0  0
66 212  99312 126911216 1605800 39769120    0    0 1696960 1087320 326595 880963 60 21  3 15  0  0
117 121  99312 126912204 1605800 39769324    0    0 1604800 1094088 318084 928324 60 20  3 17  0  0
181 78  99312 126904516 1605800 39769384    0    0 1707008 1131080 322762 902758 62 21  3 14  0  0
265 93  99312 126891420 1605812 39769468    0    0 1784320 1185616 334202 891747 64 22  2 12  0  0
40 66  99312 126893868 1605812 39769580    0    0 1728304 1175588 333586 907188 63 22  2 14  0  0
61 116  99312 126893684 1605820 39769660    0    0 1702960 1139404 327620 910618 61 21  3 16  0  0
procs -----------memory---------- ---swap-- -----io---- -system-- -------cpu-------
 r  b   swpd   free   buff  cache   si   so    bi    bo   in   cs us sy id wa st gu
235 101  99312 126913728 1605820 39769756    0    0 1650960 1111268 320200 922856 61 19  2 17  0  0
186 318  99312 126924416 1605820 39769832    0    0 1673712 1131552 329450 964440 62 20  3 15  0  0
41 81  99312 126917292 1605824 39769912    0    0 1700256 1112624 328198 929437 61 21  2 16  0  0
85 319  99312 126925028 1605824 39770020    0    0 1636464 1080356 321736 952498 59 20  5 17  0  0
115 83  99312 126914884 1605824 39770116    0    0 1677520 1137868 321619 876005 62 21  5 12  0  0
31 354  99312 126890824 1605824 39770208    0    0 1773840 1174288 335119 887100 67 22  1 10  0  0
66 148  99312 126900972 1605824 39770296    0    0 1722816 1167228 334529 934839 62 21  4 13  0  0
49 202  99312 126921928 1605824 39770368    0    0 1754528 1148424 336787 937911 63 22  3 12  0  0
73 151  99312 126908740 1605824 39770472    0    0 1647168 1109028 327340 940410 62 20  3 15  0  0
100 134  99312 126912676 1605832 39770576    0    0 1683136 1138016 325916 882388 62 21  4 13  0  0
116 77  99312 126914032 1605832 39770620    0    0 1674176 1125732 329667 944493 61 21  2 16  0  0
177 226  99312 126916684 1605836 39770732    0    0 1626208 1119080 320332 931145 57 20  5 18  0  0
232 262  99312 126915564 1605836 39770812    0    0 1711680 1128316 324451 890138 65 21  1 13  0  0
60 170  99312 126898624 1605836 39770908    0    0 1786496 1193848 334658 832503 67 22  2 10  0  0
88 207  99312 126917352 1605840 39771000    0    0 1751776 1147240 331151 907723 63 21  2 15  0  0
34 120  99312 126913192 1605840 39771084    0    0 1706432 1145556 333239 906792 62 21  2 15  0  0
124 131  99312 126905056 1605840 39771188    0    0 1644112 1099396 324419 928766 62 21  3 15  0  0
232 86  99312 126894384 1605840 39771264    0    0 1755104 1134000 326228 843827 64 21  2 12  0  0
92 107  99312 126887064 1605840 39771344    0    0 1648192 1111504 329419 939581 59 21  3 18  0  0
118 144  99312 126888820 1605840 39771440    0    0 1636720 1102876 327071 928632 62 20  3 15  0  0
270 127  99312 126881276 1605840 39771524    0    0 1728656 1157680 327326 871039 64 21  2 13  0  0
procs -----------memory---------- ---swap-- -----io---- -system-- -------cpu-------
 r  b   swpd   free   buff  cache   si   so    bi    bo   in   cs us sy id wa st gu
183 102  99312 126887664 1605840 39771616    0    0 1805184 1177152 339570 873578 66 23  2 10  0  0
118 95  99312 126880744 1605840 39771700    0    0 1739840 1156992 336017 946428 63 22  2 13  0  0
68 212  99312 126899864 1605840 39771764    0    0 1659808 1125300 322492 928593 60 20  2 18  0  0
51 168  99312 126883052 1605844 39771880    0    0 1655936 1112540 322576 937670 62 20  3 15  0  0
259 192  99312 126895776 1605844 39771972    0    0 1738416 1184116 328722 863583 64 22  2 12  0  0
45 93  99312 126893028 1605844 39772056    0    0 1635504 1083076 311920 867176 58 20  2 20  0  0
102 84  99312 126922656 1605844 39772140    0    0 1627072 1113012 321190 915516 60 19  4 17  0  0
318 173  99312 126919168 1605844 39772236    0    0 1763376 1173160 333908 891500 65 22  1 12  0  0
47 113  99312 126921636 1605852 39772300    0    0 1799456 1187476 337490 875652 65 22  2 11  0  0
99 127  99312 126905512 1605852 39772404    0    0 1722288 1155668 333335 909617 62 22  2 14  0  0
62 144  99312 126901404 1605852 39772504    0    0 1668336 1113948 329143 932116 60 21  2 17  0  0
118 126  99312 126892844 1605852 39772568    0    0 1619360 1114040 313004 880440 60 20  3 17  0  0
82 75  99312 126890744 1605852 39772660    0    0 1735904 1156032 336762 931758 64 21  2 12  0  0
65 129  99312 126889408 1605860 39772776    0    0 1629008 1088448 322203 939682 58 20  2 20  0  0
230 49  99312 126875348 1605860 39772852    0    0 1623760 1101832 317183 922867 61 20  2 17  0  0
143 88  99312 126863272 1605860 39772948    0    0 1759360 1152516 333635 913631 65 22  2 12  0  0
228 128  99312 126891100 1605860 39772992    0    0 1787808 1195760 350956 869280 65 22  3 10  0  0
191 189  99312 126890916 1605864 39773084    0    0 1727552 1150932 335196 947376 62 22  2 14  0  0
255 178  99312 126891948 1605864 39773208    0    0 1649872 1128760 323712 927319 59 20  4 17  0  0
46 127  99312 126891652 1605864 39773272    0    0 1647936 1111880 319068 892740 61 19  4 16  0  0
287 103  99312 126876536 1605864 39773360    0    0 1781184 1184072 334784 879447 65 21  2 11  0  0
procs -----------memory---------- ---swap-- -----io---- -system-- -------cpu-------
 r  b   swpd   free   buff  cache   si   so    bi    bo   in   cs us sy id wa st gu
106 68  99312 126874508 1605864 39773448    0    0 1589920 1078628 315528 921569 57 20  2 21  0  0
179 130  99312 126874388 1605872 39773528    0    0 1640208 1087276 317484 885546 60 20  3 16  0  0
159 126  99312 126858660 1605872 39773624    0    0 1786720 1189304 336454 900698 66 23  2 10  0  0
302 51  99312 126858064 1605872 39773720    0    0 1794816 1177316 335397 888727 65 22  3 10  0  0
107 143  99312 126851884 1605872 39773776    0    0 1704240 1141660 326863 921669 62 21  2 15  0  0
106 128  99312 126861692 1605872 39773856    0    0 1639872 1092156 321208 897980 62 20  4 14  0  0
237 159  99312 126872272 1605880 39773984    0    0 1644016 1121008 319707 878348 60 20  3 17  0  0
157 197  99312 126866516 1605880 39774040    0    0 1754048 1166956 333706 867661 66 22  3  9  0  0
82 217  99312 126851616 1605880 39774160    0    0 1600832 1082056 322611 950457 58 20  3 19  0  0
304 83  99312 126861452 1605880 39774208    0    0 1598944 1104884 319065 935047 60 20  3 17  0  0
125 149  99312 126860488 1605880 39774332    0    0 1776848 1161648 333431 888270 66 22  1 10  0  0
108 173  99312 126853812 1605888 39774416    0    0 1785760 1184548 336613 909637 65 22  2 11  0  0
71 86  99312 126879924 1605888 39774536    0    0 1682784 1142816 333912 956479 60 20  3 18  0  0
194 122  99312 126890704 1605888 39774656    0    0 1622128 1117580 322237 901770 61 20  3 17  0  0
302 131  99312 126902540 1605888 39774740    0    0 1700288 1114600 320297 865116 62 21  2 15  0  0
142 118  99312 126885540 1605888 39774816    0    0 1790096 1171080 344999 949345 65 22  1 12  0  0
131 145  99312 126885552 1605892 39774916    0    0 1589088 1085768 324136 997479 57 20  3 21  0  0
78 135  99312 126868296 1605892 39775016    0    0 1647872 1088516 321025 913228 62 20  4 14  0  0
183 125  99312 126863964 1605892 39775080    0    0 1783248 1168188 337090 909100 67 22  1 10  0  0
103 126  99312 126861320 1605892 39775184    0    0 1798256 1186756 340820 892221 65 22  1 11  0  0
49 164  99312 126839288 1605892 39775252    0    0 1721200 1142028 331807 918996 62 21  1 15  0  0
procs -----------memory---------- ---swap-- -----io---- -system-- -------cpu-------
 r  b   swpd   free   buff  cache   si   so    bi    bo   in   cs us sy id wa st gu
55 244  99312 126845044 1605892 39775352    0    0 1616688 1098988 327853 1014704 58 20  2 20  0  0
368 41  99312 126869684 1605892 39775436    0    0 1675424 1144988 327028 916366 62 21  3 14  0  0
198 324  99312 126872316 1605892 39775524    0    0 1767600 1165640 333994 882284 64 22  2 12  0  0
72 128  99312 126882644 1605892 39775624    0    0 1646976 1065540 319248 905114 59 20  7 14  0  0
155 109  99312 126902968 1605892 39775696    0    0 1594320 1101140 322315 980666 60 19  4 17  0  0
165 164  99312 126901472 1605900 39775784    0    0 1777200 1207824 336605 901233 65 21  2 11  0  0
165 126  99312 126889444 1605900 39775884    0    0 1771936 1184392 337313 906493 64 22  3 11  0  0
202 198  99312 126888876 1605900 39775976    0    0 1709360 1155660 330127 950801 62 21  2 15  0  0
62 86  99312 126881392 1605904 39776052    0    0 1618288 1092884 319312 898447 58 20  3 19  0  0
353 92  99312 126869256 1605912 39776140    0    0 1662864 1127480 326446 887205 63 21  2 14  0  0
81 189  99312 126872852 1605920 39776236    0    0 1778208 1171524 334933 910425 66 22  1 11  0  0
77 213  99312 126869404 1605936 39776324    0    0 1603360 1093420 320923 911647 57 20  3 20  0  0
233 120  99312 126864196 1605936 39776416    0    0 1629056 1082548 316857 905458 61 20  2 16  0  0
144 89  99312 126870068 1605940 39776500    0    0 1825152 1194724 337131 866041 68 22  1  9  0  0
99 168  99312 126884012 1605944 39776588    0    0 1802224 1191492 337297 858558 66 23  1 10  0  0
147 201  99312 126869464 1605952 39776668    0    0 1744864 1160508 336964 908737 63 22  3 12  0  0
149 239  99312 126882448 1605960 39776756    0    0 1618928 1116960 323505 947033 58 20  3 19  0  0
241 69  99312 126885596 1605964 39776840    0    0 1673712 1116960 323687 882785 63 20  3 14  0  0
57 138  99312 126891852 1605972 39776944    0    0 1767136 1181204 337780 924189 65 20  2 12  0  0
118 158  99312 126896556 1605976 39777032    0    0 1604352 1078872 324293 998418 57 19  4 19  0  0
189 89  99312 126891756 1605980 39777124    0    0 1622128 1098692 318496 943659 60 20  3 17  0  0
procs -----------memory---------- ---swap-- -----io---- -system-- -------cpu-------
 r  b   swpd   free   buff  cache   si   so    bi    bo   in   cs us sy id wa st gu
181 155  99312 126888068 1605984 39777208    0    0 1801648 1202640 336570 872640 66 22  3  9  0  0
66 113  99312 126880452 1605988 39777292    0    0 1815968 1197192 339769 881472 67 23  1 10  0  0
124 284  99312 126878512 1605988 39777384    0    0 1727024 1177264 337459 943236 62 22  3 13  0  0
51 146  99312 126879408 1605988 39777476    0    0 1689472 1104288 330971 966088 62 21  4 13  0  0
173 212  99312 126863072 1605996 39777564    0    0 1667680 1120584 320236 939180 59 20  2 18  0  0
46 98  99312 126845404 1605996 39777644    0    0 1741888 1175920 331708 919475 64 22  2 13  0  0
40 191  99312 126874008 1605996 39777740    0    0 1605856 1062988 322523 966270 57 20  4 19  0  0
36 87  99312 126900276 1605996 39777832    0    0 1614176 1110972 314459 865864 60 19  6 15  0  0
334 96  99312 126896624 1605996 39777920    0    0 1809296 1184512 341909 872457 67 22  2  9  0  0
69 191  99312 126887348 1606000 39778004    0    0 1771792 1186324 339188 895246 64 22  1 12  0  0
92 288  99312 126897944 1606000 39778088    0    0 1718864 1157620 334664 991899 62 21  2 15  0  0
45 409  99312 126914624 1606000 39778168    0    0 1708832 1158448 330107 932292 62 20  2 16  0  0
19 85  99312 126892808 1606000 39778268    0    0 1638432 1096064 321723 930044 59 20  2 19  0  0
101 126  99312 126872968 1606000 39778352    0    0 1678992 1126000 321014 893866 63 21  3 13  0  0
34 119  99312 126856012 1606004 39778444    0    0 1610720 1078300 322932 943191 59 20  2 19  0  0
282 59  99312 126836692 1606004 39778536    0    0 1653792 1137024 318088 885271 63 21  2 15  0  0
95 190  99312 126846540 1606012 39778632    0    0 1827488 1207184 335305 844826 67 23  2  8  0  0
200 111  99312 126854380 1606012 39778736    0    0 1822800 1178752 343321 874944 67 23  1  9  0  0
109 92  99312 126876936 1606016 39778820    0    0 1676096 1149228 330657 938671 60 21  3 16  0  0
96 76  99312 126876392 1606020 39778916    0    0 1646320 1108572 318391 873509 62 20  2 15  0  0
63 58  99312 126886580 1606020 39778992    0    0 1683040 1140916 321790 897498 62 20  3 15  0  0
procs -----------memory---------- ---swap-- -----io---- -system-- -------cpu-------
 r  b   swpd   free   buff  cache   si   so    bi    bo   in   cs us sy id wa st gu
115 179  99312 126874168 1606020 39779080    0    0 1667232 1103776 326308 921204 59 21  3 17  0  0
84 121  99312 126863360 1606020 39779176    0    0 1571888 1075168 312910 917972 59 19  3 19  0  0
196 81  99312 126874260 1606020 39779264    0    0 1743504 1148940 332418 895021 64 21  3 12  0  0
278 133  99312 126896156 1606024 39779344    0    0 1785792 1204172 338037 919205 64 21  2 13  0  0
57 179  99312 126879652 1606024 39779428    0    0 1779120 1181848 331660 869661 64 22  2 11  0  0
68 126  99312 126881896 1606024 39779520    0    0 1680192 1115740 326023 910098 60 21  3 16  0  0
80 179  99312 126876204 1606024 39779608    0    0 1617984 1108308 318922 934215 60 20  3 17  0  0
161 121  99312 126882300 1606024 39779696    0    0 1708656 1125908 330255 900439 62 21  2 14  0  0
150 143  99312 126866036 1606032 39779788    0    0 1646704 1106724 333313 1002760 59 21  3 17  0  0
270 120  99312 126862760 1606032 39779940    0    0 1585664 1081244 311399 869727 59 19  3 19  0  0
167 87  99312 126866812 1606032 39780028    0    0 1749376 1164272 330735 857252 64 22  2 12  0  0
76 277  99312 126857480 1606032 39780116    0    0 1816672 1220696 343921 889829 67 23  1 10  0  0
138 79  99312 126864644 1606032 39780204    0    0 1791424 1179248 340703 927109 65 22  2 11  0  0
85 125  99312 126879556 1606040 39780292    0    0 1663984 1125372 326085 934320 59 21  5 15  0  0
78 214  99312 126882104 1606040 39780368    0    0 1672928 1108640 316116 864393 63 20  4 14  0  0
105 103  99312 126869848 1606040 39780460    0    0 1676400 1134712 322697 940497 62 20  2 16  0  0
24 87  99312 126879916 1606040 39780556    0    0 1648208 1112080 318378 886566 58 19  3 20  0  0
69 142  99312 126879128 1606040 39780648    0    0 1594448 1064224 311193 908829 60 19  2 19  0  0
66 181  99312 126878484 1606044 39780736    0    0 1703632 1171236 320764 846024 62 21  6 12  0  0
155 233  99312 126875700 1606044 39780816    0    0 1794672 1193696 334227 849971 64 22  3 11  0  0
228 88  99312 126866832 1606048 39780916    0    0 1778864 1153328 334820 886875 64 22  2 12  0  0
procs -----------memory---------- ---swap-- -----io---- -system-- -------cpu-------
 r  b   swpd   free   buff  cache   si   so    bi    bo   in   cs us sy id wa st gu
64 151  99312 126871980 1606048 39781000    0    0 1636064 1102928 329130 993718 59 20  3 18  0  0
62 156  99312 126860844 1606048 39781088    0    0 1670464 1120160 323563 897434 63 20  2 14  0  0
185 65  99312 126864596 1606052 39781172    0    0 1747024 1177560 332324 888706 64 22  2 12  0  0
56 185  99312 126854676 1606052 39781268    0    0 1658992 1109768 327405 935508 59 21  4 16  0  0
104 126  99312 126860348 1606052 39781364    0    0 1597232 1092036 313366 898659 60 19  3 18  0  0
81 226  99312 126852712 1606052 39781440    0    0 1739152 1166624 327266 866967 63 21  2 13  0  0
126 137  99312 126851964 1606052 39781528    0    0 1830640 1212720 337109 868253 66 23  1 10  0  0
64 104  99312 126841356 1606056 39781616    0    0 1781728 1188900 346375 953408 65 22  1 11  0  0
118 42  99312 126870252 1606056 39781704    0    0 1665600 1108552 330704 921652 60 20  3 17  0  0
266 85  99312 126891540 1606056 39781784    0    0 1638368 1110812 318222 885912 61 19  4 16  0  0
214 56  99312 126875476 1606056 39781868    0    0 1744720 1138452 330252 912252 63 21  1 14  0  0
74 390  99312 126871668 1606056 39781964    0    0 1626608 1110544 316052 923255 57 20  3 20  0  0
215 130  99312 126855240 1606060 39782060    0    0 1604624 1078008 314865 889212 61 20  2 17  0  0
169 206  99312 126845716 1606060 39782148    0    0 1762640 1166348 330186 888492 65 22  1 12  0  0
329 69  99312 126847056 1606060 39782236    0    0 1813856 1214932 341028 877194 66 23  2  9  0  0
57 63  99312 126850524 1606060 39782320    0    0 1813744 1175548 338823 884897 66 23  2 10  0  0
102 138  99312 126853768 1606060 39782412    0    0 1654928 1124364 334701 975588 60 21  3 17  0  0
354 75  99312 126853440 1606064 39782508    0    0 1669360 1126184 325191 949811 60 21  3 17  0  0
109 141  99312 126846112 1606064 39782596    0    0 1710928 1145340 327987 896283 65 21  2 13  0  0
62 156  99312 126843432 1606064 39782680    0    0 1657952 1108904 324266 896161 61 20  2 16  0  0
172 125  99312 126871708 1606064 39782760    0    0 1607520 1080016 317405 906484 59 20  4 17  0  0
procs -----------memory---------- ---swap-- -----io---- -system-- -------cpu-------
 r  b   swpd   free   buff  cache   si   so    bi    bo   in   cs us sy id wa st gu
159 150  99312 126865552 1606064 39782852    0    0 1728864 1159308 327862 856004 64 21  2 13  0  0
131 140  99312 126877244 1606068 39782932    0    0 1818080 1208568 341017 899772 66 21  2 11  0  0
171 138  99312 126863264 1606072 39783024    0    0 1797376 1207304 343257 923190 65 22  1 11  0  0
51 106  99312 126870376 1606072 39783104    0    0 1649968 1100812 327987 935221 59 21  3 17  0  0
87 144  99312 126867172 1606072 39783192    0    0 1656864 1102784 321478 868154 62 20  3 15  0  0
170 128  99312 126870252 1606072 39783284    0    0 1749008 1170924 330197 887135 63 22  2 13  0  0
80 105  99312 126860532 1606080 39783368    0    0 1622384 1126904 327112 949638 58 20  4 18  0  0
116 86  99312 126849328 1606080 39783456    0    0 1630464 1078632 317321 884672 61 20  4 15  0  0
298 40  99312 126850552 1606080 39783544    0    0 1740480 1165468 330016 890419 64 22  3 12  0  0
230 170  99312 126828992 1606080 39783628    0    0 1816144 1212740 349408 900873 66 23  2 10  0  0
86 109  99312 126839608 1606080 39783708    0    0 1809856 1173948 337692 867837 66 23  1 10  0  0
286 63  99312 126840532 1606084 39783796    0    0 1637328 1124172 326780 874522 58 21  5 16  0  0
80 304  99312 126825900 1606084 39783880    0    0 1640832 1090576 315895 867603 61 20  4 14  0  0
139 150  99312 126817276 1606084 39783984    0    0 1773152 1188392 344249 865180 66 23  1 10  0  0
40 154  99312 126816440 1606084 39784056    0    0 1646208 1099980 321099 905564 59 20  2 19  0  0
56 149  99312 126806560 1606084 39784140    0    0 1479280 1001600 307951 963918 55 17  3 26  0  0
239 221  99312 126807540 1606088 39784228    0    0 1540368 1067600 320585 957367 60 19  4 17  0  0
47 86  99312 126828404 1606088 39784324    0    0 1587312 1064836 317113 960215 58 19  3 20  0  0
126 280  99312 126840400 1606088 39784416    0    0 1596848 1077576 313947 881051 60 20  3 17  0  0
46 111  99312 126834396 1606088 39784500    0    0 1566384 1057516 313845 909825 56 19  4 20  0  0
101 68  99312 126817244 1606088 39784584    0    0 1585664 1070224 312903 879084 59 19  3 18  0  0
procs -----------memory---------- ---swap-- -----io---- -system-- -------cpu-------
 r  b   swpd   free   buff  cache   si   so    bi    bo   in   cs us sy id wa st gu
70 146  99312 126810900 1606096 39784688    0    0 1603344 1074676 316542 908224 59 20  3 19  0  0
77 92  99312 126818380 1606096 39784768    0    0 1566400 1066572 320512 952866 59 20  4 17  0  0
110 165  99312 126843612 1606096 39784856    0    0 1519888 1031976 308922 914137 55 19  4 23  0  0
47 34  99312 126824056 1606096 39784940    0    0 1500992 1027568 306469 931889 55 19  4 22  0  0
102 141  99312 126808640 1606096 39785020    0    0 1601824 1053056 313206 863803 61 19  3 16  0  0
61 157  99312 126812540 1606104 39785132    0    0 1577856 1086600 316871 922639 57 19  4 20  0  0
263 161  99312 126835376 1606104 39785280    0    0 1580864 1059968 318264 940652 60 19  2 20  0  0
156 280  99312 126817932 1606104 39785364    0    0 1545792 1051636 311218 918359 55 18  4 23  0  0
121 208  99312 126845148 1606104 39785444    0    0 1610000 1079040 309670 892753 60 19  4 17  0  0
138 150  99312 126825836 1606104 39785540    0    0 1617744 1074884 315237 896930 58 20  2 19  0  0
208 252  99312 126803204 1606112 39785628    0    0 1571984 1059444 305744 900123 58 19  3 20  0  0
52 146  99312 126807284 1606112 39785712    0    0 1554608 1040916 306900 921274 59 19  2 20  0  0
65 85  99312 126813052 1606112 39785804    0    0 1533712 1030792 310959 908422 58 19  3 19  0  0
87 166  99312 126812232 1606112 39785888    0    0 1583248 1064808 314269 897729 60 20  6 15  0  0
169 130  99312 126809132 1606112 39785976    0    0 1746016 1150716 339023 911877 64 22  2 13  0  0
82 142  99312 126819592 1606120 39786064    0    0 1691520 1146396 328922 946570 61 21  3 15  0  0
197 101  99312 126818188 1606120 39786152    0    0 1724624 1126860 325996 910640 65 21  2 12  0  0
59 90  99312 126806044 1606120 39786240    0    0 1714912 1173220 330501 925781 63 21  2 14  0  0
59 141  99312 126824304 1606120 39786328    0    0 1710288 1129600 331870 920423 61 22  4 13  0  0
36 62  99312 126832016 1606120 39786412    0    0 1586288 1056196 313147 942914 56 19  4 21  0  0
235 63  99312 126834768 1606124 39786500    0    0 1614544 1104796 316028 917538 59 19  4 18  0  0
procs -----------memory---------- ---swap-- -----io---- -system-- -------cpu-------
 r  b   swpd   free   buff  cache   si   so    bi    bo   in   cs us sy id wa st gu
165 208  99312 126839728 1606124 39786592    0    0 1731376 1149688 331499 936700 63 21  2 13  0  0
106 160  99312 126833128 1606128 39786672    0    0 1729712 1158288 334184 918159 63 22  2 13  0  0
90 122  99312 126826032 1606128 39786760    0    0 1725360 1138372 337040 944534 62 22  2 14  0  0
81 79  99312 126825800 1606128 39786848    0    0 1692848 1141728 326446 934205 62 21  2 16  0  0
372 48  99312 126831364 1606136 39786928    0    0 1738432 1157648 331652 902955 62 22  2 14  0  0
132 86  99312 126825580 1606136 39787012    0    0 1713232 1120340 328863 913918 62 22  1 15  0  0
87 112  99312 126817108 1606136 39787104    0    0 1593584 1085008 315828 923562 59 20  4 17  0  0
355 91  99312 126836956 1606136 39787196    0    0 1595104 1086840 316210 901416 56 19  6 19  0  0
29 43  99312 126834832 1606136 39787288    0    0 1679040 1144900 318255 846260 63 21  5 12  0  0
78 108  99312 126824200 1606140 39787376    0    0 1729696 1109192 324460 876623 62 21  3 14  0  0
110 329  99312 126817308 1606140 39787464    0    0 1678304 1166996 328390 918227 59 21  3 16  0  0
117 84  99312 126817772 1606140 39787556    0    0 1691600 1121096 323454 900655 63 21  3 13  0  0
93 141  99312 126824276 1606140 39787640    0    0 1733824 1144792 336643 979184 63 20  2 15  0  0
39 135  99312 126828912 1606140 39787720    0    0 1637152 1136956 331780 1019111 59 20  4 17  0  0
59 186  99312 126834052 1606148 39787812    0    0 1614208 1060672 313861 888513 61 20  2 16  0  0
70 95  99312 126829696 1606148 39787920    0    0 1614112 1095180 319214 960535 58 20  3 20  0  0
362 79  99312 126824124 1606148 39788004    0    0 1690224 1151996 322045 861679 63 20  3 14  0  0
64 131  99312 126821308 1606148 39788092    0    0 1755216 1119824 336238 893059 64 21  2 12  0  0
107 130  99312 126833908 1606148 39788180    0    0 1701824 1179172 332822 961714 60 21  2 16  0  0
119 168  99312 126842080 1606156 39788260    0    0 1724736 1111336 332792 938858 62 21  3 14  0  0
74 125  99312 126832912 1606156 39788352    0    0 1725904 1164988 329202 909815 62 21  2 15  0  0
procs -----------memory---------- ---swap-- -----io---- -system-- -------cpu-------
 r  b   swpd   free   buff  cache   si   so    bi    bo   in   cs us sy id wa st gu
36 134  99312 126831056 1606156 39788428    0    0 1658448 1093204 325326 962516 59 21  2 18  0  0
90 250  99312 126827100 1606156 39788516    0    0 1624400 1092168 319477 963814 60 20  3 17  0  0
47 84  99312 126829448 1606156 39788600    0    0 1686512 1118744 324145 911909 61 21  3 16  0  0
82 92  99312 126853292 1606164 39788700    0    0 1697040 1123180 324934 867899 61 21  3 15  0  0
123 259  99312 126875068 1606164 39788776    0    0 1714784 1165204 333895 977262 61 20  3 16  0  0
73 94  99312 126870292 1606164 39788864    0    0 1759264 1151528 335240 926762 63 21  3 12  0  0
288 148  99312 126855212 1606164 39788948    0    0 1669232 1133756 333115 974740 60 21  4 15  0  0
163 105  99312 126843224 1606164 39789040    0    0 1739904 1144128 333267 888520 66 21  2 11  0  0
191 103  99312 126845324 1606168 39789140    0    0 1616480 1101288 317640 948022 59 20  2 19  0  0
64 175  99312 126825312 1606168 39789232    0    0 1626464 1079152 322323 939182 62 20  3 15  0  0
54 130  99312 126824896 1606168 39789324    0    0 1673744 1123260 325172 936833 60 21  2 17  0  0
141 113  99312 126823896 1606168 39789404    0    0 1662256 1115652 324886 921108 62 20  2 15  0  0
248 183  99312 126808368 1606168 39789504    0    0 1702752 1132052 326569 946299 63 21  2 14  0  0
92 136  99312 126847180 1606172 39789604    0    0 1726768 1147776 334631 946062 63 22  2 13  0  0
84 110  99312 126831676 1606172 39789700    0    0 1697456 1123716 334346 941907 62 21  3 14  0  0
88 167  99312 126828964 1606172 39789784    0    0 1722128 1147612 327474 925680 62 21  2 15  0  0
137 87  99312 126838120 1606172 39789860    0    0 1636656 1085568 317978 922047 58 20  3 20  0  0
87 201  99312 126856140 1606172 39789944    0    0 1664800 1106012 315714 862818 62 20  3 15  0  0
80 123  99312 126862736 1606176 39790024    0    0 1653664 1116072 321934 928952 59 20  5 16  0  0
138 245  99312 126854248 1606176 39790104    0    0 1661888 1115564 328685 944440 59 20  3 18  0  0
107 98  99312 126844464 1606176 39790200    0    0 1705584 1154132 329218 878748 65 21  2 12  0  0
procs -----------memory---------- ---swap-- -----io---- -system-- -------cpu-------
 r  b   swpd   free   buff  cache   si   so    bi    bo   in   cs us sy id wa st gu
247 222  99312 126846016 1606176 39790292    0    0 1733040 1141744 331253 920217 63 21  2 14  0  0
111 164  99312 126837008 1606176 39790376    0    0 1653504 1113116 318228 905424 60 20  3 17  0  0
147 122  99312 126842420 1606180 39790464    0    0 1671792 1116436 321345 916533 64 20  3 13  0  0
51 100  99312 126836212 1606180 39790628    0    0 1629520 1086416 315764 908502 59 20  4 18  0  0
35 64  99312 126826336 1606180 39790720    0    0 1578544 1087776 304376 862358 59 19  3 19  0  0
122 86  99312 126820548 1606180 39790800    0    0 1667264 1109212 333139 939551 60 20  3 17  0  0
38 77  99312 126844672 1606180 39790888    0    0 1620464 1127388 321752 915116 58 20  3 20  0  0
108 193  99312 126848580 1606184 39790980    0    0 1687744 1118284 321164 868229 64 21  4 12  0  0
120 99  99312 126860924 1606184 39791072    0    0 1721008 1135764 329714 921357 62 21  2 14  0  0
159 200  99312 126852212 1606184 39791164    0    0 1655488 1136268 326286 947824 62 20  4 14  0  0
239 80  99312 126867248 1606184 39791240    0    0 1688928 1129360 333698 947971 61 20  4 15  0  0
145 104  99312 126865908 1606184 39791324    0    0 1646144 1090176 325371 973158 59 20  3 17  0  0
163 271  99312 126846152 1606184 39791420    0    0 1583936 1086964 314462 903408 60 19  4 17  0  0
71 138  99312 126829988 1606184 39791504    0    0 1752144 1159332 330589 892228 64 22  2 13  0  0
89 141  99312 126823292 1606184 39791600    0    0 1723248 1157008 330531 920139 62 22  2 14  0  0
145 124  99312 126824816 1606184 39791692    0    0 1783568 1173728 336979 917963 64 22  2 12  0  0
125 207  99312 126825572 1606184 39791772    0    0 1757632 1184472 338115 923650 64 22  2 12  0  0
235 197  99312 126844244 1606192 39791868    0    0 1730848 1165032 329983 887409 61 22  3 14  0  0
63 139  99312 126834364 1606192 39791956    0    0 1754752 1173800 333253 874909 63 22  2 12  0  0
84 120  99312 126846904 1606192 39792048    0    0 1634880 1094592 319669 906703 58 20  4 18  0  0
188 84  99312 126841384 1606192 39792128    0    0 1597120 1101020 314671 895749 60 19  5 16  0  0
procs -----------memory---------- ---swap-- -----io---- -system-- -------cpu-------
 r  b   swpd   free   buff  cache   si   so    bi    bo   in   cs us sy id wa st gu
159 119  99312 126832424 1606192 39792216    0    0 1783152 1180416 336457 889747 64 22  2 11  0  0
105 109  99312 126851360 1606196 39792308    0    0 1741264 1160024 334924 931705 63 22  2 13  0  0
332 74  99312 126863720 1606212 39792388    0    0 1765024 1226848 332911 936063 63 21  3 14  0  0
86 141  99312 126860692 1606212 39792476    0    0 1800160 1163948 342868 899849 65 22  2 11  0  0
102 184  99312 126842076 1606224 39792568    0    0 1732112 1175548 335394 916964 62 22  3 13  0  0
107 155  99312 126841800 1606224 39792660    0    0 1701936 1131732 333931 976987 62 21  2 15  0  0
244 131  99312 126847332 1606228 39792736    0    0 1622480 1119960 328778 1017791 58 20  3 19  0  0
129 174  99312 126831280 1606228 39792832    0    0 1677216 1110212 325720 874601 64 20  3 14  0  0
81 273  99312 126832728 1606228 39792924    0    0 1798784 1199512 338443 901329 66 22  3  8  0  0
47 90  99312 126843852 1606228 39793004    0    0 1741632 1164092 331404 879612 62 22  4 12  0  0
122 114  99312 126844480 1606228 39793088    0    0 1776400 1178844 337667 895672 65 22  2 11  0  0
48 161  99312 126849128 1606232 39793192    0    0 1740336 1170272 335025 952449 64 22  2 13  0  0
78 112  99312 126836196 1606232 39793276    0    0 1742480 1147252 333938 993037 63 22  1 14  0  0
175 76  99312 126819888 1606232 39793364    0    0 1592352 1080460 315321 968361 56 20  6 18  0  0
251 117  99312 126828740 1606232 39793460    0    0 1598080 1052548 315782 976815 60 20  3 18  0  0
58 153  99312 126832180 1606232 39793548    0    0 1726768 1155188 327184 936633 63 20  1 16  0  0
186 72  99312 126859668 1606240 39793620    0    0 1799872 1183428 336420 905160 65 21  1 12  0  0
128 135  99312 126859612 1606240 39793704    0    0 1757824 1161188 334406 909989 63 22  2 12  0  0
88 119  99312 126861696 1606240 39793792    0    0 1772864 1171892 334887 904097 64 22  2 11  0  0
251 130  99312 126849568 1606240 39793892    0    0 1734784 1155216 334365 952168 61 22  3 14  0  0
62 107  99312 126849260 1606240 39793972    0    0 1737648 1162876 331761 932831 63 21  2 14  0  0
procs -----------memory---------- ---swap-- -----io---- -system-- -------cpu-------
 r  b   swpd   free   buff  cache   si   so    bi    bo   in   cs us sy id wa st gu
52 65  99312 126829728 1606248 39794056    0    0 1572080 1075260 317402 962460 56 19  3 22  0  0
46 103  99312 126827196 1606248 39794148    0    0 1594384 1075360 317859 921422 60 20  2 19  0  0
129 157  99312 126820392 1606248 39794240    0    0 1728384 1171140 318961 807578 67 21  2 10  0  0
176 51  99312 126821464 1606248 39794332    0    0 1812768 1176456 338024 876726 66 23  2  9  0  0
234 120  99312 126827044 1606248 39794408    0    0 1746912 1169032 337376 898713 63 21  3 12  0  0
88 160  99312 126828800 1606252 39794496    0    0 1780992 1203560 336152 899046 65 22  2 11  0  0
67 173  99312 126835788 1606252 39794584    0    0 1736448 1160392 339343 939236 63 22  2 14  0  0
54 117  99312 126842256 1606252 39794672    0    0 1717280 1137344 327237 918062 61 21  2 15  0  0
101 110  99312 126852796 1606252 39794772    0    0 1581584 1066708 319308 1002024 56 18  3 23  0  0
179 74  99312 126858260 1606252 39794852    0    0 1613168 1067520 312251 901257 62 19  2 16  0  0
132 114  99312 126850888 1606256 39794944    0    0 1790944 1186584 339266 902716 65 22  2 11  0  0
71 135  99312 126822860 1606256 39795020    0    0 1803376 1213208 350299 887125 66 23  2  9  0  0
173 114  99312 126822456 1606256 39795112    0    0 1751872 1156008 335472 927224 63 22  2 13  0  0
151 119  99312 126829944 1606256 39795200    0    0 1761072 1193728 336956 907058 64 22  3 12  0  0
119 85  99312 126854816 1606256 39795280    0    0 1729376 1143428 334487 900783 62 22  4 12  0  0
98 114  99312 126848520 1606260 39795368    0    0 1700144 1142336 333751 972472 62 21  3 14  0  0
77 148  99312 126829268 1606260 39795456    0    0 1594128 1075796 319139 929556 59 20  3 19  0  0
73 136  99312 126846316 1606260 39795552    0    0 1598464 1072544 320834 972876 57 19  4 19  0  0
134 182  99312 126834532 1606260 39795636    0    0 1708736 1151688 323759 838353 64 21  4 12  0  0
150 107  99312 126825772 1606260 39795728    0    0 1788976 1195816 344153 942044 65 22  1 11  0  0
125 167  99312 126833656 1606268 39795824    0    0 1716032 1165904 331481 889629 62 21  3 14  0  0
procs -----------memory---------- ---swap-- -----io---- -system-- -------cpu-------
 r  b   swpd   free   buff  cache   si   so    bi    bo   in   cs us sy id wa st gu
102 182  99312 126840312 1606268 39796004    0    0 1792480 1178756 340216 935032 65 21  1 13  0  0
43 182  99312 126844512 1606268 39796072    0    0 1700736 1175384 322830 910259 61 20  2 17  0  0
123 328  99312 126857380 1606268 39796156    0    0 1701216 1096868 330471 951273 61 21  3 15  0  0
60 142  99312 126844524 1606268 39796240    0    0 1580864 1062284 314654 941676 59 19  3 19  0  0
278 63  99312 126837616 1606276 39796340    0    0 1603296 1101220 319257 928869 58 19  3 20  0  0
245 107  99312 126837068 1606276 39796420    0    0 1785408 1171384 333662 831509 69 22  1  8  0  0
78 231  99312 126838060 1606276 39796516    0    0 1780336 1194412 337707 910082 66 22  1 11  0  0
101 201  99312 126855448 1606276 39796612    0    0 1745520 1164984 336780 910874 63 22  3 12  0  0
160 108  99312 126853304 1606276 39796700    0    0 1789936 1205788 335413 883324 64 22  2 12  0  0
181 220  99312 126844928 1606276 39796784    0    0 1690432 1196596 324926 879293 61 21  3 15  0  0
72 258  99312 126850420 1606276 39796872    0    0 1726064 1065192 334140 952086 63 22  2 14  0  0
71 141  99312 126831656 1606276 39796968    0    0 1575472 1071008 312786 883950 59 19  4 18  0  0
90 206  99312 126804900 1606276 39797048    0    0 1666576 1120632 323731 883656 60 21  4 15  0  0
284 89  99312 126792416 1606276 39797144    0    0 1764496 1208096 336751 892438 63 22  2 13  0  0
53 181  99312 126791852 1606280 39797228    0    0 1800096 1197096 348526 911252 65 22  3 11  0  0
82 82  99312 126787936 1606280 39797324    0    0 1737488 1164152 340469 922276 63 22  2 13  0  0
128 154  99312 126798988 1606280 39797420    0    0 1788016 1195788 340206 872696 65 23  2 10  0  0
215 238  99312 126800284 1606280 39797508    0    0 1732000 1145456 333657 921004 62 21  4 13  0  0
252 197  99312 126815516 1606292 39797596    0    0 1609232 1090560 319343 961347 57 20  3 20  0  0
170 185  99312 126800536 1606300 39797676    0    0 1569904 1063780 310335 891764 60 20  3 18  0  0
106 93  99312 126798900 1606308 39797772    0    0 1724112 1157052 336593 939330 62 21  2 15  0  0
procs -----------memory---------- ---swap-- -----io---- -system-- -------cpu-------
 r  b   swpd   free   buff  cache   si   so    bi    bo   in   cs us sy id wa st gu
46 102  99312 126810948 1606308 39797852    0    0 1804080 1190024 340377 890062 65 23  4  9  0  0
69 233  99312 126786200 1606308 39797936    0    0 1790112 1190940 341842 904763 65 23  1 11  0  0
52 86  99312 126791756 1606308 39798016    0    0 1730128 1162688 334776 903537 62 21  2 15  0  0
132 240  99312 126808288 1606312 39798116    0    0 1752416 1171020 331838 911902 64 22  2 13  0  0
55 159  99312 126796340 1606312 39798204    0    0 1736928 1152152 331802 925584 63 21  3 14  0  0
67 134  99312 126814928 1606312 39798284    0    0 1585072 1056812 321042 993561 57 20  4 19  0  0
142 152  99312 126831976 1606312 39798360    0    0 1584384 1071960 316715 909705 59 18  3 20  0  0
121 70  99312 126811404 1606312 39798448    0    0 1739904 1168372 329013 860221 66 21  2 11  0  0
126 160  99312 126808196 1606328 39798532    0    0 1791168 1201740 336802 907497 65 23  1 11  0  0
48 202  99312 126803420 1606328 39798636    0    0 1772240 1177404 335052 898911 64 22  3 11  0  0
265 71  99312 126813508 1606332 39798708    0    0 1755952 1172276 336293 890236 63 22  3 12  0  0
60 112  99312 126798584 1606332 39798804    0    0 1727696 1173136 336141 931845 62 22  2 14  0  0
162 207  99312 126799336 1606332 39798904    0    0 1738704 1156044 337395 920368 63 22  2 13  0  0
293 105  99312 126788288 1606352 39798992    0    0 1569760 1077856 316947 938640 56 19  2 22  0  0
95 143  99312 126806320 1606352 39799088    0    0 1617984 1073312 315307 895038 61 20  2 17  0  0
98 129  99312 126796220 1606356 39799160    0    0 1806576 1184960 339353 881970 66 23  2 10  0  0
195 91  99312 126790116 1606356 39799248    0    0 1838048 1203652 346683 873385 67 23  1  9  0  0
83 115  99312 126796812 1606360 39799344    0    0 1776144 1189864 340688 912807 65 22  1 11  0  0
220 55  99312 126814992 1606364 39799452    0    0 1753744 1164536 331709 883126 63 22  2 12  0  0
84 102  99312 126804296 1606364 39799528    0    0 1724960 1157240 331532 927631 62 21  2 15  0  0
78 156  99312 126816496 1606364 39799604    0    0 1660976 1103116 330209 982631 59 19  4 18  0  0
procs -----------memory---------- ---swap-- -----io---- -system-- -------cpu-------
 r  b   swpd   free   buff  cache   si   so    bi    bo   in   cs us sy id wa st gu
57 127  99312 126808168 1606364 39799700    0    0 1597248 1085368 316387 906384 61 20  2 17  0  0
52 163  99312 126790888 1606364 39799784    0    0 1595024 1080076 314922 936850 57 20  3 20  0  0
342 121  99312 126780176 1606372 39799884    0    0 1767760 1163144 328385 857960 68 22  1 10  0  0
58 93  99312 126774128 1606372 39799968    0    0 1792992 1203540 341341 911295 66 23  1 11  0  0
75 171  99312 126792936 1606372 39800060    0    0 1772640 1160152 341018 914852 65 22  2 12  0  0
67 177  99312 126793264 1606372 39800144    0    0 1783824 1168108 337178 898603 65 22  2 12  0  0
78 87  99312 126811188 1606372 39800232    0    0 1712640 1167416 328401 901114 62 21  2 15  0  0
151 267  99312 126798892 1606376 39800320    0    0 1663760 1114856 327990 962983 61 21  2 16  0  0
51 73  99312 126799952 1606376 39800428    0    0 1560512 1063028 309049 946059 56 19  2 22  0  0
197 84  99312 126804852 1606376 39800516    0    0 1663648 1110172 317712 905676 63 20  2 14  0  0
38 89  99312 126813616 1606376 39800608    0    0 1787760 1199464 337366 911157 66 22  2 11  0  0
100 127  99312 126814800 1606376 39800680    0    0 1841696 1209508 347305 906740 67 23  1  9  0  0
74 175  99312 126833660 1606384 39800768    0    0 1770496 1175040 340976 965859 63 21  2 14  0  0
129 75  99312 126838688 1606384 39800856    0    0 1766496 1178276 332306 854596 63 21  3 13  0  0
67 92  99312 126831168 1606384 39800940    0    0 1558848 1052548 316421 958885 56 19  3 22  0  0
87 151  99312 126809468 1606384 39801024    0    0 1538816 1063852 300568 895911 57 18  4 21  0  0
102 187  99312 126804140 1606384 39801116    0    0 1546240 1040300 305557 904910 58 19  3 20  0  0
126 105  99312 126813572 1606392 39801208    0    0 1566784 1039256 305200 919770 57 19  4 20  0  0
111 85  99312 126820408 1606392 39801360    0    0 1529104 1061680 310982 909721 58 19  6 17  0  0
152 128  99312 126815844 1606392 39801452    0    0 1588736 1063536 317362 968462 57 19  4 19  0  0
41 115  99312 126812532 1606392 39801536    0    0 1564992 1099528 308921 896753 59 19  4 18  0  0
procs -----------memory---------- ---swap-- -----io---- -system-- -------cpu-------
 r  b   swpd   free   buff  cache   si   so    bi    bo   in   cs us sy id wa st gu
102 286  99312 126833148 1606392 39801624    0    0 1565280 1073744 321488 955389 55 19  5 20  0  0
119 166  99312 126828928 1606396 39801724    0    0 1574528 1053560 315584 919056 60 19  3 18  0  0
142 135  99312 126832180 1606396 39801800    0    0 1465888 1022544 309470 971846 52 18  6 24  0  0
71 174  99312 126812432 1606396 39801880    0    0 1525744 1030996 302549 867986 57 18  3 22  0  0
111 217  99312 126829468 1606396 39801964    0    0 1520976 1037696 314922 969632 57 17  4 22  0  0
33 108  99312 126827480 1606396 39802048    0    0 1555536 1051816 309150 940626 60 19  3 19  0  0
39 160  99312 126831956 1606404 39802148    0    0 1535408 1046800 310544 916899 58 19  4 19  0  0
20 69  99312 126830308 1606404 39802252    0    0 1556480 1079636 312484 927461 59 19  4 18  0  0
115 150  99312 126830364 1606404 39802324    0    0 1610368 1019588 320261 954560 57 20  4 19  0  0
62 166  99312 126810540 1606404 39802416    0    0 1545888 1065964 313836 919293 59 19  3 19  0  0
44 465  99312 126828328 1606408 39802504    0    0 1527200 1080748 304048 924503 58 19  4 19  0  0
257 192  99312 126817996 1606416 39802596    0    0 1499072 1001100 294281 838580 57 18  4 22  0  0
113 122  99312 126829156 1606416 39802676    0    0 1514560 1034264 299705 878050 57 18  3 21  0  0
82 263  99312 126828776 1606416 39802764    0    0 1569568 1028804 311017 929250 58 19  3 20  0  0
31 166  99312 126813396 1606416 39802844    0    0 1596624 1084648 307339 843130 61 19  3 17  0  0
61 374  99312 126814996 1606424 39802940    0    0 1677952 1149140 325990 915801 60 21  2 17  0  0
40 67  99312 126824612 1606428 39803028    0    0 1696896 1149488 321053 857242 64 20  4 12  0  0
93 319  99312 126831492 1606428 39803120    0    0 1731744 1134052 328797 945638 62 20  2 15  0  0
101  5  99312 126937648 1606428 39803200    0    0 1511888 1118264 738226 876070 58 26  6 10  0  0
