procs -----------memory---------- ---swap-- -----io---- -system-- -------cpu-------
 r  b   swpd   free   buff  cache   si   so    bi    bo   in   cs us sy id wa st gu
 4  3  99312 132357232 1601200 39555152    0    1 12055 15839 9007    2  2  0 98  0  0  0
 1  3  99312 132340628 1601212 39555268    0    0 166400 384676 114664 107035  2  1 95  3  0  0
157  1  99312 132249276 1601212 39555360    0    0 71728 238096 106470 75360 93  3  5  0  0  0
174  1  99312 132258924 1601212 39555456    0    0 58704 258204 212206 69715 97  2  1  0  0  0
126  1  99312 132247504 1601212 39555548    0    0 58112 232996 101360 69514 98  2  0  0  0  0
103  2  99312 132243312 1601212 39555608    0    0 49600 229700 101856 64793 98  2  0  0  0  0
144  0  99312 132225104 1601220 39555708    0    0 61648 266012 186099 69072 96  2  1  0  0  0
87  2  99312 132205088 1601220 39555776    0    0 37808 199504 104559 63465 98  2  0  0  0  0
159  0  99312 132187664 1601220 39555848    0    0 51248 217808 106607 68011 97  2  1  0  0  0
113  0  99312 132168640 1601224 39555948    0    0 49968 208136 114543 63704 97  2  1  0  0  0
140  1  99312 132154120 1601224 39556052    0    0 56624 211512 109979 57663 97  2  1  0  0  0
121  1  99312 132131144 1601228 39556120    0    0 55664 215548 111697 59234 97  2  1  0  0  0
122 22  99312 131515336 1601228 39556216    0    0 244448 498116 720096 322638 60 28 10  1  0  0
224 57  99312 131379480 1601228 39556300    0    0 1913888 813812 351627 894730 72 20  1  7  0  0
88 180  99312 131243124 1601228 39556368    0    0 2008272 785904 324990 978572 67 21  1 11  0  0
107 155  99312 131179520 1601228 39556500    0    0 2043168 754160 337232 1022292 65 22  1 13  0  0
196 91  99312 131150016 1601228 39556556    0    0 1902384 841220 317148 1021744 60 20  2 18  0  0
65 214  99312 131148372 1601228 39556668    0    0 1883456 889324 317942 1016405 62 20  1 16  0  0
66 212  99312 131152232 1601228 39556756    0    0 1803536 978052 308725 985597 59 18  3 20  0  0
66 104  99312 131134520 1601232 39556792    0    0 1654816 1042136 309654 1004466 56 18  3 23  0  0
18 76  99312 131151252 1601232 39556912    0    0 1545264 1070096 287879 908014 54 17  5 24  0  0
procs -----------memory---------- ---swap-- -----io---- -system-- -------cpu-------
 r  b   swpd   free   buff  cache   si   so    bi    bo   in   cs us sy id wa st gu
45 46  99312 131146812 1601232 39557004    0    0 1569696 963896 282790 917065 54 17  3 26  0  0
93 91  99312 131152128 1601232 39557080    0    0 1629792 975396 285631 906768 55 18  5 22  0  0
60 64  99312 131142608 1601232 39557172    0    0 1740960 970448 298991 979183 61 18  2 19  0  0
29 122  99312 131147024 1601240 39557296    0    0 1736576 984964 299061 983350 58 19  2 21  0  0
110 133  99312 131137180 1601240 39557368    0    0 1668880 954516 294385 992787 58 19  2 21  0  0
65 108  99312 131131696 1601244 39557460    0    0 1741632 949240 299558 946508 62 20  1 17  0  0
170 128  99312 131114184 1601244 39557528    0    0 1746288 1029920 304691 927412 62 20  2 15  0  0
210 60  99312 131110408 1601244 39557612    0    0 1859376 1053124 310517 907097 66 22  1 10  0  0
82 190  99312 131133748 1601244 39557704    0    0 1833808 1057440 316193 965368 63 22  1 13  0  0
127 121  99312 131155052 1601248 39557792    0    0 1630080 982708 297208 980630 57 18  2 22  0  0
86 127  99312 131146440 1601252 39557864    0    0 1769264 1046128 323820 981912 65 22  1 12  0  0
44 57  99312 131123988 1601256 39557968    0    0 1795232 1083328 324603 996555 64 22  2 13  0  0
92 172  99312 131121216 1601256 39558044    0    0 1845504 1104660 323731 934556 63 22  1 13  0  0
148 119  99312 131142224 1601256 39558164    0    0 1825840 1072236 319182 964341 63 22  3 11  0  0
68 84  99312 131136576 1601264 39558228    0    0 1781200 1077940 319092 966661 62 22  2 14  0  0
140 73  99312 131131500 1601272 39558296    0    0 1817328 1104824 334716 1005804 64 22  2 11  0  0
103 93  99312 131136312 1601272 39558412    0    0 1794880 1102732 321927 983470 63 22  2 13  0  0
54 224  99312 131147104 1601272 39558472    0    0 1716656 1036660 319441 1028913 60 21  3 17  0  0
86 192  99312 131132116 1601272 39558572    0    0 1605264 1002344 307885 997389 58 19  3 19  0  0
81 165  99312 131147628 1601272 39558668    0    0 1716048 1049328 308950 938274 63 20  2 15  0  0
69 155  99312 131135636 1601288 39558736    0    0 1749008 1089464 309972 949112 60 21  2 17  0  0
procs -----------memory---------- ---swap-- -----io---- -system-- -------cpu-------
 r  b   swpd   free   buff  cache   si   so    bi    bo   in   cs us sy id wa st gu
141 117  99312 131145696 1601288 39558864    0    0 1806880 1079456 321462 976491 63 22  2 13  0  0
163 95  99312 131152656 1601288 39558952    0    0 1752800 1088348 328550 1065852 62 20  2 16  0  0
53 59  99312 131143920 1601288 39559032    0    0 1773744 1120160 326113 991114 63 22  3 12  0  0
57 172  99312 131126352 1601292 39559116    0    0 1812768 1093224 315807 943794 63 22  2 14  0  0
98 83  99312 131131140 1601304 39559208    0    0 1746400 1075444 315515 983676 60 21  3 15  0  0
38 162  99312 131125356 1601304 39559300    0    0 1636624 1041564 308174 992683 59 20  3 18  0  0
90 162  99312 131121200 1601304 39559372    0    0 1601232 1030376 301339 917618 61 19  3 17  0  0
45 137  99312 131112756 1601304 39559524    0    0 1798256 1089008 317906 915386 66 22  1 11  0  0
65 121  99312 131121496 1601304 39559588    0    0 1756880 1096344 327387 999151 62 22  2 14  0  0
115 105  99312 131117456 1601316 39559676    0    0 1703632 1074804 326045 1055936 60 21  3 16  0  0
139 134  99312 131131764 1601316 39559784    0    0 1724752 1095712 325292 994441 63 21  2 13  0  0
90 134  99312 131109656 1601316 39559892    0    0 1789056 1081320 325383 948411 66 22  2 10  0  0
78 193  99312 131123964 1601316 39559932    0    0 1753776 1096296 314862 971561 61 21  2 15  0  0
76 198  99312 131128396 1601316 39560004    0    0 1549616 998692 305549 978423 56 18  4 23  0  0
119 143  99312 131104912 1601324 39560176    0    0 1667760 1035336 301357 895097 61 19  2 17  0  0
90 168  99312 131112848 1601324 39560280    0    0 1700144 1112780 318494 963678 63 21  3 14  0  0
167 82  99312 131096280 1601324 39560404    0    0 1767392 1105796 318619 946765 64 22  2 12  0  0
62 165  99312 131108280 1601324 39560516    0    0 1727024 1117864 322787 957946 63 21  2 13  0  0
104 140  99312 131094668 1601324 39560632    0    0 1743664 1098780 318847 961658 64 22  2 13  0  0
73 102  99312 131083612 1601328 39560688    0    0 1768464 1122396 321291 917325 66 22  2 11  0  0
110 170  99312 131084568 1601328 39560808    0    0 1766112 1127852 322487 977590 61 22  3 14  0  0
procs -----------memory---------- ---swap-- -----io---- -system-- -------cpu-------
 r  b   swpd   free   buff  cache   si   so    bi    bo   in   cs us sy id wa st gu
65 108  99312 131104356 1601328 39560876    0    0 1747584 1056348 313816 948024 61 21  2 16  0  0
90 121  99312 131120796 1601332 39560984    0    0 1622080 1023148 311057 983950 59 20  3 19  0  0
167 71  99312 131114676 1601332 39561064    0    0 1668320 1053172 317413 987661 61 20  3 15  0  0
163 122  99312 131106032 1601340 39561152    0    0 1737440 1116208 324242 1015439 60 21  3 15  0  0
157 101  99312 131089096 1601340 39561272    0    0 1819744 1093548 317062 948897 63 22  2 14  0  0
86 172  99312 131117872 1601340 39561364    0    0 1717136 1113980 320459 975514 59 21  3 17  0  0
162 122  99312 131120660 1601340 39561452    0    0 1737584 1124860 322443 994417 62 20  2 15  0  0
129 99  99312 131118360 1601340 39561520    0    0 1796416 1104252 312546 893873 65 21  2 12  0  0
158 120  99312 131117568 1601348 39561608    0    0 1733136 1082952 317631 953832 60 21  2 16  0  0
92 139  99312 131115288 1601348 39561700    0    0 1617456 1032672 310743 992051 58 20  4 18  0  0
111 151  99312 131110956 1601360 39561788    0    0 1637216 1050656 317222 1015677 60 20  4 16  0  0
153 120  99312 131106776 1601360 39561896    0    0 1783520 1105364 326989 970019 63 22  3 13  0  0
176 97  99312 131118980 1601360 39561952    0    0 1878752 1191008 333767 952141 66 23  1 10  0  0
113 154  99312 131101312 1601364 39562064    0    0 1857392 1160576 324314 902901 64 23  2 11  0  0
159 48  99312 131068684 1601364 39562188    0    0 1876592 1142620 328655 937283 66 23  1 10  0  0
176 99  99312 131065864 1601364 39562264    0    0 1882960 1181896 331921 942172 66 23  1 10  0  0
79 170  99312 131086840 1601368 39562344    0    0 1803600 1172048 325061 955367 62 22  3 12  0  0
188 101  99312 131088080 1601368 39562412    0    0 1706032 1047644 313918 975930 63 20  2 15  0  0
53 205  99312 131119740 1601384 39562496    0    0 1585104 1028024 302474 949236 57 19  6 19  0  0
160 108  99312 131127536 1601384 39562604    0    0 1820304 1136612 323133 931909 65 21  2 12  0  0
215 80  99312 131127412 1601384 39562672    0    0 1860896 1165792 323324 903591 67 23  1  9  0  0
procs -----------memory---------- ---swap-- -----io---- -system-- -------cpu-------
 r  b   swpd   free   buff  cache   si   so    bi    bo   in   cs us sy id wa st gu
152 109  99312 131099716 1601384 39562764    0    0 1847040 1158740 330345 908121 64 23  3  9  0  0
65 116  99312 131099024 1601384 39562872    0    0 1843024 1143772 332132 968763 65 23  1 11  0  0
93 154  99312 131088724 1601392 39562936    0    0 1869040 1160860 329147 949934 65 23  2 10  0  0
82 193  99312 131074720 1601392 39563052    0    0 1757984 1111440 320290 945367 61 22  2 15  0  0
81 162  99312 131076352 1601392 39563136    0    0 1674176 1070516 313831 994285 60 20  3 17  0  0
49 118  99312 131088480 1601392 39563200    0    0 1622000 1037956 314199 1004216 59 20  3 18  0  0
200 78  99312 131093724 1601392 39563324    0    0 1849552 1149612 330832 955431 65 23  1 11  0  0
169 104  99312 131085152 1601400 39563424    0    0 1881840 1153160 332588 931077 67 23  1  9  0  0
144 102  99312 131079212 1601400 39563480    0    0 1847584 1172496 328106 933992 65 23  1 11  0  0
54 194  99312 131080280 1601404 39563580    0    0 1848384 1144888 332269 967279 66 23  1 10  0  0
96 159  99312 131091860 1601416 39563652    0    0 1858960 1189300 332412 934247 65 23  1 10  0  0
98 108  99312 131096060 1601416 39563752    0    0 1823904 1116768 330588 977749 63 21  2 14  0  0
132 151  99312 131104620 1601428 39563852    0    0 1634256 1057040 321929 1012440 59 19  3 18  0  0
156 80  99312 131098936 1601428 39563940    0    0 1631440 1057508 317590 986796 61 20  2 17  0  0
85 106  99312 131096860 1601428 39564036    0    0 1856912 1116396 326500 921613 65 23  1 10  0  0
44 221  99312 131105076 1601428 39564140    0    0 1859216 1160040 329081 958443 65 23  2 10  0  0
149 126  99312 131095616 1601428 39564180    0    0 1838816 1153128 328429 940591 64 23  2 11  0  0
182 96  99312 131097344 1601432 39564268    0    0 1822368 1143996 327074 931847 63 23  2 13  0  0
56 118  99312 131075764 1601432 39564404    0    0 1866384 1176152 338091 958982 66 23  1 10  0  0
82 157  99312 131075512 1601432 39564460    0    0 1783568 1138180 326353 1009787 63 22  2 13  0  0
104 87  99312 131100236 1601432 39564564    0    0 1625744 1046204 318973 1056227 57 20  5 18  0  0
procs -----------memory---------- ---swap-- -----io---- -system-- -------cpu-------
 r  b   swpd   free   buff  cache   si   so    bi    bo   in   cs us sy id wa st gu
75 194  99312 131090540 1601436 39564648    0    0 1636672 1067256 314975 992099 59 20  3 18  0  0
105 163  99312 131068604 1601444 39564728    0    0 1825456 1129316 322248 912060 67 22  1 10  0  0
82 199  99312 131057548 1601444 39564832    0    0 1868208 1164176 328629 928420 65 23  1 10  0  0
74 201  99312 131070112 1601444 39564912    0    0 1852080 1181076 329514 955595 64 21  2 12  0  0
70 164  99312 131058932 1601444 39564996    0    0 1851008 1138852 329444 937937 65 23  2 11  0  0
113 86  99312 131065692 1601444 39565092    0    0 1864048 1168044 331766 940607 65 23  2 10  0  0
66 76  99312 131054936 1601456 39565152    0    0 1765920 1140692 326610 973827 62 22  2 14  0  0
92 97  99312 131066200 1601456 39565260    0    0 1625056 1036408 308222 986482 59 19  4 18  0  0
94 193  99312 131062620 1601456 39565348    0    0 1710688 1093296 317344 981602 62 21  2 15  0  0
90 161  99312 131054952 1601456 39565408    0    0 1802080 1124268 326026 975173 63 22  2 12  0  0
217 44  99312 131061572 1601456 39565512    0    0 1858640 1173712 328308 933924 64 23  2 11  0  0
198 92  99312 131059632 1601468 39565684    0    0 1869824 1154900 327901 932972 65 23  1 10  0  0
61 92  99312 131070420 1601468 39565740    0    0 1684672 1062152 308888 956971 58 20  4 18  0  0
96 182  99312 131077376 1601468 39565864    0    0 1715296 1131552 310818 964452 62 20  2 15  0  0
106 131  99312 131070568 1601468 39565948    0    0 1812720 1112404 321357 928280 66 22  1 11  0  0
60 204  99312 131074536 1601468 39566040    0    0 1634384 1077816 318159 1028557 57 19  4 20  0  0
139 121  99312 131101824 1601476 39566136    0    0 1658736 1068640 311739 982933 59 18  4 18  0  0
179 95  99312 131097652 1601476 39566184    0    0 1786784 1107300 313763 890667 64 21  2 13  0  0
157 108  99312 131070560 1601476 39566280    0    0 1858672 1145512 331366 943036 65 23  1 11  0  0
83 169  99312 131079992 1601476 39566372    0    0 1859120 1172436 329350 953448 64 23  2 11  0  0
80 159  99312 131079848 1601476 39566436    0    0 1787136 1123768 326208 967647 62 22  2 13  0  0
procs -----------memory---------- ---swap-- -----io---- -system-- -------cpu-------
 r  b   swpd   free   buff  cache   si   so    bi    bo   in   cs us sy id wa st gu
41 158  99312 131067912 1601488 39566516    0    0 1643168 1059888 312396 984357 61 20  2 17  0  0
107 95  99312 131075200 1601488 39566664    0    0 1667328 1063268 311004 961141 61 20  2 17  0  0
113 70  99312 131066952 1601488 39566712    0    0 1637504 1040932 312820 1007426 60 20  3 18  0  0
44 212  99312 131067588 1601488 39566840    0    0 1661984 1098064 318002 999037 61 20  2 16  0  0
101 108  99312 131060920 1601488 39566936    0    0 1797440 1081760 315750 930539 65 22  1 12  0  0
188 72  99312 131058996 1601496 39566984    0    0 1812800 1140824 323119 919860 66 22  1 10  0  0
95 106  99312 131044200 1601496 39567092    0    0 1857168 1152876 331722 936170 65 23  1 10  0  0
78 195  99312 131058896 1601496 39567176    0    0 1786944 1140344 322461 969172 62 22  3 14  0  0
96 158  99312 131079692 1601496 39567268    0    0 1704560 1050768 311855 1001937 58 20  5 17  0  0
37 221  99312 131078992 1601496 39567356    0    0 1700480 1078896 320922 999539 62 21  2 15  0  0
27 218  99312 131078596 1601508 39567452    0    0 1630304 1070484 310111 965372 59 20  3 17  0  0
190 67  99312 131074780 1601516 39567552    0    0 1626768 1046628 313575 996745 59 19  3 18  0  0
31 203  99312 131081180 1601520 39567632    0    0 1759040 1119980 317953 939586 63 22  3 12  0  0
69 195  99312 131063144 1601540 39567712    0    0 1801728 1134428 318958 917700 62 22  3 13  0  0
153 111  99312 131067776 1601540 39567808    0    0 1872400 1151112 323505 900019 64 23  2 11  0  0
140 99  99312 131060656 1601544 39567904    0    0 1807936 1148416 331570 1003983 64 22  2 12  0  0
44 223  99312 131078836 1601544 39567980    0    0 1611584 1099312 313221 979298 56 19  5 20  0  0
134 133  99312 131087224 1601544 39568076    0    0 1683760 1052572 299540 924462 60 20  4 16  0  0
101 163  99312 131088488 1601544 39568160    0    0 1695120 1042908 313658 952323 61 20  2 16  0  0
64 182  99312 131066300 1601544 39568256    0    0 1659088 1076268 319050 1016501 61 20  3 16  0  0
145 122  99312 131064804 1601548 39568352    0    0 1664592 1081072 317465 1005131 60 20  4 17  0  0
procs -----------memory---------- ---swap-- -----io---- -system-- -------cpu-------
 r  b   swpd   free   buff  cache   si   so    bi    bo   in   cs us sy id wa st gu
54 187  99312 131084388 1601548 39568432    0    0 1791232 1128132 326761 991691 62 21  2 14  0  0
156 131  99312 131077192 1601548 39568516    0    0 1875168 1157220 328638 932364 66 23  1 10  0  0
86 145  99312 131045648 1601548 39568600    0    0 1864880 1164952 329887 934274 65 23  2 11  0  0
63 198  99312 131029168 1601552 39568672    0    0 1752032 1121860 321234 942839 61 22  2 15  0  0
37 198  99312 131037712 1601552 39568788    0    0 1677776 1069728 315320 982441 63 21  2 15  0  0
36 212  99312 131029564 1601552 39568876    0    0 1669440 1083584 309586 954850 61 20  2 17  0  0
136 133  99312 131030848 1601552 39568948    0    0 1672384 1037232 301309 941556 60 20  2 18  0  0
71 152  99312 131049988 1601552 39569048    0    0 1691856 1047904 310986 948172 61 20  3 15  0  0
66 182  99312 131073204 1601552 39569116    0    0 1783824 1134736 321373 923461 62 22  2 14  0  0
176 81  99312 131058804 1601560 39569236    0    0 1846208 1180236 325207 924876 64 23  2 11  0  0
55 177  99312 131044792 1601564 39569312    0    0 1882816 1149660 329066 928187 65 23  1 10  0  0
48 186  99312 131041676 1601564 39569384    0    0 1767504 1133952 324271 968047 62 22  2 14  0  0
90 164  99312 131056360 1601564 39569468    0    0 1632384 1066444 318303 1035274 59 19  4 17  0  0
88 185  99312 131068200 1601576 39569564    0    0 1672128 1098964 313005 979006 60 19  3 18  0  0
136 81  99312 131066148 1601576 39569656    0    0 1692272 1057564 307646 958968 61 20  3 16  0  0
152 61  99312 131075800 1601576 39569744    0    0 1645040 1033132 312819 956459 60 20  3 18  0  0
74 207  99312 131061228 1601584 39569828    0    0 1758000 1169288 318263 929758 64 21  3 12  0  0
121 126  99312 131033996 1601584 39569932    0    0 1837648 1111524 321612 908884 66 23  1 10  0  0
120 139  99312 131046656 1601596 39570020    0    0 1861200 1161992 331863 958161 65 23  2 11  0  0
65 160  99312 131050120 1601596 39570108    0    0 1802144 1126716 324144 948009 63 22  2 13  0  0
175 90  99312 131057616 1601596 39570184    0    0 1664784 1086900 313678 991381 61 20  2 16  0  0
procs -----------memory---------- ---swap-- -----io---- -system-- -------cpu-------
 r  b   swpd   free   buff  cache   si   so    bi    bo   in   cs us sy id wa st gu
145 130  99312 131054488 1601596 39570268    0    0 1696320 1071888 317196 977721 61 21  3 15  0  0
121 85  99312 131059128 1601596 39570384    0    0 1558288 1023672 308856 1032534 57 19  4 20  0  0
28 228  99312 131066620 1601608 39570480    0    0 1794432 1139424 317770 926195 64 22  2 13  0  0
110 144  99312 131057696 1601608 39570568    0    0 1787520 1117328 323472 952131 63 22  2 14  0  0
185 75  99312 131073524 1601608 39570648    0    0 1759760 1147636 325600 990785 61 21  3 15  0  0
172 78  99312 131062092 1601608 39570724    0    0 1857648 1160444 334434 984278 65 22  2 11  0  0
185 88  99312 131050924 1601608 39570820    0    0 1827472 1180900 323690 923185 64 23  2 11  0  0
56 128  99312 131060932 1601620 39570900    0    0 1591840 992800 308843 997880 55 19  4 22  0  0
111 152  99312 131049792 1601620 39571056    0    0 1739024 1152232 325169 1002639 63 22  2 14  0  0
43 194  99312 131039764 1601620 39571148    0    0 1691600 1049176 313251 987989 61 21  3 15  0  0
96 57  99312 131054032 1601620 39571232    0    0 1684272 1098584 319098 1019854 62 21  3 15  0  0
36 215  99312 131045864 1601620 39571324    0    0 1722592 1064276 310787 953863 62 21  2 15  0  0
76 204  99312 131024064 1601632 39571412    0    0 1787792 1124192 324218 967891 62 22  2 13  0  0
126 144  99312 131029040 1601632 39571488    0    0 1836000 1178848 323479 910793 64 22  2 11  0  0
95 122  99312 131040068 1601632 39571580    0    0 1890864 1132240 327007 920257 66 23  1 10  0  0
78 112  99312 131028304 1601632 39571668    0    0 1708944 1106508 321945 968975 60 21  3 16  0  0
148 133  99312 131048256 1601632 39571752    0    0 1630464 1110604 315081 1015545 59 20  4 17  0  0
35 117  99312 131054560 1601640 39571864    0    0 1680048 1037588 303665 951591 59 19  3 19  0  0
48 223  99312 131068660 1601640 39571920    0    0 1698464 1058672 308318 969761 61 20  2 17  0  0
112 155  99312 131044324 1601640 39572024    0    0 1700304 1094856 314469 949414 61 21  3 16  0  0
65 210  99312 131035152 1601640 39572116    0    0 1764912 1131988 321777 954562 61 22  3 14  0  0
procs -----------memory---------- ---swap-- -----io---- -system-- -------cpu-------
 r  b   swpd   free   buff  cache   si   so    bi    bo   in   cs us sy id wa st gu
75 191  99312 131023888 1601640 39572200    0    0 1846448 1156112 324863 927748 64 23  1 12  0  0
49 172  99312 131031740 1601648 39572296    0    0 1864048 1162196 331600 947531 65 23  1 10  0  0
107 146  99312 131038400 1601648 39572376    0    0 1773200 1132000 328311 991186 63 22  2 14  0  0
76 136  99312 131046668 1601648 39572456    0    0 1681072 1084780 321187 1013443 60 20  2 18  0  0
89 178  99312 131053916 1601648 39572540    0    0 1686208 1076924 313708 969179 59 21  4 16  0  0
141 140  99312 131026636 1601648 39572624    0    0 1653744 1045380 301484 935917 60 20  3 17  0  0
156 112  99312 131036292 1601660 39572716    0    0 1725360 1061936 306411 910932 62 20  2 16  0  0
156 93  99312 131036108 1601660 39572816    0    0 1790832 1151984 343996 1001957 63 22  2 13  0  0
85 162  99312 131038404 1601660 39572916    0    0 1810528 1155112 329619 983870 64 22  2 12  0  0
178 107  99312 131040536 1601664 39572988    0    0 1876288 1150532 328826 939635 65 22  1 11  0  0
82 113  99312 131050480 1601664 39573088    0    0 1860816 1160464 333684 972122 65 22  2 12  0  0
54 50  99312 131053040 1601664 39573176    0    0 1645232 1089348 313240 1004629 57 20  4 19  0  0
146 102  99312 131052604 1601664 39573272    0    0 1675728 1040384 307712 961451 60 20  2 17  0  0
55 109  99312 131040300 1601664 39573352    0    0 1703520 1069180 323359 1019351 62 21  2 15  0  0
66 144  99312 131018704 1601664 39573436    0    0 1653472 1081832 320285 1037973 61 20  2 17  0  0
138 127  99312 131011968 1601664 39573528    0    0 1823680 1111360 324262 955651 66 22  1 10  0  0
102 166  99312 131009240 1601672 39573616    0    0 1780288 1134968 328157 978535 62 22  2 14  0  0
149 100  99312 131028160 1601672 39573712    0    0 1852464 1179736 324475 906041 64 23  2 12  0  0
157 123  99312 131014072 1601672 39573796    0    0 1852736 1140592 325602 940403 65 23  1 11  0  0
83 178  99312 131016060 1601672 39573888    0    0 1718800 1089664 320479 1022511 61 21  2 16  0  0
77 189  99312 131005424 1601672 39573964    0    0 1644800 1062708 317263 1040041 61 20  2 17  0  0
procs -----------memory---------- ---swap-- -----io---- -system-- -------cpu-------
 r  b   swpd   free   buff  cache   si   so    bi    bo   in   cs us sy id wa st gu
126 116  99312 131026340 1601680 39574052    0    0 1711264 1070644 313428 954386 61 20  3 16  0  0
48 231  99312 131040184 1601680 39574148    0    0 1702224 1071212 324682 1034548 59 19  3 18  0  0
124 103  99312 131038436 1601684 39574220    0    0 1675664 1101820 315855 991128 61 20  3 16  0  0
76 108  99312 131040520 1601684 39574312    0    0 1801536 1106280 322953 938766 65 22  2 12  0  0
29 170  99312 131040424 1601684 39574400    0    0 1818256 1161472 331515 986054 64 22  1 12  0  0
105 171  99312 131014940 1601688 39574512    0    0 1849536 1166312 325098 922121 64 23  2 12  0  0
102 178  99312 131003716 1601688 39574596    0    0 1750272 1106844 320860 951290 61 22  2 16  0  0
145 129  99312 131020572 1601688 39574676    0    0 1650512 1065508 309209 985251 60 20  4 17  0  0
83 66  99312 131023992 1601688 39574764    0    0 1653168 1073036 317553 988530 60 20  4 16  0  0
113 145  99312 131034776 1601688 39574844    0    0 1691808 1057040 307903 949344 61 20  2 16  0  0
155 84  99312 131043076 1601700 39574940    0    0 1729200 1096352 315816 948267 62 21  2 15  0  0
78 172  99312 131030900 1601700 39575040    0    0 1776976 1147888 324220 961703 63 22  2 14  0  0
112 166  99312 131019076 1601700 39575128    0    0 1827696 1170088 326145 941843 64 22  2 12  0  0
195 74  99312 131021548 1601700 39575212    0    0 1866560 1170536 321456 896711 64 23  2 11  0  0
99 121  99312 131030044 1601700 39575292    0    0 1807936 1117872 330108 986329 63 21  2 14  0  0
151 112  99312 131052552 1601712 39575376    0    0 1634992 1098484 319187 1051271 57 19  4 20  0  0
153 134  99312 131045376 1601712 39575484    0    0 1645120 1068328 310489 987153 60 20  3 18  0  0
48 92  99312 131040316 1601712 39575560    0    0 1680752 1064472 309539 964817 60 20  3 17  0  0
28 69  99312 131022856 1601712 39575644    0    0 1713120 1088868 322752 977545 63 21  2 14  0  0
95 174  99312 131017892 1601712 39575728    0    0 1794224 1149520 314609 914655 63 22  2 13  0  0
138 103  99312 131006632 1601716 39575832    0    0 1809248 1125756 323376 959712 63 22  3 12  0  0
procs -----------memory---------- ---swap-- -----io---- -system-- -------cpu-------
 r  b   swpd   free   buff  cache   si   so    bi    bo   in   cs us sy id wa st gu
117 117  99312 131025904 1601716 39575920    0    0 1883680 1160032 326368 930006 65 23  1 10  0  0
63 215  99312 131028636 1601716 39576012    0    0 1827536 1163132 330659 967018 64 22  2 12  0  0
95 172  99312 131018060 1601716 39576100    0    0 1621616 1073212 311898 1025209 57 20  5 19  0  0
36 175  99312 131012900 1601716 39576188    0    0 1640640 1058760 306219 967057 60 19  3 18  0  0
53 155  99312 131005568 1601728 39576276    0    0 1680560 1066644 321687 1021672 61 21  2 16  0  0
220 64  99312 131006748 1601728 39576428    0    0 1712448 1114620 317598 989678 63 20  2 14  0  0
25 238  99312 131015528 1601728 39576512    0    0 1803520 1138480 319469 950840 65 21  1 13  0  0
165 109  99312 131023460 1601728 39576584    0    0 1773264 1128808 314437 923777 61 21  3 15  0  0
79 189  99312 131038400 1601728 39576668    0    0 1887488 1150188 325518 924414 65 23  1 10  0  0
153 43  99312 131038180 1601732 39576768    0    0 1802720 1160936 326667 948207 63 22  2 13  0  0
111 116  99312 131008720 1601732 39576852    0    0 1696288 1069476 323670 1032901 59 21  3 17  0  0
36 143  99312 130977888 1601732 39576952    0    0 1636032 1055860 304024 969072 60 19  3 18  0  0
102 135  99312 131003708 1601732 39577044    0    0 1651280 1058236 317145 1028411 60 20  3 17  0  0
80 200  99312 131011884 1601732 39577140    0    0 1713376 1101388 309714 926719 62 20  3 15  0  0
28 216  99312 131038468 1601732 39577220    0    0 1571056 1027776 296892 939733 55 18  6 21  0  0
91 182  99312 131026984 1601732 39577304    0    0 1599152 1044776 290344 927518 57 19  5 20  0  0
129 111  99312 131021328 1601732 39577396    0    0 1626832 1022704 293904 904109 57 19  3 21  0  0
118 149  99312 131044816 1601732 39577492    0    0 1625920 1056640 315021 1025574 59 20  4 17  0  0
90 136  99312 131029416 1601732 39577584    0    0 1570608 1007956 297285 965119 56 18  4 23  0  0
77 169  99312 131030500 1601736 39577664    0    0 1589392 1026048 306028 970723 58 18  3 21  0  0
80 191  99312 131021636 1601736 39577756    0    0 1548400 1050920 299872 971973 58 19  3 20  0  0
procs -----------memory---------- ---swap-- -----io---- -system-- -------cpu-------
 r  b   swpd   free   buff  cache   si   so    bi    bo   in   cs us sy id wa st gu
106 153  99312 131011240 1601736 39577844    0    0 1666992 1004720 296776 913658 61 20  2 17  0  0
61 165  99312 131007824 1601736 39577940    0    0 1637520 1030704 317447 1024408 59 20  3 18  0  0
139 125  99312 131041628 1601736 39578028    0    0 1478336 1006584 299781 995717 54 18  5 23  0  0
85 148  99312 131034684 1601748 39578120    0    0 1600464 1005960 293819 938203 60 19  3 18  0  0
37 211  99312 131016824 1601748 39578192    0    0 1611312 1034452 301620 966736 57 19  4 20  0  0
52 205  99312 131016992 1601748 39578304    0    0 1621152 1032168 298416 947312 59 19  3 19  0  0
114 93  99312 131007268 1601748 39578388    0    0 1543984 992172 293504 927095 57 18  4 20  0  0
95 130  99312 131001604 1601748 39578472    0    0 1566016 1005896 298250 925820 58 19  3 20  0  0
78 87  99312 131005000 1601748 39578560    0    0 1595280 1040580 309873 972929 61 19  3 17  0  0
106 122  99312 131014460 1601748 39578644    0    0 1622640 1029888 311197 1024342 58 19  4 19  0  0
156 130  99312 131030164 1601748 39578732    0    0 1564464 1038716 301132 962901 56 17  4 22  0  0
99 184  99312 131030408 1601748 39578824    0    0 1577936 992128 292035 911035 58 19  3 20  0  0
110 137  99312 131005776 1601748 39578892    0    0 1616944 1031868 325082 952470 58 19  3 19  0  0
69 148  99312 131010856 1601752 39579008    0    0 1596400 1035120 319120 996869 59 20  3 17  0  0
10 251  99312 131000476 1601752 39579084    0    0 1578400 1043780 303451 913582 56 19  4 21  0  0
96 120  99312 130976448 1601752 39579180    0    0 1589328 980204 298486 968154 58 19  2 21  0  0
93 113  99312 130983540 1601756 39579276    0    0 1675984 1051164 318440 928877 61 21  2 16  0  0
151 84  99312 130991204 1601756 39579348    0    0 1658864 1087936 314411 978696 61 20  3 15  0  0
125 113  99312 130988596 1601760 39579436    0    0 1722816 1092068 313352 942137 62 21  3 14  0  0
138 90  99312 130985220 1601760 39579532    0    0 1690928 1072264 315635 984984 59 21  3 17  0  0
178 106  99312 130988380 1601760 39579620    0    0 1730368 1086660 319287 958135 63 21  2 13  0  0
procs -----------memory---------- ---swap-- -----io---- -system-- -------cpu-------
 r  b   swpd   free   buff  cache   si   so    bi    bo   in   cs us sy id wa st gu
33 225  99312 130983284 1601760 39579708    0    0 1762064 1087920 320588 931751 63 22  2 13  0  0
50 161  99312 130998248 1601760 39579784    0    0 1760592 1114604 325673 1010651 61 21  2 15  0  0
72 188  99312 131004964 1601764 39579876    0    0 1715120 1101780 325969 1060102 60 20  4 15  0  0
142 102  99312 131004740 1601764 39579972    0    0 1682576 1070016 311256 962453 61 20  3 16  0  0
104 167  99312 130991564 1601764 39580052    0    0 1703296 1079204 318625 980740 61 21  3 15  0  0
182 95  99312 130983628 1601764 39580120    0    0 1696720 1118340 308556 907237 62 20  3 15  0  0
115 146  99312 130993656 1601764 39580212    0    0 1749824 1082912 312193 925250 63 21  2 14  0  0
126 152  99312 130986572 1601772 39580308    0    0 1698480 1093736 321075 972492 63 21  2 14  0  0
107 103  99312 131003812 1601788 39580412    0    0 1728928 1115492 314397 931924 61 21  4 14  0  0
123 157  99312 131002716 1601788 39580480    0    0 1782672 1114860 333039 928210 62 22  3 14  0  0
88 80  99312 130998516 1601788 39580596    0    0 1733200 1106644 322818 992260 61 21  2 15  0  0
38 231  99312 131010600 1601788 39580680    0    0 1561680 1056852 301841 1000456 57 19  5 20  0  0
112 128  99312 131019624 1601796 39580760    0    0 1731648 1097280 312754 931069 62 21  3 15  0  0
75 160  99312 131006148 1601796 39580856    0    0 1769984 1111568 324318 971763 62 21  2 15  0  0
147 138  99312 131031000 1601796 39580948    0    0 1705904 1156412 321562 993501 58 19  4 18  0  0
125 131  99312 131033960 1601796 39581028    0    0 1682720 1048376 301249 918502 61 20  2 17  0  0
103 146  99312 131013724 1601796 39581104    0    0 1714784 1104368 312209 948989 61 20  3 15  0  0
53 196  99312 131002560 1601804 39581208    0    0 1713152 1115732 312021 918945 62 21  3 14  0  0
135 109  99312 131006200 1601804 39581292    0    0 1754768 1095088 322601 948969 63 21  2 14  0  0
28 236  99312 131009388 1601820 39581380    0    0 1630064 1109756 308757 966482 56 20  5 20  0  0
141 105  99312 130999236 1601820 39581472    0    0 1709760 1028092 305924 924085 62 20  2 15  0  0
procs -----------memory---------- ---swap-- -----io---- -system-- -------cpu-------
 r  b   swpd   free   buff  cache   si   so    bi    bo   in   cs us sy id wa st gu
64 102  99312 130998984 1601820 39581564    0    0 1716208 1091232 320155 992974 61 20  3 15  0  0
77 202  99312 130988024 1601828 39581652    0    0 1731856 1132380 321465 993100 60 21  3 16  0  0
44 222  99312 131010680 1601832 39581808    0    0 1673280 1090628 319530 1010266 59 20  3 18  0  0
116 160  99312 130996148 1601832 39581916    0    0 1711888 1054736 312476 964591 62 21  2 15  0  0
183 88  99312 130995700 1601832 39582000    0    0 1725312 1085960 321559 965467 62 21  2 15  0  0
59 120  99312 130988116 1601832 39582076    0    0 1736576 1104484 327113 998762 61 21  3 15  0  0
153 130  99312 130988184 1601836 39582168    0    0 1702496 1071496 319174 1010090 62 20  3 16  0  0
63 158  99312 130977596 1601836 39582256    0    0 1693904 1078392 313214 946838 61 21  3 16  0  0
140 100  99312 130987764 1601836 39582344    0    0 1670848 1046332 311665 975795 62 20  2 16  0  0
132 142  99312 130991800 1601836 39582424    0    0 1695216 1106600 311937 951366 61 20  3 16  0  0
49 118  99312 130986880 1601836 39582508    0    0 1736944 1084104 319617 964022 64 21  2 13  0  0
44 209  99312 130965716 1601840 39582600    0    0 1693552 1092272 316223 976419 61 21  5 14  0  0
127 136  99312 130950028 1601840 39582700    0    0 1747456 1077924 313551 929934 65 21  2 12  0  0
70 193  99312 130952156 1601840 39582784    0    0 1742624 1118540 320889 956548 63 21  2 14  0  0
42 239  99312 130958684 1601840 39582868    0    0 1701136 1128144 318086 973151 59 21  3 17  0  0
95 183  99312 130989376 1601840 39582972    0    0 1691504 1065320 309303 922812 62 20  2 15  0  0
116 162  99312 130997112 1601848 39583060    0    0 1657728 1070924 304410 941600 58 20  4 18  0  0
139 133  99312 130970084 1601848 39583144    0    0 1769408 1111216 319068 926482 65 21  2 12  0  0
113 152  99312 130986120 1601848 39583220    0    0 1690064 1125424 307439 937461 59 20  4 17  0  0
175 41  99312 130999152 1601848 39583300    0    0 1693872 1058720 308079 937096 61 19  3 17  0  0
51 88  99312 130996256 1601848 39583388    0    0 1696528 1094168 321187 999265 61 21  3 15  0  0
procs -----------memory---------- ---swap-- -----io---- -system-- -------cpu-------
 r  b   swpd   free   buff  cache   si   so    bi    bo   in   cs us sy id wa st gu
194 72  99312 130986060 1601856 39583472    0    0 1714576 1105896 309456 898888 62 21  3 15  0  0
102 163  99312 130971772 1601856 39583560    0    0 1733712 1087576 315646 964506 62 21  3 14  0  0
166 130  99312 130964108 1601856 39583636    0    0 1644272 1095072 310782 973702 60 20  4 17  0  0
80 119  99312 130962296 1601856 39583732    0    0 1671792 1053732 313487 972143 60 20  3 17  0  0
181 97  99312 130996560 1601856 39583828    0    0 1689200 1080928 312010 952720 61 20  3 15  0  0
93 122  99312 130978864 1601864 39583924    0    0 1737792 1090408 316906 973486 62 21  2 15  0  0
85 102  99312 130990688 1601864 39584012    0    0 1694496 1072516 315156 991178 58 21  3 18  0  0
51 222  99312 130993092 1601864 39584080    0    0 1684256 1108732 317210 969214 62 20  3 15  0  0
48 176  99312 130989092 1601864 39584168    0    0 1756208 1087532 313540 937164 62 21  3 14  0  0
89 154  99312 130988756 1601864 39584276    0    0 1736400 1108516 327645 1023337 61 21  3 15  0  0
80 145  99312 130997728 1601872 39584368    0    0 1707456 1082024 322998 1059588 59 20  3 17  0  0
173 114  99312 131006000 1601872 39584440    0    0 1682032 1076656 306017 933328 61 19  3 17  0  0
37 219  99312 130996568 1601872 39584544    0    0 1676016 1063040 317232 1006874 59 20  4 17  0  0
186 75  99312 130980400 1601876 39584628    0    0 1744176 1133288 315493 936606 63 21  2 14  0  0
139 130  99312 130977316 1601876 39584716    0    0 1745376 1092416 311120 925236 62 21  3 14  0  0
112 159  99312 130987800 1601884 39584804    0    0 1649184 1080144 309081 956476 60 20  3 17  0  0
53 158  99312 130962748 1601884 39584880    0    0 1729632 1084612 314389 967069 63 21  3 14  0  0
199 69  99312 130984012 1601884 39585008    0    0 1725168 1116420 316320 988129 60 21  4 15  0  0
45 215  99312 130988692 1601888 39585104    0    0 1656624 1113720 304915 933840 56 20  5 19  0  0
159 85  99312 130989392 1601888 39585168    0    0 1730544 1034516 308375 916678 63 21  2 15  0  0
84 117  99312 130991100 1601900 39585264    0    0 1636384 1068408 312603 956121 59 20  3 18  0  0
procs -----------memory---------- ---swap-- -----io---- -system-- -------cpu-------
 r  b   swpd   free   buff  cache   si   so    bi    bo   in   cs us sy id wa st gu
138 129  99312 130978720 1601900 39585368    0    0 1718384 1119592 312295 923820 62 20  3 15  0  0
100 173  99312 130975504 1601900 39585460    0    0 1724288 1114080 317709 970837 62 21  3 15  0  0
115 112  99312 130972140 1601900 39585536    0    0 1687856 1053332 309301 962100 60 19  3 18  0  0
73 120  99312 130975108 1601900 39585604    0    0 1741600 1105184 325589 985751 63 21  2 14  0  0
181 85  99312 130989536 1601908 39585700    0    0 1717872 1123252 318446 970480 60 21  3 16  0  0
114 138  99312 130964968 1601908 39585792    0    0 1767440 1099704 322031 959221 65 22  2 12  0  0
160 83  99312 130952816 1601908 39585892    0    0 1687200 1102948 308466 921198 59 20  3 17  0  0
122 163  99312 130946452 1601908 39585988    0    0 1710448 1101848 304074 868103 62 21  3 15  0  0
100 83  99312 130958924 1601908 39586072    0    0 1695456 1052068 308235 942222 60 20  3 17  0  0
64 152  99312 130966060 1601908 39586164    0    0 1753008 1104716 318186 955485 65 21  2 12  0  0
142 126  99312 130973980 1601908 39586256    0    0 1652592 1098020 314452 973004 59 19  4 18  0  0
122 151  99312 130956052 1601912 39586344    0    0 1702640 1106380 305429 921038 62 20  2 16  0  0
25 236  99312 130963060 1601912 39586420    0    0 1718192 1122052 312408 909445 61 21  4 14  0  0
174 121  99312 130973372 1601912 39586516    0    0 1741776 1092828 311418 919015 63 21  3 13  0  0
140 115  99312 130988768 1601920 39586600    0    0 1697968 1063168 315242 973943 61 20  3 16  0  0
61 126  99312 131004248 1601920 39586684    0    0 1671968 1102204 319691 1002240 61 19  2 18  0  0
135 138  99312 130998092 1601920 39586764    0    0 1673312 1097428 307786 934207 58 20  3 18  0  0
142 142  99312 130976068 1601920 39586844    0    0 1762096 1103316 314463 917361 65 21  2 12  0  0
63 110  99312 130979400 1601920 39586952    0    0 1701936 1078844 317240 985390 61 21  2 16  0  0
184 74  99312 130984224 1601924 39587048    0    0 1709232 1111820 321583 1003691 63 20  4 13  0  0
88 153  99312 130972548 1601932 39587200    0    0 1743632 1113456 320806 964593 62 21  2 14  0  0
procs -----------memory---------- ---swap-- -----io---- -system-- -------cpu-------
 r  b   swpd   free   buff  cache   si   so    bi    bo   in   cs us sy id wa st gu
68 164  99312 130962772 1601932 39587292    0    0 1731360 1096092 318849 961565 60 21  3 16  0  0
108 144  99312 130964224 1601932 39587388    0    0 1717984 1072536 319819 988700 60 21  3 16  0  0
150 118  99312 130963156 1601932 39587480    0    0 1704352 1086956 318942 978727 62 21  2 15  0  0
75 191  99312 130977376 1601940 39587564    0    0 1684992 1078100 313189 966805 60 20  3 17  0  0
74 195  99312 130967848 1601940 39587648    0    0 1682512 1071540 299597 910706 60 20  3 17  0  0
90 148  99312 130968572 1601944 39587732    0    0 1697664 1064428 305877 943291 60 21  2 17  0  0
25 67  99312 130974044 1601952 39587836    0    0 1666880 1088736 305330 961651 61 19  2 17  0  0
61 201  99312 130982544 1601952 39587900    0    0 1708736 1109820 316296 991286 61 19  3 16  0  0
168 97  99312 130982944 1601956 39587996    0    0 1685776 1111736 313041 948133 62 20  3 15  0  0
125 117  99312 130970940 1601956 39588084    0    0 1723520 1063276 312815 959406 62 21  3 15  0  0
118 105  99312 130960988 1601960 39588180    0    0 1699408 1099528 321834 1019748 59 20  3 17  0  0
67 141  99312 130956016 1601960 39588272    0    0 1678992 1075232 318281 986281 61 20  3 16  0  0
72 149  99312 130951436 1601960 39588336    0    0 1676096 1058500 310549 950698 60 20  3 17  0  0
97 184  99312 130960860 1601968 39588440    0    0 1714432 1094336 320552 974775 63 21  2 14  0  0
131 129  99312 130964708 1601968 39588520    0    0 1671360 1064932 320207 986661 60 20  3 17  0  0
169 116  99312 130977704 1601968 39588600    0    0 1699344 1093360 311091 948990 62 20  3 15  0  0
84 176  99312 130990204 1601968 39588692    0    0 1771568 1085764 321636 946121 63 21  2 13  0  0
118 134  99312 130988608 1601968 39588796    0    0 1717776 1104892 316181 954174 59 20  3 17  0  0
151 97  99312 130957680 1601968 39588884    0    0 1699024 1082236 313598 960615 63 21  2 14  0  0
70 73  99312 130982952 1601968 39588972    0    0 1655680 1078740 310516 958849 58 19  3 20  0  0
109 184  99312 130988352 1601968 39589060    0    0 1692272 1092984 311057 961254 60 20  3 17  0  0
procs -----------memory---------- ---swap-- -----io---- -system-- -------cpu-------
 r  b   swpd   free   buff  cache   si   so    bi    bo   in   cs us sy id wa st gu
186 91  99312 130973208 1601968 39589144    0    0 1773712 1091712 317691 943282 62 21  2 14  0  0
102 141  99312 130961180 1601968 39589232    0    0 1662576 1068220 312734 991687 58 20  4 18  0  0
159 125  99312 130987720 1601972 39589316    0    0 1659312 1083064 317648 1000067 61 20  3 16  0  0
32 75  99312 130978264 1601972 39589412    0    0 1692784 1096120 313200 988294 60 20  3 17  0  0
80 184  99312 130963236 1601972 39589500    0    0 1702512 1078760 310340 939797 63 20  2 15  0  0
98 129  99312 130961552 1601972 39589576    0    0 1670880 1065156 316429 1006308 59 20  3 17  0  0
105 102  99312 130957360 1601972 39589676    0    0 1675136 1063800 323473 1039874 61 20  3 16  0  0
83 113  99312 130966520 1601980 39589760    0    0 1665184 1066964 313732 1001066 59 20  3 17  0  0
68 78  99312 130975124 1601980 39589852    0    0 1661744 1065952 309444 928486 61 20  3 16  0  0
115 113  99312 130956140 1601980 39589936    0    0 1647664 1032812 314139 976118 59 20  3 18  0  0
101 153  99312 130955728 1601980 39590036    0    0 1673616 1083408 314287 955216 62 20  3 15  0  0
65 200  99312 130969692 1601980 39590120    0    0 1695264 1091520 316740 1013382 60 18  3 19  0  0
98 109  99312 130951544 1601988 39590212    0    0 1729760 1088624 320697 956376 65 20  2 13  0  0
47 51  99312 130950184 1601988 39590308    0    0 1674848 1076444 308361 964896 59 20  3 17  0  0
83 144  99312 130952268 1601988 39590384    0    0 1736896 1085212 311873 920969 63 21  2 13  0  0
61 129  99312 130957356 1601988 39590472    0    0 1672336 1095352 320724 1040244 60 21  2 17  0  0
73 159  99312 130965632 1601988 39590564    0    0 1698928 1073156 312367 963263 61 21  2 16  0  0
142 130  99312 130940704 1601996 39590648    0    0 1650368 1054076 307955 971126 59 19  3 19  0  0
164 94  99312 130942060 1601996 39590736    0    0 1699520 1082820 320204 981905 64 20  2 13  0  0
167 115  99312 130961244 1601996 39590832    0    0 1703840 1119244 315144 980522 60 21  4 16  0  0
100 188  99312 130962412 1601996 39590908    0    0 1768832 1113412 312459 911357 65 21  2 12  0  0
procs -----------memory---------- ---swap-- -----io---- -system-- -------cpu-------
 r  b   swpd   free   buff  cache   si   so    bi    bo   in   cs us sy id wa st gu
135 106  99312 130965708 1601996 39591000    0    0 1706768 1098828 310711 916083 60 20  3 17  0  0
82 192  99312 130966484 1602004 39591076    0    0 1688880 1124528 313979 931941 62 21  3 14  0  0
63 83  99312 130966884 1602004 39591164    0    0 1662704 1067836 311976 962689 58 20  3 19  0  0
106 158  99312 130967980 1602004 39591268    0    0 1689248 1085352 309651 940287 62 19  3 16  0  0
120 137  99312 130959692 1602004 39591336    0    0 1707136 1083992 314390 957797 60 21  3 16  0  0
94 136  99312 130972356 1602004 39591428    0    0 1650064 1070188 310391 936627 60 20  4 16  0  0
96 173  99312 130955368 1602012 39591528    0    0 1679456 1111416 307420 934414 59 20  5 16  0  0
99 126  99312 130953900 1602012 39591624    0    0 1759072 1114940 320170 949842 64 21  2 12  0  0
130 133  99312 130950568 1602012 39591720    0    0 1724496 1115984 322032 986999 61 21  3 15  0  0
18 139  99312 130938256 1602012 39591788    0    0 1699280 1093912 314307 937198 63 20  2 14  0  0
153 123  99312 130935744 1602012 39591872    0    0 1702256 1092768 316997 967282 61 21  2 16  0  0
29 133  99312 130947868 1602020 39591952    0    0 1711504 1066864 320662 1018830 59 21  3 17  0  0
25 183  99312 130960720 1602020 39592040    0    0 1617584 1105612 308511 963434 60 20  3 17  0  0
103 126  99312 130969208 1602020 39592140    0    0 1703520 1039412 315412 970428 60 20  3 17  0  0
114 148  99312 130958096 1602020 39592228    0    0 1688048 1112976 306531 943567 61 20  4 15  0  0
50 197  99312 130963648 1602020 39592320    0    0 1755296 1091460 313966 968161 62 20  2 15  0  0
32 138  99312 130971668 1602028 39592400    0    0 1719376 1102344 329103 1039199 60 19  3 18  0  0
143 153  99312 130963132 1602028 39592532    0    0 1673440 1099472 310316 928165 62 20  3 16  0  0
23 251  99312 130944292 1602028 39592624    0    0 1633584 1082060 308238 965092 57 20  4 19  0  0
146 139  99312 130937252 1602028 39592712    0    0 1654160 1025400 304660 961540 61 20  2 17  0  0
67 177  99312 130943816 1602028 39592804    0    0 1727472 1090472 322372 976408 62 21  2 15  0  0
procs -----------memory---------- ---swap-- -----io---- -system-- -------cpu-------
 r  b   swpd   free   buff  cache   si   so    bi    bo   in   cs us sy id wa st gu
133 101  99312 130951452 1602036 39592900    0    0 1668912 1087708 320161 1005906 61 21  3 15  0  0
117 159  99312 130949976 1602036 39593004    0    0 1700528 1106688 316613 995302 60 21  3 17  0  0
76 120  99312 130928576 1602036 39593096    0    0 1774432 1091916 319297 945533 65 21  2 12  0  0
79 186  99312 130928296 1602044 39593188    0    0 1762400 1136872 318783 955172 62 21  3 14  0  0
140 85  99312 130936424 1602044 39593268    0    0 1731680 1085264 324001 997223 60 21  2 16  0  0
132 136  99312 130917300 1602048 39593356    0    0 1727136 1135452 321101 964582 64 21  3 12  0  0
106 152  99312 130922680 1602048 39593452    0    0 1683920 1067448 317786 989761 60 21  3 16  0  0
117 158  99312 130934668 1602048 39593516    0    0 1679472 1093628 305277 933797 60 19  5 16  0  0
124 133  99312 130948580 1602048 39593608    0    0 1704208 1068496 316445 964095 60 20  3 17  0  0
57 142  99312 130946636 1602048 39593688    0    0 1655664 1080372 314405 953159 61 20  4 16  0  0
146 127  99312 130954828 1602048 39593776    0    0 1699936 1096348 319195 1004406 60 20  3 16  0  0
36 36  99312 130951860 1602048 39593884    0    0 1746000 1102652 318776 980836 61 21  3 15  0  0
97 120  99312 130946240 1602048 39593968    0    0 1698096 1097240 311721 939186 62 20  3 15  0  0
83 148  99312 130946304 1602048 39594056    0    0 1720624 1080588 320451 970632 61 21  2 16  0  0
53 202  99312 130951680 1602056 39594132    0    0 1657328 1112756 317014 964803 61 20  3 16  0  0
93 181  99312 130947892 1602056 39594224    0    0 1692192 1061848 307853 918431 59 21  3 17  0  0
172 94  99312 130943160 1602056 39594308    0    0 1661952 1080728 308776 937613 61 20  5 15  0  0
89 183  99312 130953724 1602056 39594404    0    0 1614736 1075624 305882 950969 56 19  5 19  0  0
46 161  99312 130945928 1602056 39594496    0    0 1718736 1070276 311959 945796 64 20  2 14  0  0
74 128  99312 130935812 1602056 39594588    0    0 1719872 1103952 323957 1003330 61 21  3 15  0  0
70 133  99312 130943584 1602056 39594660    0    0 1710144 1096928 326886 1039254 59 19  3 19  0  0
procs -----------memory---------- ---swap-- -----io---- -system-- -------cpu-------
 r  b   swpd   free   buff  cache   si   so    bi    bo   in   cs us sy id wa st gu
64 119  99312 130950188 1602056 39594744    0    0 1682064 1095596 314877 953953 62 20  3 15  0  0
115 107  99312 130946972 1602056 39594836    0    0 1718112 1090252 310006 953380 60 21  3 16  0  0
103 174  99312 130933232 1602060 39594920    0    0 1649008 1070808 301233 915687 60 20  3 18  0  0
41 119  99312 130944336 1602060 39595012    0    0 1686192 1064624 310305 956436 59 20  3 18  0  0
49 108  99312 130943592 1602064 39595100    0    0 1633120 1055848 306860 962972 59 19  4 17  0  0
115 165  99312 130948888 1602064 39595196    0    0 1711088 1117512 324674 987134 61 21  2 15  0  0
58 209  99312 130953824 1602064 39595280    0    0 1766304 1123900 314380 938868 60 21  2 16  0  0
110 130  99312 130943828 1602068 39595372    0    0 1754016 1106704 326925 921504 65 21  2 12  0  0
75 118  99312 130950980 1602068 39595448    0    0 1721280 1101920 319915 998636 61 21  3 15  0  0
119 113  99312 130939812 1602076 39595548    0    0 1723184 1130544 312335 918762 63 21  3 14  0  0
98 127  99312 130924824 1602084 39595616    0    0 1747520 1102164 319093 945404 63 21  3 13  0  0
57 104  99312 130939936 1602084 39595768    0    0 1700976 1083916 325546 1022543 59 20  3 17  0  0
196 73  99312 130945468 1602084 39595848    0    0 1647664 1073244 306038 945714 60 19  3 19  0  0
79 172  99312 130947324 1602084 39595928    0    0 1700624 1070784 315738 979689 60 20  2 17  0  0
121 156  99312 130948572 1602088 39596044    0    0 1712320 1119712 319105 995076 59 21  4 16  0  0
81 141  99312 130954224 1602088 39596136    0    0 1769184 1108428 320207 952818 66 21  2 11  0  0
65 146  99312 130927232 1602088 39596208    0    0 1705568 1109484 322062 1009499 62 21  2 15  0  0
205 60  99312 130935872 1602088 39596308    0    0 1724080 1096732 318034 950372 64 21  2 13  0  0
92 175  99312 130941164 1602088 39596400    0    0 1702800 1112804 303385 908805 59 20  5 16  0  0
118 133  99312 130948220 1602092 39596484    0    0 1750192 1053856 310757 909740 63 21  2 14  0  0
43 227  99312 130934512 1602096 39596572    0    0 1640240 1079108 309505 981063 59 20  3 18  0  0
procs -----------memory---------- ---swap-- -----io---- -system-- -------cpu-------
 r  b   swpd   free   buff  cache   si   so    bi    bo   in   cs us sy id wa st gu
113 135  99312 130928120 1602096 39596628    0    0 1676592 1076008 315290 963005 62 20  4 13  0  0
93 170  99312 130921264 1602096 39596736    0    0 1715712 1119024 321546 983519 61 21  3 15  0  0
120 117  99312 130935432 1602096 39596824    0    0 1774672 1102968 318870 932744 66 22  1 11  0  0
101 154  99312 130946844 1602104 39596924    0    0 1725584 1104392 324037 1012236 61 20  3 16  0  0
128 132  99312 130957008 1602104 39597004    0    0 1680896 1100720 314422 958643 61 19  3 16  0  0
61 150  99312 130944696 1602104 39597096    0    0 1652096 1058508 312156 978055 58 20  4 18  0  0
69 144  99312 130953668 1602104 39597184    0    0 1618400 1054720 306223 952333 58 19  4 19  0  0
74 134  99312 130947432 1602104 39597292    0    0 1587568 1021816 305095 958245 59 19  4 18  0  0
47 221  99312 130936092 1602104 39597384    0    0 1535248 1031628 296353 953542 53 18  4 25  0  0
82 193  99312 130955928 1602104 39597460    0    0 1496048 1010228 295558 936125 54 17  5 23  0  0
43 190  99312 130967992 1602104 39597580    0    0 1542224 991212 296055 943395 57 18  4 21  0  0
78 194  99312 130970512 1602104 39597656    0    0 1437248 1006552 283255 890695 53 16  6 25  0  0
106 154  99312 130939436 1602104 39597740    0    0 1505584 956992 291238 950288 56 17  4 23  0  0
33 218  99312 130946180 1602108 39597820    0    0 1690512 1085148 316245 948239 64 20  3 12  0  0
79 113  99312 130950748 1602108 39597976    0    0 1626512 1068896 313369 993247 58 20  4 18  0  0
82 179  99312 130931024 1602108 39598072    0    0 1614512 1041644 306655 973695 59 19  3 19  0  0
81 190  99312 130948448 1602112 39598156    0    0 1571232 1060248 292701 931961 54 18  7 22  0  0
64 169  99312 130926948 1602112 39598248    0    0 1557424 954380 292356 952700 57 18  3 22  0  0
78 198  99312 130938472 1602116 39598344    0    0 1496448 1002744 300572 985443 57 18  4 22  0  0
89 116  99312 130963076 1602116 39598424    0    0 1507680 1007856 286318 898739 55 18  5 22  0  0
36 247  99312 130960344 1602116 39598516    0    0 1529248 984048 299800 964593 57 18  4 20  0  0
procs -----------memory---------- ---swap-- -----io---- -system-- -------cpu-------
 r  b   swpd   free   buff  cache   si   so    bi    bo   in   cs us sy id wa st gu
76 189  99312 130954912 1602116 39598604    0    0 1461104 1013140 283579 886914 54 17  5 25  0  0
109 84  99312 130934616 1602116 39598688    0    0 1575776 965912 288834 898025 59 18  3 21  0  0
38 223  99312 130934464 1602120 39598800    0    0 1543472 1031644 296227 940143 58 18  4 21  0  0
127 135  99312 130942700 1602120 39598864    0    0 1525392 982864 291260 923702 56 18  4 22  0  0
46 181  99312 130939828 1602120 39598956    0    0 1561776 993324 302522 946804 57 19  3 21  0  0
59 206  99312 130936084 1602120 39599044    0    0 1483488 1019608 296079 969525 55 17  5 23  0  0
41 125  99312 130947704 1602120 39599132    0    0 1539168 990036 296524 942031 57 18  4 21  0  0
40 226  99312 130962908 1602124 39599220    0    0 1528576 1011440 288008 907614 56 16  5 23  0  0
101 181  99312 130969264 1602124 39599308    0    0 1567392 1034016 292277 917883 57 18  5 20  0  0
43 174  99312 130959528 1602124 39599392    0    0 1624704 1016880 303185 927972 61 19  3 17  0  0
35 198  99312 130936404 1602124 39599496    0    0 1566608 1053024 297669 922922 54 18  4 23  0  0
107 127  99312 130915516 1602124 39599572    0    0 1609392 1033048 313072 974203 60 20  3 18  0  0
95 134  99312 130901708 1602132 39599668    0    0 1634576 1034560 312041 990846 58 20  3 20  0  0
49 71  99312 130924136 1602132 39599768    0    0 1568016 1041744 302681 978638 57 19  4 21  0  0
103 171  99312 130931180 1602132 39599836    0    0 1702384 1062460 306695 960565 59 21  3 18  0  0
67 207  99312 130920388 1602132 39599924    0    0 1633824 1073200 302804 940698 60 19  3 17  0  0
52 218  99312 130915428 1602132 39600020    0    0 1703744 1091812 312013 977784 60 20  4 16  0  0
103 178  99312 130919348 1602136 39600100    0    0 1678016 1096264 316392 988308 62 20  3 15  0  0
177 78  99312 130922264 1602136 39600188    0    0 1673392 1064468 315204 969092 59 20  3 18  0  0
192 77  99312 130936656 1602140 39600280    0    0 1665120 1071672 308103 971046 60 19  3 18  0  0
75 104  99312 130929528 1602140 39600356    0    0 1643616 1056368 307919 983205 57 19  5 19  0  0
procs -----------memory---------- ---swap-- -----io---- -system-- -------cpu-------
 r  b   swpd   free   buff  cache   si   so    bi    bo   in   cs us sy id wa st gu
76 152  99312 130909344 1602140 39600444    0    0 1618240 1034140 302169 953049 59 19  3 19  0  0
100 137  99312 130904056 1602144 39600524    0    0 1622032 1045204 309852 1007290 57 19  3 20  0  0
179 76  99312 130904344 1602144 39600624    0    0 1598752 1046244 304810 937887 58 19  4 19  0  0
98 182  99312 130909440 1602144 39600720    0    0 1660368 1055304 299510 931237 61 20  4 15  0  0
67 129  99312 130905168 1602144 39600796    0    0 1688112 1058448 317973 986696 60 21  2 17  0  0
93 158  99312 130904364 1602144 39600896    0    0 1652352 1093896 308068 963616 61 20  3 16  0  0
122 163  99312 130891876 1602148 39600972    0    0 1712448 1123144 308310 935028 59 21  5 15  0  0
76 105  99312 130923236 1602148 39601064    0    0 1713664 1083184 313853 970854 59 21  3 18  0  0
73 134  99312 130915624 1602152 39601156    0    0 1636416 1063740 305644 941978 60 20  2 18  0  0
151 119  99312 130917828 1602152 39601240    0    0 1664352 1077092 312341 963318 58 20  3 19  0  0
25 21  99312 130919636 1602156 39601324    0    0 1672720 1133440 314082 941005 61 20  4 15  0  0
111 139  99312 130916880 1602160 39601404    0    0 1817088 1108904 327996 992791 64 21  2 13  0  0
187 78  99312 130922736 1602160 39601500    0    0 1856624 1155172 327910 950534 64 22  2 12  0  0
153 97  99312 130929772 1602160 39601596    0    0 1850512 1179644 326613 940041 64 23  3 11  0  0
132 106  99312 130917388 1602164 39601680    0    0 1797696 1157740 326573 970802 62 22  2 13  0  0
73 61  99312 130903336 1602168 39601764    0    0 1763376 1118748 326938 1006025 61 22  2 14  0  0
64 92  99312 130894172 1602176 39601860    0    0 1642032 1039340 310330 949328 61 20  3 17  0  0
72 70  99312 130919324 1602176 39601948    0    0 1613856 1076124 314467 1015692 56 20  4 20  0  0
94 175  99312 130928468 1602176 39602032    0    0 1696944 1090124 307093 914425 62 20  3 15  0  0
178 58  99312 130925064 1602176 39602104    0    0 1785584 1132728 320600 938322 62 22  2 14  0  0
134 110  99312 130913128 1602176 39602196    0    0 1832608 1166656 327373 957084 64 22  2 12  0  0
procs -----------memory---------- ---swap-- -----io---- -system-- -------cpu-------
 r  b   swpd   free   buff  cache   si   so    bi    bo   in   cs us sy id wa st gu
81 134  99312 130910832 1602184 39602292    0    0 1847648 1169816 335094 973393 64 23  3 10  0  0
21 236  99312 130902944 1602188 39602384    0    0 1778320 1167568 328382 992403 63 21  2 13  0  0
36 150  99312 130927736 1602188 39602472    0    0 1746016 1094192 326255 1020944 61 21  2 15  0  0
81 176  99312 130930512 1602188 39602540    0    0 1629280 1043824 308476 1012317 56 18  3 23  0  0
145 147  99312 130910188 1602188 39602644    0    0 1665184 1070676 309773 957403 61 20  2 16  0  0
127 129  99312 130914248 1602196 39602736    0    0 1704336 1091160 316841 961040 60 20  2 17  0  0
91 192  99312 130898528 1602196 39602816    0    0 1803424 1145504 316581 905350 67 22  1 10  0  0
63 216  99312 130897756 1602196 39602896    0    0 1832144 1182276 323892 930275 64 22  2 11  0  0
57 102  99312 130904160 1602196 39602992    0    0 1883056 1172868 329492 931622 65 23  1 10  0  0
78 199  99312 130898272 1602196 39603076    0    0 1808720 1184896 328578 970945 64 22  2 12  0  0
64 135  99312 130900448 1602204 39603180    0    0 1709840 1106988 325646 987386 60 21  2 17  0  0
75 100  99312 130915568 1602204 39603324    0    0 1627712 1043108 303823 940541 59 20  3 18  0  0
43 225  99312 130909600 1602208 39603404    0    0 1631008 1093696 297500 891474 59 19  4 17  0  0
32 234  99312 130892140 1602208 39603516    0    0 1749824 1115032 316333 969721 61 21  3 15  0  0
134 110  99312 130895236 1602208 39603584    0    0 1792560 1135784 324123 965559 62 22  2 13  0  0
92 73  99312 130910980 1602212 39603684    0    0 1816544 1185320 325897 957766 62 21  3 14  0  0
134 120  99312 130919116 1602216 39603756    0    0 1856576 1185908 325899 931693 64 22  2 13  0  0
198 79  99312 130909424 1602216 39603844    0    0 1804384 1164548 328749 960085 62 22  2 13  0  0
49 192  99312 130924580 1602216 39603948    0    0 1541632 1042676 308810 1024366 53 19  4 24  0  0
78 191  99312 130919156 1602216 39604048    0    0 1518272 1042020 295277 981266 55 18  4 23  0  0
218 56  99312 130912452 1602220 39604144    0    0 1691008 1081296 301980 911695 62 20  3 15  0  0
procs -----------memory---------- ---swap-- -----io---- -system-- -------cpu-------
 r  b   swpd   free   buff  cache   si   so    bi    bo   in   cs us sy id wa st gu
86 179  99312 130920512 1602220 39604224    0    0 1803872 1132704 320742 955856 63 22  2 13  0  0
154 102  99312 130915168 1602220 39604308    0    0 1793280 1143852 324667 953656 62 22  2 14  0  0
116 130  99312 130919692 1602220 39604400    0    0 1813040 1179840 328953 991996 63 22  3 12  0  0
69 167  99312 130900696 1602220 39604492    0    0 1862768 1180872 329405 922284 64 23  2 11  0  0
145 80  99312 130899720 1602228 39604576    0    0 1806080 1166648 329908 971148 63 22  3 13  0  0
51 179  99312 130932232 1602228 39604668    0    0 1650976 1061072 316960 1014350 58 20  4 19  0  0
95 163  99312 130918660 1602228 39604756    0    0 1642400 1078860 302852 940103 61 20  3 17  0  0
111 147  99312 130923968 1602228 39604840    0    0 1667824 1102796 304140 962057 56 19  5 19  0  0
148 115  99312 130922408 1602228 39604916    0    0 1762560 1074696 308745 912440 64 21  2 14  0  0
126 106  99312 130906680 1602232 39605000    0    0 1785376 1167484 325408 950902 63 22  2 13  0  0
84 173  99312 130892564 1602232 39605084    0    0 1843248 1179676 334748 952161 64 23  1 11  0  0
138 106  99312 130901324 1602232 39605176    0    0 1856784 1188316 331465 941072 65 23  1 11  0  0
140 130  99312 130890680 1602232 39605252    0    0 1839408 1158608 330328 953964 64 23  2 12  0  0
67 89  99312 130884704 1602232 39605332    0    0 1708544 1098732 317074 997102 59 20  3 18  0  0
140 143  99312 130900028 1602236 39605448    0    0 1660816 1076312 313288 979778 61 20  3 16  0  0
66 124  99312 130920684 1602236 39605524    0    0 1698128 1096092 315221 972607 59 20  3 17  0  0
78 124  99312 130921880 1602236 39605628    0    0 1685552 1073852 312772 963190 62 20  3 14  0  0
93 182  99312 130896740 1602236 39605712    0    0 1774480 1127580 313809 901564 62 22  2 14  0  0
118 133  99312 130892008 1602236 39605792    0    0 1812512 1173924 330118 964813 64 22  2 12  0  0
87 190  99312 130899948 1602244 39605888    0    0 1868960 1185648 330100 941236 64 23  2 11  0  0
43 194  99312 130900144 1602244 39605976    0    0 1813776 1173080 327712 976113 63 22  2 13  0  0
procs -----------memory---------- ---swap-- -----io---- -system-- -------cpu-------
 r  b   swpd   free   buff  cache   si   so    bi    bo   in   cs us sy id wa st gu
96 149  99312 130909340 1602244 39606048    0    0 1721584 1090216 314875 971709 60 20  3 18  0  0
183 98  99312 130933272 1602244 39606136    0    0 1625648 1097800 307937 957397 60 20  4 17  0  0
118 129  99312 130911708 1602244 39606224    0    0 1674848 1066132 313483 982401 59 20  3 18  0  0
103 171  99312 130902420 1602248 39606320    0    0 1632704 1094040 305269 944468 59 19  4 18  0  0
104 131  99312 130922076 1602248 39606408    0    0 1752128 1142296 308141 891151 60 21  5 15  0  0
176 75  99312 130925392 1602248 39606492    0    0 1845056 1146364 326811 929141 63 23  2 12  0  0
162 69  99312 130916672 1602248 39606580    0    0 1840576 1203028 329806 953728 64 23  3 10  0  0
139 133  99312 130889816 1602248 39606672    0    0 1837040 1165296 330220 984019 64 23  2 12  0  0
75 142  99312 130901616 1602252 39606764    0    0 1721856 1128648 322347 1014814 59 21  3 16  0  0
123 108  99312 130904912 1602252 39606852    0    0 1696288 1088708 316434 956852 63 21  2 14  0  0
32 226  99312 130908088 1602252 39606948    0    0 1621456 1068796 299568 955751 56 19  3 22  0  0
57 200  99312 130927372 1602252 39607048    0    0 1718080 1090252 323233 994963 64 21  2 13  0  0
87 167  99312 130927212 1602252 39607136    0    0 1728288 1118816 323128 985192 61 20  2 17  0  0
122 98  99312 130915684 1602260 39607220    0    0 1844128 1157388 330061 973175 64 22  2 12  0  0
75 154  99312 130902820 1602260 39607312    0    0 1857424 1183496 331013 961765 65 22  2 11  0  0
44 75  99312 130886692 1602260 39607404    0    0 1837056 1181464 333780 1003385 64 22  2 11  0  0
111 157  99312 130902500 1602260 39607480    0    0 1703280 1090124 324301 1016442 59 21  3 18  0  0
76 185  99312 130891176 1602264 39607564    0    0 1629536 1078520 308708 968770 60 20  3 17  0  0
57 221  99312 130903700 1602272 39607660    0    0 1596384 1072488 298573 956603 55 19  6 21  0  0
145 101  99312 130902708 1602280 39607760    0    0 1755600 1079780 310753 917395 64 21  2 13  0  0
177 94  99312 130911632 1602280 39607836    0    0 1730032 1112752 322831 982826 61 21  2 15  0  0
procs -----------memory---------- ---swap-- -----io---- -system-- -------cpu-------
 r  b   swpd   free   buff  cache   si   so    bi    bo   in   cs us sy id wa st gu
120 132  99312 130897544 1602280 39607920    0    0 1805872 1183156 330999 992675 64 22  1 12  0  0
178 79  99312 130896208 1602280 39608020    0    0 1835440 1179444 320467 925425 63 22  2 12  0  0
130 100  99312 130898308 1602284 39608108    0    0 1893984 1147608 334287 984693 66 23  1  9  0  0
66 80  99312 130918468 1602284 39608196    0    0 1648544 1089196 316155 1019399 57 20  5 19  0  0
128 108  99312 130917520 1602284 39608296    0    0 1666400 1071100 313919 968701 61 19  3 18  0  0
89 151  99312 130941620 1602284 39608360    0    0 1591408 1053876 303451 959223 55 18  5 23  0  0
88 198  99312 130928964 1602284 39608452    0    0 1702448 1102544 306949 929198 63 20  3 14  0  0
107 161  99312 130918964 1602288 39608544    0    0 1678560 1104072 306879 906952 58 20  3 19  0  0
90 151  99312 130903720 1602288 39608716    0    0 1806832 1152012 318210 888092 66 22  2 10  0  0
118 164  99312 130896600 1602288 39608828    0    0 1785056 1194136 321083 929297 61 22  3 13  0  0
47 169  99312 130913484 1602288 39608904    0    0 1822672 1158908 330393 972819 64 22  2 12  0  0
16 207  99312 130926656 1602288 39608996    0    0 1651888 1099680 322281 1027517 57 20  4 19  0  0
104 75  99312 130906940 1602292 39609096    0    0 1686944 1096716 315816 947743 63 20  2 14  0  0
90 146  99312 130898588 1602292 39609180    0    0 1598720 1026604 308491 1016566 56 19  4 20  0  0
120 159  99312 130893660 1602292 39609268    0    0 1697664 1101756 310008 926531 62 20  3 14  0  0
111 66  99312 130888744 1602292 39609352    0    0 1711248 1088904 314278 957800 60 20  3 17  0  0
111 172  99312 130900092 1602292 39609444    0    0 1796032 1177036 323760 934358 66 22  1 11  0  0
59 71  99312 130908868 1602300 39609536    0    0 1825168 1155244 331363 1015679 64 21  2 13  0  0
57 127  99312 130899332 1602300 39609608    0    0 1831984 1163600 327266 949834 64 22  2 12  0  0
75 196  99312 130899492 1602300 39609696    0    0 1622720 1084892 309370 998701 56 20  5 20  0  0
84 134  99312 130884220 1602300 39609796    0    0 1727328 1077524 311066 931173 63 20  2 14  0  0
procs -----------memory---------- ---swap-- -----io---- -system-- -------cpu-------
 r  b   swpd   free   buff  cache   si   so    bi    bo   in   cs us sy id wa st gu
85 192  99312 130895028 1602300 39609884    0    0 1600256 1065796 307318 1006226 55 19  4 22  0  0
59 154  99312 130902336 1602308 39609968    0    0 1627344 1057704 307798 954400 60 19  4 17  0  0
84 77  99312 130902036 1602308 39610060    0    0 1634368 1084096 315319 1023623 57 20  4 20  0  0
28 184  99312 130886500 1602308 39610164    0    0 1812432 1161136 317149 880264 67 22  1 10  0  0
121 127  99312 130898160 1602308 39610260    0    0 1817296 1155372 318498 921854 62 22  3 13  0  0
75 132  99312 130895440 1602308 39610348    0    0 1831424 1170952 335440 974511 64 23  2 11  0  0
49 205  99312 130909856 1602316 39610420    0    0 1617056 1074816 311680 989880 56 19  3 22  0  0
46 155  99312 130907152 1602320 39610520    0    0 1671680 1099200 319016 1004577 62 20  4 14  0  0
29 252  99312 130906640 1602320 39610608    0    0 1636640 1094644 313636 979567 57 19  4 19  0  0
151 102  99312 130932440 1602320 39610688    0    0 1677392 1030984 303506 946145 61 18  4 17  0  0
75 184  99312 130905688 1602320 39610764    0    0 1700320 1095372 315079 949148 59 21  3 17  0  0
160 112  99312 130921640 1602328 39610852    0    0 1751040 1155240 307345 881870 63 21  4 12  0  0
129 134  99312 130901368 1602328 39610944    0    0 1853456 1159240 330160 946488 66 23  2  9  0  0
104 128  99312 130898844 1602328 39611036    0    0 1810752 1180648 326861 984274 63 22  2 13  0  0
64 162  99312 130899200 1602328 39611120    0    0 1675760 1092608 328679 1054524 59 20  4 17  0  0
64 108  99312 130915076 1602328 39611204    0    0 1627072 1063328 314132 986155 61 19  3 17  0  0
114 129  99312 130901344 1602336 39611300    0    0 1756224 1141124 310773 901739 60 22  4 14  0  0
166 94  99312 130909516 1602336 39611388    0    0 1604960 1034512 302937 929089 58 19  4 19  0  0
25 216  99312 130911720 1602336 39611476    0    0 1707920 1106388 319601 1008495 60 21  3 16  0  0
179 81  99312 130907736 1602336 39611548    0    0 1703296 1121524 310251 922095 62 21  3 14  0  0
133 135  99312 130910572 1602336 39611640    0    0 1852352 1175036 328610 940799 64 23  2 11  0  0
procs -----------memory---------- ---swap-- -----io---- -system-- -------cpu-------
 r  b   swpd   free   buff  cache   si   so    bi    bo   in   cs us sy id wa st gu
26 116  99312 130908564 1602340 39611744    0    0 1847968 1176268 326784 943759 64 22  2 12  0  0
132 118  99312 130930556 1602340 39611816    0    0 1759472 1129696 322618 1014225 60 20  3 18  0  0
53 130  99312 130926128 1602340 39611912    0    0 1662240 1120132 316459 981491 62 20  3 15  0  0
99 157  99312 130907240 1602340 39611996    0    0 1670912 1097392 306707 948866 58 20  3 19  0  0
159 105  99312 130908780 1602340 39612084    0    0 1642688 1067616 311098 954502 60 20  3 17  0  0
92 159  99312 130916516 1602344 39612172    0    0 1667840 1063928 317239 1027473 58 20  4 17  0  0
185 104  99312 130905108 1602344 39612264    0    0 1729904 1118728 315062 928271 64 21  2 13  0  0
146 109  99312 130897872 1602344 39612352    0    0 1843104 1164428 329720 967305 64 23  3 10  0  0
152 127  99312 130889904 1602344 39612448    0    0 1819408 1174504 329453 970153 63 22  2 13  0  0
87 178  99312 130893940 1602344 39612540    0    0 1670768 1121588 312688 975229 57 20  4 20  0  0
64 179  99312 130907096 1602352 39612632    0    0 1738816 1075660 314058 946577 64 21  2 13  0  0
48 201  99312 130908844 1602352 39612716    0    0 1669840 1097980 320669 1031565 58 21  4 17  0  0
113 91  99312 130908744 1602352 39612788    0    0 1717776 1099720 319500 991358 63 21  2 13  0  0
52 81  99312 130914188 1602352 39612900    0    0 1672416 1100120 321043 1034840 59 20  4 18  0  0
40 220  99312 130945468 1602352 39612972    0    0 1653280 1117664 298209 871675 59 18  4 18  0  0
220 55  99312 130914908 1602360 39613080    0    0 1828816 1151260 325322 954917 64 22  2 12  0  0
35 159  99312 130915696 1602360 39613168    0    0 1843168 1168012 330368 958062 64 22  2 12  0  0
81 112  99312 130897936 1602360 39613248    0    0 1667984 1091284 319597 1036703 59 20  3 18  0  0
53 166  99312 130888528 1602360 39613340    0    0 1727824 1127476 318630 954675 64 21  2 13  0  0
51 230  99312 130885492 1602364 39613432    0    0 1668528 1102904 307238 949331 57 20  3 20  0  0
47 158  99312 130899912 1602364 39613508    0    0 1807520 1128108 312179 908806 66 22  2 11  0  0
procs -----------memory---------- ---swap-- -----io---- -system-- -------cpu-------
 r  b   swpd   free   buff  cache   si   so    bi    bo   in   cs us sy id wa st gu
56 185  99312 130909784 1602368 39613592    0    0 1601248 1051300 298182 929167 54 19  4 22  0  0
115 163  99312 130914796 1602368 39613668    0    0 1645808 1114408 299034 877821 60 20  4 17  0  0
117 134  99312 130886896 1602368 39613760    0    0 1828176 1157224 327760 966019 64 22  2 12  0  0
26 101  99312 130889616 1602368 39613856    0    0 1814288 1194916 331794 981149 64 23  1 12  0  0
64 125  99312 130903972 1602368 39613956    0    0 1683120 1087696 325927 1043441 60 21  2 17  0  0
105 155  99312 130922804 1602368 39614116    0    0 1636704 1072824 309987 995613 61 19  4 16  0  0
204 58  99312 130923280 1602368 39614208    0    0 1766736 1126400 321809 979968 61 20  3 16  0  0
183 73  99312 130909020 1602368 39614276    0    0 1813920 1147704 330657 1001280 63 22  2 13  0  0
61 121  99312 130923584 1602368 39614400    0    0 1636432 1067296 317516 1022836 56 20  4 20  0  0
117 104  99312 130898580 1602372 39614500    0    0 1613600 1061188 311623 1005086 60 20  3 17  0  0
58 209  99312 130892740 1602372 39614580    0    0 1735504 1163156 310130 936690 59 21  3 17  0  0
93 180  99312 130886520 1602372 39614656    0    0 1879312 1140728 330176 939740 65 23  1 11  0  0
63 125  99312 130896400 1602372 39614748    0    0 1601632 1066132 322971 1086894 56 20  3 21  0  0
134 143  99312 130917956 1602372 39614844    0    0 1616672 1089748 300071 905945 59 19  4 18  0  0
66 77  99312 130921508 1602376 39614928    0    0 1813712 1146876 329454 972534 64 22  2 12  0  0
139 119  99312 130916064 1602376 39615060    0    0 1524352 1046324 293303 983820 50 18  6 25  0  0
57 56  99312 130887564 1602376 39615144    0    0 1579040 1002228 302347 977072 58 19  3 20  0  0
68 146  99312 130888412 1602376 39615236    0    0 1519824 1004576 295584 940773 56 18  4 22  0  0
58 70  99312 130914324 1602376 39615328    0    0 1544848 1053088 293510 900965 56 17  5 22  0  0
106 185  99312 130915336 1602380 39615420    0    0 1578432 1041064 298920 952198 59 18  3 20  0  0
152 115  99312 130911204 1602384 39615512    0    0 1618896 1049180 295230 918573 60 19  4 18  0  0
procs -----------memory---------- ---swap-- -----io---- -system-- -------cpu-------
 r  b   swpd   free   buff  cache   si   so    bi    bo   in   cs us sy id wa st gu
52 75  99312 130916948 1602384 39615600    0    0 1533776 1013992 307031 1006375 53 18  4 24  0  0
183 87  99312 130911024 1602388 39615692    0    0 1574512 1069728 294965 929549 57 19  6 18  0  0
126 163  99312 130907928 1602388 39615780    0    0 1590656 1047692 294205 882427 59 19  3 19  0  0
76 137  99312 130897064 1602392 39615872    0    0 1553120 999228 292355 924315 56 18  4 22  0  0
99 149  99312 130897696 1602392 39615956    0    0 1555200 1030652 301823 979644 57 19  5 19  0  0
101 173  99312 130913968 1602392 39616036    0    0 1503632 1011704 297725 968398 56 18  5 21  0  0
57 217  99312 130895868 1602392 39616120    0    0 1554608 1042552 301500 970933 59 18  4 19  0  0
134 124  99312 130896676 1602392 39616216    0    0 1634784 1028320 304087 951404 61 20  3 17  0  0
36 153  99312 130898156 1602396 39616300    0    0 1580784 1026780 310820 1034617 55 18  4 22  0  0
52 95  99312 130919724 1602396 39616388    0    0 1561824 1043388 306657 989200 58 17  4 21  0  0
88 146  99312 130928200 1602396 39616472    0    0 1597296 1037576 305574 978139 54 18  5 23  0  0
76 172  99312 130913920 1602396 39616564    0    0 1579376 1051844 306786 954670 59 19  3 19  0  0
38 234  99312 130903156 1602396 39616640    0    0 1566368 1036740 296881 949815 54 18  4 24  0  0
93 169  99312 130900984 1602400 39616740    0    0 1525120 961736 295332 965880 56 18  4 22  0  0
151 93  99312 130907088 1602400 39616824    0    0 1582704 1046388 293113 881110 59 19  5 18  0  0
98 177  99312 130886152 1602400 39616908    0    0 1741952 1125240 315058 940041 60 21  3 16  0  0
219 63  99312 130881996 1602404 39617000    0    0 1757984 1131564 314223 918067 65 21  2 12  0  0
121 129  99312 130899656 1602404 39617096    0    0 1727408 1098272 323850 1019325 60 21  3 16  0  0
154 119  99312 130900056 1602412 39617180    0    0 1720624 1132860 323556 990953 65 21  2 12  0  0
96 116  99312 130885024 1602416 39617272    0    0 1753616 1123572 329642 1016492 63 21  3 14  0  0
49 159  99312 130885848 1602416 39617348    0    0 1694656 1106972 316793 1006741 58 20  3 18  0  0
procs -----------memory---------- ---swap-- -----io---- -system-- -------cpu-------
 r  b   swpd   free   buff  cache   si   so    bi    bo   in   cs us sy id wa st gu
63 120  99312 130889296 1602416 39617448    0    0 1629456 1034956 309440 967733 60 20  4 16  0  0
101 139  99312 130897224 1602416 39617520    0    0 1611552 1059508 307552 967648 55 18  4 23  0  0
185 82  99312 130901320 1602424 39617600    0    0 1714944 1128300 310701 915704 64 20  2 14  0  0
166 69  99312 130885400 1602424 39617692    0    0 1754880 1129892 308039 924639 60 20  3 17  0  0
176 99  99312 130878564 1602424 39617792    0    0 1759328 1107872 312868 920660 64 21  2 13  0  0
96 164  99312 130872536 1602424 39617888    0    0 1702192 1120468 319739 1000494 59 20  3 17  0  0
93 85  99312 130863396 1602424 39617980    0    0 1707376 1143604 317174 943268 63 21  2 14  0  0
79 128  99312 130871056 1602424 39618068    0    0 1735952 1096708 330541 1032663 61 21  3 15  0  0
96 187  99312 130883212 1602424 39618160    0    0 1648720 1070380 305934 922940 61 20  3 16  0  0
72 161  99312 130894240 1602432 39618236    0    0 1610368 1061144 308012 984555 56 19  4 21  0  0
150 110  99312 130889152 1602432 39618328    0    0 1686080 1104208 313680 942553 63 20  3 14  0  0
18 101  99312 130892828 1602436 39618424    0    0 1688416 1101220 311601 970371 58 20  4 18  0  0
160 133  99312 130880064 1602440 39618516    0    0 1694176 1096720 308344 934193 62 20  4 15  0  0
61 118  99312 130889788 1602444 39618600    0    0 1677040 1073016 323785 1030584 59 20  3 18  0  0
81 156  99312 130895732 1602444 39618688    0    0 1687040 1108696 309893 942037 62 19  3 16  0  0
94 127  99312 130901440 1602444 39618776    0    0 1710608 1092720 320933 1001171 59 20  3 17  0  0
62 188  99312 130898856 1602444 39618872    0    0 1652288 1082428 308185 924676 60 20  3 16  0  0
56 139  99312 130881772 1602448 39618948    0    0 1576928 1034348 306014 969166 54 19  4 23  0  0
150 104  99312 130886684 1602448 39619036    0    0 1611488 1060212 298756 898523 59 19  4 19  0  0
60 70  99312 130887140 1602448 39619120    0    0 1707504 1115292 317694 972859 60 20  3 17  0  0
175 93  99312 130882580 1602448 39619216    0    0 1740160 1136976 311279 915527 64 21  3 12  0  0
procs -----------memory---------- ---swap-- -----io---- -system-- -------cpu-------
 r  b   swpd   free   buff  cache   si   so    bi    bo   in   cs us sy id wa st gu
49 159  99312 130878808 1602448 39619288    0    0 1733648 1102920 328809 1013543 61 21  3 15  0  0
102 128  99312 130870664 1602452 39619388    0    0 1733936 1127052 331544 1045500 60 21  3 15  0  0
77 182  99312 130893824 1602456 39619532    0    0 1703984 1166856 316238 960010 59 20  3 18  0  0
115 175  99312 130893428 1602456 39619628    0    0 1672368 1071976 302111 931750 61 20  3 16  0  0
127 108  99312 130886420 1602460 39619708    0    0 1685840 1053560 319050 1009086 59 21  3 18  0  0
44 117  99312 130896372 1602460 39619792    0    0 1581392 1055448 308714 985911 58 18  3 20  0  0
75 154  99312 130898068 1602464 39619892    0    0 1709280 1111724 311706 949067 63 19  3 14  0  0
52 156  99312 130902560 1602464 39619956    0    0 1739424 1122080 321125 976860 60 21  3 16  0  0
118 116  99312 130896140 1602464 39620044    0    0 1730304 1108316 312516 916498 64 20  2 13  0  0
75 190  99312 130887148 1602464 39620148    0    0 1675680 1137172 325799 1019388 59 20  4 18  0  0
158 91  99312 130870820 1602464 39620232    0    0 1760672 1094212 319564 955110 66 21  2 11  0  0
44 116  99312 130847516 1602472 39620332    0    0 1694384 1109284 321487 1042069 60 21  2 17  0  0
85 150  99312 130849276 1602472 39620424    0    0 1655744 1041288 310746 959503 62 20  2 16  0  0
135 102  99312 130871176 1602472 39620512    0    0 1633456 1039784 314210 1026466 58 20  3 20  0  0
210 77  99312 130870228 1602472 39620584    0    0 1679120 1119996 310325 906968 62 20  3 15  0  0
118 139  99312 130867572 1602472 39620684    0    0 1813216 1091016 332025 1003276 63 22  2 13  0  0
78 179  99312 130888360 1602484 39620756    0    0 1752736 1129300 324350 992204 60 21  3 16  0  0
78 171  99312 130881540 1602484 39620876    0    0 1724352 1120320 324689 980269 60 21  3 17  0  0
113 164  99312 130902808 1602484 39620948    0    0 1731504 1155436 308229 915378 62 20  4 14  0  0
122 135  99312 130888648 1602484 39621028    0    0 1740864 1110644 325956 1024440 61 21  2 16  0  0
89 159  99312 130895468 1602484 39621116    0    0 1656272 1127056 304420 918630 56 20  5 19  0  0
procs -----------memory---------- ---swap-- -----io---- -system-- -------cpu-------
 r  b   swpd   free   buff  cache   si   so    bi    bo   in   cs us sy id wa st gu
122 139  99312 130926016 1602492 39621224    0    0 1635712 1073632 299340 872107 59 20  5 16  0  0
107 84  99312 130900552 1602492 39621312    0    0 1669792 1104676 311236 984705 57 20  4 19  0  0
174 60  99312 130889160 1602492 39621388    0    0 1815520 1191996 317789 884455 67 22  2  9  0  0
162 90  99312 130864604 1602492 39621476    0    0 1836544 1188440 326871 941637 64 22  2 12  0  0
157 75  99312 130866012 1602492 39621584    0    0 1806752 1185764 330911 955186 63 22  2 13  0  0
175 92  99312 130859428 1602500 39621668    0    0 1855440 1195208 327320 937907 64 23  2 12  0  0
152 109  99312 130869244 1602500 39621776    0    0 1875600 1191276 333313 955705 65 23  2 10  0  0
90 189  99312 130894384 1602500 39621856    0    0 1743264 1174216 323742 966231 60 21  3 16  0  0
97 159  99312 130881496 1602500 39621936    0    0 1672592 1076348 313850 966130 62 20  3 16  0  0
120 107  99312 130874920 1602500 39622024    0    0 1618672 1048748 303369 969434 55 19  3 23  0  0
38 38  99312 130881176 1602508 39622112    0    0 1814080 1197708 318434 901501 66 21  2 12  0  0
40 221  99312 130878576 1602508 39622180    0    0 1856240 1182292 327295 938784 64 22  2 12  0  0
71 198  99312 130878692 1602508 39622272    0    0 1825120 1171824 327702 961613 63 23  2 12  0  0
78 179  99312 130881312 1602508 39622356    0    0 1861456 1196968 330694 938977 64 23  2 11  0  0
103 101  99312 130873816 1602508 39622456    0    0 1858352 1187848 329247 958170 64 23  2 11  0  0
46 210  99312 130876192 1602516 39622540    0    0 1718096 1138412 323273 1002212 59 21  3 16  0  0
122 141  99312 130885708 1602516 39622624    0    0 1611808 1058452 308176 950529 54 19  3 23  0  0
174 72  99312 130887544 1602516 39622720    0    0 1658624 1104636 305783 926204 61 20  4 15  0  0
149 120  99312 130900020 1602516 39622804    0    0 1843552 1170308 324306 957562 63 22  3 11  0  0
33 192  99312 130883812 1602516 39622892    0    0 1827008 1184216 329414 967361 63 22  2 12  0  0
68 75  99312 130878728 1602520 39622976    0    0 1808752 1181272 329485 985627 63 22  3 12  0  0
procs -----------memory---------- ---swap-- -----io---- -system-- -------cpu-------
 r  b   swpd   free   buff  cache   si   so    bi    bo   in   cs us sy id wa st gu
98 179  99312 130865588 1602520 39623068    0    0 1837872 1189044 331767 971885 64 22  2 12  0  0
50 132  99312 130874508 1602520 39623152    0    0 1843168 1172952 326733 943379 63 22  2 12  0  0
23 129  99312 130891396 1602520 39623248    0    0 1682272 1118704 319360 1013672 58 19  3 20  0  0
40 150  99312 130878812 1602520 39623320    0    0 1617392 1072116 313296 985152 60 19  3 18  0  0
32 214  99312 130898564 1602528 39623428    0    0 1733216 1125872 309473 921961 58 21  4 16  0  0
38 212  99312 130879568 1602528 39623516    0    0 1866384 1179452 314769 867109 68 22  2  8  0  0
34 201  99312 130875996 1602528 39623604    0    0 1839392 1179512 331400 967419 64 22  1 12  0  0
22 216  99312 130888788 1602528 39623696    0    0 1798592 1192864 335550 996706 64 22  2 13  0  0
28 224  99312 130873104 1602528 39623772    0    0 1865488 1197496 330130 948080 65 22  2 11  0  0
23 215  99312 130874512 1602532 39623848    0    0 1858784 1171420 334364 970494 64 23  2 11  0  0
23 90  99312 130881568 1602532 39623960    0    0 1681424 1078184 319963 1024070 58 20  3 18  0  0
46 167  99312 130875024 1602532 39624036    0    0 1624208 1085364 310233 985731 62 20  3 16  0  0
39 178  99312 130868892 1602532 39624124    0    0 1741440 1115884 322285 954883 60 21  2 16  0  0
133 153  99312 130855368 1602532 39624196    0    0 1849888 1184268 319348 871594 68 22  1  8  0  0
36 173  99312 130857732 1602540 39624280    0    0 1870000 1171632 328336 939633 65 23  1 11  0  0
127 152  99312 130860980 1602540 39624392    0    0 1815600 1182552 328410 955350 62 21  2 14  0  0
76 111  99312 130874944 1602544 39624472    0    0 1845184 1208628 329087 933302 64 22  2 12  0  0
58 110  99312 130864768 1602544 39624564    0    0 1803104 1164588 326877 970430 63 22  2 13  0  0
39 240  99312 130881184 1602552 39624640    0    0 1557712 1081188 305639 970725 53 18  4 24  0  0
23 124  99312 130896136 1602560 39624748    0    0 1577408 988760 293190 921885 57 19  3 21  0  0
134 69  99312 130883528 1602560 39624900    0    0 1734176 1116216 309179 866931 63 20  3 14  0  0
procs -----------memory---------- ---swap-- -----io---- -system-- -------cpu-------
 r  b   swpd   free   buff  cache   si   so    bi    bo   in   cs us sy id wa st gu
144 117  99312 130889116 1602560 39624976    0    0 1827376 1199412 318772 904016 63 22  3 13  0  0
60 128  99312 130873740 1602560 39625068    0    0 1822352 1164292 323031 956612 63 22  2 13  0  0
80 125  99312 130878520 1602564 39625160    0    0 1801824 1177468 322546 914978 62 22  3 14  0  0
62 112  99312 130887636 1602568 39625232    0    0 1833072 1185632 332273 975301 64 23  2 12  0  0
60 206  99312 130889084 1602568 39625320    0    0 1750096 1165632 323840 995951 60 21  2 16  0  0
73 190  99312 130889980 1602568 39625408    0    0 1591568 1027184 295396 945316 59 19  3 19  0  0
98 165  99312 130896204 1602568 39625484    0    0 1548256 1030096 298367 967593 58 18  4 20  0  0
40 151  99312 130905756 1602568 39625592    0    0 1731264 1117468 313728 909613 63 20  3 14  0  0
158 104  99312 130901256 1602576 39625652    0    0 1832272 1193364 330332 967116 63 22  2 13  0  0
53 81  99312 130889712 1602576 39625744    0    0 1809680 1159524 326864 980026 63 22  3 13  0  0
54 63  99312 130892476 1602576 39625832    0    0 1808000 1181212 324027 952203 63 22  2 14  0  0
138 94  99312 130884864 1602580 39625936    0    0 1839136 1179760 332180 976478 64 22  2 12  0  0
82 123  99312 130868148 1602580 39626024    0    0 1740080 1112160 325149 1039935 61 21  2 16  0  0
33 150  99312 130869344 1602584 39626108    0    0 1591632 1059852 311883 1033350 56 19  3 22  0  0
59 153  99312 130861772 1602584 39626220    0    0 1637792 1033732 310545 1012282 61 20  2 17  0  0
161 75  99312 130860872 1602588 39626284    0    0 1733440 1101692 315565 936472 59 21  3 17  0  0
218 60  99312 130887372 1602588 39626388    0    0 1855504 1169136 316859 870996 68 22  2  8  0  0
84 131  99312 130883168 1602588 39626488    0    0 1846320 1159148 331300 983380 64 22  2 12  0  0
44 74  99312 130869328 1602592 39626564    0    0 1800704 1186932 335038 1002784 63 22  2 13  0  0
44 127  99312 130869672 1602596 39626644    0    0 1832448 1196484 332517 965752 63 22  2 12  0  0
50 73  99312 130872752 1602596 39626728    0    0 1738864 1101516 329152 1060530 60 20  2 17  0  0
procs -----------memory---------- ---swap-- -----io---- -system-- -------cpu-------
 r  b   swpd   free   buff  cache   si   so    bi    bo   in   cs us sy id wa st gu
86 119  99312 130873224 1602596 39626832    0    0 1565952 1052948 298991 962375 57 18  4 21  0  0
113 115  99312 130891464 1602600 39626928    0    0 1683552 1091988 307043 939460 63 20  2 15  0  0
45 50  99312 130891684 1602604 39627000    0    0 1683616 1104252 316173 972802 58 20  3 19  0  0
110 118  99312 130886096 1602628 39627072    0    0 1820960 1182040 318995 869739 67 22  2  9  0  0
84 120  99312 130884876 1602628 39627204    0    0 1834112 1172320 323407 935176 63 22  2 13  0  0
88 135  99312 130897924 1602628 39627296    0    0 1820240 1195444 322348 917058 62 22  3 13  0  0
31 49  99312 130866484 1602632 39627364    0    0 1802432 1206028 331927 997039 63 22  2 13  0  0
60 148  99312 130871192 1602636 39627464    0    0 1736096 1135080 320220 996893 59 21  3 17  0  0
107 138  99312 130877336 1602636 39627556    0    0 1542048 1025384 302388 969505 57 18  4 21  0  0
121 103  99312 130878144 1602636 39627636    0    0 1633856 1060460 307204 952960 61 19  4 16  0  0
81 157  99312 130892432 1602640 39627728    0    0 1762912 1129124 323457 995894 61 21  3 15  0  0
46 106  99312 130882520 1602640 39627812    0    0 1820560 1187272 329142 969546 63 22  2 13  0  0
54 125  99312 130887740 1602652 39627888    0    0 1791280 1172416 331605 1034308 62 21  2 15  0  0
68 109  99312 130884576 1602652 39627980    0    0 1819584 1165924 330040 988017 64 22  2 13  0  0
61 141  99312 130870284 1602652 39628076    0    0 1815136 1178484 332480 990467 63 22  2 13  0  0
26 84  99312 130865928 1602660 39628164    0    0 1800160 1141240 324020 1001667 62 22  3 13  0  0
37 47  99312 130875216 1602660 39628240    0    0 1588032 1021132 306601 1027796 54 19  4 23  0  0
135 109  99312 130860676 1602672 39628320    0    0 1576208 1058348 300510 969863 59 19  4 19  0  0
61 162  99312 130865288 1602672 39628424    0    0 1748528 1117212 315368 946664 60 21  3 16  0  0
72 135  99312 130850212 1602672 39628508    0    0 1840816 1182612 331899 964416 64 23  2 12  0  0
71 78  99312 130840504 1602672 39628588    0    0 1819872 1173592 324771 950338 63 22  2 13  0  0
procs -----------memory---------- ---swap-- -----io---- -system-- -------cpu-------
 r  b   swpd   free   buff  cache   si   so    bi    bo   in   cs us sy id wa st gu
52 82  99312 130865336 1602672 39628684    0    0 1818560 1202340 325836 947781 62 23  2 13  0  0
58 88  99312 130855424 1602684 39628776    0    0 1835632 1182672 330860 976541 64 23  2 12  0  0
61 99  99312 130841008 1602684 39628872    0    0 1786432 1170956 324504 956115 63 22  2 13  0  0
53 110  99312 130852648 1602684 39628944    0    0 1619904 1048784 311564 1032498 56 19  4 21  0  0
60 129  99312 130874232 1602684 39629036    0    0 1604240 1036760 310434 1024092 59 18  3 19  0  0
60 80  99312 130890180 1602684 39629128    0    0 1662080 1107368 317135 985393 58 19  4 19  0  0
110 83  99312 130880816 1602688 39629212    0    0 1818544 1166616 318530 876624 67 22  1 10  0  0
53 68  99312 130873292 1602688 39629296    0    0 1814416 1179760 324612 946048 62 22  3 13  0  0
42 49  99312 130858940 1602688 39629380    0    0 1811728 1166812 324603 973851 62 22  2 14  0  0
45 92  99312 130873088 1602688 39629468    0    0 1823088 1184900 326905 949687 63 22  3 13  0  0
73 140  99312 130886096 1602688 39629576    0    0 1759344 1156140 326498 1014438 60 21  4 15  0  0
46 76  99312 130896932 1602692 39629660    0    0 1536912 1039468 295849 952740 51 18  4 27  0  0
57 90  99312 130870720 1602692 39629752    0    0 1600928 1044264 309681 1004897 60 19  3 18  0  0
82 115  99312 130881552 1602696 39629832    0    0 1605056 1053944 312918 999458 55 19  4 22  0  0
119 96  99312 130869532 1602700 39629932    0    0 1802384 1190616 316544 873575 67 22  1 10  0  0
112 111  99312 130864824 1602700 39630028    0    0 1819392 1158208 330188 975295 63 22  2 12  0  0
67 112  99312 130856332 1602708 39630120    0    0 1807056 1202132 324273 936471 62 22  2 14  0  0
32 42  99312 130866012 1602708 39630276    0    0 1848832 1178868 327793 957161 63 21  2 13  0  0
78 140  99312 130881152 1602708 39630368    0    0 1799008 1164316 330580 988176 62 22  3 13  0  0
19 121  99312 130884224 1602708 39630472    0    0 1605904 1068636 306660 979254 55 19  4 22  0  0
54 164  99312 130876028 1602708 39630548    0    0 1614576 1033884 311647 1020357 60 19  3 18  0  0
procs -----------memory---------- ---swap-- -----io---- -system-- -------cpu-------
 r  b   swpd   free   buff  cache   si   so    bi    bo   in   cs us sy id wa st gu
28 78  99312 130881804 1602716 39630624    0    0 1591760 1090200 311158 984555 54 19  4 23  0  0
55 61  99312 130865144 1602716 39630724    0    0 1829648 1163108 317532 906374 68 22  2  9  0  0
74 141  99312 130858392 1602720 39630796    0    0 1854688 1174268 330053 963993 64 22  2 12  0  0
65 80  99312 130843652 1602724 39630900    0    0 1851696 1195896 329246 953966 64 23  1 12  0  0
96 105  99312 130863356 1602728 39630988    0    0 1829472 1190248 329842 949039 64 22  2 12  0  0
55 151  99312 130841080 1602728 39631080    0    0 1768048 1124800 326050 992179 62 22  2 15  0  0
69 65  99312 130862240 1602732 39631168    0    0 1601872 1105532 307531 970497 55 19  4 22  0  0
56 94  99312 130870936 1602736 39631260    0    0 1669168 1048224 312067 968926 62 20  2 16  0  0
46 74  99312 130865556 1602736 39631340    0    0 1686928 1095804 313608 979920 58 20  3 19  0  0
48 77  99312 130882916 1602736 39631420    0    0 1843968 1183444 324703 906630 69 21  2  9  0  0
76 112  99312 130887820 1602740 39631492    0    0 1839632 1173960 326682 952850 64 22  2 12  0  0
37 37  99312 130878472 1602744 39631596    0    0 1816992 1230328 326820 952167 63 22  3 13  0  0
95 85  99312 130877824 1602744 39631668    0    0 1858160 1160016 336070 1000680 65 23  1 11  0  0
56 116  99312 130863252 1602744 39631752    0    0 1768688 1151896 330532 1020555 63 22  2 14  0  0
66 118  99312 130857028 1602744 39631856    0    0 1609280 1043272 313908 1061082 56 19  3 22  0  0
91 114  99312 130861048 1602748 39631952    0    0 1673776 1062504 306740 941034 62 20  3 15  0  0
50 138  99312 130862992 1602748 39632044    0    0 1710992 1084552 321050 1012776 61 21  2 17  0  0
86 98  99312 130857048 1602752 39632108    0    0 1793664 1189516 324362 950652 62 22  2 13  0  0
130 74  99312 130861096 1602752 39632208    0    0 1846304 1160228 328512 953996 64 22  2 11  0  0
59 135  99312 130839020 1602752 39632300    0    0 1852400 1185904 332874 969164 64 23  1 12  0  0
27 55  99312 130849120 1602756 39632388    0    0 1799776 1198252 331183 988702 63 22  2 13  0  0
procs -----------memory---------- ---swap-- -----io---- -system-- -------cpu-------
 r  b   swpd   free   buff  cache   si   so    bi    bo   in   cs us sy id wa st gu
49 138  99312 130862624 1602756 39632460    0    0 1799792 1151584 327896 986773 62 22  3 13  0  0
53 110  99312 130896320 1602756 39632572    0    0 1610272 1085048 315904 1065745 55 18  4 23  0  0
50 83  99312 130891960 1602756 39632636    0    0 1587984 1059580 301064 962119 60 18  3 19  0  0
166 105  99312 130888184 1602756 39632720    0    0 1645856 1110340 308940 975909 56 19  4 20  0  0
23 54  99312 130886072 1602764 39632812    0    0 1821696 1171136 317850 869176 67 22  2 10  0  0
64 92  99312 130851956 1602764 39632896    0    0 1830880 1170788 334680 1016923 64 22  2 12  0  0
94 125  99312 130860652 1602764 39632984    0    0 1811584 1197672 330342 951141 63 22  2 13  0  0
96 122  99312 130867364 1602764 39633072    0    0 1813184 1200564 328680 940358 62 22  2 13  0  0
71 96  99312 130867676 1602764 39633164    0    0 1801392 1117648 334904 1025005 63 22  2 12  0  0
94 105  99312 130862384 1602768 39633260    0    0 1588928 1038444 317758 1064922 56 19  3 22  0  0
40 73  99312 130873704 1602768 39633344    0    0 1580048 1084380 293150 880697 58 18  3 21  0  0
59 117  99312 130858200 1602768 39633440    0    0 1760864 1112264 308764 872432 64 21  3 11  0  0
45 45  99312 130859056 1602768 39633524    0    0 1802992 1197444 320718 930520 61 22  2 14  0  0
35 65  99312 130857960 1602768 39633604    0    0 1823808 1178956 325468 959070 62 22  2 14  0  0
87 84  99312 130858852 1602776 39633676    0    0 1829392 1195692 329004 962159 62 21  2 14  0  0
81 117  99312 130864996 1602776 39633760    0    0 1831856 1193760 330926 967519 63 22  2 13  0  0
61 78  99312 130860308 1602776 39633848    0    0 1701968 1126124 327073 1042555 60 21  2 17  0  0
51 167  99312 130853824 1602776 39633944    0    0 1628032 1049080 312086 975078 61 20  2 17  0  0
75 113  99312 130863232 1602776 39634032    0    0 1636496 1090592 303337 950572 55 20  4 21  0  0
85 131  99312 130850544 1602776 39634256    0    0 1676448 1095960 309823 960515 63 20  3 15  0  0
68 75  99312 130846596 1602776 39634360    0    0 1836784 1189524 328346 945878 64 22  2 12  0  0
procs -----------memory---------- ---swap-- -----io---- -system-- -------cpu-------
 r  b   swpd   free   buff  cache   si   so    bi    bo   in   cs us sy id wa st gu
115 112  99312 130835932 1602776 39634436    0    0 1826880 1175504 331127 983308 63 22  2 13  0  0
94 123  99312 130825756 1602776 39634524    0    0 1856928 1187904 333237 943563 65 23  1 11  0  0
69 166  99312 130850512 1602784 39634612    0    0 1786432 1227304 330872 966519 62 22  4 12  0  0
22 25  99312 130852992 1602784 39634688    0    0 1748432 1098888 321091 991063 61 21  3 15  0  0
31 72  99312 130853044 1602784 39634772    0    0 1627072 1022832 309390 1012824 56 20  4 21  0  0
11 22  99312 130874156 1602784 39634860    0    0 1536592 1119592 304235 953799 57 18  5 20  0  0
57 93  99312 130893308 1602784 39634944    0    0 1817056 1102740 310732 913602 66 21  1 12  0  0
37 80  99312 130890328 1602792 39635048    0    0 1836816 1179960 323602 918890 63 22  2 13  0  0
54 60  99312 130880080 1602792 39635144    0    0 1809168 1192688 329907 974905 62 22  3 13  0  0
77 107  99312 130866264 1602792 39635236    0    0 1835840 1184176 325719 940191 63 22  2 13  0  0
41 96  99312 130861860 1602792 39635312    0    0 1832160 1183872 331960 969251 64 22  1 12  0  0
50 62  99312 130860024 1602792 39635392    0    0 1654672 1124640 320644 1026210 58 20  3 19  0  0
39 122  99312 130857964 1602796 39635484    0    0 1635840 1046864 304583 937102 60 20  3 17  0  0
137 94  99312 130862676 1602796 39635580    0    0 1668480 1059188 304844 932413 62 20  2 17  0  0
85 76  99312 130857948 1602796 39635760    0    0 1713072 1162120 322679 984514 59 21  3 17  0  0
24 69  99312 130866176 1602796 39635832    0    0 1833184 1158612 320593 891151 68 22  1  9  0  0
84 133  99312 130861272 1602796 39635948    0    0 1818768 1181352 331511 997583 63 22  2 13  0  0
37 32  99312 130858092 1602800 39636028    0    0 1804112 1180776 325551 946071 62 22  2 13  0  0
22 61  99312 130857320 1602800 39636128    0    0 1830048 1183576 326733 948107 63 23  2 12  0  0
92 118  99312 130879356 1602800 39636192    0    0 1661440 1079780 322002 1074390 57 19  3 21  0  0
27 42  99312 130892828 1602800 39636292    0    0 1598688 1083372 294811 876095 58 18  5 18  0  0
procs -----------memory---------- ---swap-- -----io---- -system-- -------cpu-------
 r  b   swpd   free   buff  cache   si   so    bi    bo   in   cs us sy id wa st gu
131 102  99312 130911080 1602800 39636372    0    0 1614800 1093068 310871 989862 55 19  5 21  0  0
71 68  99312 130893312 1602804 39636444    0    0 1686032 1059356 316547 999120 63 20  2 15  0  0
26 27  99312 130867880 1602804 39636552    0    0 1806496 1207444 328281 955398 62 22  2 13  0  0
50 71  99312 130866952 1602804 39636632    0    0 1827664 1158460 327537 965324 62 22  2 13  0  0
51 55  99312 130871128 1602808 39636728    0    0 1841872 1183844 333216 981394 64 23  1 12  0  0
71 72  99312 130857632 1602808 39636816    0    0 1842160 1188408 328726 947049 64 23  2 12  0  0
10 23  99312 130873760 1602812 39636884    0    0 1622192 1152896 317173 1004141 56 20  5 19  0  0
39 102  99312 130861072 1602812 39636976    0    0 1714800 1018644 314702 1003457 64 21  2 13  0  0
53 130  99312 130866812 1602812 39637068    0    0 1625616 1070324 307663 969976 55 19  3 22  0  0
