procs -----------memory---------- ---swap-- -----io---- -system-- -------cpu-------
 r  b   swpd   free   buff  cache   si   so    bi    bo   in   cs us sy id wa st gu
 5  0  99312 135393544 1591924 39061772    0    1 11787 15673 8958    2  2  0 98  0  0  0
 2  0  99312 135387116 1591924 39061900    0    0     0 320004 95710 56455  1  1 98  0  0  0
69  1  99312 135367820 1591928 39062012    0    0     0 301020 95482 71398 79  2 19  0  0  0
52  0  99312 135365564 1591928 39062104    0    0     0 339552 113446 70223 77  2 21  0  0  0
56 14  99312 135256548 1591936 39062208    0    0 661040 493808 268797 635114 42  9 40  9  0  0
46 29  99312 135207408 1591936 39062292    0    0 1459696 645516 283610 1179959 45 15 23 17  0  0
48 21  99312 135190560 1591936 39062384    0    0 1467216 646812 275941 1182462 45 15 23 17  0  0
43 39  99312 135184940 1591936 39062480    0    0 1437632 730784 292414 1179739 44 15 23 18  0  0
38 34  99312 135202456 1591936 39062568    0    0 1433584 751856 276708 1184735 44 14 24 18  0  0
45 24  99312 135206100 1591944 39062652    0    0 1341184 697392 259788 1092912 40 12 26 22  0  0
43 26  99312 135199576 1591944 39062736    0    0 1408800 755316 273863 1167211 43 14 24 19  0  0
26 47  99312 135184940 1591944 39062832    0    0 1411360 766028 274486 1167100 43 14 24 19  0  0
46 24  99312 135179828 1591944 39062920    0    0 1393952 767536 274645 1148780 44 15 23 18  0  0
48 21  99312 135190912 1591944 39063004    0    0 1384976 818308 276334 1158722 44 15 23 18  0  0
61 16  99312 135189168 1591948 39063088    0    0 1367920 817484 274781 1142481 45 15 22 18  0  0
41 34  99312 135175984 1591948 39063172    0    0 1345296 817364 273426 1130042 45 15 23 17  0  0
42 35  99312 135175164 1591948 39063276    0    0 1259840 779244 255307 1045998 41 14 24 21  0  0
42 24  99312 135173424 1591948 39063360    0    0 1333536 847508 272700 1125823 44 15 23 18  0  0
46 26  99312 135190196 1591948 39063444    0    0 1348672 868392 274112 1136133 44 14 24 19  0  0
33 38  99312 135214052 1591952 39063528    0    0 1341024 856624 275269 1134913 45 16 23 17  0  0
41 29  99312 135191064 1591952 39063612    0    0 1341008 874564 275949 1136469 45 15 22 18  0  0
procs -----------memory---------- ---swap-- -----io---- -system-- -------cpu-------
 r  b   swpd   free   buff  cache   si   so    bi    bo   in   cs us sy id wa st gu
37 31  99312 135171200 1591952 39063728    0    0 1256416 820176 258991 1053461 40 14 24 21  0  0
39 37  99312 135183888 1591956 39063804    0    0 1310352 856532 268962 1105573 43 15 23 19  0  0
41 40  99312 135178228 1591956 39063896    0    0 1330864 848948 272620 1122253 44 15 23 18  0  0
49 23  99312 135201868 1591964 39063976    0    0 1339552 854336 273979 1128993 44 15 23 18  0  0
40 33  99312 135191076 1591964 39064072    0    0 1345776 870536 275024 1139765 45 15 23 18  0  0
29 58  99312 135172916 1591964 39064156    0    0 1337536 866832 274585 1133732 44 15 23 18  0  0
58 11  99312 135158828 1591964 39064248    0    0 1340480 852432 272647 1127489 43 14 24 19  0  0
33 49  99312 135187040 1591964 39064328    0    0 1246368 811872 254782 1040898 40 13 25 22  0  0
48 22  99312 135193536 1591968 39064432    0    0 1347888 846436 274166 1134612 44 15 23 18  0  0
55 14  99312 135189208 1591968 39064532    0    0 1350656 865960 275668 1141935 45 15 22 18  0  0
51 17  99312 135184636 1591968 39064612    0    0 1350368 882008 276577 1144440 45 15 22 18  0  0
29 40  99312 135171444 1591972 39064688    0    0 1289328 843484 265223 1086115 42 14 24 20  0  0
48 27  99312 135173232 1591972 39064788    0    0 1295712 832912 264059 1089027 42 15 24 20  0  0
47 32  99312 135176556 1591972 39064884    0    0 1349552 862140 275330 1133558 44 15 22 18  0  0
50 21  99312 135186768 1591972 39064976    0    0 1332656 857568 273875 1126045 44 15 23 18  0  0
47 40  99312 135205444 1591972 39065060    0    0 1341120 865712 273384 1129390 44 15 23 18  0  0
45 24  99312 135208528 1591972 39065140    0    0 1348560 877664 273310 1134843 44 14 24 19  0  0
33 38  99312 135192020 1591980 39065232    0    0 1330128 869116 273821 1129340 44 15 23 18  0  0
58 21  99312 135172736 1591984 39065328    0    0 1299264 834672 266445 1097844 42 14 24 19  0  0
41 30  99312 135170684 1591984 39065428    0    0 1268448 861028 262593 1072993 41 14 24 21  0  0
57 15  99312 135183316 1591984 39065508    0    0 1339504 883168 276195 1138876 45 15 22 18  0  0
procs -----------memory---------- ---swap-- -----io---- -system-- -------cpu-------
 r  b   swpd   free   buff  cache   si   so    bi    bo   in   cs us sy id wa st gu
57 25  99312 135179788 1591984 39065600    0    0 1335184 877368 273792 1126266 44 15 23 18  0  0
38 43  99312 135162696 1591988 39065688    0    0 1295856 848288 264863 1092871 43 14 24 19  0  0
48 21  99312 135179524 1591992 39065772    0    0 1274432 843740 262455 1074025 41 14 24 20  0  0
46 31  99312 135171076 1591992 39065924    0    0 1341216 877628 275472 1140195 44 15 23 18  0  0
47 24  99312 135172256 1591992 39066016    0    0 1339552 882804 273540 1128630 43 14 24 19  0  0
52 18  99312 135184080 1591992 39066112    0    0 1335984 879380 272272 1122496 44 14 23 19  0  0
48 24  99312 135176556 1591992 39066200    0    0 1341280 881072 275223 1135905 44 15 23 18  0  0
35 40  99312 135175864 1592004 39066272    0    0 1326912 887672 273310 1122266 44 15 23 18  0  0
45 26  99312 135160404 1592004 39066376    0    0 1316416 853848 271009 1111806 43 15 23 19  0  0
44 34  99312 135165460 1592004 39066468    0    0 1248912 830104 257805 1053221 40 14 25 21  0  0
51 29  99312 135169936 1592004 39066560    0    0 1336496 869044 273736 1129160 44 15 22 18  0  0
48 21  99312 135168916 1592004 39066668    0    0 1346928 872488 276757 1143823 45 15 23 18  0  0
44 41  99312 135168368 1592016 39066756    0    0 1345600 894536 277191 1144378 45 15 23 18  0  0
34 49  99312 135174756 1592016 39066844    0    0 1239552 813000 254648 1038248 40 13 25 22  0  0
55 23  99312 135193768 1592016 39066928    0    0 1349904 877324 275487 1139505 44 14 24 19  0  0
46 27  99312 135173332 1592016 39067008    0    0 1338128 888904 275712 1130859 44 15 23 18  0  0
46 31  99312 135159492 1592016 39067096    0    0 1335264 877096 274474 1131388 44 15 23 18  0  0
63 14  99312 135147848 1592028 39067188    0    0 1339696 884956 275323 1134109 44 15 23 18  0  0
53 18  99312 135169160 1592028 39067276    0    0 1330512 888740 275084 1130075 44 15 23 18  0  0
43 25  99312 135178308 1592028 39067364    0    0 1323024 870992 272144 1114346 43 15 23 18  0  0
28 43  99312 135171864 1592028 39067464    0    0 1287760 853952 265459 1086608 42 15 24 20  0  0
procs -----------memory---------- ---swap-- -----io---- -system-- -------cpu-------
 r  b   swpd   free   buff  cache   si   so    bi    bo   in   cs us sy id wa st gu
51 21  99312 135154400 1592028 39067552    0    0 1290352 835912 263645 1083482 42 14 24 20  0  0
45 28  99312 135146448 1592028 39067648    0    0 1337280 890324 274867 1129745 44 15 23 18  0  0
47 23  99312 135154556 1592028 39067728    0    0 1349984 897440 276849 1142971 44 14 23 18  0  0
41 34  99312 135175456 1592028 39067804    0    0 1243392 808080 253781 1034487 39 13 26 22  0  0
52 18  99312 135190604 1592028 39067912    0    0 1341920 871256 274207 1133052 44 15 23 18  0  0
32 56  99312 135177960 1592028 39067988    0    0 1334112 879704 272743 1125778 44 15 23 18  0  0
49 23  99312 135173540 1592040 39068084    0    0 1318704 867432 271291 1112684 43 15 23 19  0  0
33 39  99312 135138624 1592040 39068172    0    0 1345024 878744 273996 1134089 44 15 22 18  0  0
40 33  99312 135148296 1592040 39068256    0    0 1338240 885824 275397 1132402 44 15 23 18  0  0
53 27  99312 135153252 1592040 39068340    0    0 1334016 879288 274533 1132363 44 15 23 18  0  0
43 27  99312 135157252 1592040 39068432    0    0 1322480 877968 272557 1121547 44 15 23 18  0  0
30 51  99312 135167148 1592048 39068524    0    0 1240704 823872 254805 1037414 40 13 26 22  0  0
48 28  99312 135182148 1592048 39068612    0    0 1347712 889736 275552 1141106 44 14 24 19  0  0
42 27  99312 135183228 1592048 39068692    0    0 1347040 878532 274577 1135607 44 15 23 18  0  0
33 35  99312 135169748 1592048 39068792    0    0 1290048 853360 263946 1085810 42 14 24 20  0  0
36 53  99312 135144800 1592048 39068880    0    0 1281088 844716 262702 1082133 42 14 24 20  0  0
43 27  99312 135149828 1592060 39068976    0    0 1336272 877348 274073 1131879 44 15 23 18  0  0
32 40  99312 135141876 1592060 39069068    0    0 1339136 878820 274876 1134392 44 15 23 18  0  0
39 55  99312 135151192 1592060 39069152    0    0 1320928 884524 273493 1124765 44 15 23 18  0  0
41 36  99312 135164076 1592060 39069236    0    0 1339328 878476 273065 1129678 44 16 22 18  0  0
36 55  99312 135157520 1592060 39069328    0    0 1336848 878096 275313 1130077 44 15 23 18  0  0
procs -----------memory---------- ---swap-- -----io---- -system-- -------cpu-------
 r  b   swpd   free   buff  cache   si   so    bi    bo   in   cs us sy id wa st gu
44 34  99312 135161656 1592072 39069424    0    0 1326912 878528 271889 1117590 43 14 24 20  0  0
47 28  99312 135170012 1592072 39069492    0    0 1288464 841516 263278 1083721 42 13 24 21  0  0
42 28  99312 135180388 1592072 39069588    0    0 1289552 852404 265123 1088559 42 14 24 20  0  0
54 19  99312 135183024 1592072 39069676    0    0 1349712 877500 275950 1142501 45 15 23 18  0  0
31 55  99312 135165724 1592072 39069772    0    0 1342480 881432 274594 1135239 44 15 22 18  0  0
44 30  99312 135166748 1592084 39069856    0    0 1235392 793988 252900 1032690 40 13 25 22  0  0
44 29  99312 135134412 1592084 39069936    0    0 1331184 893276 274357 1129288 44 15 23 18  0  0
41 27  99312 135161432 1592084 39070032    0    0 1337216 884324 274993 1129212 44 15 23 18  0  0
54 17  99312 135158844 1592084 39070120    0    0 1319936 876752 273344 1115302 43 15 23 19  0  0
42 31  99312 135148664 1592084 39070208    0    0 1342592 883420 274579 1134440 44 15 23 18  0  0
49 22  99312 135161852 1592088 39070304    0    0 1343008 885692 273768 1132486 43 14 24 19  0  0
56 13  99312 135170348 1592088 39070388    0    0 1326272 875896 273483 1121099 44 15 23 18  0  0
50 26  99312 135160732 1592088 39070484    0    0 1303008 866564 266939 1095241 42 15 24 19  0  0
54 16  99312 135153896 1592088 39070572    0    0 1271008 830696 259014 1064162 41 14 24 21  0  0
41 30  99312 135161396 1592088 39070668    0    0 1343536 879100 276468 1138380 44 15 23 18  0  0
44 31  99312 135148612 1592100 39070760    0    0 1343200 891608 275517 1139808 45 15 22 18  0  0
44 26  99312 135154032 1592100 39070844    0    0 1262992 848928 261331 1063191 41 14 25 21  0  0
51 21  99312 135155876 1592100 39070936    0    0 1304912 834628 266536 1098004 43 14 24 19  0  0
47 27  99312 135153168 1592100 39071028    0    0 1334320 889812 275525 1132457 44 15 23 18  0  0
47 25  99312 135153600 1592100 39071112    0    0 1335888 891568 274212 1132575 43 14 24 19  0  0
52 17  99312 135139800 1592108 39071192    0    0 1334560 870636 274077 1129552 44 15 23 18  0  0
procs -----------memory---------- ---swap-- -----io---- -system-- -------cpu-------
 r  b   swpd   free   buff  cache   si   so    bi    bo   in   cs us sy id wa st gu
56 15  99312 135137232 1592108 39071376    0    0 1338544 878880 274716 1132300 44 15 22 18  0  0
46 40  99312 135149340 1592108 39071460    0    0 1332544 883936 272438 1119433 44 15 23 18  0  0
63 16  99312 135144664 1592108 39071548    0    0 1314080 889192 270449 1107649 43 15 23 19  0  0
57 21  99312 135149048 1592108 39071644    0    0 1268192 835700 260366 1064340 41 14 25 21  0  0
47 31  99312 135127524 1592116 39071732    0    0 1314000 857476 269141 1108992 43 15 23 19  0  0
48 25  99312 135134268 1592116 39071816    0    0 1344272 884040 278600 1139653 44 16 23 18  0  0
42 29  99312 135146132 1592116 39071904    0    0 1315648 857752 269378 1111147 43 15 23 19  0  0
43 29  99312 135158160 1592116 39071984    0    0 1261648 827100 258023 1057745 40 13 25 21  0  0
38 47  99312 135171328 1592116 39072072    0    0 1350128 883552 274801 1138935 44 14 24 18  0  0
34 35  99312 135169920 1592120 39072164    0    0 1292784 847764 266015 1096251 43 14 24 19  0  0
36 45  99312 135155024 1592120 39072256    0    0 1189712 783780 244457 991646 38 13 26 23  0  0
38 31  99312 135147304 1592120 39072352    0    0 1224336 777364 249687 1019007 39 13 25 22  0  0
38 31  99312 135159892 1592120 39072444    0    0 1214400 804200 250886 1019122 39 13 25 23  0  0
41 30  99312 135166028 1592120 39072524    0    0 1217184 798944 249354 1012261 39 13 25 23  0  0
37 31  99312 135158916 1592128 39072612    0    0 1223344 791120 251851 1020608 39 13 25 23  0  0
51 20  99312 135170420 1592128 39072716    0    0 1210416 804456 249841 1015545 39 13 25 23  0  0
45 27  99312 135149168 1592128 39072800    0    0 1221232 782520 248009 1008004 39 13 26 23  0  0
44 26  99312 135157348 1592128 39072884    0    0 1220784 796280 247661 1011806 38 12 27 23  0  0
28 41  99312 135146792 1592128 39072968    0    0 1271712 836736 262281 1077224 42 14 24 20  0  0
56 16  99312 135151180 1592140 39073044    0    0 1242320 809260 255208 1038158 40 14 24 22  0  0
45 26  99312 135156544 1592140 39073140    0    0 1315296 870460 271033 1116383 44 15 23 19  0  0
procs -----------memory---------- ---swap-- -----io---- -system-- -------cpu-------
 r  b   swpd   free   buff  cache   si   so    bi    bo   in   cs us sy id wa st gu
42 29  99312 135143356 1592140 39073236    0    0 1312112 874676 269991 1108048 43 15 23 19  0  0
64 15  99312 135144740 1592140 39073324    0    0 1293248 850560 266156 1084866 42 14 23 20  0  0
46 23  99312 135138396 1592140 39073420    0    0 1311584 866184 270086 1109078 43 15 23 19  0  0
34 53  99312 135143104 1592140 39073504    0    0 1313552 860448 270224 1108824 43 15 23 19  0  0
47 25  99312 135149540 1592144 39073608    0    0 1297680 865732 268592 1101627 43 14 24 19  0  0
43 28  99312 135148656 1592144 39073704    0    0 1322240 868876 269847 1116613 43 14 24 20  0  0
44 26  99312 135161068 1592144 39073776    0    0 1306336 848504 267313 1097763 43 14 24 19  0  0
39 28  99312 135157640 1592144 39073868    0    0 1312656 878928 270692 1108482 43 14 23 19  0  0
50 27  99312 135148724 1592152 39073948    0    0 1322192 859068 270728 1113023 43 15 23 19  0  0
55 17  99312 135137700 1592156 39074052    0    0 1220208 798500 250885 1018695 39 13 25 23  0  0
51 25  99312 135138192 1592156 39074132    0    0 1315168 870948 271373 1115774 43 15 23 19  0  0
46 30  99312 135163816 1592156 39074228    0    0 1311472 867972 270407 1108618 43 15 23 19  0  0
29 56  99312 135148184 1592156 39074308    0    0 1303168 868220 269216 1106100 43 15 24 19  0  0
43 41  99312 135130332 1592160 39074400    0    0 1293744 846004 266184 1091279 42 15 24 19  0  0
46 29  99312 135147256 1592160 39074504    0    0 1304560 859644 268485 1102168 43 14 24 19  0  0
51 36  99312 135150944 1592160 39074584    0    0 1311968 870160 268503 1102882 42 13 24 20  0  0
48 27  99312 135130792 1592160 39074668    0    0 1301648 845240 268564 1099862 42 15 24 19  0  0
41 42  99312 135131428 1592160 39074752    0    0 1313792 853988 268148 1102344 43 15 23 19  0  0
50 19  99312 135135980 1592168 39074840    0    0 1300208 864064 268117 1097261 43 15 23 19  0  0
30 40  99312 135143752 1592168 39074928    0    0 1315472 851068 269191 1106274 43 15 23 19  0  0
40 28  99312 135145172 1592168 39075024    0    0 1257376 835036 259215 1058372 41 14 24 21  0  0
procs -----------memory---------- ---swap-- -----io---- -system-- -------cpu-------
 r  b   swpd   free   buff  cache   si   so    bi    bo   in   cs us sy id wa st gu
24 63  99312 135122316 1592168 39075108    0    0 1284144 834864 260803 1074467 42 14 24 20  0  0
53 22  99312 135145872 1592168 39075204    0    0 1313840 872788 270219 1108460 43 15 23 19  0  0
33 51  99312 135146296 1592172 39075296    0    0 1307024 859924 269585 1106210 43 15 23 19  0  0
49 28  99312 135140432 1592172 39075396    0    0 1294432 856340 264921 1083568 41 13 25 21  0  0
60 16  99312 135149156 1592172 39075472    0    0 1305392 867788 268696 1105286 43 14 24 19  0  0
35 48  99312 135138692 1592172 39075556    0    0 1316304 860896 269987 1108094 43 15 23 19  0  0
61 12  99312 135129032 1592172 39075640    0    0 1323632 872576 271900 1118446 44 15 23 18  0  0
30 46  99312 135139608 1592184 39075716    0    0 1344480 875052 274923 1134474 44 15 23 18  0  0
48 23  99312 135125988 1592188 39075816    0    0 1333504 895340 274072 1127775 44 15 23 18  0  0
48 21  99312 135132832 1592188 39075900    0    0 1343392 874840 273953 1132743 44 15 23 18  0  0
51 20  99312 135122364 1592188 39076004    0    0 1295824 873828 267069 1094809 42 14 23 20  0  0
30 44  99312 135124604 1592188 39076096    0    0 1286112 844360 261282 1076554 42 14 24 20  0  0
41 29  99312 135147104 1592200 39076176    0    0 1345168 875524 273828 1135094 44 14 23 18  0  0
58 17  99312 135138052 1592200 39076272    0    0 1333008 887636 271505 1122547 44 14 23 19  0  0
38 42  99312 135143528 1592200 39076364    0    0 1326352 878776 271890 1117912 44 15 23 18  0  0
54 36  99312 135152792 1592200 39076468    0    0 1328752 880360 272653 1119678 44 15 23 18  0  0
52 18  99312 135131712 1592200 39076556    0    0 1330256 878464 273720 1127482 44 15 23 18  0  0
41 36  99312 135128368 1592204 39076636    0    0 1304352 881952 270747 1103492 43 15 23 19  0  0
55 23  99312 135141216 1592204 39076792    0    0 1335968 868072 273021 1122966 44 15 23 18  0  0
44 25  99312 135144120 1592204 39076880    0    0 1331616 891080 273874 1129551 44 15 23 18  0  0
40 38  99312 135123832 1592204 39076976    0    0 1339936 879620 274843 1131162 44 15 23 18  0  0
procs -----------memory---------- ---swap-- -----io---- -system-- -------cpu-------
 r  b   swpd   free   buff  cache   si   so    bi    bo   in   cs us sy id wa st gu
57 19  99312 135134840 1592204 39077064    0    0 1340256 882192 274799 1134038 45 15 22 18  0  0
21 46  99312 135137568 1592216 39077128    0    0 1243904 799984 252613 1030098 39 12 26 23  0  0
54 18  99312 135136384 1592216 39077232    0    0 1322624 885024 271422 1117127 44 15 23 18  0  0
54 17  99312 135158324 1592216 39077332    0    0 1345232 879200 275796 1136247 44 16 23 18  0  0
48 22  99312 135142592 1592216 39077420    0    0 1329088 889948 273865 1128699 44 15 23 18  0  0
40 31  99312 135132532 1592216 39077500    0    0 1325312 857168 271202 1118654 44 15 23 18  0  0
45 24  99312 135126728 1592228 39077576    0    0 1329776 886340 273378 1122514 44 15 23 18  0  0
45 24  99312 135135516 1592228 39077688    0    0 1320480 876620 273329 1120656 44 15 23 19  0  0
35 36  99312 135136268 1592228 39077784    0    0 1337216 868280 273572 1129489 44 15 23 18  0  0
52 17  99312 135146384 1592228 39077868    0    0 1342112 890816 275465 1136622 44 15 23 18  0  0
54 22  99312 135165480 1592228 39077952    0    0 1345472 877116 274078 1135116 44 15 23 18  0  0
47 28  99312 135158260 1592240 39078012    0    0 1340016 886852 274162 1131678 44 14 23 19  0  0
38 41  99312 135150872 1592240 39078120    0    0 1279408 835864 262940 1071555 41 14 24 20  0  0
48 21  99312 135120776 1592240 39078216    0    0 1292416 846796 266579 1095002 42 14 24 19  0  0
46 31  99312 135115400 1592240 39078296    0    0 1343008 895624 277293 1142184 45 16 22 17  0  0
39 35  99312 135122004 1592240 39078388    0    0 1342160 889288 275923 1136575 44 15 23 18  0  0
50 40  99312 135137100 1592252 39078464    0    0 1329744 891184 273409 1125809 44 15 23 18  0  0
35 50  99312 135132980 1592252 39078580    0    0 1330192 875184 272833 1119608 44 15 23 19  0  0
43 28  99312 135139404 1592252 39078668    0    0 1328688 872632 271592 1116429 44 15 23 18  0  0
54 20  99312 135120660 1592252 39078744    0    0 1324656 869780 272806 1119091 43 15 23 19  0  0
48 22  99312 135143944 1592252 39078832    0    0 1338176 892416 285211 1131196 43 14 24 19  0  0
procs -----------memory---------- ---swap-- -----io---- -system-- -------cpu-------
 r  b   swpd   free   buff  cache   si   so    bi    bo   in   cs us sy id wa st gu
51 18  99312 135125564 1592264 39078896    0    0 1331488 874560 313691 1130567 44 16 23 17  0  0
55 16  99312 135119360 1592264 39079012    0    0 1331856 888728 279490 1128527 45 16 22 17  0  0
48 25  99312 135125444 1592264 39079104    0    0 1312208 861916 268778 1108880 43 15 23 18  0  0
51 27  99312 135122260 1592264 39079196    0    0 1264560 829980 259763 1059882 41 14 24 21  0  0
44 25  99312 135110876 1592264 39079288    0    0 1329616 880648 274954 1132390 44 16 22 18  0  0
51 26  99312 135107020 1592276 39079368    0    0 1335360 875744 274747 1130908 44 16 22 18  0  0
44 35  99312 135111432 1592276 39079492    0    0 1332048 881892 273790 1129742 44 16 22 18  0  0
38 42  99312 135124472 1592280 39079572    0    0 1321744 877236 272489 1116809 44 15 23 18  0  0
51 18  99312 135139100 1592280 39079672    0    0 1344432 861308 273171 1129846 44 15 23 19  0  0
44 25  99312 135141312 1592280 39079752    0    0 1315984 895352 271778 1117850 43 14 24 19  0  0
48 22  99312 135130356 1592284 39079828    0    0 1345120 883012 275028 1136240 44 15 23 18  0  0
40 34  99312 135126388 1592284 39079928    0    0 1338576 877604 274310 1132089 44 15 23 18  0  0
41 33  99312 135142424 1592284 39080024    0    0 1334912 899412 275696 1135498 44 15 23 18  0  0
53 22  99312 135138316 1592284 39080108    0    0 1310368 861988 268518 1106585 43 15 23 19  0  0
43 32  99312 135138652 1592284 39080204    0    0 1275312 838476 261744 1071134 41 14 24 20  0  0
43 27  99312 135128040 1592296 39080264    0    0 1344768 882820 275748 1137307 44 15 22 18  0  0
60 19  99312 135132540 1592296 39080368    0    0 1346816 883072 275848 1140291 45 15 22 18  0  0
48 22  99312 135119832 1592296 39080464    0    0 1339216 880820 274390 1133780 44 15 23 18  0  0
33 39  99312 135120920 1592296 39080544    0    0 1338880 891612 273123 1126940 43 13 24 19  0  0
49 26  99312 135146756 1592296 39080628    0    0 1329760 877996 272923 1122119 44 15 23 18  0  0
46 37  99312 135135288 1592308 39080708    0    0 1238128 825956 255803 1039719 40 14 25 22  0  0
procs -----------memory---------- ---swap-- -----io---- -system-- -------cpu-------
 r  b   swpd   free   buff  cache   si   so    bi    bo   in   cs us sy id wa st gu
35 35  99312 135113648 1592308 39080808    0    0 1202448 773312 246910 1001142 38 13 26 23  0  0
38 38  99312 135131460 1592308 39080900    0    0 1203536 800636 249214 1009473 39 13 26 23  0  0
33 48  99312 135114080 1592308 39080988    0    0 1217248 799932 249492 1017693 39 13 26 23  0  0
33 43  99312 135126492 1592308 39081080    0    0 1219568 794568 249895 1023229 39 13 25 22  0  0
54 21  99312 135122812 1592320 39081160    0    0 1209712 792024 248523 1008730 39 13 26 23  0  0
35 36  99312 135123892 1592320 39081264    0    0 1201872 791244 247373 1007241 38 13 26 23  0  0
43 27  99312 135131568 1592320 39081352    0    0 1235504 802500 251212 1023769 39 12 26 23  0  0
47 29  99312 135145424 1592320 39081428    0    0 1227136 802948 250329 1023362 39 12 25 23  0  0
49 21  99312 135135384 1592320 39081516    0    0 1274736 830844 261918 1074342 42 14 25 19  0  0
55 25  99312 135132684 1592332 39081608    0    0 1303392 860072 269073 1099901 43 14 24 19  0  0
55 21  99312 135142832 1592332 39081712    0    0 1296224 847616 267074 1095240 42 14 24 20  0  0
28 49  99312 135121364 1592332 39081788    0    0 1281904 856488 268278 1084110 42 14 24 20  0  0
48 24  99312 135121644 1592332 39081884    0    0 1288768 850632 276703 1092294 43 15 24 19  0  0
51 22  99312 135113884 1592332 39081976    0    0 1290480 845340 280580 1093029 42 15 24 19  0  0
40 33  99312 135114332 1592344 39082044    0    0 1295536 857168 273266 1092837 44 15 23 18  0  0
44 24  99312 135128536 1592344 39082184    0    0 1292960 848184 266962 1090420 42 15 24 19  0  0
46 28  99312 135129468 1592344 39082272    0    0 1297392 868892 271873 1092919 42 14 24 20  0  0
46 28  99312 135128012 1592344 39082356    0    0 1303040 855564 269715 1102117 43 15 23 19  0  0
44 31  99312 135116784 1592344 39082460    0    0 1301872 872592 270664 1104752 43 15 23 19  0  0
35 35  99312 135119204 1592356 39082536    0    0 1316112 848776 270320 1107755 43 15 23 19  0  0
48 23  99312 135118116 1592356 39082636    0    0 1303936 850632 268647 1099892 43 15 23 19  0  0
procs -----------memory---------- ---swap-- -----io---- -system-- -------cpu-------
 r  b   swpd   free   buff  cache   si   so    bi    bo   in   cs us sy id wa st gu
47 24  99312 135101656 1592356 39082716    0    0 1291872 848508 265892 1086806 43 15 23 20  0  0
58 17  99312 135104548 1592356 39082816    0    0 1287696 853760 267479 1088584 42 15 24 20  0  0
51 20  99312 135113080 1592356 39082904    0    0 1282304 848136 265841 1085894 42 15 24 19  0  0
43 34  99312 135116672 1592368 39082988    0    0 1304752 852992 269480 1102197 43 14 24 19  0  0
44 30  99312 135127076 1592368 39083076    0    0 1325440 875412 269762 1115310 42 14 24 20  0  0
54 19  99312 135131244 1592368 39083160    0    0 1311056 875068 270484 1109910 43 14 23 19  0  0
57 15  99312 135125152 1592368 39083252    0    0 1291728 858364 268305 1094797 42 15 24 19  0  0
45 25  99312 135129840 1592368 39083332    0    0 1292448 854884 266601 1090055 43 14 24 19  0  0
42 29  99312 135146228 1592380 39083400    0    0 1275712 827312 261275 1070625 42 14 24 20  0  0
39 35  99312 135124160 1592380 39083504    0    0 1275600 857268 264134 1082047 42 14 24 20  0  0
44 34  99312 135117744 1592380 39083596    0    0 1315056 860644 268863 1107513 43 15 23 19  0  0
43 30  99312 135120384 1592380 39083692    0    0 1297312 856568 268133 1095684 42 15 24 19  0  0
49 21  99312 135115416 1592380 39083776    0    0 1294752 858092 270210 1097325 43 14 23 19  0  0
44 40  99312 135108788 1592388 39083844    0    0 1288720 864500 265755 1085036 42 14 24 20  0  0
54 21  99312 135127744 1592388 39083948    0    0 1315344 865188 269494 1107017 43 13 24 20  0  0
42 34  99312 135122260 1592388 39084032    0    0 1318400 867428 270679 1112068 43 15 23 19  0  0
59 18  99312 135124860 1592388 39084124    0    0 1318208 872884 271951 1116798 43 15 23 19  0  0
46 24  99312 135149848 1592388 39084204    0    0 1305808 857228 268110 1094973 43 15 23 19  0  0
49 23  99312 135141176 1592400 39084280    0    0 1310864 877368 270979 1109172 43 15 23 19  0  0
42 32  99312 135107368 1592400 39084388    0    0 1309856 860984 269478 1108581 43 15 23 19  0  0
43 25  99312 135107132 1592400 39084488    0    0 1311360 874472 270373 1103862 43 15 23 19  0  0
procs -----------memory---------- ---swap-- -----io---- -system-- -------cpu-------
 r  b   swpd   free   buff  cache   si   so    bi    bo   in   cs us sy id wa st gu
37 37  99312 135129328 1592400 39084568    0    0 1267728 828292 259682 1061541 41 14 24 21  0  0
53 20  99312 135140448 1592400 39084668    0    0 1273232 839912 261851 1070215 41 14 24 21  0  0
48 27  99312 135137164 1592408 39084760    0    0 1310352 867276 268741 1103858 42 13 24 21  0  0
37 38  99312 135129356 1592408 39084844    0    0 1286096 864592 265514 1085989 42 14 24 20  0  0
45 26  99312 135122828 1592408 39084928    0    0 1303168 859660 269309 1103525 43 15 23 19  0  0
27 43  99312 135124836 1592408 39085016    0    0 1308720 852344 268453 1103509 43 15 23 19  0  0
48 23  99312 135123308 1592408 39085116    0    0 1310064 886436 270123 1104909 43 15 23 19  0  0
53 19  99312 135131876 1592416 39085192    0    0 1313552 854756 269034 1106275 43 15 24 19  0  0
38 35  99312 135107956 1592416 39085288    0    0 1290384 854100 270739 1090195 42 15 24 19  0  0
47 31  99312 135117756 1592416 39085380    0    0 1303808 861340 269559 1097710 43 15 24 18  0  0
55 24  99312 135116132 1592416 39085468    0    0 1312352 866800 271638 1115813 43 15 23 18  0  0
35 37  99312 135127892 1592416 39085556    0    0 1316192 874492 270782 1111674 43 14 24 19  0  0
22 66  99312 135119720 1592420 39085640    0    0 1246336 823328 254160 1041812 40 13 25 22  0  0
57 16  99312 135116820 1592420 39085728    0    0 1293440 847564 266212 1089397 42 15 24 20  0  0
51 34  99312 135108604 1592420 39085816    0    0 1283888 845872 264018 1078473 42 14 25 19  0  0
48 29  99312 135109352 1592420 39085908    0    0 1302032 853500 268144 1098666 43 15 23 19  0  0
47 26  99312 135106100 1592420 39085996    0    0 1302928 871032 269899 1103408 43 15 23 19  0  0
51 23  99312 135110676 1592440 39086096    0    0 1308704 865836 270198 1108098 43 15 24 19  0  0
54 18  99312 135112280 1592440 39086180    0    0 1313488 863508 271259 1114754 43 15 23 19  0  0
44 36  99312 135085356 1592440 39086272    0    0 1308768 864820 268478 1100550 43 15 23 19  0  0
52 20  99312 135103572 1592440 39086360    0    0 1306672 863824 269686 1106578 42 15 24 19  0  0
procs -----------memory---------- ---swap-- -----io---- -system-- -------cpu-------
 r  b   swpd   free   buff  cache   si   so    bi    bo   in   cs us sy id wa st gu
36 34  99312 135113424 1592440 39086448    0    0 1329536 875196 271048 1118886 43 13 24 20  0  0
55 17  99312 135138948 1592448 39086512    0    0 1304208 871864 268578 1092069 43 14 23 20  0  0
35 44  99312 135142680 1592448 39086616    0    0 1312000 869028 271303 1111908 43 15 23 19  0  0
52 19  99312 135118212 1592448 39086704    0    0 1231664 798780 253168 1029934 39 13 25 22  0  0
28 44  99312 135104196 1592448 39086796    0    0 1303904 853904 267727 1100582 43 15 23 19  0  0
42 27  99312 135103404 1592448 39086880    0    0 1288336 869056 268919 1096731 42 15 23 20  0  0
41 42  99312 135120364 1592456 39086968    0    0 1309328 845760 268751 1103580 43 15 24 19  0  0
50 24  99312 135126892 1592456 39087068    0    0 1306752 876428 270398 1103277 43 15 23 19  0  0
50 21  99312 135093728 1592456 39087156    0    0 1314992 860448 270396 1108353 43 15 23 19  0  0
30 42  99312 135111260 1592456 39087252    0    0 1311376 863160 268295 1106147 42 14 25 19  0  0
45 26  99312 135104572 1592456 39087328    0    0 1300096 854532 266967 1093609 42 14 24 20  0  0
49 29  99312 135120188 1592468 39087416    0    0 1316976 874444 270545 1114099 43 15 23 19  0  0
44 27  99312 135129216 1592468 39087584    0    0 1308464 877708 272593 1116059 43 15 23 18  0  0
46 27  99312 135120716 1592468 39087672    0    0 1314704 873704 272143 1115680 43 15 24 19  0  0
42 48  99312 135105508 1592468 39087752    0    0 1258128 838788 258723 1060004 41 14 24 21  0  0
40 39  99312 135110776 1592468 39087844    0    0 1286000 851468 264397 1083177 42 14 24 20  0  0
45 35  99312 135105660 1592476 39087952    0    0 1270880 844500 264022 1070844 42 14 24 20  0  0
45 30  99312 135107464 1592476 39088044    0    0 1308000 858828 269539 1105122 43 15 23 19  0  0
47 24  99312 135107260 1592476 39088124    0    0 1314272 858988 269417 1107282 43 14 24 19  0  0
36 35  99312 135111464 1592476 39088216    0    0 1325744 876148 270290 1116606 43 13 24 20  0  0
49 28  99312 135103852 1592476 39088300    0    0 1317680 875356 271125 1114848 43 15 23 19  0  0
procs -----------memory---------- ---swap-- -----io---- -system-- -------cpu-------
 r  b   swpd   free   buff  cache   si   so    bi    bo   in   cs us sy id wa st gu
39 36  99312 135108096 1592476 39088400    0    0 1306496 859892 269436 1104103 42 15 24 19  0  0
47 27  99312 135115584 1592476 39088492    0    0 1310096 875076 269945 1108888 43 15 24 19  0  0
32 56  99312 135113660 1592476 39088576    0    0 1309200 864580 269829 1110191 43 15 24 19  0  0
45 28  99312 135108024 1592476 39088672    0    0 1315216 859976 270069 1105825 43 15 23 19  0  0
29 42  99312 135112956 1592476 39088764    0    0 1299520 852496 265964 1089815 42 15 24 20  0  0
54 18  99312 135118716 1592480 39088852    0    0 1240176 817196 255764 1043816 40 13 25 22  0  0
49 31  99312 135116900 1592480 39088936    0    0 1294576 855056 267825 1095237 42 15 24 20  0  0
46 28  99312 135115684 1592480 39089016    0    0 1304976 875884 267451 1100925 41 13 25 20  0  0
52 23  99312 135123316 1592480 39089096    0    0 1313392 854392 268253 1101690 43 14 23 19  0  0
34 51  99312 135116460 1592480 39089176    0    0 1315888 886680 272322 1117473 43 15 23 19  0  0
64 13  99312 135110960 1592484 39089272    0    0 1325152 856588 270305 1112827 43 15 23 19  0  0
43 32  99312 135107172 1592484 39089368    0    0 1307680 868456 270009 1102969 43 15 23 19  0  0
39 29  99312 135107492 1592484 39089456    0    0 1311456 867428 270565 1113245 43 15 23 19  0  0
51 21  99312 135093812 1592484 39089544    0    0 1311504 869988 271267 1113746 43 15 23 19  0  0
43 32  99312 135077052 1592484 39089632    0    0 1313760 874884 271002 1112631 43 15 23 19  0  0
52 18  99312 135102300 1592492 39089724    0    0 1292976 847188 266360 1089893 42 15 24 20  0  0
30 45  99312 135116696 1592492 39089820    0    0 1224816 827472 251939 1029258 39 12 26 23  0  0
55 16  99312 135125380 1592492 39089904    0    0 1240352 818260 253525 1037105 40 12 26 22  0  0
47 23  99312 135126292 1592492 39089980    0    0 1270160 821000 261732 1065538 41 14 24 21  0  0
47 22  99312 135116684 1592492 39090064    0    0 1303984 873868 269568 1104980 43 15 23 19  0  0
40 30  99312 135111856 1592500 39090144    0    0 1318192 857184 270673 1116030 43 15 23 19  0  0
procs -----------memory---------- ---swap-- -----io---- -system-- -------cpu-------
 r  b   swpd   free   buff  cache   si   so    bi    bo   in   cs us sy id wa st gu
35 42  99312 135107320 1592500 39090248    0    0 1314496 871772 270269 1108843 43 15 23 19  0  0
43 35  99312 135091792 1592500 39090344    0    0 1320752 866960 270837 1116250 43 15 23 19  0  0
39 28  99312 135117736 1592500 39090428    0    0 1305696 860028 269693 1104123 43 15 23 19  0  0
65 11  99312 135115608 1592500 39090520    0    0 1312416 860716 269282 1102428 43 15 23 19  0  0
46 25  99312 135104100 1592508 39090608    0    0 1319824 863692 270882 1117117 43 15 24 18  0  0
42 30  99312 135119812 1592508 39090704    0    0 1327168 877784 270208 1116837 42 13 25 20  0  0
36 49  99312 135126924 1592508 39090784    0    0 1320528 883588 270868 1112364 44 15 23 19  0  0
53 16  99312 135116244 1592508 39090888    0    0 1250016 808464 255403 1044147 40 13 25 22  0  0
51 27  99312 135136436 1592508 39090968    0    0 1269680 835212 262718 1074585 41 14 24 20  0  0
46 23  99312 135115500 1592516 39091056    0    0 1291104 856212 267132 1091215 42 15 24 20  0  0
53 18  99312 135105724 1592516 39091152    0    0 1298400 861924 267813 1097182 42 14 24 19  0  0
53 23  99312 135098184 1592516 39091240    0    0 1324016 850908 271188 1114437 43 15 23 19  0  0
19 60  99312 135103260 1592516 39091328    0    0 1310512 876236 270956 1108743 43 15 23 19  0  0
55 22  99312 135110060 1592528 39091404    0    0 1308128 862004 270383 1107279 43 15 24 19  0  0
57 12  99312 135112420 1592528 39091504    0    0 1302688 873568 267944 1098479 42 14 24 20  0  0
50 26  99312 135121024 1592528 39091592    0    0 1319344 876248 269663 1109144 43 14 24 20  0  0
38 41  99312 135114152 1592528 39091668    0    0 1312480 864160 269345 1105618 43 15 23 19  0  0
45 30  99312 135115328 1592528 39091768    0    0 1313568 869680 271409 1110722 43 15 23 19  0  0
30 41  99312 135120932 1592536 39091844    0    0 1310608 873928 269942 1109767 43 15 23 19  0  0
40 30  99312 135117492 1592536 39091932    0    0 1217632 803524 250169 1018426 39 13 25 23  0  0
37 37  99312 135107092 1592536 39092028    0    0 1283856 860828 265838 1077817 42 14 24 20  0  0
procs -----------memory---------- ---swap-- -----io---- -system-- -------cpu-------
 r  b   swpd   free   buff  cache   si   so    bi    bo   in   cs us sy id wa st gu
45 24  99312 135117036 1592536 39092116    0    0 1295056 845820 266654 1086699 42 14 23 20  0  0
42 37  99312 135109272 1592536 39092192    0    0 1307344 865024 270746 1110247 43 15 23 19  0  0
50 18  99312 135117604 1592544 39092280    0    0 1312864 855036 269098 1105429 43 14 24 19  0  0
46 28  99312 135119912 1592544 39092384    0    0 1326960 878320 271283 1122568 43 13 24 20  0  0
39 47  99312 135122672 1592544 39092472    0    0 1311088 874832 269352 1103234 43 15 23 20  0  0
39 34  99312 135126076 1592544 39092576    0    0 1309072 851208 269607 1106048 43 15 23 19  0  0
47 20  99312 135111768 1592544 39092652    0    0 1307360 880112 270359 1105825 43 15 23 19  0  0
53 23  99312 135114420 1592548 39092736    0    0 1317920 862288 270664 1113182 43 15 23 19  0  0
47 24  99312 135102420 1592548 39092836    0    0 1313312 879576 270753 1108576 43 15 23 19  0  0
37 48  99312 135101900 1592548 39092992    0    0 1297664 845692 265343 1090937 42 14 24 20  0  0
35 41  99312 135123484 1592548 39093108    0    0 1219840 815428 251867 1024602 39 13 25 23  0  0
55 22  99312 135099080 1592548 39093176    0    0 1302544 849680 268445 1098244 43 15 23 19  0  0
44 28  99312 135096332 1592556 39093252    0    0 1313040 858620 268283 1105412 42 14 24 20  0  0
52 24  99312 135088176 1592556 39093352    0    0 1313456 870356 268885 1105733 43 14 24 19  0  0
54 15  99312 135109980 1592556 39093444    0    0 1310896 851812 269539 1105738 43 14 23 19  0  0
46 38  99312 135104140 1592556 39093532    0    0 1301744 883116 269400 1103196 43 15 23 19  0  0
42 31  99312 135103304 1592556 39093616    0    0 1303888 857008 268722 1104837 43 15 24 19  0  0
40 32  99312 135096708 1592564 39093696    0    0 1306096 876860 270687 1105985 43 15 23 19  0  0
38 42  99312 135086744 1592564 39093792    0    0 1320208 863772 270300 1109313 43 15 23 19  0  0
40 30  99312 135109436 1592564 39093900    0    0 1273328 850680 263028 1076349 41 14 24 20  0  0
52 27  99312 135121480 1592564 39093988    0    0 1216752 794120 249640 1014186 39 13 25 23  0  0
procs -----------memory---------- ---swap-- -----io---- -system-- -------cpu-------
 r  b   swpd   free   buff  cache   si   so    bi    bo   in   cs us sy id wa st gu
26 40  99312 135116096 1592564 39094088    0    0 1184272 772344 241447 981201 37 11 27 25  0  0
47 23  99312 135135740 1592568 39094156    0    0 1164848 759968 237234 960046 37 11 27 25  0  0
38 34  99312 135120856 1592568 39094264    0    0 1214912 785524 248205 1013131 39 13 26 23  0  0
49 22  99312 135094220 1592568 39094340    0    0 1218736 809536 250307 1016694 39 13 26 22  0  0
45 39  99312 135094024 1592568 39094436    0    0 1222192 803404 250514 1020681 39 13 25 22  0  0
26 60  99312 135100400 1592568 39094536    0    0 1242112 801480 253385 1035405 40 13 25 22  0  0
53 22  99312 135092844 1592572 39094608    0    0 1290256 854912 266841 1090632 42 14 24 20  0  0
46 29  99312 135110012 1592572 39094700    0    0 1323600 864976 270743 1109152 43 15 23 19  0  0
48 24  99312 135099840 1592572 39094784    0    0 1300896 847040 269422 1103211 42 15 24 19  0  0
44 22  99312 135100604 1592572 39094872    0    0 1311344 866828 270417 1109138 43 15 24 19  0  0
45 33  99312 135099632 1592572 39094960    0    0 1322592 867660 268205 1109635 42 13 25 20  0  0
38 34  99312 135104308 1592584 39095040    0    0 1300352 852740 268641 1097703 43 15 23 19  0  0
53 16  99312 135105200 1592584 39095132    0    0 1269728 849424 262626 1064076 41 14 24 21  0  0
49 21  99312 135116976 1592584 39095224    0    0 1242400 823408 255816 1043458 40 14 25 22  0  0
53 28  99312 135116140 1592584 39095316    0    0 1301504 861008 268571 1101663 42 15 24 19  0  0
49 22  99312 135104528 1592584 39095400    0    0 1311712 877076 271554 1113371 43 15 23 19  0  0
51 22  99312 135101164 1592596 39095488    0    0 1309696 859172 268014 1096936 43 15 23 20  0  0
56 19  99312 135107732 1592596 39095584    0    0 1302672 857112 268075 1093780 43 15 23 20  0  0
53 14  99312 135113160 1592596 39095680    0    0 1310288 868812 269674 1104692 43 15 23 19  0  0
43 49  99312 135106608 1592596 39095776    0    0 1322656 872956 270184 1115966 42 14 24 20  0  0
48 22  99312 135103572 1592596 39095844    0    0 1317712 866508 270543 1116647 43 14 24 19  0  0
procs -----------memory---------- ---swap-- -----io---- -system-- -------cpu-------
 r  b   swpd   free   buff  cache   si   so    bi    bo   in   cs us sy id wa st gu
45 26  99312 135104008 1592608 39095936    0    0 1309776 868588 270141 1113297 43 15 24 19  0  0
34 34  99312 135100612 1592608 39096052    0    0 1297856 856372 268262 1096985 43 15 24 19  0  0
40 30  99312 135106196 1592608 39096112    0    0 1277824 844484 264593 1075688 42 14 24 20  0  0
43 30  99312 135121740 1592608 39096224    0    0 1226128 807812 252676 1026280 39 13 25 22  0  0
41 29  99312 135119832 1592608 39096296    0    0 1308816 855484 269012 1101872 43 14 24 19  0  0
47 26  99312 135103472 1592616 39096392    0    0 1301488 859748 267772 1096862 43 15 24 19  0  0
49 22  99312 135114060 1592616 39096504    0    0 1306208 861868 269547 1103280 43 15 24 19  0  0
41 32  99312 135116556 1592616 39096576    0    0 1317328 883532 271411 1115710 43 14 23 19  0  0
34 34  99312 135111048 1592616 39096668    0    0 1309616 860172 269117 1107284 43 14 24 20  0  0
51 20  99312 135108680 1592616 39096788    0    0 1317968 866332 271011 1113923 44 15 23 19  0  0
48 31  99312 135113036 1592628 39096844    0    0 1318768 860280 271073 1114178 43 15 23 19  0  0
35 37  99312 135101064 1592628 39096956    0    0 1309024 863540 270296 1110446 43 15 23 19  0  0
41 27  99312 135100940 1592628 39097040    0    0 1319840 873512 272041 1118371 43 15 23 19  0  0
53 22  99312 135098892 1592628 39097124    0    0 1313536 870912 270585 1111206 43 15 23 19  0  0
50 19  99312 135103036 1592628 39097232    0    0 1286352 862356 265105 1079256 42 14 24 20  0  0
33 42  99312 135093912 1592640 39097284    0    0 1230288 790644 251446 1025489 40 13 25 22  0  0
41 37  99312 135088584 1592640 39097392    0    0 1310416 876092 270419 1105837 43 15 23 19  0  0
39 45  99312 135095324 1592640 39097476    0    0 1313232 857148 268309 1104982 42 13 25 20  0  0
37 31  99312 135113904 1592640 39097564    0    0 1307584 868524 269482 1105188 43 14 24 19  0  0
39 36  99312 135115856 1592640 39097656    0    0 1314704 860924 270948 1114350 43 15 23 19  0  0
46 23  99312 135087040 1592652 39097748    0    0 1318160 876940 270984 1109994 43 15 23 19  0  0
procs -----------memory---------- ---swap-- -----io---- -system-- -------cpu-------
 r  b   swpd   free   buff  cache   si   so    bi    bo   in   cs us sy id wa st gu
56 14  99312 135091232 1592652 39097836    0    0 1320720 867856 272317 1118014 44 15 23 19  0  0
33 53  99312 135103408 1592652 39097924    0    0 1303488 880888 270666 1109121 43 15 24 19  0  0
52 33  99312 135094476 1592652 39098032    0    0 1317136 863636 270318 1110125 43 15 23 19  0  0
43 33  99312 135119908 1592652 39098108    0    0 1308368 865888 270450 1111743 43 15 23 19  0  0
42 28  99312 135098744 1592664 39098204    0    0 1303232 858892 269791 1103123 43 15 23 20  0  0
33 42  99312 135090528 1592664 39098304    0    0 1281888 847632 263150 1080445 41 13 25 21  0  0
41 29  99312 135092308 1592664 39098476    0    0 1264800 844692 259387 1059915 40 13 25 22  0  0
49 21  99312 135084644 1592664 39098560    0    0 1308672 860360 269319 1102669 43 15 23 19  0  0
32 50  99312 135089200 1592664 39098648    0    0 1314992 857852 269985 1107032 43 15 23 19  0  0
52 21  99312 135088216 1592676 39098736    0    0 1304816 857484 269197 1103455 43 15 24 19  0  0
48 26  99312 135090436 1592676 39098860    0    0 1307584 883244 269662 1099497 43 15 23 19  0  0
44 43  99312 135085484 1592676 39098928    0    0 1318000 868480 272126 1113975 43 15 23 19  0  0
51 20  99312 135086028 1592676 39099016    0    0 1312496 872824 270288 1108191 43 15 23 19  0  0
49 23  99312 135087192 1592676 39099096    0    0 1233616 790816 252021 1029167 40 13 25 22  0  0
47 29  99312 135105864 1592684 39099168    0    0 1227168 796132 250565 1019300 39 13 25 23  0  0
27 47  99312 135106744 1592684 39099280    0    0 1229216 818432 250351 1025366 38 11 26 24  0  0
50 23  99312 135113600 1592684 39099376    0    0 1246640 829984 258704 1049627 41 13 25 21  0  0
44 35  99312 135105964 1592684 39099448    0    0 1246864 815912 256391 1044820 40 13 25 22  0  0
48 32  99312 135111100 1592684 39099556    0    0 1300624 844092 266552 1092724 42 15 24 19  0  0
43 25  99312 135111328 1592692 39099620    0    0 1300416 850220 267863 1095489 43 15 23 19  0  0
57 20  99312 135090816 1592692 39099716    0    0 1316976 873816 270549 1113614 43 15 23 19  0  0
procs -----------memory---------- ---swap-- -----io---- -system-- -------cpu-------
 r  b   swpd   free   buff  cache   si   so    bi    bo   in   cs us sy id wa st gu
47 23  99312 135081668 1592692 39099820    0    0 1310656 865696 268740 1105193 43 15 23 19  0  0
49 22  99312 135089880 1592692 39099904    0    0 1314688 856660 268716 1103612 43 15 23 19  0  0
47 22  99312 135095104 1592692 39100004    0    0 1321984 873060 271918 1118659 44 15 23 19  0  0
42 33  99312 135109940 1592700 39100096    0    0 1323600 874264 269607 1112908 42 14 24 20  0  0
44 46  99312 135108668 1592700 39100164    0    0 1319376 878196 269862 1114479 43 14 24 19  0  0
52 23  99312 135097016 1592700 39100284    0    0 1315696 874944 271372 1113168 43 15 23 19  0  0
47 25  99312 135089184 1592700 39100384    0    0 1318112 869552 271850 1117149 43 15 24 19  0  0
43 27  99312 135099460 1592700 39100440    0    0 1302672 864500 269693 1101451 43 15 24 19  0  0
54 18  99312 135105664 1592712 39100516    0    0 1225776 802328 251459 1023614 39 13 25 23  0  0
47 23  99312 135089208 1592712 39100616    0    0 1309824 870284 270679 1112124 43 15 23 19  0  0
49 35  99312 135072840 1592712 39100696    0    0 1307712 854616 268601 1101808 43 15 23 19  0  0
51 29  99312 135068768 1592712 39100804    0    0 1307456 881136 270176 1104883 43 15 23 19  0  0
39 32  99312 135082600 1592712 39100876    0    0 1302704 859300 268410 1097842 42 14 24 19  0  0
54 22  99312 135080672 1592720 39100956    0    0 1331216 880700 270568 1118517 42 13 25 20  0  0
51 20  99312 135111764 1592720 39101060    0    0 1314336 870652 271901 1116283 43 15 23 19  0  0
33 39  99312 135095028 1592720 39101136    0    0 1308640 862768 269910 1108882 43 15 24 19  0  0
56 15  99312 135088048 1592720 39101248    0    0 1313904 867768 269969 1108990 43 15 23 19  0  0
56 20  99312 135086028 1592720 39101340    0    0 1317072 854324 269401 1106323 43 15 23 19  0  0
48 24  99312 135098976 1592724 39101416    0    0 1277472 863876 265539 1079221 42 14 24 20  0  0
32 42  99312 135089040 1592724 39101528    0    0 1279136 857116 262863 1081769 42 14 24 20  0  0
42 29  99312 135080520 1592724 39101608    0    0 1254352 831240 258287 1054574 40 14 24 21  0  0
procs -----------memory---------- ---swap-- -----io---- -system-- -------cpu-------
 r  b   swpd   free   buff  cache   si   so    bi    bo   in   cs us sy id wa st gu
49 22  99312 135063104 1592724 39101692    0    0 1317440 862788 271179 1114812 43 15 23 19  0  0
42 46  99312 135075976 1592724 39101804    0    0 1315232 878292 269303 1106972 42 14 24 20  0  0
41 30  99312 135085900 1592724 39101876    0    0 1318464 860512 268429 1106603 43 14 24 20  0  0
57 14  99312 135103260 1592724 39101988    0    0 1310752 858064 269714 1108045 43 15 23 19  0  0
52 18  99312 135106980 1592724 39102068    0    0 1308912 882560 270811 1111640 43 15 23 19  0  0
35 40  99312 135105372 1592724 39102132    0    0 1313088 861228 269594 1108818 43 15 23 19  0  0
53 20  99312 135085908 1592724 39102244    0    0 1316464 877344 271027 1116025 43 15 23 19  0  0
45 30  99312 135078068 1592736 39102328    0    0 1315040 864496 270033 1109705 43 15 23 19  0  0
45 24  99312 135070652 1592736 39102420    0    0 1282080 851088 264995 1077689 42 14 24 20  0  0
59 12  99312 135090680 1592736 39102516    0    0 1311664 866016 270708 1108893 43 15 23 19  0  0
43 26  99312 135094492 1592744 39102588    0    0 1236000 820120 255073 1041166 40 13 25 22  0  0
55 21  99312 135100476 1592744 39102752    0    0 1293312 868932 264620 1087340 41 13 25 21  0  0
52 20  99312 135099756 1592756 39102808    0    0 1309456 846448 267842 1101006 42 15 23 19  0  0
58 21  99312 135090984 1592756 39102904    0    0 1298832 878028 269457 1095446 43 14 23 20  0  0
40 32  99312 135095620 1592756 39103024    0    0 1307664 858460 270612 1109814 43 15 24 19  0  0
58 18  99312 135084524 1592756 39103128    0    0 1319680 864508 271983 1113604 43 15 23 19  0  0
53 23  99312 135102912 1592756 39103188    0    0 1318400 878908 270966 1112325 43 15 23 19  0  0
43 30  99312 135081444 1592768 39103272    0    0 1310192 866280 269899 1104858 43 15 24 19  0  0
55 17  99312 135054840 1592772 39103380    0    0 1307088 853204 269205 1102748 43 14 24 19  0  0
43 27  99312 135081988 1592772 39103440    0    0 1301104 872680 269911 1101046 43 15 23 20  0  0
46 20  99312 135092848 1592772 39103552    0    0 1324944 872180 269324 1114079 43 13 24 20  0  0
procs -----------memory---------- ---swap-- -----io---- -system-- -------cpu-------
 r  b   swpd   free   buff  cache   si   so    bi    bo   in   cs us sy id wa st gu
37 30  99312 135108928 1592772 39103608    0    0 1314000 875508 269910 1109369 43 14 23 19  0  0
43 27  99312 135112584 1592784 39103708    0    0 1227456 804492 251096 1021915 39 13 25 23  0  0
31 44  99312 135096780 1592784 39103840    0    0 1313056 869788 271618 1114374 43 15 23 19  0  0
56 18  99312 135088972 1592784 39103960    0    0 1298944 862300 269380 1102982 42 15 24 19  0  0
34 39  99312 135090120 1592784 39104076    0    0 1310144 857424 269548 1104304 43 15 24 19  0  0
59 12  99312 135086392 1592784 39104168    0    0 1312592 868060 271548 1117843 44 15 23 19  0  0
46 23  99312 135115256 1592796 39104220    0    0 1320128 865132 271082 1115631 43 15 23 19  0  0
40 35  99312 135092360 1592796 39104348    0    0 1315232 868416 271427 1113946 43 15 23 19  0  0
44 23  99312 135088692 1592796 39104420    0    0 1315712 862408 270395 1111067 42 14 24 19  0  0
35 39  99312 135100388 1592796 39104500    0    0 1315696 858716 267622 1102781 43 13 24 20  0  0
54 21  99312 135085300 1592796 39104600    0    0 1301872 867460 269133 1097277 42 15 24 19  0  0
42 29  99312 135098060 1592800 39104656    0    0 1308512 876348 270587 1110173 43 15 24 19  0  0
41 29  99312 135122624 1592800 39104792    0    0 1268208 818164 258372 1061195 41 14 24 21  0  0
51 26  99312 135102988 1592800 39104884    0    0 1282560 860564 264598 1087002 42 14 24 20  0  0
53 22  99312 135087404 1592800 39104944    0    0 1300064 856268 269017 1100190 43 15 24 19  0  0
33 37  99312 135074356 1592800 39105048    0    0 1298208 857480 268568 1096098 42 14 23 20  0  0
49 24  99312 135083548 1592808 39105164    0    0 1318512 855952 270512 1113235 43 15 23 19  0  0
51 26  99312 135083416 1592808 39105232    0    0 1319312 883356 271874 1118229 43 15 23 19  0  0
47 22  99312 135085240 1592808 39105324    0    0 1328432 870468 270450 1123511 43 13 24 19  0  0
45 28  99312 135083768 1592808 39105388    0    0 1312784 875260 270056 1108773 43 15 23 19  0  0
46 24  99312 135067992 1592808 39105476    0    0 1300128 869572 268231 1098530 43 15 23 20  0  0
procs -----------memory---------- ---swap-- -----io---- -system-- -------cpu-------
 r  b   swpd   free   buff  cache   si   so    bi    bo   in   cs us sy id wa st gu
38 45  99312 135089192 1592808 39105572    0    0 1297520 865456 267775 1094039 42 15 24 19  0  0
57 12  99312 135085768 1592808 39105648    0    0 1310800 870472 270080 1108018 43 15 23 19  0  0
43 27  99312 135072640 1592808 39105744    0    0 1314512 875988 270780 1109474 43 15 23 19  0  0
46 22  99312 135071964 1592808 39105844    0    0 1248432 812316 254649 1041917 40 14 25 22  0  0
47 23  99312 135078096 1592808 39105932    0    0 1300896 858172 266682 1096532 42 14 23 20  0  0
43 37  99312 135108896 1592820 39106000    0    0 1296928 857248 267263 1092685 42 15 23 20  0  0
52 20  99312 135094240 1592820 39106108    0    0 1308768 881644 269525 1104617 42 14 24 20  0  0
46 24  99312 135095172 1592820 39106184    0    0 1258816 829108 255711 1045894 40 12 25 22  0  0
57 19  99312 135076352 1592820 39106296    0    0 1321648 865216 271078 1116741 43 15 23 19  0  0
50 22  99312 135067892 1592820 39106392    0    0 1338704 882072 274864 1129460 44 15 22 18  0  0
49 23  99312 135092852 1592832 39106452    0    0 1328944 893164 274432 1132550 44 15 23 18  0  0
38 38  99312 135090064 1592832 39106596    0    0 1322592 862080 272554 1117082 44 15 23 19  0  0
43 27  99312 135075760 1592832 39106652    0    0 1342000 872760 276056 1137041 44 15 22 18  0  0
50 33  99312 135060000 1592832 39106744    0    0 1335344 884968 273874 1125092 44 15 23 18  0  0
41 53  99312 135053356 1592832 39106840    0    0 1337312 886480 273997 1130995 44 15 23 18  0  0
49 21  99312 135083952 1592840 39106896    0    0 1244128 829208 256326 1046820 40 13 25 22  0  0
48 19  99312 135092624 1592840 39107028    0    0 1341088 894024 273119 1131201 43 14 24 19  0  0
51 21  99312 135101564 1592844 39107096    0    0 1321648 885072 273106 1118661 43 15 23 19  0  0
45 24  99312 135100580 1592844 39107176    0    0 1342064 889180 274573 1129118 44 15 22 18  0  0
54 30  99312 135079260 1592844 39107280    0    0 1342752 895244 275901 1138359 44 15 23 18  0  0
37 34  99312 135066536 1592848 39107380    0    0 1338352 884736 275618 1133827 44 15 23 18  0  0
procs -----------memory---------- ---swap-- -----io---- -system-- -------cpu-------
 r  b   swpd   free   buff  cache   si   so    bi    bo   in   cs us sy id wa st gu
39 32  99312 135073528 1592848 39107472    0    0 1341888 880336 276118 1137965 44 15 23 18  0  0
51 26  99312 135072712 1592848 39107564    0    0 1319600 857052 270535 1113935 44 15 23 18  0  0
41 30  99312 135074336 1592848 39107628    0    0 1335424 889940 275741 1134280 44 15 23 18  0  0
40 31  99312 135093204 1592848 39107732    0    0 1345312 883140 276353 1139411 44 15 23 18  0  0
42 30  99312 135088032 1592852 39107956    0    0 1344608 892852 275262 1138357 44 15 23 18  0  0
35 41  99312 135094036 1592852 39108032    0    0 1278416 833168 258696 1067934 41 13 25 21  0  0
53 19  99312 135103512 1592852 39108128    0    0 1310784 884872 270612 1111369 43 15 23 19  0  0
54 22  99312 135089128 1592852 39108212    0    0 1327440 890960 273474 1123480 43 15 23 19  0  0
53 17  99312 135077612 1592852 39108292    0    0 1338528 882748 274675 1131521 44 15 22 18  0  0
50 22  99312 135083028 1592856 39108376    0    0 1343520 887644 274725 1131408 44 15 23 18  0  0
40 30  99312 135070352 1592856 39108496    0    0 1344704 882324 276492 1142978 45 15 22 17  0  0
55 16  99312 135070428 1592856 39108600    0    0 1338896 875760 274077 1128920 44 15 22 18  0  0
54 21  99312 135069792 1592856 39108680    0    0 1320656 880968 271923 1114907 43 15 23 19  0  0
43 26  99312 135054544 1592860 39108740    0    0 1325280 882236 272223 1117726 44 15 23 18  0  0
45 25  99312 135063512 1592872 39108840    0    0 1350912 891144 274601 1138446 43 14 24 19  0  0
47 24  99312 135086060 1592872 39108936    0    0 1347312 896924 275734 1135477 44 15 23 18  0  0
52 19  99312 135080916 1592872 39109028    0    0 1332368 894656 274597 1133255 44 15 23 18  0  0
45 28  99312 135090316 1592872 39109124    0    0 1251936 837540 256916 1049636 41 14 24 21  0  0
48 27  99312 135074564 1592872 39109212    0    0 1339536 876052 275082 1132542 44 15 23 18  0  0
55 26  99312 135060132 1592884 39109272    0    0 1317120 870708 270632 1109653 43 15 23 19  0  0
45 24  99312 135047752 1592884 39109456    0    0 1332448 899712 274863 1128624 44 15 22 18  0  0
procs -----------memory---------- ---swap-- -----io---- -system-- -------cpu-------
 r  b   swpd   free   buff  cache   si   so    bi    bo   in   cs us sy id wa st gu
41 35  99312 135043812 1592884 39109560    0    0 1340896 879636 276627 1134513 46 16 22 17  0  0
34 39  99312 135060700 1592884 39109604    0    0 1336208 890012 275695 1135004 44 16 23 18  0  0
52 19  99312 135058008 1592884 39109716    0    0 1329344 856884 270917 1119123 43 14 24 19  0  0
49 29  99312 135066156 1592896 39109780    0    0 1339664 905328 274257 1134953 43 14 24 19  0  0
46 30  99312 135049208 1592896 39109880    0    0 1341232 874368 273986 1131344 44 15 23 18  0  0
57 18  99312 135058728 1592896 39109992    0    0 1351680 882260 276368 1142873 44 15 23 18  0  0
51 21  99312 135050648 1592896 39110068    0    0 1346032 894640 276292 1139710 44 15 23 18  0  0
59 21  99312 135080600 1592896 39110164    0    0 1243360 816048 254738 1036117 40 13 25 22  0  0
48 24  99312 135054916 1592904 39110248    0    0 1327472 888056 273697 1126091 44 15 23 18  0  0
47 25  99312 135061432 1592904 39110344    0    0 1326416 867152 272412 1119326 44 15 23 18  0  0
36 34  99312 135050488 1592904 39110416    0    0 1334688 887160 276279 1134287 44 15 22 18  0  0
54 18  99312 135057648 1592908 39110532    0    0 1336384 879636 275417 1134853 44 15 23 18  0  0
42 36  99312 135063064 1592908 39110612    0    0 1349056 885876 274023 1137922 43 14 24 19  0  0
57 19  99312 135073568 1592916 39110696    0    0 1333520 896044 274853 1131219 44 15 23 18  0  0
52 21  99312 135088320 1592916 39110784    0    0 1328304 867512 271854 1114752 43 15 23 19  0  0
55 22  99312 135084156 1592916 39110876    0    0 1335360 898168 275836 1135392 44 15 23 18  0  0
40 38  99312 135084316 1592916 39110964    0    0 1259744 823592 256785 1053220 41 14 24 21  0  0
46 20  99312 135072304 1592916 39111036    0    0 1329920 886732 274533 1128942 44 15 23 18  0  0
41 34  99312 135059000 1592920 39111156    0    0 1299632 850228 265317 1095028 43 14 24 19  0  0
45 26  99312 135045196 1592924 39111260    0    0 1264816 854444 261947 1068999 41 14 24 21  0  0
55 24  99312 135074008 1592924 39111344    0    0 1329520 873528 273132 1126511 44 15 23 18  0  0
procs -----------memory---------- ---swap-- -----io---- -system-- -------cpu-------
 r  b   swpd   free   buff  cache   si   so    bi    bo   in   cs us sy id wa st gu
54 22  99312 135069180 1592924 39111444    0    0 1336480 888460 273276 1128850 44 14 23 19  0  0
33 42  99312 135066820 1592924 39111544    0    0 1350736 879548 273426 1137120 44 14 23 18  0  0
34 45  99312 135061028 1592932 39111632    0    0 1339024 895528 275495 1137721 44 15 22 18  0  0
56 20  99312 135066404 1592932 39111712    0    0 1340192 892612 275499 1135576 44 15 23 18  0  0
38 45  99312 135067196 1592932 39111800    0    0 1311888 879668 270594 1109288 43 15 23 19  0  0
47 24  99312 135066236 1592932 39111892    0    0 1330784 871204 273983 1129845 44 15 23 18  0  0
47 22  99312 135040784 1592932 39111980    0    0 1293152 852840 266010 1095180 43 15 23 19  0  0
53 19  99312 135068340 1592940 39112076    0    0 1290944 862808 265894 1089023 42 14 24 20  0  0
52 20  99312 135085060 1592940 39112160    0    0 1344592 872808 275851 1140823 45 15 22 17  0  0
43 28  99312 135084688 1592940 39112248    0    0 1242464 825720 254312 1039357 40 13 25 22  0  0
32 42  99312 135088968 1592940 39112340    0    0 1337440 887020 272296 1128884 43 14 24 19  0  0
36 35  99312 135087416 1592940 39112420    0    0 1323552 888320 274516 1123488 44 15 23 19  0  0
36 42  99312 135076252 1592944 39112500    0    0 1337952 874976 274293 1134105 44 15 23 18  0  0
52 21  99312 135066380 1592944 39112596    0    0 1340224 881752 274940 1131349 44 15 22 18  0  0
52 21  99312 135083000 1592944 39112684    0    0 1340960 877708 273938 1127984 44 15 22 18  0  0
45 49  99312 135064660 1592944 39112788    0    0 1322384 878632 272312 1117958 43 15 23 18  0  0
39 38  99312 135047392 1592944 39112856    0    0 1329856 882776 273211 1125682 44 15 23 18  0  0
35 43  99312 135060412 1592952 39112944    0    0 1297984 851612 264958 1092063 42 15 23 20  0  0
44 36  99312 135064256 1592952 39113040    0    0 1288448 849172 264662 1085719 42 14 24 20  0  0
47 22  99312 135081596 1592952 39113120    0    0 1348304 882168 275482 1138519 44 15 23 18  0  0
31 37  99312 135078420 1592952 39113224    0    0 1325088 870116 269960 1119571 43 14 24 19  0  0
procs -----------memory---------- ---swap-- -----io---- -system-- -------cpu-------
 r  b   swpd   free   buff  cache   si   so    bi    bo   in   cs us sy id wa st gu
57 16  99312 135062452 1592952 39113292    0    0 1253648 837972 259741 1057337 41 14 24 21  0  0
44 27  99312 135078240 1592960 39113368    0    0 1342464 860668 274360 1135040 44 15 23 18  0  0
47 22  99312 135072092 1592960 39113496    0    0 1315152 897424 272596 1116443 44 15 23 18  0  0
50 19  99312 135072464 1592960 39113576    0    0 1338656 884456 275138 1130762 44 15 23 18  0  0
46 31  99312 135064728 1592960 39113668    0    0 1335248 883696 274118 1137762 44 15 23 18  0  0
52 22  99312 135051084 1592960 39113760    0    0 1335424 878736 274376 1132338 44 15 22 18  0  0
37 52  99312 135062240 1592968 39113836    0    0 1320224 877792 270971 1112801 43 15 23 19  0  0
42 26  99312 135055792 1592968 39113948    0    0 1301408 867792 267669 1102311 43 14 23 19  0  0
41 29  99312 135060880 1592968 39114020    0    0 1279824 850824 261360 1074719 41 12 25 21  0  0
54 23  99312 135083508 1592976 39114100    0    0 1346576 880576 275569 1138919 45 15 23 18  0  0
46 26  99312 135061624 1592976 39114220    0    0 1344864 882216 274741 1135547 45 15 23 18  0  0
57 18  99312 135063112 1592984 39114264    0    0 1244224 817636 254674 1038441 40 13 25 22  0  0
54 22  99312 135056624 1592984 39114356    0    0 1337904 878252 273944 1130938 44 15 23 18  0  0
48 26  99312 135062544 1592984 39114480    0    0 1320096 885936 273102 1118334 44 15 23 18  0  0
46 28  99312 135046464 1592984 39114552    0    0 1339136 885560 274786 1134483 44 15 23 18  0  0
47 28  99312 135039200 1592984 39114648    0    0 1339280 896372 274096 1132921 44 15 23 18  0  0
42 33  99312 135037240 1592992 39114748    0    0 1338480 878896 274917 1131403 44 15 23 18  0  0
39 31  99312 135048456 1592992 39114884    0    0 1309360 879484 270428 1111193 43 14 24 19  0  0
47 26  99312 135083764 1592996 39114996    0    0 1215328 797244 247988 1014007 39 12 26 23  0  0
43 28  99312 135084380 1592996 39115044    0    0 1142192 737000 233510 946729 36 12 26 25  0  0
40 30  99312 135092052 1592996 39115152    0    0 1215520 805308 249411 1014677 39 13 26 23  0  0
procs -----------memory---------- ---swap-- -----io---- -system-- -------cpu-------
 r  b   swpd   free   buff  cache   si   so    bi    bo   in   cs us sy id wa st gu
45 27  99312 135068964 1593000 39115260    0    0 1224832 795088 249338 1018285 39 13 26 22  0  0
42 29  99312 135064396 1593000 39115332    0    0 1222832 803348 249864 1017907 39 13 25 23  0  0
43 39  99312 135076592 1593000 39115424    0    0 1214064 800696 249292 1014115 39 13 26 23  0  0
56 18  99312 135079784 1593000 39115524    0    0 1224032 797528 250423 1019332 39 13 25 23  0  0
52 22  99312 135079492 1593000 39115572    0    0 1196608 792792 247317 998172 38 13 25 24  0  0
40 31  99312 135067528 1593008 39115684    0    0 1276592 845132 263217 1075772 41 14 24 21  0  0
50 22  99312 135083188 1593008 39115784    0    0 1314240 866492 270004 1112019 43 14 24 19  0  0
43 29  99312 135072336 1593008 39115840    0    0 1314864 867772 270812 1111563 43 15 23 19  0  0
40 35  99312 135064948 1593008 39115948    0    0 1306480 861880 268888 1102279 43 15 23 19  0  0
52 23  99312 135062816 1593008 39116020    0    0 1304352 869596 269749 1107317 43 15 24 19  0  0
32 47  99312 135060192 1593016 39116128    0    0 1227776 800640 252169 1025159 39 13 25 22  0  0
44 24  99312 135073956 1593020 39116240    0    0 1312352 889340 272392 1119681 43 15 23 19  0  0
48 29  99312 135077168 1593020 39116312    0    0 1320912 869688 271110 1118271 43 15 23 18  0  0
36 39  99312 135069572 1593020 39116388    0    0 1312064 866552 269796 1109559 43 15 23 19  0  0
40 33  99312 135044356 1593020 39116492    0    0 1312336 863500 271194 1115530 43 15 23 19  0  0
46 24  99312 135063716 1593028 39116560    0    0 1306864 862880 267122 1098014 41 13 25 21  0  0
48 33  99312 135062920 1593028 39116648    0    0 1288832 865784 266546 1087820 42 14 24 20  0  0
45 26  99312 135081832 1593028 39116752    0    0 1305248 856392 268976 1101413 43 15 24 19  0  0
41 32  99312 135066736 1593028 39116824    0    0 1308912 875120 270299 1107370 43 15 23 19  0  0
40 26  99312 135062388 1593028 39116924    0    0 1306864 862484 268906 1102704 43 15 23 19  0  0
36 38  99312 135047204 1593036 39116976    0    0 1312160 856064 269365 1106891 43 15 23 19  0  0
procs -----------memory---------- ---swap-- -----io---- -system-- -------cpu-------
 r  b   swpd   free   buff  cache   si   so    bi    bo   in   cs us sy id wa st gu
42 29  99312 135071328 1593036 39117100    0    0 1221520 807296 251217 1026397 39 13 25 22  0  0
45 33  99312 135066820 1593036 39117200    0    0 1323440 878232 271538 1121257 43 15 23 19  0  0
27 53  99312 135075984 1593036 39117252    0    0 1269184 832676 260923 1070865 41 14 24 20  0  0
40 34  99312 135073892 1593036 39117360    0    0 1294592 860192 264353 1085978 42 14 24 21  0  0
46 25  99312 135079660 1593040 39117488    0    0 1325328 872244 270069 1111289 43 14 24 19  0  0
37 44  99312 135084156 1593040 39117560    0    0 1311088 870228 271158 1110323 43 15 23 19  0  0
45 23  99312 135066284 1593040 39117668    0    0 1300800 852692 268537 1096557 43 14 24 20  0  0
32 50  99312 135056084 1593040 39117756    0    0 1312576 874964 271550 1113429 43 15 23 19  0  0
51 20  99312 135062140 1593040 39117832    0    0 1309680 854728 270078 1107323 43 15 24 19  0  0
48 25  99312 135077288 1593048 39117940    0    0 1311856 871792 269963 1105887 43 15 23 19  0  0
43 29  99312 135055728 1593048 39118000    0    0 1304256 858464 268928 1099288 43 15 23 19  0  0
50 23  99312 135053744 1593048 39118116    0    0 1274608 845612 262866 1077022 41 14 24 20  0  0
48 19  99312 135056668 1593048 39118196    0    0 1238576 813432 254828 1038135 40 13 25 22  0  0
35 44  99312 135086660 1593048 39118272    0    0 1314112 877644 268372 1107995 42 13 25 20  0  0
46 26  99312 135092304 1593056 39118360    0    0 1309888 866840 271395 1107936 44 15 23 18  0  0
42 34  99312 135059416 1593056 39118472    0    0 1315984 861888 270737 1111049 43 15 23 19  0  0
45 28  99312 135060756 1593056 39118552    0    0 1308512 876160 271203 1107269 43 15 23 19  0  0
51 25  99312 135056464 1593056 39118644    0    0 1299968 865884 268237 1100551 43 15 23 19  0  0
52 20  99312 135062356 1593056 39118736    0    0 1281920 842560 291269 1079671 42 15 24 19  0  0
47 26  99312 135064600 1593068 39118804    0    0 1287728 868452 312523 1089232 43 15 23 19  0  0
51 25  99312 135033864 1593068 39118920    0    0 1296288 855744 290390 1099383 43 15 23 18  0  0
procs -----------memory---------- ---swap-- -----io---- -system-- -------cpu-------
 r  b   swpd   free   buff  cache   si   so    bi    bo   in   cs us sy id wa st gu
42 29  99312 135029588 1593068 39118972    0    0 1281760 859580 269010 1089195 42 15 24 19  0  0
41 44  99312 135039256 1593068 39119072    0    0 1305168 858348 283062 1099806 42 14 24 19  0  0
56 15  99312 135042088 1593068 39119196    0    0 1226592 800444 250973 1023287 39 13 25 22  0  0
50 22  99312 135058660 1593076 39119240    0    0 1313936 858784 270596 1110083 43 15 23 19  0  0
49 21  99312 135029816 1593076 39119356    0    0 1308224 866448 270747 1107006 43 15 23 18  0  0
51 20  99312 135028288 1593076 39119460    0    0 1306592 866268 271151 1108551 43 15 23 19  0  0
45 25  99312 135026388 1593076 39119520    0    0 1309680 859140 270240 1106989 43 15 23 19  0  0
47 24  99312 135043752 1593076 39119640    0    0 1335360 876004 274508 1129583 44 15 23 18  0  0
54 16  99312 135052856 1593076 39119736    0    0 1323440 878120 272678 1117849 44 15 23 18  0  0
39 35  99312 135026324 1593076 39119816    0    0 1332496 889248 275483 1130315 44 15 23 18  0  0
40 28  99312 135039464 1593076 39119916    0    0 1338064 879584 275172 1133336 44 15 23 18  0  0
26 50  99312 135047712 1593076 39119976    0    0 1322672 881112 269473 1114918 43 14 24 20  0  0
54 18  99312 135076716 1593076 39120092    0    0 1339968 872748 275043 1133302 45 15 22 18  0  0
42 36  99312 135063224 1593084 39120168    0    0 1309584 871588 269188 1105630 43 15 23 19  0  0
56 22  99312 135033652 1593124 39120300    0    0 1275376 834164 261555 1071229 42 14 24 20  0  0
50 23  99312 135033196 1593124 39120432    0    0 1339552 892016 275193 1139041 44 15 22 18  0  0
39 32  99312 135052860 1593124 39120528    0    0 1321872 877000 277328 1113769 43 15 23 18  0  0
54 19  99312 135062864 1593124 39120596    0    0 1325008 877452 275115 1117064 44 15 23 18  0  0
53 16  99312 135034236 1593132 39120692    0    0 1322496 874664 272754 1119411 43 15 23 18  0  0
42 35  99312 135039720 1593136 39120788    0    0 1324096 879516 272978 1118168 44 15 23 18  0  0
33 39  99312 135030816 1593136 39120876    0    0 1337664 890180 273737 1131376 44 14 23 18  0  0
procs -----------memory---------- ---swap-- -----io---- -system-- -------cpu-------
 r  b   swpd   free   buff  cache   si   so    bi    bo   in   cs us sy id wa st gu
34 41  99312 135034844 1593136 39120956    0    0 1336000 888832 274151 1130627 44 15 23 18  0  0
56 17  99312 135052356 1593136 39121032    0    0 1336208 867612 274368 1130363 44 15 22 18  0  0
45 41  99312 135037772 1593140 39121132    0    0 1335728 888444 273407 1128690 44 15 23 18  0  0
48 24  99312 135039688 1593140 39121228    0    0 1299648 866732 267250 1096039 43 14 23 20  0  0
57 13  99312 135029244 1593140 39121300    0    0 1281392 843496 261827 1070009 42 14 24 20  0  0
61 16  99312 135026072 1593140 39121408    0    0 1343408 892140 277004 1138545 44 15 22 18  0  0
48 24  99312 135016676 1593140 39121492    0    0 1341888 878656 275908 1139389 45 15 22 18  0  0
40 33  99312 135027884 1593148 39121576    0    0 1341776 876676 274877 1132129 44 16 23 18  0  0
52 35  99312 135035808 1593148 39121668    0    0 1340272 901776 276962 1140018 45 15 22 18  0  0
42 26  99312 135056108 1593148 39121756    0    0 1346624 876236 273626 1135004 43 14 24 19  0  0
54 19  99312 135048556 1593148 39121844    0    0 1332096 877976 274629 1124381 44 15 23 19  0  0
49 23  99312 135047492 1593148 39121936    0    0 1339632 886496 275446 1136447 44 15 23 18  0  0
48 23  99312 135048616 1593152 39121992    0    0 1326288 874220 272780 1120484 44 15 23 18  0  0
55 15  99312 135033012 1593152 39122116    0    0 1320448 875148 274334 1120474 44 15 23 18  0  0
46 40  99312 135022636 1593152 39122200    0    0 1331680 893168 273648 1130145 44 15 23 18  0  0
39 32  99312 135036060 1593152 39122260    0    0 1241072 797936 253616 1032029 40 13 25 22  0  0
48 31  99312 135038640 1593152 39122380    0    0 1343088 884008 275085 1135338 44 16 22 18  0  0
45 28  99312 135050412 1593160 39122468    0    0 1332992 881988 273028 1124095 44 15 23 18  0  0
51 24  99312 135042004 1593160 39122556    0    0 1342336 894240 275345 1136710 44 14 23 19  0  0
56 18  99312 135046508 1593160 39122644    0    0 1340400 899080 274933 1138404 44 14 23 18  0  0
44 30  99312 135047292 1593160 39122728    0    0 1331072 881192 273927 1125756 44 15 23 18  0  0
procs -----------memory---------- ---swap-- -----io---- -system-- -------cpu-------
 r  b   swpd   free   buff  cache   si   so    bi    bo   in   cs us sy id wa st gu
58 17  99312 135062256 1593160 39122824    0    0 1327536 882260 273668 1123600 44 15 23 18  0  0
38 30  99312 135032908 1593168 39122900    0    0 1339600 880216 274494 1129279 44 15 23 18  0  0
47 32  99312 135044112 1593168 39123004    0    0 1320032 897444 273754 1119199 43 15 23 18  0  0
44 29  99312 135032484 1593168 39123092    0    0 1324288 867884 272516 1119727 44 15 23 19  0  0
52 22  99312 135058876 1593168 39123176    0    0 1338880 882040 275015 1132739 44 15 23 18  0  0
38 30  99312 135049892 1593168 39123264    0    0 1253984 824216 256442 1054274 41 14 25 21  0  0
49 25  99312 135049032 1593176 39123348    0    0 1322416 887000 274939 1120772 44 15 23 18  0  0
53 24  99312 135051828 1593176 39123444    0    0 1349312 889032 275225 1140929 44 14 24 19  0  0
47 22  99312 135067204 1593176 39123528    0    0 1336752 896672 275238 1131414 44 15 23 18  0  0
51 21  99312 135053996 1593176 39123624    0    0 1342592 868964 274345 1130711 44 16 23 18  0  0
56 23  99312 135047920 1593176 39123708    0    0 1337568 886416 275361 1136538 44 15 23 18  0  0
54 36  99312 135051548 1593180 39123788    0    0 1336736 867556 272860 1121578 44 15 23 18  0  0
57 19  99312 135057716 1593180 39123888    0    0 1328272 893080 274683 1129214 44 15 23 18  0  0
25 64  99312 135049056 1593180 39123976    0    0 1333504 885240 273670 1125362 44 15 23 18  0  0
37 35  99312 135054964 1593180 39124056    0    0 1322192 887700 274291 1121064 44 15 23 18  0  0
37 40  99312 135051492 1593180 39124140    0    0 1344672 885360 276515 1140173 44 15 23 18  0  0
39 48  99312 135050384 1593184 39124232    0    0 1301408 840860 262582 1085775 42 13 24 21  0  0
40 34  99312 135061460 1593184 39124324    0    0 1289456 857864 263963 1083196 42 13 24 21  0  0
52 30  99312 135059728 1593184 39124408    0    0 1342112 879804 276380 1139824 44 15 22 18  0  0
51 24  99312 135062260 1593184 39124496    0    0 1337728 898608 275606 1128890 44 15 23 18  0  0
45 34  99312 135050820 1593184 39124592    0    0 1343088 884656 276788 1140688 45 15 22 18  0  0
procs -----------memory---------- ---swap-- -----io---- -system-- -------cpu-------
 r  b   swpd   free   buff  cache   si   so    bi    bo   in   cs us sy id wa st gu
55 16  99312 135031140 1593184 39124692    0    0 1325184 874012 274681 1123247 44 15 23 18  0  0
46 41  99312 135029592 1593184 39124796    0    0 1320880 892992 273023 1118336 44 15 23 18  0  0
49 27  99312 135031400 1593184 39124880    0    0 1318800 874252 271805 1116123 44 15 23 18  0  0
47 23  99312 135036124 1593184 39124988    0    0 1334160 877256 275347 1131693 44 15 23 18  0  0
56 17  99312 135040768 1593184 39125068    0    0 1325584 865548 272245 1116641 44 15 23 18  0  0
40 30  99312 135045196 1593188 39125148    0    0 1347776 899396 275001 1135167 43 14 24 19  0  0
47 22  99312 135027308 1593188 39125236    0    0 1332064 893784 273625 1125531 44 15 23 18  0  0
49 20  99312 135051600 1593188 39125328    0    0 1240576 796008 253717 1039714 40 14 25 21  0  0
55 24  99312 135038696 1593188 39125416    0    0 1331072 906404 275249 1132220 44 15 23 18  0  0
40 31  99312 135041792 1593188 39125512    0    0 1337792 870892 273178 1125222 44 15 23 18  0  0
52 22  99312 135039344 1593192 39125596    0    0 1336448 887116 275275 1133569 45 15 22 18  0  0
54 21  99312 135035080 1593192 39125784    0    0 1337440 872252 274995 1133846 44 15 23 18  0  0
53 19  99312 135043480 1593192 39125868    0    0 1337680 884556 274338 1132312 44 15 23 18  0  0
42 45  99312 135048904 1593192 39125960    0    0 1325408 874660 272378 1119065 44 15 23 18  0  0
50 30  99312 135042120 1593192 39126052    0    0 1337952 891140 274180 1133889 44 14 23 18  0  0
45 35  99312 135060420 1593200 39126124    0    0 1305456 875096 269208 1104710 42 13 25 19  0  0
48 25  99312 135044960 1593200 39126224    0    0 1331840 897628 275346 1129967 44 15 23 18  0  0
55 18  99312 135055212 1593200 39126320    0    0 1341472 868144 274294 1131719 44 15 23 18  0  0
33 49  99312 135047128 1593200 39126400    0    0 1254400 821292 257221 1052503 41 14 25 21  0  0
44 26  99312 135051520 1593200 39126488    0    0 1337632 892488 276392 1136420 44 15 23 18  0  0
48 22  99312 135031028 1593204 39126564    0    0 1335360 883712 274082 1126563 44 15 22 18  0  0
procs -----------memory---------- ---swap-- -----io---- -system-- -------cpu-------
 r  b   swpd   free   buff  cache   si   so    bi    bo   in   cs us sy id wa st gu
41 41  99312 135043024 1593204 39126664    0    0 1343248 894908 276719 1139187 44 16 22 18  0  0
38 39  99312 135034624 1593204 39126752    0    0 1341136 895096 276792 1140261 45 15 23 18  0  0
40 31  99312 135028836 1593204 39126844    0    0 1335296 883320 275557 1133925 44 15 23 18  0  0
56 18  99312 135047880 1593204 39126928    0    0 1339552 887304 272662 1132145 43 14 24 19  0  0
52 19  99312 135054420 1593208 39127012    0    0 1330192 881712 273211 1124488 44 14 23 19  0  0
52 25  99312 135048760 1593208 39127112    0    0 1318224 872248 271760 1113690 43 15 23 18  0  0
54 21  99312 135037848 1593208 39127212    0    0 1338768 891068 275657 1133332 44 15 23 18  0  0
48 34  99312 135044472 1593208 39127296    0    0 1334896 893572 275048 1132387 44 15 22 18  0  0
31 43  99312 135044924 1593212 39127372    0    0 1243920 811504 254525 1034090 40 13 24 22  0  0
34 47  99312 135055788 1593220 39127452    0    0 1326784 887032 280223 1127499 44 15 23 18  0  0
50 18  99312 135054816 1593220 39127544    0    0 1340320 882116 276696 1140938 44 15 23 18  0  0
43 42  99312 135027232 1593220 39127644    0    0 1332800 900388 275033 1126715 44 15 23 18  0  0
43 25  99312 135015100 1593220 39127736    0    0 1349296 882484 276629 1144474 44 15 23 18  0  0
52 17  99312 135033080 1593220 39127812    0    0 1357696 867792 275413 1139417 44 15 23 18  0  0
42 33  99312 135050656 1593228 39127892    0    0 1331472 895632 274371 1124310 44 15 23 18  0  0
52 23  99312 135051396 1593228 39128000    0    0 1315568 876664 271524 1110738 43 15 23 19  0  0
68 12  99312 135036656 1593228 39128092    0    0 1330912 869676 273488 1122637 44 15 23 19  0  0
47 34  99312 135043844 1593228 39128180    0    0 1325328 878144 273151 1123883 44 15 23 18  0  0
27 60  99312 135038668 1593228 39128272    0    0 1242096 816056 254709 1040598 40 13 25 21  0  0
28 43  99312 135037216 1593236 39128348    0    0 1243888 808252 254732 1038869 40 14 25 22  0  0
44 46  99312 135033892 1593236 39128460    0    0 1337424 898540 276028 1137543 44 15 23 18  0  0
procs -----------memory---------- ---swap-- -----io---- -system-- -------cpu-------
 r  b   swpd   free   buff  cache   si   so    bi    bo   in   cs us sy id wa st gu
50 20  99312 135018768 1593236 39128552    0    0 1333808 878420 273941 1124553 44 15 23 18  0  0
51 26  99312 135021448 1593236 39128648    0    0 1341248 900728 275065 1138694 44 14 24 19  0  0
45 28  99312 135043880 1593236 39128724    0    0 1343488 875588 278055 1134444 46 15 22 18  0  0
51 20  99312 135051824 1593240 39128804    0    0 1338016 887832 277184 1135282 44 15 23 18  0  0
53 17  99312 135032804 1593240 39128896    0    0 1330736 882548 273654 1127621 44 15 23 18  0  0
49 21  99312 135024372 1593240 39128996    0    0 1323216 878892 273217 1122001 44 15 23 18  0  0
47 24  99312 135032260 1593240 39129088    0    0 1320640 881092 272402 1122723 43 15 23 18  0  0
50 19  99312 135048024 1593240 39129176    0    0 1321968 885236 272551 1114377 43 15 23 19  0  0
47 23  99312 135048784 1593244 39129260    0    0 1286016 846292 263789 1084170 42 14 24 20  0  0
44 29  99312 135039804 1593244 39129344    0    0 1246992 810444 255725 1041115 40 14 25 21  0  0
44 26  99312 135023048 1593244 39129440    0    0 1290384 859336 265428 1088084 42 14 24 20  0  0
53 18  99312 135046368 1593244 39129524    0    0 1341840 877860 272973 1129479 44 14 24 19  0  0
42 29  99312 135063144 1593244 39129612    0    0 1335488 896880 275373 1133645 44 15 23 18  0  0
53 24  99312 135052388 1593252 39129672    0    0 1351984 876740 276776 1142131 45 15 22 18  0  0
47 22  99312 135025172 1593252 39129772    0    0 1332640 895216 275347 1132900 44 15 23 18  0  0
53 18  99312 135021580 1593252 39129868    0    0 1340096 880832 275119 1135171 44 15 22 18  0  0
42 37  99312 135021580 1593252 39129960    0    0 1336928 884856 273963 1130317 44 15 23 18  0  0
49 20  99312 135041436 1593252 39130048    0    0 1324336 866180 271152 1112520 43 15 23 19  0  0
42 30  99312 135029484 1593260 39130140    0    0 1326400 870956 272742 1119691 44 15 23 18  0  0
56 19  99312 135019700 1593260 39130240    0    0 1326720 873416 271679 1120693 44 15 23 18  0  0
30 54  99312 135034888 1593260 39130312    0    0 1261168 842728 257261 1055814 40 13 25 22  0  0
procs -----------memory---------- ---swap-- -----io---- -system-- -------cpu-------
 r  b   swpd   free   buff  cache   si   so    bi    bo   in   cs us sy id wa st gu
42 33  99312 135044888 1593260 39130396    0    0 1253456 824324 256067 1050597 40 13 25 22  0  0
47 22  99312 135042364 1593260 39130476    0    0 1337632 877980 274398 1133473 44 15 23 18  0  0
50 24  99312 135033868 1593268 39130572    0    0 1332448 884232 273706 1129534 44 15 23 18  0  0
42 31  99312 135044992 1593268 39130668    0    0 1349072 883868 275684 1140144 44 15 23 18  0  0
46 23  99312 135059896 1593268 39130764    0    0 1340864 895236 275150 1133054 44 15 22 18  0  0
48 40  99312 135039872 1593268 39130856    0    0 1342416 889924 275425 1134935 44 15 23 18  0  0
50 22  99312 135037808 1593268 39130940    0    0 1339184 887324 276211 1137082 44 15 23 18  0  0
54 22  99312 135016448 1593276 39131032    0    0 1317152 868100 270106 1105549 43 15 23 19  0  0
48 23  99312 135024996 1593276 39131196    0    0 1321056 885696 272940 1117204 43 14 23 19  0  0
56 18  99312 135039476 1593276 39131284    0    0 1350432 889288 273770 1133468 44 14 24 19  0  0
35 36  99312 135066788 1593276 39131364    0    0 1273840 834680 259099 1067703 41 14 24 21  0  0
55 15  99312 135053040 1593276 39131456    0    0 1229024 818152 251974 1032118 40 13 25 22  0  0
56 17  99312 135020780 1593280 39131536    0    0 1338304 893508 274954 1133142 44 15 22 18  0  0
57 22  99312 135017784 1593280 39131632    0    0 1338256 873312 273976 1129447 44 15 23 18  0  0
51 25  99312 135033412 1593280 39131712    0    0 1339712 898456 275071 1135821 44 15 23 18  0  0
58 23  99312 135039012 1593280 39131808    0    0 1346816 875160 274805 1133291 45 15 22 18  0  0
38 37  99312 135042812 1593280 39131908    0    0 1345872 888736 274836 1134784 44 15 22 18  0  0
42 28  99312 135043504 1593280 39132004    0    0 1335904 896364 275273 1132305 44 15 23 18  0  0
38 35  99312 135028468 1593280 39132084    0    0 1328864 900708 272712 1126969 43 14 24 19  0  0
52 23  99312 135046352 1593280 39132172    0    0 1322096 867764 270287 1108004 44 14 23 19  0  0
42 30  99312 135051720 1593280 39132260    0    0 1343008 869420 273961 1131475 44 15 23 18  0  0
procs -----------memory---------- ---swap-- -----io---- -system-- -------cpu-------
 r  b   swpd   free   buff  cache   si   so    bi    bo   in   cs us sy id wa st gu
39 39  99312 135041688 1593280 39132344    0    0 1289440 853172 264606 1090273 42 14 24 19  0  0
36 39  99312 135038932 1593288 39132420    0    0 1234880 831756 255213 1038796 40 13 25 22  0  0
52 18  99312 135030912 1593288 39132520    0    0 1310096 844560 267358 1097351 42 15 24 19  0  0
59 15  99312 135048484 1593288 39132616    0    0 1338160 884548 275246 1132845 44 15 23 18  0  0
37 35  99312 135031524 1593288 39132704    0    0 1335136 903756 275218 1130584 44 15 23 18  0  0
33 40  99312 135026208 1593288 39132800    0    0 1350960 883692 276154 1141962 45 15 23 17  0  0
47 20  99312 135034908 1593288 39132880    0    0 1350784 888416 276241 1138577 44 15 23 18  0  0
55 18  99312 135044588 1593288 39132968    0    0 1350528 896724 276385 1143486 44 14 23 19  0  0
46 26  99312 135027228 1593288 39133056    0    0 1339056 883624 273764 1127618 44 15 23 18  0  0
45 24  99312 135050904 1593288 39133148    0    0 1321888 886404 273194 1119435 43 15 23 19  0  0
46 26  99312 135038984 1593288 39133244    0    0 1329184 859416 270907 1115340 44 15 23 19  0  0
54 17  99312 135035004 1593296 39133320    0    0 1334464 898692 274364 1127988 44 15 23 18  0  0
41 30  99312 135025320 1593296 39133420    0    0 1215456 785892 245504 1005307 39 13 25 23  0  0
52 28  99312 135018124 1593296 39133520    0    0 1308256 867056 268961 1100923 43 15 23 19  0  0
48 22  99312 135047032 1593296 39133600    0    0 1341264 888016 275954 1136140 44 15 23 18  0  0
48 26  99312 135038932 1593296 39133688    0    0 1328048 886164 274102 1124751 44 15 23 18  0  0
53 20  99312 135042644 1593296 39133776    0    0 1346560 898452 273940 1133596 44 14 24 19  0  0
50 31  99312 135039592 1593296 39133860    0    0 1347872 884500 275033 1139287 44 15 23 18  0  0
50 26  99312 135047128 1593296 39133952    0    0 1348464 888752 277228 1142205 44 15 23 18  0  0
36 38  99312 135033044 1593296 39134040    0    0 1332736 900476 275312 1130466 44 15 23 18  0  0
37 35  99312 135024564 1593296 39134148    0    0 1332864 879620 274669 1128358 44 15 23 18  0  0
procs -----------memory---------- ---swap-- -----io---- -system-- -------cpu-------
 r  b   swpd   free   buff  cache   si   so    bi    bo   in   cs us sy id wa st gu
40 30  99312 135019436 1593300 39134228    0    0 1321088 870500 270931 1114192 43 15 23 19  0  0
55 18  99312 135035588 1593300 39134324    0    0 1335840 876364 273018 1127434 44 15 23 18  0  0
42 26  99312 135017672 1593300 39134416    0    0 1253552 829684 255692 1047861 41 14 25 21  0  0
40 45  99312 135041576 1593300 39134500    0    0 1264896 840884 261009 1062114 41 14 24 21  0  0
29 45  99312 135028240 1593300 39134596    0    0 1343504 889324 275096 1139779 44 15 23 18  0  0
25  3  99312 135043308 1593304 39134660    0    0 1340592 881464 273627 1130075 43 14 24 19  0  0
51 22  99312 135039412 1593308 39134764    0    0 1340848 892676 274904 1134607 44 15 23 18  0  0
48 25  99312 135038432 1593308 39134860    0    0 1342688 894436 275453 1138602 44 15 22 18  0  0
50 29  99312 135039940 1593308 39134948    0    0 1348960 878192 275745 1142265 44 16 22 18  0  0
42 46  99312 135027304 1593308 39135040    0    0 1342288 900528 275993 1137998 44 16 22 18  0  0
48 32  99312 135019176 1593312 39135128    0    0 1329856 882112 272934 1125065 44 15 23 18  0  0
35 36  99312 135035588 1593316 39135216    0    0 1316224 861340 270577 1112977 43 15 23 19  0  0
60 14  99312 135049860 1593316 39135304    0    0 1337552 890288 274515 1130125 44 15 22 18  0  0
49 21  99312 135043140 1593316 39135400    0    0 1316240 858532 269219 1106337 43 15 23 19  0  0
45 27  99312 135044292 1593316 39135484    0    0 1207120 798024 243099 998085 38 11 27 24  0  0
56 20  99312 135054476 1593316 39135568    0    0 1347152 889460 277140 1142599 45 15 23 18  0  0
43 28  99312 135050872 1593316 39135648    0    0 1327552 880304 273173 1125247 44 15 23 18  0  0
56 18  99312 135049772 1593316 39135740    0    0 1330896 881064 274186 1127404 44 15 23 18  0  0
47 28  99312 135033224 1593316 39135832    0    0 1343616 892036 276023 1141012 44 15 23 18  0  0
52 25  99312 135037920 1593316 39135908    0    0 1339136 887692 274552 1129327 44 15 23 18  0  0
49 34  99312 135027052 1593320 39135996    0    0 1345584 890976 275579 1136247 44 15 22 18  0  0
procs -----------memory---------- ---swap-- -----io---- -system-- -------cpu-------
 r  b   swpd   free   buff  cache   si   so    bi    bo   in   cs us sy id wa st gu
38 42  99312 135032368 1593320 39136092    0    0 1337264 881392 275218 1132725 44 15 23 18  0  0
57 17  99312 135037048 1593320 39136192    0    0 1320032 874332 271662 1109339 43 15 23 19  0  0
52 21  99312 135035472 1593320 39136284    0    0 1328080 876196 272321 1120891 43 15 23 19  0  0
49 23  99312 135051688 1593320 39136368    0    0 1316256 872852 267630 1104543 42 13 24 20  0  0
50 25  99312 135047360 1593320 39136448    0    0 1222336 788528 249454 1016365 39 13 25 23  0  0
45 27  99312 135043364 1593320 39136612    0    0 1322944 876644 272288 1114687 43 15 23 19  0  0
47 26  99312 135021572 1593320 39136700    0    0 1344000 884492 275649 1132701 44 15 23 18  0  0
41 36  99312 135009996 1593320 39136780    0    0 1335520 894264 276005 1136702 44 15 22 18  0  0
45 44  99312 135028980 1593320 39136876    0    0 1343120 886280 275526 1138543 45 15 22 18  0  0
51 23  99312 135022664 1593324 39136956    0    0 1347472 890308 277140 1141248 45 15 22 18  0  0
40 35  99312 135017052 1593324 39137068    0    0 1346288 899648 277358 1138971 44 15 23 18  0  0
50 34  99312 135015292 1593324 39137156    0    0 1338496 893476 275705 1135813 44 15 23 18  0  0
51 20  99312 135032028 1593324 39137240    0    0 1332576 878844 271856 1122033 43 14 24 19  0  0
39 41  99312 135043868 1593324 39137320    0    0 1310240 853284 267698 1094464 43 14 23 20  0  0
51 22  99312 135056740 1593332 39137412    0    0 1295632 868992 265707 1087959 42 14 23 20  0  0
50 30  99312 135043840 1593332 39137508    0    0 1244336 827548 255608 1044223 40 14 24 22  0  0
49 23  99312 135044296 1593332 39137600    0    0 1287104 839216 263384 1075237 42 14 24 20  0  0
54 23  99312 135025188 1593332 39137692    0    0 1339392 876180 274289 1130502 44 15 23 18  0  0
45 27  99312 135018916 1593332 39137780    0    0 1321456 886480 272979 1119925 44 15 23 18  0  0
43 36  99312 135024680 1593340 39137868    0    0 1334752 896704 275331 1131927 44 15 23 18  0  0
51 23  99312 135028212 1593340 39137980    0    0 1345552 877936 275641 1132296 44 15 22 18  0  0
procs -----------memory---------- ---swap-- -----io---- -system-- -------cpu-------
 r  b   swpd   free   buff  cache   si   so    bi    bo   in   cs us sy id wa st gu
48 31  99312 135016640 1593340 39138072    0    0 1351248 888776 276655 1143329 44 15 23 18  0  0
34 43  99312 135041140 1593340 39138160    0    0 1340960 891804 273709 1133422 44 14 23 19  0  0
54 20  99312 135031384 1593340 39138240    0    0 1325856 878324 273907 1121595 43 15 23 19  0  0
61 13  99312 135030716 1593344 39138324    0    0 1316800 884368 270675 1104469 43 15 23 19  0  0
39 35  99312 135032348 1593344 39138416    0    0 1293648 849256 266142 1089476 42 14 24 20  0  0
45 29  99312 135020352 1593344 39138496    0    0 1280528 834588 262522 1073131 41 14 24 21  0  0
42 27  99312 135034320 1593344 39138588    0    0 1255520 838700 257267 1056910 41 14 25 21  0  0
37 42  99312 135033716 1593344 39138672    0    0 1341200 880612 274026 1130218 44 15 23 18  0  0
47 37  99312 135029372 1593344 39138768    0    0 1339392 883292 275144 1134007 44 15 23 18  0  0
55 15  99312 135031820 1593344 39138852    0    0 1338240 894644 275656 1134099 44 15 22 18  0  0
47 25  99312 135019900 1593344 39138944    0    0 1352176 894724 274742 1141144 44 14 23 18  0  0
49 18  99312 135035556 1593344 39139024    0    0 1347584 886976 275415 1136273 44 15 23 18  0  0
58 21  99312 135028804 1593344 39139108    0    0 1345792 878976 275663 1138013 44 15 23 18  0  0
50 24  99312 135025408 1593352 39139192    0    0 1319840 879580 271130 1110329 43 15 23 19  0  0
59 16  99312 135038380 1593352 39139296    0    0 1313856 875356 271714 1108676 43 15 23 19  0  0
58 25  99312 135030796 1593352 39139384    0    0 1332096 866648 271773 1116336 44 15 23 19  0  0
49 29  99312 135016964 1593352 39139472    0    0 1237520 839412 254138 1032073 40 13 25 22  0  0
33 38  99312 135038372 1593352 39139560    0    0 1326656 874236 272482 1119546 44 15 23 18  0  0
63 19  99312 135018596 1593352 39139644    0    0 1253216 822072 257587 1051269 41 14 25 21  0  0
54 19  99312 135012508 1593352 39139728    0    0 1332832 902392 274484 1125603 44 15 23 19  0  0
45 41  99312 135030732 1593352 39139800    0    0 1348096 883616 273969 1137302 44 14 24 19  0  0
procs -----------memory---------- ---swap-- -----io---- -system-- -------cpu-------
 r  b   swpd   free   buff  cache   si   so    bi    bo   in   cs us sy id wa st gu
43 31  99312 135029256 1593352 39139896    0    0 1344208 884432 276355 1136060 44 15 23 18  0  0
48 32  99312 135044868 1593352 39139984    0    0 1338992 882664 275179 1134212 44 15 23 18  0  0
57 18  99312 135035628 1593360 39140068    0    0 1335760 887908 274881 1133819 44 15 23 18  0  0
49 26  99312 135035556 1593360 39140176    0    0 1327760 885268 273369 1127783 44 15 23 18  0  0
58 17  99312 135017808 1593360 39140264    0    0 1323392 870068 272685 1118272 44 15 23 18  0  0
38 33  99312 135031108 1593360 39140348    0    0 1328832 882852 274815 1127627 44 15 23 18  0  0
39 55  99312 135026636 1593360 39140448    0    0 1263968 815284 258635 1061043 41 14 24 21  0  0
47 35  99312 135027000 1593364 39140520    0    0 1335888 899680 276206 1132421 44 15 23 18  0  0
36 31  99312 135031832 1593364 39140608    0    0 1278080 825160 258609 1071028 41 13 25 21  0  0
48 28  99312 135028264 1593364 39140692    0    0 1316736 881320 270066 1110153 43 14 23 19  0  0
23 10  99312 135024108 1593364 39140788    0    0 1335984 892480 276399 1135080 44 15 23 18  0  0
57 25  99312 135022100 1593364 39140872    0    0 1340464 877600 274668 1132351 44 16 23 18  0  0
55 17  99312 135032348 1593368 39140960    0    0 1335968 890064 274566 1134237 44 15 23 18  0  0
40 37  99312 135019852 1593372 39141064    0    0 1344832 887468 275943 1138450 44 15 23 18  0  0
45 24  99312 135013100 1593372 39141148    0    0 1338816 888144 274842 1132778 44 15 23 18  0  0
49 31  99312 135023956 1593372 39141224    0    0 1321040 876004 274300 1119495 44 15 23 19  0  0
41 36  99312 135036720 1593372 39141324    0    0 1327888 887308 274832 1127517 44 15 23 18  0  0
43 32  99312 135040616 1593380 39141400    0    0 1253824 819244 255447 1045093 40 13 25 22  0  0
59 17  99312 135043856 1593380 39141508    0    0 1341472 910692 275182 1135830 44 14 24 19  0  0
52 20  99312 135047700 1593380 39141584    0    0 1286576 854324 264514 1087330 42 14 24 20  0  0
48 31  99312 135045524 1593380 39141672    0    0 1300496 853676 267767 1096939 43 14 23 19  0  0
procs -----------memory---------- ---swap-- -----io---- -system-- -------cpu-------
 r  b   swpd   free   buff  cache   si   so    bi    bo   in   cs us sy id wa st gu
35 34  99312 135045632 1593380 39141760    0    0 1341472 892532 275441 1133722 44 15 22 18  0  0
46 22  99312 135050064 1593388 39141844    0    0 1335760 883156 273701 1124247 44 15 23 18  0  0
46 23  99312 135023784 1593388 39142008    0    0 1342960 891412 276188 1141305 44 16 22 18  0  0
57 25  99312 135025796 1593388 39142104    0    0 1335424 874844 274376 1129916 44 15 23 18  0  0
59 14  99312 135044564 1593388 39142200    0    0 1333840 890784 274615 1130281 44 15 23 18  0  0
48 22  99312 135039268 1593388 39142284    0    0 1306528 876448 270270 1104021 43 15 24 19  0  0
41 26  99312 135043392 1593392 39142368    0    0 1337552 885380 273654 1133225 43 14 24 19  0  0
41 29  99312 135050624 1593392 39142456    0    0 1275616 843332 261369 1070712 41 13 25 21  0  0
53 22  99312 135026200 1593392 39142556    0    0 1283728 854072 264209 1082558 42 14 24 20  0  0
37 32  99312 135039548 1593392 39142656    0    0 1310768 882976 269596 1111126 43 15 23 19  0  0
49 24  99312 135035556 1593392 39142748    0    0 1266336 840756 260481 1062316 41 14 24 21  0  0
33 45  99312 135010708 1593396 39142832    0    0 1336560 875680 275089 1131321 44 15 23 18  0  0
41 32  99312 135004348 1593396 39142924    0    0 1331776 882068 274654 1130000 44 15 23 18  0  0
39 46  99312 135033292 1593396 39143004    0    0 1344624 871548 274460 1132087 44 15 23 18  0  0
51 19  99312 135022184 1593396 39143092    0    0 1330416 895352 273740 1128007 44 15 23 18  0  0
38 34  99312 135010372 1593396 39143184    0    0 1333536 902524 274939 1133095 44 14 23 19  0  0
44 37  99312 135040960 1593400 39143256    0    0 1328064 875204 270505 1113105 43 14 24 19  0  0
52 18  99312 135021324 1593404 39143356    0    0 1327904 871164 272776 1121239 44 15 23 18  0  0
37 43  99312 135041956 1593404 39143444    0    0 1267472 849472 261197 1070068 41 14 24 21  0  0
36 40  99312 135042676 1593404 39143540    0    0 1295136 861228 268157 1097015 42 15 23 20  0  0
47 27  99312 135041856 1593404 39143624    0    0 1330592 886904 273663 1126346 44 15 23 18  0  0
