procs -----------memory---------- ---swap-- -----io---- -system-- -------cpu-------
 r  b   swpd   free   buff  cache   si   so    bi    bo   in   cs us sy id wa st gu
 5  1  99320 135847448 1430168 34092008    0    1 11566 15515 8903    2  2  0 98  0  0  0
 1  3  99320 135837192 1430168 34092136    0    0 164096 385728 115545 110640  2  1 95  3  0  0
118  0  99320 135688852 1430168 34092244    0    0 57840 123016 100461 69373 93  3  4  0  0  0
120  1  99320 135669380 1430168 34092316    0    0 58880 273816 226921 74453 96  2  2  0  0  0
110  1  99320 135584488 1430180 34092384    0    0 55904 252468 105077 69469 97  2  1  0  0  0
133  1  99320 135566156 1430180 34092460    0    0 45136 197864 100084 55251 97  2  1  0  0  0
150  0  99320 135544188 1430180 34092544    0    0 52720 214540 101071 58028 97  2  1  0  0  0
117  0  99320 135527304 1430180 34092624    0    0 45296 195544 100132 62329 97  2  1  0  0  0
138  2  99320 135506688 1430180 34092704    0    0 53296 273996 151489 69262 96  2  2  0  0  0
115  1  99320 135477900 1430188 34092776    0    0 55136 262048 105834 67868 97  2  1  0  0  0
150  3  99320 135459324 1430188 34092860    0    0 54704 269212 116410 66984 97  2  1  0  0  0
111  0  99320 135430448 1430188 34092940    0    0 50992 272804 122924 74364 97  2  1  0  0  0
105  0  99320 135397436 1430188 34093028    0    0 53168 246864 112406 62886 97  2  1  0  0  0
121  1  99320 135373940 1430188 34093092    0    0 52464 223100 110249 61517 97  2  1  0  0  0
69  2  99320 135351136 1430196 34093168    0    0 59184 280612 111543 70049 97  2  1  0  0  0
46  2  99320 135316684 1430196 34093252    0    0 135696 413904 117282 117969 47  2 49  2  0  0
36  1  99320 135285736 1430196 34093348    0    0 130816 360752 111989 105425 48  2 47  2  0  0
31  2  99320 135258200 1430196 34093436    0    0 108064 353024 110026 96653 46  1 51  2  0  0
31  1  99320 135159180 1430196 34093500    0    0 134960 361212 144990 113526 42  1 55  2  0  0
40  1  99320 134982224 1430204 34093564    0    0 139728 349184 156940 117977 41  1 55  2  0  0
35  2  99320 134864888 1430204 34093636    0    0 152192 330100 140064 110703 42  1 54  2  0  0
procs -----------memory---------- ---swap-- -----io---- -system-- -------cpu-------
 r  b   swpd   free   buff  cache   si   so    bi    bo   in   cs us sy id wa st gu
30  2  99320 134702556 1430204 34093712    0    0 149232 324320 155735 120790 40  1 57  2  0  0
215 12  99320 133671344 1430204 34093792    0    0 423888 325584 750991 402120 42 22 34  2  0  0
198 60  99320 133531324 1430204 34093884    0    0 1643072 679788 383922 978153 69 21  5  5  0  0
108 17  99320 133398852 1430224 34093972    0    0 1682016 756112 339840 1098599 66 23  5  6  0  0
121 70  99320 133258456 1430228 34094288    0    0 1617984 771536 342474 1154334 65 22  6  7  0  0
108 28  99320 133123340 1430236 34094636    0    0 1759952 841036 378563 1067490 67 23  4  6  0  0
90 22  99320 133003888 1430236 34094332    0    0 1677760 828108 350323 1136496 64 23  5  7  0  0
65 26  99320 132957844 1430236 34094420    0    0 1696288 829064 336144 1165275 65 23  5  7  0  0
85 52  99320 132920972 1430248 34094500    0    0 1729760 829564 368485 1108085 67 23  4  6  0  0
173 87  99320 132910988 1430248 34094612    0    0 1626384 789812 340946 1176868 63 22  5  9  0  0
252 78  99320 132864276 1430256 34094708    0    0 1666528 822636 358839 1150052 65 23  5  6  0  0
55 26  99320 132872128 1430256 34094784    0    0 1691008 827544 347311 1172667 66 22  5  7  0  0
142 60  99320 132836760 1430256 34094864    0    0 1583792 929052 341948 1231102 64 22  6  8  0  0
106 40  99320 132858768 1430260 34094948    0    0 1583040 917380 344334 1226249 64 22  6  8  0  0
64 15  99320 132828896 1430260 34095040    0    0 1582768 925436 340660 1218268 64 23  6  7  0  0
80 61  99320 132826688 1430260 34095120    0    0 1482928 920240 335360 1211520 62 22  7  8  0  0
43 33  99320 132821556 1430260 34095208    0    0 1536208 934128 331350 1187104 64 23  6  7  0  0
109 41  99320 132835960 1430260 34095304    0    0 1417072 890816 326838 1203594 63 23  7  7  0  0
140 30  99320 132809748 1430272 34095396    0    0 1420992 917296 327143 1164543 62 23  7  7  0  0
133 36  99320 132804288 1430272 34095492    0    0 1469008 919460 324404 1160291 62 23  7  8  0  0
137 46  99320 132819304 1430284 34095728    0    0 1424960 921852 321352 1166656 63 23  7  7  0  0
procs -----------memory---------- ---swap-- -----io---- -system-- -------cpu-------
 r  b   swpd   free   buff  cache   si   so    bi    bo   in   cs us sy id wa st gu
76 29  99320 132851692 1430284 34095696    0    0 1432352 916492 325013 1188415 63 24  7  7  0  0
61 30  99320 132840876 1430284 34095772    0    0 1416576 919764 322240 1203630 63 23  7  7  0  0
138 60  99320 132833784 1430304 34095832    0    0 1458976 942976 327030 1204003 62 22  7  8  0  0
81 83  99320 132831928 1430304 34095936    0    0 1461568 948332 325954 1191211 62 23  7  8  0  0
88 86  99320 132818176 1430304 34096024    0    0 1418000 921988 328581 1200555 62 23  7  7  0  0
103 37  99320 132827920 1430308 34096120    0    0 1430176 945672 328153 1215881 63 24  7  6  0  0
102 34  99320 132812336 1430308 34096204    0    0 1401280 924344 323532 1220878 61 23  8  7  0  0
93 40  99320 132822680 1430316 34096284    0    0 1458208 962048 322036 1176087 63 23  7  8  0  0
135 43  99320 132796044 1430316 34096392    0    0 1427920 936068 325337 1200229 62 23  7  8  0  0
187 72  99320 132810596 1430316 34096472    0    0 1437552 939812 321845 1200210 62 23  7  8  0  0
72 19  99320 132851584 1430316 34096564    0    0 1441552 957036 323302 1165125 63 22  7  8  0  0
125 29  99320 132858908 1430316 34096648    0    0 1465792 961612 326845 1204702 63 23  7  7  0  0
57 57  99320 132850352 1430320 34096732    0    0 1435888 979072 330070 1207621 63 23  7  6  0  0
104 94  99320 132826604 1430324 34096828    0    0 1446832 991996 329205 1196716 63 23  7  7  0  0
75 71  99320 132827624 1430324 34096920    0    0 1411776 959880 326457 1252609 61 22  8  8  0  0
109 94  99320 132829140 1430328 34096992    0    0 1497024 1017116 329575 1161924 63 23  6  7  0  0
157 101  99320 132834196 1430328 34097100    0    0 1435536 982572 324703 1212118 62 23  8  8  0  0
59 23  99320 132837584 1430332 34097188    0    0 1478832 999820 332662 1179420 62 23  7  8  0  0
113 58  99320 132820040 1430332 34097280    0    0 1484288 1019508 327913 1175172 63 23  6  8  0  0
86 21  99320 132775732 1430336 34097376    0    0 1414656 956092 327999 1225367 61 23  8  8  0  0
108 74  99320 132801696 1430336 34097444    0    0 1488288 1012176 332396 1184101 63 23  7  7  0  0
procs -----------memory---------- ---swap-- -----io---- -system-- -------cpu-------
 r  b   swpd   free   buff  cache   si   so    bi    bo   in   cs us sy id wa st gu
67  7  99320 132811468 1430336 34097524    0    0 1481456 1015540 330805 1184107 63 23  7  7  0  0
86 88  99320 132813764 1430336 34097616    0    0 1529568 1016952 333245 1140993 64 24  6  7  0  0
77 19  99320 132809836 1430336 34097696    0    0 1458864 989948 332865 1185603 63 23  7  8  0  0
83 28  99320 132791192 1430352 34097784    0    0 1485664 1022252 330653 1190789 64 23  6  7  0  0
105 76  99320 132806304 1430352 34097884    0    0 1402000 969356 333022 1254194 61 23  9  8  0  0
99 79  99320 132814616 1430376 34097948    0    0 1465248 1004308 330072 1212435 63 23  7  7  0  0
43 18  99320 132825336 1430380 34098072    0    0 1460144 998272 326843 1205657 63 23  7  7  0  0
95 18  99320 132828508 1430380 34098152    0    0 1370048 941908 323469 1207903 61 22  8  8  0  0
70 53  99320 132801580 1430392 34098228    0    0 1435152 1001492 326599 1199122 62 23  7  7  0  0
122 73  99320 132787536 1430392 34098320    0    0 1499584 1018712 333084 1168023 64 23  6  7  0  0
76 49  99320 132789600 1430392 34098408    0    0 1481536 1017956 332897 1194973 63 23  7  7  0  0
81  6  99320 132814028 1430412 34098512    0    0 1489632 1016188 323509 1145706 63 24  6  7  0  0
117 21  99320 132835508 1430412 34098588    0    0 1446720 984868 330567 1180092 63 23  7  7  0  0
80  8  99320 132809876 1430428 34098664    0    0 1446880 1008384 327672 1180684 63 23  7  7  0  0
55 83  99320 132798076 1430428 34098772    0    0 1448608 989616 326074 1187613 61 23  8  8  0  0
55 17  99320 132811836 1430428 34098868    0    0 1506576 1018920 334153 1191938 64 23  6  7  0  0
75 18  99320 132843772 1430436 34098948    0    0 1471488 1009464 329256 1216034 62 22  7  9  0  0
37 117  99320 132870960 1430436 34099032    0    0 1485472 1013200 326240 1155212 61 21  7 10  0  0
71 59  99320 132855352 1430436 34099124    0    0 1448912 992388 332047 1206672 63 22  7  8  0  0
57 70  99320 132849400 1430436 34099216    0    0 1461440 1016404 341221 1215142 62 23  8  8  0  0
96 90  99320 132833428 1430436 34099304    0    0 1474576 998772 328079 1177823 63 23  7  7  0  0
procs -----------memory---------- ---swap-- -----io---- -system-- -------cpu-------
 r  b   swpd   free   buff  cache   si   so    bi    bo   in   cs us sy id wa st gu
67 57  99320 132819268 1430460 34099360    0    0 1380192 973252 329920 1223088 62 23  8  7  0  0
141 139  99320 132804092 1430460 34099588    0    0 1466064 996520 332635 1199046 63 24  7  6  0  0
55 126  99320 132776188 1430460 34099660    0    0 1477664 1019768 333820 1205699 64 23  6  6  0  0
94 53  99320 132797728 1430464 34099756    0    0 1486240 1027908 329169 1177224 63 23  7  8  0  0
72 39  99320 132790156 1430464 34099844    0    0 1438880 978972 324756 1190901 62 23  7  7  0  0
36 39  99320 132792524 1430476 34099904    0    0 1379312 951236 324490 1211402 61 23  8  8  0  0
63 38  99320 132779036 1430484 34100000    0    0 1398912 982904 321495 1205248 60 22  7 11  0  0
130 29  99320 132785872 1430484 34100084    0    0 1490928 1010020 328915 1200172 63 22  7  8  0  0
57 22  99320 132784428 1430484 34100156    0    0 1523520 1031776 338474 1189326 64 23  6  7  0  0
109 58  99320 132796656 1430488 34100264    0    0 1453328 1008116 328401 1199965 62 23  7  8  0  0
86 76  99320 132786708 1430496 34100340    0    0 1422032 986184 332395 1211379 62 24  7  7  0  0
42 16  99320 132759916 1430500 34100436    0    0 1504480 1023736 332090 1166777 63 24  6  7  0  0
91 88  99320 132768664 1430500 34100528    0    0 1470096 1014832 329203 1198935 63 23  7  7  0  0
31 75  99320 132795756 1430500 34100620    0    0 1444192 1005168 329045 1194489 61 23  8  8  0  0
63 18  99320 132780136 1430508 34100712    0    0 1470112 1008548 326624 1151076 61 23  7  9  0  0
75 161  99320 132769960 1430508 34100804    0    0 1379328 963256 322455 1218876 61 22  7 10  0  0
83 26  99320 132772108 1430508 34100880    0    0 1434672 966164 318940 1192822 61 22  7 10  0  0
71 45  99320 132784916 1430524 34100968    0    0 1405920 975616 336706 1229963 61 23  8  7  0  0
91 39  99320 132781972 1430524 34101052    0    0 1470112 1003084 333046 1234546 64 23  7  6  0  0
30 23  99320 132777336 1430528 34101128    0    0 1461472 1038508 327090 1172487 62 22  7  9  0  0
91 54  99320 132753052 1430528 34101232    0    0 1469056 1014648 331843 1202715 63 23  7  7  0  0
procs -----------memory---------- ---swap-- -----io---- -system-- -------cpu-------
 r  b   swpd   free   buff  cache   si   so    bi    bo   in   cs us sy id wa st gu
95 90  99320 132763308 1430528 34101320    0    0 1468288 988972 325234 1185770 62 23  7  8  0  0
73 27  99320 132779576 1430560 34101396    0    0 1475040 1053364 332761 1210449 63 23  7  7  0  0
66 31  99320 132765372 1430560 34101512    0    0 1512288 1010012 331438 1168351 63 24  6  7  0  0
47 23  99320 132750708 1430560 34101584    0    0 1464896 1004056 331977 1208201 62 23  7  9  0  0
56 129  99320 132735348 1430576 34101668    0    0 1390624 980284 320038 1181567 60 22  7 12  0  0
119 70  99320 132766860 1430576 34102296    0    0 1438336 982036 328764 1192182 63 23  7  7  0  0
99 18  99320 132779472 1430596 34101876    0    0 1500064 1038996 335330 1157973 64 23  6  7  0  0
78  9  99320 132756908 1430596 34101972    0    0 1441808 976852 328619 1198477 62 23  6  9  0  0
108 91  99320 132753144 1430596 34102064    0    0 1459744 1008528 331860 1191408 62 23  7  7  0  0
28 14  99320 132772188 1430596 34102148    0    0 1491648 1066712 337196 1226174 63 22  7  8  0  0
34 63  99320 132785340 1430600 34102212    0    0 1496048 1004260 330798 1196523 63 23  7  7  0  0
117 104  99320 132792956 1430612 34102312    0    0 1469696 1002940 328684 1182918 62 23  7  8  0  0
102 45  99320 132781428 1430636 34102400    0    0 1437632 986032 331856 1240039 62 23  7  8  0  0
107 31  99320 132777400 1430636 34102508    0    0 1403456 966196 319723 1199521 61 22  8  9  0  0
30 137  99320 132779640 1430644 34102592    0    0 1470528 1035020 327022 1168145 64 23  6  8  0  0
75 16  99320 132782856 1430644 34102696    0    0 1480592 973928 328391 1178892 63 23  7  8  0  0
104 66  99320 132796036 1430648 34102760    0    0 1422160 983888 324770 1191671 62 22  7  9  0  0
82 38  99320 132779532 1430656 34102868    0    0 1387520 953444 313989 1188989 60 22  6 12  0  0
32 49  99320 132786756 1430656 34102952    0    0 1401520 974476 319492 1192220 60 22  8 10  0  0
51 54  99320 132783568 1430656 34103040    0    0 1437648 992472 332288 1226213 62 23  7  8  0  0
86 55  99320 132778024 1430664 34103128    0    0 1492016 1020892 339809 1180294 64 22  6  7  0  0
procs -----------memory---------- ---swap-- -----io---- -system-- -------cpu-------
 r  b   swpd   free   buff  cache   si   so    bi    bo   in   cs us sy id wa st gu
37 113  99320 132799440 1430676 34103200    0    0 1514976 1029512 332283 1197828 64 22  6  8  0  0
39 56  99320 132776476 1430676 34103304    0    0 1421888 968964 319479 1200043 62 22  6 10  0  0
65 12  99320 132773312 1430688 34103368    0    0 1402720 945980 320570 1195567 61 22  7 10  0  0
94 41  99320 132755428 1430700 34103456    0    0 1485632 1029964 332938 1199083 63 23  7  7  0  0
126 134  99320 132783512 1430704 34103548    0    0 1471376 1008652 328463 1186014 63 23  7  7  0  0
52 139  99320 132775588 1430716 34103636    0    0 1459360 985820 323149 1171294 62 23  6  8  0  0
84 65  99320 132759564 1430716 34103712    0    0 1380592 943092 318585 1182363 60 23  8 10  0  0
75  9  99320 132740584 1430720 34103812    0    0 1473712 1028356 332138 1188128 63 23  7  8  0  0
75 17  99320 132731840 1430720 34103900    0    0 1443456 1013260 336671 1236079 64 23  7  7  0  0
62 58  99320 132745964 1430720 34104000    0    0 1434560 971968 328060 1207245 62 23  7  7  0  0
83 77  99320 132738080 1430740 34104060    0    0 1441552 991748 324773 1175196 62 23  6  9  0  0
68 37  99320 132773272 1430740 34104152    0    0 1422960 968408 329022 1222634 63 22  6  9  0  0
41 99  99320 132759088 1430744 34104244    0    0 1381344 987236 322544 1202681 60 22  8 10  0  0
105 44  99320 132750844 1430748 34104336    0    0 1518336 1021284 329914 1150111 64 23  6  8  0  0
44 138  99320 132731748 1430748 34104412    0    0 1502064 1028124 337820 1186392 64 24  6  7  0  0
162 37  99320 132729664 1430760 34104484    0    0 1433344 988352 319845 1137974 60 22  7 11  0  0
82 68  99320 132731136 1430760 34104584    0    0 1435472 1010064 324794 1199654 61 23  7  9  0  0
85 63  99320 132735952 1430760 34104668    0    0 1463792 984192 330050 1196551 62 23  7  7  0  0
47 23  99320 132728800 1430760 34104768    0    0 1469072 1042304 338261 1185969 63 23  7  7  0  0
45 110  99320 132749496 1430760 34104908    0    0 1452288 1004260 323937 1186440 63 22  7  8  0  0
52 26  99320 132742188 1430780 34104988    0    0 1422608 950428 328883 1191019 61 22  7 10  0  0
procs -----------memory---------- ---swap-- -----io---- -system-- -------cpu-------
 r  b   swpd   free   buff  cache   si   so    bi    bo   in   cs us sy id wa st gu
91 93  99320 132734672 1430784 34105116    0    0 1425312 989316 323366 1162157 61 22  7 10  0  0
88 123  99320 132734524 1430788 34105184    0    0 1490144 1043248 335643 1204986 64 23  6  7  0  0
188 80  99320 132733476 1430788 34105272    0    0 1486432 1025520 333657 1218194 63 22  7  8  0  0
104 38  99320 132743600 1430792 34105364    0    0 1405296 944020 319473 1214999 61 23  7  8  0  0
62 20  99320 132741188 1430796 34105452    0    0 1404336 969372 318245 1198599 60 22  8 10  0  0
80 61  99320 132745384 1430800 34105532    0    0 1467776 1040512 338358 1231413 63 23  7  7  0  0
46 46  99320 132709104 1430804 34105620    0    0 1444528 998008 330502 1208468 63 23  7  7  0  0
87 10  99320 132739084 1430804 34105712    0    0 1486624 983788 331845 1190570 64 23  6  7  0  0
94 50  99320 132733872 1430828 34105792    0    0 1383488 982536 324697 1197930 62 22  6 10  0  0
64 71  99320 132742756 1430836 34105876    0    0 1384608 979152 323541 1219239 60 22  8 10  0  0
116 112  99320 132730900 1430836 34105984    0    0 1482688 977080 325907 1172936 62 23  7  8  0  0
90 63  99320 132737332 1430864 34106064    0    0 1389360 981616 326886 1231585 62 23  8  7  0  0
87 52  99320 132750960 1430868 34106148    0    0 1440592 1009396 331564 1220616 62 23  7  8  0  0
110 60  99320 132766752 1430876 34106240    0    0 1461424 1018416 325090 1179348 62 22  7 10  0  0
134 47  99320 132768564 1430880 34106320    0    0 1417536 964344 328395 1217974 62 22  7  8  0  0
94 62  99320 132749816 1430880 34106420    0    0 1452832 967868 328403 1175582 63 23  7  7  0  0
47 148  99320 132742104 1430880 34106512    0    0 1430256 1012184 328661 1213809 63 23  7  8  0  0
66 21  99320 132734308 1430880 34106596    0    0 1491664 989964 329785 1164604 62 23  6  8  0  0
36 61  99320 132734504 1430880 34106688    0    0 1430528 980100 315999 1140188 60 22  7 11  0  0
55 54  99320 132729448 1430912 34106760    0    0 1399632 990784 323406 1208803 62 23  7  9  0  0
62 28  99320 132742384 1430912 34106856    0    0 1479088 982512 332352 1187852 64 23  7  7  0  0
procs -----------memory---------- ---swap-- -----io---- -system-- -------cpu-------
 r  b   swpd   free   buff  cache   si   so    bi    bo   in   cs us sy id wa st gu
64 43  99320 132750188 1430912 34106952    0    0 1473408 1032880 331605 1196643 62 23  7  8  0  0
67 27  99320 132743588 1430920 34107040    0    0 1469888 992096 327930 1180247 63 23  7  7  0  0
74 33  99320 132732004 1430920 34107136    0    0 1395920 951920 327869 1246092 62 24  8  7  0  0
78 30  99320 132741964 1430928 34107196    0    0 1463872 1018052 329235 1201537 63 23  6  8  0  0
112 185  99320 132771780 1430928 34107288    0    0 1479600 999176 327000 1192563 64 22  6  8  0  0
115 53  99320 132745904 1430928 34107380    0    0 1450928 988272 331956 1210897 63 23  7  8  0  0
77 75  99320 132739752 1430932 34107468    0    0 1358656 972084 317124 1188205 61 22  7 10  0  0
105 74  99320 132732560 1430932 34107556    0    0 1407216 954864 328082 1228448 62 23  7  8  0  0
85 24  99320 132731360 1430940 34107632    0    0 1452752 1007232 327611 1213650 62 23  8  7  0  0
122 81  99320 132728304 1430960 34107712    0    0 1503760 1022948 339781 1180507 63 23  6  7  0  0
52 62  99320 132715456 1430960 34107820    0    0 1463984 1005352 326412 1189320 63 23  7  8  0  0
90 43  99320 132718120 1430964 34107908    0    0 1473520 1018960 328320 1160082 62 23  7  8  0  0
79 14  99320 132732964 1430964 34108000    0    0 1443968 1006616 327635 1203296 63 23  7  8  0  0
85 89  99320 132722648 1430972 34108064    0    0 1445504 992572 325902 1199720 63 23  7  7  0  0
92 52  99320 132725152 1430976 34108164    0    0 1408832 975844 335234 1193786 61 23  8  8  0  0
22 75  99320 132750204 1430976 34108244    0    0 1441168 986400 319698 1175871 60 22  7 11  0  0
55 62  99320 132761484 1430980 34108336    0    0 1402880 963492 317353 1200709 61 22  7 11  0  0
66 73  99320 132748512 1430980 34108412    0    0 1444000 1016104 324268 1178760 62 22  7  9  0  0
51 78  99320 132732516 1430988 34108508    0    0 1459168 1009452 328580 1214864 62 23  7  7  0  0
33 45  99320 132752136 1431000 34108584    0    0 1394640 983976 316789 1178573 60 22  7 11  0  0
108 61  99320 132734744 1431000 34108688    0    0 1461984 953784 320904 1164507 61 22  7 10  0  0
procs -----------memory---------- ---swap-- -----io---- -system-- -------cpu-------
 r  b   swpd   free   buff  cache   si   so    bi    bo   in   cs us sy id wa st gu
52 66  99320 132722008 1431000 34108788    0    0 1445792 1009504 331351 1217271 63 23  7  7  0  0
74 67  99320 132712204 1431004 34108856    0    0 1466896 1038444 334819 1220810 63 23  7  7  0  0
59 18  99320 132716644 1431012 34108944    0    0 1485152 996944 331196 1191244 63 24  7  6  0  0
70 113  99320 132723152 1431012 34109032    0    0 1430928 992532 326105 1186851 63 23  6  8  0  0
46 98  99320 132725792 1431012 34109112    0    0 1448384 997264 321621 1143497 61 21  6 12  0  0
91 39  99320 132725516 1431012 34109192    0    0 1398288 942716 321137 1177070 60 22  8  9  0  0
64 80  99320 132740776 1431016 34109284    0    0 1469744 1045616 338759 1228941 63 22  7  9  0  0
118 102  99320 132748160 1431020 34109360    0    0 1479856 1004984 335923 1182494 63 23  7  8  0  0
68 11  99320 132728080 1431020 34109468    0    0 1386944 995224 319976 1171180 61 22  8  9  0  0
59 84  99320 132723584 1431032 34109540    0    0 1464704 984288 328372 1201811 64 23  6  7  0  0
85 66  99320 132714568 1431036 34109652    0    0 1437520 1005236 327798 1182943 62 22  7  9  0  0
43 25  99320 132698476 1431036 34109736    0    0 1432992 959804 325494 1239400 63 23  7  7  0  0
63 66  99320 132709968 1431056 34109800    0    0 1445632 1018976 328344 1209203 62 24  7  8  0  0
43 46  99320 132701136 1431056 34109924    0    0 1386592 918252 318353 1227383 61 23  7  9  0  0
73 45  99320 132706160 1431056 34109996    0    0 1390016 952188 321610 1222108 61 22  7 10  0  0
79 59  99320 132687404 1431064 34110092    0    0 1411120 1006948 323153 1174806 60 22  8  9  0  0
27 46  99320 132706036 1431064 34110244    0    0 1490800 1037652 339839 1173959 63 22  7  8  0  0
34 82  99320 132705736 1431072 34110316    0    0 1440112 936388 332506 1224514 63 22  6  8  0  0
83 47  99320 132702356 1431076 34110400    0    0 1480064 1033848 325894 1169987 63 21  6 10  0  0
51  7  99320 132680188 1431076 34110504    0    0 1480752 1010832 334784 1199055 64 24  6  6  0  0
60 24  99320 132679560 1431076 34110584    0    0 1467728 1006768 328122 1202186 62 23  7  7  0  0
procs -----------memory---------- ---swap-- -----io---- -system-- -------cpu-------
 r  b   swpd   free   buff  cache   si   so    bi    bo   in   cs us sy id wa st gu
68 131  99320 132680124 1431076 34110672    0    0 1474528 1010360 332309 1211019 63 23  7  7  0  0
42 44  99320 132676316 1431084 34110752    0    0 1439296 983196 327273 1201896 63 22  7  8  0  0
29 70  99320 132697548 1431112 34110828    0    0 1436656 1006480 317229 1138331 60 22  7 11  0  0
63 91  99320 132697544 1431112 34110952    0    0 1413680 983408 322135 1179470 62 22  7  9  0  0
95 27  99320 132685720 1431112 34111024    0    0 1458848 982148 329771 1218096 63 23  7  7  0  0
92 96  99320 132676536 1431116 34111124    0    0 1389648 985364 319780 1205704 60 23  8 10  0  0
68 153  99320 132666428 1431124 34111196    0    0 1374656 917052 318779 1194993 60 22  8 10  0  0
80 26  99320 132677620 1431124 34111304    0    0 1442800 1019332 326913 1165369 64 23  6  7  0  0
71 69  99320 132690572 1431124 34111392    0    0 1394560 1009536 328440 1251595 62 22  8  8  0  0
76 15  99320 132704048 1431124 34111460    0    0 1368688 921120 328317 1237237 62 23  8  7  0  0
55 59  99320 132694244 1431132 34111544    0    0 1451984 1017204 330419 1219242 62 23  7  8  0  0
73 40  99320 132690920 1431136 34111624    0    0 1408464 964788 321587 1181922 60 22  7 11  0  0
56 71  99320 132673840 1431136 34111724    0    0 1406784 949668 319624 1226072 61 23  7  9  0  0
50 12  99320 132677124 1431140 34111816    0    0 1439408 963412 323079 1186578 62 23  7  8  0  0
75 44  99320 132675800 1431140 34111924    0    0 1445680 1029008 328325 1200647 62 23  7  8  0  0
28 33  99320 132684392 1431140 34111996    0    0 1425008 964072 319946 1181218 61 23  7  9  0  0
44 57  99320 132675400 1431164 34112068    0    0 1400880 991908 322067 1175962 60 22  7 10  0  0
77 134  99320 132675512 1431168 34112180    0    0 1483552 1000732 332037 1212276 63 23  7  7  0  0
32 105  99320 132688944 1431168 34112260    0    0 1499424 1037040 333404 1162329 64 23  6  7  0  0
60 65  99320 132694372 1431184 34112344    0    0 1456992 1032104 328784 1220820 62 22  8  8  0  0
51 68  99320 132686560 1431184 34112428    0    0 1402784 953092 332792 1274076 61 23  8  8  0  0
procs -----------memory---------- ---swap-- -----io---- -system-- -------cpu-------
 r  b   swpd   free   buff  cache   si   so    bi    bo   in   cs us sy id wa st gu
52 50  99320 132675772 1431200 34112500    0    0 1477504 999620 329241 1195200 63 23  6  8  0  0
159 67  99320 132669064 1431200 34112612    0    0 1482624 1041304 327467 1140301 61 22  6 10  0  0
70 65  99320 132666984 1431200 34112708    0    0 1428064 975372 334869 1219076 62 23  7  8  0  0
86 44  99320 132660040 1431204 34112784    0    0 1405104 963768 325997 1189904 62 22  7  9  0  0
113 44  99320 132649016 1431204 34112884    0    0 1381344 955572 316896 1175843 60 22  7 10  0  0
46 97  99320 132667260 1431212 34112968    0    0 1467120 960344 328184 1193289 61 23  7  9  0  0
70 17  99320 132667152 1431212 34113068    0    0 1494560 1033624 332568 1196063 64 23  6  7  0  0
66 55  99320 132655488 1431212 34113152    0    0 1470256 1011500 336366 1237610 63 24  7  7  0  0
74 73  99320 132650632 1431212 34113236    0    0 1468112 1025236 330860 1197792 63 23  7  7  0  0
35 63  99320 132642104 1431212 34113324    0    0 1399248 967912 318922 1190820 60 22  7 10  0  0
68 94  99320 132660488 1431220 34113392    0    0 1409904 964892 322567 1224823 60 21  8 11  0  0
99 52  99320 132679448 1431224 34113484    0    0 1453344 1037492 323036 1167038 61 22  8 10  0  0
105  8  99320 132672016 1431224 34113576    0    0 1455888 992580 326903 1212028 62 22  7  8  0  0
101 33  99320 132660148 1431224 34113664    0    0 1419760 984344 322600 1213694 61 23  8  9  0  0
34 56  99320 132671292 1431240 34113736    0    0 1399712 992468 318296 1170694 58 21  8 13  0  0
132 31  99320 132659536 1431248 34113836    0    0 1465792 986964 325388 1195399 62 23  7  8  0  0
78 52  99320 132653840 1431248 34113940    0    0 1439328 1047280 328328 1212175 62 23  8  8  0  0
82 150  99320 132672476 1431252 34114032    0    0 1483472 999388 338676 1189952 64 23  7  7  0  0
53 65  99320 132671148 1431252 34114112    0    0 1463648 969408 325371 1212158 63 23  7  7  0  0
20 72  99320 132662636 1431252 34114192    0    0 1360560 983948 320257 1219608 59 22  7 11  0  0
71 29  99320 132658128 1431276 34114260    0    0 1448528 986108 324014 1179478 62 22  7  9  0  0
procs -----------memory---------- ---swap-- -----io---- -system-- -------cpu-------
 r  b   swpd   free   buff  cache   si   so    bi    bo   in   cs us sy id wa st gu
63 80  99320 132655128 1431276 34114368    0    0 1491216 1027396 332125 1198620 63 23  7  7  0  0
50 41  99320 132672888 1431276 34114444    0    0 1487504 1025356 329323 1185868 62 22  7  9  0  0
80 67  99320 132668876 1431276 34114532    0    0 1500144 986052 331884 1179054 63 23  5  9  0  0
39 46  99320 132670344 1431280 34114624    0    0 1466592 1039988 328928 1194762 63 23  6  8  0  0
135 25  99320 132659132 1431284 34114700    0    0 1438704 1023436 325427 1211173 61 23  8  8  0  0
72 99  99320 132666812 1431284 34114816    0    0 1469456 980932 327872 1200149 63 24  7  6  0  0
164 57  99320 132647520 1431312 34114876    0    0 1461280 998880 327277 1203216 63 23  7  8  0  0
57 82  99320 132664768 1431312 34114988    0    0 1395712 983084 314010 1164208 59 22  7 12  0  0
69 66  99320 132644148 1431312 34115064    0    0 1440064 987968 320493 1158309 61 22  7 10  0  0
77 130  99320 132656000 1431312 34115144    0    0 1427840 1016404 322523 1133627 63 23  7  8  0  0
81 35  99320 132650916 1431316 34115236    0    0 1521456 1015560 331553 1163836 64 23  6  7  0  0
82 69  99320 132643192 1431316 34115332    0    0 1360752 992672 315668 1200609 59 22  8 11  0  0
59 115  99320 132660592 1431316 34115416    0    0 1511936 1003640 328812 1217770 63 22  6  9  0  0
70 47  99320 132659752 1431316 34115564    0    0 1469632 997324 337394 1196808 63 22  7  8  0  0
165 51  99320 132654060 1431320 34115640    0    0 1458960 1044768 330201 1204602 63 23  7  7  0  0
103 22  99320 132658912 1431320 34115744    0    0 1471120 987176 327042 1204460 62 23  7  7  0  0
48 61  99320 132654220 1431320 34115836    0    0 1458416 958188 321586 1181970 62 22  6 10  0  0
30 90  99320 132672424 1431320 34115924    0    0 1384224 997784 320485 1177671 60 22  7 11  0  0
74 67  99320 132670964 1431336 34116008    0    0 1454736 969492 324674 1189912 62 22  7  8  0  0
80 79  99320 132666940 1431340 34116088    0    0 1418624 1042324 326082 1195154 60 22  8  9  0  0
72 89  99320 132674144 1431360 34116176    0    0 1501056 1004264 327864 1180415 63 23  6  7  0  0
procs -----------memory---------- ---swap-- -----io---- -system-- -------cpu-------
 r  b   swpd   free   buff  cache   si   so    bi    bo   in   cs us sy id wa st gu
90 54  99320 132652916 1431360 34116272    0    0 1392192 969200 323686 1226806 61 23  8  8  0  0
72 89  99320 132649556 1431360 34116372    0    0 1413968 966408 323905 1223624 62 23  8  8  0  0
34 46  99320 132681716 1431380 34116440    0    0 1414224 1004836 324473 1202593 61 22  7  9  0  0
82 13  99320 132682372 1431388 34116540    0    0 1421856 956880 330944 1248443 63 23  7  7  0  0
50 49  99320 132663816 1431388 34116628    0    0 1424848 1036944 324408 1190427 62 22  7 10  0  0
62 17  99320 132652168 1431392 34116712    0    0 1369600 936148 315417 1188984 59 21  7 12  0  0
43 38  99320 132665744 1431392 34116800    0    0 1447728 968440 326054 1193420 63 23  6  8  0  0
37 79  99320 132661188 1431392 34116888    0    0 1453728 1062664 326474 1173088 62 22  7  9  0  0
48 33  99320 132657060 1431400 34116964    0    0 1416032 954532 322615 1196596 61 23  8  9  0  0
94 18  99320 132650008 1431400 34117052    0    0 1411040 956116 320683 1203419 61 23  7  9  0  0
112  4  99320 132648252 1431404 34117148    0    0 1399088 1024324 326571 1234864 61 23  8  8  0  0
189 66  99320 132659768 1431404 34117236    0    0 1440496 951044 328155 1213311 63 23  7  6  0  0
56 129  99320 132676056 1431404 34117328    0    0 1442912 1004364 333299 1225268 63 23  7  7  0  0
86 158  99320 132679892 1431412 34117404    0    0 1504160 1047492 330259 1162051 64 23  6  8  0  0
37 134  99320 132696340 1431412 34117492    0    0 1377072 948272 316050 1225301 59 21  9 12  0  0
76 45  99320 132691692 1431412 34117584    0    0 1379072 960868 320300 1202386 60 22  8 10  0  0
105 28  99320 132678792 1431416 34117676    0    0 1443248 1034036 330874 1156133 64 22  7  8  0  0
61 37  99320 132681484 1431416 34117748    0    0 1492656 996528 336113 1182355 62 23  7  8  0  0
26 84  99320 132667008 1431420 34117848    0    0 1406064 967308 320795 1191004 60 22  7 11  0  0
62 22  99320 132659624 1431424 34117948    0    0 1406192 991168 319062 1175251 62 22  7  8  0  0
45 108  99320 132647872 1431424 34118036    0    0 1481552 1000112 328902 1205599 63 23  7  7  0  0
procs -----------memory---------- ---swap-- -----io---- -system-- -------cpu-------
 r  b   swpd   free   buff  cache   si   so    bi    bo   in   cs us sy id wa st gu
94 99  99320 132650240 1431444 34118112    0    0 1515712 1034788 335370 1181845 64 23  6  7  0  0
83 14  99320 132650644 1431444 34118200    0    0 1476304 1052216 330963 1195723 63 23  7  8  0  0
168 111  99320 132634972 1431448 34118292    0    0 1490240 971488 331330 1200682 63 23  6  7  0  0
154 34  99320 132645552 1431460 34118368    0    0 1360272 958764 317127 1177255 59 22  8 12  0  0
75 54  99320 132648600 1431460 34118468    0    0 1435536 1022320 327837 1215081 62 23  7  9  0  0
85 35  99320 132662176 1431460 34118548    0    0 1461056 1024352 325518 1202674 61 21  8 10  0  0
35 80  99320 132650044 1431464 34118636    0    0 1454192 952128 323826 1216681 62 23  6  8  0  0
101  9  99320 132655964 1431472 34118728    0    0 1431600 970104 325006 1165778 61 23  7  9  0  0
80 121  99320 132648692 1431472 34118832    0    0 1445696 1048920 329741 1215833 63 22  7  7  0  0
34 61  99320 132651152 1431476 34118924    0    0 1440272 1025136 329412 1198199 62 23  7  8  0  0
79 73  99320 132657740 1431476 34119004    0    0 1485200 1017940 328481 1186114 62 23  7  8  0  0
111 114  99320 132646304 1431492 34119080    0    0 1482416 995036 325334 1182643 62 23  7  8  0  0
123 205  99320 132648704 1431500 34119176    0    0 1419056 954484 318958 1174334 61 21  6 12  0  0
59 171  99320 132656676 1431500 34119288    0    0 1405600 987144 319579 1173050 60 22  7 10  0  0
64 21  99320 132655792 1431508 34119372    0    0 1432128 1010220 325384 1219065 61 23  7  9  0  0
73 96  99320 132652084 1431508 34119464    0    0 1424112 942108 326401 1195120 62 22  8  8  0  0
20 40  99320 132668936 1431508 34119548    0    0 1412512 1025624 324126 1182886 60 21  7 12  0  0
53 12  99320 132674812 1431524 34119624    0    0 1505488 986920 335123 1192057 63 23  6  8  0  0
84 96  99320 132657020 1431532 34119724    0    0 1492176 1025892 330612 1173075 64 23  6  7  0  0
81 35  99320 132631880 1431540 34119800    0    0 1443760 1014908 326748 1210606 62 23  7  8  0  0
79 30  99320 132619572 1431540 34119900    0    0 1472080 1032556 332330 1191698 63 23  7  8  0  0
procs -----------memory---------- ---swap-- -----io---- -system-- -------cpu-------
 r  b   swpd   free   buff  cache   si   so    bi    bo   in   cs us sy id wa st gu
44 58  99320 132627932 1431540 34119988    0    0 1461776 961672 327345 1213249 62 22  7  9  0  0
55 40  99320 132641580 1431556 34120052    0    0 1353648 955096 314387 1178995 58 22  8 12  0  0
103 72  99320 132640292 1431556 34120164    0    0 1394832 970616 323704 1204384 61 22  8  9  0  0
78 40  99320 132632276 1431556 34120252    0    0 1445424 978496 330963 1219871 63 23  7  7  0  0
82 49  99320 132628288 1431564 34120328    0    0 1367680 973036 315536 1197701 59 22  8 11  0  0
153 68  99320 132637060 1431564 34120432    0    0 1454864 983824 328739 1214532 62 23  6  9  0  0
54 25  99320 132653888 1431572 34120508    0    0 1473712 1056280 331091 1219097 62 22  7  9  0  0
116 31  99320 132672020 1431572 34120592    0    0 1480288 989580 332395 1214264 63 22  7  8  0  0
70 68  99320 132674764 1431572 34120676    0    0 1438320 1038804 328231 1221433 61 23  8  8  0  0
108 30  99320 132641696 1431576 34120780    0    0 1457424 956592 324754 1182286 62 22  7  9  0  0
79 84  99320 132647492 1431576 34120936    0    0 1420848 943756 321513 1193073 62 22  6  9  0  0
41 48  99320 132630000 1431584 34121020    0    0 1381408 1039688 318488 1185278 59 22  8 11  0  0
71  9  99320 132652836 1431588 34121120    0    0 1466240 1026512 327062 1170115 62 23  7  8  0  0
58 114  99320 132635488 1431588 34121204    0    0 1370960 901728 325250 1239621 60 22  9  8  0  0
70 82  99320 132612128 1431588 34121300    0    0 1350528 987276 324232 1190396 59 22  8 11  0  0
47 15  99320 132610008 1431600 34121368    0    0 1386912 986492 353765 1266525 61 24  8  7  0  0
60 87  99320 132605700 1431604 34121468    0    0 1390352 923364 342152 1277386 62 24  8  6  0  0
159 46  99320 132611612 1431620 34121540    0    0 1442896 1027316 330835 1168675 61 23  7  9  0  0
93 85  99320 132619840 1431620 34121644    0    0 1515904 1001072 337196 1222665 64 23  7  7  0  0
120 106  99320 132620412 1431620 34121724    0    0 1416912 989900 320870 1163892 61 22  8 10  0  0
64 63  99320 132602564 1431640 34121796    0    0 1370624 932296 321669 1214032 60 22  7 11  0  0
procs -----------memory---------- ---swap-- -----io---- -system-- -------cpu-------
 r  b   swpd   free   buff  cache   si   so    bi    bo   in   cs us sy id wa st gu
66 19  99320 132621588 1431648 34121892    0    0 1461376 1055876 340890 1192000 62 23  7  8  0  0
61 107  99320 132612636 1431648 34121996    0    0 1521024 1007384 334067 1172186 64 23  6  7  0  0
29 56  99320 132606140 1431652 34122084    0    0 1422128 998852 329266 1204823 61 23  7  9  0  0
71 20  99320 132609640 1431652 34122160    0    0 1460160 966076 326572 1161291 62 22  6  9  0  0
82 103  99320 132608108 1431656 34122252    0    0 1463744 1018492 333824 1207233 63 23  7  7  0  0
37 14  99320 132604064 1431672 34122324    0    0 1470480 1037564 333459 1202346 63 24  7  7  0  0
75 21  99320 132572316 1431672 34122428    0    0 1387264 981464 325021 1230319 61 23  8  8  0  0
31 54  99320 132571552 1431672 34122512    0    0 1431408 917896 327621 1205589 62 23  8  7  0  0
98 28  99320 132602224 1431672 34122616    0    0 1379920 975568 327413 1234626 61 22  7  9  0  0
72 125  99320 132584336 1431680 34122692    0    0 1464432 1041388 331548 1216312 63 22  7  9  0  0
41 18  99320 132601644 1431684 34122784    0    0 1414560 957536 326368 1220881 61 22  8  8  0  0
104 71  99320 132606028 1431684 34122880    0    0 1460896 1035460 325164 1163206 62 22  7  9  0  0
68 74  99320 132585416 1431684 34122968    0    0 1426448 1009072 325968 1203772 61 23  7  9  0  0
62 26  99320 132581480 1431684 34123052    0    0 1410896 976300 328105 1208472 61 23  7  8  0  0
55 49  99320 132577228 1431684 34123148    0    0 1488400 981684 329419 1167413 64 23  6  7  0  0
88 20  99320 132588324 1431692 34123228    0    0 1380784 984472 328101 1248848 60 23  8  9  0  0
113 26  99320 132585540 1431696 34123336    0    0 1421744 1016936 329714 1235946 62 23  7  8  0  0
106 65  99320 132592708 1431696 34123424    0    0 1410352 929912 322450 1187455 60 23  7 10  0  0
73 23  99320 132585676 1431696 34123512    0    0 1371168 996132 317936 1179366 60 22  7 11  0  0
113 65  99320 132593504 1431704 34123588    0    0 1417008 993592 326030 1234385 61 23  8  8  0  0
100 122  99320 132602580 1431716 34123668    0    0 1484880 1025284 332341 1201265 63 22  7  8  0  0
procs -----------memory---------- ---swap-- -----io---- -system-- -------cpu-------
 r  b   swpd   free   buff  cache   si   so    bi    bo   in   cs us sy id wa st gu
63 26  99320 132600996 1431720 34123760    0    0 1434048 942104 328365 1220552 62 22  7  9  0  0
65 41  99320 132611968 1431720 34123864    0    0 1398176 997272 323622 1212499 61 22  7 10  0  0
201 32  99320 132614120 1431720 34123944    0    0 1466832 1036656 332416 1175247 62 23  7  8  0  0
54 14  99320 132599584 1431720 34124036    0    0 1482624 1043424 332778 1199094 64 23  6  7  0  0
63 50  99320 132566080 1431724 34124112    0    0 1416848 962148 325911 1225089 62 23  8  7  0  0
95 28  99320 132601304 1431724 34124200    0    0 1444432 980404 322044 1180644 62 22  7  9  0  0
53 12  99320 132603176 1431728 34124296    0    0 1348304 906864 319121 1226047 60 22  8 10  0  0
97 44  99320 132611044 1431728 34124380    0    0 1419360 1025872 328834 1233403 62 23  7  8  0  0
56 49  99320 132607648 1431744 34124456    0    0 1475808 1012164 326138 1172962 62 23  7  8  0  0
84 37  99320 132587152 1431748 34124552    0    0 1448272 1002660 337734 1231325 62 24  7  8  0  0
71 113  99320 132603524 1431748 34124660    0    0 1433488 919648 327594 1217256 62 22  6  9  0  0
61 47  99320 132612604 1431752 34124744    0    0 1447840 1073148 329850 1196566 60 22  7 11  0  0
77 29  99320 132609176 1431772 34124812    0    0 1453008 1000232 326730 1191886 62 23  8  8  0  0
61 22  99320 132597104 1431772 34124904    0    0 1497360 1027208 327653 1177056 62 22  7  9  0  0
80 41  99320 132591972 1431872 34124912    0    0 1427344 956756 328301 1215043 62 23  8  8  0  0
82 120  99320 132561340 1431872 34125116    0    0 1424336 983640 324934 1195855 62 23  6  9  0  0
91 48  99320 132552916 1431880 34125200    0    0 1428496 1024228 322881 1197878 60 23  7 10  0  0
45 50  99320 132581428 1431888 34125292    0    0 1514112 1044980 329551 1155004 63 22  6  8  0  0
52 16  99320 132608600 1431888 34125388    0    0 1471584 1007220 327444 1187742 63 22  7  8  0  0
70 107  99320 132579920 1431888 34125476    0    0 1378928 977780 326297 1225189 59 23  8 10  0  0
42 14  99320 132570064 1431896 34125564    0    0 1427344 961100 321966 1196389 62 22  6  9  0  0
procs -----------memory---------- ---swap-- -----io---- -system-- -------cpu-------
 r  b   swpd   free   buff  cache   si   so    bi    bo   in   cs us sy id wa st gu
77 20  99320 132575700 1431900 34125652    0    0 1484368 1041764 342594 1186446 62 23  7  8  0  0
98 56  99320 132588868 1431908 34125740    0    0 1494992 1052328 338577 1250420 64 23  6  7  0  0
75 113  99320 132590228 1431908 34125824    0    0 1400736 923820 329516 1250257 62 23  8  7  0  0
92 194  99320 132605436 1431908 34125900    0    0 1355936 968660 320056 1213488 60 22  8  9  0  0
25 49  99320 132607336 1431916 34125988    0    0 1394496 987896 322641 1227459 61 22  7  9  0  0
98 20  99320 132599848 1431920 34126060    0    0 1412544 1007348 324604 1221633 60 23  8  9  0  0
110 239  99320 132612340 1431920 34126168    0    0 1478416 994332 328295 1223012 63 23  7  7  0  0
64 17  99320 132602568 1431928 34126344    0    0 1458960 1042376 327590 1163725 61 23  7 10  0  0
136 18  99320 132589744 1431928 34126444    0    0 1385392 933272 317426 1228519 61 22  8  9  0  0
67 66  99320 132592872 1431940 34126544    0    0 1445952 985336 323278 1206544 63 23  7  8  0  0
37 44  99320 132588032 1431948 34126620    0    0 1437936 1022400 326123 1214517 62 22  8  8  0  0
73 14  99320 132581840 1431948 34126712    0    0 1487456 1004780 330662 1206194 64 23  7  7  0  0
59 47  99320 132600060 1431952 34126796    0    0 1412128 980484 321954 1205792 61 22  7 10  0  0
134 46  99320 132612552 1431952 34126872    0    0 1398736 999520 321022 1209098 60 21  8 11  0  0
65 97  99320 132604184 1431952 34126964    0    0 1487568 1010080 329317 1193237 62 23  7  8  0  0
84 25  99320 132601816 1431956 34127056    0    0 1465024 1033436 323642 1164542 61 22  7  9  0  0
45 47  99320 132609216 1431956 34127148    0    0 1443328 980288 326351 1221044 62 23  7  8  0  0
104 38  99320 132590540 1431956 34127232    0    0 1423888 956484 319277 1184817 60 22  8 10  0  0
89 24  99320 132588976 1431956 34127304    0    0 1408256 994596 324469 1207780 62 22  6 10  0  0
153 37  99320 132583748 1431956 34127408    0    0 1480960 1037036 331359 1179855 62 23  6  9  0  0
139 82  99320 132588516 1431972 34127484    0    0 1445856 997536 332630 1225503 63 23  7  7  0  0
procs -----------memory---------- ---swap-- -----io---- -system-- -------cpu-------
 r  b   swpd   free   buff  cache   si   so    bi    bo   in   cs us sy id wa st gu
56 73  99320 132582812 1431976 34127588    0    0 1447472 955620 322358 1200591 62 23  6  9  0  0
113 21  99320 132596672 1431976 34127676    0    0 1401696 1012804 330909 1202006 60 22  8 10  0  0
132 87  99320 132593804 1431980 34127768    0    0 1507840 1012704 332714 1195171 63 23  6  7  0  0
120 68  99320 132602816 1431980 34127848    0    0 1467168 1018868 331012 1225248 62 22  7  9  0  0
73 24  99320 132602892 1431984 34127924    0    0 1523920 1037864 346337 1180753 64 22  6  8  0  0
55 72  99320 132596636 1431992 34128020    0    0 1413168 991124 323175 1199512 62 23  8  8  0  0
45 103  99320 132576060 1431992 34128120    0    0 1402208 951512 316230 1194620 60 22  7 11  0  0
70 62  99320 132585092 1431992 34128216    0    0 1419248 994712 330085 1223152 62 23  7  9  0  0
101 123  99320 132594656 1431992 34128308    0    0 1426480 1015608 325872 1216023 61 22  8  8  0  0
67 77  99320 132598096 1432000 34128380    0    0 1460304 979200 326420 1190644 62 23  7  8  0  0
36 163  99320 132594164 1432008 34128476    0    0 1387888 938300 321715 1225469 62 23  7  9  0  0
82 15  99320 132595532 1432008 34128552    0    0 1444080 999712 328644 1226388 63 23  7  8  0  0
87 46  99320 132575824 1432008 34128644    0    0 1457328 1037124 332187 1221475 61 23  8  8  0  0
86 70  99320 132587568 1432008 34128744    0    0 1462992 1026764 330219 1187441 61 22  7  9  0  0
75 41  99320 132586592 1432016 34128812    0    0 1470336 1013068 329530 1199673 62 23  7  8  0  0
78 79  99320 132603068 1432020 34128900    0    0 1381456 970052 318878 1246798 59 22  9 10  0  0
96 50  99320 132581592 1432024 34129000    0    0 1455056 981844 322585 1181413 62 22  6 10  0  0
68 41  99320 132572108 1432024 34129080    0    0 1489744 1039960 331633 1188954 63 23  6  8  0  0
78 56  99320 132562464 1432024 34129172    0    0 1461488 982192 333347 1216293 63 23  7  7  0  0
106 61  99320 132570556 1432036 34129236    0    0 1385392 995148 318897 1199245 60 22  7 11  0  0
56 27  99320 132566900 1432036 34129356    0    0 1433104 986264 337830 1211624 62 23  7  9  0  0
procs -----------memory---------- ---swap-- -----io---- -system-- -------cpu-------
 r  b   swpd   free   buff  cache   si   so    bi    bo   in   cs us sy id wa st gu
48 78  99320 132568068 1432040 34129432    0    0 1440512 995864 327527 1233048 62 23  8  7  0  0
69 37  99320 132567956 1432040 34129536    0    0 1449184 1012720 333507 1217036 62 23  7  8  0  0
73 27  99320 132565864 1432040 34129624    0    0 1441840 992772 328597 1221922 62 23  7  8  0  0
129 80  99320 132568368 1432044 34129708    0    0 1428240 977636 333881 1251373 63 23  7  7  0  0
76 125  99320 132573284 1432044 34129816    0    0 1401712 952352 323986 1204348 62 23  7  8  0  0
62 18  99320 132586460 1432044 34129904    0    0 1450176 1038496 331447 1227229 63 22  7  8  0  0
61 57  99320 132585692 1432048 34129976    0    0 1478048 1023932 327455 1177393 62 22  7  9  0  0
26 58  99320 132571736 1432048 34130060    0    0 1390096 942448 319898 1229206 61 22  7 10  0  0
56 104  99320 132564576 1432052 34130148    0    0 1433536 976076 320154 1177800 61 22  6 11  0  0
90 16  99320 132558024 1432060 34130248    0    0 1492944 1049552 327325 1178962 63 22  6  9  0  0
75 94  99320 132558476 1432060 34130336    0    0 1473936 991468 329170 1206267 63 24  7  7  0  0
48 56  99320 132557672 1432068 34130420    0    0 1453776 1036364 332865 1205843 62 23  7  8  0  0
124 51  99320 132561996 1432068 34130520    0    0 1462528 1017256 327554 1180927 61 22  8  9  0  0
56 30  99320 132566096 1432072 34130608    0    0 1382256 961352 318089 1199822 60 22  7 11  0  0
101 58  99320 132558656 1432076 34130692    0    0 1403024 973572 323602 1221377 61 23  7  8  0  0
68 20  99320 132557912 1432076 34130788    0    0 1481344 1028544 327667 1176582 62 23  7  8  0  0
73 129  99320 132580248 1432076 34130880    0    0 1462416 1002280 324933 1170783 61 21  7 10  0  0
66 69  99320 132564084 1432076 34130964    0    0 1385520 955208 321636 1240608 60 21  8 11  0  0
74 18  99320 132569396 1432080 34131032    0    0 1443824 1017024 324931 1188929 62 22  7  9  0  0
87 70  99320 132567160 1432080 34131128    0    0 1438768 996356 331234 1240169 62 23  7  7  0  0
55 16  99320 132547476 1432088 34131216    0    0 1467440 1035192 330462 1198615 63 23  7  7  0  0
procs -----------memory---------- ---swap-- -----io---- -system-- -------cpu-------
 r  b   swpd   free   buff  cache   si   so    bi    bo   in   cs us sy id wa st gu
61 32  99320 132552280 1432088 34131312    0    0 1470432 1015392 332864 1201873 62 23  7  8  0  0
35 73  99320 132552484 1432092 34131400    0    0 1421520 980992 323774 1212210 61 22  7 10  0  0
65 56  99320 132558368 1432096 34131504    0    0 1400256 970784 317092 1167760 60 21  8 11  0  0
64 87  99320 132583548 1432096 34131576    0    0 1486704 1018788 329471 1197502 63 23  7  7  0  0
47 30  99320 132567888 1432096 34131736    0    0 1499408 1021204 329180 1164566 63 22  6  8  0  0
149 34  99320 132552444 1432096 34131812    0    0 1438592 1001196 324180 1195412 62 22  6 10  0  0
100 15  99320 132557180 1432096 34131892    0    0 1470048 1001352 325151 1181752 62 23  6  9  0  0
67 89  99320 132564740 1432108 34131988    0    0 1468448 1009316 335570 1231350 64 23  7  7  0  0
160 117  99320 132567596 1432108 34132072    0    0 1486960 1037964 332332 1206764 64 23  6  7  0  0
52 59  99320 132573452 1432112 34132152    0    0 1520592 1050388 332904 1161668 64 23  6  8  0  0
95 64  99320 132554376 1432112 34132256    0    0 1417792 965004 329358 1200887 62 23  7  8  0  0
68 65  99320 132548408 1432112 34132388    0    0 1422480 961932 320974 1175816 61 22  6 10  0  0
124 80  99320 132551896 1432116 34132472    0    0 1421456 1020144 329185 1201240 61 23  7  8  0  0
103 77  99320 132564244 1432116 34132580    0    0 1461824 999228 334305 1211800 63 23  7  7  0  0
132 49  99320 132567764 1432116 34132660    0    0 1414320 961172 321717 1178674 61 22  8  9  0  0
86 19  99320 132569916 1432128 34132748    0    0 1436752 990664 317458 1173471 62 22  6 10  0  0
55 20  99320 132547312 1432128 34132836    0    0 1397104 987568 323209 1227781 62 22  8  8  0  0
66 72  99320 132546004 1432140 34132916    0    0 1486064 1037656 328624 1191757 63 23  7  8  0  0
57 24  99320 132545856 1432140 34133032    0    0 1481152 1014248 329471 1221968 63 22  7  7  0  0
115 87  99320 132555252 1432140 34133108    0    0 1489456 1011348 330285 1218565 63 22  7  7  0  0
73 136  99320 132555608 1432148 34133180    0    0 1377504 983876 312921 1154509 58 22  8 12  0  0
procs -----------memory---------- ---swap-- -----io---- -system-- -------cpu-------
 r  b   swpd   free   buff  cache   si   so    bi    bo   in   cs us sy id wa st gu
74 24  99320 132540612 1432148 34133300    0    0 1414768 962000 321433 1211428 63 22  7  8  0  0
47 59  99320 132543120 1432156 34133372    0    0 1424336 989824 322014 1162371 63 23  7  7  0  0
76 33  99320 132546592 1432156 34133480    0    0 1446576 990140 324665 1209956 62 23  7  8  0  0
95 21  99320 132558424 1432156 34133568    0    0 1412096 978928 317370 1184910 61 22  7 11  0  0
140 50  99320 132557744 1432156 34133644    0    0 1431456 1013596 326099 1201338 63 22  7  9  0  0
147 30  99320 132573512 1432156 34133724    0    0 1484800 1015312 327787 1163737 62 23  7  8  0  0
128 37  99320 132573592 1432160 34133812    0    0 1470400 1013220 327944 1198805 63 23  7  8  0  0
59 26  99320 132565564 1432172 34133880    0    0 1470736 1021460 329452 1207751 63 23  7  7  0  0
75 122  99320 132567480 1432172 34133984    0    0 1417168 979900 321787 1209959 61 22  8  9  0  0
63 28  99320 132584656 1432172 34134076    0    0 1410288 973272 318718 1203120 60 21  7 11  0  0
48 31  99320 132581616 1432172 34134148    0    0 1424288 990892 318990 1175228 63 22  7  8  0  0
83 97  99320 132568556 1432176 34134240    0    0 1454576 1010316 331907 1210910 62 23  7  8  0  0
45 160  99320 132569960 1432176 34134336    0    0 1458432 984268 317995 1146927 61 22  6 11  0  0
53 17  99320 132569020 1432184 34134428    0    0 1453536 1033524 326530 1207010 63 22  6  9  0  0
87 33  99320 132555180 1432184 34134516    0    0 1461568 1012560 327632 1203570 61 22  7  9  0  0
129 33  99320 132565576 1432184 34134584    0    0 1488864 1018608 330000 1190275 63 23  7  7  0  0
231 36  99320 132564924 1432196 34134672    0    0 1465600 1019976 330445 1211563 62 23  7  8  0  0
68 41  99320 132572976 1432196 34134756    0    0 1502704 1029596 332967 1197016 63 23  7  8  0  0
109 55  99320 132552168 1432200 34134824    0    0 1439936 978332 323245 1200364 61 22  6 11  0  0
75 20  99320 132568668 1432200 34134916    0    0 1350624 979064 317261 1216266 59 22  8 11  0  0
121 16  99320 132565552 1432200 34134992    0    0 1482384 997080 332634 1206872 64 23  7  7  0  0
procs -----------memory---------- ---swap-- -----io---- -system-- -------cpu-------
 r  b   swpd   free   buff  cache   si   so    bi    bo   in   cs us sy id wa st gu
30 90  99320 132572232 1432212 34135076    0    0 1449376 982952 326923 1201672 63 22  6  9  0  0
106 75  99320 132556268 1432212 34135188    0    0 1430192 1010576 319630 1156069 60 22  7 11  0  0
60 83  99320 132554888 1432212 34135248    0    0 1425344 990412 328562 1228086 61 23  8  8  0  0
217 49  99320 132559860 1432220 34135340    0    0 1483104 1024984 337286 1204593 63 23  6  7  0  0
78 35  99320 132557292 1432220 34135452    0    0 1436704 996576 330523 1202664 63 23  7  7  0  0
53 46  99320 132548312 1432228 34135528    0    0 1441840 1001980 329274 1245939 62 23  8  7  0  0
93 22  99320 132565264 1432236 34135608    0    0 1437696 967828 333488 1213676 63 23  7  8  0  0
68 61  99320 132560604 1432236 34135740    0    0 1331328 946008 314322 1215516 59 22  8 11  0  0
133 25  99320 132543356 1432244 34135796    0    0 1423504 995084 328985 1241516 62 23  7  8  0  0
128 30  99320 132555784 1432244 34135896    0    0 1449168 1005892 328026 1182342 62 23  7  8  0  0
80 48  99320 132558248 1432252 34135976    0    0 1413392 975956 320959 1191341 60 22  7 11  0  0
60 14  99320 132567652 1432260 34136088    0    0 1417296 990456 324165 1258251 61 22  8  9  0  0
52 49  99320 132571904 1432260 34136184    0    0 1505824 1010208 327932 1156842 65 22  6  7  0  0
70 84  99320 132573892 1432268 34136244    0    0 1471872 1027116 335131 1217135 64 23  6  7  0  0
89 21  99320 132539524 1432288 34136332    0    0 1463936 1041736 333468 1224261 63 24  7  7  0  0
96 41  99320 132523756 1432292 34136456    0    0 1492800 1008568 328355 1190282 63 23  7  8  0  0
117 21  99320 132500128 1432292 34136536    0    0 1463648 1013252 343797 1224605 63 23  7  8  0  0
104 31  99320 132529912 1432304 34136644    0    0 1415680 982004 326879 1216037 61 22  8  9  0  0
60 60  99320 132552980 1432304 34136740    0    0 1470080 1019660 325956 1181993 62 22  7  9  0  0
59 33  99320 132529336 1432304 34136820    0    0 1434688 983576 315882 1166744 60 22  7 11  0  0
65 69  99320 132521056 1432308 34136900    0    0 1409376 972100 324106 1202323 61 22  7 10  0  0
procs -----------memory---------- ---swap-- -----io---- -system-- -------cpu-------
 r  b   swpd   free   buff  cache   si   so    bi    bo   in   cs us sy id wa st gu
49 16  99320 132525664 1432308 34136980    0    0 1474176 1005660 324919 1145558 62 22  7 10  0  0
95 96  99320 132522412 1432308 34137128    0    0 1432576 994768 324142 1220083 61 22  7  9  0  0
91 23  99320 132533240 1432308 34137252    0    0 1502304 1022580 333368 1196416 63 23  7  8  0  0
91 23  99320 132542204 1432308 34137296    0    0 1446816 1006908 333426 1237781 62 23  7  7  0  0
82 63  99320 132528844 1432316 34137424    0    0 1443168 1009600 327276 1225942 62 23  7  8  0  0
66 95  99320 132525536 1432316 34137520    0    0 1386912 959652 313499 1169904 59 22  8 12  0  0
65 16  99320 132513420 1432316 34137568    0    0 1432032 993316 326606 1215366 62 23  7  8  0  0
80 48  99320 132533448 1432316 34137668    0    0 1408336 969704 322191 1180443 60 22  8 10  0  0
50 47  99320 132535232 1432316 34137752    0    0 1421600 968716 324563 1178296 61 22  7 10  0  0
56 69  99320 132528696 1432328 34137808    0    0 1428832 1014176 337356 1217948 62 23  7  9  0  0
64 24  99320 132525240 1432328 34137912    0    0 1414768 975388 323683 1231998 62 23  8  8  0  0
62  4  99320 132533780 1432328 34138008    0    0 1495120 1025872 330135 1195030 63 23  6  7  0  0
229 55  99320 132535848 1432336 34138076    0    0 1468976 1014228 332007 1231568 63 23  7  7  0  0
94 22  99320 132530452 1432336 34138192    0    0 1455168 1018800 337397 1254717 63 22  7  8  0  0
64 26  99320 132509516 1432344 34138256    0    0 1414384 957088 322184 1194430 61 22  7  9  0  0
93 13  99320 132513396 1432352 34138360    0    0 1416752 982068 315777 1162838 60 22  7 12  0  0
69 17  99320 132526308 1432352 34138460    0    0 1474208 1008012 333989 1244238 64 23  7  7  0  0
95 20  99320 132522540 1432352 34138524    0    0 1506080 1040724 329626 1176285 64 22  6  8  0  0
53 12  99320 132512400 1432352 34138620    0    0 1484608 1006376 329274 1185363 63 23  6  8  0  0
84 89  99320 132516596 1432360 34138704    0    0 1426752 988680 321678 1191136 61 23  7  9  0  0
85 54  99320 132506996 1432364 34138800    0    0 1446704 1010184 326183 1212415 62 23  7  8  0  0
procs -----------memory---------- ---swap-- -----io---- -system-- -------cpu-------
 r  b   swpd   free   buff  cache   si   so    bi    bo   in   cs us sy id wa st gu
161 59  99320 132526936 1432364 34138924    0    0 1481312 1000916 332213 1211181 64 23  6  6  0  0
90 102  99320 132534952 1432364 34138992    0    0 1417504 979064 326063 1241328 62 23  8  7  0  0
73 96  99320 132516224 1432368 34139080    0    0 1367632 955704 315969 1217445 59 22  8 11  0  0
43 15  99320 132509544 1432372 34139164    0    0 1440496 978576 329197 1186695 61 21  6 11  0  0
134 64  99320 132536832 1432376 34139228    0    0 1413184 992032 333452 1254972 62 22  8  8  0  0
184 31  99320 132527688 1432380 34139340    0    0 1458384 1013500 323563 1186456 62 23  7  9  0  0
84 20  99320 132519136 1432380 34139436    0    0 1414768 969420 321220 1194983 61 22  6 10  0  0
50 18  99320 132522568 1432380 34139496    0    0 1429008 1003448 324797 1203361 62 23  7  8  0  0
65 16  99320 132521124 1432388 34139604    0    0 1411312 980936 326952 1218798 62 23  8  7  0  0
76 21  99320 132529756 1432388 34139712    0    0 1462368 1003812 332260 1206898 63 23  7  7  0  0
167 79  99320 132520848 1432392 34139780    0    0 1411776 1003164 333041 1262683 61 23  8  8  0  0
72 41  99320 132521228 1432392 34139904    0    0 1421744 971912 325280 1211735 62 23  8  8  0  0
83 34  99320 132513692 1432392 34139972    0    0 1369760 940568 314806 1210659 59 22  8 11  0  0
76 33  99320 132502400 1432404 34140048    0    0 1405520 986184 324688 1223649 62 22  7  9  0  0
88 52  99320 132505436 1432404 34140156    0    0 1466640 1008336 335121 1213445 63 23  7  7  0  0
94 98  99320 132518768 1432404 34140248    0    0 1404048 957900 319591 1220122 60 21  8 11  0  0
97 60  99320 132523412 1432412 34140328    0    0 1453632 1004456 324994 1177754 61 23  7 10  0  0
146 32  99320 132522312 1432412 34140440    0    0 1452832 996948 330937 1187043 62 22  7  9  0  0
57 69  99320 132514824 1432420 34140508    0    0 1488240 1037844 330032 1185913 63 23  6  7  0  0
45 20  99320 132519476 1432420 34140604    0    0 1455648 997624 327328 1207660 63 23  7  7  0  0
73 51  99320 132512312 1432420 34140704    0    0 1469504 1020628 332886 1229093 63 23  7  7  0  0
procs -----------memory---------- ---swap-- -----io---- -system-- -------cpu-------
 r  b   swpd   free   buff  cache   si   so    bi    bo   in   cs us sy id wa st gu
63 66  99320 132520980 1432424 34140752    0    0 1419568 985976 321207 1167242 61 22  7 10  0  0
60 37  99320 132521724 1432424 34140852    0    0 1371632 944184 317002 1191862 58 23  8 11  0  0
78  5  99320 132538744 1432428 34140968    0    0 1463888 1000080 329820 1209961 63 23  6  7  0  0
63  7  99320 132516388 1432432 34141044    0    0 1445888 1007960 325842 1215592 62 23  7  8  0  0
79 32  99320 132531576 1432432 34141116    0    0 1463296 994416 325333 1192142 62 23  6  9  0  0
71 26  99320 132550756 1432432 34141220    0    0 1456320 996580 327695 1213566 63 22  7  9  0  0
89 33  99320 132541880 1432432 34141292    0    0 1471072 1030240 332108 1214283 62 22  7  9  0  0
182 71  99320 132530752 1432440 34141396    0    0 1453920 1008800 327634 1200901 62 23  7  7  0  0
88 23  99320 132537516 1432448 34141484    0    0 1497216 1032372 329443 1182769 63 23  6  7  0  0
72 44  99320 132543516 1432448 34141548    0    0 1457024 1010672 330644 1227237 62 23  7  7  0  0
110 92  99320 132542248 1432448 34141668    0    0 1413584 977484 324159 1215194 61 22  7 10  0  0
64 31  99320 132534652 1432448 34141764    0    0 1477088 1017616 331843 1206336 62 22  6  9  0  0
53 18  99320 132516700 1432456 34141828    0    0 1493328 1027064 333166 1202613 64 23  6  7  0  0
83 66  99320 132513236 1432456 34141908    0    0 1357520 952252 321740 1244313 60 22  8 10  0  0
166 31  99320 132521620 1432460 34142004    0    0 1432832 997612 333178 1248054 62 23  7  8  0  0
43 78  99320 132511664 1432460 34142124    0    0 1466832 1011604 329116 1205714 61 23  7  9  0  0
69 21  99320 132528828 1432464 34142184    0    0 1455760 1013388 331778 1200647 62 22  7  8  0  0
70 28  99320 132562040 1432464 34142268    0    0 1519184 1035204 332986 1216116 64 22  7  8  0  0
89 29  99320 132551396 1432464 34142420    0    0 1466368 1002572 331169 1204821 63 23  7  7  0  0
73 59  99320 132541552 1432468 34142512    0    0 1354656 955436 319299 1241541 60 23  8  9  0  0
153 21  99320 132543568 1432468 34142592    0    0 1417280 971428 322952 1199541 62 23  7  9  0  0
procs -----------memory---------- ---swap-- -----io---- -system-- -------cpu-------
 r  b   swpd   free   buff  cache   si   so    bi    bo   in   cs us sy id wa st gu
63 16  99320 132530784 1432468 34142696    0    0 1452336 998964 332673 1231667 62 23  7  8  0  0
69 19  99320 132517420 1432476 34142768    0    0 1429888 1001924 326077 1199961 62 23  7  9  0  0
219 93  99320 132531012 1432476 34142864    0    0 1473296 991788 322578 1168307 61 22  6 10  0  0
110 46  99320 132508840 1432476 34142968    0    0 1499024 1023840 331899 1190826 63 23  6  7  0  0
96 40  99320 132512352 1432484 34143024    0    0 1491248 1034836 329913 1179703 63 23  6  7  0  0
135 49  99320 132527840 1432484 34143132    0    0 1539312 1037700 340923 1174663 64 23  6  7  0  0
141 56  99320 132525804 1432500 34143216    0    0 1460688 1022028 328093 1198118 61 22  8  9  0  0
92 103  99320 132538948 1432500 34143288    0    0 1399968 965004 328537 1255224 61 22  8  9  0  0
140 70  99320 132532736 1432500 34143392    0    0 1383152 950048 314568 1201632 59 21  8 11  0  0
53  9  99320 132538120 1432500 34143480    0    0 1431984 1001304 326191 1201897 61 23  7  9  0  0
63 59  99320 132530972 1432500 34143564    0    0 1407968 982772 325084 1235975 61 23  8  9  0  0
155 142  99320 132511904 1432508 34143652    0    0 1452656 986656 318266 1161957 60 22  7 11  0  0
181 55  99320 132498276 1432508 34143736    0    0 1504240 1054928 328397 1156771 63 23  6  9  0  0
111 42  99320 132501796 1432508 34143816    0    0 1404304 979136 322960 1222506 61 23  8  9  0  0
77 28  99320 132513608 1432508 34143916    0    0 1471696 1001784 329421 1211173 63 23  7  7  0  0
96 71  99320 132525404 1432516 34143980    0    0 1431072 1016912 328123 1205823 62 23  7  7  0  0
67 25  99320 132530468 1432524 34144096    0    0 1434624 986060 332108 1236350 62 23  8  7  0  0
178 70  99320 132517972 1432524 34144204    0    0 1432688 1000236 316131 1156351 60 22  6 12  0  0
60 26  99320 132501044 1432524 34144276    0    0 1473936 994716 326138 1191368 62 22  6 10  0  0
78 18  99320 132510960 1432528 34144348    0    0 1451824 994748 333978 1247220 62 22  7  9  0  0
62 79  99320 132527056 1432532 34144432    0    0 1439600 994608 321821 1168521 61 22  7 10  0  0
procs -----------memory---------- ---swap-- -----io---- -system-- -------cpu-------
 r  b   swpd   free   buff  cache   si   so    bi    bo   in   cs us sy id wa st gu
201 74  99320 132524980 1432536 34144504    0    0 1429472 987340 325594 1193892 63 23  7  8  0  0
71 47  99320 132527992 1432536 34144604    0    0 1475888 1020324 337598 1214494 63 23  7  7  0  0
60 126  99320 132513780 1432540 34144700    0    0 1417504 995468 326306 1218803 61 23  8  8  0  0
89 47  99320 132518568 1432540 34144788    0    0 1451616 997332 328567 1210698 63 23  7  7  0  0
61 24  99320 132499400 1432540 34144864    0    0 1465168 1003764 335343 1219917 62 23  7  7  0  0
50 123  99320 132512456 1432552 34144940    0    0 1467968 1014352 321533 1147979 62 22  6 10  0  0
144 31  99320 132518604 1432552 34145048    0    0 1432464 989312 319307 1185444 60 22  7 10  0  0
58 91  99320 132510004 1432556 34145160    0    0 1439888 1008032 324957 1229439 62 23  7  8  0  0
57 25  99320 132522452 1432556 34145228    0    0 1414240 965296 316216 1172720 60 22  7 11  0  0
70 48  99320 132540812 1432556 34145288    0    0 1400784 986552 322681 1252324 60 22  8 10  0  0
76 48  99320 132544632 1432576 34145408    0    0 1440880 1018032 328093 1227499 61 22  8  8  0  0
83 38  99320 132534460 1432576 34145484    0    0 1426960 980480 326874 1226343 62 23  8  7  0  0
56 13  99320 132519544 1432576 34145588    0    0 1441392 1004552 330983 1245910 63 23  7  7  0  0
97 31  99320 132507304 1432588 34145672    0    0 1473488 1022956 328585 1201650 63 23  7  7  0  0
107 131  99320 132502940 1432588 34145732    0    0 1475824 1008556 328186 1207362 63 23  7  8  0  0
80 16  99320 132508812 1432604 34145840    0    0 1362144 970660 319124 1188007 60 23  8 10  0  0
73 35  99320 132494924 1432604 34145940    0    0 1467424 994496 323017 1160216 62 23  6 10  0  0
135 60  99320 132512032 1432604 34146040    0    0 1409536 965212 322436 1215435 60 22  7 10  0  0
150 142  99320 132482624 1432608 34146132    0    0 1488080 1029108 327746 1183381 62 23  6  9  0  0
80 30  99320 132486636 1432608 34146192    0    0 1503520 1023936 335958 1195855 64 24  6  7  0  0
63 28  99320 132496632 1432616 34146260    0    0 1465408 1013240 331360 1212510 61 22  8  9  0  0
procs -----------memory---------- ---swap-- -----io---- -system-- -------cpu-------
 r  b   swpd   free   buff  cache   si   so    bi    bo   in   cs us sy id wa st gu
91 47  99320 132512884 1432616 34146356    0    0 1469296 1025648 337099 1240059 63 22  7  8  0  0
58 75  99320 132505684 1432616 34146452    0    0 1455088 1008944 329486 1200775 63 23  7  8  0  0
47 25  99320 132492796 1432616 34146540    0    0 1458160 1013380 329655 1217270 63 23  7  7  0  0
70 47  99320 132473484 1432620 34146644    0    0 1434592 991872 319960 1164842 61 22  7 10  0  0
95 42  99320 132478128 1432620 34146716    0    0 1423088 980180 320743 1178106 61 22  7 10  0  0
91 32  99320 132486284 1432620 34146808    0    0 1416064 988764 317422 1161897 60 22  7 11  0  0
64  9  99320 132501780 1432620 34146884    0    0 1444688 997824 323793 1187936 62 22  7  9  0  0
103 22  99320 132504496 1432620 34146992    0    0 1492192 1018668 334443 1223324 62 23  7  8  0  0
43 17  99320 132494860 1432640 34147104    0    0 1409040 1008624 324893 1212705 61 22  8  9  0  0
79 28  99320 132493052 1432644 34147164    0    0 1437808 993948 329094 1222773 63 23  7  8  0  0
126 20  99320 132466624 1432644 34147280    0    0 1467216 1005620 331540 1227610 63 23  7  8  0  0
149 21  99320 132491312 1432644 34147388    0    0 1474880 1028996 328747 1191141 61 23  8  9  0  0
69 61  99320 132498028 1432644 34147452    0    0 1425152 995972 327685 1255679 62 22  8  8  0  0
88 44  99320 132514668 1432648 34147556    0    0 1423600 992548 321549 1184250 61 22  6 10  0  0
73 50  99320 132495892 1432656 34147628    0    0 1410880 975292 326208 1247303 62 23  7  8  0  0
97 109  99320 132501376 1432656 34147760    0    0 1454512 996316 328369 1194831 62 23  7  8  0  0
110 66  99320 132485048 1432660 34147852    0    0 1476656 1037296 328184 1178017 62 23  7  9  0  0
68 10  99320 132475824 1432660 34147932    0    0 1495280 1015184 329173 1177114 64 23  6  7  0  0
71 16  99320 132481508 1432660 34148036    0    0 1430464 995892 322944 1186008 61 22  8  9  0  0
66 12  99320 132482500 1432672 34148136    0    0 1448592 1015064 322506 1194311 61 22  7 10  0  0
137 50  99320 132508796 1432672 34148224    0    0 1428976 988136 324644 1233454 61 23  7  8  0  0
procs -----------memory---------- ---swap-- -----io---- -system-- -------cpu-------
 r  b   swpd   free   buff  cache   si   so    bi    bo   in   cs us sy id wa st gu
75 27  99320 132482340 1432680 34148316    0    0 1499184 1049500 335568 1176606 63 23  6  8  0  0
134 60  99320 132475276 1432680 34148420    0    0 1377392 955668 323185 1257596 60 22  8  9  0  0
49 33  99320 132488864 1432680 34148476    0    0 1391360 949068 315444 1166505 59 20  8 13  0  0
113 118  99320 132503892 1432704 34148600    0    0 1442992 1001348 324278 1179480 61 22  6 11  0  0
82 38  99320 132485884 1432704 34148676    0    0 1432704 1002680 328456 1239612 62 23  7  8  0  0
55 13  99320 132486016 1432704 34148748    0    0 1506000 1032260 335306 1207644 64 23  6  7  0  0
73 20  99320 132483596 1432704 34148820    0    0 1430032 1000860 323433 1195451 61 22  8  9  0  0
47 101  99320 132476852 1432704 34148960    0    0 1467984 1012940 328091 1217729 62 23  7  8  0  0
100 46  99320 132488976 1432712 34149040    0    0 1480432 1006652 331418 1202401 62 23  7  8  0  0
64 73  99320 132485312 1432716 34149128    0    0 1496272 1045252 331894 1177920 63 22  7  8  0  0
67 99  99320 132476976 1432716 34149168    0    0 1455280 999372 328605 1216551 62 23  7  9  0  0
55 27  99320 132483628 1432716 34149292    0    0 1402016 961800 315401 1149650 60 22  7 12  0  0
77 25  99320 132487600 1432716 34149384    0    0 1392448 963244 315376 1183708 60 22  7 11  0  0
198 60  99320 132513552 1432724 34149436    0    0 1445024 1011480 327739 1208334 63 22  7  8  0  0
156 33  99320 132513476 1432724 34149568    0    0 1466192 1008924 330478 1231256 63 23  7  7  0  0
56 17  99320 132515724 1432724 34149660    0    0 1408752 987536 329985 1227915 60 23  8  9  0  0
99 99  99320 132495520 1432728 34149736    0    0 1453072 1013776 330964 1219690 63 23  7  7  0  0
68 86  99320 132505220 1432732 34149828    0    0 1432784 1007916 330467 1226504 62 23  8  7  0  0
42 27  99320 132488436 1432740 34149940    0    0 1487088 1018004 333606 1191955 63 23  7  7  0  0
64 76  99320 132498852 1432740 34150020    0    0 1502320 1021536 329342 1183532 63 23  6  7  0  0
89 93  99320 132490280 1432740 34150104    0    0 1396192 989240 320065 1204396 61 22  7 10  0  0
procs -----------memory---------- ---swap-- -----io---- -system-- -------cpu-------
 r  b   swpd   free   buff  cache   si   so    bi    bo   in   cs us sy id wa st gu
89 89  99320 132485660 1432740 34150160    0    0 1422176 965040 318107 1194601 62 22  6 10  0  0
61 14  99320 132486292 1432740 34150268    0    0 1438880 989936 325427 1215806 63 23  7  8  0  0
81 18  99320 132506132 1432752 34150376    0    0 1491120 1031120 328360 1172911 62 22  7  8  0  0
57 29  99320 132501544 1432752 34150448    0    0 1488496 1020372 331884 1190764 63 22  6  9  0  0
70  6  99320 132518032 1432756 34150528    0    0 1500352 1043368 331690 1242432 63 22  7  8  0  0
156 11  99320 132507152 1432756 34150644    0    0 1431424 1000628 329212 1227297 63 23  7  7  0  0
73 29  99320 132497004 1432756 34150700    0    0 1487264 1023724 331256 1210616 63 23  7  7  0  0
78 20  99320 132490348 1432756 34150800    0    0 1358240 973756 328454 1256966 61 23  9  7  0  0
47 53  99320 132473132 1432756 34150896    0    0 1423024 972116 322985 1204385 61 22  7  9  0  0
140 75  99320 132497540 1432756 34150972    0    0 1372736 949284 312038 1188769 59 21  7 13  0  0
79 46  99320 132494988 1432756 34151060    0    0 1428768 983372 322710 1187510 62 23  6 10  0  0
109 33  99320 132489936 1432756 34151124    0    0 1480080 1014464 328012 1204793 62 23  7  8  0  0
96 91  99320 132484404 1432764 34151232    0    0 1461344 1034748 329743 1212769 62 23  7  8  0  0
142 25  99320 132509552 1432764 34151344    0    0 1504400 1028228 329807 1185033 63 23  6  8  0  0
103 31  99320 132503668 1432764 34151424    0    0 1497808 1031792 327121 1176453 62 23  6  8  0  0
100 56  99320 132509688 1432768 34151504    0    0 1476672 1034644 333688 1230009 63 22  7  7  0  0
89 20  99320 132522312 1432768 34151584    0    0 1454992 1018388 328785 1228851 63 22  8  8  0  0
92 70  99320 132511344 1432776 34151680    0    0 1405856 961868 320251 1197244 60 22  8 10  0  0
82 24  99320 132496716 1432776 34151768    0    0 1420560 964336 316657 1151069 61 22  6 11  0  0
75 23  99320 132492672 1432784 34151864    0    0 1441024 995028 317985 1182524 61 22  6 11  0  0
55  6  99320 132493368 1432784 34151940    0    0 1467152 1016804 331115 1219152 64 23  6  6  0  0
procs -----------memory---------- ---swap-- -----io---- -system-- -------cpu-------
 r  b   swpd   free   buff  cache   si   so    bi    bo   in   cs us sy id wa st gu
83 23  99320 132501836 1432784 34152040    0    0 1454384 1001288 328116 1217776 62 23  7  8  0  0
81 59  99320 132500960 1432788 34152132    0    0 1461840 1010388 329031 1214688 63 23  7  7  0  0
114 45  99320 132510000 1432800 34152208    0    0 1485648 1027616 327673 1205419 63 23  7  8  0  0
86 38  99320 132482832 1432804 34152320    0    0 1410416 983044 327881 1244945 61 23  8  8  0  0
78 47  99320 132486684 1432804 34152400    0    0 1412960 987752 334893 1253467 62 23  8  7  0  0
76 78  99320 132488524 1432804 34152492    0    0 1457920 1032796 329486 1224811 62 23  7  8  0  0
168 97  99320 132508824 1432804 34152568    0    0 1455536 988916 318693 1182282 61 21  7 12  0  0
71 31  99320 132497152 1432804 34152648    0    0 1396960 964688 317653 1185939 60 22  7 11  0  0
79 50  99320 132492848 1432808 34152744    0    0 1422864 1005632 330995 1222031 62 23  7  9  0  0
57 17  99320 132476380 1432808 34152844    0    0 1462352 1008600 332322 1224478 63 23  7  7  0  0
92 62  99320 132474816 1432808 34152904    0    0 1475696 1021660 332735 1220365 62 23  7  8  0  0
83 56  99320 132485576 1432816 34153008    0    0 1496560 1034956 332979 1203206 63 22  6  8  0  0
53 21  99320 132486576 1432816 34153196    0    0 1465504 1014384 332882 1231916 62 23  7  7  0  0
103 42  99320 132477312 1432816 34153280    0    0 1427536 1007232 332882 1242623 62 23  8  8  0  0
67 13  99320 132484408 1432816 34153376    0    0 1465168 1015672 329842 1203116 62 23  7  8  0  0
161 83  99320 132472016 1432820 34153448    0    0 1384320 956312 323463 1249167 61 23  8  9  0  0
60 45  99320 132452396 1432828 34153544    0    0 1406080 964128 323129 1186930 60 22  6 12  0  0
106 68  99320 132476864 1432828 34153636    0    0 1427232 979228 322978 1234723 61 21  7 10  0  0
87 77  99320 132492380 1432828 34153716    0    0 1474064 1017136 328361 1206035 62 23  7  8  0  0
96 40  99320 132510356 1432832 34153812    0    0 1473216 1047104 329922 1192940 63 23  6  8  0  0
86 28  99320 132500104 1432832 34153900    0    0 1476256 1019980 327512 1199116 62 22  7  9  0  0
procs -----------memory---------- ---swap-- -----io---- -system-- -------cpu-------
 r  b   swpd   free   buff  cache   si   so    bi    bo   in   cs us sy id wa st gu
75 28  99320 132500640 1432832 34153988    0    0 1420416 1003392 325383 1213949 61 22  8  9  0  0
148 57  99320 132480996 1432832 34154068    0    0 1520912 1038940 334380 1202025 64 23  6  7  0  0
61 27  99320 132484688 1432836 34154168    0    0 1500496 1034972 330443 1176107 64 22  6  7  0  0
37 66  99320 132496508 1432840 34154252    0    0 1432160 996496 325106 1230110 61 23  8  8  0  0
127 111  99320 132504152 1432840 34154356    0    0 1396992 948492 309183 1146402 59 22  7 13  0  0
59 38  99320 132493252 1432840 34154428    0    0 1412656 961640 322948 1223891 61 23  7  9  0  0
77 98  99320 132496676 1432840 34154528    0    0 1457648 1023888 326983 1211525 62 23  7  8  0  0
151 35  99320 132486800 1432848 34154612    0    0 1441104 992412 332722 1226201 62 22  7  8  0  0
111 48  99320 132494364 1432848 34154692    0    0 1427968 987444 330812 1265004 63 22  7  7  0  0
119 17  99320 132480152 1432856 34154776    0    0 1437168 1021068 332029 1247576 62 23  8  8  0  0
125 41  99320 132480528 1432856 34154872    0    0 1484208 1013688 327005 1162859 62 22  7  8  0  0
71 28  99320 132465356 1432856 34154956    0    0 1495408 1037704 330462 1185532 63 23  7  7  0  0
39 35  99320 132477364 1432860 34155048    0    0 1492016 1030140 331267 1209387 63 23  7  8  0  0
138 214  99320 132482196 1432860 34155140    0    0 1404544 950072 320885 1192939 61 22  7 10  0  0
48 11  99320 132476596 1432864 34155224    0    0 1368832 953092 317964 1194632 60 22  7 12  0  0
79 60  99320 132483868 1432864 34155320    0    0 1482816 1017540 328711 1183393 63 23  6  8  0  0
63 86  99320 132475544 1432864 34155400    0    0 1444800 1004896 328058 1230303 61 23  8  8  0  0
103 48  99320 132473856 1432868 34155488    0    0 1455712 1018896 333685 1213943 62 23  7  8  0  0
94 30  99320 132474700 1432868 34155584    0    0 1455072 1004512 332341 1210258 62 23  7  8  0  0
172 63  99320 132492204 1432876 34155664    0    0 1471664 1037168 344136 1247173 63 23  7  8  0  0
141 42  99320 132475548 1432876 34155752    0    0 1496272 1034592 332370 1204716 63 23  7  8  0  0
procs -----------memory---------- ---swap-- -----io---- -system-- -------cpu-------
 r  b   swpd   free   buff  cache   si   so    bi    bo   in   cs us sy id wa st gu
140 40  99320 132455136 1432876 34155836    0    0 1457616 1012152 331809 1219919 63 23  7  7  0  0
80 115  99320 132458536 1432884 34155944    0    0 1418752 1002284 322435 1192422 61 23  7 10  0  0
45 10  99320 132456780 1432884 34156028    0    0 1373488 932456 314474 1190151 60 22  6 11  0  0
75 15  99320 132451688 1432884 34156108    0    0 1508128 1024936 332608 1169050 63 23  5  8  0  0
70 46  99320 132468516 1432892 34156180    0    0 1440944 1028584 328479 1226349 62 23  7  8  0  0
65 29  99320 132470592 1432892 34156280    0    0 1470800 1021064 332589 1208447 62 23  7  8  0  0
60 22  99320 132435004 1432900 34156380    0    0 1451328 996568 334594 1213727 62 24  7  7  0  0
62 19  99320 132429296 1432900 34156464    0    0 1440928 1018060 331886 1235935 62 23  8  8  0  0
184 67  99320 132459172 1432900 34156556    0    0 1476704 1017736 328581 1214805 62 23  7  7  0  0
76 17  99320 132448824 1432904 34156640    0    0 1499584 1044732 331121 1206839 63 23  7  8  0  0
47 89  99320 132501256 1432904 34156724    0    0 1472736 1019276 335920 1214054 61 22  8  9  0  0
56 36  99320 132483536 1432912 34156820    0    0 1398256 945788 317519 1175579 61 22  6 11  0  0
85 32  99320 132442384 1432916 34156908    0    0 1393760 970052 320281 1172590 60 23  7 10  0  0
91 38  99320 132436392 1432916 34156988    0    0 1490240 1021576 330569 1182856 63 23  6  7  0  0
106 12  99320 132455160 1432916 34157072    0    0 1534944 1038652 338727 1195008 64 23  6  7  0  0
63 35  99320 132466996 1432916 34157168    0    0 1457872 1021504 336918 1214335 62 23  7  8  0  0
78 119  99320 132456296 1432924 34157264    0    0 1455536 1017448 330978 1217630 61 23  8  8  0  0
51 10  99320 132449480 1432924 34157356    0    0 1430432 990156 330681 1228562 61 23  8  8  0  0
60 19  99320 132463848 1432924 34157432    0    0 1474272 1023504 330014 1208928 63 23  7  7  0  0
88 25  99320 132464612 1432924 34157524    0    0 1505280 1025424 331052 1206583 63 24  7  7  0  0
75 46  99320 132447560 1432924 34157616    0    0 1413120 992236 325198 1192677 60 22  8 10  0  0
procs -----------memory---------- ---swap-- -----io---- -system-- -------cpu-------
 r  b   swpd   free   buff  cache   si   so    bi    bo   in   cs us sy id wa st gu
31 13  99320 132446428 1432932 34157712    0    0 1404592 969656 322499 1214959 61 22  7 10  0  0
87 24  99320 132456992 1432932 34157776    0    0 1447040 980576 327965 1205247 63 23  7  7  0  0
58 11  99320 132427720 1432936 34157868    0    0 1429680 998012 325882 1194644 61 23  7  9  0  0
63 29  99320 132452252 1432936 34157952    0    0 1424368 994296 328008 1201680 62 22  7  9  0  0
95 52  99320 132441340 1432936 34158052    0    0 1459952 994292 327929 1197095 63 23  7  8  0  0
113 41  99320 132434100 1432940 34158140    0    0 1423520 1011484 327132 1229859 62 23  7  8  0  0
87 36  99320 132439680 1432940 34158228    0    0 1426544 989784 325681 1213192 61 23  8  9  0  0
110 33  99320 132463228 1432944 34158320    0    0 1454416 1018744 331590 1207725 63 23  7  8  0  0
205 180  99320 132450608 1432944 34158408    0    0 1419696 966520 332634 1242700 62 23  7  7  0  0
59 106  99320 132444696 1432944 34158556    0    0 1396896 947880 316436 1197141 59 22  7 12  0  0
119 46  99320 132436436 1432956 34158644    0    0 1433968 1003460 326569 1207637 61 22  7  9  0  0
44 31  99320 132465628 1432956 34158728    0    0 1498224 1032516 334015 1195494 63 23  6  8  0  0
63 31  99320 132491940 1432956 34158812    0    0 1508992 1034972 335023 1228661 63 22  7  8  0  0
91 19  99320 132488080 1432956 34158912    0    0 1456848 1013704 324604 1211726 62 23  7  8  0  0
92 26  99320 132490056 1432956 34159012    0    0 1493968 1027892 332522 1172287 63 23  7  8  0  0
94 44  99320 132484340 1432960 34159104    0    0 1456624 1013552 330883 1223643 62 23  7  7  0  0
110 53  99320 132464012 1432968 34159192    0    0 1502928 1043380 329609 1181717 63 23  7  8  0  0
110 37  99320 132465464 1432968 34159268    0    0 1478256 1012552 329220 1194191 62 23  7  8  0  0
55 141  99320 132463808 1432984 34159348    0    0 1396976 994960 321469 1207203 60 22  7 11  0  0
234 51  99320 132474596 1432984 34159448    0    0 1511792 1009344 324362 1132132 62 22  5 10  0  0
99 39  99320 132465268 1432992 34159540    0    0 1446544 1011228 327048 1214037 62 23  7  8  0  0
procs -----------memory---------- ---swap-- -----io---- -system-- -------cpu-------
 r  b   swpd   free   buff  cache   si   so    bi    bo   in   cs us sy id wa st gu
172  9  99320 132439656 1433000 34159640    0    0 1384608 968228 322909 1230535 61 23  8  9  0  0
140 33  99320 132455736 1433000 34159724    0    0 1424096 984144 323311 1198201 61 23  7  9  0  0
86 12  99320 132477824 1433000 34159824    0    0 1471904 1019188 330281 1204412 62 22  7 10  0  0
69 67  99320 132488764 1433004 34159900    0    0 1434496 1009688 328750 1249287 61 23  7  8  0  0
125 43  99320 132470688 1433008 34159992    0    0 1474560 1014204 326106 1169519 62 22  7  9  0  0
191 59  99320 132462920 1433008 34160072    0    0 1429504 987632 330233 1234393 63 23  7  7  0  0
183 117  99320 132463852 1433008 34160156    0    0 1428576 990732 318219 1151851 60 21  6 12  0  0
72 157  99320 132466596 1433008 34160240    0    0 1402912 969892 321439 1238749 61 23  7 10  0  0
124 28  99320 132455980 1433012 34160320    0    0 1434400 988152 328369 1230209 62 24  7  7  0  0
106 45  99320 132451416 1433020 34160420    0    0 1395616 1003152 325435 1222885 61 23  8  8  0  0
50 25  99320 132463264 1433020 34160512    0    0 1398448 976932 324420 1242611 61 22  8  8  0  0
48 33  99320 132441684 1433020 34160600    0    0 1520640 1051416 328440 1141689 63 22  6  8  0  0
52 22  99320 132431928 1433020 34160692    0    0 1414816 995320 330874 1251712 62 23  8  7  0  0
120 57  99320 132447956 1433020 34160772    0    0 1404848 981748 328391 1230529 62 22  8  8  0  0
95 53  99320 132463364 1433032 34160864    0    0 1519648 1051392 334472 1183847 64 22  6  8  0  0
132 124  99320 132472344 1433040 34160964    0    0 1464272 996464 328392 1190277 63 22  6  9  0  0
63 17  99320 132457608 1433040 34161044    0    0 1409648 977156 322992 1195512 61 22  6 11  0  0
102 17  99320 132457744 1433040 34161124    0    0 1463424 1013260 330760 1218077 62 23  7  9  0  0
75 35  99320 132458604 1433120 34161220    0    0 1450640 992380 330958 1201982 62 23  7  8  0  0
85 23  99320 132469044 1433132 34161304    0    0 1443264 1003584 327123 1220984 61 24  8  7  0  0
91 35  99320 132474316 1433132 34161412    0    0 1467600 1012676 329161 1214381 62 23  7  9  0  0
procs -----------memory---------- ---swap-- -----io---- -system-- -------cpu-------
 r  b   swpd   free   buff  cache   si   so    bi    bo   in   cs us sy id wa st gu
73 72  99320 132452956 1433132 34161488    0    0 1457008 1016828 331468 1246113 62 23  8  8  0  0
129 33  99320 132454040 1433136 34161588    0    0 1405712 1000268 330728 1244547 62 23  8  7  0  0
48 55  99320 132454336 1433136 34161672    0    0 1477456 1026152 330063 1208461 63 23  7  7  0  0
75 37  99320 132451944 1433140 34161760    0    0 1420512 966728 333039 1232067 62 23  7  8  0  0
74 58  99320 132472272 1433152 34161840    0    0 1394592 974620 314100 1168538 59 20  7 14  0  0
107 22  99320 132477808 1433152 34161928    0    0 1507296 1017656 327982 1187095 64 22  5  8  0  0
88 58  99320 132467472 1433152 34162008    0    0 1491600 1046408 329420 1197096 63 23  6  7  0  0
99 58  99320 132468448 1433152 34162108    0    0 1486032 1023888 328208 1202037 63 23  6  8  0  0
89 20  99320 132473724 1433156 34162188    0    0 1495488 1010484 326989 1184709 63 23  6  8  0  0
73 17  99320 132464328 1433160 34162280    0    0 1475488 1035172 329315 1190287 63 22  7  8  0  0
57 36  99320 132454172 1433160 34162368    0    0 1479776 1013944 331306 1182176 63 23  6  7  0  0
84 24  99320 132448376 1433160 34162460    0    0 1417584 1000236 330417 1238128 61 23  8  8  0  0
84 95  99320 132448784 1433164 34162552    0    0 1475072 1027644 331658 1199837 63 23  6  8  0  0
141 48  99320 132454508 1433168 34162644    0    0 1321504 922200 306394 1164577 57 22  8 13  0  0
79 15  99320 132438396 1433172 34162732    0    0 1462832 1004388 319585 1166316 63 23  6  9  0  0
84 154  99320 132459096 1433172 34162828    0    0 1446048 1024812 328787 1192741 62 23  7  8  0  0
106 57  99320 132485388 1433172 34162900    0    0 1501648 1028444 337551 1228007 64 22  6  8  0  0
84 30  99320 132479084 1433172 34162992    0    0 1477680 1048724 325039 1170697 61 22  7 10  0  0
60 104  99320 132472884 1433176 34163064    0    0 1471808 1028876 328157 1196037 62 23  7  8  0  0
98 70  99320 132461500 1433176 34163160    0    0 1421696 974616 327726 1233112 61 23  8  8  0  0
107 47  99320 132459316 1433184 34163256    0    0 1482448 1041912 328550 1185323 62 24  7  7  0  0
procs -----------memory---------- ---swap-- -----io---- -system-- -------cpu-------
 r  b   swpd   free   buff  cache   si   so    bi    bo   in   cs us sy id wa st gu
96 43  99320 132463672 1433184 34163344    0    0 1492352 1024196 331081 1187958 63 23  6  7  0  0
70 146  99320 132457952 1433184 34163428    0    0 1407968 965592 314554 1174873 60 22  6 12  0  0
94 17  99320 132462952 1433200 34163524    0    0 1376240 961116 305972 1125029 59 22  7 12  0  0
114 35  99320 132470584 1433200 34163620    0    0 1513856 1023240 327511 1171548 64 22  6  8  0  0
88 38  99320 132464992 1433208 34163700    0    0 1418368 1005592 334127 1229682 62 23  7  8  0  0
65 16  99320 132478948 1433208 34163796    0    0 1485856 1033880 329754 1203461 63 23  6  8  0  0
76 32  99320 132483788 1433208 34163932    0    0 1506512 1033144 329931 1216366 62 22  7  9  0  0
82 25  99320 132486748 1433224 34164020    0    0 1483680 1043868 333220 1210926 63 22  7  8  0  0
59 19  99320 132480588 1433224 34164116    0    0 1518352 1040372 332957 1189931 64 23  6  7  0  0
49 75  99320 132485096 1433224 34164216    0    0 1488368 1040252 330974 1182133 63 23  7  8  0  0
47 14  99320 132470432 1433228 34164296    0    0 1425904 980308 317851 1153047 60 22  7 11  0  0
92 42  99320 132458028 1433228 34164388    0    0 1352352 928744 319415 1231391 62 22  6  9  0  0
101 122  99320 132460860 1433232 34164468    0    0 1491088 1025184 328232 1184797 63 23  7  8  0  0
51 13  99320 132460360 1433232 34164568    0    0 1495632 1039896 332761 1185692 63 23  6  8  0  0
56 22  99320 132460632 1433232 34164656    0    0 1447040 1006372 326813 1225818 62 23  7  8  0  0
67 30  99320 132439416 1433240 34164732    0    0 1425984 1003212 326795 1218484 61 23  7  8  0  0
63 30  99320 132450256 1433240 34164812    0    0 1471712 1021080 332437 1227014 63 23  7  7  0  0
53 14  99320 132460876 1433244 34164904    0    0 1450240 1004828 335648 1260175 63 23  8  7  0  0
44  4  99320 132481092 1433252 34165008    0    0 1474768 1029336 331297 1204281 63 21  7  9  0  0
63 56  99320 132479052 1433252 34165088    0    0 1456128 1005104 332030 1196036 63 23  6  9  0  0
181 225  99320 132467636 1433256 34165188    0    0 1382560 972116 314901 1166277 59 21  6 13  0  0
procs -----------memory---------- ---swap-- -----io---- -system-- -------cpu-------
 r  b   swpd   free   buff  cache   si   so    bi    bo   in   cs us sy id wa st gu
111 26  99320 132460812 1433256 34165260    0    0 1476240 1003496 322205 1147930 62 22  6 10  0  0
84 22  99320 132451996 1433256 34165360    0    0 1435696 991228 330390 1222831 63 23  7  7  0  0
39 15  99320 132441848 1433264 34165424    0    0 1447648 1019372 323781 1196639 61 22  7 10  0  0
149 24  99320 132451856 1433264 34165516    0    0 1389952 970776 326434 1247226 61 23  8  8  0  0
70 17  99320 132453004 1433264 34165612    0    0 1417264 995036 329307 1235037 62 23  8  7  0  0
77 30  99320 132453056 1433264 34165700    0    0 1476880 1029416 329126 1199748 63 23  7  8  0  0
63 19  99320 132451300 1433272 34165784    0    0 1464288 1018060 333945 1203649 63 23  7  7  0  0
116 28  99320 132447620 1433272 34165872    0    0 1474384 1020248 330482 1207712 63 23  7  7  0  0
80 55  99320 132460792 1433280 34165956    0    0 1365744 966148 313023 1191685 58 20  8 13  0  0
102 32  99320 132464180 1433280 34166044    0    0 1409056 954504 313276 1160878 61 21  7 11  0  0
74 66  99320 132450292 1433280 34166132    0    0 1387072 977736 324854 1250860 61 23  8  7  0  0
47 40  99320 132469076 1433304 34166212    0    0 1380112 973956 318543 1172403 59 21  8 12  0  0
63 32  99320 132446436 1433308 34166308    0    0 1407040 960840 320193 1184041 62 22  7  9  0  0
72 91  99320 132436228 1433308 34166392    0    0 1394240 958452 311999 1162177 60 22  8 11  0  0
50 23  99320 132460924 1433308 34166488    0    0 1389776 956060 318135 1203060 61 22  7 10  0  0
62 18  99320 132448928 1433308 34166564    0    0 1389824 961224 321313 1218501 60 22  7 11  0  0
59 109  99320 132447028 1433332 34166660    0    0 1416240 987196 318213 1160970 60 21  7 12  0  0
73 47  99320 132436512 1433332 34166768    0    0 1413936 959268 331728 1233954 61 22  6 10  0  0
72 27  99320 132436312 1433332 34166856    0    0 1340896 922376 317497 1228001 61 22  7 11  0  0
74 78  99320 132470352 1433352 34166940    0    0 1377616 966336 319379 1209053 59 21  7 12  0  0
92 38  99320 132489896 1433352 34167020    0    0 1456336 983904 321625 1184791 61 21  6 11  0  0
procs -----------memory---------- ---swap-- -----io---- -system-- -------cpu-------
 r  b   swpd   free   buff  cache   si   so    bi    bo   in   cs us sy id wa st gu
37 28  99320 132484356 1433360 34167112    0    0 1324688 926420 315627 1242359 59 22  8 11  0  0
58 18  99320 132462908 1433368 34167200    0    0 1372368 968388 311521 1196033 60 21  8 11  0  0
171 134  99320 132448736 1433368 34167284    0    0 1410416 966636 320843 1163527 61 22  6 11  0  0
172 68  99320 132449664 1433368 34167380    0    0 1406544 970880 316665 1188633 59 22  7 12  0  0
80 98  99320 132438052 1433372 34167480    0    0 1370096 966092 310454 1142426 60 21  7 12  0  0
81 36  99320 132460676 1433376 34167576    0    0 1361088 934336 315746 1183515 62 21  7 10  0  0
81 86  99320 132452228 1433376 34167664    0    0 1445568 988096 319417 1141304 61 21  6 12  0  0
52 115  99320 132444708 1433388 34167756    0    0 1318720 930692 308831 1219852 58 22  7 13  0  0
125 80  99320 132451972 1433388 34167848    0    0 1470448 1006812 324939 1218924 62 22  6  9  0  0
46 147  99320 132438540 1433388 34167928    0    0 1435776 981568 323930 1216970 62 22  7  9  0  0
93 129  99320 132457912 1433396 34168020    0    0 1399472 982252 312394 1171788 58 20  7 15  0  0
141 114  99320 132473932 1433396 34168116    0    0 1369968 937476 306968 1111145 59 21  7 13  0  0
57 20  99320 132461228 1433396 34168200    0    0 1372224 952468 310757 1169282 61 22  7 11  0  0
84 81  99320 132431656 1433400 34168292    0    0 1411824 962240 312472 1174452 61 22  6 11  0  0
45 30  99320 132433624 1433404 34168384    0    0 1367760 957400 309660 1149297 61 21  7 11  0  0
88 32  99320 132435748 1433412 34168480    0    0 1397808 958720 313664 1190920 60 22  7 12  0  0
146 108  99320 132436964 1433412 34168572    0    0 1371136 942212 314698 1171457 59 22  7 11  0  0
59 87  99320 132445056 1433412 34168644    0    0 1415568 974620 312895 1149946 61 22  6 11  0  0
91 34  99320 132452324 1433412 34168736    0    0 1431184 983400 312533 1143340 62 22  6 11  0  0
56 37  99320 132441520 1433416 34168820    0    0 1399904 972680 316514 1187688 59 22  7 12  0  0
45 20  99320 132437008 1433420 34168916    0    0 1379344 960752 311954 1163779 60 21  7 12  0  0
procs -----------memory---------- ---swap-- -----io---- -system-- -------cpu-------
 r  b   swpd   free   buff  cache   si   so    bi    bo   in   cs us sy id wa st gu
60 30  99320 132466264 1433432 34168980    0    0 1342304 949712 306042 1160523 58 20  8 14  0  0
94 27  99320 132469312 1433432 34169064    0    0 1404080 973676 312571 1155538 61 21  6 12  0  0
146 82  99320 132453224 1433432 34169168    0    0 1388560 941848 316449 1166524 62 22  6 10  0  0
108 50  99320 132437164 1433440 34169332    0    0 1370304 955280 317950 1224776 61 22  7 11  0  0
94 39  99320 132444652 1433444 34169408    0    0 1417568 970896 316406 1161333 60 21  6 12  0  0
103 35  99320 132436212 1433444 34169496    0    0 1419648 961248 320100 1198678 61 23  6 10  0  0
108 56  99320 132446956 1433448 34169584    0    0 1362352 957340 321025 1241428 61 23  7  8  0  0
70 26  99320 132467280 1433448 34169668    0    0 1420544 961884 321295 1210189 61 22  7 10  0  0
103 27  99320 132460904 1433448 34169768    0    0 1414464 966772 325618 1229176 61 22  7  9  0  0
61 41  99320 132452228 1433452 34169856    0    0 1466704 1019608 319935 1129293 60 22  7 11  0  0
50 39  99320 132419112 1433452 34169944    0    0 1355248 940040 318689 1216719 59 22  8 11  0  0
90 50  99320 132415028 1433456 34170028    0    0 1422736 987896 322086 1178596 62 21  7 10  0  0
72 29  99320 132436344 1433456 34170104    0    0 1442320 986380 323661 1168298 62 21  7 10  0  0
79 24  99320 132441004 1433456 34170180    0    0 1433584 979740 322968 1171974 61 22  7 10  0  0
131 42  99320 132428028 1433468 34170280    0    0 1464688 1019492 325729 1181874 62 22  6 10  0  0
73 81  99320 132416268 1433468 34170372    0    0 1440736 979432 324862 1194626 61 22  7 10  0  0
191 40  99320 132431364 1433468 34170464    0    0 1414832 981488 323834 1219024 62 22  7  9  0  0
61 59  99320 132432212 1433468 34170552    0    0 1402080 967228 327977 1222529 61 22  6 10  0  0
88 115  99320 132426184 1433468 34170636    0    0 1377760 961228 314148 1173615 59 21  7 12  0  0
69 96  99320 132431756 1433476 34170732    0    0 1404784 969032 325428 1212164 62 23  7  9  0  0
67 126  99320 132409516 1433480 34170820    0    0 1444240 1007400 327143 1199865 62 23  7  8  0  0
procs -----------memory---------- ---swap-- -----io---- -system-- -------cpu-------
 r  b   swpd   free   buff  cache   si   so    bi    bo   in   cs us sy id wa st gu
91 38  99320 132410484 1433480 34170904    0    0 1461952 990908 324583 1179052 61 23  7  9  0  0
68 10  99320 132425312 1433484 34170992    0    0 1427184 1010888 322479 1184239 61 22  7  9  0  0
108 29  99320 132441128 1433484 34171080    0    0 1433408 984204 327428 1244262 61 22  8  9  0  0
99 68  99320 132427916 1433492 34171172    0    0 1420768 984492 328698 1221174 62 23  7  8  0  0
168 29  99320 132438048 1433496 34171268    0    0 1456112 1010948 328459 1206395 63 23  6  8  0  0
103 77  99320 132409340 1433496 34171348    0    0 1388544 966348 328209 1249196 61 23  8  8  0  0
44 64  99320 132427548 1433496 34171432    0    0 1436112 995092 326360 1217432 62 23  7  8  0  0
119 60  99320 132425004 1433500 34171520    0    0 1424656 993768 320590 1184810 60 23  7 10  0  0
45 21  99320 132439328 1433508 34171620    0    0 1379888 963332 323604 1228119 61 23  7  9  0  0
74 104  99320 132429460 1433508 34171708    0    0 1445376 995104 325201 1191632 61 23  6 10  0  0
80 14  99320 132430592 1433508 34171788    0    0 1471024 1014656 328583 1153217 62 22  6 10  0  0
110 26  99320 132428728 1433508 34171880    0    0 1453472 991368 325702 1183012 60 23  7 10  0  0
215 69  99320 132435284 1433516 34171960    0    0 1439120 1008032 329153 1205745 62 23  7  9  0  0
39 16  99320 132455564 1433524 34172056    0    0 1435696 1000176 330246 1247982 62 22  7  9  0  0
22 20  99320 132473476 1433524 34172120    0    0 1434912 978932 328431 1237910 63 22  7  8  0  0
53 93  99320 132459524 1433524 34172212    0    0 1456272 1022832 331322 1214519 63 23  7  8  0  0
90 16  99320 132435064 1433524 34172300    0    0 1432448 986416 331352 1203005 61 22  7  9  0  0
74 90  99320 132422184 1433524 34172396    0    0 1445424 996176 322336 1190248 60 22  8 10  0  0
125 51  99320 132428292 1433532 34172480    0    0 1458048 1017920 329087 1184500 62 22  7  9  0  0
83 28  99320 132423700 1433532 34172572    0    0 1465232 1011492 326411 1184279 62 23  7  8  0  0
57 15  99320 132422220 1433532 34172664    0    0 1442720 989192 331059 1218559 62 22  7  9  0  0
procs -----------memory---------- ---swap-- -----io---- -system-- -------cpu-------
 r  b   swpd   free   buff  cache   si   so    bi    bo   in   cs us sy id wa st gu
200 46  99320 132424164 1433536 34172744    0    0 1451216 1019412 326442 1218637 61 23  7  9  0  0
83 24  99320 132426328 1433536 34172832    0    0 1444224 989476 324646 1205218 62 22  7  9  0  0
52 37  99320 132448624 1433544 34172916    0    0 1458336 1018732 328080 1211652 63 23  7  8  0  0
124 86  99320 132458732 1433548 34173020    0    0 1471504 1021536 325688 1169350 62 22  7 10  0  0
47 21  99320 132466204 1433548 34173100    0    0 1388464 984864 322442 1255674 60 21  8 11  0  0
99 25  99320 132454112 1433552 34173180    0    0 1400560 996528 327623 1215059 61 23  8  8  0  0
75 36  99320 132443252 1433552 34173252    0    0 1440640 991808 321627 1171145 60 22  8  9  0  0
84 13  99320 132429904 1433560 34173352    0    0 1468992 1006132 328305 1216026 63 23  6  8  0  0
169 68  99320 132426768 1433564 34173456    0    0 1397376 990912 321756 1228367 60 22  8  9  0  0
123 78  99320 132419164 1433564 34173536    0    0 1439536 986932 329384 1237450 62 23  7  8  0  0
86 26  99320 132438276 1433564 34173620    0    0 1465552 1001884 323855 1165057 62 22  7  9  0  0
66 40  99320 132449928 1433572 34173716    0    0 1410176 999812 323466 1205561 61 22  8  9  0  0
91 39  99320 132444144 1433572 34173828    0    0 1455216 1004224 325456 1201890 61 23  7  9  0  0
160 38  99320 132426684 1433576 34173912    0    0 1432128 998816 326976 1201903 61 23  7  9  0  0
82 38  99320 132419484 1433576 34173996    0    0 1460000 1006716 325021 1201648 62 23  6  9  0  0
61 27  99320 132427148 1433576 34174076    0    0 1427808 988192 326744 1232605 61 22  7 10  0  0
105 52  99320 132452008 1433584 34174144    0    0 1450432 1013016 329856 1236646 62 22  7  8  0  0
95 35  99320 132447156 1433584 34174240    0    0 1438912 992856 329313 1238084 62 23  7  8  0  0
224 73  99320 132438684 1433584 34174336    0    0 1414928 981368 323137 1199904 62 23  7  8  0  0
