procs -----------memory---------- ---swap-- -----io---- -system-- -------cpu-------
 r  b   swpd   free   buff  cache   si   so    bi    bo   in   cs us sy id wa st gu
 6  1  99412 143124128 1395316 32532964    0    1 11111 15224 8810    2  2  0 98  0  0  0
 2  2  99412 143094220 1395316 32533180    0    0 136128 362912 112517 101147  2  1 95  2  0  0
36  1  99412 143064696 1395316 32533288    0    0 108352 357000 112439 113721 41  2 54  2  0  0
33  7  99412 142985024 1395324 32533380    0    0 687728 411444 213420 605307 26  7 55 11  0  0
24 16  99412 142982356 1395324 32533480    0    0 970928 504568 231096 822203 25  9 51 15  0  0
25 14  99412 142980952 1395324 32533564    0    0 972432 467528 232083 814427 25  9 51 15  0  0
32  8  99412 143006612 1395324 32533664    0    0 939424 411668 233498 848663 26  9 51 14  0  0
23 14  99412 143022664 1395324 32533748    0    0 907072 388956 213446 800422 24  7 55 14  0  0
30  9  99412 143015564 1395328 32533820    0    0 898736 391416 213186 798958 24  8 54 14  0  0
30  6  99412 142999124 1395328 32533900    0    0 892512 402564 213790 801627 25  8 53 14  0  0
36  3  99412 142979848 1395332 32534000    0    0 878672 516120 218566 810128 24  8 54 14  0  0
24 11  99412 142987352 1395332 32534092    0    0 884176 497796 217160 811897 24  8 54 14  0  0
23 14  99412 142992324 1395332 32534184    0    0 876448 526124 218243 810887 24  8 54 14  0  0
22 14  99412 142978628 1395340 32534264    0    0 857920 615964 220942 809930 24  8 53 15  0  0
25 12  99412 142999048 1395340 32534364    0    0 868688 582440 218350 807604 24  7 54 15  0  0
26 10  99412 142989492 1395340 32534452    0    0 861216 540808 217036 798805 25  8 53 14  0  0
29 10  99412 142997812 1395340 32534544    0    0 863440 539252 217096 799952 24  8 53 14  0  0
30  9  99412 142984400 1395340 32534620    0    0 854512 614384 219662 815265 24  8 53 15  0  0
28  9  99412 142984700 1395348 32534696    0    0 845456 655448 221263 809778 24  8 53 15  0  0
27 11  99412 142973380 1395348 32534784    0    0 790224 765420 218260 779973 23  8 53 17  0  0
27 10  99412 142967360 1395360 32534868    0    0 806864 710724 219992 786185 23  8 53 16  0  0
procs -----------memory---------- ---swap-- -----io---- -system-- -------cpu-------
 r  b   swpd   free   buff  cache   si   so    bi    bo   in   cs us sy id wa st gu
24 10  99412 142982268 1395376 32534960    0    0 842224 607400 226837 801220 24  8 54 14  0  0
27  9  99412 142970020 1395376 32535052    0    0 820752 607116 217971 775878 23  8 54 15  0  0
32  3  99412 142959444 1395380 32535132    0    0 787776 579248 211557 740770 23  8 53 16  0  0
29 13  99412 142943688 1395380 32535232    0    0 843376 626820 224480 814413 24  9 53 14  0  0
23 12  99412 142929832 1395384 32535316    0    0 853024 617228 220908 814531 24  9 53 14  0  0
26 11  99412 142957540 1395384 32535404    0    0 851072 601648 220746 810301 24  9 53 14  0  0
21 15  99412 142972784 1395384 32535496    0    0 852480 613676 221156 813502 24  9 53 14  0  0
24 16  99412 142968104 1395388 32535572    0    0 857712 598876 221782 817300 24  8 54 14  0  0
31  6  99412 142966440 1395388 32535668    0    0 866848 594056 220440 811077 24  7 54 15  0  0
24 14  99412 142949748 1395388 32535756    0    0 860688 581540 219388 807109 24  8 53 14  0  0
22 16  99412 142959652 1395388 32535840    0    0 857344 583036 219951 812405 24  8 53 14  0  0
23 15  99412 142957280 1395388 32535932    0    0 857904 587224 221149 813847 24  8 53 14  0  0
25 13  99412 142965856 1395388 32536024    0    0 852064 590084 219564 805899 24  8 53 15  0  0
23 20  99412 142961260 1395388 32536100    0    0 854272 605488 220346 809394 24  8 53 14  0  0
21 13  99412 142969852 1395388 32536200    0    0 858048 599396 220906 812969 24  8 53 14  0  0
27 10  99412 142982716 1395388 32536284    0    0 866496 614144 221284 816571 24  7 55 15  0  0
37  7  99412 142981752 1395392 32536356    0    0 830880 586592 215159 783377 24  8 53 15  0  0
34 10  99412 142975108 1395404 32536444    0    0 839712 593524 216981 794133 24  8 53 15  0  0
23 17  99412 142969764 1395404 32536548    0    0 842448 606632 219291 802775 24  8 53 15  0  0
29  8  99412 142967608 1395404 32536640    0    0 830208 595484 216073 787823 24  8 53 15  0  0
28 10  99412 142947808 1395404 32536732    0    0 804832 571384 211308 758027 23  8 54 16  0  0
procs -----------memory---------- ---swap-- -----io---- -system-- -------cpu-------
 r  b   swpd   free   buff  cache   si   so    bi    bo   in   cs us sy id wa st gu
22 13  99412 142950336 1395404 32536816    0    0 843248 608372 221685 800441 24  8 53 14  0  0
19 17  99412 142957152 1395404 32536912    0    0 860720 619692 221908 816843 24  8 54 15  0  0
29  8  99412 142948420 1395404 32536988    0    0 859536 616236 222043 812701 24  8 53 14  0  0
27 11  99412 142959304 1395404 32537072    0    0 851632 615304 220972 812380 24  8 53 14  0  0
28 13  99412 142958776 1395404 32537156    0    0 854304 620736 222156 816559 24  9 53 14  0  0
20 22  99412 142942588 1395404 32537264    0    0 856288 625084 221847 813108 24  9 53 14  0  0
24 14  99412 142951564 1395412 32537344    0    0 852224 617952 222064 814733 24  8 53 14  0  0
27 11  99412 142946088 1395412 32537444    0    0 847344 630012 222417 813722 24  8 53 14  0  0
26  9  99412 142962648 1395412 32537524    0    0 851808 623828 219968 804625 24  7 54 15  0  0
32 10  99412 142959664 1395412 32537604    0    0 847232 629396 221032 806499 24  8 53 15  0  0
27 10  99412 142963292 1395412 32537696    0    0 849040 628184 221546 812414 24  8 53 14  0  0
28 10  99412 142948300 1395420 32537764    0    0 853376 635588 221119 818016 24  8 53 15  0  0
19 17  99412 142943896 1395420 32537864    0    0 850352 637616 222132 817944 24  8 53 14  0  0
26 13  99412 142959136 1395420 32537952    0    0 835280 612392 216914 792134 24  8 53 15  0  0
30  7  99412 142963140 1395420 32538036    0    0 814368 595000 213256 769573 23  8 53 16  0  0
18 22  99412 142962992 1395420 32538136    0    0 825952 600068 214587 777503 23  8 53 16  0  0
18 19  99412 142958984 1395428 32538216    0    0 827840 604208 215804 781322 23  7 54 16  0  0
25 11  99412 142943848 1395428 32538300    0    0 852624 617228 221358 808380 24  8 53 14  0  0
24 12  99412 142951976 1395428 32538460    0    0 857920 619016 221357 814452 24  9 53 14  0  0
27 20  99412 142942684 1395428 32538544    0    0 857536 628180 222035 815957 24  8 53 14  0  0
27  9  99412 142930188 1395428 32538632    0    0 855280 622256 222181 815122 24  9 53 14  0  0
procs -----------memory---------- ---swap-- -----io---- -system-- -------cpu-------
 r  b   swpd   free   buff  cache   si   so    bi    bo   in   cs us sy id wa st gu
29 15  99412 142927468 1395436 32538720    0    0 859968 625932 222914 815991 24  8 53 14  0  0
20 16  99412 142928060 1395436 32538808    0    0 857648 621176 222145 816660 24  8 53 14  0  0
31 11  99412 142938544 1395436 32538908    0    0 862880 609572 220445 808434 24  7 54 15  0  0
25 12  99412 142938196 1395436 32538988    0    0 854128 619024 221380 814392 24  8 53 14  0  0
24 13  99412 142936472 1395436 32539084    0    0 851888 616284 220131 808426 24  8 53 14  0  0
23 12  99412 142920140 1395440 32539180    0    0 846528 612540 219749 801629 24  8 53 15  0  0
22 14  99412 142921712 1395440 32539260    0    0 853808 621884 221268 810519 24  8 53 15  0  0
26 11  99412 142942448 1395440 32539344    0    0 850928 620500 220982 810765 24  8 53 15  0  0
26 13  99412 142954656 1395448 32539432    0    0 851552 632624 221934 814153 24  8 53 14  0  0
23 13  99412 142972532 1395448 32539528    0    0 865216 623728 222252 819691 24  7 54 15  0  0
27 11  99412 142964124 1395456 32539592    0    0 840320 607000 218068 794616 24  8 54 15  0  0
23 12  99412 142937192 1395456 32539688    0    0 797488 580272 208723 749649 23  8 53 16  0  0
27 14  99412 142941112 1395456 32539784    0    0 811344 587300 211649 762311 23  8 53 16  0  0
31 10  99412 142940408 1395456 32539880    0    0 852016 614244 220410 809680 24  8 53 15  0  0
21 20  99412 142952212 1395456 32539956    0    0 852608 625760 222179 816322 24  9 53 14  0  0
25 28  99412 142933776 1395460 32540040    0    0 852752 630620 221697 812897 24  8 53 15  0  0
25 18  99412 142949976 1395460 32540140    0    0 863504 634320 222657 815087 24  8 54 15  0  0
21 18  99412 142953508 1395464 32540216    0    0 861280 629932 222314 818891 24  7 54 15  0  0
24 16  99412 142938708 1395464 32540312    0    0 855648 625288 222557 815109 24  8 53 14  0  0
29 11  99412 142926800 1395464 32540408    0    0 854352 635388 221996 818755 24  8 53 14  0  0
24 14  99412 142920216 1395468 32540488    0    0 852208 625928 221784 811748 24  8 53 14  0  0
procs -----------memory---------- ---swap-- -----io---- -system-- -------cpu-------
 r  b   swpd   free   buff  cache   si   so    bi    bo   in   cs us sy id wa st gu
22 18  99412 142926420 1395468 32540596    0    0 851760 615984 220110 807400 24  8 53 14  0  0
28  9  99412 142940764 1395468 32540672    0    0 848528 616712 219519 803453 24  8 53 15  0  0
25  9  99412 142943508 1395468 32540752    0    0 854112 633016 221302 812520 24  8 53 15  0  0
22 16  99412 142943396 1395468 32540848    0    0 855744 629748 221380 809660 24  7 54 15  0  0
35 14  99412 142939792 1395476 32540908    0    0 848992 630212 222014 812762 24  8 53 14  0  0
32 11  99412 142913848 1395476 32541008    0    0 855504 621592 221630 813550 24  8 53 14  0  0
20 16  99412 142917120 1395476 32541104    0    0 849968 613960 219447 806424 24  8 53 14  0  0
27  7  99412 142931636 1395476 32541184    0    0 796800 578500 209530 751863 23  8 53 16  0  0
21 16  99412 142919628 1395476 32541272    0    0 805824 577540 209774 755818 23  8 53 16  0  0
28 11  99412 142923468 1395476 32541364    0    0 846160 612140 218665 800162 24  8 53 15  0  0
27 19  99412 142938652 1395480 32541452    0    0 863264 624204 221627 814276 24  7 54 15  0  0
29 11  99412 142931260 1395480 32541532    0    0 856896 624956 222015 813549 24  8 53 14  0  0
25 12  99412 142923508 1395480 32541612    0    0 851104 623600 222057 815069 24  8 53 14  0  0
20 16  99412 142928576 1395480 32541712    0    0 849152 623572 222501 813422 24  8 53 14  0  0
28 11  99412 142938932 1395488 32541800    0    0 854464 626420 222141 817359 24  9 53 14  0  0
26 11  99412 142932480 1395488 32541892    0    0 855664 627052 221824 814490 24  8 53 14  0  0
21 14  99412 142921224 1395488 32541996    0    0 850768 619964 220527 807384 24  8 53 15  0  0
23 16  99412 142935344 1395488 32542084    0    0 863312 623360 221315 816412 24  7 54 15  0  0
26 11  99412 142923716 1395488 32542156    0    0 854064 619644 220252 805793 24  8 53 15  0  0
26 13  99412 142931024 1395492 32542256    0    0 851520 619604 221052 805645 24  8 53 14  0  0
27 11  99412 142929100 1395500 32542340    0    0 851824 605916 220101 803030 24  8 53 14  0  0
procs -----------memory---------- ---swap-- -----io---- -system-- -------cpu-------
 r  b   swpd   free   buff  cache   si   so    bi    bo   in   cs us sy id wa st gu
30 12  99412 142923488 1395500 32542428    0    0 851264 612456 219436 802694 24  8 53 14  0  0
24 14  99412 142924432 1395500 32542512    0    0 853856 624264 221494 814532 24  8 53 14  0  0
27 15  99412 142926156 1395500 32542600    0    0 856272 625840 221552 815426 24  9 53 14  0  0
21 13  99412 142941480 1395504 32542688    0    0 828352 604108 215963 783018 23  8 54 16  0  0
32  9  99412 142937396 1395504 32542776    0    0 793488 571908 207109 740668 22  7 54 17  0  0
25 17  99412 142925064 1395504 32542848    0    0 827808 595488 214964 778838 23  8 53 16  0  0
27 15  99412 142932212 1395504 32542956    0    0 852736 630464 221958 814686 24  8 53 14  0  0
26 13  99412 142933784 1395504 32543044    0    0 855632 618804 220363 809451 24  8 53 14  0  0
29  9  99412 142931432 1395512 32543116    0    0 854096 631752 222391 818618 24  8 53 14  0  0
29 13  99412 142926924 1395512 32543216    0    0 852912 629260 222402 815511 24  8 53 14  0  0
28 10  99412 142935444 1395512 32543312    0    0 858288 635024 222554 820053 24  8 53 15  0  0
32 12  99412 142941244 1395512 32543396    0    0 862848 630472 221552 814089 24  7 54 15  0  0
31  7  99412 142933248 1395512 32543484    0    0 848432 626848 221218 811876 24  8 53 15  0  0
26 14  99412 142915780 1395516 32543556    0    0 855008 624948 221765 815462 24  8 53 14  0  0
32  7  99412 142925432 1395516 32543652    0    0 851280 623908 220561 808610 24  8 53 15  0  0
34 13  99412 142917904 1395516 32543752    0    0 854704 627648 221128 814313 24  8 53 14  0  0
28 12  99412 143022960 1395516 32543900    0    0 852448 624868 224087 813422 25  8 53 14  0  0
24 14  99412 143027748 1395516 32543996    0    0 855168 629132 222065 813836 24  9 53 15  0  0
28 10  99412 143042792 1395520 32544072    0    0 858384 632180 221042 812527 23  7 54 15  0  0
27 13  99412 143033048 1395520 32544144    0    0 857104 624856 222074 814535 24  8 53 14  0  0
30 10  99412 143013440 1395520 32544244    0    0 825760 589184 214249 778755 23  8 53 15  0  0
procs -----------memory---------- ---swap-- -----io---- -system-- -------cpu-------
 r  b   swpd   free   buff  cache   si   so    bi    bo   in   cs us sy id wa st gu
23 12  99412 143006172 1395520 32544340    0    0 802208 574904 208787 749285 23  8 53 16  0  0
17 23  99412 143021912 1395528 32544400    0    0 805664 584916 211527 759839 23  8 53 16  0  0
29 13  99412 143026404 1395536 32544500    0    0 854496 625512 222172 816144 24  8 53 14  0  0
29  7  99412 143038052 1395536 32544596    0    0 858608 624092 222318 816692 24  8 53 14  0  0
25 22  99412 143041624 1395536 32544696    0    0 862336 628992 221393 812572 24  7 54 15  0  0
30 10  99412 143042716 1395536 32544776    0    0 853696 615176 219939 808465 24  8 54 15  0  0
28 11  99412 143021668 1395536 32544848    0    0 852816 626748 222603 817687 24  8 53 14  0  0
27  8  99412 143013472 1395540 32544956    0    0 856256 625688 222315 817122 24  8 53 14  0  0
29  7  99412 143015384 1395548 32545048    0    0 855408 622868 221371 807772 24  8 53 15  0  0
21 15  99412 143019112 1395548 32545132    0    0 850848 618924 220820 808045 24  8 53 14  0  0
27 14  99412 143042732 1395556 32545216    0    0 851408 625288 220670 806950 24  8 53 15  0  0
22 12  99412 143041256 1395556 32545312    0    0 853680 623552 221174 809170 24  8 54 15  0  0
20 16  99412 143044212 1395568 32545368    0    0 860784 620960 220076 813333 24  7 54 15  0  0
28 10  99412 143040880 1395568 32545476    0    0 853728 624432 220572 811989 24  8 53 15  0  0
31  7  99412 143026956 1395568 32545556    0    0 853600 631172 220681 818792 24  8 53 15  0  0
22 14  99412 143024312 1395568 32545648    0    0 851648 633156 220516 814803 24  8 53 15  0  0
23 13  99412 143024152 1395568 32545740    0    0 844544 613116 217264 799932 23  8 53 15  0  0
25 14  99412 143013068 1395576 32545808    0    0 824544 598040 214471 772401 23  8 53 16  0  0
23 19  99412 143039420 1395576 32545924    0    0 818144 593152 212537 764232 23  8 54 16  0  0
15 29  99412 143031012 1395576 32546012    0    0 834960 605116 215814 781569 23  7 54 16  0  0
24 14  99412 143015848 1395576 32546092    0    0 849664 619952 220098 806753 24  8 53 15  0  0
procs -----------memory---------- ---swap-- -----io---- -system-- -------cpu-------
 r  b   swpd   free   buff  cache   si   so    bi    bo   in   cs us sy id wa st gu
27 13  99412 143025696 1395576 32546180    0    0 854496 628932 222105 814183 24  8 53 14  0  0
27  9  99412 143022872 1395584 32546280    0    0 855312 623964 221463 814066 24  8 53 14  0  0
30  8  99412 143029252 1395584 32546364    0    0 845760 621112 220626 808182 24  8 53 14  0  0
31 14  99412 143033752 1395584 32546464    0    0 843120 619500 222573 808130 24  9 53 14  0  0
28 11  99412 143029720 1395584 32546548    0    0 851312 621396 221214 808950 24  8 53 14  0  0
25 12  99412 143034376 1395584 32546628    0    0 859376 624424 222375 811472 24  7 54 15  0  0
27 12  99412 143017248 1395592 32546712    0    0 849728 622556 220458 807472 24  8 53 15  0  0
25 17  99412 143018212 1395592 32546792    0    0 847360 617196 220325 806491 24  8 53 15  0  0
23 22  99412 143016088 1395592 32546880    0    0 851936 627776 221819 814313 24  8 53 14  0  0
25 15  99412 143013584 1395592 32546968    0    0 854112 625140 221264 813891 24  8 53 14  0  0
17 20  99412 143014280 1395592 32547068    0    0 851008 618576 221151 811487 24  8 53 14  0  0
29  9  99412 143012704 1395596 32547148    0    0 853904 620852 221888 810673 24  8 53 14  0  0
31 19  99412 143030528 1395596 32547256    0    0 819312 588188 212302 765804 23  7 54 16  0  0
27 11  99412 143030680 1395608 32547312    0    0 843792 620812 219940 799400 24  7 54 15  0  0
28 11  99412 143021760 1395608 32547424    0    0 844736 614472 220159 805539 24  8 53 15  0  0
29 11  99412 143011212 1395608 32547500    0    0 819728 591524 212722 775548 23  8 53 16  0  0
31 10  99412 143004720 1395616 32547580    0    0 825824 606292 214304 782474 23  8 53 16  0  0
24 15  99412 143004672 1395616 32547688    0    0 848704 626988 221353 813820 24  8 53 15  0  0
25 18  99412 143010060 1395620 32547768    0    0 848688 626312 221425 812032 24  8 53 15  0  0
24 14  99412 143021620 1395620 32547876    0    0 859936 611356 219832 804383 23  8 54 15  0  0
26 11  99412 143032672 1395620 32547956    0    0 852816 629396 220460 806674 24  7 54 15  0  0
procs -----------memory---------- ---swap-- -----io---- -system-- -------cpu-------
 r  b   swpd   free   buff  cache   si   so    bi    bo   in   cs us sy id wa st gu
26 13  99412 143017260 1395632 32548016    0    0 838864 611384 219653 800369 24  8 53 14  0  0
28 10  99412 143000424 1395632 32548120    0    0 849232 622224 221642 807600 24  8 53 15  0  0
27  8  99412 142997052 1395632 32548232    0    0 849040 626280 221811 811582 24  8 53 15  0  0
26 15  99412 142998564 1395632 32548292    0    0 843712 616004 219938 799725 24  8 53 15  0  0
33  6  99412 142995724 1395632 32548400    0    0 848592 620028 220996 805436 24  9 53 15  0  0
21 15  99412 143012120 1395636 32548472    0    0 857280 621568 221689 812757 24  8 53 15  0  0
22 15  99412 143023776 1395636 32548552    0    0 861696 622684 221579 814648 24  7 54 15  0  0
22 17  99412 143001308 1395636 32548656    0    0 850464 619464 220624 810616 24  9 53 14  0  0
33  8  99412 143016856 1395636 32548728    0    0 823552 593052 213852 778629 23  8 53 15  0  0
24 20  99412 143007688 1395636 32548852    0    0 824192 599404 214752 780371 23  8 53 15  0  0
22 16  99412 143002440 1395648 32548932    0    0 848736 619092 220515 805885 24  8 53 15  0  0
27 13  99412 143005968 1395648 32549000    0    0 847392 626040 221787 808211 24  8 53 15  0  0
29 10  99412 142997052 1395648 32549168    0    0 825520 602648 214715 779641 23  8 53 16  0  0
27 10  99412 142999272 1395648 32549260    0    0 819072 589888 211477 761338 22  7 55 17  0  0
26 11  99412 143001948 1395648 32549336    0    0 825120 595556 214423 778310 24  8 53 15  0  0
29 11  99412 143005960 1395664 32549424    0    0 831568 604756 217036 788936 24  8 53 15  0  0
21 14  99412 143016664 1395664 32549492    0    0 834912 607376 217147 790262 24  8 53 15  0  0
28  9  99412 143020204 1395664 32549596    0    0 831168 609188 217079 786124 24  8 53 15  0  0
26  8  99412 143005296 1395664 32549704    0    0 818880 600596 214987 774276 23  8 53 15  0  0
26 10  99412 142995816 1395664 32549776    0    0 819008 593868 213968 773161 23  8 53 15  0  0
22 12  99412 143018168 1395676 32549864    0    0 834976 611724 217524 784439 23  7 54 16  0  0
procs -----------memory---------- ---swap-- -----io---- -system-- -------cpu-------
 r  b   swpd   free   buff  cache   si   so    bi    bo   in   cs us sy id wa st gu
24 22  99412 143008316 1395676 32549944    0    0 828944 605780 215387 779870 23  8 53 16  0  0
21 14  99412 143011020 1395676 32550016    0    0 824656 596448 215105 781315 24  8 53 15  0  0
33  7  99412 142997804 1395676 32550112    0    0 818128 596344 214200 771144 23  8 53 16  0  0
24 17  99412 142991336 1395684 32550208    0    0 834960 608628 216977 791088 23  8 53 15  0  0
27  8  99412 143007884 1395696 32550296    0    0 827456 605836 215509 780549 23  8 53 15  0  0
28 11  99412 143010976 1395696 32550400    0    0 832864 595816 215205 782978 24  8 53 15  0  0
17 38  99412 143011304 1395696 32550468    0    0 834672 602908 215853 782843 23  7 54 15  0  0
23 15  99412 143021904 1395696 32550572    0    0 834144 603752 215922 784001 23  7 54 16  0  0
21 14  99412 143003876 1395696 32550664    0    0 818800 594428 213759 772084 23  8 53 16  0  0
23 25  99412 142987872 1395708 32550724    0    0 813088 584856 211567 765220 23  8 53 16  0  0
29  8  99412 142992192 1395708 32550844    0    0 808336 578840 210667 757231 23  8 53 16  0  0
24 13  99412 142991740 1395708 32550940    0    0 819280 597368 214392 774474 23  8 53 16  0  0
19 18  99412 142987400 1395708 32551000    0    0 833056 610552 217070 787694 23  8 53 15  0  0
23 12  99412 142999620 1395708 32551112    0    0 830976 602268 215871 784984 24  8 53 15  0  0
18 28  99412 143014800 1395716 32551192    0    0 837888 607268 215591 780775 23  7 54 16  0  0
30  9  99412 143005564 1395716 32551264    0    0 832656 601204 216484 781716 23  8 53 15  0  0
18 17  99412 142990260 1395716 32551360    0    0 830048 605284 215869 784226 24  8 53 15  0  0
21 17  99412 142982508 1395716 32551460    0    0 829600 593412 215427 782242 23  8 53 16  0  0
31  7  99412 142992420 1395720 32551552    0    0 829184 605688 216740 786906 24  8 53 15  0  0
27 10  99412 142989412 1395732 32551624    0    0 823632 600784 215498 778365 23  8 53 16  0  0
22 20  99400 142917800 1395732 32609020   32    0 832044 608152 253819 857804 24  9 52 15  0  0
procs -----------memory---------- ---swap-- -----io---- -system-- -------cpu-------
 r  b   swpd   free   buff  cache   si   so    bi    bo   in   cs us sy id wa st gu
29  7  99388 142832728 1395732 32710072    0    0 831696 597380 269838 887162 24  8 53 15  0  0
34  9  99388 142813896 1395732 32722224    0    0 828832 608336 216342 785236 25  8 52 15  0  0
24 14  99388 142819916 1395732 32722312    0    0 829072 602380 216753 787173 25  8 52 15  0  0
27 13  99388 142774780 1395984 32756936    4    0 824648 633992 216483 799739 25  8 52 15  0  0
25 12  99388 142616348 1396988 32894204    0    0 818576 596884 216100 839966 25  9 51 15  0  0
30 11  99388 142453360 1397568 33028580    0    0 806000 581316 211652 821667 25  9 51 15  0  0
22 19  99388 142290704 1397976 33181392    0    0 784448 563636 207120 804044 24  8 51 16  0  0
23 15  99388 142373272 1398828 33123180    0    0 824492 598980 216380 828292 24  8 52 15  0  0
25 16  99388 142366692 1398852 33122740    0    0 833920 629644 219343 790538 25  8 52 15  0  0
20 17  99388 142369108 1398852 33122868    0    0 832688 648212 219123 794292 25  8 52 15  0  0
32  7  99388 142363016 1398852 33122956    0    0 836976 601608 218316 792363 25  8 52 15  0  0
24 13  99388 142348272 1398856 33123048    0    0 832448 610392 217806 788718 25  8 52 15  0  0
28 12  99388 142345872 1398856 33123144    0    0 839824 608416 218745 794745 25  8 52 15  0  0
30  9  99388 142355500 1398864 33123228    0    0 830912 612336 217344 785500 25  8 52 15  0  0
25 11  99388 142385788 1398864 33123316    0    0 839984 614224 217733 797662 25  7 52 15  0  0
24 11  99388 142395624 1398864 33123396    0    0 848192 619260 218666 798374 25  7 52 15  0  0
28 11  99388 142372408 1398868 33123476    0    0 839168 614724 218633 793484 25  8 52 15  0  0
33  7  99388 142352608 1398868 33123580    0    0 846960 613544 220566 805105 24  8 53 15  0  0
23 14  99388 142376920 1398884 33123628    0    0 846340 771536 220881 807017 24  8 53 15  0  0
24 12  99388 142366208 1398932 33123720    0    0 844256 952332 220692 802417 24  8 52 15  0  0
28  9  99388 142365652 1398932 33123908    0    0 842208 614744 219392 801378 24  8 53 15  0  0
procs -----------memory---------- ---swap-- -----io---- -system-- -------cpu-------
 r  b   swpd   free   buff  cache   si   so    bi    bo   in   cs us sy id wa st gu
22 12  99388 142362212 1398932 33123976    0    0 846256 617968 219674 799653 24  8 53 15  0  0
30 18  99388 142380512 1398932 33124064    0    0 843488 628796 219395 798976 23  7 54 15  0  0
27 13  99388 142372816 1398948 33124132    0    0 840848 610168 217354 791144 24  8 53 15  0  0
25  9  99388 142368912 1398948 33124232    0    0 815776 599192 214311 772153 23  8 53 16  0  0
29 10  99388 142376676 1398948 33124320    0    0 811472 590668 212485 764634 23  8 53 16  0  0
20 21  99388 142354216 1398948 33124416    0    0 842160 610368 219405 800972 24  8 53 15  0  0
30  7  99388 142362452 1398948 33124500    0    0 848544 619256 220606 808135 24  8 53 15  0  0
22 14  99388 142371140 1398960 33124600    0    0 847312 626340 220129 811630 24  8 53 15  0  0
29 11  99388 142389356 1398960 33124644    0    0 842064 616024 217260 795781 23  7 54 15  0  0
26 11  99388 142374320 1398960 33124808    0    0 833616 608764 218707 792978 24  8 53 15  0  0
30 18  99388 142356008 1398968 33124884    0    0 828320 610660 219146 791360 24  8 53 15  0  0
29 14  99388 142347100 1398968 33124956    0    0 839952 612760 219248 799115 24  8 53 15  0  0
32  7  99388 142359972 1398980 33125052    0    0 840960 611812 219507 800742 23  8 53 15  0  0
28 15  99388 142342392 1398980 33125136    0    0 844000 624880 219720 799923 24  8 53 15  0  0
19 24  99388 142333928 1398980 33125240    0    0 849840 616896 220401 804785 24  8 53 14  0  0
31  8  99388 142354904 1398980 33125324    0    0 860224 635104 222667 816937 24  7 54 15  0  0
27 16  99388 142356404 1398980 33125412    0    0 855520 627216 221992 812495 24  8 53 15  0  0
31 14  99388 142349268 1398992 33125496    0    0 852064 628212 221030 813542 24  8 53 15  0  0
27 13  99388 142335260 1398992 33125600    0    0 850224 621888 221076 809707 24  8 53 14  0  0
35  8  99388 142341248 1399000 33125664    0    0 852224 624320 221672 816277 24  8 53 14  0  0
33 10  99388 142323116 1399000 33125768    0    0 847104 619940 220078 805941 24  8 53 15  0  0
procs -----------memory---------- ---swap-- -----io---- -system-- -------cpu-------
 r  b   swpd   free   buff  cache   si   so    bi    bo   in   cs us sy id wa st gu
26 12  99388 142343212 1399000 33125868    0    0 820560 591804 213662 773474 23  8 53 16  0  0
26 12  99388 142362288 1399008 33125936    0    0 841600 618940 218067 795885 23  7 54 15  0  0
26 13  99388 142350796 1399008 33126040    0    0 861728 626088 221991 817256 24  8 53 15  0  0
31 10  99388 142342264 1399008 33126120    0    0 854416 624348 222447 817093 24  8 53 14  0  0
36 10  99388 142344040 1399008 33126220    0    0 855760 620816 221597 815303 24  8 53 14  0  0
24 12  99388 142330276 1399008 33126320    0    0 850448 632352 221982 813653 24  8 53 15  0  0
30 11  99388 142338152 1399020 33126376    0    0 851520 623828 220309 807491 24  8 53 15  0  0
31 12  99388 142342184 1399020 33126472    0    0 842848 617360 219369 801203 24  8 53 15  0  0
32  8  99388 142355368 1399020 33126560    0    0 858656 629128 220948 821738 24  8 54 15  0  0
28  9  99388 142367980 1399020 33126636    0    0 861456 627748 221502 814020 24  7 54 15  0  0
26 11  99388 142361900 1399020 33126756    0    0 855728 628500 222094 816522 24  8 53 14  0  0
21 14  99388 142338232 1399024 33126828    0    0 856432 625468 221910 814682 24  8 53 14  0  0
27 10  99388 142345752 1399028 33126916    0    0 853120 619848 221348 810345 24  8 53 14  0  0
28 13  99388 142342708 1399028 33127004    0    0 856240 624856 222317 815608 24  9 53 14  0  0
20 24  99388 142355124 1399028 33127112    0    0 853152 633356 222572 814593 24  9 53 14  0  0
22 13  99388 142352064 1399028 33127184    0    0 850928 621024 221336 812307 24  8 53 15  0  0
20 15  99388 142353520 1399032 33127268    0    0 859648 632032 221329 815776 24  7 54 15  0  0
31  4  99388 142350680 1399036 33127324    0    0 826944 596932 214376 777743 23  8 53 16  0  0
28 11  99388 142338560 1399036 33127428    0    0 821792 596684 214003 776958 23  8 53 16  0  0
26 13  99388 142338024 1399036 33127520    0    0 855824 627512 221255 814749 24  8 53 15  0  0
24 14  99388 142351100 1399044 33127592    0    0 857184 630544 222313 821906 24  8 53 14  0  0
procs -----------memory---------- ---swap-- -----io---- -system-- -------cpu-------
 r  b   swpd   free   buff  cache   si   so    bi    bo   in   cs us sy id wa st gu
26 14  99388 142364768 1399052 33127688    0    0 859696 626900 221973 816084 24  8 53 14  0  0
27  7  99388 142369932 1399052 33127784    0    0 853072 630728 221608 811401 24  8 53 14  0  0
23 17  99388 142381380 1399052 33127852    0    0 861472 633540 222122 817078 24  7 54 15  0  0
31 17  99388 142375596 1399052 33127940    0    0 853456 618012 220725 805404 24  8 53 15  0  0
27 11  99388 142376088 1399052 33128048    0    0 838304 619844 220518 799856 24  8 53 14  0  0
24 16  99388 142356796 1399064 33128132    0    0 851408 627180 222714 813564 24  8 53 14  0  0
30  8  99388 142346804 1399068 33128212    0    0 853760 629364 221574 812374 24  8 53 14  0  0
25 13  99388 142337460 1399068 33128296    0    0 854592 625692 223196 816464 24  8 53 14  0  0
24 20  99388 142333564 1399068 33128396    0    0 854640 622024 222021 813714 24  9 53 14  0  0
26  7  99388 142333520 1399068 33128484    0    0 860944 631956 222738 814631 24  8 54 15  0  0
30  9  99388 142349976 1399076 33128564    0    0 854560 615056 219525 803983 24  8 54 15  0  0
26 12  99388 142362812 1399076 33128644    0    0 849280 632640 222245 813276 24  9 53 15  0  0
29  9  99388 142342088 1399076 33128740    0    0 847616 620384 220653 807164 24  8 53 15  0  0
28  9  99388 142334636 1399076 33128832    0    0 833968 605264 216493 785276 24  8 53 15  0  0
24 12  99388 142338068 1399076 33128908    0    0 821760 598024 214029 776826 23  8 53 16  0  0
27 11  99388 142338160 1399088 33129012    0    0 849824 612984 219711 802948 24  8 53 15  0  0
31  6  99388 142338012 1399088 33129112    0    0 853840 631980 222270 820336 24  8 53 14  0  0
25 11  99388 142342492 1399088 33129300    0    0 855424 631664 222714 819625 24  8 53 14  0  0
31  8  99388 142341540 1399088 33129384    0    0 855184 624592 222531 814103 24  8 53 14  0  0
29 10  99388 142346464 1399096 33129464    0    0 850400 627196 221138 811913 24  8 53 15  0  0
21 15  99388 142340764 1399108 33129568    0    0 851792 626040 221835 814004 24  8 53 14  0  0
procs -----------memory---------- ---swap-- -----io---- -system-- -------cpu-------
 r  b   swpd   free   buff  cache   si   so    bi    bo   in   cs us sy id wa st gu
30 10  99388 142332044 1399108 33129648    0    0 850496 624020 220909 811666 24  8 53 15  0  0
34  7  99388 142350120 1399108 33129736    0    0 849680 622548 220445 808358 24  9 53 14  0  0
24 15  99388 142348648 1399108 33129832    0    0 851808 623088 222388 819043 24  8 53 14  0  0
26 11  99388 142359852 1399112 33129912    0    0 864096 637656 222177 815120 24  7 54 15  0  0
28  9  99388 142337324 1399120 33130004    0    0 853392 624140 221172 811967 24  9 53 14  0  0
28  8  99388 142328048 1399120 33130132    0    0 857584 618160 221583 812333 24  9 53 14  0  0
24 19  99388 142333676 1399120 33130300    0    0 852496 618672 220236 810803 24  8 53 14  0  0
31  6  99388 142329972 1399120 33130376    0    0 847360 622652 220890 809051 24  8 53 14  0  0
28  8  99388 142338536 1399120 33130464    0    0 849792 630020 221341 809567 24  8 53 15  0  0
26 11  99388 142347272 1399132 33130564    0    0 851824 627224 221542 811002 24  8 53 15  0  0
24 11  99388 142349984 1399132 33130656    0    0 834864 608784 215451 785062 23  7 54 16  0  0
23 21  99388 142346500 1399132 33130740    0    0 822960 597204 214176 774439 23  8 54 16  0  0
28 10  99388 142331996 1399140 33130816    0    0 855472 625480 221794 814793 24  8 53 14  0  0
26 10  99388 142354584 1399140 33130936    0    0 856608 624792 222654 815838 24  8 53 14  0  0
28 17  99388 142351736 1399144 33131020    0    0 856208 629936 222662 816032 24  8 53 14  0  0
21 16  99388 142336148 1399144 33131100    0    0 853680 621320 221058 811453 24  8 53 14  0  0
37 12  99388 142336412 1399144 33131204    0    0 855344 628196 223524 817887 24  8 53 14  0  0
32  9  99388 142353916 1399144 33131268    0    0 851264 630124 221406 809827 24  8 54 15  0  0
26 15  99388 142361420 1399144 33131360    0    0 860752 623820 222036 814801 24  8 54 15  0  0
23 17  99388 142359356 1399152 33131456    0    0 847872 627748 220922 810674 24  8 53 14  0  0
33  4  99388 142356588 1399152 33131544    0    0 850240 614200 221299 805297 24  8 53 14  0  0
procs -----------memory---------- ---swap-- -----io---- -system-- -------cpu-------
 r  b   swpd   free   buff  cache   si   so    bi    bo   in   cs us sy id wa st gu
24 11  99388 142342736 1399152 33131620    0    0 853888 630228 222202 813206 24  9 53 14  0  0
25 13  99388 142344912 1399156 33131712    0    0 856896 625004 221351 818455 24  8 53 14  0  0
26 10  99388 142335928 1399156 33131812    0    0 855248 635440 221002 822269 24  8 53 14  0  0
28 10  99388 142341020 1399164 33131900    0    0 852976 626688 221243 810519 24  8 54 15  0  0
24 13  99388 142358804 1399164 33131968    0    0 857616 620988 221121 809707 24  7 54 15  0  0
26 11  99388 142352992 1399164 33132052    0    0 850736 622156 220662 806956 24  8 53 15  0  0
29 13  99388 142347300 1399164 33132168    0    0 853200 619444 220639 807578 24  8 53 14  0  0
23 21  99388 142340728 1399164 33132228    0    0 822528 591592 213172 769430 23  8 53 16  0  0
29  6  99388 142358484 1399172 33132328    0    0 832208 610108 216789 788580 23  8 53 15  0  0
31  7  99388 142336940 1399172 33132416    0    0 853296 623972 220804 808976 24  9 53 14  0  0
23 12  99388 142345824 1399180 33132500    0    0 857056 625912 222379 817746 24  8 53 14  0  0
24 12  99388 142350856 1399180 33132604    0    0 861968 631020 221999 810423 23  7 54 15  0  0
25 10  99388 142339684 1399180 33132672    0    0 853456 625048 222334 816510 24  8 53 14  0  0
28 10  99388 142332692 1399188 33132764    0    0 848928 621852 220882 808739 24  8 53 15  0  0
30 13  99388 142327848 1399188 33132872    0    0 856352 626872 222427 815058 24  9 53 14  0  0
26 18  99388 142337300 1399188 33132936    0    0 855760 622080 221639 813090 24  8 53 14  0  0
33 11  99388 142337448 1399188 33133032    0    0 853760 634380 222640 814762 24  8 53 14  0  0
32  5  99388 142361120 1399188 33133128    0    0 852128 624512 222354 812643 24  8 53 14  0  0
25 11  99388 142359104 1399192 33133188    0    0 849776 618560 221806 804577 23  7 55 14  0  0
33 15  99388 142347636 1399192 33133304    0    0 843008 628204 221351 803041 24  8 54 14  0  0
26 11  99388 142314044 1399192 33133376    0    0 839520 614196 223558 800025 24  9 53 14  0  0
procs -----------memory---------- ---swap-- -----io---- -system-- -------cpu-------
 r  b   swpd   free   buff  cache   si   so    bi    bo   in   cs us sy id wa st gu
25 11  99388 142294724 1399192 33133476    0    0 833760 617068 221616 796496 24  9 53 14  0  0
23 12  99388 142319204 1399192 33133564    0    0 849872 617860 220304 803842 24  8 53 14  0  0
26 15  99388 142315328 1399200 33133640    0    0 845792 621144 220537 804963 24  8 53 14  0  0
26 12  99388 142327636 1399204 33133768    0    0 832048 607260 216523 788999 24  9 53 15  0  0
21 17  99388 142339304 1399204 33133848    0    0 822208 591160 213842 769997 23  7 54 16  0  0
22 15  99388 142330476 1399204 33133916    0    0 835056 618696 218530 791819 23  8 54 15  0  0
26 11  99388 142322932 1399204 33134020    0    0 846384 618956 223249 808280 24  9 53 14  0  0
29 12  99388 142340880 1399212 33134128    0    0 850304 622572 221532 811040 24  9 53 14  0  0
29 14  99388 142327472 1399212 33134196    0    0 848064 626548 221345 808102 24  8 53 14  0  0
31  9  99388 142309556 1399212 33134288    0    0 849168 623912 220907 804958 24  8 53 15  0  0
29 13  99388 142320656 1399212 33134356    0    0 849920 621040 220424 807456 24  8 53 15  0  0
27 12  99388 142323060 1399212 33134452    0    0 856336 621108 221506 812010 24  8 53 15  0  0
22 14  99388 142340492 1399220 33134548    0    0 857216 628880 221176 810161 24  7 54 15  0  0
31  6  99388 142346132 1399228 33134616    0    0 853504 631496 221896 813005 24  9 53 14  0  0
21 20  99388 142325564 1399228 33134728    0    0 854720 620436 221629 815760 24  9 53 14  0  0
21 22  99388 142321068 1399228 33134824    0    0 855952 628384 221898 816188 25  9 53 14  0  0
23 13  99388 142342452 1399228 33134896    0    0 854736 630476 222288 817948 24  9 53 14  0  0
32  8  99388 142341192 1399236 33134992    0    0 856800 620156 221235 809524 24  8 53 14  0  0
16 19  99388 142334624 1399236 33135080    0    0 848096 624304 220385 805240 24  8 53 15  0  0
25 11  99388 142354892 1399236 33135152    0    0 865296 629924 221920 811702 24  7 54 15  0  0
20 15  99388 142337112 1399236 33135232    0    0 855760 624464 221511 811009 24  8 53 15  0  0
procs -----------memory---------- ---swap-- -----io---- -system-- -------cpu-------
 r  b   swpd   free   buff  cache   si   so    bi    bo   in   cs us sy id wa st gu
29 13  99388 142338116 1399236 33135308    0    0 836976 606436 216483 787631 23  8 53 15  0  0
22 14  99388 142325680 1399244 33135404    0    0 819280 601748 213173 774242 23  8 53 15  0  0
30 14  99388 142335804 1399244 33135512    0    0 850544 621136 220675 810213 24  8 53 14  0  0
35 11  99388 142335524 1399244 33135648    0    0 854384 627744 221823 816679 24  8 53 14  0  0
27 12  99388 142336500 1399244 33135748    0    0 852224 625624 221786 813603 24  9 53 15  0  0
28 10  99388 142340212 1399244 33135836    0    0 860736 630496 221929 815682 24  7 54 15  0  0
29  9  99388 142340452 1399256 33135912    0    0 854016 623688 221132 808046 24  8 53 15  0  0
24 12  99388 142344944 1399256 33136000    0    0 853568 631144 222424 815268 24  8 53 15  0  0
27 12  99388 142328932 1399256 33136088    0    0 855104 632340 221718 813048 24  8 53 14  0  0
27 16  99388 142332888 1399256 33136192    0    0 856624 627496 221889 817050 24  8 53 14  0  0
28 14  99388 142330236 1399256 33136284    0    0 858000 623728 222050 818074 24  8 53 14  0  0
21 15  99388 142335060 1399264 33136356    0    0 855120 635488 221999 825042 24  8 53 14  0  0
23 13  99388 142335344 1399264 33136456    0    0 861696 635476 222551 819543 24  8 54 15  0  0
27 10  99388 142351040 1399264 33136544    0    0 861616 630052 221968 813420 24  7 54 15  0  0
20 16  99388 142341456 1399264 33136624    0    0 852592 627612 221363 811076 24  8 53 15  0  0
21 16  99388 142329496 1399264 33136720    0    0 855360 629376 221187 811377 24  8 53 15  0  0
29 12  99388 142327268 1399272 33136808    0    0 857344 624512 221408 812140 24  8 53 15  0  0
25 11  99388 142312384 1399272 33136884    0    0 836192 613656 217146 796007 24  8 53 15  0  0
25 15  99388 142319420 1399272 33136992    0    0 817584 598264 212956 770055 23  8 53 16  0  0
24 11  99388 142341756 1399272 33137080    0    0 849456 618872 220304 808550 24  8 53 14  0  0
24 15  99388 142354752 1399276 33137148    0    0 864000 625128 221189 811598 24  7 54 15  0  0
procs -----------memory---------- ---swap-- -----io---- -system-- -------cpu-------
 r  b   swpd   free   buff  cache   si   so    bi    bo   in   cs us sy id wa st gu
23 16  99388 142342800 1399284 33137240    0    0 855008 637152 221887 821914 24  8 53 15  0  0
28  9  99388 142337300 1399284 33137308    0    0 852016 630724 221838 821149 24  8 53 14  0  0
27 10  99388 142329960 1399284 33137412    0    0 846064 623256 223672 812727 24  9 53 15  0  0
19 30  99388 142347068 1399284 33137500    0    0 851312 628588 221735 811725 24  8 53 14  0  0
34  8  99388 142332368 1399284 33137584    0    0 852416 626812 221181 814136 24  8 53 14  0  0
29 10  99388 142323824 1399288 33137676    0    0 854720 627544 221692 816239 24  8 53 14  0  0
31  9  99388 142332800 1399288 33137772    0    0 865120 631120 222778 820254 24  7 54 15  0  0
31  7  99388 142338704 1399288 33137848    0    0 857952 627076 221559 811643 24  8 53 14  0  0
27 10  99388 142325784 1399288 33137952    0    0 856352 630308 222521 818194 24  8 53 14  0  0
24 14  99388 142335804 1399292 33138040    0    0 856896 631616 222364 817875 24  9 53 14  0  0
29 10  99388 142319348 1399296 33138104    0    0 853360 630008 222451 814832 24  8 53 14  0  0
22 13  99388 142307216 1399296 33138208    0    0 854080 630076 221805 812607 24  9 53 14  0  0
20 17  99388 142320664 1399296 33138284    0    0 853216 630284 221708 814297 24  8 53 14  0  0
21 15  99388 142335904 1399296 33138360    0    0 856624 627352 220678 809761 24  8 54 15  0  0
26 12  99388 142334896 1399296 33138472    0    0 829008 612944 216316 784679 23  8 54 16  0  0
30 12  99388 142332588 1399304 33138552    0    0 819008 592900 212245 765802 23  8 53 16  0  0
25 12  99388 142331708 1399304 33138652    0    0 855920 630460 222332 818101 24  8 53 14  0  0
29 14  99388 142335068 1399304 33138752    0    0 853792 631448 221632 811798 24  8 53 14  0  0
30  9  99388 142326780 1399308 33138816    0    0 849984 625664 220563 809779 24  8 53 14  0  0
20 17  99388 142325368 1399308 33138928    0    0 850512 626664 221363 811198 24  8 53 15  0  0
23 11  99388 142337828 1399312 33139008    0    0 857488 626028 221712 810345 24  8 53 15  0  0
procs -----------memory---------- ---swap-- -----io---- -system-- -------cpu-------
 r  b   swpd   free   buff  cache   si   so    bi    bo   in   cs us sy id wa st gu
29  8  99388 142334544 1399312 33139060    0    0 861616 617388 220488 808125 24  7 54 15  0  0
28 10  99388 142349444 1399312 33139176    0    0 852400 626280 221432 812430 24  8 53 14  0  0
31  9  99388 142318044 1399312 33139252    0    0 857088 624756 221825 815778 24  8 53 14  0  0
21 17  99388 142323780 1399312 33139360    0    0 856448 628224 221441 814628 24  8 53 14  0  0
21 17  99388 142320064 1399316 33139460    0    0 856432 627620 221640 812613 24  8 53 15  0  0
24 15  99388 142320576 1399316 33139524    0    0 856608 628592 222843 819576 24  8 53 14  0  0
25 11  99388 142332024 1399316 33139616    0    0 856864 626368 222045 815852 24  8 53 14  0  0
18 18  99388 142350272 1399316 33139708    0    0 864256 633132 222443 813544 24  7 55 15  0  0
24 12  99388 142353620 1399316 33139784    0    0 854912 620720 221274 811044 24  8 53 14  0  0
27 11  99388 142332728 1399320 33139880    0    0 855376 624508 221326 810068 24  8 53 14  0  0
25 24  99388 142325344 1399320 33139964    0    0 829360 598124 214645 778622 23  8 53 15  0  0
28 11  99388 142350064 1399320 33140056    0    0 826032 601160 214400 778069 23  8 53 16  0  0
27 10  99388 142310232 1399324 33140152    0    0 853568 625380 221070 809566 24  8 53 14  0  0
26 11  99388 142327052 1399324 33140224    0    0 810752 585940 210334 757375 23  8 53 16  0  0
23 13  99388 142354516 1399332 33140300    0    0 847056 622264 218817 800369 23  7 54 15  0  0
23 19  99388 142348488 1399332 33140408    0    0 858512 634836 221509 814357 24  8 53 15  0  0
30 12  99388 142329864 1399332 33140464    0    0 853360 624192 220908 809790 24  8 53 15  0  0
25 13  99388 142305004 1399332 33140584    0    0 852432 616096 220605 810330 24  8 53 14  0  0
22 14  99388 142321628 1399332 33140680    0    0 853664 634072 222795 815692 24  8 53 14  0  0
29  9  99388 142329480 1399340 33140740    0    0 856896 629828 222290 814976 24  8 53 14  0  0
21 15  99388 142329868 1399340 33140848    0    0 855328 621792 220643 810863 24  9 53 14  0  0
procs -----------memory---------- ---swap-- -----io---- -system-- -------cpu-------
 r  b   swpd   free   buff  cache   si   so    bi    bo   in   cs us sy id wa st gu
23 12  99388 142330692 1399340 33140992    0    0 861248 632068 222594 817261 24  8 54 15  0  0
30  9  99388 142332352 1399348 33141080    0    0 862800 626268 222906 818677 24  8 54 15  0  0
24 19  99388 142336016 1399348 33141176    0    0 855488 630024 221866 815618 24  8 53 14  0  0
27 13  99388 142330148 1399356 33141232    0    0 855456 630556 222519 818051 24  8 53 14  0  0
28 13  99388 142321440 1399356 33141360    0    0 851200 630836 221429 812553 24  8 53 14  0  0
29 15  99388 142317220 1399356 33141444    0    0 853200 622656 221083 810617 24  8 53 15  0  0
28  9  99388 142333820 1399356 33141536    0    0 853408 625112 221689 810739 24  8 53 14  0  0
21 14  99388 142325404 1399356 33141636    0    0 830448 598756 215321 777212 23  8 53 16  0  0
22 19  99388 142357404 1399364 33141716    0    0 826368 595904 212875 768123 23  7 54 16  0  0
25 17  99388 142346296 1399364 33141800    0    0 831840 606064 216329 786075 24  8 53 15  0  0
25 11  99388 142326012 1399364 33141884    0    0 818864 597140 213764 778853 23  8 53 16  0  0
29  8  99388 142313448 1399364 33141948    0    0 854016 625432 220697 811235 24  8 53 15  0  0
23 13  99388 142329784 1399364 33142064    0    0 849296 622228 221131 807509 24  8 53 15  0  0
29  5  99388 142335120 1399372 33142152    0    0 853248 628956 221846 813553 24  8 53 14  0  0
14 23  99388 142318980 1399372 33142224    0    0 854320 628212 221260 812287 24  8 53 15  0  0
30  7  99388 142328000 1399376 33142312    0    0 857840 612988 219156 804308 24  7 54 15  0  0
32 10  99388 142322568 1399376 33142404    0    0 856256 627924 220962 809910 24  8 53 15  0  0
26 13  99388 142328136 1399376 33142488    0    0 855552 623204 222596 815959 24  8 53 14  0  0
29 13  99388 142328768 1399384 33142588    0    0 852416 640104 222411 816626 24  8 53 15  0  0
22 15  99388 142338868 1399384 33142672    0    0 857728 624676 221624 811769 24  8 53 14  0  0
25 11  99388 142323620 1399384 33142772    0    0 856336 627236 222105 814031 24  8 53 14  0  0
procs -----------memory---------- ---swap-- -----io---- -system-- -------cpu-------
 r  b   swpd   free   buff  cache   si   so    bi    bo   in   cs us sy id wa st gu
25 11  99388 142323412 1399384 33142864    0    0 856256 632104 222167 815088 24  8 53 14  0  0
27  9  99388 142336116 1399384 33142948    0    0 861904 629312 221253 816608 24  7 54 15  0  0
26 10  99388 142340300 1399392 33143028    0    0 859904 634272 222974 815482 24  8 53 15  0  0
26 11  99388 142331088 1399392 33143124    0    0 833776 610944 217612 787701 23  8 53 15  0  0
25 12  99388 142320984 1399400 33143216    0    0 827344 599216 215352 779729 23  8 53 16  0  0
26 14  99388 142321088 1399400 33143304    0    0 840624 609776 218674 799021 24  8 53 15  0  0
19 17  99388 142312268 1399400 33143396    0    0 817872 603580 214067 772214 23  8 53 16  0  0
21 17  99388 142322028 1399404 33143480    0    0 830128 603524 216040 783076 24  8 53 15  0  0
32  7  99388 142342500 1399404 33143560    0    0 854752 625936 220838 809964 24  8 54 15  0  0
30 16  99388 142326368 1399404 33143644    0    0 854752 628888 220146 804487 24  8 54 15  0  0
24 19  99388 142334528 1399404 33143752    0    0 851184 633352 221695 814161 24  9 53 14  0  0
34  8  99388 142328400 1399404 33143840    0    0 856096 626544 221843 813355 24  8 53 14  0  0
31  9  99388 142312580 1399408 33143924    0    0 853520 626976 220913 811759 24  8 53 14  0  0
32  9  99388 142327732 1399412 33144016    0    0 856832 625240 221261 812707 24  8 53 14  0  0
28  9  99388 142326308 1399412 33144112    0    0 853072 623956 221656 815429 24  8 53 14  0  0
19 16  99388 142336416 1399416 33144196    0    0 850212 626008 220167 804547 24  8 53 15  0  0
28  8  99388 142353288 1399416 33144284    0    0 825872 602360 214241 767968 23  7 54 16  0  0
28 10  99388 142331484 1399424 33144384    0    0 820544 597528 213159 768473 23  8 53 16  0  0
30  8  99388 142335216 1399424 33144472    0    0 821520 588760 213355 767914 23  8 53 16  0  0
22 14  99388 142322352 1399424 33144564    0    0 820848 604768 214355 775740 23  8 53 16  0  0
16 30  99388 142321388 1399424 33144652    0    0 817696 583356 213376 765171 23  8 53 16  0  0
procs -----------memory---------- ---swap-- -----io---- -system-- -------cpu-------
 r  b   swpd   free   buff  cache   si   so    bi    bo   in   cs us sy id wa st gu
20 16  99388 142282704 1399424 33144744    0    0 799248 581336 224805 755000 23  8 53 15  0  0
28  7  99388 142306720 1399432 33144828    0    0 802240 588272 214232 750510 23  8 53 16  0  0
22 14  99388 142312436 1399432 33144912    0    0 808752 575492 212085 754439 23  7 54 16  0  0
18 17  99388 142306332 1399432 33144988    0    0 775584 559240 206920 719803 22  8 53 17  0  0
21 25  99388 142309444 1399432 33145084    0    0 819184 591824 213406 775229 23  9 53 15  0  0
31 10  99388 142321448 1399432 33145164    0    0 827424 606820 217317 784953 23  8 53 15  0  0
17 25  99388 142296808 1399436 33145256    0    0 815424 586924 212935 767104 23  8 53 15  0  0
29  9  99388 142304692 1399444 33145344    0    0 821280 586768 214403 774255 23  8 53 15  0  0
20 19  99388 142317948 1399444 33145440    0    0 813584 592104 211732 765838 23  8 53 16  0  0
27 11  99388 142326984 1399444 33145520    0    0 823632 592520 212936 767451 23  7 54 16  0  0
30 12  99388 142319484 1399444 33145612    0    0 834176 609788 217886 789575 24  8 53 15  0  0
29 10  99388 142331712 1399448 33145700    0    0 834864 607692 217299 791151 24  8 53 15  0  0
27 14  99388 142307512 1399452 33145784    0    0 834352 608284 217366 788087 23  8 53 15  0  0
32  5  99388 142316284 1399452 33145880    0    0 834448 606536 216821 785643 23  8 53 15  0  0
28 10  99388 142300272 1399452 33145968    0    0 833584 597124 217148 788533 24  8 53 15  0  0
28 11  99388 142316432 1399452 33146056    0    0 835840 615512 217365 790669 24  8 53 15  0  0
23 18  99388 142327056 1399456 33146136    0    0 836832 609836 217028 785587 23  7 54 16  0  0
30  8  99388 142335216 1399456 33146236    0    0 833600 600248 215857 781828 23  8 54 15  0  0
28 10  99388 142338432 1399456 33146380    0    0 828624 607608 215881 786990 24  8 53 15  0  0
25 11  99388 142333708 1399456 33146464    0    0 830560 604112 216050 792474 24  8 53 15  0  0
24 12  99388 142304204 1399456 33146544    0    0 805696 589304 210329 753851 23  8 53 16  0  0
procs -----------memory---------- ---swap-- -----io---- -system-- -------cpu-------
 r  b   swpd   free   buff  cache   si   so    bi    bo   in   cs us sy id wa st gu
26 11  99388 142295464 1399460 33146640    0    0 803936 570904 210399 751964 23  8 53 16  0  0
23 12  99388 142308880 1399464 33146732    0    0 823728 612720 217059 786294 23  8 53 15  0  0
15 20  99388 142304636 1399464 33146812    0    0 835600 621392 217489 790526 23  8 54 15  0  0
24 16  99388 142319940 1399464 33146896    0    0 840544 612792 217933 791604 23  7 54 15  0  0
24 14  99388 142307896 1399464 33146976    0    0 835216 607000 217558 790059 23  8 53 15  0  0
29 11  99388 142311204 1399468 33147080    0    0 834432 621936 218623 790141 24  8 53 15  0  0
21 15  99388 142310048 1399468 33147172    0    0 837856 608372 217334 789953 23  8 53 15  0  0
24 13  99388 142318864 1399468 33147268    0    0 834544 614628 217496 790459 23  8 53 15  0  0
29 12  99388 142326512 1399468 33147352    0    0 837712 610700 217184 787953 24  8 53 15  0  0
27 13  99388 142320188 1399468 33147440    0    0 841184 616616 217856 790085 23  8 54 15  0  0
 1  0  99388 142329216 1399612 33147408    0    0 789536 590120 211333 751240 22  7 57 14  0  0
32 11  99388 142374848 1399612 33147620    0    0 826128 599980 219185 786642 24  8 54 14  0  0
25 10  99388 142353288 1399612 33147700    0    0 858016 625132 222200 812993 24  9 53 14  0  0
34  4  99388 142348036 1399612 33147788    0    0 853792 632608 221173 814594 24  8 53 14  0  0
32 11  99388 142353812 1399612 33147880    0    0 854480 630904 220948 816216 24  8 53 15  0  0
17 36  99388 142362268 1399620 33147968    0    0 854064 626872 222234 812998 24  9 53 14  0  0
26 11  99388 142349736 1399628 33148068    0    0 832160 603132 215385 783085 23  8 53 15  0  0
28 14  99388 142360316 1399628 33148132    0    0 829568 598664 212877 768352 23  7 54 16  0  0
23 18  99388 142365592 1399628 33148216    0    0 857152 622372 222010 813277 24  8 53 14  0  0
30 10  99388 142362524 1399628 33148308    0    0 840768 621180 220369 800089 24  8 54 14  0  0
23 13  99388 142346768 1399632 33148404    0    0 838432 616872 228973 798396 24  8 53 14  0  0
procs -----------memory---------- ---swap-- -----io---- -system-- -------cpu-------
 r  b   swpd   free   buff  cache   si   so    bi    bo   in   cs us sy id wa st gu
21 17  99388 142336176 1399632 33148496    0    0 848848 630496 221588 812096 24  9 53 14  0  0
34  5  99388 142314468 1399632 33148584    0    0 852944 619604 221416 810369 24  9 53 14  0  0
25 28  99388 142334784 1399632 33148676    0    0 850112 626048 221174 808780 24  8 53 14  0  0
22 13  99388 142347304 1399632 33148760    0    0 858544 625496 221054 808436 23  7 54 15  0  0
23 18  99388 142358892 1399640 33148840    0    0 853920 631088 222193 812710 24  8 53 14  0  0
20 16  99388 142344924 1399644 33148924    0    0 853424 623220 221333 812687 24  8 53 14  0  0
31 14  99388 142349848 1399644 33149020    0    0 853232 622148 221198 810923 24  8 53 14  0  0
28 12  99388 142355524 1399644 33149108    0    0 849952 622464 221397 808394 24  8 53 14  0  0
27 17  99388 142377228 1399644 33149200    0    0 853600 636768 221592 813861 24  8 53 14  0  0
26 12  99388 142384012 1399652 33149284    0    0 853424 623492 221221 809271 24  8 53 14  0  0
28 12  99388 142389164 1399652 33149376    0    0 858496 628780 221704 815078 24  8 54 15  0  0
18 17  99388 142387744 1399652 33149460    0    0 855136 630260 221546 814783 24  8 54 15  0  0
29  7  99388 142379116 1399652 33149548    0    0 848736 617840 219743 802910 24  8 53 15  0  0
27 15  99388 142377940 1399652 33149628    0    0 810400 591268 211785 760292 23  8 53 16  0  0
16 24  99388 142360892 1399656 33149712    0    0 843648 613712 218704 799118 24  8 53 15  0  0
31  8  99388 142382800 1399656 33149804    0    0 851104 622208 221898 810425 24  8 53 14  0  0
37  9  99388 142379608 1399656 33149896    0    0 851168 621936 221154 808752 24  8 53 15  0  0
26 11  99388 142382324 1399656 33149988    0    0 855408 625396 221322 807295 24  8 54 15  0  0
26 13  99388 142381188 1399656 33150072    0    0 848096 616220 219061 798885 24  7 54 15  0  0
31  9  99388 142373404 1399664 33150164    0    0 847024 623680 221930 807708 24  8 53 14  0  0
30  8  99388 142360884 1399664 33150256    0    0 852624 619088 221096 808051 24  8 53 14  0  0
procs -----------memory---------- ---swap-- -----io---- -system-- -------cpu-------
 r  b   swpd   free   buff  cache   si   so    bi    bo   in   cs us sy id wa st gu
25 11  99388 142371608 1399664 33150344    0    0 850000 624396 221003 809335 24  8 53 14  0  0
27  9  99388 142358432 1399664 33150420    0    0 853888 629700 222569 815045 24  8 53 14  0  0
22 17  99388 142376444 1399664 33150512    0    0 853760 623896 221092 810652 24  8 53 14  0  0
24 13  99388 142373940 1399672 33150604    0    0 857040 626976 221256 808607 24  8 53 15  0  0
23 14  99388 142389504 1399672 33150680    0    0 865264 635776 223063 813119 24  7 54 15  0  0
21 15  99388 142378564 1399672 33150772    0    0 857888 627088 221769 814191 24  8 53 14  0  0
25 11  99388 142366356 1399672 33150860    0    0 852992 625704 221153 813858 24  9 53 14  0  0
30  9  99388 142374332 1399676 33150956    0    0 849584 627920 220446 807989 24  8 53 14  0  0
26 14  99388 142368972 1399684 33151036    0    0 848672 627396 220231 805369 24  8 53 14  0  0
25 14  99388 142351104 1399684 33151128    0    0 822320 600776 213695 777947 23  8 53 16  0  0
24 16  99388 142376084 1399684 33151220    0    0 817184 598440 213204 771474 23  8 53 16  0  0
26 11  99388 142381120 1399684 33151300    0    0 862896 630324 221865 810753 24  7 54 15  0  0
22 13  99388 142368420 1399684 33151380    0    0 850528 622232 220268 805582 25  8 53 15  0  0
22 13  99388 142364876 1399688 33151476    0    0 853264 629664 221594 811924 24  8 53 14  0  0
25 12  99388 142388276 1399688 33151556    0    0 852592 625544 221326 814280 24  8 53 14  0  0
22 19  99388 142390564 1399688 33151720    0    0 853760 626544 221050 819229 24  8 53 14  0  0
25 11  99388 142388188 1399688 33151824    0    0 855648 627468 221110 822666 24  8 53 14  0  0
25 15  99388 142379704 1399692 33151900    0    0 855712 628724 220987 813621 24  8 53 15  0  0
26 16  99388 142390808 1399700 33151988    0    0 857856 639672 222016 815120 24  8 54 15  0  0
30  9  99388 142407840 1399700 33152064    0    0 858784 619720 221459 812976 24  8 54 15  0  0
28 10  99388 142378392 1399700 33152160    0    0 854960 632580 221629 812674 24  8 53 15  0  0
procs -----------memory---------- ---swap-- -----io---- -system-- -------cpu-------
 r  b   swpd   free   buff  cache   si   so    bi    bo   in   cs us sy id wa st gu
24 13  99388 142360780 1399700 33152244    0    0 852032 623884 221526 816157 24  8 53 14  0  0
26 12  99388 142368032 1399704 33152336    0    0 855712 629500 222458 816660 25  8 53 14  0  0
23 15  99388 142358048 1399708 33152424    0    0 853728 625760 221529 814485 24  9 53 14  0  0
34  5  99388 142360984 1399708 33152520    0    0 850896 626872 221503 813405 25  8 52 14  0  0
20 19  99388 142371176 1399708 33152612    0    0 853392 629248 221453 810618 25  8 53 15  0  0
22 15  99388 142394264 1399708 33152688    0    0 832096 595504 214819 778308 23  7 54 16  0  0
29  7  99388 142365928 1399708 33152776    0    0 820432 590800 212708 769230 23  8 53 16  0  0
23 15  99388 142361292 1399712 33152856    0    0 855888 623912 221803 811772 24  8 53 14  0  0
24 17  99388 142360452 1399712 33152948    0    0 849744 632456 220713 805736 24  8 53 15  0  0
30  8  99388 142361652 1399712 33153048    0    0 856224 625364 221033 810317 24  8 53 14  0  0
37  5  99388 142362416 1399712 33153128    0    0 855376 625548 222049 813401 24  8 53 14  0  0
23 12  99388 142355152 1399712 33153216    0    0 855216 630320 222092 816101 24  8 53 14  0  0
23 14  99388 142363548 1399720 33153300    0    0 868208 637552 223094 816169 24  7 54 15  0  0
24 17  99388 142361088 1399720 33153388    0    0 850352 622176 221789 810303 24  8 53 14  0  0
23 13  99388 142358676 1399720 33153484    0    0 853248 621696 221686 811935 24  8 53 14  0  0
20 18  99388 142350496 1399720 33153564    0    0 852336 626052 221698 812324 24  8 53 14  0  0
28 10  99388 142347288 1399720 33153656    0    0 852992 625392 221450 811900 24  8 53 14  0  0
27 10  99388 142351228 1399728 33153744    0    0 856704 624864 222156 819503 24  9 53 14  0  0
26 11  99388 142350328 1399728 33153836    0    0 856320 629440 222088 816695 24  8 53 14  0  0
16 19  99388 142357908 1399728 33153924    0    0 864080 634564 222194 818027 24  7 54 15  0  0
28  9  99388 142365224 1399728 33154000    0    0 859168 627368 222252 816153 24  8 53 15  0  0
procs -----------memory---------- ---swap-- -----io---- -system-- -------cpu-------
 r  b   swpd   free   buff  cache   si   so    bi    bo   in   cs us sy id wa st gu
29  7  99388 142367896 1399728 33154096    0    0 855984 631644 221816 813075 24  8 53 14  0  0
26 13  99388 142364424 1399736 33154192    0    0 838992 615180 218840 796617 24  8 53 15  0  0
24 12  99388 142359192 1399736 33154272    0    0 813152 586372 212040 758137 23  8 53 16  0  0
21 20  99388 142364236 1399740 33154356    0    0 844464 621728 218967 800569 24  8 53 15  0  0
25 10  99388 142367896 1399740 33154448    0    0 852112 613680 219926 801207 24  8 53 15  0  0
25 12  99388 142374516 1399740 33154528    0    0 858128 636488 222011 813322 24  7 54 15  0  0
26 10  99388 142378368 1399748 33154608    0    0 862272 634012 222519 815440 24  8 54 15  0  0
27 11  99388 142371912 1399748 33154700    0    0 857328 625588 221667 813957 24  8 53 14  0  0
32 11  99388 142359216 1399748 33154784    0    0 856096 624636 222060 816150 24  8 53 14  0  0
31  6  99388 142349212 1399748 33154892    0    0 853376 632476 222528 817988 24  8 53 14  0  0
24 14  99388 142346552 1399748 33154972    0    0 849808 623912 220608 808208 24  8 53 14  0  0
23 13  99388 142342748 1399756 33155064    0    0 852880 636220 221424 810454 24  8 53 15  0  0
23 11  99388 142362044 1399756 33155148    0    0 855456 632068 221637 811148 24  8 54 15  0  0
25 20  99388 142361812 1399760 33155220    0    0 860992 631180 221651 813789 24  8 54 15  0  0
22 14  99388 142349600 1399760 33155316    0    0 855920 632612 221740 814676 24  8 53 14  0  0
29  7  99388 142369236 1399760 33155408    0    0 856688 623048 222095 816170 24  8 53 14  0  0
32  8  99388 142369092 1399768 33155500    0    0 856288 627264 222254 813529 24  8 53 14  0  0
25 10  99388 142370408 1399776 33155584    0    0 858608 636152 222409 817698 24  8 53 14  0  0
30  8  99388 142358124 1399776 33155680    0    0 851360 606676 219054 800245 24  9 53 15  0  0
22 12  99388 142356328 1399776 33155756    0    0 807184 590960 209976 754493 23  8 54 16  0  0
25 11  99388 142366352 1399776 33155844    0    0 852736 620576 219289 803500 23  7 54 15  0  0
procs -----------memory---------- ---swap-- -----io---- -system-- -------cpu-------
 r  b   swpd   free   buff  cache   si   so    bi    bo   in   cs us sy id wa st gu
23 16  99388 142358984 1399776 33155924    0    0 853136 620916 220828 808176 24  8 53 15  0  0
32  8  99388 142352916 1399784 33156028    0    0 851632 625464 221820 809186 24  8 53 15  0  0
36  6  99388 142345880 1399788 33156124    0    0 852336 625112 220752 810469 24  8 53 14  0  0
28  7  99388 142352380 1399788 33156212    0    0 853392 631156 222223 812809 24  8 53 14  0  0
30 11  99388 142353164 1399788 33156300    0    0 859312 629508 222432 814927 24  8 53 14  0  0
25 12  99388 142350512 1399788 33156396    0    0 859904 628896 221745 813862 24  8 53 14  0  0
22 10  99388 142358616 1399792 33156472    0    0 865568 632332 221118 812876 24  7 54 15  0  0
27 10  99388 142360192 1399792 33156560    0    0 853008 628016 221424 806160 24  8 53 14  0  0
25 12  99388 142356280 1399792 33156652    0    0 840544 613612 218813 793577 24  8 54 14  0  0
25 19  99388 142351184 1399792 33156744    0    0 848976 625380 221565 810007 24  8 53 14  0  0
27  9  99388 142351956 1399792 33156828    0    0 851344 630868 221883 815578 24  9 53 14  0  0
31 11  99388 142345300 1399792 33156920    0    0 855344 625936 222502 814988 24  8 53 14  0  0
25 15  99388 142326648 1399792 33157092    0    0 855776 621992 221234 810080 24  9 53 14  0  0
25 10  99388 142347632 1399792 33157180    0    0 864992 628392 222236 812749 24  7 54 15  0  0
23 14  99388 142344936 1399792 33157260    0    0 863056 629244 221906 813331 24  8 53 15  0  0
25 13  99388 142351740 1399792 33157352    0    0 821888 606280 215286 779295 23  8 53 16  0  0
29  8  99388 142347892 1399792 33157444    0    0 822560 595152 213939 771803 23  8 53 16  0  0
24 13  99388 142362996 1399792 33157528    0    0 847184 624948 221119 810377 24  8 53 15  0  0
25 12  99388 142353976 1399792 33157608    0    0 846640 624108 220799 806299 24  8 53 15  0  0
27 10  99388 142353364 1399792 33157712    0    0 853728 623280 221108 808884 24  9 53 14  0  0
29  8  99388 142356424 1399792 33157792    0    0 857920 631976 221313 813754 24  7 54 15  0  0
procs -----------memory---------- ---swap-- -----io---- -system-- -------cpu-------
 r  b   swpd   free   buff  cache   si   so    bi    bo   in   cs us sy id wa st gu
33  4  99388 142341752 1399796 33157880    0    0 857424 627468 221207 811296 24  8 54 15  0  0
29 11  99388 142350264 1399796 33157960    0    0 857424 627144 222027 814090 24  8 53 14  0  0
27 11  99388 142360160 1399796 33158056    0    0 856992 622388 220955 809559 24  8 53 14  0  0
30 11  99388 142357616 1399796 33158144    0    0 855040 616828 220791 807149 24  8 53 14  0  0
20 17  99388 142346924 1399796 33158236    0    0 853936 625848 221187 810495 24  8 53 15  0  0
27 11  99388 142344888 1399808 33158324    0    0 848928 626508 220806 804525 24  8 53 14  0  0
28 10  99388 142333400 1399808 33158400    0    0 855088 632260 222740 814852 24  8 53 14  0  0
27 10  99388 142345880 1399808 33158492    0    0 860832 638584 221691 817685 24  7 54 15  0  0
25 15  99388 142332932 1399808 33158580    0    0 856448 622444 220509 808262 24  8 53 14  0  0
26 13  99388 142318168 1399808 33158668    0    0 860944 620316 221966 812647 24  8 53 14  0  0
25 14  99388 142342036 1399824 33158752    0    0 854464 631472 221760 814215 24  8 53 14  0  0
27 10  99388 142341924 1399824 33158844    0    0 838864 607076 217552 795484 24  8 53 15  0  0
24 20  99388 142335292 1399824 33158932    0    0 817792 592560 212311 770704 23  8 53 16  0  0
19 22  99388 142323996 1399824 33159028    0    0 843616 621200 219756 802632 24  8 53 15  0  0
26 11  99388 142336576 1399824 33159104    0    0 857200 623988 220790 809522 24  7 54 15  0  0
35  7  99388 142322276 1399828 33159188    0    0 854096 627156 221208 809031 24  8 53 14  0  0
25 11  99388 142328484 1399828 33159272    0    0 856288 630756 222050 815196 24  8 53 14  0  0
21 14  99388 142351300 1399828 33159368    0    0 856336 626648 222096 815668 24  8 53 14  0  0
21 23  99388 142351888 1399828 33159460    0    0 856592 623696 220690 813927 24  8 53 14  0  0
28 11  99388 142329784 1399828 33159548    0    0 856928 637444 221788 818128 24  8 53 14  0  0
23 12  99388 142346696 1399832 33159640    0    0 854512 629608 222485 814122 24  8 53 14  0  0
procs -----------memory---------- ---swap-- -----io---- -system-- -------cpu-------
 r  b   swpd   free   buff  cache   si   so    bi    bo   in   cs us sy id wa st gu
24 14  99388 142354296 1399832 33159720    0    0 861696 635936 220990 819152 24  7 54 15  0  0
25 12  99388 142345968 1399832 33159820    0    0 851408 634860 220884 815580 24  8 53 15  0  0
25 11  99388 142340424 1399832 33159892    0    0 846400 625040 220971 810103 24  8 53 14  0  0
24 16  99388 142339956 1399832 33159984    0    0 850096 628192 220748 805354 24  8 53 14  0  0
34 10  99388 142330892 1399840 33160072    0    0 846112 616124 220748 804620 24  8 54 14  0  0
22 13  99388 142316608 1399840 33160168    0    0 850240 620152 220867 809551 24  9 53 14  0  0
27 17  99388 142325956 1399840 33160252    0    0 856688 617976 221949 814816 24  8 53 14  0  0
23 14  99388 142326512 1399840 33160348    0    0 857824 637156 221579 811388 24  8 54 15  0  0
23 14  99388 142327652 1399844 33160424    0    0 814160 592420 210866 754100 23  7 54 16  0  0
19 23  99388 142328096 1399852 33160516    0    0 836176 612032 217401 787046 24  8 53 15  0  0
26 12  99388 142319948 1399852 33160608    0    0 845200 625216 219931 809301 24  8 53 15  0  0
28  9  99388 142332756 1399852 33160692    0    0 853168 633244 220411 819463 24  8 53 15  0  0
28  9  99388 142326968 1399852 33160784    0    0 856752 620352 219749 817843 24  8 53 14  0  0
23 14  99388 142334776 1399856 33160868    0    0 855440 629196 221689 820003 24  9 53 14  0  0
28  8  99388 142339716 1399864 33160968    0    0 853856 635164 222233 815675 24  8 53 15  0  0
24 12  99388 142337580 1399864 33161032    0    0 864864 630404 221070 811436 24  7 54 15  0  0
23 19  99388 142337888 1399864 33161120    0    0 859536 623748 221848 815600 24  8 53 14  0  0
25 13  99388 142337440 1399872 33161204    0    0 850560 626756 220997 811198 24  8 53 14  0  0
22 25  99388 142320676 1399872 33161300    0    0 853920 620224 221316 812552 24  8 53 14  0  0
28 10  99388 142339428 1399876 33161392    0    0 854304 630320 222500 815032 24  8 53 15  0  0
24 13  99388 142351104 1399876 33161480    0    0 859296 625252 221897 814040 24  8 53 14  0  0
procs -----------memory---------- ---swap-- -----io---- -system-- -------cpu-------
 r  b   swpd   free   buff  cache   si   so    bi    bo   in   cs us sy id wa st gu
24 12  99388 142341776 1399876 33161568    0    0 854496 633780 222092 815396 24  8 53 14  0  0
26 14  99388 142363220 1399876 33161652    0    0 867744 636024 223554 818270 24  7 54 15  0  0
28  8  99388 142350092 1399876 33161744    0    0 843120 615756 220154 800670 24  8 54 14  0  0
24 14  99388 142329932 1399884 33161836    0    0 848704 615996 220701 805760 24  8 54 14  0  0
31 11  99388 142332700 1399884 33161924    0    0 828000 593648 214979 779498 23  8 53 15  0  0
26 16  99388 142327620 1399884 33162008    0    0 825712 611256 216771 780083 23  8 53 16  0  0
25 10  99388 142328508 1399888 33162096    0    0 852240 629100 221610 814636 24  8 53 14  0  0
24 16  99388 142317428 1399888 33162176    0    0 850752 616148 220104 802691 24  8 53 15  0  0
24 12  99388 142333608 1399888 33162276    0    0 861440 629132 220659 809562 24  7 54 15  0  0
29 12  99388 142349140 1399888 33162420    0    0 856288 625972 220926 811356 24  8 53 15  0  0
28  7  99388 142328076 1399888 33162500    0    0 856800 624620 221777 815562 24  8 53 14  0  0
28 10  99388 142311340 1399892 33162592    0    0 856944 637160 222699 816763 24  8 53 14  0  0
27 11  99388 142320772 1399892 33162680    0    0 857744 632576 222095 815399 24  8 53 14  0  0
31  8  99388 142315836 1399896 33162768    0    0 854320 631976 221460 815809 24  9 53 14  0  0
28  9  99388 142328340 1399896 33162856    0    0 857808 631104 220927 819497 24  8 53 15  0  0
21 13  99388 142346816 1399896 33162952    0    0 857984 631304 220586 815126 24  8 54 15  0  0
18 19  99388 142355228 1399896 33163020    0    0 860880 637116 222455 816122 24  8 54 15  0  0
26 14  99388 142346124 1399896 33163120    0    0 855584 622640 221701 816471 24  8 53 14  0  0
25 19  99388 142316476 1399904 33163216    0    0 855184 630304 221920 818359 24  8 53 14  0  0
25 11  99388 142332788 1399904 33163308    0    0 857776 628036 220722 818413 24  8 53 14  0  0
22 15  99388 142339908 1399912 33163396    0    0 857264 635624 222692 820731 24  8 53 14  0  0
procs -----------memory---------- ---swap-- -----io---- -system-- -------cpu-------
 r  b   swpd   free   buff  cache   si   so    bi    bo   in   cs us sy id wa st gu
23 17  99388 142338888 1399912 33163480    0    0 807248 577284 209190 751432 23  8 53 16  0  0
25 13  99388 142333848 1399912 33163576    0    0 852576 622688 220297 809003 24  8 53 15  0  0
23 13  99388 142346992 1399920 33163648    0    0 857344 622036 219069 801186 24  7 54 15  0  0
22 13  99388 142343704 1399920 33163736    0    0 846896 627684 220143 804853 24  8 53 15  0  0
28 13  99388 142337808 1399920 33163816    0    0 851488 621072 220998 808970 24  8 53 15  0  0
28  8  99388 142329360 1399920 33163912    0    0 852816 632468 222016 815639 24  8 53 14  0  0
29  8  99388 142338588 1399920 33164000    0    0 856592 622224 221429 813102 24  8 53 14  0  0
22 17  99388 142329472 1399920 33164092    0    0 856176 632696 222244 813410 24  8 53 14  0  0
22 14  99388 142319208 1399920 33164176    0    0 857936 628392 221982 816103 24  8 53 14  0  0
17 21  99388 142328208 1399920 33164256    0    0 863248 617832 220052 810331 24  7 54 15  0  0
27 12  99388 142326232 1399920 33164340    0    0 856208 630328 221675 813457 24  8 53 14  0  0
25 11  99388 142317648 1399920 33164436    0    0 850784 626212 221312 814151 24  8 53 14  0  0
19 16  99388 142317716 1399924 33164524    0    0 856208 627652 221625 812569 24  8 53 14  0  0
21 15  99388 142314988 1399928 33164620    0    0 851488 629444 220233 815704 24  8 53 14  0  0
26 12  99388 142341416 1399928 33164708    0    0 862208 628888 222141 817398 24  8 53 14  0  0
27 12  99388 142348312 1399928 33164804    0    0 857120 639888 222809 817475 24  9 53 14  0  0
30  8  99388 142356472 1399928 33164896    0    0 867520 631112 222458 816087 24  8 54 15  0  0
16 21  99388 142349880 1399936 33164972    0    0 798992 578016 207140 741402 22  7 54 17  0  0
19 18  99388 142337320 1399936 33165044    0    0 830912 602364 214912 778419 23  8 53 15  0  0
21 16  99388 142345784 1399936 33165136    0    0 849088 620808 220685 807649 24  8 53 15  0  0
24 11  99388 142323108 1399936 33165224    0    0 852224 628388 221973 812308 24  8 53 15  0  0
procs -----------memory---------- ---swap-- -----io---- -system-- -------cpu-------
 r  b   swpd   free   buff  cache   si   so    bi    bo   in   cs us sy id wa st gu
24 12  99388 142315584 1399936 33165304    0    0 846928 623452 219822 799952 24  8 53 15  0  0
30 10  99388 142327768 1399944 33165408    0    0 856176 616356 220938 809440 24  9 53 14  0  0
25 10  99388 142340168 1399952 33165500    0    0 863568 619364 221787 814111 24  8 54 15  0  0
25 14  99388 142335744 1399952 33165576    0    0 860528 624384 220051 804909 24  8 54 15  0  0
28 13  99388 142327032 1399952 33165672    0    0 857840 631544 221349 818102 24  9 53 14  0  0
21 23  99388 142334160 1399952 33165748    0    0 859024 621996 221993 817115 24  8 53 14  0  0
26 13  99388 142312624 1399960 33165844    0    0 856896 628816 221781 815469 24  8 53 14  0  0
28  9  99388 142322064 1399960 33165932    0    0 853232 631088 220857 808729 24  8 53 15  0  0
29 11  99388 142337800 1399960 33166020    0    0 854096 623168 220295 806741 24  8 53 15  0  0
24 12  99388 142321828 1399964 33166116    0    0 859476 623876 220656 809005 24  8 53 15  0  0
26 10  99388 142347860 1399964 33166200    0    0 865936 628380 222154 818482 24  7 54 15  0  0
28  8  99388 142337076 1399972 33166304    0    0 853104 625744 221020 813178 24  9 53 14  0  0
28  8  99388 142338564 1399972 33166388    0    0 854752 634784 222040 814028 24  8 53 15  0  0
27  8  99388 142329540 1399972 33166476    0    0 807872 584552 210404 760369 23  8 53 16  0  0
28 10  99388 142324944 1399972 33166552    0    0 817168 586984 211816 765969 23  8 53 16  0  0
27 12  99388 142319212 1399972 33166644    0    0 846048 627320 220002 804545 24  8 53 15  0  0
27 11  99388 142329236 1399980 33166732    0    0 849984 622812 220908 809468 24  8 53 15  0  0
19 16  99388 142355800 1399980 33166812    0    0 863328 627508 221363 811831 24  7 54 15  0  0
31  9  99388 142319620 1399980 33166900    0    0 851600 633492 221258 807723 24  8 53 15  0  0
23 15  99388 142316228 1399980 33166988    0    0 853488 617964 219870 806537 24  9 53 14  0  0
25 11  99388 142315700 1399980 33167080    0    0 854608 624368 220663 808745 24  8 53 14  0  0
procs -----------memory---------- ---swap-- -----io---- -system-- -------cpu-------
 r  b   swpd   free   buff  cache   si   so    bi    bo   in   cs us sy id wa st gu
21 19  99388 142312468 1399988 33167172    0    0 856416 633404 221458 814615 24  8 53 14  0  0
23 17  99388 142303964 1399988 33167256    0    0 857552 634488 221954 814635 24  8 53 14  0  0
27  8  99388 142312472 1399988 33167348    0    0 861328 622048 221953 815608 24  8 53 14  0  0
26 10  99388 142304980 1399988 33167444    0    0 857360 635856 221412 811442 24  7 54 15  0  0
27 10  99388 142316208 1399988 33167524    0    0 856960 629392 221821 811083 24  8 53 15  0  0
30  7  99388 142310748 1400004 33167600    0    0 856208 625816 221297 812389 24  8 53 15  0  0
26 13  99388 142315380 1400004 33167764    0    0 856432 632596 222763 818503 24  8 53 14  0  0
27 10  99388 142308804 1400004 33167860    0    0 857888 627192 221460 812652 24  8 53 14  0  0
24 13  99388 142314508 1400004 33167948    0    0 857296 630836 221523 813354 24  8 53 14  0  0
30 19  99388 142310164 1400004 33168032    0    0 804592 581912 208923 752185 23  8 53 16  0  0
21 19  99388 142317364 1400008 33168112    0    0 862192 638424 222567 813258 24  8 54 15  0  0
31  6  99388 142322148 1400008 33168196    0    0 814496 575908 209551 754536 23  7 54 16  0  0
25 12  99388 142315076 1400008 33168292    0    0 853632 633320 221431 811366 24  8 53 14  0  0
23 12  99388 142310304 1400008 33168376    0    0 849792 619400 219975 804438 24  9 53 15  0  0
21 17  99388 142309048 1400012 33168456    0    0 853616 619564 221229 813240 24  8 53 14  0  0
33  6  99388 142303632 1400016 33168544    0    0 852304 632888 221068 810320 24  8 53 15  0  0
26 11  99388 142301292 1400016 33168648    0    0 857200 630716 222140 817714 24  8 53 15  0  0
20 14  99388 142318996 1400016 33168744    0    0 857440 625152 220588 815317 24  8 53 14  0  0
29  8  99388 142329868 1400016 33168824    0    0 869744 637388 221321 823527 24  7 54 15  0  0
19 18  99388 142303676 1400016 33168904    0    0 855584 631440 221853 816490 24  8 53 14  0  0
26 10  99388 142301272 1400020 33168996    0    0 857936 626340 222178 818398 24  8 53 14  0  0
procs -----------memory---------- ---swap-- -----io---- -system-- -------cpu-------
 r  b   swpd   free   buff  cache   si   so    bi    bo   in   cs us sy id wa st gu
17 20  99388 142310252 1400020 33169084    0    0 860928 632588 221783 812488 24  8 53 15  0  0
31  8  99388 142300276 1400020 33169172    0    0 854128 628508 221528 813084 24  8 53 14  0  0
24 13  99388 142289964 1400020 33169256    0    0 857952 634484 222469 814581 24  8 53 14  0  0
31  9  99388 142299072 1400024 33169344    0    0 857568 626796 222129 815578 24  8 53 14  0  0
29  9  99388 142314048 1400032 33169444    0    0 865552 637740 223340 816049 23  7 55 15  0  0
32 10  99388 142316264 1400032 33169524    0    0 806848 575584 209034 748149 23  8 53 16  0  0
31  6  99388 142305408 1400032 33169612    0    0 857280 628936 221751 814334 24  8 53 14  0  0
26 12  99388 142290732 1400032 33169692    0    0 852576 633824 221707 814661 24  8 53 15  0  0
21 14  99388 142303324 1400040 33169780    0    0 806048 585740 211241 758659 23  8 54 16  0  0
25 16  99388 142301212 1400044 33169868    0    0 850752 625260 221122 808968 24  9 53 15  0  0
28 10  99388 142300316 1400044 33169960    0    0 854336 627676 221346 811777 24  8 53 15  0  0
25 19  99388 142314824 1400044 33170040    0    0 860832 629024 221357 812268 24  7 54 15  0  0
29  5  99388 142300460 1400044 33170128    0    0 857600 619032 220355 815080 24  8 53 15  0  0
26 11  99388 142320372 1400048 33170224    0    0 855840 630012 222169 812317 24  8 53 14  0  0
25 11  99388 142306568 1400052 33170316    0    0 856000 632488 222122 815598 24  8 53 14  0  0
24 16  99388 142302996 1400052 33170404    0    0 858816 630236 221806 814207 24  8 53 14  0  0
31 10  99388 142309160 1400052 33170492    0    0 857872 617708 221473 811584 24  8 53 14  0  0
30 10  99388 142294288 1400052 33170584    0    0 856464 627936 221438 811263 24  9 53 14  0  0
28  7  99388 142307268 1400056 33170676    0    0 861520 632948 222028 815460 24  8 54 15  0  0
24 12  99388 142312576 1400064 33170752    0    0 861888 627072 221286 814039 24  8 54 15  0  0
31 11  99388 142303432 1400064 33170836    0    0 856000 629380 221622 811548 24  8 53 14  0  0
procs -----------memory---------- ---swap-- -----io---- -system-- -------cpu-------
 r  b   swpd   free   buff  cache   si   so    bi    bo   in   cs us sy id wa st gu
22 14  99388 142309544 1400064 33170928    0    0 854992 625728 220650 812984 24  8 53 15  0  0
33 20  99388 142299004 1400064 33171016    0    0 805536 587360 209487 752249 23  8 53 16  0  0
15 21  99388 142292080 1400064 33171108    0    0 856976 622464 221556 810509 24  9 53 14  0  0
23 13  99388 142294360 1400072 33171196    0    0 850928 617820 220470 806095 24  8 53 14  0  0
29  9  99388 142306100 1400072 33171284    0    0 859408 632100 220731 807473 24  8 54 15  0  0
23 14  99388 142319040 1400072 33171364    0    0 809600 573048 207483 745918 22  7 54 17  0  0
20 16  99388 142307304 1400076 33171452    0    0 853120 626220 220281 809645 24  8 53 14  0  0
27 10  99388 142309640 1400076 33171548    0    0 853056 618492 221257 811757 24  8 53 14  0  0
23 11  99388 142300592 1400084 33171632    0    0 853056 626108 221067 807834 24  8 53 15  0  0
24 14  99388 142293996 1400084 33171716    0    0 855632 629004 221424 809386 24  8 53 15  0  0
22 18  99388 142312984 1400084 33171812    0    0 856048 627068 221578 814042 24  9 53 14  0  0
17 29  99388 142313564 1400088 33171900    0    0 858944 630748 222008 811724 24  8 53 15  0  0
26 10  99388 142321372 1400088 33171980    0    0 866624 626804 222092 813169 24  7 54 15  0  0
26 10  99388 142293304 1400092 33172068    0    0 853328 636640 221031 810842 24  8 53 15  0  0
28  9  99388 142287836 1400092 33172156    0    0 856816 638604 221811 813092 24  8 53 14  0  0
25 12  99388 142305704 1400092 33172252    0    0 854720 632140 221966 815792 24  8 53 14  0  0
37  6  99388 142300092 1400100 33172332    0    0 856128 621632 221242 810609 24  8 53 14  0  0
30  7  99388 142289248 1400100 33172428    0    0 855424 631440 221529 813002 24  8 53 14  0  0
23 14  99388 142280580 1400104 33172516    0    0 810352 583000 210094 757846 23  8 53 16  0  0
24 13  99388 142298764 1400104 33172596    0    0 865552 627928 221660 814411 24  7 54 15  0  0
20 16  99388 142306792 1400104 33172688    0    0 851712 634600 222013 813408 24  8 53 15  0  0
procs -----------memory---------- ---swap-- -----io---- -system-- -------cpu-------
 r  b   swpd   free   buff  cache   si   so    bi    bo   in   cs us sy id wa st gu
34 10  99388 142290188 1400112 33172760    0    0 856384 626628 222477 812701 24  8 53 14  0  0
28 15  99388 142295472 1400112 33172864    0    0 842720 618484 219026 795523 24  8 53 15  0  0
15 21  99388 142288420 1400116 33172952    0    0 817888 592988 212017 762242 23  8 53 16  0  0
20 14  99388 142292524 1400116 33173104    0    0 855408 622352 221452 811086 24  8 53 14  0  0
27 10  99388 142284932 1400120 33173184    0    0 856112 606464 219727 800566 24  8 53 14  0  0
25 16  99388 142309916 1400120 33173288    0    0 859776 625088 219379 801307 23  7 54 15  0  0
25 14  99388 142318324 1400120 33173372    0    0 860464 619456 220166 805291 24  8 54 15  0  0
33  7  99388 142296248 1400124 33173472    0    0 852848 621884 221154 809032 24  8 53 14  0  0
27 12  99388 142291700 1400124 33173560    0    0 854128 621536 220498 805796 24  9 53 14  0  0
25 13  99388 142295288 1400124 33173652    0    0 855312 615728 220461 810842 24  8 53 14  0  0
34  7  99388 142299044 1400124 33173748    0    0 854096 615356 220609 809776 24  8 53 14  0  0
24 13  99388 142272724 1400124 33173824    0    0 857216 627868 221803 804407 24  8 53 14  0  0
27 10  99388 142270612 1400132 33173916    0    0 856960 628840 221170 810021 24  8 54 14  0  0
31  7  99388 142270556 1400132 33173992    0    0 858624 637044 222303 814946 24  7 54 15  0  0
30 13  99388 142246460 1400140 33174076    0    0 807328 581912 209800 754022 23  8 53 16  0  0
32  7  99388 142257456 1400140 33174184    0    0 857040 629688 222210 815768 24  8 53 14  0  0
28 11  99388 142276640 1400140 33174268    0    0 852000 628920 222494 813175 24  8 53 14  0  0
35  7  99388 142280668 1400148 33174348    0    0 858736 615800 221341 812505 24  8 53 14  0  0
24 12  99388 142260992 1400148 33174448    0    0 849184 627092 221407 809018 24  8 53 15  0  0
25 10  99388 142256048 1400148 33174532    0    0 804752 581396 209260 750047 23  8 53 16  0  0
26 16  99388 142261628 1400148 33174616    0    0 865024 625524 220756 811957 24  7 54 15  0  0
procs -----------memory---------- ---swap-- -----io---- -system-- -------cpu-------
 r  b   swpd   free   buff  cache   si   so    bi    bo   in   cs us sy id wa st gu
26 19  99388 142280000 1400148 33174708    0    0 855328 622668 221395 811422 24  8 53 14  0  0
23 11  99388 142279572 1400152 33174788    0    0 859312 627208 222083 813333 24  8 53 14  0  0
28 12  99388 142281404 1400152 33174888    0    0 850064 626628 221060 807162 24  8 53 15  0  0
29  9  99388 142291000 1400152 33174988    0    0 852416 623492 221381 808554 24  8 53 14  0  0
35  9  99388 142297928 1400152 33175076    0    0 851392 630604 220886 810840 24  8 53 14  0  0
33  5  99388 142286848 1400152 33175160    0    0 854992 632828 222097 813904 24  9 53 14  0  0
32  4  99388 142290888 1400160 33175256    0    0 864832 637284 223069 815079 24  7 54 15  0  0
27 11  99388 142295656 1400160 33175336    0    0 857152 633136 221887 814648 24  8 53 14  0  0
26  9  99388 142286844 1400160 33175428    0    0 854800 625604 221854 815763 24  8 53 14  0  0
25 10  99388 142279244 1400160 33175520    0    0 853152 637172 221658 811510 24  8 53 14  0  0
25 13  99388 142277772 1400160 33175604    0    0 826544 596404 214402 775541 23  8 53 15  0  0
26 12  99388 142291700 1400168 33175692    0    0 832240 618264 217306 789220 24  8 53 15  0  0
24 20  99388 142268420 1400168 33175776    0    0 855856 618448 220644 807231 24  8 53 15  0  0
27  8  99388 142288080 1400168 33175860    0    0 860992 631748 221988 814593 24  8 54 15  0  0
30  8  99388 142304940 1400168 33175944    0    0 853888 627128 220778 806136 24  8 54 15  0  0
14 21  99388 142308912 1400168 33176028    0    0 850320 621892 220737 808519 24  8 53 15  0  0
31 13  99388 142295444 1400176 33176116    0    0 806080 582044 209683 753646 23  8 53 16  0  0
26 16  99388 142285076 1400176 33176224    0    0 856976 630160 221325 810165 24  8 53 15  0  0
18 22  99388 142280980 1400184 33176308    0    0 857632 629072 221824 810837 24  8 53 15  0  0
26 12  99388 142274508 1400184 33176400    0    0 852784 619340 221137 808369 24  8 53 15  0  0
26 12  99388 142291048 1400184 33176500    0    0 857520 632748 221073 812684 24  8 54 15  0  0
procs -----------memory---------- ---swap-- -----io---- -system-- -------cpu-------
 r  b   swpd   free   buff  cache   si   so    bi    bo   in   cs us sy id wa st gu
29  8  99388 142294192 1400192 33176568    0    0 866496 625436 221475 812233 24  7 54 15  0  0
23 19  99388 142301496 1400192 33176656    0    0 852000 629912 221442 809499 24  8 53 14  0  0
30 11  99388 142286124 1400192 33176740    0    0 857808 625980 221313 812536 24  8 53 14  0  0
24 13  99388 142285176 1400192 33176828    0    0 858080 627928 222474 817628 24  8 53 14  0  0
24 10  99388 142287896 1400192 33176924    0    0 859520 634468 222050 815420 24  8 53 15  0  0
26 11  99388 142297152 1400196 33177020    0    0 855168 620160 221342 811584 24  8 53 14  0  0
23 11  99388 142289296 1400204 33177104    0    0 826160 598044 213415 772505 23  8 53 16  0  0
23 24  99388 142298600 1400204 33177192    0    0 844096 616108 216295 786411 23  7 54 16  0  0
20 23  99388 142290840 1400204 33177280    0    0 858832 614760 220647 810276 24  8 53 14  0  0
26 10  99388 142284368 1400204 33177372    0    0 857024 632992 222360 814448 24  8 53 15  0  0
31  8  99388 142284004 1400212 33177464    0    0 850528 626352 221440 807558 24  8 53 15  0  0
25 13  99388 142273800 1400212 33177548    0    0 856816 627376 221210 813619 24  8 53 15  0  0
20 17  99388 142271936 1400212 33177644    0    0 842624 617428 217622 798047 24  8 53 15  0  0
26 16  99388 142281548 1400212 33177728    0    0 818128 600260 212745 767879 23  8 53 16  0  0
27  9  99388 142300072 1400212 33177828    0    0 865856 626100 222351 819339 24  7 54 15  0  0
29 12  99388 142295208 1400220 33177908    0    0 856448 629612 221805 811511 24  8 53 15  0  0
33  6  99388 142267288 1400220 33178000    0    0 833664 621364 232365 793042 24  8 53 14  0  0
28  9  99388 142264660 1400220 33178080    0    0 844320 616048 238989 803124 24  8 53 14  0  0
20 21  99388 142266688 1400220 33178176    0    0 841200 628472 223780 801839 24  8 53 14  0  0
32 12  99388 142262128 1400220 33178272    0    0 843376 613712 220800 794811 24  8 54 14  0  0
24 19  99388 142267868 1400228 33178368    0    0 840368 612504 221750 795365 24  8 53 14  0  0
procs -----------memory---------- ---swap-- -----io---- -system-- -------cpu-------
 r  b   swpd   free   buff  cache   si   so    bi    bo   in   cs us sy id wa st gu
26  9  99388 142266196 1400232 33178516    0    0 852288 630676 223244 811621 24  8 54 15  0  0
32  7  99388 142256008 1400232 33178596    0    0 852096 622804 221373 808253 24  8 54 14  0  0
30 11  99388 142234620 1400232 33178688    0    0 808480 587080 211250 760425 23  8 53 16  0  0
16 22  99388 142248656 1400232 33178776    0    0 850240 625296 220569 805730 24  9 53 15  0  0
29 10  99388 142272744 1400236 33178872    0    0 853456 620724 221238 808677 24  8 53 15  0  0
23 12  99388 142264368 1400236 33178952    0    0 852192 630328 221118 811535 24  9 53 14  0  0
25 15  99388 142281456 1400236 33179040    0    0 850368 615732 219473 802172 24  9 53 15  0  0
26 10  99388 142268956 1400236 33179132    0    0 856304 629220 220677 807616 24  8 54 15  0  0
25 12  99388 142296400 1400236 33179216    0    0 855168 636192 221260 813237 24  8 54 15  0  0
26 12  99388 142287480 1400244 33179308    0    0 835328 603236 216461 790264 24  8 53 15  0  0
26 11  99388 142285308 1400248 33179400    0    0 821872 601484 214090 776175 23  8 53 15  0  0
25 10  99388 142295232 1400248 33179488    0    0 854992 630264 221802 811973 24  8 53 14  0  0
29  9  99388 142281976 1400248 33179572    0    0 856848 625016 221775 815972 24  8 53 14  0  0
26 11  99388 142276716 1400248 33179660    0    0 851248 632892 221190 808327 24  8 53 15  0  0
23 14  99388 142257756 1400256 33179760    0    0 856208 623056 221335 808093 24  8 53 15  0  0
30  6  99388 142258188 1400256 33179828    0    0 860416 628756 221190 813128 24  7 54 15  0  0
29  8  99388 142277332 1400256 33179916    0    0 855120 629792 222131 813165 24  8 53 14  0  0
22 12  99388 142294416 1400256 33180000    0    0 847120 627256 220463 807496 24  8 53 14  0  0
23 30  99388 142274256 1400256 33180092    0    0 850960 623192 221198 806316 24  8 53 14  0  0
26 12  99388 142268880 1400268 33180196    0    0 809504 584456 210317 757902 23  8 53 16  0  0
26 10  99388 142274792 1400268 33180284    0    0 851520 625444 221225 809068 24  8 53 15  0  0
procs -----------memory---------- ---swap-- -----io---- -system-- -------cpu-------
 r  b   swpd   free   buff  cache   si   so    bi    bo   in   cs us sy id wa st gu
16 24  99388 142268756 1400268 33180376    0    0 851376 632124 221388 811079 24  8 53 15  0  0
22 14  99388 142279508 1400268 33180464    0    0 864448 625184 221776 813107 24  7 54 15  0  0
22 13  99388 142288196 1400268 33180548    0    0 849584 625620 219762 802618 24  8 53 15  0  0
19 20  99388 142281512 1400276 33180636    0    0 853216 617960 220701 807036 24  8 53 15  0  0
30  6  99388 142283588 1400276 33180716    0    0 854592 627400 221252 811420 24  9 53 14  0  0
21 16  99388 142281792 1400276 33180816    0    0 855344 622316 221732 811852 24  9 53 14  0  0
25 11  99388 142289376 1400276 33180904    0    0 832720 607532 215486 783582 24  8 53 15  0  0
20 15  99388 142262688 1400276 33181000    0    0 832576 598556 215337 780120 23  8 53 15  0  0
28  8  99388 142280592 1400284 33181088    0    0 860928 633484 222405 813216 24  7 54 15  0  0
26 10  99388 142275072 1400284 33181156    0    0 854640 619008 220291 804921 24  8 53 15  0  0
32  8  99388 142269836 1400284 33181252    0    0 849024 625196 220874 806299 24  8 53 15  0  0
29 10  99388 142260780 1400284 33181336    0    0 855408 622644 220119 814168 24  8 53 15  0  0
25 10  99388 142273100 1400284 33181424    0    0 856512 629012 220671 811553 24  8 53 15  0  0
29 18  99388 142267812 1400296 33181516    0    0 854640 635456 221326 812610 24  8 53 15  0  0
23 14  99388 142293004 1400296 33181612    0    0 858816 622444 220714 816541 24  8 53 14  0  0
31  8  99388 142297880 1400296 33181696    0    0 855264 626740 219925 804113 23  8 54 15  0  0
32  7  99388 142283456 1400296 33181788    0    0 810192 592836 209997 753650 23  7 53 16  0  0
31  9  99388 142273572 1400296 33181868    0    0 850640 623680 220252 807681 24  8 53 14  0  0
25 12  99388 142287036 1400304 33181956    0    0 853328 626724 221464 811533 24  8 53 15  0  0
28  7  99388 142285084 1400304 33182048    0    0 848560 631172 221197 806896 24  8 53 15  0  0
24 11  99388 142277728 1400304 33182144    0    0 854704 622716 221485 810187 24  8 53 15  0  0
procs -----------memory---------- ---swap-- -----io---- -system-- -------cpu-------
 r  b   swpd   free   buff  cache   si   so    bi    bo   in   cs us sy id wa st gu
26 10  99388 142269660 1400304 33182228    0    0 856208 637232 221786 809896 24  8 53 15  0  0
27  8  99388 142283584 1400304 33182316    0    0 861888 623000 220813 814558 24  8 53 15  0  0
22 13  99388 142299600 1400312 33182400    0    0 864704 636728 222224 822189 24  8 54 15  0  0
25 14  99388 142294596 1400312 33182484    0    0 810768 594876 210285 764711 23  8 53 16  0  0
29 11  99388 142278876 1400312 33182572    0    0 857264 630508 221958 814155 24  8 53 14  0  0
27 11  99388 142287188 1400312 33182652    0    0 852864 622752 221213 813053 24  9 53 14  0  0
23 12  99388 142264044 1400320 33182736    0    0 852848 628400 221001 810855 24  8 53 15  0  0
20 15  99388 142263820 1400328 33182828    0    0 850896 628644 220189 806408 24  8 53 15  0  0
25 11  99388 142294116 1400328 33182928    0    0 857184 630872 221436 814221 24  8 53 15  0  0
28 17  99388 142300568 1400328 33183012    0    0 866512 632540 221999 819561 24  7 54 15  0  0
25  9  99388 142292984 1400328 33183092    0    0 858160 625708 221744 814659 24  8 53 15  0  0
26  9  99388 142285692 1400328 33183188    0    0 857296 632248 221705 814568 24  9 53 14  0  0
34 11  99388 142276580 1400332 33183288    0    0 800496 578268 209011 747806 23  8 53 16  0  0
26 10  99388 142256692 1400332 33183384    0    0 846080 615404 222332 800850 24  8 53 14  0  0
28  9  99388 142267404 1400332 33183468    0    0 847792 627944 220642 808158 24  8 53 14  0  0
26 11  99388 142249712 1400332 33183556    0    0 851568 627164 221047 808869 24  8 53 14  0  0
28  9  99388 142270376 1400332 33183640    0    0 857920 629692 221130 807219 24  7 54 15  0  0
24 13  99388 142264876 1400336 33183720    0    0 857648 630544 221743 813446 24  8 53 15  0  0
27 10  99388 142269036 1400336 33183888    0    0 853440 631256 222212 812513 24  8 53 14  0  0
35  8  99388 142257812 1400336 33183972    0    0 858880 620644 221218 812013 24  8 53 14  0  0
