procs -----------memory---------- ---swap-- -----io---- -system-- -------cpu-------
 r  b   swpd   free   buff  cache   si   so    bi    bo   in   cs us sy id wa st gu
 5  0  99388 141716624 1404608 33349896    0    1 11192 15280 8829    2  2  0 98  0  0  0
 1  0  99388 141695540 1404616 33350036    0    0     0 320200 96668 61605  1  1 98  0  0  0
66  0  99388 141685196 1404616 33350156    0    0     0 320004 96948 76743 79  2 19  0  0  0
60  0  99388 141683668 1404616 33350244    0    0     0 320004 110694 66433 79  2 19  0  0  0
29 40  99388 141575848 1404616 33350332    0    0 495264 454952 236627 523353 52  8 35  6  0  0
48 21  99388 141532268 1404620 33350432    0    0 1441552 656580 276695 1175538 45 15 23 17  0  0
47 25  99388 141519284 1404628 33350524    0    0 1423072 719812 296369 1177783 45 15 23 17  0  0
44 27  99388 141510964 1404628 33350604    0    0 1361712 744244 265494 1130243 42 13 25 20  0  0
47 24  99388 141515384 1404628 33350676    0    0 1362256 727076 264311 1127945 42 13 25 20  0  0
49 24  99388 141501060 1404628 33350764    0    0 1377856 759504 276453 1152012 42 14 24 19  0  0
45 28  99388 141527328 1404632 33350860    0    0 1408432 781444 277130 1178077 44 15 23 18  0  0
54 19  99388 141523136 1404636 33350952    0    0 1413456 785068 277974 1182427 44 15 23 18  0  0
48 26  99388 141514640 1404636 33351032    0    0 1403552 802148 277786 1178880 45 15 23 18  0  0
50 20  99388 141507292 1404636 33351120    0    0 1306800 765816 262920 1093125 43 14 24 20  0  0
49 20  99388 141516580 1404636 33351216    0    0 1330704 814284 269216 1126659 43 14 24 19  0  0
52 17  99388 141504756 1404640 33351308    0    0 1338912 820256 274056 1136158 45 15 23 17  0  0
45 21  99388 141511852 1404644 33351388    0    0 1344208 842272 274273 1138701 45 14 23 18  0  0
42 30  99388 141509120 1404644 33351484    0    0 1331888 862472 275930 1137655 45 16 22 17  0  0
40 28  99388 141515048 1404644 33351568    0    0 1327936 867268 274557 1134495 45 16 22 17  0  0
63 11  99388 141492940 1404644 33351656    0    0 1327152 874804 275163 1132119 45 15 22 17  0  0
43 24  99388 141493304 1404644 33351748    0    0 1256096 828520 260425 1067703 42 14 24 20  0  0
procs -----------memory---------- ---swap-- -----io---- -system-- -------cpu-------
 r  b   swpd   free   buff  cache   si   so    bi    bo   in   cs us sy id wa st gu
53 21  99388 141517564 1404656 33351832    0    0 1283120 807564 263936 1091491 43 15 23 19  0  0
48 21  99388 141515624 1404656 33352004    0    0 1334048 836304 274374 1134806 45 15 22 17  0  0
52 15  99388 141504020 1404656 33352084    0    0 1344128 844308 276674 1145255 45 16 22 17  0  0
48 25  99388 141489856 1404656 33352172    0    0 1341120 847948 358978 1144082 45 14 23 17  0  0
44 27  99388 141452436 1404668 33352240    0    0 1258452 793348 324085 1070298 43 15 23 19  0  0
47 22  99388 141450116 1404680 33352340    0    0 1302864 818004 290685 1110700 44 15 23 18  0  0
45 31  99388 141447496 1404680 33352428    0    0 1328640 836148 273972 1132977 45 16 22 17  0  0
38 33  99388 141451836 1404680 33352520    0    0 1338592 839696 275231 1140301 45 16 22 17  0  0
58 25  99388 141470648 1404684 33352616    0    0 1338928 836176 274893 1143574 45 16 22 17  0  0
44 26  99388 141452696 1404684 33352696    0    0 1233728 762876 252518 1042110 41 14 24 21  0  0
52 24  99388 141480568 1404692 33352804    0    0 1226384 758680 250011 1027643 40 13 25 21  0  0
54 22  99388 141484332 1404692 33352892    0    0 1223168 759816 248484 1021126 40 12 25 23  0  0
48 19  99388 141475072 1404692 33352976    0    0 1221136 765364 249046 1027191 40 12 25 22  0  0
43 28  99388 141468296 1404692 33353072    0    0 1204288 746788 247421 1014289 40 13 25 22  0  0
52 18  99388 141480180 1404692 33353156    0    0 1215056 760220 249047 1022807 40 13 25 22  0  0
43 28  99388 141480264 1404700 33353260    0    0 1218816 772112 250539 1026354 41 13 24 22  0  0
32 48  99388 141482852 1404700 33353340    0    0 1214912 760700 247588 1020326 40 13 25 22  0  0
47 25  99388 141486568 1404700 33353436    0    0 1200000 746604 244813 1005759 40 13 25 23  0  0
43 31  99388 141487848 1404700 33353528    0    0 1302256 824800 268366 1104714 44 15 23 19  0  0
35 39  99388 141495352 1404700 33353616    0    0 1300080 829048 267416 1109114 43 14 24 19  0  0
38 33  99388 141511764 1404708 33353696    0    0 1286384 832992 266984 1095418 43 13 25 19  0  0
procs -----------memory---------- ---swap-- -----io---- -system-- -------cpu-------
 r  b   swpd   free   buff  cache   si   so    bi    bo   in   cs us sy id wa st gu
47 22  99388 141510932 1404708 33353792    0    0 1296992 828256 267438 1108271 44 15 23 19  0  0
47 23  99388 141498192 1404712 33353868    0    0 1289904 835040 267250 1101608 43 15 23 18  0  0
59 16  99388 141477016 1404712 33353972    0    0 1298704 836464 268048 1105726 43 15 23 19  0  0
35 42  99388 141479740 1404712 33354068    0    0 1286416 831196 266366 1098157 43 15 23 19  0  0
37 38  99388 141487708 1404720 33354152    0    0 1294800 829952 267344 1105408 43 15 23 19  0  0
43 30  99388 141482772 1404720 33354248    0    0 1323120 843028 274045 1134660 45 16 22 17  0  0
40 35  99388 141482052 1404720 33354340    0    0 1336912 864780 275405 1140224 45 16 22 17  0  0
44 36  99388 141487128 1404720 33354428    0    0 1331728 853380 271620 1134006 44 14 24 18  0  0
41 31  99388 141493948 1404720 33354508    0    0 1260608 799932 258637 1064837 42 13 24 21  0  0
50 22  99388 141487456 1404724 33354600    0    0 1332192 867728 274917 1137358 45 16 22 17  0  0
45 26  99388 141488680 1404724 33354676    0    0 1332224 862684 275471 1144559 45 15 22 17  0  0
44 27  99388 141469776 1404732 33354772    0    0 1338112 869392 276624 1143914 45 15 22 17  0  0
56 17  99388 141481264 1404732 33354852    0    0 1332112 880036 276978 1145345 45 16 22 17  0  0
48 35  99388 141489928 1404732 33354936    0    0 1337984 871072 276919 1145708 45 16 22 17  0  0
44 32  99388 141498840 1404732 33355028    0    0 1309584 842892 307638 1127983 45 16 23 17  0  0
37 33  99388 141483240 1404732 33355132    0    0 1322688 851012 274550 1133644 45 15 23 18  0  0
31 43  99388 141466600 1404732 33355216    0    0 1321776 856600 273183 1128693 45 14 23 18  0  0
43 36  99388 141445064 1404732 33355300    0    0 1333136 858132 277109 1144247 46 16 22 17  0  0
54 24  99388 141444968 1404732 33355384    0    0 1338736 859876 276780 1147013 45 16 22 17  0  0
45 26  99388 141464028 1404744 33355468    0    0 1272624 814024 263139 1088759 43 15 23 19  0  0
38 25  99388 141485744 1404744 33355580    0    0 1306368 849516 269681 1113899 44 15 23 18  0  0
procs -----------memory---------- ---swap-- -----io---- -system-- -------cpu-------
 r  b   swpd   free   buff  cache   si   so    bi    bo   in   cs us sy id wa st gu
49 22  99388 141483676 1404744 33355660    0    0 1334784 865424 276186 1142860 45 16 22 17  0  0
50 18  99388 141445976 1404744 33355744    0    0 1330848 870212 276590 1142888 45 15 22 17  0  0
42 35  99388 141439908 1404744 33355836    0    0 1336288 861916 277349 1148574 46 16 22 17  0  0
56 15  99388 141456788 1404760 33355936    0    0 1342496 876560 277823 1154707 45 14 23 18  0  0
50 22  99388 141497636 1404760 33356036    0    0 1336464 864260 276787 1142896 45 15 22 17  0  0
39 36  99388 141481856 1404760 33356120    0    0 1320000 858872 275550 1134761 45 15 22 18  0  0
56 17  99388 141465048 1404764 33356208    0    0 1327024 857624 276451 1140205 45 15 22 17  0  0
50 24  99388 141459408 1404764 33356296    0    0 1315968 853516 273166 1127205 45 15 23 18  0  0
57 18  99388 141452588 1404772 33356384    0    0 1332928 869040 276772 1144917 45 16 22 17  0  0
50 24  99388 141464424 1404772 33356480    0    0 1330400 865856 289025 1140746 45 16 22 17  0  0
45 26  99388 141455572 1404772 33356568    0    0 1236848 799200 255395 1047620 41 14 24 21  0  0
55 18  99388 141449296 1404772 33356648    0    0 1329920 870392 277084 1146163 45 15 23 17  0  0
39 42  99388 141458592 1404772 33356736    0    0 1335008 871112 275711 1140550 45 15 23 18  0  0
38 35  99388 141465792 1404780 33356828    0    0 1333952 868316 276724 1145861 46 16 22 17  0  0
38 36  99388 141463060 1404780 33356904    0    0 1339280 872444 278656 1150700 46 16 22 17  0  0
50 27  99388 141449636 1404780 33356992    0    0 1331856 873292 276511 1144246 46 15 22 17  0  0
48 23  99388 141466436 1404780 33357088    0    0 1330112 864804 276592 1140771 45 16 22 17  0  0
55 16  99388 141471648 1404780 33357164    0    0 1319408 849572 273747 1127803 44 15 23 18  0  0
44 30  99388 141452848 1404788 33357260    0    0 1322592 854060 274743 1131901 45 15 22 17  0  0
59 17  99388 141462628 1404788 33357420    0    0 1332416 868408 276804 1141164 45 15 22 17  0  0
51 20  99388 141470856 1404792 33357504    0    0 1339088 877160 275492 1146606 45 14 24 18  0  0
procs -----------memory---------- ---swap-- -----io---- -system-- -------cpu-------
 r  b   swpd   free   buff  cache   si   so    bi    bo   in   cs us sy id wa st gu
50 23  99388 141487448 1404792 33357600    0    0 1303504 838880 266454 1106263 44 14 23 19  0  0
53 25  99388 141475648 1404792 33357676    0    0 1286640 831396 265187 1099429 43 14 23 19  0  0
55 21  99388 141472288 1404796 33357776    0    0 1338672 862704 276843 1148913 45 15 22 17  0  0
51 23  99388 141469224 1404796 33357856    0    0 1331216 873640 276278 1141238 45 16 22 17  0  0
41 39  99388 141454472 1404796 33357952    0    0 1339200 870256 276143 1145075 45 15 22 17  0  0
39 28  99388 141474904 1404796 33358040    0    0 1341376 871388 276986 1148393 45 15 22 17  0  0
40 30  99388 141466416 1404796 33358120    0    0 1331520 870060 275805 1140758 45 16 22 17  0  0
53 18  99388 141449688 1404800 33358216    0    0 1323504 854980 273533 1129887 44 15 23 18  0  0
35 33  99388 141470136 1404800 33358292    0    0 1338256 867568 275232 1145734 45 14 23 18  0  0
55 18  99388 141465676 1404808 33358396    0    0 1325056 853688 275422 1135062 45 15 22 17  0  0
46 26  99388 141482516 1404808 33358480    0    0 1334240 877440 277819 1149848 45 16 22 17  0  0
40 31  99388 141467456 1404808 33358564    0    0 1337296 869868 277434 1146302 45 15 22 17  0  0
37 32  99388 141480028 1404816 33358648    0    0 1238976 796668 256153 1050588 41 14 24 21  0  0
46 35  99388 141460044 1404816 33358752    0    0 1330624 863272 275218 1139444 45 15 22 17  0  0
47 29  99388 141452288 1404816 33358844    0    0 1337424 868732 276571 1145837 45 16 22 17  0  0
54 26  99388 141456192 1404816 33358940    0    0 1336240 863444 276691 1147099 45 15 22 17  0  0
46 26  99388 141454432 1404816 33359028    0    0 1348592 873592 276929 1157827 45 14 23 18  0  0
36 49  99388 141476564 1404824 33359120    0    0 1334272 881036 276339 1144586 45 15 23 18  0  0
41 35  99388 141479428 1404824 33359208    0    0 1334368 875688 276766 1145978 45 15 22 17  0  0
39 29  99388 141478764 1404824 33359300    0    0 1320480 858888 285294 1132987 45 15 22 18  0  0
49 26  99388 141439560 1404824 33359376    0    0 1329712 869140 275715 1138367 45 15 22 17  0  0
procs -----------memory---------- ---swap-- -----io---- -system-- -------cpu-------
 r  b   swpd   free   buff  cache   si   so    bi    bo   in   cs us sy id wa st gu
43 32  99388 141456260 1404824 33359464    0    0 1317488 863940 273681 1127149 45 15 22 18  0  0
50 27  99388 141446864 1404832 33359552    0    0 1336240 868560 276617 1149048 45 16 22 17  0  0
27 50  99388 141446644 1404832 33359636    0    0 1306784 847804 269381 1113329 44 15 23 18  0  0
59 18  99388 141458456 1404832 33359728    0    0 1270640 825520 261836 1081507 42 14 24 20  0  0
52 17  99388 141470376 1404836 33359804    0    0 1341104 882036 276008 1151373 45 15 23 17  0  0
54 19  99388 141481428 1404836 33359896    0    0 1335600 868316 275942 1146459 45 16 22 17  0  0
37 35  99388 141459988 1404844 33359992    0    0 1332624 871252 275837 1141977 45 15 22 17  0  0
39 29  99388 141439500 1404844 33360084    0    0 1341616 874100 277183 1147626 45 16 22 17  0  0
42 30  99388 141447804 1404844 33360168    0    0 1334400 865956 275781 1145738 45 16 22 17  0  0
55 17  99388 141460988 1404844 33360260    0    0 1318880 856796 273665 1129625 45 15 22 18  0  0
44 27  99388 141461108 1404844 33360352    0    0 1330592 861332 274851 1143901 45 15 22 17  0  0
57 17  99388 141456740 1404852 33360448    0    0 1329360 861956 276424 1145375 45 15 22 17  0  0
50 22  99388 141460748 1404852 33360524    0    0 1327856 876060 274021 1139488 44 14 24 18  0  0
46 26  99388 141475632 1404852 33360608    0    0 1338288 871328 276616 1149262 45 15 22 17  0  0
44 38  99388 141450332 1404852 33360708    0    0 1251952 812208 272556 1065877 42 14 24 20  0  0
34 50  99388 141462004 1404852 33360792    0    0 1314736 856984 272390 1129310 44 16 22 18  0  0
57 16  99388 141461676 1404856 33360880    0    0 1331968 873976 276918 1144499 45 16 22 17  0  0
57 23  99388 141442016 1404860 33360972    0    0 1333248 855836 275494 1142266 45 15 22 17  0  0
48 25  99388 141432220 1404860 33361060    0    0 1334864 866084 276282 1144440 45 15 22 17  0  0
50 22  99388 141435144 1404860 33361152    0    0 1338448 866716 276761 1147490 45 16 22 17  0  0
51 21  99388 141441444 1404860 33361240    0    0 1334960 868472 276281 1144732 45 15 23 17  0  0
procs -----------memory---------- ---swap-- -----io---- -system-- -------cpu-------
 r  b   swpd   free   buff  cache   si   so    bi    bo   in   cs us sy id wa st gu
61 14  99388 141461212 1404868 33361320    0    0 1330992 860260 273372 1135239 44 14 23 18  0  0
31 52  99388 141462056 1404868 33361404    0    0 1331472 876464 277490 1147713 45 16 22 17  0  0
54 17  99388 141448764 1404868 33361500    0    0 1334976 864584 276567 1141488 45 16 22 17  0  0
51 19  99388 141457616 1404868 33361592    0    0 1322528 862412 276006 1138400 45 15 22 18  0  0
48 37  99388 141476884 1404868 33361692    0    0 1316864 853444 271677 1123859 44 15 23 18  0  0
63 14  99388 141473852 1404876 33361776    0    0 1250944 812072 259276 1065870 42 14 24 20  0  0
48 25  99388 141465444 1404884 33361868    0    0 1335968 878420 278114 1149772 45 15 22 17  0  0
58 21  99388 141445956 1404892 33361956    0    0 1332592 869748 275756 1144278 45 15 22 17  0  0
44 28  99388 141462108 1404892 33362048    0    0 1338272 860408 278954 1145285 45 15 23 18  0  0
42 32  99388 141472148 1404892 33362124    0    0 1329904 875808 276652 1142403 45 15 23 17  0  0
44 34  99388 141459184 1404896 33362220    0    0 1327920 867084 275123 1139432 45 16 22 17  0  0
51 28  99388 141445872 1404896 33362308    0    0 1313504 846304 273451 1130486 45 15 22 17  0  0
51 22  99388 141446100 1404896 33362396    0    0 1331264 871572 276335 1144730 45 16 22 17  0  0
38 37  99388 141440904 1404896 33362484    0    0 1332704 855340 275754 1140632 45 15 22 17  0  0
45 27  99388 141440076 1404900 33362568    0    0 1321136 859512 274586 1137187 45 16 22 17  0  0
45 36  99388 141453504 1404908 33362656    0    0 1331280 873492 276810 1146182 45 16 22 17  0  0
44 35  99388 141438892 1404908 33362812    0    0 1234800 792620 253074 1040939 40 13 25 22  0  0
53 23  99388 141454300 1404908 33362912    0    0 1343632 887412 276774 1149910 45 14 23 18  0  0
47 29  99388 141456396 1404908 33362996    0    0 1338624 865784 275758 1147279 45 16 22 17  0  0
43 35  99388 141439540 1404908 33363088    0    0 1335168 867144 276934 1145220 45 15 22 17  0  0
51 21  99388 141442260 1404916 33363176    0    0 1330720 875228 276056 1143637 45 15 22 17  0  0
procs -----------memory---------- ---swap-- -----io---- -system-- -------cpu-------
 r  b   swpd   free   buff  cache   si   so    bi    bo   in   cs us sy id wa st gu
53 20  99388 141457368 1404916 33363264    0    0 1332624 872148 276265 1145137 45 15 22 17  0  0
43 28  99388 141440192 1404916 33363356    0    0 1315552 859744 273847 1128856 44 15 23 18  0  0
52 21  99388 141453472 1404916 33363440    0    0 1329552 866708 281110 1145003 45 15 22 17  0  0
44 28  99388 141426672 1404916 33363528    0    0 1332176 878476 277499 1147261 46 16 22 17  0  0
30 38  99388 141430824 1404924 33363616    0    0 1341376 861192 275748 1147405 45 14 23 18  0  0
49 24  99388 141451360 1404924 33363700    0    0 1320416 865752 274442 1133868 45 15 23 18  0  0
46 24  99388 141435512 1404924 33363792    0    0 1276320 821816 262297 1081838 42 14 24 20  0  0
43 40  99388 141429016 1404928 33363892    0    0 1304464 861984 270627 1114639 44 15 23 18  0  0
49 24  99388 141458648 1404928 33363976    0    0 1342192 864320 275911 1146625 45 16 22 17  0  0
53 17  99388 141436092 1404936 33364056    0    0 1340496 864472 276142 1146675 46 16 22 17  0  0
49 21  99388 141449048 1404936 33364148    0    0 1337744 867624 275525 1143133 45 16 22 17  0  0
49 23  99388 141443648 1404936 33364236    0    0 1328880 868076 275075 1141448 45 15 22 17  0  0
38 31  99388 141441524 1404936 33364332    0    0 1330144 860768 274085 1134824 45 15 23 18  0  0
50 21  99388 141445252 1404936 33364416    0    0 1339072 878104 275186 1145681 45 14 23 18  0  0
46 31  99388 141441692 1404948 33364504    0    0 1333008 869316 275953 1141144 45 15 22 17  0  0
54 26  99388 141450108 1404948 33364612    0    0 1339808 876172 276848 1144893 46 15 22 17  0  0
41 29  99388 141445200 1404948 33364700    0    0 1330912 866432 276480 1147678 45 16 22 17  0  0
54 20  99388 141464176 1404948 33364780    0    0 1320960 863112 274323 1133119 45 15 23 18  0  0
42 35  99388 141450760 1404948 33364884    0    0 1243376 806920 263170 1054341 42 14 24 21  0  0
33 41  99388 141434104 1404952 33364968    0    0 1340512 876064 276533 1146095 45 16 22 17  0  0
52 16  99388 141422240 1404952 33365060    0    0 1338736 865684 276885 1149712 45 15 22 17  0  0
procs -----------memory---------- ---swap-- -----io---- -system-- -------cpu-------
 r  b   swpd   free   buff  cache   si   so    bi    bo   in   cs us sy id wa st gu
49 25  99388 141441728 1404952 33365152    0    0 1341888 869548 275650 1146724 45 14 23 18  0  0
54 18  99388 141463876 1404952 33365236    0    0 1333376 863336 275720 1139628 45 15 23 18  0  0
46 33  99388 141442828 1404952 33365324    0    0 1323312 872036 276003 1140723 45 15 22 17  0  0
59 26  99388 141450428 1404960 33365424    0    0 1333936 859596 276347 1144966 45 16 22 17  0  0
35 45  99388 141418660 1404960 33365512    0    0 1299088 845300 267848 1110865 44 15 23 18  0  0
39 30  99388 141430024 1404960 33365596    0    0 1285344 829712 263674 1087129 42 14 24 20  0  0
26 58  99388 141448884 1404960 33365684    0    0 1330400 863324 275301 1137417 45 15 23 17  0  0
46 27  99388 141450124 1404960 33365764    0    0 1319840 864436 275064 1130359 45 15 23 18  0  0
48 23  99388 141454916 1404964 33365872    0    0 1257664 803664 258272 1064606 41 13 24 21  0  0
54 16  99388 141465880 1404964 33365948    0    0 1330592 871876 271802 1134638 44 14 23 19  0  0
49 23  99388 141458788 1404964 33366036    0    0 1341680 865368 276567 1148664 46 16 22 17  0  0
34 42  99388 141451588 1404968 33366124    0    0 1336080 870688 277129 1149677 46 16 22 17  0  0
50 22  99388 141447380 1404968 33366212    0    0 1334880 863776 296483 1140699 45 16 22 17  0  0
44 29  99388 141422044 1404972 33366304    0    0 1319008 873160 286018 1136969 45 16 22 17  0  0
39 32  99388 141408436 1404972 33366380    0    0 1311760 854868 273495 1126794 45 16 22 18  0  0
28 42  99388 141409980 1404972 33366464    0    0 1334032 868876 275493 1138867 45 16 22 17  0  0
40 34  99388 141407928 1404972 33366548    0    0 1284304 827100 263441 1087624 43 14 24 19  0  0
48 23  99388 141421760 1404972 33366632    0    0 1312624 853648 269515 1122363 43 14 24 19  0  0
54 24  99388 141423108 1404980 33366740    0    0 1335760 872956 276743 1147738 45 15 23 17  0  0
39 42  99388 141447224 1404984 33366828    0    0 1254656 813348 259765 1070388 42 14 24 20  0  0
45 23  99388 141449492 1404984 33366912    0    0 1300512 859848 268993 1111951 44 15 23 18  0  0
procs -----------memory---------- ---swap-- -----io---- -system-- -------cpu-------
 r  b   swpd   free   buff  cache   si   so    bi    bo   in   cs us sy id wa st gu
42 28  99388 141418980 1404984 33367004    0    0 1336880 865888 276749 1145807 45 16 22 17  0  0
52 27  99388 141414592 1404984 33367096    0    0 1340864 870244 276424 1143928 45 16 22 17  0  0
45 26  99388 141423976 1404988 33367184    0    0 1342656 872532 277313 1150799 46 15 22 17  0  0
47 29  99388 141431052 1404988 33367268    0    0 1322304 866956 273845 1131637 45 15 23 17  0  0
34 42  99388 141407688 1404988 33367368    0    0 1208800 780972 248724 1014547 39 13 25 23  0  0
33 39  99388 141432356 1404988 33367468    0    0 1216080 788436 248345 1018594 39 12 26 23  0  0
38 32  99388 141444900 1404992 33367560    0    0 1211472 781712 250980 1023560 40 13 25 22  0  0
34 52  99388 141448240 1404996 33367656    0    0 1158848 743828 238364 966395 38 12 26 24  0  0
33 52  99388 141423928 1405004 33367728    0    0 1212800 780884 255328 1021984 40 13 25 22  0  0
33 43  99388 141407740 1405004 33367828    0    0 1208480 782092 248895 1018874 40 13 25 22  0  0
41 29  99388 141419540 1405004 33367908    0    0 1205408 786364 248371 1017172 39 13 25 23  0  0
37 32  99388 141422408 1405004 33368000    0    0 1215232 779788 249654 1023658 40 13 25 22  0  0
35 37  99388 141419372 1405008 33368092    0    0 1233952 801252 253770 1042632 41 13 25 21  0  0
48 21  99388 141426668 1405008 33368240    0    0 1254288 800196 256687 1056658 41 12 25 22  0  0
52 24  99388 141419992 1405008 33368328    0    0 1283312 850768 266337 1094842 43 14 23 19  0  0
40 29  99388 141444696 1405008 33368428    0    0 1296560 837868 268851 1109233 44 15 23 18  0  0
41 32  99388 141426780 1405008 33368516    0    0 1279680 820516 265684 1087167 43 14 23 20  0  0
40 30  99388 141412920 1405016 33368612    0    0 1298320 849584 270054 1110905 44 15 23 19  0  0
45 30  99388 141413020 1405016 33368708    0    0 1307792 834256 269064 1114858 44 15 23 18  0  0
48 21  99388 141412160 1405016 33368792    0    0 1243600 798716 255048 1052529 41 14 24 21  0  0
49 17  99388 141417028 1405016 33368872    0    0 1288336 838928 265485 1096971 43 15 23 19  0  0
procs -----------memory---------- ---swap-- -----io---- -system-- -------cpu-------
 r  b   swpd   free   buff  cache   si   so    bi    bo   in   cs us sy id wa st gu
42 33  99388 141448092 1405016 33368952    0    0 1301456 848164 267870 1110812 43 13 24 20  0  0
51 24  99388 141439660 1405024 33369044    0    0 1294144 838672 267480 1105834 43 14 24 19  0  0
49 23  99388 141436956 1405024 33369136    0    0 1298640 850132 268898 1112952 43 15 23 19  0  0
47 31  99388 141421064 1405024 33369228    0    0 1297168 850244 274022 1113009 43 15 23 19  0  0
46 31  99388 141423976 1405024 33369316    0    0 1298704 843556 268110 1110594 44 15 23 18  0  0
37 34  99388 141426956 1405024 33369408    0    0 1296064 850920 268930 1107106 43 15 23 19  0  0
36 33  99388 141420404 1405024 33369484    0    0 1301552 848472 269086 1112766 44 15 23 19  0  0
33 44  99388 141398580 1405024 33369580    0    0 1288176 836376 266951 1098390 43 15 23 19  0  0
46 29  99388 141399484 1405024 33369672    0    0 1313600 852588 270376 1121813 44 15 23 18  0  0
51 19  99388 141433092 1405024 33369736    0    0 1317632 852372 269820 1120563 43 14 24 19  0  0
44 33  99388 141444960 1405024 33369832    0    0 1242608 799520 255652 1052694 41 14 24 21  0  0
35 45  99388 141449060 1405028 33369928    0    0 1295824 850048 268285 1110864 43 15 23 19  0  0
52 24  99388 141414368 1405028 33370020    0    0 1302368 848624 270752 1117499 44 15 23 18  0  0
44 25  99388 141408132 1405028 33370104    0    0 1296192 847916 269581 1110365 43 15 23 19  0  0
46 23  99388 141422820 1405028 33370200    0    0 1315504 854556 271182 1119457 44 15 23 18  0  0
51 19  99388 141445264 1405028 33370288    0    0 1312176 857240 271479 1122356 44 15 23 18  0  0
54 22  99388 141432076 1405036 33370384    0    0 1318320 858276 272229 1125143 44 15 23 18  0  0
48 20  99388 141430312 1405036 33370468    0    0 1315904 855944 270176 1124486 43 14 24 19  0  0
47 24  99388 141430168 1405040 33370552    0    0 1304080 843900 283546 1110712 44 14 23 18  0  0
41 32  99388 141416124 1405040 33370648    0    0 1289984 836188 285271 1100690 43 15 23 19  0  0
56 18  99388 141399432 1405040 33370732    0    0 1304528 850352 281537 1115801 44 15 23 18  0  0
procs -----------memory---------- ---swap-- -----io---- -system-- -------cpu-------
 r  b   swpd   free   buff  cache   si   so    bi    bo   in   cs us sy id wa st gu
53 17  99388 141379432 1405048 33370832    0    0 1307792 846608 271583 1117636 44 15 23 18  0  0
40 36  99388 141406188 1405048 33370916    0    0 1227536 792652 252806 1039642 40 14 25 21  0  0
50 31  99388 141401368 1405048 33370996    0    0 1296608 844924 268465 1107024 44 15 23 18  0  0
34 38  99388 141399580 1405048 33371084    0    0 1292080 835016 268199 1105719 44 15 23 18  0  0
37 30  99388 141395168 1405048 33371172    0    0 1253792 811776 258802 1066276 41 13 25 21  0  0
25 58  99388 141421920 1405052 33371248    0    0 1243488 805104 254649 1051319 40 13 25 22  0  0
43 35  99388 141407112 1405052 33371340    0    0 1252016 802316 257383 1057910 41 14 24 21  0  0
50 28  99388 141425108 1405060 33371432    0    0 1291312 850256 266897 1102779 43 15 23 19  0  0
47 29  99388 141402632 1405060 33371528    0    0 1311616 852024 271047 1119708 44 15 23 18  0  0
38 41  99388 141401376 1405060 33371620    0    0 1305024 847708 269836 1117193 44 15 23 18  0  0
46 30  99388 141422408 1405068 33371708    0    0 1289088 846044 268876 1104861 43 15 23 19  0  0
48 30  99388 141412812 1405068 33371804    0    0 1308560 852968 269855 1115593 44 15 23 18  0  0
27 51  99388 141399384 1405068 33371888    0    0 1287968 830736 265693 1096284 43 15 24 19  0  0
48 28  99388 141413848 1405068 33371964    0    0 1272592 821988 259439 1075238 41 12 25 21  0  0
55 19  99388 141418032 1405068 33372048    0    0 1312048 861028 284054 1122465 44 15 23 18  0  0
40 26  99388 141411004 1405076 33372144    0    0 1297088 852976 278408 1113495 44 15 23 18  0  0
39 33  99388 141396660 1405084 33372240    0    0 1283664 843364 277477 1103494 43 15 23 19  0  0
62 12  99388 141402212 1405084 33372336    0    0 1300176 839744 268688 1108990 44 15 23 18  0  0
48 25  99388 141394832 1405084 33372412    0    0 1294928 845416 267973 1107412 43 15 23 18  0  0
52 21  99388 141395332 1405084 33372496    0    0 1312832 849004 271340 1120894 44 15 23 18  0  0
57 17  99388 141395092 1405092 33372608    0    0 1306656 846372 270519 1114666 44 15 23 18  0  0
procs -----------memory---------- ---swap-- -----io---- -system-- -------cpu-------
 r  b   swpd   free   buff  cache   si   so    bi    bo   in   cs us sy id wa st gu
38 31  99388 141412268 1405092 33372696    0    0 1301280 847940 269349 1115256 44 14 24 19  0  0
53 24  99388 141413008 1405092 33372776    0    0 1307536 851548 269550 1118316 44 14 24 19  0  0
52 18  99388 141415764 1405092 33372864    0    0 1308752 850460 270820 1120708 44 15 23 18  0  0
42 38  99388 141418456 1405096 33372948    0    0 1238368 799396 255102 1052552 41 14 24 21  0  0
53 26  99388 141419872 1405104 33373048    0    0 1298272 852140 268420 1106910 43 15 23 19  0  0
37 39  99388 141398472 1405104 33373148    0    0 1309008 847656 270589 1118358 44 15 23 18  0  0
40 32  99388 141400560 1405104 33373232    0    0 1295552 850732 269537 1112168 44 15 23 19  0  0
39 37  99388 141403108 1405104 33373336    0    0 1296832 847268 268727 1108570 43 15 23 19  0  0
47 32  99388 141416168 1405104 33373424    0    0 1310720 851320 270992 1120226 44 15 23 18  0  0
41 31  99388 141436432 1405112 33373500    0    0 1319312 864200 271453 1127103 44 14 24 19  0  0
38 30  99388 141430696 1405112 33373672    0    0 1305136 848872 287268 1121901 45 15 22 18  0  0
47 28  99388 141402384 1405112 33373748    0    0 1293264 842932 268529 1107752 44 15 23 19  0  0
56 16  99388 141417604 1405112 33373844    0    0 1280000 835744 265885 1090069 43 14 23 19  0  0
25 51  99388 141396988 1405112 33373928    0    0 1304176 850716 270850 1117719 44 15 23 18  0  0
39 33  99388 141409440 1405124 33374016    0    0 1305040 852960 271786 1118747 44 15 23 18  0  0
45 30  99388 141401936 1405124 33374108    0    0 1231856 796880 253694 1040810 41 13 25 22  0  0
47 24  99388 141402936 1405128 33374192    0    0 1309008 856548 272301 1125058 44 15 23 18  0  0
42 29  99388 141419584 1405128 33374288    0    0 1309216 853460 271177 1123675 44 14 24 19  0  0
50 24  99388 141432280 1405128 33374372    0    0 1296912 846480 268491 1107079 43 14 24 19  0  0
39 41  99388 141420496 1405128 33374464    0    0 1310416 853396 271904 1121660 44 15 23 18  0  0
52 20  99388 141430596 1405128 33374544    0    0 1315984 851552 271537 1124472 44 15 23 18  0  0
procs -----------memory---------- ---swap-- -----io---- -system-- -------cpu-------
 r  b   swpd   free   buff  cache   si   so    bi    bo   in   cs us sy id wa st gu
48 31  99388 141407128 1405128 33374648    0    0 1315776 860936 273012 1125547 44 15 23 18  0  0
32 38  99388 141411672 1405128 33374732    0    0 1311600 854536 271638 1123224 44 15 23 18  0  0
46 28  99388 141426504 1405128 33374820    0    0 1310368 852556 272040 1123113 44 15 23 18  0  0
45 24  99388 141402688 1405128 33374900    0    0 1288192 844312 268800 1105422 43 15 23 19  0  0
33 40  99388 141414316 1405128 33374988    0    0 1305568 848180 281736 1115411 44 15 23 18  0  0
53 18  99388 141416212 1405136 33375064    0    0 1242880 808392 255816 1052316 40 12 25 22  0  0
51 24  99388 141426312 1405136 33375156    0    0 1175424 762328 242037 989138 39 13 25 23  0  0
38 33  99388 141414712 1405136 33375236    0    0 1251504 815604 258630 1063039 42 14 24 20  0  0
50 20  99388 141391360 1405140 33375340    0    0 1246080 799816 257896 1058512 41 14 24 21  0  0
37 41  99388 141388548 1405140 33375428    0    0 1233200 806656 256035 1048414 41 14 24 21  0  0
41 34  99388 141404080 1405140 33375516    0    0 1250960 808324 258654 1060687 41 14 24 21  0  0
52 22  99388 141430576 1405140 33375600    0    0 1294304 849124 268770 1107139 43 15 23 19  0  0
57 16  99388 141401232 1405140 33375684    0    0 1309856 856676 272139 1122809 44 15 23 18  0  0
43 34  99388 141430972 1405148 33375772    0    0 1317232 859412 271463 1126750 43 14 24 19  0  0
39 47  99388 141406452 1405156 33375864    0    0 1303520 853448 270954 1118038 44 14 23 18  0  0
43 22  99388 141425044 1405156 33375940    0    0 1285072 835748 267006 1100110 43 15 23 19  0  0
40 35  99388 141420460 1405156 33376044    0    0 1306448 855128 270550 1117963 44 15 23 18  0  0
39 37  99388 141424212 1405156 33376136    0    0 1304560 852136 271689 1123479 44 15 23 18  0  0
25 56  99388 141411340 1405164 33376224    0    0 1230928 794036 253259 1043515 41 13 25 21  0  0
49 20  99388 141403496 1405164 33376316    0    0 1306768 849456 269822 1112696 44 15 23 18  0  0
42 27  99388 141413292 1405164 33376396    0    0 1279184 838680 306615 1099268 43 15 24 18  0  0
procs -----------memory---------- ---swap-- -----io---- -system-- -------cpu-------
 r  b   swpd   free   buff  cache   si   so    bi    bo   in   cs us sy id wa st gu
44 24  99388 141388164 1405164 33376492    0    0 1298352 851816 269574 1113936 44 14 23 19  0  0
46 32  99388 141371600 1405164 33376580    0    0 1302864 850456 269551 1114691 44 14 24 19  0  0
53 18  99388 141386440 1405172 33376668    0    0 1308784 842516 270543 1117223 44 15 23 18  0  0
33 42  99388 141393264 1405172 33376748    0    0 1314528 845764 271219 1121635 44 15 23 18  0  0
45 24  99388 141388952 1405172 33376836    0    0 1298592 846392 270681 1116575 44 15 23 18  0  0
55 16  99388 141400496 1405172 33376956    0    0 1290336 850508 268182 1103524 43 15 23 19  0  0
62 12  99388 141387716 1405172 33377036    0    0 1307280 853908 270529 1117188 44 15 23 18  0  0
51 24  99388 141396020 1405180 33377116    0    0 1308144 858292 270453 1120950 44 15 23 18  0  0
53 27  99388 141400100 1405180 33377204    0    0 1316672 856872 272262 1123918 44 15 23 18  0  0
53 19  99388 141400336 1405180 33377288    0    0 1238480 801932 252570 1044881 40 12 26 22  0  0
44 32  99388 141410056 1405180 33377376    0    0 1305040 851244 271124 1117194 44 15 23 18  0  0
52 20  99388 141415384 1405180 33377464    0    0 1301536 846116 270726 1115824 44 15 23 18  0  0
43 26  99388 141406804 1405180 33377556    0    0 1300128 854004 272257 1115819 44 15 23 18  0  0
48 26  99388 141417236 1405180 33377652    0    0 1310400 856524 272311 1121257 44 15 23 18  0  0
37 32  99388 141404004 1405180 33377740    0    0 1311168 860028 273314 1125064 44 15 23 18  0  0
54 19  99388 141393632 1405184 33377844    0    0 1310992 849540 275599 1117913 44 15 23 18  0  0
50 22  99388 141404248 1405184 33377928    0    0 1306384 854212 271058 1118556 44 15 23 18  0  0
43 26  99388 141402160 1405192 33378016    0    0 1296272 849152 268376 1104158 43 14 24 20  0  0
43 26  99388 141411908 1405192 33378096    0    0 1306624 860672 269679 1117437 43 14 24 19  0  0
39 36  99388 141411736 1405192 33378196    0    0 1310144 858196 270290 1117896 44 15 23 18  0  0
36 32  99388 141417204 1405196 33378292    0    0 1312544 853240 270915 1122170 44 15 23 18  0  0
procs -----------memory---------- ---swap-- -----io---- -system-- -------cpu-------
 r  b   swpd   free   buff  cache   si   so    bi    bo   in   cs us sy id wa st gu
51 23  99388 141411508 1405196 33378376    0    0 1229328 792172 252445 1040763 40 13 25 21  0  0
45 25  99388 141397852 1405200 33378464    0    0 1304800 853196 270241 1116470 43 15 23 19  0  0
49 30  99388 141400352 1405200 33378552    0    0 1304704 847392 270000 1114423 43 15 23 18  0  0
45 26  99388 141394656 1405200 33378648    0    0 1305296 849548 269979 1117226 44 15 23 18  0  0
48 24  99388 141403420 1405200 33378728    0    0 1313936 852296 271091 1121688 44 15 23 18  0  0
51 19  99388 141402068 1405200 33378800    0    0 1321392 861396 270279 1125067 43 13 24 19  0  0
44 32  99388 141404784 1405204 33378912    0    0 1309616 859752 270586 1117126 44 15 23 19  0  0
50 21  99388 141410644 1405204 33379064    0    0 1305712 849800 270643 1118617 44 15 23 18  0  0
52 19  99388 141406968 1405204 33379160    0    0 1299728 845540 268754 1109275 43 15 23 18  0  0
46 35  99388 141410204 1405204 33379252    0    0 1303776 849748 270049 1116762 44 15 23 18  0  0
38 32  99388 141401516 1405204 33379340    0    0 1330288 866120 275299 1138120 45 15 22 18  0  0
32 36  99388 141395792 1405208 33379428    0    0 1342000 867272 276041 1145354 46 16 22 17  0  0
42 32  99388 141409676 1405208 33379524    0    0 1245328 808216 256831 1053975 41 14 24 21  0  0
43 26  99388 141404844 1405208 33379620    0    0 1338176 876680 275081 1145340 44 15 23 18  0  0
43 33  99388 141400392 1405208 33379688    0    0 1341248 870808 276144 1147982 45 15 23 18  0  0
53 14  99388 141412060 1405208 33379768    0    0 1320864 858820 273935 1131697 44 15 23 18  0  0
47 24  99388 141405804 1405212 33379856    0    0 1336192 866976 275809 1141887 45 15 22 17  0  0
50 23  99388 141397584 1405216 33379956    0    0 1341824 870376 277290 1149484 46 15 22 17  0  0
30 39  99388 141398264 1405216 33380040    0    0 1334864 871920 275796 1145325 45 15 22 17  0  0
40 29  99388 141389616 1405216 33380136    0    0 1321232 866972 274246 1134758 45 15 23 18  0  0
56 18  99388 141398220 1405220 33380228    0    0 1331776 864908 275048 1139609 45 15 22 17  0  0
procs -----------memory---------- ---swap-- -----io---- -system-- -------cpu-------
 r  b   swpd   free   buff  cache   si   so    bi    bo   in   cs us sy id wa st gu
31 51  99388 141392264 1405228 33380320    0    0 1338704 865312 275418 1143065 45 15 22 17  0  0
52 18  99388 141401896 1405228 33380400    0    0 1351696 877544 277150 1158808 45 14 23 18  0  0
36 42  99388 141399516 1405228 33380488    0    0 1326640 866984 274089 1136256 45 15 22 17  0  0
30 55  99388 141402276 1405228 33380580    0    0 1260288 817652 258941 1066642 42 14 24 21  0  0
42 28  99388 141411516 1405228 33380668    0    0 1335408 869508 275902 1142309 45 16 22 17  0  0
53 20  99388 141417480 1405236 33380764    0    0 1335168 872780 275693 1141559 45 16 22 17  0  0
52 23  99388 141399568 1405236 33380856    0    0 1330000 871468 275781 1135880 45 15 22 18  0  0
42 28  99388 141391704 1405236 33380952    0    0 1337152 874036 277797 1149689 45 15 22 17  0  0
48 29  99388 141386708 1405236 33381032    0    0 1332944 870140 276790 1148739 45 16 22 17  0  0
40 30  99388 141402620 1405240 33381128    0    0 1342000 863236 276332 1148472 45 14 23 18  0  0
52 21  99388 141427576 1405244 33381208    0    0 1326592 868628 274767 1135625 45 15 23 18  0  0
46 28  99388 141416840 1405244 33381296    0    0 1334384 864640 275954 1141553 45 16 22 17  0  0
51 24  99388 141396396 1405248 33381384    0    0 1336768 868152 276691 1146103 45 15 22 17  0  0
47 28  99388 141384008 1405248 33381472    0    0 1338304 876504 278191 1151295 46 15 22 17  0  0
48 22  99388 141389184 1405248 33381564    0    0 1290832 841084 265957 1099224 43 15 23 19  0  0
51 25  99388 141413112 1405404 33381528    0    0 1289136 837020 265941 1096033 43 14 23 19  0  0
55 17  99388 141405044 1405404 33381768    0    0 1337744 880056 276731 1146537 45 15 22 17  0  0
44 25  99388 141386004 1405404 33381856    0    0 1335344 875828 277144 1147684 45 15 23 17  0  0
44 27  99388 141395004 1405404 33381928    0    0 1336928 876200 276307 1146932 44 14 23 18  0  0
44 30  99388 141392804 1405404 33382012    0    0 1338992 870180 277206 1148039 45 15 22 17  0  0
46 36  99388 141393348 1405412 33382104    0    0 1327184 874556 277196 1141318 46 16 22 17  0  0
procs -----------memory---------- ---swap-- -----io---- -system-- -------cpu-------
 r  b   swpd   free   buff  cache   si   so    bi    bo   in   cs us sy id wa st gu
47 24  99388 141405488 1405412 33382188    0    0 1325312 870028 275124 1138190 44 15 23 18  0  0
53 19  99388 141398460 1405412 33382280    0    0 1343056 869972 277973 1150563 45 15 22 17  0  0
38 35  99388 141384540 1405412 33382364    0    0 1332608 869280 276596 1144932 45 15 22 17  0  0
41 28  99388 141379404 1405412 33382460    0    0 1338656 870168 277348 1148399 45 16 22 17  0  0
32 42  99388 141393604 1405416 33382556    0    0 1338544 875604 276751 1144124 45 15 22 17  0  0
29 43  99388 141400484 1405416 33382644    0    0 1264992 810484 258212 1071967 41 13 25 21  0  0
34 44  99388 141417720 1405416 33382724    0    0 1338576 877940 276266 1148012 45 15 23 18  0  0
50 26  99388 141426676 1405416 33382796    0    0 1334832 857456 276417 1144186 45 15 22 17  0  0
37 34  99388 141400556 1405416 33382888    0    0 1326192 875460 276120 1136505 45 15 22 18  0  0
45 26  99388 141382228 1405424 33382980    0    0 1335152 869496 276908 1141556 45 16 22 17  0  0
54 19  99388 141384056 1405424 33383076    0    0 1335680 866680 276252 1144035 45 15 22 17  0  0
38 34  99388 141401952 1405424 33383148    0    0 1332896 875876 276860 1145675 45 15 22 17  0  0
46 21  99388 141401612 1405424 33383240    0    0 1338256 862752 274856 1136084 45 15 22 17  0  0
45 23  99388 141394848 1405424 33383340    0    0 1336240 876292 276186 1145352 45 15 22 17  0  0
36 34  99388 141405268 1405436 33383420    0    0 1342816 881152 275024 1147161 44 14 24 18  0  0
50 22  99388 141410268 1405436 33383500    0    0 1343696 872168 277358 1152483 45 15 22 17  0  0
45 25  99388 141398340 1405436 33383588    0    0 1307520 845612 268552 1111152 43 15 23 19  0  0
46 28  99388 141408148 1405440 33383668    0    0 1280096 842316 263688 1089050 43 14 24 19  0  0
43 32  99388 141392136 1405440 33383756    0    0 1338624 876788 276659 1150418 46 15 22 17  0  0
35 35  99388 141385536 1405448 33383860    0    0 1336000 867840 276163 1144004 45 16 22 17  0  0
48 24  99388 141390232 1405448 33383940    0    0 1319856 865652 273481 1130175 45 15 22 18  0  0
procs -----------memory---------- ---swap-- -----io---- -system-- -------cpu-------
 r  b   swpd   free   buff  cache   si   so    bi    bo   in   cs us sy id wa st gu
31 44  99388 141396632 1405448 33384036    0    0 1335008 872152 276510 1148532 45 15 22 17  0  0
51 17  99388 141401684 1405448 33384136    0    0 1340304 876888 275061 1144473 44 15 23 18  0  0
47 23  99388 141417468 1405448 33384212    0    0 1318752 868048 272181 1126113 44 14 23 19  0  0
59 13  99388 141410404 1405456 33384308    0    0 1334576 869224 275292 1141882 45 15 22 17  0  0
36 33  99388 141398632 1405456 33384472    0    0 1334528 870948 276677 1142198 45 15 22 17  0  0
54 17  99388 141376392 1405456 33384552    0    0 1339040 867592 275828 1143633 45 15 22 17  0  0
38 33  99388 141390868 1405464 33384640    0    0 1340672 875644 277887 1151717 45 15 22 17  0  0
48 22  99388 141414912 1405464 33384740    0    0 1251248 806368 257126 1059796 41 14 24 21  0  0
54 24  99388 141396744 1405464 33384836    0    0 1340448 876744 276423 1145100 45 16 22 17  0  0
57 14  99388 141392676 1405464 33384936    0    0 1332160 872408 274602 1142178 45 15 23 17  0  0
44 25  99388 141396060 1405464 33385012    0    0 1347936 886880 275453 1145695 44 14 24 19  0  0
52 19  99388 141405868 1405464 33385092    0    0 1323440 870992 273890 1131234 45 15 23 18  0  0
42 34  99388 141412820 1405464 33385184    0    0 1332704 869536 275421 1140999 45 15 22 17  0  0
36 41  99388 141406040 1405472 33385284    0    0 1320512 863668 274660 1131528 45 15 23 18  0  0
48 22  99388 141383104 1405476 33385360    0    0 1335888 865444 275651 1143405 45 16 22 17  0  0
43 28  99388 141390432 1405476 33385456    0    0 1334896 869356 276710 1143727 45 16 22 17  0  0
38 36  99388 141387696 1405476 33385548    0    0 1331552 869520 276249 1140888 45 15 22 18  0  0
38 33  99388 141367796 1405476 33385636    0    0 1337712 865976 275807 1143724 45 15 22 17  0  0
32 40  99388 141374464 1405480 33385720    0    0 1270032 820180 259208 1075555 42 13 25 21  0  0
38 37  99388 141396616 1405484 33385796    0    0 1328032 853388 270882 1125882 44 14 23 18  0  0
39 40  99388 141414452 1405484 33385888    0    0 1341712 873828 276759 1147873 45 15 22 17  0  0
procs -----------memory---------- ---swap-- -----io---- -system-- -------cpu-------
 r  b   swpd   free   buff  cache   si   so    bi    bo   in   cs us sy id wa st gu
44 24  99388 141413240 1405484 33385976    0    0 1330320 865908 275617 1141007 45 16 22 17  0  0
56 23  99388 141407120 1405484 33386060    0    0 1321024 862212 272844 1126523 44 15 23 18  0  0
42 34  99388 141386896 1405492 33386164    0    0 1328496 875968 275778 1143017 45 15 22 17  0  0
40 30  99388 141376216 1405492 33386256    0    0 1324896 859116 274548 1138726 45 15 22 17  0  0
29 56  99388 141387816 1405492 33386340    0    0 1332832 875188 275913 1142914 45 15 22 17  0  0
45 24  99388 141381432 1405492 33386440    0    0 1336384 866300 277179 1149835 45 15 22 17  0  0
49 21  99388 141383956 1405496 33386516    0    0 1348416 885176 275912 1148134 45 14 23 18  0  0
34 40  99388 141405280 1405500 33386596    0    0 1338128 870452 276151 1143428 45 15 22 17  0  0
51 25  99388 141387996 1405500 33386688    0    0 1339520 874820 276880 1148196 46 15 22 17  0  0
44 23  99388 141389436 1405500 33386776    0    0 1251104 808208 257141 1059471 41 14 24 21  0  0
37 46  99388 141397944 1405500 33386868    0    0 1340992 878780 277888 1148952 45 16 22 17  0  0
41 32  99388 141398216 1405504 33386948    0    0 1338848 865596 276752 1148738 45 15 22 17  0  0
38 34  99388 141388236 1405508 33387040    0    0 1336224 870920 275543 1142212 45 15 22 17  0  0
40 32  99388 141385652 1405508 33387128    0    0 1322096 870860 274295 1133156 44 15 23 18  0  0
36 39  99388 141377876 1405508 33387220    0    0 1330976 873040 273896 1140992 44 15 23 18  0  0
55 20  99388 141405108 1405508 33387296    0    0 1323888 859576 271601 1123551 44 14 23 19  0  0
52 18  99388 141412728 1405508 33387392    0    0 1339840 865056 276666 1146960 45 15 22 17  0  0
52 22  99388 141412560 1405512 33387484    0    0 1341136 874764 276341 1146451 46 15 22 17  0  0
45 32  99388 141393556 1405512 33387568    0    0 1338048 871612 275524 1143019 45 16 22 17  0  0
39 33  99388 141375820 1405512 33387660    0    0 1334192 877824 274670 1141629 45 15 22 17  0  0
45 28  99388 141387360 1405512 33387756    0    0 1283808 830992 263168 1090572 43 14 24 19  0  0
procs -----------memory---------- ---swap-- -----io---- -system-- -------cpu-------
 r  b   swpd   free   buff  cache   si   so    bi    bo   in   cs us sy id wa st gu
44 31  99388 141398052 1405512 33387844    0    0 1297984 854348 270343 1113915 44 15 23 18  0  0
47 26  99388 141420360 1405520 33387924    0    0 1342064 872520 275688 1146417 46 15 22 17  0  0
30 40  99388 141419428 1405520 33388008    0    0 1346496 882472 275581 1149820 45 14 23 18  0  0
56 12  99388 141400756 1405520 33388096    0    0 1332912 864024 274394 1138305 45 15 23 18  0  0
52 20  99388 141400140 1405520 33388184    0    0 1314448 857328 273196 1128430 44 15 23 18  0  0
42 28  99388 141397644 1405520 33388276    0    0 1320032 874504 273550 1131907 44 15 23 18  0  0
43 28  99388 141400944 1405552 33388356    0    0 1333664 859900 275232 1139225 45 15 22 17  0  0
61 16  99388 141397540 1405552 33388460    0    0 1341728 870608 276013 1143270 45 15 22 17  0  0
46 34  99388 141401240 1405552 33388540    0    0 1338272 881400 276468 1146727 45 16 22 17  0  0
38 34  99388 141385336 1405552 33388632    0    0 1283808 825680 263008 1088100 42 14 24 19  0  0
56 19  99388 141385928 1405552 33388712    0    0 1300016 856144 267733 1104000 42 14 24 20  0  0
44 25  99388 141401632 1405564 33388788    0    0 1254352 815536 255713 1053923 41 13 25 21  0  0
47 30  99388 141399448 1405564 33388884    0    0 1334576 871388 275954 1143471 45 15 22 17  0  0
44 22  99388 141397072 1405564 33388980    0    0 1339280 875012 276375 1145986 45 15 22 17  0  0
45 30  99388 141403108 1405564 33389060    0    0 1334144 870260 276583 1143264 45 15 22 17  0  0
47 29  99388 141396296 1405564 33389152    0    0 1325408 876644 275814 1139459 45 15 22 18  0  0
49 28  99388 141395312 1405572 33389236    0    0 1321776 864020 273686 1130865 45 15 23 18  0  0
43 33  99388 141388252 1405572 33389332    0    0 1328304 868096 275637 1140701 45 15 23 17  0  0
31 40  99388 141407012 1405572 33389420    0    0 1341632 868644 276625 1147158 45 15 22 17  0  0
44 37  99388 141410920 1405572 33389492    0    0 1346352 878004 275042 1145632 44 14 24 18  0  0
41 29  99388 141397860 1405572 33389584    0    0 1340048 881140 278085 1151162 45 16 22 17  0  0
procs -----------memory---------- ---swap-- -----io---- -system-- -------cpu-------
 r  b   swpd   free   buff  cache   si   so    bi    bo   in   cs us sy id wa st gu
54 20  99388 141400936 1405572 33389672    0    0 1242848 806596 255957 1051625 41 14 24 21  0  0
53 26  99388 141385700 1405572 33389828    0    0 1335424 870784 276459 1145970 45 15 22 17  0  0
43 28  99388 141393920 1405572 33389912    0    0 1241664 812960 256304 1050761 41 14 24 21  0  0
46 29  99388 141390628 1405580 33389996    0    0 1343632 869552 277221 1148948 46 15 22 17  0  0
47 25  99388 141399860 1405580 33390100    0    0 1339536 876808 276660 1145795 45 16 22 17  0  0
53 18  99388 141392344 1405584 33390196    0    0 1330720 873544 276033 1139460 45 16 22 17  0  0
37 31  99388 141417996 1405584 33390280    0    0 1321264 863500 271602 1126521 43 14 24 19  0  0
46 28  99388 141427492 1405584 33390364    0    0 1316112 865892 272578 1126036 44 14 23 18  0  0
45 29  99388 141408608 1405584 33390460    0    0 1338560 865588 275957 1144460 45 15 22 17  0  0
37 36  99388 141384648 1405584 33390544    0    0 1341264 876404 277200 1145691 45 15 22 17  0  0
39 33  99388 141385420 1405596 33390628    0    0 1333376 871320 276971 1143850 45 16 22 17  0  0
53 25  99388 141403992 1405596 33390764    0    0 1292288 833664 265803 1099421 43 15 23 19  0  0
56 16  99388 141401788 1405596 33390856    0    0 1281344 835344 264981 1088812 43 14 24 20  0  0
46 26  99388 141383700 1405596 33390940    0    0 1325440 866592 273831 1133872 45 15 23 18  0  0
51 25  99388 141378904 1405596 33391044    0    0 1255072 819024 257897 1063296 41 13 25 21  0  0
47 25  99388 141384324 1405596 33391128    0    0 1350976 886604 276633 1150344 45 14 23 18  0  0
44 35  99388 141383540 1405596 33391212    0    0 1330864 869624 275330 1137185 45 15 23 18  0  0
53 21  99388 141380840 1405596 33391296    0    0 1328272 863096 274190 1139575 45 15 23 18  0  0
50 20  99388 141427384 1405596 33391388    0    0 1326128 872612 274763 1137585 45 15 22 18  0  0
42 39  99388 141404204 1405596 33391476    0    0 1327328 867680 274748 1137612 45 15 22 18  0  0
52 22  99388 141509084 1405600 33391556    0    0 1330272 861720 278752 1139061 46 15 22 17  0  0
procs -----------memory---------- ---swap-- -----io---- -system-- -------cpu-------
 r  b   swpd   free   buff  cache   si   so    bi    bo   in   cs us sy id wa st gu
40 32  99388 141493036 1405600 33391660    0    0 1340240 861792 276510 1146811 46 16 22 17  0  0
39 39  99388 141505432 1405600 33391748    0    0 1334688 878484 277703 1149122 45 16 22 17  0  0
39 35  99388 141515572 1405600 33391836    0    0 1256240 811340 256683 1064677 41 13 25 21  0  0
43 29  99388 141527520 1405600 33391920    0    0 1342976 875848 276988 1148977 45 15 23 18  0  0
45 31  99388 141534604 1405612 33392004    0    0 1300672 845216 267714 1107717 44 15 23 18  0  0
49 26  99388 141522636 1405612 33392092    0    0 1285520 834492 264286 1087575 43 14 24 20  0  0
42 32  99388 141495432 1405612 33392180    0    0 1343296 875776 276895 1149871 45 16 22 17  0  0
52 21  99388 141493536 1405612 33392272    0    0 1337056 881264 276356 1145579 45 15 22 17  0  0
62 12  99388 141492844 1405612 33392360    0    0 1318240 856976 272624 1124823 44 15 23 18  0  0
58 18  99388 141504164 1405640 33392444    0    0 1318112 864040 274863 1131107 45 16 22 17  0  0
47 33  99388 141502928 1405640 33392564    0    0 1333760 876192 276967 1145760 45 15 23 17  0  0
45 29  99388 141502484 1405640 33392648    0    0 1347856 870540 276112 1148795 45 14 23 18  0  0
45 28  99388 141507768 1405640 33392736    0    0 1343472 874064 276624 1148618 45 15 22 17  0  0
51 30  99388 141484172 1405640 33392812    0    0 1299248 856708 269396 1110666 44 15 23 18  0  0
45 28  99388 141487952 1405652 33392900    0    0 1273760 829600 262919 1081531 42 14 24 20  0  0
54 20  99388 141507128 1405652 33392992    0    0 1338048 869308 275868 1143599 45 16 22 17  0  0
28 51  99388 141504336 1405652 33393080    0    0 1271968 835868 261050 1077550 42 14 24 20  0  0
49 23  99388 141501132 1405652 33393192    0    0 1317200 857612 271696 1124689 44 15 23 18  0  0
64 12  99388 141483304 1405652 33393288    0    0 1338512 872332 277408 1147275 45 16 22 17  0  0
48 21  99388 141483732 1405660 33393372    0    0 1342640 870312 275663 1145930 44 14 23 18  0  0
44 30  99388 141497456 1405660 33393456    0    0 1316624 870364 272296 1125423 44 15 23 18  0  0
procs -----------memory---------- ---swap-- -----io---- -system-- -------cpu-------
 r  b   swpd   free   buff  cache   si   so    bi    bo   in   cs us sy id wa st gu
52 20  99388 141503848 1405660 33393548    0    0 1325712 866328 275058 1138160 45 15 22 18  0  0
50 21  99388 141505620 1405668 33393640    0    0 1337712 874696 277367 1147868 45 15 22 17  0  0
53 23  99388 141499892 1405668 33393732    0    0 1340912 874556 276735 1150036 45 16 22 17  0  0
43 28  99388 141503676 1405672 33393820    0    0 1339472 871032 276295 1144301 45 15 22 17  0  0
57 17  99388 141490424 1405672 33393896    0    0 1249696 816972 257941 1062990 41 14 24 21  0  0
42 27  99388 141483200 1405672 33393992    0    0 1335568 871920 274813 1138657 45 15 22 17  0  0
40 28  99388 141498212 1405672 33394084    0    0 1347504 874764 277583 1154412 45 15 23 17  0  0
53 18  99388 141498740 1405672 33394168    0    0 1257040 813932 256534 1061863 41 13 25 22  0  0
48 22  99388 141500472 1405680 33394244    0    0 1339824 872636 277917 1151638 46 16 22 17  0  0
52 20  99388 141507528 1405680 33394340    0    0 1332816 875164 277080 1145567 45 15 22 17  0  0
61 16  99388 141484732 1405680 33394428    0    0 1323760 871516 273599 1133587 45 15 22 18  0  0
55 28  99388 141491124 1405680 33394524    0    0 1312464 861012 272215 1123564 44 15 23 18  0  0
45 29  99388 141493232 1405680 33394604    0    0 1330288 877388 276791 1142030 45 15 22 17  0  0
41 28  99388 141503872 1405684 33394684    0    0 1334400 872764 275380 1142720 45 15 22 17  0  0
53 18  99388 141513756 1405684 33394780    0    0 1341024 868144 277710 1149765 46 15 22 17  0  0
28 54  99388 141523536 1405684 33394876    0    0 1317920 862140 269952 1120733 44 13 24 19  0  0
51 19  99388 141511804 1405684 33394968    0    0 1260912 821960 260582 1066535 42 14 24 21  0  0
39 37  99388 141493260 1405684 33395052    0    0 1334656 872768 276355 1142422 45 16 22 17  0  0
39 42  99388 141489464 1405684 33395132    0    0 1346176 879080 277803 1148471 45 16 22 17  0  0
45 31  99388 141486624 1405684 33395288    0    0 1246560 801672 256074 1052518 41 14 24 21  0  0
45 27  99388 141479372 1405684 33395380    0    0 1341760 863840 277616 1148475 45 16 22 17  0  0
procs -----------memory---------- ---swap-- -----io---- -system-- -------cpu-------
 r  b   swpd   free   buff  cache   si   so    bi    bo   in   cs us sy id wa st gu
48 19  99388 141458156 1405684 33395464    0    0 1331776 866360 276607 1141804 45 16 22 17  0  0
50 19  99388 141483988 1405688 33395556    0    0 1306448 860924 274668 1122058 44 15 23 18  0  0
55 15  99388 141500312 1405692 33395644    0    0 1324272 872292 273246 1127829 44 14 23 18  0  0
35 41  99388 141500528 1405692 33395732    0    0 1342080 873556 275618 1144810 45 15 23 18  0  0
57 22  99388 141502436 1405692 33395828    0    0 1336928 874396 276418 1143988 45 16 22 17  0  0
52 20  99388 141495596 1405692 33395900    0    0 1339856 877128 278012 1148749 46 15 22 17  0  0
45 26  99388 141500180 1405692 33396000    0    0 1250960 806488 255758 1059721 41 14 24 21  0  0
56 19  99388 141490496 1405700 33396080    0    0 1333328 873824 275370 1141259 45 15 22 17  0  0
45 37  99388 141491880 1405700 33396184    0    0 1341968 874524 276700 1147500 46 15 22 17  0  0
30 43  99388 141496520 1405700 33396260    0    0 1272016 813044 260438 1077575 42 14 24 20  0  0
50 31  99388 141503140 1405700 33396352    0    0 1326480 875072 274130 1135320 44 15 23 18  0  0
43 32  99388 141513604 1405704 33396436    0    0 1347328 878764 276408 1152193 44 14 23 18  0  0
53 26  99388 141516444 1405712 33396528    0    0 1327392 883324 276168 1140697 44 15 23 18  0  0
53 18  99388 141505212 1405712 33396616    0    0 1319920 860176 273322 1127300 44 15 23 18  0  0
42 26  99388 141501744 1405712 33396712    0    0 1327040 872668 274950 1137438 45 15 23 17  0  0
47 21  99388 141484032 1405712 33396804    0    0 1333840 877376 276636 1142658 45 15 22 17  0  0
58 17  99388 141489100 1405712 33396888    0    0 1346256 873292 277534 1147415 45 15 22 17  0  0
32 40  99388 141502228 1405716 33396968    0    0 1319248 857096 272304 1128905 44 15 23 18  0  0
46 24  99388 141501876 1405716 33397060    0    0 1260704 825064 261589 1071941 41 14 24 20  0  0
40 31  99388 141487644 1405724 33397140    0    0 1341632 880208 275864 1146812 45 14 23 18  0  0
51 23  99388 141506284 1405724 33397228    0    0 1345360 877440 276175 1147988 45 15 23 18  0  0
procs -----------memory---------- ---swap-- -----io---- -system-- -------cpu-------
 r  b   swpd   free   buff  cache   si   so    bi    bo   in   cs us sy id wa st gu
51 19  99388 141497516 1405724 33397320    0    0 1251344 813360 257660 1063604 41 14 24 21  0  0
38 34  99388 141497176 1405728 33397412    0    0 1338432 874464 277852 1149526 46 15 22 17  0  0
37 35  99388 141484504 1405728 33397496    0    0 1326496 868512 275389 1138426 45 16 22 17  0  0
62 14  99388 141498476 1405728 33397580    0    0 1309984 864864 274363 1131249 44 15 23 18  0  0
51 19  99388 141484500 1405728 33397672    0    0 1329376 869856 276145 1141007 45 15 22 17  0  0
38 45  99388 141503132 1405728 33397768    0    0 1333200 869876 276431 1141696 45 15 22 17  0  0
30 41  99388 141500620 1405740 33397836    0    0 1340144 876808 277250 1144565 45 15 22 17  0  0
48 26  99388 141507096 1405740 33397952    0    0 1351424 881876 277895 1151650 45 14 23 18  0  0
57 20  99388 141467132 1405740 33398032    0    0 1248816 813380 257560 1059451 41 14 24 21  0  0
47 27  99388 141496792 1405740 33398120    0    0 1333872 880576 277420 1147016 45 15 22 17  0  0
53 19  99388 141503004 1405740 33398200    0    0 1339840 869740 277872 1150314 46 15 22 17  0  0
46 34  99388 141487632 1405748 33398288    0    0 1342864 870196 277262 1148461 45 16 22 17  0  0
42 33  99388 141478740 1405748 33398384    0    0 1253088 807612 257362 1059104 42 14 24 21  0  0
39 39  99388 141477900 1405748 33398476    0    0 1336992 877324 276713 1145991 45 16 22 17  0  0
48 21  99388 141470272 1405748 33398568    0    0 1326912 870712 275646 1136167 45 15 22 18  0  0
46 25  99388 141481192 1405748 33398648    0    0 1325504 859848 272744 1129988 44 14 24 19  0  0
59 20  99388 141497624 1405760 33398736    0    0 1335344 876448 277259 1148487 45 15 23 17  0  0
43 27  99388 141475756 1405760 33398832    0    0 1341744 871960 277470 1147769 45 16 22 17  0  0
47 22  99388 141479288 1405760 33398928    0    0 1339824 878016 277644 1150138 46 16 22 17  0  0
40 36  99388 141471616 1405764 33399004    0    0 1275120 829452 263087 1084019 43 14 24 19  0  0
47 23  99388 141464148 1405764 33399096    0    0 1299968 848260 269777 1108366 44 15 23 19  0  0
procs -----------memory---------- ---swap-- -----io---- -system-- -------cpu-------
 r  b   swpd   free   buff  cache   si   so    bi    bo   in   cs us sy id wa st gu
46 28  99388 141473912 1405772 33399184    0    0 1339600 872444 277322 1147803 45 16 22 17  0  0
43 29  99388 141471444 1405772 33399284    0    0 1344976 869528 278346 1149437 45 16 22 17  0  0
42 26  99388 141488276 1405772 33399368    0    0 1324624 860696 273752 1130145 44 15 23 18  0  0
51 20  99388 141489428 1405772 33399456    0    0 1279696 834656 260889 1079637 42 13 25 21  0  0
42 38  99388 141486500 1405772 33399552    0    0 1327680 872784 275928 1140413 45 15 22 17  0  0
48 29  99388 141497564 1405780 33399640    0    0 1328144 865856 276198 1144158 45 15 22 17  0  0
41 31  99388 141482112 1405780 33399728    0    0 1326304 869628 276068 1138001 45 15 23 18  0  0
43 29  99388 141479308 1405780 33399796    0    0 1336112 868756 277013 1146239 45 15 22 17  0  0
42 29  99388 141460548 1405784 33399896    0    0 1338224 885884 277449 1147451 45 15 22 17  0  0
42 36  99388 141466028 1405784 33399988    0    0 1340256 867496 277304 1147656 46 16 22 17  0  0
52 18  99388 141478000 1405792 33400064    0    0 1239536 803592 255995 1051044 41 14 24 21  0  0
44 28  99388 141479540 1405792 33400160    0    0 1339440 873648 275753 1143327 44 14 23 18  0  0
46 23  99388 141489804 1405792 33400244    0    0 1339712 876500 277702 1144815 45 15 22 17  0  0
52 20  99388 141495100 1405792 33400340    0    0 1345344 878392 278037 1148940 45 16 22 17  0  0
39 44  99388 141492640 1405792 33400428    0    0 1255936 815472 257493 1062710 41 14 24 21  0  0
45 28  99388 141467584 1405804 33400508    0    0 1342128 869744 277440 1147711 45 16 22 17  0  0
50 29  99388 141465056 1405804 33400708    0    0 1331728 863424 275544 1133971 45 15 22 17  0  0
34 37  99388 141464704 1405808 33400804    0    0 1309616 864044 272763 1123634 44 15 23 18  0  0
53 22  99388 141467448 1405808 33400888    0    0 1335568 874968 274750 1138716 45 15 23 18  0  0
39 43  99388 141464192 1405808 33400976    0    0 1339600 873836 276472 1146741 45 15 23 17  0  0
54 20  99388 141473504 1405816 33401048    0    0 1347632 880596 276052 1150108 45 14 23 18  0  0
procs -----------memory---------- ---swap-- -----io---- -system-- -------cpu-------
 r  b   swpd   free   buff  cache   si   so    bi    bo   in   cs us sy id wa st gu
41 28  99388 141490304 1405816 33401136    0    0 1286032 839368 263360 1090047 42 14 24 19  0  0
55 23  99388 141476996 1405816 33401232    0    0 1295664 853432 269189 1106029 43 15 23 19  0  0
52 20  99388 141470012 1405816 33401324    0    0 1336464 870940 275419 1141971 45 15 22 17  0  0
47 33  99388 141461860 1405816 33401408    0    0 1341376 882956 276548 1145888 45 16 22 17  0  0
48 25  99388 141468388 1405828 33401492    0    0 1333632 870756 276103 1141581 45 16 22 17  0  0
45 25  99388 141460144 1405828 33401604    0    0 1251408 818776 257656 1059413 41 14 24 21  0  0
42 37  99388 141461084 1405828 33401684    0    0 1336400 870536 275935 1140796 45 15 22 17  0  0
51 18  99388 141476188 1405828 33401780    0    0 1322688 871008 277266 1129633 44 14 24 18  0  0
53 22  99388 141471896 1405828 33401860    0    0 1317792 863756 273481 1126237 44 15 23 18  0  0
50 20  99388 141453396 1405840 33401936    0    0 1329584 869428 274689 1137881 45 16 22 17  0  0
49 26  99388 141478332 1405840 33402044    0    0 1337904 884196 275993 1143684 45 15 22 17  0  0
50 23  99388 141469776 1405840 33402132    0    0 1342240 874156 276794 1146715 45 15 22 17  0  0
34 38  99388 141457760 1405840 33402208    0    0 1250416 807020 256530 1057914 41 14 24 21  0  0
35 41  99388 141452152 1405840 33402312    0    0 1331008 873680 276523 1141930 45 15 22 17  0  0
48 22  99388 141433984 1405848 33402400    0    0 1342144 868716 277411 1148224 45 16 22 17  0  0
32 43  99388 141464716 1405848 33402496    0    0 1342480 882588 277367 1150521 45 15 23 17  0  0
37 34  99388 141477444 1405848 33402584    0    0 1309184 857968 267466 1109264 43 13 24 20  0  0
47 20  99388 141473904 1405848 33402668    0    0 1283424 830880 264615 1090518 43 14 24 19  0  0
51 20  99388 141469092 1405848 33402764    0    0 1334832 865492 275325 1139904 44 15 23 18  0  0
40 30  99388 141486040 1405852 33402848    0    0 1310864 869804 273148 1125103 44 15 23 18  0  0
41 30  99388 141450040 1405852 33402944    0    0 1330928 874560 274465 1135020 45 15 23 18  0  0
procs -----------memory---------- ---swap-- -----io---- -system-- -------cpu-------
 r  b   swpd   free   buff  cache   si   so    bi    bo   in   cs us sy id wa st gu
43 28  99388 141451836 1405852 33403028    0    0 1340720 865168 275952 1145354 45 16 22 17  0  0
46 28  99388 141460548 1405852 33403124    0    0 1338880 880416 279046 1150404 45 16 22 17  0  0
33 38  99388 141467740 1405852 33403208    0    0 1285040 833196 264408 1090404 43 15 23 19  0  0
41 36  99388 141467312 1405856 33403300    0    0 1305296 855928 269171 1107300 43 13 24 20  0  0
48 25  99388 141481844 1405856 33403380    0    0 1333296 872432 276447 1141742 45 15 22 17  0  0
32 42  99388 141460340 1405856 33403480    0    0 1342144 874604 276454 1144508 45 16 22 17  0  0
51 18  99388 141454932 1405856 33403572    0    0 1342640 875840 277100 1143818 45 16 22 17  0  0
55 17  99388 141453536 1405856 33403648    0    0 1245680 809492 255828 1050051 41 14 24 21  0  0
49 19  99388 141463884 1405868 33403720    0    0 1339440 866492 275545 1143782 45 16 22 17  0  0
38 35  99388 141471460 1405872 33403820    0    0 1325968 864488 274314 1132003 45 15 23 18  0  0
56 20  99388 141465832 1405872 33403916    0    0 1311120 861024 274034 1125386 44 15 23 18  0  0
43 29  99388 141476336 1405872 33404004    0    0 1340208 873512 276612 1143342 44 15 23 18  0  0
55 24  99388 141469000 1405872 33404084    0    0 1339696 881608 276476 1144705 45 14 23 18  0  0
43 39  99388 141468304 1405880 33404156    0    0 1309264 844572 269381 1118941 44 15 23 18  0  0
57 14  99388 141488924 1405884 33404268    0    0 1280064 835260 264316 1085505 42 14 24 20  0  0
53 26  99388 141481300 1405884 33404368    0    0 1334944 870096 276134 1139900 45 15 22 17  0  0
45 30  99388 141459604 1405884 33404460    0    0 1335600 868108 276943 1141185 45 16 22 17  0  0
43 27  99388 141445256 1405884 33404540    0    0 1337184 879588 278042 1146300 45 15 22 17  0  0
31 48  99388 141440100 1405892 33404624    0    0 1327936 866408 274289 1135245 44 15 23 18  0  0
53 22  99388 141454016 1405892 33404720    0    0 1263680 816108 259291 1068452 42 14 24 21  0  0
50 19  99388 141457692 1405892 33404804    0    0 1335968 875688 274241 1141648 44 14 24 18  0  0
procs -----------memory---------- ---swap-- -----io---- -system-- -------cpu-------
 r  b   swpd   free   buff  cache   si   so    bi    bo   in   cs us sy id wa st gu
51 21  99388 141478628 1405892 33404888    0    0 1311824 859384 271981 1121257 44 15 23 18  0  0
60 13  99388 141470100 1405896 33404968    0    0 1324560 866996 273738 1130819 45 15 23 18  0  0
40 29  99388 141474684 1405904 33405056    0    0 1338800 873188 276008 1144733 45 15 22 17  0  0
49 22  99388 141469072 1405904 33405152    0    0 1345456 880136 276744 1149428 45 15 22 17  0  0
49 23  99388 141445336 1405904 33405256    0    0 1256288 819036 256875 1064768 41 14 24 21  0  0
37 47  99388 141449616 1405904 33405340    0    0 1337088 869108 275395 1143155 45 15 23 17  0  0
40 27  99388 141466792 1405904 33405428    0    0 1333072 873592 275906 1140813 45 15 23 17  0  0
54 19  99388 141454944 1405912 33405504    0    0 1344080 876028 276358 1148265 45 15 23 18  0  0
48 23  99388 141464808 1405912 33405608    0    0 1348944 875156 276607 1145204 45 14 23 18  0  0
39 42  99388 141464096 1405912 33405704    0    0 1291312 840500 265132 1096369 43 15 23 19  0  0
36 38  99388 141469052 1405916 33405784    0    0 1293492 848560 267694 1102489 43 14 23 19  0  0
35 41  99388 141449944 1405920 33405880    0    0 1325616 865264 273558 1131894 44 15 23 18  0  0
49 31  99388 141451852 1405932 33405956    0    0 1324080 863720 278719 1135600 44 16 22 18  0  0
60 15  99388 141464480 1405932 33406132    0    0 1324000 863768 280371 1134781 45 16 22 17  0  0
37 40  99388 141447876 1405932 33406212    0    0 1338528 874168 277485 1144826 46 15 22 17  0  0
40 26  99388 141451244 1405932 33406300    0    0 1261584 808148 258655 1066536 42 14 24 20  0  0
51 25  99388 141459976 1405932 33406380    0    0 1322896 867076 272745 1128212 44 14 24 19  0  0
47 26  99388 141464212 1405944 33406456    0    0 1334832 869184 276680 1140722 45 15 22 17  0  0
52 20  99388 141469144 1405944 33406568    0    0 1339840 868164 277679 1144011 45 16 22 17  0  0
43 34  99388 141471592 1405944 33406664    0    0 1341200 875256 278584 1150971 45 16 22 17  0  0
35 39  99388 141451224 1405952 33406760    0    0 1339600 878300 278486 1153458 45 16 22 17  0  0
procs -----------memory---------- ---swap-- -----io---- -system-- -------cpu-------
 r  b   swpd   free   buff  cache   si   so    bi    bo   in   cs us sy id wa st gu
55 19  99388 141447812 1405952 33406836    0    0 1247424 807596 255920 1054462 41 14 24 21  0  0
58 13  99388 141444152 1405956 33406920    0    0 1333696 871536 275977 1141969 45 15 22 17  0  0
49 26  99388 141450244 1405956 33407000    0    0 1319088 868124 273311 1129929 44 15 22 18  0  0
39 33  99388 141460388 1405956 33407100    0    0 1330144 875080 274502 1132881 44 14 23 18  0  0
39 31  99388 141473552 1405956 33407172    0    0 1339424 873568 276115 1141954 45 14 23 18  0  0
40 35  99388 141485984 1405956 33407268    0    0 1341472 872920 277511 1146126 45 15 22 17  0  0
51 18  99388 141464208 1405960 33407356    0    0 1247200 810492 256444 1051763 41 14 24 21  0  0
53 18  99388 141459668 1405964 33407448    0    0 1332640 869380 276294 1139953 45 15 23 17  0  0
47 26  99388 141450060 1405964 33407552    0    0 1330992 870908 277567 1141138 45 16 22 17  0  0
36 33  99388 141437576 1405964 33407652    0    0 1330576 880028 277380 1138382 45 16 22 17  0  0
45 24  99388 141458264 1405964 33407728    0    0 1341296 871608 277790 1143262 46 15 22 17  0  0
38 33  99388 141427732 1405976 33407808    0    0 1308544 855872 270190 1114117 44 15 23 18  0  0
66 11  99388 141430732 1405976 33407912    0    0 1282128 822332 261456 1082582 41 13 25 21  0  0
52 28  99388 141451276 1405976 33407992    0    0 1323248 868576 274978 1138296 45 15 23 18  0  0
32 40  99388 141448256 1405976 33408096    0    0 1319120 862992 273765 1127161 44 15 23 18  0  0
40 46  99388 141471136 1405976 33408180    0    0 1332224 867364 275199 1137771 45 15 22 18  0  0
50 28  99388 141445348 1405988 33408256    0    0 1333312 868080 277888 1145554 46 16 22 17  0  0
47 22  99388 141437940 1405988 33408360    0    0 1279872 829520 263238 1087105 42 14 24 19  0  0
51 17  99388 141452460 1405988 33408436    0    0 1302208 860612 270832 1111965 44 15 23 19  0  0
52 18  99388 141463008 1405988 33408532    0    0 1339792 867984 276359 1141510 45 15 22 17  0  0
50 24  99388 141460000 1405996 33408612    0    0 1338064 884184 277280 1148328 45 15 23 18  0  0
procs -----------memory---------- ---swap-- -----io---- -system-- -------cpu-------
 r  b   swpd   free   buff  cache   si   so    bi    bo   in   cs us sy id wa st gu
56 18  99388 141477668 1406004 33408692    0    0 1342704 880052 277502 1155507 45 15 23 18  0  0
34 39  99388 141458720 1406004 33408792    0    0 1343744 868948 277727 1149449 45 16 22 17  0  0
44 31  99388 141465056 1406004 33408888    0    0 1280992 823920 262500 1088358 42 14 24 20  0  0
49 21  99388 141463472 1406004 33408980    0    0 1306608 855312 271277 1115905 44 15 23 18  0  0
50 20  99388 141456836 1406012 33409076    0    0 1318240 863616 274060 1128142 44 15 23 18  0  0
42 28  99388 141446972 1406024 33409160    0    0 1330032 882800 275240 1139007 45 15 23 18  0  0
43 24  99388 141448500 1406024 33409260    0    0 1331328 870176 275424 1137860 45 16 22 17  0  0
51 23  99388 141444996 1406024 33409348    0    0 1339328 873060 276258 1143610 45 15 22 17  0  0
45 26  99388 141447548 1406024 33409428    0    0 1256384 822636 256658 1061098 40 12 25 22  0  0
50 25  99388 141443940 1406024 33409512    0    0 1339152 876208 276053 1147355 45 15 22 17  0  0
28 57  99388 141447556 1406036 33409596    0    0 1340064 872864 275694 1141420 45 15 22 17  0  0
45 32  99388 141454628 1406036 33409704    0    0 1334352 876360 275716 1138457 45 15 22 17  0  0
49 32  99388 141445132 1406040 33409784    0    0 1336000 876980 275977 1145977 45 16 22 17  0  0
44 31  99388 141453500 1406040 33409884    0    0 1345440 870760 277176 1150597 45 15 22 17  0  0
40 37  99388 141461244 1406040 33409960    0    0 1254592 810032 256981 1057797 41 14 24 21  0  0
34 40  99388 141445024 1406052 33410036    0    0 1328336 873012 275115 1138581 45 15 22 18  0  0
48 26  99388 141456672 1406052 33410136    0    0 1333984 873784 274382 1138256 44 14 23 18  0  0
52 20  99388 141442444 1406056 33410208    0    0 1323984 877092 274914 1136557 44 14 23 18  0  0
52 18  99388 141442252 1406056 33410316    0    0 1338720 873788 276520 1145910 45 15 22 17  0  0
53 18  99388 141434184 1406056 33410408    0    0 1256768 815652 257313 1065232 41 14 24 21  0  0
31 12  99388 141454944 1406064 33410476    0    0 1342656 877568 277530 1152653 45 15 22 17  0  0
procs -----------memory---------- ---swap-- -----io---- -system-- -------cpu-------
 r  b   swpd   free   buff  cache   si   so    bi    bo   in   cs us sy id wa st gu
49 27  99388 141460920 1406064 33410584    0    0 1336832 866968 276037 1143285 45 15 22 17  0  0
43 20  99388 141450020 1406064 33410672    0    0 1332480 886320 277453 1146610 45 15 22 17  0  0
61 14  99388 141449248 1406064 33410760    0    0 1335376 875252 275655 1142265 45 15 22 18  0  0
39 35  99388 141448428 1406064 33410852    0    0 1345056 871532 276899 1148942 45 15 22 17  0  0
47 35  99388 141445632 1406072 33410920    0    0 1336624 879468 273912 1143117 44 14 24 19  0  0
30 43  99388 141447380 1406076 33411012    0    0 1258912 816336 258824 1063256 41 14 24 21  0  0
32 60  99388 141450440 1406076 33411116    0    0 1324896 871900 274128 1130795 45 15 22 18  0  0
34 45  99388 141454908 1406076 33411204    0    0 1337856 875128 275887 1143677 45 15 22 17  0  0
54 31  99388 141453412 1406076 33411292    0    0 1321120 873604 274854 1130577 44 15 22 18  0  0
40 48  99388 141444828 1406088 33411368    0    0 1291440 835072 265681 1097466 43 15 23 19  0  0
48 43  99388 141440688 1406088 33411548    0    0 1292112 845808 267818 1100196 43 15 23 19  0  0
31 49  99388 141441704 1406088 33411640    0    0 1332512 869792 275920 1139031 45 15 22 17  0  0
44 38  99388 141433628 1406088 33411732    0    0 1347088 883292 277358 1150245 45 14 23 18  0  0
39 37  99388 141448652 1406088 33411808    0    0 1342656 872452 276219 1145970 45 15 23 18  0  0
29 41  99388 141453532 1406100 33411880    0    0 1332528 877616 276858 1144834 45 15 22 17  0  0
19 55  99388 141446004 1406100 33411976    0    0 1335328 879396 277851 1145458 45 16 22 17  0  0
35 38  99388 141444052 1406100 33412076    0    0 1284688 836916 266463 1092304 43 14 23 19  0  0
46 25  99388 141429612 1406100 33412164    0    0 1291232 847256 267840 1098624 43 15 23 19  0  0
45 34  99388 141439148 1406104 33412252    0    0 1331520 866584 277595 1140093 45 16 22 17  0  0
50 32  99388 141433392 1406116 33412340    0    0 1325264 876652 275875 1135845 45 16 22 17  0  0
39 45  99388 141435856 1406116 33412452    0    0 1300368 852708 268403 1104701 43 15 23 19  0  0
procs -----------memory---------- ---swap-- -----io---- -system-- -------cpu-------
 r  b   swpd   free   buff  cache   si   so    bi    bo   in   cs us sy id wa st gu
42 35  99388 141435888 1406116 33412528    0    0 1281152 839648 263431 1085585 42 13 25 21  0  0
36 50  99388 141434688 1406116 33412608    0    0 1335760 873120 276663 1141142 45 15 22 17  0  0
47 37  99388 141437528 1406116 33412708    0    0 1339344 871120 277548 1144668 45 16 22 17  0  0
43 43  99388 141427476 1406128 33412780    0    0 1343216 874904 276912 1146649 45 16 22 17  0  0
38 42  99388 141450132 1406128 33412888    0    0 1339600 868104 277027 1144712 45 16 22 17  0  0
37 51  99388 141451360 1406128 33412984    0    0 1337472 880944 277777 1146907 45 16 22 17  0  0
37 36  99388 141432384 1406128 33413064    0    0 1337760 872608 276054 1143838 44 16 22 18  0  0
41 46  99388 141455208 1406136 33413148    0    0 1233952 815008 254349 1039296 40 13 25 22  0  0
36 34  99388 141460648 1406144 33413232    0    0 1338224 866052 274555 1138770 44 14 23 18  0  0
42 46  99388 141453064 1406144 33413328    0    0 1339760 870860 275486 1140556 45 14 23 18  0  0
28 44  99388 141467776 1406144 33413416    0    0 1317776 868368 272834 1126799 44 15 23 18  0  0
34 41  99388 141461284 1406144 33413504    0    0 1255760 822256 258501 1062665 41 14 24 21  0  0
28 57  99388 141455024 1406144 33413604    0    0 1339120 877312 275888 1140446 45 15 22 17  0  0
33 44  99388 141444860 1406144 33413692    0    0 1337024 883952 276257 1142395 45 15 22 17  0  0
58 19  99388 141434204 1406144 33413776    0    0 1340336 880072 277836 1149796 45 15 22 17  0  0
21 64  99388 141429128 1406148 33413860    0    0 1334192 883116 276858 1142274 45 15 22 17  0  0
27 44  99388 141432840 1406148 33413952    0    0 1335440 880924 277712 1144605 45 15 22 17  0  0
43 43  99388 141431872 1406148 33414044    0    0 1347296 875684 276154 1147506 44 14 23 18  0  0
32 38  99388 141442964 1406160 33414096    0    0 1293680 839660 266610 1095361 43 15 23 19  0  0
47 37  99388 141444024 1406160 33414208    0    0 1289504 841100 266483 1095021 43 14 23 19  0  0
34 51  99388 141436992 1406160 33414300    0    0 1335936 879252 278266 1147421 45 15 22 17  0  0
procs -----------memory---------- ---swap-- -----io---- -system-- -------cpu-------
 r  b   swpd   free   buff  cache   si   so    bi    bo   in   cs us sy id wa st gu
31 41  99388 141430884 1406160 33414388    0    0 1337392 866872 276697 1143160 45 15 22 17  0  0
26 48  99388 141435856 1406160 33414468    0    0 1239760 797912 256022 1052402 41 14 24 21  0  0
46 45  99388 141437752 1406172 33414548    0    0 1331104 882628 276578 1137518 45 15 22 17  0  0
44 34  99388 141439396 1406172 33414656    0    0 1331296 875692 276940 1142312 45 15 22 17  0  0
46 40  99388 141431828 1406172 33414736    0    0 1347760 875232 277451 1152477 45 14 23 18  0  0
43 43  99388 141436240 1406172 33414824    0    0 1338192 881252 278116 1151111 45 15 23 17  0  0
28 46  99388 141445496 1406280 33414916    0    0 1336688 872588 276205 1141238 45 15 23 17  0  0
43 36  99388 141448380 1406292 33415004    0    0 1343088 880564 278512 1149685 45 16 22 17  0  0
57 26  99388 141442980 1406292 33415104    0    0 1340256 867996 277397 1144094 45 16 22 17  0  0
29 43  99388 141444288 1406292 33415200    0    0 1246240 817236 257718 1056422 41 14 24 21  0  0
33 57  99388 141437340 1406292 33415276    0    0 1323824 872108 276022 1127763 44 15 22 18  0  0
32 53  99388 141427236 1406292 33415364    0    0 1333312 880360 276880 1144298 45 16 22 17  0  0
36 39  99388 141436800 1406304 33415448    0    0 1314112 857600 271366 1119574 44 15 23 18  0  0
25 60  99388 141443876 1406304 33415548    0    0 1273168 840476 259888 1073938 41 13 25 21  0  0
36 38  99388 141453908 1406304 33415632    0    0 1330784 867476 276206 1142290 45 15 22 17  0  0
33 47  99388 141440108 1406304 33415708    0    0 1330720 882692 276247 1142181 45 15 22 17  0  0
39 41  99388 141432740 1406308 33415800    0    0 1340096 867436 276187 1142612 45 15 22 17  0  0
21 61  99388 141428060 1406320 33415892    0    0 1341744 875532 277997 1146644 45 16 22 17  0  0
42 47  99388 141433228 1406320 33415996    0    0 1337328 875780 276412 1142363 45 15 22 17  0  0
33 41  99388 141424968 1406320 33416076    0    0 1338304 878512 277863 1147509 45 16 22 17  0  0
35 49  99388 141412684 1406320 33416168    0    0 1335440 856668 276124 1140719 45 15 22 17  0  0
procs -----------memory---------- ---swap-- -----io---- -system-- -------cpu-------
 r  b   swpd   free   buff  cache   si   so    bi    bo   in   cs us sy id wa st gu
42 29  99388 141414276 1406320 33416268    0    0 1257088 825864 256683 1062675 41 13 25 21  0  0
25 52  99388 141428864 1406328 33416336    0    0 1338144 880332 277287 1145715 45 15 23 18  0  0
28 47  99388 141426972 1406328 33416432    0    0 1334752 879304 276934 1141857 45 15 22 17  0  0
32 54  99388 141434116 1406328 33416528    0    0 1253008 801000 256646 1059750 41 14 24 21  0  0
26 42  99388 141434420 1406328 33416624    0    0 1326432 885252 276592 1138877 45 15 22 17  0  0
45 39  99388 141424080 1406336 33416704    0    0 1335808 872572 276097 1140471 45 15 22 17  0  0
48 34  99388 141401572 1406344 33416800    0    0 1334160 881904 281602 1145366 45 16 22 17  0  0
33 53  99388 141434744 1406344 33416956    0    0 1335920 873232 280228 1148042 46 16 22 17  0  0
31 47  99388 141426172 1406344 33417048    0    0 1334384 877420 276230 1142115 45 15 23 17  0  0
31 41  99388 141432468 1406344 33417124    0    0 1346656 880924 276106 1143704 45 14 23 18  0  0
37 44  99388 141426232 1406344 33417208    0    0 1332368 862620 276601 1142615 45 15 22 17  0  0
24 57  99388 141435084 1406352 33417280    0    0 1264160 819860 259947 1068066 42 14 24 20  0  0
44 47  99388 141428896 1406352 33417388    0    0 1309520 861972 270748 1114605 44 15 23 19  0  0
29 53  99388 141425568 1406360 33417476    0    0 1337568 873028 278189 1147146 45 15 22 17  0  0
28 60  99388 141421416 1406360 33417576    0    0 1312448 855192 272124 1121853 44 15 22 18  0  0
20 65  99388 141417728 1406360 33417656    0    0 1261488 828704 260300 1067546 42 14 24 20  0  0
30 58  99388 141408540 1406380 33417708    0    0 1328592 876412 276092 1139938 45 15 22 17  0  0
40 48  99388 141416700 1406380 33417828    0    0 1343264 881768 276654 1149704 45 14 23 18  0  0
38 38  99388 141414928 1406380 33417908    0    0 1346720 871456 277360 1149917 45 15 23 17  0  0
36 48  99388 141400028 1406380 33417992    0    0 1342592 877252 278481 1151121 45 15 22 17  0  0
38 42  99388 141406536 1406380 33418084    0    0 1338064 870952 276352 1142294 45 15 22 17  0  0
procs -----------memory---------- ---swap-- -----io---- -system-- -------cpu-------
 r  b   swpd   free   buff  cache   si   so    bi    bo   in   cs us sy id wa st gu
41 37  99388 141425704 1406392 33418176    0    0 1333600 876092 275289 1137856 45 15 23 17  0  0
43 41  99388 141410680 1406392 33418284    0    0 1329984 863100 275665 1135326 45 15 23 18  0  0
40 43  99388 141407080 1406392 33418372    0    0 1252944 819540 258178 1062624 42 14 24 21  0  0
42 30  99388 141414748 1406392 33418456    0    0 1338080 875764 278006 1147281 46 15 22 17  0  0
39 47  99388 141409652 1406392 33418544    0    0 1337520 857200 274778 1140136 45 15 23 17  0  0
47 35  99388 141411132 1406408 33418612    0    0 1250992 824852 255566 1056853 40 12 25 22  0  0
34 53  99388 141424332 1406408 33418724    0    0 1332288 871472 275088 1135241 45 15 22 17  0  0
35 46  99388 141432036 1406408 33418812    0    0 1333344 879068 275851 1142403 45 15 22 17  0  0
45 30  99388 141434120 1406408 33418892    0    0 1343360 881588 278878 1150281 45 16 22 17  0  0
37 41  99388 141426620 1406408 33418992    0    0 1345072 879152 277098 1146469 45 16 22 17  0  0
33 55  99388 141411532 1406416 33419076    0    0 1343504 873248 276945 1144511 45 16 22 17  0  0
26 45  99388 141407392 1406416 33419200    0    0 1337776 884084 276334 1141512 45 15 22 17  0  0
29 51  99388 141423656 1406416 33419280    0    0 1336096 856384 276139 1141960 45 15 22 17  0  0
36 51  99388 141428124 1406420 33419364    0    0 1328000 875756 273036 1128999 44 14 24 19  0  0
30 55  99388 141417796 1406420 33419452    0    0 1256928 833280 257834 1064327 41 13 25 21  0  0
41 33  99388 141410204 1406432 33419524    0    0 1341552 875360 276639 1149131 45 16 22 17  0  0
24 45  99388 141403084 1406432 33419632    0    0 1270032 822976 260915 1075664 42 14 24 20  0  0
50 25  99388 141410372 1406432 33419728    0    0 1309840 870364 271455 1117881 44 15 23 19  0  0
29 56  99388 141432260 1406432 33419820    0    0 1331472 880648 276086 1143589 45 15 22 17  0  0
34 55  99388 141422668 1406432 33419912    0    0 1334160 874052 282513 1144622 45 16 22 17  0  0
53 35  99388 141421656 1406444 33419992    0    0 1338864 871984 282451 1144433 45 16 22 17  0  0
procs -----------memory---------- ---swap-- -----io---- -system-- -------cpu-------
 r  b   swpd   free   buff  cache   si   so    bi    bo   in   cs us sy id wa st gu
29 54  99388 141420600 1406444 33420080    0    0 1335280 877904 277264 1143466 45 16 22 17  0  0
37 48  99388 141418996 1406444 33420164    0    0 1340288 872376 275877 1145050 45 14 23 18  0  0
45 41  99388 141424860 1406444 33420244    0    0 1333616 866364 276223 1142883 45 16 22 17  0  0
44 32  99388 141440696 1406444 33420328    0    0 1330480 866284 276046 1138929 45 16 22 17  0  0
24 59  99388 141420412 1406456 33420404    0    0 1304896 845312 270711 1115394 44 15 23 18  0  0
46 30  99388 141412560 1406456 33420500    0    0 1286000 852208 266206 1093609 43 14 23 20  0  0
35 52  99388 141409780 1406456 33420604    0    0 1283344 819056 264988 1090981 43 15 23 19  0  0
46 49  99388 141425260 1406456 33420688    0    0 1293648 845072 267162 1098421 43 15 23 19  0  0
44 47  99388 141414312 1406456 33420776    0    0 1312704 885644 274552 1127438 45 15 22 18  0  0
23 63  99388 141427564 1406456 33420860    0    0 1345584 878492 276855 1148573 45 14 23 18  0  0
46 33  99388 141429716 1406456 33420956    0    0 1341264 881016 277206 1144917 45 15 22 18  0  0
38 47  99388 141434700 1406460 33421040    0    0 1343392 879632 278986 1150117 45 16 22 17  0  0
33 40  99388 141445264 1406460 33421136    0    0 1341920 872208 277499 1145267 46 15 22 17  0  0
36 47  99388 141437644 1406460 33421220    0    0 1336192 871432 276063 1140427 45 15 22 17  0  0
43 44  99388 141432572 1406468 33421300    0    0 1324128 862256 275707 1135091 45 15 22 17  0  0
28 60  99388 141412656 1406468 33421404    0    0 1331744 885964 276323 1139739 45 16 22 18  0  0
36 50  99388 141429980 1406472 33421496    0    0 1258112 808456 258328 1065274 42 14 24 20  0  0
38 47  99388 141433200 1406472 33421584    0    0 1338688 880272 277271 1143521 45 15 22 17  0  0
28 57  99388 141434036 1406472 33421664    0    0 1255344 823088 256260 1056322 40 12 25 22  0  0
38 46  99388 141461648 1406484 33421736    0    0 1214592 758468 248815 1019312 40 13 25 22  0  0
33 44  99388 141442540 1406484 33421844    0    0 1209776 796628 249583 1016587 39 13 25 23  0  0
procs -----------memory---------- ---swap-- -----io---- -system-- -------cpu-------
 r  b   swpd   free   buff  cache   si   so    bi    bo   in   cs us sy id wa st gu
34 42  99388 141435076 1406484 33421940    0    0 1219472 790740 250423 1026114 40 13 25 22  0  0
46 45  99388 141424540 1406484 33421988    0    0 1222016 796812 250584 1027288 40 13 25 22  0  0
38 47  99388 141422088 1406484 33422080    0    0 1220208 800480 250543 1023449 40 13 25 22  0  0
27 57  99388 141420488 1406496 33422160    0    0 1225392 784416 251025 1031290 40 13 25 22  0  0
37 38  99388 141430176 1406496 33422336    0    0 1208240 794824 248383 1016756 39 13 25 23  0  0
56 25  99388 141445356 1406496 33422420    0    0 1233616 806988 251888 1039891 39 12 26 23  0  0
29 50  99388 141435508 1406496 33422500    0    0 1246336 825368 257715 1055174 42 14 24 21  0  0
34 53  99388 141448424 1406496 33422580    0    0 1267920 823620 261631 1073758 42 14 24 20  0  0
33 43  99388 141434588 1406508 33422668    0    0 1251040 813848 258716 1060023 41 14 24 21  0  0
32 44  99388 141433488 1406508 33422768    0    0 1229312 796888 251912 1035151 40 13 25 22  0  0
36 42  99388 141430852 1406508 33422864    0    0 1302640 834080 268472 1103575 43 15 23 19  0  0
42 43  99388 141438644 1406508 33422956    0    0 1291744 855452 268286 1097554 43 14 23 19  0  0
38 44  99388 141443520 1406512 33423040    0    0 1304688 837880 268681 1106923 44 15 23 19  0  0
36 36  99388 141449616 1406524 33423124    0    0 1306192 867908 270054 1113560 43 14 24 19  0  0
34 54  99388 141447216 1406524 33423220    0    0 1314592 846156 269886 1114572 44 14 23 19  0  0
17 53  99388 141451652 1406524 33423308    0    0 1306544 862876 270847 1113700 44 15 23 19  0  0
32 46  99388 141435876 1406524 33423392    0    0 1306320 834032 269595 1112410 43 15 23 19  0  0
42 31  99388 141429364 1406524 33423480    0    0 1299936 852120 269826 1111762 43 15 23 19  0  0
32 38  99388 141422676 1406528 33423568    0    0 1304416 858356 270453 1114601 44 15 23 18  0  0
30 54  99388 141423848 1406528 33423656    0    0 1317168 854764 270737 1117319 44 15 23 18  0  0
37 44  99388 141450976 1406528 33423752    0    0 1269184 816664 261994 1078132 42 14 24 20  0  0
procs -----------memory---------- ---swap-- -----io---- -system-- -------cpu-------
 r  b   swpd   free   buff  cache   si   so    bi    bo   in   cs us sy id wa st gu
27 61  99388 141432816 1406528 33423844    0    0 1272528 838692 262826 1081363 42 14 24 20  0  0
42 41  99388 141432436 1406528 33423932    0    0 1308864 828880 268669 1116445 43 13 24 20  0  0
41 30  99388 141420888 1406540 33423988    0    0 1295680 856964 269821 1108979 43 15 23 19  0  0
54 39  99388 141411476 1406540 33424100    0    0 1309856 852168 270221 1112757 44 15 23 19  0  0
36 46  99388 141413704 1406540 33424184    0    0 1304880 868304 270598 1113067 44 15 23 19  0  0
43 42  99388 141414304 1406540 33424268    0    0 1310160 852716 270341 1115364 44 15 23 18  0  0
18 66  99388 141441056 1406540 33424360    0    0 1265360 816928 262100 1071449 41 14 24 20  0  0
39 41  99388 141422696 1406548 33424452    0    0 1243376 828636 258375 1059943 41 14 24 21  0  0
25 53  99388 141426992 1406548 33424552    0    0 1290688 842196 267744 1103315 43 15 23 19  0  0
43 39  99388 141417764 1406548 33424640    0    0 1310064 859572 270008 1119215 43 13 24 19  0  0
22 60  99388 141446968 1406552 33424720    0    0 1298208 860552 268847 1106704 43 14 23 19  0  0
40 40  99388 141440672 1406552 33424808    0    0 1229600 802440 253514 1039001 40 13 25 22  0  0
47 41  99388 141456872 1406556 33424900    0    0 1294784 856816 270156 1109640 43 15 23 19  0  0
35 49  99388 141441152 1406556 33424984    0    0 1298576 824868 267589 1100347 43 15 23 19  0  0
30 51  99388 141420652 1406556 33425084    0    0 1280144 858024 267469 1097265 43 15 23 19  0  0
32 43  99388 141415920 1406560 33425172    0    0 1300384 858908 269745 1108832 43 15 23 19  0  0
42 37  99388 141429808 1406560 33425260    0    0 1307184 860744 271951 1119677 44 15 23 18  0  0
37 52  99388 141444508 1406564 33425348    0    0 1318160 867636 272121 1127148 44 14 23 18  0  0
32 57  99388 141444944 1406564 33425440    0    0 1318144 850424 270516 1119469 44 14 24 19  0  0
34 47  99388 141434148 1406564 33425524    0    0 1306736 861432 271538 1119762 44 15 23 18  0  0
45 38  99388 141431688 1406564 33425620    0    0 1307280 855604 270553 1115439 43 15 23 18  0  0
procs -----------memory---------- ---swap-- -----io---- -system-- -------cpu-------
 r  b   swpd   free   buff  cache   si   so    bi    bo   in   cs us sy id wa st gu
50 25  99388 141443624 1406564 33425716    0    0 1318976 860088 272694 1127131 44 15 23 18  0  0
40 35  99388 141425048 1406564 33425800    0    0 1231056 801236 253597 1042840 40 14 25 22  0  0
39 39  99388 141405224 1406564 33425892    0    0 1316768 849504 271362 1119008 44 15 23 18  0  0
31 61  99388 141411464 1406564 33425968    0    0 1304656 839832 268733 1107435 44 15 23 19  0  0
36 51  99388 141419464 1406564 33426072    0    0 1293024 871528 269347 1103640 43 15 23 19  0  0
52 32  99388 141426868 1406564 33426160    0    0 1316016 873528 271736 1124292 43 13 24 19  0  0
34 42  99388 141406852 1406572 33426224    0    0 1313744 858912 272825 1122229 44 15 23 18  0  0
38 34  99388 141409284 1406572 33426320    0    0 1317648 858632 272656 1125419 44 15 23 18  0  0
34 49  99388 141422824 1406572 33426416    0    0 1317136 852268 272064 1121785 44 15 23 18  0  0
51 30  99388 141459072 1406572 33426508    0    0 1301392 859948 270320 1113454 44 15 23 18  0  0
29 60  99388 141425132 1406572 33426600    0    0 1302800 853344 271043 1113212 43 15 23 19  0  0
33 52  99388 141409300 1406592 33426688    0    0 1313152 862568 271495 1118260 44 15 23 18  0  0
37 52  99388 141396712 1406592 33426796    0    0 1307424 836856 269436 1110184 43 15 23 19  0  0
34 49  99388 141412328 1406592 33426888    0    0 1240672 826784 254369 1048751 40 12 25 22  0  0
22 64  99388 141419896 1406592 33426968    0    0 1320896 860456 272330 1126205 43 14 24 19  0  0
36 35  99388 141434720 1406592 33427056    0    0 1308896 826496 270433 1115575 44 15 23 18  0  0
33 41  99388 141420664 1406608 33427112    0    0 1296256 887480 271027 1114182 43 15 23 19  0  0
45 34  99388 141417936 1406608 33427232    0    0 1313984 856216 271397 1123330 44 15 23 18  0  0
45 32  99388 141397120 1406608 33427312    0    0 1321136 869036 272585 1121815 44 15 23 18  0  0
43 30  99388 141403860 1406608 33427412    0    0 1313616 868564 272447 1123283 44 15 23 18  0  0
41 46  99388 141422956 1406608 33427492    0    0 1314848 858008 271408 1121374 44 15 23 18  0  0
procs -----------memory---------- ---swap-- -----io---- -system-- -------cpu-------
 r  b   swpd   free   buff  cache   si   so    bi    bo   in   cs us sy id wa st gu
30 58  99388 141430868 1406624 33427576    0    0 1308944 856288 271240 1113197 43 15 23 19  0  0
43 29  99388 141431368 1406624 33427788    0    0 1313600 860392 270656 1123198 43 13 24 19  0  0
46 23  99388 141452068 1406624 33427864    0    0 1316048 860848 273046 1124619 44 15 23 18  0  0
44 26  99388 141426040 1406624 33427956    0    0 1238688 804620 253481 1042627 40 13 25 22  0  0
51 41  99388 141404532 1406624 33428040    0    0 1313376 851172 271315 1116098 44 15 23 18  0  0
43 33  99388 141405608 1406636 33428124    0    0 1311632 862620 271725 1122629 44 15 23 18  0  0
28 57  99388 141416656 1406636 33428216    0    0 1299392 843768 269694 1110695 43 15 23 19  0  0
40 31  99388 141421192 1406636 33428312    0    0 1309136 864052 271615 1118871 44 15 23 18  0  0
41 29  99388 141419648 1406636 33428404    0    0 1314160 865832 272346 1119176 44 15 23 18  0  0
45 26  99388 141414820 1406640 33428496    0    0 1319344 865416 271798 1130132 43 14 24 19  0  0
48 24  99388 141406016 1406652 33428564    0    0 1320048 858040 272149 1126470 44 14 23 19  0  0
47 28  99388 141430364 1406652 33428668    0    0 1309360 860972 271485 1118361 43 15 23 19  0  0
48 21  99388 141426480 1406652 33428752    0    0 1301904 852848 269821 1111283 43 15 23 19  0  0
47 29  99388 141421100 1406652 33428832    0    0 1312256 863456 276006 1120227 44 15 23 18  0  0
34 37  99388 141416644 1406652 33428928    0    0 1285376 844804 266522 1095351 43 15 23 19  0  0
56 17  99388 141396632 1406660 33429016    0    0 1261888 812872 258330 1064803 41 14 24 21  0  0
42 33  99388 141397168 1406660 33429128    0    0 1324272 872468 274608 1134601 45 15 22 18  0  0
48 24  99388 141420104 1406664 33429208    0    0 1331408 871044 274011 1131453 44 15 23 18  0  0
42 27  99388 141433540 1406664 33429296    0    0 1334176 879076 274505 1134502 44 14 23 19  0  0
44 26  99388 141421420 1406664 33429384    0    0 1334336 873984 276455 1144535 45 16 22 17  0  0
41 30  99388 141409744 1406676 33429460    0    0 1340720 884052 277124 1148491 45 15 22 17  0  0
procs -----------memory---------- ---swap-- -----io---- -system-- -------cpu-------
 r  b   swpd   free   buff  cache   si   so    bi    bo   in   cs us sy id wa st gu
55 19  99388 141411140 1406676 33429564    0    0 1344560 875268 276678 1147357 45 15 22 17  0  0
47 25  99388 141412360 1406676 33429644    0    0 1339856 880924 277410 1146135 45 15 22 17  0  0
50 23  99388 141423032 1406676 33429736    0    0 1325568 866280 273940 1127939 44 15 23 18  0  0
44 29  99388 141429656 1406676 33429820    0    0 1335696 880416 276621 1143631 45 15 22 17  0  0
56 18  99388 141411516 1406688 33429900    0    0 1340928 865976 277572 1146227 46 16 22 17  0  0
42 25  99388 141422556 1406688 33430000    0    0 1255920 808412 256373 1058272 41 12 25 22  0  0
41 34  99388 141420312 1406688 33430092    0    0 1349104 877596 277950 1150999 45 15 22 17  0  0
56 20  99388 141437508 1406688 33430172    0    0 1336592 879108 276653 1140891 45 16 22 17  0  0
41 29  99388 141425232 1406688 33430268    0    0 1321104 868936 274963 1127372 45 15 22 18  0  0
56 22  99388 141408248 1406704 33430344    0    0 1329920 866572 277488 1132499 45 16 23 17  0  0
51 23  99388 141424728 1406704 33430456    0    0 1334464 879260 277906 1154766 45 16 22 17  0  0
37 36  99388 141423908 1406704 33430540    0    0 1342912 892916 278064 1152314 45 16 22 17  0  0
50 20  99388 141420176 1406704 33430644    0    0 1342848 889628 278217 1152544 45 15 22 17  0  0
47 28  99388 141422948 1406704 33430732    0    0 1336240 888488 276312 1149685 45 15 23 18  0  0
40 32  99388 141421292 1406712 33430800    0    0 1338720 877248 273766 1142054 44 14 24 19  0  0
45 26  99388 141403676 1406712 33430912    0    0 1339072 880912 276611 1150186 45 16 22 17  0  0
44 27  99388 141401756 1406712 33430992    0    0 1299056 864856 269428 1109757 43 15 23 19  0  0
39 30  99388 141415216 1406712 33431084    0    0 1221776 803376 250394 1029135 40 13 25 22  0  0
43 31  99388 141427440 1406712 33431172    0    0 1228752 797592 251274 1034547 40 13 25 22  0  0
48 35  99388 141425832 1406732 33431240    0    0 1208816 793236 249507 1023109 40 13 25 22  0  0
30 45  99388 141403128 1406732 33431352    0    0 1219136 790548 249162 1023407 39 13 25 22  0  0
procs -----------memory---------- ---swap-- -----io---- -system-- -------cpu-------
 r  b   swpd   free   buff  cache   si   so    bi    bo   in   cs us sy id wa st gu
 3  0  99388 141458988 1406732 33431444    0    0 1173392 781708 294902 999812 39 13 27 21  0  0
