procs -----------memory---------- ---swap-- -----io---- -system-- -------cpu-------
 r  b   swpd   free   buff  cache   si   so    bi    bo   in   cs us sy id wa st gu
 6  0  99388 142303604 1400352 33184708    0    1 11134 15240 8816    2  2  0 98  0  0  0
 2  0  99388 142284316 1400356 33184844    0    0     0 320544 95793 60626  1  1 98  0  0  0
25  0  99388 142270332 1400364 33184956    0    0     0 320032 102850 82816 37  2 61  0  0  0
34  8  99388 142252444 1400372 33185052    0    0 722192 349088 180082 641063 22  7 60 11  0  0
27 11  99388 142245236 1400372 33185136    0    0 885856 479108 217406 808601 24  8 53 14  0  0
23 16  99388 142256920 1400372 33185224    0    0 885632 486604 224833 811620 24  8 54 14  0  0
34  6  99388 142238380 1400372 33185316    0    0 869648 471588 213139 787382 24  8 54 14  0  0
29 11  99388 142258660 1400372 33185400    0    0 865024 476788 211896 776561 23  7 55 16  0  0
28 13  99388 142250636 1400380 33185492    0    0 862992 542840 217199 799325 24  8 53 15  0  0
21 15  99388 142241656 1400380 33185584    0    0 872480 542208 218597 812777 24  8 53 14  0  0
27 11  99388 142246152 1400380 33185676    0    0 818752 485760 204150 744099 23  8 54 16  0  0
25 13  99388 142241420 1400380 33185772    0    0 838944 506348 211885 765885 23  8 53 16  0  0
29 11  99388 142256500 1400380 33185864    0    0 842288 509204 211299 770692 23  8 53 15  0  0
27 10  99388 142253968 1400388 33185948    0    0 840432 505368 210636 767064 23  8 53 15  0  0
28  8  99388 142258868 1400388 33186024    0    0 852096 517260 211479 769955 23  7 55 16  0  0
28  9  99388 142244116 1400388 33186124    0    0 843248 526744 212442 772497 23  7 54 16  0  0
26 16  99388 142241408 1400388 33186224    0    0 858448 544160 215415 791449 23  8 53 15  0  0
32 11  99388 142255100 1400396 33186312    0    0 808448 529204 205677 743503 22  8 53 17  0  0
40  4  99388 142237592 1400404 33186400    0    0 841584 565872 213906 780707 23  8 53 15  0  0
26 13  99388 142238084 1400404 33186476    0    0 845280 569792 216194 787091 24  8 53 15  0  0
39  5  99388 142238732 1400404 33186576    0    0 841632 580820 216134 785847 24  8 53 15  0  0
procs -----------memory---------- ---swap-- -----io---- -system-- -------cpu-------
 r  b   swpd   free   buff  cache   si   so    bi    bo   in   cs us sy id wa st gu
24 11  99388 142252044 1400404 33186656    0    0 839952 581892 214795 779476 23  7 54 16  0  0
28 10  99388 142231988 1400408 33186744    0    0 837008 594280 215587 782236 23  8 53 15  0  0
23 14  99388 142225372 1400428 33186828    0    0 806752 580624 209789 753035 23  8 53 16  0  0
30 11  99388 142231608 1400428 33186920    0    0 838128 591088 214865 782020 23  8 53 15  0  0
25 10  99388 142220848 1400428 33187020    0    0 842976 595464 216404 786738 23  8 53 15  0  0
30  9  99388 142228400 1400428 33187116    0    0 841184 603460 217535 790345 23  8 53 15  0  0
17 19  99388 142232328 1400428 33187204    0    0 839104 595156 216552 788278 24  8 53 15  0  0
24 12  99388 142246052 1400432 33187276    0    0 841504 598980 216310 784314 23  7 54 16  0  0
22 17  99388 142238272 1400432 33187368    0    0 835216 591592 214897 776722 23  7 54 16  0  0
21 14  99388 142237088 1400432 33187452    0    0 831824 569376 213002 775340 23  8 53 15  0  0
23 13  99388 142233760 1400432 33187548    0    0 834736 581500 214407 776170 23  8 53 16  0  0
23 12  99388 142226120 1400432 33187632    0    0 838128 586492 215531 782915 23  8 53 15  0  0
30 17  99388 142219828 1400436 33187724    0    0 842144 593108 216582 788392 23  8 53 15  0  0
26 11  99388 142216424 1400436 33187828    0    0 844288 585852 217547 795572 24  8 53 15  0  0
25 12  99388 142226296 1400436 33187924    0    0 849088 595956 217476 793686 23  8 54 15  0  0
18 23  99388 142228276 1400436 33188000    0    0 800096 552188 205071 733753 22  7 54 17  0  0
24 13  99388 142228424 1400440 33188084    0    0 832608 584892 215220 780092 23  8 54 15  0  0
30 13  99388 142215540 1400452 33188184    0    0 850688 600568 218445 797148 24  8 53 15  0  0
21 24  99388 142220280 1400452 33188272    0    0 840944 605508 219749 790799 24  8 53 15  0  0
22 13  99388 142226688 1400452 33188360    0    0 839856 606504 218407 794929 23  8 53 15  0  0
22 15  99388 142234500 1400452 33188448    0    0 847360 606012 218764 795593 24  8 53 15  0  0
procs -----------memory---------- ---swap-- -----io---- -system-- -------cpu-------
 r  b   swpd   free   buff  cache   si   so    bi    bo   in   cs us sy id wa st gu
31 11  99388 142236536 1400452 33188532    0    0 848416 616392 218441 797744 24  7 54 15  0  0
26 10  99388 142234024 1400460 33188620    0    0 849712 606232 217819 793203 23  7 54 15  0  0
30  9  99388 142219808 1400460 33188720    0    0 844592 604440 218876 795229 24  8 53 15  0  0
27 12  99388 142215332 1400460 33188804    0    0 841584 609844 218581 796361 24  8 53 15  0  0
28  9  99388 142216684 1400460 33188900    0    0 838832 600212 216912 789237 24  8 53 15  0  0
27 11  99388 142206764 1400468 33188996    0    0 839504 608484 217433 790486 23  8 53 15  0  0
24 19  99388 142209728 1400480 33189168    0    0 837136 604256 217465 787334 24  8 53 15  0  0
25 11  99388 142203672 1400480 33189244    0    0 841168 611844 218503 792422 23  8 53 15  0  0
24 15  99388 142221948 1400480 33189324    0    0 848624 609756 219488 797110 23  7 54 15  0  0
30  6  99388 142208456 1400480 33189420    0    0 839424 617360 218907 796618 24  8 53 15  0  0
17 21  99388 142198512 1400480 33189512    0    0 845408 615724 218885 798738 24  8 53 15  0  0
24 12  99388 142208756 1400488 33189608    0    0 847824 625268 219791 801581 24  8 53 15  0  0
26 16  99388 142189316 1400488 33189680    0    0 800608 570008 207898 743426 22  8 53 16  0  0
27  9  99388 142201148 1400488 33189768    0    0 841440 616488 219324 803934 24  8 53 15  0  0
20 15  99388 142220236 1400488 33189860    0    0 844800 615300 219469 797634 24  8 54 15  0  0
24 16  99388 142237400 1400492 33189944    0    0 848704 614988 218227 792790 23  7 54 15  0  0
31  9  99388 142210968 1400500 33190028    0    0 800064 567996 208318 744230 23  8 53 16  0  0
27 12  99388 142216296 1400500 33190120    0    0 842544 622332 218971 797885 24  8 53 15  0  0
22 21  99388 142205284 1400500 33190212    0    0 840176 615996 218281 793327 24  8 53 15  0  0
21 20  99388 142198788 1400500 33190300    0    0 843136 617004 218919 795390 24  8 53 15  0  0
26 11  99388 142201764 1400500 33190392    0    0 842896 616208 219342 798617 24  8 53 15  0  0
procs -----------memory---------- ---swap-- -----io---- -system-- -------cpu-------
 r  b   swpd   free   buff  cache   si   so    bi    bo   in   cs us sy id wa st gu
27 12  99388 142203640 1400512 33190484    0    0 841600 611056 218186 794489 24  8 53 15  0  0
25 18  99388 142210896 1400512 33190560    0    0 850272 611096 217769 794577 23  7 54 16  0  0
28 12  99388 142204260 1400512 33190656    0    0 840800 609404 218181 794444 24  8 53 15  0  0
31 13  99388 142189196 1400512 33190748    0    0 833776 615292 217391 787895 24  8 53 15  0  0
23 19  99388 142191928 1400512 33190844    0    0 837872 608772 218315 795202 24  8 53 15  0  0
24 14  99388 142194180 1400524 33190940    0    0 840624 611508 218351 795914 24  8 53 15  0  0
27  8  99388 142200604 1400524 33191032    0    0 840144 608748 218332 793284 24  8 53 15  0  0
22 14  99388 142191248 1400524 33191124    0    0 841104 623156 219661 797962 24  8 53 15  0  0
17 17  99388 142206028 1400524 33191196    0    0 823904 591416 212605 765987 22  7 54 16  0  0
20 17  99388 142199652 1400532 33191276    0    0 824128 602156 214571 778925 23  8 53 16  0  0
22 14  99388 142188160 1400540 33191368    0    0 842064 604172 217583 792007 24  8 53 15  0  0
27 12  99388 142194496 1400540 33191448    0    0 831264 612388 216524 785924 24  8 53 15  0  0
32 10  99388 142183392 1400540 33191552    0    0 835136 602756 216659 786737 24  8 53 15  0  0
24 12  99388 142179144 1400540 33191636    0    0 833424 611040 217762 787215 24  8 53 15  0  0
29 11  99388 142195028 1400544 33191732    0    0 834880 608744 217228 787489 24  8 53 15  0  0
13 28  99388 142207780 1400556 33191824    0    0 845088 605060 216918 789604 23  7 54 15  0  0
29  8  99388 142204052 1400556 33191912    0    0 839248 616684 218742 792171 23  8 54 15  0  0
26 12  99388 142200572 1400556 33192000    0    0 837136 615760 218760 793289 23  8 53 15  0  0
25 10  99388 142180628 1400556 33192092    0    0 837744 610620 218176 789338 24  8 53 15  0  0
29 11  99388 142175128 1400560 33192184    0    0 837040 607884 217155 790720 23  8 53 15  0  0
29 10  99388 142168536 1400564 33192292    0    0 836720 618232 218381 792912 23  8 53 15  0  0
procs -----------memory---------- ---swap-- -----io---- -system-- -------cpu-------
 r  b   swpd   free   buff  cache   si   so    bi    bo   in   cs us sy id wa st gu
21 14  99388 142178624 1400564 33192380    0    0 828496 622968 217633 785790 24  8 53 15  0  0
25 10  99388 142185416 1400564 33192460    0    0 843248 612168 217933 793102 23  7 54 15  0  0
34  9  99388 142191320 1400564 33192544    0    0 844896 624128 219790 796620 24  7 54 15  0  0
19 21  99388 142173648 1400564 33192640    0    0 844160 605592 218311 794157 24  8 53 15  0  0
31 12  99388 142167804 1400576 33192724    0    0 843360 617808 219618 803531 24  8 53 15  0  0
21 17  99388 142169988 1400576 33192800    0    0 830528 606940 216904 788071 24  8 53 15  0  0
26 16  99388 142177720 1400576 33192896    0    0 808848 582240 209544 750834 23  8 53 16  0  0
16 19  99388 142177052 1400576 33192980    0    0 847008 611120 218024 793761 24  8 53 15  0  0
27 10  99388 142171404 1400580 33193084    0    0 843456 621344 218172 793746 23  8 54 15  0  0
25 14  99388 142171780 1400592 33193172    0    0 842880 617240 218503 796050 24  7 54 15  0  0
25 10  99388 142162792 1400592 33193260    0    0 841744 609068 218780 796604 24  8 53 15  0  0
24 13  99388 142157660 1400592 33193356    0    0 843504 621516 219482 797812 24  8 53 15  0  0
26 10  99388 142162580 1400596 33193444    0    0 834128 614512 217370 791976 24  8 53 15  0  0
26 10  99388 142155448 1400596 33193536    0    0 836480 611804 219809 792918 24  8 53 15  0  0
24 20  99388 142148264 1400604 33193616    0    0 843168 616236 219552 800523 24  8 53 15  0  0
33  8  99388 142141064 1400604 33193716    0    0 845104 621052 219401 807374 24  8 53 15  0  0
24 12  99388 142160228 1400604 33193788    0    0 848752 627960 218324 805287 23  7 54 15  0  0
21 19  99388 142144072 1400604 33193876    0    0 841312 615180 220997 797297 24  8 53 15  0  0
21 20  99388 142152280 1400604 33193964    0    0 836960 611768 218022 788599 24  8 53 15  0  0
19 17  99388 142148152 1400616 33194064    0    0 842656 613012 218967 794774 23  8 53 15  0  0
28 11  99388 142149432 1400616 33194160    0    0 843328 614976 218092 792288 24  8 53 15  0  0
procs -----------memory---------- ---swap-- -----io---- -system-- -------cpu-------
 r  b   swpd   free   buff  cache   si   so    bi    bo   in   cs us sy id wa st gu
26 11  99388 142152760 1400616 33194240    0    0 841136 619088 218880 797316 23  8 53 15  0  0
26  9  99388 142157188 1400616 33194320    0    0 844864 613900 218382 798216 24  8 53 15  0  0
25 13  99388 142177700 1400616 33194400    0    0 850496 617368 218117 795616 23  7 54 15  0  0
28 11  99388 142153440 1400628 33194556    0    0 800528 568948 207374 739631 22  8 53 16  0  0
21 16  99388 142137684 1400628 33194644    0    0 842384 619408 219202 794898 24  8 53 15  0  0
23 12  99388 142142256 1400628 33194744    0    0 838016 610776 217650 787384 23  8 53 15  0  0
16 22  99388 142136732 1400636 33194828    0    0 839552 611060 218214 793939 24  8 53 15  0  0
23 14  99388 142151520 1400636 33194924    0    0 841264 619468 219288 799414 24  8 53 15  0  0
23 19  99388 142142916 1400648 33195020    0    0 840784 616824 218915 800171 24  8 53 15  0  0
28 12  99388 142159824 1400648 33195108    0    0 852496 627268 219516 799430 23  7 55 15  0  0
24 14  99388 142162380 1400648 33195180    0    0 845920 617164 219575 798851 24  8 53 15  0  0
25 11  99388 142142984 1400648 33195272    0    0 841840 621500 219233 797197 24  8 53 15  0  0
21 15  99388 142138676 1400648 33195360    0    0 842672 616052 219586 801139 24  8 53 15  0  0
26 12  99388 142145608 1400660 33195456    0    0 843488 619112 219316 796218 24  8 53 15  0  0
31 10  99388 142128348 1400660 33195552    0    0 838608 604152 218048 790296 24  8 53 15  0  0
25 13  99388 142141340 1400660 33195644    0    0 834704 604920 217407 791317 23  8 53 15  0  0
27  9  99388 142162660 1400664 33195736    0    0 851040 632916 219908 798477 23  7 54 16  0  0
25 14  99388 142151636 1400664 33195808    0    0 843424 622264 219044 798496 24  8 53 15  0  0
33  7  99388 142135112 1400672 33195896    0    0 843776 619680 220224 801427 24  8 53 15  0  0
24 13  99388 142125608 1400672 33195992    0    0 837936 615308 219179 793714 24  8 53 15  0  0
23 15  99388 142134524 1400672 33196084    0    0 834992 614256 218536 793186 23  8 53 15  0  0
procs -----------memory---------- ---swap-- -----io---- -system-- -------cpu-------
 r  b   swpd   free   buff  cache   si   so    bi    bo   in   cs us sy id wa st gu
30  8  99388 142139884 1400672 33196172    0    0 792752 579832 207572 741793 22  8 53 17  0  0
27  9  99388 142129688 1400756 33196232    0    0 836208 608636 216861 790331 24  8 53 15  0  0
27  8  99388 142104904 1400768 33196364    0    0 828800 614200 243439 781265 23  7 54 15  0  0
19 18  99388 142106296 1400768 33196460    0    0 836768 615384 247009 783615 24  8 54 15  0  0
26 12  99388 142019584 1400768 33196548    0    0 833568 606928 218213 789347 24  8 53 15  0  0
24 13  99388 142069056 1400768 33196640    0    0 835072 617340 219076 796399 24  9 53 14  0  0
21 15  99388 142051172 1400776 33196728    0    0 835120 616736 219322 796979 24  8 53 15  0  0
29  7  99388 142041424 1400780 33196816    0    0 835264 616644 218736 790080 24  9 53 15  0  0
33  8  99388 142109220 1400780 33196916    0    0 841200 617660 219231 799941 24  8 53 15  0  0
26  9  99388 142075948 1400780 33197004    0    0 844944 618480 218580 796413 24  8 54 15  0  0
19 18  99388 142075636 1400780 33197088    0    0 843824 614180 219079 796627 24  7 54 15  0  0
27 11  99388 142081860 1400780 33197180    0    0 835392 611500 218713 792180 24  8 53 15  0  0
26 15  99388 142072596 1400792 33197284    0    0 839200 614512 218524 796043 24  8 53 15  0  0
27 14  99388 142053496 1400792 33197376    0    0 842224 611960 218591 795139 24  8 53 15  0  0
25 10  99388 142087780 1400792 33197464    0    0 840784 620700 219065 794698 24  8 53 15  0  0
23 16  99388 142089132 1400796 33197544    0    0 843600 617120 219548 799815 24  8 53 15  0  0
16 17  99388 142073552 1400796 33197624    0    0 839008 612508 218195 795176 24  8 53 15  0  0
25 14  99388 142082176 1400804 33197720    0    0 852816 626452 219173 799863 23  7 54 15  0  0
24 14  99388 142109436 1400804 33197808    0    0 797856 571316 207639 742246 22  8 53 16  0  0
26 10  99388 142126064 1400804 33197904    0    0 833504 616220 223162 792231 24  8 53 15  0  0
31 10  99388 142086812 1400804 33197996    0    0 832000 607996 224579 788054 24  8 53 15  0  0
procs -----------memory---------- ---swap-- -----io---- -system-- -------cpu-------
 r  b   swpd   free   buff  cache   si   so    bi    bo   in   cs us sy id wa st gu
26 20  99388 142080816 1400804 33198096    0    0 829104 612688 229685 790630 24  8 53 15  0  0
24 15  99388 142050660 1400812 33198184    0    0 831568 622184 218882 792951 24  8 53 15  0  0
31 10  99388 142045264 1400812 33198280    0    0 837104 611324 218710 796092 24  8 53 15  0  0
25 14  99388 142084620 1400812 33198356    0    0 849824 627572 219926 798192 23  7 54 15  0  0
33  8  99388 142094572 1400812 33198440    0    0 842880 614544 219305 797244 24  8 53 15  0  0
29 10  99388 142074684 1400812 33198540    0    0 841120 617428 220035 803295 24  8 53 15  0  0
32  8  99388 142072648 1400824 33198628    0    0 835360 608920 218314 795491 24  8 53 15  0  0
34  6  99388 142087136 1400824 33198716    0    0 842032 619956 219454 797822 24  8 53 15  0  0
23 13  99388 142111516 1400828 33198800    0    0 836176 614332 217844 787846 24  8 53 15  0  0
28 10  99388 142090852 1400828 33198900    0    0 836592 611928 218596 794258 23  8 53 15  0  0
22 15  99388 142091740 1400828 33198992    0    0 843840 620252 217681 787772 23  7 54 16  0  0
29 10  99388 142078928 1400840 33199076    0    0 842128 619796 218604 796715 24  8 53 15  0  0
30 11  99388 142102616 1400840 33199164    0    0 845760 611232 218539 796714 24  8 53 15  0  0
23 15  99388 142104432 1400840 33199256    0    0 845760 627200 220118 801119 24  8 53 15  0  0
23 14  99388 142102016 1400840 33199348    0    0 822480 593812 213979 771853 23  8 53 16  0  0
28 11  99388 142118864 1400840 33199436    0    0 821008 595508 213173 766241 23  8 53 16  0  0
31  9  99388 142126164 1400852 33199532    0    0 841824 621912 217870 799018 24  8 53 15  0  0
25 15  99388 142119212 1400852 33199612    0    0 851728 612156 218279 805170 23  7 54 15  0  0
25 13  99388 142111928 1400856 33199708    0    0 846784 616476 217795 791990 24  8 54 15  0  0
26 14  99388 142113572 1400856 33199804    0    0 840256 602644 216781 787797 24  8 53 15  0  0
22 14  99388 142116724 1400856 33199888    0    0 840432 622516 218656 799052 24  8 53 15  0  0
procs -----------memory---------- ---swap-- -----io---- -system-- -------cpu-------
 r  b   swpd   free   buff  cache   si   so    bi    bo   in   cs us sy id wa st gu
17 18  99388 142119612 1400864 33200048    0    0 842816 620940 219215 799871 24  8 53 15  0  0
31 11  99388 142119128 1400864 33200136    0    0 844560 615288 219714 802878 24  8 53 15  0  0
30 10  99388 142122748 1400864 33200224    0    0 840016 619168 218518 796449 24  8 53 15  0  0
26 12  99388 142116944 1400864 33200320    0    0 848640 622572 220099 800233 24  7 54 15  0  0
24 17  99388 142119756 1400864 33200408    0    0 846464 623820 219217 793277 24  7 54 16  0  0
27 11  99388 142123928 1400872 33200500    0    0 839776 616084 218068 796769 23  8 53 15  0  0
27 12  99388 142110900 1400872 33200592    0    0 845776 618620 219162 800958 24  8 53 15  0  0
26 11  99388 142112844 1400876 33200672    0    0 841264 618768 218458 797404 24  8 53 15  0  0
26 11  99388 142125700 1400876 33200760    0    0 840560 617936 218887 797291 24  8 53 15  0  0
28 15  99388 142121040 1400876 33200848    0    0 844352 613752 218851 799117 24  8 53 15  0  0
30 11  99388 142123796 1400880 33200928    0    0 844512 629572 219627 799097 24  8 54 15  0  0
27 14  99388 142144080 1400880 33201012    0    0 830976 613036 214505 773219 23  7 54 16  0  0
26 12  99388 142130888 1400880 33201112    0    0 818864 598716 213749 764578 23  8 53 16  0  0
26 11  99388 142103100 1400880 33201200    0    0 836048 609624 220407 790177 24  8 53 15  0  0
23 14  99388 142077208 1400880 33201292    0    0 837392 604532 223325 789700 24  8 54 15  0  0
25 17  99388 142083708 1400884 33201380    0    0 834912 615484 217493 787315 24  8 53 15  0  0
24 13  99388 142072580 1400884 33201480    0    0 838608 620208 218870 794822 24  8 53 15  0  0
29  7  99388 142061560 1400884 33201564    0    0 843888 622028 220016 798165 24  8 54 15  0  0
26 10  99388 142075944 1400884 33201644    0    0 851200 620168 219673 798198 23  7 54 15  0  0
22 14  99388 142078304 1400884 33201728    0    0 836320 606760 217608 788529 24  8 53 15  0  0
23 20  99388 142096484 1400896 33201816    0    0 834576 620292 218365 794171 24  8 53 15  0  0
procs -----------memory---------- ---swap-- -----io---- -system-- -------cpu-------
 r  b   swpd   free   buff  cache   si   so    bi    bo   in   cs us sy id wa st gu
19 17  99388 142089632 1400896 33201904    0    0 842592 601628 216813 788333 24  8 53 15  0  0
28  8  99388 142071136 1400904 33202000    0    0 833136 609952 216301 785713 24  8 53 15  0  0
26 12  99388 142082048 1400904 33202092    0    0 840160 616648 218414 794447 24  8 53 15  0  0
28  9  99388 142083492 1400904 33202164    0    0 844960 610968 218385 795566 24  8 53 15  0  0
22 14  99388 142089912 1400916 33202260    0    0 849312 625804 219956 797975 23  7 55 15  0  0
33  9  99388 142095456 1400916 33202348    0    0 841744 620868 219233 800897 24  8 53 15  0  0
23 16  99388 142093912 1400924 33202428    0    0 841952 607820 218230 794202 24  8 53 15  0  0
24 11  99388 142119780 1400924 33202540    0    0 842912 627384 220446 799983 24  8 53 15  0  0
29  8  99388 142122544 1400924 33202640    0    0 797232 567440 207554 739760 22  8 54 17  0  0
26 10  99388 142115448 1400928 33202732    0    0 836576 617216 217903 788553 23  8 53 15  0  0
24 12  99388 142092116 1400928 33202828    0    0 828288 603924 220474 781563 24  8 53 15  0  0
20 26  99388 142077632 1400928 33202912    0    0 833504 617132 219832 785163 23  7 54 16  0  0
24 12  99388 142062956 1400928 33203004    0    0 838688 616460 217651 799712 24  8 53 15  0  0
23 14  99388 142088720 1400928 33203088    0    0 842304 629304 218623 805109 24  8 53 15  0  0
24 15  99388 142064920 1400940 33203180    0    0 852736 629548 220987 810119 24  9 53 14  0  0
23 18  99388 142061804 1400940 33203272    0    0 853904 625340 222051 810787 24  8 53 14  0  0
26 15  99388 142060636 1400944 33203356    0    0 850800 624872 219966 807295 24  8 53 15  0  0
29  9  99388 142077428 1400944 33203448    0    0 855952 621876 220856 809126 24  8 53 15  0  0
25 12  99388 142067336 1400944 33203532    0    0 855872 639800 221293 807401 24  8 54 15  0  0
25 11  99388 142070752 1400956 33203624    0    0 858416 626104 221407 811700 24  8 54 15  0  0
24 11  99388 142092908 1400956 33203708    0    0 852992 626428 221671 810768 24  8 53 14  0  0
procs -----------memory---------- ---swap-- -----io---- -system-- -------cpu-------
 r  b   swpd   free   buff  cache   si   so    bi    bo   in   cs us sy id wa st gu
25 13  99388 142096108 1400956 33203788    0    0 854032 634952 221344 814655 24  8 53 15  0  0
29 12  99388 142105324 1400956 33203888    0    0 855824 627948 221167 813282 24  8 53 14  0  0
24 13  99388 142092276 1400956 33203976    0    0 856592 624412 222063 813468 24  8 53 14  0  0
31  7  99388 142077840 1400968 33204072    0    0 854224 634104 222698 816027 24  8 53 14  0  0
16 22  99388 142082376 1400972 33204160    0    0 860592 629524 221534 812112 24  8 54 15  0  0
24 12  99388 142099276 1400972 33204244    0    0 812832 576760 208133 751073 23  7 54 17  0  0
23 13  99388 142105092 1400972 33204328    0    0 855680 627568 221422 812488 24  8 53 14  0  0
24 11  99388 142097356 1400972 33204424    0    0 854640 625008 223561 811205 24  8 53 14  0  0
25 16  99388 142081812 1400984 33204516    0    0 856256 621896 221163 810781 24  8 53 14  0  0
21 16  99388 142096176 1400984 33204596    0    0 852352 619608 220930 807302 24  8 53 15  0  0
29 10  99388 142078092 1400984 33204700    0    0 858208 632040 221896 814111 24  8 53 14  0  0
35  4  99388 142093680 1400984 33204772    0    0 857776 624268 221739 813253 24  8 54 14  0  0
23 13  99388 142097524 1400984 33204860    0    0 866528 641276 222938 815398 24  7 54 15  0  0
21 20  99388 142103408 1400992 33204956    0    0 853808 629464 221511 808973 24  8 53 15  0  0
25 11  99388 142101964 1400996 33205044    0    0 857584 619516 221509 811900 24  8 53 14  0  0
35  8  99388 142090892 1400996 33205144    0    0 853472 632660 220840 806798 24  8 53 15  0  0
24 13  99388 142102340 1400996 33205228    0    0 849696 631720 221233 810820 24  8 53 14  0  0
27 11  99388 142092812 1400996 33205316    0    0 854800 634672 221717 810555 24  8 53 14  0  0
22 13  99388 142104240 1401000 33205480    0    0 854816 628920 222173 812977 24  8 53 14  0  0
21 13  99388 142113080 1401000 33205568    0    0 867760 627216 221353 812291 24  7 54 15  0  0
25 13  99388 142106472 1401000 33205648    0    0 858352 633464 222032 812458 24  8 53 14  0  0
procs -----------memory---------- ---swap-- -----io---- -system-- -------cpu-------
 r  b   swpd   free   buff  cache   si   so    bi    bo   in   cs us sy id wa st gu
29  8  99388 142086752 1401000 33205740    0    0 856864 630196 222202 814371 24  8 53 14  0  0
21 16  99388 142103784 1401000 33205840    0    0 845072 620912 219003 800256 24  8 53 15  0  0
28 12  99388 142109628 1401000 33205928    0    0 814512 587208 211173 760256 23  8 53 16  0  0
25 17  99388 142105424 1401000 33206016    0    0 852976 627352 220420 807473 24  8 53 14  0  0
17 24  99388 142085248 1401000 33206096    0    0 844496 613360 226114 804058 24  8 53 14  0  0
19 15  99388 142084872 1401000 33206184    0    0 860176 633968 222430 813529 24  7 54 15  0  0
26 14  99388 142078436 1401000 33206280    0    0 856256 622688 220699 806737 24  8 53 15  0  0
27  9  99388 142074716 1401008 33206368    0    0 853200 626476 220930 809602 24  8 53 14  0  0
30 10  99388 142064400 1401008 33206460    0    0 852048 631024 221493 811947 24  8 53 14  0  0
26 10  99388 142062464 1401008 33206552    0    0 855152 617860 220187 806562 24  8 53 14  0  0
27 12  99388 142085056 1401008 33206644    0    0 852112 628848 220186 804737 24  8 53 15  0  0
22 14  99388 142086276 1401008 33206748    0    0 848416 626768 219964 802773 24  8 53 15  0  0
28  9  99388 142088612 1401020 33206824    0    0 859200 633928 221056 810667 24  7 54 15  0  0
24 14  99388 142079444 1401024 33206912    0    0 857248 628104 220796 806017 24  8 54 15  0  0
27 14  99388 142079144 1401024 33207004    0    0 852656 623016 220101 809309 24  8 53 14  0  0
26 16  99388 142082180 1401024 33207104    0    0 858736 622596 222340 815951 24  8 53 14  0  0
21 15  99388 142094948 1401024 33207188    0    0 855936 628188 222741 812531 24  8 53 14  0  0
22 14  99388 142092212 1401032 33207284    0    0 854720 625540 221028 811687 24  8 53 14  0  0
26  9  99388 142081160 1401036 33207380    0    0 858000 629788 222462 812353 24  8 53 14  0  0
28  7  99388 142099900 1401036 33207476    0    0 834736 605200 215639 783567 23  7 54 16  0  0
27 10  99388 142109900 1401036 33207564    0    0 833808 608264 214840 777210 23  7 54 16  0  0
procs -----------memory---------- ---swap-- -----io---- -system-- -------cpu-------
 r  b   swpd   free   buff  cache   si   so    bi    bo   in   cs us sy id wa st gu
26 10  99388 142099784 1401036 33207636    0    0 854160 628812 221963 813320 24  8 53 14  0  0
23 13  99388 142081580 1401052 33207736    0    0 836464 619100 226422 797412 24  8 54 14  0  0
22 15  99388 142062888 1401052 33207816    0    0 844176 618572 222482 804236 24  8 53 14  0  0
31  7  99388 142064248 1401052 33207924    0    0 850640 633540 221349 809689 24  9 53 14  0  0
16 32  99388 142030188 1401052 33208004    0    0 850640 632088 221185 813307 24  9 53 14  0  0
23 12  99388 142051364 1401052 33208100    0    0 857552 624416 221584 811805 24  8 53 14  0  0
32  6  99388 142066064 1401060 33208188    0    0 861136 640520 221692 809005 24  7 54 15  0  0
24 22  99388 142078368 1401060 33208280    0    0 853888 629124 221698 810234 24  8 53 14  0  0
24 12  99388 142070368 1401060 33208372    0    0 852320 621672 220865 807303 24  8 53 15  0  0
29 10  99388 142058664 1401060 33208460    0    0 854624 621420 221771 811962 24  8 53 14  0  0
24 13  99388 142085648 1401060 33208552    0    0 854576 626688 219902 805971 24  8 53 14  0  0
21 16  99388 142084828 1401076 33208636    0    0 854752 628348 221255 810978 24  9 53 14  0  0
18 19  99388 142077280 1401076 33208732    0    0 857440 633260 221746 812246 24  8 53 14  0  0
23 14  99388 142068324 1401076 33208804    0    0 865568 623208 220785 810838 24  7 54 15  0  0
15 23  99388 142071596 1401076 33208896    0    0 857200 633140 221780 814228 24  8 53 15  0  0
31  8  99388 142109996 1401076 33208984    0    0 854800 624144 221154 813352 24  8 53 14  0  0
25 12  99388 142097952 1401088 33209076    0    0 815008 595496 212365 765450 23  8 53 16  0  0
29 10  99388 142088660 1401088 33209172    0    0 848720 619544 219169 803841 24  8 53 15  0  0
26 11  99388 142079156 1401088 33209264    0    0 841856 616228 220181 800036 24  8 54 14  0  0
18 19  99388 142061312 1401088 33209348    0    0 854272 633384 221526 811125 24  8 53 14  0  0
20 20  99388 142087348 1401100 33209440    0    0 860032 635272 221771 810791 23  7 54 15  0  0
procs -----------memory---------- ---swap-- -----io---- -system-- -------cpu-------
 r  b   swpd   free   buff  cache   si   so    bi    bo   in   cs us sy id wa st gu
32  8  99388 142065680 1401100 33209524    0    0 856976 625844 221408 809670 24  8 53 14  0  0
28 14  99388 142069900 1401100 33209620    0    0 854464 628960 221768 812413 24  8 53 14  0  0
29 11  99388 142065208 1401100 33209716    0    0 852368 639768 222543 812567 24  8 53 14  0  0
22 18  99388 142064704 1401100 33209804    0    0 856432 622832 221521 813097 24  8 53 14  0  0
23 18  99388 142068980 1401112 33209920    0    0 852544 624420 220358 804406 24  8 53 15  0  0
25 11  99388 142078252 1401112 33209996    0    0 853168 633396 221777 810757 24  8 53 14  0  0
19 16  99388 142076132 1401112 33210076    0    0 861456 633828 221038 811943 24  7 54 15  0  0
23 18  99388 142082012 1401112 33210168    0    0 858656 628596 221842 811800 24  8 53 15  0  0
21 15  99388 142073868 1401112 33210252    0    0 853888 632864 221505 810785 24  8 53 14  0  0
25 12  99388 142083172 1401112 33210336    0    0 856512 633232 222377 813542 24  8 53 14  0  0
28 11  99388 142077836 1401112 33210432    0    0 854560 635076 221545 811437 24  8 53 15  0  0
16 22  99388 142078340 1401112 33210528    0    0 852704 624992 220639 809288 24  8 53 14  0  0
28  9  99388 142072184 1401112 33210616    0    0 855440 622684 221210 811818 24  9 53 14  0  0
18 20  99388 142089032 1401112 33210704    0    0 808256 581576 213190 750998 22  7 54 16  0  0
31  6  99388 142061700 1401116 33210772    0    0 853344 624796 227712 805984 24  8 54 14  0  0
20 15  99388 142038828 1401116 33210956    0    0 838848 618356 247836 796813 24  9 53 14  0  0
27 10  99388 142032976 1401116 33211052    0    0 847552 618716 220999 805115 24  9 53 14  0  0
25 11  99388 142023056 1401116 33211152    0    0 845856 630440 221333 804821 24  9 53 14  0  0
24 17  99388 142006488 1401116 33211240    0    0 848352 629896 220831 809148 24  9 53 14  0  0
26 11  99388 142043452 1401128 33211320    0    0 847056 612796 219219 799697 24  8 53 15  0  0
26 10  99388 142050852 1401128 33211428    0    0 854976 631404 221734 811257 24  8 53 15  0  0
procs -----------memory---------- ---swap-- -----io---- -system-- -------cpu-------
 r  b   swpd   free   buff  cache   si   so    bi    bo   in   cs us sy id wa st gu
26 16  99388 142053104 1401128 33211520    0    0 858896 625992 220379 806764 24  7 54 15  0  0
22 17  99388 142035164 1401128 33211600    0    0 855520 627100 221354 809394 24  9 53 14  0  0
20 20  99388 142059608 1401128 33211676    0    0 853760 635040 221983 812299 24  9 53 14  0  0
30  8  99388 142056280 1401140 33211764    0    0 852688 619132 221220 811722 24  8 53 14  0  0
20 14  99388 142043464 1401140 33211852    0    0 843648 625340 221627 805598 24  8 53 14  0  0
32  7  99388 142062400 1401140 33211956    0    0 841296 623260 224747 801358 24  9 54 14  0  0
27  9  99388 142027884 1401140 33212036    0    0 809392 585984 216241 760692 23  8 53 15  0  0
27 12  99388 142028224 1401140 33212128    0    0 863360 626308 221377 808977 23  7 55 15  0  0
21 19  99388 142040744 1401148 33212216    0    0 850736 630872 221424 807712 24  8 53 14  0  0
25 14  99388 142042748 1401148 33212316    0    0 822640 589464 212421 768417 23  8 53 15  0  0
27  9  99388 142069796 1401148 33212404    0    0 842416 619268 218071 792634 24  8 53 15  0  0
30 13  99388 142053244 1401148 33212496    0    0 856208 628572 220963 808107 24  9 53 15  0  0
26 21  99388 142050000 1401148 33212580    0    0 854480 628912 221635 813457 24  9 53 14  0  0
28 12  99388 142068696 1401156 33212684    0    0 851424 630012 220837 808763 24  8 53 15  0  0
33 12  99388 142071292 1401156 33212772    0    0 862192 628800 221608 811050 24  7 54 15  0  0
27 11  99388 142066048 1401156 33212856    0    0 859584 627796 221781 809296 24  8 53 15  0  0
29 12  99388 142060692 1401156 33212948    0    0 851072 637732 221756 815144 24  8 53 14  0  0
31 12  99388 142053164 1401156 33213048    0    0 851968 619332 220728 808319 24  8 53 15  0  0
20 18  99388 142047444 1401168 33213136    0    0 851744 625152 220807 809475 24  8 53 14  0  0
20 22  99388 142087792 1401168 33213216    0    0 855824 631328 221909 812086 24  8 53 14  0  0
28 11  99388 142082980 1401168 33213304    0    0 856736 623356 221481 813601 24  8 53 14  0  0
procs -----------memory---------- ---swap-- -----io---- -system-- -------cpu-------
 r  b   swpd   free   buff  cache   si   so    bi    bo   in   cs us sy id wa st gu
26 10  99388 142078164 1401168 33213404    0    0 862528 637948 221769 812709 24  8 54 15  0  0
32 12  99388 142065312 1401168 33213484    0    0 860672 631548 221998 814760 24  8 54 15  0  0
27 12  99388 142066296 1401176 33213568    0    0 810304 581432 209220 754212 23  8 53 16  0  0
28  8  99388 142074812 1401176 33213660    0    0 851488 627924 221893 808346 24  8 53 14  0  0
31 13  99388 142077916 1401176 33213756    0    0 857184 626388 221422 808064 24  8 53 15  0  0
27 10  99388 142081428 1401176 33213852    0    0 854592 622236 224122 810871 24  8 53 14  0  0
30  8  99388 142096564 1401176 33213940    0    0 806576 584076 209617 755815 23  8 53 16  0  0
21 20  99388 142104880 1401184 33214032    0    0 858560 638516 222434 812930 24  8 54 15  0  0
32 10  99388 142115416 1401184 33214104    0    0 860976 624072 221164 809662 24  7 54 15  0  0
29 13  99388 142104744 1401184 33214196    0    0 854864 631660 221644 813424 24  8 53 14  0  0
26 15  99388 142103144 1401184 33214288    0    0 853280 620224 220869 809728 24  8 53 14  0  0
29 13  99388 142105668 1401184 33214376    0    0 853712 638052 221423 815192 24  8 53 15  0  0
31 14  99388 142096140 1401192 33214472    0    0 855568 633616 223524 811687 24  8 53 15  0  0
33  9  99388 142086792 1401192 33214564    0    0 846112 623564 220684 803813 24  8 53 15  0  0
28 12  99388 142088444 1401192 33214664    0    0 854352 638668 221724 810731 24  8 53 15  0  0
29 11  99388 142094372 1401192 33214744    0    0 868432 633304 222153 814827 24  7 54 15  0  0
23 16  99388 142097640 1401192 33214816    0    0 855072 617548 221082 809780 24  8 53 14  0  0
34  6  99388 142088808 1401200 33214920    0    0 854880 621128 220633 806934 24  8 53 14  0  0
25 11  99388 142090832 1401200 33215008    0    0 852480 627724 220793 805482 24  8 53 14  0  0
26 12  99388 142089324 1401200 33215096    0    0 850208 610076 218549 796483 24  8 53 15  0  0
28 11  99388 142079360 1401200 33215184    0    0 815712 584104 210409 757915 23  8 53 16  0  0
procs -----------memory---------- ---swap-- -----io---- -system-- -------cpu-------
 r  b   swpd   free   buff  cache   si   so    bi    bo   in   cs us sy id wa st gu
26 13  99388 142081788 1401204 33215288    0    0 852496 617832 220925 809201 24  9 53 14  0  0
31 17  99388 142103536 1401212 33215380    0    0 865104 631972 221356 810691 23  7 55 15  0  0
32  6  99388 142096832 1401212 33215464    0    0 859600 619944 221317 809193 24  8 53 14  0  0
25  9  99388 142087252 1401212 33215560    0    0 809488 584080 209487 752713 23  8 53 16  0  0
25 17  99388 142088988 1401212 33215648    0    0 853936 623648 220900 807629 24  8 53 14  0  0
29 11  99388 142091120 1401216 33215728    0    0 856704 619316 220551 805183 24  8 53 15  0  0
26 11  99388 142087948 1401220 33215812    0    0 855408 627140 220859 804400 24  8 53 15  0  0
26 10  99388 142096144 1401220 33215920    0    0 852192 615680 220599 803870 24  8 53 15  0  0
22 13  99388 142097624 1401220 33216004    0    0 865472 633172 221927 805902 24  7 54 15  0  0
25 13  99388 142099168 1401220 33216092    0    0 854272 615064 220773 805736 24  8 53 15  0  0
21 14  99388 142084140 1401224 33216188    0    0 854048 619300 221224 807107 24  9 53 14  0  0
21 19  99388 142083612 1401236 33216268    0    0 859792 621488 222016 810844 24  8 53 14  0  0
20 20  99388 142076956 1401236 33216392    0    0 860208 618024 221522 808825 24  8 53 14  0  0
26  9  99388 142080004 1401236 33216484    0    0 855616 627136 221419 811358 24  8 53 14  0  0
27 12  99388 142101188 1401236 33216584    0    0 856352 618068 221002 807615 24  8 53 14  0  0
26 15  99388 142105216 1401244 33216668    0    0 860048 622560 220081 804703 24  7 54 15  0  0
25 13  99388 142095432 1401256 33216740    0    0 810128 582764 209006 751103 23  7 54 16  0  0
27 12  99388 142096844 1401256 33216844    0    0 859024 613944 220870 803720 24  9 53 15  0  0
29  9  99388 142086320 1401256 33216936    0    0 857792 615364 220440 805453 24  8 53 14  0  0
31 11  99388 142079072 1401256 33217040    0    0 856992 622484 220593 810338 24  9 53 14  0  0
31 24  99388 142061648 1401256 33217124    0    0 823376 579700 212607 765480 23  8 53 16  0  0
procs -----------memory---------- ---swap-- -----io---- -system-- -------cpu-------
 r  b   swpd   free   buff  cache   si   so    bi    bo   in   cs us sy id wa st gu
20 22  99388 142098568 1401268 33217200    0    0 848192 616536 218615 802637 24  9 53 14  0  0
27 13  99388 142082268 1401268 33217304    0    0 856784 616536 220431 809075 24  8 53 14  0  0
30 12  99388 142102324 1401268 33217392    0    0 863968 625832 221080 809281 24  7 54 15  0  0
23 14  99388 142086000 1401268 33217480    0    0 844256 614640 218948 794537 24  8 53 15  0  0
23 12  99388 142066572 1401268 33217572    0    0 851600 610404 219547 799776 24  8 53 15  0  0
24 13  99388 142093036 1401276 33217660    0    0 852656 620448 220124 805464 24  8 53 14  0  0
21 14  99388 142084340 1401276 33217760    0    0 849344 615968 219995 802756 24  8 53 15  0  0
19 16  99388 142090412 1401276 33217856    0    0 855712 622324 220572 806811 24  8 53 14  0  0
26 10  99388 142094052 1401276 33217936    0    0 856816 627480 220675 807715 24  8 53 15  0  0
20 15  99388 142117668 1401280 33218008    0    0 866880 625724 220257 808281 24  7 54 15  0  0
23 13  99388 142109020 1401292 33218092    0    0 855312 619908 221366 811176 24  8 53 14  0  0
30  7  99388 142094284 1401292 33218192    0    0 858496 616404 220144 802273 24  9 53 14  0  0
20 14  99388 142091248 1401292 33218280    0    0 843264 608976 217006 789833 24  8 53 15  0  0
24 12  99388 142079512 1401292 33218376    0    0 817616 586304 210864 757881 23  8 53 16  0  0
29 10  99388 142070700 1401292 33218464    0    0 852736 629936 221581 808419 24  8 53 14  0  0
31 15  99388 142084760 1401296 33218548    0    0 856736 613856 220591 806145 24  8 53 14  0  0
18 16  99388 142088240 1401296 33218644    0    0 835280 601624 214350 774545 23  7 54 16  0  0
26 13  99388 142093728 1401296 33218724    0    0 839520 599476 215914 780716 24  8 53 15  0  0
31  6  99388 142099012 1401296 33218812    0    0 854624 618732 221354 808625 24  8 53 14  0  0
24 13  99388 142073384 1401296 33218908    0    0 852512 618836 220455 806243 24  8 53 14  0  0
29  9  99388 142082640 1401304 33218984    0    0 852672 626808 220606 804841 24  8 53 15  0  0
procs -----------memory---------- ---swap-- -----io---- -system-- -------cpu-------
 r  b   swpd   free   buff  cache   si   so    bi    bo   in   cs us sy id wa st gu
23 13  99388 142065760 1401304 33219084    0    0 851920 612044 220085 802981 24  8 53 15  0  0
24 14  99388 142071064 1401304 33219176    0    0 853952 619848 220247 803048 24  8 53 15  0  0
25 10  99388 142085088 1401304 33219268    0    0 856416 621940 219754 798045 24  7 54 15  0  0
15 21  99388 142107572 1401304 33219356    0    0 859360 621772 220759 807325 24  8 54 15  0  0
29 13  99388 142098032 1401316 33219440    0    0 860448 616712 220698 807768 24  9 53 14  0  0
22 16  99388 142087328 1401316 33219524    0    0 853088 618676 219215 803610 24  8 53 14  0  0
15 20  99388 142076248 1401316 33219616    0    0 853376 625884 219909 805206 24  9 53 14  0  0
25 10  99388 142089600 1401316 33219724    0    0 858432 613892 220649 806199 24  8 53 14  0  0
28 10  99388 142084772 1401316 33219804    0    0 856720 618912 220666 807863 24  9 53 14  0  0
26  8  99388 142091964 1401328 33219896    0    0 810960 584220 209887 751509 23  7 54 16  0  0
25 13  99388 142094992 1401328 33219972    0    0 864256 621076 221158 809659 24  8 54 15  0  0
30  9  99388 142098360 1401328 33220080    0    0 857360 613668 220709 805957 24  8 53 14  0  0
25 12  99388 142089668 1401332 33220168    0    0 851056 620408 220368 804878 24  8 53 14  0  0
26 13  99388 142079948 1401332 33220256    0    0 812720 568796 209762 755370 23  8 53 16  0  0
30  8  99388 142093444 1401336 33220356    0    0 857520 633448 221341 808078 24  8 53 14  0  0
18 21  99388 142095584 1401336 33220460    0    0 857504 616888 220102 802622 24  8 53 15  0  0
24 12  99388 142094568 1401336 33220552    0    0 851152 607908 220122 802046 24  8 54 14  0  0
31  5  99388 142099940 1401336 33220640    0    0 851040 615272 219978 793273 23  7 54 15  0  0
29  9  99388 142085788 1401336 33220720    0    0 850432 620772 220603 802242 24  9 53 14  0  0
30 12  99388 142076976 1401340 33220816    0    0 851648 611704 220570 805696 24  8 53 14  0  0
29  7  99388 142076764 1401340 33220908    0    0 849120 620648 220275 802143 24  9 53 15  0  0
procs -----------memory---------- ---swap-- -----io---- -system-- -------cpu-------
 r  b   swpd   free   buff  cache   si   so    bi    bo   in   cs us sy id wa st gu
21 14  99388 142074244 1401340 33220988    0    0 856128 621248 221160 808172 24  8 53 14  0  0
27 10  99388 142076080 1401340 33221068    0    0 853920 616380 220140 801823 24  9 53 14  0  0
27 10  99388 142075668 1401340 33221168    0    0 855088 618260 220470 805617 24  8 53 14  0  0
20 17  99388 142082552 1401344 33221256    0    0 861040 619916 219934 804767 24  7 54 15  0  0
29  8  99388 142078376 1401344 33221340    0    0 854144 622828 220042 804084 24  8 53 14  0  0
24 17  99388 142086820 1401344 33221436    0    0 840576 611168 216676 788636 24  8 53 15  0  0
29  9  99388 142082664 1401352 33221528    0    0 820448 580708 211384 760407 23  8 53 16  0  0
22 13  99388 142070008 1401352 33221620    0    0 854928 620964 220558 804869 24  9 53 14  0  0
25 13  99388 142065632 1401364 33221728    0    0 857232 621664 220395 806356 24  9 53 14  0  0
17 26  99388 142072652 1401364 33221880    0    0 853120 624476 220067 807380 24  8 53 14  0  0
23 13  99388 142087200 1401364 33221968    0    0 814464 566776 207906 748137 23  7 54 16  0  0
28  8  99388 142087252 1401364 33222040    0    0 858320 627072 221040 803558 24  8 53 15  0  0
28  8  99388 142079648 1401364 33222140    0    0 853824 625116 222034 809746 24  8 53 14  0  0
21 19  99388 142069524 1401376 33222224    0    0 856768 614680 221263 807738 24  8 53 14  0  0
20 16  99388 142065248 1401376 33222324    0    0 850736 610596 220065 797460 24  9 53 14  0  0
23 14  99388 142062596 1401380 33222408    0    0 853472 623008 220939 803983 24  9 53 15  0  0
23 17  99388 142066180 1401380 33222508    0    0 848928 613908 220398 803531 24  9 53 14  0  0
23 12  99388 142076392 1401380 33222596    0    0 790528 552616 204459 727621 22  7 54 17  0  0
23 14  99388 142096948 1401388 33222672    0    0 781328 556860 202737 716432 22  7 54 17  0  0
22 13  99388 142075212 1401388 33222756    0    0 776640 542064 201464 712956 22  8 53 17  0  0
21 16  99388 142066412 1401388 33222844    0    0 779872 554696 202225 715970 22  8 53 17  0  0
procs -----------memory---------- ---swap-- -----io---- -system-- -------cpu-------
 r  b   swpd   free   buff  cache   si   so    bi    bo   in   cs us sy id wa st gu
24 12  99388 142048952 1401388 33222932    0    0 777696 542008 201111 711951 22  8 53 17  0  0
21 18  99388 142051172 1401388 33223020    0    0 780448 545032 202029 716817 22  8 54 17  0  0
28  9  99388 142063184 1401400 33223124    0    0 778368 553244 203339 718550 22  8 54 17  0  0
27  9  99388 142076008 1401400 33223212    0    0 846336 617432 218184 792561 24  8 54 15  0  0
25 13  99388 142086708 1401400 33223292    0    0 850096 604156 218422 790753 24  7 54 15  0  0
27 11  99388 142083676 1401400 33223384    0    0 839456 609276 217422 786615 24  8 53 15  0  0
30  7  99388 142070872 1401400 33223480    0    0 840928 611064 217977 787098 23  8 53 15  0  0
27 17  99388 142070492 1401408 33223556    0    0 816352 581696 211658 759803 23  8 53 16  0  0
21 16  99388 142084332 1401408 33223664    0    0 812640 590976 212580 759536 23  8 53 16  0  0
31  9  99388 142085440 1401416 33223748    0    0 834688 595752 215640 780745 23  8 53 15  0  0
23 13  99388 142073468 1401416 33223848    0    0 834336 597728 217649 778493 23  8 53 15  0  0
21 17  99388 142090064 1401416 33223928    0    0 839312 611320 216155 780314 23  7 54 16  0  0
22 17  99388 142088188 1401428 33223992    0    0 834240 602852 216810 779948 23  8 53 15  0  0
27 12  99388 142074840 1401428 33224116    0    0 827744 597356 215296 776048 23  8 53 15  0  0
17 23  99388 142088704 1401428 33224192    0    0 850128 611164 219770 799609 24  9 53 15  0  0
29  8  99388 142085320 1401428 33224280    0    0 854320 614036 220295 806939 24  8 53 14  0  0
24 13  99388 142079124 1401428 33224372    0    0 855728 619956 221195 808911 24  9 53 14  0  0
31  8  99388 142060504 1401440 33224468    0    0 859504 622684 220803 807006 24  9 53 14  0  0
23 13  99388 142075792 1401440 33224560    0    0 868192 616396 220079 807173 24  7 54 15  0  0
21 14  99388 142085692 1401448 33224644    0    0 852848 622688 220817 806722 24  8 53 14  0  0
24 11  99388 142079504 1401448 33224744    0    0 853552 623384 221275 806987 24  9 53 14  0  0
procs -----------memory---------- ---swap-- -----io---- -system-- -------cpu-------
 r  b   swpd   free   buff  cache   si   so    bi    bo   in   cs us sy id wa st gu
28 17  99388 142085104 1401448 33224832    0    0 856384 614888 220102 805235 24  8 53 14  0  0
26 12  99388 142084380 1401456 33224924    0    0 858896 618616 221219 805632 24  8 53 14  0  0
27 10  99388 142081892 1401456 33225020    0    0 854192 614432 220376 808958 24  9 53 14  0  0
21 19  99388 142070816 1401456 33225116    0    0 857472 613776 220393 806457 24  8 53 14  0  0
29  8  99388 142079144 1401456 33225196    0    0 810464 572856 207898 746593 23  7 54 16  0  0
24 14  99388 142092708 1401456 33225268    0    0 861296 619816 220590 807356 24  8 53 15  0  0
20 23  99388 142093436 1401468 33225356    0    0 855536 624220 220694 806894 24  9 53 14  0  0
26 12  99388 142084284 1401468 33225460    0    0 856832 617220 220222 805378 24  9 53 14  0  0
32  7  99388 142081456 1401472 33225552    0    0 845056 622320 219627 797038 24  8 53 15  0  0
32 12  99388 142066268 1401472 33225648    0    0 855888 616872 220692 802943 24  9 52 15  0  0
34  7  99388 142059420 1401472 33225732    0    0 851696 612028 220199 801796 24  9 53 14  0  0
23 14  99388 142059188 1401484 33225844    0    0 859808 629312 222267 810605 24  8 54 15  0  0
24 19  99388 142081248 1401484 33225948    0    0 862304 630040 221445 808253 24  7 54 15  0  0
31 10  99388 142067384 1401484 33226032    0    0 859664 617308 221072 811748 24  8 53 14  0  0
29 13  99388 142086780 1401484 33226120    0    0 857072 625844 221539 808982 24  9 53 14  0  0
23 13  99388 142086524 1401484 33226212    0    0 853200 625788 221709 812530 24  8 53 14  0  0
29 10  99388 142071332 1401496 33226300    0    0 854768 610328 220546 804705 24  8 53 15  0  0
19 16  99388 142074756 1401496 33226408    0    0 854896 627604 221626 807084 24  8 53 14  0  0
35  5  99388 142078748 1401496 33226504    0    0 858176 624908 221042 806578 24  8 53 14  0  0
22 16  99388 142077104 1401496 33226584    0    0 868352 631388 221404 808890 24  7 54 15  0  0
20 16  99388 142094696 1401496 33226664    0    0 858784 628548 222160 812447 24  9 53 14  0  0
procs -----------memory---------- ---swap-- -----io---- -system-- -------cpu-------
 r  b   swpd   free   buff  cache   si   so    bi    bo   in   cs us sy id wa st gu
31 12  99388 142092308 1401504 33226748    0    0 844592 604360 217606 791356 24  8 53 15  0  0
22 14  99388 142071816 1401504 33226844    0    0 821760 600096 213740 769919 23  8 53 16  0  0
25 19  99388 142072692 1401512 33226948    0    0 855120 619976 220827 803466 24  9 53 15  0  0
26  9  99388 142062524 1401512 33227040    0    0 857024 609444 221172 807239 24  9 53 14  0  0
28  8  99388 142073948 1401512 33227132    0    0 852832 625208 220803 805334 24  8 53 15  0  0
21 15  99388 142094372 1401516 33227212    0    0 858192 628320 220135 804814 24  7 54 15  0  0
22 19  99388 142077436 1401516 33227376    0    0 847760 607888 218947 797931 24  8 53 15  0  0
25 16  99388 142065316 1401516 33227464    0    0 856464 622552 221500 808649 24  8 53 15  0  0
36  8  99388 142081704 1401516 33227560    0    0 856864 619112 221557 806007 24  8 53 14  0  0
31 14  99388 142077568 1401516 33227648    0    0 858176 616324 221552 809371 24  9 53 14  0  0
34  8  99388 142058684 1401524 33227740    0    0 858304 620724 222196 811621 24  9 53 14  0  0
26 11  99388 142082428 1401532 33227828    0    0 858960 622508 221932 811369 24  8 53 14  0  0
21 21  99388 142086368 1401532 33227924    0    0 862032 621628 220749 805653 23  7 54 15  0  0
25 14  99388 142077332 1401532 33228020    0    0 854800 622876 220706 803957 24  8 53 15  0  0
26 12  99388 142085464 1401532 33228096    0    0 852944 618900 220760 804532 24  8 53 14  0  0
28 10  99388 142073064 1401536 33228184    0    0 855120 628104 221768 808319 24  9 53 14  0  0
29 14  99388 142070396 1401536 33228276    0    0 859760 613464 220888 807329 24  8 53 14  0  0
26 10  99388 142059896 1401536 33228368    0    0 857840 623948 221889 811201 24  8 53 14  0  0
27 10  99388 142074528 1401536 33228456    0    0 809152 585024 209433 753509 23  8 53 16  0  0
25 15  99388 142089856 1401536 33228540    0    0 865584 621484 221093 810892 24  8 54 15  0  0
25 14  99388 142086084 1401548 33228616    0    0 856736 627364 220721 806522 24  8 54 15  0  0
procs -----------memory---------- ---swap-- -----io---- -system-- -------cpu-------
 r  b   swpd   free   buff  cache   si   so    bi    bo   in   cs us sy id wa st gu
27 12  99388 142076440 1401548 33228716    0    0 852816 615280 219866 801082 24  8 53 15  0  0
27 13  99388 142068416 1401548 33228820    0    0 855072 622236 221044 806911 24  9 53 14  0  0
35  6  99388 142070908 1401548 33228908    0    0 853920 608296 219715 800194 24  8 53 15  0  0
29  8  99388 142062868 1401548 33228992    0    0 857568 622804 221336 808635 24  9 53 14  0  0
27 10  99388 142070088 1401556 33229076    0    0 854400 621120 221237 807424 24  8 53 15  0  0
23 11  99388 142085392 1401560 33229176    0    0 858976 623884 221319 807609 24  8 54 14  0  0
24 16  99388 142083040 1401560 33229256    0    0 867872 624060 221579 809113 24  8 54 15  0  0
20 16  99388 142081184 1401560 33229344    0    0 858768 618068 221099 809663 24  8 53 14  0  0
30  9  99388 142073096 1401560 33229436    0    0 858032 623160 221407 807924 24  8 53 14  0  0
23 16  99388 142064172 1401572 33229524    0    0 855328 626060 220539 804912 24  8 53 15  0  0
27 13  99388 142078056 1401572 33229636    0    0 856720 618796 220640 803467 24  8 53 15  0  0
25 12  99388 142080588 1401572 33229724    0    0 858928 621740 221409 809088 24  9 53 14  0  0
23 18  99388 142087572 1401572 33229812    0    0 857088 628612 221142 810208 24  8 53 14  0  0
24 11  99388 142097704 1401572 33229892    0    0 867472 621136 220622 812131 24  7 54 15  0  0
30  8  99388 142088976 1401580 33229972    0    0 858016 627904 221185 809310 24  8 53 14  0  0
30  8  99388 142082812 1401588 33230064    0    0 809792 573404 209787 755580 23  8 53 16  0  0
21 15  99388 142079560 1401588 33230160    0    0 856624 620604 220651 806534 24  8 53 14  0  0
25 11  99388 142065184 1401588 33230244    0    0 851376 621732 220211 804828 24  8 53 14  0  0
34  8  99388 142073312 1401588 33230348    0    0 858768 613268 220824 804547 24  9 53 15  0  0
23 14  99388 142079704 1401596 33230428    0    0 847936 623848 218734 795002 24  8 53 15  0  0
27 15  99388 142094700 1401596 33230516    0    0 862368 623340 220071 803857 23  7 54 15  0  0
procs -----------memory---------- ---swap-- -----io---- -system-- -------cpu-------
 r  b   swpd   free   buff  cache   si   so    bi    bo   in   cs us sy id wa st gu
27 11  99388 142081844 1401596 33230588    0    0 860000 623124 221971 809927 24  8 53 15  0  0
27 11  99388 142066292 1401596 33230680    0    0 856960 618748 219974 804508 24  8 53 14  0  0
30  7  99388 142068072 1401596 33230776    0    0 856624 623900 221107 806827 24  8 53 14  0  0
18 20  99388 142066652 1401612 33230852    0    0 854928 620588 220499 806240 24  9 53 14  0  0
25 10  99388 142044608 1401612 33230960    0    0 857008 621312 220782 807699 24  8 53 14  0  0
24 18  99388 142063824 1401612 33231048    0    0 853872 623076 220147 805019 24  9 53 14  0  0
25 12  99388 142077236 1401612 33231152    0    0 862704 619208 221914 806592 24  8 54 15  0  0
19 37  99388 142069372 1401612 33231224    0    0 863344 615464 220516 804431 24  8 54 15  0  0
24 11  99388 142091060 1401624 33231312    0    0 857680 617904 221425 806274 24  8 53 14  0  0
30  7  99388 142080648 1401624 33231412    0    0 854064 627440 220969 805906 24  8 53 14  0  0
22 15  99388 142072672 1401624 33231500    0    0 856336 620632 221081 807011 24  8 53 14  0  0
20 15  99388 142074580 1401624 33231596    0    0 842640 612248 216568 785448 24  8 53 15  0  0
30  9  99388 142069968 1401624 33231692    0    0 824656 589060 212830 766584 23  8 53 16  0  0
21 17  99388 142064376 1401632 33231776    0    0 861840 621000 221544 809382 24  8 54 15  0  0
31 10  99388 142085076 1401632 33231872    0    0 861024 625168 220451 804227 23  8 54 15  0  0
29 13  99388 142068676 1401632 33231960    0    0 854736 620356 220608 804526 24  9 53 15  0  0
31 12  99388 142064172 1401632 33232052    0    0 852192 622700 219993 801533 24  8 53 15  0  0
23 12  99388 142064884 1401632 33232140    0    0 857328 619644 220900 805564 24  8 53 15  0  0
26 11  99388 142050020 1401644 33232216    0    0 857520 625384 220614 804762 24  8 53 14  0  0
29 11  99388 142059920 1401644 33232316    0    0 858496 619212 221074 806635 24  8 53 14  0  0
16 19  99388 142068528 1401644 33232404    0    0 859712 615280 220619 808834 24  8 53 15  0  0
procs -----------memory---------- ---swap-- -----io---- -system-- -------cpu-------
 r  b   swpd   free   buff  cache   si   so    bi    bo   in   cs us sy id wa st gu
27  9  99388 142083484 1401644 33232496    0    0 865264 626764 220924 810275 24  7 54 15  0  0
26 10  99388 142075632 1401644 33232588    0    0 858320 624352 221126 806022 24  8 53 15  0  0
20 18  99388 142069436 1401652 33232668    0    0 851312 618060 219888 802418 24  8 53 14  0  0
24 18  99388 142051804 1401652 33232832    0    0 854272 620696 221224 805022 24  8 53 14  0  0
26 11  99388 142071748 1401652 33232916    0    0 859040 623512 220950 807732 24  8 53 14  0  0
19 17  99388 142058768 1401652 33233024    0    0 854976 622260 219909 804464 24  9 53 14  0  0
26 10  99388 142051144 1401652 33233116    0    0 857136 611916 220247 806597 24  8 53 14  0  0
22 13  99388 142052000 1401668 33233204    0    0 866848 627360 220882 810905 24  7 54 15  0  0
21 15  99388 142057524 1401668 33233276    0    0 818928 592092 211936 764096 23  8 53 16  0  0
23 15  99388 142059788 1401668 33233384    0    0 853216 615652 219078 798076 24  8 53 15  0  0
25 11  99388 142061936 1401668 33233484    0    0 850560 637732 221557 810997 24  8 53 14  0  0
28  8  99388 142056640 1401668 33233572    0    0 856928 622832 220970 808342 24  8 53 14  0  0
29  9  99388 142062928 1401676 33233648    0    0 849856 617088 219775 799344 24  8 53 15  0  0
17 23  99388 142057796 1401676 33233740    0    0 856976 612344 218687 802063 24  9 53 14  0  0
29  6  99388 142056080 1401676 33233832    0    0 861920 622100 219821 805405 24  7 54 15  0  0
30  8  99388 142071168 1401676 33233916    0    0 863184 618020 220272 807124 24  8 54 15  0  0
17 27  99388 142063588 1401676 33234008    0    0 853408 624820 219933 806345 24  8 53 14  0  0
25 12  99388 142059632 1401684 33234084    0    0 855840 612900 220582 807342 24  9 53 14  0  0
32  6  99388 142082276 1401684 33234196    0    0 856704 623652 220625 808454 24  9 53 14  0  0
27 10  99388 142066248 1401684 33234280    0    0 857552 628324 220203 806033 24  9 53 14  0  0
20 20  99388 142073320 1401684 33234372    0    0 856288 613388 220250 804882 24  8 53 14  0  0
procs -----------memory---------- ---swap-- -----io---- -system-- -------cpu-------
 r  b   swpd   free   buff  cache   si   so    bi    bo   in   cs us sy id wa st gu
19 15  99388 142083516 1401688 33234452    0    0 853968 620112 218781 802509 24  8 54 15  0  0
28  8  99388 142083956 1401696 33234536    0    0 860752 625380 219848 804620 24  7 54 15  0  0
22 16  99388 142083172 1401696 33234632    0    0 859280 620956 221532 808270 24  8 53 14  0  0
33  5  99388 142064004 1401696 33234732    0    0 858592 623140 221929 810463 24  9 53 14  0  0
29 10  99388 142075780 1401696 33234812    0    0 855872 625532 220932 808737 24  8 53 14  0  0
23 14  99388 142059852 1401696 33234924    0    0 805072 579668 208015 746038 23  8 53 16  0  0
22 15  99388 142056728 1401704 33235004    0    0 856896 619164 219569 801656 24  8 53 14  0  0
23 14  99388 142063056 1401704 33235104    0    0 858800 613656 219821 805563 24  8 54 15  0  0
33  5  99388 142079288 1401704 33235188    0    0 856928 617276 219177 796910 23  7 54 15  0  0
24 11  99388 142076860 1401704 33235276    0    0 848816 622608 220348 798034 24  8 53 15  0  0
27  9  99388 142060060 1401712 33235360    0    0 856912 619900 220006 804369 24  8 53 14  0  0
23 14  99388 142065088 1401716 33235448    0    0 856112 617092 221113 807612 24  9 53 14  0  0
25 12  99388 142059944 1401716 33235552    0    0 859008 623828 220277 804452 24  9 53 14  0  0
20 10  99388 142057680 1401716 33235640    0    0 856304 626044 221725 810641 24  9 53 14  0  0
24 12  99388 142069476 1401716 33235724    0    0 857280 616656 220860 807229 24  8 53 14  0  0
20 15  99388 142082540 1401716 33235820    0    0 864080 633128 221925 812674 23  7 55 15  0  0
25 13  99388 142082128 1401724 33235904    0    0 857152 621820 220242 804938 24  8 53 14  0  0
28 11  99388 142082020 1401724 33235996    0    0 853360 614804 219939 803577 24  8 53 14  0  0
28 19  99388 142065928 1401724 33236080    0    0 857440 629812 220977 807331 24  8 53 14  0  0
13 24  99388 142062416 1401724 33236168    0    0 857312 623520 220391 805034 24  9 53 14  0  0
14 25  99388 142066348 1401728 33236256    0    0 856880 615272 219838 802611 24  8 54 14  0  0
procs -----------memory---------- ---swap-- -----io---- -system-- -------cpu-------
 r  b   swpd   free   buff  cache   si   so    bi    bo   in   cs us sy id wa st gu
28 22  99388 142077424 1401736 33236340    0    0 857248 624624 221702 809589 24  8 53 14  0  0
16 30  99388 142077424 1401736 33236432    0    0 814944 567976 208489 748697 23  7 54 16  0  0
29 18  99388 142069276 1401736 33236512    0    0 859376 622252 220038 803851 24  8 54 15  0  0
18 33  99388 142074692 1401736 33236600    0    0 857888 619816 220954 804377 24  8 53 15  0  0
23 19  99388 142067596 1401736 33236696    0    0 852688 614112 219409 801136 24  8 53 15  0  0
21 28  99388 142054096 1401748 33236796    0    0 849936 626248 220379 800760 24  8 53 15  0  0
29 17  99388 142056904 1401748 33236872    0    0 852912 614608 220210 801811 24  9 53 15  0  0
23 17  99388 142054080 1401748 33236968    0    0 855152 618456 220401 802105 24  8 53 14  0  0
13 23  99388 142049892 1401748 33237056    0    0 859584 626868 219923 803079 24  8 54 15  0  0
15 35  99388 142063588 1401748 33237148    0    0 862944 628752 219966 800534 24  8 54 15  0  0
18 22  99388 142061640 1401756 33237220    0    0 855616 623120 220809 805160 24  8 53 14  0  0
22 28  99388 142058624 1401760 33237324    0    0 858656 614648 220500 805413 24  8 53 14  0  0
22 28  99388 142055260 1401760 33237412    0    0 852688 625240 221039 806477 24  9 53 15  0  0
18 30  99388 142065908 1401760 33237496    0    0 854624 614960 220736 806213 24  9 53 14  0  0
22 28  99388 142039956 1401764 33237592    0    0 851952 623804 219945 803733 24  9 53 14  0  0
20 32  99388 142050280 1401764 33237684    0    0 858832 627548 220357 806417 24  8 54 15  0  0
19 28  99388 142074008 1401772 33237776    0    0 864288 622748 220085 806002 24  7 54 15  0  0
30 20  99388 142068832 1401772 33237864    0    0 858000 612608 221161 810229 24  9 53 14  0  0
20 32  99388 142049640 1401772 33237956    0    0 849696 622524 219888 803446 24  8 53 14  0  0
30 14  99388 142044900 1401772 33238048    0    0 804944 569840 208195 747612 23  8 53 16  0  0
25 26  99388 142057544 1401772 33238156    0    0 855040 622312 220403 805671 24  8 53 14  0  0
procs -----------memory---------- ---swap-- -----io---- -system-- -------cpu-------
 r  b   swpd   free   buff  cache   si   so    bi    bo   in   cs us sy id wa st gu
21 32  99388 142055772 1401780 33238336    0    0 847792 619432 219529 799050 24  8 53 15  0  0
26 19  99388 142045644 1401780 33238424    0    0 855792 613068 218954 800842 24  8 53 15  0  0
21 33  99388 142073064 1401780 33238504    0    0 858720 625812 219046 799070 23  7 54 15  0  0
27 17  99388 142064888 1401788 33238592    0    0 856656 619076 220216 805543 24  8 53 14  0  0
22 24  99388 142065684 1401788 33238688    0    0 860928 618252 220104 802703 24  8 53 15  0  0
25 27  99388 142063760 1401796 33238764    0    0 856768 621008 220610 806542 24  8 53 14  0  0
31 12  99388 142061316 1401796 33238872    0    0 860448 628224 221302 809084 24  8 53 14  0  0
19 26  99388 142050124 1401796 33238968    0    0 853616 620644 219644 802997 24  9 53 14  0  0
24 24  99388 142051164 1401796 33239064    0    0 855680 618732 220373 806179 24  9 53 14  0  0
21 24  99388 142068576 1401796 33239152    0    0 867824 631564 220383 804949 23  7 55 15  0  0
24 32  99388 142066488 1401800 33239228    0    0 854992 632260 220397 805360 24  8 53 15  0  0
26 28  99388 142065608 1401800 33239312    0    0 859920 621688 220285 806994 24  8 53 14  0  0
27 18  99388 142056476 1401800 33239420    0    0 855888 624076 220179 805435 24  8 53 14  0  0
16 23  99388 142043872 1401800 33239500    0    0 858480 617956 221316 807991 25  8 53 14  0  0
23 16  99388 142025132 1401800 33239592    0    0 858656 624912 220178 804429 24  8 53 14  0  0
16 28  99388 142053972 1401804 33239688    0    0 817712 585160 211245 761382 23  8 53 16  0  0
23 18  99388 142057852 1401804 33239780    0    0 852544 614828 217292 789049 23  7 54 15  0  0
14 27  99388 142071976 1401908 33239760    0    0 767264 571728 206200 724196 22  7 58 14  0  0
25 18  99388 142079812 1401908 33239952    0    0 852064 629872 220511 806042 24  8 53 15  0  0
23 34  99388 142063868 1401908 33240032    0    0 855360 615992 220647 803308 24  8 53 15  0  0
23 28  99388 142065904 1401912 33240128    0    0 852736 624008 220489 803719 24  8 53 15  0  0
procs -----------memory---------- ---swap-- -----io---- -system-- -------cpu-------
 r  b   swpd   free   buff  cache   si   so    bi    bo   in   cs us sy id wa st gu
24 18  99388 142054812 1401912 33240216    0    0 856048 619520 221142 808548 24  8 53 15  0  0
21 22  99388 142065360 1401916 33240296    0    0 856816 620100 221231 808302 24  9 53 14  0  0
23 24  99388 142077220 1401916 33240396    0    0 863888 635796 221601 809179 24  8 54 15  0  0
26 16  99388 142066324 1401916 33240480    0    0 865872 617864 220808 808384 24  8 54 15  0  0
24 22  99388 142054804 1401920 33240576    0    0 856240 620620 219941 806523 24  8 53 15  0  0
29 16  99388 142043524 1401920 33240668    0    0 859520 627444 221513 809079 24  8 53 14  0  0
29 23  99388 142054912 1401920 33240756    0    0 857792 629764 221077 806409 24  8 53 14  0  0
15 40  99388 142047268 1401920 33240848    0    0 858496 618556 221112 806226 24  8 53 14  0  0
18 20  99388 142052272 1401920 33240944    0    0 857920 620924 220779 807103 24  9 53 14  0  0
14 26  99388 142051188 1401928 33241040    0    0 861216 622952 220841 807891 24  8 54 14  0  0
20 22  99388 142067632 1401928 33241116    0    0 864640 625720 220879 808989 24  7 54 15  0  0
21 33  99388 142060068 1401932 33241212    0    0 858176 625088 220853 807015 24  8 53 14  0  0
18 20  99388 142074308 1401932 33241304    0    0 808176 581852 210008 753445 23  8 53 16  0  0
21 19  99388 142047960 1401932 33241400    0    0 855136 614660 220347 808371 24  8 53 14  0  0
19 21  99388 142052816 1401936 33241492    0    0 854176 619840 220725 806233 24  9 53 14  0  0
19 24  99388 142050396 1401936 33241564    0    0 853008 621756 220503 804518 24  8 53 15  0  0
20 22  99388 142049312 1401936 33241652    0    0 849936 621476 220206 799997 24  8 53 15  0  0
13 31  99388 142049956 1401936 33241732    0    0 824720 593828 211884 761226 23  7 54 16  0  0
24 17  99388 142060616 1401936 33241828    0    0 843280 612608 218487 791294 24  8 53 15  0  0
24 20  99388 142053344 1401944 33241912    0    0 854768 621960 220261 806980 24  8 53 14  0  0
23 28  99388 142055696 1401944 33242012    0    0 858096 625932 221374 806551 24  8 53 14  0  0
procs -----------memory---------- ---swap-- -----io---- -system-- -------cpu-------
 r  b   swpd   free   buff  cache   si   so    bi    bo   in   cs us sy id wa st gu
32 10  99388 142045272 1401952 33242092    0    0 858848 620644 221391 808977 24  8 53 14  0  0
23 21  99388 142049980 1401952 33242204    0    0 856544 631280 221387 807345 24  8 53 14  0  0
21 21  99388 142060460 1401952 33242296    0    0 856608 621376 221036 806463 24  8 53 14  0  0
12 39  99388 142082656 1401956 33242400    0    0 868256 634760 221786 804547 23  7 54 15  0  0
22 28  99388 142068644 1401956 33242468    0    0 857984 622264 220997 805181 24  8 53 15  0  0
15 41  99388 142050512 1401956 33242572    0    0 860544 626408 221130 806852 24  8 53 15  0  0
30 11  99388 142059836 1401956 33242660    0    0 859232 620620 221481 805138 24  9 53 15  0  0
18 33  99388 142050252 1401956 33242752    0    0 857328 627860 221591 808001 24  9 53 15  0  0
18 27  99388 142049004 1401956 33242856    0    0 850928 613808 220705 803009 24  8 53 15  0  0
26 12  99388 142054376 1401956 33242948    0    0 805872 574396 208895 748152 23  8 53 16  0  0
26 15  99388 142064512 1401956 33243052    0    0 859984 629056 219949 804446 24  7 54 15  0  0
23 28  99388 142062528 1401956 33243116    0    0 858720 630896 220752 808178 24  8 54 15  0  0
24 30  99388 142053000 1401956 33243208    0    0 852352 616948 220094 802452 24  8 53 15  0  0
22 29  99388 142040684 1401956 33243288    0    0 844240 614416 219475 796012 24  8 53 15  0  0
26 24  99388 142041220 1401956 33243384    0    0 811360 594316 210266 755759 23  8 53 16  0  0
16 38  99388 142042896 1401956 33243468    0    0 853520 624040 219572 801360 24  8 53 15  0  0
20 32  99388 142025860 1401956 33243568    0    0 858080 609788 219714 806311 24  8 53 14  0  0
20 22  99388 142060444 1401956 33243652    0    0 860688 632872 220763 806699 24  8 54 15  0  0
13 25  99388 142062824 1401964 33243812    0    0 862864 624996 220228 806143 24  7 54 15  0  0
27 21  99388 142054632 1401964 33243916    0    0 859040 626768 221015 805993 24  8 53 14  0  0
22 27  99388 142049532 1401964 33244004    0    0 862736 613284 220532 806520 24  8 53 14  0  0
procs -----------memory---------- ---swap-- -----io---- -system-- -------cpu-------
 r  b   swpd   free   buff  cache   si   so    bi    bo   in   cs us sy id wa st gu
30 16  99388 142051216 1401964 33244088    0    0 854576 621152 220301 805222 24  9 53 14  0  0
24 18  99388 142057932 1401964 33244188    0    0 857504 626684 220743 806981 24  8 53 15  0  0
20 30  99388 142055388 1401972 33244264    0    0 859184 624948 220319 805538 24  9 53 14  0  0
22 22  99388 142051772 1401972 33244372    0    0 859072 619612 220101 805932 24  8 53 14  0  0
21 19  99388 142061204 1401976 33244460    0    0 864944 631704 221383 811811 24  7 54 15  0  0
23 32  99388 142066256 1401976 33244532    0    0 843808 607896 217209 793247 24  8 53 15  0  0
16 37  99388 142041908 1401976 33244628    0    0 817472 594012 210960 759442 23  8 53 16  0  0
28 13  99388 142022276 1401984 33244712    0    0 853632 626508 219532 801468 24  8 53 15  0  0
27 16  99388 142028620 1401984 33244808    0    0 853296 617184 219426 800777 24  8 53 14  0  0
18 24  99388 142047032 1401984 33244896    0    0 832416 593868 214454 776019 23  8 53 15  0  0
21 27  99388 142054396 1401984 33244980    0    0 830768 602928 214631 774304 23  8 53 15  0  0
16 36  99388 142070456 1401984 33245072    0    0 864528 638428 221148 809758 23  7 55 15  0  0
26 22  99388 142062848 1401992 33245140    0    0 856496 610540 219236 804787 24  8 53 14  0  0
21 21  99388 142055040 1401992 33245244    0    0 855744 623720 220569 808847 24  8 53 14  0  0
17 37  99388 142069828 1401996 33245332    0    0 853776 616648 219552 801978 24  9 53 14  0  0
28 15  99388 142061536 1401996 33245440    0    0 855408 626240 222344 810465 24  9 53 14  0  0
22 20  99388 142053336 1401996 33245524    0    0 859680 624264 222040 809762 24  9 53 14  0  0
18 24  99388 142047304 1402004 33245616    0    0 857264 627428 221649 808652 24  8 53 15  0  0
14 26  99388 142054752 1402004 33245720    0    0 866656 638132 221572 809775 24  7 54 15  0  0
19 33  99388 142054104 1402004 33245800    0    0 860032 626880 220494 807242 24  8 54 15  0  0
28 15  99388 142052248 1402004 33245896    0    0 855984 617852 220647 808224 24  8 53 14  0  0
procs -----------memory---------- ---swap-- -----io---- -system-- -------cpu-------
 r  b   swpd   free   buff  cache   si   so    bi    bo   in   cs us sy id wa st gu
19 28  99388 142058984 1402004 33245980    0    0 857120 618636 220356 806921 24  8 53 14  0  0
19 36  99388 142047328 1402012 33246084    0    0 845952 609712 217291 788092 24  8 53 15  0  0
14 22  99388 142043460 1402012 33246172    0    0 815424 586392 211084 756365 23  8 53 16  0  0
17 21  99388 142045852 1402012 33246268    0    0 854992 634596 221110 805397 24  8 53 15  0  0
14 37  99388 142054900 1402012 33246356    0    0 860560 633896 221359 811254 24  8 54 15  0  0
28 13  99388 142060736 1402012 33246436    0    0 858272 613940 219118 799689 24  8 54 15  0  0
35  8  99388 142052376 1402016 33246516    0    0 809728 574100 208600 747492 23  8 53 16  0  0
35 12  99388 142045008 1402016 33246604    0    0 853568 634236 220334 802102 24  9 53 15  0  0
17 18  99388 142035948 1402020 33246704    0    0 859104 624184 221101 806027 24  8 53 15  0  0
22 14  99388 142035208 1402020 33246792    0    0 858192 618564 221158 806618 24  8 53 14  0  0
23 34  99388 142042680 1402020 33246884    0    0 854960 621568 221103 804513 24  9 53 15  0  0
29 10  99388 142050628 1402028 33246984    0    0 857712 624084 220735 805866 24  8 53 15  0  0
21 15  99388 142057312 1402028 33247060    0    0 863280 620840 219956 805070 24  7 54 15  0  0
30 14  99388 142052988 1402028 33247152    0    0 857472 617996 220444 804664 24  8 53 15  0  0
23 20  99388 142044712 1402028 33247256    0    0 845696 618544 220603 797303 24  8 53 14  0  0
28 15  99388 142050472 1402028 33247336    0    0 853680 618448 221056 804911 24  9 53 14  0  0
25 10  99388 142039452 1402036 33247424    0    0 854816 622416 221690 806478 24  8 53 15  0  0
29  8  99388 142040772 1402036 33247516    0    0 854592 621128 220442 802491 24  8 53 15  0  0
29  7  99388 142052256 1402036 33247616    0    0 852528 620908 220254 802021 24  8 53 15  0  0
22 30  99388 142067580 1402036 33247700    0    0 828464 587144 211695 760847 23  7 54 16  0  0
15 24  99388 142052272 1402036 33247784    0    0 798752 575324 207747 741783 23  8 53 16  0  0
procs -----------memory---------- ---swap-- -----io---- -system-- -------cpu-------
 r  b   swpd   free   buff  cache   si   so    bi    bo   in   cs us sy id wa st gu
14 23  99388 142038028 1402036 33247868    0    0 809456 571312 208841 746126 23  8 53 16  0  0
21 25  99388 142046056 1402036 33247964    0    0 806032 576296 208499 744398 23  8 53 16  0  0
33 21  99388 142037552 1402036 33248056    0    0 772624 539296 199453 705776 22  8 54 17  0  0
22 30  99388 142044576 1402036 33248148    0    0 798960 572384 207654 739484 23  8 53 16  0  0
16 23  99388 142036236 1402036 33248248    0    0 813584 599308 211476 755530 23  8 53 16  0  0
19 18  99388 142051484 1402040 33248332    0    0 813584 576264 208763 745098 22  6 55 17  0  0
28 10  99388 142053936 1402048 33248404    0    0 821408 590532 212295 763117 23  8 53 16  0  0
23 14  99388 142038760 1402048 33248504    0    0 816256 581812 212124 761353 23  8 53 16  0  0
27 19  99388 142038352 1402048 33248596    0    0 838176 603384 215898 778550 23  8 53 15  0  0
32  8  99388 142050208 1402048 33248688    0    0 835456 599436 216081 781219 24  8 53 15  0  0
23 12  99388 142053052 1402052 33248772    0    0 828768 598428 214723 773074 23  8 53 15  0  0
22 24  99388 142037748 1402052 33248872    0    0 812816 579408 211713 758314 23  8 53 16  0  0
22 13  99388 142054140 1402056 33248960    0    0 816896 593824 209172 748175 22  7 54 17  0  0
28 10  99388 142069768 1402056 33249040    0    0 832528 592856 214836 775537 24  8 53 15  0  0
25 12  99388 142059964 1402056 33249132    0    0 838048 599188 216588 784151 24  8 53 15  0  0
28  8  99388 142057376 1402060 33249284    0    0 836768 606624 216729 782164 23  8 53 15  0  0
25 19  99388 142039760 1402060 33249372    0    0 830496 595868 214771 774351 23  8 53 15  0  0
31 14  99388 142028396 1402060 33249464    0    0 834240 597808 215252 782134 24  8 53 15  0  0
23 13  99388 142031820 1402060 33249560    0    0 829600 600228 215281 777640 23  8 53 15  0  0
24 14  99388 142049988 1402060 33249652    0    0 796496 560128 204828 728508 22  7 54 17  0  0
29  8  99388 142054712 1402068 33249720    0    0 841312 604420 217282 785607 23  8 54 15  0  0
procs -----------memory---------- ---swap-- -----io---- -system-- -------cpu-------
 r  b   swpd   free   buff  cache   si   so    bi    bo   in   cs us sy id wa st gu
23 30  99388 142043392 1402068 33249824    0    0 834880 597380 215226 775748 24  8 53 15  0  0
26  9  99388 142044308 1402068 33249912    0    0 839632 601756 217571 785851 24  8 53 15  0  0
23 13  99388 142038464 1402068 33250000    0    0 828368 610732 216256 781479 24  8 53 15  0  0
19 18  99388 142031820 1402068 33250100    0    0 837200 598140 215861 777768 24  8 53 15  0  0
30 13  99388 142040236 1402072 33250184    0    0 833904 606752 216350 782088 23  8 53 15  0  0
23 12  99388 142037940 1402072 33250288    0    0 842400 606480 217234 789407 24  8 54 15  0  0
28 10  99388 142045208 1402076 33250360    0    0 842912 612020 217937 782372 23  7 54 15  0  0
24 11  99388 142035784 1402076 33250452    0    0 841600 601472 216656 785203 24  8 53 15  0  0
26 13  99388 142040148 1402076 33250548    0    0 830912 609720 217135 782164 23  9 53 15  0  0
29  8  99388 142026504 1402084 33250644    0    0 844928 607964 218057 792645 24  8 53 15  0  0
31  7  99388 142033076 1402084 33250732    0    0 851152 629548 220253 802159 24  8 53 15  0  0
24 12  99388 142042740 1402088 33250824    0    0 856256 619912 219416 801557 24  8 53 14  0  0
33  7  99388 142051236 1402088 33250920    0    0 849904 610440 219203 797001 24  8 53 15  0  0
31  9  99388 142052844 1402088 33251004    0    0 863984 622968 219167 801304 24  7 54 15  0  0
29 10  99388 142050368 1402096 33251084    0    0 854144 626816 220808 807610 24  8 53 14  0  0
23 18  99388 142040248 1402096 33251172    0    0 810304 571020 209030 752242 23  8 53 16  0  0
28 12  99388 142051160 1402096 33251252    0    0 854640 617244 220194 802178 24  9 53 14  0  0
27 14  99388 142047012 1402096 33251348    0    0 849280 611896 219222 801343 24  8 53 14  0  0
28  6  99388 142049204 1402096 33251444    0    0 853696 616952 219858 803529 24  9 53 15  0  0
20 15  99388 142018604 1402104 33251524    0    0 852336 626936 220834 810371 24  8 53 14  0  0
22 14  99388 142034720 1402104 33251628    0    0 865136 618884 220540 809447 24  7 54 15  0  0
procs -----------memory---------- ---swap-- -----io---- -system-- -------cpu-------
 r  b   swpd   free   buff  cache   si   so    bi    bo   in   cs us sy id wa st gu
26 10  99388 142024668 1402104 33251708    0    0 860432 633052 221787 813561 24  8 53 15  0  0
16 21  99388 142052900 1402104 33251800    0    0 862224 626968 220843 810852 24  8 53 14  0  0
21 14  99388 142048576 1402104 33251896    0    0 859632 621956 221117 810696 24  9 53 14  0  0
24 14  99388 142034736 1402112 33251976    0    0 857840 637092 220523 813446 24  8 53 15  0  0
24 14  99388 142037712 1402112 33252080    0    0 847024 615456 219364 800053 24  8 53 14  0  0
28  8  99388 142042488 1402116 33252160    0    0 858112 615576 219843 803444 24  9 53 14  0  0
22 13  99388 142046768 1402116 33252264    0    0 858976 622492 220229 805550 24  7 54 15  0  0
31  6  99388 142061300 1402116 33252352    0    0 856608 616228 219606 798870 24  8 53 15  0  0
31 12  99388 142042856 1402124 33252432    0    0 851888 613800 219576 799166 24  8 53 15  0  0
28  9  99388 142044852 1402124 33252532    0    0 851840 628020 219938 801904 24  8 53 15  0  0
28  7  99388 142050484 1402124 33252612    0    0 850512 618000 219069 800690 24  8 53 14  0  0
21 15  99388 142035668 1402124 33252692    0    0 845664 599856 218028 788890 24  8 53 15  0  0
23 14  99388 142029420 1402124 33252796    0    0 818528 593132 211934 762038 23  8 53 16  0  0
23 11  99388 142052736 1402132 33252876    0    0 861168 621596 220819 807823 24  8 54 14  0  0
30 10  99388 142051848 1402132 33252972    0    0 861632 617456 219686 799813 24  7 54 15  0  0
31 10  99388 142049980 1402140 33253056    0    0 850544 612540 219269 801383 24  8 53 15  0  0
33  4  99388 142041496 1402140 33253164    0    0 853440 621532 219693 803618 24  8 53 15  0  0
26 16  99388 142039700 1402140 33253256    0    0 857424 621724 220985 806990 24  9 53 14  0  0
31  6  99388 142052392 1402148 33253336    0    0 858720 623064 221398 803842 25  8 52 15  0  0
27 10  99388 142044928 1402148 33253436    0    0 858176 627492 221361 808558 24  9 53 14  0  0
24 17  99388 142036376 1402148 33253520    0    0 855536 617308 219060 799119 24  8 54 14  0  0
procs -----------memory---------- ---swap-- -----io---- -system-- -------cpu-------
 r  b   swpd   free   buff  cache   si   so    bi    bo   in   cs us sy id wa st gu
31  7  99388 142043280 1402148 33253616    0    0 865680 620436 220638 809604 24  7 54 15  0  0
23 11  99388 142035116 1402148 33253692    0    0 853536 624024 220572 806619 24  8 53 14  0  0
24 18  99388 142039140 1402156 33253780    0    0 854976 616592 220631 801533 24  9 53 14  0  0
26 17  99388 142025540 1402156 33253880    0    0 850976 621368 220441 803458 24  8 53 15  0  0
29  8  99388 142026224 1402156 33253972    0    0 854688 618556 220300 803801 24  8 53 15  0  0
21 17  99388 142042976 1402156 33254056    0    0 854736 622336 220674 809225 24  8 53 14  0  0
25 11  99388 142045332 1402156 33254152    0    0 857024 617028 220821 806197 24  8 53 14  0  0
21 15  99388 142066200 1402164 33254232    0    0 865392 629976 221296 806154 24  7 54 15  0  0
22 13  99388 142063912 1402164 33254316    0    0 812032 585720 209477 752927 23  8 53 16  0  0
24 17  99388 142046468 1402168 33254408    0    0 853776 613656 219844 803832 24  9 53 14  0  0
23 13  99388 142051368 1402168 33254504    0    0 852400 620376 220364 803496 24  8 53 15  0  0
28  8  99388 142037572 1402168 33254604    0    0 855248 629172 221016 803122 24  9 53 14  0  0
22 15  99388 142053500 1402176 33254756    0    0 852128 613324 218945 800749 24  8 53 14  0  0
29 16  99388 142046768 1402176 33254856    0    0 858080 622940 220598 807687 24  8 53 14  0  0
24 13  99388 142053044 1402176 33254944    0    0 863936 622696 220773 807774 24  7 54 15  0  0
25 10  99388 142044396 1402176 33255024    0    0 860160 634196 222126 809885 24  8 54 15  0  0
26 14  99388 142040892 1402176 33255116    0    0 854000 612124 219653 802041 24  8 53 14  0  0
29 16  99388 142030428 1402184 33255204    0    0 849872 623840 220220 801745 24  9 53 14  0  0
26 10  99388 142040316 1402184 33255300    0    0 857376 614480 220980 808442 24  9 53 14  0  0
25 12  99388 142042020 1402192 33255376    0    0 857280 627360 220992 808224 24  9 53 14  0  0
29 11  99388 142043056 1402192 33255476    0    0 854080 620520 220617 804472 24  9 53 15  0  0
procs -----------memory---------- ---swap-- -----io---- -system-- -------cpu-------
 r  b   swpd   free   buff  cache   si   so    bi    bo   in   cs us sy id wa st gu
23 14  99388 142058760 1402192 33255576    0    0 856480 619228 219299 800235 24  8 54 15  0  0
26 12  99388 142051136 1402200 33255664    0    0 862080 616140 218688 800468 24  8 54 15  0  0
19 18  99388 142044624 1402200 33255752    0    0 858880 624056 221272 806399 24  9 53 14  0  0
26 20  99388 142042344 1402200 33255840    0    0 848496 619880 219240 797202 24  9 53 15  0  0
27 10  99388 142039428 1402200 33255932    0    0 816912 577632 209811 757332 23  8 53 16  0  0
26 13  99388 142026560 1402200 33256040    0    0 859664 617864 220916 808719 24  8 53 14  0  0
27  9  99388 142023860 1402204 33256124    0    0 854480 621360 220776 805473 24  8 53 14  0  0
24 14  99388 142037384 1402204 33256220    0    0 855968 628332 221047 805144 24  8 53 15  0  0
27 11  99388 142037616 1402208 33256304    0    0 857840 618108 219282 798595 24  7 54 15  0  0
22 13  99388 142030344 1402208 33256392    0    0 856176 624744 221001 804844 24  8 53 15  0  0
29 12  99388 142019968 1402208 33256492    0    0 853952 629072 220457 807753 24  8 53 15  0  0
28 12  99388 142024816 1402216 33256560    0    0 861632 617360 220069 804304 24  9 53 14  0  0
24 11  99388 142010676 1402216 33256660    0    0 850736 623076 218900 796279 24  8 53 14  0  0
25 14  99388 142009612 1402220 33256740    0    0 857120 619088 220545 807671 24  9 53 14  0  0
25 12  99388 142033092 1402220 33256848    0    0 856256 620516 220888 807202 24  9 53 14  0  0
26 12  99388 142042584 1402220 33256932    0    0 866400 623812 220719 808250 23  7 55 15  0  0
26 10  99388 142034044 1402228 33257012    0    0 859424 617032 219866 802045 24  8 53 15  0  0
34  8  99388 142031200 1402228 33257120    0    0 856000 623620 221350 808527 24  8 53 15  0  0
19 18  99388 142028204 1402228 33257212    0    0 851584 622392 220014 800350 24  8 53 15  0  0
32  7  99388 142034756 1402228 33257292    0    0 858240 619652 220721 804531 24  9 53 14  0  0
28  9  99388 142032332 1402228 33257372    0    0 858240 621632 221253 807434 24  8 53 15  0  0
procs -----------memory---------- ---swap-- -----io---- -system-- -------cpu-------
 r  b   swpd   free   buff  cache   si   so    bi    bo   in   cs us sy id wa st gu
25 10  99388 142033492 1402236 33257460    0    0 811920 576048 208662 751003 23  8 53 16  0  0
26  9  99388 142042404 1402236 33257564    0    0 865952 630904 222405 810843 24  7 54 15  0  0
25 14  99388 142039404 1402236 33257644    0    0 861920 619688 221158 804930 24  8 53 15  0  0
19 20  99388 142041300 1402236 33257728    0    0 857328 617312 220039 803253 24  8 53 15  0  0
26 13  99388 142028096 1402236 33257812    0    0 854896 621536 220519 801129 24  8 53 15  0  0
30  9  99388 142033396 1402244 33257900    0    0 851024 619588 219506 801197 24  8 53 15  0  0
27 10  99388 142024328 1402244 33258004    0    0 855312 627032 220631 805552 24  9 53 15  0  0
24 13  99388 142047616 1402248 33258100    0    0 856272 618108 219744 803262 24  8 53 14  0  0
29  9  99388 142053332 1402248 33258180    0    0 850640 614564 219151 794505 24  8 54 14  0  0
18 19  99388 142046936 1402248 33258256    0    0 859792 631984 221247 807683 24  8 54 15  0  0
29 14  99388 142022064 1402256 33258340    0    0 854416 625112 221696 810075 24  8 53 14  0  0
26 10  99388 142021564 1402256 33258440    0    0 855920 616304 219406 800474 24  8 53 14  0  0
27  9  99388 142043828 1402256 33258516    0    0 851024 625004 219582 802353 24  8 53 15  0  0
25 17  99388 142032808 1402256 33258612    0    0 850160 617144 218980 802099 24  8 53 14  0  0
27  8  99388 142014756 1402256 33258704    0    0 851872 606128 218315 795486 24  8 53 15  0  0
29  9  99388 142027932 1402264 33258800    0    0 859472 629148 220737 805934 24  8 53 15  0  0
26 14  99388 142041864 1402264 33258892    0    0 859776 627224 219290 806101 24  7 54 15  0  0
28 11  99388 142025248 1402264 33258984    0    0 828048 602348 214433 770450 23  8 53 16  0  0
23 19  99388 142033696 1402264 33259068    0    0 840128 608920 216417 785746 23  8 53 15  0  0
32 15  99388 142022540 1402264 33259168    0    0 859472 614704 219459 802010 24  8 53 14  0  0
22 14  99388 142022700 1402272 33259244    0    0 854368 618760 219797 801128 24  8 53 15  0  0
procs -----------memory---------- ---swap-- -----io---- -system-- -------cpu-------
 r  b   swpd   free   buff  cache   si   so    bi    bo   in   cs us sy id wa st gu
27 13  99388 142028820 1402272 33259348    0    0 851936 623084 220174 799131 24  8 53 15  0  0
27 13  99388 142021032 1402276 33259436    0    0 854688 613092 220135 801254 24  8 53 15  0  0
30  8  99388 142033272 1402276 33259516    0    0 864816 627756 220482 805509 23  7 54 15  0  0
22 17  99388 142040040 1402276 33259612    0    0 851040 626080 220690 804148 24  8 53 14  0  0
22 15  99388 142034532 1402280 33259696    0    0 857456 620556 221201 802796 24  9 53 14  0  0
33  8  99388 142019232 1402280 33259792    0    0 858832 621492 221259 808477 24  8 53 15  0  0
19 20  99388 142028468 1402280 33259884    0    0 855984 625312 220535 803354 24  8 53 14  0  0
17 18  99388 142040752 1402280 33259976    0    0 857792 615128 220671 805575 24  9 53 14  0  0
27 12  99388 142036268 1402280 33260076    0    0 855744 613052 220320 804186 24  8 53 14  0  0
20 16  99388 142026172 1402280 33260240    0    0 861504 625192 219932 801390 24  7 54 15  0  0
28 10  99388 142040584 1402280 33260328    0    0 856000 622820 220102 801114 24  8 53 15  0  0
21 20  99388 142034216 1402280 33260424    0    0 858688 617836 220375 805280 24  8 53 14  0  0
31  7  99388 142019132 1402280 33260512    0    0 858896 624172 221131 807155 24  8 53 14  0  0
28 15  99388 142014800 1402280 33260592    0    0 808560 580668 209365 749048 23  8 53 16  0  0
27 10  99388 142012804 1402288 33260688    0    0 859696 615404 220085 804968 24  8 53 14  0  0
30  7  99388 142012892 1402288 33260780    0    0 857408 624924 220437 804468 24  9 53 14  0  0
22 13  99388 142039740 1402288 33260876    0    0 858848 629536 221350 807418 24  8 54 15  0  0
25 11  99388 142028408 1402288 33260956    0    0 860320 626296 220231 803795 24  8 54 15  0  0
29  9  99388 142026684 1402288 33261064    0    0 852928 606368 218951 800197 24  8 53 15  0  0
23 16  99388 142025628 1402296 33261144    0    0 853600 630128 220013 804600 24  9 53 14  0  0
32 12  99388 142014876 1402296 33261252    0    0 852320 605476 219103 798077 24  8 53 14  0  0
procs -----------memory---------- ---swap-- -----io---- -system-- -------cpu-------
 r  b   swpd   free   buff  cache   si   so    bi    bo   in   cs us sy id wa st gu
30  9  99388 142013824 1402300 33261340    0    0 850304 622852 219512 799113 24  8 54 14  0  0
31 10  99388 142026524 1402300 33261420    0    0 861088 625028 220104 804476 24  8 53 14  0  0
25 12  99388 142031540 1402300 33261520    0    0 863072 617468 219638 802747 24  8 54 15  0  0
24 18  99388 142050100 1402304 33261600    0    0 863984 628972 220685 807572 24  8 54 15  0  0
24 12  99388 142041156 1402308 33261680    0    0 852464 618208 219229 798749 24  8 53 14  0  0
19 18  99388 142040780 1402308 33261780    0    0 852480 620628 220061 805051 24  9 53 14  0  0
21 19  99388 142032924 1402308 33261872    0    0 854752 619184 220337 802201 24  8 53 15  0  0
31  8  99388 142042280 1402308 33261976    0    0 853632 624864 220552 808415 24  9 53 14  0  0
25 11  99388 142032992 1402316 33262056    0    0 856336 615392 219245 805544 24  8 53 14  0  0
20 16  99388 142045704 1402316 33262144    0    0 810816 574856 208135 749558 23  8 53 16  0  0
24 11  99388 142047364 1402316 33262236    0    0 865648 625284 220475 808701 24  7 55 15  0  0
24 13  99388 142051924 1402316 33262324    0    0 858800 628220 220546 806885 24  9 53 14  0  0
19 16  99388 142033196 1402316 33262404    0    0 858224 620444 220406 802149 24  8 53 15  0  0
26 10  99388 142026844 1402324 33262488    0    0 857200 615432 219323 800753 24  8 53 15  0  0
24 12  99388 142015196 1402324 33262584    0    0 852112 611644 218788 795785 24  8 53 15  0  0
29 11  99388 142018812 1402324 33262684    0    0 857328 626540 220542 806321 24  8 53 14  0  0
25 13  99388 142021780 1402324 33262772    0    0 859008 616688 220246 804347 24  9 53 14  0  0
34  6  99388 142032368 1402324 33262860    0    0 865616 628840 220614 806289 24  7 54 15  0  0
20 16  99388 142030676 1402332 33262928    0    0 858960 617696 219605 804119 24  8 53 14  0  0
29 18  99388 142021852 1402336 33263024    0    0 859920 628316 221787 813009 24  8 53 14  0  0
24 11  99388 142015908 1402336 33263128    0    0 858464 637424 222344 812031 24  8 53 14  0  0
procs -----------memory---------- ---swap-- -----io---- -system-- -------cpu-------
 r  b   swpd   free   buff  cache   si   so    bi    bo   in   cs us sy id wa st gu
29 10  99388 142019976 1402336 33263216    0    0 856592 628468 221382 809974 24  8 53 14  0  0
29  9  99388 142028764 1402336 33263296    0    0 852592 622664 221626 809775 24  8 53 14  0  0
32 14  99388 142017512 1402344 33263388    0    0 850512 630804 220533 805144 24  8 53 15  0  0
26 14  99388 142039028 1402348 33263508    0    0 862448 631000 220718 809405 24  7 54 15  0  0
24 12  99388 142042244 1402348 33263588    0    0 864784 633036 221908 812611 24  8 54 15  0  0
24 19  99388 142031400 1402348 33263664    0    0 819712 588912 211199 757322 23  8 53 16  0  0
24 11  99388 142013948 1402348 33263744    0    0 850768 630472 219891 807736 24  8 53 15  0  0
27 12  99388 142008196 1402356 33263832    0    0 862352 633696 221142 812030 24  8 53 15  0  0
26 11  99388 142017728 1402356 33263932    0    0 858560 634736 221237 812979 24  9 53 14  0  0
22 16  99388 142017508 1402356 33264032    0    0 856272 620064 220421 810588 24  8 53 14  0  0
26 11  99388 142030176 1402356 33264120    0    0 857952 635380 221622 809098 24  8 54 15  0  0
25 16  99388 142028700 1402356 33264200    0    0 854784 626204 219203 800065 24  7 54 15  0  0
26 15  99388 142024184 1402360 33264284    0    0 852144 633780 220130 805818 24  8 53 15  0  0
27 17  99388 142009348 1402364 33264376    0    0 846208 616596 219155 797971 24  8 53 14  0  0
27 11  99388 142005428 1402364 33264476    0    0 850640 609500 218858 793767 24  8 53 14  0  0
22 20  99388 142001444 1402364 33264560    0    0 856128 620296 220387 802132 24  9 53 14  0  0
32  7  99388 142002772 1402364 33264672    0    0 853504 619764 219295 802882 24  9 53 14  0  0
21 17  99388 142007448 1402376 33264748    0    0 858960 623272 220131 804543 24  8 53 15  0  0
26 15  99388 142028212 1402376 33264848    0    0 862320 615828 218567 801710 24  7 54 15  0  0
24 14  99388 142019088 1402376 33264936    0    0 849792 616404 219349 797680 24  8 53 15  0  0
28  8  99388 142028248 1402376 33265024    0    0 856768 623272 220017 802440 24  9 53 14  0  0
procs -----------memory---------- ---swap-- -----io---- -system-- -------cpu-------
 r  b   swpd   free   buff  cache   si   so    bi    bo   in   cs us sy id wa st gu
18 19  99388 142018292 1402376 33265124    0    0 856880 617316 219580 803176 24  9 53 14  0  0
24 12  99388 142030512 1402380 33265200    0    0 804304 581172 208479 744427 23  8 53 16  0  0
24 12  99388 142032456 1402388 33265276    0    0 854944 610568 219526 805124 24  8 53 14  0  0
28  8  99388 142019776 1402388 33265376    0    0 859056 616200 220983 805633 24  8 53 14  0  0
20 17  99388 142021884 1402388 33265472    0    0 866160 639840 222688 812804 23  7 55 15  0  0
23 19  99388 142009252 1402388 33265548    0    0 857968 625732 220608 806518 24  8 53 14  0  0
19 18  99388 142011736 1402396 33265732    0    0 854192 606628 219196 799469 24  8 53 14  0  0
26 14  99388 142021536 1402396 33265824    0    0 850912 627068 220265 801451 24  8 53 15  0  0
23 15  99388 142007312 1402396 33265912    0    0 858352 620880 220602 806062 24  8 53 14  0  0
26 12  99388 142006736 1402396 33266012    0    0 857936 614144 219895 803106 24  9 53 14  0  0
25 15  99388 142002780 1402396 33266100    0    0 856640 621540 221004 804235 24  8 53 14  0  0
20 17  99388 142015356 1402396 33266188    0    0 867312 629908 221254 808663 24  7 54 15  0  0
24 16  99388 142027020 1402396 33266272    0    0 860960 626764 221243 811269 24  8 53 14  0  0
30 12  99388 142025312 1402396 33266376    0    0 856608 632744 221126 804978 24  8 53 14  0  0
24 14  99388 142028084 1402396 33266464    0    0 856848 623272 220967 803603 24  9 53 15  0  0
32 12  99388 142018104 1402396 33266556    0    0 851136 618208 219539 799232 24  8 53 15  0  0
26 12  99388 142020852 1402396 33266648    0    0 853536 612104 219760 801677 24  8 53 14  0  0
25 11  99388 142025520 1402400 33266736    0    0 856672 628344 221326 807613 24  8 53 14  0  0
22 13  99388 142023468 1402400 33266820    0    0 834544 589112 213511 769535 23  7 54 16  0  0
26 17  99388 142022912 1402400 33266900    0    0 836400 617264 214194 775718 23  7 54 15  0  0
