procs -----------memory---------- ---swap-- -----io---- -system-- -------cpu-------
 r  b   swpd   free   buff  cache   si   so    bi    bo   in   cs us sy id wa st gu
 4  0   4864 62916500 3013708 111355596    0    0  3919  3659 1439    0  0  0 100  0  0  0
32  0   4864 62909128 3013708 111355612    0    0     0 275244 49904 40090 40  0 60  0  0  0
26  9   4864 62854712 3013708 111355616    0    0 471312 287784 119314 353624 29  3 60  7  0  0
16 18   4864 62854620 3013708 111355628    0    0 1001824 471952 182407 760441 21  7 55 17  0  0
21 15   4864 62868012 3013708 111355636    0    0 922112 671564 186496 738540 21  7 54 18  0  0
24 15   4864 62877096 3013708 111355648    0    0 853296 855868 189683 711014 20  6 54 20  0  0
23 13   4864 62879448 3013708 111355660    0    0 862048 940036 197575 720894 21  7 53 20  0  0
26 15   4864 62871572 3013708 111355668    0    0 926736 745900 197450 749931 21  7 54 18  0  0
17 18   4864 62871948 3013708 111355684    0    0 871328 720296 181439 704481 20  6 54 20  0  0
27 13   4864 62869384 3013708 111355696    0    0 918416 761496 192306 747039 21  7 54 19  0  0
21 15   4864 62875928 3013708 111355708    0    0 922432 761620 194501 746566 21  7 54 19  0  0
23 12   4864 62876856 3013708 111355720    0    0 928096 764468 197156 759768 21  7 54 19  0  0
23 11   4864 62875404 3013708 111355728    0    0 920912 738756 194031 747452 21  7 54 19  0  0
19 15   4864 62872884 3013708 111355736    0    0 880944 695488 185954 711507 20  6 54 20  0  0
18 18   4864 62877268 3013708 111355748    0    0 895168 724316 189428 733065 21  7 54 19  0  0
31  5   4864 62879048 3013708 111355752    0    0 941664 727156 197569 766109 21  7 54 18  0  0
23 17   4864 62878392 3013708 111355768    0    0 939312 751020 198011 759942 21  7 54 18  0  0
26 12   4864 62885732 3013708 111355780    0    0 940096 745808 195896 766103 21  7 54 18  0  0
27 15   4864 62890308 3013708 111355784    0    0 946208 716528 194868 765324 21  7 54 18  0  0
26 10   4864 62893644 3013708 111355792    0    0 942832 694848 193956 765028 22  7 54 18  0  0
16 22   4864 62895608 3013708 111355808    0    0 940896 721064 195674 762786 21  7 54 18  0  0
procs -----------memory---------- ---swap-- -----io---- -system-- -------cpu-------
 r  b   swpd   free   buff  cache   si   so    bi    bo   in   cs us sy id wa st gu
19 23   4864 62898360 3013708 111355816    0    0 946976 701132 196032 767845 22  7 53 18  0  0
20 15   4864 62897592 3013708 111355816    0    0 920176 688144 190907 749802 21  7 54 18  0  0
24 13   4864 62903476 3013708 111355836    0    0 907680 677356 185073 734850 21  7 54 19  0  0
25 13   4864 62904444 3013708 111355844    0    0 909472 687620 186247 730487 21  6 54 19  0  0
20 18   4864 62902932 3013712 111355948    0    0 944684 700160 195746 765135 22  7 54 18  0  0
19 15   4864 62908136 3013712 111355956    0    0 944912 701508 192850 761207 21  7 54 18  0  0
29 11   4864 62909972 3013712 111355964    0    0 933168 689108 190187 748121 22  7 54 18  0  0
21 13   4864 62908368 3013712 111355976    0    0 883760 649068 178482 706376 20  6 54 20  0  0
26 13   4864 62913396 3013712 111355984    0    0 924080 683604 188522 746988 21  7 54 19  0  0
21 16   4864 62914904 3013712 111356000    0    0 946448 686944 194899 763273 22  7 54 18  0  0
29  9   4864 62916588 3013712 111356008    0    0 947728 694220 193130 762757 22  7 54 18  0  0
20 16   4864 62917048 3013712 111356020    0    0 954384 681492 193899 770131 22  7 54 18  0  0
20 19   4864 62912760 3013712 111356032    0    0 944448 681464 194212 763559 22  7 54 18  0  0
22 14   4864 62914936 3013712 111356036    0    0 940592 707376 196094 763326 21  7 54 18  0  0
30 19   4864 62916284 3013712 111356052    0    0 932896 735620 196185 758544 22  7 54 18  0  0
24 15   4864 62919684 3013712 111356060    0    0 935808 723420 193177 760471 21  7 54 18  0  0
19 14   4864 62917060 3013712 111356072    0    0 892560 715864 186102 728758 21  6 54 19  0  0
30 12   4864 62913040 3013712 111356080    0    0 879360 681236 180817 708847 20  6 54 20  0  0
28  5   4864 62912812 3013712 111356092    0    0 932512 745100 195098 760322 22  7 54 18  0  0
21 13   4864 62917884 3013712 111356104    0    0 935120 738252 194387 757971 21  7 54 18  0  0
28  8   4864 62916344 3013712 111356116    0    0 925936 730480 192087 752736 21  7 54 18  0  0
procs -----------memory---------- ---swap-- -----io---- -system-- -------cpu-------
 r  b   swpd   free   buff  cache   si   so    bi    bo   in   cs us sy id wa st gu
22 13   4864 62913672 3013712 111356128    0    0 916752 753496 195477 755566 21  7 54 18  0  0
16 19   4864 62916368 3013712 111356136    0    0 896160 715228 187141 729022 21  7 54 19  0  0
25 13   4864 62916572 3013712 111356148    0    0 881536 701520 185479 725461 20  6 54 19  0  0
26  9   4864 62920964 3013712 111356148    0    0 893312 715508 188335 732576 21  7 54 19  0  0
22 17   4864 62921744 3013712 111356168    0    0 933712 737316 198081 765490 21  7 54 18  0  0
17 19   4864 62923240 3013712 111356244    0    0 932512 740720 197403 762284 21  7 54 18  0  0
22 13   4864 62931160 3013712 111356260    0    0 929776 738736 195459 758104 21  7 54 18  0  0
17 17   4864 62927576 3013712 111356268    0    0 926880 743296 194229 751354 21  7 54 18  0  0
22 16   4864 62929740 3013712 111356276    0    0 932080 742240 194496 756479 21  7 54 18  0  0
25 12   4864 62929580 3013712 111356280    0    0 889264 695820 185093 725260 21  6 54 19  0  0
23 14   4864 62931580 3013712 111356300    0    0 887456 721056 185718 729448 21  7 54 19  0  0
31 21   4864 62931944 3013712 111356304    0    0 930768 736812 194951 764663 21  7 54 18  0  0
22 20   4864 62932616 3013712 111356316    0    0 930464 737992 194906 763430 21  7 54 18  0  0
17 23   4864 62930676 3013712 111356316    0    0 923264 741924 194108 755568 21  7 54 18  0  0
21 15   4864 62930016 3013712 111356340    0    0 921216 724988 191862 744861 21  7 54 18  0  0
31 10   4864 62929988 3013712 111356348    0    0 883616 712996 184438 720614 21  6 54 19  0  0
34 15   4864 62932580 3013712 111356360    0    0 879312 721168 185744 725109 20  7 54 19  0  0
23 14   4864 62936496 3013712 111356368    0    0 888384 708396 185714 728959 21  7 54 19  0  0
25 11   4864 62936152 3013712 111356368    0    0 931216 740340 194324 755592 21  7 54 18  0  0
27  9   4864 62932948 3013712 111356392    0    0 926080 752252 194633 752573 21  7 54 18  0  0
22 12   4864 62934540 3013712 111356392    0    0 939952 698992 195000 764645 22  7 54 18  0  0
procs -----------memory---------- ---swap-- -----io---- -system-- -------cpu-------
 r  b   swpd   free   buff  cache   si   so    bi    bo   in   cs us sy id wa st gu
29  8   4864 62937584 3013712 111356408    0    0 938288 697748 193507 762295 21  7 54 18  0  0
25 12   4864 62932176 3013712 111356420    0    0 934544 703924 193251 759562 21  7 54 18  0  0
19 15   4864 62933968 3013712 111356428    0    0 940896 704744 194058 763023 21  7 54 18  0  0
18 17   4864 62934572 3013712 111356436    0    0 903216 702448 187812 738149 21  7 54 19  0  0
20 14   4864 62932180 3013712 111356456    0    0 894432 686908 186086 729540 21  6 54 19  0  0
15 23   4864 62934896 3013712 111356464    0    0 893744 675680 187146 731246 20  7 54 19  0  0
19 15   4864 62940176 3013712 111356472    0    0 933200 707000 195054 760507 21  7 54 18  0  0
25 11   4864 62941104 3013712 111356476    0    0 929360 707224 193573 758434 21  7 54 18  0  0
19 17   4864 62940096 3013712 111356492    0    0 915200 694884 189406 741690 21  7 54 18  0  0
16 19   4864 62940216 3013712 111356508    0    0 871344 686988 181889 710320 20  6 54 19  0  0
26 11   4864 62938336 3013712 111356508    0    0 887200 674620 183051 723107 21  6 54 19  0  0
25 10   4864 62938656 3013712 111356524    0    0 907936 694628 188192 742462 21  7 54 19  0  0
18 20   4864 62941596 3013712 111356536    0    0 932640 720132 193069 762478 21  7 54 18  0  0
30 11   4864 62941788 3013712 111356536    0    0 934320 712660 193708 756251 21  7 54 18  0  0
27 14   4864 62941056 3013712 111356556    0    0 935568 716168 192495 757617 21  7 54 18  0  0
23 11   4864 62940804 3013712 111356560    0    0 934832 704892 194506 759237 21  7 54 18  0  0
23 13   4864 62937320 3013712 111356580    0    0 929024 705256 193848 760961 21  7 54 18  0  0
20 14   4864 62937432 3013712 111356584    0    0 932784 710952 194948 767207 21  7 54 18  0  0
25 10   4864 62937116 3013712 111356600    0    0 871168 666732 180314 710882 20  6 54 19  0  0
20 15   4864 62935136 3013712 111356612    0    0 916192 712700 190197 749661 21  7 54 18  0  0
26 11   4864 62934828 3013712 111356616    0    0 936880 702364 192588 764468 21  7 54 18  0  0
procs -----------memory---------- ---swap-- -----io---- -system-- -------cpu-------
 r  b   swpd   free   buff  cache   si   so    bi    bo   in   cs us sy id wa st gu
21 13   4864 62936128 3013712 111356632    0    0 930592 707856 192736 762229 22  7 54 18  0  0
19 16   4864 62943000 3013712 111356644    0    0 930336 711864 191898 758569 21  7 54 18  0  0
23 14   4864 62938320 3013712 111356652    0    0 913792 712008 190645 747136 21  7 54 18  0  0
23 13   4864 62940348 3013712 111356660    0    0 873360 675748 180886 713251 20  6 54 19  0  0
20 17   4864 62938436 3013712 111356668    0    0 885488 683204 183099 727731 21  7 54 19  0  0
24 11   4864 62938376 3013712 111356672    0    0 900624 706728 186721 731800 21  7 54 19  0  0
21 15   4864 62936768 3013712 111356688    0    0 934352 720096 193516 764984 21  7 54 18  0  0
19 19   4864 62935256 3013712 111356692    0    0 925568 728232 193405 762329 21  7 54 18  0  0
22 13   4864 62934964 3013712 111356712    0    0 936384 698524 193035 764348 21  7 54 18  0  0
14 24   4864 62933596 3013712 111356712    0    0 936288 700548 195340 763641 21  7 54 18  0  0
18 16   4864 62935776 3013712 111356732    0    0 929552 700624 193243 755457 21  7 54 18  0  0
26 12   4864 62931188 3013712 111356740    0    0 941408 701256 194360 763921 21  7 54 18  0  0
24 11   4864 62933404 3013712 111356748    0    0 877728 664364 180375 710992 20  6 54 20  0  0
24 10   4864 62931440 3013712 111356760    0    0 911424 693476 189737 739952 21  7 54 18  0  0
21 13   4864 62928244 3013712 111356780    0    0 940416 700612 195046 760525 21  7 54 18  0  0
21 14   4864 62930912 3013712 111356784    0    0 841056 664408 177258 683695 19  6 58 16  0  0
24 11   4864 62931448 3013712 111356800    0    0 929936 688680 195033 765660 21  7 54 18  0  0
32 17   4864 62932020 3013712 111356808    0    0 917904 690112 189419 746293 21  7 54 18  0  0
26 11   4864 62930104 3013712 111356824    0    0 870448 650144 179270 712668 20  6 54 19  0  0
22 14   4864 62928216 3013712 111356832    0    0 905136 669668 184854 734496 21  7 54 19  0  0
24 12   4864 62930060 3013712 111356824    0    0 936304 697300 192994 758188 21  7 54 18  0  0
procs -----------memory---------- ---swap-- -----io---- -system-- -------cpu-------
 r  b   swpd   free   buff  cache   si   so    bi    bo   in   cs us sy id wa st gu
25 11   4864 62930904 3013712 111356832    0    0 939648 698948 194575 761986 21  7 54 18  0  0
21 15   4864 62932788 3013712 111356840    0    0 936080 700124 193930 768121 21  7 54 18  0  0
25  9   4864 62933156 3013712 111356920    0    0 934768 700368 193517 757219 21  7 54 18  0  0
23 12   4864 62934324 3013712 111356932    0    0 936880 690920 192195 760555 21  7 54 18  0  0
22 20   4864 62935148 3013712 111356940    0    0 927232 706580 192007 754186 21  7 54 18  0  0
25 11   4864 62935848 3013712 111356948    0    0 940688 698732 195231 770445 21  7 54 18  0  0
24 11   4864 62935976 3013712 111356964    0    0 903824 673420 187977 737983 21  7 54 19  0  0
33 18   4864 62931988 3013712 111356972    0    0 893728 672780 184880 731202 21  7 54 19  0  0
20 17   4864 62933004 3013712 111356984    0    0 936320 704216 197736 770837 21  7 54 18  0  0
25 13   4864 62937976 3013712 111356996    0    0 936976 694428 193717 763266 21  7 54 18  0  0
21 14   4864 62938684 3013712 111356996    0    0 933968 704104 194879 766067 21  7 54 18  0  0
22 13   4864 62937976 3013712 111357012    0    0 929968 701656 193270 759923 21  7 54 18  0  0
25 11   4864 62939064 3013712 111357024    0    0 886800 674332 183740 723341 20  6 54 19  0  0
25 11   4864 62935892 3013712 111357028    0    0 887568 669920 184453 723252 21  6 54 19  0  0
18 21   4864 62937168 3013712 111357052    0    0 893008 670316 185554 730117 21  6 54 19  0  0
24 11   4864 62934316 3013712 111357060    0    0 932112 701192 194315 762823 22  7 54 18  0  0
12 26   4864 62935556 3013712 111357068    0    0 934512 702436 195916 767459 21  7 54 18  0  0
28  9   4864 62937660 3013712 111357076    0    0 939968 694096 194023 758719 21  7 54 18  0  0
28  8   4864 62937408 3013712 111357088    0    0 939344 686544 194261 757945 21  7 54 18  0  0
23 16   4864 62940536 3013712 111357096    0    0 931392 697320 192898 762033 21  7 54 18  0  0
26 10   4864 62942268 3013712 111357108    0    0 939136 672208 191759 764359 22  7 54 18  0  0
procs -----------memory---------- ---swap-- -----io---- -system-- -------cpu-------
 r  b   swpd   free   buff  cache   si   so    bi    bo   in   cs us sy id wa st gu
22 16   4864 62937824 3013712 111357108    0    0 940448 688128 192399 767532 21  7 54 18  0  0
22 13   4864 62937724 3013712 111357128    0    0 908176 653192 185377 739889 21  7 54 18  0  0
20 16   4864 62934168 3013712 111357140    0    0 900240 659748 185376 740555 21  7 54 19  0  0
21 15   4864 62934528 3013712 111357148    0    0 906240 665208 187432 738097 21  7 54 19  0  0
26 12   4864 62936260 3013712 111357160    0    0 921952 661692 190844 750261 21  7 54 18  0  0
24 13   4864 62938564 3013712 111357172    0    0 934800 687692 195357 767349 21  7 54 18  0  0
24 14   4864 62938044 3013712 111357184    0    0 917984 669208 189792 751364 21  7 54 18  0  0
22 18   4864 62937516 3013712 111357196    0    0 887136 650496 184604 725241 20  6 54 19  0  0
24 13   4864 62939140 3013712 111357204    0    0 892368 669636 187015 732396 20  7 54 19  0  0
28  8   4864 62936564 3013712 111357216    0    0 922480 673292 192803 749697 21  7 54 18  0  0
25 16   4864 62931868 3013712 111357216    0    0 934160 686916 197017 762575 22  7 54 18  0  0
32  7   4864 62936440 3013712 111357236    0    0 940784 688744 196321 774415 22  7 54 18  0  0
27 14   4864 62933084 3013712 111357248    0    0 936512 694036 194186 759246 21  7 54 18  0  0
23 14   4864 62931272 3013712 111357248    0    0 933872 684516 194150 766194 21  7 54 18  0  0
22 14   4864 62934884 3013712 111357260    0    0 929216 689604 194880 765943 22  7 54 18  0  0
25 14   4864 62936608 3013712 111357272    0    0 928928 686096 193633 759943 22  7 54 18  0  0
23 15   4864 62934412 3013712 111357272    0    0 929632 688756 193505 760381 21  7 54 18  0  0
34 17   4864 62934820 3013712 111357292    0    0 878032 640488 179999 716282 20  7 54 19  0  0
23 14   4864 62938604 3013712 111357296    0    0 939312 683132 195557 766840 22  7 54 18  0  0
23 14   4864 62937404 3013712 111357312    0    0 939200 687456 195850 765747 21  7 54 18  0  0
23 14   4864 62938640 3013712 111357320    0    0 938640 686584 195215 761517 22  7 54 18  0  0
procs -----------memory---------- ---swap-- -----io---- -system-- -------cpu-------
 r  b   swpd   free   buff  cache   si   so    bi    bo   in   cs us sy id wa st gu
27  9   4864 62937708 3013712 111357336    0    0 935920 678556 192973 759771 21  7 54 18  0  0
23 13   4864 62938480 3013712 111357344    0    0 878000 641228 178533 713871 20  6 54 19  0  0
25  9   4864 62935648 3013712 111357356    0    0 904064 653708 185013 741959 21  7 54 19  0  0
31  4   4864 62936152 3013712 111357368    0    0 934912 692120 193209 768666 21  7 54 18  0  0
22 13   4864 62937652 3013712 111357376    0    0 939632 675256 192445 762732 22  7 54 18  0  0
25 10   4864 62936200 3013712 111357392    0    0 942064 673484 192025 766798 22  7 54 18  0  0
28  9   4864 62937376 3013712 111357400    0    0 939056 681156 194092 762042 22  7 54 18  0  0
22 15   4864 62937012 3013712 111357412    0    0 940048 662360 190194 761819 21  7 54 18  0  0
29  9   4864 62934916 3013712 111357428    0    0 936880 674456 191830 764437 22  7 54 18  0  0
15 22   4864 62936856 3013712 111357432    0    0 941136 675772 191264 764846 21  7 54 18  0  0
22 14   4864 62935192 3013712 111357444    0    0 942208 682520 194106 762725 21  7 54 18  0  0
25 12   4864 62938092 3013712 111357456    0    0 888704 632024 180012 716341 20  6 54 19  0  0
14 22   4864 62936920 3013712 111357460    0    0 920208 670688 187851 748972 21  7 54 18  0  0
22 14   4864 62933552 3013712 111357480    0    0 942304 678084 193568 764750 22  7 54 18  0  0
22 12   4864 62928644 3013712 111357488    0    0 941904 678764 193628 764977 21  7 54 18  0  0
23 14   4864 62928328 3013712 111357508    0    0 939264 674308 192224 764702 21  7 54 18  0  0
22 17   4864 62933436 3013712 111357524    0    0 935072 674772 192597 765434 21  7 54 18  0  0
15 23   4864 62934832 3013712 111357528    0    0 890368 639356 181866 720937 20  7 54 19  0  0
16 18   4864 62935052 3013712 111357548    0    0 911664 657528 186320 740575 21  6 54 19  0  0
18 20   4864 62935776 3013712 111357556    0    0 923520 666516 190128 751623 21  7 54 18  0  0
23 13   4864 62934264 3013712 111357652    0    0 934320 668180 192440 768934 22  7 54 18  0  0
procs -----------memory---------- ---swap-- -----io---- -system-- -------cpu-------
 r  b   swpd   free   buff  cache   si   so    bi    bo   in   cs us sy id wa st gu
30 10   4864 62933260 3013712 111357664    0    0 939600 682420 192758 765694 21  7 54 18  0  0
14 22   4864 62934444 3013712 111357676    0    0 942288 685288 195738 771416 21  7 54 18  0  0
18 16   4864 62934520 3013712 111357688    0    0 938640 677420 192584 759877 21  7 54 18  0  0
26 12   4864 62931144 3013712 111357696    0    0 935024 686088 192269 760205 21  7 54 18  0  0
19 16   4864 62930360 3013712 111357696    0    0 936608 670736 191625 764296 21  7 54 18  0  0
17 17   4864 62929184 3013712 111357716    0    0 907152 659656 187288 735943 21  7 54 19  0  0
11 24   4864 62926144 3013712 111357724    0    0 905584 650584 187543 736589 21  7 54 19  0  0
19 17   4864 62925576 3013712 111357732    0    0 933328 675800 192561 760675 21  7 54 18  0  0
22 12   4864 62922712 3013712 111357740    0    0 940640 681980 195113 773128 21  7 54 18  0  0
27 12   4864 62922952 3013712 111357752    0    0 943424 678732 194112 773456 21  7 54 18  0  0
29 11   4864 62924172 3013712 111357752    0    0 930432 689252 192115 761139 21  7 54 18  0  0
26 10   4864 62925112 3013712 111357776    0    0 933104 675368 191090 758507 21  7 54 18  0  0
21 14   4864 62924332 3013712 111357784    0    0 893424 641952 181515 726953 21  6 54 19  0  0
22 13   4864 62924452 3013712 111357792    0    0 888160 650924 181872 727213 21  6 54 19  0  0
21 13   4864 62923020 3013712 111357804    0    0 934432 666188 191947 766897 21  7 54 18  0  0
15 24   4864 62924648 3013712 111357812    0    0 937840 669560 191764 763596 22  7 54 18  0  0
25 11   4864 62924764 3013712 111357816    0    0 944272 667196 192232 769987 21  7 54 18  0  0
17 19   4864 62928136 3013712 111357836    0    0 943168 677752 194345 767622 21  7 54 18  0  0
24 13   4864 62924912 3013712 111357844    0    0 936528 666468 193254 762173 22  7 54 18  0  0
23 14   4864 62919448 3013712 111357856    0    0 930480 675204 190898 761082 21  7 54 18  0  0
20 16   4864 62923628 3013712 111357864    0    0 936208 671764 192674 764910 21  7 54 18  0  0
procs -----------memory---------- ---swap-- -----io---- -system-- -------cpu-------
 r  b   swpd   free   buff  cache   si   so    bi    bo   in   cs us sy id wa st gu
16 19   4864 62923884 3013712 111357876    0    0 883488 638976 180099 721092 20  6 54 19  0  0
24 13   4864 62923348 3013712 111357888    0    0 909248 649400 186192 744512 21  7 54 18  0  0
23 14   4864 62919980 3013712 111357896    0    0 945616 659696 191940 765384 22  7 54 18  0  0
28 13   4864 62921404 3013712 111357904    0    0 936656 678804 193463 765258 22  7 54 18  0  0
29  7   4864 62920648 3013712 111357916    0    0 943360 665068 194678 774276 21  7 54 18  0  0
28 12   4864 62924008 3013712 111357928    0    0 934080 680828 194852 769535 21  7 54 18  0  0
23 22   4864 62922600 3013712 111357940    0    0 931136 669036 191501 764023 21  7 54 18  0  0
25 16   4864 62924656 3013712 111357960    0    0 922848 667900 188482 753701 21  7 54 18  0  0
26 15   4864 62928896 3013712 111357968    0    0 859040 617456 174501 700639 20  6 54 20  0  0
19 16   4864 62930896 3013712 111357980    0    0 938784 660408 193076 771849 22  7 54 18  0  0
27  9   4864 62928416 3013712 111357988    0    0 933200 678792 193115 764447 21  7 54 18  0  0
20 18   4864 62928756 3013712 111358000    0    0 938576 674132 193698 772565 22  7 54 18  0  0
23 12   4864 62928844 3013712 111358012    0    0 938592 676384 193120 770001 22  7 54 18  0  0
22 12   4864 62929212 3013712 111358020    0    0 942160 673036 192788 769836 22  7 54 18  0  0
21 12   4864 62930704 3013712 111358032    0    0 934672 680044 193193 766271 21  7 54 18  0  0
29  6   4864 62930392 3013712 111358040    0    0 935536 674864 192992 765162 22  7 54 18  0  0
25 10   4864 62930900 3013712 111358052    0    0 886864 629156 180752 726493 21  7 54 19  0  0
22 12   4864 62931484 3013712 111358064    0    0 912256 647048 186122 748809 21  7 54 18  0  0
21 14   4864 62928052 3013712 111358072    0    0 934736 672216 194430 776265 21  7 54 18  0  0
20 16   4864 62928352 3013712 111358080    0    0 938576 684092 193580 769128 22  7 54 18  0  0
30 11   4864 62927516 3013712 111358088    0    0 938512 668992 193087 768834 21  7 54 18  0  0
procs -----------memory---------- ---swap-- -----io---- -system-- -------cpu-------
 r  b   swpd   free   buff  cache   si   so    bi    bo   in   cs us sy id wa st gu
28 11   4864 62926456 3013712 111358100    0    0 943072 663884 194454 777539 22  7 54 18  0  0
23 13   4864 62929496 3013712 111358108    0    0 931440 669088 194085 770667 21  7 54 18  0  0
18 17   4864 62928820 3013712 111358120    0    0 856032 630984 178669 708618 20  6 58 16  0  0
25 12   4864 62929188 3013712 111358128    0    0 886640 620136 180676 723776 20  6 54 19  0  0
26 11   4864 62931156 3013712 111358136    0    0 921056 651004 189736 755390 21  7 54 18  0  0
23 19   4864 62930532 3013712 111358148    0    0 943520 665144 194131 770921 21  7 54 18  0  0
23 13   4864 62930256 3013712 111358160    0    0 937248 664752 193433 773061 21  7 54 18  0  0
16 19   4864 62933464 3013712 111358172    0    0 945504 655332 193158 769256 22  7 54 18  0  0
25 10   4864 62934180 3013712 111358180    0    0 941232 673016 193458 767907 22  7 54 18  0  0
27  8   4864 62935196 3013712 111358188    0    0 939776 662476 192277 772189 21  7 54 18  0  0
27  9   4864 62935504 3013712 111358200    0    0 937744 668620 193334 773543 22  7 54 18  0  0
23 12   4864 62935244 3013712 111358212    0    0 898224 631484 184312 735934 21  7 54 19  0  0
20 15   4864 62936992 3013712 111358224    0    0 918912 660900 186989 748353 21  7 54 18  0  0
25 13   4864 62937424 3013712 111358232    0    0 942624 662144 192164 765266 21  7 54 18  0  0
22 13   4864 62937228 3013712 111358240    0    0 936960 668124 191051 766682 21  7 54 18  0  0
19 16   4864 62938560 3013712 111358252    0    0 938032 672280 194085 768704 22  7 54 18  0  0
22 13   4864 62935272 3013712 111358260    0    0 942144 666596 193341 770256 21  7 54 18  0  0
24 13   4864 62933592 3013712 111358332    0    0 936816 660052 193149 771823 22  7 54 18  0  0
22 14   4864 62936440 3013712 111358348    0    0 932320 666240 192382 773565 21  7 54 18  0  0
20 16   4864 62937944 3013712 111358356    0    0 886176 638292 180854 721633 20  6 54 19  0  0
26 10   4864 62938216 3013712 111358368    0    0 915424 645980 187670 754224 21  7 54 18  0  0
procs -----------memory---------- ---swap-- -----io---- -system-- -------cpu-------
 r  b   swpd   free   buff  cache   si   so    bi    bo   in   cs us sy id wa st gu
23 13   4864 62940844 3013712 111358384    0    0 938656 672700 193529 774631 22  7 54 18  0  0
29 12   4864 62941532 3013712 111358392    0    0 936352 666276 193919 767416 22  7 54 18  0  0
21 13   4864 62941200 3013712 111358400    0    0 939424 671028 193529 770040 21  7 54 18  0  0
18 17   4864 62939956 3013712 111358412    0    0 940816 678528 193691 763245 21  7 54 18  0  0
24 13   4864 62940508 3013712 111358420    0    0 938032 662004 191752 767328 22  7 54 18  0  0
20 15   4864 62942148 3013712 111358440    0    0 935072 670208 193011 767237 22  7 54 18  0  0
24 12   4864 62940872 3013712 111358448    0    0 883728 624024 179311 727045 20  6 54 19  0  0
21 24   4864 62940608 3013712 111358456    0    0 914928 654636 188212 751460 21  7 54 18  0  0
17 18   4864 62939716 3013712 111358456    0    0 944016 676336 194683 779314 21  7 54 18  0  0
20 20   4864 62937892 3013712 111358476    0    0 938480 665348 192663 767800 22  7 54 18  0  0
18 17   4864 62940708 3013712 111358492    0    0 936096 679576 194839 769765 22  7 54 18  0  0
27  9   4864 62936908 3013712 111358500    0    0 936160 659744 192880 768834 21  7 54 18  0  0
34 15   4864 62939064 3013712 111358504    0    0 937456 668280 193472 764721 22  7 54 18  0  0
11 28   4864 62940640 3013712 111358516    0    0 932784 670632 193845 764587 21  7 54 18  0  0
25 11   4864 62940388 3013712 111358528    0    0 932512 667704 192049 763579 22  7 54 18  0  0
14 25   4864 62943820 3013712 111358540    0    0 865744 601644 175259 706786 20  6 54 19  0  0
23 12   4864 62942920 3013712 111358552    0    0 939056 662392 191922 763107 22  7 54 18  0  0
24 15   4864 62943600 3013712 111358560    0    0 944208 659348 192747 768288 21  7 54 18  0  0
19 18   4864 62936660 3013712 111358568    0    0 935072 670108 193334 767109 22  7 54 18  0  0
14 22   4864 62936592 3013712 111358580    0    0 938176 662908 193297 767151 22  7 54 18  0  0
27 13   4864 62937380 3013712 111358588    0    0 939360 661968 192921 769066 21  7 54 18  0  0
procs -----------memory---------- ---swap-- -----io---- -system-- -------cpu-------
 r  b   swpd   free   buff  cache   si   so    bi    bo   in   cs us sy id wa st gu
27  8   4864 62939216 3013712 111358596    0    0 938400 667176 192665 766705 22  7 54 18  0  0
23 14   4864 62939564 3013712 111358612    0    0 888896 628932 181786 728952 21  6 54 19  0  0
17 19   4864 62939648 3013712 111358620    0    0 922640 654544 189018 754896 21  7 54 18  0  0
24 15   4864 62938228 3013712 111358624    0    0 942016 679756 193761 773610 21  7 54 18  0  0
24 12   4864 62933900 3013712 111358640    0    0 942688 665668 194215 772401 22  7 54 18  0  0
23 13   4864 62936392 3013712 111358652    0    0 935632 673952 193673 765565 22  7 54 18  0  0
22 13   4864 62939616 3013712 111358664    0    0 942768 662488 192479 765146 21  7 54 18  0  0
28  9   4864 62941116 3013712 111358672    0    0 938144 664436 191900 763317 22  7 54 18  0  0
29 11   4864 62942016 3013712 111358684    0    0 938688 659216 190801 761347 21  7 54 18  0  0
23 15   4864 62945788 3013712 111358692    0    0 934624 668964 192914 762130 21  7 54 18  0  0
28  8   4864 62942624 3013712 111358704    0    0 898160 617820 180763 726044 21  6 54 19  0  0
23 13   4864 62943344 3013712 111358712    0    0 901856 652728 184724 741039 20  7 54 19  0  0
20 15   4864 62945268 3013712 111358716    0    0 940544 661156 193254 769670 22  7 54 18  0  0
23 11   4864 62946032 3013712 111358732    0    0 938112 665796 195298 771135 21  7 54 18  0  0
24 11   4864 62945512 3013712 111358744    0    0 942256 663812 194206 768006 21  7 54 18  0  0
24 11   4864 62945556 3013712 111358756    0    0 934672 671192 192055 770491 21  7 54 18  0  0
23 16   4864 62943716 3013712 111358764    0    0 938016 670036 194665 770022 22  7 54 18  0  0
17 19   4864 62940204 3013712 111358780    0    0 922304 652916 188773 754929 21  7 54 18  0  0
31  8   4864 62935924 3013712 111358788    0    0 892976 625056 180614 731369 20  6 54 19  0  0
14 21   4864 62940196 3013712 111358800    0    0 939408 678724 194380 779112 22  7 54 18  0  0
28  8   4864 62937712 3013712 111358812    0    0 945600 658860 194009 767717 22  7 54 18  0  0
procs -----------memory---------- ---swap-- -----io---- -system-- -------cpu-------
 r  b   swpd   free   buff  cache   si   so    bi    bo   in   cs us sy id wa st gu
22 12   4864 62933196 3013712 111358812    0    0 938336 666036 195009 763583 22  7 54 18  0  0
27  8   4864 62930888 3013712 111358832    0    0 944336 656140 192089 769132 21  7 54 18  0  0
28  8   4864 62932676 3013712 111358844    0    0 944016 659276 193371 772354 22  7 54 18  0  0
21 14   4864 62933940 3013712 111358852    0    0 936592 666456 191936 771092 21  7 54 18  0  0
20 15   4864 62936856 3013712 111358864    0    0 938032 652160 193096 767766 21  7 54 18  0  0
29 10   4864 62937884 3013712 111358872    0    0 942384 663592 191728 770585 21  7 54 18  0  0
24 13   4864 62937892 3013712 111358884    0    0 879552 612764 177881 715466 20  6 54 19  0  0
28 10   4864 62938396 3013712 111358892    0    0 927952 639348 187803 751937 21  7 54 18  0  0
24 15   4864 62937444 3013712 111358900    0    0 941120 663128 191967 762495 21  7 54 18  0  0
21 15   4864 62936700 3013712 111358912    0    0 936672 659728 191122 770905 22  7 54 18  0  0
22 13   4864 62935040 3013712 111358924    0    0 940960 642580 190352 768154 22  7 54 18  0  0
20 15   4864 62935692 3013712 111358932    0    0 938080 671468 192221 769496 22  7 54 18  0  0
21 20   4864 62936264 3013712 111358944    0    0 943120 655868 192167 767084 22  7 54 18  0  0
21 14   4864 62932672 3013712 111358952    0    0 887696 625680 179766 721322 21  6 54 19  0  0
20 18   4864 62933392 3013712 111359028    0    0 920224 652068 187891 752805 21  7 54 18  0  0
16 19   4864 62933500 3013712 111359044    0    0 943392 661772 193275 768774 21  7 54 18  0  0
26 11   4864 62933912 3013712 111359052    0    0 941856 656012 194790 772878 22  7 54 18  0  0
20 17   4864 62933824 3013712 111359064    0    0 937072 675852 193797 768675 22  7 54 18  0  0
23 11   4864 62935724 3013712 111359072    0    0 937008 646032 191631 765788 22  7 54 18  0  0
25 12   4864 62937712 3013712 111359080    0    0 935808 659360 192439 773252 22  7 54 18  0  0
24  9   4864 62935688 3013712 111359104    0    0 939072 672448 193265 771171 21  7 54 18  0  0
procs -----------memory---------- ---swap-- -----io---- -system-- -------cpu-------
 r  b   swpd   free   buff  cache   si   so    bi    bo   in   cs us sy id wa st gu
18 18   4864 62932568 3013712 111359112    0    0 937344 658380 193212 769658 21  7 54 18  0  0
20 14   4864 62933184 3013712 111359116    0    0 886144 623388 180801 725425 20  7 54 19  0  0
37 16   4864 62934020 3013712 111359128    0    0 914112 648276 187914 734716 21  6 54 18  0  0
21 15   4864 62938880 3013712 111359136    0    0 944752 662364 195550 758434 22  7 54 18  0  0
25 13   4864 62936204 3013712 111359148    0    0 939888 667900 195717 763248 22  7 54 18  0  0
22 13   4864 62933980 3013712 111359160    0    0 942592 661960 194300 757953 21  7 54 18  0  0
19 17   4864 62935020 3013712 111359168    0    0 945456 677276 196206 761484 22  7 54 18  0  0
20 14   4864 62937416 3013712 111359176    0    0 947584 660820 194991 760538 22  7 54 18  0  0
24 11   4864 62937356 3013712 111359188    0    0 899152 628456 184711 719889 21  6 54 19  0  0
22 14   4864 62932020 3013712 111359200    0    0 917120 639816 188062 737555 21  7 54 18  0  0
25 10   4864 62930748 3013712 111359212    0    0 940832 651520 193628 770709 22  7 54 18  0  0
20 15   4864 62931520 3013712 111359220    0    0 931760 666836 195259 769200 22  7 54 18  0  0
27  8   4864 62931040 3013712 111359228    0    0 944480 664556 195827 767685 21  7 54 18  0  0
27 10   4864 62933484 3013712 111359240    0    0 942816 652904 192601 766150 22  7 54 18  0  0
18 20   4864 62928972 3013712 111359256    0    0 942992 658184 194328 772150 21  7 54 18  0  0
20 14   4864 62931568 3013712 111359268    0    0 939072 648044 191577 766791 22  7 54 18  0  0
22 14   4864 62932292 3013712 111359276    0    0 938400 655388 192420 772690 21  7 54 18  0  0
15 22   4864 62931992 3013712 111359284    0    0 896960 619580 180995 729720 21  7 54 19  0  0
19 20   4864 62935916 3013712 111359292    0    0 907568 639888 184644 743008 21  7 54 18  0  0
19 17   4864 62940920 3013712 111359304    0    0 941104 651188 191723 764293 21  7 54 18  0  0
25 15   4864 62940124 3013712 111359316    0    0 944080 672332 192179 770916 21  7 54 18  0  0
procs -----------memory---------- ---swap-- -----io---- -system-- -------cpu-------
 r  b   swpd   free   buff  cache   si   so    bi    bo   in   cs us sy id wa st gu
22 13   4864 62936688 3013712 111359324    0    0 939536 655132 190364 762329 22  7 54 18  0  0
27 10   4864 62937136 3013712 111359336    0    0 941024 656432 192381 771233 21  7 54 18  0  0
23 13   4864 62938620 3013712 111359344    0    0 941856 655872 192906 763502 21  7 54 18  0  0
21 14   4864 62939124 3013712 111359360    0    0 939888 666204 194514 766826 21  7 54 18  0  0
17 22   4864 62939308 3013712 111359368    0    0 874752 608068 175868 707800 20  6 54 19  0  0
25 12   4864 62941820 3013712 111359376    0    0 941632 653020 190291 755710 21  7 54 18  0  0
16 17   4864 62942964 3013712 111359388    0    0 944320 659624 191141 762921 22  7 54 18  0  0
17 22   4864 62943260 3013712 111359396    0    0 945904 662820 190554 763143 22  7 54 18  0  0
30  7   4864 62940184 3013712 111359408    0    0 935920 658828 190484 760742 22  7 54 18  0  0
28 10   4864 62936524 3013712 111359420    0    0 942272 648508 191072 766255 22  7 54 18  0  0
24 11   4864 62937180 3013712 111359432    0    0 935600 663592 191843 760129 21  7 54 18  0  0
14 24   4864 62937696 3013712 111359440    0    0 939072 665668 192179 765168 21  7 54 18  0  0
19 15   4864 62940376 3013712 111359452    0    0 918400 636044 186094 744647 21  7 54 18  0  0
28  7   4864 62938952 3013712 111359464    0    0 886560 612328 178697 716701 20  7 54 19  0  0
26 12   4864 62942240 3013712 111359472    0    0 935776 662980 190891 764788 21  7 54 18  0  0
21 15   4864 62941380 3013712 111359480    0    0 936416 672744 191850 762204 22  7 54 18  0  0
21 15   4864 62939344 3013712 111359488    0    0 940864 657640 192024 765851 21  7 54 18  0  0
15 22   4864 62936384 3013712 111359500    0    0 940032 648044 190700 763870 22  7 54 18  0  0
20 16   4864 62936504 3013712 111359512    0    0 940000 651620 190736 758055 22  7 54 18  0  0
23 19   4864 62932584 3013712 111359524    0    0 940352 649980 191016 763881 21  7 54 18  0  0
22 19   4864 62932324 3013712 111359532    0    0 907216 621020 182632 738362 21  7 54 19  0  0
procs -----------memory---------- ---swap-- -----io---- -system-- -------cpu-------
 r  b   swpd   free   buff  cache   si   so    bi    bo   in   cs us sy id wa st gu
21 14   4864 62933436 3013712 111359540    0    0 915792 635528 185274 741339 21  6 54 18  0  0
21 14   4864 62931968 3013712 111359552    0    0 939248 656588 192413 764411 22  7 54 18  0  0
19 18   4864 62933808 3013712 111359560    0    0 946784 652068 191935 772166 21  7 54 18  0  0
20 18   4864 62933844 3013712 111359576    0    0 938944 667456 191334 759850 22  7 54 18  0  0
21 14   4864 62929508 3013712 111359584    0    0 939536 646864 191298 765566 21  7 54 18  0  0
14 21   4864 62928240 3013712 111359592    0    0 939664 664748 191090 765027 22  7 54 18  0  0
17 17   4864 62925308 3013712 111359608    0    0 935088 648096 189809 764052 22  7 54 18  0  0
23 18   4864 62928080 3013712 111359616    0    0 939728 660196 192858 759219 21  7 54 18  0  0
20 16   4864 62934396 3013712 111359628    0    0 891648 614288 181056 721822 20  6 54 19  0  0
24 10   4864 62930504 3013712 111359616    0    0 917840 643004 189047 746662 21  7 54 18  0  0
24 16   4864 62936812 3013712 111359624    0    0 943104 643456 192647 768059 22  7 54 18  0  0
19 15   4864 62938072 3013712 111359704    0    0 941456 655812 193088 763607 21  7 54 18  0  0
23 13   4864 62938820 3013712 111359712    0    0 940544 666616 194861 766581 21  7 54 18  0  0
24 12   4864 62932520 3013712 111359724    0    0 932608 655248 192265 755046 21  7 54 18  0  0
24 11   4864 62932812 3013712 111359736    0    0 939968 660808 194020 765782 22  7 54 18  0  0
23 22   4864 62935008 3013712 111359744    0    0 896512 618876 180152 723462 21  7 54 19  0  0
20 18   4864 62931784 3013712 111359752    0    0 919136 654656 186893 748131 21  7 54 18  0  0
27  9   4864 62932172 3013712 111359764    0    0 939344 646800 190676 762754 22  7 54 18  0  0
24 17   4864 62930828 3013712 111359776    0    0 937360 662164 192734 770918 21  7 54 18  0  0
31  9   4864 62932860 3013712 111359788    0    0 940592 648740 189166 764402 22  7 54 18  0  0
20 17   4864 62931512 3013712 111359800    0    0 938672 668372 191563 761020 22  7 54 18  0  0
procs -----------memory---------- ---swap-- -----io---- -system-- -------cpu-------
 r  b   swpd   free   buff  cache   si   so    bi    bo   in   cs us sy id wa st gu
15 23   4864 62930244 3013712 111359812    0    0 942704 652416 191515 767067 22  7 54 18  0  0
20 15   4864 62926588 3013712 111359816    0    0 935680 662980 190609 755815 21  7 54 18  0  0
21 17   4864 62930484 3013712 111359832    0    0 941136 662720 190515 760887 21  7 54 18  0  0
28 10   4864 62932152 3013712 111359844    0    0 937776 650116 189157 757658 21  7 54 18  0  0
22 13   4864 62931576 3013712 111359856    0    0 882512 611220 177983 716885 20  6 54 19  0  0
20 16   4864 62932116 3013712 111359864    0    0 928960 650780 188259 754351 21  7 54 18  0  0
24 12   4864 62933536 3013712 111359876    0    0 944240 650668 190843 764941 22  7 54 18  0  0
16 17   4864 62928004 3013712 111359880    0    0 935696 659976 189798 759628 21  7 54 18  0  0
23 12   4864 62931040 3013712 111359892    0    0 939376 656916 190693 768291 21  7 54 18  0  0
24 12   4864 62932128 3013712 111359904    0    0 943312 649648 190573 759578 22  7 54 18  0  0
31 21   4864 62931880 3013712 111359912    0    0 941600 660608 191150 762054 22  7 54 18  0  0
23 13   4864 62931640 3013712 111359924    0    0 877104 599580 175686 710456 20  6 54 19  0  0
21 18   4864 62929736 3013712 111359932    0    0 941680 654356 191652 759997 22  7 54 18  0  0
17 16   4864 62925880 3013712 111359944    0    0 942880 647780 190786 762326 22  7 54 18  0  0
24 14   4864 62928880 3013712 111359952    0    0 938496 659396 191306 760822 22  7 54 18  0  0
25 14   4864 62926884 3013712 111359964    0    0 944032 648500 190129 768936 22  7 54 18  0  0
23 13   4864 62927280 3013712 111359972    0    0 939632 659696 190342 757941 21  7 54 18  0  0
23 11   4864 62928988 3013712 111359980    0    0 931744 664204 189992 762212 21  7 54 18  0  0
27 12   4864 62929112 3013712 111359996    0    0 938480 646564 190615 760511 21  7 54 18  0  0
19 15   4864 62928308 3013712 111360004    0    0 938512 648232 191555 763410 22  7 54 18  0  0
24 10   4864 62925908 3013712 111360016    0    0 936048 647036 191233 759226 21  7 54 18  0  0
procs -----------memory---------- ---swap-- -----io---- -system-- -------cpu-------
 r  b   swpd   free   buff  cache   si   so    bi    bo   in   cs us sy id wa st gu
17 18   4864 62927144 3013712 111360024    0    0 879264 617320 176652 709275 20  6 54 19  0  0
24 11   4864 62924984 3013712 111360032    0    0 940672 640004 189297 765673 21  7 54 18  0  0
20 18   4864 62928144 3013712 111360048    0    0 939520 663788 193079 770688 21  7 54 18  0  0
23 14   4864 62928212 3013712 111360052    0    0 942976 645848 194841 770751 22  7 54 18  0  0
22 13   4864 62929356 3013712 111360064    0    0 937904 666380 194358 774710 21  7 54 18  0  0
21 15   4864 62926684 3013712 111360072    0    0 939520 663448 193605 768075 22  7 54 18  0  0
17 22   4864 62931016 3013712 111360080    0    0 909568 634004 185229 741363 21  7 54 19  0  0
23 14   4864 62926552 3013712 111360096    0    0 912560 625320 186227 741053 21  7 54 18  0  0
17 18   4864 62926192 3013712 111360104    0    0 939840 661312 193043 760458 21  7 54 18  0  0
21 16   4864 62929964 3013712 111360120    0    0 940064 666184 192726 758936 22  7 54 18  0  0
20 15   4864 62927516 3013712 111360128    0    0 945632 646740 193326 764396 21  7 54 18  0  0
39 15   4864 62929784 3013712 111360140    0    0 936320 670276 194490 767082 21  7 54 18  0  0
23 15   4864 62929992 3013712 111360152    0    0 945584 654584 192998 764986 21  7 54 18  0  0
28 10   4864 62932492 3013712 111360164    0    0 938256 656608 194479 766012 21  7 54 18  0  0
25  8   4864 62935236 3013712 111360176    0    0 938848 646996 192407 764742 22  7 54 18  0  0
23 10   4864 62934348 3013712 111360188    0    0 932768 657840 192955 765593 22  7 54 18  0  0
22 13   4864 62934808 3013712 111360200    0    0 916976 647044 187856 745490 21  7 54 18  0  0
32  6   4864 62934896 3013712 111360208    0    0 883184 602160 176224 715631 20  6 54 19  0  0
17 19   4864 62936444 3013712 111360224    0    0 941856 650544 194144 772418 22  7 54 18  0  0
17 18   4864 62934832 3013712 111360232    0    0 938080 665844 194108 763171 21  7 54 18  0  0
22 12   4864 62935436 3013712 111360240    0    0 943056 641272 192952 763172 21  7 54 18  0  0
procs -----------memory---------- ---swap-- -----io---- -system-- -------cpu-------
 r  b   swpd   free   buff  cache   si   so    bi    bo   in   cs us sy id wa st gu
25 10   4864 62936440 3013712 111360248    0    0 939936 656112 193345 767244 22  7 54 18  0  0
29  8   4864 62936464 3013712 111360256    0    0 938432 651696 192263 766684 22  7 54 18  0  0
24 12   4864 62935788 3013712 111360272    0    0 886224 611080 179082 716742 20  6 54 19  0  0
21 14   4864 62937124 3013712 111360280    0    0 930480 646980 189224 753074 21  7 54 18  0  0
28  8   4864 62937544 3013712 111360288    0    0 940016 661752 191859 762365 21  7 54 18  0  0
27 20   4864 62937984 3013712 111360296    0    0 941248 651652 192970 767839 22  7 54 18  0  0
26 15   4864 62937072 3013712 111360308    0    0 938368 662752 194261 764253 21  7 54 18  0  0
24 13   4864 62935940 3013712 111360320    0    0 938576 648788 193246 764215 22  7 54 18  0  0
23 11   4864 62934764 3013712 111360400    0    0 933408 669100 193361 761476 21  7 54 18  0  0
28 12   4864 62931956 3013712 111360408    0    0 938144 656228 192737 763048 21  7 54 18  0  0
25 12   4864 62933936 3013712 111360416    0    0 938944 643336 191505 762558 21  7 54 18  0  0
23 13   4864 62934356 3013712 111360428    0    0 926672 659108 189670 757313 21  7 54 18  0  0
27 11   4864 62935884 3013712 111360440    0    0 921696 628128 184522 741922 21  6 54 18  0  0
24 15   4864 62930128 3013712 111360452    0    0 894864 633772 181228 729840 21  7 54 19  0  0
21 14   4864 62929668 3013712 111360460    0    0 943616 657180 191807 769181 22  7 54 18  0  0
17 19   4864 62931352 3013712 111360468    0    0 948768 650212 190858 768356 21  7 54 18  0  0
20 16   4864 62929112 3013712 111360480    0    0 944032 651124 191001 763506 21  7 54 18  0  0
24 10   4864 62928684 3013712 111360488    0    0 938848 650776 191222 764197 21  7 54 18  0  0
21 18   4864 62925736 3013712 111360500    0    0 913088 648136 184984 740801 21  7 54 18  0  0
22 12   4864 62926692 3013712 111360508    0    0 902176 610380 180983 732020 21  6 54 19  0  0
19 19   4864 62929444 3013712 111360516    0    0 937904 664640 194048 773492 22  7 54 18  0  0
procs -----------memory---------- ---swap-- -----io---- -system-- -------cpu-------
 r  b   swpd   free   buff  cache   si   so    bi    bo   in   cs us sy id wa st gu
22 14   4864 62927868 3013712 111360528    0    0 945744 649592 193895 773656 21  7 54 18  0  0
27  7   4864 62925864 3013712 111360544    0    0 942032 667812 195613 764576 22  7 54 18  0  0
22 15   4864 62932796 3013712 111360552    0    0 944096 654420 193283 770552 21  7 54 18  0  0
25 11   4864 62933712 3013712 111360564    0    0 942688 642720 191197 768016 21  7 54 18  0  0
31  6   4864 62930408 3013712 111360572    0    0 935104 652636 191238 759095 21  7 54 18  0  0
21 13   4864 62929736 3013712 111360580    0    0 939040 665880 193666 766873 21  7 54 18  0  0
28  9   4864 62933160 3013712 111360600    0    0 942752 658712 194246 763634 22  7 54 18  0  0
15 23   4864 62932272 3013712 111360608    0    0 934864 649904 192029 768267 22  7 54 18  0  0
25 10   4864 62933172 3013712 111360620    0    0 874944 606320 178708 706901 20  6 54 19  0  0
29 11   4864 62935456 3013712 111360628    0    0 942592 664276 193870 770089 21  7 54 18  0  0
23 12   4864 62933376 3013712 111360636    0    0 939472 648148 190652 761894 22  7 54 18  0  0
24 12   4864 62930424 3013712 111360648    0    0 943616 650988 192120 765493 22  7 54 18  0  0
27 13   4864 62929128 3013712 111360660    0    0 938672 653836 190824 760993 22  7 54 18  0  0
29 10   4864 62927872 3013712 111360668    0    0 940592 651408 190882 766050 21  7 54 18  0  0
29 10   4864 62931092 3013712 111360676    0    0 899408 617256 181093 731655 21  6 54 19  0  0
26 10   4864 62930604 3013712 111360688    0    0 922336 648508 186695 750320 21  7 54 18  0  0
21 15   4864 62930544 3013712 111360700    0    0 945904 647056 191472 771439 22  7 54 18  0  0
29  7   4864 62931756 3013712 111360712    0    0 944048 661876 191987 766819 22  7 54 18  0  0
20 16   4864 62932168 3013712 111360720    0    0 940896 667932 192326 767405 21  7 54 18  0  0
15 18   4864 62933424 3013712 111360732    0    0 939984 650944 189681 756676 21  7 54 18  0  0
30  9   4864 62929048 3013712 111360740    0    0 940384 648324 190964 767118 21  7 54 18  0  0
procs -----------memory---------- ---swap-- -----io---- -system-- -------cpu-------
 r  b   swpd   free   buff  cache   si   so    bi    bo   in   cs us sy id wa st gu
26 14   4864 62932612 3013712 111360752    0    0 931968 658904 191367 761957 21  7 54 18  0  0
26 11   4864 62928648 3013712 111360768    0    0 935280 656816 194807 771341 21  7 54 18  0  0
23 14   4864 62933024 3013712 111360776    0    0 941280 659008 193149 759411 21  7 54 18  0  0
28 12   4864 62935408 3013712 111360784    0    0 925408 640432 186929 746507 21  7 54 18  0  0
28 12   4864 62935524 3013712 111360796    0    0 890752 610360 180595 723103 20  6 54 19  0  0
26 11   4864 62934996 3013712 111360804    0    0 941536 646464 192162 762890 21  7 54 18  0  0
24 12   4864 62935196 3013712 111360820    0    0 942944 651696 193594 766764 21  7 54 18  0  0
19 17   4864 62934928 3013712 111360828    0    0 936336 662008 194284 773969 22  7 54 18  0  0
24 12   4864 62932080 3013712 111360836    0    0 941168 652508 192565 768440 21  7 54 18  0  0
24 13   4864 62931232 3013712 111360844    0    0 901456 621720 184861 729017 21  7 54 19  0  0
28 11   4864 62810924 3013712 111360896    0    0 901776 628144 185284 731309 22  7 53 18  0  0
17 18   4864 62731344 3013712 111361056    0    0 941408 640096 192084 765371 23  7 53 17  0  0
31  9   4864 62622796 3013712 111361228    0    0 939920 648992 194653 768560 23  7 53 18  0  0
23 13   4864 62593668 3013712 111361372    0    0 939920 650984 195018 767274 23  7 53 17  0  0
31  9   4864 62499336 3013712 111361388    0    0 934960 656284 193550 762417 23  7 53 18  0  0
26 12   4864 62484520 3013712 111361548    0    0 932496 652936 191282 753306 23  7 53 17  0  0
21 15   4864 62494776 3013712 111361716    0    0 928992 650824 193278 762100 23  7 53 18  0  0
25 12   4864 62555520 3013712 111361868    0    0 931536 649552 192332 759874 23  7 53 18  0  0
26 13   4864 62517052 3013712 111361876    0    0 938176 650924 192584 763148 23  7 53 18  0  0
22 18   4864 62472612 3013712 111362040    0    0 930080 643068 192408 765166 23  7 53 18  0  0
26 12   4864 62500156 3013712 111362200    0    0 893808 607592 184435 734083 22  7 53 19  0  0
procs -----------memory---------- ---swap-- -----io---- -system-- -------cpu-------
 r  b   swpd   free   buff  cache   si   so    bi    bo   in   cs us sy id wa st gu
24 13   4864 62516912 3013712 111362328    0    0 907952 638860 198538 744554 23  7 52 18  0  0
19 16   4864 62535184 3013712 111362504    0    0 938672 651388 195661 760951 23  7 53 18  0  0
33  7   4864 62507144 3013712 111362668    0    0 937840 651052 192670 766649 23  7 53 18  0  0
24 10   4864 62496856 3013712 111362676    0    0 936128 657224 195132 754962 23  7 53 18  0  0
18 20   4864 62425492 3013712 111362924    0    0 940304 660204 197178 764323 23  7 52 18  0  0
25 14   4864 62393592 3013712 111363088    0    0 880608 594516 179162 717194 22  7 53 19  0  0
23 13   4864 62371808 3013712 111363252    0    0 933248 652740 191966 763511 23  7 53 18  0  0
24 12   4864 62433164 3013712 111363424    0    0 936784 648612 192295 757596 23  7 53 18  0  0
24 11   4864 62402056 3013712 111363436    0    0 934336 651416 194177 755610 23  7 53 17  0  0
23 15   4864 62474648 3013712 111363592    0    0 933968 662664 197098 758343 23  7 53 18  0  0
26 11   4864 62444972 3013712 111363768    0    0 938928 638452 190148 746668 23  7 53 18  0  0
20 20   4864 62446500 3013712 111363780    0    0 936704 641364 190487 750096 23  7 53 17  0  0
28  9   4864 62481704 3013712 111363932    0    0 936320 647484 193422 758968 23  7 53 17  0  0
20 15   4864 62468380 3013712 111364092    0    0 932784 645652 193721 754587 23  7 53 18  0  0
29 12   4864 62471520 3013712 111364100    0    0 938944 648640 192100 761402 23  7 53 18  0  0
19 16   4864 62476852 3013712 111364272    0    0 929088 659812 195366 754489 23  7 53 18  0  0
26 10   4864 62565364 3013712 111364444    0    0 888096 604308 183444 716301 21  7 53 19  0  0
21 15   4864 62525428 3013712 111364620    0    0 917472 638868 190926 745456 22  7 53 18  0  0
22 15   4864 62541480 3013712 111364632    0    0 937120 657036 194725 752942 23  7 53 18  0  0
23 15   4864 62593416 3013712 111364800    0    0 941408 644132 196498 760929 23  7 53 17  0  0
21 17   4864 62544780 3013712 111364972    0    0 937664 666880 196393 762103 22  7 53 18  0  0
procs -----------memory---------- ---swap-- -----io---- -system-- -------cpu-------
 r  b   swpd   free   buff  cache   si   so    bi    bo   in   cs us sy id wa st gu
35 15   4864 62615536 3013712 111365140    0    0 927888 636200 191674 749165 22  7 53 18  0  0
17 18   4864 62535388 3013712 111365148    0    0 891136 609936 181428 718085 22  7 53 19  0  0
31 19   4864 62501012 3013712 111365308    0    0 940016 647324 192633 757254 23  7 53 17  0  0
18 21   4864 62448592 3013712 111365476    0    0 939120 651504 194638 757712 23  7 53 17  0  0
37  7   4864 62515164 3013712 111365488    0    0 941888 646880 195626 760767 23  7 53 18  0  0
24 11   4864 62468304 3013712 111365648    0    0 935232 640888 194422 757443 23  7 53 17  0  0
19 17   4864 62419036 3013712 111365808    0    0 937472 661276 196745 762158 23  7 53 17  0  0
27 14   4864 62438736 3013712 111365972    0    0 936208 645872 194944 757290 23  7 53 18  0  0
24 16   4864 62478784 3013712 111361600    0    0 939376 650092 193571 752095 22  7 53 18  0  0
20 18   4864 62529924 3013712 111361612    0    0 935872 659752 191277 756985 21  7 54 18  0  0
31 19   4864 62572536 3013712 111361624    0    0 934832 650220 190493 753183 22  7 54 18  0  0
21 14   4864 62607556 3013712 111361632    0    0 942784 654136 192394 762622 21  7 54 18  0  0
31  8   4864 62640908 3013712 111361640    0    0 878912 601996 176509 705441 20  6 54 19  0  0
23 15   4864 62676352 3013712 111361652    0    0 944912 650380 193837 769438 21  7 54 18  0  0
11 24   4864 62707484 3013712 111361660    0    0 938624 650748 192943 761078 22  7 54 18  0  0
26  9   4864 62730304 3013712 111361672    0    0 940928 661084 193539 756757 21  7 54 18  0  0
25 13   4864 62751272 3013712 111361684    0    0 932480 640172 190098 757136 21  7 54 18  0  0
23 12   4864 62764636 3013712 111361684    0    0 887920 602540 178775 711481 20  6 54 19  0  0
19 17   4864 62779552 3013712 111361704    0    0 938208 661752 192650 757379 21  7 54 18  0  0
26  9   4864 62793792 3013712 111361704    0    0 940752 654644 191037 755052 22  7 54 18  0  0
26  8   4864 62807972 3013712 111361716    0    0 942944 639624 189914 759676 22  7 54 18  0  0
procs -----------memory---------- ---swap-- -----io---- -system-- -------cpu-------
 r  b   swpd   free   buff  cache   si   so    bi    bo   in   cs us sy id wa st gu
23 13   4864 62819168 3013712 111361732    0    0 938928 652996 192014 762145 22  7 54 18  0  0
22 14   4864 62828300 3013712 111361740    0    0 939056 664204 192275 759526 22  7 54 18  0  0
22 12   4864 62834564 3013712 111361756    0    0 941168 642652 189398 757881 21  7 54 18  0  0
23 12   4864 62839768 3013712 111361764    0    0 933424 651496 190204 758096 21  7 54 18  0  0
26  9   4864 62849216 3013712 111361772    0    0 940496 647644 189733 755321 21  7 54 18  0  0
37 15   4864 62853596 3013712 111361788    0    0 936928 660232 190290 752481 21  7 54 18  0  0
21 15   4864 62855560 3013712 111361796    0    0 935552 652632 192230 763191 21  7 54 18  0  0
21 17   4864 62856204 3013712 111361808    0    0 933600 644996 192115 762068 21  7 54 18  0  0
20 19   4864 62863580 3013712 111361820    0    0 883312 599216 179002 706954 20  6 54 19  0  0
32 20   4864 62868156 3013712 111361828    0    0 942736 648040 193315 760049 21  7 54 18  0  0
26 12   4864 62868788 3013712 111361840    0    0 946032 648764 193865 764975 21  7 54 18  0  0
18 17   4864 62873876 3013712 111361852    0    0 941968 658516 192973 755802 22  7 54 18  0  0
24 11   4864 62875812 3013712 111361860    0    0 906000 620060 183700 728451 21  7 54 19  0  0
15 21   4864 62873156 3013712 111361872    0    0 903232 635252 185720 728001 21  7 54 19  0  0
27 14   4864 62876452 3013712 111361884    0    0 942256 643544 191514 761008 21  7 54 18  0  0
31 17   4864 62875848 3013712 111361892    0    0 942512 655668 190508 756407 21  7 54 18  0  0
13 21   4864 62874796 3013712 111361904    0    0 939936 652416 191833 757703 22  7 54 18  0  0
23 11   4864 62877320 3013712 111361912    0    0 941168 651432 190793 757304 21  7 54 18  0  0
28  8   4864 62878428 3013712 111361924    0    0 942816 659912 191319 759148 21  7 54 18  0  0
24 11   4864 62878896 3013712 111361924    0    0 939424 656740 189715 751724 21  7 54 18  0  0
23 11   4864 62882432 3013712 111361936    0    0 947440 647036 190132 760251 21  7 54 18  0  0
procs -----------memory---------- ---swap-- -----io---- -system-- -------cpu-------
 r  b   swpd   free   buff  cache   si   so    bi    bo   in   cs us sy id wa st gu
25 13   4864 62887596 3013712 111361956    0    0 939536 658620 192206 757035 21  7 54 18  0  0
23 13   4864 62891004 3013712 111362028    0    0 941760 643652 189781 759556 22  7 54 18  0  0
22 14   4864 62886508 3013712 111362032    0    0 937440 651992 189625 757420 21  7 54 18  0  0
29  8   4864 62888308 3013712 111362048    0    0 917728 637568 185415 743035 21  7 54 18  0  0
20 18   4864 62883352 3013712 111362056    0    0 894256 619944 181843 724551 21  6 54 19  0  0
24 12   4864 62885664 3013712 111362060    0    0 948048 648828 190957 760592 21  7 54 18  0  0
16 22   4864 62888016 3013712 111362080    0    0 938656 656888 191085 761748 22  7 54 18  0  0
18 16   4864 62888056 3013712 111362088    0    0 912976 628100 184169 735944 21  7 54 18  0  0
23 14   4864 62889840 3013712 111362100    0    0 903184 627620 182066 726686 21  7 54 19  0  0
21 16   4864 62894068 3013712 111362108    0    0 945168 650372 194421 766068 21  7 54 18  0  0
19 17   4864 62898460 3013712 111362120    0    0 948448 648872 191287 760968 21  7 54 18  0  0
21 15   4864 62899248 3013712 111362132    0    0 940304 643832 189264 755837 21  7 54 18  0  0
28 11   4864 62895372 3013712 111362136    0    0 943632 655776 191460 760050 22  7 54 18  0  0
30 11   4864 62894440 3013712 111362140    0    0 938256 652292 191993 762887 22  7 54 18  0  0
39 12   4864 62897984 3013712 111362156    0    0 933200 667988 190632 752989 21  7 54 18  0  0
21 15   4864 62902948 3013712 111362172    0    0 943920 650964 189929 757573 21  7 54 18  0  0
26 10   4864 62904632 3013712 111362180    0    0 946448 654372 193819 769619 21  7 54 18  0  0
22 12   4864 62906552 3013712 111362192    0    0 936416 664884 193250 758585 21  7 54 18  0  0
28  9   4864 62904988 3013712 111362200    0    0 941136 657384 194907 767180 21  7 54 18  0  0
18 16   4864 62907092 3013712 111362204    0    0 934512 647916 194063 765291 21  7 54 18  0  0
18 17   4864 62906436 3013712 111362228    0    0 914528 623728 186668 731006 21  7 54 19  0  0
procs -----------memory---------- ---swap-- -----io---- -system-- -------cpu-------
 r  b   swpd   free   buff  cache   si   so    bi    bo   in   cs us sy id wa st gu
18 17   4864 62905364 3013712 111362236    0    0 900288 620028 184115 727481 20  7 54 19  0  0
25  9   4864 62907948 3013712 111362248    0    0 939504 651260 192485 757516 21  7 54 18  0  0
21 12   4864 62909356 3013712 111362256    0    0 940224 649280 193211 763474 22  7 54 17  0  0
23 13   4864 62910412 3013712 111362264    0    0 889072 606648 179651 711367 20  6 54 19  0  0
27 13   4864 62911816 3013712 111362276    0    0 926176 642560 190005 747830 21  7 54 18  0  0
26 11   4864 62914576 3013712 111362296    0    0 945648 642976 190112 755725 21  7 54 18  0  0
27  8   4864 62915488 3013712 111362308    0    0 938272 652016 188968 751286 22  7 54 18  0  0
20 15   4864 62917564 3013712 111362316    0    0 940832 661116 191295 758183 21  7 54 18  0  0
13 23   4864 62919424 3013712 111362320    0    0 916944 634744 185327 739145 21  7 54 18  0  0
21 13   4864 62919764 3013712 111362336    0    0 887184 597592 178232 711120 20  6 54 19  0  0
20 15   4864 62922736 3013712 111362344    0    0 877872 608912 176353 708415 20  6 54 19  0  0
30 12   4864 62923468 3013712 111362356    0    0 886640 595692 177048 708439 20  6 54 19  0  0
30 16   4864 62922776 3013712 111362364    0    0 886592 608696 178651 719070 20  6 54 19  0  0
30  7   4864 62918944 3013712 111362372    0    0 879568 604264 176053 705289 20  6 54 19  0  0
31  4   4864 62920212 3013712 111362388    0    0 891152 613724 181248 715333 20  6 54 19  0  0
28 10   4864 62920672 3013712 111362396    0    0 892384 612364 182753 726970 21  7 54 19  0  0
19 18   4864 62917832 3013712 111362408    0    0 914800 641080 188432 746183 21  7 54 18  0  0
25 13   4864 62920680 3013712 111362416    0    0 905008 623324 185389 728982 21  7 54 19  0  0
30  9   4864 62917508 3013712 111362424    0    0 876208 604548 178205 705104 20  6 54 19  0  0
16 23   4864 62921468 3013712 111362436    0    0 884880 607700 179078 712423 20  6 54 19  0  0
16 19   4864 62922308 3013712 111362448    0    0 841984 571644 168709 677205 20  6 54 20  0  0
procs -----------memory---------- ---swap-- -----io---- -system-- -------cpu-------
 r  b   swpd   free   buff  cache   si   so    bi    bo   in   cs us sy id wa st gu
22 13   4864 62924168 3013712 111362456    0    0 874304 588428 176487 702901 20  6 54 19  0  0
31  5   4864 62924788 3013712 111362468    0    0 884240 604680 177579 710754 20  6 54 19  0  0
26 11   4864 62924876 3013712 111362476    0    0 883184 602632 177906 706255 20  6 54 19  0  0
24 14   4864 62922916 3013712 111362484    0    0 889664 612952 178912 712683 20  7 54 19  0  0
23 13   4864 62922532 3013712 111362492    0    0 898560 623480 181249 727581 21  6 54 19  0  0
26 13   4864 62925600 3013712 111362504    0    0 918192 623012 184276 738469 21  7 54 18  0  0
31  8   4864 62922804 3013712 111362516    0    0 939328 649380 190131 756255 21  7 54 18  0  0
40 11   4864 62923784 3013712 111362524    0    0 943632 655284 190999 759423 21  7 54 18  0  0
23 13   4864 62926124 3013712 111362532    0    0 941840 641348 189046 754547 22  7 54 18  0  0
24 17   4864 62929812 3013712 111362544    0    0 943952 658576 187907 746547 21  7 54 18  0  0
28 11   4864 62929392 3013712 111362556    0    0 943760 656164 190108 760588 21  7 54 18  0  0
26 10   4864 62929948 3013712 111362564    0    0 935408 644088 189422 757717 21  7 54 18  0  0
37 16   4864 62929592 3013712 111362576    0    0 942032 641544 187442 751646 21  7 54 18  0  0
22 13   4864 62926744 3013712 111362584    0    0 943904 644044 188876 752018 21  7 54 18  0  0
20 15   4864 62923984 3013712 111362588    0    0 938128 662396 191244 756007 21  7 54 18  0  0
29 11   4864 62930276 3013712 111362612    0    0 941088 651284 191716 766798 21  7 54 18  0  0
18 17   4864 62936816 3013712 111362620    0    0 880304 612276 177376 710991 20  6 54 19  0  0
22 13   4864 62934896 3013712 111362632    0    0 940480 658724 191509 761572 21  7 54 18  0  0
27 10   4864 62934028 3013712 111362644    0    0 946112 654108 191685 763872 21  7 54 18  0  0
21 13   4864 62932420 3013712 111362724    0    0 852352 603776 174078 685939 19  6 58 16  0  0
30  6   4864 62931272 3013712 111362736    0    0 946032 667652 193679 765421 21  7 54 18  0  0
procs -----------memory---------- ---swap-- -----io---- -system-- -------cpu-------
 r  b   swpd   free   buff  cache   si   so    bi    bo   in   cs us sy id wa st gu
22 14   4864 62929120 3013712 111362740    0    0 939360 669776 193250 763735 21  7 54 18  0  0
22 16   4864 62926328 3013712 111362752    0    0 936208 663656 195985 758194 21  7 54 18  0  0
29  8   4864 62926480 3013712 111362768    0    0 939792 654788 192772 761577 21  7 54 18  0  0
18 16   4864 62922884 3013712 111362780    0    0 946048 661136 193415 770076 21  7 54 18  0  0
25 12   4864 62922980 3013712 111362792    0    0 944384 668304 193879 765344 21  7 54 18  0  0
19 17   4864 62925740 3013712 111362800    0    0 939376 655300 193600 765671 21  7 54 18  0  0
22 12   4864 62925292 3013712 111362808    0    0 944176 648976 192761 763404 21  7 54 18  0  0
19 17   4864 62930016 3013712 111362820    0    0 936752 653948 190489 756338 21  7 54 18  0  0
28  8   4864 62925916 3013712 111362832    0    0 935952 645704 188344 748451 21  7 54 18  0  0
27 11   4864 62926376 3013712 111362840    0    0 939376 652964 191152 757410 21  7 54 18  0  0
12 27   4864 62927124 3013712 111362852    0    0 939936 653128 190703 756896 21  7 54 18  0  0
16 20   4864 62924572 3013712 111362860    0    0 911824 635152 185546 741868 21  7 54 18  0  0
18 16   4864 62928732 3013712 111362868    0    0 895504 615508 181090 725490 21  6 54 19  0  0
21 12   4864 62928736 3013712 111362884    0    0 939968 660880 192599 765573 21  7 54 18  0  0
23 14   4864 62928744 3013712 111362892    0    0 941552 651072 190195 755883 21  7 54 18  0  0
17 17   4864 62932412 3013712 111362904    0    0 940608 653692 190997 760660 22  7 54 18  0  0
19 16   4864 62932436 3013712 111362912    0    0 944032 651480 190839 759523 22  7 54 18  0  0
18 17   4864 62933888 3013712 111362912    0    0 946832 645016 190547 754876 21  7 54 18  0  0
18 16   4864 62935644 3013712 111362928    0    0 935136 656944 189160 753204 21  7 54 18  0  0
29  8   4864 62936084 3013712 111362932    0    0 945408 649432 192277 759176 21  7 54 18  0  0
22 14   4864 62936468 3013712 111362952    0    0 943456 657848 193274 765245 21  7 54 18  0  0
procs -----------memory---------- ---swap-- -----io---- -system-- -------cpu-------
 r  b   swpd   free   buff  cache   si   so    bi    bo   in   cs us sy id wa st gu
14 20   4864 62937364 3013712 111362960    0    0 932512 668200 191394 752979 21  7 54 18  0  0
24 13   4864 62935304 3013712 111362968    0    0 941328 654460 191723 758313 22  7 54 18  0  0
18 16   4864 62935464 3013712 111362980    0    0 938464 651864 191898 762537 22  7 54 18  0  0
25 15   4864 62933784 3013712 111362992    0    0 938912 655068 190524 756716 21  7 54 18  0  0
23 11   4864 62935340 3013712 111363004    0    0 939616 659596 191013 759183 21  7 54 18  0  0
25 11   4864 62928780 3013712 111363012    0    0 941168 650048 191473 762243 21  7 54 18  0  0
25 13   4864 62932700 3013712 111363024    0    0 941312 657704 191912 757715 22  7 54 18  0  0
29  8   4864 62932224 3013712 111363036    0    0 911456 620836 182845 734095 21  7 54 19  0  0
23 11   4864 62932240 3013712 111363048    0    0 925056 631744 189325 746652 21  7 54 18  0  0
28 10   4864 62932040 3013712 111363056    0    0 914816 633408 186207 741314 21  7 54 18  0  0
26 11   4864 62934072 3013712 111363064    0    0 934512 651888 191043 753026 21  7 54 18  0  0
27  9   4864 62932880 3013712 111363076    0    0 940576 660304 193486 763830 21  7 54 18  0  0
23 12   4864 62932296 3013712 111363084    0    0 941136 651912 194066 763686 21  7 54 18  0  0
21 14   4864 62932680 3013712 111363100    0    0 941936 641100 192290 759116 21  7 54 18  0  0
21 15   4864 62935368 3013712 111363108    0    0 936928 654404 193628 765074 21  7 54 18  0  0
22 16   4864 62937532 3013712 111363116    0    0 945264 676228 193727 765089 21  7 54 18  0  0
26 14   4864 62938648 3013712 111363128    0    0 944976 661452 193616 770203 22  7 54 18  0  0
23 15   4864 62939160 3013712 111363128    0    0 942752 665848 193064 760822 22  7 54 18  0  0
21 14   4864 62941692 3013712 111363144    0    0 943776 654612 193426 767903 21  7 54 18  0  0
26 10   4864 62942216 3013712 111363160    0    0 934560 656840 192094 755120 21  7 54 18  0  0
20 17   4864 62939772 3013712 111363168    0    0 945456 660896 194496 761746 21  7 54 18  0  0
procs -----------memory---------- ---swap-- -----io---- -system-- -------cpu-------
 r  b   swpd   free   buff  cache   si   so    bi    bo   in   cs us sy id wa st gu
29  8   4864 62936336 3013712 111363180    0    0 942288 644428 190998 761685 21  7 54 18  0  0
23 13   4864 62936188 3013712 111363192    0    0 939584 660296 193167 758857 21  7 54 18  0  0
37 20   4864 62933820 3013712 111363208    0    0 917360 633208 187732 743377 21  7 54 18  0  0
26  9   4864 62934772 3013712 111363208    0    0 899072 613444 181552 722270 20  7 54 19  0  0
24 12   4864 62936168 3013712 111363224    0    0 946960 660012 193567 767638 21  7 54 18  0  0
32  7   4864 62936904 3013712 111363232    0    0 932976 660816 193664 761441 21  7 54 18  0  0
27 14   4864 62934984 3013712 111363244    0    0 946368 642832 192468 766076 21  7 54 18  0  0
12 24   4864 62935408 3013712 111363256    0    0 943904 658444 192762 754923 21  7 54 18  0  0
25 10   4864 62934720 3013712 111363272    0    0 940592 657256 195155 760366 21  7 54 18  0  0
20 21   4864 62931900 3013712 111363280    0    0 942672 631868 190148 759010 21  7 54 18  0  0
28 13   4864 62928324 3013712 111363284    0    0 943264 654348 195624 766626 21  7 54 18  0  0
19 15   4864 62928148 3013712 111363288    0    0 942576 657484 195344 765660 21  7 54 18  0  0
24 11   4864 62928660 3013712 111363304    0    0 944432 649676 191414 761590 21  7 54 18  0  0
23 12   4864 62927628 3013712 111363316    0    0 945984 646672 189575 747632 21  7 54 18  0  0
28 12   4864 62928644 3013712 111363328    0    0 940320 647296 190788 751977 21  7 54 18  0  0
18 21   4864 62929928 3013712 111363336    0    0 935536 662060 191493 754804 22  7 54 18  0  0
22 13   4864 62926540 3013712 111363416    0    0 943792 659976 192114 760138 21  7 54 18  0  0
22 13   4864 62926972 3013712 111363428    0    0 944800 638404 190781 763700 21  7 54 18  0  0
25 16   4864 62924836 3013712 111363444    0    0 943328 660268 190114 757849 21  7 54 18  0  0
27 10   4864 62924140 3013712 111363452    0    0 911952 624600 183813 729605 21  7 54 19  0  0
20 18   4864 62924096 3013712 111363460    0    0 918496 638604 187918 744487 21  7 54 18  0  0
procs -----------memory---------- ---swap-- -----io---- -system-- -------cpu-------
 r  b   swpd   free   buff  cache   si   so    bi    bo   in   cs us sy id wa st gu
22 16   4864 62920372 3013712 111363468    0    0 921984 641664 187824 739222 21  7 54 18  0  0
19 20   4864 62919000 3013712 111363480    0    0 921536 643432 188671 743421 21  7 54 18  0  0
23 14   4864 62918596 3013712 111363492    0    0 923376 636284 188045 749863 21  7 54 18  0  0
21 16   4864 62919320 3013712 111363504    0    0 942816 651800 191246 756844 21  7 54 18  0  0
24 14   4864 62918044 3013712 111363504    0    0 896896 611180 179530 721407 21  7 54 19  0  0
23 12   4864 62917848 3013712 111363520    0    0 879776 600176 175730 703687 20  6 54 19  0  0
20 15   4864 62919456 3013712 111363532    0    0 883232 606840 175586 701312 20  6 54 19  0  0
23 11   4864 62922424 3013712 111363540    0    0 880560 614224 178257 707060 20  6 54 19  0  0
20 14   4864 62923360 3013712 111363548    0    0 888480 597080 176703 706990 20  6 54 19  0  0
29  8   4864 62923280 3013712 111363560    0    0 885472 602444 177047 711786 20  6 54 19  0  0
16 21   4864 62919388 3013712 111363568    0    0 884112 621040 178356 710001 20  6 54 19  0  0
24 12   4864 62920832 3013712 111363580    0    0 915104 620020 184468 738023 21  7 54 18  0  0
21 14   4864 62918296 3013712 111363596    0    0 939808 643108 191491 767050 21  7 54 18  0  0
16 22   4864 62920184 3013712 111363604    0    0 906080 634724 184915 724822 21  7 54 19  0  0
20 14   4864 62918792 3013712 111363608    0    0 889952 599300 178959 710920 20  6 54 19  0  0
28  7   4864 62923120 3013712 111363624    0    0 916384 624792 187359 738382 21  7 54 18  0  0
25 10   4864 62923696 3013712 111363636    0    0 915840 631348 187418 739018 21  7 54 18  0  0
24 12   4864 62926068 3013712 111363648    0    0 919488 629572 186173 737307 21  7 54 18  0  0
26 11   4864 62922664 3013712 111363656    0    0 910992 642448 185130 736766 21  7 54 18  0  0
23 12   4864 62924804 3013712 111363668    0    0 917952 617760 182450 734742 20  7 54 19  0  0
19 15   4864 62922572 3013712 111363672    0    0 914768 633300 184114 731679 21  7 54 18  0  0
procs -----------memory---------- ---swap-- -----io---- -system-- -------cpu-------
 r  b   swpd   free   buff  cache   si   so    bi    bo   in   cs us sy id wa st gu
17 21   4864 62923532 3013712 111363688    0    0 920480 634364 185335 735322 21  7 54 18  0  0
23 12   4864 62923784 3013712 111363704    0    0 901808 635472 183830 732280 21  6 54 19  0  0
17 19   4864 62924808 3013712 111363712    0    0 922320 628712 186496 740946 21  7 54 18  0  0
22 15   4864 62921512 3013712 111363716    0    0 919984 644176 186268 747275 21  7 54 18  0  0
27 10   4864 62920628 3013712 111363720    0    0 921680 626656 185306 743550 21  7 54 18  0  0
22 13   4864 62920368 3013712 111363736    0    0 912752 631316 184699 734021 21  7 54 18  0  0
20 14   4864 62922904 3013712 111363748    0    0 934848 647652 190063 753301 21  7 54 18  0  0
16 19   4864 62927620 3013712 111363764    0    0 922976 642360 188789 751244 21  7 54 18  0  0
22 14   4864 62924320 3013712 111363772    0    0 929984 651232 190082 749148 21  7 54 18  0  0
19 20   4864 62926396 3013712 111363784    0    0 936064 644796 191058 750676 21  7 54 18  0  0
23 16   4864 62928068 3013712 111363792    0    0 933984 640464 192147 752737 21  7 54 18  0  0
21 16   4864 62927664 3013712 111363804    0    0 932560 646416 191739 756893 21  7 54 18  0  0
18 17   4864 62925348 3013712 111363816    0    0 927664 641656 189803 749993 21  7 54 18  0  0
21 14   4864 62924960 3013712 111363824    0    0 932016 652692 190371 752371 21  7 54 18  0  0
27 10   4864 62923048 3013712 111363832    0    0 928480 645884 191767 753129 21  7 54 18  0  0
26  9   4864 62922704 3013712 111363844    0    0 930816 637068 190194 753954 21  7 54 18  0  0
22 12   4864 62921408 3013712 111363856    0    0 925168 654080 189751 754146 21  7 54 18  0  0
19 15   4864 62920896 3013712 111363872    0    0 928640 647404 188913 754063 21  7 54 18  0  0
41 12   4864 62921248 3013712 111363880    0    0 921984 638144 188899 749161 21  7 54 18  0  0
25 13   4864 62924220 3013712 111363888    0    0 933808 650112 189753 753945 21  7 54 18  0  0
23 13   4864 62925792 3013712 111363896    0    0 933712 641208 188899 748757 21  7 54 18  0  0
procs -----------memory---------- ---swap-- -----io---- -system-- -------cpu-------
 r  b   swpd   free   buff  cache   si   so    bi    bo   in   cs us sy id wa st gu
16 23   4864 62925984 3013712 111363904    0    0 929008 646324 187749 747518 21  7 54 18  0  0
16 19   4864 62926700 3013712 111363920    0    0 928496 658500 190254 753799 21  7 54 18  0  0
17 17   4864 62928040 3013712 111363928    0    0 932592 640276 189171 749536 21  7 54 18  0  0
23 12   4864 62924948 3013712 111363936    0    0 923568 649672 188933 746206 21  7 54 18  0  0
15 22   4864 62928808 3013712 111363944    0    0 926848 640332 188526 749472 21  7 54 18  0  0
21 16   4864 62927180 3013712 111363956    0    0 927888 640072 187462 737463 21  7 54 18  0  0
22 14   4864 62927236 3013712 111363968    0    0 932112 647124 190602 752374 21  7 54 18  0  0
26 11   4864 62924972 3013712 111363980    0    0 934176 642908 190399 753069 21  7 54 18  0  0
22 17   4864 62920196 3013712 111363988    0    0 933648 653404 190999 754138 21  7 54 18  0  0
20 14   4864 62920920 3013712 111363996    0    0 935984 646872 191667 756269 21  7 54 18  0  0
25 10   4864 62918552 3013712 111364012    0    0 929152 636468 190382 749070 21  7 54 18  0  0
35 17   4864 62915904 3013712 111364024    0    0 927776 658644 190711 747320 21  7 54 18  0  0
27 13   4864 62919136 3013712 111364032    0    0 927792 646844 190817 751046 21  7 54 18  0  0
23 15   4864 62922748 3013712 111364112    0    0 918960 636960 188563 740626 21  7 54 18  0  0
18 17   4864 62923312 3013712 111364120    0    0 927808 639512 186647 740467 21  7 54 18  0  0
25  9   4864 62924620 3013712 111364132    0    0 934144 650120 187486 744414 21  7 54 18  0  0
27 12   4864 62924780 3013712 111364140    0    0 937328 639340 188915 752359 21  7 54 18  0  0
16 19   4864 62925524 3013712 111364148    0    0 936400 654224 190987 754289 21  7 54 18  0  0
35 14   4864 62924256 3013712 111364164    0    0 929440 657080 189841 752774 21  7 54 18  0  0
23 12   4864 62923580 3013712 111364176    0    0 930640 642940 190714 754126 21  7 54 18  0  0
25 16   4864 62922448 3013712 111364188    0    0 927376 646896 189627 752771 21  7 54 18  0  0
procs -----------memory---------- ---swap-- -----io---- -system-- -------cpu-------
 r  b   swpd   free   buff  cache   si   so    bi    bo   in   cs us sy id wa st gu
21 14   4864 62922196 3013712 111364196    0    0 929344 657148 190642 750171 21  7 54 18  0  0
17 19   4864 62923576 3013712 111364208    0    0 925376 646112 190793 750128 21  7 54 18  0  0
22 13   4864 62923832 3013712 111364220    0    0 934352 648728 192423 754771 21  7 54 18  0  0
25 14   4864 62923944 3013712 111364228    0    0 932848 654892 191317 748539 21  7 54 18  0  0
26 10   4864 62921840 3013712 111364240    0    0 937296 635860 188708 754293 21  7 54 18  0  0
25 10   4864 62922812 3013712 111364248    0    0 929712 646532 189920 746230 21  7 54 18  0  0
12 27   4864 62924572 3013712 111364260    0    0 927872 658384 190582 745726 21  7 54 18  0  0
20 16   4864 62929964 3013712 111364268    0    0 930336 651156 190027 744093 21  7 54 18  0  0
21 15   4864 62926376 3013712 111364280    0    0 939360 643620 189806 749642 21  7 54 18  0  0
23 12   4864 62925984 3013712 111364288    0    0 923760 653140 189531 752774 21  7 54 18  0  0
28 10   4864 62924632 3013712 111364300    0    0 928912 648232 191483 750735 21  7 54 18  0  0
19 19   4864 62926008 3013712 111364312    0    0 927392 649376 193094 755571 21  7 54 18  0  0
23 11   4864 62929092 3013712 111364320    0    0 930512 643516 191666 757632 21  7 54 18  0  0
17 17   4864 62927760 3013712 111364328    0    0 934304 653068 191630 750010 21  7 54 18  0  0
34 16   4864 62927608 3013712 111364336    0    0 923152 648740 188689 746259 21  7 54 18  0  0
20 16   4864 62926976 3013712 111364348    0    0 928624 644580 190349 754961 21  7 54 18  0  0
22 13   4864 62926944 3013712 111364360    0    0 924880 648300 190783 748511 21  7 54 18  0  0
18 16   4864 62925884 3013712 111364368    0    0 927184 650580 190534 753563 21  7 54 18  0  0
19 18   4864 62924308 3013712 111364380    0    0 934656 654932 192178 751699 21  7 54 18  0  0
23 13   4864 62924920 3013712 111364388    0    0 930336 646336 190268 752308 21  7 54 18  0  0
19 17   4864 62921848 3013712 111364400    0    0 937616 636112 188662 754304 21  7 54 18  0  0
procs -----------memory---------- ---swap-- -----io---- -system-- -------cpu-------
 r  b   swpd   free   buff  cache   si   so    bi    bo   in   cs us sy id wa st gu
28  7   4864 62920132 3013712 111364412    0    0 925056 657952 189947 751686 21  7 54 18  0  0
22 12   4864 62920964 3013712 111364420    0    0 927952 634628 190926 750998 21  7 54 18  0  0
16 22   4864 62919128 3013712 111364436    0    0 927936 655048 190580 749318 21  7 54 18  0  0
14 23   4864 62921200 3013712 111364444    0    0 927488 655688 191216 749832 21  7 54 18  0  0
26 11   4864 62921716 3013712 111364452    0    0 928464 633932 188958 751325 21  7 54 18  0  0
28 12   4864 62923860 3013712 111364468    0    0 928032 654384 192293 751614 21  7 54 18  0  0
23 18   4864 62921904 3013712 111364480    0    0 932496 641088 191267 760151 21  7 54 18  0  0
22 14   4864 62922684 3013712 111364488    0    0 932128 639276 190831 755768 21  7 54 18  0  0
15 22   4864 62922236 3013712 111364500    0    0 930288 656776 192169 752877 21  7 54 18  0  0
20 15   4864 62918352 3013712 111364508    0    0 926160 647052 190422 750732 21  7 54 18  0  0
25 11   4864 62923384 3013712 111364520    0    0 933024 648064 189805 750412 21  7 54 18  0  0
16 18   4864 62923632 3013712 111364532    0    0 928672 645392 190801 745608 21  7 54 18  0  0
20 17   4864 62920496 3013712 111364532    0    0 924096 648448 189687 745904 21  7 54 18  0  0
18 21   4864 62917860 3013712 111364528    0    0 932240 643904 190881 760071 21  7 54 18  0  0
18 20   4864 62917212 3013712 111364536    0    0 931840 659236 191237 753591 21  7 54 18  0  0
24 10   4864 62916500 3013712 111364544    0    0 937696 639784 189444 756463 21  7 54 18  0  0
24 14   4864 62918764 3013712 111364560    0    0 934160 642696 188491 747321 21  7 54 18  0  0
19 16   4864 62916852 3013712 111364568    0    0 925392 660628 189438 747360 21  7 54 18  0  0
15 22   4864 62918004 3013712 111364580    0    0 931200 646624 190466 751982 21  7 54 18  0  0
25 12   4864 62913284 3013712 111364588    0    0 926720 639256 186411 736752 21  7 54 18  0  0
23 14   4864 62912956 3013712 111364596    0    0 926944 643840 188199 742080 21  7 54 18  0  0
procs -----------memory---------- ---swap-- -----io---- -system-- -------cpu-------
 r  b   swpd   free   buff  cache   si   so    bi    bo   in   cs us sy id wa st gu
26 11   4864 62910056 3013712 111364608    0    0 922864 645620 187988 744101 21  7 54 18  0  0
21 15   4864 62910972 3013712 111364620    0    0 926096 648104 189509 752006 21  7 54 18  0  0
21 16   4864 62912024 3013712 111364628    0    0 929840 646344 189211 753742 21  7 54 18  0  0
25 10   4864 62908852 3013712 111364640    0    0 934912 635012 188767 751756 21  7 54 18  0  0
24 14   4864 62911448 3013712 111364648    0    0 929040 651004 190050 751098 21  7 54 18  0  0
20 17   4864 62908176 3013712 111364652    0    0 931920 655472 191191 751175 21  7 54 18  0  0
25 10   4864 62913388 3013712 111364676    0    0 912096 637964 184351 736719 21  6 54 19  0  0
18 17   4864 62916212 3013712 111364676    0    0 868288 597700 174982 696256 20  6 54 19  0  0
24 13   4864 62910580 3013712 111364696    0    0 926416 652480 190019 749827 21  7 54 18  0  0
19 20   4864 62917112 3013712 111364704    0    0 935248 659188 191604 757488 21  7 54 18  0  0
30  8   4864 62917176 3013712 111364804    0    0 935920 643836 189721 753810 21  7 54 18  0  0
21 13   4864 62918304 3013712 111364816    0    0 930128 655012 189037 749154 21  7 54 18  0  0
19 16   4864 62918352 3013712 111364824    0    0 934864 649264 188636 752955 21  7 54 18  0  0
26 11   4864 62918680 3013712 111364836    0    0 935504 642132 189178 746239 21  7 54 18  0  0
24 11   4864 62919092 3013712 111364844    0    0 925792 640364 186629 740986 21  7 54 18  0  0
13 23   4864 62923948 3013712 111364856    0    0 930016 657624 190054 745882 21  7 54 18  0  0
21 14   4864 62925180 3013712 111364868    0    0 919680 656372 190846 742270 21  7 54 18  0  0
15 22   4864 62924680 3013712 111364876    0    0 926272 652120 188866 749019 21  7 54 18  0  0
30 11   4864 62922928 3013712 111364884    0    0 934048 642892 188240 752612 21  7 54 18  0  0
26 15   4864 62923332 3013712 111364896    0    0 928336 656760 188957 748352 21  7 54 18  0  0
20 20   4864 62921824 3013712 111364908    0    0 935824 639268 189907 753864 21  7 54 18  0  0
procs -----------memory---------- ---swap-- -----io---- -system-- -------cpu-------
 r  b   swpd   free   buff  cache   si   so    bi    bo   in   cs us sy id wa st gu
19 16   4864 62920804 3013712 111364920    0    0 929872 644556 191900 752295 21  7 54 18  0  0
30 10   4864 62924504 3013712 111364932    0    0 923920 658512 191757 753426 21  7 54 18  0  0
17 18   4864 62923984 3013712 111364936    0    0 904064 619376 181511 722947 21  7 54 19  0  0
24 13   4864 62923020 3013712 111364948    0    0 874544 602436 175173 699776 20  6 54 19  0  0
23 12   4864 62922556 3013712 111364956    0    0 930224 651556 193639 761815 21  7 54 18  0  0
25 13   4864 62922168 3013712 111364972    0    0 927392 653124 191920 755883 21  7 54 18  0  0
24 15   4864 62921924 3013712 111364984    0    0 930416 651556 191715 756488 21  7 54 18  0  0
28 10   4864 62926616 3013712 111364992    0    0 930672 655220 191867 751929 21  7 54 18  0  0
22 14   4864 62926764 3013712 111365004    0    0 934240 642092 190587 748337 21  7 54 18  0  0
32  6   4864 62926888 3013712 111365016    0    0 932496 656196 191247 754362 21  7 54 18  0  0
22 13   4864 62926480 3013712 111365032    0    0 928736 654992 190727 750016 21  7 54 18  0  0
24 11   4864 62922872 3013712 111365044    0    0 925968 637564 190616 749542 21  7 54 18  0  0
19 17   4864 62921920 3013712 111365052    0    0 918544 648856 192070 754869 21  7 54 18  0  0
22 12   4864 62918488 3013712 111365064    0    0 934752 652780 192268 754821 21  7 54 18  0  0
27 13   4864 62919064 3013712 111365072    0    0 928576 646840 192982 756635 21  7 54 18  0  0
20 15   4864 62921340 3013712 111365084    0    0 929472 650616 192327 754521 21  7 54 18  0  0
27 18   4864 62922936 3013712 111365092    0    0 929184 656088 193167 757791 21  7 54 18  0  0
18 16   4864 62922240 3013712 111365104    0    0 932640 641916 190449 748096 21  7 54 18  0  0
23 16   4864 62922940 3013712 111365112    0    0 926624 646548 188992 741970 21  7 54 18  0  0
23 14   4864 62920900 3013712 111365120    0    0 892320 622512 183081 722015 20  7 54 19  0  0
27 11   4864 62922960 3013712 111365132    0    0 893632 624872 181904 719832 20  7 54 19  0  0
procs -----------memory---------- ---swap-- -----io---- -system-- -------cpu-------
 r  b   swpd   free   buff  cache   si   so    bi    bo   in   cs us sy id wa st gu
26 12   4864 62920388 3013712 111365140    0    0 936896 645904 191534 754506 21  7 54 18  0  0
21 13   4864 62921624 3013712 111365152    0    0 932016 646040 190309 748546 21  7 54 18  0  0
20 16   4864 62920616 3013712 111365160    0    0 931920 651948 191089 747164 21  7 54 18  0  0
21 18   4864 62925156 3013712 111365168    0    0 939904 648344 193434 758956 21  7 54 18  0  0
24 12   4864 62925228 3013712 111365184    0    0 932048 649156 192757 753776 21  7 54 18  0  0
28 10   4864 62926512 3013712 111365192    0    0 934832 653192 191175 756022 21  7 54 18  0  0
21 17   4864 62928480 3013712 111365196    0    0 924896 655156 188827 749841 21  7 54 18  0  0
26 11   4864 62924756 3013712 111365212    0    0 923104 633872 188471 746065 21  7 54 18  0  0
22 14   4864 62924964 3013712 111365220    0    0 928464 647904 191931 751416 21  7 54 18  0  0
33 17   4864 62920780 3013712 111365236    0    0 933632 649792 192703 758899 21  7 54 18  0  0
19 21   4864 62925584 3013712 111365244    0    0 933088 649804 189873 754606 21  7 54 18  0  0
26 11   4864 62922580 3013712 111365256    0    0 935488 645096 191907 755237 21  7 54 18  0  0
24 11   4864 62922456 3013712 111365268    0    0 931552 667492 189582 759937 21  7 54 18  0  0
20 18   4864 62925224 3013712 111365276    0    0 936656 650912 187823 754209 21  7 54 18  0  0
21 14   4864 62920672 3013712 111365288    0    0 928384 661188 188448 762088 21  7 54 18  0  0
28 12   4864 62916768 3013712 111365296    0    0 889984 618032 180475 724399 20  6 54 19  0  0
27  9   4864 62919244 3013712 111365304    0    0 895360 631028 181959 733738 20  6 54 19  0  0
23 13   4864 62916244 3013712 111365316    0    0 931984 653404 189659 754180 21  7 54 18  0  0
22 14   4864 62917928 3013712 111365324    0    0 937760 636612 188853 756899 21  7 54 18  0  0
20 17   4864 62919728 3013712 111365332    0    0 926400 652096 189885 750061 21  7 54 18  0  0
24 14   4864 62919700 3013712 111365348    0    0 934944 658468 189591 748323 21  7 54 18  0  0
procs -----------memory---------- ---swap-- -----io---- -system-- -------cpu-------
 r  b   swpd   free   buff  cache   si   so    bi    bo   in   cs us sy id wa st gu
23 13   4864 62918416 3013712 111365356    0    0 927584 640196 188182 745480 21  7 54 18  0  0
24 11   4864 62918004 3013712 111365368    0    0 928256 641668 187658 746976 21  7 54 18  0  0
16 19   4864 62918432 3013712 111365380    0    0 921280 658352 188500 745045 21  7 54 18  0  0
24 15   4864 62921692 3013712 111365380    0    0 926480 636296 190344 747112 21  7 54 18  0  0
15 22   4864 62923692 3013712 111365404    0    0 926704 646468 192554 751903 21  7 54 18  0  0
19 19   4864 62923820 3013712 111365412    0    0 929040 653880 189682 747752 21  7 54 18  0  0
27 16   4864 62915196 3013712 111365424    0    0 932512 654088 191150 748371 21  7 54 18  0  0
23 15   4864 62924040 3013712 111365496    0    0 934640 645068 191463 753146 21  7 54 18  0  0
25 11   4864 62922540 3013712 111365508    0    0 935712 646080 190614 751618 21  7 54 18  0  0
24  9   4864 62925480 3013712 111365520    0    0 926256 651848 189790 746181 21  7 54 18  0  0
26 17   4864 62926176 3013712 111365524    0    0 926112 651696 187911 738075 21  7 54 18  0  0
25 11   4864 62926800 3013712 111365536    0    0 874208 599448 175415 702263 20  6 54 19  0  0
25 12   4864 62924880 3013712 111365548    0    0 909088 625852 182102 731631 21  7 54 19  0  0
26  8   4864 62922988 3013712 111365556    0    0 933136 647416 188615 744321 21  7 54 18  0  0
27 11   4864 62922520 3013712 111365564    0    0 935984 647536 189511 754875 21  7 54 18  0  0
24 11   4864 62922452 3013712 111365580    0    0 929856 659328 189813 751032 21  7 54 18  0  0
20 15   4864 62924948 3013712 111365588    0    0 924240 643620 187739 746800 21  7 54 18  0  0
26  9   4864 62925696 3013712 111365604    0    0 930400 650040 190453 749243 21  7 54 18  0  0
23 12   4864 62923152 3013712 111365612    0    0 922368 643356 188175 745015 21  7 54 18  0  0
20 14   4864 62923144 3013712 111365624    0    0 919504 635456 186344 737446 21  7 54 18  0  0
26  9   4864 62924656 3013712 111365636    0    0 930336 658060 189879 750848 21  7 54 18  0  0
procs -----------memory---------- ---swap-- -----io---- -system-- -------cpu-------
 r  b   swpd   free   buff  cache   si   so    bi    bo   in   cs us sy id wa st gu
25 13   4864 62924336 3013712 111365644    0    0 933216 636488 188620 749752 21  7 54 18  0  0
21 14   4864 62924180 3013712 111365652    0    0 932608 657216 189481 750636 21  7 54 18  0  0
25 11   4864 62923212 3013712 111365668    0    0 936976 638696 186895 750543 21  7 54 18  0  0
22 15   4864 62923096 3013712 111365680    0    0 933856 653380 189054 755908 21  7 54 18  0  0
25 12   4864 62923232 3013712 111365688    0    0 932096 655708 188813 746609 21  7 54 18  0  0
22 14   4864 62920740 3013712 111365700    0    0 928352 642792 187998 747491 21  7 54 18  0  0
20 15   4864 62920576 3013712 111365708    0    0 929104 651840 189943 748890 21  7 54 18  0  0
20 17   4864 62921404 3013712 111365720    0    0 896256 627332 183913 721676 20  7 54 19  0  0
22 15   4864 62922948 3013712 111365728    0    0 902640 622556 184712 726181 21  7 54 19  0  0
16 22   4864 62928232 3013712 111365736    0    0 907280 649516 187632 726830 21  7 54 19  0  0
24 12   4864 62926436 3013712 111365748    0    0 920272 640368 189911 746220 21  7 54 18  0  0
18 18   4864 62927420 3013712 111365756    0    0 929376 645868 191505 758664 21  7 54 18  0  0
23 14   4864 62927864 3013712 111365768    0    0 926720 650664 191034 749886 21  7 54 18  0  0
25  9   4864 62929296 3013712 111365776    0    0 933536 629472 188111 745526 21  7 54 18  0  0
25 11   4864 62927476 3013712 111365788    0    0 917488 647748 189104 744335 21  7 54 18  0  0
20 19   4864 62926324 3013712 111365800    0    0 921376 641516 188525 739383 21  7 54 18  0  0
23 15   4864 62928216 3013712 111365808    0    0 921664 634584 187093 741844 21  7 54 18  0  0
27  8   4864 62927912 3013712 111365816    0    0 922720 642960 188590 744686 21  7 54 18  0  0
21 19   4864 62927232 3013712 111365828    0    0 916320 635988 188045 738570 21  7 54 18  0  0
23 15   4864 62923464 3013712 111365840    0    0 916288 631500 189212 744286 21  7 54 18  0  0
28 14   4864 62928544 3013712 111365844    0    0 921648 649728 189697 749573 21  7 54 18  0  0
procs -----------memory---------- ---swap-- -----io---- -system-- -------cpu-------
 r  b   swpd   free   buff  cache   si   so    bi    bo   in   cs us sy id wa st gu
31 16   4864 62926696 3013712 111365864    0    0 923456 642688 189570 750630 21  7 54 18  0  0
21 13   4864 62927420 3013712 111365872    0    0 914256 636856 188025 743066 21  7 54 18  0  0
19 15   4864 62928288 3013712 111365880    0    0 882464 609668 178744 712135 20  6 54 19  0  0
25 10   4864 62927140 3013712 111365888    0    0 888352 605624 178485 710794 20  6 54 19  0  0
24 14   4864 62927268 3013712 111365900    0    0 913040 643036 185649 738532 21  7 54 18  0  0
19 21   4864 62928736 3013712 111365916    0    0 922256 629672 185085 734780 21  7 54 18  0  0
43 16   4864 62926904 3013712 111365924    0    0 921616 634212 185686 735346 21  7 54 19  0  0
24 12   4864 62924432 3013712 111365932    0    0 914400 635596 188211 735431 21  7 54 18  0  0
27 10   4864 62924396 3013712 111365944    0    0 919232 636344 187235 740852 21  7 54 18  0  0
26  8   4864 62924100 3013712 111365956    0    0 915312 649432 188547 737490 21  7 54 19  0  0
24 12   4864 62922204 3013712 111365968    0    0 919088 637848 188202 746034 21  7 54 19  0  0
13 22   4864 62921956 3013712 111365976    0    0 917136 643280 188285 744317 21  7 54 18  0  0
22 12   4864 62922168 3013712 111365984    0    0 916944 623516 188475 745130 21  7 54 18  0  0
25 10   4864 62919512 3013712 111366004    0    0 920832 653008 190993 741066 21  7 54 18  0  0
23 13   4864 62925084 3013712 111366012    0    0 919520 652624 190631 745672 21  7 54 18  0  0
26 15   4864 62921288 3013712 111366024    0    0 924192 638920 188729 743580 21  7 54 18  0  0
30 14   4864 62926368 3013712 111366032    0    0 923440 651900 189090 745096 21  7 54 18  0  0
26 12   4864 62922336 3013712 111366040    0    0 916672 622460 187558 746127 21  7 54 18  0  0
28 13   4864 62927616 3013712 111366052    0    0 920064 653296 189649 744721 21  7 54 18  0  0
21 19   4864 62923924 3013712 111366064    0    0 880544 597452 176955 701829 20  6 54 19  0  0
24 11   4864 62923356 3013712 111366072    0    0 856256 592768 172712 691553 20  6 54 20  0  0
procs -----------memory---------- ---swap-- -----io---- -system-- -------cpu-------
 r  b   swpd   free   buff  cache   si   so    bi    bo   in   cs us sy id wa st gu
15 23   4864 62926516 3013712 111366080    0    0 916464 637484 186292 742551 21  7 54 18  0  0
19 16   4864 62927172 3013712 111366088    0    0 921136 644792 186005 738058 21  7 54 18  0  0
22 12   4864 62927256 3013712 111366100    0    0 914624 634420 184739 734696 21  7 54 18  0  0
24 12   4864 62928188 3013712 111366112    0    0 918400 640000 185736 735863 21  7 54 18  0  0
27 11   4864 62928652 3013712 111366192    0    0 916112 634208 185024 735037 21  7 54 18  0  0
25 11   4864 62930220 3013712 111366204    0    0 904752 620592 181853 731039 20  7 54 19  0  0
27 10   4864 62930316 3013712 111366212    0    0 917024 632336 185326 738197 21  7 54 18  0  0
18 21   4864 62928328 3013712 111366220    0    0 915984 643700 186301 741350 21  7 54 18  0  0
23 13   4864 62927124 3013712 111366236    0    0 920704 642668 186678 739923 21  7 54 18  0  0
13 24   4864 62929672 3013712 111366244    0    0 925600 633448 188289 750720 21  7 54 18  0  0
24 15   4864 62930840 3013712 111366256    0    0 918576 651048 187996 740679 21  7 54 18  0  0
18 17   4864 62934036 3013712 111366264    0    0 924080 635312 187265 743036 21  7 54 18  0  0
26 12   4864 62929844 3013712 111366264    0    0 917584 626360 185770 744700 21  7 54 18  0  0
18 17   4864 62930232 3013712 111366288    0    0 919504 649584 185846 741359 21  7 54 18  0  0
24 12   4864 62927972 3013712 111366296    0    0 920448 633332 184809 738333 21  7 54 18  0  0
13 22   4864 62931060 3013712 111366304    0    0 909136 633888 184149 735675 21  7 54 19  0  0
21 13   4864 62929960 3013712 111366316    0    0 903264 605880 179272 725456 20  6 54 19  0  0
23 12   4864 62933780 3013712 111366328    0    0 902960 621532 181634 724824 20  7 54 19  0  0
20 15   4864 62932172 3013712 111366336    0    0 897696 637972 182991 725399 21  7 54 19  0  0
29  5   4864 62929588 3013712 111366348    0    0 909056 626736 184371 735643 21  7 54 19  0  0
