procs -----------memory---------- ---swap-- -----io---- -system-- -------cpu-------
 r  b   swpd   free   buff  cache   si   so    bi    bo   in   cs us sy id wa st gu
 6  0   4864 62956672 3013740 111387660    0    0  4007  3721 1457    0  0  0 100  0  0  0
66  0   4864 62923472 3013740 111387696    0    0     0 248036 79380 32655 79  1 20  0  0  0
63  0   4864 62906036 3013740 111387700    0    0     0 371524 95760 41214 76  1 23  0  0  0
44 31   4864 62810056 3013740 111387712    0    0 84512 331964 127407 131527 43  2 54  2  0  0
22 48   4864 62777120 3013740 111387720    0    0 1389024 788832 284326 1078842 42 12 22 24  0  0
22 46   4864 62780948 3013740 111387732    0    0 1438432 678308 273565 1120924 42 12 21 24  0  0
22 48   4864 62750780 3013740 111387744    0    0 1436768 716344 286953 1111523 42 12 21 24  0  0
18 53   4864 62779536 3013740 111387752    0    0 1441344 737212 274198 1117319 42 12 21 24  0  0
43 28   4864 62783240 3013740 111387772    0    0 1439248 758924 278196 1118637 42 12 21 24  0  0
42 38   4864 62788624 3013740 111387772    0    0 1441664 764216 273507 1110173 42 12 21 24  0  0
29 41   4864 62793952 3013740 111387788    0    0 1442704 751584 273951 1110236 42 12 21 25  0  0
25 50   4864 62796260 3013740 111387804    0    0 1431520 784420 274144 1106720 42 12 21 25  0  0
23 41   4864 62800028 3013740 111387880    0    0 1435456 785836 274520 1109505 42 12 21 25  0  0
33 34   4864 62801296 3013740 111387888    0    0 1355696 729060 248647 1012566 38 11 22 29  0  0
35 36   4864 62803428 3013740 111387900    0    0 1426560 820580 274852 1094195 42 12 21 25  0  0
29 36   4864 62806044 3013740 111387912    0    0 1417520 829360 274190 1097125 41 12 21 25  0  0
17 56   4864 62805608 3013740 111387912    0    0 1370480 790792 261378 1043774 39 11 22 27  0  0
25 48   4864 62807660 3013740 111387932    0    0 1344288 782568 255023 1027238 39 11 22 28  0  0
 9 48   4864 62806928 3013740 111387940    0    0 1390224 836380 269214 1062694 40 12 22 27  0  0
26 45   4864 62802692 3013740 111387952    0    0 1414720 842228 274735 1086461 41 12 21 25  0  0
22 47   4864 62799708 3013740 111387964    0    0 1418688 856448 274875 1086330 41 12 21 25  0  0
procs -----------memory---------- ---swap-- -----io---- -system-- -------cpu-------
 r  b   swpd   free   buff  cache   si   so    bi    bo   in   cs us sy id wa st gu
26 45   4864 62802908 3013740 111387972    0    0 1425152 852584 275252 1088533 41 12 21 25  0  0
34 36   4864 62798940 3013740 111387984    0    0 1424192 848440 274920 1088762 41 12 21 26  0  0
59 24   4864 62797856 3013740 111387992    0    0 1408704 872136 275430 1078933 41 12 21 26  0  0
31 39   4864 62800180 3013740 111388004    0    0 1409072 872812 272678 1079108 41 12 21 26  0  0
36 36   4864 62799380 3013740 111388008    0    0 1374624 886548 269280 1055291 40 12 21 27  0  0
49 27   4864 62795716 3013740 111388024    0    0 1330352 826216 254370 1010773 38 11 22 29  0  0
27 41   4864 62792912 3013740 111388028    0    0 1409424 893832 276236 1081372 41 12 21 26  0  0
23 51   4864 62795832 3013740 111388036    0    0 1349264 861192 259479 1025230 38 11 22 28  0  0
40 30   4864 62795252 3013740 111388052    0    0 1337280 843312 257191 1009520 38 11 22 29  0  0
47 27   4864 62796568 3013740 111388068    0    0 1393664 877856 270823 1066831 40 12 22 27  0  0
38 35   4864 62797636 3013740 111388076    0    0 1407344 888728 274688 1082366 40 12 21 26  0  0
39 33   4864 62796888 3013740 111388084    0    0 1412960 898188 276957 1081183 41 12 21 26  0  0
40 35   4864 62798256 3013740 111388100    0    0 1417488 902208 275882 1080807 41 12 21 26  0  0
31 39   4864 62795524 3013740 111388108    0    0 1410416 885272 276374 1079305 41 12 21 26  0  0
34 43   4864 62798656 3013740 111388120    0    0 1403104 895432 276025 1073482 41 12 21 26  0  0
42 30   4864 62796552 3013740 111388128    0    0 1417952 898136 275224 1079761 40 12 21 26  0  0
36 36   4864 62798956 3013740 111388128    0    0 1347888 849468 260140 1033573 39 11 22 28  0  0
32 38   4864 62796548 3013740 111388148    0    0 1360320 866216 263231 1036473 39 12 22 28  0  0
32 38   4864 62798256 3013740 111388160    0    0 1410880 902412 275543 1077008 41 12 21 26  0  0
26 45   4864 62795840 3013740 111388172    0    0 1302144 812376 244842 973747 36 11 23 31  0  0
35 37   4864 62794084 3013740 111388184    0    0 1382976 883580 271980 1068679 40 12 21 26  0  0
procs -----------memory---------- ---swap-- -----io---- -system-- -------cpu-------
 r  b   swpd   free   buff  cache   si   so    bi    bo   in   cs us sy id wa st gu
26 45   4864 62798080 3013740 111388192    0    0 1393280 886096 275137 1068556 41 12 21 26  0  0
47 22   4864 62798024 3013740 111388204    0    0 1417264 896524 274670 1077249 40 12 21 26  0  0
44 30   4864 62800328 3013740 111388204    0    0 1416608 902852 275087 1081385 41 12 21 26  0  0
51 21   4864 62801148 3013740 111388212    0    0 1415440 906968 277163 1079723 41 12 21 26  0  0
45 24   4864 62802464 3013740 111388236    0    0 1410000 897664 275052 1077823 41 12 21 26  0  0
52 18   4864 62801280 3013740 111388248    0    0 1413376 898564 276344 1076711 41 12 21 26  0  0
41 34   4864 62803704 3013740 111388260    0    0 1414576 901396 276636 1080889 41 12 21 26  0  0
26 46   4864 62803816 3013740 111388268    0    0 1321024 829612 249960 996071 37 11 22 30  0  0
34 38   4864 62804488 3013740 111388268    0    0 1414912 910176 277598 1082323 41 12 21 26  0  0
50 14   4864 62804672 3013740 111388292    0    0 1370432 856588 264382 1045734 39 11 22 28  0  0
40 29   4864 62802084 3013740 111388300    0    0 1310656 849888 254855 997212 38 11 23 29  0  0
46 19   4864 62803136 3013740 111388308    0    0 1384528 880928 270928 1060347 40 12 22 26  0  0
34 34   4864 62801484 3013740 111388316    0    0 1410848 907048 274927 1069559 41 12 21 26  0  0
43 25   4864 62800468 3013740 111388324    0    0 1414336 900144 277968 1076752 41 12 21 26  0  0
37 36   4864 62802680 3013740 111388340    0    0 1409600 916328 276455 1074013 41 12 21 26  0  0
38 33   4864 62802932 3013740 111388352    0    0 1393728 890064 277882 1064234 42 13 21 25  0  0
36 34   4864 62800144 3013740 111388360    0    0 1390240 888948 273373 1062814 41 12 21 26  0  0
43 30   4864 62800356 3013740 111388372    0    0 1392608 905636 276507 1069966 42 12 21 25  0  0
45 25   4864 62800464 3013740 111388380    0    0 1358304 852924 261541 1023953 39 12 22 28  0  0
50 20   4864 62801844 3013740 111388392    0    0 1344048 860580 263300 1023230 40 12 21 27  0  0
44 23   4864 62803580 3013740 111388404    0    0 1396000 891644 276754 1071061 42 13 21 25  0  0
procs -----------memory---------- ---swap-- -----io---- -system-- -------cpu-------
 r  b   swpd   free   buff  cache   si   so    bi    bo   in   cs us sy id wa st gu
41 29   4864 62802548 3013740 111388412    0    0 1284592 820296 245109 972055 36 11 22 30  0  0
48 22   4864 62803032 3013740 111388424    0    0 1352752 879500 269542 1056613 40 12 21 26  0  0
50 16   4864 62804992 3013740 111388436    0    0 1394336 880052 273548 1060880 41 12 21 25  0  0
47 26   4864 62804488 3013740 111388448    0    0 1382192 893544 273799 1063161 41 12 21 25  0  0
31 41   4864 62802264 3013740 111388460    0    0 1388320 898648 276571 1070464 42 12 21 25  0  0
52 13   4864 62801888 3013740 111388468    0    0 1395280 892348 276519 1064031 41 13 21 25  0  0
32 35   4864 62802444 3013740 111388480    0    0 1386000 890604 276600 1059279 42 12 20 25  0  0
45 20   4864 62800880 3013740 111388484    0    0 1382320 885644 275919 1066330 42 12 21 25  0  0
33 37   4864 62796844 3013740 111388496    0    0 1392992 887256 276339 1070050 42 13 21 25  0  0
37 32   4864 62800052 3013740 111388576    0    0 1318096 837876 252742 997973 38 11 22 29  0  0
50 23   4864 62797312 3013740 111388584    0    0 1389664 886228 274928 1069308 42 12 21 25  0  0
41 29   4864 62801144 3013740 111388592    0    0 1359008 868780 265804 1032459 39 12 21 27  0  0
34 37   4864 62798008 3013740 111388604    0    0 1307776 835100 251838 986397 37 11 23 30  0  0
67  4   4864 62801540 3013740 111388612    0    0 1367840 861452 269761 1050399 41 12 21 26  0  0
48 24   4864 62803900 3013740 111388624    0    0 1383680 878968 275687 1063559 41 12 21 25  0  0
46 24   4864 62804600 3013740 111388640    0    0 1385008 888708 276714 1069596 41 13 21 25  0  0
42 29   4864 62806000 3013740 111388648    0    0 1395808 890540 277400 1066397 42 12 21 25  0  0
51 16   4864 62808976 3013740 111388660    0    0 1388336 883428 275885 1068618 42 12 21 25  0  0
31 40   4864 62808392 3013740 111388668    0    0 1386624 882672 274811 1058585 41 12 21 26  0  0
43 29   4864 62809556 3013740 111388680    0    0 1394944 888968 277507 1068319 42 13 21 25  0  0
26 44   4864 62807692 3013740 111388692    0    0 1363664 870780 265622 1032065 40 12 21 27  0  0
procs -----------memory---------- ---swap-- -----io---- -system-- -------cpu-------
 r  b   swpd   free   buff  cache   si   so    bi    bo   in   cs us sy id wa st gu
35 22   4864 62809492 3013740 111388700    0    0 1326656 839380 258044 1009841 39 12 22 28  0  0
44 25   4864 62806820 3013740 111388712    0    0 1387648 892856 276797 1064978 42 12 21 25  0  0
51 20   4864 62808236 3013740 111388720    0    0 1280048 799400 245184 963828 36 11 22 30  0  0
54 19   4864 62807356 3013740 111388728    0    0 1362720 867040 270761 1044500 40 12 21 26  0  0
53 21   4864 62804160 3013740 111388736    0    0 1382000 887324 275211 1057223 41 12 21 26  0  0
34 39   4864 62807268 3013740 111388748    0    0 1381552 888096 276683 1061814 41 13 21 25  0  0
45 33   4864 62804784 3013740 111388756    0    0 1391728 881864 275727 1055102 41 13 21 25  0  0
32 40   4864 62804416 3013740 111388768    0    0 1389712 889564 277795 1064959 41 13 21 25  0  0
32 41   4864 62798568 3013740 111388780    0    0 1384176 879156 274877 1061116 41 13 21 26  0  0
42 29   4864 62796120 3013740 111388788    0    0 1379168 886356 273605 1058683 41 12 21 26  0  0
49 26   4864 62796736 3013740 111388800    0    0 1393840 892744 278251 1060261 42 12 20 25  0  0
21 48   4864 62794808 3013740 111388812    0    0 1320496 834224 256245 1008699 38 11 22 28  0  0
32 39   4864 62797896 3013740 111388824    0    0 1366016 866652 269475 1045133 40 12 21 26  0  0
41 26   4864 62797268 3013740 111388844    0    0 1323440 837960 256430 1001280 38 11 22 29  0  0
34 39   4864 62798400 3013740 111388852    0    0 1338752 864620 262916 1022391 39 12 22 28  0  0
46 20   4864 62798644 3013740 111388864    0    0 1358496 872640 269793 1042623 40 12 22 27  0  0
42 29   4864 62797384 3013740 111388872    0    0 1376480 890592 277591 1064324 42 12 21 25  0  0
44 25   4864 62798256 3013740 111388884    0    0 1385680 883704 277332 1062770 42 12 21 25  0  0
53 15   4864 62796216 3013740 111388892    0    0 1382256 882332 277875 1065649 42 13 21 25  0  0
34 35   4864 62797860 3013740 111388904    0    0 1393152 886276 278519 1065438 42 13 21 25  0  0
33 40   4864 62800544 3013740 111388912    0    0 1375936 881132 274442 1058475 41 12 21 26  0  0
procs -----------memory---------- ---swap-- -----io---- -system-- -------cpu-------
 r  b   swpd   free   buff  cache   si   so    bi    bo   in   cs us sy id wa st gu
62 25   4864 62800440 3013740 111388920    0    0 1384304 885352 276802 1069107 42 13 21 25  0  0
52 18   4864 62804112 3013740 111388928    0    0 1390304 883600 275718 1062873 41 13 21 25  0  0
30 41   4864 62805784 3013740 111388944    0    0 1292144 822964 248884 981761 37 11 22 30  0  0
34 36   4864 62804584 3013740 111388952    0    0 1384592 878876 276346 1067844 41 12 21 25  0  0
43 30   4864 62804148 3013740 111388964    0    0 1274544 793428 244847 968176 36 11 23 31  0  0
34 36   4864 62804252 3013740 111388972    0    0 1365840 872972 271480 1048721 40 12 21 26  0  0
64 20   4864 62803944 3013740 111388972    0    0 1380672 878980 275942 1058470 41 13 21 25  0  0
49 27   4864 62803552 3013740 111388992    0    0 1384976 886804 276235 1060779 42 12 21 25  0  0
41 29   4864 62804268 3013740 111389004    0    0 1388544 897020 276147 1066370 42 13 21 25  0  0
50 22   4864 62801788 3013740 111389016    0    0 1390640 887604 279092 1071303 42 13 21 25  0  0
30 44   4864 62800644 3013740 111389024    0    0 1381888 878532 273886 1065005 41 12 21 25  0  0
42 24   4864 62801284 3013740 111389036    0    0 1382192 875072 275520 1061303 42 12 21 25  0  0
45 23   4864 62800200 3013740 111389048    0    0 1386976 886904 275735 1073727 42 12 21 25  0  0
38 32   4864 62800108 3013740 111389060    0    0 1384224 886780 272778 1051145 41 12 21 26  0  0
34 34   4864 62804360 3013740 111389068    0    0 1308144 830340 252937 991836 38 11 22 30  0  0
50 19   4864 62804176 3013740 111389080    0    0 1332848 838408 261056 1017790 39 12 22 28  0  0
44 28   4864 62804040 3013740 111389088    0    0 1329040 850204 259110 1017568 39 11 22 28  0  0
40 33   4864 62801836 3013740 111389092    0    0 1357984 876832 271093 1044861 40 12 21 26  0  0
44 22   4864 62801432 3013740 111389104    0    0 1382560 884200 275895 1067563 41 12 21 26  0  0
46 27   4864 62802104 3013740 111389116    0    0 1378112 891236 276335 1073067 42 12 21 25  0  0
38 32   4864 62801364 3013740 111389128    0    0 1391120 893804 277442 1070048 42 12 21 25  0  0
procs -----------memory---------- ---swap-- -----io---- -system-- -------cpu-------
 r  b   swpd   free   buff  cache   si   so    bi    bo   in   cs us sy id wa st gu
33 36   4864 62801908 3013740 111389136    0    0 1393856 891292 275276 1064756 41 12 21 25  0  0
46 23   4864 62801828 3013740 111389144    0    0 1374912 882800 273596 1053185 41 12 21 26  0  0
39 32   4864 62803628 3013740 111389164    0    0 1385824 889544 277635 1065743 42 12 21 25  0  0
33 33   4864 62800124 3013740 111389172    0    0 1319728 840580 255659 999512 38 11 22 29  0  0
27 45   4864 62796456 3013740 111389184    0    0 1269280 796384 241985 961469 36 10 23 31  0  0
36 34   4864 62799992 3013740 111389192    0    0 1267392 797364 240650 959999 36 10 23 31  0  0
48 35   4864 62796408 3013740 111389288    0    0 1199376 738440 220747 891904 33 10 23 34  0  0
39 35   4864 62795716 3013740 111389300    0    0 1237024 788872 233755 921670 34 10 23 32  0  0
17 54   4864 62799556 3013740 111389316    0    0 1232400 784712 235605 932173 34 10 23 32  0  0
54 15   4864 62801992 3013740 111389324    0    0 1257872 796464 239115 942206 35 10 23 31  0  0
44 31   4864 62802656 3013740 111389336    0    0 1264832 805984 240745 949550 35 11 23 31  0  0
29 42   4864 62801568 3013740 111389344    0    0 1274432 808892 241158 951853 36 11 23 31  0  0
42 25   4864 62799888 3013740 111389356    0    0 1289328 823892 250288 978941 37 11 22 30  0  0
33 36   4864 62802052 3013740 111389364    0    0 1290368 833604 254595 993063 37 11 23 29  0  0
58 15   4864 62799536 3013740 111389372    0    0 1297584 828076 255040 992412 38 11 22 29  0  0
29 40   4864 62799680 3013740 111389384    0    0 1384656 879240 275885 1056033 42 13 21 25  0  0
40 28   4864 62797824 3013740 111389392    0    0 1394960 888616 277106 1068212 42 13 21 25  0  0
42 33   4864 62799340 3013740 111389404    0    0 1389744 881516 279931 1065694 43 12 20 25  0  0
42 25   4864 62797792 3013740 111389416    0    0 1298112 816440 249718 986877 37 11 22 30  0  0
57 28   4864 62801484 3013740 111389424    0    0 1349824 866516 268616 1044078 40 12 21 27  0  0
43 28   4864 62802460 3013740 111389440    0    0 1364272 866624 270071 1049565 40 12 21 26  0  0
procs -----------memory---------- ---swap-- -----io---- -system-- -------cpu-------
 r  b   swpd   free   buff  cache   si   so    bi    bo   in   cs us sy id wa st gu
42 27   4864 62802480 3013740 111389448    0    0 1388256 881392 275597 1064527 41 12 21 25  0  0
36 40   4864 62802736 3013740 111389456    0    0 1380896 888236 278620 1068255 42 12 21 25  0  0
34 40   4864 62804572 3013740 111389468    0    0 1389680 890892 278538 1069743 42 13 21 25  0  0
40 34   4864 62801708 3013740 111389480    0    0 1387648 877468 277936 1066189 42 12 21 25  0  0
38 30   4864 62803052 3013740 111389488    0    0 1376768 889216 276237 1061444 41 12 21 26  0  0
33 35   4864 62799128 3013740 111389500    0    0 1388240 888016 277314 1070132 42 12 21 25  0  0
51 18   4864 62799144 3013740 111389508    0    0 1390576 883440 277552 1067310 42 13 21 25  0  0
43 27   4864 62799004 3013740 111389524    0    0 1395600 887612 277849 1072876 42 13 21 25  0  0
45  8   4864 62801608 3013740 111389536    0    0 1361536 851992 269366 1046218 41 12 21 26  0  0
37 32   4864 62800300 3013740 111389540    0    0 1309680 835396 253044 994040 38 11 22 29  0  0
39 31   4864 62803916 3013740 111389552    0    0 1361248 874236 270629 1051472 40 12 21 27  0  0
30 41   4864 62800332 3013740 111389560    0    0 1372512 871552 272738 1066884 41 12 21 26  0  0
42 38   4864 62797280 3013740 111389572    0    0 1385424 895084 275498 1064961 41 12 21 26  0  0
48 22   4864 62797308 3013740 111389588    0    0 1391728 889368 278806 1072703 42 13 21 25  0  0
45 24   4864 62798120 3013740 111389596    0    0 1395792 895828 277437 1070331 42 12 21 25  0  0
37 36   4864 62796004 3013740 111389608    0    0 1383648 886548 275605 1062250 41 13 21 25  0  0
46 37   4864 62801616 3013740 111389616    0    0 1380448 888712 275008 1062349 41 12 21 25  0  0
37 34   4864 62802456 3013744 111389628    0    0 1397504 887736 277909 1061304 42 12 21 25  0  0
50 22   4864 62802300 3013744 111389640    0    0 1392320 893840 279311 1063880 42 13 20 25  0  0
37 34   4864 62804892 3013744 111389648    0    0 1387568 894796 275312 1064915 42 12 21 25  0  0
23 49   4864 62802812 3013744 111389656    0    0 1291584 826364 250787 983494 37 11 22 30  0  0
procs -----------memory---------- ---swap-- -----io---- -system-- -------cpu-------
 r  b   swpd   free   buff  cache   si   so    bi    bo   in   cs us sy id wa st gu
44 29   4864 62802924 3013744 111389668    0    0 1364192 860988 269583 1044539 40 12 21 27  0  0
32 39   4864 62804708 3013744 111389680    0    0 1364688 878072 271261 1059326 41 12 21 26  0  0
41 29   4864 62802904 3013744 111389692    0    0 1385264 891020 275585 1060787 41 13 21 25  0  0
62 14   4864 62803896 3013744 111389700    0    0 1397440 892668 277590 1062636 42 12 21 25  0  0
52 29   4864 62801944 3013744 111389712    0    0 1395328 889788 278568 1071210 42 13 21 25  0  0
44 26   4864 62803996 3013744 111389724    0    0 1392928 885372 277007 1068707 42 12 21 25  0  0
39 33   4864 62801120 3013744 111389732    0    0 1385856 881324 275233 1061981 41 12 21 25  0  0
40 31   4864 62801648 3013744 111389744    0    0 1395888 891412 275725 1060330 41 12 21 25  0  0
36 35   4864 62803104 3013744 111389752    0    0 1395840 888344 276974 1071316 42 12 21 25  0  0
35 34   4864 62801796 3013744 111389760    0    0 1395920 888876 278113 1065521 42 13 20 25  0  0
35 38   4864 62794680 3013744 111389768    0    0 1303376 826348 253220 994009 37 11 22 29  0  0
29 40   4864 62800584 3013744 111389784    0    0 1357536 867340 268737 1045202 40 12 21 27  0  0
43 27   4864 62801324 3013744 111389792    0    0 1369696 869000 273189 1055134 41 12 21 26  0  0
43 28   4864 62801372 3013744 111389804    0    0 1370256 887056 273372 1046434 41 12 21 26  0  0
37 33   4864 62801080 3013744 111389812    0    0 1388960 904104 277281 1054882 42 12 21 26  0  0
43 30   4864 62798308 3013744 111389820    0    0 1399248 889292 277403 1061811 42 12 21 25  0  0
50 19   4864 62799660 3013744 111389832    0    0 1389264 887128 276859 1065035 42 12 21 25  0  0
41 29   4864 62801736 3013744 111389844    0    0 1377584 890988 276500 1057698 41 12 21 25  0  0
34 36   4864 62803780 3013744 111389856    0    0 1382752 884036 275883 1062786 42 13 21 25  0  0
37 31   4864 62804720 3013744 111389864    0    0 1387856 898948 279266 1067634 42 12 21 25  0  0
40 29   4864 62805492 3013744 111389872    0    0 1391280 900160 278530 1064956 42 13 21 25  0  0
procs -----------memory---------- ---swap-- -----io---- -system-- -------cpu-------
 r  b   swpd   free   buff  cache   si   so    bi    bo   in   cs us sy id wa st gu
34 32   4864 62803288 3013744 111389884    0    0 1362256 875036 266939 1037630 40 12 21 27  0  0
36 33   4864 62802984 3013744 111389896    0    0 1329984 854224 257497 1013769 38 12 22 28  0  0
36 38   4864 62796840 3013744 111389904    0    0 1366832 883456 272328 1047310 40 13 21 26  0  0
54 20   4864 62792800 3013744 111389980    0    0 1372752 872960 274215 1050763 41 12 21 26  0  0
33 37   4864 62792660 3013744 111389992    0    0 1390432 897500 274683 1057543 41 12 21 25  0  0
39 33   4864 62798292 3013744 111390000    0    0 1392048 891908 276466 1069223 41 12 21 25  0  0
48 23   4864 62798980 3013744 111390016    0    0 1389280 897360 278459 1058851 41 13 21 25  0  0
32 37   4864 62800276 3013744 111390028    0    0 1381024 895348 276808 1056198 42 12 21 25  0  0
39 26   4864 62796444 3013744 111390040    0    0 1382672 875880 276419 1071786 42 12 21 25  0  0
50 35   4864 62798324 3013744 111390048    0    0 1381840 888908 277211 1056154 42 12 21 25  0  0
54 18   4864 62798400 3013744 111390056    0    0 1386144 889744 276708 1063284 42 13 21 25  0  0
51 18   4864 62796732 3013748 111390072    0    0 1363792 869388 271129 1041079 40 12 21 26  0  0
45 25   4864 62801288 3013748 111390080    0    0 1310704 839312 254265 992343 38 11 22 29  0  0
51 16   4864 62799920 3013748 111390092    0    0 1372480 879608 273789 1055199 41 12 21 26  0  0
45 25   4864 62800304 3013748 111390100    0    0 1382016 881608 276371 1059596 41 13 21 25  0  0
41 31   4864 62798144 3013748 111390108    0    0 1363792 883264 273298 1049360 41 12 21 26  0  0
45 28   4864 62796072 3013748 111390124    0    0 1392368 888120 275566 1070788 42 12 21 25  0  0
34 37   4864 62798672 3013748 111390132    0    0 1390000 891964 277536 1065046 42 13 21 25  0  0
46 29   4864 62799000 3013748 111390144    0    0 1388448 885856 278241 1064514 42 12 21 25  0  0
48 20   4864 62794852 3013748 111390148    0    0 1389024 886404 277163 1065361 42 13 21 25  0  0
46 32   4864 62796268 3013748 111390156    0    0 1376368 881416 276367 1064193 42 12 21 25  0  0
procs -----------memory---------- ---swap-- -----io---- -system-- -------cpu-------
 r  b   swpd   free   buff  cache   si   so    bi    bo   in   cs us sy id wa st gu
55 21   4864 62798160 3013748 111390168    0    0 1385216 893140 277548 1062552 42 13 21 25  0  0
51 17   4864 62798724 3013748 111390180    0    0 1390400 898428 278002 1068112 42 13 21 25  0  0
39 29   4864 62799256 3013748 111390192    0    0 1298272 826340 251785 980238 37 11 22 29  0  0
46 27   4864 62800020 3013748 111390204    0    0 1367456 875016 271620 1050161 41 12 21 26  0  0
57 15   4864 62799196 3013748 111390212    0    0 1382256 881988 274280 1056529 41 12 21 26  0  0
53 17   4864 62798948 3013748 111390224    0    0 1372880 883656 273706 1051759 40 12 21 26  0  0
35 37   4864 62800120 3013748 111390236    0    0 1386512 886960 274443 1050433 41 12 21 26  0  0
28 43   4864 62799172 3013748 111390244    0    0 1394000 892876 276220 1062530 42 12 21 25  0  0
54 18   4864 62797984 3013748 111390256    0    0 1385408 885428 276652 1064225 42 12 21 25  0  0
47 28   4864 62797760 3013748 111390264    0    0 1385072 886408 277755 1057915 42 12 21 25  0  0
50 17   4864 62792368 3013748 111390276    0    0 1387440 898300 277743 1060946 41 13 21 25  0  0
46 20   4864 62791152 3013748 111390288    0    0 1377408 877900 275869 1060325 42 12 21 25  0  0
49 20   4864 62796484 3013748 111390296    0    0 1388000 894392 277027 1068881 42 13 21 25  0  0
33 40   4864 62795460 3013748 111390308    0    0 1352128 868884 268716 1029306 40 12 21 27  0  0
43 30   4864 62797252 3013748 111390320    0    0 1327776 844860 257150 1002883 38 11 22 29  0  0
53 12   4864 62798628 3013748 111390328    0    0 1373760 878172 276021 1059883 41 13 21 25  0  0
34 35   4864 62796764 3013748 111390340    0    0 1374496 883276 275880 1060203 41 12 21 26  0  0
39 28   4864 62797628 3013748 111390348    0    0 1366384 886772 273682 1049327 41 12 21 26  0  0
45 25   4864 62794764 3013748 111390356    0    0 1387328 888876 276479 1061474 41 13 21 25  0  0
37 35   4864 62796756 3013748 111390368    0    0 1397552 893456 278183 1061182 41 13 21 25  0  0
43 27   4864 62794340 3013756 111390376    0    0 1385936 886892 277983 1062092 42 12 21 25  0  0
procs -----------memory---------- ---swap-- -----io---- -system-- -------cpu-------
 r  b   swpd   free   buff  cache   si   so    bi    bo   in   cs us sy id wa st gu
29 41   4864 62794168 3013756 111390392    0    0 1381952 888384 279229 1070065 42 13 21 25  0  0
42 27   4864 62789176 3013756 111390404    0    0 1386992 892000 274873 1062033 41 12 21 25  0  0
34 36   4864 62791132 3013756 111390412    0    0 1392480 892252 277501 1057668 42 12 21 25  0  0
41 32   4864 62790816 3013756 111390424    0    0 1388640 889200 277844 1067984 42 13 21 25  0  0
51 32   4864 62790640 3013756 111390432    0    0 1282880 812700 247455 966805 37 11 22 30  0  0
42 29   4864 62789544 3013756 111390448    0    0 1373808 871020 274067 1059830 41 12 21 26  0  0
53 18   4864 62793208 3013756 111390456    0    0 1383424 885980 275808 1063860 41 12 21 26  0  0
36 36   4864 62787936 3013756 111390464    0    0 1382976 892768 274560 1056282 41 12 21 26  0  0
50 17   4864 62792656 3013756 111390472    0    0 1375632 880928 276899 1060616 41 12 21 26  0  0
48 23   4864 62791420 3013756 111390484    0    0 1383152 885116 276702 1070713 42 12 21 25  0  0
51 23   4864 62792840 3013756 111390496    0    0 1383504 883684 275079 1058831 41 12 21 25  0  0
39 29   4864 62790832 3013756 111390508    0    0 1389872 892300 277363 1060848 42 12 21 25  0  0
58  7   4864 62789432 3013756 111390512    0    0 1391792 885488 277669 1063560 42 13 21 25  0  0
46 22   4864 62790556 3013756 111390524    0    0 1383888 890616 274849 1058379 41 12 21 26  0  0
52 14   4864 62786996 3013756 111390536    0    0 1378880 884148 280442 1069327 42 13 20 24  0  0
33 45   4864 62786936 3013756 111390548    0    0 1337456 860444 267183 1018021 40 12 21 26  0  0
37 33   4864 62788584 3013756 111390560    0    0 1323504 835980 256987 1002202 38 12 22 29  0  0
40 30   4864 62788000 3013756 111390568    0    0 1385616 882376 274694 1054354 41 12 21 26  0  0
52 19   4864 62787576 3013756 111390576    0    0 1385040 890784 277291 1055853 42 13 21 25  0  0
37 31   4864 62788828 3013756 111390588    0    0 1360160 883344 274206 1051894 41 12 21 26  0  0
51 19   4864 62790344 3013756 111390600    0    0 1384832 882540 276473 1062451 41 13 21 25  0  0
procs -----------memory---------- ---swap-- -----io---- -system-- -------cpu-------
 r  b   swpd   free   buff  cache   si   so    bi    bo   in   cs us sy id wa st gu
60 18   4864 62791108 3013756 111390680    0    0 1383504 889300 277600 1061414 42 13 21 25  0  0
44 28   4864 62788716 3013756 111390692    0    0 1377056 891556 276925 1056449 42 13 21 25  0  0
34 37   4864 62790860 3013756 111390700    0    0 1386816 896324 276834 1061279 42 13 21 25  0  0
52 16   4864 62795460 3013756 111390712    0    0 1383744 875124 275614 1065606 41 12 21 25  0  0
57 10   4864 62797136 3013756 111390724    0    0 1382240 884612 276019 1064885 42 12 21 25  0  0
40 41   4864 62794032 3013756 111390736    0    0 1353600 871444 269735 1036945 40 12 21 26  0  0
34 35   4864 62794252 3013756 111390748    0    0 1320752 830180 254488 996969 38 11 22 29  0  0
46 22   4864 62796000 3013756 111390756    0    0 1372944 885972 272801 1047529 41 12 21 26  0  0
60 19   4864 62792160 3013756 111390760    0    0 1374528 890764 276963 1062768 41 12 21 25  0  0
35 39   4864 62796196 3013756 111390772    0    0 1371664 890400 274635 1051326 41 12 21 26  0  0
61 10   4864 62795168 3013756 111390784    0    0 1379312 880544 275635 1059282 41 12 21 25  0  0
54 14   4864 62794804 3013756 111390796    0    0 1382704 887668 279164 1068416 42 13 20 25  0  0
50 20   4864 62797380 3013756 111390804    0    0 1374848 892904 276647 1066967 41 13 21 25  0  0
44 25   4864 62795876 3013756 111390812    0    0 1387632 883516 276645 1069129 42 12 21 25  0  0
42 28   4864 62793680 3013756 111390824    0    0 1384720 888188 277511 1056236 42 13 21 25  0  0
54 13   4864 62793968 3013756 111390836    0    0 1381200 881252 277039 1058114 41 12 21 25  0  0
44 25   4864 62793860 3013756 111390844    0    0 1369472 877580 272745 1048144 41 12 21 26  0  0
34 38   4864 62796180 3013756 111390856    0    0 1312608 825772 252863 997437 37 11 22 29  0  0
38 30   4864 62794364 3013756 111390864    0    0 1253568 803972 240154 936774 36 11 23 31  0  0
38 31   4864 62795536 3013756 111390880    0    0 1238656 782612 232752 925173 34 10 23 33  0  0
33 36   4864 62795184 3013756 111390892    0    0 1250464 800648 238970 946154 35 10 23 32  0  0
procs -----------memory---------- ---swap-- -----io---- -system-- -------cpu-------
 r  b   swpd   free   buff  cache   si   so    bi    bo   in   cs us sy id wa st gu
25 42   4864 62793744 3013756 111390900    0    0 1254192 801468 238128 946241 35 10 23 32  0  0
40 27   4864 62793928 3013756 111390912    0    0 1262672 801668 240191 953103 35 10 23 31  0  0
39 29   4864 62792404 3013756 111390920    0    0 1262704 814988 241842 953947 36 10 23 31  0  0
32 37   4864 62790692 3013756 111390932    0    0 1259536 796868 241251 946036 35 10 23 31  0  0
39 29   4864 62793912 3013756 111390940    0    0 1271296 810028 242354 954094 36 10 23 31  0  0
43 25   4864 62796148 3013756 111390948    0    0 1292704 823580 247347 971855 36 11 22 30  0  0
59 28   4864 62797436 3013756 111390960    0    0 1360672 868116 267579 1033990 40 12 22 27  0  0
60  9   4864 62797916 3013756 111390968    0    0 1353584 865960 270994 1037844 40 12 21 26  0  0
42 27   4864 62799264 3013756 111390980    0    0 1350992 875052 267626 1030424 39 12 22 27  0  0
33 34   4864 62799808 3013756 111390992    0    0 1268496 792476 241573 952495 36 11 23 31  0  0
47 17   4864 62799252 3013756 111391000    0    0 1363568 861724 268812 1036855 40 12 21 27  0  0
41 27   4864 62802396 3013756 111391008    0    0 1359136 863492 268311 1030099 40 12 21 27  0  0
38 32   4864 62802744 3013756 111391020    0    0 1345840 872980 268524 1033598 40 12 21 27  0  0
41 28   4864 62800224 3013756 111391032    0    0 1354416 868908 269668 1037275 40 12 21 26  0  0
29 42   4864 62802300 3013756 111391044    0    0 1356816 859348 268710 1042770 40 12 21 27  0  0
41 29   4864 62807568 3013756 111391056    0    0 1360496 866256 268847 1051424 40 12 21 26  0  0
32 40   4864 62806816 3013756 111391068    0    0 1360096 869228 269096 1049731 40 12 21 26  0  0
22 44   4864 62806540 3013756 111391080    0    0 1374624 855360 268177 1045350 40 12 21 26  0  0
35 35   4864 62806864 3013756 111391088    0    0 1377680 854744 270386 1044320 41 12 21 26  0  0
28 40   4864 62802440 3013756 111391100    0    0 1356592 858960 268796 1040225 40 12 22 26  0  0
31 39   4864 62803876 3013756 111391116    0    0 1370464 873788 269249 1046914 40 12 21 27  0  0
procs -----------memory---------- ---swap-- -----io---- -system-- -------cpu-------
 r  b   swpd   free   buff  cache   si   so    bi    bo   in   cs us sy id wa st gu
21 42   4864 62800664 3013756 111391124    0    0 1259664 776980 236956 943614 35 10 23 32  0  0
22 39   4864 62802832 3013756 111391132    0    0 1350016 872244 267699 1036395 40 12 22 27  0  0
24 48   4864 62804824 3013756 111391140    0    0 1349568 866508 268860 1036386 40 12 21 27  0  0
22 47   4864 62801808 3013756 111391152    0    0 1350208 864532 267931 1040989 40 12 21 27  0  0
19 50   4864 62800684 3013756 111391164    0    0 1373984 860688 268873 1045040 40 12 22 27  0  0
29 39   4864 62804496 3013756 111391172    0    0 1351888 869100 268508 1040163 39 12 22 27  0  0
27 44   4864 62804768 3013756 111391180    0    0 1362288 861700 270077 1048731 40 12 21 26  0  0
31 40   4864 62803296 3013756 111391192    0    0 1376016 879580 271118 1042540 40 12 21 26  0  0
27 38   4864 62803016 3013756 111391200    0    0 1358240 868352 269265 1046022 40 12 21 27  0  0
25 46   4864 62803888 3013756 111391216    0    0 1362224 862808 270958 1054304 41 12 21 26  0  0
28 42   4864 62801000 3013756 111391224    0    0 1366928 856384 269545 1049162 41 12 21 26  0  0
35 46   4864 62801864 3013756 111391232    0    0 1347664 864324 267560 1038455 40 12 22 27  0  0
41 32   4864 62802456 3013756 111391244    0    0 1277584 803048 242276 964240 36 10 23 31  0  0
44 35   4864 62805092 3013756 111391252    0    0 1363392 870772 268795 1047154 40 12 21 27  0  0
40 35   4864 62801712 3013756 111391268    0    0 1366672 875016 268185 1040771 40 12 21 27  0  0
38 31   4864 62805496 3013756 111391276    0    0 1352432 868816 266725 1033631 39 12 22 27  0  0
49 35   4864 62799704 3013756 111391288    0    0 1361936 877836 268879 1046403 40 12 21 27  0  0
45 26   4864 62802576 3013756 111391300    0    0 1357440 871980 268654 1044396 40 12 21 27  0  0
47 22   4864 62803332 3013756 111391372    0    0 1363408 874016 270585 1048906 40 12 21 26  0  0
58 13   4864 62801660 3013756 111391384    0    0 1361408 872832 270841 1051181 40 12 21 26  0  0
34 39   4864 62801852 3013756 111391396    0    0 1354784 879676 268265 1046733 40 12 22 27  0  0
procs -----------memory---------- ---swap-- -----io---- -system-- -------cpu-------
 r  b   swpd   free   buff  cache   si   so    bi    bo   in   cs us sy id wa st gu
25 45   4864 62800692 3013756 111391404    0    0 1361872 872920 269967 1050628 40 12 21 26  0  0
30 41   4864 62804292 3013756 111391412    0    0 1361376 876340 269681 1040601 40 12 21 27  0  0
38 34   4864 62803048 3013756 111391424    0    0 1253808 796580 238487 945618 35 10 23 32  0  0
53 16   4864 62801384 3013756 111391440    0    0 1367344 862124 269875 1042381 40 12 21 27  0  0
39 32   4864 62801976 3013756 111391452    0    0 1353744 876112 272100 1045977 40 12 21 27  0  0
41 29   4864 62802832 3013756 111391460    0    0 1361184 876324 269311 1041820 40 12 21 27  0  0
37 29   4864 62799772 3013756 111391468    0    0 1355776 868372 268840 1040186 39 12 21 27  0  0
40 26   4864 62800556 3013756 111391480    0    0 1364016 873236 272465 1045353 40 12 21 27  0  0
35 39   4864 62797692 3013756 111391488    0    0 1362784 881772 267897 1038046 40 12 22 27  0  0
48 23   4864 62799356 3013756 111391504    0    0 1359344 873748 270536 1047858 40 12 21 26  0  0
55 31   4864 62799608 3013756 111391512    0    0 1364896 881540 270552 1043467 40 12 21 27  0  0
46 23   4864 62799588 3013756 111391524    0    0 1360944 871148 270731 1041375 40 12 21 27  0  0
48 18   4864 62799796 3013756 111391536    0    0 1367776 870928 270954 1046086 40 12 21 27  0  0
29 42   4864 62800932 3013756 111391544    0    0 1310112 840412 256198 1000391 38 11 22 29  0  0
43 27   4864 62797096 3013756 111391552    0    0 1315184 831968 254576 998830 37 11 22 29  0  0
27 45   4864 62800484 3013756 111391564    0    0 1355376 875728 268807 1040328 40 12 21 27  0  0
34 37   4864 62799988 3013756 111391572    0    0 1359680 869064 267972 1036943 40 12 21 27  0  0
55 32   4864 62798776 3013756 111391584    0    0 1333920 863096 265160 1035408 39 12 22 27  0  0
33 34   4864 62798544 3013756 111391592    0    0 1363008 868884 268253 1046384 40 12 21 27  0  0
52 17   4864 62796752 3013756 111391604    0    0 1350096 867120 266908 1042624 40 12 21 27  0  0
51 17   4864 62795724 3013756 111391616    0    0 1366608 874588 272501 1042508 40 12 21 26  0  0
procs -----------memory---------- ---swap-- -----io---- -system-- -------cpu-------
 r  b   swpd   free   buff  cache   si   so    bi    bo   in   cs us sy id wa st gu
48 23   4864 62796772 3013756 111391624    0    0 1364176 878748 270207 1048444 40 12 21 27  0  0
30 43   4864 62796692 3013756 111391636    0    0 1353856 876876 268905 1048197 40 12 21 27  0  0
40 34   4864 62799184 3013756 111391644    0    0 1366448 872772 269717 1046396 40 12 21 27  0  0
49 16   4864 62798312 3013756 111391656    0    0 1353920 864392 269010 1043397 40 12 21 27  0  0
32 38   4864 62796668 3013756 111391668    0    0 1275168 809388 244211 963640 36 11 23 31  0  0
56 17   4864 62797284 3013756 111391676    0    0 1339040 867184 265708 1032497 39 12 22 27  0  0
40 35   4864 62800168 3013756 111391692    0    0 1351024 872672 270028 1049648 40 12 21 26  0  0
40 32   4864 62803620 3013756 111391700    0    0 1352432 865988 268810 1047853 40 12 22 27  0  0
36 38   4864 62801196 3013756 111391712    0    0 1361472 876440 269254 1043420 40 12 21 27  0  0
46 18   4864 62802324 3013756 111391720    0    0 1360048 864128 268951 1041954 40 12 21 27  0  0
41 29   4864 62805900 3013756 111391732    0    0 1356272 882288 269281 1040145 40 12 21 27  0  0
66 18   4864 62804320 3013756 111391736    0    0 1366016 877040 271738 1051158 40 12 21 26  0  0
31 40   4864 62805964 3013756 111391752    0    0 1367616 876980 269507 1054576 40 12 21 27  0  0
54 18   4864 62804940 3013756 111391768    0    0 1368976 871848 270666 1042501 40 12 21 27  0  0
61 20   4864 62804596 3013756 111391776    0    0 1367376 888252 269331 1047029 40 12 21 27  0  0
32 36   4864 62805184 3013756 111391788    0    0 1359072 872460 268339 1044983 40 12 22 27  0  0
28 37   4864 62802172 3013756 111391796    0    0 1270688 806828 242161 959832 36 11 23 31  0  0
42 33   4864 62803876 3013756 111391808    0    0 1371712 877596 272848 1046236 41 12 21 26  0  0
46 22   4864 62804528 3013756 111391820    0    0 1387456 889472 276414 1061490 41 12 21 26  0  0
39 30   4864 62803152 3013756 111391828    0    0 1370176 883688 273575 1052296 41 12 21 26  0  0
45 20   4864 62803988 3013756 111391840    0    0 1387104 883172 278143 1069313 42 12 21 25  0  0
procs -----------memory---------- ---swap-- -----io---- -system-- -------cpu-------
 r  b   swpd   free   buff  cache   si   so    bi    bo   in   cs us sy id wa st gu
36 33   4864 62800272 3013756 111391848    0    0 1380832 893412 276721 1062345 41 12 21 25  0  0
32 35   4864 62800412 3013756 111391860    0    0 1272448 797176 241572 956665 36 10 23 31  0  0
35 33   4864 62799136 3013756 111391868    0    0 1264944 800260 240659 957075 36 10 23 31  0  0
28 41   4864 62802728 3013756 111391880    0    0 1264608 808760 242077 956560 36 11 22 31  0  0
40 31   4864 62802452 3013756 111391888    0    0 1271600 807808 243188 965127 36 10 23 31  0  0
35 31   4864 62800736 3013756 111391900    0    0 1260432 811376 240045 955479 35 10 23 32  0  0
28 41   4864 62798604 3013756 111391908    0    0 1247824 787160 236049 940871 35 10 23 32  0  0
52 13   4864 62799736 3013756 111391916    0    0 1234480 776384 231534 926079 34 10 24 33  0  0
28 40   4864 62799696 3013756 111391928    0    0 1301456 846016 254250 992798 37 11 22 30  0  0
38 34   4864 62799464 3013756 111391940    0    0 1303664 839436 255273 996659 38 11 22 29  0  0
39 27   4864 62801932 3013756 111391952    0    0 1371200 885608 274037 1056955 40 12 21 26  0  0
46 27   4864 62802376 3013756 111391960    0    0 1377568 892512 277295 1064284 41 12 21 25  0  0
49 13   4864 62800472 3013756 111391972    0    0 1380832 876052 274263 1062146 41 12 21 25  0  0
32 39   4864 62801048 3013756 111391984    0    0 1390688 893020 278239 1069179 42 12 21 25  0  0
23 50   4864 62802860 3013756 111391992    0    0 1387168 886944 277836 1068560 42 12 21 25  0  0
44 24   4864 62800360 3013756 111392072    0    0 1383184 884236 277422 1065578 42 12 21 25  0  0
36 36   4864 62798096 3013756 111392080    0    0 1381872 888896 276242 1062922 42 12 21 25  0  0
45 25   4864 62796548 3013756 111392088    0    0 1379568 884684 277342 1067991 41 12 21 25  0  0
57 22   4864 62799920 3013756 111392104    0    0 1280832 811120 247358 976201 36 11 22 30  0  0
47 22   4864 62800440 3013756 111392112    0    0 1388832 887924 276646 1063652 41 12 21 26  0  0
39 35   4864 62799384 3013756 111392124    0    0 1392768 888652 275846 1067345 41 13 21 26  0  0
procs -----------memory---------- ---swap-- -----io---- -system-- -------cpu-------
 r  b   swpd   free   buff  cache   si   so    bi    bo   in   cs us sy id wa st gu
43 29   4864 62799032 3013756 111392132    0    0 1378832 887172 277541 1065556 41 12 21 26  0  0
31 40   4864 62801020 3013756 111392140    0    0 1381408 891756 274942 1060583 41 12 21 26  0  0
37 31   4864 62799532 3013756 111392156    0    0 1395280 884876 277008 1064353 41 12 21 26  0  0
26 25   4864 62800096 3013756 111392164    0    0 1389552 891216 276276 1065092 41 12 21 26  0  0
33 38   4864 62799952 3013756 111392176    0    0 1387936 890952 278894 1067266 42 12 21 25  0  0
52 14   4864 62799464 3013756 111392184    0    0 1396592 885180 276001 1069501 41 12 21 25  0  0
49 22   4864 62800640 3013756 111392192    0    0 1384336 893332 276964 1070502 41 12 21 25  0  0
48 22   4864 62801592 3013756 111392208    0    0 1389472 884000 276642 1070645 42 12 21 25  0  0
40 26   4864 62798072 3013756 111392216    0    0 1311248 836744 253241 998490 37 11 22 29  0  0
48 24   4864 62797076 3013756 111392232    0    0 1365376 865328 269518 1043965 40 12 21 27  0  0
40 34   4864 62799584 3013756 111392240    0    0 1391456 896180 276119 1064910 41 13 21 25  0  0
58 13   4864 62801408 3013756 111392248    0    0 1383936 886612 276941 1063759 41 13 21 25  0  0
48 22   4864 62804352 3013756 111392260    0    0 1367584 881652 272787 1049313 40 12 21 26  0  0
29 42   4864 62803680 3013756 111392272    0    0 1380176 883196 275270 1066796 41 12 21 25  0  0
44 33   4864 62804100 3013756 111392284    0    0 1383248 891044 276149 1063223 41 13 21 26  0  0
47 27   4864 62803432 3013756 111392296    0    0 1388544 885004 278360 1076844 42 13 21 25  0  0
50 25   4864 62802500 3013756 111392304    0    0 1377184 887280 277687 1068570 42 12 21 25  0  0
48 25   4864 62802208 3013756 111392312    0    0 1387536 888156 276271 1067409 41 13 21 25  0  0
40 33   4864 62801192 3013756 111392328    0    0 1392480 900256 273718 1064510 41 12 21 26  0  0
38 34   4864 62800008 3013756 111392336    0    0 1383424 879932 276843 1064366 42 12 21 25  0  0
43 25   4864 62799320 3013756 111392344    0    0 1281552 813652 246448 968059 36 11 22 31  0  0
procs -----------memory---------- ---swap-- -----io---- -system-- -------cpu-------
 r  b   swpd   free   buff  cache   si   so    bi    bo   in   cs us sy id wa st gu
46 21   4864 62800660 3013756 111392352    0    0 1396112 884388 275756 1060349 41 13 21 25  0  0
54 12   4864 62797704 3013756 111392360    0    0 1385104 888824 275274 1067220 41 12 21 26  0  0
39 30   4864 62797040 3013756 111392376    0    0 1371520 893684 275262 1053386 41 12 21 26  0  0
30 40   4864 62799028 3013756 111392384    0    0 1387312 895736 278097 1056585 41 13 21 25  0  0
35 35   4864 62794736 3013756 111392396    0    0 1383824 893152 276760 1057892 41 13 21 25  0  0
42 33   4864 62793584 3013756 111392408    0    0 1385872 889044 277737 1064232 42 13 21 25  0  0
40 31   4864 62800256 3013756 111392416    0    0 1391680 892672 277966 1065050 42 12 21 25  0  0
49 18   4864 62798120 3013756 111392428    0    0 1384816 895668 276443 1063591 42 12 21 25  0  0
54 17   4864 62796440 3013756 111392440    0    0 1372768 889692 274810 1061181 41 12 21 25  0  0
35 36   4864 62797156 3013756 111392448    0    0 1395568 904852 277924 1058788 42 12 21 25  0  0
35 35   4864 62798700 3013756 111392460    0    0 1311120 835016 256056 994718 38 11 22 29  0  0
41 26   4864 62796776 3013756 111392468    0    0 1368608 866860 266024 1035931 40 12 22 27  0  0
50 17   4864 62798244 3013756 111392480    0    0 1388480 885648 277925 1065716 42 12 21 25  0  0
28 43   4864 62797188 3013756 111392492    0    0 1384336 894692 276587 1060736 41 13 21 26  0  0
41 27   4864 62794460 3013756 111392504    0    0 1369296 884332 272859 1048592 41 12 21 26  0  0
46 23   4864 62795252 3013756 111392516    0    0 1386656 891160 276314 1061566 41 12 21 26  0  0
29 41   4864 62795944 3013756 111392524    0    0 1385136 888988 276778 1067626 41 12 21 25  0  0
47 25   4864 62794360 3013756 111392532    0    0 1390720 896444 277884 1063156 42 13 20 25  0  0
51 21   4864 62796840 3013756 111392544    0    0 1385296 897484 277128 1065168 42 12 21 25  0  0
38 30   4864 62794972 3013756 111392552    0    0 1385024 890860 276655 1064482 41 12 21 25  0  0
49 24   4864 62795652 3013756 111392560    0    0 1384320 876692 274788 1063134 41 12 21 26  0  0
procs -----------memory---------- ---swap-- -----io---- -system-- -------cpu-------
 r  b   swpd   free   buff  cache   si   so    bi    bo   in   cs us sy id wa st gu
44 30   4864 62798276 3013756 111392572    0    0 1332496 859116 262404 1015910 39 12 22 28  0  0
50 20   4864 62795360 3013756 111392584    0    0 1336000 857176 261360 1019636 39 12 21 28  0  0
37 33   4864 62796724 3013756 111392592    0    0 1378592 894356 278201 1070481 42 12 21 25  0  0
42 32   4864 62797864 3013756 111392604    0    0 1381440 895144 277911 1063883 42 12 21 25  0  0
41 14   4864 62796016 3013756 111392612    0    0 1376000 878952 274831 1054693 41 12 21 26  0  0
44 12   4864 62795988 3013756 111392628    0    0 1382800 888928 275018 1059636 41 12 21 26  0  0
48 24   4864 62797944 3013756 111392640    0    0 1390224 901644 277074 1060766 41 12 21 26  0  0
48 20   4864 62793060 3013756 111392656    0    0 1390320 887144 278787 1068250 42 13 21 25  0  0
42 27   4864 62792712 3013756 111392668    0    0 1386208 900240 277941 1067264 42 12 21 25  0  0
36 36   4864 62792112 3013756 111392676    0    0 1390448 886872 277015 1060080 42 13 21 25  0  0
43 27   4864 62793964 3013756 111392688    0    0 1378864 883460 277225 1063626 41 13 21 25  0  0
48 25   4864 62790260 3013756 111392696    0    0 1376560 893968 276292 1053025 41 13 21 26  0  0
55 15   4864 62792256 3013756 111392800    0    0 1286848 811132 249445 982584 37 11 23 30  0  0
50 24   4864 62792336 3013756 111392804    0    0 1372288 891916 272846 1051650 41 12 21 26  0  0
46 27   4864 62793348 3013756 111392812    0    0 1385936 891356 276214 1064148 41 12 21 26  0  0
27 41   4864 62794140 3013756 111392820    0    0 1381008 904240 274961 1067552 41 12 21 26  0  0
32 37   4864 62795900 3013756 111392832    0    0 1373616 881696 274190 1063672 41 12 21 26  0  0
48 23   4864 62792076 3013756 111392844    0    0 1383792 887256 277649 1060683 41 12 21 25  0  0
36 33   4864 62791652 3013756 111392856    0    0 1381056 889824 277702 1068882 42 13 21 25  0  0
43 25   4864 62788648 3013756 111392864    0    0 1395216 881920 278397 1071484 42 13 21 25  0  0
43 29   4864 62790804 3013756 111392872    0    0 1380912 891660 277748 1070557 41 13 21 25  0  0
procs -----------memory---------- ---swap-- -----io---- -system-- -------cpu-------
 r  b   swpd   free   buff  cache   si   so    bi    bo   in   cs us sy id wa st gu
46 20   4864 62790556 3013756 111392888    0    0 1381936 878684 275849 1065961 41 12 21 25  0  0
48 12   4864 62792520 3013756 111392900    0    0 1383216 889304 276582 1065246 42 12 21 25  0  0
35 37   4864 62792444 3013756 111392912    0    0 1342784 859908 268072 1041890 40 12 21 27  0  0
56 10   4864 62797040 3013756 111392928    0    0 1308704 833948 253558 992452 38 11 22 29  0  0
40 30   4864 62794692 3013756 111392936    0    0 1389328 896960 278160 1069766 41 13 21 25  0  0
31 44   4864 62798480 3013756 111392948    0    0 1391328 905344 277534 1067378 41 12 21 26  0  0
46 25   4864 62796784 3013756 111392960    0    0 1378944 890212 274361 1050107 41 12 21 26  0  0
46 22   4864 62795668 3013756 111392968    0    0 1390544 895848 275198 1056054 41 13 21 25  0  0
50 17   4864 62795692 3013756 111392980    0    0 1389584 878840 276393 1062456 41 12 21 25  0  0
34 36   4864 62779204 3013756 111393028    0    0 1384736 884400 278481 1069590 42 13 21 25  0  0
43 26   4864 62667428 3013756 111393036    0    0 1378064 893564 278971 1056257 44 13 20 24  0  0
40 32   4864 62747484 3013756 111393052    0    0 1371344 889048 276599 1053171 43 13 20 24  0  0
39 32   4864 62640716 3013756 111393280    0    0 1372848 889588 276485 1047101 43 13 20 25  0  0
62  9   4864 62631124 3013756 111393292    0    0 1364240 871280 273635 1057655 43 12 20 25  0  0
37 35   4864 62561268 3013756 111393516    0    0 1310976 847608 259880 1005079 40 12 21 27  0  0
50 28   4864 62594964 3013756 111393756    0    0 1354032 851616 267266 1025974 41 12 20 26  0  0
42 26   4864 62539620 3013756 111393772    0    0 1372176 887864 277302 1059605 43 13 20 24  0  0
67 18   4864 62564880 3013756 111394004    0    0 1377648 897380 278059 1056574 43 13 20 25  0  0
37 35   4864 62497040 3013756 111394016    0    0 1355056 879204 272432 1039486 42 12 20 25  0  0
27 43   4864 62550612 3013756 111394260    0    0 1380720 888352 277984 1055024 43 13 20 24  0  0
49 12   4864 62494756 3013756 111394268    0    0 1379632 885708 278650 1060117 43 13 20 24  0  0
procs -----------memory---------- ---swap-- -----io---- -system-- -------cpu-------
 r  b   swpd   free   buff  cache   si   so    bi    bo   in   cs us sy id wa st gu
47 16   4864 62547284 3013756 111394536    0    0 1375680 900700 278721 1056868 43 13 20 24  0  0
43 28   4864 62491860 3013756 111394552    0    0 1378992 883704 279282 1055891 44 13 20 24  0  0
41 30   4864 62550824 3013756 111394776    0    0 1368752 885636 277659 1049052 43 13 20 24  0  0
37 38   4864 62489788 3013756 111394788    0    0 1362112 871652 275378 1050168 43 13 20 25  0  0
42 28   4864 62537320 3013756 111395040    0    0 1375232 882292 276662 1054915 43 13 20 25  0  0
51 34   4864 62499256 3013756 111395044    0    0 1289408 826592 251288 982073 38 11 21 30  0  0
44 27   4864 62570648 3013756 111395280    0    0 1381024 886560 279248 1071996 43 13 20 24  0  0
43 30   4864 62547592 3013756 111395288    0    0 1375376 879816 277041 1054940 43 13 20 24  0  0
29 41   4864 62478476 3013756 111395516    0    0 1360960 875716 273709 1038579 42 13 20 25  0  0
42 32   4864 62493196 3013756 111395740    0    0 1369216 889808 274337 1052923 42 12 20 25  0  0
52 15   4864 62460808 3013756 111395748    0    0 1372528 874112 276887 1062457 43 13 20 24  0  0
58 18   4864 62528960 3013756 111395988    0    0 1376112 887520 277824 1060106 43 13 20 24  0  0
50 25   4864 62471800 3013756 111395996    0    0 1381968 892104 277601 1062921 43 13 20 24  0  0
41 33   4864 62463932 3013756 111396244    0    0 1382672 877632 276103 1061206 43 13 20 24  0  0
48 24   4864 62425160 3013756 111396256    0    0 1377152 883700 276911 1045946 43 13 20 25  0  0
36 33   4864 62447156 3013756 111396468    0    0 1369344 880092 274043 1047897 43 13 20 25  0  0
39 32   4864 62369376 3013756 111396480    0    0 1304224 830508 254160 989928 39 11 21 28  0  0
55 18   4864 62377408 3013756 111396708    0    0 1370336 867692 271698 1043672 42 12 20 26  0  0
40 32   4864 62324124 3013756 111396716    0    0 1379392 880068 279507 1056111 44 13 19 23  0  0
39 32   4864 62436000 3013756 111396960    0    0 1370176 886852 276512 1052825 43 13 20 25  0  0
36 34   4864 62369704 3013756 111396968    0    0 1353376 873832 273973 1033996 43 13 20 25  0  0
procs -----------memory---------- ---swap-- -----io---- -system-- -------cpu-------
 r  b   swpd   free   buff  cache   si   so    bi    bo   in   cs us sy id wa st gu
44 23   4864 62438532 3013756 111397200    0    0 1379584 883744 277560 1053778 43 13 20 25  0  0
57 19   4864 62398288 3013756 111397208    0    0 1375552 885612 278349 1054466 44 13 20 24  0  0
48 23   4864 62383232 3013756 111397468    0    0 1379904 885772 277764 1065081 43 13 20 24  0  0
30 41   4864 62355096 3013756 111397480    0    0 1382016 894264 278119 1054682 43 13 20 24  0  0
54 10   4864 62350328 3013756 111397704    0    0 1366464 878672 275352 1049640 43 13 20 25  0  0
47 20   4864 62323608 3013756 111397720    0    0 1365344 888832 273987 1041430 42 13 20 25  0  0
44 17   4864 62323564 3013756 111397960    0    0 1367552 868148 275693 1045543 43 13 20 24  0  0
54 22   4864 62425960 3013756 111397972    0    0 1285552 823508 252543 984099 39 11 21 29  0  0
44 30   4864 62374844 3013756 111398200    0    0 1381248 869776 279501 1057719 44 13 20 24  0  0
29 40   4864 62468804 3013756 111398488    0    0 1364432 892652 277521 1054206 43 13 20 25  0  0
40 31   4864 62404820 3013756 111398500    0    0 1361904 881684 276304 1043907 42 13 20 25  0  0
47 23   4864 62374592 3013756 111398724    0    0 1368736 878184 278526 1054822 43 13 20 24  0  0
43 30   4864 62374332 3013756 111398732    0    0 1373584 883004 276818 1046578 43 12 20 24  0  0
39 34   4864 62383076 3013756 111398952    0    0 1378352 885384 279357 1056053 43 13 20 24  0  0
39 34   4864 62333220 3013756 111398964    0    0 1375104 892524 278013 1053071 44 13 20 24  0  0
40 32   4864 62363400 3013756 111399220    0    0 1264480 809240 245655 960579 37 11 22 30  0  0
41 28   4864 62342448 3013756 111399236    0    0 1367920 885504 273418 1043082 42 12 20 25  0  0
31 38   4864 62334984 3013756 111399464    0    0 1366048 881404 275537 1057135 43 13 20 25  0  0
34 39   4864 62323884 3013756 111399472    0    0 1335376 860308 267427 1024334 42 12 20 26  0  0
36 35   4864 62395300 3013756 111399692    0    0 1324192 848364 257122 1005108 40 12 21 28  0  0
61 23   4864 62386112 3013756 111399700    0    0 1378832 887804 276920 1055017 43 13 20 24  0  0
procs -----------memory---------- ---swap-- -----io---- -system-- -------cpu-------
 r  b   swpd   free   buff  cache   si   so    bi    bo   in   cs us sy id wa st gu
37 38   4864 62400904 3013756 111399944    0    0 1374416 884136 276454 1052830 43 13 20 24  0  0
44 28   4864 62396672 3013756 111399952    0    0 1353408 876060 273158 1042543 42 12 20 25  0  0
48 24   4864 62399156 3013756 111400188    0    0 1372864 888820 277514 1053489 43 13 20 24  0  0
47 28   4864 62390560 3013756 111400204    0    0 1379808 881828 278893 1053434 43 13 20 24  0  0
41 32   4864 62446476 3013756 111393904    0    0 1377184 879644 278564 1063325 43 13 20 24  0  0
27 36   4864 62484568 3013756 111393916    0    0 1347296 865128 269992 1040993 41 12 21 26  0  0
41 28   4864 62525740 3013756 111393928    0    0 1309712 828384 254479 994907 38 11 22 29  0  0
52 22   4864 62552004 3013756 111393936    0    0 1364224 873768 274050 1052583 41 12 21 26  0  0
51 17   4864 62578104 3013756 111393944    0    0 1387328 878708 275306 1062522 42 12 21 25  0  0
40 29   4864 62632676 3013756 111393956    0    0 1307616 842964 254562 988826 38 11 22 29  0  0
47 20   4864 62647024 3013756 111393968    0    0 1376016 879744 272115 1047546 41 12 21 26  0  0
44 27   4864 62664216 3013756 111393980    0    0 1383248 880756 277259 1065422 42 13 21 25  0  0
34 35   4864 62676920 3013756 111393988    0    0 1368272 894196 274120 1053178 41 12 21 26  0  0
32 39   4864 62688724 3013756 111393996    0    0 1375200 882608 273859 1065413 41 12 21 26  0  0
45 25   4864 62697300 3013756 111394008    0    0 1392752 895112 275133 1063543 41 12 21 26  0  0
45 28   4864 62720292 3013756 111394016    0    0 1394272 892232 277287 1065798 42 12 21 25  0  0
41 33   4864 62729088 3013756 111394028    0    0 1390736 899024 277593 1064198 41 13 21 25  0  0
44 29   4864 62734184 3013756 111394040    0    0 1283696 807960 246869 981067 37 11 22 30  0  0
38 32   4864 62738900 3013756 111394048    0    0 1375264 890660 274390 1056556 40 12 21 26  0  0
49 30   4864 62742492 3013756 111394056    0    0 1382400 887224 274322 1060901 41 12 21 26  0  0
36 36   4864 62750164 3013756 111394072    0    0 1383888 885128 275289 1054885 41 12 21 26  0  0
procs -----------memory---------- ---swap-- -----io---- -system-- -------cpu-------
 r  b   swpd   free   buff  cache   si   so    bi    bo   in   cs us sy id wa st gu
53 21   4864 62750644 3013756 111394080    0    0 1320544 840796 253911 994397 38 11 22 29  0  0
52 22   4864 62754756 3013756 111394092    0    0 1393056 893508 278999 1066703 42 12 20 25  0  0
35 35   4864 62753748 3013756 111394100    0    0 1386592 886832 277889 1060323 42 13 21 25  0  0
50 20   4864 62761336 3013756 111394112    0    0 1376448 887284 272296 1048324 41 12 21 26  0  0
43 27   4864 62761804 3013756 111394124    0    0 1386256 888616 277805 1069197 42 12 21 25  0  0
36 35   4864 62762220 3013756 111394132    0    0 1383968 889524 276409 1069415 41 13 21 25  0  0
61 14   4864 62769984 3013756 111394144    0    0 1396416 890240 278737 1064417 42 13 21 25  0  0
41 37   4864 62767224 3013756 111394152    0    0 1336896 861532 267185 1035537 40 12 21 27  0  0
36 35   4864 62769908 3013756 111394164    0    0 1312576 832768 253436 991232 37 11 22 29  0  0
43 27   4864 62766296 3013756 111394172    0    0 1383632 880716 274070 1060206 41 12 21 26  0  0
43 29   4864 62765564 3013756 111394184    0    0 1392048 900096 275921 1060946 41 12 21 26  0  0
42 21   4864 62768184 3013756 111394196    0    0 1293152 824600 248849 972745 37 11 22 30  0  0
49 23   4864 62770288 3013756 111394200    0    0 1392656 910388 278322 1071590 41 12 21 25  0  0
36 36   4864 62769324 3013756 111394208    0    0 1390624 889832 275914 1067007 41 12 21 25  0  0
47 28   4864 62771084 3013756 111394224    0    0 1390656 903020 276275 1058043 41 12 21 26  0  0
24 45   4864 62771440 3013756 111394240    0    0 1377360 891732 274132 1057898 40 12 21 26  0  0
46 20   4864 62775212 3013756 111394248    0    0 1388608 882796 277280 1065873 42 13 21 25  0  0
35 35   4864 62776356 3013756 111394264    0    0 1395504 902552 276988 1056819 41 12 21 25  0  0
49 23   4864 62774300 3013756 111394272    0    0 1389712 899000 277713 1073088 41 12 21 26  0  0
43 26   4864 62777048 3013756 111394284    0    0 1298512 815124 247277 973735 37 11 23 30  0  0
30 40   4864 62778716 3013756 111394296    0    0 1362848 883364 272697 1054989 40 12 21 26  0  0
procs -----------memory---------- ---swap-- -----io---- -system-- -------cpu-------
 r  b   swpd   free   buff  cache   si   so    bi    bo   in   cs us sy id wa st gu
48 24   4864 62777516 3013756 111394304    0    0 1386016 892660 276127 1065435 41 12 21 25  0  0
41 28   4864 62779976 3013756 111394316    0    0 1363344 873592 273112 1051159 41 12 21 26  0  0
41 29   4864 62779204 3013756 111394324    0    0 1317168 852296 254806 993907 38 11 22 29  0  0
37 33   4864 62784196 3013756 111394336    0    0 1393424 900728 278118 1062925 41 12 21 26  0  0
44 24   4864 62783716 3013756 111394348    0    0 1388976 886552 277808 1058839 41 12 21 26  0  0
34 34   4864 62783280 3013756 111394356    0    0 1366464 890756 275377 1055816 40 12 21 26  0  0
39 33   4864 62783240 3013756 111394436    0    0 1390624 895464 277771 1064771 41 13 21 25  0  0
49 23   4864 62782888 3013756 111394444    0    0 1391728 902504 277594 1064579 41 12 21 26  0  0
38 29   4864 62788116 3013756 111394448    0    0 1396880 886020 278729 1068437 42 13 21 25  0  0
32 38   4864 62786108 3013756 111394464    0    0 1323056 840536 259289 1017587 39 12 22 28  0  0
28 41   4864 62785200 3013756 111394472    0    0 1344016 856832 262914 1019470 39 12 22 28  0  0
51 35   4864 62785624 3013756 111394480    0    0 1378160 877680 275043 1070599 41 12 21 26  0  0
19 49   4864 62786744 3013756 111394492    0    0 1390080 891676 277669 1056757 41 13 21 25  0  0
35 36   4864 62787272 3013756 111394500    0    0 1308592 826688 250576 991014 37 11 22 30  0  0
17 55   4864 62783412 3013756 111394488    0    0 1396528 896312 278910 1072068 42 13 21 25  0  0
18 49   4864 62786288 3013756 111394496    0    0 1391904 882856 275721 1065697 41 12 21 25  0  0
29 41   4864 62789416 3013756 111394504    0    0 1378528 885968 274955 1053244 41 12 21 26  0  0
18 48   4864 62787232 3013756 111394516    0    0 1380672 877388 275364 1054192 41 12 21 26  0  0
35 36   4864 62787316 3013756 111394524    0    0 1383344 887036 277077 1067220 42 12 21 25  0  0
28 45   4864 62788436 3013756 111394540    0    0 1388608 895580 276256 1070289 41 12 21 25  0  0
23 48   4864 62790768 3013756 111394548    0    0 1385472 882492 276059 1060970 41 13 21 26  0  0
procs -----------memory---------- ---swap-- -----io---- -system-- -------cpu-------
 r  b   swpd   free   buff  cache   si   so    bi    bo   in   cs us sy id wa st gu
36 36   4864 62790916 3013756 111394556    0    0 1292688 820944 246467 973346 36 11 22 31  0  0
33 44   4864 62788780 3013756 111394564    0    0 1373008 888396 273163 1050871 40 12 21 26  0  0
25 44   4864 62791400 3013756 111394576    0    0 1390016 892284 276246 1064733 41 12 21 26  0  0
22 50   4864 62790428 3013756 111394588    0    0 1349216 857664 264039 1024871 39 12 21 27  0  0
35 38   4864 62793196 3013756 111394600    0    0 1334624 844896 260848 1024165 39 11 22 28  0  0
26 43   4864 62791484 3013756 111394608    0    0 1388672 876696 277394 1066629 42 13 21 25  0  0
27 44   4864 62791484 3013756 111394620    0    0 1389760 873448 275665 1067033 41 12 21 25  0  0
35 36   4864 62791408 3013756 111394628    0    0 1371472 886848 273762 1050815 41 12 21 26  0  0
34 32   4864 62789840 3013756 111394636    0    0 1393024 887716 276047 1064640 41 13 21 25  0  0
33 38   4864 62792264 3013756 111394652    0    0 1386560 885544 275267 1061310 41 12 21 25  0  0
21 49   4864 62796952 3013756 111394660    0    0 1400320 884740 278008 1066131 42 12 21 25  0  0
41 42   4864 62795740 3013756 111394672    0    0 1318368 844172 255882 998904 38 11 22 29  0  0
36 36   4864 62798864 3013756 111394680    0    0 1341808 865420 268307 1040172 40 12 21 27  0  0
35 37   4864 62797716 3013756 111394692    0    0 1375792 881848 274357 1054476 41 12 21 26  0  0
24 46   4864 62797336 3013756 111394708    0    0 1396192 908864 276975 1059228 41 13 21 26  0  0
28 42   4864 62798752 3013756 111394716    0    0 1300448 836928 249039 984483 37 11 22 30  0  0
27 44   4864 62798524 3013756 111394724    0    0 1403472 894032 278922 1067835 42 13 21 25  0  0
40 29   4864 62798468 3013756 111394736    0    0 1393504 899080 276410 1058047 41 12 21 26  0  0
40 32   4864 62794244 3013756 111394744    0    0 1387120 891824 274086 1057607 41 12 21 26  0  0
49 13   4864 62800768 3013756 111394756    0    0 1375920 885636 274902 1056781 41 12 21 26  0  0
26 47   4864 62801456 3013756 111394768    0    0 1388528 892492 279042 1062886 41 13 21 25  0  0
procs -----------memory---------- ---swap-- -----io---- -system-- -------cpu-------
 r  b   swpd   free   buff  cache   si   so    bi    bo   in   cs us sy id wa st gu
44 21   4864 62800852 3013756 111394772    0    0 1391232 899532 278567 1065040 42 12 21 25  0  0
28 39   4864 62801756 3013756 111394788    0    0 1328704 856700 255549 1001066 38 11 22 29  0  0
40 31   4864 62803164 3013756 111394796    0    0 1346992 864388 266917 1031048 39 12 22 27  0  0
44 23   4864 62800620 3013756 111394808    0    0 1368064 884556 272547 1052139 40 12 21 26  0  0
60 21   4864 62799476 3013756 111394820    0    0 1392048 896728 278032 1059145 42 12 21 26  0  0
18 52   4864 62798796 3013756 111394828    0    0 1387328 889984 275956 1059331 41 12 21 26  0  0
37 32   4864 62795432 3013756 111394840    0    0 1311856 841584 252179 988056 37 11 22 30  0  0
52  7   4864 62797592 3013756 111394848    0    0 1399472 891636 278404 1070808 42 12 21 25  0  0
43 26   4864 62798840 3013756 111394860    0    0 1376736 895496 272976 1058434 41 12 21 26  0  0
27 42   4864 62798684 3013756 111394868    0    0 1379824 893448 275636 1060719 41 12 21 26  0  0
28 43   4864 62797628 3013756 111394884    0    0 1378960 892280 275635 1059215 41 12 21 26  0  0
53 17   4864 62799032 3013756 111394892    0    0 1390384 896788 278072 1065561 42 12 21 25  0  0
48 20   4864 62802628 3013756 111394904    0    0 1382688 879584 276012 1060612 41 13 21 25  0  0
45 20   4864 62800668 3013756 111394916    0    0 1285184 830560 247114 974931 36 11 23 31  0  0
48 19   4864 62803436 3013756 111394928    0    0 1380512 894860 276474 1057643 41 12 21 26  0  0
38 32   4864 62802036 3013756 111394940    0    0 1385744 886604 274424 1053279 41 12 21 26  0  0
45 28   4864 62802032 3013756 111394948    0    0 1392608 903760 277137 1063128 42 12 21 26  0  0
45 23   4864 62800092 3013756 111394960    0    0 1298352 822868 248411 982610 37 11 22 30  0  0
34 40   4864 62801424 3013756 111394964    0    0 1390064 898320 279096 1073844 42 12 21 25  0  0
51 18   4864 62802640 3013756 111394976    0    0 1392112 894064 278578 1068391 41 13 21 25  0  0
45 18   4864 62802736 3013756 111394988    0    0 1376736 894652 275289 1065720 41 12 21 26  0  0
procs -----------memory---------- ---swap-- -----io---- -system-- -------cpu-------
 r  b   swpd   free   buff  cache   si   so    bi    bo   in   cs us sy id wa st gu
32 35   4864 62802360 3013756 111394996    0    0 1360048 886020 270328 1049821 40 12 22 26  0  0
41 29   4864 62803068 3013756 111395008    0    0 1385568 893168 276145 1066128 41 12 21 26  0  0
40 30   4864 62802956 3013756 111395016    0    0 1384960 890288 276912 1063603 41 13 21 25  0  0
22 50   4864 62803908 3013756 111395100    0    0 1302768 832704 249873 982059 37 11 22 30  0  0
45 27   4864 62801852 3013756 111395108    0    0 1387504 886580 274158 1054729 41 12 21 26  0  0
50  9   4864 62804268 3013756 111395116    0    0 1360304 870368 272768 1058052 41 12 21 26  0  0
55 14   4864 62802572 3013756 111395124    0    0 1393264 904192 277354 1056824 41 13 21 26  0  0
23 48   4864 62803020 3013756 111395136    0    0 1359824 868836 266573 1040893 40 12 21 27  0  0
45 28   4864 62803140 3013756 111395148    0    0 1327824 856252 258464 1012539 38 11 22 29  0  0
46 23   4864 62804788 3013756 111395160    0    0 1392992 901904 278169 1060570 41 13 21 25  0  0
55 14   4864 62805668 3013756 111395172    0    0 1388800 892984 277135 1053062 41 12 21 26  0  0
41 29   4864 62802188 3013756 111395180    0    0 1362016 886908 273821 1046879 41 12 21 26  0  0
40 28   4864 62802684 3013756 111395192    0    0 1389968 888148 277259 1066295 42 12 21 25  0  0
47 20   4864 62802720 3013756 111395204    0    0 1385776 887068 277578 1065472 42 12 21 25  0  0
26 47   4864 62802296 3013756 111395212    0    0 1369008 879240 270693 1047444 41 12 21 26  0  0
24 43   4864 62802632 3013756 111395220    0    0 1297952 837396 251020 983960 37 11 22 30  0  0
58 14   4864 62799200 3013756 111395228    0    0 1380304 873376 273416 1058219 41 12 21 26  0  0
39 31   4864 62800160 3013756 111395240    0    0 1379792 876480 275039 1062125 41 12 21 26  0  0
54 27   4864 62798892 3013756 111395252    0    0 1389200 909848 275121 1060431 41 12 21 26  0  0
43 25   4864 62801948 3013756 111395260    0    0 1299168 827676 247113 978069 36 11 22 31  0  0
31 42   4864 62804824 3013756 111395272    0    0 1387760 902328 279653 1067257 42 13 21 25  0  0
procs -----------memory---------- ---swap-- -----io---- -system-- -------cpu-------
 r  b   swpd   free   buff  cache   si   so    bi    bo   in   cs us sy id wa st gu
39 30   4864 62804260 3013756 111395280    0    0 1389760 891608 278149 1069448 41 13 21 25  0  0
34 39   4864 62805508 3013756 111395288    0    0 1375952 898348 275559 1064463 41 12 21 26  0  0
46 20   4864 62805620 3013756 111395304    0    0 1381200 886740 273248 1051753 41 12 21 26  0  0
54 13   4864 62804368 3013756 111395312    0    0 1380864 892944 276434 1065703 41 12 21 26  0  0
52 16   4864 62804456 3013756 111395328    0    0 1391600 896512 276687 1056421 41 12 21 25  0  0
34 32   4864 62805604 3013756 111395336    0    0 1284656 820068 248937 983055 37 11 22 30  0  0
24 44   4864 62804176 3013756 111395348    0    0 1380368 883292 276079 1058430 41 12 21 26  0  0
38 27   4864 62805932 3013756 111395364    0    0 1368736 881932 272195 1052534 41 12 21 26  0  0
43 27   4864 62802920 3013756 111395376    0    0 1385200 888268 276566 1065836 41 12 21 26  0  0
40 31   4864 62802320 3013756 111395388    0    0 1347520 851264 262995 1022224 39 12 21 28  0  0
27 44   4864 62803944 3013756 111395392    0    0 1339456 859944 263150 1015413 39 12 22 28  0  0
34 36   4864 62804140 3013756 111395400    0    0 1389584 888436 276439 1069123 41 12 21 26  0  0
36 33   4864 62805448 3013756 111395412    0    0 1381408 897108 275220 1058120 41 12 21 26  0  0
55  6   4864 62802160 3013756 111395424    0    0 1367808 879648 274103 1052261 41 12 21 26  0  0
33 37   4864 62804280 3013756 111395432    0    0 1390960 897380 275792 1067530 41 12 21 26  0  0
39 30   4864 62808148 3013756 111395444    0    0 1382144 893856 277374 1066198 42 12 21 25  0  0
29 39   4864 62809400 3013756 111395452    0    0 1310832 835148 253933 991086 37 11 22 29  0  0
40 31   4864 62807896 3013756 111395460    0    0 1370448 865968 270400 1040872 40 12 21 26  0  0
49 21   4864 62808492 3013756 111395476    0    0 1375232 875832 274202 1057861 41 12 21 26  0  0
33 36   4864 62811264 3013756 111395484    0    0 1384000 903680 276126 1066762 41 12 21 26  0  0
20 51   4864 62809972 3013756 111395496    0    0 1393600 895540 277651 1070806 41 12 21 25  0  0
procs -----------memory---------- ---swap-- -----io---- -system-- -------cpu-------
 r  b   swpd   free   buff  cache   si   so    bi    bo   in   cs us sy id wa st gu
34 36   4864 62807228 3013756 111395504    0    0 1300240 839780 253073 989540 37 11 22 30  0  0
52 14   4864 62806412 3013756 111395512    0    0 1382864 880964 272023 1058488 40 12 21 26  0  0
41 27   4864 62805328 3013756 111395528    0    0 1385648 895560 274143 1059261 41 12 21 26  0  0
39 32   4864 62806716 3013756 111395536    0    0 1375248 898548 274250 1055736 41 12 21 26  0  0
40 32   4864 62804956 3013756 111395548    0    0 1386832 889108 275065 1059894 41 12 21 26  0  0
52 12   4864 62800784 3013756 111395556    0    0 1387136 896256 277478 1065840 42 12 21 25  0  0
54 31   4864 62803240 3013756 111395572    0    0 1379472 883200 271737 1052801 41 12 21 26  0  0
39 29   4864 62802156 3013756 111395580    0    0 1295504 837052 251881 987442 37 11 22 30  0  0
41 31   4864 62806548 3013756 111395588    0    0 1375488 888524 274474 1054463 40 12 21 26  0  0
52 12   4864 62806960 3013756 111395596    0    0 1384800 892372 277141 1059394 41 12 21 25  0  0
39 30   4864 62806912 3013756 111395608    0    0 1389184 890508 277788 1068679 41 12 21 25  0  0
37 33   4864 62804112 3013756 111395616    0    0 1376608 880368 272951 1051811 41 12 21 26  0  0
43 30   4864 62802936 3013756 111395632    0    0 1309408 827212 254501 991419 37 11 22 30  0  0
53 21   4864 62801592 3013756 111395640    0    0 1386560 889596 276979 1063633 42 12 21 25  0  0
43 26   4864 62800096 3013756 111395652    0    0 1389168 896252 278936 1065369 42 12 21 25  0  0
47 25   4864 62803280 3013756 111395664    0    0 1366960 880096 274403 1055669 40 12 21 26  0  0
51 15   4864 62803380 3013756 111395672    0    0 1391536 887136 276475 1067683 41 12 21 26  0  0
26 42   4864 62803588 3013756 111395688    0    0 1387424 892672 277130 1065897 41 13 21 25  0  0
35 34   4864 62806752 3013756 111395696    0    0 1309632 821488 253234 995918 37 11 22 29  0  0
50 13   4864 62805560 3013756 111395704    0    0 1357552 879128 269059 1038860 40 12 21 27  0  0
46 17   4864 62805512 3013756 111395716    0    0 1383520 886436 276492 1062005 41 13 21 25  0  0
procs -----------memory---------- ---swap-- -----io---- -system-- -------cpu-------
 r  b   swpd   free   buff  cache   si   so    bi    bo   in   cs us sy id wa st gu
34 38   4864 62800496 3013756 111395792    0    0 1387776 906228 277501 1065533 41 13 21 25  0  0
42 28   4864 62802236 3013756 111395804    0    0 1395088 896552 277342 1061034 42 13 21 25  0  0
31 37   4864 62803772 3013756 111395816    0    0 1344256 854572 260189 1012056 38 12 22 28  0  0
51 20   4864 62802492 3013756 111395824    0    0 1368160 874416 267162 1034434 39 12 21 27  0  0
41 27   4864 62805636 3013756 111395832    0    0 1384448 893724 276460 1057892 41 12 21 26  0  0
37 34   4864 62802436 3013756 111395844    0    0 1384320 895160 276272 1064208 41 12 21 25  0  0
42 29   4864 62798364 3013756 111395852    0    0 1377648 877596 274249 1061615 41 12 21 26  0  0
40 31   4864 62795896 3013756 111395868    0    0 1389296 891760 278895 1064844 42 12 21 25  0  0
42 30   4864 62794224 3013756 111395876    0    0 1364080 859472 270600 1043560 41 12 21 26  0  0
48 20   4864 62797040 3013756 111395884    0    0 1299984 846172 253693 995751 37 11 22 30  0  0
48 23   4864 62797928 3013756 111395896    0    0 1370640 879056 272502 1059222 40 12 21 26  0  0
45 18   4864 62799268 3013756 111395904    0    0 1378128 885960 275293 1068464 41 12 21 26  0  0
36 36   4864 62800228 3013756 111395920    0    0 1387856 895268 277701 1068796 41 13 21 25  0  0
57 16   4864 62800532 3013756 111395928    0    0 1386416 886244 277739 1066346 42 13 21 25  0  0
38 32   4864 62800960 3013756 111395936    0    0 1293200 824632 247561 972128 36 11 22 30  0  0
51 26   4864 62797916 3013756 111395948    0    0 1385328 893092 276172 1059533 41 12 21 26  0  0
53 17   4864 62799100 3013756 111395960    0    0 1381392 895256 275971 1059734 42 12 21 25  0  0
47 25   4864 62802940 3013756 111395972    0    0 1371904 882112 273435 1057141 40 12 21 26  0  0
43 24   4864 62800880 3013756 111395984    0    0 1371120 895324 274736 1063698 41 12 21 26  0  0
40 29   4864 62799600 3013756 111395992    0    0 1392192 894196 277146 1066294 41 13 21 25  0  0
40 28   4864 62801492 3013756 111395996    0    0 1308400 840064 254834 994586 37 11 22 29  0  0
procs -----------memory---------- ---swap-- -----io---- -system-- -------cpu-------
 r  b   swpd   free   buff  cache   si   so    bi    bo   in   cs us sy id wa st gu
37 35   4864 62800492 3013756 111396008    0    0 1342784 855960 263544 1031734 39 12 22 28  0  0
41 32   4864 62799244 3013756 111396020    0    0 1382896 889712 276774 1066753 41 12 21 25  0  0
40 29   4864 62800080 3013756 111396032    0    0 1384864 894176 276907 1058383 41 12 21 26  0  0
53 25   4864 62799544 3013756 111396044    0    0 1393552 900452 278064 1071464 41 13 21 25  0  0
35 34   4864 62797344 3013756 111396060    0    0 1356128 870664 266238 1036510 40 12 22 27  0  0
54 25   4864 62799208 3013756 111396068    0    0 1334368 853972 256861 1007795 38 11 22 29  0  0
45 20   4864 62798616 3013756 111396080    0    0 1390896 899552 277713 1067102 41 13 21 25  0  0
36 38   4864 62796728 3013756 111396092    0    0 1392144 896296 275994 1061957 41 12 21 25  0  0
49 25   4864 62796000 3013756 111396100    0    0 1372160 896288 273841 1051692 41 12 21 26  0  0
46 25   4864 62791052 3013756 111396112    0    0 1392112 896976 278213 1063502 42 12 21 25  0  0
55 18   4864 62793116 3013756 111396120    0    0 1363168 863008 268289 1037383 40 12 21 27  0  0
44 27   4864 62794512 3013756 111396132    0    0 1301552 838168 253382 995180 38 11 22 29  0  0
45 30   4864 62795068 3013756 111396140    0    0 1388544 886928 278805 1064999 42 12 21 25  0  0
48 21   4864 62798212 3013756 111396152    0    0 1383328 888908 276812 1062461 41 12 21 25  0  0
33 38   4864 62797280 3013756 111396160    0    0 1388464 899584 278592 1068425 42 13 21 25  0  0
38 32   4864 62797228 3013756 111396172    0    0 1394432 904620 278522 1062575 42 13 21 25  0  0
58 12   4864 62798820 3013756 111396176    0    0 1307568 826524 252420 991534 37 11 22 30  0  0
51 19   4864 62800884 3013756 111396188    0    0 1373408 888476 271883 1051823 40 12 21 27  0  0
45 24   4864 62800948 3013756 111396200    0    0 1391760 880416 276346 1064541 41 12 21 26  0  0
54 19   4864 62798396 3013756 111396208    0    0 1356096 895584 276540 1058176 41 12 21 26  0  0
30 42   4864 62799224 3013756 111396220    0    0 1382208 890820 276899 1064596 41 12 21 26  0  0
procs -----------memory---------- ---swap-- -----io---- -system-- -------cpu-------
 r  b   swpd   free   buff  cache   si   so    bi    bo   in   cs us sy id wa st gu
41 32   4864 62798252 3013756 111396228    0    0 1386896 894424 276630 1064757 41 12 21 25  0  0
54 17   4864 62795548 3013756 111396244    0    0 1296608 822120 251400 989669 37 11 22 30  0  0
41 29   4864 62797996 3013756 111396256    0    0 1366032 878376 269281 1041751 40 12 21 27  0  0
48 25   4864 62796672 3013756 111396264    0    0 1387088 888052 276523 1058914 41 12 21 26  0  0
38 34   4864 62795708 3013756 111396272    0    0 1383840 898764 276425 1061106 41 12 21 26  0  0
48 19   4864 62799212 3013756 111396284    0    0 1391024 895944 277338 1070542 41 13 21 25  0  0
49 28   4864 62796384 3013756 111396296    0    0 1375520 882512 273159 1052257 41 12 21 26  0  0
37 33   4864 62798860 3013756 111396304    0    0 1308752 832844 251420 986129 37 11 22 30  0  0
28 41   4864 62796948 3013756 111396316    0    0 1395728 882116 277907 1067637 42 13 21 25  0  0
41 32   4864 62795660 3013756 111396324    0    0 1381328 891992 276675 1064987 41 12 21 25  0  0
54 13   4864 62793228 3013756 111396336    0    0 1368320 879436 272599 1050127 41 12 21 26  0  0
41 30   4864 62794020 3013756 111396348    0    0 1383008 903664 278203 1063064 42 13 21 25  0  0
37 32   4864 62792960 3013756 111396356    0    0 1343104 861256 265037 1029802 40 12 21 27  0  0
39 28   4864 62790484 3013756 111396364    0    0 1321120 854616 258616 1008957 38 11 22 29  0  0
46 18   4864 62795628 3013756 111396380    0    0 1391744 887580 277762 1066511 42 12 21 25  0  0
48 15   4864 62795520 3013756 111396392    0    0 1386784 885200 274878 1059797 41 12 21 26  0  0
43 25   4864 62793248 3013756 111396404    0    0 1380640 905392 278058 1064612 41 13 21 25  0  0
47 20   4864 62791576 3013756 111396412    0    0 1397104 903940 277163 1066785 41 12 21 25  0  0
44 25   4864 62792640 3013756 111396512    0    0 1334928 852696 262597 1021766 39 12 22 28  0  0
36 33   4864 62789640 3013756 111396520    0    0 1344720 867184 262465 1024601 39 12 22 28  0  0
46 27   4864 62789736 3013756 111396528    0    0 1384432 897932 275697 1060277 41 13 21 25  0  0
procs -----------memory---------- ---swap-- -----io---- -system-- -------cpu-------
 r  b   swpd   free   buff  cache   si   so    bi    bo   in   cs us sy id wa st gu
51 15   4864 62790900 3013756 111396544    0    0 1386432 887144 275537 1059885 41 12 21 26  0  0
44 27   4864 62791240 3013756 111396556    0    0 1382496 894036 276697 1061103 41 13 21 26  0  0
34 36   4864 62791480 3013756 111396572    0    0 1359376 862524 267472 1027795 40 12 21 27  0  0
41 28   4864 62793360 3013756 111396580    0    0 1323760 857832 257634 1000684 38 11 22 29  0  0
42 26   4864 62791892 3013756 111396588    0    0 1386928 884540 276922 1069948 41 13 21 26  0  0
42 25   4864 62793240 3013756 111396604    0    0 1383600 894104 278746 1065870 42 13 21 25  0  0
34 38   4864 62791592 3013756 111396612    0    0 1383472 892560 274581 1063665 41 12 21 26  0  0
61 22   4864 62786444 3013756 111396624    0    0 1386624 887816 277807 1068705 42 12 21 25  0  0
39 32   4864 62788048 3013756 111396632    0    0 1390176 885868 278640 1070714 41 13 21 25  0  0
24 45   4864 62786500 3013756 111396636    0    0 1293008 816012 248856 983386 37 11 22 30  0  0
29 44   4864 62788940 3013756 111396648    0    0 1394640 888316 277687 1066610 42 12 21 25  0  0
47 29   4864 62786964 3013756 111396660    0    0 1382592 891992 277011 1069899 41 13 21 25  0  0
30 38   4864 62784260 3013756 111396668    0    0 1376944 882996 275794 1056144 41 12 21 26  0  0
56 11   4864 62785804 3013756 111396680    0    0 1380512 881160 276506 1073074 42 12 21 25  0  0
45 36   4864 62789368 3013756 111396688    0    0 1292880 836392 248864 977353 37 11 22 30  0  0
51 31   4864 62790176 3013756 111396696    0    0 1364640 883796 270031 1047649 40 12 21 27  0  0
57 26   4864 62787780 3013756 111396712    0    0 1392144 895800 278470 1058845 41 13 21 25  0  0
33 39   4864 62787664 3013756 111396720    0    0 1386320 898896 278221 1063379 42 12 21 25  0  0
42 33   4864 62786912 3013756 111396736    0    0 1388016 901928 278128 1066265 42 12 21 25  0  0
37 34   4864 62788396 3013756 111396744    0    0 1387888 885220 278063 1065289 42 13 21 25  0  0
32 40   4864 62789484 3013756 111396752    0    0 1349392 866888 267661 1035874 40 12 21 27  0  0
procs -----------memory---------- ---swap-- -----io---- -system-- -------cpu-------
 r  b   swpd   free   buff  cache   si   so    bi    bo   in   cs us sy id wa st gu
50 12   4864 62790004 3013756 111396768    0    0 1335936 850012 258664 1007822 38 11 22 29  0  0
46 23   4864 62786684 3013756 111396776    0    0 1387216 888312 277765 1064651 42 13 21 25  0  0
46 25   4864 62786808 3013756 111396788    0    0 1377904 893812 275398 1060874 41 12 21 26  0  0
43 27   4864 62785136 3013756 111396796    0    0 1387184 903904 275141 1054069 41 12 21 26  0  0
38 30   4864 62790036 3013756 111396808    0    0 1346048 859208 265954 1041164 40 12 22 27  0  0
52 21   4864 62788880 3013756 111396820    0    0 1312208 840452 254111 991905 37 11 22 30  0  0
41 25   4864 62785360 3013756 111396828    0    0 1392976 894696 277658 1053533 41 13 21 25  0  0
40 30   4864 62790796 3013756 111396836    0    0 1394704 905996 277216 1062409 41 12 21 26  0  0
45 22   4864 62792996 3013756 111396848    0    0 1392336 894860 275814 1059848 41 12 21 26  0  0
60  7   4864 62795184 3013756 111396856    0    0 1391440 896432 277727 1070547 41 13 21 25  0  0
41 31   4864 62793568 3013756 111396868    0    0 1390048 899920 277439 1063382 41 12 21 25  0  0
42 28   4864 62793424 3013756 111396880    0    0 1292288 824252 250136 985923 37 11 22 30  0  0
46 24   4864 62794032 3013756 111396888    0    0 1388464 896460 276303 1060289 41 12 21 26  0  0
38 31   4864 62793756 3013756 111396900    0    0 1385936 899044 276616 1066222 41 13 21 26  0  0
25 46   4864 62794588 3013756 111396908    0    0 1375344 892988 273583 1052309 41 12 21 26  0  0
44 27   4864 62791636 3013756 111396920    0    0 1377424 885360 275773 1063085 41 12 21 26  0  0
42 27   4864 62792996 3013756 111396928    0    0 1294336 830020 248264 975894 36 11 23 30  0  0
47 19   4864 62790540 3013756 111396940    0    0 1382784 892400 276534 1065814 41 12 21 26  0  0
52 18   4864 62791484 3013756 111396956    0    0 1394496 893920 278694 1064123 41 13 21 25  0  0
32 38   4864 62788364 3013756 111396964    0    0 1384992 902372 277533 1057701 41 12 21 25  0  0
38 35   4864 62790132 3013756 111396980    0    0 1381728 896280 278260 1076560 42 12 21 25  0  0
procs -----------memory---------- ---swap-- -----io---- -system-- -------cpu-------
 r  b   swpd   free   buff  cache   si   so    bi    bo   in   cs us sy id wa st gu
46 23   4864 62791348 3013756 111396988    0    0 1392912 895100 278028 1064532 42 13 21 25  0  0
50 21   4864 62791296 3013756 111396996    0    0 1364512 881376 274592 1049844 41 12 21 26  0  0
40 33   4864 62794012 3013756 111397000    0    0 1321472 841328 255431 1008661 38 11 22 29  0  0
44 26   4864 62797656 3013756 111397012    0    0 1398896 889852 274954 1062436 41 12 21 26  0  0
47 25   4864 62795592 3013756 111397020    0    0 1393136 889228 278299 1066585 41 12 21 25  0  0
45 22   4864 62796104 3013756 111397036    0    0 1367696 887748 273080 1054026 41 12 21 26  0  0
37 35   4864 62796640 3013756 111397044    0    0 1312736 842916 257818 998203 38 11 22 29  0  0
40 29   4864 62797976 3013756 111397052    0    0 1347200 863576 265607 1030016 39 12 22 28  0  0
45 23   4864 62797336 3013756 111397064    0    0 1390336 895012 277896 1064752 42 12 21 25  0  0
33 42   4864 62798960 3013756 111397076    0    0 1384896 896928 276265 1067012 41 12 21 25  0  0
35 36   4864 62793432 3013756 111397092    0    0 1387920 882416 276953 1059317 41 12 21 25  0  0
53 20   4864 62795300 3013756 111397100    0    0 1386048 888024 280105 1069479 42 13 21 25  0  0
40 32   4864 62794964 3013756 111397108    0    0 1389024 898684 276160 1058935 41 12 21 25  0  0
30 42   4864 62785800 3013756 111397120    0    0 1307872 846740 258821 1008100 39 11 22 28  0  0
50 18   4864 62791344 3013756 111397132    0    0 1373664 866100 269702 1043175 40 12 21 27  0  0
49 19   4864 62789972 3013756 111397216    0    0 1386192 895332 278784 1070292 41 13 21 25  0  0
52 20   4864 62793564 3013756 111397224    0    0 1373536 890840 275041 1052843 41 12 21 26  0  0
40 28   4864 62796304 3013756 111397232    0    0 1359024 875796 274017 1055657 40 12 21 26  0  0
39 38   4864 62794968 3013756 111397240    0    0 1301152 834368 251493 984486 37 11 22 30  0  0
35 36   4864 62794360 3013756 111397248    0    0 1388704 882084 277610 1066201 42 13 21 25  0  0
29 40   4864 62798124 3013756 111397260    0    0 1394688 894904 278857 1067843 42 12 21 25  0  0
procs -----------memory---------- ---swap-- -----io---- -system-- -------cpu-------
 r  b   swpd   free   buff  cache   si   so    bi    bo   in   cs us sy id wa st gu
41 28   4864 62796776 3013756 111397272    0    0 1384800 901816 278549 1060129 42 13 21 25  0  0
26 40   4864 62794752 3013756 111397280    0    0 1390976 903096 277612 1057511 42 13 21 25  0  0
37 39   4864 62797688 3013756 111397288    0    0 1384752 882976 276796 1055986 41 13 21 25  0  0
28 41   4864 62798072 3013756 111397300    0    0 1384512 878520 276673 1064462 41 13 21 25  0  0
47 22   4864 62797632 3013756 111397312    0    0 1305264 836820 250437 978461 37 11 22 30  0  0
38 40   4864 62795416 3013756 111397324    0    0 1391280 891584 276945 1065487 42 12 21 25  0  0
24 47   4864 62797536 3013756 111397332    0    0 1382896 879160 276490 1055360 41 13 21 25  0  0
38 34   4864 62798556 3013756 111397340    0    0 1369536 895664 272341 1052822 41 12 21 26  0  0
37 34   4864 62799160 3013756 111397352    0    0 1298592 822708 248191 976110 37 11 22 31  0  0
42 30   4864 62799228 3013756 111397364    0    0 1376480 882968 273826 1061579 41 12 21 26  0  0
28 42   4864 62797700 3013756 111397372    0    0 1390768 897152 275534 1062379 41 12 21 26  0  0
30 46   4864 62796844 3013756 111397384    0    0 1390688 897088 278010 1061927 41 13 21 25  0  0
26 43   4864 62794012 3013756 111397392    0    0 1387360 899172 277594 1059547 42 12 21 25  0  0
37 36   4864 62793900 3013756 111397400    0    0 1392912 879888 278524 1066426 42 13 21 25  0  0
29 39   4864 62791272 3013756 111397416    0    0 1380192 878888 276362 1074226 42 12 21 25  0  0
28 42   4864 62787832 3013756 111397424    0    0 1300816 817056 250909 977776 36 11 23 30  0  0
26 45   4864 62795124 3013756 111397436    0    0 1394208 903084 276961 1060198 41 12 21 26  0  0
39 33   4864 62796940 3013756 111397444    0    0 1392416 903828 275891 1058718 41 12 21 26  0  0
29 43   4864 62795212 3013756 111397456    0    0 1377280 876536 273955 1059840 41 12 21 26  0  0
25 45   4864 62795660 3013756 111397464    0    0 1289824 806624 245277 970961 36 11 23 31  0  0
25 46   4864 62794192 3013756 111397476    0    0 1378720 879776 275873 1055808 41 13 21 25  0  0
procs -----------memory---------- ---swap-- -----io---- -system-- -------cpu-------
 r  b   swpd   free   buff  cache   si   so    bi    bo   in   cs us sy id wa st gu
16 51   4864 62793292 3013756 111397488    0    0 1375312 894748 273773 1057791 41 12 21 26  0  0
21 44   4864 62792088 3013756 111397496    0    0 1387024 898988 275347 1057795 41 12 21 26  0  0
33 44   4864 62792728 3013756 111397508    0    0 1383888 895016 276458 1059804 41 13 21 25  0  0
26 42   4864 62791152 3013756 111397516    0    0 1390304 883232 279351 1065823 42 13 20 25  0  0
45 28   4864 62794468 3013756 111397532    0    0 1389616 891452 276067 1058497 41 13 21 25  0  0
19 50   4864 62797040 3013756 111397540    0    0 1325968 833412 257103 1006674 38 11 22 29  0  0
35 37   4864 62797676 3013756 111397552    0    0 1354448 851824 266186 1033230 39 12 22 27  0  0
28 44   4864 62796784 3013756 111397560    0    0 1388096 893968 276423 1060526 41 12 21 26  0  0
31 34   4864 62798604 3013756 111397572    0    0 1378560 882140 273719 1060082 41 12 21 26  0  0
26 44   4864 62796860 3013756 111397584    0    0 1308816 822720 255092 998457 38 11 22 29  0  0
40 33   4864 62797484 3013756 111397592    0    0 1339280 858396 264376 1035201 39 12 22 28  0  0
25 46   4864 62795636 3013756 111397604    0    0 1382064 889660 275708 1060876 41 12 21 26  0  0
30 40   4864 62798964 3013756 111397612    0    0 1393664 890652 274624 1058337 41 13 21 26  0  0
44 29   4864 62798432 3013756 111397624    0    0 1382960 889296 275959 1066466 42 12 21 25  0  0
48 23   4864 62797964 3013756 111397636    0    0 1389280 889280 276659 1064730 41 12 21 25  0  0
44 25   4864 62798432 3013756 111397644    0    0 1381232 907832 274711 1061083 41 12 21 26  0  0
33 36   4864 62797888 3013756 111397656    0    0 1380448 893188 277538 1067765 41 12 21 25  0  0
23 46   4864 62799572 3013756 111397664    0    0 1298720 822704 250019 979891 37 11 22 30  0  0
42 25   4864 62800824 3013756 111397680    0    0 1384096 893572 280209 1061532 42 12 21 25  0  0
45 24   4864 62797400 3013756 111397692    0    0 1366448 884276 273991 1055953 41 12 21 26  0  0
49 30   4864 62801392 3013756 111397700    0    0 1364576 881824 272684 1056756 40 12 21 26  0  0
procs -----------memory---------- ---swap-- -----io---- -system-- -------cpu-------
 r  b   swpd   free   buff  cache   si   so    bi    bo   in   cs us sy id wa st gu
35 35   4864 62801876 3013756 111397708    0    0 1280096 816112 245095 964108 36 11 23 31  0  0
39 30   4864 62802516 3013756 111397720    0    0 1377184 887516 273967 1051052 41 12 21 26  0  0
43 27   4864 62801144 3013756 111397728    0    0 1392736 900136 279502 1054536 42 13 20 25  0  0
44 25   4864 62802956 3013756 111397744    0    0 1387648 894732 277565 1066272 42 12 21 25  0  0
44 27   4864 62803956 3013756 111397752    0    0 1381968 896804 276053 1062195 41 12 21 26  0  0
35 34   4864 62800764 3013756 111397760    0    0 1386096 891996 276625 1071287 41 12 21 25  0  0
32 38   4864 62800644 3013756 111397772    0    0 1391152 893168 278393 1058651 42 13 21 25  0  0
38 28   4864 62797312 3013756 111397780    0    0 1370128 869468 267361 1025521 40 12 21 27  0  0
44 27   4864 62792076 3013756 111397792    0    0 1331520 842240 258079 1000032 38 11 22 29  0  0
37 36   4864 62793100 3013756 111397800    0    0 1381408 902984 275418 1059437 41 12 21 26  0  0
38 30   4864 62789460 3013756 111397808    0    0 1379008 892956 275634 1058048 41 12 21 26  0  0
26 42   4864 62790188 3013756 111397824    0    0 1294800 828212 248622 973701 37 11 22 30  0  0
42 29   4864 62791184 3013756 111397900    0    0 1365024 874780 272398 1055697 41 12 21 26  0  0
49 17   4864 62790324 3013756 111397908    0    0 1390112 893412 278249 1059949 42 13 20 25  0  0
48 21   4864 62791572 3013756 111397928    0    0 1387248 893460 278021 1068549 42 12 21 25  0  0
50 26   4864 62793172 3013756 111397936    0    0 1382656 897908 276045 1067980 41 12 21 26  0  0
42 27   4864 62793236 3013756 111397944    0    0 1383968 891464 276441 1062748 41 13 21 26  0  0
42 27   4864 62793056 3013756 111397956    0    0 1385728 899920 278159 1057172 42 12 21 25  0  0
50 23   4864 62791752 3013756 111397964    0    0 1390736 889032 278141 1069527 42 13 21 25  0  0
37 31   4864 62789688 3013756 111397980    0    0 1306928 830892 250360 979187 37 11 22 30  0  0
50 22   4864 62789408 3013756 111397988    0    0 1392336 893708 277004 1062844 42 13 21 25  0  0
procs -----------memory---------- ---swap-- -----io---- -system-- -------cpu-------
 r  b   swpd   free   buff  cache   si   so    bi    bo   in   cs us sy id wa st gu
40 31   4864 62790704 3013756 111398000    0    0 1389488 896432 276531 1062554 41 13 21 26  0  0
35 33   4864 62790440 3013756 111398008    0    0 1333632 855484 263761 1015186 39 12 22 28  0  0
42 26   4864 62786808 3013756 111398016    0    0 1323312 836968 255318 1004880 38 11 22 29  0  0
25 46   4864 62789920 3013756 111398032    0    0 1379184 883352 273989 1055081 41 12 21 25  0  0
52 14   4864 62788704 3013756 111398036    0    0 1393120 900644 276278 1055692 41 12 21 26  0  0
48 25   4864 62789504 3013756 111398048    0    0 1389392 901216 276781 1069590 41 13 21 25  0  0
41 29   4864 62790232 3013756 111398056    0    0 1385648 891348 275823 1064485 41 12 21 26  0  0
41 28   4864 62789688 3013756 111398064    0    0 1383424 902024 276782 1054555 42 12 20 25  0  0
46 24   4864 62790868 3013756 111398080    0    0 1384672 892188 277499 1063727 42 12 21 25  0  0
31 38   4864 62792000 3013756 111398092    0    0 1370688 887568 274526 1052294 41 12 21 26  0  0
39 32   4864 62791816 3013756 111398100    0    0 1308928 837752 250702 986321 37 11 22 30  0  0
38 37   4864 62788644 3013756 111398112    0    0 1381008 881492 274575 1069221 41 12 21 25  0  0
38 33   4864 62790800 3013756 111398120    0    0 1353856 870416 266982 1034405 40 12 21 27  0  0
43 28   4864 62791900 3013756 111398132    0    0 1306352 843312 254745 1000015 38 11 22 29  0  0
51 19   4864 62789660 3013756 111398144    0    0 1378096 886900 273035 1052304 41 12 21 26  0  0
55 15   4864 62792804 3013756 111398152    0    0 1382464 883028 275835 1061416 41 12 21 25  0  0
49 22   4864 62792064 3013756 111398164    0    0 1384848 892352 276785 1070085 42 12 21 25  0  0
22 46   4864 62794600 3013756 111398172    0    0 1388480 900768 276331 1060965 41 13 21 25  0  0
43 29   4864 62794788 3013756 111398184    0    0 1385136 889812 275738 1065234 41 12 21 26  0  0
46 26   4864 62795860 3013756 111398196    0    0 1389824 888636 276282 1057946 42 12 21 25  0  0
29 41   4864 62794128 3013756 111398204    0    0 1393760 897140 279295 1063294 42 13 20 25  0  0
procs -----------memory---------- ---swap-- -----io---- -system-- -------cpu-------
 r  b   swpd   free   buff  cache   si   so    bi    bo   in   cs us sy id wa st gu
44 29   4864 62792792 3013756 111398212    0    0 1295424 820280 248889 973537 37 11 22 30  0  0
48 27   4864 62790328 3013756 111398220    0    0 1394160 895460 278153 1062674 42 13 21 25  0  0
34 37   4864 62792236 3013756 111398232    0    0 1399728 894504 276772 1058154 41 12 21 26  0  0
41 27   4864 62792148 3013756 111398244    0    0 1283200 812660 245359 969410 36 10 23 31  0  0
29 44   4864 62794660 3013756 111398260    0    0 1366480 880712 270769 1049580 40 12 21 26  0  0
33 36   4864 62793652 3013756 111398268    0    0 1387760 890572 275913 1066245 41 12 21 26  0  0
50 17   4864 62792004 3013756 111398280    0    0 1389248 898816 278190 1061511 42 13 21 25  0  0
43 29   4864 62792604 3013756 111398292    0    0 1391648 891700 276433 1061271 41 13 21 25  0  0
42 28   4864 62791052 3013756 111398304    0    0 1381808 893196 274838 1059201 41 12 21 26  0  0
41 33   4864 62789552 3013756 111398316    0    0 1386432 889220 276809 1060594 41 12 21 26  0  0
32 35   4864 62788204 3013756 111398324    0    0 1389680 890728 278229 1060101 42 13 21 25  0  0
38 24   4864 62789052 3013756 111398336    0    0 1358592 865472 265430 1027353 40 12 21 27  0  0
40 30   4864 62784112 3013756 111398344    0    0 1328352 859928 260569 1007785 39 11 22 28  0  0
39 35   4864 62788688 3013756 111398356    0    0 1380080 898632 275420 1056326 41 12 21 26  0  0
33 36   4864 62789100 3013756 111398368    0    0 1318928 845048 258458 1009311 38 11 22 29  0  0
46 19   4864 62786584 3013756 111398376    0    0 1325936 847628 260455 1011187 38 12 22 28  0  0
44 27   4864 62784984 3013756 111398384    0    0 1380496 886412 275893 1068619 41 13 21 25  0  0
43 24   4864 62789388 3013756 111398396    0    0 1390944 897828 279805 1068421 42 13 21 25  0  0
56 24   4864 62788276 3013756 111398404    0    0 1388464 888684 278071 1067662 42 13 21 25  0  0
48 23   4864 62789720 3013756 111398416    0    0 1392608 899240 275406 1062105 41 12 21 26  0  0
51 21   4864 62790820 3013756 111398424    0    0 1379024 890676 275204 1053069 41 12 21 25  0  0
