procs -----------memory---------- ---swap-- -----io---- -system-- -------cpu-------
 r  b   swpd   free   buff  cache   si   so    bi    bo   in   cs us sy id wa st gu
 4  0   4864 63007696 3013712 111366352    0    0  3948  3680 1445    0  0  0 100  0  0  0
32  0   4864 62972052 3013712 111366388    0    0     0 320120 50946 30180 40  0 60  0  0  0
26 10   4864 62880616 3013712 111366392    0    0 502272 358940 131735 411919 25  4 61 10  0  0
23 13   4864 62872536 3013712 111366404    0    0 940352 577260 189915 763548 21  7 54 18  0  0
18 18   4864 62874520 3013712 111366412    0    0 945296 576524 187647 765866 22  7 54 17  0  0
25 12   4864 62872400 3013712 111366424    0    0 946320 569504 188116 766988 21  7 54 18  0  0
24 14   4864 62874968 3013712 111366436    0    0 942640 565776 188059 756854 21  7 54 18  0  0
21 15   4864 62877596 3013712 111366444    0    0 940384 572044 188935 755231 21  7 54 18  0  0
19 16   4864 62864540 3013712 111366464    0    0 935632 581048 189477 758824 21  7 54 18  0  0
22 13   4864 62870172 3013712 111366476    0    0 938592 576200 188955 755555 21  7 54 18  0  0
15 20   4864 62877488 3013712 111366488    0    0 921280 573672 185255 743617 21  6 54 18  0  0
24 10   4864 62878980 3013712 111366500    0    0 914544 566244 181604 734987 21  7 54 18  0  0
23 12   4864 62878204 3013712 111366508    0    0 929056 569664 184683 749581 21  7 54 18  0  0
21 13   4864 62883396 3013712 111366520    0    0 924224 574656 182327 735744 21  7 54 18  0  0
26  9   4864 62888456 3013712 111366528    0    0 928208 576084 183487 742785 21  7 54 18  0  0
24 12   4864 62886208 3013712 111366540    0    0 927040 588280 185273 745311 21  7 54 18  0  0
24 12   4864 62887592 3013712 111366548    0    0 933360 595956 189158 747675 21  7 54 18  0  0
19 16   4864 62893436 3013712 111366560    0    0 919728 610448 186910 746551 21  7 55 18  0  0
24 16   4864 62897460 3013712 111366564    0    0 921456 616424 186789 747533 21  7 54 18  0  0
26 11   4864 62901804 3013712 111366576    0    0 931344 605228 186148 748730 21  7 54 18  0  0
27 11   4864 62903140 3013712 111366588    0    0 933376 621672 187288 747980 21  7 54 18  0  0
procs -----------memory---------- ---swap-- -----io---- -system-- -------cpu-------
 r  b   swpd   free   buff  cache   si   so    bi    bo   in   cs us sy id wa st gu
21 18   4864 62902116 3013712 111366596    0    0 941264 615792 189799 746765 21  7 54 18  0  0
22 14   4864 62900400 3013712 111366608    0    0 940496 623448 187442 745944 21  7 54 18  0  0
26  9   4864 62900380 3013712 111366608    0    0 929120 636336 187369 745516 21  7 54 18  0  0
26 10   4864 62902672 3013712 111366628    0    0 922576 642496 189238 748629 21  7 54 18  0  0
20 15   4864 62905740 3013712 111366640    0    0 926656 645360 191520 753438 21  7 54 18  0  0
30  6   4864 62902056 3013712 111366648    0    0 926608 628468 191435 752659 21  7 54 18  0  0
19 14   4864 62901108 3013712 111366660    0    0 877968 604956 178670 710534 20  6 54 19  0  0
21 14   4864 62901488 3013712 111366668    0    0 913024 614992 185631 734232 21  7 54 19  0  0
20 15   4864 62901712 3013712 111366684    0    0 927552 633164 190922 752751 21  7 54 18  0  0
27 10   4864 62903160 3013712 111366692    0    0 929152 629524 191149 754153 21  7 54 18  0  0
21 15   4864 62899808 3013712 111366704    0    0 933904 634200 193066 755882 21  7 54 18  0  0
18 16   4864 62905848 3013712 111366716    0    0 933104 626700 189429 756887 21  7 54 18  0  0
23 19   4864 62904136 3013712 111366728    0    0 934848 635508 191746 760541 21  7 54 18  0  0
23 14   4864 62907292 3013712 111366736    0    0 930880 634676 190606 746111 21  7 54 18  0  0
25 12   4864 62904608 3013712 111366812    0    0 930784 618468 189564 756880 21  7 54 18  0  0
17 22   4864 62904112 3013712 111366824    0    0 931584 638176 190509 755169 21  7 54 18  0  0
27  9   4864 62905572 3013712 111366832    0    0 933872 631176 190537 757966 21  7 54 18  0  0
26 13   4864 62905348 3013712 111366844    0    0 933808 627732 188638 749546 21  7 54 18  0  0
31  7   4864 62901940 3013712 111366852    0    0 932784 630024 189359 751107 22  7 54 18  0  0
14 21   4864 62901564 3013712 111366864    0    0 932128 629212 189610 756742 21  7 54 18  0  0
29 10   4864 62900700 3013712 111366872    0    0 936528 631656 188853 757284 21  7 54 18  0  0
procs -----------memory---------- ---swap-- -----io---- -system-- -------cpu-------
 r  b   swpd   free   buff  cache   si   so    bi    bo   in   cs us sy id wa st gu
22 15   4864 62900908 3013712 111366888    0    0 936368 633644 191598 750370 21  7 54 18  0  0
32  8   4864 62902288 3013712 111366900    0    0 926544 644064 189274 751733 21  7 54 18  0  0
15 23   4864 62900044 3013712 111366908    0    0 878976 598204 177654 710361 20  6 54 19  0  0
26 11   4864 62900436 3013712 111366916    0    0 927008 631236 190110 748708 21  7 54 18  0  0
20 17   4864 62901488 3013712 111366932    0    0 929408 637272 190641 753416 21  7 54 18  0  0
31 12   4864 62903624 3013712 111366944    0    0 935232 636292 192068 756677 21  7 54 18  0  0
27 12   4864 62898916 3013712 111366956    0    0 932576 636348 191571 753944 21  7 54 18  0  0
15 24   4864 62905208 3013712 111366964    0    0 935360 640608 189964 753732 21  7 54 18  0  0
21 17   4864 62902348 3013712 111366972    0    0 936272 639780 188570 750569 21  7 54 18  0  0
19 16   4864 62902644 3013712 111366980    0    0 932672 640404 189155 748095 21  7 54 18  0  0
29 10   4864 62905284 3013712 111366988    0    0 925088 654556 189268 748983 21  7 54 18  0  0
24 11   4864 62905832 3013712 111367000    0    0 927968 652316 188542 748145 21  7 54 18  0  0
24 12   4864 62904664 3013712 111367012    0    0 930320 645592 189458 746627 21  7 54 18  0  0
21 13   4864 62905232 3013712 111367012    0    0 929648 656724 189372 748501 21  7 54 18  0  0
25 12   4864 62907556 3013712 111367032    0    0 931712 646244 188484 750950 21  7 54 18  0  0
24 12   4864 62906648 3013712 111367044    0    0 933728 656628 190976 748991 21  7 54 18  0  0
25 11   4864 62903640 3013712 111367052    0    0 926448 659528 192036 747336 21  7 54 18  0  0
24 10   4864 62902096 3013712 111367064    0    0 940592 654880 194139 759081 21  7 54 18  0  0
23 13   4864 62900432 3013712 111367072    0    0 899600 631964 184841 723922 21  7 54 19  0  0
27  9   4864 62901284 3013712 111367084    0    0 906128 626304 185335 726319 21  6 54 19  0  0
28  8   4864 62901016 3013712 111367096    0    0 943376 661392 194753 766192 21  7 54 18  0  0
procs -----------memory---------- ---swap-- -----io---- -system-- -------cpu-------
 r  b   swpd   free   buff  cache   si   so    bi    bo   in   cs us sy id wa st gu
20 15   4864 62897856 3013712 111367104    0    0 947344 652828 193213 763125 21  7 54 18  0  0
25 10   4864 62895336 3013712 111367116    0    0 947328 645968 194516 762418 21  7 54 18  0  0
23 12   4864 62892704 3013712 111367124    0    0 943600 672168 196370 767654 21  7 54 18  0  0
24 12   4864 62893284 3013712 111367140    0    0 949792 652936 195101 764529 21  7 54 18  0  0
22 16   4864 62897372 3013712 111367156    0    0 934288 665780 194761 757126 22  7 54 18  0  0
20 22   4864 62898720 3013712 111367164    0    0 946032 647604 195275 765341 21  7 54 18  0  0
21 14   4864 62893672 3013712 111367172    0    0 936752 659764 192034 758461 21  7 54 18  0  0
26 11   4864 62897204 3013712 111367180    0    0 941264 652284 191693 759800 21  7 54 18  0  0
22 12   4864 62898384 3013712 111367192    0    0 940128 658836 190969 754465 21  7 54 18  0  0
22 12   4864 62898868 3013712 111367200    0    0 944624 656304 192039 760432 22  7 54 18  0  0
24 11   4864 62900428 3013712 111367212    0    0 941200 657832 191637 752173 21  7 54 18  0  0
28 11   4864 62898268 3013712 111367220    0    0 947536 654036 192291 763614 21  7 54 18  0  0
21 18   4864 62899696 3013712 111367232    0    0 941632 647964 191348 756474 22  7 54 18  0  0
28  9   4864 62898816 3013712 111367240    0    0 916944 625944 186048 735924 21  7 54 18  0  0
21 14   4864 62903232 3013712 111367252    0    0 896576 623772 181144 720585 20  7 54 19  0  0
18 20   4864 62907584 3013712 111367264    0    0 941600 653844 191392 752408 21  7 54 18  0  0
23 13   4864 62905016 3013712 111367276    0    0 937648 651080 189371 750427 21  7 54 18  0  0
28  8   4864 62907812 3013712 111367288    0    0 944592 651812 190960 757682 21  7 54 18  0  0
22 12   4864 62907824 3013712 111367296    0    0 947136 663060 193909 758590 22  7 54 18  0  0
25  9   4864 62908700 3013712 111367308    0    0 941952 662196 194836 756460 21  7 54 18  0  0
24 12   4864 62907604 3013712 111367320    0    0 936400 655028 194910 761035 21  7 54 18  0  0
procs -----------memory---------- ---swap-- -----io---- -system-- -------cpu-------
 r  b   swpd   free   buff  cache   si   so    bi    bo   in   cs us sy id wa st gu
19 17   4864 62903016 3013712 111367328    0    0 942880 663020 194092 759192 21  7 54 18  0  0
23 13   4864 62903072 3013712 111367340    0    0 940656 653612 192101 754386 21  7 54 18  0  0
16 23   4864 62898592 3013712 111367348    0    0 936848 655812 192447 756963 21  7 54 18  0  0
23 16   4864 62896824 3013712 111367356    0    0 939680 659524 194226 761488 21  7 54 18  0  0
25  9   4864 62899152 3013712 111367364    0    0 946624 655868 193022 763660 21  7 54 18  0  0
25  9   4864 62899172 3013712 111367376    0    0 948624 651904 193042 761257 21  7 54 18  0  0
27 10   4864 62897784 3013712 111367384    0    0 941072 665120 192656 759103 21  7 54 18  0  0
34 14   4864 62899968 3013712 111367392    0    0 943200 666000 193523 758725 21  7 54 18  0  0
30 10   4864 62900780 3013712 111367408    0    0 923488 633568 186946 743568 21  7 54 18  0  0
12 25   4864 62901024 3013712 111367416    0    0 885808 615100 178872 713350 20  6 54 19  0  0
26 11   4864 62902308 3013712 111367428    0    0 941008 663768 192226 755986 21  7 54 18  0  0
25 12   4864 62891268 3013712 111367496    0    0 937264 650688 189246 753375 21  7 54 18  0  0
25 12   4864 62889500 3013712 111367512    0    0 944368 646664 191499 764799 21  7 54 18  0  0
19 20   4864 62889052 3013712 111367532    0    0 936080 670628 191925 759449 21  7 54 18  0  0
17 18   4864 62892484 3013712 111367544    0    0 942352 646236 191690 760699 22  7 54 18  0  0
24 10   4864 62894980 3013712 111367556    0    0 941856 663432 191419 752900 21  7 54 18  0  0
19 17   4864 62897564 3013712 111367564    0    0 940672 661788 193902 762606 21  7 54 18  0  0
25 10   4864 62900000 3013712 111367572    0    0 940384 656748 193844 762251 21  7 54 18  0  0
23 14   4864 62901748 3013712 111367588    0    0 938416 664824 192195 753797 21  7 54 18  0  0
21 14   4864 62899084 3013712 111367596    0    0 946560 654272 194138 756324 21  7 54 18  0  0
26 13   4864 62899868 3013712 111367604    0    0 944304 654916 193912 758568 21  7 54 18  0  0
procs -----------memory---------- ---swap-- -----io---- -system-- -------cpu-------
 r  b   swpd   free   buff  cache   si   so    bi    bo   in   cs us sy id wa st gu
24 10   4864 62901608 3013712 111367612    0    0 944784 659204 194142 761257 21  7 54 18  0  0
23 11   4864 62898596 3013712 111367616    0    0 942144 659404 191266 754325 22  7 54 18  0  0
29  6   4864 62894840 3013712 111367636    0    0 942656 650288 189790 757930 22  7 54 18  0  0
23 19   4864 62895004 3013712 111367648    0    0 926656 656920 187888 746644 21  7 54 18  0  0
18 16   4864 62892724 3013712 111367656    0    0 787296 554812 159198 637111 18  6 59 18  0  0
23 14   4864 62895064 3013712 111367668    0    0 939936 648648 191098 759767 21  7 54 18  0  0
16 19   4864 62898280 3013712 111367676    0    0 938816 646292 190242 754199 21  7 54 18  0  0
16 22   4864 62897760 3013712 111367684    0    0 945440 654912 191796 764610 21  7 54 18  0  0
21 14   4864 62899128 3013712 111367700    0    0 944208 668112 192784 762458 21  7 54 18  0  0
26 11   4864 62900712 3013712 111367708    0    0 949168 649772 191905 763743 22  7 54 18  0  0
24 14   4864 62900468 3013712 111367720    0    0 946256 660872 192629 764998 21  7 54 18  0  0
27 10   4864 62897480 3013712 111367728    0    0 939936 655556 193623 762333 22  7 54 18  0  0
22 15   4864 62898552 3013712 111367736    0    0 939440 653804 193100 755568 21  7 54 18  0  0
25 10   4864 62898328 3013712 111367756    0    0 942032 662836 192694 756270 21  7 54 18  0  0
25 10   4864 62899492 3013712 111367764    0    0 944416 657516 192649 762084 21  7 54 18  0  0
18 18   4864 62899688 3013712 111367772    0    0 944192 649936 191662 757551 21  7 54 18  0  0
16 19   4864 62903696 3013712 111367784    0    0 944560 665528 193598 765338 21  7 54 18  0  0
22 14   4864 62906248 3013712 111367788    0    0 951040 664352 192061 758159 21  7 54 18  0  0
25 10   4864 62908332 3013712 111367800    0    0 947984 658508 193525 759471 22  7 54 18  0  0
20 17   4864 62908700 3013712 111367812    0    0 942944 660472 191871 761180 22  7 54 18  0  0
19 20   4864 62908324 3013712 111367820    0    0 907424 627996 183450 732504 21  7 54 19  0  0
procs -----------memory---------- ---swap-- -----io---- -system-- -------cpu-------
 r  b   swpd   free   buff  cache   si   so    bi    bo   in   cs us sy id wa st gu
27 12   4864 62908880 3013712 111367832    0    0 902576 621980 183389 727015 21  7 54 19  0  0
27 12   4864 62909752 3013712 111367840    0    0 942256 658124 191848 760021 21  7 54 18  0  0
27 10   4864 62909524 3013712 111367852    0    0 943744 660252 190978 760769 21  7 54 18  0  0
16 23   4864 62907288 3013712 111367864    0    0 945312 653592 192390 769927 22  7 54 18  0  0
16 23   4864 62901436 3013712 111367876    0    0 948176 659388 193658 767232 21  7 54 18  0  0
25 11   4864 62903708 3013712 111367888    0    0 941568 666572 195333 769673 21  7 54 18  0  0
19 17   4864 62903212 3013712 111367896    0    0 940720 656672 194227 766462 22  7 54 18  0  0
16 24   4864 62902892 3013712 111367908    0    0 943296 656052 191297 753800 21  7 54 18  0  0
23 14   4864 62899952 3013712 111367920    0    0 939248 652024 190374 754253 21  7 54 18  0  0
16 24   4864 62903704 3013712 111367928    0    0 941536 664384 192286 757709 21  7 54 18  0  0
25 11   4864 62899712 3013712 111367940    0    0 950352 648968 191609 762684 22  7 54 18  0  0
22 15   4864 62897896 3013712 111367948    0    0 945056 656964 191541 763996 21  7 54 18  0  0
19 21   4864 62901624 3013712 111367960    0    0 945296 660736 190859 760648 21  7 54 18  0  0
29 12   4864 62903112 3013712 111367964    0    0 945520 663012 192457 761179 21  7 54 18  0  0
20 15   4864 62908556 3013712 111367976    0    0 939728 659832 191105 756175 22  7 54 18  0  0
36 12   4864 62910028 3013712 111367984    0    0 947536 637056 190406 752379 22  7 54 18  0  0
24 11   4864 62913092 3013712 111367996    0    0 882384 615500 177504 707686 20  6 54 19  0  0
27 11   4864 62910524 3013712 111368008    0    0 931744 635312 186467 740310 21  7 54 18  0  0
31  8   4864 62910896 3013712 111368016    0    0 944080 656448 192596 753648 21  7 54 18  0  0
24 14   4864 62911748 3013712 111368032    0    0 947856 661888 195046 760788 21  7 54 18  0  0
27 14   4864 62909804 3013712 111368044    0    0 944400 668560 194650 768280 21  7 54 18  0  0
procs -----------memory---------- ---swap-- -----io---- -system-- -------cpu-------
 r  b   swpd   free   buff  cache   si   so    bi    bo   in   cs us sy id wa st gu
24 14   4864 62911020 3013712 111368056    0    0 942336 678516 193446 766381 21  7 54 18  0  0
26 12   4864 62911340 3013712 111368064    0    0 947808 668220 193445 770186 21  7 54 18  0  0
22 14   4864 62913808 3013712 111368076    0    0 945056 673116 193721 771241 21  7 54 18  0  0
20 14   4864 62910844 3013712 111368088    0    0 946688 672708 193880 757974 21  7 54 18  0  0
28  8   4864 62912144 3013712 111368096    0    0 942176 671868 193704 758898 22  7 54 18  0  0
25 11   4864 62912724 3013712 111368108    0    0 940960 671248 193654 761574 21  7 54 18  0  0
23 13   4864 62910540 3013712 111368116    0    0 944352 659124 191958 760623 21  7 54 18  0  0
24 16   4864 62909836 3013712 111368128    0    0 945520 657144 192277 757618 21  7 54 18  0  0
19 17   4864 62905732 3013712 111368224    0    0 945440 667816 193131 759791 22  7 54 18  0  0
27  9   4864 62907324 3013712 111368232    0    0 948576 663500 192964 760276 21  7 54 18  0  0
24 14   4864 62909912 3013712 111368244    0    0 944480 662540 193699 760678 21  7 54 18  0  0
23 13   4864 62905544 3013712 111368252    0    0 912496 644532 186388 738409 21  7 54 19  0  0
25 12   4864 62904704 3013712 111368268    0    0 905184 627860 182719 722011 20  6 54 19  0  0
26  8   4864 62905536 3013712 111368276    0    0 935776 657544 192955 758799 21  7 54 18  0  0
25 10   4864 62906476 3013712 111368288    0    0 946304 658932 192410 763312 21  7 54 18  0  0
22 14   4864 62903364 3013712 111368296    0    0 942704 659164 194397 758209 22  7 54 18  0  0
24 12   4864 62899784 3013712 111368308    0    0 944432 663796 192757 752980 21  7 54 18  0  0
23 13   4864 62895564 3013712 111368324    0    0 943792 660768 194562 759308 22  7 54 18  0  0
25  9   4864 62896508 3013712 111368332    0    0 943072 658060 194132 761138 21  7 54 18  0  0
10 28   4864 62900048 3013712 111368344    0    0 940384 656588 194251 754808 21  7 54 18  0  0
19 16   4864 62903140 3013712 111368352    0    0 942800 664428 194354 758037 21  7 54 18  0  0
procs -----------memory---------- ---swap-- -----io---- -system-- -------cpu-------
 r  b   swpd   free   buff  cache   si   so    bi    bo   in   cs us sy id wa st gu
17 19   4864 62902360 3013712 111368360    0    0 942288 656484 193142 763872 21  7 54 18  0  0
18 20   4864 62900996 3013712 111368376    0    0 943440 665828 194482 758630 21  7 54 18  0  0
22 16   4864 62903536 3013712 111368384    0    0 948192 660412 194950 756987 22  7 54 18  0  0
21 18   4864 62905104 3013712 111368396    0    0 944080 656604 194864 765443 21  7 54 18  0  0
 8 29   4864 62902408 3013712 111368404    0    0 946400 661540 194588 763250 22  7 54 18  0  0
25  9   4864 62904364 3013712 111368412    0    0 939840 666832 195584 762180 21  7 54 18  0  0
25 13   4864 62901452 3013712 111368420    0    0 908560 636468 187214 735705 21  7 54 19  0  0
22 14   4864 62903080 3013712 111368432    0    0 902032 625500 183346 727306 20  7 54 19  0  0
23 12   4864 62901312 3013712 111368440    0    0 940432 650472 193417 758696 21  7 54 18  0  0
23 13   4864 62903900 3013712 111368452    0    0 937376 657096 193011 759661 21  7 54 18  0  0
15 20   4864 62904504 3013712 111368460    0    0 942704 659468 194884 759098 21  7 54 18  0  0
18 16   4864 62901008 3013712 111368472    0    0 947408 665848 195262 766426 21  7 54 18  0  0
26 10   4864 62897264 3013712 111368484    0    0 944192 662284 194236 764158 22  7 54 18  0  0
28 11   4864 62895724 3013712 111368492    0    0 943168 660904 191929 757687 21  7 54 18  0  0
10 24   4864 62898964 3013712 111368504    0    0 917888 648552 189359 743241 21  7 54 18  0  0
27 12   4864 62895356 3013712 111368512    0    0 884816 610176 179360 712137 20  6 54 19  0  0
22 14   4864 62897976 3013712 111368520    0    0 941024 662100 193300 766048 21  7 54 18  0  0
27  9   4864 62899244 3013712 111368536    0    0 943808 660404 192159 761357 21  7 54 18  0  0
18 19   4864 62900192 3013712 111368548    0    0 943136 654692 193677 758959 21  7 54 18  0  0
27 12   4864 62902164 3013712 111368560    0    0 944768 647992 195876 770905 22  7 54 17  0  0
20 22   4864 62901456 3013712 111368568    0    0 947376 666104 194672 767499 21  7 54 18  0  0
procs -----------memory---------- ---swap-- -----io---- -system-- -------cpu-------
 r  b   swpd   free   buff  cache   si   so    bi    bo   in   cs us sy id wa st gu
22 19   4864 62898124 3013712 111368576    0    0 941808 654048 193903 767031 21  7 54 18  0  0
 8 29   4864 62904580 3013712 111368592    0    0 940384 654644 193699 765496 21  7 54 18  0  0
20 18   4864 62903208 3013712 111368596    0    0 883920 614912 180666 720159 20  6 54 19  0  0
25 16   4864 62902764 3013712 111368604    0    0 928992 651688 187517 746022 21  7 54 18  0  0
16 20   4864 62903520 3013712 111368616    0    0 936608 666724 191812 752408 21  7 54 18  0  0
27 14   4864 62902016 3013712 111368628    0    0 944464 656004 192134 761769 22  7 54 18  0  0
19 21   4864 62902916 3013712 111368644    0    0 938432 659204 191675 758755 22  7 54 18  0  0
25 15   4864 62898400 3013712 111368660    0    0 948320 649084 191701 763836 22  7 54 18  0  0
28 19   4864 62890900 3013712 111368668    0    0 940016 664824 192245 761474 21  7 54 18  0  0
12 26   4864 62889148 3013712 111368680    0    0 937600 672368 192573 757459 21  7 54 18  0  0
19 19   4864 62886744 3013712 111368688    0    0 877648 613248 176736 701279 20  6 54 19  0  0
22 17   4864 62888420 3013712 111368700    0    0 927440 667284 192252 747975 21  7 54 18  0  0
27 10   4864 62885240 3013712 111368712    0    0 941072 662912 192456 758954 21  7 54 18  0  0
27 13   4864 62887312 3013712 111368720    0    0 950240 656440 192881 762514 21  7 54 18  0  0
15 24   4864 62888184 3013712 111368732    0    0 942000 662692 190774 753610 22  7 54 18  0  0
17 20   4864 62891476 3013712 111368740    0    0 949120 656084 191440 757950 22  7 54 18  0  0
25 13   4864 62890660 3013712 111368752    0    0 948464 664464 192546 757580 22  7 54 18  0  0
26 12   4864 62892012 3013712 111368764    0    0 942544 672304 193708 762038 21  7 54 18  0  0
14 25   4864 62888872 3013712 111368772    0    0 932880 640644 188864 749900 21  7 54 18  0  0
15 24   4864 62889968 3013712 111368776    0    0 889088 627840 179468 710814 20  6 54 19  0  0
23 14   4864 62897364 3013712 111368788    0    0 941232 655992 191496 752861 22  7 54 18  0  0
procs -----------memory---------- ---swap-- -----io---- -system-- -------cpu-------
 r  b   swpd   free   buff  cache   si   so    bi    bo   in   cs us sy id wa st gu
17 20   4864 62899804 3013712 111368800    0    0 936000 671080 192583 757025 21  7 54 18  0  0
22 18   4864 62899972 3013712 111368808    0    0 944512 675208 194371 757299 21  7 54 18  0  0
25 14   4864 62896880 3013712 111368820    0    0 944304 653124 190949 757667 22  7 54 18  0  0
19 22   4864 62895392 3013712 111368828    0    0 941936 676572 193229 760894 21  7 54 18  0  0
14 23   4864 62893268 3013712 111368840    0    0 939584 675808 194387 763829 21  7 54 18  0  0
13 26   4864 62894996 3013712 111368912    0    0 909568 634020 184758 740579 21  7 54 19  0  0
22 15   4864 62894180 3013712 111368924    0    0 903952 639788 183509 732066 21  6 54 19  0  0
22 17   4864 62895888 3013712 111368936    0    0 943824 666804 192649 770872 21  7 54 18  0  0
14 24   4864 62897848 3013712 111368944    0    0 946800 660948 192424 758604 21  7 54 18  0  0
16 20   4864 62899136 3013712 111368956    0    0 944432 672496 192669 759199 21  7 54 18  0  0
16 23   4864 62896520 3013712 111368964    0    0 940192 687268 195131 764870 21  7 54 18  0  0
15 23   4864 62894532 3013712 111368976    0    0 948848 660668 193999 765864 22  7 54 18  0  0
29 13   4864 62897924 3013712 111368988    0    0 943632 657548 193982 762071 22  7 54 18  0  0
18 18   4864 62893716 3013712 111368996    0    0 932768 661156 190937 756849 21  7 54 18  0  0
25 18   4864 62892472 3013720 111369008    0    0 882160 619460 177951 707946 20  6 54 19  0  0
19 21   4864 62893216 3013720 111369020    0    0 947136 660492 192852 761986 21  7 54 18  0  0
29 11   4864 62898268 3013720 111369028    0    0 939056 655336 190853 754465 21  7 54 18  0  0
16 23   4864 62903432 3013720 111369040    0    0 940720 676368 193050 757336 22  7 54 18  0  0
17 20   4864 62904924 3013720 111369052    0    0 949472 651544 190252 749554 21  7 54 18  0  0
24 13   4864 62906948 3013720 111369060    0    0 935600 668444 191289 755733 22  7 54 18  0  0
21 20   4864 62909088 3013720 111369072    0    0 947712 667700 193492 765026 21  7 54 18  0  0
procs -----------memory---------- ---swap-- -----io---- -system-- -------cpu-------
 r  b   swpd   free   buff  cache   si   so    bi    bo   in   cs us sy id wa st gu
18 23   4864 62908908 3013720 111369084    0    0 940096 657712 191788 753816 22  7 54 18  0  0
13 24   4864 62909200 3013720 111369092    0    0 872480 598068 174732 697331 20  6 54 20  0  0
20 20   4864 62908040 3013720 111369104    0    0 936112 657744 189478 750782 21  7 54 18  0  0
20 18   4864 62908248 3013720 111369112    0    0 942848 660060 190936 758284 21  7 54 18  0  0
21 18   4864 62914372 3013720 111369124    0    0 939584 678320 193707 755511 21  7 54 18  0  0
17 20   4864 62913752 3013720 111369140    0    0 945408 668900 192094 765976 22  7 54 18  0  0
21 16   4864 62913664 3013720 111369148    0    0 945776 663736 193605 763541 22  7 54 18  0  0
17 20   4864 62914092 3013720 111369160    0    0 946976 663264 192637 762475 22  7 54 18  0  0
19 21   4864 62910324 3013720 111369168    0    0 937024 663784 193650 767516 21  7 54 18  0  0
14 23   4864 62911464 3013720 111369180    0    0 901680 639076 183966 733751 21  6 54 19  0  0
27 11   4864 62907152 3013720 111369192    0    0 904928 647268 184777 738761 21  7 54 19  0  0
24 18   4864 62909212 3013720 111369200    0    0 943104 655520 192131 765297 21  7 54 18  0  0
14 24   4864 62913444 3013720 111369204    0    0 931168 682200 192538 764019 21  7 54 18  0  0
36 18   4864 62910460 3013720 111369220    0    0 941664 667372 193544 764673 21  7 54 18  0  0
21 19   4864 62913512 3013720 111369228    0    0 945008 685200 193782 766145 21  7 54 18  0  0
28 16   4864 62911060 3013720 111369244    0    0 939728 670016 194494 768352 21  7 54 18  0  0
18 19   4864 62911472 3013720 111369252    0    0 940736 666692 192526 764824 22  7 54 18  0  0
14 26   4864 62906660 3013720 111369260    0    0 890400 616108 179526 718307 20  6 54 19  0  0
23 16   4864 62911820 3013720 111369272    0    0 928720 640288 189395 756597 21  7 54 18  0  0
18 21   4864 62911812 3013720 111369280    0    0 935648 676832 193471 757642 21  7 54 18  0  0
18 25   4864 62910808 3013720 111369292    0    0 945568 653516 192289 766722 21  7 54 18  0  0
procs -----------memory---------- ---swap-- -----io---- -system-- -------cpu-------
 r  b   swpd   free   buff  cache   si   so    bi    bo   in   cs us sy id wa st gu
21 22   4864 62910284 3013720 111369304    0    0 944160 679632 193425 769350 21  7 54 18  0  0
23 16   4864 62909624 3013720 111369312    0    0 945904 666212 193228 770644 22  7 54 18  0  0
18 20   4864 62908016 3013720 111369324    0    0 944880 654340 193735 762181 21  7 54 18  0  0
17 24   4864 62909820 3013720 111369332    0    0 942224 662508 192859 761228 22  7 54 18  0  0
13 26   4864 62910160 3013720 111369344    0    0 943440 648200 192258 764176 21  7 54 18  0  0
17 22   4864 62908516 3013720 111369356    0    0 880448 619552 176552 710263 20  6 54 19  0  0
 9 26   4864 62909284 3013720 111369364    0    0 927600 643044 187874 745204 21  7 54 18  0  0
25 14   4864 62909052 3013720 111369376    0    0 943008 662384 191865 761425 21  7 54 18  0  0
40 18   4864 62909796 3013720 111369384    0    0 940272 657488 189800 758838 21  7 54 18  0  0
13 23   4864 62915008 3013720 111369392    0    0 944352 654012 191306 768927 21  7 54 18  0  0
25 14   4864 62913976 3013720 111369408    0    0 943408 660580 191491 759561 22  7 54 18  0  0
23 14   4864 62916352 3013720 111369416    0    0 941696 650936 190837 758881 21  7 54 18  0  0
27  6   4864 62917272 3013720 111369424    0    0 875888 604532 175867 706578 20  6 54 19  0  0
24 14   4864 62915232 3013720 111369440    0    0 942272 666116 193175 761494 22  7 54 18  0  0
31  9   4864 62914884 3013720 111369448    0    0 946640 653380 193980 764151 22  7 54 18  0  0
26 11   4864 62915884 3013720 111369460    0    0 944592 671124 193773 761964 21  7 54 18  0  0
20 19   4864 62915084 3013720 111369472    0    0 948848 657236 194222 766925 22  7 54 18  0  0
26  8   4864 62916964 3013720 111369480    0    0 939376 670180 193413 762868 22  7 54 18  0  0
23 14   4864 62916632 3013720 111369492    0    0 947456 654776 194456 766900 22  7 54 18  0  0
19 18   4864 62915536 3013720 111369500    0    0 945648 656664 192415 760002 22  7 54 18  0  0
29 13   4864 62915076 3013720 111369512    0    0 949424 666536 194900 763581 22  7 54 18  0  0
procs -----------memory---------- ---swap-- -----io---- -system-- -------cpu-------
 r  b   swpd   free   buff  cache   si   so    bi    bo   in   cs us sy id wa st gu
27 11   4864 62911552 3013720 111369524    0    0 932112 651424 190551 751203 21  7 54 18  0  0
20 15   4864 62917572 3013720 111369532    0    0 888608 628436 180489 719276 21  6 54 19  0  0
21 14   4864 62916660 3013720 111369616    0    0 949040 647824 192111 765291 21  7 54 18  0  0
24 15   4864 62918004 3013720 111369624    0    0 933984 677232 193276 761326 21  7 54 18  0  0
22 14   4864 62915368 3013720 111369632    0    0 946080 643780 190312 765262 22  7 54 18  0  0
23 13   4864 62920516 3013720 111369640    0    0 943184 661840 193344 754226 22  7 54 18  0  0
19 20   4864 62919244 3013720 111369652    0    0 942736 666208 192776 754367 21  7 54 18  0  0
20 14   4864 62917836 3013720 111369660    0    0 883824 610024 177418 708068 20  6 54 19  0  0
19 16   4864 62913668 3013720 111369672    0    0 929136 650612 189206 751708 21  7 54 18  0  0
21 13   4864 62915132 3013720 111369684    0    0 942736 666284 193116 759424 22  7 54 18  0  0
24 11   4864 62915564 3013720 111369692    0    0 942672 666136 192848 761797 21  7 54 18  0  0
23 13   4864 62915456 3013720 111369704    0    0 943456 661096 192615 766309 21  7 54 18  0  0
18 19   4864 62917552 3013720 111369712    0    0 951056 653284 193139 769528 21  7 54 18  0  0
19 19   4864 62917708 3013720 111369724    0    0 943824 676068 194618 765219 22  7 54 18  0  0
28 10   4864 62916280 3013720 111369732    0    0 948960 656340 191748 770676 22  7 54 18  0  0
25 14   4864 62917656 3013720 111369744    0    0 940144 670840 192510 760244 21  7 54 18  0  0
24 11   4864 62914212 3013720 111369756    0    0 943568 655904 191692 764603 21  7 54 18  0  0
11 27   4864 62914552 3013720 111369764    0    0 896624 621364 180287 722047 20  6 54 19  0  0
23 12   4864 62914948 3013720 111369780    0    0 929296 641752 187041 744342 21  7 54 18  0  0
21 14   4864 62917856 3013720 111369788    0    0 938752 664640 190648 759672 22  7 54 18  0  0
12 24   4864 62914568 3013720 111369804    0    0 938144 666568 190333 756938 21  7 54 18  0  0
procs -----------memory---------- ---swap-- -----io---- -system-- -------cpu-------
 r  b   swpd   free   buff  cache   si   so    bi    bo   in   cs us sy id wa st gu
25 12   4864 62911252 3013720 111369812    0    0 947232 654436 192586 764127 22  7 54 18  0  0
19 15   4864 62915784 3013720 111369820    0    0 945488 659516 192149 767137 21  7 54 18  0  0
15 25   4864 62916308 3013720 111369828    0    0 898064 629652 179482 716763 21  6 54 19  0  0
24 14   4864 62918592 3013720 111369840    0    0 922000 628296 185186 739269 21  7 54 18  0  0
23 13   4864 62917104 3013720 111369852    0    0 941328 658028 193231 756842 22  7 54 18  0  0
23 13   4864 62919024 3013720 111369860    0    0 935456 656772 191255 760534 21  7 54 18  0  0
23 14   4864 62919648 3013720 111369872    0    0 945056 653876 192448 762476 22  7 54 18  0  0
22 14   4864 62922428 3013720 111369880    0    0 944192 662040 193939 764984 21  7 54 18  0  0
21 15   4864 62921240 3013720 111369892    0    0 946768 655496 192688 765009 22  7 54 18  0  0
26 12   4864 62918992 3013720 111369904    0    0 947904 664592 191880 766797 22  7 54 18  0  0
20 16   4864 62919556 3013720 111369916    0    0 946352 651828 191894 761595 22  7 54 18  0  0
20 16   4864 62919372 3013720 111369928    0    0 943856 660728 191802 759485 21  7 54 18  0  0
18 17   4864 62918904 3013720 111369936    0    0 902992 623780 181870 727596 21  6 54 19  0  0
22 17   4864 62918140 3013720 111369948    0    0 920768 637196 186400 740325 21  7 54 18  0  0
28 15   4864 62914060 3013720 111369960    0    0 939088 667916 192057 756946 21  7 54 18  0  0
18 16   4864 62918180 3013720 111369968    0    0 936048 650884 189856 757098 21  7 54 18  0  0
22 16   4864 62915524 3013720 111369976    0    0 942448 668404 192258 757746 21  7 54 18  0  0
20 18   4864 62917284 3013720 111369988    0    0 943648 656380 190995 762336 21  7 54 18  0  0
14 24   4864 62919400 3013720 111369992    0    0 931696 645752 187411 754576 21  7 54 18  0  0
18 17   4864 62920128 3013720 111370008    0    0 894832 613424 179471 720147 21  6 54 19  0  0
22 13   4864 62919120 3013720 111370016    0    0 935168 663268 192495 758827 22  7 54 18  0  0
procs -----------memory---------- ---swap-- -----io---- -system-- -------cpu-------
 r  b   swpd   free   buff  cache   si   so    bi    bo   in   cs us sy id wa st gu
18 19   4864 62919060 3013720 111370024    0    0 939904 668512 193221 761325 21  7 54 18  0  0
26 12   4864 62919304 3013720 111370040    0    0 938816 654692 192246 757270 21  7 54 18  0  0
24 12   4864 62919548 3013720 111370048    0    0 942336 654888 191948 761345 21  7 54 18  0  0
26  9   4864 62921716 3013720 111370064    0    0 946048 663144 193228 764053 22  7 54 18  0  0
17 20   4864 62922720 3013720 111370072    0    0 943408 662044 193683 768786 22  7 54 18  0  0
24 14   4864 62922668 3013720 111370080    0    0 943952 668256 193239 763898 21  7 54 18  0  0
22 14   4864 62921536 3013720 111370092    0    0 947232 647196 190850 763712 21  7 54 18  0  0
22 13   4864 62924796 3013720 111370100    0    0 907280 642444 183991 733582 21  6 54 19  0  0
21 16   4864 62923356 3013720 111370112    0    0 903840 638856 183464 730064 21  6 54 19  0  0
19 19   4864 62921872 3013720 111370128    0    0 942560 669088 192591 763751 21  7 54 18  0  0
23 12   4864 62916864 3013720 111370136    0    0 936208 673276 191462 762990 21  7 54 18  0  0
19 17   4864 62920920 3013720 111370148    0    0 948896 663076 193205 773580 21  7 54 18  0  0
27 11   4864 62920196 3013720 111370156    0    0 943744 679156 194664 767971 21  7 54 18  0  0
23 16   4864 62917504 3013720 111370164    0    0 915744 637340 185918 743760 21  6 54 18  0  0
14 23   4864 62917376 3013720 111370176    0    0 905728 637940 181993 732937 20  7 54 19  0  0
28  8   4864 62921916 3013720 111370184    0    0 941008 663108 192072 765581 21  7 54 18  0  0
26  9   4864 62919348 3013720 111370192    0    0 944144 649560 190840 763102 21  7 54 18  0  0
21 15   4864 62919320 3013720 111370204    0    0 937120 664588 193068 762581 21  7 54 18  0  0
27  9   4864 62915936 3013720 111370212    0    0 943920 667500 191157 760987 21  7 54 18  0  0
22 13   4864 62915532 3013720 111370228    0    0 947936 658900 192636 766003 22  7 54 18  0  0
31 17   4864 62913176 3013720 111370304    0    0 948544 669124 193340 769883 22  7 54 18  0  0
procs -----------memory---------- ---swap-- -----io---- -system-- -------cpu-------
 r  b   swpd   free   buff  cache   si   so    bi    bo   in   cs us sy id wa st gu
27  9   4864 62917720 3013720 111370312    0    0 942912 659744 194215 770833 22  7 54 18  0  0
29  9   4864 62919480 3013720 111370324    0    0 941584 659640 193296 767813 21  7 54 18  0  0
23 17   4864 62916628 3013720 111370332    0    0 940192 654760 194722 762377 22  7 54 18  0  0
26  8   4864 62918460 3013720 111370348    0    0 884720 613320 178853 712672 20  6 54 19  0  0
27 11   4864 62917804 3013720 111370356    0    0 930320 645340 190197 755214 21  7 54 18  0  0
27 17   4864 62919272 3013720 111370364    0    0 935328 663740 191365 756845 21  7 54 18  0  0
24 19   4864 62920056 3013720 111370380    0    0 944816 654360 193252 765929 22  7 54 18  0  0
24 12   4864 62922284 3013720 111370392    0    0 942080 673444 194456 763028 22  7 54 18  0  0
23 13   4864 62917812 3013720 111370408    0    0 944976 659452 190589 763356 22  7 54 18  0  0
27  8   4864 62921904 3013720 111370416    0    0 872032 609024 174082 697433 20  6 54 20  0  0
24 12   4864 62918964 3013720 111370424    0    0 941968 670640 192786 761605 21  7 54 18  0  0
22 15   4864 62921316 3013720 111370428    0    0 941968 670436 192346 765656 21  7 54 18  0  0
25 15   4864 62923552 3013720 111370440    0    0 939824 658988 192237 763634 22  7 54 18  0  0
23 14   4864 62924844 3013720 111370452    0    0 944608 652332 191755 765082 21  7 54 18  0  0
19 16   4864 62923428 3013720 111370464    0    0 943696 660616 192607 764038 22  7 54 18  0  0
23 13   4864 62922052 3013720 111370472    0    0 942112 657452 190881 762116 22  7 54 18  0  0
15 20   4864 62918832 3013720 111370480    0    0 946160 673124 191884 764850 22  7 54 18  0  0
29  8   4864 62918404 3013720 111370492    0    0 940864 665764 191442 759439 21  7 54 18  0  0
23 14   4864 62918568 3013720 111370504    0    0 948080 648736 192369 766555 22  7 54 18  0  0
16 18   4864 62919100 3013720 111370520    0    0 932720 657152 188599 759966 21  7 54 18  0  0
31 16   4864 62918976 3013720 111370532    0    0 879072 616920 177199 711363 20  6 54 19  0  0
procs -----------memory---------- ---swap-- -----io---- -system-- -------cpu-------
 r  b   swpd   free   buff  cache   si   so    bi    bo   in   cs us sy id wa st gu
20 16   4864 62915352 3013720 111370540    0    0 942816 645392 190719 760764 22  7 54 18  0  0
26 11   4864 62913892 3013720 111370552    0    0 939680 651516 190470 761175 21  7 54 18  0  0
26 12   4864 62913336 3013720 111370560    0    0 941760 657864 191577 765771 21  7 54 18  0  0
24 10   4864 62910164 3013720 111370576    0    0 944224 666068 191237 761430 21  7 54 18  0  0
16 17   4864 62913564 3013720 111370584    0    0 890544 611840 178091 718345 21  6 54 19  0  0
20 15   4864 62918764 3013720 111370592    0    0 928736 648632 187526 750991 21  7 54 18  0  0
19 15   4864 62919840 3013720 111370604    0    0 943376 656872 190400 761382 21  7 54 18  0  0
22 15   4864 62915904 3013720 111370608    0    0 945296 668864 191640 761877 21  7 54 18  0  0
18 18   4864 62918428 3013720 111370620    0    0 940160 664260 190256 762888 21  7 54 18  0  0
19 16   4864 62920816 3013720 111370632    0    0 942544 655348 192669 764639 22  7 54 18  0  0
21 13   4864 62921928 3013720 111370640    0    0 948976 659892 193329 770589 21  7 54 18  0  0
26 10   4864 62924100 3013720 111370648    0    0 935104 672328 194034 761147 22  7 54 18  0  0
28 10   4864 62924296 3013720 111370660    0    0 947472 645716 192574 760611 22  7 54 18  0  0
21 17   4864 62924348 3013720 111370672    0    0 941744 669176 195050 764343 22  7 54 18  0  0
25  9   4864 62925548 3013720 111370684    0    0 947792 658156 192088 763537 22  7 54 18  0  0
29 10   4864 62924860 3013720 111370692    0    0 918080 636528 184167 737118 21  7 54 19  0  0
18 21   4864 62925212 3013720 111370700    0    0 902560 632644 181111 723856 21  6 54 19  0  0
23 15   4864 62926000 3013720 111370712    0    0 948240 657956 192840 764058 21  7 54 18  0  0
24 11   4864 62923648 3013720 111370724    0    0 939024 660064 191998 759414 21  7 54 18  0  0
25 10   4864 62925784 3013720 111370736    0    0 949040 663712 192324 761129 21  7 54 18  0  0
14 22   4864 62927440 3013720 111370744    0    0 923488 649620 188508 745218 21  7 54 18  0  0
procs -----------memory---------- ---swap-- -----io---- -system-- -------cpu-------
 r  b   swpd   free   buff  cache   si   so    bi    bo   in   cs us sy id wa st gu
19 20   4864 62927556 3013720 111370752    0    0 892816 621192 179937 717431 20  6 54 19  0  0
22 16   4864 62925640 3013720 111370764    0    0 942640 647316 191071 763330 21  7 54 18  0  0
27 10   4864 62920428 3013720 111370776    0    0 945344 669448 192772 761801 21  7 54 18  0  0
23 12   4864 62921260 3013720 111370780    0    0 942784 663856 194242 764530 21  7 54 18  0  0
29  9   4864 62919248 3013720 111370792    0    0 946176 655168 192885 762379 21  7 54 18  0  0
21 13   4864 62917212 3013720 111370804    0    0 944640 668244 193371 768393 21  7 54 18  0  0
22 15   4864 62916656 3013720 111370812    0    0 942592 669448 192482 763118 21  7 54 18  0  0
14 25   4864 62917252 3013720 111370828    0    0 943280 655492 192309 762246 22  7 54 18  0  0
27 16   4864 62918532 3013720 111370836    0    0 940432 652792 191363 760126 22  7 54 18  0  0
26 10   4864 62918404 3013720 111370844    0    0 946880 658472 192460 764737 22  7 54 18  0  0
18 15   4864 62915084 3013720 111370860    0    0 942288 667968 193031 764222 21  7 54 18  0  0
18 20   4864 62915256 3013720 111370868    0    0 893312 612932 179517 719247 20  6 54 19  0  0
21 15   4864 62918844 3013720 111370884    0    0 918464 641012 188167 740862 21  7 54 18  0  0
22 17   4864 62918776 3013720 111370892    0    0 933728 656168 190658 754847 21  7 54 18  0  0
22 12   4864 62918288 3013720 111370904    0    0 941920 655868 191938 764769 22  7 54 18  0  0
23 17   4864 62921776 3013720 111370916    0    0 938464 662564 192316 763781 21  7 54 18  0  0
20 14   4864 62920844 3013720 111370928    0    0 895536 612156 180689 723086 20  6 54 19  0  0
18 19   4864 62921060 3013720 111371008    0    0 916048 636548 184846 739557 21  7 54 18  0  0
29 11   4864 62921984 3013720 111371020    0    0 945360 671896 191421 764091 21  7 54 18  0  0
23 16   4864 62922040 3013720 111371028    0    0 944592 650932 192152 759071 22  7 54 18  0  0
19 16   4864 62920216 3013720 111371036    0    0 944544 664504 191033 757722 22  7 54 18  0  0
procs -----------memory---------- ---swap-- -----io---- -system-- -------cpu-------
 r  b   swpd   free   buff  cache   si   so    bi    bo   in   cs us sy id wa st gu
25 11   4864 62917896 3013720 111371044    0    0 945008 651008 191671 763663 21  7 54 18  0  0
25 11   4864 62919760 3013720 111371052    0    0 942560 668012 192433 764561 21  7 54 18  0  0
24 12   4864 62920544 3013720 111371068    0    0 939360 661588 191420 760163 22  7 54 18  0  0
25 12   4864 62921172 3013720 111371076    0    0 943456 664208 192125 756049 22  7 54 18  0  0
18 18   4864 62922344 3013720 111371084    0    0 942368 661572 192918 747556 21  7 54 18  0  0
19 18   4864 62921016 3013720 111371096    0    0 945648 661740 192579 763302 21  7 54 18  0  0
20 17   4864 62917524 3013720 111371104    0    0 945648 643116 193952 770780 22  7 54 18  0  0
27 12   4864 62918268 3013720 111371120    0    0 878464 608252 176694 708958 20  6 54 19  0  0
34 11   4864 62919656 3013720 111371128    0    0 942160 666696 194816 764522 21  7 54 18  0  0
25 17   4864 62917400 3013720 111371136    0    0 942944 660852 192455 762322 21  7 54 18  0  0
24 11   4864 62915668 3013720 111371148    0    0 944656 670844 195824 766470 21  7 54 18  0  0
22 12   4864 62916224 3013720 111371156    0    0 911600 636804 186429 738397 21  7 54 19  0  0
21 14   4864 62915428 3013720 111371172    0    0 903648 623208 183853 727685 21  7 54 19  0  0
28  9   4864 62911692 3013720 111371180    0    0 939504 662056 192390 757827 21  7 54 18  0  0
16 22   4864 62913940 3013720 111371188    0    0 944000 665288 194941 766614 21  7 54 18  0  0
28 13   4864 62910408 3013720 111371200    0    0 941296 660372 193833 769229 22  7 54 18  0  0
14 23   4864 62913272 3013720 111371208    0    0 944480 664416 192717 760500 22  7 54 18  0  0
22 17   4864 62911376 3013720 111371216    0    0 942656 664076 192168 761391 21  7 54 18  0  0
20 18   4864 62912264 3013720 111371228    0    0 947904 663588 194025 760405 21  7 54 18  0  0
24 12   4864 62910320 3013720 111371236    0    0 946128 655472 193431 764665 21  7 54 18  0  0
25 12   4864 62908820 3013720 111371244    0    0 942176 664356 191401 759556 22  7 54 18  0  0
procs -----------memory---------- ---swap-- -----io---- -system-- -------cpu-------
 r  b   swpd   free   buff  cache   si   so    bi    bo   in   cs us sy id wa st gu
23 15   4864 62910012 3013720 111371260    0    0 941328 665928 194111 761716 21  7 54 18  0  0
25 15   4864 62909476 3013720 111371276    0    0 945120 661484 192108 762865 21  7 54 18  0  0
18 16   4864 62905920 3013720 111371288    0    0 908896 629288 183984 732277 21  6 54 19  0  0
24 16   4864 62905952 3013720 111371296    0    0 909904 619344 181983 732493 21  6 54 19  0  0
19 18   4864 62904564 3013720 111371304    0    0 942288 664332 190622 758243 21  7 54 18  0  0
22 14   4864 62906888 3013720 111371316    0    0 939920 653776 189344 759175 21  7 54 18  0  0
29 10   4864 62909976 3013720 111371328    0    0 935136 668648 191075 752868 21  7 54 18  0  0
24 13   4864 62910520 3013720 111371340    0    0 883392 596648 175247 703596 20  6 54 19  0  0
26  8   4864 62907864 3013720 111371348    0    0 940208 664084 190502 761434 21  7 54 18  0  0
27 10   4864 62907012 3013720 111371356    0    0 945728 653340 192922 766406 22  7 54 18  0  0
23 12   4864 62903464 3013720 111371368    0    0 939280 686468 196069 764394 21  7 54 18  0  0
33 18   4864 62906516 3013720 111371376    0    0 949680 670588 194557 773301 21  7 54 18  0  0
24 13   4864 62906352 3013720 111371392    0    0 944608 670816 194943 771386 21  7 54 18  0  0
14 21   4864 62910844 3013720 111371400    0    0 947792 662720 194826 772120 21  7 54 18  0  0
20 15   4864 62906088 3013720 111371408    0    0 942240 669808 195411 773333 21  7 54 18  0  0
27 10   4864 62907372 3013720 111371416    0    0 946720 676804 194845 767909 21  7 54 18  0  0
21 14   4864 62908096 3013720 111371428    0    0 939440 664640 193674 769125 22  7 54 18  0  0
24 13   4864 62906712 3013720 111371440    0    0 944912 670624 195208 769486 22  7 54 18  0  0
20 15   4864 62907432 3013720 111371452    0    0 942464 667976 193875 769113 22  7 54 18  0  0
22 12   4864 62909780 3013720 111371460    0    0 897728 617032 180543 718593 20  6 54 19  0  0
23 12   4864 62910700 3013720 111371468    0    0 913200 663916 188371 735590 21  7 54 18  0  0
procs -----------memory---------- ---swap-- -----io---- -system-- -------cpu-------
 r  b   swpd   free   buff  cache   si   so    bi    bo   in   cs us sy id wa st gu
23 13   4864 62911712 3013720 111371484    0    0 937824 654980 193121 757877 21  7 54 18  0  0
24 10   4864 62912700 3013720 111371496    0    0 943440 658024 192296 764657 21  7 54 18  0  0
20 16   4864 62913976 3013720 111371508    0    0 900608 628984 183074 732503 21  7 54 19  0  0
35 17   4864 62912848 3013720 111371516    0    0 910208 630552 185460 740750 21  7 54 19  0  0
26 14   4864 62911896 3013720 111371524    0    0 941200 656936 192742 763031 21  7 54 18  0  0
20 15   4864 62914924 3013720 111371536    0    0 948128 667452 194857 762600 21  7 54 18  0  0
21 15   4864 62914948 3013720 111371548    0    0 945632 662548 193710 768257 21  7 54 18  0  0
26 11   4864 62917688 3013720 111371556    0    0 948096 659856 194172 774651 21  7 54 18  0  0
27  8   4864 62914280 3013720 111371568    0    0 938304 662568 194516 767710 21  7 54 18  0  0
28  9   4864 62891852 3013720 111371632    0    0 943040 655496 196873 769765 22  7 54 18  0  0
26  9   4864 62781984 3013720 111371644    0    0 936960 662932 195572 761728 23  7 53 18  0  0
23 13   4864 62751732 3013720 111371820    0    0 943696 659156 195159 759814 23  7 52 18  0  0
24 14   4864 62746884 3013720 111371828    0    0 947488 646784 191878 765873 23  7 53 18  0  0
22 15   4864 62648080 3013720 111372000    0    0 940928 665852 195117 766167 23  7 53 18  0  0
18 19   4864 62583744 3013720 111372248    0    0 935600 665140 194695 757978 23  7 52 18  0  0
26 13   4864 62524916 3013720 111372416    0    0 867328 601168 177240 700009 21  6 54 19  0  0
22 14   4864 62598192 3013720 111372580    0    0 939648 652628 194935 764391 23  7 53 18  0  0
22 16   4864 62533408 3013720 111372588    0    0 936512 645732 192117 762768 23  7 53 18  0  0
22 13   4864 62577788 3013720 111372752    0    0 936784 660796 194418 763087 22  7 53 18  0  0
25 13   4864 62574836 3013720 111372916    0    0 876592 599176 177523 711921 21  7 53 19  0  0
27  9   4864 62555964 3013720 111373080    0    0 936160 668420 194576 760746 23  7 53 18  0  0
procs -----------memory---------- ---swap-- -----io---- -system-- -------cpu-------
 r  b   swpd   free   buff  cache   si   so    bi    bo   in   cs us sy id wa st gu
29  7   4864 62531956 3013720 111373092    0    0 944368 660680 196607 765099 23  7 53 18  0  0
26 12   4864 62581628 3013720 111373256    0    0 944928 653620 193102 765903 23  7 53 18  0  0
23 14   4864 62591000 3013720 111373436    0    0 942496 657352 193476 767722 23  7 53 18  0  0
24 11   4864 62543916 3013720 111373444    0    0 939056 666856 193717 764462 23  7 53 18  0  0
17 19   4864 62530816 3013720 111373616    0    0 938848 666584 195601 763869 23  7 53 18  0  0
22 15   4864 62452800 3013720 111373788    0    0 941024 662356 194679 766718 23  7 53 18  0  0
28 12   4864 62456668 3013720 111373800    0    0 944864 651984 194856 767978 23  7 53 18  0  0
23 13   4864 62427452 3013720 111373976    0    0 944112 661720 195650 772184 22  7 53 18  0  0
20 15   4864 62408432 3013720 111374148    0    0 941344 667936 197003 768198 23  7 53 18  0  0
28 10   4864 62401104 3013720 111374304    0    0 946784 656288 195749 763400 23  7 53 18  0  0
25 12   4864 62358796 3013720 111374316    0    0 886864 607688 179657 719197 22  7 53 19  0  0
28  8   4864 62347816 3013720 111374488    0    0 926672 651336 190272 750309 22  7 53 18  0  0
29  6   4864 62350820 3013720 111374652    0    0 932544 660084 194832 767080 23  7 53 18  0  0
28 14   4864 62346888 3013720 111374664    0    0 934192 644900 193535 764714 23  7 53 18  0  0
21 16   4864 62324764 3013720 111374832    0    0 901488 648716 186226 737285 22  7 53 19  0  0
28 13   4864 62406068 3013720 111374992    0    0 901888 621412 185037 733266 22  7 53 19  0  0
31  6   4864 62447624 3013720 111375164    0    0 936624 664244 194961 766729 23  7 53 18  0  0
20 19   4864 62427616 3013720 111375172    0    0 938736 654428 194330 761886 23  7 53 17  0  0
25 10   4864 62397180 3013720 111375344    0    0 941664 648300 193572 769363 23  7 53 18  0  0
19 20   4864 62379836 3013720 111375520    0    0 942912 662284 197023 768766 23  7 52 18  0  0
37  7   4864 62351916 3013720 111375528    0    0 939120 654276 196522 768473 23  7 52 18  0  0
procs -----------memory---------- ---swap-- -----io---- -system-- -------cpu-------
 r  b   swpd   free   buff  cache   si   so    bi    bo   in   cs us sy id wa st gu
22 18   4864 62445424 3013720 111375688    0    0 938432 659380 194883 766937 23  7 53 18  0  0
28 14   4864 62433276 3013720 111375852    0    0 940080 662988 196986 764334 23  7 53 18  0  0
29 11   4864 62425652 3013720 111375864    0    0 941264 653096 194611 766422 23  7 53 18  0  0
33  7   4864 62423760 3013720 111376036    0    0 942992 657300 197508 769648 23  7 53 18  0  0
29  9   4864 62423056 3013720 111376212    0    0 938720 675536 196804 766598 23  7 53 18  0  0
15 20   4864 62379088 3013720 111376224    0    0 931024 654012 191900 760120 23  7 53 18  0  0
28 11   4864 62376316 3013720 111376376    0    0 881872 610424 180096 714298 21  7 53 19  0  0
30  8   4864 62420296 3013720 111376552    0    0 939968 656756 196870 770782 23  7 52 18  0  0
33  9   4864 62388292 3013720 111376724    0    0 935792 650460 193956 762083 22  7 53 18  0  0
14 23   4864 62401932 3013720 111376872    0    0 925024 660492 192379 759197 23  7 53 18  0  0
23 16   4864 62467384 3013720 111372264    0    0 879232 610468 177635 707830 20  6 54 19  0  0
24 13   4864 62513776 3013720 111372276    0    0 944944 652472 193523 770112 21  7 54 18  0  0
28 17   4864 62562140 3013720 111372284    0    0 941024 669568 195303 761015 21  7 54 18  0  0
16 20   4864 62618480 3013720 111372296    0    0 945088 668784 193354 765225 21  7 54 18  0  0
20 14   4864 62670636 3013720 111372304    0    0 947840 653460 192718 769748 21  7 54 18  0  0
23 12   4864 62700088 3013720 111372312    0    0 946640 657072 194105 766756 22  7 54 18  0  0
19 15   4864 62730520 3013720 111372328    0    0 947680 658748 193376 771370 22  7 54 18  0  0
36 13   4864 62749560 3013720 111372336    0    0 940848 658468 192277 772256 21  7 54 18  0  0
23 12   4864 62772180 3013720 111372352    0    0 943088 668836 192956 764385 21  7 54 18  0  0
24 12   4864 62788524 3013720 111372356    0    0 944992 669432 193353 765910 21  7 54 18  0  0
18 20   4864 62819048 3013720 111372364    0    0 945968 679580 196562 774993 21  7 54 18  0  0
procs -----------memory---------- ---swap-- -----io---- -system-- -------cpu-------
 r  b   swpd   free   buff  cache   si   so    bi    bo   in   cs us sy id wa st gu
30 10   4864 62827348 3013720 111372376    0    0 944688 657672 192897 766655 22  7 54 18  0  0
21 16   4864 62838068 3013720 111372388    0    0 897680 633116 180130 721539 20  7 54 19  0  0
32 14   4864 62848064 3013720 111372396    0    0 923712 636068 187565 744451 21  7 54 18  0  0
16 23   4864 62852548 3013720 111372408    0    0 943952 659784 191678 768172 21  7 54 18  0  0
29  6   4864 62859652 3013720 111372416    0    0 934976 659672 191895 757853 22  7 54 18  0  0
18 16   4864 62864408 3013720 111372428    0    0 896176 609132 179521 722195 21  6 54 19  0  0
21 15   4864 62866100 3013720 111372440    0    0 917008 645816 186152 745131 21  7 54 18  0  0
25 13   4864 62875252 3013720 111372448    0    0 944848 660496 191941 768788 22  7 54 18  0  0
17 18   4864 62877232 3013720 111372464    0    0 946480 660788 191633 769705 21  7 54 18  0  0
27  9   4864 62875604 3013720 111372472    0    0 942288 652440 192109 766463 22  7 54 18  0  0
22 14   4864 62877904 3013720 111372484    0    0 943328 663160 193088 775175 22  7 54 18  0  0
29  8   4864 62881860 3013720 111372560    0    0 942208 665728 193263 764442 22  7 54 18  0  0
19 15   4864 62881784 3013720 111372568    0    0 947616 656684 191723 764934 21  7 54 18  0  0
26 15   4864 62884480 3013720 111372584    0    0 948384 661540 191382 765611 21  7 54 18  0  0
26  8   4864 62885324 3013720 111372592    0    0 943904 663356 192561 770239 22  7 54 18  0  0
26 12   4864 62883704 3013720 111372600    0    0 943440 657464 192350 762052 21  7 54 18  0  0
23 15   4864 62889116 3013720 111372612    0    0 948656 657248 194591 770761 21  7 54 18  0  0
19 18   4864 62892292 3013720 111372620    0    0 941984 663156 194528 773381 22  7 54 18  0  0
18 17   4864 62892304 3013720 111372628    0    0 892464 613344 178058 724986 20  6 54 19  0  0
29  5   4864 62893312 3013720 111372640    0    0 935056 652160 189281 754756 21  7 54 18  0  0
23 13   4864 62890384 3013720 111372652    0    0 945600 649160 191285 765002 21  7 54 18  0  0
procs -----------memory---------- ---swap-- -----io---- -system-- -------cpu-------
 r  b   swpd   free   buff  cache   si   so    bi    bo   in   cs us sy id wa st gu
24  9   4864 62889972 3013720 111372660    0    0 918256 639764 185162 747042 21  7 54 18  0  0
27 10   4864 62891588 3013720 111372672    0    0 889264 610380 179766 719787 20  6 54 19  0  0
25 12   4864 62891212 3013720 111372680    0    0 932944 654532 192268 762809 21  7 54 18  0  0
20 17   4864 62888836 3013720 111372692    0    0 942128 652232 193667 768303 21  7 54 18  0  0
29  8   4864 62889852 3013720 111372704    0    0 944816 664800 196190 767602 21  7 54 18  0  0
19 20   4864 62890088 3013720 111372712    0    0 944544 671900 196096 774212 22  7 54 18  0  0
28 11   4864 62894912 3013720 111372724    0    0 944384 659100 194281 769752 21  7 54 18  0  0
28 12   4864 62890032 3013720 111372732    0    0 947440 661804 192798 766439 21  7 54 18  0  0
30  9   4864 62889088 3013720 111372744    0    0 943440 669048 193373 765851 22  7 54 18  0  0
21 17   4864 62889840 3013720 111372752    0    0 947856 656220 192441 768048 21  7 54 18  0  0
25 12   4864 62890636 3013720 111372764    0    0 945808 665080 191824 763602 22  7 54 18  0  0
22 14   4864 62893924 3013720 111372776    0    0 947008 665336 193258 768512 22  7 54 18  0  0
25 11   4864 62890840 3013720 111372780    0    0 947632 654968 194124 772962 21  7 54 18  0  0
18 17   4864 62891120 3013720 111372788    0    0 931552 663732 189928 757879 21  7 54 18  0  0
22 16   4864 62893592 3013720 111372796    0    0 882256 617008 177796 714938 20  6 54 19  0  0
27  8   4864 62895576 3013720 111372820    0    0 942672 654516 192256 766097 21  7 54 18  0  0
15 21   4864 62897408 3013720 111372828    0    0 907824 647436 184415 739506 21  7 54 19  0  0
43 11   4864 62897132 3013720 111372840    0    0 906896 627300 183164 732133 21  7 54 19  0  0
30 11   4864 62900020 3013720 111372848    0    0 941104 651736 191909 760721 21  7 54 18  0  0
 0  0   4864 62899540 3013720 111372856    0    0 856480 616396 176359 700600 20  6 58 16  0  0
22 12   4864 62898984 3013720 111372872    0    0 932192 661020 190239 753287 21  7 54 18  0  0
procs -----------memory---------- ---swap-- -----io---- -system-- -------cpu-------
 r  b   swpd   free   buff  cache   si   so    bi    bo   in   cs us sy id wa st gu
23 14   4864 62897864 3013720 111372880    0    0 945456 659272 193012 772695 21  7 54 18  0  0
24 12   4864 62898716 3013720 111372892    0    0 944672 668548 191332 767976 21  7 54 18  0  0
26 16   4864 62896332 3013720 111372900    0    0 947200 662548 191558 767535 21  7 54 18  0  0
22 12   4864 62895772 3013720 111372912    0    0 944192 663416 193205 768032 21  7 54 18  0  0
18 18   4864 62894632 3013720 111372928    0    0 942656 660324 191876 766787 21  7 54 18  0  0
26 12   4864 62894788 3013720 111372940    0    0 942656 652476 192914 770792 22  7 54 18  0  0
28 10   4864 62897252 3013720 111372952    0    0 948992 656368 193877 774388 21  7 54 18  0  0
26 10   4864 62896412 3013720 111372960    0    0 944448 664368 192779 767813 21  7 54 18  0  0
24 15   4864 62895368 3013720 111372964    0    0 945664 662288 192431 767783 21  7 54 18  0  0
19 21   4864 62892880 3013720 111372976    0    0 906400 643756 185169 737697 21  7 54 19  0  0
25 13   4864 62896980 3013720 111372988    0    0 906240 642372 186036 740384 21  7 54 19  0  0
32 20   4864 62897564 3013720 111372996    0    0 912768 632160 185100 744165 21  7 54 19  0  0
26 10   4864 62895252 3013720 111373008    0    0 904384 621736 181279 730424 21  6 54 19  0  0
18 21   4864 62895208 3013720 111373016    0    0 937440 656468 190962 765340 21  7 54 18  0  0
19 17   4864 62895992 3013720 111373028    0    0 944528 662228 193559 766712 21  7 54 18  0  0
23 12   4864 62899416 3013720 111373040    0    0 944864 659428 193948 766688 22  7 54 18  0  0
28  9   4864 62897004 3013720 111373048    0    0 936960 666356 192362 763295 21  7 54 18  0  0
21 15   4864 62901144 3013720 111373060    0    0 945440 660424 191879 764208 22  7 54 18  0  0
22 13   4864 62901344 3013720 111373068    0    0 945216 658452 192897 765763 21  7 54 18  0  0
23 13   4864 62899272 3013720 111373080    0    0 939824 673404 192568 762646 22  7 54 18  0  0
27  8   4864 62899880 3013720 111373092    0    0 940800 662272 193204 763985 21  7 54 18  0  0
procs -----------memory---------- ---swap-- -----io---- -system-- -------cpu-------
 r  b   swpd   free   buff  cache   si   so    bi    bo   in   cs us sy id wa st gu
24 12   4864 62896460 3013720 111373100    0    0 942880 661408 191923 763896 22  7 54 18  0  0
27 11   4864 62896612 3013720 111373112    0    0 947328 667504 192259 771491 21  7 54 18  0  0
26 10   4864 62894080 3013720 111373120    0    0 948816 664080 193335 763712 22  7 54 18  0  0
24 13   4864 62898208 3013720 111373128    0    0 946160 653848 192512 767254 21  7 54 18  0  0
14 21   4864 62900484 3013720 111373140    0    0 944256 680092 193577 761241 22  7 54 18  0  0
23 14   4864 62896772 3013720 111373148    0    0 887760 612128 177450 714655 20  6 54 19  0  0
19 17   4864 62895640 3013720 111373156    0    0 924112 652792 187069 747780 21  7 54 18  0  0
23 13   4864 62896800 3013720 111373168    0    0 882896 606820 177388 715256 20  6 54 19  0  0
24 10   4864 62897212 3013720 111373244    0    0 932896 655856 190383 764793 21  7 54 18  0  0
20 15   4864 62897492 3013720 111373256    0    0 941184 668400 192420 759518 21  7 54 18  0  0
23 11   4864 62899376 3013720 111373268    0    0 944384 655464 192872 770089 22  7 54 18  0  0
23 13   4864 62902632 3013720 111373276    0    0 940960 657456 192629 765912 21  7 54 18  0  0
25  9   4864 62904324 3013720 111373288    0    0 943632 663648 192674 766465 21  7 54 18  0  0
25 11   4864 62904216 3013720 111373300    0    0 937200 666912 196557 766261 22  7 54 18  0  0
22 13   4864 62906828 3013720 111373316    0    0 946336 664824 197244 776571 21  7 54 18  0  0
14 24   4864 62907908 3013720 111373328    0    0 941056 659464 192917 767549 22  7 54 18  0  0
21 14   4864 62906828 3013720 111373336    0    0 940256 664412 191616 765389 21  7 54 18  0  0
23 13   4864 62906784 3013720 111373348    0    0 942816 669244 192863 767527 21  7 54 18  0  0
22 13   4864 62911092 3013720 111373356    0    0 948912 659368 193309 771295 22  7 54 18  0  0
40 13   4864 62910776 3013720 111373368    0    0 944000 675188 194844 774622 21  7 54 18  0  0
24 13   4864 62909820 3013720 111373380    0    0 944384 672328 194452 775715 21  7 54 18  0  0
procs -----------memory---------- ---swap-- -----io---- -system-- -------cpu-------
 r  b   swpd   free   buff  cache   si   so    bi    bo   in   cs us sy id wa st gu
20 17   4864 62908976 3013720 111373384    0    0 921680 642616 187983 750839 21  7 54 18  0  0
24 15   4864 62911732 3013720 111373396    0    0 903232 617736 183163 729181 20  6 54 19  0  0
21 15   4864 62912948 3013720 111373412    0    0 884784 616972 180075 718293 20  6 54 19  0  0
26 11   4864 62916392 3013720 111373424    0    0 927680 652180 190087 750717 21  7 54 18  0  0
19 18   4864 62917932 3013720 111373432    0    0 937680 656372 192744 766754 21  7 54 18  0  0
24 12   4864 62916408 3013720 111373444    0    0 940704 668736 192692 766514 22  7 54 18  0  0
23 14   4864 62915784 3013720 111373452    0    0 938832 667752 196039 769424 21  7 54 18  0  0
19 15   4864 62913616 3013720 111373464    0    0 947904 651928 194124 769896 22  7 54 18  0  0
24 12   4864 62914472 3013720 111373476    0    0 946128 672028 195106 771291 22  7 54 18  0  0
17 18   4864 62916144 3013720 111373484    0    0 941232 659196 193139 768523 22  7 54 18  0  0
22 14   4864 62915556 3013720 111373496    0    0 944160 662080 193734 769811 21  7 54 18  0  0
20 16   4864 62916680 3013720 111373504    0    0 939408 664944 194731 773080 21  7 54 18  0  0
18 16   4864 62919036 3013720 111373516    0    0 945376 661176 194150 768238 21  7 54 18  0  0
14 22   4864 62919684 3013720 111373528    0    0 945456 668676 193306 769712 21  7 54 18  0  0
22 15   4864 62919692 3013720 111373536    0    0 948160 660916 194650 771832 21  7 54 18  0  0
24 12   4864 62917800 3013720 111373548    0    0 948544 676204 193644 769683 22  7 54 18  0  0
15 19   4864 62917592 3013720 111373556    0    0 930608 645584 189044 750610 21  7 54 18  0  0
24 12   4864 62915796 3013720 111373568    0    0 894032 636892 181155 723607 20  7 54 19  0  0
20 15   4864 62915592 3013720 111373572    0    0 886112 618184 178343 719088 20  6 54 19  0  0
26 11   4864 62914456 3013720 111373584    0    0 931952 649240 189235 751222 21  7 54 18  0  0
28 13   4864 62911824 3013720 111373592    0    0 934592 664068 190964 760226 21  7 54 18  0  0
procs -----------memory---------- ---swap-- -----io---- -system-- -------cpu-------
 r  b   swpd   free   buff  cache   si   so    bi    bo   in   cs us sy id wa st gu
28 13   4864 62910472 3013720 111373572    0    0 942848 670752 193772 764660 21  7 54 18  0  0
19 18   4864 62910120 3013720 111373580    0    0 948592 654292 193397 770023 22  7 54 18  0  0
27  8   4864 62909228 3013720 111373592    0    0 946544 663224 193586 770167 21  7 54 18  0  0
30  9   4864 62908720 3013720 111373604    0    0 950720 662064 194907 768178 22  7 54 18  0  0
24 14   4864 62907176 3013720 111373612    0    0 946928 665424 195401 770225 21  7 54 18  0  0
25 14   4864 62907940 3013720 111373628    0    0 946992 651692 194177 770449 22  7 54 18  0  0
24 17   4864 62905480 3013720 111373636    0    0 941104 648936 191964 763284 21  7 54 18  0  0
17 18   4864 62905288 3013720 111373648    0    0 943744 656300 196092 766349 21  7 54 18  0  0
20 20   4864 62906328 3013720 111373660    0    0 941408 667148 195550 768657 22  7 54 18  0  0
24 16   4864 62905528 3013720 111373668    0    0 945504 669712 195691 769798 21  7 54 18  0  0
21 14   4864 62907220 3013720 111373684    0    0 947328 663344 195331 769203 21  7 54 18  0  0
30  6   4864 62905520 3013720 111373692    0    0 947568 665880 194943 774574 22  7 54 18  0  0
17 18   4864 62904920 3013720 111373704    0    0 906880 628220 184799 740130 20  7 54 19  0  0
25 13   4864 62908384 3013720 111373716    0    0 857760 583368 171571 692125 20  6 54 20  0  0
31  8   4864 62905440 3013720 111373720    0    0 931200 666096 191788 757462 21  7 54 18  0  0
26 14   4864 62901836 3013720 111373732    0    0 936208 653112 190819 764083 21  7 54 18  0  0
20 23   4864 62902324 3013720 111373740    0    0 940928 664320 193039 766102 21  7 54 18  0  0
31  8   4864 62905644 3013720 111373748    0    0 945696 661260 193486 763886 21  7 54 18  0  0
20 15   4864 62906304 3013720 111373764    0    0 945728 674312 194087 768948 21  7 54 18  0  0
25 11   4864 62904552 3013720 111373772    0    0 946512 668724 196184 772838 22  7 54 18  0  0
18 17   4864 62906700 3013720 111373780    0    0 946144 655764 196185 773796 22  7 54 18  0  0
procs -----------memory---------- ---swap-- -----io---- -system-- -------cpu-------
 r  b   swpd   free   buff  cache   si   so    bi    bo   in   cs us sy id wa st gu
21 14   4864 62908752 3013720 111373792    0    0 945824 670916 195766 770499 21  7 54 18  0  0
25  9   4864 62908656 3013720 111373804    0    0 937760 675836 192893 769861 21  7 54 18  0  0
17 18   4864 62908564 3013720 111373820    0    0 942256 661492 193444 763163 21  7 54 18  0  0
24 11   4864 62908680 3013720 111373828    0    0 947264 657464 193452 773405 21  7 54 18  0  0
31 17   4864 62908676 3013720 111373836    0    0 947360 667784 193890 770717 21  7 54 18  0  0
33 18   4864 62911572 3013720 111373916    0    0 946752 665508 193886 762940 21  7 54 18  0  0
19 20   4864 62911924 3013720 111373924    0    0 944016 664116 194473 769821 22  7 54 18  0  0
23 12   4864 62913584 3013720 111373940    0    0 946112 666408 193389 774852 21  7 54 18  0  0
17 19   4864 62911460 3013720 111373952    0    0 846944 577860 168300 679686 19  6 54 20  0  0
28  7   4864 62912964 3013720 111373960    0    0 914160 643628 186924 746085 21  6 54 19  0  0
27  8   4864 62917588 3013720 111373968    0    0 940992 648956 193849 768829 21  7 54 18  0  0
25 11   4864 62913128 3013720 111373976    0    0 935360 663372 193267 765197 21  7 54 18  0  0
30  5   4864 62913108 3013720 111373984    0    0 938224 667808 190910 764444 21  7 54 18  0  0
20 18   4864 62915848 3013720 111374000    0    0 946128 665792 193202 771244 21  7 54 18  0  0
18 18   4864 62916260 3013720 111374008    0    0 944384 664892 193797 767077 21  7 54 18  0  0
21 15   4864 62919576 3013720 111374016    0    0 945488 656904 192429 767835 22  7 54 18  0  0
20 15   4864 62920100 3013720 111374032    0    0 944480 665504 192747 766240 21  7 54 18  0  0
26 10   4864 62919464 3013720 111374040    0    0 940416 671088 193429 766173 21  7 54 18  0  0
24 15   4864 62921012 3013720 111374056    0    0 945744 661956 194418 756734 21  7 54 18  0  0
20 14   4864 62919012 3013720 111374064    0    0 944896 662356 194329 753811 21  7 54 18  0  0
19 16   4864 62916540 3013720 111374072    0    0 943488 657192 193919 765539 21  7 54 18  0  0
procs -----------memory---------- ---swap-- -----io---- -system-- -------cpu-------
 r  b   swpd   free   buff  cache   si   so    bi    bo   in   cs us sy id wa st gu
19 17   4864 62918260 3013720 111374084    0    0 946832 667804 193777 767678 21  7 54 18  0  0
28 11   4864 62916364 3013720 111374092    0    0 945472 676768 193899 767665 22  7 54 18  0  0
17 22   4864 62916476 3013720 111374108    0    0 945680 661868 194109 770520 22  7 54 18  0  0
21 13   4864 62914372 3013720 111374116    0    0 893904 605984 180918 724678 20  6 54 19  0  0
17 20   4864 62916464 3013720 111374124    0    0 874256 622528 176168 706177 20  6 54 19  0  0
22 13   4864 62917128 3013720 111374136    0    0 938512 651020 190513 761979 21  7 54 18  0  0
24 11   4864 62915548 3013720 111374144    0    0 941712 662412 192948 767324 21  7 54 18  0  0
24 10   4864 62915772 3013720 111374160    0    0 940640 671364 194238 766654 21  7 54 18  0  0
20 15   4864 62912376 3013720 111374168    0    0 939712 679772 194057 767201 21  7 54 18  0  0
25 10   4864 62914704 3013720 111374176    0    0 949184 670648 194225 769134 22  7 54 18  0  0
23 13   4864 62911428 3013720 111374184    0    0 944800 672548 193714 765233 21  7 54 18  0  0
23 12   4864 62913112 3013720 111374196    0    0 944576 665952 193450 765122 21  7 54 18  0  0
26  8   4864 62912952 3013720 111374208    0    0 943520 664532 192544 767652 22  7 54 18  0  0
23 13   4864 62912092 3013720 111374220    0    0 948544 649752 192479 768530 21  7 54 18  0  0
23 15   4864 62908584 3013720 111374228    0    0 946016 665760 192413 770085 21  7 54 18  0  0
18 16   4864 62906884 3013720 111374236    0    0 943344 664740 193030 766787 21  7 54 18  0  0
23 13   4864 62906424 3013720 111374248    0    0 940208 662172 192996 756098 21  7 54 18  0  0
16 22   4864 62904104 3013720 111374260    0    0 943936 663800 195362 760367 21  7 54 18  0  0
26 10   4864 62906188 3013720 111374272    0    0 947312 662532 196146 759075 21  7 54 18  0  0
18 20   4864 62906012 3013720 111374284    0    0 945856 662944 194378 755987 21  7 54 18  0  0
18 18   4864 62905080 3013720 111374292    0    0 836096 568532 166830 658045 19  6 54 21  0  0
procs -----------memory---------- ---swap-- -----io---- -system-- -------cpu-------
 r  b   swpd   free   buff  cache   si   so    bi    bo   in   cs us sy id wa st gu
22 13   4864 62910460 3013720 111374304    0    0 924192 646988 189926 736060 21  7 54 18  0  0
25 11   4864 62909552 3013720 111374316    0    0 939872 661540 193629 751176 21  7 54 18  0  0
19 15   4864 62909616 3013720 111374328    0    0 933264 669360 193325 754063 21  7 54 18  0  0
21 19   4864 62910412 3013720 111374332    0    0 943600 665836 194639 756029 22  7 54 18  0  0
21 15   4864 62910016 3013720 111374340    0    0 945536 662716 196469 756415 22  7 54 18  0  0
24 12   4864 62908556 3013720 111374348    0    0 947040 663560 194915 755637 21  7 54 18  0  0
36 12   4864 62911904 3013720 111374364    0    0 945008 669132 193460 762783 21  7 54 18  0  0
27  9   4864 62911100 3013720 111374376    0    0 946080 662148 192953 771498 21  7 54 18  0  0
19 17   4864 62911064 3013720 111374388    0    0 941632 673716 192887 759974 21  7 54 18  0  0
21 19   4864 62912804 3013720 111374396    0    0 944080 653492 193460 763330 22  7 54 18  0  0
22 14   4864 62910876 3013720 111374404    0    0 938624 669100 195311 766124 22  7 54 18  0  0
28  9   4864 62910660 3013720 111374416    0    0 947776 649644 193885 765074 21  7 54 18  0  0
21 14   4864 62911156 3013720 111374428    0    0 944720 668608 194714 763365 22  7 54 18  0  0
23 15   4864 62911112 3013720 111374440    0    0 942800 650996 191753 766459 22  7 54 18  0  0
26 13   4864 62911652 3013720 111374448    0    0 944768 662612 193750 769407 21  7 54 18  0  0
16 21   4864 62911696 3013720 111374456    0    0 864432 599684 172921 691713 20  6 54 20  0  0
20 16   4864 62910612 3013720 111374472    0    0 903120 615988 181551 726632 21  6 54 19  0  0
24 11   4864 62908172 3013720 111374484    0    0 938816 650116 191387 764841 21  7 54 18  0  0
16 20   4864 62910052 3013720 111374496    0    0 937680 672644 194059 761028 21  7 54 18  0  0
20 18   4864 62907648 3013720 111374504    0    0 939232 653652 192450 760828 21  7 54 18  0  0
35 11   4864 62909048 3013720 111374508    0    0 942512 647824 193108 763119 22  7 54 18  0  0
procs -----------memory---------- ---swap-- -----io---- -system-- -------cpu-------
 r  b   swpd   free   buff  cache   si   so    bi    bo   in   cs us sy id wa st gu
19 16   4864 62905716 3013720 111374520    0    0 946544 652312 193899 762782 21  7 54 18  0  0
23 13   4864 62909852 3013720 111374532    0    0 948416 650084 192592 765480 21  7 54 18  0  0
25 10   4864 62909928 3013720 111374608    0    0 942800 673596 193251 765216 21  7 54 18  0  0
26 24   4864 62910656 3013720 111374620    0    0 945776 660792 191732 762332 21  7 54 18  0  0
18 19   4864 62910856 3013720 111374632    0    0 944464 670944 192904 760403 21  7 54 18  0  0
25 12   4864 62912948 3013720 111374640    0    0 946880 651024 192029 766207 21  7 54 18  0  0
20 19   4864 62913788 3013720 111374656    0    0 942704 662172 191981 762896 21  7 54 18  0  0
23 14   4864 62914364 3013720 111374664    0    0 950160 656708 193118 766157 21  7 54 18  0  0
28 12   4864 62914708 3013720 111374676    0    0 942784 669640 193657 762858 22  7 54 18  0  0
21 18   4864 62914860 3013720 111374684    0    0 951584 660472 194810 765940 21  7 54 18  0  0
25 11   4864 62914992 3013720 111374692    0    0 892320 621116 181477 723942 20  6 54 19  0  0
20 23   4864 62908832 3013720 111374708    0    0 869584 588976 172313 692775 20  6 54 20  0  0
19 18   4864 62910052 3013720 111374716    0    0 941744 661636 193372 759463 21  7 54 18  0  0
11 25   4864 62907992 3013720 111374728    0    0 945120 666620 193205 763916 21  7 54 18  0  0
28 13   4864 62903280 3013720 111374736    0    0 938080 649472 193003 759520 21  7 54 18  0  0
27 15   4864 62902760 3013720 111374744    0    0 944272 674932 194036 760183 21  7 54 18  0  0
22 15   4864 62904512 3013720 111374756    0    0 945392 654008 192127 760956 21  7 54 18  0  0
27  8   4864 62901236 3013720 111374772    0    0 941984 671192 192144 761918 21  7 54 18  0  0
23 15   4864 62905492 3013720 111374780    0    0 943792 658176 192080 767071 22  7 54 18  0  0
26 13   4864 62903596 3013720 111374792    0    0 944816 671176 193431 765393 21  7 54 18  0  0
20 18   4864 62904656 3013720 111374800    0    0 943744 648316 191965 762071 21  7 54 18  0  0
procs -----------memory---------- ---swap-- -----io---- -system-- -------cpu-------
 r  b   swpd   free   buff  cache   si   so    bi    bo   in   cs us sy id wa st gu
24 15   4864 62904288 3013720 111374808    0    0 944000 666976 193020 765735 21  7 54 18  0  0
28  9   4864 62901244 3013720 111374824    0    0 942608 667560 192261 763922 21  7 54 18  0  0
20 19   4864 62901276 3013720 111374832    0    0 948048 655168 194101 771077 21  7 54 18  0  0
27  9   4864 62901864 3013720 111374844    0    0 941440 668364 194899 768902 21  7 54 18  0  0
24 13   4864 62903216 3013720 111374852    0    0 945824 662372 192810 766707 22  7 54 18  0  0
26 12   4864 62899992 3013720 111374860    0    0 913984 624828 183943 742129 21  7 54 18  0  0
15 24   4864 62904232 3013720 111374876    0    0 858560 606548 171402 688504 20  6 54 20  0  0
32  8   4864 62902756 3013720 111374884    0    0 920544 640504 187541 743275 21  7 54 18  0  0
29 10   4864 62907592 3013720 111374896    0    0 941136 655992 192985 764758 21  7 54 18  0  0
21 16   4864 62907672 3013720 111374904    0    0 940432 675632 194171 758976 21  7 54 18  0  0
20 19   4864 62908352 3013720 111374912    0    0 943712 659384 192836 767415 21  7 54 18  0  0
21 14   4864 62905288 3013720 111374928    0    0 944464 671452 195639 770397 21  7 54 18  0  0
21 13   4864 62906920 3013720 111374936    0    0 945088 665672 195875 765250 22  7 54 18  0  0
23 11   4864 62905484 3013720 111374944    0    0 946832 657576 195161 769118 21  7 54 18  0  0
19 15   4864 62904088 3013720 111374952    0    0 947328 667596 196241 764818 21  7 54 18  0  0
20 14   4864 62904952 3013720 111374960    0    0 947824 655728 195484 767704 22  7 54 18  0  0
28 12   4864 62905848 3013720 111374972    0    0 949936 659608 193620 766842 21  7 54 18  0  0
23 14   4864 62907628 3013720 111374984    0    0 943840 661940 192891 765933 21  7 54 18  0  0
21 13   4864 62906968 3013720 111374992    0    0 944256 665620 193839 766998 22  7 54 18  0  0
27 10   4864 62911416 3013720 111375004    0    0 944320 669968 194812 767917 22  7 54 18  0  0
23 12   4864 62908208 3013720 111375012    0    0 946272 663284 195404 771026 21  7 54 18  0  0
procs -----------memory---------- ---swap-- -----io---- -system-- -------cpu-------
 r  b   swpd   free   buff  cache   si   so    bi    bo   in   cs us sy id wa st gu
19 15   4864 62909412 3013720 111375024    0    0 948848 654020 193974 766446 22  7 54 18  0  0
21 15   4864 62912300 3013720 111375040    0    0 834176 572976 166565 672244 19  6 54 21  0  0
17 18   4864 62911484 3013720 111375052    0    0 934544 660060 191883 758245 21  7 54 18  0  0
23 18   4864 62914056 3013720 111375064    0    0 935360 659504 192910 757189 21  7 54 18  0  0
14 24   4864 62912416 3013720 111375072    0    0 940336 652588 191766 760345 21  7 54 18  0  0
13 27   4864 62912336 3013720 111375084    0    0 938624 657428 191793 760969 21  7 54 18  0  0
15 24   4864 62911368 3013720 111375096    0    0 943936 671640 194479 766562 21  7 54 18  0  0
24 14   4864 62912108 3013720 111375108    0    0 947008 669072 194194 763917 21  7 54 18  0  0
24 11   4864 62912864 3013720 111375120    0    0 945296 662432 194355 765078 22  7 54 18  0  0
20 15   4864 62911532 3013720 111375124    0    0 947600 662436 193585 766220 21  7 54 18  0  0
23 12   4864 62913136 3013720 111375132    0    0 943024 655248 192308 764756 22  7 54 18  0  0
25 11   4864 62906944 3013720 111375148    0    0 943936 663364 193234 766742 21  7 54 18  0  0
26 10   4864 62909208 3013720 111375156    0    0 947776 662480 194464 768702 21  7 54 18  0  0
25 10   4864 62912148 3013720 111375168    0    0 950064 652936 195022 773933 21  7 54 18  0  0
21 15   4864 62913124 3013720 111375180    0    0 945952 663616 197299 770280 22  7 54 18  0  0
16 22   4864 62912636 3013720 111375188    0    0 945840 673912 196990 772111 21  7 54 18  0  0
20 18   4864 62915916 3013720 111375200    0    0 948464 669924 195693 765178 21  7 54 18  0  0
25 12   4864 62914348 3013720 111375212    0    0 867056 581176 172048 693152 20  6 54 20  0  0
29 11   4864 62915212 3013720 111375220    0    0 907040 639060 184675 728336 21  6 54 19  0  0
21 18   4864 62911856 3013720 111375232    0    0 941984 647936 191671 763741 21  7 54 18  0  0
15 19   4864 62911348 3013720 111375328    0    0 938784 664976 192871 762790 22  7 54 18  0  0
procs -----------memory---------- ---swap-- -----io---- -system-- -------cpu-------
 r  b   swpd   free   buff  cache   si   so    bi    bo   in   cs us sy id wa st gu
20 15   4864 62911584 3013720 111375340    0    0 936880 651944 190402 762128 21  7 54 18  0  0
24 10   4864 62909184 3013720 111375348    0    0 942352 659256 192762 767587 22  7 54 18  0  0
25 10   4864 62907508 3013720 111375360    0    0 948560 664452 192763 766100 21  7 54 18  0  0
21 15   4864 62909392 3013720 111375368    0    0 946864 664404 192518 765287 21  7 54 18  0  0
25 10   4864 62906568 3013720 111375380    0    0 942352 662248 193170 762099 21  7 54 18  0  0
23 12   4864 62907928 3013720 111375388    0    0 942800 663252 192911 761743 21  7 54 18  0  0
30 11   4864 62908648 3013720 111375400    0    0 941600 666120 192734 763802 21  7 54 18  0  0
19 16   4864 62908180 3013720 111375408    0    0 939632 663888 193778 764362 21  7 54 18  0  0
27 11   4864 62904460 3013720 111375416    0    0 948928 663472 194803 766630 21  7 54 18  0  0
18 20   4864 62909212 3013720 111375424    0    0 945968 668952 196605 770078 21  7 54 18  0  0
20 18   4864 62910224 3013720 111375440    0    0 950304 663436 195969 764167 21  7 54 18  0  0
19 16   4864 62909008 3013720 111375448    0    0 943232 660472 193824 764816 21  7 54 18  0  0
15 24   4864 62908260 3013720 111375460    0    0 892576 625420 180436 719651 20  6 54 19  0  0
25 15   4864 62909904 3013720 111375468    0    0 863520 592152 172878 693561 20  6 54 20  0  0
21 16   4864 62911292 3013720 111375476    0    0 938096 658696 192782 765416 21  7 54 18  0  0
14 26   4864 62915080 3013720 111375492    0    0 939360 657716 191927 764737 21  7 54 18  0  0
22 12   4864 62911584 3013720 111375500    0    0 941440 659896 194086 768686 21  7 54 18  0  0
19 14   4864 62912872 3013720 111375516    0    0 939056 663724 192278 756433 21  7 54 18  0  0
23 12   4864 62914904 3013720 111375524    0    0 945472 661404 194121 767367 21  7 54 18  0  0
21 17   4864 62917696 3013720 111375536    0    0 945536 660744 195445 774879 21  7 54 18  0  0
25 11   4864 62915964 3013720 111375552    0    0 946848 659772 195524 776877 21  7 54 18  0  0
procs -----------memory---------- ---swap-- -----io---- -system-- -------cpu-------
 r  b   swpd   free   buff  cache   si   so    bi    bo   in   cs us sy id wa st gu
23 13   4864 62912216 3013720 111375560    0    0 944544 666688 194820 761624 21  7 54 18  0  0
17 21   4864 62913824 3013720 111375572    0    0 945376 659168 194006 766484 21  7 54 18  0  0
24 11   4864 62909560 3013720 111375576    0    0 938544 666212 192931 762957 21  7 54 18  0  0
24 19   4864 62912304 3013720 111375584    0    0 943584 656036 192132 761432 21  7 54 18  0  0
23 13   4864 62909808 3013720 111375584    0    0 950784 664440 193458 762895 21  7 54 18  0  0
20 14   4864 62911836 3013720 111375608    0    0 943776 666188 194228 770153 21  7 54 18  0  0
22 12   4864 62914028 3013720 111375616    0    0 951600 659004 193022 766455 22  7 54 18  0  0
19 17   4864 62915260 3013720 111375628    0    0 905280 642888 183377 735254 21  6 54 19  0  0
21 14   4864 62910788 3013720 111375636    0    0 874048 595580 174245 695749 20  6 54 20  0  0
28 11   4864 62915008 3013720 111375644    0    0 921808 633284 186255 739848 21  7 54 18  0  0
20 17   4864 62914140 3013720 111375668    0    0 943472 664932 192839 763678 21  7 54 18  0  0
24 11   4864 62916872 3013720 111375676    0    0 935616 667280 193411 763183 21  7 54 18  0  0
25  9   4864 62915136 3013720 111375680    0    0 943648 660548 195111 764841 21  7 54 18  0  0
20 14   4864 62915696 3013720 111375696    0    0 942768 660604 195330 772458 21  7 54 18  0  0
29 13   4864 62915480 3013720 111375704    0    0 941936 665112 194467 766876 21  7 54 18  0  0
15 23   4864 62916356 3013720 111375720    0    0 948400 659128 195187 769361 21  7 54 18  0  0
26 11   4864 62918576 3013720 111375728    0    0 943776 666328 196898 774139 21  7 54 18  0  0
15 24   4864 62918384 3013720 111375740    0    0 944416 648460 192657 765930 21  7 54 18  0  0
26 10   4864 62913748 3013720 111375748    0    0 942336 660528 195318 775008 21  7 54 18  0  0
19 19   4864 62919752 3013720 111375752    0    0 942928 667324 193630 764526 22  7 54 18  0  0
23 13   4864 62916876 3013720 111375768    0    0 945680 661072 193565 765324 21  7 54 18  0  0
procs -----------memory---------- ---swap-- -----io---- -system-- -------cpu-------
 r  b   swpd   free   buff  cache   si   so    bi    bo   in   cs us sy id wa st gu
14 21   4864 62920160 3013720 111375776    0    0 947584 663600 192922 768554 21  7 54 18  0  0
25 13   4864 62920468 3013720 111375784    0    0 954784 654860 193523 764692 21  7 54 18  0  0
22 14   4864 62924924 3013720 111375796    0    0 940976 655320 190576 759843 21  7 54 18  0  0
20 14   4864 62921800 3013720 111375804    0    0 864000 599864 172687 695473 20  6 54 20  0  0
23 11   4864 62916808 3013720 111375816    0    0 846688 587312 168226 682080 19  6 54 20  0  0
26 13   4864 62916932 3013720 111375828    0    0 872048 607372 175116 699602 20  6 54 20  0  0
21 17   4864 62916296 3013720 111375836    0    0 870992 612800 176702 700845 20  6 54 20  0  0
23 12   4864 62917704 3013720 111375848    0    0 875600 606708 179003 712983 20  6 55 19  0  0
27  7   4864 62912136 3013720 111375856    0    0 877792 598568 176976 712153 20  6 54 19  0  0
17 17   4864 62911572 3013720 111375872    0    0 878528 607292 177470 712863 20  6 54 19  0  0
22 13   4864 62906672 3013720 111375884    0    0 890720 630236 179706 715439 20  6 54 19  0  0
21 12   4864 62908152 3013720 111375892    0    0 884352 604912 178768 714867 20  6 54 19  0  0
17 18   4864 62908352 3013720 111375904    0    0 882592 623192 179209 714736 20  6 54 19  0  0
15 19   4864 62908608 3013720 111375912    0    0 884048 608948 177333 713998 20  6 54 19  0  0
31  9   4864 62908648 3013720 111375924    0    0 912000 623776 183940 734816 21  7 54 19  0  0
33  8   4864 62910212 3013720 111375932    0    0 917216 632136 190003 742840 21  7 54 18  0  0
24 11   4864 62913768 3013720 111375940    0    0 908944 638008 186685 738746 21  7 54 19  0  0
27 15   4864 62913604 3013720 111376016    0    0 910752 631584 186261 734732 21  7 54 19  0  0
25 12   4864 62914020 3013720 111376028    0    0 911472 641908 187339 732120 21  7 54 19  0  0
15 22   4864 62914792 3013720 111376036    0    0 910192 639688 186578 736989 20  6 54 19  0  0
11 26   4864 62916464 3013720 111376048    0    0 889648 621956 181717 721216 20  6 54 19  0  0
procs -----------memory---------- ---swap-- -----io---- -system-- -------cpu-------
 r  b   swpd   free   buff  cache   si   so    bi    bo   in   cs us sy id wa st gu
25 10   4864 62917156 3013720 111376060    0    0 896320 603984 179742 723054 20  7 54 19  0  0
20 17   4864 62915228 3013720 111376068    0    0 927536 651284 189603 751709 21  7 54 18  0  0
21 15   4864 62913492 3013720 111376080    0    0 932544 655348 189679 754429 21  7 54 18  0  0
19 15   4864 62913052 3013720 111376088    0    0 926576 634964 188031 750720 21  7 54 18  0  0
12 25   4864 62915248 3013720 111376100    0    0 928272 653676 192238 754018 21  7 54 18  0  0
27 11   4864 62915892 3013720 111376112    0    0 928384 652424 192687 753932 21  7 54 18  0  0
23 13   4864 62915396 3013720 111376120    0    0 933520 655384 192310 757841 21  7 54 18  0  0
15 20   4864 62914456 3013720 111376132    0    0 931840 648912 190951 763670 21  7 54 18  0  0
28 10   4864 62913768 3013720 111376144    0    0 928816 637964 189961 754356 21  7 54 18  0  0
27 12   4864 62910820 3013720 111376156    0    0 935120 653176 189802 758153 21  7 54 18  0  0
25 10   4864 62910524 3013720 111376168    0    0 929088 655204 190647 749525 21  7 54 18  0  0
27 10   4864 62911496 3013720 111376172    0    0 934432 645368 190552 758054 21  7 54 18  0  0
26 12   4864 62913180 3013720 111376180    0    0 932352 654516 191036 753215 21  7 54 18  0  0
24 12   4864 62916540 3013720 111376192    0    0 932784 655768 190911 754208 21  7 54 18  0  0
27 13   4864 62911548 3013720 111376204    0    0 937984 643612 191090 762042 21  7 54 18  0  0
27 10   4864 62910520 3013720 111376212    0    0 929488 649040 187982 749942 21  7 54 18  0  0
19 15   4864 62915348 3013720 111376224    0    0 877120 609184 176625 709992 20  6 54 19  0  0
21 16   4864 62916352 3013720 111376236    0    0 928576 652964 189313 758715 21  7 54 18  0  0
21 19   4864 62918272 3013720 111376248    0    0 926976 652216 189998 753786 21  7 54 18  0  0
22 13   4864 62911848 3013720 111376264    0    0 926512 648876 191133 751828 21  7 54 18  0  0
22 14   4864 62911804 3013720 111376272    0    0 924224 650812 190138 750480 21  7 54 18  0  0
procs -----------memory---------- ---swap-- -----io---- -system-- -------cpu-------
 r  b   swpd   free   buff  cache   si   so    bi    bo   in   cs us sy id wa st gu
28  9   4864 62905192 3013720 111376284    0    0 931728 652920 192085 758555 21  7 54 18  0  0
23 15   4864 62905900 3013720 111376292    0    0 936176 647816 191166 757104 21  7 54 18  0  0
19 16   4864 62908404 3013720 111376304    0    0 933584 649852 189293 757441 21  7 54 18  0  0
23 11   4864 62909248 3013720 111376316    0    0 935504 654968 190891 762318 21  7 54 18  0  0
20 14   4864 62908832 3013720 111376324    0    0 935648 650940 190299 754081 21  7 54 18  0  0
21 17   4864 62908228 3013720 111376332    0    0 931696 665164 192114 750041 21  7 54 18  0  0
28  9   4864 62902472 3013720 111376344    0    0 931824 648108 190221 755536 21  7 54 18  0  0
24 14   4864 62900972 3013720 111376356    0    0 933040 649820 189657 753674 21  7 54 18  0  0
24 11   4864 62899404 3013720 111376364    0    0 936512 652064 191290 759549 21  7 54 18  0  0
24 12   4864 62901008 3013720 111376372    0    0 938544 651036 191169 766212 21  7 54 18  0  0
26  9   4864 62898504 3013720 111376384    0    0 934016 657092 190687 757539 21  7 54 18  0  0
19 20   4864 62900900 3013720 111376392    0    0 900752 627796 182323 728378 20  6 54 19  0  0
29 11   4864 62903252 3013720 111376400    0    0 899520 625856 182474 728601 21  6 54 19  0  0
34 13   4864 62905676 3013720 111376412    0    0 932704 662184 191112 757451 21  7 54 18  0  0
14 21   4864 62908048 3013720 111376424    0    0 931984 644832 190329 758623 21  7 54 18  0  0
25 11   4864 62908836 3013720 111376432    0    0 929792 633384 187610 750847 21  7 54 18  0  0
25 23   4864 62908836 3013720 111376448    0    0 921360 664072 190940 754554 21  7 54 18  0  0
22 12   4864 62909452 3013720 111376456    0    0 939248 652736 191200 761313 21  7 54 18  0  0
18 20   4864 62910696 3013720 111376468    0    0 938032 653848 192029 761594 21  7 54 18  0  0
19 14   4864 62910176 3013720 111376480    0    0 935392 652152 190528 760592 21  7 54 18  0  0
20 18   4864 62910716 3013720 111376488    0    0 944000 643116 190969 757458 21  7 54 18  0  0
procs -----------memory---------- ---swap-- -----io---- -system-- -------cpu-------
 r  b   swpd   free   buff  cache   si   so    bi    bo   in   cs us sy id wa st gu
13 24   4864 62910964 3013720 111376492    0    0 934272 664972 192243 752808 21  7 54 18  0  0
25 11   4864 62908868 3013720 111376508    0    0 932176 639000 189095 750768 21  7 54 18  0  0
17 19   4864 62906260 3013720 111376520    0    0 928624 649136 189740 755680 21  7 54 18  0  0
19 17   4864 62907256 3013720 111376532    0    0 934112 657848 191495 758336 21  7 54 18  0  0
27 10   4864 62905996 3013720 111376536    0    0 935664 656400 191309 760021 21  7 54 18  0  0
26 10   4864 62905776 3013720 111376552    0    0 932480 654240 192422 762014 21  7 54 18  0  0
16 21   4864 62907816 3013720 111376560    0    0 934816 655048 191498 750518 21  7 54 18  0  0
21 14   4864 62905104 3013720 111376572    0    0 872544 587664 175204 702649 20  6 54 20  0  0
28  8   4864 62901824 3013720 111376584    0    0 929904 645640 192302 754380 21  7 54 18  0  0
30 11   4864 62899152 3013720 111376592    0    0 931584 656084 192772 759433 21  7 54 18  0  0
22 13   4864 62901344 3013720 111376604    0    0 929680 665180 193094 756211 21  7 54 18  0  0
23 18   4864 62901464 3013720 111376616    0    0 920320 643532 190631 758188 21  7 54 18  0  0
22 14   4864 62899136 3013720 111376624    0    0 931584 662164 192170 754289 21  7 54 18  0  0
22 13   4864 62900460 3013720 111376640    0    0 934352 637636 189996 756312 21  7 54 18  0  0
26 10   4864 62901900 3013720 111376716    0    0 931248 655912 191618 755285 21  7 54 18  0  0
18 17   4864 62902504 3013720 111376724    0    0 930208 661996 191588 762080 21  7 54 18  0  0
25 18   4864 62898520 3013720 111376736    0    0 934240 644864 190672 756108 21  7 54 18  0  0
28 12   4864 62899340 3013720 111376744    0    0 937664 651248 192122 758968 21  7 54 18  0  0
21 18   4864 62900948 3013720 111376760    0    0 933392 650972 191208 759072 21  7 54 18  0  0
30  5   4864 62900264 3013720 111376768    0    0 937840 655572 191348 756160 21  7 54 18  0  0
21 13   4864 62904728 3013720 111376776    0    0 931280 656912 191382 754719 21  7 54 18  0  0
procs -----------memory---------- ---swap-- -----io---- -system-- -------cpu-------
 r  b   swpd   free   buff  cache   si   so    bi    bo   in   cs us sy id wa st gu
24 14   4864 62906308 3013720 111376784    0    0 938480 656068 193183 763634 21  7 54 18  0  0
19 20   4864 62907608 3013720 111376792    0    0 937040 658536 193390 764468 21  7 54 18  0  0
16 19   4864 62906492 3013720 111376808    0    0 902896 646108 185117 734269 20  6 54 19  0  0
15 22   4864 62903524 3013720 111376820    0    0 900480 619356 182921 729690 20  6 54 19  0  0
25 16   4864 62903800 3013720 111376828    0    0 936240 648508 191485 760590 21  7 54 18  0  0
25 12   4864 62907172 3013720 111376836    0    0 926064 653772 188819 756961 21  7 54 18  0  0
26  9   4864 62910028 3013720 111376848    0    0 935312 652128 190403 759959 21  7 54 18  0  0
25 10   4864 62910204 3013720 111376856    0    0 932480 645392 190150 755439 21  7 54 18  0  0
26 12   4864 62910120 3013720 111376872    0    0 935552 665688 193529 758555 21  7 54 18  0  0
21 15   4864 62912520 3013720 111376880    0    0 936016 653412 191181 756770 21  7 54 18  0  0
20 16   4864 62916188 3013720 111376888    0    0 929888 658644 189498 753055 21  7 54 18  0  0
25 10   4864 62917116 3013720 111376900    0    0 925360 648812 190553 755387 21  7 54 18  0  0
19 16   4864 62915756 3013720 111376908    0    0 938240 640384 190856 762572 21  7 54 18  0  0
25 12   4864 62915060 3013720 111376928    0    0 935552 662512 191749 764471 21  7 54 18  0  0
26 12   4864 62913728 3013720 111376936    0    0 889808 625692 179358 718961 20  6 54 19  0  0
17 20   4864 62912908 3013720 111376944    0    0 872400 601212 175306 705541 20  6 54 20  0  0
18 19   4864 62911548 3013720 111376956    0    0 880160 608076 177310 707504 20  6 54 20  0  0
27 15   4864 62912216 3013720 111376964    0    0 881696 601140 177495 712045 20  6 54 19  0  0
18 20   4864 62912428 3013720 111376976    0    0 905008 623764 184432 738664 20  6 54 19  0  0
