procs -----------memory---------- ---swap-- -----io---- -system-- -------cpu-------
 r  b   swpd   free   buff  cache   si   so    bi    bo   in   cs us sy id wa st gu
 5  0  76084 130322084 2246572 45766124   32   41 80110 94566 83662   10 11  2 86  1  0  0
 1  0  76084 130293328 2246576 45766184    0    0     0 320004 95659 58260  1  1 98  0  0  0
66  0  76084 130282152 2246576 45766236    0    0     0 320040 96144 67214 79  2 19  0  0  0
59  0  76084 130265452 2246576 45766256    0    0     0 320388 111033 62026 80  2 18  0  0  0
51 26  76084 130084256 2246576 45766288    0    0 437568 458844 244472 503019 48  8 41  4  0  0
57 16  76084 129965848 2246576 45766324    0    0 1449376 620376 285506 1190997 47 15 22 16  0  0
39 39  76084 129886516 2246576 45766664    0    0 1448688 631152 299441 1189573 47 17 21 15  0  0
40 38  76084 129894868 2246576 45766624    0    0 1429648 658580 271693 1174155 45 15 23 17  0  0
41 31  76084 129937716 2246576 45766576    0    0 1415264 716704 270507 1174898 44 13 24 19  0  0
46 30  76084 129908132 2246576 45766596    0    0 1402800 710660 274120 1164710 44 15 23 18  0  0
60 13  76084 129881124 2246576 45767064    0    0 1397776 716224 272162 1167567 45 16 22 17  0  0
53 17  76084 129936380 2246576 45766632    0    0 1405664 728016 272351 1177882 45 15 23 18  0  0
50 29  76084 129920508 2246580 45766524    0    0 1403568 751280 276556 1179399 46 15 22 17  0  0
53 22  76084 129855892 2246584 45766684    0    0 1390992 754772 277427 1174656 47 16 21 16  0  0
52 21  76084 129878604 2246584 45766712    0    0 1397456 755732 276794 1172960 47 16 22 16  0  0
39 28  76084 129918648 2246584 45766596    0    0 1356576 747280 268070 1140336 44 14 24 19  0  0
46 25  76084 129948976 2246584 45766448    0    0 1349344 769900 266525 1136336 42 14 25 19  0  0
57 12  76084 129962556 2246584 45766464    0    0 1342320 765140 267147 1136001 43 14 24 19  0  0
53 21  76084 129951684 2246584 45766484    0    0 1366960 783616 271607 1154499 44 15 23 18  0  0
48 19  76084 129946436 2246584 45766500    0    0 1390096 801108 277439 1187864 45 15 23 17  0  0
44 26  76084 129924804 2246584 45766528    0    0 1389424 812356 276459 1180744 45 15 23 17  0  0
procs -----------memory---------- ---swap-- -----io---- -system-- -------cpu-------
 r  b   swpd   free   buff  cache   si   so    bi    bo   in   cs us sy id wa st gu
45 28  76084 129931696 2246584 45766564    0    0 1350512 783888 271088 1147824 44 15 23 18  0  0
51 21  76084 129949168 2246584 45766584    0    0 1337296 791820 270259 1136431 44 15 23 18  0  0
37 29  76084 129967204 2246584 45766608    0    0 1335200 790704 269191 1134724 44 15 23 18  0  0
45 29  76084 129971884 2246584 45766632    0    0 1331200 811884 268224 1130375 43 13 25 20  0  0
49 21  76084 129957708 2246584 45766652    0    0 1332144 823776 272600 1142476 44 15 23 18  0  0
42 36  76084 129963212 2246584 45766680    0    0 1341520 838836 273222 1146081 44 15 23 18  0  0
50 28  76084 129960440 2246584 45766708    0    0 1325920 824812 269856 1135564 44 15 23 18  0  0
56 16  76084 129960356 2246584 45766732    0    0 1312336 815756 267764 1120201 43 15 23 19  0  0
41 34  76084 129949452 2246584 45766760    0    0 1320480 814316 268264 1126710 43 15 23 19  0  0
40 31  76084 129957388 2246584 45766776    0    0 1330304 819680 271439 1136637 44 15 23 18  0  0
45 26  76084 129946388 2246584 45766804    0    0 1357968 840828 277148 1168278 45 16 22 17  0  0
48 25  76084 129944580 2246584 45766832    0    0 1369616 849952 277018 1174236 45 14 24 18  0  0
38 31  76084 129967056 2246584 45766848    0    0 1343664 831060 273490 1153752 45 15 23 18  0  0
52 20  76084 129968608 2246584 45766872    0    0 1327536 817476 269374 1133928 44 15 23 18  0  0
31 39  76084 129953740 2246584 45766908    0    0 1326976 832260 270124 1131720 44 15 23 18  0  0
35 32  76084 129956200 2246584 45766932    0    0 1322160 831836 270548 1132449 43 15 23 18  0  0
47 21  76084 129953936 2246584 45766948    0    0 1324528 828852 270176 1135302 44 15 23 18  0  0
49 23  76084 129928952 2246584 45766972    0    0 1328096 826752 270541 1135054 44 15 23 18  0  0
41 36  76084 129934768 2246584 45767004    0    0 1314928 816164 267725 1123617 43 15 23 19  0  0
32 37  76084 129934988 2246584 45767032    0    0 1318416 821936 266268 1125225 43 14 24 19  0  0
39 36  76084 129947036 2246584 45767048    0    0 1329664 830136 269915 1140085 43 14 24 19  0  0
procs -----------memory---------- ---swap-- -----io---- -system-- -------cpu-------
 r  b   swpd   free   buff  cache   si   so    bi    bo   in   cs us sy id wa st gu
48 20  76084 129949692 2246584 45767068    0    0 1353584 840644 275990 1160091 45 15 23 17  0  0
51 18  76084 129941168 2246584 45767088    0    0 1342608 842280 275028 1156397 44 15 23 18  0  0
48 24  76084 129951980 2246584 45767112    0    0 1360352 844196 275954 1164725 45 15 23 17  0  0
42 35  76084 129918888 2246584 45767132    0    0 1359488 850492 276039 1164797 45 15 22 17  0  0
52 24  76084 129910260 2246584 45767160    0    0 1331872 825376 270215 1140425 44 15 23 18  0  0
45 31  76084 129937260 2246584 45767188    0    0 1328048 827024 270958 1138793 44 15 23 18  0  0
50 24  76084 129949464 2246588 45767216    0    0 1322976 823328 268446 1128993 43 14 24 19  0  0
49 22  76084 129965968 2246588 45767244    0    0 1322512 819716 267592 1125489 43 13 24 20  0  0
32 37  76084 129951140 2246588 45767260    0    0 1291936 803956 263905 1103576 42 14 24 20  0  0
47 23  76084 129942352 2246588 45767284    0    0 1315024 826032 268473 1126609 43 15 23 19  0  0
45 24  76084 129940652 2246588 45767312    0    0 1312480 817836 267780 1120836 43 15 23 19  0  0
50 20  76084 129918596 2246588 45767340    0    0 1348816 845004 274709 1155073 45 15 23 18  0  0
37 34  76084 129916368 2246588 45767360    0    0 1358800 844888 276953 1166149 45 16 22 17  0  0
43 31  76084 129921328 2246588 45767384    0    0 1338336 849192 274051 1151791 44 15 23 18  0  0
42 26  76084 129934404 2246588 45767408    0    0 1355936 846712 277631 1168944 45 16 23 17  0  0
48 26  76084 129950784 2246588 45767432    0    0 1369984 865580 277031 1172935 44 14 24 18  0  0
34 41  76084 129948512 2246592 45767444    0    0 1336480 846784 272363 1147166 44 15 23 18  0  0
53 19  76084 129945524 2246592 45767476    0    0 1320064 828784 269358 1133073 43 15 23 18  0  0
36 36  76084 129922744 2246592 45767500    0    0 1313968 842240 269031 1131287 43 15 23 19  0  0
44 23  76084 129934368 2246592 45767524    0    0 1290832 809092 262672 1099698 42 14 24 20  0  0
49 19  76084 129930376 2246592 45767548    0    0 1285104 810804 263581 1101822 42 14 24 20  0  0
procs -----------memory---------- ---swap-- -----io---- -system-- -------cpu-------
 r  b   swpd   free   buff  cache   si   so    bi    bo   in   cs us sy id wa st gu
44 29  76084 129923644 2246592 45767580    0    0 1309504 820020 267250 1122391 43 15 23 19  0  0
48 25  76084 129917712 2246592 45767600    0    0 1324432 829668 275665 1133645 44 15 23 18  0  0
40 38  76084 129922296 2246592 45767628    0    0 1363696 868672 278383 1177022 45 14 24 18  0  0
39 38  76084 129927896 2246592 45767652    0    0 1351808 861784 276042 1163138 45 15 23 17  0  0
47 23  76084 129932880 2246592 45767680    0    0 1347776 862024 275379 1159606 44 15 23 18  0  0
56 16  76084 129925136 2246592 45767708    0    0 1336944 856360 273664 1149951 44 15 23 18  0  0
51 18  76084 129915428 2246592 45767740    0    0 1354736 857040 278105 1172016 45 15 22 17  0  0
50 20  76084 129920712 2246592 45767768    0    0 1342752 851900 273680 1150120 44 15 23 18  0  0
34 35  76084 129931960 2246592 45767780    0    0 1319008 831556 269779 1131753 43 15 23 19  0  0
46 28  76084 129925012 2246592 45767808    0    0 1311600 827472 268945 1128208 43 15 24 19  0  0
47 27  76084 129938604 2246592 45767840    0    0 1263760 794052 257782 1078838 40 13 25 21  0  0
41 21  76084 129939384 2246592 45767852    0    0 1293376 814532 261809 1101015 42 13 25 20  0  0
44 26  76084 129933640 2246592 45767876    0    0 1304928 819944 267710 1117890 43 15 23 19  0  0
43 15  76084 129938420 2246592 45767900    0    0 1346400 852740 275660 1160150 45 15 22 17  0  0
48 24  76084 129927112 2246592 45767932    0    0 1358576 847948 278161 1166626 45 16 22 17  0  0
61 14  76084 129923336 2246592 45767960    0    0 1348528 852888 276487 1165832 45 15 23 17  0  0
41 34  76084 129927620 2246592 45767984    0    0 1356528 857028 277633 1170112 45 16 22 17  0  0
36 44  76084 129929892 2246592 45768016    0    0 1339008 848208 274422 1152065 44 15 23 18  0  0
32 52  76084 129932716 2246592 45768036    0    0 1355696 855888 276540 1169517 45 15 23 17  0  0
39 40  76084 129941908 2246592 45768064    0    0 1362528 858864 275940 1166689 44 14 23 18  0  0
31 49  76084 129923444 2246592 45768076    0    0 1315024 824604 268386 1126213 43 15 23 19  0  0
procs -----------memory---------- ---swap-- -----io---- -system-- -------cpu-------
 r  b   swpd   free   buff  cache   si   so    bi    bo   in   cs us sy id wa st gu
46 36  76084 129918896 2246592 45768108    0    0 1292400 808404 263191 1101708 42 14 24 20  0  0
39 45  76084 129917608 2246592 45768132    0    0 1269968 794888 260358 1086342 42 14 24 20  0  0
46 44  76084 129923516 2246592 45768152    0    0 1276656 801548 260569 1089928 42 14 24 20  0  0
23 47  76084 129931604 2246592 45768176    0    0 1323248 835032 269838 1133537 43 15 23 18  0  0
38 39  76084 129926412 2246592 45768208    0    0 1359984 857508 278018 1170563 45 16 23 17  0  0
42 31  76084 129923936 2246592 45768232    0    0 1356112 864364 277558 1171122 45 15 23 17  0  0
31 53  76084 129942072 2246592 45768252    0    0 1365040 865420 275426 1168121 44 13 24 18  0  0
44 34  76084 129927816 2246592 45768268    0    0 1355616 858352 276279 1163473 45 15 22 17  0  0
33 51  76084 129940776 2246592 45768296    0    0 1354512 858944 276199 1162503 45 15 23 17  0  0
32 44  76084 129941236 2246592 45768324    0    0 1344432 851060 275885 1154030 45 15 22 17  0  0
48 34  76084 129914604 2246592 45768440    0    0 1355280 854632 277233 1167480 45 15 23 17  0  0
34 39  76084 129913540 2246592 45768464    0    0 1324688 835692 269533 1135557 43 15 23 19  0  0
23 55  76084 129922876 2246592 45768484    0    0 1262656 799456 259084 1080591 41 14 24 20  0  0
36 49  76084 129908152 2246592 45768524    0    0 1271760 804260 261174 1092414 42 14 24 20  0  0
44 41  76084 129913488 2246592 45768548    0    0 1280288 803580 259623 1089546 41 13 25 21  0  0
41 38  76084 129949180 2246592 45768568    0    0 1347024 859728 274993 1154412 44 15 23 18  0  0
45 27  76084 129926088 2246592 45768588    0    0 1358096 869512 278490 1170538 45 16 22 17  0  0
40 44  76084 129921196 2246592 45768616    0    0 1353232 859020 277092 1168819 45 15 23 17  0  0
41 46  76084 129915816 2246592 45768644    0    0 1349984 862408 277371 1168841 45 15 23 17  0  0
28 42  76084 129900536 2246592 45768672    0    0 1352784 860688 277791 1169683 45 15 22 17  0  0
31 52  76084 129906320 2246592 45768696    0    0 1353824 857680 276952 1163959 45 15 22 17  0  0
procs -----------memory---------- ---swap-- -----io---- -system-- -------cpu-------
 r  b   swpd   free   buff  cache   si   so    bi    bo   in   cs us sy id wa st gu
42 42  76084 129905932 2246592 45768720    0    0 1341120 846764 275153 1151539 44 15 23 18  0  0
32 54  76084 129921596 2246592 45768744    0    0 1350080 853480 275241 1161042 44 15 24 18  0  0
30 55  76084 129923672 2246592 45768760    0    0 1296304 813172 264609 1111093 42 14 25 20  0  0
27 52  76084 129919372 2246592 45768788    0    0 1270528 803356 268438 1085103 41 14 24 20  0  0
28 55  76084 129914740 2246592 45768808    0    0 1275104 800556 262664 1093475 42 14 24 20  0  0
37 42  76084 129905800 2246592 45768840    0    0 1289328 809440 262833 1102371 43 14 24 19  0  0
36 36  76084 129909432 2246592 45768864    0    0 1352480 858700 277765 1167267 45 15 22 17  0  0
43 36  76084 129903324 2246592 45768884    0    0 1348544 855784 278353 1164138 45 16 22 17  0  0
32 49  76084 129902828 2246592 45768908    0    0 1351408 858376 277660 1165524 45 16 22 17  0  0
37 48  76084 129903528 2246592 45768936    0    0 1364544 858780 277519 1173023 45 15 23 17  0  0
24 64  76084 129905952 2246592 45768956    0    0 1361456 866500 277337 1172843 44 14 23 18  0  0
23 53  76084 129889668 2246592 45768984    0    0 1357264 850384 276082 1166310 45 16 22 17  0  0
22 60  76084 129884520 2246592 45769004    0    0 1347184 852968 274580 1157240 44 15 23 18  0  0
29 61  76084 129894596 2246592 45769032    0    0 1337680 843136 273473 1149806 44 15 23 18  0  0
24 61  76084 129897072 2246592 45769060    0    0 1274176 800800 259821 1085217 42 14 24 20  0  0
35 41  76084 129891632 2246592 45769084    0    0 1272160 797788 258540 1080760 41 14 25 20  0  0
30 55  76084 129893068 2246592 45769112    0    0 1278864 807360 261029 1089792 41 14 24 20  0  0
37 38  76084 129891336 2246592 45769144    0    0 1306384 831748 275964 1123968 43 14 24 19  0  0
34 41  76084 129907764 2246592 45769156    0    0 1342576 861104 295239 1153827 44 15 23 18  0  0
44 39  76084 129897576 2246592 45769172    0    0 1342640 845376 287497 1156119 45 16 22 17  0  0
48 38  76084 129865080 2246592 45769200    0    0 1347888 861004 277772 1161160 45 16 22 17  0  0
procs -----------memory---------- ---swap-- -----io---- -system-- -------cpu-------
 r  b   swpd   free   buff  cache   si   so    bi    bo   in   cs us sy id wa st gu
37 39  76084 129881596 2246592 45769228    0    0 1354432 863524 278250 1165907 45 16 22 17  0  0
42 40  76084 129876592 2246592 45769252    0    0 1356352 863640 278574 1171132 46 16 22 17  0  0
36 46  76084 129874536 2246592 45769272    0    0 1355600 859564 277111 1163498 45 16 22 17  0  0
14 63  76084 129869420 2246592 45769304    0    0 1347200 849620 276092 1159362 45 16 23 17  0  0
45 40  76084 129864608 2246592 45769336    0    0 1316688 831624 270899 1133592 44 15 23 18  0  0
32 49  76084 129886364 2246592 45769364    0    0 1279648 814732 260181 1091520 41 13 25 21  0  0
28 57  76084 129905928 2246592 45769380    0    0 1275952 793676 258815 1082892 42 14 24 20  0  0
36 47  76084 129901316 2246592 45769404    0    0 1283456 820320 263900 1101922 42 14 24 20  0  0
40 41  76084 129878352 2246592 45769428    0    0 1326448 834428 271604 1139934 44 15 23 18  0  0
44 40  76084 129902508 2246592 45769460    0    0 1356496 864720 278309 1172435 45 16 22 17  0  0
42 43  76084 129883760 2246592 45769476    0    0 1350016 868652 277406 1163274 45 15 23 17  0  0
36 55  76084 129873472 2246592 45769504    0    0 1359632 866720 279242 1174425 45 16 22 17  0  0
52 25  76084 129879444 2246592 45769532    0    0 1359920 866092 280050 1178332 45 16 22 17  0  0
18 51  76084 129893356 2246592 45769556    0    0 1369088 863604 278917 1179754 45 15 23 18  0  0
43 38  76084 129889956 2246592 45769572    0    0 1365056 863088 278341 1175441 45 15 23 17  0  0
41 35  76084 129884756 2246592 45769596    0    0 1353008 853244 277433 1164223 45 16 22 17  0  0
46 39  76084 129880388 2246592 45769624    0    0 1289456 819776 264938 1107996 42 14 24 20  0  0
29 53  76084 129882456 2246592 45769648    0    0 1275856 806648 260088 1089777 41 14 24 20  0  0
22 63  76084 129888168 2246592 45769680    0    0 1282592 801164 260052 1090105 42 14 24 20  0  0
37 55  76084 129892256 2246592 45769700    0    0 1308096 823400 267017 1118792 43 14 24 19  0  0
36 49  76084 129887176 2246592 45769740    0    0 1331136 853248 272042 1138408 44 15 23 18  0  0
procs -----------memory---------- ---swap-- -----io---- -system-- -------cpu-------
 r  b   swpd   free   buff  cache   si   so    bi    bo   in   cs us sy id wa st gu
40 48  76084 129895712 2246592 45769764    0    0 1367216 862772 277323 1169540 44 14 23 18  0  0
61 30  76084 129902208 2246592 45769780    0    0 1356096 865264 276681 1167130 45 15 23 18  0  0
23 48  76084 129896472 2246592 45769808    0    0 1356832 867696 279184 1174707 45 15 22 17  0  0
38 54  76084 129889884 2246592 45769836    0    0 1360288 854532 278688 1174928 45 16 22 17  0  0
43 20  76084 129902628 2246592 45769860    0    0 1361152 867832 278060 1171680 45 15 22 17  0  0
46 38  76084 129895220 2246592 45769876    0    0 1354336 865608 277267 1168877 45 16 22 17  0  0
39 50  76084 129884832 2246592 45769908    0    0 1329088 831292 271573 1141036 44 15 23 18  0  0
34 54  76084 129885464 2246592 45769936    0    0 1292304 829356 265508 1111354 42 14 24 20  0  0
32 54  76084 129879656 2246592 45769964    0    0 1288928 808780 261889 1098556 41 14 25 20  0  0
24 60  76084 129901820 2246592 45769980    0    0 1288864 810664 260692 1095532 41 13 25 21  0  0
57 32  76084 129907596 2246592 45769996    0    0 1316896 839564 269559 1130336 44 15 23 18  0  0
44 47  76084 129885212 2246592 45770020    0    0 1322704 842164 271158 1139597 44 15 23 18  0  0
33 54  76084 129869140 2246592 45770044    0    0 1356624 850580 277919 1168932 45 15 22 17  0  0
27 42  76084 129868372 2246592 45770072    0    0 1351792 870800 283696 1164832 45 16 22 17  0  0
34 54  76084 129865280 2246592 45770096    0    0 1350528 862768 285944 1169264 45 16 22 17  0  0
40 52  76084 129871068 2246608 45770108    0    0 1356080 858480 280498 1163951 45 16 22 17  0  0
27 54  76084 129876868 2246608 45770156    0    0 1356864 864332 276635 1166512 45 16 22 17  0  0
44 39  76084 129875448 2246608 45770172    0    0 1342688 844212 274996 1149472 44 14 24 19  0  0
44 31  76084 129863488 2246608 45770192    0    0 1299712 808128 265387 1111471 42 14 24 19  0  0
22 58  76084 129863760 2246608 45770220    0    0 1291648 830908 266228 1110702 42 15 23 19  0  0
33 57  76084 129879956 2246608 45770252    0    0 1290208 808924 263813 1100405 43 14 24 20  0  0
procs -----------memory---------- ---swap-- -----io---- -system-- -------cpu-------
 r  b   swpd   free   buff  cache   si   so    bi    bo   in   cs us sy id wa st gu
34 55  76084 129888204 2246608 45770276    0    0 1312784 847964 269397 1130257 44 15 23 19  0  0
39 37  76084 129879592 2246608 45770304    0    0 1319056 835356 270758 1136075 44 15 23 18  0  0
26 59  76084 129854744 2246608 45770328    0    0 1315936 835220 268700 1127481 43 15 23 18  0  0
36 43  76084 129835888 2246608 45770352    0    0 1345984 859596 276602 1161776 45 15 23 18  0  0
44 37  76084 129855860 2246612 45770372    0    0 1368832 868620 276851 1175191 44 14 24 18  0  0
36 41  76084 129866224 2246612 45770392    0    0 1361760 871284 278747 1173699 45 15 23 17  0  0
28 57  76084 129874492 2246612 45770420    0    0 1363712 849984 278295 1172386 45 16 22 17  0  0
33 55  76084 129882908 2246612 45770444    0    0 1359504 857364 278046 1171463 45 16 22 17  0  0
35 38  76084 129865864 2246612 45770464    0    0 1322048 815828 269062 1130080 43 15 23 18  0  0
28 42  76084 129849648 2246612 45770488    0    0 1292160 822616 265376 1110689 42 14 24 19  0  0
40 47  76084 129859312 2246612 45770516    0    0 1299488 828816 266859 1115130 42 15 24 19  0  0
41 38  76084 129885156 2246612 45770540    0    0 1305472 830812 267549 1119936 43 15 23 19  0  0
27 51  76084 129896772 2246616 45770560    0    0 1326496 834816 268881 1137517 43 14 24 19  0  0
38 47  76084 129891344 2246616 45770584    0    0 1321488 842744 269549 1132159 43 14 24 19  0  0
45 43  76084 129895956 2246616 45770612    0    0 1318688 830596 268849 1127754 43 15 23 19  0  0
53 31  76084 129864944 2246616 45770636    0    0 1342560 852776 275539 1161684 45 15 23 17  0  0
36 52  76084 129851940 2246616 45770656    0    0 1348624 854640 279558 1163047 45 15 22 17  0  0
33 55  76084 129867568 2246616 45770680    0    0 1349760 867324 277809 1163718 45 16 22 17  0  0
29 56  76084 129857052 2246616 45770716    0    0 1355568 863548 277847 1167429 45 16 22 17  0  0
34 56  76084 129856320 2246616 45770740    0    0 1326112 812396 272825 1136887 44 15 23 18  0  0
40 43  76084 129870428 2246616 45770768    0    0 1304320 827424 265606 1117640 42 14 24 20  0  0
procs -----------memory---------- ---swap-- -----io---- -system-- -------cpu-------
 r  b   swpd   free   buff  cache   si   so    bi    bo   in   cs us sy id wa st gu
32 54  76084 129860812 2246616 45770784    0    0 1303936 832840 266195 1116290 42 13 24 20  0  0
43 39  76084 129880392 2246616 45770808    0    0 1319664 839152 269481 1132280 43 15 23 18  0  0
29 52  76084 129868608 2246616 45770828    0    0 1332464 830524 272273 1143279 44 15 23 18  0  0
42 31  76084 129875304 2246616 45770860    0    0 1308576 841400 268752 1123566 43 15 23 19  0  0
36 51  76084 129870104 2246616 45770884    0    0 1313168 835248 268419 1123861 43 15 23 19  0  0
34 47  76084 129873968 2246616 45770908    0    0 1315200 835816 269029 1128403 43 15 23 19  0  0
39 52  76084 129848620 2246616 45770948    0    0 1336400 868256 274540 1152868 44 15 23 18  0  0
26 53  76084 129861528 2246616 45770980    0    0 1353776 851332 276689 1167625 45 15 23 17  0  0
41 42  76084 129862480 2246616 45771004    0    0 1359568 876788 277308 1171598 44 14 24 18  0  0
28 54  76084 129869592 2246620 45771012    0    0 1352208 839380 275534 1162762 45 15 22 17  0  0
21 66  76084 129866292 2246620 45771048    0    0 1308032 846968 267778 1121719 43 15 24 19  0  0
40 53  76084 129867576 2246620 45771072    0    0 1300288 811328 266118 1112166 42 15 24 19  0  0
30 54  76084 129876584 2246620 45771108    0    0 1310112 831728 268673 1125432 43 15 24 19  0  0
29 39  76084 129868028 2246620 45771128    0    0 1333824 862664 274421 1148279 44 15 23 18  0  0
39 38  76084 129846392 2246620 45771144    0    0 1341296 839020 275077 1156181 44 15 23 18  0  0
34 44  76084 129855984 2246620 45771168    0    0 1316096 838780 268479 1123363 43 14 23 19  0  0
31 37  76084 129849940 2246620 45771192    0    0 1319136 837296 267472 1127181 42 13 25 20  0  0
36 49  76084 129868040 2246620 45771220    0    0 1315632 840820 268770 1128059 43 15 23 19  0  0
41 49  76084 129878840 2246620 45771248    0    0 1333680 854088 280360 1152364 45 15 23 18  0  0
46 26  76084 129875820 2246620 45771268    0    0 1354320 855716 280758 1160803 45 16 22 17  0  0
35 41  76084 129851860 2246620 45771296    0    0 1334032 844724 276821 1150173 45 15 23 17  0  0
procs -----------memory---------- ---swap-- -----io---- -system-- -------cpu-------
 r  b   swpd   free   buff  cache   si   so    bi    bo   in   cs us sy id wa st gu
38 49  76084 129848820 2246620 45771316    0    0 1311248 804792 267521 1120620 43 15 23 18  0  0
41 37  76084 129858272 2246620 45771344    0    0 1298496 825948 266624 1115336 43 15 24 19  0  0
30 45  76084 129874624 2246620 45771364    0    0 1304112 835124 268436 1121087 43 15 23 19  0  0
34 55  76084 129883000 2246620 45771396    0    0 1343744 862260 274009 1156823 43 14 24 19  0  0
34 53  76084 129874124 2246620 45771416    0    0 1352864 868724 278665 1170921 45 16 22 17  0  0
36 41  76084 129852092 2246620 45771436    0    0 1339712 819992 274353 1154275 44 15 23 18  0  0
40 45  76084 129861992 2246620 45771468    0    0 1298208 831932 266439 1112925 43 15 23 19  0  0
43 48  76084 129881956 2246620 45771496    0    0 1310032 835612 268438 1123761 43 15 23 19  0  0
39 44  76084 129870084 2246624 45771512    0    0 1313472 842848 270213 1128556 43 15 23 19  0  0
34 48  76084 129858396 2246624 45771536    0    0 1350096 873600 276176 1161544 45 15 23 17  0  0
44 37  76084 129852184 2246624 45771556    0    0 1362336 856404 278414 1171132 45 15 22 17  0  0
41 34  76084 129865468 2246624 45771580    0    0 1330928 807644 268861 1135348 43 14 24 19  0  0
31 52  76084 129893732 2246624 45771600    0    0 1282832 834996 263635 1100710 42 13 24 20  0  0
49 35  76084 129891780 2246624 45771624    0    0 1289616 786424 263032 1100013 42 15 24 20  0  0
37 49  76084 129869648 2246624 45771656    0    0 1292880 842036 265268 1105743 42 14 24 20  0  0
37 43  76084 129837516 2246624 45771684    0    0 1305680 835632 267988 1119409 43 15 23 19  0  0
42 43  76084 129862180 2246624 45771704    0    0 1314016 830828 268732 1124811 43 15 23 19  0  0
38 53  76084 129857664 2246624 45771732    0    0 1314528 844812 269401 1128284 43 15 23 19  0  0
31 54  76084 129871244 2246628 45771764    0    0 1308976 801612 266756 1121142 43 15 24 19  0  0
58 28  76084 129853012 2246628 45771780    0    0 1301904 845304 267273 1120805 42 14 24 20  0  0
31 47  76084 129870508 2246628 45771796    0    0 1318560 833320 268147 1129177 42 14 24 20  0  0
procs -----------memory---------- ---swap-- -----io---- -system-- -------cpu-------
 r  b   swpd   free   buff  cache   si   so    bi    bo   in   cs us sy id wa st gu
47 38  76084 129867324 2246628 45771820    0    0 1340512 873212 274901 1155691 45 15 23 18  0  0
48 35  76084 129877416 2246628 45771856    0    0 1358256 862260 278338 1172352 45 16 22 17  0  0
42 33  76084 129864980 2246628 45771876    0    0 1348720 847340 276602 1158978 45 16 22 17  0  0
49 37  76084 129861996 2246628 45771916    0    0 1340752 839028 274565 1153847 45 15 23 18  0  0
40 36  76084 129857856 2246628 45771932    0    0 1342768 872680 276297 1159107 45 15 22 18  0  0
40 46  76084 129846840 2246628 45771956    0    0 1353312 867832 277892 1167451 45 16 23 17  0  0
38 45  76084 129858520 2246628 45771988    0    0 1356240 869264 277249 1171894 45 15 23 17  0  0
31 57  76084 129866088 2246628 45772008    0    0 1361216 867940 277825 1176673 45 14 23 18  0  0
41 36  76084 129874760 2246628 45772032    0    0 1341520 859712 275233 1154518 44 15 23 18  0  0
47 44  76084 129865036 2246628 45772056    0    0 1308720 798004 267231 1122087 43 15 24 19  0  0
39 46  76084 129859864 2246628 45772080    0    0 1303120 841092 267614 1119969 43 15 23 19  0  0
41 43  76084 129847768 2246628 45772112    0    0 1320544 836840 269640 1128563 43 15 23 19  0  0
48 40  76084 129868208 2246628 45772132    0    0 1339376 869596 274789 1154936 44 15 23 18  0  0
42 44  76084 129869796 2246628 45772160    0    0 1344096 824352 272761 1146815 44 15 23 18  0  0
30 44  76084 129854856 2246628 45772184    0    0 1303616 847632 268484 1122634 43 14 24 19  0  0
32 36  76084 129849804 2246628 45772208    0    0 1307456 805504 264502 1113159 42 13 25 20  0  0
32 40  76084 129867112 2246628 45772224    0    0 1304288 871076 269444 1123452 43 14 24 19  0  0
32 48  76084 129858440 2246628 45772256    0    0 1356448 863244 277878 1168016 45 16 22 17  0  0
40 30  76084 129859068 2246628 45772280    0    0 1358544 871912 278529 1169616 45 15 22 17  0  0
29 50  76084 129865992 2246628 45772304    0    0 1357664 860656 276890 1168754 45 16 22 17  0  0
43 26  76084 129864880 2246628 45772328    0    0 1349056 857540 276084 1165351 45 15 23 17  0  0
procs -----------memory---------- ---swap-- -----io---- -system-- -------cpu-------
 r  b   swpd   free   buff  cache   si   so    bi    bo   in   cs us sy id wa st gu
41 32  76084 129853236 2246628 45772356    0    0 1308976 801404 267551 1121267 43 14 23 19  0  0
39 42  76084 129849924 2246628 45772388    0    0 1305200 844016 268703 1122926 43 14 23 19  0  0
41 42  76084 129865324 2246628 45772412    0    0 1323664 839036 268629 1133405 43 13 25 20  0  0
58 18  76084 129859892 2246628 45772432    0    0 1334160 865436 274006 1151332 44 15 23 18  0  0
51 27  76084 129881384 2246628 45772456    0    0 1316304 823872 268425 1127824 43 15 23 19  0  0
22 59  76084 129885196 2246628 45772480    0    0 1305088 819516 266811 1115048 43 14 24 19  0  0
44 43  76084 129865576 2246628 45772500    0    0 1296400 830228 266574 1114482 42 15 24 20  0  0
30 38  76084 129854588 2246628 45772540    0    0 1335552 866048 274545 1154389 44 15 23 18  0  0
42 28  76084 129847044 2246628 45772560    0    0 1359904 858788 278821 1174100 45 16 22 17  0  0
35 33  76084 129841244 2246628 45772584    0    0 1360960 862916 277919 1169487 46 15 22 17  0  0
41 26  76084 129864704 2246628 45772596    0    0 1366288 871856 276634 1171063 44 14 23 18  0  0
32 51  76084 129871008 2246628 45772624    0    0 1355424 855744 276531 1164300 45 15 23 18  0  0
44 45  76084 129862352 2246628 45772640    0    0 1300048 787068 262869 1100439 42 14 24 20  0  0
42 46  76084 129858444 2246628 45772664    0    0 1262368 817852 258960 1078296 41 14 24 21  0  0
34 49  76084 129846112 2246628 45772692    0    0 1267392 797460 257821 1077342 41 14 24 21  0  0
34 45  76084 129863092 2246628 45772728    0    0 1275408 819336 260908 1088304 41 14 24 21  0  0
39 29  76084 129858060 2246628 45772748    0    0 1298672 824252 266593 1116138 43 14 24 19  0  0
35 51  76084 129855444 2246628 45772780    0    0 1294560 798328 263693 1102369 42 14 24 20  0  0
26 57  76084 129867912 2246628 45772804    0    0 1296144 825900 263799 1107767 42 14 25 20  0  0
31 50  76084 129880760 2246628 45772828    0    0 1297216 830828 263835 1111038 42 13 24 20  0  0
44 47  76084 129861696 2246628 45772844    0    0 1289376 820336 264330 1103815 42 14 24 19  0  0
procs -----------memory---------- ---swap-- -----io---- -system-- -------cpu-------
 r  b   swpd   free   buff  cache   si   so    bi    bo   in   cs us sy id wa st gu
34 50  76084 129844232 2246628 45772876    0    0 1278208 819928 270422 1096929 42 15 24 19  0  0
31 52  76084 129861132 2246628 45772896    0    0 1310544 818580 267957 1123441 43 15 23 19  0  0
35 45  76084 129852156 2246628 45772916    0    0 1292528 828072 266525 1111291 43 15 24 19  0  0
33 56  76084 129853480 2246628 45772940    0    0 1277984 813208 262111 1095111 42 14 24 20  0  0
33 51  76084 129857556 2246628 45772980    0    0 1258272 789816 257874 1071738 41 14 24 21  0  0
19 61  76084 129890076 2246628 45773004    0    0 1262352 804908 257940 1077149 41 13 25 21  0  0
26 50  76084 129899156 2246628 45773016    0    0 1281696 802236 259309 1086575 41 13 25 21  0  0
20 60  76084 129866276 2246628 45773044    0    0 1289840 819048 262481 1099742 42 14 24 20  0  0
45 39  76084 129856496 2246628 45773072    0    0 1301136 803436 266463 1114686 43 15 23 19  0  0
35 43  76084 129832400 2246628 45773096    0    0 1291984 841204 266614 1111299 42 14 24 19  0  0
42 43  76084 129838468 2246628 45773124    0    0 1307376 826320 267500 1119330 43 15 24 19  0  0
35 35  76084 129848436 2246628 45773148    0    0 1300928 835548 266990 1116659 42 15 24 19  0  0
46 26  76084 129844428 2246628 45773168    0    0 1319584 829572 268755 1126000 43 15 23 19  0  0
40 45  76084 129861172 2246628 45773200    0    0 1307088 823400 266269 1118345 42 14 24 19  0  0
43 43  76084 129863096 2246628 45773228    0    0 1310192 825204 266530 1120472 42 13 25 20  0  0
38 40  76084 129852432 2246628 45773244    0    0 1307440 840576 268357 1121752 43 15 23 19  0  0
50 31  76084 129862692 2246628 45773268    0    0 1279648 812680 261724 1094936 42 14 24 20  0  0
33 51  76084 129859420 2246632 45773288    0    0 1264816 798212 258654 1077439 41 14 24 21  0  0
35 51  76084 129843044 2246632 45773332    0    0 1274000 805528 259659 1084994 42 14 24 20  0  0
47 24  76084 129846420 2246632 45773360    0    0 1292112 822828 263689 1104343 42 14 24 20  0  0
17 68  76084 129841852 2246632 45773376    0    0 1303072 811340 265502 1111657 43 15 23 19  0  0
procs -----------memory---------- ---swap-- -----io---- -system-- -------cpu-------
 r  b   swpd   free   buff  cache   si   so    bi    bo   in   cs us sy id wa st gu
37 33  76084 129851664 2246632 45773416    0    0 1304672 841336 267859 1122361 42 14 24 19  0  0
38 38  76084 129869040 2246632 45773436    0    0 1317264 841020 268348 1129598 43 13 24 20  0  0
42 25  76084 129866408 2246632 45773452    0    0 1314112 833428 269241 1130275 43 15 23 19  0  0
50 31  76084 129857588 2246632 45773480    0    0 1312768 832228 270165 1131489 43 15 23 19  0  0
40 30  76084 129860456 2246632 45773504    0    0 1308416 834328 268223 1126096 43 15 23 19  0  0
41 32  76084 129862588 2246632 45773532    0    0 1306272 831872 268012 1118468 43 14 24 19  0  0
35 36  76084 129867052 2246632 45773552    0    0 1316096 828536 269602 1131868 43 15 23 19  0  0
37 34  76084 129863852 2246632 45773584    0    0 1279904 810024 260016 1087562 41 14 24 21  0  0
30 46  76084 129847136 2246632 45773600    0    0 1274656 809528 261161 1090528 42 14 24 20  0  0
43 31  76084 129850144 2246632 45773628    0    0 1288064 815164 261055 1099864 41 12 25 21  0  0
25 44  76084 129859384 2246632 45773648    0    0 1274288 808276 261283 1089318 41 14 24 20  0  0
36 46  76084 129844144 2246632 45773676    0    0 1293488 826792 266093 1109308 42 14 24 19  0  0
33 37  76084 129854836 2246632 45773712    0    0 1315120 831892 269512 1128885 43 15 23 19  0  0
41 29  76084 129856756 2246632 45773740    0    0 1312080 832128 269390 1127309 43 15 24 19  0  0
42 26  76084 129855528 2246632 45773764    0    0 1311904 828224 269463 1127848 44 15 23 18  0  0
52 19  76084 129861100 2246632 45773796    0    0 1326352 836328 270782 1138467 44 15 23 18  0  0
53 19  76084 129840984 2246632 45773824    0    0 1318560 841680 270556 1131926 43 15 23 19  0  0
28 47  76084 129848268 2246632 45773844    0    0 1325088 841468 269325 1135493 42 13 25 20  0  0
55 15  76084 129863760 2246632 45773856    0    0 1320368 833364 269664 1132896 44 14 23 18  0  0
44 28  76084 129855052 2246632 45773888    0    0 1307872 824904 267697 1121579 43 14 24 19  0  0
48 24  76084 129845844 2246632 45773908    0    0 1289232 814672 264073 1101818 42 14 24 20  0  0
procs -----------memory---------- ---swap-- -----io---- -system-- -------cpu-------
 r  b   swpd   free   buff  cache   si   so    bi    bo   in   cs us sy id wa st gu
37 35  76084 129844256 2246632 45773944    0    0 1275856 808980 261262 1090287 42 14 24 20  0  0
48 19  76084 129840492 2246632 45773964    0    0 1277680 807528 262191 1094954 41 14 24 20  0  0
32 53  76084 129855200 2246632 45773996    0    0 1268432 805860 261238 1088009 42 14 24 20  0  0
44 31  76084 129854128 2246632 45774008    0    0 1306688 837172 268444 1122081 43 15 23 19  0  0
43 24  76084 129852972 2246632 45774044    0    0 1324064 835944 268249 1131681 42 13 25 20  0  0
51 20  76084 129871464 2246632 45774056    0    0 1322400 839680 270043 1129799 44 14 23 19  0  0
49 21  76084 129853584 2246632 45774084    0    0 1320832 840372 271003 1132947 43 15 23 19  0  0
42 31  76084 129867352 2246632 45774124    0    0 1325216 838636 271521 1137996 44 15 23 18  0  0
59 17  76084 129861500 2246632 45774136    0    0 1306848 830988 268183 1127104 43 15 23 19  0  0
45 31  76084 129859096 2246632 45774176    0    0 1320000 847264 271575 1140107 44 15 23 18  0  0
46 28  76084 129844684 2246632 45774196    0    0 1304640 830592 266464 1115135 43 15 24 19  0  0
42 33  76084 129839648 2246632 45774216    0    0 1286064 807948 262914 1101140 42 14 24 20  0  0
46 22  76084 129838236 2246632 45774248    0    0 1280240 803312 260560 1090405 41 13 25 21  0  0
50 22  76084 129865048 2246632 45774272    0    0 1282320 816140 261809 1100731 42 13 25 20  0  0
42 31  76084 129871532 2246632 45774284    0    0 1283184 818620 263103 1095222 42 14 24 20  0  0
45 29  76084 129877388 2246632 45774316    0    0 1314464 838200 269518 1128597 43 15 23 19  0  0
44 27  76084 129870664 2246632 45774340    0    0 1325440 837164 271122 1138545 44 15 23 18  0  0
33 34  76084 129848292 2246632 45774380    0    0 1322272 843912 270904 1137641 44 15 23 18  0  0
43 30  76084 129855744 2246632 45774400    0    0 1324592 838244 270844 1137546 44 15 23 18  0  0
49 26  76084 129868904 2246632 45774408    0    0 1318480 837960 269404 1129093 43 15 23 19  0  0
49 23  76084 129888492 2246632 45774448    0    0 1326128 834820 270237 1134713 43 14 24 19  0  0
procs -----------memory---------- ---swap-- -----io---- -system-- -------cpu-------
 r  b   swpd   free   buff  cache   si   so    bi    bo   in   cs us sy id wa st gu
43 30  76084 129868824 2246632 45774460    0    0 1331008 846020 270847 1142816 43 14 24 19  0  0
30 54  76084 129854668 2246632 45774480    0    0 1320064 843480 270602 1135911 43 15 23 19  0  0
52 22  76084 129855580 2246632 45774508    0    0 1290544 819856 264169 1105490 42 14 24 20  0  0
49 28  76084 129844964 2246632 45774532    0    0 1287728 811392 263567 1103288 42 14 24 20  0  0
46 33  76084 129870344 2246632 45774548    0    0 1266880 804048 260832 1086759 41 14 24 20  0  0
37 49  76084 129866624 2246632 45774580    0    0 1285456 812996 263317 1103210 42 14 24 20  0  0
46 26  76084 129858132 2246632 45774608    0    0 1324272 838872 270302 1134992 44 15 23 18  0  0
42 31  76084 129858068 2246632 45774632    0    0 1328112 836576 270392 1135981 43 14 24 19  0  0
44 31  76084 129861404 2246632 45774660    0    0 1343808 850992 272797 1151834 43 14 24 19  0  0
49 28  76084 129874640 2246632 45774676    0    0 1328176 832872 270750 1137112 44 15 23 18  0  0
46 22  76084 129853816 2246632 45774700    0    0 1316368 835264 269921 1131387 43 14 23 19  0  0
49 26  76084 129872212 2246632 45774732    0    0 1326736 838660 271491 1141194 43 15 23 18  0  0
53 20  76084 129856936 2246632 45774744    0    0 1320064 844012 270085 1133646 43 15 23 18  0  0
41 29  76084 129853176 2246632 45774784    0    0 1321872 846268 270712 1135140 44 15 23 19  0  0
29 38  76084 129867064 2246632 45774808    0    0 1290928 820584 262890 1102129 42 14 24 20  0  0
36 31  76084 129858508 2246636 45774828    0    0 1287520 810000 263090 1097494 41 14 25 20  0  0
30 37  76084 129875940 2246636 45774848    0    0 1277808 815204 260710 1088624 41 13 25 21  0  0
60 13  76084 129856768 2246636 45774880    0    0 1291680 813080 265398 1107389 42 14 24 20  0  0
41 30  76084 129849396 2246636 45774896    0    0 1320064 842316 270675 1136046 43 15 23 18  0  0
50 24  76084 129842368 2246636 45774936    0    0 1324896 842628 271283 1138164 43 15 23 18  0  0
43 27  76084 129859140 2246636 45774956    0    0 1322448 837432 271612 1139852 44 15 23 18  0  0
procs -----------memory---------- ---swap-- -----io---- -system-- -------cpu-------
 r  b   swpd   free   buff  cache   si   so    bi    bo   in   cs us sy id wa st gu
50 23  76084 129872168 2246636 45774980    0    0 1323808 848948 272026 1139590 44 15 23 18  0  0
50 27  76084 129849776 2246636 45775020    0    0 1314288 833640 269554 1128271 43 15 23 19  0  0
45 26  76084 129850040 2246636 45775044    0    0 1328128 836384 271635 1138443 44 15 23 18  0  0
36 39  76084 129845984 2246636 45775060    0    0 1330192 845940 271264 1144253 43 13 24 19  0  0
46 24  76084 129858020 2246636 45775092    0    0 1321984 842128 271187 1137401 43 15 23 19  0  0
43 29  76084 129844876 2246636 45775116    0    0 1294832 825188 264831 1109917 42 14 24 20  0  0
38 31  76084 129862112 2246636 45775144    0    0 1286208 815268 263392 1100985 42 14 24 20  0  0
40 30  76084 129861876 2246636 45775160    0    0 1274224 804068 260825 1084735 41 14 24 20  0  0
57 20  76084 129843772 2246636 45775180    0    0 1271824 804768 261768 1091521 41 14 24 20  0  0
60 18  76084 129839196 2246636 45775208    0    0 1316928 842636 269462 1129423 43 15 23 19  0  0
49 21  76084 129855260 2246636 45775236    0    0 1325312 842164 272225 1142374 44 15 23 18  0  0
47 19  76084 129867064 2246636 45775264    0    0 1327296 852792 270497 1139185 43 14 24 19  0  0
52 24  76084 129880452 2246636 45775276    0    0 1316000 843184 270528 1129243 43 14 24 19  0  0
44 28  76084 129874408 2246636 45775300    0    0 1320768 837792 270571 1139761 43 15 23 18  0  0
52 21  76084 129845948 2246636 45775328    0    0 1322992 839340 270864 1136236 44 15 23 18  0  0
58 20  76084 129845944 2246636 45775364    0    0 1325552 833608 271565 1137793 44 15 23 18  0  0
48 29  76084 129836620 2246636 45775380    0    0 1323344 845504 272071 1144483 44 15 23 18  0  0
55 22  76084 129845736 2246636 45775412    0    0 1303440 826600 266410 1114040 42 14 24 19  0  0
42 37  76084 129862908 2246636 45775428    0    0 1274576 813660 261359 1090805 42 14 24 20  0  0
37 33  76084 129865032 2246636 45775472    0    0 1274720 810188 260460 1089508 40 13 25 21  0  0
52 24  76084 129863656 2246636 45775488    0    0 1280032 808424 259563 1086200 41 13 25 21  0  0
procs -----------memory---------- ---swap-- -----io---- -system-- -------cpu-------
 r  b   swpd   free   buff  cache   si   so    bi    bo   in   cs us sy id wa st gu
38 34  76084 129852020 2246636 45775504    0    0 1310112 827252 268815 1120475 43 15 24 19  0  0
57 22  76084 129857288 2246636 45775536    0    0 1320368 835132 270762 1135148 44 15 23 18  0  0
54 20  76084 129869524 2246636 45775552    0    0 1317760 844068 270722 1135000 44 15 23 18  0  0
51 20  76084 129840712 2246636 45775572    0    0 1314896 838684 269856 1130455 43 15 23 19  0  0
50 26  76084 129843768 2246636 45775600    0    0 1329488 839164 271390 1136635 44 15 23 18  0  0
39 32  76084 129840844 2246636 45775628    0    0 1324304 838828 270924 1135353 43 15 23 18  0  0
43 26  76084 129857272 2246636 45775644    0    0 1320672 849136 271504 1138991 43 14 24 19  0  0
44 29  76084 129867420 2246636 45775672    0    0 1331392 848780 270562 1138809 43 14 24 19  0  0
50 24  76084 129861588 2246636 45775696    0    0 1311136 838936 270011 1129452 43 15 23 19  0  0
61 18  76084 129862808 2246636 45775736    0    0 1270800 812644 260916 1088841 42 14 24 20  0  0
63 19  76084 129855192 2246636 45775760    0    0 1289136 814484 264123 1104032 42 14 24 20  0  0
35 38  76084 129865696 2246636 45775780    0    0 1287296 809528 263719 1100357 42 14 24 20  0  0
28 47  76084 129860676 2246636 45775816    0    0 1298288 820412 265476 1111150 43 14 24 19  0  0
57 14  76084 129854460 2246636 45775844    0    0 1325568 838456 270957 1136945 44 15 23 18  0  0
54 16  76084 129853580 2246636 45775868    0    0 1326432 838676 271377 1136446 43 15 23 19  0  0
30 41  76084 129859868 2246636 45775888    0    0 1329200 850432 271441 1140900 43 14 24 19  0  0
39 38  76084 129849316 2246636 45775916    0    0 1324928 845868 271421 1141454 44 15 23 18  0  0
48 26  76084 129845488 2246636 45775944    0    0 1324896 838056 271997 1138548 44 15 23 18  0  0
45 26  76084 129846072 2246636 45775972    0    0 1323760 841096 270306 1131271 43 15 23 18  0  0
47 26  76084 129834744 2246636 45775992    0    0 1315328 842476 270563 1133944 44 15 23 18  0  0
57 22  76084 129858000 2246636 45776012    0    0 1330352 848664 272453 1147415 44 15 23 18  0  0
procs -----------memory---------- ---swap-- -----io---- -system-- -------cpu-------
 r  b   swpd   free   buff  cache   si   so    bi    bo   in   cs us sy id wa st gu
48 22  76084 129843452 2246636 45776048    0    0 1269952 811672 261433 1089507 41 14 24 20  0  0
31 39  76084 129838924 2246636 45776064    0    0 1285056 819032 262939 1100920 42 14 24 20  0  0
49 26  76084 129845072 2246636 45776084    0    0 1292144 822780 262313 1102775 41 12 25 21  0  0
50 33  76084 129862016 2246636 45776120    0    0 1281184 818080 262077 1095370 42 14 24 20  0  0
36 35  76084 129866612 2246636 45776132    0    0 1322112 842344 270400 1133187 43 15 24 18  0  0
44 28  76084 129846552 2246636 45776140    0    0 1317456 841952 269787 1132353 43 15 23 18  0  0
38 33  76084 129841876 2246636 45776196    0    0 1324144 840536 270335 1132816 43 15 23 19  0  0
36 43  76084 129832228 2246636 45776220    0    0 1327376 845352 271890 1138216 44 15 23 18  0  0
45 25  76084 129830420 2246636 45776240    0    0 1325840 843144 271829 1140034 44 15 23 18  0  0
47 28  76084 129844876 2246636 45776252    0    0 1320640 835556 270289 1135577 44 15 23 18  0  0
46 25  76084 129859192 2246636 45776284    0    0 1324128 843876 269560 1135834 43 13 24 19  0  0
53 22  76084 129882568 2246636 45776296    0    0 1306640 831520 268390 1120920 43 14 23 19  0  0
45 31  76084 129865828 2246636 45776328    0    0 1297856 823672 265736 1113404 42 15 24 19  0  0
52 24  76084 129866748 2246636 45776340    0    0 1292416 807952 263041 1099451 42 15 24 20  0  0
38 33  76084 129857832 2246636 45776376    0    0 1287856 818864 263140 1102447 42 14 24 20  0  0
57 18  76084 129857948 2246636 45776404    0    0 1291376 813512 263161 1102888 42 14 24 20  0  0
46 26  76084 129845044 2246636 45776448    0    0 1307792 836824 268890 1124123 43 15 23 19  0  0
40 35  76084 129842708 2246636 45776472    0    0 1316496 836672 269691 1129702 43 15 23 18  0  0
53 18  76084 129864924 2246636 45776488    0    0 1333712 844760 271021 1140269 43 14 24 19  0  0
35 36  76084 129870624 2246636 45776508    0    0 1327904 849332 271874 1142295 43 14 24 19  0  0
52 21  76084 129843184 2246636 45776528    0    0 1318400 828952 270715 1128602 43 15 23 18  0  0
procs -----------memory---------- ---swap-- -----io---- -system-- -------cpu-------
 r  b   swpd   free   buff  cache   si   so    bi    bo   in   cs us sy id wa st gu
47 33  76084 129854732 2246636 45776556    0    0 1310640 828868 269544 1126618 43 15 23 19  0  0
39 33  76084 129848600 2246636 45776592    0    0 1312496 833560 268861 1131886 43 15 24 19  0  0
47 23  76084 129856852 2246636 45776604    0    0 1297952 834208 267212 1114840 42 14 24 19  0  0
44 24  76084 129849392 2246636 45776628    0    0 1288288 809908 263591 1104595 42 14 24 20  0  0
45 25  76084 129843972 2246636 45776668    0    0 1277440 812456 261086 1090156 42 14 24 20  0  0
42 28  76084 129857516 2246636 45776684    0    0 1289120 812956 260915 1094908 41 13 25 21  0  0
43 36  76084 129852520 2246636 45776716    0    0 1278896 811592 259683 1088137 41 13 25 21  0  0
48 24  76084 129860544 2246636 45776736    0    0 1304016 830744 268153 1119895 43 15 24 19  0  0
53 16  76084 129852408 2246636 45776760    0    0 1320080 844328 270423 1134358 43 15 24 19  0  0
46 34  76084 129859532 2246636 45776772    0    0 1320688 841168 271308 1134791 44 15 23 18  0  0
46 26  76084 129864484 2246636 45776792    0    0 1331264 847000 272276 1144001 44 15 23 18  0  0
42 36  76084 129828552 2246636 45776824    0    0 1322752 850272 271713 1137584 43 15 23 18  0  0
35 37  76084 129837224 2246636 45776856    0    0 1322336 841684 270547 1133835 43 15 23 18  0  0
50 19  76084 129853328 2246636 45776876    0    0 1303568 834020 268441 1121812 43 14 24 19  0  0
42 26  76084 129850380 2246636 45776900    0    0 1324464 843572 269354 1136102 43 13 25 20  0  0
47 23  76084 129859508 2246636 45776924    0    0 1313488 839732 268733 1124366 43 15 24 19  0  0
56 20  76084 129861164 2246636 45776944    0    0 1293984 817148 264110 1106465 42 14 24 20  0  0
40 35  76084 129854780 2246636 45776972    0    0 1290864 816304 263934 1102903 42 14 24 20  0  0
53 25  76084 129853392 2246636 45776988    0    0 1288272 818068 263783 1102654 42 14 24 20  0  0
43 31  76084 129868740 2246636 45777016    0    0 1293968 825268 266443 1110857 42 15 24 19  0  0
49 22  76084 129846672 2246636 45777048    0    0 1308672 834004 269307 1127455 43 15 24 19  0  0
procs -----------memory---------- ---swap-- -----io---- -system-- -------cpu-------
 r  b   swpd   free   buff  cache   si   so    bi    bo   in   cs us sy id wa st gu
41 29  76084 129845716 2246636 45777076    0    0 1319104 842876 271073 1135388 43 15 23 19  0  0
50 23  76084 129856908 2246636 45777100    0    0 1332896 843260 270613 1143604 43 13 25 19  0  0
39 35  76084 129844584 2246636 45777132    0    0 1330720 845536 271616 1141793 44 15 23 18  0  0
49 18  76084 129860164 2246636 45777148    0    0 1327808 843016 271397 1139351 43 15 23 18  0  0
39 37  76084 129849380 2246636 45777180    0    0 1304656 841336 269266 1122299 43 15 24 19  0  0
47 24  76084 129844552 2246636 45777192    0    0 1322848 839516 271049 1141062 43 15 23 18  0  0
41 29  76084 129837408 2246636 45777224    0    0 1315648 834320 269021 1127712 43 15 23 19  0  0
39 33  76084 129844196 2246636 45777252    0    0 1285424 821264 263315 1100739 42 14 24 20  0  0
49 28  76084 129846704 2246636 45777284    0    0 1297376 823012 265138 1109677 42 14 24 19  0  0
31 42  76084 129854068 2246636 45777292    0    0 1298912 820116 262749 1105744 41 13 25 21  0  0
47 23  76084 129862092 2246636 45777364    0    0 1304656 833740 267466 1118427 43 15 23 19  0  0
52 19  76084 129837076 2246636 45777408    0    0 1318144 840404 270710 1136225 44 15 23 18  0  0
44 26  76084 129844572 2246636 45777428    0    0 1326224 851436 271662 1141075 44 15 23 18  0  0
47 25  76084 129851524 2246636 45777456    0    0 1328768 847024 272963 1141818 44 15 23 18  0  0
49 21  76084 129848336 2246636 45777460    0    0 1321376 843424 271276 1135327 44 15 23 18  0  0
39 36  76084 129840816 2246636 45777496    0    0 1320768 847756 278347 1141759 44 15 23 18  0  0
44 24  76084 129837772 2246636 45777532    0    0 1309488 827896 269648 1119609 43 15 24 19  0  0
42 25  76084 129856636 2246636 45777544    0    0 1320256 847316 269415 1132156 43 14 24 19  0  0
46 24  76084 129851680 2246636 45777568    0    0 1308400 824732 266208 1117726 42 14 24 20  0  0
46 24  76084 129867716 2246636 45777592    0    0 1291008 820520 264386 1107330 42 15 24 20  0  0
44 31  76084 129863120 2246636 45777612    0    0 1294512 823508 265078 1109908 42 14 24 20  0  0
procs -----------memory---------- ---swap-- -----io---- -system-- -------cpu-------
 r  b   swpd   free   buff  cache   si   so    bi    bo   in   cs us sy id wa st gu
39 36  76084 129852336 2246636 45777636    0    0 1285040 821532 262862 1100009 42 14 24 20  0  0
42 31  76084 129842588 2246636 45777688    0    0 1312416 839448 269068 1127749 43 15 24 19  0  0
47 24  76084 129851716 2246636 45777708    0    0 1320880 839860 269320 1132976 43 15 23 18  0  0
53 26  76084 129848016 2246636 45777736    0    0 1318496 843580 269697 1131966 43 15 23 19  0  0
42 31  76084 129833252 2246636 45777748    0    0 1327408 845948 271090 1140851 43 14 24 19  0  0
56 16  76084 129862356 2246636 45777772    0    0 1324000 846600 271059 1138440 43 14 24 19  0  0
44 25  76084 129871148 2246636 45777788    0    0 1305008 836368 268507 1121811 43 15 24 19  0  0
43 26  76084 129863576 2246636 45777812    0    0 1322240 845720 270819 1136910 43 15 23 19  0  0
52 21  76084 129848180 2246636 45777840    0    0 1319920 844240 269943 1130320 43 15 23 19  0  0
38 31  76084 129848904 2246636 45777880    0    0 1324912 837864 269911 1136725 43 15 24 19  0  0
44 25  76084 129838180 2246636 45777892    0    0 1286640 812892 262991 1103232 42 14 24 20  0  0
40 27  76084 129825512 2246636 45777924    0    0 1285904 825416 263331 1102248 42 14 24 20  0  0
43 33  76084 129838008 2246636 45777948    0    0 1291056 816860 262331 1101880 41 14 24 20  0  0
43 31  76084 129866224 2246636 45777960    0    0 1315184 834880 266984 1126048 42 13 25 20  0  0
47 24  76084 129855096 2246636 45777992    0    0 1322064 841916 271614 1138464 44 15 23 18  0  0
58 13  76084 129856520 2246636 45778008    0    0 1320928 834760 271713 1139869 43 15 23 18  0  0
45 26  76084 129854812 2246636 45778036    0    0 1324304 847128 272074 1140749 44 15 23 18  0  0
36 34  76084 129845660 2246636 45778076    0    0 1324864 848436 271890 1136679 44 15 23 18  0  0
44 30  76084 129836816 2246636 45778108    0    0 1304496 837028 268878 1121522 43 15 24 19  0  0
38 38  76084 129859580 2246636 45778116    0    0 1323168 837612 271012 1136089 44 15 23 18  0  0
42 27  76084 129842396 2246636 45778152    0    0 1328928 847220 271194 1137360 43 15 24 19  0  0
procs -----------memory---------- ---swap-- -----io---- -system-- -------cpu-------
 r  b   swpd   free   buff  cache   si   so    bi    bo   in   cs us sy id wa st gu
41 37  76084 129859748 2246636 45778176    0    0 1332128 848360 269747 1139963 43 14 24 19  0  0
48 25  76084 129860216 2246636 45778200    0    0 1295056 820032 264808 1107594 42 14 24 20  0  0
49 24  76084 129860528 2246636 45778224    0    0 1291632 813124 264526 1107687 42 15 24 19  0  0
60 14  76084 129847536 2246636 45778236    0    0 1287328 814284 262921 1101202 42 14 24 20  0  0
41 26  76084 129865000 2246636 45778256    0    0 1302864 828716 265905 1114398 43 14 24 19  0  0
55 18  76084 129852880 2246636 45778284    0    0 1324752 845216 270820 1137884 43 15 23 18  0  0
42 28  76084 129840692 2246636 45778308    0    0 1317872 839972 269689 1132340 43 15 24 19  0  0
39 28  76084 129836316 2246636 45778360    0    0 1317152 846780 270931 1136873 43 15 23 19  0  0
36 41  76084 129849160 2246636 45778376    0    0 1336688 858944 271615 1147559 43 13 24 19  0  0
34 40  76084 129854408 2246636 45778392    0    0 1315200 837636 268638 1126912 43 14 24 19  0  0
46 25  76084 129859040 2246636 45778424    0    0 1335648 839844 272054 1144310 44 15 23 18  0  0
48 19  76084 129845212 2246636 45778444    0    0 1334688 857436 273721 1149813 44 15 23 18  0  0
39 43  76084 129848496 2246636 45778476    0    0 1333888 848636 273577 1149097 44 15 23 18  0  0
46 38  76084 129835556 2246636 45778504    0    0 1307808 831692 268181 1120797 43 15 24 19  0  0
43 26  76084 129831548 2246636 45778528    0    0 1303664 833164 266799 1115737 43 15 24 19  0  0
33 34  76084 129857948 2246636 45778556    0    0 1307824 833472 266757 1119448 42 15 24 19  0  0
49 26  76084 129848556 2246636 45778572    0    0 1331296 842300 269562 1143023 43 14 24 19  0  0
46 24  76084 129844200 2246636 45778592    0    0 1346480 853052 274123 1153548 44 15 23 18  0  0
55 20  76084 129822896 2246636 45778616    0    0 1338816 850212 273102 1148020 44 15 23 18  0  0
47 23  76084 129853600 2246636 45778644    0    0 1353616 859768 275316 1160869 44 15 23 17  0  0
47 30  76084 129853356 2246636 45778668    0    0 1346544 853832 275341 1157606 44 15 23 18  0  0
procs -----------memory---------- ---swap-- -----io---- -system-- -------cpu-------
 r  b   swpd   free   buff  cache   si   so    bi    bo   in   cs us sy id wa st gu
44 30  76084 129850768 2246636 45778700    0    0 1350304 866076 276671 1163242 45 15 23 17  0  0
51 17  76084 129840480 2246636 45778724    0    0 1356144 869288 277982 1171993 45 15 23 17  0  0
47 28  76084 129830804 2246636 45778748    0    0 1358608 873124 277169 1167433 45 15 22 17  0  0
31 39  76084 129836368 2246636 45778772    0    0 1350272 861636 274089 1158511 44 14 24 18  0  0
49 21  76084 129857244 2246636 45778792    0    0 1319120 840148 268579 1130548 43 14 24 19  0  0
45 23  76084 129871860 2246636 45778820    0    0 1313136 837352 267368 1123428 43 15 24 19  0  0
47 21  76084 129851100 2246636 45778844    0    0 1315824 840252 268247 1127438 43 15 23 19  0  0
42 27  76084 129841136 2246636 45778876    0    0 1331136 844564 271707 1144517 44 15 23 18  0  0
40 37  76084 129835480 2246636 45778896    0    0 1358592 863468 277483 1165902 45 16 23 17  0  0
46 27  76084 129826556 2246636 45778916    0    0 1351232 867416 276173 1162861 44 15 23 18  0  0
44 31  76084 129841616 2246636 45778952    0    0 1347088 865744 274848 1156760 44 15 23 18  0  0
33 35  76084 129848784 2246636 45778976    0    0 1335936 844752 273010 1150573 44 15 23 18  0  0
42 31  76084 129862868 2246636 45779000    0    0 1363920 870716 275884 1168235 44 14 24 18  0  0
48 26  76084 129856712 2246636 45779020    0    0 1361008 867580 277494 1166878 45 15 23 17  0  0
46 28  76084 129851592 2246636 45779056    0    0 1357760 869144 277191 1169746 45 15 22 17  0  0
51 20  76084 129844904 2246636 45779080    0    0 1348800 855084 274635 1154035 45 15 23 17  0  0
36 30  76084 129827316 2246636 45779100    0    0 1312304 841260 268697 1128185 43 15 23 19  0  0
28 42  76084 129830836 2246636 45779116    0    0 1315744 835336 268497 1125593 43 15 23 19  0  0
52 22  76084 129835488 2246636 45779152    0    0 1319648 841592 269656 1132157 44 15 23 18  0  0
39 35  76084 129845936 2246636 45779180    0    0 1335664 853848 272813 1146268 44 15 23 18  0  0
40 31  76084 129858128 2246636 45779200    0    0 1360576 871024 275786 1168220 44 14 24 18  0  0
procs -----------memory---------- ---swap-- -----io---- -system-- -------cpu-------
 r  b   swpd   free   buff  cache   si   so    bi    bo   in   cs us sy id wa st gu
48 29  76084 129867008 2246636 45779228    0    0 1339888 857216 273974 1149427 44 15 23 18  0  0
41 31  76084 129853196 2246636 45779244    0    0 1335984 859604 274401 1150411 44 15 23 18  0  0
59 15  76084 129846672 2246636 45779264    0    0 1347088 863464 275683 1158241 45 15 23 18  0  0
57 23  76084 129843128 2246640 45779296    0    0 1361072 865524 277263 1168043 45 16 22 17  0  0
43 34  76084 129836432 2246640 45779328    0    0 1359744 873312 277621 1170424 45 15 23 17  0  0
37 33  76084 129863952 2246640 45779356    0    0 1360624 862988 278433 1169830 45 16 22 17  0  0
50 31  76084 129848204 2246640 45779376    0    0 1329104 849008 272391 1137985 44 15 23 18  0  0
41 27  76084 129849644 2246640 45779400    0    0 1318576 838532 267065 1126144 42 13 25 20  0  0
45 31  76084 129852064 2246640 45779420    0    0 1319920 840364 269235 1125909 43 14 23 19  0  0
53 19  76084 129852336 2246640 45779444    0    0 1322144 839916 270048 1129186 43 15 23 19  0  0
49 29  76084 129849972 2246640 45779476    0    0 1341024 850348 275210 1153749 45 15 22 17  0  0
39 37  76084 129842436 2246640 45779500    0    0 1358272 866172 276915 1164838 45 16 22 17  0  0
34 33  76084 129844816 2246640 45779524    0    0 1347552 862064 277126 1161832 45 15 23 17  0  0
43 33  76084 129848924 2246640 45779540    0    0 1328800 852916 272617 1145706 44 15 23 18  0  0
34 36  76084 129841676 2246640 45779572    0    0 1355648 863412 276313 1163263 45 15 23 17  0  0
47 23  76084 129836924 2246640 45779596    0    0 1362032 859172 276647 1167355 44 14 23 18  0  0
43 26  76084 129850332 2246640 45779616    0    0 1364672 876300 278913 1174384 45 15 23 17  0  0
49 35  76084 129850328 2246640 45779652    0    0 1360992 863800 278280 1169191 45 16 22 17  0  0
43 25  76084 129842896 2246640 45779680    0    0 1312432 835636 268541 1123740 43 15 23 19  0  0
38 39  76084 129849864 2246640 45779708    0    0 1319232 839064 270299 1131846 43 15 23 19  0  0
45 30  76084 129842856 2246640 45779728    0    0 1312080 844476 269400 1121941 43 15 23 19  0  0
procs -----------memory---------- ---swap-- -----io---- -system-- -------cpu-------
 r  b   swpd   free   buff  cache   si   so    bi    bo   in   cs us sy id wa st gu
42 29  76084 129847244 2246640 45779748    0    0 1318640 842732 268900 1130657 43 15 24 19  0  0
46 29  76084 129832728 2246640 45779784    0    0 1350896 857416 276093 1159547 44 16 23 17  0  0
48 23  76084 129846828 2246644 45779812    0    0 1358208 861512 276178 1164581 44 14 23 18  0  0
35 35  76084 129851596 2246644 45779828    0    0 1349200 858840 275026 1156111 44 14 24 18  0  0
51 25  76084 129853172 2246644 45779860    0    0 1341344 860696 274553 1151273 44 15 23 18  0  0
51 18  76084 129850740 2246644 45779884    0    0 1353216 864476 276909 1165881 45 16 23 17  0  0
61 11  76084 129828248 2246644 45779912    0    0 1356112 866828 277121 1166994 45 15 22 17  0  0
42 28  76084 129836992 2246648 45779932    0    0 1355536 872784 279426 1175384 45 16 22 17  0  0
47 24  76084 129830832 2246648 45779952    0    0 1351760 870704 277284 1164254 45 15 23 17  0  0
42 28  76084 129847876 2246648 45779976    0    0 1317168 843560 270280 1127822 43 15 23 19  0  0
55 17  76084 129851320 2246648 45779996    0    0 1320032 842896 269852 1133793 43 14 24 19  0  0
41 25  76084 129866784 2246648 45780012    0    0 1326400 837584 267737 1131278 43 13 25 20  0  0
55 19  76084 129848600 2246648 45780040    0    0 1311664 836588 267654 1119882 43 15 24 19  0  0
45 28  76084 129851420 2246648 45780060    0    0 1352144 862696 276203 1162832 45 15 23 17  0  0
45 26  76084 129864660 2246648 45780088    0    0 1348128 852528 275909 1158159 45 15 23 18  0  0
29 52  76084 129855740 2246648 45780120    0    0 1335280 848712 274785 1146136 44 15 23 18  0  0
49 19  76084 129834296 2246648 45780144    0    0 1343824 861328 275900 1161343 44 15 23 18  0  0
52 17  76084 129842452 2246648 45780168    0    0 1354912 862076 276867 1163286 45 15 23 17  0  0
42 26  76084 129830580 2246648 45780200    0    0 1354848 871668 276683 1164195 45 16 22 17  0  0
42 32  76084 129838732 2246648 45780220    0    0 1369312 881504 277942 1171887 44 14 24 18  0  0
35 39  76084 129852604 2246648 45780244    0    0 1350736 862840 277104 1160062 45 15 23 17  0  0
procs -----------memory---------- ---swap-- -----io---- -system-- -------cpu-------
 r  b   swpd   free   buff  cache   si   so    bi    bo   in   cs us sy id wa st gu
44 23  76084 129846136 2246648 45780272    0    0 1322080 843988 272921 1134743 44 15 23 18  0  0
38 31  76084 129836680 2246648 45780288    0    0 1314464 836472 269461 1129733 43 15 23 19  0  0
46 27  76084 129851488 2246648 45780312    0    0 1315904 837508 269089 1127020 43 15 23 19  0  0
51 28  76084 129840412 2246648 45780336    0    0 1312224 832916 268439 1126870 43 15 24 18  0  0
51 21  76084 129826836 2246648 45780368    0    0 1349744 858908 275822 1159003 44 15 23 17  0  0
32 35  76084 129823028 2246648 45780392    0    0 1330576 850108 274981 1149598 44 15 23 18  0  0
49 29  76084 129835164 2246648 45780412    0    0 1355760 863648 277070 1166232 44 14 24 18  0  0
54 21  76084 129853768 2246648 45780436    0    0 1344144 856124 274599 1150262 44 15 23 18  0  0
55 26  76084 129840216 2246648 45780464    0    0 1358304 865808 278608 1171780 45 15 22 17  0  0
44 29  76084 129825372 2246648 45780488    0    0 1355040 874732 278809 1168229 45 16 22 17  0  0
48 27  76084 129825416 2246648 45780512    0    0 1349248 862368 276438 1161595 45 15 22 17  0  0
47 28  76084 129839624 2246648 45780540    0    0 1350752 869100 277078 1163651 45 16 22 17  0  0
52 22  76084 129848944 2246648 45780564    0    0 1320272 842008 270241 1131051 43 15 23 19  0  0
48 23  76084 129831108 2246648 45780604    0    0 1309648 831648 268425 1124431 43 15 24 19  0  0
49 16  76084 129839444 2246648 45780624    0    0 1324624 852040 269832 1135367 43 14 24 19  0  0
52 17  76084 129860272 2246648 45780644    0    0 1324624 842392 268421 1131375 43 14 24 19  0  0
47 28  76084 129843540 2246648 45780668    0    0 1328720 853544 271224 1140082 43 15 23 18  0  0
48 24  76084 129825192 2246648 45780696    0    0 1352320 860304 276330 1166678 45 15 23 17  0  0
37 37  76084 129826968 2246648 45780724    0    0 1334336 863892 274726 1150309 44 15 23 17  0  0
50 20  76084 129821160 2246648 45780752    0    0 1341504 859312 279284 1152119 44 15 23 18  0  0
54 26  76084 129853608 2246648 45780772    0    0 1343664 861508 279121 1164359 45 16 22 17  0  0
procs -----------memory---------- ---swap-- -----io---- -system-- -------cpu-------
 r  b   swpd   free   buff  cache   si   so    bi    bo   in   cs us sy id wa st gu
45 31  76084 129865148 2246648 45780792    0    0 1350720 864840 279037 1163158 45 16 22 17  0  0
35 31  76084 129844400 2246648 45780832    0    0 1351792 862976 281316 1162371 45 15 23 17  0  0
36 35  76084 129851680 2246648 45780848    0    0 1368192 869772 277644 1171886 45 14 23 18  0  0
51 22  76084 129859472 2246648 45780876    0    0 1323392 844608 271008 1133170 44 15 23 18  0  0
40 38  76084 129828500 2246648 45780904    0    0 1314400 837260 269122 1122780 43 15 23 19  0  0
54 26  76084 129857428 2246648 45780924    0    0 1300640 825748 266911 1115577 43 15 23 19  0  0
47 29  76084 129845460 2246648 45780944    0    0 1319104 841440 270238 1131459 43 15 23 19  0  0
59 16  76084 129825780 2246648 45780968    0    0 1333344 852924 273773 1147256 44 15 23 18  0  0
53 29  76084 129829788 2246648 45780996    0    0 1354080 859356 277276 1162656 45 15 23 17  0  0
42 26  76084 129837184 2246648 45781024    0    0 1357456 856164 278071 1164411 45 16 22 17  0  0
39 38  76084 129844768 2246648 45781040    0    0 1356416 859676 275489 1161224 44 14 24 19  0  0
47 27  76084 129853248 2246648 45781068    0    0 1357376 861564 278786 1166864 45 16 22 17  0  0
53 20  76084 129841416 2246648 45781096    0    0 1353552 861200 277767 1168215 45 15 22 17  0  0
52 21  76084 129841396 2246648 45781120    0    0 1355904 866352 277787 1167566 45 16 22 17  0  0
60 16  76084 129835544 2246648 45781144    0    0 1363024 867968 278856 1173415 45 16 22 17  0  0
51 22  76084 129849228 2246648 45781176    0    0 1338912 852260 273641 1145914 44 15 23 18  0  0
38 36  76084 129859088 2246648 45781196    0    0 1320704 839944 269904 1127636 43 15 23 19  0  0
45 29  76084 129853900 2246648 45781224    0    0 1320480 838892 270963 1134933 43 15 23 19  0  0
50 26  76084 129856200 2246648 45781232    0    0 1316592 840248 267570 1127552 42 13 24 20  0  0
49 25  76084 129860564 2246648 45781256    0    0 1330544 852460 272009 1142466 44 15 23 19  0  0
52 24  76084 129849068 2246648 45781288    0    0 1358912 866348 278084 1170142 45 16 22 17  0  0
procs -----------memory---------- ---swap-- -----io---- -system-- -------cpu-------
 r  b   swpd   free   buff  cache   si   so    bi    bo   in   cs us sy id wa st gu
48 31  76084 129855344 2246648 45781312    0    0 1352976 865348 278039 1165317 45 15 23 17  0  0
47 33  76084 129821628 2246648 45781336    0    0 1349104 862964 280064 1165834 45 16 23 17  0  0
49 27  76084 129852136 2246648 45781360    0    0 1338240 862488 275063 1152725 44 15 23 18  0  0
47 25  76084 129848348 2246648 45781388    0    0 1350368 861804 276280 1158669 45 15 22 17  0  0
46 23  76084 129823984 2246648 45781420    0    0 1359616 865500 278438 1170148 45 16 22 17  0  0
53 22  76084 129816764 2246648 45781444    0    0 1366336 865496 277654 1172042 45 15 23 18  0  0
48 24  76084 129837012 2246648 45781456    0    0 1332912 846316 270596 1140821 43 14 24 19  0  0
59 16  76084 129826876 2246648 45781480    0    0 1317360 840848 268597 1125345 43 15 23 19  0  0
46 28  76084 129827000 2246648 45781516    0    0 1312256 840508 268626 1125853 43 14 24 19  0  0
46 23  76084 129841388 2246648 45781544    0    0 1316896 841340 269177 1125310 43 15 23 19  0  0
46 23  76084 129841216 2246648 45781576    0    0 1340320 862660 273710 1151810 44 15 23 18  0  0
45 26  76084 129828816 2246648 45781596    0    0 1359392 865944 279060 1171616 45 16 22 17  0  0
48 24  76084 129839296 2246648 45781620    0    0 1355120 864452 277422 1165493 45 16 22 17  0  0
29 45  76084 129839136 2246648 45781648    0    0 1355664 866800 277136 1164977 45 15 23 18  0  0
43 42  76084 129846388 2246648 45781676    0    0 1341088 868752 274604 1152459 44 14 24 18  0  0
41 32  76084 129829608 2246652 45781952    0    0 1348656 859948 277906 1162600 46 16 22 17  0  0
45 25  76084 129807904 2246652 45781756    0    0 1358160 861448 278270 1163573 46 16 22 17  0  0
50 20  76084 129834608 2246652 45781784    0    0 1358992 867960 278687 1172982 45 16 22 17  0  0
46 30  76084 129821800 2246652 45781812    0    0 1323248 843356 270031 1133610 43 15 23 19  0  0
47 28  76084 129806816 2246652 45781840    0    0 1309120 833832 268239 1119881 43 15 24 19  0  0
48 29  76084 129832524 2246652 45781860    0    0 1301696 829612 266815 1118551 43 14 24 19  0  0
procs -----------memory---------- ---swap-- -----io---- -system-- -------cpu-------
 r  b   swpd   free   buff  cache   si   so    bi    bo   in   cs us sy id wa st gu
48 31  76084 129835880 2246652 45781888    0    0 1322064 843304 269069 1131227 43 15 24 19  0  0
51 22  76084 129837460 2246652 45781904    0    0 1347248 860232 273729 1151743 44 14 24 19  0  0
51 18  76084 129837164 2246652 45781932    0    0 1355072 870448 276702 1165582 45 15 23 17  0  0
47 23  76084 129832964 2246652 45781956    0    0 1355392 864536 277124 1165282 45 16 22 17  0  0
47 26  76084 129833320 2246652 45781984    0    0 1349920 860492 276483 1159274 44 15 23 17  0  0
38 39  76084 129812804 2246652 45782000    0    0 1299216 835768 266430 1111589 43 14 24 19  0  0
43 28  76084 129818264 2246652 45782028    0    0 1302912 832456 265776 1113090 42 14 24 19  0  0
55 23  76084 129830260 2246652 45782060    0    0 1315808 844500 268811 1125970 43 14 23 19  0  0
33 44  76084 129846684 2246652 45782092    0    0 1349984 869044 277359 1162456 45 15 23 17  0  0
45 24  76084 129864784 2246652 45782108    0    0 1327664 843872 269237 1137843 43 14 24 19  0  0
58 21  76084 129836636 2246652 45782264    0    0 1313280 831772 268804 1125965 44 14 23 19  0  0
43 31  76084 129829312 2246652 45782156    0    0 1307296 834256 267828 1118982 44 15 23 19  0  0
50 30  76084 129847176 2246652 45782188    0    0 1320864 843688 269135 1127438 43 15 23 19  0  0
48 21  76084 129828560 2246652 45782212    0    0 1353520 865704 275653 1159703 45 15 23 17  0  0
37 37  76084 129819960 2246652 45782244    0    0 1358464 866332 277667 1170511 45 16 22 17  0  0
49 25  76084 129815140 2246652 45782272    0    0 1358000 865240 277966 1169927 45 16 22 17  0  0
49 21  76084 129823052 2246652 45782300    0    0 1310368 832600 268423 1120761 43 14 24 19  0  0
45 22  76084 129840156 2246652 45782312    0    0 1304032 830664 264846 1111318 42 13 25 20  0  0
29 41  76084 129848448 2246652 45782340    0    0 1305184 830308 266446 1115431 43 14 24 20  0  0
35 35  76084 129834256 2246652 45782364    0    0 1305040 831812 267738 1119586 43 15 24 19  0  0
47 23  76084 129834792 2246652 45782388    0    0 1303264 835968 265904 1112574 42 15 24 19  0  0
procs -----------memory---------- ---swap-- -----io---- -system-- -------cpu-------
 r  b   swpd   free   buff  cache   si   so    bi    bo   in   cs us sy id wa st gu
43 30  76084 129826052 2246652 45782416    0    0 1274608 803416 259219 1079021 41 14 24 20  0  0
35 36  76084 129826992 2246652 45782440    0    0 1251968 794364 263222 1065050 40 14 24 21  0  0
46 28  76084 129834120 2246652 45782472    0    0 1259376 797408 260536 1072983 41 14 24 21  0  0
52 23  76084 129821992 2246652 45782496    0    0 1271120 803988 260190 1081087 41 14 24 20  0  0
41 25  76084 129818408 2246652 45782520    0    0 1358720 860992 274871 1158323 44 15 23 18  0  0
51 19  76084 129825464 2246652 45782544    0    0 1367776 863584 277887 1169523 45 15 23 17  0  0
43 42  76084 129834888 2246652 45782572    0    0 1331168 853928 273784 1142836 44 15 23 18  0  0
39 40  76084 129842808 2246652 45782596    0    0 1291744 825596 264285 1103538 42 14 24 20  0  0
43 33  76084 129840488 2246656 45782628    0    0 1303200 824876 265920 1111674 42 14 24 20  0  0
55 23  76084 129819752 2246656 45782652    0    0 1327760 843316 271455 1138908 43 15 23 18  0  0
43 23  76084 129808828 2246656 45782672    0    0 1359440 865128 278140 1169778 45 15 22 17  0  0
52 20  76084 129824272 2246656 45782696    0    0 1347184 857544 275558 1155963 45 15 23 17  0  0
49 25  76084 129819872 2246656 45782728    0    0 1316592 844568 268745 1127194 43 14 24 19  0  0
55 17  76084 129856832 2246656 45782744    0    0 1323856 840092 268888 1130580 43 14 24 19  0  0
41 32  76084 129863768 2246656 45782776    0    0 1316592 842832 268618 1125267 43 15 23 19  0  0
48 32  76084 129838216 2246656 45782800    0    0 1326864 840820 271551 1134185 44 15 23 18  0  0
45 22  76084 129820024 2246656 45782824    0    0 1363680 868904 279131 1173969 45 15 22 17  0  0
58 20  76084 129817192 2246656 45782852    0    0 1359088 864084 277090 1164344 45 15 22 17  0  0
47 23  76084 129820960 2246656 45782880    0    0 1306640 835216 268054 1120103 43 14 24 19  0  0
57 20  76084 129840060 2246656 45782916    0    0 1309408 833624 267275 1119968 43 15 24 19  0  0
34 32  76084 129831700 2246656 45782936    0    0 1358928 861936 277703 1169113 45 15 23 18  0  0
procs -----------memory---------- ---swap-- -----io---- -system-- -------cpu-------
 r  b   swpd   free   buff  cache   si   so    bi    bo   in   cs us sy id wa st gu
40 33  76084 129845600 2246656 45782952    0    0 1344304 860932 273279 1153318 44 14 24 19  0  0
45 24  76084 129832252 2246656 45782984    0    0 1350224 863028 278604 1160295 45 15 23 17  0  0
46 35  76084 129824536 2246656 45783000    0    0 1345504 865096 279399 1159410 45 15 22 17  0  0
40 30  76084 129835260 2246656 45783020    0    0 1300240 841012 269846 1116712 43 15 23 19  0  0
42 30  76084 129831872 2246656 45783052    0    0 1307376 833448 272814 1120101 43 15 23 19  0  0
49 29  76084 129823960 2246656 45783076    0    0 1299424 825568 267882 1107405 42 15 24 19  0  0
57 19  76084 129825052 2246656 45783104    0    0 1297488 825312 266186 1113650 43 15 24 19  0  0
49 20  76084 129829400 2246656 45783132    0    0 1339248 857544 275113 1149845 44 15 23 18  0  0
42 38  76084 129849584 2246656 45783148    0    0 1340352 858512 272670 1143260 43 14 24 19  0  0
48 39  76084 129862548 2246656 45783176    0    0 1332016 853164 274572 1139917 44 15 23 18  0  0
46 32  76084 129834164 2246656 45783200    0    0 1329520 850356 273531 1141934 44 15 23 18  0  0
47 27  76084 129825120 2246656 45783228    0    0 1336464 848472 274080 1149477 44 15 23 18  0  0
39 40  76084 129811452 2246656 45783264    0    0 1330688 843156 271534 1138767 44 15 23 18  0  0
51 21  76084 129817132 2246656 45783288    0    0 1324944 848232 272565 1139468 44 15 23 18  0  0
54 19  76084 129844748 2246656 45783304    0    0 1326656 848612 272914 1143090 44 15 23 18  0  0
61 14  76084 129827908 2246656 45783328    0    0 1288032 824596 264561 1104982 42 14 24 20  0  0
45 35  76084 129823916 2246656 45783352    0    0 1303616 831632 264687 1112879 42 13 25 21  0  0
42 28  76084 129832896 2246656 45783376    0    0 1305920 826292 265525 1112108 43 14 24 20  0  0
55 26  76084 129827844 2246656 45783404    0    0 1299520 824192 265631 1111295 42 14 24 20  0  0
44 30  76084 129834956 2246656 45783432    0    0 1318688 845652 270587 1129506 44 15 23 19  0  0
53 16  76084 129860272 2246656 45783480    0    0 1319776 838148 272953 1134759 44 16 22 18  0  0
procs -----------memory---------- ---swap-- -----io---- -system-- -------cpu-------
 r  b   swpd   free   buff  cache   si   so    bi    bo   in   cs us sy id wa st gu
31 42  76084 129842052 2246656 45783488    0    0 1320432 841252 270790 1133011 44 15 23 19  0  0
37 32  76084 129818908 2246656 45783516    0    0 1333248 847064 271262 1141849 44 15 23 18  0  0
50 22  76084 129812624 2246656 45783544    0    0 1326400 845480 270902 1136322 44 15 23 18  0  0
48 21  76084 129814196 2246656 45783568    0    0 1314016 840156 267219 1121931 42 14 24 20  0  0
58 12  76084 129822632 2246656 45783592    0    0 1324704 849932 269980 1133587 43 14 24 19  0  0
46 23  76084 129846892 2246656 45783620    0    0 1309648 836948 269013 1124184 43 15 23 19  0  0
45 25  76084 129833164 2246656 45783652    0    0 1301248 835804 267059 1116834 43 15 24 19  0  0
48 20  76084 129835312 2246656 45783676    0    0 1293104 826304 264717 1110678 42 14 24 20  0  0
51 20  76084 129823728 2246656 45783688    0    0 1275472 812772 263773 1086123 41 14 24 20  0  0
52 23  76084 129805304 2246656 45783724    0    0 1277456 810388 260824 1087534 42 14 24 20  0  0
49 22  76084 129819632 2246656 45783744    0    0 1278944 805684 259775 1086589 41 14 24 20  0  0
42 31  76084 129842524 2246656 45783776    0    0 1274800 819864 261025 1086890 41 14 25 21  0  0
49 24  76084 129835720 2246656 45784244    0    0 1275264 811076 261068 1087561 42 13 24 20  0  0
52 18  76084 129834636 2246656 45783972    0    0 1274016 805396 260940 1089953 42 14 24 20  0  0
45 30  76084 129846988 2246656 45784000    0    0 1278000 820752 262577 1092630 42 14 24 20  0  0
47 29  76084 129818156 2246656 45784028    0    0 1278336 806944 261544 1090810 41 14 24 20  0  0
37 33  76084 129829376 2246656 45784052    0    0 1256880 795132 258659 1072959 41 13 25 21  0  0
40 37  76084 129816992 2246656 45784080    0    0 1238320 788296 256719 1060034 40 14 25 22  0  0
37 29  76084 129814532 2246656 45784104    0    0 1268368 802448 259911 1082795 41 14 24 20  0  0
32 42  76084 129823504 2246656 45784128    0    0 1268096 810896 258788 1079851 41 13 25 21  0  0
42 41  76084 129842796 2246656 45784148    0    0 1288608 820620 260031 1090758 41 13 25 21  0  0
procs -----------memory---------- ---swap-- -----io---- -system-- -------cpu-------
 r  b   swpd   free   buff  cache   si   so    bi    bo   in   cs us sy id wa st gu
45 32  76084 129835828 2246656 45784176    0    0 1278192 805300 260605 1088606 41 14 24 21  0  0
34 47  76084 129831948 2246656 45784196    0    0 1262944 806996 258663 1078296 41 14 24 21  0  0
48 23  76084 129818648 2246656 45784224    0    0 1269792 805316 260326 1083512 41 14 24 21  0  0
52 29  76084 129804792 2246656 45784248    0    0 1282784 818832 262520 1100121 42 14 24 20  0  0
43 39  76084 129813224 2246656 45784280    0    0 1281696 813200 261055 1092661 42 14 24 20  0  0
46 25  76084 129827920 2246656 45784304    0    0 1279280 815704 261657 1093882 41 14 24 20  0  0
42 29  76084 129833844 2246656 45784336    0    0 1281296 813024 260483 1090112 41 13 25 21  0  0
46 26  76084 129857316 2246656 45784348    0    0 1283808 812940 260498 1093769 41 13 25 21  0  0
45 31  76084 129845348 2246656 45784376    0    0 1240752 792504 258298 1058070 40 14 25 22  0  0
52 22  76084 129846520 2246656 45784400    0    0 1264016 806932 257993 1075824 41 14 24 21  0  0
48 25  76084 129825736 2246656 45784424    0    0 1269664 800056 258217 1077533 41 14 24 21  0  0
46 24  76084 129843124 2246656 45784452    0    0 1285088 815676 262245 1094579 42 14 24 20  0  0
46 25  76084 129823804 2246656 45784476    0    0 1283072 819148 262831 1096954 42 14 24 20  0  0
42 33  76084 129847968 2246656 45784496    0    0 1285440 818768 262702 1096799 42 14 24 20  0  0
51 16  76084 129847444 2246656 45784520    0    0 1278080 804060 260361 1087186 41 13 25 21  0  0
46 26  76084 129837296 2246656 45784536    0    0 1289328 819076 261639 1097513 41 13 25 21  0  0
39 39  76084 129826968 2246656 45784564    0    0 1282128 816428 262198 1093942 42 14 24 20  0  0
41 34  76084 129838100 2246656 45784596    0    0 1288336 820620 262835 1100160 42 14 24 20  0  0
39 33  76084 129835040 2246656 45784620    0    0 1288208 814288 262794 1098991 42 14 24 20  0  0
50 24  76084 129844416 2246656 45784644    0    0 1274464 812620 261292 1090765 41 14 24 20  0  0
47 23  76084 129816264 2246656 45784672    0    0 1253456 802924 259143 1072258 40 14 25 21  0  0
procs -----------memory---------- ---swap-- -----io---- -system-- -------cpu-------
 r  b   swpd   free   buff  cache   si   so    bi    bo   in   cs us sy id wa st gu
41 33  76084 129824564 2246656 45784700    0    0 1269680 806572 259795 1083534 41 14 24 21  0  0
43 25  76084 129836760 2246656 45784724    0    0 1282096 811636 262519 1096272 41 13 25 21  0  0
37 38  76084 129856360 2246656 45784756    0    0 1291136 819984 263153 1102806 41 13 25 21  0  0
46 23  76084 129832232 2246656 45784776    0    0 1283552 817736 262465 1098359 42 14 24 20  0  0
36 34  76084 129837140 2246656 45784804    0    0 1280112 812636 262727 1099956 42 14 24 20  0  0
40 28  76084 129846304 2246656 45784836    0    0 1271280 812420 260163 1086007 41 14 24 21  0  0
54 20  76084 129853172 2246656 45784860    0    0 1284032 819380 262975 1096317 42 14 24 20  0  0
34 37  76084 129847724 2246656 45784884    0    0 1277072 817524 262544 1092202 41 14 25 20  0  0
37 34  76084 129826288 2246656 45784908    0    0 1285616 812108 263170 1101039 42 14 24 20  0  0
32 36  76084 129850092 2246656 45784924    0    0 1291776 811612 262760 1099614 42 14 24 20  0  0
40 45  76084 129858052 2246656 45784940    0    0 1287840 822476 261513 1097840 41 13 25 21  0  0
40 39  76084 129834728 2246656 45784976    0    0 1259520 812052 260816 1083036 41 14 25 21  0  0
59 28  76084 129834360 2246656 45785000    0    0 1276528 812816 263439 1096095 41 14 24 21  0  0
46 24  76084 129828840 2246656 45785028    0    0 1286720 819720 263762 1101711 42 14 24 20  0  0
49 26  76084 129826116 2246656 45785048    0    0 1282528 819468 263051 1098274 42 14 24 20  0  0
49 25  76084 129818724 2246656 45785080    0    0 1290032 815860 263110 1101201 42 14 24 20  0  0
49 23  76084 129825696 2246656 45785108    0    0 1226384 768076 249452 1037347 39 13 25 22  0  0
34 34  76084 129834644 2246656 45785132    0    0 1203984 754268 244383 1013274 38 13 26 23  0  0
43 31  76084 129843400 2246656 45785152    0    0 1199072 754892 244015 1008082 38 11 27 25  0  0
38 45  76084 129838240 2246656 45785176    0    0 1199040 749652 244950 1014608 38 13 26 23  0  0
41 29  76084 129827876 2246656 45785200    0    0 1212592 761300 246645 1022556 39 13 26 23  0  0
procs -----------memory---------- ---swap-- -----io---- -system-- -------cpu-------
 r  b   swpd   free   buff  cache   si   so    bi    bo   in   cs us sy id wa st gu
45 24  76084 129823508 2246656 45785228    0    0 1288048 813564 263218 1101849 42 14 24 20  0  0
41 30  76084 129823672 2246656 45785252    0    0 1303376 826664 266234 1112475 43 14 24 19  0  0
45 27  76084 129842688 2246656 45785276    0    0 1305888 833048 267044 1118809 42 14 24 19  0  0
48 22  76084 129829656 2246656 45785304    0    0 1301712 833104 267996 1116859 43 15 24 19  0  0
38 37  76084 129838516 2246656 45785332    0    0 1284672 809836 261569 1088174 41 14 24 20  0  0
50 23  76084 129849400 2246656 45785352    0    0 1274512 802932 256632 1077426 40 12 26 22  0  0
40 30  76084 129842692 2246656 45785372    0    0 1296144 816436 265171 1105224 42 14 24 19  0  0
24 44  76084 129829920 2246656 45785396    0    0 1326528 845520 271735 1142291 44 15 23 18  0  0
51 23  76084 129809024 2246656 45785432    0    0 1326208 836712 270689 1134745 44 15 23 18  0  0
44 26  76084 129806288 2246656 45785456    0    0 1320240 837824 269972 1129928 43 15 23 19  0  0
40 30  76084 129822952 2246656 45785476    0    0 1315280 836548 269007 1122590 43 15 23 19  0  0
39 37  76084 129833892 2246656 45785504    0    0 1328704 844576 271499 1139038 43 15 23 19  0  0
34 44  76084 129820964 2246656 45785528    0    0 1329344 845656 270166 1137034 44 15 23 18  0  0
43 30  76084 129822364 2246656 45785544    0    0 1331696 846524 269053 1135098 42 13 25 20  0  0
36 46  76084 129840084 2246656 45785560    0    0 1303296 836944 266148 1115846 43 14 24 19  0  0
33 46  76084 129822152 2246656 45785592    0    0 1275264 810180 260615 1087182 41 14 25 20  0  0
41 34  76084 129831576 2246656 45785616    0    0 1275904 808520 259918 1085907 42 14 24 20  0  0
38 32  76084 129847344 2246656 45785648    0    0 1274800 814116 260282 1088665 41 14 24 20  0  0
47 25  76084 129845368 2246656 45785680    0    0 1322800 848484 270350 1134096 43 15 23 19  0  0
47 41  76084 129832724 2246656 45785704    0    0 1325056 849572 271040 1138528 43 15 23 18  0  0
54 19  76084 129848236 2246656 45785720    0    0 1326176 841928 271094 1135013 43 15 23 18  0  0
procs -----------memory---------- ---swap-- -----io---- -system-- -------cpu-------
 r  b   swpd   free   buff  cache   si   so    bi    bo   in   cs us sy id wa st gu
34 46  76084 129833244 2246656 45785736    0    0 1320768 850132 269539 1136044 42 14 24 20  0  0
47 26  76084 129841472 2246656 45785756    0    0 1320080 834768 269169 1125642 43 14 24 19  0  0
53 16  76084 129836488 2246656 45785780    0    0 1331984 848460 270312 1136293 43 15 24 18  0  0
38 35  76084 129844884 2246656 45785804    0    0 1330944 854952 272041 1142432 43 15 23 18  0  0
44 27  76084 129833516 2246656 45785828    0    0 1322400 842996 269904 1129710 43 15 23 19  0  0
43 33  76084 129848568 2246656 45785852    0    0 1318032 839628 271748 1126290 43 15 23 19  0  0
39 37  76084 129826168 2246656 45785876    0    0 1323136 840292 272055 1133767 43 15 23 18  0  0
45 27  76084 129822748 2246656 45785900    0    0 1305232 829768 267121 1116807 43 15 23 19  0  0
42 30  76084 129805808 2246656 45785928    0    0 1318048 844472 268193 1129323 43 14 24 19  0  0
45 29  76084 129834572 2246656 45785948    0    0 1332752 852672 270253 1135580 43 14 24 19  0  0
47 32  76084 129844992 2246656 45785976    0    0 1329840 857120 270893 1137260 44 15 23 18  0  0
61 14  76084 129849768 2246656 45786004    0    0 1331280 849032 271538 1138896 43 15 23 18  0  0
40 43  76084 129836692 2246656 45786028    0    0 1332400 848760 271538 1139503 44 15 23 18  0  0
52 17  76084 129815640 2246656 45786052    0    0 1323968 847636 270651 1133630 43 15 23 19  0  0
54 18  76084 129810888 2246656 45786072    0    0 1331856 843068 270818 1140892 44 15 23 18  0  0
47 26  76084 129845968 2246656 45786108    0    0 1327568 852120 269656 1130545 43 15 23 19  0  0
42 26  76084 129830668 2246656 45786132    0    0 1337104 847440 271198 1142545 44 14 24 19  0  0
46 23  76084 129839340 2246656 45786148    0    0 1323632 849564 268467 1129252 42 14 24 20  0  0
37 37  76084 129838936 2246656 45786168    0    0 1331152 838756 270575 1137617 44 15 23 18  0  0
48 27  76084 129832780 2246656 45786212    0    0 1332704 861636 274157 1152282 44 15 23 18  0  0
56 19  76084 129837964 2246656 45786232    0    0 1333872 847404 272819 1144008 44 15 23 18  0  0
procs -----------memory---------- ---swap-- -----io---- -system-- -------cpu-------
 r  b   swpd   free   buff  cache   si   so    bi    bo   in   cs us sy id wa st gu
47 25  76084 129841244 2246656 45786260    0    0 1346480 857184 273731 1154391 44 15 23 18  0  0
45 28  76084 129836364 2246656 45786284    0    0 1342592 854932 273544 1152712 44 15 23 18  0  0
49 28  76084 129828596 2246656 45786308    0    0 1349168 862964 274268 1156390 44 15 23 18  0  0
50 19  76084 129844516 2246656 45786344    0    0 1350160 860832 275289 1158098 44 15 23 18  0  0
48 25  76084 129856860 2246656 45786360    0    0 1353632 868336 274247 1157200 43 14 24 19  0  0
41 27  76084 129850164 2246656 45786384    0    0 1344512 860948 275685 1156854 44 15 23 18  0  0
47 20  76084 129833104 2246656 45786412    0    0 1344272 859268 275202 1153826 44 15 23 18  0  0
50 22  76084 129830064 2246656 45786440    0    0 1295616 834332 268086 1113577 43 14 24 19  0  0
46 26  76084 129816756 2246656 45786468    0    0 1300304 827328 265876 1111759 42 14 24 20  0  0
43 27  76084 129819452 2246656 45786500    0    0 1302064 829916 265489 1109911 42 15 24 19  0  0
41 29  76084 129827556 2246656 45786520    0    0 1306688 827964 266662 1115553 43 15 24 19  0  0
46 33  76084 129837860 2246656 45786548    0    0 1299088 833016 265861 1108027 42 14 24 20  0  0
43 27  76084 129826248 2246656 45786560    0    0 1350416 865260 273682 1157181 43 14 24 19  0  0
47 23  76084 129840060 2246656 45786584    0    0 1340144 856028 274051 1151217 44 15 23 18  0  0
55 20  76084 129823100 2246656 45786620    0    0 1351984 867780 275756 1160193 44 15 23 18  0  0
40 33  76084 129830636 2246656 45786636    0    0 1346368 856752 274870 1157141 45 15 23 17  0  0
44 31  76084 129817672 2246656 45786664    0    0 1346656 857756 274275 1154880 44 15 23 18  0  0
47 12  76084 129822172 2246656 45786688    0    0 1338800 855160 274198 1150781 44 15 23 18  0  0
55 19  76084 129837320 2246656 45786708    0    0 1322480 844728 270327 1136727 43 15 23 18  0  0
34 35  76084 129836672 2246656 45786736    0    0 1286048 826364 264781 1102694 42 14 24 20  0  0
50 25  76084 129839372 2246656 45786764    0    0 1305184 827648 264093 1111163 42 13 25 20  0  0
procs -----------memory---------- ---swap-- -----io---- -system-- -------cpu-------
 r  b   swpd   free   buff  cache   si   so    bi    bo   in   cs us sy id wa st gu
43 27  76084 129856020 2246656 45786780    0    0 1320720 842936 268789 1125001 43 14 24 19  0  0
47 28  76084 129848072 2246656 45786808    0    0 1343584 854672 274985 1150202 44 15 23 18  0  0
47 23  76084 129851608 2246656 45786844    0    0 1332560 848552 273401 1143850 44 15 23 18  0  0
49 28  76084 129823860 2246656 45786860    0    0 1338144 856728 273984 1148093 44 15 23 18  0  0
50 26  76084 129833148 2246656 45786892    0    0 1345776 855424 274975 1154936 44 15 23 18  0  0
42 27  76084 129840420 2246656 45786912    0    0 1345664 855420 274684 1156682 44 15 23 18  0  0
43 33  76084 129836684 2246656 45786940    0    0 1321184 838356 269261 1129916 43 14 23 19  0  0
44 22  76084 129824140 2246656 45786964    0    0 1332656 846424 271360 1138146 43 14 24 19  0  0
46 24  76084 129835264 2246656 45786984    0    0 1299824 818480 263550 1107025 42 13 24 20  0  0
38 43  76084 129836512 2246656 45787016    0    0 1262576 806080 258855 1078366 41 14 24 21  0  0
33 37  76084 129839972 2246656 45787044    0    0 1274960 815120 260744 1089844 42 14 24 20  0  0
47 23  76084 129826364 2246656 45787064    0    0 1294096 823952 264090 1104090 42 14 24 20  0  0
56 24  76084 129808984 2246656 45787096    0    0 1331968 843248 272516 1144045 44 15 23 18  0  0
52 17  76084 129814672 2246656 45787124    0    0 1330288 846416 271334 1136488 44 15 23 18  0  0
43 28  76084 129814824 2246656 45787148    0    0 1327328 856672 271435 1138352 43 15 23 19  0  0
46 34  76084 129816636 2246656 45787172    0    0 1306784 839752 268136 1120472 42 14 24 20  0  0
37 32  76084 129848960 2246656 45787192    0    0 1332944 847288 270934 1139729 43 14 24 19  0  0
47 23  76084 129834084 2246656 45787220    0    0 1330640 851216 271952 1138846 44 15 23 18  0  0
39 30  76084 129837968 2246656 45787240    0    0 1327488 843496 271261 1138247 44 15 23 18  0  0
45 28  76084 129819416 2246656 45787272    0    0 1325536 853148 271624 1135443 44 15 23 18  0  0
42 27  76084 129837448 2246656 45787300    0    0 1321008 840332 270597 1130623 43 15 23 19  0  0
procs -----------memory---------- ---swap-- -----io---- -system-- -------cpu-------
 r  b   swpd   free   buff  cache   si   so    bi    bo   in   cs us sy id wa st gu
55 19  76084 129834180 2246656 45787324    0    0 1320128 842980 269721 1129827 43 15 23 19  0  0
49 27  76084 129811328 2246656 45787348    0    0 1325248 848296 271484 1139778 44 15 23 18  0  0
60 17  76084 129842424 2246656 45787376    0    0 1327680 850248 271054 1134673 43 15 23 19  0  0
54 18  76084 129844876 2246656 45787396    0    0 1334112 855956 271461 1140778 43 14 24 19  0  0
38 32  76084 129842660 2246656 45787416    0    0 1322544 841952 270994 1134479 44 15 23 18  0  0
55 22  76084 129853932 2246656 45787444    0    0 1315232 837008 270073 1129071 43 15 23 19  0  0
57 18  76084 129823100 2246656 45787472    0    0 1307280 837692 268993 1118118 43 14 24 19  0  0
53 25  76084 129827052 2246656 45787500    0    0 1321968 844436 270797 1130270 43 15 23 19  0  0
42 29  76084 129840648 2246656 45787528    0    0 1327264 850320 270907 1135383 43 15 23 19  0  0
52 27  76084 129843544 2246656 45787552    0    0 1326928 845044 271123 1134900 43 15 23 18  0  0
50 31  76084 129840572 2246656 45787580    0    0 1320992 849656 270754 1135204 44 15 23 19  0  0
44 31  76084 129838288 2246656 45787600    0    0 1325056 837892 268767 1131908 42 13 25 20  0  0
46 29  76084 129847792 2246656 45787616    0    0 1321632 841836 269514 1128524 43 14 23 19  0  0
53 18  76084 129836296 2246656 45787648    0    0 1325520 846108 271268 1136466 44 15 23 18  0  0
46 21  76084 129857232 2246656 45787680    0    0 1329248 845436 272790 1139260 44 15 23 18  0  0
56 21  76084 129827064 2246656 45787704    0    0 1332304 850620 271651 1139854 44 15 23 18  0  0
45 25  76084 129825024 2246656 45787732    0    0 1323936 845468 270362 1132097 43 15 23 19  0  0
39 32  76084 129821504 2246656 45787760    0    0 1314704 834220 268932 1123451 43 15 23 19  0  0
43 36  76084 129827400 2246656 45787780    0    0 1306416 835500 268568 1119708 43 15 23 19  0  0
39 32  76084 129837400 2246656 45787812    0    0 1329104 845320 270271 1137055 43 14 24 19  0  0
43 33  76084 129856784 2246656 45787832    0    0 1334608 852504 271664 1139569 43 14 24 19  0  0
procs -----------memory---------- ---swap-- -----io---- -system-- -------cpu-------
 r  b   swpd   free   buff  cache   si   so    bi    bo   in   cs us sy id wa st gu
47 25  76084 129842772 2246656 45787852    0    0 1330384 849660 272361 1139337 44 15 23 18  0  0
39 31  76084 129819924 2246656 45787876    0    0 1277616 807900 259443 1082261 41 14 24 20  0  0
42 32  76084 129820068 2246656 45787896    0    0 1280112 816512 261735 1096632 42 14 24 20  0  0
48 24  76084 129829140 2246656 45787928    0    0 1321120 841872 270739 1132775 44 15 23 19  0  0
50 26  76084 129844144 2246656 45787952    0    0 1329568 843656 271407 1137612 43 15 23 18  0  0
46 28  76084 129822676 2246656 45787976    0    0 1336928 851900 273180 1142991 44 15 23 18  0  0
43 25  76084 129830900 2246656 45788000    0    0 1341184 852480 272314 1144785 43 14 24 19  0  0
41 31  76084 129836888 2246656 45788016    0    0 1334624 848808 270466 1137819 43 14 24 19  0  0
56 22  76084 129843092 2246656 45788048    0    0 1325696 845584 271284 1138237 43 15 23 18  0  0
49 24  76084 129847120 2246656 45788076    0    0 1311200 833440 267585 1117643 43 15 24 19  0  0
52 24  76084 129846380 2246656 45788104    0    0 1326128 853932 272599 1138972 44 15 23 18  0  0
50 25  76084 129850712 2246656 45788124    0    0 1322224 842300 271783 1135969 44 15 23 18  0  0
39 30  76084 129827212 2246656 45788148    0    0 1327520 847088 271400 1139046 43 15 23 18  0  0
37 48  76084 129832192 2246656 45788180    0    0 1223600 777652 250316 1034473 40 13 25 23  0  0
41 31  76084 129832684 2246656 45788208    0    0 1260656 802812 255867 1070414 40 13 26 22  0  0
44 25  76084 129849284 2246656 45788216    0    0 1275168 812820 259443 1086827 41 13 25 21  0  0
46 33  76084 129845016 2246656 45788240    0    0 1279472 813660 260876 1089910 41 14 24 20  0  0
59 16  76084 129830324 2246656 45788268    0    0 1284720 815804 261690 1092395 41 14 24 20  0  0
42 31  76084 129840024 2246656 45788296    0    0 1277184 815836 261233 1092231 41 14 24 20  0  0
60 15  76084 129831276 2246656 45788320    0    0 1325136 848860 270754 1135550 44 15 23 18  0  0
34 38  76084 129822120 2246656 45788344    0    0 1328592 843708 271694 1139394 44 15 23 18  0  0
procs -----------memory---------- ---swap-- -----io---- -system-- -------cpu-------
 r  b   swpd   free   buff  cache   si   so    bi    bo   in   cs us sy id wa st gu
39 32  76084 129837968 2246656 45788356    0    0 1323984 839464 270450 1132586 43 15 23 18  0  0
52 25  76084 129846252 2246656 45788400    0    0 1309424 833220 268065 1121777 42 14 24 19  0  0
49 24  76084 129854476 2246656 45788420    0    0 1326912 841660 269677 1134829 43 13 25 19  0  0
49 28  76084 129837468 2246656 45788448    0    0 1275440 817976 261313 1088693 41 14 24 21  0  0
43 40  76084 129838328 2246656 45788468    0    0 1265888 809664 259133 1077865 41 14 24 21  0  0
48 29  76084 129827452 2246656 45788496    0    0 1279696 812632 260886 1089075 41 14 24 21  0  0
47 31  76084 129833472 2246656 45788528    0    0 1276016 809344 260758 1088121 41 14 24 20  0  0
50 24  76084 129844488 2246656 45788552    0    0 1276272 809856 260853 1087838 42 14 24 20  0  0
51 24  76084 129859120 2246656 45788584    0    0 1280000 817276 261633 1092477 41 14 24 20  0  0
38 30  76084 129841440 2246656 45788612    0    0 1272128 811768 260023 1086186 41 14 24 21  0  0
36 40  76084 129842204 2246656 45788628    0    0 1279392 812276 259792 1089750 41 12 26 21  0  0
37 31  76084 129834540 2246656 45788656    0    0 1292416 820044 263966 1101667 42 14 24 20  0  0
48 22  76084 129837076 2246656 45788676    0    0 1326064 850816 271868 1138623 43 15 23 18  0  0
48 24  76084 129839408 2246656 45788704    0    0 1314496 839504 268334 1120613 43 15 23 19  0  0
35 33  76084 129834272 2246656 45788728    0    0 1306144 825288 266012 1113477 42 14 24 19  0  0
40 33  76084 129831356 2246656 45788752    0    0 1279136 812716 261605 1085579 41 14 24 20  0  0
52 27  76084 129815756 2246656 45788784    0    0 1266992 803696 260239 1075405 41 14 25 21  0  0
47 25  76084 129842112 2246656 45788808    0    0 1277216 807828 260495 1089212 41 14 24 20  0  0
48 31  76084 129843804 2246656 45788824    0    0 1283744 816272 258819 1088399 40 12 26 22  0  0
32 40  76084 129841264 2246656 45788844    0    0 1271152 802168 259121 1083759 41 14 24 20  0  0
32 38  76084 129838552 2246656 45788876    0    0 1272112 811328 259941 1084812 41 14 24 21  0  0
procs -----------memory---------- ---swap-- -----io---- -system-- -------cpu-------
 r  b   swpd   free   buff  cache   si   so    bi    bo   in   cs us sy id wa st gu
51 22  76084 129842224 2246656 45788908    0    0 1273120 808020 259218 1078323 41 14 24 21  0  0
