Linux 6.8.0-60-generic (beast-node2.tp.int.percona.com) 	07/02/2026 	_x86_64_	(80 CPU)

08:52:07 AM  CPU    %usr   %nice    %sys %iowait    %irq   %soft  %steal  %guest  %gnice   %idle
08:52:08 AM  all    0.14    0.00    0.13    0.00    0.00    0.00    0.00    0.00    0.00   99.74
08:52:08 AM    0    0.00    0.00    0.00    0.00    0.00    0.00    0.00    0.00    0.00  100.00
08:52:08 AM    1    0.00    0.00    0.00    0.00    0.00    0.00    0.00    0.00    0.00  100.00
08:52:08 AM    2    0.00    0.00    0.00    0.00    0.00    0.00    0.00    0.00    0.00  100.00
08:52:08 AM    3    0.00    0.00    0.00    0.00    0.00    0.00    0.00    0.00    0.00  100.00
08:52:08 AM    4    0.00    0.00    0.00    0.00    0.00    0.00    0.00    0.00    0.00  100.00
08:52:08 AM    5    0.00    0.00    0.00    0.00    0.00    0.00    0.00    0.00    0.00  100.00
08:52:08 AM    6    0.00    0.00    0.00    0.00    0.00    0.00    0.00    0.00    0.00  100.00
08:52:08 AM    7    0.00    0.00    0.00    0.00    0.00    0.00    0.00    0.00    0.00  100.00
08:52:08 AM    8    0.00    0.00    0.00    0.00    0.00    0.00    0.00    0.00    0.00  100.00
08:52:08 AM    9    0.00    0.00    0.00    0.00    0.00    0.00    0.00    0.00    0.00  100.00
08:52:08 AM   10    0.00    0.00    0.00    0.00    0.00    0.00    0.00    0.00    0.00  100.00
08:52:08 AM   11    0.00    0.00    0.00    0.00    0.00    0.00    0.00    0.00    0.00  100.00
08:52:08 AM   12    0.00    0.00    0.00    0.00    0.00    0.00    0.00    0.00    0.00  100.00
08:52:08 AM   13    0.00    0.00    0.00    0.00    0.00    0.00    0.00    0.00    0.00  100.00
08:52:08 AM   14    0.00    0.00    0.00    0.00    0.00    0.00    0.00    0.00    0.00  100.00
08:52:08 AM   15    0.00    0.00    0.00    0.00    0.00    0.00    0.00    0.00    0.00  100.00
08:52:08 AM   16    0.00    0.00    1.00    0.00    0.00    0.00    0.00    0.00    0.00   99.00
08:52:08 AM   17    0.00    0.00    0.00    0.00    0.00    0.00    0.00    0.00    0.00  100.00
08:52:08 AM   18    0.00    0.00    0.00    0.00    0.00    0.00    0.00    0.00    0.00  100.00
08:52:08 AM   19    0.00    0.00    0.00    0.00    0.00    0.00    0.00    0.00    0.00  100.00
08:52:08 AM   20    0.00    0.00    0.00    0.00    0.00    0.00    0.00    0.00    0.00  100.00
08:52:08 AM   21    0.00    0.00    0.00    0.00    0.00    0.00    0.00    0.00    0.00  100.00
08:52:08 AM   22    0.00    0.00    0.00    0.00    0.00    0.00    0.00    0.00    0.00  100.00
08:52:08 AM   23    0.00    0.00    0.00    0.00    0.00    0.00    0.00    0.00    0.00  100.00
08:52:08 AM   24    0.00    0.00    1.00    0.00    0.00    0.00    0.00    0.00    0.00   99.00
08:52:08 AM   25    0.00    0.00    0.00    0.00    0.00    0.00    0.00    0.00    0.00  100.00
08:52:08 AM   26    0.00    0.00    0.00    0.00    0.00    0.00    0.00    0.00    0.00  100.00
08:52:08 AM   27    0.00    0.00    0.00    0.00    0.00    0.00    0.00    0.00    0.00  100.00
08:52:08 AM   28    0.00    0.00    0.00    0.00    0.00    0.00    0.00    0.00    0.00  100.00
08:52:08 AM   29    0.00    0.00    0.00    0.00    0.00    0.00    0.00    0.00    0.00  100.00
08:52:08 AM   30    0.00    0.00    0.00    0.00    0.00    0.00    0.00    0.00    0.00  100.00
08:52:08 AM   31    0.00    0.00    0.00    0.00    0.00    0.00    0.00    0.00    0.00  100.00
08:52:08 AM   32    1.01    0.00    4.04    0.00    0.00    0.00    0.00    0.00    0.00   94.95
08:52:08 AM   33    0.00    0.00    0.00    0.00    0.00    0.00    0.00    0.00    0.00  100.00
08:52:08 AM   34    0.00    0.00    0.00    0.00    0.00    0.00    0.00    0.00    0.00  100.00
08:52:08 AM   35    0.00    0.00    0.00    0.00    0.00    0.00    0.00    0.00    0.00  100.00
08:52:08 AM   36    0.00    0.00    0.00    0.00    0.00    0.00    0.00    0.00    0.00  100.00
08:52:08 AM   37    0.00    0.00    0.00    0.00    0.00    0.00    0.00    0.00    0.00  100.00
08:52:08 AM   38    0.00    0.00    0.00    0.00    0.00    0.00    0.00    0.00    0.00  100.00
08:52:08 AM   39    0.00    0.00    0.00    0.00    0.00    0.00    0.00    0.00    0.00  100.00
08:52:08 AM   40    0.00    0.00    0.00    0.00    0.00    0.00    0.00    0.00    0.00  100.00
08:52:08 AM   41    0.00    0.00    0.00    0.00    0.00    0.00    0.00    0.00    0.00  100.00
08:52:08 AM   42    0.00    0.00    0.00    0.00    0.00    0.00    0.00    0.00    0.00  100.00
08:52:08 AM   43    0.00    0.00    0.00    0.00    0.00    0.00    0.00    0.00    0.00  100.00
08:52:08 AM   44    0.00    0.00    0.00    0.00    0.00    0.00    0.00    0.00    0.00  100.00
08:52:08 AM   45    0.00    0.00    0.00    0.00    0.00    0.00    0.00    0.00    0.00  100.00
08:52:08 AM   46    0.00    0.00    0.00    0.00    0.00    0.00    0.00    0.00    0.00  100.00
08:52:08 AM   47    0.00    0.00    0.00    0.00    0.00    0.00    0.00    0.00    0.00  100.00
08:52:08 AM   48    0.00    0.00    0.00    0.00    0.00    0.00    0.00    0.00    0.00  100.00
08:52:08 AM   49    0.00    0.00    0.00    0.00    0.00    0.00    0.00    0.00    0.00  100.00
08:52:08 AM   50    0.00    0.00    0.00    0.00    0.00    0.00    0.00    0.00    0.00  100.00
08:52:08 AM   51    0.00    0.00    0.00    0.00    0.00    0.00    0.00    0.00    0.00  100.00
08:52:08 AM   52    0.00    0.00    0.00    0.00    0.00    0.00    0.00    0.00    0.00  100.00
08:52:08 AM   53    0.00    0.00    0.00    0.00    0.00    0.00    0.00    0.00    0.00  100.00
08:52:08 AM   54    0.00    0.00    0.00    0.00    0.00    0.00    0.00    0.00    0.00  100.00
08:52:08 AM   55    0.00    0.00    0.00    0.00    0.00    0.00    0.00    0.00    0.00  100.00
08:52:08 AM   56    0.00    0.00    0.00    0.00    0.00    0.00    0.00    0.00    0.00  100.00
08:52:08 AM   57    0.00    0.00    0.00    0.00    0.00    0.00    0.00    0.00    0.00  100.00
08:52:08 AM   58    0.00    0.00    0.00    0.00    0.00    0.00    0.00    0.00    0.00  100.00
08:52:08 AM   59    0.00    0.00    0.00    0.00    0.00    0.00    0.00    0.00    0.00  100.00
08:52:08 AM   60    8.00    0.00    2.00    0.00    0.00    0.00    0.00    0.00    0.00   90.00
08:52:08 AM   61    0.99    0.00    0.99    0.00    0.00    0.00    0.00    0.00    0.00   98.02
08:52:08 AM   62    0.00    0.00    0.00    0.00    0.00    0.00    0.00    0.00    0.00  100.00
08:52:08 AM   63    0.00    0.00    0.00    0.00    0.00    0.00    0.00    0.00    0.00  100.00
08:52:08 AM   64    0.00    0.00    0.00    0.00    0.00    0.00    0.00    0.00    0.00  100.00
08:52:08 AM   65    1.00    0.00    1.00    0.00    0.00    0.00    0.00    0.00    0.00   98.00
08:52:08 AM   66    0.00    0.00    0.00    0.00    0.00    0.00    0.00    0.00    0.00  100.00
08:52:08 AM   67    0.00    0.00    0.00    0.00    0.00    0.00    0.00    0.00    0.00  100.00
08:52:08 AM   68    0.00    0.00    0.00    0.00    0.00    0.00    0.00    0.00    0.00  100.00
08:52:08 AM   69    0.00    0.00    0.00    0.00    0.00    0.00    0.00    0.00    0.00  100.00
08:52:08 AM   70    0.00    0.00    0.00    0.00    0.00    0.00    0.00    0.00    0.00  100.00
08:52:08 AM   71    0.00    0.00    0.00    0.00    0.00    0.00    0.00    0.00    0.00  100.00
08:52:08 AM   72    0.00    0.00    0.00    0.00    0.00    0.00    0.00    0.00    0.00  100.00
08:52:08 AM   73    0.00    0.00    0.00    0.00    0.00    0.00    0.00    0.00    0.00  100.00
08:52:08 AM   74    0.00    0.00    0.00    0.00    0.00    0.00    0.00    0.00    0.00  100.00
08:52:08 AM   75    0.00    0.00    0.00    0.00    0.00    0.00    0.00    0.00    0.00  100.00
08:52:08 AM   76    0.00    0.00    0.00    0.00    0.00    0.00    0.00    0.00    0.00  100.00
08:52:08 AM   77    0.00    0.00    0.00    0.00    0.00    0.00    0.00    0.00    0.00  100.00
08:52:08 AM   78    0.00    0.00    0.00    0.00    0.00    0.00    0.00    0.00    0.00  100.00
08:52:08 AM   79    0.00    0.00    0.00    0.00    0.00    0.00    0.00    0.00    0.00  100.00
