procs -----------memory---------- ---swap-- -----io---- -system-- -------cpu-------
 r  b   swpd   free   buff  cache   si   so    bi    bo   in   cs us sy id wa st gu
 5  0  70368 104761932 2395876 55542832    0    1 12974 15986 4046    2  2  0 98  0  0  0
 1  0  70368 104740528 2395876 55542892    0    0     0 320080 95579 60378  1  0 98  0  0  0
64  0  70368 104720148 2395880 55542944    0    0     0 320004 96928 75007 79  2 19  0  0  0
47  0  70368 104710252 2395880 55542964    0    0     0 320004 112346 70922 76  2 22  0  0  0
71  0  70368 104526644 2395880 55542996    0    0     0 347524 231743 608997 52 11 37  0  0  0
76  1  70368 104514708 2395880 55543020    0    0     0 294164 193903 1161067 70 20 10  0  0  0
72  0  70368 104512172 2395880 55543052    0    0     0 307380 183932 1180098 69 20 11  0  0  0
69  0  70368 104488292 2395880 55543076    0    0     0 307840 219193 1188944 68 20 11  0  0  0
69  0  70368 104534992 2395880 55543096    0    0     0 314680 185020 1233797 68 19 12  0  0  0
63  0  70368 104536684 2395880 55543112    0    0     0 311224 189895 1206046 68 19 12  0  0  0
69  0  70368 104529380 2395880 55543136    0    0     0 307092 182454 1189720 67 19 13  0  0  0
65  1  70368 104520188 2395880 55543168    0    0     0 309324 181275 1200352 68 20 12  0  0  0
70  0  70368 104543140 2395880 55543196    0    0     0 303420 180283 1157279 67 19 13  1  0  0
77  0  70368 104529704 2395880 55543220    0    0     0 303880 181008 1139617 67 19 13  1  0  0
69  0  70368 104507760 2395880 55543240    0    0     0 305572 181312 1123552 68 19 13  0  0  0
74  0  70368 104513548 2395880 55543268    0    0     0 308660 180082 1135020 68 20 12  0  0  0
70  0  70368 104521220 2395880 55543288    0    0     0 310060 180607 1139331 68 20 12  0  0  0
67  0  70368 104539480 2395880 55543316    0    0     0 311692 180950 1149177 68 19 13  0  0  0
68  0  70368 104564708 2395880 55543328    0    0     0 310236 181132 1143649 69 19 12  0  0  0
72  0  70368 104537400 2395880 55543344    0    0     0 309768 181332 1133028 67 20 12  0  0  0
67  0  70368 104530692 2395880 55543368    0    0     0 297020 176416 1124451 67 19 13  1  0  0
procs -----------memory---------- ---swap-- -----io---- -system-- -------cpu-------
 r  b   swpd   free   buff  cache   si   so    bi    bo   in   cs us sy id wa st gu
72  0  70368 104520544 2395884 55543400    0    0     0 307564 178627 1127442 68 19 12  0  0  0
67  1  70368 104519928 2395884 55543424    0    0     0 314580 181250 1135733 68 20 12  0  0  0
71  0  70368 104505560 2395884 55543448    0    0     0 312856 181268 1134347 68 20 12  0  0  0
74  0  70368 104522168 2395884 55543472    0    0     0 314812 181864 1130277 67 20 12  0  0  0
68  0  70368 104514380 2395884 55543500    0    0     0 315136 181049 1134500 68 20 12  0  0  0
73  1  70368 104510568 2395884 55543524    0    0     0 314268 180737 1134325 68 20 12  0  0  0
70  0  70368 104552648 2395884 55543540    0    0     0 320720 182330 1158272 68 19 13  0  0  0
71  0  70368 104550396 2395884 55543560    0    0     0 318952 180856 1139825 68 19 12  0  0  0
70  0  70368 104523632 2395884 55543580    0    0     0 317592 181678 1127709 68 20 12  0  0  0
69  0  70368 104525536 2395884 55543604    0    0     0 318012 181916 1126873 67 19 13  1  0  0
77  0  70368 104541708 2395884 55543636    0    0     0 318624 181116 1119223 67 20 13  0  0  0
73  0  70368 104520840 2395884 55543656    0    0     0 317788 180987 1126566 68 20 12  0  0  0
73  0  70368 104519460 2395884 55543684    0    0     0 319376 181867 1129674 68 20 12  0  0  0
74  0  70368 104502980 2395884 55543712    0    0     0 321840 182172 1132360 68 20 12  0  0  0
71  1  70368 104496724 2395884 55543736    0    0     0 346040 182072 1122293 67 20 12  0  0  0
70  0  70368 104515148 2395884 55543764    0    0     0 348852 183022 1142637 68 20 12  0  0  0
72  1  70368 104547488 2395884 55543784    0    0     0 352540 195458 1157268 68 19 13  0  0  0
69  0  70368 104532448 2395884 55543796    0    0     0 349616 183245 1132422 68 20 12  0  0  0
74  1  70368 104517720 2395884 55543824    0    0     0 349048 182453 1127418 68 20 12  0  0  0
71  0  70368 104502468 2395884 55543852    0    0     0 350272 182600 1135959 68 20 12  0  0  0
67  0  70368 104500816 2395884 55543872    0    0     0 349688 182274 1127872 68 20 12  0  0  0
procs -----------memory---------- ---swap-- -----io---- -system-- -------cpu-------
 r  b   swpd   free   buff  cache   si   so    bi    bo   in   cs us sy id wa st gu
70  0  70368 104489940 2395884 55543900    0    0     0 352620 182732 1131288 68 20 12  0  0  0
74  0  70368 104478276 2395888 55543984    0    0     0 351776 182702 1129207 68 20 12  0  0  0
70  0  70368 104495868 2395888 55544012    0    0     0 352908 182882 1131725 68 20 12  0  0  0
75  0  70368 104493620 2395888 55544032    0    0     0 353724 183040 1130832 68 20 12  0  0  0
69  0  70368 104523732 2395888 55544060    0    0     0 354868 183251 1143439 68 19 13  1  0  0
78  0  70368 104544032 2395888 55544080    0    0     0 355948 183530 1140965 68 19 13  1  0  0
68  0  70368 104515160 2395888 55544100    0    0     0 356620 183790 1135211 68 20 12  0  0  0
72  0  70368 104519072 2395888 55544124    0    0     0 352320 186505 1113714 67 20 13  1  0  0
71  1  70368 104511408 2395888 55544144    0    0     0 352748 182625 1105267 66 20 13  1  0  0
71  1  70368 104511080 2395888 55544176    0    0     0 357504 181836 1127380 67 19 13  1  0  0
75  0  70368 104511968 2395888 55544196    0    0     0 354984 182279 1128817 67 20 12  1  0  0
76  0  70368 104505856 2395888 55544216    0    0     0 353368 182174 1119977 67 19 13  1  0  0
71  1  70368 104497272 2395888 55544240    0    0     0 354440 182587 1110423 67 19 13  1  0  0
75  0  70368 104514720 2395888 55544264    0    0     0 348900 179278 1111407 67 19 13  1  0  0
65  0  70368 104544368 2395888 55544284    0    0     0 351876 179898 1143569 68 19 13  1  0  0
72  0  70368 104537348 2395888 55544308    0    0     0 360644 182879 1132168 68 19 12  0  0  0
72  0  70368 104510304 2395888 55544316    0    0     0 360356 183057 1133354 68 20 12  0  0  0
69  0  70368 104514932 2395888 55544336    0    0     0 364120 182707 1134513 68 20 12  0  0  0
68  0  70368 104503504 2395888 55544364    0    0     0 361804 182949 1131879 67 20 12  1  0  0
72  0  70368 104502288 2395888 55544388    0    0     0 359724 182006 1122995 67 20 12  0  0  0
69  0  70368 104492176 2395888 55544412    0    0     0 362152 182223 1132810 68 20 12  0  0  0
procs -----------memory---------- ---swap-- -----io---- -system-- -------cpu-------
 r  b   swpd   free   buff  cache   si   so    bi    bo   in   cs us sy id wa st gu
79  0  70368 104482396 2395888 55544428    0    0     0 361596 182477 1134362 68 20 12  0  0  0
76  1  70368 104475600 2395888 55544456    0    0     0 363288 182545 1135746 68 20 12  0  0  0
70  0  70368 104497764 2395888 55544484    0    0     0 382756 183212 1138444 67 19 13  1  0  0
75  0  70368 104515024 2395888 55544508    0    0     0 387092 184976 1157042 69 19 12  0  0  0
68  1  70368 104507504 2395888 55544532    0    0     0 382868 183518 1135238 68 20 12  0  0  0
69  0  70368 104504300 2395888 55544556    0    0     0 382264 183813 1127813 68 19 12  0  0  0
72  0  70368 104503448 2395888 55544580    0    0     0 384252 184204 1127144 68 20 12  1  0  0
71  1  70368 104488620 2395888 55544608    0    0     0 385248 183489 1128349 68 20 12  1  0  0
77  0  70368 104488476 2395888 55544628    0    0     0 385924 184307 1138000 68 20 12  0  0  0
65  0  70368 104489128 2395888 55544652    0    0     0 385648 183733 1130347 68 20 12  0  0  0
73  0  70368 104487240 2395888 55544676    0    0     0 383632 183767 1124016 68 20 12  1  0  0
65  0  70368 104494468 2395888 55544704    0    0     0 385996 184845 1131123 68 20 12  0  0  0
68  0  70368 104509872 2395888 55544720    0    0     0 388404 185262 1152210 68 19 12  0  0  0
71  0  70368 104536548 2395888 55544740    0    0     0 386000 184315 1130134 68 19 13  1  0  0
62  0  70368 104512144 2395888 55544756    0    0     0 389376 183743 1137452 68 20 12  0  0  0
68  0  70368 104496820 2395888 55544788    0    0     0 387916 183719 1129915 68 20 12  0  0  0
69  0  70368 104485052 2395888 55544820    0    0     0 385832 183004 1117669 67 20 12  1  0  0
68  1  70368 104508324 2395888 55544840    0    0     0 386992 183338 1113278 66 20 13  1  0  0
69  0  70368 104490708 2395888 55544864    0    0     0 389788 184605 1123459 68 20 12  1  0  0
71  1  70368 104482496 2395888 55544888    0    0     0 388588 183239 1121087 67 20 13  1  0  0
61  0  70368 104487328 2395888 55544912    0    0     0 390024 183665 1131896 68 20 12  0  0  0
procs -----------memory---------- ---swap-- -----io---- -system-- -------cpu-------
 r  b   swpd   free   buff  cache   si   so    bi    bo   in   cs us sy id wa st gu
68  0  70368 104493556 2395888 55544940    0    0     0 390684 184131 1127716 67 19 13  1  0  0
78  0  70368 104509640 2395888 55544964    0    0     0 384072 182506 1131224 67 18 14  1  0  0
61  1  70368 104510752 2395888 55544976    0    0     0 383444 180891 1128867 68 19 12  1  0  0
66  0  70368 104487156 2395892 55544996    0    0     0 390212 183703 1128931 67 20 12  1  0  0
72  0  70368 104483840 2395900 55545020    0    0     0 391664 183813 1132286 68 20 12  1  0  0
70  0  70368 104482056 2395900 55545048    0    0     0 393288 184020 1131543 67 20 12  1  0  0
64  0  70368 104466836 2395900 55545068    0    0     0 394288 184950 1137890 68 20 12  0  0  0
70  0  70368 104476108 2395900 55545092    0    0     0 391436 183019 1127207 68 20 12  0  0  0
71  0  70368 104485696 2395900 55545120    0    0     0 394816 184645 1130693 67 20 12  1  0  0
74  0  70368 104472948 2395900 55545140    0    0     0 396316 185357 1135324 68 20 12  0  0  0
67  0  70368 104497676 2395900 55545168    0    0     0 396112 184556 1142251 68 19 12  1  0  0
66  1  70368 104510800 2395900 55545192    0    0     0 414396 186475 1176090 68 19 13  0  0  0
70  0  70368 104487916 2395900 55545212    0    0     0 408480 185705 1126001 68 20 12  1  0  0
74  1  70368 104494348 2395900 55545236    0    0     0 411576 183846 1133337 68 20 12  1  0  0
70  1  70368 104493584 2395904 55545256    0    0     0 409840 184174 1128449 67 20 12  1  0  0
68  1  70368 104486956 2395904 55545292    0    0     0 411140 185549 1134014 68 20 12  1  0  0
70  0  70368 104477216 2395904 55545316    0    0     0 410896 184584 1135884 68 20 12  1  0  0
66  0  70368 104478188 2395904 55545340    0    0     0 411436 185737 1138330 68 20 12  0  0  0
72  1  70368 104460256 2395904 55545364    0    0     0 411972 184925 1137235 68 20 12  0  0  0
70  1  70368 104467708 2395904 55545464    0    0     0 413564 185832 1140865 68 20 12  1  0  0
68  0  70368 104495512 2395904 55545488    0    0     0 414872 185937 1150546 68 19 13  1  0  0
procs -----------memory---------- ---swap-- -----io---- -system-- -------cpu-------
 r  b   swpd   free   buff  cache   si   so    bi    bo   in   cs us sy id wa st gu
70  1  70368 104502604 2395904 55545504    0    0     0 412416 184912 1132327 67 19 13  1  0  0
71  0  70368 104482180 2395904 55545520    0    0     0 412964 184429 1126043 67 20 13  1  0  0
70  0  70368 104483620 2395908 55545540    0    0     0 411192 183973 1114489 67 20 13  1  0  0
75  0  70368 104486524 2395908 55545572    0    0     0 407976 183914 1106421 66 19 14  1  0  0
71  1  70368 104487856 2395908 55545600    0    0     0 414020 185091 1135444 68 20 12  0  0  0
69  0  70368 104472080 2395908 55545620    0    0     0 413540 184454 1138140 68 20 12  1  0  0
71  0  70368 104477852 2395908 55545636    0    0     0 415644 185160 1140728 68 20 12  0  0  0
75  0  70368 104476604 2395908 55545660    0    0     0 403196 181020 1098443 66 19 14  1  0  0
70  0  70368 104492928 2395908 55545692    0    0     0 403516 180667 1107422 66 19 14  1  0  0
73  0  70368 104506492 2395908 55545716    0    0     0 419416 186684 1155584 68 18 13  1  0  0
68  0  70368 104490580 2395908 55545732    0    0     0 416412 185139 1145082 68 19 12  0  0  0
71  0  70368 104478192 2395908 55545756    0    0     0 417944 184618 1147427 68 20 12  0  0  0
69  0  70368 104467400 2395912 55545772    0    0     0 414772 184532 1140560 68 20 12  0  0  0
76  0  70368 104467152 2395912 55545808    0    0     0 417152 184912 1136463 68 20 12  1  0  0
71  1  70368 104472420 2395912 55545836    0    0     0 417792 184576 1141754 68 20 12  1  0  0
74  0  70368 104489044 2395912 55545852    0    0     0 415024 184407 1124308 67 20 13  1  0  0
75  1  70368 104469328 2395912 55545876    0    0     0 438720 186894 1133993 67 20 12  1  0  0
76  1  70368 104455540 2395912 55545896    0    0     0 457868 187921 1139918 68 20 12  1  0  0
69  0  70368 104488032 2395912 55545924    0    0     0 474684 188974 1151756 67 19 13  1  0  0
76  1  70368 104500996 2395912 55545948    0    0     0 471104 188946 1170452 68 19 13  1  0  0
72  0  70368 104475244 2395912 55545964    0    0     0 475072 187403 1139907 68 20 12  0  0  0
procs -----------memory---------- ---swap-- -----io---- -system-- -------cpu-------
 r  b   swpd   free   buff  cache   si   so    bi    bo   in   cs us sy id wa st gu
70  0  70368 104468608 2395912 55545988    0    0     0 469436 188770 1140314 68 20 12  1  0  0
73  0  70368 104473888 2395912 55546016    0    0     0 464912 187394 1141580 68 20 12  1  0  0
72  0  70368 104471132 2395912 55546036    0    0     0 460452 187134 1137328 67 20 13  1  0  0
74  1  70368 104486748 2395912 55546068    0    0     0 456428 187715 1127235 68 19 12  1  0  0
68  0  70368 104481944 2395912 55546096    0    0     0 453472 187061 1137233 67 20 12  1  0  0
72  0  70368 104469732 2395912 55546116    0    0     0 450684 187151 1138760 67 20 12  1  0  0
72  1  70368 104468648 2395912 55546148    0    0     0 444280 185574 1113838 66 19 13  1  0  0
74  0  70368 104496980 2395912 55546176    0    0     0 449372 187565 1149967 67 19 13  1  0  0
74  1  70368 104487032 2395912 55546188    0    0     0 448844 186544 1157916 68 19 12  0  0  0
70  0  70368 104475560 2395912 55546204    0    0     0 442552 185399 1130697 68 20 12  0  0  0
68  0  70368 104457488 2395912 55546228    0    0     0 444716 185958 1143457 68 20 12  0  0  0
67  0  70368 104465564 2395912 55546256    0    0     0 429224 182269 1107668 66 19 14  1  0  0
77  0  70368 104455200 2395912 55546276    0    0     0 427984 182057 1117606 67 20 12  1  0  0
72  1  70368 104461896 2395912 55546304    0    0     0 441076 185947 1138839 68 20 12  0  0  0
71  0  70368 104464612 2395912 55546328    0    0     0 437168 186459 1141510 68 20 12  0  0  0
70  0  70368 104454196 2395912 55546352    0    0     0 438572 186080 1148190 68 20 12  0  0  0
72  1  70368 104462788 2395912 55546376    0    0     0 437940 186078 1142857 68 20 12  0  0  0
65  0  70368 104503840 2395912 55546400    0    0     0 439540 187176 1154482 67 19 13  1  0  0
70  0  70368 104492940 2395912 55546408    0    0     0 435064 188399 1144515 68 20 12  1  0  0
68  0  70368 104482112 2395912 55546440    0    0     0 430824 185510 1128657 67 20 12  1  0  0
70  0  70368 104476136 2395912 55546460    0    0     0 432164 185862 1138106 68 20 12  0  0  0
procs -----------memory---------- ---swap-- -----io---- -system-- -------cpu-------
 r  b   swpd   free   buff  cache   si   so    bi    bo   in   cs us sy id wa st gu
70  0  70368 104466688 2395912 55546492    0    0     0 431932 186193 1134787 68 20 12  1  0  0
74  0  70368 104466756 2395912 55546516    0    0     0 433264 185023 1140379 68 20 12  0  0  0
68  1  70368 104463784 2395912 55546536    0    0     0 429392 186194 1133021 68 20 12  1  0  0
71  0  70368 104462840 2395912 55546564    0    0     0 429028 185398 1130747 67 20 13  1  0  0
69  0  70368 104461032 2395912 55546592    0    0     0 427700 186685 1131865 67 20 12  1  0  0
69  0  70368 104493708 2395912 55546616    0    0     0 427500 186940 1146755 68 19 12  1  0  0
73  0  70368 104509240 2395912 55546636    0    0     0 428536 185807 1158817 68 19 13  1  0  0
73  1  70368 104487084 2395912 55546652    0    0     0 424912 185412 1133147 68 20 12  1  0  0
68  0  70368 104476932 2395912 55546680    0    0     0 430512 185356 1135713 67 20 12  1  0  0
61  0  70368 104478340 2395912 55546696    0    0     0 429496 184935 1130557 67 20 12  1  0  0
68  1  70368 104486312 2395912 55546732    0    0     0 425352 185133 1106207 66 19 14  1  0  0
68  0  70368 104473968 2395912 55546748    0    0     0 424812 184988 1102336 66 19 14  1  0  0
72  0  70368 104482428 2395916 55546764    0    0     0 427376 184389 1132143 67 20 12  1  0  0
69  1  70368 104451412 2395916 55546800    0    0     0 425452 183885 1118037 68 20 12  0  0  0
70  0  70368 104427260 2395916 55546992    0    0     0 423060 183451 1099366 68 20 12  1  0  0
73  1  70368 104464904 2395920 55546884    0    0     0 428184 186790 1130777 67 19 14  1  0  0
71  0  70368 104463608 2395920 55546968    0    0     0 414540 181390 1118968 67 19 13  1  0  0
69  0  70368 104457796 2395928 55546984    0    0     0 416116 181916 1120557 67 20 12  1  0  0
72  0  70368 104459212 2395928 55547020    0    0     0 424724 184770 1129031 68 20 12  0  0  0
66  0  70368 104451408 2395928 55547044    0    0     0 424028 183610 1144015 68 20 12  0  0  0
69  0  70368 104453544 2395928 55547072    0    0     0 423564 184874 1132647 67 20 12  1  0  0
procs -----------memory---------- ---swap-- -----io---- -system-- -------cpu-------
 r  b   swpd   free   buff  cache   si   so    bi    bo   in   cs us sy id wa st gu
66  0  70368 104453180 2395928 55547096    0    0     0 422384 184300 1129315 68 20 12  1  0  0
70  0  70368 104456024 2395928 55547112    0    0     0 422760 184799 1134518 68 20 12  0  0  0
65  0  70368 104468108 2395928 55547140    0    0     0 421028 185079 1137511 68 20 12  0  0  0
68  0  70368 104466060 2395928 55547164    0    0     0 422732 184990 1144640 68 20 12  0  0  0
72  0  70368 104476540 2395928 55547188    0    0     0 423932 185710 1154799 68 19 13  0  0  0
67  0  70368 104463648 2395928 55547200    0    0     0 420576 187349 1140574 68 20 12  0  0  0
73  0  70368 104455312 2395928 55547228    0    0     0 414716 187721 1115470 67 20 13  1  0  0
73  0  70368 104452060 2395928 55547248    0    0     0 414864 187097 1113512 66 20 13  1  0  0
68  0  70368 104457952 2395928 55547276    0    0     0 413696 185459 1121282 67 20 12  1  0  0
67  0  70368 104445200 2395928 55547300    0    0     0 413420 184420 1109973 67 20 13  1  0  0
72  0  70368 104394868 2395928 55547460    0    0     0 413944 184251 1105951 68 20 12  1  0  0
71  0  70368 104400248 2395928 55547356    0    0     0 416468 184177 1135706 68 20 12  0  0  0
73  0  70368 104419404 2395928 55547372    0    0     0 410644 185286 1105463 66 20 13  1  0  0
69  0  70368 104451684 2395928 55547400    0    0     0 414664 184831 1136412 67 19 13  1  0  0
68  0  70368 104466616 2395928 55547424    0    0     0 415504 184600 1146184 68 19 13  1  0  0
74  1  70368 104457196 2395928 55547440    0    0     0 411380 183905 1117352 67 20 12  1  0  0
72  1  70368 104444224 2395928 55547464    0    0     0 409972 183939 1110355 67 20 13  1  0  0
64  0  70368 104437372 2395928 55547488    0    0     0 414448 184606 1127739 67 20 12  1  0  0
72  0  70368 104444024 2395928 55547516    0    0     0 414516 184336 1127287 67 20 12  1  0  0
70  0  70368 104448540 2395928 55547540    0    0     0 412676 183274 1119454 67 20 13  1  0  0
72  0  70368 104454788 2395928 55547568    0    0     0 415448 185241 1137258 68 20 12  0  0  0
procs -----------memory---------- ---swap-- -----io---- -system-- -------cpu-------
 r  b   swpd   free   buff  cache   si   so    bi    bo   in   cs us sy id wa st gu
73  0  70368 104459800 2395928 55547592    0    0     0 411632 183822 1115539 66 20 13  1  0  0
65  1  70368 104449824 2395928 55547612    0    0     0 403460 181909 1116956 67 20 13  1  0  0
75  0  70368 104472884 2395928 55547644    0    0     0 404808 182204 1145653 68 19 13  1  0  0
74  0  70368 104478908 2395928 55547656    0    0     0 414280 185273 1141110 68 19 12  1  0  0
76  0  70368 104455336 2395928 55547676    0    0     0 412756 185272 1130677 67 20 12  1  0  0
71  1  70368 104443752 2395928 55547696    0    0     0 411692 186039 1124257 67 20 12  1  0  0
66  1  70368 104450420 2395932 55547720    0    0     0 412884 184918 1124051 67 20 13  1  0  0
73  1  70368 104442388 2395932 55547760    0    0     0 414372 185261 1133151 68 20 12  0  0  0
73  0  70368 104445160 2395932 55547788    0    0     0 414136 185470 1132010 68 20 12  1  0  0
70  0  70368 104445724 2395932 55547812    0    0     0 412516 185318 1126931 67 20 12  1  0  0
74  0  70368 104430172 2395932 55547836    0    0     0 412316 184332 1134593 68 20 12  0  0  0
73  0  70368 104454292 2395932 55547856    0    0     0 414864 185476 1132799 68 20 12  1  0  0
66  0  70368 104467752 2395932 55547888    0    0     0 415104 186351 1152995 68 18 13  1  0  0
73  0  70368 104470516 2395932 55547904    0    0     0 410208 185969 1124791 67 19 13  1  0  0
77  0  70368 104454612 2395932 55547924    0    0     0 408736 185054 1111178 67 20 13  1  0  0
62  0  70368 104450944 2395932 55547948    0    0     0 411984 186212 1129863 68 20 12  1  0  0
73  0  70368 104441516 2395932 55547968    0    0     0 413016 184525 1132738 68 20 12  0  0  0
70  0  70368 104448336 2395932 55547996    0    0     0 413268 185635 1136851 68 20 12  0  0  0
73  0  70368 104448080 2395932 55548024    0    0     0 411648 184145 1123781 68 20 12  1  0  0
70  0  70368 104456204 2395932 55548044    0    0     0 411552 185184 1122983 67 20 13  1  0  0
70  0  70368 104441900 2395932 55548068    0    0     0 411352 184684 1126126 68 20 12  1  0  0
procs -----------memory---------- ---swap-- -----io---- -system-- -------cpu-------
 r  b   swpd   free   buff  cache   si   so    bi    bo   in   cs us sy id wa st gu
67  0  70368 104465624 2395932 55548092    0    0     0 414920 185571 1143025 67 19 13  1  0  0
71  0  70368 104485388 2395932 55548112    0    0     0 412448 185652 1144489 67 19 14  1  0  0
74  0  70368 104473948 2395932 55548132    0    0     0 412404 185152 1133960 68 20 12  1  0  0
75  0  70368 104453988 2395932 55548156    0    0     0 410880 184347 1128774 67 20 12  1  0  0
75  0  70368 104451504 2395932 55548180    0    0     0 413360 185500 1142494 68 20 12  0  0  0
71  0  70368 104454048 2395932 55548200    0    0     0 410032 184374 1134130 68 20 12  1  0  0
65  0  70368 104449220 2395932 55548228    0    0     0 400028 181286 1116580 67 20 13  1  0  0
69  0  70368 104448384 2395932 55548256    0    0     0 408912 183886 1122956 66 20 13  1  0  0
69  1  70368 104463640 2395932 55548276    0    0     0 402892 181083 1123505 67 19 13  1  0  0
72  0  70368 104446712 2395932 55548300    0    0     0 412868 184638 1137361 68 20 12  1  0  0
65  1  70368 104460644 2395932 55548328    0    0     0 418488 186252 1163660 68 19 12  0  0  0
71  0  70368 104473420 2395932 55548340    0    0     0 417048 184880 1155140 68 19 12  0  0  0
72  1  70368 104448568 2395936 55548364    0    0     0 412832 184630 1130826 68 20 12  1  0  0
77  0  70368 104434204 2395936 55548460    0    0     0 412844 184853 1136131 68 20 12  1  0  0
67  1  70368 104435916 2395936 55548480    0    0     0 413424 185383 1125154 68 20 12  0  0  0
70  0  70368 104429056 2395936 55548516    0    0     0 411820 185059 1122346 67 20 13  0  0  0
71  0  70368 104422712 2395936 55548540    0    0     0 416516 185958 1143672 68 20 12  0  0  0
73  0  70368 104436976 2395936 55548560    0    0     0 413908 185254 1135521 68 20 12  0  0  0
68  1  70368 104432336 2395936 55548584    0    0     0 413080 184336 1130032 67 20 12  1  0  0
72  0  70368 104434824 2395936 55548608    0    0     0 414016 185768 1131805 67 20 12  1  0  0
72  1  70368 104465172 2395936 55548636    0    0     0 418540 186212 1153413 67 19 13  1  0  0
procs -----------memory---------- ---swap-- -----io---- -system-- -------cpu-------
 r  b   swpd   free   buff  cache   si   so    bi    bo   in   cs us sy id wa st gu
74  0  70368 104454036 2395936 55548644    0    0     0 417356 184809 1135577 68 20 12  0  0  0
77  0  70368 104438912 2395940 55548668    0    0     0 412916 184153 1121814 67 20 12  1  0  0
69  0  70368 104427224 2395940 55548696    0    0     0 414520 185558 1136874 68 20 12  0  0  0
71  0  70368 104431548 2395940 55548720    0    0     0 413844 184911 1132003 67 20 12  1  0  0
67  0  70368 104452228 2395940 55548748    0    0     0 413916 184827 1133477 68 20 12  1  0  0
67  0  70368 104448564 2395940 55548780    0    0     0 415060 184775 1127462 68 20 12  1  0  0
71  1  70368 104454308 2395940 55548808    0    0     0 415748 185948 1131784 68 20 12  1  0  0
73  0  70368 104460176 2395940 55548824    0    0     0 418216 184721 1111501 66 19 14  1  0  0
72  0  70368 104474528 2395940 55548848    0    0     0 426956 187185 1143556 68 19 12  1  0  0
65  0  70368 104490972 2395940 55548860    0    0     0 427576 186032 1145246 68 19 13  1  0  0
71  1  70368 104456868 2395940 55548876    0    0     0 424292 185225 1130258 68 20 12  1  0  0
72  0  70368 104463180 2395940 55548896    0    0     0 424264 185621 1130571 67 20 13  1  0  0
69  0  70368 104454208 2395940 55548924    0    0     0 409580 181879 1115062 67 20 13  1  0  0
69  1  70368 104457900 2395940 55548952    0    0     0 418000 184504 1119360 67 20 13  1  0  0
72  0  70368 104447244 2395940 55548984    0    0     0 410332 182276 1124797 68 20 12  1  0  0
70  0  70368 104433544 2395940 55549000    0    0     0 418628 185583 1139711 68 20 12  0  0  0
67  0  70368 104432388 2395944 55549028    0    0     0 415792 184607 1126974 68 20 12  0  0  0
68  1  70368 104429240 2395944 55549052    0    0     0 418408 185030 1138535 68 20 12  0  0  0
70  0  70368 104462140 2395944 55549080    0    0     0 422024 185549 1144430 67 19 13  1  0  0
73  1  70368 104469900 2395944 55549072    0    0     0 419644 185889 1148671 68 19 12  0  0  0
74  0  70368 104458972 2395944 55549092    0    0     0 415220 183919 1135312 67 19 12  1  0  0
procs -----------memory---------- ---swap-- -----io---- -system-- -------cpu-------
 r  b   swpd   free   buff  cache   si   so    bi    bo   in   cs us sy id wa st gu
70  0  70368 104432668 2395944 55549112    0    0     0 415932 185891 1137373 68 20 12  1  0  0
77  0  70368 104429916 2395944 55549148    0    0     0 415016 185397 1133420 68 20 12  0  0  0
73  0  70368 104429356 2395944 55549172    0    0     0 416760 184929 1142496 68 20 12  0  0  0
71  0  70368 104442644 2395944 55549196    0    0     0 413796 184249 1134091 67 20 12  0  0  0
67  1  70368 104438576 2395944 55549228    0    0     0 413140 184749 1127784 68 20 12  1  0  0
72  0  70368 104431168 2395944 55549248    0    0     0 415092 185349 1128772 68 20 12  1  0  0
72  0  70368 104438300 2395944 55549276    0    0     0 415492 185562 1130414 67 20 12  1  0  0
78  0  70368 104462020 2395944 55549300    0    0     0 419600 185186 1149529 68 19 12  1  0  0
68  1  70368 104442816 2395944 55549332    0    0     0 411944 183423 1108858 68 20 12  1  0  0
73  0  70368 104421728 2395944 55549340    0    0     0 414912 185238 1127648 68 20 12  1  0  0
70  1  70368 104431784 2395944 55549364    0    0     0 412788 185060 1120295 67 20 13  1  0  0
69  1  70368 104430300 2395944 55549384    0    0     0 414740 185053 1128324 68 20 12  0  0  0
74  0  70368 104437376 2395944 55549416    0    0     0 410828 183206 1107293 66 19 13  1  0  0
71  1  70368 104443344 2395944 55549436    0    0     0 415252 185303 1123628 67 20 12  1  0  0
75  1  70368 104429332 2395944 55549456    0    0     0 416680 184957 1139466 68 20 12  0  0  0
72  0  70368 104445660 2395948 55549484    0    0     0 417940 184919 1141554 68 20 12  1  0  0
70  0  70368 104470880 2395948 55549508    0    0     0 418232 185895 1146716 68 19 13  1  0  0
73  0  70368 104476884 2395948 55549532    0    0     0 418868 184935 1144358 68 19 12  1  0  0
67  0  70368 104456812 2395948 55549552    0    0     0 402996 180507 1098587 66 19 14  1  0  0
75  0  70368 104450148 2395948 55549576    0    0     0 414532 185182 1117090 67 20 12  1  0  0
74  0  70368 104441024 2395952 55549592    0    0     0 407692 181404 1117440 67 20 13  1  0  0
procs -----------memory---------- ---swap-- -----io---- -system-- -------cpu-------
 r  b   swpd   free   buff  cache   si   so    bi    bo   in   cs us sy id wa st gu
70  1  70368 104423020 2395952 55549628    0    0     0 417836 184440 1131987 68 20 12  0  0  0
70  0  70368 104425532 2395952 55549648    0    0     0 416932 184364 1134645 68 20 12  0  0  0
63  0  70368 104427808 2395952 55549680    0    0     0 417256 185579 1124531 67 20 12  1  0  0
76  1  70368 104420076 2395952 55549696    0    0     0 418052 184348 1133579 68 20 12  0  0  0
71  0  70368 104443632 2395952 55549720    0    0     0 415152 184566 1120563 67 20 12  0  0  0
69  0  70368 104452784 2395952 55549744    0    0     0 421336 186721 1154691 68 19 12  1  0  0
73  0  70368 104455920 2395952 55549760    0    0     0 421124 185915 1149841 68 19 12  0  0  0
68  1  70368 104434652 2395952 55549780    0    0     0 422312 185733 1145786 68 20 12  0  0  0
67  0  70368 104430632 2395952 55549808    0    0     0 420256 185001 1133513 68 20 12  1  0  0
68  0  70368 104422004 2395956 55549900    0    0     0 418300 184639 1124393 68 20 12  1  0  0
69  1  70368 104425140 2395956 55549944    0    0     0 420860 185561 1124769 67 20 12  1  0  0
73  1  70368 104415568 2395956 55549976    0    0     0 420624 184960 1134710 68 20 12  1  0  0
70  1  70368 104420944 2395956 55550004    0    0     0 419140 184809 1134893 68 20 12  0  0  0
72  0  70368 104427220 2395956 55550024    0    0     0 419172 184732 1130826 68 20 12  0  0  0
67  0  70368 104439888 2395956 55550036    0    0     0 418572 184918 1132399 67 20 12  1  0  0
69  0  70368 104463676 2395956 55550068    0    0     0 418148 185955 1143615 67 19 14  1  0  0
68  0  70368 104453044 2395956 55550100    0    0     0 420052 184888 1137703 68 20 12  0  0  0
75  0  70368 104437628 2395956 55550112    0    0     0 419632 185484 1126611 67 20 12  1  0  0
70  0  70368 104430856 2395956 55550136    0    0     0 417328 184799 1110296 67 20 13  1  0  0
81  0  70368 104433272 2395956 55550164    0    0     0 418708 185736 1128750 67 20 13  1  0  0
67  0  70368 104434452 2395956 55550180    0    0     0 419716 185709 1129340 68 20 12  1  0  0
procs -----------memory---------- ---swap-- -----io---- -system-- -------cpu-------
 r  b   swpd   free   buff  cache   si   so    bi    bo   in   cs us sy id wa st gu
65  0  70368 104421168 2395956 55550216    0    0     0 419100 185245 1128451 68 20 12  0  0  0
74  0  70368 104423888 2395956 55550248    0    0     0 419256 183844 1132515 67 20 13  1  0  0
72  1  70368 104438256 2395956 55550260    0    0     0 404052 179898 1115904 67 20 12  1  0  0
70  0  70368 104464960 2395956 55550284    0    0     0 389624 175112 1102055 67 19 14  1  0  0
70  0  70368 104485624 2395956 55550304    0    0     0 399124 178782 1114309 67 18 13  1  0  0
74  0  70368 104454480 2395956 55550324    0    0     0 398204 177765 1105832 67 20 12  1  0  0
70  0  70368 104455524 2395956 55550348    0    0     0 397580 178719 1095210 67 20 13  1  0  0
71  0  70368 104441996 2395956 55550372    0    0     0 410568 182179 1117613 67 19 13  1  0  0
68  0  70368 104449464 2395956 55550404    0    0     0 415076 184456 1119849 67 20 12  1  0  0
72  0  70368 104441600 2395956 55550440    0    0     0 417060 184451 1124560 67 20 12  1  0  0
72  1  70368 104451460 2395956 55550452    0    0     0 410824 183816 1108239 67 20 13  1  0  0
70  1  70368 104439008 2395956 55550476    0    0     0 398580 178442 1101697 67 20 13  1  0  0
64  1  70368 104434484 2395956 55550504    0    0     0 400700 177646 1111643 67 20 13  1  0  0
80  0  70368 104462260 2395956 55550520    0    0     0 401332 177984 1127084 67 19 13  1  0  0
76  0  70368 104463716 2395956 55550552    0    0     0 401976 178683 1115249 68 19 12  1  0  0
70  0  70368 104449152 2395956 55550564    0    0     0 406992 180817 1119842 67 20 12  1  0  0
71  0  70368 104438672 2395956 55550592    0    0     0 410032 182551 1113073 67 20 12  1  0  0
75  1  70368 104432568 2395956 55550616    0    0     0 411996 182684 1121478 67 20 12  1  0  0
66  0  70368 104412352 2395956 55550636    0    0     0 419688 185473 1137307 68 20 12  1  0  0
74  0  70368 104407948 2395956 55550664    0    0     0 419804 184620 1134528 68 20 12  0  0  0
70  0  70368 104410468 2395956 55550692    0    0     0 420044 184408 1134676 67 20 12  1  0  0
procs -----------memory---------- ---swap-- -----io---- -system-- -------cpu-------
 r  b   swpd   free   buff  cache   si   so    bi    bo   in   cs us sy id wa st gu
70  0  70368 104425584 2395956 55550712    0    0     0 418552 183822 1128253 67 20 12  0  0  0
74  0  70368 104437264 2395956 55550744    0    0     0 420108 184655 1136827 68 20 12  0  0  0
71  0  70368 104451572 2395956 55550752    0    0     0 423400 185143 1156716 68 18 13  1  0  0
67  0  70368 104452736 2395956 55550784    0    0     0 417976 186240 1121413 67 19 13  1  0  0
70  0  70368 104444000 2395956 55550808    0    0     0 417308 183793 1133075 67 20 13  1  0  0
71  0  70368 104435552 2395956 55550832    0    0     0 418972 184669 1135006 68 20 12  1  0  0
70  0  70368 104433232 2395956 55550856    0    0     0 419316 184499 1134706 67 20 12  1  0  0
70  0  70368 104437664 2395956 55550892    0    0     0 418152 185014 1122040 67 20 13  1  0  0
73  0  70368 104439052 2395956 55550896    0    0     0 420236 183961 1121462 67 20 13  1  0  0
66  0  70368 104426756 2395956 55550920    0    0     0 416076 181480 1102952 65 19 15  1  0  0
67  1  70368 104418736 2395956 55550968    0    0     0 422184 184012 1142248 67 20 12  1  0  0
67  0  70368 104447416 2395956 55550984    0    0     0 424916 186773 1160080 68 19 13  1  0  0
71  0  70368 104454892 2395956 55550996    0    0     0 422508 185567 1156984 68 19 13  1  0  0
77  0  70368 104433132 2395956 55551020    0    0     0 419688 184148 1134981 67 20 12  1  0  0
76  1  70368 104434584 2395956 55551044    0    0     0 418580 184235 1135624 68 20 12  1  0  0
70  0  70368 104438240 2395956 55551072    0    0     0 418856 183403 1137015 67 20 12  0  0  0
73  0  70368 104440436 2395956 55551092    0    0     0 422628 184853 1147996 68 20 12  0  0  0
68  0  70368 104413480 2395956 55551116    0    0     0 422800 185069 1140100 68 20 12  1  0  0
73  0  70368 104410420 2395956 55551144    0    0     0 422680 185191 1147570 68 20 12  0  0  0
68  0  70368 104410152 2395956 55551164    0    0     0 422988 185507 1142335 68 20 12  0  0  0
66  0  70368 104425708 2395956 55551180    0    0     0 422340 185344 1139703 68 20 12  1  0  0
procs -----------memory---------- ---swap-- -----io---- -system-- -------cpu-------
 r  b   swpd   free   buff  cache   si   so    bi    bo   in   cs us sy id wa st gu
73  0  70368 104466976 2395956 55551216    0    0     0 422036 186417 1158239 68 19 13  0  0  0
68  0  70368 104454380 2395956 55551232    0    0     0 419552 184515 1136544 68 19 12  0  0  0
69  1  70368 104427876 2395956 55551260    0    0     0 421624 185173 1127473 67 20 13  1  0  0
68  0  70368 104432008 2395956 55551276    0    0     0 420700 184797 1136303 67 20 12  1  0  0
63  0  70368 104426948 2395956 55551312    0    0     0 421312 185536 1144916 67 20 12  0  0  0
72  0  70368 104416652 2395956 55551328    0    0     0 419532 185343 1138261 67 20 12  1  0  0
73  0  70368 104419840 2395956 55551360    0    0     0 420420 185570 1139527 68 20 12  0  0  0
69  0  70368 104413604 2395956 55551452    0    0     0 422996 185829 1141609 67 20 12  1  0  0
71  0  70368 104407204 2395956 55551468    0    0     0 418276 184684 1127536 67 20 12  1  0  0
71  0  70368 104437968 2395956 55551496    0    0     0 420552 185641 1126835 67 19 13  1  0  0
66  0  70368 104456164 2395956 55551520    0    0     0 426184 186260 1175383 68 19 13  0  0  0
67  0  70368 104440584 2395956 55551540    0    0     0 420964 185299 1140312 68 20 12  0  0  0
75  0  70368 104427676 2395956 55551548    0    0     0 419340 184154 1134886 68 20 12  0  0  0
71  0  70368 104428396 2395956 55551572    0    0     0 418060 185117 1134453 68 20 12  0  0  0
75  0  70368 104417252 2395956 55551600    0    0     0 418384 185021 1126141 68 20 12  1  0  0
75  0  70368 104414356 2395956 55551628    0    0     0 417656 185134 1131921 67 20 12  1  0  0
69  1  70368 104423092 2395956 55551656    0    0     0 418968 184588 1133634 68 20 12  0  0  0
69  0  70368 104405668 2395956 55551692    0    0     0 419696 184625 1140541 68 20 12  0  0  0
70  0  70368 104427572 2395956 55551720    0    0     0 420136 184861 1137025 67 20 12  1  0  0
75  0  70368 104443392 2395956 55551744    0    0     0 424416 186624 1156226 68 19 13  1  0  0
74  0  70368 104447900 2395956 55551764    0    0     0 426616 186356 1164040 68 19 12  0  0  0
procs -----------memory---------- ---swap-- -----io---- -system-- -------cpu-------
 r  b   swpd   free   buff  cache   si   so    bi    bo   in   cs us sy id wa st gu
74  0  70368 104429984 2395956 55551780    0    0     0 427124 185696 1143767 68 20 12  0  0  0
68  0  70368 104424108 2395956 55551808    0    0     0 424972 185947 1141623 68 20 12  0  0  0
58  1  70368 104413836 2395956 55551832    0    0     0 424336 184397 1128801 67 20 12  0  0  0
69  0  70368 104417288 2395956 55551868    0    0     0 426124 185759 1136337 68 20 12  0  0  0
77  0  70368 104429804 2395956 55551876    0    0     0 425240 185206 1134712 68 20 12  0  0  0
74  0  70368 104422884 2395956 55551904    0    0     0 425592 185854 1140739 68 20 12  0  0  0
67  0  70368 104424012 2395956 55551920    0    0     0 424132 186191 1138952 68 20 12  0  0  0
70  0  70368 104416564 2395956 55551948    0    0     0 422604 186010 1136926 68 20 12  0  0  0
66  0  70368 104451840 2395956 55551976    0    0     0 426788 187311 1164760 68 19 12  0  0  0
68  0  70368 104453704 2395956 55551988    0    0     0 420552 185395 1145816 68 19 12  0  0  0
72  0  70368 104428708 2395960 55552008    0    0     0 418084 186061 1126076 67 20 13  0  0  0
75  0  70368 104421844 2395960 55552044    0    0     0 420560 187229 1140487 68 20 12  0  0  0
74  1  70368 104406096 2395960 55552064    0    0     0 419228 185324 1137857 68 20 12  0  0  0
75  0  70368 104405676 2395960 55552084    0    0     0 420096 184916 1141459 68 20 12  1  0  0
75  0  70368 104440680 2395960 55552116    0    0     0 418880 184817 1135534 68 20 12  0  0  0
74  0  70368 104427084 2395960 55552140    0    0     0 419352 183326 1139537 68 20 12  0  0  0
72  0  70368 104412632 2395960 55552164    0    0     0 417156 184159 1134814 68 20 12  0  0  0
65  0  70368 104414588 2395960 55552176    0    0     0 417032 185381 1138249 68 20 12  0  0  0
66  1  70368 104446832 2395960 55552212    0    0     0 420048 186796 1156409 69 19 12  0  0  0
72  0  70368 104436284 2395960 55552216    0    0     0 417280 185248 1132136 67 20 12  1  0  0
69  0  70368 104430672 2395960 55552268    0    0     0 417412 184824 1136378 68 20 12  0  0  0
procs -----------memory---------- ---swap-- -----io---- -system-- -------cpu-------
 r  b   swpd   free   buff  cache   si   so    bi    bo   in   cs us sy id wa st gu
79  0  70368 104423860 2395960 55552276    0    0     0 417760 185337 1143410 68 20 12  0  0  0
71  1  70368 104402332 2395960 55552300    0    0     0 417912 185543 1143951 68 20 12  0  0  0
80  0  70368 104407868 2395960 55552328    0    0     0 416072 185339 1143119 68 20 12  0  0  0
72  0  70368 104402780 2395960 55552340    0    0     0 415352 185120 1144109 68 20 12  0  0  0
67  0  70368 104418872 2395960 55552376    0    0     0 414924 184738 1136163 68 20 12  0  0  0
70  0  70368 104425568 2395960 55552404    0    0     0 415108 185252 1131667 67 20 13  1  0  0
59  0  70368 104451984 2395960 55552428    0    0     0 416316 186581 1145030 67 19 13  0  0  0
71  0  70368 104458180 2395960 55552440    0    0     0 420072 184973 1145760 68 19 12  0  0  0
73  0  70368 104434184 2395960 55552464    0    0     0 417784 184910 1140626 68 20 12  0  0  0
68  0  70368 104435912 2395960 55552488    0    0     0 417032 185655 1131506 68 20 12  0  0  0
70  0  70368 104417416 2395960 55552512    0    0     0 417336 185732 1130951 67 20 12  1  0  0
72  0  70368 104423388 2395960 55552536    0    0     0 418108 185985 1137983 68 20 12  0  0  0
74  0  70368 104423672 2395964 55552556    0    0     0 418384 184949 1138363 68 20 12  0  0  0
72  1  70368 104431848 2395964 55552592    0    0     0 419332 185489 1142054 68 20 12  0  0  0
70  0  70368 104425364 2395964 55552616    0    0     0 419876 185924 1141657 68 20 12  0  0  0
70  0  70368 104417932 2395964 55552644    0    0     0 419060 185745 1144111 68 20 12  0  0  0
70  1  70368 104445932 2395964 55552668    0    0     0 421420 186677 1164073 68 19 13  0  0  0
73  0  70368 104451032 2395964 55552684    0    0     0 418080 186182 1149207 68 20 12  0  0  0
74  0  70368 104425476 2395964 55552720    0    0     0 416252 184705 1134988 68 20 12  0  0  0
73  0  70368 104444056 2395964 55552740    0    0     0 415324 185156 1126378 68 20 12  0  0  0
74  1  70368 104416988 2395964 55552764    0    0     0 417268 185491 1137683 68 20 12  0  0  0
procs -----------memory---------- ---swap-- -----io---- -system-- -------cpu-------
 r  b   swpd   free   buff  cache   si   so    bi    bo   in   cs us sy id wa st gu
73  0  70368 104420368 2395964 55552784    0    0     0 418652 185275 1141806 68 20 12  0  0  0
66  1  70368 104415804 2395968 55552804    0    0     0 417916 185799 1137095 67 20 12  1  0  0
73  0  70368 104406428 2395968 55552836    0    0     0 417108 184639 1136388 68 20 12  0  0  0
77  0  70368 104406628 2395968 55552924    0    0     0 416132 185331 1131966 68 20 12  1  0  0
73  0  70368 104415976 2395968 55552936    0    0     0 419088 186915 1141064 68 20 12  1  0  0
70  0  70368 104474060 2395968 55552964    0    0     0 420048 185214 1153777 68 18 13  1  0  0
68  0  70368 104439724 2395972 55552980    0    0     0 418912 185704 1141623 68 20 12  0  0  0
72  0  70368 104423724 2395972 55553012    0    0     0 419672 186266 1144294 68 20 12  0  0  0
70  0  70368 104403060 2395972 55553032    0    0     0 419564 185037 1142589 68 20 11  0  0  0
67  1  70368 104403352 2395972 55553052    0    0     0 419236 185375 1140479 68 20 12  0  0  0
72  0  70368 104398556 2395972 55553084    0    0     0 418288 185685 1140094 68 20 12  0  0  0
72  0  70368 104412220 2395972 55553112    0    0     0 420076 185343 1145078 68 20 12  0  0  0
71  0  70368 104419716 2395972 55553136    0    0     0 417612 185008 1129857 68 20 12  0  0  0
70  0  70368 104413888 2395972 55553156    0    0     0 420276 184969 1138862 68 20 11  0  0  0
60  0  70368 104450576 2395972 55553188    0    0     0 423016 187138 1158586 68 19 13  1  0  0
70  0  70368 104462268 2395972 55553196    0    0     0 423324 186783 1166215 69 19 12  0  0  0
68  0  70368 104438792 2395972 55553212    0    0     0 417208 185117 1131115 68 20 12  0  0  0
70  1  70368 104425604 2395972 55553240    0    0     0 419344 184928 1137729 68 20 12  0  0  0
68  0  70368 104420624 2395972 55553272    0    0     0 419980 185067 1136839 68 20 12  0  0  0
69  0  70368 104418676 2395972 55553296    0    0     0 421176 186337 1140370 68 20 12  0  0  0
71  0  70368 104422868 2395972 55553312    0    0     0 419356 184493 1137244 68 20 12  0  0  0
procs -----------memory---------- ---swap-- -----io---- -system-- -------cpu-------
 r  b   swpd   free   buff  cache   si   so    bi    bo   in   cs us sy id wa st gu
70  1  70368 104414184 2395976 55553340    0    0     0 420720 185052 1138247 68 20 11  0  0  0
67  0  70368 104409992 2395976 55553364    0    0     0 420544 183843 1139049 68 20 11  0  0  0
68  0  70368 104409444 2395976 55553388    0    0     0 420312 184089 1141245 68 20 12  0  0  0
69  0  70368 104451000 2395976 55553420    0    0     0 424312 186950 1166738 68 19 13  1  0  0
70  1  70368 104455528 2395976 55553436    0    0     0 419392 185023 1137761 68 19 12  1  0  0
68  0  70368 104434264 2395976 55553460    0    0     0 420264 186463 1131916 68 20 12  0  0  0
78  0  70368 104427876 2395976 55553468    0    0     0 418532 185018 1131738 68 20 12  0  0  0
71  1  70368 104409920 2395976 55553508    0    0     0 421668 185488 1144586 68 20 12  0  0  0
70  1  70368 104419084 2395976 55553520    0    0     0 420480 185878 1125307 67 20 12  1  0  0
71  0  70368 104416920 2395976 55553556    0    0     0 419264 185254 1125544 67 20 12  1  0  0
74  0  70368 104414064 2395980 55553580    0    0     0 422636 185711 1138843 68 20 12  0  0  0
67  0  70368 104412828 2395980 55553596    0    0     0 421824 185313 1140186 67 20 12  0  0  0
71  1  70368 104443780 2395980 55553640    0    0     0 419428 185570 1128854 67 20 13  0  0  0
68  0  70368 104455952 2395980 55553648    0    0     0 425072 188423 1162663 68 19 13  1  0  0
68  1  70368 104442752 2395980 55553672    0    0     0 420220 187080 1129791 68 20 12  1  0  0
70  1  70368 104426852 2395980 55553688    0    0     0 421736 185764 1137361 68 20 12  0  0  0
71  0  70368 104409276 2395980 55553716    0    0     0 422068 185209 1136015 68 20 12  0  0  0
68  0  70368 104405944 2395980 55553732    0    0     0 422448 185774 1129170 68 20 12  0  0  0
77  1  70368 104393132 2395980 55553772    0    0     0 425928 186372 1139333 68 20 12  0  0  0
73  0  70368 104410004 2395980 55553800    0    0     0 425364 185951 1145661 68 20 12  0  0  0
76  0  70368 104415396 2395980 55553816    0    0     0 425284 185286 1139827 68 20 12  0  0  0
procs -----------memory---------- ---swap-- -----io---- -system-- -------cpu-------
 r  b   swpd   free   buff  cache   si   so    bi    bo   in   cs us sy id wa st gu
72  0  70368 104426576 2395980 55553832    0    0     0 421408 184568 1130964 67 20 13  1  0  0
72  0  70368 104443320 2395980 55553864    0    0     0 428284 186701 1158490 68 19 12  0  0  0
74  0  70368 104459532 2395980 55553888    0    0     0 426800 187521 1165564 68 19 13  1  0  0
68  0  70368 104428108 2395980 55553904    0    0     0 422904 185432 1140920 68 20 12  0  0  0
68  1  70368 104401912 2395980 55553928    0    0     0 424148 186824 1136463 68 20 12  0  0  0
73  0  70368 104409800 2395980 55553952    0    0     0 423984 186038 1138355 68 20 12  0  0  0
76  0  70368 104399092 2395980 55553976    0    0     0 424144 185707 1141661 68 20 12  0  0  0
67  0  70368 104413508 2395980 55554020    0    0     0 422980 185516 1140774 68 20 12  0  0  0
77  0  70368 104419368 2395980 55554040    0    0     0 419880 185090 1132001 67 20 12  0  0  0
73  0  70368 104423780 2395980 55554052    0    0     0 421144 185645 1133951 68 20 12  1  0  0
78  0  70368 104414004 2395980 55554080    0    0     0 422224 185368 1134740 67 20 12  1  0  0
74  0  70368 104440060 2395980 55554148    0    0     0 427464 186496 1162620 68 19 13  1  0  0
65  1  70368 104452288 2395980 55554168    0    0     0 422288 186086 1145431 68 19 12  1  0  0
75  0  70368 104429316 2395980 55554184    0    0     0 422480 185999 1138479 68 20 12  0  0  0
72  0  70368 104412160 2395980 55554200    0    0     0 421480 184829 1134405 67 20 12  1  0  0
70  0  70368 104412096 2395980 55554248    0    0     0 421616 185545 1132650 67 20 12  0  0  0
74  0  70368 104404904 2395980 55554272    0    0     0 424396 185812 1144033 68 20 12  0  0  0
69  0  70368 104403044 2395980 55554292    0    0     0 425200 186474 1139453 68 20 11  0  0  0
75  1  70368 104408192 2395980 55554312    0    0     0 426548 185946 1145146 68 20 12  0  0  0
72  0  70368 104404616 2395980 55554348    0    0     0 425508 185788 1139266 68 20 12  0  0  0
73  0  70368 104415884 2395980 55554356    0    0     0 426176 186273 1146514 68 20 12  0  0  0
procs -----------memory---------- ---swap-- -----io---- -system-- -------cpu-------
 r  b   swpd   free   buff  cache   si   so    bi    bo   in   cs us sy id wa st gu
65  0  70368 104443760 2395980 55554456    0    0     0 428536 187322 1167250 69 18 13  0  0  0
71  0  70368 104444908 2395980 55554472    0    0     0 423636 185927 1144554 68 19 13  1  0  0
72  1  70368 104429932 2395980 55554500    0    0     0 426152 186423 1143913 68 20 12  0  0  0
67  1  70368 104415952 2395980 55554524    0    0     0 425744 186193 1137315 68 20 12  0  0  0
67  1  70368 104405148 2395980 55554548    0    0     0 426520 185619 1141143 68 20 12  0  0  0
68  0  70368 104409408 2395980 55554576    0    0     0 426084 185164 1143338 68 20 12  0  0  0
69  0  70368 104405768 2395980 55554604    0    0     0 426480 185446 1143695 68 20 12  0  0  0
70  0  70368 104407736 2395980 55554620    0    0     0 427652 185793 1143749 68 20 12  1  0  0
71  0  70368 104408700 2395980 55554648    0    0     0 427816 186793 1143374 68 20 12  0  0  0
70  0  70368 104424200 2395980 55554668    0    0     0 429852 187332 1152764 68 19 13  1  0  0
74  0  70368 104448944 2395980 55554692    0    0     0 430420 187500 1162287 69 19 12  0  0  0
72  0  70368 104416368 2395980 55554716    0    0     0 429204 186349 1141827 68 20 12  0  0  0
78  0  70368 104414400 2395980 55554740    0    0     0 429172 186071 1143501 68 20 12  0  0  0
73  0  70368 104417432 2395980 55554760    0    0     0 431324 186364 1148324 68 19 12  1  0  0
72  0  70368 104415532 2395980 55554788    0    0     0 426812 184114 1138557 68 19 12  0  0  0
70  1  70368 104414308 2395980 55554796    0    0     0 428704 186616 1146560 68 20 12  1  0  0
68  1  70368 104407868 2395980 55554832    0    0     0 426020 185642 1132614 68 20 12  0  0  0
68  0  70368 104406092 2395980 55554868    0    0     0 428452 185594 1142690 68 20 12  0  0  0
67  0  70368 104412156 2395984 55554892    0    0     0 429516 186281 1140938 68 20 12  1  0  0
73  0  70368 104435580 2395984 55554908    0    0     0 430100 187818 1161729 68 19 13  1  0  0
65  1  70368 104459404 2395984 55554932    0    0     0 428388 186015 1143944 68 19 13  1  0  0
procs -----------memory---------- ---swap-- -----io---- -system-- -------cpu-------
 r  b   swpd   free   buff  cache   si   so    bi    bo   in   cs us sy id wa st gu
76  1  70368 104424644 2395984 55554956    0    0     0 426532 185949 1144510 68 20 12  0  0  0
70  0  70368 104406336 2395984 55554976    0    0     0 425576 185758 1143814 68 20 12  0  0  0
75  0  70368 104397744 2395988 55554996    0    0     0 423632 184755 1141599 68 20 12  0  0  0
79  0  70368 104416556 2395988 55555024    0    0     0 422616 185465 1138505 68 20 12  0  0  0
72  1  70368 104420108 2395988 55555040    0    0     0 424268 186279 1148239 68 20 12  1  0  0
69  0  70368 104413448 2395988 55555060    0    0     0 424436 186415 1141734 68 20 12  0  0  0
70  0  70368 104397032 2395988 55555100    0    0     0 424604 185583 1147586 68 20 12  0  0  0
68  0  70368 104415588 2395988 55555128    0    0     0 425864 185898 1143788 68 20 12  0  0  0
69  0  70368 104443748 2395988 55555148    0    0     0 429432 187614 1177465 68 19 12  0  0  0
72  1  70368 104438360 2395988 55555164    0    0     0 425816 185648 1147182 68 20 12  0  0  0
76  0  70368 104433684 2395988 55555192    0    0     0 420668 184598 1135163 68 20 12  0  0  0
69  0  70368 104425432 2395988 55555220    0    0     0 423072 186473 1139978 68 20 12  0  0  0
67  0  70368 104420744 2395988 55555244    0    0     0 421312 186009 1142229 68 20 12  0  0  0
69  1  70368 104416248 2395988 55555264    0    0     0 421900 186522 1140138 68 20 12  0  0  0
68  0  70368 104408688 2395988 55555288    0    0     0 421212 185622 1140434 68 20 12  0  0  0
68  0  70368 104410180 2395988 55555304    0    0     0 420120 185680 1132763 68 20 12  0  0  0
71  0  70368 104417752 2395988 55555328    0    0     0 420776 185870 1141541 68 20 12  0  0  0
70  1  70368 104414596 2395992 55555360    0    0     0 421308 186001 1145809 68 19 12  0  0  0
70  0  70368 104451064 2395992 55555376    0    0     0 423620 186784 1171157 68 19 13  1  0  0
71  0  70368 104431236 2395992 55555396    0    0     0 419752 186481 1138684 68 20 12  1  0  0
69  1  70368 104415772 2395992 55555424    0    0     0 419324 185885 1134544 68 20 12  0  0  0
procs -----------memory---------- ---swap-- -----io---- -system-- -------cpu-------
 r  b   swpd   free   buff  cache   si   so    bi    bo   in   cs us sy id wa st gu
71  0  70368 104393448 2395992 55555452    0    0     0 420876 184676 1137758 68 20 12  0  0  0
70  0  70368 104388704 2395992 55555472    0    0     0 420952 185651 1140711 68 20 12  0  0  0
77  0  70368 104395724 2395992 55555500    0    0     0 420728 185329 1146026 68 20 12  0  0  0
71  0  70368 104413864 2395992 55555528    0    0     0 419984 185565 1135518 68 20 12  1  0  0
67  0  70368 104419296 2395992 55555552    0    0     0 419508 186157 1125796 67 20 12  0  0  0
73  0  70368 104403444 2395992 55555580    0    0     0 419696 185327 1134246 68 20 12  0  0  0
76  0  70368 104425476 2395992 55555584    0    0     0 423856 187166 1155235 68 19 12  0  0  0
74  0  70368 104443276 2395992 55555604    0    0     0 422204 186588 1157693 69 19 12  0  0  0
76  0  70368 104431028 2395992 55555640    0    0     0 419952 185253 1140186 68 20 11  0  0  0
73  0  70368 104420080 2395992 55555660    0    0     0 419528 184542 1134433 68 20 12  0  0  0
67  0  70368 104406672 2395992 55555692    0    0     0 420464 185177 1141189 68 20 12  0  0  0
74  0  70368 104405260 2395992 55555720    0    0     0 417980 184654 1127897 67 20 12  0  0  0
62  0  70368 104398872 2395992 55555744    0    0     0 420360 185398 1138654 68 20 12  0  0  0
74  0  70368 104398832 2395992 55555768    0    0     0 419992 184384 1135576 68 20 12  0  0  0
76  0  70368 104410468 2395992 55555792    0    0     0 420932 185637 1142092 68 20 12  0  0  0
79  0  70368 104406508 2395992 55555808    0    0     0 421456 185213 1145630 68 20 12  0  0  0
70  0  70368 104433520 2395992 55555832    0    0     0 424544 185843 1162630 68 19 12  0  0  0
73  0  70368 104438208 2395992 55555848    0    0     0 421536 185901 1149434 68 19 12  0  0  0
74  0  70368 104414240 2395992 55555944    0    0     0 420288 185604 1138161 68 20 12  0  0  0
69  0  70368 104397852 2395992 55555964    0    0     0 422328 186903 1139122 68 20 12  0  0  0
68  0  70368 104389620 2395992 55555988    0    0     0 421520 185336 1143111 68 20 12  0  0  0
procs -----------memory---------- ---swap-- -----io---- -system-- -------cpu-------
 r  b   swpd   free   buff  cache   si   so    bi    bo   in   cs us sy id wa st gu
71  0  70368 104396296 2395992 55556016    0    0     0 420492 184808 1141791 68 20 12  0  0  0
78  0  70368 104412632 2395992 55556040    0    0     0 421132 185086 1148534 68 20 12  0  0  0
70  0  70368 104406172 2395992 55556064    0    0     0 418824 184907 1136944 68 20 12  1  0  0
69  0  70368 104404204 2395992 55556088    0    0     0 419464 184706 1138692 68 20 12  0  0  0
69  1  70368 104404836 2395992 55556108    0    0     0 420432 185843 1144979 68 20 12  0  0  0
70  0  70368 104454776 2395992 55556128    0    0     0 424592 186208 1165631 68 19 13  0  0  0
72  1  70368 104446256 2395992 55556160    0    0     0 422236 185197 1147358 68 19 12  0  0  0
71  1  70368 104430428 2395992 55556176    0    0     0 424412 184827 1147219 68 20 12  0  0  0
74  0  70368 104421860 2395992 55556196    0    0     0 421032 184553 1144071 68 20 12  1  0  0
67  1  70368 104407496 2395992 55556220    0    0     0 421396 186070 1144218 68 20 12  0  0  0
73  1  70368 104412884 2395992 55556252    0    0     0 421260 185106 1137928 67 20 12  1  0  0
72  0  70368 104402068 2395992 55556272    0    0     0 423212 186690 1138927 68 20 12  0  0  0
73  0  70368 104412404 2395992 55556292    0    0     0 421888 186065 1135470 67 20 12  0  0  0
76  1  70368 104404216 2395992 55556316    0    0     0 422112 186043 1137713 68 20 12  0  0  0
68  0  70368 104417344 2395992 55556344    0    0     0 423368 186398 1149365 68 19 12  0  0  0
69  0  70368 104441108 2395992 55556368    0    0     0 427224 187397 1179828 68 19 13  0  0  0
69  0  70368 104430844 2395992 55556396    0    0     0 420056 186562 1140804 68 20 11  0  0  0
71  0  70368 104399756 2395992 55556420    0    0     0 421192 184950 1141496 68 20 11  0  0  0
66  0  70368 104392840 2395992 55556440    0    0     0 419448 185804 1142091 68 20 12  0  0  0
46  0  70368 104405528 2395992 55556464    0    0     0 421964 185836 1149995 68 20 12  0  0  0
73  0  70368 104401656 2395992 55556484    0    0     0 420520 185328 1133765 68 20 12  0  0  0
procs -----------memory---------- ---swap-- -----io---- -system-- -------cpu-------
 r  b   swpd   free   buff  cache   si   so    bi    bo   in   cs us sy id wa st gu
66  1  70368 104405952 2395992 55556508    0    0     0 423588 184756 1143508 68 20 12  0  0  0
71  0  70368 104404096 2395992 55556532    0    0     0 423072 185170 1142043 68 20 12  0  0  0
70  1  70368 104406440 2395992 55556560    0    0     0 423428 185328 1143314 68 20 12  0  0  0
73  0  70368 104410100 2395992 55556584    0    0     0 424696 186288 1155008 68 19 12  0  0  0
75  1  70368 104445296 2395992 55556596    0    0     0 425180 185862 1161387 69 19 12  0  0  0
71  0  70368 104421324 2395992 55556632    0    0     0 421312 185559 1140242 68 20 12  0  0  0
72  1  70368 104416204 2395992 55556656    0    0     0 422588 185422 1135904 68 20 12  0  0  0
73  0  70368 104405692 2395992 55556680    0    0     0 422812 184772 1138529 68 20 12  0  0  0
75  0  70368 104404500 2395992 55556700    0    0     0 423576 186280 1133916 68 20 12  1  0  0
68  1  70368 104416216 2395992 55556720    0    0     0 422680 185463 1145986 68 20 12  1  0  0
71  1  70368 104412608 2395992 55556752    0    0     0 423736 185450 1142153 68 20 12  0  0  0
73  0  70368 104410844 2395992 55556768    0    0     0 423964 185506 1147859 68 20 12  0  0  0
73  0  70368 104403300 2395992 55556796    0    0     0 421096 185261 1141283 68 20 12  0  0  0
68  1  70368 104440228 2395992 55556824    0    0     0 424504 186209 1151474 67 19 13  1  0  0
65  0  70368 104441372 2395992 55556844    0    0     0 425216 187364 1152250 68 19 12  1  0  0
73  0  70368 104423492 2395992 55556872    0    0     0 423200 184788 1139309 67 20 12  1  0  0
71  1  70368 104402864 2395992 55556896    0    0     0 421732 185059 1128578 68 20 12  1  0  0
71  0  70368 104385812 2395992 55556924    0    0     0 424648 185292 1138105 68 20 12  0  0  0
70  0  70368 104405792 2395992 55556940    0    0     0 423456 184614 1135300 67 20 12  1  0  0
74  0  70368 104417516 2395992 55556972    0    0     0 425520 186070 1139403 68 20 12  0  0  0
75  0  70368 104401856 2395992 55557000    0    0     0 426156 185782 1135559 68 20 12  0  0  0
procs -----------memory---------- ---swap-- -----io---- -system-- -------cpu-------
 r  b   swpd   free   buff  cache   si   so    bi    bo   in   cs us sy id wa st gu
67  0  70368 104401704 2395992 55557024    0    0     0 424752 184524 1137703 68 20 12  0  0  0
75  0  70368 104404204 2395992 55557040    0    0     0 424900 185654 1137163 68 20 12  0  0  0
68  0  70368 104438004 2395992 55557056    0    0     0 428932 187265 1170968 68 19 13  0  0  0
69  0  70368 104434844 2395992 55557088    0    0     0 425568 186399 1154962 69 19 12  0  0  0
73  1  70368 104413380 2395992 55557104    0    0     0 425216 185603 1141842 68 20 12  0  0  0
71  0  70368 104408316 2395992 55557132    0    0     0 425856 184960 1144619 68 20 11  0  0  0
74  0  70368 104416188 2395992 55557156    0    0     0 424656 185742 1144689 68 20 12  0  0  0
71  0  70368 104400700 2395992 55557176    0    0     0 423980 184888 1136357 68 20 12  0  0  0
71  0  70368 104396964 2395996 55557204    0    0     0 425148 186241 1138847 68 20 12  0  0  0
64  0  70368 104405588 2395996 55557232    0    0     0 427904 185657 1145807 68 20 12  1  0  0
73  0  70368 104416380 2395996 55557256    0    0     0 424688 185553 1141441 68 20 12  1  0  0
69  1  70368 104419012 2395996 55557276    0    0     0 425104 185739 1151695 68 20 12  0  0  0
68  0  70368 104434352 2395996 55557296    0    0     0 427568 187846 1167432 68 19 13  1  0  0
70  0  70368 104422132 2395996 55557316    0    0     0 423200 185848 1136349 68 20 12  0  0  0
79  0  70368 104404436 2395996 55557336    0    0     0 423520 185958 1134009 67 20 12  0  0  0
70  0  70368 104399784 2395996 55557452    0    0     0 425176 185464 1143430 68 20 12  0  0  0
70  0  70368 104398092 2395996 55557476    0    0     0 424496 184854 1144115 68 20 12  0  0  0
69  0  70368 104398304 2395996 55557504    0    0     0 425784 184091 1143064 68 20 12  0  0  0
68  0  70368 104395972 2395996 55557524    0    0     0 427856 186274 1142180 68 20 12  0  0  0
69  0  70368 104384876 2395996 55557556    0    0     0 423956 184970 1141290 68 20 12  0  0  0
66  1  70368 104400692 2395996 55557584    0    0     0 423836 186173 1138000 68 20 12  0  0  0
procs -----------memory---------- ---swap-- -----io---- -system-- -------cpu-------
 r  b   swpd   free   buff  cache   si   so    bi    bo   in   cs us sy id wa st gu
75  1  70368 104421800 2395996 55557600    0    0     0 426056 185347 1151926 67 19 13  1  0  0
73  0  70368 104443148 2395996 55557624    0    0     0 428188 187311 1164492 68 19 13  1  0  0
72  0  70368 104410108 2395996 55557652    0    0     0 418080 182092 1129069 68 20 12  1  0  0
71  1  70368 104403312 2395996 55557668    0    0     0 420148 182406 1137829 68 20 12  0  0  0
69  0  70368 104422088 2395996 55557692    0    0     0 405224 178262 1117381 67 20 12  1  0  0
73  0  70368 104405928 2395996 55557716    0    0     0 406848 179104 1122942 67 20 12  1  0  0
74  0  70368 104398176 2395996 55557744    0    0     0 406412 178447 1125564 68 20 12  1  0  0
69  0  70368 104398456 2395996 55557764    0    0     0 406072 178750 1126136 67 20 12  1  0  0
73  0  70368 104413884 2395996 55557792    0    0     0 415088 181311 1125523 68 20 12  1  0  0
70  0  70368 104410884 2395996 55557824    0    0     0 417276 182829 1132406 68 20 12  1  0  0
70  0  70368 104429352 2395996 55557836    0    0     0 429272 187623 1169684 68 19 12  1  0  0
74  0  70368 104417384 2395996 55557860    0    0     0 426576 186623 1151470 68 19 12  0  0  0
69  1  70368 104403504 2395996 55557884    0    0     0 426540 185749 1147018 68 20 12  0  0  0
72  0  70368 104408408 2395996 55557904    0    0     0 425424 191081 1140822 67 20 12  1  0  0
69  0  70368 104397756 2395996 55557928    0    0     0 423460 186090 1130052 68 20 12  0  0  0
72  0  70368 104387084 2395996 55557952    0    0     0 423368 185802 1145996 68 20 11  0  0  0
71  1  70368 104382396 2395996 55557988    0    0     0 425692 183763 1135969 68 20 12  0  0  0
73  0  70368 104409264 2395996 55558008    0    0     0 428008 184353 1137774 68 20 12  0  0  0
73  0  70368 104396980 2395996 55558028    0    0     0 429280 184609 1140787 68 20 12  0  0  0
70  0  70368 104405312 2395996 55558056    0    0     0 431924 185914 1152657 68 20 12  0  0  0
71  0  70368 104439820 2395996 55558076    0    0     0 437684 186241 1180374 69 19 12  0  0  0
procs -----------memory---------- ---swap-- -----io---- -system-- -------cpu-------
 r  b   swpd   free   buff  cache   si   so    bi    bo   in   cs us sy id wa st gu
70  0  70368 104415140 2395996 55558092    0    0     0 418104 182486 1128720 68 20 12  1  0  0
70  0  70368 104402456 2395996 55558116    0    0     0 429116 184479 1140460 68 20 12  0  0  0
69  0  70368 104415712 2395996 55558144    0    0     0 423256 184636 1133988 68 20 12  0  0  0
74  0  70368 104409672 2395996 55558164    0    0     0 429512 185360 1139520 68 20 12  0  0  0
71  0  70368 104408588 2395996 55558192    0    0     0 429136 186185 1151209 68 20 12  0  0  0
73  1  70368 104404684 2395996 55558224    0    0     0 425232 184659 1132124 67 20 12  1  0  0
70  0  70368 104411832 2396000 55558240    0    0     0 427128 185923 1135969 68 20 12  1  0  0
70  0  70368 104403772 2396000 55558260    0    0     0 422520 186231 1138830 68 20 12  1  0  0
70  0  70368 104422404 2396000 55558284    0    0     0 424600 186769 1162591 68 19 12  0  0  0
71  0  70368 104435468 2396000 55558308    0    0     0 430488 185528 1157683 69 19 12  0  0  0
68  0  70368 104409824 2396000 55558332    0    0     0 425044 183679 1129249 67 19 13  1  0  0
71  1  70368 104402912 2396000 55558356    0    0     0 427484 184741 1144544 68 20 12  0  0  0
72  1  70368 104384956 2396000 55558380    0    0     0 426120 184101 1146836 68 20 11  0  0  0
75  0  70368 104391752 2396000 55558400    0    0     0 425892 184116 1143617 68 19 12  0  0  0
68  0  70368 104396352 2396000 55558432    0    0     0 425844 184145 1142389 68 20 12  0  0  0
72  1  70368 104394476 2396000 55558460    0    0     0 426940 185154 1145568 68 20 12  0  0  0
68  0  70368 104391692 2396000 55558476    0    0     0 427120 183756 1144668 68 20 12  0  0  0
75  1  70368 104386604 2396000 55558496    0    0     0 423892 183225 1136062 68 20 12  0  0  0
69  0  70368 104417452 2396000 55558512    0    0     0 434088 186699 1171106 68 19 12  0  0  0
69  0  70368 104414420 2396000 55558540    0    0     0 428952 184335 1147595 68 19 12  1  0  0
72  0  70368 104391092 2396000 55558564    0    0     0 427804 184269 1137321 68 20 12  1  0  0
procs -----------memory---------- ---swap-- -----io---- -system-- -------cpu-------
 r  b   swpd   free   buff  cache   si   so    bi    bo   in   cs us sy id wa st gu
74  0  70368 104395272 2396000 55558584    0    0     0 427252 185205 1142145 68 20 12  0  0  0
71  0  70368 104384948 2396000 55558616    0    0     0 426824 185117 1132048 67 20 12  1  0  0
70  1  70368 104399888 2396000 55558640    0    0     0 426432 184832 1135150 67 20 13  1  0  0
74  0  70368 104392380 2396000 55558676    0    0     0 424588 184079 1130323 68 20 12  0  0  0
79  0  70368 104399320 2396000 55558700    0    0     0 428984 184623 1144587 68 20 11  0  0  0
74  1  70368 104393392 2396000 55558724    0    0     0 414656 181053 1125763 68 20 12  0  0  0
78  0  70368 104396440 2396000 55558744    0    0     0 428640 184608 1147006 68 20 12  0  0  0
71  0  70368 104422548 2396000 55558752    0    0     0 433376 187262 1167476 69 18 12  1  0  0
70  0  70368 104418780 2396000 55558788    0    0     0 430360 185433 1152791 68 20 12  0  0  0
71  1  70368 104415620 2396000 55558808    0    0     0 429136 184959 1142424 68 20 12  0  0  0
71  1  70368 104400124 2396000 55558828    0    0     0 427304 184831 1142439 68 20 12  0  0  0
72  0  70368 104393524 2396000 55558856    0    0     0 425336 184615 1130206 67 20 12  1  0  0
71  0  70368 104403624 2396000 55558948    0    0     0 425992 184816 1138758 68 20 12  0  0  0
68  1  70368 104396116 2396000 55558976    0    0     0 426500 184980 1133636 68 20 12  1  0  0
70  1  70368 104402008 2396000 55559000    0    0     0 428568 185854 1138236 67 20 12  1  0  0
74  0  70368 104402920 2396000 55559028    0    0     0 427972 184945 1137383 68 20 12  1  0  0
70  0  70368 104425256 2396000 55559044    0    0     0 432868 185931 1159769 68 19 12  0  0  0
77  0  70368 104439148 2396000 55559064    0    0     0 432232 185496 1158553 68 19 12  1  0  0
72  0  70368 104417588 2396000 55559088    0    0     0 425080 185559 1132482 68 20 12  0  0  0
71  0  70368 104412216 2396000 55559108    0    0     0 428780 185235 1136379 67 20 12  1  0  0
70  0  70368 104411464 2396000 55559132    0    0     0 428292 184997 1142946 68 20 12  0  0  0
procs -----------memory---------- ---swap-- -----io---- -system-- -------cpu-------
 r  b   swpd   free   buff  cache   si   so    bi    bo   in   cs us sy id wa st gu
74  0  70368 104399224 2396000 55559160    0    0     0 429072 185210 1144034 68 20 12  0  0  0
71  1  70368 104402740 2396000 55559184    0    0     0 430172 185679 1148596 68 20 12  0  0  0
68  1  70368 104398900 2396000 55559208    0    0     0 429932 185284 1142547 68 20 12  0  0  0
66  0  70368 104385376 2396000 55559236    0    0     0 423316 186037 1143531 68 20 12  0  0  0
 2  0  70368 104410100 2396000 55559264    0    0     0 420228 185127 1128629 67 20 13  1  0  0
73  0  70368 104438264 2396000 55559280    0    0     0 428680 185331 1152669 67 19 13  1  0  0
65  0  70368 104434356 2396000 55559300    0    0     0 429084 184604 1150810 68 19 12  1  0  0
71  1  70368 104415504 2396000 55559320    0    0     0 420780 183324 1101668 65 19 15  1  0  0
73  0  70368 104394948 2396000 55559352    0    0     0 425316 184304 1131402 68 20 12  1  0  0
69  0  70368 104386892 2396000 55559372    0    0     0 427252 184208 1142933 68 20 12  0  0  0
70  0  70368 104400368 2396000 55559392    0    0     0 427768 184584 1140863 68 20 12  0  0  0
68  0  70368 104406820 2396000 55559416    0    0     0 417908 181450 1133749 68 20 12  0  0  0
69  0  70368 104395144 2396000 55559444    0    0     0 424292 184800 1138120 68 20 12  0  0  0
74  0  70368 104386832 2396000 55559468    0    0     0 426564 184183 1146862 68 20 12  0  0  0
70  0  70368 104406684 2396000 55559496    0    0     0 426324 184457 1144169 68 20 12  0  0  0
72  0  70368 104428584 2396000 55559512    0    0     0 432872 186091 1173556 69 19 12  0  0  0
75  1  70368 104422040 2396000 55559532    0    0     0 427664 185314 1141404 68 20 12  1  0  0
62  0  70368 104409428 2396000 55559560    0    0     0 425932 185053 1138726 68 20 12  1  0  0
79  0  70368 104409928 2396000 55559588    0    0     0 429936 185527 1141089 68 20 12  1  0  0
65  0  70368 104397120 2396000 55559616    0    0     0 425860 184718 1130532 67 19 13  1  0  0
69  0  70368 104405932 2396000 55559640    0    0     0 428736 184739 1133966 68 20 12  1  0  0
procs -----------memory---------- ---swap-- -----io---- -system-- -------cpu-------
 r  b   swpd   free   buff  cache   si   so    bi    bo   in   cs us sy id wa st gu
62  0  70368 104384176 2396000 55559664    0    0     0 428040 184302 1141499 68 20 12  0  0  0
74  0  70368 104382420 2396000 55559684    0    0     0 428320 185801 1139579 68 20 11  0  0  0
71  1  70368 104367504 2396004 55559704    0    0     0 428888 184258 1138798 68 20 12  1  0  0
68  1  70368 104405412 2396004 55559728    0    0     0 431020 185024 1157845 68 19 12  0  0  0
72  1  70368 104422068 2396004 55559744    0    0     0 433756 186377 1166320 69 19 12  0  0  0
72  0  70368 104401572 2396004 55559772    0    0     0 429632 184448 1143595 68 20 12  0  0  0
73  0  70368 104396512 2396004 55559792    0    0     0 426244 185265 1132944 68 20 12  0  0  0
72  0  70368 104393696 2396004 55559820    0    0     0 427744 185088 1136569 67 20 12  1  0  0
70  0  70368 104390508 2396004 55559848    0    0     0 428684 185843 1135426 68 20 12  1  0  0
72  1  70368 104391960 2396004 55559872    0    0     0 428260 183796 1127336 67 20 13  1  0  0
71  0  70368 104390296 2396004 55559896    0    0     0 429716 184959 1139999 67 20 12  1  0  0
67  1  70368 104397252 2396004 55559924    0    0     0 428468 185851 1125003 68 20 12  1  0  0
68  0  70368 104393368 2396004 55559948    0    0     0 405720 177203 1112487 68 20 12  1  0  0
71  0  70368 104430860 2396004 55559972    0    0     0 405472 177571 1114518 66 18 14  1  0  0
67  0  70368 104440816 2396004 55559980    0    0     0 403232 178896 1104371 67 18 14  1  0  0
72  0  70368 104420752 2396004 55560008    0    0     0 402920 176719 1103894 67 19 13  1  0  0
64  0  70368 104404420 2396004 55560036    0    0     0 405568 177751 1111029 67 20 13  1  0  0
73  0  70368 104406828 2396004 55560060    0    0     0 423060 182675 1122594 67 20 12  1  0  0
67  0  70368 104421112 2396004 55560088    0    0     0 425120 183086 1131457 67 20 12  1  0  0
78  0  70368 104411940 2396004 55560112    0    0     0 425100 183994 1125012 67 19 13  1  0  0
75  0  70368 104404124 2396004 55560136    0    0     0 426108 183101 1121939 68 20 12  1  0  0
procs -----------memory---------- ---swap-- -----io---- -system-- -------cpu-------
 r  b   swpd   free   buff  cache   si   so    bi    bo   in   cs us sy id wa st gu
63  1  70368 104403336 2396004 55560156    0    0     0 420172 184100 1111051 67 19 13  1  0  0
72  0  70368 104394064 2396004 55560180    0    0     0 426488 184388 1137895 68 20 12  1  0  0
80  1  70368 104436284 2396004 55560200    0    0     0 429144 184092 1157864 68 19 13  1  0  0
60  9  70368 104429012 2396004 55560228    0    0     0 441700 183605 1117477 67 19 14  1  0  0
74  3  70368 104422388 2396004 55560248    0    0     0 422508 182518 1138741 68 20 12  1  0  0
45  9  70368 104407064 2396004 55560272    0    0     0 433784 183946 1138004 68 20 12  1  0  0
42 21  70368 104405432 2396004 55560296    0    0     0 426296 182939 1138832 67 20 12  1  0  0
37 21  70368 104401332 2396004 55560324    0    0     0 428604 183117 1135801 68 20 12  0  0  0
22 23  70368 104390640 2396004 55560352    0    0     0 423564 183154 1138674 68 20 12  0  0  0
31 22  70368 104399784 2396004 55560436    0    0     0 429344 183673 1141758 68 20 12  1  0  0
11 19  70368 104399708 2396004 55560460    0    0     0 429836 183389 1145569 68 20 12  0  0  0
10 18  70368 104420664 2396004 55560484    0    0     0 431464 183799 1152358 68 19 12  0  0  0
10 12  70368 104437772 2396004 55560500    0    0     0 429168 183971 1150670 68 19 13  1  0  0
84  1  70368 104418172 2396004 55560528    0    0     0 431392 185045 1137617 68 19 12  1  0  0
29 17  70368 104400200 2396004 55560552    0    0     0 428772 183977 1141410 68 20 12  0  0  0
101  1  70368 104406660 2396004 55560572    0    0     0 430224 182991 1137714 67 19 13  1  0  0
87  0  70368 104388232 2396004 55560592    0    0     0 429740 184599 1133654 68 20 12  1  0  0
65  2  70368 104389212 2396004 55560620    0    0     0 432024 184819 1142439 68 20 12  1  0  0
86  3  70368 104402492 2396004 55560648    0    0     0 427872 184002 1124471 68 20 12  1  0  0
80  2  70368 104389140 2396004 55560668    0    0     0 431508 183618 1119682 67 20 13  1  0  0
78  0  70368 104379276 2396004 55560692    0    0     0 429804 183864 1127003 67 20 12  1  0  0
procs -----------memory---------- ---swap-- -----io---- -system-- -------cpu-------
 r  b   swpd   free   buff  cache   si   so    bi    bo   in   cs us sy id wa st gu
75  1  70368 104413012 2396004 55560716    0    0     0 432260 184061 1146819 68 19 12  1  0  0
81  1  70368 104439256 2396004 55560732    0    0     0 428328 184256 1146191 68 19 13  1  0  0
79  0  70368 104407760 2396004 55560764    0    0     0 429920 184416 1140393 68 20 12  1  0  0
81  4  70368 104404672 2396004 55560792    0    0     0 431880 183377 1139599 68 20 12  1  0  0
72  2  70368 104400856 2396004 55560812    0    0     0 425932 183072 1136698 68 20 12  1  0  0
79  4  70368 104387820 2396004 55560836    0    0     0 426428 183842 1143067 68 20 12  0  0  0
68  3  70368 104399340 2396004 55560856    0    0     0 426680 183709 1139951 68 20 12  1  0  0
79  2  70368 104392804 2396004 55560884    0    0     0 428972 182329 1142639 68 20 12  0  0  0
77  7  70368 104398628 2396004 55560904    0    0     0 429088 182627 1123443 67 20 12  1  0  0
81  0  70368 104395516 2396004 55560932    0    0     0 420960 183490 1133786 68 20 12  1  0  0
38 19  70368 104426752 2396004 55560952    0    0     0 445136 185580 1163084 68 19 13  1  0  0
72 17  70368 104421944 2396004 55560972    0    0     0 418744 184416 1144531 68 19 12  1  0  0
79  1  70368 104404348 2396004 55561000    0    0     0 424292 183824 1137583 68 20 12  1  0  0
16 21  70368 104403576 2396004 55561020    0    0     0 431988 183742 1137427 68 20 12  0  0  0
82  3  70368 104395404 2396004 55561048    0    0     0 423376 183089 1139630 68 20 12  1  0  0
87  2  70368 104386324 2396004 55561072    0    0     0 425552 183598 1140880 68 20 12  1  0  0
84  1  70368 104411004 2396004 55561100    0    0     0 425928 182827 1137547 67 20 12  1  0  0
73 13  70368 104392216 2396004 55561128    0    0     0 431016 183796 1134892 68 19 12  1  0  0
89  4  70368 104380304 2396004 55561144    0    0     0 427468 184415 1145139 68 20 12  0  0  0
77  2  70368 104383720 2396004 55561164    0    0     0 424948 183814 1144168 68 20 12  1  0  0
70 17  70368 104428512 2396004 55561180    0    0     0 439232 186091 1164758 69 18 12  1  0  0
procs -----------memory---------- ---swap-- -----io---- -system-- -------cpu-------
 r  b   swpd   free   buff  cache   si   so    bi    bo   in   cs us sy id wa st gu
80  3  70368 104416376 2396004 55561204    0    0     0 427168 183737 1141558 69 19 12  0  0  0
67  1  70368 104404768 2396004 55561232    0    0     0 413300 182456 1132321 68 20 12  1  0  0
76 10  70368 104411896 2396004 55561264    0    0     0 422452 181941 1122238 67 19 13  1  0  0
78  3  70368 104398276 2396004 55561288    0    0     0 429760 184314 1134211 68 20 12  1  0  0
81  1  70368 104388904 2396004 55561308    0    0     0 419408 183291 1129326 68 20 12  1  0  0
75  2  70368 104386324 2396004 55561336    0    0     0 429336 183482 1133697 68 20 12  1  0  0
83  3  70368 104385660 2396004 55561364    0    0     0 423596 183347 1137368 68 20 12  1  0  0
61 12  70368 104392300 2396004 55561384    0    0     0 427780 183601 1135838 68 20 12  0  0  0
65 16  70368 104410768 2396004 55561400    0    0     0 432284 184425 1150669 68 19 12  1  0  0
78 13  70368 104434344 2396004 55561416    0    0     0 428896 184963 1159650 69 19 12  1  0  0
78 19  70368 104417700 2396004 55561444    0    0     0 423816 183824 1134753 68 20 12  0  0  0
85  2  70368 104414556 2396004 55561468    0    0     0 419952 183148 1139355 68 20 12  0  0  0
58 19  70368 104399468 2396004 55561492    0    0     0 428856 183078 1130504 68 20 12  1  0  0
76  3  70368 104387176 2396004 55561524    0    0     0 423424 183305 1138399 68 20 12  1  0  0
39 10  70368 104407496 2396004 55561548    0    0     0 422756 183752 1129939 68 20 12  1  0  0
82  2  70368 104406128 2396004 55561572    0    0     0 424896 183592 1129848 68 20 12  1  0  0
75  3  70368 104387200 2396004 55561596    0    0     0 437032 185219 1144220 68 20 12  0  0  0
85  3  70368 104401924 2396004 55561628    0    0     0 431280 184050 1133798 68 20 12  1  0  0
48 16  70368 104416876 2396004 55561644    0    0     0 433584 186444 1169136 68 19 12  0  0  0
68  2  70368 104420156 2396004 55561664    0    0     0 427312 185461 1160741 68 19 12  0  0  0
49  6  70368 104405492 2396004 55561692    0    0     0 433196 185048 1142851 68 20 12  0  0  0
procs -----------memory---------- ---swap-- -----io---- -system-- -------cpu-------
 r  b   swpd   free   buff  cache   si   so    bi    bo   in   cs us sy id wa st gu
76  3  70368 104393752 2396004 55561708    0    0     0 428748 185018 1145758 68 20 11  0  0  0
70 17  70368 104390224 2396004 55561732    0    0     0 432892 184600 1146610 68 20 12  0  0  0
78  5  70368 104380368 2396004 55561756    0    0     0 426412 185113 1150853 68 20 12  0  0  0
79  2  70368 104397940 2396004 55561788    0    0     0 430884 184412 1142453 68 20 12  0  0  0
73 17  70368 104388804 2396004 55561808    0    0     0 428476 186568 1144477 68 20 12  0  0  0
71  3  70368 104362984 2396004 55561828    0    0     0 433448 193779 1142416 68 21 11  0  0  0
77 12  70368 104382932 2396004 55561932    0    0     0 432088 188364 1138357 67 20 12  0  0  0
66  8  70368 104404900 2396004 55561944    0    0     0 418896 185904 1151488 67 19 13  1  0  0
77  1  70368 104413404 2396008 55561964    0    0     0 440204 186936 1144466 68 20 12  0  0  0
90  1  70368 104403956 2396008 55561992    0    0     0 428884 185548 1133554 68 20 12  0  0  0
80  2  70368 104392636 2396008 55562008    0    0     0 424156 183765 1125947 68 20 12  0  0  0
63 16  70368 104393760 2396008 55562044    0    0     0 433568 185047 1130214 68 20 12  0  0  0
72 20  70368 104384284 2396008 55562056    0    0     0 435968 186112 1141580 68 20 12  0  0  0
81  1  70368 104386612 2396012 55562088    0    0     0 420044 184332 1139049 68 20 12  0  0  0
78  4  70368 104399044 2396012 55562112    0    0     0 431296 184810 1144557 68 20 12  0  0  0
58 19  70368 104389792 2396012 55562132    0    0     0 442884 185066 1143896 68 20 12  0  0  0
47 15  70368 104379424 2396012 55562164    0    0     0 425496 184467 1150620 68 20 12  0  0  0
77 15  70368 104410560 2396012 55562180    0    0     0 425548 185247 1161082 68 19 13  1  0  0
75 16  70368 104414984 2396012 55562200    0    0     0 418672 184913 1122112 68 19 12  1  0  0
86  1  70368 104400064 2396012 55562228    0    0     0 428656 185062 1142611 68 20 12  1  0  0
80  4  70368 104388996 2396012 55562252    0    0     0 437732 185566 1141922 68 20 12  0  0  0
procs -----------memory---------- ---swap-- -----io---- -system-- -------cpu-------
 r  b   swpd   free   buff  cache   si   so    bi    bo   in   cs us sy id wa st gu
80  7  70368 104387848 2396012 55562276    0    0     0 426648 184719 1136044 68 20 12  0  0  0
53 19  70368 104383120 2396012 55562300    0    0     0 441412 185348 1151345 68 20 11  0  0  0
55 20  70368 104385420 2396012 55562316    0    0     0 432788 185298 1144070 68 20 12  0  0  0
66 17  70368 104389180 2396012 55562340    0    0     0 424472 185130 1144918 68 20 12  0  0  0
70 18  70368 104387344 2396012 55562368    0    0     0 436528 184924 1141247 68 20 12  0  0  0
50 18  70368 104412568 2396012 55562392    0    0     0 435900 184872 1151474 67 19 13  1  0  0
86  2  70368 104424644 2396012 55562412    0    0     0 431952 185723 1162755 68 19 13  1  0  0
71  0  70368 104414748 2396012 55562436    0    0     0 416604 183711 1139609 68 20 12  1  0  0
85  0  70368 104419248 2396012 55562460    0    0     0 437772 185514 1133930 67 20 12  0  0  0
87  2  70368 104402080 2396012 55562488    0    0     0 425252 184698 1133669 68 20 12  0  0  0
84  2  70368 104392924 2396012 55562512    0    0     0 443052 185232 1143585 68 20 12  1  0  0
51 11  70368 104397012 2396012 55562540    0    0     0 422960 183931 1139076 68 20 12  0  0  0
83  1  70368 104390008 2396016 55562568    0    0     0 419220 184791 1125868 67 20 12  1  0  0
60 10  70368 104389380 2396016 55562592    0    0     0 434184 185125 1135266 68 20 12  1  0  0
72  1  70368 104380268 2396016 55562616    0    0     0 433032 184056 1139131 68 20 11  0  0  0
64 16  70368 104412164 2396016 55562636    0    0     0 433768 185529 1167677 68 19 12  0  0  0
74  3  70368 104423708 2396016 55562660    0    0     0 437916 187047 1162378 68 19 12  0  0  0
84  2  70368 104398232 2396016 55562684    0    0     0 428872 185126 1138832 68 20 12  0  0  0
84 17  70368 104387136 2396016 55562704    0    0     0 435296 185217 1144011 68 20 12  0  0  0
73  2  70368 104391016 2396016 55562724    0    0     0 429760 184334 1138351 68 20 12  1  0  0
70 18  70368 104405704 2396016 55562752    0    0     0 430568 184373 1134390 67 20 12  1  0  0
procs -----------memory---------- ---swap-- -----io---- -system-- -------cpu-------
 r  b   swpd   free   buff  cache   si   so    bi    bo   in   cs us sy id wa st gu
80  7  70368 104390248 2396016 55562776    0    0     0 430072 184824 1142459 68 20 11  0  0  0
64 13  70368 104396304 2396016 55562804    0    0     0 419616 184547 1136400 68 20 12  0  0  0
21 18  70368 104402120 2396016 55562828    0    0     0 432832 184756 1144145 68 20 12  0  0  0
83  3  70368 104398840 2396016 55562852    0    0     0 444000 185593 1141387 68 20 12  1  0  0
76 19  70368 104443708 2396016 55562860    0    0     0 430812 185457 1164513 68 19 13  1  0  0
83  1  70368 104421856 2396016 55562896    0    0     0 433668 186005 1157812 68 19 12  1  0  0
70  2  70368 104397512 2396016 55562912    0    0     0 431088 184401 1136189 68 20 12  0  0  0
78  4  70368 104395656 2396016 55562932    0    0     0 434532 184866 1140984 68 20 12  0  0  0
85  4  70368 104380724 2396016 55562956    0    0     0 437912 184417 1147023 68 20 12  0  0  0
78 16  70368 104387244 2396016 55562980    0    0     0 429648 183602 1147829 68 20 12  1  0  0
69 15  70368 104393820 2396016 55563008    0    0     0 426864 185503 1146881 68 20 12  0  0  0
70 17  70368 104392088 2396020 55563040    0    0     0 435864 184214 1143580 68 20 12  0  0  0
66  3  70368 104395092 2396020 55563064    0    0     0 433012 184510 1148800 68 20 12  0  0  0
75  2  70368 104399392 2396020 55563084    0    0     0 441256 186412 1148748 68 20 12  1  0  0
78  3  70368 104413728 2396020 55563100    0    0     0 438060 186634 1171523 69 19 12  0  0  0
66  2  70368 104413760 2396020 55563128    0    0     0 434204 185212 1148647 68 20 12  0  0  0
78  0  70368 104404080 2396020 55563148    0    0     0 427848 184554 1147271 68 20 12  0  0  0
85  1  70368 104403028 2396020 55563168    0    0     0 434964 184227 1145774 68 20 12  1  0  0
97  2  70368 104390060 2396020 55563192    0    0     0 421004 184114 1130006 68 20 12  1  0  0
53 18  70368 104404756 2396020 55563216    0    0     0 424188 185077 1137827 68 20 12  1  0  0
64 15  70368 104387096 2396020 55563248    0    0     0 448004 186649 1133243 67 20 12  1  0  0
procs -----------memory---------- ---swap-- -----io---- -system-- -------cpu-------
 r  b   swpd   free   buff  cache   si   so    bi    bo   in   cs us sy id wa st gu
83  2  70368 104392160 2396020 55563272    0    0     0 419196 185282 1122862 67 20 12  0  0  0
83  1  70368 104386584 2396020 55563296    0    0     0 431832 186113 1129910 67 20 12  0  0  0
75  2  70368 104393100 2396020 55563320    0    0     0 441596 184542 1150149 68 19 12  1  0  0
58 18  70368 104404640 2396020 55563400    0    0     0 432152 186988 1163939 68 19 12  0  0  0
76  1  70368 104377236 2396020 55563428    0    0     0 437596 184896 1137056 68 20 12  1  0  0
80  3  70368 104379116 2396020 55563456    0    0     0 427496 185177 1140000 68 20 12  0  0  0
63 15  70368 104387876 2396020 55563476    0    0     0 429816 184250 1138314 68 20 12  0  0  0
77  3  70368 104386180 2396020 55563492    0    0     0 433972 184188 1127122 67 20 12  1  0  0
75 11  70368 104384372 2396020 55563524    0    0     0 442100 185196 1141182 68 20 11  0  0  0
71  9  70368 104377440 2396020 55563556    0    0     0 440304 185223 1141551 68 20 11  0  0  0
75 17  70368 104388896 2396024 55563576    0    0     0 432364 184642 1136779 68 20 12  0  0  0
55  1  70368 104380348 2396024 55563596    0    0     0 422940 184715 1142993 68 20 12  0  0  0
79  2  70368 104408912 2396024 55563620    0    0     0 451200 186118 1173251 68 19 12  1  0  0
82  5  70368 104396892 2396024 55563636    0    0     0 427756 185640 1156120 68 19 12  0  0  0
46 19  70368 104398628 2396024 55563660    0    0     0 445600 184675 1140396 68 20 12  0  0  0
83  1  70368 104398448 2396024 55563688    0    0     0 421392 184814 1133235 68 20 12  0  0  0
53 21  70368 104399348 2396024 55563708    0    0     0 442340 184516 1141928 68 20 12  0  0  0
84  1  70368 104390820 2396024 55563744    0    0     0 422908 184929 1137912 68 20 11  0  0  0
84  1  70368 104393392 2396024 55563760    0    0     0 434080 185502 1130772 68 20 12  0  0  0
81  2  70368 104393668 2396024 55563788    0    0     0 435784 185746 1142068 68 20 12  0  0  0
39 15  70368 104376772 2396028 55563812    0    0     0 425120 184104 1136546 68 20 12  0  0  0
procs -----------memory---------- ---swap-- -----io---- -system-- -------cpu-------
 r  b   swpd   free   buff  cache   si   so    bi    bo   in   cs us sy id wa st gu
74 11  70368 104394500 2396028 55563836    0    0     0 430228 185280 1145654 68 20 12  1  0  0
67 17  70368 104421052 2396028 55563852    0    0     0 438680 186344 1160807 68 19 13  1  0  0
26 19  70368 104411252 2396028 55563876    0    0     0 414264 183317 1138010 68 19 12  1  0  0
71  3  70368 104399604 2396028 55563900    0    0     0 434096 183775 1138175 68 20 12  1  0  0
75  5  70368 104403592 2396028 55563928    0    0     0 447592 185471 1140474 68 20 12  1  0  0
51 19  70368 104387344 2396028 55563952    0    0     0 439992 185020 1146569 68 20 11  0  0  0
80  2  70368 104393824 2396028 55563980    0    0     0 422448 185867 1142720 68 20 12  0  0  0
84  1  70368 104392900 2396028 55564004    0    0     0 432280 184450 1145149 68 20 12  0  0  0
49 18  70368 104386312 2396028 55564020    0    0     0 430200 184218 1139784 68 20 12  0  0  0
75  0  70368 104374656 2396028 55564048    0    0     0 423368 184420 1135662 68 20 12  0  0  0
73  2  70368 104402680 2396028 55564068    0    0     0 435784 185754 1159548 68 20 12  0  0  0
65 18  70368 104423092 2396028 55564084    0    0     0 436816 185291 1158579 69 19 12  0  0  0
56  2  70368 104410532 2396028 55564108    0    0     0 408536 184029 1129052 68 20 12  1  0  0
73 17  70368 104400968 2396028 55564132    0    0     0 444600 185448 1138631 68 20 12  0  0  0
81  0  70368 104398908 2396028 55564160    0    0     0 433604 184144 1135566 67 20 12  0  0  0
71 17  70368 104386612 2396028 55564192    0    0     0 426540 185000 1144670 68 20 11  0  0  0
52 22  70368 104392816 2396028 55564212    0    0     0 434188 184218 1131272 68 20 12  0  0  0
68 18  70368 104385228 2396028 55564240    0    0     0 430628 184462 1141543 68 20 12  0  0  0
84  1  70368 104377416 2396028 55564264    0    0     0 426860 184837 1141863 68 20 12  0  0  0
61 19  70368 104377048 2396028 55564284    0    0     0 432960 184944 1148412 68 20 12  0  0  0
87  1  70368 104395856 2396028 55564432    0    0     0 428008 184818 1159152 68 19 12  0  0  0
procs -----------memory---------- ---swap-- -----io---- -system-- -------cpu-------
 r  b   swpd   free   buff  cache   si   so    bi    bo   in   cs us sy id wa st gu
73 17  70368 104421792 2396028 55564448    0    0     0 438200 185915 1156896 69 19 12  0  0  0
93  1  70368 104403140 2396028 55564476    0    0     0 425512 184945 1147362 68 20 12  0  0  0
61 18  70368 104397320 2396028 55564496    0    0     0 435808 184822 1138731 68 20 12  0  0  0
69 16  70368 104391856 2396028 55564524    0    0     0 425336 184040 1143718 68 20 12  0  0  0
88  2  70368 104389052 2396028 55564548    0    0     0 421472 184133 1142504 68 20 12  1  0  0
53 20  70368 104401680 2396028 55564576    0    0     0 435504 184723 1144864 68 20 12  0  0  0
87  2  70368 104389224 2396028 55564600    0    0     0 432688 184567 1144307 68 20 12  1  0  0
58 18  70368 104388304 2396028 55564628    0    0     0 406984 183000 1134447 68 19 12  1  0  0
84  3  70368 104389764 2396028 55564652    0    0     0 438556 185307 1139150 68 20 12  1  0  0
90  3  70368 104419620 2396028 55564672    0    0     0 447720 187627 1167569 68 19 13  0  0  0
77  5  70368 104421180 2396028 55564688    0    0     0 423752 184157 1133327 68 19 13  0  0  0
86  3  70368 104397868 2396028 55564708    0    0     0 447644 185587 1145740 68 20 12  0  0  0
67 18  70368 104398384 2396028 55564736    0    0     0 432956 185537 1144406 68 20 12  0  0  0
86  0  70368 104387640 2396028 55564760    0    0     0 423312 184616 1141326 68 20 12  0  0  0
85  5  70368 104377276 2396028 55564784    0    0     0 430708 184812 1140864 68 20 12  0  0  0
82 12  70368 104378992 2396028 55564812    0    0     0 424732 184262 1135748 68 20 12  0  0  0
78 16  70368 104369856 2396028 55564832    0    0     0 421712 184454 1142758 68 20 12  0  0  0
67 14  70368 104394248 2396028 55564860    0    0     0 410780 182994 1124146 68 19 12  1  0  0
42  5  70368 104384424 2396028 55564888    0    0     0 441248 185895 1140226 68 19 12  1  0  0
67  2  70368 104410072 2396028 55564904    0    0     0 449936 185981 1169215 69 19 12  0  0  0
78  2  70368 104397612 2396028 55564992    0    0     0 415340 184534 1141080 68 20 12  0  0  0
procs -----------memory---------- ---swap-- -----io---- -system-- -------cpu-------
 r  b   swpd   free   buff  cache   si   so    bi    bo   in   cs us sy id wa st gu
73  0  70368 104383824 2396028 55565036    0    0     0 436760 185045 1137784 68 20 11  0  0  0
84  2  70368 104378744 2396028 55565064    0    0     0 440444 184930 1146957 68 20 11  0  0  0
85  3  70368 104384372 2396028 55565080    0    0     0 426680 184855 1145027 68 20 12  0  0  0
74 18  70368 104397024 2396028 55565112    0    0     0 432008 184896 1131577 68 20 12  1  0  0
72 11  70368 104380992 2396028 55565144    0    0     0 435388 185113 1144884 68 20 11  0  0  0
66  5  70368 104382496 2396028 55565168    0    0     0 416564 183360 1143159 69 20 12  0  0  0
80  2  70368 104387600 2396028 55565188    0    0     0 435028 185275 1140793 68 20 12  0  0  0
35  3  70368 104402120 2396036 55565204    0    0     0 434560 185504 1140922 68 19 13  0  0  0
75  1  70368 104418548 2396036 55565228    0    0     0 416716 185892 1149790 67 19 14  1  0  0
40 20  70368 104393008 2396036 55565256    0    0     0 413812 183515 1124805 68 20 12  0  0  0
74  2  70368 104390992 2396036 55565284    0    0     0 436004 185683 1122770 67 20 13  1  0  0
71  5  70368 104409856 2396036 55565308    0    0     0 425228 182625 1118755 67 20 13  1  0  0
58 20  70368 104402220 2396036 55565328    0    0     0 422684 183958 1130915 68 20 12  1  0  0
68  1  70368 104383664 2396036 55565352    0    0     0 439132 184538 1135908 68 20 12  1  0  0
82  1  70368 104387316 2396036 55565376    0    0     0 442184 186203 1149228 68 20 12  0  0  0
76  4  70368 104392604 2396036 55565400    0    0     0 435324 183820 1137128 68 20 12  0  0  0
73  9  70368 104396404 2396036 55565420    0    0     0 431128 184392 1138535 68 20 12  0  0  0
85  1  70368 104408228 2396036 55565444    0    0     0 437300 185868 1165118 68 19 13  1  0  0
69  0  70368 104411772 2396036 55565456    0    0     0 435100 185538 1147755 68 19 12  0  0  0
74  0  70368 104396164 2396036 55565488    0    0     0 430444 185141 1143178 68 20 12  0  0  0
75  0  70368 104398152 2396036 55565516    0    0     0 422212 184792 1135792 68 20 11  0  0  0
