procs -----------memory---------- ---swap-- -----io---- -system-- -------cpu-------
 r  b   swpd   free   buff  cache   si   so    bi    bo   in   cs us sy id wa st gu
 5  0  70368 115280384 2399392 60179924    0    1 13037 16165 4122    2  2  0 98  0  0  0
 1  0  70368 115275372 2399392 60179992    0    0     0 320004 96139 60087  1  1 98  0  0  0
65  0  70368 115271068 2399392 60180036    0    0     0 320028 96986 73433 79  2 19  0  0  0
54  0  70368 115257504 2399392 60180092    0    0     0 320004 111462 65073 76  2 22  0  0  0
47 22  70368 115062788 2399392 60180108    0    0 624832 485800 252583 675041 47  8 39  6  0  0
42 33  70368 115015692 2399392 60180128    0    0 1469472 584624 284423 1194597 45 15 23 16  0  0
48 22  70368 114970868 2399392 60180172    0    0 1487472 601920 299217 1212877 45 16 23 16  0  0
42 28  70368 114991496 2399392 60180192    0    0 1350480 630320 256649 1106497 40 13 26 21  0  0
49 29  70368 114997476 2399392 60180204    0    0 1459936 728768 283895 1211910 43 14 25 19  0  0
46 26  70368 115005928 2399392 60180244    0    0 1456608 730952 281813 1220472 44 15 23 17  0  0
50 21  70368 115012368 2399392 60180272    0    0 1445280 744040 280243 1212556 44 15 23 18  0  0
39 39  70368 115013292 2399392 60180304    0    0 1436880 756940 280834 1209756 44 15 23 17  0  0
41 35  70368 114995340 2399392 60180328    0    0 1416416 761944 279834 1189066 45 16 23 17  0  0
51 20  70368 114990240 2399392 60180348    0    0 1401808 778752 278844 1190072 44 16 23 17  0  0
36 38  70368 115004028 2399392 60180368    0    0 1309104 748572 260617 1101883 41 14 25 20  0  0
38 31  70368 114997016 2399392 60180384    0    0 1348048 777952 273812 1147256 45 15 23 17  0  0
52 26  70368 115008656 2399392 60180420    0    0 1368592 805228 278045 1163978 45 16 22 17  0  0
48 26  70368 115008588 2399392 60180436    0    0 1373568 802884 276726 1170323 44 15 24 17  0  0
48 25  70368 114999464 2399392 60180460    0    0 1368208 816516 277294 1167339 45 15 23 17  0  0
46 27  70368 114985244 2399392 60180472    0    0 1361760 819468 277460 1165601 45 16 23 17  0  0
59 23  70368 114979228 2399392 60180516    0    0 1256464 754076 256124 1065501 40 14 25 21  0  0
procs -----------memory---------- ---swap-- -----io---- -system-- -------cpu-------
 r  b   swpd   free   buff  cache   si   so    bi    bo   in   cs us sy id wa st gu
39 35  70368 114985176 2399392 60180540    0    0 1354576 832420 278035 1163063 45 16 23 17  0  0
50 22  70368 114971248 2399392 60180560    0    0 1355168 851852 278218 1167456 45 16 22 17  0  0
49 22  70368 114988248 2399392 60180592    0    0 1342528 855104 276901 1159708 44 16 24 17  0  0
44 27  70368 114979584 2399392 60180608    0    0 1351984 856920 278227 1166707 45 16 23 17  0  0
47 29  70368 114964404 2399392 60180624    0    0 1349648 860948 277776 1161989 44 15 23 17  0  0
32 36  70368 114967936 2399392 60180660    0    0 1348112 855560 276824 1163284 44 15 23 18  0  0
47 25  70368 114987308 2399392 60180676    0    0 1262752 783712 255192 1066357 40 13 26 22  0  0
40 29  70368 114997752 2399392 60180708    0    0 1353328 860876 277996 1164965 44 16 23 17  0  0
52 29  70368 114995472 2399392 60180720    0    0 1358000 854280 276718 1163585 44 16 23 17  0  0
54 22  70368 114991796 2399392 60180744    0    0 1359616 859060 279162 1173659 45 16 23 17  0  0
47 24  70368 114980808 2399392 60180788    0    0 1297056 813728 264455 1107511 42 14 24 20  0  0
45 28  70368 114980992 2399392 60180804    0    0 1306432 820580 267845 1117607 42 14 24 19  0  0
45 28  70368 114963440 2399392 60180824    0    0 1358096 846144 277651 1164528 45 16 23 17  0  0
40 29  70368 114949840 2399392 60180860    0    0 1355600 849876 285807 1166665 45 16 22 17  0  0
52 24  70368 114958388 2399392 60180880    0    0 1352144 873156 278992 1171117 45 16 23 17  0  0
52 22  70368 114962628 2399392 60180900    0    0 1370272 873776 279367 1175675 44 14 24 18  0  0
38 23  70368 114976440 2399392 60180940    0    0 1345152 863292 276564 1160091 44 15 23 18  0  0
44 27  70368 114975120 2399392 60180952    0    0 1336000 858132 276170 1152657 44 15 23 18  0  0
53 21  70368 114963188 2399392 60180976    0    0 1266000 800240 257572 1077661 41 14 25 21  0  0
57 22  70368 114979028 2399392 60181000    0    0 1356272 864456 278550 1166508 44 16 23 17  0  0
49 27  70368 114942968 2399392 60181032    0    0 1355312 867624 279986 1171304 45 16 23 17  0  0
procs -----------memory---------- ---swap-- -----io---- -system-- -------cpu-------
 r  b   swpd   free   buff  cache   si   so    bi    bo   in   cs us sy id wa st gu
50 24  70368 114943544 2399392 60181044    0    0 1350704 855500 277806 1163520 44 16 23 17  0  0
42 29  70368 114955524 2399392 60181080    0    0 1252384 795652 257215 1066122 40 14 25 21  0  0
44 26  70368 114959588 2399392 60181092    0    0 1345280 866176 277771 1163266 44 15 23 17  0  0
34 40  70368 114956064 2399392 60181132    0    0 1356944 862592 278525 1168637 44 15 24 18  0  0
52 16  70368 114953872 2399396 60181144    0    0 1365632 870708 279418 1175010 44 15 23 18  0  0
54 19  70368 114952204 2399396 60181180    0    0 1357152 871456 279194 1172230 45 16 23 17  0  0
46 26  70368 114963124 2399396 60181280    0    0 1348896 857956 277815 1161858 44 16 23 17  0  0
44 27  70368 114949908 2399396 60181308    0    0 1341424 860936 276506 1157256 44 15 23 18  0  0
43 33  70368 114944332 2399396 60181324    0    0 1333664 858412 275323 1144468 43 15 24 17  0  0
35 44  70368 114956140 2399400 60181344    0    0 1295984 834748 265371 1109089 42 15 24 20  0  0
37 40  70368 114944164 2399400 60181384    0    0 1317248 843420 270047 1124188 43 15 24 19  0  0
38 34  70368 114958812 2399400 60181404    0    0 1344000 862244 275212 1154315 44 15 23 18  0  0
43 23  70368 114940080 2399400 60181428    0    0 1263744 804324 259386 1079935 40 14 25 21  0  0
55 20  70368 114948984 2399400 60181440    0    0 1349440 877220 275769 1164074 43 14 24 19  0  0
53 18  70368 114947556 2399400 60181476    0    0 1341536 864484 277126 1160314 44 16 23 17  0  0
54 31  70368 114954324 2399400 60181500    0    0 1351648 871996 277638 1163714 44 16 23 17  0  0
55 28  70368 114961124 2399400 60181520    0    0 1350544 873988 278171 1168354 44 15 23 17  0  0
53 20  70368 114952852 2399400 60181560    0    0 1355968 860364 307496 1169546 45 16 22 17  0  0
45 24  70368 114945088 2399400 60181568    0    0 1347424 868616 287930 1166025 44 16 23 17  0  0
37 37  70368 114933016 2399404 60181604    0    0 1327184 860504 281934 1146711 44 15 23 18  0  0
48 27  70368 114931848 2399404 60181632    0    0 1342400 861688 286283 1160775 44 15 23 17  0  0
procs -----------memory---------- ---swap-- -----io---- -system-- -------cpu-------
 r  b   swpd   free   buff  cache   si   so    bi    bo   in   cs us sy id wa st gu
44 28  70368 114908240 2399404 60181656    0    0 1323232 853044 287194 1139604 43 15 23 18  0  0
37 30  70368 114923100 2399404 60181672    0    0 1287536 823356 274605 1101106 41 13 25 21  0  0
43 27  70368 114933748 2399404 60181684    0    0 1254752 800332 266350 1069977 40 13 25 22  0  0
56 18  70368 114918708 2399408 60181716    0    0 1343104 876116 285856 1156994 44 15 23 18  0  0
50 21  70368 114928344 2399408 60181760    0    0 1351024 868696 287136 1167528 44 16 23 17  0  0
54 20  70368 114928596 2399408 60181776    0    0 1338816 862144 287253 1160544 44 16 23 17  0  0
41 35  70368 114927060 2399408 60181812    0    0 1343952 864908 288771 1158458 44 16 23 17  0  0
45 24  70368 114909300 2399408 60181832    0    0 1349872 859980 289484 1165309 44 16 23 17  0  0
51 35  70368 114921412 2399408 60181848    0    0 1345920 860124 287372 1163736 44 16 23 17  0  0
51 21  70368 114926764 2399408 60181880    0    0 1337888 855308 285971 1148716 43 15 23 18  0  0
38 36  70368 114917696 2399408 60181892    0    0 1353968 871240 287988 1166548 45 15 23 17  0  0
44 27  70368 114931828 2399408 60181920    0    0 1356240 864768 288898 1167431 44 14 24 18  0  0
52 20  70368 114922788 2399408 60181932    0    0 1352240 871216 289405 1168775 45 16 22 17  0  0
35 33  70368 114911084 2399412 60181964    0    0 1203552 756604 251818 1012588 38 13 26 23  0  0
33 39  70368 114912244 2399412 60181988    0    0 1308048 840928 279748 1124167 42 15 24 19  0  0
45 32  70368 114922784 2399412 60182016    0    0 1349984 869212 288585 1164541 44 15 23 17  0  0
56 20  70368 114910456 2399412 60182040    0    0 1348560 867544 287616 1167491 45 15 23 17  0  0
52 19  70368 114904124 2399412 60182072    0    0 1333712 862268 287783 1154725 44 16 23 17  0  0
52 27  70368 114899224 2399412 60182096    0    0 1334608 864092 287163 1152910 44 16 23 18  0  0
37 29  70368 114894888 2399412 60182128    0    0 1344016 862496 287593 1163091 44 16 23 17  0  0
43 30  70368 114911224 2399412 60182156    0    0 1341952 864196 283917 1147651 43 14 24 19  0  0
procs -----------memory---------- ---swap-- -----io---- -system-- -------cpu-------
 r  b   swpd   free   buff  cache   si   so    bi    bo   in   cs us sy id wa st gu
45 25  70368 114926768 2399412 60182160    0    0 1342128 864380 291915 1161013 44 15 23 17  0  0
47 30  70368 114923476 2399412 60182196    0    0 1343760 878564 281606 1167068 44 16 23 18  0  0
46 27  70368 114913112 2399412 60182220    0    0 1351088 871844 278257 1167924 44 16 23 17  0  0
42 38  70368 114911432 2399412 60182232    0    0 1266800 814308 259806 1082875 41 14 25 20  0  0
49 22  70368 114910708 2399412 60182256    0    0 1249328 796604 256958 1065148 40 14 25 21  0  0
40 29  70368 114906528 2399412 60182292    0    0 1349600 872092 278199 1161163 45 15 23 17  0  0
44 27  70368 114902868 2399412 60182324    0    0 1355744 881020 280308 1172535 45 16 22 17  0  0
44 30  70368 114900324 2399416 60182340    0    0 1351120 877808 278470 1165074 44 16 23 17  0  0
36 30  70368 114911284 2399416 60182356    0    0 1356960 871108 278189 1167888 44 15 23 18  0  0
51 25  70368 114923800 2399416 60182388    0    0 1333184 872412 274062 1144346 43 14 24 19  0  0
49 24  70368 114916220 2399416 60182412    0    0 1344224 870472 277231 1162647 44 16 23 18  0  0
35 43  70368 114901216 2399416 60182432    0    0 1346400 866048 277537 1156644 44 15 23 17  0  0
34 37  70368 114893784 2399420 60182456    0    0 1350832 868516 278831 1164459 44 16 23 17  0  0
37 32  70368 114893344 2399420 60182484    0    0 1352656 877468 279371 1167115 44 16 23 17  0  0
41 29  70368 114904844 2399420 60182532    0    0 1256304 806048 256387 1067172 40 14 25 21  0  0
49 20  70368 114895588 2399420 60182548    0    0 1345024 862600 277354 1160304 44 16 23 18  0  0
32 36  70368 114916496 2399420 60182576    0    0 1265856 800088 258094 1073027 41 14 25 21  0  0
52 19  70368 114910044 2399420 60182604    0    0 1355040 863308 278849 1167361 44 16 23 17  0  0
44 22  70368 114903512 2399420 60182620    0    0 1364688 878620 279410 1175471 44 14 24 18  0  0
46 28  70368 114893068 2399420 60182652    0    0 1353040 873992 279177 1166475 44 16 23 17  0  0
44 27  70368 114884748 2399420 60182668    0    0 1336688 856788 276363 1155459 44 15 23 17  0  0
procs -----------memory---------- ---swap-- -----io---- -system-- -------cpu-------
 r  b   swpd   free   buff  cache   si   so    bi    bo   in   cs us sy id wa st gu
47 27  70368 114892912 2399420 60182700    0    0 1321872 854356 274409 1141702 43 15 24 18  0  0
54 28  70368 114896548 2399420 60182716    0    0 1335616 863136 276282 1152382 44 15 24 17  0  0
43 43  70368 114906816 2399420 60182736    0    0 1339632 869396 277229 1158832 44 15 24 17  0  0
46 24  70368 114911004 2399420 60182832    0    0 1344528 874004 278545 1169062 44 15 23 17  0  0
49 21  70368 114897708 2399420 60182860    0    0 1294496 829048 264308 1107636 42 14 24 19  0  0
43 26  70368 114887832 2399420 60182880    0    0 1294992 836244 267467 1110550 42 15 24 19  0  0
47 21  70368 114898748 2399420 60182904    0    0 1350800 878716 276755 1164007 44 14 24 18  0  0
43 32  70368 114903884 2399420 60182932    0    0 1267760 808720 257265 1076246 40 13 25 21  0  0
41 36  70368 114897872 2399420 60182948    0    0 1353648 874468 278316 1164624 44 15 23 18  0  0
51 22  70368 114897220 2399420 60182976    0    0 1350496 871400 279023 1169679 44 16 23 17  0  0
34 48  70368 114907048 2399420 60183008    0    0 1337648 872400 277161 1157229 44 15 23 18  0  0
54 19  70368 114897888 2399424 60183032    0    0 1330864 857788 277244 1152341 44 16 23 18  0  0
43 32  70368 114902000 2399424 60183064    0    0 1339808 861308 277340 1155406 44 15 23 18  0  0
49 22  70368 114879388 2399424 60183084    0    0 1345120 873172 278636 1165284 44 16 23 17  0  0
34 46  70368 114898292 2399424 60183120    0    0 1356064 873388 279071 1171260 44 16 23 17  0  0
36 33  70368 114897608 2399424 60183132    0    0 1282416 825092 261832 1095143 41 14 25 20  0  0
46 27  70368 114900364 2399424 60183148    0    0 1323968 856724 270762 1134246 42 14 24 20  0  0
60 18  70368 114891152 2399424 60183176    0    0 1348192 868368 277445 1160217 44 16 23 17  0  0
48 34  70368 114891204 2399424 60183192    0    0 1352848 867576 277633 1161765 44 16 23 17  0  0
46 23  70368 114897044 2399424 60183224    0    0 1278640 817208 260927 1087431 41 14 24 20  0  0
43 26  70368 114901276 2399424 60183256    0    0 1339168 867608 275659 1152549 44 15 23 18  0  0
procs -----------memory---------- ---swap-- -----io---- -system-- -------cpu-------
 r  b   swpd   free   buff  cache   si   so    bi    bo   in   cs us sy id wa st gu
47 26  70368 114901816 2399424 60183272    0    0 1350992 877200 278996 1172026 44 16 23 17  0  0
53 24  70368 114896420 2399424 60183300    0    0 1341376 852904 275463 1152720 44 15 23 18  0  0
48 24  70368 114889988 2399424 60183328    0    0 1334624 865448 275457 1152096 44 15 23 18  0  0
52 19  70368 114890056 2399424 60183356    0    0 1335280 876212 275989 1151066 43 15 23 18  0  0
53 19  70368 114892264 2399424 60183384    0    0 1356544 873016 276963 1169102 44 14 24 18  0  0
31 41  70368 114908376 2399424 60183396    0    0 1310976 848248 268452 1126556 43 14 24 19  0  0
50 21  70368 114908572 2399424 60183424    0    0 1271456 814688 263930 1092910 41 14 25 20  0  0
33 54  70368 114901888 2399424 60183452    0    0 1346752 870360 276186 1157549 44 16 23 17  0  0
51 28  70368 114883616 2399424 60183476    0    0 1344560 866964 276641 1162886 44 16 23 17  0  0
51 24  70368 114894904 2399424 60183504    0    0 1346400 867932 277070 1164921 44 16 23 17  0  0
41 38  70368 114903228 2399424 60183528    0    0 1292464 829264 265001 1107471 42 14 24 19  0  0
54 20  70368 114903396 2399424 60183552    0    0 1307744 840308 270376 1127259 43 15 24 19  0  0
58 18  70368 114877924 2399424 60183576    0    0 1341120 872608 275932 1156924 44 15 23 18  0  0
42 29  70368 114881340 2399424 60183604    0    0 1337536 861756 274395 1151329 43 15 24 18  0  0
63 16  70368 114884996 2399424 60183620    0    0 1354288 868720 275991 1163902 43 14 24 18  0  0
45 25  70368 114880488 2399424 60183648    0    0 1342080 865864 276126 1158228 43 16 23 18  0  0
44 30  70368 114894816 2399424 60183672    0    0 1348704 874316 277293 1164955 44 16 23 17  0  0
48 31  70368 114902764 2399424 60183700    0    0 1249184 806876 255112 1059251 40 14 25 22  0  0
59 13  70368 114889072 2399424 60183728    0    0 1350240 866156 278432 1164947 45 16 22 17  0  0
54 18  70368 114860384 2399424 60183752    0    0 1355664 878028 278723 1167695 45 16 22 17  0  0
55 23  70368 114855136 2399424 60183792    0    0 1348896 875808 282129 1166343 44 16 23 17  0  0
procs -----------memory---------- ---swap-- -----io---- -system-- -------cpu-------
 r  b   swpd   free   buff  cache   si   so    bi    bo   in   cs us sy id wa st gu
48 21  70368 114882964 2399424 60183808    0    0 1342560 879940 278605 1166809 44 16 23 17  0  0
39 35  70368 114889892 2399424 60183836    0    0 1266016 809904 258517 1081821 41 14 25 21  0  0
53 24  70368 114900984 2399424 60183860    0    0 1355392 871772 277688 1167005 43 14 24 19  0  0
47 30  70368 114887440 2399424 60183880    0    0 1335616 864688 275843 1149909 44 15 23 18  0  0
53 18  70368 114871344 2399424 60183904    0    0 1343360 866796 276371 1159280 44 15 23 17  0  0
54 18  70368 114862644 2399424 60183928    0    0 1341840 871108 278335 1160273 44 16 23 17  0  0
35 35  70368 114858772 2399424 60183952    0    0 1332144 856684 275132 1150644 44 15 23 18  0  0
59 19  70368 114877492 2399424 60183988    0    0 1267936 811072 260697 1082498 40 14 25 21  0  0
54 20  70368 114871784 2399424 60184012    0    0 1338464 863556 278198 1158098 44 16 23 17  0  0
54 22  70368 114864852 2399424 60184036    0    0 1346320 871588 279721 1169377 44 16 23 17  0  0
57 22  70368 114859900 2399424 60184060    0    0 1357472 875152 279297 1166947 44 16 23 17  0  0
59 24  70368 114872584 2399424 60184084    0    0 1354048 881784 278207 1168543 44 15 24 18  0  0
45 44  70368 114883568 2399424 60184108    0    0 1346224 886388 276894 1159336 44 14 24 18  0  0
32 47  70368 114876372 2399424 60184124    0    0 1270160 821568 262282 1088920 41 14 25 20  0  0
15 74  70368 114895200 2399424 60184152    0    0 1310592 850992 271441 1127727 42 15 24 19  0  0
27 52  70368 114876084 2399424 60184188    0    0 1350064 865268 291158 1162654 44 16 23 17  0  0
34 60  70368 114851212 2399424 60184212    0    0 1341968 870852 291623 1157519 44 16 23 17  0  0
33 47  70368 114837240 2399424 60184240    0    0 1339440 875448 277786 1163513 45 16 22 17  0  0
22 53  70368 114822060 2399424 60184268    0    0 1246432 802688 256004 1063053 40 14 25 21  0  0
31 44  70368 114852736 2399424 60184292    0    0 1341632 867328 276912 1162497 44 16 23 17  0  0
25 43  70368 114845948 2399424 60184332    0    0 1350816 874400 278485 1165277 45 15 23 17  0  0
procs -----------memory---------- ---swap-- -----io---- -system-- -------cpu-------
 r  b   swpd   free   buff  cache   si   so    bi    bo   in   cs us sy id wa st gu
28 38  70368 114862220 2399424 60184432    0    0 1358272 877796 276970 1171235 44 14 24 18  0  0
27 32  70368 114862704 2399424 60184460    0    0 1351840 877164 279464 1166048 44 15 23 17  0  0
64 29  70368 114863212 2399424 60184488    0    0 1345536 875288 279017 1165453 44 15 23 17  0  0
23 46  70368 114867200 2399424 60184516    0    0 1338960 868412 276624 1156199 44 15 23 18  0  0
27 64  70368 114854788 2399424 60184532    0    0 1290448 825932 266167 1109198 42 15 24 19  0  0
49 26  70368 114838644 2399424 60184556    0    0 1307312 844788 269926 1125006 43 15 23 19  0  0
41 38  70368 114840740 2399424 60184584    0    0 1352080 884352 279485 1172451 44 16 23 17  0  0
30 45  70368 114862024 2399424 60184604    0    0 1353792 865156 279177 1168048 45 16 23 17  0  0
34 49  70368 114873760 2399424 60184636    0    0 1256336 799484 255950 1065883 40 14 25 21  0  0
39 42  70368 114867740 2399424 60184652    0    0 1341664 875704 276344 1160234 43 14 24 19  0  0
40 38  70368 114882596 2399424 60184676    0    0 1345776 868640 276799 1159497 44 15 23 18  0  0
36 34  70368 114874020 2399424 60184708    0    0 1346112 871832 294601 1162188 44 16 23 17  0  0
39 36  70368 114849676 2399424 60184728    0    0 1343728 875020 279242 1165584 44 16 23 17  0  0
35 36  70368 114840540 2399424 60184756    0    0 1356048 868340 278859 1165583 44 16 23 17  0  0
34 36  70368 114841416 2399424 60184784    0    0 1340320 866332 276928 1154816 44 16 23 18  0  0
37 35  70368 114856940 2399424 60184808    0    0 1333792 860320 275839 1152098 43 16 23 18  0  0
36 36  70368 114863644 2399424 60184836    0    0 1276944 817344 261574 1093779 41 15 25 20  0  0
31 31  70368 114873372 2399424 60184868    0    0 1325168 861056 275210 1145176 43 15 24 18  0  0
30 39  70368 114847028 2399424 60184892    0    0 1354912 872620 278697 1170822 44 15 23 17  0  0
41 26  70368 114855000 2399424 60184904    0    0 1266608 799424 255851 1074256 40 12 26 22  0  0
33 42  70368 114847516 2399424 60184932    0    0 1335632 878516 276955 1160863 44 16 24 17  0  0
procs -----------memory---------- ---swap-- -----io---- -system-- -------cpu-------
 r  b   swpd   free   buff  cache   si   so    bi    bo   in   cs us sy id wa st gu
31 16  70368 114847736 2399424 60184956    0    0 1337296 854124 274476 1150637 44 15 23 18  0  0
26 34  70368 114852048 2399424 60184984    0    0 1336032 868772 275193 1155092 44 15 24 17  0  0
35 41  70368 114850420 2399424 60185012    0    0 1346336 875740 277726 1163898 44 16 23 17  0  0
44 35  70368 114847852 2399424 60185032    0    0 1349392 875096 277335 1163829 44 16 23 17  0  0
34 47  70368 114862412 2399424 60185060    0    0 1348800 856892 277817 1166019 44 15 23 17  0  0
36 33  70368 114862856 2399424 60185092    0    0 1337584 869596 276266 1157392 44 15 23 18  0  0
27 46  70368 114855068 2399424 60185124    0    0 1345184 874012 277193 1160196 44 16 23 18  0  0
32 54  70368 114837068 2399424 60185148    0    0 1296848 829396 311560 1105065 41 13 26 20  0  0
18 48  70368 114859192 2399424 60185168    0    0 1303424 846128 268760 1117371 42 15 24 19  0  0
43 32  70368 114829168 2399424 60185192    0    0 1286768 817768 263087 1098915 41 15 24 20  0  0
42 32  70368 114833768 2399424 60185216    0    0 1304896 856240 269853 1117173 42 15 24 19  0  0
30 57  70368 114845848 2399424 60185236    0    0 1339872 872008 275226 1148627 44 16 23 18  0  0
24 60  70368 114835872 2399424 60185260    0    0 1345328 862596 277605 1159456 44 16 23 17  0  0
48 31  70368 114827488 2399424 60185284    0    0 1342032 868204 276705 1156885 44 16 23 17  0  0
25 57  70368 114817780 2399424 60185316    0    0 1341328 877848 277198 1161124 44 16 23 17  0  0
39 40  70368 114841188 2399424 60185344    0    0 1343600 874852 279276 1157989 44 15 23 18  0  0
18 42  70368 114849524 2399424 60185364    0    0 1335936 863872 275336 1149098 43 15 24 18  0  0
40 24  70368 114868320 2399424 60185384    0    0 1355264 871300 278512 1172041 44 14 24 18  0  0
53 32  70368 114841020 2399424 60185408    0    0 1348320 873936 277474 1161812 44 15 23 18  0  0
30 42  70368 114855488 2399424 60185436    0    0 1270352 814360 260953 1087444 41 14 25 20  0  0
23 52  70368 114866968 2399424 60185456    0    0 1259712 807772 258879 1072508 40 14 25 21  0  0
procs -----------memory---------- ---swap-- -----io---- -system-- -------cpu-------
 r  b   swpd   free   buff  cache   si   so    bi    bo   in   cs us sy id wa st gu
27 41  70368 114865756 2399424 60185496    0    0 1321776 859872 273714 1138181 43 15 24 18  0  0
35 36  70368 114843560 2399424 60185516    0    0 1346192 880200 277728 1161327 44 15 23 18  0  0
39 46  70368 114851852 2399424 60185532    0    0 1344096 873848 279156 1164284 44 16 23 17  0  0
20 27  70368 114851940 2399424 60185564    0    0 1324592 868348 295271 1143782 43 16 24 17  0  0
38 36  70368 114823984 2399424 60185592    0    0 1339824 868600 299748 1154908 43 16 24 17  0  0
35 27  70368 114811716 2399424 60185608    0    0 1345440 865792 275173 1153163 43 14 24 19  0  0
21 26  70368 114833636 2399424 60185632    0    0 1333248 866816 275447 1148199 44 15 23 18  0  0
23 49  70368 114833620 2399424 60185664    0    0 1334560 871796 276293 1157138 44 16 23 17  0  0
23 46  70368 114816524 2399424 60185692    0    0 1344128 863880 278089 1161387 44 16 23 17  0  0
51 35  70368 114821588 2399424 60185708    0    0 1343952 873608 278121 1164608 44 16 23 17  0  0
21 54  70368 114850076 2399424 60185732    0    0 1231648 770636 251258 1045868 40 13 25 22  0  0
45 31  70368 114840240 2399424 60185776    0    0 1284848 842508 265211 1102013 41 15 24 20  0  0
43 37  70368 114838092 2399424 60185788    0    0 1343456 877072 278528 1162622 44 16 22 17  0  0
42 43  70368 114813528 2399424 60185812    0    0 1350320 876096 278627 1167272 44 16 23 17  0  0
25 42  70368 114846944 2399424 60185840    0    0 1351616 882516 277849 1168447 44 14 24 18  0  0
36 45  70368 114878772 2399424 60185856    0    0 1345568 872072 276186 1159304 43 15 24 18  0  0
36 46  70368 114842656 2399424 60185880    0    0 1335248 872296 276862 1154550 44 16 23 18  0  0
28 48  70368 114846212 2399424 60185972    0    0 1341856 866824 276695 1155913 44 15 23 18  0  0
36 37  70368 114849532 2399424 60186000    0    0 1341200 882748 277312 1157437 44 15 23 18  0  0
21 65  70368 114831172 2399424 60186024    0    0 1357648 877112 279083 1167464 44 16 23 17  0  0
32 48  70368 114839036 2399424 60186048    0    0 1347888 870292 277724 1161509 44 16 23 17  0  0
procs -----------memory---------- ---swap-- -----io---- -system-- -------cpu-------
 r  b   swpd   free   buff  cache   si   so    bi    bo   in   cs us sy id wa st gu
20 54  70368 114867096 2399424 60186076    0    0 1286048 825112 262417 1093403 41 14 24 20  0  0
17 59  70368 114862736 2399424 60186108    0    0 1224160 792148 251067 1039517 39 13 25 22  0  0
28 51  70368 114871416 2399424 60186132    0    0 1330720 882712 276492 1152070 43 15 24 18  0  0
42 41  70368 114876980 2399424 60186152    0    0 1366256 882072 279014 1176761 44 14 24 18  0  0
32 51  70368 114878012 2399424 60186172    0    0 1352784 869728 279439 1165417 44 16 23 17  0  0
39 38  70368 114878716 2399424 60186196    0    0 1348672 872964 279336 1166719 44 16 23 17  0  0
25 31  70368 114859116 2399424 60186216    0    0 1325824 882036 275030 1148488 43 15 23 18  0  0
21 47  70368 114865888 2399424 60186252    0    0 1333456 846484 274367 1148424 44 15 24 18  0  0
37 46  70368 114855812 2399424 60186272    0    0 1334976 869916 276396 1154551 44 15 23 18  0  0
34 55  70368 114857860 2399424 60186300    0    0 1333520 879636 276333 1150374 43 15 24 18  0  0
29 52  70368 114851240 2399424 60186324    0    0 1348976 873984 279130 1169267 44 16 23 17  0  0
39 43  70368 114864928 2399424 60186352    0    0 1321536 832860 270703 1132141 43 15 24 19  0  0
40 44  70368 114868512 2399424 60186376    0    0 1280224 845484 263677 1097108 40 13 26 21  0  0
30 57  70368 114874656 2399424 60186388    0    0 1297568 822424 265680 1108093 42 14 24 20  0  0
30 43  70368 114873788 2399424 60186420    0    0 1320464 860740 272541 1135836 43 15 23 19  0  0
37 49  70368 114865352 2399424 60186448    0    0 1351984 873512 279957 1168698 44 16 23 17  0  0
37 54  70368 114848484 2399424 60186472    0    0 1351568 876132 279542 1164230 45 16 23 17  0  0
38 47  70368 114863268 2399424 60186496    0    0 1342976 852916 277301 1156241 44 15 23 18  0  0
17 39  70368 114851704 2399424 60186524    0    0 1319728 869676 290841 1146051 43 15 23 18  0  0
37 41  70368 114829188 2399424 60186544    0    0 1335568 867276 277933 1154480 44 16 23 17  0  0
32 53  70368 114823164 2399424 60186568    0    0 1345648 880628 279671 1166214 44 16 23 17  0  0
procs -----------memory---------- ---swap-- -----io---- -system-- -------cpu-------
 r  b   swpd   free   buff  cache   si   so    bi    bo   in   cs us sy id wa st gu
20 53  70368 114821364 2399424 60186596    0    0 1358000 878784 279566 1169226 44 15 23 17  0  0
24 57  70368 114815984 2399424 60186616    0    0 1357648 864732 277539 1165410 44 14 24 18  0  0
29 40  70368 114840180 2399424 60186644    0    0 1248512 811072 256908 1065555 39 14 25 22  0  0
48 33  70368 114851600 2399424 60186664    0    0 1347152 875444 278691 1161914 44 16 23 18  0  0
40 39  70368 114829288 2399424 60186696    0    0 1316048 839848 272153 1131486 43 15 23 19  0  0
44 33  70368 114844640 2399424 60186728    0    0 1300880 858596 267924 1113345 42 15 24 20  0  0
39 43  70368 114849140 2399424 60186756    0    0 1353104 878196 279489 1170621 45 16 23 17  0  0
43 38  70368 114837920 2399424 60186780    0    0 1353200 867156 279071 1163061 45 16 23 17  0  0
22 48  70368 114857436 2399424 60186804    0    0 1334432 864096 276938 1149032 44 15 23 18  0  0
45 33  70368 114850208 2399424 60186836    0    0 1324640 861920 275338 1147046 43 15 23 18  0  0
34 26  70368 114855812 2399424 60186844    0    0 1351488 886208 277133 1164216 43 14 24 19  0  0
30 39  70368 114866584 2399424 60186872    0    0 1351024 879776 280255 1169563 44 15 23 17  0  0
27 38  70368 114862192 2399424 60186896    0    0 1348128 893760 280258 1170171 44 15 23 17  0  0
43 28  70368 114868944 2399428 60186916    0    0 1255808 790396 257276 1072988 40 14 25 21  0  0
35 43  70368 114838356 2399428 60186940    0    0 1330304 858480 335907 1145921 44 16 23 17  0  0
35 37  70368 114799692 2399428 60186964    0    0 1318640 879536 279479 1141321 43 16 24 17  0  0
32 50  70368 114808664 2399428 60186992    0    0 1270768 793024 309554 1085986 41 15 25 19  0  0
44 29  70368 114792764 2399428 60187016    0    0 1323792 871696 274577 1141326 43 16 23 18  0  0
47 44  70368 114815864 2399428 60187040    0    0 1352336 867528 279071 1163986 44 16 22 17  0  0
35 38  70368 114793860 2399428 60187072    0    0 1351616 862336 277369 1160299 44 15 23 18  0  0
23 37  70368 114820660 2399428 60187096    0    0 1327744 882192 274738 1149994 43 14 24 19  0  0
procs -----------memory---------- ---swap-- -----io---- -system-- -------cpu-------
 r  b   swpd   free   buff  cache   si   so    bi    bo   in   cs us sy id wa st gu
27 35  70368 114844744 2399428 60187124    0    0 1331440 852900 276338 1154736 44 16 23 17  0  0
37 43  70368 114818884 2399428 60187148    0    0 1342544 873052 277866 1159267 44 16 23 17  0  0
42 46  70368 114801128 2399428 60187164    0    0 1353168 868012 278465 1164553 44 16 23 17  0  0
21 48  70368 114806112 2399428 60187192    0    0 1279616 816972 263894 1095547 41 14 25 20  0  0
42 40  70368 114819340 2399428 60187224    0    0 1312768 850632 271006 1129237 43 15 23 19  0  0
45 44  70368 114822236 2399428 60187248    0    0 1344048 889492 278541 1162049 44 16 23 17  0  0
40 48  70368 114843800 2399428 60187268    0    0 1340432 869172 277984 1163436 44 16 23 17  0  0
38 39  70368 114848332 2399428 60187296    0    0 1272064 813704 259882 1082868 41 14 25 21  0  0
40 39  70368 114851404 2399428 60187308    0    0 1360096 891672 278599 1170386 43 14 24 19  0  0
36 50  70368 114855084 2399428 60187336    0    0 1343760 879972 276917 1161350 44 15 23 18  0  0
38 43  70368 114841616 2399428 60187364    0    0 1345392 858296 276655 1152260 44 15 23 18  0  0
43 43  70368 114839672 2399428 60187380    0    0 1340288 880212 278280 1158874 44 16 23 18  0  0
32 34  70368 114850648 2399428 60187416    0    0 1335296 860748 281962 1151839 44 16 23 17  0  0
37 52  70368 114852816 2399428 60187440    0    0 1340512 884668 277748 1160282 44 16 23 17  0  0
32 32  70368 114852316 2399428 60187468    0    0 1269840 789448 259512 1078686 41 14 25 21  0  0
45 39  70368 114845768 2399428 60187556    0    0 1328000 891664 275467 1145347 43 15 23 18  0  0
27 51  70368 114831012 2399428 60187584    0    0 1353904 875088 278471 1165689 44 16 23 17  0  0
23 58  70368 114846676 2399428 60187612    0    0 1350224 882232 277843 1167494 44 15 24 18  0  0
49 37  70368 114868364 2399428 60187624    0    0 1353440 878168 277268 1166033 44 15 23 18  0  0
25 30  70368 114860572 2399428 60187652    0    0 1268256 794396 258582 1077700 41 14 25 20  0  0
23 47  70368 114856692 2399428 60187680    0    0 1330912 881620 275969 1145709 43 15 24 18  0  0
procs -----------memory---------- ---swap-- -----io---- -system-- -------cpu-------
 r  b   swpd   free   buff  cache   si   so    bi    bo   in   cs us sy id wa st gu
44 41  70368 114838224 2399428 60187708    0    0 1346720 853952 277000 1159805 44 15 23 17  0  0
39 48  70368 114815508 2399428 60187740    0    0 1338336 886924 276029 1156251 44 15 23 18  0  0
51 35  70368 114836632 2399428 60187772    0    0 1342944 864016 275734 1155749 44 15 23 18  0  0
49 23  70368 114855672 2399428 60187788    0    0 1337696 883772 277601 1157230 44 15 23 18  0  0
54 23  70368 114856256 2399428 60187812    0    0 1259696 806560 256529 1070430 40 14 25 21  0  0
53 24  70368 114835308 2399428 60187856    0    0 1350528 867544 277870 1163748 44 15 23 18  0  0
57 18  70368 114844216 2399428 60187872    0    0 1360832 880324 277931 1171795 44 14 24 18  0  0
41 33  70368 114837268 2399428 60187888    0    0 1350240 877360 281970 1162596 44 16 23 17  0  0
43 25  70368 114835748 2399428 60187912    0    0 1341440 864912 275845 1153770 44 16 23 17  0  0
39 40  70368 114845628 2399428 60187928    0    0 1348784 875444 278906 1169212 44 16 22 17  0  0
47 23  70368 114829496 2399428 60187968    0    0 1267952 807032 259124 1078876 41 14 25 21  0  0
26 55  70368 114838940 2399428 60187988    0    0 1340464 850344 275610 1152376 44 16 23 18  0  0
41 34  70368 114833048 2399428 60188012    0    0 1336288 890748 277730 1154427 44 16 23 18  0  0
52 24  70368 114815996 2399428 60188040    0    0 1345760 872520 278498 1161816 44 16 23 17  0  0
50 27  70368 114850676 2399428 60188064    0    0 1349504 881372 279022 1167306 44 15 23 17  0  0
33 50  70368 114855660 2399428 60188096    0    0 1267664 814756 259933 1079562 40 13 26 22  0  0
40 35  70368 114853884 2399428 60188108    0    0 1319328 865800 273460 1140823 43 14 24 19  0  0
47 30  70368 114845844 2399428 60188132    0    0 1345952 872264 279014 1167698 45 15 23 17  0  0
51 25  70368 114828584 2399428 60188164    0    0 1352352 874212 279524 1166799 44 16 23 17  0  0
46 29  70368 114840616 2399428 60188192    0    0 1346064 883392 278511 1164983 44 16 23 18  0  0
41 33  70368 114840360 2399428 60188228    0    0 1339088 879500 277907 1160192 44 15 23 17  0  0
procs -----------memory---------- ---swap-- -----io---- -system-- -------cpu-------
 r  b   swpd   free   buff  cache   si   so    bi    bo   in   cs us sy id wa st gu
46 27  70368 114837184 2399428 60188252    0    0 1345056 870312 278686 1166985 44 15 23 17  0  0
50 21  70368 114840892 2399428 60188268    0    0 1248640 807248 256961 1064075 40 14 26 21  0  0
48 25  70368 114824228 2399428 60188296    0    0 1346848 879272 278091 1160040 44 15 23 18  0  0
44 31  70368 114843152 2399428 60188332    0    0 1340672 873016 307429 1160118 44 15 23 17  0  0
43 28  70368 114818888 2399428 60188336    0    0 1343664 872964 291449 1161659 44 15 24 18  0  0
19 65  70368 114809836 2399428 60188368    0    0 1249856 799404 256621 1056635 40 14 25 21  0  0
46 39  70368 114802852 2399428 60188384    0    0 1324368 869068 275467 1148831 43 15 23 18  0  0
40 32  70368 114808408 2399428 60188420    0    0 1343568 880460 278888 1163567 44 16 23 17  0  0
35 39  70368 114806276 2399428 60188456    0    0 1350160 875548 278811 1163338 44 16 23 17  0  0
32 45  70368 114805908 2399428 60188476    0    0 1350992 879364 279062 1168213 45 16 22 17  0  0
49 27  70368 114829748 2399428 60188508    0    0 1348560 872272 277837 1162884 44 16 23 17  0  0
46 24  70368 114824268 2399428 60188524    0    0 1342112 869348 277264 1160850 44 16 23 18  0  0
40 48  70368 114836444 2399428 60188548    0    0 1337280 860648 274875 1147354 44 15 23 18  0  0
37 32  70368 114852876 2399428 60188580    0    0 1277712 828504 260658 1087305 40 12 26 22  0  0
47 22  70368 114845924 2399428 60188592    0    0 1344320 864844 275896 1153128 44 15 23 18  0  0
51 22  70368 114841224 2399432 60188624    0    0 1345424 873744 277797 1165541 44 16 23 17  0  0
34 43  70368 114847532 2399432 60188636    0    0 1287552 820916 264725 1100851 42 14 24 20  0  0
48 22  70368 114847688 2399432 60188664    0    0 1297568 846828 267891 1110834 42 14 24 20  0  0
59 16  70368 114859432 2399432 60188688    0    0 1332800 876632 275416 1148767 44 15 23 18  0  0
64 15  70368 114832700 2399432 60188720    0    0 1353488 871132 278636 1166771 44 16 23 17  0  0
39 28  70368 114841776 2399436 60188736    0    0 1343216 864956 284845 1157141 44 16 23 17  0  0
procs -----------memory---------- ---swap-- -----io---- -system-- -------cpu-------
 r  b   swpd   free   buff  cache   si   so    bi    bo   in   cs us sy id wa st gu
45 41  70368 114819868 2399436 60188768    0    0 1342288 869060 321115 1157428 45 16 22 17  0  0
51 23  70368 114805660 2399436 60188792    0    0 1349648 874856 277788 1161543 44 15 23 18  0  0
54 24  70368 114820292 2399436 60188816    0    0 1327888 865640 274037 1140956 43 14 24 19  0  0
37 32  70368 114823696 2399436 60188840    0    0 1346272 868360 278806 1161211 44 16 22 17  0  0
40 45  70368 114829536 2399436 60188868    0    0 1275168 827496 263541 1092179 41 14 24 20  0  0
40 28  70368 114810456 2399436 60188896    0    0 1326112 857808 273541 1140049 43 15 23 18  0  0
38 40  70368 114835992 2399436 60188920    0    0 1317104 860372 274741 1135052 43 15 24 18  0  0
47 27  70368 114832356 2399436 60188948    0    0 1266496 817392 261021 1085069 40 14 25 20  0  0
31 51  70368 114811568 2399436 60188980    0    0 1344272 877060 278726 1162007 44 16 23 18  0  0
54 20  70368 114820664 2399436 60189000    0    0 1329712 861392 276526 1149259 43 16 23 18  0  0
42 39  70368 114834732 2399436 60189028    0    0 1352256 884112 278931 1165652 44 16 23 17  0  0
43 28  70368 114849348 2399436 60189040    0    0 1363888 877340 278314 1168316 43 14 24 18  0  0
53 24  70368 114848888 2399436 60189128    0    0 1346512 875672 277810 1160889 44 16 23 18  0  0
53 21  70368 114847628 2399436 60189160    0    0 1333888 865432 276433 1154866 44 15 23 18  0  0
49 22  70368 114843524 2399436 60189184    0    0 1349984 873940 277606 1161402 44 16 23 18  0  0
48 29  70368 114853052 2399436 60189212    0    0 1347680 870604 278281 1163541 44 16 23 18  0  0
39 36  70368 114830608 2399436 60189256    0    0 1307104 840664 269325 1118099 43 15 24 19  0  0
37 44  70368 114827872 2399436 60189268    0    0 1300576 834100 315636 1117529 42 15 24 19  0  0
40 36  70368 114804936 2399436 60189300    0    0 1251744 809496 275929 1068064 41 14 25 20  0  0
52 19  70368 114784432 2399436 60189324    0    0 1346080 871008 278847 1160347 44 16 22 17  0  0
58 18  70368 114810948 2399436 60189352    0    0 1345536 876640 276901 1153879 43 15 24 18  0  0
procs -----------memory---------- ---swap-- -----io---- -system-- -------cpu-------
 r  b   swpd   free   buff  cache   si   so    bi    bo   in   cs us sy id wa st gu
48 25  70368 114823676 2399436 60189368    0    0 1341136 869368 275561 1150796 44 15 23 18  0  0
48 26  70368 114806004 2399436 60189404    0    0 1341152 877808 278798 1162825 44 16 23 17  0  0
47 25  70368 114816828 2399436 60189420    0    0 1346656 870304 277644 1161755 44 16 23 17  0  0
41 28  70368 114845636 2399436 60189444    0    0 1325728 867868 276388 1148821 44 15 23 18  0  0
49 21  70368 114797220 2399436 60189472    0    0 1348400 869196 276837 1158940 44 16 23 18  0  0
39 34  70368 114801192 2399436 60189504    0    0 1350992 869288 278879 1165899 44 16 23 17  0  0
62 17  70368 114801172 2399436 60189520    0    0 1344560 873420 278699 1167299 44 16 23 17  0  0
34 39  70368 114845692 2399436 60189544    0    0 1325104 865044 273947 1139080 43 15 23 19  0  0
54 17  70368 114837584 2399436 60189580    0    0 1218992 766024 245650 1023408 38 13 26 23  0  0
44 31  70368 114848924 2399436 60189592    0    0 1360304 881780 277386 1168279 44 14 24 19  0  0
46 25  70368 114836252 2399436 60189608    0    0 1354080 880456 278831 1168637 44 16 23 17  0  0
52 19  70368 114836492 2399436 60189640    0    0 1344768 878468 278515 1162630 44 16 23 17  0  0
40 28  70368 114838232 2399436 60189668    0    0 1331008 864340 276450 1148920 43 15 24 18  0  0
45 30  70368 114860112 2399436 60189696    0    0 1343760 868052 277814 1163647 44 16 23 17  0  0
39 36  70368 114858776 2399436 60189724    0    0 1327360 865724 296990 1148331 44 16 24 17  0  0
58 12  70368 114820084 2399436 60189740    0    0 1338512 866320 277986 1154367 44 16 23 18  0  0
53 17  70368 114826972 2399436 60189764    0    0 1346224 874936 277642 1160960 44 16 23 17  0  0
53 18  70368 114830172 2399436 60189784    0    0 1345488 871320 278005 1159637 44 16 23 17  0  0
35 41  70368 114828252 2399436 60189812    0    0 1350704 870516 276080 1157771 43 14 24 18  0  0
42 30  70368 114850292 2399436 60189840    0    0 1258640 805368 257083 1070993 40 13 25 22  0  0
46 20  70368 114832948 2399436 60189860    0    0 1271936 822516 259877 1081590 41 14 25 21  0  0
procs -----------memory---------- ---swap-- -----io---- -system-- -------cpu-------
 r  b   swpd   free   buff  cache   si   so    bi    bo   in   cs us sy id wa st gu
53 20  70368 114836196 2399436 60189884    0    0 1357040 866944 279536 1171065 45 16 23 17  0  0
48 21  70368 114846800 2399436 60189908    0    0 1353584 877176 280159 1170441 45 16 22 17  0  0
43 30  70368 114838840 2399436 60189940    0    0 1351952 872204 278706 1169939 45 16 23 17  0  0
53 19  70368 114822268 2399436 60189960    0    0 1348544 867328 277862 1157926 44 15 23 18  0  0
48 21  70368 114832728 2399436 60189980    0    0 1342208 875492 278261 1164667 44 16 23 17  0  0
57 10  70368 114818892 2399436 60190008    0    0 1335248 856168 275234 1151684 44 15 23 18  0  0
49 23  70368 114817704 2399436 60190032    0    0 1351792 880724 278992 1168794 44 15 23 18  0  0
49 24  70368 114821648 2399436 60190048    0    0 1366048 880292 278197 1172418 44 14 24 18  0  0
38 33  70368 114856508 2399436 60190076    0    0 1355120 873736 278394 1166023 45 16 23 17  0  0
28 42  70368 114845900 2399436 60190112    0    0 1239552 804144 255021 1054923 40 14 25 22  0  0
46 24  70368 114844072 2399436 60190132    0    0 1346256 866160 276684 1156469 44 15 23 18  0  0
54 19  70368 114833060 2399436 60190156    0    0 1269376 813816 258028 1078127 41 14 25 21  0  0
44 27  70368 114824784 2399436 60190188    0    0 1347664 882308 278788 1166030 45 16 23 17  0  0
43 27  70368 114828444 2399436 60190216    0    0 1355456 872480 279150 1166917 45 16 22 17  0  0
34 45  70368 114843500 2399436 60190236    0    0 1352048 872056 277905 1162157 44 16 23 18  0  0
44 29  70368 114825700 2399436 60190272    0    0 1330304 862024 274932 1145595 43 15 23 18  0  0
43 26  70368 114835584 2399436 60190300    0    0 1334496 866804 274235 1151791 42 14 25 19  0  0
44 32  70368 114854048 2399436 60190308    0    0 1356160 872532 279406 1169020 44 15 23 17  0  0
38 35  70368 114855268 2399436 60190336    0    0 1344816 887148 279389 1168433 44 16 23 17  0  0
41 34  70368 114832844 2399436 60190368    0    0 1353200 885076 279837 1169666 45 16 23 17  0  0
38 47  70368 114840408 2399436 60190384    0    0 1269904 829916 261647 1084170 41 14 25 21  0  0
procs -----------memory---------- ---swap-- -----io---- -system-- -------cpu-------
 r  b   swpd   free   buff  cache   si   so    bi    bo   in   cs us sy id wa st gu
44 37  70368 114850232 2399436 60190404    0    0 1320496 853888 272817 1135296 43 15 24 19  0  0
42 28  70368 114827720 2399436 60190428    0    0 1352848 874580 279829 1170002 45 16 23 17  0  0
43 31  70368 114847140 2399436 60190460    0    0 1263728 812000 258420 1076515 40 14 25 21  0  0
47 23  70368 114852580 2399436 60190480    0    0 1354304 882696 279468 1170504 44 16 23 17  0  0
33 38  70368 114840644 2399436 60190512    0    0 1355040 875884 278874 1170170 44 15 23 18  0  0
59 16  70368 114842600 2399436 60190524    0    0 1357312 870528 277481 1169647 44 14 24 18  0  0
44 31  70368 114820780 2399436 60190560    0    0 1335152 871384 276115 1151436 43 15 23 18  0  0
36 32  70368 114828844 2399436 60190592    0    0 1336016 864004 284769 1157719 44 15 23 18  0  0
48 25  70368 114827760 2399436 60190608    0    0 1291648 833340 267262 1110817 42 15 24 20  0  0
45 26  70368 114850740 2399436 60190712    0    0 1232736 788968 251465 1042216 39 13 25 22  0  0
37 40  70368 114858412 2399436 60190740    0    0 1230720 782020 252034 1044398 39 13 26 22  0  0
40 29  70368 114834368 2399436 60190756    0    0 1224032 786240 251520 1038555 39 13 26 22  0  0
40 28  70368 114839636 2399440 60190792    0    0 1223808 788300 251400 1037859 39 13 26 23  0  0
41 28  70368 114859568 2399440 60190808    0    0 1225856 786180 251195 1041829 39 13 26 22  0  0
44 36  70368 114877836 2399440 60190832    0    0 1218352 782428 247623 1030621 38 11 27 24  0  0
41 30  70368 114884248 2399440 60190856    0    0 1180768 747124 239877 992100 37 12 26 24  0  0
32 41  70368 114857424 2399440 60190876    0    0 1223216 785632 251309 1041095 39 13 25 22  0  0
46 28  70368 114855816 2399440 60190908    0    0 1278448 823748 263699 1097323 41 14 25 20  0  0
34 37  70368 114845732 2399440 60190928    0    0 1293392 843712 269046 1113165 42 15 24 19  0  0
51 22  70368 114834056 2399440 60190956    0    0 1306464 856012 271256 1125518 43 15 24 19  0  0
44 26  70368 114851428 2399440 60190988    0    0 1304176 846900 270265 1122573 42 15 24 19  0  0
procs -----------memory---------- ---swap-- -----io---- -system-- -------cpu-------
 r  b   swpd   free   buff  cache   si   so    bi    bo   in   cs us sy id wa st gu
47 25  70368 114850952 2399440 60191008    0    0 1318336 850576 273375 1135764 43 15 24 18  0  0
37 37  70368 114840336 2399444 60191044    0    0 1314368 847164 271547 1129860 43 15 24 18  0  0
51 19  70368 114853384 2399444 60191056    0    0 1314656 851996 270181 1129104 41 13 25 20  0  0
42 29  70368 114860020 2399444 60191072    0    0 1317200 861704 273441 1139062 43 15 24 19  0  0
49 27  70368 114850604 2399444 60191096    0    0 1309568 851680 271305 1130725 42 15 24 18  0  0
55 17  70368 114831064 2399444 60191132    0    0 1319520 850364 271764 1135290 43 15 24 19  0  0
42 28  70368 114843968 2399444 60191176    0    0 1236064 794496 254565 1054003 39 13 25 22  0  0
46 32  70368 114839288 2399444 60191192    0    0 1321776 854640 272111 1131303 42 15 24 19  0  0
39 32  70368 114846020 2399444 60191220    0    0 1293632 838100 269138 1109083 42 15 24 19  0  0
40 30  70368 114852024 2399444 60191244    0    0 1310640 846040 271348 1131574 43 15 24 19  0  0
39 31  70368 114842696 2399444 60191264    0    0 1314416 844028 270598 1125063 42 15 24 19  0  0
35 34  70368 114827292 2399444 60191288    0    0 1309712 852068 270690 1131975 42 14 25 19  0  0
41 34  70368 114850556 2399444 60191308    0    0 1355664 885104 278468 1171421 44 15 23 18  0  0
38 31  70368 114857360 2399444 60191340    0    0 1352496 869128 277774 1163137 44 16 23 17  0  0
45 22  70368 114843624 2399444 60191356    0    0 1349232 871984 277994 1160267 44 15 23 18  0  0
43 26  70368 114824140 2399444 60191384    0    0 1356208 869640 278741 1169117 45 16 23 17  0  0
49 21  70368 114818472 2399444 60191408    0    0 1354048 878692 279176 1167318 44 15 23 17  0  0
48 23  70368 114838860 2399444 60191432    0    0 1351392 874876 279981 1169971 45 16 23 17  0  0
32 46  70368 114845004 2399444 60191452    0    0 1285856 829332 264026 1101262 42 14 24 20  0  0
49 19  70368 114842972 2399444 60191492    0    0 1319232 846220 270403 1131480 43 15 23 19  0  0
47 33  70368 114841856 2399444 60191508    0    0 1352288 872552 278651 1164380 44 16 23 17  0  0
procs -----------memory---------- ---swap-- -----io---- -system-- -------cpu-------
 r  b   swpd   free   buff  cache   si   so    bi    bo   in   cs us sy id wa st gu
46 28  70368 114846472 2399444 60191528    0    0 1358096 877620 277476 1173011 44 14 24 18  0  0
42 38  70368 114826436 2399444 60191560    0    0 1350480 877560 278699 1169839 44 15 23 17  0  0
40 29  70368 114834312 2399444 60191596    0    0 1333632 863912 275822 1152069 44 15 23 18  0  0
38 31  70368 114852388 2399444 60191612    0    0 1348672 870312 277364 1161151 44 16 23 17  0  0
51 19  70368 114848556 2399444 60191632    0    0 1347408 875920 277722 1161581 44 16 23 17  0  0
42 28  70368 114838856 2399444 60191664    0    0 1356400 877664 279544 1168027 45 16 23 17  0  0
50 22  70368 114828436 2399444 60191704    0    0 1346176 878044 277663 1159179 44 16 23 17  0  0
48 25  70368 114820440 2399444 60191724    0    0 1346720 873260 277738 1163809 45 16 23 17  0  0
53 17  70368 114856576 2399444 60191748    0    0 1344336 876044 278938 1164616 44 15 23 17  0  0
44 25  70368 114848592 2399444 60191760    0    0 1290432 828052 264191 1101848 41 14 25 20  0  0
39 30  70368 114864516 2399452 60191772    0    0 1315632 851860 271772 1131789 42 14 24 19  0  0
44 27  70368 114849968 2399452 60191880    0    0 1341712 882368 279008 1162127 44 15 23 18  0  0
41 33  70368 114822688 2399452 60191924    0    0 1349216 869028 278673 1163851 44 16 23 17  0  0
42 31  70368 114825804 2399452 60191940    0    0 1344000 876172 277968 1163220 44 16 23 18  0  0
53 21  70368 114834424 2399452 60191968    0    0 1336272 860692 276228 1152026 43 16 23 18  0  0
42 26  70368 114824160 2399452 60191988    0    0 1342464 876388 277808 1162278 44 15 23 18  0  0
41 37  70368 114819764 2399452 60192020    0    0 1349648 871592 278018 1164452 44 16 23 17  0  0
29 58  70368 114829684 2399452 60192052    0    0 1354464 873936 279642 1171326 45 16 23 17  0  0
41 30  70368 114816064 2399452 60192072    0    0 1350528 876872 277845 1165585 44 16 23 17  0  0
47 27  70368 114817388 2399452 60192096    0    0 1347328 872504 276686 1163750 43 14 24 18  0  0
29 55  70368 114819348 2399452 60192120    0    0 1338112 864904 276651 1153298 44 15 23 18  0  0
procs -----------memory---------- ---swap-- -----io---- -system-- -------cpu-------
 r  b   swpd   free   buff  cache   si   so    bi    bo   in   cs us sy id wa st gu
47 29  70368 114849448 2399452 60192140    0    0 1259200 803792 257672 1074954 40 14 25 21  0  0
35 47  70368 114851584 2399452 60192172    0    0 1347232 878528 278024 1166485 44 16 23 17  0  0
49 21  70368 114845588 2399452 60192192    0    0 1353008 870392 278079 1165568 44 15 23 17  0  0
50 21  70368 114848416 2399452 60192220    0    0 1351152 881228 278650 1163403 44 16 23 17  0  0
43 34  70368 114843400 2399452 60192232    0    0 1344976 877120 278373 1161977 44 16 23 18  0  0
45 23  70368 114819364 2399452 60192336    0    0 1340832 869296 277725 1158745 44 16 23 18  0  0
54 22  70368 114823200 2399452 60192388    0    0 1351968 875148 278400 1163705 44 16 23 17  0  0
52 21  70368 114821280 2399452 60192408    0    0 1362112 879192 278801 1169725 44 15 23 18  0  0
44 34  70368 114839976 2399452 60192432    0    0 1358304 887964 279405 1172555 44 15 23 18  0  0
35 50  70368 114846876 2399452 60192456    0    0 1346368 876692 277855 1160890 44 15 23 17  0  0
44 27  70368 114864096 2399452 60192484    0    0 1324992 858792 275312 1147545 44 15 24 18  0  0
50 26  70368 114847444 2399452 60192500    0    0 1340384 874284 278117 1158941 44 15 23 18  0  0
32 40  70368 114840352 2399452 60192532    0    0 1255984 821220 258660 1072302 40 14 25 21  0  0
56 18  70368 114830596 2399452 60192560    0    0 1349664 877996 278735 1162468 44 15 23 18  0  0
59 13  70368 114820808 2399452 60192580    0    0 1348928 874384 277573 1162701 44 16 23 17  0  0
45 28  70368 114842032 2399452 60192592    0    0 1348016 875092 277826 1164836 44 16 23 17  0  0
47 24  70368 114842708 2399452 60192616    0    0 1331152 868012 274828 1144421 43 15 23 18  0  0
49 22  70368 114843344 2399452 60192648    0    0 1355280 874296 276932 1168021 43 14 24 19  0  0
54 17  70368 114832524 2399452 60192676    0    0 1353824 877740 279412 1169335 45 15 23 17  0  0
47 26  70368 114837360 2399452 60192692    0    0 1358784 879068 279162 1168775 44 16 23 17  0  0
51 19  70368 114850628 2399452 60192728    0    0 1346832 867200 278149 1166887 45 15 23 17  0  0
procs -----------memory---------- ---swap-- -----io---- -system-- -------cpu-------
 r  b   swpd   free   buff  cache   si   so    bi    bo   in   cs us sy id wa st gu
47 25  70368 114831408 2399452 60192748    0    0 1345968 869768 276647 1155296 44 16 23 18  0  0
45 25  70368 114839172 2399452 60192780    0    0 1335200 877636 276721 1155830 44 15 23 18  0  0
33 37  70368 114853044 2399452 60192804    0    0 1340304 874936 277630 1159060 44 16 23 17  0  0
49 26  70368 114821732 2399452 60192824    0    0 1266304 807536 259436 1077529 41 14 25 21  0  0
46 30  70368 114825188 2399452 60192856    0    0 1342192 876872 278009 1160194 44 16 23 18  0  0
37 39  70368 114824724 2399452 60192876    0    0 1359040 883968 277985 1166620 44 15 23 18  0  0
47 23  70368 114846176 2399452 60192892    0    0 1343328 886528 276977 1161943 43 15 24 18  0  0
34 43  70368 114842828 2399452 60192920    0    0 1338512 871876 277126 1155540 44 15 23 18  0  0
57 17  70368 114831476 2399452 60192940    0    0 1346592 870952 277960 1164400 44 16 23 17  0  0
49 26  70368 114854620 2399452 60192964    0    0 1345424 879872 279450 1165442 44 16 23 17  0  0
33 52  70368 114832864 2399452 60192992    0    0 1349040 875056 277571 1160581 44 16 23 17  0  0
46 39  70368 114856728 2399452 60193020    0    0 1346464 882348 278444 1166172 45 16 22 17  0  0
51 18  70368 114836040 2399452 60193048    0    0 1337088 861312 275706 1151514 43 16 23 18  0  0
47 30  70368 114813404 2399452 60193076    0    0 1341136 870456 276546 1158189 44 15 23 18  0  0
56 16  70368 114811044 2399452 60193108    0    0 1347408 876320 277672 1165289 44 15 23 17  0  0
44 23  70368 114820828 2399452 60193128    0    0 1272992 819676 258990 1081205 40 12 26 22  0  0
39 37  70368 114840984 2399452 60193160    0    0 1341952 868052 275217 1154911 44 15 23 18  0  0
46 30  70368 114852792 2399452 60193184    0    0 1347008 871360 277403 1159378 44 16 23 17  0  0
39 32  70368 114850444 2399452 60193208    0    0 1346368 879712 278819 1162721 44 15 23 17  0  0
35 34  70368 114837108 2399452 60193236    0    0 1336768 864912 275804 1150110 43 15 23 18  0  0
53 20  70368 114829176 2399452 60193256    0    0 1341024 866676 277775 1161689 44 15 23 17  0  0
procs -----------memory---------- ---swap-- -----io---- -system-- -------cpu-------
 r  b   swpd   free   buff  cache   si   so    bi    bo   in   cs us sy id wa st gu
40 28  70368 114814656 2399452 60193276    0    0 1350368 877864 278414 1165443 44 16 23 17  0  0
56 17  70368 114826592 2399452 60193312    0    0 1345168 866624 276772 1158231 44 15 23 18  0  0
52 23  70368 114819304 2399452 60193332    0    0 1327312 869764 275201 1149285 43 15 23 18  0  0
38 30  70368 114822348 2399452 60193356    0    0 1354160 877364 277327 1165456 43 15 24 18  0  0
44 27  70368 114845436 2399452 60193376    0    0 1357456 876900 278331 1167969 44 14 23 18  0  0
50 20  70368 114839464 2399452 60193404    0    0 1349936 883200 279424 1167605 45 15 23 17  0  0
44 28  70368 114834556 2399452 60193428    0    0 1277456 828564 263175 1088768 41 14 24 20  0  0
41 43  70368 114820344 2399452 60193456    0    0 1325696 862508 273700 1143085 43 15 24 18  0  0
40 32  70368 114823108 2399452 60193480    0    0 1352704 870304 278884 1169771 45 16 23 17  0  0
49 22  70368 114828152 2399452 60193508    0    0 1349360 876128 278257 1163535 44 16 23 17  0  0
37 42  70368 114828736 2399452 60193536    0    0 1340768 868400 277830 1155503 44 16 23 18  0  0
45 26  70368 114826256 2399452 60193560    0    0 1345968 866816 276371 1156721 44 16 23 18  0  0
44 24  70368 114831040 2399452 60193588    0    0 1349872 876672 278127 1164674 44 15 23 18  0  0
42 27  70368 114829588 2399452 60193608    0    0 1345744 875900 276451 1157532 43 14 24 19  0  0
51 31  70368 114816216 2399452 60193624    0    0 1350880 865876 277576 1159737 44 15 23 17  0  0
42 30  70368 114811276 2399452 60193652    0    0 1349184 870980 278130 1164881 45 16 23 17  0  0
48 38  70368 114828864 2399452 60193680    0    0 1339424 871356 283618 1152352 44 16 23 17  0  0
55 20  70368 114839980 2399452 60193708    0    0 1337184 869332 279985 1156203 44 16 23 17  0  0
52 30  70368 114831848 2399452 60193728    0    0 1266816 817264 269101 1081703 41 15 25 20  0  0
52 18  70368 114813252 2399452 60193760    0    0 1325488 866420 273886 1144366 44 15 23 18  0  0
37 31  70368 114807896 2399452 60193776    0    0 1340448 874564 278059 1163000 44 16 23 17  0  0
procs -----------memory---------- ---swap-- -----io---- -system-- -------cpu-------
 r  b   swpd   free   buff  cache   si   so    bi    bo   in   cs us sy id wa st gu
55 24  70368 114820712 2399452 60193808    0    0 1350480 873256 279434 1171003 44 16 23 17  0  0
52 24  70368 114824240 2399452 60193832    0    0 1342240 874420 276203 1157934 44 15 23 18  0  0
46 25  70368 114832768 2399452 60193852    0    0 1341392 868292 276213 1158196 43 14 24 18  0  0
47 21  70368 114830028 2399452 60193952    0    0 1322176 875432 275659 1147536 43 15 23 18  0  0
37 29  70368 114839528 2399452 60193976    0    0 1338848 876984 278055 1162071 44 16 23 18  0  0
48 29  70368 114827984 2399452 60193996    0    0 1350464 878864 279309 1165411 44 16 23 17  0  0
54 19  70368 114796872 2399452 60194020    0    0 1350592 868272 278015 1162844 44 15 23 17  0  0
51 22  70368 114810032 2399452 60194052    0    0 1345664 875272 277940 1160734 44 16 23 17  0  0
43 28  70368 114815120 2399452 60194080    0    0 1346192 876300 277612 1164126 44 16 23 17  0  0
48 22  70368 114830888 2399452 60194104    0    0 1258304 811576 257180 1070934 40 14 25 21  0  0
50 25  70368 114842532 2399452 60194132    0    0 1355888 882600 279633 1171126 44 15 23 17  0  0
42 32  70368 114849224 2399452 60194152    0    0 1366240 886152 279492 1179553 43 14 24 18  0  0
46 26  70368 114819668 2399452 60194172    0    0 1343664 873628 276668 1158042 44 15 23 18  0  0
48 27  70368 114821356 2399452 60194196    0    0 1331248 868448 275713 1145826 43 15 23 18  0  0
41 30  70368 114822664 2399452 60194220    0    0 1333040 868260 276879 1151499 43 15 23 18  0  0
56 23  70368 114832300 2399452 60194244    0    0 1332016 866576 277973 1148666 44 16 23 17  0  0
36 32  70368 114841464 2399452 60194276    0    0 1288976 836792 267144 1106583 42 15 24 19  0  0
42 36  70368 114823140 2399452 60194308    0    0 1300240 841940 267276 1113538 42 15 24 19  0  0
38 41  70368 114821552 2399452 60194336    0    0 1348432 869128 277909 1163139 44 16 23 17  0  0
44 27  70368 114808232 2399452 60194360    0    0 1346480 875312 277977 1163001 44 16 23 17  0  0
46 27  70368 114814692 2399452 60194376    0    0 1351488 875352 277692 1164259 44 15 24 18  0  0
procs -----------memory---------- ---swap-- -----io---- -system-- -------cpu-------
 r  b   swpd   free   buff  cache   si   so    bi    bo   in   cs us sy id wa st gu
44 30  70368 114856352 2399452 60194400    0    0 1265248 807200 258667 1078202 40 13 25 21  0  0
40 34  70368 114849748 2399452 60194432    0    0 1351072 883124 279761 1170726 44 16 23 17  0  0
35 45  70368 114830476 2399452 60194456    0    0 1352368 873344 278893 1168381 44 16 23 17  0  0
49 18  70368 114820976 2399452 60194484    0    0 1343888 866252 278188 1163984 44 15 23 17  0  0
51 22  70368 114831428 2399452 60194504    0    0 1316064 864856 274298 1141562 43 15 24 18  0  0
54 22  70368 114815516 2399452 60194536    0    0 1333712 865096 275908 1152906 44 16 23 18  0  0
45 29  70368 114820772 2399452 60194564    0    0 1325024 858036 273607 1141270 43 15 23 18  0  0
55 20  70368 114831732 2399452 60194596    0    0 1271376 828988 262132 1094842 41 14 25 20  0  0
48 20  70368 114847436 2399452 60194624    0    0 1358768 878824 279422 1169459 44 15 23 17  0  0
47 25  70368 114856036 2399452 60194632    0    0 1353456 882692 277073 1170841 44 14 24 18  0  0
45 34  70368 114849628 2399452 60194672    0    0 1345104 875244 277799 1160728 44 16 23 18  0  0
29 45  70368 114843564 2399452 60194688    0    0 1330528 870292 274344 1147507 43 15 23 18  0  0
45 30  70368 114838372 2399452 60194700    0    0 1283856 829880 262663 1092489 41 14 25 20  0  0
49 38  70368 114837224 2399452 60194728    0    0 1340336 867800 281321 1160137 44 16 23 17  0  0
41 31  70368 114840044 2399452 60194764    0    0 1353040 881008 279266 1169140 44 16 23 17  0  0
47 28  70368 114823224 2399452 60194788    0    0 1333040 874860 276730 1155267 44 16 23 18  0  0
53 26  70368 114830140 2399452 60194808    0    0 1321424 859388 273903 1137551 43 15 24 18  0  0
26 49  70368 114846592 2399452 60194832    0    0 1337344 864380 276025 1151711 44 15 23 18  0  0
47 20  70368 114841764 2399452 60194852    0    0 1271552 811520 258221 1078534 40 13 26 22  0  0
44 24  70368 114843388 2399452 60194880    0    0 1362416 877720 279659 1174074 44 15 23 18  0  0
44 29  70368 114833732 2399452 60194912    0    0 1350672 875112 278537 1163716 44 16 23 17  0  0
procs -----------memory---------- ---swap-- -----io---- -system-- -------cpu-------
 r  b   swpd   free   buff  cache   si   so    bi    bo   in   cs us sy id wa st gu
39 36  70368 114820820 2399452 60194928    0    0 1341776 871696 278110 1157960 44 16 23 17  0  0
46 27  70368 114811136 2399452 60194944    0    0 1349744 868176 277860 1165865 44 16 23 17  0  0
45 25  70368 114822972 2399452 60194964    0    0 1346288 877576 277931 1165430 44 16 23 17  0  0
47 24  70368 114825312 2399452 60194996    0    0 1272160 816380 260057 1084859 41 14 25 20  0  0
49 24  70368 114835340 2399452 60195028    0    0 1354032 882604 279815 1168809 45 16 22 17  0  0
49 22  70368 114811708 2399452 60195044    0    0 1343024 885432 278043 1158401 44 15 23 18  0  0
35 36  70368 114808944 2399452 60195072    0    0 1329168 866768 275202 1150151 44 15 23 18  0  0
46 25  70368 114807404 2399452 60195092    0    0 1341040 881344 276048 1153196 43 14 24 19  0  0
49 37  70368 114850160 2399452 60195112    0    0 1244272 804192 255273 1055181 39 14 25 22  0  0
52 19  70368 114843552 2399452 60195148    0    0 1346896 879476 278794 1163429 44 16 23 17  0  0
43 24  70368 114847780 2399452 60195176    0    0 1342944 876744 279415 1159258 44 16 23 17  0  0
51 31  70368 114814472 2399452 60195200    0    0 1342224 870440 276768 1159155 44 16 23 17  0  0
36 34  70368 114808452 2399452 60195220    0    0 1344656 871984 277276 1160030 44 15 23 17  0  0
46 24  70368 114809580 2399452 60195248    0    0 1345872 875404 278889 1168959 45 16 22 17  0  0
50 24  70368 114831888 2399452 60195276    0    0 1350752 886580 279432 1170267 44 16 23 17  0  0
49 19  70368 114834200 2399452 60195304    0    0 1263872 814580 258840 1079686 41 14 25 21  0  0
41 31  70368 114826156 2399452 60195320    0    0 1353248 880604 277945 1167895 44 14 24 18  0  0
38 36  70368 114830688 2399452 60195336    0    0 1335216 874044 275904 1154022 44 15 24 18  0  0
51 24  70368 114820264 2399452 60195364    0    0 1344128 876640 277381 1158537 44 15 23 18  0  0
46 25  70368 114831016 2399452 60195392    0    0 1254032 811872 259593 1074738 40 14 25 21  0  0
49 18  70368 114820832 2399452 60195416    0    0 1335104 865540 274603 1148751 44 15 23 18  0  0
procs -----------memory---------- ---swap-- -----io---- -system-- -------cpu-------
 r  b   swpd   free   buff  cache   si   so    bi    bo   in   cs us sy id wa st gu
49 27  70368 114830320 2399452 60195504    0    0 1348272 870140 277947 1163376 44 16 23 17  0  0
50 21  70368 114820700 2399452 60195532    0    0 1349968 876072 278116 1163553 44 15 23 17  0  0
45 29  70368 114824712 2399452 60195572    0    0 1351568 869936 278632 1165971 44 16 23 17  0  0
48 25  70368 114821464 2399452 60195592    0    0 1344640 879620 277927 1162215 44 16 23 17  0  0
47 23  70368 114818996 2399452 60195632    0    0 1356480 874132 279006 1170804 44 15 23 18  0  0
28 41  70368 114830948 2399452 60195640    0    0 1335136 865380 273413 1145453 43 14 24 19  0  0
43 26  70368 114836432 2399452 60195668    0    0 1289264 831748 264057 1103130 42 14 24 20  0  0
48 31  70368 114838204 2399452 60195680    0    0 1336208 873932 277336 1156294 44 15 23 18  0  0
38 31  70368 114843820 2399452 60195712    0    0 1340288 871976 276718 1154874 43 15 23 18  0  0
30 46  70368 114836628 2399452 60195740    0    0 1288160 838612 266479 1106635 42 15 24 20  0  0
39 30  70368 114829884 2399452 60195760    0    0 1301488 837280 268386 1116156 42 15 24 19  0  0
48 36  70368 114800432 2399452 60195788    0    0 1353312 873220 279186 1166157 44 16 23 17  0  0
37 35  70368 114825372 2399452 60195808    0    0 1345536 875000 278122 1165433 44 16 23 17  0  0
45 29  70368 114820232 2399452 60195852    0    0 1345104 872284 277070 1159926 44 15 23 17  0  0
50 18  70368 114822792 2399452 60195872    0    0 1364144 886244 278645 1175338 44 14 24 18  0  0
54 21  70368 114833544 2399452 60195896    0    0 1353504 876876 278229 1165026 44 15 23 18  0  0
57 16  70368 114821096 2399452 60195920    0    0 1348416 873692 278437 1164626 44 16 23 17  0  0
42 30  70368 114827604 2399452 60195944    0    0 1323968 868432 273320 1140279 43 15 23 18  0  0
45 25  70368 114837652 2399452 60195976    0    0 1279440 826400 262460 1097370 41 14 25 20  0  0
52 20  70368 114833536 2399452 60195988    0    0 1344464 874232 277327 1156317 44 15 23 18  0  0
47 21  70368 114819488 2399452 60196020    0    0 1266032 814632 262310 1080779 41 14 24 21  0  0
procs -----------memory---------- ---swap-- -----io---- -system-- -------cpu-------
 r  b   swpd   free   buff  cache   si   so    bi    bo   in   cs us sy id wa st gu
64 11  70368 114815500 2399452 60196052    0    0 1325312 863544 273962 1144330 44 15 23 18  0  0
48 27  70368 114848272 2399452 60196080    0    0 1338096 868120 276301 1149646 44 15 23 18  0  0
46 26  70368 114837680 2399452 60196100    0    0 1353440 877464 277696 1162623 44 15 23 18  0  0
38 32  70368 114849676 2399452 60196108    0    0 1353344 878312 277248 1162329 44 14 24 18  0  0
47 25  70368 114831188 2399452 60196152    0    0 1354448 879904 279824 1167489 45 16 23 17  0  0
44 33  70368 114801512 2399452 60196172    0    0 1348208 879728 278200 1163049 45 16 23 17  0  0
41 29  70368 114801364 2399452 60196188    0    0 1355088 874500 277496 1160926 44 16 23 18  0  0
45 24  70368 114817420 2399452 60196224    0    0 1349360 875476 278794 1163069 44 15 23 17  0  0
43 29  70368 114821732 2399452 60196256    0    0 1339232 876440 276050 1157130 44 15 23 18  0  0
39 37  70368 114844868 2399452 60196288    0    0 1256608 816496 258737 1074922 40 14 25 21  0  0
47 32  70368 114844548 2399452 60196312    0    0 1292416 826220 265198 1103072 42 15 24 20  0  0
49 24  70368 114836552 2399452 60196328    0    0 1306192 841976 268998 1122900 43 15 24 19  0  0
44 23  70368 114839716 2399452 60196356    0    0 1355024 887064 277558 1168474 44 14 24 18  0  0
46 26  70368 114850968 2399452 60196380    0    0 1340112 869576 276348 1151626 44 15 23 18  0  0
43 30  70368 114830116 2399452 60196392    0    0 1346304 875592 278823 1161117 44 16 23 18  0  0
38 41  70368 114818872 2399452 60196420    0    0 1348368 870228 278099 1164270 44 16 23 17  0  0
43 34  70368 114827092 2399452 60196436    0    0 1352848 878228 279961 1167029 45 16 23 17  0  0
55 13  70368 114817800 2399452 60196464    0    0 1345216 875208 278403 1163889 44 16 23 17  0  0
40 28  70368 114832660 2399452 60196496    0    0 1331952 869824 278762 1151700 44 16 23 17  0  0
45 34  70368 114816328 2399452 60196516    0    0 1339328 873208 277418 1158226 44 16 23 17  0  0
53 22  70368 114821104 2399452 60196540    0    0 1337232 868436 277407 1153099 44 16 23 18  0  0
procs -----------memory---------- ---swap-- -----io---- -system-- -------cpu-------
 r  b   swpd   free   buff  cache   si   so    bi    bo   in   cs us sy id wa st gu
49 25  70368 114822624 2399452 60196568    0    0 1197904 763616 244756 1008338 38 12 26 24  0  0
54 25  70368 114824396 2399452 60196580    0    0 1338224 871740 274757 1155032 43 14 24 19  0  0
47 29  70368 114838920 2399452 60196604    0    0 1352112 880080 280272 1171687 45 16 23 17  0  0
43 28  70368 114810824 2399452 60196644    0    0 1340976 875644 278434 1156965 44 16 23 18  0  0
38 31  70368 114820092 2399452 60196652    0    0 1331216 875652 276311 1148510 43 15 23 18  0  0
51 25  70368 114825960 2399452 60196684    0    0 1344752 873776 278327 1159846 44 15 23 17  0  0
65 10  70368 114826800 2399452 60196708    0    0 1346880 870996 278128 1161742 45 16 23 17  0  0
40 29  70368 114809048 2399452 60196736    0    0 1353424 880528 279554 1168375 45 16 22 17  0  0
34 42  70368 114799740 2399452 60196764    0    0 1353200 884860 279355 1167919 44 16 23 17  0  0
41 29  70368 114808060 2399452 60196788    0    0 1345968 875364 277978 1161270 44 15 23 18  0  0
50 21  70368 114812844 2399452 60196812    0    0 1337952 863428 273249 1145483 42 14 25 19  0  0
43 30  70368 114822176 2399452 60196836    0    0 1261840 811048 260045 1078562 41 14 25 21  0  0
39 49  70368 114825824 2399452 60196856    0    0 1263632 808912 256589 1068408 40 14 25 21  0  0
52 21  70368 114830620 2399452 60196884    0    0 1345264 875112 278425 1163029 44 16 23 17  0  0
36 32  70368 114828716 2399452 60196920    0    0 1347552 871864 279010 1163142 44 16 23 17  0  0
41 35  70368 114815840 2399452 60196944    0    0 1337296 881512 277338 1157824 44 15 23 18  0  0
49 23  70368 114819060 2399452 60196968    0    0 1337424 865096 276941 1154219 44 16 23 18  0  0
46 28  70368 114813308 2399452 60196984    0    0 1344720 875652 279336 1165437 44 16 23 17  0  0
51 25  70368 114819392 2399452 60197092    0    0 1348800 876976 278761 1164761 44 16 23 18  0  0
31 39  70368 114827768 2399452 60197108    0    0 1350560 885744 278046 1163559 44 15 23 18  0  0
39 50  70368 114839404 2399452 60197124    0    0 1352864 880964 278015 1167200 43 15 24 18  0  0
procs -----------memory---------- ---swap-- -----io---- -system-- -------cpu-------
 r  b   swpd   free   buff  cache   si   so    bi    bo   in   cs us sy id wa st gu
49 22  70368 114834324 2399452 60197152    0    0 1336768 865396 277045 1154509 44 16 23 18  0  0
37 37  70368 114831380 2399452 60197176    0    0 1258736 816320 260700 1077817 41 14 25 20  0  0
46 25  70368 114818212 2399452 60197208    0    0 1320016 851772 271725 1132919 43 15 24 18  0  0
43 29  70368 114829232 2399452 60197228    0    0 1266544 828872 260771 1084842 41 14 25 21  0  0
50 28  70368 114814040 2399452 60197252    0    0 1352320 876528 279429 1166616 44 16 23 17  0  0
43 31  70368 114827984 2399452 60197292    0    0 1346544 866816 278226 1159048 44 16 23 17  0  0
57 22  70368 114832404 2399452 60197308    0    0 1348576 878088 278229 1162878 44 16 23 18  0  0
50 23  70368 114807924 2399452 60197336    0    0 1338560 871712 277319 1157532 44 16 23 18  0  0
52 20  70368 114809380 2399452 60197368    0    0 1355456 891012 278540 1171924 43 14 24 18  0  0
37 43  70368 114833096 2399452 60197380    0    0 1349648 883612 277589 1167615 44 15 23 17  0  0
55 26  70368 114825696 2399452 60197412    0    0 1342176 875848 283232 1162145 44 16 23 17  0  0
36 41  70368 114843200 2399452 60197428    0    0 1317008 857508 278856 1136454 43 15 24 18  0  0
34 36  70368 114827132 2399452 60197448    0    0 1280752 839268 268444 1097579 41 15 24 19  0  0
45 30  70368 114812784 2399452 60197480    0    0 1295328 835764 266638 1110725 42 15 24 19  0  0
48 23  70368 114815632 2399452 60197504    0    0 1349136 868160 277661 1160765 45 16 23 17  0  0
55 15  70368 114810332 2399452 60197532    0    0 1260016 805864 257880 1068691 41 14 25 21  0  0
61 11  70368 114822604 2399452 60197552    0    0 1345712 874508 277893 1163598 44 16 23 17  0  0
52 16  70368 114816504 2399452 60197580    0    0 1352640 877728 278389 1170758 44 15 24 18  0  0
47 23  70368 114815340 2399452 60197600    0    0 1355296 880536 278026 1164487 44 15 23 18  0  0
53 30  70368 114801904 2399452 60197628    0    0 1333680 863176 276018 1149797 44 15 23 18  0  0
48 23  70368 114822696 2399452 60197660    0    0 1348512 875896 279057 1164738 44 16 23 17  0  0
procs -----------memory---------- ---swap-- -----io---- -system-- -------cpu-------
 r  b   swpd   free   buff  cache   si   so    bi    bo   in   cs us sy id wa st gu
47 22  70368 114823520 2399452 60197684    0    0 1347328 875800 277732 1162232 44 16 23 18  0  0
52 17  70368 114830044 2399452 60197708    0    0 1326528 869124 275056 1145431 43 16 23 18  0  0
39 30  70368 114825112 2399452 60197740    0    0 1279360 833932 264631 1095144 41 14 24 20  0  0
60 13  70368 114820708 2399452 60197764    0    0 1311920 846152 271433 1133575 43 15 24 19  0  0
46 25  70368 114816552 2399456 60197776    0    0 1347888 875776 278610 1164614 44 16 23 17  0  0
42 37  70368 114809444 2399456 60197804    0    0 1351600 884900 278978 1167223 44 16 23 17  0  0
29 48  70368 114823204 2399456 60197824    0    0 1262592 815140 256327 1066774 39 12 26 22  0  0
59 18  70368 114818868 2399456 60197848    0    0 1351920 877460 278526 1167536 44 16 23 17  0  0
46 20  70368 114813044 2399456 60197876    0    0 1350160 884032 278692 1165817 44 15 23 17  0  0
56 16  70368 114799140 2399456 60197900    0    0 1333184 871196 276353 1152954 44 15 23 18  0  0
46 26  70368 114823412 2399456 60197924    0    0 1333632 867308 276402 1151505 44 15 23 18  0  0
43 23  70368 114818528 2399456 60197948    0    0 1341776 880708 277438 1158645 44 16 23 18  0  0
47 32  70368 114816348 2399456 60197976    0    0 1328032 871080 275004 1145824 43 15 23 18  0  0
37 38  70368 114807576 2399456 60198012    0    0 1302000 855088 269195 1117844 42 15 24 19  0  0
54 22  70368 114826240 2399456 60198044    0    0 1296864 834880 265732 1106687 42 15 24 20  0  0
48 20  70368 114831916 2399456 60198064    0    0 1354384 880896 278711 1164903 44 15 23 18  0  0
49 27  70368 114856328 2399456 60198084    0    0 1351360 883716 277950 1164336 44 15 24 18  0  0
42 30  70368 114842676 2399456 60198108    0    0 1327904 865252 274388 1143177 43 15 23 18  0  0
40 32  70368 114829124 2399456 60198132    0    0 1277760 826972 261392 1089377 41 14 25 20  0  0
54 20  70368 114814128 2399456 60198164    0    0 1351984 875652 278669 1165765 44 16 23 17  0  0
30 42  70368 114809084 2399456 60198184    0    0 1352032 874604 279472 1166011 45 16 23 17  0  0
procs -----------memory---------- ---swap-- -----io---- -system-- -------cpu-------
 r  b   swpd   free   buff  cache   si   so    bi    bo   in   cs us sy id wa st gu
37 31  70368 114808060 2399456 60198208    0    0 1344560 879360 278217 1162408 44 16 23 17  0  0
43 28  70368 114825332 2399456 60198236    0    0 1337712 866040 277024 1149966 44 15 23 18  0  0
48 24  70368 114822228 2399456 60198264    0    0 1328096 861872 276092 1147761 43 15 23 18  0  0
42 33  70368 114814100 2399456 60198292    0    0 1326432 861332 273883 1140234 43 15 23 18  0  0
41 27  70368 114808620 2399456 60198312    0    0 1288800 829568 261978 1094577 40 13 26 21  0  0
53 19  70368 114832204 2399456 60198328    0    0 1345648 876500 277719 1162963 44 15 23 17  0  0
45 29  70368 114822508 2399456 60198360    0    0 1352736 881720 280548 1163609 44 16 23 17  0  0
57 17  70368 114813216 2399456 60198400    0    0 1342048 867624 277478 1155661 44 15 23 17  0  0
40 31  70368 114812272 2399456 60198420    0    0 1352592 871428 279195 1162888 44 16 23 17  0  0
56 16  70368 114810748 2399456 60198444    0    0 1264400 816680 259074 1073444 40 14 25 21  0  0
44 25  70368 114813664 2399456 60198464    0    0 1350752 880056 278068 1164709 44 15 23 17  0  0
49 27  70368 114800472 2399456 60198500    0    0 1348992 865924 277765 1159506 44 16 23 17  0  0
49 26  70368 114807404 2399456 60198524    0    0 1339088 873840 277461 1155911 44 16 23 18  0  0
57 16  70368 114815728 2399456 60198536    0    0 1331152 865244 273682 1143028 43 14 24 19  0  0
52 21  70368 114831708 2399456 60198560    0    0 1348288 876072 276513 1160912 44 14 23 18  0  0
52 18  70368 114834884 2399456 60198660    0    0 1246496 806072 256610 1060506 40 14 25 21  0  0
45 29  70368 114830536 2399456 60198680    0    0 1358960 879668 280017 1170870 45 16 23 17  0  0
46 25  70368 114826168 2399456 60198712    0    0 1357376 878832 278897 1164402 44 16 23 17  0  0
38 28  70368 114828404 2399456 60198728    0    0 1342048 881468 278080 1161528 44 15 23 17  0  0
39 35  70368 114828304 2399456 60198768    0    0 1345664 875504 278780 1163211 44 16 23 17  0  0
47 22  70368 114836508 2399456 60198784    0    0 1322320 851216 271519 1132752 43 15 23 18  0  0
procs -----------memory---------- ---swap-- -----io---- -system-- -------cpu-------
 r  b   swpd   free   buff  cache   si   so    bi    bo   in   cs us sy id wa st gu
46 24  70368 114821832 2399456 60198804    0    0 1304816 843888 267319 1117050 42 15 24 19  0  0
50 21  70368 114812020 2399456 60198828    0    0 1350096 888752 279222 1167175 45 15 23 17  0  0
38 38  70368 114804388 2399456 60198848    0    0 1348416 875852 277002 1160396 43 14 24 18  0  0
52 18  70368 114806564 2399456 60198868    0    0 1311072 848560 272845 1123751 43 15 25 18  0  0
36 44  70368 114819876 2399456 60198908    0    0 1303504 853356 271320 1121609 43 15 24 18  0  0
43 35  70368 114831860 2399456 60198924    0    0 1264096 817236 261409 1077801 40 14 25 21  0  0
40 30  70368 114830528 2399456 60198952    0    0 1348208 872312 279546 1162040 44 16 23 17  0  0
41 26  70368 114815060 2399456 60198980    0    0 1352128 870124 279298 1166018 45 16 22 17  0  0
42 26  70368 114813924 2399456 60199004    0    0 1349600 882480 278888 1163003 44 16 23 18  0  0
55 21  70368 114798548 2399456 60199036    0    0 1346576 875356 278758 1161501 44 16 23 17  0  0
46 33  70368 114799572 2399456 60199052    0    0 1348256 883032 278022 1164356 44 15 23 17  0  0
34 33  70368 114833360 2399456 60199080    0    0 1339200 864132 274402 1149834 43 14 24 19  0  0
40 28  70368 114845088 2399456 60199100    0    0 1291200 836960 262724 1098958 41 13 25 21  0  0
46 23  70368 114842636 2399456 60199128    0    0 1342000 875956 278533 1160604 44 16 23 17  0  0
46 29  70368 114823068 2399456 60199148    0    0 1335632 866128 275401 1148575 44 15 23 18  0  0
54 17  70368 114808028 2399456 60199164    0    0 1339904 881544 278706 1156436 44 15 23 18  0  0
47 26  70368 114824116 2399456 60199192    0    0 1240224 804136 256783 1058359 39 14 25 22  0  0
34 41  70368 114824056 2399456 60199232    0    0 1349232 877324 278204 1162431 44 16 23 17  0  0
48 22  70368 114822880 2399456 60199252    0    0 1347072 868028 277282 1160704 44 15 23 17  0  0
50 21  70368 114817432 2399456 60199292    0    0 1347904 882596 278865 1161643 44 16 23 18  0  0
37 31  70368 114815844 2399456 60199300    0    0 1345184 882388 278200 1164076 44 15 23 18  0  0
procs -----------memory---------- ---swap-- -----io---- -system-- -------cpu-------
 r  b   swpd   free   buff  cache   si   so    bi    bo   in   cs us sy id wa st gu
52 19  70368 114824424 2399456 60199332    0    0 1347152 884236 277149 1162619 43 14 25 18  0  0
42 28  70368 114844732 2399460 60199364    0    0 1341968 884500 278651 1162238 44 16 23 17  0  0
47 23  70368 114825432 2399460 60199380    0    0 1338320 869912 277398 1153021 44 15 23 17  0  0
52 27  70368 114830776 2399460 60199408    0    0 1266928 813640 262857 1080370 41 14 25 20  0  0
47 30  70368 114828056 2399460 60199428    0    0 1241328 810980 256669 1058625 40 14 25 21  0  0
36 44  70368 114833640 2399460 60199452    0    0 1212368 789928 250085 1028060 39 13 26 23  0  0
41 31  70368 114825832 2399460 60199488    0    0 1217664 778044 251453 1034699 39 13 26 23  0  0
35 45  70368 114835188 2399460 60199516    0    0 1227728 795648 252216 1040084 39 13 25 22  0  0
38 32  70368 114838512 2399460 60199540    0    0 1222448 781412 250413 1034743 39 13 26 22  0  0
26 52  70368 114843828 2399460 60199564    0    0 1177616 746888 237744 981576 36 11 28 26  0  0
45 27  70368 114829820 2399460 60199580    0    0 1135296 709344 229241 943029 35 11 27 26  0  0
43 24  70368 114831608 2399460 60199612    0    0 1138240 706728 230729 948126 36 12 27 26  0  0
48 22  70368 114823156 2399460 60199640    0    0 1142816 713264 231302 953109 36 12 27 25  0  0
49 24  70368 114825824 2399460 60199668    0    0 1210816 778060 247374 1024790 38 13 26 23  0  0
44 34  70368 114816700 2399460 60199700    0    0 1218912 780152 248852 1028057 38 13 26 23  0  0
51 27  70368 114824340 2399460 60199716    0    0 1234064 786600 252108 1042966 39 13 25 22  0  0
49 22  70368 114823024 2399460 60199744    0    0 1235408 794208 253378 1051588 39 14 25 22  0  0
36 36  70368 114827404 2399460 60199780    0    0 1253440 807532 257890 1070747 40 14 25 21  0  0
48 29  70368 114819068 2399460 60199796    0    0 1331936 856428 273219 1144781 42 14 25 19  0  0
36 37  70368 114834048 2399460 60199808    0    0 1322880 858400 273713 1140837 43 14 24 19  0  0
43 32  70368 114806484 2399460 60199840    0    0 1296912 843000 271620 1121589 42 15 24 19  0  0
procs -----------memory---------- ---swap-- -----io---- -system-- -------cpu-------
 r  b   swpd   free   buff  cache   si   so    bi    bo   in   cs us sy id wa st gu
57 16  70368 114821948 2399460 60199860    0    0 1315280 845344 272232 1131472 43 15 24 19  0  0
38 33  70368 114827076 2399460 60199896    0    0 1314208 844556 272724 1133272 43 15 24 18  0  0
40 33  70368 114825432 2399460 60199912    0    0 1325456 857804 273616 1140370 43 15 23 18  0  0
48 22  70368 114811768 2399460 60199936    0    0 1321408 850824 274144 1140956 43 15 23 18  0  0
36 38  70368 114803988 2399460 60199960    0    0 1322560 854124 274423 1140843 43 15 23 18  0  0
48 24  70368 114822908 2399460 60199988    0    0 1311456 856048 272556 1133205 43 15 24 19  0  0
41 32  70368 114821968 2399460 60200008    0    0 1322080 856244 272422 1133325 42 14 24 19  0  0
41 32  70368 114820284 2399460 60200028    0    0 1310624 853856 271287 1133443 42 14 25 19  0  0
48 27  70368 114827348 2399460 60200056    0    0 1321808 855880 272534 1136832 43 15 24 18  0  0
63 15  70368 114830748 2399460 60200084    0    0 1317472 858236 273424 1135474 43 15 24 18  0  0
52 20  70368 114829512 2399464 60200108    0    0 1308848 848476 272860 1129647 43 15 24 18  0  0
40 32  70368 114811032 2399464 60200128    0    0 1316672 857092 271386 1129649 43 15 23 19  0  0
39 42  70368 114821220 2399464 60200248    0    0 1297072 849848 270053 1121425 42 15 24 19  0  0
45 25  70368 114828720 2399464 60200284    0    0 1339472 868880 275789 1154113 43 16 23 18  0  0
46 25  70368 114817452 2399464 60200304    0    0 1350064 876144 278920 1163982 44 16 23 17  0  0
52 20  70368 114802280 2399464 60200332    0    0 1351024 886960 279914 1169296 45 16 23 17  0  0
54 19  70368 114793704 2399464 60200356    0    0 1359440 886508 277736 1170174 44 14 24 18  0  0
54 20  70368 114826524 2399464 60200380    0    0 1342880 869828 277045 1158476 44 15 23 18  0  0
53 22  70368 114843608 2399464 60200412    0    0 1334176 863828 276841 1149873 44 15 23 18  0  0
45 24  70368 114827252 2399464 60200436    0    0 1353360 881728 278444 1162111 44 16 23 17  0  0
38 40  70368 114813984 2399464 60200460    0    0 1350656 883604 279249 1166737 44 16 23 17  0  0
procs -----------memory---------- ---swap-- -----io---- -system-- -------cpu-------
 r  b   swpd   free   buff  cache   si   so    bi    bo   in   cs us sy id wa st gu
51 24  70368 114813008 2399464 60200484    0    0 1353488 877564 277592 1158961 44 15 23 17  0  0
38 32  70368 114820072 2399464 60200508    0    0 1346672 879260 277973 1162646 44 16 23 17  0  0
33 51  70368 114819712 2399464 60200536    0    0 1342848 859484 276484 1153187 44 15 23 18  0  0
46 26  70368 114820484 2399464 60200556    0    0 1338656 872680 277160 1157366 44 15 23 18  0  0
41 37  70368 114821196 2399464 60200572    0    0 1353184 888788 278820 1167633 44 15 24 18  0  0
53 16  70368 114824700 2399464 60200588    0    0 1356016 873304 277733 1169788 44 14 24 18  0  0
47 32  70368 114817492 2399464 60200624    0    0 1351088 874500 279119 1167632 44 16 23 17  0  0
40 42  70368 114827204 2399464 60200636    0    0 1341904 881908 278031 1157652 44 15 23 18  0  0
45 32  70368 114828716 2399464 60200664    0    0 1324128 871748 275038 1141507 43 15 23 18  0  0
41 33  70368 114819284 2399464 60200688    0    0 1345760 872804 276846 1157068 44 16 23 17  0  0
50 20  70368 114830036 2399464 60200712    0    0 1350480 872252 278655 1162129 44 16 23 17  0  0
43 24  70368 114820480 2399464 60200752    0    0 1352192 880152 279005 1168741 45 16 22 17  0  0
47 31  70368 114826816 2399464 60200772    0    0 1354544 881588 279467 1171068 44 16 23 17  0  0
53 22  70368 114816420 2399464 60200796    0    0 1340720 881872 277433 1160634 44 16 23 18  0  0
47 21  70368 114819016 2399464 60200824    0    0 1353344 883952 277061 1166021 43 14 24 18  0  0
47 25  70368 114823812 2399464 60200840    0    0 1341120 876764 275615 1157766 44 15 23 18  0  0
46 25  70368 114812536 2399464 60200872    0    0 1347696 879248 278146 1159017 44 15 23 17  0  0
47 25  70368 114815524 2399464 60200896    0    0 1352720 877412 279052 1167379 44 16 22 17  0  0
44 27  70368 114831720 2399464 60200920    0    0 1342224 877840 277249 1158618 44 15 23 18  0  0
45 32  70368 114816912 2399464 60200936    0    0 1335216 868336 276485 1153692 44 15 23 18  0  0
37 31  70368 114820864 2399464 60200980    0    0 1346848 875644 278062 1163192 44 16 23 17  0  0
procs -----------memory---------- ---swap-- -----io---- -system-- -------cpu-------
 r  b   swpd   free   buff  cache   si   so    bi    bo   in   cs us sy id wa st gu
53 18  70368 114815608 2399464 60201004    0    0 1347184 877052 279143 1162765 44 16 23 17  0  0
44 33  70368 114818292 2399464 60201024    0    0 1350400 884812 278966 1167520 45 16 22 17  0  0
51 22  70368 114823148 2399464 60201056    0    0 1356608 880968 278529 1171163 44 15 23 17  0  0
40 47  70368 114837608 2399464 60201068    0    0 1358832 886176 277686 1163488 44 14 24 18  0  0
46 23  70368 114831416 2399464 60201092    0    0 1345168 879472 277394 1158445 44 15 23 18  0  0
54 17  70368 114832940 2399464 60201124    0    0 1343200 878888 278312 1158154 44 15 23 18  0  0
42 32  70368 114821096 2399464 60201144    0    0 1344320 875344 277234 1158357 44 15 23 18  0  0
42 27  70368 114831352 2399464 60201172    0    0 1351968 870688 279229 1166619 44 16 23 17  0  0
38 41  70368 114817820 2399464 60201200    0    0 1345776 882680 277956 1163492 44 16 23 17  0  0
51 22  70368 114804220 2399464 60201224    0    0 1335312 870624 276581 1151920 44 15 23 18  0  0
55 16  70368 114818244 2399464 60201264    0    0 1349424 875696 278645 1162574 44 16 23 17  0  0
45 43  70368 114822552 2399464 60201284    0    0 1346192 879092 278191 1161281 44 15 23 17  0  0
39 34  70368 114816676 2399464 60201308    0    0 1365072 882728 278726 1173272 44 14 24 18  0  0
56 22  70368 114815092 2399464 60201324    0    0 1355472 884292 279282 1168903 44 15 23 17  0  0
49 21  70368 114802008 2399464 60201352    0    0 1344592 880552 278073 1160637 44 15 23 18  0  0
50 23  70368 114812440 2399464 60201388    0    0 1354672 883964 280894 1170488 44 16 23 17  0  0
40 31  70368 114802092 2399464 60201404    0    0 1344032 878348 279147 1166276 44 16 23 17  0  0
52 27  70368 114810716 2399464 60201424    0    0 1345504 875192 277827 1157494 43 15 23 18  0  0
45 26  70368 114821400 2399464 60201452    0    0 1344368 883288 278684 1163439 44 16 23 17  0  0
40 31  70368 114816372 2399464 60201476    0    0 1343424 881540 278578 1159027 44 15 23 17  0  0
38 38  70368 114813372 2399464 60201500    0    0 1337184 868748 277458 1151283 44 15 23 18  0  0
procs -----------memory---------- ---swap-- -----io---- -system-- -------cpu-------
 r  b   swpd   free   buff  cache   si   so    bi    bo   in   cs us sy id wa st gu
49 21  70368 114812184 2399464 60201540    0    0 1354560 881140 277827 1163765 44 15 23 18  0  0
42 27  70368 114823124 2399464 60201552    0    0 1357472 885488 278037 1166151 44 14 24 18  0  0
46 27  70368 114823568 2399464 60201572    0    0 1344224 882232 277223 1160375 44 15 23 17  0  0
50 24  70368 114820976 2399464 60201600    0    0 1347968 877296 278502 1163700 44 16 23 17  0  0
44 22  70368 114807452 2399464 60201624    0    0 1348560 878896 279108 1162638 44 15 23 18  0  0
57 17  70368 114807680 2399464 60201652    0    0 1352560 877432 279311 1167944 45 16 23 17  0  0
42 33  70368 114812056 2399464 60201680    0    0 1350528 888680 279991 1167147 45 16 22 17  0  0
40 28  70368 114821284 2399464 60201704    0    0 1339872 866072 275929 1148331 44 15 23 18  0  0
51 19  70368 114829912 2399464 60201732    0    0 1209552 779596 248344 1022924 38 13 26 23  0  0
39 33  70368 114812168 2399464 60201824    0    0 1223120 794496 250919 1038263 39 13 25 23  0  0
32 44  70368 114815908 2399464 60201852    0    0 1227040 795016 250355 1036844 38 12 27 24  0  0
51 22  70368 114843872 2399464 60201876    0    0 1244368 806976 255626 1060343 40 13 25 22  0  0
39 33  70368 114824904 2399464 60201892    0    0 1310016 854364 270634 1127484 42 15 24 19  0  0
46 22  70368 114812644 2399464 60201932    0    0 1316736 852172 272463 1131449 43 15 24 19  0  0
43 25  70368 114809976 2399464 60201948    0    0 1304832 853876 271535 1127594 42 15 24 19  0  0
52 22  70368 114819660 2399464 60201964    0    0 1315344 852108 271676 1129750 43 15 24 19  0  0
38 32  70368 114810628 2399464 60201992    0    0 1307232 850676 270501 1125689 42 15 24 19  0  0
49 25  70368 114811464 2399464 60202028    0    0 1316848 857148 271111 1133495 43 15 24 19  0  0
52 20  70368 114802068 2399464 60202064    0    0 1316656 851732 270928 1130157 42 15 24 19  0  0
46 27  70368 114814788 2399464 60202100    0    0 1310864 856928 271112 1130120 42 14 24 19  0  0
46 25  70368 114831604 2399464 60202108    0    0 1295280 846280 268596 1116000 41 14 25 20  0  0
procs -----------memory---------- ---swap-- -----io---- -system-- -------cpu-------
 r  b   swpd   free   buff  cache   si   so    bi    bo   in   cs us sy id wa st gu
35 36  70368 114829812 2399464 60202132    0    0 1295264 843944 269408 1119265 42 15 24 19  0  0
46 24  70368 114832976 2399464 60202156    0    0 1299856 844424 268781 1117923 42 15 24 19  0  0
47 26  70368 114816748 2399464 60202184    0    0 1305216 849008 271004 1128091 42 15 25 18  0  0
39 35  70368 114827860 2399464 60202208    0    0 1316000 855132 271215 1130941 43 15 24 19  0  0
47 31  70368 114820044 2399464 60202236    0    0 1310080 856456 271155 1126523 43 15 24 19  0  0
51 16  70368 114833012 2399464 60202264    0    0 1305792 848984 269333 1117447 42 15 24 19  0  0
49 26  70368 114816492 2399464 60202288    0    0 1312096 852156 271304 1130028 43 15 24 19  0  0
34 36  70368 114809148 2399464 60202312    0    0 1315232 857044 272216 1131333 42 15 24 19  0  0
49 21  70368 114810984 2399464 60202336    0    0 1323664 853860 269612 1132587 42 13 25 19  0  0
42 40  70368 114808876 2399464 60202352    0    0 1314800 866956 273053 1136956 43 15 23 19  0  0
42 27  70368 114801892 2399464 60202384    0    0 1308592 855280 270480 1122979 42 15 24 19  0  0
43 29  70368 114821348 2399464 60202404    0    0 1292400 852992 268807 1113194 42 15 24 19  0  0
49 28  70368 114824320 2399464 60202436    0    0 1298416 842692 268118 1113980 42 15 24 20  0  0
43 28  70368 114816664 2399464 60202460    0    0 1313056 853508 271284 1128569 42 15 24 19  0  0
45 25  70368 114806540 2399464 60202496    0    0 1313520 856148 271184 1129715 42 15 24 19  0  0
45 24  70368 114771592 2399464 60202524    0    0 1314512 852568 272220 1133142 43 15 23 19  0  0
50 25  70368 114793308 2399464 60202552    0    0 1310720 851432 270551 1128615 42 15 24 19  0  0
42 28  70368 114791860 2399464 60202576    0    0 1315712 856848 270809 1130451 42 14 25 20  0  0
36 43  70368 114822660 2399464 60202588    0    0 1329792 857672 272555 1139980 43 14 24 19  0  0
38 36  70368 114839080 2399464 60202620    0    0 1318016 860336 272303 1132602 43 15 23 19  0  0
45 25  70368 114814348 2399464 60202656    0    0 1324960 859260 272441 1134512 43 15 24 19  0  0
procs -----------memory---------- ---swap-- -----io---- -system-- -------cpu-------
 r  b   swpd   free   buff  cache   si   so    bi    bo   in   cs us sy id wa st gu
43 29  70368 114793516 2399464 60202672    0    0 1322256 858180 272833 1137651 43 15 24 19  0  0
48 30  70368 114795152 2399464 60202700    0    0 1304160 842148 270992 1130002 43 15 24 19  0  0
39 46  70368 114813160 2399464 60202724    0    0 1285456 831828 265327 1103213 41 15 25 20  0  0
34 34  70368 114829932 2399464 60202752    0    0 1241744 799976 255620 1056453 40 14 25 22  0  0
41 31  70368 114825340 2399464 60202776    0    0 1313552 861952 273175 1135621 43 15 24 18  0  0
58 16  70368 114818028 2399464 60202804    0    0 1327952 859872 272012 1137905 42 15 24 19  0  0
39 31  70368 114826372 2399464 60202820    0    0 1327024 863548 271454 1138728 42 14 25 19  0  0
49 24  70368 114817216 2399464 60202848    0    0 1305440 854252 270948 1127614 42 15 25 18  0  0
55 20  70368 114818544 2399464 60202864    0    0 1312912 862024 271700 1128832 42 15 24 19  0  0
40 39  70368 114825556 2399464 60202904    0    0 1322160 861652 272782 1137588 43 15 24 19  0  0
49 29  70368 114811576 2399464 60202928    0    0 1322240 863864 273878 1138814 43 15 24 18  0  0
48 23  70368 114814160 2399464 60202948    0    0 1319504 855880 272862 1136807 43 15 24 19  0  0
46 24  70368 114811328 2399464 60202968    0    0 1316304 856508 271551 1135180 42 15 24 19  0  0
43 28  70368 114801600 2399464 60202996    0    0 1283424 829944 264668 1103044 41 15 24 20  0  0
48 22  70368 114822860 2399464 60203028    0    0 1232864 795328 254526 1047061 39 13 26 22  0  0
49 29  70368 114835780 2399464 60203048    0    0 1317168 851040 278859 1124870 42 14 25 20  0  0
49 22  70368 114829184 2399464 60203072    0    0 1253568 803036 256811 1064398 40 13 25 22  0  0
39 30  70368 114830716 2399464 60203100    0    0 1313584 848756 270595 1130073 43 15 24 19  0  0
43 24  70368 114807880 2399464 60203124    0    0 1317120 865912 273003 1137717 43 15 24 19  0  0
47 25  70368 114807100 2399464 60203152    0    0 1316352 858552 272081 1132540 43 15 24 19  0  0
39 31  70368 114818784 2399464 60203180    0    0 1321760 853476 271727 1130121 43 15 24 19  0  0
procs -----------memory---------- ---swap-- -----io---- -system-- -------cpu-------
 r  b   swpd   free   buff  cache   si   so    bi    bo   in   cs us sy id wa st gu
44 31  70368 114819376 2399464 60203196    0    0 1318208 855400 271736 1130465 43 15 24 19  0  0
43 28  70368 114832128 2399464 60203232    0    0 1321424 855472 274829 1139799 43 15 24 18  0  0
48 26  70368 114829356 2399464 60203256    0    0 1316640 855740 272113 1132221 43 15 24 19  0  0
45 25  70368 114837396 2399464 60203288    0    0 1313088 858856 270778 1127928 42 14 24 19  0  0
42 41  70368 114838524 2399464 60203308    0    0 1240272 802632 253610 1050428 39 12 26 23  0  0
33 43  70368 114825976 2399464 60203336    0    0 1291440 835824 267730 1104426 42 14 24 19  0  0
52 19  70368 114850000 2399464 60203436    0    0 1319296 851428 272729 1138083 43 15 23 18  0  0
45 30  70368 114830928 2399464 60203444    0    0 1316128 856828 273949 1135540 43 15 24 18  0  0
42 25  70368 114813272 2399464 60203472    0    0 1319024 857064 274244 1140405 43 15 24 18  0  0
47 31  70368 114830592 2399468 60203496    0    0 1323072 861768 273677 1138791 43 15 24 18  0  0
51 22  70368 114832300 2399468 60203536    0    0 1316528 863612 273836 1139575 43 15 24 18  0  0
41 30  70368 114836240 2399468 60203552    0    0 1315408 854092 272386 1131717 43 15 24 18  0  0
38 33  70368 114830376 2399468 60203576    0    0 1321872 863340 272668 1138312 43 15 24 18  0  0
43 26  70368 114822216 2399468 60203600    0    0 1340544 863956 273029 1148878 42 13 25 19  0  0
52 22  70368 114821788 2399468 60203624    0    0 1320208 858240 272593 1134116 43 15 24 19  0  0
37 42  70368 114813972 2399468 60203652    0    0 1273552 828016 261145 1083437 41 14 25 20  0  0
53 24  70368 114829248 2399468 60203680    0    0 1281056 835176 263667 1097656 41 14 25 20  0  0
37 31  70368 114810768 2399468 60203704    0    0 1316688 863204 272949 1128457 43 15 24 19  0  0
45 22  70368 114829796 2399468 60203728    0    0 1316544 857660 271499 1127694 43 15 24 19  0  0
45 32  70368 114837208 2399468 60203748    0    0 1312992 853140 272284 1131470 43 15 24 18  0  0
59 20  70368 114810388 2399468 60203780    0    0 1323168 866420 272457 1136442 43 15 23 19  0  0
