procs -----------memory---------- ---swap-- -----io---- -system-- -------cpu-------
 r  b   swpd   free   buff  cache   si   so    bi    bo   in   cs us sy id wa st gu
 5  0  70368 103331528 2396844 55678344    0    1 12972 16049 4071    2  2  0 98  0  0  0
 1  0  70368 103338384 2396844 55678408    0    0     0 320004 96410 59475  1  0 98  0  0  0
103  0  70368 103274348 2396848 55678444    0    0     0 91568 88510 33484 94  2  5  0  0  0
142  0  70368 103249744 2396848 55678464    0    0     0 257104 176501 50230 97  2  1  0  0  0
150  0  70368 103236740 2396848 55678476    0    0     0 236052 94369 41067 98  2  1  0  0  0
110  2  70368 103213704 2396848 55678496    0    0     0 226796 92986 41707 98  2  1  0  0  0
121  0  70368 103189956 2396848 55678512    0    0     0 231252 173024 43469 97  2  2  0  0  0
97  0  70368 103173268 2396848 55678532    0    0     0 208484 94442 45072 98  2  0  0  0  0
112  0  70368 103146384 2396848 55678548    0    0     0 227520 96522 42976 97  2  1  0  0  0
109  0  70368 103134300 2396848 55678560    0    0     0 220404 105047 41330 98  2  1  0  0  0
163  0  70368 103112940 2396852 55678580    0    0     0 233144 102008 45312 98  2  0  0  0  0
107  1  70368 103088384 2396852 55678608    0    0     0 276164 109596 49394 98  2  0  0  0  0
149  0  70368 102512688 2396852 55678692    0    0     0 356856 711029 317483 57 29 14  0  0  0
172  2  70368 102319340 2396852 55678708    0    0     0 265484 185410 585059 84 16  0  0  0  0
177  0  70368 102218920 2396852 55678728    0    0     0 449236 204577 714261 79 20  0  0  0  0
153  1  70368 102180004 2396856 55678752    0    0     0 359120 181232 714745 80 20  0  0  0  0
126  0  70368 102154056 2396856 55678784    0    0     0 354580 165846 715690 80 20  0  0  0  0
136  0  70368 102146816 2396856 55678804    0    0     0 358616 160761 715839 80 20  0  0  0  0
155  0  70368 102126892 2396856 55678828    0    0     0 359508 200638 714864 79 20  0  0  0  0
188  0  70368 102136508 2396856 55678840    0    0     0 357112 164835 719627 80 19  1  0  0  0
183  0  70368 102138956 2396856 55678860    0    0     0 363412 168205 716225 80 20  0  0  0  0
procs -----------memory---------- ---swap-- -----io---- -system-- -------cpu-------
 r  b   swpd   free   buff  cache   si   so    bi    bo   in   cs us sy id wa st gu
148  0  70368 102134716 2396856 55678888    0    0     0 366476 166328 714799 80 20  0  0  0  0
165  0  70368 102131256 2396856 55678912    0    0     0 361688 161197 715907 80 20  0  0  0  0
152  0  70368 102144384 2396856 55678928    0    0     0 281812 155240 711110 80 20  0  0  0  0
154  0  70368 102121556 2396856 55678948    0    0     0 283296 157427 710502 80 20  0  0  0  0
147  1  70368 102128288 2396856 55678972    0    0     0 278136 160353 685977 80 20  0  0  0  0
181  0  70368 102117116 2396856 55679004    0    0     0 285124 182120 678928 79 21  0  0  0  0
180  0  70368 102101772 2396856 55679020    0    0     0 283044 163356 653376 79 21  0  0  0  0
163  0  70368 102105496 2396856 55679044    0    0     0 288868 158423 658743 79 20  0  0  0  0
136  0  70368 102111104 2396856 55679064    0    0     0 286220 158322 660329 79 20  0  0  0  0
177  0  70368 102119844 2396856 55679084    0    0     0 283400 159563 659890 79 20  0  0  0  0
156  0  70368 102118388 2396856 55679112    0    0     0 285748 155922 662172 80 20  0  0  0  0
191  0  70368 102115416 2396856 55679124    0    0     0 286812 161723 661210 79 20  0  0  0  0
162  0  70368 102114028 2396856 55679152    0    0     0 290432 159562 665202 80 20  0  0  0  0
141  0  70368 102115880 2396856 55679164    0    0     0 289256 156645 664758 80 19  0  0  0  0
184  1  70368 102114704 2396856 55679192    0    0     0 293148 158038 662781 80 20  0  0  0  0
183  1  70368 102117372 2396856 55679216    0    0     0 292208 154539 662514 80 20  0  0  0  0
161  0  70368 102109620 2396856 55679236    0    0     0 290648 157648 663354 80 20  0  0  0  0
172  0  70368 102105764 2396856 55679264    0    0     0 294548 153976 665313 80 20  0  0  0  0
177  0  70368 102113384 2396856 55679284    0    0     0 297232 155855 662122 80 20  0  0  0  0
173  0  70368 102110076 2396856 55679316    0    0     0 298868 161971 661325 79 20  0  0  0  0
165  0  70368 102108544 2396856 55679328    0    0     0 295440 156264 666801 80 20  0  0  0  0
procs -----------memory---------- ---swap-- -----io---- -system-- -------cpu-------
 r  b   swpd   free   buff  cache   si   so    bi    bo   in   cs us sy id wa st gu
171  0  70368 102103612 2396856 55679368    0    0     0 296756 154914 660987 80 20  0  0  0  0
151  0  70368 102105280 2396856 55679384    0    0     0 296160 158544 664815 79 20  0  0  0  0
188  0  70368 102092624 2396856 55679404    0    0     0 297868 156445 662877 80 20  0  0  0  0
163  0  70368 102097020 2396860 55679424    0    0     0 297960 155039 666671 80 20  0  0  0  0
132  1  70368 102093108 2396860 55679448    0    0     0 301492 159065 660774 79 20  0  0  0  0
163  0  70368 102075092 2396860 55679480    0    0     0 299140 161107 665345 79 21  0  0  0  0
171  0  70368 102083640 2396860 55679500    0    0     0 301716 158807 668714 80 20  0  0  0  0
190  0  70368 102082236 2396860 55679520    0    0     0 301124 157274 667419 80 19  0  0  0  0
146  0  70368 102077924 2396860 55679540    0    0     0 304316 156898 664527 79 20  0  0  0  0
184  0  70368 102082488 2396860 55679564    0    0     0 303264 153657 661998 80 20  0  0  0  0
167  0  70368 102079180 2396860 55679584    0    0     0 305140 156581 666093 79 20  0  0  0  0
171  0  70368 102077224 2396860 55679604    0    0     0 332164 157486 664270 80 20  0  0  0  0
176  1  70368 102074740 2396860 55679624    0    0     0 329784 156691 669153 80 20  0  0  0  0
188  0  70368 102068312 2396864 55679640    0    0     0 332244 156110 665774 80 20  0  0  0  0
135  0  70368 102069920 2396864 55679668    0    0     0 330852 157085 666484 79 20  0  0  0  0
169  0  70368 102062180 2396864 55679692    0    0     0 333980 156186 666753 79 20  0  0  0  0
168  0  70368 102060888 2396864 55679708    0    0     0 331120 157135 668061 80 20  0  0  0  0
164  0  70368 102055288 2396864 55679732    0    0     0 327452 157206 668763 80 20  0  0  0  0
180  0  70368 102054376 2396864 55679760    0    0     0 329492 155922 669333 80 20  0  0  0  0
165  0  70368 102043972 2396864 55679776    0    0     0 335056 157148 666880 80 20  0  0  0  0
170  0  70368 102054112 2396864 55679800    0    0     0 338248 156501 665654 80 20  0  0  0  0
procs -----------memory---------- ---swap-- -----io---- -system-- -------cpu-------
 r  b   swpd   free   buff  cache   si   so    bi    bo   in   cs us sy id wa st gu
154  0  70368 102053748 2396864 55679820    0    0     0 336412 159483 672524 80 19  0  0  0  0
141  0  70368 102055416 2396864 55679836    0    0     0 333832 155840 669853 80 20  0  0  0  0
161  0  70368 102053748 2396864 55679860    0    0     0 336848 157920 669810 80 20  0  0  0  0
152  0  70368 102053316 2396864 55679880    0    0     0 333364 159368 667273 80 20  0  0  0  0
189  0  70368 102050380 2396864 55679904    0    0     0 342908 158194 671455 80 20  0  0  0  0
151  0  70368 102049640 2396864 55679928    0    0     0 340032 156602 671584 80 20  0  0  0  0
165  0  70368 102042000 2396864 55679948    0    0     0 338616 159550 670640 80 20  0  0  0  0
145  0  70368 102042804 2396864 55679984    0    0     0 337452 158725 669434 80 20  0  0  0  0
171  0  70368 102041136 2396864 55679996    0    0     0 342456 156693 669669 79 20  1  0  0  0
160  0  70368 102033368 2396864 55680084    0    0     0 346112 159757 666496 80 20  0  0  0  0
147  0  70368 102030232 2396864 55680104    0    0     0 346320 160181 669718 80 20  0  0  0  0
142  0  70368 102024852 2396864 55680132    0    0     0 339724 153016 669752 80 20  0  0  0  0
174  0  70368 102018252 2396864 55680156    0    0     0 340980 154218 672188 80 20  0  0  0  0
147  0  70368 102028588 2396864 55680172    0    0     0 340128 157626 668534 80 20  0  0  0  0
173  0  70368 102027348 2396864 55680196    0    0     0 342872 158798 668278 79 20  0  0  0  0
164  0  70368 102026684 2396864 55680224    0    0     0 339904 158507 675797 80 20  0  0  0  0
178  0  70368 102022604 2396864 55680244    0    0     0 341352 158920 671261 80 20  0  0  0  0
162  0  70368 102029260 2396864 55680264    0    0     0 343624 161549 668342 79 20  0  0  0  0
167  0  70368 102031144 2396864 55680284    0    0     0 345256 153481 673953 80 20  0  0  0  0
167  1  70368 102025452 2396864 55680308    0    0     0 343908 158899 672802 80 20  0  0  0  0
197  0  70368 102026808 2396864 55680336    0    0     0 365460 159545 672170 79 20  0  0  0  0
procs -----------memory---------- ---swap-- -----io---- -system-- -------cpu-------
 r  b   swpd   free   buff  cache   si   so    bi    bo   in   cs us sy id wa st gu
158  0  70368 102030020 2396864 55680352    0    0     0 361216 157878 667162 80 20  0  0  0  0
172  1  70368 102023136 2396864 55680380    0    0     0 363996 159413 672964 80 20  0  0  0  0
157  0  70368 102021544 2396864 55680400    0    0     0 363044 156158 670058 80 20  0  0  0  0
152  0  70368 102015792 2396864 55680420    0    0     0 362796 154096 670777 80 20  0  0  0  0
120  0  70368 102010892 2396864 55680440    0    0     0 364692 159567 670643 80 20  0  0  0  0
175  0  70368 102009180 2396864 55680468    0    0     0 364152 160793 666557 79 21  0  0  0  0
172  0  70368 102018744 2396868 55680480    0    0     0 365356 161402 666030 79 21  0  0  0  0
153  0  70368 102012568 2396868 55680500    0    0     0 364916 162074 669583 79 21  0  0  0  0
173  0  70368 102015768 2396868 55680524    0    0     0 369664 160101 669143 79 21  0  0  0  0
151  0  70368 102008512 2396868 55680552    0    0     0 370580 161711 671559 80 20  0  0  0  0
170  0  70368 102018264 2396868 55680564    0    0     0 368192 160838 675902 80 20  0  0  0  0
142  0  70368 102017540 2396868 55680588    0    0     0 365176 157573 665871 80 20  0  0  0  0
109  0  70368 102008456 2396868 55680608    0    0     0 372372 161857 667901 79 20  0  0  0  0
159  0  70368 102011636 2396868 55680636    0    0     0 369064 163358 667777 79 21  0  0  0  0
138  0  70368 102009516 2396868 55680656    0    0     0 372180 161296 669144 79 20  0  0  0  0
144  0  70368 102000868 2396868 55680676    0    0     0 373260 161913 670652 79 20  0  0  0  0
175  0  70368 102000340 2396872 55680696    0    0     0 372248 158085 672913 80 20  0  0  0  0
161  0  70368 101996100 2396872 55680724    0    0     0 371396 165836 668457 79 20  0  0  0  0
162  1  70368 101995256 2396872 55680740    0    0     0 375420 161750 671033 79 20  0  0  0  0
205  0  70368 101993956 2396872 55680768    0    0     0 371896 161536 665313 79 20  0  0  0  0
172  0  70368 102000392 2396872 55680792    0    0     0 373624 161010 670843 80 20  0  0  0  0
procs -----------memory---------- ---swap-- -----io---- -system-- -------cpu-------
 r  b   swpd   free   buff  cache   si   so    bi    bo   in   cs us sy id wa st gu
145  0  70368 101996224 2396872 55680816    0    0     0 371972 162260 670938 79 21  0  0  0  0
163  0  70368 101993596 2396872 55680840    0    0     0 375348 161083 673424 79 20  0  0  0  0
160  0  70368 101990260 2396872 55680864    0    0     0 372568 160969 672199 79 20  0  0  0  0
176  0  70368 101994528 2396872 55680880    0    0     0 370608 159953 670839 80 20  0  0  0  0
195  0  70368 101994364 2396872 55680896    0    0     0 373748 159219 674525 80 19  0  0  0  0
182  0  70368 101992604 2396876 55680916    0    0     0 371136 158010 671256 80 20  0  0  0  0
145  0  70368 101980324 2396876 55680940    0    0     0 372532 155754 672450 80 20  0  0  0  0
153  0  70368 101977236 2396876 55680960    0    0     0 374612 160969 671735 80 20  0  0  0  0
169  0  70368 101971524 2396876 55680984    0    0     0 384796 165851 667791 80 20  0  0  0  0
191  0  70368 101964704 2396876 55681012    0    0     0 392584 163785 673611 80 20  0  0  0  0
176  0  70368 101977924 2396876 55681032    0    0     0 431452 162243 675279 80 20  0  0  0  0
166  0  70368 101983824 2396876 55681056    0    0     0 465292 163037 677578 80 20  0  0  0  0
179  0  70368 101987320 2396876 55681080    0    0     0 485552 165871 679949 79 20  0  0  0  0
147  0  70368 101987516 2396876 55681104    0    0     0 477004 170023 677211 79 21  0  0  0  0
163  0  70368 101973732 2396876 55681128    0    0     0 467056 168946 673640 79 20  0  0  0  0
173  0  70368 101982408 2396876 55681152    0    0     0 462128 165269 673220 80 20  0  0  0  0
153  0  70368 101984636 2396876 55681176    0    0     0 459248 165844 676643 79 20  0  0  0  0
174  0  70368 101984280 2396876 55681196    0    0     0 454672 169490 674570 79 21  0  0  0  0
168  0  70368 101982848 2396876 55681212    0    0     0 450056 165594 673585 80 20  0  0  0  0
161  0  70368 101988324 2396876 55681236    0    0     0 446508 166201 680504 80 19  0  0  0  0
180  0  70368 101974736 2396876 55681256    0    0     0 442212 160275 670808 79 20  0  0  0  0
procs -----------memory---------- ---swap-- -----io---- -system-- -------cpu-------
 r  b   swpd   free   buff  cache   si   so    bi    bo   in   cs us sy id wa st gu
159  0  70368 101976776 2396876 55681272    0    0     0 444912 163511 673938 79 20  0  0  0  0
152  0  70368 101968860 2396876 55681292    0    0     0 442296 164687 672974 79 21  0  0  0  0
172  0  70368 101969828 2396876 55681320    0    0     0 438524 162820 674148 80 20  0  0  0  0
156  0  70368 101962188 2396876 55681344    0    0     0 438304 163063 676075 80 20  0  0  0  0
166  0  70368 101971352 2396880 55681364    0    0     0 434484 162450 672362 80 20  0  0  0  0
132  0  70368 101967804 2396880 55681388    0    0     0 433472 165988 674142 79 20  0  0  0  0
132  0  70368 101972180 2396880 55681476    0    0     0 434452 162944 677778 80 20  0  0  0  0
157  0  70368 101956916 2396880 55681496    0    0     0 432552 164097 670281 80 20  0  0  0  0
126  0  70368 101961020 2396880 55681524    0    0     0 431432 161244 678120 79 20  0  0  0  0
164  0  70368 101958760 2396880 55681544    0    0     0 424612 161344 674092 80 20  0  0  0  0
154  0  70368 101961260 2396880 55681572    0    0     0 427020 162389 676928 80 20  0  0  0  0
160  0  70368 101954056 2396880 55681596    0    0     0 422828 162180 672989 79 20  0  0  0  0
140  0  70368 101958620 2396880 55681612    0    0     0 425504 164461 681438 80 20  0  0  0  0
172  0  70368 101953964 2396880 55681636    0    0     0 425244 161880 683129 80 20  0  0  0  0
184  1  70368 101962512 2396884 55681652    0    0     0 422020 160726 671431 80 20  0  0  0  0
173  0  70368 101959380 2396884 55681680    0    0     0 420500 163515 676713 79 20  0  0  0  0
177  0  70368 101952956 2396884 55681708    0    0     0 419264 163871 675266 80 20  0  0  0  0
130  0  70368 101942548 2396884 55681728    0    0     0 437192 163314 677536 79 20  0  0  0  0
183  0  70368 101947916 2396884 55681752    0    0     0 434928 165255 677269 80 20  0  0  0  0
189  0  70368 101944496 2396884 55681780    0    0     0 436284 162252 675733 80 20  0  0  0  0
182  1  70368 101935696 2396884 55681800    0    0     0 431916 160504 679118 80 20  0  0  0  0
procs -----------memory---------- ---swap-- -----io---- -system-- -------cpu-------
 r  b   swpd   free   buff  cache   si   so    bi    bo   in   cs us sy id wa st gu
153  0  70368 101931780 2396884 55681820    0    0     0 435556 164982 672981 80 20  0  0  0  0
131  0  70368 101931204 2396884 55681848    0    0     0 430792 165145 675631 80 20  0  0  0  0
130  0  70368 101934080 2396884 55681864    0    0     0 435140 165812 674295 79 20  0  0  0  0
181  0  70368 101929040 2396884 55681892    0    0     0 429456 165070 677036 79 20  0  0  0  0
149  0  70368 101923128 2396884 55681908    0    0     0 430192 162808 677260 80 20  0  0  0  0
172  0  70368 101925148 2396884 55681928    0    0     0 425916 164144 673805 79 20  0  0  0  0
129  0  70368 101930132 2396884 55681952    0    0     0 424340 164904 674684 80 20  0  0  0  0
155  0  70368 101923616 2396884 55681968    0    0     0 424112 161230 675377 80 20  0  0  0  0
193  0  70368 101924068 2396884 55682000    0    0     0 422876 162316 674601 79 20  0  0  0  0
200  0  70368 101920112 2396888 55682016    0    0     0 416492 163100 674358 79 20  0  0  0  0
176  0  70368 101918720 2396888 55682040    0    0     0 417912 160857 676208 80 20  0  0  0  0
195  0  70368 101914192 2396888 55682064    0    0     0 415724 161248 669587 79 21  0  0  0  0
120  0  70368 101920048 2396888 55682084    0    0     0 416296 160539 674020 80 20  0  0  0  0
157  0  70368 101925232 2396888 55682116    0    0     0 412892 159094 676428 80 20  0  0  0  0
159  0  70368 101912024 2396896 55682128    0    0     0 412924 162917 673523 80 20  0  0  0  0
131  0  70368 101910140 2396896 55682152    0    0     0 414712 166608 668851 79 20  0  0  0  0
206  0  70368 101914024 2396896 55682180    0    0     0 409724 162739 669490 80 20  0  0  0  0
178  0  70368 101916328 2396896 55682208    0    0     0 408220 161126 663737 78 20  2  0  0  0
189  1  70368 101913436 2396896 55682240    0    0     0 410804 161417 670015 79 20  0  0  0  0
109  0  70368 101907748 2396896 55682248    0    0     0 409896 161298 673283 80 20  0  0  0  0
170  0  70368 101906692 2396900 55682280    0    0     0 408776 164687 673511 79 21  0  0  0  0
procs -----------memory---------- ---swap-- -----io---- -system-- -------cpu-------
 r  b   swpd   free   buff  cache   si   so    bi    bo   in   cs us sy id wa st gu
155  0  70368 101906232 2396904 55682308    0    0     0 406920 162745 668429 79 20  0  0  0  0
184  0  70368 101909200 2396904 55682356    0    0     0 404064 161145 663453 78 21  1  0  0  0
141  0  70368 101919956 2396904 55682352    0    0     0 407288 162344 670043 80 20  0  0  0  0
153  0  70368 101919276 2396904 55682372    0    0     0 405740 163182 670924 79 20  0  0  0  0
178  0  70368 101919540 2396912 55682384    0    0     0 403420 163559 673115 79 20  0  0  0  0
182  0  70368 101918692 2396916 55682416    0    0     0 412512 164692 674564 79 20  0  0  0  0
164  0  70368 101923380 2396916 55682444    0    0     0 409140 160926 668823 80 20  0  0  0  0
172  0  70368 101913628 2396916 55682460    0    0     0 407628 162389 671331 80 20  0  0  0  0
146  0  70368 101916524 2396916 55682492    0    0     0 404640 159284 675504 80 20  0  0  0  0
160  0  70368 101913120 2396916 55682504    0    0     0 410160 162003 671869 79 20  0  0  0  0
164  0  70368 101905660 2396916 55682532    0    0     0 409616 160354 666171 79 20  0  0  0  0
183  0  70368 101903316 2396916 55682552    0    0     0 406684 161753 671710 80 20  0  0  0  0
135  0  70368 101901064 2396916 55682568    0    0     0 406600 165707 672282 79 20  0  0  0  0
116  0  70368 101896196 2396916 55682596    0    0     0 406664 158539 670625 80 20  0  0  0  0
155  0  70368 101905176 2396916 55682620    0    0     0 404596 161673 669045 80 20  0  0  0  0
186  0  70368 101907224 2396920 55682636    0    0     0 405540 164368 674598 80 20  0  0  0  0
105  0  70368 101906412 2396920 55682652    0    0     0 401528 162948 672550 80 20  0  0  0  0
165  0  70368 101899068 2396920 55682680    0    0     0 402788 165461 675439 80 20  0  0  0  0
162  1  70368 101901064 2396920 55682696    0    0     0 402548 162462 669506 79 20  0  0  0  0
172  0  70368 101907404 2396920 55682720    0    0     0 400788 163928 670174 79 21  0  0  0  0
164  0  70368 101908356 2396920 55682748    0    0     0 399268 159845 672448 80 20  0  0  0  0
procs -----------memory---------- ---swap-- -----io---- -system-- -------cpu-------
 r  b   swpd   free   buff  cache   si   so    bi    bo   in   cs us sy id wa st gu
170  0  70368 101898828 2396920 55682764    0    0     0 401516 158860 673377 80 20  0  0  0  0
179  0  70368 101907896 2396920 55682792    0    0     0 401100 159723 673159 80 20  0  0  0  0
187  0  70368 101903940 2396920 55682876    0    0     0 399324 159564 670407 80 20  0  0  0  0
167  0  70368 101898676 2396920 55682912    0    0     0 403284 159954 673408 79 20  0  0  0  0
132  0  70368 101901972 2396924 55682944    0    0     0 396428 161594 670813 80 20  0  0  0  0
193  1  70368 101897336 2396924 55682964    0    0     0 400884 158597 667990 80 20  0  0  0  0
128  0  70368 101896168 2396924 55682984    0    0     0 399240 160848 673108 80 20  0  0  0  0
158  0  70368 101898472 2396924 55683012    0    0     0 400072 161159 676868 80 20  0  0  0  0
167  0  70368 101900604 2396928 55683036    0    0     0 398744 160721 674621 80 20  0  0  0  0
162  0  70368 101898644 2396928 55683056    0    0     0 401820 158811 672237 80 20  0  0  0  0
144  0  70368 101897368 2396928 55683080    0    0     0 407176 161299 678671 80 19  0  0  0  0
150  0  70368 101896660 2396928 55683104    0    0     0 401780 160857 670400 80 20  0  0  0  0
149  0  70368 101890160 2396928 55683124    0    0     0 399072 159581 669512 80 20  0  0  0  0
141  0  70368 101889844 2396928 55683156    0    0     0 399936 162273 669732 79 20  0  0  0  0
190  0  70368 101885660 2396928 55683168    0    0     0 400820 160915 669301 80 20  0  0  0  0
136  0  70368 101881416 2396928 55683196    0    0     0 396116 158039 672328 80 20  0  0  0  0
160  0  70368 101883652 2396928 55683224    0    0     0 394744 163406 672987 79 20  0  0  0  0
196  0  70368 101888256 2396928 55683240    0    0     0 400036 164489 669325 79 20  0  0  0  0
171  0  70368 101894400 2396928 55683264    0    0     0 395160 160832 671352 79 20  0  0  0  0
144  0  70368 101884064 2396932 55683280    0    0     0 396516 163857 666817 79 20  0  0  0  0
180  0  70368 101887932 2396932 55683304    0    0     0 399516 163033 668771 80 20  0  0  0  0
procs -----------memory---------- ---swap-- -----io---- -system-- -------cpu-------
 r  b   swpd   free   buff  cache   si   so    bi    bo   in   cs us sy id wa st gu
142  0  70368 101887888 2396932 55683328    0    0     0 396708 160911 667712 80 20  0  0  0  0
163  0  70368 101893076 2396932 55683360    0    0     0 395272 159800 667719 80 20  0  0  0  0
153  0  70368 101890004 2396932 55683380    0    0     0 395024 159018 669721 80 20  0  0  0  0
172  0  70368 101888752 2396932 55683404    0    0     0 398928 162198 673017 80 20  0  0  0  0
120  0  70368 101897488 2396932 55683416    0    0     0 395392 160582 678432 80 20  0  0  0  0
175  0  70368 101892180 2396932 55683436    0    0     0 397244 160266 674886 79 20  1  0  0  0
166  0  70368 101891028 2396932 55683456    0    0     0 391628 160009 673933 80 20  0  0  0  0
157  0  70368 101885684 2396932 55683480    0    0     0 390536 160498 670981 80 20  0  0  0  0
172  0  70368 101884740 2396932 55683504    0    0     0 400240 157688 672934 79 20  0  0  0  0
165  0  70368 101883004 2396932 55683528    0    0     0 405764 161043 672357 80 20  0  0  0  0
172  1  70368 101883452 2396932 55683540    0    0     0 415972 159256 672295 80 20  0  0  0  0
208  0  70368 101881960 2396932 55683564    0    0     0 415616 165084 674519 79 20  0  0  0  0
148  0  70368 101878724 2396932 55683596    0    0     0 421144 159220 671101 79 20  0  0  0  0
150  0  70368 101875788 2396936 55683608    0    0     0 414512 161167 673663 80 20  0  0  0  0
173  0  70368 101871464 2396936 55683636    0    0     0 413888 162390 675447 80 20  0  0  0  0
170  1  70368 101862952 2396936 55683652    0    0     0 412548 162460 672125 80 20  0  0  0  0
149  0  70368 101866840 2396936 55683676    0    0     0 410484 161286 672800 79 20  0  0  0  0
129  0  70368 101862504 2396936 55683692    0    0     0 412080 161321 674753 79 21  0  0  0  0
114  0  70368 101867236 2396940 55683720    0    0     0 406172 161089 670890 79 20  0  0  0  0
157  0  70368 101869520 2396940 55683748    0    0     0 405856 161071 677253 80 20  0  0  0  0
185  0  70368 101874468 2396940 55683760    0    0     0 407968 165290 668808 80 20  0  0  0  0
procs -----------memory---------- ---swap-- -----io---- -system-- -------cpu-------
 r  b   swpd   free   buff  cache   si   so    bi    bo   in   cs us sy id wa st gu
138  0  70368 101878676 2396940 55683788    0    0     0 408988 163198 669033 79 20  0  0  0  0
122  0  70368 101869084 2396940 55683808    0    0     0 403752 161485 667976 80 20  0  0  0  0
155  0  70368 101864424 2396940 55683844    0    0     0 407416 160409 672194 79 21  0  0  0  0
157  0  70368 101870284 2396940 55683860    0    0     0 403632 159750 672353 80 20  0  0  0  0
120  0  70368 101860660 2396940 55683876    0    0     0 400180 157606 674548 80 20  0  0  0  0
141  0  70368 101864932 2396940 55683900    0    0     0 401296 157505 674855 80 20  0  0  0  0
176  0  70368 101868560 2396940 55683928    0    0     0 406224 159176 671882 80 20  0  0  0  0
151  1  70368 101867432 2396940 55683952    0    0     0 400500 157532 671591 80 20  0  0  0  0
191  0  70368 101862180 2396940 55683972    0    0     0 404348 161577 672253 79 21  0  0  0  0
143  0  70368 101862456 2396940 55683992    0    0     0 404528 160002 670628 80 20  0  0  0  0
160  0  70368 101862728 2396940 55684016    0    0     0 405864 163825 671719 80 20  0  0  0  0
165  0  70368 101858756 2396940 55684036    0    0     0 404456 160806 673640 80 20  0  0  0  0
161  0  70368 101857076 2396940 55684064    0    0     0 405464 161423 673655 79 20  0  0  0  0
158  1  70368 101865832 2396940 55684080    0    0     0 402908 163971 676059 80 20  0  0  0  0
146  0  70368 101864448 2396940 55684096    0    0     0 404016 163556 671966 80 20  0  0  0  0
154  0  70368 101864340 2396940 55684120    0    0     0 406132 162645 673867 79 20  0  0  0  0
167  0  70368 101860912 2396940 55684132    0    0     0 407428 162960 675853 80 20  0  0  0  0
166  0  70368 101858460 2396940 55684168    0    0     0 410684 162009 673770 80 20  0  0  0  0
171  0  70368 101848200 2396940 55684180    0    0     0 408848 161770 671974 80 20  0  0  0  0
174  0  70368 101861876 2396940 55684208    0    0     0 409932 161328 674364 80 20  0  0  0  0
174  0  70368 101860776 2396940 55684304    0    0     0 406708 162274 671260 79 20  0  0  0  0
procs -----------memory---------- ---swap-- -----io---- -system-- -------cpu-------
 r  b   swpd   free   buff  cache   si   so    bi    bo   in   cs us sy id wa st gu
143  0  70368 101858368 2396940 55684332    0    0     0 411012 163071 674889 80 20  0  0  0  0
171  0  70368 101851512 2396940 55684352    0    0     0 411956 161335 673469 80 20  0  0  0  0
141  0  70368 101862804 2396940 55684376    0    0     0 410728 160077 673085 80 20  0  0  0  0
174  0  70368 101855592 2396940 55684392    0    0     0 415544 164158 672837 79 20  0  0  0  0
144  0  70368 101854560 2396940 55684416    0    0     0 411824 161624 671868 80 20  0  0  0  0
148  0  70368 101858984 2396940 55684456    0    0     0 411944 166719 674560 79 20  0  0  0  0
178  0  70368 101858192 2396940 55684464    0    0     0 410188 161302 672741 79 20  0  0  0  0
183  0  70368 101847932 2396940 55684484    0    0     0 411888 160467 678416 80 20  0  0  0  0
162  0  70368 101857224 2396940 55684504    0    0     0 411172 158711 679666 80 19  0  0  0  0
186  0  70368 101858836 2396940 55684520    0    0     0 408448 159116 672761 80 20  0  0  0  0
184  0  70368 101854028 2396940 55684556    0    0     0 407300 161266 673937 79 20  0  0  0  0
162  0  70368 101860628 2396940 55684584    0    0     0 410112 161353 672490 79 20  0  0  0  0
179  0  70368 101856604 2396940 55684592    0    0     0 412760 165337 672374 80 20  0  0  0  0
170  0  70368 101858672 2396940 55684624    0    0     0 411652 160905 675363 79 20  0  0  0  0
177  0  70368 101855180 2396940 55684652    0    0     0 414348 161787 672556 79 20  0  0  0  0
182  0  70368 101857752 2396940 55684668    0    0     0 411152 161775 669383 79 20  1  0  0  0
170  0  70368 101852952 2396940 55684704    0    0     0 415716 159038 672073 80 20  0  0  0  0
151  0  70368 101850504 2396940 55684720    0    0     0 412112 162890 674489 80 20  0  0  0  0
183  0  70368 101852456 2396940 55684744    0    0     0 411232 157799 674158 80 20  0  0  0  0
143  0  70368 101855404 2396940 55684772    0    0     0 411264 162450 672873 79 20  0  0  0  0
152  0  70368 101853360 2396940 55684784    0    0     0 416024 160541 672404 79 20  1  0  0  0
procs -----------memory---------- ---swap-- -----io---- -system-- -------cpu-------
 r  b   swpd   free   buff  cache   si   so    bi    bo   in   cs us sy id wa st gu
170  0  70368 101845916 2396944 55684800    0    0     0 412616 165885 669339 79 21  0  0  0  0
138  0  70368 101847360 2396944 55684824    0    0     0 412056 164715 672308 79 20  0  0  0  0
137  0  70368 101848816 2396944 55684848    0    0     0 410252 164929 674140 80 20  0  0  0  0
164  0  70368 101856556 2396944 55684860    0    0     0 408952 162832 672845 79 20  0  0  0  0
172  0  70368 101841096 2396944 55684892    0    0     0 414576 165561 670934 78 21  1  0  0  0
145  0  70368 101849992 2396948 55684908    0    0     0 411576 161677 670887 79 20  0  0  0  0
155  0  70368 101857468 2396948 55684932    0    0     0 418304 161496 676411 79 20  0  0  0  0
175  0  70368 101849680 2396948 55684956    0    0     0 411720 165660 669857 79 20  1  0  0  0
160  0  70368 101846464 2396948 55684976    0    0     0 410916 163010 668421 79 20  0  0  0  0
155  0  70368 101839368 2396948 55684996    0    0     0 409320 159938 669851 79 20  0  0  0  0
121  0  70368 101845500 2396948 55685032    0    0     0 413152 163122 672742 79 20  0  0  0  0
159  0  70368 101847100 2396948 55685044    0    0     0 411344 164057 671763 79 21  0  0  0  0
157  0  70368 101845952 2396948 55685072    0    0     0 415200 161523 669552 79 20  0  0  0  0
181  0  70368 101853964 2396948 55685104    0    0     0 413788 161283 671974 79 20  0  0  0  0
154  0  70368 101842236 2396948 55685112    0    0     0 411924 158333 674146 80 20  0  0  0  0
170  0  70368 101833920 2396948 55685148    0    0     0 407444 158826 670534 79 20  0  0  0  0
154  0  70368 101836000 2396948 55685168    0    0     0 412380 157221 674866 80 20  0  0  0  0
157  0  70368 101837948 2396948 55685172    0    0     0 410588 160983 678356 80 20  0  0  0  0
174  0  70368 101841352 2396948 55685192    0    0     0 412672 160788 671659 80 20  0  0  0  0
153  0  70368 101838040 2396948 55685220    0    0     0 407672 161467 672654 80 20  0  0  0  0
157  0  70368 101838556 2396952 55685248    0    0     0 412704 161592 672642 79 20  0  0  0  0
procs -----------memory---------- ---swap-- -----io---- -system-- -------cpu-------
 r  b   swpd   free   buff  cache   si   so    bi    bo   in   cs us sy id wa st gu
171  0  70368 101839844 2396952 55685268    0    0     0 408712 161956 672466 79 20  0  0  0  0
201  0  70368 101837664 2396952 55685288    0    0     0 413600 161078 674434 80 20  0  0  0  0
174  0  70368 101836108 2396952 55685312    0    0     0 409344 163077 674356 80 20  0  0  0  0
128  0  70368 101831812 2396952 55685340    0    0     0 409376 161454 673541 79 21  0  0  0  0
158  0  70368 101833344 2396952 55685356    0    0     0 411904 160569 673126 80 20  0  0  0  0
180  0  70368 101841360 2396952 55685392    0    0     0 412672 163562 670840 80 20  0  0  0  0
176  0  70368 101831664 2396952 55685404    0    0     0 409636 159133 676940 80 20  0  0  0  0
172  1  70368 101836208 2396952 55685424    0    0     0 407704 164024 672595 79 20  0  0  0  0
122  0  70368 101839024 2396952 55685444    0    0     0 410304 163146 669527 79 20  0  0  0  0
126  0  70368 101835948 2396952 55685472    0    0     0 411636 164386 674370 79 21  0  0  0  0
173  0  70368 101827092 2396952 55685496    0    0     0 410088 163252 672356 79 20  0  0  0  0
134  1  70368 101839648 2396952 55685512    0    0     0 410416 162777 676786 80 20  0  0  0  0
161  0  70368 101836516 2396952 55685532    0    0     0 410784 160110 680055 80 20  0  0  0  0
181  0  70368 101833528 2396952 55685556    0    0     0 413172 159638 674407 80 20  0  0  0  0
150  0  70368 101833008 2396952 55685572    0    0     0 405124 162320 672430 80 20  0  0  0  0
206  0  70368 101836928 2396952 55685600    0    0     0 408664 160596 674803 79 20  0  0  0  0
181  0  70368 101835420 2396952 55685616    0    0     0 407332 159378 669028 80 20  0  0  0  0
134  0  70368 101833328 2396952 55685712    0    0     0 409720 160883 671527 80 20  0  0  0  0
165  0  70368 101837100 2396952 55685728    0    0     0 407684 158517 670360 80 20  0  0  0  0
145  0  70368 101833808 2396952 55685752    0    0     0 410368 159018 672617 80 20  0  0  0  0
146  0  70368 101831324 2396952 55685772    0    0     0 407576 160218 673263 80 20  0  0  0  0
procs -----------memory---------- ---swap-- -----io---- -system-- -------cpu-------
 r  b   swpd   free   buff  cache   si   so    bi    bo   in   cs us sy id wa st gu
161  0  70368 101833556 2396952 55685796    0    0     0 405620 162095 674247 80 20  0  0  0  0
182  0  70368 101825972 2396952 55685828    0    0     0 406052 161284 669948 79 20  0  0  0  0
152  0  70368 101837084 2396952 55685848    0    0     0 407456 161655 670702 79 20  0  0  0  0
185  0  70368 101829520 2396960 55685856    0    0     0 407248 158585 670745 80 20  0  0  0  0
179  0  70368 101821636 2396960 55685888    0    0     0 404668 157790 673229 80 20  0  0  0  0
155  0  70368 101823992 2396960 55685916    0    0     0 409908 161632 674154 80 20  0  0  0  0
147  0  70368 101827936 2396960 55685936    0    0     0 410344 163382 672996 80 19  0  0  0  0
149  0  70368 101837588 2396960 55685960    0    0     0 410464 161877 671803 80 20  0  0  0  0
142  0  70368 101835420 2396960 55685976    0    0     0 414516 161171 670798 79 20  0  0  0  0
160  0  70368 101830472 2396960 55686004    0    0     0 413248 160915 674879 79 20  0  0  0  0
163  0  70368 101834828 2396960 55686028    0    0     0 420688 162120 672222 80 20  0  0  0  0
176  0  70368 101834244 2396960 55686048    0    0     0 415996 163334 674188 80 20  0  0  0  0
144  0  70368 101836852 2396960 55686072    0    0     0 424536 166732 674727 79 20  0  0  0  0
155  0  70368 101838864 2396964 55686092    0    0     0 423724 163078 678461 79 20  0  0  0  0
132  0  70368 101835168 2396964 55686112    0    0     0 418716 163330 669710 80 20  0  0  0  0
157  0  70368 101823620 2396964 55686136    0    0     0 416884 165484 671002 79 20  0  0  0  0
153  0  70368 101828584 2396964 55686160    0    0     0 414984 161190 676532 80 20  0  0  0  0
155  0  70368 101817576 2396964 55686180    0    0     0 414672 162056 671436 80 20  0  0  0  0
96 22  70368 101822620 2396964 55686196    0    0     0 426224 160710 674120 80 20  0  0  0  0
169  3  70368 101819828 2396964 55686224    0    0     0 405060 164046 671147 79 21  0  0  0  0
169  0  70368 101829816 2396964 55686244    0    0     0 391240 160265 672204 80 20  0  0  0  0
procs -----------memory---------- ---swap-- -----io---- -system-- -------cpu-------
 r  b   swpd   free   buff  cache   si   so    bi    bo   in   cs us sy id wa st gu
136 20  70368 101834340 2396964 55686260    0    0     0 424924 162860 678264 80 20  0  0  0  0
198 13  70368 101829660 2396964 55686280    0    0     0 403016 161271 679042 80 20  0  0  0  0
190  0  70368 101828304 2396964 55686296    0    0     0 395348 161110 670762 80 20  0  0  0  0
150  0  70368 101823812 2396964 55686324    0    0     0 408088 161896 674381 79 20  0  0  0  0
191  3  70368 101825576 2396964 55686352    0    0     0 416064 161588 668362 80 20  0  0  0  0
106 17  70368 101825044 2396964 55686372    0    0     0 409384 157987 672564 80 20  0  0  0  0
159 16  70368 101816512 2396964 55686396    0    0     0 404088 159617 672145 80 20  0  0  0  0
166  0  70368 101814508 2396968 55686416    0    0     0 384928 159668 673312 80 20  0  0  0  0
200  0  70368 101808876 2396968 55686436    0    0     0 423512 164763 678128 80 20  0  0  0  0
122 20  70368 101816628 2396968 55686460    0    0     0 401444 159243 672197 80 20  0  0  0  0
119 17  70368 101815928 2396968 55686488    0    0     0 406196 163974 670728 79 20  0  0  0  0
171 16  70368 101809044 2396968 55686500    0    0     0 404812 161032 670974 80 20  0  0  0  0
132 21  70368 101807800 2396972 55686516    0    0     0 401652 161561 671462 79 20  0  0  0  0
94 18  70368 101809936 2396972 55686548    0    0     0 401448 159415 675604 80 20  0  0  0  0
193  1  70368 101809552 2396972 55686572    0    0     0 413492 158602 676702 80 20  0  0  0  0
178  8  70368 101812684 2396976 55686592    0    0     0 400524 160945 675687 80 20  0  0  0  0
186  1  70368 101812232 2396976 55686608    0    0     0 410900 160721 675111 80 20  0  0  0  0
180  0  70368 101811128 2396976 55686636    0    0     0 394648 159043 671525 79 20  1  0  0  0
244  0  70368 101814228 2396976 55686660    0    0     0 405512 162442 670585 79 21  0  0  0  0
173  1  70368 101808408 2396976 55686688    0    0     0 403008 161554 672275 80 20  0  0  0  0
173  0  70368 101805316 2396976 55686708    0    0     0 401100 161804 668012 80 20  0  0  0  0
procs -----------memory---------- ---swap-- -----io---- -system-- -------cpu-------
 r  b   swpd   free   buff  cache   si   so    bi    bo   in   cs us sy id wa st gu
183  0  70368 101803748 2396976 55686728    0    0     0 407028 162073 674613 80 20  0  0  0  0
129  3  70368 101799724 2396976 55686760    0    0     0 405720 160906 670532 79 20  0  0  0  0
169  1  70368 101796748 2396976 55686780    0    0     0 406004 162424 672758 79 20  0  0  0  0
171  1  70368 101793580 2396976 55686808    0    0     0 406104 163839 673556 80 20  0  0  0  0
160  3  70368 101809700 2396976 55686832    0    0     0 406852 160131 673898 80 20  0  0  0  0
198  4  70368 101807096 2396976 55686852    0    0     0 417728 160483 672146 79 20  0  0  0  0
137  3  70368 101810532 2396976 55686880    0    0     0 396208 162526 673725 79 20  0  0  0  0
150  0  70368 101799528 2396976 55686904    0    0     0 396200 157442 674932 80 20  0  0  0  0
112 16  70368 101804732 2396976 55686920    0    0     0 421752 161918 672618 80 20  0  0  0  0
174  5  70368 101809248 2396976 55686940    0    0     0 400116 158653 675889 80 20  0  0  0  0
173  2  70368 101816224 2396976 55686960    0    0     0 413720 160604 676093 80 20  0  0  0  0
188  0  70368 101804704 2396976 55686984    0    0     0 420112 161180 673748 80 20  0  0  0  0
147 13  70368 101814728 2396976 55687000    0    0     0 397484 159540 676284 80 20  0  0  0  0
170  6  70368 101810496 2396976 55687028    0    0     0 410748 160931 666586 79 20  1  0  0  0
172  0  70368 101799752 2396976 55687124    0    0     0 403268 158510 673864 80 20  0  0  0  0
132  3  70368 101802372 2396976 55687140    0    0     0 406992 159335 671669 80 20  0  0  0  0
186  0  70368 101803820 2396976 55687160    0    0     0 417868 160439 674293 80 20  0  0  0  0
191  2  70368 101807284 2396976 55687176    0    0     0 418736 162977 675333 80 20  0  0  0  0
152  2  70368 101800988 2396976 55687200    0    0     0 399756 160229 671897 80 20  0  0  0  0
158 12  70368 101799124 2396976 55687220    0    0     0 405264 157391 671950 80 20  0  0  0  0
166  2  70368 101803076 2396976 55687248    0    0     0 405676 157032 671597 80 20  0  0  0  0
procs -----------memory---------- ---swap-- -----io---- -system-- -------cpu-------
 r  b   swpd   free   buff  cache   si   so    bi    bo   in   cs us sy id wa st gu
182  2  70368 101805420 2396976 55687272    0    0     0 417424 160347 673337 79 20  0  0  0  0
142  1  70368 101810812 2396976 55687292    0    0     0 395412 161287 674344 80 20  0  0  0  0
142  2  70368 101803716 2396976 55687316    0    0     0 411756 161000 671581 80 20  0  0  0  0
201  0  70368 101798036 2396976 55687340    0    0     0 408340 161749 673828 80 20  0  0  0  0
189  3  70368 101801956 2396976 55687352    0    0     0 403396 159845 680291 80 20  0  0  0  0
138 20  70368 101804624 2396976 55687368    0    0     0 429016 160709 675400 80 20  0  0  0  0
164  2  70368 101800104 2396976 55687388    0    0     0 401208 159265 677448 80 20  0  0  0  0
145 18  70368 101792664 2396976 55687412    0    0     0 411080 157021 672104 80 20  0  0  0  0
158 14  70368 101784908 2396976 55687444    0    0     0 396496 156184 672940 80 20  0  0  0  0
186 16  70368 101789144 2396976 55687464    0    0     0 416432 159058 673565 80 20  0  0  0  0
199  0  70368 101788764 2396976 55687484    0    0     0 397180 161979 669867 79 20  1  0  0  0
175  0  70368 101787772 2396976 55687508    0    0     0 409168 164379 670049 79 21  0  0  0  0
191  1  70368 101789000 2396976 55687528    0    0     0 433372 164087 674327 79 21  0  0  0  0
189  1  70368 101796784 2396976 55687552    0    0     0 408200 164308 669919 79 21  0  0  0  0
159  9  70368 101798636 2396976 55687580    0    0     0 404556 161973 670321 79 20  0  0  0  0
261  0  70368 101799904 2396976 55687608    0    0     0 422824 163678 672467 79 20  0  0  0  0
202  1  70368 101796212 2396976 55687628    0    0     0 400864 162888 673294 79 20  0  0  0  0
182  2  70368 101793040 2396976 55687656    0    0     0 414540 163026 677512 80 20  0  0  0  0
169  3  70368 101792728 2396976 55687684    0    0     0 407880 157746 676395 80 20  0  0  0  0
193  0  70368 101798400 2396976 55687708    0    0     0 413524 158999 677678 80 20  0  0  0  0
165  0  70368 101807344 2396976 55687720    0    0     0 404312 159240 673345 80 20  0  0  0  0
procs -----------memory---------- ---swap-- -----io---- -system-- -------cpu-------
 r  b   swpd   free   buff  cache   si   so    bi    bo   in   cs us sy id wa st gu
154  0  70368 101808472 2396976 55687744    0    0     0 401588 162145 671366 80 20  0  0  0  0
151  1  70368 101798936 2396976 55687764    0    0     0 425936 166220 675578 79 21  0  0  0  0
171  0  70368 101800480 2396976 55687784    0    0     0 402048 160546 671940 79 20  0  0  0  0
185  0  70368 101790948 2396976 55687808    0    0     0 417844 162594 673098 79 20  0  0  0  0
123 17  70368 101791824 2396976 55687824    0    0     0 417396 160421 674425 79 20  1  0  0  0
200  4  70368 101795072 2396976 55687852    0    0     0 425564 164132 672460 79 20  0  0  0  0
169  1  70368 101793004 2396976 55687876    0    0     0 405908 160268 671711 80 20  0  0  0  0
175  1  70368 101786528 2396976 55687900    0    0     0 409812 160118 675272 80 20  0  0  0  0
192  1  70368 101794376 2396976 55687924    0    0     0 377984 159801 670893 80 20  0  0  0  0
201  2  70368 101792812 2396976 55687940    0    0     0 429668 161545 672433 79 20  0  0  0  0
175  1  70368 101793700 2396976 55687968    0    0     0 415936 160855 673810 80 20  0  0  0  0
155  1  70368 101789488 2396976 55687988    0    0     0 416504 161915 677103 79 20  0  0  0  0
206  0  70368 101791324 2396976 55688008    0    0     0 417736 160776 675617 80 20  0  0  0  0
170 15  70368 101794796 2396976 55688020    0    0     0 426352 158786 677092 80 20  0  0  0  0
149 14  70368 101795516 2396980 55688044    0    0     0 387688 162050 671358 80 19  0  0  0  0
196  0  70368 101796080 2396980 55688072    0    0     0 428132 163128 678984 80 20  0  0  0  0
87  0  70368 101788324 2396980 55688100    0    0     0 374216 157505 669057 80 20  0  0  0  0
170  1  70368 101792852 2396980 55688120    0    0     0 419828 160754 671689 80 20  0  0  0  0
137  4  70368 101783576 2396980 55688136    0    0     0 423608 161743 675799 80 20  0  0  0  0
141 13  70368 101786764 2396980 55688164    0    0     0 409336 163388 673902 79 20  0  0  0  0
121 13  70368 101786344 2396980 55688184    0    0     0 425888 161112 672059 80 20  0  0  0  0
procs -----------memory---------- ---swap-- -----io---- -system-- -------cpu-------
 r  b   swpd   free   buff  cache   si   so    bi    bo   in   cs us sy id wa st gu
135 11  70368 101777580 2396980 55688208    0    0     0 401028 161539 673543 79 20  0  0  0  0
180  1  70368 101779976 2396980 55688228    0    0     0 412564 172685 674948 79 20  0  0  0  0
191  0  70368 101779504 2396980 55688252    0    0     0 377768 158650 671020 80 20  0  0  0  0
182  0  70368 101783724 2396980 55688276    0    0     0 429416 159851 678309 80 20  0  0  0  0
166  2  70368 101781108 2396980 55688296    0    0     0 405520 159668 677436 80 20  0  0  0  0
178  0  70368 101789664 2396980 55688324    0    0     0 425888 164861 670418 79 20  0  0  0  0
137 14  70368 101789688 2396980 55688340    0    0     0 414276 158502 671181 80 20  0  0  0  0
216  0  70368 101785696 2396980 55688368    0    0     0 422220 159728 672677 80 20  0  0  0  0
132  1  70368 101788004 2396980 55688392    0    0     0 420124 162720 678454 80 20  0  0  0  0
212  2  70368 101793684 2396980 55688408    0    0     0 410680 162895 669303 80 20  0  0  0  0
174  2  70368 101798112 2396980 55688496    0    0     0 435096 164958 675284 79 21  0  0  0  0
136 15  70368 101798068 2396980 55688512    0    0     0 412340 161729 676419 79 20  0  0  0  0
189  0  70368 101795508 2396980 55688536    0    0     0 422920 161558 671860 80 20  0  0  0  0
166  6  70368 101787200 2396980 55688568    0    0     0 406392 161394 670605 80 20  0  0  0  0
197  0  70368 101787368 2396980 55688584    0    0     0 415124 163622 675662 79 20  0  0  0  0
151  1  70368 101784864 2396980 55688608    0    0     0 434308 164387 672598 80 20  0  0  0  0
209  0  70368 101788384 2396980 55688632    0    0     0 411844 162562 667947 79 20  0  0  0  0
160 11  70368 101789708 2396980 55688652    0    0     0 433476 162489 673364 80 20  0  0  0  0
138  1  70368 101777208 2396980 55688684    0    0     0 401760 156440 672643 80 20  0  0  0  0
126  1  70368 101782412 2396980 55688696    0    0     0 419028 159747 671027 80 20  0  0  0  0
163  2  70368 101781412 2396980 55688724    0    0     0 404840 159105 673539 80 20  0  0  0  0
procs -----------memory---------- ---swap-- -----io---- -system-- -------cpu-------
 r  b   swpd   free   buff  cache   si   so    bi    bo   in   cs us sy id wa st gu
160  4  70368 101782124 2396980 55688752    0    0     0 434112 164567 675229 79 20  0  0  0  0
177  1  70368 101778916 2396980 55688776    0    0     0 403692 160968 675480 80 20  0  0  0  0
161  3  70368 101782348 2396980 55688796    0    0     0 401076 163077 679803 80 20  0  0  0  0
185  0  70368 101791312 2396980 55688816    0    0     0 413176 164406 683464 80 20  0  0  0  0
149 14  70368 101781244 2396980 55688836    0    0     0 428124 160187 673462 80 20  0  0  0  0
232  1  70368 101777200 2396980 55688864    0    0     0 386376 157212 669826 80 20  0  0  0  0
188  0  70368 101784212 2396980 55688880    0    0     0 427560 157629 675576 80 20  0  0  0  0
136  1  70368 101778244 2396980 55688908    0    0     0 397656 161206 674449 80 20  0  0  0  0
153  5  70368 101772460 2396980 55688924    0    0     0 410212 164334 673251 80 20  0  0  0  0
180  0  70368 101769552 2396980 55688952    0    0     0 408308 158690 675305 80 20  0  0  0  0
143  3  70368 101771284 2396980 55689016    0    0     0 420848 157116 671092 80 20  0  0  0  0
197  0  70368 101773924 2396980 55689036    0    0     0 408244 160297 674736 79 20  0  0  0  0
173  0  70368 101778012 2396980 55689056    0    0     0 421960 161442 677557 80 20  0  0  0  0
162  2  70368 101781324 2396980 55689092    0    0     0 409752 160796 674804 80 20  0  0  0  0
163  2  70368 101783848 2396980 55689108    0    0     0 414252 164865 675811 80 20  0  0  0  0
184  1  70368 101782688 2396980 55689132    0    0     0 383332 158100 677043 80 20  0  0  0  0
208  1  70368 101781244 2396980 55689144    0    0     0 438516 162067 671688 80 20  0  0  0  0
168  1  70368 101780860 2396980 55689168    0    0     0 367244 159239 672349 80 20  0  0  0  0
204  1  70368 101784660 2396980 55689184    0    0     0 423900 163776 674782 80 20  0  0  0  0
159  2  70368 101783720 2396980 55689212    0    0     0 413600 162221 677557 79 21  0  0  0  0
170  1  70368 101775120 2396980 55689236    0    0     0 413728 164040 672957 79 20  0  0  0  0
procs -----------memory---------- ---swap-- -----io---- -system-- -------cpu-------
 r  b   swpd   free   buff  cache   si   so    bi    bo   in   cs us sy id wa st gu
158  1  70368 101771992 2396980 55689256    0    0     0 427996 163128 673964 80 20  0  0  0  0
186  1  70368 101773136 2396984 55689276    0    0     0 414964 163545 674314 79 20  0  0  0  0
171  3  70368 101776212 2396984 55689308    0    0     0 417752 162044 672346 79 20  0  0  0  0
172  0  70368 101777968 2396984 55689324    0    0     0 400884 164210 672766 79 20  0  0  0  0
167  1  70368 101772116 2396984 55689344    0    0     0 419804 159589 673077 80 20  0  0  0  0
133  1  70368 101764584 2396984 55689360    0    0     0 443684 161085 676172 80 20  0  0  0  0
182  0  70368 101772200 2396984 55689392    0    0     0 363076 157452 669621 79 20  0  0  0  0
196  0  70368 101772680 2396984 55689424    0    0     0 409048 160872 674484 80 20  0  0  0  0
180  0  70368 101773068 2396984 55689444    0    0     0 415400 160660 672510 80 20  0  0  0  0
189  0  70368 101772508 2396984 55689468    0    0     0 432428 163529 673314 79 20  0  0  0  0
156  4  70368 101778208 2396984 55689488    0    0     0 413164 161406 668670 79 20  1  0  0  0
182  1  70368 101774644 2396988 55689508    0    0     0 378888 161073 671242 80 20  0  0  0  0
164  7  70368 101778448 2396988 55689540    0    0     0 437288 164966 678852 80 19  1  0  0  0
189  2  70368 101778304 2396988 55689548    0    0     0 381644 160634 671661 80 20  0  0  0  0
198  0  70368 101775976 2396988 55689572    0    0     0 443668 162491 671409 80 20  0  0  0  0
142  1  70368 101780636 2396988 55689596    0    0     0 393072 158066 674570 80 20  0  0  0  0
161  1  70368 101779192 2396988 55689620    0    0     0 403488 162540 674030 79 20  0  0  0  0
175  1  70368 101772620 2396988 55689648    0    0     0 435612 161361 676627 80 20  0  0  0  0
218  1  70368 101767268 2396988 55689672    0    0     0 401824 159353 672654 79 20  0  0  0  0
178  2  70368 101771844 2396988 55689692    0    0     0 385912 160064 673378 79 20  0  0  0  0
178  0  70368 101773084 2396988 55689716    0    0     0 412516 160220 674304 80 20  0  0  0  0
procs -----------memory---------- ---swap-- -----io---- -system-- -------cpu-------
 r  b   swpd   free   buff  cache   si   so    bi    bo   in   cs us sy id wa st gu
170  0  70368 101766244 2396988 55689768    0    0     0 445500 161319 673111 80 20  0  0  0  0
141 18  70368 101773708 2396988 55689788    0    0     0 383220 161367 669632 80 20  0  0  0  0
178  9  70368 101776256 2396988 55689812    0    0     0 428308 164897 674218 79 21  0  0  0  0
149 11  70368 101782148 2396988 55689832    0    0     0 424020 164664 674379 79 20  0  0  0  0
162  1  70368 101784252 2396988 55689852    0    0     0 400868 160946 670275 79 21  0  0  0  0
156  0  70368 101774456 2396988 55689876    0    0     0 406312 161041 673238 80 20  0  0  0  0
159  2  70368 101780028 2396988 55689900    0    0     0 427808 160283 681721 80 20  0  0  0  0
140  0  70368 101785104 2396988 55689928    0    0     0 403344 161561 673276 80 20  0  0  0  0
193  3  70368 101773008 2396988 55690036    0    0     0 422196 161373 676095 80 20  0  0  0  0
167  0  70368 101770336 2396988 55690056    0    0     0 419412 158438 676557 80 20  0  0  0  0
127  2  70368 101772364 2396988 55690088    0    0     0 383252 157794 673630 80 20  0  0  0  0
155  1  70368 101770668 2396988 55690104    0    0     0 418348 161651 678419 80 20  0  0  0  0
138  1  70368 101766668 2396988 55690128    0    0     0 366900 154963 670136 80 20  0  0  0  0
167  1  70368 101769372 2396988 55690152    0    0     0 422996 158790 675291 80 20  0  0  0  0
158  2  70368 101766708 2396988 55690180    0    0     0 414516 162306 671206 79 20  0  0  0  0
138 15  70368 101770076 2396988 55690196    0    0     0 427520 165028 670484 79 21  0  0  0  0
184  1  70368 101774116 2396988 55690228    0    0     0 411496 166405 673888 79 21  0  0  0  0
149  0  70368 101773364 2396988 55690252    0    0     0 397160 160238 670470 79 20  0  0  0  0
222  0  70368 101766760 2396988 55690268    0    0     0 428824 160564 670629 79 21  0  0  0  0
126  0  70368 101769980 2396988 55690284    0    0     0 410716 161923 670241 79 21  0  0  0  0
149 20  70368 101766592 2396988 55690304    0    0     0 427724 162182 673890 79 20  0  0  0  0
procs -----------memory---------- ---swap-- -----io---- -system-- -------cpu-------
 r  b   swpd   free   buff  cache   si   so    bi    bo   in   cs us sy id wa st gu
176  3  70368 101768128 2396988 55690336    0    0     0 400852 161761 669596 80 20  0  0  0  0
145  2  70368 101773832 2396988 55690352    0    0     0 367980 158904 669233 80 20  0  0  0  0
170  0  70368 101773412 2396988 55690372    0    0     0 428912 164569 672478 79 20  0  0  0  0
155 17  70368 101772820 2396988 55690396    0    0     0 392900 162592 668140 79 20  0  0  0  0
162  0  70368 101767476 2396988 55690428    0    0     0 441724 164047 675047 80 20  0  0  0  0
150  1  70368 101763580 2396988 55690452    0    0     0 428424 162018 676185 80 20  0  0  0  0
181  0  70368 101769912 2396988 55690476    0    0     0 395716 159312 670423 80 20  0  0  0  0
151  3  70368 101774660 2396988 55690500    0    0     0 417380 162358 673056 79 20  0  0  0  0
185  2  70368 101771672 2396988 55690516    0    0     0 428068 161920 675367 80 20  0  0  0  0
191  1  70368 101770704 2396992 55690536    0    0     0 397996 159259 671207 80 20  0  0  0  0
149 20  70368 101765128 2396992 55690560    0    0     0 378996 162277 666178 80 20  0  0  0  0
160 17  70368 101762192 2396992 55690580    0    0     0 418928 163642 673286 80 20  0  0  0  0
183  0  70368 101771984 2396992 55690608    0    0     0 400320 162001 669683 79 20  0  0  0  0
188  5  70368 101777232 2396992 55690628    0    0     0 412636 159963 674718 79 20  0  0  0  0
171 14  70368 101774180 2396992 55690652    0    0     0 427160 160949 674289 80 20  0  0  0  0
168 16  70368 101765076 2396992 55690672    0    0     0 421968 158573 675299 80 20  0  0  0  0
182  1  70368 101770432 2396992 55690692    0    0     0 420832 163387 679696 80 20  0  0  0  0
193  1  70368 101770976 2396992 55690704    0    0     0 364780 160118 674216 80 20  0  0  0  0
149  3  70368 101768796 2396992 55690724    0    0     0 422924 163795 672240 80 20  0  0  0  0
171  2  70368 101771008 2396992 55690744    0    0     0 432780 161359 676617 80 20  0  0  0  0
133 18  70368 101767048 2396992 55690768    0    0     0 392212 161008 672827 80 20  0  0  0  0
procs -----------memory---------- ---swap-- -----io---- -system-- -------cpu-------
 r  b   swpd   free   buff  cache   si   so    bi    bo   in   cs us sy id wa st gu
148 16  70368 101759668 2396992 55690796    0    0     0 421264 162584 674837 80 20  0  0  0  0
182  0  70368 101773032 2396992 55690824    0    0     0 380060 158853 671167 80 20  0  0  0  0
153  1  70368 101768736 2396992 55690840    0    0     0 440560 160392 674689 79 20  0  0  0  0
173  3  70368 101763924 2396992 55690864    0    0     0 410620 158637 671098 79 20  0  0  0  0
174 14  70368 101769524 2396992 55690888    0    0     0 397080 160910 671809 80 20  0  0  0  0
74 18  70368 101757364 2396992 55690908    0    0     0 393324 161193 673409 80 20  0  0  0  0
178  0  70368 101765696 2396992 55690924    0    0     0 446388 165121 675738 80 20  0  0  0  0
178  2  70368 101757724 2396992 55690948    0    0     0 418276 162731 676407 79 20  0  0  0  0
180  0  70368 101762776 2396992 55690972    0    0     0 401092 159426 677282 80 20  0  0  0  0
177  0  70368 101768196 2396992 55690988    0    0     0 426720 160763 675542 80 20  0  0  0  0
199  2  70368 101762132 2396992 55691016    0    0     0 436036 161483 674265 80 20  0  0  0  0
146  2  70368 101767120 2396992 55691040    0    0     0 407912 163081 674160 80 20  0  0  0  0
147  0  70368 101768692 2396992 55691052    0    0     0 406396 162587 681410 80 20  0  0  0  0
168  2  70368 101767504 2396992 55691080    0    0     0 380428 160933 667039 80 20  0  0  0  0
184  2  70368 101768308 2396992 55691100    0    0     0 419536 159681 665804 79 20  0  0  0  0
203  2  70368 101767548 2396992 55691132    0    0     0 406732 161805 668025 80 20  0  0  0  0
165  0  70368 101764596 2396992 55691152    0    0     0 443296 159724 670577 80 20  0  0  0  0
175  5  70368 101762616 2396992 55691176    0    0     0 389704 161263 669121 80 20  0  0  0  0
116  3  70368 101767864 2396992 55691200    0    0     0 422616 161848 669150 80 20  0  0  0  0
154 17  70368 101762012 2396992 55691228    0    0     0 439068 165482 673179 79 20  0  0  0  0
166  1  70368 101756512 2396996 55691244    0    0     0 411568 159912 673747 80 20  0  0  0  0
procs -----------memory---------- ---swap-- -----io---- -system-- -------cpu-------
 r  b   swpd   free   buff  cache   si   so    bi    bo   in   cs us sy id wa st gu
141  2  70368 101758420 2396996 55691268    0    0     0 403184 160961 673240 79 20  0  0  0  0
158 12  70368 101755112 2396996 55691292    0    0     0 395124 163031 672913 79 20  0  0  0  0
154  1  70368 101759916 2397000 55691308    0    0     0 451036 162844 675321 80 20  0  0  0  0
148  1  70368 101759288 2397000 55691332    0    0     0 407628 163608 675374 80 20  0  0  0  0
181 22  70368 101758364 2397000 55691356    0    0     0 408652 160562 671679 79 20  0  0  0  0
129 22  70368 101760052 2397000 55691452    0    0     0 392316 159548 673263 80 20  0  0  0  0
97 19  70368 101761808 2397000 55691468    0    0     0 443888 165514 679436 80 20  1  0  0  0
188  0  70368 101766176 2397004 55691492    0    0     0 394836 162712 670085 79 20  0  0  0  0
212  1  70368 101759356 2397004 55691520    0    0     0 430048 161771 674148 79 20  0  0  0  0
120 14  70368 101764716 2397004 55691532    0    0     0 404976 158032 670661 80 20  0  0  0  0
125 12  70368 101764012 2397004 55691556    0    0     0 402836 160199 674187 80 20  0  0  0  0
167  3  70368 101758532 2397004 55691580    0    0     0 425084 159648 674147 80 20  0  0  0  0
164 14  70368 101764488 2397004 55691604    0    0     0 408080 160704 676152 80 20  0  0  0  0
167  0  70368 101760608 2397004 55691620    0    0     0 409240 162587 675403 79 20  0  0  0  0
189  2  70368 101764960 2397004 55691644    0    0     0 341904 156227 668478 80 20  0  0  0  0
148  2  70368 101765728 2397004 55691664    0    0     0 427856 160607 674707 80 20  0  0  0  0
185  3  70368 101767344 2397004 55691688    0    0     0 412844 160144 673284 80 20  0  0  0  0
179  1  70368 101761876 2397004 55691716    0    0     0 412344 159832 673993 80 20  0  0  0  0
131  2  70368 101758940 2397004 55691736    0    0     0 428380 162511 676233 80 20  0  0  0  0
189  1  70368 101762620 2397004 55691760    0    0     0 436440 160275 675663 80 20  0  0  0  0
103 17  70368 101756484 2397004 55691776    0    0     0 383956 158399 669364 80 20  0  0  0  0
procs -----------memory---------- ---swap-- -----io---- -system-- -------cpu-------
 r  b   swpd   free   buff  cache   si   so    bi    bo   in   cs us sy id wa st gu
223  0  70368 101768144 2397004 55691796    0    0     0 469288 164622 683238 80 19  0  0  0  0
145  1  70368 101766864 2397008 55691808    0    0     0 375408 157960 671966 80 20  0  0  0  0
190  3  70368 101766888 2397008 55691836    0    0     0 409092 158629 674020 80 20  0  0  0  0
198  2  70368 101754616 2397008 55691856    0    0     0 412104 156111 676801 80 20  0  0  0  0
153  1  70368 101759980 2397008 55691884    0    0     0 420096 162231 675494 80 20  0  0  0  0
165  0  70368 101763028 2397008 55691908    0    0     0 370792 158288 672870 80 20  0  0  0  0
207 16  70368 101766092 2397008 55691928    0    0     0 433184 159709 671622 80 20  0  0  0  0
160  0  70368 101763748 2397008 55691952    0    0     0 383264 157802 675286 80 20  0  0  0  0
176  1  70368 101755116 2397008 55691976    0    0     0 409576 161818 670904 79 20  1  0  0  0
144 18  70368 101756168 2397008 55691988    0    0     0 435072 160037 672779 79 20  0  0  0  0
173  1  70368 101751348 2397008 55692012    0    0     0 388012 159708 669214 80 20  0  0  0  0
147 15  70368 101762956 2397008 55692036    0    0     0 421328 164512 675347 80 20  0  0  0  0
177  0  70368 101753996 2397008 55692060    0    0     0 439388 163730 673530 79 20  0  0  0  0
179 11  70368 101756032 2397008 55692084    0    0     0 376400 156504 671621 80 20  0  0  0  0
218  3  70368 101745800 2397008 55692100    0    0     0 426968 162414 675797 80 20  0  0  0  0
187  2  70368 101751476 2397008 55692128    0    0     0 397948 161588 675034 80 20  0  0  0  0
178  2  70368 101757000 2397008 55692156    0    0     0 435120 161541 680374 80 20  0  0  0  0
194  2  70368 101756596 2397008 55692168    0    0     0 389836 158874 671549 80 20  0  0  0  0
192  0  70368 101752796 2397008 55692188    0    0     0 402100 160192 671495 80 20  0  0  0  0
197  2  70368 101741420 2397008 55692204    0    0     0 402560 161835 672056 80 20  0  0  0  0
182  2  70368 101742420 2397008 55692228    0    0     0 428420 163335 675536 80 20  0  0  0  0
procs -----------memory---------- ---swap-- -----io---- -system-- -------cpu-------
 r  b   swpd   free   buff  cache   si   so    bi    bo   in   cs us sy id wa st gu
142  0  70368 101748976 2397008 55692252    0    0     0 425184 162136 678365 80 20  0  0  0  0
173  1  70368 101758272 2397008 55692276    0    0     0 419836 159887 673823 79 20  0  0  0  0
163 14  70368 101750420 2397008 55692308    0    0     0 388244 156056 669535 80 20  0  0  0  0
161 18  70368 101741356 2397008 55692332    0    0     0 368088 154381 672514 80 20  0  0  0  0
194  3  70368 101748320 2397008 55692356    0    0     0 437472 161303 677674 80 20  0  0  0  0
148  6  70368 101746460 2397008 55692384    0    0     0 423196 160018 674425 80 20  0  0  0  0
145  3  70368 101757192 2397008 55692400    0    0     0 420744 161811 672790 80 20  0  0  0  0
176  0  70368 101756396 2397008 55692420    0    0     0 430840 160503 674232 80 20  0  0  0  0
162 10  70368 101753320 2397008 55692440    0    0     0 342368 157435 664985 80 20  0  0  0  0
228  1  70368 101753452 2397008 55692468    0    0     0 424812 161105 675423 79 20  0  0  0  0
158  2  70368 101760272 2397008 55692492    0    0     0 454156 162997 680257 80 20  0  0  0  0
132  0  70368 101764776 2397008 55692508    0    0     0 412108 159569 678126 80 19  0  0  0  0
163 13  70368 101762204 2397008 55692528    0    0     0 378264 158540 671870 80 20  0  0  0  0
158  0  70368 101754856 2397008 55692556    0    0     0 429416 159612 675848 79 20  0  0  0  0
139 13  70368 101755572 2397008 55692576    0    0     0 427256 157823 675638 80 20  0  0  0  0
178  0  70368 101749768 2397008 55692596    0    0     0 394460 160273 672238 80 20  0  0  0  0
179  0  70368 101748016 2397008 55692620    0    0     0 384800 157792 666137 80 20  0  0  0  0
142 15  70368 101746192 2397008 55692640    0    0     0 420304 159411 672858 80 20  0  0  0  0
186  1  70368 101746284 2397008 55692656    0    0     0 432028 159063 674814 80 20  0  0  0  0
167  2  70368 101740608 2397008 55692680    0    0     0 376992 159021 670114 79 20  0  0  0  0
209  2  70368 101741808 2397008 55692708    0    0     0 439576 163342 678962 80 20  0  0  0  0
procs -----------memory---------- ---swap-- -----io---- -system-- -------cpu-------
 r  b   swpd   free   buff  cache   si   so    bi    bo   in   cs us sy id wa st gu
166  5  70368 101735192 2397008 55692728    0    0     0 405488 159988 673312 80 20  0  0  0  0
148  0  70368 101740232 2397008 55692748    0    0     0 417564 161389 676392 79 20  0  0  0  0
113  0  70368 101750712 2397008 55692836    0    0     0 416932 160056 675995 80 20  0  0  0  0
169  1  70368 101745600 2397008 55692856    0    0     0 383780 159301 674354 79 20  0  0  0  0
134  1  70368 101740208 2397008 55692880    0    0     0 431984 162827 675986 80 20  0  0  0  0
164  0  70368 101745296 2397008 55692896    0    0     0 414952 160874 679659 80 20  0  0  0  0
180  1  70368 101748964 2397008 55692912    0    0     0 404620 162732 675680 80 20  0  0  0  0
183  0  70368 101749428 2397008 55692932    0    0     0 375804 157534 668900 79 20  0  0  0  0
175  0  70368 101747804 2397008 55692952    0    0     0 451768 164064 674752 80 20  0  0  0  0
183  2  70368 101747332 2397008 55692980    0    0     0 400844 160531 673822 80 20  0  0  0  0
166  3  70368 101743608 2397008 55693008    0    0     0 415040 161452 675160 79 20  0  0  0  0
180  1  70368 101736548 2397008 55693024    0    0     0 375352 158470 670186 80 20  0  0  0  0
175  1  70368 101734352 2397008 55693048    0    0     0 440780 162686 674055 79 20  0  0  0  0
172  0  70368 101730476 2397008 55693076    0    0     0 418304 161593 674488 79 20  0  0  0  0
166  0  70368 101733692 2397008 55693096    0    0     0 408672 160067 674723 79 20  0  0  0  0
152  2  70368 101741644 2397008 55693116    0    0     0 410240 159698 670266 80 20  0  0  0  0
202  0  70368 101737116 2397008 55693140    0    0     0 406600 159879 673924 80 20  0  0  0  0
171  0  70368 101740472 2397008 55693160    0    0     0 413456 160081 678704 80 20  0  0  0  0
158  0  70368 101737656 2397008 55693184    0    0     0 408380 157390 670825 80 20  0  0  0  0
161  2  70368 101745840 2397008 55693208    0    0     0 388668 157658 672093 79 20  0  0  0  0
193  0  70368 101750696 2397008 55693232    0    0     0 386844 160201 674460 80 20  0  0  0  0
procs -----------memory---------- ---swap-- -----io---- -system-- -------cpu-------
 r  b   swpd   free   buff  cache   si   so    bi    bo   in   cs us sy id wa st gu
169  0  70368 101752496 2397008 55693248    0    0     0 444092 162712 678661 80 20  0  0  0  0
155  0  70368 101741780 2397008 55693272    0    0     0 411268 160821 681219 80 20  0  0  0  0
175  1  70368 101743736 2397008 55693292    0    0     0 411192 159024 674446 80 20  0  0  0  0
158  1  70368 101746976 2397012 55693308    0    0     0 411016 160654 674783 80 20  0  0  0  0
169  0  70368 101750464 2397012 55693340    0    0     0 425600 162037 675546 79 20  0  0  0  0
165  0  70368 101747752 2397012 55693360    0    0     0 420584 163052 675440 80 20  0  0  0  0
162  2  70368 101745092 2397012 55693384    0    0     0 404092 161441 674545 80 20  0  0  0  0
165  0  70368 101742752 2397012 55693408    0    0     0 421824 159362 670540 80 20  0  0  0  0
145  0  70368 101745712 2397012 55693432    0    0     0 417176 157928 673525 80 20  0  0  0  0
152  1  70368 101742972 2397012 55693456    0    0     0 412368 159568 671973 80 20  0  0  0  0
169  0  70368 101751700 2397012 55693480    0    0     0 424284 160629 674891 79 21  0  0  0  0
171  1  70368 101749888 2397012 55693496    0    0     0 420180 161999 672485 80 20  0  0  0  0
142  1  70368 101742536 2397012 55693516    0    0     0 400376 159255 671253 79 20  0  0  0  0
172  3  70368 101743464 2397012 55693536    0    0     0 426396 160034 677572 80 20  0  0  0  0
160  0  70368 101733572 2397012 55693564    0    0     0 426952 162336 675289 80 20  0  0  0  0
198  0  70368 101736284 2397012 55693584    0    0     0 414332 161541 675962 80 20  0  0  0  0
175  0  70368 101738760 2397012 55693604    0    0     0 415020 159782 676128 80 19  0  0  0  0
139  0  70368 101735252 2397012 55693624    0    0     0 420132 160177 674183 79 20  0  0  0  0
177  0  70368 101745324 2397012 55693644    0    0     0 411112 159411 672827 80 20  0  0  0  0
183  1  70368 101739172 2397012 55693668    0    0     0 404744 160478 670413 80 20  0  0  0  0
173  0  70368 101741808 2397012 55693696    0    0     0 418404 160600 674071 80 20  0  0  0  0
procs -----------memory---------- ---swap-- -----io---- -system-- -------cpu-------
 r  b   swpd   free   buff  cache   si   so    bi    bo   in   cs us sy id wa st gu
159  0  70368 101744876 2397012 55693716    0    0     0 410868 158775 672496 80 20  0  0  0  0
212  0  70368 101744776 2397012 55693740    0    0     0 411620 158857 677092 80 20  0  0  0  0
185  2  70368 101736840 2397012 55693760    0    0     0 405864 158797 671772 80 20  0  0  0  0
159  2  70368 101738356 2397012 55693780    0    0     0 411624 160877 673280 80 20  0  0  0  0
134  0  70368 101730216 2397012 55693816    0    0     0 415220 160493 672573 79 20  0  0  0  0
163  1  70368 101728676 2397012 55693832    0    0     0 406976 156436 674504 80 20  0  0  0  0
171  0  70368 101732216 2397012 55693860    0    0     0 411280 159860 677369 79 20  0  0  0  0
180  0  70368 101746140 2397012 55693872    0    0     0 409096 160381 675271 80 20  0  0  0  0
149  0  70368 101746316 2397012 55693888    0    0     0 411112 161924 671036 80 20  0  0  0  0
163  0  70368 101739252 2397012 55693912    0    0     0 410464 159036 668665 80 20  0  0  0  0
153  0  70368 101744340 2397012 55693940    0    0     0 414644 159385 681041 80 20  0  0  0  0
167  0  70368 101741768 2397012 55693960    0    0     0 406468 160455 674817 80 20  0  0  0  0
202  1  70368 101740612 2397012 55693980    0    0     0 388132 159464 673102 80 20  0  0  0  0
161  0  70368 101740160 2397012 55694008    0    0     0 433212 162517 678107 79 20  0  0  0  0
176  0  70368 101740832 2397012 55694036    0    0     0 409496 161392 666171 79 21  0  0  0  0
182  0  70368 101737256 2397012 55694060    0    0     0 406540 159321 672878 80 20  0  0  0  0
168  0  70368 101736804 2397012 55694076    0    0     0 410416 156725 669978 80 20  0  0  0  0
189  0  70368 101734932 2397016 55694088    0    0     0 406956 161421 674970 80 20  0  0  0  0
177  0  70368 101742768 2397016 55694116    0    0     0 406668 160960 670655 80 20  0  0  0  0
147  0  70368 101740484 2397016 55694144    0    0     0 407744 161096 676718 79 20  0  0  0  0
162  0  70368 101738292 2397016 55694264    0    0     0 410784 159836 674719 80 20  0  0  0  0
procs -----------memory---------- ---swap-- -----io---- -system-- -------cpu-------
 r  b   swpd   free   buff  cache   si   so    bi    bo   in   cs us sy id wa st gu
182  0  70368 101736352 2397016 55694292    0    0     0 408552 159071 671362 80 20  0  0  0  0
130  0  70368 101734488 2397016 55694312    0    0     0 409024 162568 677426 80 20  0  0  0  0
168  0  70368 101738996 2397016 55694344    0    0     0 411916 159918 674664 79 20  0  0  0  0
182  0  70368 101736332 2397016 55694368    0    0     0 415656 159504 675883 80 20  0  0  0  0
198  0  70368 101738744 2397016 55694388    0    0     0 410660 160412 677094 80 20  0  0  0  0
183  0  70368 101737360 2397016 55694404    0    0     0 419504 161911 676613 80 19  0  0  0  0
171  0  70368 101746692 2397016 55694416    0    0     0 408288 159660 673029 79 20  1  0  0  0
207  0  70368 101739324 2397016 55694436    0    0     0 409452 159664 674573 80 20  0  0  0  0
168  0  70368 101736576 2397016 55694464    0    0     0 409052 156872 673524 80 20  0  0  0  0
153  0  70368 101736772 2397016 55694488    0    0     0 412060 160169 672251 80 20  0  0  0  0
163  0  70368 101736192 2397016 55694508    0    0     0 410152 159270 674405 80 20  0  0  0  0
161  0  70368 101733416 2397016 55694536    0    0     0 408280 159322 675727 80 20  0  0  0  0
177  0  70368 101737488 2397016 55694556    0    0     0 408248 159177 671183 80 20  0  0  0  0
143  0  70368 101745384 2397016 55694572    0    0     0 411744 158947 675003 80 20  0  0  0  0
176  0  70368 101738372 2397016 55694596    0    0     0 413476 161865 675441 80 20  0  0  0  0
137  0  70368 101731060 2397016 55694616    0    0     0 413880 161860 673796 79 20  0  0  0  0
173  0  70368 101737040 2397016 55694644    0    0     0 415204 159793 677021 80 20  0  0  0  0
150  0  70368 101737420 2397016 55694664    0    0     0 407196 160956 673731 79 20  0  0  0  0
163  0  70368 101735212 2397016 55694688    0    0     0 408876 161371 673855 80 20  0  0  0  0
184  0  70368 101733508 2397016 55694716    0    0     0 410880 161327 672917 79 20  0  0  0  0
201  0  70368 101734456 2397016 55694740    0    0     0 411476 161089 674775 80 20  0  0  0  0
procs -----------memory---------- ---swap-- -----io---- -system-- -------cpu-------
 r  b   swpd   free   buff  cache   si   so    bi    bo   in   cs us sy id wa st gu
144  0  70368 101741108 2397016 55694752    0    0     0 408844 159493 678080 80 20  0  0  0  0
160  0  70368 101742996 2397016 55694776    0    0     0 414420 158071 674655 80 20  0  0  0  0
162  0  70368 101738880 2397016 55694792    0    0     0 414456 161596 676048 80 20  0  0  0  0
185  0  70368 101734956 2397016 55694816    0    0     0 408224 158610 672749 80 20  0  0  0  0
187  0  70368 101730328 2397016 55694836    0    0     0 410748 159107 675841 80 20  0  0  0  0
154  0  70368 101722704 2397016 55694860    0    0     0 412408 160293 675194 79 20  0  0  0  0
165  0  70368 101727976 2397016 55694876    0    0     0 412652 160435 675308 80 20  0  0  0  0
160  0  70368 101732920 2397016 55694904    0    0     0 409500 162788 672980 80 20  0  0  0  0
166  0  70368 101733328 2397016 55694928    0    0     0 408500 160011 671880 79 20  0  0  0  0
157  0  70368 101735068 2397016 55694956    0    0     0 408820 161718 674735 80 20  0  0  0  0
167  0  70368 101732808 2397016 55694972    0    0     0 411124 162421 680212 79 20  0  0  0  0
150  0  70368 101741696 2397016 55694996    0    0     0 412956 160316 674080 80 20  0  0  0  0
148  0  70368 101731608 2397016 55695008    0    0     0 409744 161026 672793 80 20  0  0  0  0
151  0  70368 101736972 2397016 55695040    0    0     0 407972 161025 671218 80 20  0  0  0  0
141  0  70368 101735004 2397016 55695056    0    0     0 408016 159677 672101 80 20  0  0  0  0
159  0  70368 101730192 2397016 55695080    0    0     0 408352 157754 680396 80 19  0  0  0  0
137  0  70368 101733284 2397016 55695108    0    0     0 408212 159172 674389 80 20  0  0  0  0
159  0  70368 101742476 2397016 55695120    0    0     0 407380 160319 673802 80 20  0  0  0  0
189  0  70368 101742416 2397016 55695148    0    0     0 411856 162200 676394 79 20  0  0  0  0
128  0  70368 101735808 2397016 55695172    0    0     0 407512 159936 675804 80 20  0  0  0  0
110  0  70368 101741168 2397016 55695192    0    0     0 406604 161816 671053 79 20  0  0  0  0
procs -----------memory---------- ---swap-- -----io---- -system-- -------cpu-------
 r  b   swpd   free   buff  cache   si   so    bi    bo   in   cs us sy id wa st gu
153  0  70368 101743192 2397016 55695204    0    0     0 412016 161609 675761 80 20  0  0  0  0
142  0  70368 101743328 2397016 55695232    0    0     0 411384 158896 673951 80 20  0  0  0  0
169  0  70368 101734276 2397016 55695252    0    0     0 412328 160336 673355 80 20  0  0  0  0
154  0  70368 101737500 2397016 55695276    0    0     0 410448 158103 673676 80 20  0  0  0  0
135  0  70368 101728736 2397016 55695300    0    0     0 410548 158633 674234 80 20  0  0  0  0
120  0  70368 101735076 2397016 55695316    0    0     0 405160 160552 673836 79 20  0  0  0  0
165  0  70368 101735856 2397016 55695348    0    0     0 406528 161028 672993 80 20  0  0  0  0
125  0  70368 101731524 2397016 55695368    0    0     0 408888 172312 672368 79 20  0  0  0  0
126  0  70368 101727956 2397016 55695396    0    0     0 411308 161219 672025 80 20  0  0  0  0
149  0  70368 101739196 2397016 55695420    0    0     0 410828 157507 677873 80 20  0  0  0  0
114  1  70368 101738720 2397016 55695436    0    0     0 410104 159514 680917 80 19  0  0  0  0
130  0  70368 101739084 2397016 55695456    0    0     0 413348 168088 670607 80 20  0  0  0  0
110  0  70368 101734672 2397016 55695476    0    0     0 410960 167172 672368 79 20  0  0  0  0
179  0  70368 101728632 2397016 55695504    0    0     0 411808 158489 672346 80 20  0  0  0  0
121  0  70368 101732472 2397016 55695516    0    0     0 412440 163757 673875 79 20  0  0  0  0
193  0  70368 101738812 2397016 55695540    0    0     0 408344 160300 675638 80 20  0  0  0  0
181  0  70368 101733680 2397016 55695572    0    0     0 412372 160569 672355 80 20  0  0  0  0
159  0  70368 101729680 2397016 55695656    0    0     0 411480 159721 670075 80 20  0  0  0  0
171  0  70368 101734872 2397016 55695684    0    0     0 415972 160612 671946 80 20  0  0  0  0
128  0  70368 101738536 2397016 55695696    0    0     0 416028 159334 672577 80 20  0  0  0  0
174  0  70368 101739116 2397016 55695724    0    0     0 411836 158522 674765 80 20  0  0  0  0
procs -----------memory---------- ---swap-- -----io---- -system-- -------cpu-------
 r  b   swpd   free   buff  cache   si   so    bi    bo   in   cs us sy id wa st gu
146  0  70368 101734332 2397016 55695744    0    0     0 413984 160713 671897 80 20  0  0  0  0
144  0  70368 101729396 2397016 55695768    0    0     0 415336 160228 675180 80 20  0  0  0  0
148  0  70368 101723672 2397016 55695796    0    0     0 411024 163213 671166 79 20  0  0  0  0
170  0  70368 101726864 2397016 55695816    0    0     0 417860 159860 672962 80 20  0  0  0  0
159  0  70368 101737924 2397016 55695840    0    0     0 410648 160780 677866 80 20  0  0  0  0
170  0  70368 101736112 2397016 55695860    0    0     0 417080 159810 674526 80 20  0  0  0  0
152  0  70368 101732804 2397016 55695880    0    0     0 416136 159326 681265 79 20  1  0  0  0
157  0  70368 101727280 2397016 55695908    0    0     0 415804 159025 676860 80 20  0  0  0  0
209  0  70368 101733952 2397016 55695928    0    0     0 414616 158739 673461 80 20  0  0  0  0
186  0  70368 101724684 2397016 55695944    0    0     0 420388 165253 674546 79 20  0  0  0  0
202  0  70368 101722528 2397016 55695964    0    0     0 415304 162629 672329 80 20  0  0  0  0
150  0  70368 101724284 2397016 55695984    0    0     0 414124 161715 671916 80 20  0  0  0  0
202  0  70368 101718024 2397016 55696008    0    0     0 411868 162671 674240 80 20  0  0  0  0
149  0  70368 101729792 2397016 55696040    0    0     0 414208 160202 672225 80 20  0  0  0  0
155  0  70368 101730004 2397016 55696064    0    0     0 424760 157681 675222 80 20  0  0  0  0
161  0  70368 101730820 2397016 55696080    0    0     0 415716 158524 671242 80 20  0  0  0  0
88  1  70368 101734936 2397016 55696104    0    0     0 416280 159393 673716 80 20  0  0  0  0
177  0  70368 101734260 2397016 55696132    0    0     0 415300 160018 672210 80 20  0  0  0  0
165  0  70368 101732148 2397016 55696144    0    0     0 417740 161174 675789 80 20  0  0  0  0
158  0  70368 101731488 2397016 55696172    0    0     0 419916 161140 668984 80 20  0  0  0  0
174  0  70368 101734524 2397016 55696216    0    0     0 417968 163349 677976 80 20  0  0  0  0
procs -----------memory---------- ---swap-- -----io---- -system-- -------cpu-------
 r  b   swpd   free   buff  cache   si   so    bi    bo   in   cs us sy id wa st gu
165  0  70368 101740660 2397016 55696220    0    0     0 420004 159593 676758 80 20  0  0  0  0
142  0  70368 101730792 2397016 55696244    0    0     0 415300 155769 674322 80 20  0  0  0  0
159  0  70368 101727024 2397016 55696272    0    0     0 412992 161439 674286 80 20  0  0  0  0
192  0  70368 101728252 2397016 55696296    0    0     0 410700 161793 672707 79 20  0  0  0  0
171  1  70368 101723500 2397016 55696312    0    0     0 408704 161146 675071 79 20  0  0  0  0
130  0  70368 101728304 2397016 55696332    0    0     0 413720 161050 672704 80 20  0  0  0  0
166  0  70368 101727684 2397016 55696352    0    0     0 414736 160045 673235 80 20  0  0  0  0
190  0  70368 101731952 2397016 55696380    0    0     0 413660 161208 681960 80 20  0  0  0  0
180  0  70368 101732712 2397016 55696408    0    0     0 412824 159651 672254 80 20  0  0  0  0
169  0  70368 101730424 2397016 55696440    0    0     0 413176 156438 671308 80 20  0  0  0  0
157  0  70368 101729676 2397016 55696468    0    0     0 410604 160766 674843 79 20  0  0  0  0
166  0  70368 101730668 2397016 55696484    0    0     0 410972 159433 675240 80 20  0  0  0  0
133  0  70368 101730120 2397016 55696504    0    0     0 410252 159395 675559 80 20  0  0  0  0
219  0  70368 101732512 2397016 55696544    0    0     0 409052 159254 672266 80 20  0  0  0  0
152  0  70368 101730512 2397016 55696556    0    0     0 409032 157631 671789 80 20  0  0  0  0
137  0  70368 101734180 2397016 55696564    0    0     0 412780 160915 679614 80 20  0  0  0  0
154  0  70368 101727564 2397016 55696588    0    0     0 411020 158683 673477 80 20  0  0  0  0
192  0  70368 101726644 2397016 55696608    0    0     0 409476 161238 675976 80 20  0  0  0  0
172  0  70368 101723748 2397016 55696644    0    0     0 417308 160918 676742 80 20  0  0  0  0
164  0  70368 101722120 2397016 55696660    0    0     0 417892 160994 670511 79 20  0  0  0  0
147  0  70368 101712408 2397016 55696680    0    0     0 416008 160610 675198 80 20  0  0  0  0
procs -----------memory---------- ---swap-- -----io---- -system-- -------cpu-------
 r  b   swpd   free   buff  cache   si   so    bi    bo   in   cs us sy id wa st gu
163  0  70368 101708732 2397016 55696712    0    0     0 415172 160120 670118 79 20  0  0  0  0
180  0  70368 101717008 2397016 55696740    0    0     0 416868 163476 674846 79 20  0  0  0  0
167  0  70368 101712444 2397016 55696744    0    0     0 420260 160995 677098 79 20  0  0  0  0
166  0  70368 101715632 2397016 55696764    0    0     0 418540 160454 672089 80 20  0  0  0  0
169  0  70368 101725608 2397016 55696788    0    0     0 411192 161778 671448 79 21  0  0  0  0
148  0  70368 101717868 2397016 55696808    0    0     0 410616 157665 673236 80 20  0  0  0  0
169  0  70368 101713624 2397016 55696828    0    0     0 409552 159787 674853 80 20  0  0  0  0
159  0  70368 101714864 2397016 55696864    0    0     0 410892 160268 674428 80 20  0  0  0  0
71  0  70368 101715528 2397016 55696880    0    0     0 414552 159713 671156 80 20  0  0  0  0
162  0  70368 101718764 2397016 55696920    0    0     0 420212 160553 676787 80 20  0  0  0  0
174  0  70368 101721732 2397016 55696936    0    0     0 413824 161423 675774 80 19  0  0  0  0
125  0  70368 101723652 2397020 55696948    0    0     0 416784 157720 674888 80 20  0  0  0  0
126  0  70368 101722948 2397020 55696980    0    0     0 412080 157544 674104 80 20  0  0  0  0
123  0  70368 101722584 2397020 55697000    0    0     0 413760 157519 674114 80 20  0  0  0  0
176  0  70368 101714480 2397020 55697112    0    0     0 407772 162665 675333 79 20  0  0  0  0
170  0  70368 101715924 2397020 55697132    0    0     0 412940 163326 673614 80 20  0  0  0  0
172  0  70368 101719196 2397020 55697156    0    0     0 411104 159298 671387 80 20  0  0  0  0
180  0  70368 101722476 2397020 55697188    0    0     0 415312 159266 674258 80 20  0  0  0  0
174  0  70368 101718272 2397020 55697200    0    0     0 415908 160185 674882 80 20  0  0  0  0
172  0  70368 101718196 2397020 55697232    0    0     0 416112 159493 672960 79 20  0  0  0  0
204  0  70368 101714600 2397020 55697256    0    0     0 410588 159037 674443 80 20  0  0  0  0
procs -----------memory---------- ---swap-- -----io---- -system-- -------cpu-------
 r  b   swpd   free   buff  cache   si   so    bi    bo   in   cs us sy id wa st gu
167  0  70368 101726212 2397020 55697264    0    0     0 409444 160937 673530 80 20  0  0  0  0
216  0  70368 101724428 2397020 55697284    0    0     0 410516 159474 674460 80 20  0  0  0  0
144  0  70368 101722544 2397020 55697312    0    0     0 414304 158740 672855 80 20  0  0  0  0
186  0  70368 101713644 2397020 55697340    0    0     0 416580 160615 672020 79 20  0  0  0  0
131  0  70368 101715384 2397020 55697356    0    0     0 414092 160433 676171 80 20  0  0  0  0
153  0  70368 101719740 2397020 55697376    0    0     0 420124 161355 678024 80 20  0  0  0  0
150  0  70368 101714140 2397020 55697408    0    0     0 411692 159722 671220 80 20  0  0  0  0
198  0  70368 101714496 2397020 55697420    0    0     0 412404 162444 670166 79 20  0  0  0  0
162  0  70368 101716132 2397020 55697444    0    0     0 412248 157519 674722 80 20  0  0  0  0
165  0  70368 101713628 2397020 55697468    0    0     0 410660 159325 669730 80 20  0  0  0  0
146  0  70368 101722860 2397020 55697504    0    0     0 415416 160133 671318 80 20  0  0  0  0
165  0  70368 101718800 2397020 55697532    0    0     0 413504 160169 674165 80 20  0  0  0  0
132  0  70368 101716796 2397020 55697548    0    0     0 415000 158732 672813 80 20  0  0  0  0
147  0  70368 101723460 2397020 55697572    0    0     0 412792 157785 672973 80 20  0  0  0  0
175  0  70368 101722008 2397020 55697596    0    0     0 411368 157126 676516 80 20  0  0  0  0
127  0  70368 101724144 2397020 55697624    0    0     0 412396 158310 672755 80 20  0  0  0  0
187  1  70368 101731612 2397020 55697644    0    0     0 413924 159786 675875 79 20  0  0  0  0
108  0  70368 101731020 2397020 55697660    0    0     0 413084 160103 673482 79 20  0  0  0  0
180  0  70368 101730996 2397020 55697672    0    0     0 417636 163182 672927 79 20  0  0  0  0
157  0  70368 101726820 2397020 55697708    0    0     0 418888 160692 674720 80 20  0  0  0  0
173  0  70368 101726304 2397020 55697732    0    0     0 419204 161114 677914 80 20  0  0  0  0
procs -----------memory---------- ---swap-- -----io---- -system-- -------cpu-------
 r  b   swpd   free   buff  cache   si   so    bi    bo   in   cs us sy id wa st gu
160  0  70368 101723740 2397020 55697744    0    0     0 417356 158151 680817 80 20  0  0  0  0
154  0  70368 101724100 2397020 55697768    0    0     0 412292 157750 673502 80 20  0  0  0  0
185  0  70368 101731636 2397020 55697804    0    0     0 412112 162206 670749 79 20  0  0  0  0
167  0  70368 101733292 2397020 55697816    0    0     0 414788 160581 673452 79 20  0  0  0  0
186  0  70368 101730880 2397020 55697844    0    0     0 413684 157957 674956 80 20  0  0  0  0
157  0  70368 101725972 2397020 55697864    0    0     0 414208 161445 674667 80 20  0  0  0  0
158  0  70368 101726164 2397020 55697888    0    0     0 420012 161131 672938 80 20  0  0  0  0
139  0  70368 101722512 2397020 55697908    0    0     0 412160 159240 672811 80 20  0  0  0  0
164  0  70368 101716312 2397020 55697940    0    0     0 410976 160389 671390 80 20  0  0  0  0
137  0  70368 101714960 2397020 55697956    0    0     0 414116 160605 674271 80 20  0  0  0  0
163  0  70368 101715596 2397020 55697988    0    0     0 411036 163273 671249 80 20  0  0  0  0
137  0  70368 101716168 2397020 55698004    0    0     0 413608 160452 671746 80 20  0  0  0  0
180  0  70368 101720848 2397020 55698016    0    0     0 408608 158808 670545 80 20  0  0  0  0
141  0  70368 101716224 2397020 55698040    0    0     0 411700 160190 672158 80 20  0  0  0  0
177  0  70368 101729168 2397020 55698068    0    0     0 416356 160713 671765 80 20  0  0  0  0
133  0  70368 101728588 2397020 55698080    0    0     0 414252 162174 674957 80 19  0  0  0  0
182  0  70368 101724368 2397020 55698108    0    0     0 414540 162742 672325 80 20  0  0  0  0
168  0  70368 101719600 2397020 55698120    0    0     0 414440 161442 674299 80 20  0  0  0  0
157  0  70368 101713176 2397020 55698144    0    0     0 413708 159557 675914 80 20  0  0  0  0
153  0  70368 101713404 2397020 55698176    0    0     0 415796 161090 672295 80 20  0  0  0  0
155  0  70368 101719572 2397020 55698196    0    0     0 409804 160455 671850 79 20  0  0  0  0
procs -----------memory---------- ---swap-- -----io---- -system-- -------cpu-------
 r  b   swpd   free   buff  cache   si   so    bi    bo   in   cs us sy id wa st gu
188  0  70368 101720228 2397020 55698220    0    0     0 415160 159162 672175 80 20  0  0  0  0
156  0  70368 101714952 2397020 55698252    0    0     0 416616 157822 673713 80 20  0  0  0  0
171  0  70368 101715356 2397020 55698260    0    0     0 417008 161126 674812 80 20  0  0  0  0
144  0  70368 101720248 2397020 55698288    0    0     0 417852 166663 671228 80 20  0  0  0  0
151  0  70368 101717712 2397020 55698320    0    0     0 417888 162241 669653 79 20  0  0  0  0
183  0  70368 101723108 2397020 55698344    0    0     0 415588 161474 672622 80 20  0  0  0  0
179  0  70368 101718716 2397020 55698360    0    0     0 417312 166420 673452 79 21  0  0  0  0
158  0  70368 101728212 2397020 55698384    0    0     0 416656 162844 673343 79 20  1  0  0  0
177  0  70368 101730028 2397020 55698412    0    0     0 422060 165673 675272 79 20  0  0  0  0
159  0  70368 101735796 2397020 55698432    0    0     0 414928 160483 674778 80 20  0  0  0  0
186  0  70368 101736860 2397020 55698508    0    0     0 416328 163297 673417 81 19  0  0  0  0
178  0  70368 101731212 2397020 55698532    0    0     0 422372 159551 672743 80 20  0  0  0  0
167  1  70368 101723972 2397020 55698560    0    0     0 417980 164521 673711 79 20  0  0  0  0
157  0  70368 101726664 2397024 55698576    0    0     0 420364 167634 672400 79 21  0  0  0  0
134  0  70368 101728400 2397024 55698600    0    0     0 417476 159560 672784 80 20  0  0  0  0
167  0  70368 101730220 2397024 55698624    0    0     0 416240 160941 671067 79 20  0  0  0  0
139  0  70368 101728624 2397024 55698644    0    0     0 422464 161309 672595 79 20  0  0  0  0
179  0  70368 101726580 2397024 55698664    0    0     0 417396 161854 674670 80 20  0  0  0  0
131  0  70368 101728444 2397024 55698692    0    0     0 416728 162495 668571 79 20  0  0  0  0
182  0  70368 101727772 2397024 55698708    0    0     0 415936 160345 667700 80 20  0  0  0  0
155  1  70368 101719476 2397024 55698732    0    0     0 413920 160661 672394 80 20  0  0  0  0
procs -----------memory---------- ---swap-- -----io---- -system-- -------cpu-------
 r  b   swpd   free   buff  cache   si   so    bi    bo   in   cs us sy id wa st gu
148  0  70368 101715640 2397024 55698752    0    0     0 415240 158512 672052 80 20  0  0  0  0
154  0  70368 101715680 2397024 55698780    0    0     0 412368 160106 670351 80 20  0  0  0  0
186  0  70368 101718540 2397024 55698804    0    0     0 419200 159758 670834 80 20  0  0  0  0
151  0  70368 101717400 2397024 55698824    0    0     0 412504 159274 673732 80 20  0  0  0  0
172  0  70368 101724216 2397024 55698848    0    0     0 421432 159829 675477 80 20  0  0  0  0
106  0  70368 101727984 2397024 55698868    0    0     0 415776 161733 674096 80 20  0  0  0  0
172  0  70368 101717556 2397024 55698884    0    0     0 419180 159926 672648 80 20  0  0  0  0
149  1  70368 101718384 2397024 55698912    0    0     0 411776 162084 674617 79 20  0  0  0  0
170  0  70368 101718916 2397024 55698936    0    0     0 414524 162251 670348 80 20  0  0  0  0
134  0  70368 101715988 2397024 55698952    0    0     0 412580 160689 669508 80 20  0  0  0  0
161  0  70368 101725720 2397024 55698972    0    0     0 415128 159941 670980 80 20  0  0  0  0
172  0  70368 101722444 2397024 55699008    0    0     0 413532 160854 672238 79 20  0  0  0  0
147  0  70368 101716576 2397024 55699028    0    0     0 409120 159027 671860 80 20  0  0  0  0
196  0  70368 101720696 2397024 55699048    0    0     0 410612 161503 670954 80 20  0  0  0  0
111  0  70368 101720816 2397024 55699072    0    0     0 413472 161390 672033 79 20  1  0  0  0
141  0  70368 101717284 2397024 55699096    0    0     0 414432 157270 673404 80 20  0  0  0  0
154  0  70368 101714408 2397024 55699120    0    0     0 412760 157607 672084 80 20  0  0  0  0
167  0  70368 101714992 2397024 55699144    0    0     0 412968 160956 673853 79 20  1  0  0  0
156  0  70368 101717244 2397024 55699160    0    0     0 416092 161206 676361 80 20  0  0  0  0
229  0  70368 101723984 2397024 55699188    0    0     0 410344 160333 669240 80 20  0  0  0  0
175  0  70368 101727900 2397024 55699208    0    0     0 416800 161695 674448 80 20  0  0  0  0
procs -----------memory---------- ---swap-- -----io---- -system-- -------cpu-------
 r  b   swpd   free   buff  cache   si   so    bi    bo   in   cs us sy id wa st gu
168  0  70368 101727944 2397024 55699220    0    0     0 413984 162392 673125 80 20  0  0  0  0
132  0  70368 101721236 2397024 55699244    0    0     0 415580 161584 675771 80 20  0  0  0  0
181  0  70368 101719824 2397024 55699272    0    0     0 415604 162313 672409 79 20  1  0  0  0
121  0  70368 101720244 2397024 55699292    0    0     0 414612 162104 673275 80 20  0  0  0  0
145  0  70368 101709520 2397024 55699320    0    0     0 415052 160483 670723 80 20  0  0  0  0
130  0  70368 101709512 2397024 55699340    0    0     0 414584 160615 670713 80 20  0  0  0  0
111  0  70368 101711568 2397024 55699364    0    0     0 414588 161332 674208 80 20  0  0  0  0
151  0  70368 101705432 2397024 55699380    0    0     0 414508 161869 669631 80 20  0  0  0  0
175  0  70368 101716956 2397024 55699400    0    0     0 416456 164027 669761 79 20  0  0  0  0
149  0  70368 101715300 2397024 55699428    0    0     0 410088 159873 669673 80 20  0  0  0  0
162  1  70368 101718988 2397024 55699448    0    0     0 416316 159150 675689 80 20  0  0  0  0
170  0  70368 101715488 2397024 55699472    0    0     0 413888 159102 672320 80 20  0  0  0  0
167  0  70368 101719580 2397024 55699492    0    0     0 413752 162309 674228 80 20  0  0  0  0
180  0  70368 101715156 2397024 55699520    0    0     0 413324 159082 675760 80 20  0  0  0  0
186  1  70368 101722632 2397024 55699544    0    0     0 415560 162580 669114 80 20  0  0  0  0
139  0  70368 101722532 2397024 55699568    0    0     0 418664 160226 682375 80 20  0  0  0  0
197  0  70368 101723548 2397024 55699576    0    0     0 416376 161975 670505 80 20  0  0  0  0
182  0  70368 101726272 2397024 55699600    0    0     0 411944 162185 671029 79 20  0  0  0  0
170  0  70368 101724924 2397024 55699612    0    0     0 422288 162013 676010 79 20  0  0  0  0
210  0  70368 101725080 2397024 55699640    0    0     0 415036 160443 673340 80 20  0  0  0  0
130  0  70368 101721672 2397024 55699668    0    0     0 414976 164638 673432 79 20  1  0  0  0
procs -----------memory---------- ---swap-- -----io---- -system-- -------cpu-------
 r  b   swpd   free   buff  cache   si   so    bi    bo   in   cs us sy id wa st gu
139  0  70368 101711380 2397024 55699684    0    0     0 413084 170498 669659 79 21  0  0  0  0
146  0  70368 101700116 2397024 55699708    0    0     0 416044 167024 670296 79 21  1  0  0  0
160  1  70368 101704612 2397024 55699736    0    0     0 416032 164638 668240 79 21  0  0  0  0
159  0  70368 101707320 2397024 55699760    0    0     0 415876 161449 665573 80 20  0  0  0  0
162  0  70368 101705632 2397024 55699776    0    0     0 412580 161696 669167 79 20  0  0  0  0
146  0  70368 101713568 2397024 55699796    0    0     0 413656 162764 671395 79 20  0  0  0  0
114  0  70368 101714016 2397024 55699820    0    0     0 410356 164148 668975 79 21  0  0  0  0
156  0  70368 101719664 2397024 55699908    0    0     0 421072 164182 666677 78 20  1  0  0  0
