procs -----------memory---------- ---swap-- -----io---- -system-- -------cpu-------
 r  b   swpd   free   buff  cache   si   so    bi    bo   in   cs us sy id wa st gu
 5  0  70368 114720188 2399680 60251940    0    1 13138 16230 4142    2  2  0 98  0  0  0
 1  0  70368 114711440 2399680 60252008    0    0     0 320004 95970 59256  1  1 98  0  0  0
92  0  70368 114632892 2399680 60252052    0    0     0 224604 96829 48064 94  2  4  0  0  0
137  0  70368 114623476 2399680 60252072    0    0     0 295268 164102 50352 97  2  1  0  0  0
130  0  70368 114617140 2399680 60252088    0    0     0 244492 93693 43529 98  2  0  0  0  0
132  0  70368 114600988 2399680 60252100    0    0     0 255636 136510 45492 97  2  1  0  0  0
48  1  70368 114582252 2399680 60252128    0    0     0 394644 123530 68125 93  2  5  0  0  0
70 76  70368 114231828 2399680 60252224    0    0 1188672 626224 531238 858460 57 22 16  5  0  0
68 75  70368 114162308 2399680 60252252    0    0 1935872 709188 334919 1195760 65 21  5 10  0  0
47 61  70368 114141620 2399680 60252272    0    0 1956272 749492 322083 1247846 62 21  5 11  0  0
41 67  70368 114122572 2399680 60252296    0    0 1883280 853020 319745 1251637 60 21  5 14  0  0
62 70  70368 114122292 2399680 60252328    0    0 1874336 900944 324178 1228416 62 20  5 13  0  0
23 57  70368 114120864 2399680 60252360    0    0 1853440 913292 316886 1254479 60 20  7 14  0  0
42 79  70368 114138388 2399680 60252376    0    0 1876080 895848 317026 1248336 62 19  5 14  0  0
71 59  70368 114136768 2399680 60252400    0    0 1858304 963732 321680 1258670 60 21  5 14  0  0
47 93  70368 114123476 2399680 60252416    0    0 1831664 998224 317358 1230081 61 20  5 14  0  0
32 108  70368 114121696 2399680 60252444    0    0 1808976 997188 316627 1242374 59 20  6 16  0  0
72 73  70368 114117064 2399680 60252468    0    0 1778016 981572 313222 1181019 62 20  5 13  0  0
22 81  70368 114111376 2399680 60252492    0    0 1676944 903352 301928 1171402 57 20  6 17  0  0
45 41  70368 114105060 2399680 60252512    0    0 1710128 992192 304510 1126773 61 20  5 13  0  0
17 63  70368 114118236 2399680 60252536    0    0 1742496 1017564 313754 1175794 61 21  6 13  0  0
procs -----------memory---------- ---swap-- -----io---- -system-- -------cpu-------
 r  b   swpd   free   buff  cache   si   so    bi    bo   in   cs us sy id wa st gu
52 78  70368 114114700 2399680 60252568    0    0 1738752 1010204 313562 1179203 60 21  6 13  0  0
56 64  70368 114118180 2399680 60252592    0    0 1697904 1002408 306379 1133847 61 20  6 13  0  0
63 51  70368 114127688 2399680 60252608    0    0 1711408 1018700 311560 1175111 58 20  7 15  0  0
24 69  70368 114139208 2399680 60252628    0    0 1741504 1039472 310175 1150438 63 20  5 12  0  0
54 73  70368 114122032 2399680 60252652    0    0 1735600 1027428 315098 1175507 61 21  5 13  0  0
51 83  70368 114129412 2399680 60252676    0    0 1716112 1025292 308409 1141831 62 21  5 13  0  0
50 74  70368 114129928 2399680 60252700    0    0 1718768 984164 313387 1169872 60 21  5 14  0  0
57 39  70368 114124488 2399680 60252720    0    0 1600160 969660 294189 1107936 59 19  6 16  0  0
57 74  70368 114145696 2399680 60252752    0    0 1748448 1022388 315991 1179240 61 21  5 13  0  0
63 88  70368 114136036 2399680 60252780    0    0 1761696 1018896 319051 1184196 61 21  5 13  0  0
44 70  70368 114116220 2399680 60252808    0    0 1727136 1010420 313962 1165221 60 21  5 14  0  0
44 103  70368 114096908 2399680 60252832    0    0 1729344 1037856 310959 1148849 63 21  5 12  0  0
67 77  70368 114104776 2399680 60252856    0    0 1758416 1034152 316149 1178888 61 21  6 12  0  0
77 61  70368 114122764 2399680 60252872    0    0 1757040 1032832 318011 1193332 61 20  5 14  0  0
19 113  70368 114113888 2399680 60252900    0    0 1750320 1025020 316843 1177041 60 22  5 13  0  0
43 104  70368 114110740 2399680 60252928    0    0 1674080 988104 306361 1110461 61 20  5 14  0  0
43 46  70368 114116968 2399680 60252948    0    0 1697536 1002128 309622 1151996 59 20  6 15  0  0
91 63  70368 114106924 2399680 60252972    0    0 1649136 996876 302335 1116059 61 20  5 14  0  0
53 99  70368 114083524 2399680 60253004    0    0 1733952 1047916 331594 1161507 61 21  5 12  0  0
40 72  70368 114073556 2399680 60253028    0    0 1709664 1019168 313715 1158763 59 21  6 14  0  0
56 83  70368 114087984 2399680 60253056    0    0 1723744 1042664 311500 1134436 63 21  5 12  0  0
procs -----------memory---------- ---swap-- -----io---- -system-- -------cpu-------
 r  b   swpd   free   buff  cache   si   so    bi    bo   in   cs us sy id wa st gu
73 61  70368 114094976 2399680 60253080    0    0 1793680 1083724 323711 1193607 63 22  4 11  0  0
96 49  70368 114095136 2399680 60253104    0    0 1804848 1070572 325196 1199708 63 22  4 11  0  0
65 72  70368 114090868 2399680 60253128    0    0 1771232 1070096 322450 1194716 61 21  6 12  0  0
85 61  70368 114112244 2399680 60253144    0    0 1748848 1061976 318783 1191202 60 21  6 13  0  0
52 75  70368 114092960 2399680 60253168    0    0 1780096 1066608 322785 1197842 62 22  5 12  0  0
27 69  70368 114091500 2399680 60253204    0    0 1616960 991612 301327 1135720 56 20  7 17  0  0
68 77  70368 114093312 2399680 60253232    0    0 1762144 1084784 316533 1150992 64 21  4 11  0  0
75 69  70368 114103488 2399680 60253248    0    0 1780560 1072188 323180 1189776 63 22  4 11  0  0
47 87  70368 114099864 2399680 60253268    0    0 1776128 1075572 322056 1188486 61 22  5 12  0  0
61 90  70368 114087700 2399680 60253296    0    0 1788816 1094740 325734 1204028 63 22  4 11  0  0
99 53  70368 114068024 2399680 60253324    0    0 1795440 1089500 325365 1210059 63 22  5 11  0  0
58 73  70368 114069776 2399680 60253344    0    0 1765360 1059136 320196 1188230 61 22  5 12  0  0
53 87  70368 114077872 2399680 60253368    0    0 1771248 1071172 322501 1187137 62 22  5 12  0  0
78 69  70368 114064400 2399680 60253396    0    0 1804720 1085632 325525 1212684 62 22  4 12  0  0
33 79  70368 114078984 2399680 60253408    0    0 1657984 994108 305111 1153199 57 20  6 17  0  0
65 77  70368 114081784 2399680 60253440    0    0 1754384 1055920 364507 1149759 64 21  4 11  0  0
104 41  70368 114025484 2399680 60253496    0    0 1766640 1066204 550866 1161957 62 23  5 10  0  0
50 87  70368 114003228 2399680 60253520    0    0 1747136 1057444 470985 1153415 61 23  6 10  0  0
48 86  70368 113975064 2399680 60253544    0    0 1761312 1059124 342888 1178234 62 23  5 10  0  0
97 44  70368 113959896 2399680 60253560    0    0 1787936 1072384 377864 1184150 63 23  4 10  0  0
79 63  70368 113981312 2399680 60253588    0    0 1742736 1050532 354344 1165609 61 23  5 12  0  0
procs -----------memory---------- ---swap-- -----io---- -system-- -------cpu-------
 r  b   swpd   free   buff  cache   si   so    bi    bo   in   cs us sy id wa st gu
11  5  70368 113989136 2399680 60253612    0    0 1773888 1067176 372685 1176614 62 23  4 11  0  0
91 54  70368 113984028 2399680 60253632    0    0 1767984 1066620 436052 1179641 62 23  5 10  0  0
48 77  70368 113968736 2399680 60253660    0    0 1657008 989352 391247 1142288 58 21  6 15  0  0
89 52  70368 113920460 2399680 60253684    0    0 1759520 1056504 382579 1158638 63 22  4 10  0  0
98 57  70368 113957648 2399680 60253776    0    0 1776272 1065312 367773 1168921 63 23  5 10  0  0
86 53  70368 113980680 2399680 60253800    0    0 1776016 1064040 373822 1173959 62 23  5 10  0  0
98 42  70368 113988432 2399684 60253836    0    0 1762880 1060584 321485 1175476 62 22  5 11  0  0
93 42  70368 113976044 2399684 60253856    0    0 1742896 1056192 317693 1160650 61 22  5 12  0  0
57 87  70368 114009880 2399684 60253876    0    0 1767824 1065172 321358 1180951 62 22  4 12  0  0
71 70  70368 114014720 2399684 60253900    0    0 1802384 1072240 325341 1190717 63 23  4 10  0  0
80 61  70368 113999756 2399684 60253920    0    0 1784896 1075776 323947 1189812 63 22  4 11  0  0
57 72  70368 114032436 2399684 60253948    0    0 1648336 979100 305878 1146144 58 21  6 16  0  0
80 56  70368 114036604 2399684 60253968    0    0 1739824 1077552 315079 1143877 64 21  4 11  0  0
80 61  70368 114041380 2399684 60253996    0    0 1805360 1077740 324619 1193682 63 22  4 10  0  0
67 82  70368 114050788 2399684 60254016    0    0 1802512 1089776 327113 1216977 62 21  5 12  0  0
52 89  70368 114049164 2399684 60254036    0    0 1765264 1058156 321799 1189357 61 22  5 12  0  0
102 43  70368 114039316 2399684 60254064    0    0 1739072 1059092 319806 1172709 60 22  5 13  0  0
96 52  70368 114055632 2399684 60254092    0    0 1787632 1077256 319543 1160780 65 22  4 10  0  0
84 63  70368 114052072 2399684 60254112    0    0 1788736 1084216 324074 1180341 63 22  4 11  0  0
53 77  70368 114023480 2399684 60254136    0    0 1796464 1086636 325295 1202630 62 22  4 11  0  0
38 60  70368 114029380 2399684 60254168    0    0 1678848 1010600 310058 1159256 58 21  6 15  0  0
procs -----------memory---------- ---swap-- -----io---- -system-- -------cpu-------
 r  b   swpd   free   buff  cache   si   so    bi    bo   in   cs us sy id wa st gu
49 96  70368 114038140 2399684 60254184    0    0 1731920 1054488 313981 1144132 63 21  4 11  0  0
72 71  70368 114049332 2399684 60254216    0    0 1811104 1080248 326051 1200857 63 22  4 10  0  0
66 81  70368 114053444 2399684 60254232    0    0 1782112 1084344 321757 1187923 62 22  5 11  0  0
48 88  70368 114039912 2399684 60254260    0    0 1733248 1050020 319068 1173571 60 21  6 13  0  0
77 66  70368 114047160 2399684 60254276    0    0 1759104 1063696 362278 1160190 64 20  5 11  0  0
87 59  70368 114010248 2399684 60254296    0    0 1791264 1073388 343175 1189492 63 23  4 11  0  0
59 78  70368 114008564 2399684 60254320    0    0 1807504 1081532 326230 1201328 63 23  4 10  0  0
98 72  70368 113980760 2399684 60254344    0    0 1791504 1071596 324006 1196643 63 22  4 11  0  0
61 73  70368 113994960 2399684 60254368    0    0 1704928 1030984 313536 1163027 59 21  5 14  0  0
65 91  70368 114020140 2399684 60254400    0    0 1703120 1029400 309916 1142798 62 21  5 12  0  0
90 49  70368 114021128 2399684 60254432    0    0 1800432 1087340 325576 1195203 63 22  5 10  0  0
82 56  70368 114005456 2399684 60254452    0    0 1784176 1067476 322493 1188360 62 22  5 11  0  0
70 70  70368 114015372 2399684 60254476    0    0 1712672 1044152 315299 1160884 59 21  6 14  0  0
85 46  70368 114011224 2399684 60254504    0    0 1770528 1064384 317429 1153721 64 21  4 10  0  0
60 85  70368 114010336 2399684 60254532    0    0 1767696 1075696 321428 1192695 61 21  5 12  0  0
65 80  70368 114056176 2399684 60254552    0    0 1580624 976432 297389 1127176 54 19  7 20  0  0
74 64  70368 114031884 2399684 60254572    0    0 1763568 1065740 318510 1152687 64 21  4 10  0  0
66 75  70368 114024496 2399684 60254600    0    0 1724800 1036228 314438 1171282 60 21  5 14  0  0
110 36  70368 114046640 2399684 60254624    0    0 1693568 1039936 309715 1138115 62 21  4 12  0  0
69 83  70368 114010644 2399684 60254652    0    0 1799136 1081848 325209 1197593 63 22  4 11  0  0
68 88  70368 113998472 2399688 60254676    0    0 1756704 1055036 321215 1187650 61 22  6 12  0  0
procs -----------memory---------- ---swap-- -----io---- -system-- -------cpu-------
 r  b   swpd   free   buff  cache   si   so    bi    bo   in   cs us sy id wa st gu
46 91  70368 114008376 2399688 60254708    0    0 1723168 1051412 316459 1167274 60 21  5 14  0  0
71 62  70368 114021392 2399688 60254720    0    0 1779680 1067740 319817 1165828 65 21  4 10  0  0
54 94  70368 114010180 2399688 60254748    0    0 1711680 1028364 314099 1168215 60 21  5 14  0  0
71 77  70368 114024060 2399688 60254784    0    0 1616848 1012820 300748 1106900 60 20  5 15  0  0
88 47  70368 114017668 2399688 60254796    0    0 1774528 1067120 330594 1180951 62 21  6 11  0  0
52 54  70368 113994044 2399688 60254812    0    0 1720080 1035680 313488 1168634 60 21  6 14  0  0
78 63  70368 114001768 2399688 60254840    0    0 1675760 1024572 306666 1127548 62 20  5 13  0  0
84 50  70368 114010044 2399688 60254860    0    0 1769232 1076396 322232 1188195 62 21  5 12  0  0
62 79  70368 114014052 2399688 60254892    0    0 1745632 1055512 320842 1182149 61 22  5 13  0  0
84 58  70368 113991864 2399688 60254912    0    0 1754880 1061236 320814 1179946 61 22  5 12  0  0
96 36  70368 113983696 2399688 60254940    0    0 1779792 1072524 324319 1203606 62 22  5 11  0  0
45 66  70368 114011580 2399688 60254964    0    0 1632704 1002752 303426 1133633 56 20  6 17  0  0
58 84  70368 114017796 2399688 60254988    0    0 1685408 1034504 309878 1133354 62 20  5 13  0  0
84 63  70368 114009104 2399688 60255012    0    0 1785136 1076808 323686 1190975 62 22  5 11  0  0
54 93  70368 114006020 2399688 60255040    0    0 1727600 1042520 313861 1167383 59 21  6 13  0  0
92 43  70368 113995812 2399688 60255052    0    0 1672944 1015024 306233 1139472 61 19  5 14  0  0
50 87  70368 114004260 2399688 60255076    0    0 1775872 1075628 322261 1195600 62 22  5 11  0  0
90 54  70368 114009580 2399688 60255100    0    0 1752544 1054600 320929 1183169 61 22  5 12  0  0
77 58  70368 114006996 2399688 60255120    0    0 1757952 1066948 320540 1181995 61 22  5 12  0  0
52 95  70368 114021564 2399688 60255148    0    0 1781904 1073432 323002 1202027 62 22  5 11  0  0
56 93  70368 114011988 2399688 60255172    0    0 1563376 962440 296219 1116936 54 19  8 19  0  0
procs -----------memory---------- ---swap-- -----io---- -system-- -------cpu-------
 r  b   swpd   free   buff  cache   si   so    bi    bo   in   cs us sy id wa st gu
84 62  70368 113987580 2399688 60255196    0    0 1780464 1075748 319986 1169232 65 22  4 10  0  0
89 46  70368 113996368 2399688 60255308    0    0 1814112 1076356 327486 1205280 63 23  4 10  0  0
66 75  70368 114007416 2399688 60255328    0    0 1790752 1080008 323786 1196913 62 22  4 11  0  0
62 87  70368 113987640 2399688 60255356    0    0 1609152 981592 316650 1131131 56 20  7 17  0  0
75 71  70368 114014868 2399688 60255384    0    0 1739776 1063800 314972 1139015 63 21  5 11  0  0
96 46  70368 114001724 2399688 60255404    0    0 1795248 1073344 326377 1214134 62 21  5 12  0  0
89 49  70368 113978080 2399688 60255432    0    0 1799616 1086632 325744 1211117 63 22  4 11  0  0
68 87  70368 113988636 2399688 60255452    0    0 1690160 1036080 312684 1153646 59 21  6 15  0  0
80 80  70368 113983304 2399696 60255472    0    0 1621872 992896 300063 1108962 60 20  6 14  0  0
90 40  70368 113973792 2399696 60255516    0    0 1797648 1087548 325704 1204135 63 22  4 11  0  0
96 48  70368 113989956 2399696 60255536    0    0 1799792 1080908 326466 1206123 63 23  4 11  0  0
92 45  70368 114008348 2399696 60255564    0    0 1796240 1083608 326189 1205055 63 22  4 11  0  0
83 47  70368 113987704 2399696 60255592    0    0 1663408 1016624 308498 1152533 58 21  6 16  0  0
104 34  70368 113980288 2399696 60255616    0    0 1698128 1030816 310222 1131504 62 21  5 12  0  0
75 63  70368 113979336 2399696 60255636    0    0 1790208 1077212 325134 1201572 62 22  5 11  0  0
56 76  70368 113988976 2399696 60255668    0    0 1789760 1074016 324459 1204021 62 22  5 12  0  0
79 68  70368 113999848 2399696 60255680    0    0 1570464 973248 295265 1124303 54 18  8 20  0  0
50 97  70368 114013072 2399696 60255704    0    0 1750640 1064996 315545 1157792 64 21  5 11  0  0
78 70  70368 114010356 2399696 60255724    0    0 1808512 1084448 326378 1206428 63 22  5 10  0  0
93 36  70368 113999672 2399696 60255752    0    0 1796192 1086156 325874 1200246 62 23  4 11  0  0
82 50  70368 113985604 2399696 60255780    0    0 1791072 1093572 325443 1205590 62 22  5 11  0  0
procs -----------memory---------- ---swap-- -----io---- -system-- -------cpu-------
 r  b   swpd   free   buff  cache   si   so    bi    bo   in   cs us sy id wa st gu
71 73  70368 113993132 2399696 60255800    0    0 1703072 1045648 313383 1163405 59 21  6 14  0  0
64 79  70368 113995652 2399696 60255824    0    0 1683984 1028748 307733 1137692 62 20  5 13  0  0
62 88  70368 113983260 2399696 60255852    0    0 1773584 1066476 323968 1181599 62 22  5 11  0  0
62 83  70368 113977560 2399696 60255876    0    0 1706944 1034956 324696 1160433 59 21  6 14  0  0
62 74  70368 113965404 2399696 60255904    0    0 1618160 988752 299381 1106264 60 20  5 15  0  0
71 64  70368 113983444 2399696 60255924    0    0 1785600 1078564 324254 1203343 62 21  4 12  0  0
70 76  70368 114012992 2399696 60255940    0    0 1805792 1081628 326245 1212454 63 22  5 11  0  0
86 48  70368 113970092 2399696 60255964    0    0 1790528 1082120 324330 1191882 62 22  4 11  0  0
75 81  70368 113955112 2399696 60255992    0    0 1769024 1061700 321425 1180750 62 22  5 12  0  0
78 77  70368 113970560 2399696 60256020    0    0 1691712 1029776 311743 1157334 59 21  6 14  0  0
79 75  70368 113983912 2399696 60256044    0    0 1684704 1024956 308363 1135134 62 21  5 12  0  0
63 68  70368 114004764 2399696 60256060    0    0 1797376 1084172 325326 1197937 63 22  4 11  0  0
60 83  70368 113990324 2399696 60256100    0    0 1577856 971860 296133 1117441 55 19  7 19  0  0
95 56  70368 113977112 2399696 60256124    0    0 1760784 1057904 316490 1156029 64 21  4 11  0  0
84 53  70368 113968488 2399696 60256148    0    0 1774800 1068768 321853 1188839 62 22  4 12  0  0
81 72  70368 113975040 2399696 60256172    0    0 1798176 1091968 324991 1200536 63 22  4 11  0  0
58 78  70368 113976292 2399696 60256200    0    0 1802976 1095404 327839 1220435 62 21  5 12  0  0
84 56  70368 113994108 2399696 60256220    0    0 1766192 1068952 321695 1189451 61 21  5 12  0  0
77 65  70368 113992824 2399696 60256248    0    0 1737376 1050504 317971 1177599 60 21  5 13  0  0
113 32  70368 113985828 2399696 60256272    0    0 1649168 991284 305714 1152663 57 21  6 16  0  0
74 69  70368 113984512 2399696 60256296    0    0 1718624 1040904 309868 1124639 62 21  5 12  0  0
procs -----------memory---------- ---swap-- -----io---- -system-- -------cpu-------
 r  b   swpd   free   buff  cache   si   so    bi    bo   in   cs us sy id wa st gu
85 56  70368 113980564 2399696 60256316    0    0 1611248 991720 301689 1137668 57 20  7 17  0  0
99 41  70368 113966780 2399696 60256340    0    0 1779584 1072488 318123 1155481 65 21  4 10  0  0
85 63  70368 113979912 2399696 60256372    0    0 1766416 1064768 325266 1186921 62 22  5 11  0  0
79 62  70368 113964576 2399696 60256396    0    0 1786208 1076264 330328 1189925 62 22  5 11  0  0
63 81  70368 113974100 2399696 60256416    0    0 1782816 1078896 323504 1198368 62 22  5 11  0  0
96 49  70368 113951232 2399696 60256444    0    0 1744032 1049812 318784 1175022 61 21  5 13  0  0
99 43  70368 113944548 2399696 60256464    0    0 1799376 1091616 326867 1216998 63 21  5 12  0  0
62 88  70368 113963684 2399696 60256480    0    0 1656016 1015384 306949 1149531 58 20  6 16  0  0
52 91  70368 113980392 2399696 60256508    0    0 1583296 978072 294356 1087322 58 19  6 16  0  0
104 50  70368 113967308 2399696 60256532    0    0 1691248 1032816 308377 1129365 62 21  5 13  0  0
81 64  70368 113965664 2399696 60256552    0    0 1808032 1088572 327591 1213177 63 22  4 10  0  0
75 50  70368 113957096 2399696 60256584    0    0 1758704 1064108 322379 1188213 61 22  5 12  0  0
74 73  70368 113968228 2399696 60256604    0    0 1796784 1089784 326515 1207896 63 22  4 11  0  0
82 49  70368 113969188 2399696 60256632    0    0 1777888 1071552 323964 1197268 62 22  5 11  0  0
62 85  70368 113969228 2399696 60256656    0    0 1758752 1068408 321061 1180638 61 22  5 13  0  0
59 83  70368 113985368 2399696 60256680    0    0 1787152 1076232 325674 1199495 62 22  4 11  0  0
71 72  70368 113982168 2399696 60256704    0    0 1695216 1029704 310615 1157318 58 20  6 16  0  0
66 75  70368 113976284 2399696 60256724    0    0 1535584 934632 285992 1072042 57 17  7 19  0  0
80 56  70368 113964832 2399696 60256744    0    0 1784576 1084760 320706 1158635 66 21  4  9  0  0
73 64  70368 113971596 2399696 60256840    0    0 1793328 1077272 324704 1201322 63 22  5 11  0  0
125 24  70368 113973612 2399696 60256868    0    0 1761728 1067816 323687 1190397 62 22  5 12  0  0
procs -----------memory---------- ---swap-- -----io---- -system-- -------cpu-------
 r  b   swpd   free   buff  cache   si   so    bi    bo   in   cs us sy id wa st gu
93 46  70368 113980956 2399696 60256888    0    0 1777952 1078388 325196 1192675 62 22  5 11  0  0
99 45  70368 113962616 2399696 60256916    0    0 1746416 1065472 321346 1189969 60 22  5 13  0  0
92 46  70368 113945356 2399696 60256940    0    0 1776560 1076200 334069 1195484 61 22  5 11  0  0
57 92  70368 113955008 2399696 60256960    0    0 1785392 1084532 337379 1195065 62 22  5 11  0  0
52 93  70368 113930096 2399696 60256992    0    0 1658384 1015404 307871 1134314 58 20  6 16  0  0
68 72  70368 113918092 2399696 60257020    0    0 1586832 961160 292932 1097583 59 20  5 16  0  0
96 50  70368 113950080 2399696 60257048    0    0 1797824 1086120 320032 1166805 65 21  4 10  0  0
85 60  70368 113993348 2399696 60257072    0    0 1800336 1086004 325138 1197938 63 22  4 11  0  0
91 51  70368 113966140 2399696 60257096    0    0 1786288 1076576 324415 1200078 62 22  5 11  0  0
78 70  70368 113934852 2399696 60257120    0    0 1772816 1075732 322404 1188632 62 22  4 12  0  0
92 48  70368 113938728 2399696 60257144    0    0 1750304 1053284 321269 1177669 61 22  5 12  0  0
62 71  70368 113955632 2399696 60257164    0    0 1796848 1090956 326985 1203865 62 22  4 11  0  0
71 76  70368 113952668 2399696 60257200    0    0 1801312 1088544 326057 1201434 63 22  4 11  0  0
82 58  70368 113976816 2399696 60257216    0    0 1582496 973936 296267 1112544 55 19  7 19  0  0
68 84  70368 113954712 2399696 60257244    0    0 1603968 987208 298107 1103110 60 20  6 15  0  0
83 53  70368 113940652 2399696 60257268    0    0 1771504 1067080 318065 1150426 65 22  4 10  0  0
91 59  70368 113948144 2399696 60257292    0    0 1809536 1088168 328461 1211304 63 22  4 10  0  0
64 73  70368 113965460 2399696 60257316    0    0 1798096 1082336 325916 1210099 62 21  5 12  0  0
88 58  70368 113976640 2399696 60257340    0    0 1735424 1060564 318906 1182811 60 21  6 13  0  0
82 60  70368 113972784 2399696 60257356    0    0 1763280 1073260 317321 1155336 64 22  4 10  0  0
64 79  70368 113963204 2399696 60257376    0    0 1787472 1076348 322045 1188065 62 22  4 11  0  0
procs -----------memory---------- ---swap-- -----io---- -system-- -------cpu-------
 r  b   swpd   free   buff  cache   si   so    bi    bo   in   cs us sy id wa st gu
63 79  70368 113950444 2399696 60257404    0    0 1734944 1061236 316107 1167407 60 21  5 13  0  0
93 49  70368 113964556 2399696 60257428    0    0 1618160 985496 300017 1103227 60 20  5 15  0  0
53 86  70368 113940744 2399696 60257456    0    0 1614768 985596 306244 1137136 56 20  7 17  0  0
91 50  70368 113948260 2399696 60257480    0    0 1774784 1072628 318187 1160404 65 21  4 10  0  0
97 39  70368 113953800 2399696 60257504    0    0 1806576 1084316 326108 1202013 63 22  5 10  0  0
96 44  70368 113942320 2399696 60257520    0    0 1785248 1082192 324241 1202665 62 22  5 11  0  0
68 62  70368 113954948 2399696 60257548    0    0 1716448 1047832 316081 1163717 60 21  6 14  0  0
125 32  70368 113962812 2399696 60257568    0    0 1788272 1079700 321533 1177082 64 20  4 11  0  0
95 38  70368 113948188 2399696 60257588    0    0 1803856 1089248 326815 1207586 63 22  4 11  0  0
65 75  70368 113942508 2399696 60257608    0    0 1583696 992880 296912 1117034 54 19  7 19  0  0
86 55  70368 113957816 2399696 60257632    0    0 1731856 1051272 313886 1142889 63 21  4 11  0  0
77 76  70368 113968284 2399696 60257664    0    0 1681280 1014840 309201 1155576 58 20  6 15  0  0
81 58  70368 113963932 2399696 60257684    0    0 1729264 1040364 311608 1147390 64 21  4 11  0  0
88 52  70368 113939932 2399696 60257712    0    0 1804144 1095452 326696 1204638 63 22  4 11  0  0
96 42  70368 113937964 2399696 60257736    0    0 1783072 1076224 322644 1197148 62 22  5 12  0  0
83 68  70368 113961848 2399696 60257768    0    0 1728320 1048804 318926 1184111 60 21  5 13  0  0
85 52  70368 113962668 2399696 60257788    0    0 1771840 1069124 316929 1150561 65 21  4 10  0  0
53 96  70368 113950948 2399696 60257808    0    0 1736640 1052560 316551 1178976 60 21  6 13  0  0
70 71  70368 113955076 2399696 60257828    0    0 1600304 982076 296857 1109018 58 18  6 17  0  0
71 82  70368 113974856 2399696 60257848    0    0 1781936 1068680 318755 1160846 65 22  4 10  0  0
55 83  70368 113961764 2399696 60257868    0    0 1736880 1044316 316019 1171418 60 21  5 13  0  0
procs -----------memory---------- ---swap-- -----io---- -system-- -------cpu-------
 r  b   swpd   free   buff  cache   si   so    bi    bo   in   cs us sy id wa st gu
65 65  70368 113957284 2399696 60257904    0    0 1657568 1010792 304852 1124772 61 20  5 13  0  0
75 62  70368 113947428 2399696 60257932    0    0 1773824 1076148 321581 1185651 62 22  5 12  0  0
96 43  70368 113943820 2399696 60257956    0    0 1739952 1056508 318971 1177758 61 21  5 13  0  0
65 67  70368 113949584 2399696 60257980    0    0 1747472 1055744 319765 1170287 61 22  5 12  0  0
63 70  70368 113941668 2399696 60258008    0    0 1783008 1072564 322588 1193935 62 22  4 11  0  0
108 38  70368 113941660 2399696 60258028    0    0 1614800 985568 300290 1130737 56 20  7 18  0  0
72 70  70368 113935648 2399696 60258048    0    0 1714256 1045300 311640 1136699 62 21  5 12  0  0
77 51  70368 113937096 2399696 60258072    0    0 1802720 1081796 326514 1207553 63 21  4 11  0  0
97 44  70368 113946472 2399696 60258088    0    0 1806800 1087096 326342 1211357 63 21  4 11  0  0
96 41  70368 113941924 2399696 60258120    0    0 1628448 999636 304412 1143001 57 20  7 17  0  0
76 69  70368 113931324 2399696 60258140    0    0 1765888 1075952 318713 1160237 64 21  4 10  0  0
80 77  70368 113941848 2399696 60258172    0    0 1727584 1055356 315509 1163914 60 21  5 14  0  0
61 93  70368 113936160 2399696 60258196    0    0 1763520 1071132 318468 1157194 64 21  4 11  0  0
72 65  70368 113952280 2399696 60258212    0    0 1739360 1056948 318544 1179116 60 22  5 13  0  0
104 44  70368 113959740 2399696 60258244    0    0 1574704 978508 295495 1118509 54 19  7 19  0  0
67 73  70368 113956264 2399696 60258268    0    0 1767120 1073976 315045 1142353 65 21  4 10  0  0
91 58  70368 113947192 2399696 60258364    0    0 1798512 1084320 324480 1200573 62 23  4 11  0  0
97 44  70368 113932756 2399696 60258388    0    0 1788160 1087376 323491 1199260 62 22  5 11  0  0
62 80  70368 113948984 2399696 60258408    0    0 1628176 998144 303130 1147213 56 19  6 18  0  0
68 82  70368 113965712 2399696 60258436    0    0 1739712 1046820 314444 1148188 63 21  5 12  0  0
65 79  70368 113952192 2399696 60258456    0    0 1789824 1076840 325902 1204420 63 22  4 11  0  0
procs -----------memory---------- ---swap-- -----io---- -system-- -------cpu-------
 r  b   swpd   free   buff  cache   si   so    bi    bo   in   cs us sy id wa st gu
86 44  70368 113943736 2399696 60258480    0    0 1787408 1078872 328390 1197402 62 22  5 11  0  0
53 98  70368 113933276 2399696 60258504    0    0 1666272 1029264 325326 1157379 58 21  6 15  0  0
79 67  70368 113928568 2399700 60258532    0    0 1646112 1013504 304570 1114085 61 20  5 14  0  0
71 75  70368 113908416 2399700 60258552    0    0 1802112 1083692 325900 1201945 63 22  4 11  0  0
72 74  70368 113913908 2399700 60258580    0    0 1796576 1077208 324798 1200466 63 22  4 11  0  0
94 45  70368 113913152 2399700 60258608    0    0 1790656 1079248 325922 1203517 62 22  5 11  0  0
51 94  70368 113926204 2399700 60258628    0    0 1659568 1011000 308321 1144931 58 21  6 16  0  0
60 87  70368 113946452 2399700 60258664    0    0 1685536 1031688 307490 1135078 62 21  5 13  0  0
94 52  70368 113949096 2399700 60258688    0    0 1785360 1083576 324393 1205014 62 21  5 12  0  0
74 53  70368 113943432 2399700 60258704    0    0 1752464 1054008 319855 1183280 61 21  5 13  0  0
85 54  70368 113921716 2399700 60258720    0    0 1576112 983924 297134 1124875 54 19  7 19  0  0
86 63  70368 113932120 2399700 60258748    0    0 1764848 1066092 316292 1147138 64 22  4 10  0  0
77 65  70368 113946696 2399700 60258776    0    0 1800432 1088572 326187 1202986 63 22  4 11  0  0
88 51  70368 113940972 2399700 60258800    0    0 1801664 1082400 326838 1208233 63 22  5 11  0  0
52 92  70368 113927032 2399700 60258820    0    0 1785840 1078276 323771 1199509 62 22  4 12  0  0
56 97  70368 113935740 2399700 60258840    0    0 1715888 1053644 314461 1165995 59 21  6 14  0  0
73 60  70368 113940008 2399700 60258876    0    0 1656544 1007680 301308 1116203 61 20  5 14  0  0
74 63  70368 113937876 2399704 60258908    0    0 1789248 1083628 325842 1195590 62 22  4 11  0  0
62 83  70368 113958368 2399704 60258936    0    0 1681168 1024004 309136 1155863 58 20  6 16  0  0
96 45  70368 113957104 2399704 60258952    0    0 1638544 997056 301769 1125832 60 19  6 16  0  0
79 53  70368 113950852 2399704 60258968    0    0 1782096 1081548 317891 1157664 65 21  4 10  0  0
procs -----------memory---------- ---swap-- -----io---- -system-- -------cpu-------
 r  b   swpd   free   buff  cache   si   so    bi    bo   in   cs us sy id wa st gu
85 57  70368 113942440 2399704 60259000    0    0 1807712 1081588 332990 1209885 63 22  5 10  0  0
84 58  70368 113932284 2399704 60259020    0    0 1809360 1095800 328426 1207692 63 23  4 10  0  0
94 50  70368 113925384 2399704 60259044    0    0 1784736 1080104 324362 1200641 62 22  5 11  0  0
86 68  70368 113927260 2399704 60259068    0    0 1726080 1053240 317122 1176801 60 22  5 13  0  0
86 68  70368 113925692 2399704 60259088    0    0 1622976 993872 299614 1109086 60 20  6 15  0  0
109 34  70368 113938044 2399704 60259116    0    0 1790432 1087084 320425 1162263 65 22  4 10  0  0
54 89  70368 113945880 2399704 60259144    0    0 1590288 977164 299669 1124700 55 19  7 19  0  0
55 98  70368 113940148 2399704 60259164    0    0 1735584 1055120 314446 1147121 64 21  4 11  0  0
86 50  70368 113928628 2399704 60259192    0    0 1790880 1071772 325477 1197575 62 22  4 12  0  0
57 84  70368 113937740 2399704 60259208    0    0 1808848 1088572 326978 1214595 62 22  5 11  0  0
100 32  70368 113938888 2399704 60259232    0    0 1800256 1082704 324649 1194291 63 22  4 11  0  0
67 63  70368 113953952 2399704 60259248    0    0 1748608 1066032 318398 1173024 61 22  5 13  0  0
75 74  70368 113933912 2399704 60259272    0    0 1754576 1081404 320841 1184341 61 22  5 12  0  0
63 87  70368 113936892 2399704 60259296    0    0 1663264 1008756 306989 1152719 58 20  6 15  0  0
41 102  70368 113926992 2399704 60259324    0    0 1641472 1006312 301881 1110982 60 20  6 15  0  0
97 52  70368 113910972 2399704 60259356    0    0 1662672 1012336 308486 1154739 58 20  6 16  0  0
86 47  70368 113925108 2399704 60259380    0    0 1771360 1066708 317896 1150626 65 21  4 10  0  0
66 76  70368 113924100 2399704 60259404    0    0 1765808 1068008 322310 1191031 61 22  5 12  0  0
65 70  70368 113934072 2399704 60259432    0    0 1803904 1082304 326532 1205820 63 22  4 11  0  0
89 52  70368 113935372 2399704 60259460    0    0 1789136 1089464 324819 1210273 61 21  5 12  0  0
101 41  70368 113942204 2399704 60259484    0    0 1734400 1058804 317460 1181996 60 21  6 14  0  0
procs -----------memory---------- ---swap-- -----io---- -system-- -------cpu-------
 r  b   swpd   free   buff  cache   si   so    bi    bo   in   cs us sy id wa st gu
58 82  70368 113940872 2399704 60259512    0    0 1772400 1076704 318159 1160221 64 21  4 10  0  0
67 68  70368 113933356 2399704 60259540    0    0 1698000 1037712 311497 1151728 59 21  6 15  0  0
36 111  70368 113935740 2399704 60259560    0    0 1545712 948236 288098 1076467 58 19  6 17  0  0
70 76  70368 113907832 2399704 60259592    0    0 1729376 1050376 313942 1141351 63 21  4 11  0  0
80 58  70368 113926068 2399704 60259608    0    0 1786640 1069224 323413 1191583 62 22  4 11  0  0
77 72  70368 113925404 2399704 60259632    0    0 1763088 1068028 323167 1189735 62 22  5 12  0  0
79 59  70368 113919616 2399704 60259656    0    0 1791600 1075992 325455 1199312 63 22  4 11  0  0
93 48  70368 113912292 2399704 60259680    0    0 1760992 1065580 322011 1182702 61 22  5 12  0  0
92 43  70368 113924912 2399704 60259704    0    0 1756368 1058820 320571 1178812 61 22  5 12  0  0
80 68  70368 113923428 2399704 60259728    0    0 1780832 1090772 322729 1201568 61 21  5 13  0  0
44 104  70368 113923588 2399704 60259748    0    0 1722576 1050656 314792 1172205 60 20  6 14  0  0
99 57  70368 113917052 2399704 60259772    0    0 1571872 950140 289707 1081417 58 19  6 17  0  0
105 38  70368 113924620 2399704 60259808    0    0 1789632 1084072 321425 1162774 65 22  4 10  0  0
78 64  70368 113933140 2399704 60259900    0    0 1788816 1084252 324935 1185930 62 22  5 11  0  0
67 72  70368 113921776 2399704 60259924    0    0 1766672 1068752 322849 1186222 61 22  5 12  0  0
78 67  70368 113927532 2399704 60259944    0    0 1789744 1079584 323681 1198955 62 22  5 11  0  0
86 67  70368 113921332 2399704 60259968    0    0 1734320 1059916 318431 1170367 60 22  6 12  0  0
91 53  70368 113923716 2399704 60259996    0    0 1770928 1091272 319359 1157595 65 21  4 10  0  0
109 38  70368 113935040 2399704 60260016    0    0 1787136 1076248 325102 1193404 62 22  4 11  0  0
62 83  70368 113930296 2399704 60260036    0    0 1620288 993784 302013 1128629 56 20  7 17  0  0
65 67  70368 113929860 2399704 60260060    0    0 1584704 968552 294735 1101718 58 18  6 18  0  0
procs -----------memory---------- ---swap-- -----io---- -system-- -------cpu-------
 r  b   swpd   free   buff  cache   si   so    bi    bo   in   cs us sy id wa st gu
91 46  70368 113922124 2399704 60260076    0    0 1764112 1065520 318218 1166294 64 21  4 10  0  0
74 63  70368 113907656 2399704 60260108    0    0 1797120 1081308 323791 1200444 62 22  5 11  0  0
67 67  70368 113916384 2399704 60260132    0    0 1768080 1069084 322863 1190467 61 22  5 12  0  0
79 63  70368 113918624 2399704 60260156    0    0 1773376 1076252 322144 1191724 62 21  5 12  0  0
90 53  70368 113929776 2399704 60260196    0    0 1737520 1062356 318710 1170735 60 21  5 13  0  0
88 56  70368 113894692 2399704 60260216    0    0 1786032 1084792 318425 1159657 65 22  4 10  0  0
68 79  70368 113908632 2399704 60260240    0    0 1785424 1077160 322141 1193609 61 22  5 12  0  0
83 60  70368 113902824 2399704 60260264    0    0 1567296 970204 295140 1114968 54 19  7 19  0  0
68 70  70368 113900300 2399704 60260288    0    0 1695392 1030696 307185 1127378 62 21  5 13  0  0
72 66  70368 113908424 2399704 60260312    0    0 1724928 1045440 316939 1182073 60 21  5 14  0  0
47 95  70368 113914468 2399704 60260332    0    0 1815968 1086444 323669 1177897 66 21  4 10  0  0
89 66  70368 113917640 2399704 60260360    0    0 1786256 1085916 325884 1191829 62 22  4 11  0  0
87 69  70368 113931368 2399704 60260380    0    0 1685584 1023504 311444 1151563 59 20  6 15  0  0
69 76  70368 113902944 2399704 60260404    0    0 1588128 979404 295510 1094417 59 19  6 16  0  0
65 66  70368 113895652 2399708 60260432    0    0 1622128 981628 298981 1104278 60 20  5 15  0  0
70 76  70368 113913920 2399708 60260460    0    0 1620352 974808 301292 1136402 57 20  6 17  0  0
54 94  70368 113914252 2399708 60260484    0    0 1521408 918344 283291 1055510 56 18  7 19  0  0
71 65  70368 113901416 2399708 60260500    0    0 1603200 985716 297736 1106375 59 20  6 15  0  0
82 66  70368 113887240 2399708 60260524    0    0 1623744 992188 299548 1109586 60 20  6 15  0  0
89 46  70368 113914052 2399712 60260548    0    0 1628368 985380 299434 1101736 60 20  6 15  0  0
91 53  70368 113939280 2399712 60260580    0    0 1604288 982596 300136 1130721 55 19  7 19  0  0
procs -----------memory---------- ---swap-- -----io---- -system-- -------cpu-------
 r  b   swpd   free   buff  cache   si   so    bi    bo   in   cs us sy id wa st gu
37 97  70368 113952404 2399712 60260596    0    0 1617712 979640 297461 1107752 60 19  5 16  0  0
73 77  70368 113923440 2399712 60260620    0    0 1554848 960332 291341 1081303 57 19  6 17  0  0
76 71  70368 113916580 2399712 60260640    0    0 1594848 975420 295600 1092349 59 19  6 16  0  0
72 76  70368 113911800 2399712 60260732    0    0 1686096 1024272 307546 1120044 62 20  5 13  0  0
81 66  70368 113915228 2399712 60260764    0    0 1591696 968852 297392 1117284 55 19  7 19  0  0
69 59  70368 113914068 2399712 60260784    0    0 1697776 1023148 306952 1117107 62 21  5 13  0  0
88 58  70368 113915596 2399712 60260808    0    0 1732128 1048584 316717 1158421 60 21  5 13  0  0
95 47  70368 113911220 2399712 60260840    0    0 1735520 1047176 312836 1130828 63 21  4 11  0  0
93 51  70368 113915812 2399712 60260868    0    0 1748128 1054556 318860 1178677 60 22  5 13  0  0
60 84  70368 113927796 2399712 60260896    0    0 1707968 1037804 311886 1126661 62 21  5 12  0  0
96 47  70368 113939216 2399712 60260912    0    0 1654096 1010044 307717 1140711 56 19  7 18  0  0
76 76  70368 113939380 2399712 60260932    0    0 1727744 1055696 313760 1133730 63 21  4 12  0  0
76 72  70368 113922924 2399712 60260952    0    0 1626864 998040 303167 1127382 57 20  6 17  0  0
80 64  70368 113916996 2399716 60260972    0    0 1668896 1020576 305995 1129506 61 20  5 13  0  0
101 35  70368 113906528 2399716 60261012    0    0 1724640 1038336 318319 1165815 60 21  5 13  0  0
61 77  70368 113899672 2399716 60261036    0    0 1739872 1048256 315126 1145353 63 21  5 11  0  0
69 83  70368 113907488 2399716 60261056    0    0 1751040 1049144 319129 1173532 61 22  5 13  0  0
73 78  70368 113893220 2399716 60261084    0    0 1733040 1052580 316827 1168212 60 21  5 13  0  0
21 119  70368 113891332 2399716 60261112    0    0 1688640 1025652 306311 1108977 62 20  5 13  0  0
87 61  70368 113911420 2399716 60261148    0    0 1675632 1029684 311497 1151401 58 20  6 15  0  0
57 80  70368 113916740 2399716 60261168    0    0 1710816 1042456 311391 1135231 62 21  5 12  0  0
procs -----------memory---------- ---swap-- -----io---- -system-- -------cpu-------
 r  b   swpd   free   buff  cache   si   so    bi    bo   in   cs us sy id wa st gu
40 99  70368 113918956 2399716 60261188    0    0 1576704 965936 295325 1122534 54 18  8 20  0  0
83 60  70368 113918092 2399716 60261204    0    0 1749248 1048632 312827 1140533 63 21  5 11  0  0
63 67  70368 113913384 2399716 60261228    0    0 1719920 1049612 315029 1159917 60 21  6 13  0  0
84 74  70368 113900972 2399716 60261252    0    0 1732448 1052540 312479 1132474 63 21  4 11  0  0
68 61  70368 113907200 2399716 60261276    0    0 1742208 1050488 318800 1170216 61 22  5 13  0  0
86 47  70368 113892816 2399716 60261304    0    0 1746688 1057812 319487 1175595 60 22  5 13  0  0
78 66  70368 113896508 2399716 60261328    0    0 1717488 1046808 315976 1165143 60 21  5 14  0  0
63 71  70368 113910924 2399716 60261352    0    0 1715584 1044180 310352 1127502 63 20  5 12  0  0
46 93  70368 113918120 2399716 60261376    0    0 1611296 991024 300840 1120546 56 20  6 17  0  0
71 68  70368 113904728 2399716 60261472    0    0 1653648 1012784 304023 1116421 61 20  5 14  0  0
60 89  70368 113899948 2399716 60261492    0    0 1749568 1056952 320066 1179870 61 21  5 13  0  0
65 71  70368 113907088 2399716 60261512    0    0 1786576 1076536 318683 1167953 65 20  4 11  0  0
105 30  70368 113907036 2399716 60261532    0    0 1791536 1079216 324240 1197377 62 22  5 11  0  0
91 51  70368 113908380 2399716 60261556    0    0 1791632 1084636 325284 1199851 63 22  4 11  0  0
87 38  70368 113908752 2399716 60261580    0    0 1740816 1059972 318735 1172856 60 22  5 13  0  0
67 71  70368 113897384 2399716 60261604    0    0 1787056 1081008 325340 1197275 62 22  4 11  0  0
57 86  70368 113902460 2399716 60261632    0    0 1795056 1073076 325082 1199208 63 22  4 11  0  0
61 80  70368 113873608 2399716 60261652    0    0 1585952 982520 297587 1121993 55 19  7 19  0  0
94 40  70368 113909044 2399716 60261676    0    0 1768336 1070668 317989 1163993 64 21  4 11  0  0
90 53  70368 113901968 2399716 60261704    0    0 1810288 1078872 326232 1202563 63 22  4 11  0  0
91 44  70368 113904336 2399716 60261728    0    0 1812752 1087280 326509 1203650 63 22  4 10  0  0
procs -----------memory---------- ---swap-- -----io---- -system-- -------cpu-------
 r  b   swpd   free   buff  cache   si   so    bi    bo   in   cs us sy id wa st gu
81 49  70368 113901904 2399716 60261752    0    0 1790672 1086852 323844 1202977 62 21  5 12  0  0
84 60  70368 113904676 2399716 60261768    0    0 1787152 1089960 325456 1210022 62 21  5 12  0  0
74 70  70368 113930848 2399716 60261788    0    0 1764448 1067840 322944 1196906 61 22  5 12  0  0
73 53  70368 113911076 2399716 60261824    0    0 1802400 1086732 325059 1203540 62 22  4 11  0  0
51 83  70368 113905580 2399716 60261840    0    0 1689680 1033696 310253 1152721 59 21  5 15  0  0
66 81  70368 113898392 2399716 60261868    0    0 1646176 1009540 302023 1119636 60 20  5 15  0  0
87 36  70368 113894188 2399716 60261892    0    0 1779440 1077528 319097 1158673 65 21  4 10  0  0
74 69  70368 113909328 2399716 60261916    0    0 1808336 1084072 326301 1208875 63 23  4 10  0  0
58 86  70368 113916552 2399716 60261944    0    0 1807568 1095776 325998 1205865 63 22  4 11  0  0
59 82  70368 113904668 2399716 60261976    0    0 1785040 1084628 324224 1204944 62 22  4 12  0  0
54 95  70368 113892552 2399716 60261996    0    0 1735520 1055876 317581 1163966 61 21  5 13  0  0
61 83  70368 113901552 2399720 60262016    0    0 1797376 1083228 320348 1171975 64 21  4 11  0  0
94 45  70368 113914464 2399720 60262044    0    0 1799520 1096440 326478 1209336 63 22  4 11  0  0
84 62  70368 113912032 2399720 60262072    0    0 1576128 979156 296880 1117567 55 19  7 19  0  0
80 63  70368 113911808 2399720 60262092    0    0 1740976 1060060 315799 1149026 63 21  4 11  0  0
109 29  70368 113905376 2399720 60262120    0    0 1797776 1081408 325096 1200991 62 22  5 11  0  0
94 44  70368 113895532 2399720 60262140    0    0 1801680 1084784 324694 1202968 63 22  4 11  0  0
71 66  70368 113884736 2399720 60262168    0    0 1805744 1099040 327647 1208262 63 22  4 10  0  0
90 44  70368 113897440 2399720 60262196    0    0 1780960 1071652 323902 1191582 62 22  5 11  0  0
83 51  70368 113901644 2399720 60262220    0    0 1744160 1072044 319483 1173508 61 22  5 13  0  0
109 32  70368 113896688 2399720 60262248    0    0 1799648 1073256 320690 1163038 65 22  4  9  0  0
procs -----------memory---------- ---swap-- -----io---- -system-- -------cpu-------
 r  b   swpd   free   buff  cache   si   so    bi    bo   in   cs us sy id wa st gu
60 90  70368 113898320 2399720 60262268    0    0 1645696 1019204 306007 1143031 57 20  6 16  0  0
90 45  70368 113906228 2399720 60262292    0    0 1718128 1040584 312696 1154895 62 20  5 13  0  0
74 59  70368 113909196 2399720 60262312    0    0 1770048 1075684 321949 1194721 62 21  5 12  0  0
83 65  70368 113896860 2399720 60262340    0    0 1801936 1078688 326496 1205651 63 22  5 10  0  0
61 87  70368 113912492 2399720 60262360    0    0 1808544 1096008 328402 1202620 63 23  4 11  0  0
86 59  70368 113904240 2399720 60262388    0    0 1773712 1087792 324450 1188394 62 22  5 12  0  0
63 81  70368 113903124 2399720 60262412    0    0 1734864 1051664 317204 1168176 60 21  5 13  0  0
65 72  70368 113881820 2399720 60262444    0    0 1775824 1082812 320180 1153416 64 22  4 10  0  0
71 87  70368 113883208 2399720 60262468    0    0 1752992 1064484 320818 1187553 61 22  5 12  0  0
77 62  70368 113901488 2399720 60262496    0    0 1609184 988324 301658 1124523 56 19  7 18  0  0
92 58  70368 113917916 2399720 60262524    0    0 1762496 1067224 316148 1146780 64 21  4 10  0  0
67 79  70368 113899852 2399720 60262552    0    0 1765632 1058236 321731 1181262 61 22  5 12  0  0
84 56  70368 113912500 2399720 60262576    0    0 1809280 1098384 329260 1221516 62 21  5 12  0  0
67 74  70368 113919444 2399720 60262604    0    0 1804528 1087632 327004 1205630 63 22  4 11  0  0
70 67  70368 113896036 2399720 60262632    0    0 1776560 1086064 325469 1194917 62 22  4 11  0  0
86 54  70368 113905564 2399720 60262652    0    0 1756704 1070492 323148 1181223 61 22  5 12  0  0
61 77  70368 113901552 2399720 60262676    0    0 1791200 1091424 326117 1200417 62 22  5 11  0  0
58 95  70368 113886628 2399720 60262704    0    0 1660336 1019656 306941 1145743 58 20  6 16  0  0
58 90  70368 113901640 2399720 60262724    0    0 1719776 1042844 312836 1147104 62 21  4 12  0  0
80 54  70368 113892828 2399720 60262744    0    0 1793664 1076024 324437 1202771 62 22  5 11  0  0
64 85  70368 113910916 2399724 60262768    0    0 1767808 1067460 322391 1191040 61 22  5 12  0  0
procs -----------memory---------- ---swap-- -----io---- -system-- -------cpu-------
 r  b   swpd   free   buff  cache   si   so    bi    bo   in   cs us sy id wa st gu
80 54  70368 113902428 2399724 60262796    0    0 1787888 1089104 324248 1198412 62 22  5 11  0  0
77 74  70368 113908032 2399724 60262824    0    0 1796096 1090064 326181 1208480 63 22  4 11  0  0
42 105  70368 113903540 2399724 60262852    0    0 1746144 1066140 319103 1184717 60 20  6 14  0  0
91 49  70368 113905316 2399724 60262868    0    0 1781424 1083980 319914 1164984 65 22  4 10  0  0
52 82  70368 113906980 2399724 60262896    0    0 1703440 1048132 311570 1153822 59 21  5 14  0  0
99 48  70368 113905468 2399724 60262916    0    0 1661680 1010664 304477 1124869 61 20  5 14  0  0
94 47  70368 113903452 2399724 60262944    0    0 1778080 1078880 323018 1192744 62 22  5 12  0  0
71 67  70368 113904592 2399724 60263052    0    0 1788640 1071276 322729 1184031 62 22  5 11  0  0
61 86  70368 113894604 2399724 60263080    0    0 1753776 1066028 321290 1177259 61 21  5 13  0  0
50 86  70368 113894084 2399724 60263096    0    0 1784672 1080504 325398 1197976 62 22  5 12  0  0
46 93  70368 113881964 2399724 60263132    0    0 1776976 1075584 322711 1188865 62 22  5 12  0  0
88 54  70368 113909788 2399724 60263156    0    0 1760288 1063560 321634 1184873 61 22  5 12  0  0
46 89  70368 113912480 2399724 60263180    0    0 1747072 1060908 318097 1181980 61 21  5 13  0  0
66 89  70368 113922088 2399724 60263196    0    0 1582640 974856 296629 1121928 55 18  7 20  0  0
102 42  70368 113904852 2399728 60263212    0    0 1775648 1077744 318789 1156819 64 21  4 10  0  0
68 54  70368 113902424 2399728 60263248    0    0 1792480 1076528 323541 1194268 62 22  5 11  0  0
80 61  70368 113901172 2399728 60263264    0    0 1793280 1087552 324434 1197651 62 22  4 11  0  0
65 71  70368 113912236 2399728 60263292    0    0 1767696 1072028 321095 1185283 61 22  5 12  0  0
85 57  70368 113905828 2399728 60263316    0    0 1783792 1072008 322751 1191296 62 22  5 12  0  0
68 76  70368 113902528 2399728 60263332    0    0 1708000 1046504 313526 1156630 59 21  6 14  0  0
91 54  70368 113901792 2399728 60263360    0    0 1622560 995700 299061 1111275 60 20  6 15  0  0
procs -----------memory---------- ---swap-- -----io---- -system-- -------cpu-------
 r  b   swpd   free   buff  cache   si   so    bi    bo   in   cs us sy id wa st gu
41 93  70368 113893792 2399728 60263384    0    0 1680608 1029872 307656 1126131 61 20  5 13  0  0
91 45  70368 113891248 2399728 60263420    0    0 1650496 1013080 306196 1144406 57 20  6 17  0  0
86 56  70368 113901664 2399728 60263440    0    0 1777776 1074700 318788 1168531 64 21  5 11  0  0
77 72  70368 113908712 2399728 60263464    0    0 1806288 1084372 325249 1205226 63 21  5 12  0  0
54 95  70368 113886396 2399728 60263492    0    0 1789072 1075432 324799 1194728 62 22  5 12  0  0
82 56  70368 113900988 2399728 60263512    0    0 1754672 1056400 319981 1179624 61 21  5 12  0  0
75 64  70368 113902212 2399728 60263540    0    0 1744032 1062280 319675 1184998 60 21  5 13  0  0
50 82  70368 113895840 2399728 60263572    0    0 1781232 1079012 322458 1188357 62 22  5 12  0  0
88 49  70368 113878836 2399728 60263600    0    0 1656736 1020268 307467 1144413 58 20  6 16  0  0
56 96  70368 113892380 2399728 60263612    0    0 1567280 970980 291546 1075234 58 19  6 17  0  0
60 82  70368 113894148 2399736 60263624    0    0 1715888 1045700 311406 1139220 63 21  4 12  0  0
64 67  70368 113890692 2399736 60263704    0    0 1804576 1082492 326218 1195763 63 23  4 11  0  0
72 74  70368 113884296 2399736 60263732    0    0 1799792 1085392 325099 1195257 63 22  4 11  0  0
99 45  70368 113892284 2399736 60263760    0    0 1794448 1094264 325637 1206088 62 22  5 12  0  0
63 79  70368 113912456 2399736 60263780    0    0 1769520 1077872 322285 1196085 61 21  5 12  0  0
60 83  70368 113909596 2399736 60263804    0    0 1730800 1058528 316497 1168241 60 21  5 13  0  0
44 85  70368 113904080 2399736 60263824    0    0 1770080 1081864 318054 1156191 64 21  4 10  0  0
44 96  70368 113893020 2399736 60263856    0    0 1611456 997388 301414 1126986 56 20  7 17  0  0
77 61  70368 113904312 2399740 60263876    0    0 1590544 975616 293063 1083940 58 19  6 16  0  0
83 56  70368 113900144 2399740 60263904    0    0 1770320 1068024 317587 1155826 64 21  4 10  0  0
88 48  70368 113891368 2399740 60263928    0    0 1801776 1086676 326910 1205310 63 22  4 11  0  0
procs -----------memory---------- ---swap-- -----io---- -system-- -------cpu-------
 r  b   swpd   free   buff  cache   si   so    bi    bo   in   cs us sy id wa st gu
69 77  70368 113889948 2399740 60263948    0    0 1814496 1098544 328327 1215675 63 22  4 10  0  0
63 64  70368 113891048 2399740 60263976    0    0 1806512 1083104 327481 1207709 63 22  4 11  0  0
58 83  70368 113880832 2399740 60264004    0    0 1763568 1074996 322172 1186333 61 22  5 12  0  0
79 61  70368 113883076 2399740 60264028    0    0 1743552 1068620 319654 1185341 60 20  5 14  0  0
113 45  70368 113911496 2399740 60264044    0    0 1788944 1089524 320992 1168650 65 21  4 10  0  0
54 95  70368 113895620 2399740 60264068    0    0 1616992 994184 299922 1125052 57 20  6 18  0  0
84 69  70368 113890844 2399740 60264092    0    0 1676256 1021868 307634 1126041 62 21  5 13  0  0
79 67  70368 113893400 2399740 60264116    0    0 1774160 1077448 324461 1190168 62 22  5 12  0  0
56 82  70368 113891628 2399740 60264140    0    0 1804336 1086672 326684 1203646 63 22  4 11  0  0
69 81  70368 113903948 2399740 60264164    0    0 1807408 1082396 325352 1196824 63 22  4 11  0  0
83 59  70368 113887996 2399740 60264188    0    0 1800000 1087360 326601 1203168 63 23  4 10  0  0
81 66  70368 113893368 2399740 60264220    0    0 1723680 1062968 317240 1166170 60 21  5 13  0  0
77 62  70368 113889092 2399744 60264240    0    0 1766592 1073360 320425 1162385 64 22  4 11  0  0
77 68  70368 113886964 2399744 60264268    0    0 1771872 1075372 323269 1200340 61 22  5 12  0  0
92 46  70368 113901440 2399744 60264280    0    0 1562432 967812 293250 1113455 54 18  8 21  0  0
77 52  70368 113898744 2399744 60264300    0    0 1670080 1015192 305711 1126224 61 20  5 14  0  0
73 64  70368 113895096 2399744 60264332    0    0 1793792 1083444 325403 1205048 62 22  4 11  0  0
91 51  70368 113902848 2399744 60264352    0    0 1808608 1090712 327000 1207474 63 22  4 11  0  0
92 50  70368 113890956 2399744 60264376    0    0 1796816 1092572 325505 1203967 62 22  5 11  0  0
48 100  70368 113907012 2399744 60264404    0    0 1781888 1082620 324093 1192494 62 22  5 12  0  0
95 54  70368 113892064 2399744 60264432    0    0 1759664 1072944 323072 1196461 61 22  5 12  0  0
procs -----------memory---------- ---swap-- -----io---- -system-- -------cpu-------
 r  b   swpd   free   buff  cache   si   so    bi    bo   in   cs us sy id wa st gu
88 58  70368 113889640 2399744 60264452    0    0 1756640 1057600 320570 1182579 61 22  5 12  0  0
62 88  70368 113883064 2399744 60264484    0    0 1674448 1026116 308675 1150598 58 20  6 15  0  0
71 74  70368 113909052 2399744 60264512    0    0 1597968 983660 295662 1094721 59 19  6 16  0  0
80 58  70368 113902440 2399744 60264600    0    0 1652592 1011612 303043 1111936 60 20  6 14  0  0
57 83  70368 113914252 2399744 60264616    0    0 1802560 1086348 321699 1183153 65 21  4 11  0  0
78 59  70368 113908036 2399744 60264632    0    0 1793920 1092992 325590 1199306 63 22  5 11  0  0
79 63  70368 113894992 2399744 60264664    0    0 1800080 1093456 325588 1201321 62 22  5 11  0  0
41 107  70368 113897612 2399744 60264684    0    0 1741808 1063976 318596 1179436 60 22  6 13  0  0
96 44  70368 113903348 2399744 60264716    0    0 1773936 1073460 323220 1192101 61 22  5 12  0  0
117 33  70368 113898360 2399744 60264744    0    0 1763248 1065196 322427 1189481 61 22  5 12  0  0
92 53  70368 113904820 2399744 60264768    0    0 1582432 984332 298255 1121049 55 19  7 18  0  0
53 84  70368 113892044 2399748 60264788    0    0 1720272 1055320 313028 1148777 62 21  5 12  0  0
74 79  70368 113900756 2399748 60264816    0    0 1617376 987528 300829 1126916 57 20  6 17  0  0
86 50  70368 113892868 2399748 60264844    0    0 1788032 1076084 320185 1162136 65 22  4 10  0  0
77 51  70368 113876476 2399748 60264860    0    0 1805984 1084596 325904 1208796 62 22  4 11  0  0
75 63  70368 113886448 2399748 60264872    0    0 1792576 1088408 325686 1205367 62 21  5 12  0  0
93 50  70368 113898024 2399752 60264900    0    0 1736320 1051140 317458 1162499 60 21  5 13  0  0
92 43  70368 113887696 2399752 60264936    0    0 1779936 1078632 318654 1164510 64 22  4 10  0  0
83 67  70368 113883752 2399752 60264968    0    0 1709936 1034280 315026 1172802 60 21  6 14  0  0
54 89  70368 113890340 2399752 60264992    0    0 1590144 986792 298429 1117437 55 20  7 19  0  0
82 55  70368 113867168 2399752 60265012    0    0 1761040 1068044 317115 1139974 64 21  4 11  0  0
procs -----------memory---------- ---swap-- -----io---- -system-- -------cpu-------
 r  b   swpd   free   buff  cache   si   so    bi    bo   in   cs us sy id wa st gu
53 99  70368 113879360 2399756 60265032    0    0 1660064 1005788 307315 1139885 58 20  6 15  0  0
94 54  70368 113899572 2399756 60265064    0    0 1731232 1053700 313713 1150386 63 21  4 12  0  0
106 39  70368 113906540 2399756 60265088    0    0 1787376 1076692 323089 1203375 62 22  5 11  0  0
72 57  70368 113906968 2399756 60265120    0    0 1749632 1068656 320592 1179579 61 22  5 12  0  0
86 49  70368 113895908 2399756 60265140    0    0 1770640 1076492 322612 1199013 61 21  5 12  0  0
86 59  70368 113901644 2399756 60265168    0    0 1793232 1088780 325850 1205216 62 21  5 12  0  0
61 91  70368 113906076 2399756 60265192    0    0 1666384 1026336 307565 1140448 58 20  6 16  0  0
81 67  70368 113907384 2399756 60265216    0    0 1669216 1020144 306501 1134273 61 21  5 13  0  0
113 29  70368 113895980 2399756 60265232    0    0 1787024 1079836 324477 1196641 62 22  5 11  0  0
57 89  70368 113884952 2399756 60265256    0    0 1715696 1036700 313342 1158935 60 21  5 14  0  0
91 67  70368 113882164 2399760 60265280    0    0 1657568 1016228 304373 1119198 61 20  6 14  0  0
63 83  70368 113884188 2399760 60265312    0    0 1781488 1083460 324766 1191958 62 22  4 12  0  0
95 49  70368 113898208 2399760 60265336    0    0 1750656 1053384 319954 1180596 61 21  5 13  0  0
87 53  70368 113882628 2399760 60265356    0    0 1786640 1076576 324891 1199805 62 22  5 11  0  0
84 50  70368 113886404 2399760 60265384    0    0 1810672 1093820 327451 1207411 63 23  4 11  0  0
60 79  70368 113887448 2399760 60265408    0    0 1576400 974640 295928 1115747 54 18  7 21  0  0
86 41  70368 113891544 2399760 60265428    0    0 1739312 1062532 317007 1155439 63 21  4 12  0  0
80 60  70368 113887360 2399760 60265452    0    0 1800144 1082444 324156 1203568 62 22  5 11  0  0
86 61  70368 113918816 2399760 60265472    0    0 1756224 1063044 318646 1183567 61 22  5 12  0  0
46 98  70368 113900144 2399760 60265488    0    0 1627952 1011956 305130 1138363 57 20  6 17  0  0
64 76  70368 113889540 2399760 60265520    0    0 1778016 1069424 319115 1162631 64 21  4 10  0  0
procs -----------memory---------- ---swap-- -----io---- -system-- -------cpu-------
 r  b   swpd   free   buff  cache   si   so    bi    bo   in   cs us sy id wa st gu
62 73  70368 113875716 2399760 60265548    0    0 1758544 1062404 320951 1184387 61 21  5 12  0  0
87 65  70368 113873852 2399760 60265568    0    0 1792080 1083836 326033 1195402 62 22  4 11  0  0
90 47  70368 113883332 2399760 60265592    0    0 1682720 1019072 309598 1146161 59 20  6 14  0  0
43 95  70368 113879916 2399760 60265620    0    0 1665408 1031000 306405 1124639 61 20  6 13  0  0
100 39  70368 113891672 2399760 60265644    0    0 1760400 1059284 321156 1175770 61 21  5 12  0  0
86 50  70368 113895768 2399760 60265672    0    0 1808032 1097028 328435 1217209 62 21  5 12  0  0
125 36  70368 113920700 2399760 60265688    0    0 1801472 1098972 327568 1211922 63 22  5 11  0  0
73 65  70368 113898456 2399760 60265712    0    0 1618912 999804 301222 1126629 57 20  6 17  0  0
64 83  70368 113888904 2399760 60265732    0    0 1707376 1052456 311142 1134136 62 21  5 12  0  0
79 60  70368 113887636 2399760 60265760    0    0 1785840 1069732 323880 1190609 62 22  5 11  0  0
65 77  70368 113892572 2399760 60265780    0    0 1744192 1064052 319551 1183050 61 22  5 13  0  0
85 59  70368 113921732 2399760 60265808    0    0 1603072 990952 299591 1121901 56 20  7 17  0  0
73 67  70368 113922008 2399760 60265832    0    0 1787392 1085984 321625 1165926 65 22  4 10  0  0
83 68  70368 113910120 2399760 60265856    0    0 1750384 1071280 320501 1181292 61 21  6 12  0  0
72 70  70368 113903532 2399760 60265884    0    0 1790736 1082296 324455 1198093 62 22  4 11  0  0
63 75  70368 113888760 2399760 60265912    0    0 1802960 1094968 327535 1204332 63 22  5 11  0  0
66 79  70368 113885848 2399760 60265940    0    0 1687600 1028456 309935 1162608 58 19  6 16  0  0
82 56  70368 113885624 2399760 60265956    0    0 1674944 1023108 305948 1130747 61 20  5 14  0  0
63 79  70368 113900780 2399760 60265980    0    0 1786256 1089068 324813 1197669 62 22  4 11  0  0
71 65  70368 113888392 2399760 60266004    0    0 1655952 1011436 304472 1132411 57 20  6 16  0  0
92 46  70368 113887532 2399760 60266032    0    0 1684448 1032356 308723 1135850 61 21  5 13  0  0
procs -----------memory---------- ---swap-- -----io---- -system-- -------cpu-------
 r  b   swpd   free   buff  cache   si   so    bi    bo   in   cs us sy id wa st gu
85 52  70368 113882536 2399760 60266060    0    0 1785744 1070176 324191 1196076 62 22  4 11  0  0
30 113  70368 113900792 2399760 60266140    0    0 1788464 1072096 324368 1197847 62 22  5 11  0  0
84 48  70368 113894512 2399760 60266168    0    0 1782304 1083112 324982 1194230 62 22  4 11  0  0
76 62  70368 113887128 2399760 60266192    0    0 1790688 1075968 324888 1194938 62 22  4 11  0  0
71 78  70368 113893188 2399760 60266224    0    0 1672096 1023976 308144 1150053 59 20  6 15  0  0
71 66  70368 113876920 2399760 60266248    0    0 1727824 1058316 314665 1165551 63 21  4 12  0  0
55 78  70368 113883028 2399760 60266264    0    0 1792928 1092104 324963 1208465 62 21  5 12  0  0
83 64  70368 113884476 2399760 60266288    0    0 1574704 971664 295693 1107844 55 19  7 19  0  0
70 74  70368 113900240 2399760 60266312    0    0 1778304 1090880 319881 1171798 64 22  4 11  0  0
93 43  70368 113892292 2399760 60266332    0    0 1796528 1080764 325388 1196730 62 22  5 11  0  0
62 73  70368 113891820 2399760 60266360    0    0 1794048 1093256 324032 1200222 62 22  5 11  0  0
89 53  70368 113884500 2399760 60266376    0    0 1778432 1080756 324308 1202026 62 22  5 12  0  0
81 53  70368 113877172 2399760 60266412    0    0 1780160 1083524 323238 1195920 62 22  5 11  0  0
86 58  70368 113883556 2399760 60266428    0    0 1661520 1008604 305484 1141038 58 20  6 15  0  0
68 68  70368 113886360 2399760 60266456    0    0 1729792 1064624 314120 1156693 63 21  5 11  0  0
79 63  70368 113893520 2399760 60266484    0    0 1691536 1030000 310453 1148919 60 21  5 14  0  0
86 65  70368 113899312 2399760 60266508    0    0 1665472 1023516 304790 1127974 61 19  6 14  0  0
80 61  70368 113893572 2399760 60266528    0    0 1798928 1082484 321365 1182977 64 21  4 11  0  0
89 43  70368 113880924 2399760 60266548    0    0 1800864 1088564 326154 1203035 63 22  4 11  0  0
86 62  70368 113888968 2399760 60266576    0    0 1781808 1072876 323759 1192182 62 22  5 11  0  0
71 62  70368 113886152 2399760 60266600    0    0 1776096 1074184 324650 1199344 61 22  5 12  0  0
procs -----------memory---------- ---swap-- -----io---- -system-- -------cpu-------
 r  b   swpd   free   buff  cache   si   so    bi    bo   in   cs us sy id wa st gu
51 80  70368 113898364 2399760 60266628    0    0 1765456 1067372 322114 1184865 61 21  5 12  0  0
61 91  70368 113880592 2399760 60266644    0    0 1638272 995276 303898 1129342 57 20  6 16  0  0
52 87  70368 113887216 2399764 60266680    0    0 1705088 1049048 311237 1140700 62 21  4 13  0  0
64 90  70368 113885852 2399764 60266704    0    0 1586544 971824 297660 1108119 56 19  6 19  0  0
85 69  70368 113872828 2399764 60266724    0    0 1791536 1075336 320530 1170398 65 22  4 10  0  0
68 65  70368 113867196 2399764 60266748    0    0 1794848 1075844 324748 1197642 63 22  4 11  0  0
58 91  70368 113896740 2399764 60266768    0    0 1820320 1107264 330024 1228319 63 22  4 11  0  0
45 96  70368 113899520 2399764 60266792    0    0 1776336 1082044 324375 1198671 62 21  5 12  0  0
64 82  70368 113893180 2399764 60266816    0    0 1768960 1073040 322674 1191730 62 22  5 12  0  0
93 56  70368 113897128 2399764 60266848    0    0 1736944 1052480 319255 1177272 60 21  6 13  0  0
51 96  70368 113896028 2399764 60266876    0    0 1683552 1038868 309635 1148496 59 20  5 15  0  0
77 72  70368 113909476 2399764 60266900    0    0 1587312 980780 293988 1090830 59 19  6 16  0  0
77 57  70368 113897608 2399764 60266932    0    0 1640832 1009488 301173 1109157 60 20  6 15  0  0
56 75  70368 113903804 2399764 60266952    0    0 1773920 1071008 318142 1155735 64 22  4 10  0  0
95 52  70368 113875140 2399764 60266980    0    0 1800240 1083728 325691 1201513 63 22  4 11  0  0
93 47  70368 113891696 2399764 60267000    0    0 1790224 1089344 325217 1201500 62 22  5 11  0  0
81 60  70368 113888752 2399764 60267028    0    0 1773008 1073960 321066 1187287 61 22  5 12  0  0
88 46  70368 113871348 2399764 60267052    0    0 1756944 1066692 321056 1188460 60 20  5 14  0  0
91 43  70368 113894352 2399764 60267068    0    0 1747200 1075072 319913 1174054 61 21  5 13  0  0
48 94  70368 113893304 2399764 60267100    0    0 1735792 1067572 315111 1152259 63 21  4 12  0  0
72 72  70368 113899880 2399764 60267124    0    0 1554464 945012 289765 1096523 55 19  7 19  0  0
procs -----------memory---------- ---swap-- -----io---- -system-- -------cpu-------
 r  b   swpd   free   buff  cache   si   so    bi    bo   in   cs us sy id wa st gu
91 60  70368 113887840 2399764 60267144    0    0 1754544 1059064 316986 1162115 64 21  4 11  0  0
83 52  70368 113878572 2399764 60267164    0    0 1785728 1071648 323946 1191526 62 22  5 12  0  0
90 46  70368 113870160 2399764 60267192    0    0 1804704 1092836 326085 1198147 63 22  4 11  0  0
87 47  70368 113872244 2399764 60267220    0    0 1809488 1092276 326562 1199870 63 22  4 11  0  0
83 60  70368 113867336 2399764 60267252    0    0 1790416 1079544 323871 1185957 62 22  4 11  0  0
100 48  70368 113876732 2399764 60267264    0    0 1717120 1055016 315374 1156313 60 21  5 13  0  0
99 45  70368 113886492 2399764 60267292    0    0 1791552 1086724 320995 1175708 64 22  4 10  0  0
74 74  70368 113908108 2399764 60267308    0    0 1677152 1026240 308782 1157150 58 19  7 16  0  0
48 102  70368 113914948 2399764 60267328    0    0 1563728 962896 289791 1080318 58 18  6 18  0  0
74 75  70368 113913568 2399764 60267360    0    0 1768832 1073388 319066 1166811 64 21  4 10  0  0
78 65  70368 113898160 2399764 60267384    0    0 1798096 1079816 325680 1202062 62 22  5 11  0  0
58 84  70368 113881468 2399764 60267412    0    0 1802448 1098624 326398 1209075 63 22  5 11  0  0
97 41  70368 113872324 2399764 60267440    0    0 1812704 1096312 326960 1206880 63 22  5 10  0  0
67 79  70368 113886236 2399764 60267468    0    0 1788288 1084896 325666 1205887 62 22  5 11  0  0
66 78  70368 113892512 2399764 60267496    0    0 1726224 1049808 316824 1162240 60 21  5 13  0  0
47 99  70368 113893528 2399764 60267520    0    0 1775760 1082848 320353 1164374 64 22  4 10  0  0
45 107  70368 113890012 2399764 60267540    0    0 1585616 971320 296079 1108507 56 19  7 18  0  0
72 72  70368 113889620 2399764 60267568    0    0 1604240 991292 295891 1092824 59 19  6 16  0  0
56 95  70368 113876424 2399764 60267580    0    0 1769536 1072952 320385 1172784 63 20  5 12  0  0
71 70  70368 113898008 2399764 60267672    0    0 1799328 1086056 326226 1201398 62 22  5 11  0  0
96 44  70368 113895776 2399768 60267696    0    0 1797392 1085080 323796 1191147 62 22  5 11  0  0
procs -----------memory---------- ---swap-- -----io---- -system-- -------cpu-------
 r  b   swpd   free   buff  cache   si   so    bi    bo   in   cs us sy id wa st gu
69 73  70368 113883476 2399768 60267724    0    0 1783504 1087776 323891 1192163 62 22  5 11  0  0
90 60  70368 113885900 2399768 60267748    0    0 1723216 1054944 314492 1155242 60 21  6 13  0  0
75 56  70368 113894012 2399768 60267772    0    0 1746032 1060708 314669 1156777 63 21  5 11  0  0
56 86  70368 113891720 2399768 60267812    0    0 1720544 1044916 316357 1174951 60 22  5 14  0  0
95 45  70368 113900936 2399768 60267832    0    0 1654512 1011392 307353 1142076 58 20  6 16  0  0
68 80  70368 113895664 2399768 60267856    0    0 1655792 1019144 305821 1130940 60 20  5 15  0  0
89 76  70368 113867220 2399768 60267884    0    0 1713232 1045008 313029 1161730 60 21  5 13  0  0
71 61  70368 113863400 2399768 60267904    0    0 1790112 1079072 322071 1169185 64 22  4 10  0  0
55 83  70368 113873960 2399768 60267928    0    0 1802736 1100780 325651 1215910 62 21  5 12  0  0
89 50  70368 113891656 2399768 60267944    0    0 1784624 1089112 323586 1191904 62 22  5 11  0  0
102 55  70368 113896128 2399768 60267976    0    0 1745872 1067172 318428 1179547 60 21  6 13  0  0
74 69  70368 113889124 2399768 60268004    0    0 1774496 1073772 322476 1188587 61 22  5 12  0  0
68 68  70368 113888920 2399768 60268028    0    0 1626848 999256 301280 1127704 57 20  6 17  0  0
68 80  70368 113891648 2399768 60268056    0    0 1725856 1052860 312718 1145308 63 21  4 12  0  0
58 70  70368 113886736 2399772 60268072    0    0 1716096 1040436 314353 1175317 60 21  6 14  0  0
73 69  70368 113873880 2399772 60268092    0    0 1679056 1023308 307805 1137501 59 21  7 14  0  0
72 70  70368 113857300 2399772 60268124    0    0 1798800 1097200 322041 1175473 64 22  4 10  0  0
86 48  70368 113887976 2399772 60268148    0    0 1798416 1100528 326175 1207394 62 22  4 11  0  0
68 68  70368 113904572 2399772 60268168    0    0 1780880 1076436 323560 1198340 62 21  5 12  0  0
81 63  70368 113911536 2399772 60268188    0    0 1771632 1079848 323191 1196376 61 21  5 13  0  0
46 101  70368 113893572 2399772 60268208    0    0 1723136 1052804 315337 1166840 60 21  6 14  0  0
procs -----------memory---------- ---swap-- -----io---- -system-- -------cpu-------
 r  b   swpd   free   buff  cache   si   so    bi    bo   in   cs us sy id wa st gu
70 65  70368 113894524 2399772 60268232    0    0 1596176 988028 298088 1117481 56 20  6 18  0  0
90 48  70368 113870360 2399772 60268252    0    0 1793312 1076324 321084 1172107 64 22  4 10  0  0
63 82  70368 113880292 2399772 60268280    0    0 1758960 1061992 319737 1185313 61 22  5 13  0  0
85 61  70368 113899004 2399772 60268308    0    0 1636144 1002768 302774 1128573 57 20  7 17  0  0
61 72  70368 113892184 2399772 60268336    0    0 1798144 1084476 322078 1181000 65 22  4 10  0  0
82 49  70368 113878388 2399772 60268360    0    0 1783344 1081964 323557 1192399 62 22  5 12  0  0
64 71  70368 113869272 2399772 60268380    0    0 1742064 1060500 316654 1158621 61 21  5 12  0  0
83 50  70368 113882184 2399772 60268404    0    0 1773904 1084716 318456 1165098 64 21  4 10  0  0
48 96  70368 113881316 2399772 60268428    0    0 1666368 1021700 308102 1147925 58 20  6 16  0  0
68 74  70368 113892176 2399772 60268460    0    0 1650288 1008084 304814 1112016 60 19  7 15  0  0
87 57  70368 113877696 2399772 60268480    0    0 1777376 1079928 320533 1166367 64 22  4 10  0  0
72 73  70368 113892084 2399772 60268492    0    0 1809408 1091000 327261 1205549 63 22  4 11  0  0
80 71  70368 113884956 2399772 60268512    0    0 1629088 1002656 303031 1131751 58 20  6 16  0  0
53 94  70368 113866064 2399772 60268548    0    0 1756800 1072444 318115 1163498 63 21  4 11  0  0
84 61  70368 113879376 2399776 60268576    0    0 1777472 1079884 322865 1190951 61 22  5 12  0  0
107 28  70368 113880552 2399776 60268600    0    0 1761344 1072596 320233 1180440 61 21  5 12  0  0
87 50  70368 113878308 2399776 60268620    0    0 1792272 1085884 321051 1170827 64 22  4 10  0  0
57 96  70368 113894208 2399776 60268648    0    0 1589808 981328 297461 1116660 55 20  7 18  0  0
92 53  70368 113877380 2399776 60268680    0    0 1724400 1048052 312613 1141017 62 21  6 11  0  0
86 52  70368 113869536 2399776 60268700    0    0 1794192 1091408 325210 1220323 62 21  5 13  0  0
84 50  70368 113882944 2399776 60268716    0    0 1801024 1097808 325907 1211450 62 21  5 11  0  0
procs -----------memory---------- ---swap-- -----io---- -system-- -------cpu-------
 r  b   swpd   free   buff  cache   si   so    bi    bo   in   cs us sy id wa st gu
72 75  70368 113885040 2399776 60268740    0    0 1676320 1023820 306804 1145220 59 20  6 15  0  0
56 89  70368 113871980 2399776 60268764    0    0 1708192 1043956 311491 1150380 62 21  5 13  0  0
81 64  70368 113868176 2399776 60268792    0    0 1750784 1051792 317926 1175740 60 22  5 13  0  0
55 85  70368 113874388 2399776 60268820    0    0 1787504 1080200 323872 1203203 62 22  5 11  0  0
67 81  70368 113887204 2399776 60268844    0    0 1663584 1019800 305494 1139429 58 20  6 16  0  0
80 55  70368 113891064 2399776 60268868    0    0 1658928 1027448 304254 1118551 60 20  5 14  0  0
68 82  70368 113890648 2399776 60268896    0    0 1758800 1066524 318086 1166281 63 21  5 11  0  0
70 67  70368 113886096 2399776 60268928    0    0 1782864 1080104 323653 1196364 62 22  5 12  0  0
69 70  70368 113865796 2399776 60268948    0    0 1804272 1096124 326326 1208313 62 22  4 11  0  0
51 94  70368 113874768 2399776 60268972    0    0 1679280 1032932 308595 1155185 59 19  6 16  0  0
86 51  70368 113872172 2399776 60268988    0    0 1704560 1038124 310786 1144696 61 20  5 13  0  0
87 52  70368 113886536 2399776 60269012    0    0 1732896 1046664 314898 1163916 61 21  5 13  0  0
76 67  70368 113888900 2399776 60269044    0    0 1772896 1073720 318862 1164919 64 21  4 11  0  0
62 80  70368 113888504 2399776 60269060    0    0 1579824 969432 295589 1111405 56 19  7 19  0  0
85 57  70368 113888776 2399776 60269088    0    0 1760416 1069872 317378 1169080 63 21  4 11  0  0
72 66  70368 113883164 2399776 60269112    0    0 1758960 1065528 321153 1189557 61 22  5 12  0  0
61 86  70368 113873988 2399776 60269212    0    0 1776976 1074552 322992 1191900 61 22  5 12  0  0
76 70  70368 113878948 2399776 60269232    0    0 1787472 1086504 325164 1195910 62 22  4 12  0  0
59 72  70368 113884452 2399776 60269260    0    0 1720592 1049444 317306 1179739 60 21  5 14  0  0
80 59  70368 113895076 2399776 60269284    0    0 1640288 1002632 303931 1129300 57 20  6 16  0  0
57 96  70368 113904756 2399776 60269308    0    0 1773744 1077724 319610 1180549 63 20  5 12  0  0
procs -----------memory---------- ---swap-- -----io---- -system-- -------cpu-------
 r  b   swpd   free   buff  cache   si   so    bi    bo   in   cs us sy id wa st gu
60 81  70368 113896512 2399776 60269324    0    0 1670096 1020828 307917 1146100 59 20  6 15  0  0
94 48  70368 113889872 2399776 60269348    0    0 1658192 1016868 301878 1111528 60 20  5 14  0  0
73 73  70368 113889984 2399780 60269368    0    0 1785456 1079864 319314 1170705 64 22  4 10  0  0
71 71  70368 113892628 2399780 60269392    0    0 1779408 1077988 323913 1197185 62 22  5 11  0  0
73 60  70368 113889016 2399780 60269424    0    0 1780208 1084972 323429 1186104 62 22  4 12  0  0
73 58  70368 113877468 2399780 60269444    0    0 1798688 1090412 325890 1207385 62 22  5 11  0  0
58 80  70368 113871444 2399780 60269468    0    0 1703824 1045264 313649 1169226 59 21  6 14  0  0
82 50  70368 113886700 2399780 60269492    0    0 1661472 1018212 306390 1140994 58 20  6 16  0  0
94 40  70368 113888668 2399780 60269520    0    0 1776208 1079340 320012 1168643 63 21  5 11  0  0
63 84  70368 113878748 2399780 60269548    0    0 1581696 981232 295705 1105485 55 19  7 19  0  0
101 36  70368 113884348 2399780 60269564    0    0 1754992 1065396 317672 1173717 63 21  4 12  0  0
90 62  70368 113892700 2399780 60269584    0    0 1777152 1077484 321985 1191538 62 22  5 12  0  0
66 76  70368 113884368 2399780 60269612    0    0 1776096 1086580 322806 1197221 62 22  5 12  0  0
97 43  70368 113894276 2399780 60269636    0    0 1761232 1065748 321153 1184459 61 22  5 13  0  0
73 68  70368 113888376 2399780 60269660    0    0 1780640 1076580 322947 1186556 62 22  4 12  0  0
71 64  70368 113880436 2399780 60269692    0    0 1732672 1054016 316874 1174231 60 21  5 13  0  0
74 69  70368 113859792 2399780 60269708    0    0 1617168 996360 301857 1131417 57 20  6 17  0  0
43 107  70368 113848376 2399780 60269744    0    0 1722080 1044800 312227 1149489 62 21  5 12  0  0
95 52  70368 113870584 2399780 60269772    0    0 1610640 995564 301580 1123570 56 20  7 18  0  0
94 42  70368 113875076 2399780 60269800    0    0 1773504 1075076 320561 1161307 64 22  4 10  0  0
75 61  70368 113886728 2399780 60269824    0    0 1797232 1079812 324715 1203576 62 22  5 11  0  0
procs -----------memory---------- ---swap-- -----io---- -system-- -------cpu-------
 r  b   swpd   free   buff  cache   si   so    bi    bo   in   cs us sy id wa st gu
93 47  70368 113889516 2399780 60269836    0    0 1792848 1087352 325762 1206198 62 21  5 12  0  0
112 35  70368 113890824 2399780 60269868    0    0 1767056 1077476 322311 1193357 61 22  5 12  0  0
98 56  70368 113881556 2399780 60269896    0    0 1783312 1092132 325484 1200366 62 22  4 12  0  0
98 38  70368 113879612 2399780 60269916    0    0 1731360 1059256 316065 1151203 61 22  6 12  0  0
79 51  70368 113877212 2399780 60269940    0    0 1639024 998676 301136 1119543 59 20  6 15  0  0
63 90  70368 113883884 2399780 60269968    0    0 1571536 964764 294565 1100714 55 19  7 19  0  0
85 54  70368 113874664 2399780 60269992    0    0 1768192 1069840 317612 1161820 64 21  4 11  0  0
106 34  70368 113868812 2399780 60270020    0    0 1773968 1079952 323166 1183208 62 22  5 12  0  0
87 62  70368 113866172 2399780 60270040    0    0 1801520 1098668 325448 1197628 63 22  4 11  0  0
62 90  70368 113869852 2399780 60270072    0    0 1788896 1086716 325375 1201091 62 22  5 11  0  0
92 48  70368 113869520 2399780 60270100    0    0 1764640 1075596 322721 1191569 61 21  5 12  0  0
91 69  70368 113887208 2399780 60270156    0    0 1757168 1078604 320162 1171866 61 22  5 12  0  0
47 91  70368 113878472 2399780 60270148    0    0 1765328 1076288 322189 1186547 61 22  5 12  0  0
81 64  70368 113889020 2399780 60270172    0    0 1573616 956140 291041 1097831 55 19  6 19  0  0
72 67  70368 113878164 2399780 60270196    0    0 1674176 1020096 305690 1118611 60 20  6 14  0  0
81 53  70368 113878884 2399780 60270220    0    0 1781136 1080572 319707 1167659 64 22  4 10  0  0
81 74  70368 113875624 2399780 60270248    0    0 1784752 1093488 324731 1196302 62 22  5 11  0  0
79 69  70368 113890068 2399780 60270272    0    0 1802464 1087244 326121 1201512 63 22  4 11  0  0
80 62  70368 113872848 2399780 60270296    0    0 1799840 1088228 326310 1199521 62 22  4 11  0  0
80 53  70368 113879460 2399780 60270320    0    0 1754560 1076560 322005 1183685 60 22  5 13  0  0
94 55  70368 113883088 2399780 60270344    0    0 1719904 1061004 315586 1155073 61 21  5 13  0  0
procs -----------memory---------- ---swap-- -----io---- -system-- -------cpu-------
 r  b   swpd   free   buff  cache   si   so    bi    bo   in   cs us sy id wa st gu
61 89  70368 113886572 2399780 60270368    0    0 1768336 1083844 320207 1173416 63 21  5 11  0  0
59 81  70368 113887060 2399780 60270388    0    0 1542336 939564 288199 1094586 54 18  7 21  0  0
78 58  70368 113878248 2399780 60270412    0    0 1706864 1042228 311121 1144819 61 21  5 13  0  0
82 72  70368 113877556 2399780 60270436    0    0 1767760 1074760 321504 1174483 61 21  5 13  0  0
82 51  70368 113870132 2399780 60270456    0    0 1794064 1090400 325765 1196627 62 22  4 11  0  0
95 55  70368 113875484 2399780 60270484    0    0 1803824 1092716 325207 1195745 63 22  4 11  0  0
81 57  70368 113866600 2399780 60270512    0    0 1782576 1077544 323175 1197038 62 22  5 12  0  0
53 100  70368 113859528 2399780 60270536    0    0 1720064 1050192 316586 1157862 60 21  5 13  0  0
95 45  70368 113861504 2399780 60270560    0    0 1772720 1063268 319322 1162791 63 22  4 11  0  0
56 86  70368 113885104 2399780 60270588    0    0 1691696 1031640 312657 1162282 59 21  5 15  0  0
69 77  70368 113863316 2399780 60270608    0    0 1608368 987828 299603 1122629 57 19  7 17  0  0
59 93  70368 113868980 2399780 60270640    0    0 1652096 1012796 303449 1123764 60 19  6 15  0  0
77 65  70368 113883808 2399780 60270652    0    0 1795376 1084916 323903 1182579 64 21  4 10  0  0
104 38  70368 113887184 2399780 60270764    0    0 1802768 1092660 325938 1199606 63 22  4 11  0  0
76 55  70368 113858628 2399780 60270788    0    0 1798928 1086788 323986 1193155 62 22  4 11  0  0
55 89  70368 113880268 2399780 60270812    0    0 1778480 1094568 324128 1195312 62 22  5 12  0  0
99 43  70368 113887108 2399780 60270844    0    0 1732864 1060712 316433 1162854 60 21  5 13  0  0
96 46  70368 113882888 2399780 60270868    0    0 1760512 1064768 317241 1154193 63 21  4 11  0  0
107 48  70368 113887588 2399780 60270884    0    0 1610528 990340 299878 1117801 57 19  7 17  0  0
47 95  70368 113892584 2399780 60270916    0    0 1724448 1061868 315535 1167855 62 21  5 12  0  0
61 82  70368 113882672 2399780 60270940    0    0 1628752 988164 301457 1127930 57 20  6 17  0  0
procs -----------memory---------- ---swap-- -----io---- -system-- -------cpu-------
 r  b   swpd   free   buff  cache   si   so    bi    bo   in   cs us sy id wa st gu
64 75  70368 113868992 2399780 60270968    0    0 1790016 1085432 320718 1171316 64 22  4 10  0  0
77 69  70368 113875032 2399780 60270984    0    0 1805792 1094088 327821 1216178 62 21  5 12  0  0
68 76  70368 113886340 2399780 60270996    0    0 1799056 1085012 325116 1198822 62 22  5 11  0  0
77 74  70368 113910156 2399780 60271024    0    0 1773344 1080960 323716 1189859 62 22  4 12  0  0
83 57  70368 113894520 2399780 60271048    0    0 1754544 1065280 322084 1178970 61 22  5 12  0  0
59 89  70368 113885672 2399780 60271084    0    0 1703472 1041468 313880 1159393 59 21  6 14  0  0
78 73  70368 113886752 2399780 60271112    0    0 1612464 991916 299959 1117373 56 20  7 17  0  0
62 71  70368 113880680 2399780 60271136    0    0 1787488 1086988 320615 1170720 64 22  5 10  0  0
84 60  70368 113880144 2399780 60271160    0    0 1648880 1011512 306801 1140114 59 20  6 15  0  0
43 105  70368 113875556 2399780 60271180    0    0 1742640 1054132 316172 1156415 63 21  5 12  0  0
41 104  70368 113873412 2399780 60271204    0    0 1806240 1096092 325812 1206561 62 22  4 11  0  0
80 54  70368 113869752 2399780 60271224    0    0 1787280 1079508 323161 1194896 62 22  5 11  0  0
88 62  70368 113885624 2399780 60271244    0    0 1749920 1077404 319777 1190750 60 20  6 15  0  0
74 63  70368 113883708 2399780 60271260    0    0 1795312 1071688 325862 1196063 62 22  4 12  0  0
64 77  70368 113888436 2399780 60271288    0    0 1657360 1020460 305335 1136676 58 20  6 16  0  0
79 68  70368 113881268 2399780 60271316    0    0 1700400 1038368 310285 1137493 62 20  5 13  0  0
85 44  70368 113874460 2399780 60271340    0    0 1775264 1076364 320176 1163721 64 22  4 10  0  0
74 68  70368 113864240 2399780 60271364    0    0 1698880 1035144 313435 1167566 59 21  5 15  0  0
99 41  70368 113865880 2399780 60271392    0    0 1711680 1036744 312076 1149593 60 21  5 14  0  0
56 83  70368 113860200 2399780 60271412    0    0 1795680 1089332 322939 1182295 64 22  4 10  0  0
74 66  70368 113867668 2399780 60271432    0    0 1779552 1071636 322886 1185970 61 22  5 12  0  0
procs -----------memory---------- ---swap-- -----io---- -system-- -------cpu-------
 r  b   swpd   free   buff  cache   si   so    bi    bo   in   cs us sy id wa st gu
102 48  70368 113870504 2399780 60271460    0    0 1746848 1058168 316464 1166539 61 21  5 12  0  0
72 83  70368 113882436 2399780 60271492    0    0 1714528 1048696 312590 1149182 61 21  5 13  0  0
78 65  70368 113887696 2399780 60271508    0    0 1608112 996528 299761 1128393 55 18  7 19  0  0
101 53  70368 113894932 2399780 60271528    0    0 1763936 1076224 319284 1168460 64 21  4 11  0  0
78 71  70368 113885912 2399780 60271556    0    0 1788864 1081916 323388 1198471 62 22  5 12  0  0
72 68  70368 113881008 2399780 60271584    0    0 1707840 1041288 315963 1177256 60 21  5 14  0  0
91 54  70368 113882788 2399780 60271608    0    0 1700592 1035700 311014 1150460 60 21  6 14  0  0
71 71  70368 113867428 2399780 60271628    0    0 1784560 1079568 320734 1166390 64 22  4 10  0  0
51 96  70368 113867040 2399780 60271652    0    0 1754832 1068220 320603 1186986 61 21  5 12  0  0
82 50  70368 113887844 2399780 60271672    0    0 1770912 1084132 321856 1193394 62 22  5 12  0  0
58 89  70368 113884668 2399780 60271704    0    0 1569872 970568 293390 1097462 55 19  7 19  0  0
71 75  70368 113862096 2399780 60271736    0    0 1750288 1064748 316661 1162884 63 22  4 11  0  0
81 60  70368 113865712 2399780 60271756    0    0 1753376 1056380 320937 1179515 60 21  6 12  0  0
61 78  70368 113866936 2399780 60271780    0    0 1793040 1088768 326366 1215253 61 21  5 13  0  0
65 74  70368 113878700 2399780 60271796    0    0 1744736 1063060 318842 1187497 60 22  5 13  0  0
66 70  70368 113879100 2399780 60271820    0    0 1656752 1012112 306022 1138395 59 20  6 16  0  0
55 89  70368 113888264 2399780 60271856    0    0 1760368 1069172 316334 1158021 63 22  5 11  0  0
40 98  70368 113874976 2399780 60271872    0    0 1750784 1057704 318507 1175286 61 21  5 12  0  0
72 78  70368 113869068 2399780 60271896    0    0 1721168 1051400 316919 1169134 60 21  5 14  0  0
101 45  70368 113868396 2399780 60271920    0    0 1601792 995520 300034 1122478 57 20  7 17  0  0
90 56  70368 113873812 2399780 60271944    0    0 1781360 1086520 321104 1167034 64 22  4 10  0  0
procs -----------memory---------- ---swap-- -----io---- -system-- -------cpu-------
 r  b   swpd   free   buff  cache   si   so    bi    bo   in   cs us sy id wa st gu
102 44  70368 113868996 2399780 60271976    0    0 1757536 1054836 320475 1180261 61 21  5 12  0  0
87 63  70368 113868912 2399780 60272000    0    0 1787184 1082652 323918 1190010 62 22  4 11  0  0
46 92  70368 113874840 2399780 60272020    0    0 1734848 1061908 317014 1184282 60 21  5 14  0  0
106 37  70368 113873008 2399780 60272036    0    0 1652352 1005768 304982 1132082 58 19  7 17  0  0
67 75  70368 113895488 2399780 60272060    0    0 1729600 1059644 315251 1144633 62 21  5 12  0  0
91 52  70368 113890364 2399780 60272088    0    0 1785824 1084884 324952 1198086 62 22  5 12  0  0
75 77  70368 113885544 2399780 60272104    0    0 1586992 989548 296724 1106943 56 19  7 18  0  0
85 59  70368 113879220 2399780 60272128    0    0 1747488 1065216 315925 1165185 63 21  4 11  0  0
78 54  70368 113862908 2399780 60272148    0    0 1778928 1075716 323994 1195913 62 22  5 12  0  0
58 90  70368 113855632 2399780 60272180    0    0 1762192 1084668 322456 1195295 61 22  5 12  0  0
89 58  70368 113861920 2399780 60272276    0    0 1797648 1094252 326326 1203084 63 22  4 11  0  0
61 94  70368 113888148 2399780 60272304    0    0 1737280 1057964 318208 1187711 61 21  5 13  0  0
63 76  70368 113885988 2399780 60272332    0    0 1644176 1019720 304791 1133054 58 20  6 16  0  0
93 47  70368 113878856 2399780 60272352    0    0 1750384 1059708 318602 1164627 63 21  5 12  0  0
54 89  70368 113884236 2399780 60272380    0    0 1721488 1051452 316164 1182408 59 20  6 15  0  0
113 39  70368 113868292 2399780 60272400    0    0 1632336 1002468 301538 1115990 57 19  7 16  0  0
52 80  70368 113875648 2399780 60272424    0    0 1789632 1088528 320407 1167544 64 21  4 10  0  0
67 73  70368 113871080 2399780 60272444    0    0 1784064 1082332 323999 1189358 62 22  4 12  0  0
99 49  70368 113887412 2399780 60272480    0    0 1775792 1070804 324931 1201655 61 22  5 12  0  0
96 38  70368 113869744 2399780 60272496    0    0 1796624 1085656 324383 1196777 62 22  4 11  0  0
62 90  70368 113879868 2399780 60272520    0    0 1760096 1080020 321104 1189638 61 22  5 12  0  0
procs -----------memory---------- ---swap-- -----io---- -system-- -------cpu-------
 r  b   swpd   free   buff  cache   si   so    bi    bo   in   cs us sy id wa st gu
55 99  70368 113874888 2399780 60272540    0    0 1610608 993552 299168 1123815 57 19  6 17  0  0
59 83  70368 113898572 2399780 60272564    0    0 1777808 1077344 321663 1174803 64 22  4 10  0  0
65 80  70368 113879320 2399780 60272592    0    0 1648432 1005616 304826 1138176 58 20  6 16  0  0
98 42  70368 113886704 2399780 60272616    0    0 1718320 1046192 311729 1144526 62 20  5 13  0  0
98 47  70368 113886260 2399780 60272636    0    0 1781232 1085308 319270 1173025 64 21  4 11  0  0
92 44  70368 113891092 2399780 60272656    0    0 1792944 1084640 324353 1201445 62 22  5 11  0  0
74 75  70368 113875200 2399780 60272692    0    0 1772336 1087956 323787 1201961 61 22  5 12  0  0
58 88  70368 113877448 2399780 60272724    0    0 1797808 1092728 324894 1207444 62 22  5 11  0  0
83 54  70368 113875260 2399780 60272740    0    0 1763760 1072636 321333 1176165 61 22  5 12  0  0
63 80  70368 113864372 2399780 60272768    0    0 1631968 1008900 303549 1129465 57 20  6 16  0  0
52 105  70368 113867180 2399780 60272784    0    0 1733072 1058308 316289 1165450 62 21  5 12  0  0
72 73  70368 113876728 2399780 60272804    0    0 1570144 965884 293440 1101361 55 19  7 19  0  0
73 71  70368 113869716 2399780 60272836    0    0 1798288 1091608 323187 1183310 65 22  4 10  0  0
50 98  70368 113893928 2399780 60272860    0    0 1787760 1082608 323919 1195047 62 22  5 11  0  0
77 54  70368 113896324 2399780 60272884    0    0 1810416 1099292 327827 1215885 63 21  4 12  0  0
83 61  70368 113880968 2399780 60272908    0    0 1791616 1081656 325778 1206518 62 21  5 12  0  0
42 93  70368 113869840 2399784 60272924    0    0 1784832 1079384 324138 1197264 62 22  5 11  0  0
79 59  70368 113873740 2399784 60272952    0    0 1753440 1067268 320523 1181885 61 22  5 13  0  0
80 67  70368 113869020 2399784 60272980    0    0 1690752 1036136 311109 1152810 60 21  6 13  0  0
72 78  70368 113886820 2399784 60273000    0    0 1598640 984044 296214 1095693 59 19  5 16  0  0
67 74  70368 113893072 2399784 60273028    0    0 1667568 1024272 305018 1112713 61 20  5 14  0  0
procs -----------memory---------- ---swap-- -----io---- -system-- -------cpu-------
 r  b   swpd   free   buff  cache   si   so    bi    bo   in   cs us sy id wa st gu
95 49  70368 113875156 2399792 60273052    0    0 1792272 1075160 321164 1176482 64 22  4 10  0  0
80 46  70368 113887344 2399792 60273072    0    0 1809520 1089516 326665 1203104 62 23  4 11  0  0
78 58  70368 113879596 2399792 60273104    0    0 1809296 1092056 326768 1208546 63 23  4 11  0  0
68 72  70368 113873872 2399792 60273120    0    0 1788224 1089760 324663 1199011 62 22  4 11  0  0
93 48  70368 113887300 2399792 60273148    0    0 1771264 1073200 322435 1198374 60 21  5 13  0  0
60 76  70368 113885272 2399796 60273164    0    0 1734192 1067928 316118 1157946 61 21  5 13  0  0
68 66  70368 113868476 2399796 60273192    0    0 1744288 1056380 316486 1170791 63 21  4 11  0  0
66 63  70368 113880640 2399796 60273216    0    0 1545344 955920 287861 1086695 55 19  6 20  0  0
70 72  70368 113873008 2399796 60273244    0    0 1769632 1067528 318045 1172081 63 22  4 11  0  0
102 35  70368 113857100 2399796 60273272    0    0 1795760 1084556 324128 1203783 62 22  5 11  0  0
84 41  70368 113866268 2399796 60273288    0    0 1799904 1084940 323549 1197746 62 22  5 11  0  0
109 28  70368 113868900 2399796 60273312    0    0 1813024 1091844 326670 1215631 63 22  4 10  0  0
109 31  70368 113859564 2399796 60273332    0    0 1781152 1092332 323525 1194350 62 22  5 12  0  0
73 65  70368 113872672 2399796 60273360    0    0 1714080 1060696 314966 1156150 60 21  6 13  0  0
58 75  70368 113871772 2399796 60273388    0    0 1788480 1074592 321166 1172820 64 22  4 10  0  0
62 91  70368 113876356 2399796 60273412    0    0 1621488 985464 298613 1122758 57 19  6 18  0  0
95 45  70368 113867920 2399796 60273428    0    0 1671568 1023904 303716 1122712 61 19  5 15  0  0
73 67  70368 113866368 2399796 60273456    0    0 1780080 1078324 320442 1179076 64 22  4 10  0  0
88 47  70368 113866704 2399796 60273488    0    0 1811824 1089220 327815 1214983 63 22  4 10  0  0
70 72  70368 113847668 2399796 60273516    0    0 1803296 1098436 325708 1204865 63 22  4 11  0  0
78 60  70368 113853192 2399796 60273536    0    0 1801536 1098744 325361 1197288 63 22  4 11  0  0
procs -----------memory---------- ---swap-- -----io---- -system-- -------cpu-------
 r  b   swpd   free   buff  cache   si   so    bi    bo   in   cs us sy id wa st gu
57 87  70368 113852552 2399796 60273564    0    0 1772096 1081468 323077 1195118 61 22  6 11  0  0
73 71  70368 113857604 2399796 60273596    0    0 1721280 1047716 313653 1157026 60 21  6 13  0  0
54 89  70368 113875288 2399796 60273600    0    0 1750544 1064204 316258 1163756 63 22  4 11  0  0
78 61  70368 113864168 2399796 60273652    0    0 1575344 980960 296177 1112863 56 19  7 18  0  0
54 95  70368 113856036 2399796 60273676    0    0 1638672 1000900 301663 1113977 60 20  6 14  0  0
95 46  70368 113856568 2399796 60273692    0    0 1790976 1075760 321913 1189753 63 21  5 12  0  0
87 49  70368 113871604 2399796 60273708    0    0 1796336 1099028 325238 1205019 62 22  4 11  0  0
68 70  70368 113881232 2399796 60273792    0    0 1788000 1095160 323624 1191240 62 22  5 11  0  0
78 63  70368 113890256 2399796 60273820    0    0 1778976 1082600 323357 1195246 62 22  5 11  0  0
70 64  70368 113870980 2399796 60273840    0    0 1749664 1065096 320473 1183193 61 21  5 13  0  0
62 90  70368 113866360 2399796 60273868    0    0 1756496 1079040 321319 1189622 61 22  5 12  0  0
77 61  70368 113871288 2399796 60273908    0    0 1626064 997480 301725 1118435 58 20  6 16  0  0
67 70  70368 113868548 2399796 60273924    0    0 1709152 1040184 310483 1144848 61 21  5 13  0  0
67 81  70368 113882244 2399796 60273960    0    0 1636768 1006056 302095 1123745 58 20  6 16  0  0
85 60  70368 113890076 2399796 60273976    0    0 1800064 1079416 323784 1183334 64 22  4 10  0  0
65 83  70368 113868616 2399796 60274000    0    0 1803536 1099072 327272 1205101 63 22  4 11  0  0
71 66  70368 113867272 2399796 60274032    0    0 1825056 1101428 329991 1235435 63 21  5 11  0  0
85 68  70368 113879640 2399796 60274052    0    0 1783424 1081804 322836 1193903 62 22  5 12  0  0
79 57  70368 113873184 2399796 60274064    0    0 1727312 1056020 315028 1158505 61 21  5 13  0  0
41 111  70368 113878532 2399796 60274104    0    0 1653200 1019284 305676 1134425 59 20  5 15  0  0
117 39  70368 113872660 2399796 60274136    0    0 1657344 1011532 304401 1126838 58 20  6 16  0  0
procs -----------memory---------- ---swap-- -----io---- -system-- -------cpu-------
 r  b   swpd   free   buff  cache   si   so    bi    bo   in   cs us sy id wa st gu
50 94  70368 113865436 2399796 60274152    0    0 1782240 1088248 321349 1175616 64 22  4 11  0  0
81 58  70368 113865272 2399796 60274180    0    0 1624912 996152 300324 1117634 58 20  6 16  0  0
85 54  70368 113870228 2399796 60274196    0    0 1752240 1063604 318946 1165095 63 22  4 11  0  0
74 55  70368 113873784 2399796 60274220    0    0 1786064 1082640 323995 1187647 62 22  5 11  0  0
86 59  70368 113884060 2399796 60274248    0    0 1767296 1066132 321340 1175704 61 22  5 12  0  0
86 59  70368 113871956 2399796 60274272    0    0 1725376 1056972 315418 1151669 61 21  5 13  0  0
85 55  70368 113869056 2399796 60274284    0    0 1780032 1078324 320572 1186116 63 21  5 12  0  0
74 59  70368 113864008 2399796 60274300    0    0 1613360 984260 301339 1121041 58 19  6 17  0  0
85 61  70368 113877184 2399796 60274344    0    0 1717392 1041260 314011 1142341 62 21  5 13  0  0
79 55  70368 113871036 2399796 60274352    0    0 1760240 1068400 322006 1187860 61 22  5 12  0  0
51 83  70368 113859844 2399796 60274392    0    0 1693424 1026552 312576 1169861 59 21  5 15  0  0
108 41  70368 113892456 2399796 60274408    0    0 1724928 1043896 313159 1149709 60 21  5 13  0  0
78 73  70368 113872036 2399796 60274432    0    0 1767360 1078764 318289 1163879 63 22  5 11  0  0
62 89  70368 113868428 2399796 60274468    0    0 1747696 1062376 319265 1172206 61 21  5 13  0  0
88 51  70368 113868264 2399796 60274480    0    0 1752864 1064960 317220 1162135 62 22  5 12  0  0
66 73  70368 113864524 2399796 60274512    0    0 1776400 1082380 320169 1173056 63 22  4 11  0  0
68 81  70368 113885680 2399796 60274528    0    0 1579408 984924 298107 1114872 56 19  7 18  0  0
104 35  70368 113897032 2399796 60274552    0    0 1765120 1067460 319482 1179707 63 20  5 12  0  0
80 58  70368 113890616 2399796 60274568    0    0 1774304 1072212 322454 1188707 62 22  5 12  0  0
77 56  70368 113870988 2399796 60274620    0    0 1696992 1039892 312837 1169623 59 21  5 14  0  0
91 54  70368 113861884 2399796 60274632    0    0 1725040 1050576 313302 1157319 61 21  5 13  0  0
procs -----------memory---------- ---swap-- -----io---- -system-- -------cpu-------
 r  b   swpd   free   buff  cache   si   so    bi    bo   in   cs us sy id wa st gu
84 67  70368 113856232 2399796 60274672    0    0 1771328 1077236 319202 1167798 63 22  4 11  0  0
74 76  70368 113865712 2399796 60274680    0    0 1551664 972036 295355 1098454 55 19  6 19  0  0
77 63  70368 113871844 2399796 60274716    0    0 1534976 949408 288332 1068212 57 18  7 18  0  0
71 60  70368 113876740 2399796 60274740    0    0 1569808 959952 293412 1085253 58 19  6 17  0  0
61 87  70368 113868948 2399796 60274780    0    0 1591488 971672 296177 1098823 59 20  6 16  0  0
43 108  70368 113843956 2399796 60274804    0    0 1549328 952160 290532 1077980 57 19  7 18  0  0
78 69  70368 113876304 2399796 60274824    0    0 1539920 952300 289436 1071562 56 18  8 18  0  0
72 76  70368 113916088 2399796 60274840    0    0 1571328 961724 292482 1083109 58 18  7 18  0  0
73 71  70368 113896964 2399796 60274860    0    0 1513376 910484 281410 1051739 56 18  7 18  0  0
67 65  70368 113895788 2399796 60274888    0    0 1549984 951152 289481 1069341 57 19  7 17  0  0
88 60  70368 113882660 2399796 60274904    0    0 1560400 955940 291848 1079024 57 19  7 17  0  0
73 73  70368 113865032 2399796 60274940    0    0 1475568 929460 280478 1044053 54 18  8 21  0  0
76 75  70368 113870552 2399796 60274972    0    0 1544608 955948 288778 1065817 57 18  7 18  0  0
47 81  70368 113870020 2399796 60274992    0    0 1724096 1042352 312060 1141890 61 21  6 12  0  0
95 46  70368 113880460 2399796 60275020    0    0 1728240 1043380 313410 1146693 61 21  5 13  0  0
62 81  70368 113877032 2399796 60275044    0    0 1687536 1028848 309024 1131283 60 21  5 14  0  0
55 78  70368 113857536 2399796 60275080    0    0 1725584 1050080 314937 1148656 61 21  5 13  0  0
51 93  70368 113857964 2399796 60275108    0    0 1719456 1045408 313254 1156783 62 19  5 14  0  0
86 69  70368 113881716 2399796 60275124    0    0 1597088 975860 296052 1105053 57 19  6 18  0  0
73 67  70368 113877200 2399796 60275140    0    0 1715056 1037376 312736 1140710 62 21  5 12  0  0
67 82  70368 113869568 2399796 60275160    0    0 1656816 1012396 305342 1118343 59 20  7 15  0  0
procs -----------memory---------- ---swap-- -----io---- -system-- -------cpu-------
 r  b   swpd   free   buff  cache   si   so    bi    bo   in   cs us sy id wa st gu
90 45  70368 113873112 2399796 60275184    0    0 1722256 1044488 313772 1145021 62 21  5 12  0  0
61 71  70368 113864600 2399796 60275212    0    0 1741664 1047320 318791 1176992 61 21  5 13  0  0
49 85  70368 113870692 2399796 60275232    0    0 1710832 1054068 316226 1163831 60 21  5 14  0  0
