procs -----------memory---------- ---swap-- -----io---- -system-- -------cpu-------
 r  b   swpd   free   buff  cache   si   so    bi    bo   in   cs us sy id wa st gu
 5  1  70368 114860368 2399556 60227820    0    1 13104 16208 4136    2  2  0 98  0  0  0
 3  2  70368 114841548 2399556 60227884    0    0     0 321524 95862 59002  1  1 98  0  0  0
66  0  70368 114828060 2399560 60227940    0    0     0 239508 92520 55622 79  2 19  0  0  0
65  1  70368 114826580 2399560 60227972    0    0     0 381740 117227 74645 79  2 18  0  0  0
51 24  70368 114719304 2399560 60227992    0    0 334880 467344 240973 405483 51  6 37  6  0  0
30 51  70368 114653568 2399560 60228024    0    0 1453120 683280 287204 1205487 44 15 23 17  0  0
39 44  70368 114638660 2399560 60228060    0    0 1440032 763056 279652 1201011 44 15 23 18  0  0
34 49  70368 114598684 2399560 60228080    0    0 1357920 701484 275512 1123973 40 14 25 21  0  0
44 27  70368 114602440 2399560 60228100    0    0 1420816 756672 273340 1181993 42 14 24 20  0  0
44 33  70368 114620344 2399560 60228116    0    0 1434784 763160 281451 1196773 42 14 25 19  0  0
45 36  70368 114651284 2399560 60228140    0    0 1368208 729844 264544 1135805 40 14 25 21  0  0
51 25  70368 114655176 2399560 60228180    0    0 1435440 781204 278250 1202824 43 15 24 19  0  0
39 36  70368 114615964 2399560 60228204    0    0 1425168 793736 278991 1199157 44 15 24 18  0  0
48 25  70368 114636396 2399560 60228228    0    0 1397312 789732 277100 1181141 44 15 23 18  0  0
35 46  70368 114634232 2399560 60228252    0    0 1389056 839640 279441 1184299 44 15 23 18  0  0
46 27  70368 114649004 2399560 60228280    0    0 1363792 825516 276361 1157382 44 16 23 17  0  0
49 20  70368 114643112 2399560 60228308    0    0 1372448 832704 278400 1170116 45 16 23 17  0  0
53 20  70368 114640080 2399560 60228336    0    0 1378384 836136 276597 1167482 44 15 23 17  0  0
36 46  70368 114644372 2399560 60228348    0    0 1375616 854660 277139 1173725 44 14 24 18  0  0
41 37  70368 114654484 2399560 60228368    0    0 1259472 807560 260065 1072679 40 14 26 20  0  0
43 25  70368 114655636 2399564 60228400    0    0 1334464 855636 275232 1137638 43 15 24 19  0  0
procs -----------memory---------- ---swap-- -----io---- -system-- -------cpu-------
 r  b   swpd   free   buff  cache   si   so    bi    bo   in   cs us sy id wa st gu
31 51  70368 114634048 2399564 60228492    0    0 1321408 873104 287918 1138613 43 15 24 18  0  0
45 28  70368 114634500 2399564 60228516    0    0 1348672 879004 276999 1157731 44 15 23 18  0  0
37 45  70368 114604184 2399564 60228540    0    0 1280704 836412 262685 1091216 41 14 24 20  0  0
33 43  70368 114624400 2399564 60228564    0    0 1338288 862340 274183 1148713 44 15 23 18  0  0
40 29  70368 114646048 2399568 60228592    0    0 1352768 876860 277114 1159342 44 15 23 18  0  0
47 24  70368 114622404 2399568 60228624    0    0 1342736 866724 276749 1156430 43 15 23 18  0  0
46 30  70368 114626992 2399568 60228644    0    0 1366448 879748 277195 1169012 43 14 24 19  0  0
48 29  70368 114612136 2399568 60228668    0    0 1363712 874180 278237 1168025 45 15 23 18  0  0
44 29  70368 114629644 2399568 60228696    0    0 1367952 877052 279406 1171683 44 16 23 18  0  0
38 36  70368 114656576 2399568 60228724    0    0 1313248 847016 270877 1124749 42 15 24 19  0  0
49 19  70368 114638212 2399568 60228752    0    0 1290208 823672 264366 1098032 41 14 24 20  0  0
45 40  70368 114632236 2399568 60228772    0    0 1348704 863392 275605 1152979 43 15 23 18  0  0
47 25  70368 114635624 2399568 60228800    0    0 1359568 870376 277522 1165800 44 16 23 18  0  0
49 23  70368 114623928 2399568 60228832    0    0 1365648 872216 278665 1168939 44 16 23 17  0  0
43 26  70368 114635492 2399568 60228860    0    0 1331168 848260 271161 1131693 43 15 23 19  0  0
42 28  70368 114622912 2399568 60228884    0    0 1315664 838660 265357 1116663 41 14 25 20  0  0
50 22  70368 114636660 2399568 60228900    0    0 1345504 886884 287256 1150595 43 14 24 19  0  0
56 18  70368 114619900 2399568 60228928    0    0 1338080 874504 304682 1152540 44 16 23 18  0  0
56 17  70368 114613328 2399568 60228964    0    0 1350048 887696 276906 1161652 44 16 23 18  0  0
49 30  70368 114580112 2399568 60228984    0    0 1348512 889180 278171 1164195 44 16 23 17  0  0
49 27  70368 114601028 2399568 60229008    0    0 1304672 851320 268771 1117962 42 15 24 19  0  0
procs -----------memory---------- ---swap-- -----io---- -system-- -------cpu-------
 r  b   swpd   free   buff  cache   si   so    bi    bo   in   cs us sy id wa st gu
42 33  70368 114609324 2399568 60229036    0    0 1297856 845088 265953 1106217 41 15 24 20  0  0
51 22  70368 114616236 2399568 60229060    0    0 1332304 876260 274958 1147033 43 15 24 18  0  0
42 33  70368 114596272 2399568 60229088    0    0 1346608 878064 276225 1158629 44 15 23 18  0  0
44 31  70368 114617780 2399568 60229112    0    0 1346704 893324 277774 1160330 44 15 23 18  0  0
42 29  70368 114643276 2399568 60229132    0    0 1364256 898956 278591 1175655 43 14 24 18  0  0
37 34  70368 114626976 2399568 60229168    0    0 1327168 866600 273942 1142130 43 15 23 18  0  0
40 30  70368 114628940 2399568 60229188    0    0 1284480 844520 263196 1093204 41 14 25 20  0  0
49 25  70368 114609032 2399568 60229212    0    0 1349952 894904 277468 1156722 43 15 23 18  0  0
37 33  70368 114629984 2399568 60229236    0    0 1336448 882856 275952 1153532 43 15 23 18  0  0
50 23  70368 114616444 2399568 60229260    0    0 1349824 895024 277398 1163215 44 15 23 18  0  0
44 29  70368 114602408 2399568 60229288    0    0 1318272 857320 271850 1124342 42 15 24 19  0  0
54 26  70368 114606748 2399568 60229324    0    0 1286480 837904 262339 1096355 41 14 25 20  0  0
37 37  70368 114621552 2399568 60229344    0    0 1341584 884860 276657 1155677 43 15 23 18  0  0
40 29  70368 114634304 2399568 60229364    0    0 1360496 897608 278456 1170673 43 14 24 19  0  0
41 35  70368 114646364 2399568 60229384    0    0 1356592 890712 277187 1163703 44 15 23 18  0  0
53 17  70368 114636604 2399568 60229412    0    0 1360720 884592 278990 1166411 44 15 23 17  0  0
50 22  70368 114639524 2399568 60229440    0    0 1360768 889804 278589 1168440 44 15 23 18  0  0
36 36  70368 114646596 2399568 60229468    0    0 1271696 825260 259849 1081947 41 14 25 21  0  0
56 18  70368 114632132 2399568 60229484    0    0 1347680 887188 276720 1156922 43 15 23 18  0  0
48 20  70368 114633244 2399568 60229512    0    0 1349584 892328 278431 1161986 44 16 23 18  0  0
41 29  70368 114604616 2399568 60229540    0    0 1342864 885364 275910 1150626 43 15 23 18  0  0
procs -----------memory---------- ---swap-- -----io---- -system-- -------cpu-------
 r  b   swpd   free   buff  cache   si   so    bi    bo   in   cs us sy id wa st gu
33 36  70368 114613188 2399568 60229568    0    0 1336704 877072 275240 1147367 43 15 23 19  0  0
47 19  70368 114625988 2399568 60229592    0    0 1282000 835740 261914 1091117 40 13 25 21  0  0
52 19  70368 114638680 2399572 60229616    0    0 1340656 877596 274507 1150876 43 14 24 19  0  0
41 35  70368 114637548 2399572 60229640    0    0 1354016 891420 279019 1166554 44 16 23 18  0  0
45 24  70368 114630196 2399572 60229680    0    0 1355200 883304 278749 1162150 44 16 23 18  0  0
51 19  70368 114618664 2399572 60229700    0    0 1357904 893456 279779 1170215 44 16 23 18  0  0
43 30  70368 114608724 2399572 60229724    0    0 1348048 890952 277366 1160869 44 15 24 17  0  0
50 23  70368 114629644 2399572 60229752    0    0 1343376 891452 276260 1156555 43 15 23 18  0  0
38 33  70368 114645588 2399572 60229768    0    0 1263168 823264 259128 1074603 40 14 25 21  0  0
42 39  70368 114629788 2399572 60229800    0    0 1274064 830584 262385 1088980 40 14 25 20  0  0
33 36  70368 114624884 2399572 60229832    0    0 1244464 804928 253145 1052152 39 13 25 22  0  0
37 42  70368 114630288 2399572 60229844    0    0 1208640 783816 245596 1016572 37 11 27 24  0  0
49 24  70368 114615340 2399572 60229864    0    0 1172688 752992 237417 979886 37 12 26 25  0  0
44 34  70368 114605444 2399572 60229896    0    0 1228800 798452 251650 1038866 39 13 26 22  0  0
43 26  70368 114638996 2399572 60229928    0    0 1237632 791324 251289 1042249 39 13 25 22  0  0
47 30  70368 114630840 2399572 60229956    0    0 1239344 799540 252524 1046286 39 13 25 22  0  0
43 29  70368 114626000 2399572 60229976    0    0 1228752 804256 251497 1037923 39 13 25 22  0  0
45 29  70368 114609788 2399572 60230004    0    0 1308480 858188 269327 1121378 42 15 24 20  0  0
45 25  70368 114590244 2399572 60230096    0    0 1321248 868980 272849 1136599 43 15 24 19  0  0
46 22  70368 114601936 2399572 60230116    0    0 1319712 875284 271759 1133742 42 15 24 19  0  0
49 20  70368 114599064 2399572 60230144    0    0 1336368 873016 270841 1138676 42 14 25 20  0  0
procs -----------memory---------- ---swap-- -----io---- -system-- -------cpu-------
 r  b   swpd   free   buff  cache   si   so    bi    bo   in   cs us sy id wa st gu
34 35  70368 114626164 2399572 60230168    0    0 1323008 875880 272129 1136676 43 14 24 19  0  0
57 17  70368 114619852 2399572 60230188    0    0 1317728 863768 270819 1132847 43 15 24 19  0  0
41 47  70368 114602864 2399572 60230216    0    0 1219952 806224 252440 1039487 38 13 26 23  0  0
41 26  70368 114584488 2399572 60230240    0    0 1308208 852980 269541 1120726 42 15 24 20  0  0
47 24  70368 114611492 2399572 60230260    0    0 1310128 864480 270224 1128063 42 15 24 19  0  0
46 22  70368 114596972 2399572 60230284    0    0 1320656 863952 272519 1135902 43 15 24 19  0  0
37 34  70368 114599420 2399572 60230312    0    0 1320480 873416 272632 1138339 43 15 24 19  0  0
38 32  70368 114610532 2399572 60230340    0    0 1323040 874756 271621 1133314 42 15 24 19  0  0
34 35  70368 114624064 2399572 60230364    0    0 1314560 862660 270264 1131677 41 14 25 20  0  0
36 40  70368 114634832 2399572 60230384    0    0 1323328 871892 271784 1137108 42 14 25 19  0  0
44 35  70368 114637144 2399572 60230408    0    0 1327488 865060 273645 1142187 43 15 24 19  0  0
48 21  70368 114616628 2399572 60230436    0    0 1324992 880460 273882 1143046 43 15 24 19  0  0
51 17  70368 114607984 2399572 60230464    0    0 1319568 873340 272580 1140304 43 15 24 19  0  0
57 13  70368 114613628 2399572 60230492    0    0 1240368 815096 255231 1054653 39 13 25 22  0  0
28 52  70368 114607164 2399572 60230524    0    0 1335808 879036 275709 1149667 43 15 23 18  0  0
27 56  70368 114610992 2399572 60230552    0    0 1334160 883952 275660 1153165 43 15 24 18  0  0
48 23  70368 114614820 2399572 60230580    0    0 1351696 886720 277915 1162244 44 15 23 18  0  0
40 32  70368 114613212 2399572 60230596    0    0 1363200 893952 279755 1171713 44 15 23 18  0  0
52 21  70368 114600984 2399572 60230620    0    0 1366576 910712 279262 1176564 44 14 24 18  0  0
58 19  70368 114631028 2399572 60230644    0    0 1353536 891236 278161 1163750 44 15 23 18  0  0
45 24  70368 114607836 2399572 60230668    0    0 1351152 893712 277824 1162196 44 15 23 18  0  0
procs -----------memory---------- ---swap-- -----io---- -system-- -------cpu-------
 r  b   swpd   free   buff  cache   si   so    bi    bo   in   cs us sy id wa st gu
29 59  70368 114592208 2399572 60230696    0    0 1359936 889304 278724 1169964 44 15 23 18  0  0
44 39  70368 114596708 2399572 60230720    0    0 1356864 905804 279145 1167185 44 15 23 18  0  0
43 29  70368 114616120 2399572 60230744    0    0 1359200 898388 278460 1167373 44 16 23 18  0  0
41 31  70368 114608800 2399572 60230772    0    0 1247088 821556 255785 1058960 40 13 25 22  0  0
45 24  70368 114624040 2399572 60230796    0    0 1334416 877944 274807 1145826 43 15 23 19  0  0
49 20  70368 114598960 2399572 60230820    0    0 1335888 884860 276120 1156076 43 15 23 18  0  0
45 22  70368 114613036 2399572 60230848    0    0 1355984 895364 277458 1164481 43 14 24 19  0  0
46 29  70368 114616924 2399572 60230876    0    0 1364192 894896 278491 1169324 44 15 23 18  0  0
53 19  70368 114623324 2399572 60230900    0    0 1361168 896272 278661 1171394 44 16 23 18  0  0
45 32  70368 114626728 2399572 60230924    0    0 1356976 898092 278520 1164669 44 15 23 18  0  0
49 24  70368 114615392 2399572 60230952    0    0 1352288 891520 278241 1165316 44 15 23 18  0  0
41 43  70368 114607004 2399572 60230984    0    0 1357792 894880 279034 1171012 44 16 23 18  0  0
44 31  70368 114596460 2399572 60231008    0    0 1355952 896736 278819 1167951 44 16 23 18  0  0
38 28  70368 114577816 2399572 60231056    0    0 1357840 891156 278537 1167461 44 15 23 17  0  0
39 33  70368 114607628 2399572 60231088    0    0 1244592 817884 255977 1055147 39 13 26 22  0  0
47 28  70368 114606520 2399572 60231120    0    0 1342640 889968 276758 1157507 43 15 24 19  0  0
59 21  70368 114624924 2399572 60231132    0    0 1353808 885932 275891 1160748 43 14 24 19  0  0
38 30  70368 114620852 2399572 60231156    0    0 1336112 880840 274776 1147741 43 15 24 18  0  0
53 17  70368 114619264 2399576 60231176    0    0 1355904 891724 278234 1165844 44 15 23 17  0  0
36 33  70368 114609900 2399576 60231208    0    0 1353072 900876 278218 1166141 44 15 23 18  0  0
50 23  70368 114600120 2399576 60231232    0    0 1347216 892396 276794 1160619 44 15 23 18  0  0
procs -----------memory---------- ---swap-- -----io---- -system-- -------cpu-------
 r  b   swpd   free   buff  cache   si   so    bi    bo   in   cs us sy id wa st gu
53 28  70368 114598496 2399576 60231256    0    0 1351696 890492 277981 1166466 44 15 23 18  0  0
54 17  70368 114593604 2399576 60231276    0    0 1355312 894984 277863 1164708 44 16 23 18  0  0
29 42  70368 114609536 2399580 60231304    0    0 1355872 891520 277819 1168537 44 15 23 18  0  0
61 16  70368 114596304 2399580 60231328    0    0 1365616 899204 279957 1173970 44 16 23 17  0  0
30 53  70368 114607388 2399580 60231360    0    0 1257136 827128 254755 1059114 39 12 26 23  0  0
37 33  70368 114617984 2399580 60231380    0    0 1339360 878768 275533 1150930 43 15 24 19  0  0
41 31  70368 114625296 2399580 60231400    0    0 1347760 892520 277819 1159663 43 15 23 18  0  0
36 36  70368 114605028 2399580 60231428    0    0 1349760 896728 278406 1163550 44 16 23 18  0  0
55 26  70368 114610772 2399580 60231464    0    0 1340944 879664 275849 1155928 43 15 24 18  0  0
47 24  70368 114615284 2399580 60231484    0    0 1351328 891892 276802 1160755 44 16 23 18  0  0
37 37  70368 114618628 2399580 60231508    0    0 1353728 892764 277814 1160586 44 16 23 18  0  0
40 40  70368 114610472 2399580 60231536    0    0 1355776 892348 279006 1169511 44 15 23 18  0  0
48 30  70368 114590872 2399580 60231564    0    0 1354416 894232 278216 1165074 44 15 23 18  0  0
41 29  70368 114580972 2399580 60231596    0    0 1358128 897928 278018 1166031 44 15 23 18  0  0
57 18  70368 114603676 2399580 60231600    0    0 1366176 896780 277693 1168525 44 14 23 18  0  0
39 32  70368 114622716 2399580 60231712    0    0 1250448 818548 254962 1058065 40 13 25 22  0  0
46 21  70368 114614644 2399580 60231740    0    0 1332624 875300 275605 1146906 43 15 24 18  0  0
54 28  70368 114591124 2399580 60231768    0    0 1355840 890920 277664 1163454 44 15 23 18  0  0
45 25  70368 114577572 2399580 60231800    0    0 1351024 894768 277154 1163079 44 15 23 18  0  0
39 42  70368 114586896 2399580 60231824    0    0 1350256 890744 277600 1165430 44 15 23 18  0  0
48 27  70368 114592324 2399580 60231852    0    0 1348016 882796 276474 1155773 43 16 23 18  0  0
procs -----------memory---------- ---swap-- -----io---- -system-- -------cpu-------
 r  b   swpd   free   buff  cache   si   so    bi    bo   in   cs us sy id wa st gu
44 34  70368 114618912 2399580 60231876    0    0 1352448 890676 277894 1164801 44 15 23 18  0  0
59 19  70368 114599892 2399580 60231916    0    0 1349584 890880 277426 1159714 44 15 23 18  0  0
54 23  70368 114604436 2399580 60231932    0    0 1363584 901960 278694 1170767 43 14 24 19  0  0
45 26  70368 114610276 2399580 60231956    0    0 1358016 893832 277675 1163517 44 15 23 18  0  0
52 22  70368 114611676 2399580 60231980    0    0 1349824 888092 276468 1158402 44 15 23 18  0  0
43 40  70368 114595140 2399580 60232008    0    0 1246752 824072 256842 1062493 40 14 25 22  0  0
51 22  70368 114610348 2399580 60232028    0    0 1340000 874988 276013 1150119 44 15 23 18  0  0
53 28  70368 114602432 2399580 60232052    0    0 1351472 888856 278289 1161145 44 15 23 18  0  0
47 37  70368 114592284 2399580 60232080    0    0 1355168 897164 279109 1165828 44 16 23 17  0  0
38 42  70368 114588708 2399580 60232108    0    0 1351568 890184 277478 1166221 44 15 23 18  0  0
49 34  70368 114593332 2399580 60232132    0    0 1337936 895972 276482 1155416 43 15 23 19  0  0
38 30  70368 114585452 2399580 60232156    0    0 1354400 892464 277767 1165011 43 15 24 18  0  0
30 39  70368 114603972 2399580 60232172    0    0 1357456 899840 276934 1165550 44 14 24 18  0  0
51 16  70368 114594280 2399580 60232196    0    0 1358624 895220 279313 1171035 44 15 23 17  0  0
41 38  70368 114604796 2399580 60232228    0    0 1354240 895116 278799 1168807 44 15 23 18  0  0
26 47  70368 114597092 2399580 60232256    0    0 1340352 882200 275638 1149931 43 15 23 18  0  0
43 32  70368 114598636 2399580 60232288    0    0 1279504 832596 260084 1083406 41 14 25 21  0  0
46 23  70368 114609320 2399580 60232304    0    0 1335632 884664 274436 1146768 43 15 23 18  0  0
40 38  70368 114589708 2399580 60232336    0    0 1342064 883276 276699 1156856 44 15 23 18  0  0
59 18  70368 114610208 2399580 60232356    0    0 1354544 889840 277771 1163298 44 15 23 18  0  0
47 23  70368 114604944 2399580 60232392    0    0 1354592 894080 278314 1167026 44 15 23 18  0  0
procs -----------memory---------- ---swap-- -----io---- -system-- -------cpu-------
 r  b   swpd   free   buff  cache   si   so    bi    bo   in   cs us sy id wa st gu
44 25  70368 114599520 2399580 60232400    0    0 1354128 897088 276312 1163588 43 14 24 19  0  0
41 30  70368 114606332 2399580 60232420    0    0 1337520 889116 276911 1152710 43 15 23 18  0  0
49 28  70368 114614212 2399580 60232452    0    0 1348320 888896 277140 1160290 44 15 23 18  0  0
48 23  70368 114599884 2399580 60232476    0    0 1352896 893340 278178 1167137 44 15 23 18  0  0
35 39  70368 114607208 2399580 60232500    0    0 1356592 889804 276769 1161563 44 15 23 18  0  0
41 31  70368 114585972 2399580 60232524    0    0 1302048 859692 268132 1112814 42 14 24 20  0  0
48 23  70368 114579668 2399580 60232548    0    0 1293392 846424 265059 1105513 41 14 25 20  0  0
45 22  70368 114582284 2399580 60232576    0    0 1331920 891876 275858 1148023 43 15 24 18  0  0
48 31  70368 114587096 2399580 60232608    0    0 1345888 896640 277550 1159147 44 15 23 18  0  0
45 22  70368 114598328 2399580 60232628    0    0 1358928 895664 276720 1164041 43 14 24 19  0  0
49 32  70368 114614736 2399580 60232644    0    0 1350848 895868 276700 1161825 44 15 24 18  0  0
43 23  70368 114623616 2399580 60232672    0    0 1352000 884972 277926 1161803 44 15 23 18  0  0
32 40  70368 114597828 2399580 60232700    0    0 1341056 887092 277141 1152723 43 15 23 18  0  0
46 25  70368 114581928 2399580 60232724    0    0 1342944 889664 276891 1159774 43 15 23 18  0  0
51 20  70368 114600380 2399580 60232744    0    0 1355024 892900 278082 1166243 44 15 23 18  0  0
43 38  70368 114607604 2399580 60232772    0    0 1356592 892616 278578 1169522 44 16 23 17  0  0
36 34  70368 114594592 2399580 60232800    0    0 1252704 826048 257556 1065093 40 13 25 22  0  0
45 24  70368 114587732 2399580 60232828    0    0 1347776 889896 277001 1159315 44 15 23 18  0  0
53 20  70368 114581040 2399580 60232860    0    0 1336272 877644 273634 1146590 43 14 24 19  0  0
51 28  70368 114601348 2399580 60232876    0    0 1357120 897516 277079 1166508 43 14 24 19  0  0
45 24  70368 114601492 2399580 60232896    0    0 1355184 892840 277981 1167086 44 15 23 18  0  0
procs -----------memory---------- ---swap-- -----io---- -system-- -------cpu-------
 r  b   swpd   free   buff  cache   si   so    bi    bo   in   cs us sy id wa st gu
50 22  70368 114609548 2399580 60232920    0    0 1356944 900816 278817 1167349 44 15 23 18  0  0
51 26  70368 114619908 2399580 60232948    0    0 1355280 900244 278216 1167700 44 16 23 18  0  0
42 38  70368 114596420 2399580 60232976    0    0 1346816 886728 275776 1156684 43 15 23 18  0  0
55 21  70368 114592764 2399580 60232996    0    0 1345744 889492 276086 1154447 44 15 23 18  0  0
51 21  70368 114594072 2399584 60233024    0    0 1345552 894280 277645 1164250 44 15 23 18  0  0
56 17  70368 114608768 2399584 60233044    0    0 1352144 889220 278158 1167658 44 16 23 18  0  0
48 21  70368 114600664 2399584 60233084    0    0 1251536 818748 256138 1059105 39 14 25 22  0  0
42 27  70368 114617604 2399584 60233108    0    0 1344544 898408 274785 1153957 42 14 25 19  0  0
48 20  70368 114606444 2399584 60233128    0    0 1344592 882620 276754 1155008 44 15 23 18  0  0
47 22  70368 114591988 2399588 60233156    0    0 1345552 878220 276494 1153920 44 15 23 18  0  0
39 30  70368 114588860 2399588 60233184    0    0 1352832 891472 279177 1167584 44 16 23 18  0  0
39 36  70368 114599472 2399588 60233208    0    0 1351712 896240 278832 1168433 44 15 23 18  0  0
46 24  70368 114597556 2399588 60233300    0    0 1350592 889872 281448 1158819 43 15 23 18  0  0
46 27  70368 114595588 2399588 60233328    0    0 1345136 894992 277799 1161064 44 15 23 18  0  0
37 33  70368 114600764 2399588 60233352    0    0 1345008 886300 276349 1155312 44 15 23 18  0  0
55 27  70368 114602536 2399588 60233376    0    0 1334176 882800 275053 1146724 43 15 23 18  0  0
49 21  70368 114596996 2399588 60233408    0    0 1342672 878648 273568 1148276 43 14 24 19  0  0
37 41  70368 114619888 2399588 60233424    0    0 1282224 835084 260259 1087301 41 13 25 21  0  0
42 27  70368 114607736 2399588 60233448    0    0 1341760 885888 275853 1148802 43 15 23 18  0  0
41 31  70368 114594916 2399588 60233464    0    0 1349168 891512 276375 1158717 44 15 23 18  0  0
41 38  70368 114572344 2399588 60233492    0    0 1350896 897104 276848 1159403 44 15 23 18  0  0
procs -----------memory---------- ---swap-- -----io---- -system-- -------cpu-------
 r  b   swpd   free   buff  cache   si   so    bi    bo   in   cs us sy id wa st gu
25 45  70368 114583144 2399588 60233512    0    0 1274624 841184 261249 1085895 41 14 24 21  0  0
42 42  70368 114599192 2399588 60233540    0    0 1336112 876052 272605 1140932 43 15 23 19  0  0
57 17  70368 114598604 2399588 60233568    0    0 1345216 890668 277209 1156537 44 15 23 18  0  0
45 26  70368 114599492 2399588 60233604    0    0 1353616 889984 278037 1164421 44 15 23 18  0  0
43 43  70368 114594260 2399588 60233624    0    0 1350112 901824 277165 1160832 43 15 23 18  0  0
44 35  70368 114607060 2399588 60233644    0    0 1354704 899528 276182 1162422 43 14 24 19  0  0
42 27  70368 114616636 2399588 60233664    0    0 1327872 876172 273769 1143304 43 15 23 18  0  0
44 27  70368 114633044 2399588 60233688    0    0 1264928 830332 259254 1075358 40 14 25 21  0  0
50 20  70368 114609064 2399588 60233716    0    0 1336256 882592 275848 1148517 43 15 23 18  0  0
63 12  70368 114610068 2399588 60233752    0    0 1351936 890404 277477 1160671 44 15 23 18  0  0
41 29  70368 114602832 2399588 60233768    0    0 1353248 895144 277950 1161213 44 16 23 18  0  0
50 25  70368 114583132 2399588 60233796    0    0 1354800 891484 278273 1166603 44 16 23 18  0  0
34 34  70368 114581596 2399588 60233824    0    0 1274672 838968 261633 1084245 41 14 25 21  0  0
47 26  70368 114605116 2399588 60233852    0    0 1328672 879408 273746 1144240 43 15 24 18  0  0
40 26  70368 114616968 2399588 60233872    0    0 1361728 895208 277721 1171047 43 14 24 18  0  0
53 16  70368 114624532 2399588 60233896    0    0 1362928 897844 279055 1169213 44 15 23 18  0  0
51 20  70368 114603352 2399588 60233924    0    0 1355456 894480 278361 1168235 44 16 23 18  0  0
39 32  70368 114607624 2399588 60233956    0    0 1306416 865780 270215 1121995 42 15 24 19  0  0
56 19  70368 114605076 2399588 60233980    0    0 1279984 843056 263675 1099639 41 14 25 20  0  0
38 34  70368 114607832 2399588 60234004    0    0 1326976 882056 275939 1146266 43 15 24 18  0  0
44 30  70368 114606476 2399588 60234032    0    0 1349856 887908 277324 1165407 44 16 23 18  0  0
procs -----------memory---------- ---swap-- -----io---- -system-- -------cpu-------
 r  b   swpd   free   buff  cache   si   so    bi    bo   in   cs us sy id wa st gu
52 17  70368 114598104 2399588 60234052    0    0 1349536 894040 277670 1161387 44 15 23 18  0  0
46 25  70368 114599160 2399588 60234084    0    0 1360800 900172 278990 1168855 44 16 23 18  0  0
39 34  70368 114590848 2399592 60234120    0    0 1354784 891304 277008 1167338 43 15 24 18  0  0
39 41  70368 114590312 2399592 60234132    0    0 1278336 836436 259091 1081747 40 13 25 22  0  0
39 34  70368 114598364 2399592 60234148    0    0 1343600 886792 275792 1157535 44 15 23 18  0  0
53 20  70368 114598816 2399592 60234172    0    0 1363696 893384 278007 1168513 44 16 23 18  0  0
41 29  70368 114597148 2399592 60234208    0    0 1362272 892452 279023 1170536 44 16 23 17  0  0
42 35  70368 114598176 2399592 60234232    0    0 1314848 872116 270875 1128444 42 15 24 19  0  0
51 27  70368 114590856 2399592 60234252    0    0 1277760 833184 261195 1085460 41 14 25 21  0  0
45 29  70368 114598892 2399592 60234280    0    0 1332656 888964 275553 1149400 43 15 24 18  0  0
45 34  70368 114593372 2399592 60234308    0    0 1353456 892328 277927 1166999 44 15 23 18  0  0
44 34  70368 114603032 2399592 60234336    0    0 1354864 898836 277919 1164670 44 15 23 18  0  0
39 33  70368 114602176 2399592 60234356    0    0 1362912 901716 276624 1170360 43 14 24 19  0  0
49 23  70368 114603436 2399592 60234372    0    0 1351952 889940 277865 1162873 44 15 23 18  0  0
44 31  70368 114611684 2399592 60234396    0    0 1351472 888280 277734 1160067 44 15 23 18  0  0
39 40  70368 114603256 2399592 60234416    0    0 1264064 829976 258710 1072116 40 14 25 22  0  0
55 19  70368 114600860 2399592 60234448    0    0 1360544 886192 278677 1169514 44 15 23 18  0  0
50 28  70368 114595052 2399592 60234480    0    0 1359808 901080 279434 1171513 44 15 23 18  0  0
46 24  70368 114589904 2399592 60234500    0    0 1325936 875428 272741 1140686 43 15 24 19  0  0
48 23  70368 114599820 2399592 60234524    0    0 1284480 834196 262003 1092298 41 14 25 21  0  0
40 29  70368 114600284 2399592 60234552    0    0 1329296 885172 274740 1143231 43 15 23 19  0  0
procs -----------memory---------- ---swap-- -----io---- -system-- -------cpu-------
 r  b   swpd   free   buff  cache   si   so    bi    bo   in   cs us sy id wa st gu
51 22  70368 114608676 2399592 60234580    0    0 1353968 903548 277294 1167990 43 14 24 19  0  0
53 21  70368 114619932 2399592 60234596    0    0 1356368 901704 278832 1170765 44 15 24 18  0  0
42 37  70368 114619068 2399592 60234620    0    0 1353888 895120 278960 1166504 44 16 23 17  0  0
41 28  70368 114622428 2399592 60234644    0    0 1355504 897832 278138 1165690 44 15 23 18  0  0
54 14  70368 114597924 2399592 60234668    0    0 1348064 884652 277040 1158827 44 15 23 18  0  0
40 30  70368 114586080 2399592 60234700    0    0 1325488 874692 272192 1141032 43 15 24 19  0  0
49 21  70368 114602496 2399592 60234736    0    0 1300080 846076 264137 1106498 42 14 24 20  0  0
54 23  70368 114601352 2399592 60234760    0    0 1363600 893936 280103 1176459 44 16 23 17  0  0
36 33  70368 114576092 2399592 60234788    0    0 1328768 875052 273041 1139764 43 15 23 19  0  0
38 30  70368 114588728 2399592 60234876    0    0 1275600 839928 260541 1091115 40 14 25 21  0  0
38 29  70368 114596872 2399592 60234896    0    0 1348208 893108 275738 1156323 43 14 24 19  0  0
39 30  70368 114611104 2399592 60234920    0    0 1335072 891228 275087 1151946 43 15 23 18  0  0
45 28  70368 114601260 2399592 60234944    0    0 1353808 886704 278072 1163795 44 15 23 18  0  0
48 21  70368 114597144 2399592 60234976    0    0 1360096 903456 279053 1168831 44 15 23 18  0  0
40 36  70368 114566468 2399592 60235000    0    0 1359024 898440 279168 1172186 44 16 23 18  0  0
41 31  70368 114567492 2399592 60235028    0    0 1356816 886608 277897 1164747 44 15 23 18  0  0
46 26  70368 114601032 2399592 60235056    0    0 1357024 893256 277534 1163680 44 15 23 18  0  0
33 43  70368 114620312 2399592 60235084    0    0 1326112 867732 270474 1136421 43 15 24 19  0  0
44 28  70368 114600056 2399592 60235108    0    0 1301264 851132 265886 1109662 42 15 24 20  0  0
38 40  70368 114589564 2399592 60235140    0    0 1343024 886432 272493 1149606 43 14 25 19  0  0
51 25  70368 114596632 2399592 60235156    0    0 1283728 840392 262386 1092545 41 13 25 21  0  0
procs -----------memory---------- ---swap-- -----io---- -system-- -------cpu-------
 r  b   swpd   free   buff  cache   si   so    bi    bo   in   cs us sy id wa st gu
47 24  70368 114580368 2399592 60235188    0    0 1334384 882824 274942 1147251 43 15 23 18  0  0
45 27  70368 114594112 2399592 60235204    0    0 1347584 891240 277633 1158003 44 15 23 18  0  0
38 31  70368 114589464 2399592 60235236    0    0 1336240 882712 276812 1153918 43 15 24 18  0  0
56 19  70368 114595796 2399592 60235256    0    0 1348112 890972 277768 1163514 44 15 23 18  0  0
41 38  70368 114602804 2399592 60235292    0    0 1358096 894540 279208 1170047 44 15 23 18  0  0
49 26  70368 114585844 2399592 60235312    0    0 1345904 893024 278225 1163246 44 15 23 18  0  0
50 28  70368 114597588 2399592 60235340    0    0 1354336 892524 278187 1167203 44 15 23 17  0  0
40 32  70368 114593548 2399592 60235372    0    0 1357824 898532 277570 1162209 43 15 24 18  0  0
49 26  70368 114607540 2399592 60235384    0    0 1276528 832728 259747 1083634 40 13 26 22  0  0
40 34  70368 114601024 2399592 60235408    0    0 1298832 856704 265981 1107334 42 14 24 20  0  0
43 38  70368 114600832 2399596 60235432    0    0 1294576 852408 264717 1104851 41 14 24 20  0  0
49 27  70368 114605468 2399596 60235460    0    0 1334560 879004 274888 1145479 43 15 24 18  0  0
61 17  70368 114608284 2399596 60235492    0    0 1345152 896368 277070 1158222 43 15 23 18  0  0
43 29  70368 114599412 2399596 60235520    0    0 1341888 892976 276590 1153574 43 15 23 18  0  0
51 25  70368 114587084 2399596 60235540    0    0 1348704 890388 277134 1158358 44 15 23 18  0  0
41 37  70368 114596448 2399596 60235564    0    0 1347184 896624 277729 1161371 44 15 23 18  0  0
40 30  70368 114605804 2399596 60235592    0    0 1350240 890292 276371 1158976 43 15 23 18  0  0
56 18  70368 114606852 2399596 60235620    0    0 1368144 901344 278111 1173876 44 14 24 18  0  0
55 18  70368 114606288 2399596 60235640    0    0 1353744 897132 279464 1167611 44 15 23 18  0  0
48 25  70368 114595948 2399596 60235664    0    0 1354832 890392 277170 1158575 44 15 23 18  0  0
32 36  70368 114614892 2399596 60235692    0    0 1229632 805640 252157 1038741 39 13 25 23  0  0
procs -----------memory---------- ---swap-- -----io---- -system-- -------cpu-------
 r  b   swpd   free   buff  cache   si   so    bi    bo   in   cs us sy id wa st gu
50 23  70368 114601772 2399596 60235732    0    0 1294352 848416 264580 1102705 41 14 24 20  0  0
52 22  70368 114591484 2399596 60235756    0    0 1348496 884256 275819 1158205 43 16 23 18  0  0
50 24  70368 114579444 2399596 60235776    0    0 1350992 902052 278480 1165492 44 16 23 18  0  0
47 23  70368 114576212 2399596 60235804    0    0 1354720 892196 278462 1167840 44 15 23 18  0  0
36 34  70368 114579288 2399604 60235820    0    0 1337952 894848 276566 1155054 44 15 23 18  0  0
41 40  70368 114570424 2399604 60235856    0    0 1357440 899912 277552 1166311 43 14 24 19  0  0
42 32  70368 114604888 2399604 60235872    0    0 1354128 894300 277829 1162415 43 14 24 18  0  0
36 34  70368 114623140 2399604 60235892    0    0 1351552 901540 278320 1166070 44 15 23 17  0  0
58 23  70368 114609720 2399604 60235920    0    0 1359632 896480 278635 1171837 44 16 23 17  0  0
48 30  70368 114586532 2399604 60235944    0    0 1356416 896056 278406 1168201 44 16 23 17  0  0
52 20  70368 114586708 2399604 60235984    0    0 1297872 866496 269446 1116728 42 14 25 19  0  0
43 30  70368 114593016 2399604 60236008    0    0 1207056 784080 246073 1016752 38 13 26 23  0  0
46 26  70368 114608196 2399604 60236028    0    0 1345904 886448 277150 1158065 43 15 23 18  0  0
38 30  70368 114594664 2399604 60236060    0    0 1355904 893872 277890 1167260 44 16 23 17  0  0
56 18  70368 114590376 2399604 60236088    0    0 1359504 900880 278413 1170026 44 15 23 18  0  0
51 23  70368 114624104 2399604 60236112    0    0 1362416 902412 277757 1168062 43 14 24 19  0  0
45 24  70368 114614512 2399604 60236132    0    0 1339120 893156 276844 1157655 43 15 23 18  0  0
56 24  70368 114606504 2399604 60236156    0    0 1341760 888508 276300 1153406 43 15 23 18  0  0
39 29  70368 114603092 2399604 60236180    0    0 1363152 890052 278962 1170106 44 16 23 17  0  0
48 24  70368 114591608 2399604 60236208    0    0 1360608 895332 278829 1167340 44 15 23 18  0  0
41 32  70368 114596976 2399604 60236228    0    0 1359136 896996 278423 1167299 44 15 23 18  0  0
procs -----------memory---------- ---swap-- -----io---- -system-- -------cpu-------
 r  b   swpd   free   buff  cache   si   so    bi    bo   in   cs us sy id wa st gu
47 39  70368 114608836 2399604 60236252    0    0 1265136 834092 259337 1073007 40 14 25 21  0  0
52 24  70368 114613352 2399604 60236276    0    0 1329008 870460 272694 1140080 43 15 23 19  0  0
41 29  70368 114616696 2399604 60236300    0    0 1258080 824300 257476 1070614 40 14 25 22  0  0
43 25  70368 114617924 2399604 60236328    0    0 1365632 902404 278744 1172233 43 14 24 19  0  0
39 36  70368 114600168 2399604 60236352    0    0 1361728 892640 278889 1168514 44 15 23 18  0  0
33 49  70368 114590288 2399604 60236372    0    0 1356896 891628 278747 1167691 44 16 23 18  0  0
24 46  70368 114590224 2399604 60236464    0    0 1349328 897052 277654 1158712 44 15 23 18  0  0
51 19  70368 114596208 2399604 60236500    0    0 1338160 878448 274927 1148356 43 15 24 19  0  0
38 33  70368 114588536 2399604 60236520    0    0 1356032 895272 278920 1167163 44 15 23 18  0  0
39 38  70368 114598448 2399604 60236548    0    0 1353936 893396 278212 1166436 44 15 23 18  0  0
55 15  70368 114602152 2399604 60236584    0    0 1358048 903812 279601 1168966 44 16 23 18  0  0
38 33  70368 114598596 2399604 60236612    0    0 1266496 838084 260666 1076612 40 14 25 21  0  0
37 32  70368 114591356 2399604 60236632    0    0 1322416 873272 269757 1127552 42 14 24 20  0  0
45 26  70368 114599468 2399612 60236636    0    0 1355488 898984 276454 1162831 43 14 24 19  0  0
45 24  70368 114598544 2399612 60236668    0    0 1265136 831740 258255 1072962 40 14 25 21  0  0
53 19  70368 114603736 2399612 60236692    0    0 1358864 897892 278735 1169225 44 16 23 17  0  0
41 31  70368 114606160 2399612 60236716    0    0 1357744 894352 278637 1171353 44 15 23 17  0  0
45 27  70368 114600868 2399612 60236752    0    0 1349104 893372 277343 1161392 44 15 23 18  0  0
37 33  70368 114600616 2399612 60236776    0    0 1347872 897504 277484 1158275 43 15 23 18  0  0
43 48  70368 114580784 2399612 60236796    0    0 1347536 892464 276321 1158646 43 15 23 18  0  0
48 29  70368 114581052 2399612 60236824    0    0 1347888 899892 278478 1168337 44 16 23 18  0  0
procs -----------memory---------- ---swap-- -----io---- -system-- -------cpu-------
 r  b   swpd   free   buff  cache   si   so    bi    bo   in   cs us sy id wa st gu
47 28  70368 114593184 2399612 60236856    0    0 1362720 900196 279542 1172053 44 15 23 18  0  0
42 30  70368 114595244 2399612 60236876    0    0 1273680 839480 258599 1075684 39 12 26 22  0  0
52 26  70368 114611872 2399612 60236892    0    0 1322672 867148 271893 1135093 42 15 24 19  0  0
46 28  70368 114608652 2399612 60236916    0    0 1339312 891268 276677 1157621 43 15 23 18  0  0
43 31  70368 114589396 2399612 60236948    0    0 1313360 865004 269218 1122561 42 15 24 20  0  0
58 18  70368 114582420 2399612 60236976    0    0 1306128 862056 267033 1117156 42 15 24 20  0  0
47 21  70368 114577040 2399612 60236996    0    0 1362048 897972 279334 1175688 44 16 23 17  0  0
56 20  70368 114580176 2399616 60237028    0    0 1355216 892476 278456 1165176 44 15 23 18  0  0
62 16  70368 114596660 2399616 60237056    0    0 1356544 894472 278166 1164666 44 15 23 18  0  0
43 29  70368 114597400 2399616 60237080    0    0 1350464 884968 281112 1161188 44 16 23 18  0  0
40 27  70368 114592964 2399616 60237112    0    0 1353072 895008 276559 1161024 43 14 24 19  0  0
44 32  70368 114613104 2399616 60237128    0    0 1362928 897284 277821 1167260 44 15 23 18  0  0
42 31  70368 114597940 2399616 60237152    0    0 1264880 834200 260642 1078382 40 14 25 21  0  0
40 33  70368 114584020 2399616 60237176    0    0 1314656 869992 270331 1123813 42 15 24 19  0  0
59 23  70368 114606448 2399616 60237212    0    0 1345008 884320 276363 1153123 44 15 23 18  0  0
44 25  70368 114599408 2399616 60237240    0    0 1352736 897164 277366 1160854 44 15 23 18  0  0
45 29  70368 114598556 2399616 60237264    0    0 1308032 861476 268288 1116160 42 14 24 20  0  0
56 19  70368 114591652 2399616 60237292    0    0 1315376 860576 268159 1122778 43 15 24 19  0  0
35 38  70368 114590092 2399616 60237316    0    0 1352704 898872 279531 1164815 44 15 23 18  0  0
49 25  70368 114584944 2399616 60237352    0    0 1355264 900628 277619 1164653 44 15 23 18  0  0
56 17  70368 114585396 2399616 60237368    0    0 1352800 901116 276611 1162921 43 14 24 19  0  0
procs -----------memory---------- ---swap-- -----io---- -system-- -------cpu-------
 r  b   swpd   free   buff  cache   si   so    bi    bo   in   cs us sy id wa st gu
47 31  70368 114597120 2399616 60237388    0    0 1341920 893316 276198 1156118 43 15 23 18  0  0
43 27  70368 114598288 2399616 60237420    0    0 1346544 897972 278379 1162953 44 16 23 18  0  0
35 42  70368 114598340 2399616 60237440    0    0 1266720 823424 260743 1074957 40 14 25 21  0  0
44 25  70368 114596200 2399616 60237472    0    0 1322288 875380 272857 1135621 43 15 24 19  0  0
36 37  70368 114592548 2399616 60237500    0    0 1347760 886092 277349 1156219 44 15 23 18  0  0
51 24  70368 114570608 2399616 60237524    0    0 1353904 890800 279062 1165828 44 15 23 18  0  0
44 27  70368 114594556 2399616 60237548    0    0 1352416 894584 277984 1161558 44 15 23 18  0  0
52 27  70368 114592852 2399616 60237576    0    0 1254368 821928 258077 1066437 40 14 25 21  0  0
53 18  70368 114605856 2399616 60237596    0    0 1363104 898924 277721 1169011 43 14 24 19  0  0
37 32  70368 114595136 2399616 60237608    0    0 1351792 892648 277932 1162560 44 15 23 18  0  0
43 29  70368 114585216 2399616 60237636    0    0 1358144 892772 279056 1169014 44 16 23 18  0  0
41 31  70368 114582072 2399616 60237668    0    0 1350960 894180 278499 1162563 44 16 23 18  0  0
54 26  70368 114572860 2399616 60237696    0    0 1345104 885576 277190 1151919 44 15 23 18  0  0
36 41  70368 114571728 2399616 60237716    0    0 1272752 832588 261574 1082704 41 14 24 21  0  0
39 33  70368 114584540 2399616 60237748    0    0 1317840 863608 270602 1130014 42 15 24 19  0  0
52 21  70368 114571976 2399616 60237772    0    0 1349872 890360 277075 1159810 43 15 23 18  0  0
50 26  70368 114571120 2399616 60237796    0    0 1353024 901060 278528 1163585 44 15 23 18  0  0
37 39  70368 114587560 2399616 60237824    0    0 1363216 900320 277972 1169050 44 15 23 18  0  0
38 30  70368 114598356 2399616 60237840    0    0 1362608 894724 278642 1167250 44 15 23 18  0  0
55 23  70368 114604216 2399616 60237872    0    0 1263552 832904 258310 1070953 40 14 25 22  0  0
38 30  70368 114591384 2399616 60237892    0    0 1344960 890664 277488 1159691 44 15 23 18  0  0
procs -----------memory---------- ---swap-- -----io---- -system-- -------cpu-------
 r  b   swpd   free   buff  cache   si   so    bi    bo   in   cs us sy id wa st gu
48 36  70368 114585116 2399616 60237916    0    0 1361488 896456 278273 1167855 44 16 23 18  0  0
54 19  70368 114554748 2399616 60237944    0    0 1351264 893292 277303 1160566 44 15 24 17  0  0
48 24  70368 114569328 2399616 60237968    0    0 1359056 890392 278867 1166411 44 16 23 18  0  0
50 26  70368 114580780 2399616 60238060    0    0 1264160 838056 261422 1083724 40 14 25 21  0  0
50 22  70368 114580904 2399616 60238080    0    0 1314080 868468 270765 1126523 42 14 24 19  0  0
47 23  70368 114615664 2399616 60238112    0    0 1344640 889580 276315 1154106 43 15 24 18  0  0
43 29  70368 114619120 2399616 60238132    0    0 1358704 898148 277135 1166878 43 14 24 18  0  0
43 27  70368 114592924 2399616 60238152    0    0 1357664 897720 278377 1168575 44 15 23 18  0  0
38 36  70368 114592264 2399616 60238188    0    0 1351776 895396 277864 1162107 44 15 23 18  0  0
44 28  70368 114578480 2399616 60238216    0    0 1352288 899336 278236 1162923 44 16 23 18  0  0
46 26  70368 114600500 2399620 60238240    0    0 1264976 831108 257862 1071218 40 14 25 22  0  0
58 20  70368 114605896 2399620 60238272    0    0 1365584 902464 278860 1169065 44 15 23 18  0  0
47 28  70368 114600916 2399620 60238300    0    0 1356240 899036 276650 1164155 44 15 23 18  0  0
50 21  70368 114587012 2399620 60238328    0    0 1357408 892756 278859 1168208 44 15 23 18  0  0
47 30  70368 114566252 2399620 60238352    0    0 1272240 840796 262037 1083334 41 14 24 21  0  0
41 34  70368 114583540 2399620 60238376    0    0 1310528 875544 269074 1123217 41 13 26 20  0  0
44 23  70368 114592672 2399620 60238392    0    0 1341680 885068 275448 1152033 43 15 23 18  0  0
42 27  70368 114611148 2399620 60238416    0    0 1347376 893776 276488 1156845 44 15 23 18  0  0
47 26  70368 114600756 2399620 60238444    0    0 1358736 897072 278041 1165777 44 15 23 18  0  0
61 15  70368 114577624 2399620 60238480    0    0 1363536 899312 279432 1169148 44 16 23 18  0  0
51 27  70368 114571864 2399620 60238508    0    0 1354960 900380 278736 1163167 44 15 23 18  0  0
procs -----------memory---------- ---swap-- -----io---- -system-- -------cpu-------
 r  b   swpd   free   buff  cache   si   so    bi    bo   in   cs us sy id wa st gu
42 28  70368 114579680 2399620 60238528    0    0 1300400 855324 266742 1111369 41 14 24 20  0  0
35 46  70368 114584772 2399620 60238552    0    0 1316576 869116 269849 1128280 43 15 24 19  0  0
41 35  70368 114587364 2399620 60238576    0    0 1357008 899292 278129 1163418 44 16 23 18  0  0
47 23  70368 114584884 2399620 60238604    0    0 1364752 897128 278004 1173742 44 15 23 18  0  0
37 36  70368 114599920 2399620 60238624    0    0 1276512 838940 260323 1082650 40 13 26 21  0  0
50 19  70368 114593520 2399620 60238648    0    0 1313840 867388 270078 1131877 42 15 24 19  0  0
34 36  70368 114589300 2399620 60238672    0    0 1330944 883004 275441 1146465 43 15 24 19  0  0
41 27  70368 114598524 2399620 60238700    0    0 1343488 893392 276369 1156036 44 15 23 18  0  0
45 33  70368 114587792 2399620 60238732    0    0 1356448 900352 278435 1166981 44 15 23 18  0  0
42 25  70368 114579220 2399620 60238748    0    0 1361792 901548 279440 1169980 44 16 23 18  0  0
50 21  70368 114584912 2399620 60238772    0    0 1353248 898348 278874 1159054 44 15 23 18  0  0
56 21  70368 114582672 2399620 60238792    0    0 1343376 889972 276716 1154691 44 15 23 18  0  0
45 26  70368 114603964 2399620 60238820    0    0 1295152 847100 265303 1105634 41 14 24 20  0  0
41 34  70368 114609688 2399620 60238848    0    0 1333776 878796 270014 1136556 42 13 25 20  0  0
54 20  70368 114600588 2399620 60238868    0    0 1364944 896544 279498 1172047 44 15 23 18  0  0
28 58  70368 114592816 2399620 60238892    0    0 1277616 841892 262560 1088013 41 14 24 21  0  0
48 31  70368 114570300 2399620 60238920    0    0 1319664 876668 271968 1136187 42 15 24 19  0  0
30 46  70368 114573260 2399620 60238940    0    0 1334608 875016 274619 1143790 43 15 23 19  0  0
51 21  70368 114572908 2399620 60238976    0    0 1349168 892848 277398 1159594 43 15 23 18  0  0
33 42  70368 114595428 2399620 60239000    0    0 1355856 889392 278420 1162365 44 15 23 18  0  0
45 25  70368 114584336 2399624 60239028    0    0 1358400 896716 280108 1164727 44 16 23 17  0  0
procs -----------memory---------- ---swap-- -----io---- -system-- -------cpu-------
 r  b   swpd   free   buff  cache   si   so    bi    bo   in   cs us sy id wa st gu
47 22  70368 114583076 2399624 60239048    0    0 1362800 899316 279497 1166052 44 15 23 18  0  0
39 38  70368 114582244 2399624 60239080    0    0 1355632 898880 277307 1160896 43 14 24 19  0  0
33 37  70368 114596248 2399624 60239096    0    0 1352912 888496 276093 1159558 44 14 24 18  0  0
48 32  70368 114580204 2399624 60239120    0    0 1276528 835588 261259 1083467 40 14 25 21  0  0
37 43  70368 114583696 2399624 60239144    0    0 1365936 897312 280302 1171916 45 15 23 18  0  0
43 44  70368 114583124 2399624 60239176    0    0 1251968 823488 255488 1058315 39 13 25 22  0  0
52 29  70368 114568756 2399624 60239200    0    0 1355456 896352 278283 1163835 44 15 23 18  0  0
45 28  70368 114568364 2399624 60239228    0    0 1325808 883964 279442 1139372 42 15 24 18  0  0
39 36  70368 114576932 2399624 60239252    0    0 1322960 868472 274345 1138411 43 15 24 18  0  0
44 25  70368 114587020 2399624 60239276    0    0 1343008 894460 276739 1155438 44 15 23 18  0  0
38 35  70368 114571112 2399624 60239300    0    0 1356128 900680 276827 1162731 44 15 23 18  0  0
29 45  70368 114582748 2399624 60239324    0    0 1360304 891836 277181 1165998 44 14 24 18  0  0
33 40  70368 114569744 2399624 60239352    0    0 1343184 895756 276353 1154960 44 15 23 18  0  0
53 20  70368 114564084 2399624 60239380    0    0 1355808 888864 278177 1164813 44 15 23 18  0  0
42 31  70368 114576388 2399624 60239400    0    0 1301600 858332 266775 1107523 42 14 24 20  0  0
47 22  70368 114591940 2399624 60239424    0    0 1315792 860708 268693 1122891 42 15 24 19  0  0
38 31  70368 114574564 2399624 60239448    0    0 1251552 815856 256143 1059881 39 14 25 22  0  0
45 25  70368 114571320 2399624 60239476    0    0 1353360 896476 277272 1159870 44 15 23 18  0  0
39 30  70368 114565560 2399624 60239496    0    0 1329072 882544 274587 1145200 43 15 24 18  0  0
53 19  70368 114575652 2399624 60239524    0    0 1347936 891432 275769 1154890 44 15 23 18  0  0
37 39  70368 114595980 2399624 60239552    0    0 1348288 895520 275276 1155292 43 14 25 19  0  0
procs -----------memory---------- ---swap-- -----io---- -system-- -------cpu-------
 r  b   swpd   free   buff  cache   si   so    bi    bo   in   cs us sy id wa st gu
46 28  70368 114585644 2399624 60239660    0    0 1351488 898324 277488 1164731 44 15 23 18  0  0
55 17  70368 114588276 2399624 60239692    0    0 1361792 893832 278485 1165169 44 15 23 18  0  0
45 39  70368 114567492 2399624 60239720    0    0 1348064 895884 277615 1159836 44 15 23 18  0  0
41 28  70368 114580156 2399624 60239744    0    0 1350960 882380 276990 1161400 44 15 23 18  0  0
33 37  70368 114583440 2399624 60239772    0    0 1339232 888196 276638 1153272 43 15 24 18  0  0
41 27  70368 114577816 2399624 60239788    0    0 1303680 853716 269243 1109916 41 14 24 20  0  0
43 27  70368 114579288 2399624 60239816    0    0 1213120 792472 248454 1020261 38 13 26 23  0  0
41 44  70368 114560940 2399624 60239844    0    0 1340960 887196 278655 1154415 44 16 23 18  0  0
40 27  70368 114570564 2399624 60239876    0    0 1340960 889660 275180 1151065 43 14 24 19  0  0
54 19  70368 114593752 2399624 60239896    0    0 1358832 889972 276329 1160838 43 14 24 19  0  0
32 44  70368 114594756 2399632 60239908    0    0 1344064 885492 276191 1152008 44 16 23 18  0  0
48 25  70368 114589208 2399632 60239984    0    0 1355904 882404 278419 1165655 44 15 23 18  0  0
47 18  70368 114561228 2399632 60240012    0    0 1354608 902932 279401 1167423 44 16 23 18  0  0
47 24  70368 114556640 2399636 60240044    0    0 1346304 899336 277986 1160799 44 15 23 18  0  0
46 41  70368 114572408 2399636 60240068    0    0 1357280 899072 279117 1167697 44 16 23 18  0  0
47 26  70368 114585712 2399636 60240088    0    0 1354000 903184 277939 1163629 44 15 23 18  0  0
57 15  70368 114570404 2399636 60240112    0    0 1353200 890316 278069 1162138 44 15 24 17  0  0
29 57  70368 114582396 2399636 60240148    0    0 1217888 782888 247609 1022226 38 13 26 23  0  0
41 23  70368 114577744 2399636 60240168    0    0 1318224 865412 267445 1122232 41 13 25 21  0  0
32 43  70368 114594244 2399636 60240184    0    0 1195008 793132 248006 1013078 37 12 27 23  0  0
52 31  70368 114606068 2399636 60240208    0    0 1213776 794348 248758 1025614 38 13 26 23  0  0
procs -----------memory---------- ---swap-- -----io---- -system-- -------cpu-------
 r  b   swpd   free   buff  cache   si   so    bi    bo   in   cs us sy id wa st gu
41 30  70368 114602196 2399636 60240236    0    0 1216464 795728 249965 1027930 38 13 26 23  0  0
34 43  70368 114604740 2399636 60240264    0    0 1220576 800320 249491 1029892 38 13 26 23  0  0
44 27  70368 114592220 2399636 60240292    0    0 1227728 795004 250144 1031273 38 13 26 23  0  0
35 44  70368 114594648 2399636 60240316    0    0 1223936 800876 250101 1033323 38 13 26 23  0  0
40 27  70368 114609376 2399636 60240344    0    0 1211760 783420 250587 1022450 38 13 26 23  0  0
48 22  70368 114605656 2399636 60240364    0    0 1253920 818512 259468 1063033 40 14 25 21  0  0
48 21  70368 114615788 2399636 60240388    0    0 1300912 854556 265841 1111495 41 13 25 21  0  0
42 28  70368 114597832 2399636 60240416    0    0 1325712 868996 271001 1130369 43 15 23 19  0  0
44 27  70368 114586456 2399636 60240440    0    0 1284096 838520 262570 1093697 41 14 25 20  0  0
46 31  70368 114572632 2399636 60240464    0    0 1277360 833356 262568 1088254 41 14 25 20  0  0
49 20  70368 114567436 2399636 60240492    0    0 1302656 866340 269642 1116848 41 15 24 20  0  0
44 39  70368 114566348 2399636 60240516    0    0 1321936 874724 272029 1133029 43 15 23 19  0  0
40 34  70368 114590336 2399636 60240536    0    0 1316368 869792 272056 1130073 42 15 24 19  0  0
42 28  70368 114574672 2399636 60240564    0    0 1317056 871220 273089 1133914 42 15 24 19  0  0
53 20  70368 114561608 2399636 60240588    0    0 1314880 866576 271232 1126193 42 15 24 19  0  0
48 27  70368 114568880 2399636 60240612    0    0 1318784 872180 270174 1128449 41 14 25 20  0  0
50 20  70368 114580072 2399636 60240636    0    0 1330080 879372 271833 1137162 43 14 24 19  0  0
35 50  70368 114588972 2399640 60240656    0    0 1328592 881364 275077 1145378 43 15 24 19  0  0
48 25  70368 114592320 2399640 60240692    0    0 1326368 876896 272528 1135108 43 15 23 19  0  0
53 18  70368 114592896 2399640 60240712    0    0 1322992 867636 272846 1135781 43 15 23 19  0  0
32 36  70368 114582692 2399640 60240740    0    0 1296688 854408 266220 1106394 41 14 24 20  0  0
procs -----------memory---------- ---swap-- -----io---- -system-- -------cpu-------
 r  b   swpd   free   buff  cache   si   so    bi    bo   in   cs us sy id wa st gu
54 25  70368 114587264 2399640 60240764    0    0 1242768 807004 254686 1054219 39 13 27 21  0  0
53 20  70368 114591052 2399640 60240796    0    0 1323840 872928 272268 1136561 42 15 24 19  0  0
46 24  70368 114591036 2399640 60240820    0    0 1317024 869932 273011 1131935 43 15 24 19  0  0
53 22  70368 114581340 2399640 60240844    0    0 1326016 885208 272543 1140568 43 14 24 19  0  0
36 44  70368 114595704 2399640 60240868    0    0 1325392 881692 271840 1137987 42 14 25 20  0  0
40 33  70368 114584700 2399640 60240888    0    0 1311664 868364 271160 1124829 42 15 24 19  0  0
38 31  70368 114577092 2399648 60240900    0    0 1320752 877968 272487 1135050 43 15 24 19  0  0
37 33  70368 114573540 2399648 60240936    0    0 1327728 875480 272142 1135027 43 15 24 19  0  0
45 31  70368 114579280 2399648 60240972    0    0 1323072 879560 272419 1136975 43 15 24 19  0  0
47 24  70368 114590016 2399648 60240992    0    0 1326816 878176 273654 1139668 42 15 24 19  0  0
35 49  70368 114579996 2399648 60241016    0    0 1311920 876192 270913 1130163 42 15 24 19  0  0
39 45  70368 114576008 2399648 60241048    0    0 1294672 850896 266066 1103164 41 14 24 20  0  0
39 38  70368 114565184 2399648 60241068    0    0 1253504 818964 256752 1064181 40 13 25 22  0  0
41 37  70368 114580296 2399648 60241096    0    0 1326448 872032 270082 1130693 41 13 25 20  0  0
44 28  70368 114590396 2399648 60241116    0    0 1335568 879352 271979 1136759 42 15 24 19  0  0
53 19  70368 114595712 2399648 60241136    0    0 1327008 872640 271572 1132390 43 15 24 19  0  0
45 27  70368 114593032 2399648 60241164    0    0 1316192 873544 270849 1130307 42 15 24 19  0  0
42 28  70368 114595328 2399648 60241196    0    0 1316112 863984 270715 1130656 42 15 24 19  0  0
50 22  70368 114567232 2399648 60241288    0    0 1328960 874436 273323 1141556 43 15 24 19  0  0
53 19  70368 114568500 2399648 60241316    0    0 1328480 872140 272696 1139132 43 15 23 19  0  0
42 27  70368 114581924 2399648 60241340    0    0 1328528 875996 272550 1136866 43 15 24 19  0  0
procs -----------memory---------- ---swap-- -----io---- -system-- -------cpu-------
 r  b   swpd   free   buff  cache   si   so    bi    bo   in   cs us sy id wa st gu
53 18  70368 114568608 2399652 60241360    0    0 1323600 868656 272318 1139316 43 15 24 19  0  0
48 21  70368 114584452 2399652 60241400    0    0 1314080 867844 269842 1122722 41 14 25 20  0  0
46 27  70368 114611884 2399652 60241416    0    0 1289216 850472 263540 1098723 41 13 25 21  0  0
49 22  70368 114582120 2399652 60241440    0    0 1286448 842220 263985 1100041 41 14 25 20  0  0
49 23  70368 114599708 2399652 60241468    0    0 1327984 873644 273145 1139761 43 15 24 19  0  0
48 26  70368 114574556 2399652 60241492    0    0 1329040 877880 274059 1146227 43 15 24 18  0  0
35 40  70368 114571048 2399652 60241528    0    0 1321088 875516 272270 1134829 43 15 24 19  0  0
43 28  70368 114592552 2399652 60241552    0    0 1324320 868596 272930 1136397 42 15 24 19  0  0
40 30  70368 114582088 2399652 60241580    0    0 1309552 873728 270756 1127905 42 15 24 19  0  0
53 19  70368 114590132 2399652 60241596    0    0 1325584 876756 272052 1136509 42 15 24 19  0  0
39 37  70368 114585356 2399656 60241632    0    0 1321600 875916 271931 1134193 42 15 24 19  0  0
48 22  70368 114587032 2399656 60241656    0    0 1326144 873640 270459 1132742 42 13 25 20  0  0
49 24  70368 114591120 2399656 60241676    0    0 1312096 862092 271212 1124015 42 15 24 19  0  0
46 30  70368 114586328 2399656 60241700    0    0 1318624 868528 271552 1132225 42 15 24 19  0  0
36 37  70368 114583192 2399656 60241724    0    0 1289360 848208 265792 1104139 41 14 25 20  0  0
44 27  70368 114575652 2399656 60241752    0    0 1277728 842112 261600 1090099 41 14 25 21  0  0
54 20  70368 114588904 2399656 60241780    0    0 1332848 874456 273189 1142588 43 15 23 19  0  0
44 27  70368 114578984 2399656 60241808    0    0 1326864 877688 273261 1138758 43 15 24 19  0  0
48 23  70368 114572352 2399656 60241832    0    0 1311088 865552 272335 1120607 42 15 24 19  0  0
52 27  70368 114564512 2399656 60241860    0    0 1318576 877728 273642 1138895 42 15 24 18  0  0
41 28  70368 114581252 2399656 60241892    0    0 1325808 871800 270707 1127702 41 14 25 20  0  0
procs -----------memory---------- ---swap-- -----io---- -system-- -------cpu-------
 r  b   swpd   free   buff  cache   si   so    bi    bo   in   cs us sy id wa st gu
35 32  70368 114592092 2399656 60241912    0    0 1325552 873096 271539 1135045 43 14 24 19  0  0
47 33  70368 114585764 2399656 60241936    0    0 1325744 873728 273340 1141592 43 15 23 19  0  0
59 15  70368 114579088 2399656 60241960    0    0 1325584 872580 271880 1132539 42 15 24 19  0  0
57 13  70368 114576956 2399656 60241980    0    0 1311792 862100 270421 1129155 42 15 24 19  0  0
50 24  70368 114580792 2399656 60242012    0    0 1321920 875872 272022 1134652 42 15 24 19  0  0
38 41  70368 114569264 2399656 60242040    0    0 1306112 860828 267102 1116341 42 15 24 20  0  0
42 25  70368 114573796 2399656 60242064    0    0 1259328 836548 259722 1076619 40 14 25 21  0  0
51 20  70368 114559956 2399656 60242092    0    0 1326128 868540 272657 1136971 43 15 24 19  0  0
44 26  70368 114571400 2399656 60242120    0    0 1327808 875872 271414 1135526 42 14 24 19  0  0
47 33  70368 114579020 2399656 60242144    0    0 1333584 878352 272267 1138577 42 14 24 19  0  0
56 17  70368 114576856 2399656 60242164    0    0 1322720 873928 271615 1132979 42 15 24 19  0  0
42 34  70368 114574852 2399656 60242192    0    0 1316768 872980 270712 1133246 42 15 24 19  0  0
55 18  70368 114595756 2399656 60242216    0    0 1315728 871032 271001 1125814 42 15 24 19  0  0
53 21  70368 114580932 2399656 60242236    0    0 1301280 859016 269582 1118187 42 14 25 19  0  0
47 33  70368 114583592 2399656 60242264    0    0 1334192 888636 274943 1149785 43 15 23 18  0  0
50 20  70368 114596836 2399656 60242288    0    0 1342400 886300 276616 1154137 44 15 23 18  0  0
48 24  70368 114576596 2399656 60242320    0    0 1344960 895928 281064 1155311 43 15 24 17  0  0
46 24  70368 114572488 2399656 60242344    0    0 1325088 880468 272694 1139181 43 15 24 18  0  0
30  5  70368 114587884 2399656 60242368    0    0 1284992 853776 268262 1089034 40 13 26 22  0  0
47 24  70368 114598964 2399660 60242392    0    0 1344224 889304 281140 1153407 44 15 23 18  0  0
43 29  70368 114583300 2399660 60242420    0    0 1355120 897600 279235 1170120 44 16 23 17  0  0
procs -----------memory---------- ---swap-- -----io---- -system-- -------cpu-------
 r  b   swpd   free   buff  cache   si   so    bi    bo   in   cs us sy id wa st gu
43 27  70368 114576720 2399660 60242452    0    0 1357072 892140 279228 1169327 44 16 23 17  0  0
55 18  70368 114580492 2399660 60242476    0    0 1348160 892420 277379 1161192 44 16 23 17  0  0
41 32  70368 114568464 2399660 60242500    0    0 1328640 887528 274719 1144395 43 15 23 18  0  0
46 27  70368 114579780 2399660 60242528    0    0 1334912 890240 275305 1147550 43 15 23 18  0  0
52 25  70368 114579888 2399660 60242552    0    0 1348912 885104 277043 1160411 44 16 23 18  0  0
41 27  70368 114561412 2399660 60242588    0    0 1353040 891472 277336 1162119 44 15 23 18  0  0
37 44  70368 114571840 2399660 60242608    0    0 1355072 908704 278184 1166631 43 15 24 18  0  0
62 13  70368 114595652 2399660 60242624    0    0 1360000 893816 278401 1166546 44 15 23 18  0  0
37 39  70368 114605368 2399660 60242644    0    0 1277344 833860 260463 1082892 41 14 24 21  0  0
45 29  70368 114594136 2399660 60242664    0    0 1339952 882860 274818 1149377 43 15 23 18  0  0
40 35  70368 114578972 2399660 60242692    0    0 1356448 899280 277570 1165381 44 15 23 18  0  0
45 33  70368 114573904 2399660 60242716    0    0 1356032 896636 278374 1168476 44 15 23 18  0  0
53 20  70368 114596784 2399660 60242744    0    0 1352656 889820 278297 1170967 44 15 23 17  0  0
47 23  70368 114593920 2399664 60242768    0    0 1336432 892284 276025 1148084 43 15 23 18  0  0
38 31  70368 114588376 2399664 60242796    0    0 1334528 887152 275673 1150158 43 15 24 18  0  0
64 14  70368 114589884 2399664 60242888    0    0 1343744 885680 276384 1156475 43 15 24 18  0  0
50 31  70368 114597972 2399664 60242916    0    0 1363088 908796 277913 1167168 43 14 24 19  0  0
58 17  70368 114582280 2399664 60242932    0    0 1359344 892812 279021 1168887 44 15 23 18  0  0
50 38  70368 114584528 2399664 60242956    0    0 1358928 896176 278771 1167575 43 16 24 18  0  0
34 20  70368 114590672 2399664 60242980    0    0 1344144 898912 276962 1156918 43 15 23 18  0  0
45 20  70368 114590024 2399664 60243004    0    0 1252016 822004 256506 1063388 40 14 26 21  0  0
procs -----------memory---------- ---swap-- -----io---- -system-- -------cpu-------
 r  b   swpd   free   buff  cache   si   so    bi    bo   in   cs us sy id wa st gu
44 37  70368 114594788 2399664 60243028    0    0 1357088 896280 279186 1167814 44 15 23 17  0  0
44 30  70368 114594408 2399664 60243052    0    0 1356320 897840 278697 1167995 44 16 23 18  0  0
55 16  70368 114574516 2399664 60243080    0    0 1353824 898500 278533 1166731 44 15 23 18  0  0
38 32  70368 114570144 2399664 60243104    0    0 1350928 890304 277704 1162320 44 15 23 18  0  0
43 26  70368 114582900 2399664 60243128    0    0 1337280 882372 273971 1149558 42 14 25 19  0  0
42 40  70368 114611524 2399664 60243148    0    0 1357328 893064 276819 1160428 44 14 23 18  0  0
48 31  70368 114598328 2399664 60243172    0    0 1352064 891616 277909 1163267 44 15 23 18  0  0
51 21  70368 114583748 2399664 60243196    0    0 1359520 896316 276573 1158134 44 15 23 18  0  0
42 24  70368 114574540 2399664 60243224    0    0 1354416 899724 277994 1161179 44 15 23 18  0  0
40 35  70368 114571384 2399664 60243260    0    0 1358112 888228 277360 1160972 44 15 23 18  0  0
43 36  70368 114565440 2399664 60243284    0    0 1358016 889520 277964 1168056 44 15 23 18  0  0
42 45  70368 114576324 2399664 60243316    0    0 1270576 834412 259121 1072701 40 14 25 22  0  0
53 18  70368 114582040 2399664 60243340    0    0 1356528 890560 278044 1163661 44 16 23 18  0  0
38 46  70368 114564420 2399664 60243360    0    0 1333920 878124 271198 1136781 42 14 24 19  0  0
54 16  70368 114575216 2399664 60243384    0    0 1306272 847736 263965 1102790 41 13 25 21  0  0
53 25  70368 114592940 2399664 60243408    0    0 1341264 890160 276524 1154613 43 15 23 18  0  0
48 22  70368 114595428 2399664 60243436    0    0 1328864 894696 275033 1147703 43 15 23 19  0  0
59 19  70368 114590184 2399664 60243456    0    0 1345056 884720 276792 1154771 44 15 24 18  0  0
48 20  70368 114555496 2399664 60243480    0    0 1352944 895328 279772 1165386 44 16 23 18  0  0
52 19  70368 114557704 2399664 60243512    0    0 1362480 898272 279359 1166361 44 15 23 18  0  0
49 30  70368 114572508 2399664 60243540    0    0 1347232 895616 277826 1162488 44 15 23 18  0  0
procs -----------memory---------- ---swap-- -----io---- -system-- -------cpu-------
 r  b   swpd   free   buff  cache   si   so    bi    bo   in   cs us sy id wa st gu
46 30  70368 114574396 2399664 60243564    0    0 1351440 894524 277295 1158259 44 15 23 18  0  0
46 37  70368 114573572 2399664 60243584    0    0 1350960 892520 276701 1159086 44 15 23 18  0  0
53 22  70368 114567152 2399664 60243624    0    0 1276672 825124 259561 1080985 40 12 26 22  0  0
28 46  70368 114563192 2399664 60243636    0    0 1291584 856024 264782 1103060 41 14 25 20  0  0
40 29  70368 114567912 2399664 60243664    0    0 1310112 860264 268552 1121059 42 15 24 19  0  0
44 27  70368 114588828 2399664 60243684    0    0 1340048 887468 275374 1151901 43 15 23 18  0  0
50 29  70368 114590008 2399664 60243708    0    0 1345760 887340 276763 1157185 44 15 23 18  0  0
45 24  70368 114595712 2399664 60243732    0    0 1341520 887896 275713 1150953 43 15 23 18  0  0
50 24  70368 114567612 2399664 60243764    0    0 1352336 897196 278465 1163184 44 16 23 17  0  0
49 29  70368 114557520 2399664 60243792    0    0 1357648 889544 278579 1163251 44 16 23 17  0  0
54 23  70368 114581112 2399664 60243816    0    0 1358944 894360 278781 1167929 44 16 23 18  0  0
42 27  70368 114574472 2399664 60243840    0    0 1358496 906160 278032 1167318 43 14 24 18  0  0
36 35  70368 114585208 2399664 60243868    0    0 1358032 902432 277559 1166036 44 14 23 18  0  0
41 27  70368 114571340 2399664 60243888    0    0 1340464 883008 273971 1147771 43 15 23 18  0  0
37 38  70368 114568276 2399664 60243912    0    0 1222112 802704 249411 1031282 38 13 26 23  0  0
46 33  70368 114574876 2399664 60243940    0    0 1306304 856964 269170 1116022 42 15 24 19  0  0
56 19  70368 114570372 2399664 60243968    0    0 1338720 893016 275705 1146544 43 15 23 19  0  0
38 33  70368 114551560 2399664 60243988    0    0 1351440 891608 278390 1162716 44 16 23 18  0  0
49 22  70368 114566348 2399664 60244020    0    0 1347024 890244 277868 1161857 44 16 23 18  0  0
43 26  70368 114560508 2399664 60244040    0    0 1343200 895608 277594 1154063 43 16 23 18  0  0
47 21  70368 114579316 2399664 60244068    0    0 1357584 894072 278341 1169765 44 15 23 18  0  0
procs -----------memory---------- ---swap-- -----io---- -system-- -------cpu-------
 r  b   swpd   free   buff  cache   si   so    bi    bo   in   cs us sy id wa st gu
40 29  70368 114590616 2399664 60244092    0    0 1358000 902140 277175 1166902 44 14 24 19  0  0
57 17  70368 114575244 2399664 60244112    0    0 1359696 892028 278567 1168327 44 16 23 17  0  0
47 25  70368 114550020 2399664 60244140    0    0 1356592 907692 278347 1170192 44 15 23 18  0  0
46 28  70368 114558972 2399664 60244164    0    0 1353856 890472 277824 1160202 44 15 23 18  0  0
41 31  70368 114584004 2399664 60244192    0    0 1234128 808244 251859 1040244 39 13 26 22  0  0
53 19  70368 114583064 2399664 60244228    0    0 1280016 840276 261937 1089162 41 14 25 20  0  0
52 21  70368 114577900 2399664 60244252    0    0 1335008 879376 275042 1147322 43 15 23 18  0  0
41 32  70368 114583268 2399664 60244272    0    0 1346944 885876 277902 1157775 44 15 23 18  0  0
35 39  70368 114560072 2399664 60244296    0    0 1350640 896756 276210 1156165 44 15 23 18  0  0
51 14  70368 114554620 2399664 60244336    0    0 1354416 902324 276820 1163727 43 14 24 19  0  0
60  9  70368 114575968 2399664 60244352    0    0 1340432 880040 275252 1149092 43 15 24 18  0  0
46 23  70368 114578668 2399664 60244372    0    0 1345920 904452 276656 1157917 44 15 23 18  0  0
37 33  70368 114579800 2399664 60244460    0    0 1355088 891708 278946 1163387 44 16 23 18  0  0
43 45  70368 114567280 2399664 60244488    0    0 1345120 891256 282305 1157809 44 16 23 17  0  0
46 28  70368 114568808 2399664 60244516    0    0 1342144 893188 277543 1155182 44 15 23 17  0  0
45 29  70368 114548064 2399664 60244544    0    0 1243760 820132 260234 1054231 39 14 25 22  0  0
45 34  70368 114566940 2399664 60244568    0    0 1313904 872520 270875 1128956 43 15 24 19  0  0
51 21  70368 114583908 2399664 60244596    0    0 1286784 845516 263331 1095434 41 14 24 20  0  0
50 20  70368 114583896 2399664 60244616    0    0 1363552 897024 278548 1168224 43 15 23 18  0  0
44 28  70368 114588204 2399664 60244644    0    0 1356656 894528 277509 1164467 44 14 24 18  0  0
49 28  70368 114580288 2399664 60244664    0    0 1349408 895764 278090 1161976 44 15 23 18  0  0
procs -----------memory---------- ---swap-- -----io---- -system-- -------cpu-------
 r  b   swpd   free   buff  cache   si   so    bi    bo   in   cs us sy id wa st gu
49 23  70368 114553456 2399664 60244688    0    0 1350736 898668 277602 1161015 44 15 23 18  0  0
38 39  70368 114553752 2399664 60244712    0    0 1341744 886008 276694 1151576 43 15 23 18  0  0
69  8  70368 114569760 2399664 60244736    0    0 1352128 888576 277411 1161847 44 15 23 17  0  0
46 34  70368 114574216 2399664 60244764    0    0 1361872 895336 279020 1168736 44 16 23 18  0  0
49 23  70368 114565968 2399664 60244788    0    0 1362304 890936 279223 1170712 44 16 23 17  0  0
44 30  70368 114567104 2399664 60244816    0    0 1262608 832864 258510 1068585 40 14 25 22  0  0
47 30  70368 114567612 2399664 60244840    0    0 1347200 882376 275918 1153809 44 15 23 18  0  0
47 26  70368 114588016 2399664 60244868    0    0 1279200 840288 260014 1085120 40 12 26 22  0  0
49 30  70368 114585260 2399664 60244884    0    0 1336512 885504 274326 1144875 43 15 23 19  0  0
51 21  70368 114585256 2399664 60244920    0    0 1359792 899880 278987 1167825 44 16 23 18  0  0
44 27  70368 114589900 2399664 60244952    0    0 1352704 899528 278656 1164325 44 15 23 18  0  0
52 21  70368 114567408 2399664 60244972    0    0 1355872 896752 277754 1163524 44 15 23 18  0  0
42 33  70368 114579672 2399664 60245004    0    0 1336240 886580 275418 1151811 43 15 24 18  0  0
42 26  70368 114585308 2399664 60245028    0    0 1346464 891864 277653 1160696 44 15 23 18  0  0
51 23  70368 114583132 2399664 60245060    0    0 1357392 892788 278289 1164236 44 16 23 18  0  0
24  3  70368 114565940 2399664 60245088    0    0 1358656 895776 278578 1164887 44 15 23 17  0  0
39 41  70368 114586392 2399664 60245112    0    0 1265776 837188 258631 1071058 39 13 26 22  0  0
50 22  70368 114577776 2399664 60245140    0    0 1350384 881980 276035 1155153 43 14 24 19  0  0
41 32  70368 114569964 2399664 60245152    0    0 1331984 888712 275231 1146461 43 15 24 19  0  0
40 32  70368 114592488 2399664 60245180    0    0 1268160 830996 259433 1077141 40 14 25 21  0  0
39 53  70368 114582556 2399664 60245204    0    0 1345760 894884 276071 1163057 44 15 23 18  0  0
procs -----------memory---------- ---swap-- -----io---- -system-- -------cpu-------
 r  b   swpd   free   buff  cache   si   so    bi    bo   in   cs us sy id wa st gu
52 16  70368 114577108 2399664 60245236    0    0 1358576 899428 279180 1169870 44 15 23 18  0  0
48 20  70368 114578388 2399664 60245264    0    0 1362192 899272 278645 1168046 44 16 23 18  0  0
32 42  70368 114582344 2399664 60245288    0    0 1344496 903604 277952 1161497 44 15 23 18  0  0
43 31  70368 114568268 2399664 60245320    0    0 1335248 884248 274954 1148794 43 15 24 18  0  0
45 24  70368 114555852 2399668 60245344    0    0 1362400 892960 277036 1164574 44 15 23 18  0  0
39 39  70368 114560464 2399668 60245372    0    0 1359168 905124 275671 1158565 43 14 24 19  0  0
34 35  70368 114577384 2399668 60245392    0    0 1271440 831908 260043 1078731 40 14 25 21  0  0
46 25  70368 114587380 2399668 60245416    0    0 1356512 899296 278440 1165879 44 15 23 18  0  0
53 23  70368 114573420 2399668 60245436    0    0 1331568 880356 274661 1144269 43 15 23 18  0  0
59 16  70368 114567064 2399668 60245464    0    0 1350688 894192 277515 1162631 44 15 23 18  0  0
35 35  70368 114564952 2399668 60245484    0    0 1259536 828068 257271 1070846 40 14 25 21  0  0
44 29  70368 114571976 2399668 60245512    0    0 1364992 898208 278145 1170309 44 16 23 18  0  0
50 24  70368 114576452 2399668 60245532    0    0 1359632 897668 278155 1166858 44 15 23 18  0  0
45 26  70368 114565396 2399668 60245560    0    0 1352112 894252 278399 1162838 44 15 23 18  0  0
47 30  70368 114566924 2399668 60245592    0    0 1356320 900108 276798 1160614 43 14 25 18  0  0
55 21  70368 114557624 2399668 60245604    0    0 1347696 892036 276326 1155104 43 15 23 19  0  0
39 27  70368 114544664 2399668 60245624    0    0 1350288 891484 276988 1157446 43 16 23 18  0  0
39 37  70368 114587280 2399668 60245652    0    0 1255216 836416 257059 1062154 39 14 25 22  0  0
47 25  70368 114574140 2399668 60245684    0    0 1351440 897488 278150 1162775 44 15 23 18  0  0
45 26  70368 114576912 2399668 60245712    0    0 1341712 886100 277185 1157952 43 15 23 18  0  0
52 19  70368 114567216 2399668 60245740    0    0 1350448 900604 277961 1164636 43 16 23 18  0  0
procs -----------memory---------- ---swap-- -----io---- -system-- -------cpu-------
 r  b   swpd   free   buff  cache   si   so    bi    bo   in   cs us sy id wa st gu
42 25  70368 114559088 2399668 60245756    0    0 1349392 890020 276922 1160784 44 15 23 18  0  0
45 22  70368 114570120 2399668 60245780    0    0 1267808 836756 260146 1081331 40 14 25 21  0  0
44 23  70368 114557300 2399668 60245808    0    0 1365136 896904 278083 1167579 44 15 23 18  0  0
49 20  70368 114565792 2399668 60245836    0    0 1360816 895032 277679 1167174 44 14 24 18  0  0
48 25  70368 114568060 2399668 60245852    0    0 1358432 904940 279005 1168207 44 16 23 18  0  0
39 38  70368 114571236 2399668 60245876    0    0 1356656 899684 278160 1165373 44 15 23 18  0  0
44 37  70368 114581644 2399668 60245908    0    0 1338176 882568 273920 1139848 43 15 23 19  0  0
47 24  70368 114579476 2399668 60245936    0    0 1259696 822664 257334 1064438 40 14 25 22  0  0
55 15  70368 114567392 2399668 60245968    0    0 1344720 896224 277093 1155953 43 16 23 18  0  0
43 24  70368 114561424 2399668 60246064    0    0 1340688 884696 276198 1151566 43 15 24 18  0  0
55 16  70368 114570972 2399668 60246092    0    0 1354752 898120 278463 1164835 44 15 23 18  0  0
37 40  70368 114565864 2399668 60246116    0    0 1356880 889776 279002 1168538 44 15 23 18  0  0
39 30  70368 114566116 2399668 60246136    0    0 1305472 852728 262877 1105838 40 13 26 21  0  0
40 54  70368 114581676 2399668 60246160    0    0 1331696 870868 272464 1135681 43 15 24 19  0  0
50 26  70368 114561880 2399668 60246188    0    0 1353328 892308 277491 1161209 44 15 23 18  0  0
44 24  70368 114565388 2399668 60246204    0    0 1359616 905644 279633 1167840 44 15 23 18  0  0
45 23  70368 114571476 2399668 60246232    0    0 1356944 901668 277679 1164313 44 15 23 18  0  0
34 33  70368 114555972 2399668 60246260    0    0 1344432 895020 276197 1157678 43 16 23 18  0  0
47 27  70368 114552920 2399668 60246288    0    0 1259456 827344 258470 1069466 40 14 25 22  0  0
49 22  70368 114559160 2399668 60246324    0    0 1351552 886268 277387 1157826 43 15 23 18  0  0
47 39  70368 114570072 2399668 60246340    0    0 1343568 891932 275373 1148077 43 15 23 18  0  0
procs -----------memory---------- ---swap-- -----io---- -system-- -------cpu-------
 r  b   swpd   free   buff  cache   si   so    bi    bo   in   cs us sy id wa st gu
36 38  70368 114580600 2399668 60246364    0    0 1361104 901040 278024 1168626 43 15 24 18  0  0
44 27  70368 114592152 2399668 60246392    0    0 1355680 884340 277835 1165814 44 14 24 18  0  0
50 22  70368 114565764 2399668 60246420    0    0 1351312 898260 277920 1165178 44 16 23 18  0  0
39 33  70368 114566352 2399668 60246456    0    0 1278768 848368 261865 1088152 41 14 25 21  0  0
56 14  70368 114563388 2399668 60246476    0    0 1334336 877276 272898 1140162 43 15 24 19  0  0
50 21  70368 114571372 2399668 60246500    0    0 1360336 897244 278623 1167993 44 15 23 18  0  0
48 23  70368 114549644 2399668 60246524    0    0 1357408 891164 278621 1165259 44 15 23 18  0  0
40 35  70368 114559360 2399668 60246556    0    0 1306816 862092 267529 1114747 42 14 24 20  0  0
52 19  70368 114572864 2399668 60246576    0    0 1293888 854320 265114 1102617 41 14 24 20  0  0
43 29  70368 114564172 2399668 60246600    0    0 1353056 895160 277562 1160413 43 15 23 18  0  0
60 23  70368 114578156 2399668 60246628    0    0 1338192 886720 273155 1144509 43 13 25 19  0  0
39 31  70368 114585288 2399668 60246644    0    0 1351616 897500 278070 1160614 44 15 23 18  0  0
49 21  70368 114572108 2399668 60246676    0    0 1359584 903072 278161 1164279 44 15 23 18  0  0
42 41  70368 114557296 2399668 60246704    0    0 1355680 901248 278636 1167295 44 16 23 18  0  0
49 20  70368 114562640 2399668 60246724    0    0 1341696 890052 277197 1159514 44 15 23 18  0  0
40 33  70368 114574888 2399668 60246752    0    0 1272384 831080 260386 1078542 41 14 25 21  0  0
32 36  70368 114566960 2399668 60246788    0    0 1339680 890440 275529 1153796 44 15 23 18  0  0
49 20  70368 114547684 2399668 60246800    0    0 1358544 891548 279144 1168413 44 16 23 18  0  0
24 63  70368 114552120 2399668 60246828    0    0 1315280 867048 268482 1122079 42 14 24 19  0  0
47 24  70368 114561024 2399668 60246848    0    0 1304944 849752 265017 1110814 41 13 25 21  0  0
43 41  70368 114587900 2399668 60246872    0    0 1336432 892792 275051 1151525 43 15 23 19  0  0
procs -----------memory---------- ---swap-- -----io---- -system-- -------cpu-------
 r  b   swpd   free   buff  cache   si   so    bi    bo   in   cs us sy id wa st gu
52 20  70368 114595684 2399668 60246892    0    0 1348176 889628 278136 1160475 44 15 23 18  0  0
47 23  70368 114573996 2399668 60246912    0    0 1356128 901564 278242 1164610 44 15 23 18  0  0
40 33  70368 114559492 2399668 60246944    0    0 1356992 903452 279288 1171383 44 16 23 17  0  0
39 35  70368 114571744 2399668 60246972    0    0 1359920 899432 278591 1169246 44 16 23 17  0  0
47 42  70368 114577648 2399668 60247012    0    0 1354320 889844 277468 1158891 44 15 23 18  0  0
50 22  70368 114576024 2399672 60247032    0    0 1349328 884180 277712 1163323 44 15 23 18  0  0
55 17  70368 114572580 2399672 60247064    0    0 1266864 833556 260169 1078274 40 14 25 21  0  0
46 26  70368 114568824 2399672 60247088    0    0 1362224 905116 279631 1170329 44 15 23 18  0  0
39 35  70368 114575456 2399672 60247108    0    0 1322032 867672 268537 1127771 42 13 25 20  0  0
50 33  70368 114581132 2399672 60247148    0    0 1293824 848920 264750 1102473 41 14 24 20  0  0
49 24  70368 114562676 2399676 60247168    0    0 1335104 890892 276393 1152948 43 15 23 18  0  0
50 18  70368 114590168 2399676 60247188    0    0 1331888 882396 275077 1142466 43 15 24 19  0  0
53 19  70368 114571548 2399676 60247208    0    0 1351584 903812 278595 1165444 44 16 23 18  0  0
49 23  70368 114559676 2399676 60247236    0    0 1360000 901340 277766 1163587 44 15 23 18  0  0
40 34  70368 114566148 2399676 60247256    0    0 1364224 910992 279622 1169722 44 16 23 18  0  0
50 33  70368 114578256 2399676 60247280    0    0 1360016 901336 278452 1164153 44 15 23 18  0  0
47 24  70368 114584856 2399676 60247308    0    0 1347024 896332 276520 1156973 44 15 23 18  0  0
39 30  70368 114596752 2399676 60247332    0    0 1317056 861620 267500 1124045 41 13 25 21  0  0
53 21  70368 114583940 2399676 60247356    0    0 1312944 857056 268170 1118631 42 14 24 20  0  0
49 26  70368 114570448 2399676 60247376    0    0 1320912 875924 270288 1132265 42 15 24 19  0  0
49 25  70368 114576848 2399676 60247412    0    0 1300624 859164 266407 1105218 41 14 24 20  0  0
procs -----------memory---------- ---swap-- -----io---- -system-- -------cpu-------
 r  b   swpd   free   buff  cache   si   so    bi    bo   in   cs us sy id wa st gu
43 24  70368 114582968 2399676 60247440    0    0 1351200 894368 277074 1162981 44 15 23 18  0  0
47 22  70368 114570332 2399676 60247468    0    0 1347712 893776 276802 1153752 44 15 23 18  0  0
48 28  70368 114568420 2399676 60247500    0    0 1339072 883396 275071 1144380 43 15 23 18  0  0
44 31  70368 114560816 2399676 60247512    0    0 1357488 900412 278411 1167814 44 16 23 18  0  0
42 34  70368 114558476 2399676 60247540    0    0 1358576 888488 278802 1168122 44 16 23 17  0  0
55 18  70368 114585880 2399676 60247564    0    0 1359600 906624 277997 1163514 43 14 24 19  0  0
47 29  70368 114595068 2399676 60247676    0    0 1358992 895668 276919 1162581 43 15 24 18  0  0
56 18  70368 114578516 2399676 60247712    0    0 1354144 899404 277959 1165642 44 15 23 18  0  0
47 27  70368 114593096 2399676 60247724    0    0 1301872 854024 265494 1107430 42 14 24 20  0  0
47 27  70368 114587012 2399676 60247764    0    0 1252736 821764 255750 1060638 40 14 25 22  0  0
46 28  70368 114573392 2399676 60247784    0    0 1331488 890244 272968 1141340 43 15 24 19  0  0
48 27  70368 114569512 2399676 60247812    0    0 1346080 898180 277190 1161803 43 15 23 18  0  0
48 32  70368 114568940 2399676 60247832    0    0 1349520 892328 276985 1157946 43 15 23 18  0  0
42 26  70368 114590744 2399676 60247852    0    0 1267136 837308 260304 1081593 40 14 25 21  0  0
41 30  70368 114590004 2399676 60247876    0    0 1224672 799968 249456 1032832 38 12 26 23  0  0
35 44  70368 114597232 2399676 60247908    0    0 1243280 816968 251738 1043225 38 12 26 24  0  0
52 23  70368 114578656 2399676 60247928    0    0 1235440 797404 251991 1044072 39 13 26 23  0  0
57 18  70368 114581728 2399676 60247956    0    0 1234208 809468 251602 1042252 39 13 26 23  0  0
50 25  70368 114584704 2399676 60247984    0    0 1236560 814004 252182 1046756 39 13 26 22  0  0
45 28  70368 114581660 2399676 60248012    0    0 1234240 804844 252104 1043238 39 13 25 23  0  0
44 29  70368 114574072 2399676 60248032    0    0 1219648 794180 249284 1028634 38 13 26 23  0  0
procs -----------memory---------- ---swap-- -----io---- -system-- -------cpu-------
 r  b   swpd   free   buff  cache   si   so    bi    bo   in   cs us sy id wa st gu
38 29  70368 114554652 2399676 60248056    0    0 1189280 767296 241385 994267 37 12 27 24  0  0
47 31  70368 114559272 2399676 60248092    0    0 1328752 879972 273692 1140233 43 15 23 19  0  0
35 36  70368 114564092 2399676 60248104    0    0 1321984 875892 273684 1139471 42 15 24 19  0  0
25 48  70368 114574352 2399676 60248132    0    0 1339456 882036 272676 1144523 42 13 25 20  0  0
45 24  70368 114587548 2399676 60248148    0    0 1328336 874496 273640 1137931 43 15 24 19  0  0
36 35  70368 114589532 2399676 60248188    0    0 1306336 870064 268663 1117443 42 15 24 20  0  0
57 21  70368 114573816 2399676 60248208    0    0 1328880 875100 273258 1142938 43 15 24 19  0  0
36 41  70368 114570024 2399676 60248228    0    0 1320976 880548 272596 1136766 43 15 24 19  0  0
37 36  70368 114563704 2399676 60248252    0    0 1334240 871364 273200 1141999 43 15 23 19  0  0
48 26  70368 114566716 2399676 60248280    0    0 1333040 880136 274009 1145668 43 15 23 19  0  0
36 39  70368 114579904 2399676 60248300    0    0 1288224 845708 264367 1098948 41 14 25 20  0  0
55 17  70368 114556716 2399676 60248332    0    0 1270576 830792 260983 1084226 40 14 25 21  0  0
43 24  70368 114559508 2399676 60248348    0    0 1330224 882392 272748 1143101 42 14 25 20  0  0
46 29  70368 114564640 2399676 60248376    0    0 1309664 877116 270377 1124734 42 14 25 19  0  0
51 20  70368 114581836 2399676 60248400    0    0 1330416 874560 273136 1140938 43 15 24 19  0  0
52 22  70368 114576472 2399676 60248424    0    0 1325296 879696 274277 1140393 43 15 23 19  0  0
40 39  70368 114570900 2399676 60248452    0    0 1320688 879528 272219 1133761 42 15 24 19  0  0
40 41  70368 114572328 2399676 60248484    0    0 1304944 863480 270169 1121718 42 15 25 19  0  0
36 35  70368 114575400 2399676 60248516    0    0 1322464 878364 272263 1132728 42 15 24 19  0  0
56 29  70368 114578516 2399676 60248540    0    0 1324896 871672 272639 1134657 43 15 24 19  0  0
46 26  70368 114567104 2399676 60248572    0    0 1329568 884964 273842 1143118 43 15 24 19  0  0
procs -----------memory---------- ---swap-- -----io---- -system-- -------cpu-------
 r  b   swpd   free   buff  cache   si   so    bi    bo   in   cs us sy id wa st gu
43 23  70368 114568648 2399676 60248588    0    0 1279376 838380 259498 1083229 40 13 26 21  0  0
45 23  70368 114582444 2399676 60248616    0    0 1293248 849560 263746 1100944 41 13 25 21  0  0
46 32  70368 114579240 2399676 60248636    0    0 1319472 878436 271460 1135664 42 15 24 19  0  0
33 41  70368 114577304 2399676 60248648    0    0 1311296 870684 269884 1125208 42 15 24 19  0  0
41 32  70368 114584592 2399676 60248676    0    0 1325504 876172 272701 1141089 43 15 23 19  0  0
54 20  70368 114586892 2399676 60248696    0    0 1326112 878088 274042 1145538 43 15 24 19  0  0
61 14  70368 114568200 2399676 60248728    0    0 1318496 874868 272234 1133952 42 15 24 19  0  0
41 29  70368 114569392 2399676 60248760    0    0 1316032 878388 271734 1134756 42 15 24 19  0  0
38 50  70368 114572660 2399676 60248784    0    0 1312768 869104 271083 1127593 42 15 24 19  0  0
43 29  70368 114583588 2399676 60248808    0    0 1322944 879996 272329 1136306 42 15 24 19  0  0
50 24  70368 114581464 2399676 60248832    0    0 1335616 877124 272184 1141748 42 14 25 20  0  0
37 44  70368 114573504 2399676 60248852    0    0 1299152 857964 266594 1112633 41 15 24 20  0  0
45 24  70368 114570716 2399676 60248904    0    0 1264128 835232 259988 1078266 40 14 25 21  0  0
48 23  70368 114600480 2399676 60248912    0    0 1322656 873480 272576 1138588 43 15 24 19  0  0
44 26  70368 114596032 2399676 60248932    0    0 1318800 879328 271902 1131763 42 15 24 19  0  0
49 21  70368 114577356 2399676 60248976    0    0 1324176 881252 273503 1141637 42 15 24 19  0  0
30 52  70368 114563444 2399676 60248988    0    0 1330656 868300 272037 1135335 43 15 24 19  0  0
48 23  70368 114574604 2399676 60249020    0    0 1333936 882948 273777 1142435 43 15 24 18  0  0
45 33  70368 114572368 2399676 60249036    0    0 1323232 881212 272991 1139538 42 15 24 19  0  0
39 27  70368 114591588 2399676 60249060    0    0 1325632 880884 271357 1137734 42 14 25 20  0  0
44 31  70368 114596968 2399676 60249096    0    0 1323280 870568 271562 1131647 42 14 24 19  0  0
procs -----------memory---------- ---swap-- -----io---- -system-- -------cpu-------
 r  b   swpd   free   buff  cache   si   so    bi    bo   in   cs us sy id wa st gu
49 29  70368 114594984 2399676 60249124    0    0 1322128 875476 272991 1135830 42 15 24 19  0  0
40 29  70368 114595844 2399676 60249136    0    0 1311760 869232 270274 1129284 42 15 24 19  0  0
50 25  70368 114578416 2399676 60249168    0    0 1249264 819212 255995 1059133 39 13 25 22  0  0
33 44  70368 114560292 2399676 60249276    0    0 1325984 870544 271891 1134955 42 15 24 19  0  0
43 28  70368 114557048 2399676 60249288    0    0 1310352 862148 270753 1125758 42 15 24 19  0  0
46 30  70368 114576032 2399676 60249332    0    0 1321904 879128 272635 1138155 43 15 24 19  0  0
40 34  70368 114575412 2399676 60249340    0    0 1326944 889636 272988 1141714 43 15 24 19  0  0
57 20  70368 114569100 2399676 60249360    0    0 1346656 891724 275606 1155268 42 14 24 19  0  0
33 35  70368 114585628 2399676 60249380    0    0 1361728 902568 278733 1169129 44 14 24 18  0  0
41 29  70368 114569712 2399676 60249424    0    0 1345648 900112 275250 1154156 44 15 23 18  0  0
45 23  70368 114565192 2399676 60249440    0    0 1355920 893772 278442 1165134 44 16 23 18  0  0
47 23  70368 114578488 2399676 60249472    0    0 1349280 903316 277991 1163371 44 15 23 18  0  0
51 21  70368 114572216 2399676 60249480    0    0 1300912 855760 265803 1111950 42 14 24 20  0  0
55 18  70368 114575768 2399676 60249528    0    0 1307744 863692 268069 1115510 42 14 24 20  0  0
50 21  70368 114557608 2399676 60249548    0    0 1353360 899356 278138 1161130 44 16 23 18  0  0
52 19  70368 114548432 2399676 60249568    0    0 1341744 889372 275062 1150791 43 15 23 19  0  0
43 23  70368 114563796 2399676 60249592    0    0 1346032 898932 276269 1156200 43 15 23 18  0  0
41 30  70368 114573168 2399676 60249624    0    0 1367264 905196 278059 1172483 43 14 24 19  0  0
37 32  70368 114585460 2399676 60249636    0    0 1359264 900664 278414 1166298 44 15 23 18  0  0
47 27  70368 114578812 2399676 60249672    0    0 1355776 895188 277946 1166581 44 15 23 18  0  0
44 25  70368 114581424 2399676 60249684    0    0 1352912 898532 278908 1167782 44 15 23 18  0  0
procs -----------memory---------- ---swap-- -----io---- -system-- -------cpu-------
 r  b   swpd   free   buff  cache   si   so    bi    bo   in   cs us sy id wa st gu
52 17  70368 114555528 2399676 60249720    0    0 1354752 891888 277995 1164743 44 15 23 18  0  0
44 29  70368 114560740 2399676 60249744    0    0 1342592 885228 276396 1154752 44 15 23 18  0  0
44 26  70368 114560496 2399676 60249772    0    0 1299232 861916 265944 1107340 41 14 25 20  0  0
48 27  70368 114585508 2399676 60249800    0    0 1308352 859632 268112 1115620 42 15 24 20  0  0
34 35  70368 114579932 2399676 60249836    0    0 1349984 891104 276793 1160778 44 15 23 18  0  0
46 24  70368 114584824 2399676 60249856    0    0 1349952 897548 276107 1161450 43 14 24 19  0  0
38 39  70368 114576256 2399676 60249876    0    0 1346096 903204 292703 1163048 43 15 24 18  0  0
43 28  70368 114565332 2399676 60249884    0    0 1352416 897164 277190 1164122 44 15 23 18  0  0
48 24  70368 114548776 2399676 60249912    0    0 1360784 898380 278496 1169281 44 15 23 18  0  0
40 33  70368 114560892 2399676 60249944    0    0 1350992 904960 278282 1164870 44 16 23 18  0  0
52 19  70368 114575328 2399676 60249972    0    0 1348848 893744 278004 1161163 44 15 23 18  0  0
33 43  70368 114584584 2399676 60250000    0    0 1360528 902952 280351 1172831 44 16 23 17  0  0
50 21  70368 114578548 2399676 60250024    0    0 1356080 887364 282249 1166796 44 15 23 18  0  0
47 31  70368 114580816 2399676 60250044    0    0 1258048 819768 266318 1070129 40 14 25 22  0  0
46 24  70368 114572516 2399676 60250076    0    0 1339264 887740 283765 1151212 43 15 24 19  0  0
51 23  70368 114585484 2399676 60250096    0    0 1347568 888260 285043 1154799 43 14 24 19  0  0
46 26  70368 114570844 2399676 60250120    0    0 1352640 884364 287527 1160677 44 15 23 18  0  0
49 24  70368 114589912 2399676 60250144    0    0 1353712 884640 289587 1162683 44 16 23 18  0  0
48 24  70368 114572012 2399676 60250180    0    0 1348928 893336 289116 1159698 44 16 23 18  0  0
42 41  70368 114557984 2399676 60250200    0    0 1348704 896052 289412 1158256 44 15 23 18  0  0
52 20  70368 114539396 2399676 60250248    0    0 1350400 891232 287088 1157128 43 16 23 18  0  0
procs -----------memory---------- ---swap-- -----io---- -system-- -------cpu-------
 r  b   swpd   free   buff  cache   si   so    bi    bo   in   cs us sy id wa st gu
42 35  70368 114550420 2399676 60250256    0    0 1357376 890024 290017 1162645 44 16 23 18  0  0
41 32  70368 114557976 2399676 60250280    0    0 1359104 890900 282136 1162872 44 16 23 18  0  0
45 24  70368 114555824 2399676 60250320    0    0 1357296 888352 278445 1164800 44 15 23 18  0  0
42 36  70368 114566596 2399676 60250348    0    0 1262000 824684 257203 1067505 39 12 26 23  0  0
45 25  70368 114568836 2399676 60250368    0    0 1342192 878728 275497 1147470 43 15 24 19  0  0
48 27  70368 114573424 2399676 60250388    0    0 1341280 875744 275868 1142103 43 15 23 19  0  0
46 26  70368 114582656 2399676 60250408    0    0 1351968 887660 277283 1157753 44 15 23 18  0  0
56 18  70368 114555720 2399676 60250420    0    0 1354432 887868 278728 1160559 44 15 23 18  0  0
41 30  70368 114564600 2399676 60250460    0    0 1361088 899424 279538 1165359 44 15 23 18  0  0
51 24  70368 114567244 2399676 60250484    0    0 1350096 892436 278550 1157806 44 15 23 18  0  0
50 21  70368 114558528 2399676 60250520    0    0 1350976 896640 278057 1161078 44 15 23 18  0  0
44 31  70368 114572880 2399676 60250540    0    0 1357024 894540 278942 1161349 44 15 23 18  0  0
42 33  70368 114584916 2399676 60250556    0    0 1363056 890796 278441 1166040 44 15 24 18  0  0
46 24  70368 114587196 2399676 60250580    0    0 1368352 898880 279504 1166825 44 15 24 18  0  0
47 22  70368 114585880 2399676 60250604    0    0 1256288 816932 256898 1060779 39 13 25 22  0  0
50 26  70368 114566704 2399676 60250632    0    0 1350448 889652 277955 1160011 44 16 23 18  0  0
35 35  70368 114552236 2399676 60250656    0    0 1332912 874644 274619 1141241 42 15 24 18  0  0
42 28  70368 114564392 2399676 60250688    0    0 1356288 888628 277629 1158376 44 15 23 18  0  0
47 24  70368 114555856 2399676 60250720    0    0 1356016 895156 279534 1163983 44 16 23 18  0  0
56 17  70368 114568860 2399676 60250740    0    0 1361168 892944 278813 1164111 44 16 23 17  0  0
51 25  70368 114571380 2399676 60250760    0    0 1359232 884120 278520 1161793 44 15 23 18  0  0
procs -----------memory---------- ---swap-- -----io---- -system-- -------cpu-------
 r  b   swpd   free   buff  cache   si   so    bi    bo   in   cs us sy id wa st gu
45 32  70368 114561564 2399676 60250864    0    0 1353936 885512 276316 1152746 43 15 23 18  0  0
50 24  70368 114574676 2399676 60250876    0    0 1371056 892052 278959 1171295 43 14 24 18  0  0
50 20  70368 114573316 2399676 60250904    0    0 1361136 889104 279500 1165110 44 15 23 18  0  0
41 30  70368 114580752 2399676 60250940    0    0 1326560 868336 270610 1126893 43 15 24 19  0  0
50 22  70368 114571876 2399676 60250948    0    0 1306352 843436 266490 1106637 42 14 24 20  0  0
39 27  70368 114543208 2399676 60250980    0    0 1356400 876964 278163 1156197 44 15 23 18  0  0
45 25  70368 114544948 2399676 60250996    0    0 1336448 869120 273781 1137026 43 15 23 19  0  0
38 39  70368 114571676 2399676 60251024    0    0 1353216 889572 277765 1153276 43 16 23 18  0  0
47 31  70368 114572264 2399676 60251048    0    0 1360144 883572 278291 1160060 44 16 23 18  0  0
58 23  70368 114561744 2399676 60251088    0    0 1357184 895476 278327 1158474 44 15 23 18  0  0
37 37  70368 114541760 2399676 60251104    0    0 1365856 895520 278699 1167571 43 14 24 18  0  0
49 22  70368 114548208 2399676 60251132    0    0 1354720 886348 277811 1157486 43 14 24 18  0  0
42 25  70368 114574164 2399676 60251148    0    0 1344864 889192 276135 1150554 43 15 24 18  0  0
50 23  70368 114569216 2399676 60251184    0    0 1363104 894604 279842 1165307 44 16 23 18  0  0
38 31  70368 114589808 2399676 60251200    0    0 1265200 823912 258676 1073890 40 14 25 21  0  0
46 29  70368 114575928 2399676 60251220    0    0 1341056 886660 276087 1150011 44 15 23 18  0  0
36 34  70368 114555992 2399676 60251256    0    0 1347728 886028 276395 1155450 43 15 23 18  0  0
41 29  70368 114557656 2399676 60251288    0    0 1340256 882132 284647 1148482 43 15 24 18  0  0
42 36  70368 114571300 2399676 60251308    0    0 1339216 882716 286414 1146186 43 15 23 18  0  0
40 32  70368 114566624 2399676 60251336    0    0 1356208 892532 289290 1161576 43 15 24 18  0  0
53 17  70368 114564840 2399676 60251348    0    0 1365888 892168 290371 1165319 44 14 24 18  0  0
procs -----------memory---------- ---swap-- -----io---- -system-- -------cpu-------
 r  b   swpd   free   buff  cache   si   so    bi    bo   in   cs us sy id wa st gu
55 16  70368 114562300 2399676 60251376    0    0 1346048 892024 291098 1160455 44 15 23 18  0  0
38 34  70368 114552920 2399676 60251404    0    0 1350144 887240 289208 1156233 44 15 23 18  0  0
54 18  70368 114547300 2399676 60251432    0    0 1357856 884620 283828 1164884 44 16 23 18  0  0
52 19  70368 114546312 2399676 60251460    0    0 1352720 899724 278136 1162194 44 16 23 18  0  0
47 23  70368 114553804 2399676 60251480    0    0 1196896 770612 242980 1000304 37 13 26 24  0  0
51 21  70368 114535200 2399676 60251500    0    0 1347424 881240 276287 1149211 43 15 23 18  0  0
43 27  70368 114540492 2399676 60251536    0    0 1337728 880896 275680 1143226 43 15 23 19  0  0
46 24  70368 114562288 2399676 60251580    0    0 1356336 885012 277821 1157613 44 15 23 18  0  0
46 21  70368 114577140 2399676 60251584    0    0 1361504 896584 276320 1158683 43 14 25 19  0  0
37 39  70368 114587164 2399676 60251612    0    0 1341360 880640 275502 1143259 43 15 23 19  0  0
47 23  70368 114565012 2399676 60251652    0    0 1359728 884036 279015 1161725 44 15 23 18  0  0
41 28  70368 114561116 2399680 60251676    0    0 1359680 884040 278544 1158134 44 15 23 18  0  0
44 27  70368 114556808 2399680 60251696    0    0 1358288 888276 288972 1163474 44 16 23 18  0  0
42 33  70368 114555340 2399680 60251716    0    0 1358784 897960 292364 1166388 44 16 23 17  0  0
41 26  70368 114563280 2399680 60251760    0    0 1353696 886460 290431 1160251 44 15 23 18  0  0
34 40  70368 114553864 2399680 60251776    0    0 1222912 787216 258927 1024796 38 13 26 23  0  0
42 31  70368 114541192 2399680 60251800    0    0 1298368 859792 278056 1104708 41 14 24 20  0  0
48 29  70368 114565076 2399680 60251824    0    0 1336736 881444 285910 1141733 42 14 26 18  0  0
40 36  70368 114560492 2399680 60251852    0    0 1359456 881596 287837 1158790 43 15 23 18  0  0
46 30  70368 114560460 2399680 60251864    0    0 1345776 889756 290525 1153899 44 15 23 18  0  0
39 32  70368 114553204 2399680 60251900    0    0 1349008 887624 287705 1152902 44 16 23 18  0  0
procs -----------memory---------- ---swap-- -----io---- -system-- -------cpu-------
 r  b   swpd   free   buff  cache   si   so    bi    bo   in   cs us sy id wa st gu
55 16  70368 114568780 2399680 60251924    0    0 1341024 877144 287289 1146307 43 15 24 18  0  0
