procs -----------memory---------- ---swap-- -----io---- -system-- -------cpu-------
 r  b   swpd   free   buff  cache   si   so    bi    bo   in   cs us sy id wa st gu
 5  0  70368 103526688 2396676 55655680    0    1 12972 16039 4067    2  2  0 98  0  0  0
 1  0  70368 103515728 2396676 55655744    0    0     0 320004 96548 58409  1  0 98  0  0  0
140  0  70368 103513080 2396676 55655816    0    0     0 199540 94804 44832 95  2  3  0  0  0
103  0  70368 103501808 2396676 55655836    0    0     0 259636 142436 46350 97  2  1  0  0  0
112  1  70368 103498180 2396676 55655848    0    0     0 285332 95727 49923 98  2  0  0  0  0
105  0  70368 103484688 2396676 55655868    0    0     0 257816 118444 46096 98  2  1  0  0  0
96  0  70368 103468040 2396676 55655888    0    0     0 284052 103347 50654 98  2  1  0  0  0
120  0  70368 103165140 2396676 55655900    0    0     0 346052 399387 444089 70 16 13  0  0  0
129  1  70368 103112628 2396676 55655932    0    0     0 384148 174462 779533 80 19  1  0  0  0
130  2  70368 103132344 2396676 55655952    0    0     0 340044 153682 791736 78 20  2  0  0  0
154  1  70368 103147012 2396676 55655976    0    0     0 342992 159282 811097 77 21  2  0  0  0
122  1  70368 103159416 2396676 55656004    0    0     0 340460 152938 808073 77 21  2  0  0  0
106  1  70368 103147536 2396676 55656032    0    0     0 346688 171368 804057 77 21  2  0  0  0
125  2  70368 103141804 2396676 55656060    0    0     0 342240 154480 799438 75 21  3  1  0  0
95  2  70368 103156824 2396676 55656088    0    0     0 346256 155434 806713 77 20  3  0  0  0
134  1  70368 103158280 2396676 55656104    0    0     0 348412 152204 809138 77 20  2  0  0  0
127  1  70368 103147752 2396676 55656124    0    0     0 347360 151473 805032 77 21  2  0  0  0
118  2  70368 103147388 2396676 55656156    0    0     0 343004 152516 794185 77 21  2  0  0  0
142  2  70368 103142056 2396676 55656172    0    0     0 344512 150857 764635 77 21  2  0  0  0
128  1  70368 103136756 2396676 55656192    0    0     0 346832 151227 749638 77 21  1  0  0  0
116  0  70368 103143404 2396676 55656212    0    0     0 348372 150668 752666 77 21  2  0  0  0
procs -----------memory---------- ---swap-- -----io---- -system-- -------cpu-------
 r  b   swpd   free   buff  cache   si   so    bi    bo   in   cs us sy id wa st gu
128  1  70368 103148660 2396676 55656240    0    0     0 344752 150266 758009 78 21  2  0  0  0
131  1  70368 103147324 2396676 55656264    0    0     0 345000 150471 758180 78 21  2  0  0  0
104 21  70368 103153228 2396676 55656292    0    0     0 369084 151536 759296 78 21  2  0  0  0
101  7  70368 103144628 2396676 55656312    0    0     0 328980 150039 755032 77 21  2  0  0  0
120  0  70368 103140888 2396676 55656336    0    0     0 348132 150474 761296 78 21  2  0  0  0
120  0  70368 103158820 2396676 55656360    0    0     0 341704 150772 760924 78 20  2  0  0  0
115  1  70368 103153940 2396676 55656376    0    0     0 345716 150559 758846 77 21  2  0  0  0
74 18  70368 103143632 2396676 55656396    0    0     0 363504 150872 756446 78 21  1  0  0  0
103 17  70368 103138248 2396676 55656496    0    0     0 343816 149619 758376 78 21  1  0  0  0
121  9  70368 103133760 2396676 55656508    0    0     0 353804 150118 756456 78 21  2  0  0  0
82 19  70368 103140612 2396676 55656540    0    0     0 357428 151402 757397 78 21  1  0  0  0
123  0  70368 103142268 2396676 55656560    0    0     0 352632 151410 756136 77 21  2  0  0  0
129  3  70368 103140252 2396676 55656588    0    0     0 354432 149690 757680 78 21  2  0  0  0
75 17  70368 103135952 2396676 55656608    0    0     0 355772 149898 756491 78 21  2  0  0  0
129  5  70368 103136240 2396676 55656636    0    0     0 361788 150592 758977 78 21  1  0  0  0
139  0  70368 103129168 2396676 55656660    0    0     0 345060 148551 752913 77 21  1  0  0  0
116 12  70368 103130368 2396676 55656684    0    0     0 353804 151042 757018 78 21  1  0  0  0
121  2  70368 103142612 2396676 55656712    0    0     0 363880 151274 772740 78 20  2  0  0  0
129  2  70368 103139320 2396676 55656732    0    0     0 370356 152885 760842 78 21  1  0  0  0
112 12  70368 103149472 2396676 55656760    0    0     0 381032 152856 756553 77 21  2  0  0  0
123  2  70368 103137208 2396676 55656792    0    0     0 363500 151560 750880 78 21  1  0  0  0
procs -----------memory---------- ---swap-- -----io---- -system-- -------cpu-------
 r  b   swpd   free   buff  cache   si   so    bi    bo   in   cs us sy id wa st gu
124  8  70368 103130048 2396676 55656808    0    0     0 382400 152055 753787 78 21  2  0  0  0
100 16  70368 103122572 2396680 55656824    0    0     0 372196 151211 753512 78 21  1  0  0  0
113  2  70368 103107064 2396680 55656852    0    0     0 368492 151128 749254 77 21  2  0  0  0
142  1  70368 103117888 2396680 55656872    0    0     0 382068 152102 755127 77 21  1  0  0  0
126  2  70368 103118320 2396680 55656896    0    0     0 384900 152045 755736 78 21  1  0  0  0
110  2  70368 103116584 2396680 55656932    0    0     0 373728 151573 755675 78 21  1  0  0  0
133  2  70368 103116064 2396680 55656948    0    0     0 374116 152252 754793 78 21  1  0  0  0
132  5  70368 103116744 2396680 55656972    0    0     0 381772 152109 755864 77 21  1  0  0  0
134  4  70368 103136332 2396680 55656992    0    0     0 377152 152514 772056 78 20  2  0  0  0
129  3  70368 103135620 2396680 55657012    0    0     0 379708 152247 752328 78 20  2  0  0  0
117 13  70368 103120736 2396680 55657032    0    0     0 378960 151582 755295 78 21  1  0  0  0
78 19  70368 103120392 2396680 55657056    0    0     0 373656 149238 749320 78 21  1  0  0  0
124  2  70368 103121812 2396680 55657080    0    0     0 375192 152257 752972 78 21  1  0  0  0
132  0  70368 103131416 2396680 55657100    0    0     0 386744 152377 753142 78 21  1  0  0  0
119  3  70368 103121732 2396680 55657128    0    0     0 387428 153596 758333 78 21  1  0  0  0
139  0  70368 103118324 2396680 55657164    0    0     0 391872 153065 754086 78 21  2  0  0  0
119  0  70368 103108612 2396680 55657184    0    0     0 362512 150769 755913 78 21  1  0  0  0
113  2  70368 103112524 2396680 55657208    0    0     0 391172 152388 754548 77 21  1  0  0  0
139  1  70368 103118672 2396680 55657232    0    0     0 385076 151425 759860 78 21  1  0  0  0
111 13  70368 103121484 2396680 55657256    0    0     0 379828 151763 754589 78 21  1  0  0  0
139  2  70368 103135956 2396680 55657284    0    0     0 387584 152755 764520 78 20  2  0  0  0
procs -----------memory---------- ---swap-- -----io---- -system-- -------cpu-------
 r  b   swpd   free   buff  cache   si   so    bi    bo   in   cs us sy id wa st gu
119  9  70368 103138352 2396680 55657296    0    0     0 373072 151110 753646 78 21  1  0  0  0
133  2  70368 103125120 2396680 55657316    0    0     0 393200 152400 753891 78 21  1  0  0  0
108 17  70368 103129964 2396680 55657344    0    0     0 380248 152464 756453 78 21  1  0  0  0
141  1  70368 103116304 2396680 55657368    0    0     0 381136 151841 754143 78 21  1  0  0  0
138  2  70368 103112664 2396680 55657408    0    0     0 381628 152196 756180 78 21  2  0  0  0
89 20  70368 103120376 2396680 55657432    0    0     0 395884 152686 758187 78 21  1  0  0  0
129  0  70368 103109984 2396680 55657464    0    0     0 395764 153297 759370 78 21  1  0  0  0
84 12  70368 103111128 2396680 55657480    0    0     0 393952 152398 754841 78 21  2  0  0  0
103 18  70368 103120812 2396680 55657512    0    0     0 390060 151800 759675 78 21  1  0  0  0
109  2  70368 103121816 2396680 55657536    0    0     0 405668 153602 756468 77 21  2  0  0  0
150  1  70368 103108940 2396680 55657552    0    0     0 405720 152860 755491 78 21  1  0  0  0
104  0  70368 103124552 2396680 55657568    0    0     0 402360 153437 770592 78 20  2  0  0  0
131  1  70368 103132044 2396680 55657588    0    0     0 404624 155029 778710 78 21  1  0  0  0
118 16  70368 103111696 2396680 55657612    0    0     0 400524 154422 749969 78 21  2  0  0  0
117 10  70368 103104924 2396680 55657632    0    0     0 394860 153228 757595 78 21  1  0  0  0
98  1  70368 103118472 2396680 55657660    0    0     0 403952 153337 757913 78 21  1  0  0  0
123  7  70368 103115708 2396680 55657688    0    0     0 396476 151688 757688 78 21  1  0  0  0
145  0  70368 103104256 2396680 55657712    0    0     0 385452 150155 750867 78 21  1  0  0  0
145  1  70368 103102892 2396684 55657736    0    0     0 422296 153483 761538 78 21  1  0  0  0
141  5  70368 103105748 2396684 55657760    0    0     0 391356 151661 756189 78 21  1  0  0  0
101  2  70368 103110572 2396684 55657784    0    0     0 408112 153367 757169 77 21  2  0  0  0
procs -----------memory---------- ---swap-- -----io---- -system-- -------cpu-------
 r  b   swpd   free   buff  cache   si   so    bi    bo   in   cs us sy id wa st gu
117 17  70368 103104264 2396684 55657800    0    0     0 406296 152584 754950 78 21  1  0  0  0
49  3  70368 103103008 2396684 55657832    0    0     0 384432 152503 759527 78 21  2  0  0  0
125 11  70368 103124196 2396684 55657860    0    0     0 411160 153628 764668 78 21  1  0  0  0
126  0  70368 103134312 2396684 55657872    0    0     0 406912 153451 764867 79 20  2  0  0  0
133  2  70368 103120928 2396684 55657960    0    0     0 398768 152238 751971 78 21  1  0  0  0
131  1  70368 103112968 2396684 55657976    0    0     0 392888 152152 753163 78 21  2  0  0  0
104  0  70368 103124880 2396684 55657996    0    0     0 412080 154375 757021 78 21  1  0  0  0
147  2  70368 103123108 2396684 55658024    0    0     0 405340 153624 758298 78 21  1  0  0  0
137  1  70368 103114944 2396684 55658052    0    0     0 414436 153339 758446 78 21  1  0  0  0
115  0  70368 103106304 2396684 55658068    0    0     0 393764 151701 757710 78 21  1  0  0  0
128 14  70368 103103400 2396684 55658096    0    0     0 415108 154359 755722 77 21  2  0  0  0
105  1  70368 103102624 2396684 55658132    0    0     0 411484 155331 751371 77 21  2  0  0  0
122  2  70368 103091812 2396684 55658160    0    0     0 405436 152970 759491 78 21  1  0  0  0
93  0  70368 103083060 2396684 55658180    0    0     0 418232 153789 758077 78 21  1  0  0  0
124  2  70368 103105160 2396684 55658208    0    0     0 406604 153092 760026 78 21  1  0  0  0
121  2  70368 103117696 2396684 55658232    0    0     0 402668 153328 765090 78 20  2  0  0  0
87 17  70368 103117780 2396684 55658256    0    0     0 432264 155257 766933 78 21  2  0  0  0
132  1  70368 103108196 2396684 55658268    0    0     0 422076 153908 760287 78 21  1  0  0  0
108 14  70368 103103508 2396684 55658300    0    0     0 409852 154409 752826 78 21  1  0  0  0
138  0  70368 103099752 2396684 55658320    0    0     0 408648 152866 758389 78 21  1  0  0  0
101  0  70368 103099324 2396684 55658344    0    0     0 424804 155311 760207 77 21  1  0  0  0
procs -----------memory---------- ---swap-- -----io---- -system-- -------cpu-------
 r  b   swpd   free   buff  cache   si   so    bi    bo   in   cs us sy id wa st gu
125 11  70368 103091208 2396684 55658368    0    0     0 409388 151335 749197 78 21  2  0  0  0
128  1  70368 103104924 2396684 55658388    0    0     0 422556 155455 757886 78 21  1  0  0  0
140  1  70368 103094180 2396684 55658412    0    0     0 423320 154223 758608 77 21  1  0  0  0
117  3  70368 103098184 2396684 55658440    0    0     0 411804 154842 753942 77 21  2  0  0  0
149  0  70368 103107252 2396684 55658476    0    0     0 428168 155089 762049 77 21  1  0  0  0
76 15  70368 103114652 2396684 55658500    0    0     0 474356 156023 764736 78 21  2  0  0  0
125  1  70368 103137096 2396684 55658524    0    0     0 476020 158684 772526 77 20  3  0  0  0
113  1  70368 103126828 2396684 55658540    0    0     0 487440 157824 759639 77 21  2  0  0  0
138  1  70368 103102600 2396684 55658564    0    0     0 488936 157305 766286 78 21  1  0  0  0
94 19  70368 103093664 2396684 55658592    0    0     0 478808 156431 759989 77 21  2  0  0  0
124  3  70368 103085840 2396684 55658616    0    0     0 463792 157758 764159 78 21  1  0  0  0
124  0  70368 103105016 2396684 55658636    0    0     0 471732 158780 765536 77 21  2  0  0  0
107  1  70368 103103696 2396684 55658652    0    0     0 458220 156345 759863 78 21  1  0  0  0
117  3  70368 103105276 2396684 55658680    0    0     0 467260 155978 762580 78 21  1  0  0  0
133  1  70368 103107492 2396684 55658708    0    0     0 467008 156674 762775 78 21  1  0  0  0
113 13  70368 103098936 2396684 55658724    0    0     0 453096 158498 753899 77 21  2  0  0  0
78  5  70368 103089484 2396684 55658756    0    0     0 455872 156807 758049 78 21  1  0  0  0
133  2  70368 103077692 2396684 55658780    0    0     0 445632 156230 751680 77 21  2  0  0  0
92  9  70368 103096072 2396684 55658788    0    0     0 451460 155870 772454 78 20  2  0  0  0
128  1  70368 103109300 2396684 55658820    0    0     0 452780 156977 762238 78 21  1  0  0  0
76 13  70368 103095284 2396684 55658836    0    0     0 461696 154537 761270 78 21  1  0  0  0
procs -----------memory---------- ---swap-- -----io---- -system-- -------cpu-------
 r  b   swpd   free   buff  cache   si   so    bi    bo   in   cs us sy id wa st gu
110 14  70368 103088468 2396684 55658864    0    0     0 437500 153338 753916 78 21  1  0  0  0
42 20  70368 103090080 2396684 55658888    0    0     0 456060 156294 759280 77 21  2  0  0  0
119  0  70368 103094320 2396684 55658912    0    0     0 433264 155431 757656 77 21  2  0  0  0
147  2  70368 103099432 2396684 55658932    0    0     0 466428 155914 761063 78 21  1  0  0  0
116  2  70368 103083960 2396684 55658952    0    0     0 465528 156358 763704 78 21  1  0  0  0
125  1  70368 103075944 2396684 55658976    0    0     0 439324 156101 757524 78 21  1  0  0  0
81 20  70368 103079364 2396684 55659008    0    0     0 455444 154585 761545 78 21  1  0  0  0
94 15  70368 103076640 2396684 55659036    0    0     0 439204 154169 750608 77 21  2  0  0  0
134  1  70368 103088228 2396684 55659056    0    0     0 440792 154860 758036 78 21  1  0  0  0
109 10  70368 103103704 2396684 55659080    0    0     0 464336 157434 776818 78 20  1  0  0  0
132  1  70368 103097300 2396688 55659088    0    0     0 474164 156385 765486 78 20  1  0  0  0
137  4  70368 103098556 2396688 55659108    0    0     0 446548 154466 761781 78 21  1  0  0  0
131  3  70368 103090028 2396688 55659136    0    0     0 439644 155329 757964 77 21  2  0  0  0
127  4  70368 103094708 2396688 55659160    0    0     0 449632 156319 759410 77 21  2  0  0  0
78 13  70368 103098436 2396688 55659176    0    0     0 457428 156786 760693 78 21  1  0  0  0
106 13  70368 103083128 2396688 55659212    0    0     0 446352 155038 762041 78 21  1  0  0  0
125  5  70368 103076864 2396688 55659232    0    0     0 445400 155112 759557 78 21  1  0  0  0
134  1  70368 103078256 2396688 55659256    0    0     0 435116 154914 762302 77 21  1  0  0  0
129  4  70368 103082812 2396688 55659288    0    0     0 452228 155029 763676 78 21  1  0  0  0
127 18  70368 103086568 2396688 55659312    0    0     0 438816 154887 758046 78 21  1  0  0  0
117  0  70368 103085264 2396688 55659340    0    0     0 448472 156484 760417 77 21  2  0  0  0
procs -----------memory---------- ---swap-- -----io---- -system-- -------cpu-------
 r  b   swpd   free   buff  cache   si   so    bi    bo   in   cs us sy id wa st gu
121  0  70368 103117628 2396688 55659356    0    0     0 444968 156189 763376 78 20  2  0  0  0
127  4  70368 103109932 2396688 55659380    0    0     0 429252 152692 765706 78 20  1  0  0  0
129  3  70368 103102792 2396688 55659464    0    0     0 456688 154912 763117 78 21  1  0  0  0
128  2  70368 103090872 2396688 55659480    0    0     0 432952 152524 757801 78 21  1  0  0  0
124  0  70368 103094492 2396688 55659508    0    0     0 448356 155039 763679 77 21  1  0  0  0
105  3  70368 103081188 2396688 55659544    0    0     0 422732 153272 754797 78 21  1  0  0  0
128  3  70368 103085740 2396688 55659572    0    0     0 426476 154159 756168 78 21  1  0  0  0
133  2  70368 103084680 2396688 55659592    0    0     0 446080 156146 758838 78 21  1  0  0  0
91 12  70368 103082432 2396688 55659608    0    0     0 413880 154320 758715 78 21  1  0  0  0
130  1  70368 103091548 2396696 55659632    0    0     0 435400 154750 756912 77 21  1  0  0  0
127  2  70368 103088848 2396696 55659660    0    0     0 444588 154840 763472 78 21  1  0  0  0
113  3  70368 103091412 2396696 55659688    0    0     0 440096 157070 754746 77 21  2  0  0  0
134  3  70368 103100756 2396696 55659700    0    0     0 453612 154791 775675 78 20  1  0  0  0
121  4  70368 103108340 2396696 55659716    0    0     0 405312 152448 762068 78 20  2  0  0  0
120  1  70368 103097204 2396704 55659740    0    0     0 435712 155646 752822 77 21  2  0  0  0
125 12  70368 103087004 2396704 55659768    0    0     0 461072 154945 762000 78 21  1  0  0  0
120  1  70368 103082788 2396704 55659800    0    0     0 441140 154452 759740 78 21  1  0  0  0
131  2  70368 103080416 2396704 55659836    0    0     0 425752 154071 760236 78 21  1  0  0  0
102 19  70368 103074120 2396704 55659856    0    0     0 435180 153372 758553 77 21  2  0  0  0
123  2  70368 103072656 2396704 55659880    0    0     0 449184 155272 760222 78 21  1  0  0  0
142  3  70368 103075688 2396704 55659904    0    0     0 427880 153460 760355 78 21  1  0  0  0
procs -----------memory---------- ---swap-- -----io---- -system-- -------cpu-------
 r  b   swpd   free   buff  cache   si   so    bi    bo   in   cs us sy id wa st gu
107 18  70368 103071648 2396704 55659924    0    0     0 435652 155200 758414 78 21  1  0  0  0
117  0  70368 103063484 2396704 55659960    0    0     0 440780 154544 759277 78 21  1  0  0  0
94  1  70368 103081164 2396704 55659980    0    0     0 418976 154295 757483 77 21  2  0  0  0
119  0  70368 103097600 2396704 55659996    0    0     0 449944 156252 763987 77 21  2  0  0  0
122 13  70368 103099924 2396704 55660008    0    0     0 400912 153231 760246 78 20  2  0  0  0
112  2  70368 103083608 2396704 55660028    0    0     0 455660 155770 759435 78 21  1  0  0  0
131  0  70368 103084956 2396704 55660056    0    0     0 438036 155660 763475 78 21  1  0  0  0
150  1  70368 103088396 2396704 55660080    0    0     0 418976 154263 757577 77 21  2  0  0  0
133  2  70368 103082720 2396704 55660096    0    0     0 440740 155226 758835 77 21  1  0  0  0
126  1  70368 103086880 2396704 55660120    0    0     0 413264 153969 755458 77 21  2  0  0  0
71 17  70368 103075852 2396704 55660164    0    0     0 421372 154020 756943 78 21  1  0  0  0
125  2  70368 103074468 2396704 55660172    0    0     0 452896 154718 763936 78 21  1  0  0  0
95 18  70368 103074244 2396704 55660204    0    0     0 431096 154915 758823 78 21  1  0  0  0
127 11  70368 103077104 2396704 55660224    0    0     0 432464 154560 761764 78 21  1  0  0  0
123  2  70368 103080428 2396704 55660248    0    0     0 431920 154152 760406 78 21  1  0  0  0
75  6  70368 103088240 2396704 55660264    0    0     0 431888 154533 767141 78 21  1  0  0  0
102 16  70368 103104612 2396704 55660280    0    0     0 398168 152792 758089 77 20  2  0  0  0
136  1  70368 103081748 2396704 55660300    0    0     0 428644 155121 757518 78 21  2  0  0  0
92 17  70368 103083740 2396708 55660344    0    0     0 454560 154859 763961 78 21  1  0  0  0
114  5  70368 103064388 2396712 55660368    0    0     0 415148 153343 756168 78 21  1  0  0  0
90 13  70368 103063984 2396712 55660396    0    0     0 428176 153651 761446 78 21  1  0  0  0
procs -----------memory---------- ---swap-- -----io---- -system-- -------cpu-------
 r  b   swpd   free   buff  cache   si   so    bi    bo   in   cs us sy id wa st gu
123  1  70368 103074676 2396712 55660412    0    0     0 424292 154797 761373 77 21  2  0  0  0
117 13  70368 103066304 2396712 55660428    0    0     0 432704 154020 754971 77 21  2  0  0  0
130  1  70368 103067884 2396712 55660456    0    0     0 442832 155560 762023 77 21  1  0  0  0
129  0  70368 103066816 2396720 55660476    0    0     0 412060 154422 757395 78 21  1  0  0  0
105 13  70368 103064592 2396720 55660508    0    0     0 437996 152987 759941 78 21  1  0  0  0
134  0  70368 103065516 2396720 55660532    0    0     0 423700 154561 761851 77 21  1  0  0  0
125  4  70368 103077508 2396720 55660564    0    0     0 429176 154523 760414 78 21  1  0  0  0
122  1  70368 103094960 2396720 55660592    0    0     0 427456 155915 775800 78 20  2  0  0  0
141  1  70368 103085656 2396720 55660620    0    0     0 432284 155069 760818 78 21  1  0  0  0
129  0  70368 103079984 2396720 55660644    0    0     0 412032 153725 754963 78 21  1  0  0  0
124  1  70368 103074556 2396720 55660660    0    0     0 432736 154534 759617 78 21  1  0  0  0
102 16  70368 103067712 2396720 55660692    0    0     0 418632 154474 757786 78 21  1  0  0  0
128  2  70368 103075832 2396720 55660704    0    0     0 407596 152128 753400 78 21  1  0  0  0
68 18  70368 103079348 2396720 55660732    0    0     0 436288 155389 757898 77 21  1  0  0  0
128  1  70368 103072068 2396720 55660748    0    0     0 442568 156112 757075 78 21  2  0  0  0
123  2  70368 103069648 2396720 55660768    0    0     0 432552 154211 760266 77 21  1  0  0  0
76 17  70368 103068780 2396720 55660796    0    0     0 431320 154154 758538 78 21  1  0  0  0
131  0  70368 103068024 2396720 55660820    0    0     0 406676 153673 756024 78 21  1  0  0  0
131  5  70368 103071340 2396720 55660848    0    0     0 404364 153820 756900 78 21  1  0  0  0
105  2  70368 103099888 2396720 55660860    0    0     0 424424 156912 764978 77 20  3  0  0  0
117  9  70368 103083792 2396720 55660972    0    0     0 454028 155419 763746 78 20  2  0  0  0
procs -----------memory---------- ---swap-- -----io---- -system-- -------cpu-------
 r  b   swpd   free   buff  cache   si   so    bi    bo   in   cs us sy id wa st gu
141  0  70368 103078976 2396720 55660984    0    0     0 425400 154527 765327 77 21  1  0  0  0
112 16  70368 103078964 2396720 55661020    0    0     0 418300 153888 756152 78 21  1  0  0  0
117  0  70368 103085780 2396720 55661040    0    0     0 422304 153478 758169 78 21  1  0  0  0
86  0  70368 103080620 2396720 55661068    0    0     0 427584 155391 760242 77 21  2  0  0  0
130  0  70368 103076672 2396720 55661084    0    0     0 448644 155310 764311 78 21  1  0  0  0
111 18  70368 103077820 2396720 55661096    0    0     0 442224 153473 757235 78 21  1  0  0  0
121  2  70368 103078616 2396720 55661136    0    0     0 447256 155422 765742 78 21  1  0  0  0
126  4  70368 103083928 2396720 55661172    0    0     0 448476 153852 758915 78 21  1  0  0  0
89 14  70368 103076296 2396720 55661188    0    0     0 415348 153168 757737 78 21  1  0  0  0
120 12  70368 103076032 2396720 55661212    0    0     0 465492 155461 765837 78 21  1  0  0  0
89 16  70368 103090448 2396720 55661232    0    0     0 420484 155602 769757 78 20  2  0  0  0
122  1  70368 103084472 2396720 55661260    0    0     0 428336 154613 769572 78 20  1  0  0  0
75 11  70368 103078196 2396720 55661276    0    0     0 455732 154648 760691 78 21  1  0  0  0
136  2  70368 103076672 2396728 55661312    0    0     0 414692 153021 756291 78 21  1  0  0  0
82 16  70368 103075072 2396728 55661324    0    0     0 387880 152862 752987 77 21  1  0  0  0
137  0  70368 103070212 2396728 55661356    0    0     0 453280 155045 761254 78 21  1  0  0  0
118  2  70368 103066244 2396728 55661380    0    0     0 396652 153210 758931 78 21  1  0  0  0
96 18  70368 103072888 2396728 55661396    0    0     0 473336 155705 763325 78 21  1  0  0  0
116  5  70368 103069984 2396728 55661424    0    0     0 428172 155087 757894 77 21  2  0  0  0
132  0  70368 103069720 2396728 55661456    0    0     0 423152 154876 758666 78 21  1  0  0  0
150  1  70368 103069212 2396728 55661480    0    0     0 429528 153578 756124 78 21  1  0  0  0
procs -----------memory---------- ---swap-- -----io---- -system-- -------cpu-------
 r  b   swpd   free   buff  cache   si   so    bi    bo   in   cs us sy id wa st gu
138  0  70368 103073060 2396728 55661504    0    0     0 424944 155038 758410 78 21  1  0  0  0
135  2  70368 103098000 2396728 55661520    0    0     0 472276 157258 779758 77 20  2  0  0  0
109 15  70368 103104768 2396728 55661536    0    0     0 403264 153383 762178 78 20  2  0  0  0
99 18  70368 103080888 2396728 55661572    0    0     0 427568 155875 754879 77 21  2  0  0  0
81 16  70368 103078256 2396728 55661588    0    0     0 433104 153542 762598 78 21  1  0  0  0
116 14  70368 103067732 2396732 55661628    0    0     0 430968 155654 760075 77 21  1  0  0  0
99 14  70368 103062556 2396732 55661652    0    0     0 435360 154611 760934 78 21  1  0  0  0
126  2  70368 103060508 2396732 55661676    0    0     0 435968 153511 762738 78 21  1  0  0  0
127  1  70368 103068660 2396732 55661696    0    0     0 420952 153714 758473 78 21  1  0  0  0
105 14  70368 103063352 2396732 55661720    0    0     0 424432 153630 756049 77 21  2  0  0  0
120  2  70368 103064748 2396732 55661752    0    0     0 440528 154531 760688 77 21  1  0  0  0
113 12  70368 103075540 2396732 55661780    0    0     0 434920 153854 761445 78 21  1  0  0  0
111  1  70368 103062672 2396732 55661792    0    0     0 444740 153153 762668 78 21  1  0  0  0
104 18  70368 103070456 2396732 55661820    0    0     0 436956 154905 774088 78 20  2  0  0  0
104  0  70368 103078276 2396732 55661836    0    0     0 413228 156214 784648 78 20  2  0  0  0
131  0  70368 103062920 2396732 55661848    0    0     0 418736 155424 754400 78 21  1  0  0  0
105  1  70368 103065028 2396732 55661876    0    0     0 427712 155684 752825 77 21  2  0  0  0
120  1  70368 103065148 2396732 55661904    0    0     0 438900 153778 754509 77 21  2  0  0  0
136  8  70368 103067860 2396732 55661924    0    0     0 463152 156393 764197 78 21  1  0  0  0
102  3  70368 103079832 2396732 55661952    0    0     0 446044 154263 761186 78 21  1  0  0  0
123  3  70368 103064220 2396732 55661980    0    0     0 408088 152922 757744 78 21  1  0  0  0
procs -----------memory---------- ---swap-- -----io---- -system-- -------cpu-------
 r  b   swpd   free   buff  cache   si   so    bi    bo   in   cs us sy id wa st gu
110  2  70368 103065756 2396732 55662008    0    0     0 464968 156075 765977 78 21  1  0  0  0
112  3  70368 103064740 2396732 55662036    0    0     0 397024 153204 751943 77 21  2  0  0  0
109  6  70368 103075280 2396732 55662052    0    0     0 432928 156236 759547 77 21  1  0  0  0
127  1  70368 103067540 2396732 55662092    0    0     0 449808 155047 759499 78 21  1  0  0  0
118  0  70368 103066696 2396736 55662108    0    0     0 455636 156605 771475 78 21  1  0  0  0
121  2  70368 103092200 2396736 55662132    0    0     0 425848 154064 771568 78 20  2  0  0  0
115 13  70368 103073704 2396736 55662140    0    0     0 426020 154632 761518 78 21  1  0  0  0
116  0  70368 103070720 2396736 55662160    0    0     0 451880 155658 759224 77 21  2  0  0  0
118  0  70368 103061976 2396736 55662200    0    0     0 460664 155411 764347 78 21  1  0  0  0
123  1  70368 103067592 2396736 55662212    0    0     0 422044 154301 760878 78 21  1  0  0  0
108 10  70368 103066808 2396736 55662244    0    0     0 431228 155653 762430 78 21  1  0  0  0
120 17  70368 103059104 2396736 55662272    0    0     0 439336 153275 761680 78 21  1  0  0  0
83 18  70368 103068980 2396736 55662300    0    0     0 414204 151745 752248 78 21  1  0  0  0
126  6  70368 103055512 2396736 55662328    0    0     0 458760 156355 764606 78 21  1  0  0  0
124  1  70368 103068356 2396736 55662352    0    0     0 424720 154828 756300 77 21  2  0  0  0
135  1  70368 103065104 2396736 55662440    0    0     0 419304 153349 755723 78 21  1  0  0  0
127  2  70368 103069996 2396736 55662464    0    0     0 468428 156461 770002 78 21  1  0  0  0
120 10  70368 103098708 2396736 55662480    0    0     0 426048 153498 770590 79 20  1  0  0  0
113  2  70368 103088764 2396736 55662504    0    0     0 389504 152959 751128 78 21  2  0  0  0
157  1  70368 103078776 2396736 55662528    0    0     0 447008 155996 753000 77 21  2  0  0  0
94 19  70368 103068356 2396736 55662548    0    0     0 469228 156666 760712 77 21  1  0  0  0
procs -----------memory---------- ---swap-- -----io---- -system-- -------cpu-------
 r  b   swpd   free   buff  cache   si   so    bi    bo   in   cs us sy id wa st gu
150  0  70368 103066812 2396736 55662580    0    0     0 411808 154496 752352 77 21  2  0  0  0
127  0  70368 103059228 2396736 55662608    0    0     0 445740 157200 754967 77 21  2  0  0  0
104  6  70368 103049240 2396736 55662632    0    0     0 418404 153690 756281 77 21  1  0  0  0
55  2  70368 103049064 2396736 55662660    0    0     0 450132 154968 762521 77 21  2  0  0  0
146  0  70368 103051500 2396736 55662676    0    0     0 409144 153979 756937 77 21  2  0  0  0
78 16  70368 103054452 2396736 55662688    0    0     0 469780 157468 763482 77 21  2  0  0  0
124  2  70368 103049492 2396736 55662732    0    0     0 432996 155704 762472 77 21  1  0  0  0
129  0  70368 103056480 2396736 55662748    0    0     0 440140 156114 768812 77 21  1  0  0  0
128 13  70368 103082128 2396736 55662768    0    0     0 446132 155626 776288 78 20  2  0  0  0
93  1  70368 103078436 2396736 55662784    0    0     0 419372 154465 769616 78 20  2  0  0  0
142  3  70368 103075788 2396736 55662812    0    0     0 452524 155536 764581 77 21  2  0  0  0
136  2  70368 103063948 2396736 55662840    0    0     0 432116 154555 760976 78 21  1  0  0  0
116  0  70368 103061612 2396736 55662860    0    0     0 453568 155543 759929 78 21  2  0  0  0
134  2  70368 103058208 2396736 55662888    0    0     0 418896 153409 760331 78 21  1  0  0  0
126  3  70368 103059000 2396736 55662916    0    0     0 413060 153480 755551 78 21  1  0  0  0
115  2  70368 103052692 2396736 55662940    0    0     0 459984 155374 759181 78 21  1  0  0  0
104  1  70368 103068132 2396736 55662964    0    0     0 441552 154115 762343 78 21  1  0  0  0
118  0  70368 103068324 2396736 55662984    0    0     0 408508 152970 758396 78 21  1  0  0  0
126 11  70368 103058144 2396736 55663000    0    0     0 438916 155095 755478 77 21  2  0  0  0
91  7  70368 103059268 2396736 55663036    0    0     0 424296 153774 758806 78 21  1  0  0  0
130  2  70368 103081412 2396736 55663060    0    0     0 432412 152553 770182 78 20  2  0  0  0
procs -----------memory---------- ---swap-- -----io---- -system-- -------cpu-------
 r  b   swpd   free   buff  cache   si   so    bi    bo   in   cs us sy id wa st gu
115  0  70368 103078480 2396736 55663084    0    0     0 415040 154349 760523 78 20  1  0  0  0
140  1  70368 103072544 2396736 55663104    0    0     0 473644 156717 764401 78 21  1  0  0  0
113  5  70368 103068400 2396740 55663120    0    0     0 439312 154527 761186 77 21  1  0  0  0
130  3  70368 103074920 2396740 55663152    0    0     0 427576 156091 761179 77 21  2  0  0  0
113  2  70368 103067580 2396740 55663176    0    0     0 448036 155393 761099 78 21  1  0  0  0
127  0  70368 103060120 2396740 55663204    0    0     0 422776 153285 755977 77 21  1  0  0  0
115  0  70368 103077712 2396740 55663224    0    0     0 417148 154380 753173 77 21  2  0  0  0
131  1  70368 103065624 2396740 55663240    0    0     0 466832 154654 760017 78 21  1  0  0  0
132  0  70368 103064936 2396740 55663264    0    0     0 424832 154699 757623 78 21  1  0  0  0
127  0  70368 103069020 2396740 55663292    0    0     0 438340 155800 764758 77 21  2  0  0  0
129  0  70368 103071364 2396740 55663320    0    0     0 422940 154631 756986 77 21  2  0  0  0
102  0  70368 103083352 2396740 55663340    0    0     0 442220 155112 771500 78 20  1  0  0  0
107  0  70368 103083472 2396740 55663360    0    0     0 418836 156675 776411 78 21  1  0  0  0
121  1  70368 103069680 2396740 55663372    0    0     0 463356 156259 761607 77 21  1  0  0  0
125  0  70368 103072384 2396740 55663396    0    0     0 432120 155705 761032 78 21  1  0  0  0
126  0  70368 103060624 2396740 55663436    0    0     0 439444 155746 760322 78 21  1  0  0  0
128  1  70368 103057096 2396740 55663448    0    0     0 428924 152990 753781 78 21  2  0  0  0
110  0  70368 103061704 2396744 55663468    0    0     0 431640 153836 764411 77 21  2  0  0  0
130  1  70368 103058180 2396744 55663488    0    0     0 432364 153162 761659 78 21  1  0  0  0
123  2  70368 103056760 2396744 55663508    0    0     0 404108 151807 751631 78 21  1  0  0  0
101 14  70368 103051036 2396744 55663532    0    0     0 440348 152666 755338 78 21  1  0  0  0
procs -----------memory---------- ---swap-- -----io---- -system-- -------cpu-------
 r  b   swpd   free   buff  cache   si   so    bi    bo   in   cs us sy id wa st gu
122  3  70368 103049132 2396744 55663556    0    0     0 431920 151969 756715 78 21  1  0  0  0
83  7  70368 103061564 2396744 55663588    0    0     0 426640 152715 759249 77 21  2  0  0  0
144  0  70368 103081848 2396744 55663612    0    0     0 399196 152460 759271 78 20  2  0  0  0
85 19  70368 103088636 2396744 55663632    0    0     0 445524 152926 761428 78 20  2  0  0  0
115 13  70368 103083416 2396744 55663656    0    0     0 437664 152931 757314 78 21  2  0  0  0
135  0  70368 103075008 2396744 55663680    0    0     0 446404 153085 749302 78 21  1  0  0  0
110  1  70368 103068712 2396744 55663704    0    0     0 430780 154543 754572 77 21  2  0  0  0
138  1  70368 103071328 2396744 55663720    0    0     0 387524 152711 749147 76 21  3  0  0  0
100 10  70368 103075296 2396744 55663752    0    0     0 481188 157333 759044 77 21  2  0  0  0
124  2  70368 103069440 2396744 55663772    0    0     0 449200 156330 762037 77 21  1  0  0  0
100  0  70368 103055136 2396744 55663808    0    0     0 456564 157583 761377 77 21  2  0  0  0
118  0  70368 103061640 2396748 55663832    0    0     0 435448 153465 759297 78 21  1  0  0  0
112  0  70368 103064892 2396748 55663860    0    0     0 435472 154220 758470 78 21  1  0  0  0
129  1  70368 103050376 2396748 55663944    0    0     0 431512 155704 757761 77 21  1  0  0  0
120  0  70368 103075396 2396748 55663960    0    0     0 432484 156146 762968 78 20  2  0  0  0
112  0  70368 103080108 2396748 55663988    0    0     0 435536 154311 775730 79 20  1  0  0  0
140  1  70368 103073616 2396748 55664008    0    0     0 431072 154746 756971 78 21  1  0  0  0
129  0  70368 103068496 2396748 55664024    0    0     0 432520 154439 759374 77 21  2  0  0  0
118  0  70368 103068120 2396748 55664048    0    0     0 430196 153172 759278 78 21  1  0  0  0
113  0  70368 103059544 2396748 55664072    0    0     0 427616 153931 754833 78 21  1  0  0  0
130  0  70368 103051492 2396748 55664092    0    0     0 432352 155170 760667 77 21  2  0  0  0
procs -----------memory---------- ---swap-- -----io---- -system-- -------cpu-------
 r  b   swpd   free   buff  cache   si   so    bi    bo   in   cs us sy id wa st gu
115  0  70368 103054416 2396748 55664116    0    0     0 431120 153962 760819 78 21  1  0  0  0
116  0  70368 103060408 2396748 55664148    0    0     0 432104 154623 760203 78 21  1  0  0  0
132  0  70368 103054944 2396748 55664172    0    0     0 435112 155471 765177 77 21  1  0  0  0
117  0  70368 103054328 2396748 55664200    0    0     0 433556 154909 761794 78 21  1  0  0  0
124  0  70368 103063868 2396748 55664216    0    0     0 422528 152766 753588 78 21  1  0  0  0
117  0  70368 103062908 2396748 55664236    0    0     0 440476 156010 764559 78 20  2  0  0  0
117  0  70368 103080236 2396748 55664268    0    0     0 430136 153738 771657 78 20  2  0  0  0
118  0  70368 103068772 2396748 55664292    0    0     0 434144 155445 764907 77 20  2  0  0  0
116  0  70368 103066028 2396748 55664316    0    0     0 433908 155596 759977 78 21  1  0  0  0
111  1  70368 103058320 2396748 55664336    0    0     0 433572 156094 755500 77 21  2  0  0  0
120  1  70368 103059968 2396748 55664356    0    0     0 434656 155876 760607 77 21  1  0  0  0
87  0  70368 103063940 2396748 55664392    0    0     0 435176 154741 759925 78 21  1  0  0  0
120  0  70368 103058632 2396748 55664420    0    0     0 431152 152764 754010 77 21  1  0  0  0
128  0  70368 103055768 2396748 55664436    0    0     0 430892 154028 762071 78 21  1  0  0  0
109  0  70368 103056292 2396748 55664464    0    0     0 432548 155813 764073 77 21  1  0  0  0
118  0  70368 103067516 2396756 55664488    0    0     0 431996 153523 757191 78 21  1  0  0  0
117  0  70368 103047460 2396756 55664516    0    0     0 434544 154206 762162 78 21  1  0  0  0
119  1  70368 103051868 2396756 55664540    0    0     0 434312 155313 763935 78 21  1  0  0  0
102  1  70368 103078232 2396756 55664560    0    0     0 430904 156190 766370 78 20  2  0  0  0
133  0  70368 103083764 2396756 55664576    0    0     0 432492 155475 769879 78 21  2  0  0  0
116  0  70368 103067796 2396760 55664596    0    0     0 432676 152595 759640 78 21  1  0  0  0
procs -----------memory---------- ---swap-- -----io---- -system-- -------cpu-------
 r  b   swpd   free   buff  cache   si   so    bi    bo   in   cs us sy id wa st gu
125  0  70368 103062636 2396760 55664628    0    0     0 429356 153237 758598 78 21  1  0  0  0
135  0  70368 103064112 2396760 55664652    0    0     0 432000 154315 762958 78 21  1  0  0  0
121  0  70368 103057596 2396760 55664672    0    0     0 434632 154198 760741 78 21  1  0  0  0
119  0  70368 103061256 2396764 55664688    0    0     0 433212 154846 758530 77 21  2  0  0  0
128  0  70368 103056000 2396764 55664724    0    0     0 431700 154696 760503 77 21  1  0  0  0
128  0  70368 103060380 2396764 55664744    0    0     0 430852 153506 759793 78 21  1  0  0  0
112  0  70368 103062552 2396764 55664764    0    0     0 431128 153977 757431 78 21  1  0  0  0
125  1  70368 103069380 2396764 55664788    0    0     0 430788 156188 757522 77 21  2  0  0  0
133  1  70368 103060480 2396764 55664804    0    0     0 432564 154643 758455 78 21  1  0  0  0
95  0  70368 103073192 2396764 55664824    0    0     0 433464 154943 771648 78 20  2  0  0  0
115  0  70368 103087644 2396764 55664840    0    0     0 432896 155078 769722 78 20  2  0  0  0
123  1  70368 103067724 2396764 55664864    0    0     0 431260 153976 756119 78 20  1  0  0  0
111  0  70368 103063176 2396764 55664888    0    0     0 433252 153774 758550 77 21  1  0  0  0
112  0  70368 103063076 2396764 55664912    0    0     0 431980 154264 761290 78 21  1  0  0  0
110  0  70368 103050156 2396764 55664944    0    0     0 433812 155583 759792 78 21  1  0  0  0
123  0  70368 103045284 2396764 55664968    0    0     0 433608 154319 762217 78 21  1  0  0  0
118  0  70368 103048852 2396764 55664984    0    0     0 434644 155852 761074 78 21  2  0  0  0
121  0  70368 103053384 2396764 55665008    0    0     0 432072 152697 761515 78 21  1  0  0  0
125  0  70368 103055596 2396768 55665028    0    0     0 430536 155264 756304 77 21  2  0  0  0
111  1  70368 103047616 2396768 55665056    0    0     0 434304 155418 758099 77 21  1  0  0  0
94  0  70368 103056092 2396768 55665084    0    0     0 431988 154212 759161 77 21  2  0  0  0
procs -----------memory---------- ---swap-- -----io---- -system-- -------cpu-------
 r  b   swpd   free   buff  cache   si   so    bi    bo   in   cs us sy id wa st gu
127  0  70368 103074900 2396768 55665104    0    0     0 435208 155118 766948 77 21  2  0  0  0
127  0  70368 103077180 2396768 55665116    0    0     0 434540 155469 764414 78 20  2  0  0  0
124  0  70368 103064180 2396768 55665144    0    0     0 433404 153947 759652 78 20  1  0  0  0
127  0  70368 103061916 2396768 55665172    0    0     0 427708 153391 757826 78 21  1  0  0  0
120  0  70368 103052404 2396768 55665200    0    0     0 435716 153550 762201 78 21  1  0  0  0
128  0  70368 103047256 2396768 55665224    0    0     0 434056 153393 758745 78 21  1  0  0  0
120  1  70368 103047172 2396768 55665240    0    0     0 434528 154171 758804 78 21  1  0  0  0
98  0  70368 103059216 2396772 55665256    0    0     0 434220 155452 762084 78 21  1  0  0  0
108  0  70368 103064880 2396772 55665296    0    0     0 435088 154763 757767 78 21  2  0  0  0
120  0  70368 103055936 2396772 55665324    0    0     0 435232 155546 761106 77 21  1  0  0  0
119  1  70368 103045852 2396772 55665408    0    0     0 434132 154683 759913 77 21  1  0  0  0
122  0  70368 103057536 2396772 55665440    0    0     0 432876 153614 758924 78 21  1  0  0  0
120  0  70368 103067024 2396772 55665452    0    0     0 433944 153820 765782 78 21  1  0  0  0
131  0  70368 103075020 2396776 55665472    0    0     0 437172 154332 765684 78 20  1  0  0  0
123  0  70368 103055592 2396776 55665500    0    0     0 433420 153710 756415 78 21  2  0  0  0
123  0  70368 103054512 2396776 55665532    0    0     0 436440 155106 761846 77 21  2  0  0  0
125  0  70368 103051116 2396776 55665544    0    0     0 436428 153472 760906 78 21  1  0  0  0
124  0  70368 103044016 2396776 55665576    0    0     0 435568 153943 758916 78 21  1  0  0  0
113  0  70368 103045804 2396776 55665608    0    0     0 433188 154911 760168 78 21  1  0  0  0
122  0  70368 103053208 2396776 55665620    0    0     0 436032 154145 760541 78 21  1  0  0  0
129  0  70368 103051380 2396776 55665652    0    0     0 433284 155090 757229 77 21  1  0  0  0
procs -----------memory---------- ---swap-- -----io---- -system-- -------cpu-------
 r  b   swpd   free   buff  cache   si   so    bi    bo   in   cs us sy id wa st gu
128  0  70368 103054268 2396776 55665668    0    0     0 435052 155490 759846 78 21  1  0  0  0
118  0  70368 103044600 2396776 55665684    0    0     0 434724 154714 763603 78 21  1  0  0  0
119  0  70368 103054820 2396776 55665712    0    0     0 436068 154701 760572 78 21  1  0  0  0
107  0  70368 103058236 2396776 55665736    0    0     0 435720 153954 765844 78 21  1  0  0  0
123  0  70368 103074304 2396776 55665752    0    0     0 430952 154332 770362 78 20  2  0  0  0
123  0  70368 103071624 2396776 55665772    0    0     0 432588 156459 759172 78 21  2  0  0  0
102  0  70368 103059540 2396776 55665800    0    0     0 435372 154443 762966 77 21  1  0  0  0
117  0  70368 103045352 2396776 55665824    0    0     0 437752 155121 762350 78 21  1  0  0  0
122  0  70368 103050612 2396776 55665848    0    0     0 434944 154272 757358 78 21  1  0  0  0
115  0  70368 103048728 2396776 55665872    0    0     0 435972 154688 763714 77 21  1  0  0  0
124  0  70368 103049720 2396776 55665888    0    0     0 433368 154801 758742 78 21  1  0  0  0
126  0  70368 103046316 2396776 55665916    0    0     0 432300 155078 757408 77 21  1  0  0  0
116  0  70368 103050304 2396780 55665940    0    0     0 431864 154746 756657 77 21  2  0  0  0
83  0  70368 103060704 2396780 55665964    0    0     0 431824 153724 762751 78 21  1  0  0  0
125  0  70368 103050816 2396780 55665992    0    0     0 433872 154096 759079 78 21  2  0  0  0
124  0  70368 103064772 2396780 55666016    0    0     0 433596 156165 763192 77 21  2  0  0  0
120  0  70368 103089068 2396780 55666036    0    0     0 435160 155905 776125 78 20  3  0  0  0
103  0  70368 103077436 2396780 55666052    0    0     0 436164 155377 772200 78 20  1  0  0  0
101  1  70368 103058328 2396780 55666084    0    0     0 436604 154137 759212 77 21  2  0  0  0
113  0  70368 103057240 2396780 55666100    0    0     0 435840 154677 759192 78 21  1  0  0  0
120  0  70368 103061448 2396780 55666124    0    0     0 438464 154466 769970 77 21  1  0  0  0
procs -----------memory---------- ---swap-- -----io---- -system-- -------cpu-------
 r  b   swpd   free   buff  cache   si   so    bi    bo   in   cs us sy id wa st gu
125  0  70368 103059320 2396780 55666148    0    0     0 435776 154284 762141 78 21  1  0  0  0
117  0  70368 103053208 2396780 55666176    0    0     0 441280 154083 761789 78 20  1  0  0  0
130  0  70368 103060484 2396780 55666208    0    0     0 442644 154123 760931 78 21  1  0  0  0
128  0  70368 103054684 2396780 55666220    0    0     0 443784 155604 765176 77 21  2  0  0  0
113  1  70368 103053324 2396780 55666248    0    0     0 440944 154612 759366 78 21  1  0  0  0
106  1  70368 103056468 2396780 55666268    0    0     0 441724 155138 764768 77 21  2  0  0  0
114  0  70368 103048036 2396780 55666300    0    0     0 440040 153804 763618 78 21  1  0  0  0
123  1  70368 103064456 2396780 55666312    0    0     0 447008 157664 771022 78 20  2  0  0  0
111  0  70368 103059724 2396780 55666332    0    0     0 443244 155385 765901 78 20  1  0  0  0
118  0  70368 103054268 2396780 55666364    0    0     0 438920 154483 762525 78 21  1  0  0  0
119  0  70368 103049752 2396780 55666380    0    0     0 439424 154109 760518 78 21  2  0  0  0
134  0  70368 103048116 2396780 55666396    0    0     0 435820 153779 759779 78 21  1  0  0  0
124  0  70368 103061160 2396780 55666424    0    0     0 436764 154639 762257 78 21  1  0  0  0
104  0  70368 103065376 2396780 55666444    0    0     0 434820 155039 757377 77 21  1  0  0  0
128  0  70368 103066960 2396780 55666468    0    0     0 437932 156174 760616 77 21  2  0  0  0
98  1  70368 103053060 2396780 55666500    0    0     0 434584 156413 761914 78 21  1  0  0  0
111  1  70368 103050572 2396780 55666528    0    0     0 432868 157055 754247 77 21  2  0  0  0
125  0  70368 103044044 2396780 55666544    0    0     0 433248 161107 759631 77 21  2  0  0  0
119  0  70368 103030896 2396780 55666576    0    0     0 433940 163755 756968 78 21  1  0  0  0
120  0  70368 103053148 2396780 55666608    0    0     0 433388 163598 760358 77 21  2  0  0  0
115  0  70368 103056948 2396780 55666612    0    0     0 434460 156332 772163 77 21  2  0  0  0
procs -----------memory---------- ---swap-- -----io---- -system-- -------cpu-------
 r  b   swpd   free   buff  cache   si   so    bi    bo   in   cs us sy id wa st gu
114  0  70368 103047720 2396780 55666644    0    0     0 432068 155203 749159 77 21  1  0  0  0
114  0  70368 103046848 2396780 55666660    0    0     0 432348 156313 753646 77 21  2  0  0  0
106  0  70368 103044252 2396780 55666688    0    0     0 434064 155578 752336 77 21  1  0  0  0
125  0  70368 103045016 2396780 55666712    0    0     0 436240 155208 756366 77 21  1  0  0  0
124  0  70368 103059172 2396784 55666744    0    0     0 435576 154535 756451 78 21  1  0  0  0
131  0  70368 103048908 2396784 55666760    0    0     0 433664 154952 753424 77 21  2  0  0  0
130  0  70368 103054732 2396784 55666780    0    0     0 435012 154453 759364 77 21  2  0  0  0
107  1  70368 103054036 2396784 55666876    0    0     0 434148 155414 761948 78 21  1  0  0  0
109  0  70368 103051784 2396784 55666904    0    0     0 433552 154062 755905 77 21  1  0  0  0
121  0  70368 103050968 2396784 55666920    0    0     0 431928 152818 759338 78 21  1  0  0  0
92  0  70368 103067252 2396784 55666940    0    0     0 433712 154501 766051 78 21  2  0  0  0
123  1  70368 103065632 2396784 55667008    0    0     0 434216 156518 763262 78 20  2  0  0  0
91  0  70368 103046076 2396784 55667032    0    0     0 434656 154788 763003 78 21  1  0  0  0
114  0  70368 103044576 2396784 55667052    0    0     0 435040 157451 759336 78 21  1  0  0  0
121  0  70368 103048700 2396784 55667096    0    0     0 434052 156580 760851 77 21  2  0  0  0
117  0  70368 103051556 2396784 55667128    0    0     0 435716 154831 763540 78 21  1  0  0  0
113  0  70368 103048316 2396784 55667144    0    0     0 433084 154422 757695 78 21  1  0  0  0
114  0  70368 103040116 2396784 55667168    0    0     0 433460 154986 762338 78 21  1  0  0  0
104  0  70368 103050588 2396784 55667192    0    0     0 432808 154674 762110 77 21  1  0  0  0
127  0  70368 103041984 2396784 55667224    0    0     0 432696 154465 753161 77 21  1  0  0  0
136  0  70368 103051960 2396784 55667244    0    0     0 433136 154615 760447 77 21  2  0  0  0
procs -----------memory---------- ---swap-- -----io---- -system-- -------cpu-------
 r  b   swpd   free   buff  cache   si   so    bi    bo   in   cs us sy id wa st gu
108  0  70368 103054876 2396784 55667264    0    0     0 432980 154569 761793 78 21  1  0  0  0
117  0  70368 103057220 2396784 55667292    0    0     0 437336 155438 767444 78 21  1  0  0  0
138  0  70368 103069816 2396784 55667312    0    0     0 434940 154869 773897 78 20  2  0  0  0
119  0  70368 103055728 2396784 55667324    0    0     0 435252 155187 766474 78 21  1  0  0  0
117  0  70368 103047428 2396784 55667356    0    0     0 435492 155254 759337 78 21  1  0  0  0
122  0  70368 103051968 2396784 55667380    0    0     0 437560 154898 764727 77 21  2  0  0  0
126  0  70368 103050060 2396784 55667408    0    0     0 437152 155373 759916 77 21  1  0  0  0
120  0  70368 103045572 2396784 55667440    0    0     0 434140 154382 759591 78 21  1  0  0  0
120  0  70368 103053372 2396788 55667464    0    0     0 432728 152539 760028 78 21  1  0  0  0
108  0  70368 103054608 2396788 55667476    0    0     0 433484 154751 758810 78 21  1  0  0  0
114  0  70368 103060076 2396788 55667504    0    0     0 429632 153789 758019 78 21  1  0  0  0
102  0  70368 103051268 2396788 55667536    0    0     0 432036 153401 757118 78 21  1  0  0  0
116  0  70368 103047284 2396788 55667568    0    0     0 432080 153238 758831 77 21  2  0  0  0
127  0  70368 103043928 2396792 55667576    0    0     0 434056 154526 762099 78 21  1  0  0  0
121  1  70368 103070004 2396792 55667596    0    0     0 436000 154792 778268 78 20  2  0  0  0
115  0  70368 103065616 2396792 55667620    0    0     0 433180 154144 773323 78 21  1  0  0  0
131  0  70368 103045564 2396792 55667644    0    0     0 435276 154816 759810 78 21  1  0  0  0
118  0  70368 103049652 2396792 55667668    0    0     0 433584 154997 759344 78 21  1  0  0  0
127  0  70368 103051152 2396792 55667696    0    0     0 433016 154754 757333 77 21  2  0  0  0
128  0  70368 103054104 2396792 55667716    0    0     0 433468 155563 756683 77 21  2  0  0  0
110  1  70368 103051992 2396792 55667736    0    0     0 435432 155070 761000 77 21  1  0  0  0
procs -----------memory---------- ---swap-- -----io---- -system-- -------cpu-------
 r  b   swpd   free   buff  cache   si   so    bi    bo   in   cs us sy id wa st gu
115  0  70368 103057132 2396792 55667764    0    0     0 431676 156939 761253 77 21  2  0  0  0
89  0  70368 103053644 2396792 55667796    0    0     0 434808 154248 758066 78 21  1  0  0  0
117  0  70368 103046640 2396792 55667812    0    0     0 435128 154680 766010 78 21  1  0  0  0
112  0  70368 103048920 2396792 55667828    0    0     0 433940 155388 762076 77 21  2  0  0  0
119  0  70368 103048300 2396792 55667848    0    0     0 433608 154697 766949 78 21  1  0  0  0
135  0  70368 103065624 2396792 55667868    0    0     0 435164 155213 767792 78 20  2  0  0  0
115  0  70368 103055656 2396792 55667892    0    0     0 436108 155128 767488 78 20  1  0  0  0
118  0  70368 103051172 2396792 55667928    0    0     0 434912 154877 761532 78 21  1  0  0  0
116  0  70368 103057476 2396792 55667952    0    0     0 433476 154594 761238 78 21  1  0  0  0
115  0  70368 103056764 2396792 55667972    0    0     0 432904 155282 759028 77 21  2  0  0  0
112  0  70368 103058008 2396792 55668000    0    0     0 432836 153858 761407 78 21  1  0  0  0
130  0  70368 103051784 2396792 55668024    0    0     0 431092 157525 755102 77 21  2  0  0  0
116  0  70368 103049292 2396792 55668044    0    0     0 431592 153160 758953 78 21  1  0  0  0
129  0  70368 103033372 2396792 55668068    0    0     0 436032 153977 759872 78 21  1  0  0  0
116  0  70368 103029464 2396792 55668088    0    0     0 436192 153763 759047 78 21  1  0  0  0
108  0  70368 103031752 2396792 55668116    0    0     0 434768 154922 759854 78 21  1  0  0  0
123  0  70368 103024788 2396792 55668136    0    0     0 431228 155090 755676 77 21  2  0  0  0
114  0  70368 103038808 2396792 55668160    0    0     0 433284 154301 768302 78 21  1  0  0  0
120  0  70368 103055824 2396792 55668176    0    0     0 438140 156158 775217 78 20  1  0  0  0
103  0  70368 103049092 2396792 55668204    0    0     0 436440 154992 759939 78 21  1  0  0  0
130  0  70368 103040532 2396792 55668224    0    0     0 432948 155207 761891 78 21  1  0  0  0
procs -----------memory---------- ---swap-- -----io---- -system-- -------cpu-------
 r  b   swpd   free   buff  cache   si   so    bi    bo   in   cs us sy id wa st gu
126  0  70368 103038488 2396792 55668252    0    0     0 435212 154267 760103 78 21  1  0  0  0
105  0  70368 103038928 2396796 55668276    0    0     0 434672 155814 754447 77 21  2  0  0  0
111  0  70368 103037256 2396796 55668296    0    0     0 434960 155428 756763 77 21  2  0  0  0
87  1  70368 103048112 2396796 55668324    0    0     0 435420 154911 758787 77 21  2  0  0  0
124  0  70368 103043072 2396796 55668424    0    0     0 437924 156168 762610 78 21  1  0  0  0
111  1  70368 103055016 2396796 55668464    0    0     0 436812 153504 762216 78 21  1  0  0  0
115  0  70368 103057492 2396796 55668484    0    0     0 434604 154333 761399 78 21  1  0  0  0
111  0  70368 103044776 2396796 55668504    0    0     0 435280 155046 761797 78 21  1  0  0  0
135  0  70368 103061972 2396796 55668536    0    0     0 434764 156797 769214 78 21  1  0  0  0
116  1  70368 103068232 2396796 55668556    0    0     0 438348 155875 773550 79 20  1  0  0  0
111  0  70368 103049764 2396796 55668576    0    0     0 437576 156241 760582 77 21  1  0  0  0
127  1  70368 103048708 2396796 55668600    0    0     0 436956 154563 761984 78 21  1  0  0  0
108  0  70368 103042536 2396796 55668628    0    0     0 436228 154908 761805 77 21  1  0  0  0
113  0  70368 103041756 2396796 55668648    0    0     0 436620 154709 758391 77 21  2  0  0  0
108  0  70368 103053360 2396796 55668672    0    0     0 432712 154842 761870 77 21  2  0  0  0
119  0  70368 103051348 2396796 55668696    0    0     0 433776 153979 756753 78 21  2  0  0  0
123  0  70368 103041184 2396796 55668720    0    0     0 438228 155080 761195 78 21  1  0  0  0
112  0  70368 103043008 2396796 55668744    0    0     0 441544 155416 764475 77 21  1  0  0  0
118  0  70368 103044892 2396796 55668768    0    0     0 438828 153853 759411 78 21  1  0  0  0
135  0  70368 103045832 2396796 55668792    0    0     0 437684 153080 761104 78 21  1  0  0  0
108  1  70368 103039332 2396796 55668816    0    0     0 441012 155305 761444 77 21  2  0  0  0
procs -----------memory---------- ---swap-- -----io---- -system-- -------cpu-------
 r  b   swpd   free   buff  cache   si   so    bi    bo   in   cs us sy id wa st gu
119  0  70368 103055700 2396796 55668832    0    0     0 443924 155995 776701 78 20  2  0  0  0
133  0  70368 103057172 2396796 55668856    0    0     0 443344 156985 765640 78 21  1  0  0  0
124  0  70368 103052808 2396796 55668888    0    0     0 444516 155344 759785 78 21  1  0  0  0
111  0  70368 103041928 2396796 55668916    0    0     0 440800 155637 757458 77 21  2  0  0  0
123  0  70368 103046020 2396796 55668940    0    0     0 441276 155588 757623 77 21  1  0  0  0
128  0  70368 103053032 2396796 55668956    0    0     0 437848 156135 757501 77 21  2  0  0  0
110  1  70368 103051448 2396796 55668976    0    0     0 441672 154223 763455 78 21  1  0  0  0
125  0  70368 103046112 2396796 55669004    0    0     0 443456 154660 760353 78 21  1  0  0  0
119  0  70368 103057376 2396796 55669028    0    0     0 440764 155311 759451 78 21  1  0  0  0
108  0  70368 103042228 2396796 55669060    0    0     0 441940 155771 761824 78 21  1  0  0  0
121  0  70368 103045592 2396796 55669084    0    0     0 442396 154527 761014 78 21  1  0  0  0
118  0  70368 103039548 2396796 55669108    0    0     0 437000 154410 757909 77 21  2  0  0  0
97  1  70368 103058216 2396796 55669132    0    0     0 442208 156627 776519 78 20  2  0  0  0
108  0  70368 103049100 2396796 55669140    0    0     0 440000 154935 759809 78 21  1  0  0  0
129  0  70368 103043280 2396796 55669164    0    0     0 439028 156045 761829 77 21  1  0  0  0
116  0  70368 103038960 2396800 55669196    0    0     0 437784 154415 761812 78 21  1  0  0  0
124  1  70368 103038528 2396800 55669212    0    0     0 433420 152947 755863 78 21  1  0  0  0
119  0  70368 103040644 2396800 55669236    0    0     0 437204 154367 759637 77 21  2  0  0  0
105  0  70368 103036808 2396800 55669260    0    0     0 436564 154876 761377 78 21  1  0  0  0
115  0  70368 103042384 2396800 55669284    0    0     0 436624 155669 761386 78 21  2  0  0  0
112  0  70368 103033820 2396800 55669304    0    0     0 437188 155392 757381 77 21  1  0  0  0
procs -----------memory---------- ---swap-- -----io---- -system-- -------cpu-------
 r  b   swpd   free   buff  cache   si   so    bi    bo   in   cs us sy id wa st gu
123  0  70368 103045444 2396800 55669332    0    0     0 435960 154648 761683 77 21  1  0  0  0
115  0  70368 103043560 2396800 55669360    0    0     0 436396 153472 761955 78 21  1  0  0  0
119  0  70368 103038508 2396800 55669380    0    0     0 437924 155979 758488 77 21  2  0  0  0
112  0  70368 103071784 2396800 55669408    0    0     0 436316 155102 771435 78 20  2  0  0  0
122  0  70368 103071676 2396800 55669424    0    0     0 437056 155584 758528 78 20  2  0  0  0
129  1  70368 103057396 2396800 55669456    0    0     0 438420 156341 763800 78 21  2  0  0  0
117  0  70368 103048896 2396800 55669480    0    0     0 435548 154603 760142 77 21  2  0  0  0
98  0  70368 103043608 2396800 55669492    0    0     0 440020 154657 762147 78 21  1  0  0  0
104  0  70368 103044796 2396800 55669520    0    0     0 439032 154840 760502 78 21  1  0  0  0
125  0  70368 103044380 2396800 55669548    0    0     0 437216 155598 759610 77 21  2  0  0  0
119  1  70368 103058704 2396800 55669572    0    0     0 438504 156425 763752 77 21  2  0  0  0
126  1  70368 103048280 2396800 55669600    0    0     0 439796 155002 765470 77 21  1  0  0  0
120  0  70368 103047548 2396800 55669616    0    0     0 439508 154385 761709 78 21  1  0  0  0
124  0  70368 103042116 2396800 55669640    0    0     0 440020 153918 759868 78 21  1  0  0  0
109  0  70368 103040928 2396804 55669656    0    0     0 439856 154973 764634 78 21  1  0  0  0
101  0  70368 103056512 2396804 55669684    0    0     0 436252 155048 769077 77 21  2  0  0  0
117  0  70368 103061440 2396804 55669704    0    0     0 438176 155800 776989 78 20  2  0  0  0
120  0  70368 103050772 2396804 55669716    0    0     0 439856 154731 761779 78 21  1  0  0  0
108  0  70368 103051936 2396804 55669744    0    0     0 439360 152770 759352 78 21  1  0  0  0
104  0  70368 103044816 2396804 55669772    0    0     0 439772 154616 763259 78 21  1  0  0  0
118  1  70368 103034448 2396804 55669800    0    0     0 442444 155158 762656 78 21  1  0  0  0
procs -----------memory---------- ---swap-- -----io---- -system-- -------cpu-------
 r  b   swpd   free   buff  cache   si   so    bi    bo   in   cs us sy id wa st gu
111  0  70368 103033900 2396804 55669824    0    0     0 438104 155291 760175 77 21  1  0  0  0
126  0  70368 103032752 2396804 55669912    0    0     0 437476 154188 762068 78 21  1  0  0  0
136  0  70368 103041324 2396804 55669928    0    0     0 438984 154103 763394 78 21  1  0  0  0
112  0  70368 103045020 2396804 55669968    0    0     0 435436 157084 755996 77 21  2  0  0  0
122  0  70368 103036224 2396804 55669988    0    0     0 434808 155970 755109 77 21  2  0  0  0
129  0  70368 103034024 2396804 55670004    0    0     0 435700 154295 758194 77 21  2  0  0  0
123  0  70368 103044352 2396804 55670040    0    0     0 432724 156930 758250 77 21  2  0  0  0
121  1  70368 103047568 2396804 55670040    0    0     0 437164 154857 764160 78 21  1  0  0  0
117  0  70368 103045008 2396804 55670060    0    0     0 435640 157083 755093 77 21  2  0  0  0
130  0  70368 103044668 2396804 55670088    0    0     0 435300 154046 758555 77 21  1  0  0  0
124  0  70368 103040552 2396804 55670112    0    0     0 436928 154223 758141 78 21  1  0  0  0
113  0  70368 103040432 2396804 55670136    0    0     0 440352 155304 760155 77 21  1  0  0  0
120  1  70368 103040768 2396804 55670160    0    0     0 438608 155356 759626 78 21  1  0  0  0
113  0  70368 103027944 2396808 55670180    0    0     0 437264 154790 759489 78 21  1  0  0  0
117  0  70368 103033240 2396808 55670216    0    0     0 439428 154304 762727 78 21  1  0  0  0
121  0  70368 103040184 2396808 55670236    0    0     0 437832 154437 761575 78 21  1  0  0  0
124  0  70368 103044460 2396808 55670264    0    0     0 436204 153272 760699 78 21  1  0  0  0
117  0  70368 103037396 2396808 55670280    0    0     0 437600 155313 764809 77 21  1  0  0  0
129  0  70368 103051880 2396808 55670304    0    0     0 437712 155232 764103 78 20  1  0  0  0
128  1  70368 103059152 2396808 55670324    0    0     0 435136 156257 778074 78 20  2  0  0  0
126  0  70368 103046436 2396808 55670340    0    0     0 434576 155079 756176 77 21  1  0  0  0
procs -----------memory---------- ---swap-- -----io---- -system-- -------cpu-------
 r  b   swpd   free   buff  cache   si   so    bi    bo   in   cs us sy id wa st gu
122  1  70368 103044592 2396808 55670368    0    0     0 435268 153131 757788 78 21  1  0  0  0
125  0  70368 103040936 2396808 55670400    0    0     0 439384 153728 760297 78 21  1  0  0  0
104  0  70368 103039704 2396816 55670416    0    0     0 437252 154095 763590 78 21  1  0  0  0
126  0  70368 103036076 2396816 55670444    0    0     0 439320 154656 760195 78 21  1  0  0  0
114  0  70368 103026764 2396816 55670480    0    0     0 438796 155027 758356 77 21  2  0  0  0
106  0  70368 103039612 2396816 55670496    0    0     0 439304 153808 764793 78 21  1  0  0  0
123  0  70368 103040840 2396816 55670516    0    0     0 439424 154209 760396 78 21  1  0  0  0
89  0  70368 103042828 2396816 55670544    0    0     0 438804 155604 764285 78 21  1  0  0  0
115  0  70368 103047384 2396816 55670564    0    0     0 438468 154311 755883 78 21  1  0  0  0
107  0  70368 103055256 2396816 55670588    0    0     0 436276 155597 761165 77 21  2  0  0  0
114  0  70368 103071244 2396816 55670608    0    0     0 438004 156368 763292 78 20  2  0  0  0
119  0  70368 103064164 2396816 55670624    0    0     0 438852 154426 763768 78 20  1  0  0  0
117  0  70368 103056780 2396816 55670652    0    0     0 439088 156299 759024 77 21  2  0  0  0
106  0  70368 103045024 2396816 55670676    0    0     0 437660 155962 761907 77 21  2  0  0  0
114  0  70368 103042424 2396816 55670700    0    0     0 439344 155330 761099 78 21  1  0  0  0
121  0  70368 103035160 2396816 55670728    0    0     0 436376 153355 759967 78 21  1  0  0  0
122  0  70368 103041100 2396816 55670744    0    0     0 434532 154203 755422 77 21  2  0  0  0
117  0  70368 103040516 2396816 55670772    0    0     0 434940 153851 765175 78 21  1  0  0  0
107  0  70368 103037172 2396816 55670788    0    0     0 438800 155076 759587 78 21  1  0  0  0
110  0  70368 103052572 2396816 55670808    0    0     0 440180 153936 766042 77 21  1  0  0  0
120  0  70368 103048400 2396816 55670832    0    0     0 439868 154205 761139 78 21  1  0  0  0
procs -----------memory---------- ---swap-- -----io---- -system-- -------cpu-------
 r  b   swpd   free   buff  cache   si   so    bi    bo   in   cs us sy id wa st gu
122  0  70368 103041848 2396816 55670856    0    0     0 439056 154043 760151 78 21  1  0  0  0
127  0  70368 103059244 2396820 55670884    0    0     0 432024 153734 767906 78 20  1  0  0  0
132  1  70368 103061400 2396820 55670904    0    0     0 436408 155518 764134 78 20  2  0  0  0
117  1  70368 103044120 2396820 55670924    0    0     0 436476 154402 762945 78 21  1  0  0  0
123  0  70368 103039064 2396820 55670948    0    0     0 438312 154412 764140 78 21  1  0  0  0
115  0  70368 103036908 2396820 55670984    0    0     0 438456 154445 760353 78 21  1  0  0  0
110  0  70368 103030668 2396820 55671000    0    0     0 435908 155018 761933 78 21  1  0  0  0
119  1  70368 103034268 2396820 55671024    0    0     0 439860 156347 763467 77 21  1  0  0  0
124  0  70368 103021888 2396820 55671040    0    0     0 439748 155926 757060 78 21  2  0  0  0
130  1  70368 103031740 2396820 55671064    0    0     0 437480 155737 761466 77 21  2  0  0  0
133  0  70368 103028268 2396820 55671092    0    0     0 437716 153882 754671 78 21  1  0  0  0
116  0  70368 103036108 2396820 55671124    0    0     0 427224 152522 751530 77 21  2  0  0  0
124  0  70368 103041936 2396820 55671144    0    0     0 430288 151802 751683 77 21  2  0  0  0
122  0  70368 103048744 2396820 55671164    0    0     0 432724 151975 768803 78 20  2  0  0  0
104  0  70368 103059072 2396820 55671180    0    0     0 429784 152193 764812 77 20  2  0  0  0
127  0  70368 103052352 2396820 55671208    0    0     0 433260 152559 757158 78 21  1  0  0  0
122  0  70368 103046832 2396820 55671228    0    0     0 434400 154160 754885 78 21  1  0  0  0
133  0  70368 103040772 2396820 55671256    0    0     0 441600 158895 754862 77 21  2  0  0  0
112  0  70368 103031696 2396820 55671352    0    0     0 435840 155076 749782 76 21  2  0  0  0
106  0  70368 103042112 2396820 55671380    0    0     0 437768 156145 750615 77 21  2  0  0  0
122  0  70368 103040936 2396820 55671404    0    0     0 441156 156681 755704 77 21  2  0  0  0
procs -----------memory---------- ---swap-- -----io---- -system-- -------cpu-------
 r  b   swpd   free   buff  cache   si   so    bi    bo   in   cs us sy id wa st gu
103  0  70368 103037516 2396820 55671424    0    0     0 443908 154756 756725 77 21  1  0  0  0
113  0  70368 103033976 2396820 55671456    0    0     0 441008 154862 759175 77 21  1  0  0  0
121  1  70368 103036788 2396820 55671476    0    0     0 439624 154800 760759 77 21  1  0  0  0
123  0  70368 103038444 2396820 55671500    0    0     0 443692 154635 761827 77 21  1  0  0  0
113  0  70368 103045892 2396820 55671532    0    0     0 446436 156265 770191 78 21  1  0  0  0
123  0  70368 103050952 2396820 55671548    0    0     0 446136 156643 763268 78 20  2  0  0  0
108  0  70368 103042424 2396820 55671568    0    0     0 442936 155409 761981 77 21  1  0  0  0
121  0  70368 103033304 2396820 55671592    0    0     0 443884 155117 763214 78 21  1  0  0  0
119  0  70368 103037184 2396820 55671624    0    0     0 440052 154577 758583 78 21  1  0  0  0
145  0  70368 103042332 2396820 55671648    0    0     0 440824 154796 764157 77 21  2  0  0  0
123  0  70368 103040208 2396820 55671664    0    0     0 441100 154314 759104 78 21  1  0  0  0
122  0  70368 103025416 2396820 55671688    0    0     0 442300 155193 764487 78 21  1  0  0  0
111  0  70368 103026676 2396820 55671712    0    0     0 435688 156687 752650 77 21  2  0  0  0
120  0  70368 103039500 2396820 55671728    0    0     0 437348 155034 754915 77 21  2  0  0  0
123  0  70368 103030808 2396820 55671760    0    0     0 438460 154813 761371 77 21  2  0  0  0
127  1  70368 103033012 2396820 55671784    0    0     0 439340 154406 763066 77 21  1  0  0  0
122  1  70368 103048080 2396820 55671808    0    0     0 439216 155225 767319 78 20  2  0  0  0
111  1  70368 103061892 2396820 55671828    0    0     0 439192 154986 772779 79 20  1  0  0  0
112  0  70368 103053292 2396820 55671852    0    0     0 436388 154902 758375 77 21  2  0  0  0
113  0  70368 103040504 2396820 55671880    0    0     0 440124 155451 761483 78 21  1  0  0  0
112  0  70368 103034432 2396824 55671896    0    0     0 442156 155375 761853 78 21  1  0  0  0
procs -----------memory---------- ---swap-- -----io---- -system-- -------cpu-------
 r  b   swpd   free   buff  cache   si   so    bi    bo   in   cs us sy id wa st gu
122  0  70368 103040844 2396824 55671924    0    0     0 440496 155148 762422 78 21  1  0  0  0
120  0  70368 103041456 2396824 55671948    0    0     0 438996 155510 761737 78 21  1  0  0  0
124  0  70368 103043716 2396824 55671976    0    0     0 436940 154881 760057 77 21  2  0  0  0
97  0  70368 103033432 2396824 55672000    0    0     0 437656 156477 758511 77 21  2  0  0  0
126  0  70368 103029056 2396824 55672032    0    0     0 436264 156019 755704 77 21  2  0  0  0
119  0  70368 103033400 2396824 55672060    0    0     0 434924 154648 762411 77 21  1  0  0  0
123  0  70368 103025472 2396824 55672084    0    0     0 437228 155666 760744 77 21  1  0  0  0
118  0  70368 103038968 2396824 55672116    0    0     0 438468 154927 761782 78 21  1  0  0  0
118  0  70368 103058020 2396824 55672132    0    0     0 442068 156523 773639 78 20  2  0  0  0
116  0  70368 103054928 2396824 55672144    0    0     0 438820 154928 771086 78 20  1  0  0  0
120  0  70368 103041556 2396824 55672164    0    0     0 443068 155314 760645 78 21  1  0  0  0
130  0  70368 103042452 2396824 55672188    0    0     0 439676 154143 763150 77 21  1  0  0  0
123  0  70368 103038036 2396824 55672216    0    0     0 437176 155176 762440 78 21  1  0  0  0
119  0  70368 103038300 2396824 55672236    0    0     0 434988 154383 762085 77 21  1  0  0  0
107  0  70368 103035684 2396824 55672268    0    0     0 435316 153981 758412 78 21  1  0  0  0
115  0  70368 103026576 2396824 55672292    0    0     0 435348 155204 755999 77 21  2  0  0  0
129  0  70368 103022224 2396824 55672316    0    0     0 437396 155163 764544 77 21  2  0  0  0
125  0  70368 103028112 2396824 55672336    0    0     0 442316 155933 763470 78 21  1  0  0  0
121  0  70368 103035584 2396824 55672364    0    0     0 440448 156083 761144 77 21  2  0  0  0
116  0  70368 103036972 2396824 55672396    0    0     0 438928 155302 762526 78 21  1  0  0  0
117  0  70368 103057548 2396824 55672412    0    0     0 440016 155732 773443 78 20  2  0  0  0
procs -----------memory---------- ---swap-- -----io---- -system-- -------cpu-------
 r  b   swpd   free   buff  cache   si   so    bi    bo   in   cs us sy id wa st gu
115  0  70368 103053996 2396824 55672424    0    0     0 436688 154762 770583 78 21  1  0  0  0
131  0  70368 103049508 2396824 55672456    0    0     0 436300 153739 758069 78 21  1  0  0  0
115  0  70368 103040380 2396824 55672480    0    0     0 436436 154425 759671 78 21  1  0  0  0
118  0  70368 103029640 2396824 55672504    0    0     0 435220 155129 759760 78 21  2  0  0  0
119  0  70368 103026052 2396824 55672524    0    0     0 435252 155943 758630 77 21  1  0  0  0
116  0  70368 103028152 2396824 55672548    0    0     0 436252 154154 758706 78 21  1  0  0  0
119  0  70368 103011920 2396824 55672572    0    0     0 435840 154684 764152 78 21  1  0  0  0
99  0  70368 103023276 2396824 55672600    0    0     0 430252 153829 756106 77 21  2  0  0  0
119  1  70368 103036140 2396828 55672624    0    0     0 436220 153954 760640 78 21  1  0  0  0
113  0  70368 103040572 2396828 55672652    0    0     0 436828 154811 756505 77 21  2  0  0  0
124  0  70368 103048916 2396828 55672668    0    0     0 437140 156380 757761 77 21  2  0  0  0
120  0  70368 103061152 2396828 55672696    0    0     0 436580 156332 768926 77 21  2  0  0  0
104  0  70368 103053532 2396828 55672720    0    0     0 436432 156001 770389 78 20  1  0  0  0
120  0  70368 103045292 2396828 55672740    0    0     0 436716 154342 755253 77 21  2  0  0  0
120  0  70368 103031832 2396828 55672768    0    0     0 437772 153808 757715 78 21  1  0  0  0
111  0  70368 103024424 2396828 55672792    0    0     0 434640 154270 754781 77 21  2  0  0  0
117  0  70368 103041332 2396828 55672900    0    0     0 436728 154580 757149 77 21  2  0  0  0
105  0  70368 103033496 2396828 55672924    0    0     0 436876 155105 761393 77 21  2  0  0  0
103  0  70368 103031416 2396828 55672944    0    0     0 441260 155552 761825 78 21  1  0  0  0
110  0  70368 103027204 2396828 55672972    0    0     0 440252 155104 764437 77 21  2  0  0  0
126  1  70368 103020220 2396828 55672992    0    0     0 436744 154780 758490 78 21  1  0  0  0
procs -----------memory---------- ---swap-- -----io---- -system-- -------cpu-------
 r  b   swpd   free   buff  cache   si   so    bi    bo   in   cs us sy id wa st gu
128  0  70368 103022596 2396828 55673012    0    0     0 439208 154289 761592 78 21  1  0  0  0
125  0  70368 103021780 2396828 55673036    0    0     0 438004 154137 763426 77 21  1  0  0  0
127  0  70368 103041472 2396828 55673060    0    0     0 437528 154700 771378 78 20  1  0  0  0
114  0  70368 103048908 2396828 55673076    0    0     0 437900 155005 770855 78 20  1  0  0  0
116  0  70368 103040340 2396828 55673096    0    0     0 435372 154963 757892 77 21  2  0  0  0
119  0  70368 103026840 2396828 55673128    0    0     0 434620 153971 761596 78 21  1  0  0  0
111  0  70368 103025240 2396828 55673148    0    0     0 437592 153474 760843 78 21  1  0  0  0
124  0  70368 103028512 2396828 55673172    0    0     0 437164 154725 767032 78 21  1  0  0  0
117  0  70368 103020916 2396828 55673204    0    0     0 437444 155513 761354 78 21  1  0  0  0
125  0  70368 103028128 2396828 55673232    0    0     0 431848 152787 756113 77 21  1  0  0  0
108  1  70368 103024720 2396828 55673248    0    0     0 436480 154916 760865 78 21  2  0  0  0
118  1  70368 103029964 2396828 55673268    0    0     0 436672 155149 758468 77 21  1  0  0  0
121  1  70368 103023200 2396828 55673292    0    0     0 436864 154817 761275 78 21  1  0  0  0
111  0  70368 103021792 2396828 55673320    0    0     0 440072 153808 761609 78 21  1  0  0  0
119  1  70368 103021560 2396828 55673344    0    0     0 440564 155103 768372 78 20  1  0  0  0
114  0  70368 103036708 2396828 55673360    0    0     0 440496 156639 776411 78 20  2  0  0  0
120  0  70368 103040804 2396828 55673384    0    0     0 438880 154701 754849 77 21  1  0  0  0
124  0  70368 103035780 2396828 55673404    0    0     0 436556 155845 757334 77 21  2  0  0  0
124  0  70368 103027036 2396828 55673436    0    0     0 438648 154421 763841 78 21  1  0  0  0
132  0  70368 103036560 2396828 55673468    0    0     0 437388 155463 761487 77 21  2  0  0  0
106  0  70368 103036140 2396828 55673488    0    0     0 434456 154686 756801 77 21  2  0  0  0
procs -----------memory---------- ---swap-- -----io---- -system-- -------cpu-------
 r  b   swpd   free   buff  cache   si   so    bi    bo   in   cs us sy id wa st gu
122  0  70368 103029424 2396828 55673512    0    0     0 437136 155535 760581 78 21  1  0  0  0
84  0  70368 103030364 2396828 55673528    0    0     0 437416 155140 761036 77 21  1  0  0  0
103  0  70368 103018288 2396828 55673552    0    0     0 435712 155790 759219 77 21  2  0  0  0
103  1  70368 103026004 2396828 55673576    0    0     0 439564 154329 761701 78 21  1  0  0  0
130  0  70368 103032108 2396828 55673600    0    0     0 437460 155126 762831 78 21  1  0  0  0
113  0  70368 103036944 2396828 55673624    0    0     0 439808 155697 766593 78 21  1  0  0  0
111  0  70368 103048956 2396828 55673652    0    0     0 439296 156155 770348 78 20  2  0  0  0
121  0  70368 103038780 2396828 55673668    0    0     0 441544 155604 762132 78 21  1  0  0  0
128  0  70368 103037588 2396828 55673700    0    0     0 439264 155887 757335 77 21  2  0  0  0
127  0  70368 103037428 2396828 55673724    0    0     0 438172 157396 760546 77 21  2  0  0  0
118  0  70368 103038876 2396828 55673744    0    0     0 437432 153934 762786 77 21  1  0  0  0
94  0  70368 103036404 2396828 55673756    0    0     0 433020 153360 760085 78 21  1  0  0  0
111  0  70368 103032372 2396828 55673788    0    0     0 439996 154922 762089 78 21  1  0  0  0
122  0  70368 103034232 2396828 55673812    0    0     0 440040 154460 767200 78 21  1  0  0  0
100  0  70368 103031508 2396828 55673828    0    0     0 437416 153138 759458 78 21  1  0  0  0
114  1  70368 103034844 2396828 55673856    0    0     0 437764 153397 759792 78 21  1  0  0  0
115  0  70368 103036976 2396828 55673884    0    0     0 440092 154982 763663 78 21  1  0  0  0
110  1  70368 103034952 2396828 55673904    0    0     0 441548 155260 763041 78 21  1  0  0  0
136  0  70368 103052872 2396828 55673932    0    0     0 441688 156368 772651 78 20  2  0  0  0
123  0  70368 103047944 2396828 55673948    0    0     0 443052 157875 772611 77 20  2  0  0  0
107  0  70368 103049636 2396828 55673968    0    0     0 441008 157580 756140 77 21  2  0  0  0
procs -----------memory---------- ---swap-- -----io---- -system-- -------cpu-------
 r  b   swpd   free   buff  cache   si   so    bi    bo   in   cs us sy id wa st gu
120  0  70368 103040628 2396828 55673984    0    0     0 439396 157131 761422 78 21  1  0  0  0
108  0  70368 103033952 2396828 55674012    0    0     0 442172 155152 759883 77 21  2  0  0  0
115  0  70368 103032444 2396828 55674048    0    0     0 441340 155183 761903 78 21  1  0  0  0
126  0  70368 103043032 2396828 55674068    0    0     0 441804 154259 761371 77 21  1  0  0  0
116  0  70368 103029556 2396828 55674092    0    0     0 440940 154949 763342 77 21  1  0  0  0
117  0  70368 103026484 2396828 55674124    0    0     0 441776 155133 762413 78 21  1  0  0  0
120  0  70368 103020316 2396828 55674148    0    0     0 440228 154197 758724 78 21  1  0  0  0
125  0  70368 103026956 2396828 55674172    0    0     0 441856 156238 763097 77 21  2  0  0  0
108  0  70368 103035872 2396828 55674196    0    0     0 439660 155433 763845 77 21  2  0  0  0
122  1  70368 103043432 2396828 55674220    0    0     0 440308 155870 768443 78 20  2  0  0  0
108  0  70368 103048168 2396828 55674228    0    0     0 439608 155604 765616 78 20  1  0  0  0
114  0  70368 103027308 2396828 55674256    0    0     0 441608 154932 763554 78 21  1  0  0  0
122  0  70368 103024416 2396828 55674284    0    0     0 439388 154864 757462 77 21  2  0  0  0
128  1  70368 103017756 2396828 55674376    0    0     0 433384 152319 756828 78 21  1  0  0  0
102  0  70368 103019512 2396828 55674400    0    0     0 437320 154056 763866 78 21  1  0  0  0
121  0  70368 103025396 2396828 55674428    0    0     0 437676 154113 763021 78 21  1  0  0  0
122  1  70368 103017704 2396828 55674456    0    0     0 436876 155185 755312 77 21  2  0  0  0
119  0  70368 103025116 2396828 55674476    0    0     0 439616 154406 765218 78 21  1  0  0  0
112  1  70368 103015700 2396828 55674504    0    0     0 439500 155032 759519 77 21  2  0  0  0
114  0  70368 103032872 2396828 55674528    0    0     0 440524 154296 763926 77 21  1  0  0  0
117  0  70368 103033596 2396828 55674548    0    0     0 437560 154586 761099 77 21  1  0  0  0
procs -----------memory---------- ---swap-- -----io---- -system-- -------cpu-------
 r  b   swpd   free   buff  cache   si   so    bi    bo   in   cs us sy id wa st gu
108  0  70368 103047340 2396828 55674576    0    0     0 436760 155857 769632 77 20  2  0  0  0
115  0  70368 103059128 2396828 55674600    0    0     0 439004 154836 775216 78 20  1  0  0  0
116  0  70368 103036236 2396828 55674620    0    0     0 438536 154918 759052 77 21  1  0  0  0
102  0  70368 103034424 2396828 55674640    0    0     0 438844 155398 757308 77 21  2  0  0  0
119  0  70368 103025772 2396828 55674660    0    0     0 442320 155054 761399 78 21  1  0  0  0
116  0  70368 103026204 2396828 55674688    0    0     0 437524 154619 758583 78 20  1  0  0  0
116  0  70368 103017852 2396828 55674704    0    0     0 441232 153672 763292 78 21  1  0  0  0
123  0  70368 103018900 2396828 55674728    0    0     0 437292 154927 760391 78 21  2  0  0  0
90  0  70368 103019348 2396828 55674752    0    0     0 442392 155828 763131 78 21  1  0  0  0
127  0  70368 103021232 2396828 55674776    0    0     0 438888 154186 765610 78 21  1  0  0  0
120  0  70368 103015156 2396828 55674804    0    0     0 435032 154652 760764 77 21  2  0  0  0
126  0  70368 103018100 2396828 55674828    0    0     0 439132 154814 761455 77 21  1  0  0  0
126  0  70368 103032064 2396828 55674860    0    0     0 440480 155140 768039 78 21  1  0  0  0
112  0  70368 103047412 2396828 55674872    0    0     0 438332 155202 769588 78 20  2  0  0  0
107  0  70368 103035564 2396828 55674888    0    0     0 436760 153924 761059 78 21  1  0  0  0
104  1  70368 103030716 2396828 55674916    0    0     0 435604 153533 759823 78 21  1  0  0  0
124  0  70368 103027504 2396828 55674940    0    0     0 438740 156217 759291 77 21  2  0  0  0
117  0  70368 103033220 2396828 55674964    0    0     0 441812 155688 761651 78 21  1  0  0  0
110  0  70368 103024832 2396828 55674988    0    0     0 436388 152938 759173 78 21  1  0  0  0
129  0  70368 103015536 2396828 55675020    0    0     0 438200 154169 761791 78 21  1  0  0  0
119  0  70368 103012832 2396828 55675044    0    0     0 439728 155360 764720 78 21  1  0  0  0
procs -----------memory---------- ---swap-- -----io---- -system-- -------cpu-------
 r  b   swpd   free   buff  cache   si   so    bi    bo   in   cs us sy id wa st gu
127  0  70368 103017560 2396828 55675072    0    0     0 436236 154982 761850 78 21  1  0  0  0
107  0  70368 103019300 2396828 55675096    0    0     0 433668 154907 757725 78 21  2  0  0  0
123  0  70368 103026396 2396828 55675120    0    0     0 438388 153767 761921 77 21  1  0  0  0
129  0  70368 103026064 2396828 55675140    0    0     0 440216 156787 764085 77 21  2  0  0  0
112  0  70368 103037368 2396828 55675156    0    0     0 438864 156802 771336 78 20  2  0  0  0
125  0  70368 103034200 2396828 55675176    0    0     0 435924 154471 762494 78 21  1  0  0  0
112  0  70368 103025916 2396828 55675200    0    0     0 440408 155989 760242 78 21  1  0  0  0
116  0  70368 103027340 2396828 55675236    0    0     0 441012 156015 761927 77 21  2  0  0  0
131  0  70368 103027640 2396828 55675280    0    0     0 439148 155408 763220 77 21  1  0  0  0
126  0  70368 103022596 2396828 55675308    0    0     0 434988 154099 759991 78 21  1  0  0  0
119  1  70368 103022696 2396828 55675328    0    0     0 438416 154648 762192 78 21  1  0  0  0
122  0  70368 103034028 2396828 55675360    0    0     0 438972 154071 760270 78 21  1  0  0  0
126  0  70368 103032864 2396828 55675384    0    0     0 438232 154817 764486 78 21  1  0  0  0
108  0  70368 103030600 2396828 55675408    0    0     0 437116 153720 758442 77 21  2  0  0  0
107  0  70368 103022552 2396828 55675432    0    0     0 437924 155816 764213 78 21  1  0  0  0
125  0  70368 103029076 2396828 55675448    0    0     0 436900 155860 765262 78 21  1  0  0  0
93  0  70368 103033040 2396828 55675472    0    0     0 439432 156018 773663 78 20  1  0  0  0
117  0  70368 103044216 2396828 55675496    0    0     0 432316 153817 767927 78 20  1  0  0  0
129  0  70368 103035744 2396828 55675516    0    0     0 439976 154406 764320 78 21  1  0  0  0
116  0  70368 103037240 2396828 55675540    0    0     0 433736 152335 762234 78 21  1  0  0  0
116  0  70368 103022696 2396828 55675560    0    0     0 436320 153286 760630 78 21  2  0  0  0
procs -----------memory---------- ---swap-- -----io---- -system-- -------cpu-------
 r  b   swpd   free   buff  cache   si   so    bi    bo   in   cs us sy id wa st gu
132  0  70368 103016868 2396828 55675580    0    0     0 434848 154028 762497 77 21  2  0  0  0
120  0  70368 103027984 2396828 55675608    0    0     0 436208 155316 760572 78 21  1  0  0  0
111  1  70368 103023368 2396828 55675632    0    0     0 435648 153886 756432 78 21  1  0  0  0
124  0  70368 103022768 2396828 55675648    0    0     0 436716 153703 758609 78 21  1  0  0  0
115  0  70368 103009136 2396828 55675668    0    0     0 437912 154799 759086 78 21  1  0  0  0
125  0  70368 103011888 2396828 55675700    0    0     0 435784 154984 759923 77 21  2  0  0  0
113  0  70368 103024868 2396832 55675728    0    0     0 436348 153939 760647 77 21  2  0  0  0
128  0  70368 103039280 2396832 55675756    0    0     0 435612 155324 772963 78 20  2  0  0  0
114  0  70368 103046372 2396832 55675772    0    0     0 437048 154491 772817 78 20  2  0  0  0
108  0  70368 103036844 2396832 55675792    0    0     0 438928 155297 759964 77 21  1  0  0  0
93  0  70368 103021452 2396832 55675912    0    0     0 438364 154436 758883 78 21  1  0  0  0
120  0  70368 103018932 2396832 55675944    0    0     0 439704 155819 761794 77 21  2  0  0  0
79  1  70368 103025448 2396832 55675968    0    0     0 435956 154502 761571 77 21  1  0  0  0
131  0  70368 103022748 2396832 55675988    0    0     0 437464 154249 762605 78 21  1  0  0  0
120  0  70368 103025504 2396832 55676004    0    0     0 435080 154174 758352 78 21  1  0  0  0
108  0  70368 103019320 2396832 55676036    0    0     0 435412 154026 759480 78 21  1  0  0  0
123  1  70368 103023484 2396832 55676064    0    0     0 435180 153108 761675 78 21  1  0  0  0
104  0  70368 103018496 2396832 55676092    0    0     0 435400 156259 757101 77 21  1  0  0  0
119  0  70368 103025784 2396832 55676108    0    0     0 434692 154194 758318 78 21  1  0  0  0
113  0  70368 103043504 2396832 55676140    0    0     0 436000 155215 769060 78 20  1  0  0  0
124  0  70368 103053388 2396832 55676160    0    0     0 430460 157100 770696 78 20  2  0  0  0
procs -----------memory---------- ---swap-- -----io---- -system-- -------cpu-------
 r  b   swpd   free   buff  cache   si   so    bi    bo   in   cs us sy id wa st gu
120  0  70368 103040624 2396836 55676172    0    0     0 436536 154683 761280 78 21  1  0  0  0
115  0  70368 103041116 2396836 55676204    0    0     0 435308 154582 762528 78 21  1  0  0  0
114  1  70368 103038600 2396836 55676232    0    0     0 437456 154152 762869 78 21  1  0  0  0
106  0  70368 103035048 2396836 55676252    0    0     0 432904 154650 757991 77 21  2  0  0  0
130  1  70368 103022104 2396836 55676268    0    0     0 436244 154544 762572 78 21  1  0  0  0
120  0  70368 103027668 2396836 55676304    0    0     0 435028 155758 756014 77 21  2  0  0  0
123  0  70368 103029920 2396836 55676324    0    0     0 440060 156841 764300 78 21  2  0  0  0
132  0  70368 103020652 2396836 55676344    0    0     0 438860 155224 766284 78 21  1  0  0  0
129  0  70368 103028824 2396836 55676372    0    0     0 439008 157055 764372 78 21  1  0  0  0
111  0  70368 103014920 2396836 55676396    0    0     0 436564 156773 757341 77 21  2  0  0  0
71  0  70368 103023740 2396836 55676420    0    0     0 435684 154588 769355 77 21  2  0  0  0
117  0  70368 103022020 2396836 55676448    0    0     0 437412 155222 784776 78 20  2  0  0  0
130  0  70368 103023604 2396836 55676460    0    0     0 440224 155781 769174 78 21  1  0  0  0
114  0  70368 103014844 2396836 55676484    0    0     0 438876 154950 761305 78 21  2  0  0  0
106  0  70368 103022468 2396836 55676508    0    0     0 437060 154185 763532 77 21  2  0  0  0
117  0  70368 103033228 2396836 55676536    0    0     0 439164 155994 763950 77 21  2  0  0  0
118  0  70368 103028740 2396836 55676556    0    0     0 439384 155205 762074 77 21  1  0  0  0
120  0  70368 103034352 2396836 55676584    0    0     0 439824 154991 759943 78 21  1  0  0  0
119  0  70368 103034232 2396836 55676604    0    0     0 439620 154708 761916 78 21  1  0  0  0
79  1  70368 103024368 2396836 55676632    0    0     0 437840 154979 761643 77 21  2  0  0  0
115  0  70368 103021536 2396836 55676656    0    0     0 439144 154701 762617 77 21  1  0  0  0
procs -----------memory---------- ---swap-- -----io---- -system-- -------cpu-------
 r  b   swpd   free   buff  cache   si   so    bi    bo   in   cs us sy id wa st gu
111  1  70368 103020616 2396836 55676680    0    0     0 438856 154707 760559 78 21  1  0  0  0
123  0  70368 103026648 2396836 55676708    0    0     0 433156 152532 763960 78 21  1  0  0  0
117  0  70368 103044096 2396836 55676736    0    0     0 440824 155312 776008 78 20  2  0  0  0
124  0  70368 103041040 2396836 55676748    0    0     0 438344 154794 764841 78 20  1  0  0  0
127  1  70368 103032548 2396836 55676776    0    0     0 440848 154740 766297 78 21  1  0  0  0
119  0  70368 103029120 2396836 55676800    0    0     0 438604 154903 763134 77 21  1  0  0  0
131  0  70368 103025760 2396836 55676820    0    0     0 438816 156161 765368 77 21  2  0  0  0
117  1  70368 103022480 2396836 55676840    0    0     0 434312 154834 756920 77 21  2  0  0  0
117  0  70368 103017940 2396836 55676868    0    0     0 439740 156165 762622 77 21  2  0  0  0
105  0  70368 103015832 2396836 55676892    0    0     0 439004 154542 765071 78 21  2  0  0  0
117  0  70368 103017996 2396836 55676912    0    0     0 438484 155240 759030 78 21  1  0  0  0
118  0  70368 103024748 2396836 55676936    0    0     0 433824 155082 754808 77 21  2  0  0  0
117  0  70368 103017064 2396836 55676964    0    0     0 435480 155289 760614 77 21  2  0  0  0
129  0  70368 103034000 2396836 55676988    0    0     0 438592 155997 761499 77 21  2  0  0  0
115  0  70368 103045636 2396836 55677008    0    0     0 438644 156476 776265 78 20  2  0  0  0
85  0  70368 103046588 2396836 55677028    0    0     0 438368 155063 769647 78 20  2  0  0  0
116  0  70368 103037760 2396836 55677048    0    0     0 434888 153712 761647 78 21  1  0  0  0
123  0  70368 103025024 2396836 55677064    0    0     0 436484 154395 761774 78 21  1  0  0  0
122  0  70368 103027304 2396836 55677092    0    0     0 435984 155291 763486 77 21  1  0  0  0
112  0  70368 103021020 2396836 55677116    0    0     0 435104 154096 763364 78 21  2  0  0  0
122  1  70368 103022164 2396836 55677140    0    0     0 434892 155145 765793 77 21  2  0  0  0
procs -----------memory---------- ---swap-- -----io---- -system-- -------cpu-------
 r  b   swpd   free   buff  cache   si   so    bi    bo   in   cs us sy id wa st gu
120  0  70368 103016504 2396836 55677172    0    0     0 437336 154341 762801 78 20  2  0  0  0
102  0  70368 103007872 2396836 55677192    0    0     0 437056 154221 762818 76 21  3  0  0  0
129  0  70368 103016284 2396836 55677212    0    0     0 434444 155176 760869 78 21  1  0  0  0
108  0  70368 103017548 2396836 55677232    0    0     0 429144 152105 756431 78 21  1  0  0  0
108  0  70368 103013592 2396836 55677256    0    0     0 434120 153550 763661 78 21  2  0  0  0
114  0  70368 103042708 2396836 55677272    0    0     0 436540 157497 766187 78 20  2  0  0  0
122  0  70368 103054252 2396836 55677300    0    0     0 436768 156033 780030 78 20  2  0  0  0
112  1  70368 103034864 2396836 55677392    0    0     0 436232 154306 756852 78 21  1  0  0  0
101  0  70368 103030992 2396836 55677408    0    0     0 434480 154701 759802 78 21  1  0  0  0
112  0  70368 103028444 2396836 55677436    0    0     0 436140 154513 757601 77 21  2  0  0  0
113  0  70368 103034516 2396836 55677460    0    0     0 435960 154270 759431 78 21  1  0  0  0
122  0  70368 103022724 2396836 55677484    0    0     0 435416 154981 755999 77 21  2  0  0  0
117  0  70368 103024520 2396836 55677516    0    0     0 433104 156213 761600 77 21  2  0  0  0
132  0  70368 103021552 2396836 55677536    0    0     0 435492 154800 756844 78 21  1  0  0  0
114  0  70368 103016364 2396840 55677560    0    0     0 432836 155104 759686 77 21  2  0  0  0
127  0  70368 103014016 2396840 55677592    0    0     0 432328 154908 767759 77 21  2  0  0  0
126  0  70368 103016780 2396840 55677620    0    0     0 433332 154168 765999 78 21  1  0  0  0
128  0  70368 103025116 2396840 55677636    0    0     0 432468 155054 762403 78 20  2  0  0  0
125  0  70368 103036624 2396840 55677660    0    0     0 435128 155813 772265 79 20  2  0  0  0
121  0  70368 103038828 2396844 55677672    0    0     0 433808 155524 764311 78 21  1  0  0  0
125  0  70368 103024784 2396844 55677708    0    0     0 429052 152902 755932 78 21  1  0  0  0
procs -----------memory---------- ---swap-- -----io---- -system-- -------cpu-------
 r  b   swpd   free   buff  cache   si   so    bi    bo   in   cs us sy id wa st gu
115  0  70368 103032948 2396844 55677732    0    0     0 435280 153460 762145 78 21  1  0  0  0
124  0  70368 103026340 2396844 55677752    0    0     0 431672 153625 761946 78 21  1  0  0  0
121  1  70368 103033528 2396844 55677780    0    0     0 431952 154936 761562 77 21  2  0  0  0
109  0  70368 103029112 2396844 55677808    0    0     0 431948 154984 765653 78 21  1  0  0  0
126  0  70368 103021820 2396844 55677828    0    0     0 433680 152515 762537 78 21  1  0  0  0
126  0  70368 103017580 2396844 55677856    0    0     0 429820 153314 763038 78 21  1  0  0  0
118  0  70368 103016112 2396844 55677884    0    0     0 436644 154575 767677 78 21  1  0  0  0
120  0  70368 103011196 2396844 55677904    0    0     0 435176 153850 766999 78 21  1  0  0  0
119  0  70368 103018252 2396844 55677920    0    0     0 437260 155010 770043 78 21  1  0  0  0
118  0  70368 103023996 2396844 55677944    0    0     0 434316 155011 769582 78 20  2  0  0  0
110  0  70368 103021568 2396844 55677968    0    0     0 434640 153891 759752 78 21  1  0  0  0
125  1  70368 103015120 2396844 55677984    0    0     0 432652 152846 756977 78 21  1  0  0  0
121  0  70368 103017556 2396844 55678020    0    0     0 434576 153736 760586 78 21  1  0  0  0
118  0  70368 103016872 2396844 55678048    0    0     0 434840 154229 761649 78 21  1  0  0  0
120  0  70368 103022700 2396844 55678060    0    0     0 436120 154918 761122 78 21  1  0  0  0
125  0  70368 103012444 2396844 55678088    0    0     0 433968 155174 760712 77 21  1  0  0  0
118  0  70368 103015740 2396844 55678120    0    0     0 436280 155876 759329 77 21  2  0  0  0
110  0  70368 103019000 2396844 55678132    0    0     0 434528 155284 762290 77 21  2  0  0  0
122  0  70368 103023292 2396844 55678160    0    0     0 432904 154969 757746 77 21  1  0  0  0
125  0  70368 103010640 2396844 55678176    0    0     0 434112 154858 762325 78 21  1  0  0  0
101  0  70368 103006872 2396844 55678216    0    0     0 436120 155005 761468 78 21  1  0  0  0
procs -----------memory---------- ---swap-- -----io---- -system-- -------cpu-------
 r  b   swpd   free   buff  cache   si   so    bi    bo   in   cs us sy id wa st gu
117  0  70368 103027244 2396844 55678228    0    0     0 434668 154979 765526 78 20  2  0  0  0
123  0  70368 103025476 2396844 55678248    0    0     0 429032 154270 758045 78 20  2  0  0  0
117  0  70368 103013956 2396844 55678268    0    0     0 435180 153575 763213 77 21  1  0  0  0
