procs -----------memory---------- ---swap-- -----io---- -system-- -------cpu-------
 r  b   swpd   free   buff  cache   si   so    bi    bo   in   cs us sy id wa st gu
 6  1  76084 118777008 2267804 57213228   31   40 86070 97223 84817   11 11  2 86  1  0  0
 2  0  76084 118756180 2267804 57213232    0    0     0 325452 96345 69440  1  1 97  0  0  0
65  1  76084 118741060 2267808 57213272    0    0     0 252420 93516 65259 78  2 20  0  0  0
66  0  76084 118735320 2267808 57213320    0    0     0 297152 107667 60933 79  2 19  0  0  0
49 17  76084 118588756 2267808 57213344    0    0 374192 402028 222548 422534 51  7 36  6  0  0
45 30  76084 118494532 2267808 57213392    0    0 1374512 561492 259862 1123566 42 14 25 19  0  0
60 10  76084 118466912 2267808 57213404    0    0 1376144 597028 272045 1138383 43 14 24 18  0  0
48 24  76084 118472776 2267808 57213436    0    0 1377552 652624 279389 1149342 43 14 25 19  0  0
43 32  76084 118483552 2267808 57213448    0    0 1385024 696292 266634 1162502 43 13 25 19  0  0
43 28  76084 118492260 2267808 57213464    0    0 1371664 696712 271221 1152553 43 14 24 19  0  0
48 21  76084 118482044 2267808 57213496    0    0 1370528 700740 265887 1151354 42 14 24 19  0  0
49 22  76084 118471532 2267808 57213516    0    0 1358864 708276 264807 1147950 43 14 24 19  0  0
49 25  76084 118467096 2267808 57213544    0    0 1335664 712424 265474 1133153 44 14 24 18  0  0
56 18  76084 118476712 2267808 57213568    0    0 1322096 717500 262103 1120860 43 14 24 19  0  0
51 25  76084 118464160 2267808 57213600    0    0 1323184 712488 262597 1121930 43 14 24 19  0  0
53 22  76084 118476220 2267808 57213620    0    0 1334288 725516 263468 1128121 43 13 25 19  0  0
44 30  76084 118482800 2267808 57213640    0    0 1330704 747572 263673 1131103 43 13 25 19  0  0
42 27  76084 118466856 2267808 57213656    0    0 1329024 758692 265333 1131131 43 14 24 19  0  0
42 37  76084 118456108 2267808 57213680    0    0 1321728 754556 265640 1130846 43 14 24 19  0  0
51 24  76084 118468680 2267808 57213704    0    0 1306880 752856 263197 1115217 42 14 24 19  0  0
27 32  76084 118460796 2267808 57213728    0    0 1310464 759736 263430 1120189 42 14 24 19  0  0
procs -----------memory---------- ---swap-- -----io---- -system-- -------cpu-------
 r  b   swpd   free   buff  cache   si   so    bi    bo   in   cs us sy id wa st gu
45 29  76084 118459848 2267808 57213756    0    0 1310560 765876 264019 1121249 42 14 24 19  0  0
45 24  76084 118447536 2267808 57213780    0    0 1319024 767216 264621 1128657 42 14 24 19  0  0
37 35  76084 118446892 2267808 57213824    0    0 1318064 771980 264228 1128655 42 13 25 20  0  0
39 31  76084 118465008 2267808 57213852    0    0 1309872 792044 263143 1120435 42 13 25 20  0  0
48 21  76084 118463176 2267808 57213888    0    0 1288400 792632 263456 1107921 43 14 24 19  0  0
42 32  76084 118464036 2267808 57213908    0    0 1278848 798496 262541 1102329 42 14 24 19  0  0
40 37  76084 118463400 2267808 57213936    0    0 1279536 799576 263239 1106300 42 14 24 19  0  0
46 24  76084 118454936 2267808 57213972    0    0 1286816 804464 264059 1112517 42 14 24 19  0  0
47 27  76084 118458496 2267808 57213996    0    0 1294304 803464 264911 1117699 43 14 24 19  0  0
51 25  76084 118419684 2267808 57214024    0    0 1290528 798316 263623 1113093 43 14 24 19  0  0
29 51  76084 118435636 2267808 57214052    0    0 1299520 794544 264056 1118848 43 13 25 19  0  0
50 30  76084 118431728 2267808 57214064    0    0 1289328 795936 265094 1108458 42 13 25 20  0  0
48 22  76084 118430152 2267808 57214088    0    0 1274816 789040 277056 1101518 43 15 24 19  0  0
49 20  76084 118448512 2267808 57214120    0    0 1272976 803776 287538 1101952 43 15 24 19  0  0
40 37  76084 118432688 2267808 57214148    0    0 1272048 807096 287042 1102637 43 15 24 18  0  0
54 19  76084 118422592 2267808 57214172    0    0 1275232 796612 275082 1104690 43 15 24 18  0  0
48 25  76084 118406856 2267808 57214196    0    0 1276608 796100 264640 1104436 43 15 24 19  0  0
31 43  76084 118426124 2267808 57214232    0    0 1278464 792820 268983 1102079 43 15 24 19  0  0
37 31  76084 118432592 2267808 57214260    0    0 1277840 787116 263201 1101032 42 14 25 19  0  0
49 21  76084 118436468 2267808 57214284    0    0 1282016 799484 261981 1106095 42 14 25 20  0  0
55 20  76084 118427248 2267808 57214308    0    0 1288848 795500 264212 1113622 43 15 24 19  0  0
procs -----------memory---------- ---swap-- -----io---- -system-- -------cpu-------
 r  b   swpd   free   buff  cache   si   so    bi    bo   in   cs us sy id wa st gu
51 18  76084 118418504 2267808 57214340    0    0 1290624 800168 264500 1113843 43 15 24 19  0  0
49 23  76084 118426036 2267808 57214364    0    0 1291376 800820 264867 1114862 43 15 24 19  0  0
47 28  76084 118430764 2267808 57214388    0    0 1289600 803260 265027 1119825 42 14 24 19  0  0
54 21  76084 118430148 2267808 57214412    0    0 1268192 783848 260597 1097272 42 14 25 19  0  0
36 36  76084 118422568 2267808 57214436    0    0 1289376 799976 263437 1110270 43 14 24 19  0  0
46 25  76084 118415016 2267808 57214468    0    0 1296448 805900 264606 1121736 42 13 25 19  0  0
55 16  76084 118446820 2267808 57214484    0    0 1302880 808792 265575 1120762 43 14 24 19  0  0
45 32  76084 118443228 2267808 57214508    0    0 1292624 812664 265183 1118878 43 14 24 19  0  0
38 29  76084 118426592 2267808 57214528    0    0 1293520 798044 264685 1113502 43 15 24 19  0  0
50 25  76084 118415744 2267808 57214556    0    0 1288768 808176 265027 1116132 42 15 24 19  0  0
37 33  76084 118439076 2267808 57214592    0    0 1289696 804892 264736 1115817 43 14 24 19  0  0
40 35  76084 118418276 2267808 57214616    0    0 1274112 795996 262197 1098850 42 14 24 19  0  0
44 32  76084 118415496 2267808 57214640    0    0 1293312 803844 264941 1117400 43 15 24 19  0  0
42 27  76084 118415456 2267808 57214664    0    0 1285296 801604 264692 1110951 42 13 26 19  0  0
43 30  76084 118434508 2267808 57214680    0    0 1292800 820300 265384 1119985 42 13 25 19  0  0
59 19  76084 118430984 2267808 57214724    0    0 1280960 805332 263629 1109070 42 14 24 19  0  0
55 19  76084 118438476 2267808 57214752    0    0 1277760 807588 264535 1109543 42 14 24 19  0  0
48 16  76084 118426508 2267808 57214776    0    0 1284880 805736 263795 1107945 42 14 24 19  0  0
49 26  76084 118404996 2267808 57214800    0    0 1295264 813124 266608 1119930 43 15 24 19  0  0
35 34  76084 118404660 2267808 57214816    0    0 1294368 810636 265564 1122010 43 14 24 19  0  0
48 21  76084 118420980 2267808 57214848    0    0 1290176 813620 264771 1116447 43 15 24 19  0  0
procs -----------memory---------- ---swap-- -----io---- -system-- -------cpu-------
 r  b   swpd   free   buff  cache   si   so    bi    bo   in   cs us sy id wa st gu
37 33  76084 118411332 2267808 57214872    0    0 1290096 808832 263827 1116452 42 14 25 19  0  0
51 21  76084 118405300 2267808 57214880    0    0 1287888 818464 263794 1114356 42 13 25 20  0  0
50 21  76084 118426672 2267808 57214908    0    0 1279216 809820 263366 1106253 42 14 24 19  0  0
51 24  76084 118426428 2267808 57214940    0    0 1285136 817136 264698 1111540 43 14 24 19  0  0
45 34  76084 118410796 2267808 57214968    0    0 1284240 824464 264734 1112636 43 14 24 19  0  0
35 36  76084 118428664 2267808 57214996    0    0 1280416 808432 263614 1107088 42 14 24 19  0  0
48 24  76084 118414876 2267808 57215020    0    0 1283952 816032 264842 1115927 43 14 24 19  0  0
43 30  76084 118428156 2267808 57215044    0    0 1291744 816516 264737 1114651 43 14 24 19  0  0
48 23  76084 118421384 2267808 57215068    0    0 1285168 815216 263293 1113129 42 14 25 19  0  0
45 23  76084 118423584 2267808 57215088    0    0 1297280 820952 265432 1119107 42 13 25 20  0  0
50 27  76084 118407456 2267808 57215104    0    0 1288624 814052 264421 1114850 43 14 24 19  0  0
57 26  76084 118407932 2267808 57215136    0    0 1283104 805160 264638 1110265 42 14 24 19  0  0
51 20  76084 118419708 2267808 57215156    0    0 1290224 817788 265894 1119186 43 14 24 19  0  0
49 26  76084 118428000 2267808 57215184    0    0 1294576 817428 265843 1117093 43 14 24 19  0  0
46 31  76084 118395196 2267808 57215212    0    0 1297024 813628 266104 1118878 43 15 24 19  0  0
37 40  76084 118406924 2267808 57215240    0    0 1275056 808360 263269 1104799 42 14 25 20  0  0
53 21  76084 118399300 2267808 57215268    0    0 1286176 811484 263868 1114271 42 14 25 19  0  0
47 26  76084 118407700 2267808 57215288    0    0 1284064 817204 261919 1101223 41 13 26 21  0  0
53 24  76084 118430704 2267808 57215304    0    0 1294320 808872 264985 1113042 43 14 24 19  0  0
52 23  76084 118432948 2267808 57215332    0    0 1294048 811036 265478 1118224 42 14 24 19  0  0
38 38  76084 118411724 2267808 57215360    0    0 1292976 813456 265792 1117221 43 14 24 19  0  0
procs -----------memory---------- ---swap-- -----io---- -system-- -------cpu-------
 r  b   swpd   free   buff  cache   si   so    bi    bo   in   cs us sy id wa st gu
40 34  76084 118410760 2267808 57215388    0    0 1291600 811648 265135 1115132 42 14 24 19  0  0
40 39  76084 118412888 2267808 57215412    0    0 1290608 810380 265649 1119507 43 14 24 19  0  0
52 25  76084 118412396 2267808 57215448    0    0 1281120 810172 265015 1115751 43 14 24 19  0  0
38 32  76084 118414844 2267808 57215456    0    0 1294736 814800 266150 1125486 43 14 24 19  0  0
42 26  76084 118429488 2267808 57215480    0    0 1304112 823488 265639 1125421 42 13 25 20  0  0
38 39  76084 118428720 2267808 57215488    0    0 1290768 815588 265151 1114439 43 14 24 19  0  0
49 26  76084 118432944 2267808 57215520    0    0 1291696 816024 265829 1121178 43 14 24 19  0  0
52 20  76084 118427492 2267808 57215548    0    0 1282784 807200 264562 1109147 42 14 24 19  0  0
53 20  76084 118397188 2267808 57215576    0    0 1278592 811376 264572 1109042 42 14 24 19  0  0
54 21  76084 118394568 2267808 57215608    0    0 1286112 814472 264968 1112886 42 14 24 19  0  0
52 19  76084 118396492 2267808 57215640    0    0 1294480 819768 266219 1120006 43 14 24 19  0  0
37 34  76084 118410832 2267808 57215660    0    0 1294336 823200 267337 1128259 43 14 24 19  0  0
43 30  76084 118417084 2267808 57215684    0    0 1297088 826196 265370 1122444 42 13 25 20  0  0
37 32  76084 118422852 2267808 57215712    0    0 1291968 821500 266189 1118121 43 14 24 19  0  0
40 33  76084 118400672 2267808 57215748    0    0 1287424 821852 265758 1114896 43 14 24 19  0  0
48 25  76084 118413812 2267808 57215776    0    0 1296208 820004 266904 1125270 43 15 24 19  0  0
43 25  76084 118404972 2267808 57215800    0    0 1282544 816604 264987 1114636 43 14 24 19  0  0
38 30  76084 118407028 2267808 57215836    0    0 1290064 816512 266568 1119654 43 15 24 19  0  0
33 36  76084 118399668 2267808 57215868    0    0 1288224 815148 265354 1114047 43 14 24 19  0  0
53 23  76084 118388152 2267808 57215888    0    0 1279392 817956 264729 1110940 43 14 24 19  0  0
41 32  76084 118395596 2267808 57215912    0    0 1280976 816040 261470 1103636 41 13 26 21  0  0
procs -----------memory---------- ---swap-- -----io---- -system-- -------cpu-------
 r  b   swpd   free   buff  cache   si   so    bi    bo   in   cs us sy id wa st gu
51 20  76084 118417372 2267808 57215932    0    0 1277792 807780 264199 1114172 42 14 24 19  0  0
43 32  76084 118418456 2267808 57215952    0    0 1283056 818892 265729 1116106 43 14 24 19  0  0
41 41  76084 118411704 2267808 57215972    0    0 1293056 822232 266994 1122729 43 14 24 19  0  0
56 16  76084 118400220 2267808 57216004    0    0 1291920 823688 265824 1121142 43 14 24 19  0  0
35 23  76084 118393360 2267808 57216024    0    0 1285744 817320 265131 1117738 42 14 24 19  0  0
33 18  76084 118393676 2267808 57216048    0    0 1285472 816768 265022 1115686 42 14 24 19  0  0
50 21  76084 118404464 2267808 57216064    0    0 1287808 817456 264701 1113523 43 14 24 19  0  0
54 18  76084 118423476 2267808 57216084    0    0 1306432 832612 265964 1129634 42 13 25 20  0  0
42 31  76084 118428136 2267808 57216088    0    0 1292688 819112 265909 1124454 43 14 24 19  0  0
51 25  76084 118409620 2267808 57216116    0    0 1293632 813568 265849 1118839 43 15 24 19  0  0
43 33  76084 118398460 2267808 57216136    0    0 1294992 807380 265858 1120511 42 15 24 19  0  0
42 32  76084 118383976 2267808 57216168    0    0 1269568 808652 261660 1099627 42 14 25 20  0  0
46 23  76084 118381480 2267808 57216192    0    0 1292640 813520 266054 1119866 43 14 24 19  0  0
36 44  76084 118391684 2267808 57216216    0    0 1291872 819004 265864 1120119 43 14 24 19  0  0
41 30  76084 118395880 2267808 57216244    0    0 1294576 813676 266088 1120877 43 14 24 19  0  0
44 34  76084 118397280 2267808 57216272    0    0 1302656 831748 265990 1129639 42 13 26 20  0  0
46 25  76084 118397076 2267808 57216292    0    0 1286048 815964 264800 1113018 42 14 25 19  0  0
49 19  76084 118381984 2267808 57216320    0    0 1280176 810800 262998 1107070 42 14 25 19  0  0
56 20  76084 118388164 2267808 57216336    0    0 1295888 814160 265453 1121409 43 14 24 19  0  0
44 30  76084 118404936 2267808 57216368    0    0 1289216 819020 266176 1116510 42 14 25 19  0  0
48 24  76084 118403916 2267808 57216400    0    0 1295776 818516 266663 1123875 43 14 24 19  0  0
procs -----------memory---------- ---swap-- -----io---- -system-- -------cpu-------
 r  b   swpd   free   buff  cache   si   so    bi    bo   in   cs us sy id wa st gu
37 33  76084 118396948 2267808 57216420    0    0 1288448 815848 265748 1118998 43 14 24 19  0  0
51 20  76084 118392372 2267808 57216448    0    0 1289664 818104 266111 1114537 43 15 24 19  0  0
48 24  76084 118400308 2267808 57216460    0    0 1289024 820380 264333 1117970 42 13 26 20  0  0
47 27  76084 118397712 2267808 57216484    0    0 1278800 810460 263911 1109179 42 14 25 19  0  0
52 18  76084 118397676 2267808 57216520    0    0 1293968 823588 265674 1120041 43 14 24 19  0  0
55 17  76084 118390728 2267808 57216544    0    0 1289440 823260 265255 1120360 43 14 24 19  0  0
51 19  76084 118402088 2267808 57216572    0    0 1291152 822360 265812 1118484 42 14 24 19  0  0
41 40  76084 118397936 2267808 57216596    0    0 1292656 819152 264506 1118783 43 14 24 19  0  0
43 27  76084 118385168 2267808 57216624    0    0 1291344 831028 266763 1123458 43 14 24 19  0  0
37 32  76084 118402492 2267808 57216660    0    0 1286144 816740 264862 1113455 42 14 24 19  0  0
56 18  76084 118393348 2267808 57216696    0    0 1311264 831256 267013 1131447 42 13 25 20  0  0
46 23  76084 118401040 2267808 57216700    0    0 1296560 823636 266338 1124132 43 14 24 19  0  0
52 11  76084 118418140 2267808 57216720    0    0 1298112 820632 266460 1122930 43 14 24 19  0  0
45 27  76084 118404324 2267808 57216752    0    0 1274784 816492 263639 1107263 42 14 25 20  0  0
44 26  76084 118396172 2267808 57216772    0    0 1285472 815980 265104 1115493 43 14 24 19  0  0
39 37  76084 118392956 2267808 57216788    0    0 1287344 817012 265374 1121083 43 14 24 19  0  0
40 30  76084 118386932 2267808 57216816    0    0 1285552 810284 264403 1114758 42 14 24 19  0  0
43 28  76084 118385768 2267808 57216844    0    0 1295184 824472 266239 1124322 43 14 24 19  0  0
53 22  76084 118384360 2267808 57216872    0    0 1297760 823588 266096 1128116 42 13 25 20  0  0
47 22  76084 118383048 2267808 57216888    0    0 1296176 825472 265928 1121074 42 14 24 19  0  0
38 26  76084 118382884 2267808 57216920    0    0 1295552 822140 266826 1127392 43 14 24 19  0  0
procs -----------memory---------- ---swap-- -----io---- -system-- -------cpu-------
 r  b   swpd   free   buff  cache   si   so    bi    bo   in   cs us sy id wa st gu
48 23  76084 118398096 2267808 57216944    0    0 1297696 823504 265952 1122367 43 14 24 19  0  0
43 35  76084 118386928 2267808 57216976    0    0 1293040 819888 266127 1119700 43 14 24 19  0  0
38 35  76084 118381252 2267808 57217000    0    0 1300928 821500 267698 1130110 43 14 24 19  0  0
52 19  76084 118371076 2267808 57217028    0    0 1295312 813200 265765 1121126 43 15 24 19  0  0
40 27  76084 118387356 2267808 57217056    0    0 1276256 813976 264189 1107689 42 14 24 20  0  0
47 32  76084 118383124 2267808 57217068    0    0 1299360 833184 266462 1126730 42 13 25 20  0  0
27 36  76084 118384832 2267808 57217092    0    0 1296080 818748 266008 1122036 42 14 25 19  0  0
39 24  76084 118387068 2267808 57217116    0    0 1276128 805424 263451 1106859 42 14 24 19  0  0
51 26  76084 118383996 2267808 57217144    0    0 1284304 811828 264261 1111542 42 14 24 19  0  0
52 20  76084 118387760 2267808 57217172    0    0 1281152 810360 264025 1112909 42 14 24 19  0  0
48 22  76084 118383836 2267808 57217196    0    0 1286688 825204 265946 1119848 42 14 24 19  0  0
43 30  76084 118362120 2267808 57217224    0    0 1291536 816000 266298 1120953 43 14 24 19  0  0
34 32  76084 118376592 2267808 57217244    0    0 1294960 816792 265989 1119079 42 14 24 19  0  0
46 24  76084 118383680 2267808 57217276    0    0 1291904 823880 264872 1119801 42 13 25 20  0  0
44 37  76084 118402024 2267808 57217296    0    0 1292016 827476 264659 1121708 42 13 25 20  0  0
43 29  76084 118389324 2267808 57217320    0    0 1288064 818404 266042 1123189 43 14 24 19  0  0
44 31  76084 118380356 2267808 57217356    0    0 1274976 809424 262685 1103540 42 14 25 20  0  0
45 26  76084 118376244 2267808 57217384    0    0 1283904 815136 264568 1114019 42 14 25 19  0  0
40 35  76084 118369620 2267808 57217408    0    0 1288032 823864 265304 1118920 43 14 24 19  0  0
47 24  76084 118370292 2267820 57217424    0    0 1283152 815532 264217 1112322 42 14 24 19  0  0
30 45  76084 118383548 2267820 57217468    0    0 1280352 817028 264959 1113676 42 14 24 19  0  0
procs -----------memory---------- ---swap-- -----io---- -system-- -------cpu-------
 r  b   swpd   free   buff  cache   si   so    bi    bo   in   cs us sy id wa st gu
43 28  76084 118383756 2267820 57217488    0    0 1284784 819772 263410 1112862 41 13 25 20  0  0
47 23  76084 118412408 2267820 57217504    0    0 1288416 822372 265153 1121977 42 13 25 19  0  0
31 32  76084 118379612 2267820 57217524    0    0 1289392 822260 265029 1118110 43 14 24 19  0  0
41 21  76084 118380340 2267820 57217564    0    0 1301760 826712 268814 1132168 43 15 24 18  0  0
48 22  76084 118376524 2267820 57217588    0    0 1323024 834256 271871 1146687 44 15 23 18  0  0
46 27  76084 118384600 2267820 57217604    0    0 1307840 834204 270731 1137126 44 15 23 18  0  0
52 37  76084 118388884 2267820 57217632    0    0 1317408 839704 270592 1143027 44 15 23 18  0  0
44 31  76084 118375240 2267820 57217660    0    0 1322144 840408 271424 1141031 44 15 23 18  0  0
49 19  76084 118381400 2267820 57217684    0    0 1344512 855156 275587 1162014 44 15 24 17  0  0
33 40  76084 118387692 2267820 57217704    0    0 1346128 851792 275323 1166668 44 14 24 17  0  0
56 32  76084 118383180 2267820 57217728    0    0 1339200 843824 275495 1166725 45 15 23 17  0  0
62 18  76084 118374080 2267820 57217748    0    0 1335744 843572 275326 1160980 45 15 23 17  0  0
44 29  76084 118376780 2267820 57217780    0    0 1330944 841088 274016 1154009 44 15 23 17  0  0
42 28  76084 118375704 2267820 57217800    0    0 1342608 850028 276557 1166172 45 15 23 17  0  0
33 43  76084 118372264 2267820 57217832    0    0 1342016 851876 276632 1169087 45 15 23 17  0  0
51 24  76084 118358404 2267820 57217848    0    0 1343328 857452 277090 1169436 45 15 23 17  0  0
48 26  76084 118353392 2267820 57217876    0    0 1350384 857944 276082 1171769 45 15 23 17  0  0
45 23  76084 118360972 2267820 57217900    0    0 1342896 848704 273930 1164381 44 14 24 18  0  0
47 22  76084 118384224 2267820 57217924    0    0 1321504 849388 273038 1148523 44 15 23 18  0  0
42 38  76084 118382788 2267820 57217948    0    0 1347136 855208 276215 1165034 45 15 23 17  0  0
38 50  76084 118366852 2267820 57217976    0    0 1339696 856608 275613 1168114 44 15 23 17  0  0
procs -----------memory---------- ---swap-- -----io---- -system-- -------cpu-------
 r  b   swpd   free   buff  cache   si   so    bi    bo   in   cs us sy id wa st gu
45 30  76084 118360112 2267820 57218008    0    0 1343664 853008 275557 1164527 45 15 23 17  0  0
45 26  76084 118349036 2267820 57218028    0    0 1343216 852848 277034 1172293 45 15 23 17  0  0
65 13  76084 118372972 2267820 57218056    0    0 1335472 853160 275316 1159599 45 15 23 17  0  0
39 36  76084 118370904 2267820 57218076    0    0 1333024 846304 273987 1157954 44 15 23 18  0  0
49 19  76084 118367964 2267820 57218104    0    0 1355616 861200 275797 1175384 45 14 24 18  0  0
41 30  76084 118363280 2267820 57218128    0    0 1340368 855060 275580 1167568 45 15 23 17  0  0
58 14  76084 118373936 2267820 57218168    0    0 1347264 858984 276979 1174238 45 15 23 17  0  0
43 29  76084 118376728 2267820 57218200    0    0 1337280 857832 275713 1165179 45 15 23 17  0  0
51 20  76084 118384056 2267832 57218212    0    0 1329648 846568 273495 1152104 45 15 23 17  0  0
46 31  76084 118389748 2267832 57218256    0    0 1332464 857204 275301 1160852 45 15 23 17  0  0
36 33  76084 118366664 2267832 57218284    0    0 1345344 861404 277263 1171449 45 15 23 17  0  0
49 25  76084 118356256 2267832 57218308    0    0 1345984 850416 277012 1175655 45 15 23 17  0  0
54 21  76084 118363232 2267832 57218332    0    0 1358512 867224 276456 1176737 44 14 24 18  0  0
47 23  76084 118361504 2267832 57218352    0    0 1342048 860112 275910 1167679 45 15 23 17  0  0
54 22  76084 118372180 2267832 57218388    0    0 1344528 859032 276834 1169492 45 15 23 17  0  0
46 31  76084 118378764 2267832 57218408    0    0 1327616 845348 274519 1156219 45 15 23 17  0  0
51 23  76084 118377344 2267832 57218436    0    0 1331536 853948 275581 1164508 45 15 23 17  0  0
55 18  76084 118363672 2267832 57218464    0    0 1342592 852896 274931 1163339 45 15 23 17  0  0
38 30  76084 118341072 2267832 57218484    0    0 1342720 861680 276795 1168546 45 15 23 17  0  0
39 30  76084 118357328 2267832 57218520    0    0 1342736 852604 276415 1170564 45 15 23 17  0  0
51 20  76084 118363948 2267832 57218532    0    0 1330816 853984 272001 1153927 43 14 24 19  0  0
procs -----------memory---------- ---swap-- -----io---- -system-- -------cpu-------
 r  b   swpd   free   buff  cache   si   so    bi    bo   in   cs us sy id wa st gu
44 29  76084 118373012 2267832 57218548    0    0 1335584 854032 274437 1161159 45 15 23 17  0  0
58 22  76084 118379084 2267832 57218564    0    0 1340912 853552 275927 1168934 45 15 23 17  0  0
47 25  76084 118386336 2267832 57218588    0    0 1340272 855316 276412 1169401 45 15 23 17  0  0
40 34  76084 118388744 2267832 57218632    0    0 1347056 847376 276516 1169428 45 15 23 17  0  0
51 19  76084 118381148 2267832 57218648    0    0 1337088 857256 274382 1161709 45 15 23 17  0  0
54 19  76084 118375912 2267832 57218668    0    0 1332080 849632 274351 1158682 44 15 23 17  0  0
41 41  76084 118360468 2267832 57218692    0    0 1330896 850204 274269 1158839 45 15 23 17  0  0
43 26  76084 118354804 2267832 57218728    0    0 1349488 858168 275100 1166803 44 14 24 18  0  0
45 27  76084 118350772 2267832 57218740    0    0 1347376 858604 276032 1171864 45 15 24 17  0  0
54 23  76084 118358340 2267832 57218764    0    0 1337536 851464 275141 1161064 45 15 23 17  0  0
44 28  76084 118382796 2267832 57218788    0    0 1329264 849388 274493 1157187 45 15 23 17  0  0
43 26  76084 118370644 2267832 57218820    0    0 1335520 857172 274472 1159607 44 15 23 17  0  0
30 40  76084 118352104 2267832 57218848    0    0 1343856 859296 275975 1169641 45 15 23 17  0  0
46 24  76084 118370320 2267832 57218864    0    0 1346656 855464 276675 1171303 45 15 23 17  0  0
45 23  76084 118390020 2267832 57218892    0    0 1350432 859308 276483 1168292 45 15 23 17  0  0
29 28  76084 118378520 2267832 57218920    0    0 1350080 859216 275371 1170681 45 14 23 17  0  0
36 34  76084 118402236 2267832 57218936    0    0 1350896 858176 276478 1170220 45 14 24 17  0  0
51 29  76084 118373456 2267832 57218964    0    0 1333072 858248 276631 1165091 45 15 23 17  0  0
47 28  76084 118357460 2267832 57218988    0    0 1334448 850856 274706 1157929 45 15 23 17  0  0
41 36  76084 118355752 2267832 57219012    0    0 1341680 856124 276775 1165607 45 15 23 17  0  0
47 24  76084 118358680 2267832 57219036    0    0 1350496 854948 277385 1177109 45 15 23 17  0  0
procs -----------memory---------- ---swap-- -----io---- -system-- -------cpu-------
 r  b   swpd   free   buff  cache   si   so    bi    bo   in   cs us sy id wa st gu
49 19  76084 118366496 2267832 57219072    0    0 1331072 854988 275639 1165323 45 15 23 17  0  0
56 20  76084 118363548 2267832 57219100    0    0 1327344 848564 274408 1154752 44 15 23 17  0  0
48 24  76084 118350696 2267832 57219128    0    0 1345488 856396 275595 1171018 45 15 23 17  0  0
44 27  76084 118355808 2267832 57219148    0    0 1346240 856736 275072 1169694 45 14 24 18  0  0
50 23  76084 118372108 2267832 57219160    0    0 1351536 855444 277218 1175871 45 16 23 17  0  0
55 16  76084 118368632 2267832 57219188    0    0 1352896 861388 277806 1173752 45 15 23 17  0  0
45 29  76084 118350188 2267832 57219220    0    0 1341120 856344 275744 1166026 45 15 23 17  0  0
58 13  76084 118331900 2267832 57219244    0    0 1346240 853556 276501 1170663 45 15 23 17  0  0
50 27  76084 118344584 2267832 57219264    0    0 1338320 855592 276514 1165713 45 15 23 17  0  0
54 17  76084 118361180 2267832 57219308    0    0 1334880 853420 274931 1163610 45 15 23 17  0  0
36 30  76084 118355036 2267832 57219332    0    0 1338592 852900 274774 1161851 45 15 23 17  0  0
36 39  76084 118365404 2267832 57219356    0    0 1350256 862820 275964 1172713 45 13 24 18  0  0
44 17  76084 118368140 2267832 57219372    0    0 1339552 852580 275948 1166814 45 15 23 17  0  0
53 20  76084 118357168 2267832 57219392    0    0 1337088 856848 275765 1164084 45 15 23 17  0  0
53 20  76084 118372000 2267832 57219428    0    0 1345264 860084 277333 1169110 45 15 23 17  0  0
42 29  76084 118366652 2267832 57219448    0    0 1342640 864120 276267 1168527 45 15 23 17  0  0
49 22  76084 118356480 2267832 57219476    0    0 1347920 860512 276643 1173657 45 15 23 17  0  0
50 21  76084 118347712 2267832 57219508    0    0 1343504 857996 276084 1168913 45 15 23 17  0  0
32 39  76084 118340192 2267832 57219532    0    0 1342304 853040 275339 1163823 45 15 23 17  0  0
44 23  76084 118351304 2267832 57219560    0    0 1350208 863200 275118 1171896 44 14 24 18  0  0
51 22  76084 118369496 2267832 57219568    0    0 1348544 857424 276354 1170512 45 15 23 17  0  0
procs -----------memory---------- ---swap-- -----io---- -system-- -------cpu-------
 r  b   swpd   free   buff  cache   si   so    bi    bo   in   cs us sy id wa st gu
46 20  76084 118363696 2267832 57219592    0    0 1338704 857588 275791 1168720 45 15 23 17  0  0
50 25  76084 118352944 2267832 57219620    0    0 1325104 845132 272216 1149344 44 15 23 17  0  0
35 32  76084 118380020 2267832 57219648    0    0 1335568 857960 276140 1168549 45 15 23 17  0  0
49 25  76084 118378020 2267836 57219668    0    0 1332336 850912 274195 1157386 44 15 23 17  0  0
41 32  76084 118363408 2267836 57219704    0    0 1334432 859620 275875 1164468 45 15 23 17  0  0
48 25  76084 118374504 2267836 57219732    0    0 1343200 857632 275827 1166517 45 15 23 17  0  0
48 24  76084 118367836 2267836 57219768    0    0 1347136 867320 275923 1170207 44 14 24 18  0  0
56 23  76084 118369000 2267836 57219792    0    0 1350784 858076 276563 1174786 45 15 23 17  0  0
50 22  76084 118359500 2267836 57219812    0    0 1346256 857796 276813 1168729 45 15 23 17  0  0
49 23  76084 118346800 2267836 57219832    0    0 1342752 855288 276325 1170893 45 15 23 17  0  0
38 30  76084 118350196 2267836 57219860    0    0 1343392 856436 277586 1171087 45 16 23 17  0  0
43 32  76084 118375496 2267836 57219884    0    0 1347696 858736 277839 1170534 45 15 23 17  0  0
35 40  76084 118355496 2267836 57219904    0    0 1343808 856032 275355 1169092 45 15 23 17  0  0
47 23  76084 118332636 2267836 57219932    0    0 1334240 845460 273284 1153028 45 15 23 17  0  0
47 21  76084 118331936 2267836 57219956    0    0 1335712 847692 272896 1160375 44 14 24 17  0  0
44 31  76084 118356228 2267836 57219972    0    0 1332768 853828 274979 1157170 45 14 23 18  0  0
48 22  76084 118324708 2267836 57220172    0    0 1337856 852104 276788 1160523 46 16 22 16  0  0
49 19  76084 118325292 2267836 57220720    0    0 1344480 856432 277817 1166622 46 16 22 16  0  0
52 22  76084 118311268 2267836 57220236    0    0 1343968 865116 276068 1166368 45 15 23 17  0  0
41 24  76084 118321748 2267836 57220264    0    0 1344944 845748 275427 1158528 45 15 23 17  0  0
50 25  76084 118299300 2267836 57220296    0    0 1342672 854136 275986 1166236 45 15 23 17  0  0
procs -----------memory---------- ---swap-- -----io---- -system-- -------cpu-------
 r  b   swpd   free   buff  cache   si   so    bi    bo   in   cs us sy id wa st gu
57 17  76084 118328048 2267836 57220328    0    0 1348304 858600 276757 1174154 45 15 23 17  0  0
43 27  76084 118349000 2267836 57220348    0    0 1348416 865756 275896 1169913 45 14 23 17  0  0
43 26  76084 118337868 2267836 57220360    0    0 1354208 857972 290254 1177463 45 14 24 17  0  0
57 18  76084 118346684 2267836 57220384    0    0 1334592 853304 275094 1163962 45 15 23 17  0  0
49 27  76084 118336812 2267836 57220416    0    0 1330880 846524 275145 1156838 45 15 23 17  0  0
51 27  76084 118351396 2267836 57220440    0    0 1322400 847832 273054 1147484 44 15 23 17  0  0
55 20  76084 118341776 2267840 57220456    0    0 1342496 859132 275779 1167543 45 15 23 17  0  0
38 34  76084 118346384 2267840 57220484    0    0 1348416 853432 277671 1168561 45 15 23 17  0  0
56 17  76084 118327812 2267840 57220508    0    0 1342848 856120 328185 1166193 45 16 23 17  0  0
45 35  76084 118266244 2267840 57220540    0    0 1328912 850532 340432 1159016 45 16 23 16  0  0
33 29  76084 118252928 2267840 57220568    0    0 1330528 851224 273994 1156297 44 14 24 18  0  0
45 32  76084 118278344 2267840 57220584    0    0 1334832 850612 275704 1162426 45 16 23 17  0  0
45 26  76084 118292976 2267840 57220608    0    0 1343888 858856 276411 1167872 45 16 23 17  0  0
45 30  76084 118290820 2267840 57220648    0    0 1341456 856916 276176 1167684 45 16 23 17  0  0
52 23  76084 118299436 2267840 57220676    0    0 1344912 865140 276709 1172009 45 16 23 17  0  0
37 35  76084 118298324 2267840 57220696    0    0 1337312 856660 274645 1160923 45 15 23 17  0  0
44 27  76084 118317404 2267840 57220724    0    0 1325824 850656 274061 1155303 45 15 23 17  0  0
49 20  76084 118328828 2267840 57220764    0    0 1334048 856468 274527 1159589 44 15 23 17  0  0
39 41  76084 118338568 2267840 57220780    0    0 1345872 858416 273944 1164720 44 14 24 18  0  0
51 28  76084 118333984 2267840 57220796    0    0 1342160 856368 275422 1164058 45 15 23 17  0  0
36 36  76084 118327400 2267844 57220820    0    0 1343952 861384 277288 1169463 45 16 23 16  0  0
procs -----------memory---------- ---swap-- -----io---- -system-- -------cpu-------
 r  b   swpd   free   buff  cache   si   so    bi    bo   in   cs us sy id wa st gu
50 21  76084 118324948 2267844 57220856    0    0 1344240 854532 276852 1169312 45 15 23 17  0  0
49 21  76084 118323232 2267844 57220880    0    0 1330848 854428 274899 1158203 45 15 23 17  0  0
48 30  76084 118305644 2267844 57220908    0    0 1343824 862624 277263 1171863 45 15 23 17  0  0
53 21  76084 118350876 2267844 57220924    0    0 1340816 859656 277569 1169425 45 15 23 17  0  0
34 34  76084 118332404 2267844 57220948    0    0 1345520 858472 277809 1172956 45 15 23 17  0  0
48 20  76084 118341692 2267844 57220972    0    0 1352000 868876 276515 1173671 44 14 24 18  0  0
47 26  76084 118356224 2267844 57220992    0    0 1332400 856096 275978 1165338 45 15 23 17  0  0
52 24  76084 118346276 2267844 57221024    0    0 1313840 844316 272097 1142478 44 15 24 18  0  0
43 34  76084 118343720 2267844 57221040    0    0 1335840 858384 276482 1163410 45 15 23 17  0  0
46 23  76084 118359072 2267844 57221056    0    0 1343072 852432 276606 1166906 45 15 23 17  0  0
39 36  76084 118364848 2267844 57221092    0    0 1341712 858940 275775 1163859 45 15 23 17  0  0
53 22  76084 118338600 2267844 57221120    0    0 1348096 862096 276820 1170307 45 15 23 17  0  0
48 23  76084 118359812 2267844 57221140    0    0 1340896 847440 275613 1160517 45 15 23 17  0  0
39 33  76084 118366264 2267844 57221168    0    0 1343872 862304 274815 1167718 44 14 24 18  0  0
52 27  76084 118370420 2267844 57221184    0    0 1351056 855288 275784 1168322 45 15 23 17  0  0
40 28  76084 118364508 2267844 57221204    0    0 1344832 857644 276535 1166877 45 15 23 17  0  0
47 24  76084 118353036 2267844 57221232    0    0 1337216 856204 275061 1164098 45 15 23 17  0  0
44 27  76084 118337152 2267844 57221264    0    0 1344960 855456 275988 1166669 45 15 23 17  0  0
55 16  76084 118341696 2267844 57221288    0    0 1322672 851180 272970 1149283 44 15 23 18  0  0
47 29  76084 118338932 2267844 57221312    0    0 1332160 854160 273332 1155033 44 15 23 18  0  0
50 25  76084 118345128 2267844 57221344    0    0 1340640 858152 277164 1166772 45 15 23 17  0  0
procs -----------memory---------- ---swap-- -----io---- -system-- -------cpu-------
 r  b   swpd   free   buff  cache   si   so    bi    bo   in   cs us sy id wa st gu
35 40  76084 118352908 2267844 57221372    0    0 1348480 862992 276800 1175891 45 14 24 17  0  0
53 18  76084 118364520 2267844 57221384    0    0 1349520 860788 277730 1177473 45 14 24 17  0  0
49 17  76084 118347204 2267844 57221392    0    0 1340672 857788 276748 1167848 45 15 23 17  0  0
44 24  76084 118350848 2267844 57221424    0    0 1341104 860288 277124 1169561 45 15 23 17  0  0
50 24  76084 118353108 2267844 57221456    0    0 1340464 863064 277418 1166247 45 15 23 17  0  0
47 26  76084 118338852 2267848 57221472    0    0 1345248 857616 276936 1169514 45 15 23 17  0  0
51 23  76084 118346760 2267848 57221504    0    0 1299840 829364 268425 1125431 43 14 24 19  0  0
52 28  76084 118364020 2267848 57221536    0    0 1305936 838120 269441 1132068 43 15 24 18  0  0
39 30  76084 118368344 2267848 57221568    0    0 1320160 838744 269696 1140470 43 14 24 19  0  0
47 20  76084 118373748 2267848 57221604    0    0 1290336 825148 263904 1111689 42 13 25 20  0  0
46 24  76084 118369308 2267848 57221628    0    0 1297424 829932 267859 1125509 43 15 24 19  0  0
41 28  76084 118362416 2267848 57221652    0    0 1293920 828676 267601 1123920 43 14 24 19  0  0
57 16  76084 118346008 2267848 57221672    0    0 1305344 834024 268487 1132197 43 15 24 18  0  0
35 31  76084 118349092 2267848 57221704    0    0 1301408 837200 269045 1128924 43 15 24 18  0  0
41 27  76084 118360472 2267848 57221720    0    0 1297600 829492 266964 1121546 43 15 24 18  0  0
45 29  76084 118354780 2267848 57221736    0    0 1304608 834180 269475 1134586 43 15 24 18  0  0
42 25  76084 118369340 2267848 57221760    0    0 1304656 832504 268728 1133717 43 14 24 19  0  0
49 22  76084 118373972 2267848 57221788    0    0 1312336 840676 268489 1134364 43 13 25 19  0  0
46 25  76084 118365288 2267848 57221808    0    0 1310496 833908 268323 1133443 43 15 24 18  0  0
45 22  76084 118356052 2267848 57221836    0    0 1298080 831876 266568 1120043 43 14 24 19  0  0
44 40  76084 118352032 2267848 57221868    0    0 1281200 823780 264587 1106814 42 14 24 20  0  0
procs -----------memory---------- ---swap-- -----io---- -system-- -------cpu-------
 r  b   swpd   free   buff  cache   si   so    bi    bo   in   cs us sy id wa st gu
53 21  76084 118362812 2267848 57221892    0    0 1292832 817856 266714 1117395 43 14 24 19  0  0
42 40  76084 118370576 2267848 57221912    0    0 1296176 834832 267200 1122652 43 14 24 19  0  0
50 20  76084 118358776 2267848 57221936    0    0 1302528 824076 267460 1127200 43 14 24 19  0  0
49 31  76084 118353164 2267848 57221960    0    0 1308240 832172 268612 1131177 43 14 24 19  0  0
38 22  76084 118363908 2267848 57221980    0    0 1302832 835032 267059 1131619 42 13 25 20  0  0
52 18  76084 118356276 2267848 57221996    0    0 1292656 827064 266163 1119027 43 14 24 19  0  0
39 30  76084 118347952 2267848 57222028    0    0 1304688 827772 267374 1126714 43 14 24 19  0  0
34 38  76084 118352352 2267848 57222048    0    0 1295328 831520 267162 1125158 43 15 24 18  0  0
40 36  76084 118351336 2267848 57222076    0    0 1302960 829956 267470 1129402 43 14 24 19  0  0
42 30  76084 118341492 2267848 57222100    0    0 1300736 834752 267368 1123408 43 15 24 19  0  0
48 27  76084 118342520 2267848 57222128    0    0 1297440 830724 267821 1124760 43 14 24 19  0  0
53 17  76084 118346288 2267848 57222160    0    0 1269936 821976 263367 1099732 41 14 25 20  0  0
50 22  76084 118353804 2267848 57222180    0    0 1303392 839136 267054 1129376 42 13 25 20  0  0
36 19  76084 118356068 2267848 57222200    0    0 1300960 829844 281311 1118939 43 14 24 19  0  0
48 23  76084 118323484 2267848 57222232    0    0 1294640 833020 351898 1123295 44 15 23 18  0  0
52 21  76084 118282760 2267848 57222264    0    0 1283808 825616 291942 1118516 43 15 24 18  0  0
44 26  76084 118307388 2267848 57222288    0    0 1287024 825428 267064 1116633 43 15 24 18  0  0
59 16  76084 118297984 2267848 57222316    0    0 1291392 824024 266741 1119154 43 15 24 19  0  0
44 31  76084 118310632 2267848 57222344    0    0 1303568 837644 268861 1131557 43 15 24 18  0  0
37 33  76084 118324620 2267848 57222368    0    0 1306208 827408 268291 1131624 43 15 24 18  0  0
43 26  76084 118310704 2267848 57222400    0    0 1308576 834492 268113 1131773 43 13 25 19  0  0
procs -----------memory---------- ---swap-- -----io---- -system-- -------cpu-------
 r  b   swpd   free   buff  cache   si   so    bi    bo   in   cs us sy id wa st gu
41 26  76084 118329544 2267848 57222420    0    0 1298208 832548 268188 1132886 43 15 24 18  0  0
36 35  76084 118343880 2267848 57222436    0    0 1298480 828696 268671 1125415 43 15 24 18  0  0
42 28  76084 118326356 2267848 57222464    0    0 1283024 817312 265972 1113080 42 14 24 19  0  0
52 27  76084 118323896 2267848 57222492    0    0 1294256 822864 267570 1119886 43 15 24 19  0  0
48 28  76084 118303568 2267848 57222516    0    0 1299216 830732 268757 1128628 43 15 24 18  0  0
48 22  76084 118313224 2267848 57222536    0    0 1306272 828052 268937 1128966 43 15 24 19  0  0
43 33  76084 118351584 2267848 57222560    0    0 1296032 836428 267597 1122518 43 14 24 19  0  0
49 24  76084 118363324 2267848 57222584    0    0 1306512 828880 266734 1127014 42 13 25 20  0  0
36 35  76084 118354992 2267848 57222596    0    0 1300160 823444 268140 1127030 43 14 24 19  0  0
44 27  76084 118352876 2267848 57222628    0    0 1295008 827516 267682 1123659 42 15 24 19  0  0
49 24  76084 118360156 2267848 57222656    0    0 1303328 830108 268115 1126721 43 15 24 18  0  0
50 30  76084 118343264 2267848 57222680    0    0 1303728 827268 269850 1131133 43 15 24 18  0  0
38 33  76084 118326452 2267848 57222712    0    0 1279616 816820 277428 1106395 42 14 25 19  0  0
34 27  76084 118329192 2267848 57222728    0    0 1303840 835272 269660 1135630 44 15 24 18  0  0
44 24  76084 118337252 2267848 57222764    0    0 1279824 822436 266241 1116815 43 14 24 19  0  0
39 30  76084 118350892 2267848 57222784    0    0 1302048 831452 267234 1130942 42 13 25 19  0  0
49 28  76084 118344324 2267848 57222796    0    0 1306800 827628 269163 1131560 43 14 24 18  0  0
45 29  76084 118338864 2267848 57222828    0    0 1307808 828668 268953 1135220 43 15 24 18  0  0
38 40  76084 118337004 2267848 57222852    0    0 1298720 824896 267696 1124927 43 14 24 19  0  0
42 32  76084 118330216 2267848 57222880    0    0 1287552 815412 264444 1110348 42 14 24 19  0  0
52 24  76084 118349268 2267848 57222908    0    0 1296496 828428 266666 1124735 43 14 24 19  0  0
procs -----------memory---------- ---swap-- -----io---- -system-- -------cpu-------
 r  b   swpd   free   buff  cache   si   so    bi    bo   in   cs us sy id wa st gu
41 32  76084 118344256 2267848 57222932    0    0 1310320 833800 268586 1133079 43 15 24 18  0  0
38 41  76084 118342656 2267848 57222956    0    0 1302384 830212 267891 1132201 43 15 24 18  0  0
51 25  76084 118341680 2267848 57222984    0    0 1318080 840912 268163 1138282 43 13 25 19  0  0
42 28  76084 118349316 2267848 57223004    0    0 1292736 830628 266838 1120882 43 14 24 19  0  0
44 26  76084 118337240 2267848 57223024    0    0 1290480 825176 266996 1121748 42 14 24 19  0  0
49 18  76084 118342820 2267848 57223048    0    0 1285504 821072 265311 1114551 43 14 24 19  0  0
45 24  76084 118347328 2267848 57223060    0    0 1294752 825352 266091 1117555 43 14 24 19  0  0
43 36  76084 118346820 2267848 57223088    0    0 1300112 833712 268333 1128818 43 15 24 18  0  0
53 17  76084 118339516 2267848 57223120    0    0 1294592 825104 267779 1123835 43 14 24 19  0  0
37 30  76084 118337600 2267848 57223152    0    0 1258976 804460 270837 1085419 41 14 25 20  0  0
29 38  76084 118347780 2267848 57223180    0    0 1212752 775548 248497 1034096 39 11 27 23  0  0
43 30  76084 118353496 2267848 57223196    0    0 1207776 767236 247903 1030001 39 13 26 23  0  0
46 25  76084 118359292 2267848 57223220    0    0 1212128 770716 249680 1039278 40 13 26 22  0  0
44 28  76084 118336616 2267848 57223252    0    0 1207216 766956 249620 1033264 39 13 26 22  0  0
34 39  76084 118341516 2267848 57223276    0    0 1192528 764052 247024 1021523 39 12 26 23  0  0
36 35  76084 118342608 2267848 57223308    0    0 1163984 746128 242280 993463 37 12 27 23  0  0
44 28  76084 118376448 2267848 57223332    0    0 1234288 790212 254775 1062382 40 13 25 21  0  0
49 24  76084 118332584 2267848 57223352    0    0 1293840 815048 264260 1112214 43 14 24 19  0  0
58 23  76084 118343688 2267848 57223380    0    0 1294096 822652 264405 1121999 42 13 26 20  0  0
55 18  76084 118354724 2267848 57223400    0    0 1297856 819644 266158 1120420 43 14 24 19  0  0
39 33  76084 118340336 2267848 57223424    0    0 1306480 825928 266875 1125232 43 15 24 19  0  0
procs -----------memory---------- ---swap-- -----io---- -system-- -------cpu-------
 r  b   swpd   free   buff  cache   si   so    bi    bo   in   cs us sy id wa st gu
46 30  76084 118338376 2267848 57223436    0    0 1299856 822416 266538 1121412 43 14 24 19  0  0
53 18  76084 118349992 2267848 57223468    0    0 1327488 845804 272804 1149531 44 15 23 18  0  0
51 21  76084 118336128 2267848 57223492    0    0 1326720 848364 272934 1152756 44 15 24 18  0  0
46 24  76084 118338972 2267848 57223520    0    0 1336704 858808 274956 1165280 45 15 23 17  0  0
59 18  76084 118346400 2267848 57223548    0    0 1340352 857048 275901 1164919 45 15 23 17  0  0
56 20  76084 118354584 2267848 57223568    0    0 1349936 860768 274883 1171471 44 14 24 18  0  0
42 34  76084 118358952 2267848 57223588    0    0 1338752 849484 286811 1162146 45 15 23 17  0  0
54 26  76084 118361480 2267848 57223616    0    0 1274864 811644 264143 1106669 42 14 24 19  0  0
34 38  76084 118334048 2267848 57223652    0    0 1280128 813964 263491 1110830 42 14 24 19  0  0
50 23  76084 118317116 2267848 57223672    0    0 1287456 824500 264765 1110178 43 14 24 19  0  0
54 18  76084 118316560 2267848 57223696    0    0 1332336 847984 273733 1158477 44 15 23 17  0  0
41 28  76084 118349392 2267848 57223728    0    0 1334528 856560 275427 1164792 45 15 23 17  0  0
45 28  76084 118347164 2267848 57223744    0    0 1301920 829276 265980 1123839 43 15 24 19  0  0
43 26  76084 118343244 2267848 57223772    0    0 1294496 822488 264815 1119687 42 13 25 20  0  0
43 14  76084 118323772 2267848 57223788    0    0 1307296 826760 267660 1131707 43 14 24 19  0  0
57 19  76084 118333304 2267848 57223808    0    0 1284288 821048 264378 1106283 42 14 24 19  0  0
46 21  76084 118355488 2267848 57223840    0    0 1302848 829572 267285 1124784 43 14 24 19  0  0
47 25  76084 118364228 2267848 57223864    0    0 1302048 828424 267720 1121046 43 15 24 18  0  0
55 19  76084 118341912 2267848 57223896    0    0 1273104 810024 261041 1099324 42 14 25 20  0  0
39 31  76084 118331664 2267848 57223920    0    0 1248544 792584 256312 1073556 41 14 25 21  0  0
38 39  76084 118342888 2267848 57223952    0    0 1258304 799108 258700 1083252 41 14 25 20  0  0
procs -----------memory---------- ---swap-- -----io---- -system-- -------cpu-------
 r  b   swpd   free   buff  cache   si   so    bi    bo   in   cs us sy id wa st gu
47 22  76084 118345884 2267848 57223984    0    0 1283136 808692 260606 1100108 42 13 25 20  0  0
51 23  76084 118359988 2267848 57223996    0    0 1319168 837948 268078 1135538 43 14 24 19  0  0
46 25  76084 118359688 2267848 57224024    0    0 1326448 851124 271886 1153326 45 15 23 17  0  0
44 30  76084 118345828 2267848 57224052    0    0 1294560 823784 266280 1123456 43 14 24 19  0  0
39 31  76084 118338664 2267848 57224080    0    0 1300400 824004 265733 1116262 43 14 24 19  0  0
50 23  76084 118355468 2267848 57224108    0    0 1299184 822484 265583 1118805 43 14 24 19  0  0
50 28  76084 118336636 2267848 57224124    0    0 1286528 818164 264827 1111967 43 14 24 19  0  0
49 24  76084 118346392 2267848 57224152    0    0 1285872 822080 264367 1111462 43 14 24 19  0  0
38 32  76084 118358108 2267848 57224180    0    0 1260160 788808 255477 1073955 41 13 26 21  0  0
48 23  76084 118367772 2267848 57224204    0    0 1259104 794948 255947 1076008 41 12 25 21  0  0
51 23  76084 118382528 2267848 57224212    0    0 1260112 795460 258138 1084851 41 14 25 20  0  0
46 29  76084 118358476 2267848 57224248    0    0 1300832 828364 266858 1124948 43 15 24 18  0  0
37 30  76084 118351380 2267848 57224260    0    0 1312528 837896 269568 1133267 44 14 24 18  0  0
52 17  76084 118360040 2267848 57224296    0    0 1342672 854508 275406 1165650 45 15 23 17  0  0
52 21  76084 118373132 2267848 57224320    0    0 1300624 830688 267969 1130915 43 14 24 18  0  0
50 25  76084 118358496 2267848 57224340    0    0 1296032 826372 265649 1117736 43 14 24 19  0  0
38 32  76084 118366788 2267848 57224368    0    0 1312368 833576 266100 1124636 43 14 24 19  0  0
55 16  76084 118366360 2267848 57224396    0    0 1333312 844208 271179 1151906 44 14 24 18  0  0
45 21  76084 118356820 2267848 57224412    0    0 1337200 861076 275289 1165322 44 15 23 17  0  0
56 19  76084 118348180 2267848 57224432    0    0 1329728 854292 273377 1151011 44 15 23 17  0  0
50 23  76084 118337708 2267848 57224476    0    0 1306608 835296 269410 1134145 43 15 24 18  0  0
procs -----------memory---------- ---swap-- -----io---- -system-- -------cpu-------
 r  b   swpd   free   buff  cache   si   so    bi    bo   in   cs us sy id wa st gu
45 27  76084 118347960 2267848 57224480    0    0 1275472 819232 264492 1106642 42 14 24 19  0  0
56 18  76084 118340956 2267848 57224512    0    0 1289648 820096 266005 1116400 43 14 24 19  0  0
43 32  76084 118360764 2267848 57224544    0    0 1302128 835548 268398 1130775 43 15 24 18  0  0
50 20  76084 118371608 2267848 57224568    0    0 1350944 860420 276494 1172656 45 15 23 17  0  0
48 26  76084 118370504 2267848 57224600    0    0 1350352 860720 275546 1165638 44 14 24 18  0  0
45 34  76084 118353420 2267848 57224604    0    0 1314544 840124 269835 1140511 44 15 24 18  0  0
50 22  76084 118343664 2267848 57224632    0    0 1306000 826344 267828 1127723 43 15 24 19  0  0
42 24  76084 118366752 2267848 57224664    0    0 1306208 828096 267298 1123174 43 14 24 19  0  0
44 28  76084 118354544 2267848 57224688    0    0 1308080 833152 267329 1124927 43 15 24 18  0  0
56 20  76084 118347812 2267848 57224720    0    0 1343728 853760 276088 1168546 45 15 23 17  0  0
40 29  76084 118337372 2267848 57224764    0    0 1327328 847236 274614 1156278 45 15 23 17  0  0
35 45  76084 118354760 2267848 57224948    0    0 1284496 816424 263799 1109617 42 14 25 20  0  0
32 38  76084 118354404 2267848 57224980    0    0 1291504 826144 263994 1114654 41 13 26 20  0  0
54 22  76084 118351068 2267848 57224996    0    0 1287824 823844 265354 1113628 43 15 24 19  0  0
39 35  76084 118352044 2267848 57225024    0    0 1331968 856332 274671 1161357 45 15 23 17  0  0
47 28  76084 118342692 2267848 57225048    0    0 1345824 861508 276076 1169979 45 15 23 17  0  0
51 18  76084 118337304 2267848 57225064    0    0 1336720 857484 275779 1166190 44 15 23 17  0  0
50 22  76084 118347788 2267848 57225096    0    0 1315728 846208 270565 1142655 44 15 23 18  0  0
50 29  76084 118348376 2267848 57225124    0    0 1302544 832480 267114 1129950 43 15 24 19  0  0
43 18  76084 118358920 2267848 57225144    0    0 1298400 831992 266945 1127267 43 15 24 19  0  0
33 44  76084 118375528 2267848 57225176    0    0 1307216 834996 264746 1122037 42 13 25 20  0  0
procs -----------memory---------- ---swap-- -----io---- -system-- -------cpu-------
 r  b   swpd   free   buff  cache   si   so    bi    bo   in   cs us sy id wa st gu
45 25  76084 118364236 2267848 57225196    0    0 1327328 844684 271511 1150523 44 15 23 18  0  0
35 35  76084 118358200 2267848 57225216    0    0 1275968 810196 261449 1097398 42 14 24 20  0  0
51 26  76084 118344560 2267848 57225244    0    0 1213008 772840 249334 1039225 39 13 26 22  0  0
38 31  76084 118342200 2267848 57225264    0    0 1251488 803100 256904 1077139 41 14 25 21  0  0
54 22  76084 118339772 2267848 57225292    0    0 1276336 807520 261299 1095639 42 14 24 20  0  0
41 27  76084 118350240 2267848 57225320    0    0 1296880 827612 266968 1122544 43 14 24 19  0  0
44 25  76084 118341760 2267848 57225336    0    0 1306352 827648 267747 1131197 43 15 24 18  0  0
40 30  76084 118353944 2267848 57225364    0    0 1347824 862024 275508 1170544 44 14 24 18  0  0
37 32  76084 118351776 2267848 57225384    0    0 1322800 839636 271272 1144704 44 15 23 18  0  0
33 37  76084 118348300 2267848 57225412    0    0 1301792 832020 266946 1125513 43 14 24 19  0  0
51 24  76084 118347044 2267848 57225440    0    0 1307536 822916 268695 1136871 44 15 24 18  0  0
49 23  76084 118352100 2267848 57225472    0    0 1298448 828712 267765 1126919 43 14 24 19  0  0
27 46  76084 118346664 2267848 57225500    0    0 1325552 849692 272273 1150447 44 15 23 18  0  0
59 17  76084 118355472 2267848 57225528    0    0 1283712 820876 264865 1110609 43 14 24 19  0  0
38 31  76084 118361720 2267848 57225556    0    0 1269280 806484 261416 1094587 42 14 24 20  0  0
46 23  76084 118346092 2267848 57225568    0    0 1291744 823796 277304 1113136 42 13 25 20  0  0
51 18  76084 118327052 2267848 57225596    0    0 1288448 819172 273502 1112966 42 14 24 19  0  0
41 35  76084 118337400 2267848 57225612    0    0 1293376 827932 268032 1125359 43 15 24 18  0  0
37 33  76084 118327332 2267848 57225648    0    0 1287184 816796 265423 1114604 43 14 24 19  0  0
44 27  76084 118315100 2267848 57225676    0    0 1286432 820536 264699 1111339 42 14 24 19  0  0
40 43  76084 118323244 2267848 57225696    0    0 1282928 818384 263183 1104662 42 14 24 19  0  0
procs -----------memory---------- ---swap-- -----io---- -system-- -------cpu-------
 r  b   swpd   free   buff  cache   si   so    bi    bo   in   cs us sy id wa st gu
46 31  76084 118337096 2267848 57225728    0    0 1265280 801100 260002 1089440 42 14 25 20  0  0
57 18  76084 118327016 2267848 57225768    0    0 1307552 828400 268173 1130228 43 14 24 19  0  0
44 35  76084 118336036 2267848 57225784    0    0 1291312 820524 263054 1112301 42 13 25 20  0  0
42 29  76084 118315356 2267848 57225796    0    0 1278400 809948 262184 1101872 42 13 25 20  0  0
46 30  76084 118333132 2267848 57225824    0    0 1291216 821804 265455 1117592 43 14 24 19  0  0
41 32  76084 118334796 2267848 57225844    0    0 1280336 821776 265491 1111186 42 14 24 19  0  0
53 18  76084 118335676 2267848 57225892    0    0 1335120 853104 274990 1156604 44 15 23 17  0  0
51 21  76084 118319188 2267848 57225908    0    0 1334432 854324 275312 1163295 45 15 23 17  0  0
53 19  76084 118319596 2267848 57225928    0    0 1350432 855128 276488 1167161 45 15 23 17  0  0
43 28  76084 118340048 2267848 57225960    0    0 1349040 859732 276330 1172758 45 15 23 17  0  0
39 30  76084 118357056 2267848 57225972    0    0 1349216 859696 275460 1167880 45 14 24 18  0  0
52 19  76084 118361344 2267848 57226012    0    0 1347040 862756 276132 1171499 45 14 24 17  0  0
41 38  76084 118355412 2267848 57226024    0    0 1299712 830416 267286 1125703 43 15 24 19  0  0
38 39  76084 118348208 2267848 57226044    0    0 1287456 812420 276629 1111245 43 14 24 19  0  0
56 18  76084 118329536 2267848 57226080    0    0 1264432 797124 259629 1087755 42 14 24 20  0  0
39 30  76084 118320288 2267848 57226108    0    0 1263200 802128 260888 1093790 42 14 24 20  0  0
41 32  76084 118323564 2267848 57226128    0    0 1286400 822888 265506 1109788 42 14 24 19  0  0
46 27  76084 118307252 2267848 57226168    0    0 1333456 850444 274906 1158232 45 15 23 17  0  0
32 40  76084 118327204 2267848 57226180    0    0 1348720 855512 275712 1167307 44 15 24 17  0  0
21 20  76084 118340328 2267848 57226200    0    0 1338288 852728 275250 1163455 44 14 24 18  0  0
55 18  76084 118343456 2267848 57226232    0    0 1341856 861760 277080 1168240 45 15 23 17  0  0
procs -----------memory---------- ---swap-- -----io---- -system-- -------cpu-------
 r  b   swpd   free   buff  cache   si   so    bi    bo   in   cs us sy id wa st gu
45 31  76084 118331868 2267848 57226244    0    0 1341776 863388 277298 1169765 45 15 23 17  0  0
56 19  76084 118322432 2267848 57226280    0    0 1346080 855076 277312 1167546 45 15 23 17  0  0
41 28  76084 118326208 2267848 57226300    0    0 1342864 858228 278069 1172915 45 15 23 17  0  0
38 48  76084 118351168 2267848 57226316    0    0 1318272 839080 271094 1143262 44 15 23 18  0  0
49 24  76084 118326164 2267848 57226348    0    0 1274304 809036 261077 1096327 42 14 24 20  0  0
58 21  76084 118301080 2267848 57226540    0    0 1259744 798152 257624 1080903 42 14 24 20  0  0
40 36  76084 118253920 2267848 57226912    0    0 1254816 796116 258393 1072503 42 13 24 20  0  0
41 31  76084 118233244 2267848 57251280    0    0 1272464 810312 266389 1096436 44 15 23 19  0  0
38 32  76084 118200116 2267848 57253772    0    0 1285776 822476 265375 1107934 44 15 23 18  0  0
56 20  76084 118108364 2267848 57309860    0    0 1283824 853972 265243 1106426 44 14 23 18  0  0
39 32  76084 118048848 2267848 57310912    0    0 1289776 898296 277555 1110601 44 15 23 18  0  0
37 34  76084 118021208 2267848 57310276    0    0 1289312 827584 265591 1111204 44 15 23 18  0  0
37 37  76084 118124852 2267848 57284496    0    0 1283104 816732 265228 1108700 44 15 23 18  0  0
56 18  76084 118245152 2267848 57228632    0    0 1307600 831448 268328 1126047 44 14 23 18  0  0
60 17  76084 118283472 2267848 57227852    0    0 1343792 854728 274482 1166996 45 14 24 17  0  0
43 26  76084 118271836 2267848 57227876    0    0 1301568 820720 265525 1118168 43 15 24 19  0  0
34 50  76084 118269136 2267848 57227900    0    0 1257104 803880 258837 1083761 41 14 25 20  0  0
54 16  76084 118266376 2267848 57227912    0    0 1258672 801272 257582 1084246 41 14 25 20  0  0
39 36  76084 118255580 2267848 57227940    0    0 1297248 821684 265661 1118049 43 15 24 19  0  0
45 25  76084 118274132 2267848 57227980    0    0 1317936 845724 271083 1143760 43 15 24 18  0  0
51 25  76084 118284860 2267852 57228004    0    0 1340944 854768 274616 1160470 44 15 23 17  0  0
procs -----------memory---------- ---swap-- -----io---- -system-- -------cpu-------
 r  b   swpd   free   buff  cache   si   so    bi    bo   in   cs us sy id wa st gu
51 19  76084 118279668 2267852 57228028    0    0 1347984 862432 275408 1169169 45 15 24 17  0  0
45 26  76084 118294412 2267852 57228052    0    0 1346544 857640 274581 1164023 44 14 24 18  0  0
44 27  76084 118284144 2267852 57228084    0    0 1329312 853880 274469 1157224 45 15 23 17  0  0
44 27  76084 118291336 2267852 57228096    0    0 1334096 853476 274541 1158212 45 15 23 17  0  0
35 41  76084 118291780 2267852 57228132    0    0 1343504 854820 276267 1163750 45 15 23 17  0  0
49 24  76084 118311288 2267852 57228160    0    0 1318816 838056 270616 1139579 44 15 24 18  0  0
38 39  76084 118297424 2267852 57228184    0    0 1286672 815300 264148 1111542 43 14 24 19  0  0
34 40  76084 118293684 2267852 57228208    0    0 1268336 804128 261920 1091002 42 14 25 20  0  0
53 20  76084 118310208 2267852 57228236    0    0 1260336 805508 260008 1091238 42 14 25 20  0  0
54 16  76084 118314072 2267852 57228248    0    0 1298400 825924 264129 1117339 42 13 25 20  0  0
41 28  76084 118312340 2267852 57228268    0    0 1339632 878012 274655 1158606 45 15 23 17  0  0
51 21  76084 118322320 2267852 57228296    0    0 1341424 857264 276621 1164362 45 15 23 17  0  0
44 26  76084 118294916 2267852 57228324    0    0 1345248 861460 276654 1169835 45 15 23 17  0  0
45 35  76084 118312952 2267852 57228340    0    0 1341728 855652 276214 1170027 45 15 23 17  0  0
44 26  76084 118306532 2267852 57228380    0    0 1333056 854024 275280 1156430 45 15 23 17  0  0
48 24  76084 118291604 2267852 57228396    0    0 1332384 849528 274588 1158653 44 15 24 17  0  0
43 32  76084 118289616 2267852 57228432    0    0 1330560 851912 275388 1161819 45 15 23 17  0  0
43 34  76084 118288960 2267852 57228472    0    0 1306928 831776 266008 1129368 43 13 25 19  0  0
38 31  76084 118311108 2267852 57228476    0    0 1294512 812416 264585 1113503 43 14 24 19  0  0
22 54  76084 118344092 2267852 57228512    0    0 1262224 798848 258762 1084833 41 14 25 20  0  0
39 39  76084 118343360 2267852 57228528    0    0 1277760 814704 262658 1102356 42 14 24 19  0  0
procs -----------memory---------- ---swap-- -----io---- -system-- -------cpu-------
 r  b   swpd   free   buff  cache   si   so    bi    bo   in   cs us sy id wa st gu
51 24  76084 118320556 2267852 57228556    0    0 1288880 821820 265046 1114202 43 14 24 19  0  0
42 25  76084 118325708 2267852 57228584    0    0 1297648 824924 266487 1116268 43 15 24 19  0  0
50 25  76084 118322824 2267852 57228616    0    0 1295280 823336 267310 1121576 43 14 24 19  0  0
45 22  76084 118317920 2267852 57228644    0    0 1302096 827652 268003 1130957 43 15 24 18  0  0
50 25  76084 118341168 2267852 57228664    0    0 1303072 831016 265926 1127168 42 13 25 20  0  0
52 20  76084 118344764 2267852 57228688    0    0 1288688 821732 264852 1113686 43 14 24 19  0  0
37 33  76084 118333872 2267852 57228712    0    0 1266528 814920 262465 1097599 41 14 25 20  0  0
52 19  76084 118331584 2267852 57228748    0    0 1275776 816748 262990 1103915 42 14 24 19  0  0
44 27  76084 118343460 2267852 57228764    0    0 1260992 799388 258459 1083982 42 14 24 20  0  0
54 21  76084 118332316 2267852 57228800    0    0 1259760 803536 258862 1083544 41 14 25 20  0  0
42 33  76084 118325332 2267852 57228808    0    0 1271920 803532 258864 1087191 42 14 24 20  0  0
48 23  76084 118321136 2267852 57228844    0    0 1286944 827964 265611 1114958 42 14 24 19  0  0
29 45  76084 118339376 2267852 57228868    0    0 1284240 820524 264331 1111018 42 13 25 20  0  0
42 28  76084 118336864 2267852 57228884    0    0 1299280 830940 266697 1120200 43 14 24 19  0  0
48 30  76084 118335204 2267852 57228908    0    0 1305056 825716 267786 1127961 43 15 24 19  0  0
36 35  76084 118323100 2267852 57228940    0    0 1305280 825716 267094 1125622 43 14 24 19  0  0
41 32  76084 118306320 2267852 57228952    0    0 1298560 825976 266970 1120601 43 14 24 19  0  0
55 20  76084 118305216 2267852 57229000    0    0 1298112 821848 266258 1119654 43 14 24 19  0  0
38 34  76084 118311744 2267852 57229012    0    0 1294320 828656 266483 1121179 43 14 24 19  0  0
39 35  76084 118314488 2267852 57229032    0    0 1272512 802228 260879 1091105 42 14 24 20  0  0
47 25  76084 118330904 2267852 57229056    0    0 1259072 802204 257449 1083887 41 13 26 21  0  0
procs -----------memory---------- ---swap-- -----io---- -system-- -------cpu-------
 r  b   swpd   free   buff  cache   si   so    bi    bo   in   cs us sy id wa st gu
33 50  76084 118341644 2267852 57229076    0    0 1265520 801420 257411 1083646 41 13 25 21  0  0
41 29  76084 118324792 2267852 57229088    0    0 1262064 807068 260635 1092777 41 14 25 20  0  0
47 23  76084 118314672 2267852 57229124    0    0 1298816 829412 266963 1125439 43 14 24 19  0  0
49 27  76084 118320980 2267852 57229160    0    0 1291856 822260 265288 1119302 43 14 24 19  0  0
43 33  76084 118316228 2267852 57229176    0    0 1304416 829236 267892 1125588 43 14 24 19  0  0
43 31  76084 118328800 2267852 57229196    0    0 1302240 830632 267646 1126664 43 15 24 19  0  0
38 30  76084 118321628 2267852 57229232    0    0 1311136 832444 268824 1132851 44 14 24 19  0  0
45 29  76084 118332456 2267852 57229248    0    0 1320320 837976 269059 1138981 43 14 24 19  0  0
36 35  76084 118313476 2267852 57229260    0    0 1304880 833920 266436 1128218 43 14 25 19  0  0
51 20  76084 118331468 2267852 57229292    0    0 1307920 832836 268752 1128930 43 15 24 18  0  0
51 24  76084 118306928 2267852 57229612    0    0 1268512 800560 260808 1088073 42 14 24 20  0  0
35 39  76084 118330160 2267852 57229340    0    0 1268976 804852 260175 1091775 42 14 24 20  0  0
50 27  76084 118343068 2267852 57229380    0    0 1265104 800304 259624 1087021 42 14 25 20  0  0
49 26  76084 118312228 2267852 57229404    0    0 1288928 817316 265213 1113539 43 14 24 19  0  0
46 30  76084 118305848 2267852 57229440    0    0 1297888 829384 266873 1124419 43 14 24 19  0  0
33 44  76084 118318404 2267852 57229472    0    0 1307904 841460 268540 1134107 43 14 25 19  0  0
47 23  76084 118347144 2267852 57229488    0    0 1303184 833180 265824 1120421 42 13 25 19  0  0
44 30  76084 118355076 2267852 57229504    0    0 1305392 830036 268403 1127667 44 14 24 18  0  0
43 30  76084 118342352 2267852 57229520    0    0 1308416 833704 268600 1131107 43 15 24 18  0  0
51 21  76084 118331800 2267852 57229560    0    0 1308784 833668 268982 1133772 44 15 24 18  0  0
51 17  76084 118339352 2267852 57229580    0    0 1302864 835288 268818 1134235 43 15 24 18  0  0
procs -----------memory---------- ---swap-- -----io---- -system-- -------cpu-------
 r  b   swpd   free   buff  cache   si   so    bi    bo   in   cs us sy id wa st gu
52 20  76084 118340760 2267852 57229608    0    0 1288192 819108 264258 1110432 42 14 24 19  0  0
47 22  76084 118313244 2267852 57229624    0    0 1265328 810760 260442 1091897 41 14 24 20  0  0
40 29  76084 118329840 2267852 57229652    0    0 1267616 807748 259042 1089971 41 13 25 21  0  0
45 29  76084 118347520 2267852 57229680    0    0 1276816 805996 259554 1094692 41 13 25 21  0  0
50 20  76084 118342920 2267852 57229696    0    0 1298880 838800 267781 1126287 43 14 24 19  0  0
33 43  76084 118308716 2267852 57229952    0    0 1302640 828376 268359 1127317 44 15 23 18  0  0
47 26  76084 118306944 2267852 57229748    0    0 1310592 837052 269688 1134424 44 15 23 18  0  0
51 28  76084 118287024 2267852 57229784    0    0 1308560 842940 268342 1129750 43 14 24 18  0  0
49 23  76084 118289412 2267852 57229808    0    0 1313760 831200 269278 1131648 43 14 24 18  0  0
43 27  76084 118281108 2267852 57229828    0    0 1312384 835340 268725 1131503 44 14 24 18  0  0
53 27  76084 118319288 2267852 57229860    0    0 1311440 841460 269269 1138346 43 14 24 18  0  0
45 25  76084 118327820 2267852 57229888    0    0 1323088 840892 270333 1145917 43 14 25 19  0  0
40 30  76084 118326236 2267852 57229896    0    0 1280096 809044 262912 1104561 42 14 24 19  0  0
47 22  76084 118317544 2267852 57229924    0    0 1271520 805660 261439 1098530 42 14 24 20  0  0
31 22  76084 118325712 2267852 57229948    0    0 1261472 797196 259041 1082314 41 14 25 20  0  0
41 35  76084 118316584 2267852 57229972    0    0 1286832 819776 263932 1106701 42 14 24 20  0  0
56 18  76084 118316072 2267852 57230000    0    0 1301664 830144 267341 1124588 43 14 24 19  0  0
37 38  76084 118323176 2267852 57230032    0    0 1310880 842752 269643 1135981 44 15 23 18  0  0
40 27  76084 118334032 2267852 57230188    0    0 1314416 832108 268450 1135289 43 14 24 18  0  0
61 16  76084 118321004 2267852 57230080    0    0 1312336 844784 268765 1134258 43 13 24 19  0  0
51 21  76084 118309204 2267852 57230104    0    0 1302336 836348 269380 1129365 43 15 24 19  0  0
procs -----------memory---------- ---swap-- -----io---- -system-- -------cpu-------
 r  b   swpd   free   buff  cache   si   so    bi    bo   in   cs us sy id wa st gu
41 29  76084 118315596 2267852 57230120    0    0 1311680 837800 269940 1136192 44 15 24 18  0  0
49 22  76084 118296412 2267852 57230156    0    0 1314144 831440 269544 1135157 44 15 24 18  0  0
52 20  76084 118302788 2267852 57230172    0    0 1314160 831412 268402 1130697 43 14 24 18  0  0
44 30  76084 118324260 2267852 57230208    0    0 1273936 812744 261751 1096988 42 14 24 20  0  0
32 44  76084 118334720 2267852 57230232    0    0 1273280 812472 261630 1098518 42 14 24 20  0  0
41 35  76084 118331728 2267852 57230260    0    0 1266928 814000 260251 1094381 42 13 25 20  0  0
48 21  76084 118343392 2267852 57230276    0    0 1301552 828060 264480 1119534 42 13 25 20  0  0
41 34  76084 118329864 2267852 57230304    0    0 1301648 840340 268439 1127870 43 15 24 19  0  0
41 35  76084 118323852 2267852 57230332    0    0 1313536 837844 269592 1137323 43 15 24 18  0  0
48 27  76084 118327020 2267852 57230360    0    0 1314672 847640 269452 1137238 43 15 24 18  0  0
33 41  76084 118312944 2267852 57230380    0    0 1317792 835144 269304 1136020 43 15 24 18  0  0
36 32  76084 118336328 2267852 57230400    0    0 1304784 837292 268823 1129130 43 15 24 18  0  0
50 15  76084 118352320 2267852 57230432    0    0 1308480 840468 269793 1135171 43 15 24 18  0  0
42 28  76084 118322208 2267852 57230816    0    0 1305312 833644 270013 1131543 44 15 23 18  0  0
39 27  76084 118319624 2267852 57230484    0    0 1292464 825612 263449 1114083 41 13 26 20  0  0
42 34  76084 118333528 2267852 57230508    0    0 1283440 810488 262272 1102110 42 14 24 20  0  0
32 30  76084 118325904 2267852 57230524    0    0 1270992 811428 261065 1095141 42 14 25 20  0  0
39 36  76084 118321460 2267852 57230572    0    0 1279184 817392 263662 1106514 42 14 24 19  0  0
44 32  76084 118324448 2267852 57230592    0    0 1293296 832768 267464 1123074 43 14 24 19  0  0
55 16  76084 118331996 2267852 57230612    0    0 1297072 826100 267191 1126891 43 14 24 19  0  0
42 34  76084 118321128 2267852 57230652    0    0 1314416 843628 270273 1138770 44 15 24 18  0  0
procs -----------memory---------- ---swap-- -----io---- -system-- -------cpu-------
 r  b   swpd   free   buff  cache   si   so    bi    bo   in   cs us sy id wa st gu
52 23  76084 118304664 2267852 57230680    0    0 1319552 832848 269488 1137385 44 15 24 18  0  0
49 22  76084 118309744 2267852 57230680    0    0 1326496 850700 270029 1140916 43 13 25 19  0  0
47 27  76084 118306056 2267852 57230704    0    0 1313520 836416 269984 1135074 43 15 24 18  0  0
40 30  76084 118338728 2267852 57230728    0    0 1308272 838040 269094 1135980 43 15 24 18  0  0
31 52  76084 118323020 2267852 57230752    0    0 1300768 828288 267631 1127717 43 15 24 18  0  0
37 40  76084 118322620 2267852 57230776    0    0 1277120 814480 262195 1101447 42 14 24 20  0  0
34 37  76084 118319880 2267852 57230808    0    0 1277648 812512 262091 1102205 42 14 24 20  0  0
44 25  76084 118309320 2267852 57230836    0    0 1276208 805260 261905 1098049 42 14 24 20  0  0
51 21  76084 118324708 2267852 57230860    0    0 1305168 831644 268172 1128455 43 14 24 19  0  0
46 26  76084 118335740 2267852 57230888    0    0 1301648 838272 266327 1121924 42 13 25 20  0  0
42 34  76084 118336152 2267852 57230908    0    0 1310496 836764 269060 1136082 43 14 24 19  0  0
30 27  76084 118333980 2267852 57230936    0    0 1318272 842180 271185 1141152 43 15 24 18  0  0
43 28  76084 118322468 2267852 57230956    0    0 1320400 839612 271748 1139595 43 15 24 18  0  0
43 20  76084 118336120 2267852 57230984    0    0 1312864 839992 269608 1134364 44 15 24 18  0  0
41 28  76084 118323616 2267852 57231008    0    0 1310368 836552 268883 1129668 43 15 24 18  0  0
46 26  76084 118314712 2267852 57231040    0    0 1302624 832924 268299 1128189 43 15 24 18  0  0
44 31  76084 118328480 2267852 57231064    0    0 1281280 815748 263128 1108172 42 14 24 19  0  0
53 21  76084 118352996 2267852 57231088    0    0 1284608 818480 262447 1109567 42 13 25 20  0  0
53 30  76084 118355440 2267852 57231096    0    0 1286448 822520 262770 1108526 42 13 25 20  0  0
47 36  76084 118342992 2267852 57231124    0    0 1296800 827756 266318 1121035 43 14 24 19  0  0
53 26  76084 118345240 2267852 57231148    0    0 1304704 840304 268704 1130088 43 14 24 18  0  0
procs -----------memory---------- ---swap-- -----io---- -system-- -------cpu-------
 r  b   swpd   free   buff  cache   si   so    bi    bo   in   cs us sy id wa st gu
54 22  76084 118318244 2267852 57231184    0    0 1295488 828368 267578 1125595 43 14 24 19  0  0
48 24  76084 118344712 2267852 57231204    0    0 1291776 828504 266788 1119549 43 14 24 19  0  0
55 21  76084 118329428 2267852 57231236    0    0 1306672 839232 269409 1133696 44 15 24 18  0  0
49 22  76084 118319244 2267852 57231272    0    0 1311856 838872 270356 1137776 43 15 24 18  0  0
45 25  76084 118322220 2267852 57231288    0    0 1323936 851160 271437 1149527 43 14 24 19  0  0
45 28  76084 118319764 2267852 57231308    0    0 1316080 841960 269819 1143677 43 14 24 19  0  0
46 23  76084 118327608 2267852 57231332    0    0 1293280 816032 265403 1118974 43 14 24 19  0  0
52 20  76084 118342776 2267852 57231352    0    0 1271312 811576 261350 1098636 42 14 25 20  0  0
47 28  76084 118336472 2267852 57231388    0    0 1275376 814252 261712 1102786 42 14 25 20  0  0
32 29  76084 118337508 2267852 57231416    0    0 1276624 812996 262277 1103053 42 14 24 19  0  0
43 28  76084 118321284 2267852 57231428    0    0 1309568 831496 267810 1132217 43 15 24 19  0  0
36 35  76084 118312908 2267852 57231460    0    0 1309184 838116 270448 1136321 43 15 24 18  0  0
32 43  76084 118319468 2267852 57231488    0    0 1302688 837104 266355 1126690 42 14 25 19  0  0
54 23  76084 118335248 2267852 57231500    0    0 1300832 832920 267224 1125067 43 13 25 19  0  0
33 19  76084 118335600 2267852 57231540    0    0 1312784 841224 270610 1141007 43 15 24 18  0  0
25 26  76084 118339008 2267852 57231552    0    0 1311296 837980 270402 1142745 43 15 24 18  0  0
45 26  76084 118332312 2267852 57231580    0    0 1310448 840824 270000 1139143 43 14 24 18  0  0
39 36  76084 118316456 2267852 57231616    0    0 1308960 838864 269136 1135650 43 15 24 18  0  0
38 32  76084 118317876 2267852 57231640    0    0 1289136 832708 264823 1117566 42 14 24 19  0  0
48 26  76084 118323908 2267852 57231652    0    0 1270608 811716 261777 1098231 42 14 25 20  0  0
46 27  76084 118310724 2267852 57231692    0    0 1275328 812788 260845 1098192 41 13 25 20  0  0
procs -----------memory---------- ---swap-- -----io---- -system-- -------cpu-------
 r  b   swpd   free   buff  cache   si   so    bi    bo   in   cs us sy id wa st gu
48 27  76084 118333556 2267852 57231704    0    0 1292240 821708 263232 1109861 42 13 25 20  0  0
53 23  76084 118327500 2267852 57231740    0    0 1313104 836976 270092 1138283 43 15 24 18  0  0
50 25  76084 118326232 2267852 57231764    0    0 1313664 834612 269266 1137243 43 15 24 18  0  0
54  8  76084 118333776 2267852 57231752    0    0 1302896 834408 268151 1127978 43 14 24 19  0  0
44 33  76084 118310380 2267852 57231764    0    0 1312096 833716 269823 1135081 43 14 24 18  0  0
41 32  76084 118335032 2267852 57231792    0    0 1285824 826824 266852 1117434 42 14 24 19  0  0
45 24  76084 118327992 2267856 57231812    0    0 1310416 840172 269009 1129791 43 15 24 18  0  0
54 21  76084 118300112 2267856 57231848    0    0 1310336 841696 268698 1133927 43 14 24 19  0  0
40 30  76084 118321716 2267856 57231856    0    0 1297408 823576 264575 1117609 42 13 25 20  0  0
42 27  76084 118334580 2267856 57231876    0    0 1274080 813684 261009 1095388 42 14 25 20  0  0
49 25  76084 118335488 2267856 57231916    0    0 1271808 806184 260848 1097404 41 14 25 20  0  0
45 26  76084 118341344 2267856 57231932    0    0 1273168 813848 262462 1100115 42 14 25 20  0  0
50 33  76084 118328852 2267856 57231960    0    0 1313360 846156 271332 1143000 44 15 24 18  0  0
47 21  76084 118351376 2267856 57231976    0    0 1318512 831896 270688 1135259 44 14 24 18  0  0
42 28  76084 118333832 2267856 57232000    0    0 1313232 839512 270714 1139730 44 14 24 18  0  0
41 30  76084 118324092 2267856 57232032    0    0 1308160 837920 269030 1135324 43 14 24 18  0  0
39 31  76084 118341332 2267856 57232052    0    0 1322624 844752 269189 1142357 43 13 25 19  0  0
57 20  76084 118341568 2267856 57232088    0    0 1291056 833640 267253 1120936 43 14 24 19  0  0
53 17  76084 118348312 2267856 57232112    0    0 1315920 846028 270927 1141369 44 15 24 18  0  0
41 30  76084 118342916 2267856 57232132    0    0 1319280 838040 271514 1145085 44 15 23 18  0  0
41 39  76084 118339696 2267856 57232160    0    0 1280992 815664 263869 1110534 42 14 24 19  0  0
procs -----------memory---------- ---swap-- -----io---- -system-- -------cpu-------
 r  b   swpd   free   buff  cache   si   so    bi    bo   in   cs us sy id wa st gu
45 35  76084 118331320 2267856 57232180    0    0 1276304 810244 271044 1105022 42 14 24 19  0  0
47 25  76084 118336788 2267856 57232188    0    0 1273056 818296 262852 1099507 42 14 24 20  0  0
45 28  76084 118332008 2267856 57232212    0    0 1290208 817128 266231 1117543 43 14 24 19  0  0
48 36  76084 118350216 2267856 57232228    0    0 1326816 844140 269658 1142640 43 13 25 19  0  0
41 36  76084 118355648 2267856 57232248    0    0 1315008 835504 270090 1137996 43 15 24 18  0  0
47 20  76084 118346024 2267856 57232276    0    0 1299664 824340 268129 1122894 43 15 24 18  0  0
53 17  76084 118336992 2267856 57232296    0    0 1314496 845136 270415 1137415 44 15 24 18  0  0
42 26  76084 118334292 2267856 57232316    0    0 1311904 832872 270028 1133409 43 15 24 18  0  0
40 24  76084 118338580 2267856 57232360    0    0 1309152 839112 269733 1138647 43 15 24 18  0  0
54 21  76084 118337436 2267856 57232388    0    0 1281680 828052 266109 1112593 42 14 24 19  0  0
35 38  76084 118334548 2267856 57232412    0    0 1283200 815012 264323 1109414 43 14 24 19  0  0
45 23  76084 118352796 2267856 57232436    0    0 1269136 806868 259233 1092207 40 12 26 21  0  0
38 35  76084 118357628 2267856 57232456    0    0 1275888 804616 261731 1095939 42 14 25 20  0  0
50 22  76084 118363044 2267856 57232476    0    0 1277952 813368 262897 1105716 42 14 24 19  0  0
38 30  76084 118334076 2267856 57232520    0    0 1303440 839260 269612 1130944 43 15 24 18  0  0
45 26  76084 118356648 2267856 57232536    0    0 1303952 837400 270030 1133826 44 14 24 18  0  0
33 40  76084 118346916 2267856 57232556    0    0 1304352 837516 268965 1128370 44 15 24 18  0  0
41 37  76084 118345128 2267856 57232580    0    0 1304688 835564 269261 1135347 43 15 24 18  0  0
45 29  76084 118336028 2267856 57232604    0    0 1316768 835616 270415 1133409 44 14 24 18  0  0
58 19  76084 118349236 2267856 57232628    0    0 1314448 844816 269521 1136918 43 13 25 19  0  0
40 15  76084 118362832 2267856 57232644    0    0 1310624 827540 269773 1136300 43 15 24 18  0  0
procs -----------memory---------- ---swap-- -----io---- -system-- -------cpu-------
 r  b   swpd   free   buff  cache   si   so    bi    bo   in   cs us sy id wa st gu
52 21  76084 118358036 2267856 57232668    0    0 1293632 831456 267013 1120687 43 14 24 19  0  0
43 26  76084 118363440 2267856 57232708    0    0 1279072 814964 264677 1107368 42 14 24 19  0  0
28 47  76084 118346828 2267856 57232736    0    0 1273232 803268 260872 1094716 42 14 24 19  0  0
51 20  76084 118330840 2267856 57232752    0    0 1280464 813460 262600 1106397 42 14 24 19  0  0
50 20  76084 118330564 2267856 57232788    0    0 1301056 826048 266980 1124565 43 14 24 18  0  0
48 30  76084 118341764 2267856 57232804    0    0 1313216 840792 270267 1135063 43 15 24 18  0  0
53 23  76084 118357736 2267856 57232832    0    0 1311168 844112 267902 1132289 42 13 25 19  0  0
43 33  76084 118362400 2267856 57232844    0    0 1311728 844480 270289 1138030 44 15 24 18  0  0
50 25  76084 118367112 2267856 57232876    0    0 1295536 833800 268205 1127528 43 15 24 18  0  0
62 16  76084 118347288 2267856 57232896    0    0 1313984 837824 270224 1138586 44 15 24 18  0  0
39 33  76084 118351436 2267856 57232924    0    0 1314928 839956 270364 1137901 43 15 24 18  0  0
49 24  76084 118345684 2267856 57232948    0    0 1305696 839404 269526 1132277 43 15 24 18  0  0
39 32  76084 118362096 2267856 57232980    0    0 1276448 826012 264857 1106167 42 14 24 19  0  0
46 26  76084 118354524 2267856 57232988    0    0 1268912 808444 261529 1097913 42 14 25 20  0  0
39 30  76084 118362568 2267856 57233012    0    0 1273952 806920 260184 1094891 41 13 26 21  0  0
44 28  76084 118353356 2267856 57233036    0    0 1294128 821792 265336 1118962 43 14 24 19  0  0
28 44  76084 118353756 2267856 57233052    0    0 1315328 845084 270119 1140031 44 15 24 18  0  0
37 34  76084 118356652 2267856 57233088    0    0 1316416 835788 270840 1141423 43 15 24 18  0  0
45 32  76084 118367932 2267856 57233104    0    0 1312256 834612 269953 1136815 44 15 24 18  0  0
49 22  76084 118353376 2267856 57233132    0    0 1309936 840936 270147 1137842 43 15 24 18  0  0
50 23  76084 118339504 2267856 57233172    0    0 1291776 832536 268012 1125586 42 15 24 19  0  0
procs -----------memory---------- ---swap-- -----io---- -system-- -------cpu-------
 r  b   swpd   free   buff  cache   si   so    bi    bo   in   cs us sy id wa st gu
29 16  76084 118331332 2267856 57233176    0    0 1314768 839128 270981 1141608 44 15 24 18  0  0
41 25  76084 118346416 2267856 57233208    0    0 1319424 843772 269836 1143810 43 14 24 19  0  0
45 28  76084 118357892 2267856 57233232    0    0 1313088 840604 270638 1142625 43 14 24 18  0  0
54 18  76084 118345752 2267856 57233260    0    0 1270272 813724 261250 1093853 42 14 25 20  0  0
38 38  76084 118340920 2267856 57233284    0    0 1252352 799716 258476 1084843 41 14 25 20  0  0
45 36  76084 118342148 2267856 57233316    0    0 1274464 812476 260841 1095212 41 14 25 20  0  0
51 23  76084 118335984 2267856 57233344    0    0 1292416 829964 266675 1123118 43 15 24 19  0  0
51 22  76084 118349872 2267856 57233368    0    0 1317216 844352 270415 1137902 44 15 24 18  0  0
47 15  76084 118335756 2267856 57233392    0    0 1313072 834472 270532 1140365 44 15 24 18  0  0
44 26  76084 118336208 2267856 57233408    0    0 1314528 840056 269083 1136205 43 13 25 19  0  0
44 27  76084 118354708 2267856 57233436    0    0 1301760 830112 267498 1124398 43 14 24 19  0  0
54 23  76084 118330500 2267856 57233464    0    0 1305664 844048 269292 1132268 43 14 24 18  0  0
53 17  76084 118338536 2267856 57233484    0    0 1306768 833240 269197 1134456 43 15 24 18  0  0
35 40  76084 118351344 2267856 57233512    0    0 1312656 841008 269834 1139940 43 15 24 18  0  0
46 24  76084 118352588 2267856 57233520    0    0 1287056 812880 263551 1107792 43 14 24 19  0  0
46 32  76084 118359228 2267856 57233552    0    0 1259088 807848 260160 1089659 41 14 25 20  0  0
51 27  76084 118342812 2267856 57233744    0    0 1245088 794624 258625 1073765 41 14 25 20  0  0
42 28  76084 118290804 2267856 57234072    0    0 1289344 818336 263683 1106595 43 13 24 19  0  0
40 31  76084 118284436 2267856 57234136    0    0 1300256 837760 270880 1128723 45 16 22 17  0  0
52 20  76084 118277084 2267856 57234156    0    0 1309504 841216 270142 1131012 45 15 22 18  0  0
41 37  76084 118311716 2267860 57234188    0    0 1310720 839912 270426 1134210 45 15 23 18  0  0
procs -----------memory---------- ---swap-- -----io---- -system-- -------cpu-------
 r  b   swpd   free   buff  cache   si   so    bi    bo   in   cs us sy id wa st gu
45 28  76084 118237272 2267860 57234236    0    0 1300048 828240 269854 1124392 45 15 22 17  0  0
36 34  76084 118257720 2267884 57234192    0    0 1289520 823840 269273 1117021 45 15 22 18  0  0
44 28  76084 118294956 2267884 57234128    0    0 1321776 844924 272557 1144345 45 15 22 17  0  0
46 25  76084 118256980 2267884 57234288    0    0 1325584 844564 273844 1147787 46 15 22 17  0  0
42 26  76084 118220752 2267884 57234356    0    0 1306128 838080 270985 1132982 45 15 23 18  0  0
46 26  76084 118209860 2267884 57234332    0    0 1289744 822140 264756 1106654 44 14 23 19  0  0
51 22  76084 118255524 2267884 57234056    0    0 1284256 816680 263500 1102775 43 14 24 19  0  0
37 33  76084 118278172 2267884 57234068    0    0 1288000 818908 264899 1110270 42 14 24 19  0  0
44 25  76084 118289428 2267884 57234100    0    0 1308384 831168 269762 1131660 43 15 24 18  0  0
36 39  76084 118299992 2267884 57234128    0    0 1323552 848148 271820 1143432 44 15 23 18  0  0
46 23  76084 118290452 2267884 57234156    0    0 1325872 848436 272710 1146650 44 15 23 18  0  0
42 43  76084 118295496 2267884 57234180    0    0 1327904 846096 272590 1149152 44 15 23 17  0  0
46 25  76084 118302864 2267884 57234204    0    0 1331024 849188 272530 1153870 44 14 24 18  0  0
56 18  76084 118306080 2267884 57234224    0    0 1315264 843944 269790 1135629 43 14 24 19  0  0
45 32  76084 118300640 2267884 57234248    0    0 1311488 844840 270497 1140650 44 15 24 18  0  0
47 22  76084 118294096 2267884 57234280    0    0 1320032 837252 271174 1142707 44 15 23 18  0  0
54 19  76084 118309276 2267884 57234308    0    0 1282880 820636 263804 1108417 42 14 24 19  0  0
36 36  76084 118315564 2267884 57234336    0    0 1283408 826076 264639 1110692 42 14 24 19  0  0
43 30  76084 118318088 2267884 57234364    0    0 1275040 814068 262992 1099353 42 14 25 19  0  0
48 23  76084 118295764 2267884 57234388    0    0 1314080 844532 271523 1145113 44 15 23 18  0  0
47 26  76084 118304228 2267884 57234412    0    0 1311936 837944 268955 1131207 43 14 25 19  0  0
procs -----------memory---------- ---swap-- -----io---- -system-- -------cpu-------
 r  b   swpd   free   buff  cache   si   so    bi    bo   in   cs us sy id wa st gu
46 25  76084 118331216 2267884 57234424    0    0 1327184 848460 271038 1148249 43 14 24 18  0  0
39 35  76084 118329480 2267884 57234452    0    0 1325104 853972 272318 1150807 44 15 23 17  0  0
48 27  76084 118343336 2267884 57234472    0    0 1323760 860468 272750 1148369 44 15 23 18  0  0
39 37  76084 118348832 2267884 57234500    0    0 1311872 839324 269863 1135673 44 15 24 18  0  0
49 22  76084 118327964 2267884 57234524    0    0 1324784 845744 272813 1146814 44 15 23 18  0  0
53 23  76084 118309520 2267884 57234556    0    0 1340160 860884 275217 1156626 45 15 23 17  0  0
49 22  76084 118321664 2267884 57234580    0    0 1311184 836312 270557 1136654 44 15 23 18  0  0
50 24  76084 118316812 2267884 57234604    0    0 1300928 833948 267200 1125929 43 14 24 19  0  0
47 27  76084 118338268 2267884 57234620    0    0 1297040 828812 264551 1117772 42 13 25 20  0  0
41 37  76084 118338444 2267884 57234648    0    0 1302800 830764 268544 1125749 43 14 24 19  0  0
50 24  76084 118340684 2267884 57234680    0    0 1328176 862904 274153 1154277 44 15 23 17  0  0
50 21  76084 118319916 2267884 57234704    0    0 1328288 851600 274112 1153680 44 15 23 17  0  0
45 33  76084 118314416 2267884 57234728    0    0 1337472 857172 275093 1159089 44 15 23 17  0  0
45 30  76084 118321708 2267884 57234756    0    0 1329024 856104 274521 1156185 44 15 23 17  0  0
57 18  76084 118325688 2267884 57234772    0    0 1322096 845504 273304 1147891 44 15 23 17  0  0
49 26  76084 118318016 2267884 57234804    0    0 1341744 863528 276552 1168974 45 15 23 17  0  0
46 26  76084 118330424 2267884 57234820    0    0 1351136 860472 275703 1168184 44 14 24 18  0  0
43 27  76084 118327544 2267884 57234844    0    0 1326800 853048 272990 1154054 44 15 23 18  0  0
49 28  76084 118316812 2267884 57234868    0    0 1292640 828884 267636 1126609 43 15 24 19  0  0
44 32  76084 118322292 2267884 57234892    0    0 1297136 827944 265872 1120471 43 15 24 19  0  0
38 29  76084 118310412 2267884 57234924    0    0 1289584 831788 265435 1114077 42 14 24 19  0  0
procs -----------memory---------- ---swap-- -----io---- -system-- -------cpu-------
 r  b   swpd   free   buff  cache   si   so    bi    bo   in   cs us sy id wa st gu
44 30  76084 118306168 2267884 57234948    0    0 1344064 858848 276024 1167579 45 15 23 17  0  0
53 24  76084 118316188 2267884 57234976    0    0 1340896 861920 275228 1160701 45 15 23 17  0  0
45 31  76084 118316912 2267884 57235000    0    0 1330416 850244 273791 1154434 45 15 23 17  0  0
44 28  76084 118318944 2267884 57235020    0    0 1352800 851000 274765 1167204 44 14 24 18  0  0
51 23  76084 118332840 2267884 57235048    0    0 1341120 860136 275672 1160783 45 15 23 17  0  0
51 18  76084 118337892 2267884 57235064    0    0 1323344 848580 273275 1146851 44 15 23 18  0  0
51 17  76084 118326856 2267884 57235092    0    0 1334064 856236 275666 1162664 45 15 23 17  0  0
51 21  76084 118320960 2267884 57235116    0    0 1330208 852792 274212 1155916 44 15 23 17  0  0
39 32  76084 118330720 2267884 57235144    0    0 1305344 828544 266254 1125536 43 14 24 19  0  0
46 31  76084 118323044 2267884 57235176    0    0 1298224 832864 267365 1126509 43 15 24 18  0  0
46 29  76084 118331436 2267884 57235196    0    0 1295472 828692 265350 1115902 43 14 24 19  0  0
35 35  76084 118344504 2267884 57235216    0    0 1340640 857356 272501 1157942 43 14 24 18  0  0
51 25  76084 118344112 2267884 57235244    0    0 1345136 865984 276175 1168393 45 15 23 17  0  0
51 21  76084 118331828 2267884 57235264    0    0 1338832 851684 275037 1158243 45 15 23 17  0  0
49 18  76084 118321112 2267884 57235300    0    0 1334272 857220 275037 1161296 45 15 23 17  0  0
44 32  76084 118293820 2267884 57235320    0    0 1329616 862356 274256 1155088 44 15 23 17  0  0
54 24  76084 118311036 2267884 57235340    0    0 1342160 862240 275739 1166835 45 15 23 17  0  0
52 26  76084 118331784 2267884 57235372    0    0 1330048 863124 274364 1156324 44 15 23 18  0  0
58 15  76084 118309264 2267884 57235388    0    0 1338960 853944 274682 1162240 45 15 23 17  0  0
41 25  76084 118313732 2267884 57235412    0    0 1311392 842860 267625 1131805 43 13 25 19  0  0
52 23  76084 118321476 2267884 57235432    0    0 1300208 833760 266359 1120171 43 13 24 19  0  0
procs -----------memory---------- ---swap-- -----io---- -system-- -------cpu-------
 r  b   swpd   free   buff  cache   si   so    bi    bo   in   cs us sy id wa st gu
51 21  76084 118317320 2267884 57235456    0    0 1300320 824892 266403 1123567 43 14 24 19  0  0
45 39  76084 118325604 2267884 57235496    0    0 1305456 834276 268029 1125734 43 15 24 19  0  0
42 32  76084 118315588 2267884 57235520    0    0 1341136 858304 275233 1159684 45 15 23 17  0  0
58 23  76084 118313780 2267884 57235532    0    0 1344240 858860 276056 1164984 45 15 23 17  0  0
49 17  76084 118318036 2267884 57235564    0    0 1336288 858780 275347 1161321 45 15 23 17  0  0
48 21  76084 118328900 2267884 57235592    0    0 1336960 854828 275777 1162473 45 15 23 17  0  0
45 28  76084 118317892 2267884 57235608    0    0 1326960 855012 273284 1154008 44 14 24 18  0  0
50 22  76084 118344164 2267884 57235628    0    0 1331744 851256 273494 1153704 44 14 24 18  0  0
43 30  76084 118334912 2267884 57235656    0    0 1339040 862020 275596 1163477 45 15 23 17  0  0
45 31  76084 118339084 2267884 57235688    0    0 1326208 847156 272292 1152912 44 15 23 17  0  0
45 31  76084 118326040 2267884 57235716    0    0 1299120 829068 266885 1122087 43 14 24 19  0  0
49 23  76084 118323232 2267884 57235728    0    0 1299824 823444 266686 1117896 43 14 24 19  0  0
40 24  76084 118327704 2267884 57235756    0    0 1291760 832996 265964 1119629 43 14 24 19  0  0
45 26  76084 118350300 2267884 57235768    0    0 1319808 846312 285394 1150874 45 16 23 16  0  0
43 27  76084 118324972 2267884 57235788    0    0 1342400 858736 289801 1166828 45 15 23 17  0  0
46 29  76084 118317128 2267884 57235808    0    0 1345648 866888 278598 1166268 45 14 24 18  0  0
46 31  76084 118329888 2267884 57235836    0    0 1339856 860236 279322 1164473 45 15 23 17  0  0
39 31  76084 118310596 2267884 57235868    0    0 1325552 852556 277116 1152031 45 15 23 17  0  0
40 26  76084 118330288 2267884 57235892    0    0 1312432 841368 272493 1142632 44 15 23 17  0  0
52 18  76084 118327148 2267884 57235924    0    0 1326448 850800 274422 1151442 44 15 23 17  0  0
36 34  76084 118306108 2267884 57235944    0    0 1327456 850532 274556 1155469 45 15 23 17  0  0
procs -----------memory---------- ---swap-- -----io---- -system-- -------cpu-------
 r  b   swpd   free   buff  cache   si   so    bi    bo   in   cs us sy id wa st gu
52 31  76084 118329668 2267884 57235972    0    0 1297184 827704 266742 1117697 43 14 24 19  0  0
40 29  76084 118318868 2267884 57235996    0    0 1300880 825952 266284 1118788 43 14 24 19  0  0
52 22  76084 118339156 2267884 57236012    0    0 1309232 828980 265669 1124368 42 13 25 20  0  0
35 34  76084 118323788 2267884 57236044    0    0 1333008 850720 275735 1157899 45 15 23 17  0  0
50 20  76084 118322928 2267884 57236060    0    0 1346288 862452 277495 1168696 45 15 23 17  0  0
47 21  76084 118317200 2267884 57236092    0    0 1345504 859124 276982 1170071 45 15 23 17  0  0
46 23  76084 118316832 2267884 57236108    0    0 1347248 861092 276806 1170304 45 15 23 17  0  0
39 31  76084 118328900 2267884 57236140    0    0 1343888 866544 276584 1170316 45 15 23 17  0  0
49 23  76084 118321652 2267884 57236164    0    0 1335552 853364 274738 1160588 44 15 23 17  0  0
50 20  76084 118323568 2267884 57236188    0    0 1325616 855512 273834 1152717 44 15 23 18  0  0
47 29  76084 118335088 2267884 57236208    0    0 1337696 858932 272932 1162305 43 14 25 18  0  0
46 26  76084 118348112 2267884 57236232    0    0 1300752 835264 267078 1121889 43 14 24 19  0  0
50 19  76084 118339652 2267884 57236260    0    0 1306544 832800 267058 1124772 43 14 24 19  0  0
59 19  76084 118332044 2267884 57236284    0    0 1298384 833624 266310 1119851 43 15 24 19  0  0
46 23  76084 118334016 2267884 57236316    0    0 1331216 850404 274292 1158102 44 15 23 17  0  0
48 22  76084 118337200 2267884 57236340    0    0 1338544 858756 275267 1160191 45 15 23 17  0  0
41 28  76084 118318304 2267884 57236364    0    0 1343056 859268 275381 1164032 45 15 23 17  0  0
48 24  76084 118315844 2267884 57236392    0    0 1345872 865096 276644 1167663 45 15 23 17  0  0
42 30  76084 118323380 2267884 57236400    0    0 1352544 866632 275854 1174678 44 14 24 18  0  0
38 29  76084 118333880 2267884 57236428    0    0 1338672 856184 274817 1162641 45 15 23 17  0  0
46 33  76084 118325132 2267884 57236456    0    0 1329472 855392 272957 1149944 44 15 23 18  0  0
procs -----------memory---------- ---swap-- -----io---- -system-- -------cpu-------
 r  b   swpd   free   buff  cache   si   so    bi    bo   in   cs us sy id wa st gu
46 26  76084 118328764 2267884 57236480    0    0 1332688 855704 275234 1162479 44 15 23 17  0  0
41 35  76084 118339648 2267884 57236508    0    0 1287040 814036 263584 1107330 42 14 24 19  0  0
34 42  76084 118329728 2267888 57236532    0    0 1259760 798652 258185 1084293 41 14 25 20  0  0
52 17  76084 118331592 2267888 57236564    0    0 1258576 804064 259026 1086771 42 14 24 20  0  0
39 31  76084 118303764 2267888 57236584    0    0 1278016 813988 261451 1098746 42 14 24 20  0  0
43 18  76084 118322104 2267888 57236608    0    0 1305024 829924 265108 1120608 42 13 25 20  0  0
49 24  76084 118339212 2267888 57236624    0    0 1295456 833600 266053 1120541 43 14 24 19  0  0
42 32  76084 118337700 2267888 57236656    0    0 1290016 829676 266157 1116338 43 14 24 19  0  0
47 25  76084 118343360 2267888 57236684    0    0 1298912 828948 265525 1116977 43 14 24 19  0  0
44 31  76084 118336888 2267888 57236708    0    0 1296128 830804 267317 1122573 43 15 24 19  0  0
29 39  76084 118329648 2267888 57236728    0    0 1296944 831872 266960 1122555 43 14 24 19  0  0
54 20  76084 118315144 2267888 57236752    0    0 1287920 819124 265216 1114022 43 14 24 19  0  0
39 30  76084 118322096 2267888 57236780    0    0 1291376 826332 266679 1112151 42 14 24 19  0  0
45 25  76084 118320340 2267888 57236812    0    0 1296560 827660 268158 1117370 42 13 25 20  0  0
50 27  76084 118344896 2267888 57236824    0    0 1295056 832840 268457 1119122 42 14 25 19  0  0
35 23  76084 118335308 2267888 57236852    0    0 1301584 831272 267360 1124568 43 15 24 18  0  0
46 30  76084 118315392 2267888 57236876    0    0 1334816 858388 276260 1167162 44 15 23 17  0  0
34 40  76084 118319352 2267888 57236900    0    0 1343888 857112 276395 1167466 45 16 23 17  0  0
42 26  76084 118306020 2267888 57236932    0    0 1345696 862340 276870 1170404 45 15 23 17  0  0
44 27  76084 118314828 2267888 57236956    0    0 1334384 856288 274336 1162118 45 15 23 17  0  0
46 24  76084 118312856 2267888 57236980    0    0 1344592 860232 276947 1170337 45 15 23 17  0  0
procs -----------memory---------- ---swap-- -----io---- -system-- -------cpu-------
 r  b   swpd   free   buff  cache   si   so    bi    bo   in   cs us sy id wa st gu
37 42  76084 118327748 2267888 57237000    0    0 1344208 855636 274730 1161478 44 15 24 17  0  0
49 22  76084 118332592 2267888 57237016    0    0 1343296 859168 275336 1165988 44 14 24 18  0  0
37 40  76084 118338612 2267888 57237048    0    0 1328208 850560 274313 1151985 44 15 23 17  0  0
49 19  76084 118322600 2267888 57237068    0    0 1299712 826772 266132 1119415 43 14 24 19  0  0
41 31  76084 118329260 2267888 57237092    0    0 1301360 828016 266373 1118729 43 14 24 19  0  0
47 27  76084 118321164 2267888 57237120    0    0 1294256 823008 265003 1113142 42 14 24 19  0  0
45 24  76084 118330728 2267888 57237148    0    0 1324928 847276 271981 1146521 44 15 24 18  0  0
50 20  76084 118320920 2267888 57237172    0    0 1336480 859792 274695 1159253 44 15 23 17  0  0
48 28  76084 118298884 2267888 57237208    0    0 1352576 861548 276957 1173826 45 15 24 17  0  0
55 18  76084 118320160 2267888 57237224    0    0 1353904 870668 275609 1172351 44 14 24 18  0  0
45 26  76084 118333684 2267888 57237248    0    0 1344048 864876 276822 1168134 45 15 23 17  0  0
41 31  76084 118323864 2267888 57237276    0    0 1337424 857888 276035 1163004 45 15 23 17  0  0
51 25  76084 118327604 2267888 57237304    0    0 1325136 854592 275926 1148748 44 15 24 17  0  0
52 26  76084 118307860 2267888 57237328    0    0 1320960 844176 271677 1139673 44 15 24 17  0  0
49 24  76084 118323824 2267888 57237352    0    0 1299104 830556 266962 1121152 43 14 24 18  0  0
48 28  76084 118328652 2267888 57237380    0    0 1294528 832076 266176 1115288 43 15 24 19  0  0
40 31  76084 118316444 2267888 57237400    0    0 1301200 832704 267555 1123217 43 14 24 19  0  0
47 24  76084 118341828 2267888 57237412    0    0 1319376 840008 268439 1133608 43 13 25 19  0  0
61 18  76084 118327632 2267888 57237440    0    0 1336128 854076 275164 1161167 45 15 23 17  0  0
54 23  76084 118328584 2267888 57237472    0    0 1342256 865176 276143 1168948 45 15 23 17  0  0
49 22  76084 118335844 2267888 57237500    0    0 1350288 854844 276958 1169678 45 15 23 17  0  0
procs -----------memory---------- ---swap-- -----io---- -system-- -------cpu-------
 r  b   swpd   free   buff  cache   si   so    bi    bo   in   cs us sy id wa st gu
55 20  76084 118317480 2267888 57237520    0    0 1347808 856724 276877 1170729 45 16 23 17  0  0
