procs -----------memory---------- ---swap-- -----io---- -system-- -------cpu-------
 r  b   swpd   free   buff  cache   si   so    bi    bo   in   cs us sy id wa st gu
 4  0   3584 5930868 2584912 167832236    0    0  3009  2960 1229    0  0  0 100  0  0  0
32  0   3584 5908340 2584912 167832244    0    0     0 276116 50813 40403 40  0 59  0  0  0
24 10   3584 5854388 2584912 167832248    0    0 491312 289180 117422 363182 26  4 63  7  0  0
25 15   3584 5854884 2584912 167832260    0    0 996832 454412 168535 684411 20  6 57 17  0  0
24 12   3584 5874824 2584912 167832268    0    0 884304 663700 176207 675425 20  6 59 15  0  0
22 12   3584 5884564 2584912 167832280    0    0 830080 836784 177330 657142 19  6 60 15  0  0
26  8   3584 5893296 2584912 167832292    0    0 776016 922816 170943 617763 18  5 61 15  0  0
12  9   3584 5901780 2584912 167832300    0    0 867312 702924 174937 659090 19  6 59 15  0  0
 9 10   3584 5899932 2584912 167832308    0    0 855136 725620 173311 657682 19  6 60 15  0  0
21 12   3584 5902964 2584912 167832328    0    0 871248 754880 180153 667895 20  6 59 16  0  0
25 11   3584 5906772 2584912 167832332    0    0 871888 753244 179079 680153 19  6 59 16  0  0
14  6   3584 5905572 2584912 167832352    0    0 871344 750488 180488 666413 20  6 59 15  0  0
21 12   3584 5906152 2584912 167832360    0    0 865120 754504 178565 667948 19  6 59 15  0  0
21 15   3584 5911340 2584912 167832368    0    0 859872 705604 173628 660823 19  6 59 16  0  0
30  8   3584 5915408 2584912 167832380    0    0 861664 681604 172863 661214 19  6 59 16  0  0
25 12   3584 5922520 2584912 167832392    0    0 853520 692980 173445 660303 19  6 59 16  0  0
22 13   3584 5922756 2584912 167832404    0    0 835504 689016 170626 650558 19  6 60 15  0  0
23 17   3584 5918080 2584912 167832412    0    0 855904 677568 174047 657473 20  6 59 16  0  0
27 10   3584 5926404 2584912 167832416    0    0 850752 667000 171405 650697 19  6 59 16  0  0
10  4   3584 5928044 2584912 167832428    0    0 855488 668656 172655 655453 19  5 60 15  0  0
21 17   3584 5925840 2584912 167832444    0    0 880544 676672 178044 675075 20  6 60 15  0  0
procs -----------memory---------- ---swap-- -----io---- -system-- -------cpu-------
 r  b   swpd   free   buff  cache   si   so    bi    bo   in   cs us sy id wa st gu
24  8   3584 5926588 2584912 167832452    0    0 872432 686060 176260 669729 20  6 59 15  0  0
16 19   3584 5931052 2584912 167832460    0    0 892416 671952 178349 684875 20  6 59 15  0  0
20 12   3584 5930068 2584912 167832472    0    0 895216 655628 177142 681865 20  6 59 15  0  0
21 14   3584 5934468 2584912 167832480    0    0 883888 705524 178394 679331 19  6 59 15  0  0
27 11   3584 5932244 2584912 167832496    0    0 895888 672924 177539 682033 20  6 59 15  0  0
23 12   3584 5936972 2584912 167832504    0    0 891968 679688 177624 679056 20  6 59 15  0  0
17 17   3584 5937008 2584916 167832512    0    0 892640 682948 181310 682836 20  6 59 15  0  0
29 10   3584 5934676 2584916 167832524    0    0 898784 662328 178824 681731 20  6 59 15  0  0
 9  5   3584 5933780 2584916 167832532    0    0 870480 668832 172923 660027 20  6 59 15  0  0
 9 17   3584 5934580 2584916 167832548    0    0 864544 657556 172781 659086 20  6 59 16  0  0
31  8   3584 5934944 2584916 167832556    0    0 876928 642912 174155 667061 20  6 59 16  0  0
26 10   3584 5935412 2584916 167832564    0    0 856352 602920 167772 648945 19  6 60 16  0  0
22 13   3584 5935288 2584916 167832580    0    0 859568 634316 170008 653712 19  5 60 15  0  0
11  1   3584 5935832 2584916 167832588    0    0 860320 648544 171896 656740 19  6 59 16  0  0
26  9   3584 5940824 2584916 167832596    0    0 857376 682892 172035 661636 20  6 59 15  0  0
19 17   3584 5953480 2584916 167832604    0    0 881264 726004 177905 675308 20  6 59 15  0  0
 8  1   3584 5950796 2584916 167832616    0    0 861040 719540 176238 668339 20  6 60 15  0  0
29  9   3584 5960768 2584916 167832624    0    0 877280 687524 175080 672195 20  6 59 15  0  0
29  8   3584 5961748 2584916 167832636    0    0 870288 726672 176431 673887 19  6 60 15  0  0
20 14   3584 5956716 2584916 167832648    0    0 877440 705764 176247 670380 20  6 59 15  0  0
25 10   3584 5958216 2584916 167832660    0    0 876208 726376 177957 677752 20  6 59 15  0  0
procs -----------memory---------- ---swap-- -----io---- -system-- -------cpu-------
 r  b   swpd   free   buff  cache   si   so    bi    bo   in   cs us sy id wa st gu
21 13   3584 5961172 2584916 167832672    0    0 885488 704188 176300 680150 20  6 59 15  0  0
25 14   3584 5962940 2584916 167832680    0    0 879808 713436 177433 674000 20  6 59 15  0  0
21 18   3584 5968168 2584916 167832688    0    0 867696 731956 176264 670798 20  6 59 15  0  0
22 14   3584 5964192 2584916 167832792    0    0 852672 694636 174522 652831 19  6 59 16  0  0
27 11   3584 5966168 2584916 167832804    0    0 849488 693440 172713 655282 19  6 59 16  0  0
12  8   3584 5965044 2584916 167832820    0    0 833056 696836 168954 649751 19  6 59 16  0  0
19 17   3584 5966864 2584916 167832828    0    0 813648 674088 166831 627395 19  5 60 16  0  0
25  9   3584 5966616 2584916 167832836    0    0 837536 692540 171553 646649 19  6 59 16  0  0
20 17   3584 5965248 2584916 167832848    0    0 880448 709040 180164 682141 20  6 59 15  0  0
20  2   3584 5962272 2584916 167832860    0    0 877744 727884 179384 679851 20  6 59 16  0  0
15 18   3584 5960788 2584916 167832868    0    0 860944 725044 176961 665476 20  6 59 15  0  0
20 16   3584 5962080 2584916 167832876    0    0 867040 711872 177911 675639 20  6 59 16  0  0
25 10   3584 5967468 2584916 167832884    0    0 862080 720484 176877 667629 20  6 59 15  0  0
24 13   3584 5962188 2584916 167832892    0    0 875088 713104 177538 676650 20  6 59 15  0  0
25 15   3584 5964488 2584916 167832908    0    0 878720 720268 179680 681412 20  6 59 15  0  0
23 11   3584 5964928 2584916 167832916    0    0 875392 726604 180277 682002 20  6 59 15  0  0
23 11   3584 5966156 2584916 167832928    0    0 874928 731980 178640 675238 20  6 59 16  0  0
18 16   3584 5966100 2584916 167832940    0    0 856640 727632 175399 665750 20  6 59 16  0  0
17 16   3584 5967280 2584916 167832948    0    0 835264 704196 171328 646700 19  6 59 16  0  0
 9  6   3584 5963896 2584916 167832964    0    0 848288 702028 172660 652088 19  6 58 16  0  0
15 13   3584 5966452 2584916 167832972    0    0 819888 668512 167601 634886 19  5 60 16  0  0
procs -----------memory---------- ---swap-- -----io---- -system-- -------cpu-------
 r  b   swpd   free   buff  cache   si   so    bi    bo   in   cs us sy id wa st gu
20 16   3584 5976632 2584916 167832980    0    0 844624 656332 169069 647200 19  6 59 16  0  0
23 11   3584 5976716 2584916 167832992    0    0 859088 667188 171475 660719 20  6 59 16  0  0
26 12   3584 5979028 2584916 167833004    0    0 890432 685308 177690 683726 20  6 58 16  0  0
29 10   3584 5973276 2584916 167833020    0    0 886544 682228 177459 682626 20  6 59 15  0  0
22 12   3584 5970456 2584916 167833028    0    0 875248 695576 178277 677529 20  6 59 15  0  0
22 12   3584 5978316 2584916 167833028    0    0 879200 684000 177751 678804 20  6 59 15  0  0
21 14   3584 5975488 2584916 167833048    0    0 876576 698440 178679 680315 20  6 59 15  0  0
24 11   3584 5968588 2584916 167833052    0    0 878000 699156 177864 682555 20  6 59 15  0  0
24 12   3584 5972152 2584916 167833056    0    0 889472 679692 175503 676120 20  6 59 15  0  0
23 11   3584 5976168 2584916 167833072    0    0 888048 686312 176680 679023 20  6 59 15  0  0
21 12   3584 5979788 2584916 167833084    0    0 887184 693668 178336 685883 20  6 59 15  0  0
19 18   3584 5978704 2584916 167833092    0    0 877920 704496 177691 677039 20  6 59 15  0  0
21 15   3584 5976124 2584916 167833104    0    0 866000 689016 174524 663559 20  6 59 16  0  0
15 20   3584 5969312 2584916 167833112    0    0 848912 680244 172785 654466 19  6 59 16  0  0
22 12   3584 5965300 2584916 167833124    0    0 845888 676760 172745 653291 19  6 59 16  0  0
27 12   3584 5964616 2584916 167833136    0    0 829568 645912 168117 638418 19  5 59 16  0  0
 2  2   3584 5964280 2584916 167833144    0    0 818256 700764 169218 635177 19  5 59 16  0  0
29 10   3584 5967712 2584916 167833160    0    0 859856 691332 176002 664372 20  6 59 16  0  0
24 10   3584 5971216 2584916 167833168    0    0 877648 693188 175731 675750 20  6 59 15  0  0
24 10   3584 5971972 2584916 167833180    0    0 877680 706476 176322 678215 20  6 59 15  0  0
29  7   3584 5976912 2584916 167833192    0    0 860752 686584 174107 663234 20  6 59 15  0  0
procs -----------memory---------- ---swap-- -----io---- -system-- -------cpu-------
 r  b   swpd   free   buff  cache   si   so    bi    bo   in   cs us sy id wa st gu
25 14   3584 5981692 2584916 167833200    0    0 873152 693420 176062 675721 20  6 59 15  0  0
30 10   3584 5977140 2584916 167833208    0    0 883904 699380 178978 679067 20  6 59 16  0  0
18 17   3584 5971264 2584916 167833220    0    0 885136 700384 179129 684727 20  6 59 16  0  0
25 10   3584 5972024 2584916 167833228    0    0 884928 702876 178265 681633 20  6 59 15  0  0
25 14   3584 5970164 2584916 167833236    0    0 888400 692028 178395 682928 20  6 59 16  0  0
26 14   3584 5975872 2584916 167833240    0    0 881152 701012 176590 682575 20  6 59 16  0  0
25 10   3584 5983612 2584916 167833256    0    0 868656 705524 175774 672746 20  6 59 16  0  0
15 21   3584 5985380 2584916 167833264    0    0 845328 673336 170623 652416 20  6 59 16  0  0
19 16   3584 5983556 2584916 167833272    0    0 857312 646408 170115 649967 20  6 59 16  0  0
 4  5   3584 5980572 2584916 167833288    0    0 846512 627132 167803 648908 19  6 59 16  0  0
21 13   3584 5980888 2584916 167833300    0    0 835680 664292 170481 647653 19  5 59 16  0  0
22 14   3584 5983120 2584916 167833308    0    0 846032 663776 170926 652317 19  6 59 16  0  0
21 13   3584 5987984 2584916 167833324    0    0 893120 662948 176823 680800 20  6 59 15  0  0
28  8   3584 5984348 2584916 167833344    0    0 887984 680092 178265 685796 20  6 59 15  0  0
19 16   3584 5981472 2584916 167833360    0    0 882992 682432 176827 675855 20  6 59 15  0  0
28  8   3584 5975428 2584916 167833360    0    0 869520 668688 176675 671540 20  6 59 15  0  0
27  8   3584 5978708 2584916 167833380    0    0 874736 678292 176506 677386 20  6 59 15  0  0
17 17   3584 5981604 2584916 167833388    0    0 880912 669384 176909 684249 20  6 59 15  0  0
27  7   3584 5980660 2584916 167833404    0    0 889360 677232 177971 685481 20  6 58 15  0  0
24 15   3584 5975752 2584916 167833412    0    0 889408 675052 177039 686350 20  6 59 15  0  0
25  9   3584 5976520 2584916 167833420    0    0 884512 678552 177290 680818 20  6 59 15  0  0
procs -----------memory---------- ---swap-- -----io---- -system-- -------cpu-------
 r  b   swpd   free   buff  cache   si   so    bi    bo   in   cs us sy id wa st gu
19 16   3584 5972072 2584916 167833492    0    0 887936 680792 178223 683303 20  6 58 15  0  0
22 14   3584 5967332 2584916 167833500    0    0 886336 674748 176808 677688 20  6 58 16  0  0
20 17   3584 5969116 2584916 167833512    0    0 838192 668584 169970 647707 20  6 59 16  0  0
27 12   3584 5974456 2584916 167833520    0    0 855984 658188 172830 663004 19  6 59 16  0  0
20 13   3584 5976740 2584916 167833532    0    0 845584 662396 170833 659826 19  6 59 16  0  0
21 13   3584 5974448 2584916 167833540    0    0 845968 650632 171172 649339 20  6 59 16  0  0
25 11   3584 5974848 2584916 167833552    0    0 853632 647268 170958 656147 19  5 59 16  0  0
22 12   3584 5974540 2584916 167833560    0    0 870768 668788 175523 669515 20  6 59 16  0  0
26 10   3584 5977064 2584916 167833572    0    0 885808 677280 178449 679148 20  6 59 15  0  0
22 12   3584 5979236 2584916 167833584    0    0 885680 672256 177332 676428 20  6 59 15  0  0
20 13   3584 5981220 2584916 167833592    0    0 852736 683552 173431 659560 20  6 60 15  0  0
25 10   3584 5980172 2584916 167833604    0    0 882656 655484 174581 671631 20  6 59 15  0  0
28  7   3584 5981768 2584916 167833612    0    0 881328 676260 177301 674293 20  6 59 15  0  0
26  8   3584 5978116 2584916 167833632    0    0 885424 677544 177611 681936 20  6 59 15  0  0
19 16   3584 5981152 2584916 167833648    0    0 892560 668572 176806 685988 20  6 59 15  0  0
28 10   3584 5981336 2584916 167833656    0    0 893744 676412 177779 680989 20  6 59 15  0  0
25 11   3584 5977644 2584916 167833664    0    0 883856 691024 178448 684870 20  6 59 15  0  0
21 14   3584 5976220 2584916 167833672    0    0 884064 656272 175771 678123 20  6 59 16  0  0
21 13   3584 5981912 2584916 167833680    0    0 851904 647384 169572 656020 19  6 59 16  0  0
18 17   3584 5985964 2584916 167833696    0    0 862512 647600 173095 661713 20  6 59 16  0  0
23 12   3584 5982060 2584916 167833704    0    0 839520 645316 168626 646156 19  5 60 16  0  0
procs -----------memory---------- ---swap-- -----io---- -system-- -------cpu-------
 r  b   swpd   free   buff  cache   si   so    bi    bo   in   cs us sy id wa st gu
23 13   3584 5986416 2584916 167833712    0    0 837360 621672 168708 641954 19  6 60 16  0  0
29  9   3584 5983060 2584916 167833720    0    0 854704 638572 171511 657885 20  6 59 16  0  0
32 12   3584 5981040 2584916 167833736    0    0 889744 653440 177561 685760 20  6 59 15  0  0
20 17   3584 5982812 2584916 167833744    0    0 891120 659088 176321 680457 20  6 59 15  0  0
18 17   3584 5981224 2584916 167833760    0    0 880448 683268 176599 677943 20  6 59 15  0  0
19 15   3584 5977224 2584916 167833760    0    0 891536 645916 177492 683604 20  6 59 15  0  0
22 14   3584 5976716 2584916 167833776    0    0 859856 659328 172424 665980 20  6 60 15  0  0
20 17   3584 5977136 2584916 167833784    0    0 883296 660060 177055 682100 20  6 59 15  0  0
24 12   3584 5978684 2584916 167833800    0    0 888720 666224 177107 685215 20  6 59 15  0  0
 7 26   3584 5976164 2584916 167833808    0    0 882288 691564 176894 678699 20  6 59 15  0  0
23 13   3584 5979720 2584916 167833820    0    0 888464 654552 177207 682838 20  6 59 15  0  0
23 12   3584 5977812 2584916 167833828    0    0 884704 667424 177427 680408 20  6 59 15  0  0
22 13   3584 5977764 2584916 167833848    0    0 882992 677140 177573 684852 20  6 59 15  0  0
 8  6   3584 5975280 2584916 167833852    0    0 870160 644428 172502 667125 20  6 59 16  0  0
20 15   3584 5978584 2584916 167833860    0    0 841744 636728 169260 647095 19  5 59 16  0  0
22 13   3584 5977660 2584916 167833872    0    0 848080 651020 170802 650507 19  6 59 16  0  0
29  8   3584 5981456 2584916 167833880    0    0 836288 627812 167614 642972 19  5 60 16  0  0
24 15   3584 5980540 2584916 167833896    0    0 850944 634328 170391 654221 20  6 59 16  0  0
 5  7   3584 5979828 2584916 167833904    0    0 856016 667372 173775 664501 20  6 59 15  0  0
26 10   3584 5986292 2584916 167833912    0    0 887168 670172 178264 681813 20  6 59 15  0  0
25 11   3584 5987668 2584916 167833924    0    0 882416 670316 177443 680055 20  6 59 15  0  0
procs -----------memory---------- ---swap-- -----io---- -system-- -------cpu-------
 r  b   swpd   free   buff  cache   si   so    bi    bo   in   cs us sy id wa st gu
23 11   3584 5987264 2584916 167833936    0    0 890080 657712 179523 683863 20  6 59 15  0  0
10  7   3584 5984772 2584916 167833936    0    0 876688 656744 176382 677071 20  6 59 15  0  0
27  8   3584 5981156 2584916 167833956    0    0 878848 640480 174832 677719 20  6 59 15  0  0
24 14   3584 5988084 2584916 167833968    0    0 872528 691656 174941 674325 20  6 59 15  0  0
24 16   3584 5987652 2584916 167833976    0    0 885632 663908 177021 684348 20  6 59 15  0  0
12 22   3584 5987376 2584916 167833988    0    0 887712 662712 177974 685122 20  6 59 15  0  0
27 11   3584 5983092 2584916 167833996    0    0 891216 649148 177465 686135 20  6 59 15  0  0
 4  4   3584 5981212 2584916 167834008    0    0 894736 662468 176818 689123 20  6 59 15  0  0
 6  4   3584 5981808 2584916 167834020    0    0 893520 644632 175776 687796 20  6 59 15  0  0
15 19   3584 5982128 2584916 167834024    0    0 865296 637344 171584 669741 19  6 60 16  0  0
26 11   3584 5979412 2584916 167834036    0    0 865984 632552 172766 663120 20  6 59 16  0  0
23 11   3584 5980632 2584916 167834044    0    0 829392 642776 165344 638358 19  5 60 15  0  0
28  7   3584 5973760 2584916 167834060    0    0 853632 630152 170975 655184 20  5 59 16  0  0
24 14   3584 5971076 2584916 167834072    0    0 853760 625224 171099 654182 20  6 59 16  0  0
22 13   3584 5968896 2584916 167834080    0    0 887680 645504 177369 682823 20  6 59 15  0  0
21 15   3584 5973388 2584916 167834088    0    0 890512 663820 177378 686278 20  6 59 15  0  0
21 13   3584 5978672 2584916 167834104    0    0 887248 661988 178199 685582 20  6 59 15  0  0
20 14   3584 5982628 2584916 167834116    0    0 880384 665888 177915 682519 20  6 59 15  0  0
28 10   3584 5978308 2584916 167834192    0    0 873888 645472 175139 676462 20  6 59 15  0  0
20 14   3584 5973008 2584916 167834204    0    0 881104 647488 174378 678000 20  6 59 15  0  0
22 12   3584 5977136 2584916 167834212    0    0 878432 665340 175808 679760 20  6 59 15  0  0
procs -----------memory---------- ---swap-- -----io---- -system-- -------cpu-------
 r  b   swpd   free   buff  cache   si   so    bi    bo   in   cs us sy id wa st gu
24 10   3584 5979868 2584916 167834220    0    0 885776 654388 175568 679314 20  6 60 15  0  0
24 15   3584 5982256 2584916 167834232    0    0 884720 663380 176802 682864 20  6 59 15  0  0
24 10   3584 5985712 2584916 167834244    0    0 889696 647216 175746 681926 20  6 59 15  0  0
24 11   3584 5983852 2584916 167834256    0    0 889760 663568 176527 683956 20  6 59 15  0  0
20 14   3584 5977204 2584916 167834256    0    0 878352 655376 175091 680011 20  6 59 15  0  0
27 12   3584 5981880 2584916 167834272    0    0 850496 642924 170819 659589 20  6 60 15  0  0
26  7   3584 5980128 2584916 167834284    0    0 839056 627768 167936 647011 19  6 59 16  0  0
 9  4   3584 5977728 2584916 167834292    0    0 812080 632060 163709 631637 19  5 60 16  0  0
20 14   3584 5976248 2584916 167834304    0    0 861264 614772 171954 662542 20  6 59 16  0  0
22 13   3584 5970248 2584916 167834324    0    0 875024 652200 173678 673228 20  6 59 15  0  0
24 11   3584 5975968 2584916 167834332    0    0 884704 662692 176528 678964 20  6 59 15  0  0
28 14   3584 5979132 2584916 167834348    0    0 883424 659848 175222 680308 20  6 59 15  0  0
24 15   3584 5977836 2584916 167834348    0    0 893136 655012 175518 685669 20  6 59 15  0  0
22 14   3584 5980256 2584916 167834364    0    0 885632 663904 177617 683461 20  6 59 15  0  0
25 13   3584 5984616 2584916 167834372    0    0 871008 647464 175368 675835 20  6 59 15  0  0
24 11   3584 5983640 2584916 167834376    0    0 878592 650984 176267 680926 19  6 60 15  0  0
28 10   3584 5979856 2584916 167834392    0    0 891920 642932 176756 684201 20  6 59 15  0  0
22 13   3584 5979196 2584916 167834408    0    0 890512 649768 176091 687637 20  6 60 15  0  0
23 11   3584 5981824 2584916 167834408    0    0 893712 647212 176080 686086 20  6 59 15  0  0
19 15   3584 5982144 2584916 167834424    0    0 892912 652288 176055 683571 20  6 59 15  0  0
23 13   3584 5981240 2584916 167834428    0    0 884400 651044 176341 681933 20  6 59 15  0  0
procs -----------memory---------- ---swap-- -----io---- -system-- -------cpu-------
 r  b   swpd   free   buff  cache   si   so    bi    bo   in   cs us sy id wa st gu
24 13   3584 5976268 2584916 167834444    0    0 884800 653280 176727 684958 20  6 59 15  0  0
28  7   3584 5978056 2584916 167834460    0    0 851376 639080 169115 655839 19  6 59 16  0  0
20 15   3584 5973664 2584916 167834464    0    0 830368 598192 164908 638948 19  5 60 16  0  0
24 13   3584 5971592 2584916 167834472    0    0 820992 603148 163580 631222 19  5 60 16  0  0
23 11   3584 5968972 2584916 167834484    0    0 864464 647680 173296 667724 20  6 59 15  0  0
24 11   3584 5971552 2584916 167834496    0    0 887088 649280 177106 681810 20  6 59 15  0  0
 3  8   3584 5970532 2584916 167834512    0    0 891280 654804 177402 686224 20  6 59 15  0  0
20 15   3584 5972668 2584916 167834524    0    0 885728 662332 178130 682758 20  6 59 15  0  0
22 13   3584 5969584 2584916 167834532    0    0 894656 634552 177370 688169 20  6 59 15  0  0
22 14   3584 5972392 2584916 167834544    0    0 878560 653192 173910 675481 20  6 59 15  0  0
24 12   3584 5975244 2584916 167834556    0    0 880688 637040 176209 680325 20  6 59 15  0  0
16 18   3584 5972300 2584916 167834568    0    0 868736 666244 176416 673935 20  6 60 15  0  0
26  9   3584 5970996 2584916 167834576    0    0 888912 648628 177884 688387 20  6 59 15  0  0
23 12   3584 5976536 2584916 167834588    0    0 882848 671276 176664 680868 20  6 59 15  0  0
30  8   3584 5975480 2584916 167834596    0    0 904784 636028 175673 687581 20  6 59 15  0  0
17 16   3584 5978228 2584916 167834608    0    0 890336 654580 177312 686282 20  6 59 15  0  0
21 13   3584 5981028 2584916 167834620    0    0 895584 658312 178711 690874 20  6 59 15  0  0
27 10   3584 5980324 2584916 167834628    0    0 874560 673764 176942 680467 20  6 59 15  0  0
17 17   3584 5983328 2584916 167834640    0    0 866240 632448 171361 663362 19  6 59 15  0  0
23 11   3584 5990112 2584916 167834644    0    0 822592 602424 162915 634578 18  5 60 16  0  0
22 13   3584 5988168 2584916 167834644    0    0 813104 631076 162841 627927 19  5 60 16  0  0
procs -----------memory---------- ---swap-- -----io---- -system-- -------cpu-------
 r  b   swpd   free   buff  cache   si   so    bi    bo   in   cs us sy id wa st gu
22 12   3584 5985480 2584916 167834668    0    0 880224 636760 174717 677942 20  6 59 15  0  0
21 14   3584 5981756 2584916 167834668    0    0 889216 648432 177933 688442 20  6 59 15  0  0
22 12   3584 5984892 2584916 167834688    0    0 889440 661592 176836 688570 20  6 59 15  0  0
26 12   3584 5981892 2584916 167834696    0    0 891312 643252 177135 689465 20  6 59 15  0  0
23 10   3584 5983788 2584916 167834704    0    0 898784 643960 177076 687366 20  6 59 15  0  0
24 10   3584 5982736 2584916 167834712    0    0 882336 647948 175343 683478 20  6 59 15  0  0
24 12   3584 5985712 2584916 167834728    0    0 865872 660388 173662 668975 19  6 60 15  0  0
24 11   3584 5986292 2584916 167834736    0    0 892528 626724 177234 683718 20  6 59 15  0  0
17 18   3584 5982044 2584916 167834752    0    0 883120 651500 177056 684050 20  6 59 15  0  0
26 14   3584 5984468 2584916 167834760    0    0 890032 637556 173903 682766 20  6 59 15  0  0
 4  5   3584 5981524 2584916 167834768    0    0 883184 664120 176427 684126 20  6 60 15  0  0
24 12   3584 5983184 2584916 167834776    0    0 894096 634856 175869 685731 20  6 59 15  0  0
23 12   3584 5982232 2584916 167834792    0    0 896144 630800 175660 686899 20  6 59 15  0  0
27 11   3584 5982124 2584916 167834804    0    0 889744 655776 179240 690374 20  6 59 15  0  0
23 16   3584 5981324 2584916 167834812    0    0 853168 631148 170014 653894 19  6 60 15  0  0
29  7   3584 5983508 2584916 167834820    0    0 813360 604944 162087 626595 18  5 60 16  0  0
22 12   3584 5987260 2584916 167834896    0    0 849664 616684 167554 653755 19  6 59 16  0  0
26  9   3584 5984640 2584916 167834908    0    0 883824 651624 174785 683207 20  6 60 15  0  0
24 11   3584 5988808 2584916 167834916    0    0 892160 641496 176679 685947 20  6 59 15  0  0
24 11   3584 5989344 2584916 167834920    0    0 897360 660164 178555 686526 20  6 59 15  0  0
25  9   3584 5987960 2584916 167834936    0    0 905296 625684 177470 694131 20  6 59 15  0  0
procs -----------memory---------- ---swap-- -----io---- -system-- -------cpu-------
 r  b   swpd   free   buff  cache   si   so    bi    bo   in   cs us sy id wa st gu
24 10   3584 5986464 2584916 167834940    0    0 892480 650176 175146 680405 20  6 59 15  0  0
21 13   3584 5985688 2584916 167834960    0    0 885888 639624 176829 684800 20  6 59 15  0  0
 8  6   3584 5980264 2584916 167834968    0    0 869408 660168 173485 668394 20  6 60 15  0  0
28 10   3584 5976316 2584916 167834976    0    0 878528 609200 170680 668456 20  6 59 15  0  0
22 12   3584 5980648 2584916 167834988    0    0 878160 644484 171792 672903 20  6 60 15  0  0
15 19   3584 5981620 2584916 167835000    0    0 886976 626452 173479 679236 20  6 60 15  0  0
24 10   3584 5975532 2584916 167835012    0    0 886816 621896 172481 673203 20  6 59 15  0  0
23 15   3584 5984256 2584916 167835024    0    0 896592 629824 174562 682392 20  6 59 15  0  0
22 12   3584 5984912 2584916 167835024    0    0 887216 640148 174544 681004 20  6 59 15  0  0
26 12   3584 5986188 2584916 167835044    0    0 888144 638816 174002 678135 20  6 59 15  0  0
24 14   3584 5977196 2584916 167835056    0    0 853408 614076 166641 646769 19  6 60 16  0  0
28  6   3584 5980548 2584916 167835064    0    0 823472 575976 160588 627839 18  5 60 16  0  0
 6  2   3584 5975756 2584916 167835072    0    0 839728 613808 164957 645537 19  6 60 15  0  0
 3  8   3584 5974636 2584916 167835084    0    0 861008 632000 171939 661844 20  6 59 15  0  0
22 14   3584 5975464 2584916 167835088    0    0 893760 601944 172632 675733 20  6 59 15  0  0
28  9   3584 5974836 2584916 167835108    0    0 886912 638876 172374 676297 20  6 59 15  0  0
26 12   3584 5983168 2584916 167835116    0    0 890656 634892 173572 676738 20  6 60 15  0  0
19 15   3584 5988372 2584916 167835128    0    0 886224 626048 172470 674431 20  6 59 15  0  0
20 18   3584 5987188 2584916 167835136    0    0 884192 623872 173619 677405 20  6 59 15  0  0
20 13   3584 5989648 2584916 167835148    0    0 876832 630472 171772 670666 20  6 60 15  0  0
24 10   3584 5984904 2584916 167835156    0    0 874368 626244 172391 671969 20  6 60 15  0  0
procs -----------memory---------- ---swap-- -----io---- -system-- -------cpu-------
 r  b   swpd   free   buff  cache   si   so    bi    bo   in   cs us sy id wa st gu
 7  7   3584 5983244 2584916 167835168    0    0 868064 635196 170595 668498 19  6 60 15  0  0
 7 13   3584 5984156 2584916 167835176    0    0 883296 630604 173164 673467 20  6 59 15  0  0
20 15   3584 5983100 2584916 167835188    0    0 892576 609460 172555 681221 20  6 59 15  0  0
25 11   3584 5977348 2584916 167835196    0    0 880880 654360 172522 670551 20  6 60 15  0  0
19 15   3584 5975684 2584916 167835208    0    0 889856 623632 172699 680160 20  6 59 15  0  0
27  8   3584 5972460 2584916 167835220    0    0 883072 631224 173196 673581 20  6 59 15  0  0
26  9   3584 5977824 2584916 167835232    0    0 848784 612968 167437 648549 19  6 60 15  0  0
23 12   3584 5977028 2584916 167835248    0    0 826224 600636 162391 633260 19  6 60 16  0  0
23  7   3584 5976032 2584916 167835252    0    0 849104 584560 166244 651051 19  6 59 16  0  0
10 10   3584 5979940 2584916 167835260    0    0 847024 643788 169358 651957 19  6 60 15  0  0
22 12   3584 5983324 2584916 167835276    0    0 886048 617220 175054 676920 20  6 59 15  0  0
20 14   3584 5988464 2584916 167835284    0    0 886592 646392 173401 677489 20  6 59 15  0  0
27  8   3584 5986820 2584916 167835296    0    0 899920 621364 174771 683987 20  6 59 15  0  0
30  6   3584 5983176 2584916 167835304    0    0 886288 643376 174113 680129 20  6 60 15  0  0
19 15   3584 5981680 2584916 167835312    0    0 886912 630148 176012 682644 20  6 59 15  0  0
23 11   3584 5979556 2584916 167835328    0    0 881168 654788 176212 681766 20  6 59 15  0  0
19 16   3584 5976832 2584916 167835336    0    0 889248 631920 175006 681460 20  6 59 15  0  0
25 10   3584 5972488 2584916 167835348    0    0 872512 620176 173546 672543 20  6 60 15  0  0
24 14   3584 5971872 2584916 167835356    0    0 874672 652364 171631 671235 19  6 60 15  0  0
15 19   3584 5984328 2584916 167835356    0    0 889376 612036 173246 678763 20  6 59 15  0  0
30  8   3584 5988044 2584916 167835376    0    0 887696 639504 173702 678275 20  6 59 15  0  0
procs -----------memory---------- ---swap-- -----io---- -system-- -------cpu-------
 r  b   swpd   free   buff  cache   si   so    bi    bo   in   cs us sy id wa st gu
25 10   3584 5987148 2584916 167835388    0    0 881376 635772 173965 678848 20  6 59 15  0  0
27 10   3584 5986884 2584916 167835396    0    0 879504 621032 172600 670334 19  6 60 15  0  0
17 17   3584 5987456 2584916 167835408    0    0 860992 612776 170858 660949 19  6 60 15  0  0
 7  2   3584 5986472 2584916 167835416    0    0 838368 596152 165106 642359 19  6 60 16  0  0
25 11   3584 5989584 2584916 167835420    0    0 837872 560920 163064 638811 18  6 60 16  0  0
20 16   3584 5988776 2584916 167835440    0    0 838880 617580 166741 644597 19  6 60 15  0  0
25 10   3584 5986324 2584916 167835448    0    0 863152 629156 170060 666006 19  6 60 15  0  0
22 13   3584 5986820 2584916 167835456    0    0 896928 629208 176051 690281 20  6 59 15  0  0
22 15   3584 5981244 2584916 167835468    0    0 891376 658952 178322 688064 20  6 59 15  0  0
27  9   3584 5981432 2584916 167835480    0    0 893440 635572 176560 689419 20  6 59 15  0  0
22 12   3584 5988160 2584916 167835492    0    0 893024 645376 176833 682575 20  6 59 15  0  0
 7 11   3584 5989876 2584916 167835500    0    0 882848 654752 176596 682573 20  6 59 15  0  0
30  6   3584 5988276 2584916 167835576    0    0 886224 626796 176026 680951 20  6 59 15  0  0
26  9   3584 5988076 2584916 167835588    0    0 871424 640632 172785 668265 20  6 60 15  0  0
20 14   3584 5983040 2584916 167835596    0    0 884720 629044 173170 674204 20  6 59 15  0  0
24 14   3584 5983816 2584916 167835608    0    0 890448 616808 174723 680801 20  6 60 15  0  0
25 10   3584 5987980 2584916 167835620    0    0 879824 654652 174154 672965 20  6 59 15  0  0
19 18   3584 5988096 2584916 167835628    0    0 889264 621488 173260 674604 20  6 59 15  0  0
25 11   3584 5990948 2584916 167835636    0    0 888528 635676 175188 676537 20  6 59 15  0  0
12  2   3584 5984404 2584916 167835652    0    0 855808 620544 169729 654020 20  6 60 15  0  0
13  7   3584 5988840 2584916 167835668    0    0 838096 575880 165403 639717 19  6 60 16  0  0
procs -----------memory---------- ---swap-- -----io---- -system-- -------cpu-------
 r  b   swpd   free   buff  cache   si   so    bi    bo   in   cs us sy id wa st gu
21 14   3584 5991676 2584916 167835680    0    0 833312 618880 165404 641224 19  6 59 16  0  0
 8 10   3584 5985124 2584916 167835684    0    0 870640 616972 169628 665428 19  6 60 15  0  0
23 11   3584 5982668 2584916 167835692    0    0 877168 606140 170998 673111 20  6 59 16  0  0
19 15   3584 5984492 2584916 167835704    0    0 881744 637292 172815 673072 20  6 59 15  0  0
18 17   3584 5982176 2584916 167835720    0    0 893376 632932 173914 681376 20  6 59 15  0  0
23 14   3584 5981020 2584916 167835736    0    0 883920 649848 174164 679720 20  6 60 15  0  0
27 12   3584 5946360 2584916 167835792    0    0 880928 619116 174982 674378 20  6 59 15  0  0
20 15   3584 5869736 2584916 167835856    0    0 876832 642156 175601 675304 21  6 58 15  0  0
26 12   3584 5823016 2584916 167836036    0    0 879376 619092 174473 672739 21  6 58 15  0  0
23 12   3584 5766056 2584916 167836204    0    0 889040 595976 173846 674403 21  6 58 15  0  0
25 12   3584 5714392 2584916 167836388    0    0 869552 611332 171648 666467 21  6 58 15  0  0
30 10   3584 5725468 2584916 167836552    0    0 878160 637976 176273 674675 21  6 58 15  0  0
26 14   3584 5739444 2584916 167836704    0    0 883504 634468 175272 678749 21  6 58 15  0  0
17 17   3584 5753164 2584916 167836872    0    0 887328 615464 173595 676495 21  6 58 15  0  0
25 10   3584 5751000 2584916 167837044    0    0 887744 616468 175402 677760 22  6 57 15  0  0
 9  3   3584 5695336 2584916 167837236    0    0 863664 631748 171156 656592 21  6 58 15  0  0
 9  9   3584 5700944 2584916 167837436    0    0 828544 584188 163079 630311 20  6 59 15  0  0
30  8   3584 5700460 2584916 167837620    0    0 840144 571876 166313 642479 20  6 58 16  0  0
27 12   3584 5698396 2584916 167837760    0    0 849744 602812 167796 652107 20  6 58 15  0  0
27  9   3584 5711124 2584916 167837924    0    0 852752 605192 170035 653584 20  6 58 15  0  0
23 12   3584 5671684 2584916 167837932    0    0 867840 637236 173229 667645 21  6 58 15  0  0
procs -----------memory---------- ---swap-- -----io---- -system-- -------cpu-------
 r  b   swpd   free   buff  cache   si   so    bi    bo   in   cs us sy id wa st gu
22 14   3584 5691412 2584916 167838096    0    0 888032 636232 176636 679630 21  6 58 15  0  0
23 12   3584 5657304 2584916 167838256    0    0 880992 612764 173313 675096 21  6 58 15  0  0
19 16   3584 5676772 2584916 167838428    0    0 886944 609880 173879 674473 21  6 58 15  0  0
 5  6   3584 5651672 2584916 167838584    0    0 878080 619220 173575 670099 21  6 58 15  0  0
 4  8   3584 5636868 2584916 167838760    0    0 872816 634616 174334 672062 21  6 58 15  0  0
11  3   3584 5612320 2584916 167838928    0    0 885792 610748 172789 672899 21  6 58 15  0  0
24 13   3584 5700896 2584916 167838940    0    0 872320 629528 173528 665915 21  6 59 15  0  0
22 13   3584 5683912 2584916 167839108    0    0 876192 604232 171432 667206 21  6 58 15  0  0
10  3   3584 5705028 2584916 167839292    0    0 878624 625688 172565 670793 21  6 58 15  0  0
28  9   3584 5671840 2584916 167839460    0    0 883760 619172 174416 677290 21  6 58 15  0  0
23 14   3584 5728416 2584916 167839632    0    0 881888 622312 174532 673113 21  6 58 15  0  0
20 15   3584 5718228 2584916 167839808    0    0 875744 647576 174985 673449 21  6 58 15  0  0
20 15   3584 5735632 2584916 167839964    0    0 837632 611492 169787 645790 20  6 59 15  0  0
25 12   3584 5728420 2584916 167840156    0    0 852928 574884 167721 649878 20  6 58 16  0  0
20 17   3584 5770352 2584916 167840164    0    0 828848 610884 163132 636868 20  6 59 16  0  0
23  5   3584 5723104 2584916 167840356    0    0 855152 621232 170594 654371 21  6 58 15  0  0
24 13   3584 5678920 2584916 167840516    0    0 870096 594432 170690 665767 21  6 58 15  0  0
22 14   3584 5652312 2584916 167840688    0    0 875552 615816 172309 666731 21  6 58 15  0  0
21 14   3584 5642548 2584916 167840860    0    0 887248 624080 175079 676494 21  6 58 15  0  0
 3  8   3584 5759840 2584916 167836308    0    0 876544 635908 173175 672863 21  6 58 15  0  0
23 13   3584 5788932 2584916 167836320    0    0 884064 607004 171908 673866 20  6 59 15  0  0
procs -----------memory---------- ---swap-- -----io---- -system-- -------cpu-------
 r  b   swpd   free   buff  cache   si   so    bi    bo   in   cs us sy id wa st gu
23 14   3584 5832060 2584916 167836328    0    0 884176 620808 172883 674673 20  6 60 15  0  0
25  9   3584 5846524 2584916 167836340    0    0 885152 618704 174124 673328 20  6 60 15  0  0
22 13   3584 5867516 2584916 167836352    0    0 887168 624444 172755 677171 20  6 59 15  0  0
22 12   3584 5875524 2584916 167836364    0    0 874688 626860 171853 670442 20  6 60 15  0  0
20 15   3584 5890592 2584916 167836376    0    0 877584 626964 173588 672602 20  6 60 15  0  0
23 11   3584 5902040 2584916 167836392    0    0 890016 617580 174848 677999 20  6 59 15  0  0
21 13   3584 5904236 2584916 167836404    0    0 889216 617528 172900 677194 20  6 59 15  0  0
21 14   3584 5910980 2584916 167836412    0    0 878048 629536 173137 675651 20  6 60 15  0  0
22 12   3584 5923756 2584916 167836428    0    0 852032 614364 166956 647694 19  6 60 15  0  0
19 14   3584 5920924 2584916 167836524    0    0 842448 574324 166628 644732 19  6 60 15  0  0
20 15   3584 5927380 2584916 167836536    0    0 851328 615460 167814 652789 19  6 60 16  0  0
22 14   3584 5933216 2584916 167836540    0    0 846512 622296 166607 649340 19  6 60 15  0  0
26 10   3584 5936680 2584916 167836548    0    0 866800 592840 169309 660116 20  6 59 15  0  0
19 14   3584 5940060 2584916 167836564    0    0 875024 606436 169545 668265 20  6 59 15  0  0
24 10   3584 5943416 2584916 167836572    0    0 890672 628924 172422 677091 20  6 59 15  0  0
11  1   3584 5948320 2584916 167836584    0    0 892224 622168 174172 685479 20  6 59 15  0  0
22 13   3584 5949720 2584916 167836592    0    0 882544 628844 171760 674279 20  6 60 15  0  0
24 11   3584 5953316 2584916 167836600    0    0 879024 615132 172114 668965 20  6 60 15  0  0
21 13   3584 5956040 2584916 167836616    0    0 892624 623768 173261 682099 20  6 59 15  0  0
20 15   3584 5956564 2584916 167836624    0    0 886224 628084 173608 679069 19  6 60 15  0  0
22 13   3584 5954136 2584916 167836636    0    0 876288 640592 171823 669561 20  6 60 15  0  0
procs -----------memory---------- ---swap-- -----io---- -system-- -------cpu-------
 r  b   swpd   free   buff  cache   si   so    bi    bo   in   cs us sy id wa st gu
20 14   3584 5950584 2584916 167836648    0    0 873296 616916 173067 668169 20  6 59 15  0  0
20 15   3584 5948644 2584916 167836660    0    0 890336 607988 173983 681444 20  6 59 15  0  0
28  8   3584 5950824 2584916 167836672    0    0 887536 637104 174882 678371 20  6 60 15  0  0
26 11   3584 5953340 2584916 167836684    0    0 886352 611884 171618 677613 20  6 59 15  0  0
28  7   3584 5952400 2584916 167836692    0    0 857376 616560 168511 653571 19  6 59 16  0  0
26 11   3584 5959040 2584916 167836700    0    0 838720 587956 165143 639368 19  6 61 15  0  0
17 17   3584 5957196 2584916 167836712    0    0 842848 608476 166977 647554 19  6 61 15  0  0
29  6   3584 5962672 2584916 167836716    0    0 860848 622144 169568 661689 19  6 60 15  0  0
20 14   3584 5964068 2584916 167836732    0    0 858432 607940 168968 655143 19  6 60 15  0  0
24 13   3584 5966072 2584916 167836740    0    0 864976 592988 168167 658120 19  6 59 16  0  0
30 10   3584 5967188 2584916 167836748    0    0 876432 607132 170391 669271 20  6 59 15  0  0
 6  5   3584 5967724 2584916 167836760    0    0 888192 623372 174143 678586 20  6 59 15  0  0
25 11   3584 5959716 2584916 167836768    0    0 888064 623900 173503 680313 20  6 59 15  0  0
11  2   3584 5961892 2584916 167836784    0    0 888576 618528 173109 678878 20  6 59 15  0  0
20 15   3584 5961956 2584916 167836792    0    0 891680 622988 171006 677111 20  6 59 15  0  0
13 11   3584 5965916 2584916 167836800    0    0 886448 634540 172562 674376 19  6 60 15  0  0
21 14   3584 5960380 2584916 167836812    0    0 881888 613780 173568 675674 20  6 59 15  0  0
20 15   3584 5967360 2584916 167836820    0    0 879760 620484 172394 674124 20  6 59 15  0  0
 9  6   3584 5965584 2584916 167836828    0    0 872272 623764 170513 667378 19  6 60 15  0  0
25  9   3584 5966888 2584916 167836844    0    0 887200 617340 173410 680045 20  6 59 15  0  0
29  6   3584 5971384 2584916 167836856    0    0 876784 637368 171809 671997 19  6 60 15  0  0
procs -----------memory---------- ---swap-- -----io---- -system-- -------cpu-------
 r  b   swpd   free   buff  cache   si   so    bi    bo   in   cs us sy id wa st gu
16 19   3584 5973816 2584916 167836860    0    0 881088 615652 171865 675857 19  6 59 15  0  0
19 16   3584 5968480 2584916 167836876    0    0 837168 614144 167038 645743 19  6 61 15  0  0
20 15   3584 5972464 2584916 167836876    0    0 856256 592864 167943 653636 19  6 60 16  0  0
22 13   3584 5972476 2584916 167836892    0    0 861680 603260 169329 657068 19  6 59 15  0  0
 7  1   3584 5974404 2584916 167836904    0    0 864816 620924 171203 664267 20  6 60 15  0  0
25 10   3584 5972724 2584916 167836912    0    0 867200 628936 170309 663280 19  6 60 15  0  0
27  9   3584 5972036 2584916 167836924    0    0 875344 602384 170686 666017 20  6 59 15  0  0
17 17   3584 5978676 2584916 167836936    0    0 879584 627996 173564 673845 20  6 59 15  0  0
23 13   3584 5977596 2584916 167836944    0    0 884320 617392 173766 675599 19  6 59 15  0  0
 7 10   3584 5975184 2584916 167836956    0    0 876800 621208 170682 668021 19  6 60 15  0  0
16 17   3584 5976068 2584916 167836968    0    0 878848 618460 171659 669349 20  6 59 15  0  0
19 16   3584 5979028 2584916 167836980    0    0 894816 599212 172739 676649 19  6 59 15  0  0
19 16   3584 5979404 2584916 167836984    0    0 867824 631044 171489 665856 19  6 60 15  0  0
26 11   3584 5978876 2584916 167837000    0    0 886176 592872 172188 675512 20  6 58 15  0  0
26  9   3584 5978372 2584916 167837016    0    0 863744 614528 170675 661894 19  6 60 15  0  0
 5  3   3584 5975508 2584916 167837024    0    0 864656 615048 169253 659723 19  6 60 15  0  0
19 16   3584 5975068 2584916 167837032    0    0 873872 632896 172946 673029 20  6 59 15  0  0
22 13   3584 5974364 2584916 167837044    0    0 881088 585268 168590 664500 19  6 60 15  0  0
 4  7   3584 5972648 2584916 167837052    0    0 854032 608296 167582 649511 19  6 59 16  0  0
29 10   3584 5972508 2584916 167837056    0    0 853392 592696 168274 651447 19  6 60 15  0  0
 9  3   3584 5971952 2584916 167837076    0    0 851520 614252 167719 652157 19  6 60 15  0  0
procs -----------memory---------- ---swap-- -----io---- -system-- -------cpu-------
 r  b   swpd   free   buff  cache   si   so    bi    bo   in   cs us sy id wa st gu
24 12   3584 5978464 2584916 167837084    0    0 865952 618852 170282 665723 19  6 60 15  0  0
21 13   3584 5975588 2584916 167837092    0    0 877376 595660 170664 669833 20  6 59 15  0  0
26  9   3584 5972836 2584916 167837116    0    0 868752 606404 169743 664750 20  6 60 15  0  0
 6  4   3584 5970800 2584916 167837124    0    0 864512 633888 170865 663002 19  6 60 15  0  0
18 17   3584 5971300 2584916 167837136    0    0 889392 596632 174017 677260 20  6 59 15  0  0
 8  6   3584 5964728 2584916 167837144    0    0 868144 633412 170457 662254 20  6 60 15  0  0
20 15   3584 5961180 2584916 167837216    0    0 885328 601052 172632 674199 20  6 59 15  0  0
30  6   3584 5965396 2584916 167837232    0    0 882208 615704 173302 672753 20  6 59 15  0  0
25 11   3584 5971796 2584916 167837240    0    0 874096 641892 174108 672097 19  6 59 15  0  0
23 13   3584 5973416 2584916 167837252    0    0 880176 603292 171611 671029 20  6 60 15  0  0
26  8   3584 5970672 2584916 167837260    0    0 873328 623536 170103 665221 19  6 60 15  0  0
24 12   3584 5972388 2584916 167837268    0    0 855472 608456 169398 656984 19  6 60 15  0  0
27  9   3584 5968752 2584916 167837280    0    0 884048 612764 172186 670819 20  6 59 15  0  0
28  8   3584 5967204 2584916 167837292    0    0 870720 596024 169550 666226 19  6 60 15  0  0
 9  4   3584 5971072 2584916 167837292    0    0 855696 623528 167805 656810 19  6 60 15  0  0
21 14   3584 5965888 2584916 167837312    0    0 842000 584984 166440 645756 19  6 60 15  0  0
17 17   3584 5970232 2584916 167837320    0    0 851888 599264 167644 653866 19  6 60 15  0  0
18 19   3584 5972928 2584916 167837332    0    0 861856 622108 170004 657566 19  6 60 15  0  0
23 11   3584 5973656 2584916 167837344    0    0 871056 570012 166728 657216 19  6 59 15  0  0
22 13   3584 5969260 2584916 167837352    0    0 856592 613784 168440 655615 19  6 60 15  0  0
26  8   3584 5975260 2584916 167837352    0    0 869168 617776 171752 665621 19  6 59 15  0  0
procs -----------memory---------- ---swap-- -----io---- -system-- -------cpu-------
 r  b   swpd   free   buff  cache   si   so    bi    bo   in   cs us sy id wa st gu
 9 11   3584 5968716 2584916 167837372    0    0 882624 640560 173594 675922 20  6 60 15  0  0
24  9   3584 5969504 2584916 167837388    0    0 886192 625860 173314 676448 20  6 59 15  0  0
27  6   3584 5967180 2584916 167837400    0    0 892928 596388 174053 679958 20  6 59 15  0  0
21 13   3584 5973544 2584916 167837408    0    0 893760 626624 174450 680523 20  6 59 15  0  0
 8  4   3584 5966480 2584916 167837416    0    0 886048 645620 173519 678025 20  6 59 15  0  0
25 10   3584 5963828 2584916 167837428    0    0 895904 610828 177510 690415 20  6 59 15  0  0
 6  8   3584 5970916 2584916 167837440    0    0 886160 626504 174709 679565 20  6 59 15  0  0
24 11   3584 5970032 2584916 167837460    0    0 883872 619244 172965 677955 20  6 59 15  0  0
22 14   3584 5967236 2584916 167837468    0    0 880784 610428 172421 670973 20  6 59 15  0  0
21 15   3584 5968592 2584916 167837476    0    0 871904 630576 172287 671731 20  6 59 15  0  0
22 15   3584 5968140 2584916 167837488    0    0 862144 606608 168578 657924 19  6 60 15  0  0
25 11   3584 5967316 2584916 167837496    0    0 837680 593848 164377 643174 19  6 60 15  0  0
21 14   3584 5964176 2584916 167837512    0    0 861392 597436 170060 661115 19  6 59 15  0  0
25 10   3584 5961968 2584916 167837516    0    0 867296 595692 168311 657707 19  6 60 15  0  0
22 13   3584 5960256 2584916 167837524    0    0 862512 602612 166394 657382 20  6 59 15  0  0
28 12   3584 5966248 2584916 167837532    0    0 862320 606536 168486 656800 19  6 60 15  0  0
24 11   3584 5967296 2584916 167837544    0    0 861888 596664 168315 659907 19  6 60 15  0  0
20 16   3584 5966212 2584916 167837556    0    0 879376 614572 171439 673415 20  6 59 15  0  0
22 15   3584 5969020 2584916 167837568    0    0 883744 621668 171628 674673 20  6 59 15  0  0
 9  5   3584 5969888 2584916 167837580    0    0 883056 634356 173328 674106 20  6 59 15  0  0
20 13   3584 5966012 2584916 167837588    0    0 885584 631116 175235 679749 20  6 59 15  0  0
procs -----------memory---------- ---swap-- -----io---- -system-- -------cpu-------
 r  b   swpd   free   buff  cache   si   so    bi    bo   in   cs us sy id wa st gu
11  4   3584 5965100 2584916 167837600    0    0 892000 630736 179564 686868 20  6 59 15  0  0
18  8   3584 5963656 2584916 167837616    0    0 893744 639952 175600 677869 20  6 59 15  0  0
26 12   3584 5961408 2584916 167837624    0    0 896032 602424 173935 681867 20  6 59 15  0  0
28 11   3584 5962336 2584916 167837636    0    0 883872 628208 173772 680173 20  6 59 15  0  0
22 12   3584 5959532 2584916 167837636    0    0 882944 635440 173390 676182 20  6 60 15  0  0
26 12   3584 5954984 2584916 167837656    0    0 879168 596912 171154 673620 20  6 60 15  0  0
24 13   3584 5956728 2584916 167837668    0    0 873888 641296 173183 670709 20  6 60 15  0  0
21 13   3584 5951588 2584916 167837676    0    0 860272 588408 169164 657051 19  6 60 15  0  0
24  9   3584 5960616 2584916 167837688    0    0 865696 617180 170512 665967 19  6 60 15  0  0
16 10   3584 5959896 2584916 167837692    0    0 867888 616764 168761 659463 20  6 60 15  0  0
27 12   3584 5954780 2584916 167837704    0    0 859088 610872 168365 656180 19  6 59 15  0  0
22 14   3584 5953416 2584916 167837716    0    0 859600 599044 167441 656865 19  6 60 15  0  0
22 15   3584 5957344 2584916 167837720    0    0 863808 584996 167422 661224 19  6 59 15  0  0
27  8   3584 5966884 2584916 167837736    0    0 850832 615476 166950 654999 19  6 60 15  0  0
 6  6   3584 5965532 2584916 167837748    0    0 874864 613584 171742 669742 20  6 60 15  0  0
24 11   3584 5965300 2584916 167837760    0    0 879808 594836 172027 665644 20  6 59 15  0  0
15  0   3584 5968740 2584916 167837776    0    0 872304 600496 169680 659578 20  6 60 15  0  0
23 11   3584 5969660 2584916 167837784    0    0 872208 624752 170561 666515 20  6 59 15  0  0
22 13   3584 5970088 2584916 167837792    0    0 878128 627140 172428 668609 20  6 59 15  0  0
21 13   3584 5969644 2584916 167837804    0    0 885040 621292 172784 674538 20  6 59 15  0  0
25 10   3584 5970324 2584916 167837812    0    0 900576 600956 172894 683858 20  6 59 15  0  0
procs -----------memory---------- ---swap-- -----io---- -system-- -------cpu-------
 r  b   swpd   free   buff  cache   si   so    bi    bo   in   cs us sy id wa st gu
22 13   3584 5971816 2584916 167837820    0    0 890960 616704 172080 675482 20  6 59 15  0  0
 5 10   3584 5966588 2584916 167837836    0    0 873424 645300 171242 671312 20  6 60 15  0  0
21 14   3584 5971200 2584916 167837844    0    0 880752 581628 170755 671125 19  6 60 15  0  0
21 13   3584 5967968 2584916 167837932    0    0 849312 621980 168058 651567 19  6 60 15  0  0
23 12   3584 5969280 2584916 167837940    0    0 848736 586624 164300 642971 19  6 60 15  0  0
 2  4   3584 5976452 2584916 167837944    0    0 847616 617368 167298 652978 19  6 60 15  0  0
20  0   3584 5979940 2584916 167837960    0    0 882928 584660 171959 673529 20  6 59 15  0  0
10 24   3584 5975736 2584916 167837968    0    0 868976 643020 170149 664353 19  6 60 15  0  0
23 15   3584 5971860 2584916 167837976    0    0 872576 593288 168855 661360 19  6 59 15  0  0
17 18   3584 5983660 2584916 167837988    0    0 866704 592468 167793 657910 19  6 60 15  0  0
21 14   3584 5981964 2584916 167837996    0    0 864528 615536 170206 662008 19  6 60 15  0  0
22 12   3584 5984972 2584916 167838008    0    0 887712 619932 173685 677694 20  6 59 15  0  0
10  2   3584 5980876 2584916 167838020    0    0 886160 623700 173283 678712 20  6 59 15  0  0
20 13   3584 5984500 2584916 167838028    0    0 884064 638756 174815 677604 20  6 59 15  0  0
26  9   3584 5985876 2584916 167838040    0    0 890992 615284 171437 674766 20  6 59 15  0  0
18 16   3584 5980564 2584916 167838044    0    0 900944 600232 174699 683416 20  6 59 15  0  0
23 13   3584 5981940 2584916 167838064    0    0 897680 621840 172609 678717 20  6 59 15  0  0
20 14   3584 5983476 2584916 167838076    0    0 893888 628012 174515 681707 20  6 59 15  0  0
 2  6   3584 5981176 2584916 167838084    0    0 893968 629732 174351 679472 20  6 59 15  0  0
25 10   3584 5981388 2584916 167838096    0    0 882368 617904 172325 672586 20  6 60 15  0  0
21 13   3584 5983500 2584916 167838104    0    0 859568 624332 169107 661794 19  6 60 15  0  0
procs -----------memory---------- ---swap-- -----io---- -system-- -------cpu-------
 r  b   swpd   free   buff  cache   si   so    bi    bo   in   cs us sy id wa st gu
 5  8   3584 5983628 2584916 167838116    0    0 867504 603552 169464 662392 20  6 60 15  0  0
22 14   3584 5983024 2584916 167838128    0    0 861440 588624 169805 657119 19  6 60 15  0  0
20 14   3584 5981260 2584916 167838136    0    0 874096 613324 170928 669323 20  6 59 15  0  0
15 20   3584 5976840 2584916 167838144    0    0 869872 628760 170722 663714 19  6 60 15  0  0
21 14   3584 5978220 2584916 167838156    0    0 863872 589088 166553 658861 19  6 60 16  0  0
24 12   3584 5974764 2584916 167838168    0    0 857776 608412 168087 657582 19  6 60 16  0  0
19  4   3584 5978240 2584916 167838176    0    0 858736 603744 169020 655456 19  6 60 16  0  0
25 11   3584 5984316 2584916 167838192    0    0 852080 595100 167851 655875 19  6 60 15  0  0
19 15   3584 5985668 2584916 167838200    0    0 870144 618128 171456 672474 19  6 60 15  0  0
20 14   3584 5987668 2584916 167838200    0    0 874080 609756 173786 672239 20  6 60 15  0  0
22 12   3584 5983540 2584916 167838224    0    0 871552 621348 171637 670971 19  6 60 15  0  0
24 13   3584 5983500 2584916 167838232    0    0 875328 615828 171337 669781 20  6 59 15  0  0
20 14   3584 5985288 2584916 167838244    0    0 900144 618688 175703 687171 20  6 59 15  0  0
24 12   3584 5982564 2584916 167838256    0    0 893584 631104 174105 677758 20  6 59 15  0  0
 8 15   3584 5979328 2584916 167838264    0    0 888368 640676 172560 675086 20  6 59 15  0  0
 9 14   3584 5978696 2584916 167838276    0    0 898544 615776 173667 682532 20  6 59 15  0  0
 8 12   3584 5979452 2584916 167838288    0    0 873136 633728 171160 662772 20  6 59 15  0  0
23 13   3584 5931448 2584916 167838388    0    0 847744 578656 166078 645889 20  6 59 15  0  0
25 11   3584 5874456 2584916 167838396    0    0 831856 593080 165161 639790 20  6 59 15  0  0
17  6   3584 5843236 2584916 167838400    0    0 849360 600152 168943 651017 20  6 59 15  0  0
27  9   3584 5840404 2584916 167838412    0    0 866864 599740 171715 658046 20  7 59 15  0  0
procs -----------memory---------- ---swap-- -----io---- -system-- -------cpu-------
 r  b   swpd   free   buff  cache   si   so    bi    bo   in   cs us sy id wa st gu
22 12   3584 5848280 2584916 167838424    0    0 852864 606176 167438 643947 19  7 59 15  0  0
22 12   3584 5856248 2584916 167838436    0    0 833392 595292 164405 632263 19  7 60 15  0  0
23 14   3584 5856908 2584916 167838444    0    0 830816 585488 163437 632808 19  7 59 14  0  0
25 14   3584 5855444 2584916 167838452    0    0 849360 573352 164853 640248 19  7 59 15  0  0
20 14   3584 5868400 2584916 167838460    0    0 858336 615984 169076 648739 20  7 59 14  0  0
20 14   3584 5881280 2584916 167838476    0    0 857520 599700 168988 649597 19  7 60 14  0  0
26  9   3584 5884572 2584916 167838484    0    0 868384 590616 169206 653079 20  7 59 14  0  0
27  9   3584 5883424 2584916 167838492    0    0 862480 623276 170994 651324 20  7 59 14  0  0
25 12   3584 5882780 2584916 167838504    0    0 866592 595372 170882 653301 20  7 59 14  0  0
24 10   3584 5887268 2584916 167838512    0    0 869616 598624 169803 657525 20  7 59 14  0  0
20 17   3584 5890104 2584916 167838528    0    0 860448 627896 170710 650957 20  7 59 15  0  0
23 11   3584 5887500 2584916 167838536    0    0 871376 599056 169323 655134 20  7 59 14  0  0
27  8   3584 5884864 2584916 167838544    0    0 865424 601720 169790 653261 19  7 59 14  0  0
24 14   3584 5883236 2584916 167838564    0    0 841648 594764 164587 634235 19  7 60 14  0  0
25 12   3584 5881476 2584916 167838572    0    0 839936 576576 166149 637502 19  7 59 15  0  0
24 11   3584 5874608 2584916 167838584    0    0 814400 574724 160472 617402 19  7 60 15  0  0
 5  8   3584 5872476 2584916 167838592    0    0 837072 569860 165232 636693 19  7 60 14  0  0
10  6   3584 5882760 2584916 167838600    0    0 861984 611476 168223 649572 20  7 59 14  0  0
25 11   3584 5886252 2584916 167838604    0    0 849600 598384 167596 643775 19  7 59 14  0  0
27 12   3584 5888944 2584916 167838620    0    0 841680 572220 164899 635578 19  7 59 15  0  0
21 15   3584 5882180 2584916 167838632    0    0 837152 594232 164771 631928 19  7 60 15  0  0
procs -----------memory---------- ---swap-- -----io---- -system-- -------cpu-------
 r  b   swpd   free   buff  cache   si   so    bi    bo   in   cs us sy id wa st gu
23 11   3584 5877916 2584916 167838712    0    0 841984 578096 163971 634430 19  7 60 15  0  0
17 17   3584 5886548 2584916 167838720    0    0 854096 594576 167904 645231 19  7 60 14  0  0
28 10   3584 5888328 2584916 167838728    0    0 859360 591428 167103 647547 19  7 59 14  0  0
22 14   3584 5886204 2584916 167838740    0    0 864064 589396 168758 654351 19  7 59 14  0  0
20 14   3584 5889580 2584916 167838752    0    0 873984 584856 168109 655388 20  7 59 14  0  0
23 13   3584 5886136 2584916 167838764    0    0 856688 616236 169248 651224 19  7 60 14  0  0
22 15   3584 5886668 2584916 167838772    0    0 865520 605296 169754 650860 20  7 59 14  0  0
17 17   3584 5886680 2584916 167838780    0    0 868512 608468 171812 661486 20  7 59 14  0  0
23 12   3584 5824948 2584920 167839008    0    0 862836 584460 169477 650719 20  8 58 14  0  0
 9  5   3584 5829820 2584920 167840964    0    0 857664 601588 169354 648152 21  7 58 14  0  0
28  7   3584 5964252 2584920 167842488    0    0 852192 613904 169967 647836 19  6 60 15  0  0
22 16   3584 5966564 2584920 167842492    0    0 862672 599284 169278 660905 19  6 59 16  0  0
21 15   3584 5967676 2584920 167842504    0    0 843680 596176 164888 642399 19  6 60 15  0  0
17 19   3584 5969264 2584920 167842516    0    0 865344 590920 169097 660666 19  6 60 15  0  0
27  8   3584 5963216 2584920 167842524    0    0 894288 628736 173867 683868 20  6 59 15  0  0
18 16   3584 5963960 2584920 167842540    0    0 893840 616468 174267 680601 20  6 59 15  0  0
23 14   3584 5964640 2584920 167842552    0    0 857840 625020 168860 658354 19  6 60 15  0  0
20 14   3584 5972388 2584920 167842560    0    0 864272 605292 167200 658388 19  6 59 15  0  0
23 14   3584 5972376 2584920 167842568    0    0 863040 587884 167945 655839 19  6 60 15  0  0
20 16   3584 5980076 2584920 167842580    0    0 884128 629612 173081 682521 20  6 60 15  0  0
18 16   3584 5977784 2584920 167842592    0    0 889840 611124 172098 677386 20  6 59 15  0  0
procs -----------memory---------- ---swap-- -----io---- -system-- -------cpu-------
 r  b   swpd   free   buff  cache   si   so    bi    bo   in   cs us sy id wa st gu
24 10   3584 5976376 2584920 167842600    0    0 888896 611240 172317 677266 20  6 59 15  0  0
23 12   3584 5976636 2584920 167842612    0    0 882464 652220 173440 672967 20  6 60 15  0  0
22 12   3584 5978752 2584920 167842620    0    0 902688 614824 175080 683812 20  6 59 15  0  0
16 18   3584 5977204 2584920 167842632    0    0 889264 629472 174037 681624 20  6 59 15  0  0
24 14   3584 5972656 2584920 167842648    0    0 896432 625580 174631 679935 20  6 59 15  0  0
23 18   3584 5975100 2584920 167842656    0    0 889120 614768 175077 680538 20  6 60 15  0  0
22 12   3584 5976816 2584920 167842668    0    0 866336 612636 170282 659147 19  6 60 15  0  0
20 16   3584 5977256 2584920 167842668    0    0 854192 593956 166232 649077 19  6 60 15  0  0
20 14   3584 5976972 2584920 167842684    0    0 849936 602764 165844 647502 19  6 60 15  0  0
27  9   3584 5976836 2584920 167842696    0    0 850704 597308 167615 650570 19  6 60 15  0  0
26 13   3584 5974620 2584920 167842708    0    0 883056 606424 172751 678115 20  6 60 15  0  0
25  9   3584 5974100 2584920 167842720    0    0 892784 628044 173106 677257 20  6 59 15  0  0
25  9   3584 5971236 2584920 167842728    0    0 863168 604456 168722 656639 19  6 60 15  0  0
25 13   3584 5968084 2584920 167842736    0    0 867328 604224 168196 658949 19  6 59 15  0  0
 9  7   3584 5971276 2584920 167842748    0    0 874112 600608 170291 665613 20  6 59 15  0  0
29 12   3584 5968284 2584920 167842760    0    0 876336 624576 170151 667823 19  6 59 15  0  0
27 11   3584 5978176 2584920 167842768    0    0 880624 628980 172151 672101 20  6 60 15  0  0
20 14   3584 5977772 2584920 167842780    0    0 888800 610444 172485 671552 20  6 60 15  0  0
18 16   3584 5976232 2584920 167842788    0    0 886560 624868 174764 676385 20  6 59 15  0  0
 6  6   3584 5978840 2584920 167842800    0    0 887408 619096 172570 676841 20  6 60 15  0  0
 6  7   3584 5978440 2584920 167842812    0    0 894640 622504 174505 682148 20  6 59 15  0  0
procs -----------memory---------- ---swap-- -----io---- -system-- -------cpu-------
 r  b   swpd   free   buff  cache   si   so    bi    bo   in   cs us sy id wa st gu
29 10   3584 5981916 2584920 167842820    0    0 889712 631808 173044 676744 19  6 60 15  0  0
25 11   3584 5984344 2584920 167842832    0    0 895040 630800 174009 683004 20  6 59 15  0  0
19 17   3584 5984620 2584920 167842840    0    0 880704 619004 171959 671709 20  6 60 15  0  0
16 18   3584 5982688 2584920 167842848    0    0 858512 601432 167537 655454 19  6 60 15  0  0
24 11   3584 5978452 2584920 167842860    0    0 862448 583812 167394 653241 19  6 60 15  0  0
 8  1   3584 5979300 2584920 167842868    0    0 850384 597748 168843 653244 19  6 60 15  0  0
23 13   3584 5981824 2584920 167842880    0    0 855872 642444 171817 666987 19  6 60 15  0  0
29  9   3584 5978512 2584920 167842888    0    0 881360 642080 174755 681033 20  6 59 15  0  0
10  3   3584 5978300 2584920 167842900    0    0 893600 608404 177175 689878 20  6 59 15  0  0
27 11   3584 5984940 2584920 167842912    0    0 860416 630708 173695 668583 19  6 60 15  0  0
24 12   3584 5987748 2584920 167842924    0    0 869808 607604 172525 671731 20  6 59 15  0  0
20 15   3584 5980208 2584920 167842936    0    0 861984 625528 169718 658001 19  6 60 15  0  0
27  9   3584 5979160 2584920 167842944    0    0 879264 613260 173611 676504 19  6 60 15  0  0
28  6   3584 5974780 2584920 167842952    0    0 879424 625948 174484 683743 20  6 60 15  0  0
 8  6   3584 5984152 2584920 167842964    0    0 884816 630112 173560 681020 20  6 60 15  0  0
23 11   3584 5988768 2584920 167842980    0    0 890736 625684 176127 687716 20  6 59 15  0  0
24 12   3584 5987760 2584920 167842988    0    0 890000 631248 175671 686148 20  6 60 15  0  0
23 13   3584 5987848 2584920 167842996    0    0 887040 640592 175763 683862 20  6 59 15  0  0
18 16   3584 5984916 2584920 167843072    0    0 898704 627212 175773 689834 20  6 59 15  0  0
24 12   3584 5986484 2584920 167843084    0    0 890240 621804 173585 681134 20  6 59 15  0  0
23 10   3584 5987348 2584920 167843096    0    0 853456 628268 170735 659513 19  6 60 15  0  0
procs -----------memory---------- ---swap-- -----io---- -system-- -------cpu-------
 r  b   swpd   free   buff  cache   si   so    bi    bo   in   cs us sy id wa st gu
22 12   3584 5983416 2584920 167843100    0    0 855984 606316 169771 655969 19  6 60 16  0  0
18 17   3584 5980004 2584920 167843112    0    0 848400 621852 168350 651380 19  6 60 15  0  0
25 12   3584 5981348 2584920 167843112    0    0 876768 601908 172156 672934 20  6 59 15  0  0
22 13   3584 5978848 2584920 167843136    0    0 876432 654760 175756 681918 20  6 60 15  0  0
16 19   3584 5977684 2584920 167843140    0    0 891824 634628 175595 684707 20  6 59 15  0  0
23 12   3584 5973508 2584920 167843156    0    0 888768 604680 173329 679187 20  6 59 15  0  0
22 12   3584 5973432 2584920 167843156    0    0 859440 628812 169951 662608 19  6 59 15  0  0
23 13   3584 5973056 2584920 167843176    0    0 878704 606088 170130 669715 20  6 59 15  0  0
 8  7   3584 5976300 2584920 167843184    0    0 865664 615924 170908 665116 19  6 60 15  0  0
20 14   3584 5974276 2584920 167843200    0    0 891392 627412 176294 685990 20  6 59 15  0  0
25 11   3584 5975428 2584920 167843212    0    0 890704 643304 176130 688844 19  6 59 15  0  0
24 12   3584 5977956 2584920 167843220    0    0 884480 661544 177583 687100 19  6 60 15  0  0
24 11   3584 5979148 2584920 167843228    0    0 894208 634164 177361 687771 20  6 60 15  0  0
23 12   3584 5981028 2584920 167843244    0    0 907632 620660 177503 693433 20  6 59 15  0  0
22 12   3584 5982132 2584920 167843252    0    0 895184 622368 174008 683005 20  6 59 15  0  0
28  7   3584 5985492 2584920 167843264    0    0 882624 637372 172005 671916 19  6 60 15  0  0
17 17   3584 5986448 2584920 167843272    0    0 876256 604332 169549 662238 20  6 60 15  0  0
17 19   3584 5984620 2584920 167843280    0    0 851648 612008 167736 657674 19  6 60 15  0  0
19 17   3584 5984296 2584920 167843288    0    0 858944 585736 165956 655273 19  6 60 15  0  0
 2  2   3584 5982188 2584920 167843300    0    0 839024 608140 165339 642989 19  6 60 15  0  0
22 12   3584 5986752 2584920 167843312    0    0 856784 594576 167486 654864 19  6 60 15  0  0
procs -----------memory---------- ---swap-- -----io---- -system-- -------cpu-------
 r  b   swpd   free   buff  cache   si   so    bi    bo   in   cs us sy id wa st gu
23 11   3584 5989992 2584920 167843320    0    0 847328 598188 166832 650012 19  6 60 15  0  0
17 17   3584 5989820 2584920 167843328    0    0 858320 588876 167132 654051 19  6 60 15  0  0
23 11   3584 5993564 2584920 167843340    0    0 872896 614744 169525 661774 19  6 59 15  0  0
14 20   3584 5984884 2584920 167843352    0    0 881040 613532 173583 668414 20  6 59 16  0  0
26 10   3584 5985144 2584920 167843360    0    0 882848 607608 174674 671019 20  6 59 15  0  0
21 16   3584 5980964 2584920 167843376    0    0 870064 605044 171425 659769 19  6 59 15  0  0
26 10   3584 5982944 2584920 167843384    0    0 857888 621380 171145 661406 19  6 60 15  0  0
24 17   3584 5983768 2584920 167843396    0    0 860768 609324 169899 658859 19  6 60 15  0  0
29 10   3584 5988176 2584920 167843412    0    0 871200 602840 170306 664675 19  6 60 15  0  0
19 14   3584 5994396 2584920 167843412    0    0 862496 591908 168214 653995 19  6 60 16  0  0
23 13   3584 5990300 2584920 167843428    0    0 856192 609136 168823 653530 19  6 60 15  0  0
25 12   3584 5991540 2584920 167843440    0    0 866640 599908 168991 654888 19  6 59 16  0  0
22 13   3584 5994128 2584920 167843448    0    0 844240 603500 166927 644065 19  6 60 15  0  0
25 10   3584 5995260 2584920 167843464    0    0 856560 585072 166661 650164 19  6 59 16  0  0
15 20   3584 5993248 2584920 167843468    0    0 830976 599332 164011 640834 19  6 60 16  0  0
18 16   3584 5987180 2584920 167843476    0    0 825136 577232 161002 627766 19  6 60 16  0  0
21 15   3584 5985200 2584920 167843488    0    0 819824 576436 161758 631206 19  5 60 16  0  0
22 12   3584 5985784 2584920 167843496    0    0 853888 569840 166817 651338 19  6 60 16  0  0
 6  5   3584 5988168 2584920 167843512    0    0 837376 619504 165231 640261 19  6 61 15  0  0
23 12   3584 5986244 2584920 167843520    0    0 849600 591104 166704 648448 19  6 60 15  0  0
 6  4   3584 5986428 2584920 167843528    0    0 852576 606756 167413 648279 19  6 60 15  0  0
procs -----------memory---------- ---swap-- -----io---- -system-- -------cpu-------
 r  b   swpd   free   buff  cache   si   so    bi    bo   in   cs us sy id wa st gu
21 13   3584 5988756 2584920 167843540    0    0 861920 583308 166537 654221 19  6 60 16  0  0
27 10   3584 5987104 2584920 167843548    0    0 852272 595608 166938 650284 19  6 60 15  0  0
25 14   3584 5988792 2584920 167843560    0    0 848432 593456 165354 643328 19  6 60 15  0  0
13  3   3584 5992768 2584920 167843572    0    0 856000 589892 167062 650405 19  6 60 15  0  0
25 12   3584 5991196 2584920 167843580    0    0 849824 591592 165930 649963 19  6 60 15  0  0
16 18   3584 5993796 2584920 167843588    0    0 857248 598688 167227 651254 19  6 60 15  0  0
20 15   3584 5993880 2584920 167843604    0    0 854560 618352 169157 651069 19  6 60 15  0  0
17 18   3584 5994248 2584920 167843616    0    0 859392 602156 167521 653885 19  6 59 16  0  0
29  9   3584 5993112 2584920 167843628    0    0 857184 590284 168170 651758 19  6 60 15  0  0
16 18   3584 5995616 2584920 167843640    0    0 857104 606160 168112 651396 19  6 60 15  0  0
21 13   3584 5996084 2584920 167843644    0    0 841360 595456 167111 644064 19  6 60 16  0  0
19 13   3584 5935536 2584920 167843788    0    0 823296 585892 173194 637537 19  6 60 15  0  0
19 13   3584 5943296 2584920 167843760    0    0 844704 548708 162367 637233 19  6 60 16  0  0
 5  6   3584 5952456 2584920 167843772    0    0 821776 602740 162614 625073 19  5 60 15  0  0
21 13   3584 5968148 2584920 167843784    0    0 847312 590912 166673 647639 19  6 60 15  0  0
24 12   3584 5971800 2584920 167843880    0    0 848768 597092 166103 650994 19  6 60 16  0  0
17 10   3584 5974120 2584920 167843888    0    0 849680 599324 165671 647523 19  6 60 15  0  0
22 12   3584 5977124 2584920 167843904    0    0 864400 584388 167318 653683 19  6 59 16  0  0
22 12   3584 5974492 2584920 167843916    0    0 880512 613404 171079 669370 20  6 59 15  0  0
17 17   3584 5981052 2584920 167843928    0    0 881856 615472 171984 673061 20  6 59 15  0  0
16 17   3584 5963568 2584920 167843976    0    0 874800 614724 172322 668171 20  6 59 15  0  0
procs -----------memory---------- ---swap-- -----io---- -system-- -------cpu-------
 r  b   swpd   free   buff  cache   si   so    bi    bo   in   cs us sy id wa st gu
17 17   3584 5957280 2584920 167843980    0    0 880512 596592 171126 670377 20  6 60 15  0  0
26  9   3584 5962264 2584920 167843996    0    0 876256 622936 172238 669261 19  6 60 15  0  0
23 13   3584 5969456 2584920 167844008    0    0 873552 621336 170073 664581 20  6 60 15  0  0
23 11   3584 5974424 2584920 167844016    0    0 881840 610068 171064 673109 20  6 59 15  0  0
20 14   3584 5976244 2584920 167844028    0    0 882000 619832 172873 675815 19  6 59 15  0  0
18 17   3584 5980076 2584920 167844040    0    0 874000 633984 172186 666802 19  6 60 15  0  0
25 11   3584 5980324 2584920 167844052    0    0 876816 617184 171472 665716 19  6 59 15  0  0
21 16   3584 5977268 2584920 167844060    0    0 862032 609376 169315 659421 19  6 59 16  0  0
18 16   3584 5977228 2584920 167844068    0    0 848432 592516 165168 647128 19  6 60 15  0  0
23 12   3584 5977016 2584920 167844080    0    0 857152 574000 167070 654368 19  6 60 16  0  0
19 16   3584 5974564 2584920 167844088    0    0 844960 618548 165587 646311 19  6 60 15  0  0
 5  8   3584 5976520 2584920 167844100    0    0 871120 614968 168935 662444 19  6 60 15  0  0
29  7   3584 5977424 2584920 167844112    0    0 881888 583996 171047 672402 19  6 59 15  0  0
 8  3   3584 5974064 2584920 167844120    0    0 862928 618364 170563 663306 19  6 61 15  0  0
23 12   3584 5973516 2584920 167844132    0    0 869168 634148 172561 670416 20  6 60 15  0  0
32  5   3584 5972912 2584920 167844140    0    0 881808 615796 172077 671130 20  6 60 15  0  0
21 13   3584 5976864 2584920 167844148    0    0 881072 612816 171447 666235 20  6 59 15  0  0
29 10   3584 5972804 2584920 167844156    0    0 881888 599116 171809 673935 20  6 59 15  0  0
19 17   3584 5969136 2584920 167844172    0    0 863584 616116 167875 656839 19  6 60 15  0  0
22 13   3584 5971500 2584920 167844184    0    0 870048 620920 169109 664537 19  6 60 15  0  0
23 14   3584 5976956 2584920 167844192    0    0 880400 616316 172792 673047 20  6 59 15  0  0
procs -----------memory---------- ---swap-- -----io---- -system-- -------cpu-------
 r  b   swpd   free   buff  cache   si   so    bi    bo   in   cs us sy id wa st gu
21 14   3584 5975128 2584920 167844200    0    0 879968 616168 172730 669792 19  6 60 15  0  0
24 11   3584 5978540 2584920 167844212    0    0 887168 603372 170102 671751 20  6 60 15  0  0
27 10   3584 5972992 2584920 167844224    0    0 879744 629340 172012 672512 20  6 59 15  0  0
17  1   3584 5972828 2584920 167844232    0    0 854464 562160 164977 647004 19  6 59 16  0  0
22 13   3584 5975080 2584920 167844244    0    0 860688 633492 169881 662231 19  6 60 15  0  0
21 15   3584 5976296 2584920 167844252    0    0 865168 609516 169969 668028 20  6 60 15  0  0
30 11   3584 5976108 2584920 167844260    0    0 870592 587720 170955 664466 20  6 59 15  0  0
 6  5   3584 5978876 2584920 167844276    0    0 843616 628376 166651 653335 19  6 61 15  0  0
18  9   3584 5980792 2584920 167844288    0    0 859744 617668 170654 663086 19  6 60 15  0  0
21 13   3584 5977196 2584920 167844300    0    0 876320 610336 172064 670799 20  6 59 15  0  0
27 10   3584 5974940 2584920 167844308    0    0 870608 614544 169741 669484 19  6 60 15  0  0
23 12   3584 5969412 2584920 167844316    0    0 880768 611796 172682 670290 19  6 59 15  0  0
22 16   3584 5966576 2584920 167844332    0    0 877392 612664 172503 667474 20  6 59 15  0  0
21 13   3584 5968028 2584920 167844340    0    0 876064 621180 172809 665902 20  6 59 15  0  0
17 18   3584 5969220 2584920 167844352    0    0 869344 614136 170422 663251 19  6 60 15  0  0
20 14   3584 5966124 2584920 167844352    0    0 863264 619304 170345 663354 19  6 60 15  0  0
22 14   3584 5963988 2584920 167844372    0    0 871072 611980 169972 667046 20  6 59 15  0  0
26  8   3584 5967900 2584920 167844388    0    0 877440 607872 171629 668540 19  6 60 15  0  0
31  7   3584 5964732 2584920 167844396    0    0 883040 616412 171476 670809 20  6 59 15  0  0
20 15   3584 5970440 2584920 167844396    0    0 878432 626204 170838 670975 19  6 60 15  0  0
22 11   3584 5971544 2584920 167844408    0    0 869072 612032 170384 663994 19  6 60 15  0  0
procs -----------memory---------- ---swap-- -----io---- -system-- -------cpu-------
 r  b   swpd   free   buff  cache   si   so    bi    bo   in   cs us sy id wa st gu
18 15   3584 5969468 2584920 167844420    0    0 869280 621512 170943 667274 20  6 59 15  0  0
18 16   3584 5968720 2584920 167844424    0    0 875136 606004 168712 665039 19  6 60 15  0  0
22 13   3584 5969208 2584920 167844448    0    0 880400 619076 170989 673472 19  6 60 15  0  0
19 15   3584 5970272 2584920 167844456    0    0 860384 610060 169830 659174 19  6 60 15  0  0
24 13   3584 5968792 2584920 167844464    0    0 852064 578216 166356 650018 19  6 60 16  0  0
23 10   3584 5966780 2584920 167844476    0    0 840944 624716 167694 650377 19  6 60 15  0  0
24 12   3584 5964592 2584920 167844488    0    0 861216 603520 167159 648900 19  6 60 15  0  0
22 11   3584 5965068 2584920 167844492    0    0 894288 604148 172430 677512 20  6 59 15  0  0
19 17   3584 5965116 2584920 167844500    0    0 888224 615996 171902 674781 20  6 60 15  0  0
20 14   3584 5968380 2584920 167844516    0    0 887040 625452 174137 677917 20  6 60 15  0  0
 3 12   3584 5962736 2584920 167844528    0    0 878976 632856 173980 674941 20  6 60 14  0  0
32  4   3584 5971796 2584920 167844536    0    0 885424 615128 172110 676424 20  6 59 15  0  0
19 18   3584 5969328 2584920 167844620    0    0 892224 616236 172521 679229 20  6 59 15  0  0
19 15   3584 5969200 2584920 167844628    0    0 891008 621840 173786 678667 20  6 59 15  0  0
25 11   3584 5963832 2584920 167844636    0    0 887664 629012 173227 681307 20  6 59 15  0  0
31  6   3584 5965008 2584920 167844644    0    0 892480 625848 173175 679223 20  6 59 15  0  0
 6  4   3584 5968112 2584920 167844652    0    0 873264 602896 170602 666360 19  6 59 16  0  0
20 15   3584 5971288 2584920 167844656    0    0 844368 613032 165437 645637 19  6 60 15  0  0
17 16   3584 5967456 2584920 167844680    0    0 859328 603564 167779 655600 19  6 60 15  0  0
13  6   3584 5969692 2584920 167844688    0    0 883984 604908 171657 676890 20  6 59 15  0  0
28  7   3584 5971072 2584920 167844696    0    0 878128 600404 171979 670476 20  6 60 15  0  0
procs -----------memory---------- ---swap-- -----io---- -system-- -------cpu-------
 r  b   swpd   free   buff  cache   si   so    bi    bo   in   cs us sy id wa st gu
 7  5   3584 5967520 2584920 167844708    0    0 858112 634136 168743 659404 19  6 61 14  0  0
20 14   3584 5972352 2584920 167844724    0    0 882016 620360 173518 675592 20  6 60 15  0  0
25 10   3584 5972968 2584920 167844736    0    0 891488 617516 173306 679534 20  6 59 15  0  0
21 14   3584 5974844 2584920 167844744    0    0 885696 624172 171033 673025 20  6 60 15  0  0
26  8   3584 5971168 2584920 167844752    0    0 903696 630608 174773 684692 20  6 59 15  0  0
19 15   3584 5969136 2584920 167844764    0    0 900176 627236 174820 685949 20  6 59 15  0  0
23 11   3584 5974384 2584920 167844776    0    0 891104 634912 174313 680956 20  6 60 15  0  0
24 13   3584 5972500 2584920 167844784    0    0 882608 631920 172422 678603 19  6 60 15  0  0
24 11   3584 5974188 2584920 167844796    0    0 880448 622796 172196 673684 19  6 60 15  0  0
20 13   3584 5970756 2584920 167844804    0    0 892656 621212 170961 677128 20  6 59 15  0  0
23 12   3584 5967432 2584920 167844816    0    0 896384 626180 173159 679446 20  6 59 15  0  0
17 16   3584 5968736 2584920 167844828    0    0 893168 625044 173850 679567 20  6 59 15  0  0
21 14   3584 5975320 2584920 167844836    0    0 882208 628632 172117 670971 19  6 60 15  0  0
16  3   3584 5978556 2584920 167844840    0    0 888800 609568 173077 676388 20  6 59 15  0  0
17 18   3584 5978592 2584920 167844852    0    0 880976 607084 172149 669615 20  6 59 15  0  0
22 12   3584 5981152 2584920 167844860    0    0 880368 615564 170965 668563 19  6 59 15  0  0
22 12   3584 5980784 2584920 167844876    0    0 880880 618616 171228 669382 20  6 59 15  0  0
18  4   3584 5981244 2584920 167844884    0    0 858688 610608 168279 663131 19  6 60 15  0  0
23 11   3584 5983732 2584920 167844892    0    0 864208 588888 169026 658732 20  6 60 15  0  0
26 10   3584 5986444 2584920 167844904    0    0 872192 605532 169594 662652 19  6 60 15  0  0
24 10   3584 5985196 2584920 167844912    0    0 866176 637220 171403 664589 19  6 60 15  0  0
procs -----------memory---------- ---swap-- -----io---- -system-- -------cpu-------
 r  b   swpd   free   buff  cache   si   so    bi    bo   in   cs us sy id wa st gu
26 10   3584 5981788 2584920 167844924    0    0 875168 616788 170707 662362 20  6 59 15  0  0
13  4   3584 5980400 2584920 167844940    0    0 886416 618948 171466 670605 20  6 59 15  0  0
14  2   3584 5978536 2584920 167844952    0    0 883472 608564 171032 670489 20  6 59 15  0  0
17 20   3584 5977672 2584920 167844964    0    0 872752 622528 170938 663368 20  6 60 15  0  0
 7  5   3584 5977724 2584920 167844972    0    0 880576 614968 170364 669027 19  6 60 15  0  0
28 10   3584 5973532 2584920 167844988    0    0 887120 621936 173789 676368 20  6 59 15  0  0
23 13   3584 5975048 2584920 167844996    0    0 898144 615732 173477 679658 20  6 59 15  0  0
20 15   3584 5974844 2584920 167845004    0    0 886928 633220 172982 676215 20  6 59 15  0  0
15  5   3584 5972568 2584920 167845020    0    0 890912 596940 171810 675679 20  6 59 15  0  0
22 12   3584 5975736 2584920 167845024    0    0 853248 624540 169285 656709 19  6 60 15  0  0
12  3   3584 5974788 2584920 167845032    0    0 861024 608068 168741 658245 19  6 60 15  0  0
22 13   3584 5976136 2584920 167845048    0    0 867904 627768 171081 665369 19  6 60 15  0  0
20 14   3584 5975648 2584920 167845056    0    0 892288 607096 173018 676522 20  6 59 15  0  0
 6  7   3584 5973492 2584920 167845064    0    0 865824 627276 170322 664576 20  6 60 14  0  0
26  9   3584 5970348 2584920 167845076    0    0 873712 614560 169250 664542 19  6 60 15  0  0
21 12   3584 5975560 2584920 167845076    0    0 893168 597800 171671 678609 20  6 59 15  0  0
27  8   3584 5980072 2584920 167845100    0    0 879488 642180 171671 669657 20  6 60 15  0  0
20 16   3584 5981084 2584920 167845108    0    0 890368 625444 173557 681348 19  6 60 15  0  0
24 13   3584 5979184 2584920 167845116    0    0 897872 613920 173940 680925 20  6 59 15  0  0
24 12   3584 5978272 2584920 167845128    0    0 884016 635960 172369 673217 20  6 59 15  0  0
22 12   3584 5978928 2584920 167845136    0    0 894112 620200 173203 681041 20  6 59 15  0  0
procs -----------memory---------- ---swap-- -----io---- -system-- -------cpu-------
 r  b   swpd   free   buff  cache   si   so    bi    bo   in   cs us sy id wa st gu
22 15   3584 5974524 2584920 167845152    0    0 883344 629732 172362 673965 19  6 60 15  0  0
 5 13   3584 5971844 2584920 167845164    0    0 884336 620640 170731 675283 20  6 60 15  0  0
21 14   3584 5968244 2584920 167845172    0    0 892432 621900 173825 680354 19  6 60 15  0  0
16  3   3584 5968172 2584920 167845184    0    0 898080 611276 174504 680344 20  6 59 15  0  0
23 11   3584 5971760 2584920 167845184    0    0 876608 604900 170516 666954 20  6 59 15  0  0
21 13   3584 5966140 2584920 167845200    0    0 857376 629500 168920 652517 19  6 60 15  0  0
20 16   3584 5964240 2584920 167845200    0    0 860336 610208 168481 655825 19  6 60 15  0  0
 8  7   3584 5964864 2584920 167845220    0    0 889600 597540 171065 671883 20  6 60 15  0  0
 3  8   3584 5971084 2584920 167845228    0    0 886768 626184 173225 674961 19  6 60 15  0  0
25 11   3584 5969636 2584920 167845304    0    0 870000 621856 170231 666050 20  6 60 14  0  0
30  9   3584 5971076 2584920 167845316    0    0 858192 625936 170523 665248 19  6 60 15  0  0
24 12   3584 5969888 2584920 167845324    0    0 878752 624568 174551 674563 20  6 60 15  0  0
 9  9   3584 5965308 2584920 167845336    0    0 888416 618656 173190 675299 19  6 60 15  0  0
16 18   3584 5963036 2584920 167845344    0    0 882160 629776 173211 676342 20  6 60 15  0  0
16 18   3584 5963952 2584920 167845356    0    0 895408 625792 173257 674655 20  6 59 15  0  0
17 17   3584 5957064 2584920 167845368    0    0 892208 616436 172758 676284 20  6 59 15  0  0
10  4   3584 5967404 2584920 167845376    0    0 895840 630248 174550 679168 19  6 59 15  0  0
 9  7   3584 5964876 2584920 167845388    0    0 883376 615968 175009 679499 20  6 60 15  0  0
10 13   3584 5971796 2584920 167845400    0    0 886032 626340 172558 675260 19  6 60 15  0  0
20 15   3584 5972556 2584920 167845416    0    0 884752 623692 173888 678413 20  6 60 15  0  0
22 13   3584 5974496 2584920 167845424    0    0 898880 599720 173616 680018 20  6 59 15  0  0
procs -----------memory---------- ---swap-- -----io---- -system-- -------cpu-------
 r  b   swpd   free   buff  cache   si   so    bi    bo   in   cs us sy id wa st gu
 3  5   3584 5971296 2584920 167845436    0    0 868912 615144 170416 661720 19  6 60 15  0  0
 8 14   3584 5968632 2584920 167845448    0    0 842960 617304 166665 646324 19  6 60 15  0  0
 7  7   3584 5969264 2584920 167845452    0    0 865200 578964 168206 656801 19  6 60 15  0  0
 8  3   3584 5972948 2584920 167845464    0    0 884416 651676 175530 674672 20  6 59 15  0  0
14 20   3584 5968600 2584920 167845472    0    0 884528 612528 173028 673831 20  6 60 15  0  0
21 15   3584 5964520 2584920 167845484    0    0 878432 608568 170180 666489 20  6 60 15  0  0
31  6   3584 5969400 2584920 167845492    0    0 871232 602340 170002 661813 19  6 60 15  0  0
13  7   3584 5971716 2584920 167845504    0    0 864768 632504 171363 662504 20  6 60 15  0  0
 9  9   3584 5970968 2584920 167845512    0    0 884624 614812 172209 675114 19  6 60 15  0  0
24 11   3584 5967792 2584920 167845528    0    0 883584 627036 173183 676549 20  6 60 15  0  0
26  8   3584 5967664 2584920 167845540    0    0 893744 617736 173894 677717 20  6 59 15  0  0
24 12   3584 5970660 2584920 167845548    0    0 885472 608080 172148 672255 20  6 60 14  0  0
22 13   3584 5968408 2584920 167845560    0    0 884272 626448 171470 676210 20  6 60 15  0  0
27  7   3584 5970564 2584920 167845568    0    0 880000 637044 171048 671275 19  6 60 14  0  0
17 17   3584 5968304 2584920 167845576    0    0 884784 600532 171092 673520 20  6 60 15  0  0
25 10   3584 5970748 2584920 167845592    0    0 887136 629628 174317 678608 20  6 59 15  0  0
21 12   3584 5975540 2584920 167845600    0    0 880512 645092 171869 674013 19  6 60 15  0  0
18 15   3584 5974036 2584920 167845612    0    0 885488 635088 173843 675193 20  6 60 15  0  0
19 15   3584 5970772 2584920 167845620    0    0 888384 603056 172095 672873 20  6 59 15  0  0
19 14   3584 5973664 2584920 167845628    0    0 874096 627972 171614 665944 19  6 60 15  0  0
23 12   3584 5963696 2584920 167845644    0    0 882656 598200 170705 671157 20  6 60 15  0  0
procs -----------memory---------- ---swap-- -----io---- -system-- -------cpu-------
 r  b   swpd   free   buff  cache   si   so    bi    bo   in   cs us sy id wa st gu
 3  3   3584 5967188 2584920 167845652    0    0 873792 634072 171925 664714 19  6 60 15  0  0
 5  6   3584 5958684 2584920 167845660    0    0 865552 620204 172062 665693 20  6 60 15  0  0
22 14   3584 5962488 2584920 167845672    0    0 858640 614584 171618 661530 19  6 60 15  0  0
20 17   3584 5964572 2584920 167845680    0    0 870592 585324 169142 661794 20  6 60 15  0  0
12  7   3584 5970652 2584920 167845692    0    0 864016 644848 171874 665652 19  6 60 15  0  0
22 11   3584 5967880 2584920 167845704    0    0 881680 591664 171675 668162 20  6 60 15  0  0
13 21   3584 5969416 2584920 167845712    0    0 874496 642296 171993 669778 20  6 59 15  0  0
17 19   3584 5964288 2584920 167845724    0    0 883456 616868 172954 673816 20  6 59 15  0  0
10  3   3584 5961908 2584920 167845732    0    0 892112 616524 173993 678845 20  6 59 15  0  0
19 16   3584 5967724 2584920 167845744    0    0 870160 633852 172957 668730 19  6 60 15  0  0
25 11   3584 5968280 2584920 167845756    0    0 877264 602616 170842 665792 19  6 60 15  0  0
25 11   3584 5969984 2584920 167845768    0    0 862784 627764 168829 659341 19  6 60 15  0  0
26 10   3584 5969108 2584920 167845780    0    0 880496 609224 170548 668959 20  6 60 15  0  0
21 14   3584 5973848 2584920 167845788    0    0 880816 601932 169926 665850 20  6 60 15  0  0
24 10   3584 5967328 2584920 167845800    0    0 875568 640256 172703 670399 19  6 60 15  0  0
21 14   3584 5965472 2584920 167845808    0    0 883360 608820 171249 671808 19  6 60 15  0  0
23 12   3584 5965768 2584920 167845820    0    0 879216 640808 170744 668310 19  6 60 15  0  0
23 15   3584 5963444 2584920 167845832    0    0 877328 606108 170304 666205 20  6 59 15  0  0
26 11   3584 5961196 2584920 167845840    0    0 874128 598220 170701 662792 19  6 60 15  0  0
20 16   3584 5963896 2584920 167845848    0    0 855360 601328 169518 653337 19  6 60 15  0  0
20 16   3584 5961852 2584920 167845860    0    0 833760 602740 166055 640974 19  6 60 15  0  0
procs -----------memory---------- ---swap-- -----io---- -system-- -------cpu-------
 r  b   swpd   free   buff  cache   si   so    bi    bo   in   cs us sy id wa st gu
12  3   3584 5965116 2584920 167845872    0    0 856368 595256 165746 645316 19  6 60 15  0  0
27 11   3584 5965884 2584920 167845880    0    0 849664 598264 167653 651838 19  6 60 16  0  0
21 13   3584 5967668 2584920 167845892    0    0 858256 607180 168563 656408 19  6 60 16  0  0
25 10   3584 5970432 2584920 167845900    0    0 853872 599744 167891 653029 19  6 60 15  0  0
20 15   3584 5964028 2584920 167845912    0    0 866752 620440 169882 659620 19  6 59 15  0  0
24 11   3584 5964152 2584920 167845924    0    0 864224 608244 169999 659298 19  6 59 16  0  0
26  8   3584 5963948 2584920 167846000    0    0 860560 607744 168948 654047 19  6 59 15  0  0
19 15   3584 5964820 2584920 167846008    0    0 841776 608680 165441 643903 19  6 60 15  0  0
28  7   3584 5963928 2584920 167846020    0    0 856352 593268 165607 650229 19  6 60 15  0  0
15 19   3584 5959676 2584920 167846032    0    0 853472 613784 167795 649982 19  6 60 15  0  0
26  8   3584 5960564 2584920 167846044    0    0 864336 587036 167218 655183 19  6 60 15  0  0
23 12   3584 5956828 2584920 167846048    0    0 865264 600992 169999 654888 19  6 59 16  0  0
 9  6   3584 5955956 2584920 167846056    0    0 857600 614896 169598 652721 19  6 59 16  0  0
13  8   3584 5954696 2584920 167846068    0    0 859312 603296 169174 653272 19  6 59 16  0  0
23 12   3584 5953464 2584920 167846080    0    0 853696 602176 168366 653454 19  6 59 16  0  0
22 13   3584 5954000 2584920 167846092    0    0 864016 594876 167748 655134 19  6 59 15  0  0
26  8   3584 5955864 2584920 167846104    0    0 833216 599552 163549 636043 19  6 60 15  0  0
24 15   3584 5964488 2584920 167846116    0    0 844384 603664 167002 645258 19  5 60 16  0  0
25 10   3584 5964008 2584920 167846124    0    0 847680 596696 166607 649112 19  6 60 15  0  0
19 17   3584 5964936 2584920 167846140    0    0 849168 594476 165018 647300 19  6 60 15  0  0
22 13   3584 5967852 2584920 167846148    0    0 851696 602340 165478 647897 19  6 60 16  0  0
procs -----------memory---------- ---swap-- -----io---- -system-- -------cpu-------
 r  b   swpd   free   buff  cache   si   so    bi    bo   in   cs us sy id wa st gu
25  9   3584 5971416 2584920 167846164    0    0 860016 595984 166929 652635 19  6 60 15  0  0
20 14   3584 5968940 2584920 167846172    0    0 855600 602068 166710 654174 19  6 60 15  0  0
21 13   3584 5968284 2584920 167846180    0    0 867456 596336 167646 656472 19  6 59 16  0  0
23 11   3584 5969360 2584920 167846196    0    0 849888 613468 167111 650591 19  6 60 15  0  0
24 11   3584 5962444 2584920 167846204    0    0 844448 608244 166511 647813 19  6 60 15  0  0
21 15   3584 5970932 2584920 167846216    0    0 862752 586744 166513 658519 19  6 60 15  0  0
18 16   3584 5972080 2584920 167846224    0    0 860608 607200 168258 655293 19  6 60 15  0  0
19 15   3584 5969760 2584920 167846232    0    0 842688 601804 165405 643638 19  5 60 16  0  0
25 10   3584 5973144 2584920 167846244    0    0 879408 631364 172908 668512 20  6 60 15  0  0
20 14   3584 5966792 2584920 167846252    0    0 886736 613704 174612 679566 20  6 59 15  0  0
27  9   3584 5971452 2584920 167846264    0    0 889376 616028 176707 683029 20  6 60 15  0  0
23 12   3584 5966552 2584920 167846272    0    0 866192 621308 170138 662532 19  6 60 15  0  0
 5  8   3584 5963628 2584920 167846280    0    0 840320 627580 166194 644516 19  6 60 15  0  0
20 14   3584 5967316 2584920 167846292    0    0 848880 591724 168319 653795 19  6 60 16  0  0
 9 10   3584 5962872 2584920 167846308    0    0 874320 618264 171433 669449 20  6 60 15  0  0
19 16   3584 5975784 2584920 167846316    0    0 866960 631504 173332 669883 19  6 60 15  0  0
26 11   3584 5972764 2584920 167846328    0    0 862928 614972 169970 660702 20  6 60 15  0  0
 7  4   3584 5972196 2584920 167846336    0    0 855136 631968 172215 658064 19  6 60 15  0  0
28  8   3584 5966436 2584920 167846344    0    0 862432 591488 169644 660636 19  6 59 16  0  0
19 15   3584 5971020 2584920 167846364    0    0 864624 598736 167101 654530 19  6 59 15  0  0
21 16   3584 5969260 2584920 167846372    0    0 845808 617244 167217 645172 19  6 60 15  0  0
procs -----------memory---------- ---swap-- -----io---- -system-- -------cpu-------
 r  b   swpd   free   buff  cache   si   so    bi    bo   in   cs us sy id wa st gu
23 12   3584 5973092 2584920 167846384    0    0 855824 597624 167538 650088 19  6 60 15  0  0
26  9   3584 5974504 2584920 167846392    0    0 852896 591336 167751 649542 19  6 60 15  0  0
18 17   3584 5979016 2584920 167846400    0    0 850960 606620 167757 649887 19  6 60 15  0  0
 7  5   3584 5977044 2584920 167846416    0    0 857856 620940 167981 654145 19  6 59 15  0  0
16 19   3584 5977448 2584920 167846420    0    0 866832 613444 170286 662997 19  6 60 15  0  0
26 10   3584 5973508 2584920 167846428    0    0 878608 610160 171720 667710 20  6 59 15  0  0
31  6   3584 5968652 2584920 167846440    0    0 882960 611136 173213 671421 20  6 59 15  0  0
20 15   3584 5964116 2584920 167846448    0    0 873600 604148 171477 665582 20  6 59 15  0  0
23 13   3584 5964060 2584920 167846464    0    0 860736 596000 166632 650707 19  6 60 15  0  0
21 13   3584 5965884 2584920 167846472    0    0 837184 603252 163457 634319 18  6 61 15  0  0
27  8   3584 5966308 2584920 167846480    0    0 832416 585040 163098 633339 19  6 60 15  0  0
24 12   3584 5963924 2584920 167846492    0    0 870912 605856 169875 661054 19  6 60 15  0  0
22 14   3584 5973344 2584920 167846504    0    0 861088 604612 167749 658947 19  6 61 15  0  0
24 10   3584 5974884 2584920 167846516    0    0 860848 618188 170614 662139 19  6 60 15  0  0
20 14   3584 5975968 2584920 167846532    0    0 867968 622116 169524 661324 19  6 60 15  0  0
25 11   3584 5979932 2584920 167846540    0    0 868672 627048 172364 665078 19  6 60 15  0  0
24 12   3584 5980716 2584920 167846548    0    0 873776 610280 170917 665591 20  6 60 15  0  0
29  9   3584 5972940 2584920 167846560    0    0 876944 602536 170696 666540 20  6 59 15  0  0
 6  0   3584 5972740 2584920 167846572    0    0 871520 592008 168198 660475 19  6 60 15  0  0
25  8   3584 5970800 2584920 167846580    0    0 866128 609072 168031 655445 19  6 60 15  0  0
26 10   3584 5969720 2584920 167846592    0    0 869328 622036 169531 659572 19  6 60 15  0  0
procs -----------memory---------- ---swap-- -----io---- -system-- -------cpu-------
 r  b   swpd   free   buff  cache   si   so    bi    bo   in   cs us sy id wa st gu
18 17   3584 5962932 2584920 167846596    0    0 873840 612824 169445 664867 19  6 60 15  0  0
23 12   3584 5968380 2584920 167846608    0    0 872288 624952 170186 662653 19  6 60 15  0  0
21 14   3584 5969760 2584920 167846620    0    0 894912 619072 175448 683664 20  6 59 15  0  0
24 10   3584 5963464 2584920 167846704    0    0 893520 646784 177151 690682 20  6 59 15  0  0
24 11   3584 5962980 2584920 167846712    0    0 889328 618492 174199 679797 20  6 60 15  0  0
24 11   3584 5960388 2584920 167846720    0    0 867424 607044 169665 663628 19  6 60 15  0  0
21 14   3584 5966972 2584920 167846728    0    0 840672 620260 165235 641561 19  6 61 15  0  0
 7  5   3584 5970832 2584920 167846740    0    0 865040 578892 167627 656754 20  6 59 15  0  0
23 12   3584 5972036 2584920 167846752    0    0 880272 629672 172648 668820 20  6 60 15  0  0
24 12   3584 5971124 2584920 167846764    0    0 880272 610304 171882 671949 19  6 60 15  0  0
24 12   3584 5971000 2584920 167846772    0    0 868480 648840 172683 664044 20  6 60 14  0  0
11  4   3584 5968028 2584920 167846784    0    0 885488 618112 172066 674568 20  6 60 14  0  0
22 15   3584 5968064 2584920 167846796    0    0 879552 619756 170739 666821 20  6 60 14  0  0
27 10   3584 5964244 2584920 167846808    0    0 897824 613584 174676 681091 20  6 59 15  0  0
11  5   3584 5966560 2584920 167846820    0    0 890176 632804 173007 676284 20  6 59 15  0  0
24 11   3584 5967528 2584920 167846828    0    0 887840 615304 172213 677493 19  6 60 15  0  0
22 13   3584 5971216 2584920 167846836    0    0 886864 619596 170685 672367 20  6 60 15  0  0
17 16   3584 5971096 2584920 167846848    0    0 885072 625748 174329 674911 19  6 60 15  0  0
23 11   3584 5973600 2584920 167846856    0    0 887712 628608 173068 676774 20  6 60 15  0  0
21 13   3584 5975192 2584920 167846868    0    0 892288 626968 175491 681944 19  6 60 15  0  0
