procs -----------memory---------- ---swap-- -----io---- -system-- -------cpu-------
 r  b   swpd   free   buff  cache   si   so    bi    bo   in   cs us sy id wa st gu
 5  0  70368 122964748 2383064 51011084    0    1 12738 15794 3974    2  2  0 98  0  0  0
 1  0  70368 122970372 2383064 51011160    0    0     0 320004 96067 60317  1  1 98  0  0  0
166  0  70368 122937232 2383064 51011196    0    0     0 105124 90775 33033 94  2  5  0  0  0
234  0  70368 122933204 2383064 51011208    0    0     0 246948 188111 45350 97  2  1  0  0  0
158  0  70368 122917436 2383064 51011220    0    0     0 258516 93711 49037 98  1  1  0  0  0
224  0  70368 122898824 2383064 51011240    0    0     0 244828 93549 46106 98  1  0  0  0  0
132  0  70368 122889000 2383064 51011264    0    0     0 202020 90719 40261 98  1  0  0  0  0
93  0  70368 122866260 2383064 51011276    0    0     0 222596 184900 45687 97  2  1  0  0  0
99  0  70368 122848712 2383064 51011292    0    0     0 253284 98227 47104 98  1  1  0  0  0
159  0  70368 122827836 2383064 51011316    0    0     0 247092 99488 46383 98  2  1  0  0  0
105  0  70368 122810816 2383064 51011324    0    0     0 248532 108315 46020 98  1  0  0  0  0
129  1  70368 122798676 2383064 51011348    0    0     0 264808 103202 49949 98  2  0  0  0  0
82  1  70368 122661456 2383064 51011368    0    0     0 461828 298922 152677 85  6  9  0  0  0
59 129  70368 122041340 2383064 51011392    0    0 1290784 685892 696642 831689 53 36  6  4  0  0
190 48  70368 121915468 2383064 51011412    0    0 1669536 801608 325990 1084634 63 20  7 10  0  0
71 125  70368 121820332 2383064 51011436    0    0 1797920 810736 327477 1144137 64 21  7  9  0  0
37 53  70368 121765988 2383064 51011460    0    0 1825552 802668 356237 1155093 65 21  6  8  0  0
40 179  70368 121726776 2383064 51011480    0    0 1833088 738548 330447 1139403 65 22  6  8  0  0
59 42  70368 121708944 2383064 51011504    0    0 1995408 555496 334497 1058398 68 23  3  7  0  0
81 79  70368 121719696 2383064 51011528    0    0 1835280 742600 328711 1113751 63 21  6 10  0  0
54 61  70368 121711852 2383068 51011548    0    0 1691792 866192 305777 1156168 59 20  7 15  0  0
procs -----------memory---------- ---swap-- -----io---- -system-- -------cpu-------
 r  b   swpd   free   buff  cache   si   so    bi    bo   in   cs us sy id wa st gu
38 70  70368 121708216 2383068 51011580    0    0 1713888 901060 321931 1146397 63 21  7  9  0  0
108 27  70368 121710984 2383068 51011604    0    0 1774704 905092 325456 1198753 62 22  7 10  0  0
56 56  70368 121711676 2383068 51011632    0    0 1763088 902696 324556 1199319 62 21  7 10  0  0
114 85  70368 121713800 2383068 51011660    0    0 1724800 937312 322369 1200301 61 21  8 10  0  0
60 50  70368 121734848 2383076 51011736    0    0 1807264 934188 335530 1197681 63 21  7 10  0  0
102 37  70368 121726640 2383076 51011760    0    0 1660576 868972 310193 1107656 63 20  6 11  0  0
146 84  70368 121705964 2383092 51011788    0    0 1557632 1003928 312890 1102411 62 20  8 10  0  0
100 166  70368 121685008 2383092 51011808    0    0 1569328 964368 313448 1121073 61 21  9  9  0  0
75 176  70368 121677180 2383092 51011840    0    0 1578768 965556 316562 1109420 61 22  8 10  0  0
184 74  70368 121675476 2383092 51011868    0    0 1540720 937888 303320 1105705 58 20  8 13  0  0
93 46  70368 121674296 2383092 51011892    0    0 1574608 955324 312330 1107493 62 21  8  9  0  0
67 103  70368 121692352 2383092 51011916    0    0 1637584 960160 320075 1129404 63 22  7  8  0  0
23 31  70368 121701016 2383092 51011944    0    0 1564464 988228 321608 1114921 61 22  8  9  0  0
128 101  70368 121677600 2383092 51011968    0    0 1591200 1015684 315597 1134011 60 21  9 11  0  0
90 95  70368 121701060 2383092 51011984    0    0 1633088 879676 321281 1144435 63 21  8  9  0  0
29 25  70368 121673220 2383092 51012004    0    0 1529360 989168 329633 1102753 60 21  7 13  0  0
149 67  70368 121685052 2383092 51012036    0    0 1651488 960532 322449 1137503 63 22  7  8  0  0
43 74  70368 121688820 2383092 51012056    0    0 1613008 954752 316369 1130420 62 21  8  9  0  0
73 58  70368 121707252 2383092 51012080    0    0 1615248 890208 313518 1105593 62 21  7  9  0  0
58 19  70368 121689076 2383092 51012104    0    0 1507872 960644 306555 1095198 58 21  8 12  0  0
61 108  70368 121670948 2383092 51012124    0    0 1628640 909564 321820 1131769 65 22  6  7  0  0
procs -----------memory---------- ---swap-- -----io---- -system-- -------cpu-------
 r  b   swpd   free   buff  cache   si   so    bi    bo   in   cs us sy id wa st gu
159 97  70368 121644720 2383096 51012152    0    0 1608320 976660 318407 1148380 61 22  8 10  0  0
83 11  70368 121659976 2383096 51012180    0    0 1616432 943404 319928 1137924 61 22  8  9  0  0
198 70  70368 121656032 2383096 51012208    0    0 1629152 948540 323611 1137025 62 22  8  9  0  0
199 46  70368 121667944 2383096 51012220    0    0 1630928 949208 323432 1159993 62 21  7  9  0  0
86 21  70368 121669436 2383096 51012248    0    0 1625056 878164 313567 1109908 63 22  5 10  0  0
55 45  70368 121662476 2383096 51012280    0    0 1601744 991028 325109 1142276 62 22  7  8  0  0
87 49  70368 121669672 2383096 51012308    0    0 1625280 949952 322182 1131426 63 22  7  8  0  0
62 93  70368 121662040 2383096 51012328    0    0 1583152 913824 315070 1125797 61 22  8 10  0  0
160 38  70368 121662516 2383096 51012352    0    0 1571920 934772 314241 1120856 61 21  8 10  0  0
83 91  70368 121629220 2383096 51012372    0    0 1672160 950008 324034 1123095 64 22  6  7  0  0
35 20  70368 121640564 2383096 51012404    0    0 1625968 1006788 324589 1119760 64 22  6  8  0  0
45 15  70368 121651288 2383096 51012424    0    0 1636224 985412 328235 1130096 64 22  6  8  0  0
37 26  70368 121647928 2383096 51012440    0    0 1628096 1011196 323994 1143985 62 21  8 10  0  0
75 194  70368 121648852 2383096 51012456    0    0 1624320 973424 324632 1157526 64 22  7  8  0  0
54 225  70368 121644968 2383096 51012480    0    0 1534528 947872 311355 1104082 59 21  8 12  0  0
82 30  70368 121636976 2383096 51012508    0    0 1631040 947884 323483 1118073 64 22  7  7  0  0
22 38  70368 121628656 2383096 51012536    0    0 1599152 1010812 319568 1108837 62 21  7 10  0  0
77 137  70368 121634836 2383096 51012560    0    0 1584448 903696 314379 1109746 61 21  7 11  0  0
79 73  70368 121609388 2383096 51012584    0    0 1572656 996112 318069 1102683 62 21  6 10  0  0
177 65  70368 121619988 2383096 51012608    0    0 1595872 996500 323242 1137054 62 22  7  9  0  0
89 39  70368 121625600 2383096 51012640    0    0 1651456 989928 324215 1127548 63 22  7  8  0  0
procs -----------memory---------- ---swap-- -----io---- -system-- -------cpu-------
 r  b   swpd   free   buff  cache   si   so    bi    bo   in   cs us sy id wa st gu
68 65  70368 121634372 2383096 51012668    0    0 1645632 1008124 323069 1138315 63 22  7  9  0  0
92 122  70368 121641372 2383096 51012680    0    0 1631232 956284 325867 1146858 63 21  8  8  0  0
83 43  70368 121634596 2383096 51012700    0    0 1621264 1005244 328344 1149143 64 22  6  8  0  0
55 73  70368 121650376 2383096 51012724    0    0 1543712 888200 311272 1110491 60 21  8 11  0  0
106 63  70368 121604752 2383096 51012752    0    0 1615376 978476 323909 1137443 63 22  6  9  0  0
53 143  70368 121588292 2383096 51012776    0    0 1656880 999784 324525 1112990 63 22  6  9  0  0
33 49  70368 121606224 2383096 51012808    0    0 1549440 909412 311006 1092778 61 20  6 13  0  0
171 81  70368 121605092 2383100 51012828    0    0 1635264 1032476 322681 1123505 62 21  7 10  0  0
88 112  70368 121602096 2383100 51012844    0    0 1635536 975932 327219 1149986 63 22  6  8  0  0
49 17  70368 121580116 2383100 51012876    0    0 1649664 1005556 329674 1137433 64 23  6  8  0  0
163 44  70368 121583648 2383100 51012900    0    0 1613504 978404 324482 1137344 62 22  7  8  0  0
66 132  70368 121581056 2383100 51012916    0    0 1656400 987292 326882 1160544 63 21  7  9  0  0
72 40  70368 121600088 2383108 51012936    0    0 1645536 987800 325927 1129294 63 22  7  8  0  0
110 95  70368 121595156 2383108 51012964    0    0 1613632 881388 314187 1092217 63 22  5 10  0  0
78 26  70368 121593112 2383108 51012992    0    0 1591552 1041944 325120 1124459 63 22  6 10  0  0
81 104  70368 121592140 2383108 51013020    0    0 1630960 912940 321015 1123819 64 22  6  9  0  0
117 72  70368 121602952 2383108 51013048    0    0 1546096 983244 318661 1101220 61 21  7 11  0  0
32 31  70368 121588252 2383108 51013068    0    0 1626752 993308 326259 1138556 64 22  6  8  0  0
69 25  70368 121601464 2383108 51013104    0    0 1614816 977064 321554 1116747 62 22  7  9  0  0
87 28  70368 121591356 2383108 51013120    0    0 1628256 981856 321804 1144388 62 22  7  8  0  0
73 146  70368 121586324 2383108 51013152    0    0 1616944 981704 326780 1138065 63 22  7  8  0  0
procs -----------memory---------- ---swap-- -----io---- -system-- -------cpu-------
 r  b   swpd   free   buff  cache   si   so    bi    bo   in   cs us sy id wa st gu
172 92  70368 121592012 2383108 51013168    0    0 1630000 1000304 325770 1154547 63 21  7  9  0  0
78 70  70368 121590460 2383112 51013252    0    0 1615904 959556 326555 1141846 64 22  7  8  0  0
91 96  70368 121576436 2383112 51013280    0    0 1548560 930800 312739 1106952 61 21  6 11  0  0
49 31  70368 121581596 2383112 51013312    0    0 1632480 1008552 327253 1138538 63 22  6  9  0  0
68 163  70368 121556500 2383112 51013336    0    0 1588096 900560 314708 1113423 62 22  6 10  0  0
146 73  70368 121559804 2383112 51013356    0    0 1546464 985620 317451 1109523 60 21  8 11  0  0
90 73  70368 121553736 2383112 51013380    0    0 1584896 1002620 324288 1123361 62 22  7  9  0  0
60 142  70368 121573964 2383112 51013412    0    0 1601312 986380 322064 1135460 62 22  8  9  0  0
67 139  70368 121565560 2383112 51013436    0    0 1677392 1006596 326137 1139660 64 22  6  8  0  0
73 115  70368 121560384 2383112 51013460    0    0 1652896 985132 325415 1135949 64 22  6  8  0  0
103 65  70368 121578924 2383112 51013476    0    0 1597744 992908 323019 1130551 62 21  8  9  0  0
41 83  70368 121573568 2383112 51013504    0    0 1648992 956436 322933 1132170 64 22  6  8  0  0
61 43  70368 121565308 2383112 51013528    0    0 1597808 1021984 317175 1137366 60 21  8 10  0  0
88 100  70368 121560012 2383112 51013564    0    0 1612624 958456 321776 1125435 62 22  7  9  0  0
112 102  70368 121559360 2383112 51013588    0    0 1538816 957180 312526 1095874 61 21  7 11  0  0
38 157  70368 121546972 2383112 51013612    0    0 1617760 962444 319979 1110438 63 22  7  8  0  0
64 69  70368 121577360 2383112 51013640    0    0 1618224 1009008 323969 1125318 63 22  7  9  0  0
86 32  70368 121546604 2383112 51013660    0    0 1650176 970384 328228 1132623 64 22  6  7  0  0
60 60  70368 121558620 2383112 51013688    0    0 1642688 1020316 328060 1134198 64 22  6  8  0  0
28 102  70368 121570348 2383112 51013716    0    0 1620240 1006020 323833 1141305 62 22  7  9  0  0
50 49  70368 121565084 2383112 51013728    0    0 1682176 1011620 327729 1149499 64 21  6  8  0  0
procs -----------memory---------- ---swap-- -----io---- -system-- -------cpu-------
 r  b   swpd   free   buff  cache   si   so    bi    bo   in   cs us sy id wa st gu
55 80  70368 121562380 2383112 51013752    0    0 1579264 893892 316589 1113768 62 22  6 10  0  0
116 117  70368 121546712 2383112 51013784    0    0 1598016 1034908 322914 1148238 61 22  7 11  0  0
39 24  70368 121540364 2383112 51013804    0    0 1598624 977276 321534 1139497 62 22  7  9  0  0
115 27  70368 121531544 2383112 51013832    0    0 1622032 982984 323674 1123037 63 22  7  8  0  0
105 82  70368 121541116 2383112 51013860    0    0 1629488 984512 333609 1127607 62 22  7  9  0  0
34 42  70368 121536012 2383112 51013872    0    0 1623376 981668 328693 1122803 64 22  6  8  0  0
62 29  70368 121535464 2383112 51013896    0    0 1645440 985720 330181 1122495 64 23  6  8  0  0
110 47  70368 121548216 2383112 51013916    0    0 1593728 999368 327681 1119952 62 22  8  8  0  0
122 51  70368 121546928 2383112 51013948    0    0 1611280 975732 327859 1123342 63 21  7  8  0  0
55 81  70368 121562388 2383112 51013976    0    0 1649088 994704 333006 1147929 64 21  6  8  0  0
43 67  70368 121550156 2383112 51013996    0    0 1551088 919428 313545 1108540 60 21  7 13  0  0
110 82  70368 121549620 2383112 51014020    0    0 1610640 944372 327443 1125540 62 21  6 10  0  0
80 43  70368 121509688 2383112 51014048    0    0 1544736 995272 321301 1098053 61 21  6 12  0  0
93 23  70368 121508976 2383112 51014068    0    0 1623568 971552 327774 1121003 62 22  7  9  0  0
68 42  70368 121537980 2383112 51014100    0    0 1579440 974792 327873 1105209 63 22  8  8  0  0
25 41  70368 121532236 2383112 51014120    0    0 1633184 979952 331888 1138273 64 22  6  8  0  0
177 81  70368 121534688 2383112 51014144    0    0 1637840 1016716 329883 1136933 63 22  7  9  0  0
139 28  70368 121526436 2383112 51014176    0    0 1644752 997492 330316 1149052 63 22  7  9  0  0
66 33  70368 121521236 2383112 51014192    0    0 1607040 976076 327142 1128181 63 22  7  9  0  0
51 42  70368 121513888 2383112 51014216    0    0 1617152 976068 328891 1145354 62 21  7 10  0  0
81 112  70368 121513236 2383112 51014240    0    0 1604912 945252 320528 1109826 62 22  6 10  0  0
procs -----------memory---------- ---swap-- -----io---- -system-- -------cpu-------
 r  b   swpd   free   buff  cache   si   so    bi    bo   in   cs us sy id wa st gu
30 125  70368 121508828 2383112 51014260    0    0 1577328 973272 318744 1090642 62 21  6 11  0  0
178 25  70368 121528764 2383112 51014288    0    0 1589120 979516 326685 1109244 62 22  8  8  0  0
69 124  70368 121535788 2383112 51014312    0    0 1612336 981696 328333 1135121 63 22  6  9  0  0
87 39  70368 121521736 2383112 51014340    0    0 1646528 988700 330252 1136554 63 22  6  8  0  0
80 75  70368 121512264 2383112 51014364    0    0 1632928 1009232 329822 1158662 63 22  6  9  0  0
63 35  70368 121501068 2383112 51014396    0    0 1632000 992312 328286 1138925 63 22  7  8  0  0
154 59  70368 121499216 2383112 51014420    0    0 1618304 988744 327158 1127480 62 22  8  9  0  0
88 51  70368 121518492 2383112 51014452    0    0 1638768 987792 328930 1156187 63 22  6  9  0  0
118 90  70368 121529048 2383112 51014464    0    0 1624752 955312 321646 1130582 62 21  7 10  0  0
82 156  70368 121541972 2383120 51014484    0    0 1476624 903228 298162 1061780 58 19  8 15  0  0
122 93  70368 121530948 2383120 51014512    0    0 1625376 992016 320739 1103204 65 22  6  8  0  0
80 150  70368 121522920 2383120 51014540    0    0 1680544 1006808 325507 1147410 64 22  6  8  0  0
100 58  70368 121495524 2383120 51014564    0    0 1619280 951300 322732 1121655 63 22  7  9  0  0
88 108  70368 121502380 2383120 51014592    0    0 1592544 1012592 322971 1135225 62 22  8  9  0  0
89 19  70368 121508592 2383124 51014612    0    0 1640544 997188 325713 1140814 63 22  7  8  0  0
45 38  70368 121519620 2383124 51014636    0    0 1619328 983208 321863 1136022 62 22  7  8  0  0
76 21  70368 121523604 2383124 51014660    0    0 1631280 985128 325608 1124789 63 22  7  8  0  0
78 120  70368 121520936 2383124 51014696    0    0 1583408 970264 322083 1131357 62 21  8 10  0  0
88 92  70368 121524332 2383124 51014712    0    0 1541200 936872 311505 1103176 60 19  9 12  0  0
66 44  70368 121527220 2383124 51014824    0    0 1534240 932912 304128 1100439 60 20  6 13  0  0
58 81  70368 121524824 2383124 51014852    0    0 1613568 979260 321035 1111348 64 21  7  8  0  0
procs -----------memory---------- ---swap-- -----io---- -system-- -------cpu-------
 r  b   swpd   free   buff  cache   si   so    bi    bo   in   cs us sy id wa st gu
47 55  70368 121515872 2383124 51014872    0    0 1617280 984812 323714 1142271 63 22  7  9  0  0
85 95  70368 121509356 2383124 51014892    0    0 1651616 979556 322036 1132549 63 22  6  9  0  0
103 116  70368 121513696 2383124 51014916    0    0 1635264 1005720 323534 1107227 64 22  6  8  0  0
59  1  70368 121497356 2383124 51014944    0    0 1644480 1001600 324116 1144843 63 23  6  8  0  0
99 13  70368 121500184 2383124 51014976    0    0 1623312 992560 322752 1139774 62 22  7  8  0  0
62 60  70368 121504368 2383124 51014996    0    0 1634288 974536 323869 1135818 63 22  6  9  0  0
128 29  70368 121486064 2383124 51015020    0    0 1604336 1007216 324805 1147777 63 22  7  9  0  0
77 132  70368 121496384 2383124 51015044    0    0 1567248 876180 309822 1095132 61 20  6 13  0  0
58 51  70368 121500424 2383128 51015060    0    0 1567072 1019636 317845 1115866 62 21  6 12  0  0
126 128  70368 121492136 2383128 51015092    0    0 1608480 990272 322949 1138049 61 22  8  9  0  0
82 46  70368 121516540 2383128 51015116    0    0 1602368 973124 322348 1123667 63 22  7  8  0  0
86 28  70368 121495876 2383128 51015132    0    0 1611104 996756 323381 1143100 62 22  7  9  0  0
90 15  70368 121500016 2383128 51015152    0    0 1630752 985272 324787 1141301 63 22  7  8  0  0
57 55  70368 121495908 2383132 51015180    0    0 1621760 995072 323636 1143464 63 22  7  8  0  0
98 26  70368 121497508 2383132 51015212    0    0 1641120 994568 322607 1138566 63 22  7  9  0  0
90 30  70368 121481736 2383132 51015236    0    0 1649568 959096 326932 1127121 65 22  5  8  0  0
69 131  70368 121509784 2383132 51015256    0    0 1566048 982528 316523 1116333 60 21  7 11  0  0
101 61  70368 121520412 2383132 51015280    0    0 1526096 931988 306553 1086883 60 19  7 14  0  0
163 22  70368 121520764 2383132 51015300    0    0 1616800 1009100 319662 1130422 62 21  8  9  0  0
146 101  70368 121512456 2383132 51015328    0    0 1635056 990088 324549 1126649 63 22  7  8  0  0
118 138  70368 121494596 2383132 51015352    0    0 1606112 993608 320874 1131171 61 21  8 10  0  0
procs -----------memory---------- ---swap-- -----io---- -system-- -------cpu-------
 r  b   swpd   free   buff  cache   si   so    bi    bo   in   cs us sy id wa st gu
65 21  70368 121490784 2383132 51015376    0    0 1615776 988316 321541 1120846 62 22  7  9  0  0
70 30  70368 121477712 2383132 51015400    0    0 1637744 1002132 328457 1147394 63 22  7  8  0  0
48 50  70368 121491180 2383132 51015432    0    0 1658752 1013336 326911 1136170 64 22  6  8  0  0
96 65  70368 121500252 2383136 51015460    0    0 1608960 989648 323507 1139099 62 22  8  9  0  0
75 16  70368 121482888 2383136 51015472    0    0 1607968 979188 323236 1136374 63 22  6  9  0  0
73 150  70368 121476824 2383136 51015500    0    0 1575104 881492 314440 1105779 62 22  6 10  0  0
119 66  70368 121492980 2383136 51015516    0    0 1529536 965208 308712 1103154 59 19  7 15  0  0
62 39  70368 121499620 2383136 51015532    0    0 1604192 1015692 322483 1133603 62 21  7  9  0  0
142 62  70368 121490416 2383136 51015564    0    0 1604560 984140 320941 1131361 60 22  9  9  0  0
51 33  70368 121493416 2383136 51015580    0    0 1634112 983136 323674 1142073 63 22  6  9  0  0
106 57  70368 121493112 2383136 51015608    0    0 1624176 1002072 323076 1156373 62 22  7  9  0  0
102 81  70368 121478536 2383136 51015632    0    0 1611568 987464 324981 1134614 62 22  8  9  0  0
127 100  70368 121488336 2383136 51015664    0    0 1603072 980288 326362 1129336 63 22  7  8  0  0
85 15  70368 121480316 2383136 51015680    0    0 1608048 983544 319098 1121091 61 22  8 10  0  0
68 102  70368 121470216 2383136 51015700    0    0 1627344 962664 322849 1127457 63 22  6  9  0  0
40 38  70368 121481692 2383136 51015724    0    0 1528032 952564 311022 1089551 60 20  7 13  0  0
79 35  70368 121480592 2383136 51015748    0    0 1614624 963540 323222 1128071 64 21  5  9  0  0
148 42  70368 121479412 2383136 51015764    0    0 1623312 1005540 327281 1148151 63 21  7  9  0  0
96 25  70368 121486048 2383136 51015796    0    0 1606752 991128 323872 1128750 62 22  8  9  0  0
121 28  70368 121480124 2383140 51015820    0    0 1594192 973212 323407 1116280 62 22  8  9  0  0
41 28  70368 121473780 2383140 51015848    0    0 1621024 992808 323530 1129981 62 22  8  9  0  0
procs -----------memory---------- ---swap-- -----io---- -system-- -------cpu-------
 r  b   swpd   free   buff  cache   si   so    bi    bo   in   cs us sy id wa st gu
49 55  70368 121461788 2383140 51015876    0    0 1633616 994844 326263 1151191 63 22  6  9  0  0
109 49  70368 121453588 2383140 51015896    0    0 1611856 990284 323328 1128269 62 22  7  9  0  0
59 41  70368 121457704 2383140 51015928    0    0 1598672 980208 322675 1123961 62 22  7  8  0  0
76 74  70368 121461204 2383140 51015944    0    0 1564432 885152 310353 1097122 61 21  6 12  0  0
43 89  70368 121463672 2383140 51015968    0    0 1599664 960824 321811 1113099 63 21  6 10  0  0
108 41  70368 121459436 2383140 51015996    0    0 1567872 1018808 321350 1111733 62 20  6 11  0  0
56 22  70368 121477460 2383140 51016020    0    0 1607696 991084 322444 1134077 62 21  8  9  0  0
71 28  70368 121471696 2383140 51016044    0    0 1674848 1007932 329379 1139645 64 22  5  8  0  0
155 81  70368 121465088 2383144 51016072    0    0 1631568 995004 326472 1151086 63 22  6  9  0  0
152 52  70368 121476524 2383144 51016100    0    0 1628816 995764 322357 1130257 62 22  7  9  0  0
117 44  70368 121465832 2383144 51016120    0    0 1598928 978636 320819 1142943 61 21  8  9  0  0
175 76  70368 121464244 2383144 51016144    0    0 1606144 982040 320443 1139678 61 21  8 10  0  0
87 151  70368 121467128 2383144 51016176    0    0 1595472 930856 318509 1107467 61 21  7 10  0  0
93 10  70368 121461164 2383144 51016200    0    0 1545056 982944 318126 1116837 62 22  6 11  0  0
67 120  70368 121460912 2383144 51016220    0    0 1601024 924988 316231 1121533 61 22  7 10  0  0
104 99  70368 121464508 2383144 51016252    0    0 1606128 1014908 323368 1109254 64 21  5 10  0  0
69 76  70368 121467964 2383144 51016340    0    0 1638272 1006324 323094 1144901 62 21  7  9  0  0
137 32  70368 121468296 2383148 51016356    0    0 1620816 984940 320403 1139772 62 22  7  9  0  0
74 16  70368 121477060 2383148 51016384    0    0 1632192 1002856 320653 1135105 62 22  7  9  0  0
80 63  70368 121454800 2383148 51016412    0    0 1620256 994368 322520 1141900 63 22  7  9  0  0
43 55  70368 121447168 2383148 51016432    0    0 1605936 992488 320840 1127013 61 22  7 10  0  0
procs -----------memory---------- ---swap-- -----io---- -system-- -------cpu-------
 r  b   swpd   free   buff  cache   si   so    bi    bo   in   cs us sy id wa st gu
139 39  70368 121447508 2383148 51016448    0    0 1640224 1006332 329539 1149311 64 22  6  8  0  0
59 81  70368 121445876 2383148 51016480    0    0 1529040 916016 309274 1099715 59 21  7 13  0  0
68 45  70368 121455992 2383152 51016504    0    0 1615040 1014812 327099 1137291 64 22  6  8  0  0
51 126  70368 121453800 2383152 51016532    0    0 1622240 915132 319711 1109502 64 22  5  9  0  0
115 57  70368 121443212 2383152 51016552    0    0 1579936 1029880 323803 1136059 62 21  6 10  0  0
118 54  70368 121456732 2383152 51016572    0    0 1650784 1006124 325913 1156839 63 21  7  9  0  0
58 65  70368 121445628 2383152 51016596    0    0 1613824 983248 324928 1140813 62 22  7  9  0  0
103 56  70368 121452040 2383152 51016620    0    0 1616240 992928 322599 1134659 62 22  8  9  0  0
69 23  70368 121451440 2383152 51016640    0    0 1643248 1005020 324512 1139397 62 22  7  9  0  0
65 90  70368 121439012 2383152 51016664    0    0 1636960 1000312 326730 1120398 63 22  7  8  0  0
76 83  70368 121426356 2383152 51016688    0    0 1594080 912736 318158 1118494 63 22  6 10  0  0
78 74  70368 121425144 2383152 51016708    0    0 1587824 1037904 322884 1119049 62 22  6 11  0  0
84 10  70368 121423528 2383152 51016740    0    0 1621136 991368 324312 1140765 62 22  7  9  0  0
53 76  70368 121447228 2383152 51016764    0    0 1541296 936800 309438 1091158 60 20  7 12  0  0
49 33  70368 121449900 2383152 51016792    0    0 1636128 1004020 325576 1143368 62 22  7  8  0  0
32 193  70368 121463120 2383152 51016812    0    0 1662016 1014064 330438 1163047 64 21  6  9  0  0
127 46  70368 121462240 2383152 51016828    0    0 1591392 984316 321273 1132203 62 21  8  9  0  0
73 21  70368 121452964 2383152 51016860    0    0 1629520 994808 323416 1125319 62 22  7  8  0  0
40 28  70368 121437620 2383152 51016884    0    0 1640880 980476 326156 1134640 63 22  6  9  0  0
66 117  70368 121440888 2383152 51016908    0    0 1620832 944776 320814 1117446 63 21  5 11  0  0
91 60  70368 121432900 2383152 51016932    0    0 1545968 1016736 319644 1100848 61 21  6 12  0  0
procs -----------memory---------- ---swap-- -----io---- -system-- -------cpu-------
 r  b   swpd   free   buff  cache   si   so    bi    bo   in   cs us sy id wa st gu
43 37  70368 121428560 2383152 51016952    0    0 1619328 985720 324984 1131325 63 22  7  8  0  0
44 126  70368 121430436 2383152 51016992    0    0 1605040 948824 324708 1125825 63 22  6  9  0  0
127 17  70368 121435476 2383152 51017008    0    0 1591616 991720 316444 1126601 61 21  7 11  0  0
120 26  70368 121425732 2383152 51017036    0    0 1608272 981612 325700 1134543 64 22  7  7  0  0
51 32  70368 121433712 2383152 51017060    0    0 1628864 991560 324770 1162038 63 21  7  9  0  0
88 14  70368 121464080 2383152 51017076    0    0 1612704 989944 322428 1126057 62 21  8 10  0  0
82 19  70368 121461876 2383156 51017104    0    0 1597024 980388 322547 1117410 62 21  8  9  0  0
135 107  70368 121470948 2383156 51017128    0    0 1574736 968008 318814 1123694 61 21  8 10  0  0
101 61  70368 121445176 2383156 51017148    0    0 1558896 947952 310981 1084657 62 21  7 10  0  0
130 45  70368 121433316 2383156 51017176    0    0 1626352 991832 324703 1110733 65 22  6  8  0  0
45 46  70368 121432072 2383156 51017192    0    0 1646320 1012656 324784 1136558 63 22  6  8  0  0
54 208  70368 121434432 2383160 51017236    0    0 1627232 937516 321988 1119416 64 22  5  9  0  0
180 26  70368 121409036 2383160 51017252    0    0 1600304 1030256 321952 1114474 63 21  6 11  0  0
102 97  70368 121411284 2383160 51017268    0    0 1576176 903720 314201 1099364 61 21  6 11  0  0
61 99  70368 121412212 2383160 51017300    0    0 1528656 945948 312968 1096461 59 20  6 14  0  0
86 117  70368 121421264 2383160 51017320    0    0 1514400 926636 305887 1063853 60 19  8 14  0  0
70 165  70368 121438108 2383160 51017340    0    0 1447712 925060 298948 1036554 59 19  9 14  0  0
52 121  70368 121453832 2383160 51017364    0    0 1488336 910748 301794 1068715 58 20  8 14  0  0
84 104  70368 121423548 2383160 51017396    0    0 1510528 909136 301294 1051770 60 20  7 12  0  0
67 36  70368 121403996 2383160 51017420    0    0 1552384 905972 306825 1073426 62 21  6 12  0  0
46 70  70368 121408060 2383160 51017448    0    0 1519056 913504 304784 1058961 62 20  6 12  0  0
procs -----------memory---------- ---swap-- -----io---- -system-- -------cpu-------
 r  b   swpd   free   buff  cache   si   so    bi    bo   in   cs us sy id wa st gu
101 75  70368 121422844 2383160 51017480    0    0 1443104 950440 300693 1066470 57 19  7 16  0  0
59 104  70368 121425228 2383160 51017504    0    0 1524048 914028 303635 1075963 61 20  6 13  0  0
65 155  70368 121421164 2383160 51017520    0    0 1511632 905472 301604 1075221 61 20  7 12  0  0
54 112  70368 121431468 2383160 51017544    0    0 1546464 948192 316455 1112934 61 20  6 13  0  0
60 77  70368 121436412 2383160 51017560    0    0 1658096 1004196 327233 1119901 64 21  5  9  0  0
46 45  70368 121421136 2383164 51017584    0    0 1632896 1027116 322452 1130828 62 22  6 10  0  0
135 79  70368 121417188 2383164 51017608    0    0 1639536 993676 324062 1139144 63 22  7  8  0  0
74 46  70368 121401764 2383164 51017636    0    0 1622336 992244 324235 1147622 62 22  7  9  0  0
53 14  70368 121395572 2383164 51017668    0    0 1621840 990196 321708 1129097 62 22  8  9  0  0
105 60  70368 121413120 2383164 51017692    0    0 1613040 990512 324122 1133176 62 22  7  9  0  0
107 116  70368 121407788 2383168 51017720    0    0 1598240 926376 317270 1107150 63 22  6  9  0  0
109 49  70368 121411320 2383168 51017748    0    0 1619520 1026108 321257 1134354 63 22  6 10  0  0
108 79  70368 121398072 2383168 51017776    0    0 1619408 992100 320285 1134585 62 22  7  9  0  0
69 81  70368 121420952 2383168 51017864    0    0 1643488 975040 322759 1118164 64 22  6  8  0  0
192 29  70368 121439252 2383168 51017872    0    0 1607744 1006756 320460 1156196 61 20  8 11  0  0
56 34  70368 121435084 2383168 51017896    0    0 1631328 997556 322679 1149691 62 22  7  9  0  0
58 48  70368 121420820 2383168 51017920    0    0 1636032 994780 325103 1153267 62 22  7  9  0  0
58 136  70368 121404380 2383168 51017952    0    0 1619216 1000400 323489 1135516 63 22  7  8  0  0
55 74  70368 121409976 2383168 51017980    0    0 1615520 985776 324811 1120732 62 22  7  9  0  0
48 64  70368 121405732 2383168 51018004    0    0 1599376 986136 321103 1137959 61 21  8 10  0  0
77 24  70368 121419732 2383168 51018028    0    0 1600000 952536 316691 1099279 62 22  6 10  0  0
procs -----------memory---------- ---swap-- -----io---- -system-- -------cpu-------
 r  b   swpd   free   buff  cache   si   so    bi    bo   in   cs us sy id wa st gu
93  9  70368 121414308 2383168 51018052    0    0 1648112 1012684 327235 1128847 64 22  6  8  0  0
117 98  70368 121422788 2383168 51018080    0    0 1643264 1008112 325597 1139808 63 22  6  9  0  0
88 47  70368 121408748 2383168 51018104    0    0 1585456 976528 321326 1147133 60 22  7 11  0  0
21 74  70368 121398324 2383168 51018124    0    0 1611440 989608 323911 1152881 62 21  7 10  0  0
139 60  70368 121404144 2383168 51018140    0    0 1630384 1002332 325148 1135702 64 21  7  8  0  0
73 60  70368 121408436 2383168 51018156    0    0 1646032 1007600 325192 1119293 64 22  6  8  0  0
72 23  70368 121416220 2383168 51018196    0    0 1668080 1020320 324610 1148656 62 22  7  9  0  0
85 91  70368 121413344 2383168 51018216    0    0 1623568 1002236 322383 1139031 62 22  7  9  0  0
49 83  70368 121405864 2383168 51018236    0    0 1575088 961544 316437 1113651 60 21  8 11  0  0
58  1  70368 121397964 2383168 51018268    0    0 1574752 971632 312198 1103591 61 21  7 11  0  0
 9  2  70368 121390416 2383168 51018304    0    0 1602544 986416 318333 1112641 62 22  7  8  0  0
60 91  70368 121390328 2383168 51018320    0    0 1675728 1006332 328289 1130908 65 22  5  8  0  0
130 114  70368 121400668 2383168 51018344    0    0 1600592 1000488 320274 1116586 61 22  8 10  0  0
123 27  70368 121398724 2383168 51018372    0    0 1618016 991112 327008 1153845 63 22  7  9  0  0
148 54  70368 121423640 2383168 51018388    0    0 1648416 1012068 327297 1152858 62 22  8  9  0  0
77 104  70368 121405220 2383168 51018420    0    0 1636496 1004116 324514 1132325 64 22  7  8  0  0
123 20  70368 121411756 2383168 51018448    0    0 1619856 994524 322814 1122423 62 22  7  9  0  0
41 46  70368 121413944 2383168 51018460    0    0 1644320 1043064 320537 1129352 62 22  8  9  0  0
85 174  70368 121410328 2383168 51018484    0    0 1592896 953480 317729 1120488 62 21  6 11  0  0
52 75  70368 121401476 2383168 51018512    0    0 1600544 992336 325379 1137218 63 22  6  9  0  0
114 52  70368 121389192 2383168 51018540    0    0 1637616 1003212 324462 1131990 63 22  6  9  0  0
procs -----------memory---------- ---swap-- -----io---- -system-- -------cpu-------
 r  b   swpd   free   buff  cache   si   so    bi    bo   in   cs us sy id wa st gu
160 41  70368 121392808 2383168 51018572    0    0 1610784 976080 323573 1122832 63 22  7  9  0  0
138 31  70368 121380640 2383168 51018596    0    0 1604192 1025432 323159 1130828 62 21  7  9  0  0
51 52  70368 121385672 2383168 51018616    0    0 1589472 987080 323248 1138890 61 22  8  9  0  0
46 47  70368 121401668 2383168 51018640    0    0 1655872 1014844 327191 1167924 63 21  7  9  0  0
148 85  70368 121413140 2383168 51018664    0    0 1618816 999160 324362 1128098 63 21  7  9  0  0
74 58  70368 121400900 2383168 51018696    0    0 1637280 1033348 323045 1131588 62 22  7 10  0  0
65 148  70368 121396644 2383168 51018724    0    0 1605648 987908 324920 1147636 63 22  6  9  0  0
88 35  70368 121392908 2383168 51018748    0    0 1585904 963804 316843 1118351 62 21  6 11  0  0
56 30  70368 121387480 2383168 51018764    0    0 1644848 1006472 328327 1134840 65 22  5  8  0  0
39 55  70368 121364532 2383168 51018796    0    0 1637296 1009992 325130 1128793 63 22  7  8  0  0
105 41  70368 121378060 2383168 51018824    0    0 1579536 1005124 320251 1127264 60 22  7 11  0  0
84 38  70368 121417908 2383168 51018848    0    0 1613696 995740 322918 1118591 62 21  8  9  0  0
117 26  70368 121398784 2383168 51018868    0    0 1636992 1003948 324744 1153996 62 22  7  8  0  0
64 43  70368 121398720 2383172 51018904    0    0 1631840 1001064 326431 1162303 63 21  7  9  0  0
29 31  70368 121409248 2383172 51018928    0    0 1592688 986684 318878 1138495 60 21  9 10  0  0
63 37  70368 121389092 2383172 51018952    0    0 1621408 1028000 329421 1135266 63 22  7  8  0  0
82 103  70368 121372396 2383172 51018976    0    0 1551312 943036 323982 1123251 61 21  7 11  0  0
129 44  70368 121373092 2383172 51019004    0    0 1567296 971188 317125 1146101 60 22  8 11  0  0
108 64  70368 121388920 2383172 51019028    0    0 1567200 972620 327377 1131614 61 21  9  9  0  0
97 113  70368 121377484 2383172 51019052    0    0 1600656 987712 326134 1117668 63 22  7  9  0  0
75 23  70368 121361784 2383172 51019084    0    0 1564720 991620 322597 1125784 62 21  8  9  0  0
procs -----------memory---------- ---swap-- -----io---- -system-- -------cpu-------
 r  b   swpd   free   buff  cache   si   so    bi    bo   in   cs us sy id wa st gu
64 35  70368 121387012 2383172 51019104    0    0 1623136 1000468 331598 1140820 63 22  7  8  0  0
57 18  70368 121379672 2383172 51019132    0    0 1587008 978572 323471 1147389 61 22  8  9  0  0
25 62  70368 121386036 2383176 51019148    0    0 1600160 989144 322627 1165239 62 21  7  9  0  0
41  8  70368 121391372 2383176 51019176    0    0 1575472 1006152 316766 1140150 60 20  9 11  0  0
153 63  70368 121389724 2383176 51019200    0    0 1580864 985852 323298 1140777 61 22  9  9  0  0
62 98  70368 121397368 2383176 51019220    0    0 1603344 907928 320526 1112603 64 22  5  9  0  0
68 18  70368 121385368 2383176 51019248    0    0 1544880 1024556 318295 1129599 61 21  7 11  0  0
117 81  70368 121392468 2383176 51019280    0    0 1606032 993536 321751 1130492 62 22  7  9  0  0
97 64  70368 121393884 2383176 51019312    0    0 1560992 962232 316207 1126682 61 21  9  9  0  0
110 37  70368 121362908 2383176 51019332    0    0 1652096 1005648 324154 1141880 63 22  6  8  0  0
100 45  70368 121349964 2383176 51019436    0    0 1628832 1003560 328114 1153014 64 22  6  8  0  0
122 51  70368 121370144 2383176 51019456    0    0 1580512 983580 325617 1130696 62 22  8  8  0  0
128 42  70368 121373280 2383176 51019480    0    0 1592480 983184 320047 1124889 62 22  8  9  0  0
121 64  70368 121380636 2383176 51019508    0    0 1624032 1028048 327555 1133819 63 21  7  9  0  0
139 55  70368 121391352 2383176 51019528    0    0 1607072 994872 322451 1145951 62 22  8  9  0  0
30 71  70368 121373992 2383176 51019548    0    0 1593616 933124 317588 1122697 63 21  5 11  0  0
140 44  70368 121380504 2383176 51019572    0    0 1575552 1017300 322313 1127161 61 22  8 10  0  0
127 48  70368 121379148 2383176 51019600    0    0 1595248 1011444 322360 1121180 62 22  7  9  0  0
123 56  70368 121366688 2383176 51019624    0    0 1587744 979736 319276 1115108 61 21  8 10  0  0
61 16  70368 121369204 2383176 51019648    0    0 1626800 1000196 326062 1148029 63 22  7  8  0  0
102 41  70368 121374512 2383176 51019676    0    0 1635056 1000864 324883 1147146 62 22  8  9  0  0
procs -----------memory---------- ---swap-- -----io---- -system-- -------cpu-------
 r  b   swpd   free   buff  cache   si   so    bi    bo   in   cs us sy id wa st gu
73 57  70368 121374172 2383176 51019700    0    0 1597200 989932 324225 1144416 62 22  7  9  0  0
68 38  70368 121370824 2383176 51019732    0    0 1587360 1022028 323447 1132574 61 22  8  9  0  0
53 58  70368 121385696 2383176 51019748    0    0 1619696 998468 322970 1158260 61 21  8 10  0  0
112 63  70368 121396736 2383176 51019764    0    0 1669088 1020416 330615 1149584 65 21  5  9  0  0
64 28  70368 121387812 2383176 51019792    0    0 1562976 956076 313910 1114092 61 21  7 11  0  0
68 59  70368 121392164 2383176 51019816    0    0 1576768 1001808 319377 1122062 61 21  8 10  0  0
73 29  70368 121395124 2383176 51019836    0    0 1626800 998816 324172 1139130 62 22  7  9  0  0
79 82  70368 121374516 2383176 51019868    0    0 1633712 1001148 325183 1154637 62 22  6 10  0  0
80 30  70368 121357324 2383176 51019892    0    0 1625840 1005220 324655 1137881 63 22  7  8  0  0
168 36  70368 121359120 2383176 51019928    0    0 1629088 999404 326388 1130095 63 22  6  8  0  0
114 29  70368 121350732 2383176 51019948    0    0 1618912 1027852 324085 1128251 62 22  7  9  0  0
25 28  70368 121351908 2383176 51019972    0    0 1603200 988580 322028 1135455 62 21  8  9  0  0
44 82  70368 121351696 2383176 51019992    0    0 1633168 1001220 324937 1129953 62 22  7  9  0  0
32 119  70368 121373592 2383176 51020012    0    0 1656000 952464 327221 1144318 64 21  5  9  0  0
76 87  70368 121389680 2383176 51020036    0    0 1516624 988536 312439 1099860 59 20  8 13  0  0
108 31  70368 121399572 2383176 51020052    0    0 1621040 1027468 320145 1120273 63 22  7  9  0  0
79 107  70368 121386784 2383180 51020076    0    0 1607872 988480 320554 1106978 63 22  7  8  0  0
73 31  70368 121380956 2383180 51020100    0    0 1639728 1004076 325481 1141357 63 22  6  9  0  0
104 67  70368 121365068 2383180 51020132    0    0 1615184 999720 320843 1137748 62 22  8  9  0  0
55 107  70368 121344288 2383180 51020164    0    0 1632736 1021264 323217 1127948 62 22  7  8  0  0
77 34  70368 121360528 2383180 51020192    0    0 1618976 1001272 324049 1153077 62 22  7  9  0  0
procs -----------memory---------- ---swap-- -----io---- -system-- -------cpu-------
 r  b   swpd   free   buff  cache   si   so    bi    bo   in   cs us sy id wa st gu
61 31  70368 121361904 2383180 51020212    0    0 1652880 1003452 328991 1134462 64 23  5  8  0  0
61  9  70368 121368604 2383180 51020236    0    0 1635664 1007964 325817 1131379 64 22  6  8  0  0
51 122  70368 121365548 2383180 51020264    0    0 1612368 930512 325987 1122271 63 21  5 11  0  0
82 17  70368 121369464 2383180 51020280    0    0 1552960 1042808 321306 1129065 61 20  7 11  0  0
43 93  70368 121377140 2383180 51020304    0    0 1540144 914876 310393 1100093 61 21  6 12  0  0
78 40  70368 121379552 2383180 51020332    0    0 1615792 1020520 323701 1144437 62 22  7 10  0  0
85 21  70368 121355444 2383180 51020356    0    0 1616336 995752 326878 1133570 63 22  7  8  0  0
206 27  70368 121351552 2383180 51020380    0    0 1634176 1011264 325650 1142256 62 22  7  9  0  0
78 74  70368 121342764 2383180 51020400    0    0 1632256 1036220 326873 1135367 63 22  7  9  0  0
85 41  70368 121353192 2383180 51020424    0    0 1617376 999156 325012 1135799 63 22  7  8  0  0
90 79  70368 121358016 2383180 51020448    0    0 1666144 1022440 330369 1139296 65 22  5  8  0  0
29 32  70368 121377540 2383180 51020472    0    0 1652688 1016092 322410 1136665 62 22  7  9  0  0
96 95  70368 121386252 2383180 51020496    0    0 1538768 957060 308618 1075219 60 20  7 12  0  0
73 28  70368 121387444 2383180 51020524    0    0 1540656 947508 313575 1103029 60 19  7 14  0  0
105 12  70368 121386260 2383180 51020540    0    0 1617632 1005732 325262 1134432 63 22  7  9  0  0
180 32  70368 121351540 2383184 51020564    0    0 1613344 994232 326413 1147852 62 22  7  9  0  0
120 36  70368 121359164 2383184 51020596    0    0 1645392 1006648 327067 1131970 64 22  6  8  0  0
52 14  70368 121352088 2383184 51020612    0    0 1602960 1026536 325417 1137844 62 22  7  9  0  0
87 56  70368 121366400 2383184 51020636    0    0 1655344 1011680 328762 1133247 64 23  6  8  0  0
96 27  70368 121355104 2383184 51020660    0    0 1638576 1005712 327147 1147764 63 22  7  8  0  0
68 56  70368 121330444 2383188 51020680    0    0 1634256 996836 323757 1137399 62 22  7  9  0  0
procs -----------memory---------- ---swap-- -----io---- -system-- -------cpu-------
 r  b   swpd   free   buff  cache   si   so    bi    bo   in   cs us sy id wa st gu
52 55  70368 121350632 2383188 51020708    0    0 1584272 975020 322378 1114168 62 21  7 10  0  0
51 150  70368 121346376 2383188 51020736    0    0 1580560 899372 314973 1088760 63 21  5 11  0  0
155 112  70368 121344724 2383188 51020760    0    0 1559376 1029960 320242 1107493 62 21  6 12  0  0
112 35  70368 121357876 2383188 51020780    0    0 1649584 1017320 324615 1162242 63 21  7  9  0  0
71 32  70368 121361632 2383192 51020800    0    0 1638752 999472 322263 1145802 62 22  6  9  0  0
74 74  70368 121351084 2383192 51020832    0    0 1601776 986192 322956 1129179 62 22  7  9  0  0
158 42  70368 121338052 2383192 51020856    0    0 1646464 1011428 328356 1115922 63 22  6  8  0  0
91 47  70368 121335596 2383192 51020948    0    0 1649472 1029840 331504 1136800 64 22  6  8  0  0
120 59  70368 121331012 2383192 51020972    0    0 1626608 998692 320535 1127890 61 22  8  9  0  0
178 71  70368 121340860 2383196 51020992    0    0 1602592 1009188 325210 1126652 62 22  7  9  0  0
94 124  70368 121356780 2383196 51021020    0    0 1607136 910540 317604 1102342 63 21  5 11  0  0
24 232  70368 121366660 2383196 51021048    0    0 1498688 979304 311432 1066902 60 20  5 15  0  0
49 10  70368 121343788 2383196 51021068    0    0 1622160 1018916 324581 1125010 63 22  7  9  0  0
67 17  70368 121345232 2383196 51021100    0    0 1627360 996824 328139 1143925 63 21  7  9  0  0
82 26  70368 121361108 2383196 51021116    0    0 1647232 1031380 323900 1147742 62 22  6 10  0  0
89 21  70368 121346884 2383196 51021144    0    0 1616784 1001588 325791 1123501 63 22  8  8  0  0
56 41  70368 121350356 2383196 51021164    0    0 1623952 1013744 326907 1128628 64 22  6  8  0  0
66 21  70368 121365484 2383196 51021188    0    0 1656624 1012552 324571 1122772 62 22  7  9  0  0
130 68  70368 121340252 2383196 51021220    0    0 1618800 1009116 322891 1122123 62 22  8  9  0  0
99 104  70368 121346388 2383196 51021240    0    0 1592960 975732 318491 1108551 61 21  6 12  0  0
79 98  70368 121362668 2383196 51021268    0    0 1561456 920000 315475 1093986 63 21  5 11  0  0
procs -----------memory---------- ---swap-- -----io---- -system-- -------cpu-------
 r  b   swpd   free   buff  cache   si   so    bi    bo   in   cs us sy id wa st gu
106 76  70368 121354612 2383196 51021280    0    0 1597728 1048420 324226 1120151 63 22  6  9  0  0
189 82  70368 121349404 2383196 51021304    0    0 1629216 1000396 324790 1151222 62 22  7  9  0  0
104 33  70368 121338136 2383196 51021332    0    0 1632336 1014684 323400 1129650 62 22  7 10  0  0
183 84  70368 121339736 2383196 51021352    0    0 1606400 995196 323439 1151375 62 21  8  9  0  0
72 89  70368 121363528 2383196 51021372    0    0 1638240 1010152 324674 1137740 63 22  7  8  0  0
176 80  70368 121358460 2383196 51021396    0    0 1647632 1023672 326064 1130174 63 22  6  8  0  0
76 24  70368 121339076 2383196 51021416    0    0 1618784 996108 325508 1134465 62 22  7  9  0  0
62 31  70368 121333284 2383196 51021444    0    0 1587072 998872 324541 1132437 61 22  7 10  0  0
70 120  70368 121327880 2383200 51021468    0    0 1530000 891252 310232 1087894 61 21  5 13  0  0
83 43  70368 121317332 2383200 51021496    0    0 1601024 1004580 323012 1106416 63 21  6 10  0  0
87 46  70368 121329408 2383200 51021524    0    0 1591824 1001376 323511 1139893 61 22  8  9  0  0
68 15  70368 121342200 2383200 51021544    0    0 1576848 980224 319367 1112813 60 22  8 10  0  0
94 64  70368 121332720 2383200 51021568    0    0 1585008 996176 320890 1123968 61 21  9  9  0  0
86 50  70368 121346236 2383204 51021592    0    0 1627456 1007392 324657 1143639 61 21  8 10  0  0
170 10  70368 121348136 2383204 51021612    0    0 1602944 1015488 325601 1132842 62 21  8  9  0  0
35 29  70368 121357368 2383204 51021636    0    0 1616336 1004820 326333 1132552 62 22  7  9  0  0
62 60  70368 121348656 2383204 51021664    0    0 1618480 1000316 323665 1125714 62 22  7  8  0  0
81 82  70368 121340916 2383204 51021688    0    0 1561136 985328 316583 1107225 60 21  8 11  0  0
78 40  70368 121342188 2383208 51021708    0    0 1511648 924076 302683 1059677 60 20  7 13  0  0
97 56  70368 121342136 2383208 51021744    0    0 1610192 1006416 321273 1110650 63 21  7  8  0  0
33 60  70368 121330512 2383208 51021768    0    0 1640736 1004364 326005 1142717 63 22  6  9  0  0
procs -----------memory---------- ---swap-- -----io---- -system-- -------cpu-------
 r  b   swpd   free   buff  cache   si   so    bi    bo   in   cs us sy id wa st gu
77 121  70368 121317812 2383208 51021796    0    0 1601456 1012780 318242 1116368 61 21  7 11  0  0
92 25  70368 121311536 2383208 51021828    0    0 1623744 992096 324410 1135098 63 21  7  9  0  0
79 26  70368 121329888 2383208 51021848    0    0 1637424 1002820 325154 1147309 63 22  7  9  0  0
97 37  70368 121328244 2383208 51021864    0    0 1632144 1016324 325012 1156231 63 21  7  9  0  0
44 23  70368 121342824 2383208 51021888    0    0 1649568 1011532 325591 1140334 62 22  6  9  0  0
82 45  70368 121336084 2383208 51021916    0    0 1612848 1012984 322522 1122115 62 21  7 10  0  0
33 101  70368 121337576 2383208 51021940    0    0 1530304 928576 309277 1087321 60 20  6 14  0  0
154 25  70368 121334348 2383208 51021968    0    0 1571856 972348 314380 1096880 63 21  5 11  0  0
117 30  70368 121329356 2383208 51021992    0    0 1615984 992100 321181 1124670 63 22  7  8  0  0
85 43  70368 121328256 2383208 51022016    0    0 1626016 995876 326876 1119664 63 22  7  8  0  0
143 40  70368 121343788 2383208 51022036    0    0 1627536 1019824 323150 1131835 62 22  7  9  0  0
94 55  70368 121349840 2383208 51022060    0    0 1640464 1005820 325345 1129656 64 22  7  8  0  0
62 43  70368 121329236 2383208 51022096    0    0 1648464 1024616 321736 1136762 62 22  7  9  0  0
54 12  70368 121319864 2383208 51022112    0    0 1633072 1002116 326451 1151283 63 22  7  9  0  0
129 46  70368 121338016 2383208 51022124    0    0 1598992 998424 319180 1126317 61 21  8 10  0  0
40 149  70368 121328224 2383208 51022156    0    0 1607952 954496 319603 1117537 63 22  6 10  0  0
47 84  70368 121337356 2383208 51022180    0    0 1502208 963584 304128 1081244 58 20  7 15  0  0
70 21  70368 121336192 2383208 51022212    0    0 1627424 1003596 322652 1114268 64 22  6  9  0  0
37 10  70368 121340180 2383208 51022236    0    0 1606608 996992 321647 1123798 62 22  7  9  0  0
50 87  70368 121337384 2383208 51022256    0    0 1640736 1027304 327566 1110481 63 22  6  9  0  0
85 69  70368 121326628 2383208 51022280    0    0 1628880 1009064 325876 1143496 62 22  7  9  0  0
procs -----------memory---------- ---swap-- -----io---- -system-- -------cpu-------
 r  b   swpd   free   buff  cache   si   so    bi    bo   in   cs us sy id wa st gu
101 57  70368 121334464 2383208 51022300    0    0 1644704 1028400 326852 1138836 63 22  6  9  0  0
88 13  70368 121322336 2383212 51022324    0    0 1591936 989584 320428 1115936 61 22  8  9  0  0
60 18  70368 121331724 2383212 51022360    0    0 1612400 1002608 321910 1139650 61 21  7 10  0  0
78 100  70368 121354544 2383212 51022444    0    0 1615472 1022116 321402 1145277 61 20  8 11  0  0
67 24  70368 121357988 2383212 51022484    0    0 1492352 934048 303961 1103881 57 20  8 15  0  0
147 39  70368 121336500 2383212 51022500    0    0 1582624 995456 315904 1106879 63 21  6  9  0  0
69 70  70368 121311044 2383212 51022532    0    0 1609712 1003756 319728 1126953 62 21  7  9  0  0
60 79  70368 121304212 2383212 51022560    0    0 1630864 1026280 324194 1123982 62 22  7  9  0  0
95 42  70368 121316288 2383212 51022584    0    0 1628816 993648 326386 1139515 62 22  7  9  0  0
57 20  70368 121328032 2383212 51022612    0    0 1629136 1012924 324967 1128301 63 22  7  8  0  0
78 50  70368 121341556 2383212 51022636    0    0 1616720 1016760 323954 1138323 63 22  6  8  0  0
148 40  70368 121332088 2383212 51022708    0    0 1627776 1002676 325132 1127741 63 22  6  8  0  0
63 45  70368 121318016 2383212 51022744    0    0 1575648 1000408 321685 1117804 61 22  8  9  0  0
21 143  70368 121326260 2383212 51022768    0    0 1592512 925668 319421 1135573 63 21  5 11  0  0
38 132  70368 121346372 2383212 51022784    0    0 1519456 982544 308557 1087807 59 20  7 14  0  0
161 56  70368 121339824 2383212 51022808    0    0 1587472 1001292 320084 1138047 61 21  7 10  0  0
69 39  70368 121350036 2383216 51022832    0    0 1619184 990176 326444 1123280 64 22  6  8  0  0
164 39  70368 121323456 2383216 51022860    0    0 1615376 1019180 324293 1134118 62 22  7  9  0  0
99 44  70368 121332308 2383216 51022880    0    0 1608800 1001296 323780 1134022 62 22  8  9  0  0
112 84  70368 121331004 2383216 51022904    0    0 1647760 1030072 330196 1127019 64 22  5  8  0  0
67 37  70368 121321700 2383216 51022928    0    0 1607104 996392 322790 1141804 62 22  7  8  0  0
procs -----------memory---------- ---swap-- -----io---- -system-- -------cpu-------
 r  b   swpd   free   buff  cache   si   so    bi    bo   in   cs us sy id wa st gu
80 52  70368 121314612 2383216 51022960    0    0 1601392 1006060 318567 1119676 61 21  8 10  0  0
54 23  70368 121326468 2383216 51022988    0    0 1583856 975688 319359 1118726 61 21  7 10  0  0
64 26  70368 121328352 2383216 51023012    0    0 1611744 980564 321170 1124316 62 21  6 10  0  0
63 76  70368 121339332 2383216 51023032    0    0 1595248 945456 317657 1135396 62 20  5 13  0  0
88 36  70368 121331916 2383216 51023056    0    0 1616992 1034648 324102 1143290 62 21  7  9  0  0
115 41  70368 121324464 2383220 51023076    0    0 1619904 1022108 321448 1131375 61 22  8  9  0  0
125 88  70368 121332244 2383220 51023104    0    0 1597168 987936 319585 1125753 60 21  8 10  0  0
43 30  70368 121330204 2383220 51023124    0    0 1603936 1018208 321161 1123690 61 22  8  9  0  0
73 34  70368 121322940 2383220 51023148    0    0 1636240 1010664 323456 1120542 63 22  7  9  0  0
109 101  70368 121314676 2383220 51023172    0    0 1612912 999908 322928 1131392 62 22  7  9  0  0
16 32  70368 121316048 2383224 51023196    0    0 1563312 993088 317083 1133799 60 21  8 11  0  0
47 46  70368 121315128 2383224 51023228    0    0 1519104 947624 311127 1107148 58 20  9 13  0  0
61 55  70368 121317648 2383224 51023248    0    0 1596032 997448 321660 1123715 61 21  8 10  0  0
48 47  70368 121339100 2383224 51023272    0    0 1574640 964512 313861 1091963 62 21  7 10  0  0
91 70  70368 121343264 2383224 51023296    0    0 1617120 1006400 323155 1136466 63 21  7  9  0  0
106 42  70368 121344772 2383224 51023316    0    0 1637568 1033020 325074 1121509 63 21  7  9  0  0
64 35  70368 121339356 2383228 51023336    0    0 1612720 1000360 323157 1134764 61 22  7 10  0  0
87 17  70368 121323152 2383228 51023368    0    0 1617888 1019316 322626 1144377 62 22  7  9  0  0
96 21  70368 121318136 2383228 51023396    0    0 1629904 995416 324158 1126314 63 22  7  8  0  0
96 96  70368 121314092 2383228 51023424    0    0 1590592 1008764 323583 1127380 63 22  6  9  0  0
101 79  70368 121311528 2383228 51023440    0    0 1500656 928680 310757 1094979 59 20  7 13  0  0
procs -----------memory---------- ---swap-- -----io---- -system-- -------cpu-------
 r  b   swpd   free   buff  cache   si   so    bi    bo   in   cs us sy id wa st gu
127 112  70368 121315000 2383228 51023464    0    0 1643088 1008168 327281 1114605 63 22  7  8  0  0
64 151  70368 121318136 2383228 51023492    0    0 1596896 970300 324868 1114190 64 21  5  9  0  0
72 36  70368 121324364 2383228 51023516    0    0 1581760 996580 319130 1111050 62 21  6 10  0  0
108 56  70368 121333772 2383228 51023536    0    0 1642464 1022392 326588 1148875 63 21  7  9  0  0
51 132  70368 121316652 2383228 51023552    0    0 1622144 1003220 324792 1145118 62 21  7  9  0  0
120 31  70368 121305572 2383232 51023576    0    0 1589888 1003920 322629 1147238 60 22  9 10  0  0
85 23  70368 121311232 2383232 51023608    0    0 1647360 1012292 324683 1152219 62 22  7  9  0  0
59 71  70368 121319336 2383232 51023640    0    0 1614800 998652 320292 1139501 61 21  8 10  0  0
84 124  70368 121322820 2383232 51023664    0    0 1614928 965204 320378 1107438 63 21  5 11  0  0
70 96  70368 121333888 2383232 51023688    0    0 1572128 1000652 318157 1110070 62 21  6 11  0  0
46 61  70368 121332904 2383232 51023708    0    0 1604288 1012392 320965 1137692 62 22  8  9  0  0
61 121  70368 121321176 2383232 51023736    0    0 1588832 950276 316409 1112359 63 21  5 11  0  0
57 35  70368 121317988 2383232 51023764    0    0 1627360 1025732 323606 1110786 64 22  6  9  0  0
101 17  70368 121331040 2383232 51023788    0    0 1619552 1005504 323312 1128422 63 22  7  9  0  0
79 77  70368 121325360 2383232 51023808    0    0 1650928 1017324 327820 1161831 63 21  6 10  0  0
128 72  70368 121318120 2383232 51023828    0    0 1639104 1032876 322561 1141592 63 22  7  9  0  0
50 73  70368 121309612 2383232 51023868    0    0 1655760 1012208 327235 1126888 65 22  5  9  0  0
71 169  70368 121317020 2383232 51023892    0    0 1540128 975512 311663 1102455 58 20  8 13  0  0
77 28  70368 121304632 2383232 51023916    0    0 1587392 979176 316737 1098358 63 21  6  9  0  0
62 33  70368 121311716 2383232 51023940    0    0 1617184 1024708 320400 1118224 62 21  7  9  0  0
82 23  70368 121317272 2383232 51023956    0    0 1596832 995088 321031 1141972 62 22  7  9  0  0
procs -----------memory---------- ---swap-- -----io---- -system-- -------cpu-------
 r  b   swpd   free   buff  cache   si   so    bi    bo   in   cs us sy id wa st gu
89 59  70368 121317028 2383232 51023988    0    0 1562960 975792 319287 1121351 61 21  7 10  0  0
50 91  70368 121317932 2383232 51024088    0    0 1600704 1007336 323564 1123676 62 21  8  8  0  0
123 81  70368 121310148 2383232 51024104    0    0 1618384 993452 325952 1140815 62 22  8  9  0  0
91 119  70368 121325904 2383232 51024132    0    0 1605792 1013644 322457 1126167 62 21  7 10  0  0
106 134  70368 121333588 2383232 51024144    0    0 1607376 1004288 322907 1138235 61 21  8  9  0  0
33 30  70368 121335568 2383232 51024176    0    0 1608192 1015460 323256 1127560 62 22  6 10  0  0
84 14  70368 121319044 2383232 51024204    0    0 1555264 957444 316332 1101477 61 21  6 12  0  0
74 58  70368 121304564 2383232 51024224    0    0 1599856 1002056 325166 1115421 62 22  8  8  0  0
96 35  70368 121292864 2383232 51024252    0    0 1639376 1021432 324357 1114837 62 22  7  9  0  0
103 38  70368 121316732 2383236 51024284    0    0 1562592 971316 314289 1114676 59 21  8 12  0  0
135 65  70368 121312236 2383236 51024308    0    0 1568000 987884 314042 1113963 61 21  7 10  0  0
109 106  70368 121312940 2383236 51024336    0    0 1642128 1019768 323841 1135106 63 22  6  9  0  0
108 60  70368 121312236 2383236 51024364    0    0 1648848 1037936 326208 1126796 63 22  7  9  0  0
58 39  70368 121306984 2383236 51024388    0    0 1606432 992756 322957 1142768 61 22  8  9  0  0
74 61  70368 121317048 2383240 51024400    0    0 1640432 1032960 324490 1131908 62 21  7 10  0  0
62 147  70368 121320800 2383240 51024420    0    0 1579392 950316 316636 1097406 61 21  5 12  0  0
142 104  70368 121298196 2383240 51024444    0    0 1594256 1000056 327492 1129097 62 22  7  9  0  0
73 82  70368 121305172 2383240 51024472    0    0 1628432 1017080 329138 1128375 64 22  6  8  0  0
87 85  70368 121302632 2383240 51024492    0    0 1652592 1004504 328905 1128253 64 22  5  8  0  0
37 35  70368 121295404 2383240 51024520    0    0 1582976 974028 318651 1108217 62 21  6 10  0  0
30 46  70368 121290964 2383240 51024548    0    0 1623808 1025364 326539 1140791 62 22  7  8  0  0
procs -----------memory---------- ---swap-- -----io---- -system-- -------cpu-------
 r  b   swpd   free   buff  cache   si   so    bi    bo   in   cs us sy id wa st gu
96 14  70368 121294632 2383240 51024572    0    0 1591984 986160 323368 1135366 61 22  8  9  0  0
88 30  70368 121312736 2383240 51024600    0    0 1596080 1006072 325221 1127321 61 22  7 10  0  0
128 51  70368 121301764 2383240 51024628    0    0 1626512 1006680 324987 1122910 63 22  6  9  0  0
70 65  70368 121303272 2383240 51024652    0    0 1556384 983316 314444 1097215 60 20  8 12  0  0
83 23  70368 121302696 2383240 51024668    0    0 1562880 972852 312627 1098130 61 20  8 11  0  0
80 28  70368 121311088 2383240 51024692    0    0 1594192 988200 323083 1120562 63 21  7  8  0  0
165 50  70368 121303452 2383240 51024716    0    0 1638240 1029032 324160 1134932 62 22  6  9  0  0
65 91  70368 121294392 2383240 51024736    0    0 1554784 967412 312550 1093093 60 20  7 12  0  0
130 60  70368 121296380 2383240 51024760    0    0 1608848 1010108 319932 1129032 61 22  7 10  0  0
174 34  70368 121307280 2383240 51024788    0    0 1623216 1008788 324167 1138855 62 22  8  9  0  0
131 56  70368 121300896 2383240 51024816    0    0 1613104 1018620 324253 1119042 63 22  7  9  0  0
103 70  70368 121327596 2383240 51024840    0    0 1630416 1010772 325776 1131481 63 22  5  9  0  0
93 29  70368 121310808 2383244 51024868    0    0 1642832 1011456 326111 1137730 62 22  7  9  0  0
69 48  70368 121314404 2383244 51024888    0    0 1516144 956708 305888 1079656 58 20  7 15  0  0
40 39  70368 121318376 2383244 51024912    0    0 1650160 1011644 326207 1127741 65 21  6  8  0  0
62 32  70368 121318260 2383244 51024928    0    0 1598576 1000012 318309 1122974 62 21  8  9  0  0
139 33  70368 121328080 2383244 51024960    0    0 1632368 1004164 323058 1099598 63 22  6  9  0  0
28 23  70368 121314352 2383252 51024988    0    0 1516160 957144 307715 1099764 59 20  8 13  0  0
75 51  70368 121307024 2383252 51025012    0    0 1660528 1024292 329566 1132926 64 22  6  8  0  0
88 79  70368 121282360 2383252 51025040    0    0 1638560 1004512 321507 1150708 62 22  8  9  0  0
154 21  70368 121291732 2383252 51025072    0    0 1618016 1025472 325109 1120480 63 22  6  9  0  0
procs -----------memory---------- ---swap-- -----io---- -system-- -------cpu-------
 r  b   swpd   free   buff  cache   si   so    bi    bo   in   cs us sy id wa st gu
52 35  70368 121293560 2383252 51025100    0    0 1600208 1001888 319539 1120752 60 21  8 10  0  0
109 105  70368 121309036 2383252 51025124    0    0 1521968 966480 306278 1045652 60 20  9 12  0  0
89 56  70368 121300908 2383252 51025148    0    0 1602752 991980 319953 1107360 64 21  6  9  0  0
83 98  70368 121299796 2383252 51025168    0    0 1602816 1013896 322624 1144775 62 22  8  9  0  0
83 49  70368 121305664 2383252 51025192    0    0 1644640 1010696 327257 1146843 63 21  7  9  0  0
77 41  70368 121303748 2383252 51025212    0    0 1586192 978656 318879 1117179 61 21  7 11  0  0
138 105  70368 121307496 2383252 51025236    0    0 1566192 989380 310392 1094428 62 21  7 10  0  0
71  8  70368 121283076 2383252 51025272    0    0 1654912 1022504 322174 1117358 64 22  6  9  0  0
86 30  70368 121284344 2383252 51025284    0    0 1652192 1019740 323734 1142425 62 22  7  9  0  0
100 44  70368 121299232 2383252 51025304    0    0 1590016 989336 319767 1103603 61 22  7 10  0  0
59 65  70368 121308136 2383252 51025336    0    0 1587232 1002876 318302 1127037 60 22  7 11  0  0
90 32  70368 121287804 2383252 51025364    0    0 1576048 969096 312871 1073235 62 20  6 11  0  0
165 66  70368 121283248 2383252 51025392    0    0 1624624 1005456 324884 1119689 64 22  7  8  0  0
43 11  70368 121275428 2383252 51025412    0    0 1611936 1026552 325637 1139442 62 22  7  9  0  0
59 21  70368 121287372 2383252 51025436    0    0 1641296 1012712 328912 1147908 63 22  6  8  0  0
86 75  70368 121297924 2383252 51025464    0    0 1526608 968184 312450 1094991 60 20  8 13  0  0
68 43  70368 121294040 2383256 51025488    0    0 1623824 1006336 322838 1140346 62 22  7  9  0  0
23 29  70368 121283104 2383256 51025516    0    0 1598176 1005236 324726 1127994 62 22  8  9  0  0
60 55  70368 121290056 2383256 51025540    0    0 1623680 1014636 323209 1119796 62 21  7 10  0  0
88 43  70368 121289620 2383256 51025632    0    0 1613968 998116 323950 1122177 62 22  7  9  0  0
63 151  70368 121291888 2383256 51025656    0    0 1561744 929788 318455 1093308 62 21  5 11  0  0
procs -----------memory---------- ---swap-- -----io---- -system-- -------cpu-------
 r  b   swpd   free   buff  cache   si   so    bi    bo   in   cs us sy id wa st gu
68 22  70368 121282396 2383260 51025680    0    0 1632000 1056852 328513 1135789 64 22  6  8  0  0
139 53  70368 121273064 2383260 51025696    0    0 1603952 1015948 324914 1138158 62 22  7  9  0  0
129 76  70368 121260204 2383260 51025720    0    0 1658304 1027844 327128 1138484 64 22  6  8  0  0
155 69  70368 121287368 2383260 51025744    0    0 1588192 1006876 321677 1123370 62 22  7  9  0  0
65 69  70368 121307620 2383260 51025776    0    0 1555552 966180 314385 1109357 59 20  8 13  0  0
151 30  70368 121307364 2383260 51025788    0    0 1660640 1016200 331389 1132216 64 21  7  8  0  0
69 39  70368 121296608 2383260 51025808    0    0 1581008 1000988 322168 1127752 61 22  8  9  0  0
68 22  70368 121298836 2383260 51025832    0    0 1575296 983064 320055 1116057 60 22  8 10  0  0
109 72  70368 121288212 2383260 51025872    0    0 1565536 997320 317095 1112902 61 21  6 12  0  0
83 57  70368 121275748 2383260 51025896    0    0 1607712 986148 320400 1108037 63 22  6 10  0  0
108 50  70368 121291544 2383260 51025920    0    0 1638640 1021012 327192 1143699 62 21  8  9  0  0
90 20  70368 121300400 2383260 51025944    0    0 1610960 1013276 325592 1131601 62 22  7  9  0  0
62 17  70368 121288632 2383260 51025972    0    0 1652288 1011820 326473 1145190 63 22  7  8  0  0
78 127  70368 121291012 2383260 51025992    0    0 1590144 998588 323969 1124842 62 21  6 11  0  0
76 48  70368 121301652 2383260 51026016    0    0 1621312 999628 322662 1140169 62 21  6 10  0  0
63 40  70368 121308676 2383264 51026036    0    0 1627280 1031824 324953 1149189 62 21  7 10  0  0
95 72  70368 121311716 2383264 51026060    0    0 1675792 1028512 327455 1120434 64 22  5 10  0  0
112 98  70368 121300092 2383264 51026088    0    0 1595136 990020 320520 1124839 61 22  8  9  0  0
76 31  70368 121290560 2383264 51026112    0    0 1558672 981100 314376 1084531 61 21  6 12  0  0
64 61  70368 121299900 2383264 51026132    0    0 1660512 1017396 327012 1145936 63 22  6  9  0  0
115 40  70368 121271676 2383264 51026160    0    0 1625152 1023148 329700 1135386 63 22  6  8  0  0
procs -----------memory---------- ---swap-- -----io---- -system-- -------cpu-------
 r  b   swpd   free   buff  cache   si   so    bi    bo   in   cs us sy id wa st gu
99 14  70368 121293432 2383264 51026188    0    0 1617520 1006632 323633 1125410 62 22  8  9  0  0
62 23  70368 121289184 2383264 51026204    0    0 1637648 1033912 324758 1132534 62 22  7  9  0  0
120 70  70368 121294052 2383264 51026236    0    0 1590176 931208 317225 1108315 64 21  5 10  0  0
57 58  70368 121283512 2383264 51026256    0    0 1606288 1046672 324575 1136646 62 22  7  9  0  0
66 33  70368 121279568 2383268 51026272    0    0 1611504 1015852 322043 1140853 61 21  8 10  0  0
61 118  70368 121283072 2383268 51026300    0    0 1546304 938980 312716 1092546 60 19  6 15  0  0
55 93  70368 121280484 2383268 51026320    0    0 1436928 923340 293707 1035266 56 18  8 17  0  0
100 76  70368 121284528 2383268 51026348    0    0 1536960 939760 305351 1019899 65 20  5 10  0  0
82 73  70368 121294972 2383268 51026368    0    0 1507056 954044 303853 1081615 59 20  8 13  0  0
63 55  70368 121304188 2383272 51026396    0    0 1531008 952444 306162 1064004 61 20  7 12  0  0
56 55  70368 121293192 2383272 51026420    0    0 1511312 934988 307510 1069340 60 20  6 13  0  0
40 37  70368 121283556 2383272 51026448    0    0 1536496 959668 311909 1073715 60 20  7 13  0  0
73 69  70368 121279780 2383272 51026472    0    0 1540304 959620 312179 1119323 59 20  6 14  0  0
68 22  70368 121258368 2383272 51026500    0    0 1550240 973252 313476 1076254 64 20  5 11  0  0
17 12  70368 121296164 2383272 51026524    0    0 1507824 948048 310675 1059761 60 20  6 13  0  0
118 121  70368 121299480 2383272 51026552    0    0 1542560 910624 306419 1064005 61 19  5 15  0  0
59 134  70368 121307584 2383272 51026560    0    0 1472720 922228 297403 1029476 59 19  4 18  0  0
130 67  70368 121311660 2383272 51026584    0    0 1556336 963836 316545 1098545 62 21  5 12  0  0
48 15  70368 121301288 2383272 51026612    0    0 1648928 1034452 327116 1153703 63 22  6  9  0  0
71 66  70368 121304060 2383272 51026632    0    0 1598000 991176 321193 1134886 60 21  9 10  0  0
66  9  70368 121295568 2383272 51026668    0    0 1655552 1029996 330224 1156456 64 22  6  8  0  0
procs -----------memory---------- ---swap-- -----io---- -system-- -------cpu-------
 r  b   swpd   free   buff  cache   si   so    bi    bo   in   cs us sy id wa st gu
61 40  70368 121286780 2383272 51026692    0    0 1641200 1033164 327140 1128656 63 22  7  8  0  0
95 42  70368 121289464 2383272 51026712    0    0 1631504 1009260 325670 1142279 63 22  7  8  0  0
79 59  70368 121287640 2383272 51026736    0    0 1613792 1024580 320938 1160643 61 21  7 10  0  0
57 31  70368 121271024 2383272 51026764    0    0 1652272 1010572 327135 1113082 65 22  5  8  0  0
107 121  70368 121261024 2383272 51026796    0    0 1577104 960400 316963 1101857 63 21  5 11  0  0
84 43  70368 121252268 2383272 51026816    0    0 1595888 1011520 320068 1139887 62 20  7 11  0  0
118 70  70368 121268248 2383272 51026836    0    0 1632896 1011896 323327 1151610 62 21  7  9  0  0
147 87  70368 121284296 2383272 51026856    0    0 1613520 1019000 324891 1144389 62 22  7  9  0  0
42 26  70368 121288036 2383272 51026888    0    0 1610416 998704 323815 1137126 62 22  8  9  0  0
94 42  70368 121278136 2383272 51026912    0    0 1625248 1025620 322420 1124499 62 22  7  9  0  0
66 16  70368 121266028 2383272 51026936    0    0 1626528 1007564 322671 1138743 62 22  8  9  0  0
97 39  70368 121290956 2383272 51026960    0    0 1631152 1030708 329073 1136277 63 22  7  8  0  0
45 22  70368 121284276 2383272 51026976    0    0 1600368 1003448 324607 1114941 62 22  7  9  0  0
54 92  70368 121258224 2383272 51027004    0    0 1583280 953872 322257 1105707 63 21  4 11  0  0
108 21  70368 121268672 2383272 51027036    0    0 1556368 1003988 314915 1114477 60 21  8 11  0  0
135 46  70368 121267160 2383272 51027056    0    0 1661792 1020760 329372 1140052 64 22  6  8  0  0
82 10  70368 121289080 2383272 51027144    0    0 1635584 1034624 326555 1157023 62 20  7 10  0  0
122 44  70368 121271824 2383272 51027172    0    0 1666576 1034912 331005 1126765 65 22  5  8  0  0
60 34  70368 121280888 2383272 51027188    0    0 1607968 1026732 325480 1149303 60 22  8 10  0  0
96 17  70368 121290864 2383272 51027220    0    0 1615248 1010852 324007 1140204 61 22  8  9  0  0
55 23  70368 121283352 2383272 51027244    0    0 1617888 1006896 322067 1131554 62 22  8  9  0  0
procs -----------memory---------- ---swap-- -----io---- -system-- -------cpu-------
 r  b   swpd   free   buff  cache   si   so    bi    bo   in   cs us sy id wa st gu
83 69  70368 121274552 2383272 51027272    0    0 1593312 1008276 321926 1127447 62 22  7 10  0  0
132 51  70368 121267124 2383272 51027296    0    0 1582784 990684 317372 1128037 61 21  7 11  0  0
102 41  70368 121261360 2383272 51027320    0    0 1533424 971212 311392 1096081 60 21  7 12  0  0
53 26  70368 121265396 2383272 51027340    0    0 1615440 1003392 323901 1141916 62 22  7  9  0  0
35 37  70368 121267536 2383272 51027368    0    0 1618720 1029748 321908 1129384 61 22  8 10  0  0
90 30  70368 121279052 2383272 51027396    0    0 1646112 1022376 327771 1145243 63 21  7  9  0  0
75 52  70368 121288404 2383272 51027416    0    0 1627616 1009332 326759 1138343 63 21  8  9  0  0
73 12  70368 121291164 2383280 51027428    0    0 1601504 1016628 323279 1140522 61 22  8  9  0  0
34 51  70368 121298144 2383280 51027472    0    0 1634784 1013688 324286 1126621 63 21  7  9  0  0
71 32  70368 121282700 2383280 51027492    0    0 1640768 1027200 325728 1129335 63 22  6  9  0  0
121 72  70368 121272676 2383280 51027516    0    0 1630768 1012144 326439 1139782 63 22  6  8  0  0
70 31  70368 121269100 2383280 51027540    0    0 1529616 950176 309081 1088352 60 21  7 13  0  0
77 84  70368 121274128 2383284 51027564    0    0 1624784 1015536 333022 1155034 63 22  6  8  0  0
118 27  70368 121280296 2383284 51027588    0    0 1635376 1006856 323929 1136726 62 22  7  9  0  0
96 55  70368 121275744 2383284 51027616    0    0 1613312 1018028 325172 1130595 62 21  8  9  0  0
56 12  70368 121251540 2383284 51027640    0    0 1622992 1013512 328390 1130823 63 22  7  8  0  0
85 59  70368 121263732 2383284 51027668    0    0 1656096 1040016 327326 1136312 63 21  6  9  0  0
97 25  70368 121279492 2383284 51027680    0    0 1638928 1018008 325487 1149419 62 21  8  9  0  0
55 19  70368 121297728 2383284 51027704    0    0 1630832 1029964 324945 1130242 61 22  7  9  0  0
77 53  70368 121294424 2383284 51027736    0    0 1620432 1003100 322838 1119245 62 22  7  9  0  0
68 31  70368 121275500 2383284 51027752    0    0 1542960 949116 317956 1113971 62 20  5 13  0  0
procs -----------memory---------- ---swap-- -----io---- -system-- -------cpu-------
 r  b   swpd   free   buff  cache   si   so    bi    bo   in   cs us sy id wa st gu
65 30  70368 121283024 2383284 51027776    0    0 1555808 992024 320919 1122502 61 21  8 10  0  0
117 22  70368 121256128 2383284 51027800    0    0 1636976 1014684 326323 1150299 62 22  7  9  0  0
101 28  70368 121271036 2383284 51027832    0    0 1620240 1022984 322752 1139953 61 22  8  9  0  0
74 86  70368 121277252 2383284 51027860    0    0 1640272 1021308 327698 1159355 63 22  7  9  0  0
100 21  70368 121270520 2383284 51027884    0    0 1657696 1039792 323969 1139639 62 22  7  9  0  0
87 85  70368 121285404 2383284 51027908    0    0 1619552 1007328 324455 1136377 62 22  7  8  0  0
63 74  70368 121284940 2383284 51027936    0    0 1659520 1021680 329696 1140845 64 22  6  8  0  0
43 58  70368 121272280 2383284 51027952    0    0 1623024 1025096 325549 1132936 62 21  7 10  0  0
84 79  70368 121283188 2383284 51027976    0    0 1542672 949196 319726 1085216 62 21  5 13  0  0
80 36  70368 121272080 2383284 51028000    0    0 1610608 1023172 325932 1136225 62 22  7  9  0  0
34 21  70368 121298224 2383284 51028028    0    0 1618368 1004084 320706 1118887 62 22  8  9  0  0
68 19  70368 121282652 2383284 51028048    0    0 1626592 1023240 324820 1131106 62 22  7  9  0  0
88 45  70368 121264416 2383284 51028068    0    0 1645136 1021524 327781 1141739 63 22  6  8  0  0
65 46  70368 121268044 2383284 51028100    0    0 1627072 1011700 324159 1133158 62 22  7  9  0  0
53 19  70368 121273728 2383284 51028124    0    0 1630928 1026112 324114 1121767 61 21  8  9  0  0
24 38  70368 121288728 2383284 51028140    0    0 1626208 1016468 324969 1135959 62 22  7  9  0  0
69 71  70368 121277764 2383288 51028160    0    0 1610656 1012104 319614 1116237 61 21  8 10  0  0
15 115  70368 121280516 2383288 51028196    0    0 1529728 954048 311237 1096448 60 19  6 15  0  0
69 22  70368 121284792 2383288 51028216    0    0 1649808 1038624 327478 1132871 64 22  5  9  0  0
85 35  70368 121283528 2383288 51028240    0    0 1588512 995900 315774 1126829 60 21  8 10  0  0
191 67  70368 121268344 2383288 51028272    0    0 1625472 1007796 322690 1137871 62 22  7  9  0  0
procs -----------memory---------- ---swap-- -----io---- -system-- -------cpu-------
 r  b   swpd   free   buff  cache   si   so    bi    bo   in   cs us sy id wa st gu
161 32  70368 121280248 2383292 51028296    0    0 1625184 1014608 322767 1140805 61 22  8  9  0  0
197 11  70368 121264892 2383292 51028324    0    0 1652640 1027084 328568 1145078 64 22  6  8  0  0
133 33  70368 121272144 2383292 51028356    0    0 1627568 1025116 321947 1142199 61 22  7 10  0  0
207 45  70368 121273476 2383292 51028372    0    0 1628144 1017604 323214 1137642 62 22  7  9  0  0
133 50  70368 121260104 2383292 51028388    0    0 1591024 1009040 322188 1158151 62 22  7 10  0  0
90 139  70368 121275144 2383292 51028412    0    0 1554384 967976 317891 1110923 60 21  7 12  0  0
100 55  70368 121266848 2383292 51028436    0    0 1594032 995928 322601 1118196 62 21  7 10  0  0
49 23  70368 121275988 2383292 51028464    0    0 1610144 1023612 325207 1132352 61 20  8 10  0  0
55 25  70368 121301068 2383292 51028480    0    0 1620736 1015944 322223 1147872 62 21  7 10  0  0
167 40  70368 121293844 2383292 51028508    0    0 1630288 1031216 324540 1145407 61 22  7 10  0  0
120 29  70368 121265320 2383292 51028532    0    0 1610304 1001532 324349 1122340 62 22  7  9  0  0
103 108  70368 121273240 2383292 51028560    0    0 1617008 1002972 325116 1141207 62 22  7  9  0  0
47 45  70368 121250620 2383292 51028584    0    0 1607152 1021212 321538 1110279 61 22  8  9  0  0
31 59  70368 121268488 2383292 51028672    0    0 1599520 1002888 322039 1134687 62 21  7 10  0  0
67 121  70368 121275284 2383292 51028696    0    0 1581024 974452 320275 1095958 62 21  5 12  0  0
70 93  70368 121275980 2383292 51028720    0    0 1592912 1003244 323838 1146938 62 22  6 10  0  0
80 50  70368 121260444 2383292 51028732    0    0 1649808 1036352 325498 1132881 63 22  6  8  0  0
74  8  70368 121274832 2383292 51028768    0    0 1622976 1004956 324914 1144208 62 22  7 10  0  0
104 95  70368 121286828 2383292 51028792    0    0 1671744 1039540 330668 1168227 64 21  7  9  0  0
76 49  70368 121297416 2383292 51028816    0    0 1636416 1030984 327702 1141432 63 22  7  8  0  0
127 54  70368 121290540 2383292 51028840    0    0 1643248 1017408 325166 1132731 63 22  7  9  0  0
procs -----------memory---------- ---swap-- -----io---- -system-- -------cpu-------
 r  b   swpd   free   buff  cache   si   so    bi    bo   in   cs us sy id wa st gu
82 44  70368 121266428 2383292 51028860    0    0 1628736 1030208 326597 1146444 63 22  6  9  0  0
74 74  70368 121263844 2383292 51028888    0    0 1623104 1013156 327039 1141018 63 22  7  9  0  0
62 29  70368 121272040 2383292 51028908    0    0 1553344 984704 315497 1111672 60 21  7 13  0  0
99 122  70368 121269060 2383292 51028940    0    0 1592016 987580 323682 1113470 63 21  5 10  0  0
169 45  70368 121258320 2383292 51028968    0    0 1627328 1009508 329850 1135845 64 22  6  8  0  0
68 71  70368 121274536 2383292 51028988    0    0 1624672 1031308 322623 1137709 62 21  7 10  0  0
69 32  70368 121265000 2383292 51029016    0    0 1661120 1018532 325192 1139850 63 22  6  9  0  0
127 34  70368 121270368 2383292 51029040    0    0 1647552 1039712 328279 1136230 63 22  6  9  0  0
52 15  70368 121272716 2383292 51029068    0    0 1654768 1028504 332279 1164471 64 21  6  9  0  0
92 106  70368 121287576 2383296 51029080    0    0 1621712 1033252 323152 1122887 61 22  7 10  0  0
38 99  70368 121271520 2383296 51029108    0    0 1611344 1003420 322272 1128675 62 22  7 10  0  0
55 60  70368 121264948 2383296 51029140    0    0 1593504 1000204 317606 1106679 61 21  8 10  0  0
87 14  70368 121286304 2383296 51029168    0    0 1560064 970596 314788 1111519 60 21  7 12  0  0
146 38  70368 121290808 2383296 51029192    0    0 1622096 1010892 323283 1150819 62 22  7  9  0  0
75 53  70368 121268672 2383300 51029208    0    0 1615040 1017296 323481 1117483 62 22  7  9  0  0
78 43  70368 121273816 2383300 51029252    0    0 1630640 1018552 324148 1129155 63 22  6  9  0  0
146 48  70368 121263308 2383300 51029272    0    0 1603648 1024248 324784 1153175 61 22  8 10  0  0
73 21  70368 121276064 2383300 51029300    0    0 1651120 1018136 328154 1138292 63 22  6  8  0  0
34 37  70368 121277428 2383300 51029324    0    0 1623008 1016192 328413 1147208 63 22  7  8  0  0
107 70  70368 121286916 2383304 51029332    0    0 1631856 1029924 326387 1125566 62 21  8 10  0  0
66 63  70368 121265396 2383304 51029352    0    0 1602864 988616 319640 1123461 62 22  6 10  0  0
procs -----------memory---------- ---swap-- -----io---- -system-- -------cpu-------
 r  b   swpd   free   buff  cache   si   so    bi    bo   in   cs us sy id wa st gu
87 63  70368 121269156 2383304 51029376    0    0 1540192 966408 309675 1066451 60 20  6 14  0  0
105 23  70368 121273448 2383304 51029408    0    0 1630112 1010912 328014 1130468 63 22  7  8  0  0
95 30  70368 121262468 2383304 51029436    0    0 1633856 1029604 327405 1161208 62 22  7  9  0  0
44 32  70368 121255420 2383308 51029452    0    0 1596560 1007668 319773 1139060 60 21  8 10  0  0
74  8  70368 121260084 2383308 51029488    0    0 1614560 1010108 324532 1148915 62 22  7  9  0  0
72 33  70368 121264276 2383308 51029516    0    0 1624064 1024992 326537 1146850 62 22  7  9  0  0
80 31  70368 121270892 2383308 51029548    0    0 1627424 1011584 325625 1118041 63 22  8  7  0  0
84 50  70368 121242684 2383308 51029568    0    0 1642800 1034892 323230 1127767 62 22  7  9  0  0
114 19  70368 121268008 2383308 51029596    0    0 1647568 1022068 324759 1125352 63 22  6 10  0  0
69 151  70368 121281240 2383308 51029612    0    0 1528352 933488 311209 1087820 60 19  5 16  0  0
93 64  70368 121279260 2383308 51029636    0    0 1606192 1021460 324502 1126623 62 21  6 10  0  0
73 64  70368 121291184 2383308 51029656    0    0 1665776 1032040 329264 1132156 64 22  6  8  0  0
90 45  70368 121274200 2383308 51029688    0    0 1604464 1019144 321541 1144106 61 22  8  9  0  0
58 30  70368 121268288 2383308 51029712    0    0 1581552 991080 319680 1125230 60 22  9  9  0  0
64 42  70368 121266892 2383308 51029732    0    0 1620240 1032940 326497 1124652 64 22  6  8  0  0
50 23  70368 121276552 2383308 51029764    0    0 1652480 1026744 327280 1137938 64 22  6  8  0  0
86 13  70368 121264592 2383308 51029788    0    0 1649200 1034176 324183 1136615 63 22  6  9  0  0
104 27  70368 121271060 2383308 51029820    0    0 1600416 999700 317277 1108401 61 21  8 10  0  0
28 82  70368 121281100 2383308 51029836    0    0 1547248 964108 317176 1092123 61 20  6 13  0  0
80 61  70368 121265240 2383312 51029860    0    0 1540848 978988 309206 1074890 62 20  6 12  0  0
68 19  70368 121286080 2383312 51029884    0    0 1620464 1008204 324731 1129696 63 21  7  9  0  0
procs -----------memory---------- ---swap-- -----io---- -system-- -------cpu-------
 r  b   swpd   free   buff  cache   si   so    bi    bo   in   cs us sy id wa st gu
86 45  70368 121283704 2383312 51029904    0    0 1610288 1026636 326918 1140834 62 22  7  9  0  0
137 36  70368 121268416 2383312 51029940    0    0 1610224 1006116 320739 1119848 60 21  8 11  0  0
48 82  70368 121264068 2383312 51029956    0    0 1619296 1030832 324864 1129474 62 22  8  9  0  0
204 50  70368 121273940 2383312 51029988    0    0 1635088 1019068 326487 1127030 63 22  7  8  0  0
46 47  70368 121267980 2383312 51030012    0    0 1641488 1031276 326941 1164312 63 22  7  9  0  0
132 29  70368 121269328 2383312 51030028    0    0 1628400 1022400 324472 1130058 62 22  7  9  0  0
57 90  70368 121253528 2383312 51030056    0    0 1615168 992756 324972 1123991 64 22  4 10  0  0
157 65  70368 121264656 2383312 51030080    0    0 1522688 953208 306604 1085030 59 20  7 14  0  0
78 10  70368 121264392 2383312 51030104    0    0 1627440 1016368 327371 1151171 63 22  7  8  0  0
60 24  70368 121270648 2383312 51030132    0    0 1644496 1041864 325196 1150570 62 21  7  9  0  0
75 43  70368 121275928 2383312 51030236    0    0 1609648 1007044 321720 1153071 61 20  8 10  0  0
130 101  70368 121269492 2383312 51030260    0    0 1616656 1013908 321806 1131980 62 21  8  9  0  0
84 41  70368 121259424 2383312 51030280    0    0 1624720 1036356 324334 1135558 61 22  7 10  0  0
81 31  70368 121250900 2383312 51030308    0    0 1619904 1017260 328345 1152950 62 22  7  9  0  0
99 36  70368 121240828 2383312 51030332    0    0 1603600 1023376 322523 1132914 62 21  7  9  0  0
24 32  70368 121260616 2383312 51030360    0    0 1557216 975740 313947 1107113 59 21  8 12  0  0
74 58  70368 121260588 2383312 51030380    0    0 1528976 956948 314177 1086213 62 21  6 11  0  0
81 77  70368 121275052 2383312 51030412    0    0 1535856 982012 312192 1075675 60 20  8 12  0  0
122 83  70368 121269628 2383312 51030432    0    0 1626480 1014536 328211 1142871 62 22  7  9  0  0
67 60  70368 121262772 2383312 51030460    0    0 1612048 1027904 323380 1135018 61 22  7 10  0  0
112 38  70368 121281524 2383312 51030484    0    0 1623312 1011280 327309 1138997 62 21  7 11  0  0
procs -----------memory---------- ---swap-- -----io---- -system-- -------cpu-------
 r  b   swpd   free   buff  cache   si   so    bi    bo   in   cs us sy id wa st gu
117 37  70368 121286760 2383312 51030504    0    0 1615280 1014876 325379 1129883 63 21  7  9  0  0
178 61  70368 121280956 2383312 51030524    0    0 1642192 1018704 326271 1146362 63 22  7  8  0  0
87 58  70368 121252856 2383312 51030552    0    0 1619648 1009748 327249 1139935 63 22  7  8  0  0
65 87  70368 121247636 2383312 51030576    0    0 1587568 1000772 321780 1110729 61 22  7 10  0  0
54 71  70368 121242860 2383312 51030596    0    0 1530496 953756 312937 1104113 60 20  6 14  0  0
76 105  70368 121244796 2383312 51030616    0    0 1566768 994580 315372 1114834 60 21  8 11  0  0
94 18  70368 121258824 2383312 51030640    0    0 1570480 983864 312727 1094171 62 21  8 10  0  0
63 20  70368 121260864 2383312 51030668    0    0 1593888 1013292 322345 1125727 62 21  8 10  0  0
132 49  70368 121249148 2383312 51030696    0    0 1645424 1024232 326532 1140168 63 22  6  9  0  0
87 49  70368 121232464 2383312 51030712    0    0 1602960 1004228 324544 1146906 62 22  7 10  0  0
37 43  70368 121243264 2383312 51030744    0    0 1628016 1026020 325604 1144529 63 21  7 10  0  0
149 60  70368 121240908 2383312 51030768    0    0 1633248 1016800 324578 1141508 62 21  8  9  0  0
108 33  70368 121279684 2383316 51030792    0    0 1608704 1012004 323518 1089584 62 21  7 10  0  0
88 81  70368 121267808 2383316 51030812    0    0 1574896 961808 319302 1105148 63 21  5 11  0  0
107 93  70368 121251576 2383316 51030836    0    0 1532320 988592 309521 1095439 58 20  8 13  0  0
53 25  70368 121227376 2383316 51030872    0    0 1584096 980808 315917 1094017 63 21  6 10  0  0
175 75  70368 121253504 2383316 51030896    0    0 1581664 992880 318040 1120461 61 21  9  9  0  0
131 54  70368 121250200 2383320 51030912    0    0 1591600 1008644 320801 1119243 61 22  8  9  0  0
51 18  70368 121239804 2383320 51030936    0    0 1590352 997740 323482 1125580 62 21  7  9  0  0
102 42  70368 121240992 2383320 51030960    0    0 1634400 1032720 324171 1125007 62 22  7  9  0  0
51 17  70368 121232164 2383320 51030988    0    0 1596944 996104 321297 1139185 62 22  8  9  0  0
procs -----------memory---------- ---swap-- -----io---- -system-- -------cpu-------
 r  b   swpd   free   buff  cache   si   so    bi    bo   in   cs us sy id wa st gu
105 32  70368 121255216 2383324 51031012    0    0 1642304 1026592 327906 1143733 62 22  7  9  0  0
84 38  70368 121256424 2383324 51031032    0    0 1577824 995224 315231 1108016 60 20  8 11  0  0
64  9  70368 121250848 2383324 51031052    0    0 1560544 971056 314871 1102433 61 20  7 12  0  0
74 66  70368 121240484 2383324 51031076    0    0 1574640 994312 319604 1120167 61 21  6 13  0  0
139 40  70368 121261512 2383324 51031104    0    0 1611280 1007088 326997 1132930 63 22  6  9  0  0
173  1  70368 121271820 2383324 51031132    0    0 1577488 1008724 319136 1128020 60 21  9 10  0  0
62 69  70368 121268012 2383324 51031156    0    0 1596928 1002180 319796 1114819 60 22  9  9  0  0
132 68  70368 121246724 2383324 51031180    0    0 1651872 1024336 329268 1146138 63 22  6  9  0  0
112 50  70368 121238156 2383324 51031200    0    0 1606720 1022144 321754 1134183 62 22  7  9  0  0
90 29  70368 121224416 2383324 51031228    0    0 1616528 1007720 323745 1145637 62 22  7  9  0  0
107 40  70368 121250308 2383324 51031256    0    0 1615568 1009780 321687 1116333 62 22  7  9  0  0
74 155  70368 121242836 2383328 51031280    0    0 1547392 963344 311391 1099659 60 19  6 15  0  0
140 130  70368 121245308 2383328 51031296    0    0 1592048 1016100 320175 1149465 61 21  8 10  0  0
79 10  70368 121249224 2383328 51031320    0    0 1559472 962896 315716 1093624 61 21  5 13  0  0
117 102  70368 121253396 2383328 51031348    0    0 1648368 1026560 328168 1132793 63 22  6  9  0  0
72 38  70368 121236068 2383332 51031380    0    0 1631632 1041580 325135 1123911 63 22  7  9  0  0
216 39  70368 121231228 2383332 51031400    0    0 1620224 1010912 325447 1127329 61 22  7 10  0  0
73 29  70368 121229564 2383332 51031432    0    0 1598384 1012744 322660 1122058 62 22  8  9  0  0
92 58  70368 121231912 2383332 51031452    0    0 1647936 1021812 327672 1129046 63 22  6  9  0  0
51 89  70368 121260592 2383332 51031476    0    0 1626160 1014020 326592 1132931 63 22  6  9  0  0
71 124  70368 121253300 2383336 51031496    0    0 1519168 976368 305402 1091555 57 20 10 13  0  0
procs -----------memory---------- ---swap-- -----io---- -system-- -------cpu-------
 r  b   swpd   free   buff  cache   si   so    bi    bo   in   cs us sy id wa st gu
119 34  70368 121240056 2383336 51031524    0    0 1585440 982068 315043 1082897 62 21  7  9  0  0
72 62  70368 121249884 2383336 51031552    0    0 1547792 982128 313627 1114514 60 19  7 14  0  0
26 43  70368 121245800 2383336 51031576    0    0 1562144 991676 315970 1106091 62 21  8  9  0  0
65 36  70368 121265948 2383336 51031600    0    0 1620800 1027316 325337 1128246 63 22  7  9  0  0
94 40  70368 121265180 2383336 51031616    0    0 1588512 1003384 324239 1134797 62 21  8  9  0  0
113 70  70368 121256952 2383336 51031648    0    0 1611312 1011152 321665 1122522 62 21  7 10  0  0
73 18  70368 121243300 2383336 51031676    0    0 1649152 1034220 326333 1131396 63 22  6  9  0  0
67 28  70368 121239396 2383336 51031768    0    0 1641536 1023876 327177 1131106 63 22  7  9  0  0
86 40  70368 121251340 2383336 51031784    0    0 1538016 984244 315656 1094071 60 20  7 13  0  0
81 63  70368 121271672 2383336 51031808    0    0 1642352 1028856 328084 1125784 63 22  6  9  0  0
33 97  70368 121267396 2383336 51031836    0    0 1608336 1008520 321780 1116808 62 21  8  9  0  0
82 22  70368 121245192 2383336 51031864    0    0 1585216 978876 320201 1101880 63 21  6 10  0  0
89 11  70368 121262744 2383336 51031884    0    0 1594592 989956 323630 1130906 61 21  9  9  0  0
134 70  70368 121269096 2383336 51031900    0    0 1625872 1035216 323146 1151061 61 21  8 10  0  0
61 29  70368 121271744 2383336 51031920    0    0 1596944 1005280 319332 1127516 60 21  8 11  0  0
57 22  70368 121251760 2383336 51031952    0    0 1616640 1020420 322439 1133205 61 22  8  9  0  0
59 52  70368 121253832 2383336 51031984    0    0 1619824 1012868 323652 1142895 62 22  7  9  0  0
40 65  70368 121260032 2383336 51031996    0    0 1550400 970084 311952 1123756 59 21  8 12  0  0
87 35  70368 121246188 2383336 51032020    0    0 1538384 971948 308093 1057808 63 20  6 12  0  0
123 29  70368 121236464 2383336 51032040    0    0 1608176 998152 321266 1126905 61 21  8  9  0  0
96 91  70368 121248952 2383336 51032072    0    0 1556224 995204 315487 1126032 60 21  8 12  0  0
procs -----------memory---------- ---swap-- -----io---- -system-- -------cpu-------
 r  b   swpd   free   buff  cache   si   so    bi    bo   in   cs us sy id wa st gu
60 26  70368 121258332 2383336 51032096    0    0 1599744 990564 315591 1096566 63 21  7  9  0  0
93 40  70368 121266728 2383336 51032116    0    0 1589104 1008892 322852 1113181 63 22  8  8  0  0
94 19  70368 121279320 2383336 51032136    0    0 1640288 1027516 328862 1151946 63 21  7  9  0  0
76 88  70368 121266356 2383344 51032152    0    0 1630176 1013516 326229 1144068 62 21  7 10  0  0
59 97  70368 121257584 2383344 51032176    0    0 1624752 1029368 326429 1136251 62 22  7  9  0  0
80 36  70368 121248728 2383344 51032208    0    0 1576240 982324 321195 1123599 61 21  9 10  0  0
85 48  70368 121264488 2383344 51032236    0    0 1488784 955156 302598 1042670 59 19  8 13  0  0
164 59  70368 121248672 2383344 51032260    0    0 1637024 1018136 323197 1116572 63 22  6  9  0  0
61 64  70368 121246264 2383344 51032292    0    0 1634240 1032436 327442 1147281 62 22  7  9  0  0
60 102  70368 121254420 2383348 51032324    0    0 1551248 966136 317006 1091555 62 21  5 13  0  0
74 38  70368 121245072 2383348 51032336    0    0 1633184 1011232 328296 1124932 63 22  7  8  0  0
103 30  70368 121253372 2383348 51032360    0    0 1621648 1035440 325658 1130373 63 22  7  9  0  0
20 152  70368 121243996 2383348 51032384    0    0 1532080 960960 320112 1106737 61 21  5 14  0  0
63 103  70368 121266112 2383348 51032416    0    0 1522928 956408 316931 1102331 61 19  5 15  0  0
134 53  70368 121267048 2383348 51032432    0    0 1531328 949344 311867 1082565 59 20  7 13  0  0
79 107  70368 121258696 2383348 51032452    0    0 1493664 913380 298519 1030645 61 20  6 14  0  0
83 103  70368 121252352 2383348 51032476    0    0 1499136 945072 301201 1067574 59 20  7 14  0  0
114 91  70368 121272760 2383348 51032504    0    0 1501184 936060 303487 1060913 61 20  7 12  0  0
140 26  70368 121266044 2383348 51032536    0    0 1542608 963948 310793 1058048 61 21  5 13  0  0
172 88  70368 121272544 2383352 51032564    0    0 1557104 958984 314793 1097403 61 20  5 13  0  0
66 122  70368 121259880 2383352 51032588    0    0 1555808 962984 317926 1098977 61 21  5 13  0  0
procs -----------memory---------- ---swap-- -----io---- -system-- -------cpu-------
 r  b   swpd   free   buff  cache   si   so    bi    bo   in   cs us sy id wa st gu
78 51  70368 121240608 2383352 51032612    0    0 1559456 969872 318404 1096159 62 21  4 12  0  0
124 121  70368 121235068 2383352 51032640    0    0 1543056 951556 318262 1091279 62 20  4 14  0  0
133 71  70368 121243196 2383352 51032668    0    0 1496432 948116 308949 1083210 58 20  7 15  0  0
111 100  70368 121256076 2383352 51032692    0    0 1542176 951108 308794 1062783 63 19  5 13  0  0
157 59  70368 121258220 2383352 51032720    0    0 1488000 905964 298761 1043611 59 19  6 15  0  0
117 64  70368 121266752 2383352 51032736    0    0 1498288 956300 303964 1059857 61 20  7 12  0  0
88 110  70368 121254892 2383352 51032760    0    0 1522880 958300 308986 1074083 61 20  6 13  0  0
39 57  70368 121257508 2383352 51032788    0    0 1549536 970900 312764 1088623 60 21  7 12  0  0
114 148  70368 121268012 2383352 51032816    0    0 1567424 969364 318875 1119728 62 21  6 11  0  0
100 23  70368 121254096 2383352 51032828    0    0 1521616 940148 314383 1096141 61 21  6 12  0  0
124 68  70368 121246144 2383352 51032852    0    0 1523744 962844 312609 1091216 61 20  6 14  0  0
90 20  70368 121251308 2383352 51032880    0    0 1537520 960840 311393 1093795 59 20  7 14  0  0
56 71  70368 121242372 2383352 51032908    0    0 1585760 999728 319230 1075157 62 21  6 12  0  0
76 88  70368 121243052 2383352 51032932    0    0 1534960 956836 308248 1096933 58 20  8 14  0  0
91 43  70368 121261352 2383352 51032956    0    0 1565280 961348 313133 1076656 65 20  5 11  0  0
95 35  70368 121258936 2383352 51032980    0    0 1580896 990240 314324 1091670 62 21  7 11  0  0
209 47  70368 121246304 2383352 51033008    0    0 1591856 997904 318609 1113629 61 21  7 11  0  0
74 34  70368 121251480 2383352 51033028    0    0 1585552 994912 321360 1126354 62 21  6 10  0  0
66 122  70368 121247716 2383356 51033052    0    0 1586912 992884 318202 1118108 61 21  8 10  0  0
37 26  70368 121243912 2383356 51033084    0    0 1588608 1002464 320472 1128009 61 21  7 10  0  0
57 48  70368 121248404 2383356 51033108    0    0 1589104 994280 319220 1122804 61 21  7 11  0  0
procs -----------memory---------- ---swap-- -----io---- -system-- -------cpu-------
 r  b   swpd   free   buff  cache   si   so    bi    bo   in   cs us sy id wa st gu
50 98  70368 121236404 2383356 51033128    0    0 1557472 980544 315972 1119189 59 21  8 12  0  0
100 75  70368 121223544 2383356 51033152    0    0 1551216 989624 314598 1080281 61 21  8 11  0  0
44 116  70368 121223776 2383356 51033184    0    0 1524064 947856 314252 1062693 62 20  5 14  0  0
75 139  70368 121236788 2383356 51033288    0    0 1583824 1000484 316110 1110476 60 21  7 12  0  0
54 35  70368 121252828 2383356 51033300    0    0 1627456 999544 330836 1129912 65 21  5  9  0  0
66 47  70368 121262964 2383356 51033320    0    0 1602064 1002608 318271 1125802 60 21  8 11  0  0
47 19  70368 121256540 2383356 51033340    0    0 1622624 1019472 325300 1112475 63 22  6  9  0  0
69 86  70368 121250352 2383356 51033360    0    0 1591760 982624 320508 1112576 62 21  7 10  0  0
80 74  70368 121245012 2383356 51033392    0    0 1584448 1010388 321278 1115171 61 21  7 11  0  0
78 75  70368 121240228 2383356 51033428    0    0 1555840 973028 312572 1099826 58 20  8 13  0  0
149 70  70368 121248272 2383356 51033436    0    0 1588128 1005184 318155 1070436 64 21  6  9  0  0
88 36  70368 121235820 2383356 51033472    0    0 1560944 961384 314073 1088319 61 21  6 12  0  0
73 45  70368 121260112 2383360 51033480    0    0 1551216 961472 314581 1124935 61 21  7 12  0  0
103 98  70368 121249376 2383360 51033524    0    0 1599408 1014692 319107 1124849 60 21  8 11  0  0
79 79  70368 121260256 2383360 51033544    0    0 1624672 1005516 324373 1132653 62 22  7  9  0  0
88 24  70368 121258708 2383360 51033560    0    0 1634448 1032668 324569 1135408 62 21  7 11  0  0
102 40  70368 121259064 2383360 51033584    0    0 1625296 1011344 322510 1116338 62 22  7  9  0  0
113 51  70368 121235860 2383360 51033616    0    0 1633696 1019068 322407 1116421 63 22  6  9  0  0
37 31  70368 121252208 2383360 51033636    0    0 1615824 1010928 321472 1121150 62 21  7 10  0  0
122 33  70368 121252420 2383360 51033664    0    0 1596176 999532 318230 1109628 61 21  7 11  0  0
86 112  70368 121244184 2383360 51033684    0    0 1579216 1003188 318440 1111581 61 21  6 11  0  0
procs -----------memory---------- ---swap-- -----io---- -system-- -------cpu-------
 r  b   swpd   free   buff  cache   si   so    bi    bo   in   cs us sy id wa st gu
59 14  70368 121233012 2383360 51033708    0    0 1571888 974964 320468 1106312 63 21  5 11  0  0
122 50  70368 121220400 2383360 51033740    0    0 1637456 1022728 327182 1124395 63 22  5 10  0  0
189 62  70368 121231060 2383360 51033764    0    0 1584976 999736 319313 1132423 61 21  8 10  0  0
50 111  70368 121235688 2383360 51033796    0    0 1592080 1002124 323824 1139732 61 22  7 10  0  0
82 11  70368 121235664 2383360 51033820    0    0 1613376 1016404 320647 1127121 62 21  7 10  0  0
51 25  70368 121246572 2383360 51033852    0    0 1627424 1020240 323154 1143213 62 20  7 11  0  0
116 32  70368 121251984 2383360 51033876    0    0 1604880 1022736 320854 1109772 62 21  7 10  0  0
60 65  70368 121235412 2383360 51033908    0    0 1605920 994112 324816 1126355 63 21  5 10  0  0
145 27  70368 121235472 2383360 51033924    0    0 1589232 1008112 321236 1110932 60 21  7 11  0  0
88 50  70368 121239560 2383360 51033940    0    0 1515920 946592 315830 1112888 60 20  6 14  0  0
119 87  70368 121236888 2383360 51033968    0    0 1586352 989660 319347 1131815 61 22  8 10  0  0
89 10  70368 121233372 2383360 51034004    0    0 1619712 1015084 323751 1117977 63 22  6 10  0  0
93 60  70368 121226920 2383360 51034020    0    0 1596016 1001556 319636 1103428 61 22  7 10  0  0
84 17  70368 121215840 2383360 51034060    0    0 1617200 1016740 324950 1102973 63 22  6  9  0  0
135 25  70368 121238268 2383360 51034068    0    0 1633504 1014796 319626 1109271 61 22  7 10  0  0
104 90  70368 121235180 2383364 51034104    0    0 1597184 1019148 318929 1126486 61 21  7 11  0  0
111 25  70368 121240308 2383364 51034120    0    0 1600752 995204 324997 1132308 63 20  6 11  0  0
60 18  70368 121268560 2383364 51034132    0    0 1602272 994172 321771 1114223 62 21  7  9  0  0
167 76  70368 121243936 2383364 51034172    0    0 1567824 983488 320925 1113342 62 21  5 12  0  0
81 70  70368 121254016 2383364 51034192    0    0 1567856 973960 317311 1112885 61 21  6 12  0  0
90 56  70368 121237008 2383364 51034208    0    0 1607072 1006428 322765 1130282 63 22  6  9  0  0
procs -----------memory---------- ---swap-- -----io---- -system-- -------cpu-------
 r  b   swpd   free   buff  cache   si   so    bi    bo   in   cs us sy id wa st gu
117  6  70368 121233636 2383364 51034244    0    0 1598688 1003408 320492 1127689 60 22  8 10  0  0
113 58  70368 121232728 2383364 51034256    0    0 1604352 1002732 320408 1111831 62 21  7  9  0  0
107 38  70368 121233644 2383364 51034288    0    0 1598352 1009204 316454 1113901 61 21  8 10  0  0
66 59  70368 121228500 2383364 51034312    0    0 1629616 1016048 322734 1128016 64 22  6  9  0  0
52 62  70368 121230924 2383364 51034336    0    0 1594336 1002036 319822 1122088 61 22  7 10  0  0
80 63  70368 121230188 2383364 51034360    0    0 1566432 989084 317871 1126350 61 21  8 10  0  0
161 112  70368 121239044 2383364 51034380    0    0 1596448 1009656 322121 1129309 61 21  6 13  0  0
94 47  70368 121240076 2383364 51034408    0    0 1568464 974332 312361 1086232 60 21  7 13  0  0
73 34  70368 121246856 2383364 51034440    0    0 1592400 1005252 320609 1128188 61 22  8 10  0  0
