procs -----------memory---------- ---swap-- -----io---- -system-- -------cpu-------
 r  b   swpd   free   buff  cache   si   so    bi    bo   in   cs us sy id wa st gu
 9  1  70368 89270396 2410652 69574284    0    1 14196 16954 4390    2  2  0 98  0  0  0
 4  2  70368 89262040 2410652 69574356    0    0     0 320740 96681 62707  1  1 98  0  0  0
122  0  70368 89218740 2410656 69574408    0    0     0 296488 99177 72797 93  2  5  0  0  0
202  0  70368 89198260 2410656 69574424    0    0     0 270596 169343 51491 97  2  1  0  0  0
142  0  70368 89186952 2410656 69574444    0    0     0 229604 93121 47896 98  1  0  0  0  0
103  0  70368 89166560 2410656 69574464    0    0     0 241364 93106 46710 98  1  0  0  0  0
117  0  70368 89156144 2410656 69574480    0    0     0 292080 151919 52281 97  2  2  0  0  0
127  1  70368 89135612 2410656 69574496    0    0     0 266300 99848 50263 98  2  1  0  0  0
97  0  70368 89110536 2410656 69574512    0    0     0 273412 99017 51912 98  2  1  0  0  0
168  0  70368 89092768 2410656 69574528    0    0     0 246196 107455 47019 98  1  0  0  0  0
136  0  70368 89056596 2410656 69574548    0    0     0 256196 105619 52053 98  2  0  0  0  0
75  0  70368 89024228 2410656 69574572    0    0     0 307812 105954 51842 98  2  1  0  0  0
230  0  70368 88374192 2410656 69574584    0    0     0 359848 737023 390213 52 33 14  0  0  0
221  0  70368 88216192 2410656 69574608    0    0     0 379612 187882 603404 83 17  0  0  0  0
166  0  70368 88109380 2410656 69574628    0    0     0 379120 198406 710442 79 20  0  0  0  0
158  0  70368 88078212 2410656 69574656    0    0     0 344560 178404 711026 80 20  0  0  0  0
147  0  70368 88074776 2410656 69574680    0    0     0 374468 172001 723675 80 19  0  0  0  0
191  0  70368 88054812 2410656 69574696    0    0     0 361168 201782 720353 79 20  0  0  0  0
179  0  70368 88038000 2410656 69574716    0    0     0 388436 189303 720817 79 20  0  0  0  0
192  0  70368 88038364 2410656 69574732    0    0     0 325020 170446 716546 80 20  0  0  0  0
130  0  70368 88023024 2410656 69574756    0    0     0 390652 166689 722756 80 20  0  0  0  0
procs -----------memory---------- ---swap-- -----io---- -system-- -------cpu-------
 r  b   swpd   free   buff  cache   si   so    bi    bo   in   cs us sy id wa st gu
192  1  70368 88010516 2410656 69574776    0    0     0 370088 168981 722638 79 20  0  0  0  0
181  0  70368 87995424 2410656 69574796    0    0     0 352048 164143 723593 80 20  0  0  0  0
171  1  70368 87986284 2410656 69574816    0    0     0 279212 163548 714801 80 20  0  0  0  0
171  0  70368 87991404 2410656 69574844    0    0     0 271656 156409 709394 80 20  0  0  0  0
211  5  70368 87981860 2410656 69574872    0    0     0 294808 165346 689777 80 20  0  0  0  0
167  0  70368 87985228 2410656 69574896    0    0     0 289424 155766 682110 80 20  0  0  0  0
167  0  70368 87989228 2410656 69574908    0    0     0 292776 160685 665475 80 20  0  0  0  0
156  0  70368 87997560 2410656 69574936    0    0     0 308008 156442 672617 80 20  0  0  0  0
150  1  70368 88009764 2410656 69574956    0    0     0 284352 158647 665774 80 20  0  0  0  0
178  0  70368 88010636 2410656 69574964    0    0     0 265184 154422 669452 80 20  0  0  0  0
158  1  70368 88008112 2410656 69574992    0    0     0 302632 154689 671106 80 20  0  0  0  0
166  1  70368 88005764 2410656 69575012    0    0     0 288180 155811 667951 80 20  0  0  0  0
166  0  70368 88004988 2410656 69575032    0    0     0 314488 155124 668625 80 20  0  0  0  0
155  0  70368 87999120 2410656 69575056    0    0     0 259540 150802 668977 80 20  0  0  0  0
195  0  70368 87997676 2410656 69575080    0    0     0 299780 157736 670533 80 20  0  0  0  0
170  0  70368 87997168 2410656 69575104    0    0     0 288044 154189 668033 80 20  0  0  0  0
214  0  70368 87992724 2410656 69575120    0    0     0 307432 157414 668404 80 20  0  0  0  0
160  0  70368 87988376 2410656 69575148    0    0     0 298872 161151 670160 80 20  0  0  0  0
173  0  70368 87994460 2410656 69575160    0    0     0 287824 154489 669942 80 20  0  0  0  0
178  0  70368 87996896 2410656 69575188    0    0     0 305260 156911 670325 80 20  0  0  0  0
179  1  70368 88005008 2410656 69575216    0    0     0 304360 160803 670866 80 20  0  0  0  0
procs -----------memory---------- ---swap-- -----io---- -system-- -------cpu-------
 r  b   swpd   free   buff  cache   si   so    bi    bo   in   cs us sy id wa st gu
169  0  70368 88016892 2410656 69575232    0    0     0 298508 158452 669517 80 19  0  0  0  0
145  0  70368 88006452 2410656 69575260    0    0     0 283252 155666 671148 80 20  0  0  0  0
160  0  70368 87999176 2410656 69575288    0    0     0 298432 156065 670826 80 20  0  0  0  0
179  0  70368 87995204 2410656 69575308    0    0     0 288552 157867 665201 80 20  0  0  0  0
142  0  70368 87993052 2410656 69575332    0    0     0 306032 155536 671249 80 20  0  0  0  0
114  2  70368 87988012 2410656 69575356    0    0     0 330856 158528 675766 80 20  0  0  0  0
153  0  70368 87993344 2410656 69575376    0    0     0 326192 158373 669955 80 20  0  0  0  0
146  0  70368 87984328 2410656 69575388    0    0     0 257696 151744 667553 80 20  0  0  0  0
166  0  70368 87983332 2410656 69575496    0    0     0 323588 157841 669118 80 20  0  0  0  0
147  0  70368 87984636 2410656 69575512    0    0     0 308404 158140 672335 79 20  0  0  0  0
185  1  70368 87972896 2410656 69575544    0    0     0 275972 154600 669947 80 20  0  0  0  0
155  0  70368 87972764 2410656 69575556    0    0     0 326972 153033 673763 80 20  0  0  0  0
186  0  70368 87979200 2410656 69575576    0    0     0 356084 158350 677812 80 20  0  0  0  0
163  0  70368 87975096 2410656 69575596    0    0     0 325072 162157 673224 80 20  0  0  0  0
134  1  70368 87976312 2410656 69575616    0    0     0 330476 155624 676711 80 20  0  0  0  0
189  0  70368 87964980 2410656 69575632    0    0     0 348480 167454 674827 79 20  0  0  0  0
177  1  70368 87955912 2410656 69575664    0    0     0 325272 162744 671390 80 20  0  0  0  0
121 13  70368 87940952 2410656 69575672    0    0     0 319136 158726 671167 80 20  0  0  0  0
166  1  70368 87944580 2410656 69575700    0    0     0 326284 158037 669572 80 20  0  0  0  0
144  0  70368 87938876 2410656 69575728    0    0     0 358964 158675 674135 80 20  0  0  0  0
188  3  70368 87935684 2410656 69575752    0    0     0 318352 155809 669771 80 20  0  0  0  0
procs -----------memory---------- ---swap-- -----io---- -system-- -------cpu-------
 r  b   swpd   free   buff  cache   si   so    bi    bo   in   cs us sy id wa st gu
187  1  70368 87940512 2410660 69575768    0    0     0 320068 156292 670815 80 20  0  0  0  0
197  0  70368 87943752 2410660 69575792    0    0     0 364576 159804 675502 80 20  0  0  0  0
188  0  70368 87945328 2410660 69575820    0    0     0 314876 158750 672855 80 20  0  0  0  0
183  1  70368 87947076 2410660 69575836    0    0     0 363360 158047 673667 80 20  0  0  0  0
155  0  70368 87943524 2410660 69575856    0    0     0 330996 163360 668601 80 20  0  0  0  0
183  0  70368 87944068 2410660 69575872    0    0     0 326680 159109 674575 80 20  0  0  0  0
172  1  70368 87941192 2410660 69575896    0    0     0 320868 153552 673994 80 20  0  0  0  0
147  1  70368 87952024 2410660 69575916    0    0     0 335820 154927 676503 80 20  0  0  0  0
155  9  70368 87945184 2410660 69575944    0    0     0 371196 155910 677289 80 20  0  0  0  0
172  0  70368 87946768 2410660 69575972    0    0     0 306708 155783 673101 80 20  0  0  0  0
176  0  70368 87957600 2410660 69576000    0    0     0 360652 158863 678195 80 20  0  0  0  0
158  0  70368 87948960 2410660 69576012    0    0     0 364680 156369 678297 80 20  0  0  0  0
175  0  70368 87944300 2410660 69576040    0    0     0 321760 156452 671198 80 20  0  0  0  0
181  0  70368 87944536 2410660 69576060    0    0     0 351036 158557 673771 80 20  0  0  0  0
147  0  70368 87940484 2410660 69576072    0    0     0 345920 157211 676730 80 20  0  0  0  0
202  0  70368 87937660 2410660 69576116    0    0     0 347836 159128 670786 80 20  0  0  0  0
148  0  70368 87947824 2410660 69576136    0    0     0 316676 152933 673621 80 20  0  0  0  0
176  0  70368 87951948 2410660 69576168    0    0     0 360680 157944 674708 80 20  0  0  0  0
185  0  70368 87948764 2410660 69576188    0    0     0 335320 158480 678024 80 20  0  0  0  0
178  1  70368 87949408 2410660 69576196    0    0     0 381384 158195 685520 80 19  0  0  0  0
152  1  70368 87941172 2410660 69576224    0    0     0 341156 154699 673117 80 20  0  0  0  0
procs -----------memory---------- ---swap-- -----io---- -system-- -------cpu-------
 r  b   swpd   free   buff  cache   si   so    bi    bo   in   cs us sy id wa st gu
179  1  70368 87934712 2410660 69576236    0    0     0 360548 157591 675098 80 20  0  0  0  0
184  0  70368 87938780 2410660 69576256    0    0     0 351320 157641 677660 80 20  0  0  0  0
153  0  70368 87932980 2410660 69576288    0    0     0 368816 157966 675581 80 20  0  0  0  0
187  1  70368 87926600 2410660 69576304    0    0     0 374116 155522 680791 80 20  0  0  0  0
122  2  70368 87934380 2410660 69576316    0    0     0 361464 158570 676228 80 20  0  0  0  0
150  0  70368 87932672 2410660 69576356    0    0     0 379796 160327 677132 80 20  0  0  0  0
197  0  70368 87928812 2410660 69576372    0    0     0 350036 156240 678681 80 20  0  0  0  0
123  0  70368 87920636 2410660 69576388    0    0     0 374324 160417 675446 80 20  0  0  0  0
176  0  70368 87924404 2410660 69576416    0    0     0 416620 162845 677376 79 20  0  0  0  0
157  0  70368 87923580 2410660 69576436    0    0     0 299444 155233 669208 80 20  0  0  0  0
151  0  70368 87922968 2410660 69576460    0    0     0 385720 158566 677759 80 20  0  0  0  0
165  0  70368 87928768 2410660 69576480    0    0     0 369708 158162 681649 80 19  0  0  0  0
165  0  70368 87919936 2410660 69576500    0    0     0 356752 159650 674279 80 20  0  0  0  0
158  1  70368 87910632 2410660 69576520    0    0     0 432600 163106 679597 79 21  0  0  0  0
189  0  70368 87896380 2410660 69576552    0    0     0 295272 153301 671503 80 20  0  0  0  0
170  0  70368 87903544 2410660 69576580    0    0     0 372652 158340 676027 80 20  0  0  0  0
158  1  70368 87906164 2410660 69576592    0    0     0 393248 157043 680347 80 20  0  0  0  0
166  0  70368 87909220 2410660 69576616    0    0     0 349344 156372 678202 80 20  0  0  0  0
180  1  70368 87908124 2410660 69576648    0    0     0 387364 160584 676773 79 20  0  0  0  0
130  0  70368 87893184 2410660 69576656    0    0     0 337232 207921 668684 80 20  0  0  0  0
153  0  70368 87824140 2410660 69576696    0    0     0 393496 213915 671695 79 21  0  0  0  0
procs -----------memory---------- ---swap-- -----io---- -system-- -------cpu-------
 r  b   swpd   free   buff  cache   si   so    bi    bo   in   cs us sy id wa st gu
168  0  70368 87873300 2410660 69576716    0    0     0 366632 155620 675545 80 20  0  0  0  0
171  0  70368 87857708 2410660 69576724    0    0     0 369852 158506 677888 79 20  0  0  0  0
187  1  70368 87848512 2410660 69576752    0    0     0 399348 161985 676934 79 20  0  0  0  0
178  0  70368 87844476 2410660 69576780    0    0     0 365808 159258 679638 80 20  0  0  0  0
157  1  70368 87860264 2410660 69576788    0    0     0 369800 158329 678350 80 20  0  0  0  0
170  1  70368 87876396 2410660 69576880    0    0     0 369888 162016 675923 80 20  0  0  0  0
145  1  70368 87871536 2410660 69576904    0    0     0 416492 161367 678397 79 20  0  0  0  0
144  1  70368 87876216 2410660 69576928    0    0     0 335816 156846 670420 80 20  0  0  0  0
168  0  70368 87881688 2410660 69576940    0    0     0 382400 156232 677537 80 20  0  0  0  0
159  0  70368 87870768 2410660 69576980    0    0     0 387916 161090 680518 80 20  0  0  0  0
194  3  70368 87876920 2410660 69576992    0    0     0 445808 164107 682978 80 20  0  0  0  0
171  0  70368 87880276 2410660 69577012    0    0     0 430964 163831 677322 79 20  0  0  0  0
179  0  70368 87881816 2410660 69577048    0    0     0 497872 167555 686930 79 20  0  0  0  0
171  0  70368 87874288 2410660 69577068    0    0     0 501372 165582 685530 80 20  0  0  0  0
137  0  70368 87877832 2410660 69577092    0    0     0 471472 162887 688476 80 20  0  0  0  0
176  0  70368 87884976 2410660 69577112    0    0     0 464600 163944 685311 79 20  0  0  0  0
151  0  70368 87879380 2410660 69577132    0    0     0 462708 163911 688600 80 20  0  0  0  0
176  1  70368 87881628 2410660 69577148    0    0     0 468192 169508 688980 80 20  0  0  0  0
192  1  70368 87831356 2410660 69577168    0    0     0 467768 214566 678777 79 21  0  0  0  0
172  0  70368 87807884 2410660 69577196    0    0     0 439968 161192 682014 80 20  0  0  0  0
160  0  70368 87836268 2410660 69577224    0    0     0 443476 161206 681890 80 20  0  0  0  0
procs -----------memory---------- ---swap-- -----io---- -system-- -------cpu-------
 r  b   swpd   free   buff  cache   si   so    bi    bo   in   cs us sy id wa st gu
162  0  70368 87841312 2410660 69577236    0    0     0 434036 165023 681426 79 21  0  0  0  0
165  0  70368 87834008 2410660 69577268    0    0     0 461716 162051 684584 80 20  0  0  0  0
179  0  70368 87835872 2410660 69577292    0    0     0 436480 161829 681330 80 20  0  0  0  0
158  0  70368 87838560 2410660 69577304    0    0     0 469432 164966 686102 79 20  0  0  0  0
181  0  70368 87845024 2410660 69577328    0    0     0 427768 162419 679249 79 20  0  0  0  0
178  0  70368 87846708 2410660 69577348    0    0     0 438060 158645 685263 80 20  0  0  0  0
178  0  70368 87864660 2410660 69577368    0    0     0 443628 163215 683328 80 20  0  0  0  0
164  0  70368 87862884 2410660 69577392    0    0     0 475452 166207 681417 79 20  0  0  0  0
165  0  70368 87857784 2410660 69577416    0    0     0 363356 154712 675334 80 20  0  0  0  0
184  2  70368 87867940 2410660 69577444    0    0     0 455312 164630 687139 80 20  0  0  0  0
149  1  70368 87870072 2410660 69577460    0    0     0 433560 163075 680096 80 20  0  0  0  0
138  1  70368 87870028 2410660 69577484    0    0     0 445488 162187 683460 79 20  0  0  0  0
194  0  70368 87859152 2410660 69577496    0    0     0 406624 159339 682682 80 20  0  0  0  0
170  0  70368 87862368 2410660 69577528    0    0     0 463876 163398 686328 80 20  0  0  0  0
154  0  70368 87859184 2410660 69577544    0    0     0 398184 161229 676237 80 20  0  0  0  0
150  0  70368 87866708 2410660 69577564    0    0     0 438536 158017 684522 80 20  0  0  0  0
140  2  70368 87814980 2410660 69577584    0    0     0 392612 282642 671945 79 21  0  0  0  0
102  0  70368 87805060 2410660 69577608    0    0     0 457816 339016 674825 79 21  0  0  0  0
184  0  70368 87702928 2410660 69577640    0    0     0 481800 166277 680126 79 21  0  0  0  0
170  0  70368 87774672 2410660 69577672    0    0     0 425476 166192 677953 79 21  0  0  0  0
164  2  70368 87726564 2410660 69577692    0    0     0 424480 159598 680020 80 20  0  0  0  0
procs -----------memory---------- ---swap-- -----io---- -system-- -------cpu-------
 r  b   swpd   free   buff  cache   si   so    bi    bo   in   cs us sy id wa st gu
167  0  70368 87817768 2410660 69577704    0    0     0 450964 161653 680909 79 20  0  0  0  0
186  1  70368 87816300 2410660 69577724    0    0     0 426932 164024 678999 79 21  0  0  0  0
145  1  70368 87791656 2410660 69577744    0    0     0 466420 164322 686120 80 19  0  0  0  0
187  0  70368 87774604 2410660 69577768    0    0     0 409372 163371 680958 80 20  0  0  0  0
154  1  70368 87799332 2410660 69577784    0    0     0 443616 163909 677258 80 20  0  0  0  0
175  0  70368 87818836 2410660 69577808    0    0     0 396092 160747 679562 80 20  0  0  0  0
193  0  70368 87814192 2410660 69577832    0    0     0 445364 160347 682804 80 20  0  0  0  0
185  0  70368 87810528 2410660 69577864    0    0     0 447712 161777 681026 80 20  0  0  0  0
176  0  70368 87814316 2410660 69577876    0    0     0 444668 164191 686762 80 20  0  0  0  0
152  0  70368 87808924 2410660 69577892    0    0     0 389460 159036 679702 80 20  0  0  0  0
152  0  70368 87820896 2410660 69577912    0    0     0 437460 162055 682834 80 20  0  0  0  0
181  1  70368 87832420 2410660 69577936    0    0     0 437256 164486 679135 79 20  0  0  0  0
200  1  70368 87848548 2410660 69577968    0    0     0 402636 162505 676952 80 20  0  0  0  0
198  0  70368 87847624 2410660 69577988    0    0     0 422744 160748 678558 80 20  0  0  0  0
151  0  70368 87842980 2410660 69578008    0    0     0 404812 157354 679467 80 20  0  0  0  0
171  0  70368 87838292 2410660 69578024    0    0     0 413272 197006 681879 80 20  0  0  0  0
162  0  70368 87815376 2410660 69578172    0    0     0 446980 161289 678460 80 20  0  0  0  0
199  1  70368 87789604 2410660 69578200    0    0     0 425804 163100 679854 79 21  0  0  0  0
116  0  70368 87826384 2410660 69578216    0    0     0 388944 159869 672993 80 20  0  0  0  0
170  0  70368 87810496 2410660 69578244    0    0     0 412272 160108 681057 80 20  0  0  0  0
156  0  70368 87816304 2410660 69578264    0    0     0 440012 161934 680446 80 20  0  0  0  0
procs -----------memory---------- ---swap-- -----io---- -system-- -------cpu-------
 r  b   swpd   free   buff  cache   si   so    bi    bo   in   cs us sy id wa st gu
138  0  70368 87813352 2410660 69578300    0    0     0 395012 160902 676262 80 20  0  0  0  0
176  2  70368 87814100 2410660 69578388    0    0     0 445248 159728 686511 79 20  0  0  0  0
137  0  70368 87808300 2410660 69578412    0    0     0 376212 158634 674420 80 20  0  0  0  0
166  1  70368 87813892 2410660 69578432    0    0     0 433568 161578 678960 80 20  0  0  0  0
163  0  70368 87815980 2410660 69578448    0    0     0 392724 159103 678413 80 20  0  0  0  0
155  0  70368 87815412 2410660 69578468    0    0     0 436152 160023 679437 80 20  0  0  0  0
163  0  70368 87818352 2410660 69578492    0    0     0 433852 163324 680385 80 20  0  0  0  0
165  0  70368 87831856 2410660 69578512    0    0     0 367596 157852 679311 80 20  0  0  0  0
137  0  70368 87838920 2410660 69578532    0    0     0 407952 160095 687344 80 20  0  0  0  0
167  0  70368 87843360 2410660 69578548    0    0     0 441104 162660 682992 80 20  0  0  0  0
187  5  70368 87837472 2410660 69578572    0    0     0 398040 162290 676004 80 20  0  0  0  0
145  1  70368 87832180 2410660 69578600    0    0     0 406940 159857 677252 80 20  0  0  0  0
163  0  70368 87834836 2410660 69578620    0    0     0 422584 161031 684018 80 20  0  0  0  0
204  0  70368 87828260 2410660 69578648    0    0     0 436840 229276 678347 79 20  0  0  0  0
168  0  70368 87770348 2410660 69578672    0    0     0 406620 161086 673500 79 21  0  0  0  0
178  1  70368 87795192 2410660 69578688    0    0     0 403144 162884 675329 79 21  0  0  0  0
172  0  70368 87792668 2410660 69578708    0    0     0 422144 163336 677768 80 20  0  0  0  0
190  0  70368 87784020 2410660 69578728    0    0     0 378020 156561 675550 80 20  0  0  0  0
190  0  70368 87779712 2410660 69578752    0    0     0 391120 159784 679069 80 20  0  0  0  0
173  1  70368 87776488 2410660 69578772    0    0     0 428588 164249 678130 79 21  0  0  0  0
156  0  70368 87788828 2410660 69578796    0    0     0 431972 163321 677307 80 20  0  0  0  0
procs -----------memory---------- ---swap-- -----io---- -system-- -------cpu-------
 r  b   swpd   free   buff  cache   si   so    bi    bo   in   cs us sy id wa st gu
171  0  70368 87817608 2410660 69578816    0    0     0 399956 162161 682183 80 20  0  0  0  0
149  0  70368 87813588 2410660 69578828    0    0     0 410908 160116 681697 80 19  0  0  0  0
149  1  70368 87825340 2410660 69578860    0    0     0 406552 161507 674260 80 20  0  0  0  0
150  0  70368 87819228 2410660 69578868    0    0     0 384764 161133 671992 80 20  0  0  0  0
138  0  70368 87816372 2410660 69578896    0    0     0 410704 159134 681354 80 20  0  0  0  0
159  1  70368 87817992 2410660 69578916    0    0     0 420440 160842 684710 80 20  0  0  0  0
186  0  70368 87813128 2410660 69578940    0    0     0 397064 160711 676296 80 20  0  0  0  0
188  1  70368 87816788 2410660 69578968    0    0     0 420988 162088 677787 79 21  0  0  0  0
101  1  70368 87821516 2410660 69578996    0    0     0 369036 157047 675754 80 20  0  0  0  0
138  0  70368 87825636 2410660 69579020    0    0     0 444936 162976 681748 80 20  0  0  0  0
184  0  70368 87832116 2410660 69579044    0    0     0 400292 161686 676955 80 20  0  0  0  0
148  0  70368 87828832 2410660 69579072    0    0     0 402308 170190 676574 79 20  1  0  0  0
167  0  70368 87799452 2410660 69579092    0    0     0 384100 161843 673861 80 20  0  0  0  0
200  0  70368 87793336 2410660 69579112    0    0     0 412924 162210 681820 80 20  0  0  0  0
158  0  70368 87795592 2410660 69579136    0    0     0 420956 164675 686531 80 20  0  0  0  0
155  0  70368 87794128 2410660 69579152    0    0     0 391836 162343 681330 80 20  0  0  0  0
191  0  70368 87801960 2410660 69579172    0    0     0 402220 160776 677293 80 20  0  0  0  0
157  0  70368 87804400 2410660 69579200    0    0     0 423900 161866 679260 80 20  0  0  0  0
175  0  70368 87801600 2410660 69579220    0    0     0 394400 162134 676640 79 20  0  0  0  0
161  0  70368 87809692 2410660 69579244    0    0     0 414152 166491 678328 80 20  0  0  0  0
170  0  70368 87795224 2410660 69579256    0    0     0 393760 158725 678905 80 20  0  0  0  0
procs -----------memory---------- ---swap-- -----io---- -system-- -------cpu-------
 r  b   swpd   free   buff  cache   si   so    bi    bo   in   cs us sy id wa st gu
181  0  70368 87795584 2410660 69579280    0    0     0 417728 161767 679535 80 20  0  0  0  0
153  1  70368 87796580 2410660 69579300    0    0     0 404212 158997 680214 80 20  0  0  0  0
165  0  70368 87801708 2410660 69579328    0    0     0 405780 162967 676805 79 20  0  0  0  0
159  0  70368 87808272 2410660 69579348    0    0     0 405084 158458 677263 80 20  0  0  0  0
163  0  70368 87810752 2410660 69579372    0    0     0 403552 160198 680444 79 21  0  0  0  0
179  0  70368 87810324 2410660 69579392    0    0     0 406324 162332 675057 80 20  0  0  0  0
189  0  70368 87809372 2410660 69579408    0    0     0 403612 160647 676950 79 20  0  0  0  0
160  0  70368 87810960 2410660 69579436    0    0     0 409116 158964 684083 80 20  0  0  0  0
141  0  70368 87812864 2410660 69579448    0    0     0 406736 162503 676507 80 20  0  0  0  0
190  0  70368 87814480 2410660 69579472    0    0     0 372728 165378 674472 80 20  0  0  0  0
151  0  70368 87792292 2410660 69579496    0    0     0 459828 164278 686804 79 20  0  0  0  0
161  0  70368 87789684 2410660 69579516    0    0     0 432332 165141 680830 80 20  0  0  0  0
161  0  70368 87780764 2410660 69579540    0    0     0 406972 162173 678668 79 20  0  0  0  0
170  0  70368 87779148 2410660 69579564    0    0     0 422060 161694 685888 79 20  0  0  0  0
173  1  70368 87778656 2410660 69579584    0    0     0 444724 164752 679725 79 20  0  0  0  0
196  0  70368 87780080 2410660 69579612    0    0     0 396344 158456 682408 80 20  0  0  0  0
166  0  70368 87786232 2410660 69579628    0    0     0 445804 163372 678759 80 20  0  0  0  0
169  1  70368 87786572 2410660 69579656    0    0     0 438136 164822 682594 79 20  0  0  0  0
180  1  70368 87786308 2410660 69579672    0    0     0 414960 160961 679302 80 20  0  0  0  0
154  0  70368 87798656 2410660 69579768    0    0     0 416836 163048 677285 80 20  0  0  0  0
190  0  70368 87805904 2410660 69579784    0    0     0 410528 162926 681651 80 20  0  0  0  0
procs -----------memory---------- ---swap-- -----io---- -system-- -------cpu-------
 r  b   swpd   free   buff  cache   si   so    bi    bo   in   cs us sy id wa st gu
154  0  70368 87802400 2410660 69579800    0    0     0 422892 159437 685428 80 20  0  0  0  0
181  0  70368 87797688 2410660 69579824    0    0     0 405344 159415 680322 80 20  0  0  0  0
153  0  70368 87795916 2410660 69579852    0    0     0 405092 161643 681125 80 20  0  0  0  0
162  0  70368 87791436 2410660 69579872    0    0     0 427024 161769 683007 80 20  0  0  0  0
180  0  70368 87792020 2410660 69579896    0    0     0 416488 162520 679596 80 20  0  0  0  0
193  0  70368 87788196 2410660 69579912    0    0     0 412620 162704 681735 80 20  0  0  0  0
141  0  70368 87789532 2410660 69579936    0    0     0 407944 160053 678044 80 20  0  0  0  0
148  0  70368 87791372 2410660 69579964    0    0     0 410604 174256 679141 79 20  1  0  0  0
123  0  70368 87729532 2410660 69579984    0    0     0 413164 228297 677343 80 20  0  0  0  0
177  0  70368 87750056 2410660 69580008    0    0     0 412948 165630 672637 79 21  0  0  0  0
212  0  70368 87753344 2410660 69580024    0    0     0 409584 163688 671172 79 21  0  0  0  0
175  0  70368 87716844 2410660 69580044    0    0     0 411932 157845 683148 79 20  0  0  0  0
131  0  70368 87706292 2410664 69580072    0    0     0 406072 163605 679517 80 20  0  0  0  0
158  0  70368 87717132 2410664 69580084    0    0     0 412488 164171 682883 80 20  0  0  0  0
144  0  70368 87771692 2410664 69580108    0    0     0 412520 161552 678642 80 20  0  0  0  0
150  0  70368 87769036 2410664 69580132    0    0     0 409184 163384 676914 79 20  0  0  0  0
160  0  70368 87764960 2410664 69580160    0    0     0 416420 162925 680105 80 20  0  0  0  0
157  0  70368 87760776 2410664 69580184    0    0     0 403196 159455 678647 80 20  0  0  0  0
182  0  70368 87749280 2410664 69580204    0    0     0 424472 162919 679856 80 20  0  0  0  0
146  0  70368 87758496 2410664 69580224    0    0     0 413908 159653 679153 80 20  0  0  0  0
162  0  70368 87752404 2410664 69580248    0    0     0 412040 159350 683611 80 20  0  0  0  0
procs -----------memory---------- ---swap-- -----io---- -system-- -------cpu-------
 r  b   swpd   free   buff  cache   si   so    bi    bo   in   cs us sy id wa st gu
157  0  70368 87767724 2410664 69580272    0    0     0 414680 161226 676751 80 20  0  0  0  0
176  0  70368 87775676 2410664 69580296    0    0     0 417684 162254 681542 79 20  0  0  0  0
176  0  70368 87792536 2410664 69580316    0    0     0 418164 162616 678985 79 20  0  0  0  0
155  0  70368 87783496 2410664 69580336    0    0     0 416420 158147 685067 80 20  0  0  0  0
154  0  70368 87775700 2410664 69580352    0    0     0 414056 159906 680572 80 20  0  0  0  0
133  0  70368 87776088 2410664 69580380    0    0     0 414140 163206 681442 80 20  0  0  0  0
169  0  70368 87778452 2410664 69580400    0    0     0 417272 177348 683896 80 20  1  0  0  0
178  0  70368 87751700 2410664 69580416    0    0     0 413640 161461 675498 79 20  0  0  0  0
178  0  70368 87730572 2410664 69580440    0    0     0 418252 163252 678582 79 20  0  0  0  0
158  0  70368 87726256 2410664 69580460    0    0     0 414864 162161 675232 80 20  0  0  0  0
157  0  70368 87731392 2410664 69580484    0    0     0 419688 162055 680677 80 20  0  0  0  0
186  0  70368 87728812 2410664 69580500    0    0     0 418416 160710 682177 80 20  0  0  0  0
173  0  70368 87752392 2410664 69580524    0    0     0 422464 163634 678978 80 20  0  0  0  0
192  0  70368 87762464 2410664 69580544    0    0     0 417320 163504 677211 80 20  0  0  0  0
155  0  70368 87773924 2410664 69580572    0    0     0 420992 158143 682875 80 20  0  0  0  0
138  0  70368 87760288 2410664 69580592    0    0     0 418812 160187 683920 80 20  0  0  0  0
145  0  70368 87753616 2410664 69580624    0    0     0 416448 160577 676358 80 20  0  0  0  0
168  0  70368 87763344 2410664 69580648    0    0     0 416236 162559 681159 80 20  0  0  0  0
155  0  70368 87768532 2410664 69580664    0    0     0 419964 159648 682664 80 20  0  0  0  0
178  0  70368 87775324 2410664 69580684    0    0     0 418864 159442 681841 80 20  0  0  0  0
155  0  70368 87783556 2410664 69580696    0    0     0 420064 163365 683002 80 20  0  0  0  0
procs -----------memory---------- ---swap-- -----io---- -system-- -------cpu-------
 r  b   swpd   free   buff  cache   si   so    bi    bo   in   cs us sy id wa st gu
173  0  70368 87773476 2410664 69580720    0    0     0 417548 161372 680744 80 20  0  0  0  0
149  0  70368 87770520 2410664 69580740    0    0     0 419184 160898 682646 80 20  0  0  0  0
163  1  70368 87767836 2410664 69580768    0    0     0 422076 161094 683037 80 20  0  0  0  0
155  0  70368 87775776 2410664 69580792    0    0     0 414980 162080 677939 79 21  0  0  0  0
158  0  70368 87763576 2410664 69580808    0    0     0 420528 181219 677837 79 20  1  0  0  0
162  0  70368 87729820 2410664 69580836    0    0     0 421352 163352 679631 79 21  0  0  0  0
157  0  70368 87696680 2410664 69580860    0    0     0 419564 160992 675345 80 20  0  0  0  0
163  0  70368 87715616 2410664 69580880    0    0     0 423612 161130 676826 80 20  0  0  0  0
178  0  70368 87733220 2410664 69580892    0    0     0 416604 162191 677621 79 20  0  0  0  0
145  0  70368 87738740 2410664 69580924    0    0     0 421220 158847 682416 79 21  0  0  0  0
154  0  70368 87737684 2410664 69580944    0    0     0 416848 160524 676757 79 20  0  0  0  0
171  0  70368 87719932 2410664 69580968    0    0     0 418144 161296 681441 80 20  0  0  0  0
164  0  70368 87728848 2410664 69580988    0    0     0 422264 159734 686295 80 20  0  0  0  0
204  0  70368 87734492 2410664 69581004    0    0     0 415752 159298 679131 80 20  0  0  0  0
164  0  70368 87733600 2410664 69581028    0    0     0 418588 158428 681969 80 20  0  0  0  0
145  0  70368 87741332 2410664 69581084    0    0     0 413880 160509 667048 79 21  0  0  0  0
171  0  70368 87746228 2410664 69581260    0    0     0 419252 163640 671625 79 21  0  0  0  0
134  0  70368 87742400 2410664 69581264    0    0     0 414868 158727 679937 80 20  0  0  0  0
177  0  70368 87752368 2410664 69581292    0    0     0 415808 162352 679470 80 20  0  0  0  0
179  0  70368 87762480 2410664 69581316    0    0     0 415788 161266 674893 80 20  0  0  0  0
165  0  70368 87760788 2410664 69581336    0    0     0 418876 160778 678714 80 20  0  0  0  0
procs -----------memory---------- ---swap-- -----io---- -system-- -------cpu-------
 r  b   swpd   free   buff  cache   si   so    bi    bo   in   cs us sy id wa st gu
159  0  70368 87757640 2410664 69581372    0    0     0 417576 160577 684612 80 20  0  0  0  0
141  0  70368 87766024 2410664 69581388    0    0     0 417052 159121 684130 80 20  0  0  0  0
146  0  70368 87757972 2410664 69581412    0    0     0 419784 167592 681133 79 20  0  0  0  0
196  0  70368 87718136 2410664 69581436    0    0     0 415400 232049 675771 80 20  0  0  0  0
147  1  70368 87735324 2410664 69581472    0    0     0 419808 200302 671743 79 21  0  0  0  0
184  0  70368 87680756 2410664 69581492    0    0     0 415248 158520 684864 80 20  0  0  0  0
142  0  70368 87636944 2410664 69581512    0    0     0 415300 161086 678052 80 20  0  0  0  0
152  0  70368 87677384 2410664 69581536    0    0     0 418732 162156 677787 80 20  0  0  0  0
209  0  70368 87725200 2410664 69581556    0    0     0 414500 160350 674360 79 21  0  0  0  0
159  0  70368 87700484 2410664 69581584    0    0     0 416608 162440 682243 79 20  0  0  0  0
161  0  70368 87695480 2410664 69581608    0    0     0 413168 158984 681190 80 20  0  0  0  0
157  0  70368 87684256 2410664 69581632    0    0     0 410012 161600 686679 80 20  0  0  0  0
168  0  70368 87703224 2410664 69581648    0    0     0 413664 161457 680313 79 20  0  0  0  0
153  0  70368 87732400 2410664 69581676    0    0     0 412804 160587 679911 80 20  0  0  0  0
177  0  70368 87741188 2410664 69581688    0    0     0 412188 163710 677753 80 20  0  0  0  0
172  0  70368 87741636 2410664 69581708    0    0     0 415248 160636 677870 80 20  0  0  0  0
164  0  70368 87749904 2410664 69581728    0    0     0 413124 160914 681560 80 20  0  0  0  0
154  0  70368 87740528 2410664 69581752    0    0     0 412028 159963 680126 80 20  0  0  0  0
202  0  70368 87736548 2410664 69581780    0    0     0 414044 159632 680621 80 20  0  0  0  0
166  0  70368 87751264 2410664 69581792    0    0     0 416832 165405 681139 80 20  0  0  0  0
176  0  70368 87749348 2410664 69581808    0    0     0 414232 160557 678659 80 20  0  0  0  0
procs -----------memory---------- ---swap-- -----io---- -system-- -------cpu-------
 r  b   swpd   free   buff  cache   si   so    bi    bo   in   cs us sy id wa st gu
172  0  70368 87747976 2410664 69581840    0    0     0 415568 162966 682005 79 20  0  0  0  0
147  0  70368 87750204 2410664 69581860    0    0     0 409744 170094 671840 80 20  0  0  0  0
147  0  70368 87718504 2410664 69581884    0    0     0 413212 172045 680549 79 20  0  0  0  0
177  0  70368 87687408 2410664 69581908    0    0     0 413440 161222 678935 79 20  0  0  0  0
161  0  70368 87691016 2410664 69581932    0    0     0 412704 161964 677957 79 20  0  0  0  0
176  0  70368 87691580 2410664 69581952    0    0     0 413556 161059 680608 80 20  0  0  0  0
232  0  70368 87717604 2410664 69581980    0    0     0 409220 159046 679610 80 20  0  0  0  0
173  0  70368 87727796 2410664 69582008    0    0     0 412256 160369 678927 80 20  0  0  0  0
166  0  70368 87733452 2410664 69582028    0    0     0 418192 160716 681807 80 20  0  0  0  0
132  0  70368 87737548 2410664 69582052    0    0     0 422888 165339 682207 79 20  0  0  0  0
164  0  70368 87734932 2410664 69582076    0    0     0 422140 159750 680200 80 20  0  0  0  0
174  0  70368 87736020 2410664 69582092    0    0     0 425284 162046 682540 80 20  0  0  0  0
137  0  70368 87743860 2410664 69582112    0    0     0 425880 162599 684760 80 20  0  0  0  0
123  0  70368 87743800 2410664 69582124    0    0     0 427400 162153 678534 80 20  0  0  0  0
175  0  70368 87743600 2410664 69582148    0    0     0 424460 162851 678771 79 20  0  0  0  0
173  0  70368 87738264 2410664 69582168    0    0     0 423728 163104 678277 80 20  0  0  0  0
173  0  70368 87740304 2410664 69582200    0    0     0 421332 159940 679377 80 20  0  0  0  0
167  0  70368 87747452 2410664 69582228    0    0     0 419344 159826 681193 80 20  0  0  0  0
138  0  70368 87744516 2410664 69582248    0    0     0 417076 160203 679610 79 20  0  0  0  0
171  0  70368 87748980 2410664 69582264    0    0     0 414248 164304 676791 79 20  0  0  0  0
186  0  70368 87745808 2410664 69582288    0    0     0 414704 167265 681130 80 20  0  0  0  0
procs -----------memory---------- ---swap-- -----io---- -system-- -------cpu-------
 r  b   swpd   free   buff  cache   si   so    bi    bo   in   cs us sy id wa st gu
187  0  70368 87734452 2410664 69582312    0    0     0 417648 180521 679108 79 20  0  0  0  0
170  0  70368 87707032 2410664 69582340    0    0     0 414472 162336 678032 80 20  0  0  0  0
193  0  70368 87687760 2410664 69582356    0    0     0 416052 160506 680268 80 20  0  0  0  0
164  0  70368 87692384 2410664 69582380    0    0     0 414044 159267 679513 80 20  0  0  0  0
170  0  70368 87709836 2410664 69582408    0    0     0 413220 161536 683447 80 20  0  0  0  0
145  0  70368 87715428 2410664 69582428    0    0     0 410552 162949 682398 80 19  0  0  0  0
182  0  70368 87728260 2410664 69582444    0    0     0 412140 160258 680092 80 20  0  0  0  0
205  0  70368 87709656 2410664 69582468    0    0     0 409936 162155 680602 80 20  0  0  0  0
157  0  70368 87711808 2410664 69582488    0    0     0 413160 161159 676641 80 20  0  0  0  0
169  0  70368 87718812 2410664 69582508    0    0     0 413024 160364 681611 80 20  0  0  0  0
123  0  70368 87731556 2410664 69582532    0    0     0 412936 162836 678245 79 20  0  0  0  0
167  0  70368 87743096 2410664 69582560    0    0     0 411640 163680 677447 80 20  0  0  0  0
185  0  70368 87738792 2410664 69582576    0    0     0 410232 159668 679526 80 20  0  0  0  0
151  0  70368 87734164 2410664 69582668    0    0     0 408712 160709 679545 79 20  0  0  0  0
199  0  70368 87743860 2410664 69582692    0    0     0 410228 160455 679630 80 20  0  0  0  0
185  0  70368 87741924 2410664 69582724    0    0     0 405912 164937 676054 79 20  0  0  0  0
180  1  70368 87736924 2410664 69582744    0    0     0 412072 164050 676846 79 20  0  0  0  0
160  0  70368 87735616 2410664 69582772    0    0     0 418628 160787 680699 80 20  0  0  0  0
156  0  70368 87735896 2410664 69582788    0    0     0 412656 159371 684707 80 20  0  0  0  0
174  0  70368 87733592 2410664 69582804    0    0     0 414068 168296 680071 80 20  0  0  0  0
174  0  70368 87723516 2410664 69582828    0    0     0 411616 157821 680836 80 20  0  0  0  0
procs -----------memory---------- ---swap-- -----io---- -system-- -------cpu-------
 r  b   swpd   free   buff  cache   si   so    bi    bo   in   cs us sy id wa st gu
185  0  70368 87716808 2410664 69582848    0    0     0 413172 161306 684485 80 20  0  0  0  0
157  0  70368 87716424 2410664 69582880    0    0     0 412500 160766 685403 80 20  0  0  0  0
153  0  70368 87708336 2410664 69582904    0    0     0 409252 160873 681065 79 20  0  0  0  0
147  0  70368 87711284 2410664 69582920    0    0     0 410000 159890 675713 80 20  0  0  0  0
162  0  70368 87710432 2410664 69582948    0    0     0 411748 159318 681172 80 20  0  0  0  0
163  0  70368 87718572 2410664 69582972    0    0     0 409352 161943 679746 80 20  0  0  0  0
154  0  70368 87723908 2410664 69582984    0    0     0 410468 161684 681286 79 20  0  0  0  0
163  0  70368 87722300 2410664 69583008    0    0     0 405560 158688 677311 80 20  0  0  0  0
164  0  70368 87729320 2410664 69583024    0    0     0 408620 161699 678370 80 20  0  0  0  0
143  0  70368 87725976 2410664 69583052    0    0     0 412040 159505 681568 79 20  0  0  0  0
161  0  70368 87731080 2410664 69583076    0    0     0 409744 156912 682116 80 20  0  0  0  0
160  0  70368 87728332 2410664 69583096    0    0     0 411564 159384 685487 80 20  0  0  0  0
139  0  70368 87733200 2410664 69583112    0    0     0 409388 159078 683277 80 20  0  0  0  0
178  0  70368 87727204 2410664 69583128    0    0     0 409368 159086 682722 80 20  0  0  0  0
165  0  70368 87727820 2410664 69583152    0    0     0 408576 162315 679814 80 20  0  0  0  0
130  0  70368 87731432 2410664 69583172    0    0     0 409904 160386 678142 80 20  0  0  0  0
152  0  70368 87723892 2410664 69583196    0    0     0 406956 163256 674872 79 20  1  0  0  0
184  0  70368 87682456 2410664 69583212    0    0     0 408176 190894 676759 79 21  0  0  0  0
169  0  70368 87660648 2410664 69583236    0    0     0 409908 162131 678165 79 20  0  0  0  0
160  0  70368 87658316 2410664 69583260    0    0     0 407440 160710 680378 79 21  0  0  0  0
133  0  70368 87687872 2410664 69583284    0    0     0 408680 159512 680197 80 20  0  0  0  0
procs -----------memory---------- ---swap-- -----io---- -system-- -------cpu-------
 r  b   swpd   free   buff  cache   si   so    bi    bo   in   cs us sy id wa st gu
159  1  70368 87678440 2410664 69583308    0    0     0 411480 162271 679246 79 20  0  0  0  0
150  1  70368 87675200 2410664 69583328    0    0     0 411220 160456 680206 80 20  0  0  0  0
144  0  70368 87667600 2410664 69583348    0    0     0 410768 159614 680316 80 20  0  0  0  0
168  1  70368 87665640 2410664 69583364    0    0     0 409908 160111 678882 80 20  0  0  0  0
173  0  70368 87682864 2410664 69583384    0    0     0 408768 160424 683190 80 20  0  0  0  0
173  0  70368 87689684 2410668 69583400    0    0     0 412668 162696 683899 80 20  0  0  0  0
49  0  70368 87687436 2410668 69583424    0    0     0 407532 162108 677541 80 20  0  0  0  0
196  0  70368 87698584 2410668 69583444    0    0     0 408332 161674 679301 79 20  0  0  0  0
163  0  70368 87699620 2410668 69583472    0    0     0 409520 163178 676015 80 20  0  0  0  0
162  0  70368 87709116 2410668 69583500    0    0     0 410136 159304 684911 80 20  0  0  0  0
183  0  70368 87711424 2410668 69583516    0    0     0 412444 158748 680715 80 20  0  0  0  0
178  0  70368 87712192 2410668 69583536    0    0     0 410296 160673 677462 80 20  0  0  0  0
166  0  70368 87716812 2410668 69583560    0    0     0 411520 162127 679613 80 20  0  0  0  0
158  0  70368 87710224 2410668 69583580    0    0     0 410968 159424 677062 80 20  0  0  0  0
128  0  70368 87709864 2410668 69583608    0    0     0 408552 162800 678987 80 20  0  0  0  0
165  0  70368 87660576 2410668 69583628    0    0     0 408896 202129 674807 79 20  1  0  0  0
159  0  70368 87624308 2410668 69583656    0    0     0 410696 161026 679201 80 20  0  0  0  0
174  0  70368 87676052 2410668 69583676    0    0     0 409320 160300 677991 79 20  0  0  0  0
168  0  70368 87657280 2410668 69583712    0    0     0 410428 161424 683642 80 20  0  0  0  0
200  0  70368 87644936 2410668 69583732    0    0     0 415984 162401 682954 80 20  0  0  0  0
185  0  70368 87647400 2410668 69583760    0    0     0 410148 160919 679213 79 21  0  0  0  0
procs -----------memory---------- ---swap-- -----io---- -system-- -------cpu-------
 r  b   swpd   free   buff  cache   si   so    bi    bo   in   cs us sy id wa st gu
193  1  70368 87669672 2410668 69583768    0    0     0 415680 159648 678929 80 20  0  0  0  0
148  0  70368 87692080 2410668 69583784    0    0     0 410740 161812 675727 80 20  0  0  0  0
168  0  70368 87692976 2410668 69583812    0    0     0 416356 162878 682216 79 20  0  0  0  0
163  1  70368 87692924 2410668 69583840    0    0     0 417352 162415 679250 79 20  0  0  0  0
177  0  70368 87698168 2410676 69583864    0    0     0 415332 160346 679913 79 20  0  0  0  0
182  0  70368 87694596 2410676 69583884    0    0     0 415944 160085 680267 80 20  0  0  0  0
139  0  70368 87693980 2410676 69583912    0    0     0 412264 160384 680414 80 20  0  0  0  0
179  0  70368 87704428 2410676 69583932    0    0     0 413328 161949 679376 80 20  0  0  0  0
153  0  70368 87705952 2410676 69583956    0    0     0 415348 158516 679460 80 20  0  0  0  0
184  1  70368 87706808 2410676 69583976    0    0     0 412716 162215 678229 79 20  0  0  0  0
182  0  70368 87706780 2410676 69584060    0    0     0 413256 160750 678845 80 20  0  0  0  0
132  0  70368 87714676 2410676 69584080    0    0     0 415188 160389 681617 80 20  0  0  0  0
123  0  70368 87713604 2410676 69584100    0    0     0 417852 162569 683218 80 20  0  0  0  0
139  0  70368 87693424 2410676 69584116    0    0     0 415356 202063 673588 79 20  1  0  0  0
177  0  70368 87629072 2410676 69584140    0    0     0 411688 253138 678317 79 21  0  0  0  0
130  0  70368 87634208 2410676 69584168    0    0     0 412108 159353 678440 79 20  0  0  0  0
128  0  70368 87589220 2410676 69584192    0    0     0 409324 164175 678058 79 21  0  0  0  0
130  0  70368 87610432 2410676 69584216    0    0     0 412520 163859 674890 79 21  0  0  0  0
157  0  70368 87660700 2410676 69584232    0    0     0 414924 161557 673364 80 20  0  0  0  0
185  1  70368 87644436 2410676 69584248    0    0     0 413292 162713 675868 79 20  0  0  0  0
168  0  70368 87636912 2410676 69584272    0    0     0 410788 160775 677318 79 20  0  0  0  0
procs -----------memory---------- ---swap-- -----io---- -system-- -------cpu-------
 r  b   swpd   free   buff  cache   si   so    bi    bo   in   cs us sy id wa st gu
141  0  70368 87641260 2410676 69584296    0    0     0 414020 161096 681405 80 20  0  0  0  0
129  1  70368 87662136 2410676 69584320    0    0     0 411732 158834 679560 80 20  0  0  0  0
185  1  70368 87670296 2410676 69584340    0    0     0 412944 162410 677638 79 20  0  0  0  0
178  0  70368 87688460 2410676 69584364    0    0     0 409092 161617 680385 79 20  0  0  0  0
171  0  70368 87685076 2410676 69584384    0    0     0 419088 162104 682434 80 20  0  0  0  0
180  0  70368 87691476 2410676 69584408    0    0     0 416612 160773 687088 80 20  0  0  0  0
162  0  70368 87704088 2410676 69584428    0    0     0 414532 159012 680150 80 20  0  0  0  0
175  2  70368 87688596 2410676 69584448    0    0     0 416920 165611 678578 79 20  0  0  0  0
175  0  70368 87692836 2410680 69584460    0    0     0 423752 162117 680788 80 20  0  0  0  0
169  0  70368 87694424 2410680 69584492    0    0     0 424944 162276 680745 79 20  0  0  0  0
159  0  70368 87692800 2410680 69584516    0    0     0 423352 163716 678401 80 20  0  0  0  0
160  1  70368 87690988 2410680 69584540    0    0     0 425576 162093 678747 79 20  0  0  0  0
168  0  70368 87689136 2410680 69584560    0    0     0 421900 178321 675993 79 20  1  0  0  0
190  0  70368 87652060 2410680 69584592    0    0     0 428264 163405 680647 79 20  0  0  0  0
139  0  70368 87632528 2410680 69584612    0    0     0 420836 164780 683975 80 20  0  0  0  0
157  0  70368 87634356 2410680 69584632    0    0     0 428172 164853 682285 79 20  0  0  0  0
180  2  70368 87651116 2410680 69584644    0    0     0 416516 161718 682133 80 20  0  0  0  0
175  0  70368 87674744 2410680 69584668    0    0     0 419832 162943 678404 80 20  0  0  0  0
181  0  70368 87687224 2410680 69584696    0    0     0 417912 164510 682131 80 20  0  0  0  0
172  0  70368 87700948 2410680 69584712    0    0     0 428788 163311 688121 80 20  0  0  0  0
186  1  70368 87691840 2410680 69584728    0    0     0 407936 159917 682439 80 20  0  0  0  0
procs -----------memory---------- ---swap-- -----io---- -system-- -------cpu-------
 r  b   swpd   free   buff  cache   si   so    bi    bo   in   cs us sy id wa st gu
173  0  70368 87685636 2410680 69584756    0    0     0 416144 163332 677903 80 20  0  0  0  0
170  3  70368 87691316 2410680 69584784    0    0     0 419164 163301 677599 79 20  0  0  0  0
157  0  70368 87695112 2410680 69584812    0    0     0 413100 160486 676652 80 20  0  0  0  0
187  0  70368 87696676 2410680 69584832    0    0     0 410552 159223 681083 80 20  0  0  0  0
180  4  70368 87689640 2410680 69584848    0    0     0 415992 161089 679917 80 20  0  0  0  0
184  0  70368 87685732 2410680 69584876    0    0     0 402448 159020 683254 80 20  0  0  0  0
172  0  70368 87689520 2410680 69584896    0    0     0 416860 161710 682564 79 20  0  0  0  0
187  0  70368 87703792 2410680 69584924    0    0     0 408316 158623 679874 80 20  0  0  0  0
164  0  70368 87697160 2410680 69584944    0    0     0 412080 160441 681644 80 20  0  0  0  0
163  0  70368 87691428 2410680 69584964    0    0     0 409000 158539 680347 80 20  0  0  0  0
157  0  70368 87686992 2410680 69584988    0    0     0 412000 169404 675693 79 21  0  0  0  0
132  0  70368 87679012 2410680 69585064    0    0     0 408372 162332 680203 80 20  0  0  0  0
144  0  70368 87684960 2410680 69585080    0    0     0 413028 162255 684155 80 20  0  0  0  0
173  3  70368 87694656 2410680 69585100    0    0     0 411044 161777 676080 80 20  0  0  0  0
158  1  70368 87680512 2410680 69585116    0    0     0 405860 163176 675477 80 20  0  0  0  0
176  0  70368 87677888 2410680 69585140    0    0     0 410620 159631 678543 80 20  0  0  0  0
159  0  70368 87681564 2410680 69585156    0    0     0 406912 161417 679313 80 20  0  0  0  0
158  1  70368 87694788 2410680 69585180    0    0     0 413612 161901 679808 79 21  0  0  0  0
186  1  70368 87692276 2410680 69585204    0    0     0 405808 160622 682889 80 20  0  0  0  0
168  0  70368 87693892 2410680 69585228    0    0     0 409264 161150 676092 80 20  0  0  0  0
177  0  70368 87693036 2410680 69585252    0    0     0 415088 160345 676420 80 20  0  0  0  0
procs -----------memory---------- ---swap-- -----io---- -system-- -------cpu-------
 r  b   swpd   free   buff  cache   si   so    bi    bo   in   cs us sy id wa st gu
178  0  70368 87695920 2410680 69585280    0    0     0 413572 158705 680953 80 20  0  0  0  0
167  1  70368 87690860 2410680 69585292    0    0     0 407800 160965 681667 80 20  0  0  0  0
176  1  70368 87684812 2410680 69585316    0    0     0 406200 159469 679407 80 20  0  0  0  0
170  0  70368 87693232 2410680 69585340    0    0     0 407744 156890 682469 80 20  0  0  0  0
166  0  70368 87687264 2410680 69585360    0    0     0 407316 159206 680220 80 20  0  0  0  0
169  0  70368 87696740 2410680 69585380    0    0     0 410240 163225 681667 80 20  0  0  0  0
194  2  70368 87698896 2410680 69585392    0    0     0 414852 157102 682452 80 19  0  0  0  0
161  0  70368 87697860 2410680 69585488    0    0     0 407524 159927 678289 80 20  0  0  0  0
165  1  70368 87690000 2410680 69585516    0    0     0 415716 182643 682392 80 20  0  0  0  0
151  1  70368 87670728 2410680 69585536    0    0     0 407356 162594 673255 79 20  0  0  0  0
175  4  70368 87648672 2410680 69585548    0    0     0 419592 171491 678255 79 20  0  0  0  0
155  6  70368 87648384 2410684 69585564    0    0     0 411168 163385 681669 80 20  0  0  0  0
193  0  70368 87643080 2410684 69585596    0    0     0 405340 160693 682119 80 20  0  0  0  0
156  2  70368 87661940 2410684 69585620    0    0     0 407868 159745 678028 80 20  0  0  0  0
174  1  70368 87675288 2410684 69585640    0    0     0 404572 158833 678949 80 20  0  0  0  0
169  1  70368 87687200 2410684 69585664    0    0     0 411828 161508 676544 80 20  0  0  0  0
178  0  70368 87687928 2410684 69585684    0    0     0 409056 161964 677012 80 20  0  0  0  0
157  0  70368 87688388 2410684 69585708    0    0     0 417692 163997 684353 80 20  0  0  0  0
147  1  70368 87694068 2410684 69585740    0    0     0 421584 161326 678595 80 20  0  0  0  0
194  0  70368 87688108 2410684 69585760    0    0     0 403668 161547 686347 80 20  0  0  0  0
161  1  70368 87686608 2410684 69585780    0    0     0 421636 164666 681320 80 20  0  0  0  0
procs -----------memory---------- ---swap-- -----io---- -system-- -------cpu-------
 r  b   swpd   free   buff  cache   si   so    bi    bo   in   cs us sy id wa st gu
174  1  70368 87697076 2410684 69585792    0    0     0 406656 163127 681508 80 20  0  0  0  0
159  0  70368 87690028 2410684 69585812    0    0     0 419860 160919 678935 79 21  0  0  0  0
133  0  70368 87700300 2410684 69585840    0    0     0 413960 159964 678307 80 20  0  0  0  0
161  1  70368 87688048 2410684 69585856    0    0     0 404908 162519 682642 80 20  0  0  0  0
169  0  70368 87685408 2410684 69585880    0    0     0 415064 159932 676512 79 20  0  0  0  0
162  0  70368 87682640 2410684 69585900    0    0     0 408540 162714 681308 80 20  0  0  0  0
168  1  70368 87682156 2410684 69585920    0    0     0 403376 176160 680346 79 20  0  0  0  0
184  0  70368 87661592 2410684 69585944    0    0     0 408004 161493 674976 80 20  0  0  0  0
140  2  70368 87652296 2410684 69585976    0    0     0 423988 161417 682593 80 20  0  0  0  0
139  0  70368 87648060 2410684 69585992    0    0     0 393608 159278 682301 79 20  0  0  0  0
167  0  70368 87652288 2410684 69586008    0    0     0 412928 160719 678583 79 20  0  0  0  0
168  1  70368 87655036 2410684 69586028    0    0     0 423356 165550 677928 79 21  0  0  0  0
194  0  70368 87657692 2410684 69586064    0    0     0 398016 159568 681216 80 20  0  0  0  0
188  0  70368 87680144 2410684 69586080    0    0     0 415644 162326 687684 80 20  0  0  0  0
146  0  70368 87681736 2410684 69586096    0    0     0 412116 163999 680876 80 20  0  0  0  0
172  1  70368 87687004 2410684 69586120    0    0     0 421164 163804 678264 80 20  0  0  0  0
158  7  70368 87689240 2410684 69586140    0    0     0 410224 162339 673301 79 20  0  0  0  0
199  0  70368 87690156 2410684 69586164    0    0     0 433292 160762 684279 80 20  0  0  0  0
184  0  70368 87684200 2410684 69586184    0    0     0 398180 160946 681641 80 20  0  0  0  0
202  0  70368 87687920 2410684 69586204    0    0     0 409648 161633 678610 80 20  0  0  0  0
177  0  70368 87685604 2410684 69586220    0    0     0 408440 162583 676648 79 20  0  0  0  0
procs -----------memory---------- ---swap-- -----io---- -system-- -------cpu-------
 r  b   swpd   free   buff  cache   si   so    bi    bo   in   cs us sy id wa st gu
170  0  70368 87683620 2410684 69586244    0    0     0 417216 160087 682943 80 20  0  0  0  0
179  0  70368 87682376 2410684 69586272    0    0     0 413272 163865 675319 79 20  0  0  0  0
179  0  70368 87678380 2410684 69586296    0    0     0 414996 161475 678809 80 20  0  0  0  0
179  0  70368 87677756 2410684 69586312    0    0     0 409488 162526 677928 80 20  0  0  0  0
166  0  70368 87678468 2410684 69586344    0    0     0 411692 168395 679479 80 20  0  0  0  0
144  0  70368 87667884 2410684 69586356    0    0     0 418912 161840 679787 80 20  0  0  0  0
150  0  70368 87674324 2410684 69586388    0    0     0 422968 162375 688448 80 20  0  0  0  0
150  0  70368 87665760 2410684 69586404    0    0     0 391604 162618 681644 80 20  0  0  0  0
167  2  70368 87673852 2410684 69586424    0    0     0 417696 162820 682133 80 20  0  0  0  0
176  9  70368 87666260 2410684 69586444    0    0     0 429788 163065 679829 79 20  0  0  0  0
183  1  70368 87674180 2410684 69586468    0    0     0 409164 161697 677496 80 20  0  0  0  0
132  0  70368 87669696 2410684 69586488    0    0     0 401052 160754 679657 80 20  0  0  0  0
168  0  70368 87677408 2410684 69586512    0    0     0 417252 161192 679450 80 20  0  0  0  0
164  0  70368 87673608 2410684 69586540    0    0     0 427496 163012 682199 80 20  0  0  0  0
149  0  70368 87674968 2410684 69586556    0    0     0 385680 158531 679633 80 20  0  0  0  0
148  0  70368 87682508 2410684 69586576    0    0     0 421996 161322 681707 80 20  0  0  0  0
192  0  70368 87684596 2410684 69586596    0    0     0 418828 162359 681469 80 20  0  0  0  0
160  0  70368 87681560 2410684 69586616    0    0     0 405560 162007 681017 80 20  0  0  0  0
174  5  70368 87685960 2410684 69586640    0    0     0 422100 160465 681123 80 20  0  0  0  0
175  0  70368 87682824 2410684 69586668    0    0     0 418596 161610 677770 80 20  0  0  0  0
123  0  70368 87687312 2410684 69586680    0    0     0 413792 160829 682274 80 20  0  0  0  0
procs -----------memory---------- ---swap-- -----io---- -system-- -------cpu-------
 r  b   swpd   free   buff  cache   si   so    bi    bo   in   cs us sy id wa st gu
162  0  70368 87692340 2410684 69586700    0    0     0 398552 161899 682571 80 19  0  0  0  0
188  4  70368 87692940 2410684 69586728    0    0     0 403264 160764 680060 79 20  0  0  0  0
184  1  70368 87663768 2410684 69586744    0    0     0 430520 198254 680884 79 21  0  0  0  0
196  0  70368 87622232 2410684 69586768    0    0     0 415444 161333 676850 79 20  0  0  0  0
196  0  70368 87621380 2410684 69586860    0    0     0 426728 161741 676832 79 20  0  0  0  0
165  1  70368 87644880 2410684 69586872    0    0     0 399612 163808 678287 79 20  0  0  0  0
169  0  70368 87647080 2410684 69586900    0    0     0 426532 158421 684891 79 20  0  0  0  0
176  1  70368 87647552 2410684 69586916    0    0     0 415008 162722 677710 80 20  0  0  0  0
173  0  70368 87649736 2410688 69586936    0    0     0 402608 160948 677366 79 20  0  0  0  0
200  1  70368 87659752 2410688 69586976    0    0     0 420440 160538 681912 80 20  0  0  0  0
194  0  70368 87666052 2410688 69586988    0    0     0 426676 164407 682460 80 20  0  0  0  0
181  0  70368 87674644 2410688 69587012    0    0     0 424632 163422 685796 79 21  0  0  0  0
191  0  70368 87662068 2410688 69587036    0    0     0 427940 158654 683543 80 20  0  0  0  0
168  0  70368 87658440 2410688 69587048    0    0     0 416848 162218 680346 80 20  0  0  0  0
165  0  70368 87664636 2410688 69587092    0    0     0 426772 163359 682548 80 20  0  0  0  0
202  1  70368 87669840 2410688 69587100    0    0     0 430704 162796 675217 80 20  0  0  0  0
150  0  70368 87669096 2410688 69587120    0    0     0 410492 160924 686670 80 20  0  0  0  0
157  0  70368 87670176 2410688 69587148    0    0     0 427824 163695 683940 79 20  0  0  0  0
193  0  70368 87686020 2410688 69587164    0    0     0 457784 163099 681051 80 20  0  0  0  0
171  0  70368 87681260 2410688 69587184    0    0     0 370512 162689 677048 80 20  0  0  0  0
176  2  70368 87680512 2410688 69587220    0    0     0 423176 161069 679389 80 20  0  0  0  0
procs -----------memory---------- ---swap-- -----io---- -system-- -------cpu-------
 r  b   swpd   free   buff  cache   si   so    bi    bo   in   cs us sy id wa st gu
146  0  70368 87637724 2410688 69587244    0    0     0 411564 236940 671912 79 20  0  0  0  0
173  0  70368 87592520 2410688 69587260    0    0     0 435996 162816 675419 79 21  0  0  0  0
171  0  70368 87629456 2410688 69587288    0    0     0 384160 158472 680255 80 20  0  0  0  0
150  0  70368 87608456 2410688 69587312    0    0     0 411612 161039 679926 79 20  0  0  0  0
182  0  70368 87611604 2410688 69587324    0    0     0 426912 162532 679791 79 20  0  0  0  0
169  0  70368 87604132 2410688 69587344    0    0     0 412580 162238 680003 79 20  0  0  0  0
145  0  70368 87607948 2410688 69587372    0    0     0 409832 160397 677583 80 20  0  0  0  0
144  0  70368 87655060 2410688 69587388    0    0     0 415936 160920 683550 80 20  0  0  0  0
173  0  70368 87652896 2410688 69587412    0    0     0 411740 163274 684392 80 20  0  0  0  0
164  0  70368 87635596 2410688 69587420    0    0     0 408884 161314 680391 80 20  0  0  0  0
200  1  70368 87644572 2410688 69587452    0    0     0 415756 160908 680558 80 20  0  0  0  0
171  1  70368 87644232 2410688 69587480    0    0     0 397652 161659 675812 80 20  0  0  0  0
156  1  70368 87651672 2410688 69587492    0    0     0 405844 161315 680349 80 20  0  0  0  0
180  0  70368 87662744 2410688 69587524    0    0     0 424672 159877 682897 80 20  0  0  0  0
157  0  70368 87665400 2410688 69587548    0    0     0 399396 160586 677558 80 20  0  0  0  0
154  1  70368 87666964 2410688 69587564    0    0     0 407424 161336 679880 80 20  0  0  0  0
170  0  70368 87657776 2410688 69587584    0    0     0 421228 158888 682715 80 20  0  0  0  0
146  0  70368 87660180 2410688 69587612    0    0     0 381836 157789 679413 80 20  0  0  0  0
179  1  70368 87659584 2410688 69587636    0    0     0 436256 162096 683393 80 20  0  0  0  0
175  0  70368 87663560 2410688 69587644    0    0     0 415956 168876 678241 79 21  0  0  0  0
183  2  70368 87651220 2410688 69587672    0    0     0 422180 159737 682230 80 20  0  0  0  0
procs -----------memory---------- ---swap-- -----io---- -system-- -------cpu-------
 r  b   swpd   free   buff  cache   si   so    bi    bo   in   cs us sy id wa st gu
149  1  70368 87648996 2410688 69587696    0    0     0 423576 161998 679087 80 20  0  0  0  0
179  0  70368 87656652 2410688 69587712    0    0     0 401052 160877 680971 80 19  0  0  0  0
174  0  70368 87650124 2410688 69587740    0    0     0 404716 161427 676388 80 20  0  0  0  0
158  3  70368 87650624 2410688 69587760    0    0     0 421300 161775 681986 79 20  0  0  0  0
142  0  70368 87653564 2410688 69587776    0    0     0 402004 162410 678125 80 20  0  0  0  0
178  1  70368 87659288 2410688 69587808    0    0     0 409992 162836 677198 80 20  0  0  0  0
149  0  70368 87669268 2410688 69587820    0    0     0 440064 162504 683068 80 20  0  0  0  0
163  0  70368 87669280 2410688 69587844    0    0     0 390856 159543 681845 80 20  0  0  0  0
170  0  70368 87676012 2410688 69587864    0    0     0 416504 160971 679733 80 20  0  0  0  0
186  1  70368 87678696 2410688 69587876    0    0     0 415512 160745 679817 79 20  0  0  0  0
146  1  70368 87671288 2410688 69587904    0    0     0 400804 159087 680590 80 20  0  0  0  0
157  1  70368 87669620 2410688 69587936    0    0     0 418528 161110 680115 79 20  0  0  0  0
175  1  70368 87676896 2410688 69587964    0    0     0 404968 159857 679479 80 20  0  0  0  0
182  0  70368 87673964 2410688 69587984    0    0     0 424572 162495 679309 79 20  0  0  0  0
164  0  70368 87671452 2410688 69588004    0    0     0 420792 160529 680385 80 20  0  0  0  0
154  0  70368 87680200 2410688 69588024    0    0     0 410380 162400 680002 80 20  0  0  0  0
160  0  70368 87677412 2410688 69588032    0    0     0 394824 159367 676894 80 20  0  0  0  0
153  0  70368 87675392 2410688 69588068    0    0     0 431216 189257 684138 79 20  1  0  0  0
161  0  70368 87593952 2410688 69588084    0    0     0 393912 233855 673212 79 21  0  0  0  0
128  0  70368 87583280 2410688 69588092    0    0     0 407044 294819 667897 79 21  1  0  0  0
160  0  70368 87507152 2410688 69588120    0    0     0 411492 160032 675112 79 21  0  0  0  0
procs -----------memory---------- ---swap-- -----io---- -system-- -------cpu-------
 r  b   swpd   free   buff  cache   si   so    bi    bo   in   cs us sy id wa st gu
164  0  70368 87596276 2410688 69588180    0    0     0 418868 163623 675702 79 21  0  0  0  0
174  0  70368 87545996 2410688 69588264    0    0     0 404420 161696 676004 79 21  0  0  0  0
126  0  70368 87553396 2410688 69588292    0    0     0 413656 161010 681641 79 21  0  0  0  0
190  1  70368 87622184 2410688 69588312    0    0     0 432096 164417 683720 79 21  0  0  0  0
196  0  70368 87596252 2410688 69588336    0    0     0 440588 163560 680050 79 20  0  0  0  0
176  0  70368 87591112 2410688 69588372    0    0     0 372692 158548 674676 80 20  0  0  0  0
190  0  70368 87596876 2410688 69588388    0    0     0 410436 162036 680080 80 20  0  0  0  0
175  6  70368 87632140 2410688 69588416    0    0     0 426180 162193 677764 79 20  0  0  0  0
143  0  70368 87643972 2410688 69588428    0    0     0 399364 162039 675864 80 20  0  0  0  0
172  0  70368 87638616 2410688 69588444    0    0     0 421084 162498 683567 80 20  0  0  0  0
155  0  70368 87641988 2410688 69588472    0    0     0 394876 160573 680166 80 20  0  0  0  0
186  0  70368 87638680 2410688 69588488    0    0     0 415200 162828 681058 79 20  0  0  0  0
143  0  70368 87646940 2410688 69588504    0    0     0 423696 162068 684884 80 20  0  0  0  0
165  1  70368 87648804 2410688 69588552    0    0     0 416832 165720 679069 80 20  0  0  0  0
185  1  70368 87653804 2410688 69588576    0    0     0 397028 161168 674445 80 20  0  0  0  0
163  0  70368 87658192 2410688 69588596    0    0     0 425372 163177 679969 80 20  0  0  0  0
165  0  70368 87663476 2410688 69588620    0    0     0 404032 161460 677798 80 20  0  0  0  0
165  2  70368 87654064 2410688 69588644    0    0     0 405908 196828 677605 79 20  0  0  0  0
164  1  70368 87592572 2410688 69588656    0    0     0 440368 243449 677311 79 21  0  0  0  0
164  0  70368 87630292 2410688 69588672    0    0     0 402124 160829 674714 80 20  0  0  0  0
172  0  70368 87571128 2410688 69588700    0    0     0 398708 163082 675425 79 20  0  0  0  0
procs -----------memory---------- ---swap-- -----io---- -system-- -------cpu-------
 r  b   swpd   free   buff  cache   si   so    bi    bo   in   cs us sy id wa st gu
172  0  70368 87545860 2410688 69588724    0    0     0 411468 159898 682197 79 21  0  0  0  0
152  0  70368 87608952 2410688 69588744    0    0     0 410268 160318 678514 79 20  0  0  0  0
159  0  70368 87635468 2410688 69588756    0    0     0 410028 163316 682569 80 20  0  0  0  0
179  0  70368 87628652 2410688 69588784    0    0     0 418320 163106 680532 80 20  0  0  0  0
148  0  70368 87612996 2410688 69588812    0    0     0 415128 164789 681098 80 20  0  0  0  0
172  0  70368 87610320 2410688 69588820    0    0     0 421620 163110 678968 80 20  0  0  0  0
162  0  70368 87616612 2410688 69588848    0    0     0 393956 160855 678967 80 20  0  0  0  0
208  0  70368 87620200 2410688 69588872    0    0     0 414480 160011 682042 80 20  0  0  0  0
179  0  70368 87633868 2410688 69588884    0    0     0 426124 162109 683518 80 20  0  0  0  0
132  1  70368 87644852 2410688 69588912    0    0     0 412660 162204 678916 80 20  0  0  0  0
172  0  70368 87644076 2410688 69588936    0    0     0 394228 162871 679860 80 20  0  0  0  0
159  1  70368 87642756 2410688 69588952    0    0     0 425360 161119 680278 79 21  0  0  0  0
184  0  70368 87642728 2410688 69588976    0    0     0 413228 160836 681794 80 20  0  0  0  0
207  0  70368 87645796 2410688 69588984    0    0     0 414964 158831 682470 80 20  0  0  0  0
170  0  70368 87645592 2410688 69589020    0    0     0 431500 164742 680862 79 20  0  0  0  0
149  0  70368 87653196 2410688 69589044    0    0     0 405464 161206 680393 79 20  0  0  0  0
145  2  70368 87651908 2410688 69589064    0    0     0 410580 173608 678078 80 20  0  0  0  0
143  0  70368 87657488 2410688 69589076    0    0     0 433608 161365 682610 80 20  0  0  0  0
160  0  70368 87647592 2410688 69589104    0    0     0 382720 161532 674365 80 20  0  0  0  0
153  0  70368 87648144 2410688 69589136    0    0     0 423832 165017 680115 80 20  0  0  0  0
164  0  70368 87654560 2410688 69589152    0    0     0 427604 161930 682261 79 20  0  0  0  0
procs -----------memory---------- ---swap-- -----io---- -system-- -------cpu-------
 r  b   swpd   free   buff  cache   si   so    bi    bo   in   cs us sy id wa st gu
178  0  70368 87655896 2410688 69589180    0    0     0 393644 163359 676627 79 20  0  0  0  0
146  0  70368 87667228 2410688 69589200    0    0     0 434884 162707 678148 80 20  0  0  0  0
179  2  70368 87662096 2410688 69589228    0    0     0 410276 162059 676410 79 20  0  0  0  0
180  1  70368 87668684 2410688 69589252    0    0     0 417748 159850 676761 80 20  0  0  0  0
180  0  70368 87669248 2410688 69589276    0    0     0 404120 161349 680022 80 20  0  0  0  0
166  0  70368 87667884 2410688 69589300    0    0     0 406476 160213 680756 80 20  0  0  0  0
174  0  70368 87662156 2410688 69589324    0    0     0 425416 163663 680858 80 20  0  0  0  0
144  0  70368 87663012 2410688 69589352    0    0     0 417348 162530 677969 79 20  0  0  0  0
168  0  70368 87658104 2410688 69589376    0    0     0 417252 161689 687866 80 20  0  0  0  0
160  1  70368 87665016 2410688 69589392    0    0     0 443956 162279 681554 80 20  0  0  0  0
175  0  70368 87673920 2410688 69589408    0    0     0 402080 164789 680883 80 20  0  0  0  0
152  0  70368 87672704 2410688 69589428    0    0     0 433348 163324 687112 80 20  0  0  0  0
151  6  70368 87669708 2410688 69589448    0    0     0 410872 157234 684194 80 20  0  0  0  0
208  0  70368 87669532 2410688 69589476    0    0     0 421452 163199 682620 80 20  0  0  0  0
142  0  70368 87668776 2410688 69589496    0    0     0 429400 163379 681451 79 20  0  0  0  0
112  1  70368 87662208 2410688 69589512    0    0     0 415352 160633 681581 80 20  0  0  0  0
176  0  70368 87662400 2410688 69589532    0    0     0 429244 162981 680252 80 20  0  0  0  0
164  0  70368 87662424 2410688 69589556    0    0     0 417436 161779 683295 80 20  0  0  0  0
179  0  70368 87651536 2410688 69589656    0    0     0 424544 161850 681431 80 20  0  0  0  0
172  0  70368 87652376 2410688 69589680    0    0     0 402052 161333 681175 80 20  0  0  0  0
156  0  70368 87658168 2410688 69589700    0    0     0 431516 162869 679581 80 20  0  0  0  0
procs -----------memory---------- ---swap-- -----io---- -system-- -------cpu-------
 r  b   swpd   free   buff  cache   si   so    bi    bo   in   cs us sy id wa st gu
157  0  70368 87652024 2410688 69589720    0    0     0 402152 157751 678834 80 20  0  0  0  0
143  1  70368 87654376 2410688 69589744    0    0     0 424744 161673 683089 80 20  0  0  0  0
189  2  70368 87649060 2410688 69589760    0    0     0 436296 159723 683045 80 20  0  0  0  0
158  2  70368 87654492 2410688 69589780    0    0     0 399952 159914 680960 80 20  0  0  0  0
181  0  70368 87659044 2410688 69589800    0    0     0 446852 164162 684985 80 20  0  0  0  0
187  0  70368 87658404 2410688 69589824    0    0     0 355564 155581 678971 80 20  0  0  0  0
171  0  70368 87651876 2410688 69589848    0    0     0 424856 159877 684309 80 20  0  0  0  0
235  1  70368 87660424 2410688 69589864    0    0     0 426044 160940 683743 80 20  0  0  0  0
161  1  70368 87663272 2410688 69589892    0    0     0 415132 161343 679362 79 20  0  0  0  0
158  0  70368 87658688 2410688 69589908    0    0     0 403720 160699 682257 79 20  0  0  0  0
152  0  70368 87661812 2410688 69589932    0    0     0 412692 161293 678904 80 20  0  0  0  0
153  0  70368 87659228 2410688 69589960    0    0     0 422600 162524 678634 79 20  0  0  0  0
168  0  70368 87653280 2410688 69589980    0    0     0 424840 161682 680214 80 20  0  0  0  0
175  0  70368 87657132 2410688 69590008    0    0     0 385220 156958 677001 80 20  0  0  0  0
174  9  70368 87657888 2410688 69590024    0    0     0 407984 159194 683928 80 20  0  0  0  0
118  0  70368 87656584 2410688 69590048    0    0     0 406052 160539 680932 80 20  0  0  0  0
162  2  70368 87657352 2410688 69590072    0    0     0 439568 160509 685022 80 20  0  0  0  0
155  0  70368 87654404 2410688 69590088    0    0     0 401088 160794 681988 80 20  0  0  0  0
149  0  70368 87664208 2410688 69590112    0    0     0 427876 162200 681675 80 20  0  0  0  0
165  0  70368 87666404 2410688 69590128    0    0     0 417448 159696 681854 80 20  0  0  0  0
165  0  70368 87658756 2410688 69590148    0    0     0 376532 156933 678552 80 20  0  0  0  0
procs -----------memory---------- ---swap-- -----io---- -system-- -------cpu-------
 r  b   swpd   free   buff  cache   si   so    bi    bo   in   cs us sy id wa st gu
199  0  70368 87656000 2410688 69590164    0    0     0 430244 158414 683328 80 20  0  0  0  0
170  0  70368 87653936 2410688 69590188    0    0     0 412192 158657 679280 80 20  0  0  0  0
165  0  70368 87653864 2410688 69590216    0    0     0 414324 160936 679938 79 20  0  0  0  0
173  0  70368 87650764 2410688 69590236    0    0     0 406552 157967 683367 80 20  0  0  0  0
155 13  70368 87649856 2410688 69590256    0    0     0 415492 158480 680137 80 20  0  0  0  0
176  0  70368 87645584 2410688 69590284    0    0     0 405516 160459 682313 80 20  0  0  0  0
150  0  70368 87659556 2410688 69590296    0    0     0 434908 161141 685212 80 20  0  0  0  0
142  0  70368 87660880 2410688 69590328    0    0     0 375756 160103 672884 80 20  0  0  0  0
165  0  70368 87660468 2410688 69590352    0    0     0 415524 161024 682636 79 20  0  0  0  0
172  1  70368 87661472 2410688 69590368    0    0     0 429376 160725 687260 80 20  0  0  0  0
178  0  70368 87654116 2410688 69590388    0    0     0 387308 158159 679326 80 20  0  0  0  0
180  1  70368 87652292 2410688 69590412    0    0     0 418952 162026 682128 80 20  0  0  0  0
170  0  70368 87668708 2410688 69590428    0    0     0 406900 159638 687170 80 20  0  0  0  0
130  1  70368 87664648 2410688 69590452    0    0     0 429444 161487 683149 80 20  0  0  0  0
197  0  70368 87661176 2410688 69590468    0    0     0 390768 159463 679385 80 20  0  0  0  0
185  0  70368 87658448 2410688 69590496    0    0     0 428948 160693 683549 79 20  0  0  0  0
168  0  70368 87662124 2410688 69590520    0    0     0 408248 162899 678156 80 20  0  0  0  0
189  0  70368 87660788 2410688 69590536    0    0     0 388640 157582 675362 80 20  0  0  0  0
167  0  70368 87661220 2410688 69590560    0    0     0 428216 156839 683470 80 20  0  0  0  0
120  0  70368 87662140 2410688 69590592    0    0     0 415276 159903 681946 80 20  0  0  0  0
161  0  70368 87662148 2410688 69590612    0    0     0 429020 161206 682604 80 20  0  0  0  0
procs -----------memory---------- ---swap-- -----io---- -system-- -------cpu-------
 r  b   swpd   free   buff  cache   si   so    bi    bo   in   cs us sy id wa st gu
151  0  70368 87660304 2410688 69590636    0    0     0 399464 160515 680652 80 20  0  0  0  0
141  1  70368 87661116 2410688 69590664    0    0     0 425652 160179 682757 80 20  0  0  0  0
177  0  70368 87657360 2410688 69590688    0    0     0 418752 157560 682141 80 20  0  0  0  0
135  0  70368 87658728 2410688 69590704    0    0     0 403856 160555 681963 80 20  0  0  0  0
198  0  70368 87658220 2410688 69590724    0    0     0 440848 161232 683727 80 20  0  0  0  0
158  5  70368 87663644 2410688 69590736    0    0     0 412852 159754 683048 80 20  0  0  0  0
164  1  70368 87662600 2410688 69590768    0    0     0 395252 160026 682888 80 20  0  0  0  0
139  1  70368 87668992 2410688 69590776    0    0     0 432592 160414 682386 80 20  0  0  0  0
159  0  70368 87664556 2410688 69590800    0    0     0 430828 161704 683831 79 20  0  0  0  0
186  0  70368 87665976 2410688 69590824    0    0     0 384272 160831 674529 80 20  0  0  0  0
153  2  70368 87666412 2410688 69590852    0    0     0 410800 159049 682767 80 20  0  0  0  0
165  0  70368 87662688 2410688 69590876    0    0     0 433352 162753 678692 80 20  0  0  0  0
153  0  70368 87658408 2410688 69590908    0    0     0 385756 161144 676215 80 20  0  0  0  0
160  0  70368 87652228 2410688 69590928    0    0     0 429976 162528 680721 80 20  0  0  0  0
128  0  70368 87652004 2410688 69590952    0    0     0 415396 157646 683222 80 20  0  0  0  0
189  0  70368 87654288 2410688 69591036    0    0     0 401948 157996 679446 80 20  0  0  0  0
188  0  70368 87654880 2410688 69591044    0    0     0 437756 164118 683091 80 20  0  0  0  0
188  0  70368 87659976 2410688 69591072    0    0     0 405304 160973 677855 80 20  0  0  0  0
165  0  70368 87659892 2410688 69591092    0    0     0 398920 159722 679114 79 20  0  0  0  0
169  0  70368 87663012 2410688 69591112    0    0     0 447428 164786 683360 79 20  0  0  0  0
145  0  70368 87661928 2410688 69591148    0    0     0 372312 156282 681534 80 20  0  0  0  0
procs -----------memory---------- ---swap-- -----io---- -system-- -------cpu-------
 r  b   swpd   free   buff  cache   si   so    bi    bo   in   cs us sy id wa st gu
172  0  70368 87672204 2410688 69591160    0    0     0 465232 165036 685430 80 20  0  0  0  0
174  0  70368 87667044 2410688 69591176    0    0     0 420768 161352 681145 80 20  0  0  0  0
165  0  70368 87661128 2410688 69591208    0    0     0 413860 161877 681008 80 20  0  0  0  0
160  0  70368 87662784 2410688 69591220    0    0     0 393916 160998 676296 80 20  0  0  0  0
176  0  70368 87665692 2410688 69591244    0    0     0 446488 161428 683146 80 20  0  0  0  0
185  0  70368 87657168 2410688 69591268    0    0     0 358404 158502 674666 80 20  0  0  0  0
192  0  70368 87654784 2410688 69591284    0    0     0 434140 161480 684807 80 20  0  0  0  0
153  0  70368 87658612 2410688 69591324    0    0     0 430056 160459 682861 80 20  0  0  0  0
171  0  70368 87659604 2410688 69591344    0    0     0 389760 158793 677564 80 20  0  0  0  0
164  1  70368 87661696 2410688 69591368    0    0     0 423012 161482 677138 80 20  0  0  0  0
168  1  70368 87656260 2410688 69591392    0    0     0 429612 159642 687006 80 20  0  0  0  0
205  0  70368 87652128 2410688 69591412    0    0     0 411232 161208 682021 80 20  0  0  0  0
164  1  70368 87661768 2410688 69591440    0    0     0 404516 158224 684086 80 20  0  0  0  0
214  0  70368 87655020 2410688 69591452    0    0     0 415708 158906 684870 80 20  0  0  0  0
142  0  70368 87663324 2410688 69591476    0    0     0 415408 158656 687564 80 20  0  0  0  0
139  1  70368 87662948 2410688 69591488    0    0     0 392064 155712 682667 80 20  0  0  0  0
161  0  70368 87657336 2410688 69591516    0    0     0 420672 157875 683234 80 20  0  0  0  0
147  0  70368 87656020 2410688 69591544    0    0     0 427248 160955 680657 79 20  0  0  0  0
131  0  70368 87652048 2410688 69591556    0    0     0 444144 163052 681429 80 20  0  0  0  0
115  1  70368 87658684 2410688 69591576    0    0     0 374608 156510 675908 80 20  0  0  0  0
163  0  70368 87654976 2410688 69591600    0    0     0 439376 162725 683126 80 20  0  0  0  0
procs -----------memory---------- ---swap-- -----io---- -system-- -------cpu-------
 r  b   swpd   free   buff  cache   si   so    bi    bo   in   cs us sy id wa st gu
146  0  70368 87645344 2410688 69591616    0    0     0 387260 157001 681621 80 20  0  0  0  0
117  0  70368 87650556 2410688 69591648    0    0     0 434300 161384 679180 79 20  0  0  0  0
153  2  70368 87650896 2410688 69591664    0    0     0 415928 160528 679238 80 20  0  0  0  0
179  1  70368 87648176 2410688 69591692    0    0     0 418172 160418 679310 80 20  0  0  0  0
136  1  70368 87644240 2410688 69591716    0    0     0 412208 158590 679861 80 20  0  0  0  0
165  0  70368 87648272 2410688 69591736    0    0     0 425348 162953 680644 80 20  0  0  0  0
149  0  70368 87652068 2410688 69591764    0    0     0 420448 162775 678499 80 20  0  0  0  0
155  1  70368 87653728 2410688 69591792    0    0     0 428600 161694 681213 80 20  0  0  0  0
160  0  70368 87655512 2410688 69591796    0    0     0 396772 163043 681890 80 20  0  0  0  0
176  1  70368 87650716 2410688 69591820    0    0     0 462940 163032 685178 80 20  0  0  0  0
174  1  70368 87647124 2410688 69591832    0    0     0 381664 156982 681802 80 20  0  0  0  0
179  1  70368 87644864 2410688 69591860    0    0     0 440036 161968 685766 79 20  0  0  0  0
187  0  70368 87648964 2410688 69591880    0    0     0 437392 160067 686797 80 20  0  0  0  0
152  0  70368 87645364 2410688 69591908    0    0     0 416032 161137 678225 80 20  0  0  0  0
168  0  70368 87641232 2410688 69591932    0    0     0 389700 157437 678587 80 20  0  0  0  0
168  0  70368 87644092 2410688 69591964    0    0     0 454320 161293 687090 79 20  0  0  0  0
191  0  70368 87638924 2410688 69591984    0    0     0 398860 157184 680135 80 20  0  0  0  0
147  0  70368 87648428 2410688 69592012    0    0     0 449776 161245 684277 80 20  0  0  0  0
159  0  70368 87642292 2410688 69592032    0    0     0 437456 160992 681404 80 20  0  0  0  0
116 11  70368 87646836 2410688 69592044    0    0     0 375388 159091 674475 80 20  0  0  0  0
150  0  70368 87648608 2410688 69592072    0    0     0 443964 164680 681553 79 20  0  0  0  0
procs -----------memory---------- ---swap-- -----io---- -system-- -------cpu-------
 r  b   swpd   free   buff  cache   si   so    bi    bo   in   cs us sy id wa st gu
162  0  70368 87651832 2410688 69592100    0    0     0 396828 161140 680431 79 20  0  0  0  0
173  1  70368 87653396 2410688 69592124    0    0     0 471076 165023 693009 80 20  0  0  0  0
148  1  70368 87655440 2410688 69592140    0    0     0 384828 159211 680963 80 19  0  0  0  0
169  1  70368 87649208 2410688 69592164    0    0     0 433904 160699 682366 80 20  0  0  0  0
185  0  70368 87644928 2410688 69592184    0    0     0 386208 160396 677073 80 20  0  0  0  0
191  0  70368 87644952 2410688 69592204    0    0     0 418236 171739 680530 80 20  0  0  0  0
176  0  70368 87647276 2410688 69592220    0    0     0 431856 164647 680430 80 20  0  0  0  0
179  2  70368 87645924 2410688 69592240    0    0     0 396852 158712 677797 80 20  0  0  0  0
185  1  70368 87645144 2410688 69592264    0    0     0 452864 163032 680260 79 20  0  0  0  0
137  0  70368 87643832 2410688 69592292    0    0     0 363608 158469 680054 80 20  0  0  0  0
196  0  70368 87650920 2410688 69592308    0    0     0 429992 162274 681867 79 20  0  0  0  0
161  0  70368 87648800 2410688 69592336    0    0     0 427488 163697 680285 80 20  0  0  0  0
163  1  70368 87645576 2410688 69592436    0    0     0 424740 164816 679383 79 20  0  0  0  0
159 12  70368 87655528 2410688 69592452    0    0     0 385316 161049 676966 79 20  0  0  0  0
178  0  70368 87650140 2410688 69592480    0    0     0 420356 158288 685597 80 20  0  0  0  0
166  0  70368 87648516 2410688 69592508    0    0     0 414388 159712 682439 80 20  0  0  0  0
138  0  70368 87652516 2410688 69592512    0    0     0 388908 158921 685037 80 19  0  0  0  0
187  2  70368 87655232 2410688 69592536    0    0     0 456772 167031 683480 80 20  0  0  0  0
174  1  70368 87648904 2410688 69592548    0    0     0 399564 160122 679557 80 20  0  0  0  0
168  0  70368 87651376 2410688 69592576    0    0     0 410984 159606 677050 80 20  0  0  0  0
161  0  70368 87654564 2410688 69592604    0    0     0 412976 158261 682430 80 20  0  0  0  0
procs -----------memory---------- ---swap-- -----io---- -system-- -------cpu-------
 r  b   swpd   free   buff  cache   si   so    bi    bo   in   cs us sy id wa st gu
191  0  70368 87653188 2410688 69592628    0    0     0 420684 160195 682820 80 20  0  0  0  0
105  1  70368 87646452 2410688 69592652    0    0     0 430828 163598 677501 79 20  0  0  0  0
158  1  70368 87647580 2410688 69592676    0    0     0 388156 159741 679004 80 20  0  0  0  0
165  1  70368 87649304 2410688 69592684    0    0     0 436056 161637 682258 80 20  0  0  0  0
149  0  70368 87653208 2410688 69592708    0    0     0 436500 162095 678099 80 20  0  0  0  0
134  0  70368 87649484 2410688 69592732    0    0     0 374612 156854 678186 80 20  0  0  0  0
177  0  70368 87645276 2410688 69592760    0    0     0 431384 163713 677643 79 20  0  0  0  0
205  0  70368 87644304 2410688 69592776    0    0     0 402428 158206 683744 80 20  0  0  0  0
175  1  70368 87645764 2410688 69592808    0    0     0 427796 161219 682973 80 20  0  0  0  0
150  0  70368 87649396 2410688 69592844    0    0     0 397248 159397 682692 80 20  0  0  0  0
203  0  70368 87658596 2410688 69592848    0    0     0 430968 164141 684505 80 20  0  0  0  0
182  0  70368 87653340 2410688 69592880    0    0     0 434460 162743 678240 80 20  0  0  0  0
163  1  70368 87647200 2410688 69592896    0    0     0 370448 156339 681816 80 20  0  0  0  0
181  9  70368 87646136 2410688 69592912    0    0     0 438564 161219 682517 80 20  0  0  0  0
156  0  70368 87650904 2410688 69592936    0    0     0 409536 161310 676958 80 20  0  0  0  0
201  0  70368 87653300 2410688 69592956    0    0     0 425240 160195 680179 80 20  0  0  0  0
80  0  70368 87649448 2410688 69592984    0    0     0 404448 159719 678286 80 20  0  0  0  0
170  0  70368 87661372 2410688 69593000    0    0     0 413732 161293 678603 80 20  0  0  0  0
190  0  70368 87648908 2410688 69593032    0    0     0 392868 158777 679639 80 20  0  0  0  0
180  0  70368 87648052 2410688 69593060    0    0     0 478108 163700 683406 79 20  0  0  0  0
140  0  70368 87651992 2410688 69593076    0    0     0 371588 160399 673182 80 20  0  0  0  0
procs -----------memory---------- ---swap-- -----io---- -system-- -------cpu-------
 r  b   swpd   free   buff  cache   si   so    bi    bo   in   cs us sy id wa st gu
137  1  70368 87652832 2410688 69593100    0    0     0 409720 159727 679663 80 20  0  0  0  0
153  1  70368 87652784 2410688 69593116    0    0     0 425148 159531 681108 79 20  0  0  0  0
109  1  70368 87655088 2410688 69593140    0    0     0 421960 165425 680622 79 20  0  0  0  0
180  0  70368 87659624 2410688 69593156    0    0     0 423284 164463 683872 80 20  0  0  0  0
198  0  70368 87657772 2410688 69593172    0    0     0 424972 157885 683275 80 20  0  0  0  0
172  0  70368 87650264 2410688 69593196    0    0     0 417556 162858 678992 80 20  0  0  0  0
163  0  70368 87647492 2410688 69593220    0    0     0 411848 160633 678208 80 20  0  0  0  0
183  0  70368 87648212 2410688 69593244    0    0     0 393336 160133 679949 80 20  0  0  0  0
145  0  70368 87644004 2410688 69593268    0    0     0 443304 161091 684883 80 20  0  0  0  0
188  0  70368 87641444 2410688 69593288    0    0     0 396856 160902 677541 80 20  0  0  0  0
178  0  70368 87648268 2410688 69593312    0    0     0 458156 164789 681442 80 20  0  0  0  0
165  0  70368 87651868 2410688 69593332    0    0     0 373000 158994 676399 80 20  0  0  0  0
186  1  70368 87645884 2410688 69593356    0    0     0 434728 161896 680299 80 20  0  0  0  0
224  0  70368 87637476 2410688 69593384    0    0     0 398232 157251 684866 80 20  0  0  0  0
183  3  70368 87640332 2410688 69593400    0    0     0 426736 160831 686218 80 20  0  0  0  0
174  1  70368 87641632 2410688 69593424    0    0     0 415324 158677 682303 80 20  0  0  0  0
161  3  70368 87642868 2410688 69593448    0    0     0 418828 159967 682433 80 20  0  0  0  0
158  0  70368 87640752 2410688 69593468    0    0     0 413640 159232 682279 80 20  0  0  0  0
187  0  70368 87643988 2410688 69593488    0    0     0 444452 160694 688954 80 20  0  0  0  0
158  0  70368 87647812 2410688 69593504    0    0     0 434072 162112 679979 80 20  0  0  0  0
196  1  70368 87639592 2410688 69593524    0    0     0 370208 158410 673490 80 20  0  0  0  0
procs -----------memory---------- ---swap-- -----io---- -system-- -------cpu-------
 r  b   swpd   free   buff  cache   si   so    bi    bo   in   cs us sy id wa st gu
161  0  70368 87637120 2410688 69593552    0    0     0 406884 160377 681302 80 20  0  0  0  0
139  0  70368 87637088 2410688 69593580    0    0     0 428676 178287 679023 80 20  0  0  0  0
162  0  70368 87639644 2410688 69593600    0    0     0 436664 164346 680414 80 20  0  0  0  0
200  0  70368 87646172 2410688 69593628    0    0     0 380948 161403 676516 80 20  0  0  0  0
152  0  70368 87640772 2410688 69593648    0    0     0 423720 158940 686145 80 20  0  0  0  0
202  1  70368 87642284 2410688 69593676    0    0     0 440340 162556 680661 79 21  0  0  0  0
200  1  70368 87656788 2410688 69593704    0    0     0 431288 164301 681913 80 20  0  0  0  0
173  0  70368 87653752 2410688 69593724    0    0     0 399048 157911 680936 80 20  0  0  0  0
141  0  70368 87652140 2410688 69593736    0    0     0 438048 161253 684156 80 20  0  0  0  0
170  0  70368 87651480 2410688 69593824    0    0     0 377240 158676 677908 80 20  0  0  0  0
167  0  70368 87643660 2410688 69593852    0    0     0 453004 162735 684779 80 20  0  0  0  0
178  0  70368 87644340 2410688 69593872    0    0     0 387480 158341 678824 80 20  0  0  0  0
163  0  70368 87645700 2410688 69593888    0    0     0 433768 165467 692025 80 20  0  0  0  0
174  0  70368 87649984 2410688 69593904    0    0     0 451272 162656 679830 80 20  0  0  0  0
164  0  70368 87643924 2410688 69593924    0    0     0 401036 158664 678738 80 20  0  0  0  0
171  1  70368 87638148 2410688 69593956    0    0     0 394648 159266 683878 80 20  0  0  0  0
155  3  70368 87643708 2410688 69593980    0    0     0 435092 164905 680623 80 20  0  0  0  0
197  1  70368 87640480 2410688 69594000    0    0     0 444588 161389 680333 80 20  0  0  0  0
165  1  70368 87640408 2410688 69594016    0    0     0 405984 161707 678921 79 20  0  0  0  0
177  0  70368 87646072 2410688 69594040    0    0     0 416908 160763 677107 80 20  0  0  0  0
176  1  70368 87646812 2410688 69594060    0    0     0 420884 160574 676723 80 20  0  0  0  0
procs -----------memory---------- ---swap-- -----io---- -system-- -------cpu-------
 r  b   swpd   free   buff  cache   si   so    bi    bo   in   cs us sy id wa st gu
157  1  70368 87649032 2410688 69594092    0    0     0 414268 159687 679951 80 20  0  0  0  0
174  0  70368 87644316 2410688 69594108    0    0     0 393508 160491 680348 80 20  0  0  0  0
137  0  70368 87643656 2410688 69594136    0    0     0 442688 163285 680930 80 20  0  0  0  0
155  0  70368 87647780 2410688 69594156    0    0     0 428296 162252 685292 80 20  0  0  0  0
162  0  70368 87638884 2410688 69594176    0    0     0 417908 159767 682647 80 20  0  0  0  0
148  0  70368 87641836 2410688 69594196    0    0     0 416444 159796 680005 80 20  0  0  0  0
187  0  70368 87647624 2410688 69594212    0    0     0 395264 162452 683637 81 19  0  0  0  0
183  0  70368 87646760 2410688 69594232    0    0     0 467436 166474 680822 79 20  0  0  0  0
155  0  70368 87644412 2410688 69594252    0    0     0 411360 161262 677155 80 20  0  0  0  0
170  0  70368 87638104 2410688 69594272    0    0     0 403452 159746 679318 80 20  0  0  0  0
116  0  70368 87631504 2410688 69594308    0    0     0 427424 160131 681265 80 20  0  0  0  0
157  1  70368 87634608 2410688 69594336    0    0     0 417588 161609 680855 80 20  0  0  0  0
165  0  70368 87635112 2410688 69594356    0    0     0 441308 163224 684022 80 20  0  0  0  0
169  1  70368 87641552 2410688 69594380    0    0     0 412628 158430 685262 80 20  0  0  0  0
211  0  70368 87640644 2410688 69594396    0    0     0 398912 160155 679946 80 20  0  0  0  0
172  0  70368 87642276 2410688 69594424    0    0     0 459140 164443 684419 79 20  0  0  0  0
164  0  70368 87644268 2410688 69594448    0    0     0 440628 163592 679735 79 20  0  0  0  0
165  9  70368 87645064 2410688 69594472    0    0     0 372452 159119 674654 80 20  0  0  0  0
163  0  70368 87645172 2410688 69594492    0    0     0 424512 160194 682063 80 20  0  0  0  0
165  0  70368 87645416 2410688 69594512    0    0     0 447100 165350 683168 80 20  0  0  0  0
179  0  70368 87643692 2410688 69594536    0    0     0 401668 160848 682842 80 20  0  0  0  0
procs -----------memory---------- ---swap-- -----io---- -system-- -------cpu-------
 r  b   swpd   free   buff  cache   si   so    bi    bo   in   cs us sy id wa st gu
182  0  70368 87648584 2410688 69594560    0    0     0 434744 163966 682512 80 20  0  0  0  0
142  0  70368 87646768 2410688 69594572    0    0     0 438636 166714 677664 79 20  0  0  0  0
160  0  70368 87638212 2410688 69594596    0    0     0 381344 160962 674480 80 20  0  0  0  0
128  0  70368 87632924 2410688 69594620    0    0     0 452564 163467 680189 79 20  0  0  0  0
186  0  70368 87631820 2410688 69594648    0    0     0 395468 160457 677210 79 20  0  0  0  0
159  0  70368 87633140 2410688 69594664    0    0     0 417728 164080 678379 80 20  0  0  0  0
166  0  70368 87629392 2410688 69594688    0    0     0 444160 163762 677309 80 20  0  0  0  0
159  0  70368 87632264 2410688 69594708    0    0     0 392856 159033 674413 80 20  0  0  0  0
123  0  70368 87630808 2410688 69594728    0    0     0 432644 162120 681611 80 20  0  0  0  0
190  0  70368 87635232 2410688 69594760    0    0     0 419736 161679 677868 79 20  0  0  0  0
184  0  70368 87635228 2410688 69594772    0    0     0 433312 160507 678328 80 20  0  0  0  0
195  0  70368 87634284 2410688 69594796    0    0     0 393236 161068 675608 80 20  0  0  0  0
180  1  70368 87636612 2410688 69594812    0    0     0 412720 159308 685906 80 20  0  0  0  0
178  0  70368 87639016 2410688 69594832    0    0     0 451660 162051 686566 80 20  0  0  0  0
158  0  70368 87642724 2410688 69594860    0    0     0 416940 162196 680667 80 20  0  0  0  0
169  0  70368 87615992 2410688 69594884    0    0     0 420000 160556 671839 80 20  0  0  0  0
220  0  70368 87592720 2410688 69594908    0    0     0 404336 157410 669978 80 20  0  0  0  0
184  4  70368 87584712 2410688 69594928    0    0     0 417176 165728 669862 80 20  0  0  0  0
141  0  70368 87578520 2410688 69594964    0    0     0 415356 173543 674596 80 20  0  0  0  0
139  0  70368 87591244 2410688 69594976    0    0     0 418040 160147 673951 80 20  0  0  0  0
180  0  70368 87590504 2410688 69595000    0    0     0 408120 159491 672430 80 20  0  0  0  0
procs -----------memory---------- ---swap-- -----io---- -system-- -------cpu-------
 r  b   swpd   free   buff  cache   si   so    bi    bo   in   cs us sy id wa st gu
173  0  70368 87588204 2410688 69595020    0    0     0 426076 162684 671563 80 20  0  0  0  0
147  0  70368 87595528 2410688 69595040    0    0     0 402168 160489 674869 80 20  0  0  0  0
162  0  70368 87599628 2410688 69595064    0    0     0 433548 159883 677124 80 20  0  0  0  0
160  0  70368 87602552 2410688 69595088    0    0     0 417056 162620 672028 80 20  0  0  0  0
149  0  70368 87589212 2410688 69595116    0    0     0 411252 160146 670849 80 20  0  0  0  0
188  0  70368 87584172 2410688 69595136    0    0     0 415260 161214 670510 80 20  0  0  0  0
153  0  70368 87586440 2410688 69595248    0    0     0 418876 161594 675143 80 20  0  0  0  0
171  0  70368 87590092 2410688 69595280    0    0     0 414840 160747 674970 80 20  0  0  0  0
137  0  70368 87591296 2410688 69595292    0    0     0 409520 161645 680761 81 19  0  0  0  0
170  0  70368 87595312 2410688 69595308    0    0     0 414032 158438 672333 80 19  0  0  0  0
175  0  70368 87595392 2410688 69595328    0    0     0 411396 160390 673667 80 20  0  0  0  0
154  0  70368 87593988 2410692 69595352    0    0     0 414396 161045 671841 80 20  0  0  0  0
164  0  70368 87593132 2410692 69595376    0    0     0 412120 161897 671843 80 20  0  0  0  0
146  0  70368 87594836 2410692 69595396    0    0     0 404300 157322 671948 80 20  0  0  0  0
176  0  70368 87597312 2410692 69595420    0    0     0 426428 158513 672245 80 20  0  0  0  0
125  0  70368 87605216 2410692 69595436    0    0     0 413320 163493 670796 80 20  0  0  0  0
152  0  70368 87605012 2410692 69595460    0    0     0 416196 160711 673465 80 20  0  0  0  0
140  0  70368 87597084 2410692 69595480    0    0     0 415176 161869 669378 80 20  0  0  0  0
154  0  70368 87594864 2410692 69595508    0    0     0 418528 163869 676247 80 20  0  0  0  0
150  0  70368 87596588 2410692 69595532    0    0     0 413940 159654 672247 80 20  0  0  0  0
171  0  70368 87598252 2410692 69595548    0    0     0 417560 165534 672565 80 20  0  0  0  0
procs -----------memory---------- ---swap-- -----io---- -system-- -------cpu-------
 r  b   swpd   free   buff  cache   si   so    bi    bo   in   cs us sy id wa st gu
188  0  70368 87600308 2410692 69595572    0    0     0 413056 169337 668401 79 20  0  0  0  0
189  0  70368 87601976 2410692 69595592    0    0     0 414392 170456 669917 79 20  0  0  0  0
146  0  70368 87602652 2410692 69595608    0    0     0 417616 167140 669806 80 20  0  0  0  0
166  0  70368 87605840 2410692 69595628    0    0     0 409968 158957 671817 80 20  0  0  0  0
187  0  70368 87592052 2410692 69595652    0    0     0 419336 164395 668235 80 20  0  0  0  0
194  0  70368 87581972 2410692 69595668    0    0     0 400516 160048 667868 80 20  0  0  0  0
174  0  70368 87589996 2410692 69595692    0    0     0 424412 165996 674813 80 20  0  0  0  0
34  0  70368 87677044 2410692 69595720    0    0     0 421012 498631 646739 74 24  2  0  0  0
