procs -----------memory---------- ---swap-- -----io---- -system-- -------cpu-------
 r  b   swpd   free   buff  cache   si   so    bi    bo   in   cs us sy id wa st gu
 5  0  70368 90768648 2410224 69440260    0    1 14199 16890 4365    2  2  0 98  0  0  0
 1  0  70368 90753036 2410224 69440320    0    0     0 320004 95485 60650  1  1 98  0  0  0
68  1  70368 90748320 2410224 69440372    0    0     0 310244 96377 69233 79  2 19  0  0  0
52  0  70368 90708592 2410224 69440396    0    0     0 329900 118735 70475 76  2 22  0  0  0
71  0  70368 90524872 2410224 69440428    0    0     0 342020 229226 544014 57 11 32  0  0  0
76  0  70368 90510880 2410224 69440452    0    0     0 297520 192270 1167362 70 20 10  0  0  0
72  1  70368 90478168 2410224 69440480    0    0     0 317772 219037 1179381 69 20 11  0  0  0
70  0  70368 90487812 2410224 69440504    0    0     0 321648 181676 1215931 69 20 11  0  0  0
72  0  70368 90498528 2410228 69440516    0    0     0 325372 192041 1241131 69 19 12  0  0  0
74  0  70368 90513900 2410228 69440540    0    0     0 322152 180386 1215304 69 19 11  0  0  0
70  1  70368 90502800 2410228 69440560    0    0     0 322740 180032 1214016 69 19 11  0  0  0
69  0  70368 90517644 2410228 69440596    0    0     0 322896 180515 1213230 68 20 11  0  0  0
70  0  70368 90501464 2410228 69440620    0    0     0 322956 182309 1201755 69 20 11  0  0  0
73  1  70368 90513536 2410228 69440644    0    0     0 321708 179979 1158368 69 19 12  0  0  0
75  0  70368 90506516 2410228 69440660    0    0     0 318676 179828 1149452 69 20 11  0  0  0
71  0  70368 90522348 2410228 69440688    0    0     0 316212 178770 1145363 69 20 11  0  0  0
75  0  70368 90511168 2410228 69440712    0    0     0 318840 178967 1151069 69 20 11  0  0  0
68  0  70368 90534508 2410228 69440736    0    0     0 323840 180635 1173719 69 19 12  0  0  0
73  0  70368 90527872 2410228 69440748    0    0     0 322168 188105 1151623 69 19 12  0  0  0
67  0  70368 90499900 2410228 69440768    0    0     0 321592 179070 1147520 69 20 11  0  0  0
72  1  70368 90534544 2410228 69440792    0    0     0 317864 177767 1135563 68 20 12  0  0  0
procs -----------memory---------- ---swap-- -----io---- -system-- -------cpu-------
 r  b   swpd   free   buff  cache   si   so    bi    bo   in   cs us sy id wa st gu
69  0  70368 90520284 2410228 69440892    0    0     0 320068 178967 1140828 68 20 12  0  0  0
69  0  70368 90505540 2410228 69440916    0    0     0 320144 178776 1138792 68 20 11  0  0  0
72  0  70368 90510516 2410228 69440940    0    0     0 322160 179261 1147580 69 20 11  0  0  0
70  0  70368 90495660 2410228 69440968    0    0     0 324776 193559 1144435 68 20 12  0  0  0
71  0  70368 90451564 2410228 69440988    0    0     0 324568 186378 1139973 69 20 11  0  0  0
74  0  70368 90479656 2410228 69441016    0    0     0 330804 181251 1171753 69 19 12  0  0  0
70  0  70368 90473832 2410228 69441024    0    0     0 330852 180810 1165641 69 19 12  0  0  0
69  0  70368 90454028 2410228 69441048    0    0     0 324948 177981 1135230 68 20 12  0  0  0
73  0  70368 90433204 2410228 69441068    0    0     0 327264 179063 1144686 69 20 11  0  0  0
67  0  70368 90479552 2410228 69441096    0    0     0 326068 178532 1138890 69 20 11  0  0  0
67  0  70368 90495720 2410228 69441128    0    0     0 327204 179162 1139795 69 20 11  0  0  0
69  0  70368 90469244 2410228 69441148    0    0     0 330312 178270 1142113 69 20 11  0  0  0
70  0  70368 90491404 2410228 69441172    0    0     0 321144 177429 1130903 69 20 11  0  0  0
68  0  70368 90490172 2410228 69441200    0    0     0 325508 177333 1132395 69 20 11  0  0  0
70  0  70368 90504396 2410228 69441228    0    0     0 354308 180892 1146996 69 19 12  0  0  0
72  1  70368 90503892 2410228 69441248    0    0     0 361516 181819 1174538 69 19 12  0  0  0
72  0  70368 90460972 2410228 69441260    0    0     0 347728 211765 1112062 67 20 14  0  0  0
73  1  70368 90449584 2410228 69441288    0    0     0 357632 181252 1142509 68 20 11  0  0  0
71  0  70368 90416992 2410228 69441308    0    0     0 358556 180483 1146312 68 20 11  0  0  0
74  0  70368 90433700 2410228 69441340    0    0     0 357736 179526 1141958 68 20 11  0  0  0
70  1  70368 90472300 2410228 69441364    0    0     0 349372 177289 1135116 69 20 11  0  0  0
procs -----------memory---------- ---swap-- -----io---- -system-- -------cpu-------
 r  b   swpd   free   buff  cache   si   so    bi    bo   in   cs us sy id wa st gu
73  1  70368 90470624 2410228 69441388    0    0     0 351956 180431 1135233 68 20 12  0  0  0
70  0  70368 90434276 2410228 69441412    0    0     0 360428 182748 1143307 69 20 11  0  0  0
77  0  70368 90457456 2410228 69441436    0    0     0 364280 180798 1152393 69 20 11  0  0  0
66  1  70368 90471532 2410228 69441460    0    0     0 367628 182656 1173176 69 19 12  0  0  0
74  0  70368 90490452 2410228 69441476    0    0     0 360916 182346 1146182 69 20 11  0  0  0
78  0  70368 90477288 2410228 69441508    0    0     0 360496 181666 1147993 69 20 11  0  0  0
65  1  70368 90474732 2410228 69441536    0    0     0 360744 180461 1142700 69 20 11  0  0  0
70  0  70368 90467548 2410228 69441556    0    0     0 363756 181140 1148648 69 20 11  0  0  0
70  0  70368 90467884 2410228 69441576    0    0     0 361256 180927 1136280 68 20 12  0  0  0
72  0  70368 90466392 2410228 69441600    0    0     0 365736 180865 1147907 69 20 11  0  0  0
71  0  70368 90461808 2410228 69441628    0    0     0 366028 180255 1147609 68 20 11  0  0  0
74  0  70368 90474400 2410228 69441648    0    0     0 366620 180343 1147717 69 20 11  0  0  0
69  0  70368 90479508 2410228 69441668    0    0     0 369780 181896 1167859 69 19 12  0  0  0
75  0  70368 90496680 2410228 69441688    0    0     0 369852 182323 1165334 69 19 12  0  0  0
70  0  70368 90486348 2410228 69441708    0    0     0 366992 181166 1142081 69 20 11  0  0  0
80  0  70368 90494748 2410228 69441736    0    0     0 365908 181389 1137068 68 20 12  0  0  0
70  0  70368 90478856 2410228 69441764    0    0     0 368436 181550 1145733 69 20 11  0  0  0
70  0  70368 90476340 2410228 69441784    0    0     0 371908 181030 1148838 69 20 11  0  0  0
60  0  70368 90473136 2410228 69441812    0    0     0 371036 180190 1143534 69 20 11  0  0  0
71  0  70368 90466464 2410228 69441828    0    0     0 372504 181188 1146593 69 20 11  0  0  0
71  1  70368 90473804 2410228 69441856    0    0     0 374100 181780 1147387 69 20 11  0  0  0
procs -----------memory---------- ---swap-- -----io---- -system-- -------cpu-------
 r  b   swpd   free   buff  cache   si   so    bi    bo   in   cs us sy id wa st gu
71  0  70368 90479788 2410228 69441876    0    0     0 375812 182286 1164418 69 19 12  0  0  0
69  0  70368 90509236 2410228 69441900    0    0     0 376636 182297 1163598 69 19 12  0  0  0
67  1  70368 90497544 2410228 69441920    0    0     0 384476 179000 1143312 68 20 11  0  0  0
71  0  70368 90490780 2410228 69441940    0    0     0 385596 180226 1132320 68 20 11  0  0  0
71  1  70368 90485068 2410228 69441980    0    0     0 390368 181661 1133950 69 20 11  0  0  0
75  1  70368 90486760 2410228 69442004    0    0     0 387804 189939 1119856 67 20 13  0  0  0
72  0  70368 90452848 2410228 69442024    0    0     0 384524 198900 1113823 67 20 13  0  0  0
71  1  70368 90451824 2410228 69442052    0    0     0 394980 180878 1143147 69 20 11  0  0  0
75  0  70368 90457052 2410228 69442072    0    0     0 394136 181093 1144271 69 20 11  0  0  0
67  0  70368 90457784 2410228 69442096    0    0     0 388840 179410 1133867 68 20 12  0  0  0
70  0  70368 90499480 2410228 69442120    0    0     0 394728 182121 1168132 69 19 12  0  0  0
53  0  70368 90498232 2410228 69442140    0    0     0 396220 182662 1147369 69 20 11  0  0  0
72  0  70368 90480344 2410228 69442156    0    0     0 396772 182462 1146931 69 20 11  0  0  0
74  0  70368 90484220 2410228 69442184    0    0     0 397136 182089 1151228 68 20 11  0  0  0
71  0  70368 90475912 2410228 69442204    0    0     0 399532 181778 1149285 69 20 11  0  0  0
68  1  70368 90476052 2410228 69442232    0    0     0 399228 181948 1148418 69 20 11  0  0  0
74  0  70368 90478184 2410228 69442256    0    0     0 397580 181668 1139821 68 20 12  0  0  0
71  0  70368 90466720 2410228 69442292    0    0     0 399876 182136 1148496 69 20 11  0  0  0
72  1  70368 90478380 2410228 69442400    0    0     0 396128 181347 1127585 67 20 13  0  0  0
76  1  70368 90509580 2410228 69442424    0    0     0 402704 183705 1171281 69 19 12  0  0  0
68  0  70368 90513304 2410228 69442440    0    0     0 403932 183495 1167800 69 20 12  0  0  0
procs -----------memory---------- ---swap-- -----io---- -system-- -------cpu-------
 r  b   swpd   free   buff  cache   si   so    bi    bo   in   cs us sy id wa st gu
70  0  70368 90496576 2410228 69442460    0    0     0 401812 182988 1148765 69 20 11  0  0  0
70  0  70368 90473712 2410228 69442484    0    0     0 401552 182640 1144157 69 20 11  0  0  0
72  0  70368 90484072 2410228 69442512    0    0     0 397648 181301 1135540 68 20 12  0  0  0
73  0  70368 90486956 2410228 69442532    0    0     0 401800 183121 1145272 69 20 11  0  0  0
72  0  70368 90472604 2410228 69442556    0    0     0 404680 183497 1154007 69 20 11  0  0  0
71  0  70368 90480144 2410228 69442584    0    0     0 404576 183307 1156301 68 20 11  0  0  0
72  1  70368 90478152 2410228 69442604    0    0     0 402936 182262 1150112 69 20 11  0  0  0
65  0  70368 90494092 2410228 69442628    0    0     0 405700 183870 1164243 69 19 12  0  0  0
73  0  70368 90514220 2410228 69442648    0    0     0 406432 183871 1169190 69 19 12  0  0  0
73  0  70368 90501136 2410228 69442668    0    0     0 404824 183230 1145892 69 20 11  0  0  0
73  0  70368 90489284 2410228 69442696    0    0     0 396272 180132 1138339 68 20 12  0  0  0
69  1  70368 90493468 2410228 69442724    0    0     0 413940 182622 1130643 68 20 11  0  0  0
66  0  70368 90474100 2410228 69442748    0    0     0 420240 182906 1148054 68 20 11  0  0  0
70  1  70368 90453908 2410228 69442768    0    0     0 420916 183996 1151289 69 20 11  0  0  0
60  1  70368 90469524 2410228 69442792    0    0     0 419928 182838 1151187 69 20 11  0  0  0
71  0  70368 90467300 2410228 69442828    0    0     0 421004 183076 1152545 69 20 11  0  0  0
73  0  70368 90472652 2410228 69442852    0    0     0 419168 181692 1157331 69 19 11  0  0  0
67  0  70368 90501520 2410228 69442872    0    0     0 424668 183861 1173918 69 19 13  0  0  0
70  0  70368 90497868 2410228 69442888    0    0     0 424916 189428 1158045 69 20 11  0  0  0
73  0  70368 90474764 2410228 69442916    0    0     0 423260 182741 1153565 69 20 11  0  0  0
75  1  70368 90465020 2410228 69442944    0    0     0 423824 182873 1150973 69 20 11  0  0  0
procs -----------memory---------- ---swap-- -----io---- -system-- -------cpu-------
 r  b   swpd   free   buff  cache   si   so    bi    bo   in   cs us sy id wa st gu
73  0  70368 90450028 2410228 69442968    0    0     0 425920 183110 1152951 69 20 11  0  0  0
70  0  70368 90462516 2410228 69442988    0    0     0 424224 183763 1144723 68 20 12  0  0  0
68  0  70368 90465544 2410228 69443008    0    0     0 426184 183577 1150595 69 20 11  0  0  0
68  1  70368 90464632 2410228 69443032    0    0     0 424380 183375 1143017 68 20 12  0  0  0
67  1  70368 90465392 2410228 69443056    0    0     0 426568 183212 1150900 69 20 11  0  0  0
74  1  70368 90479564 2410228 69443080    0    0     0 432708 186017 1177568 69 19 12  0  0  0
74  0  70368 90498764 2410228 69443092    0    0     0 427296 184233 1156870 69 19 11  0  0  0
73  1  70368 90473112 2410228 69443116    0    0     0 428224 184870 1155072 69 20 11  0  0  0
76  1  70368 90452468 2410228 69443148    0    0     0 429184 183612 1155312 69 20 11  0  0  0
76  1  70368 90449700 2410228 69443172    0    0     0 429820 184059 1158638 68 20 11  0  0  0
71  0  70368 90443052 2410228 69443196    0    0     0 430724 184918 1156630 69 20 11  0  0  0
67  0  70368 90463884 2410228 69443220    0    0     0 424052 182832 1146137 68 20 12  0  0  0
68  1  70368 90469592 2410228 69443240    0    0     0 427800 183863 1154666 69 20 11  0  0  0
71  0  70368 90464436 2410228 69443264    0    0     0 425896 183357 1153392 69 20 11  0  0  0
67  1  70368 90476848 2410228 69443300    0    0     0 429952 184079 1170002 69 19 12  0  0  0
69  1  70368 90487180 2410228 69443312    0    0     0 439072 183333 1165525 69 19 12  0  0  0
68  1  70368 90463128 2410228 69443332    0    0     0 457800 183365 1148310 69 20 11  0  0  0
72  0  70368 90444332 2410228 69443352    0    0     0 477048 185450 1155625 68 20 11  0  0  0
72  0  70368 90462404 2410228 69443380    0    0     0 473080 186237 1147835 68 20 12  0  0  0
63  0  70368 90461164 2410228 69443408    0    0     0 470468 185510 1159264 69 20 11  0  0  0
70  1  70368 90462728 2410228 69443428    0    0     0 472776 184188 1154389 69 20 11  0  0  0
procs -----------memory---------- ---swap-- -----io---- -system-- -------cpu-------
 r  b   swpd   free   buff  cache   si   so    bi    bo   in   cs us sy id wa st gu
74  0  70368 90452396 2410228 69443452    0    0     0 470524 185225 1157401 69 20 11  0  0  0
73  1  70368 90458088 2410228 69443480    0    0     0 470912 185291 1158612 68 20 11  0  0  0
66  0  70368 90463400 2410228 69443500    0    0     0 468076 186045 1166057 69 20 11  0  0  0
72  0  70368 90483304 2410228 69443528    0    0     0 468264 187099 1185332 69 18 12  0  0  0
74  0  70368 90487472 2410228 69443548    0    0     0 463160 185791 1152933 69 19 12  0  0  0
71  0  70368 90471980 2410228 69443568    0    0     0 459632 186645 1155033 69 20 11  0  0  0
72  0  70368 90456964 2410228 69443592    0    0     0 462256 185726 1162307 69 19 11  0  0  0
69  1  70368 90457964 2410228 69443620    0    0     0 457484 184461 1154004 68 20 11  0  0  0
67  0  70368 90454712 2410228 69443648    0    0     0 455748 183922 1152567 69 19 11  0  0  0
72  1  70368 90449492 2410228 69443668    0    0     0 455380 184483 1156259 69 20 11  0  0  0
69  0  70368 90450620 2410228 69443692    0    0     0 451664 185184 1150691 68 20 11  0  0  0
73  0  70368 90464880 2410228 69443720    0    0     0 449504 184674 1149509 68 20 11  0  0  0
69  0  70368 90491836 2410228 69443740    0    0     0 449916 186231 1170957 69 19 12  0  0  0
71  0  70368 90489380 2410228 69443756    0    0     0 451508 185508 1167445 69 19 11  0  0  0
70  1  70368 90474108 2410228 69443780    0    0     0 445804 183453 1149293 69 20 11  0  0  0
66  0  70368 90466340 2410228 69443868    0    0     0 448508 184640 1161731 69 20 11  0  0  0
68  0  70368 90464508 2410228 69443888    0    0     0 444580 185485 1147269 68 20 12  0  0  0
73  0  70368 90458484 2410228 69443924    0    0     0 437608 183731 1123017 67 20 13  0  0  0
71  0  70368 90464580 2410228 69443940    0    0     0 438632 184498 1125149 67 20 13  0  0  0
74  0  70368 90471728 2410228 69443968    0    0     0 426536 182926 1104832 66 20 14  0  0  0
74  1  70368 90454148 2410228 69443992    0    0     0 439460 185229 1141623 69 20 11  0  0  0
procs -----------memory---------- ---swap-- -----io---- -system-- -------cpu-------
 r  b   swpd   free   buff  cache   si   so    bi    bo   in   cs us sy id wa st gu
68  0  70368 90465208 2410228 69444020    0    0     0 445808 185446 1167409 69 20 12  0  0  0
70  0  70368 90469500 2410228 69444040    0    0     0 444400 184856 1163229 69 19 12  0  0  0
70  0  70368 90441084 2410228 69444056    0    0     0 440232 184609 1152950 68 20 11  0  0  0
68  1  70368 90444808 2410228 69444084    0    0     0 428004 181513 1141427 68 20 11  0  0  0
73  1  70368 90424764 2410228 69444112    0    0     0 436912 184459 1157116 68 20 11  0  0  0
72  0  70368 90437320 2410228 69444136    0    0     0 434036 183349 1144231 68 20 12  0  0  0
68  0  70368 90445620 2410228 69444160    0    0     0 436700 184820 1157475 69 20 11  0  0  0
78  0  70368 90431024 2410228 69444184    0    0     0 434824 184507 1155205 69 20 11  0  0  0
79  0  70368 90433260 2410228 69444204    0    0     0 443112 184086 1154072 69 20 11  0  0  0
75  0  70368 90446992 2410228 69444224    0    0     0 442440 184162 1160661 69 20 11  0  0  0
75  0  70368 90458156 2410228 69444248    0    0     0 446168 186494 1186588 69 19 12  0  0  0
73  1  70368 90450960 2410228 69444264    0    0     0 441384 185649 1154732 69 20 11  0  0  0
68  1  70368 90430432 2410228 69444288    0    0     0 440384 184790 1154831 69 20 11  0  0  0
70  0  70368 90420000 2410228 69444320    0    0     0 437296 183883 1147762 68 20 12  0  0  0
72  1  70368 90430432 2410228 69444344    0    0     0 435744 183626 1154512 69 20 11  0  0  0
65  1  70368 90433760 2410228 69444372    0    0     0 435984 184393 1150580 68 20 11  0  0  0
66  1  70368 90427572 2410228 69444396    0    0     0 438160 184655 1160447 68 20 11  0  0  0
73  0  70368 90418924 2410228 69444424    0    0     0 439248 185279 1164859 68 20 11  0  0  0
71  0  70368 90421780 2410228 69444448    0    0     0 436056 184414 1159241 69 20 11  0  0  0
71  0  70368 90425728 2410228 69444472    0    0     0 440912 186555 1187550 69 19 12  0  0  0
69  1  70368 90432112 2410228 69444484    0    0     0 435460 184807 1161779 69 19 12  0  0  0
procs -----------memory---------- ---swap-- -----io---- -system-- -------cpu-------
 r  b   swpd   free   buff  cache   si   so    bi    bo   in   cs us sy id wa st gu
73  1  70368 90431420 2410228 69444508    0    0     0 434992 184131 1158336 69 20 11  0  0  0
73  0  70368 90416276 2410228 69444532    0    0     0 433656 185306 1157289 69 20 11  0  0  0
69  0  70368 90413436 2410228 69444560    0    0     0 434296 184870 1156847 69 20 11  0  0  0
75  0  70368 90406248 2410228 69444584    0    0     0 421408 181081 1139693 69 20 11  0  0  0
71  1  70368 90397476 2410228 69444612    0    0     0 430360 184426 1150402 68 20 11  0  0  0
74  0  70368 90396752 2410228 69444632    0    0     0 433000 184722 1160043 69 20 11  0  0  0
70  0  70368 90394592 2410228 69444656    0    0     0 430372 184160 1155079 68 20 12  0  0  0
69  0  70368 90408264 2410228 69444680    0    0     0 424924 183475 1172003 69 19 12  0  0  0
76  0  70368 90429492 2410228 69444696    0    0     0 432488 186135 1183232 69 19 12  0  0  0
67  0  70368 90435312 2410228 69444720    0    0     0 431400 185337 1161981 69 20 11  0  0  0
73  0  70368 90412620 2410228 69444736    0    0     0 430132 184572 1161048 69 20 11  0  0  0
71  0  70368 90397752 2410228 69444764    0    0     0 430592 186514 1163584 69 20 11  0  0  0
70  0  70368 90400940 2410228 69444784    0    0     0 427968 192995 1155751 69 20 11  0  0  0
71  0  70368 90393872 2410228 69444812    0    0     0 429352 185266 1159697 69 20 11  0  0  0
68  0  70368 90421136 2410228 69444840    0    0     0 425712 184486 1152434 68 20 12  0  0  0
71  1  70368 90422704 2410228 69444860    0    0     0 427820 185108 1156761 69 20 11  0  0  0
69  0  70368 90420456 2410228 69444884    0    0     0 429244 184618 1164059 69 19 11  0  0  0
66  0  70368 90438812 2410228 69444904    0    0     0 435972 186937 1189289 69 19 12  0  0  0
74  1  70368 90424984 2410228 69444924    0    0     0 431436 184857 1166589 69 20 11  0  0  0
72  1  70368 90416024 2410228 69444952    0    0     0 430904 184528 1164369 69 20 11  0  0  0
65  0  70368 90421388 2410228 69444980    0    0     0 427328 184761 1155490 68 20 11  0  0  0
procs -----------memory---------- ---swap-- -----io---- -system-- -------cpu-------
 r  b   swpd   free   buff  cache   si   so    bi    bo   in   cs us sy id wa st gu
73  0  70368 90429040 2410228 69445000    0    0     0 427904 184897 1156872 68 20 12  0  0  0
73  0  70368 90423448 2410228 69445016    0    0     0 428384 184334 1160232 69 20 11  0  0  0
73  0  70368 90419992 2410228 69445044    0    0     0 423804 184917 1156350 68 20 11  0  0  0
69  0  70368 90425168 2410228 69445068    0    0     0 428668 184845 1159294 69 20 11  0  0  0
70  0  70368 90427828 2410228 69445096    0    0     0 428276 183839 1160297 69 20 11  0  0  0
70  0  70368 90468888 2410228 69445116    0    0     0 432832 186628 1183659 69 19 12  0  0  0
71  1  70368 90475336 2410228 69445136    0    0     0 429540 184936 1166649 69 19 11  0  0  0
75  0  70368 90442940 2410228 69445164    0    0     0 428308 184012 1152622 68 20 12  0  0  0
67  1  70368 90447592 2410228 69445192    0    0     0 415596 180131 1140806 69 20 11  0  0  0
70  0  70368 90437336 2410228 69445224    0    0     0 428096 184307 1156334 68 20 11  0  0  0
70  0  70368 90445408 2410228 69445248    0    0     0 427252 183964 1158922 69 20 11  0  0  0
79  0  70368 90433688 2410228 69445268    0    0     0 427680 184514 1161265 69 20 11  0  0  0
70  1  70368 90420216 2410228 69445352    0    0     0 416812 184350 1155160 69 20 11  0  0  0
71  0  70368 90407668 2410228 69445380    0    0     0 422004 201958 1143759 68 20 12  0  0  0
69  0  70368 90400080 2410228 69445400    0    0     0 426008 194726 1155115 68 20 12  0  0  0
70  0  70368 90395504 2410228 69445420    0    0     0 428696 185921 1181793 68 19 13  0  0  0
72  0  70368 90369112 2410228 69445436    0    0     0 427368 185264 1152901 69 20 11  0  0  0
70  0  70368 90367368 2410228 69445468    0    0     0 426288 184871 1158480 69 20 11  0  0  0
74  1  70368 90388000 2410228 69445492    0    0     0 425600 184102 1157683 69 20 11  0  0  0
61  0  70368 90371392 2410228 69445516    0    0     0 425780 184539 1160341 69 20 11  0  0  0
70  0  70368 90400268 2410228 69445536    0    0     0 426324 184491 1160722 69 20 11  0  0  0
procs -----------memory---------- ---swap-- -----io---- -system-- -------cpu-------
 r  b   swpd   free   buff  cache   si   so    bi    bo   in   cs us sy id wa st gu
70  0  70368 90387024 2410228 69445560    0    0     0 425152 184578 1158728 69 20 11  0  0  0
70  0  70368 90391576 2410228 69445584    0    0     0 423552 185073 1156090 68 20 12  0  0  0
67  0  70368 90388704 2410228 69445620    0    0     0 426896 184357 1163793 69 20 11  0  0  0
71  0  70368 90403340 2410228 69445628    0    0     0 431336 186833 1191511 69 19 12  0  0  0
67  1  70368 90409100 2410228 69445652    0    0     0 428484 184624 1162958 69 19 11  0  0  0
70  0  70368 90403424 2410228 69445680    0    0     0 428836 185187 1159792 69 20 11  0  0  0
75  0  70368 90402964 2410228 69445692    0    0     0 427488 185157 1162072 69 20 11  0  0  0
73  1  70368 90412376 2410228 69445724    0    0     0 430304 185797 1164093 69 20 11  0  0  0
69  0  70368 90423308 2410228 69445744    0    0     0 427576 184507 1153766 68 20 12  0  0  0
75  0  70368 90401476 2410228 69445768    0    0     0 429008 184424 1160409 69 20 11  0  0  0
78  0  70368 90393508 2410232 69445792    0    0     0 429456 184627 1160911 69 20 11  0  0  0
69  1  70368 90403940 2410232 69445816    0    0     0 428816 184900 1163891 69 20 11  0  0  0
66  0  70368 90410352 2410232 69445848    0    0     0 431348 186231 1178994 69 19 12  0  0  0
70  1  70368 90417236 2410232 69445864    0    0     0 418964 182837 1168575 69 19 12  0  0  0
74  0  70368 90422692 2410232 69445876    0    0     0 424892 184564 1153248 69 20 11  0  0  0
77  1  70368 90409764 2410232 69445912    0    0     0 426784 184428 1159447 69 20 11  0  0  0
72  1  70368 90418080 2410232 69445944    0    0     0 425208 184954 1158095 68 20 12  0  0  0
70  0  70368 90421036 2410232 69445956    0    0     0 415316 180784 1149789 69 20 11  0  0  0
75  1  70368 90415688 2410232 69445988    0    0     0 426812 184586 1160491 69 20 11  0  0  0
68  0  70368 90404816 2410232 69446000    0    0     0 425004 184373 1161566 69 20 11  0  0  0
70  1  70368 90391348 2410232 69446032    0    0     0 424752 185586 1161050 69 20 11  0  0  0
procs -----------memory---------- ---swap-- -----io---- -system-- -------cpu-------
 r  b   swpd   free   buff  cache   si   so    bi    bo   in   cs us sy id wa st gu
68  0  70368 90384452 2410232 69446056    0    0     0 427112 216293 1150731 68 20 12  0  0  0
64  0  70368 90365904 2410232 69446080    0    0     0 424372 295777 1148463 67 19 13  0  0  0
67  0  70368 90280332 2410232 69446096    0    0     0 425224 202141 1141719 68 20 11  0  0  0
73  0  70368 90348768 2410232 69446120    0    0     0 427008 184875 1151470 68 20 11  0  0  0
74  0  70368 90296580 2410232 69446140    0    0     0 428704 184644 1156386 68 20 11  0  0  0
70  1  70368 90330276 2410232 69446172    0    0     0 434116 184987 1157087 69 20 11  0  0  0
69  0  70368 90330052 2410232 69446200    0    0     0 436864 185336 1156566 69 20 11  0  0  0
69  1  70368 90303568 2410232 69446224    0    0     0 437148 185771 1159897 69 20 11  0  0  0
69  0  70368 90338200 2410232 69446244    0    0     0 432372 188848 1141335 67 20 13  0  0  0
70  0  70368 90320132 2410232 69446264    0    0     0 432932 197190 1141368 68 20 12  0  0  0
68  0  70368 90307300 2410232 69446292    0    0     0 436356 186457 1176353 69 19 12  0  0  0
74  0  70368 90328300 2410232 69446308    0    0     0 435836 187261 1173537 69 20 11  0  0  0
71  0  70368 90347796 2410232 69446332    0    0     0 432264 184638 1158545 68 20 11  0  0  0
68  1  70368 90317108 2410232 69446360    0    0     0 432724 185106 1163090 69 20 11  0  0  0
69  0  70368 90305688 2410232 69446384    0    0     0 432688 185167 1160207 69 20 11  0  0  0
72  0  70368 90331688 2410232 69446408    0    0     0 431768 184956 1164860 69 20 11  0  0  0
74  0  70368 90349772 2410232 69446436    0    0     0 431788 185838 1164716 69 20 11  0  0  0
79  0  70368 90340560 2410232 69446456    0    0     0 428836 185824 1156847 68 20 12  0  0  0
73  0  70368 90321096 2410232 69446472    0    0     0 421148 186929 1151629 68 20 11  0  0  0
76  0  70368 90347196 2410232 69446500    0    0     0 429180 186943 1169114 69 19 11  0  0  0
74  0  70368 90365780 2410232 69446520    0    0     0 433068 187372 1190153 69 19 12  0  0  0
procs -----------memory---------- ---swap-- -----io---- -system-- -------cpu-------
 r  b   swpd   free   buff  cache   si   so    bi    bo   in   cs us sy id wa st gu
68  1  70368 90356632 2410232 69446536    0    0     0 427296 185919 1157073 69 20 11  0  0  0
69  0  70368 90350824 2410232 69446576    0    0     0 428404 185128 1160686 69 20 11  0  0  0
74  0  70368 90346924 2410232 69446592    0    0     0 417340 180739 1147132 69 20 11  0  0  0
76  0  70368 90355556 2410236 69446616    0    0     0 426884 184606 1152735 68 20 12  0  0  0
76  1  70368 90365788 2410236 69446652    0    0     0 425940 184896 1151373 68 20 12  0  0  0
70  1  70368 90349924 2410236 69446668    0    0     0 432000 193350 1163483 69 20 11  0  0  0
71  0  70368 90329464 2410236 69446696    0    0     0 430504 185429 1164719 69 20 11  0  0  0
73  0  70368 90339924 2410236 69446728    0    0     0 430740 184543 1163470 69 20 11  0  0  0
67  1  70368 90355580 2410236 69446736    0    0     0 435164 186761 1189190 69 19 12  0  0  0
75  0  70368 90361368 2410236 69446820    0    0     0 432764 185522 1174582 69 20 11  0  0  0
73  0  70368 90355960 2410236 69446856    0    0     0 427124 185404 1155275 68 20 12  0  0  0
74  0  70368 90355992 2410236 69446872    0    0     0 431644 185217 1167476 68 20 11  0  0  0
75  0  70368 90353016 2410236 69446896    0    0     0 431536 185291 1167195 69 20 11  0  0  0
72  1  70368 90366768 2410236 69446924    0    0     0 430744 185453 1164776 69 20 11  0  0  0
70  1  70368 90359456 2410236 69446944    0    0     0 426896 210190 1143405 68 20 12  0  0  0
73  0  70368 90339760 2410236 69446976    0    0     0 424576 228025 1132923 67 20 13  0  0  0
69  2  70368 90290528 2410236 69447000    0    0     0 429336 185112 1149633 68 20 11  0  0  0
72  0  70368 90302136 2410236 69447020    0    0     0 435304 185866 1180052 69 19 12  0  0  0
73  0  70368 90325392 2410236 69447040    0    0     0 432444 185358 1165966 68 19 12  0  0  0
69  0  70368 90299276 2410236 69447056    0    0     0 429676 184083 1153176 68 20 11  0  0  0
62  0  70368 90323000 2410236 69447080    0    0     0 433376 184656 1160607 68 20 11  0  0  0
procs -----------memory---------- ---swap-- -----io---- -system-- -------cpu-------
 r  b   swpd   free   buff  cache   si   so    bi    bo   in   cs us sy id wa st gu
72  0  70368 90345984 2410236 69447108    0    0     0 434160 185428 1162319 68 20 11  0  0  0
68  0  70368 90317632 2410236 69447132    0    0     0 433940 185634 1163739 68 20 11  0  0  0
74  0  70368 90339356 2410236 69447164    0    0     0 422176 181556 1153878 68 20 11  0  0  0
72  0  70368 90349224 2410236 69447176    0    0     0 430220 185018 1158777 68 20 11  0  0  0
72  1  70368 90329380 2410236 69447212    0    0     0 422852 213660 1117636 66 19 14  0  0  0
70  0  70368 90321356 2410236 69447232    0    0     0 436632 206113 1171988 68 20 12  0  0  0
71  0  70368 90306444 2410236 69447248    0    0     0 440024 186662 1179352 69 19 12  0  0  0
70  1  70368 90316772 2410236 69447272    0    0     0 421936 182314 1145691 69 20 11  0  0  0
77  0  70368 90315576 2410236 69447296    0    0     0 435592 184782 1159555 68 20 11  0  0  0
68  0  70368 90327132 2410236 69447324    0    0     0 434084 185916 1159429 68 20 11  0  0  0
70  0  70368 90331396 2410236 69447348    0    0     0 432668 184155 1159863 69 20 11  0  0  0
72  0  70368 90334236 2410236 69447368    0    0     0 431788 184708 1159149 69 20 11  0  0  0
72  1  70368 90344588 2410236 69447400    0    0     0 431048 185376 1155513 68 20 12  0  0  0
67  0  70368 90332064 2410236 69447416    0    0     0 432964 185275 1163967 68 20 11  0  0  0
66  1  70368 90332604 2410236 69447440    0    0     0 433264 199584 1163362 69 20 11  0  0  0
76  0  70368 90340756 2410236 69447472    0    0     0 439292 187285 1189534 69 19 12  0  0  0
71  1  70368 90344112 2410236 69447488    0    0     0 436336 186736 1174914 69 20 12  0  0  0
68  0  70368 90336168 2410236 69447516    0    0     0 434648 185085 1163761 69 20 11  0  0  0
70  0  70368 90329348 2410236 69447532    0    0     0 431004 185024 1159154 68 20 11  0  0  0
73  0  70368 90338264 2410236 69447568    0    0     0 432016 185540 1156232 68 20 12  0  0  0
67  0  70368 90325828 2410236 69447584    0    0     0 431852 184799 1158597 68 20 11  0  0  0
procs -----------memory---------- ---swap-- -----io---- -system-- -------cpu-------
 r  b   swpd   free   buff  cache   si   so    bi    bo   in   cs us sy id wa st gu
62  0  70368 90349032 2410236 69447624    0    0     0 433172 184896 1160192 69 20 11  0  0  0
72  0  70368 90339016 2410236 69447640    0    0     0 435312 185677 1167180 69 20 11  0  0  0
73  0  70368 90359408 2410236 69447652    0    0     0 432008 190940 1157508 69 20 11  0  0  0
66  1  70368 90332064 2410236 69447684    0    0     0 435600 186629 1182318 69 19 12  0  0  0
72  0  70368 90342648 2410236 69447692    0    0     0 436480 186450 1172403 69 19 12  0  0  0
72  0  70368 90365488 2410236 69447728    0    0     0 434500 185285 1160413 68 20 11  0  0  0
74  1  70368 90356948 2410236 69447760    0    0     0 434096 185162 1162957 68 20 11  0  0  0
71  0  70368 90334220 2410236 69447772    0    0     0 423820 182078 1157752 68 20 11  0  0  0
68  1  70368 90365416 2410236 69447800    0    0     0 433404 186077 1156975 69 20 11  0  0  0
75  0  70368 90345316 2410236 69447824    0    0     0 433116 185475 1154350 68 20 11  0  0  0
71  0  70368 90350708 2410236 69447856    0    0     0 433972 185576 1163281 68 20 11  0  0  0
68  1  70368 90352648 2410236 69447876    0    0     0 432824 184825 1164619 69 20 11  0  0  0
74  0  70368 90354972 2410236 69447884    0    0     0 420768 201841 1140227 67 19 13  0  0  0
69  1  70368 90309588 2410236 69447920    0    0     0 429940 238639 1155292 67 19 14  0  0  0
73  1  70368 90315640 2410236 69447944    0    0     0 434196 186268 1158290 68 21 11  0  0  0
71  0  70368 90296744 2410236 69447956    0    0     0 432568 184925 1156249 69 20 11  0  0  0
78  0  70368 90287940 2410236 69447988    0    0     0 434776 185694 1158488 68 20 11  0  0  0
69  1  70368 90296380 2410236 69448004    0    0     0 432088 185170 1153408 69 20 11  0  0  0
70  0  70368 90307660 2410236 69448036    0    0     0 434980 185767 1162292 69 20 11  0  0  0
75  0  70368 90314544 2410236 69448040    0    0     0 431276 191201 1161627 68 20 11  0  0  0
73  0  70368 90335428 2410236 69448072    0    0     0 431916 184906 1153652 68 20 12  0  0  0
procs -----------memory---------- ---swap-- -----io---- -system-- -------cpu-------
 r  b   swpd   free   buff  cache   si   so    bi    bo   in   cs us sy id wa st gu
78  1  70368 90333200 2410236 69448116    0    0     0 434916 186020 1162661 68 20 11  0  0  0
70  0  70368 90352892 2410236 69448128    0    0     0 433664 210364 1169844 68 19 13  0  0  0
62  0  70368 90331072 2410236 69448136    0    0     0 429892 257094 1143402 67 19 13  0  0  0
71  1  70368 90284336 2410236 69448160    0    0     0 435408 185321 1148540 68 20 11  0  0  0
71  1  70368 90289324 2410236 69448188    0    0     0 431776 184571 1148214 68 20 11  0  0  0
70  1  70368 90278496 2410236 69448288    0    0     0 434788 185059 1156985 68 20 11  0  0  0
72  1  70368 90292128 2410236 69448300    0    0     0 434200 185781 1160531 69 20 11  0  0  0
78  0  70368 90306696 2410236 69448332    0    0     0 432180 185038 1154261 68 20 12  0  0  0
69  0  70368 90298888 2410236 69448352    0    0     0 434756 186349 1161708 69 20 11  0  0  0
73  0  70368 90320432 2410236 69448376    0    0     0 433656 184997 1162526 69 20 11  0  0  0
72  0  70368 90317116 2410236 69448412    0    0     0 437384 186477 1174864 69 19 11  0  0  0
78  1  70368 90313816 2410236 69448420    0    0     0 438132 188409 1191659 69 19 12  0  0  0
70  0  70368 90323036 2410236 69448436    0    0     0 430676 195949 1145077 68 20 12  0  0  0
71  0  70368 90335888 2410236 69448480    0    0     0 423364 182372 1151416 69 20 11  0  0  0
71  0  70368 90324108 2410236 69448500    0    0     0 432724 185562 1155195 68 20 12  0  0  0
69  0  70368 90306828 2410236 69448524    0    0     0 435580 186792 1162160 68 20 11  0  0  0
72  0  70368 90325328 2410236 69448536    0    0     0 434588 185333 1161416 69 20 11  0  0  0
72  0  70368 90357244 2410236 69448556    0    0     0 422692 182468 1148468 68 20 11  0  0  0
68  1  70368 90325044 2410236 69448584    0    0     0 433596 185325 1162760 69 20 11  0  0  0
61  0  70368 90329248 2410236 69448612    0    0     0 433428 186099 1158494 68 20 11  0  0  0
74  0  70368 90366628 2410236 69448636    0    0     0 439804 187464 1190095 69 18 12  0  0  0
procs -----------memory---------- ---swap-- -----io---- -system-- -------cpu-------
 r  b   swpd   free   buff  cache   si   so    bi    bo   in   cs us sy id wa st gu
67  0  70368 90370932 2410236 69448672    0    0     0 430008 184620 1153696 69 19 12  0  0  0
73  0  70368 90379720 2410236 69448680    0    0     0 435052 186863 1160877 69 20 11  0  0  0
75  0  70368 90351892 2410236 69448712    0    0     0 435672 185803 1164819 69 20 11  0  0  0
68  0  70368 90347608 2410236 69448736    0    0     0 432020 194038 1156068 69 20 11  0  0  0
69  0  70368 90370896 2410236 69448752    0    0     0 433244 186001 1161725 69 20 11  0  0  0
73  0  70368 90395948 2410236 69448772    0    0     0 435260 185779 1164507 69 20 11  0  0  0
72  0  70368 90390856 2410236 69448796    0    0     0 434956 185698 1161647 69 20 11  0  0  0
76  0  70368 90382428 2410236 69448824    0    0     0 434644 185494 1160460 69 20 11  0  0  0
74  0  70368 90414636 2410236 69448852    0    0     0 434904 186942 1171189 69 19 12  0  0  0
66  1  70368 90422596 2410236 69448872    0    0     0 436664 185965 1176859 69 19 12  0  0  0
68  1  70368 90393424 2410236 69448892    0    0     0 435360 186169 1160537 69 20 11  0  0  0
73  0  70368 90387844 2410236 69448920    0    0     0 437532 185650 1165858 69 20 11  0  0  0
69  0  70368 90377908 2410236 69448944    0    0     0 435068 186680 1165042 69 20 11  0  0  0
69  0  70368 90354296 2410236 69448964    0    0     0 433572 185149 1160912 69 20 11  0  0  0
82  0  70368 90372020 2410236 69448984    0    0     0 435124 186022 1165011 69 20 11  0  0  0
71  0  70368 90382840 2410236 69449008    0    0     0 435924 186112 1159746 68 20 12  0  0  0
69  0  70368 90385400 2410236 69449036    0    0     0 438608 186397 1165767 69 20 11  0  0  0
68  1  70368 90394188 2410236 69449072    0    0     0 428336 183078 1158561 68 20 11  0  0  0
64  1  70368 90420136 2410236 69449080    0    0     0 442612 187672 1184487 69 19 12  0  0  0
65  1  70368 90393860 2410236 69449108    0    0     0 438800 186131 1159988 69 20 11  0  0  0
70  0  70368 90373436 2410236 69449144    0    0     0 440012 185632 1165071 69 20 11  0  0  0
procs -----------memory---------- ---swap-- -----io---- -system-- -------cpu-------
 r  b   swpd   free   buff  cache   si   so    bi    bo   in   cs us sy id wa st gu
69  1  70368 90382512 2410236 69449156    0    0     0 437228 184904 1163121 69 19 11  0  0  0
68  0  70368 90377196 2410236 69449184    0    0     0 423540 182297 1145230 68 20 12  0  0  0
69  0  70368 90400348 2410236 69449208    0    0     0 438584 186762 1169254 69 20 11  0  0  0
70  0  70368 90393028 2410236 69449224    0    0     0 436728 186400 1163684 69 20 11  0  0  0
74  0  70368 90382120 2410236 69449264    0    0     0 433648 184890 1162209 69 20 11  0  0  0
73  0  70368 90370168 2410236 69449272    0    0     0 432904 186366 1163748 69 20 11  0  0  0
70  0  70368 90394848 2410236 69449304    0    0     0 436604 186967 1192834 69 19 12  0  0  0
72  1  70368 90383496 2410236 69449320    0    0     0 434568 186802 1171158 69 19 11  0  0  0
76  0  70368 90375104 2410236 69449344    0    0     0 432152 185527 1162380 69 20 11  0  0  0
77  0  70368 90378992 2410236 69449372    0    0     0 427740 186999 1151627 68 20 11  0  0  0
76  0  70368 90370004 2410236 69449392    0    0     0 429612 185237 1158985 69 20 11  0  0  0
68  1  70368 90356688 2410236 69449416    0    0     0 431580 185031 1160864 69 20 11  0  0  0
69  1  70368 90361556 2410236 69449448    0    0     0 429792 185335 1162095 69 20 11  0  0  0
69  0  70368 90379364 2410236 69449460    0    0     0 429064 185689 1160602 69 20 11  0  0  0
66  0  70368 90379264 2410236 69449492    0    0     0 426568 185401 1157078 68 20 11  0  0  0
70  0  70368 90387412 2410236 69449516    0    0     0 431096 186201 1174983 69 19 12  0  0  0
67  0  70368 90422516 2410236 69449528    0    0     0 431200 186268 1170342 69 19 12  0  0  0
74  0  70368 90404024 2410236 69449544    0    0     0 428664 185430 1158352 69 20 11  0  0  0
72  1  70368 90381000 2410236 69449568    0    0     0 429516 184416 1163284 69 20 11  0  0  0
71  0  70368 90395608 2410236 69449592    0    0     0 432344 185783 1168916 69 20 11  0  0  0
67  1  70368 90369420 2410236 69449624    0    0     0 429568 185955 1160046 69 20 11  0  0  0
procs -----------memory---------- ---swap-- -----io---- -system-- -------cpu-------
 r  b   swpd   free   buff  cache   si   so    bi    bo   in   cs us sy id wa st gu
69  0  70368 90373876 2410236 69449644    0    0     0 428760 185092 1159162 69 20 11  0  0  0
73  1  70368 90365932 2410236 69449688    0    0     0 416460 181221 1134752 69 20 11  0  0  0
73  0  70368 90374960 2410236 69449760    0    0     0 420012 181651 1117802 68 20 11  0  0  0
71  0  70368 90386848 2410236 69449876    0    0     0 429096 185358 1155032 68 20 11  0  0  0
73  0  70368 90402740 2410236 69449892    0    0     0 435088 186917 1189583 69 19 12  0  0  0
74  0  70368 90389172 2410236 69449920    0    0     0 430304 185164 1163093 69 20 11  0  0  0
73  0  70368 90383744 2410236 69449944    0    0     0 430524 186781 1164721 69 20 11  0  0  0
73  0  70368 90369960 2410236 69449956    0    0     0 416224 181926 1145782 69 20 11  0  0  0
70  0  70368 90369660 2410240 69449976    0    0     0 423252 184434 1155203 69 20 11  0  0  0
69  0  70368 90371788 2410240 69450000    0    0     0 404444 176914 1137814 68 20 11  0  0  0
80  0  70368 90396144 2410240 69450036    0    0     0 404572 177677 1133204 68 20 12  0  0  0
67  0  70368 90379128 2410240 69450052    0    0     0 403128 175881 1126310 68 20 11  0  0  0
69  0  70368 90376804 2410240 69450068    0    0     0 405420 177200 1138718 69 20 11  0  0  0
69  0  70368 90392980 2410240 69450080    0    0     0 422004 184054 1169994 69 19 12  0  0  0
66  0  70368 90399784 2410240 69450112    0    0     0 427700 184229 1161096 69 19 11  0  0  0
73  0  70368 90388916 2410240 69450140    0    0     0 427832 183916 1155788 68 20 11  0  0  0
74  0  70368 90366784 2410240 69450164    0    0     0 430064 184913 1160699 69 20 11  0  0  0
71  0  70368 90381412 2410240 69450184    0    0     0 425324 183913 1148877 68 20 12  0  0  0
71  0  70368 90380436 2410240 69450212    0    0     0 424548 185092 1155443 68 20 11  0  0  0
71  1  70368 90356660 2410240 69450240    0    0     0 422204 184934 1147688 68 20 11  0  0  0
75  1  70368 90375304 2410240 69450256    0    0     0 424644 183298 1154820 69 20 11  0  0  0
procs -----------memory---------- ---swap-- -----io---- -system-- -------cpu-------
 r  b   swpd   free   buff  cache   si   so    bi    bo   in   cs us sy id wa st gu
73  1  70368 90369756 2410240 69450280    0    0     0 427092 184256 1160527 68 20 11  0  0  0
70  0  70368 90362200 2410240 69450308    0    0     0 430040 185009 1174537 69 19 12  0  0  0
69  0  70368 90328716 2410240 69450328    0    0     0 432384 186219 1177172 69 19 11  0  0  0
71  0  70368 90315284 2410240 69450348    0    0     0 427176 184039 1150737 69 20 12  0  0  0
66  0  70368 90309300 2410240 69450372    0    0     0 427276 183355 1152231 69 20 11  0  0  0
69  1  70368 90300912 2410240 69450400    0    0     0 430692 184380 1156885 68 20 11  0  0  0
68  1  70368 90313920 2410240 69450428    0    0     0 415860 181022 1146346 69 20 11  0  0  0
67  0  70368 90308672 2410240 69450448    0    0     0 424628 184128 1138710 69 20 11  0  0  0
70  0  70368 90307832 2410240 69450476    0    0     0 426296 183737 1147372 68 20 11  0  0  0
79  0  70368 90302364 2410240 69450504    0    0     0 427068 184195 1158480 69 20 11  0  0  0
69  0  70368 90302332 2410240 69450520    0    0     0 429620 184257 1165881 69 20 11  0  0  0
71  0  70368 90317384 2410240 69450536    0    0     0 429080 185629 1178182 69 18 12  0  0  0
72  1  70368 90324648 2410240 69450556    0    0     0 431180 186101 1172582 69 20 11  0  0  0
71  0  70368 90317964 2410240 69450584    0    0     0 428604 184324 1159367 69 20 11  0  0  0
70  0  70368 90307064 2410240 69450612    0    0     0 428548 184758 1160687 69 20 11  0  0  0
71  0  70368 90297128 2410240 69450640    0    0     0 427984 183589 1157812 68 20 11  0  0  0
71  0  70368 90302436 2410240 69450668    0    0     0 429644 184169 1160591 69 20 11  0  0  0
70  1  70368 90291092 2410240 69450680    0    0     0 428260 183571 1158505 69 20 11  0  0  0
67  1  70368 90291660 2410240 69450704    0    0     0 419240 180229 1141364 68 19 12  0  0  0
76  0  70368 90298364 2410240 69450728    0    0     0 430380 184368 1161932 69 20 11  0  0  0
68  1  70368 90317764 2410240 69450748    0    0     0 434152 185344 1185048 69 19 12  0  0  0
procs -----------memory---------- ---swap-- -----io---- -system-- -------cpu-------
 r  b   swpd   free   buff  cache   si   so    bi    bo   in   cs us sy id wa st gu
74  0  70368 90342428 2410240 69450760    0    0     0 431296 183957 1167382 69 19 11  0  0  0
73  1  70368 90345836 2410244 69450792    0    0     0 431172 185022 1161995 68 20 11  0  0  0
69  0  70368 90333920 2410244 69450816    0    0     0 430392 183807 1160368 69 20 11  0  0  0
68  0  70368 90313048 2410244 69450836    0    0     0 430800 184403 1156372 69 20 11  0  0  0
73  0  70368 90298284 2410244 69450872    0    0     0 427228 183622 1151906 69 19 12  0  0  0
71  1  70368 90295512 2410244 69450892    0    0     0 432048 184522 1160544 69 20 11  0  0  0
74  0  70368 90302300 2410244 69450920    0    0     0 429812 184277 1161959 69 20 11  0  0  0
71  0  70368 90302352 2410244 69450940    0    0     0 431164 184057 1160126 69 20 11  0  0  0
68  0  70368 90316292 2410244 69450968    0    0     0 434152 185295 1169406 69 20 11  0  0  0
71  1  70368 90335224 2410244 69450980    0    0     0 432944 184988 1178905 69 19 12  0  0  0
73  0  70368 90317968 2410244 69451008    0    0     0 429652 185221 1156999 69 20 11  0  0  0
75  0  70368 90312572 2410244 69451024    0    0     0 430648 184381 1155965 69 20 11  0  0  0
68  0  70368 90318368 2410244 69451064    0    0     0 418472 181005 1142225 68 20 12  0  0  0
73  1  70368 90298352 2410244 69451076    0    0     0 432884 185473 1157682 69 20 11  0  0  0
73  0  70368 90301488 2410244 69451092    0    0     0 431624 186451 1152509 68 20 12  0  0  0
69  0  70368 90317208 2410244 69451124    0    0     0 426972 187992 1132275 67 20 13  0  0  0
74  0  70368 90329700 2410244 69451152    0    0     0 427476 189865 1131976 67 20 13  0  0  0
71  1  70368 90322492 2410244 69451172    0    0     0 425080 187643 1124910 66 20 13  0  0  0
68  1  70368 90320916 2410244 69451196    0    0     0 439228 188203 1182306 69 19 12  0  0  0
68  0  70368 90308376 2410248 69451216    0    0     0 429968 185554 1146360 68 20 11  0  0  0
69  0  70368 90302504 2410248 69451244    0    0     0 431992 185513 1154854 69 20 11  0  0  0
procs -----------memory---------- ---swap-- -----io---- -system-- -------cpu-------
 r  b   swpd   free   buff  cache   si   so    bi    bo   in   cs us sy id wa st gu
67  1  70368 90315916 2410248 69451336    0    0     0 432728 185331 1158138 69 20 11  0  0  0
71  0  70368 90318644 2410248 69451364    0    0     0 431016 184628 1156179 68 20 11  0  0  0
70  0  70368 90310364 2410248 69451388    0    0     0 432964 184214 1155156 69 20 11  0  0  0
72  0  70368 90304632 2410248 69451412    0    0     0 432412 184680 1156059 68 20 11  0  0  0
73  0  70368 90289828 2410248 69451432    0    0     0 434236 186015 1159258 69 20 11  0  0  0
68  0  70368 90291380 2410248 69451460    0    0     0 431192 184391 1155297 68 20 12  0  0  0
67  0  70368 90305308 2410248 69451476    0    0     0 438964 187023 1181417 69 19 12  0  0  0
65  1  70368 90332664 2410248 69451496    0    0     0 432980 186004 1154495 68 19 13  0  0  0
75  0  70368 90324852 2410248 69451528    0    0     0 435128 186609 1158350 69 20 11  0  0  0
70  1  70368 90304556 2410248 69451548    0    0     0 434612 185492 1157260 69 20 11  0  0  0
76  0  70368 90282688 2410248 69451572    0    0     0 433308 184019 1150677 68 20 11  0  0  0
71  0  70368 90303200 2410248 69451640    0    0     0 436200 186298 1158180 69 20 11  0  0  0
68  0  70368 90299000 2410248 69451660    0    0     0 435224 185644 1159361 69 20 11  0  0  0
70  1  70368 90293004 2410248 69451688    0    0     0 435920 186094 1158030 68 20 11  0  0  0
65  1  70368 90292420 2410248 69451712    0    0     0 432312 185495 1157336 69 20 11  0  0  0
72  0  70368 90301232 2410248 69451740    0    0     0 435380 186488 1166333 69 20 11  0  0  0
71  0  70368 90325848 2410248 69451752    0    0     0 439296 186771 1181648 69 19 12  0  0  0
70  1  70368 90305884 2410248 69451776    0    0     0 424620 183227 1152495 68 20 11  0  0  0
74  0  70368 90302088 2410248 69451804    0    0     0 435532 185555 1164461 69 20 11  0  0  0
61  0  70368 90304560 2410248 69451824    0    0     0 418932 184922 1113646 66 20 14  0  0  0
71  0  70368 90311524 2410248 69451852    0    0     0 430320 187153 1147459 68 20 12  0  0  0
procs -----------memory---------- ---swap-- -----io---- -system-- -------cpu-------
 r  b   swpd   free   buff  cache   si   so    bi    bo   in   cs us sy id wa st gu
71  1  70368 90293284 2410248 69451872    0    0     0 433020 185301 1157609 69 20 11  0  0  0
71  1  70368 90285620 2410248 69451900    0    0     0 433404 186026 1158224 68 20 11  0  0  0
69  0  70368 90292252 2410248 69451920    0    0     0 434564 185709 1159330 68 20 11  0  0  0
77  0  70368 90301040 2410248 69451952    0    0     0 434264 185184 1158907 69 20 11  0  0  0
70  0  70368 90311500 2410248 69451968    0    0     0 440152 187698 1186202 69 19 12  0  0  0
67  0  70368 90313464 2410248 69451984    0    0     0 437816 186474 1168030 69 20 11  0  0  0
76  0  70368 90301252 2410248 69452004    0    0     0 438176 186320 1163731 69 20 11  0  0  0
67  0  70368 90294432 2410248 69452032    0    0     0 437340 185467 1153456 68 20 12  0  0  0
72  0  70368 90289684 2410248 69452052    0    0     0 440424 186777 1163766 69 20 11  0  0  0
71  0  70368 90306484 2410248 69452076    0    0     0 437312 185495 1159518 68 20 11  0  0  0
69  0  70368 90297844 2410248 69452100    0    0     0 436792 186240 1159676 69 20 11  0  0  0
69  0  70368 90299860 2410248 69452128    0    0     0 435568 184481 1156740 69 20 11  0  0  0
77  0  70368 90294352 2410248 69452156    0    0     0 437380 185676 1159166 69 20 11  0  0  0
72  0  70368 90304436 2410248 69452172    0    0     0 440644 187163 1176989 69 19 12  0  0  0
73  1  70368 90319640 2410248 69452196    0    0     0 435100 185722 1161664 69 19 12  0  0  0
68  0  70368 90313988 2410248 69452228    0    0     0 433540 185447 1161283 69 20 11  0  0  0
69  0  70368 90296764 2410248 69452252    0    0     0 434728 185448 1159567 69 20 11  0  0  0
70  0  70368 90287532 2410248 69452272    0    0     0 434380 185262 1161716 69 20 11  0  0  0
67  0  70368 90271256 2410248 69452304    0    0     0 433040 185089 1159810 69 20 11  0  0  0
71  0  70368 90280412 2410248 69452320    0    0     0 431776 185846 1159974 69 20 11  0  0  0
74  0  70368 90299832 2410248 69452340    0    0     0 431776 184930 1160332 68 20 11  0  0  0
procs -----------memory---------- ---swap-- -----io---- -system-- -------cpu-------
 r  b   swpd   free   buff  cache   si   so    bi    bo   in   cs us sy id wa st gu
68  1  70368 90306244 2410248 69452368    0    0     0 430032 184584 1156260 69 20 12  0  0  0
66  0  70368 90312400 2410248 69452392    0    0     0 417480 182205 1154300 69 20 11  0  0  0
65  0  70368 90325724 2410248 69452404    0    0     0 431608 186083 1187324 69 19 12  0  0  0
68  1  70368 90324328 2410248 69452428    0    0     0 429928 185053 1160831 69 20 11  0  0  0
71  0  70368 90310300 2410248 69452456    0    0     0 429092 184162 1154953 69 20 11  0  0  0
70  1  70368 90290264 2410248 69452480    0    0     0 428908 184826 1156948 69 20 11  0  0  0
71  0  70368 90309088 2410248 69452508    0    0     0 427784 184275 1157763 69 20 11  0  0  0
68  0  70368 90312544 2410248 69452540    0    0     0 429820 185483 1159635 69 19 11  0  0  0
73  0  70368 90320960 2410248 69452556    0    0     0 426016 184330 1153061 69 20 12  0  0  0
70  1  70368 90295464 2410248 69452584    0    0     0 431328 185020 1160686 69 20 11  0  0  0
72  0  70368 90312152 2410248 69452604    0    0     0 427592 184458 1151702 68 20 12  0  0  0
68  1  70368 90346960 2410248 69452632    0    0     0 424272 185436 1147463 67 19 14  0  0  0
70  0  70368 90339232 2410248 69452656    0    0     0 425024 184835 1143821 68 19 13  0  0  0
69  0  70368 90318496 2410248 69452676    0    0     0 428936 185244 1157762 68 20 11  0  0  0
76  0  70368 90296684 2410248 69452700    0    0     0 429644 184848 1157375 69 20 11  0  0  0
70  1  70368 90297508 2410248 69452728    0    0     0 427144 183969 1146015 68 20 12  0  0  0
73  0  70368 90295192 2410248 69452752    0    0     0 431204 184916 1158625 69 20 11  0  0  0
71  1  70368 90296112 2410248 69452844    0    0     0 430440 184280 1155276 68 20 11  0  0  0
78  1  70368 90305444 2410248 69452868    0    0     0 431644 185460 1160361 69 20 11  0  0  0
68  1  70368 90304780 2410248 69452888    0    0     0 429580 184763 1153940 69 20 11  0  0  0
69  1  70368 90324792 2410248 69452904    0    0     0 434060 185654 1177130 69 19 12  0  0  0
procs -----------memory---------- ---swap-- -----io---- -system-- -------cpu-------
 r  b   swpd   free   buff  cache   si   so    bi    bo   in   cs us sy id wa st gu
73  0  70368 90331664 2410248 69452928    0    0     0 432972 184942 1181113 69 19 12  0  0  0
69  0  70368 90311524 2410248 69452952    0    0     0 427176 184466 1153152 68 20 12  0  0  0
71  0  70368 90327396 2410248 69452972    0    0     0 430304 185161 1159247 69 20 11  0  0  0
66  0  70368 90319128 2410248 69453000    0    0     0 429588 185291 1161549 69 20 11  0  0  0
74  1  70368 90316824 2410248 69453028    0    0     0 428728 184675 1160155 69 20 11  0  0  0
74  1  70368 90311184 2410248 69453052    0    0     0 428256 183767 1158355 68 20 11  0  0  0
68  1  70368 90300396 2410248 69453076    0    0     0 418616 181436 1147453 69 20 11  0  0  0
67  0  70368 90321628 2410248 69453100    0    0     0 429260 185197 1162526 69 20 11  0  0  0
72  0  70368 90308588 2410248 69453124    0    0     0 430684 185581 1162743 69 20 11  0  0  0
75  0  70368 90328208 2410248 69453140    0    0     0 435648 186281 1184677 69 19 12  0  0  0
72  0  70368 90309936 2410248 69453168    0    0     0 431728 185180 1164321 69 20 11  0  0  0
68  0  70368 90304732 2410248 69453188    0    0     0 432568 185137 1163506 69 20 11  0  0  0
66  1  70368 90295852 2410248 69453212    0    0     0 430672 185012 1160369 69 20 11  0  0  0
71  0  70368 90299372 2410248 69453240    0    0     0 429924 184241 1162261 69 20 11  0  0  0
68  0  70368 90295948 2410248 69453264    0    0     0 422660 184579 1135672 67 20 13  0  0  0
74  0  70368 90308076 2410248 69453284    0    0     0 430212 185149 1160386 68 20 11  0  0  0
74  0  70368 90286264 2410248 69453308    0    0     0 427000 184711 1153015 68 20 12  0  0  0
69  0  70368 90295872 2410248 69453336    0    0     0 430200 184540 1158288 68 20 11  0  0  0
71  1  70368 90311808 2410248 69453360    0    0     0 432588 186256 1181316 69 19 12  0  0  0
71  0  70368 90329340 2410248 69453380    0    0     0 433068 185686 1169342 69 19 11  0  0  0
72  0  70368 90324252 2410248 69453404    0    0     0 430364 185608 1155932 68 20 11  0  0  0
procs -----------memory---------- ---swap-- -----io---- -system-- -------cpu-------
 r  b   swpd   free   buff  cache   si   so    bi    bo   in   cs us sy id wa st gu
72  0  70368 90324600 2410248 69453432    0    0     0 429560 184161 1157745 69 20 11  0  0  0
76  0  70368 90301148 2410248 69453452    0    0     0 428520 184743 1159311 69 20 11  0  0  0
69  1  70368 90277412 2410248 69453472    0    0     0 410012 179145 1134217 68 20 12  0  0  0
71  1  70368 90283412 2410248 69453496    0    0     0 405904 177008 1133014 68 20 11  0  0  0
64  0  70368 90299820 2410248 69453520    0    0     0 406956 177073 1127816 68 20 12  0  0  0
73  0  70368 90305744 2410248 69453544    0    0     0 404920 177036 1124787 68 20 12  0  0  0
65  0  70368 90312660 2410248 69453568    0    0     0 414040 180851 1150590 69 19 12  0  0  0
75  0  70368 90335560 2410248 69453592    0    0     0 431332 185125 1172935 69 19 12  0  0  0
77  0  70368 90321772 2410248 69453612    0    0     0 430740 184182 1160739 68 20 11  0  0  0
75  0  70368 90303244 2410248 69453636    0    0     0 426044 184537 1158509 69 20 11  0  0  0
67  0  70368 90289280 2410248 69453664    0    0     0 429588 184545 1146299 68 20 12  0  0  0
77  0  70368 90285664 2410248 69453684    0    0     0 428548 183469 1157126 69 20 11  0  0  0
79  0  70368 90302360 2410248 69453708    0    0     0 429288 184169 1156287 69 20 11  0  0  0
72  0  70368 90287052 2410248 69453724    0    0     0 429752 184803 1161131 69 20 11  0  0  0
71  1  70368 90272216 2410248 69453752    0    0     0 429696 184446 1155677 69 20 11  0  0  0
70  1  70368 90263228 2410248 69453784    0    0     0 424720 186063 1158977 69 20 11  0  0  0
72  0  70368 90285900 2410248 69453800    0    0     0 430964 185427 1170929 68 19 13  0  0  0
70  1  70368 90313988 2410248 69453828    0    0     0 427764 185064 1160383 68 20 12  0  0  0
71  0  70368 90321188 2410248 69453852    0    0     0 429476 183810 1157120 69 20 11  0  0  0
68  0  70368 90316720 2410248 69453872    0    0     0 430468 184172 1157121 68 20 11  0  0  0
71  0  70368 90305192 2410248 69453896    0    0     0 430816 184577 1160208 69 20 11  0  0  0
procs -----------memory---------- ---swap-- -----io---- -system-- -------cpu-------
 r  b   swpd   free   buff  cache   si   so    bi    bo   in   cs us sy id wa st gu
71  0  70368 90292656 2410248 69453924    0    0     0 430488 184200 1158374 69 20 11  0  0  0
64  0  70368 90294892 2410248 69453948    0    0     0 430996 184630 1159914 69 20 11  0  0  0
73  0  70368 90299312 2410248 69453972    0    0     0 430316 183704 1161727 69 20 11  0  0  0
74  0  70368 90306052 2410248 69453996    0    0     0 426124 183740 1148996 68 20 12  0  0  0
73  0  70368 90332476 2410248 69454012    0    0     0 431448 186115 1179679 69 19 12  0  0  0
69  0  70368 90343816 2410248 69454032    0    0     0 431664 185027 1170301 69 19 12  0  0  0
68  0  70368 90330744 2410248 69454060    0    0     0 425280 183861 1134640 68 20 12  0  0  0
68  1  70368 90318660 2410248 69454084    0    0     0 431780 185035 1155253 69 20 11  0  0  0
73  0  70368 90308828 2410248 69454104    0    0     0 430332 183480 1148750 68 20 11  0  0  0
71  0  70368 90303504 2410248 69454128    0    0     0 426396 183772 1136841 68 20 11  0  0  0
71  1  70368 90313384 2410248 69454156    0    0     0 431132 184478 1148182 68 20 11  0  0  0
72  0  70368 90311472 2410248 69454184    0    0     0 430900 184829 1155062 68 20 12  0  0  0
76  0  70368 90290028 2410248 69454208    0    0     0 429952 183593 1154784 69 20 11  0  0  0
74  1  70368 90317132 2410248 69454232    0    0     0 434068 185816 1167494 69 20 11  0  0  0
64  0  70368 90335964 2410248 69454312    0    0     0 436820 186203 1175757 69 19 12  0  0  0
72  0  70368 90320804 2410248 69454348    0    0     0 432376 183812 1159138 69 20 11  0  0  0
76  0  70368 90305412 2410248 69454364    0    0     0 430676 184271 1158908 69 20 11  0  0  0
58  0  70368 90297244 2410248 69454388    0    0     0 426996 183559 1141813 68 19 13  0  0  0
71  0  70368 90324124 2410248 69454412    0    0     0 422432 184916 1126503 67 20 13  0  0  0
73  1  70368 90313984 2410248 69454432    0    0     0 425120 186743 1138992 68 20 12  0  0  0
64  1  70368 90301968 2410248 69454460    0    0     0 430148 184236 1150969 69 20 11  0  0  0
procs -----------memory---------- ---swap-- -----io---- -system-- -------cpu-------
 r  b   swpd   free   buff  cache   si   so    bi    bo   in   cs us sy id wa st gu
70  0  70368 90282056 2410248 69454488    0    0     0 433956 184228 1155515 69 20 11  0  0  0
68  0  70368 90275612 2410248 69454508    0    0     0 431332 183955 1155281 69 20 11  0  0  0
72  0  70368 90296456 2410248 69454532    0    0     0 440500 186969 1189792 69 19 12  0  0  0
68  1  70368 90300060 2410248 69454552    0    0     0 435892 186232 1172197 69 20 11  0  0  0
68  0  70368 90286004 2410248 69454580    0    0     0 429620 184218 1151220 68 20 11  0  0  0
74  0  70368 90307892 2410248 69454604    0    0     0 431188 185016 1154681 69 20 11  0  0  0
67  0  70368 90302752 2410248 69454620    0    0     0 432716 184979 1156606 69 20 11  0  0  0
60  1  70368 90294440 2410248 69454644    0    0     0 435488 185048 1158582 69 20 11  0  0  0
75  1  70368 90272456 2410248 69454664    0    0     0 434620 185309 1160704 69 20 11  0  0  0
79  1  70368 90298928 2410248 69454696    0    0     0 431908 185625 1152091 68 20 12  0  0  0
71  1  70368 90295768 2410248 69454720    0    0     0 432904 185339 1158320 69 20 11  0  0  0
72  0  70368 90309536 2410248 69454736    0    0     0 437144 185901 1178436 69 19 12  0  0  0
74  0  70368 90312084 2410248 69454760    0    0     0 437372 186111 1163469 69 19 12  0  0  0
75  0  70368 90298812 2410248 69454784    0    0     0 436424 185115 1158564 69 20 11  0  0  0
71  0  70368 90314488 2410248 69454808    0    0     0 436304 184885 1157228 69 20 11  0  0  0
71  0  70368 90304176 2410248 69454836    0    0     0 436472 185508 1157357 69 20 11  0  0  0
73  1  70368 90291520 2410248 69454860    0    0     0 437432 185182 1158451 69 20 11  0  0  0
75  0  70368 90290388 2410248 69454876    0    0     0 434808 184768 1158275 69 20 11  0  0  0
76  0  70368 90298384 2410248 69454904    0    0     0 436832 184723 1158565 69 20 11  0  0  0
77  0  70368 90298160 2410248 69454924    0    0     0 435744 183607 1151762 68 20 12  0  0  0
72  0  70368 90328356 2410248 69454956    0    0     0 438504 186135 1165606 69 19 12  0  0  0
procs -----------memory---------- ---swap-- -----io---- -system-- -------cpu-------
 r  b   swpd   free   buff  cache   si   so    bi    bo   in   cs us sy id wa st gu
75  0  70368 90362776 2410248 69454972    0    0     0 433364 186560 1163430 67 19 14  0  0  0
74  0  70368 90333804 2410248 69454996    0    0     0 436652 184756 1151155 69 20 11  0  0  0
76  0  70368 90318364 2410248 69455024    0    0     0 438396 185193 1157354 69 20 11  0  0  0
74  0  70368 90298748 2410248 69455048    0    0     0 436420 185058 1157902 69 20 11  0  0  0
66  0  70368 90299560 2410248 69455072    0    0     0 437164 184922 1159377 69 20 11  0  0  0
68  1  70368 90297404 2410248 69455096    0    0     0 434220 184021 1151346 68 20 12  0  0  0
71  0  70368 90301352 2410248 69455120    0    0     0 434544 184475 1157551 68 20 11  0  0  0
69  0  70368 90278200 2410248 69455140    0    0     0 434892 184638 1163003 69 20 11  0  0  0
65  0  70368 90298448 2410248 69455172    0    0     0 432464 184900 1158651 69 20 11  0  0  0
71  0  70368 90322196 2410248 69455188    0    0     0 434380 186446 1181465 69 19 12  0  0  0
64  1  70368 90308660 2410248 69455212    0    0     0 434348 184531 1160698 69 19 11  0  0  0
74  0  70368 90306972 2410248 69455232    0    0     0 433680 185090 1157921 69 20 11  0  0  0
74  1  70368 90306284 2410248 69455260    0    0     0 433996 185551 1158725 69 20 11  0  0  0
73  0  70368 90306308 2410248 69455284    0    0     0 432956 185078 1150659 68 20 11  0  0  0
72  0  70368 90301132 2410248 69455312    0    0     0 434556 184390 1156848 69 20 11  0  0  0
74  0  70368 90312364 2410248 69455336    0    0     0 431380 184221 1156998 69 20 11  0  0  0
70  1  70368 90309252 2410248 69455360    0    0     0 431692 184487 1156343 69 20 11  0  0  0
71  1  70368 90295688 2410248 69455384    0    0     0 430932 184611 1157186 69 20 11  0  0  0
73  1  70368 90314876 2410248 69455404    0    0     0 434072 186072 1178725 69 19 12  0  0  0
72  1  70368 90320784 2410248 69455428    0    0     0 433732 186234 1175840 69 19 12  0  0  0
78  0  70368 90320380 2410248 69455444    0    0     0 426852 183159 1144753 68 19 12  0  0  0
procs -----------memory---------- ---swap-- -----io---- -system-- -------cpu-------
 r  b   swpd   free   buff  cache   si   so    bi    bo   in   cs us sy id wa st gu
73  0  70368 90330988 2410248 69455468    0    0     0 428928 185457 1156509 69 20 11  0  0  0
78  0  70368 90316180 2410248 69455492    0    0     0 429864 183680 1159433 69 20 11  0  0  0
81  0  70368 90308744 2410248 69455516    0    0     0 431180 184219 1159739 68 20 11  0  0  0
66  1  70368 90308484 2410248 69455540    0    0     0 432064 184033 1161804 69 20 11  0  0  0
77  1  70368 90314540 2410248 69455564    0    0     0 434936 183999 1164075 68 20 11  0  0  0
70  1  70368 90310796 2410248 69455592    0    0     0 432196 184437 1161228 69 20 11  0  0  0
80  0  70368 90332808 2410248 69455616    0    0     0 432784 184823 1162374 69 19 12  0  0  0
69  0  70368 90353040 2410248 69455632    0    0     0 437020 185739 1181344 69 19 12  0  0  0
73  0  70368 90335096 2410248 69455656    0    0     0 432448 184186 1157252 69 20 11  0  0  0
71  0  70368 90330328 2410248 69455684    0    0     0 435260 184330 1162025 69 20 11  0  0  0
73  0  70368 90305376 2410248 69455704    0    0     0 431452 185280 1162157 69 20 11  0  0  0
68  0  70368 90279644 2410248 69455800    0    0     0 431216 184128 1156685 69 20 11  0  0  0
70  0  70368 90291012 2410248 69455816    0    0     0 432332 184735 1160030 69 20 11  0  0  0
70  0  70368 90303300 2410248 69455840    0    0     0 426564 183425 1137572 68 20 12  0  0  0
71  0  70368 90296788 2410248 69455860    0    0     0 433008 185067 1157288 68 20 12  0  0  0
71  0  70368 90304620 2410248 69455888    0    0     0 434708 185161 1159540 69 20 11  0  0  0
70  0  70368 90305872 2410248 69455908    0    0     0 438172 186172 1188464 69 19 12  0  0  0
73  0  70368 90311420 2410248 69455928    0    0     0 434628 185610 1163172 69 20 11  0  0  0
71  0  70368 90315628 2410248 69455952    0    0     0 435364 185264 1162125 69 20 11  0  0  0
68  0  70368 90323160 2410248 69455980    0    0     0 432508 185170 1158041 69 20 11  0  0  0
73  0  70368 90315464 2410248 69456000    0    0     0 429776 184683 1154514 69 20 11  0  0  0
procs -----------memory---------- ---swap-- -----io---- -system-- -------cpu-------
 r  b   swpd   free   buff  cache   si   so    bi    bo   in   cs us sy id wa st gu
71  0  70368 90314776 2410248 69456028    0    0     0 429684 184405 1149302 69 20 12  0  0  0
72  0  70368 90292740 2410248 69456052    0    0     0 430536 184631 1156815 69 20 11  0  0  0
78  1  70368 90302736 2410248 69456068    0    0     0 432728 185184 1159017 69 20 11  0  0  0
74  0  70368 90313948 2410248 69456100    0    0     0 429392 183653 1146790 68 20 12  0  0  0
69  1  70368 90318148 2410248 69456120    0    0     0 437356 186084 1176016 69 19 12  0  0  0
73  0  70368 90324660 2410248 69456144    0    0     0 436536 185594 1167974 69 19 11  0  0  0
68  1  70368 90305652 2410248 69456172    0    0     0 434888 185132 1156547 69 20 11  0  0  0
72  0  70368 90301884 2410248 69456192    0    0     0 432584 184718 1151673 68 20 12  0  0  0
72  0  70368 90288104 2410248 69456224    0    0     0 434808 184760 1161639 69 20 11  0  0  0
72  1  70368 90295928 2410248 69456252    0    0     0 430552 184992 1157353 69 20 11  0  0  0
75  0  70368 90300644 2410248 69456268    0    0     0 434844 185008 1160578 69 20 11  0  0  0
75  0  70368 90302740 2410248 69456296    0    0     0 433880 183987 1155212 69 20 11  0  0  0
70  0  70368 90291500 2410248 69456316    0    0     0 432528 184501 1155631 69 20 11  0  0  0
72  0  70368 90312980 2410248 69456336    0    0     0 434460 184926 1169785 69 19 11  0  0  0
70  0  70368 90333888 2410248 69456356    0    0     0 438212 186204 1191658 69 19 12  0  0  0
72  0  70368 90338544 2410248 69456380    0    0     0 427252 185809 1135494 67 20 12  0  0  0
74  0  70368 90322584 2410248 69456404    0    0     0 432484 184759 1158274 69 20 11  0  0  0
69  1  70368 90304344 2410248 69456428    0    0     0 433244 184043 1156737 69 20 11  0  0  0
69  0  70368 90305028 2410248 69456452    0    0     0 432360 184599 1156698 69 20 11  0  0  0
73  1  70368 90294156 2410248 69456480    0    0     0 432664 183885 1155492 69 20 11  0  0  0
77  1  70368 90284172 2410248 69456500    0    0     0 432964 184067 1159794 68 20 11  0  0  0
procs -----------memory---------- ---swap-- -----io---- -system-- -------cpu-------
 r  b   swpd   free   buff  cache   si   so    bi    bo   in   cs us sy id wa st gu
72  0  70368 90276780 2410248 69456528    0    0     0 433516 184560 1159925 69 20 11  0  0  0
71  0  70368 90303464 2410248 69456556    0    0     0 430536 184908 1155842 68 20 12  0  0  0
64  1  70368 90312812 2410248 69456572    0    0     0 438156 185601 1184878 69 19 12  0  0  0
66  0  70368 90319680 2410248 69456600    0    0     0 434732 184819 1160808 69 20 11  0  0  0
73  0  70368 90304388 2410248 69456616    0    0     0 433680 184859 1156847 69 20 11  0  0  0
70  1  70368 90302448 2410248 69456640    0    0     0 432596 184387 1160506 69 20 11  0  0  0
77  1  70368 90303164 2410248 69456664    0    0     0 433608 184202 1158549 69 20 11  0  0  0
74  0  70368 90298120 2410248 69456680    0    0     0 433592 184879 1159078 69 20 11  0  0  0
68  0  70368 90302772 2410248 69456716    0    0     0 430472 183659 1152761 68 20 12  0  0  0
67  0  70368 90296152 2410248 69456736    0    0     0 432200 184330 1159881 69 20 11  0  0  0
72  0  70368 90312260 2410248 69456756    0    0     0 432800 184432 1159875 69 20 11  0  0  0
74  0  70368 90323780 2410248 69456780    0    0     0 439088 185979 1188220 69 19 12  0  0  0
70  0  70368 90336104 2410248 69456804    0    0     0 435808 185055 1172955 69 19 12  0  0  0
69  0  70368 90321980 2410248 69456828    0    0     0 434892 183961 1160505 69 20 11  0  0  0
77  0  70368 90303240 2410248 69456860    0    0     0 433596 184167 1158967 69 20 11  0  0  0
74  1  70368 90293792 2410248 69456872    0    0     0 434500 184154 1158415 69 20 11  0  0  0
69  0  70368 90305428 2410248 69456904    0    0     0 430700 183631 1147963 68 20 12  0  0  0
73  0  70368 90298496 2410248 69456920    0    0     0 431904 184563 1156604 69 20 11  0  0  0
75  0  70368 90294380 2410248 69456952    0    0     0 433776 184446 1158364 69 20 11  0  0  0
65  1  70368 90288700 2410248 69456976    0    0     0 434248 185817 1158744 69 20 11  0  0  0
71  0  70368 90309792 2410248 69456996    0    0     0 435828 185283 1171909 69 19 12  0  0  0
procs -----------memory---------- ---swap-- -----io---- -system-- -------cpu-------
 r  b   swpd   free   buff  cache   si   so    bi    bo   in   cs us sy id wa st gu
71  0  70368 90327828 2410248 69457012    0    0     0 436644 185467 1172534 69 19 11  0  0  0
75  0  70368 90309504 2410248 69457040    0    0     0 434692 184507 1154548 68 20 11  0  0  0
71  0  70368 90309276 2410248 69457068    0    0     0 431440 184840 1147821 68 20 11  0  0  0
72  0  70368 90307016 2410248 69457092    0    0     0 434116 185964 1160457 69 20 11  0  0  0
71  1  70368 90294584 2410248 69457116    0    0     0 434728 185044 1162898 69 20 11  0  0  0
69  0  70368 90292632 2410248 69457136    0    0     0 433360 184800 1160052 69 20 11  0  0  0
72  0  70368 90282952 2410248 69457160    0    0     0 434692 184325 1158361 69 20 11  0  0  0
74  0  70368 90291468 2410248 69457196    0    0     0 432768 184531 1155643 69 20 11  0  0  0
69  0  70368 90298712 2410248 69457312    0    0     0 431324 185391 1161384 69 20 11  0  0  0
70  1  70368 90328948 2410248 69457332    0    0     0 435284 185954 1177817 69 18 12  0  0  0
71  0  70368 90323212 2410248 69457348    0    0     0 433408 184221 1157264 69 20 11  0  0  0
67  0  70368 90302076 2410248 69457376    0    0     0 435040 184456 1158460 69 20 11  0  0  0
72  0  70368 90297848 2410248 69457408    0    0     0 433392 184144 1156335 69 20 11  0  0  0
65  0  70368 90283692 2410248 69457432    0    0     0 434908 183899 1155662 69 20 11  0  0  0
69  1  70368 90299096 2410248 69457456    0    0     0 435708 183879 1157741 69 20 11  0  0  0
68  0  70368 90303644 2410248 69457480    0    0     0 436588 184832 1159098 68 20 11  0  0  0
77  1  70368 90299944 2410248 69457508    0    0     0 436948 184855 1160431 69 20 11  0  0  0
72  0  70368 90321344 2410248 69457524    0    0     0 434724 184754 1150820 68 20 12  0  0  0
68  0  70368 90341496 2410248 69457548    0    0     0 439752 185639 1184105 69 19 12  0  0  0
70  0  70368 90333212 2410248 69457568    0    0     0 435068 183811 1159402 69 19 11  0  0  0
74  1  70368 90325408 2410248 69457588    0    0     0 434428 183786 1157533 69 20 11  0  0  0
procs -----------memory---------- ---swap-- -----io---- -system-- -------cpu-------
 r  b   swpd   free   buff  cache   si   so    bi    bo   in   cs us sy id wa st gu
72  1  70368 90309252 2410248 69457616    0    0     0 435764 184098 1161675 69 20 11  0  0  0
67  0  70368 90317196 2410248 69457640    0    0     0 434780 185356 1159348 69 20 11  0  0  0
75  0  70368 90313060 2410248 69457664    0    0     0 435476 184373 1155298 69 20 11  0  0  0
71  0  70368 90316760 2410248 69457692    0    0     0 424932 180938 1142520 68 20 12  0  0  0
76  0  70368 90323904 2410248 69457716    0    0     0 435972 184646 1155880 69 20 11  0  0  0
71  0  70368 90315628 2410248 69457740    0    0     0 435252 184434 1159070 69 20 11  0  0  0
66  1  70368 90314536 2410248 69457760    0    0     0 438384 186305 1175282 69 19 12  0  0  0
71  0  70368 90343196 2410248 69457784    0    0     0 439656 185903 1174879 69 19 11  0  0  0
67  1  70368 90326728 2410248 69457808    0    0     0 436848 184885 1160079 69 20 11  0  0  0
66  0  70368 90315248 2410248 69457828    0    0     0 437148 185029 1159123 69 20 11  0  0  0
70  0  70368 90306840 2410248 69457852    0    0     0 431124 182985 1144512 68 20 12  0  0  0
72  0  70368 90277052 2410248 69457876    0    0     0 436204 185014 1157136 69 20 11  0  0  0
74  0  70368 90270208 2410248 69457904    0    0     0 436572 185631 1160292 69 20 11  0  0  0
72  0  70368 90288776 2410248 69457924    0    0     0 435212 184855 1157974 69 20 11  0  0  0
73  0  70368 90299292 2410248 69457948    0    0     0 434572 184813 1155550 69 20 11  0  0  0
73  0  70368 90307852 2410248 69457976    0    0     0 437552 185157 1167429 69 20 11  0  0  0
69  0  70368 90327516 2410248 69457984    0    0     0 438344 185112 1184485 69 19 12  0  0  0
73  0  70368 90325848 2410248 69458012    0    0     0 432040 184687 1156823 69 20 11  0  0  0
74  0  70368 90304308 2410248 69458040    0    0     0 434272 184739 1150095 69 20 11  0  0  0
74  0  70368 90289604 2410248 69458064    0    0     0 435204 185224 1156035 69 20 11  0  0  0
70  1  70368 90288280 2410248 69458088    0    0     0 434848 185131 1161505 69 20 11  0  0  0
procs -----------memory---------- ---swap-- -----io---- -system-- -------cpu-------
 r  b   swpd   free   buff  cache   si   so    bi    bo   in   cs us sy id wa st gu
72  0  70368 90301332 2410248 69458104    0    0     0 432380 184997 1156166 69 20 11  0  0  0
71  0  70368 90304556 2410248 69458132    0    0     0 431816 184094 1155646 68 20 11  0  0  0
71  0  70368 90314400 2410248 69458160    0    0     0 432864 184100 1155152 69 20 11  0  0  0
76  0  70368 90306200 2410248 69458184    0    0     0 431204 184716 1156715 69 20 11  0  0  0
72  0  70368 90326848 2410248 69458212    0    0     0 433324 186432 1174800 69 19 12  0  0  0
75  0  70368 90335468 2410248 69458228    0    0     0 433996 184956 1159375 69 19 11  0  0  0
71  0  70368 90323168 2410248 69458252    0    0     0 433940 184430 1157327 69 20 11  0  0  0
68  0  70368 90318144 2410248 69458280    0    0     0 431268 183468 1155905 69 20 11  0  0  0
69  0  70368 90301292 2410248 69458304    0    0     0 420220 180858 1143641 69 20 11  0  0  0
72  0  70368 90308068 2410248 69458328    0    0     0 431192 184329 1156515 69 20 11  0  0  0
66  0  70368 90287524 2410248 69458352    0    0     0 427740 185753 1156204 69 20 11  0  0  0
73  0  70368 90274940 2410248 69458376    0    0     0 429136 184018 1151361 68 20 12  0  0  0
74  0  70368 90282636 2410248 69458400    0    0     0 432148 184518 1160099 69 20 11  0  0  0
71  0  70368 90316828 2410248 69458416    0    0     0 434464 185446 1169253 69 19 12  0  0  0
71  0  70368 90345016 2410248 69458440    0    0     0 434048 185448 1176902 69 19 12  0  0  0
76  0  70368 90319120 2410248 69458464    0    0     0 431932 184954 1156169 69 20 11  0  0  0
75  0  70368 90306940 2410248 69458484    0    0     0 430420 184740 1157020 69 20 11  0  0  0
67  0  70368 90296880 2410248 69458512    0    0     0 430336 184171 1157042 69 20 11  0  0  0
68  0  70368 90296292 2410248 69458540    0    0     0 427688 187629 1149134 68 20 11  0  0  0
75  0  70368 90303204 2410248 69458560    0    0     0 424384 183091 1147126 68 20 12  0  0  0
71  0  70368 90297356 2410248 69458584    0    0     0 429096 183699 1157566 69 20 11  0  0  0
procs -----------memory---------- ---swap-- -----io---- -system-- -------cpu-------
 r  b   swpd   free   buff  cache   si   so    bi    bo   in   cs us sy id wa st gu
73  0  70368 90288408 2410248 69458608    0    0     0 430200 184202 1154716 69 20 11  0  0  0
66  0  70368 90302988 2410248 69458632    0    0     0 430292 183976 1161108 69 20 11  0  0  0
72  0  70368 90318444 2410248 69458652    0    0     0 433860 186959 1184985 69 19 12  0  0  0
73  0  70368 90300128 2410248 69458676    0    0     0 428656 184638 1159844 69 20 11  0  0  0
74  0  70368 90286428 2410248 69458700    0    0     0 429028 184158 1154951 69 20 11  0  0  0
71  1  70368 90290684 2410248 69458784    0    0     0 428444 183932 1148809 68 20 11  0  0  0
69  1  70368 90298016 2410248 69458812    0    0     0 427808 183829 1154767 69 20 11  0  0  0
64  1  70368 90300936 2410248 69458840    0    0     0 428736 184008 1152633 69 20 11  0  0  0
67  0  70368 90297916 2410248 69458860    0    0     0 427704 184163 1149401 68 20 11  0  0  0
67  1  70368 90304144 2410248 69458880    0    0     0 428840 183690 1153164 69 20 11  0  0  0
69  0  70368 90291404 2410248 69458904    0    0     0 429356 183149 1154005 69 20 11  0  0  0
66  0  70368 90325692 2410248 69458928    0    0     0 434604 185902 1183493 69 19 12  0  0  0
71  0  70368 90329860 2410248 69458948    0    0     0 428184 183207 1155074 69 19 12  0  0  0
71  0  70368 90308588 2410248 69458968    0    0     0 430364 183407 1156551 69 20 11  0  0  0
78  0  70368 90302068 2410248 69458996    0    0     0 420976 180870 1147227 69 20 11  0  0  0
73  0  70368 90308260 2410248 69459020    0    0     0 431064 185658 1159282 69 20 11  0  0  0
71  0  70368 90296600 2410248 69459044    0    0     0 432308 183665 1162041 69 20 11  0  0  0
71  0  70368 90308452 2410248 69459072    0    0     0 431112 183518 1158845 68 20 11  0  0  0
71  0  70368 90300640 2410248 69459096    0    0     0 431280 183772 1156834 69 20 11  0  0  0
70  0  70368 90291116 2410248 69459116    0    0     0 430512 183980 1147822 69 19 12  0  0  0
77  1  70368 90312924 2410248 69459140    0    0     0 435672 185734 1176881 69 19 12  0  0  0
procs -----------memory---------- ---swap-- -----io---- -system-- -------cpu-------
 r  b   swpd   free   buff  cache   si   so    bi    bo   in   cs us sy id wa st gu
70  0  70368 90334592 2410248 69459164    0    0     0 434624 185123 1179379 69 19 12  0  0  0
74  0  70368 90327364 2410248 69459192    0    0     0 431236 183513 1152539 69 20 11  0  0  0
68  1  70368 90312296 2410248 69459216    0    0     0 431096 184589 1153211 69 20 11  0  0  0
65  0  70368 90321620 2410248 69459236    0    0     0 430252 183423 1152872 69 20 11  0  0  0
76  0  70368 90295264 2410248 69459260    0    0     0 434240 184516 1158019 69 20 11  0  0  0
71  1  70368 90297064 2410248 69459280    0    0     0 420700 180401 1146119 68 20 11  0  0  0
68  0  70368 90316816 2410248 69459308    0    0     0 406808 176103 1128210 68 20 12  0  0  0
73  0  70368 90316864 2410248 69459332    0    0     0 407216 176235 1133838 68 20 12  0  0  0
67  1  70368 90327028 2410248 69459352    0    0     0 409304 177180 1145535 69 19 12  0  0  0
76  0  70368 90350220 2410248 69459372    0    0     0 423680 180332 1164363 69 18 12  0  0  0
72  0  70368 90341668 2410248 69459400    0    0     0 429688 182666 1151658 69 20 11  0  0  0
73  0  70368 90334688 2410248 69459424    0    0     0 427880 182990 1150528 69 20 11  0  0  0
76  0  70368 90327780 2410248 69459448    0    0     0 426284 182467 1152249 69 20 11  0  0  0
69  0  70368 90332712 2410248 69459472    0    0     0 424432 182086 1135420 68 20 12  0  0  0
75  0  70368 90317788 2410248 69459492    0    0     0 428388 182766 1143625 69 20 11  0  0  0
67  1  70368 90315872 2410248 69459512    0    0     0 429800 182852 1156497 69 20 11  0  0  0
72  0  70368 90301960 2410248 69459540    0    0     0 430608 183234 1152639 69 20 11  0  0  0
71  0  70368 90317888 2410248 69459568    0    0     0 429692 182444 1152044 69 20 11  0  0  0
68  0  70368 90339912 2410248 69459584    0    0     0 422404 181783 1172274 69 19 12  0  0  0
71  0  70368 90348024 2410248 69459604    0    0     0 430008 182628 1156206 69 19 11  0  0  0
66  0  70368 90333192 2410248 69459632    0    0     0 428200 183015 1148332 68 20 12  0  0  0
procs -----------memory---------- ---swap-- -----io---- -system-- -------cpu-------
 r  b   swpd   free   buff  cache   si   so    bi    bo   in   cs us sy id wa st gu
70  0  70368 90322588 2410248 69459660    0    0     0 429780 182352 1154042 69 20 11  0  0  0
71  0  70368 90322212 2410248 69459680    0    0     0 430032 182552 1155899 69 20 11  0  0  0
71  0  70368 90295928 2410248 69459700    0    0     0 426248 182684 1150884 69 20 11  0  0  0
78  0  70368 90312300 2410248 69459724    0    0     0 428568 182165 1154888 68 20 11  0  0  0
68  1  70368 90316448 2410248 69459752    0    0     0 429868 182178 1154255 69 20 11  0  0  0
70  0  70368 90309776 2410248 69459776    0    0     0 430084 182442 1156402 69 20 11  0  0  0
72  1  70368 90338612 2410248 69459796    0    0     0 431564 183659 1171418 69 19 12  0  0  0
70  1  70368 90364100 2410248 69459816    0    0     0 431044 184363 1164049 69 19 12  0  0  0
75  0  70368 90349096 2410248 69459840    0    0     0 433000 184147 1155491 69 20 11  0  0  0
69  1  70368 90324404 2410248 69459868    0    0     0 432328 184821 1157004 69 20 11  0  0  0
71  1  70368 90305064 2410248 69459892    0    0     0 433756 183633 1156066 68 20 11  0  0  0
64  0  70368 90292944 2410248 69459916    0    0     0 434112 184143 1159101 69 20 11  0  0  0
55  0  70368 90290620 2410248 69459940    0    0     0 434220 184311 1153368 69 20 11  0  0  0
48  1  70368 90302380 2410248 69459964    0    0     0 434228 183877 1155477 69 20 11  0  0  0
70  0  70368 90298852 2410248 69459992    0    0     0 431500 183826 1149352 69 20 12  0  0  0
62  0  70368 90310420 2410248 69460016    0    0     0 428492 185205 1162024 69 19 11  0  0  0
66  0  70368 90334936 2410248 69460044    0    0     0 438064 185954 1189776 69 19 12  0  0  0
52  1  70368 90328128 2410248 69460064    0    0     0 410244 177837 1137810 69 19 11  0  0  0
54  0  70368 90320640 2410248 69460084    0    0     0 406996 177514 1121565 68 19 12  1  0  0
65  0  70368 90313656 2410248 69460104    0    0     0 407916 176362 1121762 68 20 12  0  0  0
68  1  70368 90319728 2410248 69460128    0    0     0 411168 176025 1132422 68 20 11  0  0  0
procs -----------memory---------- ---swap-- -----io---- -system-- -------cpu-------
 r  b   swpd   free   buff  cache   si   so    bi    bo   in   cs us sy id wa st gu
70  0  70368 90307024 2410248 69460156    0    0     0 408500 176196 1124895 69 19 12  0  0  0
66  6  70368 90294204 2410248 69460176    0    0     0 432404 182590 1150634 69 20 11  0  0  0
79  2  70368 90307092 2410248 69460272    0    0     0 426092 184260 1152716 68 20 11  0  0  0
78  4  70368 90313676 2410248 69460296    0    0     0 431340 183789 1155033 69 20 11  0  0  0
71  5  70368 90355284 2410248 69460316    0    0     0 432952 184498 1173720 69 19 12  0  0  0
75  1  70368 90349852 2410248 69460340    0    0     0 432484 183309 1160881 69 20 11  0  0  0
73  2  70368 90333244 2410248 69460364    0    0     0 430568 183026 1153640 69 20 11  0  0  0
75  1  70368 90322204 2410248 69460384    0    0     0 436336 184031 1157708 69 20 11  0  0  0
75  0  70368 90298152 2410248 69460404    0    0     0 426864 182569 1141909 68 20 12  0  0  0
69 10  70368 90292660 2410248 69460428    0    0     0 435716 183954 1150122 69 20 11  0  0  0
66 15  70368 90298280 2410248 69460456    0    0     0 430992 183008 1151650 69 20 11  0  0  0
75  2  70368 90306744 2410252 69460480    0    0     0 432980 183729 1151743 69 20 11  0  0  0
77  2  70368 90302916 2410252 69460508    0    0     0 433692 182997 1157318 69 20 11  0  0  0
73 14  70368 90312556 2410252 69460528    0    0     0 439700 185075 1175501 69 19 12  0  0  0
78  0  70368 90331488 2410252 69460544    0    0     0 431004 183804 1168767 69 19 12  0  0  0
72  2  70368 90325212 2410252 69460568    0    0     0 432592 183460 1147110 68 20 12  0  0  0
71  1  70368 90316684 2410252 69460596    0    0     0 433564 183412 1155894 69 20 11  0  0  0
73 17  70368 90316376 2410252 69460620    0    0     0 429476 184399 1148826 69 20 11  0  0  0
77  3  70368 90314596 2410252 69460644    0    0     0 432152 182207 1149997 68 20 11  0  0  0
84  2  70368 90305220 2410252 69460668    0    0     0 433172 183540 1154088 69 20 11  0  0  0
73  0  70368 90302316 2410252 69460692    0    0     0 436912 183980 1153185 69 20 11  0  0  0
procs -----------memory---------- ---swap-- -----io---- -system-- -------cpu-------
 r  b   swpd   free   buff  cache   si   so    bi    bo   in   cs us sy id wa st gu
83  1  70368 90290924 2410256 69460712    0    0     0 432696 183600 1149937 69 20 11  0  0  0
67  7  70368 90310764 2410256 69460736    0    0     0 432476 183898 1152297 68 20 11  0  0  0
74  8  70368 90340096 2410256 69460756    0    0     0 433492 184312 1146405 68 19 13  1  0  0
77  0  70368 90325960 2410256 69460784    0    0     0 429016 183759 1154193 69 20 11  0  0  0
73  1  70368 90321012 2410256 69460804    0    0     0 435668 183973 1155738 69 20 11  0  0  0
83  0  70368 90309272 2410256 69460832    0    0     0 433720 185045 1154300 69 20 11  0  0  0
75  1  70368 90318228 2410256 69460860    0    0     0 439508 183018 1152067 69 20 11  0  0  0
79  1  70368 90301504 2410256 69460880    0    0     0 430364 182995 1157968 68 20 11  0  0  0
79  0  70368 90301256 2410256 69460904    0    0     0 433152 183111 1154443 69 20 11  0  0  0
73  2  70368 90304636 2410256 69460920    0    0     0 432344 182239 1147289 69 20 12  0  0  0
74  1  70368 90309908 2410256 69460948    0    0     0 437280 183019 1152082 68 20 11  0  0  0
73  5  70368 90339220 2410256 69460968    0    0     0 432400 185331 1184169 69 19 12  0  0  0
43 16  70368 90334728 2410256 69460988    0    0     0 431324 183770 1156794 69 19 11  0  0  0
76  8  70368 90324776 2410256 69461012    0    0     0 440020 183871 1154478 69 20 11  0  0  0
75  2  70368 90312528 2410256 69461032    0    0     0 434340 183330 1153173 69 20 11  0  0  0
75  2  70368 90294252 2410256 69461064    0    0     0 425112 182908 1154710 69 20 11  0  0  0
78  4  70368 90301500 2410256 69461092    0    0     0 426656 181988 1146312 68 20 12  0  0  0
81  3  70368 90285676 2410256 69461116    0    0     0 433976 183343 1152733 69 20 11  0  0  0
78  1  70368 90283872 2410256 69461140    0    0     0 431808 183569 1157042 69 20 11  0  0  0
67  2  70368 90301440 2410256 69461168    0    0     0 420812 183741 1153031 68 20 11  0  0  0
81  0  70368 90322188 2410256 69461192    0    0     0 444336 184454 1173610 69 19 12  0  0  0
procs -----------memory---------- ---swap-- -----io---- -system-- -------cpu-------
 r  b   swpd   free   buff  cache   si   so    bi    bo   in   cs us sy id wa st gu
73  1  70368 90330656 2410256 69461212    0    0     0 427716 185064 1174866 69 19 12  0  0  0
60  2  70368 90301396 2410256 69461236    0    0     0 436632 183884 1152481 69 20 11  0  0  0
77  1  70368 90295340 2410256 69461252    0    0     0 423076 182676 1150568 69 20 11  0  0  0
81  2  70368 90281712 2410256 69461276    0    0     0 431400 183589 1150034 68 20 12  0  0  0
71  0  70368 90280212 2410256 69461304    0    0     0 431092 183140 1150817 69 20 11  0  0  0
65 18  70368 90278196 2410256 69461328    0    0     0 419248 181977 1150558 69 20 11  0  0  0
72 11  70368 90294552 2410256 69461356    0    0     0 432816 182902 1151803 69 20 11  0  0  0
75 11  70368 90311208 2410256 69461380    0    0     0 431356 182281 1151670 69 20 11  0  0  0
82  3  70368 90309860 2410256 69461400    0    0     0 427740 183641 1164236 69 19 12  0  0  0
65  2  70368 90337520 2410256 69461424    0    0     0 439648 185784 1184279 69 19 12  0  0  0
70 17  70368 90322072 2410256 69461444    0    0     0 429836 183076 1148696 68 20 12  0  0  0
80  0  70368 90301704 2410256 69461468    0    0     0 431288 183307 1157336 69 20 11  0  0  0
78  3  70368 90286940 2410256 69461484    0    0     0 436904 183018 1155860 69 20 11  0  0  0
85  2  70368 90292220 2410256 69461516    0    0     0 421844 183886 1150112 69 20 11  0  0  0
81  4  70368 90291012 2410256 69461540    0    0     0 429220 183721 1156288 69 20 11  0  0  0
76  1  70368 90294728 2410256 69461568    0    0     0 428332 182499 1152055 69 20 11  0  0  0
72  0  70368 90306264 2410256 69461592    0    0     0 432384 182845 1150635 69 20 11  0  0  0
76  0  70368 90290208 2410256 69461612    0    0     0 426032 182162 1145073 68 20 12  0  0  0
77  1  70368 90321576 2410256 69461636    0    0     0 432708 184643 1184940 69 19 12  0  0  0
74  1  70368 90326828 2410256 69461656    0    0     0 429764 184816 1157696 69 20 11  0  0  0
67 16  70368 90312696 2410256 69461744    0    0     0 423544 189716 1124190 67 20 13  0  0  0
procs -----------memory---------- ---swap-- -----io---- -system-- -------cpu-------
 r  b   swpd   free   buff  cache   si   so    bi    bo   in   cs us sy id wa st gu
80  2  70368 90314840 2410256 69461768    0    0     0 420492 186195 1119284 67 20 13  0  0  0
75  2  70368 90308548 2410256 69461796    0    0     0 411264 184199 1116440 67 20 13  0  0  0
77  3  70368 90295500 2410256 69461816    0    0     0 441376 185087 1150114 68 20 11  0  0  0
71 15  70368 90276256 2410256 69461844    0    0     0 431052 183322 1143971 68 20 11  0  0  0
75  3  70368 90303540 2410256 69461860    0    0     0 421348 183060 1136895 68 20 11  0  0  0
75 10  70368 90294648 2410256 69461884    0    0     0 433068 183581 1148733 69 20 11  0  0  0
68 18  70368 90311816 2410256 69461908    0    0     0 436656 184877 1171324 69 19 12  0  0  0
76  2  70368 90321048 2410256 69461924    0    0     0 430624 183794 1161069 69 19 12  0  0  0
83  1  70368 90317780 2410256 69461948    0    0     0 427440 184018 1152344 69 20 11  0  0  0
74  1  70368 90313824 2410256 69461976    0    0     0 436872 184878 1155549 68 20 11  0  0  0
68  9  70368 90310576 2410256 69461996    0    0     0 427284 183993 1152849 69 20 11  0  0  0
60 11  70368 90314404 2410256 69462024    0    0     0 432796 183954 1147167 68 20 12  0  0  0
69 14  70368 90312164 2410256 69462048    0    0     0 428936 184020 1142184 68 20 12  0  0  0
82  0  70368 90324168 2410260 69462072    0    0     0 426140 183972 1125614 67 20 13  0  0  0
63 16  70368 90304072 2410260 69462104    0    0     0 429252 183686 1154108 69 20 11  0  0  0
71  1  70368 90308192 2410260 69462128    0    0     0 440068 184805 1165093 69 20 11  0  0  0
75  0  70368 90323332 2410260 69462140    0    0     0 435212 185597 1173789 69 19 12  0  0  0
75  1  70368 90304840 2410260 69462160    0    0     0 433144 183963 1156744 69 20 11  0  0  0
76  1  70368 90319904 2410260 69462188    0    0     0 435312 183651 1146513 68 20 12  0  0  0
87  1  70368 90313704 2410260 69462216    0    0     0 429568 184167 1153125 69 20 11  0  0  0
83  1  70368 90317024 2410260 69462240    0    0     0 434436 184185 1154341 69 20 11  0  0  0
procs -----------memory---------- ---swap-- -----io---- -system-- -------cpu-------
 r  b   swpd   free   buff  cache   si   so    bi    bo   in   cs us sy id wa st gu
78  1  70368 90319108 2410260 69462260    0    0     0 434956 184176 1155244 69 20 11  0  0  0
80  1  70368 90300488 2410260 69462288    0    0     0 431892 183878 1151633 69 20 11  0  0  0
78  1  70368 90299544 2410260 69462308    0    0     0 436380 184313 1150232 69 20 11  0  0  0
61  1  70368 90318784 2410260 69462340    0    0     0 430924 184002 1139022 68 20 12  0  0  0
74  2  70368 90321496 2410260 69462364    0    0     0 436220 186205 1179329 69 19 12  0  0  0
75  2  70368 90314192 2410260 69462384    0    0     0 429468 184720 1152449 68 19 12  0  0  0
71  1  70368 90302008 2410260 69462412    0    0     0 436640 185466 1157882 69 20 11  0  0  0
77  1  70368 90292464 2410260 69462428    0    0     0 433232 184141 1150785 69 20 11  0  0  0
78  1  70368 90297096 2410260 69462452    0    0     0 437656 184434 1155377 69 20 11  0  0  0
81  2  70368 90293608 2410260 69462480    0    0     0 424016 183646 1152262 69 20 11  0  0  0
76  2  70368 90288964 2410260 69462500    0    0     0 439744 185020 1152455 69 20 11  0  0  0
71  1  70368 90292340 2410260 69462528    0    0     0 428068 184301 1155159 69 20 11  0  0  0
77  2  70368 90293004 2410260 69462552    0    0     0 448296 184614 1149913 68 20 12  0  0  0
71  4  70368 90332324 2410260 69462568    0    0     0 432100 184997 1177465 69 19 12  0  0  0
74  2  70368 90338136 2410260 69462592    0    0     0 432000 184370 1165236 69 19 11  0  0  0
71  8  70368 90319304 2410260 69462624    0    0     0 430072 183722 1152575 69 20 11  0  0  0
71  1  70368 90316300 2410260 69462644    0    0     0 437340 184492 1155271 69 20 11  0  0  0
81  1  70368 90303260 2410260 69462668    0    0     0 424428 183168 1151158 69 20 11  0  0  0
74  1  70368 90297896 2410260 69462680    0    0     0 442360 185101 1156444 68 20 11  0  0  0
77  2  70368 90295484 2410260 69462708    0    0     0 431736 183935 1157982 69 20 11  0  0  0
65 15  70368 90304092 2410260 69462728    0    0     0 436144 183971 1153192 68 20 12  0  0  0
