procs -----------memory---------- ---swap-- -----io---- -system-- -------cpu-------
 r  b   swpd   free   buff  cache   si   so    bi    bo   in   cs us sy id wa st gu
 5  3  70368 122116044 2383364 51034492    0    1 12779 15819 3982    2  2  0 98  0  0  0
 3  0  70368 122110188 2383372 51034544    0    0 159824 384160 114093 105854  2  1 95  3  0  0
133  0  70368 122066500 2383372 51034592    0    0 63648 124172 97995 55266 94  2  4  0  0  0
156  0  70368 122049192 2383372 51034672    0    0 65344 252220 101421 65646 98  2  0  0  0  0
134  0  70368 122041952 2383372 51034684    0    0 60896 255916 179740 66842 96  2  2  0  0  0
165  0  70368 122031748 2383372 51034704    0    0 59248 236364 102795 62507 98  2  0  0  0  0
153  1  70368 122016592 2383376 51034716    0    0 52512 228624 102795 64119 98  2  0  0  0  0
168  1  70368 122005768 2383376 51034740    0    0 55264 247368 101986 63913 97  2  1  0  0  0
101  0  70368 121988852 2383376 51034756    0    0 59888 262956 168609 68928 96  2  2  0  0  0
193  0  70368 121976076 2383376 51034764    0    0 50688 200608 107136 56200 98  2  0  0  0  0
122  0  70368 121962060 2383376 51034788    0    0 57600 271368 119293 64851 97  2  1  0  0  0
122  0  70368 121931612 2383376 51034812    0    0 58496 229408 114394 60450 98  2  0  0  0  0
101  1  70368 121799172 2383376 51034824    0    0 76480 483232 246380 165566 87  5  8  1  0  0
199 65  70368 121074240 2383376 51034844    0    0 1226752 487128 687007 784351 52 37  6  5  0  0
94 41  70368 120925172 2383376 51034868    0    0 1864656 597752 334165 1050339 66 21  5  7  0  0
108 92  70368 120845740 2383376 51034904    0    0 1928000 673144 331364 1114937 65 22  5  7  0  0
112 133  70368 120809820 2383376 51034932    0    0 1800608 785016 346646 1150087 63 22  7  9  0  0
80 19  70368 120815348 2383376 51034952    0    0 1859808 841948 331948 1173255 64 20  6 10  0  0
108 36  70368 120819404 2383376 51034968    0    0 1833616 838000 328984 1160573 64 22  6  9  0  0
72 37  70368 120807204 2383376 51034988    0    0 1796288 840276 323191 1154613 62 21  7 10  0  0
80 186  70368 120800684 2383376 51035016    0    0 1821584 856552 329785 1176712 63 21  6  9  0  0
procs -----------memory---------- ---swap-- -----io---- -system-- -------cpu-------
 r  b   swpd   free   buff  cache   si   so    bi    bo   in   cs us sy id wa st gu
74 21  70368 120787968 2383380 51035040    0    0 1757200 945176 328085 1184057 62 21  6 11  0  0
57 120  70368 120795096 2383380 51035072    0    0 1669056 959988 319250 1167267 59 20  8 13  0  0
54 97  70368 120790872 2383380 51035088    0    0 1568640 904004 301839 1122961 55 19 10 16  0  0
114 86  70368 120787812 2383380 51035120    0    0 1595424 931012 298936 1103386 57 19  8 16  0  0
82 99  70368 120804328 2383380 51035144    0    0 1618576 990920 313800 1118751 61 20  8 11  0  0
81 81  70368 120797088 2383388 51035164    0    0 1580480 1031536 313052 1112998 59 20  9 12  0  0
60 77  70368 120806704 2383388 51035200    0    0 1583312 954504 309466 1105153 60 20  9 12  0  0
56 16  70368 120810416 2383388 51035216    0    0 1615392 961656 314091 1114626 62 21  7 10  0  0
50 18  70368 120812056 2383388 51035244    0    0 1583360 960916 314797 1111789 63 21  7  9  0  0
132 25  70368 120816640 2383388 51035268    0    0 1637152 956480 319978 1139975 62 22  7  9  0  0
153 27  70368 120795900 2383392 51035292    0    0 1629888 931888 317202 1115199 61 21  8  9  0  0
101 28  70368 120799892 2383392 51035324    0    0 1590080 919568 316416 1128679 60 21  8 10  0  0
97 61  70368 120795572 2383392 51035352    0    0 1548400 906708 306393 1082433 58 20  8 13  0  0
165 66  70368 120790840 2383392 51035380    0    0 1561520 901028 307905 1094203 60 21  8 11  0  0
134 50  70368 120798848 2383392 51035396    0    0 1640432 952260 317883 1118895 64 21  6  9  0  0
159 51  70368 120796452 2383392 51035416    0    0 1647312 956036 321057 1126762 63 22  6  9  0  0
60 75  70368 120785944 2383396 51035440    0    0 1624176 974316 320365 1106167 63 22  6 10  0  0
95 16  70368 120797968 2383396 51035468    0    0 1626624 948576 317981 1141473 61 21  8 11  0  0
65 66  70368 120801368 2383396 51035492    0    0 1647584 974188 324698 1161186 63 21  6 10  0  0
78 72  70368 120790180 2383396 51035512    0    0 1620672 978932 320476 1125780 62 21  7  9  0  0
116 56  70368 120787720 2383396 51035540    0    0 1619152 963412 317489 1136238 61 21  8 10  0  0
procs -----------memory---------- ---swap-- -----io---- -system-- -------cpu-------
 r  b   swpd   free   buff  cache   si   so    bi    bo   in   cs us sy id wa st gu
90 79  70368 120775708 2383396 51035572    0    0 1637680 980268 318282 1119625 61 22  6 10  0  0
39 71  70368 120782436 2383396 51035600    0    0 1526320 933200 310277 1076190 59 20  7 14  0  0
112 37  70368 120766608 2383400 51035628    0    0 1597888 981248 317619 1130442 60 21  8 11  0  0
82 44  70368 120784464 2383400 51035656    0    0 1597600 997912 319598 1117727 61 21  8 10  0  0
119 70  70368 120770892 2383400 51035676    0    0 1633872 994292 324225 1135548 62 22  7  9  0  0
118  9  70368 120787236 2383400 51035708    0    0 1588480 996380 319969 1122074 61 21  7 10  0  0
50 78  70368 120791256 2383400 51035728    0    0 1645056 1014612 326529 1113246 64 21  6  9  0  0
157 87  70368 120772436 2383400 51035752    0    0 1624896 1011548 322373 1143562 62 21  7 10  0  0
152 68  70368 120792876 2383400 51035768    0    0 1618528 992564 325162 1127929 63 21  7  9  0  0
77 49  70368 120806516 2383400 51035788    0    0 1554912 987428 311205 1108532 58 20 10 12  0  0
119 114  70368 120793212 2383400 51035820    0    0 1554976 975960 316932 1066826 62 21  7 11  0  0
46 134  70368 120783812 2383400 51035848    0    0 1537872 945160 311780 1082844 63 21  5 11  0  0
57 49  70368 120758352 2383400 51035864    0    0 1580976 1012836 318165 1118866 61 21  8 10  0  0
77 62  70368 120772484 2383400 51035892    0    0 1562256 983276 316513 1129543 60 21  9 10  0  0
78 17  70368 120765916 2383400 51035916    0    0 1563712 993668 320328 1112760 60 21  8 11  0  0
84 24  70368 120770020 2383400 51035944    0    0 1599872 993364 319741 1103815 63 21  7  9  0  0
73 53  70368 120765232 2383400 51035968    0    0 1602832 1004272 330575 1117711 62 21  7 10  0  0
57 55  70368 120765332 2383400 51035984    0    0 1629376 1038064 324505 1161098 61 22  7 10  0  0
100 64  70368 120773544 2383400 51036016    0    0 1598912 997244 324933 1151792 62 21  7 10  0  0
68 110  70368 120782500 2383400 51036028    0    0 1552528 985500 315139 1123305 59 20  8 13  0  0
69 47  70368 120788928 2383400 51036056    0    0 1510592 934880 303110 1058997 60 20  7 14  0  0
procs -----------memory---------- ---swap-- -----io---- -system-- -------cpu-------
 r  b   swpd   free   buff  cache   si   so    bi    bo   in   cs us sy id wa st gu
163 98  70368 120788400 2383400 51036156    0    0 1596256 983576 319457 1096320 62 21  7 10  0  0
68 11  70368 120793216 2383404 51036176    0    0 1605776 999664 320052 1110951 61 22  7 10  0  0
149 99  70368 120787580 2383404 51036200    0    0 1568864 978292 315932 1109804 60 21  9 10  0  0
97 80  70368 120780540 2383404 51036224    0    0 1580336 1000528 318568 1125319 61 21  8 10  0  0
73 113  70368 120781208 2383408 51036256    0    0 1608032 1000060 322114 1134292 61 21  8  9  0  0
54 71  70368 120775960 2383408 51036276    0    0 1664400 1037332 327949 1130956 64 22  5  8  0  0
66 81  70368 120774832 2383408 51036308    0    0 1586288 981620 317133 1110908 61 21  8  9  0  0
66 24  70368 120779172 2383408 51036332    0    0 1611824 999100 318829 1133622 61 22  7 10  0  0
83 51  70368 120770428 2383408 51036360    0    0 1440384 916000 291719 1062361 55 18 10 17  0  0
106 79  70368 120777164 2383408 51036372    0    0 1593696 995016 313297 1087721 63 20  7 10  0  0
98 30  70368 120787456 2383408 51036388    0    0 1579072 1000192 321783 1113088 63 21  7  9  0  0
150 57  70368 120797980 2383412 51036416    0    0 1632928 1015088 324536 1109443 63 21  7  9  0  0
90 21  70368 120775692 2383412 51036448    0    0 1619008 1005200 323238 1110307 62 21  7 10  0  0
77 40  70368 120762388 2383412 51036480    0    0 1579504 1009816 320382 1130439 61 22  7 10  0  0
102 59  70368 120761060 2383412 51036508    0    0 1587936 998848 319676 1114091 60 21  8 10  0  0
83 22  70368 120758868 2383412 51036532    0    0 1564016 995316 315549 1105561 61 21  8 10  0  0
14 10  70368 120777840 2383412 51036556    0    0 1601184 1006040 319279 1103507 62 21  7 10  0  0
54 81  70368 120778672 2383412 51036584    0    0 1530576 939988 308725 1077972 59 20  6 15  0  0
86 45  70368 120781680 2383412 51036608    0    0 1533472 981308 312608 1093708 62 21  6 11  0  0
58 43  70368 120775568 2383412 51036636    0    0 1630320 1008484 321562 1126751 63 21  6 10  0  0
114 72  70368 120774952 2383412 51036648    0    0 1640944 1029872 325471 1133303 64 21  6  9  0  0
procs -----------memory---------- ---swap-- -----io---- -system-- -------cpu-------
 r  b   swpd   free   buff  cache   si   so    bi    bo   in   cs us sy id wa st gu
84 54  70368 120773996 2383420 51036656    0    0 1596000 1008852 321105 1136051 62 21  7  9  0  0
61 50  70368 120791576 2383420 51036692    0    0 1619008 1026156 323171 1112684 62 22  6 10  0  0
136 133  70368 120770688 2383420 51036724    0    0 1617088 1008900 321930 1115116 62 22  7 10  0  0
82 35  70368 120776460 2383420 51036748    0    0 1591008 1010536 321300 1127459 61 21  7 10  0  0
88 34  70368 120757200 2383420 51036772    0    0 1573728 992760 320129 1123533 60 22  8 10  0  0
52 29  70368 120758608 2383420 51036800    0    0 1578544 987784 321404 1129577 61 21  7 11  0  0
58 77  70368 120772144 2383420 51036820    0    0 1528320 974680 312883 1085457 60 21  5 13  0  0
90 35  70368 120765576 2383420 51036848    0    0 1589616 996220 318168 1113125 61 21  7 11  0  0
106 20  70368 120763468 2383420 51036872    0    0 1588064 1014024 317505 1114869 61 21  8 10  0  0
81 74  70368 120772960 2383420 51036900    0    0 1609616 1014844 323348 1137027 62 21  8 10  0  0
54 47  70368 120783188 2383424 51036912    0    0 1621408 1008308 321800 1130650 62 21  8 10  0  0
91 36  70368 120764644 2383424 51036936    0    0 1629952 1026256 330106 1129309 64 22  6  8  0  0
54 40  70368 120759360 2383424 51036960    0    0 1617440 1009532 326044 1134938 63 22  7  8  0  0
90 48  70368 120760236 2383424 51036988    0    0 1616928 1025988 324696 1134297 62 21  7  9  0  0
128 30  70368 120742684 2383424 51037012    0    0 1622288 1004304 324723 1126644 63 22  6  9  0  0
71 27  70368 120750064 2383424 51037040    0    0 1508768 950696 308473 1086584 59 20  7 14  0  0
92 13  70368 120735088 2383424 51037072    0    0 1562528 982236 315913 1081316 62 22  7  9  0  0
68 26  70368 120737468 2383424 51037100    0    0 1608976 1004000 324689 1121980 63 22  7  8  0  0
115 47  70368 120741264 2383424 51037120    0    0 1616080 1031724 320862 1141308 61 21  8 10  0  0
49 46  70368 120754944 2383424 51037148    0    0 1611840 1012684 326212 1137447 63 22  7  8  0  0
117 55  70368 120751664 2383424 51037176    0    0 1637760 1034464 329397 1135031 63 22  6  8  0  0
procs -----------memory---------- ---swap-- -----io---- -system-- -------cpu-------
 r  b   swpd   free   buff  cache   si   so    bi    bo   in   cs us sy id wa st gu
121 54  70368 120765520 2383424 51037200    0    0 1628016 1021128 322627 1125803 61 20  9 10  0  0
55 41  70368 120756100 2383424 51037220    0    0 1630688 1022916 324595 1154775 62 22  7  9  0  0
62 66  70368 120756680 2383424 51037240    0    0 1605536 1020480 323308 1120480 62 22  8  9  0  0
124 80  70368 120749028 2383424 51037268    0    0 1520480 936648 309622 1074969 59 20  6 14  0  0
103  5  70368 120747852 2383424 51037292    0    0 1601696 1029808 327274 1121933 63 22  7  8  0  0
170 68  70368 120749532 2383424 51037320    0    0 1625792 1009948 326296 1134542 63 22  7  9  0  0
60 31  70368 120754468 2383424 51037344    0    0 1628192 1030284 328116 1134250 63 22  6  9  0  0
127 68  70368 120734936 2383424 51037368    0    0 1613184 1014264 325861 1140641 62 22  7  9  0  0
62 52  70368 120725956 2383424 51037388    0    0 1633104 1040820 327619 1131605 63 22  6  9  0  0
108 69  70368 120712100 2383424 51037420    0    0 1650944 1026724 325762 1139923 63 22  7  9  0  0
63 27  70368 120735980 2383424 51037456    0    0 1636832 1012612 329759 1168853 63 22  6  8  0  0
64 46  70368 120744388 2383424 51037472    0    0 1644240 1041992 325854 1139333 62 21  7 10  0  0
50 28  70368 120748116 2383424 51037488    0    0 1524528 950056 311546 1099391 60 20  6 14  0  0
97 155  70368 120745652 2383424 51037516    0    0 1598976 1024856 323577 1136892 61 21  9  9  0  0
40 36  70368 120737804 2383424 51037548    0    0 1625936 1018772 326277 1120017 63 22  6  8  0  0
69 66  70368 120727628 2383424 51037564    0    0 1611440 1018512 323128 1149568 61 22  7  9  0  0
85 35  70368 120711188 2383424 51037584    0    0 1603632 1025760 324685 1123385 62 21  8  9  0  0
51 42  70368 120727796 2383424 51037608    0    0 1609312 1019568 327193 1125705 62 22  8  8  0  0
96 22  70368 120750136 2383424 51037712    0    0 1612320 1025996 322574 1121690 61 22  8  9  0  0
44 61  70368 120740740 2383424 51037744    0    0 1621744 1024288 324692 1142215 63 22  7  9  0  0
88 49  70368 120740176 2383424 51037764    0    0 1616496 1027832 321197 1131701 62 22  8  9  0  0
procs -----------memory---------- ---swap-- -----io---- -system-- -------cpu-------
 r  b   swpd   free   buff  cache   si   so    bi    bo   in   cs us sy id wa st gu
82 34  70368 120722488 2383424 51037796    0    0 1452752 925804 299311 1071872 56 19  8 17  0  0
42 27  70368 120723528 2383424 51037812    0    0 1632672 1025432 324491 1126137 64 20  7  9  0  0
35 32  70368 120714656 2383424 51037832    0    0 1577072 1005304 319620 1115009 62 21  8  9  0  0
67 53  70368 120727064 2383428 51037856    0    0 1605856 1014344 323026 1126475 62 22  7  9  0  0
75 43  70368 120715760 2383428 51037880    0    0 1614160 1022712 323709 1131747 61 22  8  9  0  0
73 41  70368 120709844 2383428 51037912    0    0 1545600 961512 310748 1101081 60 21  7 13  0  0
96 51  70368 120713392 2383428 51037936    0    0 1601520 1015348 321048 1133408 60 21  9 10  0  0
55 71  70368 120743100 2383428 51037976    0    0 1595488 1024524 321408 1140817 60 21  8 10  0  0
130 50  70368 120725908 2383432 51038000    0    0 1613584 1019656 326019 1143587 62 22  7  9  0  0
36 17  70368 120722660 2383432 51038028    0    0 1495648 960524 306819 1079235 57 20  8 15  0  0
156 58  70368 120739992 2383432 51038048    0    0 1559072 987108 317921 1114426 62 21  7 10  0  0
113 50  70368 120718136 2383432 51038088    0    0 1613856 1032684 322831 1117187 62 21  7  9  0  0
31 42  70368 120722620 2383432 51038108    0    0 1648304 1024764 326619 1164431 63 21  8  9  0  0
43 14  70368 120726876 2383436 51038124    0    0 1625744 1005744 327965 1115779 64 22  6  8  0  0
112 75  70368 120728672 2383436 51038148    0    0 1593232 1011812 321258 1113015 62 21  7 10  0  0
87 40  70368 120712952 2383436 51038176    0    0 1547728 972168 316401 1120871 60 21  8 11  0  0
125 15  70368 120732444 2383436 51038200    0    0 1645024 1043072 329388 1142824 63 22  6  9  0  0
91 55  70368 120732184 2383436 51038228    0    0 1643792 1038196 325114 1126953 62 22  7  9  0  0
58 156  70368 120715768 2383436 51038248    0    0 1540400 952604 317985 1120004 61 20  7 12  0  0
54 41  70368 120704492 2383436 51038276    0    0 1572128 1019312 316553 1119227 61 21  7 12  0  0
92 50  70368 120708896 2383436 51038304    0    0 1635488 1018264 329000 1156443 64 22  6  8  0  0
procs -----------memory---------- ---swap-- -----io---- -system-- -------cpu-------
 r  b   swpd   free   buff  cache   si   so    bi    bo   in   cs us sy id wa st gu
22 39  70368 120700876 2383436 51038328    0    0 1644928 1041404 325199 1130990 63 22  6  9  0  0
143 41  70368 120709664 2383436 51038352    0    0 1565088 987836 318056 1113359 59 21  9 10  0  0
61 71  70368 120719048 2383436 51038376    0    0 1626848 1042136 325924 1167583 61 21  8 11  0  0
106 28  70368 120728796 2383436 51038400    0    0 1555712 973380 315476 1095152 61 20  6 12  0  0
157 95  70368 120721036 2383436 51038428    0    0 1620336 1011160 326113 1122724 63 22  7  8  0  0
117 53  70368 120726636 2383436 51038456    0    0 1597040 1013076 321448 1121272 61 21  8 10  0  0
71 133  70368 120715532 2383436 51038480    0    0 1566944 911468 318874 1115250 61 21  5 13  0  0
85 125  70368 120721304 2383440 51038500    0    0 1512224 1031096 314791 1094297 58 20  8 14  0  0
96 43  70368 120695908 2383440 51038532    0    0 1627264 1021280 329630 1144282 64 22  6  8  0  0
79 28  70368 120710108 2383440 51038552    0    0 1627632 1020080 324051 1145739 62 22  7  9  0  0
57 38  70368 120709052 2383440 51038572    0    0 1626848 1029028 323730 1130195 62 22  7  9  0  0
79 18  70368 120697604 2383440 51038596    0    0 1642912 1017664 325565 1120447 63 22  7  9  0  0
52 132  70368 120701824 2383440 51038620    0    0 1564944 976464 318561 1100552 62 21  5 12  0  0
44 55  70368 120702924 2383444 51038656    0    0 1616816 1029148 328470 1154309 63 21  6 10  0  0
119 75  70368 120701988 2383444 51038668    0    0 1645440 1036612 325529 1149852 62 22  7 10  0  0
68 29  70368 120698252 2383444 51038692    0    0 1560976 976156 317532 1092577 60 21  7 12  0  0
49 33  70368 120704720 2383444 51038716    0    0 1567152 969148 316449 1115783 61 21  6 11  0  0
130 48  70368 120712688 2383444 51038736    0    0 1597104 1018116 325154 1123980 62 22  7  9  0  0
95 54  70368 120701292 2383444 51038772    0    0 1653760 1026116 330761 1135578 64 23  6  8  0  0
82 37  70368 120708516 2383444 51038796    0    0 1618656 1031352 324349 1126972 61 22  7 10  0  0
73 143  70368 120695984 2383444 51038824    0    0 1612080 1012704 324149 1136420 62 21  8  9  0  0
procs -----------memory---------- ---swap-- -----io---- -system-- -------cpu-------
 r  b   swpd   free   buff  cache   si   so    bi    bo   in   cs us sy id wa st gu
69 55  70368 120683356 2383444 51038840    0    0 1601744 1015196 325245 1140365 63 22  6 10  0  0
81 47  70368 120675816 2383444 51038864    0    0 1585136 987124 317560 1110675 61 21  6 11  0  0
74 115  70368 120706984 2383444 51038900    0    0 1615664 1023188 325245 1138614 61 22  8  9  0  0
107 53  70368 120716176 2383444 51038924    0    0 1620368 1019064 322992 1120934 62 21  7 10  0  0
98 50  70368 120701772 2383444 51038936    0    0 1553840 921580 314087 1098011 61 20  5 14  0  0
78 55  70368 120683432 2383444 51038960    0    0 1604064 1076064 325018 1144284 61 22  8 10  0  0
43 37  70368 120699348 2383444 51038988    0    0 1653872 1035124 332571 1137056 65 22  6  7  0  0
84 41  70368 120696520 2383444 51039012    0    0 1632960 1030952 323970 1134928 62 22  7  9  0  0
67 24  70368 120697516 2383444 51039036    0    0 1608976 1002608 321011 1121269 61 22  8 10  0  0
75 24  70368 120687228 2383444 51039064    0    0 1680816 1047996 333357 1117577 65 23  5  8  0  0
49 107  70368 120671572 2383444 51039088    0    0 1563264 984536 316432 1093931 61 21  5 13  0  0
49 75  70368 120673224 2383444 51039116    0    0 1596976 1006488 322400 1130374 61 22  7 10  0  0
77 99  70368 120695852 2383444 51039136    0    0 1615760 1028640 333607 1145747 62 21  7 10  0  0
54 169  70368 120685660 2383444 51039160    0    0 1516384 949552 309024 1103472 59 20  8 14  0  0
159 46  70368 120683320 2383444 51039184    0    0 1582288 1005948 314469 1116543 61 20  8 10  0  0
86 26  70368 120687920 2383444 51039272    0    0 1629776 1027996 322562 1124640 63 21  7  9  0  0
59 81  70368 120685332 2383444 51039296    0    0 1651040 1036104 327762 1115181 64 22  6  7  0  0
71 53  70368 120683156 2383444 51039320    0    0 1640352 1033692 328946 1132523 64 22  6  9  0  0
63 94  70368 120685060 2383444 51039344    0    0 1610976 1018340 323807 1141370 61 22  8 10  0  0
55 103  70368 120690528 2383444 51039368    0    0 1605056 1018260 320729 1125309 61 22  7 10  0  0
84 70  70368 120695660 2383444 51039400    0    0 1562640 983832 315833 1127662 60 21  7 12  0  0
procs -----------memory---------- ---swap-- -----io---- -system-- -------cpu-------
 r  b   swpd   free   buff  cache   si   so    bi    bo   in   cs us sy id wa st gu
113 39  70368 120715524 2383444 51039424    0    0 1647824 1027032 330757 1146572 64 22  5  8  0  0
104 112  70368 120700204 2383444 51039452    0    0 1503888 961240 305053 1078871 57 19  8 15  0  0
92 38  70368 120688332 2383444 51039476    0    0 1596480 1008528 318776 1107041 63 21  7  9  0  0
137 29  70368 120688196 2383444 51039488    0    0 1611328 1035260 323119 1116163 63 22  7  8  0  0
136 27  70368 120695180 2383444 51039516    0    0 1641552 1034328 328409 1154076 63 21  7  9  0  0
179 42  70368 120711884 2383444 51039532    0    0 1637248 1044836 328125 1140270 62 21  7  9  0  0
73 68  70368 120698876 2383444 51039556    0    0 1623472 1014556 324682 1120839 62 22  7  9  0  0
69 66  70368 120684196 2383444 51039588    0    0 1652400 1030524 330419 1143463 64 22  6  8  0  0
86 110  70368 120685032 2383444 51039616    0    0 1606528 961832 323095 1119837 64 22  5 10  0  0
68 30  70368 120672344 2383444 51039640    0    0 1598640 1055232 328916 1130009 62 22  6 10  0  0
120 139  70368 120677892 2383444 51039664    0    0 1489136 922536 311301 1074896 59 20  6 15  0  0
92 14  70368 120687192 2383444 51039688    0    0 1604672 1032112 327874 1119583 64 22  5  9  0  0
99 60  70368 120678108 2383444 51039716    0    0 1656528 1051124 328418 1117203 64 22  6  8  0  0
82 48  70368 120676368 2383444 51039740    0    0 1616576 1021576 325683 1144968 61 22  8  9  0  0
102 24  70368 120677948 2383444 51039760    0    0 1621600 1025208 325186 1142563 62 22  7  9  0  0
85 74  70368 120679400 2383444 51039792    0    0 1672560 1058240 333354 1151569 65 22  5  8  0  0
81 59  70368 120685716 2383448 51039804    0    0 1658176 1037108 328922 1143572 63 21  7 10  0  0
63 120  70368 120664728 2383448 51039832    0    0 1610448 1016408 322669 1151774 62 22  6 10  0  0
71 26  70368 120674556 2383448 51039872    0    0 1576400 977484 316495 1105217 61 21  7 11  0  0
133 77  70368 120678908 2383448 51039896    0    0 1558688 1008884 315541 1117748 59 21  9 11  0  0
46 36  70368 120675412 2383448 51039912    0    0 1599936 1011212 318444 1128067 61 21  8  9  0  0
procs -----------memory---------- ---swap-- -----io---- -system-- -------cpu-------
 r  b   swpd   free   buff  cache   si   so    bi    bo   in   cs us sy id wa st gu
115 34  70368 120679124 2383448 51039936    0    0 1606864 1015444 324080 1126533 62 21  8  9  0  0
64 29  70368 120677376 2383448 51039968    0    0 1604880 1020804 325712 1137145 62 22  8  9  0  0
64 21  70368 120678524 2383448 51039988    0    0 1620144 1020700 326321 1132584 62 22  7  9  0  0
88 15  70368 120681920 2383448 51040012    0    0 1611648 1026232 323676 1125755 62 22  7  9  0  0
62 61  70368 120686548 2383448 51040040    0    0 1591664 1008120 322078 1129269 62 21  7  9  0  0
71 24  70368 120692180 2383448 51040064    0    0 1633744 1022976 324234 1136345 62 21  7 10  0  0
87 145  70368 120704004 2383448 51040088    0    0 1550304 989620 314855 1132124 60 19  7 13  0  0
16 23  70368 120697612 2383448 51040104    0    0 1511424 947348 315220 1100570 61 19  6 14  0  0
91 28  70368 120670576 2383448 51040128    0    0 1594448 1001996 321533 1108187 62 21  7 10  0  0
68 73  70368 120659692 2383448 51040152    0    0 1605328 1009112 322459 1132070 61 21  9  9  0  0
45 26  70368 120661068 2383448 51040176    0    0 1625712 1036148 325256 1134598 62 22  7  9  0  0
131 118  70368 120673544 2383448 51040200    0    0 1635984 1024048 326426 1138981 62 22  7  9  0  0
27 42  70368 120682280 2383448 51040232    0    0 1668304 1049200 332135 1135328 64 22  6  8  0  0
38 36  70368 120673180 2383448 51040248    0    0 1647696 1042000 326623 1143436 63 22  6  9  0  0
127 41  70368 120662236 2383448 51040280    0    0 1624176 1020360 320995 1136680 61 22  7 10  0  0
43 170  70368 120652396 2383448 51040316    0    0 1590496 1018724 318790 1127683 61 22  8 10  0  0
57 99  70368 120660160 2383448 51040340    0    0 1485968 930128 307163 1084122 58 20  6 16  0  0
134 41  70368 120677768 2383448 51040352    0    0 1567568 985220 317144 1114134 62 20  7 11  0  0
31 18  70368 120701852 2383448 51040376    0    0 1611216 1032472 319624 1104357 61 21  8 10  0  0
55 44  70368 120691224 2383448 51040392    0    0 1616560 1024820 324370 1160153 61 22  8 10  0  0
86 123  70368 120653064 2383448 51040416    0    0 1648288 1045944 327055 1146184 63 22  6  9  0  0
procs -----------memory---------- ---swap-- -----io---- -system-- -------cpu-------
 r  b   swpd   free   buff  cache   si   so    bi    bo   in   cs us sy id wa st gu
84 111  70368 120662776 2383448 51040456    0    0 1665376 1043104 328732 1133462 64 22  6  8  0  0
57 35  70368 120664560 2383448 51040476    0    0 1625008 1042568 322780 1123804 61 21  7 10  0  0
85 49  70368 120666080 2383448 51040500    0    0 1631152 1023252 327623 1167234 62 22  6 10  0  0
30 83  70368 120662716 2383448 51040528    0    0 1637152 1037016 324418 1150076 62 21  7 10  0  0
42 149  70368 120673108 2383448 51040552    0    0 1494080 936728 304972 1084255 58 20  8 15  0  0
68 11  70368 120655952 2383448 51040576    0    0 1565600 964772 310176 1080213 62 21  7 10  0  0
97 39  70368 120666084 2383448 51040604    0    0 1612368 1028268 320034 1116125 62 21  7  9  0  0
157 46  70368 120654944 2383448 51040624    0    0 1656352 1043660 325866 1154903 62 21  7 10  0  0
74 18  70368 120677964 2383448 51040640    0    0 1620880 1013016 323668 1145503 63 21  7  9  0  0
78 23  70368 120673240 2383448 51040660    0    0 1627376 1037624 323477 1146029 62 21  7  9  0  0
43 77  70368 120659784 2383448 51040688    0    0 1647248 1026276 326269 1137155 63 22  7  8  0  0
161 45  70368 120653976 2383448 51040776    0    0 1626400 1044864 324134 1131254 61 21  8 10  0  0
57 57  70368 120649012 2383448 51040804    0    0 1616016 1010448 324732 1133643 62 22  6 10  0  0
106 60  70368 120662540 2383448 51040824    0    0 1503152 967752 308378 1055561 56 19  7 18  0  0
86 30  70368 120651256 2383448 51040856    0    0 1532432 951360 308931 1065495 63 20  5 12  0  0
101 75  70368 120638852 2383448 51040876    0    0 1631952 1027408 325271 1107591 64 22  6  8  0  0
80 80  70368 120647864 2383448 51040904    0    0 1657056 1049288 329295 1106135 65 22  6  8  0  0
84 40  70368 120634764 2383448 51040936    0    0 1606096 1020748 326414 1140654 62 21  7  9  0  0
72 40  70368 120645300 2383448 51040952    0    0 1655216 1052228 327086 1152988 62 22  6 10  0  0
128 102  70368 120651204 2383448 51040972    0    0 1618384 1015156 326241 1155653 62 21  8  9  0  0
136 34  70368 120651004 2383448 51040992    0    0 1632080 1036712 328419 1137299 62 22  7  9  0  0
procs -----------memory---------- ---swap-- -----io---- -system-- -------cpu-------
 r  b   swpd   free   buff  cache   si   so    bi    bo   in   cs us sy id wa st gu
99 27  70368 120666768 2383448 51041016    0    0 1610848 1014480 322245 1130022 61 21  7 10  0  0
98 129  70368 120645852 2383448 51041048    0    0 1553424 981392 319028 1114186 61 21  7 12  0  0
97 70  70368 120643824 2383448 51041064    0    0 1463648 934996 302250 1072088 57 19  7 17  0  0
91 61  70368 120649424 2383448 51041088    0    0 1584080 1004028 317159 1126235 62 21  8  9  0  0
61 57  70368 120644956 2383448 51041120    0    0 1624432 1038624 322781 1122079 62 22  7  9  0  0
98 33  70368 120648812 2383448 51041132    0    0 1613168 1017568 323832 1142381 62 22  7  9  0  0
135 48  70368 120649508 2383448 51041164    0    0 1614800 1030340 321524 1145174 61 21  8  9  0  0
111 70  70368 120639892 2383448 51041188    0    0 1633296 1025016 327595 1160013 62 22  7  9  0  0
177 63  70368 120661056 2383448 51041212    0    0 1640032 1034224 330466 1167473 62 22  7  9  0  0
141 64  70368 120673704 2383448 51041232    0    0 1635680 1039444 329467 1146310 64 21  6  9  0  0
94 71  70368 120666892 2383448 51041268    0    0 1600064 1003560 323270 1126336 61 21  8 10  0  0
145 66  70368 120651856 2383448 51041288    0    0 1466800 925052 295972 1038170 57 19  6 17  0  0
83 59  70368 120641576 2383448 51041316    0    0 1587584 992736 318155 1098734 63 21  6 10  0  0
66 91  70368 120652636 2383448 51041324    0    0 1646640 1041648 328060 1134484 64 22  6  8  0  0
47 50  70368 120647484 2383448 51041352    0    0 1627216 1027384 322247 1138822 61 21  8 10  0  0
77 13  70368 120649248 2383448 51041388    0    0 1622272 1012624 327264 1128393 62 22  7  9  0  0
78 73  70368 120652048 2383448 51041408    0    0 1629808 1040116 325399 1134013 62 22  7  9  0  0
31 57  70368 120655468 2383448 51041436    0    0 1638672 1027868 328658 1140331 63 22  7  8  0  0
76 73  70368 120646968 2383448 51041468    0    0 1613712 1036560 324011 1135282 62 22  7  9  0  0
49 179  70368 120653672 2383448 51041480    0    0 1601904 1007312 322393 1141030 61 21  8 10  0  0
94 129  70368 120668844 2383448 51041508    0    0 1514512 949104 312146 1067169 61 19  6 14  0  0
procs -----------memory---------- ---swap-- -----io---- -system-- -------cpu-------
 r  b   swpd   free   buff  cache   si   so    bi    bo   in   cs us sy id wa st gu
50 40  70368 120661580 2383448 51041536    0    0 1533776 978880 310925 1066666 62 20  5 13  0  0
64 14  70368 120652920 2383448 51041552    0    0 1622208 1016984 328424 1140528 63 22  7  8  0  0
61 35  70368 120635656 2383448 51041588    0    0 1628448 1033860 324552 1136925 62 22  7  9  0  0
77 77  70368 120639192 2383448 51041592    0    0 1633328 1021504 327026 1166587 62 22  7 10  0  0
166 95  70368 120646604 2383448 51041620    0    0 1613744 1040220 326714 1148216 62 22  7  9  0  0
117 21  70368 120652092 2383448 51041644    0    0 1630848 1016076 328609 1132503 63 22  7  8  0  0
123 18  70368 120656404 2383448 51041664    0    0 1648592 1026320 327468 1144666 63 22  6  9  0  0
69 19  70368 120646988 2383452 51041704    0    0 1589568 1023292 319631 1119666 61 21  8 10  0  0
99 112  70368 120646688 2383452 51041724    0    0 1537232 969816 318354 1111315 61 21  6 12  0  0
111 123  70368 120639176 2383452 51041744    0    0 1516352 964696 311083 1084904 60 20  6 15  0  0
62 16  70368 120661820 2383452 51041768    0    0 1619904 1014412 321539 1140632 61 20  7 11  0  0
37 42  70368 120656988 2383452 51041796    0    0 1634944 1019476 325702 1140142 63 22  7  9  0  0
64 87  70368 120665492 2383452 51041808    0    0 1608848 1031160 325382 1129669 63 21  7  9  0  0
56 98  70368 120662840 2383452 51041848    0    0 1613888 1017628 323722 1146390 62 22  7  9  0  0
18 12  70368 120657572 2383452 51041860    0    0 1618640 1037380 324612 1148204 61 22  8 10  0  0
107 67  70368 120625788 2383452 51041888    0    0 1622480 1015764 326330 1136179 62 22  8  9  0  0
55 50  70368 120634140 2383452 51041916    0    0 1607232 1026264 321029 1134517 61 21  8 10  0  0
72 47  70368 120650264 2383452 51041936    0    0 1568224 991976 318141 1115266 61 21  7 12  0  0
47 39  70368 120638796 2383452 51041948    0    0 1495968 933000 306237 1066791 58 19  7 15  0  0
27 15  70368 120631644 2383452 51041996    0    0 1545280 989988 309952 1082284 61 20  7 11  0  0
61 12  70368 120653808 2383452 51042008    0    0 1624368 1019992 324935 1124176 63 22  7  8  0  0
procs -----------memory---------- ---swap-- -----io---- -system-- -------cpu-------
 r  b   swpd   free   buff  cache   si   so    bi    bo   in   cs us sy id wa st gu
101 52  70368 120660540 2383452 51042040    0    0 1649536 1050152 325366 1145527 62 21  7 10  0  0
50 49  70368 120664924 2383452 51042072    0    0 1650688 1034108 325296 1150421 64 21  6  9  0  0
77 77  70368 120663952 2383452 51042084    0    0 1642224 1031968 327108 1131693 64 22  6  8  0  0
106 70  70368 120651340 2383452 51042104    0    0 1632848 1027332 323261 1140865 62 22  7  9  0  0
89 76  70368 120639580 2383452 51042132    0    0 1631504 1021680 324589 1131118 63 22  7  9  0  0
36 73  70368 120626044 2383452 51042164    0    0 1620320 1041788 326791 1128040 63 22  6  9  0  0
27 36  70368 120646508 2383452 51042188    0    0 1474064 931992 301486 1082149 56 19  8 17  0  0
91 65  70368 120654144 2383452 51042212    0    0 1516448 974272 306421 1050379 61 20  7 13  0  0
154 30  70368 120642872 2383452 51042304    0    0 1649344 1025712 325830 1092070 65 22  6  7  0  0
115 47  70368 120637292 2383452 51042328    0    0 1605264 1015156 321987 1141536 61 21  9  9  0  0
63 32  70368 120633272 2383452 51042356    0    0 1610464 1038092 323537 1119279 61 21  7 10  0  0
114 60  70368 120642464 2383452 51042380    0    0 1653360 1039284 329885 1136591 63 21  7  9  0  0
81 72  70368 120640284 2383452 51042396    0    0 1626912 1049984 325758 1136116 62 21  7  9  0  0
53  3  70368 120639872 2383452 51042428    0    0 1643408 1029360 331059 1148697 63 22  6  8  0  0
77 23  70368 120626520 2383452 51042448    0    0 1629456 1032712 323919 1129476 62 22  7 10  0  0
89 137  70368 120628216 2383452 51042480    0    0 1544816 946012 317222 1095882 61 20  6 13  0  0
101 135  70368 120639728 2383452 51042496    0    0 1535968 963156 314715 1082604 61 20  6 12  0  0
69 19  70368 120621408 2383452 51042520    0    0 1628496 1029972 327326 1123764 64 22  5  9  0  0
98 59  70368 120618136 2383452 51042536    0    0 1647152 1031596 329475 1121518 64 22  6  8  0  0
77 68  70368 120627704 2383452 51042548    0    0 1596288 1031256 320788 1141962 60 21  8 10  0  0
77 29  70368 120638568 2383452 51042588    0    0 1634912 1026108 336376 1138082 63 22  7  8  0  0
procs -----------memory---------- ---swap-- -----io---- -system-- -------cpu-------
 r  b   swpd   free   buff  cache   si   so    bi    bo   in   cs us sy id wa st gu
90 51  70368 120636420 2383452 51042616    0    0 1661152 1058004 329005 1137282 63 22  6  9  0  0
182 37  70368 120641460 2383452 51042644    0    0 1612672 1015908 326472 1150053 62 21  8  9  0  0
63 26  70368 120648640 2383452 51042656    0    0 1621488 1021360 327789 1140714 63 21  7  9  0  0
111 123  70368 120644416 2383452 51042688    0    0 1508544 982132 311014 1072605 58 20  7 15  0  0
29 10  70368 120629024 2383452 51042728    0    0 1554704 969972 310585 1084455 62 20  7 11  0  0
45 130  70368 120615108 2383456 51042744    0    0 1519024 978624 307799 1091046 59 20  8 13  0  0
74 77  70368 120625040 2383456 51042776    0    0 1603808 1008256 319787 1119494 63 21  8  8  0  0
58 44  70368 120619032 2383456 51042796    0    0 1613984 1009872 324584 1118984 62 22  7  9  0  0
87 51  70368 120628536 2383456 51042808    0    0 1633168 1035068 326920 1141774 62 21  7  9  0  0
93 18  70368 120623908 2383456 51042836    0    0 1641088 1023996 327062 1117887 63 22  7  8  0  0
88 85  70368 120621588 2383456 51042868    0    0 1620144 1028684 322434 1116755 62 21  8  9  0  0
51 15  70368 120614604 2383456 51042884    0    0 1602864 1012136 319767 1153316 60 22  8 10  0  0
53 162  70368 120639080 2383456 51042916    0    0 1537632 978092 314404 1064918 59 20  6 15  0  0
119 50  70368 120658132 2383456 51042936    0    0 1527920 946096 311458 1062749 64 19  5 13  0  0
34 49  70368 120636596 2383456 51042948    0    0 1476512 925688 296218 1052528 56 19  8 17  0  0
112 117  70368 120638100 2383456 51042984    0    0 1512112 954300 305103 1067419 62 20  5 13  0  0
103 85  70368 120629496 2383456 51043004    0    0 1546704 954996 312903 1084220 62 20  5 12  0  0
36 53  70368 120606808 2383456 51043028    0    0 1496672 961624 308004 1086509 58 20  6 16  0  0
74 118  70368 120623192 2383456 51043068    0    0 1586576 952096 321071 1099295 64 21  4 12  0  0
59 46  70368 120623440 2383456 51043080    0    0 1532272 984028 317841 1106883 60 20  5 14  0  0
75 71  70368 120617976 2383456 51043108    0    0 1517024 966876 306049 1080609 57 20  7 15  0  0
procs -----------memory---------- ---swap-- -----io---- -system-- -------cpu-------
 r  b   swpd   free   buff  cache   si   so    bi    bo   in   cs us sy id wa st gu
70 113  70368 120612932 2383456 51043132    0    0 1506384 938132 298292 1048527 59 19  8 14  0  0
51 94  70368 120629784 2383456 51043152    0    0 1496512 925280 305435 1056106 59 19  5 16  0  0
91 133  70368 120624076 2383456 51043176    0    0 1504832 958720 309283 1046145 62 19  5 13  0  0
77 103  70368 120639872 2383456 51043200    0    0 1534272 960752 310466 1093675 60 19  7 14  0  0
123 28  70368 120642272 2383456 51043216    0    0 1589008 998156 315731 1103240 61 21  6 11  0  0
123 31  70368 120630732 2383456 51043244    0    0 1603504 1004040 322554 1114487 61 21  7 11  0  0
62 77  70368 120627096 2383456 51043276    0    0 1593008 1009680 320182 1126279 60 21  7 11  0  0
71 96  70368 120620716 2383456 51043284    0    0 1601344 1007768 322094 1140894 61 21  7 11  0  0
154 92  70368 120635396 2383456 51043332    0    0 1628928 1013220 325079 1122702 62 22  6  9  0  0
110 65  70368 120615200 2383456 51043340    0    0 1625728 1037020 326450 1126855 63 22  6 10  0  0
59 60  70368 120626336 2383456 51043384    0    0 1605760 1006528 321799 1123512 61 21  7 10  0  0
55 17  70368 120617280 2383456 51043400    0    0 1581168 998440 319316 1083467 61 21  6 12  0  0
150 88  70368 120618312 2383456 51043412    0    0 1574656 987336 314334 1117503 59 21  8 12  0  0
168 48  70368 120617352 2383456 51043448    0    0 1556912 966540 309951 1064461 62 20  6 11  0  0
92 40  70368 120627428 2383456 51043464    0    0 1597216 1012700 319484 1111539 62 20  8 10  0  0
54 65  70368 120631824 2383456 51043484    0    0 1586288 1003032 317284 1117013 61 21  8 10  0  0
97 70  70368 120626460 2383456 51043508    0    0 1625664 1032524 320782 1111004 62 21  6 10  0  0
46 51  70368 120633220 2383456 51043540    0    0 1591488 1010152 315995 1115543 60 21  8 11  0  0
96 25  70368 120622792 2383456 51043556    0    0 1626976 1019276 325724 1109305 64 22  6  8  0  0
50 20  70368 120633364 2383456 51043592    0    0 1574368 1003848 316338 1135195 59 21  9 11  0  0
67 20  70368 120628928 2383456 51043604    0    0 1546048 970744 311886 1061988 61 20  8 10  0  0
procs -----------memory---------- ---swap-- -----io---- -system-- -------cpu-------
 r  b   swpd   free   buff  cache   si   so    bi    bo   in   cs us sy id wa st gu
66 66  70368 120629120 2383456 51043636    0    0 1587184 1019756 320371 1084335 62 21  6 11  0  0
71 71  70368 120630528 2383456 51043660    0    0 1523216 958852 311552 1105746 59 20  7 13  0  0
80 62  70368 120610624 2383456 51043692    0    0 1599728 1015004 324586 1112820 63 21  6 10  0  0
53 126  70368 120637756 2383456 51043708    0    0 1605344 1006652 321512 1120528 62 21  7 10  0  0
111 66  70368 120645140 2383456 51043736    0    0 1612592 1026684 324702 1114408 62 20  6 11  0  0
70 78  70368 120656960 2383456 51043752    0    0 1631120 1021152 326188 1115124 64 22  6  9  0  0
84 53  70368 120627072 2383456 51043844    0    0 1632832 1023592 326848 1123156 63 22  6  9  0  0
125 35  70368 120627084 2383456 51043864    0    0 1595088 1012208 322194 1116439 62 21  6 11  0  0
92 49  70368 120636168 2383456 51043888    0    0 1554512 976876 318645 1102905 60 21  8 11  0  0
117 59  70368 120652076 2383456 51043924    0    0 1589456 1013932 320056 1102752 60 21  8 11  0  0
46 118  70368 120632540 2383456 51043948    0    0 1586912 994632 319427 1112369 61 21  6 11  0  0
106 83  70368 120639644 2383456 51043980    0    0 1543056 976084 316157 1092704 60 20  7 12  0  0
73 86  70368 120634784 2383456 51044004    0    0 1592496 1022224 320729 1124467 61 21  7 11  0  0
66 65  70368 120616952 2383456 51044020    0    0 1596640 1004848 322010 1140192 61 22  7 10  0  0
105 69  70368 120603056 2383456 51044064    0    0 1618224 1024680 327901 1118306 64 22  6  8  0  0
84 73  70368 120614076 2383456 51044076    0    0 1645344 1027736 329675 1144712 64 21  6  9  0  0
143 80  70368 120612592 2383456 51044100    0    0 1628000 1039308 325813 1122840 63 21  6  9  0  0
113 69  70368 120628492 2383456 51044116    0    0 1575440 987628 318174 1110062 60 21  7 12  0  0
158 97  70368 120620700 2383460 51044152    0    0 1559520 987728 317039 1125451 59 21  9 11  0  0
79 27  70368 120617308 2383460 51044176    0    0 1585712 1014168 314998 1092249 62 21  8 10  0  0
62 19  70368 120606008 2383460 51044188    0    0 1555728 982444 312866 1100306 60 21  8 11  0  0
procs -----------memory---------- ---swap-- -----io---- -system-- -------cpu-------
 r  b   swpd   free   buff  cache   si   so    bi    bo   in   cs us sy id wa st gu
66 56  70368 120597072 2383460 51044228    0    0 1594720 1012792 321431 1108362 63 21  6 10  0  0
46 15  70368 120597080 2383460 51044232    0    0 1558656 996292 319797 1132934 59 21  9 10  0  0
70 21  70368 120620764 2383460 51044284    0    0 1633968 1013212 326424 1115864 63 22  6  9  0  0
57 21  70368 120638044 2383460 51044300    0    0 1596128 1019316 321570 1109733 62 21  7 10  0  0
56 15  70368 120631036 2383460 51044308    0    0 1597648 1005956 322915 1134365 62 21  7 10  0  0
130  5  70368 120648368 2383460 51044348    0    0 1567216 1008132 319892 1114140 60 21  8 12  0  0
104 31  70368 120644892 2383460 51044356    0    0 1581488 995372 315934 1120815 59 20  8 12  0  0
21 36  70368 120631548 2383460 51044376    0    0 1605984 1022228 322738 1110778 62 21  7 10  0  0
59 44  70368 120622836 2383460 51044420    0    0 1585760 992576 319479 1116539 62 21  6 11  0  0
94 13  70368 120613340 2383460 51044432    0    0 1553728 974432 312088 1090201 59 21  7 13  0  0
121 63  70368 120603624 2383460 51044476    0    0 1585408 1016540 316957 1108428 59 21  8 11  0  0
75 15  70368 120605408 2383460 51044500    0    0 1594720 997444 319072 1097409 62 21  7  9  0  0
129 70  70368 120597728 2383460 51044516    0    0 1598432 1032276 319365 1104603 62 21  7 10  0  0
78 83  70368 120606468 2383460 51044552    0    0 1579072 995228 319533 1135216 60 21  8 10  0  0
101 49  70368 120616568 2383460 51044580    0    0 1628000 1017408 324462 1118115 63 22  6  9  0  0
101 14  70368 120616420 2383460 51044600    0    0 1570688 1004348 313967 1112237 60 21  8 12  0  0
111 34  70368 120627184 2383468 51044628    0    0 1617488 1015472 324140 1129568 62 21  6 10  0  0
67 24  70368 120641620 2383468 51044648    0    0 1595568 1018980 318748 1125459 60 20  8 12  0  0
119 69  70368 120631760 2383468 51044660    0    0 1525024 966472 306564 1069867 60 20  7 13  0  0
74 10  70368 120610104 2383468 51044696    0    0 1581184 1004976 314597 1107954 60 21  9 10  0  0
61 22  70368 120602656 2383468 51044720    0    0 1632080 1021540 327503 1154980 63 22  6  8  0  0
procs -----------memory---------- ---swap-- -----io---- -system-- -------cpu-------
 r  b   swpd   free   buff  cache   si   so    bi    bo   in   cs us sy id wa st gu
90 38  70368 120621540 2383468 51044736    0    0 1637200 1029924 325104 1136507 62 22  7  9  0  0
37 28  70368 120622952 2383468 51044772    0    0 1623056 1036416 324501 1121391 62 22  7  9  0  0
59 26  70368 120625092 2383468 51044812    0    0 1628496 1026936 324371 1129401 62 22  8  9  0  0
74 75  70368 120604528 2383468 51044832    0    0 1634720 1036976 323564 1124420 62 22  6 10  0  0
64 24  70368 120611168 2383468 51044860    0    0 1613344 1004820 326314 1140615 63 22  7  9  0  0
77 84  70368 120607812 2383468 51044888    0    0 1587936 1013704 322359 1122536 61 22  8 10  0  0
72 84  70368 120604184 2383468 51044908    0    0 1597600 1007156 321202 1125584 61 21  7 10  0  0
120 55  70368 120606760 2383468 51044916    0    0 1586944 995876 323332 1137572 62 20  6 11  0  0
60 121  70368 120612852 2383468 51044956    0    0 1618240 1035752 322766 1131967 61 22  7  9  0  0
135 58  70368 120615632 2383468 51044972    0    0 1604640 1012344 320146 1127938 61 22  8  9  0  0
129 104  70368 120623712 2383468 51045000    0    0 1631584 1026748 323868 1131180 62 22  7  9  0  0
53  8  70368 120593228 2383468 51045020    0    0 1617872 1019436 324068 1135218 62 22  7  9  0  0
71 35  70368 120592368 2383468 51045044    0    0 1630016 1023208 323417 1135279 62 22  7  9  0  0
136 23  70368 120606320 2383468 51045072    0    0 1633792 1049700 324045 1121959 62 21  7 10  0  0
160 40  70368 120611108 2383468 51045096    0    0 1624112 1017136 325791 1126931 62 22  7  9  0  0
141 90  70368 120614636 2383468 51045108    0    0 1614816 1041276 325862 1123698 63 22  7  9  0  0
81 57  70368 120628680 2383468 51045148    0    0 1538480 967400 317346 1093190 62 21  6 12  0  0
71 90  70368 120631876 2383468 51045176    0    0 1605440 1029884 321475 1127038 61 21  8  9  0  0
61 33  70368 120637164 2383468 51045188    0    0 1677568 1053224 332287 1134060 63 21  6  9  0  0
63 20  70368 120626064 2383468 51045204    0    0 1648160 1034540 325424 1119881 62 22  7  9  0  0
102 39  70368 120616016 2383468 51045232    0    0 1617664 1040740 323200 1149919 60 22  8 10  0  0
procs -----------memory---------- ---swap-- -----io---- -system-- -------cpu-------
 r  b   swpd   free   buff  cache   si   so    bi    bo   in   cs us sy id wa st gu
20 13  70368 120591692 2383472 51045256    0    0 1654800 1033464 332630 1125376 64 22  5  8  0  0
62 46  70368 120594540 2383472 51045280    0    0 1621760 1032760 325656 1118194 63 22  7  9  0  0
152 87  70368 120595816 2383472 51045408    0    0 1599104 1021696 325952 1141304 60 22  8 10  0  0
35 38  70368 120609180 2383472 51045424    0    0 1631344 1049756 323169 1125219 62 22  7 10  0  0
23 51  70368 120597116 2383472 51045452    0    0 1566256 976908 319669 1102181 62 21  5 12  0  0
31 40  70368 120604320 2383472 51045484    0    0 1587392 1018888 322307 1146271 60 21  8 10  0  0
109 30  70368 120598084 2383472 51045500    0    0 1605232 1041940 336576 1137850 61 22  8  9  0  0
78 46  70368 120618756 2383472 51045540    0    0 1648144 1040164 331679 1155418 63 22  6  9  0  0
104 22  70368 120622204 2383472 51045548    0    0 1643408 1051680 325544 1135357 62 21  7 10  0  0
122 59  70368 120630000 2383472 51045572    0    0 1636064 1024664 323740 1128064 62 21  7 10  0  0
125 60  70368 120611816 2383472 51045600    0    0 1639712 1049572 327850 1120145 63 22  6  9  0  0
90 40  70368 120601292 2383472 51045616    0    0 1594816 1005600 323182 1142713 61 21  9  9  0  0
112 37  70368 120585288 2383472 51045648    0    0 1647360 1028440 329978 1126784 64 22  5  9  0  0
185 47  70368 120596812 2383472 51045664    0    0 1524752 984368 311771 1084821 58 20  7 15  0  0
121 75  70368 120605388 2383472 51045688    0    0 1591552 1006644 318158 1097490 63 21  7  9  0  0
121 32  70368 120604696 2383472 51045716    0    0 1598976 1024520 321537 1115668 62 21  8  9  0  0
89 86  70368 120601672 2383472 51045748    0    0 1636000 1031664 325244 1131908 62 22  7  9  0  0
67 45  70368 120588096 2383472 51045760    0    0 1613344 1010604 326844 1121101 63 22  7  8  0  0
85 68  70368 120595560 2383472 51045788    0    0 1584464 1018020 317018 1126972 60 21  8 11  0  0
57 79  70368 120594212 2383472 51045812    0    0 1528592 960892 312759 1090304 59 20  7 14  0  0
51 32  70368 120601728 2383472 51045832    0    0 1614160 1035972 326824 1133590 62 21  7  9  0  0
procs -----------memory---------- ---swap-- -----io---- -system-- -------cpu-------
 r  b   swpd   free   buff  cache   si   so    bi    bo   in   cs us sy id wa st gu
17 29  70368 120608952 2383472 51045868    0    0 1622144 1019348 325100 1126902 62 22  8  9  0  0
35 33  70368 120606484 2383472 51045900    0    0 1558176 978800 316897 1120490 61 20  7 12  0  0
55 36  70368 120582552 2383472 51045916    0    0 1607424 1015632 320954 1109731 63 21  5 11  0  0
96 24  70368 120587568 2383472 51045944    0    0 1615648 1020008 328112 1139171 63 22  7  9  0  0
95 54  70368 120607172 2383476 51045972    0    0 1640048 1052256 325691 1126127 62 22  7  9  0  0
85 49  70368 120610312 2383476 51045996    0    0 1636112 1025964 326373 1135620 62 22  7  9  0  0
78 52  70368 120598672 2383476 51046024    0    0 1590416 1020308 323250 1123697 61 22  6 11  0  0
118 145  70368 120613060 2383476 51046044    0    0 1513856 954220 308327 1078703 59 20  7 14  0  0
50 22  70368 120603344 2383476 51046076    0    0 1613056 1006844 318400 1105180 63 21  7  9  0  0
105 21  70368 120602804 2383476 51046096    0    0 1614976 1024744 325300 1120072 63 22  7  8  0  0
69 27  70368 120604768 2383476 51046112    0    0 1654208 1037284 330199 1138687 64 21  6  9  0  0
73 59  70368 120606320 2383476 51046184    0    0 1510160 957936 310290 1082964 59 20  7 14  0  0
58 120  70368 120597364 2383476 51046208    0    0 1659488 1043472 327122 1129495 64 22  6  8  0  0
99 46  70368 120600672 2383476 51046232    0    0 1626992 1050644 324708 1146491 62 21  7 10  0  0
83 96  70368 120612284 2383480 51046272    0    0 1601968 1006460 322688 1121580 61 22  8  9  0  0
147 38  70368 120599556 2383480 51046288    0    0 1627760 1021264 326683 1109002 62 21  7  9  0  0
82 113  70368 120611892 2383484 51046316    0    0 1554784 986040 321780 1098969 60 20  7 13  0  0
142 76  70368 120602664 2383484 51046340    0    0 1654112 1037008 329922 1128872 64 22  6  8  0  0
96 34  70368 120608788 2383484 51046360    0    0 1625376 1029272 324056 1130233 62 22  8  9  0  0
85 82  70368 120595676 2383484 51046392    0    0 1606640 1018100 323329 1110721 61 21  8  9  0  0
84 34  70368 120585652 2383484 51046424    0    0 1576912 995196 317273 1128203 60 21  7 12  0  0
procs -----------memory---------- ---swap-- -----io---- -system-- -------cpu-------
 r  b   swpd   free   buff  cache   si   so    bi    bo   in   cs us sy id wa st gu
64  7  70368 120603128 2383484 51046440    0    0 1628016 1029416 320163 1116193 64 20  5 10  0  0
97 20  70368 120606468 2383484 51046464    0    0 1644064 1038352 324135 1116170 63 22  7  9  0  0
102 63  70368 120600152 2383484 51046492    0    0 1613152 1027432 320492 1148779 61 22  7 10  0  0
137 124  70368 120607644 2383484 51046516    0    0 1578016 1002984 320822 1113319 62 21  8  9  0  0
79 37  70368 120591536 2383484 51046540    0    0 1534304 975500 313110 1084748 59 20  7 14  0  0
122 58  70368 120586324 2383484 51046560    0    0 1581488 1000848 317216 1107121 62 21  7 10  0  0
135 44  70368 120591796 2383484 51046588    0    0 1649184 1031908 324970 1119611 64 22  6  9  0  0
75 35  70368 120592188 2383484 51046616    0    0 1630224 1040832 324543 1134722 61 22  7 10  0  0
58 85  70368 120606572 2383484 51046640    0    0 1589568 1012660 322335 1152130 61 21  8 10  0  0
85 16  70368 120616520 2383484 51046664    0    0 1522528 973388 314892 1094754 60 20  5 15  0  0
78 32  70368 120605884 2383484 51046692    0    0 1633664 1040480 326419 1144843 62 22  7  9  0  0
56 87  70368 120608040 2383484 51046716    0    0 1651696 1044500 326708 1139830 63 21  7  9  0  0
97 56  70368 120612696 2383484 51046732    0    0 1610432 1031488 322101 1129684 61 21  7 11  0  0
119 64  70368 120613104 2383484 51046752    0    0 1568688 985668 316309 1094332 60 21  7 12  0  0
59 29  70368 120593984 2383484 51046780    0    0 1586432 1013532 320189 1126524 61 21  7 11  0  0
105 92  70368 120583100 2383484 51046816    0    0 1658432 1038044 328006 1126301 63 22  6  9  0  0
36 13  70368 120581120 2383484 51046840    0    0 1617248 1041616 324783 1145344 62 22  7 10  0  0
59 55  70368 120587828 2383484 51046868    0    0 1614976 1010980 325117 1137673 61 22  8  9  0  0
47 17  70368 120597364 2383488 51046896    0    0 1590160 1002400 321544 1114224 62 21  6 11  0  0
82 59  70368 120592292 2383488 51046916    0    0 1627008 1052488 324354 1146908 61 22  7 10  0  0
232 13  70368 120602296 2383488 51047012    0    0 1638816 1033672 329938 1129012 63 22  7  8  0  0
procs -----------memory---------- ---swap-- -----io---- -system-- -------cpu-------
 r  b   swpd   free   buff  cache   si   so    bi    bo   in   cs us sy id wa st gu
57 30  70368 120598540 2383488 51047044    0    0 1594240 1021768 316439 1127470 59 21  9 11  0  0
38 72  70368 120618832 2383488 51047064    0    0 1564608 976064 318786 1045422 65 20  4 12  0  0
73 49  70368 120645168 2383492 51047080    0    0 1605296 1037844 319488 1113526 62 20  7 11  0  0
75 40  70368 120619952 2383492 51047104    0    0 1632832 1018548 326977 1105127 62 22  8  8  0  0
61 81  70368 120589752 2383492 51047136    0    0 1636160 1025724 328768 1163947 62 22  7 10  0  0
78 53  70368 120591624 2383492 51047172    0    0 1611872 1030176 325492 1122840 62 21  7 10  0  0
114 125  70368 120600360 2383492 51047192    0    0 1572928 986764 317575 1132222 60 21  8 11  0  0
72 37  70368 120592528 2383492 51047220    0    0 1595952 1007960 321006 1115305 62 21  7 10  0  0
153 20  70368 120576376 2383492 51047240    0    0 1642944 1029820 331245 1134396 63 22  6  9  0  0
73 43  70368 120576212 2383492 51047268    0    0 1608672 1026500 327420 1107961 63 22  6 10  0  0
68 83  70368 120591404 2383492 51047300    0    0 1563632 988788 315046 1120139 60 21  7 11  0  0
110 37  70368 120586148 2383492 51047316    0    0 1539264 975036 309211 1113604 57 20 10 13  0  0
89 22  70368 120605804 2383492 51047340    0    0 1615600 1033980 320788 1134751 62 21  8  9  0  0
72 14  70368 120611728 2383492 51047356    0    0 1629632 1020400 326996 1152817 63 21  7  9  0  0
31 35  70368 120602496 2383492 51047384    0    0 1606976 1026752 322210 1125464 62 22  7  9  0  0
76 34  70368 120602276 2383492 51047420    0    0 1600240 1005944 324214 1133588 61 22  8  9  0  0
92 22  70368 120608012 2383492 51047440    0    0 1524512 943952 311297 1057948 61 20  5 14  0  0
148 99  70368 120598684 2383492 51047464    0    0 1519536 974628 314340 1072727 61 20  5 14  0  0
65 155  70368 120607624 2383492 51047496    0    0 1511376 949048 314582 1108164 61 20  5 14  0  0
93 166  70368 120589664 2383492 51047516    0    0 1492736 953744 310741 1088510 59 20  6 15  0  0
97 94  70368 120600148 2383492 51047544    0    0 1544464 957572 318986 1080651 62 21  4 13  0  0
procs -----------memory---------- ---swap-- -----io---- -system-- -------cpu-------
 r  b   swpd   free   buff  cache   si   so    bi    bo   in   cs us sy id wa st gu
74 80  70368 120598272 2383492 51047568    0    0 1548992 968344 320555 1122128 62 21  5 12  0  0
59 150  70368 120592500 2383492 51047584    0    0 1545776 973180 321357 1083573 63 21  4 12  0  0
49 47  70368 120595616 2383492 51047620    0    0 1498000 945616 309222 1072831 58 20  7 15  0  0
61 84  70368 120602568 2383492 51047632    0    0 1519760 966232 306895 1067317 61 18  7 14  0  0
 8 23  70368 120608972 2383492 51047656    0    0 1525888 941548 308464 1058295 61 20  4 14  0  0
53 81  70368 120604940 2383492 51047684    0    0 1496816 931216 299228 1031137 59 20  6 15  0  0
72 152  70368 120585396 2383492 51047708    0    0 1544896 966336 316941 1065374 63 20  4 13  0  0
32 22  70368 120576188 2383492 51047732    0    0 1497664 938096 311079 1070527 58 20  7 15  0  0
22 21  70368 120574620 2383492 51047756    0    0 1599328 1024832 317721 1105103 62 21  8  9  0  0
42 59  70368 120590796 2383492 51047788    0    0 1619024 1017564 323042 1141391 62 21  8 10  0  0
107 58  70368 120597172 2383492 51047816    0    0 1617840 1025848 327182 1135822 63 22  7  8  0  0
96 80  70368 120583928 2383492 51047848    0    0 1639248 1031616 328056 1135888 62 22  7  9  0  0
59 22  70368 120576072 2383492 51047872    0    0 1614832 1017944 325464 1152103 61 22  8 10  0  0
74 98  70368 120566436 2383492 51047888    0    0 1590464 1016700 321017 1113274 60 21  8 11  0  0
50 58  70368 120578644 2383492 51047900    0    0 1542448 964512 318165 1108419 60 19  6 14  0  0
103 170  70368 120576532 2383492 51047924    0    0 1603040 1027920 321073 1132463 61 21  8 10  0  0
60 57  70368 120579192 2383492 51047952    0    0 1608496 1026316 320505 1117776 61 21  8 10  0  0
79 13  70368 120601324 2383492 51047976    0    0 1615360 1015424 321412 1124668 62 22  8  9  0  0
55 39  70368 120585672 2383492 51047996    0    0 1621136 1033328 324888 1128131 63 22  7  9  0  0
73 33  70368 120584240 2383492 51048020    0    0 1632576 1030660 326666 1150085 62 22  7  9  0  0
60 43  70368 120579840 2383492 51048056    0    0 1591952 1034484 320730 1131331 60 22  9  9  0  0
procs -----------memory---------- ---swap-- -----io---- -system-- -------cpu-------
 r  b   swpd   free   buff  cache   si   so    bi    bo   in   cs us sy id wa st gu
110 21  70368 120587468 2383496 51048088    0    0 1637920 1030652 326204 1156424 61 22  7 10  0  0
51 31  70368 120588880 2383496 51048112    0    0 1594976 1009676 323719 1144071 60 21  8 10  0  0
99 123  70368 120567408 2383496 51048136    0    0 1574720 1013744 323098 1123164 62 21  6 11  0  0
183 66  70368 120568844 2383496 51048156    0    0 1579680 1003876 320910 1111723 62 21  6 11  0  0
60 15  70368 120564848 2383496 51048188    0    0 1617712 1033460 325205 1141138 62 21  7 10  0  0
107 49  70368 120572984 2383500 51048204    0    0 1629328 1020180 326135 1128135 62 21  8 10  0  0
42 35  70368 120604372 2383500 51048228    0    0 1583040 1030800 322449 1128510 61 21  8 10  0  0
82 43  70368 120579272 2383500 51048252    0    0 1677232 1048392 330594 1119136 64 22  6  8  0  0
107 70  70368 120569808 2383500 51048272    0    0 1644288 1028372 329103 1118818 64 22  6  8  0  0
91 56  70368 120592596 2383500 51048308    0    0 1626928 1043568 324087 1139339 61 21  8 10  0  0
68  9  70368 120577456 2383500 51048332    0    0 1634400 1025196 326469 1143348 62 22  7  9  0  0
87 39  70368 120567952 2383500 51048360    0    0 1554688 1001792 316783 1114584 60 21  7 12  0  0
40 21  70368 120594324 2383500 51048380    0    0 1553280 983700 317035 1120602 60 21  7 12  0  0
71 33  70368 120601976 2383500 51048408    0    0 1614976 1031020 321938 1113869 61 21  8 10  0  0
29 53  70368 120580024 2383500 51048436    0    0 1637904 1041736 324897 1161558 62 22  7 10  0  0
51 22  70368 120575952 2383500 51048460    0    0 1616032 1021940 325367 1159702 61 21  8 10  0  0
63 31  70368 120588824 2383500 51048468    0    0 1611776 1032736 327045 1145487 62 21  8 10  0  0
80 46  70368 120579168 2383500 51048556    0    0 1617104 1018616 323842 1146472 62 22  8  9  0  0
140 60  70368 120577756 2383500 51048584    0    0 1613808 1032800 323228 1143217 62 21  8  9  0  0
105 105  70368 120585048 2383500 51048616    0    0 1598784 1023528 324593 1137482 61 22  8  9  0  0
59 35  70368 120572480 2383500 51048648    0    0 1615488 1034096 327645 1125896 62 22  6 11  0  0
procs -----------memory---------- ---swap-- -----io---- -system-- -------cpu-------
 r  b   swpd   free   buff  cache   si   so    bi    bo   in   cs us sy id wa st gu
85 13  70368 120579456 2383500 51048668    0    0 1544720 959708 316833 1101522 61 21  6 12  0  0
68 22  70368 120574436 2383500 51048688    0    0 1613136 1015544 322071 1138803 61 22  7 10  0  0
205 44  70368 120568640 2383500 51048716    0    0 1596000 1017680 320424 1130055 60 21  9 10  0  0
31 25  70368 120594796 2383500 51048740    0    0 1619760 1025000 323441 1132437 61 22  8  9  0  0
99 19  70368 120595204 2383504 51048768    0    0 1615936 1031976 324355 1123813 61 21  8  9  0  0
93 88  70368 120586140 2383504 51048788    0    0 1641728 1038000 330387 1133013 64 22  6  8  0  0
19 33  70368 120591928 2383504 51048808    0    0 1646816 1037332 328387 1149049 62 21  7  9  0  0
26  7  70368 120581076 2383504 51048828    0    0 1624944 1046020 325175 1129216 62 21  7 10  0  0
97 41  70368 120571776 2383504 51048848    0    0 1580944 1002808 323787 1132555 61 21  8 10  0  0
103 149  70368 120579112 2383508 51048872    0    0 1555856 996784 313344 1095210 59 21  9 12  0  0
80 60  70368 120580048 2383508 51048896    0    0 1593136 999136 319131 1060827 66 21  4  9  0  0
138 86  70368 120582812 2383508 51048924    0    0 1639056 1049496 327817 1131723 63 22  6  9  0  0
125 49  70368 120573808 2383508 51048944    0    0 1636640 1027984 323434 1156728 62 22  7 10  0  0
59 31  70368 120575116 2383508 51048968    0    0 1634480 1029760 324048 1154569 61 22  7 10  0  0
100 119  70368 120583156 2383512 51049000    0    0 1660768 1051128 328471 1133404 63 22  6  9  0  0
192 84  70368 120594884 2383512 51049024    0    0 1599568 1018176 323345 1121508 61 22  8  9  0  0
112 81  70368 120571516 2383512 51049052    0    0 1623808 1038592 325733 1131508 62 22  7  9  0  0
34 18  70368 120574908 2383512 51049072    0    0 1623472 1029172 328212 1150592 62 21  8 10  0  0
62 56  70368 120595012 2383512 51049092    0    0 1563344 981076 315380 1120383 60 20  8 11  0  0
105 74  70368 120593112 2383512 51049112    0    0 1536432 987476 310101 1063157 62 20  7 12  0  0
51 16  70368 120590868 2383512 51049140    0    0 1659920 1035956 325901 1115980 64 22  6  8  0  0
procs -----------memory---------- ---swap-- -----io---- -system-- -------cpu-------
 r  b   swpd   free   buff  cache   si   so    bi    bo   in   cs us sy id wa st gu
98 55  70368 120579484 2383512 51049172    0    0 1585264 1026012 323701 1127176 61 21  9  9  0  0
123 62  70368 120580184 2383512 51049188    0    0 1629888 1029976 328936 1146452 62 22  7  9  0  0
81 75  70368 120568664 2383512 51049212    0    0 1616192 1040840 328397 1144970 63 22  7  9  0  0
96 38  70368 120586892 2383512 51049236    0    0 1640688 1031156 329108 1125950 64 22  6  8  0  0
103 59  70368 120569340 2383512 51049264    0    0 1661616 1041732 329320 1143666 63 22  6  8  0  0
91 113  70368 120573244 2383512 51049288    0    0 1644480 1042724 328934 1127747 63 22  6  9  0  0
87 66  70368 120581368 2383512 51049308    0    0 1662128 1038748 328623 1118632 64 22  5 10  0  0
89 119  70368 120598244 2383512 51049344    0    0 1505472 962608 310864 1072245 58 19  7 16  0  0
23 27  70368 120618116 2383516 51049368    0    0 1602416 1015972 326375 1146209 64 21  6 10  0  0
65 21  70368 120600568 2383516 51049392    0    0 1601792 1019184 322247 1128345 61 22  8  9  0  0
28 43  70368 120588388 2383516 51049408    0    0 1606912 1017776 322247 1119322 62 22  8  9  0  0
93 65  70368 120590276 2383516 51049432    0    0 1631616 1035140 326098 1126312 63 22  6  9  0  0
61 59  70368 120590228 2383516 51049460    0    0 1590720 1030208 322614 1147873 60 22  8 10  0  0
55 32  70368 120592448 2383516 51049488    0    0 1616512 1024208 326861 1112058 63 22  7  8  0  0
76 54  70368 120591208 2383516 51049512    0    0 1576240 1021808 320286 1137673 60 21  9 10  0  0
34 63  70368 120579480 2383516 51049536    0    0 1646384 1041480 329038 1128903 64 22  6  9  0  0
89 63  70368 120571172 2383516 51049560    0    0 1562672 982780 319710 1101936 61 21  7 11  0  0
77 61  70368 120563464 2383516 51049580    0    0 1596352 1015708 328420 1114691 64 21  5 10  0  0
72 62  70368 120557960 2383516 51049608    0    0 1662208 1049952 332472 1129229 64 22  6  8  0  0
163 40  70368 120572516 2383516 51049628    0    0 1662464 1058012 329158 1150454 63 20  6 10  0  0
78 20  70368 120576868 2383516 51049652    0    0 1617968 1026272 324993 1140671 63 22  7  9  0  0
procs -----------memory---------- ---swap-- -----io---- -system-- -------cpu-------
 r  b   swpd   free   buff  cache   si   so    bi    bo   in   cs us sy id wa st gu
67 25  70368 120577068 2383516 51049668    0    0 1647952 1051740 325165 1129409 62 21  7  9  0  0
56 16  70368 120587748 2383516 51049700    0    0 1638688 1033172 325223 1153178 62 22  7  9  0  0
87 41  70368 120569576 2383516 51049724    0    0 1648768 1056008 325000 1140435 62 22  7  9  0  0
87 56  70368 120563376 2383516 51049748    0    0 1640544 1042744 329823 1139796 64 22  6  8  0  0
93 98  70368 120574504 2383516 51049768    0    0 1565408 983672 317010 1117855 60 20  7 12  0  0
69 50  70368 120562752 2383516 51049796    0    0 1574960 1005472 321860 1133766 61 21  6 11  0  0
45 46  70368 120579744 2383516 51049820    0    0 1626096 1031028 324808 1142701 62 21  8  9  0  0
100 53  70368 120589832 2383520 51049840    0    0 1635808 1049396 327425 1118348 63 22  7  8  0  0
48 99  70368 120594640 2383520 51049872    0    0 1619392 1026712 325357 1130813 61 21  8  9  0  0
29 21  70368 120602144 2383520 51049892    0    0 1616384 1024104 326341 1130543 61 21  8 10  0  0
70 66  70368 120596356 2383520 51049916    0    0 1630384 1051976 328658 1147480 63 21  7  9  0  0
43 29  70368 120593884 2383520 51049940    0    0 1665344 1051444 331610 1146693 64 22  6  8  0  0
81 58  70368 120577696 2383520 51049964    0    0 1645248 1050772 327308 1146088 62 22  7  9  0  0
73 105  70368 120573812 2383520 51049992    0    0 1580224 990444 321797 1104208 62 21  6 11  0  0
83 61  70368 120575224 2383520 51050084    0    0 1591200 1019192 320781 1125343 61 21  8 10  0  0
112 48  70368 120561672 2383520 51050100    0    0 1623248 1015588 327823 1132168 63 21  7  9  0  0
109 48  70368 120568016 2383520 51050128    0    0 1634480 1034100 327123 1123491 63 22  7  8  0  0
91 57  70368 120579708 2383520 51050152    0    0 1613856 1039700 321407 1115755 61 21  8 10  0  0
131 51  70368 120572536 2383520 51050180    0    0 1627424 1030788 324217 1127089 61 22  8 10  0  0
109 62  70368 120557156 2383520 51050208    0    0 1616688 1029296 324330 1142235 61 22  8  9  0  0
108 39  70368 120565804 2383520 51050236    0    0 1643744 1038912 327245 1161787 62 21  7 10  0  0
procs -----------memory---------- ---swap-- -----io---- -system-- -------cpu-------
 r  b   swpd   free   buff  cache   si   so    bi    bo   in   cs us sy id wa st gu
72 80  70368 120590792 2383520 51050256    0    0 1609680 1031812 324608 1146670 61 20  8 10  0  0
44 64  70368 120577916 2383520 51050276    0    0 1577152 999096 316176 1120440 60 21  7 12  0  0
88 34  70368 120579300 2383520 51050304    0    0 1469888 914564 298502 1016678 60 19  6 15  0  0
205 40  70368 120589000 2383520 51050332    0    0 1595904 1031520 322590 1144794 61 21  8 10  0  0
46 44  70368 120595072 2383520 51050356    0    0 1638768 1032428 328803 1152988 63 22  7  9  0  0
53 55  70368 120582592 2383520 51050376    0    0 1618160 1042060 323150 1120734 61 22  8 10  0  0
98 73  70368 120570656 2383520 51050400    0    0 1624000 1024740 325446 1142829 63 22  7  9  0  0
93 75  70368 120563612 2383520 51050432    0    0 1626304 1024408 327002 1127565 63 22  7  8  0  0
105 102  70368 120564560 2383520 51050456    0    0 1630288 1046292 328579 1130458 63 22  7  9  0  0
73 42  70368 120575644 2383520 51050480    0    0 1642672 1029204 325665 1134272 63 22  6  9  0  0
24 66  70368 120551332 2383520 51050504    0    0 1575184 1016736 317011 1116229 61 21  7 11  0  0
55 43  70368 120568068 2383520 51050520    0    0 1468320 926772 300565 1074916 55 18  8 18  0  0
42 30  70368 120586332 2383520 51050540    0    0 1613840 1012524 322737 1100908 65 21  5  8  0  0
116 53  70368 120576676 2383520 51050576    0    0 1613056 1041468 324255 1120063 62 22  7  9  0  0
83 20  70368 120573932 2383520 51050596    0    0 1634640 1027844 325062 1126413 62 22  7  9  0  0
57 70  70368 120575500 2383520 51050620    0    0 1626192 1041576 328422 1156200 63 22  7  9  0  0
110 16  70368 120583068 2383520 51050644    0    0 1633216 1026276 326649 1151149 63 22  7  9  0  0
92 34  70368 120569844 2383520 51050660    0    0 1628192 1039176 327537 1138913 63 21  7  9  0  0
99 26  70368 120584628 2383520 51050692    0    0 1600576 1014400 323565 1140258 61 22  8 10  0  0
59 59  70368 120584636 2383520 51050720    0    0 1626800 1024488 326708 1117471 63 22  6  9  0  0
140 129  70368 120585452 2383520 51050740    0    0 1508560 963964 315603 1079400 61 20  5 14  0  0
procs -----------memory---------- ---swap-- -----io---- -system-- -------cpu-------
 r  b   swpd   free   buff  cache   si   so    bi    bo   in   cs us sy id wa st gu
60 34  70368 120575780 2383520 51050764    0    0 1566704 979164 322412 1120803 64 21  4 11  0  0
126 40  70368 120591792 2383520 51050788    0    0 1656960 1058812 325110 1145155 62 22  7 10  0  0
109 87  70368 120601680 2383520 51050812    0    0 1632656 1028360 323346 1127760 62 21  7  9  0  0
45 27  70368 120586248 2383520 51050836    0    0 1609840 1026104 321264 1136077 61 22  8  9  0  0
194 41  70368 120592568 2383520 51050860    0    0 1611008 1021240 325051 1136537 63 22  7  8  0  0
51 35  70368 120593296 2383520 51050888    0    0 1613072 1029596 323435 1155719 62 21  8  9  0  0
64 74  70368 120579044 2383520 51050912    0    0 1646064 1059988 327973 1162797 62 22  6 10  0  0
87 54  70368 120569472 2383520 51050940    0    0 1605376 1010680 326937 1131309 62 21  7 10  0  0
56 139  70368 120559424 2383520 51050972    0    0 1503120 972808 313428 1093625 59 20  6 15  0  0
64 12  70368 120536236 2383520 51050988    0    0 1540752 959596 311473 1053598 64 20  4 12  0  0
130 55  70368 120548652 2383520 51051008    0    0 1632608 1021232 338801 1138721 64 22  6  8  0  0
72 21  70368 120558156 2383520 51051028    0    0 1640144 1049708 329778 1140125 63 22  7  8  0  0
62 22  70368 120570732 2383520 51051064    0    0 1634928 1043960 330404 1151271 63 21  7  9  0  0
35 22  70368 120588480 2383520 51051084    0    0 1621152 1037368 326139 1139611 62 20  7 10  0  0
67 89  70368 120612508 2383520 51051108    0    0 1642336 1031908 328405 1147160 64 22  6  8  0  0
120 49  70368 120604880 2383520 51051132    0    0 1632976 1039240 323273 1134819 62 21  8 10  0  0
68 29  70368 120588912 2383520 51051160    0    0 1652576 1039036 329798 1129911 64 22  6  8  0  0
49 171  70368 120563380 2383520 51051184    0    0 1506368 957280 309706 1084434 58 20  7 16  0  0
49 41  70368 120558692 2383520 51051208    0    0 1447728 943708 294398 1044419 56 19 10 15  0  0
131 83  70368 120569460 2383520 51051232    0    0 1630992 1021288 325019 1131540 63 21  7  9  0  0
67 68  70368 120571644 2383520 51051256    0    0 1644864 1055348 326235 1148593 62 22  7  9  0  0
procs -----------memory---------- ---swap-- -----io---- -system-- -------cpu-------
 r  b   swpd   free   buff  cache   si   so    bi    bo   in   cs us sy id wa st gu
91 44  70368 120581584 2383520 51051276    0    0 1627248 1031072 325377 1125309 62 22  7  9  0  0
125 20  70368 120600172 2383520 51051304    0    0 1625824 1034748 328944 1149299 62 22  7  9  0  0
92 16  70368 120581460 2383520 51051336    0    0 1634000 1046264 327577 1135732 63 22  7  8  0  0
68 18  70368 120602488 2383524 51051352    0    0 1643488 1034628 328584 1140015 63 20  8  9  0  0
55 31  70368 120599368 2383524 51051372    0    0 1619088 1048308 326274 1156066 61 22  7 10  0  0
83 113  70368 120588504 2383524 51051400    0    0 1561344 982916 322596 1109642 62 21  5 12  0  0
92 61  70368 120593816 2383524 51051424    0    0 1481040 942608 309398 1057427 58 19  6 17  0  0
44 44  70368 120585200 2383524 51051448    0    0 1608608 1023544 320810 1119753 63 21  7  9  0  0
108 32  70368 120577132 2383532 51051464    0    0 1634864 1023528 326281 1152973 62 21  7  9  0  0
44 20  70368 120588500 2383532 51051508    0    0 1641728 1048964 326566 1135722 62 22  7  9  0  0
28 18  70368 120584808 2383532 51051528    0    0 1609712 1022592 326660 1140357 62 22  7  9  0  0
139 26  70368 120566540 2383532 51051620    0    0 1615952 1036368 323078 1117651 62 22  7  9  0  0
63 28  70368 120543680 2383532 51051648    0    0 1622928 1029012 326025 1150259 62 22  7  9  0  0
98 34  70368 120564204 2383532 51051676    0    0 1610432 1029388 325689 1114314 63 22  7  9  0  0
111 96  70368 120590960 2383532 51051704    0    0 1556688 978200 318746 1094110 60 20  6 14  0  0
80 66  70368 120604168 2383532 51051720    0    0 1552848 978948 318450 1100151 61 20  6 13  0  0
70 16  70368 120600332 2383532 51051744    0    0 1587472 1031664 318701 1150877 59 21  9 11  0  0
175 57  70368 120584088 2383532 51051772    0    0 1599760 1022860 319961 1114990 63 21  7  9  0  0
34 17  70368 120570012 2383532 51051796    0    0 1597904 1038128 324366 1135759 61 22  7 10  0  0
96 31  70368 120571064 2383532 51051824    0    0 1618320 1024356 326521 1146636 63 21  7  9  0  0
74 32  70368 120564776 2383532 51051852    0    0 1609600 1029056 327803 1129284 62 21  8  9  0  0
procs -----------memory---------- ---swap-- -----io---- -system-- -------cpu-------
 r  b   swpd   free   buff  cache   si   so    bi    bo   in   cs us sy id wa st gu
92 61  70368 120581116 2383532 51051880    0    0 1611056 1041312 325132 1128708 61 22  8  9  0  0
103 64  70368 120570232 2383532 51051904    0    0 1618672 1019936 324786 1144972 62 21  7  9  0  0
66 23  70368 120573492 2383532 51051936    0    0 1489216 963092 310002 1082043 58 20  7 15  0  0
91 22  70368 120569760 2383532 51051948    0    0 1538736 971412 311591 1089018 62 21  7 10  0  0
52 62  70368 120585716 2383532 51051972    0    0 1564256 988912 321120 1126116 62 20  6 12  0  0
77 37  70368 120598240 2383532 51051988    0    0 1627504 1036744 326629 1153319 62 21  8 10  0  0
56 67  70368 120593636 2383532 51052020    0    0 1644416 1037100 324748 1138169 62 21  7  9  0  0
44 17  70368 120576896 2383532 51052044    0    0 1620896 1036412 325359 1143759 62 22  7  9  0  0
106 15  70368 120575332 2383532 51052068    0    0 1632464 1034720 324823 1126655 62 21  7  9  0  0
64 58  70368 120579868 2383532 51052092    0    0 1622368 1039452 325354 1153109 62 22  8  9  0  0
98 74  70368 120577136 2383532 51052116    0    0 1615056 1027024 325006 1159327 62 21  7  9  0  0
84 146  70368 120589664 2383532 51052148    0    0 1551376 976636 314845 1108483 59 20  7 13  0  0
53 161  70368 120571328 2383532 51052168    0    0 1553872 999320 314901 1088049 63 20  7 10  0  0
110 145  70368 120577780 2383532 51052192    0    0 1487040 941972 314810 1093314 62 20  5 14  0  0
77 52  70368 120566928 2383532 51052216    0    0 1585728 1019708 319669 1117431 60 21  9 10  0  0
96 58  70368 120563700 2383532 51052232    0    0 1643168 1039316 325714 1143371 62 22  7 10  0  0
66 51  70368 120575500 2383532 51052260    0    0 1679712 1052160 332741 1145438 65 22  5  8  0  0
111 20  70368 120573364 2383536 51052284    0    0 1614048 1036572 322816 1131795 62 22  7  9  0  0
53 46  70368 120569900 2383536 51052312    0    0 1624976 1036156 324920 1128616 62 22  7  9  0  0
117 43  70368 120574660 2383536 51052336    0    0 1613696 1031452 320580 1122437 61 21  8 10  0  0
25 53  70368 120560284 2383536 51052352    0    0 1525664 974856 313004 1099829 59 20  7 14  0  0
procs -----------memory---------- ---swap-- -----io---- -system-- -------cpu-------
 r  b   swpd   free   buff  cache   si   so    bi    bo   in   cs us sy id wa st gu
77 73  70368 120573352 2383536 51052380    0    0 1574128 1015828 315110 1086775 62 20  7 11  0  0
55 117  70368 120583220 2383544 51052408    0    0 1553232 988440 315171 1098334 60 21  6 13  0  0
154 43  70368 120576476 2383544 51052428    0    0 1585392 1005592 321260 1091914 61 21  6 12  0  0
63 15  70368 120576084 2383544 51052452    0    0 1615760 1038760 324419 1114917 62 21  8  9  0  0
62 27  70368 120573324 2383544 51052484    0    0 1627312 1029912 330677 1132884 63 22  7  8  0  0
165 72  70368 120553404 2383544 51052500    0    0 1645808 1059696 330412 1126936 65 22  5  8  0  0
39 30  70368 120565500 2383544 51052536    0    0 1622304 1030196 325944 1147047 61 21  8  9  0  0
102 38  70368 120584944 2383544 51052552    0    0 1626336 1049884 329553 1133112 63 21  7  9  0  0
63 95  70368 120581408 2383544 51052576    0    0 1537456 982668 312867 1098415 60 20  8 12  0  0
137 79  70368 120581908 2383544 51052604    0    0 1583200 991972 317697 1068501 64 21  5 10  0  0
85 80  70368 120589224 2383544 51052628    0    0 1593008 1015484 321641 1120952 61 21  7 10  0  0
148 54  70368 120565640 2383544 51052660    0    0 1557888 972120 322241 1110290 63 21  4 12  0  0
82 60  70368 120563040 2383544 51052684    0    0 1612576 1033540 326388 1144219 62 22  7  9  0  0
133 21  70368 120573420 2383544 51052700    0    0 1639040 1029700 325570 1158862 61 22  8 10  0  0
112 45  70368 120583276 2383544 51052732    0    0 1640736 1033544 324488 1130885 61 22  8 10  0  0
100 52  70368 120585608 2383544 51052756    0    0 1619312 1045768 327595 1142078 61 22  8  9  0  0
68 41  70368 120571028 2383544 51052780    0    0 1600864 1019956 323637 1142754 60 21  8 10  0  0
41 161  70368 120582624 2383544 51052796    0    0 1561376 1009896 316686 1113179 59 20  9 12  0  0
82  5  70368 120601652 2383544 51052820    0    0 1524032 957916 313271 1100159 59 19  8 14  0  0
74 40  70368 120580552 2383544 51052840    0    0 1609296 1043580 319730 1101040 62 21  7 10  0  0
86 47  70368 120576188 2383544 51052864    0    0 1580384 992436 316982 1091441 61 21  5 12  0  0
procs -----------memory---------- ---swap-- -----io---- -system-- -------cpu-------
 r  b   swpd   free   buff  cache   si   so    bi    bo   in   cs us sy id wa st gu
38 14  70368 120565748 2383544 51052892    0    0 1635568 1032992 325658 1132893 63 22  6  9  0  0
71 77  70368 120565184 2383544 51052912    0    0 1627232 1051536 326219 1136228 62 22  7  9  0  0
71 96  70368 120580380 2383544 51052944    0    0 1651040 1040092 328927 1148899 63 22  6  9  0  0
163 49  70368 120571788 2383544 51052964    0    0 1640128 1037588 326462 1139221 62 22  7  9  0  0
77 45  70368 120577580 2383544 51052988    0    0 1617024 1023908 327753 1142035 63 22  7  9  0  0
97 106  70368 120579672 2383544 51053016    0    0 1613424 1019816 324277 1121993 62 22  7  9  0  0
41 95  70368 120558268 2383544 51053040    0    0 1497872 968932 313530 1078751 59 20  7 14  0  0
68 28  70368 120575796 2383544 51053132    0    0 1630864 1027688 328194 1144211 63 22  7  9  0  0
71 76  70368 120588464 2383544 51053168    0    0 1611408 1034528 325743 1121899 62 20  7 11  0  0
79 50  70368 120590868 2383544 51053196    0    0 1535696 977200 315622 1093863 59 20  6 15  0  0
22 24  70368 120570532 2383544 51053216    0    0 1582176 1006040 321242 1108750 62 21  8  8  0  0
114 28  70368 120572028 2383544 51053240    0    0 1593584 1025532 323448 1129387 61 22  8  9  0  0
87 31  70368 120574120 2383544 51053268    0    0 1643312 1043096 325514 1143114 61 21  8 10  0  0
69 30  70368 120570272 2383544 51053296    0    0 1581280 1023648 322139 1140982 61 21  8 10  0  0
69 24  70368 120547348 2383544 51053316    0    0 1606592 1009604 326105 1131953 62 22  6 10  0  0
130 56  70368 120541052 2383544 51053336    0    0 1484416 959896 310534 1091924 57 20  9 14  0  0
53 60  70368 120553496 2383544 51053368    0    0 1628512 1027228 320723 1121354 63 21  6  9  0  0
95 69  70368 120580548 2383544 51053396    0    0 1640848 1036700 325581 1132448 64 21  7  9  0  0
115 93  70368 120559996 2383544 51053416    0    0 1522448 976680 314622 1068632 59 20  6 15  0  0
72 44  70368 120560420 2383544 51053440    0    0 1599056 1012856 319672 1092112 62 21  8  9  0  0
29 11  70368 120577864 2383548 51053452    0    0 1632736 1042808 323476 1125256 62 21  8  9  0  0
procs -----------memory---------- ---swap-- -----io---- -system-- -------cpu-------
 r  b   swpd   free   buff  cache   si   so    bi    bo   in   cs us sy id wa st gu
87 20  70368 120574604 2383548 51053484    0    0 1649920 1042232 329106 1155116 63 22  6  9  0  0
77 66  70368 120561728 2383548 51053508    0    0 1655264 1063380 329306 1115884 64 22  6  8  0  0
111 123  70368 120557228 2383548 51053536    0    0 1637968 1024860 324070 1137989 61 22  7 10  0  0
80 27  70368 120561424 2383548 51053564    0    0 1511808 954728 310937 1103237 59 20  7 14  0  0
56 40  70368 120551988 2383548 51053588    0    0 1581520 1031000 317970 1099290 62 21  8  9  0  0
82 44  70368 120560648 2383548 51053612    0    0 1625920 1026340 324660 1131702 62 21  8  9  0  0
49 84  70368 120557480 2383548 51053636    0    0 1554016 1002368 319123 1105223 61 21  6 12  0  0
115 60  70368 120572728 2383548 51053660    0    0 1570288 991900 318616 1102485 60 21  6 13  0  0
171 51  70368 120581316 2383548 51053680    0    0 1625296 1023612 329863 1135922 62 22  7  9  0  0
99 73  70368 120571944 2383548 51053712    0    0 1626464 1040052 328656 1127479 63 22  7  9  0  0
32 23  70368 120579704 2383548 51053736    0    0 1651536 1041640 327887 1155484 63 21  7  9  0  0
99 89  70368 120582528 2383548 51053756    0    0 1613520 1035024 324465 1120762 62 21  8  9  0  0
45 24  70368 120562796 2383548 51053772    0    0 1559264 984152 317043 1107431 61 21  5 13  0  0
110 85  70368 120559932 2383548 51053800    0    0 1626496 1027256 322839 1123819 63 22  6 10  0  0
210 71  70368 120571288 2383552 51053828    0    0 1602528 1022868 322349 1118970 62 22  7  9  0  0
137 65  70368 120566460 2383552 51053860    0    0 1567456 1002544 322145 1133415 60 21  8 10  0  0
58 62  70368 120566764 2383552 51053880    0    0 1515344 966624 312550 1096557 60 20  6 14  0  0
53 24  70368 120563024 2383552 51053904    0    0 1604496 1013652 322332 1127385 61 22  8  9  0  0
156 92  70368 120548160 2383552 51053932    0    0 1614160 1046308 328242 1157536 62 22  7  9  0  0
107 52  70368 120576992 2383552 51053952    0    0 1632208 1036720 327018 1136934 63 22  6  9  0  0
35 19  70368 120555196 2383552 51053980    0    0 1632944 1031000 328206 1142426 63 22  6  9  0  0
procs -----------memory---------- ---swap-- -----io---- -system-- -------cpu-------
 r  b   swpd   free   buff  cache   si   so    bi    bo   in   cs us sy id wa st gu
83 63  70368 120553484 2383552 51054004    0    0 1557200 1004168 316555 1146261 60 20  7 13  0  0
85 67  70368 120574128 2383552 51054020    0    0 1566640 998944 321471 1133357 61 20  7 12  0  0
155 85  70368 120572588 2383552 51054048    0    0 1613360 1037260 327216 1112349 63 22  7  9  0  0
169 60  70368 120566336 2383552 51054076    0    0 1598368 1029544 325477 1141697 62 22  8  9  0  0
86 116  70368 120569280 2383552 51054104    0    0 1544672 966276 314528 1108151 60 20  6 14  0  0
139 72  70368 120549240 2383552 51054116    0    0 1605968 1027656 323460 1112357 62 21  7 10  0  0
57 54  70368 120547780 2383552 51054136    0    0 1634480 1035860 329861 1147353 63 22  7  9  0  0
76 50  70368 120560020 2383552 51054168    0    0 1613904 1049812 326330 1145488 62 22  7  9  0  0
91 90  70368 120560224 2383560 51054196    0    0 1621584 1037068 324636 1133225 62 22  7 10  0  0
51 107  70368 120557824 2383560 51054216    0    0 1560816 1004072 316405 1108033 59 21  8 12  0  0
63 71  70368 120555012 2383560 51054244    0    0 1593168 1007328 320923 1124074 61 21  7 10  0  0
45 47  70368 120558012 2383560 51054276    0    0 1651184 1047808 329124 1137964 63 21  7  9  0  0
89 64  70368 120561492 2383560 51054296    0    0 1665728 1063880 329119 1140389 63 21  6 10  0  0
99 88  70368 120545900 2383560 51054312    0    0 1535184 975984 315412 1090826 60 20  6 14  0  0
93 36  70368 120539472 2383560 51054336    0    0 1583088 1020976 316711 1106999 62 21  7 10  0  0
158 25  70368 120558196 2383560 51054372    0    0 1644272 1037404 326784 1148808 62 22  7  9  0  0
70 77  70368 120545536 2383560 51054392    0    0 1658208 1061168 328587 1160235 62 22  6  9  0  0
96 79  70368 120554796 2383560 51054416    0    0 1628192 1028712 329249 1129961 63 22  6  9  0  0
53 130  70368 120551440 2383560 51054440    0    0 1620352 1023752 325922 1137120 63 22  5 10  0  0
150 35  70368 120553608 2383560 51054464    0    0 1528704 982708 316613 1087401 60 20  6 14  0  0
38 12  70368 120547716 2383560 51054488    0    0 1637840 1025620 327037 1150405 62 22  7  9  0  0
procs -----------memory---------- ---swap-- -----io---- -system-- -------cpu-------
 r  b   swpd   free   buff  cache   si   so    bi    bo   in   cs us sy id wa st gu
128 85  70368 120554936 2383560 51054512    0    0 1619552 1045600 326630 1137334 62 22  8  9  0  0
53 106  70368 120552176 2383560 51054536    0    0 1582160 997660 321968 1104587 61 21  7 11  0  0
114 36  70368 120580112 2383560 51054552    0    0 1558624 976136 323878 1125501 62 20  6 13  0  0
52 119  70368 120580192 2383560 51054572    0    0 1637136 1056476 326801 1146573 62 21  7 10  0  0
98 70  70368 120568012 2383560 51054600    0    0 1634880 1036468 328370 1160776 63 22  7  9  0  0
135 79  70368 120553292 2383560 51054696    0    0 1632752 1053360 327733 1126738 63 22  6  8  0  0
63 99  70368 120554192 2383560 51054716    0    0 1616640 1018748 326069 1124350 63 22  6  9  0  0
63 67  70368 120558120 2383560 51054732    0    0 1502160 974508 308882 1093122 57 20  8 15  0  0
88 64  70368 120562060 2383560 51054760    0    0 1620864 1026240 323988 1116948 64 21  7  8  0  0
30  9  70368 120559828 2383560 51054796    0    0 1656800 1032464 329194 1141365 63 22  6  9  0  0
69 44  70368 120546876 2383560 51054820    0    0 1585296 1021112 321572 1116999 62 21  6 11  0  0
74 34  70368 120569508 2383560 51054844    0    0 1553184 976612 319977 1105842 61 21  5 13  0  0
65 93  70368 120571068 2383560 51054868    0    0 1638112 1052908 326901 1136904 63 22  7  9  0  0
166 39  70368 120557644 2383560 51054896    0    0 1652640 1042716 334335 1138334 64 22  7  8  0  0
124 31  70368 120575236 2383560 51054912    0    0 1660288 1052448 329187 1151378 63 21  6  9  0  0
30 29  70368 120566112 2383560 51054936    0    0 1573680 1004220 319381 1133727 59 21  9 11  0  0
79 63  70368 120562840 2383560 51054968    0    0 1518240 962232 314206 1107276 59 20  8 13  0  0
50 28  70368 120546064 2383564 51054992    0    0 1576720 1020976 318091 1109801 61 21  9  9  0  0
62 38  70368 120543656 2383564 51055016    0    0 1635600 1041336 322500 1110232 61 22  8  9  0  0
81 78  70368 120543324 2383564 51055040    0    0 1637712 1049964 324759 1145574 62 22  7 10  0  0
34 69  70368 120545388 2383564 51055060    0    0 1546800 974048 314057 1084015 60 20  6 13  0  0
procs -----------memory---------- ---swap-- -----io---- -system-- -------cpu-------
 r  b   swpd   free   buff  cache   si   so    bi    bo   in   cs us sy id wa st gu
82 133  70368 120552168 2383564 51055084    0    0 1608112 1007324 322079 1119627 62 21  7 10  0  0
75 47  70368 120536532 2383564 51055116    0    0 1649024 1050924 328329 1140048 62 22  7  9  0  0
97 38  70368 120541692 2383564 51055140    0    0 1634896 1028240 326059 1127167 63 22  7  9  0  0
80 41  70368 120547656 2383564 51055164    0    0 1655648 1053516 328576 1108806 64 22  5  9  0  0
55 56  70368 120567548 2383564 51055184    0    0 1506784 960744 313432 1118051 59 18  6 17  0  0
105 37  70368 120565608 2383564 51055208    0    0 1603952 1034832 317985 1088525 63 21  7  8  0  0
85 37  70368 120557492 2383564 51055236    0    0 1626480 1025176 322137 1136869 61 22  7 10  0  0
56 50  70368 120556224 2383564 51055264    0    0 1678784 1059636 326784 1140457 64 22  5  9  0  0
47 41  70368 120543376 2383564 51055288    0    0 1590720 999672 318048 1106874 62 22  7 10  0  0
107 49  70368 120555320 2383564 51055312    0    0 1576256 993592 318958 1109997 62 21  5 12  0  0
55 76  70368 120558816 2383564 51055336    0    0 1625328 1039972 325142 1121219 63 22  7  8  0  0
68 147  70368 120558988 2383564 51055360    0    0 1660912 1039528 328691 1137697 63 22  6  9  0  0
40 77  70368 120544988 2383564 51055380    0    0 1626512 1027184 326543 1139403 61 22  6 11  0  0
67 46  70368 120567324 2383564 51055408    0    0 1492080 962092 310496 1070864 58 20  7 15  0  0
97 73  70368 120568688 2383564 51055436    0    0 1630064 1031456 321844 1118893 63 21  7  8  0  0
56 33  70368 120572940 2383564 51055456    0    0 1642512 1054008 328701 1130242 64 21  7  8  0  0
131 58  70368 120570988 2383568 51055472    0    0 1661328 1055972 333344 1155676 64 21  6  9  0  0
56 47  70368 120555300 2383568 51055500    0    0 1584112 1029140 320711 1140637 60 21  8 11  0  0
91 88  70368 120555004 2383568 51055524    0    0 1530192 976736 312893 1065237 64 20  5 11  0  0
102 65  70368 120561820 2383568 51055552    0    0 1617440 1021772 323551 1135879 61 21  8 10  0  0
91 34  70368 120571076 2383568 51055576    0    0 1649104 1058456 327815 1139694 62 22  7  9  0  0
procs -----------memory---------- ---swap-- -----io---- -system-- -------cpu-------
 r  b   swpd   free   buff  cache   si   so    bi    bo   in   cs us sy id wa st gu
84 64  70368 120570800 2383572 51055600    0    0 1618672 1026400 321604 1127292 61 22  8 10  0  0
22 28  70368 120550120 2383572 51055624    0    0 1513376 979876 313635 1084081 60 20  5 15  0  0
52 33  70368 120545712 2383572 51055640    0    0 1598816 1017420 328732 1154701 63 22  7  9  0  0
97 23  70368 120545244 2383572 51055664    0    0 1632368 1039252 328720 1146010 62 22  7  9  0  0
51 37  70368 120555412 2383572 51055688    0    0 1599056 1027580 324241 1150938 62 22  8  9  0  0
92 55  70368 120550044 2383572 51055716    0    0 1641520 1036032 328082 1134665 62 21  7  9  0  0
29 56  70368 120572096 2383572 51055736    0    0 1577040 1017412 320449 1142376 61 20  7 12  0  0
87 84  70368 120556972 2383572 51055764    0    0 1614400 1023368 321932 1128272 60 22  9 10  0  0
115 38  70368 120576416 2383572 51055800    0    0 1660416 1054144 327431 1134807 62 22  6  9  0  0
83 59  70368 120561400 2383572 51055824    0    0 1551856 1002228 316451 1131373 59 21  9 10  0  0
140 81  70368 120534720 2383572 51055848    0    0 1518896 960616 309032 1039717 63 20  5 12  0  0
79 13  70368 120545412 2383572 51055876    0    0 1606832 1028288 324313 1125793 61 22  8  9  0  0
60 29  70368 120549928 2383572 51055888    0    0 1665104 1047768 330687 1146236 65 22  6  8  0  0
87 59  70368 120571792 2383572 51055916    0    0 1616576 1047928 324770 1147878 61 22  8  9  0  0
58 12  70368 120566504 2383572 51055940    0    0 1654672 1035740 329651 1142388 64 22  6  8  0  0
46 38  70368 120567144 2383572 51055964    0    0 1592784 1019448 323813 1132728 61 22  8 10  0  0
50 107  70368 120566060 2383572 51056000    0    0 1514784 958696 313706 1075797 60 20  6 15  0  0
51 84  70368 120575068 2383572 51056024    0    0 1634048 1033168 324861 1154948 61 21  8 10  0  0
44  2  70368 120555260 2383572 51056044    0    0 1627712 1046044 327349 1152387 62 21  7 10  0  0
33 128  70368 120555616 2383572 51056072    0    0 1496336 943184 305459 1072258 58 20  6 16  0  0
86 99  70368 120563392 2383572 51056092    0    0 1496304 960216 301576 1028261 62 19  7 12  0  0
procs -----------memory---------- ---swap-- -----io---- -system-- -------cpu-------
 r  b   swpd   free   buff  cache   si   so    bi    bo   in   cs us sy id wa st gu
74 107  70368 120574460 2383572 51056124    0    0 1559680 975172 316063 1092080 62 21  5 13  0  0
203 75  70368 120546604 2383572 51056224    0    0 1524320 958920 311579 1095950 60 20  6 14  0  0
92 67  70368 120550868 2383572 51056252    0    0 1521168 980856 315698 1101237 60 20  6 14  0  0
47 49  70368 120570680 2383572 51056276    0    0 1520240 960468 312855 1100920 59 20  6 15  0  0
79 114  70368 120554088 2383572 51056296    0    0 1466480 951284 297341 1026759 59 19  8 14  0  0
95 71  70368 120552324 2383580 51056320    0    0 1529024 961252 318755 1101460 61 20  5 14  0  0
82 32  70368 120568728 2383580 51056344    0    0 1534704 969520 312820 1082928 60 20  6 14  0  0
28 124  70368 120568396 2383580 51056364    0    0 1502352 959556 308621 1073459 58 19  5 18  0  0
138 130  70368 120581204 2383580 51056384    0    0 1485360 932744 298583 1048236 61 19  6 14  0  0
84 146  70368 120570972 2383580 51056408    0    0 1514128 952020 311077 1097603 60 20  7 13  0  0
40 22  70368 120577324 2383584 51056432    0    0 1513840 968132 308804 1077750 58 20  7 15  0  0
63 54  70368 120551012 2383584 51056456    0    0 1589280 1007708 316549 1090793 62 21  8  9  0  0
63 72  70368 120555092 2383584 51056480    0    0 1621392 1048792 326531 1129293 62 21  7  9  0  0
48  8  70368 120562100 2383584 51056508    0    0 1624928 1031568 323228 1159935 61 22  7 10  0  0
63 49  70368 120563668 2383584 51056532    0    0 1619024 1047360 320840 1136716 60 21  8 10  0  0
56 46  70368 120564600 2383584 51056564    0    0 1620512 1027988 323580 1142710 62 22  7 10  0  0
74 129  70368 120551820 2383584 51056588    0    0 1564112 991204 318454 1129652 60 21  8 11  0  0
69 116  70368 120544432 2383584 51056616    0    0 1499440 966220 308665 1085775 57 20  8 15  0  0
204 70  70368 120554236 2383584 51056640    0    0 1625888 1028884 322533 1105121 64 21  7  9  0  0
77 22  70368 120571020 2383584 51056656    0    0 1614096 1039488 323760 1142071 61 21  8 10  0  0
104 41  70368 120566376 2383584 51056680    0    0 1601856 1018584 324105 1134848 61 21  8  9  0  0
procs -----------memory---------- ---swap-- -----io---- -system-- -------cpu-------
 r  b   swpd   free   buff  cache   si   so    bi    bo   in   cs us sy id wa st gu
80 42  70368 120559440 2383584 51056708    0    0 1599408 1024452 323724 1127732 62 22  8  9  0  0
26 95  70368 120562260 2383584 51056728    0    0 1606784 1039424 324060 1150896 61 22  7 10  0  0
73 28  70368 120542932 2383584 51056764    0    0 1611136 1023148 322986 1142854 62 22  7  9  0  0
29 37  70368 120537540 2383584 51056792    0    0 1602192 1034584 320342 1131838 61 21  7 10  0  0
134 126  70368 120548388 2383584 51056808    0    0 1628240 1034388 321257 1119928 61 21  7 10  0  0
31 155  70368 120557568 2383584 51056832    0    0 1520656 971848 310611 1091896 59 20  7 14  0  0
110 56  70368 120570528 2383584 51056856    0    0 1596848 1017300 317541 1092516 63 21  7  8  0  0
87 42  70368 120565240 2383584 51056876    0    0 1606192 1020668 324467 1145339 62 21  8  9  0  0
100 37  70368 120548364 2383584 51056908    0    0 1607472 1033896 327316 1129741 63 22  7  8  0  0
82 55  70368 120552588 2383584 51056924    0    0 1676416 1051100 331121 1157625 63 21  7  9  0  0
62 15  70368 120555712 2383584 51056952    0    0 1634992 1057632 328246 1123864 62 21  7  9  0  0
135 22  70368 120552556 2383584 51056976    0    0 1623312 1032440 329376 1140537 63 22  7  9  0  0
31 43  70368 120544616 2383584 51057000    0    0 1620752 1040044 326567 1126493 61 22  7  9  0  0
59 72  70368 120541036 2383584 51057024    0    0 1590880 1022476 320883 1110326 61 21  7 11  0  0
123 34  70368 120552876 2383584 51057052    0    0 1562848 996080 320326 1097811 62 20  5 12  0  0
74 43  70368 120546492 2383584 51057072    0    0 1615200 1037036 325086 1133444 62 21  7  9  0  0
131 77  70368 120534012 2383584 51057096    0    0 1614400 1031156 326715 1137939 62 22  7  9  0  0
103 60  70368 120540264 2383584 51057120    0    0 1644320 1056180 326094 1153747 62 22  7  9  0  0
68 44  70368 120536168 2383584 51057152    0    0 1633248 1041764 326871 1127818 62 22  7  9  0  0
122 92  70368 120555672 2383584 51057168    0    0 1635632 1039120 330975 1132744 63 22  6  9  0  0
102 60  70368 120578060 2383584 51057200    0    0 1611792 1039688 324546 1135016 61 21  8 10  0  0
procs -----------memory---------- ---swap-- -----io---- -system-- -------cpu-------
 r  b   swpd   free   buff  cache   si   so    bi    bo   in   cs us sy id wa st gu
75 13  70368 120559632 2383584 51057212    0    0 1657200 1047916 329754 1125986 63 22  6 10  0  0
56 89  70368 120569448 2383584 51057236    0    0 1606304 1036756 321606 1137198 60 21  7 11  0  0
100 92  70368 120556980 2383584 51057264    0    0 1503792 962880 310959 1072973 59 20  7 14  0  0
68 40  70368 120567688 2383584 51057296    0    0 1655024 1043024 330123 1122256 64 22  6  8  0  0
23 21  70368 120547320 2383584 51057320    0    0 1602432 1037740 324510 1129306 62 22  7  9  0  0
112 59  70368 120540588 2383584 51057344    0    0 1624976 1035888 327416 1143038 62 21  7  9  0  0
92 35  70368 120553724 2383584 51057368    0    0 1621440 1050700 325464 1112610 62 21  7  9  0  0
41 25  70368 120557500 2383584 51057400    0    0 1627056 1032720 325525 1148902 62 22  7  9  0  0
61 162  70368 120546596 2383584 51057432    0    0 1668352 1067372 329587 1128134 64 22  6  9  0  0
88 41  70368 120553088 2383584 51057452    0    0 1638768 1035756 330184 1134274 64 22  5  9  0  0
89 101  70368 120567364 2383584 51057472    0    0 1574096 1009836 321531 1109398 60 22  7 12  0  0
79 67  70368 120576756 2383584 51057492    0    0 1548656 977920 321580 1133905 60 19  7 14  0  0
78 28  70368 120577664 2383584 51057520    0    0 1646944 1034072 332232 1156157 63 22  6  9  0  0
54 55  70368 120551596 2383584 51057544    0    0 1624400 1040644 327060 1134516 62 22  7  9  0  0
28 26  70368 120549632 2383584 51057568    0    0 1604032 1025908 324137 1142503 61 22  8 10  0  0
111 54  70368 120550904 2383584 51057592    0    0 1618256 1045944 326135 1128912 62 22  7  9  0  0
63 29  70368 120538928 2383584 51057620    0    0 1624480 1034396 326889 1151886 61 22  8  9  0  0
78 75  70368 120551020 2383584 51057648    0    0 1655408 1044496 331016 1145725 63 22  6  9  0  0
59 95  70368 120543264 2383584 51057672    0    0 1598880 1034664 319704 1116375 60 21  8 11  0  0
82 46  70368 120560472 2383584 51057696    0    0 1616704 1019704 322948 1111795 62 21  7 10  0  0
48 43  70368 120549384 2383584 51057780    0    0 1503472 968784 311659 1063552 59 19  5 17  0  0
procs -----------memory---------- ---swap-- -----io---- -system-- -------cpu-------
 r  b   swpd   free   buff  cache   si   so    bi    bo   in   cs us sy id wa st gu
154 93  70368 120552472 2383584 51057808    0    0 1606592 1021604 318552 1097633 63 21  7  8  0  0
72 57  70368 120543728 2383584 51057836    0    0 1672128 1045780 328046 1155653 63 22  7  9  0  0
204 27  70368 120561956 2383584 51057852    0    0 1620512 1049928 324259 1145337 61 21  8 11  0  0
146 65  70368 120557540 2383584 51057868    0    0 1679632 1061000 333117 1148254 65 22  5  8  0  0
73 86  70368 120569616 2383584 51057892    0    0 1581888 1026512 326501 1138912 62 22  8  9  0  0
175 54  70368 120563248 2383584 51057924    0    0 1629984 1030868 329597 1123742 64 22  6  8  0  0
90 41  70368 120548504 2383584 51057948    0    0 1617280 1044256 321882 1117329 61 21  8 10  0  0
88 63  70368 120549088 2383584 51057972    0    0 1587088 1017224 318967 1138127 59 21  8 11  0  0
127 68  70368 120550100 2383584 51057996    0    0 1492816 956740 301420 1048055 60 19  8 13  0  0
