procs -----------memory---------- ---swap-- -----io---- -system-- -------cpu-------
 r  b   swpd   free   buff  cache   si   so    bi    bo   in   cs us sy id wa st gu
 6  3  70368 117762976 2384148 51128596    0    1 12937 15922 4015    2  2  0 98  0  0  0
 2  2  70368 117746784 2384148 51128648    0    0 161072 388196 114702 103560  2  1 94  3  0  0
76  2  70368 117630028 2384152 51128688    0    0 54448 140924 100687 66910 93  3  4  0  0  0
151  0  70368 117615536 2384152 51128704    0    0 57120 265572 264368 67324 97  2  1  0  0  0
173  0  70368 117593616 2384152 51128712    0    0 64512 204092 100392 61169 98  2  0  0  0  0
146  1  70368 117578384 2384152 51128724    0    0 59552 239664 102772 63218 98  2  0  0  0  0
130  1  70368 117563304 2384152 51128744    0    0 53936 204660 108606 54725 97  2  1  0  0  0
167  1  70368 117537180 2384152 51128756    0    0 52800 228796 185951 62537 96  2  1  0  0  0
132  1  70368 117522364 2384152 51128768    0    0 53920 194508 100796 54948 98  2  0  0  0  0
206  1  70368 117504916 2384152 51128780    0    0 50912 249376 106881 67666 97  2  1  0  0  0
105  1  70368 117482428 2384152 51128792    0    0 51664 211172 106824 60290 98  2  0  0  0  0
144  0  70368 117459772 2384152 51128804    0    0 55552 234164 114998 58178 97  2  1  0  0  0
170  1  70368 117437840 2384152 51128908    0    0 58304 215128 106920 58176 98  2  0  0  0  0
153  1  70368 117418636 2384152 51128920    0    0 65136 251056 107553 65626 98  2  0  0  0  0
119  2  70368 117395956 2384152 51128932    0    0 62000 257572 114081 67911 98  2  0  0  0  0
46  5  70368 117346600 2384152 51128944    0    0 125616 612588 127402 146120 57  2 39  2  0  0
45  2  70368 117316948 2384152 51128976    0    0 166112 377384 115053 112693 52  2 44  2  0  0
42  3  70368 117266060 2384152 51128996    0    0 125552 323568 118408 98030 44  1 52  2  0  0
32  1  70368 117164028 2384152 51129008    0    0 160016 406284 142863 124608 41  1 55  2  0  0
38  2  70368 117021596 2384152 51129020    0    0 162480 339460 148545 116193 39  1 57  2  0  0
34  3  70368 116923400 2384152 51129028    0    0 141984 334224 146394 106608 40  1 57  2  0  0
procs -----------memory---------- ---swap-- -----io---- -system-- -------cpu-------
 r  b   swpd   free   buff  cache   si   so    bi    bo   in   cs us sy id wa st gu
38  4  70368 116696360 2384152 51129044    0    0 160752 367624 206449 146712 40  2 56  2  0  0
21  2  70368 115997020 2384152 51129060    0    0 148928 286252 514911 273658 39  9 50  2  0  0
51 56  70368 115834684 2384152 51129084    0    0 1303216 679952 328242 882141 53 17 24  6  0  0
201 38  70368 115697312 2384152 51129116    0    0 1562320 834424 333007 1068755 60 20 11  9  0  0
48 39  70368 115593224 2384156 51129124    0    0 1636480 826744 332456 1109335 60 21  9 10  0  0
52 64  70368 115463696 2384156 51129160    0    0 1683024 751076 348300 1156201 61 22  7 10  0  0
216 76  70368 115342508 2384164 51129180    0    0 1621936 872068 345635 1126726 59 20  8 13  0  0
55 113  70368 115239628 2384164 51129204    0    0 1673168 876192 332380 1119410 62 21  8 10  0  0
94 60  70368 115202104 2384164 51129232    0    0 1647072 812068 319956 1146030 59 21  8 12  0  0
92 106  70368 115186408 2384168 51129256    0    0 1599984 833996 343980 1121681 60 21  8 11  0  0
81 26  70368 115139484 2384168 51129284    0    0 1696912 822720 347869 1162915 62 22  8  9  0  0
31 66  70368 115126416 2384168 51129304    0    0 1730384 876764 343067 1184723 61 21  7 10  0  0
82 12  70368 115104184 2384168 51129324    0    0 1679952 798200 336616 1172931 61 22  8  8  0  0
41 47  70368 115128028 2384168 51129352    0    0 1688048 853036 332087 1193566 61 22  8  9  0  0
124 262  70368 115134192 2384172 51129364    0    0 1678000 906800 344337 1192129 62 22  7  8  0  0
109 108  70368 115096512 2384172 51129392    0    0 1689920 935692 345776 1204255 61 23  7  9  0  0
81 141  70368 115075772 2384172 51129424    0    0 1559808 900360 320353 1133880 58 21  8 14  0  0
171 49  70368 115072800 2384176 51129448    0    0 1586912 956248 327765 1137381 62 22  7  9  0  0
162 102  70368 115096956 2384176 51129480    0    0 1546944 922936 324241 1133544 60 23  8  9  0  0
92 74  70368 115084724 2384176 51129504    0    0 1531344 930628 319323 1102720 61 22  7 11  0  0
142 88  70368 115088100 2384176 51129528    0    0 1569168 978832 324726 1084685 62 22  8  8  0  0
procs -----------memory---------- ---swap-- -----io---- -system-- -------cpu-------
 r  b   swpd   free   buff  cache   si   so    bi    bo   in   cs us sy id wa st gu
137 45  70368 115100220 2384176 51129552    0    0 1544864 975256 325768 1142757 59 22  9 10  0  0
253 59  70368 115104244 2384180 51129564    0    0 1575296 980368 331476 1115659 62 22  8  8  0  0
92 18  70368 115114860 2384180 51129588    0    0 1552304 999436 326888 1146312 60 22  8  9  0  0
76 38  70368 115120120 2384180 51129624    0    0 1593680 1010848 330966 1106548 63 23  7  8  0  0
96 74  70368 115117508 2384180 51129644    0    0 1549568 953224 320832 1090979 59 22  7 12  0  0
71 113  70368 115097236 2384180 51129672    0    0 1559248 986792 327589 1063640 62 22  5 10  0  0
33 23  70368 115096164 2384180 51129704    0    0 1550880 1033048 327472 1115500 61 22  8  9  0  0
136 104  70368 115079332 2384180 51129728    0    0 1536656 957996 323095 1102617 60 22  8 11  0  0
50 43  70368 115085540 2384180 51129748    0    0 1526592 979584 320647 1073316 62 21  6 11  0  0
136 73  70368 115122172 2384180 51129772    0    0 1523520 1025120 317822 1076609 61 21  8 10  0  0
118 42  70368 115102576 2384180 51129800    0    0 1575312 1028924 332546 1099216 62 23  7  9  0  0
127 80  70368 115076604 2384180 51129820    0    0 1565280 1034152 328161 1118003 60 23  8  9  0  0
86 153  70368 115086004 2384180 51129852    0    0 1566912 1075212 333154 1141188 61 22  7 10  0  0
87 115  70368 115077752 2384180 51129864    0    0 1571024 1088116 337398 1127008 61 22  8  9  0  0
39 18  70368 115071332 2384180 51129888    0    0 1512192 1028384 327454 1148880 58 22  9 11  0  0
35 97  70368 115084376 2384180 51129916    0    0 1546304 1023420 333980 1106680 62 23  7  9  0  0
133 71  70368 115075072 2384184 51129940    0    0 1537296 1048492 326279 1090585 60 22  8 10  0  0
92 187  70368 115073552 2384184 51129968    0    0 1515008 957900 322010 1104995 62 22  6 10  0  0
46 79  70368 115073064 2384188 51129988    0    0 1530656 1032840 323945 1082912 62 22  5 11  0  0
94 190  70368 115061708 2384188 51130012    0    0 1541504 1056900 329821 1091569 61 22  7 10  0  0
53 100  70368 115072132 2384188 51130040    0    0 1571648 1089836 333380 1099146 64 22  6  8  0  0
procs -----------memory---------- ---swap-- -----io---- -system-- -------cpu-------
 r  b   swpd   free   buff  cache   si   so    bi    bo   in   cs us sy id wa st gu
126 41  70368 115071564 2384188 51130060    0    0 1566816 1050380 329716 1101977 61 23  7  9  0  0
32 54  70368 115067120 2384188 51130084    0    0 1516496 1002708 326020 1103634 61 22  8  9  0  0
76 74  70368 115079704 2384188 51130108    0    0 1489808 1015408 310367 1040853 58 20  8 14  0  0
100 36  70368 115096316 2384188 51130128    0    0 1503216 1049436 321911 1085565 59 21  9 11  0  0
117 22  70368 115096640 2384188 51130152    0    0 1546688 1051980 325351 1144881 60 21  9 10  0  0
36 80  70368 115062808 2384188 51130180    0    0 1504272 1001300 315463 1042496 60 21  7 12  0  0
76 63  70368 115056100 2384188 51130200    0    0 1539856 1040076 329718 1095834 61 22  7 10  0  0
93 46  70368 115076400 2384188 51130224    0    0 1565872 1073204 329393 1087227 62 22  7  9  0  0
64 10  70368 115081712 2384188 51130248    0    0 1536672 1044868 330951 1146629 59 23  9 10  0  0
101 66  70368 115064892 2384188 51130344    0    0 1518544 1046128 322031 1097292 58 22  9 10  0  0
69 121  70368 115063852 2384188 51130364    0    0 1555840 1014276 326925 1067068 63 22  5 10  0  0
65 25  70368 115049644 2384188 51130384    0    0 1504096 1034908 320229 1057489 59 21  6 15  0  0
104 68  70368 115060956 2384188 51130408    0    0 1540096 1053176 326600 1098625 62 22  7  9  0  0
111 80  70368 115098576 2384188 51130436    0    0 1517184 1055020 317895 1086205 59 21  8 11  0  0
113 119  70368 115098804 2384188 51130464    0    0 1506912 1013336 320750 1085596 60 21  7 11  0  0
56 56  70368 115094320 2384188 51130492    0    0 1533360 1053224 319371 1081858 61 21  7 11  0  0
86 27  70368 115096360 2384188 51130512    0    0 1584736 1059036 331307 1128874 62 22  7  9  0  0
43 25  70368 115086328 2384188 51130532    0    0 1571408 1029096 328143 1157715 61 23  7  9  0  0
39 90  70368 115059284 2384188 51130560    0    0 1600192 1100572 337460 1073164 64 22  5  9  0  0
37 121  70368 115060636 2384188 51130580    0    0 1531504 997968 322826 1067835 61 21  7 11  0  0
89 42  70368 115071952 2384188 51130608    0    0 1492096 1089912 321282 1091590 59 21  7 13  0  0
procs -----------memory---------- ---swap-- -----io---- -system-- -------cpu-------
 r  b   swpd   free   buff  cache   si   so    bi    bo   in   cs us sy id wa st gu
102 64  70368 115064488 2384188 51130636    0    0 1536704 1023636 324642 1075219 61 22  8  9  0  0
83 88  70368 115070700 2384192 51130656    0    0 1558512 1014128 324233 1105621 63 22  7  8  0  0
37 110  70368 115073256 2384192 51130688    0    0 1522624 1069536 326588 1068054 62 22  5 11  0  0
223 51  70368 115092108 2384192 51130712    0    0 1526544 1032812 319005 1074562 60 21  8 11  0  0
112 360  70368 115081608 2384192 51130736    0    0 1581248 1105312 329951 1055409 63 22  6  9  0  0
57 103  70368 115084824 2384192 51130760    0    0 1545376 1068844 330596 1103243 61 22  8 10  0  0
47 127  70368 115097668 2384192 51130780    0    0 1552864 1063472 324936 1143102 59 21  9 11  0  0
16 27  70368 115087688 2384192 51130792    0    0 1503056 994924 316394 1061570 60 21  7 12  0  0
112 113  70368 115067184 2384192 51130824    0    0 1515504 1048140 317662 1030905 61 21  8 10  0  0
102 39  70368 115071776 2384192 51130848    0    0 1505504 1058736 326875 1122124 59 22  8 11  0  0
157 50  70368 115052308 2384192 51130880    0    0 1529392 1053020 329847 1130790 61 22  8  9  0  0
73 97  70368 115056684 2384196 51130900    0    0 1497728 1012332 318487 1059627 61 22  8 10  0  0
70 13  70368 115050940 2384196 51130928    0    0 1508016 1043604 322318 1063975 60 21  7 12  0  0
37 65  70368 115041040 2384196 51130956    0    0 1580992 1041516 335798 1108258 63 23  6  8  0  0
206 119  70368 115039260 2384196 51130984    0    0 1572576 1048988 332177 1117827 62 23  7  8  0  0
47 80  70368 115036188 2384196 51131008    0    0 1540832 1054428 330651 1098505 61 22  7  9  0  0
73 124  70368 115027212 2384204 51131020    0    0 1526000 1017868 325205 1128917 61 22  6 11  0  0
106 89  70368 115065200 2384204 51131048    0    0 1515632 1118868 320703 1069399 58 20  8 14  0  0
75 40  70368 115073028 2384204 51131072    0    0 1586880 1041084 330760 1128230 62 22  7  9  0  0
165 104  70368 115080024 2384204 51131096    0    0 1543808 1086164 327742 1097692 61 22  7 10  0  0
44 130  70368 115036132 2384204 51131120    0    0 1528144 1024396 322509 1124097 60 22  6 12  0  0
procs -----------memory---------- ---swap-- -----io---- -system-- -------cpu-------
 r  b   swpd   free   buff  cache   si   so    bi    bo   in   cs us sy id wa st gu
92 48  70368 115024076 2384208 51131140    0    0 1552400 1076016 329762 1061936 62 22  7  9  0  0
87 58  70368 115051392 2384208 51131168    0    0 1547120 1076848 328095 1086442 61 22  7 10  0  0
83 78  70368 115062272 2384208 51131192    0    0 1592752 1061416 330308 1113306 62 22  7  9  0  0
132 110  70368 115058820 2384208 51131224    0    0 1550528 1012612 324536 1134278 60 22  7 11  0  0
142 85  70368 115038332 2384208 51131236    0    0 1497376 1041724 322137 1073864 60 21  7 12  0  0
56 96  70368 115046688 2384208 51131260    0    0 1516800 1081664 326907 1089282 61 22  7 10  0  0
121 78  70368 115027392 2384208 51131296    0    0 1556288 1023864 325776 1100715 60 22  7 11  0  0
38 37  70368 115027356 2384208 51131316    0    0 1530704 1051672 326767 1079613 61 21  6 11  0  0
95 83  70368 115063756 2384208 51131344    0    0 1510896 1045144 322102 1093244 60 20  7 13  0  0
27  8  70368 115063152 2384208 51131364    0    0 1532944 1079748 329305 1098654 61 21  7 10  0  0
114 81  70368 115059120 2384208 51131396    0    0 1565776 1062328 332617 1124986 62 22  7  9  0  0
66 113  70368 115055148 2384208 51131428    0    0 1546688 1077976 326590 1076830 61 22  8 10  0  0
69 150  70368 115052432 2384208 51131456    0    0 1550912 993516 327680 1089170 62 22  7  9  0  0
106 73  70368 115059984 2384208 51131476    0    0 1487968 1062800 322334 1063355 61 21  7 12  0  0
125 116  70368 115060584 2384208 51131500    0    0 1550944 1092900 327207 1067581 61 21  7 11  0  0
45 51  70368 115056656 2384212 51131516    0    0 1517952 1031968 323969 1083280 62 22  7  9  0  0
130 85  70368 115060876 2384212 51131548    0    0 1510016 1027604 319151 1063055 58 21  8 12  0  0
72 168  70368 115049400 2384212 51131580    0    0 1533264 1029948 327169 1086648 62 22  6 10  0  0
104 24  70368 115073612 2384212 51131592    0    0 1504080 1069812 326572 1091592 59 22  9 10  0  0
66 38  70368 115070656 2384212 51131624    0    0 1549584 1076076 328663 1075452 60 21  8 10  0  0
109 127  70368 115090168 2384212 51131644    0    0 1566576 1070420 331922 1134028 62 22  8  9  0  0
procs -----------memory---------- ---swap-- -----io---- -system-- -------cpu-------
 r  b   swpd   free   buff  cache   si   so    bi    bo   in   cs us sy id wa st gu
103 99  70368 115077216 2384212 51131664    0    0 1500528 1000016 319257 1069394 61 21  7 11  0  0
103 107  70368 115068888 2384212 51131684    0    0 1565696 1033224 327353 1060186 63 21  5 11  0  0
133 55  70368 115053068 2384212 51131704    0    0 1550064 1108076 334561 1108453 61 22  6 10  0  0
49 88  70368 115059148 2384212 51131732    0    0 1580944 1024144 329272 1088321 62 22  6  9  0  0
103 32  70368 115031452 2384212 51131756    0    0 1465904 1066692 319786 1045770 59 21  7 13  0  0
85 165  70368 115049260 2384212 51131780    0    0 1499648 1013956 322289 1075685 60 21  8 11  0  0
64 69  70368 115028476 2384212 51131872    0    0 1566848 1088136 330013 1104832 61 22  7 10  0  0
92 116  70368 115040888 2384212 51131900    0    0 1566128 1071616 330975 1111801 61 22  7 10  0  0
27 252  70368 115056032 2384212 51131924    0    0 1535808 1035340 326638 1113281 60 22  8 10  0  0
67 123  70368 115041136 2384216 51131940    0    0 1492080 1019796 322218 1084732 60 22  7 11  0  0
120 114  70368 115064276 2384216 51131972    0    0 1579776 1100372 331748 1093744 61 21  6 11  0  0
57 63  70368 115084564 2384216 51131988    0    0 1549584 1075784 325393 1114399 59 22  8 10  0  0
70 47  70368 115047600 2384216 51132012    0    0 1552928 1033908 331627 1116954 61 22  7  9  0  0
114 150  70368 115043856 2384216 51132036    0    0 1514464 1019376 323443 1072142 61 21  8 10  0  0
22 44  70368 115028580 2384216 51132056    0    0 1469760 1043236 320924 1059664 58 21  7 13  0  0
93 54  70368 115025560 2384216 51132084    0    0 1560432 1079468 336813 1116752 62 22  7  9  0  0
110 53  70368 115034980 2384216 51132108    0    0 1554144 1030772 325259 1123620 60 23  8 10  0  0
75 126  70368 115040176 2384216 51132132    0    0 1551776 1042088 325455 1117538 61 22  6 11  0  0
49 140  70368 115042624 2384216 51132152    0    0 1548128 1043108 328542 1097371 62 22  5 11  0  0
15 41  70368 115021716 2384216 51132176    0    0 1539120 1110708 334531 1117742 62 23  6  9  0  0
32 23  70368 115016472 2384216 51132212    0    0 1526496 1051288 330757 1117477 60 22  9  9  0  0
procs -----------memory---------- ---swap-- -----io---- -system-- -------cpu-------
 r  b   swpd   free   buff  cache   si   so    bi    bo   in   cs us sy id wa st gu
130 65  70368 115004360 2384216 51132232    0    0 1558608 1043344 331765 1086082 61 22  7 10  0  0
 9 12  70368 115011164 2384216 51132252    0    0 1483152 1050428 317608 1095940 57 20  8 14  0  0
48 76  70368 114999364 2384216 51132272    0    0 1520240 1025804 314745 1051128 62 21  7 10  0  0
102 19  70368 115014972 2384216 51132300    0    0 1537152 1100252 321268 1083013 59 22  8 11  0  0
91 70  70368 115025024 2384220 51132328    0    0 1522048 1055912 327188 1119270 59 22  9  9  0  0
51 20  70368 115022912 2384220 51132356    0    0 1478368 1009000 315838 1050632 59 20  9 12  0  0
47 57  70368 115000808 2384220 51132384    0    0 1514016 1043668 325982 1094583 62 22  6 10  0  0
68 80  70368 115014576 2384220 51132400    0    0 1555104 1048636 322699 1065536 61 22  7 10  0  0
81 76  70368 115000896 2384220 51132424    0    0 1516832 1051988 325610 1107967 60 22  9 10  0  0
50 108  70368 115001456 2384228 51132444    0    0 1566752 1071612 334629 1125619 62 23  6  9  0  0
96 64  70368 115018192 2384228 51132476    0    0 1516208 1010688 332903 1115390 62 22  7 10  0  0
116 95  70368 115057384 2384228 51132496    0    0 1514800 1043764 322518 1059201 60 21  7 11  0  0
30 60  70368 115058952 2384228 51132520    0    0 1591072 1091008 336135 1133029 63 22  6  9  0  0
169 38  70368 115060824 2384232 51132544    0    0 1522208 1078980 322167 1102527 59 20  9 12  0  0
58 183  70368 115014552 2384232 51132568    0    0 1510432 1007432 325199 1091452 61 22  6 11  0  0
35 53  70368 115004588 2384232 51132600    0    0 1532768 1076596 326981 1081841 61 22  7 10  0  0
85 113  70368 114983552 2384232 51132612    0    0 1588624 1047016 333759 1097027 63 23  6  8  0  0
60 71  70368 114994408 2384232 51132640    0    0 1566496 1060820 332125 1098964 62 22  6  9  0  0
83 113  70368 115030960 2384232 51132676    0    0 1578336 1062476 330312 1094359 63 22  6  9  0  0
70 132  70368 115033296 2384232 51132692    0    0 1532416 1027020 329973 1072813 62 22  6 11  0  0
137 56  70368 115034596 2384232 51132720    0    0 1490272 1092432 324703 1070958 60 21  6 12  0  0
procs -----------memory---------- ---swap-- -----io---- -system-- -------cpu-------
 r  b   swpd   free   buff  cache   si   so    bi    bo   in   cs us sy id wa st gu
83 63  70368 115018828 2384232 51132744    0    0 1607488 1059132 335117 1120547 64 23  6  7  0  0
32 152  70368 115022292 2384232 51132760    0    0 1517024 1035244 325454 1060412 60 21  8 11  0  0
36 44  70368 115032864 2384232 51132800    0    0 1484960 1052260 315330 1031400 58 20  8 15  0  0
101 55  70368 115048064 2384232 51132816    0    0 1561104 1096220 333312 1130674 61 21  8 10  0  0
101 78  70368 115014000 2384232 51132844    0    0 1559232 1038188 329090 1082878 63 22  7  8  0  0
21 148  70368 115026160 2384232 51132860    0    0 1511264 1068156 326868 1130485 60 22  8 10  0  0
87 102  70368 115027164 2384232 51132884    0    0 1568464 1056312 331477 1098456 62 22  7  9  0  0
108 178  70368 115025004 2384232 51132912    0    0 1500880 992868 319521 1052739 63 21  7 10  0  0
135 33  70368 115037728 2384232 51132936    0    0 1511440 1091976 322079 1051521 60 21  7 12  0  0
77 103  70368 115020980 2384232 51132956    0    0 1546944 1041748 322838 1059157 61 21  8 10  0  0
80 103  70368 115002996 2384232 51132988    0    0 1560528 992004 327182 1109462 62 22  6 10  0  0
105 97  70368 114991896 2384232 51133012    0    0 1511632 1129764 324012 1099612 60 21  6 13  0  0
28 26  70368 115002200 2384232 51133040    0    0 1554336 1071900 327531 1154108 60 22  8 10  0  0
61 73  70368 115021036 2384232 51133060    0    0 1556208 1053764 330482 1139162 62 23  7  8  0  0
44 79  70368 115051060 2384232 51133080    0    0 1519008 1055412 323576 1108312 59 22  8 12  0  0
76 84  70368 115072064 2384232 51133112    0    0 1529312 1055056 324350 1124785 59 21  9 11  0  0
68 147  70368 115051496 2384232 51133132    0    0 1562800 1043860 321034 1085963 62 21  7  9  0  0
75 124  70368 115031104 2384232 51133148    0    0 1542320 1080768 322582 1055537 62 21  7 10  0  0
70 67  70368 115014784 2384232 51133188    0    0 1523776 1011240 322052 1124261 61 22  7 11  0  0
71 101  70368 115017564 2384232 51133224    0    0 1546272 1005196 321830 1080586 62 21  4 13  0  0
55 147  70368 115011320 2384232 51133236    0    0 1515488 1082144 326507 1089931 59 22  7 12  0  0
procs -----------memory---------- ---swap-- -----io---- -system-- -------cpu-------
 r  b   swpd   free   buff  cache   si   so    bi    bo   in   cs us sy id wa st gu
57 80  70368 115012776 2384232 51133264    0    0 1566720 1069416 332895 1098949 62 22  6  9  0  0
90 50  70368 115023980 2384232 51133300    0    0 1496192 1034604 323249 1109130 58 22  9 11  0  0
53 113  70368 115005448 2384232 51133320    0    0 1582288 1055580 338612 1091437 64 23  6  8  0  0
38 182  70368 115014144 2384232 51133396    0    0 1470272 1063340 327791 1142009 57 22  8 13  0  0
88 73  70368 115006088 2384232 51133416    0    0 1488208 1019880 321284 1049885 59 21  8 12  0  0
118 111  70368 115028696 2384232 51133444    0    0 1485488 1051860 317457 1086818 59 20  9 12  0  0
74 116  70368 115038532 2384232 51133476    0    0 1532336 1011972 324211 1093798 62 21  7 11  0  0
52 23  70368 115024108 2384232 51133492    0    0 1517808 1060212 327730 1098272 60 21  7 11  0  0
119 76  70368 115019020 2384236 51133516    0    0 1562288 1079856 335703 1105508 62 23  7  8  0  0
54 84  70368 115030896 2384236 51133556    0    0 1591456 1066208 330666 1087681 62 22  7  9  0  0
155 80  70368 115037632 2384236 51133568    0    0 1513072 1078796 322681 1096096 59 22  8 11  0  0
83 44  70368 115018764 2384236 51133596    0    0 1584208 1039952 330448 1102014 63 23  6  7  0  0
99 45  70368 115006004 2384236 51133636    0    0 1548368 1068828 333508 1101447 61 22  7 10  0  0
59 49  70368 115004176 2384236 51133644    0    0 1507040 1021924 323559 1077459 60 21  7 11  0  0
158 154  70368 115004236 2384236 51133688    0    0 1468384 1027420 313872 1042551 58 21  8 14  0  0
196 134  70368 115019808 2384236 51133708    0    0 1488688 1005204 314653 1035005 60 20  7 13  0  0
76 142  70368 115027220 2384236 51133728    0    0 1555216 1107084 334246 1085728 61 22  6 11  0  0
77 51  70368 115041528 2384236 51133752    0    0 1588784 1060096 336298 1133807 63 21  7  8  0  0
51 77  70368 115012516 2384236 51133764    0    0 1535280 1084968 333688 1115251 60 22  7 11  0  0
19 56  70368 115011964 2384236 51133788    0    0 1556080 1051156 332220 1112743 61 22  8  9  0  0
76 75  70368 115018644 2384236 51133828    0    0 1546112 1080124 329883 1084443 60 22  8 10  0  0
procs -----------memory---------- ---swap-- -----io---- -system-- -------cpu-------
 r  b   swpd   free   buff  cache   si   so    bi    bo   in   cs us sy id wa st gu
94 92  70368 114998564 2384236 51133836    0    0 1499536 1037340 323221 1078283 59 21  9 10  0  0
47 63  70368 114967112 2384236 51133876    0    0 1488864 996736 319365 1085117 61 21  7 11  0  0
88 125  70368 114961280 2384236 51133896    0    0 1515456 1028980 325222 1074612 62 21  6 11  0  0
81 86  70368 114976612 2384236 51133912    0    0 1464064 1031316 316981 1054186 58 21  8 13  0  0
66 56  70368 114986940 2384236 51133940    0    0 1521488 1063056 326918 1100850 62 22  7  9  0  0
190 131  70368 114988960 2384236 51133964    0    0 1524432 1062900 324913 1134623 59 22  9 10  0  0
30 41  70368 115007084 2384236 51133988    0    0 1517856 1056328 320399 1046393 59 21  9 12  0  0
95 89  70368 115013564 2384236 51134012    0    0 1558480 1078748 328377 1096203 60 21  8 11  0  0
194  0  70368 115038092 2384236 51134040    0    0 1588928 1052828 328849 1114998 62 21  8  9  0  0
67 59  70368 115026680 2384236 51134048    0    0 1522160 1077304 348169 1134636 61 23  7 10  0  0
86 31  70368 115002500 2384236 51134076    0    0 1530048 999764 324536 1094732 62 22  6 11  0  0
60 163  70368 114986160 2384236 51134100    0    0 1513760 1033712 321501 1066897 61 21  6 12  0  0
47 79  70368 114981292 2384236 51134144    0    0 1500288 1013264 326099 1088307 60 21  6 12  0  0
152 80  70368 114982792 2384236 51134172    0    0 1521840 1107876 327972 1099303 59 22  8 11  0  0
90 49  70368 114974300 2384236 51134184    0    0 1550896 1058112 332407 1156455 61 23  8  9  0  0
73 96  70368 114988820 2384236 51134224    0    0 1526672 1060320 324656 1084679 59 21  8 11  0  0
99 16  70368 114973608 2384236 51134240    0    0 1546656 1063708 332689 1109435 62 22  8  9  0  0
65 50  70368 114993168 2384236 51134288    0    0 1528544 1050696 323382 1093989 60 22  9  9  0  0
44 123  70368 114971680 2384240 51134308    0    0 1534400 1025316 329390 1100133 61 23  8  9  0  0
139 112  70368 114981128 2384240 51134336    0    0 1501312 1047292 324107 1073092 60 20  7 14  0  0
49 53  70368 114980028 2384240 51134356    0    0 1496576 997448 315001 1033945 60 21  6 13  0  0
procs -----------memory---------- ---swap-- -----io---- -system-- -------cpu-------
 r  b   swpd   free   buff  cache   si   so    bi    bo   in   cs us sy id wa st gu
88 93  70368 114965228 2384240 51134384    0    0 1525504 1039148 321326 1065978 62 21  6 11  0  0
60 74  70368 114971292 2384240 51134412    0    0 1522464 1081128 327859 1119290 59 22  8 10  0  0
136 73  70368 114994384 2384240 51134436    0    0 1533952 1062280 332606 1151591 60 23  8  9  0  0
52 39  70368 114999320 2384240 51134468    0    0 1537360 1075716 330856 1080672 61 22  8  9  0  0
63 55  70368 114985196 2384240 51134480    0    0 1551424 1068084 333198 1113510 61 22  8  9  0  0
16 46  70368 114985832 2384240 51134512    0    0 1578656 1083848 329551 1096168 61 22  7  9  0  0
94 98  70368 114972924 2384240 51134540    0    0 1541792 1012156 327431 1088099 61 22  7 11  0  0
89 128  70368 114956528 2384240 51134556    0    0 1507200 1047268 324061 1045835 62 21  5 12  0  0
57 23  70368 114978956 2384240 51134588    0    0 1460528 1052524 314996 1058318 57 19  8 16  0  0
110 53  70368 114975892 2384240 51134600    0    0 1554352 1052852 323220 1067775 61 21  7 11  0  0
25 31  70368 115005448 2384240 51134644    0    0 1525648 1064972 325107 1087390 60 21  9 10  0  0
102 49  70368 115009816 2384240 51134660    0    0 1611712 1078288 334889 1078386 63 22  6  9  0  0
40 57  70368 115015564 2384240 51134672    0    0 1536160 1085044 328377 1133532 59 22  8 10  0  0
72 92  70368 115001628 2384240 51134684    0    0 1547840 1044720 327864 1120470 61 23  8  8  0  0
113 89  70368 114985816 2384240 51134720    0    0 1574784 1079044 329670 1076393 62 22  7  9  0  0
162 93  70368 114992684 2384240 51134744    0    0 1533408 1003692 323291 1066600 59 21  7 13  0  0
37 116  70368 114990064 2384240 51134772    0    0 1481792 1016912 320015 1050267 60 21  6 13  0  0
71 79  70368 114977888 2384240 51134796    0    0 1464944 1036208 313045 1046541 59 21  7 13  0  0
139 60  70368 114976008 2384240 51134820    0    0 1510512 1055236 320263 1060619 60 21  7 11  0  0
46 18  70368 114981532 2384240 51134844    0    0 1518496 1049332 324315 1120247 60 22  9  9  0  0
76 22  70368 114989392 2384240 51134936    0    0 1530976 1062728 327742 1064405 61 21  8  9  0  0
procs -----------memory---------- ---swap-- -----io---- -system-- -------cpu-------
 r  b   swpd   free   buff  cache   si   so    bi    bo   in   cs us sy id wa st gu
74 18  70368 115020096 2384240 51134960    0    0 1546992 1059124 329157 1121449 59 21  9 10  0  0
89 25  70368 115030608 2384240 51134996    0    0 1548912 1058240 331096 1099948 61 21  9  9  0  0
106 86  70368 115015288 2384240 51135004    0    0 1556528 1090260 325746 1073556 61 22  7 10  0  0
37 69  70368 115000124 2384240 51135028    0    0 1531760 976984 317614 1060491 60 21  6 14  0  0
63 66  70368 114981084 2384240 51135052    0    0 1462208 1013316 320666 1078886 60 21  6 13  0  0
30 70  70368 114993820 2384240 51135084    0    0 1485664 1070180 321449 1053541 60 21  7 12  0  0
123 49  70368 114993888 2384240 51135120    0    0 1569136 1071304 331518 1096027 62 22  7  9  0  0
77  9  70368 114982764 2384240 51135136    0    0 1510736 1054900 326237 1109716 60 22  9  9  0  0
100 62  70368 114962992 2384240 51135156    0    0 1560928 1018192 327095 1068010 62 22  8  8  0  0
122 69  70368 114961796 2384240 51135176    0    0 1509840 1089328 322627 1084677 60 22  8 10  0  0
68 55  70368 114963212 2384240 51135196    0    0 1518112 1062736 329056 1083145 60 22  8 10  0  0
59 52  70368 114971344 2384240 51135220    0    0 1563776 1057944 328127 1104299 62 22  7  8  0  0
24 68  70368 115003664 2384240 51135244    0    0 1501824 1024820 316905 1052209 60 20  8 12  0  0
66 76  70368 114998540 2384240 51135264    0    0 1487280 997404 315631 1023965 60 20  5 14  0  0
71 159  70368 114979396 2384240 51135296    0    0 1483504 1017352 312805 1013256 60 21  7 12  0  0
139 103  70368 114960524 2384240 51135316    0    0 1552176 1081488 328903 1085160 61 22  8  9  0  0
137 75  70368 114952760 2384240 51135348    0    0 1585792 1064620 329668 1097873 62 22  6  9  0  0
36 124  70368 114964004 2384244 51135376    0    0 1517488 1058644 323935 1080561 59 22  8 11  0  0
161 54  70368 114958108 2384244 51135392    0    0 1548800 1064124 330288 1104342 61 23  8  9  0  0
153 76  70368 114957420 2384244 51135420    0    0 1572992 1071220 339673 1090782 62 23  7  9  0  0
93 93  70368 114959184 2384244 51135444    0    0 1584864 1086612 334156 1116941 63 23  6  8  0  0
procs -----------memory---------- ---swap-- -----io---- -system-- -------cpu-------
 r  b   swpd   free   buff  cache   si   so    bi    bo   in   cs us sy id wa st gu
74 215  70368 114960104 2384244 51135476    0    0 1522128 1002868 328448 1102048 60 22  7 11  0  0
20 22  70368 114949460 2384244 51135496    0    0 1456944 1031248 316988 1032318 59 20  5 15  0  0
61 103  70368 114976684 2384244 51135512    0    0 1492128 1035072 317765 1049898 59 21  7 13  0  0
51 42  70368 114997728 2384244 51135544    0    0 1527568 1079804 324416 1085294 59 20 10 10  0  0
165 24  70368 114993508 2384244 51135568    0    0 1538896 1070348 325968 1085280 60 22  8 10  0  0
74 150  70368 114979920 2384244 51135572    0    0 1534544 1027288 332085 1114631 62 22  7  9  0  0
56 57  70368 114965484 2384244 51135600    0    0 1540912 1071336 333553 1142314 60 22  8 10  0  0
72 74  70368 114951440 2384244 51135624    0    0 1532240 1082792 325101 1104259 59 22  9 10  0  0
86 122  70368 114969360 2384244 51135656    0    0 1541280 1054556 326429 1085948 61 22  8  9  0  0
88 168  70368 114964696 2384244 51135668    0    0 1483120 996612 321578 1097572 60 22  8 10  0  0
219 101  70368 114955672 2384244 51135708    0    0 1473104 1001084 313305 1027073 61 20  5 13  0  0
108 83  70368 114954104 2384244 51135744    0    0 1486656 1052368 316496 1014782 60 21  7 12  0  0
97 47  70368 114927816 2384244 51135764    0    0 1531328 1074632 330628 1123729 61 22  8  8  0  0
72 78  70368 114946824 2384244 51135784    0    0 1546096 1030492 327325 1106578 61 22  7  9  0  0
60 52  70368 114964736 2384244 51135808    0    0 1556064 1090040 329576 1083801 59 21  8 11  0  0
132 46  70368 114971504 2384244 51135820    0    0 1603200 1083072 336380 1113109 63 22  7  9  0  0
80 57  70368 114956328 2384244 51135840    0    0 1523792 1061476 327387 1108116 60 22  9  9  0  0
106 37  70368 114964676 2384244 51135868    0    0 1556976 1078776 323994 1068541 61 22  8 10  0  0
96 61  70368 114970968 2384244 51135900    0    0 1517088 947696 321485 1076609 62 22  6 11  0  0
57 69  70368 114959848 2384244 51135936    0    0 1451424 1021040 309557 986347 58 19  5 17  0  0
66 73  70368 114968056 2384244 51135956    0    0 1519232 1104496 323281 1065336 61 21  7 10  0  0
procs -----------memory---------- ---swap-- -----io---- -system-- -------cpu-------
 r  b   swpd   free   buff  cache   si   so    bi    bo   in   cs us sy id wa st gu
171 88  70368 114940424 2384244 51135984    0    0 1566368 1055404 332468 1103759 62 23  7  8  0  0
130 136  70368 114921484 2384244 51136008    0    0 1553792 1066724 331528 1144369 61 22  7  9  0  0
178 73  70368 114938012 2384244 51136032    0    0 1547376 1090160 332758 1104324 61 22  7 10  0  0
240 78  70368 114981636 2384244 51136052    0    0 1564896 1070128 327068 1080237 60 22  8 10  0  0
83 32  70368 114976272 2384244 51136084    0    0 1549712 1073888 328466 1110467 61 22  8  9  0  0
20 22  70368 114990428 2384244 51136108    0    0 1577040 1053868 332870 1116732 63 22  7  9  0  0
80 174  70368 114980624 2384244 51136124    0    0 1498096 965896 320327 1077109 60 21  7 12  0  0
23 33  70368 114977744 2384244 51136156    0    0 1439152 1024328 312942 1024682 58 19  5 17  0  0
118 124  70368 114967988 2384244 51136184    0    0 1557472 1083064 333956 1106063 62 22  7  8  0  0
329 30  70368 114976332 2384244 51136200    0    0 1567408 1096492 329609 1106252 60 22  8 10  0  0
96 165  70368 114974120 2384244 51136228    0    0 1546864 1049388 333573 1093890 60 22  7 11  0  0
92 133  70368 114962432 2384244 51136248    0    0 1582880 1049480 336118 1117525 64 23  6  7  0  0
92 57  70368 114972996 2384244 51136288    0    0 1585600 1129208 334317 1084188 63 22  5 10  0  0
89 58  70368 114952832 2384244 51136304    0    0 1530288 1055380 326108 1116663 59 22  9 10  0  0
50 99  70368 114946596 2384244 51136328    0    0 1552672 1062528 327168 1107443 62 22  7  9  0  0
59 87  70368 114941464 2384244 51136352    0    0 1477792 955220 317368 1053160 62 21  6 12  0  0
93 82  70368 114950768 2384244 51136368    0    0 1406048 1026876 312392 1056938 56 20  8 16  0  0
82 23  70368 114952316 2384244 51136476    0    0 1579712 1087036 327553 1084880 61 21  8 11  0  0
113 32  70368 114961564 2384244 51136500    0    0 1507136 1035316 325859 1125907 58 23  9 10  0  0
102 93  70368 114938072 2384248 51136528    0    0 1527440 1066788 323503 1082443 59 22  9 11  0  0
45 41  70368 114939904 2384248 51136544    0    0 1579056 1076104 329737 1120167 62 22  7  9  0  0
procs -----------memory---------- ---swap-- -----io---- -system-- -------cpu-------
 r  b   swpd   free   buff  cache   si   so    bi    bo   in   cs us sy id wa st gu
85 67  70368 114943600 2384248 51136556    0    0 1570064 1085112 328804 1112084 60 22  8 11  0  0
61 121  70368 114955076 2384248 51136584    0    0 1577808 1080688 334695 1121719 62 22  7  8  0  0
92 40  70368 114964520 2384248 51136620    0    0 1518880 1056544 330965 1115525 59 22  8 11  0  0
36 92  70368 114952988 2384248 51136648    0    0 1521536 968872 319470 1072634 61 21  6 12  0  0
61 32  70368 114942744 2384248 51136672    0    0 1420896 999620 309220 1049752 57 20  7 16  0  0
28 22  70368 114933780 2384248 51136692    0    0 1529648 1090892 323760 1073604 61 21  8 10  0  0
40 54  70368 114944736 2384248 51136712    0    0 1575664 1081648 331359 1109683 62 22  7  9  0  0
14 16  70368 114974736 2384248 51136744    0    0 1565440 1040184 330127 1112323 61 22  8 10  0  0
47 119  70368 114975512 2384248 51136756    0    0 1586304 1118752 337630 1115730 63 22  6  9  0  0
198 39  70368 114978016 2384248 51136796    0    0 1547712 1081032 326774 1165612 59 22  8 11  0  0
25  2  70368 114964968 2384248 51136816    0    0 1523408 1060028 327316 1143487 61 22  9  8  0  0
60 118  70368 114951716 2384248 51136844    0    0 1499600 1031100 315929 1045292 60 21  8 11  0  0
79 91  70368 114944044 2384248 51136876    0    0 1477648 1004404 315965 1070615 59 21  7 13  0  0
110 26  70368 114936632 2384256 51136904    0    0 1527216 985492 319543 1050445 63 21  4 11  0  0
103 48  70368 114939200 2384256 51136912    0    0 1516016 1107784 320577 1106098 59 22  8 12  0  0
92 33  70368 114944796 2384256 51136948    0    0 1558624 1074600 328884 1112182 61 22  8  9  0  0
197 87  70368 114951924 2384256 51136976    0    0 1560352 1063068 328568 1107345 61 22  7 10  0  0
130 114  70368 114950156 2384256 51136984    0    0 1585328 1063464 330374 1088929 62 22  7  9  0  0
53 104  70368 114928492 2384256 51137024    0    0 1589680 1077704 332902 1125893 63 23  7  8  0  0
47 73  70368 114943888 2384256 51137044    0    0 1591744 1093336 331923 1110620 62 21  7 10  0  0
38 37  70368 114952116 2384256 51137048    0    0 1481632 1043456 321121 1094388 58 20  8 13  0  0
procs -----------memory---------- ---swap-- -----io---- -system-- -------cpu-------
 r  b   swpd   free   buff  cache   si   so    bi    bo   in   cs us sy id wa st gu
20 51  70368 114961196 2384256 51137076    0    0 1543328 972652 323211 1057982 61 21  5 13  0  0
103 147  70368 114953460 2384256 51137116    0    0 1462960 1069424 318991 1021371 59 20  6 15  0  0
71 142  70368 114969748 2384256 51137136    0    0 1612640 1063700 332653 1074342 64 22  6  8  0  0
44 109  70368 114954812 2384256 51137172    0    0 1548352 1127432 329795 1084631 60 22  7 11  0  0
129 56  70368 114958628 2384256 51137184    0    0 1555392 1073892 331568 1111816 60 23  7 10  0  0
84 32  70368 114968556 2384256 51137208    0    0 1558016 1076508 325889 1081969 60 22  8 10  0  0
91 98  70368 114959472 2384256 51137244    0    0 1544976 1071604 328467 1084416 62 21  8  9  0  0
36 91  70368 114962556 2384256 51137272    0    0 1510240 1005872 325815 1109399 59 22  8 12  0  0
27 30  70368 114956812 2384256 51137296    0    0 1439600 1025168 311117 1073482 56 20  9 15  0  0
78 59  70368 114959800 2384256 51137320    0    0 1495696 994568 319804 1068658 62 20  6 12  0  0
103 65  70368 114968948 2384256 51137332    0    0 1540944 1035368 328118 1078221 64 21  6 10  0  0
108 74  70368 114969424 2384256 51137356    0    0 1511408 1102872 324123 1102706 58 22  9 11  0  0
89 42  70368 114960316 2384260 51137372    0    0 1572944 1031568 333317 1105358 63 23  7  8  0  0
154 93  70368 114955148 2384260 51137412    0    0 1530528 1091748 324854 1058503 59 22  8 11  0  0
98 49  70368 114937940 2384260 51137436    0    0 1600016 1078608 337860 1112069 63 23  6  8  0  0
89 17  70368 114954832 2384260 51137460    0    0 1556080 1096536 331519 1100120 61 22  7  9  0  0
96 147  70368 114948900 2384260 51137496    0    0 1544832 1036016 329360 1106979 61 21  7 11  0  0
59 198  70368 114947796 2384260 51137508    0    0 1502816 1014552 319842 1074080 60 21  6 13  0  0
44 103  70368 114965800 2384260 51137532    0    0 1495536 1011152 320511 1058960 61 21  5 13  0  0
84 83  70368 114942560 2384260 51137572    0    0 1513680 1082044 328108 1113547 61 22  6 11  0  0
73 73  70368 114940700 2384260 51137600    0    0 1573968 1053048 333041 1109727 62 23  7  8  0  0
procs -----------memory---------- ---swap-- -----io---- -system-- -------cpu-------
 r  b   swpd   free   buff  cache   si   so    bi    bo   in   cs us sy id wa st gu
135 58  70368 114963464 2384260 51137616    0    0 1601776 1046336 337461 1135096 63 22  6  9  0  0
42 90  70368 114979064 2384260 51137628    0    0 1522880 1102756 331473 1092427 62 22  7 10  0  0
50 87  70368 114975164 2384260 51137652    0    0 1588112 1073956 336067 1105538 63 22  7  8  0  0
61 39  70368 114981072 2384260 51137676    0    0 1521792 1086016 329745 1104736 59 22  9 10  0  0
125 42  70368 114956640 2384260 51137704    0    0 1551136 971256 330279 1095207 63 22  6  9  0  0
63 24  70368 114961032 2384260 51137720    0    0 1428592 1065108 312941 1053498 56 20  9 15  0  0
114 60  70368 114947736 2384264 51137756    0    0 1505072 982832 319817 1058007 61 21  6 12  0  0
100 130  70368 114950416 2384264 51137784    0    0 1476640 1015840 319408 1049056 62 21  6 11  0  0
80 125  70368 114955524 2384264 51137796    0    0 1462960 1070936 321290 1098410 57 21  7 15  0  0
53 81  70368 114944776 2384264 51137828    0    0 1515392 1014484 323417 1047971 63 21  5 11  0  0
107 78  70368 114943672 2384264 51137856    0    0 1506192 977392 321779 1065264 62 22  6 10  0  0
85 122  70368 114935568 2384264 51137872    0    0 1521792 1043544 325429 1051877 63 21  3 13  0  0
53 84  70368 114953220 2384264 51137888    0    0 1509152 1049352 319911 1072192 59 19  6 16  0  0
34 67  70368 114950952 2384264 51137912    0    0 1496320 984408 317705 1077625 61 21  5 14  0  0
90 171  70368 114950152 2384264 51138004    0    0 1414112 1008576 302744 1004359 56 19  7 17  0  0
68 23  70368 114945148 2384264 51138036    0    0 1443280 994824 309078 1036469 58 20  8 14  0  0
104 94  70368 114951152 2384264 51138060    0    0 1461536 996004 314873 1022593 58 20  7 15  0  0
90 134  70368 114930392 2384264 51138080    0    0 1505360 1013236 320479 1060043 63 21  5 11  0  0
122 70  70368 114920328 2384264 51138120    0    0 1502272 1042664 322315 1060612 60 21  6 13  0  0
49 116  70368 114909328 2384264 51138128    0    0 1510448 1045548 325654 1074400 61 21  5 13  0  0
122 125  70368 114922848 2384264 51138164    0    0 1457008 1005304 318634 1074036 59 20  8 13  0  0
procs -----------memory---------- ---swap-- -----io---- -system-- -------cpu-------
 r  b   swpd   free   buff  cache   si   so    bi    bo   in   cs us sy id wa st gu
67 51  70368 114946068 2384264 51138184    0    0 1490864 1021448 316610 1071290 60 21  7 11  0  0
68 76  70368 114934516 2384264 51138208    0    0 1518464 952368 323976 1068662 62 21  4 12  0  0
52 125  70368 114932552 2384264 51138228    0    0 1487520 997976 318359 1046168 61 20  5 14  0  0
115 28  70368 114951464 2384264 51138248    0    0 1428560 1077912 310943 1037698 57 19  8 16  0  0
50 93  70368 114927720 2384264 51138276    0    0 1508496 952584 322778 1081601 63 21  6 11  0  0
207 22  70368 114936208 2384264 51138304    0    0 1505472 1102120 324452 1077712 59 21  8 12  0  0
34 133  70368 114948732 2384264 51138320    0    0 1551296 1046888 323391 1051696 62 21  7 10  0  0
66 119  70368 114949136 2384264 51138360    0    0 1571856 1067544 328765 1047424 65 22  5  8  0  0
110 113  70368 114940844 2384264 51138380    0    0 1532976 1063812 322798 1077457 60 21  7 11  0  0
90 113  70368 114931356 2384264 51138404    0    0 1536480 1062268 330129 1104189 62 22  7  9  0  0
30 58  70368 114904028 2384264 51138428    0    0 1548512 985804 320784 1073822 61 22  6 12  0  0
188 79  70368 114908636 2384264 51138448    0    0 1524880 1067572 326195 1060927 61 21  5 13  0  0
85 71  70368 114908860 2384264 51138476    0    0 1539104 1096720 330104 1094140 61 22  7 10  0  0
143 67  70368 114934480 2384264 51138508    0    0 1492752 1026708 322568 1109488 58 22  9 11  0  0
 8 21  70368 114943184 2384264 51138524    0    0 1516928 1066872 320340 1076225 60 20  9 12  0  0
173 87  70368 114948456 2384264 51138552    0    0 1522144 1041236 324077 1063087 60 22  8 10  0  0
55 71  70368 114926300 2384264 51138568    0    0 1524224 1041944 330550 1113320 61 22  7 10  0  0
183 86  70368 114933040 2384264 51138600    0    0 1508976 1061688 322067 1075377 59 22  8 12  0  0
114 53  70368 114916408 2384264 51138632    0    0 1500064 990876 320789 1107649 60 22  8 10  0  0
93 40  70368 114923084 2384264 51138656    0    0 1477248 1027088 313542 1032702 60 21  7 12  0  0
65 104  70368 114921972 2384268 51138676    0    0 1538992 1046192 325692 1080478 61 22  6 10  0  0
procs -----------memory---------- ---swap-- -----io---- -system-- -------cpu-------
 r  b   swpd   free   buff  cache   si   so    bi    bo   in   cs us sy id wa st gu
88 38  70368 114921700 2384268 51138700    0    0 1549712 1095640 325462 1079279 61 22  7 11  0  0
77 130  70368 114917176 2384268 51138732    0    0 1533440 1050924 323648 1094276 59 22  8 11  0  0
57 87  70368 114925248 2384268 51138752    0    0 1500448 1041044 325338 1122261 60 22  8 10  0  0
97 110  70368 114922832 2384268 51138780    0    0 1558688 1024888 325700 1055885 63 22  7  9  0  0
84 39  70368 114932064 2384268 51138812    0    0 1568496 1101504 336772 1102157 62 22  7  9  0  0
107 142  70368 114955180 2384268 51138824    0    0 1553568 1050724 326671 1112597 60 21  7 11  0  0
63 134  70368 114953956 2384268 51138848    0    0 1516752 1043456 323856 1091296 60 22  7 12  0  0
72 119  70368 114936304 2384268 51138876    0    0 1500960 1037100 323798 1074849 60 21  6 13  0  0
82 27  70368 114946676 2384268 51138900    0    0 1522944 1069672 325665 1084389 60 22  8 11  0  0
91 86  70368 114929624 2384268 51138928    0    0 1530384 1049320 331789 1099529 61 22  8  9  0  0
107 80  70368 114939440 2384268 51138932    0    0 1506848 1035140 316605 1065515 57 21  9 12  0  0
61 269  70368 114934412 2384268 51138968    0    0 1564224 1053884 322832 1035834 64 22  6  9  0  0
13 42  70368 114941020 2384268 51139004    0    0 1524032 1087612 321074 1064522 61 21  7 11  0  0
192 80  70368 114927860 2384268 51139020    0    0 1533168 1055364 327222 1121561 60 22  8 10  0  0
70 47  70368 114902420 2384268 51139052    0    0 1523616 996052 325062 1094686 62 22  7  8  0  0
59 89  70368 114911552 2384268 51139072    0    0 1523328 1032580 322099 1074274 61 22  6 12  0  0
121 17  70368 114934068 2384268 51139092    0    0 1467520 1085468 316264 1058575 57 19  8 16  0  0
79 64  70368 114947964 2384268 51139108    0    0 1555632 1068768 324692 1078756 61 21  8 10  0  0
104 55  70368 114953624 2384268 51139136    0    0 1519168 1038200 328854 1109208 61 22  8  9  0  0
71 24  70368 114954452 2384272 51139152    0    0 1546224 1078008 326316 1119314 61 22  7 10  0  0
118 89  70368 114948184 2384272 51139188    0    0 1488976 1031772 323534 1101721 58 22 10 11  0  0
procs -----------memory---------- ---swap-- -----io---- -system-- -------cpu-------
 r  b   swpd   free   buff  cache   si   so    bi    bo   in   cs us sy id wa st gu
23 36  70368 114929268 2384272 51139204    0    0 1543296 1071048 330007 1133751 61 22  7 10  0  0
103 40  70368 114922368 2384272 51139236    0    0 1554576 1051380 329276 1107776 60 23  8  9  0  0
45 114  70368 114924604 2384272 51139260    0    0 1571248 1077156 334225 1132850 61 22  7 11  0  0
62 71  70368 114944320 2384272 51139292    0    0 1481888 1018084 320095 1065536 59 21  7 14  0  0
137 55  70368 114944516 2384272 51139312    0    0 1567552 1044348 333207 1092235 63 22  5  9  0  0
84 102  70368 114951788 2384272 51139336    0    0 1558656 1107124 330379 1131436 61 23  8  9  0  0
72 77  70368 114952612 2384272 51139364    0    0 1568512 1086192 327550 1090238 61 21  8 10  0  0
65 36  70368 114956160 2384272 51139392    0    0 1571152 1066196 332546 1122144 61 21  7 11  0  0
75 29  70368 114946872 2384272 51139412    0    0 1548400 1064780 324307 1077594 61 21  7 11  0  0
57 42  70368 114938560 2384272 51139444    0    0 1567632 1084964 332697 1104720 63 23  6  8  0  0
46 81  70368 114914188 2384272 51139464    0    0 1590912 1050048 334559 1100765 62 23  7  8  0  0
78 53  70368 114915192 2384272 51139552    0    0 1526256 1058088 328850 1098576 59 22  8 11  0  0
136 91  70368 114919788 2384272 51139584    0    0 1529664 1004816 327180 1105967 62 22  6 11  0  0
37 33  70368 114912508 2384272 51139608    0    0 1477680 1101032 322272 1096939 58 21  8 12  0  0
76 52  70368 114907888 2384272 51139632    0    0 1544080 1051412 326865 1096969 61 22  9  8  0  0
75 38  70368 114930624 2384272 51139652    0    0 1534384 1058992 328379 1116723 59 23  9 10  0  0
47 23  70368 114911372 2384272 51139676    0    0 1531280 1067204 327883 1125112 59 22  8 11  0  0
24 123  70368 114904772 2384272 51139708    0    0 1587328 1061328 333781 1096440 63 23  6  8  0  0
62 23  70368 114901172 2384272 51139720    0    0 1522384 1080832 331687 1117168 60 22  8 10  0  0
82 11  70368 114904888 2384272 51139740    0    0 1561840 1075056 334087 1142925 61 22  8  9  0  0
96 91  70368 114918500 2384272 51139764    0    0 1526528 1005988 324887 1097940 59 22  7 13  0  0
procs -----------memory---------- ---swap-- -----io---- -system-- -------cpu-------
 r  b   swpd   free   buff  cache   si   so    bi    bo   in   cs us sy id wa st gu
102 42  70368 114927728 2384272 51139796    0    0 1457952 1043916 312121 1064212 58 21  8 13  0  0
69 77  70368 114923904 2384272 51139816    0    0 1548272 1066484 324980 1091049 62 22  8  9  0  0
45 204  70368 114915428 2384272 51139844    0    0 1566512 1085596 330322 1134228 60 22  8 10  0  0
48 85  70368 114910672 2384272 51139872    0    0 1554432 1065364 332307 1121674 60 22  8 10  0  0
67 32  70368 114928836 2384272 51139896    0    0 1607808 1054504 332142 1077733 63 23  6  8  0  0
84 52  70368 114917772 2384272 51139916    0    0 1555776 1110544 335031 1099236 62 23  6  9  0  0
23 15  70368 114893900 2384272 51139944    0    0 1524848 1069316 332305 1140187 59 22  9 10  0  0
120 24  70368 114920748 2384272 51139964    0    0 1512080 1059540 323070 1099459 60 22  9  9  0  0
68 83  70368 114932764 2384272 51140000    0    0 1510688 1017724 323593 1094853 60 22  7 12  0  0
87 54  70368 114943384 2384272 51140016    0    0 1455152 1032708 317673 1066788 57 20  9 14  0  0
53  9  70368 114923864 2384280 51140032    0    0 1519664 1069084 322157 1064710 60 21  9 10  0  0
121 78  70368 114926576 2384280 51140116    0    0 1557568 1065328 327679 1081274 61 22  8  9  0  0
32 61  70368 114926508 2384280 51140140    0    0 1533168 1051224 324818 1076237 62 22  7  9  0  0
120 115  70368 114912512 2384280 51140164    0    0 1548400 1042732 331402 1115482 61 22  7 10  0  0
61 35  70368 114905976 2384280 51140188    0    0 1556656 1109576 330107 1079334 60 22  7 10  0  0
69 86  70368 114907732 2384284 51140212    0    0 1563952 1033488 332440 1121606 63 23  7  8  0  0
82 104  70368 114914992 2384284 51140236    0    0 1486688 1085600 323303 1111820 58 22 10 10  0  0
45 158  70368 114910232 2384284 51140268    0    0 1506352 999584 317013 1085519 61 22  7 10  0  0
62 84  70368 114916740 2384284 51140292    0    0 1490912 1044492 318513 1066261 60 21  7 12  0  0
114 61  70368 114906784 2384284 51140320    0    0 1546016 1076076 328779 1081113 61 22  8 10  0  0
82 33  70368 114905408 2384284 51140344    0    0 1609760 1070552 333333 1104787 65 22  5  8  0  0
procs -----------memory---------- ---swap-- -----io---- -system-- -------cpu-------
 r  b   swpd   free   buff  cache   si   so    bi    bo   in   cs us sy id wa st gu
132  6  70368 114923364 2384284 51140360    0    0 1555072 1103016 330365 1128654 59 21  8 12  0  0
23 25  70368 114931308 2384284 51140388    0    0 1491536 1019892 324049 1121849 59 22  9 10  0  0
61 77  70368 114926636 2384284 51140416    0    0 1560944 1101720 323052 1048936 61 22  7 11  0  0
48 15  70368 114915812 2384284 51140440    0    0 1576928 1081420 331283 1126548 61 22  7  9  0  0
179 55  70368 114907060 2384284 51140456    0    0 1513968 1021956 324235 1075397 60 22  8 11  0  0
66 151  70368 114926460 2384284 51140484    0    0 1539408 1012872 324511 1075195 62 22  6 11  0  0
44 19  70368 114906140 2384284 51140512    0    0 1529040 1100804 332238 1101999 60 22  6 12  0  0
128 14  70368 114908192 2384284 51140536    0    0 1517888 1064252 324197 1080345 60 23  8  9  0  0
50 53  70368 114899276 2384284 51140560    0    0 1563856 1075632 329467 1106190 61 22  8  9  0  0
68 105  70368 114919644 2384284 51140588    0    0 1556368 1065048 330923 1118997 60 22  8 10  0  0
74 34  70368 114918492 2384284 51140616    0    0 1479584 1047596 321025 1120314 58 22 10 11  0  0
68 75  70368 114913332 2384284 51140640    0    0 1580224 1077868 328947 1096120 62 22  7  9  0  0
136 97  70368 114906740 2384284 51140656    0    0 1586512 1099124 333900 1167332 62 22  7  9  0  0
70 190  70368 114916760 2384284 51140672    0    0 1494496 1045292 319169 1122237 57 21  8 14  0  0
56 102  70368 114918764 2384284 51140700    0    0 1533312 973252 317154 1038031 62 22  6 10  0  0
58 40  70368 114927452 2384284 51140732    0    0 1510256 1113928 319546 1073385 58 21  8 12  0  0
94 24  70368 114917864 2384284 51140756    0    0 1581312 1097564 329900 1101790 62 22  7  9  0  0
101 108  70368 114910344 2384284 51140780    0    0 1496320 1038120 322836 1119226 59 22  9 11  0  0
80 52  70368 114911236 2384284 51140804    0    0 1555680 1007136 319470 1042936 64 21  6  9  0  0
75 70  70368 114903408 2384284 51140824    0    0 1510176 1086400 322569 1069836 61 21  7 11  0  0
39 53  70368 114914440 2384284 51140856    0    0 1548128 1090316 326464 1114620 60 23  8 10  0  0
procs -----------memory---------- ---swap-- -----io---- -system-- -------cpu-------
 r  b   swpd   free   buff  cache   si   so    bi    bo   in   cs us sy id wa st gu
65 16  70368 114916132 2384284 51140884    0    0 1509856 1045604 328064 1144706 59 23  9  9  0  0
93 104  70368 114925476 2384284 51140900    0    0 1536592 1033016 331483 1086757 61 22  7 10  0  0
38 159  70368 114932660 2384284 51140916    0    0 1520560 1051804 325663 1072742 60 20  7 13  0  0
98 28  70368 114943032 2384284 51140936    0    0 1540560 1089052 324529 1070811 60 21  8 11  0  0
44 92  70368 114941676 2384284 51140964    0    0 1587552 1077256 330774 1079319 63 22  6  9  0  0
115 117  70368 114927268 2384284 51140996    0    0 1480448 1026268 324047 1088457 59 21  8 11  0  0
113 92  70368 114922360 2384284 51141016    0    0 1519120 1043516 328753 1100539 61 22  7  9  0  0
146 121  70368 114911568 2384284 51141044    0    0 1568560 1079388 332005 1100168 61 22  6 10  0  0
51 81  70368 114927284 2384284 51141136    0    0 1597648 1088980 334812 1079014 62 23  6  9  0  0
116 212  70368 114922764 2384284 51141160    0    0 1588064 1077848 333293 1085914 62 22  7  9  0  0
84 125  70368 114930196 2384284 51141184    0    0 1535872 1015528 324520 1083793 61 21  5 12  0  0
38 14  70368 114924900 2384284 51141208    0    0 1526608 1086980 326584 1087424 60 22  6 12  0  0
69 23  70368 114920128 2384284 51141228    0    0 1540656 1079884 327752 1138801 60 23  8 10  0  0
74 56  70368 114918216 2384284 51141260    0    0 1517312 1042888 326193 1104939 59 22  8 11  0  0
89 90  70368 114948336 2384284 51141272    0    0 1482432 1020344 314201 1041924 58 19 10 14  0  0
85 82  70368 114932776 2384284 51141296    0    0 1552128 1042092 328780 1110027 63 22  6  9  0  0
41 32  70368 114916400 2384284 51141324    0    0 1555824 1080040 331145 1094300 64 22  7  8  0  0
48 49  70368 114924512 2384284 51141348    0    0 1542416 1078324 329239 1081996 60 22  9  9  0  0
27 68  70368 114920364 2384284 51141372    0    0 1550496 1037684 328839 1102147 63 22  7  8  0  0
201 90  70368 114904748 2384284 51141392    0    0 1477648 1028712 315714 1071198 59 21  7 13  0  0
185 44  70368 114912992 2384284 51141408    0    0 1500272 1050476 320363 1064211 59 21  8 12  0  0
procs -----------memory---------- ---swap-- -----io---- -system-- -------cpu-------
 r  b   swpd   free   buff  cache   si   so    bi    bo   in   cs us sy id wa st gu
60 62  70368 114919748 2384284 51141440    0    0 1568896 1070536 329355 1103993 62 22  7  9  0  0
84 22  70368 114926048 2384284 51141460    0    0 1495440 1055588 320107 1102134 57 21 10 12  0  0
63 104  70368 114911012 2384284 51141492    0    0 1532256 988284 322726 1066883 62 22  6 10  0  0
69 87  70368 114913844 2384284 51141516    0    0 1455392 1065844 312031 1026218 58 20  8 14  0  0
83 105  70368 114931468 2384284 51141540    0    0 1536688 1077112 320842 1078813 59 21  9 12  0  0
154 239  70368 114940884 2384284 51141556    0    0 1573232 1077028 331801 1115433 62 22  7  9  0  0
91 144  70368 114937160 2384284 51141580    0    0 1569888 1023384 330153 1102839 62 23  6 10  0  0
75 50  70368 114934468 2384284 51141612    0    0 1448816 1063788 311615 1024058 56 20  9 15  0  0
126 42  70368 114921496 2384284 51141628    0    0 1527120 1045232 323564 1101748 61 22  7 10  0  0
127 34  70368 114902016 2384284 51141648    0    0 1529232 1068556 321466 1102179 59 22  8 11  0  0
58 97  70368 114900344 2384284 51141676    0    0 1569584 1034872 332582 1076753 62 22  7  9  0  0
123 223  70368 114903456 2384284 51141704    0    0 1508720 1029492 344248 1081519 60 22  7 11  0  0
106 113  70368 114903684 2384284 51141732    0    0 1529360 1060412 326171 1078834 62 21  6 11  0  0
110 73  70368 114894920 2384284 51141752    0    0 1528272 1081276 330090 1122292 61 22  8  9  0  0
106 60  70368 114904188 2384284 51141780    0    0 1598384 1064164 331621 1100119 62 22  7  8  0  0
91 113  70368 114915204 2384288 51141804    0    0 1503152 1048712 323140 1082256 60 21  7 12  0  0
93 141  70368 114945248 2384288 51141824    0    0 1522400 1031524 325082 1076987 60 20  6 13  0  0
55 51  70368 114940120 2384288 51141844    0    0 1534272 1100956 331017 1144401 60 22  8 10  0  0
85 57  70368 114923436 2384288 51141864    0    0 1519232 1044592 326019 1105854 61 22  9  9  0  0
101 85  70368 114922412 2384288 51141896    0    0 1546048 1064108 328761 1094937 61 22  7  9  0  0
30 18  70368 114905656 2384288 51141920    0    0 1526464 1035124 323545 1089952 61 21  6 12  0  0
procs -----------memory---------- ---swap-- -----io---- -system-- -------cpu-------
 r  b   swpd   free   buff  cache   si   so    bi    bo   in   cs us sy id wa st gu
126 40  70368 114896988 2384288 51141948    0    0 1461536 1028120 319882 1081716 59 21  8 12  0  0
49 24  70368 114903056 2384288 51141968    0    0 1523872 1068492 325560 1090054 60 22  9  9  0  0
92 69  70368 114900380 2384288 51142000    0    0 1523216 1043816 326502 1115837 60 22  9  9  0  0
71 171  70368 114905360 2384288 51142024    0    0 1529952 1027048 323598 1093282 60 22  6 12  0  0
116 53  70368 114922244 2384288 51142056    0    0 1535072 1048172 329493 1069102 62 21  6 11  0  0
65 41  70368 114928040 2384288 51142072    0    0 1563520 1107168 333700 1101630 61 23  7  9  0  0
90 97  70368 114932176 2384288 51142096    0    0 1573744 1072860 337625 1136373 61 22  7  9  0  0
169 32  70368 114946208 2384288 51142112    0    0 1548928 1080204 327537 1139152 59 21  8 11  0  0
43 95  70368 114927712 2384288 51142140    0    0 1535968 985656 325506 1063235 63 22  6 10  0  0
145 73  70368 114914084 2384288 51142168    0    0 1501088 1094316 321425 1035856 60 21  6 12  0  0
54 66  70368 114899012 2384288 51142200    0    0 1562912 1077488 329852 1104369 61 22  7 10  0  0
46 43  70368 114921500 2384288 51142220    0    0 1496016 1041804 333000 1095267 57 21 10 12  0  0
57 114  70368 114907220 2384288 51142236    0    0 1472656 1017460 313746 1057008 59 21  8 12  0  0
137 17  70368 114899624 2384288 51142264    0    0 1539872 1060312 324338 1063793 62 21  7 11  0  0
81 47  70368 114903184 2384288 51142280    0    0 1534128 1072616 327457 1139170 60 22  8  9  0  0
40 47  70368 114896776 2384288 51142320    0    0 1534112 1056164 326055 1108882 58 23  9  9  0  0
63 21  70368 114891012 2384288 51142348    0    0 1572976 1041424 329033 1067074 63 22  6  9  0  0
104 99  70368 114924608 2384288 51142368    0    0 1441328 1045568 312260 1027547 57 20 10 13  0  0
63 29  70368 114925912 2384288 51142388    0    0 1543760 1049604 325698 1072002 62 21  7 10  0  0
135 59  70368 114943084 2384288 51142408    0    0 1552384 1079556 327434 1099376 61 22  8 10  0  0
62 200  70368 114925552 2384288 51142440    0    0 1532208 1029312 326884 1087485 60 21  8 11  0  0
procs -----------memory---------- ---swap-- -----io---- -system-- -------cpu-------
 r  b   swpd   free   buff  cache   si   so    bi    bo   in   cs us sy id wa st gu
100 83  70368 114912828 2384288 51142464    0    0 1518928 1037780 324196 1090692 60 21  7 12  0  0
119 21  70368 114895092 2384288 51142484    0    0 1508768 1082080 326065 1108097 59 22  7 11  0  0
104 71  70368 114891608 2384292 51142500    0    0 1559600 1064488 327640 1111757 61 22  7  9  0  0
78 59  70368 114893684 2384292 51142532    0    0 1541072 1061332 331264 1137164 61 23  8  9  0  0
104 60  70368 114901300 2384292 51142564    0    0 1543120 1059936 327406 1081234 60 22  7 12  0  0
39 73  70368 114909528 2384292 51142664    0    0 1525056 1028212 319608 1048424 62 22  6 11  0  0
96 127  70368 114899800 2384292 51142688    0    0 1536608 1105008 325280 1073905 62 21  6 11  0  0
94 39  70368 114896620 2384292 51142712    0    0 1558080 1052472 326927 1093960 61 22  7 10  0  0
76 35  70368 114882700 2384292 51142732    0    0 1516832 1060036 324388 1114150 59 22  8 11  0  0
69 163  70368 114929532 2384292 51142752    0    0 1476336 1009176 314553 1108364 57 20  9 14  0  0
60 21  70368 114926636 2384292 51142776    0    0 1484480 1055308 316154 1077766 59 21  9 12  0  0
112 53  70368 114907868 2384292 51142800    0    0 1599024 1070416 333756 1125159 64 23  6  7  0  0
80 53  70368 114906212 2384292 51142820    0    0 1579376 1113784 330164 1110785 61 22  7 10  0  0
136 44  70368 114912548 2384292 51142840    0    0 1526944 1043412 325251 1114210 59 21  8 11  0  0
107 83  70368 114918740 2384292 51142872    0    0 1519232 1039992 312806 1017701 61 21  7 12  0  0
49 153  70368 114905308 2384292 51142896    0    0 1538016 1064296 326000 1088364 62 22  7  9  0  0
138 76  70368 114898260 2384292 51142920    0    0 1516160 1039340 321415 1100472 59 22  8 11  0  0
53 179  70368 114895416 2384292 51142944    0    0 1475264 970672 325116 1092650 62 21  7 10  0  0
65 19  70368 114903396 2384292 51142968    0    0 1495264 1107824 320476 1048671 60 20  8 12  0  0
126 145  70368 114892124 2384292 51142996    0    0 1565856 1095880 327219 1073271 61 22  7 10  0  0
106 68  70368 114892268 2384292 51143016    0    0 1528272 1061144 326157 1120276 60 21  8 10  0  0
procs -----------memory---------- ---swap-- -----io---- -system-- -------cpu-------
 r  b   swpd   free   buff  cache   si   so    bi    bo   in   cs us sy id wa st gu
49 56  70368 114908440 2384292 51143036    0    0 1599776 1073500 329553 1085664 62 21  7 10  0  0
41 21  70368 114907640 2384292 51143056    0    0 1514896 1060204 319417 1047149 60 21  7 12  0  0
41 105  70368 114917136 2384292 51143084    0    0 1477280 1015400 320338 1077614 58 21  8 13  0  0
34 22  70368 114908812 2384292 51143112    0    0 1505504 1059808 325661 1105687 59 21 10 10  0  0
90 87  70368 114917012 2384292 51143132    0    0 1473328 1014044 313965 1061731 58 21  9 12  0  0
49 217  70368 114896532 2384292 51143160    0    0 1533136 1029924 321150 1062653 63 21  6 10  0  0
92 57  70368 114889552 2384296 51143188    0    0 1572048 1102848 334256 1074020 63 22  6  9  0  0
139 49  70368 114897204 2384296 51143208    0    0 1568064 1086936 330416 1115860 60 22  7 10  0  0
72 109  70368 114898428 2384296 51143232    0    0 1573808 1080040 330357 1080078 61 22  8  9  0  0
54 83  70368 114897036 2384296 51143260    0    0 1574880 1083704 333994 1116382 61 22  7  9  0  0
110 119  70368 114897852 2384296 51143276    0    0 1496496 1024376 321392 1067422 59 21  8 12  0  0
77 122  70368 114911480 2384296 51143304    0    0 1524256 1035272 318195 1042393 61 20  7 12  0  0
83 49  70368 114913620 2384296 51143324    0    0 1548192 1070276 326994 1094767 61 22  6 10  0  0
80 36  70368 114922240 2384296 51143352    0    0 1561264 1019216 324060 1082481 62 21  6 11  0  0
75 122  70368 114920992 2384296 51143384    0    0 1506304 1081664 314911 1013873 59 20  7 13  0  0
104 37  70368 114909232 2384296 51143408    0    0 1595184 1078228 330056 1100571 63 23  6  8  0  0
124 39  70368 114912168 2384296 51143436    0    0 1547840 1098160 328683 1091988 60 23  8 10  0  0
188 26  70368 114899488 2384296 51143460    0    0 1571056 1086176 327572 1107770 60 22  8  9  0  0
59 43  70368 114898176 2384296 51143476    0    0 1575040 1059328 330481 1132983 61 22  6 10  0  0
161 86  70368 114911676 2384296 51143508    0    0 1520176 1055812 320861 1075872 60 21  7 12  0  0
97 79  70368 114891736 2384296 51143532    0    0 1555456 1036368 330288 1086800 63 22  6  9  0  0
procs -----------memory---------- ---swap-- -----io---- -system-- -------cpu-------
 r  b   swpd   free   buff  cache   si   so    bi    bo   in   cs us sy id wa st gu
41 33  70368 114891512 2384296 51143556    0    0 1554432 1052748 331716 1095512 62 22  5 11  0  0
156 92  70368 114897436 2384296 51143588    0    0 1491008 1060960 322773 1069437 59 21  6 15  0  0
118 40  70368 114915200 2384296 51143604    0    0 1575568 1091980 334391 1107578 62 21  7 10  0  0
85 46  70368 114901068 2384296 51143628    0    0 1535456 1078092 328108 1125023 59 22  8 10  0  0
47 19  70368 114908884 2384296 51143652    0    0 1563424 1053992 327047 1048123 62 22  7  9  0  0
74 39  70368 114910784 2384296 51143680    0    0 1550576 1081212 329812 1092052 62 22  7  9  0  0
95 135  70368 114900972 2384296 51143696    0    0 1539440 1045020 329644 1114594 61 22  7 10  0  0
56 118  70368 114916328 2384296 51143720    0    0 1517216 1039516 319770 1039392 59 21  7 13  0  0
42 40  70368 114914756 2384296 51143748    0    0 1541392 1047196 325284 1083202 61 22  7 11  0  0
89 90  70368 114903000 2384296 51143776    0    0 1514448 1051096 326213 1087846 60 21  6 13  0  0
75 116  70368 114874648 2384300 51143804    0    0 1508960 1041908 330033 1075049 61 21  6 12  0  0
110 20  70368 114886756 2384300 51143824    0    0 1525376 1100704 333904 1088326 59 21  9 11  0  0
135 62  70368 114891124 2384300 51143848    0    0 1554624 1075308 328050 1092459 60 22  9  9  0  0
76 41  70368 114907892 2384300 51143876    0    0 1524416 1071948 325053 1083901 61 21  8 10  0  0
56 23  70368 114932972 2384300 51143888    0    0 1582832 1075176 335146 1091775 63 21  7  9  0  0
84 110  70368 114905888 2384300 51143916    0    0 1568016 1037804 330490 1134096 62 22  6 10  0  0
57 69  70368 114873244 2384300 51143940    0    0 1519440 1053932 328203 1107782 62 22  6 10  0  0
67 91  70368 114868016 2384300 51143960    0    0 1528944 1063112 322425 1057468 61 21  6 13  0  0
50 86  70368 114869720 2384300 51143980    0    0 1532624 1008736 327268 1030608 62 21  6 11  0  0
95 81  70368 114906480 2384300 51144020    0    0 1535424 1060380 321612 1043566 62 21  6 11  0  0
80 58  70368 114897672 2384300 51144044    0    0 1589760 1121940 335433 1114345 62 22  6 10  0  0
procs -----------memory---------- ---swap-- -----io---- -system-- -------cpu-------
 r  b   swpd   free   buff  cache   si   so    bi    bo   in   cs us sy id wa st gu
49 42  70368 114894764 2384300 51144060    0    0 1559936 1079980 326750 1087629 60 22  8 10  0  0
129 39  70368 114881904 2384300 51144092    0    0 1557216 1069668 332865 1114304 62 23  7  9  0  0
106 37  70368 114886744 2384300 51144196    0    0 1548944 1065444 328148 1107464 61 22  8 10  0  0
42 52  70368 114892444 2384300 51144232    0    0 1498672 1059112 319020 1075029 59 21  8 12  0  0
98 117  70368 114911852 2384300 51144248    0    0 1518640 1020512 321581 1091944 61 21  8 11  0  0
111 174  70368 114924720 2384300 51144268    0    0 1525600 1059908 319974 1048587 61 21  7 12  0  0
77 150  70368 114917492 2384300 51144296    0    0 1476304 1025776 325951 1081931 60 22  7 11  0  0
54 85  70368 114911704 2384300 51144324    0    0 1520000 1026396 320634 1070462 62 22  7  9  0  0
31 32  70368 114892832 2384300 51144356    0    0 1543408 1104736 325683 1095010 60 22  8 11  0  0
50 19  70368 114901312 2384304 51144376    0    0 1566912 1070616 329448 1126105 61 23  7  9  0  0
82 35  70368 114895800 2384304 51144400    0    0 1536400 1057076 328990 1142808 60 23  8  9  0  0
70 29  70368 114899284 2384304 51144416    0    0 1584688 1111936 332700 1101592 62 22  7  9  0  0
42 106  70368 114889756 2384304 51144436    0    0 1553472 1035824 327664 1102530 61 22  7  9  0  0
69 32  70368 114895340 2384304 51144468    0    0 1482912 1046020 314948 1062408 59 21  8 12  0  0
54 114  70368 114903212 2384304 51144488    0    0 1527168 1017160 317695 1033143 62 21  6 12  0  0
114 110  70368 114891756 2384304 51144512    0    0 1495392 1023880 317462 1074607 59 21  7 12  0  0
56 17  70368 114909324 2384304 51144528    0    0 1566496 1086064 332825 1141227 62 22  6 10  0  0
64 14  70368 114909968 2384304 51144552    0    0 1574064 1077620 330865 1131174 61 23  7  9  0  0
43 39  70368 114898864 2384304 51144584    0    0 1580432 1094864 328386 1062156 61 22  7 10  0  0
30 12  70368 114890996 2384304 51144612    0    0 1553392 1064932 331437 1126467 61 22  8  9  0  0
143 33  70368 114876756 2384304 51144628    0    0 1560672 1072208 330818 1084703 61 22  7  9  0  0
procs -----------memory---------- ---swap-- -----io---- -system-- -------cpu-------
 r  b   swpd   free   buff  cache   si   so    bi    bo   in   cs us sy id wa st gu
57 81  70368 114909024 2384304 51144652    0    0 1498880 1047448 322233 1090367 58 21  8 12  0  0
55 40  70368 114902404 2384304 51144680    0    0 1551248 1039560 319700 1041981 62 21  6 11  0  0
96 160  70368 114896172 2384304 51144708    0    0 1538256 1021176 321380 1026782 64 21  5 10  0  0
107 50  70368 114892528 2384304 51144728    0    0 1469232 1068516 316481 1089775 56 21  8 15  0  0
185 86  70368 114897812 2384304 51144752    0    0 1559728 1069860 329283 1088657 62 22  7  9  0  0
56 34  70368 114901984 2384304 51144776    0    0 1572832 1096332 329427 1067439 61 22  7 10  0  0
46 95  70368 114893536 2384304 51144792    0    0 1559248 1062296 333572 1121337 62 23  7  8  0  0
116 74  70368 114916328 2384304 51144812    0    0 1538256 1089688 326091 1100774 60 20  9 11  0  0
64  9  70368 114915176 2384304 51144844    0    0 1507616 1047028 322740 1112698 58 22 10 11  0  0
60 74  70368 114905132 2384304 51144872    0    0 1541344 1023220 324244 1086898 61 22  7 10  0  0
50 136  70368 114909348 2384304 51144888    0    0 1450320 1040692 310411 1048869 57 20  9 14  0  0
68 151  70368 114913272 2384304 51144920    0    0 1504368 954468 312562 1021928 62 20  6 12  0  0
16 80  70368 114912820 2384304 51144948    0    0 1455504 1018920 317740 1026845 60 20  5 14  0  0
66 61  70368 114915920 2384308 51144976    0    0 1443312 1023280 314668 1029098 58 21  8 14  0  0
58 134  70368 114887152 2384308 51145000    0    0 1478032 972172 318547 1084169 59 22  7 12  0  0
51 102  70368 114866236 2384308 51145028    0    0 1493840 1023568 329008 1102618 61 21  5 12  0  0
66 31  70368 114883880 2384308 51145048    0    0 1446432 1036536 311146 1026319 58 20  8 13  0  0
64 34  70368 114880672 2384308 51145080    0    0 1489008 996956 316564 1051905 61 21  6 13  0  0
77 125  70368 114887488 2384312 51145100    0    0 1470544 1063764 320071 1080087 58 19  7 16  0  0
82 125  70368 114887100 2384312 51145124    0    0 1541904 1008724 323854 1041446 63 21  4 11  0  0
101 125  70368 114903308 2384312 51145152    0    0 1454816 990732 311707 1020778 59 20  6 15  0  0
procs -----------memory---------- ---swap-- -----io---- -system-- -------cpu-------
 r  b   swpd   free   buff  cache   si   so    bi    bo   in   cs us sy id wa st gu
46 173  70368 114898532 2384312 51145180    0    0 1457728 1043552 324411 1084495 60 21  6 14  0  0
91 67  70368 114880168 2384312 51145200    0    0 1472640 964136 315475 1068555 60 21  6 12  0  0
70 82  70368 114880912 2384312 51145232    0    0 1482128 1084804 319283 1038063 60 21  7 12  0  0
123 102  70368 114872424 2384312 51145256    0    0 1509456 980280 319125 1076874 62 21  6 11  0  0
52 91  70368 114881456 2384312 51145276    0    0 1534784 1032928 330504 1072182 64 22  5 10  0  0
39 41  70368 114889288 2384312 51145300    0    0 1511328 1059792 329877 1091774 62 21  5 12  0  0
33 31  70368 114898856 2384312 51145324    0    0 1494368 1049892 319472 1105697 58 21  8 13  0  0
45 44  70368 114891228 2384312 51145348    0    0 1485840 1013996 312431 1025533 59 20  7 13  0  0
93 93  70368 114885260 2384312 51145372    0    0 1479584 1020076 313979 1048726 59 21  7 13  0  0
133 65  70368 114921176 2384312 51145384    0    0 1454128 1024164 308847 1020103 57 18  8 16  0  0
68 112  70368 114914384 2384312 51145412    0    0 1492320 934016 318840 1054678 62 21  6 11  0  0
120 127  70368 114890212 2384312 51145436    0    0 1484880 1054024 316614 1040588 60 21  5 15  0  0
97 79  70368 114877276 2384312 51145460    0    0 1504592 1102256 322206 1070547 60 21  8 11  0  0
140 128  70368 114866520 2384312 51145488    0    0 1547808 1052100 326892 1086715 61 22  7 11  0  0
64 116  70368 114866024 2384312 51145508    0    0 1509648 1046936 318961 1080112 59 22  8 12  0  0
41 128  70368 114875348 2384312 51145532    0    0 1537168 1043620 328675 1092871 63 22  7  9  0  0
73 146  70368 114878860 2384312 51145556    0    0 1524592 1074480 324824 1056137 61 21  6 11  0  0
62 138  70368 114880380 2384316 51145584    0    0 1499264 1037328 322985 1084761 62 21  6 12  0  0
80 53  70368 114873728 2384316 51145612    0    0 1519168 1046728 323572 1111352 59 22  8 11  0  0
42 73  70368 114884624 2384316 51145636    0    0 1521936 995948 319643 1052261 62 22  7  9  0  0
79 52  70368 114901244 2384316 51145724    0    0 1552352 1069392 328526 1086757 64 21  5 10  0  0
procs -----------memory---------- ---swap-- -----io---- -system-- -------cpu-------
 r  b   swpd   free   buff  cache   si   so    bi    bo   in   cs us sy id wa st gu
44 149  70368 114906348 2384316 51145740    0    0 1528064 1084920 321648 1051093 59 20  7 14  0  0
82 76  70368 114890860 2384316 51145768    0    0 1534336 1044740 322937 1096174 62 22  6 10  0  0
115 84  70368 114864512 2384316 51145792    0    0 1540992 1045176 322874 1069911 62 22  6 10  0  0
75 131  70368 114875964 2384316 51145812    0    0 1577152 1103476 330868 1085750 62 22  5 10  0  0
72 161  70368 114885336 2384316 51145836    0    0 1516464 1042468 322967 1064559 59 21  7 13  0  0
63 140  70368 114864864 2384316 51145860    0    0 1495808 1011764 317722 1044952 62 21  6 11  0  0
114 133  70368 114870972 2384316 51145884    0    0 1444144 1047064 312419 1032143 58 20  7 15  0  0
65 99  70368 114871380 2384316 51145912    0    0 1500768 1021512 318021 1060319 61 21  7 11  0  0
58 84  70368 114858208 2384316 51145936    0    0 1548544 1075608 325593 1077405 61 22  6 11  0  0
98 36  70368 114858056 2384316 51145964    0    0 1534544 1041280 330135 1114580 60 23  8 10  0  0
41 96  70368 114873068 2384316 51145988    0    0 1562208 1088448 328552 1085112 61 22  7 11  0  0
89 90  70368 114883036 2384316 51146000    0    0 1591264 1040092 333641 1120716 63 22  6  9  0  0
79 59  70368 114884624 2384316 51146028    0    0 1540960 1113756 328203 1113425 60 21  6 12  0  0
69 236  70368 114901968 2384316 51146052    0    0 1527856 1013100 326991 1069471 62 21  6 11  0  0
204 43  70368 114893976 2384316 51146076    0    0 1486048 1048980 322078 1099901 59 22  7 12  0  0
59 46  70368 114871532 2384316 51146100    0    0 1559856 1066092 326390 1085270 61 22  7 11  0  0
100 104  70368 114880296 2384316 51146132    0    0 1510784 1051012 322554 1071776 59 21  8 12  0  0
90 77  70368 114868696 2384316 51146160    0    0 1570656 1051572 322729 1102873 62 22  6 10  0  0
91 69  70368 114872684 2384316 51146180    0    0 1555264 1086428 327538 1059667 62 22  6 10  0  0
197 99  70368 114874444 2384316 51146204    0    0 1539152 1069036 328846 1124922 60 22  7 10  0  0
41 24  70368 114875016 2384316 51146220    0    0 1494656 1044548 328535 1139758 59 22  8 10  0  0
procs -----------memory---------- ---swap-- -----io---- -system-- -------cpu-------
 r  b   swpd   free   buff  cache   si   so    bi    bo   in   cs us sy id wa st gu
60 137  70368 114877880 2384320 51146244    0    0 1549664 1041284 328078 1120579 61 23  7 10  0  0
124 72  70368 114887088 2384320 51146272    0    0 1512032 1031384 322321 1071343 60 21  6 13  0  0
80 110  70368 114901632 2384320 51146296    0    0 1518512 1063332 323066 1122432 59 20  8 13  0  0
95 114  70368 114906780 2384320 51146316    0    0 1528768 1052920 319231 1074380 60 22  8 11  0  0
47 138  70368 114898044 2384320 51146344    0    0 1525008 1015484 327649 1092202 62 22  7 10  0  0
98 152  70368 114893584 2384320 51146364    0    0 1526576 1060960 325041 1098491 60 22  7 11  0  0
58 82  70368 114882812 2384320 51146396    0    0 1564496 1102716 326184 1077946 60 22  7 11  0  0
82 143  70368 114872728 2384320 51146412    0    0 1588672 1050904 334490 1098386 64 22  6  9  0  0
94 38  70368 114874808 2384320 51146444    0    0 1529568 1070432 327569 1114507 61 22  7 10  0  0
58 88  70368 114874420 2384320 51146460    0    0 1510304 1022288 325187 1072933 60 21  7 12  0  0
136 30  70368 114883668 2384320 51146488    0    0 1447648 1060036 312566 1050134 56 20  9 15  0  0
59 67  70368 114874972 2384320 51146520    0    0 1541584 1056868 325326 1055621 61 21  7 10  0  0
74 116  70368 114901628 2384320 51146548    0    0 1533408 1045800 323496 1074240 60 22  8 10  0  0
88 135  70368 114912916 2384320 51146572    0    0 1476624 1046828 322089 1081996 57 21  9 13  0  0
81 106  70368 114921496 2384320 51146592    0    0 1525616 1050380 325449 1096996 62 22  7  9  0  0
63 55  70368 114906412 2384320 51146616    0    0 1541920 1008800 327134 1119866 62 22  7  9  0  0
97 106  70368 114895780 2384320 51146632    0    0 1515728 1056748 325407 1099085 60 22  7 10  0  0
40 17  70368 114873004 2384320 51146664    0    0 1474112 1082372 323480 1083492 58 21  9 11  0  0
104 115  70368 114863016 2384320 51146688    0    0 1516288 999632 318251 1043366 62 21  7 10  0  0
78 91  70368 114865420 2384320 51146712    0    0 1506240 1019936 319063 1060514 62 21  5 11  0  0
77 36  70368 114866688 2384320 51146744    0    0 1560336 1087872 331048 1105702 61 22  6 11  0  0
procs -----------memory---------- ---swap-- -----io---- -system-- -------cpu-------
 r  b   swpd   free   buff  cache   si   so    bi    bo   in   cs us sy id wa st gu
113 89  70368 114860164 2384320 51146768    0    0 1520560 1073928 332220 1126491 60 22  7 10  0  0
53 51  70368 114882724 2384320 51146796    0    0 1504352 1056576 320617 1073773 58 21  8 13  0  0
33 18  70368 114901124 2384320 51146820    0    0 1531520 1032008 323298 1075863 62 22  7  9  0  0
119 99  70368 114895812 2384320 51146836    0    0 1537344 1071116 324707 1053336 61 22  7 11  0  0
137 105  70368 114901548 2384320 51146852    0    0 1534880 1039036 325886 1111517 61 21  7 11  0  0
85 61  70368 114881720 2384320 51146872    0    0 1520592 1050504 322617 1098385 60 22  7 11  0  0
56 194  70368 114869164 2384320 51146908    0    0 1513680 1029300 318541 1019801 62 21  6 12  0  0
64 77  70368 114888352 2384320 51146932    0    0 1492560 1076864 312780 1021747 59 20  7 14  0  0
108 59  70368 114886440 2384320 51146956    0    0 1522992 1062444 323468 1093217 59 22  9 11  0  0
112 98  70368 114869196 2384324 51146976    0    0 1505888 1045176 317295 1061872 59 21  9 11  0  0
61 69  70368 114883800 2384324 51146996    0    0 1522944 1004304 322637 1096674 61 22  7 10  0  0
75 82  70368 114881844 2384324 51147028    0    0 1566240 1074044 328810 1089397 63 22  5 10  0  0
35 26  70368 114892264 2384324 51147048    0    0 1604976 1080444 335024 1077071 65 22  5  8  0  0
52 27  70368 114880148 2384324 51147068    0    0 1538544 1128788 332481 1130757 61 22  6 11  0  0
65 127  70368 114876600 2384324 51147100    0    0 1522448 1018124 321911 1065905 59 21  8 12  0  0
86 145  70368 114883172 2384324 51147124    0    0 1500784 1025388 318644 1042169 62 20  6 12  0  0
78 66  70368 114904464 2384324 51147144    0    0 1516256 1074176 321834 1121064 61 21  7 11  0  0
62 23  70368 114897392 2384324 51147232    0    0 1507472 1038820 318939 1089007 59 21  9 10  0  0
82 66  70368 114888024 2384324 51147260    0    0 1564416 1046436 327732 1109714 62 22  7 10  0  0
99 127  70368 114889404 2384324 51147276    0    0 1514272 1056764 326822 1093989 59 22  7 12  0  0
188 79  70368 114884836 2384324 51147296    0    0 1527648 1081640 327777 1074499 60 21  8 11  0  0
procs -----------memory---------- ---swap-- -----io---- -system-- -------cpu-------
 r  b   swpd   free   buff  cache   si   so    bi    bo   in   cs us sy id wa st gu
51 50  70368 114880648 2384324 51147328    0    0 1500176 1057932 318988 1088603 59 21  9 11  0  0
55 34  70368 114866808 2384324 51147352    0    0 1557808 1049820 324579 1075709 61 22  7 10  0  0
74 67  70368 114862616 2384324 51147380    0    0 1522768 1000804 320681 1086917 59 22  7 12  0  0
98 113  70368 114887304 2384324 51147408    0    0 1517888 1035580 323278 1044816 61 21  6 12  0  0
248 110  70368 114900988 2384324 51147432    0    0 1511280 1106772 326947 1102434 60 22  7 11  0  0
94 57  70368 114901024 2384324 51147460    0    0 1560448 1044224 329345 1092924 61 22  8  9  0  0
118 79  70368 114928444 2384324 51147480    0    0 1542496 1065004 328198 1094376 61 21  8 11  0  0
86 58  70368 114922368 2384324 51147492    0    0 1533344 1068932 325931 1078165 61 21  7 12  0  0
98 43  70368 114905456 2384324 51147516    0    0 1538496 1040900 325103 1071276 62 22  7  9  0  0
87 48  70368 114892864 2384324 51147536    0    0 1493568 1081732 319734 1053486 60 21  7 12  0  0
125 38  70368 114897444 2384324 51147556    0    0 1522960 1061780 320593 1074850 61 22  8 10  0  0
95 64  70368 114875580 2384324 51147592    0    0 1508752 985688 321948 1084789 61 21  7 11  0  0
67 128  70368 114865100 2384324 51147628    0    0 1527712 1043412 323160 1050061 61 21  5 12  0  0
35 132  70368 114880816 2384328 51147648    0    0 1572432 1083996 329733 1100701 63 22  6 10  0  0
32 36  70368 114888100 2384328 51147668    0    0 1517088 1087212 323477 1076161 58 21  9 12  0  0
126 62  70368 114888084 2384328 51147696    0    0 1566016 1028168 323737 1057833 63 22  6  9  0  0
63 40  70368 114884324 2384328 51147720    0    0 1512800 1061680 318310 1023867 59 21  7 13  0  0
61 204  70368 114894388 2384328 51147744    0    0 1541968 1069552 330491 1103840 61 21  7 10  0  0
97 73  70368 114907060 2384328 51147760    0    0 1504464 1079660 328636 1154747 59 21  8 12  0  0
63 75  70368 114879940 2384328 51147780    0    0 1581632 1015280 329137 1091039 64 22  6  8  0  0
69 62  70368 114880716 2384328 51147808    0    0 1453376 1054724 309656 1029130 57 20  7 16  0  0
procs -----------memory---------- ---swap-- -----io---- -system-- -------cpu-------
 r  b   swpd   free   buff  cache   si   so    bi    bo   in   cs us sy id wa st gu
115 69  70368 114882260 2384328 51147836    0    0 1513920 1034300 317492 1036677 62 21  6 11  0  0
76 155  70368 114866940 2384328 51147864    0    0 1545088 1072136 322194 1059949 61 21  7 11  0  0
78 48  70368 114878396 2384332 51147884    0    0 1580176 1063028 328505 1073707 62 22  6 11  0  0
75  7  70368 114872684 2384332 51147904    0    0 1521328 1091212 329082 1104301 58 22  8 12  0  0
20 24  70368 114875144 2384332 51147924    0    0 1571296 1003016 328239 1103590 63 22  6  9  0  0
55 11  70368 114883048 2384332 51147948    0    0 1516112 1097612 322212 1086910 59 21  8 12  0  0
103 114  70368 114870924 2384332 51147976    0    0 1532656 1069320 325521 1116487 60 21  8 11  0  0
82 169  70368 114890496 2384332 51148000    0    0 1531408 1037300 325283 1089928 60 22  7 10  0  0
315 29  70368 114900732 2384332 51148020    0    0 1485760 1049660 323541 1098268 58 21  8 13  0  0
77 58  70368 114911668 2384332 51148036    0    0 1511024 1038016 316830 1063812 60 20  8 12  0  0
96 69  70368 114904724 2384332 51148076    0    0 1541104 1075440 319668 1049146 61 21  7 12  0  0
89 69  70368 114892896 2384332 51148104    0    0 1543136 1058088 322751 1083442 61 22  8 10  0  0
83 108  70368 114886836 2384332 51148120    0    0 1531024 1049440 321628 1092438 60 22  8 11  0  0
109 54  70368 114887432 2384332 51148140    0    0 1479680 1062260 314510 1050468 59 20 10 11  0  0
110 64  70368 114878744 2384332 51148164    0    0 1582976 1036296 326231 1070057 62 22  6  9  0  0
97 60  70368 114876716 2384332 51148196    0    0 1540704 1058504 325386 1078106 61 22  7 10  0  0
86 133  70368 114879708 2384332 51148216    0    0 1545904 1071540 323699 1066124 61 21  6 12  0  0
45 158  70368 114871800 2384332 51148240    0    0 1571920 1005956 325505 1095102 63 22  5 10  0  0
165 63  70368 114860256 2384332 51148264    0    0 1530464 1091780 325879 1077776 61 21  6 12  0  0
156 58  70368 114889044 2384332 51148296    0    0 1583408 1055736 333257 1083859 63 22  6  9  0  0
89 129  70368 114908768 2384332 51148312    0    0 1533664 1100716 327118 1095949 58 20  9 12  0  0
procs -----------memory---------- ---swap-- -----io---- -system-- -------cpu-------
 r  b   swpd   free   buff  cache   si   so    bi    bo   in   cs us sy id wa st gu
126 89  70368 114910956 2384332 51148324    0    0 1519280 1053836 323191 1061197 60 21  9 10  0  0
42 73  70368 114895076 2384336 51148348    0    0 1531152 1042268 323705 1080352 60 22  7 11  0  0
190 103  70368 114882424 2384336 51148376    0    0 1473440 1075944 315379 1081119 58 21  9 12  0  0
73 65  70368 114875020 2384336 51148396    0    0 1525136 1055088 322462 1099736 60 22  8 10  0  0
107 64  70368 114856088 2384336 51148424    0    0 1510384 992700 320290 1051098 63 21  7  9  0  0
97 82  70368 114869440 2384336 51148452    0    0 1458192 1073600 313889 1045641 60 21  8 12  0  0
109 56  70368 114867244 2384336 51148476    0    0 1521888 1037184 323405 1110090 61 22  7 10  0  0
79 57  70368 114870660 2384336 51148500    0    0 1541568 1023240 324541 1098254 61 22  7 10  0  0
45 86  70368 114880284 2384336 51148524    0    0 1567568 1086564 326119 1094547 61 22  6 11  0  0
64 71  70368 114888952 2384336 51148548    0    0 1510192 1087136 322005 1092251 58 22  8 12  0  0
35 118  70368 114906888 2384336 51148576    0    0 1516864 1046816 313957 1035362 59 20  8 12  0  0
102 110  70368 114918388 2384336 51148588    0    0 1525312 1034136 326566 1096681 60 21  8 11  0  0
65 93  70368 114902908 2384336 51148612    0    0 1585248 1070088 332881 1104177 63 22  5  9  0  0
110 109  70368 114869244 2384336 51148640    0    0 1412112 1044312 310323 1093914 56 20  8 16  0  0
198 75  70368 114865000 2384336 51148732    0    0 1513568 1034992 317777 1075739 61 21  7 11  0  0
79 57  70368 114861124 2384336 51148760    0    0 1530400 1058416 321942 1080307 60 22  7 10  0  0
156 125  70368 114849740 2384336 51148788    0    0 1531632 1050988 328015 1120034 60 23  8 10  0  0
55 137  70368 114856892 2384340 51148816    0    0 1565376 1032100 332367 1103896 62 22  7  9  0  0
57 94  70368 114862168 2384340 51148836    0    0 1502336 1076500 318782 1098405 58 21  7 14  0  0
72 143  70368 114846392 2384340 51148852    0    0 1472944 1044288 316677 1101137 58 21  9 12  0  0
67 174  70368 114830980 2384340 51148880    0    0 1565856 1001404 329181 1113575 62 22  7  9  0  0
procs -----------memory---------- ---swap-- -----io---- -system-- -------cpu-------
 r  b   swpd   free   buff  cache   si   so    bi    bo   in   cs us sy id wa st gu
63 108  70368 114838764 2384340 51148908    0    0 1529648 1107560 326841 1078754 60 21  7 11  0  0
73 54  70368 114849164 2384340 51148932    0    0 1553360 995764 327819 1086689 63 21  5 11  0  0
71 61  70368 114865740 2384340 51148956    0    0 1506992 1105964 325146 1068485 61 20  6 13  0  0
88 127  70368 114865308 2384340 51148980    0    0 1516512 1038668 320554 1073946 61 21  7 10  0  0
84 45  70368 114843020 2384340 51149012    0    0 1539184 1074320 323776 1088102 61 21  7 10  0  0
19 51  70368 114849168 2384340 51149044    0    0 1544800 1037040 323970 1082565 62 22  7  9  0  0
70 69  70368 114855992 2384340 51149064    0    0 1515232 1056972 324074 1082937 60 22  7 11  0  0
121 118  70368 114856228 2384340 51149092    0    0 1524272 1042568 329044 1120902 62 22  7  9  0  0
59 47  70368 114846012 2384340 51149108    0    0 1500752 1077852 317216 1068179 57 21  8 14  0  0
70 60  70368 114832480 2384340 51149132    0    0 1502448 1036668 316863 1062246 59 21  8 12  0  0
91 177  70368 114835556 2384340 51149164    0    0 1520224 989592 316136 1012637 63 21  6 11  0  0
56 21  70368 114846316 2384340 51149188    0    0 1462352 1061984 319139 1064035 58 20  8 14  0  0
66 63  70368 114851300 2384340 51149216    0    0 1541344 1024168 329788 1106553 62 22  8  9  0  0
108 84  70368 114870316 2384340 51149232    0    0 1546672 1106896 325588 1065462 60 20  8 12  0  0
105 109  70368 114863672 2384340 51149260    0    0 1548976 1064016 325296 1078394 60 21  8 10  0  0
48 67  70368 114852760 2384340 51149284    0    0 1510080 1025580 322422 1086886 60 22  8 10  0  0
63 52  70368 114843304 2384340 51149316    0    0 1522912 1055984 326863 1109273 61 22  7 10  0  0
37 22  70368 114852268 2384340 51149340    0    0 1492384 1074756 324788 1048065 58 21  8 12  0  0
153 100  70368 114837712 2384340 51149368    0    0 1523264 1009904 324829 1103503 61 22  6 11  0  0
39 108  70368 114848620 2384340 51149392    0    0 1564768 1021488 330778 1087440 62 22  5 11  0  0
92  4  70368 114859900 2384340 51149412    0    0 1492000 1107416 320555 1075278 58 21  8 14  0  0
procs -----------memory---------- ---swap-- -----io---- -system-- -------cpu-------
 r  b   swpd   free   buff  cache   si   so    bi    bo   in   cs us sy id wa st gu
125 139  70368 114865000 2384344 51149436    0    0 1553728 1052096 329072 1110976 61 22  7 10  0  0
129  2  70368 114848680 2384344 51149464    0    0 1489056 1057764 327880 1127563 57 22 10 11  0  0
188 81  70368 114849140 2384344 51149492    0    0 1521664 1067180 324608 1082968 60 22  8 10  0  0
32 80  70368 114852748 2384344 51149512    0    0 1556416 1015176 323908 1090664 61 21  6 12  0  0
95 70  70368 114880092 2384344 51149532    0    0 1567424 1084204 332812 1101374 63 22  5 10  0  0
117 101  70368 114873716 2384344 51149556    0    0 1493120 1057632 324644 1075810 59 21  7 13  0  0
80 94  70368 114856272 2384344 51149580    0    0 1537904 1006736 321913 1055634 64 21  5 10  0  0
104 86  70368 114835968 2384344 51149600    0    0 1470592 1045756 312607 1021590 59 20  5 15  0  0
92 119  70368 114836976 2384344 51149628    0    0 1549392 1010624 328391 1065622 64 22  4 11  0  0
28 57  70368 114857052 2384344 51149656    0    0 1485552 1067372 319871 1054321 59 21  6 14  0  0
96 137  70368 114859512 2384344 51149684    0    0 1533872 1012544 325729 1079882 62 21  6 11  0  0
60 85  70368 114863996 2384344 51149704    0    0 1520960 1024284 326188 1087153 61 21  5 13  0  0
39 140  70368 114872340 2384344 51149732    0    0 1477264 1045704 322145 1081345 59 20  7 14  0  0
102 40  70368 114877268 2384344 51149756    0    0 1458368 1039048 314607 1039480 59 21  7 13  0  0
194 63  70368 114873420 2384348 51149776    0    0 1476176 1002552 312485 1049957 58 21  8 14  0  0
35 103  70368 114886348 2384348 51149796    0    0 1480352 1025936 312625 1007177 60 18  5 16  0  0
203 174  70368 114889516 2384348 51149816    0    0 1488336 1044052 312281 1013860 59 19  7 14  0  0
95 97  70368 114867032 2384348 51149844    0    0 1547392 1001420 325728 1085894 63 22  6  9  0  0
64 94  70368 114855196 2384348 51149868    0    0 1518912 1074460 326936 1050946 61 21  7 10  0  0
71 19  70368 114866276 2384352 51149892    0    0 1472320 1063040 320495 1069894 57 21  9 13  0  0
62 112  70368 114863316 2384352 51149920    0    0 1491952 996788 316171 1047046 60 21  7 12  0  0
procs -----------memory---------- ---swap-- -----io---- -system-- -------cpu-------
 r  b   swpd   free   buff  cache   si   so    bi    bo   in   cs us sy id wa st gu
99 75  70368 114861272 2384352 51149952    0    0 1505680 1024232 327116 1092355 62 21  7 10  0  0
13 27  70368 114872568 2384352 51149972    0    0 1488448 1035388 324273 1061182 59 22  6 13  0  0
71 61  70368 114858120 2384352 51149988    0    0 1534192 1038872 331170 1099654 61 22  6 11  0  0
85 122  70368 114856544 2384352 51150028    0    0 1475152 1069616 323466 1070210 58 21  6 15  0  0
48 145  70368 114862060 2384352 51150052    0    0 1566928 1039548 329096 1089467 64 22  6  8  0  0
23 109  70368 114870124 2384352 51150072    0    0 1528112 1080088 324253 1058817 61 21  7 12  0  0
62 73  70368 114880648 2384352 51150092    0    0 1563552 1021892 327190 1094532 63 21  6 10  0  0
102 74  70368 114867460 2384352 51150116    0    0 1553264 1133076 332290 1073440 63 22  6  9  0  0
60 41  70368 114868156 2384352 51150148    0    0 1543136 1088456 328314 1106155 60 22  8 10  0  0
120 145  70368 114866028 2384352 51150168    0    0 1552768 1031740 327848 1131022 60 23  8  9  0  0
127 115  70368 114856616 2384352 51150196    0    0 1524048 1099972 331563 1106707 59 22  7 11  0  0
64 98  70368 114868728 2384352 51150272    0    0 1526640 1006260 318584 1055187 61 21  6 11  0  0
52 28  70368 114875648 2384352 51150300    0    0 1486464 1041640 323074 1065527 59 22  8 11  0  0
100 12  70368 114865968 2384352 51150320    0    0 1563024 1101244 332471 1077983 61 22  7 10  0  0
75 90  70368 114856476 2384352 51150348    0    0 1545696 1013952 325715 1099327 61 22  6 10  0  0
30 41  70368 114849288 2384352 51150372    0    0 1512112 1059044 321570 1073665 59 22  7 13  0  0
43 20  70368 114860740 2384352 51150396    0    0 1526016 1114592 328720 1091366 59 22  9 11  0  0
82 151  70368 114876420 2384352 51150416    0    0 1615728 1087772 337589 1115353 62 22  7  9  0  0
97 41  70368 114877168 2384352 51150440    0    0 1530992 1091140 334192 1140507 60 22  8 10  0  0
63 72  70368 114874016 2384352 51150472    0    0 1546960 1069260 331285 1116244 60 22  8 10  0  0
82 131  70368 114878240 2384352 51150500    0    0 1501728 1022932 316366 1056409 58 21  8 14  0  0
procs -----------memory---------- ---swap-- -----io---- -system-- -------cpu-------
 r  b   swpd   free   buff  cache   si   so    bi    bo   in   cs us sy id wa st gu
88 62  70368 114856416 2384352 51150516    0    0 1535968 1026832 324431 1070392 64 22  6  9  0  0
60 121  70368 114846104 2384352 51150544    0    0 1560688 1046876 328335 1116378 62 22  6  9  0  0
78 131  70368 114855964 2384356 51150568    0    0 1489472 1093496 321487 1058709 59 21  7 13  0  0
94 110  70368 114853624 2384356 51150596    0    0 1514480 1044680 327375 1111920 60 22  7 11  0  0
47 56  70368 114847868 2384356 51150616    0    0 1606320 1059112 340904 1129803 64 23  6  7  0  0
52 74  70368 114855712 2384356 51150644    0    0 1531216 1109192 331920 1125778 61 22  8  9  0  0
71 128  70368 114862428 2384356 51150676    0    0 1548320 1073388 326311 1093876 60 22  8 10  0  0
66 67  70368 114857540 2384356 51150700    0    0 1490192 979844 319256 1064495 60 21  5 14  0  0
73 175  70368 114890204 2384356 51150716    0    0 1493776 1037172 323999 1075472 61 19  6 14  0  0
48 131  70368 114889404 2384356 51150736    0    0 1532624 1027640 323976 1051896 62 21  6 10  0  0
80 53  70368 114874288 2384356 51150764    0    0 1423712 1032512 313519 1053383 56 20  9 15  0  0
131 113  70368 114847004 2384356 51150788    0    0 1451696 968508 308356 1015553 59 20  7 14  0  0
45 91  70368 114827308 2384356 51150812    0    0 1499936 1075216 324436 1076950 63 21  5 11  0  0
83 114  70368 114843096 2384356 51150840    0    0 1558304 1052780 326038 1064198 60 22  7 11  0  0
69 102  70368 114856192 2384356 51150864    0    0 1546352 1041444 332884 1127297 62 23  6 10  0  0
26 56  70368 114867548 2384356 51150884    0    0 1513360 1079200 324753 1073353 60 22  7 11  0  0
46 73  70368 114852500 2384356 51150912    0    0 1530416 1030720 328065 1072539 60 22  7 10  0  0
112 125  70368 114870988 2384356 51150940    0    0 1502336 1067524 318777 1062598 59 21  7 13  0  0
78 119  70368 114849896 2384356 51150972    0    0 1526848 1036912 322122 1071422 62 21  6 11  0  0
63 102  70368 114881440 2384356 51150992    0    0 1491472 1036776 315686 1006884 61 19  7 13  0  0
73 60  70368 114893060 2384356 51151008    0    0 1447664 995208 307032 992105 58 19  6 17  0  0
procs -----------memory---------- ---swap-- -----io---- -system-- -------cpu-------
 r  b   swpd   free   buff  cache   si   so    bi    bo   in   cs us sy id wa st gu
78 166  70368 114877060 2384356 51151032    0    0 1495568 1010392 324350 1076357 60 21  6 14  0  0
115 98  70368 114874144 2384356 51151056    0    0 1505824 1010188 320104 1082815 60 21  6 13  0  0
83 114  70368 114866536 2384356 51151084    0    0 1451872 1037156 316645 1063431 57 21  8 14  0  0
62 94  70368 114865692 2384356 51151108    0    0 1520432 994416 324005 1066088 62 21  5 12  0  0
74 186  70368 114853980 2384356 51151136    0    0 1426512 1005648 322040 1080170 58 21  6 15  0  0
72 67  70368 114858080 2384356 51151152    0    0 1455248 1008064 314955 1022392 60 20  7 12  0  0
87 201  70368 114866612 2384356 51151196    0    0 1472384 1050888 319257 1003148 60 20  7 13  0  0
59 38  70368 114854328 2384356 51151216    0    0 1479152 1011248 317571 1070881 58 20  7 15  0  0
118 173  70368 114857116 2384356 51151244    0    0 1462624 980104 309370 1030742 60 20  6 14  0  0
35 111  70368 114866152 2384356 51151272    0    0 1508592 1004136 317842 1037570 62 20  5 13  0  0
126 109  70368 114886480 2384356 51151292    0    0 1483488 1031052 318563 1076740 58 20  8 14  0  0
70 132  70368 114892700 2384356 51151312    0    0 1511824 1026456 329659 1081891 62 21  5 12  0  0
54 91  70368 114875352 2384356 51151336    0    0 1497248 997068 319128 1051800 60 21  5 14  0  0
40 166  70368 114866100 2384356 51151368    0    0 1497328 1035344 327390 1066134 62 21  5 12  0  0
42 132  70368 114873356 2384356 51151392    0    0 1538720 1088540 332379 1094411 62 21  6 11  0  0
100 30  70368 114862104 2384356 51151412    0    0 1498720 1097304 319677 1065501 56 21  9 14  0  0
80 199  70368 114855332 2384356 51151440    0    0 1537744 1005508 319858 1058358 61 22  8 10  0  0
73 52  70368 114842460 2384356 51151464    0    0 1472464 1049220 317511 1079825 59 21  8 13  0  0
66 92  70368 114848116 2384356 51151484    0    0 1509488 1045108 315921 1078119 60 21  8 11  0  0
118 105  70368 114851240 2384356 51151508    0    0 1560608 1052816 327351 1083777 62 22  7  9  0  0
98 55  70368 114847080 2384356 51151532    0    0 1543280 1032640 328822 1094679 61 22  7 11  0  0
procs -----------memory---------- ---swap-- -----io---- -system-- -------cpu-------
 r  b   swpd   free   buff  cache   si   so    bi    bo   in   cs us sy id wa st gu
130 45  70368 114852904 2384356 51151556    0    0 1523408 1120888 329576 1110780 61 21  6 12  0  0
84 131  70368 114874260 2384356 51151572    0    0 1506672 1030364 326462 1116189 60 21  8 11  0  0
99 85  70368 114877244 2384356 51151596    0    0 1528848 1013372 329425 1123169 62 22  7  9  0  0
70 24  70368 114874724 2384356 51151620    0    0 1493152 1103728 320547 1080577 57 21  9 13  0  0
51 162  70368 114854752 2384356 51151648    0    0 1482896 1006412 318206 1077484 59 22  9 11  0  0
57 102  70368 114836528 2384356 51151672    0    0 1502352 1009204 324157 1079258 62 22  5 11  0  0
105 93  70368 114835012 2384356 51151696    0    0 1508688 1073524 323315 1082181 59 21  8 13  0  0
80 127  70368 114845152 2384356 51151724    0    0 1510704 1060920 323295 1088964 59 22  8 11  0  0
29 39  70368 114845092 2384356 51151844    0    0 1517248 1029684 319334 1079543 61 21  8 10  0  0
91 138  70368 114859836 2384356 51151876    0    0 1519872 1010548 321204 1081090 60 21  7 11  0  0
123 110  70368 114866724 2384356 51151892    0    0 1520128 1040204 318136 1038033 61 21  7 11  0  0
65 115  70368 114856096 2384360 51151916    0    0 1530112 1117684 322003 1036608 61 21  7 11  0  0
87 95  70368 114872540 2384360 51151944    0    0 1583040 1059320 332295 1129629 62 21  6 10  0  0
70 42  70368 114876432 2384360 51151964    0    0 1492864 1041880 321570 1097051 60 21  8 11  0  0
149 110  70368 114864124 2384360 51151988    0    0 1506384 1055288 319730 1048652 60 21  6 12  0  0
137 113  70368 114861224 2384360 51152012    0    0 1577312 1029884 324808 1069782 63 23  6  9  0  0
99 87  70368 114849212 2384360 51152036    0    0 1514608 1102836 324242 1084199 60 21  8 10  0  0
31 110  70368 114829404 2384360 51152064    0    0 1527168 1043444 321537 1117335 60 22  8 10  0  0
72 116  70368 114830400 2384360 51152096    0    0 1526848 1000572 318764 1084826 60 22  7 11  0  0
