procs -----------memory---------- ---swap-- -----io---- -system-- -------cpu-------
 r  b   swpd   free   buff  cache   si   so    bi    bo   in   cs us sy id wa st gu
 5  0  70368 124668396 2381728 50845580    0    1 12484 15637 3923    2  2  0 98  0  0  0
 1  0  70368 124648476 2381728 50845648    0    0     0 320032 96061 58005  1  1 98  0  0  0
21  0  70368 124608860 2381728 50845704    0    0     0 320004 104595 78859 39  2 59  0  0  0
24 12  70368 124583380 2381728 50845732    0    0 644576 532108 186520 635046 22  7 61  9  0  0
29  8  70368 124595732 2381728 50845756    0    0 893008 508180 221359 819509 24  8 54 14  0  0
28 10  70368 124597536 2381732 50845784    0    0 892016 513252 219568 820634 24  8 54 14  0  0
26 11  70368 124593624 2381732 50845816    0    0 890976 507076 219013 820068 24  8 54 14  0  0
26 12  70368 124611028 2381732 50845900    0    0 891328 532984 219396 815247 23  7 55 15  0  0
30 12  70368 124606848 2381732 50845924    0    0 889184 525252 218481 813273 24  8 54 14  0  0
28 11  70368 124593436 2381732 50845952    0    0 882784 529736 218780 811245 24  8 54 14  0  0
26 14  70368 124558788 2381732 50845988    0    0 881872 526544 224628 811837 24  8 54 14  0  0
28 12  70368 124583100 2381732 50846012    0    0 882912 525044 218132 811502 24  8 54 14  0  0
32  9  70368 124576736 2381732 50846032    0    0 888352 528692 220062 815881 24  8 54 14  0  0
27 14  70368 124578468 2381732 50846060    0    0 879152 531100 218109 813560 24  8 54 14  0  0
21 14  70368 124591196 2381732 50846076    0    0 891168 540852 218605 817529 23  7 55 15  0  0
24 16  70368 124588692 2381732 50846100    0    0 884640 540944 218976 816692 24  8 54 14  0  0
33  5  70368 124578328 2381732 50846132    0    0 882048 540556 218248 812603 24  8 54 14  0  0
33 12  70368 124568648 2381732 50846160    0    0 881056 547984 219726 818520 24  8 54 14  0  0
30 11  70368 124572720 2381732 50846180    0    0 869872 546220 217828 806526 24  8 54 14  0  0
23 14  70368 124575932 2381732 50846204    0    0 872688 558624 217820 805638 24  8 54 14  0  0
28 11  70368 124563596 2381732 50846236    0    0 853712 560732 218006 798769 24  8 54 14  0  0
procs -----------memory---------- ---swap-- -----io---- -system-- -------cpu-------
 r  b   swpd   free   buff  cache   si   so    bi    bo   in   cs us sy id wa st gu
25 10  70368 124573512 2381732 50846260    0    0 876192 574208 221396 813167 23  8 54 15  0  0
22 16  70368 124564136 2381732 50846280    0    0 869440 560996 217582 804183 24  8 54 14  0  0
22 21  70368 124564512 2381732 50846308    0    0 867616 569512 218763 804837 24  8 53 14  0  0
28  9  70368 124570540 2381732 50846336    0    0 870976 570292 219259 809095 24  8 54 14  0  0
27 11  70368 124566348 2381732 50846360    0    0 868112 580084 219877 813397 24  8 54 14  0  0
28 13  70368 124567248 2381740 50846392    0    0 869056 590492 219399 811808 24  9 53 14  0  0
31  7  70368 124570552 2381740 50846408    0    0 867504 608420 220402 812499 24  9 53 14  0  0
29  7  70368 124584168 2381740 50846444    0    0 868752 608000 219588 813269 23  8 54 15  0  0
23 13  70368 124569292 2381740 50846456    0    0 868752 617736 221843 821547 24  8 54 15  0  0
30  9  70368 124560948 2381744 50846480    0    0 863280 603324 218965 810546 24  9 53 14  0  0
25 18  70368 124546544 2381744 50846512    0    0 859664 599084 219059 807309 24  8 54 14  0  0
26 11  70368 124556508 2381744 50846536    0    0 865616 594340 218809 809709 24  8 54 14  0  0
28 17  70368 124550792 2381744 50846568    0    0 857216 590136 218472 804322 23  9 53 15  0  0
19 17  70368 124547900 2381744 50846604    0    0 863408 590616 218976 809042 24  8 54 14  0  0
20 15  70368 124542480 2381744 50846624    0    0 855520 586648 216486 794836 23  8 55 14  0  0
22 14  70368 124558944 2381748 50846640    0    0 869520 589560 219285 807094 23  8 54 15  0  0
30 12  70368 124551548 2381748 50846668    0    0 859248 590228 219687 807539 24  9 53 14  0  0
28 11  70368 124533660 2381748 50846696    0    0 863760 603136 219655 808560 24  9 53 14  0  0
25 18  70368 124541964 2381748 50846724    0    0 862896 598976 220015 812317 24  8 53 14  0  0
26 12  70368 124551312 2381748 50846756    0    0 863232 602116 219865 808732 24  8 53 14  0  0
26 10  70368 124538576 2381748 50846776    0    0 862416 600628 219313 808137 24  8 53 14  0  0
procs -----------memory---------- ---swap-- -----io---- -system-- -------cpu-------
 r  b   swpd   free   buff  cache   si   so    bi    bo   in   cs us sy id wa st gu
24 11  70368 124532520 2381748 50846808    0    0 865616 599344 219733 809687 24  8 54 15  0  0
25 13  70368 124531200 2381748 50846820    0    0 870112 597884 219555 813087 24  7 55 15  0  0
27 11  70368 124540560 2381748 50846848    0    0 863376 593100 219477 811297 24  8 53 14  0  0
30  7  70368 124564456 2381748 50846876    0    0 859200 598116 219529 811069 24  8 54 14  0  0
27  9  70368 124544708 2381748 50846900    0    0 863040 597760 220195 810138 24  8 54 14  0  0
23 17  70368 124555992 2381752 50846936    0    0 863808 593372 220346 810023 24  9 54 14  0  0
31  9  70368 124550256 2381752 50846968    0    0 865472 593680 220272 811273 24  8 53 14  0  0
33  7  70368 124549456 2381752 50846988    0    0 862096 595356 226722 808451 24  8 54 14  0  0
17 19  70368 124537604 2381752 50847004    0    0 868816 597720 227524 810112 23  7 55 15  0  0
17 20  70368 124533972 2381752 50847032    0    0 861168 592924 219158 807748 24  8 54 14  0  0
25 12  70368 124533116 2381752 50847056    0    0 852272 594192 218925 801544 24  8 53 15  0  0
22 14  70368 124503464 2381752 50847088    0    0 856416 595760 219145 805705 24  8 53 14  0  0
18 18  70368 124501832 2381752 50847108    0    0 858768 595468 219448 809356 24  9 54 14  0  0
27 10  70368 124525364 2381752 50847132    0    0 854944 595236 219192 804386 24  8 54 14  0  0
30  7  70368 124523364 2381752 50847156    0    0 862128 602412 220572 809916 24  9 53 14  0  0
23 15  70368 124531584 2381752 50847184    0    0 872432 603536 220878 808962 23  7 55 15  0  0
22 13  70368 124530928 2381752 50847204    0    0 864912 602116 220363 811089 24  8 54 15  0  0
31  8  70368 124517320 2381752 50847232    0    0 860096 603356 220603 810882 24  9 53 14  0  0
17 18  70368 124531260 2381752 50847252    0    0 860304 601908 220435 812250 24  8 54 14  0  0
27  8  70368 124515324 2381752 50847284    0    0 862256 602452 220867 812553 24  9 53 14  0  0
20 15  70368 124514104 2381752 50847316    0    0 859936 613412 220431 809768 24  8 53 14  0  0
procs -----------memory---------- ---swap-- -----io---- -system-- -------cpu-------
 r  b   swpd   free   buff  cache   si   so    bi    bo   in   cs us sy id wa st gu
32 21  70368 124528896 2381752 50847336    0    0 860512 609140 221521 812709 24  8 53 14  0  0
20 15  70368 124532552 2381752 50847360    0    0 866912 605492 222431 814251 24  8 54 15  0  0
29 11  70368 124520564 2381752 50847388    0    0 866960 612328 223068 809851 24  8 54 15  0  0
25 13  70368 124505136 2381752 50847412    0    0 860880 609948 220103 811948 24  8 54 14  0  0
23 20  70368 124524096 2381752 50847452    0    0 858128 609504 220056 808816 24  9 54 14  0  0
23 12  70368 124512176 2381752 50847540    0    0 857088 605880 220276 811820 24  9 53 14  0  0
29 13  70368 124518904 2381752 50847560    0    0 856528 609072 219344 806761 24  8 54 14  0  0
30 10  70368 124522860 2381752 50847588    0    0 858704 609416 220359 809938 24  9 53 14  0  0
22 14  70368 124519364 2381752 50847608    0    0 862496 605304 219238 806386 24  8 54 15  0  0
25 14  70368 124527048 2381752 50847636    0    0 860176 609916 218365 804567 24  7 54 15  0  0
29 10  70368 124535000 2381752 50847656    0    0 854576 608132 220432 810244 24  9 53 14  0  0
24 13  70368 124519460 2381752 50847680    0    0 857952 607152 219639 806172 24  8 53 14  0  0
28 12  70368 124512352 2381752 50847708    0    0 861744 603632 220781 813390 24  9 54 14  0  0
26  9  70368 124535856 2381752 50847736    0    0 859456 612372 220695 809805 24  8 54 14  0  0
28  8  70368 124514592 2381752 50847760    0    0 861376 603476 220727 813712 24  9 53 14  0  0
19 20  70368 124512152 2381752 50847792    0    0 860320 607480 222368 809929 24  8 54 14  0  0
27 21  70368 124510568 2381752 50847812    0    0 862352 608408 218297 806916 23  7 55 15  0  0
28  8  70368 124529700 2381752 50847832    0    0 859904 601964 221233 813526 24  9 53 14  0  0
21 23  70368 124533916 2381752 50847864    0    0 862064 607088 220500 811952 24  9 53 14  0  0
23 13  70368 124535820 2381752 50847892    0    0 866176 601308 220351 811794 23  9 54 14  0  0
20 15  70368 124529752 2381752 50847920    0    0 861376 603584 219675 811021 24  8 53 14  0  0
procs -----------memory---------- ---swap-- -----io---- -system-- -------cpu-------
 r  b   swpd   free   buff  cache   si   so    bi    bo   in   cs us sy id wa st gu
28 11  70368 124526596 2381752 50847948    0    0 863872 601428 220441 812228 24  8 54 14  0  0
24 23  70368 124519308 2381752 50847976    0    0 864432 606572 220513 811414 24  8 53 14  0  0
23 13  70368 124520656 2381752 50847996    0    0 872720 606604 219848 814466 23  7 55 15  0  0
28 11  70368 124534468 2381752 50848016    0    0 860464 602852 219911 810560 24  8 54 14  0  0
30  8  70368 124528448 2381752 50848036    0    0 857296 595504 219402 807709 24  8 54 14  0  0
20 17  70368 124506872 2381752 50848060    0    0 858048 598852 219632 807119 23  8 53 15  0  0
29  9  70368 124519512 2381752 50848092    0    0 853280 599304 218208 802690 24  8 54 15  0  0
25 11  70368 124530284 2381752 50848116    0    0 862208 595264 219636 811007 24  9 54 14  0  0
19 18  70368 124512628 2381752 50848140    0    0 861552 600444 222534 812886 24  9 53 14  0  0
21 15  70368 124515580 2381752 50848172    0    0 863440 596000 218624 806003 24  7 54 15  0  0
26 11  70368 124502704 2381752 50848188    0    0 868928 609556 220019 811531 24  8 54 15  0  0
27  8  70368 124508228 2381752 50848220    0    0 858528 603240 219333 809138 24  8 54 14  0  0
27  9  70368 124516136 2381756 50848244    0    0 857328 606276 220223 811765 24  9 53 14  0  0
24 13  70368 124517244 2381756 50848276    0    0 859168 610632 219751 806677 24  8 54 14  0  0
32 11  70368 124524292 2381756 50848308    0    0 859936 604724 219250 807454 24  8 54 15  0  0
24 16  70368 124520600 2381756 50848332    0    0 861488 617964 221553 816517 24  9 53 14  0  0
30  6  70368 124519804 2381756 50848364    0    0 865808 613760 220533 815058 24  8 54 15  0  0
28 12  70368 124535672 2381760 50848376    0    0 872336 614080 221146 813558 23  8 54 15  0  0
25 15  70368 124533640 2381760 50848400    0    0 861040 611764 220279 811734 24  8 53 14  0  0
24 12  70368 124520364 2381760 50848432    0    0 860912 613532 221039 817507 24  8 54 14  0  0
21 15  70368 124511700 2381760 50848464    0    0 860864 618928 221389 825414 24  8 53 14  0  0
procs -----------memory---------- ---swap-- -----io---- -system-- -------cpu-------
 r  b   swpd   free   buff  cache   si   so    bi    bo   in   cs us sy id wa st gu
25 12  70368 124524740 2381760 50848488    0    0 855888 627528 220521 822024 24  8 54 15  0  0
25 15  70368 124502504 2381760 50848508    0    0 855568 624012 225913 817995 24  8 53 15  0  0
33 10  70368 124493152 2381760 50848536    0    0 846736 601068 223574 797088 23  8 54 14  0  0
21 13  70368 124487968 2381760 50848552    0    0 862448 608520 225335 807440 23  7 54 15  0  0
22  8  70368 124470800 2381760 50848576    0    0 855792 602604 223170 803620 24  9 54 14  0  0
26 11  70368 124465724 2381760 50848612    0    0 855824 601864 218898 801893 23  9 54 14  0  0
21  9  70368 124496036 2381760 50848636    0    0 858544 602556 220454 808742 23  9 54 14  0  0
30 11  70368 124496352 2381760 50848660    0    0 857824 600184 219256 803878 24  8 54 14  0  0
28 13  70368 124483816 2381760 50848688    0    0 860576 608340 221231 812502 24  9 53 14  0  0
26 17  70368 124486352 2381760 50848724    0    0 860224 607220 219669 809126 24  8 54 14  0  0
34  8  70368 124527548 2381760 50848736    0    0 869840 610528 219864 812725 23  7 55 15  0  0
20 35  70368 124522168 2381760 50848752    0    0 858912 606240 219711 809232 24  8 53 14  0  0
21 30  70368 124505840 2381760 50848788    0    0 861504 607596 220299 810302 24  9 53 14  0  0
31 15  70368 124507456 2381760 50848816    0    0 859280 608720 220533 809824 23  9 54 14  0  0
22 21  70368 124490292 2381760 50848840    0    0 861712 606312 220027 810002 24  9 54 14  0  0
26 24  70368 124502160 2381760 50848872    0    0 862624 599036 219696 809493 24  8 54 14  0  0
21 23  70368 124511356 2381760 50848900    0    0 861520 606916 219790 809278 24  8 53 14  0  0
17 30  70368 124516564 2381760 50848916    0    0 870784 609752 219949 812524 23  7 55 15  0  0
25 17  70368 124498188 2381760 50848932    0    0 851104 595492 220568 797027 23  8 54 15  0  0
18 32  70368 124483020 2381760 50848968    0    0 857024 607564 219672 807359 24  9 53 14  0  0
20 23  70368 124489192 2381760 50848992    0    0 855888 608304 218944 805138 24  8 53 14  0  0
procs -----------memory---------- ---swap-- -----io---- -system-- -------cpu-------
 r  b   swpd   free   buff  cache   si   so    bi    bo   in   cs us sy id wa st gu
19 34  70368 124475592 2381760 50849016    0    0 855808 603856 218846 803118 24  9 53 14  0  0
29 19  70368 124470932 2381760 50849044    0    0 856672 600796 219466 808344 24  9 53 14  0  0
26 21  70368 124489656 2381760 50849136    0    0 860320 610744 220586 812852 24  8 53 14  0  0
29 16  70368 124493848 2381760 50849172    0    0 864304 609712 219812 809952 23  8 54 15  0  0
21 20  70368 124494880 2381760 50849188    0    0 863408 607060 218976 808707 24  8 54 15  0  0
23 18  70368 124524244 2381760 50849220    0    0 859184 606264 219613 811196 24  8 53 14  0  0
21 36  70368 124507576 2381760 50849240    0    0 855360 609612 218623 805111 24  9 54 14  0  0
29 22  70368 124490316 2381760 50849264    0    0 859712 611280 219899 811589 24  8 54 14  0  0
15 32  70368 124508292 2381760 50849296    0    0 860192 611680 220662 813557 24  8 54 14  0  0
24 28  70368 124520296 2381760 50849324    0    0 860976 607324 220148 812071 24  8 54 14  0  0
17 33  70368 124505936 2381760 50849344    0    0 867664 610636 219324 811262 24  8 54 14  0  0
20 22  70368 124511208 2381760 50849364    0    0 868416 607608 221062 817047 24  7 54 15  0  0
21 23  70368 124502520 2381760 50849396    0    0 856400 609720 220650 807989 24  8 54 14  0  0
19 21  70368 124501264 2381760 50849424    0    0 858032 609320 220514 812308 24  9 53 14  0  0
22 28  70368 124498216 2381760 50849448    0    0 858832 621276 222147 816727 24  9 53 14  0  0
21 34  70368 124508104 2381760 50849472    0    0 855664 623284 221022 811565 24  8 53 15  0  0
21 33  70368 124491340 2381760 50849496    0    0 862224 618960 221555 813829 24  8 54 15  0  0
22 17  70368 124497112 2381760 50849528    0    0 857232 619504 220973 815468 24  8 54 14  0  0
11 33  70368 124517884 2381760 50849548    0    0 868144 623112 221296 814808 23  7 55 15  0  0
28 13  70368 124534740 2381760 50849572    0    0 857296 620060 220729 812321 24  8 53 14  0  0
40 13  70368 124511884 2381764 50849596    0    0 861984 615908 221386 818078 24  8 53 14  0  0
procs -----------memory---------- ---swap-- -----io---- -system-- -------cpu-------
 r  b   swpd   free   buff  cache   si   so    bi    bo   in   cs us sy id wa st gu
20 30  70368 124519492 2381764 50849624    0    0 861584 624916 221688 818148 24  8 53 14  0  0
16 29  70368 124510848 2381764 50849660    0    0 859840 619508 221318 815800 24  8 54 14  0  0
20 35  70368 124499456 2381764 50849680    0    0 862224 607712 219807 809935 24  9 53 14  0  0
26 20  70368 124508852 2381764 50849708    0    0 861552 611844 220076 810754 24  9 53 14  0  0
27 21  70368 124527640 2381764 50849728    0    0 870240 609748 219684 811710 23  7 55 15  0  0
16 33  70368 124507200 2381764 50849752    0    0 852608 601884 222207 801744 24  8 54 14  0  0
19 22  70368 124489996 2381764 50849776    0    0 860176 606592 219815 805795 24  8 54 14  0  0
25 16  70368 124505340 2381764 50849804    0    0 855744 602288 218804 804017 24  8 53 14  0  0
25 23  70368 124483768 2381764 50849832    0    0 859920 603496 220689 812885 24  9 54 14  0  0
25 30  70368 124471508 2381764 50849860    0    0 857424 610572 219443 806753 24  8 54 14  0  0
26 28  70368 124490484 2381764 50849888    0    0 857936 599032 218840 806666 24  8 53 14  0  0
30 14  70368 124505940 2381764 50849912    0    0 866912 612848 219965 809129 23  7 55 15  0  0
16 39  70368 124512760 2381764 50849932    0    0 862944 607648 219251 809344 24  8 54 14  0  0
20 20  70368 124507324 2381764 50849956    0    0 858848 604080 220033 809543 24  9 53 14  0  0
29 14  70368 124502844 2381764 50849992    0    0 856896 605692 219975 808382 24  8 54 14  0  0
23 25  70368 124487128 2381764 50850020    0    0 863232 600736 219326 806958 24  8 54 14  0  0
25 22  70368 124511588 2381764 50850040    0    0 859728 610324 220170 812292 24  8 53 15  0  0
27 15  70368 124524520 2381764 50850060    0    0 860096 614660 220177 807115 24  9 53 14  0  0
21 32  70368 124529168 2381764 50850096    0    0 867520 610316 219452 809961 23  8 54 15  0  0
17 34  70368 124507728 2381764 50850120    0    0 858944 606096 224951 807546 24  8 54 15  0  0
19 18  70368 124507196 2381764 50850144    0    0 860000 607844 219897 809627 24  9 53 14  0  0
procs -----------memory---------- ---swap-- -----io---- -system-- -------cpu-------
 r  b   swpd   free   buff  cache   si   so    bi    bo   in   cs us sy id wa st gu
17 34  70368 124494272 2381764 50850168    0    0 858672 611588 220924 811705 24  9 53 14  0  0
23 20  70368 124479020 2381772 50850188    0    0 862112 604224 220053 810237 24  9 53 14  0  0
15 39  70368 124484272 2381772 50850224    0    0 856960 606140 218878 806843 24  8 54 14  0  0
19 31  70368 124484656 2381772 50850252    0    0 860032 605544 220010 809777 24  8 53 14  0  0
12 36  70368 124519144 2381772 50850276    0    0 861456 612732 220278 811271 24  8 54 15  0  0
23 21  70368 124516256 2381772 50850296    0    0 862528 605664 218768 808262 24  7 54 15  0  0
19 36  70368 124510852 2381772 50850320    0    0 862208 610972 220503 810049 23  9 54 14  0  0
21 20  70368 124510976 2381772 50850348    0    0 857744 608128 218626 805057 23  8 53 15  0  0
16 33  70368 124506808 2381772 50850380    0    0 858416 610628 219806 809695 24  8 53 14  0  0
24 17  70368 124502116 2381772 50850396    0    0 859296 611496 220040 810680 24  8 53 14  0  0
18 37  70368 124497536 2381772 50850420    0    0 859552 605216 220010 811455 24  9 54 14  0  0
17 34  70368 124513116 2381772 50850448    0    0 860432 615268 220635 814984 24  8 54 14  0  0
23 20  70368 124507128 2381772 50850472    0    0 861344 602812 232106 802132 23  7 55 15  0  0
22 34  70368 124483576 2381772 50850492    0    0 859952 595556 219612 808797 24  8 53 14  0  0
24 28  70368 124505304 2381772 50850520    0    0 854240 608424 218969 801762 24  8 53 15  0  0
15 38  70368 124468448 2381772 50850548    0    0 857808 608612 220145 807566 24  9 53 14  0  0
15 28  70368 124490944 2381772 50850576    0    0 856896 608388 220087 807126 24  9 53 14  0  0
15 37  70368 124493960 2381772 50850604    0    0 860960 605200 220359 809342 24  9 53 14  0  0
20 24  70368 124488172 2381772 50850636    0    0 858352 612396 219289 805517 24  9 54 14  0  0
23 19  70368 124499468 2381772 50850652    0    0 872800 609844 220536 812165 23  7 55 15  0  0
19 27  70368 124491292 2381772 50850736    0    0 864192 601868 219807 810010 24  8 54 14  0  0
procs -----------memory---------- ---swap-- -----io---- -system-- -------cpu-------
 r  b   swpd   free   buff  cache   si   so    bi    bo   in   cs us sy id wa st gu
20 22  70368 124499452 2381772 50850764    0    0 857072 610448 219935 806524 24  8 53 14  0  0
22 20  70368 124504556 2381772 50850796    0    0 859632 597724 219561 807282 23  8 54 15  0  0
23 18  70368 124489148 2381772 50850820    0    0 860912 606660 219070 807947 24  8 53 14  0  0
28 17  70368 124507728 2381772 50850844    0    0 857424 616124 219317 804737 23  9 53 15  0  0
18 27  70368 124505684 2381772 50850876    0    0 860800 605276 219327 808684 24  8 53 14  0  0
22 28  70368 124520140 2381772 50850896    0    0 859504 611236 222156 804149 23  8 55 15  0  0
34 21  70368 124487216 2381772 50850916    0    0 863808 611412 219346 810936 24  8 54 14  0  0
27 18  70368 124482324 2381772 50850948    0    0 861792 601876 219354 808834 24  9 54 14  0  0
26 30  70368 124485892 2381772 50850980    0    0 860784 603944 219422 808575 24  8 54 14  0  0
23 18  70368 124487260 2381772 50851004    0    0 858400 597044 219099 806777 24  8 54 14  0  0
27 20  70368 124469220 2381772 50851036    0    0 858928 591900 218798 806785 24  9 54 14  0  0
19 36  70368 124482620 2381776 50851060    0    0 857232 610888 219101 807726 24  9 54 14  0  0
23 18  70368 124499224 2381776 50851088    0    0 865664 618464 219796 807600 23  8 54 15  0  0
22 21  70368 124496076 2381776 50851108    0    0 866736 607408 219637 809854 24  8 54 15  0  0
25 17  70368 124493360 2381776 50851132    0    0 863744 614824 220921 817779 24  8 53 14  0  0
18 20  70368 124491556 2381776 50851164    0    0 860448 607912 219140 809395 24  9 53 14  0  0
31 19  70368 124489796 2381776 50851188    0    0 859632 608860 220149 810454 24  8 53 14  0  0
21 27  70368 124483504 2381776 50851216    0    0 860352 608376 219832 809981 24  8 53 14  0  0
18 36  70368 124496944 2381776 50851244    0    0 863760 601728 219970 811627 24  8 53 14  0  0
12 22  70368 124497308 2381776 50851268    0    0 854704 588412 223622 795380 24  8 54 15  0  0
19 37  70368 124480624 2381776 50851276    0    0 862512 622340 220141 809951 23  7 54 15  0  0
procs -----------memory---------- ---swap-- -----io---- -system-- -------cpu-------
 r  b   swpd   free   buff  cache   si   so    bi    bo   in   cs us sy id wa st gu
22 22  70368 124479828 2381776 50851300    0    0 858720 617708 220849 812864 24  8 54 14  0  0
32 23  70368 124485048 2381776 50851336    0    0 857056 607480 217925 807532 23  8 54 14  0  0
26 20  70368 124477588 2381776 50851360    0    0 857936 610848 218910 807454 24  9 54 14  0  0
35 14  70368 124475164 2381776 50851388    0    0 863376 605896 219150 809590 24  9 53 14  0  0
22 17  70368 124486212 2381776 50851416    0    0 865488 605028 220276 813060 24  9 53 14  0  0
11 39  70368 124492224 2381776 50851444    0    0 864240 603036 218562 804997 24  8 54 14  0  0
21 37  70368 124505060 2381776 50851456    0    0 866208 608316 218911 809597 23  7 55 15  0  0
14 33  70368 124500788 2381776 50851488    0    0 858496 598040 219215 808315 24  8 53 14  0  0
19 30  70368 124482036 2381776 50851516    0    0 856464 603160 218593 805434 24  8 53 14  0  0
19 28  70368 124491364 2381776 50851536    0    0 860896 618260 220554 812452 24  8 53 14  0  0
19 30  70368 124484836 2381776 50851568    0    0 859952 619588 220707 813558 24  8 53 14  0  0
18 27  70368 124494764 2381776 50851596    0    0 860240 611328 220487 811337 24  8 53 14  0  0
15 28  70368 124506968 2381776 50851620    0    0 859408 606880 221926 808232 24  9 53 14  0  0
19 38  70368 124504140 2381776 50851636    0    0 869552 619816 220690 813045 23  7 55 15  0  0
17 37  70368 124474972 2381776 50851660    0    0 862416 592244 219706 805478 24  8 53 14  0  0
20 25  70368 124493744 2381776 50851740    0    0 849728 615296 220699 806137 24 10 52 14  0  0
24 37  70368 124483692 2381776 50851724    0    0 859296 617404 220562 810375 24  9 53 14  0  0
28 20  70368 124477644 2381776 50851748    0    0 861440 606972 220093 811303 23  8 54 14  0  0
16 26  70368 124473996 2381776 50851776    0    0 857456 613996 219999 808567 24  8 53 14  0  0
19 19  70368 124494072 2381776 50851800    0    0 862912 610180 221117 816752 24  9 53 14  0  0
22 13  70368 124510620 2381776 50851828    0    0 866352 608628 220428 810418 23  7 54 15  0  0
procs -----------memory---------- ---swap-- -----io---- -system-- -------cpu-------
 r  b   swpd   free   buff  cache   si   so    bi    bo   in   cs us sy id wa st gu
26 12  70368 124514804 2381776 50851848    0    0 868544 610340 221409 815665 24  8 54 15  0  0
20 15  70368 124497064 2381776 50851880    0    0 863408 614364 221242 813458 24  8 53 14  0  0
20 21  70368 124501256 2381776 50851904    0    0 859584 607600 219857 807851 24  8 53 14  0  0
25 12  70368 124483512 2381776 50851932    0    0 860464 603140 223019 809088 24  9 53 14  0  0
24 27  70368 124495284 2381776 50851956    0    0 861872 598128 219927 808438 24  9 53 14  0  0
17 22  70368 124493184 2381776 50851984    0    0 859920 613240 220451 807373 24  9 53 15  0  0
24 12  70368 124482076 2381776 50852016    0    0 865120 616584 220994 809713 23  8 54 15  0  0
29 12  70368 124493616 2381776 50852024    0    0 869728 614124 220059 809590 24  8 54 15  0  0
21 15  70368 124504220 2381776 50852056    0    0 861888 614092 221319 812885 24  8 53 14  0  0
22 14  70368 124503396 2381776 50852080    0    0 860576 603756 220484 809892 24  9 53 14  0  0
30 11  70368 124507068 2381776 50852112    0    0 862832 608168 220707 809641 24  8 53 14  0  0
24 23  70368 124483352 2381776 50852140    0    0 858880 607832 220108 806727 24  8 53 15  0  0
32  9  70368 124488404 2381776 50852164    0    0 859024 610264 220563 811252 24  8 54 14  0  0
21 18  70368 124495892 2381776 50852188    0    0 861152 610700 220804 809514 23  8 54 15  0  0
28  7  70368 124510084 2381776 50852208    0    0 871104 615060 220757 810588 24  7 54 15  0  0
25 12  70368 124510368 2381776 50852236    0    0 862208 615784 221611 812434 24  8 53 14  0  0
25 16  70368 124504732 2381776 50852268    0    0 860032 609104 220235 807929 24  9 53 14  0  0
27 17  70368 124481108 2381776 50852380    0    0 860656 607800 226243 808609 24  8 53 14  0  0
23 13  70368 124467016 2381776 50852408    0    0 857040 608640 224439 809048 23  9 53 14  0  0
21 15  70368 124470968 2381776 50852432    0    0 858048 610244 220226 811340 24  9 53 14  0  0
23 13  70368 124455532 2381776 50852464    0    0 857440 601892 219127 806717 24  8 54 14  0  0
procs -----------memory---------- ---swap-- -----io---- -system-- -------cpu-------
 r  b   swpd   free   buff  cache   si   so    bi    bo   in   cs us sy id wa st gu
23 17  70368 124478720 2381776 50852476    0    0 865360 609560 218448 807239 23  7 55 15  0  0
27  9  70368 124477804 2381776 50852504    0    0 860144 607368 219453 809499 24  8 54 14  0  0
26 11  70368 124473580 2381776 50852524    0    0 855232 600764 218823 804749 24  9 53 14  0  0
27 16  70368 124481692 2381776 50852548    0    0 857216 608956 219872 808474 24  9 53 14  0  0
24  7  70368 124466380 2381776 50852580    0    0 863232 604364 219753 811179 24  9 53 14  0  0
25 12  70368 124471292 2381776 50852612    0    0 861472 605648 219706 810488 24  9 54 14  0  0
24 14  70368 124488596 2381776 50852640    0    0 856304 601684 219288 808528 24  9 53 14  0  0
27  9  70368 124497860 2381776 50852660    0    0 869520 610220 218990 810072 23  7 55 15  0  0
31  9  70368 124494512 2381776 50852688    0    0 861888 602940 219095 803568 24  8 54 14  0  0
23 11  70368 124486408 2381776 50852704    0    0 860272 606076 219982 807335 24  8 53 14  0  0
25 13  70368 124471016 2381776 50852736    0    0 857792 602116 226348 807233 24  8 54 14  0  0
24 12  70368 124464348 2381776 50852768    0    0 856608 606280 223565 802177 24  8 53 14  0  0
31  8  70368 124441412 2381776 50852788    0    0 855936 607256 220065 807101 24  9 54 14  0  0
25 10  70368 124444976 2381776 50852816    0    0 858704 605888 219861 807959 24  9 53 14  0  0
28 14  70368 124469752 2381780 50852848    0    0 860000 608784 219291 806323 23  8 55 14  0  0
18 19  70368 124464116 2381784 50852864    0    0 861744 611308 220819 813250 24  8 54 14  0  0
17  8  70368 124484084 2381784 50852884    0    0 857632 603680 220223 810923 24  9 53 14  0  0
26 15  70368 124477456 2381784 50852912    0    0 860272 611352 220264 809883 24  8 53 14  0  0
23 13  70368 124469436 2381784 50852944    0    0 860672 608340 220933 812543 24  8 53 14  0  0
20 15  70368 124472372 2381784 50852968    0    0 857872 612344 220448 813851 23  8 54 14  0  0
28 11  70368 124480428 2381784 50852992    0    0 858608 609536 220343 811725 24  9 53 14  0  0
procs -----------memory---------- ---swap-- -----io---- -system-- -------cpu-------
 r  b   swpd   free   buff  cache   si   so    bi    bo   in   cs us sy id wa st gu
28 10  70368 124494856 2381784 50853020    0    0 861280 612640 220038 809299 23  8 54 15  0  0
24 15  70368 124492856 2381784 50853040    0    0 870352 615752 220775 812495 24  8 54 15  0  0
22 17  70368 124475996 2381784 50853072    0    0 858384 604136 220236 808325 24  8 54 14  0  0
25 11  70368 124480752 2381788 50853100    0    0 855040 598804 222820 805253 23  9 53 14  0  0
24 11  70368 124481380 2381788 50853128    0    0 855040 606328 219181 804386 23  9 53 14  0  0
29 13  70368 124489424 2381788 50853148    0    0 860464 612780 220537 811017 24  8 54 14  0  0
29 12  70368 124477956 2381788 50853180    0    0 863152 610196 220730 812068 24  8 53 14  0  0
27  7  70368 124477320 2381788 50853204    0    0 859216 612156 219432 809933 24  8 54 15  0  0
23 14  70368 124480612 2381792 50853220    0    0 868704 613316 220046 811805 23  7 54 15  0  0
31  6  70368 124480244 2381792 50853244    0    0 856080 612912 219374 808896 24  9 54 14  0  0
24 15  70368 124489160 2381792 50853268    0    0 861712 613820 220320 809511 24  9 53 14  0  0
27  9  70368 124495448 2381792 50853300    0    0 857712 609904 219712 808795 24  9 53 14  0  0
32  7  70368 124489236 2381792 50853324    0    0 858880 603628 219082 806405 24  8 54 14  0  0
20 15  70368 124506644 2381792 50853352    0    0 863360 611212 220772 809740 24  8 53 14  0  0
19 27  70368 124480976 2381792 50853376    0    0 862832 611900 219594 809157 23  8 54 15  0  0
32  4  70368 124496952 2381792 50853396    0    0 870960 611748 219839 813541 23  7 55 15  0  0
17 19  70368 124497228 2381792 50853428    0    0 857936 608304 219809 809658 24  8 53 14  0  0
27 12  70368 124496612 2381792 50853456    0    0 854064 601604 219279 799805 24  8 54 14  0  0
23 22  70368 124478952 2381796 50853484    0    0 853984 604320 219577 804365 24  8 54 14  0  0
24 14  70368 124481140 2381796 50853504    0    0 855136 604036 219494 805354 23  9 53 14  0  0
21 18  70368 124460592 2381796 50853536    0    0 857360 604440 219560 806820 24  8 53 14  0  0
procs -----------memory---------- ---swap-- -----io---- -system-- -------cpu-------
 r  b   swpd   free   buff  cache   si   so    bi    bo   in   cs us sy id wa st gu
26 11  70368 124488520 2381796 50853572    0    0 856320 596452 218429 802667 24  8 53 14  0  0
28  6  70368 124494168 2381796 50853596    0    0 869568 607932 219291 811181 23  7 55 15  0  0
21 14  70368 124505856 2381796 50853612    0    0 862336 604152 219586 809371 24  8 54 14  0  0
28 11  70368 124497064 2381796 50853632    0    0 863536 608048 219568 808665 24  8 54 14  0  0
25 11  70368 124486872 2381796 50853660    0    0 864448 606356 220077 810930 24  8 54 14  0  0
25 12  70368 124498172 2381796 50853688    0    0 861056 608412 220162 810511 24  8 54 14  0  0
24 13  70368 124488492 2381796 50853716    0    0 860848 608580 219777 806843 24  8 53 14  0  0
29 11  70368 124484160 2381796 50853740    0    0 858576 609396 220103 809330 24  8 54 14  0  0
30  8  70368 124503264 2381796 50853764    0    0 868368 611488 219593 810793 23  8 55 15  0  0
33  9  70368 124512724 2381796 50853784    0    0 866528 607212 220146 810677 24  8 54 15  0  0
27  9  70368 124485788 2381796 50853820    0    0 856800 608204 223830 809662 24  9 53 14  0  0
22 16  70368 124477404 2381796 50853844    0    0 860320 606680 219320 807601 24  8 53 14  0  0
29  8  70368 124475192 2381796 50853868    0    0 860752 613524 220091 811021 24  9 53 14  0  0
29 11  70368 124492684 2381796 50853896    0    0 861728 606704 219818 808385 24  9 53 14  0  0
30 10  70368 124486156 2381796 50853988    0    0 853456 608008 218871 805981 24  9 53 14  0  0
23 13  70368 124490712 2381796 50854012    0    0 858768 606132 218682 804687 23  8 54 15  0  0
28 10  70368 124475868 2381796 50854028    0    0 860992 608464 219170 805514 23  8 54 15  0  0
30  8  70368 124483280 2381796 50854052    0    0 859680 608764 220015 805247 24  8 54 14  0  0
22 14  70368 124492256 2381796 50854084    0    0 860432 606440 219540 808377 24  8 53 14  0  0
24 16  70368 124494824 2381796 50854104    0    0 861664 609136 220225 809585 24  8 53 14  0  0
32 11  70368 124495988 2381796 50854132    0    0 860512 616856 220064 811123 24  9 53 14  0  0
procs -----------memory---------- ---swap-- -----io---- -system-- -------cpu-------
 r  b   swpd   free   buff  cache   si   so    bi    bo   in   cs us sy id wa st gu
30  6  70368 124500572 2381796 50854160    0    0 863440 612832 219922 812612 24  8 54 14  0  0
25 12  70368 124499260 2381796 50854192    0    0 866240 608112 219347 811054 23  8 54 15  0  0
32  7  70368 124510032 2381796 50854208    0    0 866464 615428 220036 811473 23  7 54 15  0  0
24 15  70368 124472716 2381796 50854232    0    0 856640 608332 220954 806753 24  9 53 14  0  0
30 12  70368 124451100 2381796 50854264    0    0 856304 606084 222288 808930 24  8 54 14  0  0
24 13  70368 124467656 2381796 50854288    0    0 859120 606016 219706 809315 24  8 53 14  0  0
23 15  70368 124468668 2381796 50854320    0    0 859824 610692 219590 810121 24  9 54 14  0  0
23 14  70368 124450040 2381796 50854352    0    0 858656 610452 220214 809268 24  9 53 14  0  0
28 15  70368 124454492 2381796 50854372    0    0 861840 613580 220041 811278 24  8 54 14  0  0
25 10  70368 124471308 2381796 50854392    0    0 866960 607860 218835 807431 23  7 55 15  0  0
27 12  70368 124476784 2381796 50854420    0    0 858288 610420 220451 812758 24  9 53 14  0  0
33  9  70368 124495364 2381796 50854444    0    0 855616 604764 219229 804601 24  9 53 14  0  0
24 13  70368 124472304 2381796 50854480    0    0 860928 604236 219069 804172 24  9 53 15  0  0
29 17  70368 124465748 2381796 50854496    0    0 852032 603776 218987 803212 24  8 54 14  0  0
26 10  70368 124489728 2381796 50854524    0    0 859280 606772 219271 805843 24  8 53 14  0  0
27  8  70368 124496712 2381796 50854548    0    0 858448 605584 219973 807631 24  8 53 14  0  0
24 12  70368 124501180 2381796 50854576    0    0 869296 608764 219482 811557 23  7 55 15  0  0
26 13  70368 124494716 2381796 50854596    0    0 861488 605092 220764 812355 24  8 54 14  0  0
29 11  70368 124480080 2381796 50854624    0    0 859600 603036 227907 809291 24  9 53 14  0  0
28  9  70368 124478492 2381796 50854644    0    0 859136 605880 219821 808486 24  9 53 14  0  0
25 11  70368 124488456 2381796 50854676    0    0 858352 605532 219946 809142 24  8 53 14  0  0
procs -----------memory---------- ---swap-- -----io---- -system-- -------cpu-------
 r  b   swpd   free   buff  cache   si   so    bi    bo   in   cs us sy id wa st gu
22 14  70368 124464728 2381796 50854704    0    0 856752 609652 220830 808050 24  9 53 14  0  0
24 13  70368 124461512 2381796 50854728    0    0 861488 605796 220390 810415 24  9 53 14  0  0
23 11  70368 124463172 2381796 50854752    0    0 868448 617480 220933 812714 23  8 54 15  0  0
28 18  70368 124467580 2381796 50854776    0    0 864624 609964 220264 813308 24  8 54 14  0  0
30  8  70368 124489244 2381796 50854808    0    0 859904 608424 220627 812087 24  9 53 14  0  0
23 13  70368 124494904 2381800 50854828    0    0 862144 610416 219737 809489 24  8 54 14  0  0
24 14  70368 124478208 2381800 50854860    0    0 860080 611960 219876 808209 24  9 54 14  0  0
28 10  70368 124482852 2381800 50854884    0    0 853856 604228 220615 808973 24  8 54 14  0  0
28 11  70368 124485564 2381800 50854904    0    0 853296 610052 220847 807649 24  8 53 15  0  0
26 10  70368 124473912 2381800 50854932    0    0 858432 608904 219753 802338 24  8 54 15  0  0
23 15  70368 124487936 2381800 50854952    0    0 860752 611588 219620 805490 24  8 54 15  0  0
29  8  70368 124472116 2381800 50854984    0    0 856112 607944 219183 804013 24  8 53 14  0  0
25 14  70368 124459916 2381800 50855004    0    0 859104 613500 220498 810098 24  8 54 14  0  0
29 10  70368 124477608 2381800 50855028    0    0 858944 609028 220357 808853 24  8 54 14  0  0
29 18  70368 124485824 2381800 50855064    0    0 864624 612528 220859 808656 24  8 53 14  0  0
29 12  70368 124490528 2381800 50855092    0    0 859664 608472 220030 807670 24  8 54 14  0  0
25 13  70368 124507560 2381800 50855120    0    0 862784 612916 220036 809539 23  8 54 15  0  0
29  9  70368 124517844 2381800 50855136    0    0 867776 613992 220493 811447 23  7 55 15  0  0
21 14  70368 124498864 2381800 50855156    0    0 857184 609880 220138 809239 24  8 54 14  0  0
29 10  70368 124490500 2381800 50855196    0    0 858240 608704 220491 808670 24  8 53 14  0  0
29 10  70368 124504008 2381800 50855220    0    0 865200 611360 221029 810985 24  8 53 14  0  0
procs -----------memory---------- ---swap-- -----io---- -system-- -------cpu-------
 r  b   swpd   free   buff  cache   si   so    bi    bo   in   cs us sy id wa st gu
22 12  70368 124491332 2381800 50855244    0    0 863200 614508 220576 810393 24  8 54 14  0  0
29  7  70368 124491708 2381800 50855268    0    0 861632 609120 220426 809037 24  8 53 14  0  0
18 15  70368 124502636 2381800 50855292    0    0 858144 615928 220097 808875 24  8 53 15  0  0
28  8  70368 124520680 2381800 50855320    0    0 866816 611076 219418 808423 23  7 55 15  0  0
20 14  70368 124503136 2381800 50855348    0    0 854160 608388 218754 803934 24  8 53 15  0  0
25 12  70368 124503460 2381800 50855372    0    0 854656 604852 219015 801837 23  9 54 14  0  0
26 11  70368 124497192 2381800 50855400    0    0 857104 610924 219895 806602 24  8 53 15  0  0
32  8  70368 124485636 2381800 50855428    0    0 857904 608108 220011 805658 24  8 53 15  0  0
30 10  70368 124487744 2381800 50855444    0    0 858016 604664 219977 806940 23  9 53 15  0  0
30  8  70368 124498116 2381804 50855472    0    0 860112 606548 220616 809260 23  9 54 14  0  0
27  7  70368 124503668 2381804 50855504    0    0 869824 609592 220516 811337 23  8 54 15  0  0
31  8  70368 124510472 2381804 50855588    0    0 864032 606452 220570 810230 24  8 54 14  0  0
25 10  70368 124503888 2381804 50855620    0    0 859920 608172 220301 809258 24  8 53 14  0  0
27  9  70368 124499420 2381804 50855644    0    0 860608 608476 220188 809099 24  8 53 14  0  0
23 14  70368 124486624 2381804 50855672    0    0 863408 608480 220972 810651 24  8 54 14  0  0
20 23  70368 124500036 2381804 50855700    0    0 858496 609272 220818 810507 24  8 53 14  0  0
33 12  70368 124504900 2381804 50855720    0    0 859344 609832 220441 808190 24  8 54 14  0  0
21 14  70368 124516372 2381804 50855744    0    0 871008 610364 221134 814860 23  8 54 15  0  0
22 15  70368 124504400 2381804 50855768    0    0 867504 605820 220309 810886 24  8 54 15  0  0
28  9  70368 124489660 2381804 50855792    0    0 861056 610488 220518 813087 24  8 53 14  0  0
29 15  70368 124485028 2381804 50855820    0    0 861312 606324 220255 812508 24  8 53 14  0  0
procs -----------memory---------- ---swap-- -----io---- -system-- -------cpu-------
 r  b   swpd   free   buff  cache   si   so    bi    bo   in   cs us sy id wa st gu
24 13  70368 124503356 2381804 50855848    0    0 860384 612472 220093 807964 24  8 53 14  0  0
26 11  70368 124491876 2381804 50855872    0    0 856496 607996 219304 803229 23  8 54 15  0  0
28  9  70368 124483312 2381804 50855900    0    0 859920 607120 219567 807947 24  8 53 14  0  0
28 12  70368 124496220 2381804 50855932    0    0 860848 613808 219179 807202 23  8 54 15  0  0
27 11  70368 124512008 2381804 50855940    0    0 866032 617452 221326 816095 24  8 54 15  0  0
24 12  70368 124499232 2381804 50855972    0    0 854960 606904 219197 803460 24  8 53 15  0  0
30 12  70368 124489068 2381804 50856000    0    0 858336 604016 219766 808410 24  9 53 14  0  0
25 14  70368 124499328 2381804 50856028    0    0 863776 610188 220702 811424 24  8 53 14  0  0
28  8  70368 124502220 2381804 50856056    0    0 860960 615516 220717 811152 24  8 54 14  0  0
21 15  70368 124502216 2381804 50856076    0    0 861392 614036 221433 809234 24  8 54 14  0  0
22 15  70368 124510128 2381804 50856108    0    0 862768 608724 220344 810498 24  8 54 15  0  0
20 17  70368 124506300 2381804 50856124    0    0 872032 627488 221366 820619 23  7 54 15  0  0
23 14  70368 124499540 2381804 50856144    0    0 857296 615884 220748 814201 24  8 53 14  0  0
23 14  70368 124498436 2381804 50856176    0    0 860528 612452 220436 809980 24  9 53 14  0  0
24 13  70368 124482868 2381804 50856204    0    0 863104 606376 220285 812061 24  9 53 14  0  0
29  8  70368 124491688 2381804 50856244    0    0 860080 615440 220811 813231 24  8 53 14  0  0
30  8  70368 124507932 2381804 50856272    0    0 861776 609080 220615 811468 24  9 53 14  0  0
29  8  70368 124496940 2381804 50856300    0    0 862496 608656 220924 810826 24  9 53 14  0  0
24 15  70368 124498572 2381804 50856312    0    0 865344 612860 219001 806462 23  7 55 15  0  0
26 12  70368 124500924 2381804 50856344    0    0 862160 610624 220637 809851 24  9 53 14  0  0
20 16  70368 124488120 2381804 50856368    0    0 861968 607164 220558 809635 24  9 54 14  0  0
procs -----------memory---------- ---swap-- -----io---- -system-- -------cpu-------
 r  b   swpd   free   buff  cache   si   so    bi    bo   in   cs us sy id wa st gu
21 16  70368 124474812 2381804 50856388    0    0 859824 611112 221037 813113 24  8 53 14  0  0
20 17  70368 124488980 2381804 50856416    0    0 858608 604928 219206 803745 24  9 54 14  0  0
25 12  70368 124487804 2381804 50856444    0    0 857312 613992 221251 809047 24  8 53 14  0  0
27 11  70368 124491476 2381804 50856476    0    0 861792 609252 221379 811847 24  8 54 14  0  0
28 13  70368 124506940 2381804 50856496    0    0 869600 617756 222258 818289 23  7 54 15  0  0
21 15  70368 124507860 2381804 50856508    0    0 862992 606836 220370 810146 23  8 54 15  0  0
31  7  70368 124501564 2381804 50856536    0    0 862080 607376 221329 811289 24  8 54 14  0  0
26 12  70368 124492344 2381804 50856564    0    0 863952 620364 222074 815872 24  8 53 14  0  0
16 23  70368 124501968 2381804 50856596    0    0 858272 620864 220774 811474 24  8 54 14  0  0
27 11  70368 124508300 2381804 50856620    0    0 862912 607420 221015 812838 24  9 54 14  0  0
29 19  70368 124490044 2381804 50856648    0    0 863168 611416 220933 811383 24  8 54 14  0  0
31  7  70368 124499548 2381804 50856668    0    0 865312 609800 220287 809653 23  8 54 15  0  0
25 12  70368 124496868 2381804 50856692    0    0 865584 612220 222170 815642 24  8 54 15  0  0
23 23  70368 124502988 2381804 50856724    0    0 859664 610516 220493 810721 24  8 53 14  0  0
33 10  70368 124487216 2381804 50856748    0    0 858672 606680 220693 807903 24  8 53 15  0  0
25 13  70368 124485096 2381804 50856784    0    0 858864 610312 221656 816890 24  9 53 14  0  0
27 13  70368 124491736 2381804 50856804    0    0 859664 610964 221459 811647 24  8 53 14  0  0
22 14  70368 124489584 2381804 50856840    0    0 860880 615752 221936 813436 24  8 53 15  0  0
24 10  70368 124501764 2381804 50856856    0    0 867168 617964 221649 813346 24  8 54 15  0  0
23 14  70368 124494152 2381804 50856872    0    0 865232 615108 220607 809846 23  8 54 15  0  0
20 16  70368 124501132 2381804 50856896    0    0 860336 605780 219443 805151 24  8 54 14  0  0
procs -----------memory---------- ---swap-- -----io---- -system-- -------cpu-------
 r  b   swpd   free   buff  cache   si   so    bi    bo   in   cs us sy id wa st gu
20 21  70368 124494620 2381804 50856928    0    0 857552 606188 220462 809264 23  9 54 15  0  0
31 13  70368 124481300 2381804 50856952    0    0 861152 610592 221148 812348 24  8 53 14  0  0
28 13  70368 124481404 2381804 50856984    0    0 860592 613040 221182 813220 24  8 53 14  0  0
35  7  70368 124481624 2381804 50857012    0    0 862368 607128 220545 811671 23  9 53 14  0  0
32 10  70368 124481580 2381804 50857032    0    0 866336 618312 221756 814570 24  8 54 14  0  0
35  7  70368 124486180 2381804 50857056    0    0 869776 618404 220461 812390 23  7 55 15  0  0
29  9  70368 124484284 2381804 50857084    0    0 861872 617552 220827 811564 24  8 54 14  0  0
32 13  70368 124484388 2381804 50857112    0    0 862384 610392 220226 806956 24  8 54 14  0  0
18 18  70368 124483412 2381804 50857204    0    0 859168 611408 220396 810751 24  8 53 14  0  0
26 14  70368 124470344 2381804 50857232    0    0 859120 609748 219833 808600 24  8 54 14  0  0
28 10  70368 124470644 2381804 50857260    0    0 860512 602356 220084 805796 24  9 53 15  0  0
17 16  70368 124480596 2381804 50857280    0    0 859264 611612 220525 810350 24  8 53 14  0  0
30  8  70368 124482268 2381804 50857304    0    0 869520 618336 220665 813019 23  7 55 15  0  0
29 11  70368 124495316 2381804 50857340    0    0 862544 607856 220468 810626 24  8 54 14  0  0
31 11  70368 124490248 2381804 50857356    0    0 864224 610912 220465 813307 24  8 54 14  0  0
24 13  70368 124474692 2381804 50857380    0    0 861168 609272 219797 812494 24  9 54 14  0  0
22 15  70368 124495584 2381804 50857408    0    0 862560 603156 219672 810646 24  8 54 14  0  0
24 13  70368 124488636 2381804 50857432    0    0 859936 606092 220627 811552 24  8 53 14  0  0
21 14  70368 124473028 2381804 50857460    0    0 854528 603572 218383 802213 24  8 53 15  0  0
27 13  70368 124482320 2381804 50857488    0    0 865520 606256 218714 805453 23  7 55 15  0  0
24 10  70368 124500508 2381804 50857508    0    0 864592 615704 220875 811769 24  8 54 15  0  0
procs -----------memory---------- ---swap-- -----io---- -system-- -------cpu-------
 r  b   swpd   free   buff  cache   si   so    bi    bo   in   cs us sy id wa st gu
31  8  70368 124485172 2381804 50857536    0    0 867216 615260 220790 811103 23  8 54 15  0  0
26 12  70368 124476604 2381804 50857564    0    0 863136 607592 220281 811159 24  9 54 14  0  0
20 17  70368 124472248 2381804 50857596    0    0 862000 609308 220726 812579 24  8 53 14  0  0
35  6  70368 124475632 2381804 50857616    0    0 857360 608084 220004 808976 24  8 53 15  0  0
24 23  70368 124475248 2381804 50857648    0    0 855824 611512 219685 814084 24  8 53 14  0  0
31  7  70368 124475348 2381804 50857672    0    0 866384 607056 219867 809098 23  8 54 15  0  0
21 15  70368 124490716 2381804 50857680    0    0 859136 610520 219506 805306 23  8 54 15  0  0
30  6  70368 124478700 2381804 50857720    0    0 859984 611800 221550 814284 24  8 53 14  0  0
24 13  70368 124476612 2381804 50857748    0    0 860720 606060 219084 810596 24  8 54 14  0  0
34  9  70368 124471116 2381804 50857776    0    0 860976 612560 221512 813788 24  8 53 14  0  0
25 13  70368 124483356 2381804 50857796    0    0 861152 611600 219824 811499 24  9 53 14  0  0
29  9  70368 124473016 2381804 50857864    0    0 862944 608476 219936 809983 24  8 54 14  0  0
23 12  70368 124481360 2381804 50857904    0    0 863376 612664 220330 812403 23  8 54 15  0  0
27 12  70368 124497232 2381804 50857920    0    0 868592 612816 219540 809116 23  7 55 15  0  0
23 13  70368 124500396 2381804 50857940    0    0 858320 603980 219293 808461 24  9 53 14  0  0
19 24  70368 124488972 2381804 50857964    0    0 857152 606624 219501 807265 24  8 53 15  0  0
22 17  70368 124483784 2381804 50858000    0    0 861888 612676 220735 810896 24  9 53 14  0  0
30  8  70368 124481004 2381804 50858028    0    0 857520 608164 219676 808602 24  8 54 14  0  0
17 18  70368 124480308 2381804 50858056    0    0 859920 612672 220270 812669 24  9 53 14  0  0
20 16  70368 124490100 2381804 50858084    0    0 865120 610108 220673 815703 24  9 53 14  0  0
23 16  70368 124500276 2381804 50858100    0    0 873984 617988 220530 815801 23  7 55 15  0  0
procs -----------memory---------- ---swap-- -----io---- -system-- -------cpu-------
 r  b   swpd   free   buff  cache   si   so    bi    bo   in   cs us sy id wa st gu
28 12  70368 124490740 2381804 50858120    0    0 863856 610032 220542 810270 24  8 54 14  0  0
21 14  70368 124497076 2381804 50858144    0    0 861008 609224 219646 809748 24  9 53 14  0  0
23 14  70368 124477152 2381804 50858176    0    0 853008 604028 218687 804787 24  8 53 15  0  0
25 17  70368 124477808 2381804 50858204    0    0 860528 609828 219639 807674 23  8 53 15  0  0
24 15  70368 124483532 2381804 50858224    0    0 864048 612740 220367 810811 24  8 54 14  0  0
29  9  70368 124474980 2381804 50858256    0    0 863248 609900 220436 811671 24  9 53 14  0  0
30  7  70368 124485624 2381804 50858280    0    0 874416 618896 221559 818809 23  7 55 15  0  0
32  7  70368 124495168 2381804 50858296    0    0 862768 608896 219434 810103 24  8 54 14  0  0
23 14  70368 124494728 2381804 50858324    0    0 864192 613884 220102 813612 24  8 53 14  0  0
25 13  70368 124474660 2381804 50858352    0    0 861616 608908 219768 812985 24  9 53 14  0  0
22 13  70368 124485616 2381804 50858376    0    0 861024 614872 220037 809534 24  8 54 14  0  0
19 16  70368 124479324 2381804 50858408    0    0 858448 614840 220243 812378 24  8 53 15  0  0
25 11  70368 124480236 2381804 50858440    0    0 862368 608972 220430 811458 24  8 54 15  0  0
17 22  70368 124484464 2381808 50858464    0    0 864944 615504 219415 811083 23  7 54 15  0  0
24 11  70368 124482304 2381808 50858480    0    0 868320 620468 221357 816235 24  8 54 15  0  0
24 12  70368 124480044 2381808 50858508    0    0 861984 610436 219683 808808 24  9 53 14  0  0
18 20  70368 124478220 2381808 50858532    0    0 862048 612252 220593 814181 24  8 53 14  0  0
16 22  70368 124464468 2381808 50858564    0    0 860992 615776 220590 811203 24  8 54 14  0  0
28 10  70368 124473764 2381812 50858584    0    0 859632 613628 220873 812903 24  8 54 14  0  0
21 16  70368 124461496 2381812 50858616    0    0 860400 607916 220623 811911 24  8 53 15  0  0
24 12  70368 124483476 2381812 50858644    0    0 862672 612072 219788 809668 23  8 54 15  0  0
procs -----------memory---------- ---swap-- -----io---- -system-- -------cpu-------
 r  b   swpd   free   buff  cache   si   so    bi    bo   in   cs us sy id wa st gu
21 16  70368 124499688 2381812 50858656    0    0 864912 606032 218909 807881 23  7 54 15  0  0
29  7  70368 124497060 2381812 50858688    0    0 861904 609088 220109 812925 24  8 54 14  0  0
30  8  70368 124477540 2381812 50858720    0    0 862064 615308 220306 812102 24  8 54 15  0  0
23 15  70368 124485404 2381812 50858736    0    0 862352 606352 220518 811407 24  8 54 14  0  0
25 11  70368 124477464 2381812 50858768    0    0 864784 610044 220939 814784 24  8 53 14  0  0
27  9  70368 124477424 2381812 50858860    0    0 862976 601632 220319 812662 24  8 54 14  0  0
24 10  70368 124491696 2381812 50858888    0    0 865696 605340 220250 812006 24  8 54 15  0  0
28  9  70368 124503120 2381812 50858908    0    0 872448 618644 221030 812710 23  7 55 15  0  0
23 12  70368 124494928 2381812 50858936    0    0 855968 614804 219864 809508 24  8 53 14  0  0
24 11  70368 124481120 2381812 50858964    0    0 860544 607328 219430 807087 24  8 53 14  0  0
26 12  70368 124467424 2381812 50858992    0    0 862224 606600 220300 811400 24  8 53 14  0  0
24 17  70368 124475572 2381812 50859016    0    0 863760 611756 220107 811412 24  8 53 14  0  0
26 12  70368 124478888 2381812 50859040    0    0 863936 610668 220110 809764 24  8 53 14  0  0
18 16  70368 124481592 2381812 50859072    0    0 865104 612020 220802 809911 24  8 54 14  0  0
25 13  70368 124489056 2381812 50859088    0    0 871616 615516 220352 812320 23  7 55 15  0  0
20 15  70368 124471904 2381812 50859108    0    0 861888 609044 219800 809199 24  8 53 15  0  0
30 12  70368 124478704 2381812 50859136    0    0 860112 614316 219892 808291 24  8 54 14  0  0
22 17  70368 124484952 2381812 50859164    0    0 860080 609388 219391 808084 23  8 54 14  0  0
24 14  70368 124477520 2381812 50859192    0    0 858608 610936 219530 807257 24  8 54 14  0  0
24 12  70368 124468872 2381812 50859220    0    0 864864 617668 221564 814274 24  8 54 14  0  0
28 10  70368 124467560 2381812 50859248    0    0 860416 612596 220360 814226 24  9 54 14  0  0
procs -----------memory---------- ---swap-- -----io---- -system-- -------cpu-------
 r  b   swpd   free   buff  cache   si   so    bi    bo   in   cs us sy id wa st gu
28  9  70368 124485216 2381812 50859268    0    0 871344 617492 221085 815101 23  7 55 15  0  0
25 12  70368 124501320 2381812 50859288    0    0 863376 610732 220254 814367 24  8 54 14  0  0
26 11  70368 124495892 2381812 50859320    0    0 861488 614180 220146 810387 24  8 53 14  0  0
26 12  70368 124498324 2381812 50859344    0    0 862416 611820 220525 808860 24  9 53 14  0  0
30  7  70368 124492128 2381812 50859372    0    0 861600 608452 220419 809198 24  8 53 14  0  0
32 12  70368 124469612 2381812 50859388    0    0 865392 610668 220740 812922 23  8 54 14  0  0
29 11  70368 124467204 2381812 50859420    0    0 859808 614156 220156 807060 24  8 53 15  0  0
22 13  70368 124476060 2381812 50859444    0    0 868880 614180 220392 814391 23  8 54 15  0  0
22 16  70368 124470700 2381812 50859472    0    0 864752 613384 220101 809679 23  8 54 15  0  0
22 13  70368 124469336 2381812 50859500    0    0 863584 610832 220469 810415 24  8 53 14  0  0
32 15  70368 124468944 2381812 50859524    0    0 860992 609128 220196 809484 23  9 53 14  0  0
30 16  70368 124485600 2381812 50859560    0    0 857472 604952 219422 804498 23  8 54 15  0  0
24 18  70368 124468256 2381812 50859584    0    0 857888 605456 219338 806728 24  8 54 14  0  0
29  8  70368 124480016 2381812 50859612    0    0 863616 606280 219761 809728 24  8 53 14  0  0
22 16  70368 124482272 2381812 50859636    0    0 868304 610448 221098 815803 23  8 54 15  0  0
23 12  70368 124487472 2381812 50859652    0    0 862592 606224 220153 812812 24  8 54 15  0  0
28 15  70368 124481724 2381820 50859680    0    0 861632 608884 220132 810122 24  9 53 14  0  0
19 16  70368 124493736 2381820 50859708    0    0 862176 612716 220566 811929 24  8 54 14  0  0
23 13  70368 124479412 2381820 50859728    0    0 861504 606144 219985 808827 24  8 53 14  0  0
18 18  70368 124471152 2381820 50859764    0    0 860960 609788 219591 807978 24  9 53 14  0  0
24 13  70368 124475440 2381820 50859780    0    0 861312 604212 219765 811652 24  9 53 14  0  0
procs -----------memory---------- ---swap-- -----io---- -system-- -------cpu-------
 r  b   swpd   free   buff  cache   si   so    bi    bo   in   cs us sy id wa st gu
32  7  70368 124485572 2381824 50859820    0    0 863456 611716 220078 814367 24  8 54 14  0  0
20 21  70368 124498428 2381824 50859840    0    0 869744 614068 219631 809341 23  7 55 15  0  0
25 12  70368 124489636 2381824 50859864    0    0 859840 607808 220566 811246 24  8 53 14  0  0
29 16  70368 124485672 2381824 50859884    0    0 856880 604772 219954 809059 23  9 53 15  0  0
23 13  70368 124475768 2381824 50859916    0    0 857536 608880 219578 808581 24  8 53 14  0  0
28 14  70368 124482536 2381836 50859952    0    0 860928 618376 221095 814403 24  8 53 15  0  0
26 11  70368 124480696 2381836 50859972    0    0 858000 609536 219653 809686 24  8 54 15  0  0
29  9  70368 124470376 2381836 50860000    0    0 858896 605468 220111 809026 24  8 53 15  0  0
24 19  70368 124482600 2381836 50860020    0    0 870864 619116 220038 810490 23  7 55 15  0  0
23 15  70368 124493104 2381836 50860044    0    0 865728 608784 220500 814271 24  8 53 14  0  0
27 10  70368 124493268 2381840 50860068    0    0 855840 604688 218475 803653 24  8 53 14  0  0
24 10  70368 124483572 2381840 50860100    0    0 861824 612408 220727 810777 24  9 53 14  0  0
21 17  70368 124480988 2381840 50860128    0    0 860640 610928 220867 809286 24  8 53 14  0  0
25 14  70368 124479324 2381840 50860140    0    0 863200 610004 219757 810189 24  9 53 14  0  0
29 12  70368 124487920 2381840 50860172    0    0 858944 604232 219822 811159 24  9 54 14  0  0
26  8  70368 124493348 2381840 50860196    0    0 866448 615104 218917 809537 23  7 55 15  0  0
26 11  70368 124495836 2381840 50860224    0    0 859024 615768 219627 809903 24  8 54 14  0  0
26 14  70368 124495324 2381840 50860244    0    0 861536 608660 220121 810279 24  9 53 14  0  0
36 10  70368 124495400 2381840 50860276    0    0 861904 607400 220237 810468 24  8 54 14  0  0
34  5  70368 124489000 2381840 50860308    0    0 861984 606536 220653 811757 24  9 53 14  0  0
25 13  70368 124487596 2381840 50860328    0    0 860624 610016 220205 811416 24  9 54 14  0  0
procs -----------memory---------- ---swap-- -----io---- -system-- -------cpu-------
 r  b   swpd   free   buff  cache   si   so    bi    bo   in   cs us sy id wa st gu
28 10  70368 124484064 2381840 50860360    0    0 857600 610936 220668 809283 24  8 53 14  0  0
17 24  70368 124490180 2381840 50860384    0    0 868032 614572 219860 809844 23  8 55 15  0  0
33 13  70368 124499148 2381840 50860492    0    0 862336 610308 219927 808409 24  8 54 15  0  0
28 13  70368 124492148 2381840 50860524    0    0 856560 602844 219151 805370 24  8 54 15  0  0
32  9  70368 124485372 2381840 50860548    0    0 862304 608780 220680 809459 24  8 54 14  0  0
33 14  70368 124482560 2381840 50860580    0    0 857728 606328 220521 807962 24  8 54 14  0  0
26 10  70368 124478120 2381840 50860604    0    0 860512 606828 220839 808257 24  9 53 14  0  0
28 11  70368 124490172 2381840 50860628    0    0 860432 608208 220282 807858 24  8 53 14  0  0
23 13  70368 124476772 2381840 50860656    0    0 868144 610188 220065 811843 23  8 54 15  0  0
20 16  70368 124480496 2381844 50860668    0    0 859264 616724 219939 808784 24  8 54 14  0  0
37  5  70368 124476392 2381844 50860700    0    0 858480 611956 219549 808439 24  8 54 14  0  0
27 11  70368 124476204 2381844 50860724    0    0 863424 609720 220905 812580 24  8 53 14  0  0
22 13  70368 124463088 2381844 50860756    0    0 857808 614032 220495 813825 24  8 53 14  0  0
23 17  70368 124475148 2381844 50860780    0    0 859424 613036 220438 812857 24  8 53 14  0  0
24 12  70368 124488224 2381852 50860800    0    0 861648 611456 220744 813294 24  8 54 14  0  0
19 18  70368 124494836 2381852 50860840    0    0 868784 613844 220926 814472 23  8 54 15  0  0
18 23  70368 124499528 2381852 50860860    0    0 870464 616404 220969 815184 23  7 54 15  0  0
30 14  70368 124487096 2381852 50860880    0    0 861184 606960 219932 808713 24  8 53 15  0  0
22 23  70368 124481756 2381852 50860908    0    0 860336 606476 219773 806966 24  8 53 15  0  0
27 12  70368 124488416 2381856 50860928    0    0 857152 610608 220165 808421 23  8 54 15  0  0
24 12  70368 124487504 2381856 50860960    0    0 864800 609040 219663 805670 24  8 53 15  0  0
procs -----------memory---------- ---swap-- -----io---- -system-- -------cpu-------
 r  b   swpd   free   buff  cache   si   so    bi    bo   in   cs us sy id wa st gu
24 12  70368 124484072 2381856 50860992    0    0 858848 603872 219570 804625 24  9 53 15  0  0
27 15  70368 124481676 2381856 50861020    0    0 861392 612004 220235 811910 24  8 54 14  0  0
25 13  70368 124493068 2381856 50861032    0    0 873648 616624 220864 813832 23  7 55 15  0  0
22 13  70368 124507612 2381856 50861052    0    0 865072 608692 221162 812177 24  8 53 14  0  0
29 16  70368 124491044 2381856 50861080    0    0 862720 616676 220973 812696 24  9 53 14  0  0
23 15  70368 124485952 2381856 50861108    0    0 862112 603676 220879 809151 24  8 54 14  0  0
24 17  70368 124483796 2381856 50861132    0    0 862528 614480 220459 808611 24  8 53 14  0  0
24 17  70368 124484512 2381856 50861160    0    0 856064 609980 219378 805210 24  8 54 14  0  0
24 13  70368 124484496 2381856 50861184    0    0 860912 621232 221864 812448 24  8 53 15  0  0
26 12  70368 124502260 2381856 50861220    0    0 873632 624688 222706 821263 23  7 55 15  0  0
27 12  70368 124502584 2381856 50861240    0    0 864064 625132 222096 820903 24  8 54 14  0  0
30 10  70368 124480580 2381856 50861264    0    0 863488 624140 221684 820182 24  8 53 14  0  0
26 10  70368 124481980 2381856 50861292    0    0 867072 618132 222333 820886 24  8 54 14  0  0
24 13  70368 124491776 2381860 50861312    0    0 860736 622680 221289 818749 24  8 53 14  0  0
28 24  70368 124484564 2381860 50861340    0    0 864576 624772 221711 816986 24  8 54 14  0  0
22 17  70368 124472140 2381860 50861376    0    0 862160 622768 221985 816700 24  8 53 14  0  0
28 10  70368 124482504 2381860 50861396    0    0 863728 619396 220360 808914 23  7 54 15  0  0
26 13  70368 124499232 2381860 50861404    0    0 862912 621940 221121 813350 23  8 54 15  0  0
28 10  70368 124494996 2381860 50861436    0    0 858800 619824 220758 811936 24  8 53 14  0  0
31  7  70368 124484044 2381860 50861468    0    0 862880 621804 221434 818049 24  8 53 14  0  0
29  8  70368 124471404 2381860 50861500    0    0 859856 617892 220200 813570 24  8 53 14  0  0
procs -----------memory---------- ---swap-- -----io---- -system-- -------cpu-------
 r  b   swpd   free   buff  cache   si   so    bi    bo   in   cs us sy id wa st gu
20 17  70368 124476744 2381860 50861524    0    0 863232 619236 221501 816341 24  8 54 14  0  0
26 12  70368 124473548 2381860 50861548    0    0 868880 621024 222903 818788 24  8 54 14  0  0
17 21  70368 124485660 2381860 50861584    0    0 865648 628596 221563 817599 24  7 54 15  0  0
21 16  70368 124507400 2381860 50861600    0    0 865856 621644 221633 814489 23  8 54 15  0  0
27 10  70368 124484296 2381860 50861628    0    0 860288 616016 220440 808139 24  8 54 14  0  0
29  7  70368 124477784 2381860 50861656    0    0 863472 618116 221270 815164 24  8 53 14  0  0
21 12  70368 124483700 2381860 50861684    0    0 861232 616832 220714 813423 24  8 53 14  0  0
23 13  70368 124476500 2381864 50861708    0    0 862896 613592 221743 814823 24  8 53 14  0  0
25 13  70368 124478788 2381864 50861740    0    0 861216 618932 221666 815662 24  8 54 14  0  0
29  8  70368 124470764 2381864 50861764    0    0 868032 626104 221463 818747 23  8 54 15  0  0
25 11  70368 124485148 2381864 50861784    0    0 872576 624700 221669 816795 23  7 54 15  0  0
25 13  70368 124483536 2381864 50861800    0    0 859760 618520 221005 808481 23  8 53 15  0  0
25  9  70368 124461052 2381864 50861828    0    0 859840 615368 220472 811642 24  8 53 15  0  0
27 10  70368 124473252 2381864 50861856    0    0 858592 617448 220988 812597 24  8 53 15  0  0
25 12  70368 124462976 2381864 50861884    0    0 861040 619768 221076 812763 24  8 53 15  0  0
31  9  70368 124494028 2381864 50861916    0    0 861392 618832 221133 817349 24  8 54 14  0  0
26 15  70368 124486720 2381864 50861944    0    0 861872 618684 221293 818893 24  8 54 14  0  0
26 12  70368 124501904 2381864 50861964    0    0 872736 622164 221665 820745 23  7 55 15  0  0
33  8  70368 124488160 2381864 50861984    0    0 864736 622432 221609 821281 24  9 54 14  0  0
19 16  70368 124466356 2381864 50862008    0    0 863616 621056 221394 816344 24  9 53 14  0  0
28 10  70368 124475776 2381864 50862100    0    0 864128 615524 220947 818075 24  8 53 14  0  0
procs -----------memory---------- ---swap-- -----io---- -system-- -------cpu-------
 r  b   swpd   free   buff  cache   si   so    bi    bo   in   cs us sy id wa st gu
28 10  70368 124466868 2381864 50862132    0    0 862544 623348 221353 815205 24  8 54 14  0  0
27 12  70368 124474024 2381864 50862160    0    0 867840 621824 222599 818643 24  8 54 14  0  0
21 21  70368 124480388 2381864 50862184    0    0 866512 624416 221959 818758 24  8 53 14  0  0
31  8  70368 124492636 2381864 50862208    0    0 874624 618660 222324 816828 23  7 55 15  0  0
29 11  70368 124495036 2381864 50862224    0    0 865568 612960 221041 815030 24  8 54 14  0  0
25 12  70368 124482132 2381864 50862252    0    0 861872 620876 221679 816390 24  8 53 14  0  0
21 16  70368 124477912 2381864 50862280    0    0 862400 620180 221562 816307 24  8 53 14  0  0
31 11  70368 124478432 2381864 50862304    0    0 861072 622928 221741 814957 24  8 54 15  0  0
19 16  70368 124473788 2381864 50862332    0    0 858464 616960 221302 810893 24  8 53 15  0  0
24 13  70368 124460788 2381864 50862360    0    0 858976 619496 220702 813170 24  8 53 15  0  0
23 11  70368 124474912 2381864 50862384    0    0 869312 631644 220909 825787 23  7 55 15  0  0
26 11  70368 124474868 2381868 50862404    0    0 862192 619180 221561 812343 24  8 54 15  0  0
30  9  70368 124461676 2381868 50862436    0    0 862000 620028 221751 814914 24  8 54 14  0  0
27  9  70368 124449416 2381868 50862460    0    0 861184 622356 222101 815826 24  8 54 14  0  0
26  9  70368 124444736 2381868 50862492    0    0 864768 615748 222035 817726 24  8 53 14  0  0
22 13  70368 124435292 2381868 50862520    0    0 860608 620308 220995 816095 24  8 53 14  0  0
31  6  70368 124459596 2381868 50862540    0    0 859264 620724 221587 813421 24  8 53 14  0  0
30  9  70368 124466068 2381868 50862568    0    0 870448 626196 221609 816443 23  8 54 15  0  0
25 11  70368 124469944 2381868 50862584    0    0 870560 619068 222098 818983 24  8 54 15  0  0
22 15  70368 124474588 2381868 50862604    0    0 859728 621968 220993 814168 24  8 54 14  0  0
27 13  70368 124464316 2381868 50862632    0    0 861600 619400 220610 812311 24  8 54 15  0  0
procs -----------memory---------- ---swap-- -----io---- -system-- -------cpu-------
 r  b   swpd   free   buff  cache   si   so    bi    bo   in   cs us sy id wa st gu
28 11  70368 124485640 2381868 50862660    0    0 863808 620464 221929 817599 24  9 54 14  0  0
30  9  70368 124473516 2381868 50862696    0    0 865776 623428 221938 816903 24  8 54 14  0  0
23 17  70368 124485876 2381868 50862716    0    0 863968 624020 221877 817738 24  8 53 14  0  0
25 11  70368 124494400 2381868 50862752    0    0 862080 621392 221209 814355 23  8 54 15  0  0
21 15  70368 124496596 2381868 50862768    0    0 862272 621992 221538 814314 24  8 54 15  0  0
26 14  70368 124487144 2381868 50862792    0    0 858576 618188 220565 811035 24  8 53 15  0  0
23 14  70368 124474088 2381868 50862820    0    0 860688 617660 220939 809626 24  8 53 15  0  0
27 15  70368 124464208 2381868 50862844    0    0 859744 621196 220992 811788 24  8 54 15  0  0
21 13  70368 124471248 2381868 50862884    0    0 855472 614556 219827 808374 23  8 54 15  0  0
30 11  70368 124476676 2381868 50862908    0    0 861120 614472 220965 811332 24  8 54 14  0  0
27 12  70368 124489648 2381872 50862936    0    0 862480 612536 220582 812855 24  8 54 15  0  0
26 12  70368 124490996 2381872 50862956    0    0 870640 624180 220819 815692 23  7 54 15  0  0
22 13  70368 124477316 2381872 50862976    0    0 858080 616408 220497 813857 24  8 53 14  0  0
30  6  70368 124481440 2381872 50863004    0    0 862256 622948 221290 813840 24  8 54 15  0  0
25 11  70368 124481932 2381872 50863028    0    0 863552 623484 221619 815464 24  8 53 14  0  0
26  9  70368 124473428 2381872 50863052    0    0 864832 620576 221496 814049 24  8 54 14  0  0
23 13  70368 124467352 2381872 50863076    0    0 861296 615964 221077 815286 24  8 54 15  0  0
28 11  70368 124481500 2381872 50863104    0    0 862288 617812 221196 814559 24  8 54 15  0  0
26  9  70368 124487388 2381872 50863128    0    0 874016 619592 220752 813693 24  7 55 15  0  0
25 18  70368 124484060 2381872 50863156    0    0 865008 617460 220230 810406 24  8 53 15  0  0
29  9  70368 124451776 2381872 50863180    0    0 854400 612544 231486 798598 24  8 54 15  0  0
procs -----------memory---------- ---swap-- -----io---- -system-- -------cpu-------
 r  b   swpd   free   buff  cache   si   so    bi    bo   in   cs us sy id wa st gu
26 11  70368 124416768 2381872 50863208    0    0 858096 612468 237515 809103 24  8 53 14  0  0
30 14  70368 124451800 2381872 50863240    0    0 852288 612268 225917 804433 23  9 54 14  0  0
29  8  70368 124401868 2381872 50863264    0    0 857888 616320 221352 811908 24  9 53 14  0  0
19 20  70368 124417580 2381872 50863296    0    0 858848 618960 220710 809451 24  8 53 14  0  0
27  9  70368 124459472 2381872 50863320    0    0 863040 621968 220748 809393 23  7 55 15  0  0
26 13  70368 124412716 2381872 50863332    0    0 861184 614124 221153 809827 24  8 53 14  0  0
28 12  70368 124412124 2381872 50863360    0    0 860032 610128 220731 811113 24  9 53 14  0  0
26 11  70368 124431140 2381872 50863396    0    0 857712 621608 220976 813388 24  8 54 15  0  0
30  8  70368 124439304 2381872 50863416    0    0 862272 616268 220924 812728 24  8 53 14  0  0
29  9  70368 124435184 2381872 50863436    0    0 860000 620700 221353 814153 24  8 53 14  0  0
25 11  70368 124447868 2381872 50863464    0    0 862240 625748 221821 816074 24  9 53 14  0  0
18 18  70368 124450632 2381872 50863492    0    0 867200 625376 221545 822257 23  7 55 15  0  0
27 14  70368 124439400 2381872 50863508    0    0 865472 628600 221916 817345 24  8 54 14  0  0
24 14  70368 124455516 2381872 50863536    0    0 864736 620264 221272 814945 24  9 53 14  0  0
23 11  70368 124451748 2381872 50863564    0    0 858736 614124 221067 812042 24  8 53 14  0  0
27 11  70368 124443136 2381872 50863592    0    0 862544 613640 221221 811090 24  9 53 14  0  0
24 14  70368 124423296 2381872 50863620    0    0 857920 618720 228025 810230 24  8 54 14  0  0
24 13  70368 124438608 2381872 50863716    0    0 855920 618404 220249 811439 24  8 53 15  0  0
19 17  70368 124458932 2381872 50863744    0    0 867072 626756 222065 818640 23  8 54 15  0  0
24 15  70368 124437144 2381880 50863756    0    0 865856 622060 221877 816303 23  8 54 15  0  0
25 12  70368 124443380 2381880 50863796    0    0 859888 616308 221061 817048 24  8 53 14  0  0
procs -----------memory---------- ---swap-- -----io---- -system-- -------cpu-------
 r  b   swpd   free   buff  cache   si   so    bi    bo   in   cs us sy id wa st gu
22 14  70368 124441664 2381880 50863824    0    0 859808 615008 220693 812769 24  9 54 14  0  0
27 11  70368 124458368 2381880 50863848    0    0 862208 611712 220799 809108 24  9 53 14  0  0
18 23  70368 124466292 2381880 50863868    0    0 860496 619896 221605 817251 24  8 54 14  0  0
19 16  70368 124468744 2381880 50863896    0    0 861968 615776 220629 813708 24  8 53 15  0  0
20 17  70368 124467248 2381880 50863928    0    0 864208 624688 220668 814452 24  8 54 15  0  0
25 16  70368 124460116 2381880 50863944    0    0 868784 616888 221678 813941 23  8 54 15  0  0
31  6  70368 124450624 2381880 50863964    0    0 865456 619948 221836 816979 23  8 54 14  0  0
28 12  70368 124456088 2381880 50863992    0    0 859680 618864 221407 814092 24  8 54 14  0  0
16 20  70368 124469036 2381884 50864016    0    0 862864 620208 221283 813195 24  8 53 14  0  0
24 12  70368 124476084 2381884 50864048    0    0 866784 627488 221688 815964 24  9 53 14  0  0
29 14  70368 124447004 2381884 50864072    0    0 863424 618056 223318 814795 24  8 54 14  0  0
21 15  70368 124448984 2381884 50864100    0    0 861504 616704 221398 814186 24  8 54 15  0  0
30 10  70368 124446264 2381884 50864116    0    0 864112 615424 219357 802835 23  7 55 15  0  0
26 16  70368 124436960 2381884 50864152    0    0 857440 623452 220440 810346 24  8 53 15  0  0
26 16  70368 124450108 2381884 50864184    0    0 861472 620996 221337 812233 24  8 54 15  0  0
26 16  70368 124460960 2381884 50864208    0    0 861296 622496 221622 817317 24  8 53 14  0  0
32 10  70368 124462168 2381884 50864232    0    0 864256 623872 222246 817983 24  8 53 14  0  0
23 15  70368 124469460 2381884 50864256    0    0 862592 622072 221716 818996 24  8 54 14  0  0
28 10  70368 124463300 2381884 50864288    0    0 868272 625108 222401 820358 24  8 54 14  0  0
29 12  70368 124465568 2381884 50864312    0    0 868736 626392 220822 813956 23  7 55 15  0  0
30  6  70368 124470772 2381884 50864328    0    0 860736 621084 221584 813882 23  9 54 14  0  0
procs -----------memory---------- ---swap-- -----io---- -system-- -------cpu-------
 r  b   swpd   free   buff  cache   si   so    bi    bo   in   cs us sy id wa st gu
31  9  70368 124470004 2381884 50864352    0    0 860144 619492 221313 817298 24  8 53 15  0  0
26 27  70368 124463212 2381884 50864380    0    0 858144 620236 221055 813244 23  8 54 15  0  0
29 10  70368 124464364 2381884 50864412    0    0 864512 617884 221136 815413 24  8 54 14  0  0
31 11  70368 124466572 2381884 50864440    0    0 864592 619492 222442 819442 24  8 53 14  0  0
23 28  70368 124436420 2381884 50864464    0    0 858080 624088 227031 816862 24  9 53 14  0  0
31  9  70368 124445296 2381884 50864484    0    0 870624 626088 221484 819244 23  7 55 15  0  0
30 11  70368 124446548 2381884 50864508    0    0 862560 625888 221369 815131 24  8 54 14  0  0
24 13  70368 124448924 2381884 50864540    0    0 864480 619688 221304 813206 24  8 54 14  0  0
28  9  70368 124444040 2381884 50864560    0    0 858528 618424 221306 813405 24  8 54 14  0  0
31  7  70368 124437056 2381884 50864592    0    0 862832 618804 221223 812256 24  8 53 15  0  0
27  9  70368 124450932 2381884 50864620    0    0 859600 611744 220501 810560 24  8 53 15  0  0
27 13  70368 124463888 2381884 50864644    0    0 861424 619460 220514 814159 24  8 53 14  0  0
27 11  70368 124462336 2381888 50864668    0    0 874192 622968 221186 815058 23  7 55 15  0  0
29  9  70368 124466292 2381888 50864684    0    0 868288 618060 221769 813518 24  8 54 15  0  0
25 12  70368 124447808 2381888 50864716    0    0 865504 631472 221479 820702 24  8 53 14  0  0
28 12  70368 124473412 2381888 50864740    0    0 865296 628288 221333 827881 24  8 54 14  0  0
30  9  70368 124461264 2381888 50864772    0    0 862512 623964 221031 819569 24  9 53 14  0  0
26 12  70368 124451724 2381888 50864796    0    0 860576 621104 220849 813649 24  8 54 14  0  0
31 11  70368 124456460 2381888 50864824    0    0 859136 614188 221049 811222 24  8 54 14  0  0
24 12  70368 124465932 2381888 50864848    0    0 862208 617368 220657 810370 23  7 54 15  0  0
21 16  70368 124470820 2381888 50864868    0    0 864768 623796 223647 814423 24  8 54 15  0  0
procs -----------memory---------- ---swap-- -----io---- -system-- -------cpu-------
 r  b   swpd   free   buff  cache   si   so    bi    bo   in   cs us sy id wa st gu
18 19  70368 124468280 2381888 50864896    0    0 856928 620840 229892 812325 24  9 53 14  0  0
26 12  70368 124449128 2381888 50864916    0    0 861856 619452 222514 813834 24  9 54 14  0  0
24 14  70368 124430736 2381888 50864948    0    0 858016 616588 221432 812429 24  8 54 14  0  0
34  5  70368 124439396 2381888 50864980    0    0 862800 615124 221269 814929 24  8 54 14  0  0
25 13  70368 124458408 2381888 50865008    0    0 864816 620372 221726 813500 24  8 53 14  0  0
33  9  70368 124471716 2381888 50865028    0    0 864432 618508 221794 814508 24  8 54 15  0  0
20 17  70368 124476492 2381888 50865040    0    0 861584 618536 221121 809771 23  8 54 15  0  0
25 11  70368 124451764 2381888 50865068    0    0 857008 613760 220304 811348 24  9 53 14  0  0
34  7  70368 124463176 2381888 50865100    0    0 862848 623764 221088 814597 24  8 53 15  0  0
24 19  70368 124477656 2381888 50865124    0    0 862032 613664 221893 818081 24  8 53 14  0  0
32  7  70368 124484000 2381888 50865156    0    0 864688 621548 221672 815896 24  8 54 14  0  0
34  5  70368 124461264 2381892 50865176    0    0 862016 624880 221682 817490 24  8 53 14  0  0
22 17  70368 124473036 2381892 50865208    0    0 866624 628540 221568 819883 24  8 54 15  0  0
25 12  70368 124470320 2381892 50865228    0    0 869200 625120 221555 814970 23  7 54 15  0  0
27  9  70368 124467600 2381892 50865312    0    0 861632 615336 221319 814088 24  8 54 14  0  0
26  8  70368 124456396 2381892 50865336    0    0 857936 618456 232677 812136 24  8 53 14  0  0
19 18  70368 124440848 2381892 50865360    0    0 853952 615880 220377 806888 24  8 53 14  0  0
25 16  70368 124434880 2381892 50865396    0    0 852608 617616 220415 808594 23  9 53 15  0  0
24 11  70368 124425752 2381892 50865428    0    0 860128 621124 220922 815185 24  8 54 14  0  0
19 17  70368 124433916 2381892 50865452    0    0 862592 623008 221414 814146 24  8 54 14  0  0
24 11  70368 124468464 2381892 50865476    0    0 862160 623004 220984 815481 23  7 55 15  0  0
procs -----------memory---------- ---swap-- -----io---- -system-- -------cpu-------
 r  b   swpd   free   buff  cache   si   so    bi    bo   in   cs us sy id wa st gu
22 14  70368 124466792 2381896 50865484    0    0 859536 620352 220961 814187 24  8 53 14  0  0
26 10  70368 124446888 2381896 50865520    0    0 857776 616096 220966 814358 24  8 53 14  0  0
29 10  70368 124444472 2381896 50865548    0    0 860384 617536 220901 810905 24  8 53 15  0  0
26 10  70368 124448428 2381896 50865576    0    0 857744 623196 220485 813727 24  8 53 14  0  0
29 14  70368 124465356 2381896 50865604    0    0 859104 617656 221354 812269 24  8 53 14  0  0
18 18  70368 124460944 2381900 50865624    0    0 862304 620136 221371 815894 24  8 53 14  0  0
23 14  70368 124462532 2381900 50865660    0    0 874112 627116 222011 816554 23  7 55 15  0  0
27 11  70368 124464800 2381900 50865680    0    0 864992 617760 220834 812575 24  8 54 15  0  0
26 13  70368 124449168 2381900 50865704    0    0 866016 618556 221868 814692 24  8 54 14  0  0
30 10  70368 124442544 2381900 50865732    0    0 850784 614776 222229 803850 23  8 54 14  0  0
26 14  70368 124432928 2381900 50865752    0    0 859696 615924 221707 810770 24  8 53 14  0  0
23 13  70368 124448004 2381900 50865776    0    0 861872 620880 221111 814232 24  8 53 14  0  0
23 15  70368 124447028 2381900 50865808    0    0 858848 608888 220606 807965 24  8 54 14  0  0
19 14  70368 124444356 2381900 50865840    0    0 865376 622864 220949 813368 23  7 54 15  0  0
28 12  70368 124443312 2381900 50865848    0    0 864064 616372 220858 814423 24  8 54 15  0  0
26 13  70368 124437828 2381908 50865872    0    0 857904 616912 220033 815726 24  8 54 14  0  0
27  8  70368 124462268 2381908 50865908    0    0 859632 621408 222019 818951 24  8 54 14  0  0
26  9  70368 124458776 2381908 50865940    0    0 861376 617508 220738 814848 24  8 54 14  0  0
31 10  70368 124457876 2381908 50865968    0    0 861856 619484 220896 814444 24  8 54 15  0  0
30  7  70368 124447692 2381908 50865992    0    0 859264 616088 220306 807679 24  8 53 15  0  0
24 12  70368 124451160 2381908 50866016    0    0 868848 624040 221703 814106 23  7 54 15  0  0
procs -----------memory---------- ---swap-- -----io---- -system-- -------cpu-------
 r  b   swpd   free   buff  cache   si   so    bi    bo   in   cs us sy id wa st gu
27  8  70368 124465700 2381912 50866036    0    0 863488 623464 220707 815353 24  8 54 15  0  0
31  8  70368 124454124 2381912 50866060    0    0 862544 617264 221075 810904 24  8 53 14  0  0
30  9  70368 124472568 2381912 50866092    0    0 862000 614440 221226 811421 24  8 53 14  0  0
22 20  70368 124465316 2381912 50866120    0    0 863696 614296 232850 810926 24  9 53 14  0  0
22 19  70368 124445456 2381912 50866144    0    0 848560 614820 227192 806117 24  9 54 14  0  0
25 11  70368 124432296 2381912 50866172    0    0 856336 622864 220244 820305 24  8 53 14  0  0
19 21  70368 124405528 2381912 50866200    0    0 864064 628836 220601 816879 23  8 54 15  0  0
28 11  70368 124417068 2381912 50866212    0    0 863488 624512 221358 813912 24  8 54 15  0  0
20 16  70368 124446044 2381912 50866232    0    0 858176 616232 221155 813224 24  9 53 14  0  0
29  9  70368 124437460 2381912 50866260    0    0 858016 619684 220042 812994 24  8 54 15  0  0
25 15  70368 124431352 2381912 50866292    0    0 861120 620940 220595 812887 24  8 53 14  0  0
28  9  70368 124431012 2381912 50866324    0    0 860656 616816 221184 811911 24  8 54 14  0  0
19 17  70368 124441904 2381912 50866348    0    0 867696 624184 221388 813585 24  8 54 14  0  0
22 20  70368 124453808 2381912 50866376    0    0 864336 613012 219350 807794 24  8 54 15  0  0
26 13  70368 124455572 2381912 50866396    0    0 869664 622348 221112 816041 23  7 55 15  0  0
27 14  70368 124450820 2381912 50866416    0    0 856112 619424 219931 808493 24  8 53 15  0  0
20 16  70368 124463116 2381912 50866448    0    0 861424 616032 221797 814139 24  9 54 14  0  0
22 17  70368 124452048 2381912 50866476    0    0 859584 618192 221065 811829 24  8 53 14  0  0
37  6  70368 124448028 2381912 50866500    0    0 859264 622100 221293 810353 24  8 53 15  0  0
26 10  70368 124448488 2381912 50866528    0    0 858000 620000 228706 812930 24  8 54 14  0  0
27 14  70368 124453164 2381912 50866560    0    0 862064 616156 221477 813588 24  8 54 14  0  0
procs -----------memory---------- ---swap-- -----io---- -system-- -------cpu-------
 r  b   swpd   free   buff  cache   si   so    bi    bo   in   cs us sy id wa st gu
20 21  70368 124465368 2381912 50866592    0    0 875232 629080 221691 815398 23  7 55 15  0  0
26 12  70368 124447680 2381912 50866608    0    0 863072 615284 222416 811651 24  8 53 15  0  0
34 10  70368 124457272 2381912 50866624    0    0 857136 617608 220671 813472 24  8 54 14  0  0
27 11  70368 124452684 2381912 50866652    0    0 862816 623684 221898 815088 24  8 54 14  0  0
31 10  70368 124459240 2381912 50866680    0    0 863584 619648 221764 816817 24  8 53 14  0  0
25 11  70368 124463120 2381912 50866708    0    0 862128 625764 222007 812433 24  8 54 14  0  0
30  8  70368 124464284 2381912 50866736    0    0 860496 620488 221835 812806 24  8 53 14  0  0
26 11  70368 124468116 2381912 50866764    0    0 872368 625576 221695 818996 23  7 55 15  0  0
26 10  70368 124480312 2381912 50866780    0    0 860096 617604 220962 809875 24  8 54 15  0  0
22 14  70368 124468636 2381912 50866808    0    0 862208 620816 221572 816029 24  9 53 14  0  0
21 19  70368 124473924 2381912 50866844    0    0 858720 621060 221278 811033 24  9 53 15  0  0
22 14  70368 124461224 2381912 50866936    0    0 859488 612240 220888 808827 24  8 53 15  0  0
25 13  70368 124453696 2381912 50866968    0    0 859776 616232 220734 812841 24  8 54 14  0  0
28 15  70368 124447416 2381912 50866996    0    0 861120 622052 231605 813757 24  9 54 14  0  0
23 13  70368 124448896 2381916 50867020    0    0 866384 622448 231757 816019 23  7 55 15  0  0
25 13  70368 124449744 2381916 50867036    0    0 864064 619040 220927 812186 24  8 54 15  0  0
22 14  70368 124457432 2381916 50867064    0    0 860400 619716 220595 811861 24  8 53 14  0  0
24 16  70368 124438440 2381916 50867092    0    0 861872 620672 221113 809838 24  8 53 14  0  0
27 10  70368 124431360 2381916 50867116    0    0 862784 615220 220908 812418 24  8 53 14  0  0
27 11  70368 124453252 2381916 50867144    0    0 858848 620224 221177 813383 24  8 53 14  0  0
25  9  70368 124453684 2381916 50867164    0    0 861232 630452 221849 817680 24  8 54 14  0  0
procs -----------memory---------- ---swap-- -----io---- -system-- -------cpu-------
 r  b   swpd   free   buff  cache   si   so    bi    bo   in   cs us sy id wa st gu
29  7  70368 124455096 2381916 50867204    0    0 866848 615568 221210 812711 23  8 54 15  0  0
23 14  70368 124460772 2381916 50867216    0    0 870784 614680 221755 813845 23  8 54 15  0  0
25 12  70368 124466848 2381916 50867240    0    0 865056 624724 221659 816520 23  9 54 14  0  0
28 12  70368 124457968 2381916 50867268    0    0 863536 616568 220841 814491 24  8 53 15  0  0
14 21  70368 124477488 2381916 50867292    0    0 861152 623684 221034 813299 24  8 54 15  0  0
20 26  70368 124467296 2381916 50867320    0    0 842432 596976 217337 791205 23  8 53 15  0  0
27 11  70368 124464596 2381916 50867356    0    0 815040 576292 210492 754328 22  8 54 16  0  0
22 15  70368 124469892 2381916 50867384    0    0 861888 621972 220698 811042 23  8 54 15  0  0
18 13  70368 124457780 2381916 50867396    0    0 865600 626388 223975 817453 23  7 54 15  0  0
22 19  70368 124445192 2381916 50867420    0    0 859712 626572 224208 819288 24  8 54 15  0  0
22 14  70368 124453404 2381916 50867448    0    0 861984 621772 221573 811576 24  8 53 14  0  0
26 22  70368 124448452 2381916 50867476    0    0 862624 614200 221010 809031 24  8 54 14  0  0
30  8  70368 124434860 2381916 50867496    0    0 861888 612840 221939 815379 24  9 54 14  0  0
20 23  70368 124421000 2381916 50867524    0    0 862464 606804 221532 811120 24  8 53 14  0  0
25 13  70368 124452912 2381916 50867552    0    0 862032 614484 224024 810347 23  8 54 15  0  0
20 22  70368 124457316 2381916 50867576    0    0 870976 627520 221115 814561 23  7 55 15  0  0
27 13  70368 124449868 2381916 50867596    0    0 864496 620816 220681 819239 24  8 53 14  0  0
27  8  70368 124448328 2381916 50867628    0    0 863088 618548 220970 816194 24  8 54 14  0  0
31  9  70368 124446272 2381916 50867648    0    0 862688 619256 221503 815801 24  8 54 14  0  0
24 11  70368 124432936 2381916 50867676    0    0 862160 620536 221499 814299 24  8 54 14  0  0
33  9  70368 124442644 2381916 50867708    0    0 867248 626396 220906 817835 24  8 54 14  0  0
procs -----------memory---------- ---swap-- -----io---- -system-- -------cpu-------
 r  b   swpd   free   buff  cache   si   so    bi    bo   in   cs us sy id wa st gu
25 10  70368 124456476 2381916 50867740    0    0 865616 625904 221855 815432 24  8 54 14  0  0
24 11  70368 124470852 2381916 50867756    0    0 866880 624416 221020 812283 23  7 55 15  0  0
22 27  70368 124461196 2381916 50867776    0    0 858576 618016 220221 810117 24  8 54 15  0  0
26  9  70368 124450608 2381916 50867812    0    0 854656 614892 220310 810061 24  8 53 14  0  0
33 10  70368 124460520 2381916 50867836    0    0 859952 614168 220543 812058 23  9 53 14  0  0
29 11  70368 124460756 2381916 50867860    0    0 860016 620808 221300 815176 24  8 53 14  0  0
31 13  70368 124462852 2381916 50867888    0    0 862416 618592 220748 815171 24  9 53 14  0  0
24 17  70368 124468556 2381916 50867912    0    0 864080 618252 221928 809143 24  9 53 14  0  0
28 11  70368 124470816 2381916 50867948    0    0 871504 621828 221205 818952 23  7 55 15  0  0
29 14  70368 124460368 2381916 50867964    0    0 863920 622464 220704 813726 24  8 54 14  0  0
31 11  70368 124459792 2381916 50867996    0    0 860208 622096 221681 818063 24  8 53 14  0  0
19 19  70368 124454756 2381916 50868020    0    0 857168 620612 221429 813113 24  9 53 14  0  0
29  9  70368 124462600 2381916 50868048    0    0 859664 616200 221514 815494 24  8 53 14  0  0
31  5  70368 124453308 2381916 50868080    0    0 863936 620584 221091 817990 24  8 53 14  0  0
22 20  70368 124467752 2381916 50868104    0    0 865888 623016 221762 818292 24  8 54 14  0  0
23 22  70368 124468492 2381916 50868132    0    0 873104 624216 221434 817454 23  7 55 15  0  0
25 15  70368 124461376 2381916 50868152    0    0 868160 626064 222182 817006 24  8 54 14  0  0
36  5  70368 124460984 2381920 50868172    0    0 869872 622292 221150 812718 24  8 54 14  0  0
25 18  70368 124462976 2381920 50868212    0    0 863648 618204 221327 814339 24  8 54 14  0  0
27 16  70368 124469232 2381920 50868236    0    0 859936 618396 220532 809912 24  8 53 15  0  0
23 13  70368 124468740 2381920 50868268    0    0 858112 620844 220873 810418 24  8 53 15  0  0
procs -----------memory---------- ---swap-- -----io---- -system-- -------cpu-------
 r  b   swpd   free   buff  cache   si   so    bi    bo   in   cs us sy id wa st gu
28 10  70368 124469032 2381920 50868288    0    0 858624 614588 220233 808962 24  8 53 15  0  0
25 10  70368 124476568 2381920 50868316    0    0 863792 623648 223039 813694 23  8 54 15  0  0
26  8  70368 124477016 2381920 50868332    0    0 866208 629708 225273 814587 24  8 54 15  0  0
28 11  70368 124447432 2381920 50868360    0    0 859472 617128 220788 809600 24  8 54 14  0  0
27 13  70368 124453620 2381920 50868384    0    0 860672 620892 221370 817756 24  8 54 14  0  0
29  7  70368 124455816 2381920 50868416    0    0 863728 622828 221919 815472 24  8 53 14  0  0
24 11  70368 124435588 2381920 50868444    0    0 863728 621684 221845 816710 24  9 53 14  0  0
25 11  70368 124464728 2381920 50868476    0    0 864576 619908 221735 815243 24  9 53 14  0  0
23 11  70368 124474460 2381920 50868580    0    0 858240 618140 220987 809697 23  8 54 15  0  0
30 10  70368 124476384 2381920 50868600    0    0 864640 619232 220980 812859 24  7 54 15  0  0
26 12  70368 124467948 2381920 50868628    0    0 860944 621104 221527 814135 24  8 54 14  0  0
23 11  70368 124450180 2381920 50868652    0    0 864080 620576 221511 817400 24  8 54 14  0  0
25 11  70368 124453316 2381920 50868680    0    0 862816 622436 221446 816224 23  9 53 14  0  0
36  6  70368 124460336 2381920 50868700    0    0 864416 621784 221520 815244 24  8 53 14  0  0
20 16  70368 124443716 2381920 50868724    0    0 863232 621464 222272 815664 24  9 54 14  0  0
29 10  70368 124467488 2381920 50868760    0    0 864496 622176 222026 815537 24  8 54 15  0  0
22 14  70368 124469812 2381924 50868776    0    0 866400 626912 221535 815218 23  7 54 15  0  0
23 14  70368 124469416 2381924 50868800    0    0 856240 611648 221149 808368 24  8 53 15  0  0
28  7  70368 124463608 2381924 50868828    0    0 859568 619040 220692 810295 24  8 54 15  0  0
27  9  70368 124460724 2381924 50868856    0    0 859104 625776 220501 809119 24  8 53 15  0  0
26 11  70368 124451488 2381924 50868892    0    0 864400 622740 221050 815909 23  8 54 15  0  0
procs -----------memory---------- ---swap-- -----io---- -system-- -------cpu-------
 r  b   swpd   free   buff  cache   si   so    bi    bo   in   cs us sy id wa st gu
32  5  70368 124451068 2381924 50868920    0    0 864720 622028 221804 816959 24  8 53 14  0  0
23 13  70368 124476244 2381924 50868948    0    0 863392 620172 221190 815386 24  8 54 14  0  0
23 19  70368 124479716 2381924 50868972    0    0 872128 624208 221092 816002 23  7 55 15  0  0
20 17  70368 124476616 2381924 50868996    0    0 861600 620808 221191 815044 24  8 54 14  0  0
26 17  70368 124460856 2381924 50869024    0    0 862032 620000 221008 815119 24  8 53 14  0  0
28  9  70368 124457104 2381924 50869052    0    0 864000 619524 221339 815329 24  8 54 14  0  0
30 12  70368 124461960 2381924 50869080    0    0 865408 620308 221464 812967 24  8 53 15  0  0
33  7  70368 124473292 2381924 50869104    0    0 860752 618556 219854 810730 24  8 54 14  0  0
25 19  70368 124474376 2381924 50869136    0    0 866832 615292 221641 815695 24  8 54 14  0  0
22 13  70368 124482468 2381924 50869156    0    0 871472 626952 221861 817124 23  7 55 15  0  0
32 19  70368 124481888 2381924 50869172    0    0 866080 626044 221358 816033 24  8 54 14  0  0
22 16  70368 124442916 2381924 50869196    0    0 861904 620980 227651 813926 24  8 54 14  0  0
28 10  70368 124428808 2381924 50869224    0    0 859232 623424 227425 813666 24  9 54 14  0  0
30 10  70368 124430304 2381924 50869256    0    0 854608 615356 223951 806346 23  8 54 15  0  0
28 15  70368 124409776 2381924 50869288    0    0 852736 618208 227142 808056 23  9 54 14  0  0
26 12  70368 124413252 2381924 50869312    0    0 853488 618892 221650 814053 24  8 54 14  0  0
22 12  70368 124431328 2381924 50869340    0    0 860288 621372 220713 809333 23  7 54 15  0  0
32  7  70368 124438404 2381924 50869360    0    0 862848 612208 221061 812254 24  8 54 15  0  0
23 14  70368 124429684 2381924 50869380    0    0 863904 619672 221813 815049 24  9 53 14  0  0
30  8  70368 124449716 2381924 50869416    0    0 862896 619632 220942 810035 23  8 54 14  0  0
24 12  70368 124436228 2381924 50869440    0    0 859248 616184 220670 813058 24  8 54 14  0  0
procs -----------memory---------- ---swap-- -----io---- -system-- -------cpu-------
 r  b   swpd   free   buff  cache   si   so    bi    bo   in   cs us sy id wa st gu
24 13  70368 124447168 2381924 50869464    0    0 861472 619952 221204 813281 24  8 53 15  0  0
24 11  70368 124428248 2381924 50869480    0    0 860336 625976 221342 813952 24  8 53 14  0  0
24 11  70368 124461064 2381924 50869512    0    0 866496 620488 221748 816223 23  8 54 15  0  0
27 10  70368 124449492 2381924 50869532    0    0 865840 618224 221066 809645 24  8 54 15  0  0
22 14  70368 124457272 2381924 50869560    0    0 861616 613284 221126 812445 24  9 53 14  0  0
25 14  70368 124461428 2381924 50869588    0    0 861536 621560 220607 813854 24  8 54 14  0  0
27 15  70368 124458060 2381924 50869620    0    0 863744 628476 221212 819173 24  8 53 14  0  0
24 13  70368 124463480 2381924 50869644    0    0 862448 621340 221445 814893 24  8 54 14  0  0
23 13  70368 124457808 2381924 50869668    0    0 860544 620364 222296 813173 24  8 53 15  0  0
26  8  70368 124464000 2381928 50869692    0    0 864688 619220 221352 813572 23  8 54 15  0  0
27 11  70368 124453788 2381928 50869716    0    0 869504 624232 221920 815738 23  7 54 15  0  0
17 19  70368 124460916 2381928 50869740    0    0 862384 620316 220829 811622 24  8 53 15  0  0
24 13  70368 124452744 2381928 50869772    0    0 862816 625148 222145 813003 24  8 54 14  0  0
27  9  70368 124433908 2381928 50869800    0    0 859072 614996 220869 806768 24  8 53 15  0  0
31  6  70368 124456476 2381932 50869828    0    0 862384 624532 221988 817992 24  8 53 14  0  0
24 13  70368 124447576 2381932 50869860    0    0 862624 623996 221430 818055 24  8 53 14  0  0
26 12  70368 124449212 2381932 50869888    0    0 868608 621424 220925 815061 23  8 54 15  0  0
27 11  70368 124457284 2381932 50869908    0    0 866816 629004 221811 814965 23  7 54 15  0  0
27 10  70368 124455124 2381932 50869924    0    0 865936 621616 220938 815603 24  8 53 15  0  0
24 12  70368 124461984 2381932 50869952    0    0 867600 621128 222603 820410 24  8 54 14  0  0
