procs -----------memory---------- ---swap-- -----io---- -system-- -------cpu-------
 r  b   swpd   free   buff  cache   si   so    bi    bo   in   cs us sy id wa st gu
 8  3  70368 112815644 2411808 74067864    0    1 14272 17076 4438    2  2  0 98  0  0  0
 4  3  70368 112785464 2411808 74067936    0    0 206480 323764 114379 109625  2  1 94  3  0  0
38  3  70368 112787492 2411808 74067992    0    0 170656 302792 112847 113773 41  2 54  2  0  0
18 22  70368 112715356 2411808 74068024    0    0 852208 771068 228954 558217 23  6 55 16  0  0
18 21  70368 112723048 2411808 74068112    0    0 1170400 887588 247696 729764 17  7 52 24  0  0
17 24  70368 112715408 2411808 74068148    0    0 1214064 742992 243197 724980 18  7 52 23  0  0
23 17  70368 112712728 2411808 74068180    0    0 1206128 754612 244630 724517 17  7 52 24  0  0
20 18  70368 112705576 2411808 74068192    0    0 1219936 744196 243191 723951 17  6 53 24  0  0
23 18  70368 112700844 2411808 74068216    0    0 1149552 686700 233341 682387 17  7 52 25  0  0
20 20  70368 112716572 2411808 74068244    0    0 1232992 743484 245503 737619 18  7 52 23  0  0
12 29  70368 112711528 2411808 74068276    0    0 1225680 762464 244186 733156 17  7 52 23  0  0
23 18  70368 112725524 2411808 74068300    0    0 1159728 697400 234366 689521 17  7 52 24  0  0
20 19  70368 112714436 2411808 74068328    0    0 1219712 760004 244110 732877 18  7 52 24  0  0
22 15  70368 112735524 2411812 74068348    0    0 1152800 747156 237039 716202 17  7 54 22  0  0
13  9  70368 112742328 2411812 74068368    0    0 1209520 771508 244480 724671 17  6 53 24  0  0
20 20  70368 112739984 2411812 74068396    0    0 1204272 790652 245262 730237 17  7 53 23  0  0
24 20  70368 112724808 2411812 74068428    0    0 1205616 801872 243089 723267 17  7 52 24  0  0
25 22  70368 112719476 2411812 74068460    0    0 1205216 786076 246243 735371 17  7 53 23  0  0
24 20  70368 112731152 2411812 74068484    0    0 1209072 779936 244474 731932 17  7 52 23  0  0
13 27  70368 112725084 2411812 74068504    0    0 1192864 789676 242582 723887 17  7 52 24  0  0
19 20  70368 112726068 2411812 74068544    0    0 1206096 794496 245965 732552 17  7 52 24  0  0
procs -----------memory---------- ---swap-- -----io---- -system-- -------cpu-------
 r  b   swpd   free   buff  cache   si   so    bi    bo   in   cs us sy id wa st gu
25 18  70368 112738432 2411812 74068560    0    0 1154448 750828 236280 689729 16  6 53 25  0  0
19 21  70368 112727388 2411812 74068588    0    0 1161648 745388 237144 697647 17  7 52 24  0  0
22 18  70368 112721632 2411812 74068612    0    0 1205600 797080 245364 735830 18  7 52 23  0  0
18 20  70368 112722452 2411812 74068640    0    0 1179136 761560 240691 714430 17  7 52 24  0  0
24 16  70368 112701464 2411812 74068672    0    0 1197280 784384 242955 727494 17  7 52 23  0  0
22 21  70368 112720360 2411812 74068696    0    0 1182768 774100 243160 724468 17  7 52 23  0  0
16 22  70368 112727280 2411812 74068728    0    0 1210336 778708 245059 732352 17  7 52 24  0  0
17 23  70368 112749496 2411812 74068752    0    0 1213568 795648 245774 733965 17  6 53 24  0  0
19 20  70368 112727944 2411812 74068768    0    0 1197104 792248 244286 732779 18  7 53 23  0  0
29 19  70368 112716836 2411812 74068796    0    0 1211264 808424 245957 736252 18  7 52 23  0  0
23 19  70368 112710832 2411812 74068828    0    0 1204144 792732 246142 734371 18  7 52 23  0  0
16 24  70368 112719352 2411812 74068852    0    0 1200352 781680 243544 729375 18  7 52 23  0  0
25 16  70368 112727308 2411812 74068884    0    0 1198544 781212 245316 730579 17  7 52 23  0  0
25 24  70368 112717488 2411812 74068916    0    0 1119632 731716 231082 670323 16  6 53 26  0  0
25 15  70368 112722644 2411812 74068932    0    0 1209472 786816 246362 734889 17  6 53 24  0  0
15 22  70368 112720840 2411812 74068960    0    0 1073840 701080 224723 656363 16  7 54 23  0  0
25 16  70368 112716948 2411812 74068984    0    0 1207072 773768 244146 730311 18  7 52 23  0  0
24 20  70368 112714852 2411812 74069016    0    0 1205648 800664 243858 728525 18  7 52 23  0  0
22 18  70368 112721376 2411812 74069048    0    0 1178688 772876 242726 721826 17  7 52 23  0  0
19 19  70368 112711044 2411812 74069072    0    0 1211072 778544 245189 735131 18  7 52 23  0  0
21 22  70368 112728060 2411812 74069100    0    0 1204336 790208 245405 732130 17  6 53 24  0  0
procs -----------memory---------- ---swap-- -----io---- -system-- -------cpu-------
 r  b   swpd   free   buff  cache   si   so    bi    bo   in   cs us sy id wa st gu
21 13  70368 112712940 2411812 74069120    0    0 1217792 793192 246048 737302 18  7 52 24  0  0
22 19  70368 112719140 2411812 74069148    0    0 1203136 794500 244568 736390 18  7 53 23  0  0
25 13  70368 112699192 2411812 74069172    0    0 1198384 810308 242930 729738 17  7 52 24  0  0
15 23  70368 112698800 2411812 74069200    0    0 1200176 789476 243599 726499 17  7 52 24  0  0
19 27  70368 112698064 2411812 74069224    0    0 1190704 778304 241824 721342 17  7 52 23  0  0
27 15  70368 112695180 2411812 74069260    0    0 1150224 742108 236275 695575 17  7 52 24  0  0
18 22  70368 112705008 2411812 74069288    0    0 1176656 763192 238135 701858 16  6 53 25  0  0
15 23  70368 112708216 2411812 74069304    0    0 1161808 760932 237458 703040 17  6 53 24  0  0
21 20  70368 112698376 2411812 74069332    0    0 1195488 782712 243193 726491 17  7 52 23  0  0
19 22  70368 112711732 2411812 74069360    0    0 1177792 789796 240868 714800 17  7 52 23  0  0
24 15  70368 112712760 2411812 74069388    0    0 1198976 773444 243257 726725 18  7 52 23  0  0
22 18  70368 112705836 2411812 74069416    0    0 1201584 788464 246167 736408 18  7 52 23  0  0
22 25  70368 112710772 2411812 74069440    0    0 1211584 788676 246460 735417 18  7 52 23  0  0
19 27  70368 112726564 2411812 74069460    0    0 1212960 797376 246762 736358 17  6 53 24  0  0
24 18  70368 112720152 2411812 74069480    0    0 1201584 783252 243548 729180 18  7 53 23  0  0
25 18  70368 112704344 2411812 74069512    0    0 1197344 791564 242921 725610 18  7 52 23  0  0
26 13  70368 112711148 2411812 74069536    0    0 1193936 799552 243137 726971 17  7 52 23  0  0
25 12  70368 112713652 2411812 74069564    0    0 1142848 772012 237326 710448 17  7 54 22  0  0
22 18  70368 112702036 2411812 74069588    0    0 1165824 724248 236743 700179 17  7 53 24  0  0
13 26  70368 112706988 2411812 74069616    0    0 1055216 680676 221078 626173 16  6 52 26  0  0
24 18  70368 112718740 2411812 74069644    0    0 1221968 787028 244974 729973 17  6 53 24  0  0
procs -----------memory---------- ---swap-- -----io---- -system-- -------cpu-------
 r  b   swpd   free   buff  cache   si   so    bi    bo   in   cs us sy id wa st gu
20 17  70368 112698476 2411812 74069664    0    0 1196768 785696 242816 721504 17  7 52 23  0  0
27 22  70368 112702544 2411812 74069756    0    0 1185600 786672 243738 726504 17  7 53 23  0  0
20 22  70368 112693192 2411812 74069792    0    0 1196368 801080 242719 725891 17  7 52 23  0  0
17 27  70368 112700484 2411812 74069820    0    0 1207488 784556 244547 731681 17  7 52 23  0  0
21 19  70368 112697932 2411812 74069852    0    0 1208256 789972 244725 736276 18  7 52 23  0  0
22 20  70368 112704976 2411812 74069880    0    0 1202624 791020 245797 738752 18  7 52 23  0  0
21 18  70368 112721592 2411812 74069900    0    0 1212912 791748 244404 730404 17  6 53 24  0  0
17 21  70368 112722636 2411812 74069920    0    0 1211280 795512 245350 736994 18  7 52 23  0  0
16 21  70368 112722612 2411812 74069948    0    0 1210208 795204 245858 739116 17  7 52 23  0  0
17 23  70368 112715616 2411812 74069984    0    0 1190576 797648 242674 723347 17  7 52 24  0  0
13 26  70368 112708672 2411812 74070004    0    0 1095456 712860 227696 656644 16  6 52 25  0  0
20 19  70368 112703360 2411812 74070028    0    0 1175424 756700 240336 713348 17  7 52 24  0  0
19 19  70368 112703004 2411812 74070060    0    0 1190784 779544 244008 725465 17  7 53 23  0  0
18 29  70368 112711352 2411812 74070076    0    0 1197104 788044 243591 721712 17  5 53 25  0  0
24 16  70368 112708524 2411812 74070100    0    0 1205216 794468 243248 728363 17  7 52 24  0  0
24 19  70368 112703580 2411812 74070132    0    0 1195408 789300 243403 727203 17  7 53 23  0  0
18 18  70368 112693436 2411812 74070164    0    0 1204288 809188 244296 728486 18  7 52 23  0  0
33  9  70368 112709980 2411812 74070184    0    0 1215664 795352 246107 738681 18  7 52 24  0  0
26 19  70368 112717380 2411812 74070220    0    0 1208464 796816 244392 732461 17  7 52 23  0  0
23 17  70368 112706248 2411812 74070248    0    0 1163328 777172 239442 719283 17  7 53 22  0  0
16 23  70368 112726888 2411812 74070268    0    0 1225024 753716 243690 732902 17  6 53 24  0  0
procs -----------memory---------- ---swap-- -----io---- -system-- -------cpu-------
 r  b   swpd   free   buff  cache   si   so    bi    bo   in   cs us sy id wa st gu
19 18  70368 112708512 2411812 74070296    0    0 1201808 797200 244447 731713 18  7 52 23  0  0
16 26  70368 112698820 2411812 74070328    0    0 1192464 778172 244475 727144 18  7 52 23  0  0
15 32  70368 112695764 2411812 74070352    0    0 1094960 721348 228480 658807 16  6 52 25  0  0
20 22  70368 112688856 2411812 74070376    0    0 1105232 703284 229968 666116 16  6 53 24  0  0
17 26  70368 112696764 2411812 74070392    0    0 1199840 788664 244335 728203 17  7 52 23  0  0
18 19  70368 112704912 2411812 74070428    0    0 1200544 792552 243606 729348 17  6 52 24  0  0
15 24  70368 112706356 2411812 74070444    0    0 1214448 804936 246714 732574 17  6 53 24  0  0
16 27  70368 112701632 2411812 74070464    0    0 1196064 792156 243603 729990 17  7 52 23  0  0
15 27  70368 112703872 2411812 74070500    0    0 1218448 796904 246305 737771 18  7 52 23  0  0
21 22  70368 112689684 2411812 74070532    0    0 1194352 799116 244465 729361 18  7 52 23  0  0
26 18  70368 112704972 2411812 74070560    0    0 1212720 787116 244357 734026 18  7 52 24  0  0
21 18  70368 112688808 2411812 74070584    0    0 1204608 796924 244844 733298 17  7 52 23  0  0
20 19  70368 112681128 2411812 74070616    0    0 1212736 801032 244395 733313 17  6 52 24  0  0
18 22  70368 112699352 2411812 74070636    0    0 1203648 791184 245397 733286 17  6 53 24  0  0
23 24  70368 112684584 2411812 74070664    0    0 1170368 764016 240603 711731 17  7 52 24  0  0
17 31  70368 112684564 2411812 74070700    0    0 1147776 753572 235089 691658 17  7 52 25  0  0
14 25  70368 112710188 2411812 74070728    0    0 1157616 762984 237635 697768 17  7 52 24  0  0
16 22  70368 112704236 2411812 74070748    0    0 1117808 726396 230074 667736 16  6 52 25  0  0
19 19  70368 112696452 2411812 74070784    0    0 1209200 779864 243212 729815 18  7 52 24  0  0
20 16  70368 112701876 2411812 74070804    0    0 1212080 792980 244939 730901 17  6 53 24  0  0
22 20  70368 112701588 2411812 74070828    0    0 1201472 797236 245446 732217 18  6 53 23  0  0
procs -----------memory---------- ---swap-- -----io---- -system-- -------cpu-------
 r  b   swpd   free   buff  cache   si   so    bi    bo   in   cs us sy id wa st gu
24 16  70368 112706168 2411812 74070852    0    0 1195664 788288 243122 730031 17  7 53 23  0  0
24 16  70368 112709880 2411812 74070876    0    0 1177728 754716 240529 727548 18  7 53 22  0  0
17 20  70368 112688792 2411812 74070900    0    0 1200048 788232 243210 724346 17  7 52 23  0  0
24 17  70368 112689356 2411812 74070936    0    0 1205520 788640 244830 737145 18  7 52 23  0  0
13 37  70368 112705084 2411812 74070964    0    0 1208368 784272 245883 738154 18  7 52 23  0  0
20 23  70368 112712076 2411812 74070992    0    0 1209808 795880 245498 734532 17  6 53 24  0  0
16 22  70368 112707636 2411812 74071012    0    0 1139392 747164 233534 681451 17  6 52 25  0  0
17 28  70368 112689380 2411812 74071036    0    0 1173984 766932 240900 712315 17  7 52 24  0  0
19 23  70368 112688228 2411812 74071060    0    0 1195280 776880 243025 724709 17  7 52 23  0  0
22 15  70368 112704240 2411812 74071096    0    0 1121328 744624 231247 672255 16  7 52 25  0  0
19 23  70368 112703076 2411812 74071120    0    0 1205040 791512 245612 735614 17  7 53 23  0  0
15 23  70368 112696972 2411812 74071148    0    0 1210800 789192 244348 734516 17  7 52 23  0  0
16 23  70368 112704496 2411812 74071172    0    0 1214928 803816 246336 734986 17  6 53 24  0  0
11 41  70368 112698276 2411812 74071192    0    0 1209440 796716 244905 731311 17  7 52 24  0  0
21 17  70368 112691492 2411812 74071224    0    0 1195856 784304 244131 727559 17  7 52 23  0  0
18 21  70368 112688452 2411812 74071248    0    0 1200624 801332 244780 732002 18  7 52 23  0  0
22 20  70368 112674036 2411812 74071272    0    0 1200288 791392 246800 733785 18  7 52 23  0  0
17 23  70368 112671508 2411812 74071308    0    0 1217712 799296 245479 737563 18  7 52 23  0  0
21 18  70368 112671108 2411812 74071328    0    0 1203744 789540 245851 734806 18  7 52 23  0  0
16 22  70368 112693424 2411812 74071420    0    0 1131264 743828 233408 675953 16  6 53 25  0  0
26 17  70368 112698656 2411812 74071440    0    0 1185712 777964 243435 724414 17  6 53 24  0  0
procs -----------memory---------- ---swap-- -----io---- -system-- -------cpu-------
 r  b   swpd   free   buff  cache   si   so    bi    bo   in   cs us sy id wa st gu
18 23  70368 112675096 2411812 74071472    0    0 1194160 776552 244089 726691 17  7 52 24  0  0
22 19  70368 112681464 2411812 74071500    0    0 1145552 755012 235224 691105 17  7 52 24  0  0
18 25  70368 112677892 2411812 74071540    0    0 1140784 737500 232824 683510 17  6 52 24  0  0
18 26  70368 112686144 2411812 74071564    0    0 1161888 762556 238426 721793 17  7 54 22  0  0
26 16  70368 112687572 2411812 74071592    0    0 1224640 775420 245062 739425 18  7 52 23  0  0
14 28  70368 112697096 2411812 74071616    0    0 1207552 796940 244796 728791 17  6 53 24  0  0
24 17  70368 112704008 2411812 74071644    0    0 1200560 779112 241963 722558 17  7 53 23  0  0
18 22  70368 112678316 2411812 74071668    0    0 1212176 777972 244623 734432 18  7 52 23  0  0
24 19  70368 112681328 2411812 74071704    0    0 1197248 808964 243914 731422 18  7 52 23  0  0
17 22  70368 112687364 2411812 74071728    0    0 1214544 798860 244808 735749 18  7 52 23  0  0
16 24  70368 112684100 2411812 74071748    0    0 1178384 764908 241205 717938 17  7 52 23  0  0
13 26  70368 112684012 2411812 74071776    0    0 1132944 729628 234646 684938 17  7 52 25  0  0
13 27  70368 112704508 2411812 74071796    0    0 1204304 790196 243695 726666 17  6 53 24  0  0
16 23  70368 112699992 2411812 74071824    0    0 1183264 773252 241818 718637 17  7 52 24  0  0
17 24  70368 112697288 2411812 74071844    0    0 1137312 743680 234528 685493 17  7 52 24  0  0
22 16  70368 112683120 2411812 74071872    0    0 1179344 783676 242134 715831 17  7 52 24  0  0
19 22  70368 112675184 2411812 74071904    0    0 1209440 792556 244941 732260 18  7 52 23  0  0
17 30  70368 112685672 2411812 74071924    0    0 1217392 803204 246459 737038 18  7 52 23  0  0
18 27  70368 112692184 2411812 74071960    0    0 1196752 795792 244106 730173 18  7 52 23  0  0
22 24  70368 112705492 2411812 74071980    0    0 1210816 783528 243782 725840 17  6 53 24  0  0
20 18  70368 112703536 2411812 74072008    0    0 1210304 791140 244496 733991 18  7 52 23  0  0
procs -----------memory---------- ---swap-- -----io---- -system-- -------cpu-------
 r  b   swpd   free   buff  cache   si   so    bi    bo   in   cs us sy id wa st gu
24 15  70368 112691964 2411812 74072036    0    0 1215600 791900 245521 735679 18  7 52 23  0  0
14 25  70368 112691572 2411812 74072072    0    0 1193872 800596 243212 724717 17  7 52 23  0  0
11 27  70368 112687424 2411812 74072100    0    0 1143152 743380 235249 691132 17  7 52 25  0  0
20 19  70368 112689280 2411812 74072124    0    0 1212368 784152 245071 734312 18  7 52 23  0  0
26 13  70368 112683132 2411812 74072148    0    0 1188560 784988 242062 719140 17  7 52 24  0  0
25 12  70368 112703676 2411812 74072164    0    0 1150624 769504 237979 710262 17  6 54 23  0  0
21 25  70368 112687928 2411812 74072192    0    0 1200080 741192 241651 728995 17  7 53 23  0  0
23 16  70368 112682424 2411812 74072216    0    0 1110560 729576 230903 668965 16  7 52 25  0  0
17 28  70368 112688216 2411812 74072248    0    0 1171424 770216 239262 712290 17  7 52 24  0  0
22 25  70368 112683752 2411812 74072288    0    0 1215472 793716 246966 740392 18  7 52 23  0  0
29 11  70368 112686972 2411812 74072308    0    0 1192032 780808 244726 730781 18  7 52 23  0  0
20 17  70368 112685852 2411812 74072336    0    0 1194640 786764 245403 728845 17  6 53 23  0  0
17 25  70368 112697852 2411812 74072352    0    0 1216352 793976 250569 734745 17  6 53 24  0  0
14 27  70368 112696044 2411812 74072384    0    0 1202752 797344 244529 733174 18  7 52 23  0  0
20 24  70368 112681504 2411812 74072416    0    0 1097840 721832 228671 661632 16  6 52 25  0  0
29 11  70368 112678244 2411820 74072444    0    0 1202048 790224 243069 727231 17  7 52 23  0  0
31 12  70368 112674748 2411820 74072476    0    0 1190960 778156 245589 731329 18  7 53 23  0  0
23 22  70368 112658800 2411820 74072500    0    0 1191696 778112 242884 723377 18  7 52 24  0  0
22 21  70368 112662472 2411820 74072528    0    0 1184256 775052 241657 718113 17  7 53 24  0  0
18 23  70368 112690528 2411820 74072548    0    0 1200368 782132 246618 721941 17  6 53 24  0  0
23 20  70368 112695580 2411824 74072576    0    0 1141104 746780 233902 686506 17  7 52 25  0  0
procs -----------memory---------- ---swap-- -----io---- -system-- -------cpu-------
 r  b   swpd   free   buff  cache   si   so    bi    bo   in   cs us sy id wa st gu
17 31  70368 112687492 2411828 74072600    0    0 1184208 766136 239706 713394 17  7 52 24  0  0
29 12  70368 112680740 2411828 74072632    0    0 1193424 811428 244142 726978 18  7 52 23  0  0
21 17  70368 112688740 2411828 74072668    0    0 1210848 786532 244201 731529 17  7 52 23  0  0
28 16  70368 112690672 2411828 74072692    0    0 1209392 790268 243705 730898 18  7 52 23  0  0
16 22  70368 112691468 2411828 74072716    0    0 1194528 785800 244650 728680 17  6 53 23  0  0
20 22  70368 112701088 2411828 74072732    0    0 1157168 755004 237131 692531 17  6 53 25  0  0
25 18  70368 112697808 2411828 74072764    0    0 1162576 746448 237402 700668 17  7 52 24  0  0
21 21  70368 112674172 2411828 74072796    0    0 1197232 796036 244526 730778 18  7 52 24  0  0
20 19  70368 112685084 2411828 74072820    0    0 1138672 771228 235588 711148 17  7 54 22  0  0
20 21  70368 112668332 2411828 74072848    0    0 1212256 753644 244199 732517 18  7 52 23  0  0
18 21  70368 112672108 2411828 74072872    0    0 1199808 786388 243758 726724 17  7 52 23  0  0
16 30  70368 112680040 2411828 74072900    0    0 1192880 783004 243601 722283 17  6 53 24  0  0
22 25  70368 112690312 2411828 74072912    0    0 1210704 789760 245631 733332 17  6 53 24  0  0
21 20  70368 112676672 2411828 74072940    0    0 1131808 731384 232812 680004 17  7 52 25  0  0
22 19  70368 112674476 2411828 74072964    0    0 1162304 759592 238579 704211 17  7 52 24  0  0
29 12  70368 112669364 2411828 74073000    0    0 1205392 805720 244655 733723 18  7 52 23  0  0
22 19  70368 112672832 2411828 74073100    0    0 1196640 793024 244313 730060 18  7 52 23  0  0
19 17  70368 112680892 2411828 74073124    0    0 1182512 781900 241761 717409 17  7 52 24  0  0
17 26  70368 112699228 2411828 74073152    0    0 1130160 727168 234253 681907 16  6 53 25  0  0
16 23  70368 112695520 2411828 74073172    0    0 1219280 782252 245822 732439 17  6 53 24  0  0
20 24  70368 112672952 2411828 74073200    0    0 1196976 793080 244251 724669 17  7 52 23  0  0
procs -----------memory---------- ---swap-- -----io---- -system-- -------cpu-------
 r  b   swpd   free   buff  cache   si   so    bi    bo   in   cs us sy id wa st gu
22 17  70368 112674476 2411828 74073224    0    0 1186528 783852 243353 725328 17  7 53 23  0  0
22 18  70368 112672116 2411828 74073252    0    0 1194240 796068 246257 735081 18  7 52 23  0  0
23 18  70368 112682084 2411828 74073284    0    0 1195008 779648 244310 732526 18  7 52 23  0  0
16 28  70368 112675872 2411828 74073308    0    0 1195152 774956 243047 726450 18  7 52 23  0  0
21 17  70368 112681908 2411828 74073336    0    0 1194192 781180 245554 728958 17  6 53 24  0  0
30 11  70368 112670492 2411828 74073364    0    0 1138208 732620 232765 684179 17  6 53 25  0  0
15 23  70368 112665084 2411828 74073388    0    0 1207968 790188 245134 731572 18  7 52 23  0  0
22 22  70368 112670620 2411828 74073428    0    0 1207360 792988 243895 730915 17  7 52 23  0  0
29 20  70368 112669232 2411828 74073444    0    0 1204976 806008 245235 734960 18  7 52 23  0  0
19 18  70368 112674368 2411836 74073476    0    0 1096480 714004 227938 657695 16  6 53 25  0  0
11 24  70368 112649660 2411836 74073500    0    0 1102592 726292 230684 667572 16  6 56 21  0  0
23 16  70368 112663896 2411836 74073520    0    0 1165744 755788 238477 717957 17  6 55 23  0  0
21 18  70368 112662836 2411836 74073548    0    0 1200192 761916 242655 722443 17  7 52 24  0  0
19 23  70368 112687344 2411836 74073584    0    0 1210496 790120 245489 732095 17  7 52 23  0  0
24 17  70368 112678380 2411836 74073604    0    0 1211440 782676 245092 733162 18  7 52 23  0  0
18 20  70368 112688288 2411836 74073632    0    0 1209488 812768 245273 733783 17  7 52 24  0  0
31 16  70368 112659488 2411836 74073660    0    0 1204192 798504 245357 733499 17  7 52 23  0  0
21 20  70368 112661228 2411836 74073692    0    0 1190016 783316 244180 722968 17  7 52 24  0  0
23 22  70368 112679988 2411836 74073716    0    0 1130832 738184 232927 674578 16  5 53 26  0  0
23 18  70368 112681952 2411836 74073740    0    0 1201472 790328 244784 732690 17  7 53 23  0  0
19 18  70368 112668168 2411836 74073764    0    0 1215808 789412 244567 733256 18  7 52 23  0  0
procs -----------memory---------- ---swap-- -----io---- -system-- -------cpu-------
 r  b   swpd   free   buff  cache   si   so    bi    bo   in   cs us sy id wa st gu
18 24  70368 112672248 2411836 74073792    0    0 1177552 769564 239304 711931 17  7 53 24  0  0
13 25  70368 112665880 2411836 74073824    0    0 1149424 761464 234578 688920 17  7 52 25  0  0
17 23  70368 112669392 2411836 74073848    0    0 1200752 791276 243357 727209 17  7 52 24  0  0
20 19  70368 112675060 2411836 74073876    0    0 1190416 781196 243657 724791 17  7 52 23  0  0
26 18  70368 112681252 2411836 74073892    0    0 1207328 787064 245554 730090 17  6 53 24  0  0
17 20  70368 112681464 2411836 74073916    0    0 1198768 782780 243525 728364 18  7 52 23  0  0
21 21  70368 112671632 2411836 74073948    0    0 1208384 791040 244846 732944 17  7 52 23  0  0
19 21  70368 112659608 2411836 74073976    0    0 1203952 787288 245017 732779 18  7 52 23  0  0
21 22  70368 112670128 2411836 74074004    0    0 1194512 789928 244394 729403 18  7 52 23  0  0
31 16  70368 112662656 2411836 74074028    0    0 1190976 789444 242346 721480 17  7 52 24  0  0
20 24  70368 112665220 2411836 74074056    0    0 1175440 775308 240673 712582 17  7 52 24  0  0
21 19  70368 112670412 2411836 74074076    0    0 1110432 715092 228533 657446 16  5 53 26  0  0
17  4  70368 112681032 2411836 74074108    0    0 1210080 782240 244935 734973 18  7 52 23  0  0
14 26  70368 112683888 2411836 74074132    0    0 1090576 730968 231700 671819 16  7 54 23  0  0
20 20  70368 112683868 2411840 74074160    0    0 1214272 746408 242790 732012 17  7 52 23  0  0
16 27  70368 112676384 2411840 74074180    0    0 1187568 804960 242907 721955 17  7 52 24  0  0
25 19  70368 112670944 2411840 74074212    0    0 1199408 780260 243180 726103 17  7 52 24  0  0
23 20  70368 112674384 2411840 74074236    0    0 1200544 777388 245339 732787 17  7 53 23  0  0
22 26  70368 112681268 2411840 74074256    0    0 1210272 799504 244926 731532 17  6 53 24  0  0
20 19  70368 112659920 2411840 74074284    0    0 1198928 800980 244251 732562 17  7 52 23  0  0
22 22  70368 112673556 2411840 74074316    0    0 1209424 785408 245212 737416 18  7 52 23  0  0
procs -----------memory---------- ---swap-- -----io---- -system-- -------cpu-------
 r  b   swpd   free   buff  cache   si   so    bi    bo   in   cs us sy id wa st gu
21 20  70368 112672660 2411840 74074340    0    0 1206672 796004 244649 731320 17  7 52 24  0  0
15 24  70368 112673980 2411840 74074372    0    0 1190864 799548 242745 722672 18  7 52 24  0  0
17 21  70368 112689872 2411840 74074400    0    0 1197424 784440 244418 730844 18  7 52 23  0  0
19 33  70368 112680132 2411840 74074432    0    0 1148672 750640 235897 688163 17  6 52 25  0  0
11 27  70368 112692048 2411840 74074456    0    0 1129792 726332 231940 673931 16  6 53 25  0  0
19 27  70368 112677628 2411840 74074484    0    0 1147600 744560 234959 690949 17  7 52 24  0  0
17 23  70368 112683292 2411840 74074508    0    0 1204944 784308 244617 737318 18  7 52 23  0  0
23 17  70368 112676520 2411840 74074540    0    0 1185776 794860 243161 728589 17  7 53 23  0  0
23 22  70368 112669076 2411840 74074568    0    0 1195024 781732 242650 724143 17  7 52 24  0  0
25 20  70368 112666276 2411840 74074600    0    0 1203696 792916 244469 731511 17  7 52 23  0  0
17 20  70368 112667068 2411840 74074624    0    0 1198080 786504 245656 733418 17  6 53 23  0  0
19 22  70368 112679264 2411840 74074636    0    0 1214784 786596 244360 732675 18  6 53 24  0  0
20 19  70368 112677432 2411840 74074664    0    0 1206640 792256 244793 734541 17  7 53 23  0  0
21 20  70368 112689632 2411840 74074780    0    0 1203888 779652 243616 727249 17  7 52 23  0  0
21 21  70368 112666532 2411840 74074812    0    0 1192544 802992 242269 721944 17  7 52 24  0  0
19 20  70368 112654316 2411840 74074836    0    0 1191504 785828 243755 727569 17  7 52 23  0  0
17 23  70368 112665496 2411840 74074868    0    0 1091744 703408 226543 670146 16  7 54 24  0  0
26 20  70368 112690016 2411840 74074896    0    0 1152016 720404 234440 684076 16  6 53 25  0  0
30 12  70368 112683536 2411840 74074916    0    0 1170720 756896 236804 701209 17  6 53 24  0  0
18 20  70368 112683816 2411840 74074944    0    0 1207856 783212 243371 731855 18  7 52 23  0  0
18 21  70368 112673896 2411840 74074968    0    0 1199952 786940 243756 729179 18  7 52 24  0  0
procs -----------memory---------- ---swap-- -----io---- -system-- -------cpu-------
 r  b   swpd   free   buff  cache   si   so    bi    bo   in   cs us sy id wa st gu
19 16  70368 112675256 2411840 74074992    0    0 1180160 798080 242635 723660 17  7 52 24  0  0
15 28  70368 112664928 2411840 74075024    0    0 1197328 789220 245799 735505 18  7 52 23  0  0
21 20  70368 112665420 2411840 74075052    0    0 1203616 795244 245393 734536 18  7 52 23  0  0
23 24  70368 112688652 2411840 74075076    0    0 1212720 799220 245062 732055 17  6 53 23  0  0
20 17  70368 112688076 2411840 74075104    0    0 1217952 796316 246015 737439 18  6 53 24  0  0
20 17  70368 112669524 2411840 74075124    0    0 1204400 789260 245230 733027 17  7 52 23  0  0
13 31  70368 112648424 2411840 74075152    0    0 1194480 778852 245761 734308 18  7 52 23  0  0
23 19  70368 112661388 2411840 74075180    0    0 1185840 797084 243717 722435 17  7 52 24  0  0
14 23  70368 112662128 2411840 74075212    0    0 1130464 740392 232285 677934 16  7 52 25  0  0
15 18  70368 112659232 2411840 74075236    0    0 1139872 732664 234530 686560 17  7 52 25  0  0
14 27  70368 112674176 2411840 74075260    0    0 1212752 787948 245980 737308 17  6 53 24  0  0
20 24  70368 112683288 2411840 74075292    0    0 1202992 790140 242242 723857 17  6 53 24  0  0
22 21  70368 112688044 2411840 74075316    0    0 1194256 784496 244254 728155 17  7 52 24  0  0
22 23  70368 112674700 2411840 74075340    0    0 1198448 786236 243181 726864 17  7 52 23  0  0
21 27  70368 112668852 2411840 74075376    0    0 1191776 798884 245567 722000 17  7 52 23  0  0
18 30  70368 112664264 2411840 74075400    0    0 1208016 784212 245586 732555 18  7 52 23  0  0
28 15  70368 112658096 2411840 74075436    0    0 1202752 789900 245253 731317 17  7 52 23  0  0
16 16  70368 112679972 2411840 74075456    0    0 1214272 797076 245095 733193 17  6 52 24  0  0
13 16  70368 112672288 2411840 74075476    0    0 1149456 776024 237878 713075 17  7 54 22  0  0
21 25  70368 112650876 2411840 74075504    0    0 1206112 755100 244216 731561 17  7 52 23  0  0
14 27  70368 112657204 2411840 74075528    0    0 1166000 770512 240088 704982 17  7 52 24  0  0
procs -----------memory---------- ---swap-- -----io---- -system-- -------cpu-------
 r  b   swpd   free   buff  cache   si   so    bi    bo   in   cs us sy id wa st gu
19 20  70368 112662448 2411840 74075552    0    0 1134944 748284 234384 683928 17  7 52 24  0  0
21 21  70368 112663428 2411840 74075584    0    0 1111344 715092 231925 667817 16  7 52 25  0  0
34 13  70368 112653300 2411840 74075612    0    0 1198160 776088 243603 722541 17  7 52 24  0  0
20 19  70368 112676368 2411840 74075632    0    0 1176592 776124 242695 718539 17  6 53 23  0  0
27 12  70368 112677816 2411840 74075656    0    0 1200944 763176 243703 725165 18  7 53 23  0  0
19 22  70368 112677168 2411840 74075684    0    0 1210080 792012 244338 728929 18  7 52 23  0  0
23 20  70368 112662256 2411840 74075708    0    0 1191392 788944 244886 727612 17  7 52 23  0  0
26 18  70368 112667248 2411840 74075736    0    0 1188064 799088 245367 730494 18  7 53 23  0  0
23 19  70368 112657004 2411840 74075764    0    0 1211840 780048 244330 729560 18  7 52 23  0  0
18 22  70368 112669468 2411840 74075792    0    0 1088864 709240 226070 644732 16  6 52 26  0  0
17 19  70368 112701956 2411840 74075816    0    0 1105632 713844 229574 656675 16  5 53 26  0  0
18 22  70368 112684004 2411840 74075840    0    0 1116896 717932 231212 666573 16  6 52 25  0  0
26 15  70368 112662784 2411840 74075868    0    0 1097344 705324 228282 656480 16  6 52 25  0  0
18 18  70368 112665764 2411840 74075892    0    0 1121600 721796 232226 672153 17  7 52 25  0  0
14 28  70368 112665784 2411840 74075916    0    0 1100368 725844 229001 656949 16  6 52 25  0  0
11 26  70368 112662240 2411840 74075944    0    0 1056592 673092 222961 629135 16  6 52 26  0  0
18 20  70368 112667584 2411840 74075976    0    0 1058400 667844 220964 626318 16  6 52 26  0  0
23 11  70368 112683584 2411840 74075992    0    0 1109680 710592 227816 654710 16  5 53 26  0  0
20 21  70368 112669796 2411840 74076016    0    0 1117424 724416 231549 669602 16  6 52 25  0  0
25 18  70368 112671288 2411840 74076048    0    0 1123040 712864 231643 670811 17  7 52 25  0  0
18 23  70368 112673776 2411840 74076076    0    0 1106688 716224 230512 664945 16  7 52 25  0  0
procs -----------memory---------- ---swap-- -----io---- -system-- -------cpu-------
 r  b   swpd   free   buff  cache   si   so    bi    bo   in   cs us sy id wa st gu
23 17  70368 112675984 2411840 74076112    0    0 1117184 718980 230084 665630 16  7 52 25  0  0
18 24  70368 112667684 2411840 74076140    0    0 1054768 703276 223104 649993 16  7 54 24  0  0
21 31  70368 112673716 2411840 74076168    0    0 1179824 739428 239419 706807 17  7 52 24  0  0
16 22  70368 112684296 2411840 74076184    0    0 1179104 772652 240203 705241 17  6 53 25  0  0
21 23  70368 112680332 2411840 74076208    0    0 1165184 757432 242136 712314 17  7 53 23  0  0
20 19  70368 112667064 2411840 74076244    0    0 1166672 752872 237522 700089 17  7 52 24  0  0
21 18  70368 112679868 2411840 74076264    0    0 1156976 752460 240319 704923 17  7 52 24  0  0
26 20  70368 112685704 2411840 74076296    0    0 1159536 752548 238610 701744 17  7 52 24  0  0
14 27  70368 112674512 2411840 74076324    0    0 1078704 728936 227973 648874 16  6 52 25  0  0
14 22  70368 112674428 2411840 74076348    0    0 1152848 741248 236106 691481 17  7 52 24  0  0
25 15  70368 112694564 2411840 74076432    0    0 1177456 768312 240590 707320 17  6 53 25  0  0
28 20  70368 112674356 2411840 74076460    0    0 1175728 757076 240356 711708 17  7 52 23  0  0
21 17  70368 112668972 2411840 74076488    0    0 1175936 763648 239972 707881 17  7 52 24  0  0
20 21  70368 112679436 2411840 74076516    0    0 1167888 761404 240122 705905 17  7 52 24  0  0
24 17  70368 112673800 2411840 74076544    0    0 1168912 762164 243021 714389 17  7 52 24  0  0
22 18  70368 112656952 2411840 74076572    0    0 1171408 779340 242548 710999 17  7 52 24  0  0
17 23  70368 112666960 2411840 74076604    0    0 1162512 762516 242173 714584 17  7 53 23  0  0
21 16  70368 112680580 2411840 74076620    0    0 1175792 758420 242600 715525 17  6 53 24  0  0
14 27  70368 112686628 2411840 74076652    0    0 1171744 759952 240272 708232 17  7 52 24  0  0
14 25  70368 112674424 2411840 74076676    0    0 1175376 760752 240779 709259 17  7 52 24  0  0
23 19  70368 112664888 2411840 74076704    0    0 1147952 762296 239383 703197 17  7 52 24  0  0
procs -----------memory---------- ---swap-- -----io---- -system-- -------cpu-------
 r  b   swpd   free   buff  cache   si   so    bi    bo   in   cs us sy id wa st gu
23 22  70368 112648696 2411840 74076732    0    0 1150320 744656 237956 696789 17  7 52 24  0  0
26 20  70368 112679516 2411840 74076752    0    0 1102944 731264 231910 667297 16  7 52 25  0  0
21 23  70368 112669260 2411840 74076784    0    0 1133664 724132 233785 679389 16  6 52 25  0  0
22 22  70368 112679532 2411840 74076800    0    0 1186064 770284 242373 715151 17  6 53 24  0  0
15 23  70368 112662808 2411840 74076824    0    0 1188944 779788 242906 729187 18  7 53 22  0  0
18 21  70368 112660796 2411840 74076860    0    0 1192064 746648 240749 723867 17  7 53 23  0  0
24 20  70368 112668384 2411840 74076888    0    0 1195568 800368 245549 727548 17  7 52 23  0  0
25 19  70368 112668088 2411840 74076912    0    0 1205232 781004 246270 730619 17  7 53 23  0  0
29 16  70368 112673064 2411840 74076940    0    0 1205056 795624 246617 733962 18  7 52 23  0  0
17 21  70368 112682840 2411840 74076964    0    0 1205024 781844 244186 727522 17  7 53 23  0  0
15 25  70368 112686704 2411840 74076992    0    0 1217792 795152 246034 732746 17  6 53 24  0  0
24 22  70368 112658708 2411840 74077016    0    0 1201200 795192 244697 725519 18  7 52 23  0  0
21 21  70368 112661580 2411840 74077044    0    0 1192176 789696 243465 720105 18  7 52 24  0  0
29 19  70368 112659664 2411840 74077068    0    0 1175232 769048 241723 717423 17  7 53 23  0  0
15 24  70368 112666668 2411840 74077096    0    0 1148272 747772 239187 701810 17  7 53 24  0  0
18 20  70368 112666312 2411840 74077128    0    0 1172816 768356 237827 701889 17  7 52 24  0  0
16 29  70368 112663452 2411840 74077152    0    0 1207760 783504 244323 730851 17  7 53 23  0  0
15 25  70368 112671432 2411840 74077168    0    0 1215200 788600 244455 729862 17  6 53 24  0  0
10 40  70368 112664560 2411840 74077188    0    0 1202960 788196 246016 727889 18  7 52 23  0  0
21 22  70368 112658056 2411840 74077220    0    0 1195568 794584 245637 731254 18  7 52 23  0  0
18 24  70368 112668096 2411840 74077248    0    0 1209136 790028 246116 737297 18  7 52 23  0  0
procs -----------memory---------- ---swap-- -----io---- -system-- -------cpu-------
 r  b   swpd   free   buff  cache   si   so    bi    bo   in   cs us sy id wa st gu
23 23  70368 112675964 2411840 74077276    0    0 1205200 796788 244650 732870 18  7 52 23  0  0
20 20  70368 112662488 2411840 74077300    0    0 1205616 808536 246413 735687 17  7 52 23  0  0
20 24  70368 112670432 2411840 74077324    0    0 1201632 787308 245327 733214 17  6 53 23  0  0
20 21  70368 112670216 2411840 74077348    0    0 1200432 793196 243412 726642 17  6 53 24  0  0
25 15  70368 112664408 2411840 74077384    0    0 1186976 782040 241627 722951 17  7 52 23  0  0
16 28  70368 112662600 2411840 74077408    0    0 1182144 777204 244307 724887 17  7 52 24  0  0
24 13  70368 112680624 2411840 74077432    0    0 1197712 782412 242983 727918 18  7 52 23  0  0
17 29  70368 112658500 2411840 74077468    0    0 1081968 701568 225059 660867 16  7 53 24  0  0
13 22  70368 112652748 2411840 74077496    0    0 1171984 755964 238319 706506 17  7 52 24  0  0
24 18  70368 112659180 2411840 74077520    0    0 1206624 793596 243897 730588 17  6 53 24  0  0
12 28  70368 112667268 2411840 74077540    0    0 1206368 782940 244717 728910 17  7 53 23  0  0
24 16  70368 112662188 2411840 74077564    0    0 1203136 790156 243738 729615 18  7 52 23  0  0
15 25  70368 112665668 2411840 74077588    0    0 1211968 798168 245673 735821 18  7 52 23  0  0
16 24  70368 112673880 2411840 74077616    0    0 1205552 804608 244971 737530 18  7 52 23  0  0
21 18  70368 112676832 2411840 74077644    0    0 1217216 806368 245761 737765 18  7 52 23  0  0
22 21  70368 112676316 2411840 74077684    0    0 1197120 809712 244461 731656 18  7 52 23  0  0
14 25  70368 112681312 2411840 74077704    0    0 1211984 798964 245846 735402 17  6 53 24  0  0
25 14  70368 112670916 2411840 74077724    0    0 1192528 782632 241773 722179 17  7 52 24  0  0
30 21  70368 112654372 2411840 74077752    0    0 1189328 782916 242819 721058 18  7 52 23  0  0
21 21  70368 112672020 2411840 74077784    0    0 1210848 792916 245378 731810 18  7 52 24  0  0
20 24  70368 112670332 2411840 74077808    0    0 1147616 755872 235258 692693 17  7 52 24  0  0
procs -----------memory---------- ---swap-- -----io---- -system-- -------cpu-------
 r  b   swpd   free   buff  cache   si   so    bi    bo   in   cs us sy id wa st gu
19 22  70368 112662940 2411840 74077844    0    0 1205168 781920 245309 732482 18  7 52 23  0  0
19 21  70368 112660456 2411840 74077876    0    0 1192336 804804 243479 725902 18  7 52 23  0  0
23 16  70368 112672104 2411844 74077892    0    0 1212656 800352 245050 732012 17  6 53 24  0  0
19 23  70368 112667480 2411844 74077916    0    0 1209936 798532 244949 732493 18  7 52 24  0  0
22 26  70368 112668116 2411844 74077948    0    0 1208432 792008 244675 732825 18  7 52 23  0  0
24 17  70368 112668616 2411844 74077980    0    0 1207680 799760 243712 731045 18  7 52 23  0  0
14 28  70368 112652876 2411844 74078008    0    0 1207520 793304 246697 738675 18  7 52 23  0  0
17 24  70368 112649860 2411844 74078100    0    0 1207088 801804 245408 731801 18  7 52 23  0  0
12 22  70368 112651632 2411844 74078116    0    0 1181088 799448 242268 719324 17  7 52 24  0  0
19 23  70368 112668336 2411844 74078148    0    0 1166048 757668 238091 717841 17  6 55 23  0  0
21 18  70368 112652364 2411844 74078168    0    0 1212528 785704 246149 734611 17  7 52 23  0  0
17 25  70368 112649896 2411844 74078196    0    0 1193856 791024 244275 725709 17  7 52 24  0  0
23 17  70368 112653488 2411844 74078224    0    0 1147536 750424 236536 691667 17  7 52 25  0  0
20 22  70368 112666924 2411844 74078248    0    0 1152688 746132 236888 697391 17  7 52 24  0  0
23 14  70368 112666288 2411844 74078276    0    0 1206656 787984 245195 732994 17  7 52 23  0  0
24 17  70368 112651340 2411844 74078312    0    0 1202608 809168 245429 736611 17  7 52 24  0  0
25 14  70368 112659984 2411844 74078332    0    0 1211568 790168 244305 729371 17  6 53 24  0  0
23 25  70368 112647580 2411844 74078352    0    0 1204336 809132 244630 734526 18  7 52 24  0  0
24 17  70368 112641160 2411844 74078384    0    0 1208000 798768 245530 734512 18  7 52 23  0  0
19 25  70368 112659304 2411844 74078424    0    0 1201456 795092 243557 728035 18  7 52 23  0  0
15 23  70368 112644992 2411844 74078444    0    0 1203248 793188 245799 733689 18  7 52 23  0  0
procs -----------memory---------- ---swap-- -----io---- -system-- -------cpu-------
 r  b   swpd   free   buff  cache   si   so    bi    bo   in   cs us sy id wa st gu
22 20  70368 112652336 2411844 74078476    0    0 1177328 786624 242947 720001 17  7 53 23  0  0
18 19  70368 112669044 2411848 74078488    0    0 1210416 789352 244750 732406 17  6 53 24  0  0
22 26  70368 112681400 2411848 74078512    0    0 1196144 792004 244454 729249 17  6 53 24  0  0
18 18  70368 112673408 2411848 74078540    0    0 1195472 782940 242196 723128 17  7 52 24  0  0
26 17  70368 112664708 2411848 74078564    0    0 1105760 730180 229602 665984 16  7 52 25  0  0
15 25  70368 112659916 2411848 74078596    0    0 1196160 779008 243683 730885 18  7 53 23  0  0
17 21  70368 112647460 2411848 74078628    0    0 1199792 782104 243341 727640 17  7 53 23  0  0
18 19  70368 112654908 2411848 74078660    0    0 1208368 805672 245232 734783 17  7 52 23  0  0
20 21  70368 112667624 2411848 74078696    0    0 1209216 789972 244845 730886 17  6 53 24  0  0
21 24  70368 112666992 2411848 74078712    0    0 1214144 803024 246199 733187 18  6 52 24  0  0
21 19  70368 112657616 2411848 74078736    0    0 1199456 792924 246496 734638 17  7 52 23  0  0
23 15  70368 112654428 2411848 74078768    0    0 1166576 781196 240260 722709 17  7 53 22  0  0
20 13  70368 112645808 2411848 74078804    0    0 1185008 741796 240281 722846 18  7 52 23  0  0
17 25  70368 112665804 2411848 74078828    0    0 1206416 796464 245054 734349 18  7 52 23  0  0
15 24  70368 112662936 2411848 74078856    0    0 1201520 807548 244065 728826 17  7 52 23  0  0
20 17  70368 112676744 2411848 74078876    0    0 1203840 783136 245323 729584 17  6 53 24  0  0
25 17  70368 112663136 2411848 74078900    0    0 1196032 786180 242667 721350 17  6 52 24  0  0
24 19  70368 112652688 2411848 74078928    0    0 1126256 741316 233175 677650 17  7 52 25  0  0
15 25  70368 112663068 2411848 74078968    0    0 1151408 749660 235186 692251 17  7 52 24  0  0
19 24  70368 112662952 2411848 74078988    0    0 1206128 791012 246011 735506 18  7 52 23  0  0
23 17  70368 112677596 2411848 74079012    0    0 1207552 796044 245778 733685 18  7 52 23  0  0
procs -----------memory---------- ---swap-- -----io---- -system-- -------cpu-------
 r  b   swpd   free   buff  cache   si   so    bi    bo   in   cs us sy id wa st gu
19 18  70368 112665292 2411848 74079036    0    0 1205040 812932 245390 731323 18  7 52 23  0  0
16 25  70368 112674120 2411848 74079064    0    0 1214976 787568 245349 730301 17  6 53 24  0  0
26 22  70368 112671476 2411848 74079084    0    0 1201408 786260 244024 728303 17  7 53 23  0  0
21 19  70368 112661984 2411848 74079108    0    0 1195056 781416 242732 722401 18  7 52 23  0  0
21 13  70368 112648764 2411848 74079144    0    0 1202400 783708 244762 732317 18  7 52 23  0  0
 9 25  70368 112652356 2411848 74079172    0    0 1202304 801464 245309 733705 18  7 52 23  0  0
20 19  70368 112654696 2411848 74079196    0    0 1207408 785228 245056 732823 17  7 52 23  0  0
20 17  70368 112659276 2411848 74079220    0    0 1200544 810548 244072 726173 18  7 52 23  0  0
16 27  70368 112685492 2411848 74079248    0    0 1194720 783676 240731 711125 17  6 53 25  0  0
15 29  70368 112672736 2411848 74079276    0    0 1154096 762280 235967 691117 17  7 52 24  0  0
18 24  70368 112666464 2411848 74079308    0    0 1205904 780256 244633 729127 18  7 52 23  0  0
22 18  70368 112655184 2411848 74079336    0    0 1208128 793308 245375 732888 18  7 52 23  0  0
22 19  70368 112657488 2411848 74079352    0    0 1202496 782912 242063 724120 17  7 52 23  0  0
21 16  70368 112663032 2411848 74079384    0    0 1188928 780824 242461 724442 17  7 53 23  0  0
21 19  70368 112657400 2411848 74079416    0    0 1153312 755420 236337 709342 17  7 54 22  0  0
16 28  70368 112675120 2411848 74079436    0    0 1212256 780332 243346 725614 17  6 53 24  0  0
25 16  70368 112660952 2411848 74079464    0    0 1184112 779984 243429 720079 17  7 52 23  0  0
24 18  70368 112656548 2411848 74079488    0    0 1208496 788220 244391 734131 18  7 52 23  0  0
18 22  70368 112651412 2411848 74079516    0    0 1204896 794300 246087 738646 17  7 52 23  0  0
18 21  70368 112654100 2411848 74079544    0    0 1207648 793064 246065 737059 18  7 52 23  0  0
26 28  70368 112657768 2411848 74079568    0    0 1199792 801356 244157 728165 18  7 52 23  0  0
procs -----------memory---------- ---swap-- -----io---- -system-- -------cpu-------
 r  b   swpd   free   buff  cache   si   so    bi    bo   in   cs us sy id wa st gu
21 16  70368 112664432 2411848 74079596    0    0 1176368 792648 242211 719376 17  7 53 24  0  0
20 21  70368 112677784 2411848 74079620    0    0 1174032 764724 239851 708313 17  6 53 24  0  0
16 27  70368 112669256 2411848 74079648    0    0 1136016 728432 233140 682897 17  6 52 25  0  0
21 18  70368 112659204 2411848 74079680    0    0 1208304 793540 246804 739310 17  7 53 23  0  0
24 24  70368 112668280 2411848 74079768    0    0 1208896 793880 246276 738289 18  7 52 23  0  0
24 17  70368 112650928 2411848 74079792    0    0 1204832 792168 244458 730861 18  7 52 23  0  0
17 16  70368 112637776 2411848 74079820    0    0 1196592 789636 244438 726207 18  7 52 23  0  0
14 27  70368 112656064 2411848 74079852    0    0 1197680 802984 244891 725225 17  6 53 24  0  0
19 25  70368 112666580 2411848 74079872    0    0 1201488 780524 245908 730891 17  6 53 24  0  0
18 36  70368 112645024 2411848 74079904    0    0 1199856 794692 245485 731237 18  7 52 23  0  0
20 20  70368 112646836 2411848 74079932    0    0 1210848 797436 245084 734742 18  7 52 23  0  0
22 17  70368 112647484 2411848 74079960    0    0 1199232 789620 246826 735327 18  7 53 23  0  0
17 25  70368 112660028 2411848 74079988    0    0 1153920 760664 235830 695914 17  7 52 24  0  0
17 25  70368 112664420 2411848 74080016    0    0 1157024 751616 238169 701499 17  7 52 24  0  0
22 22  70368 112673780 2411848 74080040    0    0 1194608 795256 243593 723480 17  6 53 24  0  0
15 14  70368 112678288 2411848 74080060    0    0 1153120 750740 237560 697117 17  6 53 24  0  0
17 19  70368 112661152 2411848 74080084    0    0 1110336 733012 230881 677502 16  7 53 24  0  0
26 18  70368 112656696 2411848 74080116    0    0 1195440 753812 240559 728249 17  7 53 23  0  0
20 19  70368 112654208 2411848 74080148    0    0 1199648 790700 246006 735331 17  7 53 23  0  0
23 17  70368 112662160 2411848 74080176    0    0 1207344 789932 244659 732749 18  7 52 23  0  0
14 10  70368 112658844 2411848 74080200    0    0 1189872 788008 242921 723749 18  7 52 24  0  0
procs -----------memory---------- ---swap-- -----io---- -system-- -------cpu-------
 r  b   swpd   free   buff  cache   si   so    bi    bo   in   cs us sy id wa st gu
18 21  70368 112678144 2411848 74080216    0    0 1198400 804100 243289 722347 17  6 53 24  0  0
23 19  70368 112670316 2411848 74080244    0    0 1203376 785564 244534 732926 17  7 53 23  0  0
26 22  70368 112672820 2411848 74080276    0    0 1211424 798124 245769 737107 18  7 52 23  0  0
20 24  70368 112659920 2411848 74080300    0    0 1206288 798504 245034 734408 17  7 52 23  0  0
19 22  70368 112658040 2411848 74080328    0    0 1202816 786548 243472 726318 17  7 52 23  0  0
27 16  70368 112660564 2411848 74080352    0    0 1194256 775176 241789 720872 18  7 52 23  0  0
20 23  70368 112667576 2411848 74080384    0    0 1189344 799040 243914 720006 17  7 52 24  0  0
15 25  70368 112678992 2411848 74080416    0    0 1126672 733988 232867 673578 16  5 53 25  0  0
25 18  70368 112661128 2411848 74080436    0    0 1212640 779192 245755 731762 18  7 52 23  0  0
16 28  70368 112668312 2411848 74080460    0    0 1211024 791948 245394 730020 18  7 52 23  0  0
21 21  70368 112637336 2411852 74080480    0    0 1201824 790744 246484 734378 18  7 52 23  0  0
18 22  70368 112658364 2411852 74080588    0    0 1202608 798000 243613 730763 17  7 52 23  0  0
24 17  70368 112663652 2411852 74080620    0    0 1193200 775176 242727 722306 17  7 52 24  0  0
20 22  70368 112657220 2411852 74080648    0    0 1188544 803500 243944 726034 17  7 52 23  0  0
18 28  70368 112677872 2411852 74080668    0    0 1220528 797132 247060 739993 17  6 53 24  0  0
18 26  70368 112675576 2411852 74080684    0    0 1212512 799680 245405 735375 18  7 52 23  0  0
26 16  70368 112658104 2411852 74080716    0    0 1178016 784876 242342 719012 17  7 52 24  0  0
21 25  70368 112663888 2411852 74080748    0    0 1199216 790824 243273 726121 17  7 52 23  0  0
 7 29  70368 112652216 2411852 74080776    0    0 1197312 784008 245515 732680 17  7 52 23  0  0
23 21  70368 112643652 2411852 74080808    0    0 1143104 757076 237384 715036 17  7 54 22  0  0
17 28  70368 112639136 2411852 74080832    0    0 1141472 739044 235677 689031 17  6 52 25  0  0
procs -----------memory---------- ---swap-- -----io---- -system-- -------cpu-------
 r  b   swpd   free   buff  cache   si   so    bi    bo   in   cs us sy id wa st gu
25 17  70368 112653120 2411852 74080852    0    0 1135200 731196 235056 681024 16  5 53 25  0  0
21 17  70368 112668296 2411852 74080876    0    0 1198784 782608 244955 732148 17  7 53 23  0  0
27 13  70368 112669988 2411852 74080900    0    0 1204528 786156 243668 728799 18  7 52 23  0  0
18 32  70368 112652852 2411852 74080932    0    0 1195472 787004 243711 730548 18  7 52 24  0  0
18 15  70368 112649108 2411852 74080968    0    0 1186096 790412 244510 726146 17  7 52 23  0  0
23 18  70368 112665240 2411852 74081000    0    0 1203536 793064 244231 730429 18  7 52 24  0  0
21 18  70368 112664544 2411852 74081016    0    0 1191568 812388 245258 732054 17  6 53 23  0  0
22 31  70368 112684696 2411852 74081040    0    0 1218880 795596 246684 736272 17  6 53 24  0  0
17 32  70368 112670184 2411852 74081072    0    0 1124016 742640 234439 684619 17  6 52 25  0  0
12 27  70368 112658852 2411852 74081096    0    0 1178528 767132 240206 713149 17  7 52 24  0  0
20 22  70368 112651284 2411852 74081116    0    0 1199552 781164 243758 727518 18  7 52 23  0  0
23 20  70368 112654848 2411852 74081144    0    0 1191168 780136 243089 722383 17  7 52 23  0  0
14 30  70368 112655660 2411852 74081180    0    0 1149216 758532 236585 695225 17  7 52 24  0  0
16 13  70368 112652312 2411852 74081200    0    0 1196384 793996 242815 724742 17  6 53 24  0  0
27 18  70368 112656796 2411852 74081224    0    0 1214048 788392 247577 739977 18  6 52 24  0  0
24 20  70368 112650244 2411852 74081248    0    0 1205008 792836 245166 731856 17  7 52 23  0  0
23 18  70368 112645692 2411852 74081400    0    0 1180544 774612 242520 720479 17  7 52 24  0  0
23 17  70368 112654136 2411852 74081436    0    0 1198864 788288 243667 729579 18  7 52 23  0  0
12 27  70368 112656652 2411852 74081468    0    0 1198512 792144 244091 729187 18  7 52 23  0  0
23 17  70368 112665748 2411852 74081496    0    0 1210048 794192 244945 733939 18  7 52 23  0  0
21 18  70368 112675828 2411852 74081524    0    0 1151584 773776 234740 689404 17  6 53 25  0  0
procs -----------memory---------- ---swap-- -----io---- -system-- -------cpu-------
 r  b   swpd   free   buff  cache   si   so    bi    bo   in   cs us sy id wa st gu
14 22  70368 112671360 2411852 74081540    0    0 1184192 766876 239798 708073 17  6 53 24  0  0
15 15  70368 112657356 2411852 74081648    0    0 1156000 760580 237387 718894 17  7 54 22  0  0
28 16  70368 112660888 2411852 74081672    0    0 1208544 780996 246464 738558 18  7 52 23  0  0
22 16  70368 112649892 2411856 74081704    0    0 1201056 791456 245708 730855 17  7 52 23  0  0
21 30  70368 112657044 2411856 74081728    0    0 1199264 793108 245359 731717 17  7 52 24  0  0
18 26  70368 112652008 2411856 74081752    0    0 1098608 712236 226872 656791 16  6 52 25  0  0
18 20  70368 112668084 2411856 74081780    0    0 1198544 812764 244894 728088 17  6 53 24  0  0
15 28  70368 112665532 2411856 74081800    0    0 1202432 785144 243493 729010 17  7 52 24  0  0
20 19  70368 112644560 2411856 74081832    0    0 1185408 782128 244806 728519 17  7 52 23  0  0
22 19  70368 112661276 2411856 74081860    0    0 1204528 771764 243223 728412 18  7 52 23  0  0
23 20  70368 112670908 2411856 74081888    0    0 1199440 783636 243595 731976 17  7 52 23  0  0
13 26  70368 112656652 2411856 74081924    0    0 1188288 789244 242776 728592 17  7 52 24  0  0
19 20  70368 112669356 2411856 74081948    0    0 1179536 760620 240352 715042 17  7 52 24  0  0
21 23  70368 112681924 2411856 74081968    0    0 1204832 811532 244497 724796 17  6 53 24  0  0
21 25  70368 112661400 2411856 74081988    0    0 1202640 796728 246277 737311 18  7 52 23  0  0
18 23  70368 112644980 2411856 74082020    0    0 1212544 802660 246348 739503 18  7 52 24  0  0
20 21  70368 112651612 2411856 74082044    0    0 1205808 797968 245011 733661 18  7 52 23  0  0
28 14  70368 112644952 2411856 74082064    0    0 1194144 792948 243039 725708 18  7 52 24  0  0
18 21  70368 112642560 2411856 74082100    0    0 1131488 739944 233860 683762 17  7 52 24  0  0
23 24  70368 112672396 2411856 74082124    0    0 1160768 752748 237139 699802 17  6 52 24  0  0
20 18  70368 112679740 2411856 74082148    0    0 1182752 794008 242742 719030 17  5 53 24  0  0
procs -----------memory---------- ---swap-- -----io---- -system-- -------cpu-------
 r  b   swpd   free   buff  cache   si   so    bi    bo   in   cs us sy id wa st gu
29  9  70368 112663904 2411856 74082168    0    0 1205952 800592 244746 734032 18  7 52 23  0  0
17 24  70368 112661164 2411856 74082200    0    0 1190736 790352 244414 729447 18  7 52 23  0  0
18 21  70368 112654956 2411856 74082232    0    0 1204336 777112 244203 730381 18  7 52 23  0  0
17 21  70368 112657248 2411856 74082260    0    0 1119216 727092 231560 676951 17  6 52 24  0  0
21 19  70368 112655344 2411856 74082288    0    0 1169120 751108 239286 723056 17  7 54 22  0  0
18 38  70368 112657896 2411856 74082316    0    0 1205392 789588 246339 736150 17  6 52 24  0  0
24 17  70368 112675352 2411856 74082336    0    0 1214336 816164 245823 736642 17  6 53 24  0  0
15 32  70368 112665688 2411856 74082364    0    0 1209776 794080 247382 738313 18  7 52 23  0  0
28 13  70368 112648960 2411856 74082396    0    0 1199232 790904 245842 731275 17  7 53 23  0  0
18 23  70368 112658476 2411856 74082428    0    0 1198000 793208 243567 724787 17  7 52 24  0  0
14 26  70368 112644156 2411856 74082452    0    0 1127824 741532 235076 686012 17  7 52 24  0  0
19 24  70368 112630308 2411856 74082488    0    0 1150176 750260 235274 692306 17  7 52 24  0  0
21 18  70368 112659624 2411856 74082512    0    0 1215104 794028 244714 733130 17  7 52 24  0  0
17 27  70368 112660468 2411856 74082524    0    0 1207296 819308 244426 730319 17  6 53 24  0  0
16 34  70368 112658168 2411856 74082556    0    0 1213920 798796 245910 736379 18  7 52 23  0  0
23 25  70368 112657532 2411856 74082584    0    0 1144304 760276 236310 693104 17  7 53 24  0  0
18 29  70368 112660640 2411856 74082612    0    0 1205632 784012 244542 732264 18  7 52 23  0  0
15 25  70368 112641772 2411856 74082636    0    0 1197456 788352 244904 730095 18  7 52 23  0  0
23 25  70368 112637236 2411856 74082668    0    0 1206416 787596 243879 731902 18  7 53 23  0  0
22 14  70368 112663312 2411856 74082696    0    0 1213440 796920 246121 736600 17  6 53 24  0  0
24 17  70368 112674860 2411856 74082708    0    0 1201280 818272 245574 729793 17  6 53 24  0  0
procs -----------memory---------- ---swap-- -----io---- -system-- -------cpu-------
 r  b   swpd   free   buff  cache   si   so    bi    bo   in   cs us sy id wa st gu
19 25  70368 112671080 2411856 74082740    0    0 1190304 782944 244443 728800 17  7 52 23  0  0
17 25  70368 112664632 2411856 74082764    0    0 1196576 783788 243418 723875 17  7 52 24  0  0
18 19  70368 112654932 2411856 74082796    0    0 1175840 778364 240951 716155 17  7 53 23  0  0
18 19  70368 112659168 2411856 74082828    0    0 1122992 723052 231326 671498 16  7 52 25  0  0
24 25  70368 112660884 2411856 74082856    0    0 1166912 758280 239057 707118 17  7 52 24  0  0
19 25  70368 112680616 2411856 74082884    0    0 1218912 795000 246369 734476 17  6 53 24  0  0
25 21  70368 112673696 2411856 74082900    0    0 1178688 814296 242940 727823 17  7 53 23  0  0
16 13  70368 112653944 2411856 74082936    0    0 1092128 693236 225806 663315 16  6 53 24  0  0
23 21  70368 112655048 2411856 74082956    0    0 1217184 778400 244885 733492 18  7 52 24  0  0
24 17  70368 112667004 2411856 74082980    0    0 1201360 801724 247223 738904 18  7 52 23  0  0
26 13  70368 112653064 2411856 74083004    0    0 1212688 774156 245637 736063 18  7 52 23  0  0
15 10  70368 112650004 2411856 74083040    0    0 1200992 798964 247034 736693 17  7 53 23  0  0
23 22  70368 112668304 2411856 74083064    0    0 1215456 803032 246731 738139 17  6 53 24  0  0
21 17  70368 112649460 2411856 74083076    0    0 1196576 805944 244340 729569 17  7 52 23  0  0
22 19  70368 112664664 2411856 74083100    0    0 1192128 790192 243763 727600 17  7 53 23  0  0
20 18  70368 112650796 2411856 74083136    0    0 1188992 770152 242032 718145 17  7 52 24  0  0
19 23  70368 112636704 2411856 74083168    0    0 1204176 796292 244185 728465 17  7 52 24  0  0
22 22  70368 112645176 2411856 74083196    0    0 1195952 793828 242804 725960 17  7 52 23  0  0
18 29  70368 112659752 2411856 74083240    0    0 1209040 798024 244489 733530 17  7 52 23  0  0
18 21  70368 112672880 2411856 74083352    0    0 1135216 747948 233882 680803 16  5 53 26  0  0
22 18  70368 112657920 2411856 74083384    0    0 1192272 789544 245394 727447 17  7 52 23  0  0
procs -----------memory---------- ---swap-- -----io---- -system-- -------cpu-------
 r  b   swpd   free   buff  cache   si   so    bi    bo   in   cs us sy id wa st gu
16 22  70368 112652052 2411856 74083412    0    0 1194336 792392 246369 733115 18  7 52 23  0  0
22 15  70368 112651764 2411856 74083444    0    0 1201872 782436 246172 733671 17  7 53 23  0  0
15 28  70368 112658212 2411856 74083468    0    0 1203088 796412 245924 734191 18  7 52 23  0  0
24 15  70368 112655964 2411856 74083492    0    0 1203648 791524 244903 730968 18  7 52 23  0  0
16 22  70368 112649872 2411856 74083520    0    0 1205856 794900 244723 730358 17  7 52 24  0  0
16 27  70368 112662640 2411856 74083548    0    0 1210208 792780 244900 731096 17  6 53 24  0  0
18 21  70368 112642352 2411856 74083572    0    0 1174448 789264 240146 715278 17  7 52 24  0  0
16 25  70368 112650980 2411856 74083604    0    0 1183744 784728 242749 726762 17  7 52 23  0  0
18 24  70368 112649484 2411856 74083636    0    0 1143600 744296 234990 694854 16  7 52 25  0  0
19 19  70368 112650172 2411856 74083656    0    0 1111040 732396 229473 677125 16  7 53 24  0  0
12 32  70368 112650828 2411856 74083688    0    0 1141200 709704 232393 689466 17  7 53 24  0  0
19 16  70368 112647716 2411856 74083712    0    0 1181232 768496 241251 714646 17  6 53 24  0  0
23 19  70368 112661368 2411856 74083736    0    0 1211600 789520 244460 726933 17  6 53 24  0  0
19 27  70368 112651384 2411856 74083756    0    0 1204480 807432 244782 732522 17  7 52 23  0  0
20 20  70368 112645868 2411856 74083788    0    0 1201344 789308 243828 729118 18  7 52 23  0  0
21 18  70368 112648168 2411856 74083820    0    0 1203744 795700 244949 731985 17  7 52 23  0  0
23 22  70368 112651388 2411856 74083840    0    0 1207072 798116 245857 735877 18  7 52 23  0  0
19 18  70368 112653384 2411856 74083872    0    0 1199536 791648 244348 730471 18  7 52 23  0  0
11 30  70368 112670800 2411856 74083892    0    0 1201440 787752 245152 728026 17  6 53 24  0  0
17 27  70368 112669952 2411856 74083908    0    0 1200000 803704 244608 726648 17  6 53 24  0  0
15 25  70368 112650688 2411856 74083944    0    0 1199776 794160 244984 733591 17  7 52 23  0  0
procs -----------memory---------- ---swap-- -----io---- -system-- -------cpu-------
 r  b   swpd   free   buff  cache   si   so    bi    bo   in   cs us sy id wa st gu
12 29  70368 112655896 2411860 74083968    0    0 1107312 731800 230897 666897 16  6 52 26  0  0
11 27  70368 112662812 2411860 74084008    0    0 1185120 765500 239887 710970 17  7 52 24  0  0
23 18  70368 112667860 2411860 74084028    0    0 1135040 750188 234348 686872 17  7 52 24  0  0
11 17  70368 112662252 2411860 74084056    0    0 1203056 787684 244161 726782 18  7 52 23  0  0
18 20  70368 112669940 2411860 74084084    0    0 1211296 795384 246390 735774 17  6 53 24  0  0
19 22  70368 112662552 2411864 74084096    0    0 1201808 801760 246518 734715 17  6 53 24  0  0
18 20  70368 112657052 2411864 74084124    0    0 1202544 799480 244355 729873 18  7 52 24  0  0
21 19  70368 112658816 2411864 74084156    0    0 1206416 799784 245442 734646 18  7 52 23  0  0
21 22  70368 112650176 2411864 74084188    0    0 1191024 791780 244354 730073 17  7 53 23  0  0
20 23  70368 112653988 2411864 74084212    0    0 1206512 785240 244550 731884 18  7 52 24  0  0
23 17  70368 112650672 2411864 74084244    0    0 1195168 790760 244815 731054 17  7 52 23  0  0
16 22  70368 112665584 2411864 74084268    0    0 1209760 801292 244105 728255 17  6 53 24  0  0
24 16  70368 112659908 2411864 74084288    0    0 1149120 773140 237214 714711 17  7 54 22  0  0
22 20  70368 112654152 2411864 74084308    0    0 1170368 746484 239903 707859 17  7 52 24  0  0
18 20  70368 112654236 2411864 74084336    0    0 1068384 702372 225446 644295 16  6 52 26  0  0
13 27  70368 112643996 2411864 74084368    0    0 1126176 718112 232354 677745 17  7 52 25  0  0
20 24  70368 112636632 2411864 74084400    0    0 1211920 791832 244671 733036 18  7 52 23  0  0
29 16  70368 112651600 2411864 74084428    0    0 1201616 795544 247030 740676 18  7 52 23  0  0
17 22  70368 112668440 2411864 74084452    0    0 1213056 798844 245496 733034 17  6 53 24  0  0
17 18  70368 112656844 2411864 74084480    0    0 1188992 810864 243573 726349 17  7 53 23  0  0
20 21  70368 112648812 2411864 74084508    0    0 1204448 790728 243056 726245 18  7 52 24  0  0
procs -----------memory---------- ---swap-- -----io---- -system-- -------cpu-------
 r  b   swpd   free   buff  cache   si   so    bi    bo   in   cs us sy id wa st gu
14 26  70368 112653948 2411864 74084536    0    0 1205920 802612 245153 734815 17  7 52 23  0  0
19 21  70368 112648200 2411864 74084564    0    0 1194736 796420 243996 729156 17  7 52 24  0  0
21 33  70368 112657188 2411864 74084588    0    0 1205776 796164 244516 732907 18  7 52 23  0  0
23 23  70368 112651996 2411864 74084628    0    0 1202736 795420 246551 734698 18  7 52 23  0  0
21 19  70368 112650956 2411864 74084652    0    0 1208272 789576 246128 730220 17  6 53 24  0  0
15 24  70368 112652016 2411864 74084668    0    0 1179472 798392 241594 712064 17  7 52 24  0  0
21 21  70368 112641012 2411864 74084692    0    0 1088880 711244 227190 653996 16  6 52 26  0  0
23 15  70368 112646008 2411864 74084720    0    0 1206336 781904 244630 730403 18  7 52 23  0  0
10 32  70368 112654904 2411864 74084748    0    0 1210672 797996 246565 735036 18  7 52 23  0  0
15 23  70368 112632772 2411864 74084776    0    0 1203328 802752 244107 729505 18  7 52 23  0  0
21 19  70368 112649732 2411864 74084804    0    0 1203552 795484 245319 732496 18  7 53 23  0  0
24 19  70368 112659556 2411864 74084828    0    0 1214960 799392 245027 730019 17  6 53 24  0  0
12 32  70368 112651948 2411864 74084848    0    0 1185920 803516 244642 726502 17  7 53 23  0  0
16 22  70368 112656136 2411864 74084876    0    0 1193712 779572 243653 725355 18  7 52 24  0  0
16 23  70368 112648664 2411864 74084908    0    0 1176528 782696 242882 728360 17  7 53 23  0  0
20 17  70368 112642724 2411864 74084936    0    0 1182160 757896 241691 727993 17  7 53 22  0  0
18 20  70368 112655044 2411864 74085028    0    0 1214064 794608 245101 733067 18  7 52 23  0  0
18 20  70368 112658916 2411864 74085056    0    0 1204752 790084 244620 729410 18  7 53 23  0  0
12 28  70368 112659916 2411864 74085076    0    0 1118608 728372 228404 657613 16  5 52 26  0  0
20 19  70368 112649576 2411864 74085100    0    0 1073712 714812 225898 644170 16  6 52 26  0  0
17 24  70368 112641924 2411864 74085132    0    0 1112816 717436 231704 668671 16  6 52 25  0  0
procs -----------memory---------- ---swap-- -----io---- -system-- -------cpu-------
 r  b   swpd   free   buff  cache   si   so    bi    bo   in   cs us sy id wa st gu
12 28  70368 112643384 2411864 74085160    0    0 1079040 702268 226394 647666 16  6 52 25  0  0
17 23  70368 112655004 2411864 74085180    0    0 1117792 716408 229170 665359 16  6 52 25  0  0
20 18  70368 112635004 2411864 74085208    0    0 1116384 726376 230108 665702 16  7 52 25  0  0
16 22  70368 112658244 2411864 74085240    0    0 1116272 729180 229685 666369 16  6 53 26  0  0
23 18  70368 112656520 2411864 74085268    0    0 1115488 725712 233300 671880 16  6 53 25  0  0
18 23  70368 112643752 2411864 74085292    0    0 1105824 718812 228364 659931 16  7 52 25  0  0
22 33  70368 112631412 2411864 74085324    0    0 1112256 741284 232197 672711 16  6 52 25  0  0
18 21  70368 112653636 2411864 74085352    0    0 1113920 721692 229543 666095 16  6 52 25  0  0
15 25  70368 112644872 2411864 74085380    0    0 1106592 715280 229773 665364 16  6 52 25  0  0
22 18  70368 112647840 2411864 74085408    0    0 1107888 714548 229684 664044 16  6 52 25  0  0
14 26  70368 112668468 2411864 74085432    0    0 1111920 716828 231097 664614 16  6 53 25  0  0
21 24  70368 112671196 2411864 74085452    0    0 1040928 668784 218110 612629 15  6 52 27  0  0
17 25  70368 112655456 2411864 74085476    0    0 1145568 743720 235753 687594 17  7 52 25  0  0
12 34  70368 112667956 2411864 74085508    0    0 1156688 775072 236526 696714 17  7 52 24  0  0
17 21  70368 112653828 2411864 74085540    0    0 1162560 752892 240195 706914 17  7 52 24  0  0
16 26  70368 112641740 2411864 74085568    0    0 1167120 766168 240667 710131 17  7 52 24  0  0
15 29  70368 112639320 2411864 74085588    0    0 1167696 766644 241716 711784 17  7 52 24  0  0
13 23  70368 112658848 2411864 74085608    0    0 1167488 767692 238863 703101 17  6 53 25  0  0
17 21  70368 112648040 2411864 74085628    0    0 1133552 747480 235291 690977 17  6 53 24  0  0
22 15  70368 112640528 2411864 74085660    0    0 1129184 721224 233076 694487 17  7 53 23  0  0
15 13  70368 112636116 2411864 74085688    0    0 1170368 770748 238437 704699 17  7 52 24  0  0
procs -----------memory---------- ---swap-- -----io---- -system-- -------cpu-------
 r  b   swpd   free   buff  cache   si   so    bi    bo   in   cs us sy id wa st gu
20 32  70368 112631916 2411864 74085716    0    0 1165472 771244 239576 706349 17  7 52 24  0  0
22 20  70368 112645092 2411864 74085748    0    0 1175952 761800 241940 713688 17  7 52 24  0  0
25 15  70368 112650568 2411864 74085772    0    0 1100304 715776 229303 658643 16  6 52 25  0  0
12 29  70368 112665564 2411864 74085800    0    0 1041264 674536 219101 611839 15  5 53 28  0  0
17 26  70368 112656040 2411864 74085824    0    0 1087344 712568 229661 656930 16  6 52 25  0  0
20 21  70368 112657964 2411864 74085848    0    0 1164432 755148 238831 700025 17  7 52 24  0  0
19 30  70368 112642824 2411864 74085876    0    0 1167360 771984 240067 707316 17  7 52 24  0  0
10 25  70368 112642376 2411864 74085900    0    0 1164480 782532 240499 708074 17  7 52 24  0  0
15 20  70368 112657248 2411864 74085936    0    0 1169920 772048 240091 709537 17  7 52 24  0  0
 9 31  70368 112658644 2411864 74085968    0    0 1167856 767352 238703 703142 17  6 52 24  0  0
21 17  70368 112660344 2411864 74085984    0    0 1151456 763392 239937 704357 17  6 53 25  0  0
13 25  70368 112648468 2411864 74086004    0    0 1169696 750724 239273 705709 17  7 52 24  0  0
19 22  70368 112657244 2411864 74086032    0    0 1163856 767036 238283 706329 17  7 52 24  0  0
23 14  70368 112637120 2411864 74086052    0    0 1177808 766540 240868 712909 17  7 52 24  0  0
23 18  70368 112644916 2411864 74086088    0    0 1152368 782848 238216 702353 17  7 53 24  0  0
13 27  70368 112649680 2411864 74086116    0    0 1170176 762360 240649 714133 17  7 52 24  0  0
19 23  70368 112644260 2411864 74086140    0    0 1074640 699468 225024 644758 16  6 52 26  0  0
20 22  70368 112656280 2411864 74086164    0    0 1184112 763480 240595 711480 17  6 52 25  0  0
19 25  70368 112651140 2411868 74086184    0    0 1166272 769288 240368 709565 17  7 52 24  0  0
21 19  70368 112632856 2411868 74086224    0    0 1158416 772396 238472 701745 17  7 52 24  0  0
19 23  70368 112636604 2411868 74086248    0    0 1096000 716684 229085 658318 16  6 52 25  0  0
procs -----------memory---------- ---swap-- -----io---- -system-- -------cpu-------
 r  b   swpd   free   buff  cache   si   so    bi    bo   in   cs us sy id wa st gu
25 17  70368 112639748 2411868 74086280    0    0 1087152 720692 226979 650759 16  6 52 25  0  0
21 16  70368 112638484 2411868 74086308    0    0 1089008 709916 228594 659797 16  6 53 25  0  0
17 17  70368 112655516 2411868 74086336    0    0 1138992 720016 234604 696101 17  6 54 23  0  0
18 23  70368 112670164 2411868 74086348    0    0 1173136 765112 240072 706732 17  6 53 25  0  0
15 27  70368 112656456 2411868 74086384    0    0 1161440 760260 239361 704930 17  7 52 24  0  0
21 21  70368 112641024 2411868 74086404    0    0 1166480 759872 240422 708140 17  7 52 24  0  0
21 22  70368 112629596 2411868 74086428    0    0 1177840 755940 241253 715885 17  7 52 24  0  0
23 16  70368 112632600 2411868 74086464    0    0 1169968 785832 240334 709332 17  7 52 24  0  0
18 25  70368 112643544 2411868 74086492    0    0 1087920 720632 229501 658290 16  6 52 25  0  0
13 25  70368 112667404 2411868 74086512    0    0 1135312 740016 235791 685819 16  6 53 25  0  0
25 23  70368 112660972 2411868 74086532    0    0 1187344 778656 241468 710461 17  6 52 25  0  0
22 20  70368 112645460 2411868 74086564    0    0 1162480 769056 240160 710169 17  7 52 24  0  0
21 21  70368 112641712 2411868 74086596    0    0 1153680 740164 237268 699117 17  7 52 24  0  0
20 26  70368 112636392 2411868 74086692    0    0 1163824 771604 239220 704544 17  7 52 24  0  0
22 22  70368 112645280 2411868 74086720    0    0 1160048 778416 239921 703611 17  7 52 24  0  0
17 25  70368 112638972 2411868 74086748    0    0 1159568 770764 237786 703361 17  7 52 24  0  0
19 21  70368 112657608 2411868 74086776    0    0 1166992 768324 239039 701916 17  6 53 25  0  0
20 26  70368 112660888 2411868 74086800    0    0 1157968 757620 238155 699938 17  6 53 24  0  0
18 24  70368 112666648 2411868 74086828    0    0 1161296 755048 239758 706427 17  7 52 24  0  0
16 36  70368 112666932 2411868 74086856    0    0 1154816 756948 237280 700133 17  7 53 24  0  0
14 22  70368 112650192 2411868 74086876    0    0 1160240 754856 237966 702313 17  7 52 24  0  0
procs -----------memory---------- ---swap-- -----io---- -system-- -------cpu-------
 r  b   swpd   free   buff  cache   si   so    bi    bo   in   cs us sy id wa st gu
22 21  70368 112644468 2411868 74086904    0    0 1063232 703932 222888 636522 16  6 52 26  0  0
26 12  70368 112628480 2411868 74086932    0    0 1172448 762108 240421 709716 17  7 52 24  0  0
19 20  70368 112634632 2411872 74086960    0    0 1159984 769808 239173 701965 17  6 53 25  0  0
13 27  70368 112668936 2411872 74086976    0    0 1177296 774884 240187 710612 17  7 52 24  0  0
13 25  70368 112640024 2411872 74087004    0    0 1151472 754128 238691 700162 17  7 52 24  0  0
21 17  70368 112643968 2411872 74087032    0    0 1149392 752056 237801 704670 17  7 53 23  0  0
22 19  70368 112646468 2411872 74087056    0    0 1141008 722992 234492 700047 17  7 54 23  0  0
15 30  70368 112656280 2411872 74087088    0    0 1156256 765904 238402 702160 17  7 52 24  0  0
16 24  70368 112644344 2411872 74087124    0    0 1169488 760396 240242 710763 17  7 52 24  0  0
15 31  70368 112664088 2411872 74087148    0    0 1183136 771884 241908 714347 17  6 53 25  0  0
24 23  70368 112650144 2411872 74087168    0    0 1174704 765640 240680 710296 17  7 52 24  0  0
23 17  70368 112656916 2411872 74087196    0    0 1167120 773492 239150 708261 17  7 52 24  0  0
23 19  70368 112674124 2411872 74087220    0    0 1163056 772872 239559 706454 17  7 52 24  0  0
23 20  70368 112647944 2411872 74087252    0    0 1081728 712048 226329 646844 16  6 52 26  0  0
21 17  70368 112650748 2411872 74087284    0    0 1175024 790588 240351 711855 17  7 52 24  0  0
24 21  70368 112658332 2411872 74087304    0    0 1170752 775148 240535 718265 17  7 52 24  0  0
20 17  70368 112669120 2411872 74087324    0    0 1175312 770604 239314 705056 17  6 53 25  0  0
20 19  70368 112648564 2411872 74087352    0    0 1172080 774504 241119 713301 17  7 52 24  0  0
20 26  70368 112645212 2411872 74087388    0    0 1167040 769980 238494 702338 17  7 52 25  0  0
15 28  70368 112646212 2411872 74087416    0    0 1152896 759436 240533 708166 17  7 53 24  0  0
19 22  70368 112646312 2411872 74087440    0    0 1160832 766152 239281 701270 17  7 52 24  0  0
procs -----------memory---------- ---swap-- -----io---- -system-- -------cpu-------
 r  b   swpd   free   buff  cache   si   so    bi    bo   in   cs us sy id wa st gu
28 13  70368 112662124 2411872 74087464    0    0 1173584 786364 239931 707421 17  7 52 24  0  0
11 22  70368 112660472 2411872 74087496    0    0 1175856 779188 242997 720527 17  7 52 24  0  0
25 19  70368 112664012 2411872 74087524    0    0 1189088 777368 241456 712801 17  6 53 25  0  0
10 14  70368 112656212 2411872 74087544    0    0 1169744 767052 240250 710216 17  7 52 24  0  0
19 25  70368 112637352 2411872 74087576    0    0 1137520 755780 233933 684769 17  7 52 25  0  0
14 28  70368 112642368 2411872 74087596    0    0 1102496 718556 229509 660752 16  6 52 26  0  0
 6 32  70368 112645608 2411872 74087628    0    0 1179712 769100 239955 710275 17  7 52 24  0  0
14 28  70368 112647380 2411872 74087664    0    0 1175088 770828 240347 714184 17  7 52 24  0  0
19 16  70368 112643472 2411872 74087684    0    0 1163728 788580 240594 710113 17  6 53 24  0  0
23 14  70368 112648212 2411872 74087708    0    0 1145072 741092 234587 701844 17  6 54 23  0  0
17 24  70368 112653520 2411872 74087732    0    0 1168240 760780 241454 713974 17  7 52 24  0  0
21 20  70368 112651352 2411872 74087768    0    0 1157392 769912 240883 707305 17  7 52 24  0  0
22 17  70368 112643800 2411872 74087804    0    0 1160176 762276 239748 704355 17  7 53 24  0  0
15 23  70368 112644588 2411872 74087828    0    0 1181088 774044 240918 712870 17  7 52 24  0  0
19 22  70368 112650568 2411872 74087852    0    0 1166128 774364 242619 717635 17  7 53 23  0  0
 9 29  70368 112655828 2411872 74087884    0    0 1176768 785288 242432 715456 17  6 53 24  0  0
20 18  70368 112661196 2411872 74087900    0    0 1188864 779240 242179 717027 17  6 53 24  0  0
22 20  70368 112655124 2411872 74087924    0    0 1074208 703980 226114 648334 16  6 52 26  0  0
25 16  70368 112651524 2411872 74087956    0    0 1172304 763372 240899 714182 17  7 53 24  0  0
32 11  70368 112644484 2411872 74087984    0    0 1164048 758924 241100 713096 17  7 53 23  0  0
27 16  70368 112645076 2411872 74088016    0    0 1176512 759616 241757 717118 17  7 52 24  0  0
procs -----------memory---------- ---swap-- -----io---- -system-- -------cpu-------
 r  b   swpd   free   buff  cache   si   so    bi    bo   in   cs us sy id wa st gu
24 18  70368 112633520 2411872 74088048    0    0 1173568 775256 241814 716911 17  7 52 24  0  0
12 27  70368 112646804 2411872 74088068    0    0 1177296 789232 240871 712424 17  6 52 25  0  0
21 18  70368 112670916 2411872 74088096    0    0 1159600 770608 240241 704857 17  6 53 24  0  0
19 25  70368 112664640 2411872 74088116    0    0 1148400 758760 238667 699805 17  7 52 24  0  0
19 19  70368 112648420 2411872 74088156    0    0 1149392 736756 236506 692098 17  7 52 24  0  0
13 24  70368 112640864 2411872 74088176    0    0 1139584 750724 235096 689184 17  7 52 25  0  0
22 23  70368 112637268 2411872 74088200    0    0 1140416 746576 234704 688782 17  7 52 25  0  0
23 23  70368 112631460 2411872 74088232    0    0 1144880 748780 236194 690770 17  7 52 25  0  0
19 18  70368 112645560 2411872 74088264    0    0 1156928 779476 237578 698118 16  6 53 25  0  0
18 27  70368 112650328 2411872 74088276    0    0 1103136 714264 230870 665454 16  6 53 25  0  0
19 21  70368 112662964 2411872 74088376    0    0 1165296 755744 239473 706749 17  7 53 24  0  0
23 18  70368 112656580 2411872 74088408    0    0 1208592 790664 246982 738452 18  7 52 23  0  0
25 15  70368 112651308 2411872 74088432    0    0 1186416 792908 243428 730579 17  7 53 23  0  0
26 16  70368 112644256 2411872 74088464    0    0 1193056 752216 240692 729439 18  7 53 22  0  0
23 20  70368 112659872 2411872 74088488    0    0 1214176 793632 245403 742266 18  7 52 23  0  0
20 20  70368 112668836 2411872 74088508    0    0 1184880 818508 243990 727342 17  6 53 24  0  0
12 33  70368 112659652 2411872 74088532    0    0 1191904 784152 242328 721757 17  7 52 24  0  0
20 20  70368 112651476 2411872 74088564    0    0 1194256 786732 243344 726228 18  7 52 23  0  0
24 16  70368 112646160 2411872 74088584    0    0 1200016 800732 243987 729779 17  7 52 23  0  0
27 12  70368 112649316 2411872 74088620    0    0 1202464 789216 246459 735823 18  7 53 23  0  0
25 17  70368 112639264 2411872 74088644    0    0 1208016 794872 245029 735008 18  7 52 23  0  0
procs -----------memory---------- ---swap-- -----io---- -system-- -------cpu-------
 r  b   swpd   free   buff  cache   si   so    bi    bo   in   cs us sy id wa st gu
19 28  70368 112647004 2411872 74088672    0    0 1124960 742892 230894 677041 17  6 53 25  0  0
20 25  70368 112666260 2411872 74088700    0    0 1171024 774212 239564 704575 17  6 53 25  0  0
19 20  70368 112651076 2411872 74088716    0    0 1198032 779500 243449 728663 18  7 52 23  0  0
14 14  70368 112647192 2411872 74088752    0    0 1205056 779500 247443 739048 18  7 53 23  0  0
19 20  70368 112639756 2411872 74088780    0    0 1199360 799364 245753 737366 18  7 52 23  0  0
14 27  70368 112647564 2411872 74088804    0    0 1208144 795700 245837 737682 17  7 52 23  0  0
21 19  70368 112644512 2411872 74088844    0    0 1211600 801712 245142 734299 18  7 52 24  0  0
16 24  70368 112660680 2411872 74088876    0    0 1196704 793968 244335 729706 17  7 52 24  0  0
27 13  70368 112664180 2411872 74088892    0    0 1197024 802136 242335 721014 17  6 53 24  0  0
26 15  70368 112644916 2411872 74088916    0    0 1187280 796880 242979 724230 17  7 52 24  0  0
19 24  70368 112639492 2411872 74088940    0    0 1207312 793316 245091 731744 18  7 52 23  0  0
18 24  70368 112637736 2411872 74088968    0    0 1210288 791272 245254 733619 17  7 52 23  0  0
14 32  70368 112630076 2411872 74088996    0    0 1200800 801548 245494 734819 18  7 52 23  0  0
28 16  70368 112651248 2411872 74089020    0    0 1115216 730420 231183 670582 16  7 52 25  0  0
19 20  70368 112657640 2411872 74089048    0    0 1169216 762780 239137 707141 17  7 52 24  0  0
20 21  70368 112661380 2411872 74089072    0    0 1160112 793876 239230 716709 17  6 54 23  0  0
18 24  70368 112649948 2411876 74089092    0    0 1210848 745700 242906 734178 18  7 53 23  0  0
25 19  70368 112653832 2411876 74089124    0    0 1205888 802996 244992 734556 18  7 52 23  0  0
25 16  70368 112649608 2411876 74089152    0    0 1204416 794972 246264 734865 18  7 52 23  0  0
17 27  70368 112640796 2411876 74089176    0    0 1211504 794020 244286 732808 18  7 52 23  0  0
21 18  70368 112640904 2411876 74089200    0    0 1188128 784232 243856 725722 17  7 52 24  0  0
procs -----------memory---------- ---swap-- -----io---- -system-- -------cpu-------
 r  b   swpd   free   buff  cache   si   so    bi    bo   in   cs us sy id wa st gu
19 19  70368 112659700 2411876 74089232    0    0 1195312 784232 243507 725436 17  6 53 24  0  0
24 18  70368 112665044 2411876 74089256    0    0 1191792 809636 242489 718277 17  6 53 24  0  0
18 24  70368 112643096 2411876 74089280    0    0 1194016 791200 243516 726465 17  7 53 23  0  0
21 21  70368 112654944 2411876 74089308    0    0 1199232 794572 245439 735797 18  7 53 23  0  0
19 24  70368 112647804 2411876 74089336    0    0 1132544 742100 231985 680170 17  6 52 25  0  0
14 29  70368 112647172 2411876 74089360    0    0 1189792 770244 242254 719397 18  7 52 24  0  0
24 15  70368 112650820 2411876 74089388    0    0 1213648 793076 244829 732034 17  7 52 23  0  0
15 24  70368 112656460 2411876 74089416    0    0 1207104 796944 244775 731334 17  6 53 24  0  0
20 17  70368 112656708 2411876 74089428    0    0 1192400 806428 244073 727510 17  6 53 24  0  0
20 20  70368 112656572 2411876 74089448    0    0 1212880 787772 244880 733686 18  7 52 23  0  0
20 21  70368 112653296 2411876 74089480    0    0 1196624 792904 244807 731907 18  7 52 23  0  0
21 17  70368 112653208 2411876 74089512    0    0 1204528 781600 245640 734659 18  7 52 23  0  0
25 15  70368 112629444 2411876 74089540    0    0 1185536 781204 242933 723901 17  7 53 23  0  0
19 19  70368 112639708 2411876 74089568    0    0 1205056 794052 245418 733018 17  7 52 24  0  0
19 18  70368 112641028 2411876 74089600    0    0 1195552 802756 243225 723502 17  6 53 24  0  0
18 19  70368 112656772 2411876 74089620    0    0 1198512 789916 242405 723091 17  6 53 24  0  0
21 26  70368 112651292 2411876 74089644    0    0 1200624 791892 244100 731678 18  7 52 23  0  0
29 12  70368 112638316 2411876 74089672    0    0 1121536 741636 232952 678519 16  7 52 25  0  0
23 14  70368 112638572 2411876 74089704    0    0 1112864 724792 229772 683337 17  7 54 23  0  0
19 23  70368 112652428 2411876 74089732    0    0 1222272 760836 243812 733339 18  7 52 23  0  0
12 31  70368 112643132 2411876 74089764    0    0 1203856 800764 245457 735673 18  7 52 23  0  0
procs -----------memory---------- ---swap-- -----io---- -system-- -------cpu-------
 r  b   swpd   free   buff  cache   si   so    bi    bo   in   cs us sy id wa st gu
20 19  70368 112644056 2411876 74089796    0    0 1202256 796632 243929 727142 17  7 53 24  0  0
18 26  70368 112662500 2411876 74089808    0    0 1211296 794788 244720 728891 17  6 53 24  0  0
22 24  70368 112644872 2411876 74089836    0    0 1202544 798484 243981 731509 17  7 52 23  0  0
16 28  70368 112645380 2411876 74089856    0    0 1195776 799968 245564 733981 17  7 52 24  0  0
22 18  70368 112650416 2411876 74089884    0    0 1195616 784300 246293 735431 17  7 52 23  0  0
24 20  70368 112642048 2411876 74089912    0    0 1195776 777288 243782 729445 18  7 52 23  0  0
23 17  70368 112638640 2411876 74089948    0    0 1198624 792272 244398 732948 18  7 52 23  0  0
19 23  70368 112647064 2411876 74090044    0    0 1192384 802236 243194 722575 17  6 53 24  0  0
21 22  70368 112647412 2411876 74090064    0    0 1131136 736840 233275 681434 16  6 53 25  0  0
17 27  70368 112653556 2411876 74090088    0    0 1169872 753420 240998 714853 17  7 52 24  0  0
16 29  70368 112645408 2411876 74090120    0    0 1201152 790892 243396 728202 17  7 52 23  0  0
 9 28  70368 112638844 2411876 74090152    0    0 1213088 792220 245601 736440 18  7 52 23  0  0
27 19  70368 112651836 2411876 74090176    0    0 1209536 800756 244966 733543 17  7 52 23  0  0
18 29  70368 112655644 2411876 74090208    0    0 1199136 797276 244442 729964 17  7 52 24  0  0
15 24  70368 112668008 2411876 74090232    0    0 1195808 806676 244607 731692 17  6 53 24  0  0
20 19  70368 112660124 2411876 74090244    0    0 1206768 798320 244677 730366 18  6 52 24  0  0
23 18  70368 112648404 2411876 74090276    0    0 1178528 776588 242132 719223 17  7 53 23  0  0
16 24  70368 112640960 2411876 74090304    0    0 1202736 793304 244175 729767 18  7 52 23  0  0
23 22  70368 112633328 2411876 74090328    0    0 1204592 793272 243704 729921 18  7 52 23  0  0
24 27  70368 112658692 2411876 74090356    0    0 1208832 799552 245374 735453 18  7 52 23  0  0
18 20  70368 112647020 2411876 74090376    0    0 1187488 782672 244674 729718 17  7 53 23  0  0
procs -----------memory---------- ---swap-- -----io---- -system-- -------cpu-------
 r  b   swpd   free   buff  cache   si   so    bi    bo   in   cs us sy id wa st gu
15 22  70368 112652576 2411876 74090420    0    0 1079040 732660 226064 659558 16  5 54 24  0  0
17 23  70368 112646980 2411876 74090436    0    0 1162576 713980 234832 693289 17  6 53 24  0  0
25 15  70368 112638696 2411876 74090460    0    0 1197616 789968 244101 730825 18  7 52 23  0  0
20 21  70368 112645192 2411876 74090488    0    0 1214400 798460 245904 735904 18  7 52 23  0  0
20 22  70368 112640412 2411876 74090516    0    0 1211808 802752 246544 740487 18  7 52 23  0  0
22 17  70368 112660568 2411876 74090544    0    0 1206016 795532 244564 732535 18  7 52 23  0  0
27 13  70368 112655748 2411876 74090576    0    0 1188784 791840 242209 722179 18  7 52 23  0  0
28 15  70368 112662472 2411876 74090600    0    0 1197072 808124 244593 727257 17  6 53 24  0  0
29 12  70368 112664068 2411876 74090620    0    0 1197696 787752 243377 725859 17  7 52 24  0  0
19 19  70368 112657804 2411876 74090636    0    0 1202240 803288 244511 730053 18  7 52 23  0  0
27 15  70368 112650256 2411876 74090676    0    0 1208912 801540 245018 734085 18  7 52 23  0  0
21 20  70368 112641968 2411876 74090708    0    0 1199968 798528 247144 736352 18  7 52 23  0  0
15 25  70368 112629936 2411876 74090736    0    0 1127856 728820 233443 677623 16  6 52 25  0  0
18 19  70368 112635904 2411876 74090752    0    0 1195376 773904 244885 727705 17  7 52 23  0  0
19 20  70368 112659264 2411876 74090784    0    0 1210944 808936 244330 728382 17  6 53 24  0  0
22 20  70368 112648856 2411876 74090812    0    0 1200768 804124 244593 730914 17  7 52 23  0  0
17 22  70368 112653956 2411876 74090832    0    0 1199616 802012 245280 733289 18  7 52 23  0  0
17 21  70368 112647284 2411876 74090856    0    0 1206080 787020 244392 730437 18  7 52 23  0  0
17 24  70368 112631264 2411876 74090884    0    0 1193008 795736 243126 724518 17  7 52 23  0  0
23 17  70368 112645872 2411876 74090908    0    0 1197248 790316 245131 731559 18  7 52 23  0  0
18 19  70368 112646804 2411876 74090936    0    0 1192928 785412 242989 723539 17  7 52 24  0  0
procs -----------memory---------- ---swap-- -----io---- -system-- -------cpu-------
 r  b   swpd   free   buff  cache   si   so    bi    bo   in   cs us sy id wa st gu
22 20  70368 112657028 2411876 74090964    0    0 1207536 812828 244052 725826 17  6 53 24  0  0
20 22  70368 112658636 2411876 74090988    0    0 1210624 802764 246113 737178 17  7 52 24  0  0
24 14  70368 112649024 2411876 74091016    0    0 1169760 792772 241491 725327 17  7 53 23  0  0
21 21  70368 112631508 2411876 74091052    0    0 1124064 707132 231768 684400 16  7 53 24  0  0
14 25  70368 112646520 2411876 74091080    0    0 1146992 750808 235758 689490 17  7 52 25  0  0
20 24  70368 112641700 2411876 74091108    0    0 1179392 782856 243209 720948 17  7 53 23  0  0
16 23  70368 112642540 2411876 74091124    0    0 1208400 781996 245395 732798 18  7 52 23  0  0
24 25  70368 112661648 2411876 74091152    0    0 1202896 815392 244370 727788 17  6 53 24  0  0
21 19  70368 112656508 2411876 74091172    0    0 1205568 797932 245898 735530 18  7 52 23  0  0
25 20  70368 112648808 2411876 74091196    0    0 1206352 795280 245049 732958 17  7 52 23  0  0
18 24  70368 112634876 2411876 74091228    0    0 1193456 788056 242077 725237 17  7 53 23  0  0
20 23  70368 112648900 2411876 74091264    0    0 1186736 788744 244044 726750 17  7 52 24  0  0
20 19  70368 112634564 2411876 74091288    0    0 1201360 800068 245264 732744 18  7 52 23  0  0
12  8  70368 112628144 2411876 74091320    0    0 1200016 791260 245488 730200 17  7 53 23  0  0
19 26  70368 112632848 2411876 74091340    0    0 1211840 794988 244789 727965 17  6 53 24  0  0
19 22  70368 112630944 2411876 74091360    0    0 1157424 755176 237665 697902 17  7 52 24  0  0
27 11  70368 112648840 2411876 74091388    0    0 1193104 779424 245774 734101 18  7 53 23  0  0
20 18  70368 112642928 2411876 74091424    0    0 1200704 795216 244442 727166 17  7 52 24  0  0
19 21  70368 112646436 2411876 74091452    0    0 1192496 794048 243100 721802 18  7 52 24  0  0
22 23  70368 112631024 2411876 74091476    0    0 1211520 798696 244641 732363 17  7 52 24  0  0
20 26  70368 112644872 2411876 74091508    0    0 1213776 796624 244559 731740 17  6 53 24  0  0
procs -----------memory---------- ---swap-- -----io---- -system-- -------cpu-------
 r  b   swpd   free   buff  cache   si   so    bi    bo   in   cs us sy id wa st gu
22 17  70368 112652844 2411876 74091524    0    0 1207952 811324 245373 730609 17  6 53 24  0  0
26 14  70368 112646328 2411876 74091556    0    0 1192640 776300 245854 733999 17  7 53 23  0  0
23 20  70368 112634660 2411876 74091580    0    0 1181552 784380 241793 716405 17  7 52 23  0  0
18 19  70368 112643260 2411876 74091632    0    0 1176288 788936 243216 726098 18  8 52 23  0  0
21 18  70368 112626868 2411876 74091732    0    0 1205600 784708 245574 730462 18  7 52 23  0  0
19 18  70368 112641228 2411876 74091756    0    0 1154592 782008 240163 723001 17  7 54 22  0  0
17 22  70368 112655556 2411876 74091788    0    0 1201008 749740 240327 723247 17  6 53 23  0  0
16 20  70368 112657888 2411876 74091804    0    0 1099184 732528 229690 663234 16  5 53 26  0  0
16 30  70368 112645284 2411880 74091820    0    0 1203568 783768 245269 734622 18  7 52 23  0  0
19 21  70368 112638124 2411880 74091852    0    0 1197312 788276 243477 729279 18  7 52 23  0  0
22 22  70368 112648412 2411880 74091888    0    0 1193440 791884 243515 728816 18  7 52 23  0  0
25 14  70368 112654296 2411880 74091916    0    0 1187632 788556 243525 725909 17  7 52 23  0  0
27 16  70368 112654084 2411880 74091936    0    0 1198352 789612 244870 728649 18  7 52 23  0  0
22 17  70368 112666192 2411880 74091968    0    0 1198400 794508 244181 728369 17  6 53 24  0  0
17 24  70368 112658428 2411880 74091984    0    0 1189216 803384 242365 720954 17  6 53 24  0  0
21 20  70368 112657328 2411880 74092016    0    0 1201664 778936 245170 732786 17  7 52 23  0  0
25 16  70368 112652192 2411880 74092036    0    0 1199104 788240 243677 730183 17  7 52 23  0  0
24 20  70368 112641708 2411880 74092064    0    0 1206352 803960 244582 732198 18  7 52 23  0  0
 9 27  70368 112648296 2411880 74092092    0    0 1207984 801300 245429 733028 18  7 52 23  0  0
16 32  70368 112652720 2411880 74092128    0    0 1142528 762168 236697 695096 17  7 52 24  0  0
23 16  70368 112648572 2411880 74092160    0    0 1148832 746784 235695 688274 16  6 52 26  0  0
procs -----------memory---------- ---swap-- -----io---- -system-- -------cpu-------
 r  b   swpd   free   buff  cache   si   so    bi    bo   in   cs us sy id wa st gu
24 20  70368 112649472 2411880 74092176    0    0 1203664 817340 244809 729736 17  6 53 24  0  0
20 20  70368 112650784 2411880 74092204    0    0 1204816 789340 243399 729288 18  7 52 23  0  0
18 23  70368 112644496 2411884 74092224    0    0 1205056 792648 246089 732578 18  7 52 23  0  0
10 22  70368 112639644 2411884 74092260    0    0 1195952 804368 243848 727583 17  7 52 24  0  0
23 14  70368 112629140 2411884 74092288    0    0 1199872 794616 245193 732073 17  7 52 23  0  0
13 25  70368 112626600 2411884 74092308    0    0 1205888 785440 244134 727808 18  7 52 23  0  0
15 26  70368 112649004 2411884 74092336    0    0 1184176 791244 242447 719538 17  6 53 24  0  0
19 19  70368 112668228 2411884 74092356    0    0 1204592 808424 244548 728094 17  6 52 24  0  0
24 14  70368 112661728 2411884 74092380    0    0 1155248 776780 239819 722268 17  7 54 22  0  0
24 13  70368 112635128 2411884 74092416    0    0 1207584 759100 243387 732765 18  7 52 23  0  0
24 20  70368 112642620 2411884 74092432    0    0 1195536 792864 243667 724009 17  7 52 24  0  0
21 21  70368 112643740 2411884 74092464    0    0 1112224 725000 230019 666964 16  7 52 25  0  0
22 15  70368 112637920 2411884 74092492    0    0 1186752 780052 244059 725898 17  7 53 23  0  0
20 18  70368 112642868 2411884 74092520    0    0 1216496 800576 245640 732230 17  6 53 24  0  0
21 24  70368 112654820 2411884 74092544    0    0 1198496 814388 245387 731621 17  7 53 23  0  0
13 29  70368 112653884 2411884 74092572    0    0 1202192 789704 244330 731430 17  7 52 23  0  0
24 15  70368 112636544 2411884 74092604    0    0 1198960 795724 244550 728240 17  7 52 24  0  0
27 14  70368 112637980 2411888 74092628    0    0 1186448 778192 243167 724396 17  7 52 23  0  0
16 22  70368 112645252 2411888 74092660    0    0 1199952 791216 243314 725000 17  7 52 24  0  0
19 21  70368 112636172 2411888 74092692    0    0 1189760 798268 244055 727484 17  7 52 23  0  0
10 35  70368 112670192 2411888 74092716    0    0 1214560 805668 245579 731369 17  6 53 24  0  0
procs -----------memory---------- ---swap-- -----io---- -system-- -------cpu-------
 r  b   swpd   free   buff  cache   si   so    bi    bo   in   cs us sy id wa st gu
17 24  70368 112659332 2411888 74092736    0    0 1203328 795656 243405 726998 17  7 52 23  0  0
21 19  70368 112650188 2411892 74092756    0    0 1200320 799328 245462 730985 17  7 52 23  0  0
23 18  70368 112642876 2411892 74092788    0    0 1105008 730652 229391 660953 16  6 52 25  0  0
22 19  70368 112652188 2411892 74092812    0    0 1198816 782212 246520 735403 17  7 52 23  0  0
18 23  70368 112636316 2411892 74092848    0    0 1217088 794264 245598 737850 18  7 52 23  0  0
21 26  70368 112640432 2411892 74092868    0    0 1204720 795792 246953 737692 18  7 52 23  0  0
13 25  70368 112662132 2411892 74092900    0    0 1215040 829692 246187 734657 17  6 53 24  0  0
18 21  70368 112654708 2411892 74092920    0    0 1199968 800120 246196 735089 18  7 52 23  0  0
14 16  70368 112645092 2411892 74092948    0    0 1192384 791224 244241 728883 18  7 52 23  0  0
16 23  70368 112648272 2411892 74092976    0    0 1190144 787032 243805 728072 17  7 52 24  0  0
17 26  70368 112640864 2411892 74093004    0    0 1189712 784440 241837 722369 17  7 52 24  0  0
28 16  70368 112646276 2411892 74093036    0    0 1152560 765836 238388 719780 17  7 54 22  0  0
12 27  70368 112639688 2411892 74093060    0    0 1221184 776768 246002 736872 18  7 52 23  0  0
25 16  70368 112657148 2411892 74093088    0    0 1209648 814164 245846 730687 17  6 53 24  0  0
19 23  70368 112636524 2411892 74093112    0    0 1103920 730176 231423 670893 16  6 52 25  0  0
22 26  70368 112647212 2411892 74093144    0    0 1202080 783220 244784 730236 17  7 52 24  0  0
20 20  70368 112639592 2411892 74093172    0    0 1205440 793444 246204 733265 18  7 52 23  0  0
14 38  70368 112633276 2411892 74093192    0    0 1195744 792924 245630 735536 18  7 52 23  0  0
17 21  70368 112626168 2411892 74093220    0    0 1130192 745984 234115 684934 17  6 52 25  0  0
17 23  70368 112632748 2411892 74093240    0    0 1210304 788408 245677 734120 18  7 52 23  0  0
