procs -----------memory---------- ---swap-- -----io---- -system-- -------cpu-------
 r  b   swpd   free   buff  cache   si   so    bi    bo   in   cs us sy id wa st gu
 4  1   1792 81961140 2545564 92073264    0    0  1229  1428  777    0  0  0 100  0  0  0
14  6   1792 81895148 2545564 92073660    0    0 76368 307732 45664 90841 18  1 80  2  0  0
16  5   1792 81883744 2545564 92076080    0    0 482240 557584 127742 435682 10  3 78  8  0  0
13  5   1792 81876572 2545564 92078580    0    0 502768 382384 129361 448427 11  3 78  8  0  0
 8  5   1792 81875788 2545564 92081124    0    0 503984 380964 127056 449867 11  3 78  8  0  0
 3  2   1792 81874624 2545564 92083732    0    0 521600 389940 131503 464044 11  4 78  8  0  0
14  5   1792 81874144 2545564 92086308    0    0 514240 389144 128938 453308 11  3 78  8  0  0
13  6   1792 81865888 2545564 92088940    0    0 518624 378656 127457 453613 11  3 78  8  0  0
13  5   1792 81861104 2545564 92091516    0    0 513168 400140 128554 455298 11  3 78  8  0  0
 3  1   1792 81867956 2545564 92094088    0    0 513520 393240 128348 453213 11  3 78  8  0  0
11  4   1792 81869300 2545564 92096672    0    0 515152 393824 128171 452440 11  3 78  8  0  0
16  6   1792 81863796 2545564 92099272    0    0 519808 395160 130208 455757 11  4 78  8  0  0
13  5   1792 81860020 2545564 92101872    0    0 516368 389820 127724 452293 11  3 78  8  0  0
10  8   1792 81860020 2545564 92104440    0    0 514112 396332 129056 454077 11  3 78  8  0  0
11  7   1792 81858516 2545564 92107032    0    0 521728 388928 128623 457541 11  3 78  8  0  0
13  6   1792 81859040 2545564 92109576    0    0 510304 405004 127651 450193 11  3 78  8  0  0
14  4   1792 81856812 2545564 92112152    0    0 515792 395400 128517 453306 11  3 78  8  0  0
14  5   1792 81855020 2545564 92114704    0    0 513184 413804 129470 455195 11  3 78  8  0  0
12  6   1792 81854556 2545564 92117260    0    0 515040 416136 128324 452587 11  3 78  8  0  0
14  5   1792 81851508 2545564 92119772    0    0 506704 427380 127275 448790 11  3 78  7  0  0
11  7   1792 81859696 2545564 92122312    0    0 507504 427956 127771 449839 11  3 78  7  0  0
procs -----------memory---------- ---swap-- -----io---- -system-- -------cpu-------
 r  b   swpd   free   buff  cache   si   so    bi    bo   in   cs us sy id wa st gu
14  5   1792 81858528 2545564 92124844    0    0 505728 409864 126088 444938 11  3 78  8  0  0
11  6   1792 81860796 2545564 92127420    0    0 497696 406476 124410 439502 11  3 78  8  0  0
10  9   1792 81856920 2545564 92129900    0    0 496608 408644 123424 436624 11  3 78  8  0  0
14  5   1792 81857084 2545564 92132416    0    0 501280 400132 124039 439249 11  3 78  8  0  0
14  4   1792 81857340 2545564 92134920    0    0 503472 403844 125288 441472 11  3 78  8  0  0
10  7   1792 81855668 2545564 92137504    0    0 515744 423932 130880 456606 11  3 78  8  0  0
 7  9   1792 81851460 2545568 92140008    0    0 495360 414732 127076 441138 11  3 78  8  0  0
15  3   1792 81848804 2545568 92142464    0    0 493312 406236 126064 438143 11  3 78  8  0  0
12  6   1792 81844124 2545568 92144860    0    0 482224 419916 124205 433605 11  3 78  8  0  0
12  6   1792 81845200 2545568 92147428    0    0 503904 436044 128562 446683 11  3 78  8  0  0
13  7   1792 81844968 2545568 92149912    0    0 504688 449672 130880 448922 11  3 78  8  0  0
12  7   1792 81842360 2545568 92152464    0    0 508032 452188 131335 454183 11  3 78  8  0  0
 9  9   1792 81839332 2545568 92154976    0    0 503920 449336 131352 452685 11  3 78  7  0  0
 8  9   1792 81832280 2545568 92157488    0    0 506656 443308 130730 450619 11  3 78  8  0  0
12  7   1792 81828120 2545568 92160004    0    0 506960 446068 130913 452132 11  3 78  8  0  0
11  7   1792 81827544 2545568 92162488    0    0 504208 445648 131018 451290 11  3 78  7  0  0
17  2   1792 81822940 2545572 92165032    0    0 503696 446452 131219 452195 11  3 78  7  0  0
 7 11   1792 81821372 2545572 92167540    0    0 501440 443764 128960 447583 11  3 78  7  0  0
12  6   1792 81825888 2545572 92170060    0    0 504960 448208 130192 451012 11  3 78  8  0  0
12  7   1792 81824444 2545572 92172600    0    0 500880 443668 130274 447898 11  3 78  7  0  0
12  5   1792 81822228 2545572 92175172    0    0 508848 450664 132697 456998 11  3 78  8  0  0
procs -----------memory---------- ---swap-- -----io---- -system-- -------cpu-------
 r  b   swpd   free   buff  cache   si   so    bi    bo   in   cs us sy id wa st gu
12  7   1792 81820520 2545572 92177660    0    0 503280 446328 131050 448886 11  3 78  7  0  0
12  8   1792 81817340 2545572 92180144    0    0 499728 440744 130566 445975 11  3 78  7  0  0
15  3   1792 81813800 2545572 92182676    0    0 507264 436064 130070 451606 11  3 78  7  0  0
13  4   1792 81808220 2545572 92185232    0    0 506816 456272 131045 451207 11  3 78  7  0  0
13  5   1792 81805352 2545572 92187760    0    0 506576 445404 131112 454543 11  3 78  7  0  0
 9  9   1792 81803360 2545572 92190280    0    0 499712 437936 129788 451396 11  3 78  7  0  0
18  1   1792 81796184 2545572 92192784    0    0 501376 442340 130952 451090 11  3 78  7  0  0
13  7   1792 81797912 2545572 92195240    0    0 495072 429840 127754 441657 11  3 78  8  0  0
10  8   1792 81799504 2545572 92197720    0    0 494944 428520 127491 440039 11  3 78  8  0  0
11  7   1792 81798904 2545572 92200164    0    0 492240 437432 127054 438575 11  3 78  8  0  0
16  3   1792 81799704 2545572 92202584    0    0 495088 439444 129368 446379 11  3 78  8  0  0
12  7   1792 81804256 2545572 92205124    0    0 499008 443264 129755 448525 11  3 78  7  0  0
15  3   1792 81804760 2545572 92207504    0    0 485632 431912 126088 438211 11  3 78  8  0  0
 5 13   1792 81803504 2545572 92209944    0    0 485632 429028 124817 438134 11  3 78  8  0  0
10  7   1792 81796556 2545572 92212396    0    0 492080 429020 127938 440757 11  3 78  8  0  0
13  6   1792 81797920 2545572 92214900    0    0 500400 440540 130026 449699 11  3 78  7  0  0
12  7   1792 81792864 2545572 92217424    0    0 499648 443780 129546 447835 11  3 78  7  0  0
10  8   1792 81791400 2545572 92219932    0    0 503712 444824 130077 453321 11  3 78  7  0  0
15  4   1792 81793772 2545572 92222412    0    0 493232 442164 129360 447130 11  3 78  7  0  0
14  5   1792 81794700 2545572 92224912    0    0 497280 444580 130225 444342 11  3 78  7  0  0
12  6   1792 81793188 2545572 92227396    0    0 497344 445432 130741 447472 11  3 78  7  0  0
procs -----------memory---------- ---swap-- -----io---- -system-- -------cpu-------
 r  b   swpd   free   buff  cache   si   so    bi    bo   in   cs us sy id wa st gu
13  8   1792 81788284 2545572 92229892    0    0 500704 441776 130039 448418 11  3 78  7  0  0
11  7   1792 81782608 2545572 92232328    0    0 494384 439820 130422 445250 11  3 78  7  0  0
11  7   1792 81778720 2545572 92234820    0    0 499296 436692 131125 449357 11  3 78  7  0  0
13  6   1792 81777476 2545572 92237280    0    0 495952 452460 131141 447252 11  3 78  7  0  0
12  6   1792 81776416 2545572 92239848    0    0 496320 447428 130602 445286 11  3 78  7  0  0
13  5   1792 81779504 2545572 92242344    0    0 503280 443392 130543 450945 11  3 78  7  0  0
 9  9   1792 81781724 2545572 92244828    0    0 502224 447420 130980 450142 11  3 78  7  0  0
 8 10   1792 81777032 2545572 92247376    0    0 498128 443256 130427 447936 11  3 78  7  0  0
11  8   1792 81774184 2545572 92249896    0    0 503008 452404 131073 451418 11  3 78  7  0  0
13  5   1792 81770776 2545572 92252412    0    0 501616 447008 130669 451185 11  3 79  7  0  0
 8 10   1792 81776844 2545572 92254916    0    0 499088 447820 131652 450897 11  3 78  7  0  0
11  7   1792 81771412 2545572 92257364    0    0 493248 452284 130646 446427 11  3 78  7  0  0
 7  1   1792 81772136 2545572 92259860    0    0 499968 437196 129500 448361 11  3 78  8  0  0
13  6   1792 81766780 2545572 92262320    0    0 491712 432500 127276 440437 11  3 78  8  0  0
12  7   1792 81769192 2545572 92264764    0    0 485184 446884 126078 436218 11  3 78  8  0  0
 4  1   1792 81761840 2545572 92267184    0    0 487072 433932 127269 436962 11  3 78  8  0  0
12  7   1792 81757560 2545572 92269704    0    0 498512 451032 130477 446728 11  3 78  7  0  0
11  8   1792 81759272 2545572 92272148    0    0 488976 429668 126910 439929 11  3 78  8  0  0
 7  1   1792 81754472 2545572 92274512    0    0 473712 436932 125478 427195 11  3 78  8  0  0
13  5   1792 81758024 2545572 92276900    0    0 470896 425920 123483 425937 10  3 79  8  0  0
 4  2   1792 81755428 2545572 92279424    0    0 494560 455468 130391 447357 11  3 78  7  0  0
procs -----------memory---------- ---swap-- -----io---- -system-- -------cpu-------
 r  b   swpd   free   buff  cache   si   so    bi    bo   in   cs us sy id wa st gu
11  7   1792 81748952 2545572 92281884    0    0 499600 453212 130442 450938 11  3 78  7  0  0
12  0   1792 81749964 2545572 92284428    0    0 495312 445480 131044 448358 11  3 78  7  0  0
 2  5   1792 81747616 2545572 92286908    0    0 498192 449984 131046 450922 11  3 78  7  0  0
10  3   1792 81746888 2545572 92289412    0    0 497888 457824 130983 448976 11  3 78  7  0  0
 6  2   1792 81740960 2545572 92291920    0    0 496992 444900 130380 448340 11  3 78  7  0  0
13  4   1792 81737956 2545572 92294424    0    0 499120 451308 131435 453728 11  3 78  7  0  0
10  8   1792 81730612 2545572 92296976    0    0 501632 454728 131256 453970 11  3 78  7  0  0
14  4   1792 81725160 2545572 92299472    0    0 502848 453332 131613 455317 11  3 78  8  0  0
12  9   1792 81724552 2545572 92302008    0    0 502656 454672 132155 453179 11  3 78  7  0  0
12  7   1792 81723324 2545572 92304520    0    0 498192 452724 131561 452015 11  3 78  7  0  0
18  5   1792 81723872 2545572 92307024    0    0 505600 457484 131353 452249 11  3 78  8  0  0
 8  0   1792 81722780 2545572 92309552    0    0 494864 446344 129696 448092 11  3 78  7  0  0
10  8   1792 81722064 2545572 92312032    0    0 496512 451320 130686 446624 11  3 78  7  0  0
12  6   1792 81717504 2545572 92314520    0    0 500400 445548 130162 448652 11  3 78  7  0  0
18  4   1792 81711612 2545572 92317016    0    0 497184 448448 130923 449728 11  3 78  7  0  0
17  5   1792 81706028 2545572 92319472    0    0 496400 447944 129905 449639 11  3 78  7  0  0
12  7   1792 81710036 2545572 92321976    0    0 499776 448332 130610 449718 11  3 78  7  0  0
13  5   1792 81706052 2545572 92324448    0    0 494640 422760 128281 442509 11  3 78  8  0  0
14  4   1792 81703504 2545572 92326896    0    0 487584 437692 127345 437159 11  3 78  8  0  0
 6  1   1792 81702476 2545572 92329368    0    0 485888 448620 127401 439721 11  3 78  8  0  0
 5  0   1792 81705072 2545572 92331816    0    0 491632 441308 127756 439065 11  3 78  8  0  0
procs -----------memory---------- ---swap-- -----io---- -system-- -------cpu-------
 r  b   swpd   free   buff  cache   si   so    bi    bo   in   cs us sy id wa st gu
15  5   1792 81703792 2545572 92334304    0    0 498688 456708 129846 445587 11  3 78  7  0  0
16  3   1792 81697680 2545572 92336732    0    0 490800 439168 127837 441566 11  3 78  8  0  0
12  6   1792 81698280 2545572 92339192    0    0 486448 433272 125545 433803 11  3 78  8  0  0
13  5   1792 81698368 2545572 92341552    0    0 479296 415336 124560 433517 11  3 78  8  0  0
 4  0   1792 81692516 2545572 92344088    0    0 493552 460640 130033 447298 11  3 78  7  0  0
14  5   1792 81693780 2545572 92346564    0    0 503744 454356 131094 454811 11  3 78  7  0  0
12  6   1792 81691740 2545572 92349100    0    0 503904 451028 130821 452257 11  3 78  7  0  0
13  6   1792 81692816 2545572 92351616    0    0 498080 448684 130443 450140 11  3 78  7  0  0
15  4   1792 81685660 2545572 92354140    0    0 501456 454076 131024 453341 11  3 78  7  0  0
14  6   1792 81682120 2545572 92356612    0    0 499296 454660 130312 447369 11  3 78  7  0  0
13  5   1792 81679824 2545572 92359112    0    0 499104 450304 129671 449732 11  3 78  7  0  0
11  6   1792 81685212 2545572 92361616    0    0 496240 447008 130414 448244 11  3 78  7  0  0
14  4   1792 81680812 2545572 92364100    0    0 503072 454484 131288 452560 11  3 78  7  0  0
12  8   1792 81679516 2545572 92366568    0    0 496032 448468 129918 450469 11  3 78  7  0  0
13  6   1792 81677612 2545572 92369088    0    0 499168 450980 129513 449431 11  3 78  7  0  0
 9  9   1792 81673968 2545572 92371592    0    0 501488 447860 130267 451203 11  3 78  7  0  0
 9  7   1792 81670840 2545572 92374096    0    0 500208 457112 130686 451830 11  3 78  7  0  0
11  7   1792 81669348 2545572 92376584    0    0 497760 451072 130880 450102 11  3 78  7  0  0
13  5   1792 81666444 2545572 92379104    0    0 496144 454200 130059 450148 11  3 78  7  0  0
 6  0   1792 81663196 2545572 92381580    0    0 490208 450592 130607 446626 11  3 78  7  0  0
11  7   1792 81661676 2545572 92384036    0    0 498160 446792 129942 447237 11  3 78  7  0  0
procs -----------memory---------- ---swap-- -----io---- -system-- -------cpu-------
 r  b   swpd   free   buff  cache   si   so    bi    bo   in   cs us sy id wa st gu
13  5   1792 81659964 2545572 92386536    0    0 498784 449344 129786 447373 11  3 78  7  0  0
14  4   1792 81659808 2545572 92389004    0    0 490272 445296 128395 439724 11  3 78  8  0  0
 8  0   1792 81657792 2545572 92391360    0    0 489024 426096 126410 437368 11  3 78  8  0  0
15  6   1792 81651268 2545572 92393860    0    0 489696 433216 127150 441637 11  3 78  8  0  0
12  0   1792 81653792 2545572 92396268    0    0 488544 448968 127227 442409 11  3 78  8  0  0
12  8   1792 81650280 2545572 92398832    0    0 505360 449664 130047 452636 11  3 78  7  0  0
13  6   1792 81644272 2545572 92401268    0    0 488288 441096 126163 439795 11  3 78  8  0  0
 5  1   1792 81640208 2545572 92403604    0    0 477488 438268 125058 428464 11  3 78  8  0  0
12  7   1792 81635176 2545572 92406100    0    0 489344 430648 125386 440127 11  3 78  8  0  0
11  7   1792 81628836 2545576 92408552    0    0 491552 467868 130845 445888 11  3 78  7  0  0
16  3   1792 81623328 2545576 92411012    0    0 500976 453436 131565 450272 11  3 78  7  0  0
15  4   1792 81626804 2545576 92413576    0    0 509216 445584 131328 457914 11  3 78  8  0  0
12  0   1792 81620612 2545576 92416032    0    0 488192 463324 129597 444275 11  3 78  7  0  0
 8 12   1792 81621064 2545576 92418440    0    0 495040 447908 129083 443093 11  3 78  7  0  0
13  6   1792 81619448 2545576 92420980    0    0 504160 454560 129519 449057 11  3 78  7  0  0
18  5   1792 81621072 2545576 92423464    0    0 500256 455532 131148 453548 11  3 78  7  0  0
 7  0   1792 81614608 2545576 92426112    0    0 508784 455352 132086 462381 11  3 78  8  0  0
 7  0   1792 81611376 2545576 92428544    0    0 499440 455268 131028 450986 11  3 78  7  0  0
10 10   1792 81610504 2545576 92431076    0    0 497312 464088 130848 448388 11  3 78  7  0  0
12  7   1792 81608516 2545576 92433568    0    0 496928 450988 131694 449848 11  3 78  7  0  0
 5  2   1792 81608808 2545576 92436088    0    0 501840 453648 130698 451578 11  3 78  7  0  0
procs -----------memory---------- ---swap-- -----io---- -system-- -------cpu-------
 r  b   swpd   free   buff  cache   si   so    bi    bo   in   cs us sy id wa st gu
12  7   1792 81606004 2545576 92438564    0    0 498704 454732 129221 449782 11  3 79  7  0  0
 8  0   1792 81601192 2545576 92441112    0    0 504400 449972 130237 450182 11  3 78  7  0  0
10  8   1792 81603424 2545576 92443588    0    0 501552 455228 130784 454283 11  3 78  7  0  0
 5  0   1792 81599836 2545576 92446176    0    0 511104 448028 131179 456639 11  3 78  8  0  0
12  8   1792 81600548 2545576 92448704    0    0 507616 456108 130667 451037 11  3 78  8  0  0
 9  6   1792 81600540 2545576 92451140    0    0 491136 452912 128390 441011 11  3 79  7  0  0
13  6   1792 81592560 2545576 92453584    0    0 487728 429844 126933 438245 11  3 78  8  0  0
15  4   1792 81590112 2545576 92456024    0    0 487024 446532 127155 436268 11  3 78  8  0  0
13  3   1792 81585844 2545576 92458404    0    0 485504 433716 125900 435994 11  3 79  8  0  0
 2  5   1792 81583556 2545576 92460940    0    0 496656 450368 129322 445253 11  3 78  7  0  0
 8  0   1792 81585092 2545576 92463368    0    0 497056 459528 129609 444534 11  3 79  7  0  0
12  6   1792 81580108 2545576 92465840    0    0 487248 422420 125118 438114 11  3 78  8  0  0
12  6   1792 81577992 2545576 92468264    0    0 485744 430316 124811 430663 11  3 78  8  0  0
15  6   1792 81581020 2545576 92470680    0    0 485312 439244 125657 434313 11  3 79  8  0  0
12  8   1792 81572948 2545576 92473164    0    0 494112 449688 129828 446226 11  3 78  7  0  0
 7  2   1792 81576272 2545576 92475672    0    0 496752 465844 130629 448860 11  3 79  7  0  0
 3  3   1792 81572376 2545576 92478220    0    0 512704 451324 131722 455635 11  3 78  8  0  0
18  1   1792 81567380 2545576 92480756    0    0 501792 464624 130596 452866 11  3 78  7  0  0
22  2   1792 81562096 2545576 92483292    0    0 504816 448852 129232 446602 11  3 78  7  0  0
 6  2   1792 81562048 2545576 92485788    0    0 504352 437616 127517 449360 11  3 78  7  0  0
 4  0   1792 81561292 2545576 92488324    0    0 505872 447156 129193 446068 11  3 78  7  0  0
procs -----------memory---------- ---swap-- -----io---- -system-- -------cpu-------
 r  b   swpd   free   buff  cache   si   so    bi    bo   in   cs us sy id wa st gu
12  6   1792 81556976 2545580 92490748    0    0 497184 458644 128827 442959 11  3 79  7  0  0
12  5   1792 81550508 2545580 92493272    0    0 500640 444720 128783 446075 11  3 78  7  0  0
12  5   1792 81548860 2545580 92495760    0    0 494064 443228 128204 442323 11  3 78  7  0  0
 5  2   1792 81546572 2545580 92498248    0    0 501424 450064 130084 446814 11  3 78  7  0  0
 6  0   1792 81541180 2545580 92500716    0    0 493520 446144 129927 446782 11  3 79  7  0  0
15  3   1792 81541136 2545580 92503216    0    0 498480 445164 130219 453957 11  3 78  7  0  0
10  8   1792 81537392 2545580 92505684    0    0 501408 451552 130403 447662 11  3 78  7  0  0
 6  2   1792 81535092 2545580 92508180    0    0 496704 458232 131270 450269 11  3 78  7  0  0
11  5   1792 81530544 2545580 92510664    0    0 499184 462100 131400 449654 11  3 78  7  0  0
 1  1   1792 81524156 2545580 92513152    0    0 498880 447836 130818 449169 11  3 78  7  0  0
13  5   1792 81522480 2545580 92515624    0    0 500752 441136 129924 453837 11  3 78  8  0  0
17  2   1792 81520704 2545580 92518068    0    0 487792 444340 126760 438686 11  3 78  8  0  0
15  4   1792 81520792 2545580 92520592    0    0 490256 443304 128405 444327 11  3 79  8  0  0
11  9   1792 81516412 2545580 92523036    0    0 487776 440260 127650 438569 11  3 78  8  0  0
14  4   1792 81513492 2545580 92525508    0    0 498640 458284 130051 446088 11  3 78  8  0  0
12  7   1792 81506720 2545580 92527960    0    0 496416 436632 127046 442069 11  3 78  8  0  0
13  5   1792 81503744 2545580 92530420    0    0 490112 439652 125956 436408 11  3 78  8  0  0
14  5   1792 81501312 2545580 92532900    0    0 486416 439336 125925 434920 11  3 78  8  0  0
13  7   1792 81498156 2545580 92535320    0    0 489200 436592 126130 435250 11  3 78  8  0  0
 9 10   1792 81494112 2545580 92537772    0    0 494432 461708 129804 447167 11  3 79  7  0  0
 3  3   1792 81489888 2545580 92540308    0    0 505072 448612 131261 452061 11  3 78  8  0  0
procs -----------memory---------- ---swap-- -----io---- -system-- -------cpu-------
 r  b   swpd   free   buff  cache   si   so    bi    bo   in   cs us sy id wa st gu
15  4   1792 81486808 2545580 92542780    0    0 500720 446608 131007 448221 11  3 78  7  0  0
11  7   1792 81490576 2545580 92545264    0    0 494800 468352 129895 444274 11  3 78  7  0  0
 6  0   1792 81487988 2545580 92547820    0    0 506784 447916 131258 455124 11  3 78  8  0  0
13  5   1792 81487676 2545580 92550308    0    0 496448 455708 130106 445484 11  3 78  7  0  0
11  8   1792 81489512 2545580 92552800    0    0 500336 433976 130663 450925 11  3 78  7  0  0
 9  9   1792 81485224 2545580 92555288    0    0 495472 468648 129984 448507 11  3 78  7  0  0
11  8   1792 81481756 2545584 92557788    0    0 502240 457280 131986 454125 11  3 78  8  0  0
15  4   1792 81481080 2545584 92560320    0    0 502816 442092 131209 451120 11  3 78  7  0  0
 3  2   1792 81478780 2545584 92562812    0    0 502080 457864 130981 451625 11  3 78  7  0  0
 6  0   1792 81471036 2545584 92565304    0    0 498304 458896 129934 447299 11  3 79  7  0  0
12  5   1792 81468760 2545584 92567816    0    0 491904 461004 129109 445912 11  3 78  7  0  0
 3  0   1792 81470512 2545584 92570324    0    0 498032 452508 130612 451105 11  3 78  7  0  0
12  7   1792 81466196 2545584 92572760    0    0 493472 454920 129986 447265 11  3 78  7  0  0
12  5   1792 81468332 2545584 92575364    0    0 498736 455768 130885 450505 11  3 78  7  0  0
11  7   1792 81463992 2545584 92577912    0    0 512496 446652 131807 457670 11  3 78  8  0  0
 6  0   1792 81460176 2545584 92580344    0    0 488336 450912 127965 439933 11  3 78  8  0  0
 4  1   1792 81455952 2545584 92582792    0    0 490272 440928 128335 442390 11  3 78  8  0  0
 3  1   1792 81452560 2545584 92585212    0    0 486784 441892 127206 436563 11  3 78  8  0  0
11  8   1792 81446944 2545584 92587616    0    0 488288 440804 129672 443708 11  3 78  7  0  0
 6  2   1792 81450428 2545584 92590152    0    0 500304 460780 131152 453579 11  3 78  7  0  0
14  4   1792 81450748 2545584 92592572    0    0 492480 439360 128110 438629 11  3 78  8  0  0
procs -----------memory---------- ---swap-- -----io---- -system-- -------cpu-------
 r  b   swpd   free   buff  cache   si   so    bi    bo   in   cs us sy id wa st gu
14  5   1792 81447572 2545584 92594968    0    0 479200 434380 124578 428717 10  3 79  8  0  0
14  2   1792 81450116 2545584 92597376    0    0 485904 435784 126140 435532 11  3 78  8  0  0
 9  9   1792 81446532 2545584 92599868    0    0 495488 448336 129221 448006 11  3 78  7  0  0
16  0   1792 81440956 2545584 92602332    0    0 493120 457336 130265 446496 11  3 78  7  0  0
 6  7   1792 81439652 2545584 92604788    0    0 495200 461196 130157 447743 11  3 79  7  0  0
 7 10   1792 81433152 2545584 92607380    0    0 504464 457036 131849 454579 11  3 78  8  0  0
12  6   1792 81427976 2545584 92609872    0    0 502352 442556 129932 451127 11  3 78  7  0  0
13  5   1792 81425568 2545584 92612308    0    0 498864 447540 131330 444946 11  3 78  7  0  0
12  7   1792 81419980 2545584 92614852    0    0 496928 453676 131443 452235 11  3 78  7  0  0
12  7   1792 81414872 2545584 92617308    0    0 494880 454208 130090 444169 11  3 78  7  0  0
12  8   1792 81415544 2545584 92619784    0    0 495520 454852 129089 445295 11  3 78  7  0  0
17  3   1792 81413984 2545584 92622280    0    0 497808 450964 129915 448004 11  3 78  7  0  0
14  6   1792 81412676 2545584 92624780    0    0 501728 451108 129707 451551 11  3 78  8  0  0
13  8   1792 81408208 2545584 92627292    0    0 497792 450248 129621 448639 11  3 78  7  0  0
16  8   1792 81404988 2545584 92629756    0    0 497920 457712 129856 444418 11  3 78  7  0  0
17  5   1792 81404172 2545584 92632276    0    0 498336 436668 128773 444318 11  3 78  7  0  0
11  8   1792 81403200 2545584 92634744    0    0 498368 448120 127948 446188 11  3 78  7  0  0
12  7   1792 81401536 2545584 92637276    0    0 500112 448700 128132 446468 11  3 78  7  0  0
15 10   1792 81395680 2545584 92639776    0    0 506048 449384 128722 447328 11  3 78  8  0  0
 8 11   1792 81396360 2545584 92642252    0    0 495920 440832 126799 442776 11  3 78  7  0  0
 8 10   1792 81392436 2545584 92644692    0    0 484304 431804 123583 432117 11  3 78  8  0  0
procs -----------memory---------- ---swap-- -----io---- -system-- -------cpu-------
 r  b   swpd   free   buff  cache   si   so    bi    bo   in   cs us sy id wa st gu
13  6   1792 81392132 2545584 92647088    0    0 485408 441356 126348 435711 11  3 78  8  0  0
15  3   1792 81385752 2545584 92649528    0    0 488272 438592 126424 437676 11  3 78  8  0  0
15  3   1792 81385868 2545584 92652004    0    0 499600 448528 130695 447609 11  3 78  7  0  0
 7  9   1792 81387032 2545584 92654424    0    0 485232 444164 125877 434916 11  3 79  8  0  0
13  5   1792 81385208 2545584 92656832    0    0 484128 435580 125828 434085 11  3 78  8  0  0
15  3   1792 81383860 2545584 92659240    0    0 478640 435196 125662 433241 11  3 78  8  0  0
12  6   1792 81377416 2545584 92661708    0    0 490448 446072 129523 444844 11  3 78  7  0  0
12  7   1792 81373580 2545584 92664204    0    0 497440 449616 130202 446994 11  3 78  7  0  0
15  5   1792 81368560 2545584 92666660    0    0 501904 457360 131084 451234 11  3 78  7  0  0
15  2   1792 81367948 2545584 92669200    0    0 499952 454544 130686 450979 11  3 79  7  0  0
14  4   1792 81369260 2545584 92671716    0    0 499440 451948 130145 447981 11  3 78  7  0  0
14  2   1792 81365400 2545584 92674168    0    0 497824 446212 129526 445319 11  3 78  7  0  0
 9  8   1792 81361416 2545584 92676680    0    0 499216 452140 130655 448662 11  3 78  7  0  0
15  4   1792 81364580 2545584 92679176    0    0 501152 454356 131146 447937 11  3 78  7  0  0
12  7   1792 81359176 2545584 92681732    0    0 505680 456768 131033 453124 11  3 78  8  0  0
12  6   1792 81360352 2545584 92684272    0    0 506832 452172 130676 452686 11  3 78  8  0  0
 9  9   1792 81356500 2545584 92686700    0    0 493216 450272 129000 445457 11  3 78  7  0  0
10  8   1792 81354924 2545584 92689240    0    0 501408 451804 129627 452994 11  3 79  7  0  0
14  4   1792 81353044 2545584 92691704    0    0 503504 453648 130439 449855 11  3 78  7  0  0
14  5   1792 81348736 2545584 92694260    0    0 501776 455804 130820 452855 11  3 78  7  0  0
 9  9   1792 81347776 2545584 92696736    0    0 499088 448328 128525 445013 11  3 78  7  0  0
procs -----------memory---------- ---swap-- -----io---- -system-- -------cpu-------
 r  b   swpd   free   buff  cache   si   so    bi    bo   in   cs us sy id wa st gu
10  7   1792 81343508 2545584 92699160    0    0 499360 447864 127897 443425 11  3 79  7  0  0
13  6   1792 81346636 2545584 92701732    0    0 503408 447768 128675 445617 11  3 78  7  0  0
13  5   1792 81340272 2545584 92704228    0    0 499808 453072 129720 449945 11  3 79  7  0  0
14 10   1792 81339472 2545584 92706724    0    0 499040 451084 130601 450017 11  3 78  7  0  0
12  5   1792 81334564 2545584 92709156    0    0 488176 440072 127637 437776 11  3 78  8  0  0
13  7   1792 81332420 2545584 92711652    0    0 489200 443528 125520 433930 11  3 78  8  0  0
13  7   1792 81327756 2545584 92714140    0    0 492144 436900 124837 439070 11  3 78  8  0  0
12  6   1792 81323388 2545584 92716592    0    0 490304 431756 124984 436624 11  3 78  8  0  0
 9 11   1792 81319908 2545584 92718916    0    0 483744 433160 123583 430278 11  3 78  8  0  0
16 12   1792 81321704 2545584 92721472    0    0 487536 438820 125992 436706 10  3 78  8  0  0
10 10   1792 81322596 2545584 92723940    0    0 483792 441528 126317 435107 11  3 78  8  0  0
10  7   1792 81318160 2545584 92726428    0    0 492976 445092 128513 443716 11  3 78  7  0  0
14  4   1792 81314956 2545588 92728948    0    0 500256 452408 130014 447809 11  3 78  7  0  0
12  9   1792 81317584 2545588 92731444    0    0 507744 455308 131074 451109 11  3 78  8  0  0
11  7   1792 81316816 2545588 92733984    0    0 505360 452288 130369 450686 11  3 78  7  0  0
12  8   1792 81313820 2545588 92736500    0    0 498624 456120 129279 447372 11  3 79  7  0  0
18  3   1792 81314168 2545588 92738916    0    0 493840 447040 129497 443583 11  3 78  7  0  0
10  8   1792 81312236 2545588 92741484    0    0 505792 455940 131530 453661 11  3 78  8  0  0
11  7   1792 81307388 2545588 92743960    0    0 502048 449848 129411 445463 11  3 78  7  0  0
 6 13   1792 81305356 2545588 92746400    0    0 496768 445224 128843 447774 11  3 79  7  0  0
14  8   1792 81302044 2545588 92748868    0    0 496288 449620 130215 445745 11  3 78  7  0  0
procs -----------memory---------- ---swap-- -----io---- -system-- -------cpu-------
 r  b   swpd   free   buff  cache   si   so    bi    bo   in   cs us sy id wa st gu
13  6   1792 81298408 2545588 92751408    0    0 501168 456260 131171 451769 11  3 78  7  0  0
14  9   1792 81293216 2545588 92753944    0    0 507776 456112 132496 454342 11  3 78  8  0  0
 8 10   1792 81288416 2545588 92756360    0    0 496576 450864 130225 448534 11  3 78  7  0  0
15  7   1792 81284640 2545588 92758884    0    0 500016 444916 128409 445687 11  3 78  7  0  0
13  5   1792 81283680 2545588 92761380    0    0 499328 458440 131445 456959 11  3 78  7  0  0
14  6   1792 81276552 2545588 92763880    0    0 498752 447812 129864 450902 11  3 78  7  0  0
 7 11   1792 81277256 2545588 92766372    0    0 501616 452284 129962 448414 11  3 78  7  0  0
 9 12   1792 81276816 2545588 92768812    0    0 501776 454928 130904 448028 11  3 78  7  0  0
11 11   1792 81273128 2545588 92771372    0    0 489776 441868 127409 439428 11  3 78  8  0  0
 7 10   1792 81275028 2545588 92773776    0    0 488720 449636 127330 442245 11  3 78  8  0  0
11  8   1792 81270052 2545588 92776224    0    0 484672 443944 127008 439119 11  3 78  8  0  0
20 10   1792 81265100 2545588 92778756    0    0 505008 449080 129803 450174 11  3 78  8  0  0
 9 10   1792 81264132 2545588 92781216    0    0 496336 451916 128923 444785 11  3 78  8  0  0
 9  7   1792 81258084 2545588 92783620    0    0 490208 439468 126499 437823 11  3 78  8  0  0
15  5   1792 81251636 2545588 92786036    0    0 482432 442468 126470 432798 11  3 78  8  0  0
 7 13   1792 81254788 2545588 92788416    0    0 481440 430760 124507 434135 11  3 78  8  0  0
 9 12   1792 81247032 2545588 92790940    0    0 498864 447584 129772 450853 11  3 78  7  0  0
12  7   1792 81249844 2545588 92793424    0    0 499472 458224 131096 448623 11  3 78  7  0  0
13  7   1792 81248128 2545588 92795936    0    0 502272 462708 130819 454330 11  3 78  8  0  0
20  0   1792 81243016 2545588 92798432    0    0 503504 461072 131239 455469 11  3 78  7  0  0
14  4   1792 81242688 2545588 92800960    0    0 500688 454960 131434 452432 11  3 78  7  0  0
procs -----------memory---------- ---swap-- -----io---- -system-- -------cpu-------
 r  b   swpd   free   buff  cache   si   so    bi    bo   in   cs us sy id wa st gu
10  9   1792 81244252 2545588 92803460    0    0 499440 452336 130614 450483 11  3 78  7  0  0
15  5   1792 81240796 2545588 92805860    0    0 499056 451908 129924 446287 11  3 78  7  0  0
 9  9   1792 81240000 2545588 92808408    0    0 498048 453664 129801 447813 11  3 78  7  0  0
14  6   1792 81235372 2545588 92810856    0    0 494912 448644 129031 445069 11  3 78  7  0  0
19  2   1792 81228900 2545588 92813360    0    0 497792 455004 129341 445568 11  3 78  7  0  0
16  2   1792 81227272 2545588 92815828    0    0 495120 451632 128036 444604 11  3 79  7  0  0
10  8   1792 81222408 2545588 92818288    0    0 496496 451728 130643 448321 11  3 78  7  0  0
14  4   1792 81220820 2545588 92820812    0    0 501488 457560 131847 452732 11  3 78  7  0  0
11  7   1792 81221076 2545588 92823332    0    0 501456 448816 130485 451731 11  3 78  7  0  0
10  7   1792 81220320 2545588 92825820    0    0 496832 450564 131220 449735 11  3 78  7  0  0
10  7   1792 81221952 2545588 92828316    0    0 495712 445436 129895 450215 11  3 78  7  0  0
14  6   1792 81220004 2545588 92830772    0    0 499232 451088 130580 447318 11  3 78  7  0  0
13  5   1792 81215532 2545588 92833296    0    0 495952 450136 130876 450164 11  3 78  7  0  0
 8  9   1792 81211000 2545588 92835752    0    0 485264 442880 127795 438405 11  3 78  8  0  0
13  6   1792 81208572 2545588 92838156    0    0 480032 438816 127187 437027 11  3 78  8  0  0
 9 11   1792 81212608 2545588 92840612    0    0 487136 438056 128834 444063 11  3 78  8  0  0
12  7   1792 81206380 2545588 92843048    0    0 497936 447096 129905 448672 11  3 78  8  0  0
 7 11   1792 81206552 2545588 92845508    0    0 488480 448160 128773 441716 11  3 78  8  0  0
 9  9   1792 81202524 2545588 92847960    0    0 487888 436544 126825 437796 11  3 78  8  0  0
14  5   1792 81197536 2545588 92850388    0    0 488160 438172 126357 436942 11  3 79  8  0  0
11  7   1792 81193964 2545588 92852800    0    0 490208 435692 125812 441081 11  3 79  8  0  0
procs -----------memory---------- ---swap-- -----io---- -system-- -------cpu-------
 r  b   swpd   free   buff  cache   si   so    bi    bo   in   cs us sy id wa st gu
11 10   1792 81185520 2545588 92855312    0    0 496672 455096 129640 446683 11  3 78  7  0  0
14  5   1792 81179760 2545588 92857792    0    0 502048 451160 129886 450633 11  3 78  7  0  0
10 10   1792 81172756 2545588 92860304    0    0 499968 454240 130574 449539 11  3 78  7  0  0
13  6   1792 81175620 2545588 92862788    0    0 506384 450700 130568 453647 11  3 78  8  0  0
 7 12   1792 81169368 2545588 92865332    0    0 503344 454976 131456 451613 11  3 78  7  0  0
11  5   1792 81169832 2545588 92867864    0    0 502400 452428 129444 449850 11  3 78  7  0  0
13  6   1792 81165408 2545588 92870300    0    0 485376 440244 126711 436705 11  3 79  8  0  0
12  8   1792 81160748 2545588 92872800    0    0 487504 438892 126221 437363 11  3 78  8  0  0
 9 10   1792 81166656 2545588 92875192    0    0 478896 433684 127021 435679 11  3 78  8  0  0
10  9   1792 81168508 2545588 92877604    0    0 481552 439276 126939 437185 11  3 78  8  0  0
 6  9   1792 81165036 2545588 92879992    0    0 481856 433484 125865 433316 11  3 78  8  0  0
 9 11   1792 81165040 2545588 92882380    0    0 480032 434644 125249 433940 11  3 78  8  0  0
 9 12   1792 81160996 2545588 92884788    0    0 479600 433184 125007 430876 11  3 78  8  0  0
12  7   1792 81157668 2545588 92887192    0    0 482944 441064 126240 435445 10  3 78  8  0  0
11  7   1792 81160136 2545588 92889548    0    0 481904 432444 124499 429831 11  3 79  8  0  0
23 11   1792 81138328 2545588 92891896    0    0 479232 431016 126744 439823 11  3 78  8  0  0
11  8   1792 81146024 2545588 92894388    0    0 476128 436380 125778 432171 11  3 78  8  0  0
12  6   1792 81145880 2545588 92896796    0    0 478928 436916 125756 433377 11  3 78  8  0  0
 8  9   1792 81141996 2545588 92899188    0    0 475408 432556 124847 433413 11  3 78  8  0  0
 6 12   1792 81140976 2545588 92901532    0    0 472368 424952 122596 421929 10  3 78  8  0  0
 9  8   1792 81136604 2545588 92903900    0    0 470816 424888 123046 423222 10  3 78  8  0  0
procs -----------memory---------- ---swap-- -----io---- -system-- -------cpu-------
 r  b   swpd   free   buff  cache   si   so    bi    bo   in   cs us sy id wa st gu
14  7   1792 81128868 2545588 92906296    0    0 475824 428488 123903 426225 11  3 78  8  0  0
 9  9   1792 81131880 2545588 92908676    0    0 486656 440648 126825 435480 11  3 78  8  0  0
11  7   1792 81126588 2545588 92911140    0    0 484336 443272 125898 436874 11  3 78  8  0  0
 9  9   1792 81124476 2545588 92913460    0    0 483568 438224 126466 436521 11  3 78  8  0  0
 6 14   1792 81121964 2545588 92915912    0    0 484640 431856 125190 431606 11  3 79  8  0  0
12  7   1792 81121280 2545588 92918380    0    0 480384 430868 125671 432085 11  3 78  8  0  0
15  4   1792 81116920 2545588 92920804    0    0 483120 438556 125964 435037 11  3 78  8  0  0
10  9   1792 81114568 2545588 92923212    0    0 485376 435988 125003 436441 11  3 78  8  0  0
12  7   1792 81113500 2545588 92925640    0    0 483760 435940 127012 434643 11  3 78  8  0  0
12  6   1792 81110020 2545588 92928064    0    0 482960 431832 125852 432038 11  3 78  8  0  0
13  6   1792 81104252 2545588 92930484    0    0 480736 437092 125809 435523 11  3 78  8  0  0
11  7   1792 81100748 2545588 92932932    0    0 489504 439292 126169 437193 11  3 78  8  0  0
11  7   1792 81096808 2545588 92935340    0    0 483232 438628 125918 435939 10  3 78  8  0  0
13  5   1792 81091964 2545588 92937764    0    0 487296 438140 127326 441434 11  3 78  8  0  0
 7  9   1792 81092760 2545588 92940224    0    0 486096 431648 125789 430161 11  3 78  8  0  0
 9 10   1792 81087740 2545588 92942604    0    0 477840 441940 124940 428774 11  3 78  8  0  0
15  4   1792 81084228 2545588 92945084    0    0 489264 432020 126876 438904 11  3 78  8  0  0
13  8   1792 81081100 2545588 92947532    0    0 491520 442804 128218 441324 11  3 78  7  0  0
12  7   1792 81081292 2545588 92950036    0    0 493904 443512 128623 444851 11  3 78  8  0  0
10  9   1792 81082464 2545588 92952520    0    0 491584 445256 128559 442322 11  3 78  7  0  0
 9  9   1792 81080996 2545588 92955024    0    0 503200 451792 130420 450532 11  3 78  8  0  0
procs -----------memory---------- ---swap-- -----io---- -system-- -------cpu-------
 r  b   swpd   free   buff  cache   si   so    bi    bo   in   cs us sy id wa st gu
11  8   1792 81083640 2545588 92957516    0    0 501376 453456 130301 450045 11  3 78  8  0  0
15  5   1792 81081968 2545588 92959996    0    0 501552 449216 129377 446849 11  3 78  8  0  0
 8 11   1792 81077524 2545588 92962464    0    0 487952 447624 129187 442767 11  3 78  7  0  0
19  3   1792 81076544 2545588 92964804    0    0 480000 437536 124800 430878 11  3 79  8  0  0
 9  9   1792 81070676 2545588 92967248    0    0 479248 436740 126730 433590 11  3 78  8  0  0
14  7   1792 81064152 2545588 92969636    0    0 483280 434404 126547 433854 11  3 78  8  0  0
10  8   1792 81062924 2545588 92972088    0    0 495584 443692 128467 443457 11  3 78  8  0  0
11  7   1792 81060436 2545588 92974620    0    0 499968 443252 127927 442357 11  3 78  8  0  0
11  7   1792 81057680 2545588 92977064    0    0 490176 439012 127582 438023 11  3 78  8  0  0
 9  6   1792 81055008 2545588 92979452    0    0 492336 447028 128457 440859 11  3 78  7  0  0
11  9   1792 81050252 2545588 92981968    0    0 496864 433212 127529 443409 11  3 78  8  0  0
 8  9   1792 81044632 2545588 92984408    0    0 492496 458880 129207 443291 11  3 78  8  0  0
14  7   1792 81043480 2545588 92986908    0    0 499728 451224 129807 448057 11  3 78  8  0  0
16  5   1792 81038912 2545588 92989388    0    0 499808 446804 129486 446319 11  3 78  8  0  0
12  7   1792 81039240 2545588 92991840    0    0 497936 455468 130296 447139 11  3 78  7  0  0
12  8   1792 81035052 2545588 92994324    0    0 495232 446960 128859 444875 11  3 78  8  0  0
12  6   1792 81032068 2545588 92996836    0    0 498528 446324 129523 447796 11  3 78  8  0  0
12  7   1792 81029608 2545588 92999332    0    0 494560 446556 128647 442112 11  3 78  7  0  0
16  4   1792 81026160 2545588 93001824    0    0 495856 450660 129562 448224 11  3 78  8  0  0
12  7   1792 81032488 2545588 93004292    0    0 497424 451848 131029 445124 11  3 78  8  0  0
10  8   1792 81030420 2545588 93006688    0    0 495472 449548 130584 446013 11  3 78  8  0  0
procs -----------memory---------- ---swap-- -----io---- -system-- -------cpu-------
 r  b   swpd   free   buff  cache   si   so    bi    bo   in   cs us sy id wa st gu
12  6   1792 81029184 2545588 93009224    0    0 498288 452124 129897 451849 11  3 78  8  0  0
12  6   1792 81022236 2545588 93011756    0    0 500224 453104 130245 449092 11  3 78  8  0  0
12  6   1792 81021968 2545588 93014200    0    0 493344 448108 129897 445769 11  3 78  7  0  0
19  8   1792 81022316 2545588 93016660    0    0 492240 443980 130101 445675 11  3 78  7  0  0
10  9   1792 81019792 2545588 93019220    0    0 500192 455816 130091 450701 11  3 78  8  0  0
11  9   1792 81014016 2545588 93021712    0    0 497008 449180 129589 447289 11  3 78  8  0  0
14  6   1792 81010584 2545588 93024224    0    0 503584 456184 130776 452346 11  3 78  8  0  0
15  5   1792 81006840 2545588 93026692    0    0 499520 447632 129640 449580 11  3 78  8  0  0
 7 11   1792 81005296 2545588 93029156    0    0 477616 434660 124069 429953 10  3 78  8  0  0
 9  9   1792 81001104 2545592 93031592    0    0 486096 435168 125247 434323 10  3 78  8  0  0
12  6   1792 80999596 2545592 93034000    0    0 488256 437896 127669 438200 11  3 78  8  0  0
10  7   1792 80998852 2545592 93036532    0    0 502560 451268 129137 448647 11  3 78  8  0  0
11  7   1792 80995632 2545592 93039064    0    0 502224 453980 130677 452442 11  3 78  7  0  0
15  4   1792 80991756 2545592 93041576    0    0 503296 452272 130746 452669 11  3 78  8  0  0
15  7   1792 80991632 2545592 93044004    0    0 500112 451612 130409 451484 11  3 78  7  0  0
11  5   1792 80995112 2545592 93046620    0    0 502480 453744 130194 451387 11  3 78  7  0  0
10  7   1792 80996324 2545592 93049024    0    0 490192 446760 130780 445801 11  3 78  7  0  0
12  6   1792 80993832 2545592 93051504    0    0 493376 450644 130236 445608 11  3 78  7  0  0
16  6   1792 80992240 2545592 93053944    0    0 495296 453844 130198 447838 11  3 78  7  0  0
13  6   1792 80989996 2545592 93056464    0    0 496400 448560 130533 447875 11  3 78  7  0  0
12  6   1792 80987328 2545592 93058900    0    0 497648 454408 130980 448706 11  3 78  7  0  0
procs -----------memory---------- ---swap-- -----io---- -system-- -------cpu-------
 r  b   swpd   free   buff  cache   si   so    bi    bo   in   cs us sy id wa st gu
15  7   1792 80980612 2545592 93061428    0    0 495616 442140 130155 446571 11  3 78  7  0  0
26 12   1792 80973184 2545592 93063916    0    0 496944 450884 130673 448350 11  3 78  7  0  0
15  7   1792 80972564 2545592 93066428    0    0 506496 455128 130408 450367 11  3 78  7  0  0
 5 16   1792 80967876 2545592 93068928    0    0 502752 448836 130902 449418 11  3 78  7  0  0
22  5   1792 80961564 2545592 93071300    0    0 501120 446760 130362 450427 11  3 78  7  0  0
11 11   1792 80963284 2545592 93073932    0    0 499488 449548 130621 451009 11  3 78  7  0  0
15  9   1792 80960272 2545592 93076348    0    0 495520 457108 129853 451252 11  3 78  7  0  0
13 11   1792 80953192 2545592 93078880    0    0 501856 450732 131119 447889 11  3 78  7  0  0
16  6   1792 80957628 2545592 93081380    0    0 499568 449396 130272 449932 11  3 78  7  0  0
16  4   1792 80952864 2545592 93083880    0    0 500240 458136 131180 452017 11  3 78  7  0  0
12  9   1792 80952056 2545592 93086332    0    0 500144 440292 130005 448332 11  3 78  7  0  0
18  5   1792 80947884 2545592 93088884    0    0 500128 455648 131391 454754 11  3 78  7  0  0
 7 13   1792 80942804 2545592 93091392    0    0 498576 454804 129056 447517 11  3 78  8  0  0
18 13   1792 80938492 2545592 93093812    0    0 490752 439600 127998 438810 11  3 78  8  0  0
18  5   1792 80935396 2545592 93096240    0    0 487184 439136 127470 439980 11  3 78  8  0  0
 5 15   1792 80937424 2545592 93098712    0    0 491344 450760 128314 440816 11  3 78  8  0  0
 9 11   1792 80932812 2545592 93101136    0    0 495344 454508 129716 446311 11  3 78  7  0  0
 9 12   1792 80930036 2545592 93103620    0    0 501152 456116 130722 453208 11  3 78  7  0  0
14  8   1792 80926336 2545592 93106180    0    0 494560 436956 129003 448708 11  3 78  7  0  0
 8 11   1792 80923540 2545592 93108672    0    0 498336 450272 130117 453013 11  3 78  7  0  0
15  8   1792 80919068 2545592 93111200    0    0 499296 455464 131432 447912 11  3 78  7  0  0
procs -----------memory---------- ---swap-- -----io---- -system-- -------cpu-------
 r  b   swpd   free   buff  cache   si   so    bi    bo   in   cs us sy id wa st gu
 4 16   1792 80914324 2545592 93113692    0    0 503888 463572 131581 451582 11  3 78  7  0  0
 4 15   1792 80910208 2545592 93116224    0    0 503072 450508 131326 451982 11  3 78  7  0  0
14  8   1792 80907812 2545592 93118672    0    0 503888 443528 127447 445011 11  3 78  7  0  0
15  7   1792 80907244 2545592 93121156    0    0 502416 448468 127524 443151 11  3 78  7  0  0
 9 11   1792 80905424 2545592 93123684    0    0 497232 438748 128125 442656 11  3 78  7  0  0
16  6   1792 80910164 2545592 93126208    0    0 505472 452984 129118 448680 11  3 78  7  0  0
12 10   1792 80906584 2545592 93128724    0    0 498896 440352 127341 445676 11  3 78  7  0  0
12 10   1792 80904468 2545592 93131224    0    0 498048 449128 128365 445650 11  3 78  7  0  0
26  8   1792 80897736 2545592 93133700    0    0 501456 442052 127751 445130 11  3 78  7  0  0
17  6   1792 80899064 2545592 93136148    0    0 502096 446348 127479 445599 11  3 79  7  0  0
19  4   1792 80896888 2545592 93138720    0    0 500672 450172 128074 445894 11  3 78  7  0  0
 9 13   1792 80892676 2545592 93141176    0    0 500640 443684 128452 447586 11  3 78  7  0  0
11 13   1792 80892844 2545592 93143724    0    0 499184 451152 129066 445890 11  3 78  7  0  0
13  9   1792 80889172 2545592 93146192    0    0 497056 463348 131156 449304 11  3 78  7  0  0
 8 12   1792 80887776 2545592 93148664    0    0 497488 450352 130018 450233 11  3 78  7  0  0
14  8   1792 80885152 2545592 93151128    0    0 500640 451064 129840 449142 11  3 78  7  0  0
12 10   1792 80885276 2545592 93153668    0    0 499936 448140 130094 449228 11  3 78  7  0  0
 8 14   1792 80879088 2545592 93156104    0    0 486192 435176 125969 436375 11  3 78  8  0  0
 6 14   1792 80873660 2545592 93158616    0    0 489456 435304 126761 437191 11  3 78  8  0  0
11  8   1792 80870676 2545592 93161036    0    0 486976 445692 126767 440578 11  3 78  8  0  0
14  7   1792 80867708 2545592 93163504    0    0 495664 449520 130704 445300 11  3 78  8  0  0
procs -----------memory---------- ---swap-- -----io---- -system-- -------cpu-------
 r  b   swpd   free   buff  cache   si   so    bi    bo   in   cs us sy id wa st gu
19  4   1792 80862932 2545592 93166044    0    0 503856 462720 131180 455819 11  3 78  8  0  0
18  5   1792 80862220 2545592 93168712    0    0 507808 456272 131481 456368 11  3 78  8  0  0
16  8   1792 80857312 2545592 93171192    0    0 500896 446408 130648 450903 11  3 78  7  0  0
12  9   1792 80858948 2545592 93173576    0    0 494752 451644 130170 444748 11  3 78  7  0  0
16  6   1792 80860792 2545592 93176148    0    0 500368 461032 131350 450169 11  3 78  7  0  0
19  2   1792 80860004 2545592 93178632    0    0 499184 449380 130233 446479 11  3 78  7  0  0
11 14   1792 80858416 2545592 93181024    0    0 496880 452484 130618 450130 11  3 78  7  0  0
 6 12   1792 80855436 2545592 93183560    0    0 501552 468520 132286 455467 11  3 78  7  0  0
14  9   1792 80855280 2545592 93186108    0    0 500400 456244 132064 453486 11  3 78  7  0  0
17  6   1792 80852828 2545592 93188628    0    0 504016 450504 130755 454066 11  3 78  7  0  0
24  5   1792 80852200 2545592 93191112    0    0 497632 465504 131415 449205 11  3 78  7  0  0
10 12   1792 80847612 2545592 93193596    0    0 503136 450368 131971 455450 11  3 78  7  0  0
15 14   1792 80845612 2545592 93196136    0    0 502336 463956 131050 453227 11  3 78  7  0  0
 7 14   1792 80845684 2545592 93198588    0    0 503488 437860 129755 450529 11  3 79  7  0  0
15 11   1792 80842648 2545592 93201136    0    0 499520 460736 130808 448534 11  3 78  8  0  0
19  4   1792 80838136 2545592 93203648    0    0 497152 436456 129437 444146 11  3 78  7  0  0
 9 12   1792 80833236 2545592 93206204    0    0 501872 468652 131721 454499 11  3 78  8  0  0
18  4   1792 80830800 2545592 93208680    0    0 499296 449220 131092 450543 11  3 78  7  0  0
15  7   1792 80830372 2545592 93211156    0    0 491488 450736 129636 446065 11  3 78  7  0  0
13  9   1792 80826672 2545592 93213592    0    0 501616 437848 129123 442807 11  3 79  7  0  0
14  9   1792 80828432 2545592 93216080    0    0 497936 456364 128792 448231 11  3 79  7  0  0
procs -----------memory---------- ---swap-- -----io---- -system-- -------cpu-------
 r  b   swpd   free   buff  cache   si   so    bi    bo   in   cs us sy id wa st gu
10 11   1792 80827856 2545592 93218508    0    0 484592 436344 125344 434215 11  3 79  8  0  0
10 12   1792 80828792 2545592 93220872    0    0 491696 443904 127049 440742 11  3 78  8  0  0
10 10   1792 80823712 2545592 93223412    0    0 492672 434016 127480 441180 11  3 79  8  0  0
 8 13   1792 80826424 2545592 93225904    0    0 500000 457628 130175 453021 11  3 78  8  0  0
13  8   1792 80827076 2545592 93228424    0    0 505072 453776 130673 452482 11  3 78  8  0  0
16  6   1792 80824520 2545592 93230964    0    0 504736 458908 130930 455297 11  3 78  8  0  0
 8 12   1792 80820972 2545592 93233432    0    0 499920 453468 130843 450881 11  3 78  7  0  0
10 11   1792 80820296 2545592 93235928    0    0 497328 453300 129596 450181 11  3 78  7  0  0
10 10   1792 80818876 2545592 93238452    0    0 501520 447292 130497 451194 11  3 78  7  0  0
 7 14   1792 80810476 2545592 93240876    0    0 500784 457616 130894 454020 11  3 78  7  0  0
 9 12   1792 80806608 2545592 93243468    0    0 499584 435224 130891 452199 11  3 78  7  0  0
15  6   1792 80802420 2545592 93245796    0    0 500256 462824 130457 448524 11  3 78  7  0  0
15  8   1792 80800912 2545592 93248492    0    0 499264 457120 130007 449482 11  3 78  7  0  0
 8 13   1792 80798512 2545592 93250876    0    0 502656 446004 129179 448226 11  3 79  7  0  0
16  7   1792 80798240 2545592 93253488    0    0 497296 446680 130760 448998 11  3 78  7  0  0
17  3   1792 80793636 2545592 93256020    0    0 499344 455704 131593 451854 11  3 78  7  0  0
15  6   1792 80793032 2545592 93258484    0    0 499136 462900 130347 447649 11  3 78  7  0  0
10 11   1792 80785248 2545592 93260824    0    0 496864 447336 129499 444912 11  3 78  7  0  0
11 13   1792 80780624 2545592 93263468    0    0 498288 447000 129626 449786 11  3 78  7  0  0
 8 13   1792 80778664 2545592 93265936    0    0 500528 456544 130283 449421 11  3 78  8  0  0
23  8   1792 80776276 2545592 93268488    0    0 499024 447852 129957 449821 11  3 78  7  0  0
procs -----------memory---------- ---swap-- -----io---- -system-- -------cpu-------
 r  b   swpd   free   buff  cache   si   so    bi    bo   in   cs us sy id wa st gu
16  8   1792 80769524 2545592 93270952    0    0 499520 462664 130957 453302 11  3 79  7  0  0
12 10   1792 80772468 2545592 93273492    0    0 502576 446268 130230 450031 11  3 78  7  0  0
11 11   1792 80768588 2545592 93276004    0    0 501216 441388 129138 449732 11  3 78  7  0  0
10 11   1792 80765268 2545592 93278524    0    0 503024 462704 131275 454198 11  3 78  7  0  0
10 12   1792 80762600 2545592 93280952    0    0 502400 449552 130774 450214 11  3 78  7  0  0
10 12   1792 80756664 2545592 93283448    0    0 487312 438620 126363 437059 11  3 78  8  0  0
 8 13   1792 80757720 2545592 93285864    0    0 484352 436872 126606 437481 11  3 78  8  0  0
13  9   1792 80753164 2545592 93288216    0    0 481712 435280 125279 433185 11  3 78  8  0  0
11 11   1792 80758060 2545592 93290740    0    0 495936 453028 128508 443127 11  3 79  7  0  0
27  6   1792 80756840 2545592 93293288    0    0 500848 458816 130328 450147 11  3 78  7  0  0
14  7   1792 80756584 2545592 93295696    0    0 497344 447648 129259 449302 11  3 78  7  0  0
15  8   1792 80747968 2545592 93298244    0    0 493360 461880 130949 445637 11  3 78  7  0  0
10 11   1792 80746972 2545592 93300740    0    0 502288 453644 131897 452832 11  3 78  7  0  0
14  7   1792 80743340 2545592 93303236    0    0 492608 454596 130869 447624 11  3 78  7  0  0
16 13   1792 80739164 2545592 93305740    0    0 504496 448816 131277 451276 11  3 78  7  0  0
15  8   1792 80738312 2545592 93308180    0    0 492080 445620 130187 444866 11  3 78  7  0  0
 7 12   1792 80733708 2545592 93310652    0    0 496304 439624 129098 444878 11  3 78  7  0  0
13  8   1792 80732140 2545592 93313152    0    0 500208 460760 130334 450166 11  3 78  7  0  0
13  9   1792 80726760 2545592 93315652    0    0 497616 432800 127868 444006 11  3 79  7  0  0
 9 14   1792 80726916 2545592 93318212    0    0 499296 466616 131439 448339 11  3 78  7  0  0
12  9   1792 80723824 2545592 93320712    0    0 501088 445968 129481 448823 11  3 78  7  0  0
procs -----------memory---------- ---swap-- -----io---- -system-- -------cpu-------
 r  b   swpd   free   buff  cache   si   so    bi    bo   in   cs us sy id wa st gu
17  6   1792 80724124 2545592 93323296    0    0 502000 446096 129265 449856 11  3 79  7  0  0
13  9   1792 80718080 2545592 93325752    0    0 498416 451724 130729 449487 11  3 78  7  0  0
22  7   1792 80718744 2545592 93328284    0    0 499920 449300 130420 448410 11  3 79  7  0  0
12 12   1792 80716424 2545592 93330732    0    0 494512 453096 129435 445676 11  3 78  7  0  0
16  8   1792 80714448 2545592 93333160    0    0 496848 449048 129591 447110 11  3 78  7  0  0
10 11   1792 80711864 2545592 93335716    0    0 499664 451024 130004 448184 11  3 79  7  0  0
11 12   1792 80710548 2545592 93338200    0    0 499744 448148 130744 448525 11  3 78  7  0  0
16 13   1792 80703160 2545592 93340628    0    0 501904 454116 130932 452930 11  3 78  7  0  0
14  8   1792 80697268 2545592 93343112    0    0 499904 459048 130140 449678 11  3 78  7  0  0
 4 16   1792 80695612 2545592 93345632    0    0 491312 445736 128643 444192 11  3 78  8  0  0
12  8   1792 80695932 2545592 93348196    0    0 483200 434108 126678 438081 11  3 78  8  0  0
11 10   1792 80694080 2545592 93350552    0    0 485360 431560 126362 438854 11  3 78  8  0  0
14  7   1792 80686624 2545592 93353076    0    0 492976 454180 130324 445307 11  3 78  8  0  0
 5 15   1792 80681264 2545592 93355460    0    0 498272 453160 130326 449498 11  3 78  7  0  0
10 11   1792 80683204 2545592 93358060    0    0 495872 467400 131051 448222 11  3 78  7  0  0
 7 12   1792 80677460 2545592 93360544    0    0 499952 448176 130633 450784 11  3 78  7  0  0
12 10   1792 80673908 2545592 93363012    0    0 502736 460028 130842 452587 11  3 78  7  0  0
12 10   1792 80669292 2545592 93365580    0    0 509136 456644 132179 455415 11  3 78  8  0  0
13  9   1792 80668880 2545592 93368124    0    0 503264 459376 129906 450940 11  3 78  7  0  0
 8 13   1792 80666980 2545592 93370628    0    0 502576 446104 130817 452579 11  3 78  7  0  0
 7 13   1792 80664232 2545592 93373136    0    0 504224 451724 132009 452390 11  3 78  7  0  0
procs -----------memory---------- ---swap-- -----io---- -system-- -------cpu-------
 r  b   swpd   free   buff  cache   si   so    bi    bo   in   cs us sy id wa st gu
17  5   1792 80658476 2545592 93375544    0    0 497232 453460 130754 447856 11  3 78  7  0  0
14  8   1792 80660548 2545592 93378084    0    0 504192 469088 132032 451215 11  3 78  8  0  0
 7 14   1792 80656512 2545592 93380524    0    0 499632 454152 130671 451075 11  3 78  7  0  0
 8 13   1792 80662688 2545592 93383064    0    0 498112 445892 129500 446175 11  3 78  7  0  0
18  8   1792 80661832 2545592 93385664    0    0 503936 459276 131045 450557 11  3 78  7  0  0
16  5   1792 80656964 2545592 93388172    0    0 502112 437656 129485 450037 11  3 78  7  0  0
10 11   1792 80651040 2545592 93390628    0    0 496320 455968 128702 442805 11  3 78  7  0  0
10 12   1792 80643980 2545592 93393108    0    0 500848 450840 130517 447835 11  3 78  7  0  0
12 10   1792 80640120 2545592 93395612    0    0 498576 448792 129311 448737 11  3 78  8  0  0
12 10   1792 80639788 2545592 93398068    0    0 494960 448700 129209 443866 11  3 79  7  0  0
 6 13   1792 80631864 2545592 93400492    0    0 495280 460468 130371 446714 11  3 78  7  0  0
15  7   1792 80629812 2545592 93403048    0    0 498496 440696 130243 447914 11  3 78  7  0  0
 8 13   1792 80626204 2545592 93405576    0    0 502048 448996 129144 448834 11  3 79  7  0  0
12 10   1792 80624764 2545592 93408044    0    0 500000 462672 130780 453243 11  3 79  7  0  0
12 10   1792 80625984 2545592 93410472    0    0 481392 434108 126307 433896 11  3 79  8  0  0
19  7   1792 80622356 2545592 93412924    0    0 481952 441180 127291 436434 11  3 78  8  0  0
 5 15   1792 80623000 2545592 93415360    0    0 482976 423708 125632 433291 11  3 78  8  0  0
13  8   1792 80617048 2545592 93417832    0    0 496608 445064 130400 448604 11  3 78  8  0  0
11 10   1792 80619392 2545592 93420236    0    0 491568 454448 129488 443095 11  3 79  7  0  0
13 10   1792 80618336 2545592 93422752    0    0 499792 450368 130986 450156 11  3 78  7  0  0
14  9   1792 80611532 2545592 93425328    0    0 501264 458496 130709 451422 11  3 78  7  0  0
procs -----------memory---------- ---swap-- -----io---- -system-- -------cpu-------
 r  b   swpd   free   buff  cache   si   so    bi    bo   in   cs us sy id wa st gu
16  6   1792 80606652 2545592 93427760    0    0 505696 452988 131717 456643 11  3 78  7  0  0
14 10   1792 80608120 2545592 93430336    0    0 499184 451256 130414 448773 11  3 79  7  0  0
16  8   1792 80609768 2545592 93432836    0    0 498528 464460 130608 451469 11  3 78  7  0  0
 9 16   1792 80608932 2545592 93435320    0    0 503968 444204 130201 451264 11  3 78  7  0  0
11 11   1792 80602440 2545592 93437828    0    0 502000 446328 129981 449096 11  3 78  7  0  0
18  4   1792 80607176 2545592 93440336    0    0 504704 461916 130256 450025 11  3 78  7  0  0
13  7   1792 80604512 2545592 93442908    0    0 502352 452052 130411 450486 11  3 78  7  0  0
10 11   1792 80602816 2545592 93445388    0    0 492384 440936 128624 441677 11  3 79  7  0  0
14  6   1792 80598488 2545592 93447740    0    0 500816 453788 130045 450464 11  3 79  7  0  0
12 10   1792 80597580 2545592 93450228    0    0 495552 453420 129394 449448 11  3 78  7  0  0
13  9   1792 80592796 2545592 93452744    0    0 494288 447644 129903 446004 11  3 78  7  0  0
17  5   1792 80585720 2545592 93455292    0    0 502288 451384 130306 450167 11  3 78  7  0  0
11 10   1792 80588280 2545592 93457856    0    0 505280 460428 131410 454500 11  3 78  8  0  0
13  7   1792 80586032 2545592 93460284    0    0 501872 461460 129900 448881 11  3 78  7  0  0
18  6   1792 80581900 2545592 93462832    0    0 496832 451204 129839 448329 11  3 78  7  0  0
13 10   1792 80576124 2545592 93465364    0    0 502368 455748 130533 453622 11  3 78  7  0  0
19  6   1792 80574672 2545592 93467904    0    0 506048 445008 129495 451822 11  3 78  8  0  0
17  8   1792 80568600 2545592 93470448    0    0 496832 461404 130412 448615 11  3 78  7  0  0
15  9   1792 80568184 2545592 93472892    0    0 500160 443392 129672 448061 11  3 79  7  0  0
 9 14   1792 80568856 2545592 93475372    0    0 485152 442640 126655 434889 11  3 78  8  0  0
10 11   1792 80568540 2545592 93477784    0    0 481472 437944 126052 432805 11  3 78  8  0  0
procs -----------memory---------- ---swap-- -----io---- -system-- -------cpu-------
 r  b   swpd   free   buff  cache   si   so    bi    bo   in   cs us sy id wa st gu
 7 13   1792 80564388 2545592 93480176    0    0 483504 453384 127816 436276 11  3 78  8  0  0
14  7   1792 80560732 2545592 93482648    0    0 492976 451320 128712 446256 11  3 79  7  0  0
12  9   1792 80552652 2545592 93485072    0    0 495920 450640 130245 446406 11  3 78  7  0  0
15  6   1792 80552668 2545592 93487572    0    0 493232 445040 129134 443054 11  3 78  7  0  0
 6 14   1792 80548844 2545592 93490048    0    0 497936 456444 129286 446257 11  3 78  7  0  0
14  7   1792 80547100 2545592 93492448    0    0 508160 453200 131183 455769 11  3 78  7  0  0
 8 13   1792 80542272 2545592 93495056    0    0 499088 446600 130031 447683 11  3 78  7  0  0
10 12   1792 80539576 2545592 93497512    0    0 496320 458800 130502 447368 11  3 78  7  0  0
18  9   1792 80538112 2545592 93500056    0    0 501968 447624 130434 447107 11  3 78  7  0  0
24  7   1792 80531844 2545592 93502576    0    0 495104 445000 129379 446771 11  3 78  7  0  0
14  7   1792 80534676 2545592 93505084    0    0 501856 470052 131891 456854 11  3 78  8  0  0
10 11   1792 80530192 2545592 93507592    0    0 501696 455420 129923 449993 11  3 78  7  0  0
 6 14   1792 80524860 2545592 93510136    0    0 506416 453828 130690 452934 11  3 78  7  0  0
12 10   1792 80522380 2545592 93512536    0    0 500352 449784 130503 453191 11  3 78  7  0  0
13  9   1792 80514200 2545592 93515100    0    0 499488 458084 129391 444623 11  3 78  7  0  0
 8 14   1792 80514028 2545592 93517604    0    0 497008 453080 130921 448296 11  3 78  7  0  0
20  4   1792 80511908 2545592 93520064    0    0 494608 459912 131703 446160 11  3 78  7  0  0
13  9   1792 80511664 2545592 93522536    0    0 500576 450116 130034 447485 11  3 79  7  0  0
 9 12   1792 80508532 2545592 93525028    0    0 499488 446940 129789 448833 11  3 79  7  0  0
13 10   1792 80505456 2545592 93527496    0    0 496688 447276 129907 445982 11  3 78  7  0  0
19  5   1792 80509092 2545592 93529916    0    0 495024 443700 128557 441932 11  3 78  7  0  0
procs -----------memory---------- ---swap-- -----io---- -system-- -------cpu-------
 r  b   swpd   free   buff  cache   si   so    bi    bo   in   cs us sy id wa st gu
11 10   1792 80508672 2545592 93532408    0    0 498192 457864 129091 445016 11  3 78  7  0  0
11 10   1792 80505088 2545592 93534856    0    0 499600 448348 129009 445368 11  3 78  7  0  0
 7 14   1792 80503220 2545592 93537464    0    0 501008 454144 129983 451453 11  3 78  7  0  0
14  8   1792 80500888 2545592 93539852    0    0 491792 448572 127202 440311 11  3 78  8  0  0
12 12   1792 80493324 2545592 93542388    0    0 485856 431864 125416 438004 11  3 79  8  0  0
 6 14   1792 80493264 2545592 93544844    0    0 491104 431348 126153 441411 11  3 79  8  0  0
10 11   1792 80487844 2545592 93547252    0    0 500512 454448 130097 449555 11  3 78  8  0  0
19  3   1792 80488900 2545592 93549740    0    0 499936 453284 130467 450115 11  3 78  7  0  0
15  8   1792 80483960 2545592 93552184    0    0 503648 465424 130814 448726 11  3 78  8  0  0
13  8   1792 80482404 2545592 93554780    0    0 495024 453812 129748 449589 11  3 78  7  0  0
10 11   1792 80480168 2545592 93557204    0    0 496320 450896 130033 446106 11  3 78  7  0  0
11 10   1792 80478112 2545592 93559796    0    0 500656 451176 130287 448874 11  3 78  7  0  0
11  9   1792 80474648 2545592 93562220    0    0 502224 459972 131499 454369 11  3 78  7  0  0
20  9   1792 80477488 2545592 93564768    0    0 494800 449332 128917 444101 11  3 78  7  0  0
 9 11   1792 80471996 2545592 93567260    0    0 502656 461684 130165 451456 11  3 79  7  0  0
18  7   1792 80475172 2545592 93569756    0    0 500320 453356 129505 450127 11  3 78  7  0  0
19  5   1792 80473048 2545596 93572292    0    0 498816 450800 130487 447379 11  3 78  7  0  0
13  9   1792 80471876 2545596 93574788    0    0 506640 450324 130079 447397 11  3 78  7  0  0
13  9   1792 80470220 2545596 93577296    0    0 500352 463008 130310 449076 11  3 78  7  0  0
12  9   1792 80470684 2545596 93579812    0    0 501344 459932 130100 449494 11  3 78  7  0  0
15  6   1792 80467148 2545596 93582248    0    0 498112 433312 129752 448125 11  3 78  7  0  0
procs -----------memory---------- ---swap-- -----io---- -system-- -------cpu-------
 r  b   swpd   free   buff  cache   si   so    bi    bo   in   cs us sy id wa st gu
11  9   1792 80460460 2545596 93584780    0    0 498288 449840 128955 445551 11  3 78  7  0  0
12 10   1792 80460636 2545596 93587280    0    0 505984 451488 130786 451435 11  3 78  8  0  0
 7 13   1792 80457408 2545596 93589776    0    0 497728 461152 130648 452088 11  3 78  7  0  0
12  8   1792 80453564 2545596 93592264    0    0 503280 440068 129648 448042 11  3 78  7  0  0
 6 13   1792 80447452 2545596 93594720    0    0 498992 452720 129815 447021 11  3 78  7  0  0
 6 14   1792 80446916 2545596 93597248    0    0 498144 439840 128637 445176 11  3 79  7  0  0
 8 12   1792 80450656 2545596 93599740    0    0 502288 448184 131375 456294 11  3 78  7  0  0
12  9   1792 80445772 2545596 93602084    0    0 497536 454596 130708 449484 11  3 78  7  0  0
 4  7   1792 80442008 2545596 93604500    0    0 486368 441908 127239 438090 11  3 78  8  0  0
15  4   1792 80435896 2545596 93607116    0    0 489296 443216 127699 441023 11  3 78  8  0  0
16  3   1792 80429312 2545596 93609448    0    0 487008 434240 126548 439152 11  3 78  8  0  0
10  7   1792 80432844 2545596 93611916    0    0 493952 441748 129045 442975 11  3 78  8  0  0
12  5   1792 80428488 2545596 93614484    0    0 494176 465628 129956 444444 11  3 79  7  0  0
16  6   1792 80422204 2545596 93617036    0    0 505184 452620 131651 455779 11  3 78  8  0  0
18  4   1792 80422728 2545596 93619444    0    0 497264 455724 130694 447264 11  3 78  7  0  0
14  7   1792 80417344 2545596 93621876    0    0 507136 450904 130657 451093 11  3 78  7  0  0
14  5   1792 80415564 2545596 93624480    0    0 498864 453760 131162 450920 11  3 78  7  0  0
 4  3   1792 80411360 2545596 93626980    0    0 506288 446860 131362 453161 11  3 78  8  0  0
 2  7   1792 80410448 2545596 93629536    0    0 499200 453492 130672 450379 11  3 78  7  0  0
24 11   1792 80410580 2545596 93632044    0    0 495968 465104 130211 448294 11  3 79  7  0  0
18  8   1792 80402408 2545596 93634528    0    0 508304 457508 131699 456474 11  3 78  8  0  0
procs -----------memory---------- ---swap-- -----io---- -system-- -------cpu-------
 r  b   swpd   free   buff  cache   si   so    bi    bo   in   cs us sy id wa st gu
12  3   1792 80407932 2545596 93637056    0    0 499376 453140 129910 449695 11  3 79  7  0  0
12  8   1792 80405704 2545596 93639596    0    0 507648 453360 130908 452344 11  3 78  8  0  0
18  3   1792 80403088 2545596 93642104    0    0 502544 460880 131689 449612 11  3 78  7  0  0
13  2   1792 80397500 2545596 93644628    0    0 496992 453928 130475 448708 11  3 79  7  0  0
 7  3   1792 80394768 2545596 93646984    0    0 495104 433084 129290 444462 11  3 78  7  0  0
18  3   1792 80393112 2545596 93649584    0    0 499264 454632 130370 449954 11  3 78  7  0  0
 8  3   1792 80393216 2545596 93652084    0    0 500016 467900 131499 451530 11  3 78  8  0  0
 6  0   1792 80389860 2545596 93654480    0    0 496800 446096 130464 451001 11  3 78  7  0  0
11  6   1792 80388708 2545596 93657020    0    0 494208 452800 130069 443930 11  3 78  7  0  0
 8 10   1792 80385236 2545596 93659520    0    0 497680 455272 130762 450452 11  3 78  7  0  0
 7  1   1792 80379444 2545596 93661860    0    0 486448 440096 127739 441373 11  3 78  8  0  0
11  7   1792 80372544 2545596 93664420    0    0 486032 437608 126013 439822 10  3 79  8  0  0
10  7   1792 80368080 2545596 93666736    0    0 489344 450152 126745 439272 11  3 79  8  0  0
19  0   1792 80366040 2545596 93669260    0    0 478192 441164 125342 433365 11  3 78  8  0  0
14  0   1792 80365340 2545596 93671656    0    0 486160 431332 126395 434320 11  3 78  8  0  0
11  7   1792 80364248 2545596 93674168    0    0 485376 437112 126712 436555 11  3 78  8  0  0
10  9   1792 80366752 2545596 93676520    0    0 494368 450180 129854 445556 11  3 78  8  0  0
 5  3   1792 80366064 2545596 93678968    0    0 493184 457204 130623 446940 11  3 78  7  0  0
11  8   1792 80358924 2545596 93681380    0    0 498528 447556 131112 451957 11  3 78  7  0  0
 9  9   1792 80354664 2545596 93684024    0    0 492864 456260 130433 447131 11  3 78  7  0  0
10  8   1792 80357120 2545596 93686520    0    0 496608 453296 130039 448195 11  3 78  7  0  0
procs -----------memory---------- ---swap-- -----io---- -system-- -------cpu-------
 r  b   swpd   free   buff  cache   si   so    bi    bo   in   cs us sy id wa st gu
 9 10   1792 80358020 2545596 93689012    0    0 506208 453852 130818 453159 11  3 78  7  0  0
17  1   1792 80352416 2545596 93691520    0    0 500656 460676 131855 453889 11  3 78  7  0  0
 8  2   1792 80348148 2545596 93693912    0    0 492048 461268 129979 441316 11  3 79  7  0  0
13  6   1792 80344520 2545596 93696492    0    0 499200 450452 131184 450803 11  3 78  7  0  0
12  6   1792 80337552 2545596 93699028    0    0 497472 456672 131719 451286 11  3 78  7  0  0
 6  1   1792 80339376 2545596 93701404    0    0 496976 442932 130249 446781 11  3 78  7  0  0
10  9   1792 80333100 2545596 93703992    0    0 498448 452816 130760 446557 11  3 78  7  0  0
10  8   1792 80331540 2545596 93706444    0    0 499536 449884 129627 448605 11  3 79  7  0  0
16  4   1792 80332648 2545596 93708836    0    0 493936 467040 130608 444614 11  3 78  7  0  0
12  7   1792 80324268 2545596 93711412    0    0 501184 443736 129789 447056 11  3 78  7  0  0
 8 10   1792 80321152 2545596 93713928    0    0 496048 455780 130574 450967 11  3 78  7  0  0
 8 10   1792 80321092 2545596 93716408    0    0 490640 461804 128960 442100 11  3 78  7  0  0
13  6   1792 80315696 2545596 93718732    0    0 495120 438404 129307 448534 11  3 78  7  0  0
12  6   1792 80313864 2545596 93721388    0    0 497488 462340 129463 448720 11  3 78  7  0  0
11  2   1792 80308276 2545596 93723884    0    0 499888 455152 131102 451994 11  3 78  8  0  0
15  5   1792 80303152 2545596 93726288    0    0 491936 437468 127155 438783 11  3 78  8  0  0
 3  2   1792 80306016 2545596 93728672    0    0 485024 444172 126688 436348 11  3 78  8  0  0
14  5   1792 80308088 2545596 93731160    0    0 484384 444760 126266 436842 11  3 78  8  0  0
15  4   1792 80304736 2545596 93733580    0    0 483344 427960 125820 433572 11  3 78  8  0  0
 3  4   1792 80303572 2545596 93736060    0    0 491296 441420 127464 442540 11  3 78  8  0  0
15  7   1792 80298196 2545596 93738480    0    0 485632 442388 127186 435886 11  3 78  8  0  0
procs -----------memory---------- ---swap-- -----io---- -system-- -------cpu-------
 r  b   swpd   free   buff  cache   si   so    bi    bo   in   cs us sy id wa st gu
14  4   1792 80290692 2545596 93740740    0    0 498048 463548 130061 447307 11  3 79  7  0  0
12  6   1792 80291916 2545596 93743408    0    0 502144 448984 129972 447224 11  3 78  7  0  0
12  9   1792 80286824 2545596 93745852    0    0 496048 447960 129098 440804 11  3 78  7  0  0
11  7   1792 80283988 2545596 93748448    0    0 500016 440028 127619 445627 11  3 78  7  0  0
15  5   1792 80279920 2545596 93750964    0    0 505584 436136 127321 445788 11  3 78  7  0  0
 7 11   1792 80278908 2545596 93753468    0    0 501552 447412 127764 440428 11  3 78  7  0  0
11  8   1792 80279344 2545596 93755936    0    0 500512 454868 128668 443498 11  3 78  7  0  0
18  4   1792 80276964 2545596 93758376    0    0 499232 447900 129521 447749 11  3 78  7  0  0
10  9   1792 80274140 2545596 93760984    0    0 505392 447568 130417 449497 11  3 78  7  0  0
 9  8   1792 80272800 2545596 93763496    0    0 501520 455656 130924 456557 11  3 78  7  0  0
 4  0   1792 80267704 2545596 93765988    0    0 506944 451400 131222 455206 11  3 78  7  0  0
17  4   1792 80273592 2545596 93768656    0    0 500512 463132 131443 451359 11  3 79  7  0  0
15  4   1792 80272940 2545596 93771184    0    0 498592 444424 129886 448572 11  3 78  7  0  0
 9  0   1792 80270236 2545596 93773748    0    0 497648 458448 131091 446943 11  3 78  7  0  0
13  5   1792 80263428 2545596 93776204    0    0 494240 452840 129938 444964 11  3 78  7  0  0
16  2   1792 80261876 2545596 93778704    0    0 503776 443248 130696 450523 11  3 78  7  0  0
 9  8   1792 80259380 2545596 93781188    0    0 494592 458552 130906 447265 11  3 78  7  0  0
 8  9   1792 80258380 2545596 93783684    0    0 502976 454436 131350 454534 11  3 78  8  0  0
13  5   1792 80251304 2545596 93786116    0    0 494896 454236 130574 444867 11  3 78  7  0  0
14  6   1792 80247060 2545596 93788580    0    0 492896 450412 129152 443071 11  3 78  8  0  0
11  7   1792 80244484 2545596 93790956    0    0 490912 438952 127453 441152 11  3 78  8  0  0
procs -----------memory---------- ---swap-- -----io---- -system-- -------cpu-------
 r  b   swpd   free   buff  cache   si   so    bi    bo   in   cs us sy id wa st gu
16  3   1792 80239672 2545596 93793440    0    0 481488 439860 126567 435470 11  3 78  8  0  0
11  8   1792 80238336 2545596 93795888    0    0 476304 436076 124082 429102 10  3 79  8  0  0
 4  3   1792 80234360 2545596 93798248    0    0 500720 443476 128164 446212 11  3 78  8  0  0
10  7   1792 80231708 2545596 93800780    0    0 487904 441644 127400 439816 11  3 78  8  0  0
10  7   1792 80230508 2545596 93803300    0    0 492432 453924 129479 446604 11  3 78  7  0  0
11  8   1792 80227912 2545596 93805832    0    0 500880 447700 130044 447096 11  3 78  7  0  0
18  2   1792 80223064 2545596 93808296    0    0 497824 455012 130328 449154 11  3 78  7  0  0
 7 10   1792 80225668 2545596 93810804    0    0 495200 462428 131300 446909 11  3 78  7  0  0
14  5   1792 80221356 2545596 93813280    0    0 499792 443768 130619 448680 11  3 78  7  0  0
10  8   1792 80216820 2545596 93815796    0    0 502864 463888 131360 451487 11  3 78  8  0  0
13  6   1792 80212348 2545596 93818104    0    0 504240 453952 130673 449774 11  3 78  8  0  0
12  7   1792 80209648 2545596 93820788    0    0 496592 451332 130168 446373 11  3 79  7  0  0
 9  2   1792 80210528 2545596 93823312    0    0 503792 460588 131000 453749 11  3 78  7  0  0
15  6   1792 80206852 2545596 93825740    0    0 498144 445360 129372 445629 11  3 78  7  0  0
 3  2   1792 80205388 2545596 93828284    0    0 498272 452376 131151 450628 11  3 78  7  0  0
11  9   1792 80205712 2545596 93830744    0    0 498112 456736 131409 447760 11  3 78  7  0  0
11  7   1792 80200672 2545596 93833296    0    0 503072 441432 128694 448882 11  3 78  7  0  0
14  3   1792 80196252 2545596 93835776    0    0 498432 462988 130623 449309 11  3 78  7  0  0
10  9   1792 80193556 2545596 93838248    0    0 500032 451024 131059 452090 11  3 78  7  0  0
13  3   1792 80197676 2545596 93840724    0    0 501600 455464 131241 455253 11  3 78  7  0  0
12  6   1792 80194904 2545596 93843236    0    0 496480 454056 130016 451038 11  3 78  7  0  0
procs -----------memory---------- ---swap-- -----io---- -system-- -------cpu-------
 r  b   swpd   free   buff  cache   si   so    bi    bo   in   cs us sy id wa st gu
 9  9   1792 80189616 2545596 93845652    0    0 501008 452972 129520 449589 11  3 79  7  0  0
 6  0   1792 80186320 2545596 93848304    0    0 505296 445504 130778 455010 11  3 78  8  0  0
 7  1   1792 80181724 2545596 93850804    0    0 499568 463320 129640 445891 11  3 78  7  0  0
12  6   1792 80179384 2545596 93853204    0    0 493648 434376 126672 440924 11  3 78  8  0  0
13  5   1792 80175008 2545596 93855684    0    0 488416 438912 126824 440398 11  3 78  8  0  0
13  5   1792 80172260 2545596 93858140    0    0 495520 438280 126238 441369 11  3 78  8  0  0
 9  8   1792 80168168 2545596 93860632    0    0 491968 461808 127543 437798 11  3 79  8  0  0
13  5   1792 80162576 2545596 93863120    0    0 490176 426640 126208 439358 11  3 78  8  0  0
10  8   1792 80164708 2545596 93865480    0    0 484992 445432 126713 435459 11  3 79  8  0  0
11  8   1792 80166632 2545596 93868052    0    0 499872 440524 129059 448827 11  3 78  7  0  0
12  8   1792 80167548 2545596 93870516    0    0 500256 447972 129495 446712 11  3 78  7  0  0
15  6   1792 80165328 2545596 93873012    0    0 494080 450800 129933 447416 11  3 78  7  0  0
11  7   1792 80161500 2545596 93875512    0    0 501616 449696 130913 450714 11  3 78  7  0  0
13  7   1792 80164240 2545596 93877940    0    0 500640 452244 131072 453628 11  3 78  7  0  0
 2  4   1792 80160288 2545596 93880456    0    0 494720 464744 130809 447131 11  3 78  7  0  0
 9  9   1792 80159312 2545596 93882936    0    0 498240 444144 130991 450245 11  3 78  7  0  0
13  6   1792 80155608 2545596 93885356    0    0 488688 452768 128819 443212 11  3 78  7  0  0
12  6   1792 80157120 2545596 93887900    0    0 503840 444408 131279 452359 11  3 78  7  0  0
 9  8   1792 80150492 2545596 93890424    0    0 498208 451388 129901 453119 11  3 78  7  0  0
15  4   1792 80151032 2545596 93892920    0    0 500960 453652 131232 451377 11  3 78  7  0  0
13  6   1792 80148512 2545596 93895312    0    0 497520 448624 128998 449028 11  3 78  7  0  0
procs -----------memory---------- ---swap-- -----io---- -system-- -------cpu-------
 r  b   swpd   free   buff  cache   si   so    bi    bo   in   cs us sy id wa st gu
 8  1   1792 80142776 2545596 93897872    0    0 494320 462716 130154 447155 11  3 78  7  0  0
17  4   1792 80146420 2545596 93900292    0    0 501168 458076 130039 448312 11  3 78  7  0  0
15  4   1792 80149448 2545596 93902872    0    0 502288 457384 130934 450175 11  3 78  7  0  0
19  0   1792 80147112 2545596 93905372    0    0 498192 459124 131618 452045 11  3 78  7  0  0
11  8   1792 80142760 2545596 93907796    0    0 500896 453928 132304 450378 11  3 78  7  0  0
11  7   1792 80139604 2545596 93910364    0    0 500016 453168 131134 449862 11  3 78  7  0  0
 9  9   1792 80137140 2545596 93912888    0    0 497936 461964 130730 447306 11  3 78  7  0  0
12  8   1792 80133560 2545596 93915420    0    0 496416 454696 129559 449990 11  3 78  7  0  0
11  9   1792 80132780 2545596 93917720    0    0 480624 444732 126667 434879 11  3 78  8  0  0
12  7   1792 80133236 2545596 93920124    0    0 490448 434688 128005 443247 11  3 78  8  0  0
15  3   1792 80126896 2545596 93922692    0    0 486208 449504 127423 439290 11  3 78  8  0  0
10  8   1792 80123540 2545596 93925148    0    0 496176 435968 128083 444320 11  3 78  8  0  0
10  9   1792 80124680 2545596 93927432    0    0 479632 445436 125733 434213 11  3 79  8  0  0
11  7   1792 80116288 2545596 93930028    0    0 486432 441936 127433 437787 11  3 78  8  0  0
14  5   1792 80114624 2545596 93932520    0    0 497056 444408 129863 447794 11  3 78  8  0  0
12  7   1792 80107872 2545596 93934980    0    0 502176 464572 132008 453111 11  3 78  7  0  0
13  5   1792 80106076 2545596 93937528    0    0 505136 440284 130496 448442 11  3 78  7  0  0
 7  0   1792 80105528 2545596 93939972    0    0 501408 458548 130523 449386 11  3 78  7  0  0
 6  2   1792 80104600 2545596 93942536    0    0 506080 456252 131783 450097 11  3 78  8  0  0
12  6   1792 80101824 2545596 93945060    0    0 503440 449476 130128 449986 11  3 78  7  0  0
10  9   1792 80101172 2545596 93947488    0    0 502320 465868 130813 450604 11  3 78  7  0  0
procs -----------memory---------- ---swap-- -----io---- -system-- -------cpu-------
 r  b   swpd   free   buff  cache   si   so    bi    bo   in   cs us sy id wa st gu
13  5   1792 80095636 2545596 93950036    0    0 502112 455568 130525 450512 11  3 78  7  0  0
 6  1   1792 80093016 2545596 93952548    0    0 505328 447972 130024 453455 11  3 78  8  0  0
 8  1   1792 80087528 2545596 93955104    0    0 504544 457740 131392 451520 11  3 78  7  0  0
10  9   1792 80085892 2545596 93957600    0    0 501520 461464 131272 450580 11  3 78  7  0  0
15  4   1792 80081872 2545596 93960132    0    0 512608 459980 132085 458005 11  3 78  8  0  0
13  6   1792 80078880 2545596 93962680    0    0 501568 452540 130251 449765 11  3 78  7  0  0
12  4   1792 80077908 2545596 93965044    0    0 503888 454416 130349 454081 11  3 78  8  0  0
15  4   1792 80070244 2545596 93967680    0    0 509248 453644 130786 453204 11  3 79  8  0  0
12  8   1792 80074044 2545596 93970236    0    0 512256 448988 131287 455237 11  3 78  8  0  0
14  5   1792 80070388 2545596 93972748    0    0 499856 460772 130938 450642 11  3 78  7  0  0
13  7   1792 80067368 2545596 93975200    0    0 500432 452544 129810 450981 11  3 79  7  0  0
13  7   1792 80064660 2545596 93977796    0    0 498464 447884 128946 446841 11  3 78  8  0  0
11  8   1792 80062128 2545596 93980176    0    0 485728 439892 126027 437132 11  3 79  8  0  0
10  8   1792 80060184 2545596 93982536    0    0 486880 438564 125979 433978 11  3 79  8  0  0
14  3   1792 80060476 2545596 93985096    0    0 491120 445812 126609 440132 11  3 78  8  0  0
 6 12   1792 80055996 2545596 93987492    0    0 489248 441860 126604 440030 11  3 78  8  0  0
13  7   1792 80052260 2545596 93989988    0    0 493680 434892 126492 436743 11  3 78  8  0  0
17  3   1792 80047440 2545596 93992376    0    0 481696 443464 125012 433105 11  3 79  8  0  0
 7  2   1792 80049312 2545596 93994840    0    0 502976 446756 129860 450680 11  3 78  8  0  0
13  5   1792 80046992 2545596 93997364    0    0 502320 461292 130165 449362 11  3 78  7  0  0
 8 11   1792 80041268 2545596 93999832    0    0 500544 453092 130794 451314 11  3 78  7  0  0
procs -----------memory---------- ---swap-- -----io---- -system-- -------cpu-------
 r  b   swpd   free   buff  cache   si   so    bi    bo   in   cs us sy id wa st gu
 8 10   1792 80039884 2545596 94002436    0    0 500192 462752 129693 445141 11  3 79  7  0  0
13  5   1792 80033916 2545596 94004944    0    0 501808 453476 129828 452630 11  3 78  7  0  0
13  5   1792 80028772 2545596 94007448    0    0 503936 449384 130113 448505 11  3 78  8  0  0
 5  1   1792 80029592 2545596 94009896    0    0 499520 458664 129930 445009 11  3 79  7  0  0
13  6   1792 80028188 2545596 94012344    0    0 503728 454672 130782 451602 11  3 78  7  0  0
 3  1   1792 80025052 2545596 94014940    0    0 502288 446188 129250 448176 11  3 78  7  0  0
15  5   1792 80022900 2545596 94017396    0    0 507328 449620 129868 452490 11  3 78  7  0  0
11  0   1792 80019224 2545596 94019912    0    0 500016 459156 128708 450919 11  3 78  7  0  0
13  6   1792 80019580 2545596 94022476    0    0 503456 458532 129729 451360 11  3 78  7  0  0
12  5   1792 80021024 2545596 94024988    0    0 507936 454460 131345 455210 11  3 78  8  0  0
13  6   1792 80017340 2545596 94027340    0    0 503136 456972 130405 449179 11  3 78  7  0  0
11  7   1792 80016480 2545596 94029968    0    0 503152 458536 131610 452347 11  3 78  7  0  0
10  8   1792 80012368 2545596 94032444    0    0 492096 458096 130155 444651 11  3 78  7  0  0
15  3   1792 80008300 2545596 94034804    0    0 492752 453532 129526 449360 11  3 79  7  0  0
12  7   1792 80002016 2545596 94037404    0    0 498944 449356 130144 447871 11  3 78  7  0  0
15  3   1792 80010024 2545596 94039744    0    0 490720 453268 129677 442666 11  3 78  7  0  0
 9 10   1792 80009440 2545596 94042296    0    0 490016 437288 127084 438654 11  3 78  8  0  0
15  5   1792 80005228 2545596 94044696    0    0 480064 448596 126434 436450 11  3 78  8  0  0
13  6   1792 80000824 2545596 94047124    0    0 484896 434376 126209 436693 11  3 78  8  0  0
15  4   1792 79987636 2545596 94049544    0    0 478800 444156 132068 438437 11  4 78  8  0  0
15  4   1792 79963700 2545596 94052044    0    0 482128 431432 131583 439376 11  3 78  8  0  0
procs -----------memory---------- ---swap-- -----io---- -system-- -------cpu-------
 r  b   swpd   free   buff  cache   si   so    bi    bo   in   cs us sy id wa st gu
10  8   1792 79963936 2545596 94054428    0    0 484016 438036 126394 437327 11  3 78  8  0  0
13  6   1792 79961528 2545596 94056908    0    0 492544 445600 129028 445276 11  3 78  8  0  0
15  4   1792 79960124 2545596 94059356    0    0 498816 456840 130976 448015 11  3 78  7  0  0
 8 10   1792 79958468 2545596 94061928    0    0 497376 456888 130664 446310 11  3 79  7  0  0
13  5   1792 79953916 2545596 94064320    0    0 510928 447884 131013 452648 11  3 78  8  0  0
15  4   1792 79952032 2545596 94066964    0    0 499840 457668 130057 448476 11  3 78  7  0  0
12  7   1792 79955456 2545596 94069476    0    0 500080 446128 129657 448197 11  3 78  7  0  0
10 10   1792 79950952 2545596 94071996    0    0 503920 441760 128287 449562 11  3 78  7  0  0
15  5   1792 79948760 2545596 94074504    0    0 499296 462436 131141 449990 11  3 78  7  0  0
11  7   1792 79936472 2545596 94077044    0    0 508368 449900 132377 452869 11  3 78  8  0  0
14  0   1792 79937612 2545596 94079524    0    0 504656 457880 130719 454537 11  3 78  7  0  0
12  6   1792 79942292 2545596 94082080    0    0 498080 455296 129639 448773 11  3 79  7  0  0
 9  9   1792 79943880 2545596 94084656    0    0 507200 453904 130832 451268 11  3 78  7  0  0
10  7   1792 79942040 2545596 94087140    0    0 500304 449208 130161 452989 11  3 78  7  0  0
12  7   1792 79940340 2545596 94089544    0    0 500000 442656 128677 447802 11  3 78  7  0  0
 5  2   1792 79935500 2545596 94092176    0    0 500160 456936 130894 450430 11  3 78  7  0  0
12  6   1792 79931172 2545596 94094644    0    0 498368 461696 130433 447352 11  3 78  7  0  0
13  6   1792 79926392 2545596 94097168    0    0 506368 442116 130587 455602 11  3 78  8  0  0
12  6   1792 79923392 2545596 94099484    0    0 496656 466476 130223 446233 11  3 78  7  0  0
10  8   1792 79918036 2545596 94102024    0    0 504688 444392 129943 453503 11  3 78  8  0  0
12  6   1792 79918012 2545596 94104492    0    0 493648 445124 128497 445075 11  3 78  7  0  0
procs -----------memory---------- ---swap-- -----io---- -system-- -------cpu-------
 r  b   swpd   free   buff  cache   si   so    bi    bo   in   cs us sy id wa st gu
12  6   1792 79915720 2545596 94107044    0    0 487200 432540 125493 437905 11  3 78  8  0  0
11  7   1792 79916212 2545596 94109488    0    0 484464 437156 124666 431395 10  3 79  8  0  0
11  6   1792 79916980 2545596 94111884    0    0 489296 430524 124559 432497 11  3 78  8  0  0
12  6   1792 79916168 2545600 94114304    0    0 481440 438536 124499 431048 11  3 78  8  0  0
14  6   1792 79912200 2545600 94116740    0    0 485152 442360 127361 438123 11  3 78  8  0  0
 9  9   1792 79912668 2545600 94119168    0    0 484656 443020 125238 433061 11  3 79  8  0  0
13  6   1792 79909756 2545600 94121656    0    0 504832 459180 130741 449247 11  3 78  8  0  0
 9  9   1792 79907468 2545600 94124168    0    0 503008 454856 131117 453959 11  3 78  7  0  0
11  8   1792 79904420 2545600 94126768    0    0 512960 448244 130990 456426 11  3 78  8  0  0
 6  5   1792 79900824 2545600 94129184    0    0 497184 455204 130131 448446 11  3 78  7  0  0
12  7   1792 79900228 2545600 94131744    0    0 500512 453716 130749 452046 11  3 78  7  0  0
12  7   1792 79895032 2545600 94134212    0    0 498784 458636 129678 451590 11  3 79  7  0  0
 7 11   1792 79889512 2545600 94136636    0    0 502288 453880 130583 454654 11  3 79  7  0  0
 4  2   1792 79887988 2545600 94139100    0    0 504144 457048 130237 450232 11  3 78  7  0  0
13  6   1792 79891968 2545600 94141756    0    0 506832 454788 131072 451913 11  3 78  7  0  0
13  5   1792 79890448 2545600 94144264    0    0 501232 451564 129579 449177 11  3 78  7  0  0
 3  1   1792 79883328 2545600 94146776    0    0 504992 459540 130792 451240 11  3 78  8  0  0
10  3   1792 79882480 2545600 94149268    0    0 498544 464236 130609 446195 11  3 79  7  0  0
10  8   1792 79879340 2545600 94151744    0    0 503152 439152 130054 448827 11  3 78  7  0  0
 9  7   1792 79873916 2545600 94154236    0    0 500272 455644 130271 448799 11  3 78  7  0  0
 4  0   1792 79870456 2545600 94156796    0    0 503344 449896 130318 453535 11  3 78  7  0  0
procs -----------memory---------- ---swap-- -----io---- -system-- -------cpu-------
 r  b   swpd   free   buff  cache   si   so    bi    bo   in   cs us sy id wa st gu
11  9   1792 79864860 2545600 94159240    0    0 501456 457216 130696 450679 11  3 78  7  0  0
11  7   1792 79869268 2545600 94161756    0    0 501968 469104 130872 452763 11  3 78  8  0  0
13  5   1792 79865560 2545600 94164348    0    0 506320 447456 129098 451707 11  3 78  8  0  0
 5  1   1792 79864268 2545600 94166916    0    0 502336 456052 129777 450931 11  3 79  8  0  0
 8 11   1792 79869300 2545600 94169416    0    0 498928 444708 128501 446626 11  3 78  8  0  0
11  7   1792 79867704 2545600 94171816    0    0 490048 445600 126414 438435 11  3 79  8  0  0
 5 13   1792 79863136 2545600 94174196    0    0 479856 444292 125543 437236 11  3 78  8  0  0
 8  9   1792 79857212 2545600 94176612    0    0 480976 438544 125310 436206 11  3 78  8  0  0
10  8   1792 79856272 2545600 94178928    0    0 491744 433108 125789 440029 11  3 78  8  0  0
11  7   1792 79861756 2545600 94181564    0    0 488416 437616 126029 435766 11  3 78  8  0  0
11  6   1792 79855824 2545600 94184092    0    0 497776 446484 129317 449999 11  3 78  8  0  0
14  5   1792 79852636 2545600 94186568    0    0 493264 447744 130188 448311 11  3 78  7  0  0
11  9   1792 79849056 2545600 94189052    0    0 496144 456724 130712 447573 11  3 78  7  0  0
10  9   1792 79849384 2545600 94191532    0    0 496448 454728 129986 448658 11  3 78  7  0  0
10  9   1792 79841764 2545600 94194008    0    0 490608 459208 129115 445336 11  3 79  7  0  0
12  5   1792 79839804 2545600 94196400    0    0 502352 440092 129420 449457 11  3 78  7  0  0
11  9   1792 79838508 2545600 94198944    0    0 503408 453248 129675 449369 11  3 78  7  0  0
 8 10   1792 79835260 2545600 94201444    0    0 503520 446164 129164 451974 11  3 78  7  0  0
12  7   1792 79834312 2545600 94203864    0    0 495440 464640 130465 446024 11  3 78  7  0  0
13  9   1792 79830808 2545600 94206468    0    0 500656 450452 130710 450399 11  3 78  7  0  0
14  4   1792 79828780 2545600 94208952    0    0 497808 448692 130589 449720 11  3 78  7  0  0
procs -----------memory---------- ---swap-- -----io---- -system-- -------cpu-------
 r  b   swpd   free   buff  cache   si   so    bi    bo   in   cs us sy id wa st gu
12  6   1792 79826312 2545600 94211484    0    0 504096 453860 130461 449951 11  3 78  7  0  0
11  7   1792 79820900 2545600 94214032    0    0 501488 454864 130898 448326 11  3 78  7  0  0
 6  1   1792 79819792 2545600 94216596    0    0 509472 454532 131569 455671 11  3 78  8  0  0
 4  0   1792 79819312 2545600 94219020    0    0 499104 466416 130774 447821 11  3 78  7  0  0
11  8   1792 79814180 2545600 94221604    0    0 506032 448392 129930 451398 11  3 78  8  0  0
13  6   1792 79812728 2545600 94224076    0    0 503792 447572 129633 448225 11  3 78  7  0  0
15  5   1792 79810928 2545600 94226600    0    0 505120 453428 130643 450404 11  3 78  8  0  0
14  6   1792 79808524 2545600 94229052    0    0 495152 449180 130107 444863 11  3 78  7  0  0
 9  9   1792 79807812 2545600 94231480    0    0 496976 455780 128948 445785 11  3 78  7  0  0
10  9   1792 79805364 2545600 94234024    0    0 482448 442908 125821 435132 11  3 78  8  0  0
10  3   1792 79805096 2545600 94236368    0    0 485520 443804 125686 433487 11  3 79  8  0  0
13  5   1792 79801276 2545600 94238836    0    0 481712 433564 126504 432835 11  3 78  8  0  0
 9 11   1792 79795512 2545600 94241164    0    0 480976 444344 125595 433877 11  3 78  8  0  0
12  6   1792 79793208 2545600 94243704    0    0 490528 433676 127503 439524 11  3 78  8  0  0
15  4   1792 79788156 2545600 94246132    0    0 485408 444632 126854 435500 11  3 78  8  0  0
10  7   1792 79784708 2545600 94248596    0    0 499920 451076 129874 449329 11  3 79  7  0  0
12  6   1792 79781940 2545600 94251148    0    0 504080 460744 131702 453048 11  3 78  7  0  0
11  7   1792 79784920 2545600 94253592    0    0 506752 447072 131175 451043 11  3 78  8  0  0
11  6   1792 79779844 2545600 94256016    0    0 502400 454636 129971 451043 11  3 78  7  0  0
 8 10   1792 79777652 2545600 94258560    0    0 497728 461424 130072 450253 11  3 78  7  0  0
14  6   1792 79773056 2545600 94261200    0    0 503616 452628 130359 449973 11  3 78  7  0  0
procs -----------memory---------- ---swap-- -----io---- -system-- -------cpu-------
 r  b   swpd   free   buff  cache   si   so    bi    bo   in   cs us sy id wa st gu
16  3   1792 79771952 2545600 94263728    0    0 504272 462776 130274 449613 11  3 78  8  0  0
13  6   1792 79769412 2545600 94266240    0    0 515056 446748 130174 457389 11  3 78  8  0  0
14  5   1792 79771116 2545600 94268668    0    0 505840 463712 130751 454310 11  3 78  7  0  0
 7  0   1792 79769244 2545600 94271336    0    0 500496 459544 129843 449760 11  3 78  7  0  0
15  9   1792 79767004 2545600 94273848    0    0 498624 444060 129688 446823 11  3 78  7  0  0
13  5   1792 79765348 2545600 94276344    0    0 501184 460112 130184 448887 11  3 78  7  0  0
12  6   1792 79761284 2545600 94278872    0    0 502992 448080 130644 449577 11  3 78  7  0  0
12  6   1792 79755684 2545600 94281392    0    0 501728 457136 130452 452205 11  3 78  7  0  0
19  5   1792 79751424 2545600 94283784    0    0 501360 462868 129493 448050 11  3 78  7  0  0
 9  7   1792 79751208 2545600 94286260    0    0 506704 446860 130242 453072 11  3 78  8  0  0
12  6   1792 79750424 2545600 94288840    0    0 497136 452984 130418 446298 11  3 78  7  0  0
12  8   1792 79751748 2545600 94291200    0    0 499280 465496 130490 446650 11  3 78  7  0  0
14  5   1792 79743400 2545600 94293912    0    0 502688 442852 129591 450841 11  3 78  8  0  0
17  2   1792 79742144 2545600 94296108    0    0 479168 442000 124906 428774 11  3 78  8  0  0
17  2   1792 79737720 2545600 94298736    0    0 491184 432192 126725 440225 11  3 78  8  0  0
12  7   1792 79734032 2545600 94301156    0    0 486368 443772 126202 436459 11  3 78  8  0  0
16  2   1792 79730132 2545600 94303628    0    0 496352 459152 129186 444758 11  3 78  7  0  0
 8 11   1792 79729860 2545600 94306044    0    0 490064 438292 126713 437143 11  3 78  8  0  0
 5  3   1792 79723492 2545600 94308512    0    0 491904 435172 126576 439898 11  3 78  8  0  0
