procs -----------memory---------- ---swap-- -----io---- -system-- -------cpu-------
 r  b   swpd   free   buff  cache   si   so    bi    bo   in   cs us sy id wa st gu
 5  0  76084 125045300 2254280 50372996   32   41 83849 96858 84273   11 11  2 86  1  0  0
 1  0  76084 125029936 2254280 50373060    0    0     0 320032 95462 54870  1  1 98  0  0  0
93  0  76084 124976224 2254280 50373104    0    0     0 175504 92862 40624 94  2  4  0  0  0
132  0  76084 124926168 2254280 50373124    0    0     0 219316 153758 40627 97  2  1  0  0  0
128  0  76084 124915764 2254280 50373136    0    0     0 213064 92551 40220 98  2  1  0  0  0
110  1  76084 124900208 2254280 50373156    0    0     0 235660 131661 42544 97  2  1  0  0  0
71  4  76084 124889060 2254280 50373176    0    0     0 269360 113977 46007 97  2  1  0  0  0
64 79  76084 124608720 2254280 50373188    0    0 721232 683568 442272 627564 54 18 23  6  0  0
82 59  76084 124505448 2254280 50373224    0    0 1918016 768872 327549 1209055 65 20  4 11  0  0
55 78  76084 124474064 2254280 50373248    0    0 1940384 804548 335557 1257708 62 21  5 12  0  0
77 63  76084 124458604 2254280 50373268    0    0 1875760 862496 320196 1269088 60 20  5 14  0  0
71 68  76084 124453544 2254280 50373304    0    0 1848992 867380 313087 1227125 61 20  5 14  0  0
74 51  76084 124458360 2254280 50373336    0    0 1852000 885616 326978 1247197 59 20  6 15  0  0
101 45  76084 124458444 2254280 50373356    0    0 1856064 910248 314035 1245000 61 19  5 15  0  0
50 90  76084 124475728 2254280 50373376    0    0 1847168 916388 316949 1251468 60 20  5 15  0  0
84 63  76084 124459996 2254280 50373400    0    0 1832160 919132 312942 1225487 61 20  5 14  0  0
52 85  76084 124475356 2254280 50373428    0    0 1732992 930064 307006 1195962 56 19  7 18  0  0
83 78  76084 124470704 2254280 50373456    0    0 1791824 953492 311105 1188041 62 20  5 13  0  0
85 62  76084 124473276 2254280 50373472    0    0 1784080 956884 313607 1208296 60 21  5 14  0  0
79 66  76084 124468236 2254280 50373492    0    0 1775264 957844 311915 1192379 61 20  5 13  0  0
94 48  76084 124443972 2254280 50373516    0    0 1746288 947792 308738 1179066 60 21  5 14  0  0
procs -----------memory---------- ---swap-- -----io---- -system-- -------cpu-------
 r  b   swpd   free   buff  cache   si   so    bi    bo   in   cs us sy id wa st gu
78 63  76084 124445176 2254280 50373540    0    0 1761392 965264 310057 1163378 63 21  5 12  0  0
85 47  76084 124443020 2254280 50373572    0    0 1743296 980700 311969 1169336 61 21  5 13  0  0
66 80  76084 124450548 2254280 50373592    0    0 1722400 1001476 308864 1151861 62 19  5 14  0  0
59 83  76084 124478016 2254280 50373608    0    0 1680560 992736 303720 1135916 58 20  7 14  0  0
79 70  76084 124481124 2254280 50373632    0    0 1656096 976272 299736 1110934 59 19  6 15  0  0
61 80  76084 124477604 2254280 50373660    0    0 1717920 993512 308588 1160687 59 21  6 14  0  0
97 41  76084 124449744 2254280 50373688    0    0 1725664 1000644 309830 1155923 62 20  5 13  0  0
86 58  76084 124434488 2254280 50373712    0    0 1713312 1004320 308482 1156901 60 20  6 14  0  0
51 97  76084 124443516 2254280 50373736    0    0 1713824 992672 305945 1139507 62 20  5 13  0  0
77 65  76084 124445360 2254280 50373756    0    0 1723808 996696 309651 1157835 60 21  5 14  0  0
64 92  76084 124450168 2254280 50373788    0    0 1742896 1002784 310229 1142122 63 21  4 12  0  0
80 67  76084 124450784 2254280 50373812    0    0 1743536 994056 311137 1163252 61 21  5 13  0  0
105 33  76084 124463144 2254280 50373836    0    0 1736848 1001376 311789 1162587 62 20  5 13  0  0
32 116  76084 124460952 2254280 50373852    0    0 1688464 980812 307618 1148939 59 20  6 15  0  0
81 57  76084 124452376 2254280 50373876    0    0 1714304 986704 308160 1144651 62 21  5 13  0  0
81 56  76084 124452968 2254280 50373904    0    0 1734208 993492 311522 1163924 61 21  5 13  0  0
86 50  76084 124430588 2254280 50373928    0    0 1731440 1001504 310344 1152757 62 21  5 12  0  0
83 51  76084 124412524 2254280 50373960    0    0 1732032 1013496 311776 1172770 60 21  5 14  0  0
78 68  76084 124419880 2254280 50373988    0    0 1718240 1011500 309269 1141039 62 21  4 13  0  0
93 41  76084 124420888 2254280 50374012    0    0 1741696 1014752 312893 1167086 61 21  5 13  0  0
62 81  76084 124421696 2254280 50374032    0    0 1737760 1014916 312562 1174786 60 21  5 14  0  0
procs -----------memory---------- ---swap-- -----io---- -system-- -------cpu-------
 r  b   swpd   free   buff  cache   si   so    bi    bo   in   cs us sy id wa st gu
78 56  76084 124429376 2254280 50374060    0    0 1726992 1008976 309074 1141189 62 21  5 13  0  0
43 101  76084 124427484 2254280 50374088    0    0 1691392 1000412 307113 1147955 59 20  6 16  0  0
100 54  76084 124437012 2254280 50374104    0    0 1716976 1000548 309235 1144369 62 19  5 14  0  0
81 75  76084 124430796 2254280 50374124    0    0 1740336 1015604 313362 1167341 61 21  5 13  0  0
67 70  76084 124418932 2254280 50374148    0    0 1741376 1009640 321469 1173394 61 21  5 13  0  0
87 59  76084 124414496 2254280 50374180    0    0 1718016 992276 306390 1126862 62 21  4 12  0  0
56 80  76084 124381540 2254280 50374208    0    0 1717760 1002212 310192 1145091 60 21  5 14  0  0
90 45  76084 124401924 2254280 50374236    0    0 1745392 1015660 311668 1144172 63 21  4 12  0  0
93 52  76084 124386752 2254280 50374256    0    0 1733824 1011792 313748 1169860 61 21  5 13  0  0
89 48  76084 124389416 2254280 50374284    0    0 1721792 1018108 313121 1174021 60 21  6 13  0  0
69 78  76084 124385920 2254280 50374308    0    0 1700144 1005120 307479 1143044 62 20  5 13  0  0
77 70  76084 124384664 2254280 50374332    0    0 1700976 1012732 308263 1149344 59 21  6 14  0  0
80 57  76084 124382020 2254280 50374376    0    0 1726176 1021592 311098 1157431 62 19  5 14  0  0
71 73  76084 124414096 2254280 50374396    0    0 1743664 1026560 314518 1173525 61 21  5 13  0  0
89 45  76084 124418992 2254280 50374420    0    0 1715520 1021152 311419 1168830 59 21  5 14  0  0
98 49  76084 124405956 2254280 50374444    0    0 1714896 1015404 310183 1147072 62 21  4 13  0  0
66 79  76084 124386572 2254280 50374472    0    0 1745504 1020964 313538 1172462 61 21  5 13  0  0
102 40  76084 124385264 2254280 50374496    0    0 1750512 1036188 313156 1153398 63 21  4 11  0  0
46 92  76084 124384672 2254280 50374528    0    0 1731280 1028240 313037 1162610 61 21  5 13  0  0
50 93  76084 124417700 2254280 50374548    0    0 1670224 997032 304350 1119898 60 20  5 15  0  0
99 40  76084 124427272 2254280 50374576    0    0 1696352 1005172 307545 1145753 60 21  6 14  0  0
procs -----------memory---------- ---swap-- -----io---- -system-- -------cpu-------
 r  b   swpd   free   buff  cache   si   so    bi    bo   in   cs us sy id wa st gu
83 75  76084 124401616 2254280 50374600    0    0 1716240 1015092 309846 1138883 62 21  5 13  0  0
97 43  76084 124387720 2254280 50374624    0    0 1747616 1019136 312852 1172863 61 20  5 14  0  0
82 65  76084 124375312 2254280 50374648    0    0 1710928 1005160 306317 1133850 62 19  5 14  0  0
72 76  76084 124381432 2254280 50374668    0    0 1710016 1009752 311217 1157125 60 21  6 14  0  0
85 49  76084 124396832 2254280 50374696    0    0 1733040 1012056 310510 1141559 63 21  4 12  0  0
84 66  76084 124391784 2254280 50374716    0    0 1744944 1026792 315067 1176757 61 21  5 13  0  0
100 47  76084 124403860 2254280 50374748    0    0 1714880 1010316 311835 1166830 59 21  5 14  0  0
82 63  76084 124386228 2254280 50374776    0    0 1678640 990608 306777 1128029 60 20  6 14  0  0
64 68  76084 124354412 2254280 50374792    0    0 1717616 1015352 313400 1161590 61 21  5 14  0  0
66 83  76084 124361460 2254280 50374824    0    0 1742624 1012484 311591 1147331 63 21  4 11  0  0
85 49  76084 124366244 2254280 50374848    0    0 1739216 1021104 313802 1164430 61 21  5 13  0  0
71 80  76084 124376368 2254280 50374872    0    0 1723904 1005768 312494 1162098 60 21  5 14  0  0
92 49  76084 124397164 2254280 50374896    0    0 1729008 1018840 311910 1162789 61 19  5 14  0  0
69 71  76084 124400092 2254280 50374916    0    0 1732080 1018364 313437 1165697 61 21  5 13  0  0
100 53  76084 124383060 2254280 50374944    0    0 1735728 1020228 312110 1148168 62 21  5 12  0  0
67 76  76084 124383108 2254280 50374968    0    0 1727024 1008612 311924 1164451 61 21  5 14  0  0
94 50  76084 124384640 2254280 50374988    0    0 1662848 992332 304346 1117427 60 20  5 14  0  0
84 51  76084 124368628 2254280 50375012    0    0 1700752 1004796 309801 1148959 60 20  7 13  0  0
57 96  76084 124373756 2254280 50375036    0    0 1725392 1025584 308989 1140096 63 20  5 12  0  0
75 77  76084 124378720 2254280 50375060    0    0 1728464 1022904 313136 1169538 60 21  5 13  0  0
66 71  76084 124357212 2254280 50375088    0    0 1710096 1010480 309300 1132979 62 20  5 13  0  0
procs -----------memory---------- ---swap-- -----io---- -system-- -------cpu-------
 r  b   swpd   free   buff  cache   si   so    bi    bo   in   cs us sy id wa st gu
59 78  76084 124364900 2254280 50375116    0    0 1724736 1024156 313159 1162551 60 21  5 13  0  0
69 75  76084 124362856 2254280 50375140    0    0 1728064 1014892 310908 1153547 63 20  4 13  0  0
79 59  76084 124363848 2254280 50375160    0    0 1744192 1016540 313958 1180306 61 20  5 14  0  0
73 67  76084 124358992 2254280 50375180    0    0 1719360 1016256 322560 1139407 63 21  4 12  0  0
76 51  76084 124363688 2254280 50375200    0    0 1681728 997972 320992 1138368 60 21  5 15  0  0
34 119  76084 124370768 2254280 50375224    0    0 1715904 1010508 348536 1135190 63 21  4 12  0  0
88 48  76084 124357276 2254280 50375236    0    0 1727936 1022880 350098 1157766 60 22  5 12  0  0
46 87  76084 124347336 2254280 50375260    0    0 1721392 1013144 328137 1155537 60 22  5 13  0  0
86 59  76084 124345148 2254280 50375284    0    0 1710368 1005648 314360 1134985 62 21  4 12  0  0
97 50  76084 124353376 2254280 50375312    0    0 1725712 1009444 325604 1146036 61 22  5 13  0  0
61 90  76084 124354488 2254280 50375340    0    0 1717808 1015648 313154 1159786 60 22  5 14  0  0
87 58  76084 124361216 2254280 50375368    0    0 1713392 1007868 315193 1132922 63 21  4 12  0  0
59 83  76084 124356060 2254280 50375392    0    0 1688080 1008600 314283 1158014 58 19  6 16  0  0
99 44  76084 124341852 2254280 50375412    0    0 1708944 998368 307583 1121965 63 21  4 13  0  0
61 88  76084 124358900 2254280 50375444    0    0 1733392 1028312 316871 1158138 61 21  5 13  0  0
99 47  76084 124359632 2254280 50375472    0    0 1739264 1017884 318284 1171906 60 22  5 13  0  0
74 78  76084 124347444 2254280 50375492    0    0 1717872 1012168 318411 1163633 60 21  5 14  0  0
74 66  76084 124337012 2254280 50375512    0    0 1728288 1024704 310753 1135183 63 21  4 12  0  0
90 45  76084 124314300 2254280 50375536    0    0 1726416 1022992 316167 1154954 60 21  5 14  0  0
76 68  76084 124347028 2254280 50375572    0    0 1730320 1016180 312472 1138246 63 21  4 12  0  0
52 91  76084 124354164 2254280 50375596    0    0 1734384 1021364 317650 1170959 61 21  5 13  0  0
procs -----------memory---------- ---swap-- -----io---- -system-- -------cpu-------
 r  b   swpd   free   buff  cache   si   so    bi    bo   in   cs us sy id wa st gu
93 52  76084 124364184 2254280 50375620    0    0 1679872 994728 310718 1120574 61 20  5 14  0  0
65 72  76084 124363152 2254280 50375644    0    0 1723168 1012368 317742 1161684 60 21  5 14  0  0
97 58  76084 124350936 2254280 50375664    0    0 1724688 1024144 314514 1142108 63 20  5 13  0  0
83 48  76084 124340520 2254280 50375688    0    0 1738960 1022608 318900 1162617 61 21  5 13  0  0
93 41  76084 124342260 2254280 50375716    0    0 1712304 1011524 318509 1152900 60 21  7 13  0  0
118 30  76084 124341976 2254280 50375740    0    0 1727488 1017168 312734 1137061 63 21  5 12  0  0
71 72  76084 124338040 2254280 50375760    0    0 1737808 1033196 317491 1160981 61 21  5 13  0  0
63 73  76084 124330224 2254280 50375788    0    0 1743040 1019160 313462 1166612 60 22  5 13  0  0
75 79  76084 124322204 2254280 50375820    0    0 1718224 1023024 310247 1136787 62 21  5 12  0  0
86 54  76084 124321884 2254280 50375840    0    0 1682224 1006856 308465 1141494 59 21  5 15  0  0
94 53  76084 124331260 2254280 50375860    0    0 1715216 1006216 308566 1133150 62 20  5 13  0  0
58 80  76084 124338920 2254280 50375884    0    0 1739824 1029432 314941 1173191 61 21  5 13  0  0
89 60  76084 124354084 2254280 50375916    0    0 1760672 1040712 317639 1199898 60 20  5 14  0  0
85 50  76084 124343540 2254280 50375936    0    0 1733632 1017084 314937 1172778 60 21  5 14  0  0
71 65  76084 124371460 2254280 50375960    0    0 1714016 1026440 310486 1137509 62 21  4 13  0  0
83 53  76084 124354952 2254280 50375984    0    0 1731840 1027012 313258 1165305 60 21  5 13  0  0
64 85  76084 124337412 2254280 50376008    0    0 1736432 1025372 311810 1146830 63 21  4 12  0  0
91 64  76084 124315004 2254280 50376032    0    0 1708768 1015356 312217 1156455 60 21  5 14  0  0
83 55  76084 124310928 2254280 50376056    0    0 1663088 990972 304084 1112423 60 20  5 14  0  0
62 71  76084 124318612 2254280 50376084    0    0 1694912 1000732 307959 1146711 60 21  5 15  0  0
71 70  76084 124334488 2254280 50376100    0    0 1728784 1018112 309185 1142200 63 20  4 12  0  0
procs -----------memory---------- ---swap-- -----io---- -system-- -------cpu-------
 r  b   swpd   free   buff  cache   si   so    bi    bo   in   cs us sy id wa st gu
83 68  76084 124337840 2254280 50376124    0    0 1720736 1021008 311078 1157286 60 21  5 14  0  0
99 47  76084 124333608 2254280 50376148    0    0 1688848 993636 306228 1128056 61 20  5 14  0  0
91 50  76084 124333284 2254280 50376168    0    0 1711408 1018620 310793 1163792 59 20  6 15  0  0
59 86  76084 124321108 2254280 50376192    0    0 1721296 1017992 308671 1138539 62 21  5 12  0  0
40 100  76084 124319696 2254280 50376216    0    0 1730672 1012692 313535 1165319 61 21  5 14  0  0
73 61  76084 124333752 2254280 50376244    0    0 1704608 1018272 309098 1133230 62 21  5 13  0  0
61 89  76084 124335688 2254280 50376280    0    0 1660192 990340 303827 1131440 58 20  6 16  0  0
70 74  76084 124332800 2254280 50376300    0    0 1706208 1020248 307334 1129565 62 20  5 13  0  0
64 78  76084 124327036 2254280 50376328    0    0 1721168 1020948 311675 1158212 60 21  5 14  0  0
62 87  76084 124317928 2254280 50376352    0    0 1721312 1023968 310415 1140708 63 21  4 12  0  0
63 73  76084 124311504 2254280 50376380    0    0 1707536 1005196 309769 1158047 60 21  5 15  0  0
78 67  76084 124323896 2254280 50376400    0    0 1716688 1017008 310393 1140170 62 21  4 12  0  0
43 92  76084 124327152 2254280 50376420    0    0 1715040 1011636 312556 1167701 59 19  6 15  0  0
90 53  76084 124325176 2254280 50376444    0    0 1708624 1011004 307398 1126612 62 20  5 13  0  0
87 52  76084 124321108 2254280 50376468    0    0 1715072 1011100 310764 1163057 60 21  5 14  0  0
102 43  76084 124330744 2254280 50376500    0    0 1697104 1003768 306922 1134372 61 21  5 13  0  0
97 49  76084 124315432 2254280 50376524    0    0 1712960 1007908 309379 1155910 60 21  5 15  0  0
111 39  76084 124310396 2254280 50376548    0    0 1720720 1005536 307110 1133414 62 21  4 12  0  0
92 47  76084 124320140 2254280 50376572    0    0 1716496 1012264 310802 1155306 60 21  5 14  0  0
82 69  76084 124299756 2254280 50376600    0    0 1695408 1006160 306296 1127267 61 21  5 13  0  0
54 93  76084 124318928 2254280 50376628    0    0 1718768 1011916 312097 1159394 60 21  5 14  0  0
procs -----------memory---------- ---swap-- -----io---- -system-- -------cpu-------
 r  b   swpd   free   buff  cache   si   so    bi    bo   in   cs us sy id wa st gu
62 85  76084 124302076 2254280 50376648    0    0 1718112 1021640 309119 1141565 62 21  5 12  0  0
52 77  76084 124320320 2254280 50376676    0    0 1716960 1010308 310931 1164382 59 20  5 15  0  0
58 82  76084 124315784 2254280 50376692    0    0 1674960 1007604 303705 1129317 61 20  5 15  0  0
92 46  76084 124310144 2254280 50376720    0    0 1702416 998468 309056 1150415 60 21  5 15  0  0
58 88  76084 124308196 2254280 50376740    0    0 1691664 1000360 305592 1122160 61 20  5 13  0  0
59 91  76084 124307932 2254280 50376768    0    0 1736000 1020256 313368 1170473 61 21  5 13  0  0
90 61  76084 124304244 2254280 50376792    0    0 1704176 997116 308387 1128843 62 21  4 13  0  0
43 98  76084 124294008 2254280 50376820    0    0 1698992 1010176 309221 1154611 59 21  6 15  0  0
65 73  76084 124299888 2254280 50376844    0    0 1715392 1022844 307369 1136887 62 21  5 13  0  0
77 72  76084 124287388 2254280 50376872    0    0 1734928 1015104 311050 1161146 60 21  5 13  0  0
68 68  76084 124308700 2254280 50376896    0    0 1708512 1011668 306844 1131028 62 20  5 13  0  0
82 61  76084 124312100 2254280 50376916    0    0 1674512 990828 306586 1135702 58 20  6 16  0  0
83 58  76084 124312856 2254280 50376936    0    0 1730736 1025356 311714 1154256 62 19  5 14  0  0
62 85  76084 124313464 2254288 50376968    0    0 1743696 1028136 314963 1174440 61 21  5 13  0  0
68 78  76084 124317348 2254288 50376984    0    0 1745600 1027344 315355 1182047 60 21  5 13  0  0
74 71  76084 124314556 2254288 50377004    0    0 1706640 1014808 307951 1137089 62 20  5 13  0  0
59 88  76084 124297128 2254288 50377032    0    0 1727120 1020920 313123 1169091 60 21  5 14  0  0
74 74  76084 124298424 2254288 50377064    0    0 1732352 1019536 310533 1138093 64 21  4 12  0  0
68 80  76084 124282212 2254304 50377076    0    0 1741648 1033932 316339 1169852 61 21  5 13  0  0
95 46  76084 124311180 2254304 50377112    0    0 1729248 1022440 314548 1174027 60 21  5 14  0  0
76 67  76084 124308152 2254304 50377136    0    0 1679568 994076 304485 1123706 61 20  6 14  0  0
procs -----------memory---------- ---swap-- -----io---- -system-- -------cpu-------
 r  b   swpd   free   buff  cache   si   so    bi    bo   in   cs us sy id wa st gu
74 66  76084 124302660 2254304 50377164    0    0 1723168 1027980 312235 1164350 60 21  6 13  0  0
86 57  76084 124309080 2254304 50377192    0    0 1749168 1035984 311702 1154757 63 20  4 13  0  0
73 77  76084 124318656 2254304 50377212    0    0 1745360 1036612 315735 1181541 61 21  5 13  0  0
43 108  76084 124305716 2254304 50377224    0    0 1705232 1016852 310835 1168004 59 21  6 15  0  0
59 70  76084 124287124 2254304 50377248    0    0 1714768 1017516 308855 1131399 62 21  4 13  0  0
78 53  76084 124298244 2254304 50377268    0    0 1756720 1031892 317153 1180260 62 21  5 13  0  0
94 55  76084 124305300 2254304 50377300    0    0 1744624 1034704 316460 1181002 61 21  5 13  0  0
55 87  76084 124285904 2254304 50377320    0    0 1742336 1041396 316246 1187052 61 21  5 14  0  0
86 54  76084 124279256 2254304 50377344    0    0 1674224 983536 304020 1122589 61 20  5 14  0  0
48 78  76084 124282100 2254304 50377368    0    0 1667024 989960 304590 1141395 58 20  6 16  0  0
88 52  76084 124264708 2254304 50377396    0    0 1678816 993132 302888 1126604 61 20  5 14  0  0
70 68  76084 124295064 2254304 50377424    0    0 1723616 1015856 311997 1171508 60 21  5 14  0  0
88 47  76084 124292816 2254304 50377444    0    0 1721632 1020436 309293 1151632 62 19  5 14  0  0
63 83  76084 124316336 2254304 50377464    0    0 1734528 1041996 313281 1175716 61 21  5 13  0  0
87 66  76084 124307392 2254304 50377484    0    0 1720944 1024688 309237 1137662 62 21  4 13  0  0
70 79  76084 124290972 2254304 50377512    0    0 1744256 1040144 316265 1186016 61 21  5 13  0  0
51 102  76084 124295032 2254304 50377536    0    0 1731152 1023856 314413 1171558 60 21  5 14  0  0
97 50  76084 124278184 2254304 50377560    0    0 1658752 997220 303250 1112998 61 19  5 15  0  0
76 64  76084 124296468 2254304 50377584    0    0 1704144 1004240 309994 1155622 59 21  5 15  0  0
58 83  76084 124310796 2254304 50377612    0    0 1695056 1010808 304401 1120096 62 20  4 13  0  0
86 52  76084 124298640 2254304 50377636    0    0 1707360 1006940 309905 1159461 59 21  5 14  0  0
procs -----------memory---------- ---swap-- -----io---- -system-- -------cpu-------
 r  b   swpd   free   buff  cache   si   so    bi    bo   in   cs us sy id wa st gu
84 64  76084 124277520 2254304 50377660    0    0 1690528 1007172 305387 1127918 62 20  4 13  0  0
67 78  76084 124281652 2254304 50377684    0    0 1724560 1018444 313017 1166253 60 20  5 15  0  0
73 74  76084 124278948 2254304 50377712    0    0 1727984 1020956 311192 1145263 63 20  4 13  0  0
68 89  76084 124276184 2254304 50377732    0    0 1737872 1036768 314979 1174508 60 21  5 13  0  0
73 79  76084 124302768 2254304 50377756    0    0 1720480 1015640 308398 1139384 63 20  4 13  0  0
88 55  76084 124282780 2254304 50377776    0    0 1667840 990080 307181 1136149 58 20  6 16  0  0
78 68  76084 124284832 2254312 50377804    0    0 1710560 1012132 306844 1135538 62 20  5 13  0  0
90 56  76084 124282928 2254312 50377840    0    0 1685696 999464 308700 1148712 59 20  6 15  0  0
82 59  76084 124276144 2254312 50377860    0    0 1709920 1008972 307486 1139674 62 21  5 13  0  0
66 77  76084 124281168 2254312 50377888    0    0 1711008 1006780 310273 1161240 60 21  5 14  0  0
62 82  76084 124269516 2254312 50377916    0    0 1731440 1024100 309708 1155938 63 21  5 12  0  0
61 71  76084 124272464 2254312 50377932    0    0 1710560 1012880 310125 1161659 60 21  5 15  0  0
64 82  76084 124279784 2254312 50377960    0    0 1669488 999296 303004 1136260 60 18  6 16  0  0
53 91  76084 124283300 2254312 50377992    0    0 1705648 1001592 308342 1156436 60 20  5 15  0  0
63 86  76084 124281740 2254312 50378000    0    0 1644336 973516 298510 1105901 60 20  5 15  0  0
58 86  76084 124283228 2254312 50378040    0    0 1684464 1008252 307831 1152678 59 21  5 15  0  0
78 73  76084 124260540 2254312 50378056    0    0 1701968 997652 306112 1131999 62 20  5 13  0  0
83 54  76084 124252792 2254312 50378088    0    0 1694656 1010436 309008 1153254 59 21  5 15  0  0
70 77  76084 124269044 2254312 50378108    0    0 1673152 994524 303731 1126331 61 20  5 14  0  0
59 68  76084 124271840 2254312 50378128    0    0 1698224 999224 309082 1154966 59 20  5 15  0  0
70 65  76084 124281380 2254312 50378148    0    0 1698768 1008176 306125 1136683 62 20  5 13  0  0
procs -----------memory---------- ---swap-- -----io---- -system-- -------cpu-------
 r  b   swpd   free   buff  cache   si   so    bi    bo   in   cs us sy id wa st gu
86 62  76084 124268892 2254312 50378168    0    0 1688912 1002532 308468 1153954 59 20  5 15  0  0
88 56  76084 124278360 2254312 50378196    0    0 1709376 1005536 308871 1146371 62 20  5 14  0  0
95 60  76084 124287040 2254312 50378224    0    0 1663424 995768 305645 1142172 58 19  6 17  0  0
55 91  76084 124276472 2254312 50378252    0    0 1720368 1022180 309480 1130301 63 20  4 13  0  0
54 86  76084 124285944 2254312 50378264    0    0 1720288 1020036 311479 1158060 60 21  5 14  0  0
90 50  76084 124282160 2254312 50378308    0    0 1695408 997736 304997 1119940 62 20  4 13  0  0
66 71  76084 124287676 2254312 50378320    0    0 1685312 994224 308133 1147072 59 20  5 15  0  0
72 72  76084 124273308 2254312 50378344    0    0 1708240 1009900 307164 1138252 62 20  5 13  0  0
54 86  76084 124258064 2254312 50378376    0    0 1711424 1005516 309573 1153335 60 21  5 14  0  0
76 62  76084 124270092 2254312 50378392    0    0 1699584 998292 305334 1128721 62 20  4 13  0  0
83 54  76084 124265320 2254312 50378412    0    0 1656544 976812 304481 1136959 57 20  6 17  0  0
71 69  76084 124288748 2254312 50378460    0    0 1672032 991892 303541 1122608 61 20  5 14  0  0
67 70  76084 124296436 2254312 50378468    0    0 1711104 1007288 310699 1170918 59 20  5 16  0  0
68 66  76084 124305616 2254312 50378484    0    0 1719024 1019644 308451 1140384 63 20  4 12  0  0
61 72  76084 124270604 2254312 50378512    0    0 1712672 1014876 310097 1165002 60 21  5 14  0  0
71 73  76084 124278876 2254312 50378544    0    0 1672192 998352 302874 1125803 61 20  5 14  0  0
92 49  76084 124263828 2254312 50378572    0    0 1698896 1006116 309110 1160563 59 21  6 15  0  0
87 60  76084 124267096 2254312 50378612    0    0 1711984 1016084 307310 1143161 62 20  5 13  0  0
65 88  76084 124253156 2254316 50378636    0    0 1705696 1015040 310204 1159965 60 21  5 14  0  0
83 67  76084 124255980 2254316 50378660    0    0 1689456 997912 303279 1122567 62 20  5 14  0  0
99 54  76084 124267516 2254316 50378680    0    0 1680176 995816 307723 1146190 58 20  6 16  0  0
procs -----------memory---------- ---swap-- -----io---- -system-- -------cpu-------
 r  b   swpd   free   buff  cache   si   so    bi    bo   in   cs us sy id wa st gu
75 71  76084 124260532 2254316 50378712    0    0 1737600 1025652 310523 1144171 63 21  4 12  0  0
84 63  76084 124283148 2254316 50378728    0    0 1765040 1049880 317789 1189397 61 21  5 13  0  0
84 57  76084 124298448 2254316 50378748    0    0 1719456 1012868 311123 1167585 59 20  5 15  0  0
71 82  76084 124272612 2254316 50378776    0    0 1693296 1009456 304584 1123987 62 20  4 13  0  0
66 90  76084 124276512 2254316 50378812    0    0 1698672 1012612 309304 1157352 60 21  5 14  0  0
106 53  76084 124270516 2254316 50378824    0    0 1715184 1013528 309256 1142469 63 20  4 12  0  0
71 69  76084 124261556 2254316 50378852    0    0 1722848 1023740 312976 1166817 60 21  5 14  0  0
104 46  76084 124262368 2254316 50378880    0    0 1711312 1003828 308267 1133894 63 20  5 12  0  0
66 68  76084 124251968 2254316 50378900    0    0 1713808 1027004 312456 1160133 60 21  5 14  0  0
82 50  76084 124254980 2254316 50378940    0    0 1734032 1029068 311632 1148540 63 21  4 12  0  0
74 65  76084 124273468 2254316 50378956    0    0 1759584 1033236 317526 1173894 61 22  4 12  0  0
70 68  76084 124263960 2254316 50378984    0    0 1711008 1010576 312501 1166616 59 21  5 15  0  0
96 40  76084 124270780 2254316 50379008    0    0 1721536 1013920 309829 1150412 62 20  5 14  0  0
102 43  76084 124270732 2254316 50379032    0    0 1702896 1009564 310053 1155501 60 20  5 15  0  0
109 50  76084 124260976 2254316 50379052    0    0 1713984 1016632 307348 1135894 62 20  4 13  0  0
92 55  76084 124262424 2254316 50379080    0    0 1711120 1009952 311134 1156165 60 21  5 14  0  0
53 89  76084 124270976 2254316 50379100    0    0 1679088 1007824 304984 1113291 61 20  5 14  0  0
50 84  76084 124266644 2254316 50379124    0    0 1725808 1024700 313280 1165353 61 21  5 14  0  0
104 38  76084 124261428 2254316 50379152    0    0 1735648 1022628 310389 1143005 63 21  5 12  0  0
96 52  76084 124272344 2254316 50379172    0    0 1744416 1033624 316054 1172646 61 21  5 13  0  0
57 93  76084 124262868 2254316 50379216    0    0 1729696 1023688 312939 1168364 60 21  5 14  0  0
procs -----------memory---------- ---swap-- -----io---- -system-- -------cpu-------
 r  b   swpd   free   buff  cache   si   so    bi    bo   in   cs us sy id wa st gu
98 46  76084 124259996 2254316 50379236    0    0 1715904 1019156 308427 1141716 63 21  5 12  0  0
56 83  76084 124267080 2254316 50379264    0    0 1709024 1011680 311943 1169298 59 20  5 15  0  0
75 68  76084 124277108 2254316 50379288    0    0 1698496 1020336 304902 1143190 61 19  5 14  0  0
69 72  76084 124267880 2254316 50379296    0    0 1693024 1003188 309887 1158376 59 20  5 16  0  0
54 84  76084 124273524 2254316 50379316    0    0 1656048 993060 300670 1103310 60 20  6 14  0  0
70 66  76084 124271936 2254316 50379340    0    0 1733184 1022764 315130 1177696 60 21  6 13  0  0
56 84  76084 124269236 2254316 50379376    0    0 1739856 1030020 311577 1152622 63 21  4 12  0  0
76 61  76084 124269480 2254316 50379404    0    0 1736592 1024320 313642 1165971 61 21  5 13  0  0
84 62  76084 124254108 2254316 50379420    0    0 1723104 1020376 309007 1135091 63 21  4 12  0  0
70 65  76084 124257944 2254316 50379448    0    0 1734128 1031488 313941 1178172 60 21  5 14  0  0
80 64  76084 124272320 2254316 50379472    0    0 1710672 1009756 306613 1134931 62 21  5 13  0  0
100 50  76084 124250864 2254316 50379500    0    0 1710128 1012236 311201 1169269 60 21  5 14  0  0
69 69  76084 124281048 2254316 50379520    0    0 1710608 1021060 307017 1144502 62 20  5 14  0  0
69 69  76084 124284252 2254316 50379544    0    0 1668672 1000660 304647 1146174 58 19  6 17  0  0
78 65  76084 124283176 2254316 50379572    0    0 1716592 1021644 307665 1132879 62 20  5 13  0  0
74 72  76084 124260428 2254316 50379596    0    0 1733936 1025024 313893 1166662 60 21  5 14  0  0
48 92  76084 124261604 2254316 50379624    0    0 1722160 1026348 310350 1144523 63 20  4 12  0  0
74 60  76084 124247556 2254316 50379636    0    0 1704432 1014756 311403 1152348 59 21  5 15  0  0
83 66  76084 124265888 2254316 50379668    0    0 1721696 1026196 308329 1139231 63 20  4 12  0  0
85 62  76084 124251376 2254316 50379696    0    0 1719808 1020264 312520 1167799 60 21  5 14  0  0
49 96  76084 124247728 2254316 50379720    0    0 1707552 1003648 306349 1137358 62 20  5 13  0  0
procs -----------memory---------- ---swap-- -----io---- -system-- -------cpu-------
 r  b   swpd   free   buff  cache   si   so    bi    bo   in   cs us sy id wa st gu
83 71  76084 124240316 2254316 50379748    0    0 1677984 999184 307244 1150031 58 20  6 16  0  0
73 67  76084 124227412 2254316 50379784    0    0 1698032 999156 306515 1131855 62 20  5 13  0  0
67 69  76084 124243168 2254316 50379792    0    0 1742448 1040256 315313 1185092 60 20  5 15  0  0
60 68  76084 124265840 2254316 50379808    0    0 1750432 1028324 310818 1147766 63 21  5 11  0  0
61 83  76084 124256792 2254316 50379840    0    0 1715216 1015560 311250 1169501 60 21  5 14  0  0
81 63  76084 124268900 2254316 50379856    0    0 1707040 1020044 306371 1131061 62 20  5 13  0  0
81 62  76084 124249772 2254316 50379880    0    0 1751216 1029832 314196 1178663 61 21  5 13  0  0
93 54  76084 124235368 2254316 50379904    0    0 1701808 1010848 305142 1133786 62 20  5 13  0  0
74 62  76084 124255256 2254316 50379928    0    0 1698736 1006548 308757 1158543 59 20  7 14  0  0
95 44  76084 124248152 2254316 50379956    0    0 1649824 987820 300582 1116008 60 20  6 15  0  0
81 64  76084 124270764 2254316 50379976    0    0 1707584 1005772 310025 1166066 59 21  6 15  0  0
92 45  76084 124236940 2254316 50380004    0    0 1747040 1037496 311477 1151565 63 21  4 11  0  0
71 60  76084 124235276 2254316 50380032    0    0 1755024 1042408 315924 1184872 61 21  5 13  0  0
61 72  76084 124260400 2254316 50380048    0    0 1731552 1020864 313826 1171919 60 20  5 15  0  0
67 77  76084 124261704 2254316 50380068    0    0 1734592 1026120 309606 1141245 63 21  4 12  0  0
76 59  76084 124256840 2254316 50380112    0    0 1757040 1034656 316302 1178465 61 21  5 13  0  0
88 56  76084 124249128 2254316 50380136    0    0 1724560 1010276 312458 1176967 60 21  5 14  0  0
59 80  76084 124242568 2254316 50380168    0    0 1715968 1023120 309031 1144209 62 20  5 13  0  0
60 91  76084 124252260 2254316 50380196    0    0 1664864 993980 305499 1156584 58 20  6 16  0  0
60 85  76084 124257588 2254316 50380228    0    0 1692080 1004804 305297 1130401 62 20  5 13  0  0
76 63  76084 124252820 2254316 50380244    0    0 1718800 1024708 313303 1168306 60 21  5 14  0  0
procs -----------memory---------- ---swap-- -----io---- -system-- -------cpu-------
 r  b   swpd   free   buff  cache   si   so    bi    bo   in   cs us sy id wa st gu
83 54  76084 124256196 2254316 50380264    0    0 1734336 1037260 310554 1139478 63 21  4 12  0  0
66 85  76084 124254584 2254316 50380288    0    0 1692288 999412 309160 1145661 59 20  6 15  0  0
99 42  76084 124250512 2254316 50380312    0    0 1746096 1035784 313187 1161566 63 19  5 13  0  0
74 77  76084 124238452 2254316 50380332    0    0 1727776 1028564 314660 1175306 60 21  5 14  0  0
74 77  76084 124241992 2254316 50380364    0    0 1714800 1013740 306763 1128448 63 21  4 12  0  0
47 88  76084 124241784 2254316 50380384    0    0 1689760 1008772 309805 1155872 59 20  5 15  0  0
92 49  76084 124234348 2254316 50380400    0    0 1656896 986872 301112 1106612 60 20  5 15  0  0
78 57  76084 124244612 2254316 50380436    0    0 1692128 1003548 308236 1149455 59 21  5 15  0  0
74 61  76084 124235136 2254316 50380452    0    0 1735744 1024052 308717 1130821 64 21  4 12  0  0
112 44  76084 124238020 2254316 50380476    0    0 1747840 1028592 316116 1179401 60 21  5 14  0  0
71 62  76084 124241088 2254316 50380500    0    0 1721440 1020508 307632 1128866 63 21  5 12  0  0
23 113  76084 124238420 2254316 50380524    0    0 1729584 1021724 313067 1160711 60 21  5 14  0  0
52 96  76084 124253048 2254316 50380564    0    0 1730144 1026968 309099 1144641 62 20  5 12  0  0
71 79  76084 124255668 2254316 50380588    0    0 1729152 1022952 314191 1181542 60 20  5 15  0  0
62 75  76084 124258144 2254316 50380600    0    0 1673648 994092 303104 1121355 62 20  5 14  0  0
52 97  76084 124250592 2254316 50380620    0    0 1683536 1003084 308265 1156772 59 20  7 14  0  0
84 57  76084 124246340 2254316 50380648    0    0 1677104 1002568 302756 1122399 61 20  5 14  0  0
50 97  76084 124261416 2254316 50380672    0    0 1696000 1016616 308787 1158978 59 20  6 15  0  0
76 68  76084 124262176 2254316 50380704    0    0 1706880 1015436 306347 1126841 62 20  5 13  0  0
87 47  76084 124247280 2254316 50380736    0    0 1699424 1016868 310060 1158686 59 21  5 15  0  0
82 67  76084 124235536 2254316 50380756    0    0 1723424 1021216 309353 1137418 63 21  4 12  0  0
procs -----------memory---------- ---swap-- -----io---- -system-- -------cpu-------
 r  b   swpd   free   buff  cache   si   so    bi    bo   in   cs us sy id wa st gu
74 58  76084 124243980 2254316 50380780    0    0 1701344 1015340 310480 1155135 59 21  5 15  0  0
78 71  76084 124241180 2254316 50380808    0    0 1695136 1003612 305926 1124031 62 20  5 13  0  0
42 101  76084 124249008 2254316 50380820    0    0 1678528 995628 306449 1156075 58 19  6 17  0  0
77 58  76084 124261164 2254316 50380832    0    0 1699776 1003168 305118 1130143 62 20  5 13  0  0
97 41  76084 124247496 2254316 50380864    0    0 1703488 1006844 310606 1158648 60 21  5 15  0  0
88 54  76084 124239732 2254316 50380896    0    0 1710064 1012040 307579 1135197 62 20  5 13  0  0
74 71  76084 124220436 2254316 50380920    0    0 1715984 1022252 312916 1162032 59 21  5 15  0  0
54 102  76084 124239584 2254316 50380944    0    0 1739312 1033316 309545 1139283 64 20  4 12  0  0
69 81  76084 124238800 2254316 50380976    0    0 1739104 1031548 315138 1169766 61 21  5 13  0  0
70 74  76084 124243640 2254316 50381004    0    0 1750224 1026580 316295 1182352 61 21  5 13  0  0
85 63  76084 124244964 2254316 50381024    0    0 1726784 1026484 316171 1178513 60 21  5 14  0  0
69 68  76084 124244448 2254316 50381056    0    0 1678320 1005032 303753 1123994 61 20  5 14  0  0
77 60  76084 124230092 2254316 50381076    0    0 1708688 1001224 310679 1161084 59 20  6 15  0  0
74 70  76084 124235776 2254316 50381084    0    0 1713632 1022996 308875 1146577 63 19  5 14  0  0
69 78  76084 124255228 2254316 50381112    0    0 1723072 1014188 313651 1167327 60 21  5 14  0  0
68 80  76084 124239896 2254316 50381144    0    0 1692256 1006344 307026 1130194 62 20  5 13  0  0
86 54  76084 124235372 2254316 50381160    0    0 1741792 1034524 314569 1162884 60 21  5 14  0  0
65 84  76084 124235856 2254316 50381180    0    0 1755504 1048920 317554 1184443 61 21  5 13  0  0
47 83  76084 124227736 2254316 50381200    0    0 1742992 1031924 315688 1176596 60 21  5 14  0  0
84 58  76084 124214908 2254316 50381244    0    0 1744064 1023876 315848 1182922 60 21  5 14  0  0
54 103  76084 124221316 2254316 50381276    0    0 1671584 997388 301933 1120330 61 20  5 14  0  0
procs -----------memory---------- ---swap-- -----io---- -system-- -------cpu-------
 r  b   swpd   free   buff  cache   si   so    bi    bo   in   cs us sy id wa st gu
65 67  76084 124232112 2254316 50381292    0    0 1698832 1007524 309371 1156432 59 20  5 15  0  0
57 93  76084 124224296 2254316 50381312    0    0 1702032 1012328 306458 1129396 62 20  6 12  0  0
48 100  76084 124227944 2254316 50381344    0    0 1717216 1015304 311494 1173548 59 20  5 16  0  0
81 59  76084 124239008 2254316 50381356    0    0 1686688 999136 303772 1131428 61 19  5 14  0  0
65 79  76084 124254144 2254316 50381380    0    0 1734032 1020840 314527 1172229 60 21  5 13  0  0
87 49  76084 124215676 2254316 50381404    0    0 1738480 1026828 310179 1139952 63 21  4 12  0  0
77 60  76084 124236332 2254316 50381440    0    0 1740992 1038856 314969 1173226 60 21  5 13  0  0
79 60  76084 124227608 2254316 50381472    0    0 1734784 1024124 311053 1141839 63 21  4 12  0  0
43 82  76084 124223656 2254316 50381500    0    0 1698016 1005264 310759 1159676 59 21  5 15  0  0
79 75  76084 124222588 2254316 50381536    0    0 1715504 1022624 306968 1137733 63 20  4 12  0  0
53 75  76084 124241312 2254316 50381544    0    0 1713264 1010292 311550 1161663 59 21  5 15  0  0
85 57  76084 124215996 2254316 50381564    0    0 1725040 1021588 309679 1149510 63 21  4 12  0  0
81 55  76084 124229852 2254316 50381600    0    0 1692880 1001532 308607 1158853 59 20  5 15  0  0
103 48  76084 124236856 2254316 50381620    0    0 1747648 1027700 310644 1157711 63 19  4 13  0  0
66 64  76084 124234904 2254316 50381632    0    0 1744224 1042496 315239 1176325 61 21  5 13  0  0
89 67  76084 124240656 2254316 50381664    0    0 1767776 1046644 319941 1190615 61 21  4 13  0  0
68 69  76084 124245348 2254316 50381684    0    0 1748368 1035892 316144 1185151 61 21  5 13  0  0
96 45  76084 124236536 2254316 50381708    0    0 1687568 1001236 307640 1154603 58 20  6 16  0  0
62 68  76084 124219548 2254316 50381740    0    0 1719456 1018000 307355 1138496 62 21  4 12  0  0
70 74  76084 124239908 2254316 50381772    0    0 1703232 1007492 310657 1167382 59 20  5 15  0  0
76 65  76084 124233708 2254316 50381788    0    0 1702464 1010572 304582 1129151 62 20  4 13  0  0
procs -----------memory---------- ---swap-- -----io---- -system-- -------cpu-------
 r  b   swpd   free   buff  cache   si   so    bi    bo   in   cs us sy id wa st gu
93 40  76084 124238500 2254316 50381816    0    0 1690400 1006740 307670 1153874 58 20  6 15  0  0
93 61  76084 124235044 2254316 50381844    0    0 1700496 1006556 307130 1131578 62 21  4 13  0  0
51 97  76084 124230344 2254316 50381868    0    0 1746848 1037308 315385 1184666 60 21  5 14  0  0
87 62  76084 124239232 2254316 50381888    0    0 1740416 1034012 312072 1147879 63 20  4 13  0  0
76 56  76084 124236448 2254316 50381912    0    0 1744400 1025808 316511 1176018 61 21  5 13  0  0
37 101  76084 124232500 2254316 50381936    0    0 1659696 993036 300740 1105050 61 20  5 15  0  0
72 70  76084 124222900 2254316 50381956    0    0 1717024 1017068 312418 1167390 59 21  5 15  0  0
78 69  76084 124218644 2254316 50381984    0    0 1708736 1001620 306297 1131603 63 20  4 12  0  0
72 62  76084 124234056 2254316 50382004    0    0 1704640 1007340 310264 1159391 59 21  6 15  0  0
79 65  76084 124231692 2254316 50382028    0    0 1674336 998008 301353 1108009 62 20  5 14  0  0
68 74  76084 124225304 2254316 50382060    0    0 1701344 1010992 310490 1160621 59 21  5 15  0  0
106 42  76084 124215588 2254316 50382088    0    0 1706704 1013676 305916 1122692 63 20  4 12  0  0
88 56  76084 124242400 2254316 50382112    0    0 1734096 1026996 313154 1167575 60 21  5 14  0  0
77 58  76084 124251176 2254316 50382136    0    0 1710224 1021172 308363 1138835 62 19  5 14  0  0
62 85  76084 124243744 2254316 50382160    0    0 1730960 1019556 314209 1171159 60 21  5 15  0  0
100 58  76084 124235752 2254316 50382184    0    0 1726240 1028680 309856 1136211 62 21  5 12  0  0
90 69  76084 124223876 2254320 50382212    0    0 1727440 1024120 313659 1172924 60 21  5 14  0  0
77 62  76084 124238016 2254320 50382228    0    0 1706304 1005904 307530 1130839 62 20  5 13  0  0
61 74  76084 124233868 2254320 50382252    0    0 1693584 1008152 309033 1154754 59 20  5 15  0  0
72 72  76084 124224664 2254320 50382272    0    0 1711408 1008220 306963 1135091 62 20  4 13  0  0
92 44  76084 124238172 2254320 50382284    0    0 1690496 1000564 308187 1149105 59 21  5 16  0  0
procs -----------memory---------- ---swap-- -----io---- -system-- -------cpu-------
 r  b   swpd   free   buff  cache   si   so    bi    bo   in   cs us sy id wa st gu
84 55  76084 124217064 2254320 50382324    0    0 1739520 1037932 311565 1141257 64 21  4 12  0  0
41 89  76084 124211644 2254320 50382348    0    0 1722336 1022928 312987 1166569 60 21  5 14  0  0
78 65  76084 124217268 2254320 50382368    0    0 1712464 1022684 308128 1136938 63 20  4 13  0  0
79 61  76084 124234968 2254320 50382388    0    0 1740512 1033160 315817 1186911 60 20  5 15  0  0
74 76  76084 124224524 2254320 50382416    0    0 1745024 1028640 309444 1144184 63 21  4 12  0  0
87 48  76084 124215300 2254320 50382444    0    0 1719136 1031036 314578 1177972 60 21  5 14  0  0
88 49  76084 124218524 2254320 50382460    0    0 1711776 1010688 307279 1142505 62 20  5 13  0  0
69 75  76084 124215644 2254320 50382480    0    0 1706976 1016488 310141 1162163 59 21  5 15  0  0
64 79  76084 124214552 2254320 50382524    0    0 1708336 1019084 306436 1135895 63 20  5 13  0  0
85 49  76084 124220016 2254320 50382548    0    0 1698288 1009012 309875 1152862 59 21  5 15  0  0
55 96  76084 124222368 2254320 50382560    0    0 1704480 1020700 307242 1122778 63 20  4 13  0  0
78 57  76084 124216696 2254320 50382592    0    0 1725392 1021112 314030 1166778 59 21  5 15  0  0
86 50  76084 124216736 2254320 50382628    0    0 1736944 1030488 311441 1136422 64 21  4 11  0  0
50 95  76084 124225420 2254320 50382648    0    0 1749120 1025800 315712 1182930 60 20  5 14  0  0
67 82  76084 124215040 2254320 50382680    0    0 1716608 1014084 307415 1135728 63 20  4 13  0  0
53 84  76084 124217820 2254320 50382696    0    0 1696816 1005044 311258 1164144 59 20  5 15  0  0
83 52  76084 124235252 2254320 50382728    0    0 1729232 1017820 309108 1140961 63 21  4 12  0  0
50 81  76084 124233152 2254320 50382748    0    0 1708848 1015904 310615 1167310 59 21  5 15  0  0
79 77  76084 124223944 2254320 50382780    0    0 1700352 1009732 304995 1135221 62 21  5 13  0  0
66 65  76084 124215336 2254320 50382788    0    0 1716784 1018396 312606 1171352 60 21  5 14  0  0
81 57  76084 124210032 2254320 50382820    0    0 1722784 1022984 307226 1138319 63 20  5 12  0  0
procs -----------memory---------- ---swap-- -----io---- -system-- -------cpu-------
 r  b   swpd   free   buff  cache   si   so    bi    bo   in   cs us sy id wa st gu
74 66  76084 124220092 2254320 50382836    0    0 1732784 1031680 314081 1176966 60 21  5 14  0  0
88 49  76084 124227536 2254320 50382856    0    0 1753360 1032968 310622 1147175 64 21  4 11  0  0
68 69  76084 124223144 2254320 50382896    0    0 1719904 1024068 313427 1175187 59 21  6 14  0  0
45 106  76084 124231928 2254320 50382908    0    0 1645696 979520 297476 1108872 59 18  6 16  0  0
76 58  76084 124227880 2254320 50382936    0    0 1644240 982616 298098 1097083 61 19  5 15  0  0
78 73  76084 124254124 2254320 50382960    0    0 1668032 980888 305206 1145068 57 20  6 17  0  0
80 51  76084 124248180 2254320 50382984    0    0 1669600 987412 300679 1109431 61 20  5 14  0  0
89 51  76084 124225500 2254320 50383000    0    0 1668544 989856 306805 1152700 58 20  5 16  0  0
47 94  76084 124212956 2254320 50383040    0    0 1688544 996920 303881 1124968 62 21  5 13  0  0
90 60  76084 124211228 2254320 50383060    0    0 1701776 1001540 309291 1156584 59 21  5 15  0  0
59 73  76084 124231776 2254320 50383084    0    0 1703040 1009356 305063 1121857 63 20  4 13  0  0
88 61  76084 124225528 2254320 50383108    0    0 1716304 1019724 313158 1172286 60 21  5 15  0  0
65 66  76084 124226816 2254320 50383136    0    0 1723536 1026992 309389 1141219 63 20  5 12  0  0
46 89  76084 124223040 2254320 50383160    0    0 1751152 1030452 320031 1192102 60 21  5 14  0  0
48 103  76084 124231316 2254320 50383172    0    0 1706256 1023340 311226 1163433 59 19  6 16  0  0
66 71  76084 124211004 2254320 50383208    0    0 1698272 1006492 303567 1116710 62 20  5 13  0  0
88 56  76084 124222432 2254320 50383232    0    0 1661936 989008 306325 1139750 57 20  6 17  0  0
59 86  76084 124216284 2254320 50383256    0    0 1695808 1015648 305986 1123856 62 20  5 13  0  0
83 52  76084 124236832 2254320 50383280    0    0 1708880 1005912 310363 1161339 59 20  5 15  0  0
79 62  76084 124238572 2254320 50383316    0    0 1731664 1029960 307942 1135688 63 21  5 12  0  0
79 75  76084 124228956 2254320 50383328    0    0 1690416 1000388 308522 1152549 59 20  5 16  0  0
procs -----------memory---------- ---swap-- -----io---- -system-- -------cpu-------
 r  b   swpd   free   buff  cache   si   so    bi    bo   in   cs us sy id wa st gu
73 78  76084 124212824 2254320 50383368    0    0 1691328 1015556 305023 1124982 61 20  5 13  0  0
85 56  76084 124205512 2254320 50383396    0    0 1672432 992988 306617 1145775 58 21  5 16  0  0
81 62  76084 124214296 2254320 50383412    0    0 1625984 976124 296402 1091651 60 19  6 15  0  0
61 79  76084 124218944 2254320 50383428    0    0 1658192 992592 299930 1110629 60 18  5 16  0  0
68 82  76084 124251376 2254320 50383444    0    0 1638992 977724 301571 1133917 57 19  6 18  0  0
61 86  76084 124239744 2254320 50383476    0    0 1673984 995852 300554 1107283 62 20  5 14  0  0
75 58  76084 124228304 2254320 50383504    0    0 1695168 1007092 310532 1165252 59 20  6 15  0  0
84 51  76084 124221932 2254320 50383532    0    0 1708832 1011328 305619 1129354 63 20  4 13  0  0
51 93  76084 124218960 2254320 50383556    0    0 1681136 1005724 305979 1150883 58 20  6 16  0  0
89 53  76084 124203760 2254320 50383580    0    0 1712528 1013104 307262 1133283 63 20  5 13  0  0
64 82  76084 124208284 2254320 50383600    0    0 1709664 1024200 312850 1171470 59 21  5 15  0  0
85 56  76084 124227112 2254320 50383636    0    0 1719072 1015836 308621 1133967 63 21  4 12  0  0
98 53  76084 124223904 2254320 50383656    0    0 1664976 995264 305138 1139746 58 20  6 17  0  0
52 92  76084 124238496 2254320 50383676    0    0 1546496 932216 287702 1083791 57 17  6 20  0  0
46 89  76084 124248756 2254320 50383692    0    0 1546592 938404 287615 1086767 56 17  7 20  0  0
52 104  76084 124230444 2254320 50383724    0    0 1587616 939944 292673 1103432 58 19  6 17  0  0
57 90  76084 124216624 2254320 50383748    0    0 1595696 952588 293908 1102080 59 19  5 16  0  0
89 57  76084 124238196 2254320 50383772    0    0 1563680 944244 291014 1070250 57 18  6 19  0  0
46 98  76084 124234160 2254320 50383792    0    0 1541312 922228 287072 1060513 56 18  6 19  0  0
107 35  76084 124219348 2254320 50383824    0    0 1560032 934284 290236 1068667 57 18  6 19  0  0
53 89  76084 124224280 2254320 50383844    0    0 1564512 931604 291186 1073845 57 19  7 18  0  0
procs -----------memory---------- ---swap-- -----io---- -system-- -------cpu-------
 r  b   swpd   free   buff  cache   si   so    bi    bo   in   cs us sy id wa st gu
84 53  76084 124236872 2254320 50383864    0    0 1546704 927060 286759 1055883 57 18  6 18  0  0
55 91  76084 124226996 2254320 50383908    0    0 1538000 909372 284619 1053885 57 19  6 19  0  0
64 84  76084 124220708 2254320 50383928    0    0 1511184 890372 280241 1033651 55 17  6 21  0  0
40 108  76084 124222256 2254320 50383948    0    0 1551840 922560 285665 1059146 56 17  7 20  0  0
96 44  76084 124225096 2254320 50383984    0    0 1579888 929116 290108 1070324 58 19  6 17  0  0
65 87  76084 124231472 2254320 50384000    0    0 1592288 941112 291912 1075757 58 19  6 17  0  0
97 45  76084 124222692 2254320 50384024    0    0 1592784 949612 293082 1079266 58 19  6 17  0  0
74 74  76084 124228732 2254320 50384052    0    0 1590256 953992 292599 1072076 58 19  6 17  0  0
72 74  76084 124229912 2254320 50384076    0    0 1634608 978952 299616 1098316 60 20  6 15  0  0
93 47  76084 124222996 2254320 50384100    0    0 1631344 977068 298367 1095394 60 19  5 15  0  0
80 67  76084 124206488 2254328 50384176    0    0 1620208 978328 296546 1080929 60 20  5 15  0  0
80 62  76084 124213164 2254328 50384208    0    0 1627024 981356 298236 1093483 59 19  6 15  0  0
66 81  76084 124217400 2254328 50384236    0    0 1627264 980972 297074 1089724 59 19  6 15  0  0
87 49  76084 124231256 2254328 50384248    0    0 1677504 998488 303286 1121558 61 19  6 15  0  0
103 37  76084 124254756 2254328 50384272    0    0 1715712 1005676 312699 1166525 59 21  5 14  0  0
70 77  76084 124235560 2254328 50384304    0    0 1696048 1009056 305095 1122435 62 20  4 13  0  0
71 60  76084 124238992 2254328 50384324    0    0 1687520 1007084 309562 1151859 58 20  6 15  0  0
56 85  76084 124220152 2254328 50384344    0    0 1720864 1019244 308061 1135288 62 20  5 12  0  0
71 68  76084 124233844 2254328 50384372    0    0 1708240 1015132 312534 1164667 59 21  5 15  0  0
64 87  76084 124224640 2254328 50384400    0    0 1680848 1006748 305617 1130240 62 20  5 14  0  0
83 56  76084 124210240 2254328 50384432    0    0 1601392 943296 296477 1109839 55 19  6 20  0  0
procs -----------memory---------- ---swap-- -----io---- -system-- -------cpu-------
 r  b   swpd   free   buff  cache   si   so    bi    bo   in   cs us sy id wa st gu
63 87  76084 124207552 2254328 50384472    0    0 1627088 957164 296609 1100115 60 19  5 15  0  0
82 53  76084 124225896 2254328 50384500    0    0 1641792 972352 301679 1129812 57 20  6 18  0  0
83 56  76084 124231840 2254332 50384524    0    0 1659008 978288 299708 1116298 60 19  5 16  0  0
61 94  76084 124250696 2254332 50384540    0    0 1632224 972660 301608 1127300 56 19  6 19  0  0
37 105  76084 124226148 2254332 50384568    0    0 1664480 986640 302590 1116141 61 20  5 14  0  0
88 58  76084 124226840 2254332 50384592    0    0 1679344 987840 307761 1151340 58 21  6 15  0  0
56 70  76084 124217524 2254332 50384612    0    0 1681200 1002256 304326 1124884 61 20  5 14  0  0
69 77  76084 124228324 2254332 50384640    0    0 1677712 1004316 308441 1150378 58 21  5 16  0  0
87 57  76084 124237936 2254332 50384656    0    0 1650896 973428 298841 1107904 60 19  6 15  0  0
85 49  76084 124232572 2254332 50384684    0    0 1656272 980616 304640 1129369 57 20  6 17  0  0
87 60  76084 124222412 2254332 50384716    0    0 1718496 1021284 309139 1141265 62 21  4 13  0  0
91 49  76084 124203380 2254332 50384736    0    0 1735632 1022180 314465 1176702 60 21  5 14  0  0
76 57  76084 124192280 2254332 50384760    0    0 1719312 1024716 308151 1132397 62 20  5 13  0  0
69 70  76084 124202168 2254332 50384780    0    0 1724160 1022192 314391 1182965 59 19  6 16  0  0
66 73  76084 124213040 2254332 50384808    0    0 1729200 1027540 309434 1142668 63 21  4 12  0  0
63 88  76084 124220256 2254332 50384840    0    0 1742704 1034624 315463 1176286 60 21  5 14  0  0
96 51  76084 124206080 2254332 50384864    0    0 1735504 1035076 310635 1151294 63 21  4 12  0  0
84 64  76084 124205820 2254332 50384888    0    0 1667344 1001364 305581 1149815 58 20  6 16  0  0
96 59  76084 124192844 2254332 50384916    0    0 1611168 958396 296202 1093400 58 19  6 16  0  0
75 66  76084 124219520 2254332 50384936    0    0 1647632 993432 301258 1114323 60 20  5 15  0  0
45 99  76084 124224672 2254332 50384960    0    0 1656832 990436 305449 1144147 57 20  6 17  0  0
procs -----------memory---------- ---swap-- -----io---- -system-- -------cpu-------
 r  b   swpd   free   buff  cache   si   so    bi    bo   in   cs us sy id wa st gu
75 69  76084 124204412 2254332 50384996    0    0 1664832 993932 302504 1113937 60 20  6 14  0  0
81 58  76084 124216760 2254332 50385016    0    0 1645552 987532 303211 1137037 56 20  6 17  0  0
39 107  76084 124213140 2254332 50385036    0    0 1680928 1001668 303246 1132159 61 19  5 15  0  0
74 62  76084 124221608 2254332 50385060    0    0 1672736 1002388 306063 1152556 58 19  6 17  0  0
48 95  76084 124231628 2254332 50385080    0    0 1581680 954948 291135 1088814 58 19  6 17  0  0
79 56  76084 124233004 2254332 50385108    0    0 1662800 997640 301308 1108790 61 20  5 15  0  0
61 77  76084 124221136 2254332 50385136    0    0 1657152 990504 306909 1142288 57 20  6 17  0  0
100 48  76084 124203124 2254332 50385168    0    0 1580496 936368 290382 1073854 57 19  6 17  0  0
39 113  76084 124193612 2254332 50385196    0    0 1601344 954072 292578 1081199 59 19  5 17  0  0
72 83  76084 124213720 2254332 50385220    0    0 1620176 963164 294989 1093627 59 20  5 16  0  0
53 85  76084 124215188 2254332 50385252    0    0 1623408 962140 295889 1095195 60 19  5 16  0  0
72 79  76084 124213020 2254332 50385272    0    0 1617904 965956 299488 1118789 56 20  6 18  0  0
97 45  76084 124203552 2254332 50385292    0    0 1645584 974980 298480 1111209 60 19  5 15  0  0
57 90  76084 124218896 2254332 50385316    0    0 1670416 988332 305239 1150018 57 19  6 18  0  0
48 98  76084 124207756 2254332 50385340    0    0 1648656 981812 299296 1113944 61 19  5 15  0  0
75 70  76084 124229348 2254332 50385364    0    0 1606160 959504 299540 1123805 55 19  6 19  0  0
82 63  76084 124206120 2254332 50385392    0    0 1625696 970244 298179 1106743 60 19  5 16  0  0
63 88  76084 124201668 2254332 50385428    0    0 1673344 992628 306660 1150961 58 20  6 16  0  0
71 72  76084 124193056 2254332 50385452    0    0 1678832 1001556 302901 1122496 60 20  6 14  0  0
83 67  76084 124227692 2254332 50385472    0    0 1681072 999916 307817 1154681 58 20  6 16  0  0
59 83  76084 124227516 2254332 50385496    0    0 1659280 991856 302848 1111622 61 20  5 14  0  0
procs -----------memory---------- ---swap-- -----io---- -system-- -------cpu-------
 r  b   swpd   free   buff  cache   si   so    bi    bo   in   cs us sy id wa st gu
45 100  76084 124228776 2254332 50385524    0    0 1683536 1009956 308015 1151752 58 20  5 16  0  0
55 87  76084 124201948 2254332 50385520    0    0 1697568 994860 305191 1128821 62 20  5 13  0  0
54 95  76084 124211012 2254332 50385528    0    0 1699024 1008572 310754 1170989 59 19  6 16  0  0
61 91  76084 124211148 2254332 50385556    0    0 1654832 988140 300672 1106615 60 19  5 15  0  0
61 79  76084 124218292 2254332 50385592    0    0 1623632 977648 300549 1117969 56 20  8 17  0  0
60 82  76084 124221884 2254332 50385612    0    0 1687056 1012440 305299 1128808 61 20  5 14  0  0
70 82  76084 124210688 2254332 50385636    0    0 1697520 1003980 308269 1155352 59 20  6 15  0  0
67 76  76084 124221452 2254332 50385660    0    0 1675056 1005452 304356 1120539 61 20  5 14  0  0
97 51  76084 124215252 2254332 50385680    0    0 1663072 989472 305703 1136747 57 20  6 16  0  0
70 73  76084 124202512 2254332 50385708    0    0 1692032 1011600 305482 1129678 62 20  5 13  0  0
51 90  76084 124191156 2254332 50385744    0    0 1683952 1014340 307905 1151591 58 20  6 16  0  0
79 73  76084 124198048 2254332 50385764    0    0 1682976 1003960 304310 1116334 62 20  5 13  0  0
99 39  76084 124194768 2254332 50385780    0    0 1658272 986484 305994 1148313 57 20  6 17  0  0
77 70  76084 124224684 2254332 50385808    0    0 1655600 986988 300096 1111136 59 18  6 16  0  0
77 69  76084 124232304 2254332 50385840    0    0 1685472 1003072 309108 1153203 58 21  5 15  0  0
62 88  76084 124218068 2254332 50385856    0    0 1637008 971628 296973 1100633 60 20  5 15  0  0
74 77  76084 124213004 2254332 50385876    0    0 1670384 984648 305915 1149937 58 20  5 16  0  0
98 39  76084 124208160 2254332 50385900    0    0 1647488 980924 299471 1114572 60 20  5 15  0  0
99 40  76084 124213252 2254332 50385924    0    0 1685440 991212 308312 1145028 59 20  5 15  0  0
69 62  76084 124221488 2254332 50385952    0    0 1686752 1004552 303933 1116596 61 20  5 14  0  0
72 84  76084 124202916 2254332 50385988    0    0 1685424 1012000 314443 1152927 58 21  5 16  0  0
procs -----------memory---------- ---swap-- -----io---- -system-- -------cpu-------
 r  b   swpd   free   buff  cache   si   so    bi    bo   in   cs us sy id wa st gu
68 71  76084 124192420 2254332 50386012    0    0 1678560 997492 305446 1127584 61 20  5 14  0  0
70 70  76084 124198588 2254332 50386032    0    0 1693552 996348 309550 1150885 59 20  5 15  0  0
29 115  76084 124217988 2254332 50386056    0    0 1710576 1015972 308418 1142706 63 19  4 14  0  0
67 74  76084 124231572 2254332 50386080    0    0 1665168 985156 305911 1145452 58 20  6 17  0  0
52 87  76084 124234260 2254332 50386112    0    0 1568704 930996 290511 1065805 58 19  6 18  0  0
68 75  76084 124220892 2254336 50386124    0    0 1624976 960376 295903 1084021 60 20  5 16  0  0
68 83  76084 124206016 2254336 50386148    0    0 1664416 977904 305022 1139064 58 20  5 16  0  0
67 66  76084 124203508 2254336 50386176    0    0 1691616 1001684 305925 1125257 62 20  4 13  0  0
64 81  76084 124207936 2254340 50386204    0    0 1681184 998252 308344 1154049 59 21  5 15  0  0
78 64  76084 124200352 2254340 50386228    0    0 1648560 984396 299220 1111778 61 19  5 15  0  0
96 60  76084 124211328 2254340 50386256    0    0 1648176 992228 305317 1132752 57 20  6 17  0  0
93 46  76084 124213984 2254340 50386284    0    0 1690960 1015120 305278 1121112 62 20  5 13  0  0
77 72  76084 124204452 2254340 50386304    0    0 1719136 1031564 312959 1173326 60 20  5 14  0  0
66 78  76084 124227020 2254340 50386328    0    0 1706240 1010924 305206 1132890 62 19  5 14  0  0
74 62  76084 124211744 2254340 50386356    0    0 1685152 1011440 309302 1156217 58 21  5 16  0  0
71 74  76084 124221752 2254340 50386384    0    0 1697840 1030704 307311 1126845 62 20  5 13  0  0
70 77  76084 124219012 2254340 50386400    0    0 1714576 1009068 311744 1162986 60 21  5 14  0  0
75 75  76084 124231380 2254340 50386424    0    0 1733824 1029720 309840 1141975 63 21  4 12  0  0
80 51  76084 124226412 2254340 50386448    0    0 1702064 1008372 310184 1162008 59 21  5 16  0  0
61 87  76084 124228184 2254340 50386476    0    0 1723904 1022024 308747 1135298 62 21  5 12  0  0
90 46  76084 124195772 2254340 50386500    0    0 1736544 1033140 314331 1170624 60 21  5 13  0  0
procs -----------memory---------- ---swap-- -----io---- -system-- -------cpu-------
 r  b   swpd   free   buff  cache   si   so    bi    bo   in   cs us sy id wa st gu
67 82  76084 124192324 2254340 50386532    0    0 1758656 1040692 312191 1157147 64 21  4 12  0  0
99 39  76084 124213328 2254340 50386556    0    0 1705488 1007428 311067 1164746 59 21  5 15  0  0
76 56  76084 124230608 2254340 50386572    0    0 1672704 1000444 302848 1128038 60 19  5 15  0  0
83 60  76084 124231876 2254340 50386596    0    0 1710160 1010436 309345 1168101 59 20  6 15  0  0
70 69  76084 124208788 2254340 50386620    0    0 1693664 1004840 303123 1123168 62 20  5 13  0  0
87 50  76084 124206272 2254340 50386648    0    0 1702784 1011720 311605 1152637 59 21  5 15  0  0
48 81  76084 124198312 2254340 50386668    0    0 1689232 1014888 305896 1131155 62 20  5 13  0  0
98 43  76084 124217232 2254340 50386696    0    0 1689520 1002312 309194 1154073 59 21  5 16  0  0
59 78  76084 124214780 2254340 50386720    0    0 1701216 1016228 306919 1134431 62 20  5 13  0  0
74 73  76084 124205880 2254340 50386748    0    0 1720672 1018292 311594 1164442 60 21  5 14  0  0
56 75  76084 124211960 2254340 50386772    0    0 1663392 1004284 302746 1114997 61 20  5 14  0  0
69 80  76084 124206668 2254340 50386796    0    0 1629840 966064 299773 1119393 57 19  6 18  0  0
80 55  76084 124216460 2254340 50386824    0    0 1564816 926756 289193 1052487 57 19  6 18  0  0
67 75  76084 124226696 2254340 50386836    0    0 1638688 970416 298032 1113209 60 18  6 16  0  0
53 83  76084 124225744 2254340 50386864    0    0 1677104 986460 302577 1117860 61 20  5 14  0  0
91 55  76084 124214696 2254340 50386892    0    0 1639664 980584 302236 1134942 57 20  6 17  0  0
67 70  76084 124208832 2254340 50386916    0    0 1662112 983512 301838 1114739 60 20  5 15  0  0
87 56  76084 124199852 2254340 50386936    0    0 1655040 986584 304314 1133308 57 20  6 17  0  0
62 76  76084 124208872 2254340 50386964    0    0 1709136 1021544 307716 1133342 62 20  5 13  0  0
71 69  76084 124211556 2254340 50386984    0    0 1695648 1005072 308520 1140835 59 21  6 14  0  0
70 74  76084 124214512 2254340 50387016    0    0 1686480 1013564 306793 1125117 61 20  5 14  0  0
procs -----------memory---------- ---swap-- -----io---- -system-- -------cpu-------
 r  b   swpd   free   buff  cache   si   so    bi    bo   in   cs us sy id wa st gu
86 48  76084 124201728 2254340 50387032    0    0 1714848 1016096 310380 1157187 59 21  5 14  0  0
67 74  76084 124193516 2254340 50387056    0    0 1700816 1015828 306358 1135323 62 20  5 13  0  0
59 86  76084 124208516 2254340 50387084    0    0 1705376 1023140 311986 1172600 59 20  6 15  0  0
96 54  76084 124218340 2254340 50387104    0    0 1671712 1001952 302264 1121598 60 19  6 15  0  0
70 67  76084 124224312 2254340 50387124    0    0 1676032 998540 307429 1145777 58 20  6 16  0  0
29 105  76084 124227592 2254340 50387156    0    0 1696368 1008828 305631 1117734 62 21  5 13  0  0
61 82  76084 124223776 2254340 50387180    0    0 1726016 1027552 312894 1164902 60 21  5 14  0  0
81 63  76084 124225176 2254340 50387200    0    0 1714608 1016372 307362 1133309 63 20  4 12  0  0
71 81  76084 124225012 2254340 50387240    0    0 1692928 1008168 308708 1152064 59 20  6 15  0  0
73 60  76084 124215308 2254340 50387256    0    0 1634192 978396 298251 1102418 59 20  5 15  0  0
71 71  76084 124223140 2254340 50387280    0    0 1616896 966448 298966 1124184 56 19  6 18  0  0
94 50  76084 124214112 2254340 50387304    0    0 1602480 954668 293477 1071191 59 19  6 17  0  0
69 61  76084 124198736 2254340 50387328    0    0 1669184 988224 303073 1121048 61 20  5 14  0  0
81 54  76084 124210284 2254340 50387352    0    0 1669088 991472 304690 1152640 57 19  6 18  0  0
56 83  76084 124213472 2254340 50387372    0    0 1687728 1008856 303977 1123059 62 20  5 14  0  0
72 73  76084 124221808 2254340 50387400    0    0 1700160 1008132 308090 1158153 59 20  6 15  0  0
70 71  76084 124235444 2254340 50387424    0    0 1726688 1033376 309916 1141505 63 21  4 12  0  0
73 57  76084 124235960 2254340 50387452    0    0 1709984 1026140 311593 1156433 59 20  5 15  0  0
54 81  76084 124221720 2254340 50387476    0    0 1724544 1026132 308011 1135246 63 20  4 13  0  0
75 75  76084 124204444 2254340 50387500    0    0 1734352 1029388 313563 1173899 60 21  5 13  0  0
58 75  76084 124202440 2254340 50387524    0    0 1720336 1024856 310761 1143083 62 21  5 13  0  0
procs -----------memory---------- ---swap-- -----io---- -system-- -------cpu-------
 r  b   swpd   free   buff  cache   si   so    bi    bo   in   cs us sy id wa st gu
71 70  76084 124219460 2254340 50387540    0    0 1687856 1013636 310168 1155284 59 21  5 15  0  0
88 50  76084 124224208 2254340 50387560    0    0 1699744 1007428 304970 1124452 61 20  5 13  0  0
68 77  76084 124213240 2254340 50387592    0    0 1698352 1011260 309003 1158904 59 20  6 15  0  0
62 75  76084 124208776 2254340 50387612    0    0 1703952 1021644 306792 1138064 62 19  5 14  0  0
51 99  76084 124224304 2254340 50387632    0    0 1686656 989576 309227 1152933 59 20  6 15  0  0
61 74  76084 124202664 2254340 50387660    0    0 1681216 1005372 305362 1118683 61 20  6 13  0  0
56 89  76084 124205932 2254340 50387688    0    0 1690592 999612 308368 1150568 59 20  6 15  0  0
76 60  76084 124211628 2254340 50387708    0    0 1672848 992500 302602 1116842 61 20  5 14  0  0
47 103  76084 124207800 2254340 50387736    0    0 1645152 984536 303756 1137878 58 20  6 17  0  0
93 48  76084 124218268 2254340 50387760    0    0 1608848 959012 295117 1090663 59 19  5 16  0  0
75 68  76084 124214988 2254340 50387792    0    0 1668000 1008044 302241 1119798 61 20  5 15  0  0
83 60  76084 124212360 2254340 50387812    0    0 1702160 1013428 309281 1152091 59 20  5 15  0  0
78 65  76084 124216380 2254340 50387840    0    0 1720672 1023808 308967 1133610 63 21  4 12  0  0
56 91  76084 124205384 2254340 50387868    0    0 1675872 1003304 307101 1152393 57 19  6 17  0  0
90 51  76084 124216064 2254340 50387880    0    0 1697728 1006188 305967 1129604 61 20  5 14  0  0
97 55  76084 124207352 2254340 50387904    0    0 1702624 1005336 310405 1154238 59 21  5 15  0  0
82 60  76084 124216916 2254340 50387932    0    0 1651472 985660 299546 1107191 60 20  5 15  0  0
94 56  76084 124210892 2254340 50387956    0    0 1623376 965592 299167 1120535 56 20  6 18  0  0
41 107  76084 124192904 2254340 50387976    0    0 1593824 948408 292144 1086522 58 19  6 17  0  0
68 69  76084 124208760 2254340 50388000    0    0 1618448 964620 295071 1087004 59 19  6 16  0  0
62 83  76084 124226468 2254340 50388028    0    0 1642240 978356 297509 1102499 60 19  5 15  0  0
procs -----------memory---------- ---swap-- -----io---- -system-- -------cpu-------
 r  b   swpd   free   buff  cache   si   so    bi    bo   in   cs us sy id wa st gu
52 99  76084 124210484 2254340 50388060    0    0 1666448 994080 303912 1132145 58 20  6 16  0  0
48 89  76084 124197356 2254340 50388084    0    0 1665184 984876 302184 1111205 61 20  5 14  0  0
50 95  76084 124209964 2254340 50388116    0    0 1704864 1021276 310940 1165639 60 20  5 15  0  0
44 90  76084 124216036 2254340 50388132    0    0 1727952 1015772 309630 1153335 62 19  5 14  0  0
87 65  76084 124219264 2254340 50388164    0    0 1719200 1017544 311713 1159217 60 21  5 14  0  0
79 76  76084 124214776 2254340 50388180    0    0 1718544 1019492 309654 1142772 62 21  4 12  0  0
80 72  76084 124224780 2254340 50388204    0    0 1704336 1011368 311128 1157351 59 21  5 15  0  0
84 48  76084 124222012 2254340 50388232    0    0 1734432 1028216 311266 1149771 63 21  4 12  0  0
71 69  76084 124200080 2254340 50388252    0    0 1752080 1042644 318168 1185906 61 21  5 13  0  0
93 52  76084 124199712 2254340 50388288    0    0 1764608 1044460 318155 1196523 61 22  5 13  0  0
89 52  76084 124206864 2254340 50388316    0    0 1744432 1044124 316553 1188707 61 21  5 13  0  0
81 67  76084 124217796 2254340 50388340    0    0 1732400 1035848 314033 1161525 60 21  5 14  0  0
74 67  76084 124223896 2254340 50388364    0    0 1758768 1040012 313078 1155299 64 21  4 11  0  0
66 63  76084 124219368 2254340 50388388    0    0 1766736 1043548 318514 1203856 61 21  5 13  0  0
74 71  76084 124233552 2254340 50388408    0    0 1633584 983612 301907 1128356 56 19  7 18  0  0
65 73  76084 124200588 2254340 50388428    0    0 1638592 989344 300307 1105142 60 20  5 15  0  0
85 54  76084 124193444 2254340 50388448    0    0 1683840 1002448 308049 1146167 58 20  6 16  0  0
75 68  76084 124208740 2254340 50388476    0    0 1702848 1018824 307297 1128809 62 20  5 13  0  0
42 111  76084 124226292 2254340 50388504    0    0 1710864 1012816 311514 1161547 60 21  5 14  0  0
78 65  76084 124209064 2254340 50388528    0    0 1697568 1011168 307777 1136672 61 20  5 13  0  0
61 86  76084 124222188 2254340 50388552    0    0 1713968 1020924 311345 1159993 60 21  5 14  0  0
procs -----------memory---------- ---swap-- -----io---- -system-- -------cpu-------
 r  b   swpd   free   buff  cache   si   so    bi    bo   in   cs us sy id wa st gu
67 87  76084 124196684 2254340 50388576    0    0 1716480 1020576 309142 1145104 62 21  5 13  0  0
75 79  76084 124205836 2254340 50388600    0    0 1714160 1017472 312584 1163851 60 21  5 14  0  0
81 46  76084 124213012 2254340 50388636    0    0 1681408 989880 303519 1119669 62 20  5 14  0  0
73 73  76084 124218960 2254340 50388652    0    0 1664192 988464 305111 1150909 57 19  6 18  0  0
60 70  76084 124215652 2254340 50388672    0    0 1689248 1002828 303497 1125151 62 20  5 13  0  0
85 61  76084 124218416 2254340 50388696    0    0 1677904 997228 308126 1147602 59 20  6 16  0  0
70 80  76084 124204140 2254340 50388720    0    0 1717808 1029300 308835 1138636 63 20  4 12  0  0
78 61  76084 124188104 2254340 50388748    0    0 1725968 1022956 312947 1163707 60 21  5 14  0  0
113 32  76084 124197724 2254340 50388776    0    0 1740048 1025604 310888 1146391 63 21  5 12  0  0
101 46  76084 124213868 2254340 50388796    0    0 1745920 1038116 315766 1172721 61 21  5 13  0  0
56 91  76084 124212200 2254340 50388816    0    0 1751520 1044300 312573 1150837 63 21  4 12  0  0
85 63  76084 124204188 2254340 50388840    0    0 1718336 1027024 311981 1168966 60 21  5 14  0  0
80 57  76084 124213028 2254340 50388876    0    0 1662912 980288 300706 1116043 61 20  5 15  0  0
80 57  76084 124214940 2254340 50388900    0    0 1694032 997628 309977 1150828 59 20  5 15  0  0
71 64  76084 124215816 2254340 50388920    0    0 1696720 1003212 305698 1136977 61 19  5 14  0  0
65 88  76084 124200692 2254340 50388948    0    0 1686736 1003796 308193 1140534 59 20  5 15  0  0
81 70  76084 124223800 2254340 50388976    0    0 1711792 1015652 305445 1122197 63 20  4 13  0  0
82 56  76084 124203752 2254340 50389004    0    0 1733936 1033236 311829 1161603 60 21  5 14  0  0
74 69  76084 124191920 2254340 50389024    0    0 1752688 1033560 313134 1154354 63 21  4 12  0  0
73 62  76084 124197496 2254340 50389044    0    0 1758192 1038772 316195 1181944 61 21  5 13  0  0
73 69  76084 124216548 2254340 50389068    0    0 1737152 1033844 313735 1168544 61 21  6 13  0  0
procs -----------memory---------- ---swap-- -----io---- -system-- -------cpu-------
 r  b   swpd   free   buff  cache   si   so    bi    bo   in   cs us sy id wa st gu
53 81  76084 124217680 2254340 50389092    0    0 1659440 988600 300788 1115627 60 20  5 15  0  0
109 42  76084 124229560 2254340 50389124    0    0 1710592 1013844 311595 1167567 60 21  6 14  0  0
86 60  76084 124214776 2254340 50389152    0    0 1713440 1013148 307777 1142035 62 21  5 13  0  0
71 77  76084 124209296 2254340 50389168    0    0 1691248 1018460 309658 1174821 58 20  6 16  0  0
81 48  76084 124213208 2254340 50389188    0    0 1717984 1015404 308066 1139194 62 20  5 13  0  0
49 94  76084 124195988 2254340 50389220    0    0 1744496 1038900 314908 1169085 61 21  5 13  0  0
74 69  76084 124202088 2254340 50389244    0    0 1742400 1040376 310397 1139736 63 21  5 12  0  0
70 67  76084 124214108 2254340 50389264    0    0 1749504 1034232 313870 1175957 61 21  5 13  0  0
60 84  76084 124204944 2254340 50389292    0    0 1720448 1028036 307581 1133393 62 20  5 13  0  0
60 90  76084 124217392 2254340 50389312    0    0 1668960 991740 306711 1141016 58 20  6 16  0  0
48 84  76084 124204552 2254340 50389344    0    0 1698592 1006196 305487 1126921 62 20  5 13  0  0
50 89  76084 124200348 2254340 50389364    0    0 1714480 1014636 311144 1154883 60 21  5 14  0  0
81 63  76084 124204080 2254340 50389392    0    0 1681840 1001760 304203 1119889 61 20  5 14  0  0
101 42  76084 124208236 2254340 50389420    0    0 1685696 1002852 307173 1142685 58 20  6 16  0  0
77 51  76084 124213588 2254340 50389444    0    0 1754016 1046036 314707 1166434 63 19  5 13  0  0
59 78  76084 124215880 2254340 50389464    0    0 1745936 1041800 316857 1180425 61 21  5 13  0  0
100 41  76084 124201804 2254340 50389488    0    0 1760544 1031328 318205 1189346 61 21  5 13  0  0
70 73  76084 124215308 2254340 50389512    0    0 1725696 1018220 313320 1153423 60 21  5 14  0  0
90 64  76084 124228480 2254340 50389536    0    0 1686368 1017844 307107 1130296 61 20  5 14  0  0
103 42  76084 124224884 2254340 50389564    0    0 1707584 1005388 308972 1145750 60 21  5 15  0  0
80 61  76084 124229796 2254340 50389584    0    0 1715536 1007876 310199 1139915 63 20  4 13  0  0
procs -----------memory---------- ---swap-- -----io---- -system-- -------cpu-------
 r  b   swpd   free   buff  cache   si   so    bi    bo   in   cs us sy id wa st gu
85 41  76084 124206892 2254340 50389608    0    0 1704992 1015116 309009 1159459 60 21  5 14  0  0
81 54  76084 124190808 2254340 50389640    0    0 1681232 999560 304276 1129459 61 20  5 14  0  0
88 54  76084 124202272 2254340 50389660    0    0 1734256 1034348 312058 1162934 61 21  5 14  0  0
84 70  76084 124212860 2254340 50389688    0    0 1737984 1036132 311603 1154354 63 20  5 12  0  0
88 67  76084 124221312 2254340 50389704    0    0 1743760 1039068 315947 1183228 60 20  5 15  0  0
68 81  76084 124212336 2254340 50389728    0    0 1714720 1037488 312286 1159196 59 20  5 15  0  0
59 77  76084 124226456 2254340 50389760    0    0 1681328 1012144 305478 1119151 61 20  5 14  0  0
26 124  76084 124206580 2254340 50389784    0    0 1712992 1011488 311284 1155600 60 21  5 14  0  0
31 117  76084 124211252 2254340 50389808    0    0 1717104 1015728 307992 1141467 62 21  5 13  0  0
27 113  76084 124188732 2254340 50389832    0    0 1716432 1013240 312581 1167008 60 21  5 14  0  0
20 120  76084 124198072 2254340 50389852    0    0 1718528 1016068 307776 1135848 62 20  5 13  0  0
27 94  76084 124197536 2254340 50389884    0    0 1733680 1033812 313686 1173316 61 21  5 14  0  0
20 110  76084 124209224 2254340 50389904    0    0 1737520 1028408 310311 1142876 63 21  4 12  0  0
40 87  76084 124213048 2254340 50389928    0    0 1721632 1026088 311244 1163359 60 21  5 14  0  0
33 102  76084 124219608 2254340 50389944    0    0 1716720 1021600 308786 1155569 61 20  5 14  0  0
40 80  76084 124225740 2254340 50389964    0    0 1686640 1004568 306280 1144784 59 20  6 15  0  0
32 77  76084 124208124 2254340 50390000    0    0 1725680 1028420 309119 1152062 62 21  5 12  0  0
27 98  76084 124194732 2254340 50390028    0    0 1747392 1039992 314970 1187721 60 21  5 13  0  0
42 71  76084 124206992 2254340 50390048    0    0 1748256 1037124 315521 1179754 61 21  5 14  0  0
17 89  76084 124202052 2254340 50390080    0    0 1712896 1027216 307969 1134868 62 21  4 13  0  0
44 70  76084 124210544 2254340 50390100    0    0 1719024 1016752 311895 1163848 60 21  5 14  0  0
procs -----------memory---------- ---swap-- -----io---- -system-- -------cpu-------
 r  b   swpd   free   buff  cache   si   so    bi    bo   in   cs us sy id wa st gu
60 92  76084 124204080 2254340 50390132    0    0 1748000 1039332 311968 1160708 63 21  4 12  0  0
64 46  76084 124195540 2254340 50390164    0    0 1749072 1030216 316035 1182430 61 21  5 14  0  0
35 112  76084 124195112 2254340 50390188    0    0 1684496 1006516 305922 1148463 59 20  5 16  0  0
48 100  76084 124196584 2254340 50390212    0    0 1686560 1001608 303033 1124286 61 20  5 14  0  0
64 82  76084 124206788 2254340 50390224    0    0 1718400 1025136 311245 1165061 60 19  5 15  0  0
73 58  76084 124226696 2254340 50390244    0    0 1718656 1025748 308436 1143839 62 20  5 13  0  0
58 92  76084 124205736 2254340 50390276    0    0 1710528 1013056 308755 1147494 60 21  5 14  0  0
80 66  76084 124202636 2254340 50390304    0    0 1705776 1010964 306781 1135383 62 20  5 13  0  0
81 61  76084 124193532 2254340 50390328    0    0 1707856 1018348 309645 1159655 59 21  5 14  0  0
58 82  76084 124200316 2254340 50390352    0    0 1705248 1004312 307343 1136725 61 20  5 13  0  0
42 92  76084 124188184 2254340 50390380    0    0 1721808 1018084 311169 1165022 60 21  5 14  0  0
92 43  76084 124200564 2254340 50390408    0    0 1688464 1003164 306019 1139131 62 20  5 14  0  0
68 76  76084 124212972 2254340 50390432    0    0 1728480 1016184 312725 1162990 60 21  5 14  0  0
81 50  76084 124194404 2254340 50390464    0    0 1734832 1030732 310853 1147360 63 21  4 12  0  0
56 85  76084 124209088 2254340 50390484    0    0 1747440 1031736 317312 1190372 60 20  6 14  0  0
52 77  76084 124215760 2254340 50390496    0    0 1713056 1015172 311136 1163108 60 20  5 15  0  0
60 60  76084 124202676 2254340 50390520    0    0 1721328 1036736 311000 1140950 62 20  5 13  0  0
47 69  76084 124213052 2254340 50390544    0    0 1722976 1022560 312765 1163434 60 21  5 14  0  0
30 102  76084 124231904 2254340 50390572    0    0 1690784 1008316 306293 1124646 61 20  5 14  0  0
66 72  76084 124202200 2254340 50390592    0    0 1683728 1005064 308639 1152991 59 20  5 15  0  0
91 37  76084 124215792 2254340 50390620    0    0 1612160 961288 297278 1103088 59 19  5 17  0  0
procs -----------memory---------- ---swap-- -----io---- -system-- -------cpu-------
 r  b   swpd   free   buff  cache   si   so    bi    bo   in   cs us sy id wa st gu
59 51  76084 124200212 2254340 50390652    0    0 1628560 979688 297293 1101259 60 19  6 15  0  0
53 45  76084 124196732 2254340 50390676    0    0 1669040 998248 302211 1114864 60 19  6 14  0  0
62 61  76084 124222676 2254340 50390700    0    0 1729776 1028736 313368 1159153 60 21  6 13  0  0
60 68  76084 124208412 2254340 50390728    0    0 1753424 1040672 314811 1162673 63 21  4 12  0  0
44 54  76084 124207632 2254340 50390744    0    0 1738080 1031456 314560 1169005 60 20  5 15  0  0
70 55  76084 124201336 2254340 50390768    0    0 1731040 1027408 310254 1134721 62 20  4 13  0  0
65 65  76084 124205888 2254340 50390792    0    0 1733648 1024712 313549 1166037 61 21  5 13  0  0
72 56  76084 124187780 2254340 50390816    0    0 1657328 989960 301464 1099292 59 20  6 15  0  0
45 91  76084 124207552 2254340 50390844    0    0 1710768 1008892 310328 1151781 60 21  5 14  0  0
70 69  76084 124206284 2254340 50390864    0    0 1735296 1030368 311022 1141753 63 21  4 12  0  0
68 78  76084 124211120 2254340 50390896    0    0 1727408 1028512 311112 1156438 60 21  5 14  0  0
61 65  76084 124188108 2254340 50390924    0    0 1701008 1010144 307842 1132460 61 20  5 14  0  0
56 85  76084 124171484 2254340 50390944    0    0 1728576 1022640 312273 1160324 61 21  5 14  0  0
87 59  76084 124219036 2254340 50390968    0    0 1706144 1019416 309664 1118590 62 20  5 13  0  0
62 71  76084 124217036 2254340 50390992    0    0 1725440 1028848 313794 1161195 60 21  5 14  0  0
32 106  76084 124229452 2254340 50391012    0    0 1702176 1020848 307862 1141776 61 19  5 14  0  0
78 61  76084 124205948 2254340 50391040    0    0 1670736 987752 306367 1145603 59 20  6 16  0  0
58 60  76084 124201960 2254340 50391068    0    0 1685280 1007672 305325 1112868 61 20  4 14  0  0
82 56  76084 124199508 2254340 50391092    0    0 1726144 1015076 313096 1162217 60 21  5 14  0  0
66 64  76084 124206152 2254340 50391112    0    0 1728768 1034576 310382 1134981 62 20  5 12  0  0
32 100  76084 124205740 2254340 50391136    0    0 1698608 1017388 309951 1149974 59 20  6 15  0  0
procs -----------memory---------- ---swap-- -----io---- -system-- -------cpu-------
 r  b   swpd   free   buff  cache   si   so    bi    bo   in   cs us sy id wa st gu
51 96  76084 124187120 2254340 50391160    0    0 1684240 1006660 305207 1116077 60 20  7 13  0  0
52 86  76084 124187028 2254340 50391188    0    0 1730960 1025564 314687 1166801 60 21  6 14  0  0
58 75  76084 124181060 2254340 50391212    0    0 1719184 1021112 309636 1136252 62 20  5 13  0  0
33 93  76084 124204308 2254340 50391248    0    0 1705488 1025456 310512 1151692 60 21  5 15  0  0
31 92  76084 124199360 2254340 50391268    0    0 1665760 1006964 302540 1122794 59 19  6 16  0  0
44 95  76084 124210008 2254340 50391284    0    0 1656496 985276 304615 1133346 57 19  6 18  0  0
44 49  76084 124200988 2254340 50391316    0    0 1686176 1031292 304768 1123368 61 20  5 14  0  0
21 77  76084 124213744 2254340 50391340    0    0 1737296 1030176 313263 1169332 60 21  5 13  0  0
59 86  76084 124209744 2254340 50391364    0    0 1715216 1019368 308126 1136575 62 20  5 13  0  0
42 69  76084 124207160 2254340 50391380    0    0 1676496 1008608 307726 1134955 59 20  5 16  0  0
20 91  76084 124199772 2254340 50391404    0    0 1726992 1020888 309854 1139908 62 20  5 13  0  0
35 75  76084 124191572 2254340 50391428    0    0 1723584 1023416 311972 1157125 60 21  5 14  0  0
25 83  76084 124203140 2254340 50391456    0    0 1710720 1024996 307083 1134529 61 21  5 13  0  0
17 82  76084 124202352 2254340 50391476    0    0 1705520 1008696 309262 1155713 60 20  5 15  0  0
24 90  76084 124214128 2254344 50391512    0    0 1633056 980012 298215 1087824 59 19  6 16  0  0
42 92  76084 124215296 2254344 50391536    0    0 1713504 1012316 306961 1143632 61 19  5 15  0  0
33 101  76084 124222884 2254344 50391560    0    0 1721760 1040860 311759 1160109 59 21  6 14  0  0
35 83  76084 124211536 2254344 50391584    0    0 1635104 966072 298911 1129991 59 19  5 16  0  0
31 96  76084 124210456 2254344 50391608    0    0 1711824 1005892 310641 1154463 59 21  5 15  0  0
62 74  76084 124196208 2254344 50391636    0    0 1711440 1016112 308659 1131399 61 20  5 14  0  0
56 82  76084 124199792 2254344 50391668    0    0 1732832 1040696 315167 1165403 60 21  5 13  0  0
procs -----------memory---------- ---swap-- -----io---- -system-- -------cpu-------
 r  b   swpd   free   buff  cache   si   so    bi    bo   in   cs us sy id wa st gu
21 72  76084 124197928 2254344 50391680    0    0 1735920 1027224 310230 1140287 63 21  4 12  0  0
55 85  76084 124193600 2254344 50391716    0    0 1718176 1014196 312255 1160685 60 21  5 14  0  0
25 108  76084 124180568 2254344 50391740    0    0 1691040 1000140 305604 1124811 61 20  5 14  0  0
39 115  76084 124187252 2254344 50391764    0    0 1674912 998132 308948 1135728 58 20  5 17  0  0
16 105  76084 124172364 2254344 50391792    0    0 1697840 1024240 307662 1130249 61 20  5 14  0  0
59 82  76084 124201260 2254344 50391804    0    0 1717216 1013052 310326 1152531 60 19  6 16  0  0
50 71  76084 124217308 2254344 50391820    0    0 1738848 1029868 310494 1143238 63 21  4 12  0  0
57 66  76084 124200128 2254344 50391848    0    0 1700768 1001328 308663 1147336 59 20  5 15  0  0
49 58  76084 124181628 2254344 50391872    0    0 1720368 1031836 308488 1131932 62 21  5 13  0  0
72 74  76084 124187252 2254344 50391900    0    0 1723872 1021164 313353 1167458 60 21  5 14  0  0
70 66  76084 124200240 2254344 50391928    0    0 1707280 1013496 308401 1128724 61 20  5 14  0  0
20 74  76084 124199568 2254344 50391956    0    0 1720176 1034916 313182 1159975 60 21  5 14  0  0
67 40  76084 124185896 2254344 50391980    0    0 1667776 984116 301824 1108146 60 20  5 15  0  0
36 93  76084 124196796 2254344 50392004    0    0 1703488 1021340 310316 1145743 59 20  6 15  0  0
26 67  76084 124207972 2254344 50392032    0    0 1705856 1015616 306796 1114929 62 21  4 13  0  0
31 95  76084 124208052 2254344 50392056    0    0 1742672 1035156 314919 1175880 61 20  5 14  0  0
48 43  76084 124223964 2254344 50392072    0    0 1702448 1020196 306682 1128633 61 20  5 14  0  0
25 39  76084 124191420 2254344 50392092    0    0 1718256 1020040 312550 1152694 60 21  5 14  0  0
72 59  76084 124194504 2254344 50392120    0    0 1680032 989832 304349 1115542 60 20  5 15  0  0
85 48  76084 124206724 2254344 50392156    0    0 1664128 994464 304520 1126366 58 20  6 16  0  0
47 62  76084 124212444 2254344 50392180    0    0 1622688 977020 296550 1084413 59 19  6 16  0  0
procs -----------memory---------- ---swap-- -----io---- -system-- -------cpu-------
 r  b   swpd   free   buff  cache   si   so    bi    bo   in   cs us sy id wa st gu
11 95  76084 124177092 2254344 50392204    0    0 1595568 965220 293394 1070686 57 19  6 18  0  0
42 41  76084 124200840 2254344 50392228    0    0 1508640 918428 285605 1026203 54 18  8 20  0  0
51 38  76084 124198144 2254344 50392252    0    0 1557104 947804 291402 1055497 56 18  7 18  0  0
34 74  76084 124190624 2254344 50392276    0    0 1590848 951924 294627 1064866 58 19  6 18  0  0
38 98  76084 124195568 2254344 50392304    0    0 1635168 1000108 297350 1093175 59 19  6 16  0  0
40 33  76084 124219996 2254344 50392312    0    0 1716256 1001184 308137 1137931 62 19  5 14  0  0
59 67  76084 124212520 2254344 50392336    0    0 1672528 994264 309359 1133535 58 20  6 16  0  0
31 99  76084 124198512 2254344 50392364    0    0 1677584 1006744 305734 1121610 61 20  5 14  0  0
32 68  76084 124188744 2254344 50392392    0    0 1691520 1005116 308063 1146218 59 21  6 14  0  0
74 59  76084 124188936 2254344 50392424    0    0 1641520 970748 300393 1108341 59 20  6 16  0  0
42 51  76084 124164708 2254344 50392444    0    0 1597440 970220 296978 1102600 55 19  7 19  0  0
63 72  76084 124211472 2254344 50392476    0    0 1556608 941888 289062 1057446 57 18  7 18  0  0
35 83  76084 124193956 2254344 50392508    0    0 1620624 963872 295313 1082147 60 19  5 16  0  0
53 81  76084 124191004 2254344 50392532    0    0 1618704 973360 297005 1092943 59 19  5 16  0  0
65 69  76084 124188772 2254344 50392556    0    0 1625216 965692 296305 1105044 60 19  5 16  0  0
52 84  76084 124193040 2254344 50392568    0    0 1592848 967012 294589 1110839 58 18  6 18  0  0
66 64  76084 124202488 2254344 50392600    0    0 1602480 967336 294011 1100847 59 19  6 17  0  0
72 46  76084 124200364 2254344 50392620    0    0 1631680 969256 298202 1125464 59 19  6 16  0  0
56 56  76084 124206604 2254344 50392644    0    0 1604096 956568 297134 1117255 56 19  7 18  0  0
37 46  76084 124191140 2254344 50392704    0    0 1516128 949396 284143 1048057 56 19  7 18  0  0
43 73  76084 124185400 2254344 50392704    0    0 1580464 914032 289290 1085557 58 19  6 18  0  0
procs -----------memory---------- ---swap-- -----io---- -system-- -------cpu-------
 r  b   swpd   free   buff  cache   si   so    bi    bo   in   cs us sy id wa st gu
46 49  76084 124204196 2254344 50392724    0    0 1358672 859036 265067 979254 48 16 10 27  0  0
54 44  76084 124190132 2254344 50392752    0    0 1433952 877576 274973 1026530 51 17  8 23  0  0
20 46  76084 124201628 2254344 50392780    0    0 1436720 881428 274514 1017919 52 16  8 24  0  0
24 76  76084 124217680 2254344 50392808    0    0 1482400 870208 279085 1038193 54 17  7 21  0  0
51 59  76084 124227628 2254344 50392828    0    0 1448208 894624 275602 1032024 52 16  9 24  0  0
52 82  76084 124230684 2254344 50392860    0    0 1489504 905976 280066 1032311 54 17  8 22  0  0
34 106  76084 124206096 2254344 50392888    0    0 1581280 933700 292658 1075706 58 19  6 17  0  0
35 50  76084 124208408 2254344 50392912    0    0 1629680 984072 299142 1104192 60 19  6 15  0  0
66 49  76084 124199992 2254344 50392936    0    0 1639408 974332 300427 1110184 60 20  5 15  0  0
98 48  76084 124202680 2254344 50392964    0    0 1628640 979848 301532 1130037 57 20  6 18  0  0
33 81  76084 124197748 2254344 50392988    0    0 1622016 963472 295973 1099322 58 19  6 17  0  0
46 57  76084 124202560 2254344 50393012    0    0 1606848 976116 299711 1108950 56 19  7 19  0  0
43 98  76084 124191112 2254344 50393036    0    0 1673504 987260 302195 1126938 61 20  5 14  0  0
72 73  76084 124187204 2254344 50393064    0    0 1657776 987392 304892 1139102 58 20  5 16  0  0
47 59  76084 124183372 2254344 50393096    0    0 1658768 977824 302241 1125387 60 19  5 16  0  0
85 58  76084 124202000 2254344 50393108    0    0 1646464 1002684 304322 1137201 57 18  6 18  0  0
49 69  76084 124196244 2254344 50393136    0    0 1701376 1009996 306048 1126424 61 20  5 14  0  0
33 101  76084 124205204 2254344 50393160    0    0 1712176 1017416 311135 1153735 61 20  5 14  0  0
44 80  76084 124200916 2254344 50393180    0    0 1720592 1017316 308766 1142796 62 21  5 13  0  0
36 69  76084 124189496 2254344 50393216    0    0 1701472 1028352 310973 1166074 59 21  5 15  0  0
38 50  76084 124184556 2254344 50393228    0    0 1669200 993980 302434 1119361 60 20  6 15  0  0
procs -----------memory---------- ---swap-- -----io---- -system-- -------cpu-------
 r  b   swpd   free   buff  cache   si   so    bi    bo   in   cs us sy id wa st gu
78 58  76084 124176300 2254344 50393256    0    0 1668768 984320 305015 1142313 59 20  6 16  0  0
79 62  76084 124191564 2254344 50393280    0    0 1672176 994396 302957 1129837 60 20  5 15  0  0
47 99  76084 124213352 2254344 50393312    0    0 1606608 1006872 298855 1107182 56 19  8 16  0  0
47 75  76084 124219196 2254344 50393340    0    0 1664688 949548 299817 1114915 61 20  5 15  0  0
63 54  76084 124209768 2254344 50393360    0    0 1640416 984752 300109 1123726 58 18  6 17  0  0
58 86  76084 124210132 2254344 50393372    0    0 1678416 988748 305901 1149027 59 20  6 16  0  0
40 64  76084 124204044 2254344 50393404    0    0 1661904 1005704 302670 1121629 60 20  5 15  0  0
68 61  76084 124191156 2254344 50393428    0    0 1666736 967948 302593 1137374 59 20  5 16  0  0
51 86  76084 124201080 2254344 50393456    0    0 1657440 993160 300557 1111806 60 20  5 15  0  0
16 86  76084 124197396 2254344 50393480    0    0 1629632 983272 300246 1122871 57 20  6 17  0  0
40 67  76084 124196148 2254344 50393508    0    0 1640400 991528 299668 1112827 59 19  6 16  0  0
52 55  76084 124218244 2254344 50393520    0    0 1676736 999500 306393 1152049 59 20  5 16  0  0
58 78  76084 124204588 2254344 50393548    0    0 1627264 951988 295551 1098924 60 19  5 16  0  0
70 61  76084 124182660 2254344 50393572    0    0 1674768 1000840 303683 1128662 60 20  5 15  0  0
59 61  76084 124182596 2254344 50393600    0    0 1680176 1000692 307331 1150625 59 20  5 16  0  0
64 69  76084 124197496 2254344 50393624    0    0 1723856 1025416 310502 1153162 61 19  5 15  0  0
47 60  76084 124216772 2254344 50393644    0    0 1715008 1023404 311390 1163114 61 21  5 14  0  0
41 76  76084 124207112 2254344 50393676    0    0 1666016 980920 301479 1120719 60 20  5 15  0  0
45 80  76084 124203056 2254344 50393704    0    0 1674784 983192 305325 1140653 59 20  5 16  0  0
44 80  76084 124192868 2254344 50393732    0    0 1645792 970508 301065 1118198 59 20  5 16  0  0
67 74  76084 124174504 2254344 50393768    0    0 1634752 987612 303404 1129900 57 20  6 17  0  0
procs -----------memory---------- ---swap-- -----io---- -system-- -------cpu-------
 r  b   swpd   free   buff  cache   si   so    bi    bo   in   cs us sy id wa st gu
51 71  76084 124187372 2254344 50393792    0    0 1642432 969676 299749 1116193 59 20  5 16  0  0
55 81  76084 124187876 2254344 50393816    0    0 1638576 1004564 302004 1129462 57 20  6 16  0  0
31 99  76084 124177736 2254344 50393844    0    0 1693456 974452 303610 1131144 61 21  4 14  0  0
29 107  76084 124190024 2254344 50393868    0    0 1679712 993508 307648 1144627 59 20  5 16  0  0
44 88  76084 124202268 2254344 50393892    0    0 1670064 976412 303800 1127474 60 19  5 15  0  0
70 46  76084 124214376 2254344 50393912    0    0 1661904 1002612 305617 1142013 58 19  6 17  0  0
52 73  76084 124202088 2254344 50393940    0    0 1683072 994192 304707 1132387 61 20  5 15  0  0
57 89  76084 124210372 2254344 50393968    0    0 1684240 999472 307382 1153657 59 20  5 15  0  0
25 63  76084 124195532 2254344 50393996    0    0 1652496 988380 301270 1126625 60 20  5 15  0  0
40 77  76084 124193536 2254344 50394016    0    0 1637568 965796 301250 1129933 57 19  6 17  0  0
19 52  76084 124188584 2254344 50394052    0    0 1647536 1017220 301661 1114765 59 20  5 15  0  0
41 51  76084 124185940 2254344 50394076    0    0 1745424 1029588 315268 1179699 61 21  5 13  0  0
64 48  76084 124179272 2254344 50394096    0    0 1752032 1030824 313433 1161175 63 21  4 12  0  0
29 96  76084 124196776 2254344 50394128    0    0 1666656 1001652 305474 1142718 59 20  5 16  0  0
37 93  76084 124199064 2254344 50394148    0    0 1674416 989692 302313 1118998 60 20  5 15  0  0
55 62  76084 124204772 2254344 50394168    0    0 1676928 998020 306932 1155248 59 19  6 17  0  0
60 75  76084 124212308 2254344 50394184    0    0 1673152 1008792 303524 1126976 60 20  5 15  0  0
33 84  76084 124197412 2254344 50394208    0    0 1710144 1016804 310578 1154351 60 21  5 14  0  0
13 82  76084 124207416 2254344 50394244    0    0 1670000 1015492 304494 1134670 60 20  6 14  0  0
54 55  76084 124193464 2254344 50394272    0    0 1738192 1028640 313913 1175313 61 21  5 13  0  0
44 101  76084 124204868 2254344 50394292    0    0 1740432 1037180 312661 1161223 62 21  5 12  0  0
procs -----------memory---------- ---swap-- -----io---- -system-- -------cpu-------
 r  b   swpd   free   buff  cache   si   so    bi    bo   in   cs us sy id wa st gu
74 55  76084 124200508 2254344 50394316    0    0 1739328 1037384 314954 1183425 60 21  5 13  0  0
52 78  76084 124180648 2254344 50394340    0    0 1680832 1000420 306083 1148410 59 20  5 15  0  0
63 82  76084 124175824 2254344 50394364    0    0 1687696 1018976 305229 1135335 61 20  5 14  0  0
33 52  76084 124171932 2254344 50394396    0    0 1687936 996276 306985 1149980 60 21  5 15  0  0
61 82  76084 124197488 2254344 50394416    0    0 1693392 1006416 306264 1140043 61 20  5 14  0  0
17 91  76084 124207420 2254344 50394428    0    0 1735024 1034804 314548 1176067 60 20  5 15  0  0
36 59  76084 124198404 2254344 50394448    0    0 1688720 986000 306872 1129034 61 20  5 14  0  0
37 107  76084 124184960 2254344 50394480    0    0 1742016 1033300 314373 1170955 61 21  5 13  0  0
48 61  76084 124197704 2254344 50394508    0    0 1738240 1027860 312002 1152282 62 21  5 13  0  0
69 65  76084 124183556 2254344 50394532    0    0 1747616 1027868 316116 1188238 60 21  5 13  0  0
57 79  76084 124205424 2254344 50394552    0    0 1677184 999464 307896 1147397 59 21  5 15  0  0
32 68  76084 124192132 2254344 50394576    0    0 1695104 1010060 307687 1137937 61 20  5 14  0  0
82 61  76084 124195640 2254344 50394608    0    0 1700128 1003468 310091 1145289 60 21  5 14  0  0
42 89  76084 124199808 2254344 50394628    0    0 1711664 1027312 310038 1145366 62 21  5 13  0  0
76 34  76084 124180088 2254344 50394652    0    0 1732736 1027384 313702 1165469 61 21  5 13  0  0
51 55  76084 124179784 2254344 50394680    0    0 1724304 1001784 309931 1155535 62 20  5 14  0  0
68 66  76084 124207284 2254344 50394688    0    0 1686288 1023996 310111 1153219 59 19  6 16  0  0
64 85  76084 124207276 2254344 50394720    0    0 1717680 1042760 309810 1145385 62 20  5 13  0  0
47 89  76084 124204256 2254344 50394744    0    0 1716224 990776 310643 1162249 60 21  5 14  0  0
50 80  76084 124195700 2254344 50394768    0    0 1669696 999304 304442 1131549 61 20  5 15  0  0
79 63  76084 124187872 2254344 50394792    0    0 1660512 1015404 305572 1137553 59 20  6 15  0  0
procs -----------memory---------- ---swap-- -----io---- -system-- -------cpu-------
 r  b   swpd   free   buff  cache   si   so    bi    bo   in   cs us sy id wa st gu
52 58  76084 124185952 2254344 50394812    0    0 1698928 993372 306086 1137258 61 20  5 14  0  0
40 64  76084 124202376 2254344 50394852    0    0 1747312 1044884 315398 1172233 61 21  5 13  0  0
76 61  76084 124208112 2254344 50394876    0    0 1745824 1013880 311966 1155173 62 21  4 12  0  0
58 77  76084 124191080 2254344 50394908    0    0 1722400 1029736 314213 1158179 61 21  5 14  0  0
60 41  76084 124174088 2254344 50394936    0    0 1701488 1005852 307722 1144681 61 20  5 14  0  0
49 82  76084 124181832 2254344 50394960    0    0 1725520 1022392 313661 1172086 60 20  6 15  0  0
46 68  76084 124202236 2254344 50394972    0    0 1675936 989816 303771 1121007 61 19  5 15  0  0
23 56  76084 124206080 2254344 50394988    0    0 1655248 1014368 303813 1133933 58 20  6 16  0  0
62 76  76084 124210728 2254344 50395016    0    0 1698688 991176 304698 1130901 61 20  5 14  0  0
42 101  76084 124197964 2254344 50395040    0    0 1704896 1013976 310756 1158377 61 20  5 14  0  0
29 66  76084 124196752 2254344 50395064    0    0 1746096 1040072 313918 1162410 63 21  4 12  0  0
40 109  76084 124189276 2254344 50395088    0    0 1729184 1034216 314844 1174616 60 21  5 14  0  0
27 84  76084 124199740 2254344 50395116    0    0 1738976 1031412 314469 1165455 61 21  5 13  0  0
60 87  76084 124200696 2254344 50395144    0    0 1718304 1030816 310090 1145809 61 21  5 13  0  0
39 97  76084 124184988 2254344 50395164    0    0 1712912 1019004 311823 1163291 60 21  5 14  0  0
41 88  76084 124198012 2254344 50395196    0    0 1675888 995092 303017 1127428 60 20  5 15  0  0
40 56  76084 124202700 2254344 50395216    0    0 1699408 1017396 308693 1169474 59 19  6 16  0  0
31 54  76084 124196380 2254344 50395236    0    0 1700480 1002936 305713 1134816 61 20  5 14  0  0
66 68  76084 124195592 2254344 50395260    0    0 1725232 1008576 312411 1163238 61 21  5 13  0  0
65 73  76084 124206052 2254344 50395280    0    0 1726688 1054784 314284 1155348 62 21  5 13  0  0
58 65  76084 124202848 2254344 50395304    0    0 1748016 1010192 315047 1165098 61 21  4 13  0  0
procs -----------memory---------- ---swap-- -----io---- -system-- -------cpu-------
 r  b   swpd   free   buff  cache   si   so    bi    bo   in   cs us sy id wa st gu
68 80  76084 124183368 2254344 50395328    0    0 1753760 1043996 314580 1162418 63 21  4 12  0  0
33 88  76084 124187308 2254344 50395348    0    0 1736912 1049660 316214 1173921 60 21  5 14  0  0
14 118  76084 124186316 2254344 50395376    0    0 1703888 993376 309529 1154548 60 21  5 14  0  0
