timestamp_unix,timestamp_human,metric_name,count,count_reset,avg_count,status
1782984338.762,2026-07-02 09:25:38.763,adaptive_hash_searches,0,0,0.000000,enabled
1782984338.762,2026-07-02 09:25:38.763,adaptive_hash_searches_btree,535116886,535116886,279388.466574,enabled
1782984338.762,2026-07-02 09:25:38.763,buffer_data_reads,892492581376,892492581376,465977009.733593,enabled
1782984338.762,2026-07-02 09:25:38.763,buffer_data_written,464083627008,464083627008,242301510.535372,enabled
1782984338.762,2026-07-02 09:25:38.763,buffer_pages0_read,7,7,0.003655,enabled
1782984338.762,2026-07-02 09:25:38.763,buffer_pages_created,1799716,1799716,939.645108,enabled
1782984338.762,2026-07-02 09:25:38.763,buffer_pages_read,54626714,54626714,28521.013418,enabled
1782984338.762,2026-07-02 09:25:38.763,buffer_pages_written,19497418,19497418,10179.746899,enabled
1782984338.762,2026-07-02 09:25:38.763,buffer_pool_bytes_data,12839256064,12839256064,0.000000,enabled
1782984338.762,2026-07-02 09:25:38.763,buffer_pool_bytes_dirty,3163078656,3163078656,0.000000,enabled
1782984338.762,2026-07-02 09:25:38.763,buffer_pool_pages_data,783646,783646,0.000000,enabled
1782984338.762,2026-07-02 09:25:38.763,buffer_pool_pages_dirty,193059,193059,0.000000,enabled
1782984338.762,2026-07-02 09:25:38.763,buffer_pool_pages_flushed,19441083,19441083,0.000000,enabled
1782984338.762,2026-07-02 09:25:38.763,buffer_pool_pages_free,2690,2690,0.000000,enabled
1782984338.762,2026-07-02 09:25:38.763,buffer_pool_pages_lru_flushed,0,0,0.000000,enabled
1782984338.762,2026-07-02 09:25:38.763,buffer_pool_pages_misc,96,96,0.000000,enabled
1782984338.762,2026-07-02 09:25:38.763,buffer_pool_pages_total,786432,786432,0.000000,enabled
1782984338.762,2026-07-02 09:25:38.763,buffer_pool_reads,53750992,53750992,28063.793501,enabled
1782984338.762,2026-07-02 09:25:38.763,buffer_pool_read_ahead,803715,803715,419.625587,enabled
1782984338.762,2026-07-02 09:25:38.763,buffer_pool_read_ahead_evicted,25,25,0.013053,enabled
1782984338.762,2026-07-02 09:25:38.763,buffer_pool_read_requests,2568618628,2568618628,1341094.921235,enabled
1782984338.762,2026-07-02 09:25:38.763,buffer_pool_size,12884901888,12884901888,0.000000,enabled
1782984338.762,2026-07-02 09:25:38.763,buffer_pool_wait_free,17969,17969,9.381749,enabled
1782984338.762,2026-07-02 09:25:38.763,buffer_pool_write_requests,562856112,562856112,293871.368934,enabled
1782984338.762,2026-07-02 09:25:38.763,dml_deletes,11327489,11327489,5914.165243,enabled
1782984338.762,2026-07-02 09:25:38.763,dml_inserts,111212888,111212888,58065.066090,enabled
1782984338.762,2026-07-02 09:25:38.763,dml_system_deletes,468,468,0.244346,enabled
1782984338.762,2026-07-02 09:25:38.763,dml_system_inserts,1202,1202,0.627573,enabled
1782984338.762,2026-07-02 09:25:38.763,dml_system_reads,7661,7661,3.999864,enabled
1782984338.762,2026-07-02 09:25:38.763,dml_system_updates,620,620,0.323707,enabled
1782984338.762,2026-07-02 09:25:38.763,dml_updates,22655090,22655090,11828.388950,enabled
1782984338.762,2026-07-02 09:25:38.763,file_num_open_files,35,35,0.000000,enabled
1782984338.762,2026-07-02 09:25:38.763,ibuf_merges,0,0,0.000000,enabled
1782984338.762,2026-07-02 09:25:38.763,ibuf_merges_delete,0,0,0.000000,enabled
1782984338.762,2026-07-02 09:25:38.763,ibuf_merges_delete_mark,0,0,0.000000,enabled
1782984338.762,2026-07-02 09:25:38.763,ibuf_merges_discard_delete,0,0,0.000000,enabled
1782984338.762,2026-07-02 09:25:38.763,ibuf_merges_discard_delete_mark,0,0,0.000000,enabled
1782984338.762,2026-07-02 09:25:38.763,ibuf_merges_discard_insert,0,0,0.000000,enabled
1782984338.762,2026-07-02 09:25:38.763,ibuf_merges_insert,0,0,0.000000,enabled
1782984338.762,2026-07-02 09:25:38.763,ibuf_size,1,1,0.000522,enabled
1782984338.762,2026-07-02 09:25:38.763,innodb_activity_count,15922778,15922778,8313.399534,enabled
1782984338.762,2026-07-02 09:25:38.763,innodb_dblwr_pages_written,19439386,19439386,10149.446371,enabled
1782984338.762,2026-07-02 09:25:38.763,innodb_dblwr_writes,386414,386414,201.749591,enabled
1782984338.762,2026-07-02 09:25:38.763,innodb_page_size,16384,16384,0.000000,enabled
1782984338.762,2026-07-02 09:25:38.763,innodb_rwlock_sx_os_waits,0,0,0.000000,enabled
1782984338.762,2026-07-02 09:25:38.763,innodb_rwlock_sx_spin_rounds,0,0,0.000000,enabled
1782984338.762,2026-07-02 09:25:38.763,innodb_rwlock_sx_spin_waits,0,0,0.000000,enabled
1782984338.762,2026-07-02 09:25:38.763,innodb_rwlock_s_os_waits,0,0,0.000000,enabled
1782984338.762,2026-07-02 09:25:38.763,innodb_rwlock_s_spin_rounds,0,0,0.000000,enabled
1782984338.762,2026-07-02 09:25:38.763,innodb_rwlock_s_spin_waits,0,0,0.000000,enabled
1782984338.762,2026-07-02 09:25:38.763,innodb_rwlock_x_os_waits,0,0,0.000000,enabled
1782984338.762,2026-07-02 09:25:38.763,innodb_rwlock_x_spin_rounds,0,0,0.000000,enabled
1782984338.762,2026-07-02 09:25:38.763,innodb_rwlock_x_spin_waits,0,0,0.000000,enabled
1782984338.762,2026-07-02 09:25:38.763,lock_deadlocks,0,0,0.000000,enabled
1782984338.762,2026-07-02 09:25:38.763,lock_deadlock_false_positives,0,0,0.000000,enabled
1782984338.762,2026-07-02 09:25:38.763,lock_deadlock_rounds,2152,2152,1.123575,enabled
1782984338.762,2026-07-02 09:25:38.763,lock_rec_grant_attempts,425,425,0.221896,enabled
1782984338.762,2026-07-02 09:25:38.763,lock_rec_release_attempts,34427736,34427736,17974.977771,enabled
1782984338.762,2026-07-02 09:25:38.763,lock_row_lock_current_waits,0,0,0.000000,enabled
1782984338.762,2026-07-02 09:25:38.763,lock_row_lock_time,323,323,0.168641,enabled
1782984338.762,2026-07-02 09:25:38.763,lock_row_lock_time_avg,0,0,0.000000,enabled
1782984338.762,2026-07-02 09:25:38.763,lock_row_lock_time_max,29,29,0.000000,enabled
1782984338.762,2026-07-02 09:25:38.763,lock_row_lock_waits,425,425,0.221896,enabled
1782984338.762,2026-07-02 09:25:38.763,lock_schedule_refreshes,2152,2152,1.123575,enabled
1782984338.762,2026-07-02 09:25:38.763,lock_threads_waiting,0,0,0.000000,enabled
1782984338.762,2026-07-02 09:25:38.763,lock_timeouts,0,0,0.000000,enabled
1782984338.762,2026-07-02 09:25:38.763,log_waits,0,0,0.000000,enabled
1782984338.762,2026-07-02 09:25:38.763,log_writes,170076004,170076004,88797.936981,enabled
1782984338.762,2026-07-02 09:25:38.763,log_write_requests,377262455,377262455,196971.512425,enabled
1782984338.762,2026-07-02 09:25:38.763,os_data_fsyncs,42626249,42626249,22255.479908,enabled
1782984338.762,2026-07-02 09:25:38.763,os_data_reads,54774333,54774333,28598.084462,enabled
1782984338.762,2026-07-02 09:25:38.763,os_data_writes,190258639,190258639,99335.442828,enabled
1782984338.762,2026-07-02 09:25:38.763,os_log_bytes_written,111325133312,111325133312,58123675.460997,enabled
1782984338.762,2026-07-02 09:25:38.763,os_log_fsyncs,37555029,37555029,19607.758381,enabled
1782984338.762,2026-07-02 09:25:38.763,os_log_pending_fsyncs,0,0,0.000000,enabled
1782984338.762,2026-07-02 09:25:38.763,os_log_pending_writes,0,0,0.000000,enabled
1782984338.762,2026-07-02 09:25:38.763,trx_rseg_history_len,855,855,0.000000,enabled
1782984339.825,2026-07-02 09:25:39.826,adaptive_hash_searches,0,0,0.000000,enabled
1782984339.825,2026-07-02 09:25:39.826,adaptive_hash_searches_btree,535116886,535116886,279233.537838,enabled
1782984339.825,2026-07-02 09:25:39.826,buffer_data_reads,892492581376,892492581376,465718619.485952,enabled
1782984339.825,2026-07-02 09:25:39.826,buffer_data_written,464247467520,464247467520,242252646.111387,enabled
1782984339.825,2026-07-02 09:25:39.826,buffer_pages0_read,7,7,0.003653,enabled
1782984339.825,2026-07-02 09:25:39.826,buffer_pages_created,1799716,1799716,939.124062,enabled
1782984339.825,2026-07-02 09:25:39.826,buffer_pages_read,54626714,54626714,28505.198143,enabled
1782984339.825,2026-07-02 09:25:39.826,buffer_pages_written,19507418,19507418,10179.320274,enabled
1782984339.825,2026-07-02 09:25:39.826,buffer_pool_bytes_data,12839256064,12839256064,0.000000,enabled
1782984339.825,2026-07-02 09:25:39.826,buffer_pool_bytes_dirty,2999238656,2999238656,0.000000,enabled
1782984339.825,2026-07-02 09:25:39.826,buffer_pool_pages_data,783646,783646,0.000000,enabled
1782984339.825,2026-07-02 09:25:39.826,buffer_pool_pages_dirty,183059,183059,0.000000,enabled
1782984339.825,2026-07-02 09:25:39.826,buffer_pool_pages_flushed,19451083,19451083,0.000000,enabled
1782984339.825,2026-07-02 09:25:39.826,buffer_pool_pages_free,2690,2690,0.000000,enabled
1782984339.825,2026-07-02 09:25:39.826,buffer_pool_pages_lru_flushed,0,0,0.000000,enabled
1782984339.825,2026-07-02 09:25:39.826,buffer_pool_pages_misc,96,96,0.000000,enabled
1782984339.825,2026-07-02 09:25:39.826,buffer_pool_pages_total,786432,786432,0.000000,enabled
1782984339.825,2026-07-02 09:25:39.826,buffer_pool_reads,53750992,53750992,28048.231731,enabled
1782984339.825,2026-07-02 09:25:39.826,buffer_pool_read_ahead,803715,803715,419.392898,enabled
1782984339.825,2026-07-02 09:25:39.826,buffer_pool_read_ahead_evicted,25,25,0.013045,enabled
1782984339.825,2026-07-02 09:25:39.826,buffer_pool_read_requests,2568618628,2568618628,1340351.264932,enabled
1782984339.825,2026-07-02 09:25:39.826,buffer_pool_size,12884901888,12884901888,0.000000,enabled
1782984339.825,2026-07-02 09:25:39.826,buffer_pool_wait_free,17969,17969,9.376546,enabled
1782984339.825,2026-07-02 09:25:39.826,buffer_pool_write_requests,562856112,562856112,293708.413097,enabled
1782984339.825,2026-07-02 09:25:39.826,dml_deletes,11327489,11327489,5910.885656,enabled
1782984339.825,2026-07-02 09:25:39.826,dml_inserts,111212888,111212888,58032.867219,enabled
1782984339.825,2026-07-02 09:25:39.826,dml_system_deletes,468,468,0.244211,enabled
1782984339.825,2026-07-02 09:25:39.826,dml_system_inserts,1202,1202,0.627225,enabled
1782984339.825,2026-07-02 09:25:39.826,dml_system_reads,7661,7661,3.997646,enabled
1782984339.825,2026-07-02 09:25:39.826,dml_system_updates,620,620,0.323527,enabled
1782984339.825,2026-07-02 09:25:39.826,dml_updates,22655090,22655090,11821.829746,enabled
1782984339.825,2026-07-02 09:25:39.826,file_num_open_files,35,35,0.000000,enabled
1782984339.825,2026-07-02 09:25:39.826,ibuf_merges,0,0,0.000000,enabled
1782984339.825,2026-07-02 09:25:39.826,ibuf_merges_delete,0,0,0.000000,enabled
1782984339.825,2026-07-02 09:25:39.826,ibuf_merges_delete_mark,0,0,0.000000,enabled
1782984339.825,2026-07-02 09:25:39.826,ibuf_merges_discard_delete,0,0,0.000000,enabled
1782984339.825,2026-07-02 09:25:39.826,ibuf_merges_discard_delete_mark,0,0,0.000000,enabled
1782984339.825,2026-07-02 09:25:39.826,ibuf_merges_discard_insert,0,0,0.000000,enabled
1782984339.825,2026-07-02 09:25:39.826,ibuf_merges_insert,0,0,0.000000,enabled
1782984339.825,2026-07-02 09:25:39.826,ibuf_size,1,1,0.000522,enabled
1782984339.825,2026-07-02 09:25:39.826,innodb_activity_count,15922778,15922778,8308.789515,enabled
1782984339.825,2026-07-02 09:25:39.826,innodb_dblwr_pages_written,19449386,19449386,10149.036382,enabled
1782984339.825,2026-07-02 09:25:39.826,innodb_dblwr_writes,386494,386494,201.679460,enabled
1782984339.825,2026-07-02 09:25:39.826,innodb_page_size,16384,16384,0.000000,enabled
1782984339.825,2026-07-02 09:25:39.826,innodb_rwlock_sx_os_waits,0,0,0.000000,enabled
1782984339.825,2026-07-02 09:25:39.826,innodb_rwlock_sx_spin_rounds,0,0,0.000000,enabled
1782984339.825,2026-07-02 09:25:39.826,innodb_rwlock_sx_spin_waits,0,0,0.000000,enabled
1782984339.825,2026-07-02 09:25:39.826,innodb_rwlock_s_os_waits,0,0,0.000000,enabled
1782984339.825,2026-07-02 09:25:39.826,innodb_rwlock_s_spin_rounds,0,0,0.000000,enabled
1782984339.825,2026-07-02 09:25:39.826,innodb_rwlock_s_spin_waits,0,0,0.000000,enabled
1782984339.825,2026-07-02 09:25:39.826,innodb_rwlock_x_os_waits,0,0,0.000000,enabled
1782984339.825,2026-07-02 09:25:39.826,innodb_rwlock_x_spin_rounds,0,0,0.000000,enabled
1782984339.825,2026-07-02 09:25:39.826,innodb_rwlock_x_spin_waits,0,0,0.000000,enabled
1782984339.825,2026-07-02 09:25:39.826,lock_deadlocks,0,0,0.000000,enabled
1782984339.825,2026-07-02 09:25:39.826,lock_deadlock_false_positives,0,0,0.000000,enabled
1782984339.825,2026-07-02 09:25:39.826,lock_deadlock_rounds,2153,2153,1.123474,enabled
1782984339.825,2026-07-02 09:25:39.826,lock_rec_grant_attempts,425,425,0.221773,enabled
1782984339.825,2026-07-02 09:25:39.826,lock_rec_release_attempts,34427736,34427736,17965.010384,enabled
1782984339.825,2026-07-02 09:25:39.826,lock_row_lock_current_waits,0,0,0.000000,enabled
1782984339.825,2026-07-02 09:25:39.826,lock_row_lock_time,323,323,0.168547,enabled
1782984339.825,2026-07-02 09:25:39.826,lock_row_lock_time_avg,0,0,0.000000,enabled
1782984339.825,2026-07-02 09:25:39.826,lock_row_lock_time_max,29,29,0.000000,enabled
1782984339.825,2026-07-02 09:25:39.826,lock_row_lock_waits,425,425,0.221773,enabled
1782984339.825,2026-07-02 09:25:39.826,lock_schedule_refreshes,2153,2153,1.123474,enabled
1782984339.825,2026-07-02 09:25:39.826,lock_threads_waiting,0,0,0.000000,enabled
1782984339.825,2026-07-02 09:25:39.826,lock_timeouts,0,0,0.000000,enabled
1782984339.825,2026-07-02 09:25:39.826,log_waits,0,0,0.000000,enabled
1782984339.825,2026-07-02 09:25:39.826,log_writes,170076004,170076004,88748.696551,enabled
1782984339.825,2026-07-02 09:25:39.826,log_write_requests,377262455,377262455,196862.287310,enabled
1782984339.825,2026-07-02 09:25:39.826,os_data_fsyncs,42627857,42627857,22243.977932,enabled
1782984339.825,2026-07-02 09:25:39.826,os_data_reads,54774333,54774333,28582.226325,enabled
1782984339.825,2026-07-02 09:25:39.826,os_data_writes,190268719,190268719,99285.619500,enabled
1782984339.825,2026-07-02 09:25:39.826,os_log_bytes_written,111325133312,111325133312,58091444.821221,enabled
1782984339.825,2026-07-02 09:25:39.826,os_log_fsyncs,37555031,37555031,19596.886563,enabled
1782984339.825,2026-07-02 09:25:39.826,os_log_pending_fsyncs,0,0,0.000000,enabled
1782984339.825,2026-07-02 09:25:39.826,os_log_pending_writes,0,0,0.000000,enabled
1782984339.825,2026-07-02 09:25:39.826,trx_rseg_history_len,855,855,0.000000,enabled
1782984340.888,2026-07-02 09:25:40.889,adaptive_hash_searches,0,0,0.000000,enabled
1782984340.888,2026-07-02 09:25:40.889,adaptive_hash_searches_btree,535116886,535116886,279078.802028,enabled
1782984340.888,2026-07-02 09:25:40.889,buffer_data_reads,892492581376,892492581376,465460545.389344,enabled
1782984340.888,2026-07-02 09:25:40.889,buffer_data_written,464411308032,464411308032,242203851.371912,enabled
1782984340.888,2026-07-02 09:25:40.889,buffer_pages0_read,7,7,0.003651,enabled
1782984340.888,2026-07-02 09:25:40.889,buffer_pages_created,1799716,1799716,938.603655,enabled
1782984340.888,2026-07-02 09:25:40.889,buffer_pages_read,54626714,54626714,28489.402242,enabled
1782984340.888,2026-07-02 09:25:40.889,buffer_pages_written,19517418,19517418,10178.894784,enabled
1782984340.888,2026-07-02 09:25:40.889,buffer_pool_bytes_data,12839256064,12839256064,0.000000,enabled
1782984340.888,2026-07-02 09:25:40.889,buffer_pool_bytes_dirty,2835398656,2835398656,0.000000,enabled
1782984340.888,2026-07-02 09:25:40.889,buffer_pool_pages_data,783646,783646,0.000000,enabled
1782984340.888,2026-07-02 09:25:40.889,buffer_pool_pages_dirty,173059,173059,0.000000,enabled
1782984340.888,2026-07-02 09:25:40.889,buffer_pool_pages_flushed,19461083,19461083,0.000000,enabled
1782984340.888,2026-07-02 09:25:40.889,buffer_pool_pages_free,2690,2690,0.000000,enabled
1782984340.888,2026-07-02 09:25:40.889,buffer_pool_pages_lru_flushed,0,0,0.000000,enabled
1782984340.888,2026-07-02 09:25:40.889,buffer_pool_pages_misc,96,96,0.000000,enabled
1782984340.888,2026-07-02 09:25:40.889,buffer_pool_pages_total,786432,786432,0.000000,enabled
1782984340.888,2026-07-02 09:25:40.889,buffer_pool_reads,53750992,53750992,28032.689090,enabled
1782984340.888,2026-07-02 09:25:40.889,buffer_pool_read_ahead,803715,803715,419.160496,enabled
1782984340.888,2026-07-02 09:25:40.889,buffer_pool_read_ahead_evicted,25,25,0.013038,enabled
1782984340.888,2026-07-02 09:25:40.889,buffer_pool_read_requests,2568618628,2568618628,1339608.522703,enabled
1782984340.888,2026-07-02 09:25:40.889,buffer_pool_size,12884901888,12884901888,0.000000,enabled
1782984340.888,2026-07-02 09:25:40.889,buffer_pool_wait_free,17969,17969,9.371351,enabled
1782984340.888,2026-07-02 09:25:40.889,buffer_pool_write_requests,562856112,562856112,293545.657505,enabled
1782984340.888,2026-07-02 09:25:40.889,dml_deletes,11327489,11327489,5907.610157,enabled
1782984340.888,2026-07-02 09:25:40.889,dml_inserts,111212888,111212888,58000.708487,enabled
1782984340.888,2026-07-02 09:25:40.889,dml_system_deletes,468,468,0.244075,enabled
1782984340.888,2026-07-02 09:25:40.889,dml_system_inserts,1202,1202,0.626877,enabled
1782984340.888,2026-07-02 09:25:40.889,dml_system_reads,7661,7661,3.995431,enabled
1782984340.888,2026-07-02 09:25:40.889,dml_system_updates,620,620,0.323348,enabled
1782984340.888,2026-07-02 09:25:40.889,dml_updates,22655090,22655090,11815.278714,enabled
1782984340.888,2026-07-02 09:25:40.889,file_num_open_files,35,35,0.000000,enabled
1782984340.888,2026-07-02 09:25:40.889,ibuf_merges,0,0,0.000000,enabled
1782984340.888,2026-07-02 09:25:40.889,ibuf_merges_delete,0,0,0.000000,enabled
1782984340.888,2026-07-02 09:25:40.889,ibuf_merges_delete_mark,0,0,0.000000,enabled
1782984340.888,2026-07-02 09:25:40.889,ibuf_merges_discard_delete,0,0,0.000000,enabled
1782984340.888,2026-07-02 09:25:40.889,ibuf_merges_discard_delete_mark,0,0,0.000000,enabled
1782984340.888,2026-07-02 09:25:40.889,ibuf_merges_discard_insert,0,0,0.000000,enabled
1782984340.888,2026-07-02 09:25:40.889,ibuf_merges_insert,0,0,0.000000,enabled
1782984340.888,2026-07-02 09:25:40.889,ibuf_size,1,1,0.000522,enabled
1782984340.888,2026-07-02 09:25:40.889,innodb_activity_count,15922778,15922778,8304.185242,enabled
1782984340.888,2026-07-02 09:25:40.889,innodb_dblwr_pages_written,19459386,19459386,10148.627608,enabled
1782984340.888,2026-07-02 09:25:40.889,innodb_dblwr_writes,386574,386574,201.609423,enabled
1782984340.888,2026-07-02 09:25:40.889,innodb_page_size,16384,16384,0.000000,enabled
1782984340.888,2026-07-02 09:25:40.889,innodb_rwlock_sx_os_waits,0,0,0.000000,enabled
1782984340.888,2026-07-02 09:25:40.889,innodb_rwlock_sx_spin_rounds,0,0,0.000000,enabled
1782984340.888,2026-07-02 09:25:40.889,innodb_rwlock_sx_spin_waits,0,0,0.000000,enabled
1782984340.888,2026-07-02 09:25:40.889,innodb_rwlock_s_os_waits,0,0,0.000000,enabled
1782984340.888,2026-07-02 09:25:40.889,innodb_rwlock_s_spin_rounds,0,0,0.000000,enabled
1782984340.888,2026-07-02 09:25:40.889,innodb_rwlock_s_spin_waits,0,0,0.000000,enabled
1782984340.888,2026-07-02 09:25:40.889,innodb_rwlock_x_os_waits,0,0,0.000000,enabled
1782984340.888,2026-07-02 09:25:40.889,innodb_rwlock_x_spin_rounds,0,0,0.000000,enabled
1782984340.888,2026-07-02 09:25:40.889,innodb_rwlock_x_spin_waits,0,0,0.000000,enabled
1782984340.888,2026-07-02 09:25:40.889,lock_deadlocks,0,0,0.000000,enabled
1782984340.888,2026-07-02 09:25:40.889,lock_deadlock_false_positives,0,0,0.000000,enabled
1782984340.888,2026-07-02 09:25:40.889,lock_deadlock_rounds,2154,2154,1.123373,enabled
1782984340.888,2026-07-02 09:25:40.889,lock_rec_grant_attempts,425,425,0.221650,enabled
1782984340.888,2026-07-02 09:25:40.889,lock_rec_release_attempts,34427736,34427736,17955.055351,enabled
1782984340.888,2026-07-02 09:25:40.889,lock_row_lock_current_waits,0,0,0.000000,enabled
1782984340.888,2026-07-02 09:25:40.889,lock_row_lock_time,323,323,0.168454,enabled
1782984340.888,2026-07-02 09:25:40.889,lock_row_lock_time_avg,0,0,0.000000,enabled
1782984340.888,2026-07-02 09:25:40.889,lock_row_lock_time_max,29,29,0.000000,enabled
1782984340.888,2026-07-02 09:25:40.889,lock_row_lock_waits,425,425,0.221650,enabled
1782984340.888,2026-07-02 09:25:40.889,lock_schedule_refreshes,2154,2154,1.123373,enabled
1782984340.888,2026-07-02 09:25:40.889,lock_threads_waiting,0,0,0.000000,enabled
1782984340.888,2026-07-02 09:25:40.889,lock_timeouts,0,0,0.000000,enabled
1782984340.888,2026-07-02 09:25:40.889,log_waits,0,0,0.000000,enabled
1782984340.888,2026-07-02 09:25:40.889,log_writes,170076004,170076004,88699.516999,enabled
1782984340.888,2026-07-02 09:25:40.889,log_write_requests,377262455,377262455,196753.197276,enabled
1782984340.888,2026-07-02 09:25:40.889,os_data_fsyncs,42629464,42629464,22232.489676,enabled
1782984340.888,2026-07-02 09:25:40.889,os_data_reads,54774333,54774333,28566.387676,enabled
1782984340.888,2026-07-02 09:25:40.889,os_data_writes,190278795,190278795,99235.855954,enabled
1782984340.888,2026-07-02 09:25:40.889,os_log_bytes_written,111325133312,111325133312,58059253.846448,enabled
1782984340.888,2026-07-02 09:25:40.889,os_log_fsyncs,37555033,37555033,19586.028124,enabled
1782984340.888,2026-07-02 09:25:40.889,os_log_pending_fsyncs,0,0,0.000000,enabled
1782984340.888,2026-07-02 09:25:40.889,os_log_pending_writes,0,0,0.000000,enabled
1782984340.888,2026-07-02 09:25:40.889,trx_rseg_history_len,855,855,0.000000,enabled
1782984341.950,2026-07-02 09:25:41.951,adaptive_hash_searches,0,0,0.000000,enabled
1782984341.950,2026-07-02 09:25:41.951,adaptive_hash_searches_btree,535280113,535280113,279008.254334,enabled
1782984341.950,2026-07-02 09:25:41.951,buffer_data_reads,893399190016,893399190016,465673546.582500,enabled
1782984341.950,2026-07-02 09:25:41.951,buffer_data_written,464620179968,464620179968,242177661.750865,enabled
1782984341.950,2026-07-02 09:25:41.951,buffer_pages0_read,7,7,0.003649,enabled
1782984341.950,2026-07-02 09:25:41.951,buffer_pages_created,1799761,1799761,938.103712,enabled
1782984341.950,2026-07-02 09:25:41.951,buffer_pages_read,54682172,54682172,28502.422340,enabled
1782984341.950,2026-07-02 09:25:41.951,buffer_pages_written,19528980,19528980,10179.245220,enabled
1782984341.950,2026-07-02 09:25:41.951,buffer_pool_bytes_data,12854493184,12854493184,0.000000,enabled
1782984341.950,2026-07-02 09:25:41.951,buffer_pool_bytes_dirty,3023683584,3023683584,0.000000,enabled
1782984341.950,2026-07-02 09:25:41.951,buffer_pool_pages_data,784576,784576,0.000000,enabled
1782984341.950,2026-07-02 09:25:41.951,buffer_pool_pages_dirty,184551,184551,0.000000,enabled
1782984341.950,2026-07-02 09:25:41.951,buffer_pool_pages_flushed,19471910,19471910,0.000000,enabled
1782984341.950,2026-07-02 09:25:41.951,buffer_pool_pages_free,1757,1757,0.000000,enabled
1782984341.950,2026-07-02 09:25:41.951,buffer_pool_pages_lru_flushed,0,0,0.000000,enabled
1782984341.950,2026-07-02 09:25:41.951,buffer_pool_pages_misc,97,97,0.000000,enabled
1782984341.950,2026-07-02 09:25:41.951,buffer_pool_pages_total,786432,786432,0.000000,enabled
1782984341.950,2026-07-02 09:25:41.951,buffer_pool_reads,53806398,53806398,28045.936934,enabled
1782984341.950,2026-07-02 09:25:41.951,buffer_pool_read_ahead,803715,803715,418.926759,enabled
1782984341.950,2026-07-02 09:25:41.951,buffer_pool_read_ahead_evicted,25,25,0.013031,enabled
1782984341.950,2026-07-02 09:25:41.951,buffer_pool_read_requests,2569427460,2569427460,1339283.110165,enabled
1782984341.950,2026-07-02 09:25:41.951,buffer_pool_size,12884901888,12884901888,0.000000,enabled
1782984341.950,2026-07-02 09:25:41.951,buffer_pool_wait_free,18945,18945,9.874853,enabled
1782984341.950,2026-07-02 09:25:41.951,buffer_pool_write_requests,562966957,562966957,293439.744120,enabled
1782984341.950,2026-07-02 09:25:41.951,dml_deletes,11332198,11332198,5906.770293,enabled
1782984341.950,2026-07-02 09:25:41.951,dml_inserts,111217597,111217597,57970.818987,enabled
1782984341.950,2026-07-02 09:25:41.951,dml_system_deletes,468,468,0.243939,enabled
1782984341.950,2026-07-02 09:25:41.951,dml_system_inserts,1202,1202,0.626528,enabled
1782984341.950,2026-07-02 09:25:41.951,dml_system_reads,7661,7661,3.993203,enabled
1782984341.950,2026-07-02 09:25:41.951,dml_system_updates,620,620,0.323167,enabled
1782984341.950,2026-07-02 09:25:41.951,dml_updates,22664510,22664510,11813.599994,enabled
1782984341.950,2026-07-02 09:25:41.951,file_num_open_files,35,35,0.000000,enabled
1782984341.950,2026-07-02 09:25:41.951,ibuf_merges,0,0,0.000000,enabled
1782984341.950,2026-07-02 09:25:41.951,ibuf_merges_delete,0,0,0.000000,enabled
1782984341.950,2026-07-02 09:25:41.951,ibuf_merges_delete_mark,0,0,0.000000,enabled
1782984341.950,2026-07-02 09:25:41.951,ibuf_merges_discard_delete,0,0,0.000000,enabled
1782984341.950,2026-07-02 09:25:41.951,ibuf_merges_discard_delete_mark,0,0,0.000000,enabled
1782984341.950,2026-07-02 09:25:41.951,ibuf_merges_discard_insert,0,0,0.000000,enabled
1782984341.950,2026-07-02 09:25:41.951,ibuf_merges_insert,0,0,0.000000,enabled
1782984341.950,2026-07-02 09:25:41.951,ibuf_size,1,1,0.000521,enabled
1782984341.950,2026-07-02 09:25:41.951,innodb_activity_count,15928190,15928190,8302.375350,enabled
1782984341.950,2026-07-02 09:25:41.951,innodb_dblwr_pages_written,19470213,19470213,10148.611684,enabled
1782984341.950,2026-07-02 09:25:41.951,innodb_dblwr_writes,386930,386930,201.682556,enabled
1782984341.950,2026-07-02 09:25:41.951,innodb_page_size,16384,16384,0.000000,enabled
1782984341.950,2026-07-02 09:25:41.951,innodb_rwlock_sx_os_waits,0,0,0.000000,enabled
1782984341.950,2026-07-02 09:25:41.951,innodb_rwlock_sx_spin_rounds,0,0,0.000000,enabled
1782984341.950,2026-07-02 09:25:41.951,innodb_rwlock_sx_spin_waits,0,0,0.000000,enabled
1782984341.950,2026-07-02 09:25:41.951,innodb_rwlock_s_os_waits,0,0,0.000000,enabled
1782984341.950,2026-07-02 09:25:41.951,innodb_rwlock_s_spin_rounds,0,0,0.000000,enabled
1782984341.950,2026-07-02 09:25:41.951,innodb_rwlock_s_spin_waits,0,0,0.000000,enabled
1782984341.950,2026-07-02 09:25:41.951,innodb_rwlock_x_os_waits,0,0,0.000000,enabled
1782984341.950,2026-07-02 09:25:41.951,innodb_rwlock_x_spin_rounds,0,0,0.000000,enabled
1782984341.950,2026-07-02 09:25:41.951,innodb_rwlock_x_spin_waits,0,0,0.000000,enabled
1782984341.950,2026-07-02 09:25:41.951,lock_deadlocks,0,0,0.000000,enabled
1782984341.950,2026-07-02 09:25:41.951,lock_deadlock_false_positives,0,0,0.000000,enabled
1782984341.950,2026-07-02 09:25:41.951,lock_deadlock_rounds,2155,2155,1.123268,enabled
1782984341.950,2026-07-02 09:25:41.951,lock_rec_grant_attempts,425,425,0.221526,enabled
1782984341.950,2026-07-02 09:25:41.951,lock_rec_release_attempts,34442048,34442048,17952.502979,enabled
1782984341.950,2026-07-02 09:25:41.951,lock_row_lock_current_waits,0,0,0.000000,enabled
1782984341.950,2026-07-02 09:25:41.951,lock_row_lock_time,323,323,0.168360,enabled
1782984341.950,2026-07-02 09:25:41.951,lock_row_lock_time_avg,0,0,0.000000,enabled
1782984341.950,2026-07-02 09:25:41.951,lock_row_lock_time_max,29,29,0.000000,enabled
1782984341.950,2026-07-02 09:25:41.951,lock_row_lock_waits,425,425,0.221526,enabled
1782984341.950,2026-07-02 09:25:41.951,lock_schedule_refreshes,2155,2155,1.123268,enabled
1782984341.950,2026-07-02 09:25:41.951,lock_threads_waiting,0,0,0.000000,enabled
1782984341.950,2026-07-02 09:25:41.951,lock_timeouts,0,0,0.000000,enabled
1782984341.950,2026-07-02 09:25:41.951,log_waits,0,0,0.000000,enabled
1782984341.950,2026-07-02 09:25:41.951,log_writes,170094370,170094370,88659.627101,enabled
1782984341.950,2026-07-02 09:25:41.951,log_write_requests,377342447,377342447,196685.173441,enabled
1782984341.950,2026-07-02 09:25:41.951,os_data_fsyncs,42643422,42643422,22227.367312,enabled
1782984341.950,2026-07-02 09:25:41.951,os_data_reads,54829676,54829676,28579.304689,enabled
1782984341.950,2026-07-02 09:25:41.951,os_data_writes,190309799,190309799,99196.678200,enabled
1782984341.950,2026-07-02 09:25:41.951,os_log_bytes_written,111338889216,111338889216,58034047.581090,enabled
1782984341.950,2026-07-02 09:25:41.951,os_log_fsyncs,37564537,37564537,19580.059945,enabled
1782984341.950,2026-07-02 09:25:41.951,os_log_pending_fsyncs,1,1,0.000521,enabled
1782984341.950,2026-07-02 09:25:41.951,os_log_pending_writes,1,1,0.000521,enabled
1782984341.950,2026-07-02 09:25:41.951,trx_rseg_history_len,788,788,0.000000,enabled
1782984343.021,2026-07-02 09:25:43.023,adaptive_hash_searches,0,0,0.000000,enabled
1782984343.021,2026-07-02 09:25:43.023,adaptive_hash_searches_btree,535450811,535450811,278941.542257,enabled
1782984343.021,2026-07-02 09:25:43.023,buffer_data_reads,894338304512,894338304512,465903008.503715,enabled
1782984343.021,2026-07-02 09:25:43.023,buffer_data_written,464875509760,464875509760,242175580.846393,enabled
1782984343.021,2026-07-02 09:25:43.023,buffer_pages0_read,7,7,0.003647,enabled
1782984343.021,2026-07-02 09:25:43.023,buffer_pages_created,1799806,1799806,937.603852,enabled
1782984343.021,2026-07-02 09:25:43.023,buffer_pages_read,54739640,54739640,28516.460590,enabled
1782984343.021,2026-07-02 09:25:43.023,buffer_pages_written,19541729,19541729,10180.208480,enabled
1782984343.021,2026-07-02 09:25:43.023,buffer_pool_bytes_data,12849741824,12849741824,0.000000,enabled
1782984343.021,2026-07-02 09:25:43.023,buffer_pool_bytes_dirty,3172794368,3172794368,0.000000,enabled
1782984343.021,2026-07-02 09:25:43.023,buffer_pool_pages_data,784286,784286,0.000000,enabled
1782984343.021,2026-07-02 09:25:43.023,buffer_pool_pages_dirty,193652,193652,0.000000,enabled
1782984343.021,2026-07-02 09:25:43.023,buffer_pool_pages_flushed,19484659,19484659,0.000000,enabled
1782984343.021,2026-07-02 09:25:43.023,buffer_pool_pages_free,2049,2049,0.000000,enabled
1782984343.021,2026-07-02 09:25:43.023,buffer_pool_pages_lru_flushed,0,0,0.000000,enabled
1782984343.021,2026-07-02 09:25:43.023,buffer_pool_pages_misc,96,96,0.000000,enabled
1782984343.021,2026-07-02 09:25:43.023,buffer_pool_pages_total,786432,786432,0.000000,enabled
1782984343.021,2026-07-02 09:25:43.023,buffer_pool_reads,53863811,53863811,28060.201161,enabled
1782984343.021,2026-07-02 09:25:43.023,buffer_pool_read_ahead,803715,803715,418.693068,enabled
1782984343.021,2026-07-02 09:25:43.023,buffer_pool_read_ahead_evicted,25,25,0.013024,enabled
1782984343.021,2026-07-02 09:25:43.023,buffer_pool_read_requests,2570273457,2570273457,1338976.734184,enabled
1782984343.021,2026-07-02 09:25:43.023,buffer_pool_size,12884901888,12884901888,0.000000,enabled
1782984343.021,2026-07-02 09:25:43.023,buffer_pool_wait_free,18945,18945,9.869344,enabled
1782984343.021,2026-07-02 09:25:43.023,buffer_pool_write_requests,563083149,563083149,293336.583712,enabled
1782984343.021,2026-07-02 09:25:43.023,dml_deletes,11337115,11337115,5906.036887,enabled
1782984343.021,2026-07-02 09:25:43.023,dml_inserts,111222513,111222513,57941.042778,enabled
1782984343.021,2026-07-02 09:25:43.023,dml_system_deletes,468,468,0.243803,enabled
1782984343.021,2026-07-02 09:25:43.023,dml_system_inserts,1202,1202,0.626178,enabled
1782984343.021,2026-07-02 09:25:43.023,dml_system_reads,7661,7661,3.990976,enabled
1782984343.021,2026-07-02 09:25:43.023,dml_system_updates,620,620,0.322987,enabled
1782984343.021,2026-07-02 09:25:43.023,dml_updates,22674344,22674344,11812.133148,enabled
1782984343.021,2026-07-02 09:25:43.023,file_num_open_files,35,35,0.000000,enabled
1782984343.021,2026-07-02 09:25:43.023,ibuf_merges,0,0,0.000000,enabled
1782984343.021,2026-07-02 09:25:43.023,ibuf_merges_delete,0,0,0.000000,enabled
1782984343.021,2026-07-02 09:25:43.023,ibuf_merges_delete_mark,0,0,0.000000,enabled
1782984343.021,2026-07-02 09:25:43.023,ibuf_merges_discard_delete,0,0,0.000000,enabled
1782984343.021,2026-07-02 09:25:43.023,ibuf_merges_discard_delete_mark,0,0,0.000000,enabled
1782984343.021,2026-07-02 09:25:43.023,ibuf_merges_discard_insert,0,0,0.000000,enabled
1782984343.021,2026-07-02 09:25:43.023,ibuf_merges_insert,0,0,0.000000,enabled
1782984343.021,2026-07-02 09:25:43.023,ibuf_size,1,1,0.000521,enabled
1782984343.021,2026-07-02 09:25:43.023,innodb_activity_count,15933839,15933839,8300.686957,enabled
1782984343.021,2026-07-02 09:25:43.023,innodb_dblwr_pages_written,19482962,19482962,10149.592156,enabled
1782984343.021,2026-07-02 09:25:43.023,innodb_dblwr_writes,387313,387313,201.769576,enabled
1782984343.021,2026-07-02 09:25:43.023,innodb_page_size,16384,16384,0.000000,enabled
1782984343.021,2026-07-02 09:25:43.023,innodb_rwlock_sx_os_waits,0,0,0.000000,enabled
1782984343.021,2026-07-02 09:25:43.023,innodb_rwlock_sx_spin_rounds,0,0,0.000000,enabled
1782984343.021,2026-07-02 09:25:43.023,innodb_rwlock_sx_spin_waits,0,0,0.000000,enabled
1782984343.021,2026-07-02 09:25:43.023,innodb_rwlock_s_os_waits,0,0,0.000000,enabled
1782984343.021,2026-07-02 09:25:43.023,innodb_rwlock_s_spin_rounds,0,0,0.000000,enabled
1782984343.021,2026-07-02 09:25:43.023,innodb_rwlock_s_spin_waits,0,0,0.000000,enabled
1782984343.021,2026-07-02 09:25:43.023,innodb_rwlock_x_os_waits,0,0,0.000000,enabled
1782984343.021,2026-07-02 09:25:43.023,innodb_rwlock_x_spin_rounds,0,0,0.000000,enabled
1782984343.021,2026-07-02 09:25:43.023,innodb_rwlock_x_spin_waits,0,0,0.000000,enabled
1782984343.021,2026-07-02 09:25:43.023,lock_deadlocks,0,0,0.000000,enabled
1782984343.021,2026-07-02 09:25:43.023,lock_deadlock_false_positives,0,0,0.000000,enabled
1782984343.021,2026-07-02 09:25:43.023,lock_deadlock_rounds,2156,2156,1.123162,enabled
1782984343.021,2026-07-02 09:25:43.023,lock_rec_grant_attempts,425,425,0.221403,enabled
1782984343.021,2026-07-02 09:25:43.023,lock_rec_release_attempts,34457009,34457009,17950.282395,enabled
1782984343.021,2026-07-02 09:25:43.023,lock_row_lock_current_waits,0,0,0.000000,enabled
1782984343.021,2026-07-02 09:25:43.023,lock_row_lock_time,323,323,0.168266,enabled
1782984343.021,2026-07-02 09:25:43.023,lock_row_lock_time_avg,0,0,0.000000,enabled
1782984343.021,2026-07-02 09:25:43.023,lock_row_lock_time_max,29,29,0.000000,enabled
1782984343.021,2026-07-02 09:25:43.023,lock_row_lock_waits,425,425,0.221403,enabled
1782984343.021,2026-07-02 09:25:43.023,lock_schedule_refreshes,2156,2156,1.123162,enabled
1782984343.021,2026-07-02 09:25:43.023,lock_threads_waiting,0,0,0.000000,enabled
1782984343.021,2026-07-02 09:25:43.023,lock_timeouts,0,0,0.000000,enabled
1782984343.021,2026-07-02 09:25:43.023,log_waits,0,0,0.000000,enabled
1782984343.021,2026-07-02 09:25:43.023,log_writes,170170032,170170032,88649.586717,enabled
1782984343.021,2026-07-02 09:25:43.023,log_write_requests,377426061,377426061,196619.016653,enabled
1782984343.021,2026-07-02 09:25:43.023,os_data_fsyncs,42675214,42675214,22231.530234,enabled
1782984343.021,2026-07-02 09:25:43.023,os_data_reads,54886978,54886978,28593.213690,enabled
1782984343.021,2026-07-02 09:25:43.023,os_data_writes,190398555,190398555,99187.580786,enabled
1782984343.021,2026-07-02 09:25:43.023,os_log_bytes_written,111378828800,111378828800,58022481.033448,enabled
1782984343.021,2026-07-02 09:25:43.023,os_log_fsyncs,37591776,37591776,19583.327742,enabled
1782984343.021,2026-07-02 09:25:43.023,os_log_pending_fsyncs,1,1,0.000521,enabled
1782984343.021,2026-07-02 09:25:43.023,os_log_pending_writes,0,0,0.000000,enabled
1782984343.021,2026-07-02 09:25:43.023,trx_rseg_history_len,898,898,0.000000,enabled
1782984344.093,2026-07-02 09:25:44.094,adaptive_hash_searches,0,0,0.000000,enabled
1782984344.093,2026-07-02 09:25:44.094,adaptive_hash_searches_btree,535621399,535621399,278875.037137,enabled
1782984344.093,2026-07-02 09:25:44.094,buffer_data_reads,895281580544,895281580544,466134699.798081,enabled
1782984344.093,2026-07-02 09:25:44.094,buffer_data_written,465141838336,465141838336,242179394.421568,enabled
1782984344.093,2026-07-02 09:25:44.094,buffer_pages0_read,7,7,0.003645,enabled
1782984344.093,2026-07-02 09:25:44.094,buffer_pages_created,1799852,1799852,937.105709,enabled
1782984344.093,2026-07-02 09:25:44.094,buffer_pages_read,54797374,54797374,28530.641180,enabled
1782984344.093,2026-07-02 09:25:44.094,buffer_pages_written,19555037,19555037,10181.468667,enabled
1782984344.093,2026-07-02 09:25:44.094,buffer_pool_bytes_data,12851724288,12851724288,0.000000,enabled
1782984344.093,2026-07-02 09:25:44.094,buffer_pool_bytes_dirty,3296034816,3296034816,0.000000,enabled
1782984344.093,2026-07-02 09:25:44.094,buffer_pool_pages_data,784407,784407,0.000000,enabled
1782984344.093,2026-07-02 09:25:44.094,buffer_pool_pages_dirty,201174,201174,0.000000,enabled
1782984344.093,2026-07-02 09:25:44.094,buffer_pool_pages_flushed,19497967,19497967,0.000000,enabled
1782984344.093,2026-07-02 09:25:44.094,buffer_pool_pages_free,1928,1928,0.000000,enabled
1782984344.093,2026-07-02 09:25:44.094,buffer_pool_pages_lru_flushed,0,0,0.000000,enabled
1782984344.093,2026-07-02 09:25:44.094,buffer_pool_pages_misc,96,96,0.000000,enabled
1782984344.093,2026-07-02 09:25:44.094,buffer_pool_pages_total,786432,786432,0.000000,enabled
1782984344.093,2026-07-02 09:25:44.094,buffer_pool_reads,53921492,53921492,28074.608184,enabled
1782984344.093,2026-07-02 09:25:44.094,buffer_pool_read_ahead,803715,803715,418.459924,enabled
1782984344.093,2026-07-02 09:25:44.094,buffer_pool_read_ahead_evicted,25,25,0.013016,enabled
1782984344.093,2026-07-02 09:25:44.094,buffer_pool_read_requests,2571120417,2571120417,1338672.117368,enabled
1782984344.093,2026-07-02 09:25:44.094,buffer_pool_size,12884901888,12884901888,0.000000,enabled
1782984344.093,2026-07-02 09:25:44.094,buffer_pool_wait_free,18945,18945,9.863849,enabled
1782984344.093,2026-07-02 09:25:44.094,buffer_pool_write_requests,563199899,563199899,293234.029582,enabled
1782984344.093,2026-07-02 09:25:44.094,dml_deletes,11342037,11342037,5905.310914,enabled
1782984344.093,2026-07-02 09:25:44.094,dml_inserts,111227436,111227436,57911.342765,enabled
1782984344.093,2026-07-02 09:25:44.094,dml_system_deletes,468,468,0.243667,enabled
1782984344.093,2026-07-02 09:25:44.094,dml_system_inserts,1202,1202,0.625830,enabled
1782984344.093,2026-07-02 09:25:44.094,dml_system_reads,7661,7661,3.988753,enabled
1782984344.093,2026-07-02 09:25:44.094,dml_system_updates,620,620,0.322807,enabled
1782984344.093,2026-07-02 09:25:44.094,dml_updates,22684192,22684192,11810.683255,enabled
1782984344.093,2026-07-02 09:25:44.094,file_num_open_files,35,35,0.000000,enabled
1782984344.093,2026-07-02 09:25:44.094,ibuf_merges,0,0,0.000000,enabled
1782984344.093,2026-07-02 09:25:44.094,ibuf_merges_delete,0,0,0.000000,enabled
1782984344.093,2026-07-02 09:25:44.094,ibuf_merges_delete_mark,0,0,0.000000,enabled
1782984344.093,2026-07-02 09:25:44.094,ibuf_merges_discard_delete,0,0,0.000000,enabled
1782984344.093,2026-07-02 09:25:44.094,ibuf_merges_discard_delete_mark,0,0,0.000000,enabled
1782984344.093,2026-07-02 09:25:44.094,ibuf_merges_discard_insert,0,0,0.000000,enabled
1782984344.093,2026-07-02 09:25:44.094,ibuf_merges_insert,0,0,0.000000,enabled
1782984344.093,2026-07-02 09:25:44.094,ibuf_size,1,1,0.000521,enabled
1782984344.093,2026-07-02 09:25:44.094,innodb_activity_count,15939494,15939494,8299.009206,enabled
1782984344.093,2026-07-02 09:25:44.094,innodb_dblwr_pages_written,19496270,19496270,10150.869478,enabled
1782984344.093,2026-07-02 09:25:44.094,innodb_dblwr_writes,387686,387686,201.851430,enabled
1782984344.093,2026-07-02 09:25:44.094,innodb_page_size,16384,16384,0.000000,enabled
1782984344.093,2026-07-02 09:25:44.094,innodb_rwlock_sx_os_waits,0,0,0.000000,enabled
1782984344.093,2026-07-02 09:25:44.094,innodb_rwlock_sx_spin_rounds,0,0,0.000000,enabled
1782984344.093,2026-07-02 09:25:44.094,innodb_rwlock_sx_spin_waits,0,0,0.000000,enabled
1782984344.093,2026-07-02 09:25:44.094,innodb_rwlock_s_os_waits,0,0,0.000000,enabled
1782984344.093,2026-07-02 09:25:44.094,innodb_rwlock_s_spin_rounds,0,0,0.000000,enabled
1782984344.093,2026-07-02 09:25:44.094,innodb_rwlock_s_spin_waits,0,0,0.000000,enabled
1782984344.093,2026-07-02 09:25:44.094,innodb_rwlock_x_os_waits,0,0,0.000000,enabled
1782984344.093,2026-07-02 09:25:44.094,innodb_rwlock_x_spin_rounds,0,0,0.000000,enabled
1782984344.093,2026-07-02 09:25:44.094,innodb_rwlock_x_spin_waits,0,0,0.000000,enabled
1782984344.093,2026-07-02 09:25:44.094,lock_deadlocks,0,0,0.000000,enabled
1782984344.093,2026-07-02 09:25:44.094,lock_deadlock_false_positives,0,0,0.000000,enabled
1782984344.093,2026-07-02 09:25:44.094,lock_deadlock_rounds,2157,2157,1.123057,enabled
1782984344.093,2026-07-02 09:25:44.094,lock_rec_grant_attempts,425,425,0.221279,enabled
1782984344.093,2026-07-02 09:25:44.094,lock_rec_release_attempts,34471955,34471955,17948.068720,enabled
1782984344.093,2026-07-02 09:25:44.094,lock_row_lock_current_waits,0,0,0.000000,enabled
1782984344.093,2026-07-02 09:25:44.094,lock_row_lock_time,323,323,0.168172,enabled
1782984344.093,2026-07-02 09:25:44.094,lock_row_lock_time_avg,0,0,0.000000,enabled
1782984344.093,2026-07-02 09:25:44.094,lock_row_lock_time_max,29,29,0.000000,enabled
1782984344.093,2026-07-02 09:25:44.094,lock_row_lock_waits,425,425,0.221279,enabled
1782984344.093,2026-07-02 09:25:44.094,lock_schedule_refreshes,2157,2157,1.123057,enabled
1782984344.093,2026-07-02 09:25:44.094,lock_threads_waiting,0,0,0.000000,enabled
1782984344.093,2026-07-02 09:25:44.094,lock_timeouts,0,0,0.000000,enabled
1782984344.093,2026-07-02 09:25:44.094,log_waits,0,0,0.000000,enabled
1782984344.093,2026-07-02 09:25:44.094,log_writes,170249526,170249526,88641.612655,enabled
1782984344.093,2026-07-02 09:25:44.094,log_write_requests,377509834,377509834,196553.149327,enabled
1782984344.093,2026-07-02 09:25:44.094,os_data_fsyncs,42708828,42708828,22236.652350,enabled
1782984344.093,2026-07-02 09:25:44.094,os_data_reads,54944546,54944546,28607.265220,enabled
1782984344.093,2026-07-02 09:25:44.094,os_data_writes,190491672,190491672,99180.831877,enabled
1782984344.093,2026-07-02 09:25:44.094,os_log_bytes_written,111420644352,111420644352,58011943.753077,enabled
1782984344.093,2026-07-02 09:25:44.094,os_log_fsyncs,37620810,37620810,19587.539849,enabled
1782984344.093,2026-07-02 09:25:44.094,os_log_pending_fsyncs,0,0,0.000000,enabled
1782984344.093,2026-07-02 09:25:44.094,os_log_pending_writes,0,0,0.000000,enabled
1782984344.093,2026-07-02 09:25:44.094,trx_rseg_history_len,807,807,0.000000,enabled
1782984345.161,2026-07-02 09:25:45.163,adaptive_hash_searches,0,0,0.000000,enabled
1782984345.161,2026-07-02 09:25:45.163,adaptive_hash_searches_btree,535787669,535787669,278806.710971,enabled
1782984345.161,2026-07-02 09:25:45.163,buffer_data_reads,896195693056,896195693056,466351553.653638,enabled
1782984345.161,2026-07-02 09:25:45.163,buffer_data_written,465408074752,465408074752,242183465.290267,enabled
1782984345.161,2026-07-02 09:25:45.163,buffer_pages0_read,7,7,0.003643,enabled
1782984345.161,2026-07-02 09:25:45.163,buffer_pages_created,1799878,1799878,936.598912,enabled
1782984345.161,2026-07-02 09:25:45.163,buffer_pages_read,54853303,54853303,28543.903231,enabled
1782984345.161,2026-07-02 09:25:45.163,buffer_pages_written,19568395,19568395,10182.766496,enabled
1782984345.161,2026-07-02 09:25:45.163,buffer_pool_bytes_data,12849856512,12849856512,0.000000,enabled
1782984345.161,2026-07-02 09:25:45.163,buffer_pool_bytes_dirty,3393011712,3393011712,0.000000,enabled
1782984345.161,2026-07-02 09:25:45.163,buffer_pool_pages_data,784293,784293,0.000000,enabled
1782984345.161,2026-07-02 09:25:45.163,buffer_pool_pages_dirty,207093,207093,0.000000,enabled
1782984345.161,2026-07-02 09:25:45.163,buffer_pool_pages_flushed,19511312,19511312,0.000000,enabled
1782984345.161,2026-07-02 09:25:45.163,buffer_pool_pages_free,2043,2043,0.000000,enabled
1782984345.161,2026-07-02 09:25:45.163,buffer_pool_pages_lru_flushed,0,0,0.000000,enabled
1782984345.161,2026-07-02 09:25:45.163,buffer_pool_pages_misc,96,96,0.000000,enabled
1782984345.161,2026-07-02 09:25:45.163,buffer_pool_pages_total,786432,786432,0.000000,enabled
1782984345.161,2026-07-02 09:25:45.163,buffer_pool_reads,53977381,53977381,28088.102666,enabled
1782984345.161,2026-07-02 09:25:45.163,buffer_pool_read_ahead,803715,803715,418.227575,enabled
1782984345.161,2026-07-02 09:25:45.163,buffer_pool_read_ahead_evicted,25,25,0.013009,enabled
1782984345.161,2026-07-02 09:25:45.163,buffer_pool_read_requests,2571944128,2571944128,1338357.455733,enabled
1782984345.161,2026-07-02 09:25:45.163,buffer_pool_size,12884901888,12884901888,0.000000,enabled
1782984345.161,2026-07-02 09:25:45.163,buffer_pool_wait_free,18945,18945,9.858372,enabled
1782984345.161,2026-07-02 09:25:45.163,buffer_pool_write_requests,563312797,563312797,293129.960669,enabled
1782984345.161,2026-07-02 09:25:45.163,dml_deletes,11346832,11346832,5904.527077,enabled
1782984345.161,2026-07-02 09:25:45.163,dml_inserts,111232231,111232231,57881.681914,enabled
1782984345.161,2026-07-02 09:25:45.163,dml_system_deletes,468,468,0.243532,enabled
1782984345.161,2026-07-02 09:25:45.163,dml_system_inserts,1202,1202,0.625482,enabled
1782984345.161,2026-07-02 09:25:45.163,dml_system_reads,7661,7661,3.986538,enabled
1782984345.161,2026-07-02 09:25:45.163,dml_system_updates,620,620,0.322628,enabled
1782984345.161,2026-07-02 09:25:45.163,dml_updates,22693779,22693779,11809.113982,enabled
1782984345.161,2026-07-02 09:25:45.163,file_num_open_files,35,35,0.000000,enabled
1782984345.161,2026-07-02 09:25:45.163,ibuf_merges,0,0,0.000000,enabled
1782984345.161,2026-07-02 09:25:45.163,ibuf_merges_delete,0,0,0.000000,enabled
1782984345.161,2026-07-02 09:25:45.163,ibuf_merges_delete_mark,0,0,0.000000,enabled
1782984345.161,2026-07-02 09:25:45.163,ibuf_merges_discard_delete,0,0,0.000000,enabled
1782984345.161,2026-07-02 09:25:45.163,ibuf_merges_discard_delete_mark,0,0,0.000000,enabled
1782984345.161,2026-07-02 09:25:45.163,ibuf_merges_discard_insert,0,0,0.000000,enabled
1782984345.161,2026-07-02 09:25:45.163,ibuf_merges_insert,0,0,0.000000,enabled
1782984345.161,2026-07-02 09:25:45.163,ibuf_size,1,1,0.000520,enabled
1782984345.161,2026-07-02 09:25:45.163,innodb_activity_count,15945010,15945010,8297.271443,enabled
1782984345.161,2026-07-02 09:25:45.163,innodb_dblwr_pages_written,19509615,19509615,10152.177397,enabled
1782984345.161,2026-07-02 09:25:45.163,innodb_dblwr_writes,388021,388021,201.913673,enabled
1782984345.161,2026-07-02 09:25:45.163,innodb_page_size,16384,16384,0.000000,enabled
1782984345.161,2026-07-02 09:25:45.163,innodb_rwlock_sx_os_waits,0,0,0.000000,enabled
1782984345.161,2026-07-02 09:25:45.163,innodb_rwlock_sx_spin_rounds,0,0,0.000000,enabled
1782984345.161,2026-07-02 09:25:45.163,innodb_rwlock_sx_spin_waits,0,0,0.000000,enabled
1782984345.161,2026-07-02 09:25:45.163,innodb_rwlock_s_os_waits,0,0,0.000000,enabled
1782984345.161,2026-07-02 09:25:45.163,innodb_rwlock_s_spin_rounds,0,0,0.000000,enabled
1782984345.161,2026-07-02 09:25:45.163,innodb_rwlock_s_spin_waits,0,0,0.000000,enabled
1782984345.161,2026-07-02 09:25:45.163,innodb_rwlock_x_os_waits,0,0,0.000000,enabled
1782984345.161,2026-07-02 09:25:45.163,innodb_rwlock_x_spin_rounds,0,0,0.000000,enabled
1782984345.161,2026-07-02 09:25:45.163,innodb_rwlock_x_spin_waits,0,0,0.000000,enabled
1782984345.161,2026-07-02 09:25:45.163,lock_deadlocks,0,0,0.000000,enabled
1782984345.161,2026-07-02 09:25:45.163,lock_deadlock_false_positives,0,0,0.000000,enabled
1782984345.161,2026-07-02 09:25:45.163,lock_deadlock_rounds,2159,2159,1.123475,enabled
1782984345.161,2026-07-02 09:25:45.163,lock_rec_grant_attempts,425,425,0.221156,enabled
1782984345.161,2026-07-02 09:25:45.163,lock_rec_release_attempts,34486556,34486556,17945.700983,enabled
1782984345.161,2026-07-02 09:25:45.163,lock_row_lock_current_waits,0,0,0.000000,enabled
1782984345.161,2026-07-02 09:25:45.163,lock_row_lock_time,323,323,0.168079,enabled
1782984345.161,2026-07-02 09:25:45.163,lock_row_lock_time_avg,0,0,0.000000,enabled
1782984345.161,2026-07-02 09:25:45.163,lock_row_lock_time_max,29,29,0.000000,enabled
1782984345.161,2026-07-02 09:25:45.163,lock_row_lock_waits,425,425,0.221156,enabled
1782984345.161,2026-07-02 09:25:45.163,lock_schedule_refreshes,2159,2159,1.123475,enabled
1782984345.161,2026-07-02 09:25:45.163,lock_threads_waiting,0,0,0.000000,enabled
1782984345.161,2026-07-02 09:25:45.163,lock_timeouts,0,0,0.000000,enabled
1782984345.161,2026-07-02 09:25:45.163,log_waits,0,0,0.000000,enabled
1782984345.161,2026-07-02 09:25:45.163,log_writes,170328358,170328358,88633.415684,enabled
1782984345.161,2026-07-02 09:25:45.163,log_write_requests,377591397,377591397,196486.455156,enabled
1782984345.161,2026-07-02 09:25:45.163,os_data_fsyncs,42739249,42739249,22240.135514,enabled
1782984345.161,2026-07-02 09:25:45.163,os_data_reads,55000318,55000318,28620.402938,enabled
1782984345.161,2026-07-02 09:25:45.163,os_data_writes,190584147,190584147,99173.882522,enabled
1782984345.161,2026-07-02 09:25:45.163,os_log_bytes_written,111461819392,111461819392,58001158.674988,enabled
1782984345.161,2026-07-02 09:25:45.163,os_log_fsyncs,37647016,37647016,19590.300593,enabled
1782984345.161,2026-07-02 09:25:45.163,os_log_pending_fsyncs,1,1,0.000520,enabled
1782984345.161,2026-07-02 09:25:45.163,os_log_pending_writes,0,0,0.000000,enabled
1782984345.161,2026-07-02 09:25:45.163,trx_rseg_history_len,788,788,0.000000,enabled
1782984346.229,2026-07-02 09:25:46.230,adaptive_hash_searches,0,0,0.000000,enabled
1782984346.229,2026-07-02 09:25:46.230,adaptive_hash_searches_btree,535951726,535951726,278736.698549,enabled
1782984346.229,2026-07-02 09:25:46.230,buffer_data_reads,897099975168,897099975168,466562028.002816,enabled
1782984346.229,2026-07-02 09:25:46.230,buffer_data_written,465672417280,465672417280,242186013.974857,enabled
1782984346.229,2026-07-02 09:25:46.230,buffer_pages0_read,7,7,0.003641,enabled
1782984346.229,2026-07-02 09:25:46.230,buffer_pages_created,1799916,1799916,936.096859,enabled
1782984346.229,2026-07-02 09:25:46.230,buffer_pages_read,54908639,54908639,28556.779328,enabled
1782984346.229,2026-07-02 09:25:46.230,buffer_pages_written,19581634,19581634,10183.978583,enabled
1782984346.229,2026-07-02 09:25:46.230,buffer_pool_bytes_data,12857769984,12857769984,0.000000,enabled
1782984346.229,2026-07-02 09:25:46.230,buffer_pool_bytes_dirty,3480256512,3480256512,0.000000,enabled
1782984346.229,2026-07-02 09:25:46.230,buffer_pool_pages_data,784776,784776,0.000000,enabled
1782984346.229,2026-07-02 09:25:46.230,buffer_pool_pages_dirty,212417,212417,0.000000,enabled
1782984346.229,2026-07-02 09:25:46.230,buffer_pool_pages_flushed,19524564,19524564,0.000000,enabled
1782984346.229,2026-07-02 09:25:46.230,buffer_pool_pages_free,1559,1559,0.000000,enabled
1782984346.229,2026-07-02 09:25:46.230,buffer_pool_pages_lru_flushed,0,0,0.000000,enabled
1782984346.229,2026-07-02 09:25:46.230,buffer_pool_pages_misc,97,97,0.000000,enabled
1782984346.229,2026-07-02 09:25:46.230,buffer_pool_pages_total,786432,786432,0.000000,enabled
1782984346.229,2026-07-02 09:25:46.230,buffer_pool_reads,54032658,54032658,28101.202070,enabled
1782984346.229,2026-07-02 09:25:46.230,buffer_pool_read_ahead,803715,803715,417.994565,enabled
1782984346.229,2026-07-02 09:25:46.230,buffer_pool_read_ahead_evicted,25,25,0.013002,enabled
1782984346.229,2026-07-02 09:25:46.230,buffer_pool_read_requests,2572756726,2572756726,1338034.420212,enabled
1782984346.229,2026-07-02 09:25:46.230,buffer_pool_size,12884901888,12884901888,0.000000,enabled
1782984346.229,2026-07-02 09:25:46.230,buffer_pool_wait_free,18945,18945,9.852880,enabled
1782984346.229,2026-07-02 09:25:46.230,buffer_pool_write_requests,563423930,563423930,293024.444629,enabled
1782984346.229,2026-07-02 09:25:46.230,dml_deletes,11351561,11351561,5903.696886,enabled
1782984346.229,2026-07-02 09:25:46.230,dml_inserts,111236960,111236960,57851.893234,enabled
1782984346.229,2026-07-02 09:25:46.230,dml_system_deletes,468,468,0.243396,enabled
1782984346.229,2026-07-02 09:25:46.230,dml_system_inserts,1202,1202,0.625134,enabled
1782984346.229,2026-07-02 09:25:46.230,dml_system_reads,7661,7661,3.984317,enabled
1782984346.229,2026-07-02 09:25:46.230,dml_system_updates,620,620,0.322448,enabled
1782984346.229,2026-07-02 09:25:46.230,dml_updates,22703239,22703239,11807.454609,enabled
1782984346.229,2026-07-02 09:25:46.230,file_num_open_files,35,35,0.000000,enabled
1782984346.229,2026-07-02 09:25:46.230,ibuf_merges,0,0,0.000000,enabled
1782984346.229,2026-07-02 09:25:46.230,ibuf_merges_delete,0,0,0.000000,enabled
1782984346.229,2026-07-02 09:25:46.230,ibuf_merges_delete_mark,0,0,0.000000,enabled
1782984346.229,2026-07-02 09:25:46.230,ibuf_merges_discard_delete,0,0,0.000000,enabled
1782984346.229,2026-07-02 09:25:46.230,ibuf_merges_discard_delete_mark,0,0,0.000000,enabled
1782984346.229,2026-07-02 09:25:46.230,ibuf_merges_discard_insert,0,0,0.000000,enabled
1782984346.229,2026-07-02 09:25:46.230,ibuf_merges_insert,0,0,0.000000,enabled
1782984346.229,2026-07-02 09:25:46.230,ibuf_size,1,1,0.000520,enabled
1782984346.229,2026-07-02 09:25:46.230,innodb_activity_count,15950443,15950443,8295.474280,enabled
1782984346.229,2026-07-02 09:25:46.230,innodb_dblwr_pages_written,19522867,19522867,10153.413291,enabled
1782984346.229,2026-07-02 09:25:46.230,innodb_dblwr_writes,388364,388364,201.979566,enabled
1782984346.229,2026-07-02 09:25:46.230,innodb_page_size,16384,16384,0.000000,enabled
1782984346.229,2026-07-02 09:25:46.230,innodb_rwlock_sx_os_waits,0,0,0.000000,enabled
1782984346.229,2026-07-02 09:25:46.230,innodb_rwlock_sx_spin_rounds,0,0,0.000000,enabled
1782984346.229,2026-07-02 09:25:46.230,innodb_rwlock_sx_spin_waits,0,0,0.000000,enabled
1782984346.229,2026-07-02 09:25:46.230,innodb_rwlock_s_os_waits,0,0,0.000000,enabled
1782984346.229,2026-07-02 09:25:46.230,innodb_rwlock_s_spin_rounds,0,0,0.000000,enabled
1782984346.229,2026-07-02 09:25:46.230,innodb_rwlock_s_spin_waits,0,0,0.000000,enabled
1782984346.229,2026-07-02 09:25:46.230,innodb_rwlock_x_os_waits,0,0,0.000000,enabled
1782984346.229,2026-07-02 09:25:46.230,innodb_rwlock_x_spin_rounds,0,0,0.000000,enabled
1782984346.229,2026-07-02 09:25:46.230,innodb_rwlock_x_spin_waits,0,0,0.000000,enabled
1782984346.229,2026-07-02 09:25:46.230,lock_deadlocks,0,0,0.000000,enabled
1782984346.229,2026-07-02 09:25:46.230,lock_deadlock_false_positives,0,0,0.000000,enabled
1782984346.229,2026-07-02 09:25:46.230,lock_deadlock_rounds,2160,2160,1.123369,enabled
1782984346.229,2026-07-02 09:25:46.230,lock_rec_grant_attempts,425,425,0.221033,enabled
1782984346.229,2026-07-02 09:25:46.230,lock_rec_release_attempts,34500934,34500934,17943.180454,enabled
1782984346.229,2026-07-02 09:25:46.230,lock_row_lock_current_waits,0,0,0.000000,enabled
1782984346.229,2026-07-02 09:25:46.230,lock_row_lock_time,323,323,0.167985,enabled
1782984346.229,2026-07-02 09:25:46.230,lock_row_lock_time_avg,0,0,0.000000,enabled
1782984346.229,2026-07-02 09:25:46.230,lock_row_lock_time_max,29,29,0.000000,enabled
1782984346.229,2026-07-02 09:25:46.230,lock_row_lock_waits,425,425,0.221033,enabled
1782984346.229,2026-07-02 09:25:46.230,lock_schedule_refreshes,2160,2160,1.123369,enabled
1782984346.229,2026-07-02 09:25:46.230,lock_threads_waiting,0,0,0.000000,enabled
1782984346.229,2026-07-02 09:25:46.230,lock_timeouts,0,0,0.000000,enabled
1782984346.229,2026-07-02 09:25:46.230,log_waits,0,0,0.000000,enabled
1782984346.229,2026-07-02 09:25:46.230,log_writes,170407444,170407444,88625.164898,enabled
1782984346.229,2026-07-02 09:25:46.230,log_write_requests,377671905,377671905,196418.854144,enabled
1782984346.229,2026-07-02 09:25:46.230,os_data_fsyncs,42768597,42768597,22243.007789,enabled
1782984346.229,2026-07-02 09:25:46.230,os_data_reads,55055519,55055519,28633.166063,enabled
1782984346.229,2026-07-02 09:25:46.230,os_data_writes,190676726,190676726,99166.776620,enabled
1782984346.229,2026-07-02 09:25:46.230,os_log_bytes_written,111503150592,111503150592,57990339.070823,enabled
1782984346.229,2026-07-02 09:25:46.230,os_log_fsyncs,37672099,37672099,19592.431076,enabled
1782984346.229,2026-07-02 09:25:46.230,os_log_pending_fsyncs,1,1,0.000520,enabled
1782984346.229,2026-07-02 09:25:46.230,os_log_pending_writes,0,0,0.000000,enabled
1782984346.229,2026-07-02 09:25:46.230,trx_rseg_history_len,695,695,0.000000,enabled
1782984347.301,2026-07-02 09:25:47.302,adaptive_hash_searches,0,0,0.000000,enabled
1782984347.301,2026-07-02 09:25:47.302,adaptive_hash_searches_btree,536115878,536115878,278666.800251,enabled
1782984347.301,2026-07-02 09:25:47.302,buffer_data_reads,898007845376,898007845376,466774103.205336,enabled
1782984347.301,2026-07-02 09:25:47.302,buffer_data_written,465938752000,465938752000,242189580.026340,enabled
1782984347.301,2026-07-02 09:25:47.302,buffer_pages0_read,7,7,0.003639,enabled
1782984347.301,2026-07-02 09:25:47.302,buffer_pages_created,1799965,1799965,935.601021,enabled
1782984347.301,2026-07-02 09:25:47.302,buffer_pages_read,54964195,54964195,28569.753615,enabled
1782984347.301,2026-07-02 09:25:47.302,buffer_pages_written,19594954,19594954,10185.230771,enabled
1782984347.301,2026-07-02 09:25:47.302,buffer_pool_bytes_data,12856573952,12856573952,0.000000,enabled
1782984347.301,2026-07-02 09:25:47.302,buffer_pool_bytes_dirty,3557916672,3557916672,0.000000,enabled
1782984347.301,2026-07-02 09:25:47.302,buffer_pool_pages_data,784703,784703,0.000000,enabled
1782984347.301,2026-07-02 09:25:47.302,buffer_pool_pages_dirty,217157,217157,0.000000,enabled
1782984347.301,2026-07-02 09:25:47.302,buffer_pool_pages_flushed,19537884,19537884,0.000000,enabled
1782984347.301,2026-07-02 09:25:47.302,buffer_pool_pages_free,1633,1633,0.000000,enabled
1782984347.301,2026-07-02 09:25:47.302,buffer_pool_pages_lru_flushed,0,0,0.000000,enabled
1782984347.301,2026-07-02 09:25:47.302,buffer_pool_pages_misc,96,96,0.000000,enabled
1782984347.301,2026-07-02 09:25:47.302,buffer_pool_pages_total,786432,786432,0.000000,enabled
1782984347.301,2026-07-02 09:25:47.302,buffer_pool_reads,54088158,54088158,28114.400854,enabled
1782984347.301,2026-07-02 09:25:47.302,buffer_pool_read_ahead,803715,803715,417.761785,enabled
1782984347.301,2026-07-02 09:25:47.302,buffer_pool_read_ahead_evicted,25,25,0.012995,enabled
1782984347.301,2026-07-02 09:25:47.302,buffer_pool_read_requests,2573571394,2573571394,1337712.728000,enabled
1782984347.301,2026-07-02 09:25:47.302,buffer_pool_size,12884901888,12884901888,0.000000,enabled
1782984347.301,2026-07-02 09:25:47.302,buffer_pool_wait_free,18945,18945,9.847392,enabled
1782984347.301,2026-07-02 09:25:47.302,buffer_pool_write_requests,563536471,563536471,292919.757638,enabled
1782984347.301,2026-07-02 09:25:47.302,dml_deletes,11356295,11356295,5902.869931,enabled
1782984347.301,2026-07-02 09:25:47.302,dml_inserts,111241692,111241692,57822.136483,enabled
1782984347.301,2026-07-02 09:25:47.302,dml_system_deletes,468,468,0.243261,enabled
1782984347.301,2026-07-02 09:25:47.302,dml_system_inserts,1202,1202,0.624786,enabled
1782984347.301,2026-07-02 09:25:47.302,dml_system_reads,7661,7661,3.982099,enabled
1782984347.301,2026-07-02 09:25:47.302,dml_system_updates,620,620,0.322269,enabled
1782984347.301,2026-07-02 09:25:47.302,dml_updates,22712708,22712708,11805.801182,enabled
1782984347.301,2026-07-02 09:25:47.302,file_num_open_files,35,35,0.000000,enabled
1782984347.301,2026-07-02 09:25:47.302,ibuf_merges,0,0,0.000000,enabled
1782984347.301,2026-07-02 09:25:47.302,ibuf_merges_delete,0,0,0.000000,enabled
1782984347.301,2026-07-02 09:25:47.302,ibuf_merges_delete_mark,0,0,0.000000,enabled
1782984347.301,2026-07-02 09:25:47.302,ibuf_merges_discard_delete,0,0,0.000000,enabled
1782984347.301,2026-07-02 09:25:47.302,ibuf_merges_discard_delete_mark,0,0,0.000000,enabled
1782984347.301,2026-07-02 09:25:47.302,ibuf_merges_discard_insert,0,0,0.000000,enabled
1782984347.301,2026-07-02 09:25:47.302,ibuf_merges_insert,0,0,0.000000,enabled
1782984347.301,2026-07-02 09:25:47.302,ibuf_size,1,1,0.000520,enabled
1782984347.301,2026-07-02 09:25:47.302,innodb_activity_count,15955873,15955873,8293.677167,enabled
1782984347.301,2026-07-02 09:25:47.302,innodb_dblwr_pages_written,19536187,19536187,10154.682662,enabled
1782984347.301,2026-07-02 09:25:47.302,innodb_dblwr_writes,388746,388746,202.065647,enabled
1782984347.301,2026-07-02 09:25:47.302,innodb_page_size,16384,16384,0.000000,enabled
1782984347.301,2026-07-02 09:25:47.302,innodb_rwlock_sx_os_waits,0,0,0.000000,enabled
1782984347.301,2026-07-02 09:25:47.302,innodb_rwlock_sx_spin_rounds,0,0,0.000000,enabled
1782984347.301,2026-07-02 09:25:47.302,innodb_rwlock_sx_spin_waits,0,0,0.000000,enabled
1782984347.301,2026-07-02 09:25:47.302,innodb_rwlock_s_os_waits,0,0,0.000000,enabled
1782984347.301,2026-07-02 09:25:47.302,innodb_rwlock_s_spin_rounds,0,0,0.000000,enabled
1782984347.301,2026-07-02 09:25:47.302,innodb_rwlock_s_spin_waits,0,0,0.000000,enabled
1782984347.301,2026-07-02 09:25:47.302,innodb_rwlock_x_os_waits,0,0,0.000000,enabled
1782984347.301,2026-07-02 09:25:47.302,innodb_rwlock_x_spin_rounds,0,0,0.000000,enabled
1782984347.301,2026-07-02 09:25:47.302,innodb_rwlock_x_spin_waits,0,0,0.000000,enabled
1782984347.301,2026-07-02 09:25:47.302,lock_deadlocks,0,0,0.000000,enabled
1782984347.301,2026-07-02 09:25:47.302,lock_deadlock_false_positives,0,0,0.000000,enabled
1782984347.301,2026-07-02 09:25:47.302,lock_deadlock_rounds,2161,2161,1.123263,enabled
1782984347.301,2026-07-02 09:25:47.302,lock_rec_grant_attempts,425,425,0.220910,enabled
1782984347.301,2026-07-02 09:25:47.302,lock_rec_release_attempts,34515315,34515315,17940.662998,enabled
1782984347.301,2026-07-02 09:25:47.302,lock_row_lock_current_waits,0,0,0.000000,enabled
1782984347.301,2026-07-02 09:25:47.302,lock_row_lock_time,323,323,0.167892,enabled
1782984347.301,2026-07-02 09:25:47.302,lock_row_lock_time_avg,0,0,0.000000,enabled
1782984347.301,2026-07-02 09:25:47.302,lock_row_lock_time_max,29,29,0.000000,enabled
1782984347.301,2026-07-02 09:25:47.302,lock_row_lock_waits,425,425,0.220910,enabled
1782984347.301,2026-07-02 09:25:47.302,lock_schedule_refreshes,2161,2161,1.123263,enabled
1782984347.301,2026-07-02 09:25:47.302,lock_threads_waiting,0,0,0.000000,enabled
1782984347.301,2026-07-02 09:25:47.302,lock_timeouts,0,0,0.000000,enabled
1782984347.301,2026-07-02 09:25:47.302,log_waits,0,0,0.000000,enabled
1782984347.301,2026-07-02 09:25:47.302,log_writes,170486859,170486859,88617.090472,enabled
1782984347.301,2026-07-02 09:25:47.302,log_write_requests,377752628,377752628,196351.431629,enabled
1782984347.301,2026-07-02 09:25:47.302,os_data_fsyncs,42798210,42798210,22246.013552,enabled
1782984347.301,2026-07-02 09:25:47.302,os_data_reads,55110909,55110909,28646.011840,enabled
1782984347.301,2026-07-02 09:25:47.302,os_data_writes,190769746,190769746,99159.903140,enabled
1782984347.301,2026-07-02 09:25:47.302,os_log_bytes_written,111544859136,111544859136,57979724.921665,enabled
1782984347.301,2026-07-02 09:25:47.302,os_log_fsyncs,37697236,37697236,19594.586330,enabled
1782984347.301,2026-07-02 09:25:47.302,os_log_pending_fsyncs,1,1,0.000520,enabled
1782984347.301,2026-07-02 09:25:47.302,os_log_pending_writes,0,0,0.000000,enabled
1782984347.301,2026-07-02 09:25:47.302,trx_rseg_history_len,434,434,0.000000,enabled
1782984348.371,2026-07-02 09:25:48.373,adaptive_hash_searches,0,0,0.000000,enabled
1782984348.371,2026-07-02 09:25:48.373,adaptive_hash_searches_btree,536280471,536280471,278597.784068,enabled
1782984348.371,2026-07-02 09:25:48.373,buffer_data_reads,898916698624,898916698624,466987418.137395,enabled
1782984348.371,2026-07-02 09:25:48.373,buffer_data_written,466237187072,466237187072,242210318.682130,enabled
1782984348.371,2026-07-02 09:25:48.373,buffer_pages0_read,7,7,0.003637,enabled
1782984348.371,2026-07-02 09:25:48.373,buffer_pages_created,1800004,1800004,935.102475,enabled
1782984348.371,2026-07-02 09:25:48.373,buffer_pages_read,55019804,55019804,28582.800061,enabled
1782984348.371,2026-07-02 09:25:48.373,buffer_pages_written,19610258,19610258,10187.533315,enabled
1782984348.371,2026-07-02 09:25:48.373,buffer_pool_bytes_data,12850692096,12850692096,0.000000,enabled
1782984348.371,2026-07-02 09:25:48.373,buffer_pool_bytes_dirty,3599384576,3599384576,0.000000,enabled
1782984348.371,2026-07-02 09:25:48.373,buffer_pool_pages_data,784344,784344,0.000000,enabled
1782984348.371,2026-07-02 09:25:48.373,buffer_pool_pages_dirty,219689,219689,0.000000,enabled
1782984348.371,2026-07-02 09:25:48.373,buffer_pool_pages_flushed,19551203,19551203,0.000000,enabled
1782984348.371,2026-07-02 09:25:48.373,buffer_pool_pages_free,1992,1992,0.000000,enabled
1782984348.371,2026-07-02 09:25:48.373,buffer_pool_pages_lru_flushed,0,0,0.000000,enabled
1782984348.371,2026-07-02 09:25:48.373,buffer_pool_pages_misc,96,96,0.000000,enabled
1782984348.371,2026-07-02 09:25:48.373,buffer_pool_pages_total,786432,786432,0.000000,enabled
1782984348.371,2026-07-02 09:25:48.373,buffer_pool_reads,54143721,54143721,28127.675865,enabled
1782984348.371,2026-07-02 09:25:48.373,buffer_pool_read_ahead,803715,803715,417.530128,enabled
1782984348.371,2026-07-02 09:25:48.373,buffer_pool_read_ahead_evicted,25,25,0.012988,enabled
1782984348.371,2026-07-02 09:25:48.373,buffer_pool_read_requests,2574387371,2574387371,1337394.840490,enabled
1782984348.371,2026-07-02 09:25:48.373,buffer_pool_size,12884901888,12884901888,0.000000,enabled
1782984348.371,2026-07-02 09:25:48.373,buffer_pool_wait_free,18945,18945,9.841932,enabled
1782984348.371,2026-07-02 09:25:48.373,buffer_pool_write_requests,563648491,563648491,292815.522496,enabled
1782984348.371,2026-07-02 09:25:48.373,dml_deletes,11361046,11361046,5902.064910,enabled
1782984348.371,2026-07-02 09:25:48.373,dml_inserts,111246445,111246445,57792.543052,enabled
1782984348.371,2026-07-02 09:25:48.373,dml_system_deletes,468,468,0.243126,enabled
1782984348.371,2026-07-02 09:25:48.373,dml_system_inserts,1202,1202,0.624439,enabled
1782984348.371,2026-07-02 09:25:48.373,dml_system_reads,7661,7661,3.979891,enabled
1782984348.371,2026-07-02 09:25:48.373,dml_system_updates,620,620,0.322090,enabled
1782984348.371,2026-07-02 09:25:48.373,dml_updates,22722213,22722213,11804.192667,enabled
1782984348.371,2026-07-02 09:25:48.373,file_num_open_files,35,35,0.000000,enabled
1782984348.371,2026-07-02 09:25:48.373,ibuf_merges,0,0,0.000000,enabled
1782984348.371,2026-07-02 09:25:48.373,ibuf_merges_delete,0,0,0.000000,enabled
1782984348.371,2026-07-02 09:25:48.373,ibuf_merges_delete_mark,0,0,0.000000,enabled
1782984348.371,2026-07-02 09:25:48.373,ibuf_merges_discard_delete,0,0,0.000000,enabled
1782984348.371,2026-07-02 09:25:48.373,ibuf_merges_discard_delete_mark,0,0,0.000000,enabled
1782984348.371,2026-07-02 09:25:48.373,ibuf_merges_discard_insert,0,0,0.000000,enabled
1782984348.371,2026-07-02 09:25:48.373,ibuf_merges_insert,0,0,0.000000,enabled
1782984348.371,2026-07-02 09:25:48.373,ibuf_size,1,1,0.000520,enabled
1782984348.371,2026-07-02 09:25:48.373,innodb_activity_count,15961339,15961339,8291.917872,enabled
1782984348.371,2026-07-02 09:25:48.373,innodb_dblwr_pages_written,19550786,19550786,10156.636025,enabled
1782984348.371,2026-07-02 09:25:48.373,innodb_dblwr_writes,389142,389142,202.159323,enabled
1782984348.371,2026-07-02 09:25:48.373,innodb_page_size,16384,16384,0.000000,enabled
1782984348.371,2026-07-02 09:25:48.373,innodb_rwlock_sx_os_waits,0,0,0.000000,enabled
1782984348.371,2026-07-02 09:25:48.373,innodb_rwlock_sx_spin_rounds,0,0,0.000000,enabled
1782984348.371,2026-07-02 09:25:48.373,innodb_rwlock_sx_spin_waits,0,0,0.000000,enabled
1782984348.371,2026-07-02 09:25:48.373,innodb_rwlock_s_os_waits,0,0,0.000000,enabled
1782984348.371,2026-07-02 09:25:48.373,innodb_rwlock_s_spin_rounds,0,0,0.000000,enabled
1782984348.371,2026-07-02 09:25:48.373,innodb_rwlock_s_spin_waits,0,0,0.000000,enabled
1782984348.371,2026-07-02 09:25:48.373,innodb_rwlock_x_os_waits,0,0,0.000000,enabled
1782984348.371,2026-07-02 09:25:48.373,innodb_rwlock_x_spin_rounds,0,0,0.000000,enabled
1782984348.371,2026-07-02 09:25:48.373,innodb_rwlock_x_spin_waits,0,0,0.000000,enabled
1782984348.371,2026-07-02 09:25:48.373,lock_deadlocks,0,0,0.000000,enabled
1782984348.371,2026-07-02 09:25:48.373,lock_deadlock_false_positives,0,0,0.000000,enabled
1782984348.371,2026-07-02 09:25:48.373,lock_deadlock_rounds,2162,2162,1.123160,enabled
1782984348.371,2026-07-02 09:25:48.373,lock_rec_grant_attempts,425,425,0.220788,enabled
1782984348.371,2026-07-02 09:25:48.373,lock_rec_release_attempts,34529761,34529761,17938.219234,enabled
1782984348.371,2026-07-02 09:25:48.373,lock_row_lock_current_waits,0,0,0.000000,enabled
1782984348.371,2026-07-02 09:25:48.373,lock_row_lock_time,323,323,0.167799,enabled
1782984348.371,2026-07-02 09:25:48.373,lock_row_lock_time_avg,0,0,0.000000,enabled
1782984348.371,2026-07-02 09:25:48.373,lock_row_lock_time_max,29,29,0.000000,enabled
1782984348.371,2026-07-02 09:25:48.373,lock_row_lock_waits,425,425,0.220788,enabled
1782984348.371,2026-07-02 09:25:48.373,lock_schedule_refreshes,2162,2162,1.123160,enabled
1782984348.371,2026-07-02 09:25:48.373,lock_threads_waiting,0,0,0.000000,enabled
1782984348.371,2026-07-02 09:25:48.373,lock_timeouts,0,0,0.000000,enabled
1782984348.371,2026-07-02 09:25:48.373,log_waits,0,0,0.000000,enabled
1782984348.371,2026-07-02 09:25:48.373,log_writes,170564783,170564783,88608.432991,enabled
1782984348.371,2026-07-02 09:25:48.373,log_write_requests,377833512,377833512,196284.572146,enabled
1782984348.371,2026-07-02 09:25:48.373,os_data_fsyncs,42829713,42829713,22250.043679,enabled
1782984348.371,2026-07-02 09:25:48.373,os_data_reads,55166367,55166367,28658.937717,enabled
1782984348.371,2026-07-02 09:25:48.373,os_data_writes,190863325,190863325,99153.532066,enabled
1782984348.371,2026-07-02 09:25:48.373,os_log_bytes_written,111585707520,111585707520,57968795.214454,enabled
1782984348.371,2026-07-02 09:25:48.373,os_log_fsyncs,37724166,37724166,19597.711036,enabled
1782984348.371,2026-07-02 09:25:48.373,os_log_pending_fsyncs,1,1,0.000520,enabled
1782984348.371,2026-07-02 09:25:48.373,os_log_pending_writes,0,0,0.000000,enabled
1782984348.371,2026-07-02 09:25:48.373,trx_rseg_history_len,339,339,0.000000,enabled
1782984349.439,2026-07-02 09:25:49.440,adaptive_hash_searches,0,0,0.000000,enabled
1782984349.439,2026-07-02 09:25:49.440,adaptive_hash_searches_btree,536443984,536443984,278528.364291,enabled
1782984349.439,2026-07-02 09:25:49.440,buffer_data_reads,899818211840,899818211840,467196837.687389,enabled
1782984349.439,2026-07-02 09:25:49.440,buffer_data_written,466543759872,466543759872,242235338.422424,enabled
1782984349.439,2026-07-02 09:25:49.440,buffer_pages0_read,7,7,0.003634,enabled
1782984349.439,2026-07-02 09:25:49.440,buffer_pages_created,1800043,1800043,934.604785,enabled
1782984349.439,2026-07-02 09:25:49.440,buffer_pages_read,55074985,55074985,28595.619159,enabled
1782984349.439,2026-07-02 09:25:49.440,buffer_pages_written,19626179,19626179,10190.156972,enabled
1782984349.439,2026-07-02 09:25:49.440,buffer_pool_bytes_data,12853985280,12853985280,0.000000,enabled
1782984349.439,2026-07-02 09:25:49.440,buffer_pool_bytes_dirty,3624026112,3624026112,0.000000,enabled
1782984349.439,2026-07-02 09:25:49.440,buffer_pool_pages_data,784545,784545,0.000000,enabled
1782984349.439,2026-07-02 09:25:49.440,buffer_pool_pages_dirty,221193,221193,0.000000,enabled
1782984349.439,2026-07-02 09:25:49.440,buffer_pool_pages_flushed,19569109,19569109,0.000000,enabled
1782984349.439,2026-07-02 09:25:49.440,buffer_pool_pages_free,1791,1791,0.000000,enabled
1782984349.439,2026-07-02 09:25:49.440,buffer_pool_pages_lru_flushed,0,0,0.000000,enabled
1782984349.439,2026-07-02 09:25:49.440,buffer_pool_pages_misc,96,96,0.000000,enabled
1782984349.439,2026-07-02 09:25:49.440,buffer_pool_pages_total,786432,786432,0.000000,enabled
1782984349.439,2026-07-02 09:25:49.440,buffer_pool_reads,54198843,54198843,28140.716607,enabled
1782984349.439,2026-07-02 09:25:49.440,buffer_pool_read_ahead,803715,803715,417.298865,enabled
1782984349.439,2026-07-02 09:25:49.440,buffer_pool_read_ahead_evicted,25,25,0.012980,enabled
1782984349.439,2026-07-02 09:25:49.440,buffer_pool_read_requests,2575198321,2575198321,1337075.140493,enabled
1782984349.439,2026-07-02 09:25:49.440,buffer_pool_size,12884901888,12884901888,0.000000,enabled
1782984349.439,2026-07-02 09:25:49.440,buffer_pool_wait_free,18945,18945,9.836481,enabled
1782984349.439,2026-07-02 09:25:49.440,buffer_pool_write_requests,563760578,563760578,292711.534934,enabled
1782984349.439,2026-07-02 09:25:49.440,dml_deletes,11365751,11365751,5901.238567,enabled
1782984349.439,2026-07-02 09:25:49.440,dml_inserts,111251150,111251150,57762.973836,enabled
1782984349.439,2026-07-02 09:25:49.440,dml_system_deletes,468,468,0.242991,enabled
1782984349.439,2026-07-02 09:25:49.440,dml_system_inserts,1202,1202,0.624093,enabled
1782984349.439,2026-07-02 09:25:49.440,dml_system_reads,7661,7661,3.977686,enabled
1782984349.439,2026-07-02 09:25:49.440,dml_system_updates,620,620,0.321912,enabled
1782984349.439,2026-07-02 09:25:49.440,dml_updates,22731618,22731618,11802.537347,enabled
1782984349.439,2026-07-02 09:25:49.440,file_num_open_files,35,35,0.000000,enabled
1782984349.439,2026-07-02 09:25:49.440,ibuf_merges,0,0,0.000000,enabled
1782984349.439,2026-07-02 09:25:49.440,ibuf_merges_delete,0,0,0.000000,enabled
1782984349.439,2026-07-02 09:25:49.440,ibuf_merges_delete_mark,0,0,0.000000,enabled
1782984349.439,2026-07-02 09:25:49.440,ibuf_merges_discard_delete,0,0,0.000000,enabled
1782984349.439,2026-07-02 09:25:49.440,ibuf_merges_discard_delete_mark,0,0,0.000000,enabled
1782984349.439,2026-07-02 09:25:49.440,ibuf_merges_discard_insert,0,0,0.000000,enabled
1782984349.439,2026-07-02 09:25:49.440,ibuf_merges_insert,0,0,0.000000,enabled
1782984349.439,2026-07-02 09:25:49.440,ibuf_size,1,1,0.000519,enabled
1782984349.439,2026-07-02 09:25:49.440,innodb_activity_count,15966740,15966740,8290.129151,enabled
1782984349.439,2026-07-02 09:25:49.440,innodb_dblwr_pages_written,19567412,19567412,10159.642562,enabled
1782984349.439,2026-07-02 09:25:49.440,innodb_dblwr_writes,389533,389533,202.250356,enabled
1782984349.439,2026-07-02 09:25:49.440,innodb_page_size,16384,16384,0.000000,enabled
1782984349.439,2026-07-02 09:25:49.440,innodb_rwlock_sx_os_waits,0,0,0.000000,enabled
1782984349.439,2026-07-02 09:25:49.440,innodb_rwlock_sx_spin_rounds,0,0,0.000000,enabled
1782984349.439,2026-07-02 09:25:49.440,innodb_rwlock_sx_spin_waits,0,0,0.000000,enabled
1782984349.439,2026-07-02 09:25:49.440,innodb_rwlock_s_os_waits,0,0,0.000000,enabled
1782984349.439,2026-07-02 09:25:49.440,innodb_rwlock_s_spin_rounds,0,0,0.000000,enabled
1782984349.439,2026-07-02 09:25:49.440,innodb_rwlock_s_spin_waits,0,0,0.000000,enabled
1782984349.439,2026-07-02 09:25:49.440,innodb_rwlock_x_os_waits,0,0,0.000000,enabled
1782984349.439,2026-07-02 09:25:49.440,innodb_rwlock_x_spin_rounds,0,0,0.000000,enabled
1782984349.439,2026-07-02 09:25:49.440,innodb_rwlock_x_spin_waits,0,0,0.000000,enabled
1782984349.439,2026-07-02 09:25:49.440,lock_deadlocks,0,0,0.000000,enabled
1782984349.439,2026-07-02 09:25:49.440,lock_deadlock_false_positives,0,0,0.000000,enabled
1782984349.439,2026-07-02 09:25:49.440,lock_deadlock_rounds,2163,2163,1.123057,enabled
1782984349.439,2026-07-02 09:25:49.440,lock_rec_grant_attempts,425,425,0.220665,enabled
1782984349.439,2026-07-02 09:25:49.440,lock_rec_release_attempts,34544047,34544047,17935.701176,enabled
1782984349.439,2026-07-02 09:25:49.440,lock_row_lock_current_waits,0,0,0.000000,enabled
1782984349.439,2026-07-02 09:25:49.440,lock_row_lock_time,323,323,0.167706,enabled
1782984349.439,2026-07-02 09:25:49.440,lock_row_lock_time_avg,0,0,0.000000,enabled
1782984349.439,2026-07-02 09:25:49.440,lock_row_lock_time_max,29,29,0.000000,enabled
1782984349.439,2026-07-02 09:25:49.440,lock_row_lock_waits,425,425,0.220665,enabled
1782984349.439,2026-07-02 09:25:49.440,lock_schedule_refreshes,2163,2163,1.123057,enabled
1782984349.439,2026-07-02 09:25:49.440,lock_threads_waiting,0,0,0.000000,enabled
1782984349.439,2026-07-02 09:25:49.440,lock_timeouts,0,0,0.000000,enabled
1782984349.439,2026-07-02 09:25:49.440,log_waits,0,0,0.000000,enabled
1782984349.439,2026-07-02 09:25:49.440,log_writes,170642024,170642024,88599.456948,enabled
1782984349.439,2026-07-02 09:25:49.440,log_write_requests,377913728,377913728,196217.498592,enabled
1782984349.439,2026-07-02 09:25:49.440,os_data_fsyncs,42861174,42861174,22254.054422,enabled
1782984349.439,2026-07-02 09:25:49.440,os_data_reads,55221401,55221401,28671.638008,enabled
1782984349.439,2026-07-02 09:25:49.440,os_data_writes,190956776,190956776,99147.132318,enabled
1782984349.439,2026-07-02 09:25:49.440,os_log_bytes_written,111626197504,111626197504,57957709.438245,enabled
1782984349.439,2026-07-02 09:25:49.440,os_log_fsyncs,37750679,37750679,19600.621819,enabled
1782984349.439,2026-07-02 09:25:49.440,os_log_pending_fsyncs,1,1,0.000519,enabled
1782984349.439,2026-07-02 09:25:49.440,os_log_pending_writes,1,1,0.000519,enabled
1782984349.439,2026-07-02 09:25:49.440,trx_rseg_history_len,203,203,0.000000,enabled
1782984350.506,2026-07-02 09:25:50.507,adaptive_hash_searches,0,0,0.000000,enabled
1782984350.506,2026-07-02 09:25:50.507,adaptive_hash_searches_btree,536611022,536611022,278460.140988,enabled
1782984350.506,2026-07-02 09:25:50.507,buffer_data_reads,900743956992,900743956992,467417392.931804,enabled
1782984350.506,2026-07-02 09:25:50.507,buffer_data_written,466813693440,466813693440,242240691.943905,enabled
1782984350.506,2026-07-02 09:25:50.507,buffer_pages0_read,7,7,0.003632,enabled
1782984350.506,2026-07-02 09:25:50.507,buffer_pages_created,1800097,1800097,934.113017,enabled
1782984350.506,2026-07-02 09:25:50.507,buffer_pages_read,55131624,55131624,28609.106742,enabled
1782984350.506,2026-07-02 09:25:50.507,buffer_pages_written,19639686,19639686,10191.498722,enabled
1782984350.506,2026-07-02 09:25:50.507,buffer_pool_bytes_data,12852281344,12852281344,0.000000,enabled
1782984350.506,2026-07-02 09:25:50.507,buffer_pool_bytes_dirty,3687759872,3687759872,0.000000,enabled
1782984350.506,2026-07-02 09:25:50.507,buffer_pool_pages_data,784441,784441,0.000000,enabled
1782984350.506,2026-07-02 09:25:50.507,buffer_pool_pages_dirty,225083,225083,0.000000,enabled
1782984350.506,2026-07-02 09:25:50.507,buffer_pool_pages_flushed,19582616,19582616,0.000000,enabled
1782984350.506,2026-07-02 09:25:50.507,buffer_pool_pages_free,1895,1895,0.000000,enabled
1782984350.506,2026-07-02 09:25:50.507,buffer_pool_pages_lru_flushed,0,0,0.000000,enabled
1782984350.506,2026-07-02 09:25:50.507,buffer_pool_pages_misc,96,96,0.000000,enabled
1782984350.506,2026-07-02 09:25:50.507,buffer_pool_pages_total,786432,786432,0.000000,enabled
1782984350.506,2026-07-02 09:25:50.507,buffer_pool_reads,54255431,54255431,28154.430577,enabled
1782984350.506,2026-07-02 09:25:50.507,buffer_pool_read_ahead,803715,803715,417.066780,enabled
1782984350.506,2026-07-02 09:25:50.507,buffer_pool_read_ahead_evicted,25,25,0.012973,enabled
1782984350.506,2026-07-02 09:25:50.507,buffer_pool_read_requests,2576026850,2576026850,1336761.450924,enabled
1782984350.506,2026-07-02 09:25:50.507,buffer_pool_size,12884901888,12884901888,0.000000,enabled
1782984350.506,2026-07-02 09:25:50.507,buffer_pool_wait_free,18945,18945,9.831010,enabled
1782984350.506,2026-07-02 09:25:50.507,buffer_pool_write_requests,563874749,563874749,292607.985377,enabled
1782984350.506,2026-07-02 09:25:50.507,dml_deletes,11370565,11370565,5900.454676,enabled
1782984350.506,2026-07-02 09:25:50.507,dml_inserts,111255963,111255963,57733.346402,enabled
1782984350.506,2026-07-02 09:25:50.507,dml_system_deletes,468,468,0.242856,enabled
1782984350.506,2026-07-02 09:25:50.507,dml_system_inserts,1202,1202,0.623746,enabled
1782984350.506,2026-07-02 09:25:50.507,dml_system_reads,7661,7661,3.975474,enabled
1782984350.506,2026-07-02 09:25:50.507,dml_system_updates,620,620,0.321733,enabled
1782984350.506,2026-07-02 09:25:50.507,dml_updates,22741249,22741249,11800.971092,enabled
1782984350.506,2026-07-02 09:25:50.507,file_num_open_files,35,35,0.000000,enabled
1782984350.506,2026-07-02 09:25:50.507,ibuf_merges,0,0,0.000000,enabled
1782984350.506,2026-07-02 09:25:50.507,ibuf_merges_delete,0,0,0.000000,enabled
1782984350.506,2026-07-02 09:25:50.507,ibuf_merges_delete_mark,0,0,0.000000,enabled
1782984350.506,2026-07-02 09:25:50.507,ibuf_merges_discard_delete,0,0,0.000000,enabled
1782984350.506,2026-07-02 09:25:50.507,ibuf_merges_discard_delete_mark,0,0,0.000000,enabled
1782984350.506,2026-07-02 09:25:50.507,ibuf_merges_discard_insert,0,0,0.000000,enabled
1782984350.506,2026-07-02 09:25:50.507,ibuf_merges_insert,0,0,0.000000,enabled
1782984350.506,2026-07-02 09:25:50.507,ibuf_size,1,1,0.000519,enabled
1782984350.506,2026-07-02 09:25:50.507,innodb_activity_count,15972274,15972274,8288.390314,enabled
1782984350.506,2026-07-02 09:25:50.507,innodb_dblwr_pages_written,19580919,19580919,10161.001363,enabled
1782984350.506,2026-07-02 09:25:50.507,innodb_dblwr_writes,389890,389890,202.323130,enabled
1782984350.506,2026-07-02 09:25:50.507,innodb_page_size,16384,16384,0.000000,enabled
1782984350.506,2026-07-02 09:25:50.507,innodb_rwlock_sx_os_waits,0,0,0.000000,enabled
1782984350.506,2026-07-02 09:25:50.507,innodb_rwlock_sx_spin_rounds,0,0,0.000000,enabled
1782984350.506,2026-07-02 09:25:50.507,innodb_rwlock_sx_spin_waits,0,0,0.000000,enabled
1782984350.506,2026-07-02 09:25:50.507,innodb_rwlock_s_os_waits,0,0,0.000000,enabled
1782984350.506,2026-07-02 09:25:50.507,innodb_rwlock_s_spin_rounds,0,0,0.000000,enabled
1782984350.506,2026-07-02 09:25:50.507,innodb_rwlock_s_spin_waits,0,0,0.000000,enabled
1782984350.506,2026-07-02 09:25:50.507,innodb_rwlock_x_os_waits,0,0,0.000000,enabled
1782984350.506,2026-07-02 09:25:50.507,innodb_rwlock_x_spin_rounds,0,0,0.000000,enabled
1782984350.506,2026-07-02 09:25:50.507,innodb_rwlock_x_spin_waits,0,0,0.000000,enabled
1782984350.506,2026-07-02 09:25:50.507,lock_deadlocks,0,0,0.000000,enabled
1782984350.506,2026-07-02 09:25:50.507,lock_deadlock_false_positives,0,0,0.000000,enabled
1782984350.506,2026-07-02 09:25:50.507,lock_deadlock_rounds,2164,2164,1.122951,enabled
1782984350.506,2026-07-02 09:25:50.507,lock_rec_grant_attempts,425,425,0.220543,enabled
1782984350.506,2026-07-02 09:25:50.507,lock_rec_release_attempts,34558662,34558662,17933.310016,enabled
1782984350.506,2026-07-02 09:25:50.507,lock_row_lock_current_waits,0,0,0.000000,enabled
1782984350.506,2026-07-02 09:25:50.507,lock_row_lock_time,323,323,0.167612,enabled
1782984350.506,2026-07-02 09:25:50.507,lock_row_lock_time_avg,0,0,0.000000,enabled
1782984350.506,2026-07-02 09:25:50.507,lock_row_lock_time_max,29,29,0.000000,enabled
1782984350.506,2026-07-02 09:25:50.507,lock_row_lock_waits,425,425,0.220543,enabled
1782984350.506,2026-07-02 09:25:50.507,lock_schedule_refreshes,2164,2164,1.122951,enabled
1782984350.506,2026-07-02 09:25:50.507,lock_threads_waiting,0,0,0.000000,enabled
1782984350.506,2026-07-02 09:25:50.507,lock_timeouts,0,0,0.000000,enabled
1782984350.506,2026-07-02 09:25:50.507,log_waits,0,0,0.000000,enabled
1782984350.506,2026-07-02 09:25:50.507,log_writes,170721978,170721978,88591.672559,enabled
1782984350.506,2026-07-02 09:25:50.507,log_write_requests,377995614,377995614,196150.865208,enabled
1782984350.506,2026-07-02 09:25:50.507,os_data_fsyncs,42891552,42891552,22257.441745,enabled
1782984350.506,2026-07-02 09:25:50.507,os_data_reads,55277909,55277909,28685.015670,enabled
1782984350.506,2026-07-02 09:25:50.507,os_data_writes,191050529,191050529,99140.642496,enabled
1782984350.506,2026-07-02 09:25:50.507,os_log_bytes_written,111668409856,111668409856,57947381.386203,enabled
1782984350.506,2026-07-02 09:25:50.507,os_log_fsyncs,37776517,37776517,19603.128935,enabled
1782984350.506,2026-07-02 09:25:50.507,os_log_pending_fsyncs,1,1,0.000519,enabled
1782984350.506,2026-07-02 09:25:50.507,os_log_pending_writes,0,0,0.000000,enabled
1782984350.506,2026-07-02 09:25:50.507,trx_rseg_history_len,187,187,0.000000,enabled
1782984351.577,2026-07-02 09:25:51.579,adaptive_hash_searches,0,0,0.000000,enabled
1782984351.577,2026-07-02 09:25:51.579,adaptive_hash_searches_btree,536778051,536778051,278392.092357,enabled
1782984351.577,2026-07-02 09:25:51.579,buffer_data_reads,901666556416,901666556416,467636259.705731,enabled
1782984351.577,2026-07-02 09:25:51.579,buffer_data_written,467080057344,467080057344,242244285.557882,enabled
1782984351.577,2026-07-02 09:25:51.579,buffer_pages0_read,7,7,0.003630,enabled
1782984351.577,2026-07-02 09:25:51.579,buffer_pages_created,1800147,1800147,933.620098,enabled
1782984351.577,2026-07-02 09:25:51.579,buffer_pages_read,55188092,55188092,28622.502191,enabled
1782984351.577,2026-07-02 09:25:51.579,buffer_pages_written,19653028,19653028,10192.757509,enabled
1782984351.577,2026-07-02 09:25:51.579,buffer_pool_bytes_data,12859801600,12859801600,0.000000,enabled
1782984351.577,2026-07-02 09:25:51.579,buffer_pool_bytes_dirty,3750412288,3750412288,0.000000,enabled
1782984351.577,2026-07-02 09:25:51.579,buffer_pool_pages_data,784900,784900,0.000000,enabled
1782984351.577,2026-07-02 09:25:51.579,buffer_pool_pages_dirty,228907,228907,0.000000,enabled
1782984351.577,2026-07-02 09:25:51.579,buffer_pool_pages_flushed,19595958,19595958,0.000000,enabled
1782984351.577,2026-07-02 09:25:51.579,buffer_pool_pages_free,1435,1435,0.000000,enabled
1782984351.577,2026-07-02 09:25:51.579,buffer_pool_pages_lru_flushed,0,0,0.000000,enabled
1782984351.577,2026-07-02 09:25:51.579,buffer_pool_pages_misc,96,96,0.000000,enabled
1782984351.577,2026-07-02 09:25:51.579,buffer_pool_pages_total,786432,786432,0.000000,enabled
1782984351.577,2026-07-02 09:25:51.579,buffer_pool_reads,54311847,54311847,28168.051661,enabled
1782984351.577,2026-07-02 09:25:51.579,buffer_pool_read_ahead,803715,803715,416.835122,enabled
1782984351.577,2026-07-02 09:25:51.579,buffer_pool_read_ahead_evicted,25,25,0.012966,enabled
1782984351.577,2026-07-02 09:25:51.579,buffer_pool_read_requests,2576854054,2576854054,1336447.970340,enabled
1782984351.577,2026-07-02 09:25:51.579,buffer_pool_size,12884901888,12884901888,0.000000,enabled
1782984351.577,2026-07-02 09:25:51.579,buffer_pool_wait_free,18945,18945,9.825549,enabled
1782984351.577,2026-07-02 09:25:51.579,buffer_pool_write_requests,563987959,563987959,292504.172370,enabled
1782984351.577,2026-07-02 09:25:51.579,dml_deletes,11375384,11375384,5899.676489,enabled
1782984351.577,2026-07-02 09:25:51.579,dml_inserts,111260782,111260782,57703.776895,enabled
1782984351.577,2026-07-02 09:25:51.579,dml_system_deletes,468,468,0.242721,enabled
1782984351.577,2026-07-02 09:25:51.579,dml_system_inserts,1202,1202,0.623400,enabled
1782984351.577,2026-07-02 09:25:51.579,dml_system_reads,7661,7661,3.973266,enabled
1782984351.577,2026-07-02 09:25:51.579,dml_system_updates,620,620,0.321554,enabled
1782984351.577,2026-07-02 09:25:51.579,dml_updates,22750885,22750885,11799.413646,enabled
1782984351.577,2026-07-02 09:25:51.579,file_num_open_files,35,35,0.000000,enabled
1782984351.577,2026-07-02 09:25:51.579,ibuf_merges,0,0,0.000000,enabled
1782984351.577,2026-07-02 09:25:51.579,ibuf_merges_delete,0,0,0.000000,enabled
1782984351.577,2026-07-02 09:25:51.579,ibuf_merges_delete_mark,0,0,0.000000,enabled
1782984351.577,2026-07-02 09:25:51.579,ibuf_merges_discard_delete,0,0,0.000000,enabled
1782984351.577,2026-07-02 09:25:51.579,ibuf_merges_discard_delete_mark,0,0,0.000000,enabled
1782984351.577,2026-07-02 09:25:51.579,ibuf_merges_discard_insert,0,0,0.000000,enabled
1782984351.577,2026-07-02 09:25:51.579,ibuf_merges_insert,0,0,0.000000,enabled
1782984351.577,2026-07-02 09:25:51.579,ibuf_size,1,1,0.000519,enabled
1782984351.577,2026-07-02 09:25:51.579,innodb_activity_count,15977812,15977812,8286.658596,enabled
1782984351.577,2026-07-02 09:25:51.579,innodb_dblwr_pages_written,19594261,19594261,10162.276921,enabled
1782984351.577,2026-07-02 09:25:51.579,innodb_dblwr_writes,390241,390241,202.392788,enabled
1782984351.577,2026-07-02 09:25:51.579,innodb_page_size,16384,16384,0.000000,enabled
1782984351.577,2026-07-02 09:25:51.579,innodb_rwlock_sx_os_waits,0,0,0.000000,enabled
1782984351.577,2026-07-02 09:25:51.579,innodb_rwlock_sx_spin_rounds,0,0,0.000000,enabled
1782984351.577,2026-07-02 09:25:51.579,innodb_rwlock_sx_spin_waits,0,0,0.000000,enabled
1782984351.577,2026-07-02 09:25:51.579,innodb_rwlock_s_os_waits,0,0,0.000000,enabled
1782984351.577,2026-07-02 09:25:51.579,innodb_rwlock_s_spin_rounds,0,0,0.000000,enabled
1782984351.577,2026-07-02 09:25:51.579,innodb_rwlock_s_spin_waits,0,0,0.000000,enabled
1782984351.577,2026-07-02 09:25:51.579,innodb_rwlock_x_os_waits,0,0,0.000000,enabled
1782984351.577,2026-07-02 09:25:51.579,innodb_rwlock_x_spin_rounds,0,0,0.000000,enabled
1782984351.577,2026-07-02 09:25:51.579,innodb_rwlock_x_spin_waits,0,0,0.000000,enabled
1782984351.577,2026-07-02 09:25:51.579,lock_deadlocks,0,0,0.000000,enabled
1782984351.577,2026-07-02 09:25:51.579,lock_deadlock_false_positives,0,0,0.000000,enabled
1782984351.577,2026-07-02 09:25:51.579,lock_deadlock_rounds,2165,2165,1.122846,enabled
1782984351.577,2026-07-02 09:25:51.579,lock_rec_grant_attempts,425,425,0.220420,enabled
1782984351.577,2026-07-02 09:25:51.579,lock_rec_release_attempts,34573326,34573326,17930.954306,enabled
1782984351.577,2026-07-02 09:25:51.579,lock_row_lock_current_waits,0,0,0.000000,enabled
1782984351.577,2026-07-02 09:25:51.579,lock_row_lock_time,323,323,0.167519,enabled
1782984351.577,2026-07-02 09:25:51.579,lock_row_lock_time_avg,0,0,0.000000,enabled
1782984351.577,2026-07-02 09:25:51.579,lock_row_lock_time_max,29,29,0.000000,enabled
1782984351.577,2026-07-02 09:25:51.579,lock_row_lock_waits,425,425,0.220420,enabled
1782984351.577,2026-07-02 09:25:51.579,lock_schedule_refreshes,2165,2165,1.122846,enabled
1782984351.577,2026-07-02 09:25:51.579,lock_threads_waiting,0,0,0.000000,enabled
1782984351.577,2026-07-02 09:25:51.579,lock_timeouts,0,0,0.000000,enabled
1782984351.577,2026-07-02 09:25:51.579,log_waits,0,0,0.000000,enabled
1782984351.577,2026-07-02 09:25:51.579,log_writes,170801332,170801332,88583.618576,enabled
1782984351.577,2026-07-02 09:25:51.579,log_write_requests,378077542,378077542,196084.400553,enabled
1782984351.577,2026-07-02 09:25:51.579,os_data_fsyncs,42922855,42922855,22261.313360,enabled
1782984351.577,2026-07-02 09:25:51.579,os_data_reads,55334211,55334211,28698.282365,enabled
1782984351.577,2026-07-02 09:25:51.579,os_data_writes,191143510,191143510,99133.796579,enabled
1782984351.577,2026-07-02 09:25:51.579,os_log_bytes_written,111709961216,111709961216,57936743.625135,enabled
1782984351.577,2026-07-02 09:25:51.579,os_log_fsyncs,37803471,37803471,19606.219373,enabled
1782984351.577,2026-07-02 09:25:51.579,os_log_pending_fsyncs,1,1,0.000519,enabled
1782984351.577,2026-07-02 09:25:51.579,os_log_pending_writes,0,0,0.000000,enabled
1782984351.577,2026-07-02 09:25:51.579,trx_rseg_history_len,177,177,0.000000,enabled
1782984352.648,2026-07-02 09:25:52.649,adaptive_hash_searches,0,0,0.000000,enabled
1782984352.648,2026-07-02 09:25:52.649,adaptive_hash_searches_btree,536945276,536945276,278324.573597,enabled
1782984352.648,2026-07-02 09:25:52.649,buffer_data_reads,902588074496,902588074496,467854902.951165,enabled
1782984352.648,2026-07-02 09:25:52.649,buffer_data_written,467351436800,467351436800,242250775.406139,enabled
1782984352.648,2026-07-02 09:25:52.649,buffer_pages0_read,7,7,0.003628,enabled
1782984352.648,2026-07-02 09:25:52.649,buffer_pages_created,1800193,1800193,933.126810,enabled
1782984352.648,2026-07-02 09:25:52.649,buffer_pages_read,55244483,55244483,28635.878348,enabled
1782984352.648,2026-07-02 09:25:52.649,buffer_pages_written,19666670,19666670,10194.183048,enabled
1782984352.648,2026-07-02 09:25:52.649,buffer_pool_bytes_data,12850085888,12850085888,0.000000,enabled
1782984352.648,2026-07-02 09:25:52.649,buffer_pool_bytes_dirty,3804856320,3804856320,0.000000,enabled
1782984352.648,2026-07-02 09:25:52.649,buffer_pool_pages_data,784306,784306,0.000000,enabled
1782984352.648,2026-07-02 09:25:52.649,buffer_pool_pages_dirty,232230,232230,0.000000,enabled
1782984352.648,2026-07-02 09:25:52.649,buffer_pool_pages_flushed,19609600,19609600,0.000000,enabled
1782984352.648,2026-07-02 09:25:52.649,buffer_pool_pages_free,2028,2028,0.000000,enabled
1782984352.648,2026-07-02 09:25:52.649,buffer_pool_pages_lru_flushed,0,0,0.000000,enabled
1782984352.648,2026-07-02 09:25:52.649,buffer_pool_pages_misc,98,98,0.000000,enabled
1782984352.648,2026-07-02 09:25:52.649,buffer_pool_pages_total,786432,786432,0.000000,enabled
1782984352.648,2026-07-02 09:25:52.649,buffer_pool_reads,54368178,54368178,28181.648372,enabled
1782984352.648,2026-07-02 09:25:52.649,buffer_pool_read_ahead,803715,803715,416.604236,enabled
1782984352.648,2026-07-02 09:25:52.649,buffer_pool_read_ahead_evicted,25,25,0.012959,enabled
1782984352.648,2026-07-02 09:25:52.649,buffer_pool_read_requests,2577683366,2577683366,1336137.580322,enabled
1782984352.648,2026-07-02 09:25:52.649,buffer_pool_size,12884901888,12884901888,0.000000,enabled
1782984352.648,2026-07-02 09:25:52.649,buffer_pool_wait_free,18945,18945,9.820107,enabled
1782984352.648,2026-07-02 09:25:52.649,buffer_pool_write_requests,564101786,564101786,292401.155456,enabled
1782984352.648,2026-07-02 09:25:52.649,dml_deletes,11380211,11380211,5898.910762,enabled
1782984352.648,2026-07-02 09:25:52.649,dml_inserts,111265610,111265610,57674.317721,enabled
1782984352.648,2026-07-02 09:25:52.649,dml_system_deletes,468,468,0.242587,enabled
1782984352.648,2026-07-02 09:25:52.649,dml_system_inserts,1202,1202,0.623054,enabled
1782984352.648,2026-07-02 09:25:52.649,dml_system_reads,7661,7661,3.971065,enabled
1782984352.648,2026-07-02 09:25:52.649,dml_system_updates,620,620,0.321376,enabled
1782984352.648,2026-07-02 09:25:52.649,dml_updates,22760536,22760536,11797.880603,enabled
1782984352.648,2026-07-02 09:25:52.649,file_num_open_files,35,35,0.000000,enabled
1782984352.648,2026-07-02 09:25:52.649,ibuf_merges,0,0,0.000000,enabled
1782984352.648,2026-07-02 09:25:52.649,ibuf_merges_delete,0,0,0.000000,enabled
1782984352.648,2026-07-02 09:25:52.649,ibuf_merges_delete_mark,0,0,0.000000,enabled
1782984352.648,2026-07-02 09:25:52.649,ibuf_merges_discard_delete,0,0,0.000000,enabled
1782984352.648,2026-07-02 09:25:52.649,ibuf_merges_discard_delete_mark,0,0,0.000000,enabled
1782984352.648,2026-07-02 09:25:52.649,ibuf_merges_discard_insert,0,0,0.000000,enabled
1782984352.648,2026-07-02 09:25:52.649,ibuf_merges_insert,0,0,0.000000,enabled
1782984352.648,2026-07-02 09:25:52.649,ibuf_size,1,1,0.000518,enabled
1782984352.648,2026-07-02 09:25:52.649,innodb_activity_count,15983360,15983360,8284.944463,enabled
1782984352.648,2026-07-02 09:25:52.649,innodb_dblwr_pages_written,19607903,19607903,10163.719407,enabled
1782984352.648,2026-07-02 09:25:52.649,innodb_dblwr_writes,390620,390620,202.477138,enabled
1782984352.648,2026-07-02 09:25:52.649,innodb_page_size,16384,16384,0.000000,enabled
1782984352.648,2026-07-02 09:25:52.649,innodb_rwlock_sx_os_waits,0,0,0.000000,enabled
1782984352.648,2026-07-02 09:25:52.649,innodb_rwlock_sx_spin_rounds,0,0,0.000000,enabled
1782984352.648,2026-07-02 09:25:52.649,innodb_rwlock_sx_spin_waits,0,0,0.000000,enabled
1782984352.648,2026-07-02 09:25:52.649,innodb_rwlock_s_os_waits,0,0,0.000000,enabled
1782984352.648,2026-07-02 09:25:52.649,innodb_rwlock_s_spin_rounds,0,0,0.000000,enabled
1782984352.648,2026-07-02 09:25:52.649,innodb_rwlock_s_spin_waits,0,0,0.000000,enabled
1782984352.648,2026-07-02 09:25:52.649,innodb_rwlock_x_os_waits,0,0,0.000000,enabled
1782984352.648,2026-07-02 09:25:52.649,innodb_rwlock_x_spin_rounds,0,0,0.000000,enabled
1782984352.648,2026-07-02 09:25:52.649,innodb_rwlock_x_spin_waits,0,0,0.000000,enabled
1782984352.648,2026-07-02 09:25:52.649,lock_deadlocks,0,0,0.000000,enabled
1782984352.648,2026-07-02 09:25:52.649,lock_deadlock_false_positives,0,0,0.000000,enabled
1782984352.648,2026-07-02 09:25:52.649,lock_deadlock_rounds,2166,2166,1.122742,enabled
1782984352.648,2026-07-02 09:25:52.649,lock_rec_grant_attempts,425,425,0.220298,enabled
1782984352.648,2026-07-02 09:25:52.649,lock_rec_release_attempts,34587992,34587992,17928.624389,enabled
1782984352.648,2026-07-02 09:25:52.649,lock_row_lock_current_waits,0,0,0.000000,enabled
1782984352.648,2026-07-02 09:25:52.649,lock_row_lock_time,323,323,0.167426,enabled
1782984352.648,2026-07-02 09:25:52.649,lock_row_lock_time_avg,0,0,0.000000,enabled
1782984352.648,2026-07-02 09:25:52.649,lock_row_lock_time_max,29,29,0.000000,enabled
1782984352.648,2026-07-02 09:25:52.649,lock_row_lock_waits,425,425,0.220298,enabled
1782984352.648,2026-07-02 09:25:52.649,lock_schedule_refreshes,2166,2166,1.122742,enabled
1782984352.648,2026-07-02 09:25:52.649,lock_threads_waiting,0,0,0.000000,enabled
1782984352.648,2026-07-02 09:25:52.649,lock_timeouts,0,0,0.000000,enabled
1782984352.648,2026-07-02 09:25:52.649,log_waits,0,0,0.000000,enabled
1782984352.648,2026-07-02 09:25:52.649,log_writes,170880663,170880663,88575.673545,enabled
1782984352.648,2026-07-02 09:25:52.649,log_write_requests,378159563,378159563,196018.305642,enabled
1782984352.648,2026-07-02 09:25:52.649,os_data_fsyncs,42954681,42954681,22265.479819,enabled
1782984352.648,2026-07-02 09:25:52.649,os_data_reads,55390430,55390430,28711.527481,enabled
1782984352.648,2026-07-02 09:25:52.649,os_data_writes,191236807,191236807,99127.246960,enabled
1782984352.648,2026-07-02 09:25:52.649,os_log_bytes_written,111751617536,111751617536,57926245.062360,enabled
1782984352.648,2026-07-02 09:25:52.649,os_log_fsyncs,37830588,37830588,19609.415568,enabled
1782984352.648,2026-07-02 09:25:52.649,os_log_pending_fsyncs,0,0,0.000000,enabled
1782984352.648,2026-07-02 09:25:52.649,os_log_pending_writes,0,0,0.000000,enabled
1782984352.648,2026-07-02 09:25:52.649,trx_rseg_history_len,196,196,0.000000,enabled
1782984353.717,2026-07-02 09:25:53.719,adaptive_hash_searches,0,0,0.000000,enabled
1782984353.717,2026-07-02 09:25:53.719,adaptive_hash_searches_btree,537113527,537113527,278257.471379,enabled
1782984353.717,2026-07-02 09:25:53.719,buffer_data_reads,903514425856,903514425856,468075505.917688,enabled
1782984353.717,2026-07-02 09:25:53.719,buffer_data_written,467627470848,467627470848,242259513.034380,enabled
1782984353.717,2026-07-02 09:25:53.719,buffer_pages0_read,7,7,0.003626,enabled
1782984353.717,2026-07-02 09:25:53.719,buffer_pages_created,1800230,1800230,932.628801,enabled
1782984353.717,2026-07-02 09:25:53.719,buffer_pages_read,55301186,55301186,28649.382820,enabled
1782984353.717,2026-07-02 09:25:53.719,buffer_pages_written,19680616,19680616,10195.757900,enabled
1782984353.717,2026-07-02 09:25:53.719,buffer_pool_bytes_data,12849741824,12849741824,0.000000,enabled
1782984353.717,2026-07-02 09:25:53.719,buffer_pool_bytes_dirty,3853598720,3853598720,0.000000,enabled
1782984353.717,2026-07-02 09:25:53.719,buffer_pool_pages_data,784286,784286,0.000000,enabled
1782984353.717,2026-07-02 09:25:53.719,buffer_pool_pages_dirty,235205,235205,0.000000,enabled
1782984353.717,2026-07-02 09:25:53.719,buffer_pool_pages_flushed,19623546,19623546,0.000000,enabled
1782984353.717,2026-07-02 09:25:53.719,buffer_pool_pages_free,2050,2050,0.000000,enabled
1782984353.717,2026-07-02 09:25:53.719,buffer_pool_pages_lru_flushed,0,0,0.000000,enabled
1782984353.717,2026-07-02 09:25:53.719,buffer_pool_pages_misc,97,97,0.000000,enabled
1782984353.717,2026-07-02 09:25:53.719,buffer_pool_pages_total,786432,786432,0.000000,enabled
1782984353.717,2026-07-02 09:25:53.719,buffer_pool_reads,54424826,54424826,28195.376060,enabled
1782984353.717,2026-07-02 09:25:53.719,buffer_pool_read_ahead,803715,803715,416.373337,enabled
1782984353.717,2026-07-02 09:25:53.719,buffer_pool_read_ahead_evicted,25,25,0.012952,enabled
1782984353.717,2026-07-02 09:25:53.719,buffer_pool_read_requests,2578516897,2578516897,1335828.858070,enabled
1782984353.717,2026-07-02 09:25:53.719,buffer_pool_size,12884901888,12884901888,0.000000,enabled
1782984353.717,2026-07-02 09:25:53.719,buffer_pool_wait_free,18945,18945,9.814664,enabled
1782984353.717,2026-07-02 09:25:53.719,buffer_pool_write_requests,564216338,564216338,292298.439712,enabled
1782984353.717,2026-07-02 09:25:53.719,dml_deletes,11385060,11385060,5898.153088,enabled
1782984353.717,2026-07-02 09:25:53.719,dml_inserts,111270459,111270459,57644.861063,enabled
1782984353.717,2026-07-02 09:25:53.719,dml_system_deletes,468,468,0.242452,enabled
1782984353.717,2026-07-02 09:25:53.719,dml_system_inserts,1202,1202,0.622709,enabled
1782984353.717,2026-07-02 09:25:53.719,dml_system_reads,7661,7661,3.968864,enabled
1782984353.717,2026-07-02 09:25:53.719,dml_system_updates,620,620,0.321198,enabled
1782984353.717,2026-07-02 09:25:53.719,dml_updates,22770240,22770240,11796.368269,enabled
1782984353.717,2026-07-02 09:25:53.719,file_num_open_files,35,35,0.000000,enabled
1782984353.717,2026-07-02 09:25:53.719,ibuf_merges,0,0,0.000000,enabled
1782984353.717,2026-07-02 09:25:53.719,ibuf_merges_delete,0,0,0.000000,enabled
1782984353.717,2026-07-02 09:25:53.719,ibuf_merges_delete_mark,0,0,0.000000,enabled
1782984353.717,2026-07-02 09:25:53.719,ibuf_merges_discard_delete,0,0,0.000000,enabled
1782984353.717,2026-07-02 09:25:53.719,ibuf_merges_discard_delete_mark,0,0,0.000000,enabled
1782984353.717,2026-07-02 09:25:53.719,ibuf_merges_discard_insert,0,0,0.000000,enabled
1782984353.717,2026-07-02 09:25:53.719,ibuf_merges_insert,0,0,0.000000,enabled
1782984353.717,2026-07-02 09:25:53.719,ibuf_size,1,1,0.000518,enabled
1782984353.717,2026-07-02 09:25:53.719,innodb_activity_count,15988927,15988927,8283.236321,enabled
1782984353.717,2026-07-02 09:25:53.719,innodb_dblwr_pages_written,19621849,19621849,10165.310638,enabled
1782984353.717,2026-07-02 09:25:53.719,innodb_dblwr_writes,390999,390999,202.561252,enabled
1782984353.717,2026-07-02 09:25:53.719,innodb_page_size,16384,16384,0.000000,enabled
1782984353.717,2026-07-02 09:25:53.719,innodb_rwlock_sx_os_waits,0,0,0.000000,enabled
1782984353.717,2026-07-02 09:25:53.719,innodb_rwlock_sx_spin_rounds,0,0,0.000000,enabled
1782984353.717,2026-07-02 09:25:53.719,innodb_rwlock_sx_spin_waits,0,0,0.000000,enabled
1782984353.717,2026-07-02 09:25:53.719,innodb_rwlock_s_os_waits,0,0,0.000000,enabled
1782984353.717,2026-07-02 09:25:53.719,innodb_rwlock_s_spin_rounds,0,0,0.000000,enabled
1782984353.717,2026-07-02 09:25:53.719,innodb_rwlock_s_spin_waits,0,0,0.000000,enabled
1782984353.717,2026-07-02 09:25:53.719,innodb_rwlock_x_os_waits,0,0,0.000000,enabled
1782984353.717,2026-07-02 09:25:53.719,innodb_rwlock_x_spin_rounds,0,0,0.000000,enabled
1782984353.717,2026-07-02 09:25:53.719,innodb_rwlock_x_spin_waits,0,0,0.000000,enabled
1782984353.717,2026-07-02 09:25:53.719,lock_deadlocks,0,0,0.000000,enabled
1782984353.717,2026-07-02 09:25:53.719,lock_deadlock_false_positives,0,0,0.000000,enabled
1782984353.717,2026-07-02 09:25:53.719,lock_deadlock_rounds,2167,2167,1.122638,enabled
1782984353.717,2026-07-02 09:25:53.719,lock_rec_grant_attempts,425,425,0.220176,enabled
1782984353.717,2026-07-02 09:25:53.719,lock_rec_release_attempts,34602704,34602704,17926.309312,enabled
1782984353.717,2026-07-02 09:25:53.719,lock_row_lock_current_waits,0,0,0.000000,enabled
1782984353.717,2026-07-02 09:25:53.719,lock_row_lock_time,323,323,0.167334,enabled
1782984353.717,2026-07-02 09:25:53.719,lock_row_lock_time_avg,0,0,0.000000,enabled
1782984353.717,2026-07-02 09:25:53.719,lock_row_lock_time_max,29,29,0.000000,enabled
1782984353.717,2026-07-02 09:25:53.719,lock_row_lock_waits,425,425,0.220176,enabled
1782984353.717,2026-07-02 09:25:53.719,lock_schedule_refreshes,2167,2167,1.122638,enabled
1782984353.717,2026-07-02 09:25:53.719,lock_threads_waiting,0,0,0.000000,enabled
1782984353.717,2026-07-02 09:25:53.719,lock_timeouts,0,0,0.000000,enabled
1782984353.717,2026-07-02 09:25:53.719,log_waits,0,0,0.000000,enabled
1782984353.717,2026-07-02 09:25:53.719,log_writes,170959782,170959782,88567.570595,enabled
1782984353.717,2026-07-02 09:25:53.719,log_write_requests,378242078,378242078,195952.413961,enabled
1782984353.717,2026-07-02 09:25:53.719,os_data_fsyncs,42987048,42987048,22269.907598,enabled
1782984353.717,2026-07-02 09:25:53.719,os_data_reads,55446975,55446975,28724.908294,enabled
1782984353.717,2026-07-02 09:25:53.719,os_data_writes,191330194,191330194,99120.687335,enabled
1782984353.717,2026-07-02 09:25:53.719,os_log_bytes_written,111793067008,111793067008,57915613.723749,enabled
1782984353.717,2026-07-02 09:25:53.719,os_log_fsyncs,37858269,37858269,19612.887817,enabled
1782984353.717,2026-07-02 09:25:53.719,os_log_pending_fsyncs,0,0,0.000000,enabled
1782984353.717,2026-07-02 09:25:53.719,os_log_pending_writes,0,0,0.000000,enabled
1782984353.717,2026-07-02 09:25:53.719,trx_rseg_history_len,179,179,0.000000,enabled
1782984354.787,2026-07-02 09:25:54.788,adaptive_hash_searches,0,0,0.000000,enabled
1782984354.787,2026-07-02 09:25:54.788,adaptive_hash_searches_btree,537283611,537283611,278191.761079,enabled
1782984354.787,2026-07-02 09:25:54.788,buffer_data_reads,904452606464,904452606464,468302571.259208,enabled
1782984354.787,2026-07-02 09:25:54.788,buffer_data_written,467903645184,467903645184,242268614.614545,enabled
1782984354.787,2026-07-02 09:25:54.788,buffer_pages0_read,7,7,0.003624,enabled
1782984354.787,2026-07-02 09:25:54.788,buffer_pages_created,1800281,1800281,932.139754,enabled
1782984354.787,2026-07-02 09:25:54.788,buffer_pages_read,55358607,55358607,28663.279716,enabled
1782984354.787,2026-07-02 09:25:54.788,buffer_pages_written,19694474,19694474,10197.298128,enabled
1782984354.787,2026-07-02 09:25:54.788,buffer_pool_bytes_data,12854575104,12854575104,0.000000,enabled
1782984354.787,2026-07-02 09:25:54.788,buffer_pool_bytes_dirty,3904143360,3904143360,0.000000,enabled
1782984354.787,2026-07-02 09:25:54.788,buffer_pool_pages_data,784580,784580,0.000000,enabled
1782984354.787,2026-07-02 09:25:54.788,buffer_pool_pages_dirty,238290,238290,0.000000,enabled
1782984354.787,2026-07-02 09:25:54.788,buffer_pool_pages_flushed,19637404,19637404,0.000000,enabled
1782984354.787,2026-07-02 09:25:54.788,buffer_pool_pages_free,1754,1754,0.000000,enabled
1782984354.787,2026-07-02 09:25:54.788,buffer_pool_pages_lru_flushed,0,0,0.000000,enabled
1782984354.787,2026-07-02 09:25:54.788,buffer_pool_pages_misc,97,97,0.000000,enabled
1782984354.787,2026-07-02 09:25:54.788,buffer_pool_pages_total,786432,786432,0.000000,enabled
1782984354.787,2026-07-02 09:25:54.788,buffer_pool_reads,54482198,54482198,28209.498534,enabled
1782984354.787,2026-07-02 09:25:54.788,buffer_pool_read_ahead,803715,803715,416.143211,enabled
1782984354.787,2026-07-02 09:25:54.788,buffer_pool_read_ahead_evicted,25,25,0.012944,enabled
1782984354.787,2026-07-02 09:25:54.788,buffer_pool_read_requests,2579359762,2579359762,1335526.972993,enabled
1782984354.787,2026-07-02 09:25:54.788,buffer_pool_size,12884901888,12884901888,0.000000,enabled
1782984354.787,2026-07-02 09:25:54.788,buffer_pool_wait_free,18945,18945,9.809240,enabled
1782984354.787,2026-07-02 09:25:54.788,buffer_pool_write_requests,564331677,564331677,292196.608870,enabled
1782984354.787,2026-07-02 09:25:54.788,dml_deletes,11389971,11389971,5897.436538,enabled
1782984354.787,2026-07-02 09:25:54.788,dml_inserts,111275369,111275369,57615.548591,enabled
1782984354.787,2026-07-02 09:25:54.788,dml_system_deletes,468,468,0.242318,enabled
1782984354.787,2026-07-02 09:25:54.788,dml_system_inserts,1202,1202,0.622365,enabled
1782984354.787,2026-07-02 09:25:54.788,dml_system_reads,7661,7661,3.966670,enabled
1782984354.787,2026-07-02 09:25:54.788,dml_system_updates,620,620,0.321020,enabled
1782984354.787,2026-07-02 09:25:54.788,dml_updates,22780067,22780067,11794.937786,enabled
1782984354.787,2026-07-02 09:25:54.788,file_num_open_files,35,35,0.000000,enabled
1782984354.787,2026-07-02 09:25:54.788,ibuf_merges,0,0,0.000000,enabled
1782984354.787,2026-07-02 09:25:54.788,ibuf_merges_delete,0,0,0.000000,enabled
1782984354.787,2026-07-02 09:25:54.788,ibuf_merges_delete_mark,0,0,0.000000,enabled
1782984354.787,2026-07-02 09:25:54.788,ibuf_merges_discard_delete,0,0,0.000000,enabled
1782984354.787,2026-07-02 09:25:54.788,ibuf_merges_discard_delete_mark,0,0,0.000000,enabled
1782984354.787,2026-07-02 09:25:54.788,ibuf_merges_discard_insert,0,0,0.000000,enabled
1782984354.787,2026-07-02 09:25:54.788,ibuf_merges_insert,0,0,0.000000,enabled
1782984354.787,2026-07-02 09:25:54.788,ibuf_size,1,1,0.000518,enabled
1782984354.787,2026-07-02 09:25:54.788,innodb_activity_count,15994573,15994573,8281.582173,enabled
1782984354.787,2026-07-02 09:25:54.788,innodb_dblwr_pages_written,19635707,19635707,10166.868470,enabled
1782984354.787,2026-07-02 09:25:54.788,innodb_dblwr_writes,391365,391365,202.638819,enabled
1782984354.787,2026-07-02 09:25:54.788,innodb_page_size,16384,16384,0.000000,enabled
1782984354.787,2026-07-02 09:25:54.788,innodb_rwlock_sx_os_waits,0,0,0.000000,enabled
1782984354.787,2026-07-02 09:25:54.788,innodb_rwlock_sx_spin_rounds,0,0,0.000000,enabled
1782984354.787,2026-07-02 09:25:54.788,innodb_rwlock_sx_spin_waits,0,0,0.000000,enabled
1782984354.787,2026-07-02 09:25:54.788,innodb_rwlock_s_os_waits,0,0,0.000000,enabled
1782984354.787,2026-07-02 09:25:54.788,innodb_rwlock_s_spin_rounds,0,0,0.000000,enabled
1782984354.787,2026-07-02 09:25:54.788,innodb_rwlock_s_spin_waits,0,0,0.000000,enabled
1782984354.787,2026-07-02 09:25:54.788,innodb_rwlock_x_os_waits,0,0,0.000000,enabled
1782984354.787,2026-07-02 09:25:54.788,innodb_rwlock_x_spin_rounds,0,0,0.000000,enabled
1782984354.787,2026-07-02 09:25:54.788,innodb_rwlock_x_spin_waits,0,0,0.000000,enabled
1782984354.787,2026-07-02 09:25:54.788,lock_deadlocks,0,0,0.000000,enabled
1782984354.787,2026-07-02 09:25:54.788,lock_deadlock_false_positives,0,0,0.000000,enabled
1782984354.787,2026-07-02 09:25:54.788,lock_deadlock_rounds,2168,2168,1.122535,enabled
1782984354.787,2026-07-02 09:25:54.788,lock_rec_grant_attempts,425,425,0.220054,enabled
1782984354.787,2026-07-02 09:25:54.788,lock_rec_release_attempts,34617645,34617645,17924.137694,enabled
1782984354.787,2026-07-02 09:25:54.788,lock_row_lock_current_waits,0,0,0.000000,enabled
1782984354.787,2026-07-02 09:25:54.788,lock_row_lock_time,323,323,0.167241,enabled
1782984354.787,2026-07-02 09:25:54.788,lock_row_lock_time_avg,0,0,0.000000,enabled
1782984354.787,2026-07-02 09:25:54.788,lock_row_lock_time_max,29,29,0.000000,enabled
1782984354.787,2026-07-02 09:25:54.788,lock_row_lock_waits,425,425,0.220054,enabled
1782984354.787,2026-07-02 09:25:54.788,lock_schedule_refreshes,2168,2168,1.122535,enabled
1782984354.787,2026-07-02 09:25:54.788,lock_threads_waiting,0,0,0.000000,enabled
1782984354.787,2026-07-02 09:25:54.788,lock_timeouts,0,0,0.000000,enabled
1782984354.787,2026-07-02 09:25:54.788,log_waits,0,0,0.000000,enabled
1782984354.787,2026-07-02 09:25:54.788,log_writes,171040848,171040848,88560.595011,enabled
1782984354.787,2026-07-02 09:25:54.788,log_write_requests,378325525,378325525,195887.321756,enabled
1782984354.787,2026-07-02 09:25:54.788,os_data_fsyncs,43019727,43019727,22274.519706,enabled
1782984354.787,2026-07-02 09:25:54.788,os_data_reads,55504269,55504269,28738.697839,enabled
1782984354.787,2026-07-02 09:25:54.788,os_data_writes,191425413,191425413,99115.206773,enabled
1782984354.787,2026-07-02 09:25:54.788,os_log_bytes_written,111835782144,111835782144,57905721.452005,enabled
1782984354.787,2026-07-02 09:25:54.788,os_log_fsyncs,37886358,37886358,19616.591841,enabled
1782984354.787,2026-07-02 09:25:54.788,os_log_pending_fsyncs,1,1,0.000518,enabled
1782984354.787,2026-07-02 09:25:54.788,os_log_pending_writes,0,0,0.000000,enabled
1782984354.787,2026-07-02 09:25:54.788,trx_rseg_history_len,273,273,0.000000,enabled
1782984355.854,2026-07-02 09:25:55.855,adaptive_hash_searches,0,0,0.000000,enabled
1782984355.854,2026-07-02 09:25:55.855,adaptive_hash_searches_btree,537453862,537453862,278126.025428,enabled
1782984355.854,2026-07-02 09:25:55.855,buffer_data_reads,905391671808,905391671808,468529559.240963,enabled
1782984355.854,2026-07-02 09:25:55.855,buffer_data_written,468184217600,468184217600,242279835.042212,enabled
1782984355.854,2026-07-02 09:25:55.855,buffer_pages0_read,7,7,0.003622,enabled
1782984355.854,2026-07-02 09:25:55.855,buffer_pages_created,1800333,1800333,931.651198,enabled
1782984355.854,2026-07-02 09:25:55.855,buffer_pages_read,55416090,55416090,28677.175955,enabled
1782984355.854,2026-07-02 09:25:55.855,buffer_pages_written,19708604,19708604,10198.971219,enabled
1782984355.854,2026-07-02 09:25:55.855,buffer_pool_bytes_data,12855754752,12855754752,0.000000,enabled
1782984355.854,2026-07-02 09:25:55.855,buffer_pool_bytes_dirty,3949608960,3949608960,0.000000,enabled
1782984355.854,2026-07-02 09:25:55.855,buffer_pool_pages_data,784653,784653,0.000000,enabled
1782984355.854,2026-07-02 09:25:55.855,buffer_pool_pages_dirty,241065,241065,0.000000,enabled
1782984355.854,2026-07-02 09:25:55.855,buffer_pool_pages_flushed,19651534,19651534,0.000000,enabled
1782984355.854,2026-07-02 09:25:55.855,buffer_pool_pages_free,1682,1682,0.000000,enabled
1782984355.854,2026-07-02 09:25:55.855,buffer_pool_pages_lru_flushed,0,0,0.000000,enabled
1782984355.854,2026-07-02 09:25:55.855,buffer_pool_pages_misc,96,96,0.000000,enabled
1782984355.854,2026-07-02 09:25:55.855,buffer_pool_pages_total,786432,786432,0.000000,enabled
1782984355.854,2026-07-02 09:25:55.855,buffer_pool_reads,54539627,54539627,28223.617750,enabled
1782984355.854,2026-07-02 09:25:55.855,buffer_pool_read_ahead,803715,803715,415.913088,enabled
1782984355.854,2026-07-02 09:25:55.855,buffer_pool_read_ahead_evicted,25,25,0.012937,enabled
1782984355.854,2026-07-02 09:25:55.855,buffer_pool_read_requests,2580204565,2580204565,1335225.613882,enabled
1782984355.854,2026-07-02 09:25:55.855,buffer_pool_size,12884901888,12884901888,0.000000,enabled
1782984355.854,2026-07-02 09:25:55.855,buffer_pool_wait_free,18945,18945,9.803815,enabled
1782984355.854,2026-07-02 09:25:55.855,buffer_pool_write_requests,564448313,564448313,292095.384564,enabled
1782984355.854,2026-07-02 09:25:55.855,dml_deletes,11394873,11394873,5896.711999,enabled
1782984355.854,2026-07-02 09:25:55.855,dml_inserts,111280271,111280271,57586.224083,enabled
1782984355.854,2026-07-02 09:25:55.855,dml_system_deletes,468,468,0.242184,enabled
1782984355.854,2026-07-02 09:25:55.855,dml_system_inserts,1202,1202,0.622021,enabled
1782984355.854,2026-07-02 09:25:55.855,dml_system_reads,7661,7661,3.964477,enabled
1782984355.854,2026-07-02 09:25:55.855,dml_system_updates,620,620,0.320843,enabled
1782984355.854,2026-07-02 09:25:55.855,dml_updates,22789859,22789859,11793.482464,enabled
1782984355.854,2026-07-02 09:25:55.855,file_num_open_files,35,35,0.000000,enabled
1782984355.854,2026-07-02 09:25:55.855,ibuf_merges,0,0,0.000000,enabled
1782984355.854,2026-07-02 09:25:55.855,ibuf_merges_delete,0,0,0.000000,enabled
1782984355.854,2026-07-02 09:25:55.855,ibuf_merges_delete_mark,0,0,0.000000,enabled
1782984355.854,2026-07-02 09:25:55.855,ibuf_merges_discard_delete,0,0,0.000000,enabled
1782984355.854,2026-07-02 09:25:55.855,ibuf_merges_discard_delete_mark,0,0,0.000000,enabled
1782984355.854,2026-07-02 09:25:55.855,ibuf_merges_discard_insert,0,0,0.000000,enabled
1782984355.854,2026-07-02 09:25:55.855,ibuf_merges_insert,0,0,0.000000,enabled
1782984355.854,2026-07-02 09:25:55.855,ibuf_size,1,1,0.000517,enabled
1782984355.854,2026-07-02 09:25:55.855,innodb_activity_count,16000206,16000206,8279.917495,enabled
1782984355.854,2026-07-02 09:25:55.855,innodb_dblwr_pages_written,19649837,19649837,10168.558334,enabled
1782984355.854,2026-07-02 09:25:55.855,innodb_dblwr_writes,391754,391754,202.728064,enabled
1782984355.854,2026-07-02 09:25:55.855,innodb_page_size,16384,16384,0.000000,enabled
1782984355.854,2026-07-02 09:25:55.855,innodb_rwlock_sx_os_waits,0,0,0.000000,enabled
1782984355.854,2026-07-02 09:25:55.855,innodb_rwlock_sx_spin_rounds,0,0,0.000000,enabled
1782984355.854,2026-07-02 09:25:55.855,innodb_rwlock_sx_spin_waits,0,0,0.000000,enabled
1782984355.854,2026-07-02 09:25:55.855,innodb_rwlock_s_os_waits,0,0,0.000000,enabled
1782984355.854,2026-07-02 09:25:55.855,innodb_rwlock_s_spin_rounds,0,0,0.000000,enabled
1782984355.854,2026-07-02 09:25:55.855,innodb_rwlock_s_spin_waits,0,0,0.000000,enabled
1782984355.854,2026-07-02 09:25:55.855,innodb_rwlock_x_os_waits,0,0,0.000000,enabled
1782984355.854,2026-07-02 09:25:55.855,innodb_rwlock_x_spin_rounds,0,0,0.000000,enabled
1782984355.854,2026-07-02 09:25:55.855,innodb_rwlock_x_spin_waits,0,0,0.000000,enabled
1782984355.854,2026-07-02 09:25:55.855,lock_deadlocks,0,0,0.000000,enabled
1782984355.854,2026-07-02 09:25:55.855,lock_deadlock_false_positives,0,0,0.000000,enabled
1782984355.854,2026-07-02 09:25:55.855,lock_deadlock_rounds,2169,2169,1.122432,enabled
1782984355.854,2026-07-02 09:25:55.855,lock_rec_grant_attempts,425,425,0.219933,enabled
1782984355.854,2026-07-02 09:25:55.855,lock_rec_release_attempts,34632539,34632539,17921.933764,enabled
1782984355.854,2026-07-02 09:25:55.855,lock_row_lock_current_waits,0,0,0.000000,enabled
1782984355.854,2026-07-02 09:25:55.855,lock_row_lock_time,323,323,0.167149,enabled
1782984355.854,2026-07-02 09:25:55.855,lock_row_lock_time_avg,0,0,0.000000,enabled
1782984355.854,2026-07-02 09:25:55.855,lock_row_lock_time_max,29,29,0.000000,enabled
1782984355.854,2026-07-02 09:25:55.855,lock_row_lock_waits,425,425,0.219933,enabled
1782984355.854,2026-07-02 09:25:55.855,lock_schedule_refreshes,2169,2169,1.122432,enabled
1782984355.854,2026-07-02 09:25:55.855,lock_threads_waiting,0,0,0.000000,enabled
1782984355.854,2026-07-02 09:25:55.855,lock_timeouts,0,0,0.000000,enabled
1782984355.854,2026-07-02 09:25:55.855,log_waits,0,0,0.000000,enabled
1782984355.854,2026-07-02 09:25:55.855,log_writes,171122298,171122298,88553.771135,enabled
1782984355.854,2026-07-02 09:25:55.855,log_write_requests,378408865,378408865,195822.125114,enabled
1782984355.854,2026-07-02 09:25:55.855,os_data_fsyncs,43053056,43053056,22279.449498,enabled
1782984355.854,2026-07-02 09:25:55.855,os_data_reads,55561585,55561585,28752.466002,enabled
1782984355.854,2026-07-02 09:25:55.855,os_data_writes,191521316,191521316,99110.025797,enabled
1782984355.854,2026-07-02 09:25:55.855,os_log_bytes_written,111878513152,111878513152,57895812.997405,enabled
1782984355.854,2026-07-02 09:25:55.855,os_log_fsyncs,37914762,37914762,19620.442809,enabled
1782984355.854,2026-07-02 09:25:55.855,os_log_pending_fsyncs,0,0,0.000000,enabled
1782984355.854,2026-07-02 09:25:55.855,os_log_pending_writes,0,0,0.000000,enabled
1782984355.854,2026-07-02 09:25:55.855,trx_rseg_history_len,336,336,0.000000,enabled
1782984356.923,2026-07-02 09:25:56.924,adaptive_hash_searches,0,0,0.000000,enabled
1782984356.923,2026-07-02 09:25:56.924,adaptive_hash_searches_btree,537624836,537624836,278060.122890,enabled
1782984356.923,2026-07-02 09:25:56.924,buffer_data_reads,906336242176,906336242176,468758183.164052,enabled
1782984356.923,2026-07-02 09:25:56.924,buffer_data_written,468468986880,468468986880,242292717.120780,enabled
1782984356.923,2026-07-02 09:25:56.924,buffer_pages0_read,7,7,0.003620,enabled
1782984356.923,2026-07-02 09:25:56.924,buffer_pages_created,1800374,1800374,931.155588,enabled
1782984356.923,2026-07-02 09:25:56.924,buffer_pages_read,55473895,55473895,28691.164607,enabled
1782984356.923,2026-07-02 09:25:56.924,buffer_pages_written,19723046,19723046,10200.782951,enabled
1782984356.923,2026-07-02 09:25:56.924,buffer_pool_bytes_data,12851773440,12851773440,0.000000,enabled
1782984356.923,2026-07-02 09:25:56.924,buffer_pool_bytes_dirty,3988897792,3988897792,0.000000,enabled
1782984356.923,2026-07-02 09:25:56.924,buffer_pool_pages_data,784411,784411,0.000000,enabled
1782984356.923,2026-07-02 09:25:56.924,buffer_pool_pages_dirty,243463,243463,0.000000,enabled
1782984356.923,2026-07-02 09:25:56.924,buffer_pool_pages_flushed,19665945,19665945,0.000000,enabled
1782984356.923,2026-07-02 09:25:56.924,buffer_pool_pages_free,1927,1927,0.000000,enabled
1782984356.923,2026-07-02 09:25:56.924,buffer_pool_pages_lru_flushed,0,0,0.000000,enabled
1782984356.923,2026-07-02 09:25:56.924,buffer_pool_pages_misc,97,97,0.000000,enabled
1782984356.923,2026-07-02 09:25:56.924,buffer_pool_pages_total,786432,786432,0.000000,enabled
1782984356.923,2026-07-02 09:25:56.924,buffer_pool_reads,54597369,54597369,28237.825937,enabled
1782984356.923,2026-07-02 09:25:56.924,buffer_pool_read_ahead,803715,803715,415.682374,enabled
1782984356.923,2026-07-02 09:25:56.924,buffer_pool_read_ahead_evicted,25,25,0.012930,enabled
1782984356.923,2026-07-02 09:25:56.924,buffer_pool_read_requests,2581051390,2581051390,1334922.922569,enabled
1782984356.923,2026-07-02 09:25:56.924,buffer_pool_size,12884901888,12884901888,0.000000,enabled
1782984356.923,2026-07-02 09:25:56.924,buffer_pool_wait_free,18945,18945,9.798377,enabled
1782984356.923,2026-07-02 09:25:56.924,buffer_pool_write_requests,564564518,564564518,291993.456111,enabled
1782984356.923,2026-07-02 09:25:56.924,dml_deletes,11399801,11399801,5895.988501,enabled
1782984356.923,2026-07-02 09:25:56.924,dml_inserts,111285200,111285200,57556.817129,enabled
1782984356.923,2026-07-02 09:25:56.924,dml_system_deletes,468,468,0.242050,enabled
1782984356.923,2026-07-02 09:25:56.924,dml_system_inserts,1202,1202,0.621676,enabled
1782984356.923,2026-07-02 09:25:56.924,dml_system_reads,7661,7661,3.962277,enabled
1782984356.923,2026-07-02 09:25:56.924,dml_system_updates,620,620,0.320665,enabled
1782984356.923,2026-07-02 09:25:56.924,dml_updates,22799720,22799720,11792.038006,enabled
1782984356.923,2026-07-02 09:25:56.924,file_num_open_files,35,35,0.000000,enabled
1782984356.923,2026-07-02 09:25:56.924,ibuf_merges,0,0,0.000000,enabled
1782984356.923,2026-07-02 09:25:56.924,ibuf_merges_delete,0,0,0.000000,enabled
1782984356.923,2026-07-02 09:25:56.924,ibuf_merges_delete_mark,0,0,0.000000,enabled
1782984356.923,2026-07-02 09:25:56.924,ibuf_merges_discard_delete,0,0,0.000000,enabled
1782984356.923,2026-07-02 09:25:56.924,ibuf_merges_discard_delete_mark,0,0,0.000000,enabled
1782984356.923,2026-07-02 09:25:56.924,ibuf_merges_discard_insert,0,0,0.000000,enabled
1782984356.923,2026-07-02 09:25:56.924,ibuf_merges_insert,0,0,0.000000,enabled
1782984356.923,2026-07-02 09:25:56.924,ibuf_size,1,1,0.000517,enabled
1782984356.923,2026-07-02 09:25:56.924,innodb_activity_count,16005874,16005874,8278.254413,enabled
1782984356.923,2026-07-02 09:25:56.924,innodb_dblwr_pages_written,19664280,19664280,10170.385575,enabled
1782984356.923,2026-07-02 09:25:56.924,innodb_dblwr_writes,392134,392134,202.812103,enabled
1782984356.923,2026-07-02 09:25:56.924,innodb_page_size,16384,16384,0.000000,enabled
1782984356.923,2026-07-02 09:25:56.924,innodb_rwlock_sx_os_waits,0,0,0.000000,enabled
1782984356.923,2026-07-02 09:25:56.924,innodb_rwlock_sx_spin_rounds,0,0,0.000000,enabled
1782984356.923,2026-07-02 09:25:56.924,innodb_rwlock_sx_spin_waits,0,0,0.000000,enabled
1782984356.923,2026-07-02 09:25:56.924,innodb_rwlock_s_os_waits,0,0,0.000000,enabled
1782984356.923,2026-07-02 09:25:56.924,innodb_rwlock_s_spin_rounds,0,0,0.000000,enabled
1782984356.923,2026-07-02 09:25:56.924,innodb_rwlock_s_spin_waits,0,0,0.000000,enabled
1782984356.923,2026-07-02 09:25:56.924,innodb_rwlock_x_os_waits,0,0,0.000000,enabled
1782984356.923,2026-07-02 09:25:56.924,innodb_rwlock_x_spin_rounds,0,0,0.000000,enabled
1782984356.923,2026-07-02 09:25:56.924,innodb_rwlock_x_spin_waits,0,0,0.000000,enabled
1782984356.923,2026-07-02 09:25:56.924,lock_deadlocks,0,0,0.000000,enabled
1782984356.923,2026-07-02 09:25:56.924,lock_deadlock_false_positives,0,0,0.000000,enabled
1782984356.923,2026-07-02 09:25:56.924,lock_deadlock_rounds,2170,2170,1.122327,enabled
1782984356.923,2026-07-02 09:25:56.924,lock_rec_grant_attempts,425,425,0.219811,enabled
1782984356.923,2026-07-02 09:25:56.924,lock_rec_release_attempts,34647525,34647525,17919.742499,enabled
1782984356.923,2026-07-02 09:25:56.924,lock_row_lock_current_waits,0,0,0.000000,enabled
1782984356.923,2026-07-02 09:25:56.924,lock_row_lock_time,323,323,0.167056,enabled
1782984356.923,2026-07-02 09:25:56.924,lock_row_lock_time_avg,0,0,0.000000,enabled
1782984356.923,2026-07-02 09:25:56.924,lock_row_lock_time_max,29,29,0.000000,enabled
1782984356.923,2026-07-02 09:25:56.924,lock_row_lock_waits,425,425,0.219811,enabled
1782984356.923,2026-07-02 09:25:56.924,lock_schedule_refreshes,2170,2170,1.122327,enabled
1782984356.923,2026-07-02 09:25:56.924,lock_threads_waiting,0,0,0.000000,enabled
1782984356.923,2026-07-02 09:25:56.924,lock_timeouts,0,0,0.000000,enabled
1782984356.923,2026-07-02 09:25:56.924,log_waits,0,0,0.000000,enabled
1782984356.923,2026-07-02 09:25:56.924,log_writes,171202256,171202256,88545.991614,enabled
1782984356.923,2026-07-02 09:25:56.924,log_write_requests,378492515,378492515,195756.737721,enabled
1782984356.923,2026-07-02 09:25:56.924,os_data_fsyncs,43087034,43087034,22284.661953,enabled
1782984356.923,2026-07-02 09:25:56.924,os_data_reads,55619243,55619243,28766.334507,enabled
1782984356.923,2026-07-02 09:25:56.924,os_data_writes,191616010,191616010,99104.013888,enabled
1782984356.923,2026-07-02 09:25:56.924,os_log_bytes_written,111920505856,111920505856,57885410.002901,enabled
1782984356.923,2026-07-02 09:25:56.924,os_log_fsyncs,37943951,37943951,19624.653587,enabled
1782984356.923,2026-07-02 09:25:56.924,os_log_pending_fsyncs,1,1,0.000517,enabled
1782984356.923,2026-07-02 09:25:56.924,os_log_pending_writes,0,0,0.000000,enabled
1782984356.923,2026-07-02 09:25:56.924,trx_rseg_history_len,430,430,0.000000,enabled
1782984357.996,2026-07-02 09:25:57.998,adaptive_hash_searches,0,0,0.000000,enabled
1782984357.996,2026-07-02 09:25:57.998,adaptive_hash_searches_btree,537796476,537796476,277994.883447,enabled
1782984357.996,2026-07-02 09:25:57.998,buffer_data_reads,907286530560,907286530560,468989774.697578,enabled
1782984357.996,2026-07-02 09:25:57.998,buffer_data_written,468744542720,468744542720,242300959.943474,enabled
1782984357.996,2026-07-02 09:25:57.998,buffer_pages0_read,7,7,0.003618,enabled
1782984357.996,2026-07-02 09:25:57.998,buffer_pages_created,1800406,1800406,930.656396,enabled
1782984357.996,2026-07-02 09:25:57.998,buffer_pages_read,55532094,55532094,28705.357604,enabled
1782984357.996,2026-07-02 09:25:57.998,buffer_pages_written,19736884,19736884,10202.286185,enabled
1782984357.996,2026-07-02 09:25:57.998,buffer_pool_bytes_data,12857065472,12857065472,0.000000,enabled
1782984357.996,2026-07-02 09:25:57.998,buffer_pool_bytes_dirty,4034920448,4034920448,0.000000,enabled
1782984357.996,2026-07-02 09:25:57.998,buffer_pool_pages_data,784733,784733,0.000000,enabled
1782984357.996,2026-07-02 09:25:57.998,buffer_pool_pages_dirty,246272,246272,0.000000,enabled
1782984357.996,2026-07-02 09:25:57.998,buffer_pool_pages_flushed,19679814,19679814,0.000000,enabled
1782984357.996,2026-07-02 09:25:57.998,buffer_pool_pages_free,1602,1602,0.000000,enabled
1782984357.996,2026-07-02 09:25:57.998,buffer_pool_pages_lru_flushed,0,0,0.000000,enabled
1782984357.996,2026-07-02 09:25:57.998,buffer_pool_pages_misc,96,96,0.000000,enabled
1782984357.996,2026-07-02 09:25:57.998,buffer_pool_pages_total,786432,786432,0.000000,enabled
1782984357.996,2026-07-02 09:25:57.998,buffer_pool_reads,54655510,54655510,28252.239578,enabled
1782984357.996,2026-07-02 09:25:57.998,buffer_pool_read_ahead,803715,803715,415.452138,enabled
1782984357.996,2026-07-02 09:25:57.998,buffer_pool_read_ahead_evicted,25,25,0.012923,enabled
1782984357.996,2026-07-02 09:25:57.998,buffer_pool_read_requests,2581902340,2581902340,1334623.408393,enabled
1782984357.996,2026-07-02 09:25:57.998,buffer_pool_size,12884901888,12884901888,0.000000,enabled
1782984357.996,2026-07-02 09:25:57.998,buffer_pool_wait_free,18945,18945,9.792950,enabled
1782984357.996,2026-07-02 09:25:57.998,buffer_pool_write_requests,564681145,564681145,291892.013938,enabled
1782984357.996,2026-07-02 09:25:57.998,dml_deletes,11404757,11404757,5895.285904,enabled
1782984357.996,2026-07-02 09:25:57.998,dml_inserts,111290155,111290155,57527.510909,enabled
1782984357.996,2026-07-02 09:25:57.998,dml_system_deletes,468,468,0.241916,enabled
1782984357.996,2026-07-02 09:25:57.998,dml_system_inserts,1202,1202,0.621331,enabled
1782984357.996,2026-07-02 09:25:57.998,dml_system_reads,7661,7661,3.960083,enabled
1782984357.996,2026-07-02 09:25:57.998,dml_system_updates,620,620,0.320487,enabled
1782984357.996,2026-07-02 09:25:57.998,dml_updates,22809629,22809629,11790.631238,enabled
1782984357.996,2026-07-02 09:25:57.998,file_num_open_files,35,35,0.000000,enabled
1782984357.996,2026-07-02 09:25:57.998,ibuf_merges,0,0,0.000000,enabled
1782984357.996,2026-07-02 09:25:57.998,ibuf_merges_delete,0,0,0.000000,enabled
1782984357.996,2026-07-02 09:25:57.998,ibuf_merges_delete_mark,0,0,0.000000,enabled
1782984357.996,2026-07-02 09:25:57.998,ibuf_merges_discard_delete,0,0,0.000000,enabled
1782984357.996,2026-07-02 09:25:57.998,ibuf_merges_discard_delete_mark,0,0,0.000000,enabled
1782984357.996,2026-07-02 09:25:57.998,ibuf_merges_discard_insert,0,0,0.000000,enabled
1782984357.996,2026-07-02 09:25:57.998,ibuf_merges_insert,0,0,0.000000,enabled
1782984357.996,2026-07-02 09:25:57.998,ibuf_size,1,1,0.000517,enabled
1782984357.996,2026-07-02 09:25:57.998,innodb_activity_count,16011565,16011565,8276.612585,enabled
1782984357.996,2026-07-02 09:25:57.998,innodb_dblwr_pages_written,19678117,19678117,10171.906963,enabled
1782984357.996,2026-07-02 09:25:57.998,innodb_dblwr_writes,392477,392477,202.877111,enabled
1782984357.996,2026-07-02 09:25:57.998,innodb_page_size,16384,16384,0.000000,enabled
1782984357.996,2026-07-02 09:25:57.998,innodb_rwlock_sx_os_waits,0,0,0.000000,enabled
1782984357.996,2026-07-02 09:25:57.998,innodb_rwlock_sx_spin_rounds,0,0,0.000000,enabled
1782984357.996,2026-07-02 09:25:57.998,innodb_rwlock_sx_spin_waits,0,0,0.000000,enabled
1782984357.996,2026-07-02 09:25:57.998,innodb_rwlock_s_os_waits,0,0,0.000000,enabled
1782984357.996,2026-07-02 09:25:57.998,innodb_rwlock_s_spin_rounds,0,0,0.000000,enabled
1782984357.996,2026-07-02 09:25:57.998,innodb_rwlock_s_spin_waits,0,0,0.000000,enabled
1782984357.996,2026-07-02 09:25:57.998,innodb_rwlock_x_os_waits,0,0,0.000000,enabled
1782984357.996,2026-07-02 09:25:57.998,innodb_rwlock_x_spin_rounds,0,0,0.000000,enabled
1782984357.996,2026-07-02 09:25:57.998,innodb_rwlock_x_spin_waits,0,0,0.000000,enabled
1782984357.996,2026-07-02 09:25:57.998,lock_deadlocks,0,0,0.000000,enabled
1782984357.996,2026-07-02 09:25:57.998,lock_deadlock_false_positives,0,0,0.000000,enabled
1782984357.996,2026-07-02 09:25:57.998,lock_deadlock_rounds,2171,2171,1.122222,enabled
1782984357.996,2026-07-02 09:25:57.998,lock_rec_grant_attempts,425,425,0.219689,enabled
1782984357.996,2026-07-02 09:25:57.998,lock_rec_release_attempts,34662575,34662575,17917.596695,enabled
1782984357.996,2026-07-02 09:25:57.998,lock_row_lock_current_waits,0,0,0.000000,enabled
1782984357.996,2026-07-02 09:25:57.998,lock_row_lock_time,323,323,0.166963,enabled
1782984357.996,2026-07-02 09:25:57.998,lock_row_lock_time_avg,0,0,0.000000,enabled
1782984357.996,2026-07-02 09:25:57.998,lock_row_lock_time_max,29,29,0.000000,enabled
1782984357.996,2026-07-02 09:25:57.998,lock_row_lock_waits,425,425,0.219689,enabled
1782984357.996,2026-07-02 09:25:57.998,lock_schedule_refreshes,2171,2171,1.122222,enabled
1782984357.996,2026-07-02 09:25:57.998,lock_threads_waiting,0,0,0.000000,enabled
1782984357.996,2026-07-02 09:25:57.998,lock_timeouts,0,0,0.000000,enabled
1782984357.996,2026-07-02 09:25:57.998,log_waits,0,0,0.000000,enabled
1782984357.996,2026-07-02 09:25:57.998,log_writes,171283313,171283313,88538.858912,enabled
1782984357.996,2026-07-02 09:25:57.998,log_write_requests,378576717,378576717,195691.862644,enabled
1782984357.996,2026-07-02 09:25:57.998,os_data_fsyncs,43121371,43121371,22290.070466,enabled
1782984357.996,2026-07-02 09:25:57.998,os_data_reads,55677256,55677256,28780.392018,enabled
1782984357.996,2026-07-02 09:25:57.998,os_data_writes,191711154,191711154,99098.313342,enabled
1782984357.996,2026-07-02 09:25:57.998,os_log_bytes_written,111962916352,111962916352,57875276.970459,enabled
1782984357.996,2026-07-02 09:25:57.998,os_log_fsyncs,37973689,37973689,19629.157921,enabled
1782984357.996,2026-07-02 09:25:57.998,os_log_pending_fsyncs,1,1,0.000517,enabled
1782984357.996,2026-07-02 09:25:57.998,os_log_pending_writes,0,0,0.000000,enabled
1782984357.996,2026-07-02 09:25:57.998,trx_rseg_history_len,478,478,0.000000,enabled
1782984359.067,2026-07-02 09:25:59.069,adaptive_hash_searches,0,0,0.000000,enabled
1782984359.067,2026-07-02 09:25:59.069,adaptive_hash_searches_btree,537967741,537967741,277929.440191,enabled
1782984359.067,2026-07-02 09:25:59.069,buffer_data_reads,908228348416,908228348416,469216734.139248,enabled
1782984359.067,2026-07-02 09:25:59.069,buffer_data_written,469026735104,469026735104,242312621.999861,enabled
1782984359.067,2026-07-02 09:25:59.069,buffer_pages0_read,7,7,0.003616,enabled
1782984359.067,2026-07-02 09:25:59.069,buffer_pages_created,1800455,1800455,930.166545,enabled
1782984359.067,2026-07-02 09:25:59.069,buffer_pages_read,55589731,55589731,28719.244615,enabled
1782984359.067,2026-07-02 09:25:59.069,buffer_pages_written,19751151,19751151,10204.009435,enabled
1782984359.067,2026-07-02 09:25:59.069,buffer_pool_bytes_data,12854837248,12854837248,0.000000,enabled
1782984359.067,2026-07-02 09:25:59.069,buffer_pool_bytes_dirty,4072783872,4072783872,0.000000,enabled
1782984359.067,2026-07-02 09:25:59.069,buffer_pool_pages_data,784595,784595,0.000000,enabled
1782984359.067,2026-07-02 09:25:59.069,buffer_pool_pages_dirty,248583,248583,0.000000,enabled
1782984359.067,2026-07-02 09:25:59.069,buffer_pool_pages_flushed,19694081,19694081,0.000000,enabled
1782984359.067,2026-07-02 09:25:59.069,buffer_pool_pages_free,1738,1738,0.000000,enabled
1782984359.067,2026-07-02 09:25:59.069,buffer_pool_pages_lru_flushed,0,0,0.000000,enabled
1782984359.067,2026-07-02 09:25:59.069,buffer_pool_pages_misc,98,98,0.000000,enabled
1782984359.067,2026-07-02 09:25:59.069,buffer_pool_pages_total,786432,786432,0.000000,enabled
1782984359.067,2026-07-02 09:25:59.069,buffer_pool_reads,54713075,54713075,28266.340495,enabled
1782984359.067,2026-07-02 09:25:59.069,buffer_pool_read_ahead,803715,803715,415.222166,enabled
1782984359.067,2026-07-02 09:25:59.069,buffer_pool_read_ahead_evicted,25,25,0.012916,enabled
1782984359.067,2026-07-02 09:25:59.069,buffer_pool_read_requests,2582750572,2582750572,1334322.855814,enabled
1782984359.067,2026-07-02 09:25:59.069,buffer_pool_size,12884901888,12884901888,0.000000,enabled
1782984359.067,2026-07-02 09:25:59.069,buffer_pool_wait_free,18945,18945,9.787529,enabled
1782984359.067,2026-07-02 09:25:59.069,buffer_pool_write_requests,564797357,564797357,291790.476869,enabled
1782984359.067,2026-07-02 09:25:59.069,dml_deletes,11409697,11409697,5894.573744,enabled
1782984359.067,2026-07-02 09:25:59.069,dml_inserts,111295096,111295096,57498.209820,enabled
1782984359.067,2026-07-02 09:25:59.069,dml_system_deletes,468,468,0.241782,enabled
1782984359.067,2026-07-02 09:25:59.069,dml_system_inserts,1202,1202,0.620987,enabled
1782984359.067,2026-07-02 09:25:59.069,dml_system_reads,7661,7661,3.957890,enabled
1782984359.067,2026-07-02 09:25:59.069,dml_system_updates,620,620,0.320310,enabled
1782984359.067,2026-07-02 09:25:59.069,dml_updates,22819506,22819506,11789.205328,enabled
1782984359.067,2026-07-02 09:25:59.069,file_num_open_files,35,35,0.000000,enabled
1782984359.067,2026-07-02 09:25:59.069,ibuf_merges,0,0,0.000000,enabled
1782984359.067,2026-07-02 09:25:59.069,ibuf_merges_delete,0,0,0.000000,enabled
1782984359.067,2026-07-02 09:25:59.069,ibuf_merges_delete_mark,0,0,0.000000,enabled
1782984359.067,2026-07-02 09:25:59.069,ibuf_merges_discard_delete,0,0,0.000000,enabled
1782984359.067,2026-07-02 09:25:59.069,ibuf_merges_discard_delete_mark,0,0,0.000000,enabled
1782984359.067,2026-07-02 09:25:59.069,ibuf_merges_discard_insert,0,0,0.000000,enabled
1782984359.067,2026-07-02 09:25:59.069,ibuf_merges_insert,0,0,0.000000,enabled
1782984359.067,2026-07-02 09:25:59.069,ibuf_size,1,1,0.000517,enabled
1782984359.067,2026-07-02 09:25:59.069,innodb_activity_count,16017239,16017239,8274.961156,enabled
1782984359.067,2026-07-02 09:25:59.069,innodb_dblwr_pages_written,19692384,19692384,10173.645437,enabled
1782984359.067,2026-07-02 09:25:59.069,innodb_dblwr_writes,392845,392845,202.954896,enabled
1782984359.067,2026-07-02 09:25:59.069,innodb_page_size,16384,16384,0.000000,enabled
1782984359.067,2026-07-02 09:25:59.069,innodb_rwlock_sx_os_waits,0,0,0.000000,enabled
1782984359.067,2026-07-02 09:25:59.069,innodb_rwlock_sx_spin_rounds,0,0,0.000000,enabled
1782984359.067,2026-07-02 09:25:59.069,innodb_rwlock_sx_spin_waits,0,0,0.000000,enabled
1782984359.067,2026-07-02 09:25:59.069,innodb_rwlock_s_os_waits,0,0,0.000000,enabled
1782984359.067,2026-07-02 09:25:59.069,innodb_rwlock_s_spin_rounds,0,0,0.000000,enabled
1782984359.067,2026-07-02 09:25:59.069,innodb_rwlock_s_spin_waits,0,0,0.000000,enabled
1782984359.067,2026-07-02 09:25:59.069,innodb_rwlock_x_os_waits,0,0,0.000000,enabled
1782984359.067,2026-07-02 09:25:59.069,innodb_rwlock_x_spin_rounds,0,0,0.000000,enabled
1782984359.067,2026-07-02 09:25:59.069,innodb_rwlock_x_spin_waits,0,0,0.000000,enabled
1782984359.067,2026-07-02 09:25:59.069,lock_deadlocks,0,0,0.000000,enabled
1782984359.067,2026-07-02 09:25:59.069,lock_deadlock_false_positives,0,0,0.000000,enabled
1782984359.067,2026-07-02 09:25:59.069,lock_deadlock_rounds,2172,2172,1.122117,enabled
1782984359.067,2026-07-02 09:25:59.069,lock_rec_grant_attempts,425,425,0.219567,enabled
1782984359.067,2026-07-02 09:25:59.069,lock_rec_release_attempts,34677582,34677582,17915.431779,enabled
1782984359.067,2026-07-02 09:25:59.069,lock_row_lock_current_waits,0,0,0.000000,enabled
1782984359.067,2026-07-02 09:25:59.069,lock_row_lock_time,323,323,0.166871,enabled
1782984359.067,2026-07-02 09:25:59.069,lock_row_lock_time_avg,0,0,0.000000,enabled
1782984359.067,2026-07-02 09:25:59.069,lock_row_lock_time_max,29,29,0.000000,enabled
1782984359.067,2026-07-02 09:25:59.069,lock_row_lock_waits,425,425,0.219567,enabled
1782984359.067,2026-07-02 09:25:59.069,lock_schedule_refreshes,2172,2172,1.122117,enabled
1782984359.067,2026-07-02 09:25:59.069,lock_threads_waiting,0,0,0.000000,enabled
1782984359.067,2026-07-02 09:25:59.069,lock_timeouts,0,0,0.000000,enabled
1782984359.067,2026-07-02 09:25:59.069,log_waits,0,0,0.000000,enabled
1782984359.067,2026-07-02 09:25:59.069,log_writes,171363768,171363768,88531.404584,enabled
1782984359.067,2026-07-02 09:25:59.069,log_write_requests,378660593,378660593,195626.850442,enabled
1782984359.067,2026-07-02 09:25:59.069,os_data_fsyncs,43155580,43155580,22295.403516,enabled
1782984359.067,2026-07-02 09:25:59.069,os_data_reads,55734741,55734741,28794.157078,enabled
1782984359.067,2026-07-02 09:25:59.069,os_data_writes,191806172,191806172,99092.539703,enabled
1782984359.067,2026-07-02 09:25:59.069,os_log_bytes_written,112005051904,112005051904,57865004.217174,enabled
1782984359.067,2026-07-02 09:25:59.069,os_log_fsyncs,38003220,38003220,19633.547276,enabled
1782984359.067,2026-07-02 09:25:59.069,os_log_pending_fsyncs,1,1,0.000517,enabled
1782984359.067,2026-07-02 09:25:59.069,os_log_pending_writes,0,0,0.000000,enabled
1782984359.067,2026-07-02 09:25:59.069,trx_rseg_history_len,622,622,0.000000,enabled
1782984360.139,2026-07-02 09:26:00.140,adaptive_hash_searches,0,0,0.000000,enabled
1782984360.139,2026-07-02 09:26:00.140,adaptive_hash_searches_btree,538138317,538138317,277864.214369,enabled
1782984360.139,2026-07-02 09:26:00.140,buffer_data_reads,909168151040,909168151040,469443123.626051,enabled
1782984360.139,2026-07-02 09:26:00.140,buffer_data_written,469309556224,469309556224,242324968.744017,enabled
1782984360.139,2026-07-02 09:26:00.140,buffer_pages0_read,7,7,0.003614,enabled
1782984360.139,2026-07-02 09:26:00.140,buffer_pages_created,1800496,1800496,929.674532,enabled
1782984360.139,2026-07-02 09:26:00.140,buffer_pages_read,55647287,55647287,28733.118582,enabled
1782984360.139,2026-07-02 09:26:00.140,buffer_pages_written,19765433,19765433,10205.754190,enabled
1782984360.139,2026-07-02 09:26:00.140,buffer_pool_bytes_data,12850397184,12850397184,0.000000,enabled
1782984360.139,2026-07-02 09:26:00.140,buffer_pool_bytes_dirty,4108992512,4108992512,0.000000,enabled
1782984360.139,2026-07-02 09:26:00.140,buffer_pool_pages_data,784325,784325,0.000000,enabled
1782984360.139,2026-07-02 09:26:00.140,buffer_pool_pages_dirty,250793,250793,0.000000,enabled
1782984360.139,2026-07-02 09:26:00.140,buffer_pool_pages_flushed,19708363,19708363,0.000000,enabled
1782984360.139,2026-07-02 09:26:00.140,buffer_pool_pages_free,2010,2010,0.000000,enabled
1782984360.139,2026-07-02 09:26:00.140,buffer_pool_pages_lru_flushed,0,0,0.000000,enabled
1782984360.139,2026-07-02 09:26:00.140,buffer_pool_pages_misc,97,97,0.000000,enabled
1782984360.139,2026-07-02 09:26:00.140,buffer_pool_pages_total,786432,786432,0.000000,enabled
1782984360.139,2026-07-02 09:26:00.140,buffer_pool_reads,54770576,54770576,28280.435677,enabled
1782984360.139,2026-07-02 09:26:00.140,buffer_pool_read_ahead,803715,803715,414.993080,enabled
1782984360.139,2026-07-02 09:26:00.140,buffer_pool_read_ahead_evicted,25,25,0.012909,enabled
1782984360.139,2026-07-02 09:26:00.140,buffer_pool_read_requests,2583596023,2583596023,1334023.227592,enabled
1782984360.139,2026-07-02 09:26:00.140,buffer_pool_size,12884901888,12884901888,0.000000,enabled
1782984360.139,2026-07-02 09:26:00.140,buffer_pool_wait_free,18945,18945,9.782129,enabled
1782984360.139,2026-07-02 09:26:00.140,buffer_pool_write_requests,564913131,564913131,291689.269921,enabled
1782984360.139,2026-07-02 09:26:00.140,dml_deletes,11414621,11414621,5893.864994,enabled
1782984360.139,2026-07-02 09:26:00.140,dml_inserts,111300019,111300019,57469.037865,enabled
1782984360.139,2026-07-02 09:26:00.140,dml_system_deletes,468,468,0.241649,enabled
1782984360.139,2026-07-02 09:26:00.140,dml_system_inserts,1202,1202,0.620645,enabled
1782984360.139,2026-07-02 09:26:00.140,dml_system_reads,7661,7661,3.955707,enabled
1782984360.139,2026-07-02 09:26:00.140,dml_system_updates,620,620,0.320133,enabled
1782984360.139,2026-07-02 09:26:00.140,dml_updates,22829354,22829354,11787.787807,enabled
1782984360.139,2026-07-02 09:26:00.140,file_num_open_files,35,35,0.000000,enabled
1782984360.139,2026-07-02 09:26:00.140,ibuf_merges,0,0,0.000000,enabled
1782984360.139,2026-07-02 09:26:00.140,ibuf_merges_delete,0,0,0.000000,enabled
1782984360.139,2026-07-02 09:26:00.140,ibuf_merges_delete_mark,0,0,0.000000,enabled
1782984360.139,2026-07-02 09:26:00.140,ibuf_merges_discard_delete,0,0,0.000000,enabled
1782984360.139,2026-07-02 09:26:00.140,ibuf_merges_discard_delete_mark,0,0,0.000000,enabled
1782984360.139,2026-07-02 09:26:00.140,ibuf_merges_discard_insert,0,0,0.000000,enabled
1782984360.139,2026-07-02 09:26:00.140,ibuf_merges_insert,0,0,0.000000,enabled
1782984360.139,2026-07-02 09:26:00.140,ibuf_size,1,1,0.000516,enabled
1782984360.139,2026-07-02 09:26:00.140,innodb_activity_count,16022898,16022898,8273.318882,enabled
1782984360.139,2026-07-02 09:26:00.140,innodb_dblwr_pages_written,19706666,19706666,10175.408380,enabled
1782984360.139,2026-07-02 09:26:00.140,innodb_dblwr_writes,393195,393195,203.023672,enabled
1782984360.139,2026-07-02 09:26:00.140,innodb_page_size,16384,16384,0.000000,enabled
1782984360.139,2026-07-02 09:26:00.140,innodb_rwlock_sx_os_waits,0,0,0.000000,enabled
1782984360.139,2026-07-02 09:26:00.140,innodb_rwlock_sx_spin_rounds,0,0,0.000000,enabled
1782984360.139,2026-07-02 09:26:00.140,innodb_rwlock_sx_spin_waits,0,0,0.000000,enabled
1782984360.139,2026-07-02 09:26:00.140,innodb_rwlock_s_os_waits,0,0,0.000000,enabled
1782984360.139,2026-07-02 09:26:00.140,innodb_rwlock_s_spin_rounds,0,0,0.000000,enabled
1782984360.139,2026-07-02 09:26:00.140,innodb_rwlock_s_spin_waits,0,0,0.000000,enabled
1782984360.139,2026-07-02 09:26:00.140,innodb_rwlock_x_os_waits,0,0,0.000000,enabled
1782984360.139,2026-07-02 09:26:00.140,innodb_rwlock_x_spin_rounds,0,0,0.000000,enabled
1782984360.139,2026-07-02 09:26:00.140,innodb_rwlock_x_spin_waits,0,0,0.000000,enabled
1782984360.139,2026-07-02 09:26:00.140,lock_deadlocks,0,0,0.000000,enabled
1782984360.139,2026-07-02 09:26:00.140,lock_deadlock_false_positives,0,0,0.000000,enabled
1782984360.139,2026-07-02 09:26:00.140,lock_deadlock_rounds,2174,2174,1.122531,enabled
1782984360.139,2026-07-02 09:26:00.140,lock_rec_grant_attempts,425,425,0.219446,enabled
1782984360.139,2026-07-02 09:26:00.140,lock_rec_release_attempts,34692566,34692566,17913.284271,enabled
1782984360.139,2026-07-02 09:26:00.140,lock_row_lock_current_waits,0,0,0.000000,enabled
1782984360.139,2026-07-02 09:26:00.140,lock_row_lock_time,323,323,0.166779,enabled
1782984360.139,2026-07-02 09:26:00.140,lock_row_lock_time_avg,0,0,0.000000,enabled
1782984360.139,2026-07-02 09:26:00.140,lock_row_lock_time_max,29,29,0.000000,enabled
1782984360.139,2026-07-02 09:26:00.140,lock_row_lock_waits,425,425,0.219446,enabled
1782984360.139,2026-07-02 09:26:00.140,lock_schedule_refreshes,2174,2174,1.122531,enabled
1782984360.139,2026-07-02 09:26:00.140,lock_threads_waiting,0,0,0.000000,enabled
1782984360.139,2026-07-02 09:26:00.140,lock_timeouts,0,0,0.000000,enabled
1782984360.139,2026-07-02 09:26:00.140,log_waits,0,0,0.000000,enabled
1782984360.139,2026-07-02 09:26:00.140,log_writes,171444263,171444263,88524.131778,enabled
1782984360.139,2026-07-02 09:26:00.140,log_write_requests,378744287,378744287,195562.153042,enabled
1782984360.139,2026-07-02 09:26:00.140,os_data_fsyncs,43189841,43189841,22300.794721,enabled
1782984360.139,2026-07-02 09:26:00.140,os_data_reads,55792090,55792090,28807.884431,enabled
1782984360.139,2026-07-02 09:26:00.140,os_data_writes,191901213,191901213,99086.948739,enabled
1782984360.139,2026-07-02 09:26:00.140,os_log_bytes_written,112047422464,112047422464,57854960.881517,enabled
1782984360.139,2026-07-02 09:26:00.140,os_log_fsyncs,38032751,38032751,19637.964632,enabled
1782984360.139,2026-07-02 09:26:00.140,os_log_pending_fsyncs,1,1,0.000516,enabled
1782984360.139,2026-07-02 09:26:00.140,os_log_pending_writes,0,0,0.000000,enabled
1782984360.139,2026-07-02 09:26:00.140,trx_rseg_history_len,660,660,0.000000,enabled
1782984361.206,2026-07-02 09:26:01.208,adaptive_hash_searches,0,0,0.000000,enabled
1782984361.206,2026-07-02 09:26:01.208,adaptive_hash_searches_btree,538308332,538308332,277798.272361,enabled
1782984361.206,2026-07-02 09:26:01.208,buffer_data_reads,910109297152,910109297152,469669171.988825,enabled
1782984361.206,2026-07-02 09:26:01.208,buffer_data_written,469595521536,469595521536,242338519.375782,enabled
1782984361.206,2026-07-02 09:26:01.208,buffer_pages0_read,7,7,0.003612,enabled
1782984361.206,2026-07-02 09:26:01.208,buffer_pages_created,1800543,1800543,929.184610,enabled
1782984361.206,2026-07-02 09:26:01.208,buffer_pages_read,55704901,55704901,28746.959258,enabled
1782984361.206,2026-07-02 09:26:01.208,buffer_pages_written,19779907,19779907,10207.579099,enabled
1782984361.206,2026-07-02 09:26:01.208,buffer_pool_bytes_data,12856606720,12856606720,0.000000,enabled
1782984361.206,2026-07-02 09:26:01.208,buffer_pool_bytes_dirty,4141924352,4141924352,0.000000,enabled
1782984361.206,2026-07-02 09:26:01.208,buffer_pool_pages_data,784705,784705,0.000000,enabled
1782984361.206,2026-07-02 09:26:01.208,buffer_pool_pages_dirty,252803,252803,0.000000,enabled
1782984361.206,2026-07-02 09:26:01.208,buffer_pool_pages_flushed,19722837,19722837,0.000000,enabled
1782984361.206,2026-07-02 09:26:01.208,buffer_pool_pages_free,1629,1629,0.000000,enabled
1782984361.206,2026-07-02 09:26:01.208,buffer_pool_pages_lru_flushed,0,0,0.000000,enabled
1782984361.206,2026-07-02 09:26:01.208,buffer_pool_pages_misc,98,98,0.000000,enabled
1782984361.206,2026-07-02 09:26:01.208,buffer_pool_pages_total,786432,786432,0.000000,enabled
1782984361.206,2026-07-02 09:26:01.208,buffer_pool_reads,54828140,54828140,28294.500961,enabled
1782984361.206,2026-07-02 09:26:01.208,buffer_pool_read_ahead,803715,803715,414.763560,enabled
1782984361.206,2026-07-02 09:26:01.208,buffer_pool_read_ahead_evicted,25,25,0.012901,enabled
1782984361.206,2026-07-02 09:26:01.208,buffer_pool_read_requests,2584438741,2584438741,1333720.312310,enabled
1782984361.206,2026-07-02 09:26:01.208,buffer_pool_size,12884901888,12884901888,0.000000,enabled
1782984361.206,2026-07-02 09:26:01.208,buffer_pool_wait_free,18945,18945,9.776719,enabled
1782984361.206,2026-07-02 09:26:01.208,buffer_pool_write_requests,565028504,565028504,291587.484774,enabled
1782984361.206,2026-07-02 09:26:01.208,dml_deletes,11419522,11419522,5893.134451,enabled
1782984361.206,2026-07-02 09:26:01.208,dml_inserts,111304920,111304920,57439.782448,enabled
1782984361.206,2026-07-02 09:26:01.208,dml_system_deletes,468,468,0.241515,enabled
1782984361.206,2026-07-02 09:26:01.208,dml_system_inserts,1202,1202,0.620302,enabled
1782984361.206,2026-07-02 09:26:01.208,dml_system_reads,7661,7661,3.953520,enabled
1782984361.206,2026-07-02 09:26:01.208,dml_system_updates,620,620,0.319956,enabled
1782984361.206,2026-07-02 09:26:01.208,dml_updates,22839160,22839160,11786.328748,enabled
1782984361.206,2026-07-02 09:26:01.208,file_num_open_files,35,35,0.000000,enabled
1782984361.206,2026-07-02 09:26:01.208,ibuf_merges,0,0,0.000000,enabled
1782984361.206,2026-07-02 09:26:01.208,ibuf_merges_delete,0,0,0.000000,enabled
1782984361.206,2026-07-02 09:26:01.208,ibuf_merges_delete_mark,0,0,0.000000,enabled
1782984361.206,2026-07-02 09:26:01.208,ibuf_merges_discard_delete,0,0,0.000000,enabled
1782984361.206,2026-07-02 09:26:01.208,ibuf_merges_discard_delete_mark,0,0,0.000000,enabled
1782984361.206,2026-07-02 09:26:01.208,ibuf_merges_discard_insert,0,0,0.000000,enabled
1782984361.206,2026-07-02 09:26:01.208,ibuf_merges_insert,0,0,0.000000,enabled
1782984361.206,2026-07-02 09:26:01.208,ibuf_size,1,1,0.000516,enabled
1782984361.206,2026-07-02 09:26:01.208,innodb_activity_count,16028542,16028542,8271.655752,enabled
1782984361.206,2026-07-02 09:26:01.208,innodb_dblwr_pages_written,19721140,19721140,10177.250046,enabled
1782984361.206,2026-07-02 09:26:01.208,innodb_dblwr_writes,393557,393557,203.098198,enabled
1782984361.206,2026-07-02 09:26:01.208,innodb_page_size,16384,16384,0.000000,enabled
1782984361.206,2026-07-02 09:26:01.208,innodb_rwlock_sx_os_waits,0,0,0.000000,enabled
1782984361.206,2026-07-02 09:26:01.208,innodb_rwlock_sx_spin_rounds,0,0,0.000000,enabled
1782984361.206,2026-07-02 09:26:01.208,innodb_rwlock_sx_spin_waits,0,0,0.000000,enabled
1782984361.206,2026-07-02 09:26:01.208,innodb_rwlock_s_os_waits,0,0,0.000000,enabled
1782984361.206,2026-07-02 09:26:01.208,innodb_rwlock_s_spin_rounds,0,0,0.000000,enabled
1782984361.206,2026-07-02 09:26:01.208,innodb_rwlock_s_spin_waits,0,0,0.000000,enabled
1782984361.206,2026-07-02 09:26:01.208,innodb_rwlock_x_os_waits,0,0,0.000000,enabled
1782984361.206,2026-07-02 09:26:01.208,innodb_rwlock_x_spin_rounds,0,0,0.000000,enabled
1782984361.206,2026-07-02 09:26:01.208,innodb_rwlock_x_spin_waits,0,0,0.000000,enabled
1782984361.206,2026-07-02 09:26:01.208,lock_deadlocks,0,0,0.000000,enabled
1782984361.206,2026-07-02 09:26:01.208,lock_deadlock_false_positives,0,0,0.000000,enabled
1782984361.206,2026-07-02 09:26:01.208,lock_deadlock_rounds,2175,2175,1.122426,enabled
1782984361.206,2026-07-02 09:26:01.208,lock_rec_grant_attempts,425,425,0.219325,enabled
1782984361.206,2026-07-02 09:26:01.208,lock_rec_release_attempts,34707461,34707461,17911.063610,enabled
1782984361.206,2026-07-02 09:26:01.208,lock_row_lock_current_waits,0,0,0.000000,enabled
1782984361.206,2026-07-02 09:26:01.208,lock_row_lock_time,323,323,0.166687,enabled
1782984361.206,2026-07-02 09:26:01.208,lock_row_lock_time_avg,0,0,0.000000,enabled
1782984361.206,2026-07-02 09:26:01.208,lock_row_lock_time_max,29,29,0.000000,enabled
1782984361.206,2026-07-02 09:26:01.208,lock_row_lock_waits,425,425,0.219325,enabled
1782984361.206,2026-07-02 09:26:01.208,lock_schedule_refreshes,2175,2175,1.122426,enabled
1782984361.206,2026-07-02 09:26:01.208,lock_threads_waiting,0,0,0.000000,enabled
1782984361.206,2026-07-02 09:26:01.208,lock_timeouts,0,0,0.000000,enabled
1782984361.206,2026-07-02 09:26:01.208,log_waits,0,0,0.000000,enabled
1782984361.206,2026-07-02 09:26:01.208,log_writes,171524790,171524790,88516.727985,enabled
1782984361.206,2026-07-02 09:26:01.208,log_write_requests,378827536,378827536,195496.954044,enabled
1782984361.206,2026-07-02 09:26:01.208,os_data_fsyncs,43223748,43223748,22305.958717,enabled
1782984361.206,2026-07-02 09:26:01.208,os_data_reads,55849530,55849530,28821.593931,enabled
1782984361.206,2026-07-02 09:26:01.208,os_data_writes,191996497,191996497,99081.318462,enabled
1782984361.206,2026-07-02 09:26:01.208,os_log_bytes_written,112089840128,112089840128,57844852.807622,enabled
1782984361.206,2026-07-02 09:26:01.208,os_log_fsyncs,38061869,38061869,19642.129967,enabled
1782984361.206,2026-07-02 09:26:01.208,os_log_pending_fsyncs,1,1,0.000516,enabled
1782984361.206,2026-07-02 09:26:01.208,os_log_pending_writes,0,0,0.000000,enabled
1782984361.206,2026-07-02 09:26:01.208,trx_rseg_history_len,771,771,0.000000,enabled
1782984362.279,2026-07-02 09:26:02.280,adaptive_hash_searches,0,0,0.000000,enabled
1782984362.279,2026-07-02 09:26:02.280,adaptive_hash_searches_btree,538482200,538482200,277734.292036,enabled
1782984362.279,2026-07-02 09:26:02.280,buffer_data_reads,911069891072,911069891072,469904836.092819,enabled
1782984362.279,2026-07-02 09:26:02.280,buffer_data_written,469885638656,469885638656,242354111.320604,enabled
1782984362.279,2026-07-02 09:26:02.280,buffer_pages0_read,7,7,0.003610,enabled
1782984362.279,2026-07-02 09:26:02.280,buffer_pages_created,1800594,1800594,928.696960,enabled
1782984362.279,2026-07-02 09:26:02.280,buffer_pages_read,55763691,55763691,28761.380864,enabled
1782984362.279,2026-07-02 09:26:02.280,buffer_pages_written,19794560,19794560,10209.490648,enabled
1782984362.279,2026-07-02 09:26:02.280,buffer_pool_bytes_data,12854607872,12854607872,0.000000,enabled
1782984362.279,2026-07-02 09:26:02.280,buffer_pool_bytes_dirty,4177133568,4177133568,0.000000,enabled
1782984362.279,2026-07-02 09:26:02.280,buffer_pool_pages_data,784583,784583,0.000000,enabled
1782984362.279,2026-07-02 09:26:02.280,buffer_pool_pages_dirty,254952,254952,0.000000,enabled
1782984362.279,2026-07-02 09:26:02.280,buffer_pool_pages_flushed,19737490,19737490,0.000000,enabled
1782984362.279,2026-07-02 09:26:02.280,buffer_pool_pages_free,1753,1753,0.000000,enabled
1782984362.279,2026-07-02 09:26:02.280,buffer_pool_pages_lru_flushed,0,0,0.000000,enabled
1782984362.279,2026-07-02 09:26:02.280,buffer_pool_pages_misc,96,96,0.000000,enabled
1782984362.279,2026-07-02 09:26:02.280,buffer_pool_pages_total,786432,786432,0.000000,enabled
1782984362.279,2026-07-02 09:26:02.280,buffer_pool_reads,54886864,54886864,28309.138752,enabled
1782984362.279,2026-07-02 09:26:02.280,buffer_pool_read_ahead,803715,803715,414.534144,enabled
1782984362.279,2026-07-02 09:26:02.280,buffer_pool_read_ahead_evicted,25,25,0.012894,enabled
1782984362.279,2026-07-02 09:26:02.280,buffer_pool_read_requests,2585300948,2585300948,1333427.299081,enabled
1782984362.279,2026-07-02 09:26:02.280,buffer_pool_size,12884901888,12884901888,0.000000,enabled
1782984362.279,2026-07-02 09:26:02.280,buffer_pool_wait_free,18945,18945,9.771311,enabled
1782984362.279,2026-07-02 09:26:02.280,buffer_pool_write_requests,565146337,565146337,291486.975091,enabled
1782984362.279,2026-07-02 09:26:02.280,dml_deletes,11424550,11424550,5892.468145,enabled
1782984362.279,2026-07-02 09:26:02.280,dml_inserts,111309949,111309949,57410.605165,enabled
1782984362.279,2026-07-02 09:26:02.280,dml_system_deletes,468,468,0.241382,enabled
1782984362.279,2026-07-02 09:26:02.280,dml_system_inserts,1202,1202,0.619958,enabled
1782984362.279,2026-07-02 09:26:02.280,dml_system_reads,7661,7661,3.951333,enabled
1782984362.279,2026-07-02 09:26:02.280,dml_system_updates,620,620,0.319779,enabled
1782984362.279,2026-07-02 09:26:02.280,dml_updates,22849211,22849211,11784.993529,enabled
1782984362.279,2026-07-02 09:26:02.280,file_num_open_files,35,35,0.000000,enabled
1782984362.279,2026-07-02 09:26:02.280,ibuf_merges,0,0,0.000000,enabled
1782984362.279,2026-07-02 09:26:02.280,ibuf_merges_delete,0,0,0.000000,enabled
1782984362.279,2026-07-02 09:26:02.280,ibuf_merges_delete_mark,0,0,0.000000,enabled
1782984362.279,2026-07-02 09:26:02.280,ibuf_merges_discard_delete,0,0,0.000000,enabled
1782984362.279,2026-07-02 09:26:02.280,ibuf_merges_discard_delete_mark,0,0,0.000000,enabled
1782984362.279,2026-07-02 09:26:02.280,ibuf_merges_discard_insert,0,0,0.000000,enabled
1782984362.279,2026-07-02 09:26:02.280,ibuf_merges_insert,0,0,0.000000,enabled
1782984362.279,2026-07-02 09:26:02.280,ibuf_size,1,1,0.000516,enabled
1782984362.279,2026-07-02 09:26:02.280,innodb_activity_count,16034316,16034316,8270.058585,enabled
1782984362.279,2026-07-02 09:26:02.280,innodb_dblwr_pages_written,19735793,19735793,10179.178412,enabled
1782984362.279,2026-07-02 09:26:02.280,innodb_dblwr_writes,393936,393936,203.181338,enabled
1782984362.279,2026-07-02 09:26:02.280,innodb_page_size,16384,16384,0.000000,enabled
1782984362.279,2026-07-02 09:26:02.280,innodb_rwlock_sx_os_waits,0,0,0.000000,enabled
1782984362.279,2026-07-02 09:26:02.280,innodb_rwlock_sx_spin_rounds,0,0,0.000000,enabled
1782984362.279,2026-07-02 09:26:02.280,innodb_rwlock_sx_spin_waits,0,0,0.000000,enabled
1782984362.279,2026-07-02 09:26:02.280,innodb_rwlock_s_os_waits,0,0,0.000000,enabled
1782984362.279,2026-07-02 09:26:02.280,innodb_rwlock_s_spin_rounds,0,0,0.000000,enabled
1782984362.279,2026-07-02 09:26:02.280,innodb_rwlock_s_spin_waits,0,0,0.000000,enabled
1782984362.279,2026-07-02 09:26:02.280,innodb_rwlock_x_os_waits,0,0,0.000000,enabled
1782984362.279,2026-07-02 09:26:02.280,innodb_rwlock_x_spin_rounds,0,0,0.000000,enabled
1782984362.279,2026-07-02 09:26:02.280,innodb_rwlock_x_spin_waits,0,0,0.000000,enabled
1782984362.279,2026-07-02 09:26:02.280,lock_deadlocks,0,0,0.000000,enabled
1782984362.279,2026-07-02 09:26:02.280,lock_deadlock_false_positives,0,0,0.000000,enabled
1782984362.279,2026-07-02 09:26:02.280,lock_deadlock_rounds,2176,2176,1.122321,enabled
1782984362.279,2026-07-02 09:26:02.280,lock_rec_grant_attempts,425,425,0.219203,enabled
1782984362.279,2026-07-02 09:26:02.280,lock_rec_release_attempts,34722760,34722760,17909.047312,enabled
1782984362.279,2026-07-02 09:26:02.280,lock_row_lock_current_waits,0,0,0.000000,enabled
1782984362.279,2026-07-02 09:26:02.280,lock_row_lock_time,323,323,0.166595,enabled
1782984362.279,2026-07-02 09:26:02.280,lock_row_lock_time_avg,0,0,0.000000,enabled
1782984362.279,2026-07-02 09:26:02.280,lock_row_lock_time_max,29,29,0.000000,enabled
1782984362.279,2026-07-02 09:26:02.280,lock_row_lock_waits,425,425,0.219203,enabled
1782984362.279,2026-07-02 09:26:02.280,lock_schedule_refreshes,2176,2176,1.122321,enabled
1782984362.279,2026-07-02 09:26:02.280,lock_threads_waiting,0,0,0.000000,enabled
1782984362.279,2026-07-02 09:26:02.280,lock_timeouts,0,0,0.000000,enabled
1782984362.279,2026-07-02 09:26:02.280,log_waits,0,0,0.000000,enabled
1782984362.279,2026-07-02 09:26:02.280,log_writes,171607628,171607628,88510.492815,enabled
1782984362.279,2026-07-02 09:26:02.280,log_write_requests,378912736,378912736,195432.763800,enabled
1782984362.279,2026-07-02 09:26:02.280,os_data_fsyncs,43259471,43259471,22312.045708,enabled
1782984362.279,2026-07-02 09:26:02.280,os_data_reads,55908158,55908158,28835.890732,enabled
1782984362.279,2026-07-02 09:26:02.280,os_data_writes,192094286,192094286,99076.951100,enabled
1782984362.279,2026-07-02 09:26:02.280,os_log_bytes_written,112133334016,112133334016,57835290.413857,enabled
1782984362.279,2026-07-02 09:26:02.280,os_log_fsyncs,38092657,38092657,19647.145050,enabled
1782984362.279,2026-07-02 09:26:02.280,os_log_pending_fsyncs,0,0,0.000000,enabled
1782984362.279,2026-07-02 09:26:02.280,os_log_pending_writes,0,0,0.000000,enabled
1782984362.279,2026-07-02 09:26:02.280,trx_rseg_history_len,993,993,0.000000,enabled
1782984363.352,2026-07-02 09:26:03.353,adaptive_hash_searches,0,0,0.000000,enabled
1782984363.352,2026-07-02 09:26:03.353,adaptive_hash_searches_btree,538652685,538652685,277668.899340,enabled
1782984363.352,2026-07-02 09:26:03.353,buffer_data_reads,912015329792,912015329792,470132869.344194,enabled
1782984363.352,2026-07-02 09:26:03.353,buffer_data_written,470196785152,470196785152,242380754.281005,enabled
1782984363.352,2026-07-02 09:26:03.353,buffer_pages0_read,7,7,0.003608,enabled
1782984363.352,2026-07-02 09:26:03.353,buffer_pages_created,1800628,1800628,928.201964,enabled
1782984363.352,2026-07-02 09:26:03.353,buffer_pages_read,55821575,55821575,28775.346804,enabled
1782984363.352,2026-07-02 09:26:03.353,buffer_pages_written,19810388,19810388,10212.015466,enabled
1782984363.352,2026-07-02 09:26:03.353,buffer_pool_bytes_data,12851265536,12851265536,0.000000,enabled
1782984363.352,2026-07-02 09:26:03.353,buffer_pool_bytes_dirty,4186882048,4186882048,0.000000,enabled
1782984363.352,2026-07-02 09:26:03.353,buffer_pool_pages_data,784379,784379,0.000000,enabled
1782984363.352,2026-07-02 09:26:03.353,buffer_pool_pages_dirty,255547,255547,0.000000,enabled
1782984363.352,2026-07-02 09:26:03.353,buffer_pool_pages_flushed,19752281,19752281,0.000000,enabled
1782984363.352,2026-07-02 09:26:03.353,buffer_pool_pages_free,1956,1956,0.000000,enabled
1782984363.352,2026-07-02 09:26:03.353,buffer_pool_pages_lru_flushed,0,0,0.000000,enabled
1782984363.352,2026-07-02 09:26:03.353,buffer_pool_pages_misc,96,96,0.000000,enabled
1782984363.352,2026-07-02 09:26:03.353,buffer_pool_pages_total,786432,786432,0.000000,enabled
1782984363.352,2026-07-02 09:26:03.353,buffer_pool_reads,54944679,54944679,28323.318682,enabled
1782984363.352,2026-07-02 09:26:03.353,buffer_pool_read_ahead,803715,803715,414.305374,enabled
1782984363.352,2026-07-02 09:26:03.353,buffer_pool_read_ahead_evicted,25,25,0.012887,enabled
1782984363.352,2026-07-02 09:26:03.353,buffer_pool_read_requests,2586146282,2586146282,1333127.177421,enabled
1782984363.352,2026-07-02 09:26:03.353,buffer_pool_size,12884901888,12884901888,0.000000,enabled
1782984363.352,2026-07-02 09:26:03.353,buffer_pool_wait_free,18945,18945,9.765919,enabled
1782984363.352,2026-07-02 09:26:03.353,buffer_pool_write_requests,565261064,565261064,291385.251954,enabled
1782984363.352,2026-07-02 09:26:03.353,dml_deletes,11429472,11429472,5891.753421,enabled
1782984363.352,2026-07-02 09:26:03.353,dml_inserts,111314870,111314870,57381.457946,enabled
1782984363.352,2026-07-02 09:26:03.353,dml_system_deletes,468,468,0.241248,enabled
1782984363.352,2026-07-02 09:26:03.353,dml_system_inserts,1202,1202,0.619616,enabled
1782984363.352,2026-07-02 09:26:03.353,dml_system_reads,7661,7661,3.949152,enabled
1782984363.352,2026-07-02 09:26:03.353,dml_system_updates,620,620,0.319602,enabled
1782984363.352,2026-07-02 09:26:03.353,dml_updates,22859059,22859059,11783.566112,enabled
1782984363.352,2026-07-02 09:26:03.353,file_num_open_files,35,35,0.000000,enabled
1782984363.352,2026-07-02 09:26:03.353,ibuf_merges,0,0,0.000000,enabled
1782984363.352,2026-07-02 09:26:03.353,ibuf_merges_delete,0,0,0.000000,enabled
1782984363.352,2026-07-02 09:26:03.353,ibuf_merges_delete_mark,0,0,0.000000,enabled
1782984363.352,2026-07-02 09:26:03.353,ibuf_merges_discard_delete,0,0,0.000000,enabled
1782984363.352,2026-07-02 09:26:03.353,ibuf_merges_discard_delete_mark,0,0,0.000000,enabled
1782984363.352,2026-07-02 09:26:03.353,ibuf_merges_discard_insert,0,0,0.000000,enabled
1782984363.352,2026-07-02 09:26:03.353,ibuf_merges_insert,0,0,0.000000,enabled
1782984363.352,2026-07-02 09:26:03.353,ibuf_size,1,1,0.000515,enabled
1782984363.352,2026-07-02 09:26:03.353,innodb_activity_count,16039973,16039973,8268.410620,enabled
1782984363.352,2026-07-02 09:26:03.353,innodb_dblwr_pages_written,19751352,19751352,10181.581186,enabled
1782984363.352,2026-07-02 09:26:03.353,innodb_dblwr_writes,394303,394303,203.258390,enabled
1782984363.352,2026-07-02 09:26:03.353,innodb_page_size,16384,16384,0.000000,enabled
1782984363.352,2026-07-02 09:26:03.353,innodb_rwlock_sx_os_waits,0,0,0.000000,enabled
1782984363.352,2026-07-02 09:26:03.353,innodb_rwlock_sx_spin_rounds,0,0,0.000000,enabled
1782984363.352,2026-07-02 09:26:03.353,innodb_rwlock_sx_spin_waits,0,0,0.000000,enabled
1782984363.352,2026-07-02 09:26:03.353,innodb_rwlock_s_os_waits,0,0,0.000000,enabled
1782984363.352,2026-07-02 09:26:03.353,innodb_rwlock_s_spin_rounds,0,0,0.000000,enabled
1782984363.352,2026-07-02 09:26:03.353,innodb_rwlock_s_spin_waits,0,0,0.000000,enabled
1782984363.352,2026-07-02 09:26:03.353,innodb_rwlock_x_os_waits,0,0,0.000000,enabled
1782984363.352,2026-07-02 09:26:03.353,innodb_rwlock_x_spin_rounds,0,0,0.000000,enabled
1782984363.352,2026-07-02 09:26:03.353,innodb_rwlock_x_spin_waits,0,0,0.000000,enabled
1782984363.352,2026-07-02 09:26:03.353,lock_deadlocks,0,0,0.000000,enabled
1782984363.352,2026-07-02 09:26:03.353,lock_deadlock_false_positives,0,0,0.000000,enabled
1782984363.352,2026-07-02 09:26:03.353,lock_deadlock_rounds,2177,2177,1.122217,enabled
1782984363.352,2026-07-02 09:26:03.353,lock_rec_grant_attempts,425,425,0.219082,enabled
1782984363.352,2026-07-02 09:26:03.353,lock_rec_release_attempts,34737732,34737732,17906.881717,enabled
1782984363.352,2026-07-02 09:26:03.353,lock_row_lock_current_waits,0,0,0.000000,enabled
1782984363.352,2026-07-02 09:26:03.353,lock_row_lock_time,323,323,0.166503,enabled
1782984363.352,2026-07-02 09:26:03.353,lock_row_lock_time_avg,0,0,0.000000,enabled
1782984363.352,2026-07-02 09:26:03.353,lock_row_lock_time_max,29,29,0.000000,enabled
1782984363.352,2026-07-02 09:26:03.353,lock_row_lock_waits,425,425,0.219082,enabled
1782984363.352,2026-07-02 09:26:03.353,lock_schedule_refreshes,2177,2177,1.122217,enabled
1782984363.352,2026-07-02 09:26:03.353,lock_threads_waiting,0,0,0.000000,enabled
1782984363.352,2026-07-02 09:26:03.353,lock_timeouts,0,0,0.000000,enabled
1782984363.352,2026-07-02 09:26:03.353,log_waits,0,0,0.000000,enabled
1782984363.352,2026-07-02 09:26:03.353,log_writes,171687527,171687527,88502.832772,enabled
1782984363.352,2026-07-02 09:26:03.353,log_write_requests,378996347,378996347,195368.009168,enabled
1782984363.352,2026-07-02 09:26:03.353,os_data_fsyncs,43294168,43294168,22317.618146,enabled
1782984363.352,2026-07-02 09:26:03.353,os_data_reads,55965856,55965856,28849.719566,enabled
1782984363.352,2026-07-02 09:26:03.353,os_data_writes,192190304,192190304,99071.769200,enabled
1782984363.352,2026-07-02 09:26:03.353,os_log_bytes_written,112175196160,112175196160,57824952.010966,enabled
1782984363.352,2026-07-02 09:26:03.353,os_log_fsyncs,38122622,38122622,19651.748877,enabled
1782984363.352,2026-07-02 09:26:03.353,os_log_pending_fsyncs,1,1,0.000515,enabled
1782984363.352,2026-07-02 09:26:03.353,os_log_pending_writes,0,0,0.000000,enabled
1782984363.352,2026-07-02 09:26:03.353,trx_rseg_history_len,1094,1094,0.000000,enabled
1782984364.422,2026-07-02 09:26:04.423,adaptive_hash_searches,0,0,0.000000,enabled
1782984364.422,2026-07-02 09:26:04.423,adaptive_hash_searches_btree,538821654,538821654,277602.962984,enabled
1782984364.422,2026-07-02 09:26:04.423,buffer_data_reads,912949742080,912949742080,470355255.721201,enabled
1782984364.422,2026-07-02 09:26:04.423,buffer_data_written,470537056768,470537056768,242422520.303108,enabled
1782984364.422,2026-07-02 09:26:04.423,buffer_pages0_read,7,7,0.003606,enabled
1782984364.422,2026-07-02 09:26:04.423,buffer_pages_created,1800669,1800669,927.711678,enabled
1782984364.422,2026-07-02 09:26:04.423,buffer_pages_read,55878774,55878774,28788.961639,enabled
1782984364.422,2026-07-02 09:26:04.423,buffer_pages_written,19828571,19828571,10215.756923,enabled
1782984364.422,2026-07-02 09:26:04.423,buffer_pool_bytes_data,12855427072,12855427072,0.000000,enabled
1782984364.422,2026-07-02 09:26:04.423,buffer_pool_bytes_dirty,4156571648,4156571648,0.000000,enabled
1782984364.422,2026-07-02 09:26:04.423,buffer_pool_pages_data,784633,784633,0.000000,enabled
1782984364.422,2026-07-02 09:26:04.423,buffer_pool_pages_dirty,253697,253697,0.000000,enabled
1782984364.422,2026-07-02 09:26:04.423,buffer_pool_pages_flushed,19771501,19771501,0.000000,enabled
1782984364.422,2026-07-02 09:26:04.423,buffer_pool_pages_free,1702,1702,0.000000,enabled
1782984364.422,2026-07-02 09:26:04.423,buffer_pool_pages_lru_flushed,0,0,0.000000,enabled
1782984364.422,2026-07-02 09:26:04.423,buffer_pool_pages_misc,97,97,0.000000,enabled
1782984364.422,2026-07-02 09:26:04.423,buffer_pool_pages_total,786432,786432,0.000000,enabled
1782984364.422,2026-07-02 09:26:04.423,buffer_pool_reads,55001813,55001813,28337.149182,enabled
1782984364.422,2026-07-02 09:26:04.423,buffer_pool_read_ahead,803715,803715,414.077106,enabled
1782984364.422,2026-07-02 09:26:04.423,buffer_pool_read_ahead_evicted,25,25,0.012880,enabled
1782984364.422,2026-07-02 09:26:04.423,buffer_pool_read_requests,2586983808,2586983808,1332824.167903,enabled
1782984364.422,2026-07-02 09:26:04.423,buffer_pool_size,12884901888,12884901888,0.000000,enabled
1782984364.422,2026-07-02 09:26:04.423,buffer_pool_wait_free,18945,18945,9.760538,enabled
1782984364.422,2026-07-02 09:26:04.423,buffer_pool_write_requests,565376208,565376208,291284.031574,enabled
1782984364.422,2026-07-02 09:26:04.423,dml_deletes,11434346,11434346,5891.018296,enabled
1782984364.422,2026-07-02 09:26:04.423,dml_inserts,111319744,111319744,57352.353093,enabled
1782984364.422,2026-07-02 09:26:04.423,dml_system_deletes,468,468,0.241115,enabled
1782984364.422,2026-07-02 09:26:04.423,dml_system_inserts,1202,1202,0.619275,enabled
1782984364.422,2026-07-02 09:26:04.423,dml_system_reads,7661,7661,3.946976,enabled
1782984364.422,2026-07-02 09:26:04.423,dml_system_updates,620,620,0.319426,enabled
1782984364.422,2026-07-02 09:26:04.423,dml_updates,22868804,22868804,11782.094284,enabled
1782984364.422,2026-07-02 09:26:04.423,file_num_open_files,35,35,0.000000,enabled
1782984364.422,2026-07-02 09:26:04.423,ibuf_merges,0,0,0.000000,enabled
1782984364.422,2026-07-02 09:26:04.423,ibuf_merges_delete,0,0,0.000000,enabled
1782984364.422,2026-07-02 09:26:04.423,ibuf_merges_delete_mark,0,0,0.000000,enabled
1782984364.422,2026-07-02 09:26:04.423,ibuf_merges_discard_delete,0,0,0.000000,enabled
1782984364.422,2026-07-02 09:26:04.423,ibuf_merges_discard_delete_mark,0,0,0.000000,enabled
1782984364.422,2026-07-02 09:26:04.423,ibuf_merges_discard_insert,0,0,0.000000,enabled
1782984364.422,2026-07-02 09:26:04.423,ibuf_merges_insert,0,0,0.000000,enabled
1782984364.422,2026-07-02 09:26:04.423,ibuf_size,1,1,0.000515,enabled
1782984364.422,2026-07-02 09:26:04.423,innodb_activity_count,16045572,16045572,8266.739525,enabled
1782984364.422,2026-07-02 09:26:04.423,innodb_dblwr_pages_written,19769804,19769804,10185.477885,enabled
1782984364.422,2026-07-02 09:26:04.423,innodb_dblwr_writes,394677,394677,203.339085,enabled
1782984364.422,2026-07-02 09:26:04.423,innodb_page_size,16384,16384,0.000000,enabled
1782984364.422,2026-07-02 09:26:04.423,innodb_rwlock_sx_os_waits,0,0,0.000000,enabled
1782984364.422,2026-07-02 09:26:04.423,innodb_rwlock_sx_spin_rounds,0,0,0.000000,enabled
1782984364.422,2026-07-02 09:26:04.423,innodb_rwlock_sx_spin_waits,0,0,0.000000,enabled
1782984364.422,2026-07-02 09:26:04.423,innodb_rwlock_s_os_waits,0,0,0.000000,enabled
1782984364.422,2026-07-02 09:26:04.423,innodb_rwlock_s_spin_rounds,0,0,0.000000,enabled
1782984364.422,2026-07-02 09:26:04.423,innodb_rwlock_s_spin_waits,0,0,0.000000,enabled
1782984364.422,2026-07-02 09:26:04.423,innodb_rwlock_x_os_waits,0,0,0.000000,enabled
1782984364.422,2026-07-02 09:26:04.423,innodb_rwlock_x_spin_rounds,0,0,0.000000,enabled
1782984364.422,2026-07-02 09:26:04.423,innodb_rwlock_x_spin_waits,0,0,0.000000,enabled
1782984364.422,2026-07-02 09:26:04.423,lock_deadlocks,0,0,0.000000,enabled
1782984364.422,2026-07-02 09:26:04.423,lock_deadlock_false_positives,0,0,0.000000,enabled
1782984364.422,2026-07-02 09:26:04.423,lock_deadlock_rounds,2178,2178,1.122114,enabled
1782984364.422,2026-07-02 09:26:04.423,lock_rec_grant_attempts,425,425,0.218962,enabled
1782984364.422,2026-07-02 09:26:04.423,lock_rec_release_attempts,34752575,34752575,17904.662858,enabled
1782984364.422,2026-07-02 09:26:04.423,lock_row_lock_current_waits,0,0,0.000000,enabled
1782984364.422,2026-07-02 09:26:04.423,lock_row_lock_time,323,323,0.166411,enabled
1782984364.422,2026-07-02 09:26:04.423,lock_row_lock_time_avg,0,0,0.000000,enabled
1782984364.422,2026-07-02 09:26:04.423,lock_row_lock_time_max,29,29,0.000000,enabled
1782984364.422,2026-07-02 09:26:04.423,lock_row_lock_waits,425,425,0.218962,enabled
1782984364.422,2026-07-02 09:26:04.423,lock_schedule_refreshes,2178,2178,1.122114,enabled
1782984364.422,2026-07-02 09:26:04.423,lock_threads_waiting,0,0,0.000000,enabled
1782984364.422,2026-07-02 09:26:04.423,lock_timeouts,0,0,0.000000,enabled
1782984364.422,2026-07-02 09:26:04.423,log_waits,0,0,0.000000,enabled
1782984364.422,2026-07-02 09:26:04.423,log_writes,171764230,171764230,88493.587520,enabled
1782984364.422,2026-07-02 09:26:04.423,log_write_requests,379079185,379079185,195303.044575,enabled
1782984364.422,2026-07-02 09:26:04.423,os_data_fsyncs,43327700,43327700,22322.597488,enabled
1782984364.422,2026-07-02 09:26:04.423,os_data_reads,56022890,56022890,28863.208205,enabled
1782984364.422,2026-07-02 09:26:04.423,os_data_writes,192285435,192285435,99066.194898,enabled
1782984364.422,2026-07-02 09:26:04.423,os_log_bytes_written,112215452160,112215452160,57813831.885166,enabled
1782984364.422,2026-07-02 09:26:04.423,os_log_fsyncs,38151124,38151124,19655.605572,enabled
1782984364.422,2026-07-02 09:26:04.423,os_log_pending_fsyncs,0,0,0.000000,enabled
1782984364.422,2026-07-02 09:26:04.423,os_log_pending_writes,0,0,0.000000,enabled
1782984364.422,2026-07-02 09:26:04.423,trx_rseg_history_len,1131,1131,0.000000,enabled
1782984365.491,2026-07-02 09:26:05.493,adaptive_hash_searches,0,0,0.000000,enabled
1782984365.491,2026-07-02 09:26:05.493,adaptive_hash_searches_btree,538993638,538993638,277538.204866,enabled
1782984365.491,2026-07-02 09:26:05.493,buffer_data_reads,913899506176,913899506176,470584537.502232,enabled
1782984365.491,2026-07-02 09:26:05.493,buffer_data_written,470844471296,470844471296,242446927.721856,enabled
1782984365.491,2026-07-02 09:26:05.493,buffer_pages0_read,7,7,0.003604,enabled
1782984365.491,2026-07-02 09:26:05.493,buffer_pages_created,1800715,1800715,927.223002,enabled
1782984365.491,2026-07-02 09:26:05.493,buffer_pages_read,55936907,55936907,28802.995718,enabled
1782984365.491,2026-07-02 09:26:05.493,buffer_pages_written,19844383,19844383,10218.256806,enabled
1782984365.491,2026-07-02 09:26:05.493,buffer_pool_bytes_data,12855459840,12855459840,0.000000,enabled
1782984365.491,2026-07-02 09:26:05.493,buffer_pool_bytes_dirty,4172300288,4172300288,0.000000,enabled
1782984365.491,2026-07-02 09:26:05.493,buffer_pool_pages_data,784635,784635,0.000000,enabled
1782984365.491,2026-07-02 09:26:05.493,buffer_pool_pages_dirty,254656,254656,0.000000,enabled
1782984365.491,2026-07-02 09:26:05.493,buffer_pool_pages_flushed,19787276,19787276,0.000000,enabled
1782984365.491,2026-07-02 09:26:05.493,buffer_pool_pages_free,1701,1701,0.000000,enabled
1782984365.491,2026-07-02 09:26:05.493,buffer_pool_pages_lru_flushed,0,0,0.000000,enabled
1782984365.491,2026-07-02 09:26:05.493,buffer_pool_pages_misc,96,96,0.000000,enabled
1782984365.491,2026-07-02 09:26:05.493,buffer_pool_pages_total,786432,786432,0.000000,enabled
1782984365.491,2026-07-02 09:26:05.493,buffer_pool_reads,55059891,55059891,28351.404270,enabled
1782984365.491,2026-07-02 09:26:05.493,buffer_pool_read_ahead,803715,803715,413.848415,enabled
1782984365.491,2026-07-02 09:26:05.493,buffer_pool_read_ahead_evicted,25,25,0.012873,enabled
1782984365.491,2026-07-02 09:26:05.493,buffer_pool_read_requests,2587839639,2587839639,1332528.743127,enabled
1782984365.491,2026-07-02 09:26:05.493,buffer_pool_size,12884901888,12884901888,0.000000,enabled
1782984365.491,2026-07-02 09:26:05.493,buffer_pool_wait_free,18945,18945,9.755147,enabled
1782984365.491,2026-07-02 09:26:05.493,buffer_pool_write_requests,565495437,565495437,291184.551013,enabled
1782984365.491,2026-07-02 09:26:05.493,dml_deletes,11439303,11439303,5890.317222,enabled
1782984365.491,2026-07-02 09:26:05.493,dml_inserts,111324702,111324702,57323.231158,enabled
1782984365.491,2026-07-02 09:26:05.493,dml_system_deletes,468,468,0.240982,enabled
1782984365.491,2026-07-02 09:26:05.493,dml_system_inserts,1202,1202,0.618933,enabled
1782984365.491,2026-07-02 09:26:05.493,dml_system_reads,7661,7661,3.944796,enabled
1782984365.491,2026-07-02 09:26:05.493,dml_system_updates,620,620,0.319250,enabled
1782984365.491,2026-07-02 09:26:05.493,dml_updates,22878725,22878725,11780.695708,enabled
1782984365.491,2026-07-02 09:26:05.493,file_num_open_files,35,35,0.000000,enabled
1782984365.491,2026-07-02 09:26:05.493,ibuf_merges,0,0,0.000000,enabled
1782984365.491,2026-07-02 09:26:05.493,ibuf_merges_delete,0,0,0.000000,enabled
1782984365.491,2026-07-02 09:26:05.493,ibuf_merges_delete_mark,0,0,0.000000,enabled
1782984365.491,2026-07-02 09:26:05.493,ibuf_merges_discard_delete,0,0,0.000000,enabled
1782984365.491,2026-07-02 09:26:05.493,ibuf_merges_discard_delete_mark,0,0,0.000000,enabled
1782984365.491,2026-07-02 09:26:05.493,ibuf_merges_discard_insert,0,0,0.000000,enabled
1782984365.491,2026-07-02 09:26:05.493,ibuf_merges_insert,0,0,0.000000,enabled
1782984365.491,2026-07-02 09:26:05.493,ibuf_size,1,1,0.000515,enabled
1782984365.491,2026-07-02 09:26:05.493,innodb_activity_count,16051277,16051277,8265.111534,enabled
1782984365.491,2026-07-02 09:26:05.493,innodb_dblwr_pages_written,19785638,19785638,10188.005821,enabled
1782984365.491,2026-07-02 09:26:05.493,innodb_dblwr_writes,395034,395034,203.410610,enabled
1782984365.491,2026-07-02 09:26:05.493,innodb_page_size,16384,16384,0.000000,enabled
1782984365.491,2026-07-02 09:26:05.493,innodb_rwlock_sx_os_waits,0,0,0.000000,enabled
1782984365.491,2026-07-02 09:26:05.493,innodb_rwlock_sx_spin_rounds,0,0,0.000000,enabled
1782984365.491,2026-07-02 09:26:05.493,innodb_rwlock_sx_spin_waits,0,0,0.000000,enabled
1782984365.491,2026-07-02 09:26:05.493,innodb_rwlock_s_os_waits,0,0,0.000000,enabled
1782984365.491,2026-07-02 09:26:05.493,innodb_rwlock_s_spin_rounds,0,0,0.000000,enabled
1782984365.491,2026-07-02 09:26:05.493,innodb_rwlock_s_spin_waits,0,0,0.000000,enabled
1782984365.491,2026-07-02 09:26:05.493,innodb_rwlock_x_os_waits,0,0,0.000000,enabled
1782984365.491,2026-07-02 09:26:05.493,innodb_rwlock_x_spin_rounds,0,0,0.000000,enabled
1782984365.491,2026-07-02 09:26:05.493,innodb_rwlock_x_spin_waits,0,0,0.000000,enabled
1782984365.491,2026-07-02 09:26:05.493,lock_deadlocks,0,0,0.000000,enabled
1782984365.491,2026-07-02 09:26:05.493,lock_deadlock_false_positives,0,0,0.000000,enabled
1782984365.491,2026-07-02 09:26:05.493,lock_deadlock_rounds,2179,2179,1.122009,enabled
1782984365.491,2026-07-02 09:26:05.493,lock_rec_grant_attempts,425,425,0.218841,enabled
1782984365.491,2026-07-02 09:26:05.493,lock_rec_release_attempts,34767640,34767640,17902.531443,enabled
1782984365.491,2026-07-02 09:26:05.493,lock_row_lock_current_waits,0,0,0.000000,enabled
1782984365.491,2026-07-02 09:26:05.493,lock_row_lock_time,323,323,0.166319,enabled
1782984365.491,2026-07-02 09:26:05.493,lock_row_lock_time_avg,0,0,0.000000,enabled
1782984365.491,2026-07-02 09:26:05.493,lock_row_lock_time_max,29,29,0.000000,enabled
1782984365.491,2026-07-02 09:26:05.493,lock_row_lock_waits,425,425,0.218841,enabled
1782984365.491,2026-07-02 09:26:05.493,lock_schedule_refreshes,2179,2179,1.122009,enabled
1782984365.491,2026-07-02 09:26:05.493,lock_threads_waiting,0,0,0.000000,enabled
1782984365.491,2026-07-02 09:26:05.493,lock_timeouts,0,0,0.000000,enabled
1782984365.491,2026-07-02 09:26:05.493,log_waits,0,0,0.000000,enabled
1782984365.491,2026-07-02 09:26:05.493,log_writes,171843643,171843643,88485.605657,enabled
1782984365.491,2026-07-02 09:26:05.493,log_write_requests,379164644,379164644,195239.187313,enabled
1782984365.491,2026-07-02 09:26:05.493,os_data_fsyncs,43362105,43362105,22327.985013,enabled
1782984365.491,2026-07-02 09:26:05.493,os_data_reads,56080858,56080858,28877.116540,enabled
1782984365.491,2026-07-02 09:26:05.493,os_data_writes,192380927,192380927,99060.653513,enabled
1782984365.491,2026-07-02 09:26:05.493,os_log_bytes_written,112257224192,112257224192,57803411.839507,enabled
1782984365.491,2026-07-02 09:26:05.493,os_log_fsyncs,38180556,38180556,19659.905332,enabled
1782984365.491,2026-07-02 09:26:05.493,os_log_pending_fsyncs,1,1,0.000515,enabled
1782984365.491,2026-07-02 09:26:05.493,os_log_pending_writes,0,0,0.000000,enabled
1782984365.491,2026-07-02 09:26:05.493,trx_rseg_history_len,45,45,0.000000,enabled
1782984366.564,2026-07-02 09:26:06.566,adaptive_hash_searches,0,0,0.000000,enabled
1782984366.564,2026-07-02 09:26:06.566,adaptive_hash_searches_btree,539165152,539165152,277473.210652,enabled
1782984366.564,2026-07-02 09:26:06.566,buffer_data_reads,914849237504,914849237504,470813416.563866,enabled
1782984366.564,2026-07-02 09:26:06.566,buffer_data_written,471155669504,471155669504,242473187.099739,enabled
1782984366.564,2026-07-02 09:26:06.566,buffer_pages0_read,7,7,0.003602,enabled
1782984366.564,2026-07-02 09:26:06.566,buffer_pages_created,1800753,1800753,926.730488,enabled
1782984366.564,2026-07-02 09:26:06.566,buffer_pages_read,55995047,55995047,28817.009792,enabled
1782984366.564,2026-07-02 09:26:06.566,buffer_pages_written,19860448,19860448,10220.881262,enabled
1782984366.564,2026-07-02 09:26:06.566,buffer_pool_bytes_data,12853739520,12853739520,0.000000,enabled
1782984366.564,2026-07-02 09:26:06.566,buffer_pool_bytes_dirty,4188356608,4188356608,0.000000,enabled
1782984366.564,2026-07-02 09:26:06.566,buffer_pool_pages_data,784529,784529,0.000000,enabled
1782984366.564,2026-07-02 09:26:06.566,buffer_pool_pages_dirty,255637,255637,0.000000,enabled
1782984366.564,2026-07-02 09:26:06.566,buffer_pool_pages_flushed,19803378,19803378,0.000000,enabled
1782984366.564,2026-07-02 09:26:06.566,buffer_pool_pages_free,1806,1806,0.000000,enabled
1782984366.564,2026-07-02 09:26:06.566,buffer_pool_pages_lru_flushed,0,0,0.000000,enabled
1782984366.564,2026-07-02 09:26:06.566,buffer_pool_pages_misc,97,97,0.000000,enabled
1782984366.564,2026-07-02 09:26:06.566,buffer_pool_pages_total,786432,786432,0.000000,enabled
1782984366.564,2026-07-02 09:26:06.566,buffer_pool_reads,55117970,55117970,28365.636443,enabled
1782984366.564,2026-07-02 09:26:06.566,buffer_pool_read_ahead,803715,803715,413.619863,enabled
1782984366.564,2026-07-02 09:26:06.566,buffer_pool_read_ahead_evicted,25,25,0.012866,enabled
1782984366.564,2026-07-02 09:26:06.566,buffer_pool_read_requests,2588689398,2588689398,1332230.157422,enabled
1782984366.564,2026-07-02 09:26:06.566,buffer_pool_size,12884901888,12884901888,0.000000,enabled
1782984366.564,2026-07-02 09:26:06.566,buffer_pool_wait_free,18945,18945,9.749760,enabled
1782984366.564,2026-07-02 09:26:06.566,buffer_pool_write_requests,565611919,565611919,291083.687282,enabled
1782984366.564,2026-07-02 09:26:06.566,dml_deletes,11444256,11444256,5889.613514,enabled
1782984366.564,2026-07-02 09:26:06.566,dml_inserts,111329654,111329654,57294.125133,enabled
1782984366.564,2026-07-02 09:26:06.566,dml_system_deletes,468,468,0.240849,enabled
1782984366.564,2026-07-02 09:26:06.566,dml_system_inserts,1202,1202,0.618591,enabled
1782984366.564,2026-07-02 09:26:06.566,dml_system_reads,7661,7661,3.942618,enabled
1782984366.564,2026-07-02 09:26:06.566,dml_system_updates,620,620,0.319074,enabled
1782984366.564,2026-07-02 09:26:06.566,dml_updates,22888632,22888632,11779.288772,enabled
1782984366.564,2026-07-02 09:26:06.566,file_num_open_files,35,35,0.000000,enabled
1782984366.564,2026-07-02 09:26:06.566,ibuf_merges,0,0,0.000000,enabled
1782984366.564,2026-07-02 09:26:06.566,ibuf_merges_delete,0,0,0.000000,enabled
1782984366.564,2026-07-02 09:26:06.566,ibuf_merges_delete_mark,0,0,0.000000,enabled
1782984366.564,2026-07-02 09:26:06.566,ibuf_merges_discard_delete,0,0,0.000000,enabled
1782984366.564,2026-07-02 09:26:06.566,ibuf_merges_discard_delete_mark,0,0,0.000000,enabled
1782984366.564,2026-07-02 09:26:06.566,ibuf_merges_discard_insert,0,0,0.000000,enabled
1782984366.564,2026-07-02 09:26:06.566,ibuf_merges_insert,0,0,0.000000,enabled
1782984366.564,2026-07-02 09:26:06.566,ibuf_size,1,1,0.000515,enabled
1782984366.564,2026-07-02 09:26:06.566,innodb_activity_count,16056972,16056972,8263.478272,enabled
1782984366.564,2026-07-02 09:26:06.566,innodb_dblwr_pages_written,19801681,19801681,10190.636168,enabled
1782984366.564,2026-07-02 09:26:06.566,innodb_dblwr_writes,395428,395428,203.501050,enabled
1782984366.564,2026-07-02 09:26:06.566,innodb_page_size,16384,16384,0.000000,enabled
1782984366.564,2026-07-02 09:26:06.566,innodb_rwlock_sx_os_waits,0,0,0.000000,enabled
1782984366.564,2026-07-02 09:26:06.566,innodb_rwlock_sx_spin_rounds,0,0,0.000000,enabled
1782984366.564,2026-07-02 09:26:06.566,innodb_rwlock_sx_spin_waits,0,0,0.000000,enabled
1782984366.564,2026-07-02 09:26:06.566,innodb_rwlock_s_os_waits,0,0,0.000000,enabled
1782984366.564,2026-07-02 09:26:06.566,innodb_rwlock_s_spin_rounds,0,0,0.000000,enabled
1782984366.564,2026-07-02 09:26:06.566,innodb_rwlock_s_spin_waits,0,0,0.000000,enabled
1782984366.564,2026-07-02 09:26:06.566,innodb_rwlock_x_os_waits,0,0,0.000000,enabled
1782984366.564,2026-07-02 09:26:06.566,innodb_rwlock_x_spin_rounds,0,0,0.000000,enabled
1782984366.564,2026-07-02 09:26:06.566,innodb_rwlock_x_spin_waits,0,0,0.000000,enabled
1782984366.564,2026-07-02 09:26:06.566,lock_deadlocks,0,0,0.000000,enabled
1782984366.564,2026-07-02 09:26:06.566,lock_deadlock_false_positives,0,0,0.000000,enabled
1782984366.564,2026-07-02 09:26:06.566,lock_deadlock_rounds,2180,2180,1.121904,enabled
1782984366.564,2026-07-02 09:26:06.566,lock_rec_grant_attempts,425,425,0.218720,enabled
1782984366.564,2026-07-02 09:26:06.566,lock_rec_release_attempts,34782688,34782688,17900.388917,enabled
1782984366.564,2026-07-02 09:26:06.566,lock_row_lock_current_waits,0,0,0.000000,enabled
1782984366.564,2026-07-02 09:26:06.566,lock_row_lock_time,323,323,0.166227,enabled
1782984366.564,2026-07-02 09:26:06.566,lock_row_lock_time_avg,0,0,0.000000,enabled
1782984366.564,2026-07-02 09:26:06.566,lock_row_lock_time_max,29,29,0.000000,enabled
1782984366.564,2026-07-02 09:26:06.566,lock_row_lock_waits,425,425,0.218720,enabled
1782984366.564,2026-07-02 09:26:06.566,lock_schedule_refreshes,2180,2180,1.121904,enabled
1782984366.564,2026-07-02 09:26:06.566,lock_threads_waiting,0,0,0.000000,enabled
1782984366.564,2026-07-02 09:26:06.566,lock_timeouts,0,0,0.000000,enabled
1782984366.564,2026-07-02 09:26:06.566,log_waits,0,0,0.000000,enabled
1782984366.564,2026-07-02 09:26:06.566,log_writes,171923122,171923122,88477.643676,enabled
1782984366.564,2026-07-02 09:26:06.566,log_write_requests,379248643,379248643,195174.598594,enabled
1782984366.564,2026-07-02 09:26:06.566,os_data_fsyncs,43397251,43397251,22333.741892,enabled
1782984366.564,2026-07-02 09:26:06.566,os_data_reads,56138824,56138824,28891.000663,enabled
1782984366.564,2026-07-02 09:26:06.566,os_data_writes,192476732,192476732,99055.252525,enabled
1782984366.564,2026-07-02 09:26:06.566,os_log_bytes_written,112298900480,112298900480,57792938.397372,enabled
1782984366.564,2026-07-02 09:26:06.566,os_log_fsyncs,38210578,38210578,19664.498666,enabled
1782984366.564,2026-07-02 09:26:06.566,os_log_pending_fsyncs,1,1,0.000515,enabled
1782984366.564,2026-07-02 09:26:06.566,os_log_pending_writes,0,0,0.000000,enabled
1782984366.564,2026-07-02 09:26:06.566,trx_rseg_history_len,189,189,0.000000,enabled
1782984367.637,2026-07-02 09:26:07.638,adaptive_hash_searches,0,0,0.000000,enabled
1782984367.637,2026-07-02 09:26:07.638,adaptive_hash_searches_btree,539334814,539334814,277408.099577,enabled
1782984367.637,2026-07-02 09:26:07.638,buffer_data_reads,915792824832,915792824832,471040213.790025,enabled
1782984367.637,2026-07-02 09:26:07.638,buffer_data_written,471467861504,471467861504,242500613.748506,enabled
1782984367.637,2026-07-02 09:26:07.638,buffer_pages0_read,7,7,0.003600,enabled
1782984367.637,2026-07-02 09:26:07.638,buffer_pages_created,1800801,1800801,926.246279,enabled
1782984367.637,2026-07-02 09:26:07.638,buffer_pages_read,56052822,56052822,28830.902147,enabled
1782984367.637,2026-07-02 09:26:07.638,buffer_pages_written,19876583,19876583,10223.567723,enabled
1782984367.637,2026-07-02 09:26:07.638,buffer_pool_bytes_data,12847710208,12847710208,0.000000,enabled
1782984367.637,2026-07-02 09:26:07.638,buffer_pool_bytes_dirty,4205559808,4205559808,0.000000,enabled
1782984367.637,2026-07-02 09:26:07.638,buffer_pool_pages_data,784162,784162,0.000000,enabled
1782984367.637,2026-07-02 09:26:07.638,buffer_pool_pages_dirty,256687,256687,0.000000,enabled
1782984367.637,2026-07-02 09:26:07.638,buffer_pool_pages_flushed,19819513,19819513,0.000000,enabled
1782984367.637,2026-07-02 09:26:07.638,buffer_pool_pages_free,2173,2173,0.000000,enabled
1782984367.637,2026-07-02 09:26:07.638,buffer_pool_pages_lru_flushed,0,0,0.000000,enabled
1782984367.637,2026-07-02 09:26:07.638,buffer_pool_pages_misc,96,96,0.000000,enabled
1782984367.637,2026-07-02 09:26:07.638,buffer_pool_pages_total,786432,786432,0.000000,enabled
1782984367.637,2026-07-02 09:26:07.638,buffer_pool_reads,55175688,55175688,28379.747321,enabled
1782984367.637,2026-07-02 09:26:07.638,buffer_pool_read_ahead,803715,803715,413.392731,enabled
1782984367.637,2026-07-02 09:26:07.638,buffer_pool_read_ahead_evicted,25,25,0.012859,enabled
1782984367.637,2026-07-02 09:26:07.638,buffer_pool_read_requests,2589530946,2589530946,1331931.439066,enabled
1782984367.637,2026-07-02 09:26:07.638,buffer_pool_size,12884901888,12884901888,0.000000,enabled
1782984367.637,2026-07-02 09:26:07.638,buffer_pool_wait_free,18945,18945,9.744406,enabled
1782984367.637,2026-07-02 09:26:07.638,buffer_pool_write_requests,565726835,565726835,290982.951187,enabled
1782984367.637,2026-07-02 09:26:07.638,dml_deletes,11449155,11449155,5888.898971,enabled
1782984367.637,2026-07-02 09:26:07.638,dml_inserts,111334554,111334554,57265.181676,enabled
1782984367.637,2026-07-02 09:26:07.638,dml_system_deletes,468,468,0.240717,enabled
1782984367.637,2026-07-02 09:26:07.638,dml_system_inserts,1202,1202,0.618251,enabled
1782984367.637,2026-07-02 09:26:07.638,dml_system_reads,7661,7661,3.940453,enabled
1782984367.637,2026-07-02 09:26:07.638,dml_system_updates,620,620,0.318898,enabled
1782984367.637,2026-07-02 09:26:07.638,dml_updates,22898425,22898425,11777.857080,enabled
1782984367.637,2026-07-02 09:26:07.638,file_num_open_files,35,35,0.000000,enabled
1782984367.637,2026-07-02 09:26:07.638,ibuf_merges,0,0,0.000000,enabled
1782984367.637,2026-07-02 09:26:07.638,ibuf_merges_delete,0,0,0.000000,enabled
1782984367.637,2026-07-02 09:26:07.638,ibuf_merges_delete_mark,0,0,0.000000,enabled
1782984367.637,2026-07-02 09:26:07.638,ibuf_merges_discard_delete,0,0,0.000000,enabled
1782984367.637,2026-07-02 09:26:07.638,ibuf_merges_discard_delete_mark,0,0,0.000000,enabled
1782984367.637,2026-07-02 09:26:07.638,ibuf_merges_discard_insert,0,0,0.000000,enabled
1782984367.637,2026-07-02 09:26:07.638,ibuf_merges_insert,0,0,0.000000,enabled
1782984367.637,2026-07-02 09:26:07.638,ibuf_size,1,1,0.000514,enabled
1782984367.637,2026-07-02 09:26:07.638,innodb_activity_count,16062601,16062601,8261.835587,enabled
1782984367.637,2026-07-02 09:26:07.638,innodb_dblwr_pages_written,19817816,19817816,10193.338936,enabled
1782984367.637,2026-07-02 09:26:07.638,innodb_dblwr_writes,395808,395808,203.584749,enabled
1782984367.637,2026-07-02 09:26:07.638,innodb_page_size,16384,16384,0.000000,enabled
1782984367.637,2026-07-02 09:26:07.638,innodb_rwlock_sx_os_waits,0,0,0.000000,enabled
1782984367.637,2026-07-02 09:26:07.638,innodb_rwlock_sx_spin_rounds,0,0,0.000000,enabled
1782984367.637,2026-07-02 09:26:07.638,innodb_rwlock_sx_spin_waits,0,0,0.000000,enabled
1782984367.637,2026-07-02 09:26:07.638,innodb_rwlock_s_os_waits,0,0,0.000000,enabled
1782984367.637,2026-07-02 09:26:07.638,innodb_rwlock_s_spin_rounds,0,0,0.000000,enabled
1782984367.637,2026-07-02 09:26:07.638,innodb_rwlock_s_spin_waits,0,0,0.000000,enabled
1782984367.637,2026-07-02 09:26:07.638,innodb_rwlock_x_os_waits,0,0,0.000000,enabled
1782984367.637,2026-07-02 09:26:07.638,innodb_rwlock_x_spin_rounds,0,0,0.000000,enabled
1782984367.637,2026-07-02 09:26:07.638,innodb_rwlock_x_spin_waits,0,0,0.000000,enabled
1782984367.637,2026-07-02 09:26:07.638,lock_deadlocks,0,0,0.000000,enabled
1782984367.637,2026-07-02 09:26:07.638,lock_deadlock_false_positives,0,0,0.000000,enabled
1782984367.637,2026-07-02 09:26:07.638,lock_deadlock_rounds,2181,2181,1.121803,enabled
1782984367.637,2026-07-02 09:26:07.638,lock_rec_grant_attempts,425,425,0.218600,enabled
1782984367.637,2026-07-02 09:26:07.638,lock_rec_release_attempts,34797583,34797583,17898.220438,enabled
1782984367.637,2026-07-02 09:26:07.638,lock_row_lock_current_waits,0,0,0.000000,enabled
1782984367.637,2026-07-02 09:26:07.638,lock_row_lock_time,323,323,0.166136,enabled
1782984367.637,2026-07-02 09:26:07.638,lock_row_lock_time_avg,0,0,0.000000,enabled
1782984367.637,2026-07-02 09:26:07.638,lock_row_lock_time_max,29,29,0.000000,enabled
1782984367.637,2026-07-02 09:26:07.638,lock_row_lock_waits,425,425,0.218600,enabled
1782984367.637,2026-07-02 09:26:07.638,lock_schedule_refreshes,2181,2181,1.121803,enabled
1782984367.637,2026-07-02 09:26:07.638,lock_threads_waiting,0,0,0.000000,enabled
1782984367.637,2026-07-02 09:26:07.638,lock_timeouts,0,0,0.000000,enabled
1782984367.637,2026-07-02 09:26:07.638,log_waits,0,0,0.000000,enabled
1782984367.637,2026-07-02 09:26:07.638,log_writes,172002084,172002084,88469.670375,enabled
1782984367.637,2026-07-02 09:26:07.638,log_write_requests,379331842,379331842,195110.211863,enabled
1782984367.637,2026-07-02 09:26:07.638,os_data_fsyncs,43431749,43431749,22339.221512,enabled
1782984367.637,2026-07-02 09:26:07.638,os_data_reads,56196433,56196433,28904.766583,enabled
1782984367.637,2026-07-02 09:26:07.638,os_data_writes,192572105,192572105,99049.911942,enabled
1782984367.637,2026-07-02 09:26:07.638,os_log_bytes_written,112340413952,112340413952,57782554.092635,enabled
1782984367.637,2026-07-02 09:26:07.638,os_log_fsyncs,38240111,38240111,19668.890318,enabled
1782984367.637,2026-07-02 09:26:07.638,os_log_pending_fsyncs,0,0,0.000000,enabled
1782984367.637,2026-07-02 09:26:07.638,os_log_pending_writes,0,0,0.000000,enabled
1782984367.637,2026-07-02 09:26:07.638,trx_rseg_history_len,272,272,0.000000,enabled
1782984368.704,2026-07-02 09:26:08.706,adaptive_hash_searches,0,0,0.000000,enabled
1782984368.704,2026-07-02 09:26:08.706,adaptive_hash_searches_btree,539506537,539506537,277343.567919,enabled
1782984368.704,2026-07-02 09:26:08.706,buffer_data_reads,916736952832,916736952832,471266093.681196,enabled
1782984368.704,2026-07-02 09:26:08.706,buffer_data_written,471774726144,471774726144,242524784.684494,enabled
1782984368.704,2026-07-02 09:26:08.706,buffer_pages0_read,7,7,0.003598,enabled
1782984368.704,2026-07-02 09:26:08.706,buffer_pages_created,1800842,1800842,925.757144,enabled
1782984368.704,2026-07-02 09:26:08.706,buffer_pages_read,56110623,56110623,28844.734678,enabled
1782984368.704,2026-07-02 09:26:08.706,buffer_pages_written,19892326,19892326,10226.029177,enabled
1782984368.704,2026-07-02 09:26:08.706,buffer_pool_bytes_data,12858621952,12858621952,0.000000,enabled
1782984368.704,2026-07-02 09:26:08.706,buffer_pool_bytes_dirty,4232839168,4232839168,0.000000,enabled
1782984368.704,2026-07-02 09:26:08.706,buffer_pool_pages_data,784828,784828,0.000000,enabled
1782984368.704,2026-07-02 09:26:08.706,buffer_pool_pages_dirty,258352,258352,0.000000,enabled
1782984368.704,2026-07-02 09:26:08.706,buffer_pool_pages_flushed,19835256,19835256,0.000000,enabled
1782984368.704,2026-07-02 09:26:08.706,buffer_pool_pages_free,1507,1507,0.000000,enabled
1782984368.704,2026-07-02 09:26:08.706,buffer_pool_pages_lru_flushed,0,0,0.000000,enabled
1782984368.704,2026-07-02 09:26:08.706,buffer_pool_pages_misc,97,97,0.000000,enabled
1782984368.704,2026-07-02 09:26:08.706,buffer_pool_pages_total,786432,786432,0.000000,enabled
1782984368.704,2026-07-02 09:26:08.706,buffer_pool_reads,55233434,55233434,28393.800098,enabled
1782984368.704,2026-07-02 09:26:08.706,buffer_pool_read_ahead,803715,803715,413.165019,enabled
1782984368.704,2026-07-02 09:26:08.706,buffer_pool_read_ahead_evicted,25,25,0.012852,enabled
1782984368.704,2026-07-02 09:26:08.706,buffer_pool_read_requests,2590381404,2590381404,1331634.954042,enabled
1782984368.704,2026-07-02 09:26:08.706,buffer_pool_size,12884901888,12884901888,0.000000,enabled
1782984368.704,2026-07-02 09:26:08.706,buffer_pool_wait_free,18945,18945,9.739038,enabled
1782984368.704,2026-07-02 09:26:08.706,buffer_pool_write_requests,565843332,565843332,290882.554041,enabled
1782984368.704,2026-07-02 09:26:08.706,dml_deletes,11454105,11454105,5888.199709,enabled
1782984368.704,2026-07-02 09:26:08.706,dml_inserts,111339504,111339504,57236.181769,enabled
1782984368.704,2026-07-02 09:26:08.706,dml_system_deletes,468,468,0.240584,enabled
1782984368.704,2026-07-02 09:26:08.706,dml_system_inserts,1202,1202,0.617911,enabled
1782984368.704,2026-07-02 09:26:08.706,dml_system_reads,7661,7661,3.938282,enabled
1782984368.704,2026-07-02 09:26:08.706,dml_system_updates,620,620,0.318723,enabled
1782984368.704,2026-07-02 09:26:08.706,dml_updates,22908322,22908322,11776.456983,enabled
1782984368.704,2026-07-02 09:26:08.706,file_num_open_files,35,35,0.000000,enabled
1782984368.704,2026-07-02 09:26:08.706,ibuf_merges,0,0,0.000000,enabled
1782984368.704,2026-07-02 09:26:08.706,ibuf_merges_delete,0,0,0.000000,enabled
1782984368.704,2026-07-02 09:26:08.706,ibuf_merges_delete_mark,0,0,0.000000,enabled
1782984368.704,2026-07-02 09:26:08.706,ibuf_merges_discard_delete,0,0,0.000000,enabled
1782984368.704,2026-07-02 09:26:08.706,ibuf_merges_discard_delete_mark,0,0,0.000000,enabled
1782984368.704,2026-07-02 09:26:08.706,ibuf_merges_discard_insert,0,0,0.000000,enabled
1782984368.704,2026-07-02 09:26:08.706,ibuf_merges_insert,0,0,0.000000,enabled
1782984368.704,2026-07-02 09:26:08.706,ibuf_size,1,1,0.000514,enabled
1782984368.704,2026-07-02 09:26:08.706,innodb_activity_count,16068283,16068283,8260.205498,enabled
1782984368.704,2026-07-02 09:26:08.706,innodb_dblwr_pages_written,19833559,19833559,10195.816926,enabled
1782984368.704,2026-07-02 09:26:08.706,innodb_dblwr_writes,396179,396179,203.663324,enabled
1782984368.704,2026-07-02 09:26:08.706,innodb_page_size,16384,16384,0.000000,enabled
1782984368.704,2026-07-02 09:26:08.706,innodb_rwlock_sx_os_waits,0,0,0.000000,enabled
1782984368.704,2026-07-02 09:26:08.706,innodb_rwlock_sx_spin_rounds,0,0,0.000000,enabled
1782984368.704,2026-07-02 09:26:08.706,innodb_rwlock_sx_spin_waits,0,0,0.000000,enabled
1782984368.704,2026-07-02 09:26:08.706,innodb_rwlock_s_os_waits,0,0,0.000000,enabled
1782984368.704,2026-07-02 09:26:08.706,innodb_rwlock_s_spin_rounds,0,0,0.000000,enabled
1782984368.704,2026-07-02 09:26:08.706,innodb_rwlock_s_spin_waits,0,0,0.000000,enabled
1782984368.704,2026-07-02 09:26:08.706,innodb_rwlock_x_os_waits,0,0,0.000000,enabled
1782984368.704,2026-07-02 09:26:08.706,innodb_rwlock_x_spin_rounds,0,0,0.000000,enabled
1782984368.704,2026-07-02 09:26:08.706,innodb_rwlock_x_spin_waits,0,0,0.000000,enabled
1782984368.704,2026-07-02 09:26:08.706,lock_deadlocks,0,0,0.000000,enabled
1782984368.704,2026-07-02 09:26:08.706,lock_deadlock_false_positives,0,0,0.000000,enabled
1782984368.704,2026-07-02 09:26:08.706,lock_deadlock_rounds,2182,2182,1.121699,enabled
1782984368.704,2026-07-02 09:26:08.706,lock_rec_grant_attempts,425,425,0.218479,enabled
1782984368.704,2026-07-02 09:26:08.706,lock_rec_release_attempts,34812632,34812632,17896.097659,enabled
1782984368.704,2026-07-02 09:26:08.706,lock_row_lock_current_waits,0,0,0.000000,enabled
1782984368.704,2026-07-02 09:26:08.706,lock_row_lock_time,323,323,0.166044,enabled
1782984368.704,2026-07-02 09:26:08.706,lock_row_lock_time_avg,0,0,0.000000,enabled
1782984368.704,2026-07-02 09:26:08.706,lock_row_lock_time_max,29,29,0.000000,enabled
1782984368.704,2026-07-02 09:26:08.706,lock_row_lock_waits,425,425,0.218479,enabled
1782984368.704,2026-07-02 09:26:08.706,lock_schedule_refreshes,2182,2182,1.121699,enabled
1782984368.704,2026-07-02 09:26:08.706,lock_threads_waiting,0,0,0.000000,enabled
1782984368.704,2026-07-02 09:26:08.706,lock_timeouts,0,0,0.000000,enabled
1782984368.704,2026-07-02 09:26:08.706,log_waits,0,0,0.000000,enabled
1782984368.704,2026-07-02 09:26:08.706,log_writes,172083122,172083122,88462.596416,enabled
1782984368.704,2026-07-02 09:26:08.706,log_write_requests,379415959,379415959,195045.978318,enabled
1782984368.704,2026-07-02 09:26:08.706,os_data_fsyncs,43466836,43466836,22344.953285,enabled
1782984368.704,2026-07-02 09:26:08.706,os_data_reads,56254078,56254078,28918.478148,enabled
1782984368.704,2026-07-02 09:26:08.706,os_data_writes,192669144,192669144,99045.235901,enabled
1782984368.704,2026-07-02 09:26:08.706,os_log_bytes_written,112383048192,112383048192,57772641.986294,enabled
1782984368.704,2026-07-02 09:26:08.706,os_log_fsyncs,38270335,38270335,19673.593091,enabled
1782984368.704,2026-07-02 09:26:08.706,os_log_pending_fsyncs,1,1,0.000514,enabled
1782984368.704,2026-07-02 09:26:08.706,os_log_pending_writes,0,0,0.000000,enabled
1782984368.704,2026-07-02 09:26:08.706,trx_rseg_history_len,358,358,0.000000,enabled
1782984369.777,2026-07-02 09:26:09.778,adaptive_hash_searches,0,0,0.000000,enabled
1782984369.777,2026-07-02 09:26:09.778,adaptive_hash_searches_btree,539678121,539678121,277279.158354,enabled
1782984369.777,2026-07-02 09:26:09.778,buffer_data_reads,917686094336,917686094336,471494500.890998,enabled
1782984369.777,2026-07-02 09:26:09.778,buffer_data_written,472078009856,472078009856,242547192.122178,enabled
1782984369.777,2026-07-02 09:26:09.778,buffer_pages0_read,7,7,0.003597,enabled
1782984369.777,2026-07-02 09:26:09.778,buffer_pages_created,1800871,1800871,925.262775,enabled
1782984369.777,2026-07-02 09:26:09.778,buffer_pages_read,56168725,56168725,28858.718883,enabled
1782984369.777,2026-07-02 09:26:09.778,buffer_pages_written,19907888,19907888,10228.399267,enabled
1782984369.777,2026-07-02 09:26:09.778,buffer_pool_bytes_data,12851904512,12851904512,0.000000,enabled
1782984369.777,2026-07-02 09:26:09.778,buffer_pool_bytes_dirty,4264804352,4264804352,0.000000,enabled
1782984369.777,2026-07-02 09:26:09.778,buffer_pool_pages_data,784418,784418,0.000000,enabled
1782984369.777,2026-07-02 09:26:09.778,buffer_pool_pages_dirty,260303,260303,0.000000,enabled
1782984369.777,2026-07-02 09:26:09.778,buffer_pool_pages_flushed,19850818,19850818,0.000000,enabled
1782984369.777,2026-07-02 09:26:09.778,buffer_pool_pages_free,1916,1916,0.000000,enabled
1782984369.777,2026-07-02 09:26:09.778,buffer_pool_pages_lru_flushed,0,0,0.000000,enabled
1782984369.777,2026-07-02 09:26:09.778,buffer_pool_pages_misc,97,97,0.000000,enabled
1782984369.777,2026-07-02 09:26:09.778,buffer_pool_pages_total,786432,786432,0.000000,enabled
1782984369.777,2026-07-02 09:26:09.778,buffer_pool_reads,55291480,55291480,28408.003584,enabled
1782984369.777,2026-07-02 09:26:09.778,buffer_pool_read_ahead,803715,803715,412.937732,enabled
1782984369.777,2026-07-02 09:26:09.778,buffer_pool_read_ahead_evicted,25,25,0.012845,enabled
1782984369.777,2026-07-02 09:26:09.778,buffer_pool_read_requests,2591231698,2591231698,1331339.276266,enabled
1782984369.777,2026-07-02 09:26:09.778,buffer_pool_size,12884901888,12884901888,0.000000,enabled
1782984369.777,2026-07-02 09:26:09.778,buffer_pool_wait_free,18945,18945,9.733681,enabled
1782984369.777,2026-07-02 09:26:09.778,buffer_pool_write_requests,565959448,565959448,290782.195108,enabled
1782984369.777,2026-07-02 09:26:09.778,dml_deletes,11459056,11459056,5887.504353,enabled
1782984369.777,2026-07-02 09:26:09.778,dml_inserts,111344455,111344455,57207.239784,enabled
1782984369.777,2026-07-02 09:26:09.778,dml_system_deletes,468,468,0.240452,enabled
1782984369.777,2026-07-02 09:26:09.778,dml_system_inserts,1202,1202,0.617571,enabled
1782984369.777,2026-07-02 09:26:09.778,dml_system_reads,7661,7661,3.936116,enabled
1782984369.777,2026-07-02 09:26:09.778,dml_system_updates,620,620,0.318547,enabled
1782984369.777,2026-07-02 09:26:09.778,dml_updates,22918227,22918227,11775.067776,enabled
1782984369.777,2026-07-02 09:26:09.778,file_num_open_files,35,35,0.000000,enabled
1782984369.777,2026-07-02 09:26:09.778,ibuf_merges,0,0,0.000000,enabled
1782984369.777,2026-07-02 09:26:09.778,ibuf_merges_delete,0,0,0.000000,enabled
1782984369.777,2026-07-02 09:26:09.778,ibuf_merges_delete_mark,0,0,0.000000,enabled
1782984369.777,2026-07-02 09:26:09.778,ibuf_merges_discard_delete,0,0,0.000000,enabled
1782984369.777,2026-07-02 09:26:09.778,ibuf_merges_discard_delete_mark,0,0,0.000000,enabled
1782984369.777,2026-07-02 09:26:09.778,ibuf_merges_discard_insert,0,0,0.000000,enabled
1782984369.777,2026-07-02 09:26:09.778,ibuf_merges_insert,0,0,0.000000,enabled
1782984369.777,2026-07-02 09:26:09.778,ibuf_size,1,1,0.000514,enabled
1782984369.777,2026-07-02 09:26:09.778,innodb_activity_count,16073973,16073973,8258.585002,enabled
1782984369.777,2026-07-02 09:26:09.778,innodb_dblwr_pages_written,19849121,19849121,10198.203740,enabled
1782984369.777,2026-07-02 09:26:09.778,innodb_dblwr_writes,396561,396561,203.747555,enabled
1782984369.777,2026-07-02 09:26:09.778,innodb_page_size,16384,16384,0.000000,enabled
1782984369.777,2026-07-02 09:26:09.778,innodb_rwlock_sx_os_waits,0,0,0.000000,enabled
1782984369.777,2026-07-02 09:26:09.778,innodb_rwlock_sx_spin_rounds,0,0,0.000000,enabled
1782984369.777,2026-07-02 09:26:09.778,innodb_rwlock_sx_spin_waits,0,0,0.000000,enabled
1782984369.777,2026-07-02 09:26:09.778,innodb_rwlock_s_os_waits,0,0,0.000000,enabled
1782984369.777,2026-07-02 09:26:09.778,innodb_rwlock_s_spin_rounds,0,0,0.000000,enabled
1782984369.777,2026-07-02 09:26:09.778,innodb_rwlock_s_spin_waits,0,0,0.000000,enabled
1782984369.777,2026-07-02 09:26:09.778,innodb_rwlock_x_os_waits,0,0,0.000000,enabled
1782984369.777,2026-07-02 09:26:09.778,innodb_rwlock_x_spin_rounds,0,0,0.000000,enabled
1782984369.777,2026-07-02 09:26:09.778,innodb_rwlock_x_spin_waits,0,0,0.000000,enabled
1782984369.777,2026-07-02 09:26:09.778,lock_deadlocks,0,0,0.000000,enabled
1782984369.777,2026-07-02 09:26:09.778,lock_deadlock_false_positives,0,0,0.000000,enabled
1782984369.777,2026-07-02 09:26:09.778,lock_deadlock_rounds,2183,2183,1.121595,enabled
1782984369.777,2026-07-02 09:26:09.778,lock_rec_grant_attempts,425,425,0.218359,enabled
1782984369.777,2026-07-02 09:26:09.778,lock_rec_release_attempts,34827688,34827688,17893.988347,enabled
1782984369.777,2026-07-02 09:26:09.778,lock_row_lock_current_waits,0,0,0.000000,enabled
1782984369.777,2026-07-02 09:26:09.778,lock_row_lock_time,323,323,0.165953,enabled
1782984369.777,2026-07-02 09:26:09.778,lock_row_lock_time_avg,0,0,0.000000,enabled
1782984369.777,2026-07-02 09:26:09.778,lock_row_lock_time_max,29,29,0.000000,enabled
1782984369.777,2026-07-02 09:26:09.778,lock_row_lock_waits,425,425,0.218359,enabled
1782984369.777,2026-07-02 09:26:09.778,lock_schedule_refreshes,2183,2183,1.121595,enabled
1782984369.777,2026-07-02 09:26:09.778,lock_threads_waiting,0,0,0.000000,enabled
1782984369.777,2026-07-02 09:26:09.778,lock_timeouts,0,0,0.000000,enabled
1782984369.777,2026-07-02 09:26:09.778,log_waits,0,0,0.000000,enabled
1782984369.777,2026-07-02 09:26:09.778,log_writes,172163560,172163560,88455.260646,enabled
1782984369.777,2026-07-02 09:26:09.778,log_write_requests,379500040,379500040,194981.882233,enabled
1782984369.777,2026-07-02 09:26:09.778,os_data_fsyncs,43501593,43501593,22350.518788,enabled
1782984369.777,2026-07-02 09:26:09.778,os_data_reads,56312002,56312002,28932.330379,enabled
1782984369.777,2026-07-02 09:26:09.778,os_data_writes,192765428,192765428,99040.219604,enabled
1782984369.777,2026-07-02 09:26:09.778,os_log_bytes_written,112425091072,112425091072,57762461.834182,enabled
1782984369.777,2026-07-02 09:26:09.778,os_log_fsyncs,38300085,38300085,19678.055626,enabled
1782984369.777,2026-07-02 09:26:09.778,os_log_pending_fsyncs,1,1,0.000514,enabled
1782984369.777,2026-07-02 09:26:09.778,os_log_pending_writes,1,1,0.000514,enabled
1782984369.777,2026-07-02 09:26:09.778,trx_rseg_history_len,457,457,0.000000,enabled
1782984370.846,2026-07-02 09:26:10.848,adaptive_hash_searches,0,0,0.000000,enabled
1782984370.846,2026-07-02 09:26:10.848,adaptive_hash_searches_btree,539850921,539850921,277215.200350,enabled
1782984370.846,2026-07-02 09:26:10.848,buffer_data_reads,918634678784,918634678784,471721951.119893,enabled
1782984370.846,2026-07-02 09:26:10.848,buffer_data_written,472385386496,472385386496,242571460.853776,enabled
1782984370.846,2026-07-02 09:26:10.848,buffer_pages0_read,7,7,0.003595,enabled
1782984370.846,2026-07-02 09:26:10.848,buffer_pages_created,1800908,1800908,924.772234,enabled
1782984370.846,2026-07-02 09:26:10.848,buffer_pages_read,56226803,56226803,28872.649689,enabled
1782984370.846,2026-07-02 09:26:10.848,buffer_pages_written,19923640,19923640,10230.855216,enabled
1782984370.846,2026-07-02 09:26:10.848,buffer_pool_bytes_data,12854067200,12854067200,0.000000,enabled
1782984370.846,2026-07-02 09:26:10.848,buffer_pool_bytes_dirty,4292952064,4292952064,0.000000,enabled
1782984370.846,2026-07-02 09:26:10.848,buffer_pool_pages_data,784550,784550,0.000000,enabled
1782984370.846,2026-07-02 09:26:10.848,buffer_pool_pages_dirty,262021,262021,0.000000,enabled
1782984370.846,2026-07-02 09:26:10.848,buffer_pool_pages_flushed,19866570,19866570,0.000000,enabled
1782984370.846,2026-07-02 09:26:10.848,buffer_pool_pages_free,1786,1786,0.000000,enabled
1782984370.846,2026-07-02 09:26:10.848,buffer_pool_pages_lru_flushed,0,0,0.000000,enabled
1782984370.846,2026-07-02 09:26:10.848,buffer_pool_pages_misc,97,97,0.000000,enabled
1782984370.846,2026-07-02 09:26:10.848,buffer_pool_pages_total,786432,786432,0.000000,enabled
1782984370.846,2026-07-02 09:26:10.848,buffer_pool_reads,55349498,55349498,28422.151806,enabled
1782984370.846,2026-07-02 09:26:10.848,buffer_pool_read_ahead,803715,803715,412.710328,enabled
1782984370.846,2026-07-02 09:26:10.848,buffer_pool_read_ahead_evicted,25,25,0.012838,enabled
1782984370.846,2026-07-02 09:26:10.848,buffer_pool_read_requests,2592087428,2592087428,1331045.530983,enabled
1782984370.846,2026-07-02 09:26:10.848,buffer_pool_size,12884901888,12884901888,0.000000,enabled
1782984370.846,2026-07-02 09:26:10.848,buffer_pool_wait_free,18945,18945,9.728321,enabled
1782984370.846,2026-07-02 09:26:10.848,buffer_pool_write_requests,566077098,566077098,290682.475707,enabled
1782984370.846,2026-07-02 09:26:10.848,dml_deletes,11464042,11464042,5886.822596,enabled
1782984370.846,2026-07-02 09:26:10.848,dml_inserts,111349440,111349440,57178.297165,enabled
1782984370.846,2026-07-02 09:26:10.848,dml_system_deletes,468,468,0.240320,enabled
1782984370.846,2026-07-02 09:26:10.848,dml_system_inserts,1202,1202,0.617231,enabled
1782984370.846,2026-07-02 09:26:10.848,dml_system_reads,7661,7661,3.933948,enabled
1782984370.846,2026-07-02 09:26:10.848,dml_system_updates,620,620,0.318372,enabled
1782984370.846,2026-07-02 09:26:10.848,dml_updates,22928201,22928201,11773.705260,enabled
1782984370.846,2026-07-02 09:26:10.848,file_num_open_files,35,35,0.000000,enabled
1782984370.846,2026-07-02 09:26:10.848,ibuf_merges,0,0,0.000000,enabled
1782984370.846,2026-07-02 09:26:10.848,ibuf_merges_delete,0,0,0.000000,enabled
1782984370.846,2026-07-02 09:26:10.848,ibuf_merges_delete_mark,0,0,0.000000,enabled
1782984370.846,2026-07-02 09:26:10.848,ibuf_merges_discard_delete,0,0,0.000000,enabled
1782984370.846,2026-07-02 09:26:10.848,ibuf_merges_discard_delete_mark,0,0,0.000000,enabled
1782984370.846,2026-07-02 09:26:10.848,ibuf_merges_discard_insert,0,0,0.000000,enabled
1782984370.846,2026-07-02 09:26:10.848,ibuf_merges_insert,0,0,0.000000,enabled
1782984370.846,2026-07-02 09:26:10.848,ibuf_size,1,1,0.000514,enabled
1782984370.846,2026-07-02 09:26:10.848,innodb_activity_count,16079704,16079704,8256.980093,enabled
1782984370.846,2026-07-02 09:26:10.848,innodb_dblwr_pages_written,19864873,19864873,10200.676559,enabled
1782984370.846,2026-07-02 09:26:10.848,innodb_dblwr_writes,396910,396910,203.814569,enabled
1782984370.846,2026-07-02 09:26:10.848,innodb_page_size,16384,16384,0.000000,enabled
1782984370.846,2026-07-02 09:26:10.848,innodb_rwlock_sx_os_waits,0,0,0.000000,enabled
1782984370.846,2026-07-02 09:26:10.848,innodb_rwlock_sx_spin_rounds,0,0,0.000000,enabled
1782984370.846,2026-07-02 09:26:10.848,innodb_rwlock_sx_spin_waits,0,0,0.000000,enabled
1782984370.846,2026-07-02 09:26:10.848,innodb_rwlock_s_os_waits,0,0,0.000000,enabled
1782984370.846,2026-07-02 09:26:10.848,innodb_rwlock_s_spin_rounds,0,0,0.000000,enabled
1782984370.846,2026-07-02 09:26:10.848,innodb_rwlock_s_spin_waits,0,0,0.000000,enabled
1782984370.846,2026-07-02 09:26:10.848,innodb_rwlock_x_os_waits,0,0,0.000000,enabled
1782984370.846,2026-07-02 09:26:10.848,innodb_rwlock_x_spin_rounds,0,0,0.000000,enabled
1782984370.846,2026-07-02 09:26:10.848,innodb_rwlock_x_spin_waits,0,0,0.000000,enabled
1782984370.846,2026-07-02 09:26:10.848,lock_deadlocks,0,0,0.000000,enabled
1782984370.846,2026-07-02 09:26:10.848,lock_deadlock_false_positives,0,0,0.000000,enabled
1782984370.846,2026-07-02 09:26:10.848,lock_deadlock_rounds,2184,2184,1.121491,enabled
1782984370.846,2026-07-02 09:26:10.848,lock_rec_grant_attempts,425,425,0.218239,enabled
1782984370.846,2026-07-02 09:26:10.848,lock_rec_release_attempts,34842804,34842804,17891.896288,enabled
1782984370.846,2026-07-02 09:26:10.848,lock_row_lock_current_waits,0,0,0.000000,enabled
1782984370.846,2026-07-02 09:26:10.848,lock_row_lock_time,323,323,0.165862,enabled
1782984370.846,2026-07-02 09:26:10.848,lock_row_lock_time_avg,0,0,0.000000,enabled
1782984370.846,2026-07-02 09:26:10.848,lock_row_lock_time_max,29,29,0.000000,enabled
1782984370.846,2026-07-02 09:26:10.848,lock_row_lock_waits,425,425,0.218239,enabled
1782984370.846,2026-07-02 09:26:10.848,lock_schedule_refreshes,2184,2184,1.121491,enabled
1782984370.846,2026-07-02 09:26:10.848,lock_threads_waiting,0,0,0.000000,enabled
1782984370.846,2026-07-02 09:26:10.848,lock_timeouts,0,0,0.000000,enabled
1782984370.846,2026-07-02 09:26:10.848,log_waits,0,0,0.000000,enabled
1782984370.846,2026-07-02 09:26:10.848,log_writes,172245302,172245302,88448.524690,enabled
1782984370.846,2026-07-02 09:26:10.848,log_write_requests,379584616,379584616,194917.939205,enabled
1782984370.846,2026-07-02 09:26:10.848,os_data_fsyncs,43536578,43536578,22356.175572,enabled
1782984370.846,2026-07-02 09:26:10.848,os_data_reads,56369917,56369917,28946.137273,enabled
1782984370.846,2026-07-02 09:26:10.848,os_data_writes,192863174,192863174,99035.872376,enabled
1782984370.846,2026-07-02 09:26:10.848,os_log_bytes_written,112467954176,112467954176,57752663.175797,enabled
1782984370.846,2026-07-02 09:26:10.848,os_log_fsyncs,38330179,38330179,19682.672561,enabled
1782984370.846,2026-07-02 09:26:10.848,os_log_pending_fsyncs,1,1,0.000514,enabled
1782984370.846,2026-07-02 09:26:10.848,os_log_pending_writes,0,0,0.000000,enabled
1782984370.846,2026-07-02 09:26:10.848,trx_rseg_history_len,608,608,0.000000,enabled
1782984371.919,2026-07-02 09:26:11.920,adaptive_hash_searches,0,0,0.000000,enabled
1782984371.919,2026-07-02 09:26:11.920,adaptive_hash_searches_btree,540022954,540022954,277151.525015,enabled
1782984371.919,2026-07-02 09:26:11.920,buffer_data_reads,919577676288,919577676288,471947332.310171,enabled
1782984371.919,2026-07-02 09:26:11.920,buffer_data_written,472688189440,472688189440,242593894.553352,enabled
1782984371.919,2026-07-02 09:26:11.920,buffer_pages0_read,7,7,0.003593,enabled
1782984371.919,2026-07-02 09:26:11.920,buffer_pages_created,1800950,1800950,924.286854,enabled
1782984371.919,2026-07-02 09:26:11.920,buffer_pages_read,56284528,56284528,28886.448185,enabled
1782984371.919,2026-07-02 09:26:11.920,buffer_pages_written,19939128,19939128,10233.195710,enabled
1782984371.919,2026-07-02 09:26:11.920,buffer_pool_bytes_data,12856442880,12856442880,0.000000,enabled
1782984371.919,2026-07-02 09:26:11.920,buffer_pool_bytes_dirty,4324605952,4324605952,0.000000,enabled
1782984371.919,2026-07-02 09:26:11.920,buffer_pool_pages_data,784695,784695,0.000000,enabled
1782984371.919,2026-07-02 09:26:11.920,buffer_pool_pages_dirty,263953,263953,0.000000,enabled
1782984371.919,2026-07-02 09:26:11.920,buffer_pool_pages_flushed,19882058,19882058,0.000000,enabled
1782984371.919,2026-07-02 09:26:11.920,buffer_pool_pages_free,1640,1640,0.000000,enabled
1782984371.919,2026-07-02 09:26:11.920,buffer_pool_pages_lru_flushed,0,0,0.000000,enabled
1782984371.919,2026-07-02 09:26:11.920,buffer_pool_pages_misc,96,96,0.000000,enabled
1782984371.919,2026-07-02 09:26:11.920,buffer_pool_pages_total,786432,786432,0.000000,enabled
1782984371.919,2026-07-02 09:26:11.920,buffer_pool_reads,55407155,55407155,28436.162415,enabled
1782984371.919,2026-07-02 09:26:11.920,buffer_pool_read_ahead,803715,803715,412.484092,enabled
1782984371.919,2026-07-02 09:26:11.920,buffer_pool_read_ahead_evicted,25,25,0.012831,enabled
1782984371.919,2026-07-02 09:26:11.920,buffer_pool_read_requests,2592939286,2592939286,1330753.081083,enabled
1782984371.919,2026-07-02 09:26:11.920,buffer_pool_size,12884901888,12884901888,0.000000,enabled
1782984371.919,2026-07-02 09:26:11.920,buffer_pool_wait_free,18945,18945,9.722988,enabled
1782984371.919,2026-07-02 09:26:11.920,buffer_pool_write_requests,566193479,566193479,290582.860960,enabled
1782984371.919,2026-07-02 09:26:11.920,dml_deletes,11469002,11469002,5886.141066,enabled
1782984371.919,2026-07-02 09:26:11.920,dml_inserts,111354401,111354401,57149.498568,enabled
1782984371.919,2026-07-02 09:26:11.920,dml_system_deletes,468,468,0.240188,enabled
1782984371.919,2026-07-02 09:26:11.920,dml_system_inserts,1202,1202,0.616893,enabled
1782984371.919,2026-07-02 09:26:11.920,dml_system_reads,7661,7661,3.931792,enabled
1782984371.919,2026-07-02 09:26:11.920,dml_system_updates,620,620,0.318197,enabled
1782984371.919,2026-07-02 09:26:11.920,dml_updates,22938120,22938120,11772.341654,enabled
1782984371.919,2026-07-02 09:26:11.920,file_num_open_files,35,35,0.000000,enabled
1782984371.919,2026-07-02 09:26:11.920,ibuf_merges,0,0,0.000000,enabled
1782984371.919,2026-07-02 09:26:11.920,ibuf_merges_delete,0,0,0.000000,enabled
1782984371.919,2026-07-02 09:26:11.920,ibuf_merges_delete_mark,0,0,0.000000,enabled
1782984371.919,2026-07-02 09:26:11.920,ibuf_merges_discard_delete,0,0,0.000000,enabled
1782984371.919,2026-07-02 09:26:11.920,ibuf_merges_discard_delete_mark,0,0,0.000000,enabled
1782984371.919,2026-07-02 09:26:11.920,ibuf_merges_discard_insert,0,0,0.000000,enabled
1782984371.919,2026-07-02 09:26:11.920,ibuf_merges_insert,0,0,0.000000,enabled
1782984371.919,2026-07-02 09:26:11.920,ibuf_size,1,1,0.000513,enabled
1782984371.919,2026-07-02 09:26:11.920,innodb_activity_count,16085406,16085406,8255.380086,enabled
1782984371.919,2026-07-02 09:26:11.920,innodb_dblwr_pages_written,19880361,19880361,10203.033417,enabled
1782984371.919,2026-07-02 09:26:11.920,innodb_dblwr_writes,397280,397280,203.892732,enabled
1782984371.919,2026-07-02 09:26:11.920,innodb_page_size,16384,16384,0.000000,enabled
1782984371.919,2026-07-02 09:26:11.920,innodb_rwlock_sx_os_waits,0,0,0.000000,enabled
1782984371.919,2026-07-02 09:26:11.920,innodb_rwlock_sx_spin_rounds,0,0,0.000000,enabled
1782984371.919,2026-07-02 09:26:11.920,innodb_rwlock_sx_spin_waits,0,0,0.000000,enabled
1782984371.919,2026-07-02 09:26:11.920,innodb_rwlock_s_os_waits,0,0,0.000000,enabled
1782984371.919,2026-07-02 09:26:11.920,innodb_rwlock_s_spin_rounds,0,0,0.000000,enabled
1782984371.919,2026-07-02 09:26:11.920,innodb_rwlock_s_spin_waits,0,0,0.000000,enabled
1782984371.919,2026-07-02 09:26:11.920,innodb_rwlock_x_os_waits,0,0,0.000000,enabled
1782984371.919,2026-07-02 09:26:11.920,innodb_rwlock_x_spin_rounds,0,0,0.000000,enabled
1782984371.919,2026-07-02 09:26:11.920,innodb_rwlock_x_spin_waits,0,0,0.000000,enabled
1782984371.919,2026-07-02 09:26:11.920,lock_deadlocks,0,0,0.000000,enabled
1782984371.919,2026-07-02 09:26:11.920,lock_deadlock_false_positives,0,0,0.000000,enabled
1782984371.919,2026-07-02 09:26:11.920,lock_deadlock_rounds,2185,2185,1.121390,enabled
1782984371.919,2026-07-02 09:26:11.920,lock_rec_grant_attempts,425,425,0.218119,enabled
1782984371.919,2026-07-02 09:26:11.920,lock_rec_release_attempts,34857875,34857875,17889.823213,enabled
1782984371.919,2026-07-02 09:26:11.920,lock_row_lock_current_waits,0,0,0.000000,enabled
1782984371.919,2026-07-02 09:26:11.920,lock_row_lock_time,323,323,0.165771,enabled
1782984371.919,2026-07-02 09:26:11.920,lock_row_lock_time_avg,0,0,0.000000,enabled
1782984371.919,2026-07-02 09:26:11.920,lock_row_lock_time_max,29,29,0.000000,enabled
1782984371.919,2026-07-02 09:26:11.920,lock_row_lock_waits,425,425,0.218119,enabled
1782984371.919,2026-07-02 09:26:11.920,lock_schedule_refreshes,2185,2185,1.121390,enabled
1782984371.919,2026-07-02 09:26:11.920,lock_threads_waiting,0,0,0.000000,enabled
1782984371.919,2026-07-02 09:26:11.920,lock_timeouts,0,0,0.000000,enabled
1782984371.919,2026-07-02 09:26:11.920,log_waits,0,0,0.000000,enabled
1782984371.919,2026-07-02 09:26:11.920,log_writes,172326779,172326779,88441.854307,enabled
1782984371.919,2026-07-02 09:26:11.920,log_write_requests,379668902,379668902,194854.345618,enabled
1782984371.919,2026-07-02 09:26:11.920,os_data_fsyncs,43572218,43572218,22362.211596,enabled
1782984371.919,2026-07-02 09:26:11.920,os_data_reads,56427461,56427461,28959.802444,enabled
1782984371.919,2026-07-02 09:26:11.920,os_data_writes,192960424,192960424,99031.493781,enabled
1782984371.919,2026-07-02 09:26:11.920,os_log_bytes_written,112510600192,112510600192,57742891.175148,enabled
1782984371.919,2026-07-02 09:26:11.920,os_log_fsyncs,38360865,38360865,19687.631628,enabled
1782984371.919,2026-07-02 09:26:11.920,os_log_pending_fsyncs,0,0,0.000000,enabled
1782984371.919,2026-07-02 09:26:11.920,os_log_pending_writes,0,0,0.000000,enabled
1782984371.919,2026-07-02 09:26:11.920,trx_rseg_history_len,712,712,0.000000,enabled
1782984372.987,2026-07-02 09:26:12.989,adaptive_hash_searches,0,0,0.000000,enabled
1782984372.987,2026-07-02 09:26:12.989,adaptive_hash_searches_btree,540193871,540193871,277086.779483,enabled
1782984372.987,2026-07-02 09:26:12.989,buffer_data_reads,920523426304,920523426304,472172907.062840,enabled
1782984372.987,2026-07-02 09:26:12.989,buffer_data_written,472990820864,472990820864,242615716.562530,enabled
1782984372.987,2026-07-02 09:26:12.989,buffer_pages0_read,7,7,0.003591,enabled
1782984372.987,2026-07-02 09:26:12.989,buffer_pages_created,1800990,1800990,923.799078,enabled
1782984372.987,2026-07-02 09:26:12.989,buffer_pages_read,56342454,56342454,28900.275210,enabled
1782984372.987,2026-07-02 09:26:12.989,buffer_pages_written,19954625,19954625,10235.517193,enabled
1782984372.987,2026-07-02 09:26:12.989,buffer_pool_bytes_data,12857589760,12857589760,0.000000,enabled
1782984372.987,2026-07-02 09:26:12.989,buffer_pool_bytes_dirty,4352638976,4352638976,0.000000,enabled
1782984372.987,2026-07-02 09:26:12.989,buffer_pool_pages_data,784765,784765,0.000000,enabled
1782984372.987,2026-07-02 09:26:12.989,buffer_pool_pages_dirty,265664,265664,0.000000,enabled
1782984372.987,2026-07-02 09:26:12.989,buffer_pool_pages_flushed,19897555,19897555,0.000000,enabled
1782984372.987,2026-07-02 09:26:12.989,buffer_pool_pages_free,1570,1570,0.000000,enabled
1782984372.987,2026-07-02 09:26:12.989,buffer_pool_pages_lru_flushed,0,0,0.000000,enabled
1782984372.987,2026-07-02 09:26:12.989,buffer_pool_pages_misc,96,96,0.000000,enabled
1782984372.987,2026-07-02 09:26:12.989,buffer_pool_pages_total,786432,786432,0.000000,enabled
1782984372.987,2026-07-02 09:26:12.989,buffer_pool_reads,55465015,55465015,28450.203226,enabled
1782984372.987,2026-07-02 09:26:12.989,buffer_pool_read_ahead,803715,803715,412.257254,enabled
1782984372.987,2026-07-02 09:26:12.989,buffer_pool_read_ahead_evicted,25,25,0.012823,enabled
1782984372.987,2026-07-02 09:26:12.989,buffer_pool_read_requests,2593786400,2593786400,1330455.779242,enabled
1782984372.987,2026-07-02 09:26:12.989,buffer_pool_size,12884901888,12884901888,0.000000,enabled
1782984372.987,2026-07-02 09:26:12.989,buffer_pool_wait_free,18945,18945,9.717641,enabled
1782984372.987,2026-07-02 09:26:12.989,buffer_pool_write_requests,566309610,566309610,290482.629066,enabled
1782984372.987,2026-07-02 09:26:12.989,dml_deletes,11473934,11473934,5885.433879,enabled
1782984372.987,2026-07-02 09:26:12.989,dml_inserts,111359331,111359331,57120.598756,enabled
1782984372.987,2026-07-02 09:26:12.989,dml_system_deletes,468,468,0.240056,enabled
1782984372.987,2026-07-02 09:26:12.989,dml_system_inserts,1202,1202,0.616553,enabled
1782984372.987,2026-07-02 09:26:12.989,dml_system_reads,7661,7661,3.929629,enabled
1782984372.987,2026-07-02 09:26:12.989,dml_system_updates,620,620,0.318022,enabled
1782984372.987,2026-07-02 09:26:12.989,dml_updates,22947983,22947983,11770.926732,enabled
1782984372.987,2026-07-02 09:26:12.989,file_num_open_files,35,35,0.000000,enabled
1782984372.987,2026-07-02 09:26:12.989,ibuf_merges,0,0,0.000000,enabled
1782984372.987,2026-07-02 09:26:12.989,ibuf_merges_delete,0,0,0.000000,enabled
1782984372.987,2026-07-02 09:26:12.989,ibuf_merges_delete_mark,0,0,0.000000,enabled
1782984372.987,2026-07-02 09:26:12.989,ibuf_merges_discard_delete,0,0,0.000000,enabled
1782984372.987,2026-07-02 09:26:12.989,ibuf_merges_discard_delete_mark,0,0,0.000000,enabled
1782984372.987,2026-07-02 09:26:12.989,ibuf_merges_discard_insert,0,0,0.000000,enabled
1782984372.987,2026-07-02 09:26:12.989,ibuf_merges_insert,0,0,0.000000,enabled
1782984372.987,2026-07-02 09:26:12.989,ibuf_size,1,1,0.000513,enabled
1782984372.987,2026-07-02 09:26:12.989,innodb_activity_count,16091073,16091073,8253.746972,enabled
1782984372.987,2026-07-02 09:26:12.989,innodb_dblwr_pages_written,19895858,19895858,10205.371413,enabled
1782984372.987,2026-07-02 09:26:12.989,innodb_dblwr_writes,397641,397641,203.965775,enabled
1782984372.987,2026-07-02 09:26:12.989,innodb_page_size,16384,16384,0.000000,enabled
1782984372.987,2026-07-02 09:26:12.989,innodb_rwlock_sx_os_waits,0,0,0.000000,enabled
1782984372.987,2026-07-02 09:26:12.989,innodb_rwlock_sx_spin_rounds,0,0,0.000000,enabled
1782984372.987,2026-07-02 09:26:12.989,innodb_rwlock_sx_spin_waits,0,0,0.000000,enabled
1782984372.987,2026-07-02 09:26:12.989,innodb_rwlock_s_os_waits,0,0,0.000000,enabled
1782984372.987,2026-07-02 09:26:12.989,innodb_rwlock_s_spin_rounds,0,0,0.000000,enabled
1782984372.987,2026-07-02 09:26:12.989,innodb_rwlock_s_spin_waits,0,0,0.000000,enabled
1782984372.987,2026-07-02 09:26:12.989,innodb_rwlock_x_os_waits,0,0,0.000000,enabled
1782984372.987,2026-07-02 09:26:12.989,innodb_rwlock_x_spin_rounds,0,0,0.000000,enabled
1782984372.987,2026-07-02 09:26:12.989,innodb_rwlock_x_spin_waits,0,0,0.000000,enabled
1782984372.987,2026-07-02 09:26:12.989,lock_deadlocks,0,0,0.000000,enabled
1782984372.987,2026-07-02 09:26:12.989,lock_deadlock_false_positives,0,0,0.000000,enabled
1782984372.987,2026-07-02 09:26:12.989,lock_deadlock_rounds,2186,2186,1.121286,enabled
1782984372.987,2026-07-02 09:26:12.989,lock_rec_grant_attempts,425,425,0.217999,enabled
1782984372.987,2026-07-02 09:26:12.989,lock_rec_release_attempts,34872860,34872860,17887.671515,enabled
1782984372.987,2026-07-02 09:26:12.989,lock_row_lock_current_waits,0,0,0.000000,enabled
1782984372.987,2026-07-02 09:26:12.989,lock_row_lock_time,323,323,0.165679,enabled
1782984372.987,2026-07-02 09:26:12.989,lock_row_lock_time_avg,0,0,0.000000,enabled
1782984372.987,2026-07-02 09:26:12.989,lock_row_lock_time_max,29,29,0.000000,enabled
1782984372.987,2026-07-02 09:26:12.989,lock_row_lock_waits,425,425,0.217999,enabled
1782984372.987,2026-07-02 09:26:12.989,lock_schedule_refreshes,2186,2186,1.121286,enabled
1782984372.987,2026-07-02 09:26:12.989,lock_threads_waiting,0,0,0.000000,enabled
1782984372.987,2026-07-02 09:26:12.989,lock_timeouts,0,0,0.000000,enabled
1782984372.987,2026-07-02 09:26:12.989,log_waits,0,0,0.000000,enabled
1782984372.987,2026-07-02 09:26:12.989,log_writes,172407650,172407650,88434.699022,enabled
1782984372.987,2026-07-02 09:26:12.989,log_write_requests,379752631,379752631,194790.136380,enabled
1782984372.987,2026-07-02 09:26:12.989,os_data_fsyncs,43606947,43606947,22367.727754,enabled
1782984372.987,2026-07-02 09:26:12.989,os_data_reads,56485203,56485203,28973.494641,enabled
1782984372.987,2026-07-02 09:26:12.989,os_data_writes,193057053,193057053,99026.597893,enabled
1782984372.987,2026-07-02 09:26:12.989,os_log_bytes_written,112552933888,112552933888,57732851.090221,enabled
1782984372.987,2026-07-02 09:26:12.989,os_log_fsyncs,38390630,38390630,19692.072400,enabled
1782984372.987,2026-07-02 09:26:12.989,os_log_pending_fsyncs,1,1,0.000513,enabled
1782984372.987,2026-07-02 09:26:12.989,os_log_pending_writes,0,0,0.000000,enabled
1782984372.987,2026-07-02 09:26:12.989,trx_rseg_history_len,815,815,0.000000,enabled
1782984374.059,2026-07-02 09:26:14.061,adaptive_hash_searches,0,0,0.000000,enabled
1782984374.059,2026-07-02 09:26:14.061,adaptive_hash_searches_btree,540365173,540365173,277022.644688,enabled
1782984374.059,2026-07-02 09:26:14.061,buffer_data_reads,921470618112,921470618112,472399554.623227,enabled
1782984374.059,2026-07-02 09:26:14.061,buffer_data_written,473297164288,473297164288,242639716.308297,enabled
1782984374.059,2026-07-02 09:26:14.061,buffer_pages0_read,7,7,0.003589,enabled
1782984374.059,2026-07-02 09:26:14.061,buffer_pages_created,1801046,1801046,923.321179,enabled
1782984374.059,2026-07-02 09:26:14.061,buffer_pages_read,56400434,56400434,28914.150322,enabled
1782984374.059,2026-07-02 09:26:14.061,buffer_pages_written,19970316,19970316,10237.948189,enabled
1782984374.059,2026-07-02 09:26:14.061,buffer_pool_bytes_data,12849856512,12849856512,0.000000,enabled
1782984374.059,2026-07-02 09:26:14.061,buffer_pool_bytes_dirty,4377722880,4377722880,0.000000,enabled
1782984374.059,2026-07-02 09:26:14.061,buffer_pool_pages_data,784293,784293,0.000000,enabled
1782984374.059,2026-07-02 09:26:14.061,buffer_pool_pages_dirty,267195,267195,0.000000,enabled
1782984374.059,2026-07-02 09:26:14.061,buffer_pool_pages_flushed,19913246,19913246,0.000000,enabled
1782984374.059,2026-07-02 09:26:14.061,buffer_pool_pages_free,2040,2040,0.000000,enabled
1782984374.059,2026-07-02 09:26:14.061,buffer_pool_pages_lru_flushed,0,0,0.000000,enabled
1782984374.059,2026-07-02 09:26:14.061,buffer_pool_pages_misc,97,97,0.000000,enabled
1782984374.059,2026-07-02 09:26:14.061,buffer_pool_pages_total,786432,786432,0.000000,enabled
1782984374.059,2026-07-02 09:26:14.061,buffer_pool_reads,55522933,55522933,28464.293418,enabled
1782984374.059,2026-07-02 09:26:14.061,buffer_pool_read_ahead,803715,803715,412.031174,enabled
1782984374.059,2026-07-02 09:26:14.061,buffer_pool_read_ahead_evicted,25,25,0.012816,enabled
1782984374.059,2026-07-02 09:26:14.061,buffer_pool_read_requests,2594635714,2594635714,1330161.570955,enabled
1782984374.059,2026-07-02 09:26:14.061,buffer_pool_size,12884901888,12884901888,0.000000,enabled
1782984374.059,2026-07-02 09:26:14.061,buffer_pool_wait_free,18945,18945,9.712312,enabled
1782984374.059,2026-07-02 09:26:14.061,buffer_pool_write_requests,566426621,566426621,290383.316342,enabled
1782984374.059,2026-07-02 09:26:14.061,dml_deletes,11478874,11478874,5884.738842,enabled
1782984374.059,2026-07-02 09:26:14.061,dml_inserts,111364273,111364273,57091.807403,enabled
1782984374.059,2026-07-02 09:26:14.061,dml_system_deletes,468,468,0.239924,enabled
1782984374.059,2026-07-02 09:26:14.061,dml_system_inserts,1202,1202,0.616215,enabled
1782984374.059,2026-07-02 09:26:14.061,dml_system_reads,7661,7661,3.927474,enabled
1782984374.059,2026-07-02 09:26:14.061,dml_system_updates,620,620,0.317848,enabled
1782984374.059,2026-07-02 09:26:14.061,dml_updates,22957860,22957860,11769.535091,enabled
1782984374.059,2026-07-02 09:26:14.061,file_num_open_files,35,35,0.000000,enabled
1782984374.059,2026-07-02 09:26:14.061,ibuf_merges,0,0,0.000000,enabled
1782984374.059,2026-07-02 09:26:14.061,ibuf_merges_delete,0,0,0.000000,enabled
1782984374.059,2026-07-02 09:26:14.061,ibuf_merges_delete_mark,0,0,0.000000,enabled
1782984374.059,2026-07-02 09:26:14.061,ibuf_merges_discard_delete,0,0,0.000000,enabled
1782984374.059,2026-07-02 09:26:14.061,ibuf_merges_discard_delete_mark,0,0,0.000000,enabled
1782984374.059,2026-07-02 09:26:14.061,ibuf_merges_discard_insert,0,0,0.000000,enabled
1782984374.059,2026-07-02 09:26:14.061,ibuf_merges_insert,0,0,0.000000,enabled
1782984374.059,2026-07-02 09:26:14.061,ibuf_size,1,1,0.000513,enabled
1782984374.059,2026-07-02 09:26:14.061,innodb_activity_count,16096743,16096743,8252.127398,enabled
1782984374.059,2026-07-02 09:26:14.061,innodb_dblwr_pages_written,19911549,19911549,10207.818914,enabled
1782984374.059,2026-07-02 09:26:14.061,innodb_dblwr_writes,398011,398011,204.043604,enabled
1782984374.059,2026-07-02 09:26:14.061,innodb_page_size,16384,16384,0.000000,enabled
1782984374.059,2026-07-02 09:26:14.061,innodb_rwlock_sx_os_waits,0,0,0.000000,enabled
1782984374.059,2026-07-02 09:26:14.061,innodb_rwlock_sx_spin_rounds,0,0,0.000000,enabled
1782984374.059,2026-07-02 09:26:14.061,innodb_rwlock_sx_spin_waits,0,0,0.000000,enabled
1782984374.059,2026-07-02 09:26:14.061,innodb_rwlock_s_os_waits,0,0,0.000000,enabled
1782984374.059,2026-07-02 09:26:14.061,innodb_rwlock_s_spin_rounds,0,0,0.000000,enabled
1782984374.059,2026-07-02 09:26:14.061,innodb_rwlock_s_spin_waits,0,0,0.000000,enabled
1782984374.059,2026-07-02 09:26:14.061,innodb_rwlock_x_os_waits,0,0,0.000000,enabled
1782984374.059,2026-07-02 09:26:14.061,innodb_rwlock_x_spin_rounds,0,0,0.000000,enabled
1782984374.059,2026-07-02 09:26:14.061,innodb_rwlock_x_spin_waits,0,0,0.000000,enabled
1782984374.059,2026-07-02 09:26:14.061,lock_deadlocks,0,0,0.000000,enabled
1782984374.059,2026-07-02 09:26:14.061,lock_deadlock_false_positives,0,0,0.000000,enabled
1782984374.059,2026-07-02 09:26:14.061,lock_deadlock_rounds,2187,2187,1.121184,enabled
1782984374.059,2026-07-02 09:26:14.061,lock_rec_grant_attempts,425,425,0.217880,enabled
1782984374.059,2026-07-02 09:26:14.061,lock_rec_release_attempts,34887875,34887875,17885.559559,enabled
1782984374.059,2026-07-02 09:26:14.061,lock_row_lock_current_waits,0,0,0.000000,enabled
1782984374.059,2026-07-02 09:26:14.061,lock_row_lock_time,323,323,0.165589,enabled
1782984374.059,2026-07-02 09:26:14.061,lock_row_lock_time_avg,0,0,0.000000,enabled
1782984374.059,2026-07-02 09:26:14.061,lock_row_lock_time_max,29,29,0.000000,enabled
1782984374.059,2026-07-02 09:26:14.061,lock_row_lock_waits,425,425,0.217880,enabled
1782984374.059,2026-07-02 09:26:14.061,lock_schedule_refreshes,2187,2187,1.121184,enabled
1782984374.059,2026-07-02 09:26:14.061,lock_threads_waiting,0,0,0.000000,enabled
1782984374.059,2026-07-02 09:26:14.061,lock_timeouts,0,0,0.000000,enabled
1782984374.059,2026-07-02 09:26:14.061,log_waits,0,0,0.000000,enabled
1782984374.059,2026-07-02 09:26:14.061,log_writes,172489177,172489177,88427.996968,enabled
1782984374.059,2026-07-02 09:26:14.061,log_write_requests,379836572,379836572,194726.346593,enabled
1782984374.059,2026-07-02 09:26:14.061,os_data_fsyncs,43642048,43642048,22373.456116,enabled
1782984374.059,2026-07-02 09:26:14.061,os_data_reads,56543019,56543019,28987.245428,enabled
1782984374.059,2026-07-02 09:26:14.061,os_data_writes,193154569,193154569,99022.284128,enabled
1782984374.059,2026-07-02 09:26:14.061,os_log_bytes_written,112595755008,112595755008,57723143.001213,enabled
1782984374.059,2026-07-02 09:26:14.061,os_log_fsyncs,38420783,38420783,19696.731455,enabled
1782984374.059,2026-07-02 09:26:14.061,os_log_pending_fsyncs,0,0,0.000000,enabled
1782984374.059,2026-07-02 09:26:14.061,os_log_pending_writes,1,1,0.000513,enabled
1782984374.059,2026-07-02 09:26:14.061,trx_rseg_history_len,865,865,0.000000,enabled
1782984375.129,2026-07-02 09:26:15.130,adaptive_hash_searches,0,0,0.000000,enabled
1782984375.129,2026-07-02 09:26:15.130,adaptive_hash_searches_btree,540537867,540537867,276958.902115,enabled
1782984375.129,2026-07-02 09:26:15.130,buffer_data_reads,922423216640,922423216640,472628054.907296,enabled
1782984375.129,2026-07-02 09:26:15.130,buffer_data_written,473600604160,473600604160,242661858.528227,enabled
1782984375.129,2026-07-02 09:26:15.130,buffer_pages0_read,7,7,0.003587,enabled
1782984375.129,2026-07-02 09:26:15.130,buffer_pages_created,1801091,1801091,922.836860,enabled
1782984375.129,2026-07-02 09:26:15.130,buffer_pages_read,56458762,56458762,28928.147564,enabled
1782984375.129,2026-07-02 09:26:15.130,buffer_pages_written,19985841,19985841,10240.276965,enabled
1782984375.129,2026-07-02 09:26:15.130,buffer_pool_bytes_data,12858130432,12858130432,0.000000,enabled
1782984375.129,2026-07-02 09:26:15.130,buffer_pool_bytes_dirty,4405231616,4405231616,0.000000,enabled
1782984375.129,2026-07-02 09:26:15.130,buffer_pool_pages_data,784798,784798,0.000000,enabled
1782984375.129,2026-07-02 09:26:15.130,buffer_pool_pages_dirty,268874,268874,0.000000,enabled
1782984375.129,2026-07-02 09:26:15.130,buffer_pool_pages_flushed,19928771,19928771,0.000000,enabled
1782984375.129,2026-07-02 09:26:15.130,buffer_pool_pages_free,1537,1537,0.000000,enabled
1782984375.129,2026-07-02 09:26:15.130,buffer_pool_pages_lru_flushed,0,0,0.000000,enabled
1782984375.129,2026-07-02 09:26:15.130,buffer_pool_pages_misc,96,96,0.000000,enabled
1782984375.129,2026-07-02 09:26:15.130,buffer_pool_pages_total,786432,786432,0.000000,enabled
1782984375.129,2026-07-02 09:26:15.130,buffer_pool_reads,55581200,55581200,28478.506580,enabled
1782984375.129,2026-07-02 09:26:15.130,buffer_pool_read_ahead,803715,803715,411.804758,enabled
1782984375.129,2026-07-02 09:26:15.130,buffer_pool_read_ahead_evicted,25,25,0.012809,enabled
1782984375.129,2026-07-02 09:26:15.130,buffer_pool_read_requests,2595491347,2595491347,1329869.038300,enabled
1782984375.129,2026-07-02 09:26:15.130,buffer_pool_size,12884901888,12884901888,0.000000,enabled
1782984375.129,2026-07-02 09:26:15.130,buffer_pool_wait_free,18945,18945,9.706975,enabled
1782984375.129,2026-07-02 09:26:15.130,buffer_pool_write_requests,566543984,566543984,290283.881469,enabled
1782984375.129,2026-07-02 09:26:15.130,dml_deletes,11483851,11483851,5884.055215,enabled
1782984375.129,2026-07-02 09:26:15.130,dml_inserts,111369250,111369250,57062.984976,enabled
1782984375.129,2026-07-02 09:26:15.130,dml_system_deletes,468,468,0.239792,enabled
1782984375.129,2026-07-02 09:26:15.130,dml_system_inserts,1202,1202,0.615877,enabled
1782984375.129,2026-07-02 09:26:15.130,dml_system_reads,7661,7661,3.925316,enabled
1782984375.129,2026-07-02 09:26:15.130,dml_system_updates,620,620,0.317673,enabled
1782984375.129,2026-07-02 09:26:15.130,dml_updates,22967814,22967814,11768.167804,enabled
1782984375.129,2026-07-02 09:26:15.130,file_num_open_files,35,35,0.000000,enabled
1782984375.129,2026-07-02 09:26:15.130,ibuf_merges,0,0,0.000000,enabled
1782984375.129,2026-07-02 09:26:15.130,ibuf_merges_delete,0,0,0.000000,enabled
1782984375.129,2026-07-02 09:26:15.130,ibuf_merges_delete_mark,0,0,0.000000,enabled
1782984375.129,2026-07-02 09:26:15.130,ibuf_merges_discard_delete,0,0,0.000000,enabled
1782984375.129,2026-07-02 09:26:15.130,ibuf_merges_discard_delete_mark,0,0,0.000000,enabled
1782984375.129,2026-07-02 09:26:15.130,ibuf_merges_discard_insert,0,0,0.000000,enabled
1782984375.129,2026-07-02 09:26:15.130,ibuf_merges_insert,0,0,0.000000,enabled
1782984375.129,2026-07-02 09:26:15.130,ibuf_size,1,1,0.000512,enabled
1782984375.129,2026-07-02 09:26:15.130,innodb_activity_count,16102462,16102462,8250.523055,enabled
1782984375.129,2026-07-02 09:26:15.130,innodb_dblwr_pages_written,19927074,19927074,10210.164268,enabled
1782984375.129,2026-07-02 09:26:15.130,innodb_dblwr_writes,398378,398378,204.119522,enabled
1782984375.129,2026-07-02 09:26:15.130,innodb_page_size,16384,16384,0.000000,enabled
1782984375.129,2026-07-02 09:26:15.130,innodb_rwlock_sx_os_waits,0,0,0.000000,enabled
1782984375.129,2026-07-02 09:26:15.130,innodb_rwlock_sx_spin_rounds,0,0,0.000000,enabled
1782984375.129,2026-07-02 09:26:15.130,innodb_rwlock_sx_spin_waits,0,0,0.000000,enabled
1782984375.129,2026-07-02 09:26:15.130,innodb_rwlock_s_os_waits,0,0,0.000000,enabled
1782984375.129,2026-07-02 09:26:15.130,innodb_rwlock_s_spin_rounds,0,0,0.000000,enabled
1782984375.129,2026-07-02 09:26:15.130,innodb_rwlock_s_spin_waits,0,0,0.000000,enabled
1782984375.129,2026-07-02 09:26:15.130,innodb_rwlock_x_os_waits,0,0,0.000000,enabled
1782984375.129,2026-07-02 09:26:15.130,innodb_rwlock_x_spin_rounds,0,0,0.000000,enabled
1782984375.129,2026-07-02 09:26:15.130,innodb_rwlock_x_spin_waits,0,0,0.000000,enabled
1782984375.129,2026-07-02 09:26:15.130,lock_deadlocks,0,0,0.000000,enabled
1782984375.129,2026-07-02 09:26:15.130,lock_deadlock_false_positives,0,0,0.000000,enabled
1782984375.129,2026-07-02 09:26:15.130,lock_deadlock_rounds,2189,2189,1.121592,enabled
1782984375.129,2026-07-02 09:26:15.130,lock_rec_grant_attempts,425,425,0.217760,enabled
1782984375.129,2026-07-02 09:26:15.130,lock_rec_release_attempts,34902994,34902994,17883.477814,enabled
1782984375.129,2026-07-02 09:26:15.130,lock_row_lock_current_waits,0,0,0.000000,enabled
1782984375.129,2026-07-02 09:26:15.130,lock_row_lock_time,323,323,0.165498,enabled
1782984375.129,2026-07-02 09:26:15.130,lock_row_lock_time_avg,0,0,0.000000,enabled
1782984375.129,2026-07-02 09:26:15.130,lock_row_lock_time_max,29,29,0.000000,enabled
1782984375.129,2026-07-02 09:26:15.130,lock_row_lock_waits,425,425,0.217760,enabled
1782984375.129,2026-07-02 09:26:15.130,lock_schedule_refreshes,2189,2189,1.121592,enabled
1782984375.129,2026-07-02 09:26:15.130,lock_threads_waiting,0,0,0.000000,enabled
1782984375.129,2026-07-02 09:26:15.130,lock_timeouts,0,0,0.000000,enabled
1782984375.129,2026-07-02 09:26:15.130,log_waits,0,0,0.000000,enabled
1782984375.129,2026-07-02 09:26:15.130,log_writes,172570483,172570483,88421.064201,enabled
1782984375.129,2026-07-02 09:26:15.130,log_write_requests,379921096,379921096,194662.651438,enabled
1782984375.129,2026-07-02 09:26:15.130,os_data_fsyncs,43677638,43677638,22379.397240,enabled
1782984375.129,2026-07-02 09:26:15.130,os_data_reads,56601193,56601193,29001.123744,enabled
1782984375.129,2026-07-02 09:26:15.130,os_data_writes,193251664,193251664,99017.619955,enabled
1782984375.129,2026-07-02 09:26:15.130,os_log_bytes_written,112638474240,112638474240,57713312.105445,enabled
1782984375.129,2026-07-02 09:26:15.130,os_log_fsyncs,38451295,38451295,19701.541611,enabled
1782984375.129,2026-07-02 09:26:15.130,os_log_pending_fsyncs,1,1,0.000512,enabled
1782984375.129,2026-07-02 09:26:15.130,os_log_pending_writes,0,0,0.000000,enabled
1782984375.129,2026-07-02 09:26:15.130,trx_rseg_history_len,988,988,0.000000,enabled
1782984376.201,2026-07-02 09:26:16.203,adaptive_hash_searches,0,0,0.000000,enabled
1782984376.201,2026-07-02 09:26:16.203,adaptive_hash_searches_btree,540710800,540710800,276895.417984,enabled
1782984376.201,2026-07-02 09:26:16.203,buffer_data_reads,923378928128,923378928128,472858020.673261,enabled
1782984376.201,2026-07-02 09:26:16.203,buffer_data_written,473906804224,473906804224,242685452.656349,enabled
1782984376.201,2026-07-02 09:26:16.203,buffer_pages0_read,7,7,0.003585,enabled
1782984376.201,2026-07-02 09:26:16.203,buffer_pages_created,1801132,1801132,922.351265,enabled
1782984376.201,2026-07-02 09:26:16.203,buffer_pages_read,56517249,56517249,28942.218358,enabled
1782984376.201,2026-07-02 09:26:16.203,buffer_pages_written,20001525,20001525,10242.687265,enabled
1782984376.201,2026-07-02 09:26:16.203,buffer_pool_bytes_data,12850708480,12850708480,0.000000,enabled
1782984376.201,2026-07-02 09:26:16.203,buffer_pool_bytes_dirty,4431282176,4431282176,0.000000,enabled
1782984376.201,2026-07-02 09:26:16.203,buffer_pool_pages_data,784345,784345,0.000000,enabled
1782984376.201,2026-07-02 09:26:16.203,buffer_pool_pages_dirty,270464,270464,0.000000,enabled
1782984376.201,2026-07-02 09:26:16.203,buffer_pool_pages_flushed,19944455,19944455,0.000000,enabled
1782984376.201,2026-07-02 09:26:16.203,buffer_pool_pages_free,1990,1990,0.000000,enabled
1782984376.201,2026-07-02 09:26:16.203,buffer_pool_pages_lru_flushed,0,0,0.000000,enabled
1782984376.201,2026-07-02 09:26:16.203,buffer_pool_pages_misc,96,96,0.000000,enabled
1782984376.201,2026-07-02 09:26:16.203,buffer_pool_pages_total,786432,786432,0.000000,enabled
1782984376.201,2026-07-02 09:26:16.203,buffer_pool_reads,55639621,55639621,28492.790452,enabled
1782984376.201,2026-07-02 09:26:16.203,buffer_pool_read_ahead,803715,803715,411.578698,enabled
1782984376.201,2026-07-02 09:26:16.203,buffer_pool_read_ahead_evicted,25,25,0.012802,enabled
1782984376.201,2026-07-02 09:26:16.203,buffer_pool_read_requests,2596348548,2596348548,1329577.974892,enabled
1782984376.201,2026-07-02 09:26:16.203,buffer_pool_size,12884901888,12884901888,0.000000,enabled
1782984376.201,2026-07-02 09:26:16.203,buffer_pool_wait_free,18945,18945,9.701646,enabled
1782984376.201,2026-07-02 09:26:16.203,buffer_pool_write_requests,566661699,566661699,290184.811215,enabled
1782984376.201,2026-07-02 09:26:16.203,dml_deletes,11488839,11488839,5883.379361,enabled
1782984376.201,2026-07-02 09:26:16.203,dml_inserts,111374237,111374237,57034.212771,enabled
1782984376.201,2026-07-02 09:26:16.203,dml_system_deletes,468,468,0.239661,enabled
1782984376.201,2026-07-02 09:26:16.203,dml_system_inserts,1202,1202,0.615538,enabled
1782984376.201,2026-07-02 09:26:16.203,dml_system_reads,7661,7661,3.923161,enabled
1782984376.201,2026-07-02 09:26:16.203,dml_system_updates,620,620,0.317499,enabled
1782984376.201,2026-07-02 09:26:16.203,dml_updates,22977792,22977792,11766.817089,enabled
1782984376.201,2026-07-02 09:26:16.203,file_num_open_files,35,35,0.000000,enabled
1782984376.201,2026-07-02 09:26:16.203,ibuf_merges,0,0,0.000000,enabled
1782984376.201,2026-07-02 09:26:16.203,ibuf_merges_delete,0,0,0.000000,enabled
1782984376.201,2026-07-02 09:26:16.203,ibuf_merges_delete_mark,0,0,0.000000,enabled
1782984376.201,2026-07-02 09:26:16.203,ibuf_merges_discard_delete,0,0,0.000000,enabled
1782984376.201,2026-07-02 09:26:16.203,ibuf_merges_discard_delete_mark,0,0,0.000000,enabled
1782984376.201,2026-07-02 09:26:16.203,ibuf_merges_discard_insert,0,0,0.000000,enabled
1782984376.201,2026-07-02 09:26:16.203,ibuf_merges_insert,0,0,0.000000,enabled
1782984376.201,2026-07-02 09:26:16.203,ibuf_size,1,1,0.000512,enabled
1782984376.201,2026-07-02 09:26:16.203,innodb_activity_count,16108194,16108194,8248.929072,enabled
1782984376.201,2026-07-02 09:26:16.203,innodb_dblwr_pages_written,19942758,19942758,10212.590858,enabled
1782984376.201,2026-07-02 09:26:16.203,innodb_dblwr_writes,398764,398764,204.205135,enabled
1782984376.201,2026-07-02 09:26:16.203,innodb_page_size,16384,16384,0.000000,enabled
1782984376.201,2026-07-02 09:26:16.203,innodb_rwlock_sx_os_waits,0,0,0.000000,enabled
1782984376.201,2026-07-02 09:26:16.203,innodb_rwlock_sx_spin_rounds,0,0,0.000000,enabled
1782984376.201,2026-07-02 09:26:16.203,innodb_rwlock_sx_spin_waits,0,0,0.000000,enabled
1782984376.201,2026-07-02 09:26:16.203,innodb_rwlock_s_os_waits,0,0,0.000000,enabled
1782984376.201,2026-07-02 09:26:16.203,innodb_rwlock_s_spin_rounds,0,0,0.000000,enabled
1782984376.201,2026-07-02 09:26:16.203,innodb_rwlock_s_spin_waits,0,0,0.000000,enabled
1782984376.201,2026-07-02 09:26:16.203,innodb_rwlock_x_os_waits,0,0,0.000000,enabled
1782984376.201,2026-07-02 09:26:16.203,innodb_rwlock_x_spin_rounds,0,0,0.000000,enabled
1782984376.201,2026-07-02 09:26:16.203,innodb_rwlock_x_spin_waits,0,0,0.000000,enabled
1782984376.201,2026-07-02 09:26:16.203,lock_deadlocks,0,0,0.000000,enabled
1782984376.201,2026-07-02 09:26:16.203,lock_deadlock_false_positives,0,0,0.000000,enabled
1782984376.201,2026-07-02 09:26:16.203,lock_deadlock_rounds,2190,2190,1.121489,enabled
1782984376.201,2026-07-02 09:26:16.203,lock_rec_grant_attempts,425,425,0.217641,enabled
1782984376.201,2026-07-02 09:26:16.203,lock_rec_release_attempts,34918169,34918169,17881.431793,enabled
1782984376.201,2026-07-02 09:26:16.203,lock_row_lock_current_waits,0,0,0.000000,enabled
1782984376.201,2026-07-02 09:26:16.203,lock_row_lock_time,323,323,0.165407,enabled
1782984376.201,2026-07-02 09:26:16.203,lock_row_lock_time_avg,0,0,0.000000,enabled
1782984376.201,2026-07-02 09:26:16.203,lock_row_lock_time_max,29,29,0.000000,enabled
1782984376.201,2026-07-02 09:26:16.203,lock_row_lock_waits,425,425,0.217641,enabled
1782984376.201,2026-07-02 09:26:16.203,lock_schedule_refreshes,2190,2190,1.121489,enabled
1782984376.201,2026-07-02 09:26:16.203,lock_threads_waiting,0,0,0.000000,enabled
1782984376.201,2026-07-02 09:26:16.203,lock_timeouts,0,0,0.000000,enabled
1782984376.201,2026-07-02 09:26:16.203,log_waits,0,0,0.000000,enabled
1782984376.201,2026-07-02 09:26:16.203,log_writes,172652274,172652274,88414.408741,enabled
1782984376.201,2026-07-02 09:26:16.203,log_write_requests,380005744,380005744,194599.135166,enabled
1782984376.201,2026-07-02 09:26:16.203,os_data_fsyncs,43713306,43713306,22385.377212,enabled
1782984376.201,2026-07-02 09:26:16.203,os_data_reads,56659525,56659525,29015.074784,enabled
1782984376.201,2026-07-02 09:26:16.203,os_data_writes,193349448,193349448,99013.337770,enabled
1782984376.201,2026-07-02 09:26:16.203,os_log_bytes_written,112681511936,112681511936,57703669.052232,enabled
1782984376.201,2026-07-02 09:26:16.203,os_log_fsyncs,38481828,38481828,19706.362001,enabled
1782984376.201,2026-07-02 09:26:16.203,os_log_pending_fsyncs,1,1,0.000512,enabled
1782984376.201,2026-07-02 09:26:16.203,os_log_pending_writes,0,0,0.000000,enabled
1782984376.201,2026-07-02 09:26:16.203,trx_rseg_history_len,1145,1145,0.000000,enabled
1782984377.273,2026-07-02 09:26:17.275,adaptive_hash_searches,0,0,0.000000,enabled
1782984377.273,2026-07-02 09:26:17.275,adaptive_hash_searches_btree,540882777,540882777,276832.018416,enabled
1782984377.273,2026-07-02 09:26:17.275,buffer_data_reads,924328004096,924328004096,473085180.654892,enabled
1782984377.273,2026-07-02 09:26:17.275,buffer_data_written,474211340288,474211340288,242708601.688101,enabled
1782984377.273,2026-07-02 09:26:17.275,buffer_pages0_read,7,7,0.003583,enabled
1782984377.273,2026-07-02 09:26:17.275,buffer_pages_created,1801181,1801181,921.871937,enabled
1782984377.273,2026-07-02 09:26:17.275,buffer_pages_read,56575338,56575338,28956.121571,enabled
1782984377.273,2026-07-02 09:26:17.275,buffer_pages_written,20017066,20017066,10245.039964,enabled
1782984377.273,2026-07-02 09:26:17.275,buffer_pool_bytes_data,12854427648,12854427648,0.000000,enabled
1782984377.273,2026-07-02 09:26:17.275,buffer_pool_bytes_dirty,4455956480,4455956480,0.000000,enabled
1782984377.273,2026-07-02 09:26:17.275,buffer_pool_pages_data,784571,784571,0.000000,enabled
1782984377.273,2026-07-02 09:26:17.275,buffer_pool_pages_dirty,271970,271970,0.000000,enabled
1782984377.273,2026-07-02 09:26:17.275,buffer_pool_pages_flushed,19959987,19959987,0.000000,enabled
1782984377.273,2026-07-02 09:26:17.275,buffer_pool_pages_free,1764,1764,0.000000,enabled
1782984377.273,2026-07-02 09:26:17.275,buffer_pool_pages_lru_flushed,0,0,0.000000,enabled
1782984377.273,2026-07-02 09:26:17.275,buffer_pool_pages_misc,97,97,0.000000,enabled
1782984377.273,2026-07-02 09:26:17.275,buffer_pool_pages_total,786432,786432,0.000000,enabled
1782984377.273,2026-07-02 09:26:17.275,buffer_pool_reads,55697649,55697649,28506.908176,enabled
1782984377.273,2026-07-02 09:26:17.275,buffer_pool_read_ahead,803715,803715,411.353617,enabled
1782984377.273,2026-07-02 09:26:17.275,buffer_pool_read_ahead_evicted,25,25,0.012795,enabled
1782984377.273,2026-07-02 09:26:17.275,buffer_pool_read_requests,2597204177,2597204177,1329288.790288,enabled
1782984377.273,2026-07-02 09:26:17.275,buffer_pool_size,12884901888,12884901888,0.000000,enabled
1782984377.273,2026-07-02 09:26:17.275,buffer_pool_wait_free,18945,18945,9.696341,enabled
1782984377.273,2026-07-02 09:26:17.275,buffer_pool_write_requests,566781510,566781510,290087.438546,enabled
1782984377.273,2026-07-02 09:26:17.275,dml_deletes,11493795,11493795,5882.698593,enabled
1782984377.273,2026-07-02 09:26:17.275,dml_inserts,111379194,111379194,57005.560698,enabled
1782984377.273,2026-07-02 09:26:17.275,dml_system_deletes,468,468,0.239529,enabled
1782984377.273,2026-07-02 09:26:17.275,dml_system_inserts,1202,1202,0.615202,enabled
1782984377.273,2026-07-02 09:26:17.275,dml_system_reads,7661,7661,3.921016,enabled
1782984377.273,2026-07-02 09:26:17.275,dml_system_updates,620,620,0.317325,enabled
1782984377.273,2026-07-02 09:26:17.275,dml_updates,22987705,22987705,11765.456032,enabled
1782984377.273,2026-07-02 09:26:17.275,file_num_open_files,35,35,0.000000,enabled
1782984377.273,2026-07-02 09:26:17.275,ibuf_merges,0,0,0.000000,enabled
1782984377.273,2026-07-02 09:26:17.275,ibuf_merges_delete,0,0,0.000000,enabled
1782984377.273,2026-07-02 09:26:17.275,ibuf_merges_delete_mark,0,0,0.000000,enabled
1782984377.273,2026-07-02 09:26:17.275,ibuf_merges_discard_delete,0,0,0.000000,enabled
1782984377.273,2026-07-02 09:26:17.275,ibuf_merges_discard_delete_mark,0,0,0.000000,enabled
1782984377.273,2026-07-02 09:26:17.275,ibuf_merges_discard_insert,0,0,0.000000,enabled
1782984377.273,2026-07-02 09:26:17.275,ibuf_merges_insert,0,0,0.000000,enabled
1782984377.273,2026-07-02 09:26:17.275,ibuf_size,1,1,0.000512,enabled
1782984377.273,2026-07-02 09:26:17.275,innodb_activity_count,16113890,16113890,8247.333454,enabled
1782984377.273,2026-07-02 09:26:17.275,innodb_dblwr_pages_written,19958290,19958290,10214.955627,enabled
1782984377.273,2026-07-02 09:26:17.275,innodb_dblwr_writes,399141,399141,204.286420,enabled
1782984377.273,2026-07-02 09:26:17.275,innodb_page_size,16384,16384,0.000000,enabled
1782984377.273,2026-07-02 09:26:17.275,innodb_rwlock_sx_os_waits,0,0,0.000000,enabled
1782984377.273,2026-07-02 09:26:17.275,innodb_rwlock_sx_spin_rounds,0,0,0.000000,enabled
1782984377.273,2026-07-02 09:26:17.275,innodb_rwlock_sx_spin_waits,0,0,0.000000,enabled
1782984377.273,2026-07-02 09:26:17.275,innodb_rwlock_s_os_waits,0,0,0.000000,enabled
1782984377.273,2026-07-02 09:26:17.275,innodb_rwlock_s_spin_rounds,0,0,0.000000,enabled
1782984377.273,2026-07-02 09:26:17.275,innodb_rwlock_s_spin_waits,0,0,0.000000,enabled
1782984377.273,2026-07-02 09:26:17.275,innodb_rwlock_x_os_waits,0,0,0.000000,enabled
1782984377.273,2026-07-02 09:26:17.275,innodb_rwlock_x_spin_rounds,0,0,0.000000,enabled
1782984377.273,2026-07-02 09:26:17.275,innodb_rwlock_x_spin_waits,0,0,0.000000,enabled
1782984377.273,2026-07-02 09:26:17.275,lock_deadlocks,0,0,0.000000,enabled
1782984377.273,2026-07-02 09:26:17.275,lock_deadlock_false_positives,0,0,0.000000,enabled
1782984377.273,2026-07-02 09:26:17.275,lock_deadlock_rounds,2191,2191,1.121387,enabled
1782984377.273,2026-07-02 09:26:17.275,lock_rec_grant_attempts,425,425,0.217521,enabled
1782984377.273,2026-07-02 09:26:17.275,lock_rec_release_attempts,34933247,34933247,17879.370098,enabled
1782984377.273,2026-07-02 09:26:17.275,lock_row_lock_current_waits,0,0,0.000000,enabled
1782984377.273,2026-07-02 09:26:17.275,lock_row_lock_time,323,323,0.165316,enabled
1782984377.273,2026-07-02 09:26:17.275,lock_row_lock_time_avg,0,0,0.000000,enabled
1782984377.273,2026-07-02 09:26:17.275,lock_row_lock_time_max,29,29,0.000000,enabled
1782984377.273,2026-07-02 09:26:17.275,lock_row_lock_waits,425,425,0.217521,enabled
1782984377.273,2026-07-02 09:26:17.275,lock_schedule_refreshes,2191,2191,1.121387,enabled
1782984377.273,2026-07-02 09:26:17.275,lock_threads_waiting,0,0,0.000000,enabled
1782984377.273,2026-07-02 09:26:17.275,lock_timeouts,0,0,0.000000,enabled
1782984377.273,2026-07-02 09:26:17.275,log_waits,0,0,0.000000,enabled
1782984377.273,2026-07-02 09:26:17.275,log_writes,172734449,172734449,88408.117601,enabled
1782984377.273,2026-07-02 09:26:17.275,log_write_requests,380091140,380091140,194536.425314,enabled
1782984377.273,2026-07-02 09:26:17.275,os_data_fsyncs,43748577,43748577,22391.187796,enabled
1782984377.273,2026-07-02 09:26:17.275,os_data_reads,56717458,56717458,29028.858597,enabled
1782984377.273,2026-07-02 09:26:17.275,os_data_writes,193447449,193447449,99009.349801,enabled
1782984377.273,2026-07-02 09:26:17.275,os_log_bytes_written,112724670464,112724670464,57694202.484965,enabled
1782984377.273,2026-07-02 09:26:17.275,os_log_fsyncs,38511886,38511886,19710.969546,enabled
1782984377.273,2026-07-02 09:26:17.275,os_log_pending_fsyncs,0,0,0.000000,enabled
1782984377.273,2026-07-02 09:26:17.275,os_log_pending_writes,1,1,0.000512,enabled
1782984377.273,2026-07-02 09:26:17.275,trx_rseg_history_len,78,78,0.000000,enabled
1782984378.342,2026-07-02 09:26:18.344,adaptive_hash_searches,0,0,0.000000,enabled
1782984378.342,2026-07-02 09:26:18.344,adaptive_hash_searches_btree,541053542,541053542,276767.524750,enabled
1782984378.342,2026-07-02 09:26:18.344,buffer_data_reads,925279193600,925279193600,473312247.277932,enabled
1782984378.342,2026-07-02 09:26:18.344,buffer_data_written,474534582784,474534582784,242740819.310313,enabled
1782984378.342,2026-07-02 09:26:18.344,buffer_pages0_read,7,7,0.003581,enabled
1782984378.342,2026-07-02 09:26:18.344,buffer_pages_created,1801234,1801234,921.393377,enabled
1782984378.342,2026-07-02 09:26:18.344,buffer_pages_read,56633564,56633564,28970.022980,enabled
1782984378.342,2026-07-02 09:26:18.344,buffer_pages_written,20033545,20033545,10247.849866,enabled
1782984378.342,2026-07-02 09:26:18.344,buffer_pool_bytes_data,12847267840,12847267840,0.000000,enabled
1782984378.342,2026-07-02 09:26:18.344,buffer_pool_bytes_dirty,4464640000,4464640000,0.000000,enabled
1782984378.342,2026-07-02 09:26:18.344,buffer_pool_pages_data,784135,784135,0.000000,enabled
1782984378.342,2026-07-02 09:26:18.344,buffer_pool_pages_dirty,272500,272500,0.000000,enabled
1782984378.342,2026-07-02 09:26:18.344,buffer_pool_pages_flushed,19975777,19975777,0.000000,enabled
1782984378.342,2026-07-02 09:26:18.344,buffer_pool_pages_free,2201,2201,0.000000,enabled
1782984378.342,2026-07-02 09:26:18.344,buffer_pool_pages_lru_flushed,0,0,0.000000,enabled
1782984378.342,2026-07-02 09:26:18.344,buffer_pool_pages_misc,96,96,0.000000,enabled
1782984378.342,2026-07-02 09:26:18.344,buffer_pool_pages_total,786432,786432,0.000000,enabled
1782984378.342,2026-07-02 09:26:18.344,buffer_pool_reads,55755814,55755814,28521.024639,enabled
1782984378.342,2026-07-02 09:26:18.344,buffer_pool_read_ahead,803715,803715,411.127978,enabled
1782984378.342,2026-07-02 09:26:18.344,buffer_pool_read_ahead_evicted,25,25,0.012788,enabled
1782984378.342,2026-07-02 09:26:18.344,buffer_pool_read_requests,2598050588,2598050588,1328992.603455,enabled
1782984378.342,2026-07-02 09:26:18.344,buffer_pool_size,12884901888,12884901888,0.000000,enabled
1782984378.342,2026-07-02 09:26:18.344,buffer_pool_wait_free,18945,18945,9.691022,enabled
1782984378.342,2026-07-02 09:26:18.344,buffer_pool_write_requests,566896809,566896809,289987.296215,enabled
1782984378.342,2026-07-02 09:26:18.344,dml_deletes,11498748,11498748,5882.005539,enabled
1782984378.342,2026-07-02 09:26:18.344,dml_inserts,111384147,111384147,56976.826557,enabled
1782984378.342,2026-07-02 09:26:18.344,dml_system_deletes,468,468,0.239398,enabled
1782984378.342,2026-07-02 09:26:18.344,dml_system_inserts,1202,1202,0.614864,enabled
1782984378.342,2026-07-02 09:26:18.344,dml_system_reads,7661,7661,3.918865,enabled
1782984378.342,2026-07-02 09:26:18.344,dml_system_updates,620,620,0.317151,enabled
1782984378.342,2026-07-02 09:26:18.344,dml_updates,22997610,22997610,11764.069381,enabled
1782984378.342,2026-07-02 09:26:18.344,file_num_open_files,35,35,0.000000,enabled
1782984378.342,2026-07-02 09:26:18.344,ibuf_merges,0,0,0.000000,enabled
1782984378.342,2026-07-02 09:26:18.344,ibuf_merges_delete,0,0,0.000000,enabled
1782984378.342,2026-07-02 09:26:18.344,ibuf_merges_delete_mark,0,0,0.000000,enabled
1782984378.342,2026-07-02 09:26:18.344,ibuf_merges_discard_delete,0,0,0.000000,enabled
1782984378.342,2026-07-02 09:26:18.344,ibuf_merges_discard_delete_mark,0,0,0.000000,enabled
1782984378.342,2026-07-02 09:26:18.344,ibuf_merges_discard_insert,0,0,0.000000,enabled
1782984378.342,2026-07-02 09:26:18.344,ibuf_merges_insert,0,0,0.000000,enabled
1782984378.342,2026-07-02 09:26:18.344,ibuf_size,1,1,0.000512,enabled
1782984378.342,2026-07-02 09:26:18.344,innodb_activity_count,16119569,16119569,8245.714725,enabled
1782984378.342,2026-07-02 09:26:18.344,innodb_dblwr_pages_written,19974080,19974080,10217.429790,enabled
1782984378.342,2026-07-02 09:26:18.344,innodb_dblwr_writes,399510,399510,204.363124,enabled
1782984378.342,2026-07-02 09:26:18.344,innodb_page_size,16384,16384,0.000000,enabled
1782984378.342,2026-07-02 09:26:18.344,innodb_rwlock_sx_os_waits,0,0,0.000000,enabled
1782984378.342,2026-07-02 09:26:18.344,innodb_rwlock_sx_spin_rounds,0,0,0.000000,enabled
1782984378.342,2026-07-02 09:26:18.344,innodb_rwlock_sx_spin_waits,0,0,0.000000,enabled
1782984378.342,2026-07-02 09:26:18.344,innodb_rwlock_s_os_waits,0,0,0.000000,enabled
1782984378.342,2026-07-02 09:26:18.344,innodb_rwlock_s_spin_rounds,0,0,0.000000,enabled
1782984378.342,2026-07-02 09:26:18.344,innodb_rwlock_s_spin_waits,0,0,0.000000,enabled
1782984378.342,2026-07-02 09:26:18.344,innodb_rwlock_x_os_waits,0,0,0.000000,enabled
1782984378.342,2026-07-02 09:26:18.344,innodb_rwlock_x_spin_rounds,0,0,0.000000,enabled
1782984378.342,2026-07-02 09:26:18.344,innodb_rwlock_x_spin_waits,0,0,0.000000,enabled
1782984378.342,2026-07-02 09:26:18.344,lock_deadlocks,0,0,0.000000,enabled
1782984378.342,2026-07-02 09:26:18.344,lock_deadlock_false_positives,0,0,0.000000,enabled
1782984378.342,2026-07-02 09:26:18.344,lock_deadlock_rounds,2192,2192,1.121284,enabled
1782984378.342,2026-07-02 09:26:18.344,lock_rec_grant_attempts,425,425,0.217402,enabled
1782984378.342,2026-07-02 09:26:18.344,lock_rec_release_attempts,34948300,34948300,17877.262765,enabled
1782984378.342,2026-07-02 09:26:18.344,lock_row_lock_current_waits,0,0,0.000000,enabled
1782984378.342,2026-07-02 09:26:18.344,lock_row_lock_time,323,323,0.165226,enabled
1782984378.342,2026-07-02 09:26:18.344,lock_row_lock_time_avg,0,0,0.000000,enabled
1782984378.342,2026-07-02 09:26:18.344,lock_row_lock_time_max,29,29,0.000000,enabled
1782984378.342,2026-07-02 09:26:18.344,lock_row_lock_waits,425,425,0.217402,enabled
1782984378.342,2026-07-02 09:26:18.344,lock_schedule_refreshes,2192,2192,1.121284,enabled
1782984378.342,2026-07-02 09:26:18.344,lock_threads_waiting,0,0,0.000000,enabled
1782984378.342,2026-07-02 09:26:18.344,lock_timeouts,0,0,0.000000,enabled
1782984378.342,2026-07-02 09:26:18.344,log_waits,0,0,0.000000,enabled
1782984378.342,2026-07-02 09:26:18.344,log_writes,172810161,172810161,88398.353177,enabled
1782984378.342,2026-07-02 09:26:18.344,log_write_requests,380174733,380174733,194472.478627,enabled
1782984378.342,2026-07-02 09:26:18.344,os_data_fsyncs,43781427,43781427,22395.709608,enabled
1782984378.342,2026-07-02 09:26:18.344,os_data_reads,56775498,56775498,29042.625050,enabled
1782984378.342,2026-07-02 09:26:18.344,os_data_writes,193539950,193539950,99002.358271,enabled
1782984378.342,2026-07-02 09:26:18.344,os_log_bytes_written,112764548608,112764548608,57682954.888841,enabled
1782984378.342,2026-07-02 09:26:18.344,os_log_fsyncs,38539924,38539924,19714.500017,enabled
1782984378.342,2026-07-02 09:26:18.344,os_log_pending_fsyncs,1,1,0.000512,enabled
1782984378.342,2026-07-02 09:26:18.344,os_log_pending_writes,0,0,0.000000,enabled
1782984378.342,2026-07-02 09:26:18.344,trx_rseg_history_len,277,277,0.000000,enabled
1782984379.414,2026-07-02 09:26:19.416,adaptive_hash_searches,0,0,0.000000,enabled
1782984379.414,2026-07-02 09:26:19.416,adaptive_hash_searches_btree,541224532,541224532,276703.263008,enabled
1782984379.414,2026-07-02 09:26:19.416,buffer_data_reads,926215457280,926215457280,473531581.700478,enabled
1782984379.414,2026-07-02 09:26:19.416,buffer_data_written,474875606528,474875606528,242782167.922810,enabled
1782984379.414,2026-07-02 09:26:19.416,buffer_pages0_read,7,7,0.003579,enabled
1782984379.414,2026-07-02 09:26:19.416,buffer_pages_created,1801268,1801268,920.905918,enabled
1782984379.414,2026-07-02 09:26:19.416,buffer_pages_read,56690875,56690875,28983.450418,enabled
1782984379.414,2026-07-02 09:26:19.416,buffer_pages_written,20051863,20051863,10251.600100,enabled
1782984379.414,2026-07-02 09:26:19.416,buffer_pool_bytes_data,12853379072,12853379072,0.000000,enabled
1782984379.414,2026-07-02 09:26:19.416,buffer_pool_bytes_dirty,4441718784,4441718784,0.000000,enabled
1782984379.414,2026-07-02 09:26:19.416,buffer_pool_pages_data,784508,784508,0.000000,enabled
1782984379.414,2026-07-02 09:26:19.416,buffer_pool_pages_dirty,271101,271101,0.000000,enabled
1782984379.414,2026-07-02 09:26:19.416,buffer_pool_pages_flushed,19994793,19994793,0.000000,enabled
1782984379.414,2026-07-02 09:26:19.416,buffer_pool_pages_free,1828,1828,0.000000,enabled
1782984379.414,2026-07-02 09:26:19.416,buffer_pool_pages_lru_flushed,0,0,0.000000,enabled
1782984379.414,2026-07-02 09:26:19.416,buffer_pool_pages_misc,96,96,0.000000,enabled
1782984379.414,2026-07-02 09:26:19.416,buffer_pool_pages_total,786432,786432,0.000000,enabled
1782984379.414,2026-07-02 09:26:19.416,buffer_pool_reads,55813069,55813069,28534.669867,enabled
1782984379.414,2026-07-02 09:26:19.416,buffer_pool_read_ahead,803715,803715,410.902720,enabled
1782984379.414,2026-07-02 09:26:19.416,buffer_pool_read_ahead_evicted,25,25,0.012781,enabled
1782984379.414,2026-07-02 09:26:19.416,buffer_pool_read_requests,2598898154,2598898154,1328697.768122,enabled
1782984379.414,2026-07-02 09:26:19.416,buffer_pool_size,12884901888,12884901888,0.000000,enabled
1782984379.414,2026-07-02 09:26:19.416,buffer_pool_wait_free,18945,18945,9.685712,enabled
1782984379.414,2026-07-02 09:26:19.416,buffer_pool_write_requests,567014059,567014059,289888.356006,enabled
1782984379.414,2026-07-02 09:26:19.416,dml_deletes,11503649,11503649,5881.287399,enabled
1782984379.414,2026-07-02 09:26:19.416,dml_inserts,111389048,111389048,56948.104520,enabled
1782984379.414,2026-07-02 09:26:19.416,dml_system_deletes,468,468,0.239267,enabled
1782984379.414,2026-07-02 09:26:19.416,dml_system_inserts,1202,1202,0.614527,enabled
1782984379.414,2026-07-02 09:26:19.416,dml_system_reads,7661,7661,3.916717,enabled
1782984379.414,2026-07-02 09:26:19.416,dml_system_updates,620,620,0.316978,enabled
1782984379.414,2026-07-02 09:26:19.416,dml_updates,23007416,23007416,11762.635092,enabled
1782984379.414,2026-07-02 09:26:19.416,file_num_open_files,35,35,0.000000,enabled
1782984379.414,2026-07-02 09:26:19.416,ibuf_merges,0,0,0.000000,enabled
1782984379.414,2026-07-02 09:26:19.416,ibuf_merges_delete,0,0,0.000000,enabled
1782984379.414,2026-07-02 09:26:19.416,ibuf_merges_delete_mark,0,0,0.000000,enabled
1782984379.414,2026-07-02 09:26:19.416,ibuf_merges_discard_delete,0,0,0.000000,enabled
1782984379.414,2026-07-02 09:26:19.416,ibuf_merges_discard_delete_mark,0,0,0.000000,enabled
1782984379.414,2026-07-02 09:26:19.416,ibuf_merges_discard_insert,0,0,0.000000,enabled
1782984379.414,2026-07-02 09:26:19.416,ibuf_merges_insert,0,0,0.000000,enabled
1782984379.414,2026-07-02 09:26:19.416,ibuf_size,1,1,0.000511,enabled
1782984379.414,2026-07-02 09:26:19.416,innodb_activity_count,16125199,16125199,8244.073973,enabled
1782984379.414,2026-07-02 09:26:19.416,innodb_dblwr_pages_written,19993096,19993096,10221.552003,enabled
1782984379.414,2026-07-02 09:26:19.416,innodb_dblwr_writes,399862,399862,204.431081,enabled
1782984379.414,2026-07-02 09:26:19.416,innodb_page_size,16384,16384,0.000000,enabled
1782984379.414,2026-07-02 09:26:19.416,innodb_rwlock_sx_os_waits,0,0,0.000000,enabled
1782984379.414,2026-07-02 09:26:19.416,innodb_rwlock_sx_spin_rounds,0,0,0.000000,enabled
1782984379.414,2026-07-02 09:26:19.416,innodb_rwlock_sx_spin_waits,0,0,0.000000,enabled
1782984379.414,2026-07-02 09:26:19.416,innodb_rwlock_s_os_waits,0,0,0.000000,enabled
1782984379.414,2026-07-02 09:26:19.416,innodb_rwlock_s_spin_rounds,0,0,0.000000,enabled
1782984379.414,2026-07-02 09:26:19.416,innodb_rwlock_s_spin_waits,0,0,0.000000,enabled
1782984379.414,2026-07-02 09:26:19.416,innodb_rwlock_x_os_waits,0,0,0.000000,enabled
1782984379.414,2026-07-02 09:26:19.416,innodb_rwlock_x_spin_rounds,0,0,0.000000,enabled
1782984379.414,2026-07-02 09:26:19.416,innodb_rwlock_x_spin_waits,0,0,0.000000,enabled
1782984379.414,2026-07-02 09:26:19.416,lock_deadlocks,0,0,0.000000,enabled
1782984379.414,2026-07-02 09:26:19.416,lock_deadlock_false_positives,0,0,0.000000,enabled
1782984379.414,2026-07-02 09:26:19.416,lock_deadlock_rounds,2193,2193,1.121181,enabled
1782984379.414,2026-07-02 09:26:19.416,lock_rec_grant_attempts,425,425,0.217283,enabled
1782984379.414,2026-07-02 09:26:19.416,lock_rec_release_attempts,34963189,34963189,17875.079975,enabled
1782984379.414,2026-07-02 09:26:19.416,lock_row_lock_current_waits,0,0,0.000000,enabled
1782984379.414,2026-07-02 09:26:19.416,lock_row_lock_time,323,323,0.165135,enabled
1782984379.414,2026-07-02 09:26:19.416,lock_row_lock_time_avg,0,0,0.000000,enabled
1782984379.414,2026-07-02 09:26:19.416,lock_row_lock_time_max,29,29,0.000000,enabled
1782984379.414,2026-07-02 09:26:19.416,lock_row_lock_waits,425,425,0.217283,enabled
1782984379.414,2026-07-02 09:26:19.416,lock_schedule_refreshes,2193,2193,1.121181,enabled
1782984379.414,2026-07-02 09:26:19.416,lock_threads_waiting,0,0,0.000000,enabled
1782984379.414,2026-07-02 09:26:19.416,lock_timeouts,0,0,0.000000,enabled
1782984379.414,2026-07-02 09:26:19.416,log_waits,0,0,0.000000,enabled
1782984379.414,2026-07-02 09:26:19.416,log_writes,172890227,172890227,88390.844443,enabled
1782984379.414,2026-07-02 09:26:19.416,log_write_requests,380258403,380258403,194408.683451,enabled
1782984379.414,2026-07-02 09:26:19.416,os_data_fsyncs,43816110,43816110,22401.169231,enabled
1782984379.414,2026-07-02 09:26:19.416,os_data_reads,56832657,56832657,29055.933377,enabled
1782984379.414,2026-07-02 09:26:19.416,os_data_writes,193638558,193638558,98998.521672,enabled
1782984379.414,2026-07-02 09:26:19.416,os_log_bytes_written,112806540288,112806540288,57672814.637217,enabled
1782984379.414,2026-07-02 09:26:19.416,os_log_fsyncs,38569655,38569655,19718.897097,enabled
1782984379.414,2026-07-02 09:26:19.416,os_log_pending_fsyncs,0,0,0.000000,enabled
1782984379.414,2026-07-02 09:26:19.416,os_log_pending_writes,0,0,0.000000,enabled
1782984379.414,2026-07-02 09:26:19.416,trx_rseg_history_len,348,348,0.000000,enabled
1782984380.486,2026-07-02 09:26:20.487,adaptive_hash_searches,0,0,0.000000,enabled
1782984380.486,2026-07-02 09:26:20.487,adaptive_hash_searches_btree,541397451,541397451,276640.027359,enabled
1782984380.486,2026-07-02 09:26:20.487,buffer_data_reads,927167187456,927167187456,473758473.641541,enabled
1782984380.486,2026-07-02 09:26:20.487,buffer_data_written,475178875392,475178875392,242804125.600627,enabled
1782984380.486,2026-07-02 09:26:20.487,buffer_pages0_read,7,7,0.003577,enabled
1782984380.486,2026-07-02 09:26:20.487,buffer_pages_created,1801310,1801310,920.422873,enabled
1782984380.486,2026-07-02 09:26:20.487,buffer_pages_read,56749126,56749126,28997.337039,enabled
1782984380.486,2026-07-02 09:26:20.487,buffer_pages_written,20067461,20067461,10253.954087,enabled
1782984380.486,2026-07-02 09:26:20.487,buffer_pool_bytes_data,12854231040,12854231040,0.000000,enabled
1782984380.486,2026-07-02 09:26:20.487,buffer_pool_bytes_dirty,4465983488,4465983488,0.000000,enabled
1782984380.486,2026-07-02 09:26:20.487,buffer_pool_pages_data,784560,784560,0.000000,enabled
1782984380.486,2026-07-02 09:26:20.487,buffer_pool_pages_dirty,272582,272582,0.000000,enabled
1782984380.486,2026-07-02 09:26:20.487,buffer_pool_pages_flushed,20010392,20010392,0.000000,enabled
1782984380.486,2026-07-02 09:26:20.487,buffer_pool_pages_free,1775,1775,0.000000,enabled
1782984380.486,2026-07-02 09:26:20.487,buffer_pool_pages_lru_flushed,0,0,0.000000,enabled
1782984380.486,2026-07-02 09:26:20.487,buffer_pool_pages_misc,96,96,0.000000,enabled
1782984380.486,2026-07-02 09:26:20.487,buffer_pool_pages_total,786432,786432,0.000000,enabled
1782984380.486,2026-07-02 09:26:20.487,buffer_pool_reads,55871258,55871258,28548.770346,enabled
1782984380.486,2026-07-02 09:26:20.487,buffer_pool_read_ahead,803715,803715,410.677610,enabled
1782984380.486,2026-07-02 09:26:20.487,buffer_pool_read_ahead_evicted,25,25,0.012774,enabled
1782984380.486,2026-07-02 09:26:20.487,buffer_pool_read_requests,2599754340,2599754340,1328407.338987,enabled
1782984380.486,2026-07-02 09:26:20.487,buffer_pool_size,12884901888,12884901888,0.000000,enabled
1782984380.486,2026-07-02 09:26:20.487,buffer_pool_wait_free,18945,18945,9.680406,enabled
1782984380.486,2026-07-02 09:26:20.487,buffer_pool_write_requests,567131006,567131006,289789.299836,enabled
1782984380.486,2026-07-02 09:26:20.487,dml_deletes,11508636,11508636,5880.613513,enabled
1782984380.486,2026-07-02 09:26:20.487,dml_inserts,111394033,111394033,56919.452226,enabled
1782984380.486,2026-07-02 09:26:20.487,dml_system_deletes,468,468,0.239136,enabled
1782984380.486,2026-07-02 09:26:20.487,dml_system_inserts,1202,1202,0.614191,enabled
1782984380.486,2026-07-02 09:26:20.487,dml_system_reads,7661,7661,3.914572,enabled
1782984380.486,2026-07-02 09:26:20.487,dml_system_updates,620,620,0.316804,enabled
1782984380.486,2026-07-02 09:26:20.487,dml_updates,23017387,23017387,11761.285766,enabled
1782984380.486,2026-07-02 09:26:20.487,file_num_open_files,35,35,0.000000,enabled
1782984380.486,2026-07-02 09:26:20.487,ibuf_merges,0,0,0.000000,enabled
1782984380.486,2026-07-02 09:26:20.487,ibuf_merges_delete,0,0,0.000000,enabled
1782984380.486,2026-07-02 09:26:20.487,ibuf_merges_delete_mark,0,0,0.000000,enabled
1782984380.486,2026-07-02 09:26:20.487,ibuf_merges_discard_delete,0,0,0.000000,enabled
1782984380.486,2026-07-02 09:26:20.487,ibuf_merges_discard_delete_mark,0,0,0.000000,enabled
1782984380.486,2026-07-02 09:26:20.487,ibuf_merges_discard_insert,0,0,0.000000,enabled
1782984380.486,2026-07-02 09:26:20.487,ibuf_merges_insert,0,0,0.000000,enabled
1782984380.486,2026-07-02 09:26:20.487,ibuf_size,1,1,0.000511,enabled
1782984380.486,2026-07-02 09:26:20.487,innodb_activity_count,16130926,16130926,8242.483688,enabled
1782984380.486,2026-07-02 09:26:20.487,innodb_dblwr_pages_written,20008695,20008695,10223.922660,enabled
1782984380.486,2026-07-02 09:26:20.487,innodb_dblwr_writes,400229,400229,204.506608,enabled
1782984380.486,2026-07-02 09:26:20.487,innodb_page_size,16384,16384,0.000000,enabled
1782984380.486,2026-07-02 09:26:20.487,innodb_rwlock_sx_os_waits,0,0,0.000000,enabled
1782984380.486,2026-07-02 09:26:20.487,innodb_rwlock_sx_spin_rounds,0,0,0.000000,enabled
1782984380.486,2026-07-02 09:26:20.487,innodb_rwlock_sx_spin_waits,0,0,0.000000,enabled
1782984380.486,2026-07-02 09:26:20.487,innodb_rwlock_s_os_waits,0,0,0.000000,enabled
1782984380.486,2026-07-02 09:26:20.487,innodb_rwlock_s_spin_rounds,0,0,0.000000,enabled
1782984380.486,2026-07-02 09:26:20.487,innodb_rwlock_s_spin_waits,0,0,0.000000,enabled
1782984380.486,2026-07-02 09:26:20.487,innodb_rwlock_x_os_waits,0,0,0.000000,enabled
1782984380.486,2026-07-02 09:26:20.487,innodb_rwlock_x_spin_rounds,0,0,0.000000,enabled
1782984380.486,2026-07-02 09:26:20.487,innodb_rwlock_x_spin_waits,0,0,0.000000,enabled
1782984380.486,2026-07-02 09:26:20.487,lock_deadlocks,0,0,0.000000,enabled
1782984380.486,2026-07-02 09:26:20.487,lock_deadlock_false_positives,0,0,0.000000,enabled
1782984380.486,2026-07-02 09:26:20.487,lock_deadlock_rounds,2194,2194,1.121077,enabled
1782984380.486,2026-07-02 09:26:20.487,lock_rec_grant_attempts,425,425,0.217164,enabled
1782984380.486,2026-07-02 09:26:20.487,lock_rec_release_attempts,34978368,34978368,17873.043224,enabled
1782984380.486,2026-07-02 09:26:20.487,lock_row_lock_current_waits,0,0,0.000000,enabled
1782984380.486,2026-07-02 09:26:20.487,lock_row_lock_time,323,323,0.165045,enabled
1782984380.486,2026-07-02 09:26:20.487,lock_row_lock_time_avg,0,0,0.000000,enabled
1782984380.486,2026-07-02 09:26:20.487,lock_row_lock_time_max,29,29,0.000000,enabled
1782984380.486,2026-07-02 09:26:20.487,lock_row_lock_waits,425,425,0.217164,enabled
1782984380.486,2026-07-02 09:26:20.487,lock_schedule_refreshes,2194,2194,1.121077,enabled
1782984380.486,2026-07-02 09:26:20.487,lock_threads_waiting,0,0,0.000000,enabled
1782984380.486,2026-07-02 09:26:20.487,lock_timeouts,0,0,0.000000,enabled
1782984380.486,2026-07-02 09:26:20.487,log_waits,0,0,0.000000,enabled
1782984380.486,2026-07-02 09:26:20.487,log_writes,172969153,172969153,88382.748199,enabled
1782984380.486,2026-07-02 09:26:20.487,log_write_requests,380343106,380343106,194345.456666,enabled
1782984380.486,2026-07-02 09:26:20.487,os_data_fsyncs,43850718,43850718,22406.580593,enabled
1782984380.486,2026-07-02 09:26:20.487,os_data_reads,56890719,56890719,29069.683281,enabled
1782984380.486,2026-07-02 09:26:20.487,os_data_writes,193733349,193733349,98992.721199,enabled
1782984380.486,2026-07-02 09:26:20.487,os_log_bytes_written,112848054784,112848054784,57662431.318147,enabled
1782984380.486,2026-07-02 09:26:20.487,os_log_fsyncs,38599087,38599087,19723.133071,enabled
1782984380.486,2026-07-02 09:26:20.487,os_log_pending_fsyncs,1,1,0.000511,enabled
1782984380.486,2026-07-02 09:26:20.487,os_log_pending_writes,1,1,0.000511,enabled
1782984380.486,2026-07-02 09:26:20.487,trx_rseg_history_len,478,478,0.000000,enabled
1782984381.558,2026-07-02 09:26:21.560,adaptive_hash_searches,0,0,0.000000,enabled
1782984381.558,2026-07-02 09:26:21.560,adaptive_hash_searches_btree,541569563,541569563,276576.436585,enabled
1782984381.558,2026-07-02 09:26:21.560,buffer_data_reads,928118245888,928118245888,473984685.067727,enabled
1782984381.558,2026-07-02 09:26:21.560,buffer_data_written,475479160320,475479160320,242824490.119664,enabled
1782984381.558,2026-07-02 09:26:21.560,buffer_pages0_read,7,7,0.003575,enabled
1782984381.558,2026-07-02 09:26:21.560,buffer_pages_created,1801351,1801351,919.939673,enabled
1782984381.558,2026-07-02 09:26:21.560,buffer_pages_read,56807338,56807338,29011.182996,enabled
1782984381.558,2026-07-02 09:26:21.560,buffer_pages_written,20082803,20082803,10256.172812,enabled
1782984381.558,2026-07-02 09:26:21.560,buffer_pool_bytes_data,12849184768,12849184768,0.000000,enabled
1782984381.558,2026-07-02 09:26:21.560,buffer_pool_bytes_dirty,4490444800,4490444800,0.000000,enabled
1782984381.558,2026-07-02 09:26:21.560,buffer_pool_pages_data,784252,784252,0.000000,enabled
1782984381.558,2026-07-02 09:26:21.560,buffer_pool_pages_dirty,274074,274074,0.000000,enabled
1782984381.558,2026-07-02 09:26:21.560,buffer_pool_pages_flushed,20025733,20025733,0.000000,enabled
1782984381.558,2026-07-02 09:26:21.560,buffer_pool_pages_free,2083,2083,0.000000,enabled
1782984381.558,2026-07-02 09:26:21.560,buffer_pool_pages_lru_flushed,0,0,0.000000,enabled
1782984381.558,2026-07-02 09:26:21.560,buffer_pool_pages_misc,97,97,0.000000,enabled
1782984381.558,2026-07-02 09:26:21.560,buffer_pool_pages_total,786432,786432,0.000000,enabled
1782984381.558,2026-07-02 09:26:21.560,buffer_pool_reads,55929416,55929416,28562.834499,enabled
1782984381.558,2026-07-02 09:26:21.560,buffer_pool_read_ahead,803715,803715,410.452672,enabled
1782984381.558,2026-07-02 09:26:21.560,buffer_pool_read_ahead_evicted,25,25,0.012767,enabled
1782984381.558,2026-07-02 09:26:21.560,buffer_pool_read_requests,2600607648,2600607648,1328115.518676,enabled
1782984381.558,2026-07-02 09:26:21.560,buffer_pool_size,12884901888,12884901888,0.000000,enabled
1782984381.558,2026-07-02 09:26:21.560,buffer_pool_wait_free,18945,18945,9.675104,enabled
1782984381.558,2026-07-02 09:26:21.560,buffer_pool_write_requests,567248203,567248203,289690.427217,enabled
1782984381.558,2026-07-02 09:26:21.560,dml_deletes,11513599,11513599,5879.928071,enabled
1782984381.558,2026-07-02 09:26:21.560,dml_inserts,111398997,111398997,56890.820181,enabled
1782984381.558,2026-07-02 09:26:21.560,dml_system_deletes,468,468,0.239005,enabled
1782984381.558,2026-07-02 09:26:21.560,dml_system_inserts,1202,1202,0.613854,enabled
1782984381.558,2026-07-02 09:26:21.560,dml_system_reads,7661,7661,3.912428,enabled
1782984381.558,2026-07-02 09:26:21.560,dml_system_updates,620,620,0.316630,enabled
1782984381.558,2026-07-02 09:26:21.560,dml_updates,23027316,23027316,11759.916391,enabled
1782984381.558,2026-07-02 09:26:21.560,file_num_open_files,35,35,0.000000,enabled
1782984381.558,2026-07-02 09:26:21.560,ibuf_merges,0,0,0.000000,enabled
1782984381.558,2026-07-02 09:26:21.560,ibuf_merges_delete,0,0,0.000000,enabled
1782984381.558,2026-07-02 09:26:21.560,ibuf_merges_delete_mark,0,0,0.000000,enabled
1782984381.558,2026-07-02 09:26:21.560,ibuf_merges_discard_delete,0,0,0.000000,enabled
1782984381.558,2026-07-02 09:26:21.560,ibuf_merges_discard_delete_mark,0,0,0.000000,enabled
1782984381.558,2026-07-02 09:26:21.560,ibuf_merges_discard_insert,0,0,0.000000,enabled
1782984381.558,2026-07-02 09:26:21.560,ibuf_merges_insert,0,0,0.000000,enabled
1782984381.558,2026-07-02 09:26:21.560,ibuf_size,1,1,0.000511,enabled
1782984381.558,2026-07-02 09:26:21.560,innodb_activity_count,16136632,16136632,8240.884303,enabled
1782984381.558,2026-07-02 09:26:21.560,innodb_dblwr_pages_written,20024036,20024036,10226.158881,enabled
1782984381.558,2026-07-02 09:26:21.560,innodb_dblwr_writes,400587,400587,204.577454,enabled
1782984381.558,2026-07-02 09:26:21.560,innodb_page_size,16384,16384,0.000000,enabled
1782984381.558,2026-07-02 09:26:21.560,innodb_rwlock_sx_os_waits,0,0,0.000000,enabled
1782984381.558,2026-07-02 09:26:21.560,innodb_rwlock_sx_spin_rounds,0,0,0.000000,enabled
1782984381.558,2026-07-02 09:26:21.560,innodb_rwlock_sx_spin_waits,0,0,0.000000,enabled
1782984381.558,2026-07-02 09:26:21.560,innodb_rwlock_s_os_waits,0,0,0.000000,enabled
1782984381.558,2026-07-02 09:26:21.560,innodb_rwlock_s_spin_rounds,0,0,0.000000,enabled
1782984381.558,2026-07-02 09:26:21.560,innodb_rwlock_s_spin_waits,0,0,0.000000,enabled
1782984381.558,2026-07-02 09:26:21.560,innodb_rwlock_x_os_waits,0,0,0.000000,enabled
1782984381.558,2026-07-02 09:26:21.560,innodb_rwlock_x_spin_rounds,0,0,0.000000,enabled
1782984381.558,2026-07-02 09:26:21.560,innodb_rwlock_x_spin_waits,0,0,0.000000,enabled
1782984381.558,2026-07-02 09:26:21.560,lock_deadlocks,0,0,0.000000,enabled
1782984381.558,2026-07-02 09:26:21.560,lock_deadlock_false_positives,0,0,0.000000,enabled
1782984381.558,2026-07-02 09:26:21.560,lock_deadlock_rounds,2195,2195,1.120974,enabled
1782984381.558,2026-07-02 09:26:21.560,lock_rec_grant_attempts,425,425,0.217045,enabled
1782984381.558,2026-07-02 09:26:21.560,lock_rec_release_attempts,34993447,34993447,17870.954523,enabled
1782984381.558,2026-07-02 09:26:21.560,lock_row_lock_current_waits,0,0,0.000000,enabled
1782984381.558,2026-07-02 09:26:21.560,lock_row_lock_time,323,323,0.164954,enabled
1782984381.558,2026-07-02 09:26:21.560,lock_row_lock_time_avg,0,0,0.000000,enabled
1782984381.558,2026-07-02 09:26:21.560,lock_row_lock_time_max,29,29,0.000000,enabled
1782984381.558,2026-07-02 09:26:21.560,lock_row_lock_waits,425,425,0.217045,enabled
1782984381.558,2026-07-02 09:26:21.560,lock_schedule_refreshes,2195,2195,1.120974,enabled
1782984381.558,2026-07-02 09:26:21.560,lock_threads_waiting,0,0,0.000000,enabled
1782984381.558,2026-07-02 09:26:21.560,lock_timeouts,0,0,0.000000,enabled
1782984381.558,2026-07-02 09:26:21.560,log_waits,0,0,0.000000,enabled
1782984381.558,2026-07-02 09:26:21.560,log_writes,173050543,173050543,88375.912915,enabled
1782984381.558,2026-07-02 09:26:21.560,log_write_requests,380427394,380427394,194282.073254,enabled
1782984381.558,2026-07-02 09:26:21.560,os_data_fsyncs,43886049,43886049,22412.352626,enabled
1782984381.558,2026-07-02 09:26:21.560,os_data_reads,56948762,56948762,29083.405023,enabled
1782984381.558,2026-07-02 09:26:21.560,os_data_writes,193830360,193830360,98988.049307,enabled
1782984381.558,2026-07-02 09:26:21.560,os_log_bytes_written,112890706432,112890706432,57652633.870192,enabled
1782984381.558,2026-07-02 09:26:21.560,os_log_fsyncs,38629476,38629476,19727.850987,enabled
1782984381.558,2026-07-02 09:26:21.560,os_log_pending_fsyncs,1,1,0.000511,enabled
1782984381.558,2026-07-02 09:26:21.560,os_log_pending_writes,0,0,0.000000,enabled
1782984381.558,2026-07-02 09:26:21.560,trx_rseg_history_len,604,604,0.000000,enabled
1782984382.630,2026-07-02 09:26:22.632,adaptive_hash_searches,0,0,0.000000,enabled
1782984382.630,2026-07-02 09:26:22.632,adaptive_hash_searches_btree,541741799,541741799,276513.063718,enabled
1782984382.630,2026-07-02 09:26:22.632,buffer_data_reads,929073973760,929073973760,474213239.608078,enabled
1782984382.630,2026-07-02 09:26:22.632,buffer_data_written,475780879360,475780879360,242845670.298173,enabled
1782984382.630,2026-07-02 09:26:22.632,buffer_pages0_read,7,7,0.003573,enabled
1782984382.630,2026-07-02 09:26:22.632,buffer_pages_created,1801387,1801387,919.454853,enabled
1782984382.630,2026-07-02 09:26:22.632,buffer_pages_read,56865851,56865851,29025.180181,enabled
1782984382.630,2026-07-02 09:26:22.632,buffer_pages_written,20098226,20098226,10258.434946,enabled
1782984382.630,2026-07-02 09:26:22.632,buffer_pool_bytes_data,12853067776,12853067776,0.000000,enabled
1782984382.630,2026-07-02 09:26:22.632,buffer_pool_bytes_dirty,4512759808,4512759808,0.000000,enabled
1782984382.630,2026-07-02 09:26:22.632,buffer_pool_pages_data,784488,784488,0.000000,enabled
1782984382.630,2026-07-02 09:26:22.632,buffer_pool_pages_dirty,275437,275437,0.000000,enabled
1782984382.630,2026-07-02 09:26:22.632,buffer_pool_pages_flushed,20041156,20041156,0.000000,enabled
1782984382.630,2026-07-02 09:26:22.632,buffer_pool_pages_free,1845,1845,0.000000,enabled
1782984382.630,2026-07-02 09:26:22.632,buffer_pool_pages_lru_flushed,0,0,0.000000,enabled
1782984382.630,2026-07-02 09:26:22.632,buffer_pool_pages_misc,96,96,0.000000,enabled
1782984382.630,2026-07-02 09:26:22.632,buffer_pool_pages_total,786432,786432,0.000000,enabled
1782984382.630,2026-07-02 09:26:22.632,buffer_pool_reads,55987850,55987850,28577.036567,enabled
1782984382.630,2026-07-02 09:26:22.632,buffer_pool_read_ahead,803715,803715,410.228160,enabled
1782984382.630,2026-07-02 09:26:22.632,buffer_pool_read_ahead_evicted,25,25,0.012760,enabled
1782984382.630,2026-07-02 09:26:22.632,buffer_pool_read_requests,2601461292,2601461292,1327824.769489,enabled
1782984382.630,2026-07-02 09:26:22.632,buffer_pool_size,12884901888,12884901888,0.000000,enabled
1782984382.630,2026-07-02 09:26:22.632,buffer_pool_wait_free,18945,18945,9.669811,enabled
1782984382.630,2026-07-02 09:26:22.632,buffer_pool_write_requests,567364749,567364749,289591.457177,enabled
1782984382.630,2026-07-02 09:26:22.632,dml_deletes,11518569,11518569,5879.248566,enabled
1782984382.630,2026-07-02 09:26:22.632,dml_inserts,111403967,111403967,56862.238187,enabled
1782984382.630,2026-07-02 09:26:22.632,dml_system_deletes,468,468,0.238874,enabled
1782984382.630,2026-07-02 09:26:22.632,dml_system_inserts,1202,1202,0.613519,enabled
1782984382.630,2026-07-02 09:26:22.632,dml_system_reads,7661,7661,3.910288,enabled
1782984382.630,2026-07-02 09:26:22.632,dml_system_updates,620,620,0.316457,enabled
1782984382.630,2026-07-02 09:26:22.632,dml_updates,23037260,23037260,11758.559392,enabled
1782984382.630,2026-07-02 09:26:22.632,file_num_open_files,35,35,0.000000,enabled
1782984382.630,2026-07-02 09:26:22.632,ibuf_merges,0,0,0.000000,enabled
1782984382.630,2026-07-02 09:26:22.632,ibuf_merges_delete,0,0,0.000000,enabled
1782984382.630,2026-07-02 09:26:22.632,ibuf_merges_delete_mark,0,0,0.000000,enabled
1782984382.630,2026-07-02 09:26:22.632,ibuf_merges_discard_delete,0,0,0.000000,enabled
1782984382.630,2026-07-02 09:26:22.632,ibuf_merges_discard_delete_mark,0,0,0.000000,enabled
1782984382.630,2026-07-02 09:26:22.632,ibuf_merges_discard_insert,0,0,0.000000,enabled
1782984382.630,2026-07-02 09:26:22.632,ibuf_merges_insert,0,0,0.000000,enabled
1782984382.630,2026-07-02 09:26:22.632,ibuf_size,1,1,0.000510,enabled
1782984382.630,2026-07-02 09:26:22.632,innodb_activity_count,16142337,16142337,8239.288531,enabled
1782984382.630,2026-07-02 09:26:22.632,innodb_dblwr_pages_written,20039459,20039459,10228.437397,enabled
1782984382.630,2026-07-02 09:26:22.632,innodb_dblwr_writes,400960,400960,204.655937,enabled
1782984382.630,2026-07-02 09:26:22.632,innodb_page_size,16384,16384,0.000000,enabled
1782984382.630,2026-07-02 09:26:22.632,innodb_rwlock_sx_os_waits,0,0,0.000000,enabled
1782984382.630,2026-07-02 09:26:22.632,innodb_rwlock_sx_spin_rounds,0,0,0.000000,enabled
1782984382.630,2026-07-02 09:26:22.632,innodb_rwlock_sx_spin_waits,0,0,0.000000,enabled
1782984382.630,2026-07-02 09:26:22.632,innodb_rwlock_s_os_waits,0,0,0.000000,enabled
1782984382.630,2026-07-02 09:26:22.632,innodb_rwlock_s_spin_rounds,0,0,0.000000,enabled
1782984382.630,2026-07-02 09:26:22.632,innodb_rwlock_s_spin_waits,0,0,0.000000,enabled
1782984382.630,2026-07-02 09:26:22.632,innodb_rwlock_x_os_waits,0,0,0.000000,enabled
1782984382.630,2026-07-02 09:26:22.632,innodb_rwlock_x_spin_rounds,0,0,0.000000,enabled
1782984382.630,2026-07-02 09:26:22.632,innodb_rwlock_x_spin_waits,0,0,0.000000,enabled
1782984382.630,2026-07-02 09:26:22.632,lock_deadlocks,0,0,0.000000,enabled
1782984382.630,2026-07-02 09:26:22.632,lock_deadlock_false_positives,0,0,0.000000,enabled
1782984382.630,2026-07-02 09:26:22.632,lock_deadlock_rounds,2196,2196,1.120871,enabled
1782984382.630,2026-07-02 09:26:22.632,lock_rec_grant_attempts,425,425,0.216926,enabled
1782984382.630,2026-07-02 09:26:22.632,lock_rec_release_attempts,35008573,35008573,17868.899867,enabled
1782984382.630,2026-07-02 09:26:22.632,lock_row_lock_current_waits,0,0,0.000000,enabled
1782984382.630,2026-07-02 09:26:22.632,lock_row_lock_time,323,323,0.164864,enabled
1782984382.630,2026-07-02 09:26:22.632,lock_row_lock_time_avg,0,0,0.000000,enabled
1782984382.630,2026-07-02 09:26:22.632,lock_row_lock_time_max,29,29,0.000000,enabled
1782984382.630,2026-07-02 09:26:22.632,lock_row_lock_waits,425,425,0.216926,enabled
1782984382.630,2026-07-02 09:26:22.632,lock_schedule_refreshes,2196,2196,1.120871,enabled
1782984382.630,2026-07-02 09:26:22.632,lock_threads_waiting,0,0,0.000000,enabled
1782984382.630,2026-07-02 09:26:22.632,lock_timeouts,0,0,0.000000,enabled
1782984382.630,2026-07-02 09:26:22.632,log_waits,0,0,0.000000,enabled
1782984382.630,2026-07-02 09:26:22.632,log_writes,173132069,173132069,88369.184345,enabled
1782984382.630,2026-07-02 09:26:22.632,log_write_requests,380511689,380511689,194218.828527,enabled
1782984382.630,2026-07-02 09:26:22.632,os_data_fsyncs,43921410,43921410,22418.142090,enabled
1782984382.630,2026-07-02 09:26:22.632,os_data_reads,57007089,57007089,29097.267681,enabled
1782984382.630,2026-07-02 09:26:22.632,os_data_writes,193927597,193927597,98983.535097,enabled
1782984382.630,2026-07-02 09:26:22.632,os_log_bytes_written,112933410816,112933410816,57642895.426351,enabled
1782984382.630,2026-07-02 09:26:22.632,os_log_fsyncs,38659838,38659838,19732.557272,enabled
1782984382.630,2026-07-02 09:26:22.632,os_log_pending_fsyncs,1,1,0.000510,enabled
1782984382.630,2026-07-02 09:26:22.632,os_log_pending_writes,1,1,0.000510,enabled
1782984382.630,2026-07-02 09:26:22.632,trx_rseg_history_len,753,753,0.000000,enabled
1782984383.702,2026-07-02 09:26:23.704,adaptive_hash_searches,0,0,0.000000,enabled
1782984383.702,2026-07-02 09:26:23.704,adaptive_hash_searches_btree,541914290,541914290,276449.833131,enabled
1782984383.702,2026-07-02 09:26:23.704,buffer_data_reads,930026588672,930026588672,474439848.622880,enabled
1782984383.702,2026-07-02 09:26:23.704,buffer_data_written,476083632640,476083632640,242867299.850164,enabled
1782984383.702,2026-07-02 09:26:23.704,buffer_pages0_read,7,7,0.003571,enabled
1782984383.702,2026-07-02 09:26:23.704,buffer_pages_created,1801432,1801432,918.974946,enabled
1782984383.702,2026-07-02 09:26:23.704,buffer_pages_read,56924176,56924176,29039.059562,enabled
1782984383.702,2026-07-02 09:26:23.704,buffer_pages_written,20113717,20113717,10260.726977,enabled
1782984383.702,2026-07-02 09:26:23.704,buffer_pool_bytes_data,12857163776,12857163776,0.000000,enabled
1782984383.702,2026-07-02 09:26:23.704,buffer_pool_bytes_dirty,4533026816,4533026816,0.000000,enabled
1782984383.702,2026-07-02 09:26:23.704,buffer_pool_pages_data,784739,784739,0.000000,enabled
1782984383.702,2026-07-02 09:26:23.704,buffer_pool_pages_dirty,276674,276674,0.000000,enabled
1782984383.702,2026-07-02 09:26:23.704,buffer_pool_pages_flushed,20056647,20056647,0.000000,enabled
1782984383.702,2026-07-02 09:26:23.704,buffer_pool_pages_free,1595,1595,0.000000,enabled
1782984383.702,2026-07-02 09:26:23.704,buffer_pool_pages_lru_flushed,0,0,0.000000,enabled
1782984383.702,2026-07-02 09:26:23.704,buffer_pool_pages_misc,96,96,0.000000,enabled
1782984383.702,2026-07-02 09:26:23.704,buffer_pool_pages_total,786432,786432,0.000000,enabled
1782984383.702,2026-07-02 09:26:23.704,buffer_pool_reads,56046119,56046119,28591.132412,enabled
1782984383.702,2026-07-02 09:26:23.704,buffer_pool_read_ahead,803715,803715,410.003799,enabled
1782984383.702,2026-07-02 09:26:23.704,buffer_pool_read_ahead_evicted,25,25,0.012753,enabled
1782984383.702,2026-07-02 09:26:23.704,buffer_pool_read_requests,2602315818,2602315818,1327534.484493,enabled
1782984383.702,2026-07-02 09:26:23.704,buffer_pool_size,12884901888,12884901888,0.000000,enabled
1782984383.702,2026-07-02 09:26:23.704,buffer_pool_wait_free,18945,18945,9.664523,enabled
1782984383.702,2026-07-02 09:26:23.704,buffer_pool_write_requests,567481471,567481471,289492.618892,enabled
1782984383.702,2026-07-02 09:26:23.704,dml_deletes,11523550,11523550,5878.574171,enabled
1782984383.702,2026-07-02 09:26:23.704,dml_inserts,111408949,111408949,56833.681523,enabled
1782984383.702,2026-07-02 09:26:23.704,dml_system_deletes,468,468,0.238744,enabled
1782984383.702,2026-07-02 09:26:23.704,dml_system_inserts,1202,1202,0.613183,enabled
1782984383.702,2026-07-02 09:26:23.704,dml_system_reads,7661,7661,3.908150,enabled
1782984383.702,2026-07-02 09:26:23.704,dml_system_updates,620,620,0.316284,enabled
1782984383.702,2026-07-02 09:26:23.704,dml_updates,23047217,23047217,11757.208015,enabled
1782984383.702,2026-07-02 09:26:23.704,file_num_open_files,35,35,0.000000,enabled
1782984383.702,2026-07-02 09:26:23.704,ibuf_merges,0,0,0.000000,enabled
1782984383.702,2026-07-02 09:26:23.704,ibuf_merges_delete,0,0,0.000000,enabled
1782984383.702,2026-07-02 09:26:23.704,ibuf_merges_delete_mark,0,0,0.000000,enabled
1782984383.702,2026-07-02 09:26:23.704,ibuf_merges_discard_delete,0,0,0.000000,enabled
1782984383.702,2026-07-02 09:26:23.704,ibuf_merges_discard_delete_mark,0,0,0.000000,enabled
1782984383.702,2026-07-02 09:26:23.704,ibuf_merges_discard_insert,0,0,0.000000,enabled
1782984383.702,2026-07-02 09:26:23.704,ibuf_merges_insert,0,0,0.000000,enabled
1782984383.702,2026-07-02 09:26:23.704,ibuf_size,1,1,0.000510,enabled
1782984383.702,2026-07-02 09:26:23.704,innodb_activity_count,16148063,16148063,8237.703515,enabled
1782984383.702,2026-07-02 09:26:23.704,innodb_dblwr_pages_written,20054950,20054950,10230.745946,enabled
1782984383.702,2026-07-02 09:26:23.704,innodb_dblwr_writes,401327,401327,204.731230,enabled
1782984383.702,2026-07-02 09:26:23.704,innodb_page_size,16384,16384,0.000000,enabled
1782984383.702,2026-07-02 09:26:23.704,innodb_rwlock_sx_os_waits,0,0,0.000000,enabled
1782984383.702,2026-07-02 09:26:23.704,innodb_rwlock_sx_spin_rounds,0,0,0.000000,enabled
1782984383.702,2026-07-02 09:26:23.704,innodb_rwlock_sx_spin_waits,0,0,0.000000,enabled
1782984383.702,2026-07-02 09:26:23.704,innodb_rwlock_s_os_waits,0,0,0.000000,enabled
1782984383.702,2026-07-02 09:26:23.704,innodb_rwlock_s_spin_rounds,0,0,0.000000,enabled
1782984383.702,2026-07-02 09:26:23.704,innodb_rwlock_s_spin_waits,0,0,0.000000,enabled
1782984383.702,2026-07-02 09:26:23.704,innodb_rwlock_x_os_waits,0,0,0.000000,enabled
1782984383.702,2026-07-02 09:26:23.704,innodb_rwlock_x_spin_rounds,0,0,0.000000,enabled
1782984383.702,2026-07-02 09:26:23.704,innodb_rwlock_x_spin_waits,0,0,0.000000,enabled
1782984383.702,2026-07-02 09:26:23.704,lock_deadlocks,0,0,0.000000,enabled
1782984383.702,2026-07-02 09:26:23.704,lock_deadlock_false_positives,0,0,0.000000,enabled
1782984383.702,2026-07-02 09:26:23.704,lock_deadlock_rounds,2197,2197,1.120768,enabled
1782984383.702,2026-07-02 09:26:23.704,lock_rec_grant_attempts,425,425,0.216808,enabled
1782984383.702,2026-07-02 09:26:23.704,lock_rec_release_attempts,35023725,35023725,17866.856642,enabled
1782984383.702,2026-07-02 09:26:23.704,lock_row_lock_current_waits,0,0,0.000000,enabled
1782984383.702,2026-07-02 09:26:23.704,lock_row_lock_time,323,323,0.164774,enabled
1782984383.702,2026-07-02 09:26:23.704,lock_row_lock_time_avg,0,0,0.000000,enabled
1782984383.702,2026-07-02 09:26:23.704,lock_row_lock_time_max,29,29,0.000000,enabled
1782984383.702,2026-07-02 09:26:23.704,lock_row_lock_waits,425,425,0.216808,enabled
1782984383.702,2026-07-02 09:26:23.704,lock_schedule_refreshes,2197,2197,1.120768,enabled
1782984383.702,2026-07-02 09:26:23.704,lock_threads_waiting,0,0,0.000000,enabled
1782984383.702,2026-07-02 09:26:23.704,lock_timeouts,0,0,0.000000,enabled
1782984383.702,2026-07-02 09:26:23.704,log_waits,0,0,0.000000,enabled
1782984383.702,2026-07-02 09:26:23.704,log_writes,173213543,173213543,88362.417774,enabled
1782984383.702,2026-07-02 09:26:23.704,log_write_requests,380596242,380596242,194155.743191,enabled
1782984383.702,2026-07-02 09:26:23.704,os_data_fsyncs,43956858,43956858,22423.964832,enabled
1782984383.702,2026-07-02 09:26:23.704,os_data_reads,57065221,57065221,29111.009511,enabled
1782984383.702,2026-07-02 09:26:23.704,os_data_writes,194024835,194024835,98979.005304,enabled
1782984383.702,2026-07-02 09:26:23.704,os_log_bytes_written,112976057344,112976057344,57633125.903010,enabled
1782984383.702,2026-07-02 09:26:23.704,os_log_fsyncs,38690170,38690170,19737.238924,enabled
1782984383.702,2026-07-02 09:26:23.704,os_log_pending_fsyncs,0,0,0.000000,enabled
1782984383.702,2026-07-02 09:26:23.704,os_log_pending_writes,0,0,0.000000,enabled
1782984383.702,2026-07-02 09:26:23.704,trx_rseg_history_len,895,895,0.000000,enabled
1782984384.774,2026-07-02 09:26:24.776,adaptive_hash_searches,0,0,0.000000,enabled
1782984384.774,2026-07-02 09:26:24.776,adaptive_hash_searches_btree,542086230,542086230,276386.711454,enabled
1782984384.774,2026-07-02 09:26:24.776,buffer_data_reads,930977024512,930977024512,474665650.712178,enabled
1782984384.774,2026-07-02 09:26:24.776,buffer_data_written,476385982976,476385982976,242888982.694578,enabled
1782984384.774,2026-07-02 09:26:24.776,buffer_pages0_read,7,7,0.003569,enabled
1782984384.774,2026-07-02 09:26:24.776,buffer_pages_created,1801470,1801470,918.493062,enabled
1782984384.774,2026-07-02 09:26:24.776,buffer_pages_read,56982350,56982350,29052.880557,enabled
1782984384.774,2026-07-02 09:26:24.776,buffer_pages_written,20129229,20129229,10263.039134,enabled
1782984384.774,2026-07-02 09:26:24.776,buffer_pool_bytes_data,12853657600,12853657600,0.000000,enabled
1782984384.774,2026-07-02 09:26:24.776,buffer_pool_bytes_dirty,4548509696,4548509696,0.000000,enabled
1782984384.774,2026-07-02 09:26:24.776,buffer_pool_pages_data,784525,784525,0.000000,enabled
1782984384.774,2026-07-02 09:26:24.776,buffer_pool_pages_dirty,277619,277619,0.000000,enabled
1782984384.774,2026-07-02 09:26:24.776,buffer_pool_pages_flushed,20072159,20072159,0.000000,enabled
1782984384.774,2026-07-02 09:26:24.776,buffer_pool_pages_free,1814,1814,0.000000,enabled
1782984384.774,2026-07-02 09:26:24.776,buffer_pool_pages_lru_flushed,0,0,0.000000,enabled
1782984384.774,2026-07-02 09:26:24.776,buffer_pool_pages_misc,96,96,0.000000,enabled
1782984384.774,2026-07-02 09:26:24.776,buffer_pool_pages_total,786432,786432,0.000000,enabled
1782984384.774,2026-07-02 09:26:24.776,buffer_pool_reads,56104233,56104233,28605.167116,enabled
1782984384.774,2026-07-02 09:26:24.776,buffer_pool_read_ahead,803715,803715,409.780161,enabled
1782984384.774,2026-07-02 09:26:24.776,buffer_pool_read_ahead_evicted,25,25,0.012746,enabled
1782984384.774,2026-07-02 09:26:24.776,buffer_pool_read_requests,2603168092,2603168092,1327244.913034,enabled
1782984384.774,2026-07-02 09:26:24.776,buffer_pool_size,12884901888,12884901888,0.000000,enabled
1782984384.774,2026-07-02 09:26:24.776,buffer_pool_wait_free,18945,18945,9.659251,enabled
1782984384.774,2026-07-02 09:26:24.776,buffer_pool_write_requests,567597956,567597956,289394.104531,enabled
1782984384.774,2026-07-02 09:26:24.776,dml_deletes,11528518,11528518,5877.900789,enabled
1782984384.774,2026-07-02 09:26:24.776,dml_inserts,111413916,111413916,56805.215157,enabled
1782984384.774,2026-07-02 09:26:24.776,dml_system_deletes,468,468,0.238613,enabled
1782984384.774,2026-07-02 09:26:24.776,dml_system_inserts,1202,1202,0.612849,enabled
1782984384.774,2026-07-02 09:26:24.776,dml_system_reads,7661,7661,3.906018,enabled
1782984384.774,2026-07-02 09:26:24.776,dml_system_updates,620,620,0.316112,enabled
1782984384.774,2026-07-02 09:26:24.776,dml_updates,23057154,23057154,11755.861730,enabled
1782984384.774,2026-07-02 09:26:24.776,file_num_open_files,35,35,0.000000,enabled
1782984384.774,2026-07-02 09:26:24.776,ibuf_merges,0,0,0.000000,enabled
1782984384.774,2026-07-02 09:26:24.776,ibuf_merges_delete,0,0,0.000000,enabled
1782984384.774,2026-07-02 09:26:24.776,ibuf_merges_delete_mark,0,0,0.000000,enabled
1782984384.774,2026-07-02 09:26:24.776,ibuf_merges_discard_delete,0,0,0.000000,enabled
1782984384.774,2026-07-02 09:26:24.776,ibuf_merges_discard_delete_mark,0,0,0.000000,enabled
1782984384.774,2026-07-02 09:26:24.776,ibuf_merges_discard_insert,0,0,0.000000,enabled
1782984384.774,2026-07-02 09:26:24.776,ibuf_merges_insert,0,0,0.000000,enabled
1782984384.774,2026-07-02 09:26:24.776,ibuf_size,1,1,0.000510,enabled
1782984384.774,2026-07-02 09:26:24.776,innodb_activity_count,16153770,16153770,8236.120121,enabled
1782984384.774,2026-07-02 09:26:24.776,innodb_dblwr_pages_written,20070462,20070462,10233.074677,enabled
1782984384.774,2026-07-02 09:26:24.776,innodb_dblwr_writes,401696,401696,204.807700,enabled
1782984384.774,2026-07-02 09:26:24.776,innodb_page_size,16384,16384,0.000000,enabled
1782984384.774,2026-07-02 09:26:24.776,innodb_rwlock_sx_os_waits,0,0,0.000000,enabled
1782984384.774,2026-07-02 09:26:24.776,innodb_rwlock_sx_spin_rounds,0,0,0.000000,enabled
1782984384.774,2026-07-02 09:26:24.776,innodb_rwlock_sx_spin_waits,0,0,0.000000,enabled
1782984384.774,2026-07-02 09:26:24.776,innodb_rwlock_s_os_waits,0,0,0.000000,enabled
1782984384.774,2026-07-02 09:26:24.776,innodb_rwlock_s_spin_rounds,0,0,0.000000,enabled
1782984384.774,2026-07-02 09:26:24.776,innodb_rwlock_s_spin_waits,0,0,0.000000,enabled
1782984384.774,2026-07-02 09:26:24.776,innodb_rwlock_x_os_waits,0,0,0.000000,enabled
1782984384.774,2026-07-02 09:26:24.776,innodb_rwlock_x_spin_rounds,0,0,0.000000,enabled
1782984384.774,2026-07-02 09:26:24.776,innodb_rwlock_x_spin_waits,0,0,0.000000,enabled
1782984384.774,2026-07-02 09:26:24.776,lock_deadlocks,0,0,0.000000,enabled
1782984384.774,2026-07-02 09:26:24.776,lock_deadlock_false_positives,0,0,0.000000,enabled
1782984384.774,2026-07-02 09:26:24.776,lock_deadlock_rounds,2198,2198,1.120667,enabled
1782984384.774,2026-07-02 09:26:24.776,lock_rec_grant_attempts,425,425,0.216689,enabled
1782984384.774,2026-07-02 09:26:24.776,lock_rec_release_attempts,35038816,35038816,17864.805336,enabled
1782984384.774,2026-07-02 09:26:24.776,lock_row_lock_current_waits,0,0,0.000000,enabled
1782984384.774,2026-07-02 09:26:24.776,lock_row_lock_time,323,323,0.164684,enabled
1782984384.774,2026-07-02 09:26:24.776,lock_row_lock_time_avg,0,0,0.000000,enabled
1782984384.774,2026-07-02 09:26:24.776,lock_row_lock_time_max,29,29,0.000000,enabled
1782984384.774,2026-07-02 09:26:24.776,lock_row_lock_waits,425,425,0.216689,enabled
1782984384.774,2026-07-02 09:26:24.776,lock_schedule_refreshes,2198,2198,1.120667,enabled
1782984384.774,2026-07-02 09:26:24.776,lock_threads_waiting,0,0,0.000000,enabled
1782984384.774,2026-07-02 09:26:24.776,lock_timeouts,0,0,0.000000,enabled
1782984384.774,2026-07-02 09:26:24.776,log_waits,0,0,0.000000,enabled
1782984384.774,2026-07-02 09:26:24.776,log_writes,173293573,173293573,88355.024991,enabled
1782984384.774,2026-07-02 09:26:24.776,log_write_requests,380680569,380680569,194092.836963,enabled
1782984384.774,2026-07-02 09:26:24.776,os_data_fsyncs,43991665,43991665,22429.480346,enabled
1782984384.774,2026-07-02 09:26:24.776,os_data_reads,57123201,57123201,29124.692523,enabled
1782984384.774,2026-07-02 09:26:24.776,os_data_writes,194120655,194120655,98973.871997,enabled
1782984384.774,2026-07-02 09:26:24.776,os_log_bytes_written,113018116608,113018116608,57623134.272204,enabled
1782984384.774,2026-07-02 09:26:24.776,os_log_fsyncs,38720130,38720130,19741.748623,enabled
1782984384.774,2026-07-02 09:26:24.776,os_log_pending_fsyncs,1,1,0.000510,enabled
1782984384.774,2026-07-02 09:26:24.776,os_log_pending_writes,0,0,0.000000,enabled
1782984384.774,2026-07-02 09:26:24.776,trx_rseg_history_len,1021,1021,0.000000,enabled
1782984385.844,2026-07-02 09:26:25.846,adaptive_hash_searches,0,0,0.000000,enabled
1782984385.844,2026-07-02 09:26:25.846,adaptive_hash_searches_btree,542258990,542258990,276324.404778,enabled
1782984385.844,2026-07-02 09:26:25.846,buffer_data_reads,931931326976,931931326976,474893761.242943,enabled
1782984385.844,2026-07-02 09:26:25.846,buffer_data_written,476688843264,476688843264,242911200.590403,enabled
1782984385.844,2026-07-02 09:26:25.846,buffer_pages0_read,7,7,0.003567,enabled
1782984385.844,2026-07-02 09:26:25.846,buffer_pages_created,1801510,1801510,918.013854,enabled
1782984385.844,2026-07-02 09:26:25.846,buffer_pages_read,57040761,57040761,29066.843041,enabled
1782984385.844,2026-07-02 09:26:25.846,buffer_pages_written,20144717,20144717,10265.349185,enabled
1782984385.844,2026-07-02 09:26:25.846,buffer_pool_bytes_data,12858376192,12858376192,0.000000,enabled
1782984385.844,2026-07-02 09:26:25.846,buffer_pool_bytes_dirty,4567891968,4567891968,0.000000,enabled
1782984385.844,2026-07-02 09:26:25.846,buffer_pool_pages_data,784813,784813,0.000000,enabled
1782984385.844,2026-07-02 09:26:25.846,buffer_pool_pages_dirty,278802,278802,0.000000,enabled
1782984385.844,2026-07-02 09:26:25.846,buffer_pool_pages_flushed,20087647,20087647,0.000000,enabled
1782984385.844,2026-07-02 09:26:25.846,buffer_pool_pages_free,1523,1523,0.000000,enabled
1782984385.844,2026-07-02 09:26:25.846,buffer_pool_pages_lru_flushed,0,0,0.000000,enabled
1782984385.844,2026-07-02 09:26:25.846,buffer_pool_pages_misc,96,96,0.000000,enabled
1782984385.844,2026-07-02 09:26:25.846,buffer_pool_pages_total,786432,786432,0.000000,enabled
1782984385.844,2026-07-02 09:26:25.846,buffer_pool_reads,56162590,56162590,28619.345647,enabled
1782984385.844,2026-07-02 09:26:25.846,buffer_pool_read_ahead,803715,803715,409.557272,enabled
1782984385.844,2026-07-02 09:26:25.846,buffer_pool_read_ahead_evicted,25,25,0.012740,enabled
1782984385.844,2026-07-02 09:26:25.846,buffer_pool_read_requests,2604023978,2604023978,1326959.136030,enabled
1782984385.844,2026-07-02 09:26:25.846,buffer_pool_size,12884901888,12884901888,0.000000,enabled
1782984385.844,2026-07-02 09:26:25.846,buffer_pool_wait_free,18945,18945,9.653997,enabled
1782984385.844,2026-07-02 09:26:25.846,buffer_pool_write_requests,567714914,567714914,289296.295892,enabled
1782984385.844,2026-07-02 09:26:25.846,dml_deletes,11533498,11533498,5877.241156,enabled
1782984385.844,2026-07-02 09:26:25.846,dml_inserts,111418896,111418896,56776.853122,enabled
1782984385.844,2026-07-02 09:26:25.846,dml_system_deletes,468,468,0.238483,enabled
1782984385.844,2026-07-02 09:26:25.846,dml_system_inserts,1202,1202,0.612515,enabled
1782984385.844,2026-07-02 09:26:25.846,dml_system_reads,7661,7661,3.903893,enabled
1782984385.844,2026-07-02 09:26:25.846,dml_system_updates,620,620,0.315940,enabled
1782984385.844,2026-07-02 09:26:25.846,dml_updates,23067111,23067111,11754.540901,enabled
1782984385.844,2026-07-02 09:26:25.846,file_num_open_files,35,35,0.000000,enabled
1782984385.844,2026-07-02 09:26:25.846,ibuf_merges,0,0,0.000000,enabled
1782984385.844,2026-07-02 09:26:25.846,ibuf_merges_delete,0,0,0.000000,enabled
1782984385.844,2026-07-02 09:26:25.846,ibuf_merges_delete_mark,0,0,0.000000,enabled
1782984385.844,2026-07-02 09:26:25.846,ibuf_merges_discard_delete,0,0,0.000000,enabled
1782984385.844,2026-07-02 09:26:25.846,ibuf_merges_discard_delete_mark,0,0,0.000000,enabled
1782984385.844,2026-07-02 09:26:25.846,ibuf_merges_discard_insert,0,0,0.000000,enabled
1782984385.844,2026-07-02 09:26:25.846,ibuf_merges_insert,0,0,0.000000,enabled
1782984385.844,2026-07-02 09:26:25.846,ibuf_size,1,1,0.000510,enabled
1782984385.844,2026-07-02 09:26:25.846,innodb_activity_count,16159489,16159489,8234.554320,enabled
1782984385.844,2026-07-02 09:26:25.846,innodb_dblwr_pages_written,20085950,20085950,10235.400696,enabled
1782984385.844,2026-07-02 09:26:25.846,innodb_dblwr_writes,402053,402053,204.878214,enabled
1782984385.844,2026-07-02 09:26:25.846,innodb_page_size,16384,16384,0.000000,enabled
1782984385.844,2026-07-02 09:26:25.846,innodb_rwlock_sx_os_waits,0,0,0.000000,enabled
1782984385.844,2026-07-02 09:26:25.846,innodb_rwlock_sx_spin_rounds,0,0,0.000000,enabled
1782984385.844,2026-07-02 09:26:25.846,innodb_rwlock_sx_spin_waits,0,0,0.000000,enabled
1782984385.844,2026-07-02 09:26:25.846,innodb_rwlock_s_os_waits,0,0,0.000000,enabled
1782984385.844,2026-07-02 09:26:25.846,innodb_rwlock_s_spin_rounds,0,0,0.000000,enabled
1782984385.844,2026-07-02 09:26:25.846,innodb_rwlock_s_spin_waits,0,0,0.000000,enabled
1782984385.844,2026-07-02 09:26:25.846,innodb_rwlock_x_os_waits,0,0,0.000000,enabled
1782984385.844,2026-07-02 09:26:25.846,innodb_rwlock_x_spin_rounds,0,0,0.000000,enabled
1782984385.844,2026-07-02 09:26:25.846,innodb_rwlock_x_spin_waits,0,0,0.000000,enabled
1782984385.844,2026-07-02 09:26:25.846,lock_deadlocks,0,0,0.000000,enabled
1782984385.844,2026-07-02 09:26:25.846,lock_deadlock_false_positives,0,0,0.000000,enabled
1782984385.844,2026-07-02 09:26:25.846,lock_deadlock_rounds,2199,2199,1.120567,enabled
1782984385.844,2026-07-02 09:26:25.846,lock_rec_grant_attempts,425,425,0.216572,enabled
1782984385.844,2026-07-02 09:26:25.846,lock_rec_release_attempts,35053928,35053928,17862.788993,enabled
1782984385.844,2026-07-02 09:26:25.846,lock_row_lock_current_waits,0,0,0.000000,enabled
1782984385.844,2026-07-02 09:26:25.846,lock_row_lock_time,323,323,0.164594,enabled
1782984385.844,2026-07-02 09:26:25.846,lock_row_lock_time_avg,0,0,0.000000,enabled
1782984385.844,2026-07-02 09:26:25.846,lock_row_lock_time_max,29,29,0.000000,enabled
1782984385.844,2026-07-02 09:26:25.846,lock_row_lock_waits,425,425,0.216572,enabled
1782984385.844,2026-07-02 09:26:25.846,lock_schedule_refreshes,2199,2199,1.120567,enabled
1782984385.844,2026-07-02 09:26:25.846,lock_threads_waiting,0,0,0.000000,enabled
1782984385.844,2026-07-02 09:26:25.846,lock_timeouts,0,0,0.000000,enabled
1782984385.844,2026-07-02 09:26:25.846,log_waits,0,0,0.000000,enabled
1782984385.844,2026-07-02 09:26:25.846,log_writes,173374970,173374970,88348.442774,enabled
1782984385.844,2026-07-02 09:26:25.846,log_write_requests,380765154,380765154,194030.363483,enabled
1782984385.844,2026-07-02 09:26:25.846,os_data_fsyncs,44027075,44027075,22435.324252,enabled
1782984385.844,2026-07-02 09:26:25.846,os_data_reads,57181430,57181430,29138.522727,enabled
1782984385.844,2026-07-02 09:26:25.846,os_data_writes,194217795,194217795,98969.536583,enabled
1782984385.844,2026-07-02 09:26:25.846,os_log_bytes_written,113060771840,113060771840,57613526.904920,enabled
1782984385.844,2026-07-02 09:26:25.846,os_log_fsyncs,38750491,38750491,19746.481626,enabled
1782984385.844,2026-07-02 09:26:25.846,os_log_pending_fsyncs,1,1,0.000510,enabled
1782984385.844,2026-07-02 09:26:25.846,os_log_pending_writes,0,0,0.000000,enabled
1782984385.844,2026-07-02 09:26:25.846,trx_rseg_history_len,1139,1139,0.000000,enabled
1782984386.911,2026-07-02 09:26:26.913,adaptive_hash_searches,0,0,0.000000,enabled
1782984386.911,2026-07-02 09:26:26.913,adaptive_hash_searches_btree,542431810,542431810,276262.109157,enabled
1782984386.911,2026-07-02 09:26:26.913,buffer_data_reads,932883057152,932883057152,475120147.629435,enabled
1782984386.911,2026-07-02 09:26:26.913,buffer_data_written,476994921472,476994921472,242934948.367450,enabled
1782984386.911,2026-07-02 09:26:26.913,buffer_pages0_read,7,7,0.003565,enabled
1782984386.911,2026-07-02 09:26:26.913,buffer_pages_created,1801551,1801551,917.535353,enabled
1782984386.911,2026-07-02 09:26:26.913,buffer_pages_read,57099013,57099013,29080.699171,enabled
1782984386.911,2026-07-02 09:26:26.913,buffer_pages_written,20160379,20160379,10267.741738,enabled
1782984386.911,2026-07-02 09:26:26.913,buffer_pool_bytes_data,12851068928,12851068928,0.000000,enabled
1782984386.911,2026-07-02 09:26:26.913,buffer_pool_bytes_dirty,4584390656,4584390656,0.000000,enabled
1782984386.911,2026-07-02 09:26:26.913,buffer_pool_pages_data,784367,784367,0.000000,enabled
1782984386.911,2026-07-02 09:26:26.913,buffer_pool_pages_dirty,279809,279809,0.000000,enabled
1782984386.911,2026-07-02 09:26:26.913,buffer_pool_pages_flushed,20103309,20103309,0.000000,enabled
1782984386.911,2026-07-02 09:26:26.913,buffer_pool_pages_free,1969,1969,0.000000,enabled
1782984386.911,2026-07-02 09:26:26.913,buffer_pool_pages_lru_flushed,0,0,0.000000,enabled
1782984386.911,2026-07-02 09:26:26.913,buffer_pool_pages_misc,96,96,0.000000,enabled
1782984386.911,2026-07-02 09:26:26.913,buffer_pool_pages_total,786432,786432,0.000000,enabled
1782984386.911,2026-07-02 09:26:26.913,buffer_pool_reads,56220784,56220784,28633.415565,enabled
1782984386.911,2026-07-02 09:26:26.913,buffer_pool_read_ahead,803715,803715,409.334479,enabled
1782984386.911,2026-07-02 09:26:26.913,buffer_pool_read_ahead_evicted,25,25,0.012733,enabled
1782984386.911,2026-07-02 09:26:26.913,buffer_pool_read_requests,2604883672,2604883672,1326675.135906,enabled
1782984386.911,2026-07-02 09:26:26.913,buffer_pool_size,12884901888,12884901888,0.000000,enabled
1782984386.911,2026-07-02 09:26:26.913,buffer_pool_wait_free,18945,18945,9.648746,enabled
1782984386.911,2026-07-02 09:26:26.913,buffer_pool_write_requests,567834791,567834791,289199.976946,enabled
1782984386.911,2026-07-02 09:26:26.913,dml_deletes,11538482,11538482,5876.582481,enabled
1782984386.911,2026-07-02 09:26:26.913,dml_inserts,111423881,111423881,56748.507103,enabled
1782984386.911,2026-07-02 09:26:26.913,dml_system_deletes,468,468,0.238354,enabled
1782984386.911,2026-07-02 09:26:26.913,dml_system_inserts,1202,1202,0.612182,enabled
1782984386.911,2026-07-02 09:26:26.913,dml_system_reads,7661,7661,3.901770,enabled
1782984386.911,2026-07-02 09:26:26.913,dml_system_updates,620,620,0.315768,enabled
1782984386.911,2026-07-02 09:26:26.913,dml_updates,23077080,23077080,11753.224029,enabled
1782984386.911,2026-07-02 09:26:26.913,file_num_open_files,35,35,0.000000,enabled
1782984386.911,2026-07-02 09:26:26.913,ibuf_merges,0,0,0.000000,enabled
1782984386.911,2026-07-02 09:26:26.913,ibuf_merges_delete,0,0,0.000000,enabled
1782984386.911,2026-07-02 09:26:26.913,ibuf_merges_delete_mark,0,0,0.000000,enabled
1782984386.911,2026-07-02 09:26:26.913,ibuf_merges_discard_delete,0,0,0.000000,enabled
1782984386.911,2026-07-02 09:26:26.913,ibuf_merges_discard_delete_mark,0,0,0.000000,enabled
1782984386.911,2026-07-02 09:26:26.913,ibuf_merges_discard_insert,0,0,0.000000,enabled
1782984386.911,2026-07-02 09:26:26.913,ibuf_merges_insert,0,0,0.000000,enabled
1782984386.911,2026-07-02 09:26:26.913,ibuf_size,1,1,0.000509,enabled
1782984386.911,2026-07-02 09:26:26.913,innodb_activity_count,16165223,16165223,8232.995289,enabled
1782984386.911,2026-07-02 09:26:26.913,innodb_dblwr_pages_written,20101612,20101612,10237.809629,enabled
1782984386.911,2026-07-02 09:26:26.913,innodb_dblwr_writes,402422,402422,204.954699,enabled
1782984386.911,2026-07-02 09:26:26.913,innodb_page_size,16384,16384,0.000000,enabled
1782984386.911,2026-07-02 09:26:26.913,innodb_rwlock_sx_os_waits,0,0,0.000000,enabled
1782984386.911,2026-07-02 09:26:26.913,innodb_rwlock_sx_spin_rounds,0,0,0.000000,enabled
1782984386.911,2026-07-02 09:26:26.913,innodb_rwlock_sx_spin_waits,0,0,0.000000,enabled
1782984386.911,2026-07-02 09:26:26.913,innodb_rwlock_s_os_waits,0,0,0.000000,enabled
1782984386.911,2026-07-02 09:26:26.913,innodb_rwlock_s_spin_rounds,0,0,0.000000,enabled
1782984386.911,2026-07-02 09:26:26.913,innodb_rwlock_s_spin_waits,0,0,0.000000,enabled
1782984386.911,2026-07-02 09:26:26.913,innodb_rwlock_x_os_waits,0,0,0.000000,enabled
1782984386.911,2026-07-02 09:26:26.913,innodb_rwlock_x_spin_rounds,0,0,0.000000,enabled
1782984386.911,2026-07-02 09:26:26.913,innodb_rwlock_x_spin_waits,0,0,0.000000,enabled
1782984386.911,2026-07-02 09:26:26.913,lock_deadlocks,0,0,0.000000,enabled
1782984386.911,2026-07-02 09:26:26.913,lock_deadlock_false_positives,0,0,0.000000,enabled
1782984386.911,2026-07-02 09:26:26.913,lock_deadlock_rounds,2200,2200,1.120467,enabled
1782984386.911,2026-07-02 09:26:26.913,lock_rec_grant_attempts,425,425,0.216454,enabled
1782984386.911,2026-07-02 09:26:26.913,lock_rec_release_attempts,35069079,35069079,17860.788389,enabled
1782984386.911,2026-07-02 09:26:26.913,lock_row_lock_current_waits,0,0,0.000000,enabled
1782984386.911,2026-07-02 09:26:26.913,lock_row_lock_time,323,323,0.164505,enabled
1782984386.911,2026-07-02 09:26:26.913,lock_row_lock_time_avg,0,0,0.000000,enabled
1782984386.911,2026-07-02 09:26:26.913,lock_row_lock_time_max,29,29,0.000000,enabled
1782984386.911,2026-07-02 09:26:26.913,lock_row_lock_waits,425,425,0.216454,enabled
1782984386.911,2026-07-02 09:26:26.913,lock_schedule_refreshes,2200,2200,1.120467,enabled
1782984386.911,2026-07-02 09:26:26.913,lock_threads_waiting,0,0,0.000000,enabled
1782984386.911,2026-07-02 09:26:26.913,lock_timeouts,0,0,0.000000,enabled
1782984386.911,2026-07-02 09:26:26.913,log_waits,0,0,0.000000,enabled
1782984386.911,2026-07-02 09:26:26.913,log_writes,173457454,173457454,88342.392800,enabled
1782984386.911,2026-07-02 09:26:26.913,log_write_requests,380851016,380851016,193968.545629,enabled
1782984386.911,2026-07-02 09:26:26.913,os_data_fsyncs,44062553,44062553,22441.189007,enabled
1782984386.911,2026-07-02 09:26:26.913,os_data_reads,57239507,57239507,29152.250831,enabled
1782984386.911,2026-07-02 09:26:26.913,os_data_writes,194316252,194316252,98965.843891,enabled
1782984386.911,2026-07-02 09:26:26.913,os_log_bytes_written,113103966208,113103966208,57604185.514919,enabled
1782984386.911,2026-07-02 09:26:26.913,os_log_fsyncs,38780750,38780750,19751.151002,enabled
1782984386.911,2026-07-02 09:26:26.913,os_log_pending_fsyncs,0,0,0.000000,enabled
1782984386.911,2026-07-02 09:26:26.913,os_log_pending_writes,0,0,0.000000,enabled
1782984386.911,2026-07-02 09:26:26.913,trx_rseg_history_len,113,113,0.000000,enabled
1782984387.979,2026-07-02 09:26:27.980,adaptive_hash_searches,0,0,0.000000,enabled
1782984387.979,2026-07-02 09:26:27.980,adaptive_hash_searches_btree,542601129,542601129,276198.366406,enabled
1782984387.979,2026-07-02 09:26:27.980,buffer_data_reads,933821729280,933821729280,475340101.461735,enabled
1782984387.979,2026-07-02 09:26:27.980,buffer_data_written,477300572160,477300572160,242958688.036039,enabled
1782984387.979,2026-07-02 09:26:27.980,buffer_pages0_read,7,7,0.003563,enabled
1782984387.979,2026-07-02 09:26:27.980,buffer_pages_created,1801591,1801591,917.057754,enabled
1782984387.979,2026-07-02 09:26:27.980,buffer_pages_read,57156466,57156466,29094.161729,enabled
1782984387.979,2026-07-02 09:26:27.980,buffer_pages_written,20176110,20176110,10270.176777,enabled
1782984387.979,2026-07-02 09:26:27.980,buffer_pool_bytes_data,12854575104,12854575104,0.000000,enabled
1782984387.979,2026-07-02 09:26:27.980,buffer_pool_bytes_dirty,4593418240,4593418240,0.000000,enabled
1782984387.979,2026-07-02 09:26:27.980,buffer_pool_pages_data,784581,784581,0.000000,enabled
1782984387.979,2026-07-02 09:26:27.980,buffer_pool_pages_dirty,280360,280360,0.000000,enabled
1782984387.979,2026-07-02 09:26:27.980,buffer_pool_pages_flushed,20119040,20119040,0.000000,enabled
1782984387.979,2026-07-02 09:26:27.980,buffer_pool_pages_free,1753,1753,0.000000,enabled
1782984387.979,2026-07-02 09:26:27.980,buffer_pool_pages_lru_flushed,0,0,0.000000,enabled
1782984387.979,2026-07-02 09:26:27.980,buffer_pool_pages_misc,96,96,0.000000,enabled
1782984387.979,2026-07-02 09:26:27.980,buffer_pool_pages_total,786432,786432,0.000000,enabled
1782984387.979,2026-07-02 09:26:27.980,buffer_pool_reads,56278167,56278167,28647.085350,enabled
1782984387.979,2026-07-02 09:26:27.980,buffer_pool_read_ahead,803715,803715,409.112328,enabled
1782984387.979,2026-07-02 09:26:27.980,buffer_pool_read_ahead_evicted,25,25,0.012726,enabled
1782984387.979,2026-07-02 09:26:27.980,buffer_pool_read_requests,2605723231,2605723231,1326382.491636,enabled
1782984387.979,2026-07-02 09:26:27.980,buffer_pool_size,12884901888,12884901888,0.000000,enabled
1782984387.979,2026-07-02 09:26:27.980,buffer_pool_wait_free,18945,18945,9.643509,enabled
1782984387.979,2026-07-02 09:26:27.980,buffer_pool_write_requests,567949818,567949818,289101.576506,enabled
1782984387.979,2026-07-02 09:26:27.980,dml_deletes,11543371,11543371,5875.881796,enabled
1782984387.979,2026-07-02 09:26:27.980,dml_inserts,111428768,111428768,56720.196382,enabled
1782984387.979,2026-07-02 09:26:27.980,dml_system_deletes,468,468,0.238224,enabled
1782984387.979,2026-07-02 09:26:27.980,dml_system_inserts,1202,1202,0.611850,enabled
1782984387.979,2026-07-02 09:26:27.980,dml_system_reads,7661,7661,3.899652,enabled
1782984387.979,2026-07-02 09:26:27.980,dml_system_updates,620,620,0.315596,enabled
1782984387.979,2026-07-02 09:26:27.980,dml_updates,23086870,23086870,11751.828732,enabled
1782984387.979,2026-07-02 09:26:27.980,file_num_open_files,35,35,0.000000,enabled
1782984387.979,2026-07-02 09:26:27.980,ibuf_merges,0,0,0.000000,enabled
1782984387.979,2026-07-02 09:26:27.980,ibuf_merges_delete,0,0,0.000000,enabled
1782984387.979,2026-07-02 09:26:27.980,ibuf_merges_delete_mark,0,0,0.000000,enabled
1782984387.979,2026-07-02 09:26:27.980,ibuf_merges_discard_delete,0,0,0.000000,enabled
1782984387.979,2026-07-02 09:26:27.980,ibuf_merges_discard_delete_mark,0,0,0.000000,enabled
1782984387.979,2026-07-02 09:26:27.980,ibuf_merges_discard_insert,0,0,0.000000,enabled
1782984387.979,2026-07-02 09:26:27.980,ibuf_merges_insert,0,0,0.000000,enabled
1782984387.979,2026-07-02 09:26:27.980,ibuf_size,1,1,0.000509,enabled
1782984387.979,2026-07-02 09:26:27.980,innodb_activity_count,16170841,16170841,8231.386846,enabled
1782984387.979,2026-07-02 09:26:27.980,innodb_dblwr_pages_written,20117343,20117343,10240.260913,enabled
1782984387.979,2026-07-02 09:26:27.980,innodb_dblwr_writes,402789,402789,205.030279,enabled
1782984387.979,2026-07-02 09:26:27.980,innodb_page_size,16384,16384,0.000000,enabled
1782984387.979,2026-07-02 09:26:27.980,innodb_rwlock_sx_os_waits,0,0,0.000000,enabled
1782984387.979,2026-07-02 09:26:27.980,innodb_rwlock_sx_spin_rounds,0,0,0.000000,enabled
1782984387.979,2026-07-02 09:26:27.980,innodb_rwlock_sx_spin_waits,0,0,0.000000,enabled
1782984387.979,2026-07-02 09:26:27.980,innodb_rwlock_s_os_waits,0,0,0.000000,enabled
1782984387.979,2026-07-02 09:26:27.980,innodb_rwlock_s_spin_rounds,0,0,0.000000,enabled
1782984387.979,2026-07-02 09:26:27.980,innodb_rwlock_s_spin_waits,0,0,0.000000,enabled
1782984387.979,2026-07-02 09:26:27.980,innodb_rwlock_x_os_waits,0,0,0.000000,enabled
1782984387.979,2026-07-02 09:26:27.980,innodb_rwlock_x_spin_rounds,0,0,0.000000,enabled
1782984387.979,2026-07-02 09:26:27.980,innodb_rwlock_x_spin_waits,0,0,0.000000,enabled
1782984387.979,2026-07-02 09:26:27.980,lock_deadlocks,0,0,0.000000,enabled
1782984387.979,2026-07-02 09:26:27.980,lock_deadlock_false_positives,0,0,0.000000,enabled
1782984387.979,2026-07-02 09:26:27.980,lock_deadlock_rounds,2201,2201,1.120368,enabled
1782984387.979,2026-07-02 09:26:27.980,lock_rec_grant_attempts,425,425,0.216336,enabled
1782984387.979,2026-07-02 09:26:27.980,lock_rec_release_attempts,35083942,35083942,17858.660784,enabled
1782984387.979,2026-07-02 09:26:27.980,lock_row_lock_current_waits,0,0,0.000000,enabled
1782984387.979,2026-07-02 09:26:27.980,lock_row_lock_time,323,323,0.164416,enabled
1782984387.979,2026-07-02 09:26:27.980,lock_row_lock_time_avg,0,0,0.000000,enabled
1782984387.979,2026-07-02 09:26:27.980,lock_row_lock_time_max,29,29,0.000000,enabled
1782984387.979,2026-07-02 09:26:27.980,lock_row_lock_waits,425,425,0.216336,enabled
1782984387.979,2026-07-02 09:26:27.980,lock_schedule_refreshes,2201,2201,1.120368,enabled
1782984387.979,2026-07-02 09:26:27.980,lock_threads_waiting,0,0,0.000000,enabled
1782984387.979,2026-07-02 09:26:27.980,lock_timeouts,0,0,0.000000,enabled
1782984387.979,2026-07-02 09:26:27.980,log_waits,0,0,0.000000,enabled
1782984387.979,2026-07-02 09:26:27.980,log_writes,173537467,173537467,88335.177208,enabled
1782984387.979,2026-07-02 09:26:27.980,log_write_requests,380934055,380934055,193905.545941,enabled
1782984387.979,2026-07-02 09:26:27.980,os_data_fsyncs,44097501,44097501,22446.799391,enabled
1782984387.979,2026-07-02 09:26:27.980,os_data_reads,57296779,57296779,29165.582567,enabled
1782984387.979,2026-07-02 09:26:27.980,os_data_writes,194412261,194412261,98961.005214,enabled
1782984387.979,2026-07-02 09:26:27.980,os_log_bytes_written,113145884160,113145884160,57594260.463724,enabled
1782984387.979,2026-07-02 09:26:27.980,os_log_fsyncs,38810640,38810640,19755.646647,enabled
1782984387.979,2026-07-02 09:26:27.980,os_log_pending_fsyncs,1,1,0.000509,enabled
1782984387.979,2026-07-02 09:26:27.980,os_log_pending_writes,0,0,0.000000,enabled
1782984387.979,2026-07-02 09:26:27.980,trx_rseg_history_len,153,153,0.000000,enabled
1782984389.046,2026-07-02 09:26:29.047,adaptive_hash_searches,0,0,0.000000,enabled
1782984389.046,2026-07-02 09:26:29.047,adaptive_hash_searches_btree,542772887,542772887,276134.953944,enabled
1782984389.046,2026-07-02 09:26:29.047,buffer_data_reads,934771116544,934771116544,475563580.518194,enabled
1782984389.046,2026-07-02 09:26:29.047,buffer_data_written,477611658240,477611658240,242984304.991710,enabled
1782984389.046,2026-07-02 09:26:29.047,buffer_pages0_read,7,7,0.003561,enabled
1782984389.046,2026-07-02 09:26:29.047,buffer_pages_created,1801634,1801634,916.578945,enabled
1782984389.046,2026-07-02 09:26:29.047,buffer_pages_read,57214563,57214563,29107.834006,enabled
1782984389.046,2026-07-02 09:26:29.047,buffer_pages_written,20192142,20192142,10272.725845,enabled
1782984389.046,2026-07-02 09:26:29.047,buffer_pool_bytes_data,12850528256,12850528256,0.000000,enabled
1782984389.046,2026-07-02 09:26:29.047,buffer_pool_bytes_dirty,4599611392,4599611392,0.000000,enabled
1782984389.046,2026-07-02 09:26:29.047,buffer_pool_pages_data,784334,784334,0.000000,enabled
1782984389.046,2026-07-02 09:26:29.047,buffer_pool_pages_dirty,280738,280738,0.000000,enabled
1782984389.046,2026-07-02 09:26:29.047,buffer_pool_pages_flushed,20135072,20135072,0.000000,enabled
1782984389.046,2026-07-02 09:26:29.047,buffer_pool_pages_free,2002,2002,0.000000,enabled
1782984389.046,2026-07-02 09:26:29.047,buffer_pool_pages_lru_flushed,0,0,0.000000,enabled
1782984389.046,2026-07-02 09:26:29.047,buffer_pool_pages_misc,96,96,0.000000,enabled
1782984389.046,2026-07-02 09:26:29.047,buffer_pool_pages_total,786432,786432,0.000000,enabled
1782984389.046,2026-07-02 09:26:29.047,buffer_pool_reads,56336219,56336219,28660.978793,enabled
1782984389.046,2026-07-02 09:26:29.047,buffer_pool_read_ahead,803715,803715,408.888965,enabled
1782984389.046,2026-07-02 09:26:29.047,buffer_pool_read_ahead_evicted,25,25,0.012719,enabled
1782984389.046,2026-07-02 09:26:29.047,buffer_pool_read_requests,2606574203,2606574203,1326091.257573,enabled
1782984389.046,2026-07-02 09:26:29.047,buffer_pool_size,12884901888,12884901888,0.000000,enabled
1782984389.046,2026-07-02 09:26:29.047,buffer_pool_wait_free,18945,18945,9.638244,enabled
1782984389.046,2026-07-02 09:26:29.047,buffer_pool_write_requests,568065627,568065627,289002.653349,enabled
1782984389.046,2026-07-02 09:26:29.047,dml_deletes,11548332,11548332,5875.197707,enabled
1782984389.046,2026-07-02 09:26:29.047,dml_inserts,111433731,111433731,56691.754407,enabled
1782984389.046,2026-07-02 09:26:29.047,dml_system_deletes,468,468,0.238094,enabled
1782984389.046,2026-07-02 09:26:29.047,dml_system_inserts,1202,1202,0.611516,enabled
1782984389.046,2026-07-02 09:26:29.047,dml_system_reads,7661,7661,3.897523,enabled
1782984389.046,2026-07-02 09:26:29.047,dml_system_updates,620,620,0.315424,enabled
1782984389.046,2026-07-02 09:26:29.047,dml_updates,23096782,23096782,11750.455435,enabled
1782984389.046,2026-07-02 09:26:29.047,file_num_open_files,35,35,0.000000,enabled
1782984389.046,2026-07-02 09:26:29.047,ibuf_merges,0,0,0.000000,enabled
1782984389.046,2026-07-02 09:26:29.047,ibuf_merges_delete,0,0,0.000000,enabled
1782984389.046,2026-07-02 09:26:29.047,ibuf_merges_delete_mark,0,0,0.000000,enabled
1782984389.046,2026-07-02 09:26:29.047,ibuf_merges_discard_delete,0,0,0.000000,enabled
1782984389.046,2026-07-02 09:26:29.047,ibuf_merges_discard_delete_mark,0,0,0.000000,enabled
1782984389.046,2026-07-02 09:26:29.047,ibuf_merges_discard_insert,0,0,0.000000,enabled
1782984389.046,2026-07-02 09:26:29.047,ibuf_merges_insert,0,0,0.000000,enabled
1782984389.046,2026-07-02 09:26:29.047,ibuf_size,1,1,0.000509,enabled
1782984389.046,2026-07-02 09:26:29.047,innodb_activity_count,16176541,16176541,8229.792696,enabled
1782984389.046,2026-07-02 09:26:29.047,innodb_dblwr_pages_written,20133375,20133375,10242.826399,enabled
1782984389.046,2026-07-02 09:26:29.047,innodb_dblwr_writes,403133,403133,205.093351,enabled
1782984389.046,2026-07-02 09:26:29.047,innodb_page_size,16384,16384,0.000000,enabled
1782984389.046,2026-07-02 09:26:29.047,innodb_rwlock_sx_os_waits,0,0,0.000000,enabled
1782984389.046,2026-07-02 09:26:29.047,innodb_rwlock_sx_spin_rounds,0,0,0.000000,enabled
1782984389.046,2026-07-02 09:26:29.047,innodb_rwlock_sx_spin_waits,0,0,0.000000,enabled
1782984389.046,2026-07-02 09:26:29.047,innodb_rwlock_s_os_waits,0,0,0.000000,enabled
1782984389.046,2026-07-02 09:26:29.047,innodb_rwlock_s_spin_rounds,0,0,0.000000,enabled
1782984389.046,2026-07-02 09:26:29.047,innodb_rwlock_s_spin_waits,0,0,0.000000,enabled
1782984389.046,2026-07-02 09:26:29.047,innodb_rwlock_x_os_waits,0,0,0.000000,enabled
1782984389.046,2026-07-02 09:26:29.047,innodb_rwlock_x_spin_rounds,0,0,0.000000,enabled
1782984389.046,2026-07-02 09:26:29.047,innodb_rwlock_x_spin_waits,0,0,0.000000,enabled
1782984389.046,2026-07-02 09:26:29.047,lock_deadlocks,0,0,0.000000,enabled
1782984389.046,2026-07-02 09:26:29.047,lock_deadlock_false_positives,0,0,0.000000,enabled
1782984389.046,2026-07-02 09:26:29.047,lock_deadlock_rounds,2202,2202,1.120265,enabled
1782984389.046,2026-07-02 09:26:29.047,lock_rec_grant_attempts,425,425,0.216218,enabled
1782984389.046,2026-07-02 09:26:29.047,lock_rec_release_attempts,35099036,35099036,17856.589596,enabled
1782984389.046,2026-07-02 09:26:29.047,lock_row_lock_current_waits,0,0,0.000000,enabled
1782984389.046,2026-07-02 09:26:29.047,lock_row_lock_time,323,323,0.164326,enabled
1782984389.046,2026-07-02 09:26:29.047,lock_row_lock_time_avg,0,0,0.000000,enabled
1782984389.046,2026-07-02 09:26:29.047,lock_row_lock_time_max,29,29,0.000000,enabled
1782984389.046,2026-07-02 09:26:29.047,lock_row_lock_waits,425,425,0.216218,enabled
1782984389.046,2026-07-02 09:26:29.047,lock_schedule_refreshes,2202,2202,1.120265,enabled
1782984389.046,2026-07-02 09:26:29.047,lock_threads_waiting,0,0,0.000000,enabled
1782984389.046,2026-07-02 09:26:29.047,lock_timeouts,0,0,0.000000,enabled
1782984389.046,2026-07-02 09:26:29.047,log_waits,0,0,0.000000,enabled
1782984389.046,2026-07-02 09:26:29.047,log_writes,173617711,173617711,88327.773127,enabled
1782984389.046,2026-07-02 09:26:29.047,log_write_requests,381018248,381018248,193842.512968,enabled
1782984389.046,2026-07-02 09:26:29.047,os_data_fsyncs,44132691,44132691,22452.447040,enabled
1782984389.046,2026-07-02 09:26:29.047,os_data_reads,57354710,57354710,29179.131428,enabled
1782984389.046,2026-07-02 09:26:29.047,os_data_writes,194508808,194508808,98956.093904,enabled
1782984389.046,2026-07-02 09:26:29.047,os_log_bytes_written,113187885056,113187885056,57584183.769358,enabled
1782984389.046,2026-07-02 09:26:29.047,os_log_fsyncs,38841105,38841105,19760.359732,enabled
1782984389.046,2026-07-02 09:26:29.047,os_log_pending_fsyncs,1,1,0.000509,enabled
1782984389.046,2026-07-02 09:26:29.047,os_log_pending_writes,0,0,0.000000,enabled
1782984389.046,2026-07-02 09:26:29.047,trx_rseg_history_len,269,269,0.000000,enabled
1782984390.119,2026-07-02 09:26:30.120,adaptive_hash_searches,0,0,0.000000,enabled
1782984390.119,2026-07-02 09:26:30.120,adaptive_hash_searches_btree,542944583,542944583,276071.664798,enabled
1782984390.119,2026-07-02 09:26:30.120,buffer_data_reads,935718504960,935718504960,475785942.000915,enabled
1782984390.119,2026-07-02 09:26:30.120,buffer_data_written,477920244224,477920244224,243008695.682718,enabled
1782984390.119,2026-07-02 09:26:30.120,buffer_pages0_read,7,7,0.003559,enabled
1782984390.119,2026-07-02 09:26:30.120,buffer_pages_created,1801669,1801669,916.096867,enabled
1782984390.119,2026-07-02 09:26:30.120,buffer_pages_read,57272562,57272562,29121.450282,enabled
1782984390.119,2026-07-02 09:26:30.120,buffer_pages_written,20208027,20208027,10275.200468,enabled
1782984390.119,2026-07-02 09:26:30.120,buffer_pool_bytes_data,12851462144,12851462144,0.000000,enabled
1782984390.119,2026-07-02 09:26:30.120,buffer_pool_bytes_dirty,4607377408,4607377408,0.000000,enabled
1782984390.119,2026-07-02 09:26:30.120,buffer_pool_pages_data,784391,784391,0.000000,enabled
1782984390.119,2026-07-02 09:26:30.120,buffer_pool_pages_dirty,281212,281212,0.000000,enabled
1782984390.119,2026-07-02 09:26:30.120,buffer_pool_pages_flushed,20150957,20150957,0.000000,enabled
1782984390.119,2026-07-02 09:26:30.120,buffer_pool_pages_free,1945,1945,0.000000,enabled
1782984390.119,2026-07-02 09:26:30.120,buffer_pool_pages_lru_flushed,0,0,0.000000,enabled
1782984390.119,2026-07-02 09:26:30.120,buffer_pool_pages_misc,96,96,0.000000,enabled
1782984390.119,2026-07-02 09:26:30.120,buffer_pool_pages_total,786432,786432,0.000000,enabled
1782984390.119,2026-07-02 09:26:30.120,buffer_pool_reads,56394169,56394169,28674.813881,enabled
1782984390.119,2026-07-02 09:26:30.120,buffer_pool_read_ahead,803715,803715,408.665970,enabled
1782984390.119,2026-07-02 09:26:30.120,buffer_pool_read_ahead_evicted,25,25,0.012712,enabled
1782984390.119,2026-07-02 09:26:30.120,buffer_pool_read_requests,2607425013,2607425013,1325800.660849,enabled
1782984390.119,2026-07-02 09:26:30.120,buffer_pool_size,12884901888,12884901888,0.000000,enabled
1782984390.119,2026-07-02 09:26:30.120,buffer_pool_wait_free,18945,18945,9.632988,enabled
1782984390.119,2026-07-02 09:26:30.120,buffer_pool_write_requests,568181751,568181751,288904.086018,enabled
1782984390.119,2026-07-02 09:26:30.120,dml_deletes,11553288,11553288,5874.513641,enabled
1782984390.119,2026-07-02 09:26:30.120,dml_inserts,111438688,111438688,56663.357948,enabled
1782984390.119,2026-07-02 09:26:30.120,dml_system_deletes,468,468,0.237964,enabled
1782984390.119,2026-07-02 09:26:30.120,dml_system_inserts,1202,1202,0.611182,enabled
1782984390.119,2026-07-02 09:26:30.120,dml_system_reads,7661,7661,3.895397,enabled
1782984390.119,2026-07-02 09:26:30.120,dml_system_updates,620,620,0.315252,enabled
1782984390.119,2026-07-02 09:26:30.120,dml_updates,23106689,23106689,11749.084728,enabled
1782984390.119,2026-07-02 09:26:30.120,file_num_open_files,35,35,0.000000,enabled
1782984390.119,2026-07-02 09:26:30.120,ibuf_merges,0,0,0.000000,enabled
1782984390.119,2026-07-02 09:26:30.120,ibuf_merges_delete,0,0,0.000000,enabled
1782984390.119,2026-07-02 09:26:30.120,ibuf_merges_delete_mark,0,0,0.000000,enabled
1782984390.119,2026-07-02 09:26:30.120,ibuf_merges_discard_delete,0,0,0.000000,enabled
1782984390.119,2026-07-02 09:26:30.120,ibuf_merges_discard_delete_mark,0,0,0.000000,enabled
1782984390.119,2026-07-02 09:26:30.120,ibuf_merges_discard_insert,0,0,0.000000,enabled
1782984390.119,2026-07-02 09:26:30.120,ibuf_merges_insert,0,0,0.000000,enabled
1782984390.119,2026-07-02 09:26:30.120,ibuf_size,1,1,0.000508,enabled
1782984390.119,2026-07-02 09:26:30.120,innodb_activity_count,16182235,16182235,8228.199781,enabled
1782984390.119,2026-07-02 09:26:30.120,innodb_dblwr_pages_written,20149260,20149260,10245.317510,enabled
1782984390.119,2026-07-02 09:26:30.120,innodb_dblwr_writes,403473,403473,205.154383,enabled
1782984390.119,2026-07-02 09:26:30.120,innodb_page_size,16384,16384,0.000000,enabled
1782984390.119,2026-07-02 09:26:30.120,innodb_rwlock_sx_os_waits,0,0,0.000000,enabled
1782984390.119,2026-07-02 09:26:30.120,innodb_rwlock_sx_spin_rounds,0,0,0.000000,enabled
1782984390.119,2026-07-02 09:26:30.120,innodb_rwlock_sx_spin_waits,0,0,0.000000,enabled
1782984390.119,2026-07-02 09:26:30.120,innodb_rwlock_s_os_waits,0,0,0.000000,enabled
1782984390.119,2026-07-02 09:26:30.120,innodb_rwlock_s_spin_rounds,0,0,0.000000,enabled
1782984390.119,2026-07-02 09:26:30.120,innodb_rwlock_s_spin_waits,0,0,0.000000,enabled
1782984390.119,2026-07-02 09:26:30.120,innodb_rwlock_x_os_waits,0,0,0.000000,enabled
1782984390.119,2026-07-02 09:26:30.120,innodb_rwlock_x_spin_rounds,0,0,0.000000,enabled
1782984390.119,2026-07-02 09:26:30.120,innodb_rwlock_x_spin_waits,0,0,0.000000,enabled
1782984390.119,2026-07-02 09:26:30.120,lock_deadlocks,0,0,0.000000,enabled
1782984390.119,2026-07-02 09:26:30.120,lock_deadlock_false_positives,0,0,0.000000,enabled
1782984390.119,2026-07-02 09:26:30.120,lock_deadlock_rounds,2204,2204,1.120671,enabled
1782984390.119,2026-07-02 09:26:30.120,lock_rec_grant_attempts,425,425,0.216100,enabled
1782984390.119,2026-07-02 09:26:30.120,lock_rec_release_attempts,35114112,35114112,17854.516844,enabled
1782984390.119,2026-07-02 09:26:30.120,lock_row_lock_current_waits,0,0,0.000000,enabled
1782984390.119,2026-07-02 09:26:30.120,lock_row_lock_time,323,323,0.164236,enabled
1782984390.119,2026-07-02 09:26:30.120,lock_row_lock_time_avg,0,0,0.000000,enabled
1782984390.119,2026-07-02 09:26:30.120,lock_row_lock_time_max,29,29,0.000000,enabled
1782984390.119,2026-07-02 09:26:30.120,lock_row_lock_waits,425,425,0.216100,enabled
1782984390.119,2026-07-02 09:26:30.120,lock_schedule_refreshes,2204,2204,1.120671,enabled
1782984390.119,2026-07-02 09:26:30.120,lock_threads_waiting,0,0,0.000000,enabled
1782984390.119,2026-07-02 09:26:30.120,lock_timeouts,0,0,0.000000,enabled
1782984390.119,2026-07-02 09:26:30.120,log_waits,0,0,0.000000,enabled
1782984390.119,2026-07-02 09:26:30.120,log_writes,173697829,173697829,88320.340413,enabled
1782984390.119,2026-07-02 09:26:30.120,log_write_requests,381102413,381102413,193779.594517,enabled
1782984390.119,2026-07-02 09:26:30.120,os_data_fsyncs,44167343,44167343,22457.821940,enabled
1782984390.119,2026-07-02 09:26:30.120,os_data_reads,57412523,57412523,29192.614565,enabled
1782984390.119,2026-07-02 09:26:30.120,os_data_writes,194605048,194605048,98951.062549,enabled
1782984390.119,2026-07-02 09:26:30.120,os_log_bytes_written,113229746688,113229746688,57574064.874459,enabled
1782984390.119,2026-07-02 09:26:30.120,os_log_fsyncs,38871056,38871056,19764.812369,enabled
1782984390.119,2026-07-02 09:26:30.120,os_log_pending_fsyncs,1,1,0.000508,enabled
1782984390.119,2026-07-02 09:26:30.120,os_log_pending_writes,0,0,0.000000,enabled
1782984390.119,2026-07-02 09:26:30.120,trx_rseg_history_len,408,408,0.000000,enabled
1782984391.191,2026-07-02 09:26:31.193,adaptive_hash_searches,0,0,0.000000,enabled
1782984391.191,2026-07-02 09:26:31.193,adaptive_hash_searches_btree,543115332,543115332,276008.449864,enabled
1782984391.191,2026-07-02 09:26:31.193,buffer_data_reads,936665598464,936665598464,476008757.853843,enabled
1782984391.191,2026-07-02 09:26:31.193,buffer_data_written,478228176896,478228176896,243033160.025032,enabled
1782984391.191,2026-07-02 09:26:31.193,buffer_pages0_read,7,7,0.003557,enabled
1782984391.191,2026-07-02 09:26:31.193,buffer_pages_created,1801699,1801699,915.614401,enabled
1782984391.191,2026-07-02 09:26:31.193,buffer_pages_read,57330528,57330528,29135.086751,enabled
1782984391.191,2026-07-02 09:26:31.193,buffer_pages_written,20223874,20223874,10277.671357,enabled
1782984391.191,2026-07-02 09:26:31.193,buffer_pool_bytes_data,12852953088,12852953088,0.000000,enabled
1782984391.191,2026-07-02 09:26:31.193,buffer_pool_bytes_dirty,4615389184,4615389184,0.000000,enabled
1782984391.191,2026-07-02 09:26:31.193,buffer_pool_pages_data,784482,784482,0.000000,enabled
1782984391.191,2026-07-02 09:26:31.193,buffer_pool_pages_dirty,281701,281701,0.000000,enabled
1782984391.191,2026-07-02 09:26:31.193,buffer_pool_pages_flushed,20166774,20166774,0.000000,enabled
1782984391.191,2026-07-02 09:26:31.193,buffer_pool_pages_free,1853,1853,0.000000,enabled
1782984391.191,2026-07-02 09:26:31.193,buffer_pool_pages_lru_flushed,0,0,0.000000,enabled
1782984391.191,2026-07-02 09:26:31.193,buffer_pool_pages_misc,96,96,0.000000,enabled
1782984391.191,2026-07-02 09:26:31.193,buffer_pool_pages_total,786432,786432,0.000000,enabled
1782984391.191,2026-07-02 09:26:31.193,buffer_pool_reads,56452068,56452068,28688.658867,enabled
1782984391.191,2026-07-02 09:26:31.193,buffer_pool_read_ahead,803715,803715,408.443942,enabled
1782984391.191,2026-07-02 09:26:31.193,buffer_pool_read_ahead_evicted,25,25,0.012705,enabled
1782984391.191,2026-07-02 09:26:31.193,buffer_pool_read_requests,2608270998,2608270998,1325510.279732,enabled
1782984391.191,2026-07-02 09:26:31.193,buffer_pool_size,12884901888,12884901888,0.000000,enabled
1782984391.191,2026-07-02 09:26:31.193,buffer_pool_wait_free,18945,18945,9.627754,enabled
1782984391.191,2026-07-02 09:26:31.193,buffer_pool_write_requests,568297052,568297052,288805.720084,enabled
1782984391.191,2026-07-02 09:26:31.193,dml_deletes,11558226,11558226,5873.831510,enabled
1782984391.191,2026-07-02 09:26:31.193,dml_inserts,111443623,111443623,56635.080932,enabled
1782984391.191,2026-07-02 09:26:31.193,dml_system_deletes,468,468,0.237835,enabled
1782984391.191,2026-07-02 09:26:31.193,dml_system_inserts,1202,1202,0.610850,enabled
1782984391.191,2026-07-02 09:26:31.193,dml_system_reads,7661,7661,3.893281,enabled
1782984391.191,2026-07-02 09:26:31.193,dml_system_updates,620,620,0.315081,enabled
1782984391.191,2026-07-02 09:26:31.193,dml_updates,23116567,23116567,11747.721450,enabled
1782984391.191,2026-07-02 09:26:31.193,file_num_open_files,35,35,0.000000,enabled
1782984391.191,2026-07-02 09:26:31.193,ibuf_merges,0,0,0.000000,enabled
1782984391.191,2026-07-02 09:26:31.193,ibuf_merges_delete,0,0,0.000000,enabled
1782984391.191,2026-07-02 09:26:31.193,ibuf_merges_delete_mark,0,0,0.000000,enabled
1782984391.191,2026-07-02 09:26:31.193,ibuf_merges_discard_delete,0,0,0.000000,enabled
1782984391.191,2026-07-02 09:26:31.193,ibuf_merges_discard_delete_mark,0,0,0.000000,enabled
1782984391.191,2026-07-02 09:26:31.193,ibuf_merges_discard_insert,0,0,0.000000,enabled
1782984391.191,2026-07-02 09:26:31.193,ibuf_merges_insert,0,0,0.000000,enabled
1782984391.191,2026-07-02 09:26:31.193,ibuf_size,1,1,0.000508,enabled
1782984391.191,2026-07-02 09:26:31.193,innodb_activity_count,16187904,16187904,8226.610392,enabled
1782984391.191,2026-07-02 09:26:31.193,innodb_dblwr_pages_written,20165112,20165112,10247.807182,enabled
1782984391.191,2026-07-02 09:26:31.193,innodb_dblwr_writes,403862,403862,205.240611,enabled
1782984391.191,2026-07-02 09:26:31.193,innodb_page_size,16384,16384,0.000000,enabled
1782984391.191,2026-07-02 09:26:31.193,innodb_rwlock_sx_os_waits,0,0,0.000000,enabled
1782984391.191,2026-07-02 09:26:31.193,innodb_rwlock_sx_spin_rounds,0,0,0.000000,enabled
1782984391.191,2026-07-02 09:26:31.193,innodb_rwlock_sx_spin_waits,0,0,0.000000,enabled
1782984391.191,2026-07-02 09:26:31.193,innodb_rwlock_s_os_waits,0,0,0.000000,enabled
1782984391.191,2026-07-02 09:26:31.193,innodb_rwlock_s_spin_rounds,0,0,0.000000,enabled
1782984391.191,2026-07-02 09:26:31.193,innodb_rwlock_s_spin_waits,0,0,0.000000,enabled
1782984391.191,2026-07-02 09:26:31.193,innodb_rwlock_x_os_waits,0,0,0.000000,enabled
1782984391.191,2026-07-02 09:26:31.193,innodb_rwlock_x_spin_rounds,0,0,0.000000,enabled
1782984391.191,2026-07-02 09:26:31.193,innodb_rwlock_x_spin_waits,0,0,0.000000,enabled
1782984391.191,2026-07-02 09:26:31.193,lock_deadlocks,0,0,0.000000,enabled
1782984391.191,2026-07-02 09:26:31.193,lock_deadlock_false_positives,0,0,0.000000,enabled
1782984391.191,2026-07-02 09:26:31.193,lock_deadlock_rounds,2205,2205,1.120570,enabled
1782984391.191,2026-07-02 09:26:31.193,lock_rec_grant_attempts,425,425,0.215983,enabled
1782984391.191,2026-07-02 09:26:31.193,lock_rec_release_attempts,35129140,35129140,17852.453627,enabled
1782984391.191,2026-07-02 09:26:31.193,lock_row_lock_current_waits,0,0,0.000000,enabled
1782984391.191,2026-07-02 09:26:31.193,lock_row_lock_time,323,323,0.164147,enabled
1782984391.191,2026-07-02 09:26:31.193,lock_row_lock_time_avg,0,0,0.000000,enabled
1782984391.191,2026-07-02 09:26:31.193,lock_row_lock_time_max,29,29,0.000000,enabled
1782984391.191,2026-07-02 09:26:31.193,lock_row_lock_waits,425,425,0.215983,enabled
1782984391.191,2026-07-02 09:26:31.193,lock_schedule_refreshes,2205,2205,1.120570,enabled
1782984391.191,2026-07-02 09:26:31.193,lock_threads_waiting,0,0,0.000000,enabled
1782984391.191,2026-07-02 09:26:31.193,lock_timeouts,0,0,0.000000,enabled
1782984391.191,2026-07-02 09:26:31.193,log_waits,0,0,0.000000,enabled
1782984391.191,2026-07-02 09:26:31.193,log_writes,173778558,173778558,88313.382424,enabled
1782984391.191,2026-07-02 09:26:31.193,log_write_requests,381186166,381186166,193716.877742,enabled
1782984391.191,2026-07-02 09:26:31.193,os_data_fsyncs,44202389,44202389,22463.430786,enabled
1782984391.191,2026-07-02 09:26:31.193,os_data_reads,57470326,57470326,29206.129393,enabled
1782984391.191,2026-07-02 09:26:31.193,os_data_writes,194701922,194701922,98946.533248,enabled
1782984391.191,2026-07-02 09:26:31.193,os_log_bytes_written,113271851008,113271851008,57564182.328544,enabled
1782984391.191,2026-07-02 09:26:31.193,os_log_fsyncs,38901034,38901034,19769.308896,enabled
1782984391.191,2026-07-02 09:26:31.193,os_log_pending_fsyncs,1,1,0.000508,enabled
1782984391.191,2026-07-02 09:26:31.193,os_log_pending_writes,1,1,0.000508,enabled
1782984391.191,2026-07-02 09:26:31.193,trx_rseg_history_len,511,511,0.000000,enabled
1782984392.260,2026-07-02 09:26:32.262,adaptive_hash_searches,0,0,0.000000,enabled
1782984392.260,2026-07-02 09:26:32.262,adaptive_hash_searches_btree,543285741,543285741,275945.403635,enabled
1782984392.260,2026-07-02 09:26:32.262,buffer_data_reads,937602697728,937602697728,476226733.752003,enabled
1782984392.260,2026-07-02 09:26:32.262,buffer_data_written,478536542720,478536542720,243058061.906108,enabled
1782984392.260,2026-07-02 09:26:32.262,buffer_pages0_read,7,7,0.003555,enabled
1782984392.260,2026-07-02 09:26:32.262,buffer_pages_created,1801737,1801737,915.137443,enabled
1782984392.260,2026-07-02 09:26:32.262,buffer_pages_read,57387887,57387887,29148.429400,enabled
1782984392.260,2026-07-02 09:26:32.262,buffer_pages_written,20239754,20239754,10280.166661,enabled
1782984392.260,2026-07-02 09:26:32.262,buffer_pool_bytes_data,12851380224,12851380224,0.000000,enabled
1782984392.260,2026-07-02 09:26:32.262,buffer_pool_bytes_dirty,4619665408,4619665408,0.000000,enabled
1782984392.260,2026-07-02 09:26:32.262,buffer_pool_pages_data,784386,784386,0.000000,enabled
1782984392.260,2026-07-02 09:26:32.262,buffer_pool_pages_dirty,281962,281962,0.000000,enabled
1782984392.260,2026-07-02 09:26:32.262,buffer_pool_pages_flushed,20182677,20182677,0.000000,enabled
1782984392.260,2026-07-02 09:26:32.262,buffer_pool_pages_free,1949,1949,0.000000,enabled
1782984392.260,2026-07-02 09:26:32.262,buffer_pool_pages_lru_flushed,0,0,0.000000,enabled
1782984392.260,2026-07-02 09:26:32.262,buffer_pool_pages_misc,96,96,0.000000,enabled
1782984392.260,2026-07-02 09:26:32.262,buffer_pool_pages_total,786432,786432,0.000000,enabled
1782984392.260,2026-07-02 09:26:32.262,buffer_pool_reads,56509364,56509364,28702.211644,enabled
1782984392.260,2026-07-02 09:26:32.262,buffer_pool_read_ahead,803715,803715,408.222569,enabled
1782984392.260,2026-07-02 09:26:32.262,buffer_pool_read_ahead_evicted,25,25,0.012698,enabled
1782984392.260,2026-07-02 09:26:32.262,buffer_pool_read_requests,2609115778,2609115778,1325220.946282,enabled
1782984392.260,2026-07-02 09:26:32.262,buffer_pool_size,12884901888,12884901888,0.000000,enabled
1782984392.260,2026-07-02 09:26:32.262,buffer_pool_wait_free,18945,18945,9.622536,enabled
1782984392.260,2026-07-02 09:26:32.262,buffer_pool_write_requests,568413401,568413401,288708.286107,enabled
1782984392.260,2026-07-02 09:26:32.262,dml_deletes,11563130,11563130,5873.138622,enabled
1782984392.260,2026-07-02 09:26:32.262,dml_inserts,111448529,111448529,56606.875532,enabled
1782984392.260,2026-07-02 09:26:32.262,dml_system_deletes,468,468,0.237706,enabled
1782984392.260,2026-07-02 09:26:32.262,dml_system_inserts,1202,1202,0.610519,enabled
1782984392.260,2026-07-02 09:26:32.262,dml_system_reads,7661,7661,3.891171,enabled
1782984392.260,2026-07-02 09:26:32.262,dml_system_updates,620,620,0.314910,enabled
1782984392.260,2026-07-02 09:26:32.262,dml_updates,23126373,23126373,11746.334628,enabled
1782984392.260,2026-07-02 09:26:32.262,file_num_open_files,35,35,0.000000,enabled
1782984392.260,2026-07-02 09:26:32.262,ibuf_merges,0,0,0.000000,enabled
1782984392.260,2026-07-02 09:26:32.262,ibuf_merges_delete,0,0,0.000000,enabled
1782984392.260,2026-07-02 09:26:32.262,ibuf_merges_delete_mark,0,0,0.000000,enabled
1782984392.260,2026-07-02 09:26:32.262,ibuf_merges_discard_delete,0,0,0.000000,enabled
1782984392.260,2026-07-02 09:26:32.262,ibuf_merges_discard_delete_mark,0,0,0.000000,enabled
1782984392.260,2026-07-02 09:26:32.262,ibuf_merges_discard_insert,0,0,0.000000,enabled
1782984392.260,2026-07-02 09:26:32.262,ibuf_merges_insert,0,0,0.000000,enabled
1782984392.260,2026-07-02 09:26:32.262,ibuf_size,1,1,0.000508,enabled
1782984392.260,2026-07-02 09:26:32.262,innodb_activity_count,16193532,16193532,8225.010013,enabled
1782984392.260,2026-07-02 09:26:32.262,innodb_dblwr_pages_written,20180980,20180980,10250.312364,enabled
1782984392.260,2026-07-02 09:26:32.262,innodb_dblwr_writes,404227,404227,205.314758,enabled
1782984392.260,2026-07-02 09:26:32.262,innodb_page_size,16384,16384,0.000000,enabled
1782984392.260,2026-07-02 09:26:32.262,innodb_rwlock_sx_os_waits,0,0,0.000000,enabled
1782984392.260,2026-07-02 09:26:32.262,innodb_rwlock_sx_spin_rounds,0,0,0.000000,enabled
1782984392.260,2026-07-02 09:26:32.262,innodb_rwlock_sx_spin_waits,0,0,0.000000,enabled
1782984392.260,2026-07-02 09:26:32.262,innodb_rwlock_s_os_waits,0,0,0.000000,enabled
1782984392.260,2026-07-02 09:26:32.262,innodb_rwlock_s_spin_rounds,0,0,0.000000,enabled
1782984392.260,2026-07-02 09:26:32.262,innodb_rwlock_s_spin_waits,0,0,0.000000,enabled
1782984392.260,2026-07-02 09:26:32.262,innodb_rwlock_x_os_waits,0,0,0.000000,enabled
1782984392.260,2026-07-02 09:26:32.262,innodb_rwlock_x_spin_rounds,0,0,0.000000,enabled
1782984392.260,2026-07-02 09:26:32.262,innodb_rwlock_x_spin_waits,0,0,0.000000,enabled
1782984392.260,2026-07-02 09:26:32.262,lock_deadlocks,0,0,0.000000,enabled
1782984392.260,2026-07-02 09:26:32.262,lock_deadlock_false_positives,0,0,0.000000,enabled
1782984392.260,2026-07-02 09:26:32.262,lock_deadlock_rounds,2206,2206,1.120471,enabled
1782984392.260,2026-07-02 09:26:32.262,lock_rec_grant_attempts,425,425,0.215866,enabled
1782984392.260,2026-07-02 09:26:32.262,lock_rec_release_attempts,35144038,35144038,17850.344753,enabled
1782984392.260,2026-07-02 09:26:32.262,lock_row_lock_current_waits,0,0,0.000000,enabled
1782984392.260,2026-07-02 09:26:32.262,lock_row_lock_time,323,323,0.164058,enabled
1782984392.260,2026-07-02 09:26:32.262,lock_row_lock_time_avg,0,0,0.000000,enabled
1782984392.260,2026-07-02 09:26:32.262,lock_row_lock_time_max,29,29,0.000000,enabled
1782984392.260,2026-07-02 09:26:32.262,lock_row_lock_waits,425,425,0.215866,enabled
1782984392.260,2026-07-02 09:26:32.262,lock_schedule_refreshes,2206,2206,1.120471,enabled
1782984392.260,2026-07-02 09:26:32.262,lock_threads_waiting,0,0,0.000000,enabled
1782984392.260,2026-07-02 09:26:32.262,lock_timeouts,0,0,0.000000,enabled
1782984392.260,2026-07-02 09:26:32.262,log_waits,0,0,0.000000,enabled
1782984392.260,2026-07-02 09:26:32.262,log_writes,173859315,173859315,88306.534032,enabled
1782984392.260,2026-07-02 09:26:32.262,log_write_requests,381269607,381269607,193654.263261,enabled
1782984392.260,2026-07-02 09:26:32.262,os_data_fsyncs,44237073,44237073,22468.872256,enabled
1782984392.260,2026-07-02 09:26:32.262,os_data_reads,57527538,57527538,29219.358723,enabled
1782984392.260,2026-07-02 09:26:32.262,os_data_writes,194798844,194798844,98942.132670,enabled
1782984392.260,2026-07-02 09:26:32.262,os_log_bytes_written,113314084352,113314084352,57554433.602450,enabled
1782984392.260,2026-07-02 09:26:32.262,os_log_fsyncs,38930893,38930893,19773.759872,enabled
1782984392.260,2026-07-02 09:26:32.262,os_log_pending_fsyncs,1,1,0.000508,enabled
1782984392.260,2026-07-02 09:26:32.262,os_log_pending_writes,0,0,0.000000,enabled
1782984392.260,2026-07-02 09:26:32.262,trx_rseg_history_len,536,536,0.000000,enabled
1782984393.327,2026-07-02 09:26:33.329,adaptive_hash_searches,0,0,0.000000,enabled
1782984393.327,2026-07-02 09:26:33.329,adaptive_hash_searches_btree,543457937,543457937,275882.594430,enabled
1782984393.327,2026-07-02 09:26:33.329,buffer_data_reads,938551446016,938551446016,476449107.957933,enabled
1782984393.327,2026-07-02 09:26:33.329,buffer_data_written,478846185472,478846185472,243082932.381612,enabled
1782984393.327,2026-07-02 09:26:33.329,buffer_pages0_read,7,7,0.003554,enabled
1782984393.327,2026-07-02 09:26:33.329,buffer_pages_created,1801779,1801779,914.660576,enabled
1782984393.327,2026-07-02 09:26:33.329,buffer_pages_read,57445961,57445961,29162.042267,enabled
1782984393.327,2026-07-02 09:26:33.329,buffer_pages_written,20255766,20255766,10282.698667,enabled
1782984393.327,2026-07-02 09:26:33.329,buffer_pool_bytes_data,12852379648,12852379648,0.000000,enabled
1782984393.327,2026-07-02 09:26:33.329,buffer_pool_bytes_dirty,4625022976,4625022976,0.000000,enabled
1782984393.327,2026-07-02 09:26:33.329,buffer_pool_pages_data,784447,784447,0.000000,enabled
1782984393.327,2026-07-02 09:26:33.329,buffer_pool_pages_dirty,282289,282289,0.000000,enabled
1782984393.327,2026-07-02 09:26:33.329,buffer_pool_pages_flushed,20198696,20198696,0.000000,enabled
1782984393.327,2026-07-02 09:26:33.329,buffer_pool_pages_free,1889,1889,0.000000,enabled
1782984393.327,2026-07-02 09:26:33.329,buffer_pool_pages_lru_flushed,0,0,0.000000,enabled
1782984393.327,2026-07-02 09:26:33.329,buffer_pool_pages_misc,96,96,0.000000,enabled
1782984393.327,2026-07-02 09:26:33.329,buffer_pool_pages_total,786432,786432,0.000000,enabled
1782984393.327,2026-07-02 09:26:33.329,buffer_pool_reads,56567376,56567376,28716.035827,enabled
1782984393.327,2026-07-02 09:26:33.329,buffer_pool_read_ahead,803715,803715,408.000337,enabled
1782984393.327,2026-07-02 09:26:33.329,buffer_pool_read_ahead_evicted,25,25,0.012691,enabled
1782984393.327,2026-07-02 09:26:33.329,buffer_pool_read_requests,2609968904,2609968904,1324932.592695,enabled
1782984393.327,2026-07-02 09:26:33.329,buffer_pool_size,12884901888,12884901888,0.000000,enabled
1782984393.327,2026-07-02 09:26:33.329,buffer_pool_wait_free,18945,18945,9.617298,enabled
1782984393.327,2026-07-02 09:26:33.329,buffer_pool_write_requests,568530595,568530595,288610.608866,enabled
1782984393.327,2026-07-02 09:26:33.329,dml_deletes,11568096,11568096,5872.462247,enabled
1782984393.327,2026-07-02 09:26:33.329,dml_inserts,111453494,111453494,56578.579264,enabled
1782984393.327,2026-07-02 09:26:33.329,dml_system_deletes,468,468,0.237577,enabled
1782984393.327,2026-07-02 09:26:33.329,dml_system_inserts,1202,1202,0.610187,enabled
1782984393.327,2026-07-02 09:26:33.329,dml_system_reads,7661,7661,3.889053,enabled
1782984393.327,2026-07-02 09:26:33.329,dml_system_updates,620,620,0.314739,enabled
1782984393.327,2026-07-02 09:26:33.329,dml_updates,23136310,23136310,11744.984383,enabled
1782984393.327,2026-07-02 09:26:33.329,file_num_open_files,35,35,0.000000,enabled
1782984393.327,2026-07-02 09:26:33.329,ibuf_merges,0,0,0.000000,enabled
1782984393.327,2026-07-02 09:26:33.329,ibuf_merges_delete,0,0,0.000000,enabled
1782984393.327,2026-07-02 09:26:33.329,ibuf_merges_delete_mark,0,0,0.000000,enabled
1782984393.327,2026-07-02 09:26:33.329,ibuf_merges_discard_delete,0,0,0.000000,enabled
1782984393.327,2026-07-02 09:26:33.329,ibuf_merges_discard_delete_mark,0,0,0.000000,enabled
1782984393.327,2026-07-02 09:26:33.329,ibuf_merges_discard_insert,0,0,0.000000,enabled
1782984393.327,2026-07-02 09:26:33.329,ibuf_merges_insert,0,0,0.000000,enabled
1782984393.327,2026-07-02 09:26:33.329,ibuf_size,1,1,0.000508,enabled
1782984393.327,2026-07-02 09:26:33.329,innodb_activity_count,16199231,16199231,8223.425398,enabled
1782984393.327,2026-07-02 09:26:33.329,innodb_dblwr_pages_written,20196999,20196999,10252.864037,enabled
1782984393.327,2026-07-02 09:26:33.329,innodb_dblwr_writes,404586,404586,205.385228,enabled
1782984393.327,2026-07-02 09:26:33.329,innodb_page_size,16384,16384,0.000000,enabled
1782984393.327,2026-07-02 09:26:33.329,innodb_rwlock_sx_os_waits,0,0,0.000000,enabled
1782984393.327,2026-07-02 09:26:33.329,innodb_rwlock_sx_spin_rounds,0,0,0.000000,enabled
1782984393.327,2026-07-02 09:26:33.329,innodb_rwlock_sx_spin_waits,0,0,0.000000,enabled
1782984393.327,2026-07-02 09:26:33.329,innodb_rwlock_s_os_waits,0,0,0.000000,enabled
1782984393.327,2026-07-02 09:26:33.329,innodb_rwlock_s_spin_rounds,0,0,0.000000,enabled
1782984393.327,2026-07-02 09:26:33.329,innodb_rwlock_s_spin_waits,0,0,0.000000,enabled
1782984393.327,2026-07-02 09:26:33.329,innodb_rwlock_x_os_waits,0,0,0.000000,enabled
1782984393.327,2026-07-02 09:26:33.329,innodb_rwlock_x_spin_rounds,0,0,0.000000,enabled
1782984393.327,2026-07-02 09:26:33.329,innodb_rwlock_x_spin_waits,0,0,0.000000,enabled
1782984393.327,2026-07-02 09:26:33.329,lock_deadlocks,0,0,0.000000,enabled
1782984393.327,2026-07-02 09:26:33.329,lock_deadlock_false_positives,0,0,0.000000,enabled
1782984393.327,2026-07-02 09:26:33.329,lock_deadlock_rounds,2207,2207,1.120368,enabled
1782984393.327,2026-07-02 09:26:33.329,lock_rec_grant_attempts,425,425,0.215748,enabled
1782984393.327,2026-07-02 09:26:33.329,lock_rec_release_attempts,35159126,35159126,17848.286548,enabled
1782984393.327,2026-07-02 09:26:33.329,lock_row_lock_current_waits,0,0,0.000000,enabled
1782984393.327,2026-07-02 09:26:33.329,lock_row_lock_time,323,323,0.163969,enabled
1782984393.327,2026-07-02 09:26:33.329,lock_row_lock_time_avg,0,0,0.000000,enabled
1782984393.327,2026-07-02 09:26:33.329,lock_row_lock_time_max,29,29,0.000000,enabled
1782984393.327,2026-07-02 09:26:33.329,lock_row_lock_waits,425,425,0.215748,enabled
1782984393.327,2026-07-02 09:26:33.329,lock_schedule_refreshes,2207,2207,1.120368,enabled
1782984393.327,2026-07-02 09:26:33.329,lock_threads_waiting,0,0,0.000000,enabled
1782984393.327,2026-07-02 09:26:33.329,lock_timeouts,0,0,0.000000,enabled
1782984393.327,2026-07-02 09:26:33.329,log_waits,0,0,0.000000,enabled
1782984393.327,2026-07-02 09:26:33.329,log_writes,173938256,173938256,88298.534432,enabled
1782984393.327,2026-07-02 09:26:33.329,log_write_requests,381353816,381353816,193591.587359,enabled
1782984393.327,2026-07-02 09:26:33.329,os_data_fsyncs,44271462,44271462,22474.097709,enabled
1782984393.327,2026-07-02 09:26:33.329,os_data_reads,57585440,57585440,29232.845474,enabled
1782984393.327,2026-07-02 09:26:33.329,os_data_writes,194894056,194894056,98936.603025,enabled
1782984393.327,2026-07-02 09:26:33.329,os_log_bytes_written,113355452416,113355452416,57544101.610572,enabled
1782984393.327,2026-07-02 09:26:33.329,os_log_fsyncs,38960520,38960520,19778.035123,enabled
1782984393.327,2026-07-02 09:26:33.329,os_log_pending_fsyncs,1,1,0.000508,enabled
1782984393.327,2026-07-02 09:26:33.329,os_log_pending_writes,1,1,0.000508,enabled
1782984393.327,2026-07-02 09:26:33.329,trx_rseg_history_len,702,702,0.000000,enabled
1782984394.400,2026-07-02 09:26:34.402,adaptive_hash_searches,0,0,0.000000,enabled
1782984394.400,2026-07-02 09:26:34.402,adaptive_hash_searches_btree,543627972,543627972,275817.812833,enabled
1782984394.400,2026-07-02 09:26:34.402,buffer_data_reads,939492919808,939492919808,476665906.882071,enabled
1782984394.400,2026-07-02 09:26:34.402,buffer_data_written,479212760576,479212760576,243135823.685578,enabled
1782984394.400,2026-07-02 09:26:34.402,buffer_pages0_read,7,7,0.003552,enabled
1782984394.400,2026-07-02 09:26:34.402,buffer_pages_created,1801826,1801826,914.183614,enabled
1782984394.400,2026-07-02 09:26:34.402,buffer_pages_read,57503578,57503578,29175.307911,enabled
1782984394.400,2026-07-02 09:26:34.402,buffer_pages_written,20275245,20275245,10286.951503,enabled
1782984394.400,2026-07-02 09:26:34.402,buffer_pool_bytes_data,12847054848,12847054848,0.000000,enabled
1782984394.400,2026-07-02 09:26:34.402,buffer_pool_bytes_dirty,4571906048,4571906048,0.000000,enabled
1782984394.400,2026-07-02 09:26:34.402,buffer_pool_pages_data,784122,784122,0.000000,enabled
1782984394.400,2026-07-02 09:26:34.402,buffer_pool_pages_dirty,279047,279047,0.000000,enabled
1782984394.400,2026-07-02 09:26:34.402,buffer_pool_pages_flushed,20218175,20218175,0.000000,enabled
1782984394.400,2026-07-02 09:26:34.402,buffer_pool_pages_free,2213,2213,0.000000,enabled
1782984394.400,2026-07-02 09:26:34.402,buffer_pool_pages_lru_flushed,0,0,0.000000,enabled
1782984394.400,2026-07-02 09:26:34.402,buffer_pool_pages_misc,96,96,0.000000,enabled
1782984394.400,2026-07-02 09:26:34.402,buffer_pool_pages_total,786432,786432,0.000000,enabled
1782984394.400,2026-07-02 09:26:34.402,buffer_pool_reads,56624942,56624942,28729.519782,enabled
1782984394.400,2026-07-02 09:26:34.402,buffer_pool_read_ahead,803715,803715,407.776943,enabled
1782984394.400,2026-07-02 09:26:34.402,buffer_pool_read_ahead_evicted,25,25,0.012684,enabled
1782984394.400,2026-07-02 09:26:34.402,buffer_pool_read_requests,2610811918,2610811918,1324634.862081,enabled
1782984394.400,2026-07-02 09:26:34.402,buffer_pool_size,12884901888,12884901888,0.000000,enabled
1782984394.400,2026-07-02 09:26:34.402,buffer_pool_wait_free,18945,18945,9.612032,enabled
1782984394.400,2026-07-02 09:26:34.402,buffer_pool_write_requests,568645537,568645537,288510.902167,enabled
1782984394.400,2026-07-02 09:26:34.402,dml_deletes,11572997,11572997,5871.733574,enabled
1782984394.400,2026-07-02 09:26:34.402,dml_inserts,111458396,111458396,56550.088667,enabled
1782984394.400,2026-07-02 09:26:34.402,dml_system_deletes,468,468,0.237447,enabled
1782984394.400,2026-07-02 09:26:34.402,dml_system_inserts,1202,1202,0.609853,enabled
1782984394.400,2026-07-02 09:26:34.402,dml_system_reads,7661,7661,3.886923,enabled
1782984394.400,2026-07-02 09:26:34.402,dml_system_updates,620,620,0.314566,enabled
1782984394.400,2026-07-02 09:26:34.402,dml_updates,23146109,23146109,11743.525481,enabled
1782984394.400,2026-07-02 09:26:34.402,file_num_open_files,35,35,0.000000,enabled
1782984394.400,2026-07-02 09:26:34.402,ibuf_merges,0,0,0.000000,enabled
1782984394.400,2026-07-02 09:26:34.402,ibuf_merges_delete,0,0,0.000000,enabled
1782984394.400,2026-07-02 09:26:34.402,ibuf_merges_delete_mark,0,0,0.000000,enabled
1782984394.400,2026-07-02 09:26:34.402,ibuf_merges_discard_delete,0,0,0.000000,enabled
1782984394.400,2026-07-02 09:26:34.402,ibuf_merges_discard_delete_mark,0,0,0.000000,enabled
1782984394.400,2026-07-02 09:26:34.402,ibuf_merges_discard_insert,0,0,0.000000,enabled
1782984394.400,2026-07-02 09:26:34.402,ibuf_merges_insert,0,0,0.000000,enabled
1782984394.400,2026-07-02 09:26:34.402,ibuf_size,1,1,0.000507,enabled
1782984394.400,2026-07-02 09:26:34.402,innodb_activity_count,16204842,16204842,8221.769745,enabled
1782984394.400,2026-07-02 09:26:34.402,innodb_dblwr_pages_written,20216478,20216478,10257.133380,enabled
1782984394.400,2026-07-02 09:26:34.402,innodb_dblwr_writes,404996,404996,205.480796,enabled
1782984394.400,2026-07-02 09:26:34.402,innodb_page_size,16384,16384,0.000000,enabled
1782984394.400,2026-07-02 09:26:34.402,innodb_rwlock_sx_os_waits,0,0,0.000000,enabled
1782984394.400,2026-07-02 09:26:34.402,innodb_rwlock_sx_spin_rounds,0,0,0.000000,enabled
1782984394.400,2026-07-02 09:26:34.402,innodb_rwlock_sx_spin_waits,0,0,0.000000,enabled
1782984394.400,2026-07-02 09:26:34.402,innodb_rwlock_s_os_waits,0,0,0.000000,enabled
1782984394.400,2026-07-02 09:26:34.402,innodb_rwlock_s_spin_rounds,0,0,0.000000,enabled
1782984394.400,2026-07-02 09:26:34.402,innodb_rwlock_s_spin_waits,0,0,0.000000,enabled
1782984394.400,2026-07-02 09:26:34.402,innodb_rwlock_x_os_waits,0,0,0.000000,enabled
1782984394.400,2026-07-02 09:26:34.402,innodb_rwlock_x_spin_rounds,0,0,0.000000,enabled
1782984394.400,2026-07-02 09:26:34.402,innodb_rwlock_x_spin_waits,0,0,0.000000,enabled
1782984394.400,2026-07-02 09:26:34.402,lock_deadlocks,0,0,0.000000,enabled
1782984394.400,2026-07-02 09:26:34.402,lock_deadlock_false_positives,0,0,0.000000,enabled
1782984394.400,2026-07-02 09:26:34.402,lock_deadlock_rounds,2208,2208,1.120262,enabled
1782984394.400,2026-07-02 09:26:34.402,lock_rec_grant_attempts,425,425,0.215630,enabled
1782984394.400,2026-07-02 09:26:34.402,lock_rec_release_attempts,35174061,35174061,17846.091483,enabled
1782984394.400,2026-07-02 09:26:34.402,lock_row_lock_current_waits,0,0,0.000000,enabled
1782984394.400,2026-07-02 09:26:34.402,lock_row_lock_time,323,323,0.163879,enabled
1782984394.400,2026-07-02 09:26:34.402,lock_row_lock_time_avg,0,0,0.000000,enabled
1782984394.400,2026-07-02 09:26:34.402,lock_row_lock_time_max,29,29,0.000000,enabled
1782984394.400,2026-07-02 09:26:34.402,lock_row_lock_waits,425,425,0.215630,enabled
1782984394.400,2026-07-02 09:26:34.402,lock_schedule_refreshes,2208,2208,1.120262,enabled
1782984394.400,2026-07-02 09:26:34.402,lock_threads_waiting,0,0,0.000000,enabled
1782984394.400,2026-07-02 09:26:34.402,lock_timeouts,0,0,0.000000,enabled
1782984394.400,2026-07-02 09:26:34.402,log_waits,0,0,0.000000,enabled
1782984394.400,2026-07-02 09:26:34.402,log_writes,174017443,174017443,88290.365314,enabled
1782984394.400,2026-07-02 09:26:34.402,log_write_requests,381436968,381436968,193527.779177,enabled
1782984394.400,2026-07-02 09:26:34.402,os_data_fsyncs,44306105,44306105,22479.369129,enabled
1782984394.400,2026-07-02 09:26:34.402,os_data_reads,57642919,57642919,29246.002459,enabled
1782984394.400,2026-07-02 09:26:34.402,os_data_writes,194993039,194993039,98932.652834,enabled
1782984394.400,2026-07-02 09:26:34.402,os_log_bytes_written,113397044736,113397044736,57533697.018971,enabled
1782984394.400,2026-07-02 09:26:34.402,os_log_fsyncs,38989832,38989832,19782.077956,enabled
1782984394.400,2026-07-02 09:26:34.402,os_log_pending_fsyncs,0,0,0.000000,enabled
1782984394.400,2026-07-02 09:26:34.402,os_log_pending_writes,0,0,0.000000,enabled
1782984394.400,2026-07-02 09:26:34.402,trx_rseg_history_len,959,959,0.000000,enabled
1782984395.479,2026-07-02 09:26:35.481,adaptive_hash_searches,0,0,0.000000,enabled
1782984395.479,2026-07-02 09:26:35.481,adaptive_hash_searches_btree,543799317,543799317,275754.849062,enabled
1782984395.479,2026-07-02 09:26:35.481,buffer_data_reads,940439767552,940439767552,476887063.346540,enabled
1782984395.479,2026-07-02 09:26:35.481,buffer_data_written,479520522240,479520522240,243159786.917555,enabled
1782984395.479,2026-07-02 09:26:35.481,buffer_pages0_read,7,7,0.003550,enabled
1782984395.479,2026-07-02 09:26:35.481,buffer_pages_created,1801868,1801868,913.708228,enabled
1782984395.479,2026-07-02 09:26:35.481,buffer_pages_read,57561547,57561547,29188.851980,enabled
1782984395.479,2026-07-02 09:26:35.481,buffer_pages_written,20291099,20291099,10289.401914,enabled
1782984395.479,2026-07-02 09:26:35.481,buffer_pool_bytes_data,12853624832,12853624832,0.000000,enabled
1782984395.479,2026-07-02 09:26:35.481,buffer_pool_bytes_dirty,4579835904,4579835904,0.000000,enabled
1782984395.479,2026-07-02 09:26:35.481,buffer_pool_pages_data,784523,784523,0.000000,enabled
1782984395.479,2026-07-02 09:26:35.481,buffer_pool_pages_dirty,279531,279531,0.000000,enabled
1782984395.479,2026-07-02 09:26:35.481,buffer_pool_pages_flushed,20234029,20234029,0.000000,enabled
1782984395.479,2026-07-02 09:26:35.481,buffer_pool_pages_free,1812,1812,0.000000,enabled
1782984395.479,2026-07-02 09:26:35.481,buffer_pool_pages_lru_flushed,0,0,0.000000,enabled
1782984395.479,2026-07-02 09:26:35.481,buffer_pool_pages_misc,96,96,0.000000,enabled
1782984395.479,2026-07-02 09:26:35.481,buffer_pool_pages_total,786432,786432,0.000000,enabled
1782984395.479,2026-07-02 09:26:35.481,buffer_pool_reads,56682864,56682864,28743.282448,enabled
1782984395.479,2026-07-02 09:26:35.481,buffer_pool_read_ahead,803715,803715,407.555394,enabled
1782984395.479,2026-07-02 09:26:35.481,buffer_pool_read_ahead_evicted,25,25,0.012677,enabled
1782984395.479,2026-07-02 09:26:35.481,buffer_pool_read_requests,2611661200,2611661200,1324345.839140,enabled
1782984395.479,2026-07-02 09:26:35.481,buffer_pool_size,12884901888,12884901888,0.000000,enabled
1782984395.479,2026-07-02 09:26:35.481,buffer_pool_wait_free,18945,18945,9.606810,enabled
1782984395.479,2026-07-02 09:26:35.481,buffer_pool_write_requests,568761829,568761829,288413.122218,enabled
1782984395.479,2026-07-02 09:26:35.481,dml_deletes,11577943,11577943,5871.051562,enabled
1782984395.479,2026-07-02 09:26:35.481,dml_inserts,111463341,111463341,56521.872924,enabled
1782984395.479,2026-07-02 09:26:35.481,dml_system_deletes,468,468,0.237318,enabled
1782984395.479,2026-07-02 09:26:35.481,dml_system_inserts,1202,1202,0.609521,enabled
1782984395.479,2026-07-02 09:26:35.481,dml_system_reads,7661,7661,3.884811,enabled
1782984395.479,2026-07-02 09:26:35.481,dml_system_updates,620,620,0.314395,enabled
1782984395.479,2026-07-02 09:26:35.481,dml_updates,23156005,23156005,11742.163454,enabled
1782984395.479,2026-07-02 09:26:35.481,file_num_open_files,35,35,0.000000,enabled
1782984395.479,2026-07-02 09:26:35.481,ibuf_merges,0,0,0.000000,enabled
1782984395.479,2026-07-02 09:26:35.481,ibuf_merges_delete,0,0,0.000000,enabled
1782984395.479,2026-07-02 09:26:35.481,ibuf_merges_delete_mark,0,0,0.000000,enabled
1782984395.479,2026-07-02 09:26:35.481,ibuf_merges_discard_delete,0,0,0.000000,enabled
1782984395.479,2026-07-02 09:26:35.481,ibuf_merges_discard_delete_mark,0,0,0.000000,enabled
1782984395.479,2026-07-02 09:26:35.481,ibuf_merges_discard_insert,0,0,0.000000,enabled
1782984395.479,2026-07-02 09:26:35.481,ibuf_merges_insert,0,0,0.000000,enabled
1782984395.479,2026-07-02 09:26:35.481,ibuf_size,1,1,0.000507,enabled
1782984395.479,2026-07-02 09:26:35.481,innodb_activity_count,16210526,16210526,8220.185193,enabled
1782984395.479,2026-07-02 09:26:35.481,innodb_dblwr_pages_written,20232332,20232332,10259.600134,enabled
1782984395.479,2026-07-02 09:26:35.481,innodb_dblwr_writes,405351,405351,205.549176,enabled
1782984395.479,2026-07-02 09:26:35.481,innodb_page_size,16384,16384,0.000000,enabled
1782984395.479,2026-07-02 09:26:35.481,innodb_rwlock_sx_os_waits,0,0,0.000000,enabled
1782984395.479,2026-07-02 09:26:35.481,innodb_rwlock_sx_spin_rounds,0,0,0.000000,enabled
1782984395.479,2026-07-02 09:26:35.481,innodb_rwlock_sx_spin_waits,0,0,0.000000,enabled
1782984395.479,2026-07-02 09:26:35.481,innodb_rwlock_s_os_waits,0,0,0.000000,enabled
1782984395.479,2026-07-02 09:26:35.481,innodb_rwlock_s_spin_rounds,0,0,0.000000,enabled
1782984395.479,2026-07-02 09:26:35.481,innodb_rwlock_s_spin_waits,0,0,0.000000,enabled
1782984395.479,2026-07-02 09:26:35.481,innodb_rwlock_x_os_waits,0,0,0.000000,enabled
1782984395.479,2026-07-02 09:26:35.481,innodb_rwlock_x_spin_rounds,0,0,0.000000,enabled
1782984395.479,2026-07-02 09:26:35.481,innodb_rwlock_x_spin_waits,0,0,0.000000,enabled
1782984395.479,2026-07-02 09:26:35.481,lock_deadlocks,0,0,0.000000,enabled
1782984395.479,2026-07-02 09:26:35.481,lock_deadlock_false_positives,0,0,0.000000,enabled
1782984395.479,2026-07-02 09:26:35.481,lock_deadlock_rounds,2209,2209,1.120161,enabled
1782984395.479,2026-07-02 09:26:35.481,lock_rec_grant_attempts,425,425,0.215513,enabled
1782984395.479,2026-07-02 09:26:35.481,lock_rec_release_attempts,35189099,35189099,17844.021191,enabled
1782984395.479,2026-07-02 09:26:35.481,lock_row_lock_current_waits,0,0,0.000000,enabled
1782984395.479,2026-07-02 09:26:35.481,lock_row_lock_time,323,323,0.163790,enabled
1782984395.479,2026-07-02 09:26:35.481,lock_row_lock_time_avg,0,0,0.000000,enabled
1782984395.479,2026-07-02 09:26:35.481,lock_row_lock_time_max,29,29,0.000000,enabled
1782984395.479,2026-07-02 09:26:35.481,lock_row_lock_waits,425,425,0.215513,enabled
1782984395.479,2026-07-02 09:26:35.481,lock_schedule_refreshes,2209,2209,1.120161,enabled
1782984395.479,2026-07-02 09:26:35.481,lock_threads_waiting,0,0,0.000000,enabled
1782984395.479,2026-07-02 09:26:35.481,lock_timeouts,0,0,0.000000,enabled
1782984395.479,2026-07-02 09:26:35.481,log_waits,0,0,0.000000,enabled
1782984395.479,2026-07-02 09:26:35.481,log_writes,174097793,174097793,88283.141925,enabled
1782984395.479,2026-07-02 09:26:35.481,log_write_requests,381520915,381520915,193465.204413,enabled
1782984395.479,2026-07-02 09:26:35.481,os_data_fsyncs,44340894,44340894,22484.797141,enabled
1782984395.479,2026-07-02 09:26:35.481,os_data_reads,57700710,57700710,29259.418211,enabled
1782984395.479,2026-07-02 09:26:35.481,os_data_writes,195089494,195089494,98927.813699,enabled
1782984395.479,2026-07-02 09:26:35.481,os_log_bytes_written,113439111680,113439111680,57523770.480219,enabled
1782984395.479,2026-07-02 09:26:35.481,os_log_fsyncs,39019823,39019823,19786.538406,enabled
1782984395.479,2026-07-02 09:26:35.481,os_log_pending_fsyncs,1,1,0.000507,enabled
1782984395.479,2026-07-02 09:26:35.481,os_log_pending_writes,0,0,0.000000,enabled
1782984395.479,2026-07-02 09:26:35.481,trx_rseg_history_len,1032,1032,0.000000,enabled
1782984396.550,2026-07-02 09:26:36.552,adaptive_hash_searches,0,0,0.000000,enabled
1782984396.550,2026-07-02 09:26:36.552,adaptive_hash_searches_btree,543971299,543971299,275692.047189,enabled
1782984396.550,2026-07-02 09:26:36.552,buffer_data_reads,941390580224,941390580224,477109676.731548,enabled
1782984396.550,2026-07-02 09:26:36.552,buffer_data_written,479830546432,479830546432,243184711.571300,enabled
1782984396.550,2026-07-02 09:26:36.552,buffer_pages0_read,7,7,0.003548,enabled
1782984396.550,2026-07-02 09:26:36.552,buffer_pages_created,1801898,1801898,913.226670,enabled
1782984396.550,2026-07-02 09:26:36.552,buffer_pages_read,57619740,57619740,29202.475805,enabled
1782984396.550,2026-07-02 09:26:36.552,buffer_pages_written,20307079,20307079,10291.906679,enabled
1782984396.550,2026-07-02 09:26:36.552,buffer_pool_bytes_data,12852183040,12852183040,0.000000,enabled
1782984396.550,2026-07-02 09:26:36.552,buffer_pool_bytes_dirty,4586586112,4586586112,0.000000,enabled
1782984396.550,2026-07-02 09:26:36.552,buffer_pool_pages_data,784434,784434,0.000000,enabled
1782984396.550,2026-07-02 09:26:36.552,buffer_pool_pages_dirty,279943,279943,0.000000,enabled
1782984396.550,2026-07-02 09:26:36.552,buffer_pool_pages_flushed,20250009,20250009,0.000000,enabled
1782984396.550,2026-07-02 09:26:36.552,buffer_pool_pages_free,1901,1901,0.000000,enabled
1782984396.550,2026-07-02 09:26:36.552,buffer_pool_pages_lru_flushed,0,0,0.000000,enabled
1782984396.550,2026-07-02 09:26:36.552,buffer_pool_pages_misc,96,96,0.000000,enabled
1782984396.550,2026-07-02 09:26:36.552,buffer_pool_pages_total,786432,786432,0.000000,enabled
1782984396.550,2026-07-02 09:26:36.552,buffer_pool_reads,56740989,56740989,28757.114281,enabled
1782984396.550,2026-07-02 09:26:36.552,buffer_pool_read_ahead,803715,803715,407.333819,enabled
1782984396.550,2026-07-02 09:26:36.552,buffer_pool_read_ahead_evicted,25,25,0.012670,enabled
1782984396.550,2026-07-02 09:26:36.552,buffer_pool_read_requests,2612512999,2612512999,1324057.541302,enabled
1782984396.550,2026-07-02 09:26:36.552,buffer_pool_size,12884901888,12884901888,0.000000,enabled
1782984396.550,2026-07-02 09:26:36.552,buffer_pool_wait_free,18945,18945,9.601587,enabled
1782984396.550,2026-07-02 09:26:36.552,buffer_pool_write_requests,568877665,568877665,288315.028904,enabled
1782984396.550,2026-07-02 09:26:36.552,dml_deletes,11582909,11582909,5870.375268,enabled
1782984396.550,2026-07-02 09:26:36.552,dml_inserts,111468309,111468309,56493.649820,enabled
1782984396.550,2026-07-02 09:26:36.552,dml_system_deletes,468,468,0.237189,enabled
1782984396.550,2026-07-02 09:26:36.552,dml_system_inserts,1202,1202,0.609190,enabled
1782984396.550,2026-07-02 09:26:36.552,dml_system_reads,7661,7661,3.882699,enabled
1782984396.550,2026-07-02 09:26:36.552,dml_system_updates,620,620,0.314224,enabled
1782984396.550,2026-07-02 09:26:36.552,dml_updates,23165934,23165934,11740.809300,enabled
1782984396.550,2026-07-02 09:26:36.552,file_num_open_files,35,35,0.000000,enabled
1782984396.550,2026-07-02 09:26:36.552,ibuf_merges,0,0,0.000000,enabled
1782984396.550,2026-07-02 09:26:36.552,ibuf_merges_delete,0,0,0.000000,enabled
1782984396.550,2026-07-02 09:26:36.552,ibuf_merges_delete_mark,0,0,0.000000,enabled
1782984396.550,2026-07-02 09:26:36.552,ibuf_merges_discard_delete,0,0,0.000000,enabled
1782984396.550,2026-07-02 09:26:36.552,ibuf_merges_discard_delete_mark,0,0,0.000000,enabled
1782984396.550,2026-07-02 09:26:36.552,ibuf_merges_discard_insert,0,0,0.000000,enabled
1782984396.550,2026-07-02 09:26:36.552,ibuf_merges_insert,0,0,0.000000,enabled
1782984396.550,2026-07-02 09:26:36.552,ibuf_size,1,1,0.000507,enabled
1782984396.550,2026-07-02 09:26:36.552,innodb_activity_count,16216237,16216237,8218.609068,enabled
1782984396.550,2026-07-02 09:26:36.552,innodb_dblwr_pages_written,20248312,20248312,10262.119184,enabled
1782984396.550,2026-07-02 09:26:36.552,innodb_dblwr_writes,405732,405732,205.630482,enabled
1782984396.550,2026-07-02 09:26:36.552,innodb_page_size,16384,16384,0.000000,enabled
1782984396.550,2026-07-02 09:26:36.552,innodb_rwlock_sx_os_waits,0,0,0.000000,enabled
1782984396.550,2026-07-02 09:26:36.552,innodb_rwlock_sx_spin_rounds,0,0,0.000000,enabled
1782984396.550,2026-07-02 09:26:36.552,innodb_rwlock_sx_spin_waits,0,0,0.000000,enabled
1782984396.550,2026-07-02 09:26:36.552,innodb_rwlock_s_os_waits,0,0,0.000000,enabled
1782984396.550,2026-07-02 09:26:36.552,innodb_rwlock_s_spin_rounds,0,0,0.000000,enabled
1782984396.550,2026-07-02 09:26:36.552,innodb_rwlock_s_spin_waits,0,0,0.000000,enabled
1782984396.550,2026-07-02 09:26:36.552,innodb_rwlock_x_os_waits,0,0,0.000000,enabled
1782984396.550,2026-07-02 09:26:36.552,innodb_rwlock_x_spin_rounds,0,0,0.000000,enabled
1782984396.550,2026-07-02 09:26:36.552,innodb_rwlock_x_spin_waits,0,0,0.000000,enabled
1782984396.550,2026-07-02 09:26:36.552,lock_deadlocks,0,0,0.000000,enabled
1782984396.550,2026-07-02 09:26:36.552,lock_deadlock_false_positives,0,0,0.000000,enabled
1782984396.550,2026-07-02 09:26:36.552,lock_deadlock_rounds,2210,2210,1.120058,enabled
1782984396.550,2026-07-02 09:26:36.552,lock_rec_grant_attempts,425,425,0.215396,enabled
1782984396.550,2026-07-02 09:26:36.552,lock_rec_release_attempts,35204215,35204215,17841.981055,enabled
1782984396.550,2026-07-02 09:26:36.552,lock_row_lock_current_waits,0,0,0.000000,enabled
1782984396.550,2026-07-02 09:26:36.552,lock_row_lock_time,323,323,0.163701,enabled
1782984396.550,2026-07-02 09:26:36.552,lock_row_lock_time_avg,0,0,0.000000,enabled
1782984396.550,2026-07-02 09:26:36.552,lock_row_lock_time_max,29,29,0.000000,enabled
1782984396.550,2026-07-02 09:26:36.552,lock_row_lock_waits,425,425,0.215396,enabled
1782984396.550,2026-07-02 09:26:36.552,lock_schedule_refreshes,2210,2210,1.120058,enabled
1782984396.550,2026-07-02 09:26:36.552,lock_threads_waiting,0,0,0.000000,enabled
1782984396.550,2026-07-02 09:26:36.552,lock_timeouts,0,0,0.000000,enabled
1782984396.550,2026-07-02 09:26:36.552,log_waits,0,0,0.000000,enabled
1782984396.550,2026-07-02 09:26:36.552,log_writes,174178633,174178633,88276.105001,enabled
1782984396.550,2026-07-02 09:26:36.552,log_write_requests,381605222,381605222,193402.727569,enabled
1782984396.550,2026-07-02 09:26:36.552,os_data_fsyncs,44375944,44375944,22490.334716,enabled
1782984396.550,2026-07-02 09:26:36.552,os_data_reads,57758754,57758754,29272.925755,enabled
1782984396.550,2026-07-02 09:26:36.552,os_data_writes,195186598,195186598,98923.234850,enabled
1782984396.550,2026-07-02 09:26:36.552,os_log_bytes_written,113481271808,113481271808,57513858.716487,enabled
1782984396.550,2026-07-02 09:26:36.552,os_log_fsyncs,39049891,39049891,19791.018147,enabled
1782984396.550,2026-07-02 09:26:36.552,os_log_pending_fsyncs,1,1,0.000507,enabled
1782984396.550,2026-07-02 09:26:36.552,os_log_pending_writes,0,0,0.000000,enabled
1782984396.550,2026-07-02 09:26:36.552,trx_rseg_history_len,1186,1186,0.000000,enabled
1782984397.624,2026-07-02 09:26:37.625,adaptive_hash_searches,0,0,0.000000,enabled
1782984397.624,2026-07-02 09:26:37.625,adaptive_hash_searches_btree,544143571,544143571,275629.497803,enabled
1782984397.624,2026-07-02 09:26:37.625,buffer_data_reads,942343211520,942343211520,477332898.656127,enabled
1782984397.624,2026-07-02 09:26:37.625,buffer_data_written,480145034752,480145034752,243211834.280559,enabled
1782984397.624,2026-07-02 09:26:37.625,buffer_pages0_read,7,7,0.003546,enabled
1782984397.624,2026-07-02 09:26:37.625,buffer_pages_created,1801946,1801946,912.754615,enabled
1782984397.624,2026-07-02 09:26:37.625,buffer_pages_read,57678063,57678063,29216.146220,enabled
1782984397.624,2026-07-02 09:26:37.625,buffer_pages_written,20323273,20323273,10294.515575,enabled
1782984397.624,2026-07-02 09:26:37.625,buffer_pool_bytes_data,12857016320,12857016320,0.000000,enabled
1782984397.624,2026-07-02 09:26:37.625,buffer_pool_bytes_dirty,4587864064,4587864064,0.000000,enabled
1782984397.624,2026-07-02 09:26:37.625,buffer_pool_pages_data,784730,784730,0.000000,enabled
1782984397.624,2026-07-02 09:26:37.625,buffer_pool_pages_dirty,280021,280021,0.000000,enabled
1782984397.624,2026-07-02 09:26:37.625,buffer_pool_pages_flushed,20266203,20266203,0.000000,enabled
1782984397.624,2026-07-02 09:26:37.625,buffer_pool_pages_free,1606,1606,0.000000,enabled
1782984397.624,2026-07-02 09:26:37.625,buffer_pool_pages_lru_flushed,0,0,0.000000,enabled
1782984397.624,2026-07-02 09:26:37.625,buffer_pool_pages_misc,96,96,0.000000,enabled
1782984397.624,2026-07-02 09:26:37.625,buffer_pool_pages_total,786432,786432,0.000000,enabled
1782984397.624,2026-07-02 09:26:37.625,buffer_pool_reads,56799254,56799254,28770.996999,enabled
1782984397.624,2026-07-02 09:26:37.625,buffer_pool_read_ahead,803715,803715,407.112417,enabled
1782984397.624,2026-07-02 09:26:37.625,buffer_pool_read_ahead_evicted,25,25,0.012663,enabled
1782984397.624,2026-07-02 09:26:37.625,buffer_pool_read_requests,2613370669,2613370669,1323772.302327,enabled
1782984397.624,2026-07-02 09:26:37.625,buffer_pool_size,12884901888,12884901888,0.000000,enabled
1782984397.624,2026-07-02 09:26:37.625,buffer_pool_wait_free,18945,18945,9.596368,enabled
1782984397.624,2026-07-02 09:26:37.625,buffer_pool_write_requests,568997687,568997687,288219.113500,enabled
1782984397.624,2026-07-02 09:26:37.625,dml_deletes,11587879,11587879,5869.703017,enabled
1782984397.624,2026-07-02 09:26:37.625,dml_inserts,111473275,111473275,56465.468720,enabled
1782984397.624,2026-07-02 09:26:37.625,dml_system_deletes,468,468,0.237060,enabled
1782984397.624,2026-07-02 09:26:37.625,dml_system_inserts,1202,1202,0.608859,enabled
1782984397.624,2026-07-02 09:26:37.625,dml_system_reads,7661,7661,3.880589,enabled
1782984397.624,2026-07-02 09:26:37.625,dml_system_updates,620,620,0.314054,enabled
1782984397.624,2026-07-02 09:26:37.625,dml_updates,23175873,23175873,11739.464272,enabled
1782984397.624,2026-07-02 09:26:37.625,file_num_open_files,35,35,0.000000,enabled
1782984397.624,2026-07-02 09:26:37.625,ibuf_merges,0,0,0.000000,enabled
1782984397.624,2026-07-02 09:26:37.625,ibuf_merges_delete,0,0,0.000000,enabled
1782984397.624,2026-07-02 09:26:37.625,ibuf_merges_delete_mark,0,0,0.000000,enabled
1782984397.624,2026-07-02 09:26:37.625,ibuf_merges_discard_delete,0,0,0.000000,enabled
1782984397.624,2026-07-02 09:26:37.625,ibuf_merges_discard_delete_mark,0,0,0.000000,enabled
1782984397.624,2026-07-02 09:26:37.625,ibuf_merges_discard_insert,0,0,0.000000,enabled
1782984397.624,2026-07-02 09:26:37.625,ibuf_merges_insert,0,0,0.000000,enabled
1782984397.624,2026-07-02 09:26:37.625,ibuf_size,1,1,0.000507,enabled
1782984397.624,2026-07-02 09:26:37.625,innodb_activity_count,16221948,16221948,8217.036000,enabled
1782984397.624,2026-07-02 09:26:37.625,innodb_dblwr_pages_written,20264506,20264506,10264.745889,enabled
1782984397.624,2026-07-02 09:26:37.625,innodb_dblwr_writes,406102,406102,205.706166,enabled
1782984397.624,2026-07-02 09:26:37.625,innodb_page_size,16384,16384,0.000000,enabled
1782984397.624,2026-07-02 09:26:37.625,innodb_rwlock_sx_os_waits,0,0,0.000000,enabled
1782984397.624,2026-07-02 09:26:37.625,innodb_rwlock_sx_spin_rounds,0,0,0.000000,enabled
1782984397.624,2026-07-02 09:26:37.625,innodb_rwlock_sx_spin_waits,0,0,0.000000,enabled
1782984397.624,2026-07-02 09:26:37.625,innodb_rwlock_s_os_waits,0,0,0.000000,enabled
1782984397.624,2026-07-02 09:26:37.625,innodb_rwlock_s_spin_rounds,0,0,0.000000,enabled
1782984397.624,2026-07-02 09:26:37.625,innodb_rwlock_s_spin_waits,0,0,0.000000,enabled
1782984397.624,2026-07-02 09:26:37.625,innodb_rwlock_x_os_waits,0,0,0.000000,enabled
1782984397.624,2026-07-02 09:26:37.625,innodb_rwlock_x_spin_rounds,0,0,0.000000,enabled
1782984397.624,2026-07-02 09:26:37.625,innodb_rwlock_x_spin_waits,0,0,0.000000,enabled
1782984397.624,2026-07-02 09:26:37.625,lock_deadlocks,0,0,0.000000,enabled
1782984397.624,2026-07-02 09:26:37.625,lock_deadlock_false_positives,0,0,0.000000,enabled
1782984397.624,2026-07-02 09:26:37.625,lock_deadlock_rounds,2211,2211,1.119956,enabled
1782984397.624,2026-07-02 09:26:37.625,lock_rec_grant_attempts,425,425,0.215279,enabled
1782984397.624,2026-07-02 09:26:37.625,lock_rec_release_attempts,35219349,35219349,17839.949086,enabled
1782984397.624,2026-07-02 09:26:37.625,lock_row_lock_current_waits,0,0,0.000000,enabled
1782984397.624,2026-07-02 09:26:37.625,lock_row_lock_time,323,323,0.163612,enabled
1782984397.624,2026-07-02 09:26:37.625,lock_row_lock_time_avg,0,0,0.000000,enabled
1782984397.624,2026-07-02 09:26:37.625,lock_row_lock_time_max,29,29,0.000000,enabled
1782984397.624,2026-07-02 09:26:37.625,lock_row_lock_waits,425,425,0.215279,enabled
1782984397.624,2026-07-02 09:26:37.625,lock_schedule_refreshes,2211,2211,1.119956,enabled
1782984397.624,2026-07-02 09:26:37.625,lock_threads_waiting,0,0,0.000000,enabled
1782984397.624,2026-07-02 09:26:37.625,lock_timeouts,0,0,0.000000,enabled
1782984397.624,2026-07-02 09:26:37.625,log_waits,0,0,0.000000,enabled
1782984397.624,2026-07-02 09:26:37.625,log_writes,174260549,174260549,88269.626268,enabled
1782984397.624,2026-07-02 09:26:37.625,log_write_requests,381690804,381690804,193340.976198,enabled
1782984397.624,2026-07-02 09:26:37.625,os_data_fsyncs,44411268,44411268,22496.005061,enabled
1782984397.624,2026-07-02 09:26:37.625,os_data_reads,57816897,57816897,29286.468694,enabled
1782984397.624,2026-07-02 09:26:37.625,os_data_writes,195284981,195284981,98919.308616,enabled
1782984397.624,2026-07-02 09:26:37.625,os_log_bytes_written,113524374528,113524374528,57504435.534311,enabled
1782984397.624,2026-07-02 09:26:37.625,os_log_fsyncs,39080122,39080122,19795.575733,enabled
1782984397.624,2026-07-02 09:26:37.625,os_log_pending_fsyncs,0,0,0.000000,enabled
1782984397.624,2026-07-02 09:26:37.625,os_log_pending_writes,0,0,0.000000,enabled
1782984397.624,2026-07-02 09:26:37.625,trx_rseg_history_len,77,77,0.000000,enabled
1782984398.697,2026-07-02 09:26:38.698,adaptive_hash_searches,0,0,0.000000,enabled
1782984398.697,2026-07-02 09:26:38.698,adaptive_hash_searches_btree,544316509,544316509,275567.250457,enabled
1782984398.697,2026-07-02 09:26:38.698,buffer_data_reads,943293958656,943293958656,477554808.393438,enabled
1782984398.697,2026-07-02 09:26:38.698,buffer_data_written,480456820736,480456820736,243237500.518094,enabled
1782984398.697,2026-07-02 09:26:38.698,buffer_pages0_read,7,7,0.003544,enabled
1782984398.697,2026-07-02 09:26:38.698,buffer_pages_created,1801982,1801982,912.276783,enabled
1782984398.697,2026-07-02 09:26:38.698,buffer_pages_read,57736270,57736270,29229.736041,enabled
1782984398.697,2026-07-02 09:26:38.698,buffer_pages_written,20339331,20339331,10297.050347,enabled
1782984398.697,2026-07-02 09:26:38.698,buffer_pool_bytes_data,12851773440,12851773440,0.000000,enabled
1782984398.697,2026-07-02 09:26:38.698,buffer_pool_bytes_dirty,4590911488,4590911488,0.000000,enabled
1782984398.697,2026-07-02 09:26:38.698,buffer_pool_pages_data,784410,784410,0.000000,enabled
1782984398.697,2026-07-02 09:26:38.698,buffer_pool_pages_dirty,280207,280207,0.000000,enabled
1782984398.697,2026-07-02 09:26:38.698,buffer_pool_pages_flushed,20282261,20282261,0.000000,enabled
1782984398.697,2026-07-02 09:26:38.698,buffer_pool_pages_free,1924,1924,0.000000,enabled
1782984398.697,2026-07-02 09:26:38.698,buffer_pool_pages_lru_flushed,0,0,0.000000,enabled
1782984398.697,2026-07-02 09:26:38.698,buffer_pool_pages_misc,96,96,0.000000,enabled
1782984398.697,2026-07-02 09:26:38.698,buffer_pool_pages_total,786432,786432,0.000000,enabled
1782984398.697,2026-07-02 09:26:38.698,buffer_pool_reads,56857392,56857392,28784.793884,enabled
1782984398.697,2026-07-02 09:26:38.698,buffer_pool_read_ahead,803715,803715,406.891163,enabled
1782984398.697,2026-07-02 09:26:38.698,buffer_pool_read_ahead_evicted,25,25,0.012657,enabled
1782984398.697,2026-07-02 09:26:38.698,buffer_pool_read_requests,2614227407,2614227407,1323486.603115,enabled
1782984398.697,2026-07-02 09:26:38.698,buffer_pool_size,12884901888,12884901888,0.000000,enabled
1782984398.697,2026-07-02 09:26:38.698,buffer_pool_wait_free,18945,18945,9.591152,enabled
1782984398.697,2026-07-02 09:26:38.698,buffer_pool_write_requests,569114822,569114822,288121.775345,enabled
1782984398.697,2026-07-02 09:26:38.698,dml_deletes,11592863,11592863,5869.036105,enabled
1782984398.697,2026-07-02 09:26:38.698,dml_inserts,111478262,111478262,56437.305030,enabled
1782984398.697,2026-07-02 09:26:38.698,dml_system_deletes,468,468,0.236931,enabled
1782984398.697,2026-07-02 09:26:38.698,dml_system_inserts,1202,1202,0.608528,enabled
1782984398.697,2026-07-02 09:26:38.698,dml_system_reads,7661,7661,3.878480,enabled
1782984398.697,2026-07-02 09:26:38.698,dml_system_updates,620,620,0.313883,enabled
1782984398.697,2026-07-02 09:26:38.698,dml_updates,23185842,23185842,11738.130923,enabled
1782984398.697,2026-07-02 09:26:38.698,file_num_open_files,35,35,0.000000,enabled
1782984398.697,2026-07-02 09:26:38.698,ibuf_merges,0,0,0.000000,enabled
1782984398.697,2026-07-02 09:26:38.698,ibuf_merges_delete,0,0,0.000000,enabled
1782984398.697,2026-07-02 09:26:38.698,ibuf_merges_delete_mark,0,0,0.000000,enabled
1782984398.697,2026-07-02 09:26:38.698,ibuf_merges_discard_delete,0,0,0.000000,enabled
1782984398.697,2026-07-02 09:26:38.698,ibuf_merges_discard_delete_mark,0,0,0.000000,enabled
1782984398.697,2026-07-02 09:26:38.698,ibuf_merges_discard_insert,0,0,0.000000,enabled
1782984398.697,2026-07-02 09:26:38.698,ibuf_merges_insert,0,0,0.000000,enabled
1782984398.697,2026-07-02 09:26:38.698,ibuf_size,1,1,0.000506,enabled
1782984398.697,2026-07-02 09:26:38.698,innodb_activity_count,16227678,16227678,8215.471061,enabled
1782984398.697,2026-07-02 09:26:38.698,innodb_dblwr_pages_written,20280564,20280564,10267.296698,enabled
1782984398.697,2026-07-02 09:26:38.698,innodb_dblwr_writes,406448,406448,205.769534,enabled
1782984398.697,2026-07-02 09:26:38.698,innodb_page_size,16384,16384,0.000000,enabled
1782984398.697,2026-07-02 09:26:38.698,innodb_rwlock_sx_os_waits,0,0,0.000000,enabled
1782984398.697,2026-07-02 09:26:38.698,innodb_rwlock_sx_spin_rounds,0,0,0.000000,enabled
1782984398.697,2026-07-02 09:26:38.698,innodb_rwlock_sx_spin_waits,0,0,0.000000,enabled
1782984398.697,2026-07-02 09:26:38.698,innodb_rwlock_s_os_waits,0,0,0.000000,enabled
1782984398.697,2026-07-02 09:26:38.698,innodb_rwlock_s_spin_rounds,0,0,0.000000,enabled
1782984398.697,2026-07-02 09:26:38.698,innodb_rwlock_s_spin_waits,0,0,0.000000,enabled
1782984398.697,2026-07-02 09:26:38.698,innodb_rwlock_x_os_waits,0,0,0.000000,enabled
1782984398.697,2026-07-02 09:26:38.698,innodb_rwlock_x_spin_rounds,0,0,0.000000,enabled
1782984398.697,2026-07-02 09:26:38.698,innodb_rwlock_x_spin_waits,0,0,0.000000,enabled
1782984398.697,2026-07-02 09:26:38.698,lock_deadlocks,0,0,0.000000,enabled
1782984398.697,2026-07-02 09:26:38.698,lock_deadlock_false_positives,0,0,0.000000,enabled
1782984398.697,2026-07-02 09:26:38.698,lock_deadlock_rounds,2212,2212,1.119854,enabled
1782984398.697,2026-07-02 09:26:38.698,lock_rec_grant_attempts,425,425,0.215162,enabled
1782984398.697,2026-07-02 09:26:38.698,lock_rec_release_attempts,35234499,35234499,17837.923429,enabled
1782984398.697,2026-07-02 09:26:38.698,lock_row_lock_current_waits,0,0,0.000000,enabled
1782984398.697,2026-07-02 09:26:38.698,lock_row_lock_time,323,323,0.163523,enabled
1782984398.697,2026-07-02 09:26:38.698,lock_row_lock_time_avg,0,0,0.000000,enabled
1782984398.697,2026-07-02 09:26:38.698,lock_row_lock_time_max,29,29,0.000000,enabled
1782984398.697,2026-07-02 09:26:38.698,lock_row_lock_waits,425,425,0.215162,enabled
1782984398.697,2026-07-02 09:26:38.698,lock_schedule_refreshes,2212,2212,1.119854,enabled
1782984398.697,2026-07-02 09:26:38.698,lock_threads_waiting,0,0,0.000000,enabled
1782984398.697,2026-07-02 09:26:38.698,lock_timeouts,0,0,0.000000,enabled
1782984398.697,2026-07-02 09:26:38.698,log_waits,0,0,0.000000,enabled
1782984398.697,2026-07-02 09:26:38.698,log_writes,174341737,174341737,88262.756485,enabled
1782984398.697,2026-07-02 09:26:38.698,log_write_requests,381775463,381775463,193278.760034,enabled
1782984398.697,2026-07-02 09:26:38.698,os_data_fsyncs,44446154,44446154,22501.440650,enabled
1782984398.697,2026-07-02 09:26:38.698,os_data_reads,57874921,57874921,29299.927781,enabled
1782984398.697,2026-07-02 09:26:38.698,os_data_writes,195382495,195382495,98914.916671,enabled
1782984398.697,2026-07-02 09:26:38.698,os_log_bytes_written,113566900224,113566900224,57494712.813401,enabled
1782984398.697,2026-07-02 09:26:38.698,os_log_fsyncs,39110096,39110096,19799.992173,enabled
1782984398.697,2026-07-02 09:26:38.698,os_log_pending_fsyncs,1,1,0.000506,enabled
1782984398.697,2026-07-02 09:26:38.698,os_log_pending_writes,0,0,0.000000,enabled
1782984398.697,2026-07-02 09:26:38.698,trx_rseg_history_len,225,225,0.000000,enabled
1782984399.770,2026-07-02 09:26:39.772,adaptive_hash_searches,0,0,0.000000,enabled
1782984399.770,2026-07-02 09:26:39.772,adaptive_hash_searches_btree,544487518,544487518,275504.283324,enabled
1782984399.770,2026-07-02 09:26:39.772,buffer_data_reads,944239757824,944239757824,477774277.031471,enabled
1782984399.770,2026-07-02 09:26:39.772,buffer_data_written,480765913600,480765913600,243261930.758224,enabled
1782984399.770,2026-07-02 09:26:39.772,buffer_pages0_read,7,7,0.003542,enabled
1782984399.770,2026-07-02 09:26:39.772,buffer_pages_created,1802023,1802023,911.802578,enabled
1782984399.770,2026-07-02 09:26:39.772,buffer_pages_read,57794153,57794153,29243.165730,enabled
1782984399.770,2026-07-02 09:26:39.772,buffer_pages_written,20355264,20355264,10299.525650,enabled
1782984399.770,2026-07-02 09:26:39.772,buffer_pool_bytes_data,12852084736,12852084736,0.000000,enabled
1782984399.770,2026-07-02 09:26:39.772,buffer_pool_bytes_dirty,4599447552,4599447552,0.000000,enabled
1782984399.770,2026-07-02 09:26:39.772,buffer_pool_pages_data,784429,784429,0.000000,enabled
1782984399.770,2026-07-02 09:26:39.772,buffer_pool_pages_dirty,280728,280728,0.000000,enabled
1782984399.770,2026-07-02 09:26:39.772,buffer_pool_pages_flushed,20298194,20298194,0.000000,enabled
1782984399.770,2026-07-02 09:26:39.772,buffer_pool_pages_free,1907,1907,0.000000,enabled
1782984399.770,2026-07-02 09:26:39.772,buffer_pool_pages_lru_flushed,0,0,0.000000,enabled
1782984399.770,2026-07-02 09:26:39.772,buffer_pool_pages_misc,96,96,0.000000,enabled
1782984399.770,2026-07-02 09:26:39.772,buffer_pool_pages_total,786432,786432,0.000000,enabled
1782984399.770,2026-07-02 09:26:39.772,buffer_pool_reads,56915225,56915225,28798.439619,enabled
1782984399.770,2026-07-02 09:26:39.772,buffer_pool_read_ahead,803715,803715,406.670405,enabled
1782984399.770,2026-07-02 09:26:39.772,buffer_pool_read_ahead_evicted,25,25,0.012650,enabled
1782984399.770,2026-07-02 09:26:39.772,buffer_pool_read_requests,2615074793,2615074793,1323197.318723,enabled
1782984399.770,2026-07-02 09:26:39.772,buffer_pool_size,12884901888,12884901888,0.000000,enabled
1782984399.770,2026-07-02 09:26:39.772,buffer_pool_wait_free,18945,18945,9.585949,enabled
1782984399.770,2026-07-02 09:26:39.772,buffer_pool_write_requests,569230223,569230223,288023.847738,enabled
1782984399.770,2026-07-02 09:26:39.772,dml_deletes,11597809,11597809,5868.354850,enabled
1782984399.770,2026-07-02 09:26:39.772,dml_inserts,111483208,111483208,56409.191165,enabled
1782984399.770,2026-07-02 09:26:39.772,dml_system_deletes,468,468,0.236802,enabled
1782984399.770,2026-07-02 09:26:39.772,dml_system_inserts,1202,1202,0.608198,enabled
1782984399.770,2026-07-02 09:26:39.772,dml_system_reads,7661,7661,3.876376,enabled
1782984399.770,2026-07-02 09:26:39.772,dml_system_updates,620,620,0.313713,enabled
1782984399.770,2026-07-02 09:26:39.772,dml_updates,23195736,23195736,11736.769394,enabled
1782984399.770,2026-07-02 09:26:39.772,file_num_open_files,35,35,0.000000,enabled
1782984399.770,2026-07-02 09:26:39.772,ibuf_merges,0,0,0.000000,enabled
1782984399.770,2026-07-02 09:26:39.772,ibuf_merges_delete,0,0,0.000000,enabled
1782984399.770,2026-07-02 09:26:39.772,ibuf_merges_delete_mark,0,0,0.000000,enabled
1782984399.770,2026-07-02 09:26:39.772,ibuf_merges_discard_delete,0,0,0.000000,enabled
1782984399.770,2026-07-02 09:26:39.772,ibuf_merges_discard_delete_mark,0,0,0.000000,enabled
1782984399.770,2026-07-02 09:26:39.772,ibuf_merges_discard_insert,0,0,0.000000,enabled
1782984399.770,2026-07-02 09:26:39.772,ibuf_merges_insert,0,0,0.000000,enabled
1782984399.770,2026-07-02 09:26:39.772,ibuf_size,1,1,0.000506,enabled
1782984399.770,2026-07-02 09:26:39.772,innodb_activity_count,16233354,16233354,8213.886192,enabled
1782984399.770,2026-07-02 09:26:39.772,innodb_dblwr_pages_written,20296497,20296497,10269.788694,enabled
1782984399.770,2026-07-02 09:26:39.772,innodb_dblwr_writes,406811,406811,205.841580,enabled
1782984399.770,2026-07-02 09:26:39.772,innodb_page_size,16384,16384,0.000000,enabled
1782984399.770,2026-07-02 09:26:39.772,innodb_rwlock_sx_os_waits,0,0,0.000000,enabled
1782984399.770,2026-07-02 09:26:39.772,innodb_rwlock_sx_spin_rounds,0,0,0.000000,enabled
1782984399.770,2026-07-02 09:26:39.772,innodb_rwlock_sx_spin_waits,0,0,0.000000,enabled
1782984399.770,2026-07-02 09:26:39.772,innodb_rwlock_s_os_waits,0,0,0.000000,enabled
1782984399.770,2026-07-02 09:26:39.772,innodb_rwlock_s_spin_rounds,0,0,0.000000,enabled
1782984399.770,2026-07-02 09:26:39.772,innodb_rwlock_s_spin_waits,0,0,0.000000,enabled
1782984399.770,2026-07-02 09:26:39.772,innodb_rwlock_x_os_waits,0,0,0.000000,enabled
1782984399.770,2026-07-02 09:26:39.772,innodb_rwlock_x_spin_rounds,0,0,0.000000,enabled
1782984399.770,2026-07-02 09:26:39.772,innodb_rwlock_x_spin_waits,0,0,0.000000,enabled
1782984399.770,2026-07-02 09:26:39.772,lock_deadlocks,0,0,0.000000,enabled
1782984399.770,2026-07-02 09:26:39.772,lock_deadlock_false_positives,0,0,0.000000,enabled
1782984399.770,2026-07-02 09:26:39.772,lock_deadlock_rounds,2213,2213,1.119752,enabled
1782984399.770,2026-07-02 09:26:39.772,lock_rec_grant_attempts,425,425,0.215045,enabled
1782984399.770,2026-07-02 09:26:39.772,lock_rec_release_attempts,35249556,35249556,17835.864204,enabled
1782984399.770,2026-07-02 09:26:39.772,lock_row_lock_current_waits,0,0,0.000000,enabled
1782984399.770,2026-07-02 09:26:39.772,lock_row_lock_time,323,323,0.163434,enabled
1782984399.770,2026-07-02 09:26:39.772,lock_row_lock_time_avg,0,0,0.000000,enabled
1782984399.770,2026-07-02 09:26:39.772,lock_row_lock_time_max,29,29,0.000000,enabled
1782984399.770,2026-07-02 09:26:39.772,lock_row_lock_waits,425,425,0.215045,enabled
1782984399.770,2026-07-02 09:26:39.772,lock_schedule_refreshes,2213,2213,1.119752,enabled
1782984399.770,2026-07-02 09:26:39.772,lock_threads_waiting,0,0,0.000000,enabled
1782984399.770,2026-07-02 09:26:39.772,lock_timeouts,0,0,0.000000,enabled
1782984399.770,2026-07-02 09:26:39.772,log_waits,0,0,0.000000,enabled
1782984399.770,2026-07-02 09:26:39.772,log_writes,174421421,174421421,88255.191443,enabled
1782984399.770,2026-07-02 09:26:39.772,log_write_requests,381859362,381859362,193216.354554,enabled
1782984399.770,2026-07-02 09:26:39.772,os_data_fsyncs,44481206,44481206,22506.968738,enabled
1782984399.770,2026-07-02 09:26:39.772,os_data_reads,57932633,57932633,29313.233142,enabled
1782984399.770,2026-07-02 09:26:39.772,os_data_writes,195478390,195478390,98909.773644,enabled
1782984399.770,2026-07-02 09:26:39.772,os_log_bytes_written,113608652800,113608652800,57484646.269070,enabled
1782984399.770,2026-07-02 09:26:39.772,os_log_fsyncs,39140099,39140099,19804.431163,enabled
1782984399.770,2026-07-02 09:26:39.772,os_log_pending_fsyncs,1,1,0.000506,enabled
1782984399.770,2026-07-02 09:26:39.772,os_log_pending_writes,0,0,0.000000,enabled
1782984399.770,2026-07-02 09:26:39.772,trx_rseg_history_len,332,332,0.000000,enabled
1782984400.842,2026-07-02 09:26:40.843,adaptive_hash_searches,0,0,0.000000,enabled
1782984400.842,2026-07-02 09:26:40.843,adaptive_hash_searches_btree,544657555,544657555,275441.703429,enabled
1782984400.842,2026-07-02 09:26:40.843,buffer_data_reads,945182657024,945182657024,477993532.787960,enabled
1782984400.842,2026-07-02 09:26:40.843,buffer_data_written,481077611520,481077611520,243288410.965786,enabled
1782984400.842,2026-07-02 09:26:40.843,buffer_pages0_read,7,7,0.003540,enabled
1782984400.842,2026-07-02 09:26:40.843,buffer_pages_created,1802050,1802050,911.324652,enabled
1782984400.842,2026-07-02 09:26:40.843,buffer_pages_read,57851849,57851849,29256.577604,enabled
1782984400.842,2026-07-02 09:26:40.843,buffer_pages_written,20371352,20371352,10302.108812,enabled
1782984400.842,2026-07-02 09:26:40.843,buffer_pool_bytes_data,12850987008,12850987008,0.000000,enabled
1782984400.842,2026-07-02 09:26:40.843,buffer_pool_bytes_dirty,4603527168,4603527168,0.000000,enabled
1782984400.842,2026-07-02 09:26:40.843,buffer_pool_pages_data,784361,784361,0.000000,enabled
1782984400.842,2026-07-02 09:26:40.843,buffer_pool_pages_dirty,280977,280977,0.000000,enabled
1782984400.842,2026-07-02 09:26:40.843,buffer_pool_pages_flushed,20314239,20314239,0.000000,enabled
1782984400.842,2026-07-02 09:26:40.843,buffer_pool_pages_free,1972,1972,0.000000,enabled
1782984400.842,2026-07-02 09:26:40.843,buffer_pool_pages_lru_flushed,0,0,0.000000,enabled
1782984400.842,2026-07-02 09:26:40.843,buffer_pool_pages_misc,97,97,0.000000,enabled
1782984400.842,2026-07-02 09:26:40.843,buffer_pool_pages_total,786432,786432,0.000000,enabled
1782984400.842,2026-07-02 09:26:40.843,buffer_pool_reads,56972853,56972853,28812.057253,enabled
1782984400.842,2026-07-02 09:26:40.843,buffer_pool_read_ahead,803715,803715,406.451161,enabled
1782984400.842,2026-07-02 09:26:40.843,buffer_pool_read_ahead_evicted,25,25,0.012643,enabled
1782984400.842,2026-07-02 09:26:40.843,buffer_pool_read_requests,2615916799,2615916799,1322909.771606,enabled
1782984400.842,2026-07-02 09:26:40.843,buffer_pool_size,12884901888,12884901888,0.000000,enabled
1782984400.842,2026-07-02 09:26:40.843,buffer_pool_wait_free,18945,18945,9.580781,enabled
1782984400.842,2026-07-02 09:26:40.843,buffer_pool_write_requests,569345013,569345013,287926.619045,enabled
1782984400.842,2026-07-02 09:26:40.843,dml_deletes,11602712,11602712,5867.669601,enabled
1782984400.842,2026-07-02 09:26:40.843,dml_inserts,111488112,111488112,56381.250075,enabled
1782984400.842,2026-07-02 09:26:40.843,dml_system_deletes,468,468,0.236675,enabled
1782984400.842,2026-07-02 09:26:40.843,dml_system_inserts,1202,1202,0.607870,enabled
1782984400.842,2026-07-02 09:26:40.843,dml_system_reads,7661,7661,3.874285,enabled
1782984400.842,2026-07-02 09:26:40.843,dml_system_updates,620,620,0.313544,enabled
1782984400.842,2026-07-02 09:26:40.843,dml_updates,23205550,23205550,11735.402899,enabled
1782984400.842,2026-07-02 09:26:40.843,file_num_open_files,35,35,0.000000,enabled
1782984400.842,2026-07-02 09:26:40.843,ibuf_merges,0,0,0.000000,enabled
1782984400.842,2026-07-02 09:26:40.843,ibuf_merges_delete,0,0,0.000000,enabled
1782984400.842,2026-07-02 09:26:40.843,ibuf_merges_delete_mark,0,0,0.000000,enabled
1782984400.842,2026-07-02 09:26:40.843,ibuf_merges_discard_delete,0,0,0.000000,enabled
1782984400.842,2026-07-02 09:26:40.843,ibuf_merges_discard_delete_mark,0,0,0.000000,enabled
1782984400.842,2026-07-02 09:26:40.843,ibuf_merges_discard_insert,0,0,0.000000,enabled
1782984400.842,2026-07-02 09:26:40.843,ibuf_merges_insert,0,0,0.000000,enabled
1782984400.842,2026-07-02 09:26:40.843,ibuf_size,1,1,0.000506,enabled
1782984400.842,2026-07-02 09:26:40.843,innodb_activity_count,16238990,16238990,8212.306833,enabled
1782984400.842,2026-07-02 09:26:40.843,innodb_dblwr_pages_written,20312605,20312605,10272.396417,enabled
1782984400.842,2026-07-02 09:26:40.843,innodb_dblwr_writes,407187,407187,205.920722,enabled
1782984400.842,2026-07-02 09:26:40.843,innodb_page_size,16384,16384,0.000000,enabled
1782984400.842,2026-07-02 09:26:40.843,innodb_rwlock_sx_os_waits,0,0,0.000000,enabled
1782984400.842,2026-07-02 09:26:40.843,innodb_rwlock_sx_spin_rounds,0,0,0.000000,enabled
1782984400.842,2026-07-02 09:26:40.843,innodb_rwlock_sx_spin_waits,0,0,0.000000,enabled
1782984400.842,2026-07-02 09:26:40.843,innodb_rwlock_s_os_waits,0,0,0.000000,enabled
1782984400.842,2026-07-02 09:26:40.843,innodb_rwlock_s_spin_rounds,0,0,0.000000,enabled
1782984400.842,2026-07-02 09:26:40.843,innodb_rwlock_s_spin_waits,0,0,0.000000,enabled
1782984400.842,2026-07-02 09:26:40.843,innodb_rwlock_x_os_waits,0,0,0.000000,enabled
1782984400.842,2026-07-02 09:26:40.843,innodb_rwlock_x_spin_rounds,0,0,0.000000,enabled
1782984400.842,2026-07-02 09:26:40.843,innodb_rwlock_x_spin_waits,0,0,0.000000,enabled
1782984400.842,2026-07-02 09:26:40.843,lock_deadlocks,0,0,0.000000,enabled
1782984400.842,2026-07-02 09:26:40.843,lock_deadlock_false_positives,0,0,0.000000,enabled
1782984400.842,2026-07-02 09:26:40.843,lock_deadlock_rounds,2214,2214,1.119654,enabled
1782984400.842,2026-07-02 09:26:40.843,lock_rec_grant_attempts,425,425,0.214929,enabled
1782984400.842,2026-07-02 09:26:40.843,lock_rec_release_attempts,35264462,35264462,17833.786975,enabled
1782984400.842,2026-07-02 09:26:40.843,lock_row_lock_current_waits,0,0,0.000000,enabled
1782984400.842,2026-07-02 09:26:40.843,lock_row_lock_time,323,323,0.163346,enabled
1782984400.842,2026-07-02 09:26:40.843,lock_row_lock_time_avg,0,0,0.000000,enabled
1782984400.842,2026-07-02 09:26:40.843,lock_row_lock_time_max,29,29,0.000000,enabled
1782984400.842,2026-07-02 09:26:40.843,lock_row_lock_waits,425,425,0.214929,enabled
1782984400.842,2026-07-02 09:26:40.843,lock_schedule_refreshes,2214,2214,1.119654,enabled
1782984400.842,2026-07-02 09:26:40.843,lock_threads_waiting,0,0,0.000000,enabled
1782984400.842,2026-07-02 09:26:40.843,lock_timeouts,0,0,0.000000,enabled
1782984400.842,2026-07-02 09:26:40.843,log_waits,0,0,0.000000,enabled
1782984400.842,2026-07-02 09:26:40.843,log_writes,174501473,174501473,88248.085401,enabled
1782984400.842,2026-07-02 09:26:40.843,log_write_requests,381942618,381942618,193154.271121,enabled
1782984400.842,2026-07-02 09:26:40.843,os_data_fsyncs,44516395,44516395,22512.628701,enabled
1782984400.842,2026-07-02 09:26:40.843,os_data_reads,57990191,57990191,29326.535596,enabled
1782984400.842,2026-07-02 09:26:40.843,os_data_writes,195574817,195574817,98905.206622,enabled
1782984400.842,2026-07-02 09:26:40.843,os_log_bytes_written,113650414592,113650414592,57474770.287671,enabled
1782984400.842,2026-07-02 09:26:40.843,os_log_fsyncs,39170041,39170041,19808.894783,enabled
1782984400.842,2026-07-02 09:26:40.843,os_log_pending_fsyncs,1,1,0.000506,enabled
1782984400.842,2026-07-02 09:26:40.843,os_log_pending_writes,0,0,0.000000,enabled
1782984400.842,2026-07-02 09:26:40.843,trx_rseg_history_len,434,434,0.000000,enabled
1782984401.908,2026-07-02 09:26:41.910,adaptive_hash_searches,0,0,0.000000,enabled
1782984401.908,2026-07-02 09:26:41.910,adaptive_hash_searches_btree,544830112,544830112,275380.045466,enabled
1782984401.908,2026-07-02 09:26:41.910,buffer_data_reads,946136730112,946136730112,478217353.343113,enabled
1782984401.908,2026-07-02 09:26:41.910,buffer_data_written,481393597440,481393597440,243316599.495160,enabled
1782984401.908,2026-07-02 09:26:41.910,buffer_pages0_read,7,7,0.003538,enabled
1782984401.908,2026-07-02 09:26:41.910,buffer_pages_created,1802086,1802086,910.850174,enabled
1782984401.908,2026-07-02 09:26:41.910,buffer_pages_read,57910272,57910272,29270.290632,enabled
1782984401.908,2026-07-02 09:26:41.910,buffer_pages_written,20387678,20387678,10304.791223,enabled
1782984401.908,2026-07-02 09:26:41.910,buffer_pool_bytes_data,12847054848,12847054848,0.000000,enabled
1782984401.908,2026-07-02 09:26:41.910,buffer_pool_bytes_dirty,4607836160,4607836160,0.000000,enabled
1782984401.908,2026-07-02 09:26:41.910,buffer_pool_pages_data,784122,784122,0.000000,enabled
1782984401.908,2026-07-02 09:26:41.910,buffer_pool_pages_dirty,281240,281240,0.000000,enabled
1782984401.908,2026-07-02 09:26:41.910,buffer_pool_pages_flushed,20330608,20330608,0.000000,enabled
1782984401.908,2026-07-02 09:26:41.910,buffer_pool_pages_free,2214,2214,0.000000,enabled
1782984401.908,2026-07-02 09:26:41.910,buffer_pool_pages_lru_flushed,0,0,0.000000,enabled
1782984401.908,2026-07-02 09:26:41.910,buffer_pool_pages_misc,97,97,0.000000,enabled
1782984401.908,2026-07-02 09:26:41.910,buffer_pool_pages_total,786432,786432,0.000000,enabled
1782984401.908,2026-07-02 09:26:41.910,buffer_pool_reads,57031218,57031218,28825.980876,enabled
1782984401.908,2026-07-02 09:26:41.910,buffer_pool_read_ahead,803715,803715,406.231424,enabled
1782984401.908,2026-07-02 09:26:41.910,buffer_pool_read_ahead_evicted,25,25,0.012636,enabled
1782984401.908,2026-07-02 09:26:41.910,buffer_pool_read_requests,2616771813,2616771813,1322626.735364,enabled
1782984401.908,2026-07-02 09:26:41.910,buffer_pool_size,12884901888,12884901888,0.000000,enabled
1782984401.908,2026-07-02 09:26:41.910,buffer_pool_wait_free,18945,18945,9.575601,enabled
1782984401.908,2026-07-02 09:26:41.910,buffer_pool_write_requests,569461976,569461976,287830.077346,enabled
1782984401.908,2026-07-02 09:26:41.910,dml_deletes,11607693,11607693,5867.015887,enabled
1782984401.908,2026-07-02 09:26:41.910,dml_inserts,111493093,111493093,56353.295057,enabled
1782984401.908,2026-07-02 09:26:41.910,dml_system_deletes,468,468,0.236547,enabled
1782984401.908,2026-07-02 09:26:41.910,dml_system_inserts,1202,1202,0.607541,enabled
1782984401.908,2026-07-02 09:26:41.910,dml_system_reads,7661,7661,3.872191,enabled
1782984401.908,2026-07-02 09:26:41.910,dml_system_updates,620,620,0.313374,enabled
1782984401.908,2026-07-02 09:26:41.910,dml_updates,23215506,23215506,11734.092416,enabled
1782984401.908,2026-07-02 09:26:41.910,file_num_open_files,35,35,0.000000,enabled
1782984401.908,2026-07-02 09:26:41.910,ibuf_merges,0,0,0.000000,enabled
1782984401.908,2026-07-02 09:26:41.910,ibuf_merges_delete,0,0,0.000000,enabled
1782984401.908,2026-07-02 09:26:41.910,ibuf_merges_delete_mark,0,0,0.000000,enabled
1782984401.908,2026-07-02 09:26:41.910,ibuf_merges_discard_delete,0,0,0.000000,enabled
1782984401.908,2026-07-02 09:26:41.910,ibuf_merges_discard_delete_mark,0,0,0.000000,enabled
1782984401.908,2026-07-02 09:26:41.910,ibuf_merges_discard_insert,0,0,0.000000,enabled
1782984401.908,2026-07-02 09:26:41.910,ibuf_merges_insert,0,0,0.000000,enabled
1782984401.908,2026-07-02 09:26:41.910,ibuf_size,1,1,0.000505,enabled
1782984401.908,2026-07-02 09:26:41.910,innodb_activity_count,16244711,16244711,8210.759819,enabled
1782984401.908,2026-07-02 09:26:41.910,innodb_dblwr_pages_written,20328911,20328911,10275.086109,enabled
1782984401.908,2026-07-02 09:26:41.910,innodb_dblwr_writes,407563,407563,205.999472,enabled
1782984401.908,2026-07-02 09:26:41.910,innodb_page_size,16384,16384,0.000000,enabled
1782984401.908,2026-07-02 09:26:41.910,innodb_rwlock_sx_os_waits,0,0,0.000000,enabled
1782984401.908,2026-07-02 09:26:41.910,innodb_rwlock_sx_spin_rounds,0,0,0.000000,enabled
1782984401.908,2026-07-02 09:26:41.910,innodb_rwlock_sx_spin_waits,0,0,0.000000,enabled
1782984401.908,2026-07-02 09:26:41.910,innodb_rwlock_s_os_waits,0,0,0.000000,enabled
1782984401.908,2026-07-02 09:26:41.910,innodb_rwlock_s_spin_rounds,0,0,0.000000,enabled
1782984401.908,2026-07-02 09:26:41.910,innodb_rwlock_s_spin_waits,0,0,0.000000,enabled
1782984401.908,2026-07-02 09:26:41.910,innodb_rwlock_x_os_waits,0,0,0.000000,enabled
1782984401.908,2026-07-02 09:26:41.910,innodb_rwlock_x_spin_rounds,0,0,0.000000,enabled
1782984401.908,2026-07-02 09:26:41.910,innodb_rwlock_x_spin_waits,0,0,0.000000,enabled
1782984401.908,2026-07-02 09:26:41.910,lock_deadlocks,0,0,0.000000,enabled
1782984401.908,2026-07-02 09:26:41.910,lock_deadlock_false_positives,0,0,0.000000,enabled
1782984401.908,2026-07-02 09:26:41.910,lock_deadlock_rounds,2215,2215,1.119554,enabled
1782984401.908,2026-07-02 09:26:41.910,lock_rec_grant_attempts,425,425,0.214813,enabled
1782984401.908,2026-07-02 09:26:41.910,lock_rec_release_attempts,35279628,35279628,17831.810917,enabled
1782984401.908,2026-07-02 09:26:41.910,lock_row_lock_current_waits,0,0,0.000000,enabled
1782984401.908,2026-07-02 09:26:41.910,lock_row_lock_time,323,323,0.163258,enabled
1782984401.908,2026-07-02 09:26:41.910,lock_row_lock_time_avg,0,0,0.000000,enabled
1782984401.908,2026-07-02 09:26:41.910,lock_row_lock_time_max,29,29,0.000000,enabled
1782984401.908,2026-07-02 09:26:41.910,lock_row_lock_waits,425,425,0.214813,enabled
1782984401.908,2026-07-02 09:26:41.910,lock_schedule_refreshes,2215,2215,1.119554,enabled
1782984401.908,2026-07-02 09:26:41.910,lock_threads_waiting,0,0,0.000000,enabled
1782984401.908,2026-07-02 09:26:41.910,lock_timeouts,0,0,0.000000,enabled
1782984401.908,2026-07-02 09:26:41.910,log_waits,0,0,0.000000,enabled
1782984401.908,2026-07-02 09:26:41.910,log_writes,174582688,174582688,88241.434114,enabled
1782984401.908,2026-07-02 09:26:41.910,log_write_requests,382027154,382027154,193092.593259,enabled
1782984401.908,2026-07-02 09:26:41.910,os_data_fsyncs,44551535,44551535,22518.220592,enabled
1782984401.908,2026-07-02 09:26:41.910,os_data_reads,58048422,58048422,29340.115301,enabled
1782984401.908,2026-07-02 09:26:41.910,os_data_writes,195672627,195672627,98901.179999,enabled
1782984401.908,2026-07-02 09:26:41.910,os_log_bytes_written,113692717568,113692717568,57465083.716295,enabled
1782984401.908,2026-07-02 09:26:41.910,os_log_fsyncs,39199961,39199961,19813.309830,enabled
1782984401.908,2026-07-02 09:26:41.910,os_log_pending_fsyncs,1,1,0.000505,enabled
1782984401.908,2026-07-02 09:26:41.910,os_log_pending_writes,1,1,0.000505,enabled
1782984401.908,2026-07-02 09:26:41.910,trx_rseg_history_len,590,590,0.000000,enabled
1782984402.978,2026-07-02 09:26:42.980,adaptive_hash_searches,0,0,0.000000,enabled
1782984402.978,2026-07-02 09:26:42.980,adaptive_hash_searches_btree,545001449,545001449,275317.321359,enabled
1782984402.978,2026-07-02 09:26:42.980,buffer_data_reads,947083921920,947083921920,478436616.226016,enabled
1782984402.978,2026-07-02 09:26:42.980,buffer_data_written,481706840064,481706840064,243342944.557954,enabled
1782984402.978,2026-07-02 09:26:42.980,buffer_pages0_read,7,7,0.003536,enabled
1782984402.978,2026-07-02 09:26:42.980,buffer_pages_created,1802125,1802125,910.376130,enabled
1782984402.978,2026-07-02 09:26:42.980,buffer_pages_read,57968277,57968277,29283.726306,enabled
1782984402.978,2026-07-02 09:26:42.980,buffer_pages_written,20403866,20403866,10307.382945,enabled
1782984402.978,2026-07-02 09:26:42.980,buffer_pool_bytes_data,12851986432,12851986432,0.000000,enabled
1782984402.978,2026-07-02 09:26:42.980,buffer_pool_bytes_dirty,4615684096,4615684096,0.000000,enabled
1782984402.978,2026-07-02 09:26:42.980,buffer_pool_pages_data,784423,784423,0.000000,enabled
1782984402.978,2026-07-02 09:26:42.980,buffer_pool_pages_dirty,281719,281719,0.000000,enabled
1782984402.978,2026-07-02 09:26:42.980,buffer_pool_pages_flushed,20346796,20346796,0.000000,enabled
1782984402.978,2026-07-02 09:26:42.980,buffer_pool_pages_free,1913,1913,0.000000,enabled
1782984402.978,2026-07-02 09:26:42.980,buffer_pool_pages_lru_flushed,0,0,0.000000,enabled
1782984402.978,2026-07-02 09:26:42.980,buffer_pool_pages_misc,96,96,0.000000,enabled
1782984402.978,2026-07-02 09:26:42.980,buffer_pool_pages_total,786432,786432,0.000000,enabled
1782984402.978,2026-07-02 09:26:42.980,buffer_pool_reads,57089154,57089154,28839.622490,enabled
1782984402.978,2026-07-02 09:26:42.980,buffer_pool_read_ahead,803715,803715,406.011218,enabled
1782984402.978,2026-07-02 09:26:42.980,buffer_pool_read_ahead_evicted,25,25,0.012629,enabled
1782984402.978,2026-07-02 09:26:42.980,buffer_pool_read_requests,2617621217,2617621217,1322338.868328,enabled
1782984402.978,2026-07-02 09:26:42.980,buffer_pool_size,12884901888,12884901888,0.000000,enabled
1782984402.978,2026-07-02 09:26:42.980,buffer_pool_wait_free,18945,18945,9.570411,enabled
1782984402.978,2026-07-02 09:26:42.980,buffer_pool_write_requests,569578413,569578413,287732.873121,enabled
1782984402.978,2026-07-02 09:26:42.980,dml_deletes,11612631,11612631,5866.330003,enabled
1782984402.978,2026-07-02 09:26:42.980,dml_inserts,111498031,111498031,56325.241481,enabled
1782984402.978,2026-07-02 09:26:42.980,dml_system_deletes,468,468,0.236419,enabled
1782984402.978,2026-07-02 09:26:42.980,dml_system_inserts,1202,1202,0.607212,enabled
1782984402.978,2026-07-02 09:26:42.980,dml_system_reads,7661,7661,3.870092,enabled
1782984402.978,2026-07-02 09:26:42.980,dml_system_updates,620,620,0.313204,enabled
1782984402.978,2026-07-02 09:26:42.980,dml_updates,23225380,23225380,11732.719603,enabled
1782984402.978,2026-07-02 09:26:42.980,file_num_open_files,35,35,0.000000,enabled
1782984402.978,2026-07-02 09:26:42.980,ibuf_merges,0,0,0.000000,enabled
1782984402.978,2026-07-02 09:26:42.980,ibuf_merges_delete,0,0,0.000000,enabled
1782984402.978,2026-07-02 09:26:42.980,ibuf_merges_delete_mark,0,0,0.000000,enabled
1782984402.978,2026-07-02 09:26:42.980,ibuf_merges_discard_delete,0,0,0.000000,enabled
1782984402.978,2026-07-02 09:26:42.980,ibuf_merges_discard_delete_mark,0,0,0.000000,enabled
1782984402.978,2026-07-02 09:26:42.980,ibuf_merges_discard_insert,0,0,0.000000,enabled
1782984402.978,2026-07-02 09:26:42.980,ibuf_merges_insert,0,0,0.000000,enabled
1782984402.978,2026-07-02 09:26:42.980,ibuf_size,1,1,0.000505,enabled
1782984402.978,2026-07-02 09:26:42.980,innodb_activity_count,16250382,16250382,8209.173728,enabled
1782984402.978,2026-07-02 09:26:42.980,innodb_dblwr_pages_written,20345099,20345099,10277.693833,enabled
1782984402.978,2026-07-02 09:26:42.980,innodb_dblwr_writes,407942,407942,206.079262,enabled
1782984402.978,2026-07-02 09:26:42.980,innodb_page_size,16384,16384,0.000000,enabled
1782984402.978,2026-07-02 09:26:42.980,innodb_rwlock_sx_os_waits,0,0,0.000000,enabled
1782984402.978,2026-07-02 09:26:42.980,innodb_rwlock_sx_spin_rounds,0,0,0.000000,enabled
1782984402.978,2026-07-02 09:26:42.980,innodb_rwlock_sx_spin_waits,0,0,0.000000,enabled
1782984402.978,2026-07-02 09:26:42.980,innodb_rwlock_s_os_waits,0,0,0.000000,enabled
1782984402.978,2026-07-02 09:26:42.980,innodb_rwlock_s_spin_rounds,0,0,0.000000,enabled
1782984402.978,2026-07-02 09:26:42.980,innodb_rwlock_s_spin_waits,0,0,0.000000,enabled
1782984402.978,2026-07-02 09:26:42.980,innodb_rwlock_x_os_waits,0,0,0.000000,enabled
1782984402.978,2026-07-02 09:26:42.980,innodb_rwlock_x_spin_rounds,0,0,0.000000,enabled
1782984402.978,2026-07-02 09:26:42.980,innodb_rwlock_x_spin_waits,0,0,0.000000,enabled
1782984402.978,2026-07-02 09:26:42.980,lock_deadlocks,0,0,0.000000,enabled
1782984402.978,2026-07-02 09:26:42.980,lock_deadlock_false_positives,0,0,0.000000,enabled
1782984402.978,2026-07-02 09:26:42.980,lock_deadlock_rounds,2216,2216,1.119453,enabled
1782984402.978,2026-07-02 09:26:42.980,lock_rec_grant_attempts,425,425,0.214696,enabled
1782984402.978,2026-07-02 09:26:42.980,lock_rec_release_attempts,35294662,35294662,17829.739451,enabled
1782984402.978,2026-07-02 09:26:42.980,lock_row_lock_current_waits,0,0,0.000000,enabled
1782984402.978,2026-07-02 09:26:42.980,lock_row_lock_time,323,323,0.163169,enabled
1782984402.978,2026-07-02 09:26:42.980,lock_row_lock_time_avg,0,0,0.000000,enabled
1782984402.978,2026-07-02 09:26:42.980,lock_row_lock_time_max,29,29,0.000000,enabled
1782984402.978,2026-07-02 09:26:42.980,lock_row_lock_waits,425,425,0.214696,enabled
1782984402.978,2026-07-02 09:26:42.980,lock_schedule_refreshes,2216,2216,1.119453,enabled
1782984402.978,2026-07-02 09:26:42.980,lock_threads_waiting,0,0,0.000000,enabled
1782984402.978,2026-07-02 09:26:42.980,lock_timeouts,0,0,0.000000,enabled
1782984402.978,2026-07-02 09:26:42.980,log_waits,0,0,0.000000,enabled
1782984402.978,2026-07-02 09:26:42.980,log_writes,174662821,174662821,88234.080876,enabled
1782984402.978,2026-07-02 09:26:42.980,log_write_requests,382111022,382111022,193030.289178,enabled
1782984402.978,2026-07-02 09:26:42.980,os_data_fsyncs,44586285,44586285,22523.568543,enabled
1782984402.978,2026-07-02 09:26:42.980,os_data_reads,58106237,58106237,29353.416965,enabled
1782984402.978,2026-07-02 09:26:42.980,os_data_writes,195769226,195769226,98896.366551,enabled
1782984402.978,2026-07-02 09:26:42.980,os_log_bytes_written,113734672384,113734672384,57455127.363565,enabled
1782984402.978,2026-07-02 09:26:42.980,os_log_fsyncs,39229551,39229551,19817.517379,enabled
1782984402.978,2026-07-02 09:26:42.980,os_log_pending_fsyncs,1,1,0.000505,enabled
1782984402.978,2026-07-02 09:26:42.980,os_log_pending_writes,1,1,0.000505,enabled
1782984402.978,2026-07-02 09:26:42.980,trx_rseg_history_len,692,692,0.000000,enabled
1782984404.051,2026-07-02 09:26:44.052,adaptive_hash_searches,0,0,0.000000,enabled
1782984404.051,2026-07-02 09:26:44.052,adaptive_hash_searches_btree,545171951,545171951,275254.462974,enabled
1782984404.051,2026-07-02 09:26:44.052,buffer_data_reads,948029098496,948029098496,478655003.863157,enabled
1782984404.051,2026-07-02 09:26:44.052,buffer_data_written,482018925568,482018925568,243368870.038626,enabled
1782984404.051,2026-07-02 09:26:44.052,buffer_pages0_read,7,7,0.003534,enabled
1782984404.051,2026-07-02 09:26:44.052,buffer_pages_created,1802172,1802172,909.907361,enabled
1782984404.051,2026-07-02 09:26:44.052,buffer_pages_read,58026123,58026123,29297.090400,enabled
1782984404.051,2026-07-02 09:26:44.052,buffer_pages_written,20419948,20419948,10309.926530,enabled
1782984404.051,2026-07-02 09:26:44.052,buffer_pool_bytes_data,12853379072,12853379072,0.000000,enabled
1782984404.051,2026-07-02 09:26:44.052,buffer_pool_bytes_dirty,4624695296,4624695296,0.000000,enabled
1782984404.051,2026-07-02 09:26:44.052,buffer_pool_pages_data,784508,784508,0.000000,enabled
1782984404.051,2026-07-02 09:26:44.052,buffer_pool_pages_dirty,282269,282269,0.000000,enabled
1782984404.051,2026-07-02 09:26:44.052,buffer_pool_pages_flushed,20362878,20362878,0.000000,enabled
1782984404.051,2026-07-02 09:26:44.052,buffer_pool_pages_free,1828,1828,0.000000,enabled
1782984404.051,2026-07-02 09:26:44.052,buffer_pool_pages_lru_flushed,0,0,0.000000,enabled
1782984404.051,2026-07-02 09:26:44.052,buffer_pool_pages_misc,96,96,0.000000,enabled
1782984404.051,2026-07-02 09:26:44.052,buffer_pool_pages_total,786432,786432,0.000000,enabled
1782984404.051,2026-07-02 09:26:44.052,buffer_pool_reads,57146947,57146947,28853.200165,enabled
1782984404.051,2026-07-02 09:26:44.052,buffer_pool_read_ahead,803715,803715,405.791572,enabled
1782984404.051,2026-07-02 09:26:44.052,buffer_pool_read_ahead_evicted,25,25,0.012622,enabled
1782984404.051,2026-07-02 09:26:44.052,buffer_pool_read_requests,2618466833,2618466833,1322050.453549,enabled
1782984404.051,2026-07-02 09:26:44.052,buffer_pool_size,12884901888,12884901888,0.000000,enabled
1782984404.051,2026-07-02 09:26:44.052,buffer_pool_wait_free,18945,18945,9.565233,enabled
1782984404.051,2026-07-02 09:26:44.052,buffer_pool_write_requests,569694394,569694394,287635.772872,enabled
1782984404.051,2026-07-02 09:26:44.052,dml_deletes,11617552,11617552,5865.640957,enabled
1782984404.051,2026-07-02 09:26:44.052,dml_inserts,111502951,111502951,56297.254104,enabled
1782984404.051,2026-07-02 09:26:44.052,dml_system_deletes,468,468,0.236291,enabled
1782984404.051,2026-07-02 09:26:44.052,dml_system_inserts,1202,1202,0.606883,enabled
1782984404.051,2026-07-02 09:26:44.052,dml_system_reads,7661,7661,3.867999,enabled
1782984404.051,2026-07-02 09:26:44.052,dml_system_updates,620,620,0.313035,enabled
1782984404.051,2026-07-02 09:26:44.052,dml_updates,23235220,23235220,11731.340468,enabled
1782984404.051,2026-07-02 09:26:44.052,file_num_open_files,35,35,0.000000,enabled
1782984404.051,2026-07-02 09:26:44.052,ibuf_merges,0,0,0.000000,enabled
1782984404.051,2026-07-02 09:26:44.052,ibuf_merges_delete,0,0,0.000000,enabled
1782984404.051,2026-07-02 09:26:44.052,ibuf_merges_delete_mark,0,0,0.000000,enabled
1782984404.051,2026-07-02 09:26:44.052,ibuf_merges_discard_delete,0,0,0.000000,enabled
1782984404.051,2026-07-02 09:26:44.052,ibuf_merges_discard_delete_mark,0,0,0.000000,enabled
1782984404.051,2026-07-02 09:26:44.052,ibuf_merges_discard_insert,0,0,0.000000,enabled
1782984404.051,2026-07-02 09:26:44.052,ibuf_merges_insert,0,0,0.000000,enabled
1782984404.051,2026-07-02 09:26:44.052,ibuf_size,1,1,0.000505,enabled
1782984404.051,2026-07-02 09:26:44.052,innodb_activity_count,16256026,16256026,8207.582270,enabled
1782984404.051,2026-07-02 09:26:44.052,innodb_dblwr_pages_written,20361181,20361181,10280.253414,enabled
1782984404.051,2026-07-02 09:26:44.052,innodb_dblwr_writes,408293,408293,206.144993,enabled
1782984404.051,2026-07-02 09:26:44.052,innodb_page_size,16384,16384,0.000000,enabled
1782984404.051,2026-07-02 09:26:44.052,innodb_rwlock_sx_os_waits,0,0,0.000000,enabled
1782984404.051,2026-07-02 09:26:44.052,innodb_rwlock_sx_spin_rounds,0,0,0.000000,enabled
1782984404.051,2026-07-02 09:26:44.052,innodb_rwlock_sx_spin_waits,0,0,0.000000,enabled
1782984404.051,2026-07-02 09:26:44.052,innodb_rwlock_s_os_waits,0,0,0.000000,enabled
1782984404.051,2026-07-02 09:26:44.052,innodb_rwlock_s_spin_rounds,0,0,0.000000,enabled
1782984404.051,2026-07-02 09:26:44.052,innodb_rwlock_s_spin_waits,0,0,0.000000,enabled
1782984404.051,2026-07-02 09:26:44.052,innodb_rwlock_x_os_waits,0,0,0.000000,enabled
1782984404.051,2026-07-02 09:26:44.052,innodb_rwlock_x_spin_rounds,0,0,0.000000,enabled
1782984404.051,2026-07-02 09:26:44.052,innodb_rwlock_x_spin_waits,0,0,0.000000,enabled
1782984404.051,2026-07-02 09:26:44.052,lock_deadlocks,0,0,0.000000,enabled
1782984404.051,2026-07-02 09:26:44.052,lock_deadlock_false_positives,0,0,0.000000,enabled
1782984404.051,2026-07-02 09:26:44.052,lock_deadlock_rounds,2217,2217,1.119352,enabled
1782984404.051,2026-07-02 09:26:44.052,lock_rec_grant_attempts,425,425,0.214580,enabled
1782984404.051,2026-07-02 09:26:44.052,lock_rec_release_attempts,35309607,35309607,17827.639565,enabled
1782984404.051,2026-07-02 09:26:44.052,lock_row_lock_current_waits,0,0,0.000000,enabled
1782984404.051,2026-07-02 09:26:44.052,lock_row_lock_time,323,323,0.163081,enabled
1782984404.051,2026-07-02 09:26:44.052,lock_row_lock_time_avg,0,0,0.000000,enabled
1782984404.051,2026-07-02 09:26:44.052,lock_row_lock_time_max,29,29,0.000000,enabled
1782984404.051,2026-07-02 09:26:44.052,lock_row_lock_waits,425,425,0.214580,enabled
1782984404.051,2026-07-02 09:26:44.052,lock_schedule_refreshes,2217,2217,1.119352,enabled
1782984404.051,2026-07-02 09:26:44.052,lock_threads_waiting,0,0,0.000000,enabled
1782984404.051,2026-07-02 09:26:44.052,lock_timeouts,0,0,0.000000,enabled
1782984404.051,2026-07-02 09:26:44.052,log_waits,0,0,0.000000,enabled
1782984404.051,2026-07-02 09:26:44.052,log_writes,174743322,174743322,88226.992004,enabled
1782984404.051,2026-07-02 09:26:44.052,log_write_requests,382194681,382194681,192968.101471,enabled
1782984404.051,2026-07-02 09:26:44.052,os_data_fsyncs,44621338,44621338,22529.081713,enabled
1782984404.051,2026-07-02 09:26:44.052,os_data_reads,58163913,58163913,29366.657518,enabled
1782984404.051,2026-07-02 09:26:44.052,os_data_writes,195866073,195866073,98891.762658,enabled
1782984404.051,2026-07-02 09:26:44.052,os_log_bytes_written,113777067520,113777067520,57445450.084337,enabled
1782984404.051,2026-07-02 09:26:44.052,os_log_fsyncs,39259582,39259582,19821.958901,enabled
1782984404.051,2026-07-02 09:26:44.052,os_log_pending_fsyncs,1,1,0.000505,enabled
1782984404.051,2026-07-02 09:26:44.052,os_log_pending_writes,0,0,0.000000,enabled
1782984404.051,2026-07-02 09:26:44.052,trx_rseg_history_len,696,696,0.000000,enabled
1782984405.123,2026-07-02 09:26:45.124,adaptive_hash_searches,0,0,0.000000,enabled
1782984405.123,2026-07-02 09:26:45.124,adaptive_hash_searches_btree,545341533,545341533,275191.083835,enabled
1782984405.123,2026-07-02 09:26:45.124,buffer_data_reads,948969540096,948969540096,478870531.542280,enabled
1782984405.123,2026-07-02 09:26:45.124,buffer_data_written,482331999232,482331999232,243395146.937406,enabled
1782984405.123,2026-07-02 09:26:45.124,buffer_pages0_read,7,7,0.003532,enabled
1782984405.123,2026-07-02 09:26:45.124,buffer_pages_created,1802213,1802213,909.435624,enabled
1782984405.123,2026-07-02 09:26:45.124,buffer_pages_read,58083688,58083688,29310.283863,enabled
1782984405.123,2026-07-02 09:26:45.124,buffer_pages_written,20436111,20436111,10312.503175,enabled
1782984405.123,2026-07-02 09:26:45.124,buffer_pool_bytes_data,12855230464,12855230464,0.000000,enabled
1782984405.123,2026-07-02 09:26:45.124,buffer_pool_bytes_dirty,4629905408,4629905408,0.000000,enabled
1782984405.123,2026-07-02 09:26:45.124,buffer_pool_pages_data,784621,784621,0.000000,enabled
1782984405.123,2026-07-02 09:26:45.124,buffer_pool_pages_dirty,282587,282587,0.000000,enabled
1782984405.123,2026-07-02 09:26:45.124,buffer_pool_pages_flushed,20379041,20379041,0.000000,enabled
1782984405.123,2026-07-02 09:26:45.124,buffer_pool_pages_free,1715,1715,0.000000,enabled
1782984405.123,2026-07-02 09:26:45.124,buffer_pool_pages_lru_flushed,0,0,0.000000,enabled
1782984405.123,2026-07-02 09:26:45.124,buffer_pool_pages_misc,96,96,0.000000,enabled
1782984405.123,2026-07-02 09:26:45.124,buffer_pool_pages_total,786432,786432,0.000000,enabled
1782984405.123,2026-07-02 09:26:45.124,buffer_pool_reads,57204445,57204445,28866.599936,enabled
1782984405.123,2026-07-02 09:26:45.124,buffer_pool_read_ahead,803715,803715,405.571964,enabled
1782984405.123,2026-07-02 09:26:45.124,buffer_pool_read_ahead_evicted,25,25,0.012616,enabled
1782984405.123,2026-07-02 09:26:45.124,buffer_pool_read_requests,2619307602,2619307602,1321759.247783,enabled
1782984405.123,2026-07-02 09:26:45.124,buffer_pool_size,12884901888,12884901888,0.000000,enabled
1782984405.123,2026-07-02 09:26:45.124,buffer_pool_wait_free,18945,18945,9.560057,enabled
1782984405.123,2026-07-02 09:26:45.124,buffer_pool_write_requests,569809226,569809226,287538.054973,enabled
1782984405.123,2026-07-02 09:26:45.124,dml_deletes,11622445,11622445,5864.935914,enabled
1782984405.123,2026-07-02 09:26:45.124,dml_inserts,111507845,111507845,56269.258803,enabled
1782984405.123,2026-07-02 09:26:45.124,dml_system_deletes,468,468,0.236163,enabled
1782984405.123,2026-07-02 09:26:45.124,dml_system_inserts,1202,1202,0.606555,enabled
1782984405.123,2026-07-02 09:26:45.124,dml_system_reads,7661,7661,3.865905,enabled
1782984405.123,2026-07-02 09:26:45.124,dml_system_updates,620,620,0.312865,enabled
1782984405.123,2026-07-02 09:26:45.124,dml_updates,23245008,23245008,11729.931362,enabled
1782984405.123,2026-07-02 09:26:45.124,file_num_open_files,35,35,0.000000,enabled
1782984405.123,2026-07-02 09:26:45.124,ibuf_merges,0,0,0.000000,enabled
1782984405.123,2026-07-02 09:26:45.124,ibuf_merges_delete,0,0,0.000000,enabled
1782984405.123,2026-07-02 09:26:45.124,ibuf_merges_delete_mark,0,0,0.000000,enabled
1782984405.123,2026-07-02 09:26:45.124,ibuf_merges_discard_delete,0,0,0.000000,enabled
1782984405.123,2026-07-02 09:26:45.124,ibuf_merges_discard_delete_mark,0,0,0.000000,enabled
1782984405.123,2026-07-02 09:26:45.124,ibuf_merges_discard_insert,0,0,0.000000,enabled
1782984405.123,2026-07-02 09:26:45.124,ibuf_merges_insert,0,0,0.000000,enabled
1782984405.123,2026-07-02 09:26:45.124,ibuf_size,1,1,0.000505,enabled
1782984405.123,2026-07-02 09:26:45.124,innodb_activity_count,16261642,16261642,8205.974709,enabled
1782984405.123,2026-07-02 09:26:45.124,innodb_dblwr_pages_written,20377281,20377281,10282.814702,enabled
1782984405.123,2026-07-02 09:26:45.124,innodb_dblwr_writes,408657,408657,206.217120,enabled
1782984405.123,2026-07-02 09:26:45.124,innodb_page_size,16384,16384,0.000000,enabled
1782984405.123,2026-07-02 09:26:45.124,innodb_rwlock_sx_os_waits,0,0,0.000000,enabled
1782984405.123,2026-07-02 09:26:45.124,innodb_rwlock_sx_spin_rounds,0,0,0.000000,enabled
1782984405.123,2026-07-02 09:26:45.124,innodb_rwlock_sx_spin_waits,0,0,0.000000,enabled
1782984405.123,2026-07-02 09:26:45.124,innodb_rwlock_s_os_waits,0,0,0.000000,enabled
1782984405.123,2026-07-02 09:26:45.124,innodb_rwlock_s_spin_rounds,0,0,0.000000,enabled
1782984405.123,2026-07-02 09:26:45.124,innodb_rwlock_s_spin_waits,0,0,0.000000,enabled
1782984405.123,2026-07-02 09:26:45.124,innodb_rwlock_x_os_waits,0,0,0.000000,enabled
1782984405.123,2026-07-02 09:26:45.124,innodb_rwlock_x_spin_rounds,0,0,0.000000,enabled
1782984405.123,2026-07-02 09:26:45.124,innodb_rwlock_x_spin_waits,0,0,0.000000,enabled
1782984405.123,2026-07-02 09:26:45.124,lock_deadlocks,0,0,0.000000,enabled
1782984405.123,2026-07-02 09:26:45.124,lock_deadlock_false_positives,0,0,0.000000,enabled
1782984405.123,2026-07-02 09:26:45.124,lock_deadlock_rounds,2219,2219,1.119755,enabled
1782984405.123,2026-07-02 09:26:45.124,lock_rec_grant_attempts,425,425,0.214464,enabled
1782984405.123,2026-07-02 09:26:45.124,lock_rec_release_attempts,35324516,35324516,17825.514857,enabled
1782984405.123,2026-07-02 09:26:45.124,lock_row_lock_current_waits,0,0,0.000000,enabled
1782984405.123,2026-07-02 09:26:45.124,lock_row_lock_time,323,323,0.162993,enabled
1782984405.123,2026-07-02 09:26:45.124,lock_row_lock_time_avg,0,0,0.000000,enabled
1782984405.123,2026-07-02 09:26:45.124,lock_row_lock_time_max,29,29,0.000000,enabled
1782984405.123,2026-07-02 09:26:45.124,lock_row_lock_waits,425,425,0.214464,enabled
1782984405.123,2026-07-02 09:26:45.124,lock_schedule_refreshes,2219,2219,1.119755,enabled
1782984405.123,2026-07-02 09:26:45.124,lock_threads_waiting,0,0,0.000000,enabled
1782984405.123,2026-07-02 09:26:45.124,lock_timeouts,0,0,0.000000,enabled
1782984405.123,2026-07-02 09:26:45.124,log_waits,0,0,0.000000,enabled
1782984405.123,2026-07-02 09:26:45.124,log_writes,174823569,174823569,88219.741423,enabled
1782984405.123,2026-07-02 09:26:45.124,log_write_requests,382277832,382277832,192905.634621,enabled
1782984405.123,2026-07-02 09:26:45.124,os_data_fsyncs,44656078,44656078,22534.420301,enabled
1782984405.123,2026-07-02 09:26:45.124,os_data_reads,58221301,58221301,29379.724508,enabled
1782984405.123,2026-07-02 09:26:45.124,os_data_writes,195962740,195962740,98887.026086,enabled
1782984405.123,2026-07-02 09:26:45.124,os_log_bytes_written,113819097088,113819097088,57435571.628018,enabled
1782984405.123,2026-07-02 09:26:45.124,os_log_fsyncs,39289378,39289378,19826.267649,enabled
1782984405.123,2026-07-02 09:26:45.124,os_log_pending_fsyncs,0,0,0.000000,enabled
1782984405.123,2026-07-02 09:26:45.124,os_log_pending_writes,0,0,0.000000,enabled
1782984405.123,2026-07-02 09:26:45.124,trx_rseg_history_len,730,730,0.000000,enabled
1782984406.194,2026-07-02 09:26:46.196,adaptive_hash_searches,0,0,0.000000,enabled
1782984406.194,2026-07-02 09:26:46.196,adaptive_hash_searches_btree,545512491,545512491,275128.586247,enabled
1782984406.194,2026-07-02 09:26:46.196,buffer_data_reads,949918468608,949918468608,479090347.558071,enabled
1782984406.194,2026-07-02 09:26:46.196,buffer_data_written,482645856256,482645856256,243421912.906524,enabled
1782984406.194,2026-07-02 09:26:46.196,buffer_pages0_read,7,7,0.003530,enabled
1782984406.194,2026-07-02 09:26:46.196,buffer_pages_created,1802245,1802245,908.960317,enabled
1782984406.194,2026-07-02 09:26:46.196,buffer_pages_read,58141785,58141785,29323.746162,enabled
1782984406.194,2026-07-02 09:26:46.196,buffer_pages_written,20452312,20452312,10315.101402,enabled
1782984406.194,2026-07-02 09:26:46.196,buffer_pool_bytes_data,12852330496,12852330496,0.000000,enabled
1782984406.194,2026-07-02 09:26:46.196,buffer_pool_bytes_dirty,4634787840,4634787840,0.000000,enabled
1782984406.194,2026-07-02 09:26:46.196,buffer_pool_pages_data,784444,784444,0.000000,enabled
1782984406.194,2026-07-02 09:26:46.196,buffer_pool_pages_dirty,282885,282885,0.000000,enabled
1782984406.194,2026-07-02 09:26:46.196,buffer_pool_pages_flushed,20395242,20395242,0.000000,enabled
1782984406.194,2026-07-02 09:26:46.196,buffer_pool_pages_free,1891,1891,0.000000,enabled
1782984406.194,2026-07-02 09:26:46.196,buffer_pool_pages_lru_flushed,0,0,0.000000,enabled
1782984406.194,2026-07-02 09:26:46.196,buffer_pool_pages_misc,96,96,0.000000,enabled
1782984406.194,2026-07-02 09:26:46.196,buffer_pool_pages_total,786432,786432,0.000000,enabled
1782984406.194,2026-07-02 09:26:46.196,buffer_pool_reads,57262481,57262481,28880.271396,enabled
1782984406.194,2026-07-02 09:26:46.196,buffer_pool_read_ahead,803715,803715,405.352801,enabled
1782984406.194,2026-07-02 09:26:46.196,buffer_pool_read_ahead_evicted,25,25,0.012609,enabled
1782984406.194,2026-07-02 09:26:46.196,buffer_pool_read_requests,2620154516,2620154516,1321472.135731,enabled
1782984406.194,2026-07-02 09:26:46.196,buffer_pool_size,12884901888,12884901888,0.000000,enabled
1782984406.194,2026-07-02 09:26:46.196,buffer_pool_wait_free,18945,18945,9.554891,enabled
1782984406.194,2026-07-02 09:26:46.196,buffer_pool_write_requests,569924744,569924744,287440.936488,enabled
1782984406.194,2026-07-02 09:26:46.196,dml_deletes,11627384,11627384,5864.257280,enabled
1782984406.194,2026-07-02 09:26:46.196,dml_inserts,111512782,111512782,56241.338927,enabled
1782984406.194,2026-07-02 09:26:46.196,dml_system_deletes,468,468,0.236035,enabled
1782984406.194,2026-07-02 09:26:46.196,dml_system_inserts,1202,1202,0.606227,enabled
1782984406.194,2026-07-02 09:26:46.196,dml_system_reads,7661,7661,3.863816,enabled
1782984406.194,2026-07-02 09:26:46.196,dml_system_updates,620,620,0.312696,enabled
1782984406.194,2026-07-02 09:26:46.196,dml_updates,23254883,23254883,11728.572545,enabled
1782984406.194,2026-07-02 09:26:46.196,file_num_open_files,35,35,0.000000,enabled
1782984406.194,2026-07-02 09:26:46.196,ibuf_merges,0,0,0.000000,enabled
1782984406.194,2026-07-02 09:26:46.196,ibuf_merges_delete,0,0,0.000000,enabled
1782984406.194,2026-07-02 09:26:46.196,ibuf_merges_delete_mark,0,0,0.000000,enabled
1782984406.194,2026-07-02 09:26:46.196,ibuf_merges_discard_delete,0,0,0.000000,enabled
1782984406.194,2026-07-02 09:26:46.196,ibuf_merges_discard_delete_mark,0,0,0.000000,enabled
1782984406.194,2026-07-02 09:26:46.196,ibuf_merges_discard_insert,0,0,0.000000,enabled
1782984406.194,2026-07-02 09:26:46.196,ibuf_merges_insert,0,0,0.000000,enabled
1782984406.194,2026-07-02 09:26:46.196,ibuf_size,1,1,0.000504,enabled
1782984406.194,2026-07-02 09:26:46.196,innodb_activity_count,16267312,16267312,8204.399649,enabled
1782984406.194,2026-07-02 09:26:46.196,innodb_dblwr_pages_written,20393482,20393482,10285.428543,enabled
1782984406.194,2026-07-02 09:26:46.196,innodb_dblwr_writes,409027,409027,206.292284,enabled
1782984406.194,2026-07-02 09:26:46.196,innodb_page_size,16384,16384,0.000000,enabled
1782984406.194,2026-07-02 09:26:46.196,innodb_rwlock_sx_os_waits,0,0,0.000000,enabled
1782984406.194,2026-07-02 09:26:46.196,innodb_rwlock_sx_spin_rounds,0,0,0.000000,enabled
1782984406.194,2026-07-02 09:26:46.196,innodb_rwlock_sx_spin_waits,0,0,0.000000,enabled
1782984406.194,2026-07-02 09:26:46.196,innodb_rwlock_s_os_waits,0,0,0.000000,enabled
1782984406.194,2026-07-02 09:26:46.196,innodb_rwlock_s_spin_rounds,0,0,0.000000,enabled
1782984406.194,2026-07-02 09:26:46.196,innodb_rwlock_s_spin_waits,0,0,0.000000,enabled
1782984406.194,2026-07-02 09:26:46.196,innodb_rwlock_x_os_waits,0,0,0.000000,enabled
1782984406.194,2026-07-02 09:26:46.196,innodb_rwlock_x_spin_rounds,0,0,0.000000,enabled
1782984406.194,2026-07-02 09:26:46.196,innodb_rwlock_x_spin_waits,0,0,0.000000,enabled
1782984406.194,2026-07-02 09:26:46.196,lock_deadlocks,0,0,0.000000,enabled
1782984406.194,2026-07-02 09:26:46.196,lock_deadlock_false_positives,0,0,0.000000,enabled
1782984406.194,2026-07-02 09:26:46.196,lock_deadlock_rounds,2220,2220,1.119655,enabled
1782984406.194,2026-07-02 09:26:46.196,lock_rec_grant_attempts,425,425,0.214348,enabled
1782984406.194,2026-07-02 09:26:46.196,lock_rec_release_attempts,35339516,35339516,17823.447597,enabled
1782984406.194,2026-07-02 09:26:46.196,lock_row_lock_current_waits,0,0,0.000000,enabled
1782984406.194,2026-07-02 09:26:46.196,lock_row_lock_time,323,323,0.162905,enabled
1782984406.194,2026-07-02 09:26:46.196,lock_row_lock_time_avg,0,0,0.000000,enabled
1782984406.194,2026-07-02 09:26:46.196,lock_row_lock_time_max,29,29,0.000000,enabled
1782984406.194,2026-07-02 09:26:46.196,lock_row_lock_waits,425,425,0.214348,enabled
1782984406.194,2026-07-02 09:26:46.196,lock_schedule_refreshes,2220,2220,1.119655,enabled
1782984406.194,2026-07-02 09:26:46.196,lock_threads_waiting,0,0,0.000000,enabled
1782984406.194,2026-07-02 09:26:46.196,lock_timeouts,0,0,0.000000,enabled
1782984406.194,2026-07-02 09:26:46.196,log_waits,0,0,0.000000,enabled
1782984406.194,2026-07-02 09:26:46.196,log_writes,174904143,174904143,88212.703311,enabled
1782984406.194,2026-07-02 09:26:46.196,log_write_requests,382361710,382361710,192843.688775,enabled
1782984406.194,2026-07-02 09:26:46.196,os_data_fsyncs,44691377,44691377,22540.045531,enabled
1782984406.194,2026-07-02 09:26:46.196,os_data_reads,58279225,58279225,29393.061396,enabled
1782984406.194,2026-07-02 09:26:46.196,os_data_writes,196059776,196059776,98882.526788,enabled
1782984406.194,2026-07-02 09:26:46.196,os_log_bytes_written,113861248512,113861248512,57425791.959625,enabled
1782984406.194,2026-07-02 09:26:46.196,os_log_fsyncs,39319532,39319532,19830.761488,enabled
1782984406.194,2026-07-02 09:26:46.196,os_log_pending_fsyncs,1,1,0.000504,enabled
1782984406.194,2026-07-02 09:26:46.196,os_log_pending_writes,1,1,0.000504,enabled
1782984406.194,2026-07-02 09:26:46.196,trx_rseg_history_len,837,837,0.000000,enabled
1782984407.267,2026-07-02 09:26:47.268,adaptive_hash_searches,0,0,0.000000,enabled
1782984407.267,2026-07-02 09:26:47.268,adaptive_hash_searches_btree,545679449,545679449,275063.849039,enabled
1782984407.267,2026-07-02 09:26:47.268,buffer_data_reads,950844262912,950844262912,479297729.625104,enabled
1782984407.267,2026-07-02 09:26:47.268,buffer_data_written,482952014336,482952014336,243444497.494252,enabled
1782984407.267,2026-07-02 09:26:47.268,buffer_pages0_read,7,7,0.003529,enabled
1782984407.267,2026-07-02 09:26:47.268,buffer_pages_created,1802290,1802290,908.491061,enabled
1782984407.267,2026-07-02 09:26:47.268,buffer_pages_read,58198454,58198454,29336.441324,enabled
1782984407.267,2026-07-02 09:26:47.268,buffer_pages_written,20468066,20468066,10317.459971,enabled
1782984407.267,2026-07-02 09:26:47.268,buffer_pool_bytes_data,12860555264,12860555264,0.000000,enabled
1782984407.267,2026-07-02 09:26:47.268,buffer_pool_bytes_dirty,4642635776,4642635776,0.000000,enabled
1782984407.267,2026-07-02 09:26:47.268,buffer_pool_pages_data,784945,784945,0.000000,enabled
1782984407.267,2026-07-02 09:26:47.268,buffer_pool_pages_dirty,283364,283364,0.000000,enabled
1782984407.267,2026-07-02 09:26:47.268,buffer_pool_pages_flushed,20410996,20410996,0.000000,enabled
1782984407.267,2026-07-02 09:26:47.268,buffer_pool_pages_free,1389,1389,0.000000,enabled
1782984407.267,2026-07-02 09:26:47.268,buffer_pool_pages_lru_flushed,0,0,0.000000,enabled
1782984407.267,2026-07-02 09:26:47.268,buffer_pool_pages_misc,96,96,0.000000,enabled
1782984407.267,2026-07-02 09:26:47.268,buffer_pool_pages_total,786432,786432,0.000000,enabled
1782984407.267,2026-07-02 09:26:47.268,buffer_pool_reads,57319097,57319097,28893.179720,enabled
1782984407.267,2026-07-02 09:26:47.268,buffer_pool_read_ahead,803715,803715,405.133418,enabled
1782984407.267,2026-07-02 09:26:47.268,buffer_pool_read_ahead_evicted,25,25,0.012602,enabled
1782984407.267,2026-07-02 09:26:47.268,buffer_pool_read_requests,2620982070,2620982070,1321174.086071,enabled
1782984407.267,2026-07-02 09:26:47.268,buffer_pool_size,12884901888,12884901888,0.000000,enabled
1782984407.267,2026-07-02 09:26:47.268,buffer_pool_wait_free,18945,18945,9.549719,enabled
1782984407.267,2026-07-02 09:26:47.268,buffer_pool_write_requests,570038403,570038403,287342.662132,enabled
1782984407.267,2026-07-02 09:26:47.268,dml_deletes,11632192,11632192,5863.507251,enabled
1782984407.267,2026-07-02 09:26:47.268,dml_inserts,111517592,111517592,56213.326771,enabled
1782984407.267,2026-07-02 09:26:47.268,dml_system_deletes,468,468,0.235908,enabled
1782984407.267,2026-07-02 09:26:47.268,dml_system_inserts,1202,1202,0.605899,enabled
1782984407.267,2026-07-02 09:26:47.268,dml_system_reads,7661,7661,3.861725,enabled
1782984407.267,2026-07-02 09:26:47.268,dml_system_updates,620,620,0.312527,enabled
1782984407.267,2026-07-02 09:26:47.268,dml_updates,23264504,23264504,11727.074980,enabled
1782984407.267,2026-07-02 09:26:47.268,file_num_open_files,35,35,0.000000,enabled
1782984407.267,2026-07-02 09:26:47.268,ibuf_merges,0,0,0.000000,enabled
1782984407.267,2026-07-02 09:26:47.268,ibuf_merges_delete,0,0,0.000000,enabled
1782984407.267,2026-07-02 09:26:47.268,ibuf_merges_delete_mark,0,0,0.000000,enabled
1782984407.267,2026-07-02 09:26:47.268,ibuf_merges_discard_delete,0,0,0.000000,enabled
1782984407.267,2026-07-02 09:26:47.268,ibuf_merges_discard_delete_mark,0,0,0.000000,enabled
1782984407.267,2026-07-02 09:26:47.268,ibuf_merges_discard_insert,0,0,0.000000,enabled
1782984407.267,2026-07-02 09:26:47.268,ibuf_merges_insert,0,0,0.000000,enabled
1782984407.267,2026-07-02 09:26:47.268,ibuf_size,1,1,0.000504,enabled
1782984407.267,2026-07-02 09:26:47.268,innodb_activity_count,16272835,16272835,8202.743528,enabled
1782984407.267,2026-07-02 09:26:47.268,innodb_dblwr_pages_written,20409236,20409236,10287.803406,enabled
1782984407.267,2026-07-02 09:26:47.268,innodb_dblwr_writes,409397,409397,206.367149,enabled
1782984407.267,2026-07-02 09:26:47.268,innodb_page_size,16384,16384,0.000000,enabled
1782984407.267,2026-07-02 09:26:47.268,innodb_rwlock_sx_os_waits,0,0,0.000000,enabled
1782984407.267,2026-07-02 09:26:47.268,innodb_rwlock_sx_spin_rounds,0,0,0.000000,enabled
1782984407.267,2026-07-02 09:26:47.268,innodb_rwlock_sx_spin_waits,0,0,0.000000,enabled
1782984407.267,2026-07-02 09:26:47.268,innodb_rwlock_s_os_waits,0,0,0.000000,enabled
1782984407.267,2026-07-02 09:26:47.268,innodb_rwlock_s_spin_rounds,0,0,0.000000,enabled
1782984407.267,2026-07-02 09:26:47.268,innodb_rwlock_s_spin_waits,0,0,0.000000,enabled
1782984407.267,2026-07-02 09:26:47.268,innodb_rwlock_x_os_waits,0,0,0.000000,enabled
1782984407.267,2026-07-02 09:26:47.268,innodb_rwlock_x_spin_rounds,0,0,0.000000,enabled
1782984407.267,2026-07-02 09:26:47.268,innodb_rwlock_x_spin_waits,0,0,0.000000,enabled
1782984407.267,2026-07-02 09:26:47.268,lock_deadlocks,0,0,0.000000,enabled
1782984407.267,2026-07-02 09:26:47.268,lock_deadlock_false_positives,0,0,0.000000,enabled
1782984407.267,2026-07-02 09:26:47.268,lock_deadlock_rounds,2221,2221,1.119553,enabled
1782984407.267,2026-07-02 09:26:47.268,lock_rec_grant_attempts,425,425,0.214232,enabled
1782984407.267,2026-07-02 09:26:47.268,lock_rec_release_attempts,35354130,35354130,17821.167826,enabled
1782984407.267,2026-07-02 09:26:47.268,lock_row_lock_current_waits,0,0,0.000000,enabled
1782984407.267,2026-07-02 09:26:47.268,lock_row_lock_time,323,323,0.162817,enabled
1782984407.267,2026-07-02 09:26:47.268,lock_row_lock_time_avg,0,0,0.000000,enabled
1782984407.267,2026-07-02 09:26:47.268,lock_row_lock_time_max,29,29,0.000000,enabled
1782984407.267,2026-07-02 09:26:47.268,lock_row_lock_waits,425,425,0.214232,enabled
1782984407.267,2026-07-02 09:26:47.268,lock_schedule_refreshes,2221,2221,1.119553,enabled
1782984407.267,2026-07-02 09:26:47.268,lock_threads_waiting,0,0,0.000000,enabled
1782984407.267,2026-07-02 09:26:47.268,lock_timeouts,0,0,0.000000,enabled
1782984407.267,2026-07-02 09:26:47.268,log_waits,0,0,0.000000,enabled
1782984407.267,2026-07-02 09:26:47.268,log_writes,174984305,174984305,88205.371165,enabled
1782984407.267,2026-07-02 09:26:47.268,log_write_requests,382443574,382443574,192780.589215,enabled
1782984407.267,2026-07-02 09:26:47.268,os_data_fsyncs,44723629,44723629,22544.104371,enabled
1782984407.267,2026-07-02 09:26:47.268,os_data_reads,58335750,58335750,29405.646819,enabled
1782984407.267,2026-07-02 09:26:47.268,os_data_writes,196155996,196155996,98877.513963,enabled
1782984407.267,2026-07-02 09:26:47.268,os_log_bytes_written,113903221248,113903221248,57415870.773894,enabled
1782984407.267,2026-07-02 09:26:47.268,os_log_fsyncs,39346812,39346812,19833.780349,enabled
1782984407.267,2026-07-02 09:26:47.268,os_log_pending_fsyncs,1,1,0.000504,enabled
1782984407.267,2026-07-02 09:26:47.268,os_log_pending_writes,0,0,0.000000,enabled
1782984407.267,2026-07-02 09:26:47.268,trx_rseg_history_len,805,805,0.000000,enabled
1782984408.340,2026-07-02 09:26:48.342,adaptive_hash_searches,0,0,0.000000,enabled
1782984408.340,2026-07-02 09:26:48.342,adaptive_hash_searches_btree,545844639,545844639,274998.636717,enabled
1782984408.340,2026-07-02 09:26:48.342,buffer_data_reads,951759571456,951759571456,479500206.361822,enabled
1782984408.340,2026-07-02 09:26:48.342,buffer_data_written,483275015680,483275015680,243475848.848440,enabled
1782984408.340,2026-07-02 09:26:48.342,buffer_pages0_read,7,7,0.003527,enabled
1782984408.340,2026-07-02 09:26:48.342,buffer_pages_created,1802339,1802339,908.025468,enabled
1782984408.340,2026-07-02 09:26:48.342,buffer_pages_read,58254485,58254485,29348.838160,enabled
1782984408.340,2026-07-02 09:26:48.342,buffer_pages_written,20484196,20484196,10320.018370,enabled
1782984408.340,2026-07-02 09:26:48.342,buffer_pool_bytes_data,12848775168,12848775168,0.000000,enabled
1782984408.340,2026-07-02 09:26:48.342,buffer_pool_bytes_dirty,4642177024,4642177024,0.000000,enabled
1782984408.340,2026-07-02 09:26:48.342,buffer_pool_pages_data,784227,784227,0.000000,enabled
1782984408.340,2026-07-02 09:26:48.342,buffer_pool_pages_dirty,283336,283336,0.000000,enabled
1782984408.340,2026-07-02 09:26:48.342,buffer_pool_pages_flushed,20426891,20426891,0.000000,enabled
1782984408.340,2026-07-02 09:26:48.342,buffer_pool_pages_free,2109,2109,0.000000,enabled
1782984408.340,2026-07-02 09:26:48.342,buffer_pool_pages_lru_flushed,0,0,0.000000,enabled
1782984408.340,2026-07-02 09:26:48.342,buffer_pool_pages_misc,96,96,0.000000,enabled
1782984408.340,2026-07-02 09:26:48.342,buffer_pool_pages_total,786432,786432,0.000000,enabled
1782984408.340,2026-07-02 09:26:48.342,buffer_pool_reads,57375067,57375067,28905.784993,enabled
1782984408.340,2026-07-02 09:26:48.342,buffer_pool_read_ahead,803715,803715,404.914781,enabled
1782984408.340,2026-07-02 09:26:48.342,buffer_pool_read_ahead_evicted,25,25,0.012595,enabled
1782984408.340,2026-07-02 09:26:48.342,buffer_pool_read_requests,2621801574,2621801574,1320873.963056,enabled
1782984408.340,2026-07-02 09:26:48.342,buffer_pool_size,12884901888,12884901888,0.000000,enabled
1782984408.340,2026-07-02 09:26:48.342,buffer_pool_wait_free,18945,18945,9.544566,enabled
1782984408.340,2026-07-02 09:26:48.342,buffer_pool_write_requests,570151319,570151319,287244.480695,enabled
1782984408.340,2026-07-02 09:26:48.342,dml_deletes,11636963,11636963,5862.746727,enabled
1782984408.340,2026-07-02 09:26:48.342,dml_inserts,111522362,111522362,56185.395062,enabled
1782984408.340,2026-07-02 09:26:48.342,dml_system_deletes,468,468,0.235780,enabled
1782984408.340,2026-07-02 09:26:48.342,dml_system_inserts,1202,1202,0.605572,enabled
1782984408.340,2026-07-02 09:26:48.342,dml_system_reads,7661,7661,3.859641,enabled
1782984408.340,2026-07-02 09:26:48.342,dml_system_updates,620,620,0.312358,enabled
1782984408.340,2026-07-02 09:26:48.342,dml_updates,23274047,23274047,11725.554405,enabled
1782984408.340,2026-07-02 09:26:48.342,file_num_open_files,35,35,0.000000,enabled
1782984408.340,2026-07-02 09:26:48.342,ibuf_merges,0,0,0.000000,enabled
1782984408.340,2026-07-02 09:26:48.342,ibuf_merges_delete,0,0,0.000000,enabled
1782984408.340,2026-07-02 09:26:48.342,ibuf_merges_delete_mark,0,0,0.000000,enabled
1782984408.340,2026-07-02 09:26:48.342,ibuf_merges_discard_delete,0,0,0.000000,enabled
1782984408.340,2026-07-02 09:26:48.342,ibuf_merges_discard_delete_mark,0,0,0.000000,enabled
1782984408.340,2026-07-02 09:26:48.342,ibuf_merges_discard_insert,0,0,0.000000,enabled
1782984408.340,2026-07-02 09:26:48.342,ibuf_merges_insert,0,0,0.000000,enabled
1782984408.340,2026-07-02 09:26:48.342,ibuf_size,1,1,0.000504,enabled
1782984408.340,2026-07-02 09:26:48.342,innodb_activity_count,16278310,16278310,8201.075329,enabled
1782984408.340,2026-07-02 09:26:48.342,innodb_dblwr_pages_written,20425131,20425131,10290.259669,enabled
1782984408.340,2026-07-02 09:26:48.342,innodb_dblwr_writes,409786,409786,206.451765,enabled
1782984408.340,2026-07-02 09:26:48.342,innodb_page_size,16384,16384,0.000000,enabled
1782984408.340,2026-07-02 09:26:48.342,innodb_rwlock_sx_os_waits,0,0,0.000000,enabled
1782984408.340,2026-07-02 09:26:48.342,innodb_rwlock_sx_spin_rounds,0,0,0.000000,enabled
1782984408.340,2026-07-02 09:26:48.342,innodb_rwlock_sx_spin_waits,0,0,0.000000,enabled
1782984408.340,2026-07-02 09:26:48.342,innodb_rwlock_s_os_waits,0,0,0.000000,enabled
1782984408.340,2026-07-02 09:26:48.342,innodb_rwlock_s_spin_rounds,0,0,0.000000,enabled
1782984408.340,2026-07-02 09:26:48.342,innodb_rwlock_s_spin_waits,0,0,0.000000,enabled
1782984408.340,2026-07-02 09:26:48.342,innodb_rwlock_x_os_waits,0,0,0.000000,enabled
1782984408.340,2026-07-02 09:26:48.342,innodb_rwlock_x_spin_rounds,0,0,0.000000,enabled
1782984408.340,2026-07-02 09:26:48.342,innodb_rwlock_x_spin_waits,0,0,0.000000,enabled
1782984408.340,2026-07-02 09:26:48.342,lock_deadlocks,0,0,0.000000,enabled
1782984408.340,2026-07-02 09:26:48.342,lock_deadlock_false_positives,0,0,0.000000,enabled
1782984408.340,2026-07-02 09:26:48.342,lock_deadlock_rounds,2222,2222,1.119452,enabled
1782984408.340,2026-07-02 09:26:48.342,lock_rec_grant_attempts,425,425,0.214117,enabled
1782984408.340,2026-07-02 09:26:48.342,lock_rec_release_attempts,35368654,35368654,17818.867573,enabled
1782984408.340,2026-07-02 09:26:48.342,lock_row_lock_current_waits,0,0,0.000000,enabled
1782984408.340,2026-07-02 09:26:48.342,lock_row_lock_time,323,323,0.162729,enabled
1782984408.340,2026-07-02 09:26:48.342,lock_row_lock_time_avg,0,0,0.000000,enabled
1782984408.340,2026-07-02 09:26:48.342,lock_row_lock_time_max,29,29,0.000000,enabled
1782984408.340,2026-07-02 09:26:48.342,lock_row_lock_waits,425,425,0.214117,enabled
1782984408.340,2026-07-02 09:26:48.342,lock_schedule_refreshes,2222,2222,1.119452,enabled
1782984408.340,2026-07-02 09:26:48.342,lock_threads_waiting,0,0,0.000000,enabled
1782984408.340,2026-07-02 09:26:48.342,lock_timeouts,0,0,0.000000,enabled
1782984408.340,2026-07-02 09:26:48.342,log_waits,0,0,0.000000,enabled
1782984408.340,2026-07-02 09:26:48.342,log_writes,175063752,175063752,88197.797021,enabled
1782984408.340,2026-07-02 09:26:48.342,log_write_requests,382524828,382524828,192717.491644,enabled
1782984408.340,2026-07-02 09:26:48.342,os_data_fsyncs,44755647,44755647,22548.069188,enabled
1782984408.340,2026-07-02 09:26:48.342,os_data_reads,58391618,58391618,29417.924503,enabled
1782984408.340,2026-07-02 09:26:48.342,os_data_writes,196251907,196251907,98872.474806,enabled
1782984408.340,2026-07-02 09:26:48.342,os_log_bytes_written,113945023488,113945023488,57405946.307882,enabled
1782984408.340,2026-07-02 09:26:48.342,os_log_fsyncs,39373934,39373934,19836.741179,enabled
1782984408.340,2026-07-02 09:26:48.342,os_log_pending_fsyncs,0,0,0.000000,enabled
1782984408.340,2026-07-02 09:26:48.342,os_log_pending_writes,0,0,0.000000,enabled
1782984408.340,2026-07-02 09:26:48.342,trx_rseg_history_len,633,633,0.000000,enabled
1782984409.410,2026-07-02 09:26:49.412,adaptive_hash_searches,0,0,0.000000,enabled
1782984409.410,2026-07-02 09:26:49.412,adaptive_hash_searches_btree,546009124,546009124,274933.298512,enabled
1782984409.410,2026-07-02 09:26:49.412,buffer_data_reads,952672651776,952672651776,479701643.511773,enabled
1782984409.410,2026-07-02 09:26:49.412,buffer_data_written,483625421312,483625421312,243521117.995936,enabled
1782984409.410,2026-07-02 09:26:49.412,buffer_pages0_read,7,7,0.003525,enabled
1782984409.410,2026-07-02 09:26:49.412,buffer_pages_created,1802377,1802377,907.555409,enabled
1782984409.410,2026-07-02 09:26:49.412,buffer_pages_read,58310379,58310379,29361.171077,enabled
1782984409.410,2026-07-02 09:26:49.412,buffer_pages_written,20503368,20503368,10324.112245,enabled
1782984409.410,2026-07-02 09:26:49.412,buffer_pool_bytes_data,12850511872,12850511872,0.000000,enabled
1782984409.410,2026-07-02 09:26:49.412,buffer_pool_bytes_dirty,4591501312,4591501312,0.000000,enabled
1782984409.410,2026-07-02 09:26:49.412,buffer_pool_pages_data,784333,784333,0.000000,enabled
1782984409.410,2026-07-02 09:26:49.412,buffer_pool_pages_dirty,280243,280243,0.000000,enabled
1782984409.410,2026-07-02 09:26:49.412,buffer_pool_pages_flushed,20446298,20446298,0.000000,enabled
1782984409.410,2026-07-02 09:26:49.412,buffer_pool_pages_free,2002,2002,0.000000,enabled
1782984409.410,2026-07-02 09:26:49.412,buffer_pool_pages_lru_flushed,0,0,0.000000,enabled
1782984409.410,2026-07-02 09:26:49.412,buffer_pool_pages_misc,96,96,0.000000,enabled
1782984409.410,2026-07-02 09:26:49.412,buffer_pool_pages_total,786432,786432,0.000000,enabled
1782984409.410,2026-07-02 09:26:49.412,buffer_pool_reads,57430892,57430892,28918.321939,enabled
1782984409.410,2026-07-02 09:26:49.412,buffer_pool_read_ahead,803715,803715,404.696637,enabled
1782984409.410,2026-07-02 09:26:49.412,buffer_pool_read_ahead_evicted,25,25,0.012588,enabled
1782984409.410,2026-07-02 09:26:49.412,buffer_pool_read_requests,2622618593,2622618593,1320573.749136,enabled
1782984409.410,2026-07-02 09:26:49.412,buffer_pool_size,12884901888,12884901888,0.000000,enabled
1782984409.410,2026-07-02 09:26:49.412,buffer_pool_wait_free,18945,18945,9.539424,enabled
1782984409.410,2026-07-02 09:26:49.412,buffer_pool_write_requests,570263864,570263864,287146.400253,enabled
1782984409.410,2026-07-02 09:26:49.412,dml_deletes,11641702,11641702,5861.974231,enabled
1782984409.410,2026-07-02 09:26:49.412,dml_inserts,111527101,111527101,56157.509695,enabled
1782984409.410,2026-07-02 09:26:49.412,dml_system_deletes,468,468,0.235653,enabled
1782984409.410,2026-07-02 09:26:49.412,dml_system_inserts,1202,1202,0.605246,enabled
1782984409.410,2026-07-02 09:26:49.412,dml_system_reads,7661,7661,3.857562,enabled
1782984409.410,2026-07-02 09:26:49.412,dml_system_updates,620,620,0.312190,enabled
1782984409.410,2026-07-02 09:26:49.412,dml_updates,23283526,23283526,11724.009878,enabled
1782984409.410,2026-07-02 09:26:49.412,file_num_open_files,35,35,0.000000,enabled
1782984409.410,2026-07-02 09:26:49.412,ibuf_merges,0,0,0.000000,enabled
1782984409.410,2026-07-02 09:26:49.412,ibuf_merges_delete,0,0,0.000000,enabled
1782984409.410,2026-07-02 09:26:49.412,ibuf_merges_delete_mark,0,0,0.000000,enabled
1782984409.410,2026-07-02 09:26:49.412,ibuf_merges_discard_delete,0,0,0.000000,enabled
1782984409.410,2026-07-02 09:26:49.412,ibuf_merges_discard_delete_mark,0,0,0.000000,enabled
1782984409.410,2026-07-02 09:26:49.412,ibuf_merges_discard_insert,0,0,0.000000,enabled
1782984409.410,2026-07-02 09:26:49.412,ibuf_merges_insert,0,0,0.000000,enabled
1782984409.410,2026-07-02 09:26:49.412,ibuf_size,1,1,0.000504,enabled
1782984409.410,2026-07-02 09:26:49.412,innodb_activity_count,16283756,16283756,8199.399026,enabled
1782984409.410,2026-07-02 09:26:49.412,innodb_dblwr_pages_written,20444538,20444538,10294.487560,enabled
1782984409.410,2026-07-02 09:26:49.412,innodb_dblwr_writes,410153,410153,206.525330,enabled
1782984409.410,2026-07-02 09:26:49.412,innodb_page_size,16384,16384,0.000000,enabled
1782984409.410,2026-07-02 09:26:49.412,innodb_rwlock_sx_os_waits,0,0,0.000000,enabled
1782984409.410,2026-07-02 09:26:49.412,innodb_rwlock_sx_spin_rounds,0,0,0.000000,enabled
1782984409.410,2026-07-02 09:26:49.412,innodb_rwlock_sx_spin_waits,0,0,0.000000,enabled
1782984409.410,2026-07-02 09:26:49.412,innodb_rwlock_s_os_waits,0,0,0.000000,enabled
1782984409.410,2026-07-02 09:26:49.412,innodb_rwlock_s_spin_rounds,0,0,0.000000,enabled
1782984409.410,2026-07-02 09:26:49.412,innodb_rwlock_s_spin_waits,0,0,0.000000,enabled
1782984409.410,2026-07-02 09:26:49.412,innodb_rwlock_x_os_waits,0,0,0.000000,enabled
1782984409.410,2026-07-02 09:26:49.412,innodb_rwlock_x_spin_rounds,0,0,0.000000,enabled
1782984409.410,2026-07-02 09:26:49.412,innodb_rwlock_x_spin_waits,0,0,0.000000,enabled
1782984409.410,2026-07-02 09:26:49.412,lock_deadlocks,0,0,0.000000,enabled
1782984409.410,2026-07-02 09:26:49.412,lock_deadlock_false_positives,0,0,0.000000,enabled
1782984409.410,2026-07-02 09:26:49.412,lock_deadlock_rounds,2223,2223,1.119353,enabled
1782984409.410,2026-07-02 09:26:49.412,lock_rec_grant_attempts,425,425,0.214001,enabled
1782984409.410,2026-07-02 09:26:49.412,lock_rec_release_attempts,35383073,35383073,17816.528268,enabled
1782984409.410,2026-07-02 09:26:49.412,lock_row_lock_current_waits,0,0,0.000000,enabled
1782984409.410,2026-07-02 09:26:49.412,lock_row_lock_time,323,323,0.162641,enabled
1782984409.410,2026-07-02 09:26:49.412,lock_row_lock_time_avg,0,0,0.000000,enabled
1782984409.410,2026-07-02 09:26:49.412,lock_row_lock_time_max,29,29,0.000000,enabled
1782984409.410,2026-07-02 09:26:49.412,lock_row_lock_waits,425,425,0.214001,enabled
1782984409.410,2026-07-02 09:26:49.412,lock_schedule_refreshes,2223,2223,1.119353,enabled
1782984409.410,2026-07-02 09:26:49.412,lock_threads_waiting,0,0,0.000000,enabled
1782984409.410,2026-07-02 09:26:49.412,lock_timeouts,0,0,0.000000,enabled
1782984409.410,2026-07-02 09:26:49.412,log_waits,0,0,0.000000,enabled
1782984409.410,2026-07-02 09:26:49.412,log_writes,175142117,175142117,88189.738561,enabled
1782984409.410,2026-07-02 09:26:49.412,log_write_requests,382605516,382605516,192654.291486,enabled
1782984409.410,2026-07-02 09:26:49.412,os_data_fsyncs,44788116,44788116,22552.270453,enabled
1782984409.410,2026-07-02 09:26:49.412,os_data_reads,58447337,58447337,29430.131726,enabled
1782984409.410,2026-07-02 09:26:49.412,os_data_writes,196349662,196349662,98868.429413,enabled
1782984409.410,2026-07-02 09:26:49.412,os_log_bytes_written,113986152448,113986152448,57395728.199760,enabled
1782984409.410,2026-07-02 09:26:49.412,os_log_fsyncs,39401196,39401196,19839.781286,enabled
1782984409.410,2026-07-02 09:26:49.412,os_log_pending_fsyncs,0,0,0.000000,enabled
1782984409.410,2026-07-02 09:26:49.412,os_log_pending_writes,0,0,0.000000,enabled
1782984409.410,2026-07-02 09:26:49.412,trx_rseg_history_len,552,552,0.000000,enabled
1782984410.481,2026-07-02 09:26:50.483,adaptive_hash_searches,0,0,0.000000,enabled
1782984410.481,2026-07-02 09:26:50.483,adaptive_hash_searches_btree,546179998,546179998,274871.507431,enabled
1782984410.481,2026-07-02 09:26:50.483,buffer_data_reads,953617566208,953617566208,479919331.631583,enabled
1782984410.481,2026-07-02 09:26:50.483,buffer_data_written,483936930816,483936930816,243546990.323222,enabled
1782984410.481,2026-07-02 09:26:50.483,buffer_pages0_read,7,7,0.003523,enabled
1782984410.481,2026-07-02 09:26:50.483,buffer_pages_created,1802416,1802416,907.087203,enabled
1782984410.481,2026-07-02 09:26:50.483,buffer_pages_read,58368220,58368220,29374.497900,enabled
1782984410.481,2026-07-02 09:26:50.483,buffer_pages_written,20519432,20519432,10326.647185,enabled
1782984410.481,2026-07-02 09:26:50.483,buffer_pool_bytes_data,12848742400,12848742400,0.000000,enabled
1782984410.481,2026-07-02 09:26:50.483,buffer_pool_bytes_dirty,4601249792,4601249792,0.000000,enabled
1782984410.481,2026-07-02 09:26:50.483,buffer_pool_pages_data,784225,784225,0.000000,enabled
1782984410.481,2026-07-02 09:26:50.483,buffer_pool_pages_dirty,280838,280838,0.000000,enabled
1782984410.481,2026-07-02 09:26:50.483,buffer_pool_pages_flushed,20462362,20462362,0.000000,enabled
1782984410.481,2026-07-02 09:26:50.483,buffer_pool_pages_free,2111,2111,0.000000,enabled
1782984410.481,2026-07-02 09:26:50.483,buffer_pool_pages_lru_flushed,0,0,0.000000,enabled
1782984410.481,2026-07-02 09:26:50.483,buffer_pool_pages_misc,96,96,0.000000,enabled
1782984410.481,2026-07-02 09:26:50.483,buffer_pool_pages_total,786432,786432,0.000000,enabled
1782984410.481,2026-07-02 09:26:50.483,buffer_pool_reads,57488678,57488678,28931.859207,enabled
1782984410.481,2026-07-02 09:26:50.483,buffer_pool_read_ahead,803715,803715,404.479103,enabled
1782984410.481,2026-07-02 09:26:50.483,buffer_pool_read_ahead_evicted,25,25,0.012582,enabled
1782984410.481,2026-07-02 09:26:50.483,buffer_pool_read_requests,2623465181,2623465181,1320289.966410,enabled
1782984410.481,2026-07-02 09:26:50.483,buffer_pool_size,12884901888,12884901888,0.000000,enabled
1782984410.481,2026-07-02 09:26:50.483,buffer_pool_wait_free,18945,18945,9.534296,enabled
1782984410.481,2026-07-02 09:26:50.483,buffer_pool_write_requests,570379521,570379521,287050.258313,enabled
1782984410.481,2026-07-02 09:26:50.483,dml_deletes,11646638,11646638,5861.307327,enabled
1782984410.481,2026-07-02 09:26:50.483,dml_inserts,111532037,111532037,56129.807274,enabled
1782984410.481,2026-07-02 09:26:50.483,dml_system_deletes,468,468,0.235526,enabled
1782984410.481,2026-07-02 09:26:50.483,dml_system_inserts,1202,1202,0.604921,enabled
1782984410.481,2026-07-02 09:26:50.483,dml_system_reads,7661,7661,3.855488,enabled
1782984410.481,2026-07-02 09:26:50.483,dml_system_updates,620,620,0.312022,enabled
1782984410.481,2026-07-02 09:26:50.483,dml_updates,23293394,23293394,11722.674028,enabled
1782984410.481,2026-07-02 09:26:50.483,file_num_open_files,35,35,0.000000,enabled
1782984410.481,2026-07-02 09:26:50.483,ibuf_merges,0,0,0.000000,enabled
1782984410.481,2026-07-02 09:26:50.483,ibuf_merges_delete,0,0,0.000000,enabled
1782984410.481,2026-07-02 09:26:50.483,ibuf_merges_delete_mark,0,0,0.000000,enabled
1782984410.481,2026-07-02 09:26:50.483,ibuf_merges_discard_delete,0,0,0.000000,enabled
1782984410.481,2026-07-02 09:26:50.483,ibuf_merges_discard_delete_mark,0,0,0.000000,enabled
1782984410.481,2026-07-02 09:26:50.483,ibuf_merges_discard_insert,0,0,0.000000,enabled
1782984410.481,2026-07-02 09:26:50.483,ibuf_merges_insert,0,0,0.000000,enabled
1782984410.481,2026-07-02 09:26:50.483,ibuf_size,1,1,0.000503,enabled
1782984410.481,2026-07-02 09:26:50.483,innodb_activity_count,16289423,16289423,8197.843555,enabled
1782984410.481,2026-07-02 09:26:50.483,innodb_dblwr_pages_written,20460602,20460602,10297.038316,enabled
1782984410.481,2026-07-02 09:26:50.483,innodb_dblwr_writes,410492,410492,206.584921,enabled
1782984410.481,2026-07-02 09:26:50.483,innodb_page_size,16384,16384,0.000000,enabled
1782984410.481,2026-07-02 09:26:50.483,innodb_rwlock_sx_os_waits,0,0,0.000000,enabled
1782984410.481,2026-07-02 09:26:50.483,innodb_rwlock_sx_spin_rounds,0,0,0.000000,enabled
1782984410.481,2026-07-02 09:26:50.483,innodb_rwlock_sx_spin_waits,0,0,0.000000,enabled
1782984410.481,2026-07-02 09:26:50.483,innodb_rwlock_s_os_waits,0,0,0.000000,enabled
1782984410.481,2026-07-02 09:26:50.483,innodb_rwlock_s_spin_rounds,0,0,0.000000,enabled
1782984410.481,2026-07-02 09:26:50.483,innodb_rwlock_s_spin_waits,0,0,0.000000,enabled
1782984410.481,2026-07-02 09:26:50.483,innodb_rwlock_x_os_waits,0,0,0.000000,enabled
1782984410.481,2026-07-02 09:26:50.483,innodb_rwlock_x_spin_rounds,0,0,0.000000,enabled
1782984410.481,2026-07-02 09:26:50.483,innodb_rwlock_x_spin_waits,0,0,0.000000,enabled
1782984410.481,2026-07-02 09:26:50.483,lock_deadlocks,0,0,0.000000,enabled
1782984410.481,2026-07-02 09:26:50.483,lock_deadlock_false_positives,0,0,0.000000,enabled
1782984410.481,2026-07-02 09:26:50.483,lock_deadlock_rounds,2224,2224,1.119254,enabled
1782984410.481,2026-07-02 09:26:50.483,lock_rec_grant_attempts,425,425,0.213886,enabled
1782984410.481,2026-07-02 09:26:50.483,lock_rec_release_attempts,35398068,35398068,17814.497909,enabled
1782984410.481,2026-07-02 09:26:50.483,lock_row_lock_current_waits,0,0,0.000000,enabled
1782984410.481,2026-07-02 09:26:50.483,lock_row_lock_time,323,323,0.162554,enabled
1782984410.481,2026-07-02 09:26:50.483,lock_row_lock_time_avg,0,0,0.000000,enabled
1782984410.481,2026-07-02 09:26:50.483,lock_row_lock_time_max,29,29,0.000000,enabled
1782984410.481,2026-07-02 09:26:50.483,lock_row_lock_waits,425,425,0.213886,enabled
1782984410.481,2026-07-02 09:26:50.483,lock_schedule_refreshes,2224,2224,1.119254,enabled
1782984410.481,2026-07-02 09:26:50.483,lock_threads_waiting,0,0,0.000000,enabled
1782984410.481,2026-07-02 09:26:50.483,lock_timeouts,0,0,0.000000,enabled
1782984410.481,2026-07-02 09:26:50.483,log_waits,0,0,0.000000,enabled
1782984410.481,2026-07-02 09:26:50.483,log_writes,175222495,175222495,88182.784731,enabled
1782984410.481,2026-07-02 09:26:50.483,log_write_requests,382689261,382689261,192592.878876,enabled
1782984410.481,2026-07-02 09:26:50.483,os_data_fsyncs,44822848,44822848,22557.627162,enabled
1782984410.481,2026-07-02 09:26:50.483,os_data_reads,58505013,58505013,29443.338223,enabled
1782984410.481,2026-07-02 09:26:50.483,os_data_writes,196446349,196446349,98863.943338,enabled
1782984410.481,2026-07-02 09:26:50.483,os_log_bytes_written,114028259840,114028259840,57386067.085167,enabled
1782984410.481,2026-07-02 09:26:50.483,os_log_fsyncs,39431075,39431075,19844.153688,enabled
1782984410.481,2026-07-02 09:26:50.483,os_log_pending_fsyncs,1,1,0.000503,enabled
1782984410.481,2026-07-02 09:26:50.483,os_log_pending_writes,1,1,0.000503,enabled
1782984410.481,2026-07-02 09:26:50.483,trx_rseg_history_len,652,652,0.000000,enabled
1782984411.549,2026-07-02 09:26:51.551,adaptive_hash_searches,0,0,0.000000,enabled
1782984411.549,2026-07-02 09:26:51.551,adaptive_hash_searches_btree,546351439,546351439,274809.901198,enabled
1782984411.549,2026-07-02 09:26:51.551,buffer_data_reads,954564954624,954564954624,480137736.780388,enabled
1782984411.549,2026-07-02 09:26:51.551,buffer_data_written,484248528384,484248528384,243572730.321043,enabled
1782984411.549,2026-07-02 09:26:51.551,buffer_pages0_read,7,7,0.003521,enabled
1782984411.549,2026-07-02 09:26:51.551,buffer_pages_created,1802459,1802459,906.620958,enabled
1782984411.549,2026-07-02 09:26:51.551,buffer_pages_read,58426189,58426189,29387.856830,enabled
1782984411.549,2026-07-02 09:26:51.551,buffer_pages_written,20535478,20535478,10329.164032,enabled
1782984411.549,2026-07-02 09:26:51.551,buffer_pool_bytes_data,12852248576,12852248576,0.000000,enabled
1782984411.549,2026-07-02 09:26:51.551,buffer_pool_bytes_dirty,4610588672,4610588672,0.000000,enabled
1782984411.549,2026-07-02 09:26:51.551,buffer_pool_pages_data,784439,784439,0.000000,enabled
1782984411.549,2026-07-02 09:26:51.551,buffer_pool_pages_dirty,281408,281408,0.000000,enabled
1782984411.549,2026-07-02 09:26:51.551,buffer_pool_pages_flushed,20478408,20478408,0.000000,enabled
1782984411.549,2026-07-02 09:26:51.551,buffer_pool_pages_free,1897,1897,0.000000,enabled
1782984411.549,2026-07-02 09:26:51.551,buffer_pool_pages_lru_flushed,0,0,0.000000,enabled
1782984411.549,2026-07-02 09:26:51.551,buffer_pool_pages_misc,96,96,0.000000,enabled
1782984411.549,2026-07-02 09:26:51.551,buffer_pool_pages_total,786432,786432,0.000000,enabled
1782984411.549,2026-07-02 09:26:51.551,buffer_pool_reads,57546591,57546591,28945.427998,enabled
1782984411.549,2026-07-02 09:26:51.551,buffer_pool_read_ahead,803715,803715,404.261555,enabled
1782984411.549,2026-07-02 09:26:51.551,buffer_pool_read_ahead_evicted,25,25,0.012575,enabled
1782984411.549,2026-07-02 09:26:51.551,buffer_pool_read_requests,2624314889,2624314889,1320007.246888,enabled
1782984411.549,2026-07-02 09:26:51.551,buffer_pool_size,12884901888,12884901888,0.000000,enabled
1782984411.549,2026-07-02 09:26:51.551,buffer_pool_wait_free,18945,18945,9.529168,enabled
1782984411.549,2026-07-02 09:26:51.551,buffer_pool_write_requests,570495897,570495897,286954.405045,enabled
1782984411.549,2026-07-02 09:26:51.551,dml_deletes,11651578,11651578,5860.639627,enabled
1782984411.549,2026-07-02 09:26:51.551,dml_inserts,111536976,111536976,56102.102394,enabled
1782984411.549,2026-07-02 09:26:51.551,dml_system_deletes,468,468,0.235400,enabled
1782984411.549,2026-07-02 09:26:51.551,dml_system_inserts,1202,1202,0.604595,enabled
1782984411.549,2026-07-02 09:26:51.551,dml_system_reads,7661,7661,3.853415,enabled
1782984411.549,2026-07-02 09:26:51.551,dml_system_updates,620,620,0.311854,enabled
1782984411.549,2026-07-02 09:26:51.551,dml_updates,23303270,23303270,11721.336579,enabled
1782984411.549,2026-07-02 09:26:51.551,file_num_open_files,35,35,0.000000,enabled
1782984411.549,2026-07-02 09:26:51.551,ibuf_merges,0,0,0.000000,enabled
1782984411.549,2026-07-02 09:26:51.551,ibuf_merges_delete,0,0,0.000000,enabled
1782984411.549,2026-07-02 09:26:51.551,ibuf_merges_delete_mark,0,0,0.000000,enabled
1782984411.549,2026-07-02 09:26:51.551,ibuf_merges_discard_delete,0,0,0.000000,enabled
1782984411.549,2026-07-02 09:26:51.551,ibuf_merges_discard_delete_mark,0,0,0.000000,enabled
1782984411.549,2026-07-02 09:26:51.551,ibuf_merges_discard_insert,0,0,0.000000,enabled
1782984411.549,2026-07-02 09:26:51.551,ibuf_merges_insert,0,0,0.000000,enabled
1782984411.549,2026-07-02 09:26:51.551,ibuf_size,1,1,0.000503,enabled
1782984411.549,2026-07-02 09:26:51.551,innodb_activity_count,16295101,16295101,8196.290356,enabled
1782984411.549,2026-07-02 09:26:51.551,innodb_dblwr_pages_written,20476648,20476648,10299.571096,enabled
1782984411.549,2026-07-02 09:26:51.551,innodb_dblwr_writes,410888,410888,206.672995,enabled
1782984411.549,2026-07-02 09:26:51.551,innodb_page_size,16384,16384,0.000000,enabled
1782984411.549,2026-07-02 09:26:51.551,innodb_rwlock_sx_os_waits,0,0,0.000000,enabled
1782984411.549,2026-07-02 09:26:51.551,innodb_rwlock_sx_spin_rounds,0,0,0.000000,enabled
1782984411.549,2026-07-02 09:26:51.551,innodb_rwlock_sx_spin_waits,0,0,0.000000,enabled
1782984411.549,2026-07-02 09:26:51.551,innodb_rwlock_s_os_waits,0,0,0.000000,enabled
1782984411.549,2026-07-02 09:26:51.551,innodb_rwlock_s_spin_rounds,0,0,0.000000,enabled
1782984411.549,2026-07-02 09:26:51.551,innodb_rwlock_s_spin_waits,0,0,0.000000,enabled
1782984411.549,2026-07-02 09:26:51.551,innodb_rwlock_x_os_waits,0,0,0.000000,enabled
1782984411.549,2026-07-02 09:26:51.551,innodb_rwlock_x_spin_rounds,0,0,0.000000,enabled
1782984411.549,2026-07-02 09:26:51.551,innodb_rwlock_x_spin_waits,0,0,0.000000,enabled
1782984411.549,2026-07-02 09:26:51.551,lock_deadlocks,0,0,0.000000,enabled
1782984411.549,2026-07-02 09:26:51.551,lock_deadlock_false_positives,0,0,0.000000,enabled
1782984411.549,2026-07-02 09:26:51.551,lock_deadlock_rounds,2225,2225,1.119155,enabled
1782984411.549,2026-07-02 09:26:51.551,lock_rec_grant_attempts,425,425,0.213771,enabled
1782984411.549,2026-07-02 09:26:51.551,lock_rec_release_attempts,35413084,35413084,17812.469339,enabled
1782984411.549,2026-07-02 09:26:51.551,lock_row_lock_current_waits,0,0,0.000000,enabled
1782984411.549,2026-07-02 09:26:51.551,lock_row_lock_time,323,323,0.162466,enabled
1782984411.549,2026-07-02 09:26:51.551,lock_row_lock_time_avg,0,0,0.000000,enabled
1782984411.549,2026-07-02 09:26:51.551,lock_row_lock_time_max,29,29,0.000000,enabled
1782984411.549,2026-07-02 09:26:51.551,lock_row_lock_waits,425,425,0.213771,enabled
1782984411.549,2026-07-02 09:26:51.551,lock_schedule_refreshes,2225,2225,1.119155,enabled
1782984411.549,2026-07-02 09:26:51.551,lock_threads_waiting,0,0,0.000000,enabled
1782984411.549,2026-07-02 09:26:51.551,lock_timeouts,0,0,0.000000,enabled
1782984411.549,2026-07-02 09:26:51.551,log_waits,0,0,0.000000,enabled
1782984411.549,2026-07-02 09:26:51.551,log_writes,175303397,175303397,88176.048756,enabled
1782984411.549,2026-07-02 09:26:51.551,log_write_requests,382773218,382773218,192531.522732,enabled
1782984411.549,2026-07-02 09:26:51.551,os_data_fsyncs,44858106,44858106,22563.229129,enabled
1782984411.549,2026-07-02 09:26:51.551,os_data_reads,58562818,58562818,29456.577672,enabled
1782984411.549,2026-07-02 09:26:51.551,os_data_writes,196543596,196543596,98859.684249,enabled
1782984411.549,2026-07-02 09:26:51.551,os_log_bytes_written,114070751744,114070751744,57376575.421405,enabled
1782984411.549,2026-07-02 09:26:51.551,os_log_fsyncs,39461167,39461167,19848.616647,enabled
1782984411.549,2026-07-02 09:26:51.551,os_log_pending_fsyncs,1,1,0.000503,enabled
1782984411.549,2026-07-02 09:26:51.551,os_log_pending_writes,1,1,0.000503,enabled
1782984411.549,2026-07-02 09:26:51.551,trx_rseg_history_len,750,750,0.000000,enabled
1782984412.619,2026-07-02 09:26:52.620,adaptive_hash_searches,0,0,0.000000,enabled
1782984412.619,2026-07-02 09:26:52.620,adaptive_hash_searches_btree,546522165,546522165,274747.795022,enabled
1782984412.619,2026-07-02 09:26:52.620,buffer_data_reads,955510950400,955510950400,480354837.146371,enabled
1782984412.619,2026-07-02 09:26:52.620,buffer_data_written,484562628096,484562628096,243599512.898514,enabled
1782984412.619,2026-07-02 09:26:52.620,buffer_pages0_read,7,7,0.003519,enabled
1782984412.619,2026-07-02 09:26:52.620,buffer_pages_created,1802497,1802497,906.152004,enabled
1782984412.619,2026-07-02 09:26:52.620,buffer_pages_read,58484091,58484091,29401.145074,enabled
1782984412.619,2026-07-02 09:26:52.620,buffer_pages_written,20551714,20551714,10331.765737,enabled
1782984412.619,2026-07-02 09:26:52.620,buffer_pool_bytes_data,12855738368,12855738368,0.000000,enabled
1782984412.619,2026-07-02 09:26:52.620,buffer_pool_bytes_dirty,4618190848,4618190848,0.000000,enabled
1782984412.619,2026-07-02 09:26:52.620,buffer_pool_pages_data,784652,784652,0.000000,enabled
1782984412.619,2026-07-02 09:26:52.620,buffer_pool_pages_dirty,281872,281872,0.000000,enabled
1782984412.619,2026-07-02 09:26:52.620,buffer_pool_pages_flushed,20494644,20494644,0.000000,enabled
1782984412.619,2026-07-02 09:26:52.620,buffer_pool_pages_free,1684,1684,0.000000,enabled
1782984412.619,2026-07-02 09:26:52.620,buffer_pool_pages_lru_flushed,0,0,0.000000,enabled
1782984412.619,2026-07-02 09:26:52.620,buffer_pool_pages_misc,96,96,0.000000,enabled
1782984412.619,2026-07-02 09:26:52.620,buffer_pool_pages_total,786432,786432,0.000000,enabled
1782984412.619,2026-07-02 09:26:52.620,buffer_pool_reads,57604426,57604426,28958.920827,enabled
1782984412.619,2026-07-02 09:26:52.620,buffer_pool_read_ahead,803715,803715,404.043931,enabled
1782984412.619,2026-07-02 09:26:52.620,buffer_pool_read_ahead_evicted,25,25,0.012568,enabled
1782984412.619,2026-07-02 09:26:52.620,buffer_pool_read_requests,2625160892,2625160892,1319721.957517,enabled
1782984412.619,2026-07-02 09:26:52.620,buffer_pool_size,12884901888,12884901888,0.000000,enabled
1782984412.619,2026-07-02 09:26:52.620,buffer_pool_wait_free,18945,18945,9.524038,enabled
1782984412.619,2026-07-02 09:26:52.620,buffer_pool_write_requests,570611512,570611512,286858.052478,enabled
1782984412.619,2026-07-02 09:26:52.620,dml_deletes,11656511,11656511,5859.964690,enabled
1782984412.619,2026-07-02 09:26:52.620,dml_inserts,111541910,111541910,56074.382360,enabled
1782984412.619,2026-07-02 09:26:52.620,dml_system_deletes,468,468,0.235273,enabled
1782984412.619,2026-07-02 09:26:52.620,dml_system_inserts,1202,1202,0.604270,enabled
1782984412.619,2026-07-02 09:26:52.620,dml_system_reads,7661,7661,3.851340,enabled
1782984412.619,2026-07-02 09:26:52.620,dml_system_updates,620,620,0.311687,enabled
1782984412.619,2026-07-02 09:26:52.620,dml_updates,23313136,23313136,11719.986678,enabled
1782984412.619,2026-07-02 09:26:52.620,file_num_open_files,35,35,0.000000,enabled
1782984412.619,2026-07-02 09:26:52.620,ibuf_merges,0,0,0.000000,enabled
1782984412.619,2026-07-02 09:26:52.620,ibuf_merges_delete,0,0,0.000000,enabled
1782984412.619,2026-07-02 09:26:52.620,ibuf_merges_delete_mark,0,0,0.000000,enabled
1782984412.619,2026-07-02 09:26:52.620,ibuf_merges_discard_delete,0,0,0.000000,enabled
1782984412.619,2026-07-02 09:26:52.620,ibuf_merges_discard_delete_mark,0,0,0.000000,enabled
1782984412.619,2026-07-02 09:26:52.620,ibuf_merges_discard_insert,0,0,0.000000,enabled
1782984412.619,2026-07-02 09:26:52.620,ibuf_merges_insert,0,0,0.000000,enabled
1782984412.619,2026-07-02 09:26:52.620,ibuf_size,1,1,0.000503,enabled
1782984412.619,2026-07-02 09:26:52.620,innodb_activity_count,16300768,16300768,8194.727107,enabled
1782984412.619,2026-07-02 09:26:52.620,innodb_dblwr_pages_written,20492756,20492756,10302.124524,enabled
1782984412.619,2026-07-02 09:26:52.620,innodb_dblwr_writes,411265,411265,206.751266,enabled
1782984412.619,2026-07-02 09:26:52.620,innodb_page_size,16384,16384,0.000000,enabled
1782984412.619,2026-07-02 09:26:52.620,innodb_rwlock_sx_os_waits,0,0,0.000000,enabled
1782984412.619,2026-07-02 09:26:52.620,innodb_rwlock_sx_spin_rounds,0,0,0.000000,enabled
1782984412.619,2026-07-02 09:26:52.620,innodb_rwlock_sx_spin_waits,0,0,0.000000,enabled
1782984412.619,2026-07-02 09:26:52.620,innodb_rwlock_s_os_waits,0,0,0.000000,enabled
1782984412.619,2026-07-02 09:26:52.620,innodb_rwlock_s_spin_rounds,0,0,0.000000,enabled
1782984412.619,2026-07-02 09:26:52.620,innodb_rwlock_s_spin_waits,0,0,0.000000,enabled
1782984412.619,2026-07-02 09:26:52.620,innodb_rwlock_x_os_waits,0,0,0.000000,enabled
1782984412.619,2026-07-02 09:26:52.620,innodb_rwlock_x_spin_rounds,0,0,0.000000,enabled
1782984412.619,2026-07-02 09:26:52.620,innodb_rwlock_x_spin_waits,0,0,0.000000,enabled
1782984412.619,2026-07-02 09:26:52.620,lock_deadlocks,0,0,0.000000,enabled
1782984412.619,2026-07-02 09:26:52.620,lock_deadlock_false_positives,0,0,0.000000,enabled
1782984412.619,2026-07-02 09:26:52.620,lock_deadlock_rounds,2226,2226,1.119056,enabled
1782984412.619,2026-07-02 09:26:52.620,lock_rec_grant_attempts,425,425,0.213656,enabled
1782984412.619,2026-07-02 09:26:52.620,lock_rec_release_attempts,35428094,35428094,17810.426321,enabled
1782984412.619,2026-07-02 09:26:52.620,lock_row_lock_current_waits,0,0,0.000000,enabled
1782984412.619,2026-07-02 09:26:52.620,lock_row_lock_time,323,323,0.162379,enabled
1782984412.619,2026-07-02 09:26:52.620,lock_row_lock_time_avg,0,0,0.000000,enabled
1782984412.619,2026-07-02 09:26:52.620,lock_row_lock_time_max,29,29,0.000000,enabled
1782984412.619,2026-07-02 09:26:52.620,lock_row_lock_waits,425,425,0.213656,enabled
1782984412.619,2026-07-02 09:26:52.620,lock_schedule_refreshes,2226,2226,1.119056,enabled
1782984412.619,2026-07-02 09:26:52.620,lock_threads_waiting,0,0,0.000000,enabled
1782984412.619,2026-07-02 09:26:52.620,lock_timeouts,0,0,0.000000,enabled
1782984412.619,2026-07-02 09:26:52.620,log_waits,0,0,0.000000,enabled
1782984412.619,2026-07-02 09:26:52.620,log_writes,175383474,175383474,88168.838658,enabled
1782984412.619,2026-07-02 09:26:52.620,log_write_requests,382856918,382856918,192469.957915,enabled
1782984412.619,2026-07-02 09:26:52.620,os_data_fsyncs,44893363,44893363,22568.807247,enabled
1782984412.619,2026-07-02 09:26:52.620,os_data_reads,58620531,58620531,29469.734020,enabled
1782984412.619,2026-07-02 09:26:52.620,os_data_writes,196640195,196640195,98855.028111,enabled
1782984412.619,2026-07-02 09:26:52.620,os_log_bytes_written,114112641536,114112641536,57366747.189686,enabled
1782984412.619,2026-07-02 09:26:52.620,os_log_fsyncs,39491161,39491161,19853.010296,enabled
1782984412.619,2026-07-02 09:26:52.620,os_log_pending_fsyncs,0,0,0.000000,enabled
1782984412.619,2026-07-02 09:26:52.620,os_log_pending_writes,1,1,0.000503,enabled
1782984412.619,2026-07-02 09:26:52.620,trx_rseg_history_len,822,822,0.000000,enabled
1782984413.689,2026-07-02 09:26:53.691,adaptive_hash_searches,0,0,0.000000,enabled
1782984413.689,2026-07-02 09:26:53.691,adaptive_hash_searches_btree,546693756,546693756,274686.030608,enabled
1782984413.689,2026-07-02 09:26:53.691,buffer_data_reads,956455143936,956455143936,480570531.787874,enabled
1782984413.689,2026-07-02 09:26:53.691,buffer_data_written,484877998080,484877998080,243626769.824764,enabled
1782984413.689,2026-07-02 09:26:53.691,buffer_pages0_read,7,7,0.003517,enabled
1782984413.689,2026-07-02 09:26:53.691,buffer_pages_created,1802530,1802530,905.680538,enabled
1782984413.689,2026-07-02 09:26:53.691,buffer_pages_read,58541875,58541875,29414.343417,enabled
1782984413.689,2026-07-02 09:26:53.691,buffer_pages_written,20568005,20568005,10334.386537,enabled
1782984413.689,2026-07-02 09:26:53.691,buffer_pool_bytes_data,12853198848,12853198848,0.000000,enabled
1782984413.689,2026-07-02 09:26:53.691,buffer_pool_bytes_dirty,4622139392,4622139392,0.000000,enabled
1782984413.689,2026-07-02 09:26:53.691,buffer_pool_pages_data,784496,784496,0.000000,enabled
1782984413.689,2026-07-02 09:26:53.691,buffer_pool_pages_dirty,282113,282113,0.000000,enabled
1782984413.689,2026-07-02 09:26:53.691,buffer_pool_pages_flushed,20510935,20510935,0.000000,enabled
1782984413.689,2026-07-02 09:26:53.691,buffer_pool_pages_free,1839,1839,0.000000,enabled
1782984413.689,2026-07-02 09:26:53.691,buffer_pool_pages_lru_flushed,0,0,0.000000,enabled
1782984413.689,2026-07-02 09:26:53.691,buffer_pool_pages_misc,98,98,0.000000,enabled
1782984413.689,2026-07-02 09:26:53.691,buffer_pool_pages_total,786432,786432,0.000000,enabled
1782984413.689,2026-07-02 09:26:53.691,buffer_pool_reads,57662153,57662153,28972.328634,enabled
1782984413.689,2026-07-02 09:26:53.691,buffer_pool_read_ahead,803715,803715,403.826316,enabled
1782984413.689,2026-07-02 09:26:53.691,buffer_pool_read_ahead_evicted,25,25,0.012561,enabled
1782984413.689,2026-07-02 09:26:53.691,buffer_pool_read_requests,2626010673,2626010673,1319438.135937,enabled
1782984413.689,2026-07-02 09:26:53.691,buffer_pool_size,12884901888,12884901888,0.000000,enabled
1782984413.689,2026-07-02 09:26:53.691,buffer_pool_wait_free,18945,18945,9.518909,enabled
1782984413.689,2026-07-02 09:26:53.691,buffer_pool_write_requests,570727892,570727892,286762.027652,enabled
1782984413.689,2026-07-02 09:26:53.691,dml_deletes,11661458,11661458,5859.294082,enabled
1782984413.689,2026-07-02 09:26:53.691,dml_inserts,111546858,111546858,56046.666337,enabled
1782984413.689,2026-07-02 09:26:53.691,dml_system_deletes,468,468,0.235146,enabled
1782984413.689,2026-07-02 09:26:53.691,dml_system_inserts,1202,1202,0.603944,enabled
1782984413.689,2026-07-02 09:26:53.691,dml_system_reads,7661,7661,3.849266,enabled
1782984413.689,2026-07-02 09:26:53.691,dml_system_updates,620,620,0.311519,enabled
1782984413.689,2026-07-02 09:26:53.691,dml_updates,23323029,23323029,11718.644927,enabled
1782984413.689,2026-07-02 09:26:53.691,file_num_open_files,35,35,0.000000,enabled
1782984413.689,2026-07-02 09:26:53.691,ibuf_merges,0,0,0.000000,enabled
1782984413.689,2026-07-02 09:26:53.691,ibuf_merges_delete,0,0,0.000000,enabled
1782984413.689,2026-07-02 09:26:53.691,ibuf_merges_delete_mark,0,0,0.000000,enabled
1782984413.689,2026-07-02 09:26:53.691,ibuf_merges_discard_delete,0,0,0.000000,enabled
1782984413.689,2026-07-02 09:26:53.691,ibuf_merges_discard_delete_mark,0,0,0.000000,enabled
1782984413.689,2026-07-02 09:26:53.691,ibuf_merges_discard_insert,0,0,0.000000,enabled
1782984413.689,2026-07-02 09:26:53.691,ibuf_merges_insert,0,0,0.000000,enabled
1782984413.689,2026-07-02 09:26:53.691,ibuf_size,1,1,0.000502,enabled
1782984413.689,2026-07-02 09:26:53.691,innodb_activity_count,16306448,16306448,8193.167303,enabled
1782984413.689,2026-07-02 09:26:53.691,innodb_dblwr_pages_written,20509047,20509047,10304.761118,enabled
1782984413.689,2026-07-02 09:26:53.691,innodb_dblwr_writes,411646,411646,206.831341,enabled
1782984413.689,2026-07-02 09:26:53.691,innodb_page_size,16384,16384,0.000000,enabled
1782984413.689,2026-07-02 09:26:53.691,innodb_rwlock_sx_os_waits,0,0,0.000000,enabled
1782984413.689,2026-07-02 09:26:53.691,innodb_rwlock_sx_spin_rounds,0,0,0.000000,enabled
1782984413.689,2026-07-02 09:26:53.691,innodb_rwlock_sx_spin_waits,0,0,0.000000,enabled
1782984413.689,2026-07-02 09:26:53.691,innodb_rwlock_s_os_waits,0,0,0.000000,enabled
1782984413.689,2026-07-02 09:26:53.691,innodb_rwlock_s_spin_rounds,0,0,0.000000,enabled
1782984413.689,2026-07-02 09:26:53.691,innodb_rwlock_s_spin_waits,0,0,0.000000,enabled
1782984413.689,2026-07-02 09:26:53.691,innodb_rwlock_x_os_waits,0,0,0.000000,enabled
1782984413.689,2026-07-02 09:26:53.691,innodb_rwlock_x_spin_rounds,0,0,0.000000,enabled
1782984413.689,2026-07-02 09:26:53.691,innodb_rwlock_x_spin_waits,0,0,0.000000,enabled
1782984413.689,2026-07-02 09:26:53.691,lock_deadlocks,0,0,0.000000,enabled
1782984413.689,2026-07-02 09:26:53.691,lock_deadlock_false_positives,0,0,0.000000,enabled
1782984413.689,2026-07-02 09:26:53.691,lock_deadlock_rounds,2227,2227,1.118955,enabled
1782984413.689,2026-07-02 09:26:53.691,lock_rec_grant_attempts,425,425,0.213541,enabled
1782984413.689,2026-07-02 09:26:53.691,lock_rec_release_attempts,35443126,35443126,17808.386588,enabled
1782984413.689,2026-07-02 09:26:53.691,lock_row_lock_current_waits,0,0,0.000000,enabled
1782984413.689,2026-07-02 09:26:53.691,lock_row_lock_time,323,323,0.162291,enabled
1782984413.689,2026-07-02 09:26:53.691,lock_row_lock_time_avg,0,0,0.000000,enabled
1782984413.689,2026-07-02 09:26:53.691,lock_row_lock_time_max,29,29,0.000000,enabled
1782984413.689,2026-07-02 09:26:53.691,lock_row_lock_waits,425,425,0.213541,enabled
1782984413.689,2026-07-02 09:26:53.691,lock_schedule_refreshes,2227,2227,1.118955,enabled
1782984413.689,2026-07-02 09:26:53.691,lock_threads_waiting,0,0,0.000000,enabled
1782984413.689,2026-07-02 09:26:53.691,lock_timeouts,0,0,0.000000,enabled
1782984413.689,2026-07-02 09:26:53.691,log_waits,0,0,0.000000,enabled
1782984413.689,2026-07-02 09:26:53.691,log_writes,175463925,175463925,88161.773553,enabled
1782984413.689,2026-07-02 09:26:53.691,log_write_requests,382940978,382940978,192408.529669,enabled
1782984413.689,2026-07-02 09:26:53.691,os_data_fsyncs,44928780,44928780,22574.447122,enabled
1782984413.689,2026-07-02 09:26:53.691,os_data_reads,58678156,58678156,29482.815527,enabled
1782984413.689,2026-07-02 09:26:53.691,os_data_writes,196737227,196737227,98850.539301,enabled
1782984413.689,2026-07-02 09:26:53.691,os_log_bytes_written,114154984448,114154984448,57357125.075408,enabled
1782984413.689,2026-07-02 09:26:53.691,os_log_fsyncs,39521433,39521433,19857.527769,enabled
1782984413.689,2026-07-02 09:26:53.691,os_log_pending_fsyncs,0,0,0.000000,enabled
1782984413.689,2026-07-02 09:26:53.691,os_log_pending_writes,0,0,0.000000,enabled
1782984413.689,2026-07-02 09:26:53.691,trx_rseg_history_len,925,925,0.000000,enabled
1782984414.761,2026-07-02 09:26:54.762,adaptive_hash_searches,0,0,0.000000,enabled
1782984414.761,2026-07-02 09:26:54.762,adaptive_hash_searches_btree,546865946,546865946,274624.726978,enabled
1782984414.761,2026-07-02 09:26:54.762,buffer_data_reads,957404383744,957404383744,480788672.981045,enabled
1782984414.761,2026-07-02 09:26:54.762,buffer_data_written,485192566784,485192566784,243653668.307435,enabled
1782984414.761,2026-07-02 09:26:54.762,buffer_pages0_read,7,7,0.003515,enabled
1782984414.761,2026-07-02 09:26:54.762,buffer_pages_created,1802579,1802579,905.217888,enabled
1782984414.761,2026-07-02 09:26:54.762,buffer_pages_read,58599958,58599958,29427.686548,enabled
1782984414.761,2026-07-02 09:26:54.762,buffer_pages_written,20584234,20584234,10336.976496,enabled
1782984414.761,2026-07-02 09:26:54.762,buffer_pool_bytes_data,12852166656,12852166656,0.000000,enabled
1782984414.761,2026-07-02 09:26:54.762,buffer_pool_bytes_dirty,4627972096,4627972096,0.000000,enabled
1782984414.761,2026-07-02 09:26:54.762,buffer_pool_pages_data,784434,784434,0.000000,enabled
1782984414.761,2026-07-02 09:26:54.762,buffer_pool_pages_dirty,282469,282469,0.000000,enabled
1782984414.761,2026-07-02 09:26:54.762,buffer_pool_pages_flushed,20527164,20527164,0.000000,enabled
1782984414.761,2026-07-02 09:26:54.762,buffer_pool_pages_free,1902,1902,0.000000,enabled
1782984414.761,2026-07-02 09:26:54.762,buffer_pool_pages_lru_flushed,0,0,0.000000,enabled
1782984414.761,2026-07-02 09:26:54.762,buffer_pool_pages_misc,96,96,0.000000,enabled
1782984414.761,2026-07-02 09:26:54.762,buffer_pool_pages_total,786432,786432,0.000000,enabled
1782984414.761,2026-07-02 09:26:54.762,buffer_pool_reads,57720175,57720175,28985.878873,enabled
1782984414.761,2026-07-02 09:26:54.762,buffer_pool_read_ahead,803715,803715,403.609056,enabled
1782984414.761,2026-07-02 09:26:54.762,buffer_pool_read_ahead_evicted,25,25,0.012554,enabled
1782984414.761,2026-07-02 09:26:54.762,buffer_pool_read_requests,2626863874,2626863874,1319156.735592,enabled
1782984414.761,2026-07-02 09:26:54.762,buffer_pool_size,12884901888,12884901888,0.000000,enabled
1782984414.761,2026-07-02 09:26:54.762,buffer_pool_wait_free,18945,18945,9.513787,enabled
1782984414.761,2026-07-02 09:26:54.762,buffer_pool_write_requests,570844415,570844415,286666.264607,enabled
1782984414.761,2026-07-02 09:26:54.762,dml_deletes,11666423,11666423,5858.635303,enabled
1782984414.761,2026-07-02 09:26:54.762,dml_inserts,111551822,111551822,56019.007973,enabled
1782984414.761,2026-07-02 09:26:54.762,dml_system_deletes,468,468,0.235020,enabled
1782984414.761,2026-07-02 09:26:54.762,dml_system_inserts,1202,1202,0.603619,enabled
1782984414.761,2026-07-02 09:26:54.762,dml_system_reads,7661,7661,3.847195,enabled
1782984414.761,2026-07-02 09:26:54.762,dml_system_updates,620,620,0.311351,enabled
1782984414.761,2026-07-02 09:26:54.762,dml_updates,23332971,23332971,11717.333365,enabled
1782984414.761,2026-07-02 09:26:54.762,file_num_open_files,35,35,0.000000,enabled
1782984414.761,2026-07-02 09:26:54.762,ibuf_merges,0,0,0.000000,enabled
1782984414.761,2026-07-02 09:26:54.762,ibuf_merges_delete,0,0,0.000000,enabled
1782984414.761,2026-07-02 09:26:54.762,ibuf_merges_delete_mark,0,0,0.000000,enabled
1782984414.761,2026-07-02 09:26:54.762,ibuf_merges_discard_delete,0,0,0.000000,enabled
1782984414.761,2026-07-02 09:26:54.762,ibuf_merges_discard_delete_mark,0,0,0.000000,enabled
1782984414.761,2026-07-02 09:26:54.762,ibuf_merges_discard_insert,0,0,0.000000,enabled
1782984414.761,2026-07-02 09:26:54.762,ibuf_merges_insert,0,0,0.000000,enabled
1782984414.761,2026-07-02 09:26:54.762,ibuf_size,1,1,0.000502,enabled
1782984414.761,2026-07-02 09:26:54.762,innodb_activity_count,16312152,16312152,8191.624046,enabled
1782984414.761,2026-07-02 09:26:54.762,innodb_dblwr_pages_written,20525276,20525276,10307.367369,enabled
1782984414.761,2026-07-02 09:26:54.762,innodb_dblwr_writes,412012,412012,206.903871,enabled
1782984414.761,2026-07-02 09:26:54.762,innodb_page_size,16384,16384,0.000000,enabled
1782984414.761,2026-07-02 09:26:54.762,innodb_rwlock_sx_os_waits,0,0,0.000000,enabled
1782984414.761,2026-07-02 09:26:54.762,innodb_rwlock_sx_spin_rounds,0,0,0.000000,enabled
1782984414.761,2026-07-02 09:26:54.762,innodb_rwlock_sx_spin_waits,0,0,0.000000,enabled
1782984414.761,2026-07-02 09:26:54.762,innodb_rwlock_s_os_waits,0,0,0.000000,enabled
1782984414.761,2026-07-02 09:26:54.762,innodb_rwlock_s_spin_rounds,0,0,0.000000,enabled
1782984414.761,2026-07-02 09:26:54.762,innodb_rwlock_s_spin_waits,0,0,0.000000,enabled
1782984414.761,2026-07-02 09:26:54.762,innodb_rwlock_x_os_waits,0,0,0.000000,enabled
1782984414.761,2026-07-02 09:26:54.762,innodb_rwlock_x_spin_rounds,0,0,0.000000,enabled
1782984414.761,2026-07-02 09:26:54.762,innodb_rwlock_x_spin_waits,0,0,0.000000,enabled
1782984414.761,2026-07-02 09:26:54.762,lock_deadlocks,0,0,0.000000,enabled
1782984414.761,2026-07-02 09:26:54.762,lock_deadlock_false_positives,0,0,0.000000,enabled
1782984414.761,2026-07-02 09:26:54.762,lock_deadlock_rounds,2228,2228,1.118856,enabled
1782984414.761,2026-07-02 09:26:54.762,lock_rec_grant_attempts,425,425,0.213426,enabled
1782984414.761,2026-07-02 09:26:54.762,lock_rec_release_attempts,35458231,35458231,17806.390970,enabled
1782984414.761,2026-07-02 09:26:54.762,lock_row_lock_current_waits,0,0,0.000000,enabled
1782984414.761,2026-07-02 09:26:54.762,lock_row_lock_time,323,323,0.162204,enabled
1782984414.761,2026-07-02 09:26:54.762,lock_row_lock_time_avg,0,0,0.000000,enabled
1782984414.761,2026-07-02 09:26:54.762,lock_row_lock_time_max,29,29,0.000000,enabled
1782984414.761,2026-07-02 09:26:54.762,lock_row_lock_waits,425,425,0.213426,enabled
1782984414.761,2026-07-02 09:26:54.762,lock_schedule_refreshes,2228,2228,1.118856,enabled
1782984414.761,2026-07-02 09:26:54.762,lock_threads_waiting,0,0,0.000000,enabled
1782984414.761,2026-07-02 09:26:54.762,lock_timeouts,0,0,0.000000,enabled
1782984414.761,2026-07-02 09:26:54.762,log_waits,0,0,0.000000,enabled
1782984414.761,2026-07-02 09:26:54.762,log_writes,175544427,175544427,88154.770369,enabled
1782984414.761,2026-07-02 09:26:54.762,log_write_requests,383025296,383025296,192347.359682,enabled
1782984414.761,2026-07-02 09:26:54.762,os_data_fsyncs,44964243,44964243,22580.111068,enabled
1782984414.761,2026-07-02 09:26:54.762,os_data_reads,58736078,58736078,29496.041266,enabled
1782984414.761,2026-07-02 09:26:54.762,os_data_writes,196834230,196834230,98846.071518,enabled
1782984414.761,2026-07-02 09:26:54.762,os_log_bytes_written,114197252608,114197252608,57347493.725902,enabled
1782984414.761,2026-07-02 09:26:54.762,os_log_fsyncs,39551861,39551861,19862.124847,enabled
1782984414.761,2026-07-02 09:26:54.762,os_log_pending_fsyncs,0,0,0.000000,enabled
1782984414.761,2026-07-02 09:26:54.762,os_log_pending_writes,1,1,0.000502,enabled
1782984414.761,2026-07-02 09:26:54.762,trx_rseg_history_len,1057,1057,0.000000,enabled
1782984415.832,2026-07-02 09:26:55.834,adaptive_hash_searches,0,0,0.000000,enabled
1782984415.832,2026-07-02 09:26:55.834,adaptive_hash_searches_btree,547038135,547038135,274563.372360,enabled
1782984415.832,2026-07-02 09:26:55.834,buffer_data_reads,958354393600,958354393600,481006786.336789,enabled
1782984415.832,2026-07-02 09:26:55.834,buffer_data_written,485506107904,485506107904,243679931.018181,enabled
1782984415.832,2026-07-02 09:26:55.834,buffer_pages0_read,7,7,0.003513,enabled
1782984415.832,2026-07-02 09:26:55.834,buffer_pages_created,1802627,1802627,904.754896,enabled
1782984415.832,2026-07-02 09:26:55.834,buffer_pages_read,58658099,58658099,29441.033445,enabled
1782984415.832,2026-07-02 09:26:55.834,buffer_pages_written,20600369,20600369,10339.512629,enabled
1782984415.832,2026-07-02 09:26:55.834,buffer_pool_bytes_data,12855967744,12855967744,0.000000,enabled
1782984415.832,2026-07-02 09:26:55.834,buffer_pool_bytes_dirty,4636475392,4636475392,0.000000,enabled
1782984415.832,2026-07-02 09:26:55.834,buffer_pool_pages_data,784666,784666,0.000000,enabled
1782984415.832,2026-07-02 09:26:55.834,buffer_pool_pages_dirty,282988,282988,0.000000,enabled
1782984415.832,2026-07-02 09:26:55.834,buffer_pool_pages_flushed,20543299,20543299,0.000000,enabled
1782984415.832,2026-07-02 09:26:55.834,buffer_pool_pages_free,1670,1670,0.000000,enabled
1782984415.832,2026-07-02 09:26:55.834,buffer_pool_pages_lru_flushed,0,0,0.000000,enabled
1782984415.832,2026-07-02 09:26:55.834,buffer_pool_pages_misc,96,96,0.000000,enabled
1782984415.832,2026-07-02 09:26:55.834,buffer_pool_pages_total,786432,786432,0.000000,enabled
1782984415.832,2026-07-02 09:26:55.834,buffer_pool_reads,57778247,57778247,28999.428944,enabled
1782984415.832,2026-07-02 09:26:55.834,buffer_pool_read_ahead,803715,803715,403.391881,enabled
1782984415.832,2026-07-02 09:26:55.834,buffer_pool_read_ahead_evicted,25,25,0.012548,enabled
1782984415.832,2026-07-02 09:26:55.834,buffer_pool_read_requests,2627716983,2627716983,1318875.103787,enabled
1782984415.832,2026-07-02 09:26:55.834,buffer_pool_size,12884901888,12884901888,0.000000,enabled
1782984415.832,2026-07-02 09:26:55.834,buffer_pool_wait_free,18945,18945,9.508668,enabled
1782984415.832,2026-07-02 09:26:55.834,buffer_pool_write_requests,570961478,570961478,286570.769545,enabled
1782984415.832,2026-07-02 09:26:55.834,dml_deletes,11671383,11671383,5857.972188,enabled
1782984415.832,2026-07-02 09:26:55.834,dml_inserts,111556783,111556783,55991.353623,enabled
1782984415.832,2026-07-02 09:26:55.834,dml_system_deletes,468,468,0.234893,enabled
1782984415.832,2026-07-02 09:26:55.834,dml_system_inserts,1202,1202,0.603295,enabled
1782984415.832,2026-07-02 09:26:55.834,dml_system_reads,7661,7661,3.845125,enabled
1782984415.832,2026-07-02 09:26:55.834,dml_system_updates,620,620,0.311184,enabled
1782984415.832,2026-07-02 09:26:55.834,dml_updates,23342888,23342888,11716.005597,enabled
1782984415.832,2026-07-02 09:26:55.834,file_num_open_files,35,35,0.000000,enabled
1782984415.832,2026-07-02 09:26:55.834,ibuf_merges,0,0,0.000000,enabled
1782984415.832,2026-07-02 09:26:55.834,ibuf_merges_delete,0,0,0.000000,enabled
1782984415.832,2026-07-02 09:26:55.834,ibuf_merges_delete_mark,0,0,0.000000,enabled
1782984415.832,2026-07-02 09:26:55.834,ibuf_merges_discard_delete,0,0,0.000000,enabled
1782984415.832,2026-07-02 09:26:55.834,ibuf_merges_discard_delete_mark,0,0,0.000000,enabled
1782984415.832,2026-07-02 09:26:55.834,ibuf_merges_discard_insert,0,0,0.000000,enabled
1782984415.832,2026-07-02 09:26:55.834,ibuf_merges_insert,0,0,0.000000,enabled
1782984415.832,2026-07-02 09:26:55.834,ibuf_size,1,1,0.000502,enabled
1782984415.832,2026-07-02 09:26:55.834,innodb_activity_count,16317850,16317850,8190.075934,enabled
1782984415.832,2026-07-02 09:26:55.834,innodb_dblwr_pages_written,20541411,20541411,10309.919183,enabled
1782984415.832,2026-07-02 09:26:55.834,innodb_dblwr_writes,412332,412332,206.953145,enabled
1782984415.832,2026-07-02 09:26:55.834,innodb_page_size,16384,16384,0.000000,enabled
1782984415.832,2026-07-02 09:26:55.834,innodb_rwlock_sx_os_waits,0,0,0.000000,enabled
1782984415.832,2026-07-02 09:26:55.834,innodb_rwlock_sx_spin_rounds,0,0,0.000000,enabled
1782984415.832,2026-07-02 09:26:55.834,innodb_rwlock_sx_spin_waits,0,0,0.000000,enabled
1782984415.832,2026-07-02 09:26:55.834,innodb_rwlock_s_os_waits,0,0,0.000000,enabled
1782984415.832,2026-07-02 09:26:55.834,innodb_rwlock_s_spin_rounds,0,0,0.000000,enabled
1782984415.832,2026-07-02 09:26:55.834,innodb_rwlock_s_spin_waits,0,0,0.000000,enabled
1782984415.832,2026-07-02 09:26:55.834,innodb_rwlock_x_os_waits,0,0,0.000000,enabled
1782984415.832,2026-07-02 09:26:55.834,innodb_rwlock_x_spin_rounds,0,0,0.000000,enabled
1782984415.832,2026-07-02 09:26:55.834,innodb_rwlock_x_spin_waits,0,0,0.000000,enabled
1782984415.832,2026-07-02 09:26:55.834,lock_deadlocks,0,0,0.000000,enabled
1782984415.832,2026-07-02 09:26:55.834,lock_deadlock_false_positives,0,0,0.000000,enabled
1782984415.832,2026-07-02 09:26:55.834,lock_deadlock_rounds,2229,2229,1.118755,enabled
1782984415.832,2026-07-02 09:26:55.834,lock_rec_grant_attempts,425,425,0.213311,enabled
1782984415.832,2026-07-02 09:26:55.834,lock_rec_release_attempts,35473329,35473329,17804.387463,enabled
1782984415.832,2026-07-02 09:26:55.834,lock_row_lock_current_waits,0,0,0.000000,enabled
1782984415.832,2026-07-02 09:26:55.834,lock_row_lock_time,323,323,0.162117,enabled
1782984415.832,2026-07-02 09:26:55.834,lock_row_lock_time_avg,0,0,0.000000,enabled
1782984415.832,2026-07-02 09:26:55.834,lock_row_lock_time_max,29,29,0.000000,enabled
1782984415.832,2026-07-02 09:26:55.834,lock_row_lock_waits,425,425,0.213311,enabled
1782984415.832,2026-07-02 09:26:55.834,lock_schedule_refreshes,2229,2229,1.118755,enabled
1782984415.832,2026-07-02 09:26:55.834,lock_threads_waiting,0,0,0.000000,enabled
1782984415.832,2026-07-02 09:26:55.834,lock_timeouts,0,0,0.000000,enabled
1782984415.832,2026-07-02 09:26:55.834,log_waits,0,0,0.000000,enabled
1782984415.832,2026-07-02 09:26:55.834,log_writes,175625528,175625528,88148.039133,enabled
1782984415.832,2026-07-02 09:26:55.834,log_write_requests,383109519,383109519,192286.128777,enabled
1782984415.832,2026-07-02 09:26:55.834,os_data_fsyncs,44999155,44999155,22585.483260,enabled
1782984415.832,2026-07-02 09:26:55.834,os_data_reads,58794038,58794038,29509.259978,enabled
1782984415.832,2026-07-02 09:26:55.834,os_data_writes,196931691,196931691,98841.798587,enabled
1782984415.832,2026-07-02 09:26:55.834,os_log_bytes_written,114239873024,114239873024,57338026.316943,enabled
1782984415.832,2026-07-02 09:26:55.834,os_log_fsyncs,39582173,39582173,19866.650891,enabled
1782984415.832,2026-07-02 09:26:55.834,os_log_pending_fsyncs,1,1,0.000502,enabled
1782984415.832,2026-07-02 09:26:55.834,os_log_pending_writes,0,0,0.000000,enabled
1782984415.832,2026-07-02 09:26:55.834,trx_rseg_history_len,1209,1209,0.000000,enabled
1782984416.904,2026-07-02 09:26:56.906,adaptive_hash_searches,0,0,0.000000,enabled
1782984416.904,2026-07-02 09:26:56.906,adaptive_hash_searches_btree,547209185,547209185,274501.911305,enabled
1782984416.904,2026-07-02 09:26:56.906,buffer_data_reads,959301929472,959301929472,481224121.824461,enabled
1782984416.904,2026-07-02 09:26:56.906,buffer_data_written,485820781056,485820781056,243707086.726637,enabled
1782984416.904,2026-07-02 09:26:56.906,buffer_pages0_read,7,7,0.003511,enabled
1782984416.904,2026-07-02 09:26:56.906,buffer_pages_created,1802676,1802676,904.294213,enabled
1782984416.904,2026-07-02 09:26:56.906,buffer_pages_read,58716103,58716103,29454.339975,enabled
1782984416.904,2026-07-02 09:26:56.906,buffer_pages_written,20616553,20616553,10342.085603,enabled
1782984416.904,2026-07-02 09:26:56.906,buffer_pool_bytes_data,12857622528,12857622528,0.000000,enabled
1782984416.904,2026-07-02 09:26:56.906,buffer_pool_bytes_dirty,4643274752,4643274752,0.000000,enabled
1782984416.904,2026-07-02 09:26:56.906,buffer_pool_pages_data,784769,784769,0.000000,enabled
1782984416.904,2026-07-02 09:26:56.906,buffer_pool_pages_dirty,283403,283403,0.000000,enabled
1782984416.904,2026-07-02 09:26:56.906,buffer_pool_pages_flushed,20559483,20559483,0.000000,enabled
1782984416.904,2026-07-02 09:26:56.906,buffer_pool_pages_free,1572,1572,0.000000,enabled
1782984416.904,2026-07-02 09:26:56.906,buffer_pool_pages_lru_flushed,0,0,0.000000,enabled
1782984416.904,2026-07-02 09:26:56.906,buffer_pool_pages_misc,96,96,0.000000,enabled
1782984416.904,2026-07-02 09:26:56.906,buffer_pool_pages_total,786432,786432,0.000000,enabled
1782984416.904,2026-07-02 09:26:56.906,buffer_pool_reads,57836179,57836179,29012.936127,enabled
1782984416.904,2026-07-02 09:26:56.906,buffer_pool_read_ahead,803715,803715,403.175522,enabled
1782984416.904,2026-07-02 09:26:56.906,buffer_pool_read_ahead_evicted,25,25,0.012541,enabled
1782984416.904,2026-07-02 09:26:56.906,buffer_pool_read_requests,2628568499,2628568499,1318594.879922,enabled
1782984416.904,2026-07-02 09:26:56.906,buffer_pool_size,12884901888,12884901888,0.000000,enabled
1782984416.904,2026-07-02 09:26:56.906,buffer_pool_wait_free,18945,18945,9.503568,enabled
1782984416.904,2026-07-02 09:26:56.906,buffer_pool_write_requests,571080635,571080635,286476.841249,enabled
1782984416.904,2026-07-02 09:26:56.906,dml_deletes,11676325,11676325,5857.309083,enabled
1782984416.904,2026-07-02 09:26:56.906,dml_inserts,111561723,111561723,55963.798079,enabled
1782984416.904,2026-07-02 09:26:56.906,dml_system_deletes,468,468,0.234767,enabled
1782984416.904,2026-07-02 09:26:56.906,dml_system_inserts,1202,1202,0.602971,enabled
1782984416.904,2026-07-02 09:26:56.906,dml_system_reads,7661,7661,3.843062,enabled
1782984416.904,2026-07-02 09:26:56.906,dml_system_updates,620,620,0.311017,enabled
1782984416.904,2026-07-02 09:26:56.906,dml_updates,23352767,23352767,11714.676834,enabled
1782984416.904,2026-07-02 09:26:56.906,file_num_open_files,35,35,0.000000,enabled
1782984416.904,2026-07-02 09:26:56.906,ibuf_merges,0,0,0.000000,enabled
1782984416.904,2026-07-02 09:26:56.906,ibuf_merges_delete,0,0,0.000000,enabled
1782984416.904,2026-07-02 09:26:56.906,ibuf_merges_delete_mark,0,0,0.000000,enabled
1782984416.904,2026-07-02 09:26:56.906,ibuf_merges_discard_delete,0,0,0.000000,enabled
1782984416.904,2026-07-02 09:26:56.906,ibuf_merges_discard_delete_mark,0,0,0.000000,enabled
1782984416.904,2026-07-02 09:26:56.906,ibuf_merges_discard_insert,0,0,0.000000,enabled
1782984416.904,2026-07-02 09:26:56.906,ibuf_merges_insert,0,0,0.000000,enabled
1782984416.904,2026-07-02 09:26:56.906,ibuf_size,1,1,0.000502,enabled
1782984416.904,2026-07-02 09:26:56.906,innodb_activity_count,16323525,16323525,8188.529771,enabled
1782984416.904,2026-07-02 09:26:56.906,innodb_dblwr_pages_written,20557595,20557595,10312.507651,enabled
1782984416.904,2026-07-02 09:26:56.906,innodb_dblwr_writes,412698,412698,207.025738,enabled
1782984416.904,2026-07-02 09:26:56.906,innodb_page_size,16384,16384,0.000000,enabled
1782984416.904,2026-07-02 09:26:56.906,innodb_rwlock_sx_os_waits,0,0,0.000000,enabled
1782984416.904,2026-07-02 09:26:56.906,innodb_rwlock_sx_spin_rounds,0,0,0.000000,enabled
1782984416.904,2026-07-02 09:26:56.906,innodb_rwlock_sx_spin_waits,0,0,0.000000,enabled
1782984416.904,2026-07-02 09:26:56.906,innodb_rwlock_s_os_waits,0,0,0.000000,enabled
1782984416.904,2026-07-02 09:26:56.906,innodb_rwlock_s_spin_rounds,0,0,0.000000,enabled
1782984416.904,2026-07-02 09:26:56.906,innodb_rwlock_s_spin_waits,0,0,0.000000,enabled
1782984416.904,2026-07-02 09:26:56.906,innodb_rwlock_x_os_waits,0,0,0.000000,enabled
1782984416.904,2026-07-02 09:26:56.906,innodb_rwlock_x_spin_rounds,0,0,0.000000,enabled
1782984416.904,2026-07-02 09:26:56.906,innodb_rwlock_x_spin_waits,0,0,0.000000,enabled
1782984416.904,2026-07-02 09:26:56.906,lock_deadlocks,0,0,0.000000,enabled
1782984416.904,2026-07-02 09:26:56.906,lock_deadlock_false_positives,0,0,0.000000,enabled
1782984416.904,2026-07-02 09:26:56.906,lock_deadlock_rounds,2230,2230,1.118657,enabled
1782984416.904,2026-07-02 09:26:56.906,lock_rec_grant_attempts,425,425,0.213197,enabled
1782984416.904,2026-07-02 09:26:56.906,lock_rec_release_attempts,35488365,35488365,17802.380789,enabled
1782984416.904,2026-07-02 09:26:56.906,lock_row_lock_current_waits,0,0,0.000000,enabled
1782984416.904,2026-07-02 09:26:56.906,lock_row_lock_time,323,323,0.162030,enabled
1782984416.904,2026-07-02 09:26:56.906,lock_row_lock_time_avg,0,0,0.000000,enabled
1782984416.904,2026-07-02 09:26:56.906,lock_row_lock_time_max,29,29,0.000000,enabled
1782984416.904,2026-07-02 09:26:56.906,lock_row_lock_waits,425,425,0.213197,enabled
1782984416.904,2026-07-02 09:26:56.906,lock_schedule_refreshes,2230,2230,1.118657,enabled
1782984416.904,2026-07-02 09:26:56.906,lock_threads_waiting,0,0,0.000000,enabled
1782984416.904,2026-07-02 09:26:56.906,lock_timeouts,0,0,0.000000,enabled
1782984416.904,2026-07-02 09:26:56.906,log_waits,0,0,0.000000,enabled
1782984416.904,2026-07-02 09:26:56.906,log_writes,175707039,175707039,88141.651436,enabled
1782984416.904,2026-07-02 09:26:56.906,log_write_requests,383194518,383194518,192225.637946,enabled
1782984416.904,2026-07-02 09:26:56.906,os_data_fsyncs,45034231,45034231,22590.965398,enabled
1782984416.904,2026-07-02 09:26:56.906,os_data_reads,58851883,58851883,29522.450482,enabled
1782984416.904,2026-07-02 09:26:56.906,os_data_writes,197029640,197029640,98837.921397,enabled
1782984416.904,2026-07-02 09:26:56.906,os_log_bytes_written,114282772480,114282772480,57328794.027805,enabled
1782984416.904,2026-07-02 09:26:56.906,os_log_fsyncs,39612089,39612089,19871.002775,enabled
1782984416.904,2026-07-02 09:26:56.906,os_log_pending_fsyncs,0,0,0.000000,enabled
1782984416.904,2026-07-02 09:26:56.906,os_log_pending_writes,0,0,0.000000,enabled
1782984416.904,2026-07-02 09:26:56.906,trx_rseg_history_len,134,134,0.000000,enabled
1782984417.974,2026-07-02 09:26:57.976,adaptive_hash_searches,0,0,0.000000,enabled
1782984417.974,2026-07-02 09:26:57.976,adaptive_hash_searches_btree,547381981,547381981,274440.948563,enabled
1782984417.974,2026-07-02 09:26:57.976,buffer_data_reads,960255199744,960255199744,481443303.694027,enabled
1782984417.974,2026-07-02 09:26:57.976,buffer_data_written,486139774976,486139774976,243735976.838923,enabled
1782984417.974,2026-07-02 09:26:57.976,buffer_pages0_read,7,7,0.003510,enabled
1782984417.974,2026-07-02 09:26:57.976,buffer_pages_created,1802725,1802725,903.832532,enabled
1782984417.974,2026-07-02 09:26:57.976,buffer_pages_read,58774459,58774459,29467.760025,enabled
1782984417.974,2026-07-02 09:26:57.976,buffer_pages_written,20633016,20633016,10344.778610,enabled
1782984417.974,2026-07-02 09:26:57.976,buffer_pool_bytes_data,12852051968,12852051968,0.000000,enabled
1782984417.974,2026-07-02 09:26:57.976,buffer_pool_bytes_dirty,4647845888,4647845888,0.000000,enabled
1782984417.974,2026-07-02 09:26:57.976,buffer_pool_pages_data,784427,784427,0.000000,enabled
1782984417.974,2026-07-02 09:26:57.976,buffer_pool_pages_dirty,283682,283682,0.000000,enabled
1782984417.974,2026-07-02 09:26:57.976,buffer_pool_pages_flushed,20575888,20575888,0.000000,enabled
1782984417.974,2026-07-02 09:26:57.976,buffer_pool_pages_free,1909,1909,0.000000,enabled
1782984417.974,2026-07-02 09:26:57.976,buffer_pool_pages_lru_flushed,0,0,0.000000,enabled
1782984417.974,2026-07-02 09:26:57.976,buffer_pool_pages_misc,96,96,0.000000,enabled
1782984417.974,2026-07-02 09:26:57.976,buffer_pool_pages_total,786432,786432,0.000000,enabled
1782984417.974,2026-07-02 09:26:57.976,buffer_pool_reads,57894486,57894486,29026.568962,enabled
1782984417.974,2026-07-02 09:26:57.976,buffer_pool_read_ahead,803715,803715,402.958731,enabled
1782984417.974,2026-07-02 09:26:57.976,buffer_pool_read_ahead_evicted,25,25,0.012534,enabled
1782984417.974,2026-07-02 09:26:57.976,buffer_pool_read_requests,2629425021,2629425021,1318315.292767,enabled
1782984417.974,2026-07-02 09:26:57.976,buffer_pool_size,12884901888,12884901888,0.000000,enabled
1782984417.974,2026-07-02 09:26:57.976,buffer_pool_wait_free,18945,18945,9.498458,enabled
1782984417.974,2026-07-02 09:26:57.976,buffer_pool_write_requests,571197993,571197993,286381.639523,enabled
1782984417.974,2026-07-02 09:26:57.976,dml_deletes,11681312,11681312,5856.660114,enabled
1782984417.974,2026-07-02 09:26:57.976,dml_inserts,111566710,111566710,55936.208522,enabled
1782984417.974,2026-07-02 09:26:57.976,dml_system_deletes,468,468,0.234641,enabled
1782984417.974,2026-07-02 09:26:57.976,dml_system_inserts,1202,1202,0.602647,enabled
1782984417.974,2026-07-02 09:26:57.976,dml_system_reads,7661,7661,3.840996,enabled
1782984417.974,2026-07-02 09:26:57.976,dml_system_updates,620,620,0.310849,enabled
1782984417.974,2026-07-02 09:26:57.976,dml_updates,23362740,23362740,11713.378375,enabled
1782984417.974,2026-07-02 09:26:57.976,file_num_open_files,35,35,0.000000,enabled
1782984417.974,2026-07-02 09:26:57.976,ibuf_merges,0,0,0.000000,enabled
1782984417.974,2026-07-02 09:26:57.976,ibuf_merges_delete,0,0,0.000000,enabled
1782984417.974,2026-07-02 09:26:57.976,ibuf_merges_delete_mark,0,0,0.000000,enabled
1782984417.974,2026-07-02 09:26:57.976,ibuf_merges_discard_delete,0,0,0.000000,enabled
1782984417.974,2026-07-02 09:26:57.976,ibuf_merges_discard_delete_mark,0,0,0.000000,enabled
1782984417.974,2026-07-02 09:26:57.976,ibuf_merges_discard_insert,0,0,0.000000,enabled
1782984417.974,2026-07-02 09:26:57.976,ibuf_merges_insert,0,0,0.000000,enabled
1782984417.974,2026-07-02 09:26:57.976,ibuf_size,1,1,0.000501,enabled
1782984417.974,2026-07-02 09:26:57.976,innodb_activity_count,16329257,16329257,8187.000789,enabled
1782984417.974,2026-07-02 09:26:57.976,innodb_dblwr_pages_written,20574082,20574082,10315.228925,enabled
1782984417.974,2026-07-02 09:26:57.976,innodb_dblwr_writes,413075,413075,207.103442,enabled
1782984417.974,2026-07-02 09:26:57.976,innodb_page_size,16384,16384,0.000000,enabled
1782984417.974,2026-07-02 09:26:57.976,innodb_rwlock_sx_os_waits,0,0,0.000000,enabled
1782984417.974,2026-07-02 09:26:57.976,innodb_rwlock_sx_spin_rounds,0,0,0.000000,enabled
1782984417.974,2026-07-02 09:26:57.976,innodb_rwlock_sx_spin_waits,0,0,0.000000,enabled
1782984417.974,2026-07-02 09:26:57.976,innodb_rwlock_s_os_waits,0,0,0.000000,enabled
1782984417.974,2026-07-02 09:26:57.976,innodb_rwlock_s_spin_rounds,0,0,0.000000,enabled
1782984417.974,2026-07-02 09:26:57.976,innodb_rwlock_s_spin_waits,0,0,0.000000,enabled
1782984417.974,2026-07-02 09:26:57.976,innodb_rwlock_x_os_waits,0,0,0.000000,enabled
1782984417.974,2026-07-02 09:26:57.976,innodb_rwlock_x_spin_rounds,0,0,0.000000,enabled
1782984417.974,2026-07-02 09:26:57.976,innodb_rwlock_x_spin_waits,0,0,0.000000,enabled
1782984417.974,2026-07-02 09:26:57.976,lock_deadlocks,0,0,0.000000,enabled
1782984417.974,2026-07-02 09:26:57.976,lock_deadlock_false_positives,0,0,0.000000,enabled
1782984417.974,2026-07-02 09:26:57.976,lock_deadlock_rounds,2231,2231,1.118557,enabled
1782984417.974,2026-07-02 09:26:57.976,lock_rec_grant_attempts,425,425,0.213082,enabled
1782984417.974,2026-07-02 09:26:57.976,lock_rec_release_attempts,35503510,35503510,17800.401507,enabled
1782984417.974,2026-07-02 09:26:57.976,lock_row_lock_current_waits,0,0,0.000000,enabled
1782984417.974,2026-07-02 09:26:57.976,lock_row_lock_time,323,323,0.161943,enabled
1782984417.974,2026-07-02 09:26:57.976,lock_row_lock_time_avg,0,0,0.000000,enabled
1782984417.974,2026-07-02 09:26:57.976,lock_row_lock_time_max,29,29,0.000000,enabled
1782984417.974,2026-07-02 09:26:57.976,lock_row_lock_waits,425,425,0.213082,enabled
1782984417.974,2026-07-02 09:26:57.976,lock_schedule_refreshes,2231,2231,1.118557,enabled
1782984417.974,2026-07-02 09:26:57.976,lock_threads_waiting,0,0,0.000000,enabled
1782984417.974,2026-07-02 09:26:57.976,lock_timeouts,0,0,0.000000,enabled
1782984417.974,2026-07-02 09:26:57.976,log_waits,0,0,0.000000,enabled
1782984417.974,2026-07-02 09:26:57.976,log_writes,175787969,175787969,88134.832164,enabled
1782984417.974,2026-07-02 09:26:57.976,log_write_requests,383279187,383279187,192164.725707,enabled
1782984417.974,2026-07-02 09:26:57.976,os_data_fsyncs,45069678,45069678,22596.589966,enabled
1782984417.974,2026-07-02 09:26:57.976,os_data_reads,58910034,58910034,29535.730995,enabled
1782984417.974,2026-07-02 09:26:57.976,os_data_writes,197127319,197127319,98833.748104,enabled
1782984417.974,2026-07-02 09:26:57.976,os_log_bytes_written,114325378048,114325378048,57319328.635997,enabled
1782984417.974,2026-07-02 09:26:57.976,os_log_fsyncs,39642451,39642451,19875.540440,enabled
1782984417.974,2026-07-02 09:26:57.976,os_log_pending_fsyncs,1,1,0.000501,enabled
1782984417.974,2026-07-02 09:26:57.976,os_log_pending_writes,0,0,0.000000,enabled
1782984417.974,2026-07-02 09:26:57.976,trx_rseg_history_len,250,250,0.000000,enabled
1782984419.046,2026-07-02 09:26:59.048,adaptive_hash_searches,0,0,0.000000,enabled
1782984419.046,2026-07-02 09:26:59.048,adaptive_hash_searches_btree,547553705,547553705,274379.667570,enabled
1782984419.046,2026-07-02 09:26:59.048,buffer_data_reads,961206848000,961206848000,481661705.122238,enabled
1782984419.046,2026-07-02 09:26:59.048,buffer_data_written,486453532160,486453532160,243762347.341408,enabled
1782984419.046,2026-07-02 09:26:59.048,buffer_pages0_read,7,7,0.003508,enabled
1782984419.046,2026-07-02 09:26:59.048,buffer_pages_created,1802769,1802769,903.369342,enabled
1782984419.046,2026-07-02 09:26:59.048,buffer_pages_read,58832718,58832718,29481.133409,enabled
1782984419.046,2026-07-02 09:26:59.048,buffer_pages_written,20649204,20649204,10347.336666,enabled
1782984419.046,2026-07-02 09:26:59.048,buffer_pool_bytes_data,12856639488,12856639488,0.000000,enabled
1782984419.046,2026-07-02 09:26:59.048,buffer_pool_bytes_dirty,4655874048,4655874048,0.000000,enabled
1782984419.046,2026-07-02 09:26:59.048,buffer_pool_pages_data,784708,784708,0.000000,enabled
1782984419.046,2026-07-02 09:26:59.048,buffer_pool_pages_dirty,284172,284172,0.000000,enabled
1782984419.046,2026-07-02 09:26:59.048,buffer_pool_pages_flushed,20592123,20592123,0.000000,enabled
1782984419.046,2026-07-02 09:26:59.048,buffer_pool_pages_free,1630,1630,0.000000,enabled
1782984419.046,2026-07-02 09:26:59.048,buffer_pool_pages_lru_flushed,0,0,0.000000,enabled
1782984419.046,2026-07-02 09:26:59.048,buffer_pool_pages_misc,96,96,0.000000,enabled
1782984419.046,2026-07-02 09:26:59.048,buffer_pool_pages_total,786432,786432,0.000000,enabled
1782984419.046,2026-07-02 09:26:59.048,buffer_pool_reads,57952687,57952687,29040.150110,enabled
1782984419.046,2026-07-02 09:26:59.048,buffer_pool_read_ahead,803715,803715,402.742395,enabled
1782984419.046,2026-07-02 09:26:59.048,buffer_pool_read_ahead_evicted,25,25,0.012528,enabled
1782984419.046,2026-07-02 09:26:59.048,buffer_pool_read_requests,2630276036,2630276036,1318033.975824,enabled
1782984419.046,2026-07-02 09:26:59.048,buffer_pool_size,12884901888,12884901888,0.000000,enabled
1782984419.046,2026-07-02 09:26:59.048,buffer_pool_wait_free,18945,18945,9.493359,enabled
1782984419.046,2026-07-02 09:26:59.048,buffer_pool_write_requests,571314357,571314357,286286.200506,enabled
1782984419.046,2026-07-02 09:26:59.048,dml_deletes,11686261,11686261,5855.995993,enabled
1782984419.046,2026-07-02 09:26:59.048,dml_inserts,111571661,111571661,55908.660638,enabled
1782984419.046,2026-07-02 09:26:59.048,dml_system_deletes,468,468,0.234515,enabled
1782984419.046,2026-07-02 09:26:59.048,dml_system_inserts,1202,1202,0.602323,enabled
1782984419.046,2026-07-02 09:26:59.048,dml_system_reads,7661,7661,3.838934,enabled
1782984419.046,2026-07-02 09:26:59.048,dml_system_updates,620,620,0.310683,enabled
1782984419.046,2026-07-02 09:26:59.048,dml_updates,23372640,23372640,11712.051099,enabled
1782984419.046,2026-07-02 09:26:59.048,file_num_open_files,35,35,0.000000,enabled
1782984419.046,2026-07-02 09:26:59.048,ibuf_merges,0,0,0.000000,enabled
1782984419.046,2026-07-02 09:26:59.048,ibuf_merges_delete,0,0,0.000000,enabled
1782984419.046,2026-07-02 09:26:59.048,ibuf_merges_delete_mark,0,0,0.000000,enabled
1782984419.046,2026-07-02 09:26:59.048,ibuf_merges_discard_delete,0,0,0.000000,enabled
1782984419.046,2026-07-02 09:26:59.048,ibuf_merges_discard_delete_mark,0,0,0.000000,enabled
1782984419.046,2026-07-02 09:26:59.048,ibuf_merges_discard_insert,0,0,0.000000,enabled
1782984419.046,2026-07-02 09:26:59.048,ibuf_merges_insert,0,0,0.000000,enabled
1782984419.046,2026-07-02 09:26:59.048,ibuf_size,1,1,0.000501,enabled
1782984419.046,2026-07-02 09:26:59.048,innodb_activity_count,16334941,16334941,8185.453914,enabled
1782984419.046,2026-07-02 09:26:59.048,innodb_dblwr_pages_written,20590235,20590235,10317.785555,enabled
1782984419.046,2026-07-02 09:26:59.048,innodb_dblwr_writes,413419,413419,207.164638,enabled
1782984419.046,2026-07-02 09:26:59.048,innodb_page_size,16384,16384,0.000000,enabled
1782984419.046,2026-07-02 09:26:59.048,innodb_rwlock_sx_os_waits,0,0,0.000000,enabled
1782984419.046,2026-07-02 09:26:59.048,innodb_rwlock_sx_spin_rounds,0,0,0.000000,enabled
1782984419.046,2026-07-02 09:26:59.048,innodb_rwlock_sx_spin_waits,0,0,0.000000,enabled
1782984419.046,2026-07-02 09:26:59.048,innodb_rwlock_s_os_waits,0,0,0.000000,enabled
1782984419.046,2026-07-02 09:26:59.048,innodb_rwlock_s_spin_rounds,0,0,0.000000,enabled
1782984419.046,2026-07-02 09:26:59.048,innodb_rwlock_s_spin_waits,0,0,0.000000,enabled
1782984419.046,2026-07-02 09:26:59.048,innodb_rwlock_x_os_waits,0,0,0.000000,enabled
1782984419.046,2026-07-02 09:26:59.048,innodb_rwlock_x_spin_rounds,0,0,0.000000,enabled
1782984419.046,2026-07-02 09:26:59.048,innodb_rwlock_x_spin_waits,0,0,0.000000,enabled
1782984419.046,2026-07-02 09:26:59.048,lock_deadlocks,0,0,0.000000,enabled
1782984419.046,2026-07-02 09:26:59.048,lock_deadlock_false_positives,0,0,0.000000,enabled
1782984419.046,2026-07-02 09:26:59.048,lock_deadlock_rounds,2232,2232,1.118457,enabled
1782984419.046,2026-07-02 09:26:59.048,lock_rec_grant_attempts,425,425,0.212968,enabled
1782984419.046,2026-07-02 09:26:59.048,lock_rec_release_attempts,35518573,35518573,17798.393125,enabled
1782984419.046,2026-07-02 09:26:59.048,lock_row_lock_current_waits,0,0,0.000000,enabled
1782984419.046,2026-07-02 09:26:59.048,lock_row_lock_time,323,323,0.161856,enabled
1782984419.046,2026-07-02 09:26:59.048,lock_row_lock_time_avg,0,0,0.000000,enabled
1782984419.046,2026-07-02 09:26:59.048,lock_row_lock_time_max,29,29,0.000000,enabled
1782984419.046,2026-07-02 09:26:59.048,lock_row_lock_waits,425,425,0.212968,enabled
1782984419.046,2026-07-02 09:26:59.048,lock_schedule_refreshes,2232,2232,1.118457,enabled
1782984419.046,2026-07-02 09:26:59.048,lock_threads_waiting,0,0,0.000000,enabled
1782984419.046,2026-07-02 09:26:59.048,lock_timeouts,0,0,0.000000,enabled
1782984419.046,2026-07-02 09:26:59.048,log_waits,0,0,0.000000,enabled
1782984419.046,2026-07-02 09:26:59.048,log_writes,175869417,175869417,88128.330543,enabled
1782984419.046,2026-07-02 09:26:59.048,log_write_requests,383363199,383363199,192103.660341,enabled
1782984419.046,2026-07-02 09:26:59.048,os_data_fsyncs,45104850,45104850,22602.083556,enabled
1782984419.046,2026-07-02 09:26:59.048,os_data_reads,58968128,58968128,29548.985486,enabled
1782984419.046,2026-07-02 09:26:59.048,os_data_writes,197225199,197225199,98829.736266,enabled
1782984419.046,2026-07-02 09:26:59.048,os_log_bytes_written,114368134144,114368134144,57309981.497226,enabled
1782984419.046,2026-07-02 09:26:59.048,os_log_fsyncs,39672696,39672696,19880.025926,enabled
1782984419.046,2026-07-02 09:26:59.048,os_log_pending_fsyncs,0,0,0.000000,enabled
1782984419.046,2026-07-02 09:26:59.048,os_log_pending_writes,0,0,0.000000,enabled
1782984419.046,2026-07-02 09:26:59.048,trx_rseg_history_len,360,360,0.000000,enabled
1782984420.118,2026-07-02 09:27:00.119,adaptive_hash_searches,0,0,0.000000,enabled
1782984420.118,2026-07-02 09:27:00.119,adaptive_hash_searches_btree,547725055,547725055,274318.337821,enabled
1782984420.118,2026-07-02 09:27:00.119,buffer_data_reads,962153286144,962153286144,481877479.827297,enabled
1782984420.118,2026-07-02 09:27:00.119,buffer_data_written,486769126400,486769126400,243789719.228876,enabled
1782984420.118,2026-07-02 09:27:00.119,buffer_pages0_read,7,7,0.003506,enabled
1782984420.118,2026-07-02 09:27:00.119,buffer_pages_created,1802808,1802808,902.904557,enabled
1782984420.118,2026-07-02 09:27:00.119,buffer_pages_read,58890663,58890663,29494.348523,enabled
1782984420.118,2026-07-02 09:27:00.119,buffer_pages_written,20665511,20665511,10349.956268,enabled
1782984420.118,2026-07-02 09:27:00.119,buffer_pool_bytes_data,12851462144,12851462144,0.000000,enabled
1782984420.118,2026-07-02 09:27:00.119,buffer_pool_bytes_dirty,4658937856,4658937856,0.000000,enabled
1782984420.118,2026-07-02 09:27:00.119,buffer_pool_pages_data,784391,784391,0.000000,enabled
1782984420.118,2026-07-02 09:27:00.119,buffer_pool_pages_dirty,284359,284359,0.000000,enabled
1782984420.118,2026-07-02 09:27:00.119,buffer_pool_pages_flushed,20608441,20608441,0.000000,enabled
1782984420.118,2026-07-02 09:27:00.119,buffer_pool_pages_free,1944,1944,0.000000,enabled
1782984420.118,2026-07-02 09:27:00.119,buffer_pool_pages_lru_flushed,0,0,0.000000,enabled
1782984420.118,2026-07-02 09:27:00.119,buffer_pool_pages_misc,96,96,0.000000,enabled
1782984420.118,2026-07-02 09:27:00.119,buffer_pool_pages_total,786432,786432,0.000000,enabled
1782984420.118,2026-07-02 09:27:00.119,buffer_pool_reads,58010585,58010585,29053.578340,enabled
1782984420.118,2026-07-02 09:27:00.119,buffer_pool_read_ahead,803715,803715,402.526477,enabled
1782984420.118,2026-07-02 09:27:00.119,buffer_pool_read_ahead_evicted,25,25,0.012521,enabled
1782984420.118,2026-07-02 09:27:00.119,buffer_pool_read_requests,2631124955,2631124955,1317752.517302,enabled
1782984420.118,2026-07-02 09:27:00.119,buffer_pool_size,12884901888,12884901888,0.000000,enabled
1782984420.118,2026-07-02 09:27:00.119,buffer_pool_wait_free,18945,18945,9.488269,enabled
1782984420.118,2026-07-02 09:27:00.119,buffer_pool_write_requests,571430549,571430549,286190.909459,enabled
1782984420.118,2026-07-02 09:27:00.119,dml_deletes,11691206,11691206,5855.331940,enabled
1782984420.118,2026-07-02 09:27:00.119,dml_inserts,111576603,111576603,55881.151067,enabled
1782984420.118,2026-07-02 09:27:00.119,dml_system_deletes,468,468,0.234389,enabled
1782984420.118,2026-07-02 09:27:00.119,dml_system_inserts,1202,1202,0.602000,enabled
1782984420.118,2026-07-02 09:27:00.119,dml_system_reads,7661,7661,3.836875,enabled
1782984420.118,2026-07-02 09:27:00.119,dml_system_updates,620,620,0.310516,enabled
1782984420.118,2026-07-02 09:27:00.119,dml_updates,23382530,23382530,11710.722952,enabled
1782984420.118,2026-07-02 09:27:00.119,file_num_open_files,35,35,0.000000,enabled
1782984420.118,2026-07-02 09:27:00.119,ibuf_merges,0,0,0.000000,enabled
1782984420.118,2026-07-02 09:27:00.119,ibuf_merges_delete,0,0,0.000000,enabled
1782984420.118,2026-07-02 09:27:00.119,ibuf_merges_delete_mark,0,0,0.000000,enabled
1782984420.118,2026-07-02 09:27:00.119,ibuf_merges_discard_delete,0,0,0.000000,enabled
1782984420.118,2026-07-02 09:27:00.119,ibuf_merges_discard_delete_mark,0,0,0.000000,enabled
1782984420.118,2026-07-02 09:27:00.119,ibuf_merges_discard_insert,0,0,0.000000,enabled
1782984420.118,2026-07-02 09:27:00.119,ibuf_merges_insert,0,0,0.000000,enabled
1782984420.118,2026-07-02 09:27:00.119,ibuf_size,1,1,0.000501,enabled
1782984420.118,2026-07-02 09:27:00.119,innodb_activity_count,16340620,16340620,8183.908267,enabled
1782984420.118,2026-07-02 09:27:00.119,innodb_dblwr_pages_written,20606553,20606553,10320.424638,enabled
1782984420.118,2026-07-02 09:27:00.119,innodb_dblwr_writes,413793,413793,207.240846,enabled
1782984420.118,2026-07-02 09:27:00.119,innodb_page_size,16384,16384,0.000000,enabled
1782984420.118,2026-07-02 09:27:00.119,innodb_rwlock_sx_os_waits,0,0,0.000000,enabled
1782984420.118,2026-07-02 09:27:00.119,innodb_rwlock_sx_spin_rounds,0,0,0.000000,enabled
1782984420.118,2026-07-02 09:27:00.119,innodb_rwlock_sx_spin_waits,0,0,0.000000,enabled
1782984420.118,2026-07-02 09:27:00.119,innodb_rwlock_s_os_waits,0,0,0.000000,enabled
1782984420.118,2026-07-02 09:27:00.119,innodb_rwlock_s_spin_rounds,0,0,0.000000,enabled
1782984420.118,2026-07-02 09:27:00.119,innodb_rwlock_s_spin_waits,0,0,0.000000,enabled
1782984420.118,2026-07-02 09:27:00.119,innodb_rwlock_x_os_waits,0,0,0.000000,enabled
1782984420.118,2026-07-02 09:27:00.119,innodb_rwlock_x_spin_rounds,0,0,0.000000,enabled
1782984420.118,2026-07-02 09:27:00.119,innodb_rwlock_x_spin_waits,0,0,0.000000,enabled
1782984420.118,2026-07-02 09:27:00.119,lock_deadlocks,0,0,0.000000,enabled
1782984420.118,2026-07-02 09:27:00.119,lock_deadlock_false_positives,0,0,0.000000,enabled
1782984420.118,2026-07-02 09:27:00.119,lock_deadlock_rounds,2233,2233,1.118359,enabled
1782984420.118,2026-07-02 09:27:00.119,lock_rec_grant_attempts,425,425,0.212854,enabled
1782984420.118,2026-07-02 09:27:00.119,lock_rec_release_attempts,35533584,35533584,17796.369131,enabled
1782984420.118,2026-07-02 09:27:00.119,lock_row_lock_current_waits,0,0,0.000000,enabled
1782984420.118,2026-07-02 09:27:00.119,lock_row_lock_time,323,323,0.161769,enabled
1782984420.118,2026-07-02 09:27:00.119,lock_row_lock_time_avg,0,0,0.000000,enabled
1782984420.118,2026-07-02 09:27:00.119,lock_row_lock_time_max,29,29,0.000000,enabled
1782984420.118,2026-07-02 09:27:00.119,lock_row_lock_waits,425,425,0.212854,enabled
1782984420.118,2026-07-02 09:27:00.119,lock_schedule_refreshes,2233,2233,1.118359,enabled
1782984420.118,2026-07-02 09:27:00.119,lock_threads_waiting,0,0,0.000000,enabled
1782984420.118,2026-07-02 09:27:00.119,lock_timeouts,0,0,0.000000,enabled
1782984420.118,2026-07-02 09:27:00.119,log_waits,0,0,0.000000,enabled
1782984420.118,2026-07-02 09:27:00.119,log_writes,175950452,175950452,88121.657112,enabled
1782984420.118,2026-07-02 09:27:00.119,log_write_requests,383447163,383447163,192042.697843,enabled
1782984420.118,2026-07-02 09:27:00.119,os_data_fsyncs,45139985,45139985,22607.561023,enabled
1782984420.118,2026-07-02 09:27:00.119,os_data_reads,59025885,59025885,29562.067917,enabled
1782984420.118,2026-07-02 09:27:00.119,os_data_writes,197322786,197322786,98825.618450,enabled
1782984420.118,2026-07-02 09:27:00.119,os_log_bytes_written,114410502656,114410502656,57300471.179853,enabled
1782984420.118,2026-07-02 09:27:00.119,os_log_fsyncs,39702795,39702795,19884.440697,enabled
1782984420.118,2026-07-02 09:27:00.119,os_log_pending_fsyncs,1,1,0.000501,enabled
1782984420.118,2026-07-02 09:27:00.119,os_log_pending_writes,0,0,0.000000,enabled
1782984420.118,2026-07-02 09:27:00.119,trx_rseg_history_len,474,474,0.000000,enabled
1782984421.189,2026-07-02 09:27:01.190,adaptive_hash_searches,0,0,0.000000,enabled
1782984421.189,2026-07-02 09:27:01.190,adaptive_hash_searches_btree,547896076,547896076,274256.667124,enabled
1782984421.189,2026-07-02 09:27:01.190,buffer_data_reads,963099773440,963099773440,482092476.702714,enabled
1782984421.189,2026-07-02 09:27:01.190,buffer_data_written,487080049152,487080049152,243814434.923883,enabled
1782984421.189,2026-07-02 09:27:01.190,buffer_pages0_read,7,7,0.003504,enabled
1782984421.189,2026-07-02 09:27:01.190,buffer_pages_created,1802837,1802837,902.434189,enabled
1782984421.189,2026-07-02 09:27:01.190,buffer_pages_read,58948587,58948587,29507.503949,enabled
1782984421.189,2026-07-02 09:27:01.190,buffer_pages_written,20681529,20681529,10352.416100,enabled
1782984421.189,2026-07-02 09:27:01.190,buffer_pool_bytes_data,12853526528,12853526528,0.000000,enabled
1782984421.189,2026-07-02 09:27:01.190,buffer_pool_bytes_dirty,4667424768,4667424768,0.000000,enabled
1782984421.189,2026-07-02 09:27:01.190,buffer_pool_pages_data,784518,784518,0.000000,enabled
1782984421.189,2026-07-02 09:27:01.190,buffer_pool_pages_dirty,284877,284877,0.000000,enabled
1782984421.189,2026-07-02 09:27:01.190,buffer_pool_pages_flushed,20624456,20624456,0.000000,enabled
1782984421.189,2026-07-02 09:27:01.190,buffer_pool_pages_free,1819,1819,0.000000,enabled
1782984421.189,2026-07-02 09:27:01.190,buffer_pool_pages_lru_flushed,0,0,0.000000,enabled
1782984421.189,2026-07-02 09:27:01.190,buffer_pool_pages_misc,96,96,0.000000,enabled
1782984421.189,2026-07-02 09:27:01.190,buffer_pool_pages_total,786432,786432,0.000000,enabled
1782984421.189,2026-07-02 09:27:01.190,buffer_pool_reads,58068462,58068462,29066.946753,enabled
1782984421.189,2026-07-02 09:27:01.190,buffer_pool_read_ahead,803715,803715,402.310308,enabled
1782984421.189,2026-07-02 09:27:01.190,buffer_pool_read_ahead_evicted,25,25,0.012514,enabled
1782984421.189,2026-07-02 09:27:01.190,buffer_pool_read_requests,2631972355,2631972355,1317469.022066,enabled
1782984421.189,2026-07-02 09:27:01.190,buffer_pool_size,12884901888,12884901888,0.000000,enabled
1782984421.189,2026-07-02 09:27:01.190,buffer_pool_wait_free,18945,18945,9.483174,enabled
1782984421.189,2026-07-02 09:27:01.190,buffer_pool_write_requests,571546267,571546267,286095.140550,enabled
1782984421.189,2026-07-02 09:27:01.190,dml_deletes,11696139,11696139,5854.657702,enabled
1782984421.189,2026-07-02 09:27:01.190,dml_inserts,111581538,111581538,55853.620721,enabled
1782984421.189,2026-07-02 09:27:01.190,dml_system_deletes,468,468,0.234264,enabled
1782984421.189,2026-07-02 09:27:01.190,dml_system_inserts,1202,1202,0.601677,enabled
1782984421.189,2026-07-02 09:27:01.190,dml_system_reads,7661,7661,3.834815,enabled
1782984421.189,2026-07-02 09:27:01.190,dml_system_updates,620,620,0.310349,enabled
1782984421.189,2026-07-02 09:27:01.190,dml_updates,23392396,23392396,11709.374459,enabled
1782984421.189,2026-07-02 09:27:01.190,file_num_open_files,35,35,0.000000,enabled
1782984421.189,2026-07-02 09:27:01.190,ibuf_merges,0,0,0.000000,enabled
1782984421.189,2026-07-02 09:27:01.190,ibuf_merges_delete,0,0,0.000000,enabled
1782984421.189,2026-07-02 09:27:01.190,ibuf_merges_delete_mark,0,0,0.000000,enabled
1782984421.189,2026-07-02 09:27:01.190,ibuf_merges_discard_delete,0,0,0.000000,enabled
1782984421.189,2026-07-02 09:27:01.190,ibuf_merges_discard_delete_mark,0,0,0.000000,enabled
1782984421.189,2026-07-02 09:27:01.190,ibuf_merges_discard_insert,0,0,0.000000,enabled
1782984421.189,2026-07-02 09:27:01.190,ibuf_merges_insert,0,0,0.000000,enabled
1782984421.189,2026-07-02 09:27:01.190,ibuf_size,1,1,0.000501,enabled
1782984421.189,2026-07-02 09:27:01.190,innodb_activity_count,16346285,16346285,8182.350207,enabled
1782984421.189,2026-07-02 09:27:01.190,innodb_dblwr_pages_written,20622568,20622568,10322.900409,enabled
1782984421.189,2026-07-02 09:27:01.190,innodb_dblwr_writes,414174,414174,207.320299,enabled
1782984421.189,2026-07-02 09:27:01.190,innodb_page_size,16384,16384,0.000000,enabled
1782984421.189,2026-07-02 09:27:01.190,innodb_rwlock_sx_os_waits,0,0,0.000000,enabled
1782984421.189,2026-07-02 09:27:01.190,innodb_rwlock_sx_spin_rounds,0,0,0.000000,enabled
1782984421.189,2026-07-02 09:27:01.190,innodb_rwlock_sx_spin_waits,0,0,0.000000,enabled
1782984421.189,2026-07-02 09:27:01.190,innodb_rwlock_s_os_waits,0,0,0.000000,enabled
1782984421.189,2026-07-02 09:27:01.190,innodb_rwlock_s_spin_rounds,0,0,0.000000,enabled
1782984421.189,2026-07-02 09:27:01.190,innodb_rwlock_s_spin_waits,0,0,0.000000,enabled
1782984421.189,2026-07-02 09:27:01.190,innodb_rwlock_x_os_waits,0,0,0.000000,enabled
1782984421.189,2026-07-02 09:27:01.190,innodb_rwlock_x_spin_rounds,0,0,0.000000,enabled
1782984421.189,2026-07-02 09:27:01.190,innodb_rwlock_x_spin_waits,0,0,0.000000,enabled
1782984421.189,2026-07-02 09:27:01.190,lock_deadlocks,0,0,0.000000,enabled
1782984421.189,2026-07-02 09:27:01.190,lock_deadlock_false_positives,0,0,0.000000,enabled
1782984421.189,2026-07-02 09:27:01.190,lock_deadlock_rounds,2235,2235,1.118759,enabled
1782984421.189,2026-07-02 09:27:01.190,lock_rec_grant_attempts,425,425,0.212739,enabled
1782984421.189,2026-07-02 09:27:01.190,lock_rec_release_attempts,35548609,35548609,17794.332863,enabled
1782984421.189,2026-07-02 09:27:01.190,lock_row_lock_current_waits,0,0,0.000000,enabled
1782984421.189,2026-07-02 09:27:01.190,lock_row_lock_time,323,323,0.161682,enabled
1782984421.189,2026-07-02 09:27:01.190,lock_row_lock_time_avg,0,0,0.000000,enabled
1782984421.189,2026-07-02 09:27:01.190,lock_row_lock_time_max,29,29,0.000000,enabled
1782984421.189,2026-07-02 09:27:01.190,lock_row_lock_waits,425,425,0.212739,enabled
1782984421.189,2026-07-02 09:27:01.190,lock_schedule_refreshes,2235,2235,1.118759,enabled
1782984421.189,2026-07-02 09:27:01.190,lock_threads_waiting,0,0,0.000000,enabled
1782984421.189,2026-07-02 09:27:01.190,lock_timeouts,0,0,0.000000,enabled
1782984421.189,2026-07-02 09:27:01.190,log_waits,0,0,0.000000,enabled
1782984421.189,2026-07-02 09:27:01.190,log_writes,176031400,176031400,88114.862092,enabled
1782984421.189,2026-07-02 09:27:01.190,log_write_requests,383530952,383530952,191981.527018,enabled
1782984421.189,2026-07-02 09:27:01.190,os_data_fsyncs,45175555,45175555,22613.226731,enabled
1782984421.189,2026-07-02 09:27:01.190,os_data_reads,59083654,59083654,29575.111289,enabled
1782984421.189,2026-07-02 09:27:01.190,os_data_writes,197420052,197420052,98821.240868,enabled
1782984421.189,2026-07-02 09:27:01.190,os_log_bytes_written,114452828160,114452828160,57290889.860461,enabled
1782984421.189,2026-07-02 09:27:01.190,os_log_fsyncs,39733152,39733152,19888.959228,enabled
1782984421.189,2026-07-02 09:27:01.190,os_log_pending_fsyncs,1,1,0.000501,enabled
1782984421.189,2026-07-02 09:27:01.190,os_log_pending_writes,1,1,0.000501,enabled
1782984421.189,2026-07-02 09:27:01.190,trx_rseg_history_len,570,570,0.000000,enabled
1782984422.261,2026-07-02 09:27:02.263,adaptive_hash_searches,0,0,0.000000,enabled
1782984422.261,2026-07-02 09:27:02.263,adaptive_hash_searches_btree,548068214,548068214,274195.462691,enabled
1782984422.261,2026-07-02 09:27:02.263,buffer_data_reads,964051044864,964051044864,482309419.180697,enabled
1782984422.261,2026-07-02 09:27:02.263,buffer_data_written,487394342912,487394342912,243840700.668938,enabled
1782984422.261,2026-07-02 09:27:02.263,buffer_pages0_read,7,7,0.003502,enabled
1782984422.261,2026-07-02 09:27:02.263,buffer_pages_created,1802879,1802879,901.970427,enabled
1782984422.261,2026-07-02 09:27:02.263,buffer_pages_read,59006820,59006820,29520.786582,enabled
1782984422.261,2026-07-02 09:27:02.263,buffer_pages_written,20697794,20697794,10354.992217,enabled
1782984422.261,2026-07-02 09:27:02.263,buffer_pool_bytes_data,12851609600,12851609600,0.000000,enabled
1782984422.261,2026-07-02 09:27:02.263,buffer_pool_bytes_dirty,4672913408,4672913408,0.000000,enabled
1782984422.261,2026-07-02 09:27:02.263,buffer_pool_pages_data,784400,784400,0.000000,enabled
1782984422.261,2026-07-02 09:27:02.263,buffer_pool_pages_dirty,285212,285212,0.000000,enabled
1782984422.261,2026-07-02 09:27:02.263,buffer_pool_pages_flushed,20640724,20640724,0.000000,enabled
1782984422.261,2026-07-02 09:27:02.263,buffer_pool_pages_free,1938,1938,0.000000,enabled
1782984422.261,2026-07-02 09:27:02.263,buffer_pool_pages_lru_flushed,0,0,0.000000,enabled
1782984422.261,2026-07-02 09:27:02.263,buffer_pool_pages_misc,97,97,0.000000,enabled
1782984422.261,2026-07-02 09:27:02.263,buffer_pool_pages_total,786432,786432,0.000000,enabled
1782984422.261,2026-07-02 09:27:02.263,buffer_pool_reads,58126633,58126633,29080.435131,enabled
1782984422.261,2026-07-02 09:27:02.263,buffer_pool_read_ahead,803715,803715,402.094194,enabled
1782984422.261,2026-07-02 09:27:02.263,buffer_pool_read_ahead_evicted,25,25,0.012507,enabled
1782984422.261,2026-07-02 09:27:02.263,buffer_pool_read_requests,2632825081,2632825081,1317187.915472,enabled
1782984422.261,2026-07-02 09:27:02.263,buffer_pool_size,12884901888,12884901888,0.000000,enabled
1782984422.261,2026-07-02 09:27:02.263,buffer_pool_wait_free,18945,18945,9.478079,enabled
1782984422.261,2026-07-02 09:27:02.263,buffer_pool_write_requests,571662648,571662648,285999.680145,enabled
1782984422.261,2026-07-02 09:27:02.263,dml_deletes,11701111,11701111,5854.000195,enabled
1782984422.261,2026-07-02 09:27:02.263,dml_inserts,111586511,111586511,55826.105564,enabled
1782984422.261,2026-07-02 09:27:02.263,dml_system_deletes,468,468,0.234138,enabled
1782984422.261,2026-07-02 09:27:02.263,dml_system_inserts,1202,1202,0.601354,enabled
1782984422.261,2026-07-02 09:27:02.263,dml_system_reads,7661,7661,3.832755,enabled
1782984422.261,2026-07-02 09:27:02.263,dml_system_updates,620,620,0.310183,enabled
1782984422.261,2026-07-02 09:27:02.263,dml_updates,23402340,23402340,11708.059413,enabled
1782984422.261,2026-07-02 09:27:02.263,file_num_open_files,35,35,0.000000,enabled
1782984422.261,2026-07-02 09:27:02.263,ibuf_merges,0,0,0.000000,enabled
1782984422.261,2026-07-02 09:27:02.263,ibuf_merges_delete,0,0,0.000000,enabled
1782984422.261,2026-07-02 09:27:02.263,ibuf_merges_delete_mark,0,0,0.000000,enabled
1782984422.261,2026-07-02 09:27:02.263,ibuf_merges_discard_delete,0,0,0.000000,enabled
1782984422.261,2026-07-02 09:27:02.263,ibuf_merges_discard_delete_mark,0,0,0.000000,enabled
1782984422.261,2026-07-02 09:27:02.263,ibuf_merges_discard_insert,0,0,0.000000,enabled
1782984422.261,2026-07-02 09:27:02.263,ibuf_merges_insert,0,0,0.000000,enabled
1782984422.261,2026-07-02 09:27:02.263,ibuf_size,1,1,0.000500,enabled
1782984422.261,2026-07-02 09:27:02.263,innodb_activity_count,16352002,16352002,8180.815033,enabled
1782984422.261,2026-07-02 09:27:02.263,innodb_dblwr_pages_written,20638836,20638836,10325.493988,enabled
1782984422.261,2026-07-02 09:27:02.263,innodb_dblwr_writes,414519,414519,207.381533,enabled
1782984422.261,2026-07-02 09:27:02.263,innodb_page_size,16384,16384,0.000000,enabled
1782984422.261,2026-07-02 09:27:02.263,innodb_rwlock_sx_os_waits,0,0,0.000000,enabled
1782984422.261,2026-07-02 09:27:02.263,innodb_rwlock_sx_spin_rounds,0,0,0.000000,enabled
1782984422.261,2026-07-02 09:27:02.263,innodb_rwlock_sx_spin_waits,0,0,0.000000,enabled
1782984422.261,2026-07-02 09:27:02.263,innodb_rwlock_s_os_waits,0,0,0.000000,enabled
1782984422.261,2026-07-02 09:27:02.263,innodb_rwlock_s_spin_rounds,0,0,0.000000,enabled
1782984422.261,2026-07-02 09:27:02.263,innodb_rwlock_s_spin_waits,0,0,0.000000,enabled
1782984422.261,2026-07-02 09:27:02.263,innodb_rwlock_x_os_waits,0,0,0.000000,enabled
1782984422.261,2026-07-02 09:27:02.263,innodb_rwlock_x_spin_rounds,0,0,0.000000,enabled
1782984422.261,2026-07-02 09:27:02.263,innodb_rwlock_x_spin_waits,0,0,0.000000,enabled
1782984422.261,2026-07-02 09:27:02.263,lock_deadlocks,0,0,0.000000,enabled
1782984422.261,2026-07-02 09:27:02.263,lock_deadlock_false_positives,0,0,0.000000,enabled
1782984422.261,2026-07-02 09:27:02.263,lock_deadlock_rounds,2236,2236,1.118659,enabled
1782984422.261,2026-07-02 09:27:02.263,lock_rec_grant_attempts,425,425,0.212625,enabled
1782984422.261,2026-07-02 09:27:02.263,lock_rec_release_attempts,35563717,35563717,17792.332402,enabled
1782984422.261,2026-07-02 09:27:02.263,lock_row_lock_current_waits,0,0,0.000000,enabled
1782984422.261,2026-07-02 09:27:02.263,lock_row_lock_time,323,323,0.161595,enabled
1782984422.261,2026-07-02 09:27:02.263,lock_row_lock_time_avg,0,0,0.000000,enabled
1782984422.261,2026-07-02 09:27:02.263,lock_row_lock_time_max,29,29,0.000000,enabled
1782984422.261,2026-07-02 09:27:02.263,lock_row_lock_waits,425,425,0.212625,enabled
1782984422.261,2026-07-02 09:27:02.263,lock_schedule_refreshes,2236,2236,1.118659,enabled
1782984422.261,2026-07-02 09:27:02.263,lock_threads_waiting,0,0,0.000000,enabled
1782984422.261,2026-07-02 09:27:02.263,lock_timeouts,0,0,0.000000,enabled
1782984422.261,2026-07-02 09:27:02.263,log_waits,0,0,0.000000,enabled
1782984422.261,2026-07-02 09:27:02.263,log_writes,176110804,176110804,88107.254110,enabled
1782984422.261,2026-07-02 09:27:02.263,log_write_requests,383615297,383615297,191920.596070,enabled
1782984422.261,2026-07-02 09:27:02.263,os_data_fsyncs,45210219,45210219,22618.421503,enabled
1782984422.261,2026-07-02 09:27:02.263,os_data_reads,59141688,59141688,29588.258133,enabled
1782984422.261,2026-07-02 09:27:02.263,os_data_writes,197515971,197515971,98816.143550,enabled
1782984422.261,2026-07-02 09:27:02.263,os_log_bytes_written,114494472704,114494472704,57280948.748821,enabled
1782984422.261,2026-07-02 09:27:02.263,os_log_fsyncs,39762752,39762752,19893.083951,enabled
1782984422.261,2026-07-02 09:27:02.263,os_log_pending_fsyncs,0,0,0.000000,enabled
1782984422.261,2026-07-02 09:27:02.263,os_log_pending_writes,0,0,0.000000,enabled
1782984422.261,2026-07-02 09:27:02.263,trx_rseg_history_len,681,681,0.000000,enabled
1782984423.334,2026-07-02 09:27:03.336,adaptive_hash_searches,0,0,0.000000,enabled
1782984423.334,2026-07-02 09:27:03.336,adaptive_hash_searches_btree,548238180,548238180,274133.895739,enabled
1782984423.334,2026-07-02 09:27:03.336,buffer_data_reads,964994583040,964994583040,482523426.299543,enabled
1782984423.334,2026-07-02 09:27:03.336,buffer_data_written,487708490240,487708490240,243867453.403533,enabled
1782984423.334,2026-07-02 09:27:03.336,buffer_pages0_read,7,7,0.003500,enabled
1782984423.334,2026-07-02 09:27:03.336,buffer_pages_created,1802916,1802916,901.506837,enabled
1782984423.334,2026-07-02 09:27:03.336,buffer_pages_read,59064567,59064567,29533.883202,enabled
1782984423.334,2026-07-02 09:27:03.336,buffer_pages_written,20713987,20713987,10357.554557,enabled
1782984423.334,2026-07-02 09:27:03.336,buffer_pool_bytes_data,12852559872,12852559872,0.000000,enabled
1782984423.334,2026-07-02 09:27:03.336,buffer_pool_bytes_dirty,4675141632,4675141632,0.000000,enabled
1782984423.334,2026-07-02 09:27:03.336,buffer_pool_pages_data,784458,784458,0.000000,enabled
1782984423.334,2026-07-02 09:27:03.336,buffer_pool_pages_dirty,285348,285348,0.000000,enabled
1782984423.334,2026-07-02 09:27:03.336,buffer_pool_pages_flushed,20656917,20656917,0.000000,enabled
1782984423.334,2026-07-02 09:27:03.336,buffer_pool_pages_free,1877,1877,0.000000,enabled
1782984423.334,2026-07-02 09:27:03.336,buffer_pool_pages_lru_flushed,0,0,0.000000,enabled
1782984423.334,2026-07-02 09:27:03.336,buffer_pool_pages_misc,96,96,0.000000,enabled
1782984423.334,2026-07-02 09:27:03.336,buffer_pool_pages_total,786432,786432,0.000000,enabled
1782984423.334,2026-07-02 09:27:03.336,buffer_pool_reads,58184334,58184334,29093.744023,enabled
1782984423.334,2026-07-02 09:27:03.336,buffer_pool_read_ahead,803715,803715,401.879279,enabled
1782984423.334,2026-07-02 09:27:03.336,buffer_pool_read_ahead_evicted,25,25,0.012501,enabled
1782984423.334,2026-07-02 09:27:03.336,buffer_pool_read_requests,2633667585,2633667585,1316905.166482,enabled
1782984423.334,2026-07-02 09:27:03.336,buffer_pool_size,12884901888,12884901888,0.000000,enabled
1782984423.334,2026-07-02 09:27:03.336,buffer_pool_wait_free,18945,18945,9.473013,enabled
1782984423.334,2026-07-02 09:27:03.336,buffer_pool_write_requests,571778370,571778370,285904.680222,enabled
1782984423.334,2026-07-02 09:27:03.336,dml_deletes,11706012,11706012,5853.321934,enabled
1782984423.334,2026-07-02 09:27:03.336,dml_inserts,111591412,111591412,55798.717807,enabled
1782984423.334,2026-07-02 09:27:03.336,dml_system_deletes,468,468,0.234013,enabled
1782984423.334,2026-07-02 09:27:03.336,dml_system_inserts,1202,1202,0.601032,enabled
1782984423.334,2026-07-02 09:27:03.336,dml_system_reads,7661,7661,3.830707,enabled
1782984423.334,2026-07-02 09:27:03.336,dml_system_updates,620,620,0.310017,enabled
1782984423.334,2026-07-02 09:27:03.336,dml_updates,23412138,23412138,11706.700857,enabled
1782984423.334,2026-07-02 09:27:03.336,file_num_open_files,35,35,0.000000,enabled
1782984423.334,2026-07-02 09:27:03.336,ibuf_merges,0,0,0.000000,enabled
1782984423.334,2026-07-02 09:27:03.336,ibuf_merges_delete,0,0,0.000000,enabled
1782984423.334,2026-07-02 09:27:03.336,ibuf_merges_delete_mark,0,0,0.000000,enabled
1782984423.334,2026-07-02 09:27:03.336,ibuf_merges_discard_delete,0,0,0.000000,enabled
1782984423.334,2026-07-02 09:27:03.336,ibuf_merges_discard_delete_mark,0,0,0.000000,enabled
1782984423.334,2026-07-02 09:27:03.336,ibuf_merges_discard_insert,0,0,0.000000,enabled
1782984423.334,2026-07-02 09:27:03.336,ibuf_merges_insert,0,0,0.000000,enabled
1782984423.334,2026-07-02 09:27:03.336,ibuf_size,1,1,0.000500,enabled
1782984423.334,2026-07-02 09:27:03.336,innodb_activity_count,16357636,16357636,8179.259636,enabled
1782984423.334,2026-07-02 09:27:03.336,innodb_dblwr_pages_written,20655029,20655029,10328.072078,enabled
1782984423.334,2026-07-02 09:27:03.336,innodb_dblwr_writes,414884,414884,207.453200,enabled
1782984423.334,2026-07-02 09:27:03.336,innodb_page_size,16384,16384,0.000000,enabled
1782984423.334,2026-07-02 09:27:03.336,innodb_rwlock_sx_os_waits,0,0,0.000000,enabled
1782984423.334,2026-07-02 09:27:03.336,innodb_rwlock_sx_spin_rounds,0,0,0.000000,enabled
1782984423.334,2026-07-02 09:27:03.336,innodb_rwlock_sx_spin_waits,0,0,0.000000,enabled
1782984423.334,2026-07-02 09:27:03.336,innodb_rwlock_s_os_waits,0,0,0.000000,enabled
1782984423.334,2026-07-02 09:27:03.336,innodb_rwlock_s_spin_rounds,0,0,0.000000,enabled
1782984423.334,2026-07-02 09:27:03.336,innodb_rwlock_s_spin_waits,0,0,0.000000,enabled
1782984423.334,2026-07-02 09:27:03.336,innodb_rwlock_x_os_waits,0,0,0.000000,enabled
1782984423.334,2026-07-02 09:27:03.336,innodb_rwlock_x_spin_rounds,0,0,0.000000,enabled
1782984423.334,2026-07-02 09:27:03.336,innodb_rwlock_x_spin_waits,0,0,0.000000,enabled
1782984423.334,2026-07-02 09:27:03.336,lock_deadlocks,0,0,0.000000,enabled
1782984423.334,2026-07-02 09:27:03.336,lock_deadlock_false_positives,0,0,0.000000,enabled
1782984423.334,2026-07-02 09:27:03.336,lock_deadlock_rounds,2237,2237,1.118561,enabled
1782984423.334,2026-07-02 09:27:03.336,lock_rec_grant_attempts,425,425,0.212512,enabled
1782984423.334,2026-07-02 09:27:03.336,lock_rec_release_attempts,35578617,35578617,17790.273081,enabled
1782984423.334,2026-07-02 09:27:03.336,lock_row_lock_current_waits,0,0,0.000000,enabled
1782984423.334,2026-07-02 09:27:03.336,lock_row_lock_time,323,323,0.161509,enabled
1782984423.334,2026-07-02 09:27:03.336,lock_row_lock_time_avg,0,0,0.000000,enabled
1782984423.334,2026-07-02 09:27:03.336,lock_row_lock_time_max,29,29,0.000000,enabled
1782984423.334,2026-07-02 09:27:03.336,lock_row_lock_waits,425,425,0.212512,enabled
1782984423.334,2026-07-02 09:27:03.336,lock_schedule_refreshes,2237,2237,1.118561,enabled
1782984423.334,2026-07-02 09:27:03.336,lock_threads_waiting,0,0,0.000000,enabled
1782984423.334,2026-07-02 09:27:03.336,lock_timeouts,0,0,0.000000,enabled
1782984423.334,2026-07-02 09:27:03.336,log_waits,0,0,0.000000,enabled
1782984423.334,2026-07-02 09:27:03.336,log_writes,176191385,176191385,88100.454088,enabled
1782984423.334,2026-07-02 09:27:03.336,log_write_requests,383698654,383698654,191859.696656,enabled
1782984423.334,2026-07-02 09:27:03.336,os_data_fsyncs,45244916,45244916,22623.681578,enabled
1782984423.334,2026-07-02 09:27:03.336,os_data_reads,59199271,59199271,29601.236508,enabled
1782984423.334,2026-07-02 09:27:03.336,os_data_writes,197613013,197613013,98811.850717,enabled
1782984423.334,2026-07-02 09:27:03.336,os_log_bytes_written,114536934400,114536934400,57271564.544804,enabled
1782984423.334,2026-07-02 09:27:03.336,os_log_fsyncs,39792333,39792333,19897.242560,enabled
1782984423.334,2026-07-02 09:27:03.336,os_log_pending_fsyncs,1,1,0.000500,enabled
1782984423.334,2026-07-02 09:27:03.336,os_log_pending_writes,0,0,0.000000,enabled
1782984423.334,2026-07-02 09:27:03.336,trx_rseg_history_len,730,730,0.000000,enabled
1782984424.404,2026-07-02 09:27:04.405,adaptive_hash_searches,0,0,0.000000,enabled
1782984424.404,2026-07-02 09:27:04.405,adaptive_hash_searches_btree,548401489,548401489,274069.049309,enabled
1782984424.404,2026-07-02 09:27:04.405,buffer_data_reads,965897488896,965897488896,482716855.713957,enabled
1782984424.404,2026-07-02 09:27:04.405,buffer_data_written,488068888064,488068888064,243917270.227093,enabled
1782984424.404,2026-07-02 09:27:04.405,buffer_pages0_read,7,7,0.003498,enabled
1782984424.404,2026-07-02 09:27:04.405,buffer_pages_created,1802943,1802943,901.038666,enabled
1782984424.404,2026-07-02 09:27:04.405,buffer_pages_read,59119844,59119844,29545.728821,enabled
1782984424.404,2026-07-02 09:27:04.405,buffer_pages_written,20733071,20733071,10361.558055,enabled
1782984424.404,2026-07-02 09:27:04.405,buffer_pool_bytes_data,12852510720,12852510720,0.000000,enabled
1782984424.404,2026-07-02 09:27:04.405,buffer_pool_bytes_dirty,4618616832,4618616832,0.000000,enabled
1782984424.404,2026-07-02 09:27:04.405,buffer_pool_pages_data,784455,784455,0.000000,enabled
1782984424.404,2026-07-02 09:27:04.405,buffer_pool_pages_dirty,281898,281898,0.000000,enabled
1782984424.404,2026-07-02 09:27:04.405,buffer_pool_pages_flushed,20672535,20672535,0.000000,enabled
1782984424.404,2026-07-02 09:27:04.405,buffer_pool_pages_free,1881,1881,0.000000,enabled
1782984424.404,2026-07-02 09:27:04.405,buffer_pool_pages_lru_flushed,0,0,0.000000,enabled
1782984424.404,2026-07-02 09:27:04.405,buffer_pool_pages_misc,96,96,0.000000,enabled
1782984424.404,2026-07-02 09:27:04.405,buffer_pool_pages_total,786432,786432,0.000000,enabled
1782984424.404,2026-07-02 09:27:04.405,buffer_pool_reads,58239558,58239558,29105.798391,enabled
1782984424.404,2026-07-02 09:27:04.405,buffer_pool_read_ahead,803715,803715,401.664561,enabled
1782984424.404,2026-07-02 09:27:04.405,buffer_pool_read_ahead_evicted,25,25,0.012494,enabled
1782984424.404,2026-07-02 09:27:04.405,buffer_pool_read_requests,2634477137,2634477137,1316606.145472,enabled
1782984424.404,2026-07-02 09:27:04.405,buffer_pool_size,12884901888,12884901888,0.000000,enabled
1782984424.404,2026-07-02 09:27:04.405,buffer_pool_wait_free,18945,18945,9.467952,enabled
1782984424.404,2026-07-02 09:27:04.405,buffer_pool_write_requests,571888514,571888514,285806.971267,enabled
1782984424.404,2026-07-02 09:27:04.405,dml_deletes,11710730,11710730,5852.552571,enabled
1782984424.404,2026-07-02 09:27:04.405,dml_inserts,111596130,111596130,55771.264327,enabled
1782984424.404,2026-07-02 09:27:04.405,dml_system_deletes,468,468,0.233888,enabled
1782984424.404,2026-07-02 09:27:04.405,dml_system_inserts,1202,1202,0.600711,enabled
1782984424.404,2026-07-02 09:27:04.405,dml_system_reads,7661,7661,3.828660,enabled
1782984424.404,2026-07-02 09:27:04.405,dml_system_updates,620,620,0.309851,enabled
1782984424.404,2026-07-02 09:27:04.405,dml_updates,23421580,23421580,11705.165100,enabled
1782984424.404,2026-07-02 09:27:04.405,file_num_open_files,35,35,0.000000,enabled
1782984424.404,2026-07-02 09:27:04.405,ibuf_merges,0,0,0.000000,enabled
1782984424.404,2026-07-02 09:27:04.405,ibuf_merges_delete,0,0,0.000000,enabled
1782984424.404,2026-07-02 09:27:04.405,ibuf_merges_delete_mark,0,0,0.000000,enabled
1782984424.404,2026-07-02 09:27:04.405,ibuf_merges_discard_delete,0,0,0.000000,enabled
1782984424.404,2026-07-02 09:27:04.405,ibuf_merges_discard_delete_mark,0,0,0.000000,enabled
1782984424.404,2026-07-02 09:27:04.405,ibuf_merges_discard_insert,0,0,0.000000,enabled
1782984424.404,2026-07-02 09:27:04.405,ibuf_merges_insert,0,0,0.000000,enabled
1782984424.404,2026-07-02 09:27:04.405,ibuf_size,1,1,0.000500,enabled
1782984424.404,2026-07-02 09:27:04.405,innodb_activity_count,16363050,16363050,8177.595405,enabled
1782984424.404,2026-07-02 09:27:04.405,innodb_dblwr_pages_written,20673926,20673926,10331.998079,enabled
1782984424.404,2026-07-02 09:27:04.405,innodb_dblwr_writes,415263,415263,207.531773,enabled
1782984424.404,2026-07-02 09:27:04.405,innodb_page_size,16384,16384,0.000000,enabled
1782984424.404,2026-07-02 09:27:04.405,innodb_rwlock_sx_os_waits,0,0,0.000000,enabled
1782984424.404,2026-07-02 09:27:04.405,innodb_rwlock_sx_spin_rounds,0,0,0.000000,enabled
1782984424.404,2026-07-02 09:27:04.405,innodb_rwlock_sx_spin_waits,0,0,0.000000,enabled
1782984424.404,2026-07-02 09:27:04.405,innodb_rwlock_s_os_waits,0,0,0.000000,enabled
1782984424.404,2026-07-02 09:27:04.405,innodb_rwlock_s_spin_rounds,0,0,0.000000,enabled
1782984424.404,2026-07-02 09:27:04.405,innodb_rwlock_s_spin_waits,0,0,0.000000,enabled
1782984424.404,2026-07-02 09:27:04.405,innodb_rwlock_x_os_waits,0,0,0.000000,enabled
1782984424.404,2026-07-02 09:27:04.405,innodb_rwlock_x_spin_rounds,0,0,0.000000,enabled
1782984424.404,2026-07-02 09:27:04.405,innodb_rwlock_x_spin_waits,0,0,0.000000,enabled
1782984424.404,2026-07-02 09:27:04.405,lock_deadlocks,0,0,0.000000,enabled
1782984424.404,2026-07-02 09:27:04.405,lock_deadlock_false_positives,0,0,0.000000,enabled
1782984424.404,2026-07-02 09:27:04.405,lock_deadlock_rounds,2238,2238,1.118463,enabled
1782984424.404,2026-07-02 09:27:04.405,lock_rec_grant_attempts,425,425,0.212398,enabled
1782984424.404,2026-07-02 09:27:04.405,lock_rec_release_attempts,35592977,35592977,17787.944518,enabled
1782984424.404,2026-07-02 09:27:04.405,lock_row_lock_current_waits,0,0,0.000000,enabled
1782984424.404,2026-07-02 09:27:04.405,lock_row_lock_time,323,323,0.161422,enabled
1782984424.404,2026-07-02 09:27:04.405,lock_row_lock_time_avg,0,0,0.000000,enabled
1782984424.404,2026-07-02 09:27:04.405,lock_row_lock_time_max,29,29,0.000000,enabled
1782984424.404,2026-07-02 09:27:04.405,lock_row_lock_waits,425,425,0.212398,enabled
1782984424.404,2026-07-02 09:27:04.405,lock_schedule_refreshes,2238,2238,1.118463,enabled
1782984424.404,2026-07-02 09:27:04.405,lock_threads_waiting,0,0,0.000000,enabled
1782984424.404,2026-07-02 09:27:04.405,lock_timeouts,0,0,0.000000,enabled
1782984424.404,2026-07-02 09:27:04.405,log_waits,0,0,0.000000,enabled
1782984424.404,2026-07-02 09:27:04.405,log_writes,176268610,176268610,88091.978343,enabled
1782984424.404,2026-07-02 09:27:04.405,log_write_requests,383778929,383778929,191797.309420,enabled
1782984424.404,2026-07-02 09:27:04.405,os_data_fsyncs,45276686,45276686,22627.471635,enabled
1782984424.404,2026-07-02 09:27:04.405,os_data_reads,59254368,59254368,29612.956508,enabled
1782984424.404,2026-07-02 09:27:04.405,os_data_writes,197709617,197709617,98807.336606,enabled
1782984424.404,2026-07-02 09:27:04.405,os_log_bytes_written,114577249792,114577249792,57261113.667649,enabled
1782984424.404,2026-07-02 09:27:04.405,os_log_fsyncs,39819204,39819204,19900.040966,enabled
1782984424.404,2026-07-02 09:27:04.405,os_log_pending_fsyncs,1,1,0.000500,enabled
1782984424.404,2026-07-02 09:27:04.405,os_log_pending_writes,0,0,0.000000,enabled
1782984424.404,2026-07-02 09:27:04.405,trx_rseg_history_len,632,632,0.000000,enabled
1782984425.473,2026-07-02 09:27:05.474,adaptive_hash_searches,0,0,0.000000,enabled
1782984425.473,2026-07-02 09:27:05.474,adaptive_hash_searches_btree,548568748,548568748,274005.916054,enabled
1782984425.473,2026-07-02 09:27:05.474,buffer_data_reads,966819727872,966819727872,482919159.044892,enabled
1782984425.473,2026-07-02 09:27:05.474,buffer_data_written,488378956288,488378956288,243941603.462381,enabled
1782984425.473,2026-07-02 09:27:05.474,buffer_pages0_read,7,7,0.003496,enabled
1782984425.473,2026-07-02 09:27:05.474,buffer_pages_created,1802988,1802988,900.578911,enabled
1782984425.473,2026-07-02 09:27:05.474,buffer_pages_read,59176298,59176298,29558.114400,enabled
1782984425.473,2026-07-02 09:27:05.474,buffer_pages_written,20749161,20749161,10364.049424,enabled
1782984425.473,2026-07-02 09:27:05.474,buffer_pool_bytes_data,12849315840,12849315840,0.000000,enabled
1782984425.473,2026-07-02 09:27:05.474,buffer_pool_bytes_dirty,4617732096,4617732096,0.000000,enabled
1782984425.473,2026-07-02 09:27:05.474,buffer_pool_pages_data,784259,784259,0.000000,enabled
1782984425.473,2026-07-02 09:27:05.474,buffer_pool_pages_dirty,281844,281844,0.000000,enabled
1782984425.473,2026-07-02 09:27:05.474,buffer_pool_pages_flushed,20692091,20692091,0.000000,enabled
1782984425.473,2026-07-02 09:27:05.474,buffer_pool_pages_free,2073,2073,0.000000,enabled
1782984425.473,2026-07-02 09:27:05.474,buffer_pool_pages_lru_flushed,0,0,0.000000,enabled
1782984425.473,2026-07-02 09:27:05.474,buffer_pool_pages_misc,97,97,0.000000,enabled
1782984425.473,2026-07-02 09:27:05.474,buffer_pool_pages_total,786432,786432,0.000000,enabled
1782984425.473,2026-07-02 09:27:05.474,buffer_pool_reads,58295956,58295956,29118.391335,enabled
1782984425.473,2026-07-02 09:27:05.474,buffer_pool_read_ahead,803715,803715,401.449590,enabled
1782984425.473,2026-07-02 09:27:05.474,buffer_pool_read_ahead_evicted,25,25,0.012487,enabled
1782984425.473,2026-07-02 09:27:05.474,buffer_pool_read_requests,2635306200,2635306200,1316315.608250,enabled
1782984425.473,2026-07-02 09:27:05.474,buffer_pool_size,12884901888,12884901888,0.000000,enabled
1782984425.473,2026-07-02 09:27:05.474,buffer_pool_wait_free,18945,18945,9.462885,enabled
1782984425.473,2026-07-02 09:27:05.474,buffer_pool_write_requests,572002245,572002245,285710.815044,enabled
1782984425.473,2026-07-02 09:27:05.474,dml_deletes,11715554,11715554,5851.829909,enabled
1782984425.473,2026-07-02 09:27:05.474,dml_inserts,111600953,111600953,55743.825283,enabled
1782984425.473,2026-07-02 09:27:05.474,dml_system_deletes,468,468,0.233762,enabled
1782984425.473,2026-07-02 09:27:05.474,dml_system_inserts,1202,1202,0.600390,enabled
1782984425.473,2026-07-02 09:27:05.474,dml_system_reads,7661,7661,3.826611,enabled
1782984425.473,2026-07-02 09:27:05.474,dml_system_updates,620,620,0.309685,enabled
1782984425.473,2026-07-02 09:27:05.474,dml_updates,23431223,23431223,11703.717249,enabled
1782984425.473,2026-07-02 09:27:05.474,file_num_open_files,35,35,0.000000,enabled
1782984425.473,2026-07-02 09:27:05.474,ibuf_merges,0,0,0.000000,enabled
1782984425.473,2026-07-02 09:27:05.474,ibuf_merges_delete,0,0,0.000000,enabled
1782984425.473,2026-07-02 09:27:05.474,ibuf_merges_delete_mark,0,0,0.000000,enabled
1782984425.473,2026-07-02 09:27:05.474,ibuf_merges_discard_delete,0,0,0.000000,enabled
1782984425.473,2026-07-02 09:27:05.474,ibuf_merges_discard_delete_mark,0,0,0.000000,enabled
1782984425.473,2026-07-02 09:27:05.474,ibuf_merges_discard_insert,0,0,0.000000,enabled
1782984425.473,2026-07-02 09:27:05.474,ibuf_merges_insert,0,0,0.000000,enabled
1782984425.473,2026-07-02 09:27:05.474,ibuf_size,1,1,0.000499,enabled
1782984425.473,2026-07-02 09:27:05.474,innodb_activity_count,16368590,16368590,8175.986053,enabled
1782984425.473,2026-07-02 09:27:05.474,innodb_dblwr_pages_written,20690169,20690169,10334.581780,enabled
1782984425.473,2026-07-02 09:27:05.474,innodb_dblwr_writes,415622,415622,207.600023,enabled
1782984425.473,2026-07-02 09:27:05.474,innodb_page_size,16384,16384,0.000000,enabled
1782984425.473,2026-07-02 09:27:05.474,innodb_rwlock_sx_os_waits,0,0,0.000000,enabled
1782984425.473,2026-07-02 09:27:05.474,innodb_rwlock_sx_spin_rounds,0,0,0.000000,enabled
1782984425.473,2026-07-02 09:27:05.474,innodb_rwlock_sx_spin_waits,0,0,0.000000,enabled
1782984425.473,2026-07-02 09:27:05.474,innodb_rwlock_s_os_waits,0,0,0.000000,enabled
1782984425.473,2026-07-02 09:27:05.474,innodb_rwlock_s_spin_rounds,0,0,0.000000,enabled
1782984425.473,2026-07-02 09:27:05.474,innodb_rwlock_s_spin_waits,0,0,0.000000,enabled
1782984425.473,2026-07-02 09:27:05.474,innodb_rwlock_x_os_waits,0,0,0.000000,enabled
1782984425.473,2026-07-02 09:27:05.474,innodb_rwlock_x_spin_rounds,0,0,0.000000,enabled
1782984425.473,2026-07-02 09:27:05.474,innodb_rwlock_x_spin_waits,0,0,0.000000,enabled
1782984425.473,2026-07-02 09:27:05.474,lock_deadlocks,0,0,0.000000,enabled
1782984425.473,2026-07-02 09:27:05.474,lock_deadlock_false_positives,0,0,0.000000,enabled
1782984425.473,2026-07-02 09:27:05.474,lock_deadlock_rounds,2239,2239,1.118364,enabled
1782984425.473,2026-07-02 09:27:05.474,lock_rec_grant_attempts,425,425,0.212284,enabled
1782984425.473,2026-07-02 09:27:05.474,lock_rec_release_attempts,35607638,35607638,17785.747473,enabled
1782984425.473,2026-07-02 09:27:05.474,lock_row_lock_current_waits,0,0,0.000000,enabled
1782984425.473,2026-07-02 09:27:05.474,lock_row_lock_time,323,323,0.161336,enabled
1782984425.473,2026-07-02 09:27:05.474,lock_row_lock_time_avg,0,0,0.000000,enabled
1782984425.473,2026-07-02 09:27:05.474,lock_row_lock_time_max,29,29,0.000000,enabled
1782984425.473,2026-07-02 09:27:05.474,lock_row_lock_waits,425,425,0.212284,enabled
1782984425.473,2026-07-02 09:27:05.474,lock_schedule_refreshes,2239,2239,1.118364,enabled
1782984425.473,2026-07-02 09:27:05.474,lock_threads_waiting,0,0,0.000000,enabled
1782984425.473,2026-07-02 09:27:05.474,lock_timeouts,0,0,0.000000,enabled
1782984425.473,2026-07-02 09:27:05.474,log_waits,0,0,0.000000,enabled
1782984425.473,2026-07-02 09:27:05.474,log_writes,176348440,176348440,88084.707014,enabled
1782984425.473,2026-07-02 09:27:05.474,log_write_requests,383860894,383860894,191735.602563,enabled
1782984425.473,2026-07-02 09:27:05.474,os_data_fsyncs,45309115,45309115,22631.559665,enabled
1782984425.473,2026-07-02 09:27:05.474,os_data_reads,59310648,59310648,29625.219363,enabled
1782984425.473,2026-07-02 09:27:05.474,os_data_writes,197805792,197805792,98802.494541,enabled
1782984425.473,2026-07-02 09:27:05.474,os_log_bytes_written,114619094016,114619094016,57251368.961482,enabled
1782984425.473,2026-07-02 09:27:05.474,os_log_fsyncs,39846780,39846780,19903.164663,enabled
1782984425.473,2026-07-02 09:27:05.474,os_log_pending_fsyncs,1,1,0.000499,enabled
1782984425.473,2026-07-02 09:27:05.474,os_log_pending_writes,0,0,0.000000,enabled
1782984425.473,2026-07-02 09:27:05.474,trx_rseg_history_len,647,647,0.000000,enabled
1782984426.544,2026-07-02 09:27:06.546,adaptive_hash_searches,0,0,0.000000,enabled
1782984426.544,2026-07-02 09:27:06.546,adaptive_hash_searches_btree,548738763,548738763,273944.013322,enabled
1782984426.544,2026-07-02 09:27:06.546,buffer_data_reads,967755385344,967755385344,483127574.525787,enabled
1782984426.544,2026-07-02 09:27:06.546,buffer_data_written,488688646656,488688646656,243965534.981703,enabled
1782984426.544,2026-07-02 09:27:06.546,buffer_pages0_read,7,7,0.003495,enabled
1782984426.544,2026-07-02 09:27:06.546,buffer_pages_created,1803036,1803036,900.120455,enabled
1782984426.544,2026-07-02 09:27:06.546,buffer_pages_read,59233584,59233584,29570.879446,enabled
1782984426.544,2026-07-02 09:27:06.546,buffer_pages_written,20765105,20765105,10366.457293,enabled
1782984426.544,2026-07-02 09:27:06.546,buffer_pool_bytes_data,12850446336,12850446336,0.000000,enabled
1782984426.544,2026-07-02 09:27:06.546,buffer_pool_bytes_dirty,4625416192,4625416192,0.000000,enabled
1782984426.544,2026-07-02 09:27:06.546,buffer_pool_pages_data,784329,784329,0.000000,enabled
1782984426.544,2026-07-02 09:27:06.546,buffer_pool_pages_dirty,282313,282313,0.000000,enabled
1782984426.544,2026-07-02 09:27:06.546,buffer_pool_pages_flushed,20708015,20708015,0.000000,enabled
1782984426.544,2026-07-02 09:27:06.546,buffer_pool_pages_free,2009,2009,0.000000,enabled
1782984426.544,2026-07-02 09:27:06.546,buffer_pool_pages_lru_flushed,0,0,0.000000,enabled
1782984426.544,2026-07-02 09:27:06.546,buffer_pool_pages_misc,96,96,0.000000,enabled
1782984426.544,2026-07-02 09:27:06.546,buffer_pool_pages_total,786432,786432,0.000000,enabled
1782984426.544,2026-07-02 09:27:06.546,buffer_pool_reads,58353193,58353193,29131.367464,enabled
1782984426.544,2026-07-02 09:27:06.546,buffer_pool_read_ahead,803715,803715,401.234543,enabled
1782984426.544,2026-07-02 09:27:06.546,buffer_pool_read_ahead_evicted,25,25,0.012481,enabled
1782984426.544,2026-07-02 09:27:06.546,buffer_pool_read_requests,2636148678,2636148678,1316031.076612,enabled
1782984426.544,2026-07-02 09:27:06.546,buffer_pool_size,12884901888,12884901888,0.000000,enabled
1782984426.544,2026-07-02 09:27:06.546,buffer_pool_wait_free,18945,18945,9.457816,enabled
1782984426.544,2026-07-02 09:27:06.546,buffer_pool_write_requests,572118005,572118005,285615.557125,enabled
1782984426.544,2026-07-02 09:27:06.546,dml_deletes,11720454,11720454,5851.141427,enabled
1782984426.544,2026-07-02 09:27:06.546,dml_inserts,111605855,111605855,55716.411873,enabled
1782984426.544,2026-07-02 09:27:06.546,dml_system_deletes,468,468,0.233637,enabled
1782984426.544,2026-07-02 09:27:06.546,dml_system_inserts,1202,1202,0.600068,enabled
1782984426.544,2026-07-02 09:27:06.546,dml_system_reads,7661,7661,3.824561,enabled
1782984426.544,2026-07-02 09:27:06.546,dml_system_updates,620,620,0.309519,enabled
1782984426.544,2026-07-02 09:27:06.546,dml_updates,23441026,23441026,11702.341750,enabled
1782984426.544,2026-07-02 09:27:06.546,file_num_open_files,35,35,0.000000,enabled
1782984426.544,2026-07-02 09:27:06.546,ibuf_merges,0,0,0.000000,enabled
1782984426.544,2026-07-02 09:27:06.546,ibuf_merges_delete,0,0,0.000000,enabled
1782984426.544,2026-07-02 09:27:06.546,ibuf_merges_delete_mark,0,0,0.000000,enabled
1782984426.544,2026-07-02 09:27:06.546,ibuf_merges_discard_delete,0,0,0.000000,enabled
1782984426.544,2026-07-02 09:27:06.546,ibuf_merges_discard_delete_mark,0,0,0.000000,enabled
1782984426.544,2026-07-02 09:27:06.546,ibuf_merges_discard_insert,0,0,0.000000,enabled
1782984426.544,2026-07-02 09:27:06.546,ibuf_merges_insert,0,0,0.000000,enabled
1782984426.544,2026-07-02 09:27:06.546,ibuf_size,1,1,0.000499,enabled
1782984426.544,2026-07-02 09:27:06.546,innodb_activity_count,16374227,16374227,8174.420511,enabled
1782984426.544,2026-07-02 09:27:06.546,innodb_dblwr_pages_written,20706114,20706114,10337.005941,enabled
1782984426.544,2026-07-02 09:27:06.546,innodb_dblwr_writes,415989,415989,207.672032,enabled
1782984426.544,2026-07-02 09:27:06.546,innodb_page_size,16384,16384,0.000000,enabled
1782984426.544,2026-07-02 09:27:06.546,innodb_rwlock_sx_os_waits,0,0,0.000000,enabled
1782984426.544,2026-07-02 09:27:06.546,innodb_rwlock_sx_spin_rounds,0,0,0.000000,enabled
1782984426.544,2026-07-02 09:27:06.546,innodb_rwlock_sx_spin_waits,0,0,0.000000,enabled
1782984426.544,2026-07-02 09:27:06.546,innodb_rwlock_s_os_waits,0,0,0.000000,enabled
1782984426.544,2026-07-02 09:27:06.546,innodb_rwlock_s_spin_rounds,0,0,0.000000,enabled
1782984426.544,2026-07-02 09:27:06.546,innodb_rwlock_s_spin_waits,0,0,0.000000,enabled
1782984426.544,2026-07-02 09:27:06.546,innodb_rwlock_x_os_waits,0,0,0.000000,enabled
1782984426.544,2026-07-02 09:27:06.546,innodb_rwlock_x_spin_rounds,0,0,0.000000,enabled
1782984426.544,2026-07-02 09:27:06.546,innodb_rwlock_x_spin_waits,0,0,0.000000,enabled
1782984426.544,2026-07-02 09:27:06.546,lock_deadlocks,0,0,0.000000,enabled
1782984426.544,2026-07-02 09:27:06.546,lock_deadlock_false_positives,0,0,0.000000,enabled
1782984426.544,2026-07-02 09:27:06.546,lock_deadlock_rounds,2240,2240,1.118264,enabled
1782984426.544,2026-07-02 09:27:06.546,lock_rec_grant_attempts,425,425,0.212171,enabled
1782984426.544,2026-07-02 09:27:06.546,lock_rec_release_attempts,35622563,35622563,17783.670999,enabled
1782984426.544,2026-07-02 09:27:06.546,lock_row_lock_current_waits,0,0,0.000000,enabled
1782984426.544,2026-07-02 09:27:06.546,lock_row_lock_time,323,323,0.161250,enabled
1782984426.544,2026-07-02 09:27:06.546,lock_row_lock_time_avg,0,0,0.000000,enabled
1782984426.544,2026-07-02 09:27:06.546,lock_row_lock_time_max,29,29,0.000000,enabled
1782984426.544,2026-07-02 09:27:06.546,lock_row_lock_waits,425,425,0.212171,enabled
1782984426.544,2026-07-02 09:27:06.546,lock_schedule_refreshes,2240,2240,1.118264,enabled
1782984426.544,2026-07-02 09:27:06.546,lock_threads_waiting,0,0,0.000000,enabled
1782984426.544,2026-07-02 09:27:06.546,lock_timeouts,0,0,0.000000,enabled
1782984426.544,2026-07-02 09:27:06.546,log_waits,0,0,0.000000,enabled
1782984426.544,2026-07-02 09:27:06.546,log_writes,176429077,176429077,88077.778046,enabled
1782984426.544,2026-07-02 09:27:06.546,log_write_requests,383944171,383944171,191674.468135,enabled
1782984426.544,2026-07-02 09:27:06.546,os_data_fsyncs,45342267,45342267,22635.986798,enabled
1782984426.544,2026-07-02 09:27:06.546,os_data_reads,59367739,59367739,29637.851109,enabled
1782984426.544,2026-07-02 09:27:06.546,os_data_writes,197902616,197902616,98797.905407,enabled
1782984426.544,2026-07-02 09:27:06.546,os_log_bytes_written,114661450752,114661450752,57241846.342672,enabled
1782984426.544,2026-07-02 09:27:06.546,os_log_fsyncs,39874930,39874930,19906.556207,enabled
1782984426.544,2026-07-02 09:27:06.546,os_log_pending_fsyncs,1,1,0.000499,enabled
1782984426.544,2026-07-02 09:27:06.546,os_log_pending_writes,0,0,0.000000,enabled
1782984426.544,2026-07-02 09:27:06.546,trx_rseg_history_len,723,723,0.000000,enabled
1782984427.617,2026-07-02 09:27:07.619,adaptive_hash_searches,0,0,0.000000,enabled
1782984427.617,2026-07-02 09:27:07.619,adaptive_hash_searches_btree,548907395,548907395,273882.187074,enabled
1782984427.617,2026-07-02 09:27:07.619,buffer_data_reads,968687651328,968687651328,483335317.181896,enabled
1782984427.617,2026-07-02 09:27:07.619,buffer_data_written,488996340736,488996340736,243989072.092019,enabled
1782984427.617,2026-07-02 09:27:07.619,buffer_pages0_read,7,7,0.003493,enabled
1782984427.617,2026-07-02 09:27:07.619,buffer_pages_created,1803079,1803079,899.662309,enabled
1782984427.617,2026-07-02 09:27:07.619,buffer_pages_read,59290647,59290647,29583.595600,enabled
1782984427.617,2026-07-02 09:27:07.619,buffer_pages_written,20780951,20780951,10368.840347,enabled
1782984427.617,2026-07-02 09:27:07.619,buffer_pool_bytes_data,12849496064,12849496064,0.000000,enabled
1782984427.617,2026-07-02 09:27:07.619,buffer_pool_bytes_dirty,4630953984,4630953984,0.000000,enabled
1782984427.617,2026-07-02 09:27:07.619,buffer_pool_pages_data,784271,784271,0.000000,enabled
1782984427.617,2026-07-02 09:27:07.619,buffer_pool_pages_dirty,282651,282651,0.000000,enabled
1782984427.617,2026-07-02 09:27:07.619,buffer_pool_pages_flushed,20723881,20723881,0.000000,enabled
1782984427.617,2026-07-02 09:27:07.619,buffer_pool_pages_free,2065,2065,0.000000,enabled
1782984427.617,2026-07-02 09:27:07.619,buffer_pool_pages_lru_flushed,0,0,0.000000,enabled
1782984427.617,2026-07-02 09:27:07.619,buffer_pool_pages_misc,96,96,0.000000,enabled
1782984427.617,2026-07-02 09:27:07.619,buffer_pool_pages_total,786432,786432,0.000000,enabled
1782984427.617,2026-07-02 09:27:07.619,buffer_pool_reads,58410207,58410207,29144.293378,enabled
1782984427.617,2026-07-02 09:27:07.619,buffer_pool_read_ahead,803715,803715,401.020758,enabled
1782984427.617,2026-07-02 09:27:07.619,buffer_pool_read_ahead_evicted,25,25,0.012474,enabled
1782984427.617,2026-07-02 09:27:07.619,buffer_pool_read_requests,2636984696,2636984696,1315747.009195,enabled
1782984427.617,2026-07-02 09:27:07.619,buffer_pool_size,12884901888,12884901888,0.000000,enabled
1782984427.617,2026-07-02 09:27:07.619,buffer_pool_wait_free,18945,18945,9.452777,enabled
1782984427.617,2026-07-02 09:27:07.619,buffer_pool_write_requests,572232631,572232631,285520.569513,enabled
1782984427.617,2026-07-02 09:27:07.619,dml_deletes,11725315,11725315,5850.449177,enabled
1782984427.617,2026-07-02 09:27:07.619,dml_inserts,111610715,111610715,55689.149210,enabled
1782984427.617,2026-07-02 09:27:07.619,dml_system_deletes,468,468,0.233513,enabled
1782984427.617,2026-07-02 09:27:07.619,dml_system_inserts,1202,1202,0.599748,enabled
1782984427.617,2026-07-02 09:27:07.619,dml_system_reads,7661,7661,3.822523,enabled
1782984427.617,2026-07-02 09:27:07.619,dml_system_updates,620,620,0.309354,enabled
1782984427.617,2026-07-02 09:27:07.619,dml_updates,23450747,23450747,11700.956720,enabled
1782984427.617,2026-07-02 09:27:07.619,file_num_open_files,35,35,0.000000,enabled
1782984427.617,2026-07-02 09:27:07.619,ibuf_merges,0,0,0.000000,enabled
1782984427.617,2026-07-02 09:27:07.619,ibuf_merges_delete,0,0,0.000000,enabled
1782984427.617,2026-07-02 09:27:07.619,ibuf_merges_delete_mark,0,0,0.000000,enabled
1782984427.617,2026-07-02 09:27:07.619,ibuf_merges_discard_delete,0,0,0.000000,enabled
1782984427.617,2026-07-02 09:27:07.619,ibuf_merges_discard_delete_mark,0,0,0.000000,enabled
1782984427.617,2026-07-02 09:27:07.619,ibuf_merges_discard_insert,0,0,0.000000,enabled
1782984427.617,2026-07-02 09:27:07.619,ibuf_merges_insert,0,0,0.000000,enabled
1782984427.617,2026-07-02 09:27:07.619,ibuf_size,1,1,0.000499,enabled
1782984427.617,2026-07-02 09:27:07.619,innodb_activity_count,16379811,16379811,8172.851089,enabled
1782984427.617,2026-07-02 09:27:07.619,innodb_dblwr_pages_written,20721959,20721959,10339.404034,enabled
1782984427.617,2026-07-02 09:27:07.619,innodb_dblwr_writes,416366,416366,207.749485,enabled
1782984427.617,2026-07-02 09:27:07.619,innodb_page_size,16384,16384,0.000000,enabled
1782984427.617,2026-07-02 09:27:07.619,innodb_rwlock_sx_os_waits,0,0,0.000000,enabled
1782984427.617,2026-07-02 09:27:07.619,innodb_rwlock_sx_spin_rounds,0,0,0.000000,enabled
1782984427.617,2026-07-02 09:27:07.619,innodb_rwlock_sx_spin_waits,0,0,0.000000,enabled
1782984427.617,2026-07-02 09:27:07.619,innodb_rwlock_s_os_waits,0,0,0.000000,enabled
1782984427.617,2026-07-02 09:27:07.619,innodb_rwlock_s_spin_rounds,0,0,0.000000,enabled
1782984427.617,2026-07-02 09:27:07.619,innodb_rwlock_s_spin_waits,0,0,0.000000,enabled
1782984427.617,2026-07-02 09:27:07.619,innodb_rwlock_x_os_waits,0,0,0.000000,enabled
1782984427.617,2026-07-02 09:27:07.619,innodb_rwlock_x_spin_rounds,0,0,0.000000,enabled
1782984427.617,2026-07-02 09:27:07.619,innodb_rwlock_x_spin_waits,0,0,0.000000,enabled
1782984427.617,2026-07-02 09:27:07.619,lock_deadlocks,0,0,0.000000,enabled
1782984427.617,2026-07-02 09:27:07.619,lock_deadlock_false_positives,0,0,0.000000,enabled
1782984427.617,2026-07-02 09:27:07.619,lock_deadlock_rounds,2241,2241,1.118167,enabled
1782984427.617,2026-07-02 09:27:07.619,lock_rec_grant_attempts,425,425,0.212058,enabled
1782984427.617,2026-07-02 09:27:07.619,lock_rec_release_attempts,35637339,35637339,17781.568165,enabled
1782984427.617,2026-07-02 09:27:07.619,lock_row_lock_current_waits,0,0,0.000000,enabled
1782984427.617,2026-07-02 09:27:07.619,lock_row_lock_time,323,323,0.161164,enabled
1782984427.617,2026-07-02 09:27:07.619,lock_row_lock_time_avg,0,0,0.000000,enabled
1782984427.617,2026-07-02 09:27:07.619,lock_row_lock_time_max,29,29,0.000000,enabled
1782984427.617,2026-07-02 09:27:07.619,lock_row_lock_waits,425,425,0.212058,enabled
1782984427.617,2026-07-02 09:27:07.619,lock_schedule_refreshes,2241,2241,1.118167,enabled
1782984427.617,2026-07-02 09:27:07.619,lock_threads_waiting,0,0,0.000000,enabled
1782984427.617,2026-07-02 09:27:07.619,lock_timeouts,0,0,0.000000,enabled
1782984427.617,2026-07-02 09:27:07.619,log_waits,0,0,0.000000,enabled
1782984427.617,2026-07-02 09:27:07.619,log_writes,176509169,176509169,88070.810026,enabled
1782984427.617,2026-07-02 09:27:07.619,log_write_requests,384026729,384026729,191613.530984,enabled
1782984427.617,2026-07-02 09:27:07.619,os_data_fsyncs,45376100,45376100,22640.806940,enabled
1782984427.617,2026-07-02 09:27:07.619,os_data_reads,59424649,59424649,29650.454919,enabled
1782984427.617,2026-07-02 09:27:07.619,os_data_writes,197998844,197998844,98793.276742,enabled
1782984427.617,2026-07-02 09:27:07.619,os_log_bytes_written,114703557120,114703557120,57232355.483196,enabled
1782984427.617,2026-07-02 09:27:07.619,os_log_fsyncs,39903754,39903754,19910.331374,enabled
1782984427.617,2026-07-02 09:27:07.619,os_log_pending_fsyncs,0,0,0.000000,enabled
1782984427.617,2026-07-02 09:27:07.619,os_log_pending_writes,0,0,0.000000,enabled
1782984427.617,2026-07-02 09:27:07.619,trx_rseg_history_len,762,762,0.000000,enabled
1782984428.685,2026-07-02 09:27:08.686,adaptive_hash_searches,0,0,0.000000,enabled
1782984428.685,2026-07-02 09:27:08.686,adaptive_hash_searches_btree,549079543,549079543,273821.156392,enabled
1782984428.685,2026-07-02 09:27:08.686,buffer_data_reads,969637071360,969637071360,483549574.092329,enabled
1782984428.685,2026-07-02 09:27:08.686,buffer_data_written,489306991104,489306991104,244013140.563847,enabled
1782984428.685,2026-07-02 09:27:08.686,buffer_pages0_read,7,7,0.003491,enabled
1782984428.685,2026-07-02 09:27:08.686,buffer_pages_created,1803118,1803118,899.199272,enabled
1782984428.685,2026-07-02 09:27:08.686,buffer_pages_read,59348775,59348775,29596.717965,enabled
1782984428.685,2026-07-02 09:27:08.686,buffer_pages_written,20796952,20796952,10371.259138,enabled
1782984428.685,2026-07-02 09:27:08.686,buffer_pool_bytes_data,12850184192,12850184192,0.000000,enabled
1782984428.685,2026-07-02 09:27:08.686,buffer_pool_bytes_dirty,4638326784,4638326784,0.000000,enabled
1782984428.685,2026-07-02 09:27:08.686,buffer_pool_pages_data,784313,784313,0.000000,enabled
1782984428.685,2026-07-02 09:27:08.686,buffer_pool_pages_dirty,283101,283101,0.000000,enabled
1782984428.685,2026-07-02 09:27:08.686,buffer_pool_pages_flushed,20739882,20739882,0.000000,enabled
1782984428.685,2026-07-02 09:27:08.686,buffer_pool_pages_free,2023,2023,0.000000,enabled
1782984428.685,2026-07-02 09:27:08.686,buffer_pool_pages_lru_flushed,0,0,0.000000,enabled
1782984428.685,2026-07-02 09:27:08.686,buffer_pool_pages_misc,96,96,0.000000,enabled
1782984428.685,2026-07-02 09:27:08.686,buffer_pool_pages_total,786432,786432,0.000000,enabled
1782984428.685,2026-07-02 09:27:08.686,buffer_pool_reads,58468280,58468280,29157.623817,enabled
1782984428.685,2026-07-02 09:27:08.686,buffer_pool_read_ahead,803715,803715,400.805691,enabled
1782984428.685,2026-07-02 09:27:08.686,buffer_pool_read_ahead_evicted,25,25,0.012467,enabled
1782984428.685,2026-07-02 09:27:08.686,buffer_pool_read_requests,2637837885,2637837885,1315466.853715,enabled
1782984428.685,2026-07-02 09:27:08.686,buffer_pool_size,12884901888,12884901888,0.000000,enabled
1782984428.685,2026-07-02 09:27:08.686,buffer_pool_wait_free,18945,18945,9.447707,enabled
1782984428.685,2026-07-02 09:27:08.686,buffer_pool_write_requests,572349303,572349303,285425.628521,enabled
1782984428.685,2026-07-02 09:27:08.686,dml_deletes,11730281,11730281,5849.788177,enabled
1782984428.685,2026-07-02 09:27:08.686,dml_inserts,111615681,111615681,55661.760506,enabled
1782984428.685,2026-07-02 09:27:08.686,dml_system_deletes,468,468,0.233387,enabled
1782984428.685,2026-07-02 09:27:08.686,dml_system_inserts,1202,1202,0.599427,enabled
1782984428.685,2026-07-02 09:27:08.686,dml_system_reads,7661,7661,3.820473,enabled
1782984428.685,2026-07-02 09:27:08.686,dml_system_updates,620,620,0.309189,enabled
1782984428.685,2026-07-02 09:27:08.686,dml_updates,23460683,23460683,11699.636685,enabled
1782984428.685,2026-07-02 09:27:08.686,file_num_open_files,35,35,0.000000,enabled
1782984428.685,2026-07-02 09:27:08.686,ibuf_merges,0,0,0.000000,enabled
1782984428.685,2026-07-02 09:27:08.686,ibuf_merges_delete,0,0,0.000000,enabled
1782984428.685,2026-07-02 09:27:08.686,ibuf_merges_delete_mark,0,0,0.000000,enabled
1782984428.685,2026-07-02 09:27:08.686,ibuf_merges_discard_delete,0,0,0.000000,enabled
1782984428.685,2026-07-02 09:27:08.686,ibuf_merges_discard_delete_mark,0,0,0.000000,enabled
1782984428.685,2026-07-02 09:27:08.686,ibuf_merges_discard_insert,0,0,0.000000,enabled
1782984428.685,2026-07-02 09:27:08.686,ibuf_merges_insert,0,0,0.000000,enabled
1782984428.685,2026-07-02 09:27:08.686,ibuf_size,1,1,0.000499,enabled
1782984428.685,2026-07-02 09:27:08.686,innodb_activity_count,16385518,16385518,8171.314135,enabled
1782984428.685,2026-07-02 09:27:08.686,innodb_dblwr_pages_written,20737960,20737960,10341.838727,enabled
1782984428.685,2026-07-02 09:27:08.686,innodb_dblwr_writes,416746,416746,207.827574,enabled
1782984428.685,2026-07-02 09:27:08.686,innodb_page_size,16384,16384,0.000000,enabled
1782984428.685,2026-07-02 09:27:08.686,innodb_rwlock_sx_os_waits,0,0,0.000000,enabled
1782984428.685,2026-07-02 09:27:08.686,innodb_rwlock_sx_spin_rounds,0,0,0.000000,enabled
1782984428.685,2026-07-02 09:27:08.686,innodb_rwlock_sx_spin_waits,0,0,0.000000,enabled
1782984428.685,2026-07-02 09:27:08.686,innodb_rwlock_s_os_waits,0,0,0.000000,enabled
1782984428.685,2026-07-02 09:27:08.686,innodb_rwlock_s_spin_rounds,0,0,0.000000,enabled
1782984428.685,2026-07-02 09:27:08.686,innodb_rwlock_s_spin_waits,0,0,0.000000,enabled
1782984428.685,2026-07-02 09:27:08.686,innodb_rwlock_x_os_waits,0,0,0.000000,enabled
1782984428.685,2026-07-02 09:27:08.686,innodb_rwlock_x_spin_rounds,0,0,0.000000,enabled
1782984428.685,2026-07-02 09:27:08.686,innodb_rwlock_x_spin_waits,0,0,0.000000,enabled
1782984428.685,2026-07-02 09:27:08.686,lock_deadlocks,0,0,0.000000,enabled
1782984428.685,2026-07-02 09:27:08.686,lock_deadlock_false_positives,0,0,0.000000,enabled
1782984428.685,2026-07-02 09:27:08.686,lock_deadlock_rounds,2242,2242,1.118066,enabled
1782984428.685,2026-07-02 09:27:08.686,lock_rec_grant_attempts,425,425,0.211944,enabled
1782984428.685,2026-07-02 09:27:08.686,lock_rec_release_attempts,35652434,35652434,17779.559649,enabled
1782984428.685,2026-07-02 09:27:08.686,lock_row_lock_current_waits,0,0,0.000000,enabled
1782984428.685,2026-07-02 09:27:08.686,lock_row_lock_time,323,323,0.161077,enabled
1782984428.685,2026-07-02 09:27:08.686,lock_row_lock_time_avg,0,0,0.000000,enabled
1782984428.685,2026-07-02 09:27:08.686,lock_row_lock_time_max,29,29,0.000000,enabled
1782984428.685,2026-07-02 09:27:08.686,lock_row_lock_waits,425,425,0.211944,enabled
1782984428.685,2026-07-02 09:27:08.686,lock_schedule_refreshes,2242,2242,1.118066,enabled
1782984428.685,2026-07-02 09:27:08.686,lock_threads_waiting,0,0,0.000000,enabled
1782984428.685,2026-07-02 09:27:08.686,lock_timeouts,0,0,0.000000,enabled
1782984428.685,2026-07-02 09:27:08.686,log_waits,0,0,0.000000,enabled
1782984428.685,2026-07-02 09:27:08.686,log_writes,176589910,176589910,88063.843944,enabled
1782984428.685,2026-07-02 09:27:08.686,log_write_requests,384111103,384111103,191552.848433,enabled
1782984428.685,2026-07-02 09:27:08.686,os_data_fsyncs,45410883,45410883,22646.011005,enabled
1782984428.685,2026-07-02 09:27:08.686,os_data_reads,59482610,59482610,29663.458494,enabled
1782984428.685,2026-07-02 09:27:08.686,os_data_writes,198095870,198095870,98788.681455,enabled
1782984428.685,2026-07-02 09:27:08.686,os_log_bytes_written,114745835008,114745835008,57222746.313674,enabled
1782984428.685,2026-07-02 09:27:08.686,os_log_fsyncs,39933524,39933524,19914.499822,enabled
1782984428.685,2026-07-02 09:27:08.686,os_log_pending_fsyncs,1,1,0.000499,enabled
1782984428.685,2026-07-02 09:27:08.686,os_log_pending_writes,0,0,0.000000,enabled
1782984428.685,2026-07-02 09:27:08.686,trx_rseg_history_len,913,913,0.000000,enabled
1782984429.760,2026-07-02 09:27:09.762,adaptive_hash_searches,0,0,0.000000,enabled
1782984429.760,2026-07-02 09:27:09.762,adaptive_hash_searches_btree,549250136,549250136,273759.890081,enabled
1782984429.760,2026-07-02 09:27:09.762,buffer_data_reads,970582084096,970582084096,483762243.968258,enabled
1782984429.760,2026-07-02 09:27:09.762,buffer_data_written,489616103424,489616103424,244036839.932565,enabled
1782984429.760,2026-07-02 09:27:09.762,buffer_pages0_read,7,7,0.003489,enabled
1782984429.760,2026-07-02 09:27:09.762,buffer_pages_created,1803155,1803155,898.737296,enabled
1782984429.760,2026-07-02 09:27:09.762,buffer_pages_read,59406626,59406626,29609.739591,enabled
1782984429.760,2026-07-02 09:27:09.762,buffer_pages_written,20812874,20812874,10373.653971,enabled
1782984429.760,2026-07-02 09:27:09.762,buffer_pool_bytes_data,12848807936,12848807936,0.000000,enabled
1782984429.760,2026-07-02 09:27:09.762,buffer_pool_bytes_dirty,4646141952,4646141952,0.000000,enabled
1782984429.760,2026-07-02 09:27:09.762,buffer_pool_pages_data,784231,784231,0.000000,enabled
1782984429.760,2026-07-02 09:27:09.762,buffer_pool_pages_dirty,283578,283578,0.000000,enabled
1782984429.760,2026-07-02 09:27:09.762,buffer_pool_pages_flushed,20755804,20755804,0.000000,enabled
1782984429.760,2026-07-02 09:27:09.762,buffer_pool_pages_free,2106,2106,0.000000,enabled
1782984429.760,2026-07-02 09:27:09.762,buffer_pool_pages_lru_flushed,0,0,0.000000,enabled
1782984429.760,2026-07-02 09:27:09.762,buffer_pool_pages_misc,96,96,0.000000,enabled
1782984429.760,2026-07-02 09:27:09.762,buffer_pool_pages_total,786432,786432,0.000000,enabled
1782984429.760,2026-07-02 09:27:09.762,buffer_pool_reads,58526063,58526063,29170.846330,enabled
1782984429.760,2026-07-02 09:27:09.762,buffer_pool_read_ahead,803715,803715,400.591553,enabled
1782984429.760,2026-07-02 09:27:09.762,buffer_pool_read_ahead_evicted,25,25,0.012461,enabled
1782984429.760,2026-07-02 09:27:09.762,buffer_pool_read_requests,2638683121,2638683121,1315185.327599,enabled
1782984429.760,2026-07-02 09:27:09.762,buffer_pool_size,12884901888,12884901888,0.000000,enabled
1782984429.760,2026-07-02 09:27:09.762,buffer_pool_wait_free,18945,18945,9.442659,enabled
1782984429.760,2026-07-02 09:27:09.762,buffer_pool_write_requests,572464900,572464900,285330.750926,enabled
1782984429.760,2026-07-02 09:27:09.762,dml_deletes,11735205,11735205,5849.117021,enabled
1782984429.760,2026-07-02 09:27:09.762,dml_inserts,111620606,111620606,55634.476528,enabled
1782984429.760,2026-07-02 09:27:09.762,dml_system_deletes,468,468,0.233263,enabled
1782984429.760,2026-07-02 09:27:09.762,dml_system_inserts,1202,1202,0.599107,enabled
1782984429.760,2026-07-02 09:27:09.762,dml_system_reads,7661,7661,3.818432,enabled
1782984429.760,2026-07-02 09:27:09.762,dml_system_updates,620,620,0.309023,enabled
1782984429.760,2026-07-02 09:27:09.762,dml_updates,23470527,23470527,11698.292346,enabled
1782984429.760,2026-07-02 09:27:09.762,file_num_open_files,35,35,0.000000,enabled
1782984429.760,2026-07-02 09:27:09.762,ibuf_merges,0,0,0.000000,enabled
1782984429.760,2026-07-02 09:27:09.762,ibuf_merges_delete,0,0,0.000000,enabled
1782984429.760,2026-07-02 09:27:09.762,ibuf_merges_delete_mark,0,0,0.000000,enabled
1782984429.760,2026-07-02 09:27:09.762,ibuf_merges_discard_delete,0,0,0.000000,enabled
1782984429.760,2026-07-02 09:27:09.762,ibuf_merges_discard_delete_mark,0,0,0.000000,enabled
1782984429.760,2026-07-02 09:27:09.762,ibuf_merges_discard_insert,0,0,0.000000,enabled
1782984429.760,2026-07-02 09:27:09.762,ibuf_merges_insert,0,0,0.000000,enabled
1782984429.760,2026-07-02 09:27:09.762,ibuf_size,1,1,0.000498,enabled
1782984429.760,2026-07-02 09:27:09.762,innodb_activity_count,16391172,16391172,8169.766506,enabled
1782984429.760,2026-07-02 09:27:09.762,innodb_dblwr_pages_written,20753882,20753882,10344.249261,enabled
1782984429.760,2026-07-02 09:27:09.762,innodb_dblwr_writes,417103,417103,207.894475,enabled
1782984429.760,2026-07-02 09:27:09.762,innodb_page_size,16384,16384,0.000000,enabled
1782984429.760,2026-07-02 09:27:09.762,innodb_rwlock_sx_os_waits,0,0,0.000000,enabled
1782984429.760,2026-07-02 09:27:09.762,innodb_rwlock_sx_spin_rounds,0,0,0.000000,enabled
1782984429.760,2026-07-02 09:27:09.762,innodb_rwlock_sx_spin_waits,0,0,0.000000,enabled
1782984429.760,2026-07-02 09:27:09.762,innodb_rwlock_s_os_waits,0,0,0.000000,enabled
1782984429.760,2026-07-02 09:27:09.762,innodb_rwlock_s_spin_rounds,0,0,0.000000,enabled
1782984429.760,2026-07-02 09:27:09.762,innodb_rwlock_s_spin_waits,0,0,0.000000,enabled
1782984429.760,2026-07-02 09:27:09.762,innodb_rwlock_x_os_waits,0,0,0.000000,enabled
1782984429.760,2026-07-02 09:27:09.762,innodb_rwlock_x_spin_rounds,0,0,0.000000,enabled
1782984429.760,2026-07-02 09:27:09.762,innodb_rwlock_x_spin_waits,0,0,0.000000,enabled
1782984429.760,2026-07-02 09:27:09.762,lock_deadlocks,0,0,0.000000,enabled
1782984429.760,2026-07-02 09:27:09.762,lock_deadlock_false_positives,0,0,0.000000,enabled
1782984429.760,2026-07-02 09:27:09.762,lock_deadlock_rounds,2243,2243,1.117967,enabled
1782984429.760,2026-07-02 09:27:09.762,lock_rec_grant_attempts,425,425,0.211831,enabled
1782984429.760,2026-07-02 09:27:09.762,lock_rec_release_attempts,35667403,35667403,17777.521532,enabled
1782984429.760,2026-07-02 09:27:09.762,lock_row_lock_current_waits,0,0,0.000000,enabled
1782984429.760,2026-07-02 09:27:09.762,lock_row_lock_time,323,323,0.160991,enabled
1782984429.760,2026-07-02 09:27:09.762,lock_row_lock_time_avg,0,0,0.000000,enabled
1782984429.760,2026-07-02 09:27:09.762,lock_row_lock_time_max,29,29,0.000000,enabled
1782984429.760,2026-07-02 09:27:09.762,lock_row_lock_waits,425,425,0.211831,enabled
1782984429.760,2026-07-02 09:27:09.762,lock_schedule_refreshes,2243,2243,1.117967,enabled
1782984429.760,2026-07-02 09:27:09.762,lock_threads_waiting,0,0,0.000000,enabled
1782984429.760,2026-07-02 09:27:09.762,lock_timeouts,0,0,0.000000,enabled
1782984429.760,2026-07-02 09:27:09.762,log_waits,0,0,0.000000,enabled
1782984429.760,2026-07-02 09:27:09.762,log_writes,176670163,176670163,88056.794081,enabled
1782984429.760,2026-07-02 09:27:09.762,log_write_requests,384194656,384194656,191492.152166,enabled
1782984429.760,2026-07-02 09:27:09.762,os_data_fsyncs,45445885,45445885,22651.357708,enabled
1782984429.760,2026-07-02 09:27:09.762,os_data_reads,59540314,59540314,29676.371188,enabled
1782984429.760,2026-07-02 09:27:09.762,os_data_writes,198192307,198192307,98783.967874,enabled
1782984429.760,2026-07-02 09:27:09.762,os_log_bytes_written,114787857920,114787857920,57213118.980187,enabled
1782984429.760,2026-07-02 09:27:09.762,os_log_fsyncs,39963568,39963568,19918.834713,enabled
1782984429.760,2026-07-02 09:27:09.762,os_log_pending_fsyncs,1,1,0.000498,enabled
1782984429.760,2026-07-02 09:27:09.762,os_log_pending_writes,0,0,0.000000,enabled
1782984429.760,2026-07-02 09:27:09.762,trx_rseg_history_len,1017,1017,0.000000,enabled
1782984430.832,2026-07-02 09:27:10.834,adaptive_hash_searches,0,0,0.000000,enabled
1782984430.832,2026-07-02 09:27:10.834,adaptive_hash_searches_btree,549421096,549421096,273698.747103,enabled
1782984430.832,2026-07-02 09:27:10.834,buffer_data_reads,971534830080,971534830080,483978333.792987,enabled
1782984430.832,2026-07-02 09:27:10.834,buffer_data_written,489929359360,489929359360,244062474.625452,enabled
1782984430.832,2026-07-02 09:27:10.834,buffer_pages0_read,7,7,0.003487,enabled
1782984430.832,2026-07-02 09:27:10.834,buffer_pages_created,1803194,1803194,898.276427,enabled
1782984430.832,2026-07-02 09:27:10.834,buffer_pages_read,59464921,59464921,29622.955922,enabled
1782984430.832,2026-07-02 09:27:10.834,buffer_pages_written,20829018,20829018,10376.152428,enabled
1782984430.832,2026-07-02 09:27:10.834,buffer_pool_bytes_data,12860768256,12860768256,0.000000,enabled
1782984430.832,2026-07-02 09:27:10.834,buffer_pool_bytes_dirty,4649615360,4649615360,0.000000,enabled
1782984430.832,2026-07-02 09:27:10.834,buffer_pool_pages_data,784959,784959,0.000000,enabled
1782984430.832,2026-07-02 09:27:10.834,buffer_pool_pages_dirty,283790,283790,0.000000,enabled
1782984430.832,2026-07-02 09:27:10.834,buffer_pool_pages_flushed,20771948,20771948,0.000000,enabled
1782984430.832,2026-07-02 09:27:10.834,buffer_pool_pages_free,1375,1375,0.000000,enabled
1782984430.832,2026-07-02 09:27:10.834,buffer_pool_pages_lru_flushed,0,0,0.000000,enabled
1782984430.832,2026-07-02 09:27:10.834,buffer_pool_pages_misc,96,96,0.000000,enabled
1782984430.832,2026-07-02 09:27:10.834,buffer_pool_pages_total,786432,786432,0.000000,enabled
1782984430.832,2026-07-02 09:27:10.834,buffer_pool_reads,58584297,58584297,29184.266710,enabled
1782984430.832,2026-07-02 09:27:10.834,buffer_pool_read_ahead,803715,803715,400.377471,enabled
1782984430.832,2026-07-02 09:27:10.834,buffer_pool_read_ahead_evicted,25,25,0.012454,enabled
1782984430.832,2026-07-02 09:27:10.834,buffer_pool_read_requests,2639530100,2639530100,1314904.401573,enabled
1782984430.832,2026-07-02 09:27:10.834,buffer_pool_size,12884901888,12884901888,0.000000,enabled
1782984430.832,2026-07-02 09:27:10.834,buffer_pool_wait_free,18945,18945,9.437613,enabled
1782984430.832,2026-07-02 09:27:10.834,buffer_pool_write_requests,572580200,572580200,285235.703306,enabled
1782984430.832,2026-07-02 09:27:10.834,dml_deletes,11740146,11740146,5848.452442,enabled
1782984430.832,2026-07-02 09:27:10.834,dml_inserts,111625548,111625548,55607.205347,enabled
1782984430.832,2026-07-02 09:27:10.834,dml_system_deletes,468,468,0.233138,enabled
1782984430.832,2026-07-02 09:27:10.834,dml_system_inserts,1202,1202,0.598786,enabled
1782984430.832,2026-07-02 09:27:10.834,dml_system_reads,7661,7661,3.816392,enabled
1782984430.832,2026-07-02 09:27:10.834,dml_system_updates,620,620,0.308858,enabled
1782984430.832,2026-07-02 09:27:10.834,dml_updates,23480407,23480407,11696.962158,enabled
1782984430.832,2026-07-02 09:27:10.834,file_num_open_files,35,35,0.000000,enabled
1782984430.832,2026-07-02 09:27:10.834,ibuf_merges,0,0,0.000000,enabled
1782984430.832,2026-07-02 09:27:10.834,ibuf_merges_delete,0,0,0.000000,enabled
1782984430.832,2026-07-02 09:27:10.834,ibuf_merges_delete_mark,0,0,0.000000,enabled
1782984430.832,2026-07-02 09:27:10.834,ibuf_merges_discard_delete,0,0,0.000000,enabled
1782984430.832,2026-07-02 09:27:10.834,ibuf_merges_discard_delete_mark,0,0,0.000000,enabled
1782984430.832,2026-07-02 09:27:10.834,ibuf_merges_discard_insert,0,0,0.000000,enabled
1782984430.832,2026-07-02 09:27:10.834,ibuf_merges_insert,0,0,0.000000,enabled
1782984430.832,2026-07-02 09:27:10.834,ibuf_size,1,1,0.000498,enabled
1782984430.832,2026-07-02 09:27:10.834,innodb_activity_count,16396858,16396858,8168.232817,enabled
1782984430.832,2026-07-02 09:27:10.834,innodb_dblwr_pages_written,20770026,20770026,10346.763190,enabled
1782984430.832,2026-07-02 09:27:10.834,innodb_dblwr_writes,417465,417465,207.963702,enabled
1782984430.832,2026-07-02 09:27:10.834,innodb_page_size,16384,16384,0.000000,enabled
1782984430.832,2026-07-02 09:27:10.834,innodb_rwlock_sx_os_waits,0,0,0.000000,enabled
1782984430.832,2026-07-02 09:27:10.834,innodb_rwlock_sx_spin_rounds,0,0,0.000000,enabled
1782984430.832,2026-07-02 09:27:10.834,innodb_rwlock_sx_spin_waits,0,0,0.000000,enabled
1782984430.832,2026-07-02 09:27:10.834,innodb_rwlock_s_os_waits,0,0,0.000000,enabled
1782984430.832,2026-07-02 09:27:10.834,innodb_rwlock_s_spin_rounds,0,0,0.000000,enabled
1782984430.832,2026-07-02 09:27:10.834,innodb_rwlock_s_spin_waits,0,0,0.000000,enabled
1782984430.832,2026-07-02 09:27:10.834,innodb_rwlock_x_os_waits,0,0,0.000000,enabled
1782984430.832,2026-07-02 09:27:10.834,innodb_rwlock_x_spin_rounds,0,0,0.000000,enabled
1782984430.832,2026-07-02 09:27:10.834,innodb_rwlock_x_spin_waits,0,0,0.000000,enabled
1782984430.832,2026-07-02 09:27:10.834,lock_deadlocks,0,0,0.000000,enabled
1782984430.832,2026-07-02 09:27:10.834,lock_deadlock_false_positives,0,0,0.000000,enabled
1782984430.832,2026-07-02 09:27:10.834,lock_deadlock_rounds,2244,2244,1.117868,enabled
1782984430.832,2026-07-02 09:27:10.834,lock_rec_grant_attempts,425,425,0.211717,enabled
1782984430.832,2026-07-02 09:27:10.834,lock_rec_release_attempts,35682416,35682416,17775.499812,enabled
1782984430.832,2026-07-02 09:27:10.834,lock_row_lock_current_waits,0,0,0.000000,enabled
1782984430.832,2026-07-02 09:27:10.834,lock_row_lock_time,323,323,0.160905,enabled
1782984430.832,2026-07-02 09:27:10.834,lock_row_lock_time_avg,0,0,0.000000,enabled
1782984430.832,2026-07-02 09:27:10.834,lock_row_lock_time_max,29,29,0.000000,enabled
1782984430.832,2026-07-02 09:27:10.834,lock_row_lock_waits,425,425,0.211717,enabled
1782984430.832,2026-07-02 09:27:10.834,lock_schedule_refreshes,2244,2244,1.117868,enabled
1782984430.832,2026-07-02 09:27:10.834,lock_threads_waiting,0,0,0.000000,enabled
1782984430.832,2026-07-02 09:27:10.834,lock_timeouts,0,0,0.000000,enabled
1782984430.832,2026-07-02 09:27:10.834,log_waits,0,0,0.000000,enabled
1782984430.832,2026-07-02 09:27:10.834,log_writes,176751198,176751198,88050.101737,enabled
1782984430.832,2026-07-02 09:27:10.834,log_write_requests,384278445,384278445,191431.552323,enabled
1782984430.832,2026-07-02 09:27:10.834,os_data_fsyncs,45481019,45481019,22656.754552,enabled
1782984430.832,2026-07-02 09:27:10.834,os_data_reads,59598438,59598438,29689.466361,enabled
1782984430.832,2026-07-02 09:27:10.834,os_data_writes,198289751,198289751,98779.717799,enabled
1782984430.832,2026-07-02 09:27:10.834,os_log_bytes_written,114830282240,114830282240,57203676.850214,enabled
1782984430.832,2026-07-02 09:27:10.834,os_log_fsyncs,39993758,39993758,19923.228976,enabled
1782984430.832,2026-07-02 09:27:10.834,os_log_pending_fsyncs,0,0,0.000000,enabled
1782984430.832,2026-07-02 09:27:10.834,os_log_pending_writes,0,0,0.000000,enabled
1782984430.832,2026-07-02 09:27:10.834,trx_rseg_history_len,1156,1156,0.000000,enabled
1782984431.905,2026-07-02 09:27:11.907,adaptive_hash_searches,0,0,0.000000,enabled
1782984431.905,2026-07-02 09:27:11.907,adaptive_hash_searches_btree,549593277,549593277,273638.387261,enabled
1782984431.905,2026-07-02 09:27:11.907,buffer_data_reads,972489492992,972489492992,484195325.358024,enabled
1782984431.905,2026-07-02 09:27:11.907,buffer_data_written,490245261824,490245261824,244089489.396811,enabled
1782984431.905,2026-07-02 09:27:11.907,buffer_pages0_read,7,7,0.003485,enabled
1782984431.905,2026-07-02 09:27:11.907,buffer_pages_created,1803232,1803232,897.815884,enabled
1782984431.905,2026-07-02 09:27:11.907,buffer_pages_read,59523368,59523368,29636.244717,enabled
1782984431.905,2026-07-02 09:27:11.907,buffer_pages_written,20845306,20845306,10378.723734,enabled
1782984431.905,2026-07-02 09:27:11.907,buffer_pool_bytes_data,12853248000,12853248000,0.000000,enabled
1782984431.905,2026-07-02 09:27:11.907,buffer_pool_bytes_dirty,4652187648,4652187648,0.000000,enabled
1782984431.905,2026-07-02 09:27:11.907,buffer_pool_pages_data,784500,784500,0.000000,enabled
1782984431.905,2026-07-02 09:27:11.907,buffer_pool_pages_dirty,283947,283947,0.000000,enabled
1782984431.905,2026-07-02 09:27:11.907,buffer_pool_pages_flushed,20788236,20788236,0.000000,enabled
1782984431.905,2026-07-02 09:27:11.907,buffer_pool_pages_free,1836,1836,0.000000,enabled
1782984431.905,2026-07-02 09:27:11.907,buffer_pool_pages_lru_flushed,0,0,0.000000,enabled
1782984431.905,2026-07-02 09:27:11.907,buffer_pool_pages_misc,96,96,0.000000,enabled
1782984431.905,2026-07-02 09:27:11.907,buffer_pool_pages_total,786432,786432,0.000000,enabled
1782984431.905,2026-07-02 09:27:11.907,buffer_pool_reads,58642690,58642690,29197.762753,enabled
1782984431.905,2026-07-02 09:27:11.907,buffer_pool_read_ahead,803715,803715,400.163765,enabled
1782984431.905,2026-07-02 09:27:11.907,buffer_pool_read_ahead_evicted,25,25,0.012447,enabled
1782984431.905,2026-07-02 09:27:11.907,buffer_pool_read_requests,2640387093,2640387093,1314629.248770,enabled
1782984431.905,2026-07-02 09:27:11.907,buffer_pool_size,12884901888,12884901888,0.000000,enabled
1782984431.905,2026-07-02 09:27:11.907,buffer_pool_wait_free,18945,18945,9.432576,enabled
1782984431.905,2026-07-02 09:27:11.907,buffer_pool_write_requests,572700119,572700119,285143.162687,enabled
1782984431.905,2026-07-02 09:27:11.907,dml_deletes,11745112,11745112,5847.803344,enabled
1782984431.905,2026-07-02 09:27:11.907,dml_inserts,111630514,111630514,55579.997337,enabled
1782984431.905,2026-07-02 09:27:11.907,dml_system_deletes,468,468,0.233014,enabled
1782984431.905,2026-07-02 09:27:11.907,dml_system_inserts,1202,1202,0.598467,enabled
1782984431.905,2026-07-02 09:27:11.907,dml_system_reads,7661,7661,3.814355,enabled
1782984431.905,2026-07-02 09:27:11.907,dml_system_updates,620,620,0.308693,enabled
1782984431.905,2026-07-02 09:27:11.907,dml_updates,23490344,23490344,11695.666421,enabled
1782984431.905,2026-07-02 09:27:11.907,file_num_open_files,35,35,0.000000,enabled
1782984431.905,2026-07-02 09:27:11.907,ibuf_merges,0,0,0.000000,enabled
1782984431.905,2026-07-02 09:27:11.907,ibuf_merges_delete,0,0,0.000000,enabled
1782984431.905,2026-07-02 09:27:11.907,ibuf_merges_delete_mark,0,0,0.000000,enabled
1782984431.905,2026-07-02 09:27:11.907,ibuf_merges_discard_delete,0,0,0.000000,enabled
1782984431.905,2026-07-02 09:27:11.907,ibuf_merges_discard_delete_mark,0,0,0.000000,enabled
1782984431.905,2026-07-02 09:27:11.907,ibuf_merges_discard_insert,0,0,0.000000,enabled
1782984431.905,2026-07-02 09:27:11.907,ibuf_merges_insert,0,0,0.000000,enabled
1782984431.905,2026-07-02 09:27:11.907,ibuf_size,1,1,0.000498,enabled
1782984431.905,2026-07-02 09:27:11.907,innodb_activity_count,16402568,16402568,8166.715964,enabled
1782984431.905,2026-07-02 09:27:11.907,innodb_dblwr_pages_written,20786314,20786314,10349.350247,enabled
1782984431.905,2026-07-02 09:27:11.907,innodb_dblwr_writes,417822,417822,208.030448,enabled
1782984431.905,2026-07-02 09:27:11.907,innodb_page_size,16384,16384,0.000000,enabled
1782984431.905,2026-07-02 09:27:11.907,innodb_rwlock_sx_os_waits,0,0,0.000000,enabled
1782984431.905,2026-07-02 09:27:11.907,innodb_rwlock_sx_spin_rounds,0,0,0.000000,enabled
1782984431.905,2026-07-02 09:27:11.907,innodb_rwlock_sx_spin_waits,0,0,0.000000,enabled
1782984431.905,2026-07-02 09:27:11.907,innodb_rwlock_s_os_waits,0,0,0.000000,enabled
1782984431.905,2026-07-02 09:27:11.907,innodb_rwlock_s_spin_rounds,0,0,0.000000,enabled
1782984431.905,2026-07-02 09:27:11.907,innodb_rwlock_s_spin_waits,0,0,0.000000,enabled
1782984431.905,2026-07-02 09:27:11.907,innodb_rwlock_x_os_waits,0,0,0.000000,enabled
1782984431.905,2026-07-02 09:27:11.907,innodb_rwlock_x_spin_rounds,0,0,0.000000,enabled
1782984431.905,2026-07-02 09:27:11.907,innodb_rwlock_x_spin_waits,0,0,0.000000,enabled
1782984431.905,2026-07-02 09:27:11.907,lock_deadlocks,0,0,0.000000,enabled
1782984431.905,2026-07-02 09:27:11.907,lock_deadlock_false_positives,0,0,0.000000,enabled
1782984431.905,2026-07-02 09:27:11.907,lock_deadlock_rounds,2245,2245,1.117769,enabled
1782984431.905,2026-07-02 09:27:11.907,lock_rec_grant_attempts,425,425,0.211604,enabled
1782984431.905,2026-07-02 09:27:11.907,lock_rec_release_attempts,35697517,35697517,17773.530624,enabled
1782984431.905,2026-07-02 09:27:11.907,lock_row_lock_current_waits,0,0,0.000000,enabled
1782984431.905,2026-07-02 09:27:11.907,lock_row_lock_time,323,323,0.160819,enabled
1782984431.905,2026-07-02 09:27:11.907,lock_row_lock_time_avg,0,0,0.000000,enabled
1782984431.905,2026-07-02 09:27:11.907,lock_row_lock_time_max,29,29,0.000000,enabled
1782984431.905,2026-07-02 09:27:11.907,lock_row_lock_waits,425,425,0.211604,enabled
1782984431.905,2026-07-02 09:27:11.907,lock_schedule_refreshes,2245,2245,1.117769,enabled
1782984431.905,2026-07-02 09:27:11.907,lock_threads_waiting,0,0,0.000000,enabled
1782984431.905,2026-07-02 09:27:11.907,lock_timeouts,0,0,0.000000,enabled
1782984431.905,2026-07-02 09:27:11.907,log_waits,0,0,0.000000,enabled
1782984431.905,2026-07-02 09:27:11.907,log_writes,176833254,176833254,88043.959680,enabled
1782984431.905,2026-07-02 09:27:11.907,log_write_requests,384363915,384363915,191371.929761,enabled
1782984431.905,2026-07-02 09:27:11.907,os_data_fsyncs,45516275,45516275,22662.215064,enabled
1782984431.905,2026-07-02 09:27:11.907,os_data_reads,59656702,59656702,29702.628631,enabled
1782984431.905,2026-07-02 09:27:11.907,os_data_writes,198388338,198388338,98776.079219,enabled
1782984431.905,2026-07-02 09:27:11.907,os_log_bytes_written,114873217536,114873217536,57194521.201852,enabled
1782984431.905,2026-07-02 09:27:11.907,os_log_fsyncs,40023925,40023925,19927.614755,enabled
1782984431.905,2026-07-02 09:27:11.907,os_log_pending_fsyncs,1,1,0.000498,enabled
1782984431.905,2026-07-02 09:27:11.907,os_log_pending_writes,0,0,0.000000,enabled
1782984431.905,2026-07-02 09:27:11.907,trx_rseg_history_len,103,103,0.000000,enabled
1782984432.977,2026-07-02 09:27:12.978,adaptive_hash_searches,0,0,0.000000,enabled
1782984432.977,2026-07-02 09:27:12.978,adaptive_hash_searches_btree,549765468,549765468,273578.043760,enabled
1782984432.977,2026-07-02 09:27:12.978,buffer_data_reads,973438994944,973438994944,484409429.511296,enabled
1782984432.977,2026-07-02 09:27:12.978,buffer_data_written,490558819328,490558819328,244115264.385091,enabled
1782984432.977,2026-07-02 09:27:12.978,buffer_pages0_read,7,7,0.003483,enabled
1782984432.977,2026-07-02 09:27:12.978,buffer_pages_created,1803270,1803270,897.355669,enabled
1782984432.977,2026-07-02 09:27:12.978,buffer_pages_read,59581498,59581498,29649.356218,enabled
1782984432.977,2026-07-02 09:27:12.978,buffer_pages_written,20861460,20861460,10381.223735,enabled
1782984432.977,2026-07-02 09:27:12.978,buffer_pool_bytes_data,12850839552,12850839552,0.000000,enabled
1782984432.977,2026-07-02 09:27:12.978,buffer_pool_bytes_dirty,4656414720,4656414720,0.000000,enabled
1782984432.977,2026-07-02 09:27:12.978,buffer_pool_pages_data,784353,784353,0.000000,enabled
1782984432.977,2026-07-02 09:27:12.978,buffer_pool_pages_dirty,284205,284205,0.000000,enabled
1782984432.977,2026-07-02 09:27:12.978,buffer_pool_pages_flushed,20804279,20804279,0.000000,enabled
1782984432.977,2026-07-02 09:27:12.978,buffer_pool_pages_free,1986,1986,0.000000,enabled
1782984432.977,2026-07-02 09:27:12.978,buffer_pool_pages_lru_flushed,0,0,0.000000,enabled
1782984432.977,2026-07-02 09:27:12.978,buffer_pool_pages_misc,96,96,0.000000,enabled
1782984432.977,2026-07-02 09:27:12.978,buffer_pool_pages_total,786432,786432,0.000000,enabled
1782984432.977,2026-07-02 09:27:12.978,buffer_pool_reads,58700770,58700770,29211.083419,enabled
1782984432.977,2026-07-02 09:27:12.978,buffer_pool_read_ahead,803715,803715,399.950216,enabled
1782984432.977,2026-07-02 09:27:12.978,buffer_pool_read_ahead_evicted,25,25,0.012441,enabled
1782984432.977,2026-07-02 09:27:12.978,buffer_pool_read_requests,2641240154,2641240154,1314352.197365,enabled
1782984432.977,2026-07-02 09:27:12.978,buffer_pool_size,12884901888,12884901888,0.000000,enabled
1782984432.977,2026-07-02 09:27:12.978,buffer_pool_wait_free,18945,18945,9.427542,enabled
1782984432.977,2026-07-02 09:27:12.978,buffer_pool_write_requests,572816450,572816450,285048.884296,enabled
1782984432.977,2026-07-02 09:27:12.978,dml_deletes,11750077,11750077,5847.153298,enabled
1782984432.977,2026-07-02 09:27:12.978,dml_inserts,111635478,111635478,55552.806514,enabled
1782984432.977,2026-07-02 09:27:12.978,dml_system_deletes,468,468,0.232889,enabled
1782984432.977,2026-07-02 09:27:12.978,dml_system_inserts,1202,1202,0.598147,enabled
1782984432.977,2026-07-02 09:27:12.978,dml_system_reads,7661,7661,3.812319,enabled
1782984432.977,2026-07-02 09:27:12.978,dml_system_updates,620,620,0.308529,enabled
1782984432.977,2026-07-02 09:27:12.978,dml_updates,23500274,23500274,11694.366298,enabled
1782984432.977,2026-07-02 09:27:12.978,file_num_open_files,35,35,0.000000,enabled
1782984432.977,2026-07-02 09:27:12.978,ibuf_merges,0,0,0.000000,enabled
1782984432.977,2026-07-02 09:27:12.978,ibuf_merges_delete,0,0,0.000000,enabled
1782984432.977,2026-07-02 09:27:12.978,ibuf_merges_delete_mark,0,0,0.000000,enabled
1782984432.977,2026-07-02 09:27:12.978,ibuf_merges_discard_delete,0,0,0.000000,enabled
1782984432.977,2026-07-02 09:27:12.978,ibuf_merges_discard_delete_mark,0,0,0.000000,enabled
1782984432.977,2026-07-02 09:27:12.978,ibuf_merges_discard_insert,0,0,0.000000,enabled
1782984432.977,2026-07-02 09:27:12.978,ibuf_merges_insert,0,0,0.000000,enabled
1782984432.977,2026-07-02 09:27:12.978,ibuf_size,1,1,0.000498,enabled
1782984432.977,2026-07-02 09:27:12.978,innodb_activity_count,16408268,16408268,8165.194172,enabled
1782984432.977,2026-07-02 09:27:12.978,innodb_dblwr_pages_written,20802475,20802475,10351.869329,enabled
1782984432.977,2026-07-02 09:27:12.978,innodb_dblwr_writes,418200,418200,208.107533,enabled
1782984432.977,2026-07-02 09:27:12.978,innodb_page_size,16384,16384,0.000000,enabled
1782984432.977,2026-07-02 09:27:12.978,innodb_rwlock_sx_os_waits,0,0,0.000000,enabled
1782984432.977,2026-07-02 09:27:12.978,innodb_rwlock_sx_spin_rounds,0,0,0.000000,enabled
1782984432.977,2026-07-02 09:27:12.978,innodb_rwlock_sx_spin_waits,0,0,0.000000,enabled
1782984432.977,2026-07-02 09:27:12.978,innodb_rwlock_s_os_waits,0,0,0.000000,enabled
1782984432.977,2026-07-02 09:27:12.978,innodb_rwlock_s_spin_rounds,0,0,0.000000,enabled
1782984432.977,2026-07-02 09:27:12.978,innodb_rwlock_s_spin_waits,0,0,0.000000,enabled
1782984432.977,2026-07-02 09:27:12.978,innodb_rwlock_x_os_waits,0,0,0.000000,enabled
1782984432.977,2026-07-02 09:27:12.978,innodb_rwlock_x_spin_rounds,0,0,0.000000,enabled
1782984432.977,2026-07-02 09:27:12.978,innodb_rwlock_x_spin_waits,0,0,0.000000,enabled
1782984432.977,2026-07-02 09:27:12.978,lock_deadlocks,0,0,0.000000,enabled
1782984432.977,2026-07-02 09:27:12.978,lock_deadlock_false_positives,0,0,0.000000,enabled
1782984432.977,2026-07-02 09:27:12.978,lock_deadlock_rounds,2246,2246,1.117670,enabled
1782984432.977,2026-07-02 09:27:12.978,lock_rec_grant_attempts,425,425,0.211491,enabled
1782984432.977,2026-07-02 09:27:12.978,lock_rec_release_attempts,35712606,35712606,17771.554404,enabled
1782984432.977,2026-07-02 09:27:12.978,lock_row_lock_current_waits,0,0,0.000000,enabled
1782984432.977,2026-07-02 09:27:12.978,lock_row_lock_time,323,323,0.160733,enabled
1782984432.977,2026-07-02 09:27:12.978,lock_row_lock_time_avg,0,0,0.000000,enabled
1782984432.977,2026-07-02 09:27:12.978,lock_row_lock_time_max,29,29,0.000000,enabled
1782984432.977,2026-07-02 09:27:12.978,lock_row_lock_waits,425,425,0.211491,enabled
1782984432.977,2026-07-02 09:27:12.978,lock_schedule_refreshes,2246,2246,1.117670,enabled
1782984432.977,2026-07-02 09:27:12.978,lock_threads_waiting,0,0,0.000000,enabled
1782984432.977,2026-07-02 09:27:12.978,lock_timeouts,0,0,0.000000,enabled
1782984432.977,2026-07-02 09:27:12.978,log_waits,0,0,0.000000,enabled
1782984432.977,2026-07-02 09:27:12.978,log_writes,176914053,176914053,88037.181704,enabled
1782984432.977,2026-07-02 09:27:12.978,log_write_requests,384448278,384448278,191311.783086,enabled
1782984432.977,2026-07-02 09:27:12.978,os_data_fsyncs,45551391,45551391,22667.595728,enabled
1782984432.977,2026-07-02 09:27:12.978,os_data_reads,59714658,59714658,29715.617883,enabled
1782984432.977,2026-07-02 09:27:12.978,os_data_writes,198485584,198485584,98771.758250,enabled
1782984432.977,2026-07-02 09:27:12.978,os_log_bytes_written,114915552768,114915552768,57185065.701313,enabled
1782984432.977,2026-07-02 09:27:12.978,os_log_fsyncs,40054085,40054085,19931.988535,enabled
1782984432.977,2026-07-02 09:27:12.978,os_log_pending_fsyncs,1,1,0.000498,enabled
1782984432.977,2026-07-02 09:27:12.978,os_log_pending_writes,0,0,0.000000,enabled
1782984432.977,2026-07-02 09:27:12.978,trx_rseg_history_len,227,227,0.000000,enabled
1782984434.050,2026-07-02 09:27:14.052,adaptive_hash_searches,0,0,0.000000,enabled
1782984434.050,2026-07-02 09:27:14.052,adaptive_hash_searches_btree,549939481,549939481,273518.676461,enabled
1782984434.050,2026-07-02 09:27:14.052,buffer_data_reads,974400489984,974400489984,484629275.518305,enabled
1782984434.050,2026-07-02 09:27:14.052,buffer_data_written,490872672256,490872672256,244141161.431631,enabled
1782984434.050,2026-07-02 09:27:14.052,buffer_pages0_read,7,7,0.003482,enabled
1782984434.050,2026-07-02 09:27:14.052,buffer_pages_created,1803316,1803316,896.899935,enabled
1782984434.050,2026-07-02 09:27:14.052,buffer_pages_read,59640363,59640363,29662.819623,enabled
1782984434.050,2026-07-02 09:27:14.052,buffer_pages_written,20877675,20877675,10383.751525,enabled
1782984434.050,2026-07-02 09:27:14.052,buffer_pool_bytes_data,12854984704,12854984704,0.000000,enabled
1782984434.050,2026-07-02 09:27:14.052,buffer_pool_bytes_dirty,4661690368,4661690368,0.000000,enabled
1782984434.050,2026-07-02 09:27:14.052,buffer_pool_pages_data,784606,784606,0.000000,enabled
1782984434.050,2026-07-02 09:27:14.052,buffer_pool_pages_dirty,284527,284527,0.000000,enabled
1782984434.050,2026-07-02 09:27:14.052,buffer_pool_pages_flushed,20820605,20820605,0.000000,enabled
1782984434.050,2026-07-02 09:27:14.052,buffer_pool_pages_free,1730,1730,0.000000,enabled
1782984434.050,2026-07-02 09:27:14.052,buffer_pool_pages_lru_flushed,0,0,0.000000,enabled
1782984434.050,2026-07-02 09:27:14.052,buffer_pool_pages_misc,96,96,0.000000,enabled
1782984434.050,2026-07-02 09:27:14.052,buffer_pool_pages_total,786432,786432,0.000000,enabled
1782984434.050,2026-07-02 09:27:14.052,buffer_pool_reads,58759598,58759598,29224.762217,enabled
1782984434.050,2026-07-02 09:27:14.052,buffer_pool_read_ahead,803715,803715,399.736899,enabled
1782984434.050,2026-07-02 09:27:14.052,buffer_pool_read_ahead_evicted,25,25,0.012434,enabled
1782984434.050,2026-07-02 09:27:14.052,buffer_pool_read_requests,2642102214,2642102214,1314079.931728,enabled
1782984434.050,2026-07-02 09:27:14.052,buffer_pool_size,12884901888,12884901888,0.000000,enabled
1782984434.050,2026-07-02 09:27:14.052,buffer_pool_wait_free,18945,18945,9.422514,enabled
1782984434.050,2026-07-02 09:27:14.052,buffer_pool_write_requests,572934627,572934627,284955.627651,enabled
1782984434.050,2026-07-02 09:27:14.052,dml_deletes,11755102,11755102,5846.533920,enabled
1782984434.050,2026-07-02 09:27:14.052,dml_inserts,111640503,111640503,55525.676286,enabled
1782984434.050,2026-07-02 09:27:14.052,dml_system_deletes,468,468,0.232765,enabled
1782984434.050,2026-07-02 09:27:14.052,dml_system_inserts,1202,1202,0.597828,enabled
1782984434.050,2026-07-02 09:27:14.052,dml_system_reads,7661,7661,3.810286,enabled
1782984434.050,2026-07-02 09:27:14.052,dml_system_updates,620,620,0.308364,enabled
1782984434.050,2026-07-02 09:27:14.052,dml_updates,23510319,23510319,11693.125024,enabled
1782984434.050,2026-07-02 09:27:14.052,file_num_open_files,35,35,0.000000,enabled
1782984434.050,2026-07-02 09:27:14.052,ibuf_merges,0,0,0.000000,enabled
1782984434.050,2026-07-02 09:27:14.052,ibuf_merges_delete,0,0,0.000000,enabled
1782984434.050,2026-07-02 09:27:14.052,ibuf_merges_delete_mark,0,0,0.000000,enabled
1782984434.050,2026-07-02 09:27:14.052,ibuf_merges_discard_delete,0,0,0.000000,enabled
1782984434.050,2026-07-02 09:27:14.052,ibuf_merges_discard_delete_mark,0,0,0.000000,enabled
1782984434.050,2026-07-02 09:27:14.052,ibuf_merges_discard_insert,0,0,0.000000,enabled
1782984434.050,2026-07-02 09:27:14.052,ibuf_merges_insert,0,0,0.000000,enabled
1782984434.050,2026-07-02 09:27:14.052,ibuf_size,1,1,0.000497,enabled
1782984434.050,2026-07-02 09:27:14.052,innodb_activity_count,16414037,16414037,8163.708484,enabled
1782984434.050,2026-07-02 09:27:14.052,innodb_dblwr_pages_written,20818683,20818683,10354.409319,enabled
1782984434.050,2026-07-02 09:27:14.052,innodb_dblwr_writes,418588,418588,208.189514,enabled
1782984434.050,2026-07-02 09:27:14.052,innodb_page_size,16384,16384,0.000000,enabled
1782984434.050,2026-07-02 09:27:14.052,innodb_rwlock_sx_os_waits,0,0,0.000000,enabled
1782984434.050,2026-07-02 09:27:14.052,innodb_rwlock_sx_spin_rounds,0,0,0.000000,enabled
1782984434.050,2026-07-02 09:27:14.052,innodb_rwlock_sx_spin_waits,0,0,0.000000,enabled
1782984434.050,2026-07-02 09:27:14.052,innodb_rwlock_s_os_waits,0,0,0.000000,enabled
1782984434.050,2026-07-02 09:27:14.052,innodb_rwlock_s_spin_rounds,0,0,0.000000,enabled
1782984434.050,2026-07-02 09:27:14.052,innodb_rwlock_s_spin_waits,0,0,0.000000,enabled
1782984434.050,2026-07-02 09:27:14.052,innodb_rwlock_x_os_waits,0,0,0.000000,enabled
1782984434.050,2026-07-02 09:27:14.052,innodb_rwlock_x_spin_rounds,0,0,0.000000,enabled
1782984434.050,2026-07-02 09:27:14.052,innodb_rwlock_x_spin_waits,0,0,0.000000,enabled
1782984434.050,2026-07-02 09:27:14.052,lock_deadlocks,0,0,0.000000,enabled
1782984434.050,2026-07-02 09:27:14.052,lock_deadlock_false_positives,0,0,0.000000,enabled
1782984434.050,2026-07-02 09:27:14.052,lock_deadlock_rounds,2247,2247,1.117571,enabled
1782984434.050,2026-07-02 09:27:14.052,lock_rec_grant_attempts,425,425,0.211379,enabled
1782984434.050,2026-07-02 09:27:14.052,lock_rec_release_attempts,35727868,35727868,17769.666523,enabled
1782984434.050,2026-07-02 09:27:14.052,lock_row_lock_current_waits,0,0,0.000000,enabled
1782984434.050,2026-07-02 09:27:14.052,lock_row_lock_time,323,323,0.160648,enabled
1782984434.050,2026-07-02 09:27:14.052,lock_row_lock_time_avg,0,0,0.000000,enabled
1782984434.050,2026-07-02 09:27:14.052,lock_row_lock_time_max,29,29,0.000000,enabled
1782984434.050,2026-07-02 09:27:14.052,lock_row_lock_waits,425,425,0.211379,enabled
1782984434.050,2026-07-02 09:27:14.052,lock_schedule_refreshes,2247,2247,1.117571,enabled
1782984434.050,2026-07-02 09:27:14.052,lock_threads_waiting,0,0,0.000000,enabled
1782984434.050,2026-07-02 09:27:14.052,lock_timeouts,0,0,0.000000,enabled
1782984434.050,2026-07-02 09:27:14.052,log_waits,0,0,0.000000,enabled
1782984434.050,2026-07-02 09:27:14.052,log_writes,176993165,176993165,88029.573812,enabled
1782984434.050,2026-07-02 09:27:14.052,log_write_requests,384533421,384533421,191252.092701,enabled
1782984434.050,2026-07-02 09:27:14.052,os_data_fsyncs,45586218,45586218,22672.827430,enabled
1782984434.050,2026-07-02 09:27:14.052,os_data_reads,59773337,59773337,29728.953543,enabled
1782984434.050,2026-07-02 09:27:14.052,os_data_writes,198581194,198581194,98766.630445,enabled
1782984434.050,2026-07-02 09:27:14.052,os_log_bytes_written,114957102080,114957102080,57175230.718683,enabled
1782984434.050,2026-07-02 09:27:14.052,os_log_fsyncs,40083628,40083628,19936.051232,enabled
1782984434.050,2026-07-02 09:27:14.052,os_log_pending_fsyncs,1,1,0.000497,enabled
1782984434.050,2026-07-02 09:27:14.052,os_log_pending_writes,0,0,0.000000,enabled
1782984434.050,2026-07-02 09:27:14.052,trx_rseg_history_len,393,393,0.000000,enabled
1782984435.122,2026-07-02 09:27:15.124,adaptive_hash_searches,0,0,0.000000,enabled
1782984435.122,2026-07-02 09:27:15.124,adaptive_hash_searches_btree,550111719,550111719,273458.848888,enabled
1782984435.122,2026-07-02 09:27:15.124,buffer_data_reads,975351745024,975351745024,484844434.479888,enabled
1782984435.122,2026-07-02 09:27:15.124,buffer_data_written,491182924800,491182924800,244165562.133628,enabled
1782984435.122,2026-07-02 09:27:15.124,buffer_pages0_read,7,7,0.003480,enabled
1782984435.122,2026-07-02 09:27:15.124,buffer_pages_created,1803352,1803352,896.440894,enabled
1782984435.122,2026-07-02 09:27:15.124,buffer_pages_read,59698597,59698597,29675.994041,enabled
1782984435.122,2026-07-02 09:27:15.124,buffer_pages_written,20893676,20893676,10386.183898,enabled
1782984435.122,2026-07-02 09:27:15.124,buffer_pool_bytes_data,12855443456,12855443456,0.000000,enabled
1782984435.122,2026-07-02 09:27:15.124,buffer_pool_bytes_dirty,4667441152,4667441152,0.000000,enabled
1782984435.122,2026-07-02 09:27:15.124,buffer_pool_pages_data,784633,784633,0.000000,enabled
1782984435.122,2026-07-02 09:27:15.124,buffer_pool_pages_dirty,284878,284878,0.000000,enabled
1782984435.122,2026-07-02 09:27:15.124,buffer_pool_pages_flushed,20836606,20836606,0.000000,enabled
1782984435.122,2026-07-02 09:27:15.124,buffer_pool_pages_free,1702,1702,0.000000,enabled
1782984435.122,2026-07-02 09:27:15.124,buffer_pool_pages_lru_flushed,0,0,0.000000,enabled
1782984435.122,2026-07-02 09:27:15.124,buffer_pool_pages_misc,97,97,0.000000,enabled
1782984435.122,2026-07-02 09:27:15.124,buffer_pool_pages_total,786432,786432,0.000000,enabled
1782984435.122,2026-07-02 09:27:15.124,buffer_pool_reads,58817768,58817768,29238.138101,enabled
1782984435.122,2026-07-02 09:27:15.124,buffer_pool_read_ahead,803715,803715,399.524338,enabled
1782984435.122,2026-07-02 09:27:15.124,buffer_pool_read_ahead_evicted,25,25,0.012427,enabled
1782984435.122,2026-07-02 09:27:15.124,buffer_pool_read_requests,2642955430,2642955430,1313805.298813,enabled
1782984435.122,2026-07-02 09:27:15.124,buffer_pool_size,12884901888,12884901888,0.000000,enabled
1782984435.122,2026-07-02 09:27:15.124,buffer_pool_wait_free,18945,18945,9.417503,enabled
1782984435.122,2026-07-02 09:27:15.124,buffer_pool_write_requests,573051370,573051370,284862.134636,enabled
1782984435.122,2026-07-02 09:27:15.124,dml_deletes,11760061,11760061,5845.890101,enabled
1782984435.122,2026-07-02 09:27:15.124,dml_inserts,111645462,111645462,55498.615336,enabled
1782984435.122,2026-07-02 09:27:15.124,dml_system_deletes,468,468,0.232641,enabled
1782984435.122,2026-07-02 09:27:15.124,dml_system_inserts,1202,1202,0.597510,enabled
1782984435.122,2026-07-02 09:27:15.124,dml_system_reads,7661,7661,3.808259,enabled
1782984435.122,2026-07-02 09:27:15.124,dml_system_updates,620,620,0.308200,enabled
1782984435.122,2026-07-02 09:27:15.124,dml_updates,23520239,23520239,11691.838352,enabled
1782984435.122,2026-07-02 09:27:15.124,file_num_open_files,35,35,0.000000,enabled
1782984435.122,2026-07-02 09:27:15.124,ibuf_merges,0,0,0.000000,enabled
1782984435.122,2026-07-02 09:27:15.124,ibuf_merges_delete,0,0,0.000000,enabled
1782984435.122,2026-07-02 09:27:15.124,ibuf_merges_delete_mark,0,0,0.000000,enabled
1782984435.122,2026-07-02 09:27:15.124,ibuf_merges_discard_delete,0,0,0.000000,enabled
1782984435.122,2026-07-02 09:27:15.124,ibuf_merges_discard_delete_mark,0,0,0.000000,enabled
1782984435.122,2026-07-02 09:27:15.124,ibuf_merges_discard_insert,0,0,0.000000,enabled
1782984435.122,2026-07-02 09:27:15.124,ibuf_merges_insert,0,0,0.000000,enabled
1782984435.122,2026-07-02 09:27:15.124,ibuf_size,1,1,0.000497,enabled
1782984435.122,2026-07-02 09:27:15.124,innodb_activity_count,16419734,16419734,8162.199329,enabled
1782984435.122,2026-07-02 09:27:15.124,innodb_dblwr_pages_written,20834684,20834684,10356.857341,enabled
1782984435.122,2026-07-02 09:27:15.124,innodb_dblwr_writes,418955,418955,208.261242,enabled
1782984435.122,2026-07-02 09:27:15.124,innodb_page_size,16384,16384,0.000000,enabled
1782984435.122,2026-07-02 09:27:15.124,innodb_rwlock_sx_os_waits,0,0,0.000000,enabled
1782984435.122,2026-07-02 09:27:15.124,innodb_rwlock_sx_spin_rounds,0,0,0.000000,enabled
1782984435.122,2026-07-02 09:27:15.124,innodb_rwlock_sx_spin_waits,0,0,0.000000,enabled
1782984435.122,2026-07-02 09:27:15.124,innodb_rwlock_s_os_waits,0,0,0.000000,enabled
1782984435.122,2026-07-02 09:27:15.124,innodb_rwlock_s_spin_rounds,0,0,0.000000,enabled
1782984435.122,2026-07-02 09:27:15.124,innodb_rwlock_s_spin_waits,0,0,0.000000,enabled
1782984435.122,2026-07-02 09:27:15.124,innodb_rwlock_x_os_waits,0,0,0.000000,enabled
1782984435.122,2026-07-02 09:27:15.124,innodb_rwlock_x_spin_rounds,0,0,0.000000,enabled
1782984435.122,2026-07-02 09:27:15.124,innodb_rwlock_x_spin_waits,0,0,0.000000,enabled
1782984435.122,2026-07-02 09:27:15.124,lock_deadlocks,0,0,0.000000,enabled
1782984435.122,2026-07-02 09:27:15.124,lock_deadlock_false_positives,0,0,0.000000,enabled
1782984435.122,2026-07-02 09:27:15.124,lock_deadlock_rounds,2249,2249,1.117971,enabled
1782984435.122,2026-07-02 09:27:15.124,lock_rec_grant_attempts,425,425,0.211266,enabled
1782984435.122,2026-07-02 09:27:15.124,lock_rec_release_attempts,35742958,35742958,17767.718761,enabled
1782984435.122,2026-07-02 09:27:15.124,lock_row_lock_current_waits,0,0,0.000000,enabled
1782984435.122,2026-07-02 09:27:15.124,lock_row_lock_time,323,323,0.160562,enabled
1782984435.122,2026-07-02 09:27:15.124,lock_row_lock_time_avg,0,0,0.000000,enabled
1782984435.122,2026-07-02 09:27:15.124,lock_row_lock_time_max,29,29,0.000000,enabled
1782984435.122,2026-07-02 09:27:15.124,lock_row_lock_waits,425,425,0.211266,enabled
1782984435.122,2026-07-02 09:27:15.124,lock_schedule_refreshes,2249,2249,1.117971,enabled
1782984435.122,2026-07-02 09:27:15.124,lock_threads_waiting,0,0,0.000000,enabled
1782984435.122,2026-07-02 09:27:15.124,lock_timeouts,0,0,0.000000,enabled
1782984435.122,2026-07-02 09:27:15.124,log_waits,0,0,0.000000,enabled
1782984435.122,2026-07-02 09:27:15.124,log_writes,177072739,177072739,88022.318791,enabled
1782984435.122,2026-07-02 09:27:15.124,log_write_requests,384617620,384617620,191192.246662,enabled
1782984435.122,2026-07-02 09:27:15.124,os_data_fsyncs,45620909,45620909,22678.015575,enabled
1782984435.122,2026-07-02 09:27:15.124,os_data_reads,59831391,59831391,29742.003156,enabled
1782984435.122,2026-07-02 09:27:15.124,os_data_writes,198677038,198677038,98761.753434,enabled
1782984435.122,2026-07-02 09:27:15.124,os_log_bytes_written,114998802432,114998802432,57165555.970539,enabled
1782984435.122,2026-07-02 09:27:15.124,os_log_fsyncs,40113352,40113352,19940.225624,enabled
1782984435.122,2026-07-02 09:27:15.124,os_log_pending_fsyncs,1,1,0.000497,enabled
1782984435.122,2026-07-02 09:27:15.124,os_log_pending_writes,0,0,0.000000,enabled
1782984435.122,2026-07-02 09:27:15.124,trx_rseg_history_len,554,554,0.000000,enabled
1782984436.191,2026-07-02 09:27:16.193,adaptive_hash_searches,0,0,0.000000,enabled
1782984436.191,2026-07-02 09:27:16.193,adaptive_hash_searches_btree,550282943,550282943,273398.705326,enabled
1782984436.191,2026-07-02 09:27:16.193,buffer_data_reads,976296053248,976296053248,485056132.747089,enabled
1782984436.191,2026-07-02 09:27:16.193,buffer_data_written,491496114688,491496114688,244191506.935643,enabled
1782984436.191,2026-07-02 09:27:16.193,buffer_pages0_read,7,7,0.003478,enabled
1782984436.191,2026-07-02 09:27:16.193,buffer_pages_created,1803392,1803392,895.984732,enabled
1782984436.191,2026-07-02 09:27:16.193,buffer_pages_read,59756388,59756388,29688.947771,enabled
1782984436.191,2026-07-02 09:27:16.193,buffer_pages_written,20909816,20909816,10388.687439,enabled
1782984436.191,2026-07-02 09:27:16.193,buffer_pool_bytes_data,12851494912,12851494912,0.000000,enabled
1782984436.191,2026-07-02 09:27:16.193,buffer_pool_bytes_dirty,4669341696,4669341696,0.000000,enabled
1782984436.191,2026-07-02 09:27:16.193,buffer_pool_pages_data,784393,784393,0.000000,enabled
1782984436.191,2026-07-02 09:27:16.193,buffer_pool_pages_dirty,284994,284994,0.000000,enabled
1782984436.191,2026-07-02 09:27:16.193,buffer_pool_pages_flushed,20852683,20852683,0.000000,enabled
1782984436.191,2026-07-02 09:27:16.193,buffer_pool_pages_free,1941,1941,0.000000,enabled
1782984436.191,2026-07-02 09:27:16.193,buffer_pool_pages_lru_flushed,0,0,0.000000,enabled
1782984436.191,2026-07-02 09:27:16.193,buffer_pool_pages_misc,97,97,0.000000,enabled
1782984436.191,2026-07-02 09:27:16.193,buffer_pool_pages_total,786432,786432,0.000000,enabled
1782984436.191,2026-07-02 09:27:16.193,buffer_pool_reads,58875490,58875490,29251.289718,enabled
1782984436.191,2026-07-02 09:27:16.193,buffer_pool_read_ahead,803715,803715,399.312176,enabled
1782984436.191,2026-07-02 09:27:16.193,buffer_pool_read_ahead_evicted,25,25,0.012421,enabled
1782984436.191,2026-07-02 09:27:16.193,buffer_pool_read_requests,2643803227,2643803227,1313528.833950,enabled
1782984436.191,2026-07-02 09:27:16.193,buffer_pool_size,12884901888,12884901888,0.000000,enabled
1782984436.191,2026-07-02 09:27:16.193,buffer_pool_wait_free,18945,18945,9.412502,enabled
1782984436.191,2026-07-02 09:27:16.193,buffer_pool_write_requests,573166917,573166917,284768.270109,enabled
1782984436.191,2026-07-02 09:27:16.193,dml_deletes,11765005,11765005,5845.242129,enabled
1782984436.191,2026-07-02 09:27:16.193,dml_inserts,111650406,111650406,55471.600526,enabled
1782984436.191,2026-07-02 09:27:16.193,dml_system_deletes,468,468,0.232518,enabled
1782984436.191,2026-07-02 09:27:16.193,dml_system_inserts,1202,1202,0.597193,enabled
1782984436.191,2026-07-02 09:27:16.193,dml_system_reads,7661,7661,3.806237,enabled
1782984436.191,2026-07-02 09:27:16.193,dml_system_updates,620,620,0.308036,enabled
1782984436.191,2026-07-02 09:27:16.193,dml_updates,23530127,23530127,11690.542375,enabled
1782984436.191,2026-07-02 09:27:16.193,file_num_open_files,35,35,0.000000,enabled
1782984436.191,2026-07-02 09:27:16.193,ibuf_merges,0,0,0.000000,enabled
1782984436.191,2026-07-02 09:27:16.193,ibuf_merges_delete,0,0,0.000000,enabled
1782984436.191,2026-07-02 09:27:16.193,ibuf_merges_delete_mark,0,0,0.000000,enabled
1782984436.191,2026-07-02 09:27:16.193,ibuf_merges_discard_delete,0,0,0.000000,enabled
1782984436.191,2026-07-02 09:27:16.193,ibuf_merges_discard_delete_mark,0,0,0.000000,enabled
1782984436.191,2026-07-02 09:27:16.193,ibuf_merges_discard_insert,0,0,0.000000,enabled
1782984436.191,2026-07-02 09:27:16.193,ibuf_merges_insert,0,0,0.000000,enabled
1782984436.191,2026-07-02 09:27:16.193,ibuf_size,1,1,0.000497,enabled
1782984436.191,2026-07-02 09:27:16.193,innodb_activity_count,16425414,16425414,8160.687011,enabled
1782984436.191,2026-07-02 09:27:16.193,innodb_dblwr_pages_written,20850825,20850825,10359.376971,enabled
1782984436.191,2026-07-02 09:27:16.193,innodb_dblwr_writes,419295,419295,208.319574,enabled
1782984436.191,2026-07-02 09:27:16.193,innodb_page_size,16384,16384,0.000000,enabled
1782984436.191,2026-07-02 09:27:16.193,innodb_rwlock_sx_os_waits,0,0,0.000000,enabled
1782984436.191,2026-07-02 09:27:16.193,innodb_rwlock_sx_spin_rounds,0,0,0.000000,enabled
1782984436.191,2026-07-02 09:27:16.193,innodb_rwlock_sx_spin_waits,0,0,0.000000,enabled
1782984436.191,2026-07-02 09:27:16.193,innodb_rwlock_s_os_waits,0,0,0.000000,enabled
1782984436.191,2026-07-02 09:27:16.193,innodb_rwlock_s_spin_rounds,0,0,0.000000,enabled
1782984436.191,2026-07-02 09:27:16.193,innodb_rwlock_s_spin_waits,0,0,0.000000,enabled
1782984436.191,2026-07-02 09:27:16.193,innodb_rwlock_x_os_waits,0,0,0.000000,enabled
1782984436.191,2026-07-02 09:27:16.193,innodb_rwlock_x_spin_rounds,0,0,0.000000,enabled
1782984436.191,2026-07-02 09:27:16.193,innodb_rwlock_x_spin_waits,0,0,0.000000,enabled
1782984436.191,2026-07-02 09:27:16.193,lock_deadlocks,0,0,0.000000,enabled
1782984436.191,2026-07-02 09:27:16.193,lock_deadlock_false_positives,0,0,0.000000,enabled
1782984436.191,2026-07-02 09:27:16.193,lock_deadlock_rounds,2250,2250,1.117874,enabled
1782984436.191,2026-07-02 09:27:16.193,lock_rec_grant_attempts,425,425,0.211154,enabled
1782984436.191,2026-07-02 09:27:16.193,lock_rec_release_attempts,35757974,35757974,17765.743792,enabled
1782984436.191,2026-07-02 09:27:16.193,lock_row_lock_current_waits,0,0,0.000000,enabled
1782984436.191,2026-07-02 09:27:16.193,lock_row_lock_time,323,323,0.160477,enabled
1782984436.191,2026-07-02 09:27:16.193,lock_row_lock_time_avg,0,0,0.000000,enabled
1782984436.191,2026-07-02 09:27:16.193,lock_row_lock_time_max,29,29,0.000000,enabled
1782984436.191,2026-07-02 09:27:16.193,lock_row_lock_waits,425,425,0.211154,enabled
1782984436.191,2026-07-02 09:27:16.193,lock_schedule_refreshes,2250,2250,1.117874,enabled
1782984436.191,2026-07-02 09:27:16.193,lock_threads_waiting,0,0,0.000000,enabled
1782984436.191,2026-07-02 09:27:16.193,lock_timeouts,0,0,0.000000,enabled
1782984436.191,2026-07-02 09:27:16.193,log_waits,0,0,0.000000,enabled
1782984436.191,2026-07-02 09:27:16.193,log_writes,177152996,177152996,88015.451106,enabled
1782984436.191,2026-07-02 09:27:16.193,log_write_requests,384701511,384701511,191132.398672,enabled
1782984436.191,2026-07-02 09:27:16.193,os_data_fsyncs,45655670,45655670,22683.243422,enabled
1782984436.191,2026-07-02 09:27:16.193,os_data_reads,59888994,59888994,29754.828516,enabled
1782984436.191,2026-07-02 09:27:16.193,os_data_writes,198773674,198773674,98757.320555,enabled
1782984436.191,2026-07-02 09:27:16.193,os_log_bytes_written,115041090560,115041090560,57156209.834970,enabled
1782984436.191,2026-07-02 09:27:16.193,os_log_fsyncs,40143153,40143153,19944.443009,enabled
1782984436.191,2026-07-02 09:27:16.193,os_log_pending_fsyncs,1,1,0.000497,enabled
1782984436.191,2026-07-02 09:27:16.193,os_log_pending_writes,0,0,0.000000,enabled
1782984436.191,2026-07-02 09:27:16.193,trx_rseg_history_len,688,688,0.000000,enabled
1782984437.261,2026-07-02 09:27:17.262,adaptive_hash_searches,0,0,0.000000,enabled
1782984437.261,2026-07-02 09:27:17.262,adaptive_hash_searches_btree,550455172,550455172,273338.589816,enabled
1782984437.261,2026-07-02 09:27:17.262,buffer_data_reads,977248750080,977248750080,485270896.071039,enabled
1782984437.261,2026-07-02 09:27:17.262,buffer_data_written,491808308224,491808308224,244216488.359764,enabled
1782984437.261,2026-07-02 09:27:17.262,buffer_pages0_read,7,7,0.003476,enabled
1782984437.261,2026-07-02 09:27:17.262,buffer_pages_created,1803425,1803425,895.523966,enabled
1782984437.261,2026-07-02 09:27:17.262,buffer_pages_read,59814705,59814705,29702.095371,enabled
1782984437.261,2026-07-02 09:27:17.262,buffer_pages_written,20925953,20925953,10391.168103,enabled
1782984437.261,2026-07-02 09:27:17.262,buffer_pool_bytes_data,12862767104,12862767104,0.000000,enabled
1782984437.261,2026-07-02 09:27:17.262,buffer_pool_bytes_dirty,4673470464,4673470464,0.000000,enabled
1782984437.261,2026-07-02 09:27:17.262,buffer_pool_pages_data,785081,785081,0.000000,enabled
1782984437.261,2026-07-02 09:27:17.262,buffer_pool_pages_dirty,285246,285246,0.000000,enabled
1782984437.261,2026-07-02 09:27:17.262,buffer_pool_pages_flushed,20868883,20868883,0.000000,enabled
1782984437.261,2026-07-02 09:27:17.262,buffer_pool_pages_free,1255,1255,0.000000,enabled
1782984437.261,2026-07-02 09:27:17.262,buffer_pool_pages_lru_flushed,0,0,0.000000,enabled
1782984437.261,2026-07-02 09:27:17.262,buffer_pool_pages_misc,96,96,0.000000,enabled
1782984437.261,2026-07-02 09:27:17.262,buffer_pool_pages_total,786432,786432,0.000000,enabled
1782984437.261,2026-07-02 09:27:17.262,buffer_pool_reads,58933749,58933749,29264.641935,enabled
1782984437.261,2026-07-02 09:27:17.262,buffer_pool_read_ahead,803715,803715,399.099527,enabled
1782984437.261,2026-07-02 09:27:17.262,buffer_pool_read_ahead_evicted,25,25,0.012414,enabled
1782984437.261,2026-07-02 09:27:17.262,buffer_pool_read_requests,2644657004,2644657004,1313253.289123,enabled
1782984437.261,2026-07-02 09:27:17.262,buffer_pool_size,12884901888,12884901888,0.000000,enabled
1782984437.261,2026-07-02 09:27:17.262,buffer_pool_wait_free,18945,18945,9.407490,enabled
1782984437.261,2026-07-02 09:27:17.262,buffer_pool_write_requests,573284301,573284301,284674.909225,enabled
1782984437.261,2026-07-02 09:27:17.262,dml_deletes,11769966,11769966,5844.591657,enabled
1782984437.261,2026-07-02 09:27:17.262,dml_inserts,111655367,111655367,55444.512561,enabled
1782984437.261,2026-07-02 09:27:17.262,dml_system_deletes,468,468,0.232394,enabled
1782984437.261,2026-07-02 09:27:17.262,dml_system_inserts,1202,1202,0.596875,enabled
1782984437.261,2026-07-02 09:27:17.262,dml_system_reads,7661,7661,3.804210,enabled
1782984437.261,2026-07-02 09:27:17.262,dml_system_updates,620,620,0.307872,enabled
1782984437.261,2026-07-02 09:27:17.262,dml_updates,23540050,23540050,11689.241885,enabled
1782984437.261,2026-07-02 09:27:17.262,file_num_open_files,35,35,0.000000,enabled
1782984437.261,2026-07-02 09:27:17.262,ibuf_merges,0,0,0.000000,enabled
1782984437.261,2026-07-02 09:27:17.262,ibuf_merges_delete,0,0,0.000000,enabled
1782984437.261,2026-07-02 09:27:17.262,ibuf_merges_delete_mark,0,0,0.000000,enabled
1782984437.261,2026-07-02 09:27:17.262,ibuf_merges_discard_delete,0,0,0.000000,enabled
1782984437.261,2026-07-02 09:27:17.262,ibuf_merges_discard_delete_mark,0,0,0.000000,enabled
1782984437.261,2026-07-02 09:27:17.262,ibuf_merges_discard_insert,0,0,0.000000,enabled
1782984437.261,2026-07-02 09:27:17.262,ibuf_merges_insert,0,0,0.000000,enabled
1782984437.261,2026-07-02 09:27:17.262,ibuf_size,1,1,0.000497,enabled
1782984437.261,2026-07-02 09:27:17.262,innodb_activity_count,16431115,16431115,8159.170644,enabled
1782984437.261,2026-07-02 09:27:17.262,innodb_dblwr_pages_written,20866961,20866961,10361.870913,enabled
1782984437.261,2026-07-02 09:27:17.262,innodb_dblwr_writes,419655,419655,208.387362,enabled
1782984437.261,2026-07-02 09:27:17.262,innodb_page_size,16384,16384,0.000000,enabled
1782984437.261,2026-07-02 09:27:17.262,innodb_rwlock_sx_os_waits,0,0,0.000000,enabled
1782984437.261,2026-07-02 09:27:17.262,innodb_rwlock_sx_spin_rounds,0,0,0.000000,enabled
1782984437.261,2026-07-02 09:27:17.262,innodb_rwlock_sx_spin_waits,0,0,0.000000,enabled
1782984437.261,2026-07-02 09:27:17.262,innodb_rwlock_s_os_waits,0,0,0.000000,enabled
1782984437.261,2026-07-02 09:27:17.262,innodb_rwlock_s_spin_rounds,0,0,0.000000,enabled
1782984437.261,2026-07-02 09:27:17.262,innodb_rwlock_s_spin_waits,0,0,0.000000,enabled
1782984437.261,2026-07-02 09:27:17.262,innodb_rwlock_x_os_waits,0,0,0.000000,enabled
1782984437.261,2026-07-02 09:27:17.262,innodb_rwlock_x_spin_rounds,0,0,0.000000,enabled
1782984437.261,2026-07-02 09:27:17.262,innodb_rwlock_x_spin_waits,0,0,0.000000,enabled
1782984437.261,2026-07-02 09:27:17.262,lock_deadlocks,0,0,0.000000,enabled
1782984437.261,2026-07-02 09:27:17.262,lock_deadlock_false_positives,0,0,0.000000,enabled
1782984437.261,2026-07-02 09:27:17.262,lock_deadlock_rounds,2251,2251,1.117776,enabled
1782984437.261,2026-07-02 09:27:17.262,lock_rec_grant_attempts,425,425,0.211042,enabled
1782984437.261,2026-07-02 09:27:17.262,lock_rec_release_attempts,35773027,35773027,17763.757766,enabled
1782984437.261,2026-07-02 09:27:17.262,lock_row_lock_current_waits,0,0,0.000000,enabled
1782984437.261,2026-07-02 09:27:17.262,lock_row_lock_time,323,323,0.160392,enabled
1782984437.261,2026-07-02 09:27:17.262,lock_row_lock_time_avg,0,0,0.000000,enabled
1782984437.261,2026-07-02 09:27:17.262,lock_row_lock_time_max,29,29,0.000000,enabled
1782984437.261,2026-07-02 09:27:17.262,lock_row_lock_waits,425,425,0.211042,enabled
1782984437.261,2026-07-02 09:27:17.262,lock_schedule_refreshes,2251,2251,1.117776,enabled
1782984437.261,2026-07-02 09:27:17.262,lock_threads_waiting,0,0,0.000000,enabled
1782984437.261,2026-07-02 09:27:17.262,lock_timeouts,0,0,0.000000,enabled
1782984437.261,2026-07-02 09:27:17.262,log_waits,0,0,0.000000,enabled
1782984437.261,2026-07-02 09:27:17.262,log_writes,177232482,177232482,88008.039075,enabled
1782984437.261,2026-07-02 09:27:17.262,log_write_requests,384785749,384785749,191072.420368,enabled
1782984437.261,2026-07-02 09:27:17.262,os_data_fsyncs,45690368,45690368,22688.391810,enabled
1782984437.261,2026-07-02 09:27:17.262,os_data_reads,59947120,59947120,29767.844112,enabled
1782984437.261,2026-07-02 09:27:17.262,os_data_writes,198869564,198869564,98752.336521,enabled
1782984437.261,2026-07-02 09:27:17.262,os_log_bytes_written,115082672128,115082672128,57146415.296953,enabled
1782984437.261,2026-07-02 09:27:17.262,os_log_fsyncs,40172788,40172788,19948.535950,enabled
1782984437.261,2026-07-02 09:27:17.262,os_log_pending_fsyncs,0,0,0.000000,enabled
1782984437.261,2026-07-02 09:27:17.262,os_log_pending_writes,0,0,0.000000,enabled
1782984437.261,2026-07-02 09:27:17.262,trx_rseg_history_len,793,793,0.000000,enabled
1782984438.334,2026-07-02 09:27:18.335,adaptive_hash_searches,0,0,0.000000,enabled
1782984438.334,2026-07-02 09:27:18.335,adaptive_hash_searches_btree,550627059,550627059,273278.209512,enabled
1782984438.334,2026-07-02 09:27:18.335,buffer_data_reads,978190125568,978190125568,485479374.055856,enabled
1782984438.334,2026-07-02 09:27:18.335,buffer_data_written,492120647680,492120647680,244241295.792827,enabled
1782984438.334,2026-07-02 09:27:18.335,buffer_pages0_read,7,7,0.003474,enabled
1782984438.334,2026-07-02 09:27:18.335,buffer_pages_created,1803484,1803484,895.075782,enabled
1782984438.334,2026-07-02 09:27:18.335,buffer_pages_read,59872324,59872324,29714.855708,enabled
1782984438.334,2026-07-02 09:27:18.335,buffer_pages_written,20942013,20942013,10393.598496,enabled
1782984438.334,2026-07-02 09:27:18.335,buffer_pool_bytes_data,12856606720,12856606720,0.000000,enabled
1782984438.334,2026-07-02 09:27:18.335,buffer_pool_bytes_dirty,4681416704,4681416704,0.000000,enabled
1782984438.334,2026-07-02 09:27:18.335,buffer_pool_pages_data,784705,784705,0.000000,enabled
1782984438.334,2026-07-02 09:27:18.335,buffer_pool_pages_dirty,285731,285731,0.000000,enabled
1782984438.334,2026-07-02 09:27:18.335,buffer_pool_pages_flushed,20884943,20884943,0.000000,enabled
1782984438.334,2026-07-02 09:27:18.335,buffer_pool_pages_free,1631,1631,0.000000,enabled
1782984438.334,2026-07-02 09:27:18.335,buffer_pool_pages_lru_flushed,0,0,0.000000,enabled
1782984438.334,2026-07-02 09:27:18.335,buffer_pool_pages_misc,96,96,0.000000,enabled
1782984438.334,2026-07-02 09:27:18.335,buffer_pool_pages_total,786432,786432,0.000000,enabled
1782984438.334,2026-07-02 09:27:18.335,buffer_pool_reads,58991326,58991326,29277.614228,enabled
1782984438.334,2026-07-02 09:27:18.335,buffer_pool_read_ahead,803715,803715,398.886736,enabled
1782984438.334,2026-07-02 09:27:18.335,buffer_pool_read_ahead_evicted,25,25,0.012408,enabled
1782984438.334,2026-07-02 09:27:18.335,buffer_pool_read_requests,2645509539,2645509539,1312976.203537,enabled
1782984438.334,2026-07-02 09:27:18.335,buffer_pool_size,12884901888,12884901888,0.000000,enabled
1782984438.334,2026-07-02 09:27:18.335,buffer_pool_wait_free,18945,18945,9.402474,enabled
1782984438.334,2026-07-02 09:27:18.335,buffer_pool_write_requests,573402087,573402087,284581.583859,enabled
1782984438.334,2026-07-02 09:27:18.335,dml_deletes,11774919,11774919,5843.934902,enabled
1782984438.334,2026-07-02 09:27:18.335,dml_inserts,111660320,111660320,55417.420870,enabled
1782984438.334,2026-07-02 09:27:18.335,dml_system_deletes,468,468,0.232270,enabled
1782984438.334,2026-07-02 09:27:18.335,dml_system_inserts,1202,1202,0.596557,enabled
1782984438.334,2026-07-02 09:27:18.335,dml_system_reads,7661,7661,3.802182,enabled
1782984438.334,2026-07-02 09:27:18.335,dml_system_updates,620,620,0.307708,enabled
1782984438.334,2026-07-02 09:27:18.335,dml_updates,23549956,23549956,11687.928358,enabled
1782984438.334,2026-07-02 09:27:18.335,file_num_open_files,35,35,0.000000,enabled
1782984438.334,2026-07-02 09:27:18.335,ibuf_merges,0,0,0.000000,enabled
1782984438.334,2026-07-02 09:27:18.335,ibuf_merges_delete,0,0,0.000000,enabled
1782984438.334,2026-07-02 09:27:18.335,ibuf_merges_delete_mark,0,0,0.000000,enabled
1782984438.334,2026-07-02 09:27:18.335,ibuf_merges_discard_delete,0,0,0.000000,enabled
1782984438.334,2026-07-02 09:27:18.335,ibuf_merges_discard_delete_mark,0,0,0.000000,enabled
1782984438.334,2026-07-02 09:27:18.335,ibuf_merges_discard_insert,0,0,0.000000,enabled
1782984438.334,2026-07-02 09:27:18.335,ibuf_merges_insert,0,0,0.000000,enabled
1782984438.334,2026-07-02 09:27:18.335,ibuf_size,1,1,0.000496,enabled
1782984438.334,2026-07-02 09:27:18.335,innodb_activity_count,16436800,16436800,8157.643445,enabled
1782984438.334,2026-07-02 09:27:18.335,innodb_dblwr_pages_written,20883021,20883021,10364.318978,enabled
1782984438.334,2026-07-02 09:27:18.335,innodb_dblwr_writes,420000,420000,208.447522,enabled
1782984438.334,2026-07-02 09:27:18.335,innodb_page_size,16384,16384,0.000000,enabled
1782984438.334,2026-07-02 09:27:18.335,innodb_rwlock_sx_os_waits,0,0,0.000000,enabled
1782984438.334,2026-07-02 09:27:18.335,innodb_rwlock_sx_spin_rounds,0,0,0.000000,enabled
1782984438.334,2026-07-02 09:27:18.335,innodb_rwlock_sx_spin_waits,0,0,0.000000,enabled
1782984438.334,2026-07-02 09:27:18.335,innodb_rwlock_s_os_waits,0,0,0.000000,enabled
1782984438.334,2026-07-02 09:27:18.335,innodb_rwlock_s_spin_rounds,0,0,0.000000,enabled
1782984438.334,2026-07-02 09:27:18.335,innodb_rwlock_s_spin_waits,0,0,0.000000,enabled
1782984438.334,2026-07-02 09:27:18.335,innodb_rwlock_x_os_waits,0,0,0.000000,enabled
1782984438.334,2026-07-02 09:27:18.335,innodb_rwlock_x_spin_rounds,0,0,0.000000,enabled
1782984438.334,2026-07-02 09:27:18.335,innodb_rwlock_x_spin_waits,0,0,0.000000,enabled
1782984438.334,2026-07-02 09:27:18.335,lock_deadlocks,0,0,0.000000,enabled
1782984438.334,2026-07-02 09:27:18.335,lock_deadlock_false_positives,0,0,0.000000,enabled
1782984438.334,2026-07-02 09:27:18.335,lock_deadlock_rounds,2252,2252,1.117676,enabled
1782984438.334,2026-07-02 09:27:18.335,lock_rec_grant_attempts,425,425,0.210929,enabled
1782984438.334,2026-07-02 09:27:18.335,lock_rec_release_attempts,35788073,35788073,17761.753818,enabled
1782984438.334,2026-07-02 09:27:18.335,lock_row_lock_current_waits,0,0,0.000000,enabled
1782984438.334,2026-07-02 09:27:18.335,lock_row_lock_time,323,323,0.160306,enabled
1782984438.334,2026-07-02 09:27:18.335,lock_row_lock_time_avg,0,0,0.000000,enabled
1782984438.334,2026-07-02 09:27:18.335,lock_row_lock_time_max,29,29,0.000000,enabled
1782984438.334,2026-07-02 09:27:18.335,lock_row_lock_waits,425,425,0.210929,enabled
1782984438.334,2026-07-02 09:27:18.335,lock_schedule_refreshes,2252,2252,1.117676,enabled
1782984438.334,2026-07-02 09:27:18.335,lock_threads_waiting,0,0,0.000000,enabled
1782984438.334,2026-07-02 09:27:18.335,lock_timeouts,0,0,0.000000,enabled
1782984438.334,2026-07-02 09:27:18.335,log_waits,0,0,0.000000,enabled
1782984438.334,2026-07-02 09:27:18.335,log_writes,177313599,177313599,88001.386178,enabled
1782984438.334,2026-07-02 09:27:18.335,log_write_requests,384869911,384869911,191012.341326,enabled
1782984438.334,2026-07-02 09:27:18.335,os_data_fsyncs,45725263,45725263,22693.615570,enabled
1782984438.334,2026-07-02 09:27:18.335,os_data_reads,60004538,60004538,29780.472114,enabled
1782984438.334,2026-07-02 09:27:18.335,os_data_writes,198967009,198967009,98748.055668,enabled
1782984438.334,2026-07-02 09:27:18.335,os_log_bytes_written,115125510656,115125510656,57137212.659175,enabled
1782984438.334,2026-07-02 09:27:18.335,os_log_fsyncs,40202878,40202878,19952.835606,enabled
1782984438.334,2026-07-02 09:27:18.335,os_log_pending_fsyncs,1,1,0.000496,enabled
1782984438.334,2026-07-02 09:27:18.335,os_log_pending_writes,0,0,0.000000,enabled
1782984438.334,2026-07-02 09:27:18.335,trx_rseg_history_len,883,883,0.000000,enabled
1782984439.407,2026-07-02 09:27:19.408,adaptive_hash_searches,0,0,0.000000,enabled
1782984439.407,2026-07-02 09:27:19.408,adaptive_hash_searches_btree,550793607,550793607,273215.830898,enabled
1782984439.407,2026-07-02 09:27:19.408,buffer_data_reads,979114543616,979114543616,485680358.935319,enabled
1782984439.407,2026-07-02 09:27:19.408,buffer_data_written,492488567808,492488567808,244294220.454034,enabled
1782984439.407,2026-07-02 09:27:19.408,buffer_pages0_read,7,7,0.003472,enabled
1782984439.407,2026-07-02 09:27:19.408,buffer_pages_created,1803526,1803526,894.621747,enabled
1782984439.407,2026-07-02 09:27:19.408,buffer_pages_read,59928889,59928889,29727.149473,enabled
1782984439.407,2026-07-02 09:27:19.408,buffer_pages_written,20961589,20961589,10397.794825,enabled
1782984439.407,2026-07-02 09:27:19.408,buffer_pool_bytes_data,12854525952,12854525952,0.000000,enabled
1782984439.407,2026-07-02 09:27:19.408,buffer_pool_bytes_dirty,4623482880,4623482880,0.000000,enabled
1782984439.407,2026-07-02 09:27:19.408,buffer_pool_pages_data,784578,784578,0.000000,enabled
1782984439.407,2026-07-02 09:27:19.408,buffer_pool_pages_dirty,282195,282195,0.000000,enabled
1782984439.407,2026-07-02 09:27:19.408,buffer_pool_pages_flushed,20904519,20904519,0.000000,enabled
1782984439.407,2026-07-02 09:27:19.408,buffer_pool_pages_free,1757,1757,0.000000,enabled
1782984439.407,2026-07-02 09:27:19.408,buffer_pool_pages_lru_flushed,0,0,0.000000,enabled
1782984439.407,2026-07-02 09:27:19.408,buffer_pool_pages_misc,96,96,0.000000,enabled
1782984439.407,2026-07-02 09:27:19.408,buffer_pool_pages_total,786432,786432,0.000000,enabled
1782984439.407,2026-07-02 09:27:19.408,buffer_pool_reads,59047845,59047845,29290.117195,enabled
1782984439.407,2026-07-02 09:27:19.408,buffer_pool_read_ahead,803715,803715,398.675113,enabled
1782984439.407,2026-07-02 09:27:19.408,buffer_pool_read_ahead_evicted,25,25,0.012401,enabled
1782984439.407,2026-07-02 09:27:19.408,buffer_pool_read_requests,2646334107,2646334107,1312688.646159,enabled
1782984439.407,2026-07-02 09:27:19.408,buffer_pool_size,12884901888,12884901888,0.000000,enabled
1782984439.407,2026-07-02 09:27:19.408,buffer_pool_wait_free,18945,18945,9.397485,enabled
1782984439.407,2026-07-02 09:27:19.408,buffer_pool_write_requests,573515034,573515034,284486.630372,enabled
1782984439.407,2026-07-02 09:27:19.408,dml_deletes,11779722,11779722,5843.216763,enabled
1782984439.407,2026-07-02 09:27:19.408,dml_inserts,111665124,111665124,55390.400973,enabled
1782984439.407,2026-07-02 09:27:19.408,dml_system_deletes,468,468,0.232147,enabled
1782984439.407,2026-07-02 09:27:19.408,dml_system_inserts,1202,1202,0.596240,enabled
1782984439.407,2026-07-02 09:27:19.408,dml_system_reads,7661,7661,3.800165,enabled
1782984439.407,2026-07-02 09:27:19.408,dml_system_updates,620,620,0.307545,enabled
1782984439.407,2026-07-02 09:27:19.408,dml_updates,23559564,23559564,11686.493040,enabled
1782984439.407,2026-07-02 09:27:19.408,file_num_open_files,35,35,0.000000,enabled
1782984439.407,2026-07-02 09:27:19.408,ibuf_merges,0,0,0.000000,enabled
1782984439.407,2026-07-02 09:27:19.408,ibuf_merges_delete,0,0,0.000000,enabled
1782984439.407,2026-07-02 09:27:19.408,ibuf_merges_delete_mark,0,0,0.000000,enabled
1782984439.407,2026-07-02 09:27:19.408,ibuf_merges_discard_delete,0,0,0.000000,enabled
1782984439.407,2026-07-02 09:27:19.408,ibuf_merges_discard_delete_mark,0,0,0.000000,enabled
1782984439.407,2026-07-02 09:27:19.408,ibuf_merges_discard_insert,0,0,0.000000,enabled
1782984439.407,2026-07-02 09:27:19.408,ibuf_merges_insert,0,0,0.000000,enabled
1782984439.407,2026-07-02 09:27:19.408,ibuf_size,1,1,0.000496,enabled
1782984439.407,2026-07-02 09:27:19.408,innodb_activity_count,16442318,16442318,8156.052385,enabled
1782984439.407,2026-07-02 09:27:19.408,innodb_dblwr_pages_written,20902597,20902597,10368.530456,enabled
1782984439.407,2026-07-02 09:27:19.408,innodb_dblwr_writes,420415,420415,208.542782,enabled
1782984439.407,2026-07-02 09:27:19.408,innodb_page_size,16384,16384,0.000000,enabled
1782984439.407,2026-07-02 09:27:19.408,innodb_rwlock_sx_os_waits,0,0,0.000000,enabled
1782984439.407,2026-07-02 09:27:19.408,innodb_rwlock_sx_spin_rounds,0,0,0.000000,enabled
1782984439.407,2026-07-02 09:27:19.408,innodb_rwlock_sx_spin_waits,0,0,0.000000,enabled
1782984439.407,2026-07-02 09:27:19.408,innodb_rwlock_s_os_waits,0,0,0.000000,enabled
1782984439.407,2026-07-02 09:27:19.408,innodb_rwlock_s_spin_rounds,0,0,0.000000,enabled
1782984439.407,2026-07-02 09:27:19.408,innodb_rwlock_s_spin_waits,0,0,0.000000,enabled
1782984439.407,2026-07-02 09:27:19.408,innodb_rwlock_x_os_waits,0,0,0.000000,enabled
1782984439.407,2026-07-02 09:27:19.408,innodb_rwlock_x_spin_rounds,0,0,0.000000,enabled
1782984439.407,2026-07-02 09:27:19.408,innodb_rwlock_x_spin_waits,0,0,0.000000,enabled
1782984439.407,2026-07-02 09:27:19.408,lock_deadlocks,0,0,0.000000,enabled
1782984439.407,2026-07-02 09:27:19.408,lock_deadlock_false_positives,0,0,0.000000,enabled
1782984439.407,2026-07-02 09:27:19.408,lock_deadlock_rounds,2253,2253,1.117579,enabled
1782984439.407,2026-07-02 09:27:19.408,lock_rec_grant_attempts,425,425,0.210817,enabled
1782984439.407,2026-07-02 09:27:19.408,lock_rec_release_attempts,35802686,35802686,17759.579234,enabled
1782984439.407,2026-07-02 09:27:19.408,lock_row_lock_current_waits,0,0,0.000000,enabled
1782984439.407,2026-07-02 09:27:19.408,lock_row_lock_time,323,323,0.160221,enabled
1782984439.407,2026-07-02 09:27:19.408,lock_row_lock_time_avg,0,0,0.000000,enabled
1782984439.407,2026-07-02 09:27:19.408,lock_row_lock_time_max,29,29,0.000000,enabled
1782984439.407,2026-07-02 09:27:19.408,lock_row_lock_waits,425,425,0.210817,enabled
1782984439.407,2026-07-02 09:27:19.408,lock_schedule_refreshes,2253,2253,1.117579,enabled
1782984439.407,2026-07-02 09:27:19.408,lock_threads_waiting,0,0,0.000000,enabled
1782984439.407,2026-07-02 09:27:19.408,lock_timeouts,0,0,0.000000,enabled
1782984439.407,2026-07-02 09:27:19.408,log_waits,0,0,0.000000,enabled
1782984439.407,2026-07-02 09:27:19.408,log_writes,177392186,177392186,87993.678265,enabled
1782984439.407,2026-07-02 09:27:19.408,log_write_requests,384951646,384951646,190951.541211,enabled
1782984439.407,2026-07-02 09:27:19.408,os_data_fsyncs,45759150,45759150,22698.384736,enabled
1782984439.407,2026-07-02 09:27:19.408,os_data_reads,60060941,60060941,29792.650186,enabled
1782984439.407,2026-07-02 09:27:19.408,os_data_writes,199065449,199065449,98744.494873,enabled
1782984439.407,2026-07-02 09:27:19.408,os_log_bytes_written,115166760960,115166760960,57127360.128046,enabled
1782984439.407,2026-07-02 09:27:19.408,os_log_fsyncs,40231375,40231375,19956.385218,enabled
1782984439.407,2026-07-02 09:27:19.408,os_log_pending_fsyncs,1,1,0.000496,enabled
1782984439.407,2026-07-02 09:27:19.408,os_log_pending_writes,0,0,0.000000,enabled
1782984439.407,2026-07-02 09:27:19.408,trx_rseg_history_len,844,844,0.000000,enabled
1782984440.477,2026-07-02 09:27:20.478,adaptive_hash_searches,0,0,0.000000,enabled
1782984440.477,2026-07-02 09:27:20.478,adaptive_hash_searches_btree,550964148,550964148,273155.521420,enabled
1782984440.477,2026-07-02 09:27:20.478,buffer_data_reads,980056689152,980056689152,485889939.223545,enabled
1782984440.477,2026-07-02 09:27:20.478,buffer_data_written,492801550336,492801550336,244319862.057099,enabled
1782984440.477,2026-07-02 09:27:20.478,buffer_pages0_read,7,7,0.003470,enabled
1782984440.477,2026-07-02 09:27:20.478,buffer_pages_created,1803569,1803569,894.168725,enabled
1782984440.477,2026-07-02 09:27:20.478,buffer_pages_read,59986569,59986569,29739.984171,enabled
1782984440.477,2026-07-02 09:27:20.478,buffer_pages_written,20977731,20977731,10400.284610,enabled
1782984440.477,2026-07-02 09:27:20.478,buffer_pool_bytes_data,12855246848,12855246848,0.000000,enabled
1782984440.477,2026-07-02 09:27:20.478,buffer_pool_bytes_dirty,4631052288,4631052288,0.000000,enabled
1782984440.477,2026-07-02 09:27:20.478,buffer_pool_pages_data,784622,784622,0.000000,enabled
1782984440.477,2026-07-02 09:27:20.478,buffer_pool_pages_dirty,282657,282657,0.000000,enabled
1782984440.477,2026-07-02 09:27:20.478,buffer_pool_pages_flushed,20920661,20920661,0.000000,enabled
1782984440.477,2026-07-02 09:27:20.478,buffer_pool_pages_free,1713,1713,0.000000,enabled
1782984440.477,2026-07-02 09:27:20.478,buffer_pool_pages_lru_flushed,0,0,0.000000,enabled
1782984440.477,2026-07-02 09:27:20.478,buffer_pool_pages_misc,96,96,0.000000,enabled
1782984440.477,2026-07-02 09:27:20.478,buffer_pool_pages_total,786432,786432,0.000000,enabled
1782984440.477,2026-07-02 09:27:20.478,buffer_pool_reads,59105457,59105457,29303.149954,enabled
1782984440.477,2026-07-02 09:27:20.478,buffer_pool_read_ahead,803715,803715,398.463730,enabled
1782984440.477,2026-07-02 09:27:20.478,buffer_pool_read_ahead_evicted,25,25,0.012394,enabled
1782984440.477,2026-07-02 09:27:20.478,buffer_pool_read_requests,2647179440,2647179440,1312411.739159,enabled
1782984440.477,2026-07-02 09:27:20.478,buffer_pool_size,12884901888,12884901888,0.000000,enabled
1782984440.477,2026-07-02 09:27:20.478,buffer_pool_wait_free,18945,18945,9.392503,enabled
1782984440.477,2026-07-02 09:27:20.478,buffer_pool_write_requests,573630688,573630688,284393.130586,enabled
1782984440.477,2026-07-02 09:27:20.478,dml_deletes,11784647,11784647,5842.560350,enabled
1782984440.477,2026-07-02 09:27:20.478,dml_inserts,111670048,111670048,55363.473799,enabled
1782984440.477,2026-07-02 09:27:20.478,dml_system_deletes,468,468,0.232024,enabled
1782984440.477,2026-07-02 09:27:20.478,dml_system_inserts,1202,1202,0.595924,enabled
1782984440.477,2026-07-02 09:27:20.478,dml_system_reads,7661,7661,3.798150,enabled
1782984440.477,2026-07-02 09:27:20.478,dml_system_updates,620,620,0.307382,enabled
1782984440.477,2026-07-02 09:27:20.478,dml_updates,23569410,23569410,11685.178198,enabled
1782984440.477,2026-07-02 09:27:20.478,file_num_open_files,35,35,0.000000,enabled
1782984440.477,2026-07-02 09:27:20.478,ibuf_merges,0,0,0.000000,enabled
1782984440.477,2026-07-02 09:27:20.478,ibuf_merges_delete,0,0,0.000000,enabled
1782984440.477,2026-07-02 09:27:20.478,ibuf_merges_delete_mark,0,0,0.000000,enabled
1782984440.477,2026-07-02 09:27:20.478,ibuf_merges_discard_delete,0,0,0.000000,enabled
1782984440.477,2026-07-02 09:27:20.478,ibuf_merges_discard_delete_mark,0,0,0.000000,enabled
1782984440.477,2026-07-02 09:27:20.478,ibuf_merges_discard_insert,0,0,0.000000,enabled
1782984440.477,2026-07-02 09:27:20.478,ibuf_merges_insert,0,0,0.000000,enabled
1782984440.477,2026-07-02 09:27:20.478,ibuf_size,1,1,0.000496,enabled
1782984440.477,2026-07-02 09:27:20.478,innodb_activity_count,16447979,16447979,8154.534609,enabled
1782984440.477,2026-07-02 09:27:20.478,innodb_dblwr_pages_written,20918739,20918739,10371.035846,enabled
1782984440.477,2026-07-02 09:27:20.478,innodb_dblwr_writes,420770,420770,208.608213,enabled
1782984440.477,2026-07-02 09:27:20.478,innodb_page_size,16384,16384,0.000000,enabled
1782984440.477,2026-07-02 09:27:20.478,innodb_rwlock_sx_os_waits,0,0,0.000000,enabled
1782984440.477,2026-07-02 09:27:20.478,innodb_rwlock_sx_spin_rounds,0,0,0.000000,enabled
1782984440.477,2026-07-02 09:27:20.478,innodb_rwlock_sx_spin_waits,0,0,0.000000,enabled
1782984440.477,2026-07-02 09:27:20.478,innodb_rwlock_s_os_waits,0,0,0.000000,enabled
1782984440.477,2026-07-02 09:27:20.478,innodb_rwlock_s_spin_rounds,0,0,0.000000,enabled
1782984440.477,2026-07-02 09:27:20.478,innodb_rwlock_s_spin_waits,0,0,0.000000,enabled
1782984440.477,2026-07-02 09:27:20.478,innodb_rwlock_x_os_waits,0,0,0.000000,enabled
1782984440.477,2026-07-02 09:27:20.478,innodb_rwlock_x_spin_rounds,0,0,0.000000,enabled
1782984440.477,2026-07-02 09:27:20.478,innodb_rwlock_x_spin_waits,0,0,0.000000,enabled
1782984440.477,2026-07-02 09:27:20.478,lock_deadlocks,0,0,0.000000,enabled
1782984440.477,2026-07-02 09:27:20.478,lock_deadlock_false_positives,0,0,0.000000,enabled
1782984440.477,2026-07-02 09:27:20.478,lock_deadlock_rounds,2254,2254,1.117482,enabled
1782984440.477,2026-07-02 09:27:20.478,lock_rec_grant_attempts,425,425,0.210705,enabled
1782984440.477,2026-07-02 09:27:20.478,lock_rec_release_attempts,35817667,35817667,17757.590173,enabled
1782984440.477,2026-07-02 09:27:20.478,lock_row_lock_current_waits,0,0,0.000000,enabled
1782984440.477,2026-07-02 09:27:20.478,lock_row_lock_time,323,323,0.160136,enabled
1782984440.477,2026-07-02 09:27:20.478,lock_row_lock_time_avg,0,0,0.000000,enabled
1782984440.477,2026-07-02 09:27:20.478,lock_row_lock_time_max,29,29,0.000000,enabled
1782984440.477,2026-07-02 09:27:20.478,lock_row_lock_waits,425,425,0.210705,enabled
1782984440.477,2026-07-02 09:27:20.478,lock_schedule_refreshes,2254,2254,1.117482,enabled
1782984440.477,2026-07-02 09:27:20.478,lock_threads_waiting,0,0,0.000000,enabled
1782984440.477,2026-07-02 09:27:20.478,lock_timeouts,0,0,0.000000,enabled
1782984440.477,2026-07-02 09:27:20.478,log_waits,0,0,0.000000,enabled
1782984440.477,2026-07-02 09:27:20.478,log_writes,177472722,177472722,87986.951515,enabled
1782984440.477,2026-07-02 09:27:20.478,log_write_requests,385035240,385035240,190891.741769,enabled
1782984440.477,2026-07-02 09:27:20.478,os_data_fsyncs,45794393,45794393,22703.822529,enabled
1782984440.477,2026-07-02 09:27:20.478,os_data_reads,60118463,60118463,29805.371969,enabled
1782984440.477,2026-07-02 09:27:20.478,os_data_writes,199162406,199162406,98740.208764,enabled
1782984440.477,2026-07-02 09:27:20.478,os_log_bytes_written,115208957440,115208957440,57117990.783567,enabled
1782984440.477,2026-07-02 09:27:20.478,os_log_fsyncs,40261627,40261627,19960.802430,enabled
1782984440.477,2026-07-02 09:27:20.478,os_log_pending_fsyncs,1,1,0.000496,enabled
1782984440.477,2026-07-02 09:27:20.478,os_log_pending_writes,0,0,0.000000,enabled
1782984440.477,2026-07-02 09:27:20.478,trx_rseg_history_len,963,963,0.000000,enabled
1782984441.547,2026-07-02 09:27:21.548,adaptive_hash_searches,0,0,0.000000,enabled
1782984441.547,2026-07-02 09:27:21.548,adaptive_hash_searches_btree,551134061,551134061,273095.061950,enabled
1782984441.547,2026-07-02 09:27:21.548,buffer_data_reads,980997310976,980997310976,486098772.123857,enabled
1782984441.547,2026-07-02 09:27:21.548,buffer_data_written,493113735680,493113735680,244345196.834074,enabled
1782984441.547,2026-07-02 09:27:21.548,buffer_pages0_read,7,7,0.003469,enabled
1782984441.547,2026-07-02 09:27:21.548,buffer_pages_created,1803613,1803613,893.717106,enabled
1782984441.547,2026-07-02 09:27:21.548,buffer_pages_read,60044132,60044132,29752.761427,enabled
1782984441.547,2026-07-02 09:27:21.548,buffer_pages_written,20993877,20993877,10402.778679,enabled
1782984441.547,2026-07-02 09:27:21.548,buffer_pool_bytes_data,12853739520,12853739520,0.000000,enabled
1782984441.547,2026-07-02 09:27:21.548,buffer_pool_bytes_dirty,4638588928,4638588928,0.000000,enabled
1782984441.547,2026-07-02 09:27:21.548,buffer_pool_pages_data,784530,784530,0.000000,enabled
1782984441.547,2026-07-02 09:27:21.548,buffer_pool_pages_dirty,283117,283117,0.000000,enabled
1782984441.547,2026-07-02 09:27:21.548,buffer_pool_pages_flushed,20936807,20936807,0.000000,enabled
1782984441.547,2026-07-02 09:27:21.548,buffer_pool_pages_free,1803,1803,0.000000,enabled
1782984441.547,2026-07-02 09:27:21.548,buffer_pool_pages_lru_flushed,0,0,0.000000,enabled
1782984441.547,2026-07-02 09:27:21.548,buffer_pool_pages_misc,96,96,0.000000,enabled
1782984441.547,2026-07-02 09:27:21.548,buffer_pool_pages_total,786432,786432,0.000000,enabled
1782984441.547,2026-07-02 09:27:21.548,buffer_pool_reads,59162963,59162963,29316.130793,enabled
1782984441.547,2026-07-02 09:27:21.548,buffer_pool_read_ahead,803715,803715,398.252764,enabled
1782984441.547,2026-07-02 09:27:21.548,buffer_pool_read_ahead_evicted,25,25,0.012388,enabled
1782984441.547,2026-07-02 09:27:21.548,buffer_pool_read_requests,2648021058,2648021058,1312133.921092,enabled
1782984441.547,2026-07-02 09:27:21.548,buffer_pool_size,12884901888,12884901888,0.000000,enabled
1782984441.547,2026-07-02 09:27:21.548,buffer_pool_wait_free,18945,18945,9.387530,enabled
1782984441.547,2026-07-02 09:27:21.548,buffer_pool_write_requests,573746101,573746101,284299.748457,enabled
1782984441.547,2026-07-02 09:27:21.548,dml_deletes,11789543,11789543,5841.892215,enabled
1782984441.547,2026-07-02 09:27:21.548,dml_inserts,111674945,111674945,55336.580318,enabled
1782984441.547,2026-07-02 09:27:21.548,dml_system_deletes,468,468,0.231901,enabled
1782984441.547,2026-07-02 09:27:21.548,dml_system_inserts,1202,1202,0.595609,enabled
1782984441.547,2026-07-02 09:27:21.548,dml_system_reads,7661,7661,3.796138,enabled
1782984441.547,2026-07-02 09:27:21.548,dml_system_updates,620,620,0.307219,enabled
1782984441.547,2026-07-02 09:27:21.548,dml_updates,23579208,23579208,11683.844872,enabled
1782984441.547,2026-07-02 09:27:21.548,file_num_open_files,35,35,0.000000,enabled
1782984441.547,2026-07-02 09:27:21.548,ibuf_merges,0,0,0.000000,enabled
1782984441.547,2026-07-02 09:27:21.548,ibuf_merges_delete,0,0,0.000000,enabled
1782984441.547,2026-07-02 09:27:21.548,ibuf_merges_delete_mark,0,0,0.000000,enabled
1782984441.547,2026-07-02 09:27:21.548,ibuf_merges_discard_delete,0,0,0.000000,enabled
1782984441.547,2026-07-02 09:27:21.548,ibuf_merges_discard_delete_mark,0,0,0.000000,enabled
1782984441.547,2026-07-02 09:27:21.548,ibuf_merges_discard_insert,0,0,0.000000,enabled
1782984441.547,2026-07-02 09:27:21.548,ibuf_merges_insert,0,0,0.000000,enabled
1782984441.547,2026-07-02 09:27:21.548,ibuf_size,1,1,0.000496,enabled
1782984441.547,2026-07-02 09:27:21.548,innodb_activity_count,16453599,16453599,8153.000924,enabled
1782984441.547,2026-07-02 09:27:21.548,innodb_dblwr_pages_written,20934885,20934885,10373.544076,enabled
1782984441.547,2026-07-02 09:27:21.548,innodb_dblwr_writes,421104,421104,208.663239,enabled
1782984441.547,2026-07-02 09:27:21.548,innodb_page_size,16384,16384,0.000000,enabled
1782984441.547,2026-07-02 09:27:21.548,innodb_rwlock_sx_os_waits,0,0,0.000000,enabled
1782984441.547,2026-07-02 09:27:21.548,innodb_rwlock_sx_spin_rounds,0,0,0.000000,enabled
1782984441.547,2026-07-02 09:27:21.548,innodb_rwlock_sx_spin_waits,0,0,0.000000,enabled
1782984441.547,2026-07-02 09:27:21.548,innodb_rwlock_s_os_waits,0,0,0.000000,enabled
1782984441.547,2026-07-02 09:27:21.548,innodb_rwlock_s_spin_rounds,0,0,0.000000,enabled
1782984441.547,2026-07-02 09:27:21.548,innodb_rwlock_s_spin_waits,0,0,0.000000,enabled
1782984441.547,2026-07-02 09:27:21.548,innodb_rwlock_x_os_waits,0,0,0.000000,enabled
1782984441.547,2026-07-02 09:27:21.548,innodb_rwlock_x_spin_rounds,0,0,0.000000,enabled
1782984441.547,2026-07-02 09:27:21.548,innodb_rwlock_x_spin_waits,0,0,0.000000,enabled
1782984441.547,2026-07-02 09:27:21.548,lock_deadlocks,0,0,0.000000,enabled
1782984441.547,2026-07-02 09:27:21.548,lock_deadlock_false_positives,0,0,0.000000,enabled
1782984441.547,2026-07-02 09:27:21.548,lock_deadlock_rounds,2255,2255,1.117386,enabled
1782984441.547,2026-07-02 09:27:21.548,lock_rec_grant_attempts,425,425,0.210594,enabled
1782984441.547,2026-07-02 09:27:21.548,lock_rec_release_attempts,35832566,35832566,17755.571343,enabled
1782984441.547,2026-07-02 09:27:21.548,lock_row_lock_current_waits,0,0,0.000000,enabled
1782984441.547,2026-07-02 09:27:21.548,lock_row_lock_time,323,323,0.160051,enabled
1782984441.547,2026-07-02 09:27:21.548,lock_row_lock_time_avg,0,0,0.000000,enabled
1782984441.547,2026-07-02 09:27:21.548,lock_row_lock_time_max,29,29,0.000000,enabled
1782984441.547,2026-07-02 09:27:21.548,lock_row_lock_waits,425,425,0.210594,enabled
1782984441.547,2026-07-02 09:27:21.548,lock_schedule_refreshes,2255,2255,1.117386,enabled
1782984441.547,2026-07-02 09:27:21.548,lock_threads_waiting,0,0,0.000000,enabled
1782984441.547,2026-07-02 09:27:21.548,lock_timeouts,0,0,0.000000,enabled
1782984441.547,2026-07-02 09:27:21.548,log_waits,0,0,0.000000,enabled
1782984441.547,2026-07-02 09:27:21.548,log_writes,177552150,177552150,87979.716841,enabled
1782984441.547,2026-07-02 09:27:21.548,log_write_requests,385118465,385118465,190831.896744,enabled
1782984441.547,2026-07-02 09:27:21.548,os_data_fsyncs,45828271,45828271,22708.587673,enabled
1782984441.547,2026-07-02 09:27:21.548,os_data_reads,60175860,60175860,29818.030792,enabled
1782984441.547,2026-07-02 09:27:21.548,os_data_writes,199258197,199258197,98735.390626,enabled
1782984441.547,2026-07-02 09:27:21.548,os_log_bytes_written,115250526208,115250526208,57108343.984206,enabled
1782984441.547,2026-07-02 09:27:21.548,os_log_fsyncs,40290842,40290842,19964.709390,enabled
1782984441.547,2026-07-02 09:27:21.548,os_log_pending_fsyncs,1,1,0.000496,enabled
1782984441.547,2026-07-02 09:27:21.548,os_log_pending_writes,0,0,0.000000,enabled
1782984441.547,2026-07-02 09:27:21.548,trx_rseg_history_len,1026,1026,0.000000,enabled
1782984442.615,2026-07-02 09:27:22.617,adaptive_hash_searches,0,0,0.000000,enabled
1782984442.615,2026-07-02 09:27:22.617,adaptive_hash_searches_btree,551302284,551302284,273033.441235,enabled
1782984442.615,2026-07-02 09:27:22.617,buffer_data_reads,981926824448,981926824448,486301090.193503,enabled
1782984442.615,2026-07-02 09:27:22.617,buffer_data_written,493422791680,493422791680,244368557.149853,enabled
1782984442.615,2026-07-02 09:27:22.617,buffer_pages0_read,7,7,0.003467,enabled
1782984442.615,2026-07-02 09:27:22.617,buffer_pages_created,1803649,1803649,893.260539,enabled
1782984442.615,2026-07-02 09:27:22.617,buffer_pages_read,60101019,60101019,29765.141759,enabled
1782984442.615,2026-07-02 09:27:22.617,buffer_pages_written,21009940,21009940,10405.212017,enabled
1782984442.615,2026-07-02 09:27:22.617,buffer_pool_bytes_data,12853510144,12853510144,0.000000,enabled
1782984442.615,2026-07-02 09:27:22.617,buffer_pool_bytes_dirty,4643667968,4643667968,0.000000,enabled
1782984442.615,2026-07-02 09:27:22.617,buffer_pool_pages_data,784516,784516,0.000000,enabled
1782984442.615,2026-07-02 09:27:22.617,buffer_pool_pages_dirty,283427,283427,0.000000,enabled
1782984442.615,2026-07-02 09:27:22.617,buffer_pool_pages_flushed,20952870,20952870,0.000000,enabled
1782984442.615,2026-07-02 09:27:22.617,buffer_pool_pages_free,1820,1820,0.000000,enabled
1782984442.615,2026-07-02 09:27:22.617,buffer_pool_pages_lru_flushed,0,0,0.000000,enabled
1782984442.615,2026-07-02 09:27:22.617,buffer_pool_pages_misc,97,97,0.000000,enabled
1782984442.615,2026-07-02 09:27:22.617,buffer_pool_pages_total,786432,786432,0.000000,enabled
1782984442.615,2026-07-02 09:27:22.617,buffer_pool_reads,59219789,59219789,29328.712199,enabled
1782984442.615,2026-07-02 09:27:22.617,buffer_pool_read_ahead,803715,803715,398.041365,enabled
1782984442.615,2026-07-02 09:27:22.617,buffer_pool_read_ahead_evicted,25,25,0.012381,enabled
1782984442.615,2026-07-02 09:27:22.617,buffer_pool_read_requests,2648855321,2648855321,1311850.585978,enabled
1782984442.615,2026-07-02 09:27:22.617,buffer_pool_size,12884901888,12884901888,0.000000,enabled
1782984442.615,2026-07-02 09:27:22.617,buffer_pool_wait_free,18945,18945,9.382547,enabled
1782984442.615,2026-07-02 09:27:22.617,buffer_pool_write_requests,573860355,573860355,284205.421224,enabled
1782984442.615,2026-07-02 09:27:22.617,dml_deletes,11794402,11794402,5841.198473,enabled
1782984442.615,2026-07-02 09:27:22.617,dml_inserts,111679802,111679802,55309.619737,enabled
1782984442.615,2026-07-02 09:27:22.617,dml_system_deletes,468,468,0.231778,enabled
1782984442.615,2026-07-02 09:27:22.617,dml_system_inserts,1202,1202,0.595293,enabled
1782984442.615,2026-07-02 09:27:22.617,dml_system_reads,7661,7661,3.794124,enabled
1782984442.615,2026-07-02 09:27:22.617,dml_system_updates,620,620,0.307056,enabled
1782984442.615,2026-07-02 09:27:22.617,dml_updates,23588920,23588920,11682.454384,enabled
1782984442.615,2026-07-02 09:27:22.617,file_num_open_files,35,35,0.000000,enabled
1782984442.615,2026-07-02 09:27:22.617,ibuf_merges,0,0,0.000000,enabled
1782984442.615,2026-07-02 09:27:22.617,ibuf_merges_delete,0,0,0.000000,enabled
1782984442.615,2026-07-02 09:27:22.617,ibuf_merges_delete_mark,0,0,0.000000,enabled
1782984442.615,2026-07-02 09:27:22.617,ibuf_merges_discard_delete,0,0,0.000000,enabled
1782984442.615,2026-07-02 09:27:22.617,ibuf_merges_discard_delete_mark,0,0,0.000000,enabled
1782984442.615,2026-07-02 09:27:22.617,ibuf_merges_discard_insert,0,0,0.000000,enabled
1782984442.615,2026-07-02 09:27:22.617,ibuf_merges_insert,0,0,0.000000,enabled
1782984442.615,2026-07-02 09:27:22.617,ibuf_size,1,1,0.000495,enabled
1782984442.615,2026-07-02 09:27:22.617,innodb_activity_count,16459178,16459178,8151.437199,enabled
1782984442.615,2026-07-02 09:27:22.617,innodb_dblwr_pages_written,20950948,20950948,10375.994211,enabled
1782984442.615,2026-07-02 09:27:22.617,innodb_dblwr_writes,421479,421479,208.738224,enabled
1782984442.615,2026-07-02 09:27:22.617,innodb_page_size,16384,16384,0.000000,enabled
1782984442.615,2026-07-02 09:27:22.617,innodb_rwlock_sx_os_waits,0,0,0.000000,enabled
1782984442.615,2026-07-02 09:27:22.617,innodb_rwlock_sx_spin_rounds,0,0,0.000000,enabled
1782984442.615,2026-07-02 09:27:22.617,innodb_rwlock_sx_spin_waits,0,0,0.000000,enabled
1782984442.615,2026-07-02 09:27:22.617,innodb_rwlock_s_os_waits,0,0,0.000000,enabled
1782984442.615,2026-07-02 09:27:22.617,innodb_rwlock_s_spin_rounds,0,0,0.000000,enabled
1782984442.615,2026-07-02 09:27:22.617,innodb_rwlock_s_spin_waits,0,0,0.000000,enabled
1782984442.615,2026-07-02 09:27:22.617,innodb_rwlock_x_os_waits,0,0,0.000000,enabled
1782984442.615,2026-07-02 09:27:22.617,innodb_rwlock_x_spin_rounds,0,0,0.000000,enabled
1782984442.615,2026-07-02 09:27:22.617,innodb_rwlock_x_spin_waits,0,0,0.000000,enabled
1782984442.615,2026-07-02 09:27:22.617,lock_deadlocks,0,0,0.000000,enabled
1782984442.615,2026-07-02 09:27:22.617,lock_deadlock_false_positives,0,0,0.000000,enabled
1782984442.615,2026-07-02 09:27:22.617,lock_deadlock_rounds,2256,2256,1.117288,enabled
1782984442.615,2026-07-02 09:27:22.617,lock_rec_grant_attempts,425,425,0.210482,enabled
1782984442.615,2026-07-02 09:27:22.617,lock_rec_release_attempts,35847337,35847337,17753.461521,enabled
1782984442.615,2026-07-02 09:27:22.617,lock_row_lock_current_waits,0,0,0.000000,enabled
1782984442.615,2026-07-02 09:27:22.617,lock_row_lock_time,323,323,0.159966,enabled
1782984442.615,2026-07-02 09:27:22.617,lock_row_lock_time_avg,0,0,0.000000,enabled
1782984442.615,2026-07-02 09:27:22.617,lock_row_lock_time_max,29,29,0.000000,enabled
1782984442.615,2026-07-02 09:27:22.617,lock_row_lock_waits,425,425,0.210482,enabled
1782984442.615,2026-07-02 09:27:22.617,lock_schedule_refreshes,2256,2256,1.117288,enabled
1782984442.615,2026-07-02 09:27:22.617,lock_threads_waiting,0,0,0.000000,enabled
1782984442.615,2026-07-02 09:27:22.617,lock_timeouts,0,0,0.000000,enabled
1782984442.615,2026-07-02 09:27:22.617,log_waits,0,0,0.000000,enabled
1782984442.615,2026-07-02 09:27:22.617,log_writes,177627968,177627968,87970.571799,enabled
1782984442.615,2026-07-02 09:27:22.617,log_write_requests,385200991,385200991,190771.486332,enabled
1782984442.615,2026-07-02 09:27:22.617,os_data_fsyncs,45859952,45859952,22712.224868,enabled
1782984442.615,2026-07-02 09:27:22.617,os_data_reads,60232571,60232571,29830.290691,enabled
1782984442.615,2026-07-02 09:27:22.617,os_data_writes,199350385,199350385,98728.641822,enabled
1782984442.615,2026-07-02 09:27:22.617,os_log_bytes_written,115290319872,115290319872,57097741.047034,enabled
1782984442.615,2026-07-02 09:27:22.617,os_log_fsyncs,40317414,40317414,19967.272751,enabled
1782984442.615,2026-07-02 09:27:22.617,os_log_pending_fsyncs,1,1,0.000495,enabled
1782984442.615,2026-07-02 09:27:22.617,os_log_pending_writes,0,0,0.000000,enabled
1782984442.615,2026-07-02 09:27:22.617,trx_rseg_history_len,1037,1037,0.000000,enabled
1782984443.686,2026-07-02 09:27:23.688,adaptive_hash_searches,0,0,0.000000,enabled
1782984443.686,2026-07-02 09:27:23.688,adaptive_hash_searches_btree,551470938,551470938,272972.090729,enabled
1782984443.686,2026-07-02 09:27:23.688,buffer_data_reads,982866856448,982866856448,486508429.951585,enabled
1782984443.686,2026-07-02 09:27:23.688,buffer_data_written,493732935168,493732935168,244392445.760943,enabled
1782984443.686,2026-07-02 09:27:23.688,buffer_pages0_read,7,7,0.003465,enabled
1782984443.686,2026-07-02 09:27:23.688,buffer_pages_created,1803676,1803676,892.800059,enabled
1782984443.686,2026-07-02 09:27:23.688,buffer_pages_read,60158531,60158531,29777.820202,enabled
1782984443.686,2026-07-02 09:27:23.688,buffer_pages_written,21025950,21025950,10407.617186,enabled
1782984443.686,2026-07-02 09:27:23.688,buffer_pool_bytes_data,12851576832,12851576832,0.000000,enabled
1782984443.686,2026-07-02 09:27:23.688,buffer_pool_bytes_dirty,4648665088,4648665088,0.000000,enabled
1782984443.686,2026-07-02 09:27:23.688,buffer_pool_pages_data,784398,784398,0.000000,enabled
1782984443.686,2026-07-02 09:27:23.688,buffer_pool_pages_dirty,283732,283732,0.000000,enabled
1782984443.686,2026-07-02 09:27:23.688,buffer_pool_pages_flushed,20968864,20968864,0.000000,enabled
1782984443.686,2026-07-02 09:27:23.688,buffer_pool_pages_free,1937,1937,0.000000,enabled
1782984443.686,2026-07-02 09:27:23.688,buffer_pool_pages_lru_flushed,0,0,0.000000,enabled
1782984443.686,2026-07-02 09:27:23.688,buffer_pool_pages_misc,97,97,0.000000,enabled
1782984443.686,2026-07-02 09:27:23.688,buffer_pool_pages_total,786432,786432,0.000000,enabled
1782984443.686,2026-07-02 09:27:23.688,buffer_pool_reads,59277246,59277246,29341.594851,enabled
1782984443.686,2026-07-02 09:27:23.688,buffer_pool_read_ahead,803715,803715,397.830217,enabled
1782984443.686,2026-07-02 09:27:23.688,buffer_pool_read_ahead_evicted,25,25,0.012375,enabled
1782984443.686,2026-07-02 09:27:23.688,buffer_pool_read_requests,2649691605,2649691605,1311568.643028,enabled
1782984443.686,2026-07-02 09:27:23.688,buffer_pool_size,12884901888,12884901888,0.000000,enabled
1782984443.686,2026-07-02 09:27:23.688,buffer_pool_wait_free,18945,18945,9.377570,enabled
1782984443.686,2026-07-02 09:27:23.688,buffer_pool_write_requests,573974317,573974317,284111.069362,enabled
1782984443.686,2026-07-02 09:27:23.688,dml_deletes,11799271,11799271,5840.510050,enabled
1782984443.686,2026-07-02 09:27:23.688,dml_inserts,111684672,111684672,55282.690773,enabled
1782984443.686,2026-07-02 09:27:23.688,dml_system_deletes,468,468,0.231655,enabled
1782984443.686,2026-07-02 09:27:23.688,dml_system_inserts,1202,1202,0.594977,enabled
1782984443.686,2026-07-02 09:27:23.688,dml_system_reads,7661,7661,3.792111,enabled
1782984443.686,2026-07-02 09:27:23.688,dml_system_updates,620,620,0.306893,enabled
1782984443.686,2026-07-02 09:27:23.688,dml_updates,23598665,23598665,11681.080970,enabled
1782984443.686,2026-07-02 09:27:23.688,file_num_open_files,35,35,0.000000,enabled
1782984443.686,2026-07-02 09:27:23.688,ibuf_merges,0,0,0.000000,enabled
1782984443.686,2026-07-02 09:27:23.688,ibuf_merges_delete,0,0,0.000000,enabled
1782984443.686,2026-07-02 09:27:23.688,ibuf_merges_delete_mark,0,0,0.000000,enabled
1782984443.686,2026-07-02 09:27:23.688,ibuf_merges_discard_delete,0,0,0.000000,enabled
1782984443.686,2026-07-02 09:27:23.688,ibuf_merges_discard_delete_mark,0,0,0.000000,enabled
1782984443.686,2026-07-02 09:27:23.688,ibuf_merges_discard_insert,0,0,0.000000,enabled
1782984443.686,2026-07-02 09:27:23.688,ibuf_merges_insert,0,0,0.000000,enabled
1782984443.686,2026-07-02 09:27:23.688,ibuf_size,1,1,0.000495,enabled
1782984443.686,2026-07-02 09:27:23.688,innodb_activity_count,16464774,16464774,8149.883155,enabled
1782984443.686,2026-07-02 09:27:23.688,innodb_dblwr_pages_written,20966942,20966942,10378.407017,enabled
1782984443.686,2026-07-02 09:27:23.688,innodb_dblwr_writes,421863,421863,208.817572,enabled
1782984443.686,2026-07-02 09:27:23.688,innodb_page_size,16384,16384,0.000000,enabled
1782984443.686,2026-07-02 09:27:23.688,innodb_rwlock_sx_os_waits,0,0,0.000000,enabled
1782984443.686,2026-07-02 09:27:23.688,innodb_rwlock_sx_spin_rounds,0,0,0.000000,enabled
1782984443.686,2026-07-02 09:27:23.688,innodb_rwlock_sx_spin_waits,0,0,0.000000,enabled
1782984443.686,2026-07-02 09:27:23.688,innodb_rwlock_s_os_waits,0,0,0.000000,enabled
1782984443.686,2026-07-02 09:27:23.688,innodb_rwlock_s_spin_rounds,0,0,0.000000,enabled
1782984443.686,2026-07-02 09:27:23.688,innodb_rwlock_s_spin_waits,0,0,0.000000,enabled
1782984443.686,2026-07-02 09:27:23.688,innodb_rwlock_x_os_waits,0,0,0.000000,enabled
1782984443.686,2026-07-02 09:27:23.688,innodb_rwlock_x_spin_rounds,0,0,0.000000,enabled
1782984443.686,2026-07-02 09:27:23.688,innodb_rwlock_x_spin_waits,0,0,0.000000,enabled
1782984443.686,2026-07-02 09:27:23.688,lock_deadlocks,0,0,0.000000,enabled
1782984443.686,2026-07-02 09:27:23.688,lock_deadlock_false_positives,0,0,0.000000,enabled
1782984443.686,2026-07-02 09:27:23.688,lock_deadlock_rounds,2257,2257,1.117191,enabled
1782984443.686,2026-07-02 09:27:23.688,lock_rec_grant_attempts,425,425,0.210370,enabled
1782984443.686,2026-07-02 09:27:23.688,lock_rec_release_attempts,35862136,35862136,17751.369208,enabled
1782984443.686,2026-07-02 09:27:23.688,lock_row_lock_current_waits,0,0,0.000000,enabled
1782984443.686,2026-07-02 09:27:23.688,lock_row_lock_time,323,323,0.159882,enabled
1782984443.686,2026-07-02 09:27:23.688,lock_row_lock_time_avg,0,0,0.000000,enabled
1782984443.686,2026-07-02 09:27:23.688,lock_row_lock_time_max,29,29,0.000000,enabled
1782984443.686,2026-07-02 09:27:23.688,lock_row_lock_waits,425,425,0.210370,enabled
1782984443.686,2026-07-02 09:27:23.688,lock_schedule_refreshes,2257,2257,1.117191,enabled
1782984443.686,2026-07-02 09:27:23.688,lock_threads_waiting,0,0,0.000000,enabled
1782984443.686,2026-07-02 09:27:23.688,lock_timeouts,0,0,0.000000,enabled
1782984443.686,2026-07-02 09:27:23.688,log_waits,0,0,0.000000,enabled
1782984443.686,2026-07-02 09:27:23.688,log_writes,177707625,177707625,87963.336782,enabled
1782984443.686,2026-07-02 09:27:23.688,log_write_requests,385283728,385283728,190711.244654,enabled
1782984443.686,2026-07-02 09:27:23.688,os_data_fsyncs,45893983,45893983,22717.022049,enabled
1782984443.686,2026-07-02 09:27:23.688,os_data_reads,60289949,60289949,29842.868578,enabled
1782984443.686,2026-07-02 09:27:23.688,os_data_writes,199446345,199446345,98723.769976,enabled
1782984443.686,2026-07-02 09:27:23.688,os_log_bytes_written,115331983360,115331983360,57088076.283692,enabled
1782984443.686,2026-07-02 09:27:23.688,os_log_fsyncs,40346400,40346400,19971.028780,enabled
1782984443.686,2026-07-02 09:27:23.688,os_log_pending_fsyncs,1,1,0.000495,enabled
1782984443.686,2026-07-02 09:27:23.688,os_log_pending_writes,0,0,0.000000,enabled
1782984443.686,2026-07-02 09:27:23.688,trx_rseg_history_len,1095,1095,0.000000,enabled
1782984444.758,2026-07-02 09:27:24.760,adaptive_hash_searches,0,0,0.000000,enabled
1782984444.758,2026-07-02 09:27:24.760,adaptive_hash_searches_btree,551639312,551639312,272910.842930,enabled
1782984444.758,2026-07-02 09:27:24.760,buffer_data_reads,983796304384,983796304384,486710628.147414,enabled
1782984444.758,2026-07-02 09:27:24.760,buffer_data_written,494043191296,494043191296,244416522.684777,enabled
1782984444.758,2026-07-02 09:27:24.760,buffer_pages0_read,7,7,0.003463,enabled
1782984444.758,2026-07-02 09:27:24.760,buffer_pages_created,1803716,1803716,892.347076,enabled
1782984444.758,2026-07-02 09:27:24.760,buffer_pages_read,60215410,60215410,29790.191283,enabled
1782984444.758,2026-07-02 09:27:24.760,buffer_pages_written,21041962,21041962,10410.027519,enabled
1782984444.758,2026-07-02 09:27:24.760,buffer_pool_bytes_data,12857655296,12857655296,0.000000,enabled
1782984444.758,2026-07-02 09:27:24.760,buffer_pool_bytes_dirty,4652122112,4652122112,0.000000,enabled
1782984444.758,2026-07-02 09:27:24.760,buffer_pool_pages_data,784769,784769,0.000000,enabled
1782984444.758,2026-07-02 09:27:24.760,buffer_pool_pages_dirty,283943,283943,0.000000,enabled
1782984444.758,2026-07-02 09:27:24.760,buffer_pool_pages_flushed,20984892,20984892,0.000000,enabled
1782984444.758,2026-07-02 09:27:24.760,buffer_pool_pages_free,1567,1567,0.000000,enabled
1782984444.758,2026-07-02 09:27:24.760,buffer_pool_pages_lru_flushed,0,0,0.000000,enabled
1782984444.758,2026-07-02 09:27:24.760,buffer_pool_pages_misc,96,96,0.000000,enabled
1782984444.758,2026-07-02 09:27:24.760,buffer_pool_pages_total,786432,786432,0.000000,enabled
1782984444.758,2026-07-02 09:27:24.760,buffer_pool_reads,59334072,59334072,29354.170684,enabled
1782984444.758,2026-07-02 09:27:24.760,buffer_pool_read_ahead,803715,803715,397.619550,enabled
1782984444.758,2026-07-02 09:27:24.760,buffer_pool_read_ahead_evicted,25,25,0.012368,enabled
1782984444.758,2026-07-02 09:27:24.760,buffer_pool_read_requests,2650526106,2650526106,1311286.966559,enabled
1782984444.758,2026-07-02 09:27:24.760,buffer_pool_size,12884901888,12884901888,0.000000,enabled
1782984444.758,2026-07-02 09:27:24.760,buffer_pool_wait_free,18945,18945,9.372604,enabled
1782984444.758,2026-07-02 09:27:24.760,buffer_pool_write_requests,574088280,574088280,284017.002064,enabled
1782984444.758,2026-07-02 09:27:24.760,dml_deletes,11804127,11804127,5839.819747,enabled
1782984444.758,2026-07-02 09:27:24.760,dml_inserts,111689529,111689529,55255.820076,enabled
1782984444.758,2026-07-02 09:27:24.760,dml_system_deletes,468,468,0.231532,enabled
1782984444.758,2026-07-02 09:27:24.760,dml_system_inserts,1202,1202,0.594662,enabled
1782984444.758,2026-07-02 09:27:24.760,dml_system_reads,7661,7661,3.790103,enabled
1782984444.758,2026-07-02 09:27:24.760,dml_system_updates,620,620,0.306731,enabled
1782984444.758,2026-07-02 09:27:24.760,dml_updates,23608376,23608376,11679.699839,enabled
1782984444.758,2026-07-02 09:27:24.760,file_num_open_files,35,35,0.000000,enabled
1782984444.758,2026-07-02 09:27:24.760,ibuf_merges,0,0,0.000000,enabled
1782984444.758,2026-07-02 09:27:24.760,ibuf_merges_delete,0,0,0.000000,enabled
1782984444.758,2026-07-02 09:27:24.760,ibuf_merges_delete_mark,0,0,0.000000,enabled
1782984444.758,2026-07-02 09:27:24.760,ibuf_merges_discard_delete,0,0,0.000000,enabled
1782984444.758,2026-07-02 09:27:24.760,ibuf_merges_discard_delete_mark,0,0,0.000000,enabled
1782984444.758,2026-07-02 09:27:24.760,ibuf_merges_discard_insert,0,0,0.000000,enabled
1782984444.758,2026-07-02 09:27:24.760,ibuf_merges_insert,0,0,0.000000,enabled
1782984444.758,2026-07-02 09:27:24.760,ibuf_size,1,1,0.000495,enabled
1782984444.758,2026-07-02 09:27:24.760,innodb_activity_count,16470355,16470355,8148.328631,enabled
1782984444.758,2026-07-02 09:27:24.760,innodb_dblwr_pages_written,20982970,20982970,10380.840853,enabled
1782984444.758,2026-07-02 09:27:24.760,innodb_dblwr_writes,422206,422206,208.876689,enabled
1782984444.758,2026-07-02 09:27:24.760,innodb_page_size,16384,16384,0.000000,enabled
1782984444.758,2026-07-02 09:27:24.760,innodb_rwlock_sx_os_waits,0,0,0.000000,enabled
1782984444.758,2026-07-02 09:27:24.760,innodb_rwlock_sx_spin_rounds,0,0,0.000000,enabled
1782984444.758,2026-07-02 09:27:24.760,innodb_rwlock_sx_spin_waits,0,0,0.000000,enabled
1782984444.758,2026-07-02 09:27:24.760,innodb_rwlock_s_os_waits,0,0,0.000000,enabled
1782984444.758,2026-07-02 09:27:24.760,innodb_rwlock_s_spin_rounds,0,0,0.000000,enabled
1782984444.758,2026-07-02 09:27:24.760,innodb_rwlock_s_spin_waits,0,0,0.000000,enabled
1782984444.758,2026-07-02 09:27:24.760,innodb_rwlock_x_os_waits,0,0,0.000000,enabled
1782984444.758,2026-07-02 09:27:24.760,innodb_rwlock_x_spin_rounds,0,0,0.000000,enabled
1782984444.758,2026-07-02 09:27:24.760,innodb_rwlock_x_spin_waits,0,0,0.000000,enabled
1782984444.758,2026-07-02 09:27:24.760,lock_deadlocks,0,0,0.000000,enabled
1782984444.758,2026-07-02 09:27:24.760,lock_deadlock_false_positives,0,0,0.000000,enabled
1782984444.758,2026-07-02 09:27:24.760,lock_deadlock_rounds,2258,2258,1.117094,enabled
1782984444.758,2026-07-02 09:27:24.760,lock_rec_grant_attempts,425,425,0.210259,enabled
1782984444.758,2026-07-02 09:27:24.760,lock_rec_release_attempts,35876916,35876916,17749.281227,enabled
1782984444.758,2026-07-02 09:27:24.760,lock_row_lock_current_waits,0,0,0.000000,enabled
1782984444.758,2026-07-02 09:27:24.760,lock_row_lock_time,323,323,0.159797,enabled
1782984444.758,2026-07-02 09:27:24.760,lock_row_lock_time_avg,0,0,0.000000,enabled
1782984444.758,2026-07-02 09:27:24.760,lock_row_lock_time_max,29,29,0.000000,enabled
1782984444.758,2026-07-02 09:27:24.760,lock_row_lock_waits,425,425,0.210259,enabled
1782984444.758,2026-07-02 09:27:24.760,lock_schedule_refreshes,2258,2258,1.117094,enabled
1782984444.758,2026-07-02 09:27:24.760,lock_threads_waiting,0,0,0.000000,enabled
1782984444.758,2026-07-02 09:27:24.760,lock_timeouts,0,0,0.000000,enabled
1782984444.758,2026-07-02 09:27:24.760,log_waits,0,0,0.000000,enabled
1782984444.758,2026-07-02 09:27:24.760,log_writes,177787488,177787488,87956.267493,enabled
1782984444.758,2026-07-02 09:27:24.760,log_write_requests,385366238,385366238,190651.076283,enabled
1782984444.758,2026-07-02 09:27:24.760,os_data_fsyncs,45927367,45927367,22721.508436,enabled
1782984444.758,2026-07-02 09:27:24.760,os_data_reads,60346677,60346677,29855.130439,enabled
1782984444.758,2026-07-02 09:27:24.760,os_data_writes,199542455,199542455,98719.039950,enabled
1782984444.758,2026-07-02 09:27:24.760,os_log_bytes_written,115373839360,115373839360,57078553.170574,enabled
1782984444.758,2026-07-02 09:27:24.760,os_log_fsyncs,40374888,40374888,19974.547111,enabled
1782984444.758,2026-07-02 09:27:24.760,os_log_pending_fsyncs,1,1,0.000495,enabled
1782984444.758,2026-07-02 09:27:24.760,os_log_pending_writes,0,0,0.000000,enabled
1782984444.758,2026-07-02 09:27:24.760,trx_rseg_history_len,1151,1151,0.000000,enabled
1782984445.828,2026-07-02 09:27:25.830,adaptive_hash_searches,0,0,0.000000,enabled
1782984445.828,2026-07-02 09:27:25.830,adaptive_hash_searches_btree,551808265,551808265,272849.657607,enabled
1782984445.828,2026-07-02 09:27:25.830,buffer_data_reads,984730061312,984730061312,486914225.077306,enabled
1782984445.828,2026-07-02 09:27:25.830,buffer_data_written,494354340352,494354340352,244440755.720865,enabled
1782984445.828,2026-07-02 09:27:25.830,buffer_pages0_read,7,7,0.003461,enabled
1782984445.828,2026-07-02 09:27:25.830,buffer_pages_created,1803759,1803759,891.895108,enabled
1782984445.828,2026-07-02 09:27:25.830,buffer_pages_read,60272556,60272556,29802.649590,enabled
1782984445.828,2026-07-02 09:27:25.830,buffer_pages_written,21058030,21058030,10412.451921,enabled
1782984445.828,2026-07-02 09:27:25.830,buffer_pool_bytes_data,12856098816,12856098816,0.000000,enabled
1782984445.828,2026-07-02 09:27:25.830,buffer_pool_bytes_dirty,4656562176,4656562176,0.000000,enabled
1782984445.828,2026-07-02 09:27:25.830,buffer_pool_pages_data,784674,784674,0.000000,enabled
1782984445.828,2026-07-02 09:27:25.830,buffer_pool_pages_dirty,284214,284214,0.000000,enabled
1782984445.828,2026-07-02 09:27:25.830,buffer_pool_pages_flushed,21000960,21000960,0.000000,enabled
1782984445.828,2026-07-02 09:27:25.830,buffer_pool_pages_free,1660,1660,0.000000,enabled
1782984445.828,2026-07-02 09:27:25.830,buffer_pool_pages_lru_flushed,0,0,0.000000,enabled
1782984445.828,2026-07-02 09:27:25.830,buffer_pool_pages_misc,96,96,0.000000,enabled
1782984445.828,2026-07-02 09:27:25.830,buffer_pool_pages_total,786432,786432,0.000000,enabled
1782984445.828,2026-07-02 09:27:25.830,buffer_pool_reads,59391159,59391159,29366.830974,enabled
1782984445.828,2026-07-02 09:27:25.830,buffer_pool_read_ahead,803715,803715,397.408684,enabled
1782984445.828,2026-07-02 09:27:25.830,buffer_pool_read_ahead_evicted,25,25,0.012362,enabled
1782984445.828,2026-07-02 09:27:25.830,buffer_pool_read_requests,2651363437,2651363437,1311005.590918,enabled
1782984445.828,2026-07-02 09:27:25.830,buffer_pool_size,12884901888,12884901888,0.000000,enabled
1782984445.828,2026-07-02 09:27:25.830,buffer_pool_wait_free,18945,18945,9.367633,enabled
1782984445.828,2026-07-02 09:27:25.830,buffer_pool_write_requests,574202837,574202837,283923.025614,enabled
1782984445.828,2026-07-02 09:27:25.830,dml_deletes,11809008,11809008,5839.136330,enabled
1782984445.828,2026-07-02 09:27:25.830,dml_inserts,111694410,111694410,55228.930999,enabled
1782984445.828,2026-07-02 09:27:25.830,dml_system_deletes,468,468,0.231409,enabled
1782984445.828,2026-07-02 09:27:25.830,dml_system_inserts,1202,1202,0.594346,enabled
1782984445.828,2026-07-02 09:27:25.830,dml_system_reads,7661,7661,3.788093,enabled
1782984445.828,2026-07-02 09:27:25.830,dml_system_updates,620,620,0.306568,enabled
1782984445.828,2026-07-02 09:27:25.830,dml_updates,23618136,23618136,11678.331983,enabled
1782984445.828,2026-07-02 09:27:25.830,file_num_open_files,35,35,0.000000,enabled
1782984445.828,2026-07-02 09:27:25.830,ibuf_merges,0,0,0.000000,enabled
1782984445.828,2026-07-02 09:27:25.830,ibuf_merges_delete,0,0,0.000000,enabled
1782984445.828,2026-07-02 09:27:25.830,ibuf_merges_delete_mark,0,0,0.000000,enabled
1782984445.828,2026-07-02 09:27:25.830,ibuf_merges_discard_delete,0,0,0.000000,enabled
1782984445.828,2026-07-02 09:27:25.830,ibuf_merges_discard_delete_mark,0,0,0.000000,enabled
1782984445.828,2026-07-02 09:27:25.830,ibuf_merges_discard_insert,0,0,0.000000,enabled
1782984445.828,2026-07-02 09:27:25.830,ibuf_merges_insert,0,0,0.000000,enabled
1782984445.828,2026-07-02 09:27:25.830,ibuf_size,1,1,0.000494,enabled
1782984445.828,2026-07-02 09:27:25.830,innodb_activity_count,16475959,16475959,8146.778493,enabled
1782984445.828,2026-07-02 09:27:25.830,innodb_dblwr_pages_written,20999038,20999038,10383.280877,enabled
1782984445.828,2026-07-02 09:27:25.830,innodb_dblwr_writes,422579,422579,208.950355,enabled
1782984445.828,2026-07-02 09:27:25.830,innodb_page_size,16384,16384,0.000000,enabled
1782984445.828,2026-07-02 09:27:25.830,innodb_rwlock_sx_os_waits,0,0,0.000000,enabled
1782984445.828,2026-07-02 09:27:25.830,innodb_rwlock_sx_spin_rounds,0,0,0.000000,enabled
1782984445.828,2026-07-02 09:27:25.830,innodb_rwlock_sx_spin_waits,0,0,0.000000,enabled
1782984445.828,2026-07-02 09:27:25.830,innodb_rwlock_s_os_waits,0,0,0.000000,enabled
1782984445.828,2026-07-02 09:27:25.830,innodb_rwlock_s_spin_rounds,0,0,0.000000,enabled
1782984445.828,2026-07-02 09:27:25.830,innodb_rwlock_s_spin_waits,0,0,0.000000,enabled
1782984445.828,2026-07-02 09:27:25.830,innodb_rwlock_x_os_waits,0,0,0.000000,enabled
1782984445.828,2026-07-02 09:27:25.830,innodb_rwlock_x_spin_rounds,0,0,0.000000,enabled
1782984445.828,2026-07-02 09:27:25.830,innodb_rwlock_x_spin_waits,0,0,0.000000,enabled
1782984445.828,2026-07-02 09:27:25.830,lock_deadlocks,0,0,0.000000,enabled
1782984445.828,2026-07-02 09:27:25.830,lock_deadlock_false_positives,0,0,0.000000,enabled
1782984445.828,2026-07-02 09:27:25.830,lock_deadlock_rounds,2259,2259,1.116996,enabled
1782984445.828,2026-07-02 09:27:25.830,lock_rec_grant_attempts,425,425,0.210147,enabled
1782984445.828,2026-07-02 09:27:25.830,lock_rec_release_attempts,35891749,35891749,17747.202735,enabled
1782984445.828,2026-07-02 09:27:25.830,lock_row_lock_current_waits,0,0,0.000000,enabled
1782984445.828,2026-07-02 09:27:25.830,lock_row_lock_time,323,323,0.159712,enabled
1782984445.828,2026-07-02 09:27:25.830,lock_row_lock_time_avg,0,0,0.000000,enabled
1782984445.828,2026-07-02 09:27:25.830,lock_row_lock_time_max,29,29,0.000000,enabled
1782984445.828,2026-07-02 09:27:25.830,lock_row_lock_waits,425,425,0.210147,enabled
1782984445.828,2026-07-02 09:27:25.830,lock_schedule_refreshes,2259,2259,1.116996,enabled
1782984445.828,2026-07-02 09:27:25.830,lock_threads_waiting,0,0,0.000000,enabled
1782984445.828,2026-07-02 09:27:25.830,lock_timeouts,0,0,0.000000,enabled
1782984445.828,2026-07-02 09:27:25.830,log_waits,0,0,0.000000,enabled
1782984445.828,2026-07-02 09:27:25.830,log_writes,177867829,177867829,87949.349352,enabled
1782984445.828,2026-07-02 09:27:25.830,log_write_requests,385449166,385449166,190590.977422,enabled
1782984445.828,2026-07-02 09:27:25.830,os_data_fsyncs,45960969,45960969,22726.073995,enabled
1782984445.828,2026-07-02 09:27:25.830,os_data_reads,60403656,60403656,29867.472070,enabled
1782984445.828,2026-07-02 09:27:25.830,os_data_writes,199639139,199639139,98714.495096,enabled
1782984445.828,2026-07-02 09:27:25.830,os_log_bytes_written,115415763968,115415763968,57069014.098471,enabled
1782984445.828,2026-07-02 09:27:25.830,os_log_fsyncs,40403569,40403569,19978.136158,enabled
1782984445.828,2026-07-02 09:27:25.830,os_log_pending_fsyncs,1,1,0.000494,enabled
1782984445.828,2026-07-02 09:27:25.830,os_log_pending_writes,0,0,0.000000,enabled
1782984445.828,2026-07-02 09:27:25.830,trx_rseg_history_len,1185,1185,0.000000,enabled
1782984446.901,2026-07-02 09:27:26.903,adaptive_hash_searches,0,0,0.000000,enabled
1782984446.901,2026-07-02 09:27:26.903,adaptive_hash_searches_btree,551976450,551976450,272788.276352,enabled
1782984446.901,2026-07-02 09:27:26.903,buffer_data_reads,985663703552,985663703552,487117769.808073,enabled
1782984446.901,2026-07-02 09:27:26.903,buffer_data_written,494664782848,494664782848,244464724.386069,enabled
1782984446.901,2026-07-02 09:27:26.903,buffer_pages0_read,7,7,0.003459,enabled
1782984446.901,2026-07-02 09:27:26.903,buffer_pages_created,1803789,1803789,891.437597,enabled
1782984446.901,2026-07-02 09:27:26.903,buffer_pages_read,60329690,60329690,29815.102262,enabled
1782984446.901,2026-07-02 09:27:26.903,buffer_pages_written,21074077,21074077,10414.868088,enabled
1782984446.901,2026-07-02 09:27:26.903,buffer_pool_bytes_data,12860981248,12860981248,0.000000,enabled
1782984446.901,2026-07-02 09:27:26.903,buffer_pool_bytes_dirty,4658315264,4658315264,0.000000,enabled
1782984446.901,2026-07-02 09:27:26.903,buffer_pool_pages_data,784972,784972,0.000000,enabled
1782984446.901,2026-07-02 09:27:26.903,buffer_pool_pages_dirty,284321,284321,0.000000,enabled
1782984446.901,2026-07-02 09:27:26.903,buffer_pool_pages_flushed,21017007,21017007,0.000000,enabled
1782984446.901,2026-07-02 09:27:26.903,buffer_pool_pages_free,1364,1364,0.000000,enabled
1782984446.901,2026-07-02 09:27:26.903,buffer_pool_pages_lru_flushed,0,0,0.000000,enabled
1782984446.901,2026-07-02 09:27:26.903,buffer_pool_pages_misc,96,96,0.000000,enabled
1782984446.901,2026-07-02 09:27:26.903,buffer_pool_pages_total,786432,786432,0.000000,enabled
1782984446.901,2026-07-02 09:27:26.903,buffer_pool_reads,59448227,59448227,29379.482021,enabled
1782984446.901,2026-07-02 09:27:26.903,buffer_pool_read_ahead,803715,803715,397.198223,enabled
1782984446.901,2026-07-02 09:27:26.903,buffer_pool_read_ahead_evicted,25,25,0.012355,enabled
1782984446.901,2026-07-02 09:27:26.903,buffer_pool_read_requests,2652197024,2652197024,1310723.267983,enabled
1782984446.901,2026-07-02 09:27:26.903,buffer_pool_size,12884901888,12884901888,0.000000,enabled
1782984446.901,2026-07-02 09:27:26.903,buffer_pool_wait_free,18945,18945,9.362673,enabled
1782984446.901,2026-07-02 09:27:26.903,buffer_pool_write_requests,574317040,574317040,283829.104758,enabled
1782984446.901,2026-07-02 09:27:26.903,dml_deletes,11813857,11813857,5838.440379,enabled
1782984446.901,2026-07-02 09:27:26.903,dml_inserts,111699259,111699259,55202.078774,enabled
1782984446.901,2026-07-02 09:27:26.903,dml_system_deletes,468,468,0.231287,enabled
1782984446.901,2026-07-02 09:27:26.903,dml_system_inserts,1202,1202,0.594032,enabled
1782984446.901,2026-07-02 09:27:26.903,dml_system_reads,7661,7661,3.786087,enabled
1782984446.901,2026-07-02 09:27:26.903,dml_system_updates,620,620,0.306406,enabled
1782984446.901,2026-07-02 09:27:26.903,dml_updates,23627832,23627832,11676.939062,enabled
1782984446.901,2026-07-02 09:27:26.903,file_num_open_files,35,35,0.000000,enabled
1782984446.901,2026-07-02 09:27:26.903,ibuf_merges,0,0,0.000000,enabled
1782984446.901,2026-07-02 09:27:26.903,ibuf_merges_delete,0,0,0.000000,enabled
1782984446.901,2026-07-02 09:27:26.903,ibuf_merges_delete_mark,0,0,0.000000,enabled
1782984446.901,2026-07-02 09:27:26.903,ibuf_merges_discard_delete,0,0,0.000000,enabled
1782984446.901,2026-07-02 09:27:26.903,ibuf_merges_discard_delete_mark,0,0,0.000000,enabled
1782984446.901,2026-07-02 09:27:26.903,ibuf_merges_discard_insert,0,0,0.000000,enabled
1782984446.901,2026-07-02 09:27:26.903,ibuf_merges_insert,0,0,0.000000,enabled
1782984446.901,2026-07-02 09:27:26.903,ibuf_size,1,1,0.000494,enabled
1782984446.901,2026-07-02 09:27:26.903,innodb_activity_count,16481523,16481523,8145.213790,enabled
1782984446.901,2026-07-02 09:27:26.903,innodb_dblwr_pages_written,21015087,21015087,10385.713464,enabled
1782984446.901,2026-07-02 09:27:26.903,innodb_dblwr_writes,422896,422896,208.996360,enabled
1782984446.901,2026-07-02 09:27:26.903,innodb_page_size,16384,16384,0.000000,enabled
1782984446.901,2026-07-02 09:27:26.903,innodb_rwlock_sx_os_waits,0,0,0.000000,enabled
1782984446.901,2026-07-02 09:27:26.903,innodb_rwlock_sx_spin_rounds,0,0,0.000000,enabled
1782984446.901,2026-07-02 09:27:26.903,innodb_rwlock_sx_spin_waits,0,0,0.000000,enabled
1782984446.901,2026-07-02 09:27:26.903,innodb_rwlock_s_os_waits,0,0,0.000000,enabled
1782984446.901,2026-07-02 09:27:26.903,innodb_rwlock_s_spin_rounds,0,0,0.000000,enabled
1782984446.901,2026-07-02 09:27:26.903,innodb_rwlock_s_spin_waits,0,0,0.000000,enabled
1782984446.901,2026-07-02 09:27:26.903,innodb_rwlock_x_os_waits,0,0,0.000000,enabled
1782984446.901,2026-07-02 09:27:26.903,innodb_rwlock_x_spin_rounds,0,0,0.000000,enabled
1782984446.901,2026-07-02 09:27:26.903,innodb_rwlock_x_spin_waits,0,0,0.000000,enabled
1782984446.901,2026-07-02 09:27:26.903,lock_deadlocks,0,0,0.000000,enabled
1782984446.901,2026-07-02 09:27:26.903,lock_deadlock_false_positives,0,0,0.000000,enabled
1782984446.901,2026-07-02 09:27:26.903,lock_deadlock_rounds,2260,2260,1.116898,enabled
1782984446.901,2026-07-02 09:27:26.903,lock_rec_grant_attempts,425,425,0.210036,enabled
1782984446.901,2026-07-02 09:27:26.903,lock_rec_release_attempts,35906493,35906493,17745.090677,enabled
1782984446.901,2026-07-02 09:27:26.903,lock_row_lock_current_waits,0,0,0.000000,enabled
1782984446.901,2026-07-02 09:27:26.903,lock_row_lock_time,323,323,0.159628,enabled
1782984446.901,2026-07-02 09:27:26.903,lock_row_lock_time_avg,0,0,0.000000,enabled
1782984446.901,2026-07-02 09:27:26.903,lock_row_lock_time_max,29,29,0.000000,enabled
1782984446.901,2026-07-02 09:27:26.903,lock_row_lock_waits,425,425,0.210036,enabled
1782984446.901,2026-07-02 09:27:26.903,lock_schedule_refreshes,2260,2260,1.116898,enabled
1782984446.901,2026-07-02 09:27:26.903,lock_threads_waiting,0,0,0.000000,enabled
1782984446.901,2026-07-02 09:27:26.903,lock_timeouts,0,0,0.000000,enabled
1782984446.901,2026-07-02 09:27:26.903,log_waits,0,0,0.000000,enabled
1782984446.901,2026-07-02 09:27:26.903,log_writes,177947020,177947020,87941.908748,enabled
1782984446.901,2026-07-02 09:27:26.903,log_write_requests,385531659,385531659,190530.810791,enabled
1782984446.901,2026-07-02 09:27:26.903,os_data_fsyncs,45994469,45994469,22730.594323,enabled
1782984446.901,2026-07-02 09:27:26.903,os_data_reads,60460635,60460635,29879.813783,enabled
1782984446.901,2026-07-02 09:27:26.903,os_data_writes,199734584,199734584,98709.386225,enabled
1782984446.901,2026-07-02 09:27:26.903,os_log_bytes_written,115457160192,115457160192,57059249.119249,enabled
1782984446.901,2026-07-02 09:27:26.903,os_log_fsyncs,40432478,40432478,19981.842864,enabled
1782984446.901,2026-07-02 09:27:26.903,os_log_pending_fsyncs,1,1,0.000494,enabled
1782984446.901,2026-07-02 09:27:26.903,os_log_pending_writes,0,0,0.000000,enabled
1782984446.901,2026-07-02 09:27:26.903,trx_rseg_history_len,1167,1167,0.000000,enabled
1782984447.972,2026-07-02 09:27:27.974,adaptive_hash_searches,0,0,0.000000,enabled
1782984447.972,2026-07-02 09:27:27.974,adaptive_hash_searches_btree,552147234,552147234,272728.521850,enabled
1782984447.972,2026-07-02 09:27:27.974,buffer_data_reads,986609273344,986609273344,487327513.480571,enabled
1782984447.972,2026-07-02 09:27:27.974,buffer_data_written,494980124672,494980124672,244491349.945961,enabled
1782984447.972,2026-07-02 09:27:27.974,buffer_pages0_read,7,7,0.003458,enabled
1782984447.972,2026-07-02 09:27:27.974,buffer_pages_created,1803823,1803823,890.983504,enabled
1782984447.972,2026-07-02 09:27:27.974,buffer_pages_read,60387576,60387576,29827.945186,enabled
1782984447.972,2026-07-02 09:27:27.974,buffer_pages_written,21090360,21090360,10417.409445,enabled
1782984447.972,2026-07-02 09:27:27.974,buffer_pool_bytes_data,12861521920,12861521920,0.000000,enabled
1782984447.972,2026-07-02 09:27:27.974,buffer_pool_bytes_dirty,4662099968,4662099968,0.000000,enabled
1782984447.972,2026-07-02 09:27:27.974,buffer_pool_pages_data,785009,785009,0.000000,enabled
1782984447.972,2026-07-02 09:27:27.974,buffer_pool_pages_dirty,284552,284552,0.000000,enabled
1782984447.972,2026-07-02 09:27:27.974,buffer_pool_pages_flushed,21033290,21033290,0.000000,enabled
1782984447.972,2026-07-02 09:27:27.974,buffer_pool_pages_free,1333,1333,0.000000,enabled
1782984447.972,2026-07-02 09:27:27.974,buffer_pool_pages_lru_flushed,0,0,0.000000,enabled
1782984447.972,2026-07-02 09:27:27.974,buffer_pool_pages_misc,97,97,0.000000,enabled
1782984447.972,2026-07-02 09:27:27.974,buffer_pool_pages_total,786432,786432,0.000000,enabled
1782984447.972,2026-07-02 09:27:27.974,buffer_pool_reads,59506050,59506050,29392.524125,enabled
1782984447.972,2026-07-02 09:27:27.974,buffer_pool_read_ahead,803715,803715,396.988410,enabled
1782984447.972,2026-07-02 09:27:27.974,buffer_pool_read_ahead_evicted,25,25,0.012349,enabled
1782984447.972,2026-07-02 09:27:27.974,buffer_pool_read_requests,2653046624,2653046624,1310450.557729,enabled
1782984447.972,2026-07-02 09:27:27.974,buffer_pool_size,12884901888,12884901888,0.000000,enabled
1782984447.972,2026-07-02 09:27:27.974,buffer_pool_wait_free,18945,18945,9.357727,enabled
1782984447.972,2026-07-02 09:27:27.974,buffer_pool_write_requests,574435370,574435370,283737.625834,enabled
1782984447.972,2026-07-02 09:27:27.974,dml_deletes,11818788,11818788,5837.791540,enabled
1782984447.972,2026-07-02 09:27:27.974,dml_inserts,111704189,111704189,55175.350492,enabled
1782984447.972,2026-07-02 09:27:27.974,dml_system_deletes,468,468,0.231165,enabled
1782984447.972,2026-07-02 09:27:27.974,dml_system_inserts,1202,1202,0.593718,enabled
1782984447.972,2026-07-02 09:27:27.974,dml_system_reads,7661,7661,3.784087,enabled
1782984447.972,2026-07-02 09:27:27.974,dml_system_updates,620,620,0.306244,enabled
1782984447.972,2026-07-02 09:27:27.974,dml_updates,23637698,23637698,11675.643326,enabled
1782984447.972,2026-07-02 09:27:27.974,file_num_open_files,35,35,0.000000,enabled
1782984447.972,2026-07-02 09:27:27.974,ibuf_merges,0,0,0.000000,enabled
1782984447.972,2026-07-02 09:27:27.974,ibuf_merges_delete,0,0,0.000000,enabled
1782984447.972,2026-07-02 09:27:27.974,ibuf_merges_delete_mark,0,0,0.000000,enabled
1782984447.972,2026-07-02 09:27:27.974,ibuf_merges_discard_delete,0,0,0.000000,enabled
1782984447.972,2026-07-02 09:27:27.974,ibuf_merges_discard_delete_mark,0,0,0.000000,enabled
1782984447.972,2026-07-02 09:27:27.974,ibuf_merges_discard_insert,0,0,0.000000,enabled
1782984447.972,2026-07-02 09:27:27.974,ibuf_merges_insert,0,0,0.000000,enabled
1782984447.972,2026-07-02 09:27:27.974,ibuf_size,1,1,0.000494,enabled
1782984447.972,2026-07-02 09:27:27.974,innodb_activity_count,16487191,16487191,8143.710357,enabled
1782984447.972,2026-07-02 09:27:27.974,innodb_dblwr_pages_written,21031368,21031368,10388.268558,enabled
1782984447.972,2026-07-02 09:27:27.974,innodb_dblwr_writes,423270,423270,209.070681,enabled
1782984447.972,2026-07-02 09:27:27.974,innodb_page_size,16384,16384,0.000000,enabled
1782984447.972,2026-07-02 09:27:27.974,innodb_rwlock_sx_os_waits,0,0,0.000000,enabled
1782984447.972,2026-07-02 09:27:27.974,innodb_rwlock_sx_spin_rounds,0,0,0.000000,enabled
1782984447.972,2026-07-02 09:27:27.974,innodb_rwlock_sx_spin_waits,0,0,0.000000,enabled
1782984447.972,2026-07-02 09:27:27.974,innodb_rwlock_s_os_waits,0,0,0.000000,enabled
1782984447.972,2026-07-02 09:27:27.974,innodb_rwlock_s_spin_rounds,0,0,0.000000,enabled
1782984447.972,2026-07-02 09:27:27.974,innodb_rwlock_s_spin_waits,0,0,0.000000,enabled
1782984447.972,2026-07-02 09:27:27.974,innodb_rwlock_x_os_waits,0,0,0.000000,enabled
1782984447.972,2026-07-02 09:27:27.974,innodb_rwlock_x_spin_rounds,0,0,0.000000,enabled
1782984447.972,2026-07-02 09:27:27.974,innodb_rwlock_x_spin_waits,0,0,0.000000,enabled
1782984447.972,2026-07-02 09:27:27.974,lock_deadlocks,0,0,0.000000,enabled
1782984447.972,2026-07-02 09:27:27.974,lock_deadlock_false_positives,0,0,0.000000,enabled
1782984447.972,2026-07-02 09:27:27.974,lock_deadlock_rounds,2261,2261,1.116802,enabled
1782984447.972,2026-07-02 09:27:27.974,lock_rec_grant_attempts,425,425,0.209925,enabled
1782984447.972,2026-07-02 09:27:27.974,lock_rec_release_attempts,35921495,35921495,17743.127323,enabled
1782984447.972,2026-07-02 09:27:27.974,lock_row_lock_current_waits,0,0,0.000000,enabled
1782984447.972,2026-07-02 09:27:27.974,lock_row_lock_time,323,323,0.159543,enabled
1782984447.972,2026-07-02 09:27:27.974,lock_row_lock_time_avg,0,0,0.000000,enabled
1782984447.972,2026-07-02 09:27:27.974,lock_row_lock_time_max,29,29,0.000000,enabled
1782984447.972,2026-07-02 09:27:27.974,lock_row_lock_waits,425,425,0.209925,enabled
1782984447.972,2026-07-02 09:27:27.974,lock_schedule_refreshes,2261,2261,1.116802,enabled
1782984447.972,2026-07-02 09:27:27.974,lock_threads_waiting,0,0,0.000000,enabled
1782984447.972,2026-07-02 09:27:27.974,lock_timeouts,0,0,0.000000,enabled
1782984447.972,2026-07-02 09:27:27.974,log_waits,0,0,0.000000,enabled
1782984447.972,2026-07-02 09:27:27.974,log_writes,178027717,178027717,87935.310460,enabled
1782984447.972,2026-07-02 09:27:27.974,log_write_requests,385616480,385616480,190472.053939,enabled
1782984447.972,2026-07-02 09:27:27.974,os_data_fsyncs,46029159,46029159,22735.721447,enabled
1782984447.972,2026-07-02 09:27:27.974,os_data_reads,60518354,60518354,29892.539250,enabled
1782984447.972,2026-07-02 09:27:27.974,os_data_writes,199831838,199831838,98705.279638,enabled
1782984447.972,2026-07-02 09:27:27.974,os_log_bytes_written,115499467776,115499467776,57050004.270214,enabled
1782984447.972,2026-07-02 09:27:27.974,os_log_fsyncs,40462122,40462122,19985.929578,enabled
1782984447.972,2026-07-02 09:27:27.974,os_log_pending_fsyncs,1,1,0.000494,enabled
1782984447.972,2026-07-02 09:27:27.974,os_log_pending_writes,0,0,0.000000,enabled
1782984447.972,2026-07-02 09:27:27.974,trx_rseg_history_len,100,100,0.000000,enabled
1782984449.042,2026-07-02 09:27:29.044,adaptive_hash_searches,0,0,0.000000,enabled
1782984449.042,2026-07-02 09:27:29.044,adaptive_hash_searches_btree,552318520,552318520,272668.903769,enabled
1782984449.042,2026-07-02 09:27:29.044,buffer_data_reads,987554613760,987554613760,487536558.207975,enabled
1782984449.042,2026-07-02 09:27:29.044,buffer_data_written,495297155584,495297155584,244518598.740772,enabled
1782984449.042,2026-07-02 09:27:29.044,buffer_pages0_read,7,7,0.003456,enabled
1782984449.042,2026-07-02 09:27:29.044,buffer_pages_created,1803857,1803857,890.529222,enabled
1782984449.042,2026-07-02 09:27:29.044,buffer_pages_read,60445457,60445457,29840.749788,enabled
1782984449.042,2026-07-02 09:27:29.044,buffer_pages_written,21106774,21106774,10420.005002,enabled
1782984449.042,2026-07-02 09:27:29.044,buffer_pool_bytes_data,12853051392,12853051392,0.000000,enabled
1782984449.042,2026-07-02 09:27:29.044,buffer_pool_bytes_dirty,4664803328,4664803328,0.000000,enabled
1782984449.042,2026-07-02 09:27:29.044,buffer_pool_pages_data,784488,784488,0.000000,enabled
1782984449.042,2026-07-02 09:27:29.044,buffer_pool_pages_dirty,284717,284717,0.000000,enabled
1782984449.042,2026-07-02 09:27:29.044,buffer_pool_pages_flushed,21049704,21049704,0.000000,enabled
1782984449.042,2026-07-02 09:27:29.044,buffer_pool_pages_free,1847,1847,0.000000,enabled
1782984449.042,2026-07-02 09:27:29.044,buffer_pool_pages_lru_flushed,0,0,0.000000,enabled
1782984449.042,2026-07-02 09:27:29.044,buffer_pool_pages_misc,97,97,0.000000,enabled
1782984449.042,2026-07-02 09:27:29.044,buffer_pool_pages_total,786432,786432,0.000000,enabled
1782984449.042,2026-07-02 09:27:29.044,buffer_pool_reads,59563869,59563869,29405.527951,enabled
1782984449.042,2026-07-02 09:27:29.044,buffer_pool_read_ahead,803715,803715,396.778518,enabled
1782984449.042,2026-07-02 09:27:29.044,buffer_pool_read_ahead_evicted,25,25,0.012342,enabled
1782984449.042,2026-07-02 09:27:29.044,buffer_pool_read_requests,2653895749,2653895749,1310176.899580,enabled
1782984449.042,2026-07-02 09:27:29.044,buffer_pool_size,12884901888,12884901888,0.000000,enabled
1782984449.042,2026-07-02 09:27:29.044,buffer_pool_wait_free,18945,18945,9.352779,enabled
1782984449.042,2026-07-02 09:27:29.044,buffer_pool_write_requests,574552130,574552130,283645.251733,enabled
1782984449.042,2026-07-02 09:27:29.044,dml_deletes,11823725,11823725,5837.142708,enabled
1782984449.042,2026-07-02 09:27:29.044,dml_inserts,111709126,111709126,55148.619498,enabled
1782984449.042,2026-07-02 09:27:29.044,dml_system_deletes,468,468,0.231042,enabled
1782984449.042,2026-07-02 09:27:29.044,dml_system_inserts,1202,1202,0.593404,enabled
1782984449.042,2026-07-02 09:27:29.044,dml_system_reads,7661,7661,3.782086,enabled
1782984449.042,2026-07-02 09:27:29.044,dml_system_updates,620,620,0.306082,enabled
1782984449.042,2026-07-02 09:27:29.044,dml_updates,23647566,23647566,11674.342671,enabled
1782984449.042,2026-07-02 09:27:29.044,file_num_open_files,35,35,0.000000,enabled
1782984449.042,2026-07-02 09:27:29.044,ibuf_merges,0,0,0.000000,enabled
1782984449.042,2026-07-02 09:27:29.044,ibuf_merges_delete,0,0,0.000000,enabled
1782984449.042,2026-07-02 09:27:29.044,ibuf_merges_delete_mark,0,0,0.000000,enabled
1782984449.042,2026-07-02 09:27:29.044,ibuf_merges_discard_delete,0,0,0.000000,enabled
1782984449.042,2026-07-02 09:27:29.044,ibuf_merges_discard_delete_mark,0,0,0.000000,enabled
1782984449.042,2026-07-02 09:27:29.044,ibuf_merges_discard_insert,0,0,0.000000,enabled
1782984449.042,2026-07-02 09:27:29.044,ibuf_merges_insert,0,0,0.000000,enabled
1782984449.042,2026-07-02 09:27:29.044,ibuf_size,1,1,0.000494,enabled
1782984449.042,2026-07-02 09:27:29.044,innodb_activity_count,16492869,16492869,8142.208309,enabled
1782984449.042,2026-07-02 09:27:29.044,innodb_dblwr_pages_written,21047782,21047782,10390.880090,enabled
1782984449.042,2026-07-02 09:27:29.044,innodb_dblwr_writes,423660,423660,209.152692,enabled
1782984449.042,2026-07-02 09:27:29.044,innodb_page_size,16384,16384,0.000000,enabled
1782984449.042,2026-07-02 09:27:29.044,innodb_rwlock_sx_os_waits,0,0,0.000000,enabled
1782984449.042,2026-07-02 09:27:29.044,innodb_rwlock_sx_spin_rounds,0,0,0.000000,enabled
1782984449.042,2026-07-02 09:27:29.044,innodb_rwlock_sx_spin_waits,0,0,0.000000,enabled
1782984449.042,2026-07-02 09:27:29.044,innodb_rwlock_s_os_waits,0,0,0.000000,enabled
1782984449.042,2026-07-02 09:27:29.044,innodb_rwlock_s_spin_rounds,0,0,0.000000,enabled
1782984449.042,2026-07-02 09:27:29.044,innodb_rwlock_s_spin_waits,0,0,0.000000,enabled
1782984449.042,2026-07-02 09:27:29.044,innodb_rwlock_x_os_waits,0,0,0.000000,enabled
1782984449.042,2026-07-02 09:27:29.044,innodb_rwlock_x_spin_rounds,0,0,0.000000,enabled
1782984449.042,2026-07-02 09:27:29.044,innodb_rwlock_x_spin_waits,0,0,0.000000,enabled
1782984449.042,2026-07-02 09:27:29.044,lock_deadlocks,0,0,0.000000,enabled
1782984449.042,2026-07-02 09:27:29.044,lock_deadlock_false_positives,0,0,0.000000,enabled
1782984449.042,2026-07-02 09:27:29.044,lock_deadlock_rounds,2262,2262,1.116706,enabled
1782984449.042,2026-07-02 09:27:29.044,lock_rec_grant_attempts,425,425,0.209814,enabled
1782984449.042,2026-07-02 09:27:29.044,lock_rec_release_attempts,35936504,35936504,17741.155885,enabled
1782984449.042,2026-07-02 09:27:29.044,lock_row_lock_current_waits,0,0,0.000000,enabled
1782984449.042,2026-07-02 09:27:29.044,lock_row_lock_time,323,323,0.159459,enabled
1782984449.042,2026-07-02 09:27:29.044,lock_row_lock_time_avg,0,0,0.000000,enabled
1782984449.042,2026-07-02 09:27:29.044,lock_row_lock_time_max,29,29,0.000000,enabled
1782984449.042,2026-07-02 09:27:29.044,lock_row_lock_waits,425,425,0.209814,enabled
1782984449.042,2026-07-02 09:27:29.044,lock_schedule_refreshes,2262,2262,1.116706,enabled
1782984449.042,2026-07-02 09:27:29.044,lock_threads_waiting,0,0,0.000000,enabled
1782984449.042,2026-07-02 09:27:29.044,lock_timeouts,0,0,0.000000,enabled
1782984449.042,2026-07-02 09:27:29.044,log_waits,0,0,0.000000,enabled
1782984449.042,2026-07-02 09:27:29.044,log_writes,178107872,178107872,87928.393346,enabled
1782984449.042,2026-07-02 09:27:29.044,log_write_requests,385700341,385700341,190412.759066,enabled
1782984449.042,2026-07-02 09:27:29.044,os_data_fsyncs,46064437,46064437,22741.117630,enabled
1782984449.042,2026-07-02 09:27:29.044,os_data_reads,60576047,60576047,29905.217612,enabled
1782984449.042,2026-07-02 09:27:29.044,os_data_writes,199928714,199928714,98700.922061,enabled
1782984449.042,2026-07-02 09:27:29.044,os_log_bytes_written,115541471232,115541471232,57040579.553957,enabled
1782984449.042,2026-07-02 09:27:29.044,os_log_fsyncs,40492288,40492288,19990.255867,enabled
1782984449.042,2026-07-02 09:27:29.044,os_log_pending_fsyncs,1,1,0.000494,enabled
1782984449.042,2026-07-02 09:27:29.044,os_log_pending_writes,0,0,0.000000,enabled
1782984449.042,2026-07-02 09:27:29.044,trx_rseg_history_len,207,207,0.000000,enabled
1782984450.114,2026-07-02 09:27:30.115,adaptive_hash_searches,0,0,0.000000,enabled
1782984450.114,2026-07-02 09:27:30.115,adaptive_hash_searches_btree,552490896,552490896,272610.311026,enabled
1782984450.114,2026-07-02 09:27:30.115,buffer_data_reads,988507933184,988507933184,487750108.315360,enabled
1782984450.114,2026-07-02 09:27:30.115,buffer_data_written,495612811264,495612811264,244545535.823004,enabled
1782984450.114,2026-07-02 09:27:30.115,buffer_pages0_read,7,7,0.003454,enabled
1782984450.114,2026-07-02 09:27:30.115,buffer_pages_created,1803911,1803911,890.086730,enabled
1782984450.114,2026-07-02 09:27:30.115,buffer_pages_read,60503820,60503820,29853.827004,enabled
1782984450.114,2026-07-02 09:27:30.115,buffer_pages_written,21123034,21123034,10422.538693,enabled
1782984450.114,2026-07-02 09:27:30.115,buffer_pool_bytes_data,12848627712,12848627712,0.000000,enabled
1782984450.114,2026-07-02 09:27:30.115,buffer_pool_bytes_dirty,4670816256,4670816256,0.000000,enabled
1782984450.114,2026-07-02 09:27:30.115,buffer_pool_pages_data,784218,784218,0.000000,enabled
1782984450.114,2026-07-02 09:27:30.115,buffer_pool_pages_dirty,285084,285084,0.000000,enabled
1782984450.114,2026-07-02 09:27:30.115,buffer_pool_pages_flushed,21065964,21065964,0.000000,enabled
1782984450.114,2026-07-02 09:27:30.115,buffer_pool_pages_free,2118,2118,0.000000,enabled
1782984450.114,2026-07-02 09:27:30.115,buffer_pool_pages_lru_flushed,0,0,0.000000,enabled
1782984450.114,2026-07-02 09:27:30.115,buffer_pool_pages_misc,96,96,0.000000,enabled
1782984450.114,2026-07-02 09:27:30.115,buffer_pool_pages_total,786432,786432,0.000000,enabled
1782984450.114,2026-07-02 09:27:30.115,buffer_pool_reads,59622175,59622175,29418.806711,enabled
1782984450.114,2026-07-02 09:27:30.115,buffer_pool_read_ahead,803715,803715,396.569493,enabled
1782984450.114,2026-07-02 09:27:30.115,buffer_pool_read_ahead_evicted,25,25,0.012336,enabled
1782984450.114,2026-07-02 09:27:30.115,buffer_pool_read_requests,2654749624,2654749624,1309908.015331,enabled
1782984450.114,2026-07-02 09:27:30.115,buffer_pool_size,12884901888,12884901888,0.000000,enabled
1782984450.114,2026-07-02 09:27:30.115,buffer_pool_wait_free,18945,18945,9.347852,enabled
1782984450.114,2026-07-02 09:27:30.115,buffer_pool_write_requests,574668664,574668664,283553.327017,enabled
1782984450.114,2026-07-02 09:27:30.115,dml_deletes,11828702,11828702,5836.523356,enabled
1782984450.114,2026-07-02 09:27:30.115,dml_inserts,111714103,111714103,55122.022016,enabled
1782984450.114,2026-07-02 09:27:30.115,dml_system_deletes,468,468,0.230921,enabled
1782984450.114,2026-07-02 09:27:30.115,dml_system_inserts,1202,1202,0.593091,enabled
1782984450.114,2026-07-02 09:27:30.115,dml_system_reads,7661,7661,3.780094,enabled
1782984450.114,2026-07-02 09:27:30.115,dml_system_updates,620,620,0.305921,enabled
1782984450.114,2026-07-02 09:27:30.115,dml_updates,23657521,23657521,11673.104428,enabled
1782984450.114,2026-07-02 09:27:30.115,file_num_open_files,35,35,0.000000,enabled
1782984450.114,2026-07-02 09:27:30.115,ibuf_merges,0,0,0.000000,enabled
1782984450.114,2026-07-02 09:27:30.115,ibuf_merges_delete,0,0,0.000000,enabled
1782984450.114,2026-07-02 09:27:30.115,ibuf_merges_delete_mark,0,0,0.000000,enabled
1782984450.114,2026-07-02 09:27:30.115,ibuf_merges_discard_delete,0,0,0.000000,enabled
1782984450.114,2026-07-02 09:27:30.115,ibuf_merges_discard_delete_mark,0,0,0.000000,enabled
1782984450.114,2026-07-02 09:27:30.115,ibuf_merges_discard_insert,0,0,0.000000,enabled
1782984450.114,2026-07-02 09:27:30.115,ibuf_merges_insert,0,0,0.000000,enabled
1782984450.114,2026-07-02 09:27:30.115,ibuf_size,1,1,0.000493,enabled
1782984450.114,2026-07-02 09:27:30.115,innodb_activity_count,16498588,16498588,8140.740728,enabled
1782984450.114,2026-07-02 09:27:30.115,innodb_dblwr_pages_written,21064042,21064042,10393.429011,enabled
1782984450.114,2026-07-02 09:27:30.115,innodb_dblwr_writes,424021,424021,209.220631,enabled
1782984450.114,2026-07-02 09:27:30.115,innodb_page_size,16384,16384,0.000000,enabled
1782984450.114,2026-07-02 09:27:30.115,innodb_rwlock_sx_os_waits,0,0,0.000000,enabled
1782984450.114,2026-07-02 09:27:30.115,innodb_rwlock_sx_spin_rounds,0,0,0.000000,enabled
1782984450.114,2026-07-02 09:27:30.115,innodb_rwlock_sx_spin_waits,0,0,0.000000,enabled
1782984450.114,2026-07-02 09:27:30.115,innodb_rwlock_s_os_waits,0,0,0.000000,enabled
1782984450.114,2026-07-02 09:27:30.115,innodb_rwlock_s_spin_rounds,0,0,0.000000,enabled
1782984450.114,2026-07-02 09:27:30.115,innodb_rwlock_s_spin_waits,0,0,0.000000,enabled
1782984450.114,2026-07-02 09:27:30.115,innodb_rwlock_x_os_waits,0,0,0.000000,enabled
1782984450.114,2026-07-02 09:27:30.115,innodb_rwlock_x_spin_rounds,0,0,0.000000,enabled
1782984450.114,2026-07-02 09:27:30.115,innodb_rwlock_x_spin_waits,0,0,0.000000,enabled
1782984450.114,2026-07-02 09:27:30.115,lock_deadlocks,0,0,0.000000,enabled
1782984450.114,2026-07-02 09:27:30.115,lock_deadlock_false_positives,0,0,0.000000,enabled
1782984450.114,2026-07-02 09:27:30.115,lock_deadlock_rounds,2263,2263,1.116611,enabled
1782984450.114,2026-07-02 09:27:30.115,lock_rec_grant_attempts,425,425,0.209704,enabled
1782984450.114,2026-07-02 09:27:30.115,lock_rec_release_attempts,35951640,35951640,17739.278426,enabled
1782984450.114,2026-07-02 09:27:30.115,lock_row_lock_current_waits,0,0,0.000000,enabled
1782984450.114,2026-07-02 09:27:30.115,lock_row_lock_time,323,323,0.159375,enabled
1782984450.114,2026-07-02 09:27:30.115,lock_row_lock_time_avg,0,0,0.000000,enabled
1782984450.114,2026-07-02 09:27:30.115,lock_row_lock_time_max,29,29,0.000000,enabled
1782984450.114,2026-07-02 09:27:30.115,lock_row_lock_waits,425,425,0.209704,enabled
1782984450.114,2026-07-02 09:27:30.115,lock_schedule_refreshes,2263,2263,1.116611,enabled
1782984450.114,2026-07-02 09:27:30.115,lock_threads_waiting,0,0,0.000000,enabled
1782984450.114,2026-07-02 09:27:30.115,lock_timeouts,0,0,0.000000,enabled
1782984450.114,2026-07-02 09:27:30.115,log_waits,0,0,0.000000,enabled
1782984450.114,2026-07-02 09:27:30.115,log_writes,178190047,178190047,87922.618102,enabled
1782984450.114,2026-07-02 09:27:30.115,log_write_requests,385784765,385784765,190354.103186,enabled
1782984450.114,2026-07-02 09:27:30.115,os_data_fsyncs,46099849,46099849,22746.610298,enabled
1782984450.114,2026-07-02 09:27:30.115,os_data_reads,60634226,60634226,29918.169844,enabled
1782984450.114,2026-07-02 09:27:30.115,os_data_writes,200027397,200027397,98697.617283,enabled
1782984450.114,2026-07-02 09:27:30.115,os_log_bytes_written,115584562688,115584562688,57031791.977434,enabled
1782984450.114,2026-07-02 09:27:30.115,os_log_fsyncs,40522709,40522709,19994.735059,enabled
1782984450.114,2026-07-02 09:27:30.115,os_log_pending_fsyncs,1,1,0.000493,enabled
1782984450.114,2026-07-02 09:27:30.115,os_log_pending_writes,0,0,0.000000,enabled
1782984450.114,2026-07-02 09:27:30.115,trx_rseg_history_len,367,367,0.000000,enabled
1782984451.181,2026-07-02 09:27:31.182,adaptive_hash_searches,0,0,0.000000,enabled
1782984451.181,2026-07-02 09:27:31.182,adaptive_hash_searches_btree,552662462,552662462,272550.802358,enabled
1782984451.181,2026-07-02 09:27:31.182,buffer_data_reads,989456271872,989456271872,487959929.133329,enabled
1782984451.181,2026-07-02 09:27:31.182,buffer_data_written,495925319680,495925319680,244570367.091274,enabled
1782984451.181,2026-07-02 09:27:31.182,buffer_pages0_read,7,7,0.003452,enabled
1782984451.181,2026-07-02 09:27:31.182,buffer_pages_created,1803942,1803942,889.631451,enabled
1782984451.181,2026-07-02 09:27:31.182,buffer_pages_read,60561874,60561874,29866.673892,enabled
1782984451.181,2026-07-02 09:27:31.182,buffer_pages_written,21139121,21139121,10424.962011,enabled
1782984451.181,2026-07-02 09:27:31.182,buffer_pool_bytes_data,12856000512,12856000512,0.000000,enabled
1782984451.181,2026-07-02 09:27:31.182,buffer_pool_bytes_dirty,4677337088,4677337088,0.000000,enabled
1782984451.181,2026-07-02 09:27:31.182,buffer_pool_pages_data,784668,784668,0.000000,enabled
1782984451.181,2026-07-02 09:27:31.182,buffer_pool_pages_dirty,285482,285482,0.000000,enabled
1782984451.181,2026-07-02 09:27:31.182,buffer_pool_pages_flushed,21082051,21082051,0.000000,enabled
1782984451.181,2026-07-02 09:27:31.182,buffer_pool_pages_free,1668,1668,0.000000,enabled
1782984451.181,2026-07-02 09:27:31.182,buffer_pool_pages_lru_flushed,0,0,0.000000,enabled
1782984451.181,2026-07-02 09:27:31.182,buffer_pool_pages_misc,97,97,0.000000,enabled
1782984451.181,2026-07-02 09:27:31.182,buffer_pool_pages_total,786432,786432,0.000000,enabled
1782984451.181,2026-07-02 09:27:31.182,buffer_pool_reads,59680175,59680175,29431.856683,enabled
1782984451.181,2026-07-02 09:27:31.182,buffer_pool_read_ahead,803715,803715,396.359836,enabled
1782984451.181,2026-07-02 09:27:31.182,buffer_pool_read_ahead_evicted,25,25,0.012329,enabled
1782984451.181,2026-07-02 09:27:31.182,buffer_pool_read_requests,2655599639,2655599639,1309634.689654,enabled
1782984451.181,2026-07-02 09:27:31.182,buffer_pool_size,12884901888,12884901888,0.000000,enabled
1782984451.181,2026-07-02 09:27:31.182,buffer_pool_wait_free,18945,18945,9.342910,enabled
1782984451.181,2026-07-02 09:27:31.182,buffer_pool_write_requests,574784401,574784401,283460.495648,enabled
1782984451.181,2026-07-02 09:27:31.182,dml_deletes,11833654,11833654,5835.879982,enabled
1782984451.181,2026-07-02 09:27:31.182,dml_inserts,111719056,111719056,55095.324161,enabled
1782984451.181,2026-07-02 09:27:31.182,dml_system_deletes,468,468,0.230799,enabled
1782984451.181,2026-07-02 09:27:31.182,dml_system_inserts,1202,1202,0.592778,enabled
1782984451.181,2026-07-02 09:27:31.182,dml_system_reads,7661,7661,3.778096,enabled
1782984451.181,2026-07-02 09:27:31.182,dml_system_updates,620,620,0.305759,enabled
1782984451.181,2026-07-02 09:27:31.182,dml_updates,23667425,23667425,11671.817653,enabled
1782984451.181,2026-07-02 09:27:31.182,file_num_open_files,35,35,0.000000,enabled
1782984451.181,2026-07-02 09:27:31.182,ibuf_merges,0,0,0.000000,enabled
1782984451.181,2026-07-02 09:27:31.182,ibuf_merges_delete,0,0,0.000000,enabled
1782984451.181,2026-07-02 09:27:31.182,ibuf_merges_delete_mark,0,0,0.000000,enabled
1782984451.181,2026-07-02 09:27:31.182,ibuf_merges_discard_delete,0,0,0.000000,enabled
1782984451.181,2026-07-02 09:27:31.182,ibuf_merges_discard_delete_mark,0,0,0.000000,enabled
1782984451.181,2026-07-02 09:27:31.182,ibuf_merges_discard_insert,0,0,0.000000,enabled
1782984451.181,2026-07-02 09:27:31.182,ibuf_merges_insert,0,0,0.000000,enabled
1782984451.181,2026-07-02 09:27:31.182,ibuf_size,1,1,0.000493,enabled
1782984451.181,2026-07-02 09:27:31.182,innodb_activity_count,16504276,16504276,8139.242159,enabled
1782984451.181,2026-07-02 09:27:31.182,innodb_dblwr_pages_written,21080129,21080129,10395.867925,enabled
1782984451.181,2026-07-02 09:27:31.182,innodb_dblwr_writes,424372,424372,209.283125,enabled
1782984451.181,2026-07-02 09:27:31.182,innodb_page_size,16384,16384,0.000000,enabled
1782984451.181,2026-07-02 09:27:31.182,innodb_rwlock_sx_os_waits,0,0,0.000000,enabled
1782984451.181,2026-07-02 09:27:31.182,innodb_rwlock_sx_spin_rounds,0,0,0.000000,enabled
1782984451.181,2026-07-02 09:27:31.182,innodb_rwlock_sx_spin_waits,0,0,0.000000,enabled
1782984451.181,2026-07-02 09:27:31.182,innodb_rwlock_s_os_waits,0,0,0.000000,enabled
1782984451.181,2026-07-02 09:27:31.182,innodb_rwlock_s_spin_rounds,0,0,0.000000,enabled
1782984451.181,2026-07-02 09:27:31.182,innodb_rwlock_s_spin_waits,0,0,0.000000,enabled
1782984451.181,2026-07-02 09:27:31.182,innodb_rwlock_x_os_waits,0,0,0.000000,enabled
1782984451.181,2026-07-02 09:27:31.182,innodb_rwlock_x_spin_rounds,0,0,0.000000,enabled
1782984451.181,2026-07-02 09:27:31.182,innodb_rwlock_x_spin_waits,0,0,0.000000,enabled
1782984451.181,2026-07-02 09:27:31.182,lock_deadlocks,0,0,0.000000,enabled
1782984451.181,2026-07-02 09:27:31.182,lock_deadlock_false_positives,0,0,0.000000,enabled
1782984451.181,2026-07-02 09:27:31.182,lock_deadlock_rounds,2265,2265,1.117007,enabled
1782984451.181,2026-07-02 09:27:31.182,lock_rec_grant_attempts,425,425,0.209593,enabled
1782984451.181,2026-07-02 09:27:31.182,lock_rec_release_attempts,35966723,35966723,17737.338306,enabled
1782984451.181,2026-07-02 09:27:31.182,lock_row_lock_current_waits,0,0,0.000000,enabled
1782984451.181,2026-07-02 09:27:31.182,lock_row_lock_time,323,323,0.159291,enabled
1782984451.181,2026-07-02 09:27:31.182,lock_row_lock_time_avg,0,0,0.000000,enabled
1782984451.181,2026-07-02 09:27:31.182,lock_row_lock_time_max,29,29,0.000000,enabled
1782984451.181,2026-07-02 09:27:31.182,lock_row_lock_waits,425,425,0.209593,enabled
1782984451.181,2026-07-02 09:27:31.182,lock_schedule_refreshes,2265,2265,1.117007,enabled
1782984451.181,2026-07-02 09:27:31.182,lock_threads_waiting,0,0,0.000000,enabled
1782984451.181,2026-07-02 09:27:31.182,lock_timeouts,0,0,0.000000,enabled
1782984451.181,2026-07-02 09:27:31.182,log_waits,0,0,0.000000,enabled
1782984451.181,2026-07-02 09:27:31.182,log_writes,178271587,178271587,87916.348582,enabled
1782984451.181,2026-07-02 09:27:31.182,log_write_requests,385868888,385868888,190294.955346,enabled
1782984451.181,2026-07-02 09:27:31.182,os_data_fsyncs,46134863,46134863,22751.852341,enabled
1782984451.181,2026-07-02 09:27:31.182,os_data_reads,60692108,60692108,29930.898065,enabled
1782984451.181,2026-07-02 09:27:31.182,os_data_writes,200125259,200125259,98693.700394,enabled
1782984451.181,2026-07-02 09:27:31.182,os_log_bytes_written,115627142656,115627142656,57022639.696888,enabled
1782984451.181,2026-07-02 09:27:31.182,os_log_fsyncs,40552867,40552867,19999.037149,enabled
1782984451.181,2026-07-02 09:27:31.182,os_log_pending_fsyncs,0,0,0.000000,enabled
1782984451.181,2026-07-02 09:27:31.182,os_log_pending_writes,0,0,0.000000,enabled
1782984451.181,2026-07-02 09:27:31.182,trx_rseg_history_len,492,492,0.000000,enabled
1782984452.253,2026-07-02 09:27:32.255,adaptive_hash_searches,0,0,0.000000,enabled
1782984452.253,2026-07-02 09:27:32.255,adaptive_hash_searches_btree,552834978,552834978,272491.754896,enabled
1782984452.253,2026-07-02 09:27:32.255,buffer_data_reads,990403807744,990403807744,488169013.498472,enabled
1782984452.253,2026-07-02 09:27:32.255,buffer_data_written,496239033344,496239033344,244595706.587846,enabled
1782984452.253,2026-07-02 09:27:32.255,buffer_pages0_read,7,7,0.003450,enabled
1782984452.253,2026-07-02 09:27:32.255,buffer_pages_created,1803979,1803979,889.179394,enabled
1782984452.253,2026-07-02 09:27:32.255,buffer_pages_read,60619857,60619857,29879.464942,enabled
1782984452.253,2026-07-02 09:27:32.255,buffer_pages_written,21155303,21155303,10427.427051,enabled
1782984452.253,2026-07-02 09:27:32.255,buffer_pool_bytes_data,12852707328,12852707328,0.000000,enabled
1782984452.253,2026-07-02 09:27:32.255,buffer_pool_bytes_dirty,4682612736,4682612736,0.000000,enabled
1782984452.253,2026-07-02 09:27:32.255,buffer_pool_pages_data,784467,784467,0.000000,enabled
1782984452.253,2026-07-02 09:27:32.255,buffer_pool_pages_dirty,285804,285804,0.000000,enabled
1782984452.253,2026-07-02 09:27:32.255,buffer_pool_pages_flushed,21098233,21098233,0.000000,enabled
1782984452.253,2026-07-02 09:27:32.255,buffer_pool_pages_free,1868,1868,0.000000,enabled
1782984452.253,2026-07-02 09:27:32.255,buffer_pool_pages_lru_flushed,0,0,0.000000,enabled
1782984452.253,2026-07-02 09:27:32.255,buffer_pool_pages_misc,96,96,0.000000,enabled
1782984452.253,2026-07-02 09:27:32.255,buffer_pool_pages_total,786432,786432,0.000000,enabled
1782984452.253,2026-07-02 09:27:32.255,buffer_pool_reads,59738099,59738099,29444.848473,enabled
1782984452.253,2026-07-02 09:27:32.255,buffer_pool_read_ahead,803715,803715,396.150305,enabled
1782984452.253,2026-07-02 09:27:32.255,buffer_pool_read_ahead_evicted,25,25,0.012322,enabled
1782984452.253,2026-07-02 09:27:32.255,buffer_pool_read_requests,2656453608,2656453608,1309363.284614,enabled
1782984452.253,2026-07-02 09:27:32.255,buffer_pool_size,12884901888,12884901888,0.000000,enabled
1782984452.253,2026-07-02 09:27:32.255,buffer_pool_wait_free,18945,18945,9.337971,enabled
1782984452.253,2026-07-02 09:27:32.255,buffer_pool_write_requests,574900705,574900705,283367.973190,enabled
1782984452.253,2026-07-02 09:27:32.255,dml_deletes,11838633,11838633,5835.249067,enabled
1782984452.253,2026-07-02 09:27:32.255,dml_inserts,111724034,111724034,55068.652412,enabled
1782984452.253,2026-07-02 09:27:32.255,dml_system_deletes,468,468,0.230677,enabled
1782984452.253,2026-07-02 09:27:32.255,dml_system_inserts,1202,1202,0.592464,enabled
1782984452.253,2026-07-02 09:27:32.255,dml_system_reads,7661,7661,3.776098,enabled
1782984452.253,2026-07-02 09:27:32.255,dml_system_updates,620,620,0.305597,enabled
1782984452.253,2026-07-02 09:27:32.255,dml_updates,23677386,23677386,11670.557271,enabled
1782984452.253,2026-07-02 09:27:32.255,file_num_open_files,35,35,0.000000,enabled
1782984452.253,2026-07-02 09:27:32.255,ibuf_merges,0,0,0.000000,enabled
1782984452.253,2026-07-02 09:27:32.255,ibuf_merges_delete,0,0,0.000000,enabled
1782984452.253,2026-07-02 09:27:32.255,ibuf_merges_delete_mark,0,0,0.000000,enabled
1782984452.253,2026-07-02 09:27:32.255,ibuf_merges_discard_delete,0,0,0.000000,enabled
1782984452.253,2026-07-02 09:27:32.255,ibuf_merges_discard_delete_mark,0,0,0.000000,enabled
1782984452.253,2026-07-02 09:27:32.255,ibuf_merges_discard_insert,0,0,0.000000,enabled
1782984452.253,2026-07-02 09:27:32.255,ibuf_merges_insert,0,0,0.000000,enabled
1782984452.253,2026-07-02 09:27:32.255,ibuf_size,1,1,0.000493,enabled
1782984452.253,2026-07-02 09:27:32.255,innodb_activity_count,16509995,16509995,8137.758344,enabled
1782984452.253,2026-07-02 09:27:32.255,innodb_dblwr_pages_written,21096311,21096311,10398.348375,enabled
1782984452.253,2026-07-02 09:27:32.255,innodb_dblwr_writes,424744,424744,209.355848,enabled
1782984452.253,2026-07-02 09:27:32.255,innodb_page_size,16384,16384,0.000000,enabled
1782984452.253,2026-07-02 09:27:32.255,innodb_rwlock_sx_os_waits,0,0,0.000000,enabled
1782984452.253,2026-07-02 09:27:32.255,innodb_rwlock_sx_spin_rounds,0,0,0.000000,enabled
1782984452.253,2026-07-02 09:27:32.255,innodb_rwlock_sx_spin_waits,0,0,0.000000,enabled
1782984452.253,2026-07-02 09:27:32.255,innodb_rwlock_s_os_waits,0,0,0.000000,enabled
1782984452.253,2026-07-02 09:27:32.255,innodb_rwlock_s_spin_rounds,0,0,0.000000,enabled
1782984452.253,2026-07-02 09:27:32.255,innodb_rwlock_s_spin_waits,0,0,0.000000,enabled
1782984452.253,2026-07-02 09:27:32.255,innodb_rwlock_x_os_waits,0,0,0.000000,enabled
1782984452.253,2026-07-02 09:27:32.255,innodb_rwlock_x_spin_rounds,0,0,0.000000,enabled
1782984452.253,2026-07-02 09:27:32.255,innodb_rwlock_x_spin_waits,0,0,0.000000,enabled
1782984452.253,2026-07-02 09:27:32.255,lock_deadlocks,0,0,0.000000,enabled
1782984452.253,2026-07-02 09:27:32.255,lock_deadlock_false_positives,0,0,0.000000,enabled
1782984452.253,2026-07-02 09:27:32.255,lock_deadlock_rounds,2266,2266,1.116909,enabled
1782984452.253,2026-07-02 09:27:32.255,lock_rec_grant_attempts,425,425,0.209482,enabled
1782984452.253,2026-07-02 09:27:32.255,lock_rec_release_attempts,35981882,35981882,17735.433409,enabled
1782984452.253,2026-07-02 09:27:32.255,lock_row_lock_current_waits,0,0,0.000000,enabled
1782984452.253,2026-07-02 09:27:32.255,lock_row_lock_time,323,323,0.159206,enabled
1782984452.253,2026-07-02 09:27:32.255,lock_row_lock_time_avg,0,0,0.000000,enabled
1782984452.253,2026-07-02 09:27:32.255,lock_row_lock_time_max,29,29,0.000000,enabled
1782984452.253,2026-07-02 09:27:32.255,lock_row_lock_waits,425,425,0.209482,enabled
1782984452.253,2026-07-02 09:27:32.255,lock_schedule_refreshes,2266,2266,1.116909,enabled
1782984452.253,2026-07-02 09:27:32.255,lock_threads_waiting,0,0,0.000000,enabled
1782984452.253,2026-07-02 09:27:32.255,lock_timeouts,0,0,0.000000,enabled
1782984452.253,2026-07-02 09:27:32.255,log_waits,0,0,0.000000,enabled
1782984452.253,2026-07-02 09:27:32.255,log_writes,178352588,178352588,87909.798146,enabled
1782984452.253,2026-07-02 09:27:32.255,log_write_requests,385953399,385953399,190236.014026,enabled
1782984452.253,2026-07-02 09:27:32.255,os_data_fsyncs,46170100,46170100,22757.193196,enabled
1782984452.253,2026-07-02 09:27:32.255,os_data_reads,60749919,60749919,29943.570519,enabled
1782984452.253,2026-07-02 09:27:32.255,os_data_writes,200222724,200222724,98689.567820,enabled
1782984452.253,2026-07-02 09:27:32.255,os_log_bytes_written,115669526016,115669526016,57013386.268108,enabled
1782984452.253,2026-07-02 09:27:32.255,os_log_fsyncs,40582879,40582879,20003.257852,enabled
1782984452.253,2026-07-02 09:27:32.255,os_log_pending_fsyncs,0,0,0.000000,enabled
1782984452.253,2026-07-02 09:27:32.255,os_log_pending_writes,0,0,0.000000,enabled
1782984452.253,2026-07-02 09:27:32.255,trx_rseg_history_len,653,653,0.000000,enabled
1782984453.325,2026-07-02 09:27:33.327,adaptive_hash_searches,0,0,0.000000,enabled
1782984453.325,2026-07-02 09:27:33.327,adaptive_hash_searches_btree,553006514,553006514,272432.400643,enabled
1782984453.325,2026-07-02 09:27:33.327,buffer_data_reads,991352916480,991352916480,488378855.760030,enabled
1782984453.325,2026-07-02 09:27:33.327,buffer_data_written,496553907712,496553907712,244621693.305049,enabled
1782984453.325,2026-07-02 09:27:33.327,buffer_pages0_read,7,7,0.003448,enabled
1782984453.325,2026-07-02 09:27:33.327,buffer_pages_created,1804025,1804025,888.732619,enabled
1782984453.325,2026-07-02 09:27:33.327,buffer_pages_read,60677954,60677954,29892.311122,enabled
1782984453.325,2026-07-02 09:27:33.327,buffer_pages_written,21171622,21171622,10429.961335,enabled
1782984453.325,2026-07-02 09:27:33.327,buffer_pool_bytes_data,12854624256,12854624256,0.000000,enabled
1782984453.325,2026-07-02 09:27:33.327,buffer_pool_bytes_dirty,4685316096,4685316096,0.000000,enabled
1782984453.325,2026-07-02 09:27:33.327,buffer_pool_pages_data,784585,784585,0.000000,enabled
1782984453.325,2026-07-02 09:27:33.327,buffer_pool_pages_dirty,285969,285969,0.000000,enabled
1782984453.325,2026-07-02 09:27:33.327,buffer_pool_pages_flushed,21114552,21114552,0.000000,enabled
1782984453.325,2026-07-02 09:27:33.327,buffer_pool_pages_free,1755,1755,0.000000,enabled
1782984453.325,2026-07-02 09:27:33.327,buffer_pool_pages_lru_flushed,0,0,0.000000,enabled
1782984453.325,2026-07-02 09:27:33.327,buffer_pool_pages_misc,97,97,0.000000,enabled
1782984453.325,2026-07-02 09:27:33.327,buffer_pool_pages_total,786432,786432,0.000000,enabled
1782984453.325,2026-07-02 09:27:33.327,buffer_pool_reads,59796133,59796133,29457.892990,enabled
1782984453.325,2026-07-02 09:27:33.327,buffer_pool_read_ahead,803715,803715,395.941159,enabled
1782984453.325,2026-07-02 09:27:33.327,buffer_pool_read_ahead_evicted,25,25,0.012316,enabled
1782984453.325,2026-07-02 09:27:33.327,buffer_pool_read_requests,2657303790,2657303790,1309090.844262,enabled
1782984453.325,2026-07-02 09:27:33.327,buffer_pool_size,12884901888,12884901888,0.000000,enabled
1782984453.325,2026-07-02 09:27:33.327,buffer_pool_wait_free,18945,18945,9.333041,enabled
1782984453.325,2026-07-02 09:27:33.327,buffer_pool_write_requests,575016699,575016699,283275.513361,enabled
1782984453.325,2026-07-02 09:27:33.327,dml_deletes,11843589,11843589,5834.609919,enabled
1782984453.325,2026-07-02 09:27:33.327,dml_inserts,111728990,111728990,55042.020953,enabled
1782984453.325,2026-07-02 09:27:33.327,dml_system_deletes,468,468,0.230555,enabled
1782984453.325,2026-07-02 09:27:33.327,dml_system_inserts,1202,1202,0.592152,enabled
1782984453.325,2026-07-02 09:27:33.327,dml_system_reads,7661,7661,3.774105,enabled
1782984453.325,2026-07-02 09:27:33.327,dml_system_updates,620,620,0.305436,enabled
1782984453.325,2026-07-02 09:27:33.327,dml_updates,23687301,23687301,11669.280417,enabled
1782984453.325,2026-07-02 09:27:33.327,file_num_open_files,35,35,0.000000,enabled
1782984453.325,2026-07-02 09:27:33.327,ibuf_merges,0,0,0.000000,enabled
1782984453.325,2026-07-02 09:27:33.327,ibuf_merges_delete,0,0,0.000000,enabled
1782984453.325,2026-07-02 09:27:33.327,ibuf_merges_delete_mark,0,0,0.000000,enabled
1782984453.325,2026-07-02 09:27:33.327,ibuf_merges_discard_delete,0,0,0.000000,enabled
1782984453.325,2026-07-02 09:27:33.327,ibuf_merges_discard_delete_mark,0,0,0.000000,enabled
1782984453.325,2026-07-02 09:27:33.327,ibuf_merges_discard_insert,0,0,0.000000,enabled
1782984453.325,2026-07-02 09:27:33.327,ibuf_merges_insert,0,0,0.000000,enabled
1782984453.325,2026-07-02 09:27:33.327,ibuf_size,1,1,0.000493,enabled
1782984453.325,2026-07-02 09:27:33.327,innodb_activity_count,16515691,16515691,8136.268161,enabled
1782984453.325,2026-07-02 09:27:33.327,innodb_dblwr_pages_written,21112630,21112630,10400.898042,enabled
1782984453.325,2026-07-02 09:27:33.327,innodb_dblwr_writes,425122,425122,209.431538,enabled
1782984453.325,2026-07-02 09:27:33.327,innodb_page_size,16384,16384,0.000000,enabled
1782984453.325,2026-07-02 09:27:33.327,innodb_rwlock_sx_os_waits,0,0,0.000000,enabled
1782984453.325,2026-07-02 09:27:33.327,innodb_rwlock_sx_spin_rounds,0,0,0.000000,enabled
1782984453.325,2026-07-02 09:27:33.327,innodb_rwlock_sx_spin_waits,0,0,0.000000,enabled
1782984453.325,2026-07-02 09:27:33.327,innodb_rwlock_s_os_waits,0,0,0.000000,enabled
1782984453.325,2026-07-02 09:27:33.327,innodb_rwlock_s_spin_rounds,0,0,0.000000,enabled
1782984453.325,2026-07-02 09:27:33.327,innodb_rwlock_s_spin_waits,0,0,0.000000,enabled
1782984453.325,2026-07-02 09:27:33.327,innodb_rwlock_x_os_waits,0,0,0.000000,enabled
1782984453.325,2026-07-02 09:27:33.327,innodb_rwlock_x_spin_rounds,0,0,0.000000,enabled
1782984453.325,2026-07-02 09:27:33.327,innodb_rwlock_x_spin_waits,0,0,0.000000,enabled
1782984453.325,2026-07-02 09:27:33.327,lock_deadlocks,0,0,0.000000,enabled
1782984453.325,2026-07-02 09:27:33.327,lock_deadlock_false_positives,0,0,0.000000,enabled
1782984453.325,2026-07-02 09:27:33.327,lock_deadlock_rounds,2267,2267,1.116812,enabled
1782984453.325,2026-07-02 09:27:33.327,lock_rec_grant_attempts,425,425,0.209371,enabled
1782984453.325,2026-07-02 09:27:33.327,lock_rec_release_attempts,35996908,35996908,17733.472442,enabled
1782984453.325,2026-07-02 09:27:33.327,lock_row_lock_current_waits,0,0,0.000000,enabled
1782984453.325,2026-07-02 09:27:33.327,lock_row_lock_time,323,323,0.159122,enabled
1782984453.325,2026-07-02 09:27:33.327,lock_row_lock_time_avg,0,0,0.000000,enabled
1782984453.325,2026-07-02 09:27:33.327,lock_row_lock_time_max,29,29,0.000000,enabled
1782984453.325,2026-07-02 09:27:33.327,lock_row_lock_waits,425,425,0.209371,enabled
1782984453.325,2026-07-02 09:27:33.327,lock_schedule_refreshes,2267,2267,1.116812,enabled
1782984453.325,2026-07-02 09:27:33.327,lock_threads_waiting,0,0,0.000000,enabled
1782984453.325,2026-07-02 09:27:33.327,lock_timeouts,0,0,0.000000,enabled
1782984453.325,2026-07-02 09:27:33.327,log_waits,0,0,0.000000,enabled
1782984453.325,2026-07-02 09:27:33.327,log_writes,178431361,178431361,87902.193688,enabled
1782984453.325,2026-07-02 09:27:33.327,log_write_requests,386037468,386037468,190176.996452,enabled
1782984453.325,2026-07-02 09:27:33.327,os_data_fsyncs,46204451,46204451,22762.101343,enabled
1782984453.325,2026-07-02 09:27:33.327,os_data_reads,60807854,60807854,29956.303068,enabled
1782984453.325,2026-07-02 09:27:33.327,os_data_writes,200318116,200318116,98684.459232,enabled
1782984453.325,2026-07-02 09:27:33.327,os_log_bytes_written,115710906368,115710906368,57003672.065318,enabled
1782984453.325,2026-07-02 09:27:33.327,os_log_fsyncs,40612183,40612183,20007.133572,enabled
1782984453.325,2026-07-02 09:27:33.327,os_log_pending_fsyncs,0,0,0.000000,enabled
1782984453.325,2026-07-02 09:27:33.327,os_log_pending_writes,0,0,0.000000,enabled
1782984453.325,2026-07-02 09:27:33.327,trx_rseg_history_len,784,784,0.000000,enabled
1782984454.396,2026-07-02 09:27:34.398,adaptive_hash_searches,0,0,0.000000,enabled
1782984454.396,2026-07-02 09:27:34.398,adaptive_hash_searches_btree,553173602,553173602,272371.023219,enabled
1782984454.396,2026-07-02 09:27:34.398,buffer_data_reads,992274598400,992274598400,488575159.918155,enabled
1782984454.396,2026-07-02 09:27:34.398,buffer_data_written,496923670528,496923670528,244674772.461683,enabled
1782984454.396,2026-07-02 09:27:34.398,buffer_pages0_read,7,7,0.003447,enabled
1782984454.396,2026-07-02 09:27:34.398,buffer_pages_created,1804058,1804058,888.280256,enabled
1782984454.396,2026-07-02 09:27:34.398,buffer_pages_read,60734361,60734361,29904.323110,enabled
1782984454.396,2026-07-02 09:27:34.398,buffer_pages_written,21191416,21191416,10434.207968,enabled
1782984454.396,2026-07-02 09:27:34.398,buffer_pool_bytes_data,12848726016,12848726016,0.000000,enabled
1782984454.396,2026-07-02 09:27:34.398,buffer_pool_bytes_dirty,4626579456,4626579456,0.000000,enabled
1782984454.396,2026-07-02 09:27:34.398,buffer_pool_pages_data,784224,784224,0.000000,enabled
1782984454.396,2026-07-02 09:27:34.398,buffer_pool_pages_dirty,282384,282384,0.000000,enabled
1782984454.396,2026-07-02 09:27:34.398,buffer_pool_pages_flushed,21134343,21134343,0.000000,enabled
1782984454.396,2026-07-02 09:27:34.398,buffer_pool_pages_free,2112,2112,0.000000,enabled
1782984454.396,2026-07-02 09:27:34.398,buffer_pool_pages_lru_flushed,0,0,0.000000,enabled
1782984454.396,2026-07-02 09:27:34.398,buffer_pool_pages_misc,96,96,0.000000,enabled
1782984454.396,2026-07-02 09:27:34.398,buffer_pool_pages_total,786432,786432,0.000000,enabled
1782984454.396,2026-07-02 09:27:34.398,buffer_pool_reads,59852484,59852484,29470.106536,enabled
1782984454.396,2026-07-02 09:27:34.398,buffer_pool_read_ahead,803715,803715,395.732388,enabled
1782984454.396,2026-07-02 09:27:34.398,buffer_pool_read_ahead_evicted,25,25,0.012309,enabled
1782984454.396,2026-07-02 09:27:34.398,buffer_pool_read_requests,2658131948,2658131948,1308808.356885,enabled
1782984454.396,2026-07-02 09:27:34.398,buffer_pool_size,12884901888,12884901888,0.000000,enabled
1782984454.396,2026-07-02 09:27:34.398,buffer_pool_wait_free,18945,18945,9.328120,enabled
1782984454.396,2026-07-02 09:27:34.398,buffer_pool_write_requests,575129823,575129823,283181.848273,enabled
1782984454.396,2026-07-02 09:27:34.398,dml_deletes,11848408,11848408,5833.906187,enabled
1782984454.396,2026-07-02 09:27:34.398,dml_inserts,111733808,111733808,55015.370385,enabled
1782984454.396,2026-07-02 09:27:34.398,dml_system_deletes,468,468,0.230433,enabled
1782984454.396,2026-07-02 09:27:34.398,dml_system_inserts,1202,1202,0.591839,enabled
1782984454.396,2026-07-02 09:27:34.398,dml_system_reads,7661,7661,3.772115,enabled
1782984454.396,2026-07-02 09:27:34.398,dml_system_updates,620,620,0.305275,enabled
1782984454.396,2026-07-02 09:27:34.398,dml_updates,23696939,23696939,11667.872925,enabled
1782984454.396,2026-07-02 09:27:34.398,file_num_open_files,35,35,0.000000,enabled
1782984454.396,2026-07-02 09:27:34.398,ibuf_merges,0,0,0.000000,enabled
1782984454.396,2026-07-02 09:27:34.398,ibuf_merges_delete,0,0,0.000000,enabled
1782984454.396,2026-07-02 09:27:34.398,ibuf_merges_delete_mark,0,0,0.000000,enabled
1782984454.396,2026-07-02 09:27:34.398,ibuf_merges_discard_delete,0,0,0.000000,enabled
1782984454.396,2026-07-02 09:27:34.398,ibuf_merges_discard_delete_mark,0,0,0.000000,enabled
1782984454.396,2026-07-02 09:27:34.398,ibuf_merges_discard_insert,0,0,0.000000,enabled
1782984454.396,2026-07-02 09:27:34.398,ibuf_merges_insert,0,0,0.000000,enabled
1782984454.396,2026-07-02 09:27:34.398,ibuf_size,1,1,0.000492,enabled
1782984454.396,2026-07-02 09:27:34.398,innodb_activity_count,16521229,16521229,8134.704854,enabled
1782984454.396,2026-07-02 09:27:34.398,innodb_dblwr_pages_written,21132421,21132421,10405.158497,enabled
1782984454.396,2026-07-02 09:27:34.398,innodb_dblwr_writes,425517,425517,209.515598,enabled
1782984454.396,2026-07-02 09:27:34.398,innodb_page_size,16384,16384,0.000000,enabled
1782984454.396,2026-07-02 09:27:34.398,innodb_rwlock_sx_os_waits,0,0,0.000000,enabled
1782984454.396,2026-07-02 09:27:34.398,innodb_rwlock_sx_spin_rounds,0,0,0.000000,enabled
1782984454.396,2026-07-02 09:27:34.398,innodb_rwlock_sx_spin_waits,0,0,0.000000,enabled
1782984454.396,2026-07-02 09:27:34.398,innodb_rwlock_s_os_waits,0,0,0.000000,enabled
1782984454.396,2026-07-02 09:27:34.398,innodb_rwlock_s_spin_rounds,0,0,0.000000,enabled
1782984454.396,2026-07-02 09:27:34.398,innodb_rwlock_s_spin_waits,0,0,0.000000,enabled
1782984454.396,2026-07-02 09:27:34.398,innodb_rwlock_x_os_waits,0,0,0.000000,enabled
1782984454.396,2026-07-02 09:27:34.398,innodb_rwlock_x_spin_rounds,0,0,0.000000,enabled
1782984454.396,2026-07-02 09:27:34.398,innodb_rwlock_x_spin_waits,0,0,0.000000,enabled
1782984454.396,2026-07-02 09:27:34.398,lock_deadlocks,0,0,0.000000,enabled
1782984454.396,2026-07-02 09:27:34.398,lock_deadlock_false_positives,0,0,0.000000,enabled
1782984454.396,2026-07-02 09:27:34.398,lock_deadlock_rounds,2268,2268,1.116716,enabled
1782984454.396,2026-07-02 09:27:34.398,lock_rec_grant_attempts,425,425,0.209261,enabled
1782984454.396,2026-07-02 09:27:34.398,lock_rec_release_attempts,36011562,36011562,17731.337314,enabled
1782984454.396,2026-07-02 09:27:34.398,lock_row_lock_current_waits,0,0,0.000000,enabled
1782984454.396,2026-07-02 09:27:34.398,lock_row_lock_time,323,323,0.159038,enabled
1782984454.396,2026-07-02 09:27:34.398,lock_row_lock_time_avg,0,0,0.000000,enabled
1782984454.396,2026-07-02 09:27:34.398,lock_row_lock_time_max,29,29,0.000000,enabled
1782984454.396,2026-07-02 09:27:34.398,lock_row_lock_waits,425,425,0.209261,enabled
1782984454.396,2026-07-02 09:27:34.398,lock_schedule_refreshes,2268,2268,1.116716,enabled
1782984454.396,2026-07-02 09:27:34.398,lock_threads_waiting,0,0,0.000000,enabled
1782984454.396,2026-07-02 09:27:34.398,lock_timeouts,0,0,0.000000,enabled
1782984454.396,2026-07-02 09:27:34.398,log_waits,0,0,0.000000,enabled
1782984454.396,2026-07-02 09:27:34.398,log_writes,178507584,178507584,87893.375206,enabled
1782984454.396,2026-07-02 09:27:34.398,log_write_requests,386119452,386119452,190117.087079,enabled
1782984454.396,2026-07-02 09:27:34.398,os_data_fsyncs,46237044,46237044,22766.147448,enabled
1782984454.396,2026-07-02 09:27:34.398,os_data_reads,60864110,60864110,29968.206974,enabled
1782984454.396,2026-07-02 09:27:34.398,os_data_writes,200414427,200414427,98679.846373,enabled
1782984454.396,2026-07-02 09:27:34.398,os_log_bytes_written,115750804480,115750804480,56993260.157340,enabled
1782984454.396,2026-07-02 09:27:34.398,os_log_fsyncs,40639501,40639501,20010.035021,enabled
1782984454.396,2026-07-02 09:27:34.398,os_log_pending_fsyncs,1,1,0.000492,enabled
1782984454.396,2026-07-02 09:27:34.398,os_log_pending_writes,1,1,0.000492,enabled
1782984454.396,2026-07-02 09:27:34.398,trx_rseg_history_len,785,785,0.000000,enabled
1782984455.467,2026-07-02 09:27:35.469,adaptive_hash_searches,0,0,0.000000,enabled
1782984455.467,2026-07-02 09:27:35.469,adaptive_hash_searches_btree,553345476,553345476,272311.919897,enabled
1782984455.467,2026-07-02 09:27:35.469,buffer_data_reads,993223707136,993223707136,488784506.850061,enabled
1782984455.467,2026-07-02 09:27:35.469,buffer_data_written,497236481024,497236481024,244699644.395294,enabled
1782984455.467,2026-07-02 09:27:35.469,buffer_pages0_read,7,7,0.003445,enabled
1782984455.467,2026-07-02 09:27:35.469,buffer_pages_created,1804097,1804097,887.830873,enabled
1782984455.467,2026-07-02 09:27:35.469,buffer_pages_read,60792451,60792451,29917.135519,enabled
1782984455.467,2026-07-02 09:27:35.469,buffer_pages_written,21207514,21207514,10436.625969,enabled
1782984455.467,2026-07-02 09:27:35.469,buffer_pool_bytes_data,12860932096,12860932096,0.000000,enabled
1782984455.467,2026-07-02 09:27:35.469,buffer_pool_bytes_dirty,4637409280,4637409280,0.000000,enabled
1782984455.467,2026-07-02 09:27:35.469,buffer_pool_pages_data,784968,784968,0.000000,enabled
1782984455.467,2026-07-02 09:27:35.469,buffer_pool_pages_dirty,283045,283045,0.000000,enabled
1782984455.467,2026-07-02 09:27:35.469,buffer_pool_pages_flushed,21150444,21150444,0.000000,enabled
1782984455.467,2026-07-02 09:27:35.469,buffer_pool_pages_free,1366,1366,0.000000,enabled
1782984455.467,2026-07-02 09:27:35.469,buffer_pool_pages_lru_flushed,0,0,0.000000,enabled
1782984455.467,2026-07-02 09:27:35.469,buffer_pool_pages_misc,97,97,0.000000,enabled
1782984455.467,2026-07-02 09:27:35.469,buffer_pool_pages_total,786432,786432,0.000000,enabled
1782984455.467,2026-07-02 09:27:35.469,buffer_pool_reads,59910513,59910513,29483.118130,enabled
1782984455.467,2026-07-02 09:27:35.469,buffer_pool_read_ahead,803715,803715,395.523636,enabled
1782984455.467,2026-07-02 09:27:35.469,buffer_pool_read_ahead_evicted,25,25,0.012303,enabled
1782984455.467,2026-07-02 09:27:35.469,buffer_pool_read_requests,2658983299,2658983299,1308536.921779,enabled
1782984455.467,2026-07-02 09:27:35.469,buffer_pool_size,12884901888,12884901888,0.000000,enabled
1782984455.467,2026-07-02 09:27:35.469,buffer_pool_wait_free,18945,18945,9.323200,enabled
1782984455.467,2026-07-02 09:27:35.469,buffer_pool_write_requests,575246339,575246339,283089.808554,enabled
1782984455.467,2026-07-02 09:27:35.469,dml_deletes,11853367,11853367,5833.268978,enabled
1782984455.467,2026-07-02 09:27:35.469,dml_inserts,111738768,111738768,54988.788398,enabled
1782984455.467,2026-07-02 09:27:35.469,dml_system_deletes,468,468,0.230312,enabled
1782984455.467,2026-07-02 09:27:35.469,dml_system_inserts,1202,1202,0.591527,enabled
1782984455.467,2026-07-02 09:27:35.469,dml_system_reads,7661,7661,3.770125,enabled
1782984455.467,2026-07-02 09:27:35.469,dml_system_updates,620,620,0.305114,enabled
1782984455.467,2026-07-02 09:27:35.469,dml_updates,23706853,23706853,11666.596506,enabled
1782984455.467,2026-07-02 09:27:35.469,file_num_open_files,35,35,0.000000,enabled
1782984455.467,2026-07-02 09:27:35.469,ibuf_merges,0,0,0.000000,enabled
1782984455.467,2026-07-02 09:27:35.469,ibuf_merges_delete,0,0,0.000000,enabled
1782984455.467,2026-07-02 09:27:35.469,ibuf_merges_delete_mark,0,0,0.000000,enabled
1782984455.467,2026-07-02 09:27:35.469,ibuf_merges_discard_delete,0,0,0.000000,enabled
1782984455.467,2026-07-02 09:27:35.469,ibuf_merges_discard_delete_mark,0,0,0.000000,enabled
1782984455.467,2026-07-02 09:27:35.469,ibuf_merges_discard_insert,0,0,0.000000,enabled
1782984455.467,2026-07-02 09:27:35.469,ibuf_merges_insert,0,0,0.000000,enabled
1782984455.467,2026-07-02 09:27:35.469,ibuf_size,1,1,0.000492,enabled
1782984455.467,2026-07-02 09:27:35.469,innodb_activity_count,16526926,16526926,8133.217083,enabled
1782984455.467,2026-07-02 09:27:35.469,innodb_dblwr_pages_written,21148522,21148522,10407.592968,enabled
1782984455.467,2026-07-02 09:27:35.469,innodb_dblwr_writes,425875,425875,209.581249,enabled
1782984455.467,2026-07-02 09:27:35.469,innodb_page_size,16384,16384,0.000000,enabled
1782984455.467,2026-07-02 09:27:35.469,innodb_rwlock_sx_os_waits,0,0,0.000000,enabled
1782984455.467,2026-07-02 09:27:35.469,innodb_rwlock_sx_spin_rounds,0,0,0.000000,enabled
1782984455.467,2026-07-02 09:27:35.469,innodb_rwlock_sx_spin_waits,0,0,0.000000,enabled
1782984455.467,2026-07-02 09:27:35.469,innodb_rwlock_s_os_waits,0,0,0.000000,enabled
1782984455.467,2026-07-02 09:27:35.469,innodb_rwlock_s_spin_rounds,0,0,0.000000,enabled
1782984455.467,2026-07-02 09:27:35.469,innodb_rwlock_s_spin_waits,0,0,0.000000,enabled
1782984455.467,2026-07-02 09:27:35.469,innodb_rwlock_x_os_waits,0,0,0.000000,enabled
1782984455.467,2026-07-02 09:27:35.469,innodb_rwlock_x_spin_rounds,0,0,0.000000,enabled
1782984455.467,2026-07-02 09:27:35.469,innodb_rwlock_x_spin_waits,0,0,0.000000,enabled
1782984455.467,2026-07-02 09:27:35.469,lock_deadlocks,0,0,0.000000,enabled
1782984455.467,2026-07-02 09:27:35.469,lock_deadlock_false_positives,0,0,0.000000,enabled
1782984455.467,2026-07-02 09:27:35.469,lock_deadlock_rounds,2269,2269,1.116619,enabled
1782984455.467,2026-07-02 09:27:35.469,lock_rec_grant_attempts,425,425,0.209151,enabled
1782984455.467,2026-07-02 09:27:35.469,lock_rec_release_attempts,36026662,36026662,17729.414965,enabled
1782984455.467,2026-07-02 09:27:35.469,lock_row_lock_current_waits,0,0,0.000000,enabled
1782984455.467,2026-07-02 09:27:35.469,lock_row_lock_time,323,323,0.158955,enabled
1782984455.467,2026-07-02 09:27:35.469,lock_row_lock_time_avg,0,0,0.000000,enabled
1782984455.467,2026-07-02 09:27:35.469,lock_row_lock_time_max,29,29,0.000000,enabled
1782984455.467,2026-07-02 09:27:35.469,lock_row_lock_waits,425,425,0.209151,enabled
1782984455.467,2026-07-02 09:27:35.469,lock_schedule_refreshes,2269,2269,1.116619,enabled
1782984455.467,2026-07-02 09:27:35.469,lock_threads_waiting,0,0,0.000000,enabled
1782984455.467,2026-07-02 09:27:35.469,lock_timeouts,0,0,0.000000,enabled
1782984455.467,2026-07-02 09:27:35.469,log_waits,0,0,0.000000,enabled
1782984455.467,2026-07-02 09:27:35.469,log_writes,178589061,178589061,87887.105201,enabled
1782984455.467,2026-07-02 09:27:35.469,log_write_requests,386203568,386203568,190058.189718,enabled
1782984455.467,2026-07-02 09:27:35.469,os_data_fsyncs,46272208,46272208,22771.442674,enabled
1782984455.467,2026-07-02 09:27:35.469,os_data_reads,60922027,60922027,29980.900142,enabled
1782984455.467,2026-07-02 09:27:35.469,os_data_writes,200512235,200512235,98675.923741,enabled
1782984455.467,2026-07-02 09:27:35.469,os_log_bytes_written,115793508352,115793508352,56984210.295637,enabled
1782984455.467,2026-07-02 09:27:35.469,os_log_fsyncs,40669781,40669781,20014.380633,enabled
1782984455.467,2026-07-02 09:27:35.469,os_log_pending_fsyncs,1,1,0.000492,enabled
1782984455.467,2026-07-02 09:27:35.469,os_log_pending_writes,1,1,0.000492,enabled
1782984455.467,2026-07-02 09:27:35.469,trx_rseg_history_len,905,905,0.000000,enabled
1782984456.540,2026-07-02 09:27:36.542,adaptive_hash_searches,0,0,0.000000,enabled
1782984456.540,2026-07-02 09:27:36.542,adaptive_hash_searches_btree,553516112,553516112,272252.504058,enabled
1782984456.540,2026-07-02 09:27:36.542,buffer_data_reads,994166245888,994166245888,488990811.403191,enabled
1782984456.540,2026-07-02 09:27:36.542,buffer_data_written,497551374336,497551374336,244725719.737283,enabled
1782984456.540,2026-07-02 09:27:36.542,buffer_pages0_read,7,7,0.003443,enabled
1782984456.540,2026-07-02 09:27:36.542,buffer_pages_created,1804135,1804135,887.382215,enabled
1782984456.540,2026-07-02 09:27:36.542,buffer_pages_read,60850134,60850134,29929.759319,enabled
1782984456.540,2026-07-02 09:27:36.542,buffer_pages_written,21223780,21223780,10439.132797,enabled
1782984456.540,2026-07-02 09:27:36.542,buffer_pool_bytes_data,12859342848,12859342848,0.000000,enabled
1782984456.540,2026-07-02 09:27:36.542,buffer_pool_bytes_dirty,4642275328,4642275328,0.000000,enabled
1782984456.540,2026-07-02 09:27:36.542,buffer_pool_pages_data,784872,784872,0.000000,enabled
1782984456.540,2026-07-02 09:27:36.542,buffer_pool_pages_dirty,283342,283342,0.000000,enabled
1782984456.540,2026-07-02 09:27:36.542,buffer_pool_pages_flushed,21166710,21166710,0.000000,enabled
1782984456.540,2026-07-02 09:27:36.542,buffer_pool_pages_free,1462,1462,0.000000,enabled
1782984456.540,2026-07-02 09:27:36.542,buffer_pool_pages_lru_flushed,0,0,0.000000,enabled
1782984456.540,2026-07-02 09:27:36.542,buffer_pool_pages_misc,96,96,0.000000,enabled
1782984456.540,2026-07-02 09:27:36.542,buffer_pool_pages_total,786432,786432,0.000000,enabled
1782984456.540,2026-07-02 09:27:36.542,buffer_pool_reads,59968143,59968143,29495.944111,enabled
1782984456.540,2026-07-02 09:27:36.542,buffer_pool_read_ahead,803715,803715,395.315434,enabled
1782984456.540,2026-07-02 09:27:36.542,buffer_pool_read_ahead_evicted,25,25,0.012297,enabled
1782984456.540,2026-07-02 09:27:36.542,buffer_pool_read_requests,2659828924,2659828924,1308264.036914,enabled
1782984456.540,2026-07-02 09:27:36.542,buffer_pool_size,12884901888,12884901888,0.000000,enabled
1782984456.540,2026-07-02 09:27:36.542,buffer_pool_wait_free,18945,18945,9.318292,enabled
1782984456.540,2026-07-02 09:27:36.542,buffer_pool_write_requests,575361895,575361895,282997.627441,enabled
1782984456.540,2026-07-02 09:27:36.542,dml_deletes,11858293,11858293,5832.621128,enabled
1782984456.540,2026-07-02 09:27:36.542,dml_inserts,111743694,111743694,54962.264124,enabled
1782984456.540,2026-07-02 09:27:36.542,dml_system_deletes,468,468,0.230191,enabled
1782984456.540,2026-07-02 09:27:36.542,dml_system_inserts,1202,1202,0.591216,enabled
1782984456.540,2026-07-02 09:27:36.542,dml_system_reads,7661,7661,3.768140,enabled
1782984456.540,2026-07-02 09:27:36.542,dml_system_updates,620,620,0.304953,enabled
1782984456.540,2026-07-02 09:27:36.542,dml_updates,23716704,23716704,11665.300286,enabled
1782984456.540,2026-07-02 09:27:36.542,file_num_open_files,35,35,0.000000,enabled
1782984456.540,2026-07-02 09:27:36.542,ibuf_merges,0,0,0.000000,enabled
1782984456.540,2026-07-02 09:27:36.542,ibuf_merges_delete,0,0,0.000000,enabled
1782984456.540,2026-07-02 09:27:36.542,ibuf_merges_delete_mark,0,0,0.000000,enabled
1782984456.540,2026-07-02 09:27:36.542,ibuf_merges_discard_delete,0,0,0.000000,enabled
1782984456.540,2026-07-02 09:27:36.542,ibuf_merges_discard_delete_mark,0,0,0.000000,enabled
1782984456.540,2026-07-02 09:27:36.542,ibuf_merges_discard_insert,0,0,0.000000,enabled
1782984456.540,2026-07-02 09:27:36.542,ibuf_merges_insert,0,0,0.000000,enabled
1782984456.540,2026-07-02 09:27:36.542,ibuf_size,1,1,0.000492,enabled
1782984456.540,2026-07-02 09:27:36.542,innodb_activity_count,16532591,16532591,8131.722057,enabled
1782984456.540,2026-07-02 09:27:36.542,innodb_dblwr_pages_written,21164788,21164788,10410.114861,enabled
1782984456.540,2026-07-02 09:27:36.542,innodb_dblwr_writes,426220,426220,209.640615,enabled
1782984456.540,2026-07-02 09:27:36.542,innodb_page_size,16384,16384,0.000000,enabled
1782984456.540,2026-07-02 09:27:36.542,innodb_rwlock_sx_os_waits,0,0,0.000000,enabled
1782984456.540,2026-07-02 09:27:36.542,innodb_rwlock_sx_spin_rounds,0,0,0.000000,enabled
1782984456.540,2026-07-02 09:27:36.542,innodb_rwlock_sx_spin_waits,0,0,0.000000,enabled
1782984456.540,2026-07-02 09:27:36.542,innodb_rwlock_s_os_waits,0,0,0.000000,enabled
1782984456.540,2026-07-02 09:27:36.542,innodb_rwlock_s_spin_rounds,0,0,0.000000,enabled
1782984456.540,2026-07-02 09:27:36.542,innodb_rwlock_s_spin_waits,0,0,0.000000,enabled
1782984456.540,2026-07-02 09:27:36.542,innodb_rwlock_x_os_waits,0,0,0.000000,enabled
1782984456.540,2026-07-02 09:27:36.542,innodb_rwlock_x_spin_rounds,0,0,0.000000,enabled
1782984456.540,2026-07-02 09:27:36.542,innodb_rwlock_x_spin_waits,0,0,0.000000,enabled
1782984456.540,2026-07-02 09:27:36.542,lock_deadlocks,0,0,0.000000,enabled
1782984456.540,2026-07-02 09:27:36.542,lock_deadlock_false_positives,0,0,0.000000,enabled
1782984456.540,2026-07-02 09:27:36.542,lock_deadlock_rounds,2270,2270,1.116523,enabled
1782984456.540,2026-07-02 09:27:36.542,lock_rec_grant_attempts,425,425,0.209041,enabled
1782984456.540,2026-07-02 09:27:36.542,lock_rec_release_attempts,36041659,36041659,17727.458602,enabled
1782984456.540,2026-07-02 09:27:36.542,lock_row_lock_current_waits,0,0,0.000000,enabled
1782984456.540,2026-07-02 09:27:36.542,lock_row_lock_time,323,323,0.158871,enabled
1782984456.540,2026-07-02 09:27:36.542,lock_row_lock_time_avg,0,0,0.000000,enabled
1782984456.540,2026-07-02 09:27:36.542,lock_row_lock_time_max,29,29,0.000000,enabled
1782984456.540,2026-07-02 09:27:36.542,lock_row_lock_waits,425,425,0.209041,enabled
1782984456.540,2026-07-02 09:27:36.542,lock_schedule_refreshes,2270,2270,1.116523,enabled
1782984456.540,2026-07-02 09:27:36.542,lock_threads_waiting,0,0,0.000000,enabled
1782984456.540,2026-07-02 09:27:36.542,lock_timeouts,0,0,0.000000,enabled
1782984456.540,2026-07-02 09:27:36.542,log_waits,0,0,0.000000,enabled
1782984456.540,2026-07-02 09:27:36.542,log_writes,178669324,178669324,87880.321907,enabled
1782984456.540,2026-07-02 09:27:36.542,log_write_requests,386287143,386287143,189999.255298,enabled
1782984456.540,2026-07-02 09:27:36.542,os_data_fsyncs,46306618,46306618,22776.381167,enabled
1782984456.540,2026-07-02 09:27:36.542,os_data_reads,60979543,60979543,29993.408645,enabled
1782984456.540,2026-07-02 09:27:36.542,os_data_writes,200609019,200609019,98671.586976,enabled
1782984456.540,2026-07-02 09:27:36.542,os_log_bytes_written,115835565056,115835565056,56974901.021180,enabled
1782984456.540,2026-07-02 09:27:36.542,os_log_fsyncs,40699336,40699336,20018.382414,enabled
1782984456.540,2026-07-02 09:27:36.542,os_log_pending_fsyncs,1,1,0.000492,enabled
1782984456.540,2026-07-02 09:27:36.542,os_log_pending_writes,0,0,0.000000,enabled
1782984456.540,2026-07-02 09:27:36.542,trx_rseg_history_len,1025,1025,0.000000,enabled
1782984457.610,2026-07-02 09:27:37.612,adaptive_hash_searches,0,0,0.000000,enabled
1782984457.610,2026-07-02 09:27:37.612,adaptive_hash_searches_btree,553687670,553687670,272193.287436,enabled
1782984457.610,2026-07-02 09:27:37.612,buffer_data_reads,995117828608,995117828608,489200760.086980,enabled
1782984457.610,2026-07-02 09:27:37.612,buffer_data_written,497863800320,497863800320,244750262.082908,enabled
1782984457.610,2026-07-02 09:27:37.612,buffer_pages0_read,7,7,0.003441,enabled
1782984457.610,2026-07-02 09:27:37.612,buffer_pages_created,1804176,1804176,886.934445,enabled
1782984457.610,2026-07-02 09:27:37.612,buffer_pages_read,60908374,60908374,29942.607855,enabled
1782984457.610,2026-07-02 09:27:37.612,buffer_pages_written,21239986,21239986,10441.595010,enabled
1782984457.610,2026-07-02 09:27:37.612,buffer_pool_bytes_data,12859457536,12859457536,0.000000,enabled
1782984457.610,2026-07-02 09:27:37.612,buffer_pool_bytes_dirty,4648206336,4648206336,0.000000,enabled
1782984457.610,2026-07-02 09:27:37.612,buffer_pool_pages_data,784879,784879,0.000000,enabled
1782984457.610,2026-07-02 09:27:37.612,buffer_pool_pages_dirty,283703,283703,0.000000,enabled
1782984457.610,2026-07-02 09:27:37.612,buffer_pool_pages_flushed,21182916,21182916,0.000000,enabled
1782984457.610,2026-07-02 09:27:37.612,buffer_pool_pages_free,1456,1456,0.000000,enabled
1782984457.610,2026-07-02 09:27:37.612,buffer_pool_pages_lru_flushed,0,0,0.000000,enabled
1782984457.610,2026-07-02 09:27:37.612,buffer_pool_pages_misc,97,97,0.000000,enabled
1782984457.610,2026-07-02 09:27:37.612,buffer_pool_pages_total,786432,786432,0.000000,enabled
1782984457.610,2026-07-02 09:27:37.612,buffer_pool_reads,60026333,60026333,29508.996945,enabled
1782984457.610,2026-07-02 09:27:37.612,buffer_pool_read_ahead,803715,803715,395.106980,enabled
1782984457.610,2026-07-02 09:27:37.612,buffer_pool_read_ahead_evicted,25,25,0.012290,enabled
1782984457.610,2026-07-02 09:27:37.612,buffer_pool_read_requests,2660679122,2660679122,1307992.135135,enabled
1782984457.610,2026-07-02 09:27:37.612,buffer_pool_size,12884901888,12884901888,0.000000,enabled
1782984457.610,2026-07-02 09:27:37.612,buffer_pool_wait_free,18945,18945,9.313378,enabled
1782984457.610,2026-07-02 09:27:37.612,buffer_pool_write_requests,575478930,575478930,282905.934609,enabled
1782984457.610,2026-07-02 09:27:37.612,dml_deletes,11863236,11863236,5831.975836,enabled
1782984457.610,2026-07-02 09:27:37.612,dml_inserts,111748637,111748637,54935.714953,enabled
1782984457.610,2026-07-02 09:27:37.612,dml_system_deletes,468,468,0.230069,enabled
1782984457.610,2026-07-02 09:27:37.612,dml_system_inserts,1202,1202,0.590904,enabled
1782984457.610,2026-07-02 09:27:37.612,dml_system_reads,7661,7661,3.766153,enabled
1782984457.610,2026-07-02 09:27:37.612,dml_system_updates,620,620,0.304792,enabled
1782984457.610,2026-07-02 09:27:37.612,dml_updates,23726594,23726594,11664.011635,enabled
1782984457.610,2026-07-02 09:27:37.612,file_num_open_files,35,35,0.000000,enabled
1782984457.610,2026-07-02 09:27:37.612,ibuf_merges,0,0,0.000000,enabled
1782984457.610,2026-07-02 09:27:37.612,ibuf_merges_delete,0,0,0.000000,enabled
1782984457.610,2026-07-02 09:27:37.612,ibuf_merges_delete_mark,0,0,0.000000,enabled
1782984457.610,2026-07-02 09:27:37.612,ibuf_merges_discard_delete,0,0,0.000000,enabled
1782984457.610,2026-07-02 09:27:37.612,ibuf_merges_discard_delete_mark,0,0,0.000000,enabled
1782984457.610,2026-07-02 09:27:37.612,ibuf_merges_discard_insert,0,0,0.000000,enabled
1782984457.610,2026-07-02 09:27:37.612,ibuf_merges_insert,0,0,0.000000,enabled
1782984457.610,2026-07-02 09:27:37.612,ibuf_size,1,1,0.000492,enabled
1782984457.610,2026-07-02 09:27:37.612,innodb_activity_count,16538262,16538262,8130.222302,enabled
1782984457.610,2026-07-02 09:27:37.612,innodb_dblwr_pages_written,21180994,21180994,10412.592850,enabled
1782984457.610,2026-07-02 09:27:37.612,innodb_dblwr_writes,426589,426589,209.711479,enabled
1782984457.610,2026-07-02 09:27:37.612,innodb_page_size,16384,16384,0.000000,enabled
1782984457.610,2026-07-02 09:27:37.612,innodb_rwlock_sx_os_waits,0,0,0.000000,enabled
1782984457.610,2026-07-02 09:27:37.612,innodb_rwlock_sx_spin_rounds,0,0,0.000000,enabled
1782984457.610,2026-07-02 09:27:37.612,innodb_rwlock_sx_spin_waits,0,0,0.000000,enabled
1782984457.610,2026-07-02 09:27:37.612,innodb_rwlock_s_os_waits,0,0,0.000000,enabled
1782984457.610,2026-07-02 09:27:37.612,innodb_rwlock_s_spin_rounds,0,0,0.000000,enabled
1782984457.610,2026-07-02 09:27:37.612,innodb_rwlock_s_spin_waits,0,0,0.000000,enabled
1782984457.610,2026-07-02 09:27:37.612,innodb_rwlock_x_os_waits,0,0,0.000000,enabled
1782984457.610,2026-07-02 09:27:37.612,innodb_rwlock_x_spin_rounds,0,0,0.000000,enabled
1782984457.610,2026-07-02 09:27:37.612,innodb_rwlock_x_spin_waits,0,0,0.000000,enabled
1782984457.610,2026-07-02 09:27:37.612,lock_deadlocks,0,0,0.000000,enabled
1782984457.610,2026-07-02 09:27:37.612,lock_deadlock_false_positives,0,0,0.000000,enabled
1782984457.610,2026-07-02 09:27:37.612,lock_deadlock_rounds,2271,2271,1.116426,enabled
1782984457.610,2026-07-02 09:27:37.612,lock_rec_grant_attempts,425,425,0.208930,enabled
1782984457.610,2026-07-02 09:27:37.612,lock_rec_release_attempts,36056692,36056692,17725.501054,enabled
1782984457.610,2026-07-02 09:27:37.612,lock_row_lock_current_waits,0,0,0.000000,enabled
1782984457.610,2026-07-02 09:27:37.612,lock_row_lock_time,323,323,0.158787,enabled
1782984457.610,2026-07-02 09:27:37.612,lock_row_lock_time_avg,0,0,0.000000,enabled
1782984457.610,2026-07-02 09:27:37.612,lock_row_lock_time_max,29,29,0.000000,enabled
1782984457.610,2026-07-02 09:27:37.612,lock_row_lock_waits,425,425,0.208930,enabled
1782984457.610,2026-07-02 09:27:37.612,lock_schedule_refreshes,2271,2271,1.116426,enabled
1782984457.610,2026-07-02 09:27:37.612,lock_threads_waiting,0,0,0.000000,enabled
1782984457.610,2026-07-02 09:27:37.612,lock_timeouts,0,0,0.000000,enabled
1782984457.610,2026-07-02 09:27:37.612,log_waits,0,0,0.000000,enabled
1782984457.610,2026-07-02 09:27:37.612,log_writes,178746409,178746409,87871.875951,enabled
1782984457.610,2026-07-02 09:27:37.612,log_write_requests,386371179,386371179,189940.377132,enabled
1782984457.610,2026-07-02 09:27:37.612,os_data_fsyncs,46340150,46340150,22780.855144,enabled
1782984457.610,2026-07-02 09:27:37.612,os_data_reads,61037625,61037625,30006.145776,enabled
1782984457.610,2026-07-02 09:27:37.612,os_data_writes,200702575,200702575,98665.547955,enabled
1782984457.610,2026-07-02 09:27:37.612,os_log_bytes_written,115876177920,115876177920,56964822.467382,enabled
1782984457.610,2026-07-02 09:27:37.612,os_log_fsyncs,40727777,40727777,20021.807986,enabled
1782984457.610,2026-07-02 09:27:37.612,os_log_pending_fsyncs,1,1,0.000492,enabled
1782984457.610,2026-07-02 09:27:37.612,os_log_pending_writes,0,0,0.000000,enabled
1782984457.610,2026-07-02 09:27:37.612,trx_rseg_history_len,1115,1115,0.000000,enabled
1782984458.683,2026-07-02 09:27:38.684,adaptive_hash_searches,0,0,0.000000,enabled
1782984458.683,2026-07-02 09:27:38.684,adaptive_hash_searches_btree,553859829,553859829,272134.805220,enabled
1782984458.683,2026-07-02 09:27:38.684,buffer_data_reads,996066429440,996066429440,489409724.073870,enabled
1782984458.683,2026-07-02 09:27:38.684,buffer_data_written,498178854400,498178854400,244776420.728953,enabled
1782984458.683,2026-07-02 09:27:38.684,buffer_pages0_read,7,7,0.003439,enabled
1782984458.683,2026-07-02 09:27:38.684,buffer_pages_created,1804207,1804207,886.483505,enabled
1782984458.683,2026-07-02 09:27:38.684,buffer_pages_read,60966469,60966469,29955.414580,enabled
1782984458.683,2026-07-02 09:27:38.684,buffer_pages_written,21256399,21256399,10444.171321,enabled
1782984458.683,2026-07-02 09:27:38.684,buffer_pool_bytes_data,12854525952,12854525952,0.000000,enabled
1782984458.683,2026-07-02 09:27:38.684,buffer_pool_bytes_dirty,4651532288,4651532288,0.000000,enabled
1782984458.683,2026-07-02 09:27:38.684,buffer_pool_pages_data,784577,784577,0.000000,enabled
1782984458.683,2026-07-02 09:27:38.684,buffer_pool_pages_dirty,283907,283907,0.000000,enabled
1782984458.683,2026-07-02 09:27:38.684,buffer_pool_pages_flushed,21199329,21199329,0.000000,enabled
1782984458.683,2026-07-02 09:27:38.684,buffer_pool_pages_free,1758,1758,0.000000,enabled
1782984458.683,2026-07-02 09:27:38.684,buffer_pool_pages_lru_flushed,0,0,0.000000,enabled
1782984458.683,2026-07-02 09:27:38.684,buffer_pool_pages_misc,96,96,0.000000,enabled
1782984458.683,2026-07-02 09:27:38.684,buffer_pool_pages_total,786432,786432,0.000000,enabled
1782984458.683,2026-07-02 09:27:38.684,buffer_pool_reads,60084371,60084371,29522.003638,enabled
1782984458.683,2026-07-02 09:27:38.684,buffer_pool_read_ahead,803715,803715,394.899314,enabled
1782984458.683,2026-07-02 09:27:38.684,buffer_pool_read_ahead_evicted,25,25,0.012284,enabled
1782984458.683,2026-07-02 09:27:38.684,buffer_pool_read_requests,2661531497,2661531497,1307723.468632,enabled
1782984458.683,2026-07-02 09:27:38.684,buffer_pool_size,12884901888,12884901888,0.000000,enabled
1782984458.683,2026-07-02 09:27:38.684,buffer_pool_wait_free,18945,18945,9.308483,enabled
1782984458.683,2026-07-02 09:27:38.684,buffer_pool_write_requests,575595082,575595082,282814.310955,enabled
1782984458.683,2026-07-02 09:27:38.684,dml_deletes,11868206,11868206,5831.352342,enabled
1782984458.683,2026-07-02 09:27:38.684,dml_inserts,111753606,111753606,54909.280556,enabled
1782984458.683,2026-07-02 09:27:38.684,dml_system_deletes,468,468,0.229948,enabled
1782984458.683,2026-07-02 09:27:38.684,dml_system_inserts,1202,1202,0.590594,enabled
1782984458.683,2026-07-02 09:27:38.684,dml_system_reads,7661,7661,3.764174,enabled
1782984458.683,2026-07-02 09:27:38.684,dml_system_updates,620,620,0.304632,enabled
1782984458.683,2026-07-02 09:27:38.684,dml_updates,23736533,23736533,11662.764125,enabled
1782984458.683,2026-07-02 09:27:38.684,file_num_open_files,35,35,0.000000,enabled
1782984458.683,2026-07-02 09:27:38.684,ibuf_merges,0,0,0.000000,enabled
1782984458.683,2026-07-02 09:27:38.684,ibuf_merges_delete,0,0,0.000000,enabled
1782984458.683,2026-07-02 09:27:38.684,ibuf_merges_delete_mark,0,0,0.000000,enabled
1782984458.683,2026-07-02 09:27:38.684,ibuf_merges_discard_delete,0,0,0.000000,enabled
1782984458.683,2026-07-02 09:27:38.684,ibuf_merges_discard_delete_mark,0,0,0.000000,enabled
1782984458.683,2026-07-02 09:27:38.684,ibuf_merges_discard_insert,0,0,0.000000,enabled
1782984458.683,2026-07-02 09:27:38.684,ibuf_merges_insert,0,0,0.000000,enabled
1782984458.683,2026-07-02 09:27:38.684,ibuf_size,1,1,0.000491,enabled
1782984458.683,2026-07-02 09:27:38.684,innodb_activity_count,16543968,16543968,8128.752465,enabled
1782984458.683,2026-07-02 09:27:38.684,innodb_dblwr_pages_written,21197407,21197407,10415.184088,enabled
1782984458.683,2026-07-02 09:27:38.684,innodb_dblwr_writes,426950,426950,209.778623,enabled
1782984458.683,2026-07-02 09:27:38.684,innodb_page_size,16384,16384,0.000000,enabled
1782984458.683,2026-07-02 09:27:38.684,innodb_rwlock_sx_os_waits,0,0,0.000000,enabled
1782984458.683,2026-07-02 09:27:38.684,innodb_rwlock_sx_spin_rounds,0,0,0.000000,enabled
1782984458.683,2026-07-02 09:27:38.684,innodb_rwlock_sx_spin_waits,0,0,0.000000,enabled
1782984458.683,2026-07-02 09:27:38.684,innodb_rwlock_s_os_waits,0,0,0.000000,enabled
1782984458.683,2026-07-02 09:27:38.684,innodb_rwlock_s_spin_rounds,0,0,0.000000,enabled
1782984458.683,2026-07-02 09:27:38.684,innodb_rwlock_s_spin_waits,0,0,0.000000,enabled
1782984458.683,2026-07-02 09:27:38.684,innodb_rwlock_x_os_waits,0,0,0.000000,enabled
1782984458.683,2026-07-02 09:27:38.684,innodb_rwlock_x_spin_rounds,0,0,0.000000,enabled
1782984458.683,2026-07-02 09:27:38.684,innodb_rwlock_x_spin_waits,0,0,0.000000,enabled
1782984458.683,2026-07-02 09:27:38.684,lock_deadlocks,0,0,0.000000,enabled
1782984458.683,2026-07-02 09:27:38.684,lock_deadlock_false_positives,0,0,0.000000,enabled
1782984458.683,2026-07-02 09:27:38.684,lock_deadlock_rounds,2272,2272,1.116330,enabled
1782984458.683,2026-07-02 09:27:38.684,lock_rec_grant_attempts,425,425,0.208821,enabled
1782984458.683,2026-07-02 09:27:38.684,lock_rec_release_attempts,36071780,36071780,17723.597973,enabled
1782984458.683,2026-07-02 09:27:38.684,lock_row_lock_current_waits,0,0,0.000000,enabled
1782984458.683,2026-07-02 09:27:38.684,lock_row_lock_time,323,323,0.158704,enabled
1782984458.683,2026-07-02 09:27:38.684,lock_row_lock_time_avg,0,0,0.000000,enabled
1782984458.683,2026-07-02 09:27:38.684,lock_row_lock_time_max,29,29,0.000000,enabled
1782984458.683,2026-07-02 09:27:38.684,lock_row_lock_waits,425,425,0.208821,enabled
1782984458.683,2026-07-02 09:27:38.684,lock_schedule_refreshes,2272,2272,1.116330,enabled
1782984458.683,2026-07-02 09:27:38.684,lock_threads_waiting,0,0,0.000000,enabled
1782984458.683,2026-07-02 09:27:38.684,lock_timeouts,0,0,0.000000,enabled
1782984458.683,2026-07-02 09:27:38.684,log_waits,0,0,0.000000,enabled
1782984458.683,2026-07-02 09:27:38.684,log_writes,178822799,178822799,87863.222283,enabled
1782984458.683,2026-07-02 09:27:38.684,log_write_requests,386455567,386455567,189882.003869,enabled
1782984458.683,2026-07-02 09:27:38.684,os_data_fsyncs,46373913,46373913,22785.470348,enabled
1782984458.683,2026-07-02 09:27:38.684,os_data_reads,61095523,61095523,30018.821806,enabled
1782984458.683,2026-07-02 09:27:38.684,os_data_writes,200795656,200795656,98659.422400,enabled
1782984458.683,2026-07-02 09:27:38.684,os_log_bytes_written,115916269056,115916269056,56954579.284658,enabled
1782984458.683,2026-07-02 09:27:38.684,os_log_fsyncs,40756531,40756531,20025.412244,enabled
1782984458.683,2026-07-02 09:27:38.684,os_log_pending_fsyncs,1,1,0.000491,enabled
1782984458.683,2026-07-02 09:27:38.684,os_log_pending_writes,0,0,0.000000,enabled
1782984458.683,2026-07-02 09:27:38.684,trx_rseg_history_len,1235,1235,0.000000,enabled
1782984459.752,2026-07-02 09:27:39.753,adaptive_hash_searches,0,0,0.000000,enabled
1782984459.752,2026-07-02 09:27:39.753,adaptive_hash_searches_btree,554031499,554031499,272076.044744,enabled
1782984459.752,2026-07-02 09:27:39.753,buffer_data_reads,997013768704,997013768704,489617653.391510,enabled
1782984459.752,2026-07-02 09:27:39.753,buffer_data_written,498490126336,498490126336,244800596.878608,enabled
1782984459.752,2026-07-02 09:27:39.753,buffer_pages0_read,7,7,0.003438,enabled
1782984459.752,2026-07-02 09:27:39.753,buffer_pages_created,1804251,1804251,886.039067,enabled
1782984459.752,2026-07-02 09:27:39.753,buffer_pages_read,61024448,61024448,29968.138886,enabled
1782984459.752,2026-07-02 09:27:39.753,buffer_pages_written,21272405,21272405,10446.540869,enabled
1782984459.752,2026-07-02 09:27:39.753,buffer_pool_bytes_data,12859719680,12859719680,0.000000,enabled
1782984459.752,2026-07-02 09:27:39.753,buffer_pool_bytes_dirty,4659363840,4659363840,0.000000,enabled
1782984459.752,2026-07-02 09:27:39.753,buffer_pool_pages_data,784895,784895,0.000000,enabled
1782984459.752,2026-07-02 09:27:39.753,buffer_pool_pages_dirty,284385,284385,0.000000,enabled
1782984459.752,2026-07-02 09:27:39.753,buffer_pool_pages_flushed,21215335,21215335,0.000000,enabled
1782984459.752,2026-07-02 09:27:39.753,buffer_pool_pages_free,1441,1441,0.000000,enabled
1782984459.752,2026-07-02 09:27:39.753,buffer_pool_pages_lru_flushed,0,0,0.000000,enabled
1782984459.752,2026-07-02 09:27:39.753,buffer_pool_pages_misc,96,96,0.000000,enabled
1782984459.752,2026-07-02 09:27:39.753,buffer_pool_pages_total,786432,786432,0.000000,enabled
1782984459.752,2026-07-02 09:27:39.753,buffer_pool_reads,60142277,60142277,29534.919867,enabled
1782984459.752,2026-07-02 09:27:39.753,buffer_pool_read_ahead,803715,803715,394.691705,enabled
1782984459.752,2026-07-02 09:27:39.753,buffer_pool_read_ahead_evicted,25,25,0.012277,enabled
1782984459.752,2026-07-02 09:27:39.753,buffer_pool_read_requests,2662385496,2662385496,1307455.350241,enabled
1782984459.752,2026-07-02 09:27:39.753,buffer_pool_size,12884901888,12884901888,0.000000,enabled
1782984459.752,2026-07-02 09:27:39.753,buffer_pool_wait_free,18945,18945,9.303589,enabled
1782984459.752,2026-07-02 09:27:39.753,buffer_pool_write_requests,575714221,575714221,282724.135507,enabled
1782984459.752,2026-07-02 09:27:39.753,dml_deletes,11873161,11873161,5830.720084,enabled
1782984459.752,2026-07-02 09:27:39.753,dml_inserts,111758563,111758563,54882.848667,enabled
1782984459.752,2026-07-02 09:27:39.753,dml_system_deletes,468,468,0.229827,enabled
1782984459.752,2026-07-02 09:27:39.753,dml_system_inserts,1202,1202,0.590283,enabled
1782984459.752,2026-07-02 09:27:39.753,dml_system_reads,7661,7661,3.762195,enabled
1782984459.752,2026-07-02 09:27:39.753,dml_system_updates,620,620,0.304472,enabled
1782984459.752,2026-07-02 09:27:39.753,dml_updates,23746443,23746443,11661.499578,enabled
1782984459.752,2026-07-02 09:27:39.753,file_num_open_files,35,35,0.000000,enabled
1782984459.752,2026-07-02 09:27:39.753,ibuf_merges,0,0,0.000000,enabled
1782984459.752,2026-07-02 09:27:39.753,ibuf_merges_delete,0,0,0.000000,enabled
1782984459.752,2026-07-02 09:27:39.753,ibuf_merges_delete_mark,0,0,0.000000,enabled
1782984459.752,2026-07-02 09:27:39.753,ibuf_merges_discard_delete,0,0,0.000000,enabled
1782984459.752,2026-07-02 09:27:39.753,ibuf_merges_discard_delete_mark,0,0,0.000000,enabled
1782984459.752,2026-07-02 09:27:39.753,ibuf_merges_discard_insert,0,0,0.000000,enabled
1782984459.752,2026-07-02 09:27:39.753,ibuf_merges_insert,0,0,0.000000,enabled
1782984459.752,2026-07-02 09:27:39.753,ibuf_size,1,1,0.000491,enabled
1782984459.752,2026-07-02 09:27:39.753,innodb_activity_count,16549665,16549665,8127.276784,enabled
1782984459.752,2026-07-02 09:27:39.753,innodb_dblwr_pages_written,21213413,21213413,10417.569039,enabled
1782984459.752,2026-07-02 09:27:39.753,innodb_dblwr_writes,427326,427326,209.852988,enabled
1782984459.752,2026-07-02 09:27:39.753,innodb_page_size,16384,16384,0.000000,enabled
1782984459.752,2026-07-02 09:27:39.753,innodb_rwlock_sx_os_waits,0,0,0.000000,enabled
1782984459.752,2026-07-02 09:27:39.753,innodb_rwlock_sx_spin_rounds,0,0,0.000000,enabled
1782984459.752,2026-07-02 09:27:39.753,innodb_rwlock_sx_spin_waits,0,0,0.000000,enabled
1782984459.752,2026-07-02 09:27:39.753,innodb_rwlock_s_os_waits,0,0,0.000000,enabled
1782984459.752,2026-07-02 09:27:39.753,innodb_rwlock_s_spin_rounds,0,0,0.000000,enabled
1782984459.752,2026-07-02 09:27:39.753,innodb_rwlock_s_spin_waits,0,0,0.000000,enabled
1782984459.752,2026-07-02 09:27:39.753,innodb_rwlock_x_os_waits,0,0,0.000000,enabled
1782984459.752,2026-07-02 09:27:39.753,innodb_rwlock_x_spin_rounds,0,0,0.000000,enabled
1782984459.752,2026-07-02 09:27:39.753,innodb_rwlock_x_spin_waits,0,0,0.000000,enabled
1782984459.752,2026-07-02 09:27:39.753,lock_deadlocks,0,0,0.000000,enabled
1782984459.752,2026-07-02 09:27:39.753,lock_deadlock_false_positives,0,0,0.000000,enabled
1782984459.752,2026-07-02 09:27:39.753,lock_deadlock_rounds,2273,2273,1.116234,enabled
1782984459.752,2026-07-02 09:27:39.753,lock_rec_grant_attempts,425,425,0.208711,enabled
1782984459.752,2026-07-02 09:27:39.753,lock_rec_release_attempts,36086851,36086851,17721.681319,enabled
1782984459.752,2026-07-02 09:27:39.753,lock_row_lock_current_waits,0,0,0.000000,enabled
1782984459.752,2026-07-02 09:27:39.753,lock_row_lock_time,323,323,0.158620,enabled
1782984459.752,2026-07-02 09:27:39.753,lock_row_lock_time_avg,0,0,0.000000,enabled
1782984459.752,2026-07-02 09:27:39.753,lock_row_lock_time_max,29,29,0.000000,enabled
1782984459.752,2026-07-02 09:27:39.753,lock_row_lock_waits,425,425,0.208711,enabled
1782984459.752,2026-07-02 09:27:39.753,lock_schedule_refreshes,2273,2273,1.116234,enabled
1782984459.752,2026-07-02 09:27:39.753,lock_threads_waiting,0,0,0.000000,enabled
1782984459.752,2026-07-02 09:27:39.753,lock_timeouts,0,0,0.000000,enabled
1782984459.752,2026-07-02 09:27:39.753,log_waits,0,0,0.000000,enabled
1782984459.752,2026-07-02 09:27:39.753,log_writes,178904513,178904513,87857.160095,enabled
1782984459.752,2026-07-02 09:27:39.753,log_write_requests,386540842,386540842,189824.058090,enabled
1782984459.752,2026-07-02 09:27:39.753,os_data_fsyncs,46409455,46409455,22790.945845,enabled
1782984459.752,2026-07-02 09:27:39.753,os_data_reads,61153357,61153357,30031.441866,enabled
1782984459.752,2026-07-02 09:27:39.753,os_data_writes,200893665,200893665,98655.686506,enabled
1782984459.752,2026-07-02 09:27:39.753,os_log_bytes_written,115958971392,115958971392,56945607.980670,enabled
1782984459.752,2026-07-02 09:27:39.753,os_log_fsyncs,40786970,40786970,20029.832739,enabled
1782984459.752,2026-07-02 09:27:39.753,os_log_pending_fsyncs,0,0,0.000000,enabled
1782984459.752,2026-07-02 09:27:39.753,os_log_pending_writes,0,0,0.000000,enabled
1782984459.752,2026-07-02 09:27:39.753,trx_rseg_history_len,152,152,0.000000,enabled
1782984460.823,2026-07-02 09:27:40.825,adaptive_hash_searches,0,0,0.000000,enabled
1782984460.823,2026-07-02 09:27:40.825,adaptive_hash_searches_btree,554203327,554203327,272017.149063,enabled
1782984460.823,2026-07-02 09:27:40.825,buffer_data_reads,997962828288,997962828288,489825713.248403,enabled
1782984460.823,2026-07-02 09:27:40.825,buffer_data_written,498809431040,498809431040,244828442.609569,enabled
1782984460.823,2026-07-02 09:27:40.825,buffer_pages0_read,7,7,0.003436,enabled
1782984460.823,2026-07-02 09:27:40.825,buffer_pages_created,1804293,1804293,885.593221,enabled
1782984460.823,2026-07-02 09:27:40.825,buffer_pages_read,61082558,61082558,29980.883809,enabled
1782984460.823,2026-07-02 09:27:40.825,buffer_pages_written,21288927,21288927,10449.150633,enabled
1782984460.823,2026-07-02 09:27:40.825,buffer_pool_bytes_data,12848955392,12848955392,0.000000,enabled
1782984460.823,2026-07-02 09:27:40.825,buffer_pool_bytes_dirty,4659773440,4659773440,0.000000,enabled
1782984460.823,2026-07-02 09:27:40.825,buffer_pool_pages_data,784239,784239,0.000000,enabled
1782984460.823,2026-07-02 09:27:40.825,buffer_pool_pages_dirty,284410,284410,0.000000,enabled
1782984460.823,2026-07-02 09:27:40.825,buffer_pool_pages_flushed,21231857,21231857,0.000000,enabled
1782984460.823,2026-07-02 09:27:40.825,buffer_pool_pages_free,2102,2102,0.000000,enabled
1782984460.823,2026-07-02 09:27:40.825,buffer_pool_pages_lru_flushed,0,0,0.000000,enabled
1782984460.823,2026-07-02 09:27:40.825,buffer_pool_pages_misc,96,96,0.000000,enabled
1782984460.823,2026-07-02 09:27:40.825,buffer_pool_pages_total,786432,786432,0.000000,enabled
1782984460.823,2026-07-02 09:27:40.825,buffer_pool_reads,60200327,60200327,29547.863489,enabled
1782984460.823,2026-07-02 09:27:40.825,buffer_pool_read_ahead,803715,803715,394.483917,enabled
1782984460.823,2026-07-02 09:27:40.825,buffer_pool_read_ahead_evicted,25,25,0.012271,enabled
1782984460.823,2026-07-02 09:27:40.825,buffer_pool_read_requests,2663236739,2663236739,1307184.844475,enabled
1782984460.823,2026-07-02 09:27:40.825,buffer_pool_size,12884901888,12884901888,0.000000,enabled
1782984460.823,2026-07-02 09:27:40.825,buffer_pool_wait_free,18945,18945,9.298691,enabled
1782984460.823,2026-07-02 09:27:40.825,buffer_pool_write_requests,575830516,575830516,282632.374235,enabled
1782984460.823,2026-07-02 09:27:40.825,dml_deletes,11878121,11878121,5830.085007,enabled
1782984460.823,2026-07-02 09:27:40.825,dml_inserts,111763522,111763522,54856.389712,enabled
1782984460.823,2026-07-02 09:27:40.825,dml_system_deletes,468,468,0.229706,enabled
1782984460.823,2026-07-02 09:27:40.825,dml_system_inserts,1202,1202,0.589972,enabled
1782984460.823,2026-07-02 09:27:40.825,dml_system_reads,7661,7661,3.760214,enabled
1782984460.823,2026-07-02 09:27:40.825,dml_system_updates,620,620,0.304312,enabled
1782984460.823,2026-07-02 09:27:40.825,dml_updates,23756363,23756363,11660.229394,enabled
1782984460.823,2026-07-02 09:27:40.825,file_num_open_files,35,35,0.000000,enabled
1782984460.823,2026-07-02 09:27:40.825,ibuf_merges,0,0,0.000000,enabled
1782984460.823,2026-07-02 09:27:40.825,ibuf_merges_delete,0,0,0.000000,enabled
1782984460.823,2026-07-02 09:27:40.825,ibuf_merges_delete_mark,0,0,0.000000,enabled
1782984460.823,2026-07-02 09:27:40.825,ibuf_merges_discard_delete,0,0,0.000000,enabled
1782984460.823,2026-07-02 09:27:40.825,ibuf_merges_discard_delete_mark,0,0,0.000000,enabled
1782984460.823,2026-07-02 09:27:40.825,ibuf_merges_discard_insert,0,0,0.000000,enabled
1782984460.823,2026-07-02 09:27:40.825,ibuf_merges_insert,0,0,0.000000,enabled
1782984460.823,2026-07-02 09:27:40.825,ibuf_size,1,1,0.000491,enabled
1782984460.823,2026-07-02 09:27:40.825,innodb_activity_count,16555363,16555363,8125.794929,enabled
1782984460.823,2026-07-02 09:27:40.825,innodb_dblwr_pages_written,21229935,21229935,10420.194158,enabled
1782984460.823,2026-07-02 09:27:40.825,innodb_dblwr_writes,427705,427705,209.928535,enabled
1782984460.823,2026-07-02 09:27:40.825,innodb_page_size,16384,16384,0.000000,enabled
1782984460.823,2026-07-02 09:27:40.825,innodb_rwlock_sx_os_waits,0,0,0.000000,enabled
1782984460.823,2026-07-02 09:27:40.825,innodb_rwlock_sx_spin_rounds,0,0,0.000000,enabled
1782984460.823,2026-07-02 09:27:40.825,innodb_rwlock_sx_spin_waits,0,0,0.000000,enabled
1782984460.823,2026-07-02 09:27:40.825,innodb_rwlock_s_os_waits,0,0,0.000000,enabled
1782984460.823,2026-07-02 09:27:40.825,innodb_rwlock_s_spin_rounds,0,0,0.000000,enabled
1782984460.823,2026-07-02 09:27:40.825,innodb_rwlock_s_spin_waits,0,0,0.000000,enabled
1782984460.823,2026-07-02 09:27:40.825,innodb_rwlock_x_os_waits,0,0,0.000000,enabled
1782984460.823,2026-07-02 09:27:40.825,innodb_rwlock_x_spin_rounds,0,0,0.000000,enabled
1782984460.823,2026-07-02 09:27:40.825,innodb_rwlock_x_spin_waits,0,0,0.000000,enabled
1782984460.823,2026-07-02 09:27:40.825,lock_deadlocks,0,0,0.000000,enabled
1782984460.823,2026-07-02 09:27:40.825,lock_deadlock_false_positives,0,0,0.000000,enabled
1782984460.823,2026-07-02 09:27:40.825,lock_deadlock_rounds,2274,2274,1.116138,enabled
1782984460.823,2026-07-02 09:27:40.825,lock_rec_grant_attempts,425,425,0.208601,enabled
1782984460.823,2026-07-02 09:27:40.825,lock_rec_release_attempts,36101919,36101919,17719.747411,enabled
1782984460.823,2026-07-02 09:27:40.825,lock_row_lock_current_waits,0,0,0.000000,enabled
1782984460.823,2026-07-02 09:27:40.825,lock_row_lock_time,323,323,0.158537,enabled
1782984460.823,2026-07-02 09:27:40.825,lock_row_lock_time_avg,0,0,0.000000,enabled
1782984460.823,2026-07-02 09:27:40.825,lock_row_lock_time_max,29,29,0.000000,enabled
1782984460.823,2026-07-02 09:27:40.825,lock_row_lock_waits,425,425,0.208601,enabled
1782984460.823,2026-07-02 09:27:40.825,lock_schedule_refreshes,2274,2274,1.116137,enabled
1782984460.823,2026-07-02 09:27:40.825,lock_threads_waiting,0,0,0.000000,enabled
1782984460.823,2026-07-02 09:27:40.825,lock_timeouts,0,0,0.000000,enabled
1782984460.823,2026-07-02 09:27:40.825,log_waits,0,0,0.000000,enabled
1782984460.823,2026-07-02 09:27:40.825,log_writes,178985150,178985150,87850.486663,enabled
1782984460.823,2026-07-02 09:27:40.825,log_write_requests,386624992,386624992,189765.428746,enabled
1782984460.823,2026-07-02 09:27:40.825,os_data_fsyncs,46444654,46444654,22796.224056,enabled
1782984460.823,2026-07-02 09:27:40.825,os_data_reads,61211307,61211307,30044.075073,enabled
1782984460.823,2026-07-02 09:27:40.825,os_data_writes,200991075,200991075,98651.560244,enabled
1782984460.823,2026-07-02 09:27:40.825,os_log_bytes_written,116001314816,116001314816,56936412.055826,enabled
1782984460.823,2026-07-02 09:27:40.825,os_log_fsyncs,40817008,40817008,20034.031406,enabled
1782984460.823,2026-07-02 09:27:40.825,os_log_pending_fsyncs,1,1,0.000491,enabled
1782984460.823,2026-07-02 09:27:40.825,os_log_pending_writes,0,0,0.000000,enabled
1782984460.823,2026-07-02 09:27:40.825,trx_rseg_history_len,315,315,0.000000,enabled
1782984461.895,2026-07-02 09:27:41.897,adaptive_hash_searches,0,0,0.000000,enabled
1782984461.895,2026-07-02 09:27:41.897,adaptive_hash_searches_btree,554375345,554375345,271958.437918,enabled
1782984461.895,2026-07-02 09:27:41.897,buffer_data_reads,998914722304,998914722304,490035006.336355,enabled
1782984461.895,2026-07-02 09:27:41.897,buffer_data_written,499125691392,499125691392,244854796.544150,enabled
1782984461.895,2026-07-02 09:27:41.897,buffer_pages0_read,7,7,0.003434,enabled
1782984461.895,2026-07-02 09:27:41.897,buffer_pages_created,1804315,1804315,885.138141,enabled
1782984461.895,2026-07-02 09:27:41.897,buffer_pages_read,61140828,61140828,29993.697587,enabled
1782984461.895,2026-07-02 09:27:41.897,buffer_pages_written,21305257,21305257,10451.664767,enabled
1782984461.895,2026-07-02 09:27:41.897,buffer_pool_bytes_data,12850544640,12850544640,0.000000,enabled
1782984461.895,2026-07-02 09:27:41.897,buffer_pool_bytes_dirty,4664901632,4664901632,0.000000,enabled
1782984461.895,2026-07-02 09:27:41.897,buffer_pool_pages_data,784335,784335,0.000000,enabled
1782984461.895,2026-07-02 09:27:41.897,buffer_pool_pages_dirty,284723,284723,0.000000,enabled
1782984461.895,2026-07-02 09:27:41.897,buffer_pool_pages_flushed,21248129,21248129,0.000000,enabled
1782984461.895,2026-07-02 09:27:41.897,buffer_pool_pages_free,2000,2000,0.000000,enabled
1782984461.895,2026-07-02 09:27:41.897,buffer_pool_pages_lru_flushed,0,0,0.000000,enabled
1782984461.895,2026-07-02 09:27:41.897,buffer_pool_pages_misc,96,96,0.000000,enabled
1782984461.895,2026-07-02 09:27:41.897,buffer_pool_pages_total,786432,786432,0.000000,enabled
1782984461.895,2026-07-02 09:27:41.897,buffer_pool_reads,60258549,60258549,29560.881413,enabled
1782984461.895,2026-07-02 09:27:41.897,buffer_pool_read_ahead,803715,803715,394.276396,enabled
1782984461.895,2026-07-02 09:27:41.897,buffer_pool_read_ahead_evicted,25,25,0.012264,enabled
1782984461.895,2026-07-02 09:27:41.897,buffer_pool_read_requests,2664089024,2664089024,1306915.293414,enabled
1782984461.895,2026-07-02 09:27:41.897,buffer_pool_size,12884901888,12884901888,0.000000,enabled
1782984461.895,2026-07-02 09:27:41.897,buffer_pool_wait_free,18945,18945,9.293800,enabled
1782984461.895,2026-07-02 09:27:41.897,buffer_pool_write_requests,575946701,575946701,282540.689921,enabled
1782984461.895,2026-07-02 09:27:41.897,dml_deletes,11883086,11883086,5829.453697,enabled
1782984461.895,2026-07-02 09:27:41.897,dml_inserts,111768488,111768488,54829.968087,enabled
1782984461.895,2026-07-02 09:27:41.897,dml_system_deletes,468,468,0.229586,enabled
1782984461.895,2026-07-02 09:27:41.897,dml_system_inserts,1202,1202,0.589662,enabled
1782984461.895,2026-07-02 09:27:41.897,dml_system_reads,7661,7661,3.758236,enabled
1782984461.895,2026-07-02 09:27:41.897,dml_system_updates,620,620,0.304152,enabled
1782984461.895,2026-07-02 09:27:41.897,dml_updates,23766297,23766297,11658.968702,enabled
1782984461.895,2026-07-02 09:27:41.897,file_num_open_files,35,35,0.000000,enabled
1782984461.895,2026-07-02 09:27:41.897,ibuf_merges,0,0,0.000000,enabled
1782984461.895,2026-07-02 09:27:41.897,ibuf_merges_delete,0,0,0.000000,enabled
1782984461.895,2026-07-02 09:27:41.897,ibuf_merges_delete_mark,0,0,0.000000,enabled
1782984461.895,2026-07-02 09:27:41.897,ibuf_merges_discard_delete,0,0,0.000000,enabled
1782984461.895,2026-07-02 09:27:41.897,ibuf_merges_discard_delete_mark,0,0,0.000000,enabled
1782984461.895,2026-07-02 09:27:41.897,ibuf_merges_discard_insert,0,0,0.000000,enabled
1782984461.895,2026-07-02 09:27:41.897,ibuf_merges_insert,0,0,0.000000,enabled
1782984461.895,2026-07-02 09:27:41.897,ibuf_size,1,1,0.000491,enabled
1782984461.895,2026-07-02 09:27:41.897,innodb_activity_count,16561071,16561071,8124.320422,enabled
1782984461.895,2026-07-02 09:27:41.897,innodb_dblwr_pages_written,21246270,21246270,10422.725917,enabled
1782984461.895,2026-07-02 09:27:41.897,innodb_dblwr_writes,428061,428061,209.992741,enabled
1782984461.895,2026-07-02 09:27:41.897,innodb_page_size,16384,16384,0.000000,enabled
1782984461.895,2026-07-02 09:27:41.897,innodb_rwlock_sx_os_waits,0,0,0.000000,enabled
1782984461.895,2026-07-02 09:27:41.897,innodb_rwlock_sx_spin_rounds,0,0,0.000000,enabled
1782984461.895,2026-07-02 09:27:41.897,innodb_rwlock_sx_spin_waits,0,0,0.000000,enabled
1782984461.895,2026-07-02 09:27:41.897,innodb_rwlock_s_os_waits,0,0,0.000000,enabled
1782984461.895,2026-07-02 09:27:41.897,innodb_rwlock_s_spin_rounds,0,0,0.000000,enabled
1782984461.895,2026-07-02 09:27:41.897,innodb_rwlock_s_spin_waits,0,0,0.000000,enabled
1782984461.895,2026-07-02 09:27:41.897,innodb_rwlock_x_os_waits,0,0,0.000000,enabled
1782984461.895,2026-07-02 09:27:41.897,innodb_rwlock_x_spin_rounds,0,0,0.000000,enabled
1782984461.895,2026-07-02 09:27:41.897,innodb_rwlock_x_spin_waits,0,0,0.000000,enabled
1782984461.895,2026-07-02 09:27:41.897,lock_deadlocks,0,0,0.000000,enabled
1782984461.895,2026-07-02 09:27:41.897,lock_deadlock_false_positives,0,0,0.000000,enabled
1782984461.895,2026-07-02 09:27:41.897,lock_deadlock_rounds,2275,2275,1.116041,enabled
1782984461.895,2026-07-02 09:27:41.897,lock_rec_grant_attempts,425,425,0.208491,enabled
1782984461.895,2026-07-02 09:27:41.897,lock_rec_release_attempts,36117023,36117023,17717.835401,enabled
1782984461.895,2026-07-02 09:27:41.897,lock_row_lock_current_waits,0,0,0.000000,enabled
1782984461.895,2026-07-02 09:27:41.897,lock_row_lock_time,323,323,0.158453,enabled
1782984461.895,2026-07-02 09:27:41.897,lock_row_lock_time_avg,0,0,0.000000,enabled
1782984461.895,2026-07-02 09:27:41.897,lock_row_lock_time_max,29,29,0.000000,enabled
1782984461.895,2026-07-02 09:27:41.897,lock_row_lock_waits,425,425,0.208491,enabled
1782984461.895,2026-07-02 09:27:41.897,lock_schedule_refreshes,2275,2275,1.116041,enabled
1782984461.895,2026-07-02 09:27:41.897,lock_threads_waiting,0,0,0.000000,enabled
1782984461.895,2026-07-02 09:27:41.897,lock_timeouts,0,0,0.000000,enabled
1782984461.895,2026-07-02 09:27:41.897,log_waits,0,0,0.000000,enabled
1782984461.895,2026-07-02 09:27:41.897,log_writes,179066285,179066285,87844.074125,enabled
1782984461.895,2026-07-02 09:27:41.897,log_write_requests,386709256,386709256,189706.937752,enabled
1782984461.895,2026-07-02 09:27:41.897,os_data_fsyncs,46480113,46480113,22801.626968,enabled
1782984461.895,2026-07-02 09:27:41.897,os_data_reads,61269420,61269420,30056.778510,enabled
1782984461.895,2026-07-02 09:27:41.897,os_data_writes,201088802,201088802,98647.605574,enabled
1782984461.895,2026-07-02 09:27:41.897,os_log_bytes_written,116043668992,116043668992,56927237.820569,enabled
1782984461.895,2026-07-02 09:27:41.897,os_log_fsyncs,40847427,40847427,20038.414929,enabled
1782984461.895,2026-07-02 09:27:41.897,os_log_pending_fsyncs,1,1,0.000491,enabled
1782984461.895,2026-07-02 09:27:41.897,os_log_pending_writes,0,0,0.000000,enabled
1782984461.895,2026-07-02 09:27:41.897,trx_rseg_history_len,457,457,0.000000,enabled
1782984462.968,2026-07-02 09:27:42.969,adaptive_hash_searches,0,0,0.000000,enabled
1782984462.968,2026-07-02 09:27:42.969,adaptive_hash_searches_btree,554546439,554546439,271900.049992,enabled
1782984462.968,2026-07-02 09:27:42.969,buffer_data_reads,999860750848,999860750848,490242492.559985,enabled
1782984462.968,2026-07-02 09:27:42.969,buffer_data_written,499436255744,499436255744,244878973.869651,enabled
1782984462.968,2026-07-02 09:27:42.969,buffer_pages0_read,7,7,0.003432,enabled
1782984462.968,2026-07-02 09:27:42.969,buffer_pages_created,1804356,1804356,884.695185,enabled
1782984462.968,2026-07-02 09:27:42.969,buffer_pages_read,61198743,61198743,30006.402745,enabled
1782984462.968,2026-07-02 09:27:42.969,buffer_pages_written,21321271,21321271,10454.048822,enabled
1782984462.968,2026-07-02 09:27:42.969,buffer_pool_bytes_data,12857982976,12857982976,0.000000,enabled
1782984462.968,2026-07-02 09:27:42.969,buffer_pool_bytes_dirty,4673323008,4673323008,0.000000,enabled
1782984462.968,2026-07-02 09:27:42.969,buffer_pool_pages_data,784789,784789,0.000000,enabled
1782984462.968,2026-07-02 09:27:42.969,buffer_pool_pages_dirty,285237,285237,0.000000,enabled
1782984462.968,2026-07-02 09:27:42.969,buffer_pool_pages_flushed,21264201,21264201,0.000000,enabled
1782984462.968,2026-07-02 09:27:42.969,buffer_pool_pages_free,1546,1546,0.000000,enabled
1782984462.968,2026-07-02 09:27:42.969,buffer_pool_pages_lru_flushed,0,0,0.000000,enabled
1782984462.968,2026-07-02 09:27:42.969,buffer_pool_pages_misc,97,97,0.000000,enabled
1782984462.968,2026-07-02 09:27:42.969,buffer_pool_pages_total,786432,786432,0.000000,enabled
1782984462.968,2026-07-02 09:27:42.969,buffer_pool_reads,60316408,60316408,29573.785566,enabled
1782984462.968,2026-07-02 09:27:42.969,buffer_pool_read_ahead,803715,803715,394.070130,enabled
1782984462.968,2026-07-02 09:27:42.969,buffer_pool_read_ahead_evicted,25,25,0.012258,enabled
1782984462.968,2026-07-02 09:27:42.969,buffer_pool_read_requests,2664936473,2664936473,1306647.094470,enabled
1782984462.968,2026-07-02 09:27:42.969,buffer_pool_size,12884901888,12884901888,0.000000,enabled
1782984462.968,2026-07-02 09:27:42.969,buffer_pool_wait_free,18945,18945,9.288938,enabled
1782984462.968,2026-07-02 09:27:42.969,buffer_pool_write_requests,576062410,576062410,282449.612258,enabled
1782984462.968,2026-07-02 09:27:42.969,dml_deletes,11888019,11888019,5828.822661,enabled
1782984462.968,2026-07-02 09:27:42.969,dml_inserts,111773422,111773422,54803.702430,enabled
1782984462.968,2026-07-02 09:27:42.969,dml_system_deletes,468,468,0.229465,enabled
1782984462.968,2026-07-02 09:27:42.969,dml_system_inserts,1202,1202,0.589353,enabled
1782984462.968,2026-07-02 09:27:42.969,dml_system_reads,7661,7661,3.756270,enabled
1782984462.968,2026-07-02 09:27:42.969,dml_system_updates,620,620,0.303993,enabled
1782984462.968,2026-07-02 09:27:42.969,dml_updates,23776159,23776159,11657.704637,enabled
1782984462.968,2026-07-02 09:27:42.969,file_num_open_files,35,35,0.000000,enabled
1782984462.968,2026-07-02 09:27:42.969,ibuf_merges,0,0,0.000000,enabled
1782984462.968,2026-07-02 09:27:42.969,ibuf_merges_delete,0,0,0.000000,enabled
1782984462.968,2026-07-02 09:27:42.969,ibuf_merges_delete_mark,0,0,0.000000,enabled
1782984462.968,2026-07-02 09:27:42.969,ibuf_merges_discard_delete,0,0,0.000000,enabled
1782984462.968,2026-07-02 09:27:42.969,ibuf_merges_discard_delete_mark,0,0,0.000000,enabled
1782984462.968,2026-07-02 09:27:42.969,ibuf_merges_discard_insert,0,0,0.000000,enabled
1782984462.968,2026-07-02 09:27:42.969,ibuf_merges_insert,0,0,0.000000,enabled
1782984462.968,2026-07-02 09:27:42.969,ibuf_size,1,1,0.000490,enabled
1782984462.968,2026-07-02 09:27:42.969,innodb_activity_count,16566741,16566741,8122.850174,enabled
1782984462.968,2026-07-02 09:27:42.969,innodb_dblwr_pages_written,21262279,21262279,10425.122554,enabled
1782984462.968,2026-07-02 09:27:42.969,innodb_dblwr_writes,428402,428402,210.050078,enabled
1782984462.968,2026-07-02 09:27:42.969,innodb_page_size,16384,16384,0.000000,enabled
1782984462.968,2026-07-02 09:27:42.969,innodb_rwlock_sx_os_waits,0,0,0.000000,enabled
1782984462.968,2026-07-02 09:27:42.969,innodb_rwlock_sx_spin_rounds,0,0,0.000000,enabled
1782984462.968,2026-07-02 09:27:42.969,innodb_rwlock_sx_spin_waits,0,0,0.000000,enabled
1782984462.968,2026-07-02 09:27:42.969,innodb_rwlock_s_os_waits,0,0,0.000000,enabled
1782984462.968,2026-07-02 09:27:42.969,innodb_rwlock_s_spin_rounds,0,0,0.000000,enabled
1782984462.968,2026-07-02 09:27:42.969,innodb_rwlock_s_spin_waits,0,0,0.000000,enabled
1782984462.968,2026-07-02 09:27:42.969,innodb_rwlock_x_os_waits,0,0,0.000000,enabled
1782984462.968,2026-07-02 09:27:42.969,innodb_rwlock_x_spin_rounds,0,0,0.000000,enabled
1782984462.968,2026-07-02 09:27:42.969,innodb_rwlock_x_spin_waits,0,0,0.000000,enabled
1782984462.968,2026-07-02 09:27:42.969,lock_deadlocks,0,0,0.000000,enabled
1782984462.968,2026-07-02 09:27:42.969,lock_deadlock_false_positives,0,0,0.000000,enabled
1782984462.968,2026-07-02 09:27:42.969,lock_deadlock_rounds,2276,2276,1.115947,enabled
1782984462.968,2026-07-02 09:27:42.969,lock_rec_grant_attempts,425,425,0.208382,enabled
1782984462.968,2026-07-02 09:27:42.969,lock_rec_release_attempts,36132021,36132021,17715.920025,enabled
1782984462.968,2026-07-02 09:27:42.969,lock_row_lock_current_waits,0,0,0.000000,enabled
1782984462.968,2026-07-02 09:27:42.969,lock_row_lock_time,323,323,0.158370,enabled
1782984462.968,2026-07-02 09:27:42.969,lock_row_lock_time_avg,0,0,0.000000,enabled
1782984462.968,2026-07-02 09:27:42.969,lock_row_lock_time_max,29,29,0.000000,enabled
1782984462.968,2026-07-02 09:27:42.969,lock_row_lock_waits,425,425,0.208382,enabled
1782984462.968,2026-07-02 09:27:42.969,lock_schedule_refreshes,2276,2276,1.115947,enabled
1782984462.968,2026-07-02 09:27:42.969,lock_threads_waiting,0,0,0.000000,enabled
1782984462.968,2026-07-02 09:27:42.969,lock_timeouts,0,0,0.000000,enabled
1782984462.968,2026-07-02 09:27:42.969,log_waits,0,0,0.000000,enabled
1782984462.968,2026-07-02 09:27:42.969,log_writes,179146564,179146564,87837.479648,enabled
1782984462.968,2026-07-02 09:27:42.969,log_write_requests,386793010,386793010,189648.756926,enabled
1782984462.968,2026-07-02 09:27:42.969,os_data_fsyncs,46514896,46514896,22806.752654,enabled
1782984462.968,2026-07-02 09:27:42.969,os_data_reads,61327153,61327153,30069.361274,enabled
1782984462.968,2026-07-02 09:27:42.969,os_data_writes,201185337,201185337,98643.329719,enabled
1782984462.968,2026-07-02 09:27:42.969,os_log_bytes_written,116085696512,116085696512,56918062.579414,enabled
1782984462.968,2026-07-02 09:27:42.969,os_log_fsyncs,40877396,40877396,20042.625845,enabled
1782984462.968,2026-07-02 09:27:42.969,os_log_pending_fsyncs,1,1,0.000490,enabled
1782984462.968,2026-07-02 09:27:42.969,os_log_pending_writes,0,0,0.000000,enabled
1782984462.968,2026-07-02 09:27:42.969,trx_rseg_history_len,606,606,0.000000,enabled
1782984464.035,2026-07-02 09:27:44.037,adaptive_hash_searches,0,0,0.000000,enabled
1782984464.035,2026-07-02 09:27:44.037,adaptive_hash_searches_btree,554718078,554718078,271841.235431,enabled
1782984464.035,2026-07-02 09:27:44.037,buffer_data_reads,1000809302528,1000809302528,490449640.583489,enabled
1782984464.035,2026-07-02 09:27:44.037,buffer_data_written,499753188864,499753188864,244905568.931645,enabled
1782984464.035,2026-07-02 09:27:44.037,buffer_pages0_read,7,7,0.003430,enabled
1782984464.035,2026-07-02 09:27:44.037,buffer_pages_created,1804408,1804408,884.255634,enabled
1782984464.035,2026-07-02 09:27:44.037,buffer_pages_read,61256785,61256785,30019.073747,enabled
1782984464.035,2026-07-02 09:27:44.037,buffer_pages_written,21337580,21337580,10456.546001,enabled
1782984464.035,2026-07-02 09:27:44.037,buffer_pool_bytes_data,12851904512,12851904512,0.000000,enabled
1782984464.035,2026-07-02 09:27:44.037,buffer_pool_bytes_dirty,4676747264,4676747264,0.000000,enabled
1782984464.035,2026-07-02 09:27:44.037,buffer_pool_pages_data,784418,784418,0.000000,enabled
1782984464.035,2026-07-02 09:27:44.037,buffer_pool_pages_dirty,285446,285446,0.000000,enabled
1782984464.035,2026-07-02 09:27:44.037,buffer_pool_pages_flushed,21280466,21280466,0.000000,enabled
1782984464.035,2026-07-02 09:27:44.037,buffer_pool_pages_free,1918,1918,0.000000,enabled
1782984464.035,2026-07-02 09:27:44.037,buffer_pool_pages_lru_flushed,0,0,0.000000,enabled
1782984464.035,2026-07-02 09:27:44.037,buffer_pool_pages_misc,96,96,0.000000,enabled
1782984464.035,2026-07-02 09:27:44.037,buffer_pool_pages_total,786432,786432,0.000000,enabled
1782984464.035,2026-07-02 09:27:44.037,buffer_pool_reads,60374381,60374381,29586.650193,enabled
1782984464.035,2026-07-02 09:27:44.037,buffer_pool_read_ahead,803715,803715,393.862991,enabled
1782984464.035,2026-07-02 09:27:44.037,buffer_pool_read_ahead_evicted,25,25,0.012251,enabled
1782984464.035,2026-07-02 09:27:44.037,buffer_pool_read_requests,2665786710,2665786710,1306376.927604,enabled
1782984464.035,2026-07-02 09:27:44.037,buffer_pool_size,12884901888,12884901888,0.000000,enabled
1782984464.035,2026-07-02 09:27:44.037,buffer_pool_wait_free,18945,18945,9.284055,enabled
1782984464.035,2026-07-02 09:27:44.037,buffer_pool_write_requests,576178820,576178820,282358.192058,enabled
1782984464.035,2026-07-02 09:27:44.037,dml_deletes,11892976,11892976,5828.187871,enabled
1782984464.035,2026-07-02 09:27:44.037,dml_inserts,111778379,111778379,54777.323481,enabled
1782984464.035,2026-07-02 09:27:44.037,dml_system_deletes,468,468,0.229345,enabled
1782984464.035,2026-07-02 09:27:44.037,dml_system_inserts,1202,1202,0.589044,enabled
1782984464.035,2026-07-02 09:27:44.037,dml_system_reads,7661,7661,3.754296,enabled
1782984464.035,2026-07-02 09:27:44.037,dml_system_updates,620,620,0.303833,enabled
1782984464.035,2026-07-02 09:27:44.037,dml_updates,23786074,23786074,11656.435518,enabled
1782984464.035,2026-07-02 09:27:44.037,file_num_open_files,35,35,0.000000,enabled
1782984464.035,2026-07-02 09:27:44.037,ibuf_merges,0,0,0.000000,enabled
1782984464.035,2026-07-02 09:27:44.037,ibuf_merges_delete,0,0,0.000000,enabled
1782984464.035,2026-07-02 09:27:44.037,ibuf_merges_delete_mark,0,0,0.000000,enabled
1782984464.035,2026-07-02 09:27:44.037,ibuf_merges_discard_delete,0,0,0.000000,enabled
1782984464.035,2026-07-02 09:27:44.037,ibuf_merges_discard_delete_mark,0,0,0.000000,enabled
1782984464.035,2026-07-02 09:27:44.037,ibuf_merges_discard_insert,0,0,0.000000,enabled
1782984464.035,2026-07-02 09:27:44.037,ibuf_merges_insert,0,0,0.000000,enabled
1782984464.035,2026-07-02 09:27:44.037,ibuf_size,1,1,0.000490,enabled
1782984464.035,2026-07-02 09:27:44.037,innodb_activity_count,16572427,16572427,8121.366763,enabled
1782984464.035,2026-07-02 09:27:44.037,innodb_dblwr_pages_written,21278607,21278607,10427.644069,enabled
1782984464.035,2026-07-02 09:27:44.037,innodb_dblwr_writes,428769,428769,210.119512,enabled
1782984464.035,2026-07-02 09:27:44.037,innodb_page_size,16384,16384,0.000000,enabled
1782984464.035,2026-07-02 09:27:44.037,innodb_rwlock_sx_os_waits,0,0,0.000000,enabled
1782984464.035,2026-07-02 09:27:44.037,innodb_rwlock_sx_spin_rounds,0,0,0.000000,enabled
1782984464.035,2026-07-02 09:27:44.037,innodb_rwlock_sx_spin_waits,0,0,0.000000,enabled
1782984464.035,2026-07-02 09:27:44.037,innodb_rwlock_s_os_waits,0,0,0.000000,enabled
1782984464.035,2026-07-02 09:27:44.037,innodb_rwlock_s_spin_rounds,0,0,0.000000,enabled
1782984464.035,2026-07-02 09:27:44.037,innodb_rwlock_s_spin_waits,0,0,0.000000,enabled
1782984464.035,2026-07-02 09:27:44.037,innodb_rwlock_x_os_waits,0,0,0.000000,enabled
1782984464.035,2026-07-02 09:27:44.037,innodb_rwlock_x_spin_rounds,0,0,0.000000,enabled
1782984464.035,2026-07-02 09:27:44.037,innodb_rwlock_x_spin_waits,0,0,0.000000,enabled
1782984464.035,2026-07-02 09:27:44.037,lock_deadlocks,0,0,0.000000,enabled
1782984464.035,2026-07-02 09:27:44.037,lock_deadlock_false_positives,0,0,0.000000,enabled
1782984464.035,2026-07-02 09:27:44.037,lock_deadlock_rounds,2277,2277,1.115851,enabled
1782984464.035,2026-07-02 09:27:44.037,lock_rec_grant_attempts,425,425,0.208273,enabled
1782984464.035,2026-07-02 09:27:44.037,lock_rec_release_attempts,36147118,36147118,17714.006050,enabled
1782984464.035,2026-07-02 09:27:44.037,lock_row_lock_current_waits,0,0,0.000000,enabled
1782984464.035,2026-07-02 09:27:44.037,lock_row_lock_time,323,323,0.158287,enabled
1782984464.035,2026-07-02 09:27:44.037,lock_row_lock_time_avg,0,0,0.000000,enabled
1782984464.035,2026-07-02 09:27:44.037,lock_row_lock_time_max,29,29,0.000000,enabled
1782984464.035,2026-07-02 09:27:44.037,lock_row_lock_waits,425,425,0.208273,enabled
1782984464.035,2026-07-02 09:27:44.037,lock_schedule_refreshes,2277,2277,1.115851,enabled
1782984464.035,2026-07-02 09:27:44.037,lock_threads_waiting,0,0,0.000000,enabled
1782984464.035,2026-07-02 09:27:44.037,lock_timeouts,0,0,0.000000,enabled
1782984464.035,2026-07-02 09:27:44.037,log_waits,0,0,0.000000,enabled
1782984464.035,2026-07-02 09:27:44.037,log_writes,179228634,179228634,87831.526482,enabled
1782984464.035,2026-07-02 09:27:44.037,log_write_requests,386877149,386877149,189590.300535,enabled
1782984464.035,2026-07-02 09:27:44.037,os_data_fsyncs,46550312,46550312,22812.120198,enabled
1782984464.035,2026-07-02 09:27:44.037,os_data_reads,61385053,61385053,30081.929646,enabled
1782984464.035,2026-07-02 09:27:44.037,os_data_writes,201283984,201283984,98639.820973,enabled
1782984464.035,2026-07-02 09:27:44.037,os_log_bytes_written,116128982528,116128982528,56909356.521563,enabled
1782984464.035,2026-07-02 09:27:44.037,os_log_fsyncs,40907677,40907677,20046.929905,enabled
1782984464.035,2026-07-02 09:27:44.037,os_log_pending_fsyncs,1,1,0.000490,enabled
1782984464.035,2026-07-02 09:27:44.037,os_log_pending_writes,0,0,0.000000,enabled
1782984464.035,2026-07-02 09:27:44.037,trx_rseg_history_len,744,744,0.000000,enabled
1782984465.108,2026-07-02 09:27:45.109,adaptive_hash_searches,0,0,0.000000,enabled
1782984465.108,2026-07-02 09:27:45.109,adaptive_hash_searches_btree,554890036,554890036,271782.926831,enabled
1782984465.108,2026-07-02 09:27:45.109,buffer_data_reads,1001760033280,1001760033280,490658149.740302,enabled
1782984465.108,2026-07-02 09:27:45.109,buffer_data_written,500066466816,500066466816,244930601.110917,enabled
1782984465.108,2026-07-02 09:27:45.109,buffer_pages0_read,7,7,0.003429,enabled
1782984465.108,2026-07-02 09:27:45.109,buffer_pages_created,1804440,1804440,883.807670,enabled
1782984465.108,2026-07-02 09:27:45.109,buffer_pages_read,61314999,61314999,30031.846988,enabled
1782984465.108,2026-07-02 09:27:45.109,buffer_pages_written,21353730,21353730,10458.973580,enabled
1782984465.108,2026-07-02 09:27:45.109,buffer_pool_bytes_data,12851888128,12851888128,0.000000,enabled
1782984465.108,2026-07-02 09:27:45.109,buffer_pool_bytes_dirty,4682481664,4682481664,0.000000,enabled
1782984465.108,2026-07-02 09:27:45.109,buffer_pool_pages_data,784417,784417,0.000000,enabled
1782984465.108,2026-07-02 09:27:45.109,buffer_pool_pages_dirty,285794,285794,0.000000,enabled
1782984465.108,2026-07-02 09:27:45.109,buffer_pool_pages_flushed,21296636,21296636,0.000000,enabled
1782984465.108,2026-07-02 09:27:45.109,buffer_pool_pages_free,1918,1918,0.000000,enabled
1782984465.108,2026-07-02 09:27:45.109,buffer_pool_pages_lru_flushed,0,0,0.000000,enabled
1782984465.108,2026-07-02 09:27:45.109,buffer_pool_pages_misc,96,96,0.000000,enabled
1782984465.108,2026-07-02 09:27:45.109,buffer_pool_pages_total,786432,786432,0.000000,enabled
1782984465.108,2026-07-02 09:27:45.109,buffer_pool_reads,60432542,60432542,29599.624287,enabled
1782984465.108,2026-07-02 09:27:45.109,buffer_pool_read_ahead,803715,803715,393.656480,enabled
1782984465.108,2026-07-02 09:27:45.109,buffer_pool_read_ahead_evicted,25,25,0.012245,enabled
1782984465.108,2026-07-02 09:27:45.109,buffer_pool_read_requests,2666638925,2666638925,1306109.377448,enabled
1782984465.108,2026-07-02 09:27:45.109,buffer_pool_size,12884901888,12884901888,0.000000,enabled
1782984465.108,2026-07-02 09:27:45.109,buffer_pool_wait_free,18945,18945,9.279187,enabled
1782984465.108,2026-07-02 09:27:45.109,buffer_pool_write_requests,576295188,576295188,282267.142150,enabled
1782984465.108,2026-07-02 09:27:45.109,dml_deletes,11897940,11897940,5827.563387,enabled
1782984465.108,2026-07-02 09:27:45.109,dml_inserts,111783343,111783343,54751.034002,enabled
1782984465.108,2026-07-02 09:27:45.109,dml_system_deletes,468,468,0.229225,enabled
1782984465.108,2026-07-02 09:27:45.109,dml_system_inserts,1202,1202,0.588735,enabled
1782984465.108,2026-07-02 09:27:45.109,dml_system_reads,7661,7661,3.752327,enabled
1782984465.108,2026-07-02 09:27:45.109,dml_system_updates,620,620,0.303674,enabled
1782984465.108,2026-07-02 09:27:45.109,dml_updates,23796003,23796003,11655.187009,enabled
1782984465.108,2026-07-02 09:27:45.109,file_num_open_files,35,35,0.000000,enabled
1782984465.108,2026-07-02 09:27:45.109,ibuf_merges,0,0,0.000000,enabled
1782984465.108,2026-07-02 09:27:45.109,ibuf_merges_delete,0,0,0.000000,enabled
1782984465.108,2026-07-02 09:27:45.109,ibuf_merges_delete_mark,0,0,0.000000,enabled
1782984465.108,2026-07-02 09:27:45.109,ibuf_merges_discard_delete,0,0,0.000000,enabled
1782984465.108,2026-07-02 09:27:45.109,ibuf_merges_discard_delete_mark,0,0,0.000000,enabled
1782984465.108,2026-07-02 09:27:45.109,ibuf_merges_discard_insert,0,0,0.000000,enabled
1782984465.108,2026-07-02 09:27:45.109,ibuf_merges_insert,0,0,0.000000,enabled
1782984465.108,2026-07-02 09:27:45.109,ibuf_size,1,1,0.000490,enabled
1782984465.108,2026-07-02 09:27:45.109,innodb_activity_count,16578134,16578134,8119.903810,enabled
1782984465.108,2026-07-02 09:27:45.109,innodb_dblwr_pages_written,21294747,21294747,10430.081942,enabled
1782984465.108,2026-07-02 09:27:45.109,innodb_dblwr_writes,429151,429151,210.196444,enabled
1782984465.108,2026-07-02 09:27:45.109,innodb_page_size,16384,16384,0.000000,enabled
1782984465.108,2026-07-02 09:27:45.109,innodb_rwlock_sx_os_waits,0,0,0.000000,enabled
1782984465.108,2026-07-02 09:27:45.109,innodb_rwlock_sx_spin_rounds,0,0,0.000000,enabled
1782984465.108,2026-07-02 09:27:45.109,innodb_rwlock_sx_spin_waits,0,0,0.000000,enabled
1782984465.108,2026-07-02 09:27:45.109,innodb_rwlock_s_os_waits,0,0,0.000000,enabled
1782984465.108,2026-07-02 09:27:45.109,innodb_rwlock_s_spin_rounds,0,0,0.000000,enabled
1782984465.108,2026-07-02 09:27:45.109,innodb_rwlock_s_spin_waits,0,0,0.000000,enabled
1782984465.108,2026-07-02 09:27:45.109,innodb_rwlock_x_os_waits,0,0,0.000000,enabled
1782984465.108,2026-07-02 09:27:45.109,innodb_rwlock_x_spin_rounds,0,0,0.000000,enabled
1782984465.108,2026-07-02 09:27:45.109,innodb_rwlock_x_spin_waits,0,0,0.000000,enabled
1782984465.108,2026-07-02 09:27:45.109,lock_deadlocks,0,0,0.000000,enabled
1782984465.108,2026-07-02 09:27:45.109,lock_deadlock_false_positives,0,0,0.000000,enabled
1782984465.108,2026-07-02 09:27:45.109,lock_deadlock_rounds,2278,2278,1.115756,enabled
1782984465.108,2026-07-02 09:27:45.109,lock_rec_grant_attempts,425,425,0.208163,enabled
1782984465.108,2026-07-02 09:27:45.109,lock_rec_release_attempts,36162192,36162192,17712.101455,enabled
1782984465.108,2026-07-02 09:27:45.109,lock_row_lock_current_waits,0,0,0.000000,enabled
1782984465.108,2026-07-02 09:27:45.109,lock_row_lock_time,323,323,0.158204,enabled
1782984465.108,2026-07-02 09:27:45.109,lock_row_lock_time_avg,0,0,0.000000,enabled
1782984465.108,2026-07-02 09:27:45.109,lock_row_lock_time_max,29,29,0.000000,enabled
1782984465.108,2026-07-02 09:27:45.109,lock_row_lock_waits,425,425,0.208163,enabled
1782984465.108,2026-07-02 09:27:45.109,lock_schedule_refreshes,2278,2278,1.115756,enabled
1782984465.108,2026-07-02 09:27:45.109,lock_threads_waiting,0,0,0.000000,enabled
1782984465.108,2026-07-02 09:27:45.109,lock_timeouts,0,0,0.000000,enabled
1782984465.108,2026-07-02 09:27:45.109,log_waits,0,0,0.000000,enabled
1782984465.108,2026-07-02 09:27:45.109,log_writes,179309417,179309417,87825.041185,enabled
1782984465.108,2026-07-02 09:27:45.109,log_write_requests,386961444,386961444,189532.180490,enabled
1782984465.108,2026-07-02 09:27:45.109,os_data_fsyncs,46585304,46585304,22817.297993,enabled
1782984465.108,2026-07-02 09:27:45.109,os_data_reads,61443127,61443127,30094.601098,enabled
1782984465.108,2026-07-02 09:27:45.109,os_data_writes,201381193,201381193,98635.713414,enabled
1782984465.108,2026-07-02 09:27:45.109,os_log_bytes_written,116171390464,116171390464,56900288.283137,enabled
1782984465.108,2026-07-02 09:27:45.109,os_log_fsyncs,40937487,40937487,20051.019449,enabled
1782984465.108,2026-07-02 09:27:45.109,os_log_pending_fsyncs,1,1,0.000490,enabled
1782984465.108,2026-07-02 09:27:45.109,os_log_pending_writes,1,1,0.000490,enabled
1782984465.108,2026-07-02 09:27:45.109,trx_rseg_history_len,841,841,0.000000,enabled
1782984466.178,2026-07-02 09:27:46.179,adaptive_hash_searches,0,0,0.000000,enabled
1782984466.178,2026-07-02 09:27:46.179,adaptive_hash_searches_btree,555062071,555062071,271724.617121,enabled
1782984466.178,2026-07-02 09:27:46.179,buffer_data_reads,1002709944832,1002709944832,490865856.075733,enabled
1782984466.178,2026-07-02 09:27:46.179,buffer_data_written,500384376320,500384376320,244957782.924608,enabled
1782984466.178,2026-07-02 09:27:46.179,buffer_pages0_read,7,7,0.003427,enabled
1782984466.178,2026-07-02 09:27:46.179,buffer_pages_created,1804480,1804480,883.363762,enabled
1782984466.178,2026-07-02 09:27:46.179,buffer_pages_read,61373148,61373148,30044.563800,enabled
1782984466.178,2026-07-02 09:27:46.179,buffer_pages_written,21370143,21370143,10461.523455,enabled
1782984466.178,2026-07-02 09:27:46.179,buffer_pool_bytes_data,12851970048,12851970048,0.000000,enabled
1782984466.178,2026-07-02 09:27:46.179,buffer_pool_bytes_dirty,4685168640,4685168640,0.000000,enabled
1782984466.178,2026-07-02 09:27:46.179,buffer_pool_pages_data,784422,784422,0.000000,enabled
1782984466.178,2026-07-02 09:27:46.179,buffer_pool_pages_dirty,285960,285960,0.000000,enabled
1782984466.178,2026-07-02 09:27:46.179,buffer_pool_pages_flushed,21313070,21313070,0.000000,enabled
1782984466.178,2026-07-02 09:27:46.179,buffer_pool_pages_free,1914,1914,0.000000,enabled
1782984466.178,2026-07-02 09:27:46.179,buffer_pool_pages_lru_flushed,0,0,0.000000,enabled
1782984466.178,2026-07-02 09:27:46.179,buffer_pool_pages_misc,96,96,0.000000,enabled
1782984466.178,2026-07-02 09:27:46.179,buffer_pool_pages_total,786432,786432,0.000000,enabled
1782984466.178,2026-07-02 09:27:46.179,buffer_pool_reads,60490639,60490639,29612.542235,enabled
1782984466.178,2026-07-02 09:27:46.179,buffer_pool_read_ahead,803715,803715,393.450036,enabled
1782984466.178,2026-07-02 09:27:46.179,buffer_pool_read_ahead_evicted,25,25,0.012238,enabled
1782984466.178,2026-07-02 09:27:46.179,buffer_pool_read_requests,2667491005,2667491005,1305841.545478,enabled
1782984466.178,2026-07-02 09:27:46.179,buffer_pool_size,12884901888,12884901888,0.000000,enabled
1782984466.178,2026-07-02 09:27:46.179,buffer_pool_wait_free,18945,18945,9.274321,enabled
1782984466.178,2026-07-02 09:27:46.179,buffer_pool_write_requests,576411628,576411628,282176.115697,enabled
1782984466.178,2026-07-02 09:27:46.179,dml_deletes,11902901,11902901,5826.935885,enabled
1782984466.178,2026-07-02 09:27:46.179,dml_inserts,111788302,111788302,54724.748966,enabled
1782984466.178,2026-07-02 09:27:46.179,dml_system_deletes,468,468,0.229104,enabled
1782984466.178,2026-07-02 09:27:46.179,dml_system_inserts,1202,1202,0.588426,enabled
1782984466.178,2026-07-02 09:27:46.179,dml_system_reads,7661,7661,3.750359,enabled
1782984466.178,2026-07-02 09:27:46.179,dml_system_updates,620,620,0.303514,enabled
1782984466.178,2026-07-02 09:27:46.179,dml_updates,23805922,23805922,11653.930503,enabled
1782984466.178,2026-07-02 09:27:46.179,file_num_open_files,35,35,0.000000,enabled
1782984466.178,2026-07-02 09:27:46.179,ibuf_merges,0,0,0.000000,enabled
1782984466.178,2026-07-02 09:27:46.179,ibuf_merges_delete,0,0,0.000000,enabled
1782984466.178,2026-07-02 09:27:46.179,ibuf_merges_delete_mark,0,0,0.000000,enabled
1782984466.178,2026-07-02 09:27:46.179,ibuf_merges_discard_delete,0,0,0.000000,enabled
1782984466.178,2026-07-02 09:27:46.179,ibuf_merges_discard_delete_mark,0,0,0.000000,enabled
1782984466.178,2026-07-02 09:27:46.179,ibuf_merges_discard_insert,0,0,0.000000,enabled
1782984466.178,2026-07-02 09:27:46.179,ibuf_merges_insert,0,0,0.000000,enabled
1782984466.178,2026-07-02 09:27:46.179,ibuf_size,1,1,0.000490,enabled
1782984466.178,2026-07-02 09:27:46.179,innodb_activity_count,16583836,16583836,8118.436935,enabled
1782984466.178,2026-07-02 09:27:46.179,innodb_dblwr_pages_written,21311148,21311148,10432.641129,enabled
1782984466.178,2026-07-02 09:27:46.179,innodb_dblwr_writes,429528,429528,210.270769,enabled
1782984466.178,2026-07-02 09:27:46.179,innodb_page_size,16384,16384,0.000000,enabled
1782984466.178,2026-07-02 09:27:46.179,innodb_rwlock_sx_os_waits,0,0,0.000000,enabled
1782984466.178,2026-07-02 09:27:46.179,innodb_rwlock_sx_spin_rounds,0,0,0.000000,enabled
1782984466.178,2026-07-02 09:27:46.179,innodb_rwlock_sx_spin_waits,0,0,0.000000,enabled
1782984466.178,2026-07-02 09:27:46.179,innodb_rwlock_s_os_waits,0,0,0.000000,enabled
1782984466.178,2026-07-02 09:27:46.179,innodb_rwlock_s_spin_rounds,0,0,0.000000,enabled
1782984466.178,2026-07-02 09:27:46.179,innodb_rwlock_s_spin_waits,0,0,0.000000,enabled
1782984466.178,2026-07-02 09:27:46.179,innodb_rwlock_x_os_waits,0,0,0.000000,enabled
1782984466.178,2026-07-02 09:27:46.179,innodb_rwlock_x_spin_rounds,0,0,0.000000,enabled
1782984466.178,2026-07-02 09:27:46.179,innodb_rwlock_x_spin_waits,0,0,0.000000,enabled
1782984466.178,2026-07-02 09:27:46.179,lock_deadlocks,0,0,0.000000,enabled
1782984466.178,2026-07-02 09:27:46.179,lock_deadlock_false_positives,0,0,0.000000,enabled
1782984466.178,2026-07-02 09:27:46.179,lock_deadlock_rounds,2280,2280,1.116150,enabled
1782984466.178,2026-07-02 09:27:46.179,lock_rec_grant_attempts,425,425,0.208054,enabled
1782984466.178,2026-07-02 09:27:46.179,lock_rec_release_attempts,36177269,36177269,17710.193488,enabled
1782984466.178,2026-07-02 09:27:46.179,lock_row_lock_current_waits,0,0,0.000000,enabled
1782984466.178,2026-07-02 09:27:46.179,lock_row_lock_time,323,323,0.158121,enabled
1782984466.178,2026-07-02 09:27:46.179,lock_row_lock_time_avg,0,0,0.000000,enabled
1782984466.178,2026-07-02 09:27:46.179,lock_row_lock_time_max,29,29,0.000000,enabled
1782984466.178,2026-07-02 09:27:46.179,lock_row_lock_waits,425,425,0.208054,enabled
1782984466.178,2026-07-02 09:27:46.179,lock_schedule_refreshes,2280,2280,1.116149,enabled
1782984466.178,2026-07-02 09:27:46.179,lock_threads_waiting,0,0,0.000000,enabled
1782984466.178,2026-07-02 09:27:46.179,lock_timeouts,0,0,0.000000,enabled
1782984466.178,2026-07-02 09:27:46.179,log_waits,0,0,0.000000,enabled
1782984466.178,2026-07-02 09:27:46.179,log_writes,179390933,179390933,87818.889408,enabled
1782984466.178,2026-07-02 09:27:46.179,log_write_requests,387045636,387045636,189474.001654,enabled
1782984466.178,2026-07-02 09:27:46.179,os_data_fsyncs,46620768,46620768,22822.693201,enabled
1782984466.178,2026-07-02 09:27:46.179,os_data_reads,61501109,61501109,30107.203395,enabled
1782984466.178,2026-07-02 09:27:46.179,os_data_writes,201479408,201479408,98632.067129,enabled
1782984466.178,2026-07-02 09:27:46.179,os_log_bytes_written,116214055424,116214055424,56891334.921023,enabled
1782984466.178,2026-07-02 09:27:46.179,os_log_fsyncs,40967738,40967738,20055.313385,enabled
1782984466.178,2026-07-02 09:27:46.179,os_log_pending_fsyncs,1,1,0.000490,enabled
1782984466.178,2026-07-02 09:27:46.179,os_log_pending_writes,0,0,0.000000,enabled
1782984466.178,2026-07-02 09:27:46.179,trx_rseg_history_len,996,996,0.000000,enabled
1782984467.249,2026-07-02 09:27:47.251,adaptive_hash_searches,0,0,0.000000,enabled
1782984467.249,2026-07-02 09:27:47.251,adaptive_hash_searches_btree,555232339,555232339,271665.687909,enabled
1782984467.249,2026-07-02 09:27:47.251,buffer_data_reads,1003652925952,1003652925952,491070274.581049,enabled
1782984467.249,2026-07-02 09:27:47.251,buffer_data_written,500698544640,500698544640,244983265.858145,enabled
1782984467.249,2026-07-02 09:27:47.251,buffer_pages0_read,7,7,0.003425,enabled
1782984467.249,2026-07-02 09:27:47.251,buffer_pages_created,1804515,1804515,882.918449,enabled
1782984467.249,2026-07-02 09:27:47.251,buffer_pages_read,61430871,61430871,30057.078463,enabled
1782984467.249,2026-07-02 09:27:47.251,buffer_pages_written,21386378,21386378,10463.990394,enabled
1782984467.249,2026-07-02 09:27:47.251,buffer_pool_bytes_data,12852805632,12852805632,0.000000,enabled
1782984467.249,2026-07-02 09:27:47.251,buffer_pool_bytes_dirty,4686462976,4686462976,0.000000,enabled
1782984467.249,2026-07-02 09:27:47.251,buffer_pool_pages_data,784473,784473,0.000000,enabled
1782984467.249,2026-07-02 09:27:47.251,buffer_pool_pages_dirty,286039,286039,0.000000,enabled
1782984467.249,2026-07-02 09:27:47.251,buffer_pool_pages_flushed,21329308,21329308,0.000000,enabled
1782984467.249,2026-07-02 09:27:47.251,buffer_pool_pages_free,1863,1863,0.000000,enabled
1782984467.249,2026-07-02 09:27:47.251,buffer_pool_pages_lru_flushed,0,0,0.000000,enabled
1782984467.249,2026-07-02 09:27:47.251,buffer_pool_pages_misc,96,96,0.000000,enabled
1782984467.249,2026-07-02 09:27:47.251,buffer_pool_pages_total,786432,786432,0.000000,enabled
1782984467.249,2026-07-02 09:27:47.251,buffer_pool_reads,60548302,60548302,29625.253590,enabled
1782984467.249,2026-07-02 09:27:47.251,buffer_pool_read_ahead,803715,803715,393.244065,enabled
1782984467.249,2026-07-02 09:27:47.251,buffer_pool_read_ahead_evicted,25,25,0.012232,enabled
1782984467.249,2026-07-02 09:27:47.251,buffer_pool_read_requests,2668333953,2668333953,1305570.378302,enabled
1782984467.249,2026-07-02 09:27:47.251,buffer_pool_size,12884901888,12884901888,0.000000,enabled
1782984467.249,2026-07-02 09:27:47.251,buffer_pool_wait_free,18945,18945,9.269466,enabled
1782984467.249,2026-07-02 09:27:47.251,buffer_pool_write_requests,576526350,576526350,282084.528173,enabled
1782984467.249,2026-07-02 09:27:47.251,dml_deletes,11907823,11907823,5826.293975,enabled
1782984467.249,2026-07-02 09:27:47.251,dml_inserts,111793226,111793226,54698.512058,enabled
1782984467.249,2026-07-02 09:27:47.251,dml_system_deletes,468,468,0.228984,enabled
1782984467.249,2026-07-02 09:27:47.251,dml_system_inserts,1202,1202,0.588118,enabled
1782984467.249,2026-07-02 09:27:47.251,dml_system_reads,7661,7661,3.748396,enabled
1782984467.249,2026-07-02 09:27:47.251,dml_system_updates,620,620,0.303355,enabled
1782984467.249,2026-07-02 09:27:47.251,dml_updates,23815763,23815763,11652.645184,enabled
1782984467.249,2026-07-02 09:27:47.251,file_num_open_files,35,35,0.000000,enabled
1782984467.249,2026-07-02 09:27:47.251,ibuf_merges,0,0,0.000000,enabled
1782984467.249,2026-07-02 09:27:47.251,ibuf_merges_delete,0,0,0.000000,enabled
1782984467.249,2026-07-02 09:27:47.251,ibuf_merges_delete_mark,0,0,0.000000,enabled
1782984467.249,2026-07-02 09:27:47.251,ibuf_merges_discard_delete,0,0,0.000000,enabled
1782984467.249,2026-07-02 09:27:47.251,ibuf_merges_discard_delete_mark,0,0,0.000000,enabled
1782984467.249,2026-07-02 09:27:47.251,ibuf_merges_discard_insert,0,0,0.000000,enabled
1782984467.249,2026-07-02 09:27:47.251,ibuf_merges_insert,0,0,0.000000,enabled
1782984467.249,2026-07-02 09:27:47.251,ibuf_size,1,1,0.000489,enabled
1782984467.249,2026-07-02 09:27:47.251,innodb_activity_count,16589493,16589493,8116.955112,enabled
1782984467.249,2026-07-02 09:27:47.251,innodb_dblwr_pages_written,21327386,21327386,10435.125023,enabled
1782984467.249,2026-07-02 09:27:47.251,innodb_dblwr_writes,429874,429874,210.329993,enabled
1782984467.249,2026-07-02 09:27:47.251,innodb_page_size,16384,16384,0.000000,enabled
1782984467.249,2026-07-02 09:27:47.251,innodb_rwlock_sx_os_waits,0,0,0.000000,enabled
1782984467.249,2026-07-02 09:27:47.251,innodb_rwlock_sx_spin_rounds,0,0,0.000000,enabled
1782984467.249,2026-07-02 09:27:47.251,innodb_rwlock_sx_spin_waits,0,0,0.000000,enabled
1782984467.249,2026-07-02 09:27:47.251,innodb_rwlock_s_os_waits,0,0,0.000000,enabled
1782984467.249,2026-07-02 09:27:47.251,innodb_rwlock_s_spin_rounds,0,0,0.000000,enabled
1782984467.249,2026-07-02 09:27:47.251,innodb_rwlock_s_spin_waits,0,0,0.000000,enabled
1782984467.249,2026-07-02 09:27:47.251,innodb_rwlock_x_os_waits,0,0,0.000000,enabled
1782984467.249,2026-07-02 09:27:47.251,innodb_rwlock_x_spin_rounds,0,0,0.000000,enabled
1782984467.249,2026-07-02 09:27:47.251,innodb_rwlock_x_spin_waits,0,0,0.000000,enabled
1782984467.249,2026-07-02 09:27:47.251,lock_deadlocks,0,0,0.000000,enabled
1782984467.249,2026-07-02 09:27:47.251,lock_deadlock_false_positives,0,0,0.000000,enabled
1782984467.249,2026-07-02 09:27:47.251,lock_deadlock_rounds,2281,2281,1.116054,enabled
1782984467.249,2026-07-02 09:27:47.251,lock_rec_grant_attempts,425,425,0.207945,enabled
1782984467.249,2026-07-02 09:27:47.251,lock_rec_release_attempts,36192247,36192247,17708.250676,enabled
1782984467.249,2026-07-02 09:27:47.251,lock_row_lock_current_waits,0,0,0.000000,enabled
1782984467.249,2026-07-02 09:27:47.251,lock_row_lock_time,323,323,0.158038,enabled
1782984467.249,2026-07-02 09:27:47.251,lock_row_lock_time_avg,0,0,0.000000,enabled
1782984467.249,2026-07-02 09:27:47.251,lock_row_lock_time_max,29,29,0.000000,enabled
1782984467.249,2026-07-02 09:27:47.251,lock_row_lock_waits,425,425,0.207945,enabled
1782984467.249,2026-07-02 09:27:47.251,lock_schedule_refreshes,2281,2281,1.116054,enabled
1782984467.249,2026-07-02 09:27:47.251,lock_threads_waiting,0,0,0.000000,enabled
1782984467.249,2026-07-02 09:27:47.251,lock_timeouts,0,0,0.000000,enabled
1782984467.249,2026-07-02 09:27:47.251,log_waits,0,0,0.000000,enabled
1782984467.249,2026-07-02 09:27:47.251,log_writes,179471491,179471491,87812.334117,enabled
1782984467.249,2026-07-02 09:27:47.251,log_write_requests,387129174,387129174,189415.690551,enabled
1782984467.249,2026-07-02 09:27:47.251,os_data_fsyncs,46655421,46655421,22827.701110,enabled
1782984467.249,2026-07-02 09:27:47.251,os_data_reads,61558654,61558654,30119.598674,enabled
1782984467.249,2026-07-02 09:27:47.251,os_data_writes,201576455,201576455,98627.918693,enabled
1782984467.249,2026-07-02 09:27:47.251,os_log_bytes_written,116256215040,116256215040,56882181.470750,enabled
1782984467.249,2026-07-02 09:27:47.251,os_log_fsyncs,40997543,40997543,20059.397922,enabled
1782984467.249,2026-07-02 09:27:47.251,os_log_pending_fsyncs,1,1,0.000489,enabled
1782984467.249,2026-07-02 09:27:47.251,os_log_pending_writes,0,0,0.000000,enabled
1782984467.249,2026-07-02 09:27:47.251,trx_rseg_history_len,1093,1093,0.000000,enabled
1782984468.319,2026-07-02 09:27:48.320,adaptive_hash_searches,0,0,0.000000,enabled
1782984468.319,2026-07-02 09:27:48.320,adaptive_hash_searches_btree,555403852,555403852,271607.354099,enabled
1782984468.319,2026-07-02 09:27:48.320,buffer_data_reads,1004594465280,1004594465280,491273653.550815,enabled
1782984468.319,2026-07-02 09:27:48.320,buffer_data_written,501012837888,501012837888,245008723.054782,enabled
1782984468.319,2026-07-02 09:27:48.320,buffer_pages0_read,7,7,0.003423,enabled
1782984468.319,2026-07-02 09:27:48.320,buffer_pages_created,1804559,1804559,882.477787,enabled
1782984468.319,2026-07-02 09:27:48.320,buffer_pages_read,61488513,61488513,30069.533066,enabled
1782984468.319,2026-07-02 09:27:48.320,buffer_pages_written,21402583,21402583,10466.437518,enabled
1782984468.319,2026-07-02 09:27:48.320,buffer_pool_bytes_data,12849954816,12849954816,0.000000,enabled
1782984468.319,2026-07-02 09:27:48.320,buffer_pool_bytes_dirty,4688756736,4688756736,0.000000,enabled
1782984468.319,2026-07-02 09:27:48.320,buffer_pool_pages_data,784299,784299,0.000000,enabled
1782984468.319,2026-07-02 09:27:48.320,buffer_pool_pages_dirty,286179,286179,0.000000,enabled
1782984468.319,2026-07-02 09:27:48.320,buffer_pool_pages_flushed,21345513,21345513,0.000000,enabled
1782984468.319,2026-07-02 09:27:48.320,buffer_pool_pages_free,2035,2035,0.000000,enabled
1782984468.319,2026-07-02 09:27:48.320,buffer_pool_pages_lru_flushed,0,0,0.000000,enabled
1782984468.319,2026-07-02 09:27:48.320,buffer_pool_pages_misc,96,96,0.000000,enabled
1782984468.319,2026-07-02 09:27:48.320,buffer_pool_pages_total,786432,786432,0.000000,enabled
1782984468.319,2026-07-02 09:27:48.320,buffer_pool_reads,60605888,60605888,29637.906974,enabled
1782984468.319,2026-07-02 09:27:48.320,buffer_pool_read_ahead,803715,803715,393.038216,enabled
1782984468.319,2026-07-02 09:27:48.320,buffer_pool_read_ahead_evicted,25,25,0.012226,enabled
1782984468.319,2026-07-02 09:27:48.320,buffer_pool_read_requests,2669183646,2669183646,1305302.482412,enabled
1782984468.319,2026-07-02 09:27:48.320,buffer_pool_size,12884901888,12884901888,0.000000,enabled
1782984468.319,2026-07-02 09:27:48.320,buffer_pool_wait_free,18945,18945,9.264614,enabled
1782984468.319,2026-07-02 09:27:48.320,buffer_pool_write_requests,576642561,576642561,281993.697511,enabled
1782984468.319,2026-07-02 09:27:48.320,dml_deletes,11912767,11912767,5825.661839,enabled
1782984468.319,2026-07-02 09:27:48.320,dml_inserts,111798169,111798169,54672.296324,enabled
1782984468.319,2026-07-02 09:27:48.320,dml_system_deletes,468,468,0.228865,enabled
1782984468.319,2026-07-02 09:27:48.320,dml_system_inserts,1202,1202,0.587810,enabled
1782984468.319,2026-07-02 09:27:48.320,dml_system_reads,7661,7661,3.746434,enabled
1782984468.319,2026-07-02 09:27:48.320,dml_system_updates,620,620,0.303197,enabled
1782984468.319,2026-07-02 09:27:48.320,dml_updates,23825657,23825657,11651.383816,enabled
1782984468.319,2026-07-02 09:27:48.320,file_num_open_files,35,35,0.000000,enabled
1782984468.319,2026-07-02 09:27:48.320,ibuf_merges,0,0,0.000000,enabled
1782984468.319,2026-07-02 09:27:48.320,ibuf_merges_delete,0,0,0.000000,enabled
1782984468.319,2026-07-02 09:27:48.320,ibuf_merges_delete_mark,0,0,0.000000,enabled
1782984468.319,2026-07-02 09:27:48.320,ibuf_merges_discard_delete,0,0,0.000000,enabled
1782984468.319,2026-07-02 09:27:48.320,ibuf_merges_discard_delete_mark,0,0,0.000000,enabled
1782984468.319,2026-07-02 09:27:48.320,ibuf_merges_discard_insert,0,0,0.000000,enabled
1782984468.319,2026-07-02 09:27:48.320,ibuf_merges_insert,0,0,0.000000,enabled
1782984468.319,2026-07-02 09:27:48.320,ibuf_size,1,1,0.000489,enabled
1782984468.319,2026-07-02 09:27:48.320,innodb_activity_count,16595170,16595170,8115.482342,enabled
1782984468.319,2026-07-02 09:27:48.320,innodb_dblwr_pages_written,21343591,21343591,10437.587241,enabled
1782984468.319,2026-07-02 09:27:48.320,innodb_dblwr_writes,430253,430253,210.405233,enabled
1782984468.319,2026-07-02 09:27:48.320,innodb_page_size,16384,16384,0.000000,enabled
1782984468.319,2026-07-02 09:27:48.320,innodb_rwlock_sx_os_waits,0,0,0.000000,enabled
1782984468.319,2026-07-02 09:27:48.320,innodb_rwlock_sx_spin_rounds,0,0,0.000000,enabled
1782984468.319,2026-07-02 09:27:48.320,innodb_rwlock_sx_spin_waits,0,0,0.000000,enabled
1782984468.319,2026-07-02 09:27:48.320,innodb_rwlock_s_os_waits,0,0,0.000000,enabled
1782984468.319,2026-07-02 09:27:48.320,innodb_rwlock_s_spin_rounds,0,0,0.000000,enabled
1782984468.319,2026-07-02 09:27:48.320,innodb_rwlock_s_spin_waits,0,0,0.000000,enabled
1782984468.319,2026-07-02 09:27:48.320,innodb_rwlock_x_os_waits,0,0,0.000000,enabled
1782984468.319,2026-07-02 09:27:48.320,innodb_rwlock_x_spin_rounds,0,0,0.000000,enabled
1782984468.319,2026-07-02 09:27:48.320,innodb_rwlock_x_spin_waits,0,0,0.000000,enabled
1782984468.319,2026-07-02 09:27:48.320,lock_deadlocks,0,0,0.000000,enabled
1782984468.319,2026-07-02 09:27:48.320,lock_deadlock_false_positives,0,0,0.000000,enabled
1782984468.319,2026-07-02 09:27:48.320,lock_deadlock_rounds,2282,2282,1.115959,enabled
1782984468.319,2026-07-02 09:27:48.320,lock_rec_grant_attempts,425,425,0.207836,enabled
1782984468.319,2026-07-02 09:27:48.320,lock_rec_release_attempts,36207270,36207270,17706.327705,enabled
1782984468.319,2026-07-02 09:27:48.320,lock_row_lock_current_waits,0,0,0.000000,enabled
1782984468.319,2026-07-02 09:27:48.320,lock_row_lock_time,323,323,0.157956,enabled
1782984468.319,2026-07-02 09:27:48.320,lock_row_lock_time_avg,0,0,0.000000,enabled
1782984468.319,2026-07-02 09:27:48.320,lock_row_lock_time_max,29,29,0.000000,enabled
1782984468.319,2026-07-02 09:27:48.320,lock_row_lock_waits,425,425,0.207836,enabled
1782984468.319,2026-07-02 09:27:48.320,lock_schedule_refreshes,2282,2282,1.115959,enabled
1782984468.319,2026-07-02 09:27:48.320,lock_threads_waiting,0,0,0.000000,enabled
1782984468.319,2026-07-02 09:27:48.320,lock_timeouts,0,0,0.000000,enabled
1782984468.319,2026-07-02 09:27:48.320,log_waits,0,0,0.000000,enabled
1782984468.319,2026-07-02 09:27:48.320,log_writes,179552703,179552703,87806.082033,enabled
1782984468.319,2026-07-02 09:27:48.320,log_write_requests,387213185,387213185,189357.621157,enabled
1782984468.319,2026-07-02 09:27:48.320,os_data_fsyncs,46690743,46690743,22833.024976,enabled
1782984468.319,2026-07-02 09:27:48.320,os_data_reads,61616147,61616147,30131.947683,enabled
1782984468.319,2026-07-02 09:27:48.320,os_data_writes,201674143,201674143,98624.062328,enabled
1782984468.319,2026-07-02 09:27:48.320,os_log_bytes_written,116298688512,116298688512,56873176.208010,enabled
1782984468.319,2026-07-02 09:27:48.320,os_log_fsyncs,41027743,41027743,20063.666108,enabled
1782984468.319,2026-07-02 09:27:48.320,os_log_pending_fsyncs,1,1,0.000489,enabled
1782984468.319,2026-07-02 09:27:48.320,os_log_pending_writes,1,1,0.000489,enabled
1782984468.319,2026-07-02 09:27:48.320,trx_rseg_history_len,1216,1216,0.000000,enabled
1782984469.390,2026-07-02 09:27:49.391,adaptive_hash_searches,0,0,0.000000,enabled
1782984469.390,2026-07-02 09:27:49.391,adaptive_hash_searches_btree,555571379,555571379,271546.987442,enabled
1782984469.390,2026-07-02 09:27:49.391,buffer_data_reads,1005523339776,1005523339776,491470364.596762,enabled
1782984469.390,2026-07-02 09:27:49.391,buffer_data_written,501374390784,501374390784,245057120.666447,enabled
1782984469.390,2026-07-02 09:27:49.391,buffer_pages0_read,7,7,0.003421,enabled
1782984469.390,2026-07-02 09:27:49.391,buffer_pages_created,1804601,1804601,882.036135,enabled
1782984469.390,2026-07-02 09:27:49.391,buffer_pages_read,61545348,61545348,30081.563992,enabled
1782984469.390,2026-07-02 09:27:49.391,buffer_pages_written,21421717,21421717,10470.308064,enabled
1782984469.390,2026-07-02 09:27:49.391,buffer_pool_bytes_data,12844466176,12844466176,0.000000,enabled
1782984469.390,2026-07-02 09:27:49.391,buffer_pool_bytes_dirty,4637802496,4637802496,0.000000,enabled
1782984469.390,2026-07-02 09:27:49.391,buffer_pool_pages_data,783964,783964,0.000000,enabled
1782984469.390,2026-07-02 09:27:49.391,buffer_pool_pages_dirty,283068,283068,0.000000,enabled
1782984469.390,2026-07-02 09:27:49.391,buffer_pool_pages_flushed,21361376,21361376,0.000000,enabled
1782984469.390,2026-07-02 09:27:49.391,buffer_pool_pages_free,2370,2370,0.000000,enabled
1782984469.390,2026-07-02 09:27:49.391,buffer_pool_pages_lru_flushed,0,0,0.000000,enabled
1782984469.390,2026-07-02 09:27:49.391,buffer_pool_pages_misc,96,96,0.000000,enabled
1782984469.390,2026-07-02 09:27:49.391,buffer_pool_pages_total,786432,786432,0.000000,enabled
1782984469.390,2026-07-02 09:27:49.391,buffer_pool_reads,60662676,60662676,29650.141145,enabled
1782984469.390,2026-07-02 09:27:49.391,buffer_pool_read_ahead,803715,803715,392.832372,enabled
1782984469.390,2026-07-02 09:27:49.391,buffer_pool_read_ahead_evicted,25,25,0.012219,enabled
1782984469.390,2026-07-02 09:27:49.391,buffer_pool_read_requests,2670013819,2670013819,1305024.627404,enabled
1782984469.390,2026-07-02 09:27:49.391,buffer_pool_size,12884901888,12884901888,0.000000,enabled
1782984469.390,2026-07-02 09:27:49.391,buffer_pool_wait_free,18945,18945,9.259762,enabled
1782984469.390,2026-07-02 09:27:49.391,buffer_pool_write_requests,576755908,576755908,281901.411092,enabled
1782984469.390,2026-07-02 09:27:49.391,dml_deletes,11917605,11917605,5824.975452,enabled
1782984469.390,2026-07-02 09:27:49.391,dml_inserts,111803007,111803007,54646.027603,enabled
1782984469.390,2026-07-02 09:27:49.391,dml_system_deletes,468,468,0.228745,enabled
1782984469.390,2026-07-02 09:27:49.391,dml_system_inserts,1202,1202,0.587502,enabled
1782984469.390,2026-07-02 09:27:49.391,dml_system_reads,7661,7661,3.744472,enabled
1782984469.390,2026-07-02 09:27:49.391,dml_system_updates,620,620,0.303038,enabled
1782984469.390,2026-07-02 09:27:49.391,dml_updates,23835328,23835328,11650.008569,enabled
1782984469.390,2026-07-02 09:27:49.391,file_num_open_files,35,35,0.000000,enabled
1782984469.390,2026-07-02 09:27:49.391,ibuf_merges,0,0,0.000000,enabled
1782984469.390,2026-07-02 09:27:49.391,ibuf_merges_delete,0,0,0.000000,enabled
1782984469.390,2026-07-02 09:27:49.391,ibuf_merges_delete_mark,0,0,0.000000,enabled
1782984469.390,2026-07-02 09:27:49.391,ibuf_merges_discard_delete,0,0,0.000000,enabled
1782984469.390,2026-07-02 09:27:49.391,ibuf_merges_discard_delete_mark,0,0,0.000000,enabled
1782984469.390,2026-07-02 09:27:49.391,ibuf_merges_discard_insert,0,0,0.000000,enabled
1782984469.390,2026-07-02 09:27:49.391,ibuf_merges_insert,0,0,0.000000,enabled
1782984469.390,2026-07-02 09:27:49.391,ibuf_size,1,1,0.000489,enabled
1782984469.390,2026-07-02 09:27:49.391,innodb_activity_count,16600730,16600730,8113.949593,enabled
1782984469.390,2026-07-02 09:27:49.391,innodb_dblwr_pages_written,21361839,21361839,10441.039866,enabled
1782984469.390,2026-07-02 09:27:49.391,innodb_dblwr_writes,430649,430649,210.488590,enabled
1782984469.390,2026-07-02 09:27:49.391,innodb_page_size,16384,16384,0.000000,enabled
1782984469.390,2026-07-02 09:27:49.391,innodb_rwlock_sx_os_waits,0,0,0.000000,enabled
1782984469.390,2026-07-02 09:27:49.391,innodb_rwlock_sx_spin_rounds,0,0,0.000000,enabled
1782984469.390,2026-07-02 09:27:49.391,innodb_rwlock_sx_spin_waits,0,0,0.000000,enabled
1782984469.390,2026-07-02 09:27:49.391,innodb_rwlock_s_os_waits,0,0,0.000000,enabled
1782984469.390,2026-07-02 09:27:49.391,innodb_rwlock_s_spin_rounds,0,0,0.000000,enabled
1782984469.390,2026-07-02 09:27:49.391,innodb_rwlock_s_spin_waits,0,0,0.000000,enabled
1782984469.390,2026-07-02 09:27:49.391,innodb_rwlock_x_os_waits,0,0,0.000000,enabled
1782984469.390,2026-07-02 09:27:49.391,innodb_rwlock_x_spin_rounds,0,0,0.000000,enabled
1782984469.390,2026-07-02 09:27:49.391,innodb_rwlock_x_spin_waits,0,0,0.000000,enabled
1782984469.390,2026-07-02 09:27:49.391,lock_deadlocks,0,0,0.000000,enabled
1782984469.390,2026-07-02 09:27:49.391,lock_deadlock_false_positives,0,0,0.000000,enabled
1782984469.390,2026-07-02 09:27:49.391,lock_deadlock_rounds,2283,2283,1.115864,enabled
1782984469.390,2026-07-02 09:27:49.391,lock_rec_grant_attempts,425,425,0.207728,enabled
1782984469.390,2026-07-02 09:27:49.391,lock_rec_release_attempts,36222017,36222017,17704.262343,enabled
1782984469.390,2026-07-02 09:27:49.391,lock_row_lock_current_waits,0,0,0.000000,enabled
1782984469.390,2026-07-02 09:27:49.391,lock_row_lock_time,323,323,0.157873,enabled
1782984469.390,2026-07-02 09:27:49.391,lock_row_lock_time_avg,0,0,0.000000,enabled
1782984469.390,2026-07-02 09:27:49.391,lock_row_lock_time_max,29,29,0.000000,enabled
1782984469.390,2026-07-02 09:27:49.391,lock_row_lock_waits,425,425,0.207728,enabled
1782984469.390,2026-07-02 09:27:49.391,lock_schedule_refreshes,2283,2283,1.115864,enabled
1782984469.390,2026-07-02 09:27:49.391,lock_threads_waiting,0,0,0.000000,enabled
1782984469.390,2026-07-02 09:27:49.391,lock_timeouts,0,0,0.000000,enabled
1782984469.390,2026-07-02 09:27:49.391,log_waits,0,0,0.000000,enabled
1782984469.390,2026-07-02 09:27:49.391,log_writes,179632160,179632160,87798.931418,enabled
1782984469.390,2026-07-02 09:27:49.391,log_write_requests,387295361,387295361,189298.613678,enabled
1782984469.390,2026-07-02 09:27:49.391,os_data_fsyncs,46724914,46724914,22837.768284,enabled
1782984469.390,2026-07-02 09:27:49.391,os_data_reads,61672800,61672800,30143.856822,enabled
1782984469.390,2026-07-02 09:27:49.391,os_data_writes,201773049,201773049,98620.751707,enabled
1782984469.390,2026-07-02 09:27:49.391,os_log_bytes_written,116340179456,116340179456,56863669.251621,enabled
1782984469.390,2026-07-02 09:27:49.391,os_log_fsyncs,41056646,41056646,20067.284990,enabled
1782984469.390,2026-07-02 09:27:49.391,os_log_pending_fsyncs,0,0,0.000000,enabled
1782984469.390,2026-07-02 09:27:49.391,os_log_pending_writes,0,0,0.000000,enabled
1782984469.390,2026-07-02 09:27:49.391,trx_rseg_history_len,1226,1226,0.000000,enabled
1782984470.460,2026-07-02 09:27:50.462,adaptive_hash_searches,0,0,0.000000,enabled
1782984470.460,2026-07-02 09:27:50.462,adaptive_hash_searches_btree,555742616,555742616,271488.861463,enabled
1782984470.460,2026-07-02 09:27:50.462,buffer_data_reads,1006468499968,1006468499968,491675495.925674,enabled
1782984470.460,2026-07-02 09:27:50.462,buffer_data_written,501692605952,501692605952,245084630.660956,enabled
1782984470.460,2026-07-02 09:27:50.462,buffer_pages0_read,7,7,0.003420,enabled
1782984470.460,2026-07-02 09:27:50.462,buffer_pages_created,1804658,1804658,881.603474,enabled
1782984470.460,2026-07-02 09:27:50.462,buffer_pages_read,61603222,61603222,30094.130904,enabled
1782984470.460,2026-07-02 09:27:50.462,buffer_pages_written,21438139,21438139,10472.863967,enabled
1782984470.460,2026-07-02 09:27:50.462,buffer_pool_bytes_data,12859424768,12859424768,0.000000,enabled
1782984470.460,2026-07-02 09:27:50.462,buffer_pool_bytes_dirty,4638916608,4638916608,0.000000,enabled
1782984470.460,2026-07-02 09:27:50.462,buffer_pool_pages_data,784877,784877,0.000000,enabled
1782984470.460,2026-07-02 09:27:50.462,buffer_pool_pages_dirty,283137,283137,0.000000,enabled
1782984470.460,2026-07-02 09:27:50.462,buffer_pool_pages_flushed,21381069,21381069,0.000000,enabled
1782984470.460,2026-07-02 09:27:50.462,buffer_pool_pages_free,1459,1459,0.000000,enabled
1782984470.460,2026-07-02 09:27:50.462,buffer_pool_pages_lru_flushed,0,0,0.000000,enabled
1782984470.460,2026-07-02 09:27:50.462,buffer_pool_pages_misc,98,98,0.000000,enabled
1782984470.460,2026-07-02 09:27:50.462,buffer_pool_pages_total,786432,786432,0.000000,enabled
1782984470.460,2026-07-02 09:27:50.462,buffer_pool_reads,60720486,60720486,29662.902014,enabled
1782984470.460,2026-07-02 09:27:50.462,buffer_pool_read_ahead,803715,803715,392.627274,enabled
1782984470.460,2026-07-02 09:27:50.462,buffer_pool_read_ahead_evicted,25,25,0.012213,enabled
1782984470.460,2026-07-02 09:27:50.462,buffer_pool_read_requests,2670865908,2670865908,1304759.530409,enabled
1782984470.460,2026-07-02 09:27:50.462,buffer_pool_size,12884901888,12884901888,0.000000,enabled
1782984470.460,2026-07-02 09:27:50.462,buffer_pool_wait_free,18945,18945,9.254927,enabled
1782984470.460,2026-07-02 09:27:50.462,buffer_pool_write_requests,576875404,576875404,281812.605513,enabled
1782984470.460,2026-07-02 09:27:50.462,dml_deletes,11922542,11922542,5824.345945,enabled
1782984470.460,2026-07-02 09:27:50.462,dml_inserts,111807945,111807945,54619.908389,enabled
1782984470.460,2026-07-02 09:27:50.462,dml_system_deletes,468,468,0.228625,enabled
1782984470.460,2026-07-02 09:27:50.462,dml_system_inserts,1202,1202,0.587196,enabled
1782984470.460,2026-07-02 09:27:50.462,dml_system_reads,7661,7661,3.742517,enabled
1782984470.460,2026-07-02 09:27:50.462,dml_system_updates,620,620,0.302880,enabled
1782984470.460,2026-07-02 09:27:50.462,dml_updates,23845213,23845213,11648.754898,enabled
1782984470.460,2026-07-02 09:27:50.462,file_num_open_files,35,35,0.000000,enabled
1782984470.460,2026-07-02 09:27:50.462,ibuf_merges,0,0,0.000000,enabled
1782984470.460,2026-07-02 09:27:50.462,ibuf_merges_delete,0,0,0.000000,enabled
1782984470.460,2026-07-02 09:27:50.462,ibuf_merges_delete_mark,0,0,0.000000,enabled
1782984470.460,2026-07-02 09:27:50.462,ibuf_merges_discard_delete,0,0,0.000000,enabled
1782984470.460,2026-07-02 09:27:50.462,ibuf_merges_discard_delete_mark,0,0,0.000000,enabled
1782984470.460,2026-07-02 09:27:50.462,ibuf_merges_discard_insert,0,0,0.000000,enabled
1782984470.460,2026-07-02 09:27:50.462,ibuf_merges_insert,0,0,0.000000,enabled
1782984470.460,2026-07-02 09:27:50.462,ibuf_size,1,1,0.000489,enabled
1782984470.460,2026-07-02 09:27:50.462,innodb_activity_count,16606406,16606406,8112.486009,enabled
1782984470.460,2026-07-02 09:27:50.462,innodb_dblwr_pages_written,21379147,21379147,10444.043682,enabled
1782984470.460,2026-07-02 09:27:50.462,innodb_dblwr_writes,430984,430984,210.542344,enabled
1782984470.460,2026-07-02 09:27:50.462,innodb_page_size,16384,16384,0.000000,enabled
1782984470.460,2026-07-02 09:27:50.462,innodb_rwlock_sx_os_waits,0,0,0.000000,enabled
1782984470.460,2026-07-02 09:27:50.462,innodb_rwlock_sx_spin_rounds,0,0,0.000000,enabled
1782984470.460,2026-07-02 09:27:50.462,innodb_rwlock_sx_spin_waits,0,0,0.000000,enabled
1782984470.460,2026-07-02 09:27:50.462,innodb_rwlock_s_os_waits,0,0,0.000000,enabled
1782984470.460,2026-07-02 09:27:50.462,innodb_rwlock_s_spin_rounds,0,0,0.000000,enabled
1782984470.460,2026-07-02 09:27:50.462,innodb_rwlock_s_spin_waits,0,0,0.000000,enabled
1782984470.460,2026-07-02 09:27:50.462,innodb_rwlock_x_os_waits,0,0,0.000000,enabled
1782984470.460,2026-07-02 09:27:50.462,innodb_rwlock_x_spin_rounds,0,0,0.000000,enabled
1782984470.460,2026-07-02 09:27:50.462,innodb_rwlock_x_spin_waits,0,0,0.000000,enabled
1782984470.460,2026-07-02 09:27:50.462,lock_deadlocks,0,0,0.000000,enabled
1782984470.460,2026-07-02 09:27:50.462,lock_deadlock_false_positives,0,0,0.000000,enabled
1782984470.460,2026-07-02 09:27:50.462,lock_deadlock_rounds,2284,2284,1.115770,enabled
1782984470.460,2026-07-02 09:27:50.462,lock_rec_grant_attempts,425,425,0.207619,enabled
1782984470.460,2026-07-02 09:27:50.462,lock_rec_release_attempts,36237021,36237021,17702.348732,enabled
1782984470.460,2026-07-02 09:27:50.462,lock_row_lock_current_waits,0,0,0.000000,enabled
1782984470.460,2026-07-02 09:27:50.462,lock_row_lock_time,323,323,0.157791,enabled
1782984470.460,2026-07-02 09:27:50.462,lock_row_lock_time_avg,0,0,0.000000,enabled
1782984470.460,2026-07-02 09:27:50.462,lock_row_lock_time_max,29,29,0.000000,enabled
1782984470.460,2026-07-02 09:27:50.462,lock_row_lock_waits,425,425,0.207619,enabled
1782984470.460,2026-07-02 09:27:50.462,lock_schedule_refreshes,2284,2284,1.115770,enabled
1782984470.460,2026-07-02 09:27:50.462,lock_threads_waiting,0,0,0.000000,enabled
1782984470.460,2026-07-02 09:27:50.462,lock_timeouts,0,0,0.000000,enabled
1782984470.460,2026-07-02 09:27:50.462,log_waits,0,0,0.000000,enabled
1782984470.460,2026-07-02 09:27:50.462,log_writes,179714092,179714092,87793.116096,enabled
1782984470.460,2026-07-02 09:27:50.462,log_write_requests,387380419,387380419,189241.331875,enabled
1782984470.460,2026-07-02 09:27:50.462,os_data_fsyncs,46759963,46759963,22842.966628,enabled
1782984470.460,2026-07-02 09:27:50.462,os_data_reads,61730495,61730495,30156.303577,enabled
1782984470.460,2026-07-02 09:27:50.462,os_data_writes,201871612,201871612,98617.411209,enabled
1782984470.460,2026-07-02 09:27:50.462,os_log_bytes_written,116383405568,116383405568,56855097.260289,enabled
1782984470.460,2026-07-02 09:27:50.462,os_log_fsyncs,41086889,41086889,20071.582001,enabled
1782984470.460,2026-07-02 09:27:50.462,os_log_pending_fsyncs,1,1,0.000489,enabled
1782984470.460,2026-07-02 09:27:50.462,os_log_pending_writes,1,1,0.000489,enabled
1782984470.460,2026-07-02 09:27:50.462,trx_rseg_history_len,136,136,0.000000,enabled
1782984471.530,2026-07-02 09:27:51.531,adaptive_hash_searches,0,0,0.000000,enabled
1782984471.530,2026-07-02 09:27:51.531,adaptive_hash_searches_btree,555914759,555914759,271430.653109,enabled
1782984471.530,2026-07-02 09:27:51.531,buffer_data_reads,1007422949888,1007422949888,491883888.778088,enabled
1782984471.530,2026-07-02 09:27:51.531,buffer_data_written,502006533632,502006533632,245109490.286006,enabled
1782984471.530,2026-07-02 09:27:51.531,buffer_pages0_read,7,7,0.003418,enabled
1782984471.530,2026-07-02 09:27:51.531,buffer_pages_created,1804697,1804697,881.160577,enabled
1782984471.530,2026-07-02 09:27:51.531,buffer_pages_read,61661654,61661654,30106.892267,enabled
1782984471.530,2026-07-02 09:27:51.531,buffer_pages_written,21454310,21454310,10475.272081,enabled
1782984471.530,2026-07-02 09:27:51.531,buffer_pool_bytes_data,12854116352,12854116352,0.000000,enabled
1782984471.530,2026-07-02 09:27:51.531,buffer_pool_bytes_dirty,4643930112,4643930112,0.000000,enabled
1782984471.530,2026-07-02 09:27:51.531,buffer_pool_pages_data,784554,784554,0.000000,enabled
1782984471.530,2026-07-02 09:27:51.531,buffer_pool_pages_dirty,283443,283443,0.000000,enabled
1782984471.530,2026-07-02 09:27:51.531,buffer_pool_pages_flushed,21397240,21397240,0.000000,enabled
1782984471.530,2026-07-02 09:27:51.531,buffer_pool_pages_free,1786,1786,0.000000,enabled
1782984471.530,2026-07-02 09:27:51.531,buffer_pool_pages_lru_flushed,0,0,0.000000,enabled
1782984471.530,2026-07-02 09:27:51.531,buffer_pool_pages_misc,98,98,0.000000,enabled
1782984471.530,2026-07-02 09:27:51.531,buffer_pool_pages_total,786432,786432,0.000000,enabled
1782984471.530,2026-07-02 09:27:51.531,buffer_pool_reads,60778853,60778853,29675.857411,enabled
1782984471.530,2026-07-02 09:27:51.531,buffer_pool_read_ahead,803715,803715,392.421546,enabled
1782984471.530,2026-07-02 09:27:51.531,buffer_pool_read_ahead_evicted,25,25,0.012206,enabled
1782984471.530,2026-07-02 09:27:51.531,buffer_pool_read_requests,2671719085,2671719085,1304492.439105,enabled
1782984471.530,2026-07-02 09:27:51.531,buffer_pool_size,12884901888,12884901888,0.000000,enabled
1782984471.530,2026-07-02 09:27:51.531,buffer_pool_wait_free,18945,18945,9.250078,enabled
1782984471.530,2026-07-02 09:27:51.531,buffer_pool_write_requests,576991728,576991728,281721.738670,enabled
1782984471.530,2026-07-02 09:27:51.531,dml_deletes,11927519,11927519,5823.724042,enabled
1782984471.530,2026-07-02 09:27:51.531,dml_inserts,111812922,111812922,54593.717518,enabled
1782984471.530,2026-07-02 09:27:51.531,dml_system_deletes,468,468,0.228505,enabled
1782984471.530,2026-07-02 09:27:51.531,dml_system_inserts,1202,1202,0.586888,enabled
1782984471.530,2026-07-02 09:27:51.531,dml_system_reads,7661,7661,3.740556,enabled
1782984471.530,2026-07-02 09:27:51.531,dml_system_updates,620,620,0.302721,enabled
1782984471.530,2026-07-02 09:27:51.531,dml_updates,23855153,23855153,11647.504221,enabled
1782984471.530,2026-07-02 09:27:51.531,file_num_open_files,35,35,0.000000,enabled
1782984471.530,2026-07-02 09:27:51.531,ibuf_merges,0,0,0.000000,enabled
1782984471.530,2026-07-02 09:27:51.531,ibuf_merges_delete,0,0,0.000000,enabled
1782984471.530,2026-07-02 09:27:51.531,ibuf_merges_delete_mark,0,0,0.000000,enabled
1782984471.530,2026-07-02 09:27:51.531,ibuf_merges_discard_delete,0,0,0.000000,enabled
1782984471.530,2026-07-02 09:27:51.531,ibuf_merges_discard_delete_mark,0,0,0.000000,enabled
1782984471.530,2026-07-02 09:27:51.531,ibuf_merges_discard_insert,0,0,0.000000,enabled
1782984471.530,2026-07-02 09:27:51.531,ibuf_merges_insert,0,0,0.000000,enabled
1782984471.530,2026-07-02 09:27:51.531,ibuf_size,1,1,0.000488,enabled
1782984471.530,2026-07-02 09:27:51.531,innodb_activity_count,16612120,16612120,8111.024995,enabled
1782984471.530,2026-07-02 09:27:51.531,innodb_dblwr_pages_written,21395318,21395318,10446.466650,enabled
1782984471.530,2026-07-02 09:27:51.531,innodb_dblwr_writes,431366,431366,210.618535,enabled
1782984471.530,2026-07-02 09:27:51.531,innodb_page_size,16384,16384,0.000000,enabled
1782984471.530,2026-07-02 09:27:51.531,innodb_rwlock_sx_os_waits,0,0,0.000000,enabled
1782984471.530,2026-07-02 09:27:51.531,innodb_rwlock_sx_spin_rounds,0,0,0.000000,enabled
1782984471.530,2026-07-02 09:27:51.531,innodb_rwlock_sx_spin_waits,0,0,0.000000,enabled
1782984471.530,2026-07-02 09:27:51.531,innodb_rwlock_s_os_waits,0,0,0.000000,enabled
1782984471.530,2026-07-02 09:27:51.531,innodb_rwlock_s_spin_rounds,0,0,0.000000,enabled
1782984471.530,2026-07-02 09:27:51.531,innodb_rwlock_s_spin_waits,0,0,0.000000,enabled
1782984471.530,2026-07-02 09:27:51.531,innodb_rwlock_x_os_waits,0,0,0.000000,enabled
1782984471.530,2026-07-02 09:27:51.531,innodb_rwlock_x_spin_rounds,0,0,0.000000,enabled
1782984471.530,2026-07-02 09:27:51.531,innodb_rwlock_x_spin_waits,0,0,0.000000,enabled
1782984471.530,2026-07-02 09:27:51.531,lock_deadlocks,0,0,0.000000,enabled
1782984471.530,2026-07-02 09:27:51.531,lock_deadlock_false_positives,0,0,0.000000,enabled
1782984471.530,2026-07-02 09:27:51.531,lock_deadlock_rounds,2285,2285,1.115673,enabled
1782984471.530,2026-07-02 09:27:51.531,lock_rec_grant_attempts,425,425,0.207510,enabled
1782984471.530,2026-07-02 09:27:51.531,lock_rec_release_attempts,36252174,36252174,17700.471596,enabled
1782984471.530,2026-07-02 09:27:51.531,lock_row_lock_current_waits,0,0,0.000000,enabled
1782984471.530,2026-07-02 09:27:51.531,lock_row_lock_time,323,323,0.157708,enabled
1782984471.530,2026-07-02 09:27:51.531,lock_row_lock_time_avg,0,0,0.000000,enabled
1782984471.530,2026-07-02 09:27:51.531,lock_row_lock_time_max,29,29,0.000000,enabled
1782984471.530,2026-07-02 09:27:51.531,lock_row_lock_waits,425,425,0.207510,enabled
1782984471.530,2026-07-02 09:27:51.531,lock_schedule_refreshes,2285,2285,1.115673,enabled
1782984471.530,2026-07-02 09:27:51.531,lock_threads_waiting,0,0,0.000000,enabled
1782984471.530,2026-07-02 09:27:51.531,lock_timeouts,0,0,0.000000,enabled
1782984471.530,2026-07-02 09:27:51.531,log_waits,0,0,0.000000,enabled
1782984471.530,2026-07-02 09:27:51.531,log_writes,179795726,179795726,87786.971961,enabled
1782984471.530,2026-07-02 09:27:51.531,log_write_requests,387464792,387464792,189183.367275,enabled
1782984471.530,2026-07-02 09:27:51.531,os_data_fsyncs,46795634,46795634,22848.413990,enabled
1782984471.530,2026-07-02 09:27:51.531,os_data_reads,61788772,61788772,30168.956487,enabled
1782984471.530,2026-07-02 09:27:51.531,os_data_writes,201969691,201969691,98613.625341,enabled
1782984471.530,2026-07-02 09:27:51.531,os_log_bytes_written,116426116608,116426116608,56846160.160685,enabled
1782984471.530,2026-07-02 09:27:51.531,os_log_fsyncs,41117319,41117319,20075.922540,enabled
1782984471.530,2026-07-02 09:27:51.531,os_log_pending_fsyncs,1,1,0.000488,enabled
1782984471.530,2026-07-02 09:27:51.531,os_log_pending_writes,1,1,0.000488,enabled
1782984471.530,2026-07-02 09:27:51.531,trx_rseg_history_len,279,279,0.000000,enabled
1782984472.603,2026-07-02 09:27:52.604,adaptive_hash_searches,0,0,0.000000,enabled
1782984472.603,2026-07-02 09:27:52.604,adaptive_hash_searches_btree,556085824,556085824,271372.645948,enabled
1782984472.603,2026-07-02 09:27:52.604,buffer_data_reads,1008367569408,1008367569408,492088445.646420,enabled
1782984472.603,2026-07-02 09:27:52.604,buffer_data_written,502319484416,502319484416,245134434.718599,enabled
1782984472.603,2026-07-02 09:27:52.604,buffer_pages0_read,7,7,0.003416,enabled
1782984472.603,2026-07-02 09:27:52.604,buffer_pages_created,1804745,1804745,880.724645,enabled
1782984472.603,2026-07-02 09:27:52.604,buffer_pages_read,61719484,61719484,30119.418672,enabled
1782984472.603,2026-07-02 09:27:52.604,buffer_pages_written,21470469,21470469,10477.696915,enabled
1782984472.603,2026-07-02 09:27:52.604,buffer_pool_bytes_data,12851183616,12851183616,0.000000,enabled
1782984472.603,2026-07-02 09:27:52.604,buffer_pool_bytes_dirty,4646797312,4646797312,0.000000,enabled
1782984472.603,2026-07-02 09:27:52.604,buffer_pool_pages_data,784374,784374,0.000000,enabled
1782984472.603,2026-07-02 09:27:52.604,buffer_pool_pages_dirty,283618,283618,0.000000,enabled
1782984472.603,2026-07-02 09:27:52.604,buffer_pool_pages_flushed,21413399,21413399,0.000000,enabled
1782984472.603,2026-07-02 09:27:52.604,buffer_pool_pages_free,1961,1961,0.000000,enabled
1782984472.603,2026-07-02 09:27:52.604,buffer_pool_pages_lru_flushed,0,0,0.000000,enabled
1782984472.603,2026-07-02 09:27:52.604,buffer_pool_pages_misc,96,96,0.000000,enabled
1782984472.603,2026-07-02 09:27:52.604,buffer_pool_pages_total,786432,786432,0.000000,enabled
1782984472.603,2026-07-02 09:27:52.604,buffer_pool_reads,60836617,60836617,29688.576203,enabled
1782984472.603,2026-07-02 09:27:52.604,buffer_pool_read_ahead,803715,803715,392.216973,enabled
1782984472.603,2026-07-02 09:27:52.604,buffer_pool_read_ahead_evicted,25,25,0.012200,enabled
1782984472.603,2026-07-02 09:27:52.604,buffer_pool_read_requests,2672566746,2672566746,1304226.055927,enabled
1782984472.603,2026-07-02 09:27:52.604,buffer_pool_size,12884901888,12884901888,0.000000,enabled
1782984472.603,2026-07-02 09:27:52.604,buffer_pool_wait_free,18945,18945,9.245256,enabled
1782984472.603,2026-07-02 09:27:52.604,buffer_pool_write_requests,577107440,577107440,281631.342187,enabled
1782984472.603,2026-07-02 09:27:52.604,dml_deletes,11932446,11932446,5823.092792,enabled
1782984472.603,2026-07-02 09:27:52.604,dml_inserts,111817849,111817849,54567.664598,enabled
1782984472.603,2026-07-02 09:27:52.604,dml_system_deletes,468,468,0.228386,enabled
1782984472.603,2026-07-02 09:27:52.604,dml_system_inserts,1202,1202,0.586582,enabled
1782984472.603,2026-07-02 09:27:52.604,dml_system_reads,7661,7661,3.738606,enabled
1782984472.603,2026-07-02 09:27:52.604,dml_system_updates,620,620,0.302563,enabled
1782984472.603,2026-07-02 09:27:52.604,dml_updates,23865008,23865008,11646.242183,enabled
1782984472.603,2026-07-02 09:27:52.604,file_num_open_files,35,35,0.000000,enabled
1782984472.603,2026-07-02 09:27:52.604,ibuf_merges,0,0,0.000000,enabled
1782984472.603,2026-07-02 09:27:52.604,ibuf_merges_delete,0,0,0.000000,enabled
1782984472.603,2026-07-02 09:27:52.604,ibuf_merges_delete_mark,0,0,0.000000,enabled
1782984472.603,2026-07-02 09:27:52.604,ibuf_merges_discard_delete,0,0,0.000000,enabled
1782984472.603,2026-07-02 09:27:52.604,ibuf_merges_discard_delete_mark,0,0,0.000000,enabled
1782984472.603,2026-07-02 09:27:52.604,ibuf_merges_discard_insert,0,0,0.000000,enabled
1782984472.603,2026-07-02 09:27:52.604,ibuf_merges_insert,0,0,0.000000,enabled
1782984472.603,2026-07-02 09:27:52.604,ibuf_size,1,1,0.000488,enabled
1782984472.603,2026-07-02 09:27:52.604,innodb_activity_count,16617786,16617786,8109.562065,enabled
1782984472.603,2026-07-02 09:27:52.604,innodb_dblwr_pages_written,21411477,21411477,10448.907004,enabled
1782984472.603,2026-07-02 09:27:52.604,innodb_dblwr_writes,431738,431738,210.690286,enabled
1782984472.603,2026-07-02 09:27:52.604,innodb_page_size,16384,16384,0.000000,enabled
1782984472.603,2026-07-02 09:27:52.604,innodb_rwlock_sx_os_waits,0,0,0.000000,enabled
1782984472.603,2026-07-02 09:27:52.604,innodb_rwlock_sx_spin_rounds,0,0,0.000000,enabled
1782984472.603,2026-07-02 09:27:52.604,innodb_rwlock_sx_spin_waits,0,0,0.000000,enabled
1782984472.603,2026-07-02 09:27:52.604,innodb_rwlock_s_os_waits,0,0,0.000000,enabled
1782984472.603,2026-07-02 09:27:52.604,innodb_rwlock_s_spin_rounds,0,0,0.000000,enabled
1782984472.603,2026-07-02 09:27:52.604,innodb_rwlock_s_spin_waits,0,0,0.000000,enabled
1782984472.603,2026-07-02 09:27:52.604,innodb_rwlock_x_os_waits,0,0,0.000000,enabled
1782984472.603,2026-07-02 09:27:52.604,innodb_rwlock_x_spin_rounds,0,0,0.000000,enabled
1782984472.603,2026-07-02 09:27:52.604,innodb_rwlock_x_spin_waits,0,0,0.000000,enabled
1782984472.603,2026-07-02 09:27:52.604,lock_deadlocks,0,0,0.000000,enabled
1782984472.603,2026-07-02 09:27:52.604,lock_deadlock_false_positives,0,0,0.000000,enabled
1782984472.603,2026-07-02 09:27:52.604,lock_deadlock_rounds,2286,2286,1.115580,enabled
1782984472.603,2026-07-02 09:27:52.604,lock_rec_grant_attempts,425,425,0.207402,enabled
1782984472.603,2026-07-02 09:27:52.604,lock_rec_release_attempts,36267168,36267168,17698.561286,enabled
1782984472.603,2026-07-02 09:27:52.604,lock_row_lock_current_waits,0,0,0.000000,enabled
1782984472.603,2026-07-02 09:27:52.604,lock_row_lock_time,323,323,0.157626,enabled
1782984472.603,2026-07-02 09:27:52.604,lock_row_lock_time_avg,0,0,0.000000,enabled
1782984472.603,2026-07-02 09:27:52.604,lock_row_lock_time_max,29,29,0.000000,enabled
1782984472.603,2026-07-02 09:27:52.604,lock_row_lock_waits,425,425,0.207402,enabled
1782984472.603,2026-07-02 09:27:52.604,lock_schedule_refreshes,2286,2286,1.115580,enabled
1782984472.603,2026-07-02 09:27:52.604,lock_threads_waiting,0,0,0.000000,enabled
1782984472.603,2026-07-02 09:27:52.604,lock_timeouts,0,0,0.000000,enabled
1782984472.603,2026-07-02 09:27:52.604,log_waits,0,0,0.000000,enabled
1782984472.603,2026-07-02 09:27:52.604,log_writes,179876117,179876117,87780.441913,enabled
1782984472.603,2026-07-02 09:27:52.604,log_write_requests,387548580,387548580,189125.639393,enabled
1782984472.603,2026-07-02 09:27:52.604,os_data_fsyncs,46831036,46831036,22853.779752,enabled
1782984472.603,2026-07-02 09:27:52.604,os_data_reads,61846415,61846415,30181.359833,enabled
1782984472.603,2026-07-02 09:27:52.604,os_data_writes,202066515,202066515,98609.469839,enabled
1782984472.603,2026-07-02 09:27:52.604,os_log_bytes_written,116468170752,116468170752,56837049.642642,enabled
1782984472.603,2026-07-02 09:27:52.604,os_log_fsyncs,41147593,41147593,20080.231093,enabled
1782984472.603,2026-07-02 09:27:52.604,os_log_pending_fsyncs,1,1,0.000488,enabled
1782984472.603,2026-07-02 09:27:52.604,os_log_pending_writes,0,0,0.000000,enabled
1782984472.603,2026-07-02 09:27:52.604,trx_rseg_history_len,375,375,0.000000,enabled
1782984473.671,2026-07-02 09:27:53.673,adaptive_hash_searches,0,0,0.000000,enabled
1782984473.671,2026-07-02 09:27:53.673,adaptive_hash_searches_btree,556258876,556258876,271315.045645,enabled
1782984473.671,2026-07-02 09:27:53.673,buffer_data_reads,1009325033984,1009325033984,492297954.911407,enabled
1782984473.671,2026-07-02 09:27:53.673,buffer_data_written,502634306048,502634306048,245159717.946656,enabled
1782984473.671,2026-07-02 09:27:53.673,buffer_pages0_read,7,7,0.003414,enabled
1782984473.671,2026-07-02 09:27:53.673,buffer_pages_created,1804792,1804792,880.286716,enabled
1782984473.671,2026-07-02 09:27:53.673,buffer_pages_read,61778083,61778083,30132.239825,enabled
1782984473.671,2026-07-02 09:27:53.673,buffer_pages_written,21486672,21486672,10480.117296,enabled
1782984473.671,2026-07-02 09:27:53.673,buffer_pool_bytes_data,12850626560,12850626560,0.000000,enabled
1782984473.671,2026-07-02 09:27:53.673,buffer_pool_bytes_dirty,4652466176,4652466176,0.000000,enabled
1782984473.671,2026-07-02 09:27:53.673,buffer_pool_pages_data,784340,784340,0.000000,enabled
1782984473.671,2026-07-02 09:27:53.673,buffer_pool_pages_dirty,283964,283964,0.000000,enabled
1782984473.671,2026-07-02 09:27:53.673,buffer_pool_pages_flushed,21429602,21429602,0.000000,enabled
1782984473.671,2026-07-02 09:27:53.673,buffer_pool_pages_free,1996,1996,0.000000,enabled
1782984473.671,2026-07-02 09:27:53.673,buffer_pool_pages_lru_flushed,0,0,0.000000,enabled
1782984473.671,2026-07-02 09:27:53.673,buffer_pool_pages_misc,96,96,0.000000,enabled
1782984473.671,2026-07-02 09:27:53.673,buffer_pool_pages_total,786432,786432,0.000000,enabled
1782984473.671,2026-07-02 09:27:53.673,buffer_pool_reads,60895154,60895154,29701.592557,enabled
1782984473.671,2026-07-02 09:27:53.673,buffer_pool_read_ahead,803715,803715,392.011739,enabled
1782984473.671,2026-07-02 09:27:53.673,buffer_pool_read_ahead_evicted,25,25,0.012194,enabled
1782984473.671,2026-07-02 09:27:53.673,buffer_pool_read_requests,2673424468,2673424468,1303961.951207,enabled
1782984473.671,2026-07-02 09:27:53.673,buffer_pool_size,12884901888,12884901888,0.000000,enabled
1782984473.671,2026-07-02 09:27:53.673,buffer_pool_wait_free,18945,18945,9.240418,enabled
1782984473.671,2026-07-02 09:27:53.673,buffer_pool_write_requests,577224698,577224698,281541.166357,enabled
1782984473.671,2026-07-02 09:27:53.673,dml_deletes,11937442,11937442,5822.482399,enabled
1782984473.671,2026-07-02 09:27:53.673,dml_inserts,111822845,111822845,54541.546463,enabled
1782984473.671,2026-07-02 09:27:53.673,dml_system_deletes,468,468,0.228267,enabled
1782984473.671,2026-07-02 09:27:53.673,dml_system_inserts,1202,1202,0.586275,enabled
1782984473.671,2026-07-02 09:27:53.673,dml_system_reads,7661,7661,3.736650,enabled
1782984473.671,2026-07-02 09:27:53.673,dml_system_updates,620,620,0.302405,enabled
1782984473.671,2026-07-02 09:27:53.673,dml_updates,23875003,23875003,11645.022827,enabled
1782984473.671,2026-07-02 09:27:53.673,file_num_open_files,35,35,0.000000,enabled
1782984473.671,2026-07-02 09:27:53.673,ibuf_merges,0,0,0.000000,enabled
1782984473.671,2026-07-02 09:27:53.673,ibuf_merges_delete,0,0,0.000000,enabled
1782984473.671,2026-07-02 09:27:53.673,ibuf_merges_delete_mark,0,0,0.000000,enabled
1782984473.671,2026-07-02 09:27:53.673,ibuf_merges_discard_delete,0,0,0.000000,enabled
1782984473.671,2026-07-02 09:27:53.673,ibuf_merges_discard_delete_mark,0,0,0.000000,enabled
1782984473.671,2026-07-02 09:27:53.673,ibuf_merges_discard_insert,0,0,0.000000,enabled
1782984473.671,2026-07-02 09:27:53.673,ibuf_merges_insert,0,0,0.000000,enabled
1782984473.671,2026-07-02 09:27:53.673,ibuf_size,1,1,0.000488,enabled
1782984473.671,2026-07-02 09:27:53.673,innodb_activity_count,16623525,16623525,8108.117596,enabled
1782984473.671,2026-07-02 09:27:53.673,innodb_dblwr_pages_written,21427680,21427680,10451.342172,enabled
1782984473.671,2026-07-02 09:27:53.673,innodb_dblwr_writes,432116,432116,210.764403,enabled
1782984473.671,2026-07-02 09:27:53.673,innodb_page_size,16384,16384,0.000000,enabled
1782984473.671,2026-07-02 09:27:53.673,innodb_rwlock_sx_os_waits,0,0,0.000000,enabled
1782984473.671,2026-07-02 09:27:53.673,innodb_rwlock_sx_spin_rounds,0,0,0.000000,enabled
1782984473.671,2026-07-02 09:27:53.673,innodb_rwlock_sx_spin_waits,0,0,0.000000,enabled
1782984473.671,2026-07-02 09:27:53.673,innodb_rwlock_s_os_waits,0,0,0.000000,enabled
1782984473.671,2026-07-02 09:27:53.673,innodb_rwlock_s_spin_rounds,0,0,0.000000,enabled
1782984473.671,2026-07-02 09:27:53.673,innodb_rwlock_s_spin_waits,0,0,0.000000,enabled
1782984473.671,2026-07-02 09:27:53.673,innodb_rwlock_x_os_waits,0,0,0.000000,enabled
1782984473.671,2026-07-02 09:27:53.673,innodb_rwlock_x_spin_rounds,0,0,0.000000,enabled
1782984473.671,2026-07-02 09:27:53.673,innodb_rwlock_x_spin_waits,0,0,0.000000,enabled
1782984473.671,2026-07-02 09:27:53.673,lock_deadlocks,0,0,0.000000,enabled
1782984473.671,2026-07-02 09:27:53.673,lock_deadlock_false_positives,0,0,0.000000,enabled
1782984473.671,2026-07-02 09:27:53.673,lock_deadlock_rounds,2287,2287,1.115484,enabled
1782984473.671,2026-07-02 09:27:53.673,lock_rec_grant_attempts,425,425,0.207294,enabled
1782984473.671,2026-07-02 09:27:53.673,lock_rec_release_attempts,36282360,36282360,17696.710093,enabled
1782984473.671,2026-07-02 09:27:53.673,lock_row_lock_current_waits,0,0,0.000000,enabled
1782984473.671,2026-07-02 09:27:53.673,lock_row_lock_time,323,323,0.157543,enabled
1782984473.671,2026-07-02 09:27:53.673,lock_row_lock_time_avg,0,0,0.000000,enabled
1782984473.671,2026-07-02 09:27:53.673,lock_row_lock_time_max,29,29,0.000000,enabled
1782984473.671,2026-07-02 09:27:53.673,lock_row_lock_waits,425,425,0.207294,enabled
1782984473.671,2026-07-02 09:27:53.673,lock_schedule_refreshes,2287,2287,1.115484,enabled
1782984473.671,2026-07-02 09:27:53.673,lock_threads_waiting,0,0,0.000000,enabled
1782984473.671,2026-07-02 09:27:53.673,lock_timeouts,0,0,0.000000,enabled
1782984473.671,2026-07-02 09:27:53.673,log_waits,0,0,0.000000,enabled
1782984473.671,2026-07-02 09:27:53.673,log_writes,179958247,179958247,87774.566861,enabled
1782984473.671,2026-07-02 09:27:53.673,log_write_requests,387633404,387633404,189068.046255,enabled
1782984473.671,2026-07-02 09:27:53.673,os_data_fsyncs,46866485,46866485,22859.111113,enabled
1782984473.671,2026-07-02 09:27:53.673,os_data_reads,61904837,61904837,30194.061918,enabled
1782984473.671,2026-07-02 09:27:53.673,os_data_writes,202165146,202165146,98605.976952,enabled
1782984473.671,2026-07-02 09:27:53.673,os_log_bytes_written,116511193600,116511193600,56828292.429883,enabled
1782984473.671,2026-07-02 09:27:53.673,os_log_fsyncs,41178072,41178072,20084.589670,enabled
1782984473.671,2026-07-02 09:27:53.673,os_log_pending_fsyncs,0,0,0.000000,enabled
1782984473.671,2026-07-02 09:27:53.673,os_log_pending_writes,0,0,0.000000,enabled
1782984473.671,2026-07-02 09:27:53.673,trx_rseg_history_len,493,493,0.000000,enabled
1782984474.744,2026-07-02 09:27:54.746,adaptive_hash_searches,0,0,0.000000,enabled
1782984474.744,2026-07-02 09:27:54.746,adaptive_hash_searches_btree,556429658,556429658,271256.500580,enabled
1782984474.744,2026-07-02 09:27:54.746,buffer_data_reads,1010270308864,1010270308864,492501471.403040,enabled
1782984474.744,2026-07-02 09:27:54.746,buffer_data_written,502947374080,502947374080,245184204.011716,enabled
1782984474.744,2026-07-02 09:27:54.746,buffer_pages0_read,7,7,0.003412,enabled
1782984474.744,2026-07-02 09:27:54.746,buffer_pages_created,1804829,1804829,879.844671,enabled
1782984474.744,2026-07-02 09:27:54.746,buffer_pages_read,61835942,61835942,30144.697133,enabled
1782984474.744,2026-07-02 09:27:54.746,buffer_pages_written,21502781,21502781,10482.492910,enabled
1782984474.744,2026-07-02 09:27:54.746,buffer_pool_bytes_data,12850069504,12850069504,0.000000,enabled
1782984474.744,2026-07-02 09:27:54.746,buffer_pool_bytes_dirty,4656857088,4656857088,0.000000,enabled
1782984474.744,2026-07-02 09:27:54.746,buffer_pool_pages_data,784306,784306,0.000000,enabled
1782984474.744,2026-07-02 09:27:54.746,buffer_pool_pages_dirty,284232,284232,0.000000,enabled
1782984474.744,2026-07-02 09:27:54.746,buffer_pool_pages_flushed,21445711,21445711,0.000000,enabled
1782984474.744,2026-07-02 09:27:54.746,buffer_pool_pages_free,2031,2031,0.000000,enabled
1782984474.744,2026-07-02 09:27:54.746,buffer_pool_pages_lru_flushed,0,0,0.000000,enabled
1782984474.744,2026-07-02 09:27:54.746,buffer_pool_pages_misc,97,97,0.000000,enabled
1782984474.744,2026-07-02 09:27:54.746,buffer_pool_pages_total,786432,786432,0.000000,enabled
1782984474.744,2026-07-02 09:27:54.746,buffer_pool_reads,60952959,60952959,29714.248894,enabled
1782984474.744,2026-07-02 09:27:54.746,buffer_pool_read_ahead,803715,803715,391.806856,enabled
1782984474.744,2026-07-02 09:27:54.746,buffer_pool_read_ahead_evicted,25,25,0.012187,enabled
1782984474.744,2026-07-02 09:27:54.746,buffer_pool_read_requests,2674270649,2674270649,1303692.952617,enabled
1782984474.744,2026-07-02 09:27:54.746,buffer_pool_size,12884901888,12884901888,0.000000,enabled
1782984474.744,2026-07-02 09:27:54.746,buffer_pool_wait_free,18945,18945,9.235588,enabled
1782984474.744,2026-07-02 09:27:54.746,buffer_pool_write_requests,577340314,577340314,281450.382829,enabled
1782984474.744,2026-07-02 09:27:54.746,dml_deletes,11942371,11942371,5821.842222,enabled
1782984474.744,2026-07-02 09:27:54.746,dml_inserts,111827774,111827774,54515.443949,enabled
1782984474.744,2026-07-02 09:27:54.746,dml_system_deletes,468,468,0.228148,enabled
1782984474.744,2026-07-02 09:27:54.746,dml_system_inserts,1202,1202,0.585969,enabled
1782984474.744,2026-07-02 09:27:54.746,dml_system_reads,7661,7661,3.734697,enabled
1782984474.744,2026-07-02 09:27:54.746,dml_system_updates,620,620,0.302247,enabled
1782984474.744,2026-07-02 09:27:54.746,dml_updates,23884858,23884858,11643.740981,enabled
1782984474.744,2026-07-02 09:27:54.746,file_num_open_files,35,35,0.000000,enabled
1782984474.744,2026-07-02 09:27:54.746,ibuf_merges,0,0,0.000000,enabled
1782984474.744,2026-07-02 09:27:54.746,ibuf_merges_delete,0,0,0.000000,enabled
1782984474.744,2026-07-02 09:27:54.746,ibuf_merges_delete_mark,0,0,0.000000,enabled
1782984474.744,2026-07-02 09:27:54.746,ibuf_merges_discard_delete,0,0,0.000000,enabled
1782984474.744,2026-07-02 09:27:54.746,ibuf_merges_discard_delete_mark,0,0,0.000000,enabled
1782984474.744,2026-07-02 09:27:54.746,ibuf_merges_discard_insert,0,0,0.000000,enabled
1782984474.744,2026-07-02 09:27:54.746,ibuf_merges_insert,0,0,0.000000,enabled
1782984474.744,2026-07-02 09:27:54.746,ibuf_size,1,1,0.000487,enabled
1782984474.744,2026-07-02 09:27:54.746,innodb_activity_count,16629186,16629186,8106.639683,enabled
1782984474.744,2026-07-02 09:27:54.746,innodb_dblwr_pages_written,21443789,21443789,10453.732959,enabled
1782984474.744,2026-07-02 09:27:54.746,innodb_dblwr_writes,432470,432470,210.826822,enabled
1782984474.744,2026-07-02 09:27:54.746,innodb_page_size,16384,16384,0.000000,enabled
1782984474.744,2026-07-02 09:27:54.746,innodb_rwlock_sx_os_waits,0,0,0.000000,enabled
1782984474.744,2026-07-02 09:27:54.746,innodb_rwlock_sx_spin_rounds,0,0,0.000000,enabled
1782984474.744,2026-07-02 09:27:54.746,innodb_rwlock_sx_spin_waits,0,0,0.000000,enabled
1782984474.744,2026-07-02 09:27:54.746,innodb_rwlock_s_os_waits,0,0,0.000000,enabled
1782984474.744,2026-07-02 09:27:54.746,innodb_rwlock_s_spin_rounds,0,0,0.000000,enabled
1782984474.744,2026-07-02 09:27:54.746,innodb_rwlock_s_spin_waits,0,0,0.000000,enabled
1782984474.744,2026-07-02 09:27:54.746,innodb_rwlock_x_os_waits,0,0,0.000000,enabled
1782984474.744,2026-07-02 09:27:54.746,innodb_rwlock_x_spin_rounds,0,0,0.000000,enabled
1782984474.744,2026-07-02 09:27:54.746,innodb_rwlock_x_spin_waits,0,0,0.000000,enabled
1782984474.744,2026-07-02 09:27:54.746,lock_deadlocks,0,0,0.000000,enabled
1782984474.744,2026-07-02 09:27:54.746,lock_deadlock_false_positives,0,0,0.000000,enabled
1782984474.744,2026-07-02 09:27:54.746,lock_deadlock_rounds,2288,2288,1.115388,enabled
1782984474.744,2026-07-02 09:27:54.746,lock_rec_grant_attempts,425,425,0.207185,enabled
1782984474.744,2026-07-02 09:27:54.746,lock_rec_release_attempts,36297318,36297318,17694.753054,enabled
1782984474.744,2026-07-02 09:27:54.746,lock_row_lock_current_waits,0,0,0.000000,enabled
1782984474.744,2026-07-02 09:27:54.746,lock_row_lock_time,323,323,0.157461,enabled
1782984474.744,2026-07-02 09:27:54.746,lock_row_lock_time_avg,0,0,0.000000,enabled
1782984474.744,2026-07-02 09:27:54.746,lock_row_lock_time_max,29,29,0.000000,enabled
1782984474.744,2026-07-02 09:27:54.746,lock_row_lock_waits,425,425,0.207185,enabled
1782984474.744,2026-07-02 09:27:54.746,lock_schedule_refreshes,2288,2288,1.115388,enabled
1782984474.744,2026-07-02 09:27:54.746,lock_threads_waiting,0,0,0.000000,enabled
1782984474.744,2026-07-02 09:27:54.746,lock_timeouts,0,0,0.000000,enabled
1782984474.744,2026-07-02 09:27:54.746,log_waits,0,0,0.000000,enabled
1782984474.744,2026-07-02 09:27:54.746,log_writes,180039941,180039941,87768.517064,enabled
1782984474.744,2026-07-02 09:27:54.746,log_write_requests,387717085,387717085,189010.024279,enabled
1782984474.744,2026-07-02 09:27:54.746,os_data_fsyncs,46901590,46901590,22864.277349,enabled
1782984474.744,2026-07-02 09:27:54.746,os_data_reads,61962522,61962522,30206.402185,enabled
1782984474.744,2026-07-02 09:27:54.746,os_data_writes,202263197,202263197,98602.240083,enabled
1782984474.744,2026-07-02 09:27:54.746,os_log_bytes_written,116554029056,116554029056,56819473.296845,enabled
1782984474.744,2026-07-02 09:27:54.746,os_log_fsyncs,41208223,41208223,20088.790947,enabled
1782984474.744,2026-07-02 09:27:54.746,os_log_pending_fsyncs,1,1,0.000487,enabled
1782984474.744,2026-07-02 09:27:54.746,os_log_pending_writes,0,0,0.000000,enabled
1782984474.744,2026-07-02 09:27:54.746,trx_rseg_history_len,611,611,0.000000,enabled
1782984475.816,2026-07-02 09:27:55.817,adaptive_hash_searches,0,0,0.000000,enabled
1782984475.816,2026-07-02 09:27:55.817,adaptive_hash_searches_btree,556601336,556601336,271198.377990,enabled
1782984475.816,2026-07-02 09:27:55.817,buffer_data_reads,1011219565056,1011219565056,492706590.524184,enabled
1782984475.816,2026-07-02 09:27:55.817,buffer_data_written,503257006080,503257006080,245206928.326753,enabled
1782984475.816,2026-07-02 09:27:55.817,buffer_pages0_read,7,7,0.003411,enabled
1782984475.816,2026-07-02 09:27:55.817,buffer_pages_created,1804873,1804873,879.406276,enabled
1782984475.816,2026-07-02 09:27:55.817,buffer_pages_read,61894042,61894042,30157.251237,enabled
1782984475.816,2026-07-02 09:27:55.817,buffer_pages_written,21518719,21518719,10484.780066,enabled
1782984475.816,2026-07-02 09:27:55.817,buffer_pool_bytes_data,12858572800,12858572800,0.000000,enabled
1782984475.816,2026-07-02 09:27:55.817,buffer_pool_bytes_dirty,4668063744,4668063744,0.000000,enabled
1782984475.816,2026-07-02 09:27:55.817,buffer_pool_pages_data,784825,784825,0.000000,enabled
1782984475.816,2026-07-02 09:27:55.817,buffer_pool_pages_dirty,284916,284916,0.000000,enabled
1782984475.816,2026-07-02 09:27:55.817,buffer_pool_pages_flushed,21461649,21461649,0.000000,enabled
1782984475.816,2026-07-02 09:27:55.817,buffer_pool_pages_free,1509,1509,0.000000,enabled
1782984475.816,2026-07-02 09:27:55.817,buffer_pool_pages_lru_flushed,0,0,0.000000,enabled
1782984475.816,2026-07-02 09:27:55.817,buffer_pool_pages_misc,96,96,0.000000,enabled
1782984475.816,2026-07-02 09:27:55.817,buffer_pool_pages_total,786432,786432,0.000000,enabled
1782984475.816,2026-07-02 09:27:55.817,buffer_pool_reads,61011009,61011009,29727.003703,enabled
1782984475.816,2026-07-02 09:27:55.817,buffer_pool_read_ahead,803715,803715,391.602088,enabled
1782984475.816,2026-07-02 09:27:55.817,buffer_pool_read_ahead_evicted,25,25,0.012181,enabled
1782984475.816,2026-07-02 09:27:55.817,buffer_pool_read_requests,2675121497,2675121497,1303426.176052,enabled
1782984475.816,2026-07-02 09:27:55.817,buffer_pool_size,12884901888,12884901888,0.000000,enabled
1782984475.816,2026-07-02 09:27:55.817,buffer_pool_wait_free,18945,18945,9.230762,enabled
1782984475.816,2026-07-02 09:27:55.817,buffer_pool_write_requests,577457341,577457341,281360.309748,enabled
1782984475.816,2026-07-02 09:27:55.817,dml_deletes,11947322,11947322,5821.211774,enabled
1782984475.816,2026-07-02 09:27:55.817,dml_inserts,111832725,111832725,54489.363905,enabled
1782984475.816,2026-07-02 09:27:55.817,dml_system_deletes,468,468,0.228028,enabled
1782984475.816,2026-07-02 09:27:55.817,dml_system_inserts,1202,1202,0.585662,enabled
1782984475.816,2026-07-02 09:27:55.817,dml_system_reads,7661,7661,3.732745,enabled
1782984475.816,2026-07-02 09:27:55.817,dml_system_updates,620,620,0.302089,enabled
1782984475.816,2026-07-02 09:27:55.817,dml_updates,23894765,23894765,11642.482490,enabled
1782984475.816,2026-07-02 09:27:55.817,file_num_open_files,35,35,0.000000,enabled
1782984475.816,2026-07-02 09:27:55.817,ibuf_merges,0,0,0.000000,enabled
1782984475.816,2026-07-02 09:27:55.817,ibuf_merges_delete,0,0,0.000000,enabled
1782984475.816,2026-07-02 09:27:55.817,ibuf_merges_delete_mark,0,0,0.000000,enabled
1782984475.816,2026-07-02 09:27:55.817,ibuf_merges_discard_delete,0,0,0.000000,enabled
1782984475.816,2026-07-02 09:27:55.817,ibuf_merges_discard_delete_mark,0,0,0.000000,enabled
1782984475.816,2026-07-02 09:27:55.817,ibuf_merges_discard_insert,0,0,0.000000,enabled
1782984475.816,2026-07-02 09:27:55.817,ibuf_merges_insert,0,0,0.000000,enabled
1782984475.816,2026-07-02 09:27:55.817,ibuf_size,1,1,0.000487,enabled
1782984475.816,2026-07-02 09:27:55.817,innodb_activity_count,16634874,16634874,8105.174195,enabled
1782984475.816,2026-07-02 09:27:55.817,innodb_dblwr_pages_written,21459727,21459727,10456.034974,enabled
1782984475.816,2026-07-02 09:27:55.817,innodb_dblwr_writes,432822,432822,210.888143,enabled
1782984475.816,2026-07-02 09:27:55.817,innodb_page_size,16384,16384,0.000000,enabled
1782984475.816,2026-07-02 09:27:55.817,innodb_rwlock_sx_os_waits,0,0,0.000000,enabled
1782984475.816,2026-07-02 09:27:55.817,innodb_rwlock_sx_spin_rounds,0,0,0.000000,enabled
1782984475.816,2026-07-02 09:27:55.817,innodb_rwlock_sx_spin_waits,0,0,0.000000,enabled
1782984475.816,2026-07-02 09:27:55.817,innodb_rwlock_s_os_waits,0,0,0.000000,enabled
1782984475.816,2026-07-02 09:27:55.817,innodb_rwlock_s_spin_rounds,0,0,0.000000,enabled
1782984475.816,2026-07-02 09:27:55.817,innodb_rwlock_s_spin_waits,0,0,0.000000,enabled
1782984475.816,2026-07-02 09:27:55.817,innodb_rwlock_x_os_waits,0,0,0.000000,enabled
1782984475.816,2026-07-02 09:27:55.817,innodb_rwlock_x_spin_rounds,0,0,0.000000,enabled
1782984475.816,2026-07-02 09:27:55.817,innodb_rwlock_x_spin_waits,0,0,0.000000,enabled
1782984475.816,2026-07-02 09:27:55.817,lock_deadlocks,0,0,0.000000,enabled
1782984475.816,2026-07-02 09:27:55.817,lock_deadlock_false_positives,0,0,0.000000,enabled
1782984475.816,2026-07-02 09:27:55.817,lock_deadlock_rounds,2289,2289,1.115292,enabled
1782984475.816,2026-07-02 09:27:55.817,lock_rec_grant_attempts,425,425,0.207077,enabled
1782984475.816,2026-07-02 09:27:55.817,lock_rec_release_attempts,36312382,36312382,17692.845081,enabled
1782984475.816,2026-07-02 09:27:55.817,lock_row_lock_current_waits,0,0,0.000000,enabled
1782984475.816,2026-07-02 09:27:55.817,lock_row_lock_time,323,323,0.157379,enabled
1782984475.816,2026-07-02 09:27:55.817,lock_row_lock_time_avg,0,0,0.000000,enabled
1782984475.816,2026-07-02 09:27:55.817,lock_row_lock_time_max,29,29,0.000000,enabled
1782984475.816,2026-07-02 09:27:55.817,lock_row_lock_waits,425,425,0.207077,enabled
1782984475.816,2026-07-02 09:27:55.817,lock_schedule_refreshes,2289,2289,1.115292,enabled
1782984475.816,2026-07-02 09:27:55.817,lock_threads_waiting,0,0,0.000000,enabled
1782984475.816,2026-07-02 09:27:55.817,lock_timeouts,0,0,0.000000,enabled
1782984475.816,2026-07-02 09:27:55.817,log_waits,0,0,0.000000,enabled
1782984475.816,2026-07-02 09:27:55.817,log_writes,180120254,180120254,87761.777425,enabled
1782984475.816,2026-07-02 09:27:55.817,log_write_requests,387801085,387801085,188952.168253,enabled
1782984475.816,2026-07-02 09:27:55.817,os_data_fsyncs,46936526,46936526,22869.349844,enabled
1782984475.816,2026-07-02 09:27:55.817,os_data_reads,62020462,62020462,30218.845880,enabled
1782984475.816,2026-07-02 09:27:55.817,os_data_writes,202359709,202359709,98597.731406,enabled
1782984475.816,2026-07-02 09:27:55.817,os_log_bytes_written,116596392448,116596392448,56810418.450827,enabled
1782984475.816,2026-07-02 09:27:55.817,os_log_fsyncs,41238182,41238182,20092.889018,enabled
1782984475.816,2026-07-02 09:27:55.817,os_log_pending_fsyncs,1,1,0.000487,enabled
1782984475.816,2026-07-02 09:27:55.817,os_log_pending_writes,0,0,0.000000,enabled
1782984475.816,2026-07-02 09:27:55.817,trx_rseg_history_len,714,714,0.000000,enabled
1782984476.888,2026-07-02 09:27:56.890,adaptive_hash_searches,0,0,0.000000,enabled
1782984476.888,2026-07-02 09:27:56.890,adaptive_hash_searches_btree,556771688,556771688,271140.428569,enabled
1782984476.888,2026-07-02 09:27:56.890,buffer_data_reads,1012163922432,1012163922432,492910468.099537,enabled
1782984476.888,2026-07-02 09:27:56.890,buffer_data_written,503571107840,503571107840,245232481.423178,enabled
1782984476.888,2026-07-02 09:27:56.890,buffer_pages0_read,7,7,0.003409,enabled
1782984476.888,2026-07-02 09:27:56.890,buffer_pages_created,1804911,1804911,878.967837,enabled
1782984476.888,2026-07-02 09:27:56.890,buffer_pages_read,61951857,61951857,30169.736558,enabled
1782984476.888,2026-07-02 09:27:56.890,buffer_pages_written,21534924,21534924,10487.223753,enabled
1782984476.888,2026-07-02 09:27:56.890,buffer_pool_bytes_data,12854870016,12854870016,0.000000,enabled
1782984476.888,2026-07-02 09:27:56.890,buffer_pool_bytes_dirty,4671930368,4671930368,0.000000,enabled
1782984476.888,2026-07-02 09:27:56.890,buffer_pool_pages_data,784599,784599,0.000000,enabled
1782984476.888,2026-07-02 09:27:56.890,buffer_pool_pages_dirty,285152,285152,0.000000,enabled
1782984476.888,2026-07-02 09:27:56.890,buffer_pool_pages_flushed,21477825,21477825,0.000000,enabled
1782984476.888,2026-07-02 09:27:56.890,buffer_pool_pages_free,1735,1735,0.000000,enabled
1782984476.888,2026-07-02 09:27:56.890,buffer_pool_pages_lru_flushed,0,0,0.000000,enabled
1782984476.888,2026-07-02 09:27:56.890,buffer_pool_pages_misc,96,96,0.000000,enabled
1782984476.888,2026-07-02 09:27:56.890,buffer_pool_pages_total,786432,786432,0.000000,enabled
1782984476.888,2026-07-02 09:27:56.890,buffer_pool_reads,61068767,61068767,29739.684568,enabled
1782984476.888,2026-07-02 09:27:56.890,buffer_pool_read_ahead,803715,803715,391.398607,enabled
1782984476.888,2026-07-02 09:27:56.890,buffer_pool_read_ahead_evicted,25,25,0.012175,enabled
1782984476.888,2026-07-02 09:27:56.890,buffer_pool_read_requests,2675966242,2675966242,1303160.279370,enabled
1782984476.888,2026-07-02 09:27:56.890,buffer_pool_size,12884901888,12884901888,0.000000,enabled
1782984476.888,2026-07-02 09:27:56.890,buffer_pool_wait_free,18945,18945,9.225965,enabled
1782984476.888,2026-07-02 09:27:56.890,buffer_pool_write_requests,577573037,577573037,281270.454006,enabled
1782984476.888,2026-07-02 09:27:56.890,dml_deletes,11952233,11952233,5820.578807,enabled
1782984476.888,2026-07-02 09:27:56.890,dml_inserts,111837636,111837636,54463.444156,enabled
1782984476.888,2026-07-02 09:27:56.890,dml_system_deletes,468,468,0.227910,enabled
1782984476.888,2026-07-02 09:27:56.890,dml_system_inserts,1202,1202,0.585358,enabled
1782984476.888,2026-07-02 09:27:56.890,dml_system_reads,7661,7661,3.730805,enabled
1782984476.888,2026-07-02 09:27:56.890,dml_system_updates,620,620,0.301932,enabled
1782984476.888,2026-07-02 09:27:56.890,dml_updates,23904587,23904587,11641.216528,enabled
1782984476.888,2026-07-02 09:27:56.890,file_num_open_files,35,35,0.000000,enabled
1782984476.888,2026-07-02 09:27:56.890,ibuf_merges,0,0,0.000000,enabled
1782984476.888,2026-07-02 09:27:56.890,ibuf_merges_delete,0,0,0.000000,enabled
1782984476.888,2026-07-02 09:27:56.890,ibuf_merges_delete_mark,0,0,0.000000,enabled
1782984476.888,2026-07-02 09:27:56.890,ibuf_merges_discard_delete,0,0,0.000000,enabled
1782984476.888,2026-07-02 09:27:56.890,ibuf_merges_discard_delete_mark,0,0,0.000000,enabled
1782984476.888,2026-07-02 09:27:56.890,ibuf_merges_discard_insert,0,0,0.000000,enabled
1782984476.888,2026-07-02 09:27:56.890,ibuf_merges_insert,0,0,0.000000,enabled
1782984476.888,2026-07-02 09:27:56.890,ibuf_size,1,1,0.000487,enabled
1782984476.888,2026-07-02 09:27:56.890,innodb_activity_count,16640519,16640519,8103.711982,enabled
1782984476.888,2026-07-02 09:27:56.890,innodb_dblwr_pages_written,21475903,21475903,10458.479769,enabled
1782984476.888,2026-07-02 09:27:56.890,innodb_dblwr_writes,433196,433196,210.960704,enabled
1782984476.888,2026-07-02 09:27:56.890,innodb_page_size,16384,16384,0.000000,enabled
1782984476.888,2026-07-02 09:27:56.890,innodb_rwlock_sx_os_waits,0,0,0.000000,enabled
1782984476.888,2026-07-02 09:27:56.890,innodb_rwlock_sx_spin_rounds,0,0,0.000000,enabled
1782984476.888,2026-07-02 09:27:56.890,innodb_rwlock_sx_spin_waits,0,0,0.000000,enabled
1782984476.888,2026-07-02 09:27:56.890,innodb_rwlock_s_os_waits,0,0,0.000000,enabled
1782984476.888,2026-07-02 09:27:56.890,innodb_rwlock_s_spin_rounds,0,0,0.000000,enabled
1782984476.888,2026-07-02 09:27:56.890,innodb_rwlock_s_spin_waits,0,0,0.000000,enabled
1782984476.888,2026-07-02 09:27:56.890,innodb_rwlock_x_os_waits,0,0,0.000000,enabled
1782984476.888,2026-07-02 09:27:56.890,innodb_rwlock_x_spin_rounds,0,0,0.000000,enabled
1782984476.888,2026-07-02 09:27:56.890,innodb_rwlock_x_spin_waits,0,0,0.000000,enabled
1782984476.888,2026-07-02 09:27:56.890,lock_deadlocks,0,0,0.000000,enabled
1782984476.888,2026-07-02 09:27:56.890,lock_deadlock_false_positives,0,0,0.000000,enabled
1782984476.888,2026-07-02 09:27:56.890,lock_deadlock_rounds,2290,2290,1.115200,enabled
1782984476.888,2026-07-02 09:27:56.890,lock_rec_grant_attempts,425,425,0.206969,enabled
1782984476.888,2026-07-02 09:27:56.890,lock_rec_release_attempts,36327341,36327341,17690.936414,enabled
1782984476.888,2026-07-02 09:27:56.890,lock_row_lock_current_waits,0,0,0.000000,enabled
1782984476.888,2026-07-02 09:27:56.890,lock_row_lock_time,323,323,0.157297,enabled
1782984476.888,2026-07-02 09:27:56.890,lock_row_lock_time_avg,0,0,0.000000,enabled
1782984476.888,2026-07-02 09:27:56.890,lock_row_lock_time_max,29,29,0.000000,enabled
1782984476.888,2026-07-02 09:27:56.890,lock_row_lock_waits,425,425,0.206969,enabled
1782984476.888,2026-07-02 09:27:56.890,lock_schedule_refreshes,2290,2290,1.115200,enabled
1782984476.888,2026-07-02 09:27:56.890,lock_threads_waiting,0,0,0.000000,enabled
1782984476.888,2026-07-02 09:27:56.890,lock_timeouts,0,0,0.000000,enabled
1782984476.888,2026-07-02 09:27:56.890,log_waits,0,0,0.000000,enabled
1782984476.888,2026-07-02 09:27:56.890,log_writes,180201292,180201292,87755.642274,enabled
1782984476.888,2026-07-02 09:27:56.890,log_write_requests,387884540,387884540,188894.633219,enabled
1782984476.888,2026-07-02 09:27:56.890,os_data_fsyncs,46972200,46972200,22874.839899,enabled
1782984476.888,2026-07-02 09:27:56.890,os_data_reads,62078097,62078097,30231.211912,enabled
1782984476.888,2026-07-02 09:27:56.890,os_data_writes,202457246,202457246,98594.000109,enabled
1782984476.888,2026-07-02 09:27:56.890,os_log_bytes_written,116638764032,116638764032,56801534.696495,enabled
1782984476.888,2026-07-02 09:27:56.890,os_log_fsyncs,41268602,41268602,20097.263086,enabled
1782984476.888,2026-07-02 09:27:56.890,os_log_pending_fsyncs,1,1,0.000487,enabled
1782984476.888,2026-07-02 09:27:56.890,os_log_pending_writes,0,0,0.000000,enabled
1782984476.888,2026-07-02 09:27:56.890,trx_rseg_history_len,808,808,0.000000,enabled
1782984477.955,2026-07-02 09:27:57.957,adaptive_hash_searches,0,0,0.000000,enabled
1782984477.955,2026-07-02 09:27:57.957,adaptive_hash_searches_btree,556943248,556943248,271082.435712,enabled
1782984477.955,2026-07-02 09:27:57.957,buffer_data_reads,1013112752640,1013112752640,493115077.533834,enabled
1782984477.955,2026-07-02 09:27:57.957,buffer_data_written,503887606784,503887606784,245258561.183657,enabled
1782984477.955,2026-07-02 09:27:57.957,buffer_pages0_read,7,7,0.003407,enabled
1782984477.955,2026-07-02 09:27:57.957,buffer_pages_created,1804953,1804953,878.529606,enabled
1782984477.955,2026-07-02 09:27:57.957,buffer_pages_read,62009910,62009910,30182.249276,enabled
1782984477.955,2026-07-02 09:27:57.957,buffer_pages_written,21551291,21551291,10489.717525,enabled
1782984477.955,2026-07-02 09:27:57.957,buffer_pool_bytes_data,12852625408,12852625408,0.000000,enabled
1782984477.955,2026-07-02 09:27:57.957,buffer_pool_bytes_dirty,4677206016,4677206016,0.000000,enabled
1782984477.955,2026-07-02 09:27:57.957,buffer_pool_pages_data,784460,784460,0.000000,enabled
1782984477.955,2026-07-02 09:27:57.957,buffer_pool_pages_dirty,285474,285474,0.000000,enabled
1782984477.955,2026-07-02 09:27:57.957,buffer_pool_pages_flushed,21494189,21494189,0.000000,enabled
1782984477.955,2026-07-02 09:27:57.957,buffer_pool_pages_free,1874,1874,0.000000,enabled
1782984477.955,2026-07-02 09:27:57.957,buffer_pool_pages_lru_flushed,0,0,0.000000,enabled
1782984477.955,2026-07-02 09:27:57.957,buffer_pool_pages_misc,96,96,0.000000,enabled
1782984477.955,2026-07-02 09:27:57.957,buffer_pool_pages_total,786432,786432,0.000000,enabled
1782984477.955,2026-07-02 09:27:57.957,buffer_pool_reads,61126759,61126759,29752.392099,enabled
1782984477.955,2026-07-02 09:27:57.957,buffer_pool_read_ahead,803715,803715,391.194363,enabled
1782984477.955,2026-07-02 09:27:57.957,buffer_pool_read_ahead_evicted,25,25,0.012168,enabled
1782984477.955,2026-07-02 09:27:57.957,buffer_pool_read_requests,2676816461,2676816461,1302894.080540,enabled
1782984477.955,2026-07-02 09:27:57.957,buffer_pool_size,12884901888,12884901888,0.000000,enabled
1782984477.955,2026-07-02 09:27:57.957,buffer_pool_wait_free,18945,18945,9.221151,enabled
1782984477.955,2026-07-02 09:27:57.957,buffer_pool_write_requests,577689265,577689265,281180.250525,enabled
1782984477.955,2026-07-02 09:27:57.957,dml_deletes,11957192,11957192,5819.954975,enabled
1782984477.955,2026-07-02 09:27:57.957,dml_inserts,111842594,111842594,54437.434987,enabled
1782984477.955,2026-07-02 09:27:57.957,dml_system_deletes,468,468,0.227791,enabled
1782984477.955,2026-07-02 09:27:57.957,dml_system_inserts,1202,1202,0.585053,enabled
1782984477.955,2026-07-02 09:27:57.957,dml_system_reads,7661,7661,3.728858,enabled
1782984477.955,2026-07-02 09:27:57.957,dml_system_updates,620,620,0.301774,enabled
1782984477.955,2026-07-02 09:27:57.957,dml_updates,23914501,23914501,11639.966886,enabled
1782984477.955,2026-07-02 09:27:57.957,file_num_open_files,35,35,0.000000,enabled
1782984477.955,2026-07-02 09:27:57.957,ibuf_merges,0,0,0.000000,enabled
1782984477.955,2026-07-02 09:27:57.957,ibuf_merges_delete,0,0,0.000000,enabled
1782984477.955,2026-07-02 09:27:57.957,ibuf_merges_delete_mark,0,0,0.000000,enabled
1782984477.955,2026-07-02 09:27:57.957,ibuf_merges_discard_delete,0,0,0.000000,enabled
1782984477.955,2026-07-02 09:27:57.957,ibuf_merges_discard_delete_mark,0,0,0.000000,enabled
1782984477.955,2026-07-02 09:27:57.957,ibuf_merges_discard_insert,0,0,0.000000,enabled
1782984477.955,2026-07-02 09:27:57.957,ibuf_merges_insert,0,0,0.000000,enabled
1782984477.955,2026-07-02 09:27:57.957,ibuf_size,1,1,0.000487,enabled
1782984477.955,2026-07-02 09:27:57.957,innodb_activity_count,16646216,16646216,8102.255898,enabled
1782984477.955,2026-07-02 09:27:57.957,innodb_dblwr_pages_written,21492326,21492326,10461.015513,enabled
1782984477.955,2026-07-02 09:27:57.957,innodb_dblwr_writes,433588,433588,211.041411,enabled
1782984477.955,2026-07-02 09:27:57.957,innodb_page_size,16384,16384,0.000000,enabled
1782984477.955,2026-07-02 09:27:57.957,innodb_rwlock_sx_os_waits,0,0,0.000000,enabled
1782984477.955,2026-07-02 09:27:57.957,innodb_rwlock_sx_spin_rounds,0,0,0.000000,enabled
1782984477.955,2026-07-02 09:27:57.957,innodb_rwlock_sx_spin_waits,0,0,0.000000,enabled
1782984477.955,2026-07-02 09:27:57.957,innodb_rwlock_s_os_waits,0,0,0.000000,enabled
1782984477.955,2026-07-02 09:27:57.957,innodb_rwlock_s_spin_rounds,0,0,0.000000,enabled
1782984477.955,2026-07-02 09:27:57.957,innodb_rwlock_s_spin_waits,0,0,0.000000,enabled
1782984477.955,2026-07-02 09:27:57.957,innodb_rwlock_x_os_waits,0,0,0.000000,enabled
1782984477.955,2026-07-02 09:27:57.957,innodb_rwlock_x_spin_rounds,0,0,0.000000,enabled
1782984477.955,2026-07-02 09:27:57.957,innodb_rwlock_x_spin_waits,0,0,0.000000,enabled
1782984477.955,2026-07-02 09:27:57.957,lock_deadlocks,0,0,0.000000,enabled
1782984477.955,2026-07-02 09:27:57.957,lock_deadlock_false_positives,0,0,0.000000,enabled
1782984477.955,2026-07-02 09:27:57.957,lock_deadlock_rounds,2291,2291,1.115105,enabled
1782984477.955,2026-07-02 09:27:57.957,lock_rec_grant_attempts,425,425,0.206861,enabled
1782984477.955,2026-07-02 09:27:57.957,lock_rec_release_attempts,36342393,36342393,17689.031113,enabled
1782984477.955,2026-07-02 09:27:57.957,lock_row_lock_current_waits,0,0,0.000000,enabled
1782984477.955,2026-07-02 09:27:57.957,lock_row_lock_time,323,323,0.157215,enabled
1782984477.955,2026-07-02 09:27:57.957,lock_row_lock_time_avg,0,0,0.000000,enabled
1782984477.955,2026-07-02 09:27:57.957,lock_row_lock_time_max,29,29,0.000000,enabled
1782984477.955,2026-07-02 09:27:57.957,lock_row_lock_waits,425,425,0.206861,enabled
1782984477.955,2026-07-02 09:27:57.957,lock_schedule_refreshes,2291,2291,1.115105,enabled
1782984477.955,2026-07-02 09:27:57.957,lock_threads_waiting,0,0,0.000000,enabled
1782984477.955,2026-07-02 09:27:57.957,lock_timeouts,0,0,0.000000,enabled
1782984477.955,2026-07-02 09:27:57.957,log_waits,0,0,0.000000,enabled
1782984477.955,2026-07-02 09:27:57.957,log_writes,180282309,180282309,87749.280506,enabled
1782984477.955,2026-07-02 09:27:57.957,log_write_requests,387968626,387968626,188836.985754,enabled
1782984477.955,2026-07-02 09:27:57.957,os_data_fsyncs,47008118,47008118,22880.385243,enabled
1782984477.955,2026-07-02 09:27:57.957,os_data_reads,62135975,62135975,30243.607030,enabled
1782984477.955,2026-07-02 09:27:57.957,os_data_writes,202554904,202554904,98590.082687,enabled
1782984477.955,2026-07-02 09:27:57.957,os_log_bytes_written,116681065472,116681065472,56792482.577484,enabled
1782984477.955,2026-07-02 09:27:57.957,os_log_fsyncs,41299278,41299278,20101.706432,enabled
1782984477.955,2026-07-02 09:27:57.957,os_log_pending_fsyncs,0,0,0.000000,enabled
1782984477.955,2026-07-02 09:27:57.957,os_log_pending_writes,0,0,0.000000,enabled
1782984477.955,2026-07-02 09:27:57.957,trx_rseg_history_len,939,939,0.000000,enabled
1782984479.027,2026-07-02 09:27:59.029,adaptive_hash_searches,0,0,0.000000,enabled
1782984479.027,2026-07-02 09:27:59.029,adaptive_hash_searches_btree,557114649,557114649,271024.310402,enabled
1782984479.027,2026-07-02 09:27:59.029,buffer_data_reads,1014064204288,1014064204288,493320518.456478,enabled
1782984479.027,2026-07-02 09:27:59.029,buffer_data_written,504204004864,504204004864,245284450.285089,enabled
1782984479.027,2026-07-02 09:27:59.029,buffer_pages0_read,7,7,0.003405,enabled
1782984479.027,2026-07-02 09:27:59.029,buffer_pages_created,1805001,1805001,878.094339,enabled
1782984479.027,2026-07-02 09:27:59.029,buffer_pages_read,62068161,62068161,30194.831146,enabled
1782984479.027,2026-07-02 09:27:59.029,buffer_pages_written,21567607,21567607,10492.178980,enabled
1782984479.027,2026-07-02 09:27:59.029,buffer_pool_bytes_data,12855361536,12855361536,0.000000,enabled
1782984479.027,2026-07-02 09:27:59.029,buffer_pool_bytes_dirty,4681859072,4681859072,0.000000,enabled
1782984479.027,2026-07-02 09:27:59.029,buffer_pool_pages_data,784628,784628,0.000000,enabled
1782984479.027,2026-07-02 09:27:59.029,buffer_pool_pages_dirty,285758,285758,0.000000,enabled
1782984479.027,2026-07-02 09:27:59.029,buffer_pool_pages_flushed,21510537,21510537,0.000000,enabled
1782984479.027,2026-07-02 09:27:59.029,buffer_pool_pages_free,1706,1706,0.000000,enabled
1782984479.027,2026-07-02 09:27:59.029,buffer_pool_pages_lru_flushed,0,0,0.000000,enabled
1782984479.027,2026-07-02 09:27:59.029,buffer_pool_pages_misc,98,98,0.000000,enabled
1782984479.027,2026-07-02 09:27:59.029,buffer_pool_pages_total,786432,786432,0.000000,enabled
1782984479.027,2026-07-02 09:27:59.029,buffer_pool_reads,61184954,61184954,29765.171000,enabled
1782984479.027,2026-07-02 09:27:59.029,buffer_pool_read_ahead,803715,803715,390.990146,enabled
1782984479.027,2026-07-02 09:27:59.029,buffer_pool_read_ahead_evicted,25,25,0.012162,enabled
1782984479.027,2026-07-02 09:27:59.029,buffer_pool_read_requests,2677666833,2677666833,1302627.614441,enabled
1782984479.027,2026-07-02 09:27:59.029,buffer_pool_size,12884901888,12884901888,0.000000,enabled
1782984479.027,2026-07-02 09:27:59.029,buffer_pool_wait_free,18945,18945,9.216337,enabled
1782984479.027,2026-07-02 09:27:59.029,buffer_pool_write_requests,577805587,577805587,281090.053217,enabled
1782984479.027,2026-07-02 09:27:59.029,dml_deletes,11962134,11962134,5819.321072,enabled
1782984479.027,2026-07-02 09:27:59.029,dml_inserts,111847537,111847537,54411.422706,enabled
1782984479.027,2026-07-02 09:27:59.029,dml_system_deletes,468,468,0.227672,enabled
1782984479.027,2026-07-02 09:27:59.029,dml_system_inserts,1202,1202,0.584747,enabled
1782984479.027,2026-07-02 09:27:59.029,dml_system_reads,7661,7661,3.726912,enabled
1782984479.027,2026-07-02 09:27:59.029,dml_system_updates,620,620,0.301617,enabled
1782984479.027,2026-07-02 09:27:59.029,dml_updates,23924389,23924389,11638.700999,enabled
1782984479.027,2026-07-02 09:27:59.029,file_num_open_files,35,35,0.000000,enabled
1782984479.027,2026-07-02 09:27:59.029,ibuf_merges,0,0,0.000000,enabled
1782984479.027,2026-07-02 09:27:59.029,ibuf_merges_delete,0,0,0.000000,enabled
1782984479.027,2026-07-02 09:27:59.029,ibuf_merges_delete_mark,0,0,0.000000,enabled
1782984479.027,2026-07-02 09:27:59.029,ibuf_merges_discard_delete,0,0,0.000000,enabled
1782984479.027,2026-07-02 09:27:59.029,ibuf_merges_discard_delete_mark,0,0,0.000000,enabled
1782984479.027,2026-07-02 09:27:59.029,ibuf_merges_discard_insert,0,0,0.000000,enabled
1782984479.027,2026-07-02 09:27:59.029,ibuf_merges_insert,0,0,0.000000,enabled
1782984479.027,2026-07-02 09:27:59.029,ibuf_size,1,1,0.000486,enabled
1782984479.027,2026-07-02 09:27:59.029,innodb_activity_count,16651896,16651896,8100.789621,enabled
1782984479.027,2026-07-02 09:27:59.029,innodb_dblwr_pages_written,21508615,21508615,10463.478987,enabled
1782984479.027,2026-07-02 09:27:59.029,innodb_dblwr_writes,433943,433943,211.103944,enabled
1782984479.027,2026-07-02 09:27:59.029,innodb_page_size,16384,16384,0.000000,enabled
1782984479.027,2026-07-02 09:27:59.029,innodb_rwlock_sx_os_waits,0,0,0.000000,enabled
1782984479.027,2026-07-02 09:27:59.029,innodb_rwlock_sx_spin_rounds,0,0,0.000000,enabled
1782984479.027,2026-07-02 09:27:59.029,innodb_rwlock_sx_spin_waits,0,0,0.000000,enabled
1782984479.027,2026-07-02 09:27:59.029,innodb_rwlock_s_os_waits,0,0,0.000000,enabled
1782984479.027,2026-07-02 09:27:59.029,innodb_rwlock_s_spin_rounds,0,0,0.000000,enabled
1782984479.027,2026-07-02 09:27:59.029,innodb_rwlock_s_spin_waits,0,0,0.000000,enabled
1782984479.027,2026-07-02 09:27:59.029,innodb_rwlock_x_os_waits,0,0,0.000000,enabled
1782984479.027,2026-07-02 09:27:59.029,innodb_rwlock_x_spin_rounds,0,0,0.000000,enabled
1782984479.027,2026-07-02 09:27:59.029,innodb_rwlock_x_spin_waits,0,0,0.000000,enabled
1782984479.027,2026-07-02 09:27:59.029,lock_deadlocks,0,0,0.000000,enabled
1782984479.027,2026-07-02 09:27:59.029,lock_deadlock_false_positives,0,0,0.000000,enabled
1782984479.027,2026-07-02 09:27:59.029,lock_deadlock_rounds,2292,2292,1.115009,enabled
1782984479.027,2026-07-02 09:27:59.029,lock_rec_grant_attempts,425,425,0.206753,enabled
1782984479.027,2026-07-02 09:27:59.029,lock_rec_release_attempts,36357444,36357444,17687.118847,enabled
1782984479.027,2026-07-02 09:27:59.029,lock_row_lock_current_waits,0,0,0.000000,enabled
1782984479.027,2026-07-02 09:27:59.029,lock_row_lock_time,323,323,0.157133,enabled
1782984479.027,2026-07-02 09:27:59.029,lock_row_lock_time_avg,0,0,0.000000,enabled
1782984479.027,2026-07-02 09:27:59.029,lock_row_lock_time_max,29,29,0.000000,enabled
1782984479.027,2026-07-02 09:27:59.029,lock_row_lock_waits,425,425,0.206753,enabled
1782984479.027,2026-07-02 09:27:59.029,lock_schedule_refreshes,2292,2292,1.115009,enabled
1782984479.027,2026-07-02 09:27:59.029,lock_threads_waiting,0,0,0.000000,enabled
1782984479.027,2026-07-02 09:27:59.029,lock_timeouts,0,0,0.000000,enabled
1782984479.027,2026-07-02 09:27:59.029,log_waits,0,0,0.000000,enabled
1782984479.027,2026-07-02 09:27:59.029,log_writes,180363792,180363792,87743.113619,enabled
1782984479.027,2026-07-02 09:27:59.029,log_write_requests,388052589,388052589,188779.255821,enabled
1782984479.027,2026-07-02 09:27:59.029,os_data_fsyncs,47043532,47043532,22885.669319,enabled
1782984479.027,2026-07-02 09:27:59.029,os_data_reads,62194051,62194051,30256.071908,enabled
1782984479.027,2026-07-02 09:27:59.029,os_data_writes,202652959,202652959,98586.318078,enabled
1782984479.027,2026-07-02 09:27:59.029,os_log_bytes_written,116723887616,116723887616,56783667.700047,enabled
1782984479.027,2026-07-02 09:27:59.029,os_log_fsyncs,41329638,41329638,20105.982384,enabled
1782984479.027,2026-07-02 09:27:59.029,os_log_pending_fsyncs,0,0,0.000000,enabled
1782984479.027,2026-07-02 09:27:59.029,os_log_pending_writes,1,1,0.000486,enabled
1782984479.027,2026-07-02 09:27:59.029,trx_rseg_history_len,1090,1090,0.000000,enabled
1782984480.100,2026-07-02 09:28:00.102,adaptive_hash_searches,0,0,0.000000,enabled
1782984480.100,2026-07-02 09:28:00.102,adaptive_hash_searches_btree,557286484,557286484,270966.445509,enabled
1782984480.100,2026-07-02 09:28:00.102,buffer_data_reads,1015014541824,1015014541824,493525260.435639,enabled
1782984480.100,2026-07-02 09:28:00.102,buffer_data_written,504522531328,504522531328,245311375.326415,enabled
1782984480.100,2026-07-02 09:28:00.102,buffer_pages0_read,7,7,0.003404,enabled
1782984480.100,2026-07-02 09:28:00.102,buffer_pages_created,1805045,1805045,877.657687,enabled
1782984480.100,2026-07-02 09:28:00.102,buffer_pages_read,62126303,62126303,30207.350421,enabled
1782984480.100,2026-07-02 09:28:00.102,buffer_pages_written,21584081,21584081,10494.715933,enabled
1782984480.100,2026-07-02 09:28:00.102,buffer_pool_bytes_data,12846923776,12846923776,0.000000,enabled
1782984480.100,2026-07-02 09:28:00.102,buffer_pool_bytes_dirty,4686053376,4686053376,0.000000,enabled
1782984480.100,2026-07-02 09:28:00.102,buffer_pool_pages_data,784113,784113,0.000000,enabled
1782984480.100,2026-07-02 09:28:00.102,buffer_pool_pages_dirty,286014,286014,0.000000,enabled
1782984480.100,2026-07-02 09:28:00.102,buffer_pool_pages_flushed,21527011,21527011,0.000000,enabled
1782984480.100,2026-07-02 09:28:00.102,buffer_pool_pages_free,2220,2220,0.000000,enabled
1782984480.100,2026-07-02 09:28:00.102,buffer_pool_pages_lru_flushed,0,0,0.000000,enabled
1782984480.100,2026-07-02 09:28:00.102,buffer_pool_pages_misc,97,97,0.000000,enabled
1782984480.100,2026-07-02 09:28:00.102,buffer_pool_pages_total,786432,786432,0.000000,enabled
1782984480.100,2026-07-02 09:28:00.102,buffer_pool_reads,61243034,61243034,29777.884702,enabled
1782984480.100,2026-07-02 09:28:00.102,buffer_pool_read_ahead,803715,803715,390.786195,enabled
1782984480.100,2026-07-02 09:28:00.102,buffer_pool_read_ahead_evicted,25,25,0.012156,enabled
1782984480.100,2026-07-02 09:28:00.102,buffer_pool_read_requests,2678517928,2678517928,1302361.953780,enabled
1782984480.100,2026-07-02 09:28:00.102,buffer_pool_size,12884901888,12884901888,0.000000,enabled
1782984480.100,2026-07-02 09:28:00.102,buffer_pool_wait_free,18945,18945,9.211530,enabled
1782984480.100,2026-07-02 09:28:00.102,buffer_pool_write_requests,577921738,577921738,280999.904956,enabled
1782984480.100,2026-07-02 09:28:00.102,dml_deletes,11967093,11967093,5818.695696,enabled
1782984480.100,2026-07-02 09:28:00.102,dml_inserts,111852494,111852494,54385.440692,enabled
1782984480.100,2026-07-02 09:28:00.102,dml_system_deletes,468,468,0.227553,enabled
1782984480.100,2026-07-02 09:28:00.102,dml_system_inserts,1202,1202,0.584442,enabled
1782984480.100,2026-07-02 09:28:00.102,dml_system_reads,7661,7661,3.724967,enabled
1782984480.100,2026-07-02 09:28:00.102,dml_system_updates,620,620,0.301459,enabled
1782984480.100,2026-07-02 09:28:00.102,dml_updates,23934303,23934303,11637.448259,enabled
1782984480.100,2026-07-02 09:28:00.102,file_num_open_files,35,35,0.000000,enabled
1782984480.100,2026-07-02 09:28:00.102,ibuf_merges,0,0,0.000000,enabled
1782984480.100,2026-07-02 09:28:00.102,ibuf_merges_delete,0,0,0.000000,enabled
1782984480.100,2026-07-02 09:28:00.102,ibuf_merges_delete_mark,0,0,0.000000,enabled
1782984480.100,2026-07-02 09:28:00.102,ibuf_merges_discard_delete,0,0,0.000000,enabled
1782984480.100,2026-07-02 09:28:00.102,ibuf_merges_discard_delete_mark,0,0,0.000000,enabled
1782984480.100,2026-07-02 09:28:00.102,ibuf_merges_discard_insert,0,0,0.000000,enabled
1782984480.100,2026-07-02 09:28:00.102,ibuf_merges_insert,0,0,0.000000,enabled
1782984480.100,2026-07-02 09:28:00.102,ibuf_size,1,1,0.000486,enabled
1782984480.100,2026-07-02 09:28:00.102,innodb_activity_count,16657591,16657591,8099.331734,enabled
1782984480.100,2026-07-02 09:28:00.102,innodb_dblwr_pages_written,21525089,21525089,10466.029216,enabled
1782984480.100,2026-07-02 09:28:00.102,innodb_dblwr_writes,434326,434326,211.180015,enabled
1782984480.100,2026-07-02 09:28:00.102,innodb_page_size,16384,16384,0.000000,enabled
1782984480.100,2026-07-02 09:28:00.102,innodb_rwlock_sx_os_waits,0,0,0.000000,enabled
1782984480.100,2026-07-02 09:28:00.102,innodb_rwlock_sx_spin_rounds,0,0,0.000000,enabled
1782984480.100,2026-07-02 09:28:00.102,innodb_rwlock_sx_spin_waits,0,0,0.000000,enabled
1782984480.100,2026-07-02 09:28:00.102,innodb_rwlock_s_os_waits,0,0,0.000000,enabled
1782984480.100,2026-07-02 09:28:00.102,innodb_rwlock_s_spin_rounds,0,0,0.000000,enabled
1782984480.100,2026-07-02 09:28:00.102,innodb_rwlock_s_spin_waits,0,0,0.000000,enabled
1782984480.100,2026-07-02 09:28:00.102,innodb_rwlock_x_os_waits,0,0,0.000000,enabled
1782984480.100,2026-07-02 09:28:00.102,innodb_rwlock_x_spin_rounds,0,0,0.000000,enabled
1782984480.100,2026-07-02 09:28:00.102,innodb_rwlock_x_spin_waits,0,0,0.000000,enabled
1782984480.100,2026-07-02 09:28:00.102,lock_deadlocks,0,0,0.000000,enabled
1782984480.100,2026-07-02 09:28:00.102,lock_deadlock_false_positives,0,0,0.000000,enabled
1782984480.100,2026-07-02 09:28:00.102,lock_deadlock_rounds,2293,2293,1.114914,enabled
1782984480.100,2026-07-02 09:28:00.102,lock_rec_grant_attempts,425,425,0.206646,enabled
1782984480.100,2026-07-02 09:28:00.102,lock_rec_release_attempts,36372509,36372509,17685.217850,enabled
1782984480.100,2026-07-02 09:28:00.102,lock_row_lock_current_waits,0,0,0.000000,enabled
1782984480.100,2026-07-02 09:28:00.102,lock_row_lock_time,323,323,0.157051,enabled
1782984480.100,2026-07-02 09:28:00.102,lock_row_lock_time_avg,0,0,0.000000,enabled
1782984480.100,2026-07-02 09:28:00.102,lock_row_lock_time_max,29,29,0.000000,enabled
1782984480.100,2026-07-02 09:28:00.102,lock_row_lock_waits,425,425,0.206646,enabled
1782984480.100,2026-07-02 09:28:00.102,lock_schedule_refreshes,2293,2293,1.114914,enabled
1782984480.100,2026-07-02 09:28:00.102,lock_threads_waiting,0,0,0.000000,enabled
1782984480.100,2026-07-02 09:28:00.102,lock_timeouts,0,0,0.000000,enabled
1782984480.100,2026-07-02 09:28:00.102,log_waits,0,0,0.000000,enabled
1782984480.100,2026-07-02 09:28:00.102,log_writes,180445024,180445024,87736.831282,enabled
1782984480.100,2026-07-02 09:28:00.102,log_write_requests,388136744,388136744,188721.680002,enabled
1782984480.100,2026-07-02 09:28:00.102,os_data_fsyncs,47079106,47079106,22891.026733,enabled
1782984480.100,2026-07-02 09:28:00.102,os_data_reads,62252050,62252050,30268.487803,enabled
1782984480.100,2026-07-02 09:28:00.102,os_data_writes,202750988,202750988,98582.549443,enabled
1782984480.100,2026-07-02 09:28:00.102,os_log_bytes_written,116766370816,116766370816,56774699.644533,enabled
1782984480.100,2026-07-02 09:28:00.102,os_log_fsyncs,41359945,41359945,20110.228948,enabled
1782984480.100,2026-07-02 09:28:00.102,os_log_pending_fsyncs,1,1,0.000486,enabled
1782984480.100,2026-07-02 09:28:00.102,os_log_pending_writes,0,0,0.000000,enabled
1782984480.100,2026-07-02 09:28:00.102,trx_rseg_history_len,1222,1222,0.000000,enabled
1782984481.174,2026-07-02 09:28:01.176,adaptive_hash_searches,0,0,0.000000,enabled
1782984481.174,2026-07-02 09:28:01.176,adaptive_hash_searches_btree,557459489,557459489,270909.186881,enabled
1782984481.174,2026-07-02 09:28:01.176,buffer_data_reads,1015967107584,1015967107584,493730697.312447,enabled
1782984481.174,2026-07-02 09:28:01.176,buffer_data_written,504837301248,504837301248,245336360.480486,enabled
1782984481.174,2026-07-02 09:28:01.176,buffer_pages0_read,7,7,0.003402,enabled
1782984481.174,2026-07-02 09:28:01.176,buffer_pages_created,1805092,1805092,877.222632,enabled
1782984481.174,2026-07-02 09:28:01.176,buffer_pages_read,62184622,62184622,30219.931939,enabled
1782984481.174,2026-07-02 09:28:01.176,buffer_pages_written,21600214,21600214,10497.080762,enabled
1782984481.174,2026-07-02 09:28:01.176,buffer_pool_bytes_data,12856180736,12856180736,0.000000,enabled
1782984481.174,2026-07-02 09:28:01.176,buffer_pool_bytes_dirty,4695064576,4695064576,0.000000,enabled
1782984481.174,2026-07-02 09:28:01.176,buffer_pool_pages_data,784679,784679,0.000000,enabled
1782984481.174,2026-07-02 09:28:01.176,buffer_pool_pages_dirty,286564,286564,0.000000,enabled
1782984481.174,2026-07-02 09:28:01.176,buffer_pool_pages_flushed,21543144,21543144,0.000000,enabled
1782984481.174,2026-07-02 09:28:01.176,buffer_pool_pages_free,1657,1657,0.000000,enabled
1782984481.174,2026-07-02 09:28:01.176,buffer_pool_pages_lru_flushed,0,0,0.000000,enabled
1782984481.174,2026-07-02 09:28:01.176,buffer_pool_pages_misc,96,96,0.000000,enabled
1782984481.174,2026-07-02 09:28:01.176,buffer_pool_pages_total,786432,786432,0.000000,enabled
1782984481.174,2026-07-02 09:28:01.176,buffer_pool_reads,61301297,61301297,29790.662564,enabled
1782984481.174,2026-07-02 09:28:01.176,buffer_pool_read_ahead,803715,803715,390.582309,enabled
1782984481.174,2026-07-02 09:28:01.176,buffer_pool_read_ahead_evicted,25,25,0.012149,enabled
1782984481.174,2026-07-02 09:28:01.176,buffer_pool_read_requests,2679378679,2679378679,1302100.764407,enabled
1782984481.174,2026-07-02 09:28:01.176,buffer_pool_size,12884901888,12884901888,0.000000,enabled
1782984481.174,2026-07-02 09:28:01.176,buffer_pool_wait_free,18945,18945,9.206724,enabled
1782984481.174,2026-07-02 09:28:01.176,buffer_pool_write_requests,578041841,578041841,280911.663703,enabled
1782984481.174,2026-07-02 09:28:01.176,dml_deletes,11972089,11972089,5818.088769,enabled
1782984481.174,2026-07-02 09:28:01.176,dml_inserts,111857491,111857491,54359.503408,enabled
1782984481.174,2026-07-02 09:28:01.176,dml_system_deletes,468,468,0.227434,enabled
1782984481.174,2026-07-02 09:28:01.176,dml_system_inserts,1202,1202,0.584137,enabled
1782984481.174,2026-07-02 09:28:01.176,dml_system_reads,7661,7661,3.723024,enabled
1782984481.174,2026-07-02 09:28:01.176,dml_system_updates,620,620,0.301302,enabled
1782984481.174,2026-07-02 09:28:01.176,dml_updates,23944295,23944295,11636.234386,enabled
1782984481.174,2026-07-02 09:28:01.176,file_num_open_files,35,35,0.000000,enabled
1782984481.174,2026-07-02 09:28:01.176,ibuf_merges,0,0,0.000000,enabled
1782984481.174,2026-07-02 09:28:01.176,ibuf_merges_delete,0,0,0.000000,enabled
1782984481.174,2026-07-02 09:28:01.176,ibuf_merges_delete_mark,0,0,0.000000,enabled
1782984481.174,2026-07-02 09:28:01.176,ibuf_merges_discard_delete,0,0,0.000000,enabled
1782984481.174,2026-07-02 09:28:01.176,ibuf_merges_discard_delete_mark,0,0,0.000000,enabled
1782984481.174,2026-07-02 09:28:01.176,ibuf_merges_discard_insert,0,0,0.000000,enabled
1782984481.174,2026-07-02 09:28:01.176,ibuf_merges_insert,0,0,0.000000,enabled
1782984481.174,2026-07-02 09:28:01.176,ibuf_size,1,1,0.000486,enabled
1782984481.174,2026-07-02 09:28:01.176,innodb_activity_count,16663332,16663332,8097.897246,enabled
1782984481.174,2026-07-02 09:28:01.176,innodb_dblwr_pages_written,21541222,21541222,10468.410578,enabled
1782984481.174,2026-07-02 09:28:01.176,innodb_dblwr_writes,434685,434685,211.244332,enabled
1782984481.174,2026-07-02 09:28:01.176,innodb_page_size,16384,16384,0.000000,enabled
1782984481.174,2026-07-02 09:28:01.176,innodb_rwlock_sx_os_waits,0,0,0.000000,enabled
1782984481.174,2026-07-02 09:28:01.176,innodb_rwlock_sx_spin_rounds,0,0,0.000000,enabled
1782984481.174,2026-07-02 09:28:01.176,innodb_rwlock_sx_spin_waits,0,0,0.000000,enabled
1782984481.174,2026-07-02 09:28:01.176,innodb_rwlock_s_os_waits,0,0,0.000000,enabled
1782984481.174,2026-07-02 09:28:01.176,innodb_rwlock_s_spin_rounds,0,0,0.000000,enabled
1782984481.174,2026-07-02 09:28:01.176,innodb_rwlock_s_spin_waits,0,0,0.000000,enabled
1782984481.174,2026-07-02 09:28:01.176,innodb_rwlock_x_os_waits,0,0,0.000000,enabled
1782984481.174,2026-07-02 09:28:01.176,innodb_rwlock_x_spin_rounds,0,0,0.000000,enabled
1782984481.174,2026-07-02 09:28:01.176,innodb_rwlock_x_spin_waits,0,0,0.000000,enabled
1782984481.174,2026-07-02 09:28:01.176,lock_deadlocks,0,0,0.000000,enabled
1782984481.174,2026-07-02 09:28:01.176,lock_deadlock_false_positives,0,0,0.000000,enabled
1782984481.174,2026-07-02 09:28:01.176,lock_deadlock_rounds,2295,2295,1.115304,enabled
1782984481.174,2026-07-02 09:28:01.176,lock_rec_grant_attempts,425,425,0.206538,enabled
1782984481.174,2026-07-02 09:28:01.176,lock_rec_release_attempts,36387687,36387687,17683.366776,enabled
1782984481.174,2026-07-02 09:28:01.176,lock_row_lock_current_waits,0,0,0.000000,enabled
1782984481.174,2026-07-02 09:28:01.176,lock_row_lock_time,323,323,0.156969,enabled
1782984481.174,2026-07-02 09:28:01.176,lock_row_lock_time_avg,0,0,0.000000,enabled
1782984481.174,2026-07-02 09:28:01.176,lock_row_lock_time_max,29,29,0.000000,enabled
1782984481.174,2026-07-02 09:28:01.176,lock_row_lock_waits,425,425,0.206538,enabled
1782984481.174,2026-07-02 09:28:01.176,lock_schedule_refreshes,2295,2295,1.115304,enabled
1782984481.174,2026-07-02 09:28:01.176,lock_threads_waiting,0,0,0.000000,enabled
1782984481.174,2026-07-02 09:28:01.176,lock_timeouts,0,0,0.000000,enabled
1782984481.174,2026-07-02 09:28:01.176,log_waits,0,0,0.000000,enabled
1782984481.174,2026-07-02 09:28:01.176,log_writes,180528202,180528202,87731.487740,enabled
1782984481.174,2026-07-02 09:28:01.176,log_write_requests,388222808,388222808,188665.062732,enabled
1782984481.174,2026-07-02 09:28:01.176,os_data_fsyncs,47114778,47114778,22896.420968,enabled
1782984481.174,2026-07-02 09:28:01.176,os_data_reads,62310181,62310181,30280.947885,enabled
1782984481.174,2026-07-02 09:28:01.176,os_data_writes,202850527,202850527,98579.495899,enabled
1782984481.174,2026-07-02 09:28:01.176,os_log_bytes_written,116810149376,116810149376,56766357.847664,enabled
1782984481.174,2026-07-02 09:28:01.176,os_log_fsyncs,41390539,41390539,20114.606125,enabled
1782984481.174,2026-07-02 09:28:01.176,os_log_pending_fsyncs,0,0,0.000000,enabled
1782984481.174,2026-07-02 09:28:01.176,os_log_pending_writes,0,0,0.000000,enabled
1782984481.174,2026-07-02 09:28:01.176,trx_rseg_history_len,58,58,0.000000,enabled
1782984482.248,2026-07-02 09:28:02.249,adaptive_hash_searches,0,0,0.000000,enabled
1782984482.248,2026-07-02 09:28:02.249,adaptive_hash_searches_btree,557632179,557632179,270852.034580,enabled
1782984482.248,2026-07-02 09:28:02.249,buffer_data_reads,1016922065408,1016922065408,493937508.926174,enabled
1782984482.248,2026-07-02 09:28:02.249,buffer_data_written,505155190784,505155190784,245363046.784557,enabled
1782984482.248,2026-07-02 09:28:02.249,buffer_pages0_read,7,7,0.003400,enabled
1782984482.248,2026-07-02 09:28:02.249,buffer_pages_created,1805129,1805129,876.783935,enabled
1782984482.248,2026-07-02 09:28:02.249,buffer_pages_read,62243086,62243086,30232.596930,enabled
1782984482.248,2026-07-02 09:28:02.249,buffer_pages_written,21616614,21616614,10499.581920,enabled
1782984482.248,2026-07-02 09:28:02.249,buffer_pool_bytes_data,12858851328,12858851328,0.000000,enabled
1782984482.248,2026-07-02 09:28:02.249,buffer_pool_bytes_dirty,4697407488,4697407488,0.000000,enabled
1782984482.248,2026-07-02 09:28:02.249,buffer_pool_pages_data,784842,784842,0.000000,enabled
1782984482.248,2026-07-02 09:28:02.249,buffer_pool_pages_dirty,286707,286707,0.000000,enabled
1782984482.248,2026-07-02 09:28:02.249,buffer_pool_pages_flushed,21559544,21559544,0.000000,enabled
1782984482.248,2026-07-02 09:28:02.249,buffer_pool_pages_free,1494,1494,0.000000,enabled
1782984482.248,2026-07-02 09:28:02.249,buffer_pool_pages_lru_flushed,0,0,0.000000,enabled
1782984482.248,2026-07-02 09:28:02.249,buffer_pool_pages_misc,97,97,0.000000,enabled
1782984482.248,2026-07-02 09:28:02.249,buffer_pool_pages_total,786432,786432,0.000000,enabled
1782984482.248,2026-07-02 09:28:02.249,buffer_pool_reads,61359688,61359688,29803.515645,enabled
1782984482.248,2026-07-02 09:28:02.249,buffer_pool_read_ahead,803715,803715,390.378978,enabled
1782984482.248,2026-07-02 09:28:02.249,buffer_pool_read_ahead_evicted,25,25,0.012143,enabled
1782984482.248,2026-07-02 09:28:02.249,buffer_pool_read_requests,2680234301,2680234301,1301838.503259,enabled
1782984482.248,2026-07-02 09:28:02.249,buffer_pool_size,12884901888,12884901888,0.000000,enabled
1782984482.248,2026-07-02 09:28:02.249,buffer_pool_wait_free,18945,18945,9.201931,enabled
1782984482.248,2026-07-02 09:28:02.249,buffer_pool_write_requests,578158542,578158542,280822.109512,enabled
1782984482.248,2026-07-02 09:28:02.249,dml_deletes,11977076,11977076,5817.482244,enabled
1782984482.248,2026-07-02 09:28:02.249,dml_inserts,111862479,111862479,54333.627512,enabled
1782984482.248,2026-07-02 09:28:02.249,dml_system_deletes,468,468,0.227316,enabled
1782984482.248,2026-07-02 09:28:02.249,dml_system_inserts,1202,1202,0.583833,enabled
1782984482.248,2026-07-02 09:28:02.249,dml_system_reads,7661,7661,3.721086,enabled
1782984482.248,2026-07-02 09:28:02.249,dml_system_updates,620,620,0.301145,enabled
1782984482.248,2026-07-02 09:28:02.249,dml_updates,23954267,23954267,11635.020335,enabled
1782984482.248,2026-07-02 09:28:02.249,file_num_open_files,35,35,0.000000,enabled
1782984482.248,2026-07-02 09:28:02.249,ibuf_merges,0,0,0.000000,enabled
1782984482.248,2026-07-02 09:28:02.249,ibuf_merges_delete,0,0,0.000000,enabled
1782984482.248,2026-07-02 09:28:02.249,ibuf_merges_delete_mark,0,0,0.000000,enabled
1782984482.248,2026-07-02 09:28:02.249,ibuf_merges_discard_delete,0,0,0.000000,enabled
1782984482.248,2026-07-02 09:28:02.249,ibuf_merges_discard_delete_mark,0,0,0.000000,enabled
1782984482.248,2026-07-02 09:28:02.249,ibuf_merges_discard_insert,0,0,0.000000,enabled
1782984482.248,2026-07-02 09:28:02.249,ibuf_merges_insert,0,0,0.000000,enabled
1782984482.248,2026-07-02 09:28:02.249,ibuf_size,1,1,0.000486,enabled
1782984482.248,2026-07-02 09:28:02.249,innodb_activity_count,16669063,16669063,8096.465265,enabled
1782984482.248,2026-07-02 09:28:02.249,innodb_dblwr_pages_written,21557622,21557622,10470.926678,enabled
1782984482.248,2026-07-02 09:28:02.249,innodb_dblwr_writes,435041,435041,211.307278,enabled
1782984482.248,2026-07-02 09:28:02.249,innodb_page_size,16384,16384,0.000000,enabled
1782984482.248,2026-07-02 09:28:02.249,innodb_rwlock_sx_os_waits,0,0,0.000000,enabled
1782984482.248,2026-07-02 09:28:02.249,innodb_rwlock_sx_spin_rounds,0,0,0.000000,enabled
1782984482.248,2026-07-02 09:28:02.249,innodb_rwlock_sx_spin_waits,0,0,0.000000,enabled
1782984482.248,2026-07-02 09:28:02.249,innodb_rwlock_s_os_waits,0,0,0.000000,enabled
1782984482.248,2026-07-02 09:28:02.249,innodb_rwlock_s_spin_rounds,0,0,0.000000,enabled
1782984482.248,2026-07-02 09:28:02.249,innodb_rwlock_s_spin_waits,0,0,0.000000,enabled
1782984482.248,2026-07-02 09:28:02.249,innodb_rwlock_x_os_waits,0,0,0.000000,enabled
1782984482.248,2026-07-02 09:28:02.249,innodb_rwlock_x_spin_rounds,0,0,0.000000,enabled
1782984482.248,2026-07-02 09:28:02.249,innodb_rwlock_x_spin_waits,0,0,0.000000,enabled
1782984482.248,2026-07-02 09:28:02.249,lock_deadlocks,0,0,0.000000,enabled
1782984482.248,2026-07-02 09:28:02.249,lock_deadlock_false_positives,0,0,0.000000,enabled
1782984482.248,2026-07-02 09:28:02.249,lock_deadlock_rounds,2296,2296,1.115209,enabled
1782984482.248,2026-07-02 09:28:02.249,lock_rec_grant_attempts,425,425,0.206430,enabled
1782984482.248,2026-07-02 09:28:02.249,lock_rec_release_attempts,36402859,36402859,17681.530463,enabled
1782984482.248,2026-07-02 09:28:02.249,lock_row_lock_current_waits,0,0,0.000000,enabled
1782984482.248,2026-07-02 09:28:02.249,lock_row_lock_time,323,323,0.156887,enabled
1782984482.248,2026-07-02 09:28:02.249,lock_row_lock_time_avg,0,0,0.000000,enabled
1782984482.248,2026-07-02 09:28:02.249,lock_row_lock_time_max,29,29,0.000000,enabled
1782984482.248,2026-07-02 09:28:02.249,lock_row_lock_waits,425,425,0.206430,enabled
1782984482.248,2026-07-02 09:28:02.249,lock_schedule_refreshes,2296,2296,1.115209,enabled
1782984482.248,2026-07-02 09:28:02.249,lock_threads_waiting,0,0,0.000000,enabled
1782984482.248,2026-07-02 09:28:02.249,lock_timeouts,0,0,0.000000,enabled
1782984482.248,2026-07-02 09:28:02.249,log_waits,0,0,0.000000,enabled
1782984482.248,2026-07-02 09:28:02.249,log_writes,180609871,180609871,87725.484234,enabled
1782984482.248,2026-07-02 09:28:02.249,log_write_requests,388307385,388307385,188607.927240,enabled
1782984482.248,2026-07-02 09:28:02.249,os_data_fsyncs,47150422,47150422,22901.814388,enabled
1782984482.248,2026-07-02 09:28:02.249,os_data_reads,62368459,62368459,30293.490777,enabled
1782984482.248,2026-07-02 09:28:02.249,os_data_writes,202948861,202948861,98575.939544,enabled
1782984482.248,2026-07-02 09:28:02.249,os_log_bytes_written,116852979200,116852979200,56757609.391753,enabled
1782984482.248,2026-07-02 09:28:02.249,os_log_fsyncs,41421195,41421195,20119.024953,enabled
1782984482.248,2026-07-02 09:28:02.249,os_log_pending_fsyncs,0,0,0.000000,enabled
1782984482.248,2026-07-02 09:28:02.249,os_log_pending_writes,0,0,0.000000,enabled
1782984482.248,2026-07-02 09:28:02.249,trx_rseg_history_len,258,258,0.000000,enabled
1782984483.319,2026-07-02 09:28:03.320,adaptive_hash_searches,0,0,0.000000,enabled
1782984483.319,2026-07-02 09:28:03.320,adaptive_hash_searches_btree,557804035,557804035,270794.570039,enabled
1782984483.319,2026-07-02 09:28:03.320,buffer_data_reads,1017868651008,1017868651008,494140104.608385,enabled
1782984483.319,2026-07-02 09:28:03.320,buffer_data_written,505475580928,505475580928,245390950.917219,enabled
1782984483.319,2026-07-02 09:28:03.320,buffer_pages0_read,7,7,0.003398,enabled
1782984483.319,2026-07-02 09:28:03.320,buffer_pages_created,1805163,1805163,876.344351,enabled
1782984483.319,2026-07-02 09:28:03.320,buffer_pages_read,62301034,62301034,30245.002126,enabled
1782984483.319,2026-07-02 09:28:03.320,buffer_pages_written,21633192,21633192,10502.168238,enabled
1782984483.319,2026-07-02 09:28:03.320,buffer_pool_bytes_data,12849610752,12849610752,0.000000,enabled
1782984483.319,2026-07-02 09:28:03.320,buffer_pool_bytes_dirty,4696309760,4696309760,0.000000,enabled
1782984483.319,2026-07-02 09:28:03.320,buffer_pool_pages_data,784278,784278,0.000000,enabled
1782984483.319,2026-07-02 09:28:03.320,buffer_pool_pages_dirty,286640,286640,0.000000,enabled
1782984483.319,2026-07-02 09:28:03.320,buffer_pool_pages_flushed,21576122,21576122,0.000000,enabled
1782984483.319,2026-07-02 09:28:03.320,buffer_pool_pages_free,2058,2058,0.000000,enabled
1782984483.319,2026-07-02 09:28:03.320,buffer_pool_pages_lru_flushed,0,0,0.000000,enabled
1782984483.319,2026-07-02 09:28:03.320,buffer_pool_pages_misc,96,96,0.000000,enabled
1782984483.319,2026-07-02 09:28:03.320,buffer_pool_pages_total,786432,786432,0.000000,enabled
1782984483.319,2026-07-02 09:28:03.320,buffer_pool_reads,61417581,61417581,29816.117285,enabled
1782984483.319,2026-07-02 09:28:03.320,buffer_pool_read_ahead,803715,803715,390.175908,enabled
1782984483.319,2026-07-02 09:28:03.320,buffer_pool_read_ahead_evicted,25,25,0.012137,enabled
1782984483.319,2026-07-02 09:28:03.320,buffer_pool_read_requests,2681085403,2681085403,1301574.485714,enabled
1782984483.319,2026-07-02 09:28:03.320,buffer_pool_size,12884901888,12884901888,0.000000,enabled
1782984483.319,2026-07-02 09:28:03.320,buffer_pool_wait_free,18945,18945,9.197144,enabled
1782984483.319,2026-07-02 09:28:03.320,buffer_pool_write_requests,578274357,578274357,280732.253964,enabled
1782984483.319,2026-07-02 09:28:03.320,dml_deletes,11982034,11982034,5816.862978,enabled
1782984483.319,2026-07-02 09:28:03.320,dml_inserts,111867437,111867437,54307.770566,enabled
1782984483.319,2026-07-02 09:28:03.320,dml_system_deletes,468,468,0.227198,enabled
1782984483.319,2026-07-02 09:28:03.320,dml_system_inserts,1202,1202,0.583529,enabled
1782984483.319,2026-07-02 09:28:03.320,dml_system_reads,7661,7661,3.719150,enabled
1782984483.319,2026-07-02 09:28:03.320,dml_system_updates,620,620,0.300989,enabled
1782984483.319,2026-07-02 09:28:03.320,dml_updates,23964187,23964187,11633.783713,enabled
1782984483.319,2026-07-02 09:28:03.320,file_num_open_files,35,35,0.000000,enabled
1782984483.319,2026-07-02 09:28:03.320,ibuf_merges,0,0,0.000000,enabled
1782984483.319,2026-07-02 09:28:03.320,ibuf_merges_delete,0,0,0.000000,enabled
1782984483.319,2026-07-02 09:28:03.320,ibuf_merges_delete_mark,0,0,0.000000,enabled
1782984483.319,2026-07-02 09:28:03.320,ibuf_merges_discard_delete,0,0,0.000000,enabled
1782984483.319,2026-07-02 09:28:03.320,ibuf_merges_discard_delete_mark,0,0,0.000000,enabled
1782984483.319,2026-07-02 09:28:03.320,ibuf_merges_discard_insert,0,0,0.000000,enabled
1782984483.319,2026-07-02 09:28:03.320,ibuf_merges_insert,0,0,0.000000,enabled
1782984483.319,2026-07-02 09:28:03.320,ibuf_size,1,1,0.000485,enabled
1782984483.319,2026-07-02 09:28:03.320,innodb_activity_count,16674764,16674764,8095.021194,enabled
1782984483.319,2026-07-02 09:28:03.320,innodb_dblwr_pages_written,21574200,21574200,10473.527834,enabled
1782984483.319,2026-07-02 09:28:03.320,innodb_dblwr_writes,435412,435412,211.377465,enabled
1782984483.319,2026-07-02 09:28:03.320,innodb_page_size,16384,16384,0.000000,enabled
1782984483.319,2026-07-02 09:28:03.320,innodb_rwlock_sx_os_waits,0,0,0.000000,enabled
1782984483.319,2026-07-02 09:28:03.320,innodb_rwlock_sx_spin_rounds,0,0,0.000000,enabled
1782984483.319,2026-07-02 09:28:03.320,innodb_rwlock_sx_spin_waits,0,0,0.000000,enabled
1782984483.319,2026-07-02 09:28:03.320,innodb_rwlock_s_os_waits,0,0,0.000000,enabled
1782984483.319,2026-07-02 09:28:03.320,innodb_rwlock_s_spin_rounds,0,0,0.000000,enabled
1782984483.319,2026-07-02 09:28:03.320,innodb_rwlock_s_spin_waits,0,0,0.000000,enabled
1782984483.319,2026-07-02 09:28:03.320,innodb_rwlock_x_os_waits,0,0,0.000000,enabled
1782984483.319,2026-07-02 09:28:03.320,innodb_rwlock_x_spin_rounds,0,0,0.000000,enabled
1782984483.319,2026-07-02 09:28:03.320,innodb_rwlock_x_spin_waits,0,0,0.000000,enabled
1782984483.319,2026-07-02 09:28:03.320,lock_deadlocks,0,0,0.000000,enabled
1782984483.319,2026-07-02 09:28:03.320,lock_deadlock_false_positives,0,0,0.000000,enabled
1782984483.319,2026-07-02 09:28:03.320,lock_deadlock_rounds,2297,2297,1.115114,enabled
1782984483.319,2026-07-02 09:28:03.320,lock_rec_grant_attempts,425,425,0.206323,enabled
1782984483.319,2026-07-02 09:28:03.320,lock_rec_release_attempts,36417965,36417965,17679.666185,enabled
1782984483.319,2026-07-02 09:28:03.320,lock_row_lock_current_waits,0,0,0.000000,enabled
1782984483.319,2026-07-02 09:28:03.320,lock_row_lock_time,323,323,0.156805,enabled
1782984483.319,2026-07-02 09:28:03.320,lock_row_lock_time_avg,0,0,0.000000,enabled
1782984483.319,2026-07-02 09:28:03.320,lock_row_lock_time_max,29,29,0.000000,enabled
1782984483.319,2026-07-02 09:28:03.320,lock_row_lock_waits,425,425,0.206323,enabled
1782984483.319,2026-07-02 09:28:03.320,lock_schedule_refreshes,2297,2297,1.115114,enabled
1782984483.319,2026-07-02 09:28:03.320,lock_threads_waiting,0,0,0.000000,enabled
1782984483.319,2026-07-02 09:28:03.320,lock_timeouts,0,0,0.000000,enabled
1782984483.319,2026-07-02 09:28:03.320,log_waits,0,0,0.000000,enabled
1782984483.319,2026-07-02 09:28:03.320,log_writes,180691300,180691300,87719.381010,enabled
1782984483.319,2026-07-02 09:28:03.320,log_write_requests,388391577,388391577,188550.687062,enabled
1782984483.319,2026-07-02 09:28:03.320,os_data_fsyncs,47185494,47185494,22906.927360,enabled
1782984483.319,2026-07-02 09:28:03.320,os_data_reads,62426241,62426241,30305.783605,enabled
1782984483.319,2026-07-02 09:28:03.320,os_data_writes,203047131,203047131,98572.368125,enabled
1782984483.319,2026-07-02 09:28:03.320,os_log_bytes_written,116895572992,116895572992,56748762.523489,enabled
1782984483.319,2026-07-02 09:28:03.320,os_log_fsyncs,41451276,41451276,20123.162545,enabled
1782984483.319,2026-07-02 09:28:03.320,os_log_pending_fsyncs,1,1,0.000485,enabled
1782984483.319,2026-07-02 09:28:03.320,os_log_pending_writes,0,0,0.000000,enabled
1782984483.319,2026-07-02 09:28:03.320,trx_rseg_history_len,397,397,0.000000,enabled
1782984484.390,2026-07-02 09:28:04.392,adaptive_hash_searches,0,0,0.000000,enabled
1782984484.390,2026-07-02 09:28:04.392,adaptive_hash_searches_btree,557972041,557972041,270734.130655,enabled
1782984484.390,2026-07-02 09:28:04.392,buffer_data_reads,1018802407936,1018802407936,494334131.031933,enabled
1782984484.390,2026-07-02 09:28:04.392,buffer_data_written,505850631168,505850631168,245444288.311868,enabled
1782984484.390,2026-07-02 09:28:04.392,buffer_pages0_read,7,7,0.003396,enabled
1782984484.390,2026-07-02 09:28:04.392,buffer_pages_created,1805203,1805203,875.904354,enabled
1782984484.390,2026-07-02 09:28:04.392,buffer_pages_read,62358188,62358188,30256.878574,enabled
1782984484.390,2026-07-02 09:28:04.392,buffer_pages_written,21653195,21653195,10506.368375,enabled
1782984484.390,2026-07-02 09:28:04.392,buffer_pool_bytes_data,12846989312,12846989312,0.000000,enabled
1782984484.390,2026-07-02 09:28:04.392,buffer_pool_bytes_dirty,4634968064,4634968064,0.000000,enabled
1782984484.390,2026-07-02 09:28:04.392,buffer_pool_pages_data,784118,784118,0.000000,enabled
1782984484.390,2026-07-02 09:28:04.392,buffer_pool_pages_dirty,282896,282896,0.000000,enabled
1782984484.390,2026-07-02 09:28:04.392,buffer_pool_pages_flushed,21596104,21596104,0.000000,enabled
1782984484.390,2026-07-02 09:28:04.392,buffer_pool_pages_free,2215,2215,0.000000,enabled
1782984484.390,2026-07-02 09:28:04.392,buffer_pool_pages_lru_flushed,0,0,0.000000,enabled
1782984484.390,2026-07-02 09:28:04.392,buffer_pool_pages_misc,97,97,0.000000,enabled
1782984484.390,2026-07-02 09:28:04.392,buffer_pool_pages_total,786432,786432,0.000000,enabled
1782984484.390,2026-07-02 09:28:04.392,buffer_pool_reads,61474680,61474680,29828.192008,enabled
1782984484.390,2026-07-02 09:28:04.392,buffer_pool_read_ahead,803715,803715,389.971368,enabled
1782984484.390,2026-07-02 09:28:04.392,buffer_pool_read_ahead_evicted,25,25,0.012130,enabled
1782984484.390,2026-07-02 09:28:04.392,buffer_pool_read_requests,2681919086,2681919086,1301296.678255,enabled
1782984484.390,2026-07-02 09:28:04.392,buffer_pool_size,12884901888,12884901888,0.000000,enabled
1782984484.390,2026-07-02 09:28:04.392,buffer_pool_wait_free,18945,18945,9.192323,enabled
1782984484.390,2026-07-02 09:28:04.392,buffer_pool_write_requests,578388765,578388765,280640.598695,enabled
1782984484.390,2026-07-02 09:28:04.392,dml_deletes,11986881,11986881,5816.165443,enabled
1782984484.390,2026-07-02 09:28:04.392,dml_inserts,111872282,111872282,54281.651853,enabled
1782984484.390,2026-07-02 09:28:04.392,dml_system_deletes,468,468,0.227079,enabled
1782984484.390,2026-07-02 09:28:04.392,dml_system_inserts,1202,1202,0.583224,enabled
1782984484.390,2026-07-02 09:28:04.392,dml_system_reads,7661,7661,3.717201,enabled
1782984484.390,2026-07-02 09:28:04.392,dml_system_updates,620,620,0.300831,enabled
1782984484.390,2026-07-02 09:28:04.392,dml_updates,23973882,23973882,11632.389100,enabled
1782984484.390,2026-07-02 09:28:04.392,file_num_open_files,35,35,0.000000,enabled
1782984484.390,2026-07-02 09:28:04.392,ibuf_merges,0,0,0.000000,enabled
1782984484.390,2026-07-02 09:28:04.392,ibuf_merges_delete,0,0,0.000000,enabled
1782984484.390,2026-07-02 09:28:04.392,ibuf_merges_delete_mark,0,0,0.000000,enabled
1782984484.390,2026-07-02 09:28:04.392,ibuf_merges_discard_delete,0,0,0.000000,enabled
1782984484.390,2026-07-02 09:28:04.392,ibuf_merges_discard_delete_mark,0,0,0.000000,enabled
1782984484.390,2026-07-02 09:28:04.392,ibuf_merges_discard_insert,0,0,0.000000,enabled
1782984484.390,2026-07-02 09:28:04.392,ibuf_merges_insert,0,0,0.000000,enabled
1782984484.390,2026-07-02 09:28:04.392,ibuf_size,1,1,0.000485,enabled
1782984484.390,2026-07-02 09:28:04.392,innodb_activity_count,16680325,16680325,8093.475826,enabled
1782984484.390,2026-07-02 09:28:04.392,innodb_dblwr_pages_written,21594204,21594204,10477.743497,enabled
1782984484.390,2026-07-02 09:28:04.392,innodb_dblwr_writes,435798,435798,211.453947,enabled
1782984484.390,2026-07-02 09:28:04.392,innodb_page_size,16384,16384,0.000000,enabled
1782984484.390,2026-07-02 09:28:04.392,innodb_rwlock_sx_os_waits,0,0,0.000000,enabled
1782984484.390,2026-07-02 09:28:04.392,innodb_rwlock_sx_spin_rounds,0,0,0.000000,enabled
1782984484.390,2026-07-02 09:28:04.392,innodb_rwlock_sx_spin_waits,0,0,0.000000,enabled
1782984484.390,2026-07-02 09:28:04.392,innodb_rwlock_s_os_waits,0,0,0.000000,enabled
1782984484.390,2026-07-02 09:28:04.392,innodb_rwlock_s_spin_rounds,0,0,0.000000,enabled
1782984484.390,2026-07-02 09:28:04.392,innodb_rwlock_s_spin_waits,0,0,0.000000,enabled
1782984484.390,2026-07-02 09:28:04.392,innodb_rwlock_x_os_waits,0,0,0.000000,enabled
1782984484.390,2026-07-02 09:28:04.392,innodb_rwlock_x_spin_rounds,0,0,0.000000,enabled
1782984484.390,2026-07-02 09:28:04.392,innodb_rwlock_x_spin_waits,0,0,0.000000,enabled
1782984484.390,2026-07-02 09:28:04.392,lock_deadlocks,0,0,0.000000,enabled
1782984484.390,2026-07-02 09:28:04.392,lock_deadlock_false_positives,0,0,0.000000,enabled
1782984484.390,2026-07-02 09:28:04.392,lock_deadlock_rounds,2298,2298,1.115015,enabled
1782984484.390,2026-07-02 09:28:04.392,lock_rec_grant_attempts,425,425,0.206215,enabled
1782984484.390,2026-07-02 09:28:04.392,lock_rec_release_attempts,36432695,36432695,17677.545224,enabled
1782984484.390,2026-07-02 09:28:04.392,lock_row_lock_current_waits,0,0,0.000000,enabled
1782984484.390,2026-07-02 09:28:04.392,lock_row_lock_time,323,323,0.156723,enabled
1782984484.390,2026-07-02 09:28:04.392,lock_row_lock_time_avg,0,0,0.000000,enabled
1782984484.390,2026-07-02 09:28:04.392,lock_row_lock_time_max,29,29,0.000000,enabled
1782984484.390,2026-07-02 09:28:04.392,lock_row_lock_waits,425,425,0.206215,enabled
1782984484.390,2026-07-02 09:28:04.392,lock_schedule_refreshes,2298,2298,1.115015,enabled
1782984484.390,2026-07-02 09:28:04.392,lock_threads_waiting,0,0,0.000000,enabled
1782984484.390,2026-07-02 09:28:04.392,lock_timeouts,0,0,0.000000,enabled
1782984484.390,2026-07-02 09:28:04.392,log_waits,0,0,0.000000,enabled
1782984484.390,2026-07-02 09:28:04.392,log_writes,180770323,180770323,87711.739006,enabled
1782984484.390,2026-07-02 09:28:04.392,log_write_requests,388473953,388473953,188491.813442,enabled
1782984484.390,2026-07-02 09:28:04.392,os_data_fsyncs,47219461,47219461,22911.400013,enabled
1782984484.390,2026-07-02 09:28:04.392,os_data_reads,62483225,62483225,30317.545654,enabled
1782984484.390,2026-07-02 09:28:04.392,os_data_writes,203146434,203146434,98568.876383,enabled
1782984484.390,2026-07-02 09:28:04.392,os_log_bytes_written,116936876032,116936876032,56739053.801029,enabled
1782984484.390,2026-07-02 09:28:04.392,os_log_fsyncs,41479980,41479980,20126.540872,enabled
1782984484.390,2026-07-02 09:28:04.392,os_log_pending_fsyncs,1,1,0.000485,enabled
1782984484.390,2026-07-02 09:28:04.392,os_log_pending_writes,0,0,0.000000,enabled
1782984484.390,2026-07-02 09:28:04.392,trx_rseg_history_len,400,400,0.000000,enabled
1782984485.471,2026-07-02 09:28:05.472,adaptive_hash_searches,0,0,0.000000,enabled
1782984485.471,2026-07-02 09:28:05.472,adaptive_hash_searches_btree,558143146,558143146,270676.353390,enabled
1782984485.471,2026-07-02 09:28:05.472,buffer_data_reads,1019746257408,1019746257408,494534855.358227,enabled
1782984485.471,2026-07-02 09:28:05.472,buffer_data_written,506163280896,506163280896,245468304.336194,enabled
1782984485.471,2026-07-02 09:28:05.472,buffer_pages0_read,7,7,0.003395,enabled
1782984485.471,2026-07-02 09:28:05.472,buffer_pages_created,1805255,1805255,875.474190,enabled
1782984485.471,2026-07-02 09:28:05.472,buffer_pages_read,62415976,62415976,30269.172856,enabled
1782984485.471,2026-07-02 09:28:05.472,buffer_pages_written,21669308,21669308,10508.720265,enabled
1782984485.471,2026-07-02 09:28:05.472,buffer_pool_bytes_data,12856459264,12856459264,0.000000,enabled
1782984485.471,2026-07-02 09:28:05.472,buffer_pool_bytes_dirty,4641161216,4641161216,0.000000,enabled
1782984485.471,2026-07-02 09:28:05.472,buffer_pool_pages_data,784696,784696,0.000000,enabled
1782984485.471,2026-07-02 09:28:05.472,buffer_pool_pages_dirty,283274,283274,0.000000,enabled
1782984485.471,2026-07-02 09:28:05.472,buffer_pool_pages_flushed,21612238,21612238,0.000000,enabled
1782984485.471,2026-07-02 09:28:05.472,buffer_pool_pages_free,1638,1638,0.000000,enabled
1782984485.471,2026-07-02 09:28:05.472,buffer_pool_pages_lru_flushed,0,0,0.000000,enabled
1782984485.471,2026-07-02 09:28:05.472,buffer_pool_pages_misc,97,97,0.000000,enabled
1782984485.471,2026-07-02 09:28:05.472,buffer_pool_pages_total,786432,786432,0.000000,enabled
1782984485.471,2026-07-02 09:28:05.472,buffer_pool_reads,61532399,61532399,29840.675614,enabled
1782984485.471,2026-07-02 09:28:05.472,buffer_pool_read_ahead,803715,803715,389.768621,enabled
1782984485.471,2026-07-02 09:28:05.472,buffer_pool_read_ahead_evicted,25,25,0.012124,enabled
1782984485.471,2026-07-02 09:28:05.472,buffer_pool_read_requests,2682767427,2682767427,1301031.543635,enabled
1782984485.471,2026-07-02 09:28:05.472,buffer_pool_size,12884901888,12884901888,0.000000,enabled
1782984485.471,2026-07-02 09:28:05.472,buffer_pool_wait_free,18945,18945,9.187544,enabled
1782984485.471,2026-07-02 09:28:05.472,buffer_pool_write_requests,578505430,578505430,280551.271146,enabled
1782984485.471,2026-07-02 09:28:05.472,dml_deletes,11991816,11991816,5815.534833,enabled
1782984485.471,2026-07-02 09:28:05.472,dml_inserts,111877218,111877218,54255.824085,enabled
1782984485.471,2026-07-02 09:28:05.472,dml_system_deletes,468,468,0.226961,enabled
1782984485.471,2026-07-02 09:28:05.472,dml_system_inserts,1202,1202,0.582920,enabled
1782984485.471,2026-07-02 09:28:05.472,dml_system_reads,7661,7661,3.715268,enabled
1782984485.471,2026-07-02 09:28:05.472,dml_system_updates,620,620,0.300674,enabled
1782984485.471,2026-07-02 09:28:05.472,dml_updates,23983748,23983748,11631.125909,enabled
1782984485.471,2026-07-02 09:28:05.472,file_num_open_files,35,35,0.000000,enabled
1782984485.471,2026-07-02 09:28:05.472,ibuf_merges,0,0,0.000000,enabled
1782984485.471,2026-07-02 09:28:05.472,ibuf_merges_delete,0,0,0.000000,enabled
1782984485.471,2026-07-02 09:28:05.472,ibuf_merges_delete_mark,0,0,0.000000,enabled
1782984485.471,2026-07-02 09:28:05.472,ibuf_merges_discard_delete,0,0,0.000000,enabled
1782984485.471,2026-07-02 09:28:05.472,ibuf_merges_discard_delete_mark,0,0,0.000000,enabled
1782984485.471,2026-07-02 09:28:05.472,ibuf_merges_discard_insert,0,0,0.000000,enabled
1782984485.471,2026-07-02 09:28:05.472,ibuf_merges_insert,0,0,0.000000,enabled
1782984485.471,2026-07-02 09:28:05.472,ibuf_size,1,1,0.000485,enabled
1782984485.471,2026-07-02 09:28:05.472,innodb_activity_count,16685986,16685986,8092.013320,enabled
1782984485.471,2026-07-02 09:28:05.472,innodb_dblwr_pages_written,21610316,21610316,10480.109684,enabled
1782984485.471,2026-07-02 09:28:05.472,innodb_dblwr_writes,436157,436157,211.518110,enabled
1782984485.471,2026-07-02 09:28:05.472,innodb_page_size,16384,16384,0.000000,enabled
1782984485.471,2026-07-02 09:28:05.472,innodb_rwlock_sx_os_waits,0,0,0.000000,enabled
1782984485.471,2026-07-02 09:28:05.472,innodb_rwlock_sx_spin_rounds,0,0,0.000000,enabled
1782984485.471,2026-07-02 09:28:05.472,innodb_rwlock_sx_spin_waits,0,0,0.000000,enabled
1782984485.471,2026-07-02 09:28:05.472,innodb_rwlock_s_os_waits,0,0,0.000000,enabled
1782984485.471,2026-07-02 09:28:05.472,innodb_rwlock_s_spin_rounds,0,0,0.000000,enabled
1782984485.471,2026-07-02 09:28:05.472,innodb_rwlock_s_spin_waits,0,0,0.000000,enabled
1782984485.471,2026-07-02 09:28:05.472,innodb_rwlock_x_os_waits,0,0,0.000000,enabled
1782984485.471,2026-07-02 09:28:05.472,innodb_rwlock_x_spin_rounds,0,0,0.000000,enabled
1782984485.471,2026-07-02 09:28:05.472,innodb_rwlock_x_spin_waits,0,0,0.000000,enabled
1782984485.471,2026-07-02 09:28:05.472,lock_deadlocks,0,0,0.000000,enabled
1782984485.471,2026-07-02 09:28:05.472,lock_deadlock_false_positives,0,0,0.000000,enabled
1782984485.471,2026-07-02 09:28:05.472,lock_deadlock_rounds,2299,2299,1.114920,enabled
1782984485.471,2026-07-02 09:28:05.472,lock_rec_grant_attempts,425,425,0.206107,enabled
1782984485.471,2026-07-02 09:28:05.472,lock_rec_release_attempts,36447696,36447696,17675.629529,enabled
1782984485.471,2026-07-02 09:28:05.472,lock_row_lock_current_waits,0,0,0.000000,enabled
1782984485.471,2026-07-02 09:28:05.472,lock_row_lock_time,323,323,0.156642,enabled
1782984485.471,2026-07-02 09:28:05.472,lock_row_lock_time_avg,0,0,0.000000,enabled
1782984485.471,2026-07-02 09:28:05.472,lock_row_lock_time_max,29,29,0.000000,enabled
1782984485.471,2026-07-02 09:28:05.472,lock_row_lock_waits,425,425,0.206107,enabled
1782984485.471,2026-07-02 09:28:05.472,lock_schedule_refreshes,2299,2299,1.114920,enabled
1782984485.471,2026-07-02 09:28:05.472,lock_threads_waiting,0,0,0.000000,enabled
1782984485.471,2026-07-02 09:28:05.472,lock_timeouts,0,0,0.000000,enabled
1782984485.471,2026-07-02 09:28:05.472,log_waits,0,0,0.000000,enabled
1782984485.471,2026-07-02 09:28:05.472,log_writes,180850811,180850811,87705.170659,enabled
1782984485.471,2026-07-02 09:28:05.472,log_write_requests,388557677,388557677,188434.418470,enabled
1782984485.471,2026-07-02 09:28:05.472,os_data_fsyncs,47254447,47254447,22916.455104,enabled
1782984485.471,2026-07-02 09:28:05.472,os_data_reads,62540849,62540849,30329.728779,enabled
1782984485.471,2026-07-02 09:28:05.472,os_data_writes,203243283,203243283,98564.598038,enabled
1782984485.471,2026-07-02 09:28:05.472,os_log_bytes_written,116979332608,116979332608,56730144.717645,enabled
1782984485.471,2026-07-02 09:28:05.472,os_log_fsyncs,41509937,41509937,20130.604942,enabled
1782984485.471,2026-07-02 09:28:05.472,os_log_pending_fsyncs,1,1,0.000485,enabled
1782984485.471,2026-07-02 09:28:05.472,os_log_pending_writes,0,0,0.000000,enabled
1782984485.471,2026-07-02 09:28:05.472,trx_rseg_history_len,510,510,0.000000,enabled
1782984486.543,2026-07-02 09:28:06.545,adaptive_hash_searches,0,0,0.000000,enabled
1782984486.543,2026-07-02 09:28:06.545,adaptive_hash_searches_btree,558313242,558313242,270618.541875,enabled
1782984486.543,2026-07-02 09:28:06.545,buffer_data_reads,1020683405824,1020683405824,494732829.351774,enabled
1782984486.543,2026-07-02 09:28:06.545,buffer_data_written,506477264384,506477264384,245493292.354172,enabled
1782984486.543,2026-07-02 09:28:06.545,buffer_pages0_read,7,7,0.003393,enabled
1782984486.543,2026-07-02 09:28:06.545,buffer_pages_created,1805289,1805289,875.036998,enabled
1782984486.543,2026-07-02 09:28:06.545,buffer_pages_read,62473368,62473368,30281.305635,enabled
1782984486.543,2026-07-02 09:28:06.545,buffer_pages_written,21685503,21685503,10511.124463,enabled
1782984486.543,2026-07-02 09:28:06.545,buffer_pool_bytes_data,12850331648,12850331648,0.000000,enabled
1782984486.543,2026-07-02 09:28:06.545,buffer_pool_bytes_dirty,4642635776,4642635776,0.000000,enabled
1782984486.543,2026-07-02 09:28:06.545,buffer_pool_pages_data,784322,784322,0.000000,enabled
1782984486.543,2026-07-02 09:28:06.545,buffer_pool_pages_dirty,283364,283364,0.000000,enabled
1782984486.543,2026-07-02 09:28:06.545,buffer_pool_pages_flushed,21628433,21628433,0.000000,enabled
1782984486.543,2026-07-02 09:28:06.545,buffer_pool_pages_free,2014,2014,0.000000,enabled
1782984486.543,2026-07-02 09:28:06.545,buffer_pool_pages_lru_flushed,0,0,0.000000,enabled
1782984486.543,2026-07-02 09:28:06.545,buffer_pool_pages_misc,96,96,0.000000,enabled
1782984486.543,2026-07-02 09:28:06.545,buffer_pool_pages_total,786432,786432,0.000000,enabled
1782984486.543,2026-07-02 09:28:06.545,buffer_pool_reads,61589749,61589749,29853.010159,enabled
1782984486.543,2026-07-02 09:28:06.545,buffer_pool_read_ahead,803715,803715,389.566643,enabled
1782984486.543,2026-07-02 09:28:06.545,buffer_pool_read_ahead_evicted,25,25,0.012118,enabled
1782984486.543,2026-07-02 09:28:06.545,buffer_pool_read_requests,2683610021,2683610021,1300765.760912,enabled
1782984486.543,2026-07-02 09:28:06.545,buffer_pool_size,12884901888,12884901888,0.000000,enabled
1782984486.543,2026-07-02 09:28:06.545,buffer_pool_wait_free,18945,18945,9.182783,enabled
1782984486.543,2026-07-02 09:28:06.545,buffer_pool_write_requests,578620599,578620599,280461.712751,enabled
1782984486.543,2026-07-02 09:28:06.545,dml_deletes,11996719,11996719,5814.897915,enabled
1782984486.543,2026-07-02 09:28:06.545,dml_inserts,111882122,111882122,54230.087289,enabled
1782984486.543,2026-07-02 09:28:06.545,dml_system_deletes,468,468,0.226843,enabled
1782984486.543,2026-07-02 09:28:06.545,dml_system_inserts,1202,1202,0.582618,enabled
1782984486.543,2026-07-02 09:28:06.545,dml_system_reads,7661,7661,3.713343,enabled
1782984486.543,2026-07-02 09:28:06.545,dml_system_updates,620,620,0.300519,enabled
1782984486.543,2026-07-02 09:28:06.545,dml_updates,23993562,23993562,11629.855923,enabled
1782984486.543,2026-07-02 09:28:06.545,file_num_open_files,35,35,0.000000,enabled
1782984486.543,2026-07-02 09:28:06.545,ibuf_merges,0,0,0.000000,enabled
1782984486.543,2026-07-02 09:28:06.545,ibuf_merges_delete,0,0,0.000000,enabled
1782984486.543,2026-07-02 09:28:06.545,ibuf_merges_delete_mark,0,0,0.000000,enabled
1782984486.543,2026-07-02 09:28:06.545,ibuf_merges_discard_delete,0,0,0.000000,enabled
1782984486.543,2026-07-02 09:28:06.545,ibuf_merges_discard_delete_mark,0,0,0.000000,enabled
1782984486.543,2026-07-02 09:28:06.545,ibuf_merges_discard_insert,0,0,0.000000,enabled
1782984486.543,2026-07-02 09:28:06.545,ibuf_merges_insert,0,0,0.000000,enabled
1782984486.543,2026-07-02 09:28:06.545,ibuf_size,1,1,0.000485,enabled
1782984486.543,2026-07-02 09:28:06.545,innodb_activity_count,16691623,16691623,8090.552538,enabled
1782984486.543,2026-07-02 09:28:06.545,innodb_dblwr_pages_written,21626511,21626511,10482.529003,enabled
1782984486.543,2026-07-02 09:28:06.545,innodb_dblwr_writes,436511,436511,211.580094,enabled
1782984486.543,2026-07-02 09:28:06.545,innodb_page_size,16384,16384,0.000000,enabled
1782984486.543,2026-07-02 09:28:06.545,innodb_rwlock_sx_os_waits,0,0,0.000000,enabled
1782984486.543,2026-07-02 09:28:06.545,innodb_rwlock_sx_spin_rounds,0,0,0.000000,enabled
1782984486.543,2026-07-02 09:28:06.545,innodb_rwlock_sx_spin_waits,0,0,0.000000,enabled
1782984486.543,2026-07-02 09:28:06.545,innodb_rwlock_s_os_waits,0,0,0.000000,enabled
1782984486.543,2026-07-02 09:28:06.545,innodb_rwlock_s_spin_rounds,0,0,0.000000,enabled
1782984486.543,2026-07-02 09:28:06.545,innodb_rwlock_s_spin_waits,0,0,0.000000,enabled
1782984486.543,2026-07-02 09:28:06.545,innodb_rwlock_x_os_waits,0,0,0.000000,enabled
1782984486.543,2026-07-02 09:28:06.545,innodb_rwlock_x_spin_rounds,0,0,0.000000,enabled
1782984486.543,2026-07-02 09:28:06.545,innodb_rwlock_x_spin_waits,0,0,0.000000,enabled
1782984486.543,2026-07-02 09:28:06.545,lock_deadlocks,0,0,0.000000,enabled
1782984486.543,2026-07-02 09:28:06.545,lock_deadlock_false_positives,0,0,0.000000,enabled
1782984486.543,2026-07-02 09:28:06.545,lock_deadlock_rounds,2300,2300,1.114827,enabled
1782984486.543,2026-07-02 09:28:06.545,lock_rec_grant_attempts,425,425,0.206001,enabled
1782984486.543,2026-07-02 09:28:06.545,lock_rec_release_attempts,36462624,36462624,17673.705742,enabled
1782984486.543,2026-07-02 09:28:06.545,lock_row_lock_current_waits,0,0,0.000000,enabled
1782984486.543,2026-07-02 09:28:06.545,lock_row_lock_time,323,323,0.156561,enabled
1782984486.543,2026-07-02 09:28:06.545,lock_row_lock_time_avg,0,0,0.000000,enabled
1782984486.543,2026-07-02 09:28:06.545,lock_row_lock_time_max,29,29,0.000000,enabled
1782984486.543,2026-07-02 09:28:06.545,lock_row_lock_waits,425,425,0.206001,enabled
1782984486.543,2026-07-02 09:28:06.545,lock_schedule_refreshes,2300,2300,1.114827,enabled
1782984486.543,2026-07-02 09:28:06.545,lock_threads_waiting,0,0,0.000000,enabled
1782984486.543,2026-07-02 09:28:06.545,lock_timeouts,0,0,0.000000,enabled
1782984486.543,2026-07-02 09:28:06.545,log_waits,0,0,0.000000,enabled
1782984486.543,2026-07-02 09:28:06.545,log_writes,180931600,180931600,87698.882390,enabled
1782984486.543,2026-07-02 09:28:06.545,log_write_requests,388641009,388641009,188377.166673,enabled
1782984486.543,2026-07-02 09:28:06.545,os_data_fsyncs,47289381,47289381,22921.512841,enabled
1782984486.543,2026-07-02 09:28:06.545,os_data_reads,62598076,62598076,30341.750609,enabled
1782984486.543,2026-07-02 09:28:06.545,os_data_writes,203340520,203340520,98560.654519,enabled
1782984486.543,2026-07-02 09:28:06.545,os_log_bytes_written,117021750272,117021750272,56721308.030050,enabled
1782984486.543,2026-07-02 09:28:06.545,os_log_fsyncs,41540012,41540012,20134.751092,enabled
1782984486.543,2026-07-02 09:28:06.545,os_log_pending_fsyncs,0,0,0.000000,enabled
1782984486.543,2026-07-02 09:28:06.545,os_log_pending_writes,0,0,0.000000,enabled
1782984486.543,2026-07-02 09:28:06.545,trx_rseg_history_len,567,567,0.000000,enabled
1782984487.612,2026-07-02 09:28:07.613,adaptive_hash_searches,0,0,0.000000,enabled
1782984487.612,2026-07-02 09:28:07.613,adaptive_hash_searches_btree,558484997,558484997,270561.232718,enabled
1782984487.612,2026-07-02 09:28:07.613,buffer_data_reads,1021631236608,1021631236608,494935132.573960,enabled
1782984487.612,2026-07-02 09:28:07.613,buffer_data_written,506791178752,506791178752,245517903.216949,enabled
1782984487.612,2026-07-02 09:28:07.613,buffer_pages0_read,7,7,0.003391,enabled
1782984487.612,2026-07-02 09:28:07.613,buffer_pages_created,1805329,1805329,874.602033,enabled
1782984487.612,2026-07-02 09:28:07.613,buffer_pages_read,62531400,62531400,30293.696698,enabled
1782984487.612,2026-07-02 09:28:07.613,buffer_pages_written,21701686,21701686,10513.506753,enabled
1782984487.612,2026-07-02 09:28:07.613,buffer_pool_bytes_data,12858818560,12858818560,0.000000,enabled
1782984487.612,2026-07-02 09:28:07.613,buffer_pool_bytes_dirty,4647747584,4647747584,0.000000,enabled
1782984487.612,2026-07-02 09:28:07.613,buffer_pool_pages_data,784840,784840,0.000000,enabled
1782984487.612,2026-07-02 09:28:07.613,buffer_pool_pages_dirty,283676,283676,0.000000,enabled
1782984487.612,2026-07-02 09:28:07.613,buffer_pool_pages_flushed,21644616,21644616,0.000000,enabled
1782984487.612,2026-07-02 09:28:07.613,buffer_pool_pages_free,1496,1496,0.000000,enabled
1782984487.612,2026-07-02 09:28:07.613,buffer_pool_pages_lru_flushed,0,0,0.000000,enabled
1782984487.612,2026-07-02 09:28:07.613,buffer_pool_pages_misc,96,96,0.000000,enabled
1782984487.612,2026-07-02 09:28:07.613,buffer_pool_pages_total,786432,786432,0.000000,enabled
1782984487.612,2026-07-02 09:28:07.613,buffer_pool_reads,61647720,61647720,29865.593983,enabled
1782984487.612,2026-07-02 09:28:07.613,buffer_pool_read_ahead,803715,803715,389.364369,enabled
1782984487.612,2026-07-02 09:28:07.613,buffer_pool_read_ahead_evicted,25,25,0.012111,enabled
1782984487.612,2026-07-02 09:28:07.613,buffer_pool_read_requests,2684461276,2684461276,1300502.761363,enabled
1782984487.612,2026-07-02 09:28:07.613,buffer_pool_size,12884901888,12884901888,0.000000,enabled
1782984487.612,2026-07-02 09:28:07.613,buffer_pool_wait_free,18945,18945,9.178015,enabled
1782984487.612,2026-07-02 09:28:07.613,buffer_pool_write_requests,578737377,578737377,280372.662739,enabled
1782984487.612,2026-07-02 09:28:07.613,dml_deletes,12001673,12001673,5814.278553,enabled
1782984487.612,2026-07-02 09:28:07.613,dml_inserts,111887074,111887074,54204.327625,enabled
1782984487.612,2026-07-02 09:28:07.613,dml_system_deletes,468,468,0.226725,enabled
1782984487.612,2026-07-02 09:28:07.613,dml_system_inserts,1202,1202,0.582316,enabled
1782984487.612,2026-07-02 09:28:07.613,dml_system_reads,7661,7661,3.711415,enabled
1782984487.612,2026-07-02 09:28:07.613,dml_system_updates,620,620,0.300363,enabled
1782984487.612,2026-07-02 09:28:07.613,dml_updates,24003470,24003470,11628.617164,enabled
1782984487.612,2026-07-02 09:28:07.613,file_num_open_files,35,35,0.000000,enabled
1782984487.612,2026-07-02 09:28:07.613,ibuf_merges,0,0,0.000000,enabled
1782984487.612,2026-07-02 09:28:07.613,ibuf_merges_delete,0,0,0.000000,enabled
1782984487.612,2026-07-02 09:28:07.613,ibuf_merges_delete_mark,0,0,0.000000,enabled
1782984487.612,2026-07-02 09:28:07.613,ibuf_merges_discard_delete,0,0,0.000000,enabled
1782984487.612,2026-07-02 09:28:07.613,ibuf_merges_discard_delete_mark,0,0,0.000000,enabled
1782984487.612,2026-07-02 09:28:07.613,ibuf_merges_discard_insert,0,0,0.000000,enabled
1782984487.612,2026-07-02 09:28:07.613,ibuf_merges_insert,0,0,0.000000,enabled
1782984487.612,2026-07-02 09:28:07.613,ibuf_size,1,1,0.000484,enabled
1782984487.612,2026-07-02 09:28:07.613,innodb_activity_count,16697315,16697315,8089.109095,enabled
1782984487.612,2026-07-02 09:28:07.613,innodb_dblwr_pages_written,21642694,21642694,10484.925964,enabled
1782984487.612,2026-07-02 09:28:07.613,innodb_dblwr_writes,436880,436880,211.648996,enabled
1782984487.612,2026-07-02 09:28:07.613,innodb_page_size,16384,16384,0.000000,enabled
1782984487.612,2026-07-02 09:28:07.613,innodb_rwlock_sx_os_waits,0,0,0.000000,enabled
1782984487.612,2026-07-02 09:28:07.613,innodb_rwlock_sx_spin_rounds,0,0,0.000000,enabled
1782984487.612,2026-07-02 09:28:07.613,innodb_rwlock_sx_spin_waits,0,0,0.000000,enabled
1782984487.612,2026-07-02 09:28:07.613,innodb_rwlock_s_os_waits,0,0,0.000000,enabled
1782984487.612,2026-07-02 09:28:07.613,innodb_rwlock_s_spin_rounds,0,0,0.000000,enabled
1782984487.612,2026-07-02 09:28:07.613,innodb_rwlock_s_spin_waits,0,0,0.000000,enabled
1782984487.612,2026-07-02 09:28:07.613,innodb_rwlock_x_os_waits,0,0,0.000000,enabled
1782984487.612,2026-07-02 09:28:07.613,innodb_rwlock_x_spin_rounds,0,0,0.000000,enabled
1782984487.612,2026-07-02 09:28:07.613,innodb_rwlock_x_spin_waits,0,0,0.000000,enabled
1782984487.612,2026-07-02 09:28:07.613,lock_deadlocks,0,0,0.000000,enabled
1782984487.612,2026-07-02 09:28:07.613,lock_deadlock_false_positives,0,0,0.000000,enabled
1782984487.612,2026-07-02 09:28:07.613,lock_deadlock_rounds,2301,2301,1.114733,enabled
1782984487.612,2026-07-02 09:28:07.613,lock_rec_grant_attempts,425,425,0.205894,enabled
1782984487.612,2026-07-02 09:28:07.613,lock_rec_release_attempts,36477681,36477681,17671.823467,enabled
1782984487.612,2026-07-02 09:28:07.613,lock_row_lock_current_waits,0,0,0.000000,enabled
1782984487.612,2026-07-02 09:28:07.613,lock_row_lock_time,323,323,0.156479,enabled
1782984487.612,2026-07-02 09:28:07.613,lock_row_lock_time_avg,0,0,0.000000,enabled
1782984487.612,2026-07-02 09:28:07.613,lock_row_lock_time_max,29,29,0.000000,enabled
1782984487.612,2026-07-02 09:28:07.613,lock_row_lock_waits,425,425,0.205894,enabled
1782984487.612,2026-07-02 09:28:07.613,lock_schedule_refreshes,2301,2301,1.114733,enabled
1782984487.612,2026-07-02 09:28:07.613,lock_threads_waiting,0,0,0.000000,enabled
1782984487.612,2026-07-02 09:28:07.613,lock_timeouts,0,0,0.000000,enabled
1782984487.612,2026-07-02 09:28:07.613,log_waits,0,0,0.000000,enabled
1782984487.612,2026-07-02 09:28:07.613,log_writes,181012695,181012695,87692.632676,enabled
1782984487.612,2026-07-02 09:28:07.613,log_write_requests,388725128,388725128,188320.105877,enabled
1782984487.612,2026-07-02 09:28:07.613,os_data_fsyncs,47324688,47324688,22926.715863,enabled
1782984487.612,2026-07-02 09:28:07.613,os_data_reads,62655921,62655921,30354.019460,enabled
1782984487.612,2026-07-02 09:28:07.613,os_data_writes,203438052,203438052,98556.728336,enabled
1782984487.612,2026-07-02 09:28:07.613,os_log_bytes_written,117064225792,117064225792,56712433.842921,enabled
1782984487.612,2026-07-02 09:28:07.613,os_log_fsyncs,41570254,41570254,20138.947332,enabled
1782984487.612,2026-07-02 09:28:07.613,os_log_pending_fsyncs,1,1,0.000484,enabled
1782984487.612,2026-07-02 09:28:07.613,os_log_pending_writes,1,1,0.000484,enabled
1782984487.612,2026-07-02 09:28:07.613,trx_rseg_history_len,673,673,0.000000,enabled
1782984488.684,2026-07-02 09:28:08.685,adaptive_hash_searches,0,0,0.000000,enabled
1782984488.684,2026-07-02 09:28:08.685,adaptive_hash_searches_btree,558655898,558655898,270503.864965,enabled
1782984488.684,2026-07-02 09:28:08.685,buffer_data_reads,1022579395072,1022579395072,495137911.977237,enabled
1782984488.684,2026-07-02 09:28:08.685,buffer_data_written,507107743232,507107743232,245544033.184319,enabled
1782984488.684,2026-07-02 09:28:08.685,buffer_pages0_read,7,7,0.003389,enabled
1782984488.684,2026-07-02 09:28:08.685,buffer_pages_created,1805365,1805365,874.166513,enabled
1782984488.684,2026-07-02 09:28:08.685,buffer_pages_read,62589452,62589452,30306.116844,enabled
1782984488.684,2026-07-02 09:28:08.685,buffer_pages_written,21718054,21718054,10515.987336,enabled
1782984488.684,2026-07-02 09:28:08.685,buffer_pool_bytes_data,12850577408,12850577408,0.000000,enabled
1782984488.684,2026-07-02 09:28:08.685,buffer_pool_bytes_dirty,4649549824,4649549824,0.000000,enabled
1782984488.684,2026-07-02 09:28:08.685,buffer_pool_pages_data,784339,784339,0.000000,enabled
1782984488.684,2026-07-02 09:28:08.685,buffer_pool_pages_dirty,283786,283786,0.000000,enabled
1782984488.684,2026-07-02 09:28:08.685,buffer_pool_pages_flushed,21660984,21660984,0.000000,enabled
1782984488.684,2026-07-02 09:28:08.685,buffer_pool_pages_free,2001,2001,0.000000,enabled
1782984488.684,2026-07-02 09:28:08.685,buffer_pool_pages_lru_flushed,0,0,0.000000,enabled
1782984488.684,2026-07-02 09:28:08.685,buffer_pool_pages_misc,96,96,0.000000,enabled
1782984488.684,2026-07-02 09:28:08.685,buffer_pool_pages_total,786432,786432,0.000000,enabled
1782984488.684,2026-07-02 09:28:08.685,buffer_pool_reads,61705720,61705720,29878.210660,enabled
1782984488.684,2026-07-02 09:28:08.685,buffer_pool_read_ahead,803715,803715,389.162720,enabled
1782984488.684,2026-07-02 09:28:08.685,buffer_pool_read_ahead_evicted,25,25,0.012105,enabled
1782984488.684,2026-07-02 09:28:08.685,buffer_pool_read_requests,2685307993,2685307993,1300239.223378,enabled
1782984488.684,2026-07-02 09:28:08.685,buffer_pool_size,12884901888,12884901888,0.000000,enabled
1782984488.684,2026-07-02 09:28:08.685,buffer_pool_wait_free,18945,18945,9.173261,enabled
1782984488.684,2026-07-02 09:28:08.685,buffer_pool_write_requests,578852499,578852499,280283.202187,enabled
1782984488.684,2026-07-02 09:28:08.685,dml_deletes,12006607,12006607,5813.656519,enabled
1782984488.684,2026-07-02 09:28:08.685,dml_inserts,111892010,111892010,54178.646303,enabled
1782984488.684,2026-07-02 09:28:08.685,dml_system_deletes,468,468,0.226608,enabled
1782984488.684,2026-07-02 09:28:08.685,dml_system_inserts,1202,1202,0.582014,enabled
1782984488.684,2026-07-02 09:28:08.685,dml_system_reads,7661,7661,3.709493,enabled
1782984488.684,2026-07-02 09:28:08.685,dml_system_updates,620,620,0.300207,enabled
1782984488.684,2026-07-02 09:28:08.685,dml_updates,24013335,24013335,11627.371617,enabled
1782984488.684,2026-07-02 09:28:08.685,file_num_open_files,35,35,0.000000,enabled
1782984488.684,2026-07-02 09:28:08.685,ibuf_merges,0,0,0.000000,enabled
1782984488.684,2026-07-02 09:28:08.685,ibuf_merges_delete,0,0,0.000000,enabled
1782984488.684,2026-07-02 09:28:08.685,ibuf_merges_delete_mark,0,0,0.000000,enabled
1782984488.684,2026-07-02 09:28:08.685,ibuf_merges_discard_delete,0,0,0.000000,enabled
1782984488.684,2026-07-02 09:28:08.685,ibuf_merges_discard_delete_mark,0,0,0.000000,enabled
1782984488.684,2026-07-02 09:28:08.685,ibuf_merges_discard_insert,0,0,0.000000,enabled
1782984488.684,2026-07-02 09:28:08.685,ibuf_merges_insert,0,0,0.000000,enabled
1782984488.684,2026-07-02 09:28:08.685,ibuf_size,1,1,0.000484,enabled
1782984488.684,2026-07-02 09:28:08.685,innodb_activity_count,16702987,16702987,8087.666304,enabled
1782984488.684,2026-07-02 09:28:08.685,innodb_dblwr_pages_written,21659062,21659062,10487.421481,enabled
1782984488.684,2026-07-02 09:28:08.685,innodb_dblwr_writes,437240,437240,211.713701,enabled
1782984488.684,2026-07-02 09:28:08.685,innodb_page_size,16384,16384,0.000000,enabled
1782984488.684,2026-07-02 09:28:08.685,innodb_rwlock_sx_os_waits,0,0,0.000000,enabled
1782984488.684,2026-07-02 09:28:08.685,innodb_rwlock_sx_spin_rounds,0,0,0.000000,enabled
1782984488.684,2026-07-02 09:28:08.685,innodb_rwlock_sx_spin_waits,0,0,0.000000,enabled
1782984488.684,2026-07-02 09:28:08.685,innodb_rwlock_s_os_waits,0,0,0.000000,enabled
1782984488.684,2026-07-02 09:28:08.685,innodb_rwlock_s_spin_rounds,0,0,0.000000,enabled
1782984488.684,2026-07-02 09:28:08.685,innodb_rwlock_s_spin_waits,0,0,0.000000,enabled
1782984488.684,2026-07-02 09:28:08.685,innodb_rwlock_x_os_waits,0,0,0.000000,enabled
1782984488.684,2026-07-02 09:28:08.685,innodb_rwlock_x_spin_rounds,0,0,0.000000,enabled
1782984488.684,2026-07-02 09:28:08.685,innodb_rwlock_x_spin_waits,0,0,0.000000,enabled
1782984488.684,2026-07-02 09:28:08.685,lock_deadlocks,0,0,0.000000,enabled
1782984488.684,2026-07-02 09:28:08.685,lock_deadlock_false_positives,0,0,0.000000,enabled
1782984488.684,2026-07-02 09:28:08.685,lock_deadlock_rounds,2302,2302,1.114640,enabled
1782984488.684,2026-07-02 09:28:08.685,lock_rec_grant_attempts,425,425,0.205787,enabled
1782984488.684,2026-07-02 09:28:08.685,lock_rec_release_attempts,36492676,36492676,17669.931969,enabled
1782984488.684,2026-07-02 09:28:08.685,lock_row_lock_current_waits,0,0,0.000000,enabled
1782984488.684,2026-07-02 09:28:08.685,lock_row_lock_time,323,323,0.156398,enabled
1782984488.684,2026-07-02 09:28:08.685,lock_row_lock_time_avg,0,0,0.000000,enabled
1782984488.684,2026-07-02 09:28:08.685,lock_row_lock_time_max,29,29,0.000000,enabled
1782984488.684,2026-07-02 09:28:08.685,lock_row_lock_waits,425,425,0.205787,enabled
1782984488.684,2026-07-02 09:28:08.685,lock_schedule_refreshes,2302,2302,1.114640,enabled
1782984488.684,2026-07-02 09:28:08.685,lock_threads_waiting,0,0,0.000000,enabled
1782984488.684,2026-07-02 09:28:08.685,lock_timeouts,0,0,0.000000,enabled
1782984488.684,2026-07-02 09:28:08.685,log_waits,0,0,0.000000,enabled
1782984488.684,2026-07-02 09:28:08.685,log_writes,181093163,181093163,87686.180834,enabled
1782984488.684,2026-07-02 09:28:08.685,log_write_requests,388808923,388808923,188263.151361,enabled
1782984488.684,2026-07-02 09:28:08.685,os_data_fsyncs,47359751,47359751,22931.820098,enabled
1782984488.684,2026-07-02 09:28:08.685,os_data_reads,62713809,62713809,30366.329158,enabled
1782984488.684,2026-07-02 09:28:08.685,os_data_writes,203535145,203535145,98552.699997,enabled
1782984488.684,2026-07-02 09:28:08.685,os_log_bytes_written,117106412032,117106412032,56703490.018208,enabled
1782984488.684,2026-07-02 09:28:08.685,os_log_fsyncs,41600283,41600283,20143.057832,enabled
1782984488.684,2026-07-02 09:28:08.685,os_log_pending_fsyncs,0,0,0.000000,enabled
1782984488.684,2026-07-02 09:28:08.685,os_log_pending_writes,0,0,0.000000,enabled
1782984488.684,2026-07-02 09:28:08.685,trx_rseg_history_len,789,789,0.000000,enabled
1782984489.753,2026-07-02 09:28:09.755,adaptive_hash_searches,0,0,0.000000,enabled
1782984489.753,2026-07-02 09:28:09.755,adaptive_hash_searches_btree,558829143,558829143,270447.351224,enabled
1782984489.753,2026-07-02 09:28:09.755,buffer_data_reads,1023538547200,1023538547200,495345197.735046,enabled
1782984489.753,2026-07-02 09:28:09.755,buffer_data_written,507427104768,507427104768,245571190.218409,enabled
1782984489.753,2026-07-02 09:28:09.755,buffer_pages0_read,7,7,0.003388,enabled
1782984489.753,2026-07-02 09:28:09.755,buffer_pages_created,1805401,1805401,873.730381,enabled
1782984489.753,2026-07-02 09:28:09.755,buffer_pages_read,62648158,62648158,30318.803693,enabled
1782984489.753,2026-07-02 09:28:09.755,buffer_pages_written,21734539,21734539,10518.509168,enabled
1782984489.753,2026-07-02 09:28:09.755,buffer_pool_bytes_data,12855525376,12855525376,0.000000,enabled
1782984489.753,2026-07-02 09:28:09.755,buffer_pool_bytes_dirty,4654252032,4654252032,0.000000,enabled
1782984489.753,2026-07-02 09:28:09.755,buffer_pool_pages_data,784639,784639,0.000000,enabled
1782984489.753,2026-07-02 09:28:09.755,buffer_pool_pages_dirty,284073,284073,0.000000,enabled
1782984489.753,2026-07-02 09:28:09.755,buffer_pool_pages_flushed,21677469,21677469,0.000000,enabled
1782984489.753,2026-07-02 09:28:09.755,buffer_pool_pages_free,1697,1697,0.000000,enabled
1782984489.753,2026-07-02 09:28:09.755,buffer_pool_pages_lru_flushed,0,0,0.000000,enabled
1782984489.753,2026-07-02 09:28:09.755,buffer_pool_pages_misc,96,96,0.000000,enabled
1782984489.753,2026-07-02 09:28:09.755,buffer_pool_pages_total,786432,786432,0.000000,enabled
1782984489.753,2026-07-02 09:28:09.755,buffer_pool_reads,61764357,61764357,29891.086273,enabled
1782984489.753,2026-07-02 09:28:09.755,buffer_pool_read_ahead,803715,803715,388.960806,enabled
1782984489.753,2026-07-02 09:28:09.755,buffer_pool_read_ahead_evicted,25,25,0.012099,enabled
1782984489.753,2026-07-02 09:28:09.755,buffer_pool_read_requests,2686166391,2686166391,1299980.033294,enabled
1782984489.753,2026-07-02 09:28:09.755,buffer_pool_size,12884901888,12884901888,0.000000,enabled
1782984489.753,2026-07-02 09:28:09.755,buffer_pool_wait_free,18945,18945,9.168502,enabled
1782984489.753,2026-07-02 09:28:09.755,buffer_pool_write_requests,578969591,578969591,280194.447296,enabled
1782984489.753,2026-07-02 09:28:09.755,dml_deletes,12011612,12011612,5813.062149,enabled
1782984489.753,2026-07-02 09:28:09.755,dml_inserts,111897015,111897015,54152.956583,enabled
1782984489.753,2026-07-02 09:28:09.755,dml_system_deletes,468,468,0.226490,enabled
1782984489.753,2026-07-02 09:28:09.755,dml_system_inserts,1202,1202,0.581712,enabled
1782984489.753,2026-07-02 09:28:09.755,dml_system_reads,7661,7661,3.707568,enabled
1782984489.753,2026-07-02 09:28:09.755,dml_system_updates,620,620,0.300051,enabled
1782984489.753,2026-07-02 09:28:09.755,dml_updates,24023345,24023345,11626.182841,enabled
1782984489.753,2026-07-02 09:28:09.755,file_num_open_files,35,35,0.000000,enabled
1782984489.753,2026-07-02 09:28:09.755,ibuf_merges,0,0,0.000000,enabled
1782984489.753,2026-07-02 09:28:09.755,ibuf_merges_delete,0,0,0.000000,enabled
1782984489.753,2026-07-02 09:28:09.755,ibuf_merges_delete_mark,0,0,0.000000,enabled
1782984489.753,2026-07-02 09:28:09.755,ibuf_merges_discard_delete,0,0,0.000000,enabled
1782984489.753,2026-07-02 09:28:09.755,ibuf_merges_discard_delete_mark,0,0,0.000000,enabled
1782984489.753,2026-07-02 09:28:09.755,ibuf_merges_discard_insert,0,0,0.000000,enabled
1782984489.753,2026-07-02 09:28:09.755,ibuf_merges_insert,0,0,0.000000,enabled
1782984489.753,2026-07-02 09:28:09.755,ibuf_size,1,1,0.000484,enabled
1782984489.753,2026-07-02 09:28:09.755,innodb_activity_count,16708731,16708731,8086.249667,enabled
1782984489.753,2026-07-02 09:28:09.755,innodb_dblwr_pages_written,21675547,21675547,10489.957813,enabled
1782984489.753,2026-07-02 09:28:09.755,innodb_dblwr_writes,437599,437599,211.777588,enabled
1782984489.753,2026-07-02 09:28:09.755,innodb_page_size,16384,16384,0.000000,enabled
1782984489.753,2026-07-02 09:28:09.755,innodb_rwlock_sx_os_waits,0,0,0.000000,enabled
1782984489.753,2026-07-02 09:28:09.755,innodb_rwlock_sx_spin_rounds,0,0,0.000000,enabled
1782984489.753,2026-07-02 09:28:09.755,innodb_rwlock_sx_spin_waits,0,0,0.000000,enabled
1782984489.753,2026-07-02 09:28:09.755,innodb_rwlock_s_os_waits,0,0,0.000000,enabled
1782984489.753,2026-07-02 09:28:09.755,innodb_rwlock_s_spin_rounds,0,0,0.000000,enabled
1782984489.753,2026-07-02 09:28:09.755,innodb_rwlock_s_spin_waits,0,0,0.000000,enabled
1782984489.753,2026-07-02 09:28:09.755,innodb_rwlock_x_os_waits,0,0,0.000000,enabled
1782984489.753,2026-07-02 09:28:09.755,innodb_rwlock_x_spin_rounds,0,0,0.000000,enabled
1782984489.753,2026-07-02 09:28:09.755,innodb_rwlock_x_spin_waits,0,0,0.000000,enabled
1782984489.753,2026-07-02 09:28:09.755,lock_deadlocks,0,0,0.000000,enabled
1782984489.753,2026-07-02 09:28:09.755,lock_deadlock_false_positives,0,0,0.000000,enabled
1782984489.753,2026-07-02 09:28:09.755,lock_deadlock_rounds,2303,2303,1.114545,enabled
1782984489.753,2026-07-02 09:28:09.755,lock_rec_grant_attempts,425,425,0.205680,enabled
1782984489.753,2026-07-02 09:28:09.755,lock_rec_release_attempts,36507900,36507900,17668.131889,enabled
1782984489.753,2026-07-02 09:28:09.755,lock_row_lock_current_waits,0,0,0.000000,enabled
1782984489.753,2026-07-02 09:28:09.755,lock_row_lock_time,323,323,0.156317,enabled
1782984489.753,2026-07-02 09:28:09.755,lock_row_lock_time_avg,0,0,0.000000,enabled
1782984489.753,2026-07-02 09:28:09.755,lock_row_lock_time_max,29,29,0.000000,enabled
1782984489.753,2026-07-02 09:28:09.755,lock_row_lock_waits,425,425,0.205680,enabled
1782984489.753,2026-07-02 09:28:09.755,lock_schedule_refreshes,2303,2303,1.114545,enabled
1782984489.753,2026-07-02 09:28:09.755,lock_threads_waiting,0,0,0.000000,enabled
1782984489.753,2026-07-02 09:28:09.755,lock_timeouts,0,0,0.000000,enabled
1782984489.753,2026-07-02 09:28:09.755,log_waits,0,0,0.000000,enabled
1782984489.753,2026-07-02 09:28:09.755,log_writes,181175208,181175208,87680.389955,enabled
1782984489.753,2026-07-02 09:28:09.755,log_write_requests,388893750,388893750,188206.521511,enabled
1782984489.753,2026-07-02 09:28:09.755,os_data_fsyncs,47395681,47395681,22937.310221,enabled
1782984489.753,2026-07-02 09:28:09.755,os_data_reads,62772343,62772343,30378.901135,enabled
1782984489.753,2026-07-02 09:28:09.755,os_data_writes,203633931,203633931,98549.373123,enabled
1782984489.753,2026-07-02 09:28:09.755,os_log_bytes_written,117149190656,117149190656,56694771.882372,enabled
1782984489.753,2026-07-02 09:28:09.755,os_log_fsyncs,41631023,41631023,20147.483191,enabled
1782984489.753,2026-07-02 09:28:09.755,os_log_pending_fsyncs,1,1,0.000484,enabled
1782984489.753,2026-07-02 09:28:09.755,os_log_pending_writes,1,1,0.000484,enabled
1782984489.753,2026-07-02 09:28:09.755,trx_rseg_history_len,982,982,0.000000,enabled
1782984490.826,2026-07-02 09:28:10.827,adaptive_hash_searches,0,0,0.000000,enabled
1782984490.826,2026-07-02 09:28:10.827,adaptive_hash_searches_btree,558998647,558998647,270389.125815,enabled
1782984490.826,2026-07-02 09:28:10.827,buffer_data_reads,1024484903424,1024484903424,495546124.277365,enabled
1782984490.826,2026-07-02 09:28:10.827,buffer_data_written,507740498432,507740498432,245595454.970175,enabled
1782984490.826,2026-07-02 09:28:10.827,buffer_pages0_read,7,7,0.003386,enabled
1782984490.826,2026-07-02 09:28:10.827,buffer_pages_created,1805436,1805436,873.294294,enabled
1782984490.826,2026-07-02 09:28:10.827,buffer_pages_read,62706082,62706082,30331.101866,enabled
1782984490.826,2026-07-02 09:28:10.827,buffer_pages_written,21750727,21750727,10520.885656,enabled
1782984490.826,2026-07-02 09:28:10.827,buffer_pool_bytes_data,12851937280,12851937280,0.000000,enabled
1782984490.826,2026-07-02 09:28:10.827,buffer_pool_bytes_dirty,4658069504,4658069504,0.000000,enabled
1782984490.826,2026-07-02 09:28:10.827,buffer_pool_pages_data,784419,784419,0.000000,enabled
1782984490.826,2026-07-02 09:28:10.827,buffer_pool_pages_dirty,284306,284306,0.000000,enabled
1782984490.826,2026-07-02 09:28:10.827,buffer_pool_pages_flushed,21693657,21693657,0.000000,enabled
1782984490.826,2026-07-02 09:28:10.827,buffer_pool_pages_free,1915,1915,0.000000,enabled
1782984490.826,2026-07-02 09:28:10.827,buffer_pool_pages_lru_flushed,0,0,0.000000,enabled
1782984490.826,2026-07-02 09:28:10.827,buffer_pool_pages_misc,97,97,0.000000,enabled
1782984490.826,2026-07-02 09:28:10.827,buffer_pool_pages_total,786432,786432,0.000000,enabled
1782984490.826,2026-07-02 09:28:10.827,buffer_pool_reads,61822224,61822224,29903.578448,enabled
1782984490.826,2026-07-02 09:28:10.827,buffer_pool_read_ahead,803715,803715,388.759135,enabled
1782984490.826,2026-07-02 09:28:10.827,buffer_pool_read_ahead_evicted,25,25,0.012093,enabled
1782984490.826,2026-07-02 09:28:10.827,buffer_pool_read_requests,2687007732,2687007732,1299712.965147,enabled
1782984490.826,2026-07-02 09:28:10.827,buffer_pool_size,12884901888,12884901888,0.000000,enabled
1782984490.826,2026-07-02 09:28:10.827,buffer_pool_wait_free,18945,18945,9.163748,enabled
1782984490.826,2026-07-02 09:28:10.827,buffer_pool_write_requests,579084997,579084997,280104.991526,enabled
1782984490.826,2026-07-02 09:28:10.827,dml_deletes,12016503,12016503,5812.414148,enabled
1782984490.826,2026-07-02 09:28:10.827,dml_inserts,111901904,111901904,54127.245724,enabled
1782984490.826,2026-07-02 09:28:10.827,dml_system_deletes,468,468,0.226373,enabled
1782984490.826,2026-07-02 09:28:10.827,dml_system_inserts,1202,1202,0.581411,enabled
1782984490.826,2026-07-02 09:28:10.827,dml_system_reads,7661,7661,3.705646,enabled
1782984490.826,2026-07-02 09:28:10.827,dml_system_updates,620,620,0.299896,enabled
1782984490.826,2026-07-02 09:28:10.827,dml_updates,24033124,24033124,11624.885363,enabled
1782984490.826,2026-07-02 09:28:10.827,file_num_open_files,35,35,0.000000,enabled
1782984490.826,2026-07-02 09:28:10.827,ibuf_merges,0,0,0.000000,enabled
1782984490.826,2026-07-02 09:28:10.827,ibuf_merges_delete,0,0,0.000000,enabled
1782984490.826,2026-07-02 09:28:10.827,ibuf_merges_delete_mark,0,0,0.000000,enabled
1782984490.826,2026-07-02 09:28:10.827,ibuf_merges_discard_delete,0,0,0.000000,enabled
1782984490.826,2026-07-02 09:28:10.827,ibuf_merges_discard_delete_mark,0,0,0.000000,enabled
1782984490.826,2026-07-02 09:28:10.827,ibuf_merges_discard_insert,0,0,0.000000,enabled
1782984490.826,2026-07-02 09:28:10.827,ibuf_merges_insert,0,0,0.000000,enabled
1782984490.826,2026-07-02 09:28:10.827,ibuf_size,1,1,0.000484,enabled
1782984490.826,2026-07-02 09:28:10.827,innodb_activity_count,16714355,16714355,8084.777669,enabled
1782984490.826,2026-07-02 09:28:10.827,innodb_dblwr_pages_written,21691735,21691735,10492.349451,enabled
1782984490.826,2026-07-02 09:28:10.827,innodb_dblwr_writes,437967,437967,211.845794,enabled
1782984490.826,2026-07-02 09:28:10.827,innodb_page_size,16384,16384,0.000000,enabled
1782984490.826,2026-07-02 09:28:10.827,innodb_rwlock_sx_os_waits,0,0,0.000000,enabled
1782984490.826,2026-07-02 09:28:10.827,innodb_rwlock_sx_spin_rounds,0,0,0.000000,enabled
1782984490.826,2026-07-02 09:28:10.827,innodb_rwlock_sx_spin_waits,0,0,0.000000,enabled
1782984490.826,2026-07-02 09:28:10.827,innodb_rwlock_s_os_waits,0,0,0.000000,enabled
1782984490.826,2026-07-02 09:28:10.827,innodb_rwlock_s_spin_rounds,0,0,0.000000,enabled
1782984490.826,2026-07-02 09:28:10.827,innodb_rwlock_s_spin_waits,0,0,0.000000,enabled
1782984490.826,2026-07-02 09:28:10.827,innodb_rwlock_x_os_waits,0,0,0.000000,enabled
1782984490.826,2026-07-02 09:28:10.827,innodb_rwlock_x_spin_rounds,0,0,0.000000,enabled
1782984490.826,2026-07-02 09:28:10.827,innodb_rwlock_x_spin_waits,0,0,0.000000,enabled
1782984490.826,2026-07-02 09:28:10.827,lock_deadlocks,0,0,0.000000,enabled
1782984490.826,2026-07-02 09:28:10.827,lock_deadlock_false_positives,0,0,0.000000,enabled
1782984490.826,2026-07-02 09:28:10.827,lock_deadlock_rounds,2304,2304,1.114451,enabled
1782984490.826,2026-07-02 09:28:10.827,lock_rec_grant_attempts,425,425,0.205574,enabled
1782984490.826,2026-07-02 09:28:10.827,lock_rec_release_attempts,36522771,36522771,17666.164199,enabled
1782984490.826,2026-07-02 09:28:10.827,lock_row_lock_current_waits,0,0,0.000000,enabled
1782984490.826,2026-07-02 09:28:10.827,lock_row_lock_time,323,323,0.156236,enabled
1782984490.826,2026-07-02 09:28:10.827,lock_row_lock_time_avg,0,0,0.000000,enabled
1782984490.826,2026-07-02 09:28:10.827,lock_row_lock_time_max,29,29,0.000000,enabled
1782984490.826,2026-07-02 09:28:10.827,lock_row_lock_waits,425,425,0.205574,enabled
1782984490.826,2026-07-02 09:28:10.827,lock_schedule_refreshes,2304,2304,1.114451,enabled
1782984490.826,2026-07-02 09:28:10.827,lock_threads_waiting,0,0,0.000000,enabled
1782984490.826,2026-07-02 09:28:10.827,lock_timeouts,0,0,0.000000,enabled
1782984490.826,2026-07-02 09:28:10.827,log_waits,0,0,0.000000,enabled
1782984490.826,2026-07-02 09:28:10.827,log_writes,181255228,181255228,87673.636542,enabled
1782984490.826,2026-07-02 09:28:10.827,log_write_requests,388976916,388976916,188149.170421,enabled
1782984490.826,2026-07-02 09:28:10.827,os_data_fsyncs,47430338,47430338,22942.181658,enabled
1782984490.826,2026-07-02 09:28:10.827,os_data_reads,62830101,62830101,30391.088358,enabled
1782984490.826,2026-07-02 09:28:10.827,os_data_writes,203730408,203730408,98544.944654,enabled
1782984490.826,2026-07-02 09:28:10.827,os_log_bytes_written,117191040000,117191040000,56685620.148844,enabled
1782984490.826,2026-07-02 09:28:10.827,os_log_fsyncs,41660640,41660640,20151.363212,enabled
1782984490.826,2026-07-02 09:28:10.827,os_log_pending_fsyncs,1,1,0.000484,enabled
1782984490.826,2026-07-02 09:28:10.827,os_log_pending_writes,0,0,0.000000,enabled
1782984490.826,2026-07-02 09:28:10.827,trx_rseg_history_len,1032,1032,0.000000,enabled
1782984491.897,2026-07-02 09:28:11.898,adaptive_hash_searches,0,0,0.000000,enabled
1782984491.897,2026-07-02 09:28:11.898,adaptive_hash_searches_btree,559168767,559168767,270331.862105,enabled
1782984491.897,2026-07-02 09:28:11.898,buffer_data_reads,1025427491328,1025427491328,495746136.976768,enabled
1782984491.897,2026-07-02 09:28:11.898,buffer_data_written,508056205312,508056205312,245621365.805942,enabled
1782984491.897,2026-07-02 09:28:11.898,buffer_pages0_read,7,7,0.003384,enabled
1782984491.897,2026-07-02 09:28:11.898,buffer_pages_created,1805480,1805480,872.864977,enabled
1782984491.897,2026-07-02 09:28:11.898,buffer_pages_read,62763760,62763760,30343.336692,enabled
1782984491.897,2026-07-02 09:28:11.898,buffer_pages_written,21767058,21767058,10523.352519,enabled
1782984491.897,2026-07-02 09:28:11.898,buffer_pool_bytes_data,12849938432,12849938432,0.000000,enabled
1782984491.897,2026-07-02 09:28:11.898,buffer_pool_bytes_dirty,4660527104,4660527104,0.000000,enabled
1782984491.897,2026-07-02 09:28:11.898,buffer_pool_pages_data,784298,784298,0.000000,enabled
1782984491.897,2026-07-02 09:28:11.898,buffer_pool_pages_dirty,284457,284457,0.000000,enabled
1782984491.897,2026-07-02 09:28:11.898,buffer_pool_pages_flushed,21709953,21709953,0.000000,enabled
1782984491.897,2026-07-02 09:28:11.898,buffer_pool_pages_free,2038,2038,0.000000,enabled
1782984491.897,2026-07-02 09:28:11.898,buffer_pool_pages_lru_flushed,0,0,0.000000,enabled
1782984491.897,2026-07-02 09:28:11.898,buffer_pool_pages_misc,97,97,0.000000,enabled
1782984491.897,2026-07-02 09:28:11.898,buffer_pool_pages_total,786432,786432,0.000000,enabled
1782984491.897,2026-07-02 09:28:11.898,buffer_pool_reads,61879837,61879837,29916.002591,enabled
1782984491.897,2026-07-02 09:28:11.898,buffer_pool_read_ahead,803715,803715,388.558548,enabled
1782984491.897,2026-07-02 09:28:11.898,buffer_pool_read_ahead_evicted,25,25,0.012086,enabled
1782984491.897,2026-07-02 09:28:11.898,buffer_pool_read_requests,2687850483,2687850483,1299449.788509,enabled
1782984491.897,2026-07-02 09:28:11.898,buffer_pool_size,12884901888,12884901888,0.000000,enabled
1782984491.897,2026-07-02 09:28:11.898,buffer_pool_wait_free,18945,18945,9.159020,enabled
1782984491.897,2026-07-02 09:28:11.898,buffer_pool_write_requests,579199836,579199836,280015.986218,enabled
1782984491.897,2026-07-02 09:28:11.898,dml_deletes,12021415,12021415,5811.789931,enabled
1782984491.897,2026-07-02 09:28:11.898,dml_inserts,111906817,111906817,54101.693754,enabled
1782984491.897,2026-07-02 09:28:11.898,dml_system_deletes,468,468,0.226256,enabled
1782984491.897,2026-07-02 09:28:11.898,dml_system_inserts,1202,1202,0.581111,enabled
1782984491.897,2026-07-02 09:28:11.898,dml_system_reads,7661,7661,3.703734,enabled
1782984491.897,2026-07-02 09:28:11.898,dml_system_updates,620,620,0.299741,enabled
1782984491.897,2026-07-02 09:28:11.898,dml_updates,24042949,24042949,11623.637382,enabled
1782984491.897,2026-07-02 09:28:11.898,file_num_open_files,35,35,0.000000,enabled
1782984491.897,2026-07-02 09:28:11.898,ibuf_merges,0,0,0.000000,enabled
1782984491.897,2026-07-02 09:28:11.898,ibuf_merges_delete,0,0,0.000000,enabled
1782984491.897,2026-07-02 09:28:11.898,ibuf_merges_delete_mark,0,0,0.000000,enabled
1782984491.897,2026-07-02 09:28:11.898,ibuf_merges_discard_delete,0,0,0.000000,enabled
1782984491.897,2026-07-02 09:28:11.898,ibuf_merges_discard_delete_mark,0,0,0.000000,enabled
1782984491.897,2026-07-02 09:28:11.898,ibuf_merges_discard_insert,0,0,0.000000,enabled
1782984491.897,2026-07-02 09:28:11.898,ibuf_merges_insert,0,0,0.000000,enabled
1782984491.897,2026-07-02 09:28:11.898,ibuf_size,1,1,0.000483,enabled
1782984491.897,2026-07-02 09:28:11.898,innodb_activity_count,16719994,16719994,8083.332478,enabled
1782984491.897,2026-07-02 09:28:11.898,innodb_dblwr_pages_written,21708068,21708068,10494.832113,enabled
1782984491.897,2026-07-02 09:28:11.898,innodb_dblwr_writes,438342,438342,211.917786,enabled
1782984491.897,2026-07-02 09:28:11.898,innodb_page_size,16384,16384,0.000000,enabled
1782984491.897,2026-07-02 09:28:11.898,innodb_rwlock_sx_os_waits,0,0,0.000000,enabled
1782984491.897,2026-07-02 09:28:11.898,innodb_rwlock_sx_spin_rounds,0,0,0.000000,enabled
1782984491.897,2026-07-02 09:28:11.898,innodb_rwlock_sx_spin_waits,0,0,0.000000,enabled
1782984491.897,2026-07-02 09:28:11.898,innodb_rwlock_s_os_waits,0,0,0.000000,enabled
1782984491.897,2026-07-02 09:28:11.898,innodb_rwlock_s_spin_rounds,0,0,0.000000,enabled
1782984491.897,2026-07-02 09:28:11.898,innodb_rwlock_s_spin_waits,0,0,0.000000,enabled
1782984491.897,2026-07-02 09:28:11.898,innodb_rwlock_x_os_waits,0,0,0.000000,enabled
1782984491.897,2026-07-02 09:28:11.898,innodb_rwlock_x_spin_rounds,0,0,0.000000,enabled
1782984491.897,2026-07-02 09:28:11.898,innodb_rwlock_x_spin_waits,0,0,0.000000,enabled
1782984491.897,2026-07-02 09:28:11.898,lock_deadlocks,0,0,0.000000,enabled
1782984491.897,2026-07-02 09:28:11.898,lock_deadlock_false_positives,0,0,0.000000,enabled
1782984491.897,2026-07-02 09:28:11.898,lock_deadlock_rounds,2305,2305,1.114360,enabled
1782984491.897,2026-07-02 09:28:11.898,lock_rec_grant_attempts,425,425,0.205468,enabled
1782984491.897,2026-07-02 09:28:11.898,lock_rec_release_attempts,36537694,36537694,17664.263738,enabled
1782984491.897,2026-07-02 09:28:11.898,lock_row_lock_current_waits,0,0,0.000000,enabled
1782984491.897,2026-07-02 09:28:11.898,lock_row_lock_time,323,323,0.156155,enabled
1782984491.897,2026-07-02 09:28:11.898,lock_row_lock_time_avg,0,0,0.000000,enabled
1782984491.897,2026-07-02 09:28:11.898,lock_row_lock_time_max,29,29,0.000000,enabled
1782984491.897,2026-07-02 09:28:11.898,lock_row_lock_waits,425,425,0.205468,enabled
1782984491.897,2026-07-02 09:28:11.898,lock_schedule_refreshes,2305,2305,1.114360,enabled
1782984491.897,2026-07-02 09:28:11.898,lock_threads_waiting,0,0,0.000000,enabled
1782984491.897,2026-07-02 09:28:11.898,lock_timeouts,0,0,0.000000,enabled
1782984491.897,2026-07-02 09:28:11.898,log_waits,0,0,0.000000,enabled
1782984491.897,2026-07-02 09:28:11.898,log_writes,181335015,181335015,87666.974033,enabled
1782984491.897,2026-07-02 09:28:11.898,log_write_requests,389060338,389060338,188092.424250,enabled
1782984491.897,2026-07-02 09:28:11.898,os_data_fsyncs,47465085,47465085,22947.142869,enabled
1782984491.897,2026-07-02 09:28:11.898,os_data_reads,62887633,62887633,30403.221673,enabled
1782984491.897,2026-07-02 09:28:11.898,os_data_writes,203826804,203826804,98540.701968,enabled
1782984491.897,2026-07-02 09:28:11.898,os_log_bytes_written,117232923136,117232923136,56676620.955517,enabled
1782984491.897,2026-07-02 09:28:11.898,os_log_fsyncs,41690278,41690278,20155.294425,enabled
1782984491.897,2026-07-02 09:28:11.898,os_log_pending_fsyncs,1,1,0.000483,enabled
1782984491.897,2026-07-02 09:28:11.898,os_log_pending_writes,0,0,0.000000,enabled
1782984491.897,2026-07-02 09:28:11.898,trx_rseg_history_len,1091,1091,0.000000,enabled
1782984492.964,2026-07-02 09:28:12.966,adaptive_hash_searches,0,0,0.000000,enabled
1782984492.964,2026-07-02 09:28:12.966,adaptive_hash_searches_btree,559339503,559339503,270274.282049,enabled
1782984492.964,2026-07-02 09:28:12.966,buffer_data_reads,1026374257152,1026374257152,495946735.254958,enabled
1782984492.964,2026-07-02 09:28:12.966,buffer_data_written,508371401728,508371401728,245646395.573632,enabled
1782984492.964,2026-07-02 09:28:12.966,buffer_pages0_read,7,7,0.003382,enabled
1782984492.964,2026-07-02 09:28:12.966,buffer_pages_created,1805526,1805526,872.434911,enabled
1782984492.964,2026-07-02 09:28:12.966,buffer_pages_read,62821723,62821723,30355.621533,enabled
1782984492.964,2026-07-02 09:28:12.966,buffer_pages_written,21783327,21783327,10525.760851,enabled
1782984492.964,2026-07-02 09:28:12.966,buffer_pool_bytes_data,12849430528,12849430528,0.000000,enabled
1782984492.964,2026-07-02 09:28:12.966,buffer_pool_bytes_dirty,4665458688,4665458688,0.000000,enabled
1782984492.964,2026-07-02 09:28:12.966,buffer_pool_pages_data,784267,784267,0.000000,enabled
1782984492.964,2026-07-02 09:28:12.966,buffer_pool_pages_dirty,284757,284757,0.000000,enabled
1782984492.964,2026-07-02 09:28:12.966,buffer_pool_pages_flushed,21726257,21726257,0.000000,enabled
1782984492.964,2026-07-02 09:28:12.966,buffer_pool_pages_free,2068,2068,0.000000,enabled
1782984492.964,2026-07-02 09:28:12.966,buffer_pool_pages_lru_flushed,0,0,0.000000,enabled
1782984492.964,2026-07-02 09:28:12.966,buffer_pool_pages_misc,96,96,0.000000,enabled
1782984492.964,2026-07-02 09:28:12.966,buffer_pool_pages_total,786432,786432,0.000000,enabled
1782984492.964,2026-07-02 09:28:12.966,buffer_pool_reads,61937734,61937734,29928.476852,enabled
1782984492.964,2026-07-02 09:28:12.966,buffer_pool_read_ahead,803715,803715,388.357209,enabled
1782984492.964,2026-07-02 09:28:12.966,buffer_pool_read_ahead_evicted,25,25,0.012080,enabled
1782984492.964,2026-07-02 09:28:12.966,buffer_pool_read_requests,2688697405,2688697405,1299185.687080,enabled
1782984492.964,2026-07-02 09:28:12.966,buffer_pool_size,12884901888,12884901888,0.000000,enabled
1782984492.964,2026-07-02 09:28:12.966,buffer_pool_wait_free,18945,18945,9.154274,enabled
1782984492.964,2026-07-02 09:28:12.966,buffer_pool_write_requests,579315919,579315919,279926.981846,enabled
1782984492.964,2026-07-02 09:28:12.966,dml_deletes,12026338,12026338,5811.157189,enabled
1782984492.964,2026-07-02 09:28:12.966,dml_inserts,111911741,111911741,54076.038682,enabled
1782984492.964,2026-07-02 09:28:12.966,dml_system_deletes,468,468,0.226139,enabled
1782984492.964,2026-07-02 09:28:12.966,dml_system_inserts,1202,1202,0.580809,enabled
1782984492.964,2026-07-02 09:28:12.966,dml_system_reads,7661,7661,3.701815,enabled
1782984492.964,2026-07-02 09:28:12.966,dml_system_updates,620,620,0.299586,enabled
1782984492.964,2026-07-02 09:28:12.966,dml_updates,24052792,24052792,11622.370418,enabled
1782984492.964,2026-07-02 09:28:12.966,file_num_open_files,35,35,0.000000,enabled
1782984492.964,2026-07-02 09:28:12.966,ibuf_merges,0,0,0.000000,enabled
1782984492.964,2026-07-02 09:28:12.966,ibuf_merges_delete,0,0,0.000000,enabled
1782984492.964,2026-07-02 09:28:12.966,ibuf_merges_delete_mark,0,0,0.000000,enabled
1782984492.964,2026-07-02 09:28:12.966,ibuf_merges_discard_delete,0,0,0.000000,enabled
1782984492.964,2026-07-02 09:28:12.966,ibuf_merges_discard_delete_mark,0,0,0.000000,enabled
1782984492.964,2026-07-02 09:28:12.966,ibuf_merges_discard_insert,0,0,0.000000,enabled
1782984492.964,2026-07-02 09:28:12.966,ibuf_merges_insert,0,0,0.000000,enabled
1782984492.964,2026-07-02 09:28:12.966,ibuf_size,1,1,0.000483,enabled
1782984492.964,2026-07-02 09:28:12.966,innodb_activity_count,16725648,16725648,8081.875899,enabled
1782984492.964,2026-07-02 09:28:12.966,innodb_dblwr_pages_written,21724335,21724335,10497.254172,enabled
1782984492.964,2026-07-02 09:28:12.966,innodb_dblwr_writes,438690,438690,211.976129,enabled
1782984492.964,2026-07-02 09:28:12.966,innodb_page_size,16384,16384,0.000000,enabled
1782984492.964,2026-07-02 09:28:12.966,innodb_rwlock_sx_os_waits,0,0,0.000000,enabled
1782984492.964,2026-07-02 09:28:12.966,innodb_rwlock_sx_spin_rounds,0,0,0.000000,enabled
1782984492.964,2026-07-02 09:28:12.966,innodb_rwlock_sx_spin_waits,0,0,0.000000,enabled
1782984492.964,2026-07-02 09:28:12.966,innodb_rwlock_s_os_waits,0,0,0.000000,enabled
1782984492.964,2026-07-02 09:28:12.966,innodb_rwlock_s_spin_rounds,0,0,0.000000,enabled
1782984492.964,2026-07-02 09:28:12.966,innodb_rwlock_s_spin_waits,0,0,0.000000,enabled
1782984492.964,2026-07-02 09:28:12.966,innodb_rwlock_x_os_waits,0,0,0.000000,enabled
1782984492.964,2026-07-02 09:28:12.966,innodb_rwlock_x_spin_rounds,0,0,0.000000,enabled
1782984492.964,2026-07-02 09:28:12.966,innodb_rwlock_x_spin_waits,0,0,0.000000,enabled
1782984492.964,2026-07-02 09:28:12.966,lock_deadlocks,0,0,0.000000,enabled
1782984492.964,2026-07-02 09:28:12.966,lock_deadlock_false_positives,0,0,0.000000,enabled
1782984492.964,2026-07-02 09:28:12.966,lock_deadlock_rounds,2306,2306,1.114265,enabled
1782984492.964,2026-07-02 09:28:12.966,lock_rec_grant_attempts,425,425,0.205361,enabled
1782984492.964,2026-07-02 09:28:12.966,lock_rec_release_attempts,36552664,36552664,17662.344136,enabled
1782984492.964,2026-07-02 09:28:12.966,lock_row_lock_current_waits,0,0,0.000000,enabled
1782984492.964,2026-07-02 09:28:12.966,lock_row_lock_time,323,323,0.156074,enabled
1782984492.964,2026-07-02 09:28:12.966,lock_row_lock_time_avg,0,0,0.000000,enabled
1782984492.964,2026-07-02 09:28:12.966,lock_row_lock_time_max,29,29,0.000000,enabled
1782984492.964,2026-07-02 09:28:12.966,lock_row_lock_waits,425,425,0.205361,enabled
1782984492.964,2026-07-02 09:28:12.966,lock_schedule_refreshes,2306,2306,1.114265,enabled
1782984492.964,2026-07-02 09:28:12.966,lock_threads_waiting,0,0,0.000000,enabled
1782984492.964,2026-07-02 09:28:12.966,lock_timeouts,0,0,0.000000,enabled
1782984492.964,2026-07-02 09:28:12.966,log_waits,0,0,0.000000,enabled
1782984492.964,2026-07-02 09:28:12.966,log_writes,181415920,181415920,87660.640562,enabled
1782984492.964,2026-07-02 09:28:12.966,log_write_requests,389143962,389143962,188035.366478,enabled
1782984492.964,2026-07-02 09:28:12.966,os_data_fsyncs,47500013,47500013,22952.129537,enabled
1782984492.964,2026-07-02 09:28:12.966,os_data_reads,62945438,62945438,30415.399032,enabled
1782984492.964,2026-07-02 09:28:12.966,os_data_writes,203924247,203924247,98536.725391,enabled
1782984492.964,2026-07-02 09:28:12.966,os_log_bytes_written,117275364864,117275364864,56667760.506393,enabled
1782984492.964,2026-07-02 09:28:12.966,os_log_fsyncs,41720144,41720144,20159.281783,enabled
1782984492.964,2026-07-02 09:28:12.966,os_log_pending_fsyncs,0,0,0.000000,enabled
1782984492.964,2026-07-02 09:28:12.966,os_log_pending_writes,0,0,0.000000,enabled
1782984492.964,2026-07-02 09:28:12.966,trx_rseg_history_len,1183,1183,0.000000,enabled
1782984494.037,2026-07-02 09:28:14.038,adaptive_hash_searches,0,0,0.000000,enabled
1782984494.037,2026-07-02 09:28:14.038,adaptive_hash_searches_btree,559505492,559505492,270214.583676,enabled
1782984494.037,2026-07-02 09:28:14.038,buffer_data_reads,1027291777536,1027291777536,496133217.162540,enabled
1782984494.037,2026-07-02 09:28:14.038,buffer_data_written,508680981504,508680981504,245668793.571534,enabled
1782984494.037,2026-07-02 09:28:14.038,buffer_pages0_read,7,7,0.003381,enabled
1782984494.037,2026-07-02 09:28:14.038,buffer_pages_created,1805567,1805567,872.003254,enabled
1782984494.037,2026-07-02 09:28:14.038,buffer_pages_read,62877899,62877899,30367.043779,enabled
1782984494.037,2026-07-02 09:28:14.038,buffer_pages_written,21799373,21799373,10528.063555,enabled
1782984494.037,2026-07-02 09:28:14.038,buffer_pool_bytes_data,12850757632,12850757632,0.000000,enabled
1782984494.037,2026-07-02 09:28:14.038,buffer_pool_bytes_dirty,4662591488,4662591488,0.000000,enabled
1782984494.037,2026-07-02 09:28:14.038,buffer_pool_pages_data,784350,784350,0.000000,enabled
1782984494.037,2026-07-02 09:28:14.038,buffer_pool_pages_dirty,284582,284582,0.000000,enabled
1782984494.037,2026-07-02 09:28:14.038,buffer_pool_pages_flushed,21742303,21742303,0.000000,enabled
1782984494.037,2026-07-02 09:28:14.038,buffer_pool_pages_free,1991,1991,0.000000,enabled
1782984494.037,2026-07-02 09:28:14.038,buffer_pool_pages_lru_flushed,0,0,0.000000,enabled
1782984494.037,2026-07-02 09:28:14.038,buffer_pool_pages_misc,96,96,0.000000,enabled
1782984494.037,2026-07-02 09:28:14.038,buffer_pool_pages_total,786432,786432,0.000000,enabled
1782984494.037,2026-07-02 09:28:14.038,buffer_pool_reads,61993853,61993853,29940.092631,enabled
1782984494.037,2026-07-02 09:28:14.038,buffer_pool_read_ahead,803715,803715,388.156246,enabled
1782984494.037,2026-07-02 09:28:14.038,buffer_pool_read_ahead_evicted,25,25,0.012074,enabled
1782984494.037,2026-07-02 09:28:14.038,buffer_pool_read_requests,2689520360,2689520360,1298910.849223,enabled
1782984494.037,2026-07-02 09:28:14.038,buffer_pool_size,12884901888,12884901888,0.000000,enabled
1782984494.037,2026-07-02 09:28:14.038,buffer_pool_wait_free,18945,18945,9.149537,enabled
1782984494.037,2026-07-02 09:28:14.038,buffer_pool_write_requests,579428861,579428861,279836.674389,enabled
1782984494.037,2026-07-02 09:28:14.038,dml_deletes,12031121,12031121,5810.459952,enabled
1782984494.037,2026-07-02 09:28:14.038,dml_inserts,111916524,111916524,54050.364981,enabled
1782984494.037,2026-07-02 09:28:14.038,dml_system_deletes,468,468,0.226022,enabled
1782984494.037,2026-07-02 09:28:14.038,dml_system_inserts,1202,1202,0.580509,enabled
1782984494.037,2026-07-02 09:28:14.038,dml_system_reads,7661,7661,3.699899,enabled
1782984494.037,2026-07-02 09:28:14.038,dml_system_updates,620,620,0.299431,enabled
1782984494.037,2026-07-02 09:28:14.038,dml_updates,24062361,24062361,11620.977362,enabled
1782984494.037,2026-07-02 09:28:14.038,file_num_open_files,35,35,0.000000,enabled
1782984494.037,2026-07-02 09:28:14.038,ibuf_merges,0,0,0.000000,enabled
1782984494.037,2026-07-02 09:28:14.038,ibuf_merges_delete,0,0,0.000000,enabled
1782984494.037,2026-07-02 09:28:14.038,ibuf_merges_delete_mark,0,0,0.000000,enabled
1782984494.037,2026-07-02 09:28:14.038,ibuf_merges_discard_delete,0,0,0.000000,enabled
1782984494.037,2026-07-02 09:28:14.038,ibuf_merges_discard_delete_mark,0,0,0.000000,enabled
1782984494.037,2026-07-02 09:28:14.038,ibuf_merges_discard_insert,0,0,0.000000,enabled
1782984494.037,2026-07-02 09:28:14.038,ibuf_merges_insert,0,0,0.000000,enabled
1782984494.037,2026-07-02 09:28:14.038,ibuf_size,1,1,0.000483,enabled
1782984494.037,2026-07-02 09:28:14.038,innodb_activity_count,16731141,16731141,8080.346490,enabled
1782984494.037,2026-07-02 09:28:14.038,innodb_dblwr_pages_written,21740381,21740381,10499.571432,enabled
1782984494.037,2026-07-02 09:28:14.038,innodb_dblwr_writes,439029,439029,212.030155,enabled
1782984494.037,2026-07-02 09:28:14.038,innodb_page_size,16384,16384,0.000000,enabled
1782984494.037,2026-07-02 09:28:14.038,innodb_rwlock_sx_os_waits,0,0,0.000000,enabled
1782984494.037,2026-07-02 09:28:14.038,innodb_rwlock_sx_spin_rounds,0,0,0.000000,enabled
1782984494.037,2026-07-02 09:28:14.038,innodb_rwlock_sx_spin_waits,0,0,0.000000,enabled
1782984494.037,2026-07-02 09:28:14.038,innodb_rwlock_s_os_waits,0,0,0.000000,enabled
1782984494.037,2026-07-02 09:28:14.038,innodb_rwlock_s_spin_rounds,0,0,0.000000,enabled
1782984494.037,2026-07-02 09:28:14.038,innodb_rwlock_s_spin_waits,0,0,0.000000,enabled
1782984494.037,2026-07-02 09:28:14.038,innodb_rwlock_x_os_waits,0,0,0.000000,enabled
1782984494.037,2026-07-02 09:28:14.038,innodb_rwlock_x_spin_rounds,0,0,0.000000,enabled
1782984494.037,2026-07-02 09:28:14.038,innodb_rwlock_x_spin_waits,0,0,0.000000,enabled
1782984494.037,2026-07-02 09:28:14.038,lock_deadlocks,0,0,0.000000,enabled
1782984494.037,2026-07-02 09:28:14.038,lock_deadlock_false_positives,0,0,0.000000,enabled
1782984494.037,2026-07-02 09:28:14.038,lock_deadlock_rounds,2307,2307,1.114172,enabled
1782984494.037,2026-07-02 09:28:14.038,lock_rec_grant_attempts,425,425,0.205255,enabled
1782984494.037,2026-07-02 09:28:14.038,lock_rec_release_attempts,36567206,36567206,17660.227522,enabled
1782984494.037,2026-07-02 09:28:14.038,lock_row_lock_current_waits,0,0,0.000000,enabled
1782984494.037,2026-07-02 09:28:14.038,lock_row_lock_time,323,323,0.155994,enabled
1782984494.037,2026-07-02 09:28:14.038,lock_row_lock_time_avg,0,0,0.000000,enabled
1782984494.037,2026-07-02 09:28:14.038,lock_row_lock_time_max,29,29,0.000000,enabled
1782984494.037,2026-07-02 09:28:14.038,lock_row_lock_waits,425,425,0.205255,enabled
1782984494.037,2026-07-02 09:28:14.038,lock_schedule_refreshes,2307,2307,1.114172,enabled
1782984494.037,2026-07-02 09:28:14.038,lock_threads_waiting,0,0,0.000000,enabled
1782984494.037,2026-07-02 09:28:14.038,lock_timeouts,0,0,0.000000,enabled
1782984494.037,2026-07-02 09:28:14.038,log_waits,0,0,0.000000,enabled
1782984494.037,2026-07-02 09:28:14.038,log_writes,181494260,181494260,87653.112298,enabled
1782984494.037,2026-07-02 09:28:14.038,log_write_requests,389225429,389225429,187977.406337,enabled
1782984494.037,2026-07-02 09:28:14.038,os_data_fsyncs,47532457,47532457,22955.921214,enabled
1782984494.037,2026-07-02 09:28:14.038,os_data_reads,63001436,63001436,30426.704087,enabled
1782984494.037,2026-07-02 09:28:14.038,os_data_writes,204018884,204018884,98531.439932,enabled
1782984494.037,2026-07-02 09:28:14.038,os_log_bytes_written,117316352000,117316352000,56658230.999153,enabled
1782984494.037,2026-07-02 09:28:14.038,os_log_fsyncs,41747766,41747766,20162.189903,enabled
1782984494.037,2026-07-02 09:28:14.038,os_log_pending_fsyncs,1,1,0.000483,enabled
1782984494.037,2026-07-02 09:28:14.038,os_log_pending_writes,0,0,0.000000,enabled
1782984494.037,2026-07-02 09:28:14.038,trx_rseg_history_len,1103,1103,0.000000,enabled
1782984495.108,2026-07-02 09:28:15.110,adaptive_hash_searches,0,0,0.000000,enabled
1782984495.108,2026-07-02 09:28:15.110,adaptive_hash_searches_btree,559669901,559669901,270154.108061,enabled
1782984495.108,2026-07-02 09:28:15.110,buffer_data_reads,1028205562368,1028205562368,496317559.846623,enabled
1782984495.108,2026-07-02 09:28:15.110,buffer_data_written,508985997824,508985997824,245688894.791329,enabled
1782984495.108,2026-07-02 09:28:15.110,buffer_pages0_read,7,7,0.003379,enabled
1782984495.108,2026-07-02 09:28:15.110,buffer_pages_created,1805601,1805601,871.568414,enabled
1782984495.108,2026-07-02 09:28:15.110,buffer_pages_read,62933828,62933828,30378.326237,enabled
1782984495.108,2026-07-02 09:28:15.110,buffer_pages_written,21815111,21815111,10530.212166,enabled
1782984495.108,2026-07-02 09:28:15.110,buffer_pool_bytes_data,12852953088,12852953088,0.000000,enabled
1782984495.108,2026-07-02 09:28:15.110,buffer_pool_bytes_dirty,4666490880,4666490880,0.000000,enabled
1782984495.108,2026-07-02 09:28:15.110,buffer_pool_pages_data,784482,784482,0.000000,enabled
1782984495.108,2026-07-02 09:28:15.110,buffer_pool_pages_dirty,284820,284820,0.000000,enabled
1782984495.108,2026-07-02 09:28:15.110,buffer_pool_pages_flushed,21758041,21758041,0.000000,enabled
1782984495.108,2026-07-02 09:28:15.110,buffer_pool_pages_free,1853,1853,0.000000,enabled
1782984495.108,2026-07-02 09:28:15.110,buffer_pool_pages_lru_flushed,0,0,0.000000,enabled
1782984495.108,2026-07-02 09:28:15.110,buffer_pool_pages_misc,96,96,0.000000,enabled
1782984495.108,2026-07-02 09:28:15.110,buffer_pool_pages_total,786432,786432,0.000000,enabled
1782984495.108,2026-07-02 09:28:15.110,buffer_pool_reads,62049728,62049728,29951.569933,enabled
1782984495.108,2026-07-02 09:28:15.110,buffer_pool_read_ahead,803715,803715,387.955379,enabled
1782984495.108,2026-07-02 09:28:15.110,buffer_pool_read_ahead_evicted,25,25,0.012068,enabled
1782984495.108,2026-07-02 09:28:15.110,buffer_pool_read_requests,2690335209,2690335209,1298632.005724,enabled
1782984495.108,2026-07-02 09:28:15.110,buffer_pool_size,12884901888,12884901888,0.000000,enabled
1782984495.108,2026-07-02 09:28:15.110,buffer_pool_wait_free,18945,18945,9.144802,enabled
1782984495.108,2026-07-02 09:28:15.110,buffer_pool_write_requests,579539867,579539867,279745.444602,enabled
1782984495.108,2026-07-02 09:28:15.110,dml_deletes,12035874,12035874,5809.747301,enabled
1782984495.108,2026-07-02 09:28:15.110,dml_inserts,111921277,111921277,54024.688000,enabled
1782984495.108,2026-07-02 09:28:15.110,dml_system_deletes,468,468,0.225905,enabled
1782984495.108,2026-07-02 09:28:15.110,dml_system_inserts,1202,1202,0.580208,enabled
1782984495.108,2026-07-02 09:28:15.110,dml_system_reads,7661,7661,3.697984,enabled
1782984495.108,2026-07-02 09:28:15.110,dml_system_updates,620,620,0.299276,enabled
1782984495.108,2026-07-02 09:28:15.110,dml_updates,24071864,24071864,11619.550584,enabled
1782984495.108,2026-07-02 09:28:15.110,file_num_open_files,35,35,0.000000,enabled
1782984495.108,2026-07-02 09:28:15.110,ibuf_merges,0,0,0.000000,enabled
1782984495.108,2026-07-02 09:28:15.110,ibuf_merges_delete,0,0,0.000000,enabled
1782984495.108,2026-07-02 09:28:15.110,ibuf_merges_delete_mark,0,0,0.000000,enabled
1782984495.108,2026-07-02 09:28:15.110,ibuf_merges_discard_delete,0,0,0.000000,enabled
1782984495.108,2026-07-02 09:28:15.110,ibuf_merges_discard_delete_mark,0,0,0.000000,enabled
1782984495.108,2026-07-02 09:28:15.110,ibuf_merges_discard_insert,0,0,0.000000,enabled
1782984495.108,2026-07-02 09:28:15.110,ibuf_merges_insert,0,0,0.000000,enabled
1782984495.108,2026-07-02 09:28:15.110,ibuf_size,1,1,0.000483,enabled
1782984495.108,2026-07-02 09:28:15.110,innodb_activity_count,16736602,16736602,8078.800934,enabled
1782984495.108,2026-07-02 09:28:15.110,innodb_dblwr_pages_written,21756119,21756119,10501.734649,enabled
1782984495.108,2026-07-02 09:28:15.110,innodb_dblwr_writes,439380,439380,212.089857,enabled
1782984495.108,2026-07-02 09:28:15.110,innodb_page_size,16384,16384,0.000000,enabled
1782984495.108,2026-07-02 09:28:15.110,innodb_rwlock_sx_os_waits,0,0,0.000000,enabled
1782984495.108,2026-07-02 09:28:15.110,innodb_rwlock_sx_spin_rounds,0,0,0.000000,enabled
1782984495.108,2026-07-02 09:28:15.110,innodb_rwlock_sx_spin_waits,0,0,0.000000,enabled
1782984495.108,2026-07-02 09:28:15.110,innodb_rwlock_s_os_waits,0,0,0.000000,enabled
1782984495.108,2026-07-02 09:28:15.110,innodb_rwlock_s_spin_rounds,0,0,0.000000,enabled
1782984495.108,2026-07-02 09:28:15.110,innodb_rwlock_s_spin_waits,0,0,0.000000,enabled
1782984495.108,2026-07-02 09:28:15.110,innodb_rwlock_x_os_waits,0,0,0.000000,enabled
1782984495.108,2026-07-02 09:28:15.110,innodb_rwlock_x_spin_rounds,0,0,0.000000,enabled
1782984495.108,2026-07-02 09:28:15.110,innodb_rwlock_x_spin_waits,0,0,0.000000,enabled
1782984495.108,2026-07-02 09:28:15.110,lock_deadlocks,0,0,0.000000,enabled
1782984495.108,2026-07-02 09:28:15.110,lock_deadlock_false_positives,0,0,0.000000,enabled
1782984495.108,2026-07-02 09:28:15.110,lock_deadlock_rounds,2308,2308,1.114078,enabled
1782984495.108,2026-07-02 09:28:15.110,lock_rec_grant_attempts,425,425,0.205149,enabled
1782984495.108,2026-07-02 09:28:15.110,lock_rec_release_attempts,36581673,36581673,17658.071771,enabled
1782984495.108,2026-07-02 09:28:15.110,lock_row_lock_current_waits,0,0,0.000000,enabled
1782984495.108,2026-07-02 09:28:15.110,lock_row_lock_time,323,323,0.155913,enabled
1782984495.108,2026-07-02 09:28:15.110,lock_row_lock_time_avg,0,0,0.000000,enabled
1782984495.108,2026-07-02 09:28:15.110,lock_row_lock_time_max,29,29,0.000000,enabled
1782984495.108,2026-07-02 09:28:15.110,lock_row_lock_waits,425,425,0.205149,enabled
1782984495.108,2026-07-02 09:28:15.110,lock_schedule_refreshes,2308,2308,1.114078,enabled
1782984495.108,2026-07-02 09:28:15.110,lock_threads_waiting,0,0,0.000000,enabled
1782984495.108,2026-07-02 09:28:15.110,lock_timeouts,0,0,0.000000,enabled
1782984495.108,2026-07-02 09:28:15.110,log_waits,0,0,0.000000,enabled
1782984495.108,2026-07-02 09:28:15.110,log_writes,181572932,181572932,87645.727198,enabled
1782984495.108,2026-07-02 09:28:15.110,log_write_requests,389306198,389306198,187919.115933,enabled
1782984495.108,2026-07-02 09:28:15.110,os_data_fsyncs,47562996,47562996,22958.782855,enabled
1782984495.108,2026-07-02 09:28:15.110,os_data_reads,63057212,63057212,30437.881587,enabled
1782984495.108,2026-07-02 09:28:15.110,os_data_writes,204113547,204113547,98526.144287,enabled
1782984495.108,2026-07-02 09:28:15.110,os_log_bytes_written,117357545984,117357545984,56648794.970037,enabled
1782984495.108,2026-07-02 09:28:15.110,os_log_fsyncs,41773655,41773655,20164.252715,enabled
1782984495.108,2026-07-02 09:28:15.110,os_log_pending_fsyncs,1,1,0.000483,enabled
1782984495.108,2026-07-02 09:28:15.110,os_log_pending_writes,0,0,0.000000,enabled
1782984495.108,2026-07-02 09:28:15.110,trx_rseg_history_len,1037,1037,0.000000,enabled
1782984496.180,2026-07-02 09:28:16.182,adaptive_hash_searches,0,0,0.000000,enabled
1782984496.180,2026-07-02 09:28:16.182,adaptive_hash_searches_btree,559839909,559839909,270096.951825,enabled
1782984496.180,2026-07-02 09:28:16.182,buffer_data_reads,1029150738944,1029150738944,496517861.466303,enabled
1782984496.180,2026-07-02 09:28:16.182,buffer_data_written,509299010048,509299010048,245713329.970055,enabled
1782984496.180,2026-07-02 09:28:16.182,buffer_pages0_read,7,7,0.003377,enabled
1782984496.180,2026-07-02 09:28:16.182,buffer_pages_created,1805636,1805636,871.136268,enabled
1782984496.180,2026-07-02 09:28:16.182,buffer_pages_read,62991678,62991678,30390.585297,enabled
1782984496.180,2026-07-02 09:28:16.182,buffer_pages_written,21831271,21831271,10532.583463,enabled
1782984496.180,2026-07-02 09:28:16.182,buffer_pool_bytes_data,12853575680,12853575680,0.000000,enabled
1782984496.180,2026-07-02 09:28:16.182,buffer_pool_bytes_dirty,4670816256,4670816256,0.000000,enabled
1782984496.180,2026-07-02 09:28:16.182,buffer_pool_pages_data,784520,784520,0.000000,enabled
1782984496.180,2026-07-02 09:28:16.182,buffer_pool_pages_dirty,285084,285084,0.000000,enabled
1782984496.180,2026-07-02 09:28:16.182,buffer_pool_pages_flushed,21774201,21774201,0.000000,enabled
1782984496.180,2026-07-02 09:28:16.182,buffer_pool_pages_free,1816,1816,0.000000,enabled
1782984496.180,2026-07-02 09:28:16.182,buffer_pool_pages_lru_flushed,0,0,0.000000,enabled
1782984496.180,2026-07-02 09:28:16.182,buffer_pool_pages_misc,96,96,0.000000,enabled
1782984496.180,2026-07-02 09:28:16.182,buffer_pool_pages_total,786432,786432,0.000000,enabled
1782984496.180,2026-07-02 09:28:16.182,buffer_pool_reads,62107521,62107521,29964.021445,enabled
1782984496.180,2026-07-02 09:28:16.182,buffer_pool_read_ahead,803715,803715,387.755505,enabled
1782984496.180,2026-07-02 09:28:16.182,buffer_pool_read_ahead_evicted,25,25,0.012061,enabled
1782984496.180,2026-07-02 09:28:16.182,buffer_pool_read_requests,2691177725,2691177725,1298369.428784,enabled
1782984496.180,2026-07-02 09:28:16.182,buffer_pool_size,12884901888,12884901888,0.000000,enabled
1782984496.180,2026-07-02 09:28:16.182,buffer_pool_wait_free,18945,18945,9.140091,enabled
1782984496.180,2026-07-02 09:28:16.182,buffer_pool_write_requests,579655297,579655297,279657.010048,enabled
1782984496.180,2026-07-02 09:28:16.182,dml_deletes,12040773,12040773,5809.117820,enabled
1782984496.180,2026-07-02 09:28:16.182,dml_inserts,111926176,111926176,53999.219495,enabled
1782984496.180,2026-07-02 09:28:16.182,dml_system_deletes,468,468,0.225788,enabled
1782984496.180,2026-07-02 09:28:16.182,dml_system_inserts,1202,1202,0.579910,enabled
1782984496.180,2026-07-02 09:28:16.182,dml_system_reads,7661,7661,3.696079,enabled
1782984496.180,2026-07-02 09:28:16.182,dml_system_updates,620,620,0.299121,enabled
1782984496.180,2026-07-02 09:28:16.182,dml_updates,24081659,24081659,11618.290145,enabled
1782984496.180,2026-07-02 09:28:16.182,file_num_open_files,35,35,0.000000,enabled
1782984496.180,2026-07-02 09:28:16.182,ibuf_merges,0,0,0.000000,enabled
1782984496.180,2026-07-02 09:28:16.182,ibuf_merges_delete,0,0,0.000000,enabled
1782984496.180,2026-07-02 09:28:16.182,ibuf_merges_delete_mark,0,0,0.000000,enabled
1782984496.180,2026-07-02 09:28:16.182,ibuf_merges_discard_delete,0,0,0.000000,enabled
1782984496.180,2026-07-02 09:28:16.182,ibuf_merges_discard_delete_mark,0,0,0.000000,enabled
1782984496.180,2026-07-02 09:28:16.182,ibuf_merges_discard_insert,0,0,0.000000,enabled
1782984496.180,2026-07-02 09:28:16.182,ibuf_merges_insert,0,0,0.000000,enabled
1782984496.180,2026-07-02 09:28:16.182,ibuf_size,1,1,0.000482,enabled
1782984496.180,2026-07-02 09:28:16.182,innodb_activity_count,16742232,16742232,8077.355154,enabled
1782984496.180,2026-07-02 09:28:16.182,innodb_dblwr_pages_written,21772279,21772279,10504.120881,enabled
1782984496.180,2026-07-02 09:28:16.182,innodb_dblwr_writes,439729,439729,212.148971,enabled
1782984496.180,2026-07-02 09:28:16.182,innodb_page_size,16384,16384,0.000000,enabled
1782984496.180,2026-07-02 09:28:16.182,innodb_rwlock_sx_os_waits,0,0,0.000000,enabled
1782984496.180,2026-07-02 09:28:16.182,innodb_rwlock_sx_spin_rounds,0,0,0.000000,enabled
1782984496.180,2026-07-02 09:28:16.182,innodb_rwlock_sx_spin_waits,0,0,0.000000,enabled
1782984496.180,2026-07-02 09:28:16.182,innodb_rwlock_s_os_waits,0,0,0.000000,enabled
1782984496.180,2026-07-02 09:28:16.182,innodb_rwlock_s_spin_rounds,0,0,0.000000,enabled
1782984496.180,2026-07-02 09:28:16.182,innodb_rwlock_s_spin_waits,0,0,0.000000,enabled
1782984496.180,2026-07-02 09:28:16.182,innodb_rwlock_x_os_waits,0,0,0.000000,enabled
1782984496.180,2026-07-02 09:28:16.182,innodb_rwlock_x_spin_rounds,0,0,0.000000,enabled
1782984496.180,2026-07-02 09:28:16.182,innodb_rwlock_x_spin_waits,0,0,0.000000,enabled
1782984496.180,2026-07-02 09:28:16.182,lock_deadlocks,0,0,0.000000,enabled
1782984496.180,2026-07-02 09:28:16.182,lock_deadlock_false_positives,0,0,0.000000,enabled
1782984496.180,2026-07-02 09:28:16.182,lock_deadlock_rounds,2310,2310,1.114469,enabled
1782984496.180,2026-07-02 09:28:16.182,lock_rec_grant_attempts,425,425,0.205043,enabled
1782984496.180,2026-07-02 09:28:16.182,lock_rec_release_attempts,36596562,36596562,17656.157658,enabled
1782984496.180,2026-07-02 09:28:16.182,lock_row_lock_current_waits,0,0,0.000000,enabled
1782984496.180,2026-07-02 09:28:16.182,lock_row_lock_time,323,323,0.155833,enabled
1782984496.180,2026-07-02 09:28:16.182,lock_row_lock_time_avg,0,0,0.000000,enabled
1782984496.180,2026-07-02 09:28:16.182,lock_row_lock_time_max,29,29,0.000000,enabled
1782984496.180,2026-07-02 09:28:16.182,lock_row_lock_waits,425,425,0.205043,enabled
1782984496.180,2026-07-02 09:28:16.182,lock_schedule_refreshes,2310,2310,1.114469,enabled
1782984496.180,2026-07-02 09:28:16.182,lock_threads_waiting,0,0,0.000000,enabled
1782984496.180,2026-07-02 09:28:16.182,lock_timeouts,0,0,0.000000,enabled
1782984496.180,2026-07-02 09:28:16.182,log_waits,0,0,0.000000,enabled
1782984496.180,2026-07-02 09:28:16.182,log_writes,181653212,181653212,87639.304924,enabled
1782984496.180,2026-07-02 09:28:16.182,log_write_requests,389389434,389389434,187862.460541,enabled
1782984496.180,2026-07-02 09:28:16.182,os_data_fsyncs,47597517,47597517,22963.609667,enabled
1782984496.180,2026-07-02 09:28:16.182,os_data_reads,63114881,63114881,30450.023135,enabled
1782984496.180,2026-07-02 09:28:16.182,os_data_writes,204210253,204210253,98522.041463,enabled
1782984496.180,2026-07-02 09:28:16.182,os_log_bytes_written,117399623680,117399623680,56639910.825499,enabled
1782984496.180,2026-07-02 09:28:16.182,os_log_fsyncs,41803212,41803212,20168.124255,enabled
1782984496.180,2026-07-02 09:28:16.182,os_log_pending_fsyncs,1,1,0.000482,enabled
1782984496.180,2026-07-02 09:28:16.182,os_log_pending_writes,0,0,0.000000,enabled
1782984496.180,2026-07-02 09:28:16.182,trx_rseg_history_len,1132,1132,0.000000,enabled
1782984497.248,2026-07-02 09:28:17.250,adaptive_hash_searches,0,0,0.000000,enabled
1782984497.248,2026-07-02 09:28:17.250,adaptive_hash_searches_btree,560012965,560012965,270040.790493,enabled
1782984497.248,2026-07-02 09:28:17.250,buffer_data_reads,1030109989376,1030109989376,496723779.220747,enabled
1782984497.248,2026-07-02 09:28:17.250,buffer_data_written,509615364096,509615364096,245738874.497389,enabled
1782984497.248,2026-07-02 09:28:17.250,buffer_pages0_read,7,7,0.003375,enabled
1782984497.248,2026-07-02 09:28:17.250,buffer_pages_created,1805676,1805676,870.705288,enabled
1782984497.248,2026-07-02 09:28:17.250,buffer_pages_read,63050381,63050381,30403.184042,enabled
1782984497.248,2026-07-02 09:28:17.250,buffer_pages_written,21847523,21847523,10534.976231,enabled
1782984497.248,2026-07-02 09:28:17.250,buffer_pool_bytes_data,12849856512,12849856512,0.000000,enabled
1782984497.248,2026-07-02 09:28:17.250,buffer_pool_bytes_dirty,4677697536,4677697536,0.000000,enabled
1782984497.248,2026-07-02 09:28:17.250,buffer_pool_pages_data,784295,784295,0.000000,enabled
1782984497.248,2026-07-02 09:28:17.250,buffer_pool_pages_dirty,285504,285504,0.000000,enabled
1782984497.248,2026-07-02 09:28:17.250,buffer_pool_pages_flushed,21790406,21790406,0.000000,enabled
1782984497.248,2026-07-02 09:28:17.250,buffer_pool_pages_free,2047,2047,0.000000,enabled
1782984497.248,2026-07-02 09:28:17.250,buffer_pool_pages_lru_flushed,0,0,0.000000,enabled
1782984497.248,2026-07-02 09:28:17.250,buffer_pool_pages_misc,96,96,0.000000,enabled
1782984497.248,2026-07-02 09:28:17.250,buffer_pool_pages_total,786432,786432,0.000000,enabled
1782984497.248,2026-07-02 09:28:17.250,buffer_pool_reads,62166180,62166180,29976.819436,enabled
1782984497.248,2026-07-02 09:28:17.250,buffer_pool_read_ahead,803715,803715,387.555085,enabled
1782984497.248,2026-07-02 09:28:17.250,buffer_pool_read_ahead_evicted,25,25,0.012055,enabled
1782984497.248,2026-07-02 09:28:17.250,buffer_pool_read_requests,2692039020,2692039020,1298113.655200,enabled
1782984497.248,2026-07-02 09:28:17.250,buffer_pool_size,12884901888,12884901888,0.000000,enabled
1782984497.248,2026-07-02 09:28:17.250,buffer_pool_wait_free,18945,18945,9.135367,enabled
1782984497.248,2026-07-02 09:28:17.250,buffer_pool_write_requests,579775192,579775192,279570.276433,enabled
1782984497.248,2026-07-02 09:28:17.250,dml_deletes,12045771,12045771,5808.525193,enabled
1782984497.248,2026-07-02 09:28:17.250,dml_inserts,111931173,111931173,53973.717326,enabled
1782984497.248,2026-07-02 09:28:17.250,dml_system_deletes,468,468,0.225672,enabled
1782984497.248,2026-07-02 09:28:17.250,dml_system_inserts,1202,1202,0.579610,enabled
1782984497.248,2026-07-02 09:28:17.250,dml_system_reads,7661,7661,3.694169,enabled
1782984497.248,2026-07-02 09:28:17.250,dml_system_updates,620,620,0.298967,enabled
1782984497.248,2026-07-02 09:28:17.250,dml_updates,24091663,24091663,11617.108720,enabled
1782984497.248,2026-07-02 09:28:17.250,file_num_open_files,35,35,0.000000,enabled
1782984497.248,2026-07-02 09:28:17.250,ibuf_merges,0,0,0.000000,enabled
1782984497.248,2026-07-02 09:28:17.250,ibuf_merges_delete,0,0,0.000000,enabled
1782984497.248,2026-07-02 09:28:17.250,ibuf_merges_delete_mark,0,0,0.000000,enabled
1782984497.248,2026-07-02 09:28:17.250,ibuf_merges_discard_delete,0,0,0.000000,enabled
1782984497.248,2026-07-02 09:28:17.250,ibuf_merges_discard_delete_mark,0,0,0.000000,enabled
1782984497.248,2026-07-02 09:28:17.250,ibuf_merges_discard_insert,0,0,0.000000,enabled
1782984497.248,2026-07-02 09:28:17.250,ibuf_merges_insert,0,0,0.000000,enabled
1782984497.248,2026-07-02 09:28:17.250,ibuf_size,1,1,0.000482,enabled
1782984497.248,2026-07-02 09:28:17.250,innodb_activity_count,16747984,16747984,8075.953696,enabled
1782984497.248,2026-07-02 09:28:17.250,innodb_dblwr_pages_written,21788532,21788532,10506.528682,enabled
1782984497.248,2026-07-02 09:28:17.250,innodb_dblwr_writes,440111,440111,212.223515,enabled
1782984497.248,2026-07-02 09:28:17.250,innodb_page_size,16384,16384,0.000000,enabled
1782984497.248,2026-07-02 09:28:17.250,innodb_rwlock_sx_os_waits,0,0,0.000000,enabled
1782984497.248,2026-07-02 09:28:17.250,innodb_rwlock_sx_spin_rounds,0,0,0.000000,enabled
1782984497.248,2026-07-02 09:28:17.250,innodb_rwlock_sx_spin_waits,0,0,0.000000,enabled
1782984497.248,2026-07-02 09:28:17.250,innodb_rwlock_s_os_waits,0,0,0.000000,enabled
1782984497.248,2026-07-02 09:28:17.250,innodb_rwlock_s_spin_rounds,0,0,0.000000,enabled
1782984497.248,2026-07-02 09:28:17.250,innodb_rwlock_s_spin_waits,0,0,0.000000,enabled
1782984497.248,2026-07-02 09:28:17.250,innodb_rwlock_x_os_waits,0,0,0.000000,enabled
1782984497.248,2026-07-02 09:28:17.250,innodb_rwlock_x_spin_rounds,0,0,0.000000,enabled
1782984497.248,2026-07-02 09:28:17.250,innodb_rwlock_x_spin_waits,0,0,0.000000,enabled
1782984497.248,2026-07-02 09:28:17.250,lock_deadlocks,0,0,0.000000,enabled
1782984497.248,2026-07-02 09:28:17.250,lock_deadlock_false_positives,0,0,0.000000,enabled
1782984497.248,2026-07-02 09:28:17.250,lock_deadlock_rounds,2311,2311,1.114375,enabled
1782984497.248,2026-07-02 09:28:17.250,lock_rec_grant_attempts,425,425,0.204937,enabled
1782984497.248,2026-07-02 09:28:17.250,lock_rec_release_attempts,36611771,36611771,17654.365505,enabled
1782984497.248,2026-07-02 09:28:17.250,lock_row_lock_current_waits,0,0,0.000000,enabled
1782984497.248,2026-07-02 09:28:17.250,lock_row_lock_time,323,323,0.155752,enabled
1782984497.248,2026-07-02 09:28:17.250,lock_row_lock_time_avg,0,0,0.000000,enabled
1782984497.248,2026-07-02 09:28:17.250,lock_row_lock_time_max,29,29,0.000000,enabled
1782984497.248,2026-07-02 09:28:17.250,lock_row_lock_waits,425,425,0.204937,enabled
1782984497.248,2026-07-02 09:28:17.250,lock_schedule_refreshes,2311,2311,1.114375,enabled
1782984497.248,2026-07-02 09:28:17.250,lock_threads_waiting,0,0,0.000000,enabled
1782984497.248,2026-07-02 09:28:17.250,lock_timeouts,0,0,0.000000,enabled
1782984497.248,2026-07-02 09:28:17.250,log_waits,0,0,0.000000,enabled
1782984497.248,2026-07-02 09:28:17.250,log_writes,181736310,181736310,87634.076216,enabled
1782984497.248,2026-07-02 09:28:17.250,log_write_requests,389475394,389475394,187806.808636,enabled
1782984497.248,2026-07-02 09:28:17.250,os_data_fsyncs,47633568,47633568,22969.124194,enabled
1782984497.248,2026-07-02 09:28:17.250,os_data_reads,63173438,63173438,30462.520586,enabled
1782984497.248,2026-07-02 09:28:17.250,os_data_writes,204309905,204309905,98519.170066,enabled
1782984497.248,2026-07-02 09:28:17.250,os_log_bytes_written,117443249152,117443249152,56631671.374674,enabled
1782984497.248,2026-07-02 09:28:17.250,os_log_fsyncs,41833855,41833855,20172.476011,enabled
1782984497.248,2026-07-02 09:28:17.250,os_log_pending_fsyncs,1,1,0.000482,enabled
1782984497.248,2026-07-02 09:28:17.250,os_log_pending_writes,0,0,0.000000,enabled
1782984497.248,2026-07-02 09:28:17.250,trx_rseg_history_len,102,102,0.000000,enabled
1782984498.321,2026-07-02 09:28:18.322,adaptive_hash_searches,0,0,0.000000,enabled
1782984498.321,2026-07-02 09:28:18.322,adaptive_hash_searches_btree,560185521,560185521,269984.633058,enabled
1782984498.321,2026-07-02 09:28:18.322,buffer_data_reads,1031066094080,1031066094080,496928303.670878,enabled
1782984498.321,2026-07-02 09:28:18.322,buffer_data_written,509929584128,509929584128,245763530.069347,enabled
1782984498.321,2026-07-02 09:28:18.322,buffer_pages0_read,7,7,0.003374,enabled
1782984498.321,2026-07-02 09:28:18.322,buffer_pages_created,1805721,1805721,870.277751,enabled
1782984498.321,2026-07-02 09:28:18.322,buffer_pages_read,63108913,63108913,30415.707902,enabled
1782984498.321,2026-07-02 09:28:18.322,buffer_pages_written,21863700,21863700,10537.337492,enabled
1782984498.321,2026-07-02 09:28:18.322,buffer_pool_bytes_data,12852887552,12852887552,0.000000,enabled
1782984498.321,2026-07-02 09:28:18.322,buffer_pool_bytes_dirty,4684054528,4684054528,0.000000,enabled
1782984498.321,2026-07-02 09:28:18.322,buffer_pool_pages_data,784478,784478,0.000000,enabled
1782984498.321,2026-07-02 09:28:18.322,buffer_pool_pages_dirty,285892,285892,0.000000,enabled
1782984498.321,2026-07-02 09:28:18.322,buffer_pool_pages_flushed,21806630,21806630,0.000000,enabled
1782984498.321,2026-07-02 09:28:18.322,buffer_pool_pages_free,1857,1857,0.000000,enabled
1782984498.321,2026-07-02 09:28:18.322,buffer_pool_pages_lru_flushed,0,0,0.000000,enabled
1782984498.321,2026-07-02 09:28:18.322,buffer_pool_pages_misc,97,97,0.000000,enabled
1782984498.321,2026-07-02 09:28:18.322,buffer_pool_pages_total,786432,786432,0.000000,enabled
1782984498.321,2026-07-02 09:28:18.322,buffer_pool_reads,62224654,62224654,29989.535180,enabled
1782984498.321,2026-07-02 09:28:18.322,buffer_pool_read_ahead,803715,803715,387.355131,enabled
1782984498.321,2026-07-02 09:28:18.322,buffer_pool_read_ahead_evicted,25,25,0.012049,enabled
1782984498.321,2026-07-02 09:28:18.322,buffer_pool_read_requests,2692894471,2692894471,1297856.200925,enabled
1782984498.321,2026-07-02 09:28:18.322,buffer_pool_size,12884901888,12884901888,0.000000,enabled
1782984498.321,2026-07-02 09:28:18.322,buffer_pool_wait_free,18945,18945,9.130653,enabled
1782984498.321,2026-07-02 09:28:18.322,buffer_pool_write_requests,579892217,579892217,279482.436951,enabled
1782984498.321,2026-07-02 09:28:18.322,dml_deletes,12050750,12050750,5807.928072,enabled
1782984498.321,2026-07-02 09:28:18.322,dml_inserts,111936152,111936152,53948.270469,enabled
1782984498.321,2026-07-02 09:28:18.322,dml_system_deletes,468,468,0.225555,enabled
1782984498.321,2026-07-02 09:28:18.322,dml_system_inserts,1202,1202,0.579311,enabled
1782984498.321,2026-07-02 09:28:18.322,dml_system_reads,7661,7661,3.692263,enabled
1782984498.321,2026-07-02 09:28:18.322,dml_system_updates,620,620,0.298813,enabled
1782984498.321,2026-07-02 09:28:18.322,dml_updates,24101620,24101620,11615.913968,enabled
1782984498.321,2026-07-02 09:28:18.322,file_num_open_files,35,35,0.000000,enabled
1782984498.321,2026-07-02 09:28:18.322,ibuf_merges,0,0,0.000000,enabled
1782984498.321,2026-07-02 09:28:18.322,ibuf_merges_delete,0,0,0.000000,enabled
1782984498.321,2026-07-02 09:28:18.322,ibuf_merges_delete_mark,0,0,0.000000,enabled
1782984498.321,2026-07-02 09:28:18.322,ibuf_merges_discard_delete,0,0,0.000000,enabled
1782984498.321,2026-07-02 09:28:18.322,ibuf_merges_discard_delete_mark,0,0,0.000000,enabled
1782984498.321,2026-07-02 09:28:18.322,ibuf_merges_discard_insert,0,0,0.000000,enabled
1782984498.321,2026-07-02 09:28:18.322,ibuf_merges_insert,0,0,0.000000,enabled
1782984498.321,2026-07-02 09:28:18.322,ibuf_size,1,1,0.000482,enabled
1782984498.321,2026-07-02 09:28:18.322,innodb_activity_count,16753705,16753705,8074.544350,enabled
1782984498.321,2026-07-02 09:28:18.322,innodb_dblwr_pages_written,21804708,21804708,10508.904185,enabled
1782984498.321,2026-07-02 09:28:18.322,innodb_dblwr_writes,440480,440480,212.291865,enabled
1782984498.321,2026-07-02 09:28:18.322,innodb_page_size,16384,16384,0.000000,enabled
1782984498.321,2026-07-02 09:28:18.322,innodb_rwlock_sx_os_waits,0,0,0.000000,enabled
1782984498.321,2026-07-02 09:28:18.322,innodb_rwlock_sx_spin_rounds,0,0,0.000000,enabled
1782984498.321,2026-07-02 09:28:18.322,innodb_rwlock_sx_spin_waits,0,0,0.000000,enabled
1782984498.321,2026-07-02 09:28:18.322,innodb_rwlock_s_os_waits,0,0,0.000000,enabled
1782984498.321,2026-07-02 09:28:18.322,innodb_rwlock_s_spin_rounds,0,0,0.000000,enabled
1782984498.321,2026-07-02 09:28:18.322,innodb_rwlock_s_spin_waits,0,0,0.000000,enabled
1782984498.321,2026-07-02 09:28:18.322,innodb_rwlock_x_os_waits,0,0,0.000000,enabled
1782984498.321,2026-07-02 09:28:18.322,innodb_rwlock_x_spin_rounds,0,0,0.000000,enabled
1782984498.321,2026-07-02 09:28:18.322,innodb_rwlock_x_spin_waits,0,0,0.000000,enabled
1782984498.321,2026-07-02 09:28:18.322,lock_deadlocks,0,0,0.000000,enabled
1782984498.321,2026-07-02 09:28:18.322,lock_deadlock_false_positives,0,0,0.000000,enabled
1782984498.321,2026-07-02 09:28:18.322,lock_deadlock_rounds,2312,2312,1.114282,enabled
1782984498.321,2026-07-02 09:28:18.322,lock_rec_grant_attempts,425,425,0.204831,enabled
1782984498.321,2026-07-02 09:28:18.322,lock_rec_release_attempts,36626910,36626910,17652.553226,enabled
1782984498.321,2026-07-02 09:28:18.322,lock_row_lock_current_waits,0,0,0.000000,enabled
1782984498.321,2026-07-02 09:28:18.322,lock_row_lock_time,323,323,0.155672,enabled
1782984498.321,2026-07-02 09:28:18.322,lock_row_lock_time_avg,0,0,0.000000,enabled
1782984498.321,2026-07-02 09:28:18.322,lock_row_lock_time_max,29,29,0.000000,enabled
1782984498.321,2026-07-02 09:28:18.322,lock_row_lock_waits,425,425,0.204831,enabled
1782984498.321,2026-07-02 09:28:18.322,lock_schedule_refreshes,2312,2312,1.114282,enabled
1782984498.321,2026-07-02 09:28:18.322,lock_threads_waiting,0,0,0.000000,enabled
1782984498.321,2026-07-02 09:28:18.322,lock_timeouts,0,0,0.000000,enabled
1782984498.321,2026-07-02 09:28:18.322,log_waits,0,0,0.000000,enabled
1782984498.321,2026-07-02 09:28:18.322,log_writes,181817692,181817692,87628.085394,enabled
1782984498.321,2026-07-02 09:28:18.322,log_write_requests,389559943,389559943,187750.661682,enabled
1782984498.321,2026-07-02 09:28:18.322,os_data_fsyncs,47668876,47668876,22974.290545,enabled
1782984498.321,2026-07-02 09:28:18.322,os_data_reads,63231776,63231776,30474.920274,enabled
1782984498.321,2026-07-02 09:28:18.322,os_data_writes,204407739,204407739,98515.492341,enabled
1782984498.321,2026-07-02 09:28:18.322,os_log_bytes_written,117485941760,117485941760,56623029.149223,enabled
1782984498.321,2026-07-02 09:28:18.322,os_log_fsyncs,41864069,41864069,20176.630174,enabled
1782984498.321,2026-07-02 09:28:18.322,os_log_pending_fsyncs,0,0,0.000000,enabled
1782984498.321,2026-07-02 09:28:18.322,os_log_pending_writes,0,0,0.000000,enabled
1782984498.321,2026-07-02 09:28:18.322,trx_rseg_history_len,246,246,0.000000,enabled
1782984499.391,2026-07-02 09:28:19.392,adaptive_hash_searches,0,0,0.000000,enabled
1782984499.391,2026-07-02 09:28:19.392,adaptive_hash_searches_btree,560353394,560353394,269925.911408,enabled
1782984499.391,2026-07-02 09:28:19.392,buffer_data_reads,1031999982080,1031999982080,497121260.083192,enabled
1782984499.391,2026-07-02 09:28:19.392,buffer_data_written,510295718400,510295718400,245812843.674706,enabled
1782984499.391,2026-07-02 09:28:19.392,buffer_pages0_read,7,7,0.003372,enabled
1782984499.391,2026-07-02 09:28:19.392,buffer_pages_created,1805771,1805771,869.851919,enabled
1782984499.391,2026-07-02 09:28:19.392,buffer_pages_read,63166072,63166072,30427.517393,enabled
1782984499.391,2026-07-02 09:28:19.392,buffer_pages_written,21882970,21882970,10541.172376,enabled
1782984499.391,2026-07-02 09:28:19.392,buffer_pool_bytes_data,12848431104,12848431104,0.000000,enabled
1782984499.391,2026-07-02 09:28:19.392,buffer_pool_bytes_dirty,4634116096,4634116096,0.000000,enabled
1782984499.391,2026-07-02 09:28:19.392,buffer_pool_pages_data,784206,784206,0.000000,enabled
1782984499.391,2026-07-02 09:28:19.392,buffer_pool_pages_dirty,282845,282845,0.000000,enabled
1782984499.391,2026-07-02 09:28:19.392,buffer_pool_pages_flushed,21822629,21822629,0.000000,enabled
1782984499.391,2026-07-02 09:28:19.392,buffer_pool_pages_free,2131,2131,0.000000,enabled
1782984499.391,2026-07-02 09:28:19.392,buffer_pool_pages_lru_flushed,0,0,0.000000,enabled
1782984499.391,2026-07-02 09:28:19.392,buffer_pool_pages_misc,96,96,0.000000,enabled
1782984499.391,2026-07-02 09:28:19.392,buffer_pool_pages_total,786432,786432,0.000000,enabled
1782984499.391,2026-07-02 09:28:19.392,buffer_pool_reads,62281752,62281752,30001.535992,enabled
1782984499.391,2026-07-02 09:28:19.392,buffer_pool_read_ahead,803715,803715,387.154879,enabled
1782984499.391,2026-07-02 09:28:19.392,buffer_pool_read_ahead_evicted,25,25,0.012043,enabled
1782984499.391,2026-07-02 09:28:19.392,buffer_pool_read_requests,2693726921,2693726921,1297586.244518,enabled
1782984499.391,2026-07-02 09:28:19.392,buffer_pool_size,12884901888,12884901888,0.000000,enabled
1782984499.391,2026-07-02 09:28:19.392,buffer_pool_wait_free,18945,18945,9.125933,enabled
1782984499.391,2026-07-02 09:28:19.392,buffer_pool_write_requests,580006183,580006183,279392.850908,enabled
1782984499.391,2026-07-02 09:28:19.392,dml_deletes,12055597,12055597,5807.260060,enabled
1782984499.391,2026-07-02 09:28:19.392,dml_inserts,111941000,111941000,53922.713168,enabled
1782984499.391,2026-07-02 09:28:19.392,dml_system_deletes,468,468,0.225439,enabled
1782984499.391,2026-07-02 09:28:19.392,dml_system_inserts,1202,1202,0.579011,enabled
1782984499.391,2026-07-02 09:28:19.392,dml_system_reads,7661,7661,3.690354,enabled
1782984499.391,2026-07-02 09:28:19.392,dml_system_updates,620,620,0.298658,enabled
1782984499.391,2026-07-02 09:28:19.392,dml_updates,24111307,24111307,11614.574527,enabled
1782984499.391,2026-07-02 09:28:19.392,file_num_open_files,35,35,0.000000,enabled
1782984499.391,2026-07-02 09:28:19.392,ibuf_merges,0,0,0.000000,enabled
1782984499.391,2026-07-02 09:28:19.392,ibuf_merges_delete,0,0,0.000000,enabled
1782984499.391,2026-07-02 09:28:19.392,ibuf_merges_delete_mark,0,0,0.000000,enabled
1782984499.391,2026-07-02 09:28:19.392,ibuf_merges_discard_delete,0,0,0.000000,enabled
1782984499.391,2026-07-02 09:28:19.392,ibuf_merges_discard_delete_mark,0,0,0.000000,enabled
1782984499.391,2026-07-02 09:28:19.392,ibuf_merges_discard_insert,0,0,0.000000,enabled
1782984499.391,2026-07-02 09:28:19.392,ibuf_merges_insert,0,0,0.000000,enabled
1782984499.391,2026-07-02 09:28:19.392,ibuf_size,1,1,0.000482,enabled
1782984499.391,2026-07-02 09:28:19.392,innodb_activity_count,16759275,16759275,8073.052741,enabled
1782984499.391,2026-07-02 09:28:19.392,innodb_dblwr_pages_written,21823647,21823647,10512.593872,enabled
1782984499.391,2026-07-02 09:28:19.392,innodb_dblwr_writes,440885,440885,212.377196,enabled
1782984499.391,2026-07-02 09:28:19.392,innodb_page_size,16384,16384,0.000000,enabled
1782984499.391,2026-07-02 09:28:19.392,innodb_rwlock_sx_os_waits,0,0,0.000000,enabled
1782984499.391,2026-07-02 09:28:19.392,innodb_rwlock_sx_spin_rounds,0,0,0.000000,enabled
1782984499.391,2026-07-02 09:28:19.392,innodb_rwlock_sx_spin_waits,0,0,0.000000,enabled
1782984499.391,2026-07-02 09:28:19.392,innodb_rwlock_s_os_waits,0,0,0.000000,enabled
1782984499.391,2026-07-02 09:28:19.392,innodb_rwlock_s_spin_rounds,0,0,0.000000,enabled
1782984499.391,2026-07-02 09:28:19.392,innodb_rwlock_s_spin_waits,0,0,0.000000,enabled
1782984499.391,2026-07-02 09:28:19.392,innodb_rwlock_x_os_waits,0,0,0.000000,enabled
1782984499.391,2026-07-02 09:28:19.392,innodb_rwlock_x_spin_rounds,0,0,0.000000,enabled
1782984499.391,2026-07-02 09:28:19.392,innodb_rwlock_x_spin_waits,0,0,0.000000,enabled
1782984499.391,2026-07-02 09:28:19.392,lock_deadlocks,0,0,0.000000,enabled
1782984499.391,2026-07-02 09:28:19.392,lock_deadlock_false_positives,0,0,0.000000,enabled
1782984499.391,2026-07-02 09:28:19.392,lock_deadlock_rounds,2313,2313,1.114188,enabled
1782984499.391,2026-07-02 09:28:19.392,lock_rec_grant_attempts,425,425,0.204725,enabled
1782984499.391,2026-07-02 09:28:19.392,lock_rec_release_attempts,36641660,36641660,17650.532708,enabled
1782984499.391,2026-07-02 09:28:19.392,lock_row_lock_current_waits,0,0,0.000000,enabled
1782984499.391,2026-07-02 09:28:19.392,lock_row_lock_time,323,323,0.155591,enabled
1782984499.391,2026-07-02 09:28:19.392,lock_row_lock_time_avg,0,0,0.000000,enabled
1782984499.391,2026-07-02 09:28:19.392,lock_row_lock_time_max,29,29,0.000000,enabled
1782984499.391,2026-07-02 09:28:19.392,lock_row_lock_waits,425,425,0.204725,enabled
1782984499.391,2026-07-02 09:28:19.392,lock_schedule_refreshes,2313,2313,1.114188,enabled
1782984499.391,2026-07-02 09:28:19.392,lock_threads_waiting,0,0,0.000000,enabled
1782984499.391,2026-07-02 09:28:19.392,lock_timeouts,0,0,0.000000,enabled
1782984499.391,2026-07-02 09:28:19.392,log_waits,0,0,0.000000,enabled
1782984499.391,2026-07-02 09:28:19.392,log_writes,181897673,181897673,87621.308030,enabled
1782984499.391,2026-07-02 09:28:19.392,log_write_requests,389642253,389642253,187693.241728,enabled
1782984499.391,2026-07-02 09:28:19.392,os_data_fsyncs,47703516,47703516,22979.099127,enabled
1782984499.391,2026-07-02 09:28:19.392,os_data_reads,63288766,63288766,30486.617216,enabled
1782984499.391,2026-07-02 09:28:19.392,os_data_writes,204507346,204507346,98512.541191,enabled
1782984499.391,2026-07-02 09:28:19.392,os_log_bytes_written,117527894016,117527894016,56613963.629241,enabled
1782984499.391,2026-07-02 09:28:19.392,os_log_fsyncs,41893276,41893276,20180.268002,enabled
1782984499.391,2026-07-02 09:28:19.392,os_log_pending_fsyncs,1,1,0.000482,enabled
1782984499.391,2026-07-02 09:28:19.392,os_log_pending_writes,0,0,0.000000,enabled
1782984499.391,2026-07-02 09:28:19.392,trx_rseg_history_len,277,277,0.000000,enabled
1782984500.464,2026-07-02 09:28:20.466,adaptive_hash_searches,0,0,0.000000,enabled
1782984500.464,2026-07-02 09:28:20.466,adaptive_hash_searches_btree,560525126,560525126,269869.167931,enabled
1782984500.464,2026-07-02 09:28:20.466,buffer_data_reads,1032943520256,1032943520256,497318728.053581,enabled
1782984500.464,2026-07-02 09:28:20.466,buffer_data_written,510610842112,510610842112,245837578.982954,enabled
1782984500.464,2026-07-02 09:28:20.466,buffer_pages0_read,7,7,0.003370,enabled
1782984500.464,2026-07-02 09:28:20.466,buffer_pages_created,1805818,1805818,869.425193,enabled
1782984500.464,2026-07-02 09:28:20.466,buffer_pages_read,63223835,63223835,30439.609380,enabled
1782984500.464,2026-07-02 09:28:20.466,buffer_pages_written,21899383,21899383,10543.629102,enabled
1782984500.464,2026-07-02 09:28:20.466,buffer_pool_bytes_data,12853706752,12853706752,0.000000,enabled
1782984500.464,2026-07-02 09:28:20.466,buffer_pool_bytes_dirty,4636934144,4636934144,0.000000,enabled
1782984500.464,2026-07-02 09:28:20.466,buffer_pool_pages_data,784528,784528,0.000000,enabled
1782984500.464,2026-07-02 09:28:20.466,buffer_pool_pages_dirty,283016,283016,0.000000,enabled
1782984500.464,2026-07-02 09:28:20.466,buffer_pool_pages_flushed,21842296,21842296,0.000000,enabled
1782984500.464,2026-07-02 09:28:20.466,buffer_pool_pages_free,1809,1809,0.000000,enabled
1782984500.464,2026-07-02 09:28:20.466,buffer_pool_pages_lru_flushed,0,0,0.000000,enabled
1782984500.464,2026-07-02 09:28:20.466,buffer_pool_pages_misc,96,96,0.000000,enabled
1782984500.464,2026-07-02 09:28:20.466,buffer_pool_pages_total,786432,786432,0.000000,enabled
1782984500.464,2026-07-02 09:28:20.466,buffer_pool_reads,62339445,62339445,30013.814004,enabled
1782984500.464,2026-07-02 09:28:20.466,buffer_pool_read_ahead,803715,803715,386.954877,enabled
1782984500.464,2026-07-02 09:28:20.466,buffer_pool_read_ahead_evicted,25,25,0.012036,enabled
1782984500.464,2026-07-02 09:28:20.466,buffer_pool_read_requests,2694577277,2694577277,1297325.325162,enabled
1782984500.464,2026-07-02 09:28:20.466,buffer_pool_size,12884901888,12884901888,0.000000,enabled
1782984500.464,2026-07-02 09:28:20.466,buffer_pool_wait_free,18945,18945,9.121219,enabled
1782984500.464,2026-07-02 09:28:20.466,buffer_pool_write_requests,580122208,580122208,279304.378440,enabled
1782984500.464,2026-07-02 09:28:20.466,dml_deletes,12060546,12060546,5806.643216,enabled
1782984500.464,2026-07-02 09:28:20.466,dml_inserts,111945949,111945949,53897.243617,enabled
1782984500.464,2026-07-02 09:28:20.466,dml_system_deletes,468,468,0.225322,enabled
1782984500.464,2026-07-02 09:28:20.466,dml_system_inserts,1202,1202,0.578712,enabled
1782984500.464,2026-07-02 09:28:20.466,dml_system_reads,7661,7661,3.688448,enabled
1782984500.464,2026-07-02 09:28:20.466,dml_system_updates,620,620,0.298504,enabled
1782984500.464,2026-07-02 09:28:20.466,dml_updates,24121206,24121206,11613.341307,enabled
1782984500.464,2026-07-02 09:28:20.466,file_num_open_files,35,35,0.000000,enabled
1782984500.464,2026-07-02 09:28:20.466,ibuf_merges,0,0,0.000000,enabled
1782984500.464,2026-07-02 09:28:20.466,ibuf_merges_delete,0,0,0.000000,enabled
1782984500.464,2026-07-02 09:28:20.466,ibuf_merges_delete_mark,0,0,0.000000,enabled
1782984500.464,2026-07-02 09:28:20.466,ibuf_merges_discard_delete,0,0,0.000000,enabled
1782984500.464,2026-07-02 09:28:20.466,ibuf_merges_discard_delete_mark,0,0,0.000000,enabled
1782984500.464,2026-07-02 09:28:20.466,ibuf_merges_discard_insert,0,0,0.000000,enabled
1782984500.464,2026-07-02 09:28:20.466,ibuf_merges_insert,0,0,0.000000,enabled
1782984500.464,2026-07-02 09:28:20.466,ibuf_size,1,1,0.000481,enabled
1782984500.464,2026-07-02 09:28:20.466,innodb_activity_count,16764956,16764956,8071.617950,enabled
1782984500.464,2026-07-02 09:28:20.466,innodb_dblwr_pages_written,21840374,21840374,10515.217194,enabled
1782984500.464,2026-07-02 09:28:20.466,innodb_dblwr_writes,441259,441259,212.447563,enabled
1782984500.464,2026-07-02 09:28:20.466,innodb_page_size,16384,16384,0.000000,enabled
1782984500.464,2026-07-02 09:28:20.466,innodb_rwlock_sx_os_waits,0,0,0.000000,enabled
1782984500.464,2026-07-02 09:28:20.466,innodb_rwlock_sx_spin_rounds,0,0,0.000000,enabled
1782984500.464,2026-07-02 09:28:20.466,innodb_rwlock_sx_spin_waits,0,0,0.000000,enabled
1782984500.464,2026-07-02 09:28:20.466,innodb_rwlock_s_os_waits,0,0,0.000000,enabled
1782984500.464,2026-07-02 09:28:20.466,innodb_rwlock_s_spin_rounds,0,0,0.000000,enabled
1782984500.464,2026-07-02 09:28:20.466,innodb_rwlock_s_spin_waits,0,0,0.000000,enabled
1782984500.464,2026-07-02 09:28:20.466,innodb_rwlock_x_os_waits,0,0,0.000000,enabled
1782984500.464,2026-07-02 09:28:20.466,innodb_rwlock_x_spin_rounds,0,0,0.000000,enabled
1782984500.464,2026-07-02 09:28:20.466,innodb_rwlock_x_spin_waits,0,0,0.000000,enabled
1782984500.464,2026-07-02 09:28:20.466,lock_deadlocks,0,0,0.000000,enabled
1782984500.464,2026-07-02 09:28:20.466,lock_deadlock_false_positives,0,0,0.000000,enabled
1782984500.464,2026-07-02 09:28:20.466,lock_deadlock_rounds,2314,2314,1.114093,enabled
1782984500.464,2026-07-02 09:28:20.466,lock_rec_grant_attempts,425,425,0.204620,enabled
1782984500.464,2026-07-02 09:28:20.466,lock_rec_release_attempts,36656722,36656722,17648.666098,enabled
1782984500.464,2026-07-02 09:28:20.466,lock_row_lock_current_waits,0,0,0.000000,enabled
1782984500.464,2026-07-02 09:28:20.466,lock_row_lock_time,323,323,0.155511,enabled
1782984500.464,2026-07-02 09:28:20.466,lock_row_lock_time_avg,0,0,0.000000,enabled
1782984500.464,2026-07-02 09:28:20.466,lock_row_lock_time_max,29,29,0.000000,enabled
1782984500.464,2026-07-02 09:28:20.466,lock_row_lock_waits,425,425,0.204620,enabled
1782984500.464,2026-07-02 09:28:20.466,lock_schedule_refreshes,2314,2314,1.114093,enabled
1782984500.464,2026-07-02 09:28:20.466,lock_threads_waiting,0,0,0.000000,enabled
1782984500.464,2026-07-02 09:28:20.466,lock_timeouts,0,0,0.000000,enabled
1782984500.464,2026-07-02 09:28:20.466,log_waits,0,0,0.000000,enabled
1782984500.464,2026-07-02 09:28:20.466,log_writes,181978543,181978543,87614.983338,enabled
1782984500.464,2026-07-02 09:28:20.466,log_write_requests,389726397,389726397,187636.801822,enabled
1782984500.464,2026-07-02 09:28:20.466,os_data_fsyncs,47738448,47738448,22984.047357,enabled
1782984500.464,2026-07-02 09:28:20.466,os_data_reads,63346374,63346374,30498.604868,enabled
1782984500.464,2026-07-02 09:28:20.466,os_data_writes,204604896,204604896,98508.619806,enabled
1782984500.464,2026-07-02 09:28:20.466,os_log_bytes_written,117570265600,117570265600,56605119.365183,enabled
1782984500.464,2026-07-02 09:28:20.466,os_log_fsyncs,41923083,41923083,20184.194563,enabled
1782984500.464,2026-07-02 09:28:20.466,os_log_pending_fsyncs,1,1,0.000481,enabled
1782984500.464,2026-07-02 09:28:20.466,os_log_pending_writes,0,0,0.000000,enabled
1782984500.464,2026-07-02 09:28:20.466,trx_rseg_history_len,320,320,0.000000,enabled
1782984501.537,2026-07-02 09:28:21.539,adaptive_hash_searches,0,0,0.000000,enabled
1782984501.537,2026-07-02 09:28:21.539,adaptive_hash_searches_btree,560696446,560696446,269812.378091,enabled
1782984501.537,2026-07-02 09:28:21.539,buffer_data_reads,1033894201856,1033894201856,497519638.589713,enabled
1782984501.537,2026-07-02 09:28:21.539,buffer_data_written,510924270080,510924270080,245861576.104024,enabled
1782984501.537,2026-07-02 09:28:21.539,buffer_pages0_read,7,7,0.003368,enabled
1782984501.537,2026-07-02 09:28:21.539,buffer_pages_created,1805853,1805853,868.993499,enabled
1782984501.537,2026-07-02 09:28:21.539,buffer_pages_read,63282036,63282036,30451.912475,enabled
1782984501.537,2026-07-02 09:28:21.539,buffer_pages_written,21915529,21915529,10545.959258,enabled
1782984501.537,2026-07-02 09:28:21.539,buffer_pool_bytes_data,12857409536,12857409536,0.000000,enabled
1782984501.537,2026-07-02 09:28:21.539,buffer_pool_bytes_dirty,4645027840,4645027840,0.000000,enabled
1782984501.537,2026-07-02 09:28:21.539,buffer_pool_pages_data,784754,784754,0.000000,enabled
1782984501.537,2026-07-02 09:28:21.539,buffer_pool_pages_dirty,283510,283510,0.000000,enabled
1782984501.537,2026-07-02 09:28:21.539,buffer_pool_pages_flushed,21858459,21858459,0.000000,enabled
1782984501.537,2026-07-02 09:28:21.539,buffer_pool_pages_free,1580,1580,0.000000,enabled
1782984501.537,2026-07-02 09:28:21.539,buffer_pool_pages_lru_flushed,0,0,0.000000,enabled
1782984501.537,2026-07-02 09:28:21.539,buffer_pool_pages_misc,96,96,0.000000,enabled
1782984501.537,2026-07-02 09:28:21.539,buffer_pool_pages_total,786432,786432,0.000000,enabled
1782984501.537,2026-07-02 09:28:21.539,buffer_pool_reads,62397570,62397570,30026.300200,enabled
1782984501.537,2026-07-02 09:28:21.539,buffer_pool_read_ahead,803715,803715,386.755247,enabled
1782984501.537,2026-07-02 09:28:21.539,buffer_pool_read_ahead_evicted,25,25,0.012030,enabled
1782984501.537,2026-07-02 09:28:21.539,buffer_pool_read_requests,2695426431,2695426431,1297064.656750,enabled
1782984501.537,2026-07-02 09:28:21.539,buffer_pool_size,12884901888,12884901888,0.000000,enabled
1782984501.537,2026-07-02 09:28:21.539,buffer_pool_wait_free,18945,18945,9.116513,enabled
1782984501.537,2026-07-02 09:28:21.539,buffer_pool_write_requests,580238252,580238252,279216.126918,enabled
1782984501.537,2026-07-02 09:28:21.539,dml_deletes,12065498,12065498,5806.030383,enabled
1782984501.537,2026-07-02 09:28:21.539,dml_inserts,111950901,111950901,53871.819732,enabled
1782984501.537,2026-07-02 09:28:21.539,dml_system_deletes,468,468,0.225206,enabled
1782984501.537,2026-07-02 09:28:21.539,dml_system_inserts,1202,1202,0.578414,enabled
1782984501.537,2026-07-02 09:28:21.539,dml_system_reads,7661,7661,3.686545,enabled
1782984501.537,2026-07-02 09:28:21.539,dml_system_updates,620,620,0.298350,enabled
1782984501.537,2026-07-02 09:28:21.539,dml_updates,24131115,24131115,11612.118015,enabled
1782984501.537,2026-07-02 09:28:21.539,file_num_open_files,35,35,0.000000,enabled
1782984501.537,2026-07-02 09:28:21.539,ibuf_merges,0,0,0.000000,enabled
1782984501.537,2026-07-02 09:28:21.539,ibuf_merges_delete,0,0,0.000000,enabled
1782984501.537,2026-07-02 09:28:21.539,ibuf_merges_delete_mark,0,0,0.000000,enabled
1782984501.537,2026-07-02 09:28:21.539,ibuf_merges_discard_delete,0,0,0.000000,enabled
1782984501.537,2026-07-02 09:28:21.539,ibuf_merges_discard_delete_mark,0,0,0.000000,enabled
1782984501.537,2026-07-02 09:28:21.539,ibuf_merges_discard_insert,0,0,0.000000,enabled
1782984501.537,2026-07-02 09:28:21.539,ibuf_merges_insert,0,0,0.000000,enabled
1782984501.537,2026-07-02 09:28:21.539,ibuf_size,1,1,0.000481,enabled
1782984501.537,2026-07-02 09:28:21.539,innodb_activity_count,16770639,16770639,8070.188356,enabled
1782984501.537,2026-07-02 09:28:21.539,innodb_dblwr_pages_written,21856537,21856537,10517.569964,enabled
1782984501.537,2026-07-02 09:28:21.539,innodb_dblwr_writes,441585,441585,212.494831,enabled
1782984501.537,2026-07-02 09:28:21.539,innodb_page_size,16384,16384,0.000000,enabled
1782984501.537,2026-07-02 09:28:21.539,innodb_rwlock_sx_os_waits,0,0,0.000000,enabled
1782984501.537,2026-07-02 09:28:21.539,innodb_rwlock_sx_spin_rounds,0,0,0.000000,enabled
1782984501.537,2026-07-02 09:28:21.539,innodb_rwlock_sx_spin_waits,0,0,0.000000,enabled
1782984501.537,2026-07-02 09:28:21.539,innodb_rwlock_s_os_waits,0,0,0.000000,enabled
1782984501.537,2026-07-02 09:28:21.539,innodb_rwlock_s_spin_rounds,0,0,0.000000,enabled
1782984501.537,2026-07-02 09:28:21.539,innodb_rwlock_s_spin_waits,0,0,0.000000,enabled
1782984501.537,2026-07-02 09:28:21.539,innodb_rwlock_x_os_waits,0,0,0.000000,enabled
1782984501.537,2026-07-02 09:28:21.539,innodb_rwlock_x_spin_rounds,0,0,0.000000,enabled
1782984501.537,2026-07-02 09:28:21.539,innodb_rwlock_x_spin_waits,0,0,0.000000,enabled
1782984501.537,2026-07-02 09:28:21.539,lock_deadlocks,0,0,0.000000,enabled
1782984501.537,2026-07-02 09:28:21.539,lock_deadlock_false_positives,0,0,0.000000,enabled
1782984501.537,2026-07-02 09:28:21.539,lock_deadlock_rounds,2315,2315,1.114000,enabled
1782984501.537,2026-07-02 09:28:21.539,lock_rec_grant_attempts,425,425,0.204514,enabled
1782984501.537,2026-07-02 09:28:21.539,lock_rec_release_attempts,36671781,36671781,17646.807765,enabled
1782984501.537,2026-07-02 09:28:21.539,lock_row_lock_current_waits,0,0,0.000000,enabled
1782984501.537,2026-07-02 09:28:21.539,lock_row_lock_time,323,323,0.155431,enabled
1782984501.537,2026-07-02 09:28:21.539,lock_row_lock_time_avg,0,0,0.000000,enabled
1782984501.537,2026-07-02 09:28:21.539,lock_row_lock_time_max,29,29,0.000000,enabled
1782984501.537,2026-07-02 09:28:21.539,lock_row_lock_waits,425,425,0.204514,enabled
1782984501.537,2026-07-02 09:28:21.539,lock_schedule_refreshes,2315,2315,1.114000,enabled
1782984501.537,2026-07-02 09:28:21.539,lock_threads_waiting,0,0,0.000000,enabled
1782984501.537,2026-07-02 09:28:21.539,lock_timeouts,0,0,0.000000,enabled
1782984501.537,2026-07-02 09:28:21.539,log_waits,0,0,0.000000,enabled
1782984501.537,2026-07-02 09:28:21.539,log_writes,182059992,182059992,87608.975437,enabled
1782984501.537,2026-07-02 09:28:21.539,log_write_requests,389810378,389810378,187580.409551,enabled
1782984501.537,2026-07-02 09:28:21.539,os_data_fsyncs,47773671,47773671,22989.139303,enabled
1782984501.537,2026-07-02 09:28:21.539,os_data_reads,63404383,63404383,30510.784817,enabled
1782984501.537,2026-07-02 09:28:21.539,os_data_writes,204702717,204702717,98504.870621,enabled
1782984501.537,2026-07-02 09:28:21.539,os_log_bytes_written,117612993536,117612993536,56596477.296631,enabled
1782984501.537,2026-07-02 09:28:21.539,os_log_fsyncs,41953415,41953415,20188.377372,enabled
1782984501.537,2026-07-02 09:28:21.539,os_log_pending_fsyncs,1,1,0.000481,enabled
1782984501.537,2026-07-02 09:28:21.539,os_log_pending_writes,0,0,0.000000,enabled
1782984501.537,2026-07-02 09:28:21.539,trx_rseg_history_len,458,458,0.000000,enabled
1782984502.609,2026-07-02 09:28:22.611,adaptive_hash_searches,0,0,0.000000,enabled
1782984502.609,2026-07-02 09:28:22.611,adaptive_hash_searches_btree,560868699,560868699,269756.053656,enabled
1782984502.609,2026-07-02 09:28:22.611,buffer_data_reads,1034843130368,1034843130368,497719415.921274,enabled
1782984502.609,2026-07-02 09:28:22.611,buffer_data_written,511236505600,511236505600,245884933.923150,enabled
1782984502.609,2026-07-02 09:28:22.611,buffer_pages0_read,7,7,0.003367,enabled
1782984502.609,2026-07-02 09:28:22.611,buffer_pages_created,1805901,1805901,868.568360,enabled
1782984502.609,2026-07-02 09:28:22.611,buffer_pages_read,63340116,63340116,30464.139618,enabled
1782984502.609,2026-07-02 09:28:22.611,buffer_pages_written,21931571,21931571,10548.235242,enabled
1782984502.609,2026-07-02 09:28:22.611,buffer_pool_bytes_data,12858589184,12858589184,0.000000,enabled
1782984502.609,2026-07-02 09:28:22.611,buffer_pool_bytes_dirty,4652531712,4652531712,0.000000,enabled
1782984502.609,2026-07-02 09:28:22.611,buffer_pool_pages_data,784827,784827,0.000000,enabled
1782984502.609,2026-07-02 09:28:22.611,buffer_pool_pages_dirty,283968,283968,0.000000,enabled
1782984502.609,2026-07-02 09:28:22.611,buffer_pool_pages_flushed,21874501,21874501,0.000000,enabled
1782984502.609,2026-07-02 09:28:22.611,buffer_pool_pages_free,1509,1509,0.000000,enabled
1782984502.609,2026-07-02 09:28:22.611,buffer_pool_pages_lru_flushed,0,0,0.000000,enabled
1782984502.609,2026-07-02 09:28:22.611,buffer_pool_pages_misc,96,96,0.000000,enabled
1782984502.609,2026-07-02 09:28:22.611,buffer_pool_pages_total,786432,786432,0.000000,enabled
1782984502.609,2026-07-02 09:28:22.611,buffer_pool_reads,62455600,62455600,30038.722904,enabled
1782984502.609,2026-07-02 09:28:22.611,buffer_pool_read_ahead,803715,803715,386.555760,enabled
1782984502.609,2026-07-02 09:28:22.611,buffer_pool_read_ahead_evicted,25,25,0.012024,enabled
1782984502.609,2026-07-02 09:28:22.611,buffer_pool_read_requests,2696279977,2696279977,1296806.157015,enabled
1782984502.609,2026-07-02 09:28:22.611,buffer_pool_size,12884901888,12884901888,0.000000,enabled
1782984502.609,2026-07-02 09:28:22.611,buffer_pool_wait_free,18945,18945,9.111811,enabled
1782984502.609,2026-07-02 09:28:22.611,buffer_pool_write_requests,580354928,580354928,279128.224715,enabled
1782984502.609,2026-07-02 09:28:22.611,dml_deletes,12070464,12070464,5805.424045,enabled
1782984502.609,2026-07-02 09:28:22.611,dml_inserts,111955867,111955867,53846.420731,enabled
1782984502.609,2026-07-02 09:28:22.611,dml_system_deletes,468,468,0.225090,enabled
1782984502.609,2026-07-02 09:28:22.611,dml_system_inserts,1202,1202,0.578115,enabled
1782984502.609,2026-07-02 09:28:22.611,dml_system_reads,7661,7661,3.684643,enabled
1782984502.609,2026-07-02 09:28:22.611,dml_system_updates,620,620,0.298196,enabled
1782984502.609,2026-07-02 09:28:22.611,dml_updates,24141043,24141043,11610.903385,enabled
1782984502.609,2026-07-02 09:28:22.611,file_num_open_files,35,35,0.000000,enabled
1782984502.609,2026-07-02 09:28:22.611,ibuf_merges,0,0,0.000000,enabled
1782984502.609,2026-07-02 09:28:22.611,ibuf_merges_delete,0,0,0.000000,enabled
1782984502.609,2026-07-02 09:28:22.611,ibuf_merges_delete_mark,0,0,0.000000,enabled
1782984502.609,2026-07-02 09:28:22.611,ibuf_merges_discard_delete,0,0,0.000000,enabled
1782984502.609,2026-07-02 09:28:22.611,ibuf_merges_discard_delete_mark,0,0,0.000000,enabled
1782984502.609,2026-07-02 09:28:22.611,ibuf_merges_discard_insert,0,0,0.000000,enabled
1782984502.609,2026-07-02 09:28:22.611,ibuf_merges_insert,0,0,0.000000,enabled
1782984502.609,2026-07-02 09:28:22.611,ibuf_size,1,1,0.000481,enabled
1782984502.609,2026-07-02 09:28:22.611,innodb_activity_count,16776352,16776352,8068.773416,enabled
1782984502.609,2026-07-02 09:28:22.611,innodb_dblwr_pages_written,21872579,21872579,10519.860494,enabled
1782984502.609,2026-07-02 09:28:22.611,innodb_dblwr_writes,441950,441950,212.560775,enabled
1782984502.609,2026-07-02 09:28:22.611,innodb_page_size,16384,16384,0.000000,enabled
1782984502.609,2026-07-02 09:28:22.611,innodb_rwlock_sx_os_waits,0,0,0.000000,enabled
1782984502.609,2026-07-02 09:28:22.611,innodb_rwlock_sx_spin_rounds,0,0,0.000000,enabled
1782984502.609,2026-07-02 09:28:22.611,innodb_rwlock_sx_spin_waits,0,0,0.000000,enabled
1782984502.609,2026-07-02 09:28:22.611,innodb_rwlock_s_os_waits,0,0,0.000000,enabled
1782984502.609,2026-07-02 09:28:22.611,innodb_rwlock_s_spin_rounds,0,0,0.000000,enabled
1782984502.609,2026-07-02 09:28:22.611,innodb_rwlock_s_spin_waits,0,0,0.000000,enabled
1782984502.609,2026-07-02 09:28:22.611,innodb_rwlock_x_os_waits,0,0,0.000000,enabled
1782984502.609,2026-07-02 09:28:22.611,innodb_rwlock_x_spin_rounds,0,0,0.000000,enabled
1782984502.609,2026-07-02 09:28:22.611,innodb_rwlock_x_spin_waits,0,0,0.000000,enabled
1782984502.609,2026-07-02 09:28:22.611,lock_deadlocks,0,0,0.000000,enabled
1782984502.609,2026-07-02 09:28:22.611,lock_deadlock_false_positives,0,0,0.000000,enabled
1782984502.609,2026-07-02 09:28:22.611,lock_deadlock_rounds,2316,2316,1.113906,enabled
1782984502.609,2026-07-02 09:28:22.611,lock_rec_grant_attempts,425,425,0.204409,enabled
1782984502.609,2026-07-02 09:28:22.611,lock_rec_release_attempts,36686868,36686868,17644.961805,enabled
1782984502.609,2026-07-02 09:28:22.611,lock_row_lock_current_waits,0,0,0.000000,enabled
1782984502.609,2026-07-02 09:28:22.611,lock_row_lock_time,323,323,0.155350,enabled
1782984502.609,2026-07-02 09:28:22.611,lock_row_lock_time_avg,0,0,0.000000,enabled
1782984502.609,2026-07-02 09:28:22.611,lock_row_lock_time_max,29,29,0.000000,enabled
1782984502.609,2026-07-02 09:28:22.611,lock_row_lock_waits,425,425,0.204409,enabled
1782984502.609,2026-07-02 09:28:22.611,lock_schedule_refreshes,2316,2316,1.113906,enabled
1782984502.609,2026-07-02 09:28:22.611,lock_threads_waiting,0,0,0.000000,enabled
1782984502.609,2026-07-02 09:28:22.611,lock_timeouts,0,0,0.000000,enabled
1782984502.609,2026-07-02 09:28:22.611,log_waits,0,0,0.000000,enabled
1782984502.609,2026-07-02 09:28:22.611,log_writes,182141996,182141996,87603.226839,enabled
1782984502.609,2026-07-02 09:28:22.611,log_write_requests,389894742,389894742,187524.230045,enabled
1782984502.609,2026-07-02 09:28:22.611,os_data_fsyncs,47808859,47808859,22994.205416,enabled
1782984502.609,2026-07-02 09:28:22.611,os_data_reads,63462299,63462299,30522.902513,enabled
1782984502.609,2026-07-02 09:28:22.611,os_data_writes,204801026,204801026,98501.343965,enabled
1782984502.609,2026-07-02 09:28:22.611,os_log_bytes_written,117656048128,117656048128,56587992.054693,enabled
1782984502.609,2026-07-02 09:28:22.611,os_log_fsyncs,41983589,41983589,20192.476602,enabled
1782984502.609,2026-07-02 09:28:22.611,os_log_pending_fsyncs,1,1,0.000481,enabled
1782984502.609,2026-07-02 09:28:22.611,os_log_pending_writes,0,0,0.000000,enabled
1782984502.609,2026-07-02 09:28:22.611,trx_rseg_history_len,625,625,0.000000,enabled
1782984503.682,2026-07-02 09:28:23.683,adaptive_hash_searches,0,0,0.000000,enabled
1782984503.682,2026-07-02 09:28:23.683,adaptive_hash_searches_btree,561039604,561039604,269699.207741,enabled
1782984503.682,2026-07-02 09:28:23.683,buffer_data_reads,1035789552128,1035789552128,497917891.338059,enabled
1782984503.682,2026-07-02 09:28:23.683,buffer_data_written,511556281856,511556281856,245911946.498897,enabled
1782984503.682,2026-07-02 09:28:23.683,buffer_pages0_read,7,7,0.003365,enabled
1782984503.682,2026-07-02 09:28:23.683,buffer_pages_created,1805944,1805944,868.141443,enabled
1782984503.682,2026-07-02 09:28:23.683,buffer_pages_read,63398045,63398045,30476.288232,enabled
1782984503.682,2026-07-02 09:28:23.683,buffer_pages_written,21948085,21948085,10550.738068,enabled
1782984503.682,2026-07-02 09:28:23.683,buffer_pool_bytes_data,12855902208,12855902208,0.000000,enabled
1782984503.682,2026-07-02 09:28:23.683,buffer_pool_bytes_dirty,4650270720,4650270720,0.000000,enabled
1782984503.682,2026-07-02 09:28:23.683,buffer_pool_pages_data,784662,784662,0.000000,enabled
1782984503.682,2026-07-02 09:28:23.683,buffer_pool_pages_dirty,283830,283830,0.000000,enabled
1782984503.682,2026-07-02 09:28:23.683,buffer_pool_pages_flushed,21890982,21890982,0.000000,enabled
1782984503.682,2026-07-02 09:28:23.683,buffer_pool_pages_free,1673,1673,0.000000,enabled
1782984503.682,2026-07-02 09:28:23.683,buffer_pool_pages_lru_flushed,0,0,0.000000,enabled
1782984503.682,2026-07-02 09:28:23.683,buffer_pool_pages_misc,96,96,0.000000,enabled
1782984503.682,2026-07-02 09:28:23.683,buffer_pool_pages_total,786432,786432,0.000000,enabled
1782984503.682,2026-07-02 09:28:23.683,buffer_pool_reads,62513470,62513470,30051.062251,enabled
1782984503.682,2026-07-02 09:28:23.683,buffer_pool_read_ahead,803715,803715,386.356560,enabled
1782984503.682,2026-07-02 09:28:23.683,buffer_pool_read_ahead_evicted,25,25,0.012018,enabled
1782984503.682,2026-07-02 09:28:23.683,buffer_pool_read_requests,2697126845,2697126845,1296544.989123,enabled
1782984503.682,2026-07-02 09:28:23.683,buffer_pool_size,12884901888,12884901888,0.000000,enabled
1782984503.682,2026-07-02 09:28:23.683,buffer_pool_wait_free,18945,18945,9.107115,enabled
1782984503.682,2026-07-02 09:28:23.683,buffer_pool_write_requests,580470608,580470608,279039.993590,enabled
1782984503.682,2026-07-02 09:28:23.683,dml_deletes,12075393,12075393,5804.802023,enabled
1782984503.682,2026-07-02 09:28:23.683,dml_inserts,111960796,111960796,53821.043820,enabled
1782984503.682,2026-07-02 09:28:23.683,dml_system_deletes,468,468,0.224974,enabled
1782984503.682,2026-07-02 09:28:23.683,dml_system_inserts,1202,1202,0.577817,enabled
1782984503.682,2026-07-02 09:28:23.683,dml_system_reads,7661,7661,3.682745,enabled
1782984503.682,2026-07-02 09:28:23.683,dml_system_updates,620,620,0.298042,enabled
1782984503.682,2026-07-02 09:28:23.683,dml_updates,24150904,24150904,11609.660760,enabled
1782984503.682,2026-07-02 09:28:23.683,file_num_open_files,35,35,0.000000,enabled
1782984503.682,2026-07-02 09:28:23.683,ibuf_merges,0,0,0.000000,enabled
1782984503.682,2026-07-02 09:28:23.683,ibuf_merges_delete,0,0,0.000000,enabled
1782984503.682,2026-07-02 09:28:23.683,ibuf_merges_delete_mark,0,0,0.000000,enabled
1782984503.682,2026-07-02 09:28:23.683,ibuf_merges_discard_delete,0,0,0.000000,enabled
1782984503.682,2026-07-02 09:28:23.683,ibuf_merges_discard_delete_mark,0,0,0.000000,enabled
1782984503.682,2026-07-02 09:28:23.683,ibuf_merges_discard_insert,0,0,0.000000,enabled
1782984503.682,2026-07-02 09:28:23.683,ibuf_merges_insert,0,0,0.000000,enabled
1782984503.682,2026-07-02 09:28:23.683,ibuf_size,1,1,0.000481,enabled
1782984503.682,2026-07-02 09:28:23.683,innodb_activity_count,16782022,16782022,8067.341321,enabled
1782984503.682,2026-07-02 09:28:23.683,innodb_dblwr_pages_written,21889095,21889095,10522.379206,enabled
1782984503.682,2026-07-02 09:28:23.683,innodb_dblwr_writes,442310,442310,212.624302,enabled
1782984503.682,2026-07-02 09:28:23.683,innodb_page_size,16384,16384,0.000000,enabled
1782984503.682,2026-07-02 09:28:23.683,innodb_rwlock_sx_os_waits,0,0,0.000000,enabled
1782984503.682,2026-07-02 09:28:23.683,innodb_rwlock_sx_spin_rounds,0,0,0.000000,enabled
1782984503.682,2026-07-02 09:28:23.683,innodb_rwlock_sx_spin_waits,0,0,0.000000,enabled
1782984503.682,2026-07-02 09:28:23.683,innodb_rwlock_s_os_waits,0,0,0.000000,enabled
1782984503.682,2026-07-02 09:28:23.683,innodb_rwlock_s_spin_rounds,0,0,0.000000,enabled
1782984503.682,2026-07-02 09:28:23.683,innodb_rwlock_s_spin_waits,0,0,0.000000,enabled
1782984503.682,2026-07-02 09:28:23.683,innodb_rwlock_x_os_waits,0,0,0.000000,enabled
1782984503.682,2026-07-02 09:28:23.683,innodb_rwlock_x_spin_rounds,0,0,0.000000,enabled
1782984503.682,2026-07-02 09:28:23.683,innodb_rwlock_x_spin_waits,0,0,0.000000,enabled
1782984503.682,2026-07-02 09:28:23.683,lock_deadlocks,0,0,0.000000,enabled
1782984503.682,2026-07-02 09:28:23.683,lock_deadlock_false_positives,0,0,0.000000,enabled
1782984503.682,2026-07-02 09:28:23.683,lock_deadlock_rounds,2317,2317,1.113813,enabled
1782984503.682,2026-07-02 09:28:23.683,lock_rec_grant_attempts,425,425,0.204303,enabled
1782984503.682,2026-07-02 09:28:23.683,lock_rec_release_attempts,36701845,36701845,17643.068654,enabled
1782984503.682,2026-07-02 09:28:23.683,lock_row_lock_current_waits,0,0,0.000000,enabled
1782984503.682,2026-07-02 09:28:23.683,lock_row_lock_time,323,323,0.155270,enabled
1782984503.682,2026-07-02 09:28:23.683,lock_row_lock_time_avg,0,0,0.000000,enabled
1782984503.682,2026-07-02 09:28:23.683,lock_row_lock_time_max,29,29,0.000000,enabled
1782984503.682,2026-07-02 09:28:23.683,lock_row_lock_waits,425,425,0.204303,enabled
1782984503.682,2026-07-02 09:28:23.683,lock_schedule_refreshes,2317,2317,1.113813,enabled
1782984503.682,2026-07-02 09:28:23.683,lock_threads_waiting,0,0,0.000000,enabled
1782984503.682,2026-07-02 09:28:23.683,lock_timeouts,0,0,0.000000,enabled
1782984503.682,2026-07-02 09:28:23.683,log_waits,0,0,0.000000,enabled
1782984503.682,2026-07-02 09:28:23.683,log_writes,182223845,182223845,87597.431241,enabled
1782984503.682,2026-07-02 09:28:23.683,log_write_requests,389978493,389978493,187467.859930,enabled
1782984503.682,2026-07-02 09:28:23.683,os_data_fsyncs,47844029,47844029,22999.263189,enabled
1782984503.682,2026-07-02 09:28:23.683,os_data_reads,63520078,63520078,30534.949184,enabled
1782984503.682,2026-07-02 09:28:23.683,os_data_writes,204899658,204899658,98497.999962,enabled
1782984503.682,2026-07-02 09:28:23.683,os_log_bytes_written,117698996736,117698996736,56579478.239071,enabled
1782984503.682,2026-07-02 09:28:23.683,os_log_fsyncs,42013618,42013618,20196.506761,enabled
1782984503.682,2026-07-02 09:28:23.683,os_log_pending_fsyncs,1,1,0.000481,enabled
1782984503.682,2026-07-02 09:28:23.683,os_log_pending_writes,0,0,0.000000,enabled
1782984503.682,2026-07-02 09:28:23.683,trx_rseg_history_len,734,734,0.000000,enabled
1782984504.754,2026-07-02 09:28:24.756,adaptive_hash_searches,0,0,0.000000,enabled
1782984504.754,2026-07-02 09:28:24.756,adaptive_hash_searches_btree,561210365,561210365,269642.797049,enabled
1782984504.754,2026-07-02 09:28:24.756,buffer_data_reads,1036735023616,1036735023616,498116553.953510,enabled
1782984504.754,2026-07-02 09:28:24.756,buffer_data_written,511869927424,511869927424,245936404.489461,enabled
1782984504.754,2026-07-02 09:28:24.756,buffer_pages0_read,7,7,0.003363,enabled
1782984504.754,2026-07-02 09:28:24.756,buffer_pages_created,1805987,1805987,867.716446,enabled
1782984504.754,2026-07-02 09:28:24.756,buffer_pages_read,63455905,63455905,30488.443121,enabled
1782984504.754,2026-07-02 09:28:24.756,buffer_pages_written,21964255,21964255,10553.091029,enabled
1782984504.754,2026-07-02 09:28:24.756,buffer_pool_bytes_data,12854181888,12854181888,0.000000,enabled
1782984504.754,2026-07-02 09:28:24.756,buffer_pool_bytes_dirty,4654268416,4654268416,0.000000,enabled
1782984504.754,2026-07-02 09:28:24.756,buffer_pool_pages_data,784556,784556,0.000000,enabled
1782984504.754,2026-07-02 09:28:24.756,buffer_pool_pages_dirty,284074,284074,0.000000,enabled
1782984504.754,2026-07-02 09:28:24.756,buffer_pool_pages_flushed,21907185,21907185,0.000000,enabled
1782984504.754,2026-07-02 09:28:24.756,buffer_pool_pages_free,1783,1783,0.000000,enabled
1782984504.754,2026-07-02 09:28:24.756,buffer_pool_pages_lru_flushed,0,0,0.000000,enabled
1782984504.754,2026-07-02 09:28:24.756,buffer_pool_pages_misc,96,96,0.000000,enabled
1782984504.754,2026-07-02 09:28:24.756,buffer_pool_pages_total,786432,786432,0.000000,enabled
1782984504.754,2026-07-02 09:28:24.756,buffer_pool_reads,62571272,62571272,30063.407798,enabled
1782984504.754,2026-07-02 09:28:24.756,buffer_pool_read_ahead,803715,803715,386.158227,enabled
1782984504.754,2026-07-02 09:28:24.756,buffer_pool_read_ahead_evicted,25,25,0.012012,enabled
1782984504.754,2026-07-02 09:28:24.756,buffer_pool_read_requests,2697973769,2697973769,1296286.338622,enabled
1782984504.754,2026-07-02 09:28:24.756,buffer_pool_size,12884901888,12884901888,0.000000,enabled
1782984504.754,2026-07-02 09:28:24.756,buffer_pool_wait_free,18945,18945,9.102440,enabled
1782984504.754,2026-07-02 09:28:24.756,buffer_pool_write_requests,580586359,580586359,278952.365419,enabled
1782984504.754,2026-07-02 09:28:24.756,dml_deletes,12080331,12080331,5804.194540,enabled
1782984504.754,2026-07-02 09:28:24.756,dml_inserts,111965732,111965732,53795.785144,enabled
1782984504.754,2026-07-02 09:28:24.756,dml_system_deletes,468,468,0.224858,enabled
1782984504.754,2026-07-02 09:28:24.756,dml_system_inserts,1202,1202,0.577521,enabled
1782984504.754,2026-07-02 09:28:24.756,dml_system_reads,7661,7661,3.680854,enabled
1782984504.754,2026-07-02 09:28:24.756,dml_system_updates,620,620,0.297889,enabled
1782984504.754,2026-07-02 09:28:24.756,dml_updates,24160778,24160778,11608.444798,enabled
1782984504.754,2026-07-02 09:28:24.756,file_num_open_files,35,35,0.000000,enabled
1782984504.754,2026-07-02 09:28:24.756,ibuf_merges,0,0,0.000000,enabled
1782984504.754,2026-07-02 09:28:24.756,ibuf_merges_delete,0,0,0.000000,enabled
1782984504.754,2026-07-02 09:28:24.756,ibuf_merges_delete_mark,0,0,0.000000,enabled
1782984504.754,2026-07-02 09:28:24.756,ibuf_merges_discard_delete,0,0,0.000000,enabled
1782984504.754,2026-07-02 09:28:24.756,ibuf_merges_discard_delete_mark,0,0,0.000000,enabled
1782984504.754,2026-07-02 09:28:24.756,ibuf_merges_discard_insert,0,0,0.000000,enabled
1782984504.754,2026-07-02 09:28:24.756,ibuf_merges_insert,0,0,0.000000,enabled
1782984504.754,2026-07-02 09:28:24.756,ibuf_size,1,1,0.000480,enabled
1782984504.754,2026-07-02 09:28:24.756,innodb_activity_count,16787696,16787696,8065.925946,enabled
1782984504.754,2026-07-02 09:28:24.756,innodb_dblwr_pages_written,21905263,21905263,10524.745492,enabled
1782984504.754,2026-07-02 09:28:24.756,innodb_dblwr_writes,442677,442677,212.691478,enabled
1782984504.754,2026-07-02 09:28:24.756,innodb_page_size,16384,16384,0.000000,enabled
1782984504.754,2026-07-02 09:28:24.756,innodb_rwlock_sx_os_waits,0,0,0.000000,enabled
1782984504.754,2026-07-02 09:28:24.756,innodb_rwlock_sx_spin_rounds,0,0,0.000000,enabled
1782984504.754,2026-07-02 09:28:24.756,innodb_rwlock_sx_spin_waits,0,0,0.000000,enabled
1782984504.754,2026-07-02 09:28:24.756,innodb_rwlock_s_os_waits,0,0,0.000000,enabled
1782984504.754,2026-07-02 09:28:24.756,innodb_rwlock_s_spin_rounds,0,0,0.000000,enabled
1782984504.754,2026-07-02 09:28:24.756,innodb_rwlock_s_spin_waits,0,0,0.000000,enabled
1782984504.754,2026-07-02 09:28:24.756,innodb_rwlock_x_os_waits,0,0,0.000000,enabled
1782984504.754,2026-07-02 09:28:24.756,innodb_rwlock_x_spin_rounds,0,0,0.000000,enabled
1782984504.754,2026-07-02 09:28:24.756,innodb_rwlock_x_spin_waits,0,0,0.000000,enabled
1782984504.754,2026-07-02 09:28:24.756,lock_deadlocks,0,0,0.000000,enabled
1782984504.754,2026-07-02 09:28:24.756,lock_deadlock_false_positives,0,0,0.000000,enabled
1782984504.754,2026-07-02 09:28:24.756,lock_deadlock_rounds,2318,2318,1.113722,enabled
1782984504.754,2026-07-02 09:28:24.756,lock_rec_grant_attempts,425,425,0.204198,enabled
1782984504.754,2026-07-02 09:28:24.756,lock_rec_release_attempts,36716874,36716874,17641.232737,enabled
1782984504.754,2026-07-02 09:28:24.756,lock_row_lock_current_waits,0,0,0.000000,enabled
1782984504.754,2026-07-02 09:28:24.756,lock_row_lock_time,323,323,0.155191,enabled
1782984504.754,2026-07-02 09:28:24.756,lock_row_lock_time_avg,0,0,0.000000,enabled
1782984504.754,2026-07-02 09:28:24.756,lock_row_lock_time_max,29,29,0.000000,enabled
1782984504.754,2026-07-02 09:28:24.756,lock_row_lock_waits,425,425,0.204198,enabled
1782984504.754,2026-07-02 09:28:24.756,lock_schedule_refreshes,2318,2318,1.113722,enabled
1782984504.754,2026-07-02 09:28:24.756,lock_threads_waiting,0,0,0.000000,enabled
1782984504.754,2026-07-02 09:28:24.756,lock_timeouts,0,0,0.000000,enabled
1782984504.754,2026-07-02 09:28:24.756,log_waits,0,0,0.000000,enabled
1782984504.754,2026-07-02 09:28:24.756,log_writes,182304659,182304659,87591.290402,enabled
1782984504.754,2026-07-02 09:28:24.756,log_write_requests,390062214,390062214,187411.846050,enabled
1782984504.754,2026-07-02 09:28:24.756,os_data_fsyncs,47878902,47878902,23004.211705,enabled
1782984504.754,2026-07-02 09:28:24.756,os_data_reads,63577748,63577748,30546.982416,enabled
1782984504.754,2026-07-02 09:28:24.756,os_data_writes,204996898,204996898,98494.156033,enabled
1782984504.754,2026-07-02 09:28:24.756,os_log_bytes_written,117741263360,117741263360,56570740.545973,enabled
1782984504.754,2026-07-02 09:28:24.756,os_log_fsyncs,42043474,42043474,20200.483580,enabled
1782984504.754,2026-07-02 09:28:24.756,os_log_pending_fsyncs,1,1,0.000480,enabled
1782984504.754,2026-07-02 09:28:24.756,os_log_pending_writes,0,0,0.000000,enabled
1782984504.754,2026-07-02 09:28:24.756,trx_rseg_history_len,868,868,0.000000,enabled
1782984505.822,2026-07-02 09:28:25.824,adaptive_hash_searches,0,0,0.000000,enabled
1782984505.822,2026-07-02 09:28:25.824,adaptive_hash_searches_btree,561383417,561383417,269587.017573,enabled
1782984505.822,2026-07-02 09:28:25.824,buffer_data_reads,1037688670720,1037688670720,498317951.290486,enabled
1782984505.822,2026-07-02 09:28:25.824,buffer_data_written,512186837504,512186837504,245961917.613932,enabled
1782984505.822,2026-07-02 09:28:25.824,buffer_pages0_read,7,7,0.003362,enabled
1782984505.822,2026-07-02 09:28:25.824,buffer_pages_created,1806027,1806027,867.288724,enabled
1782984505.822,2026-07-02 09:28:25.824,buffer_pages_read,63514257,63514257,30500.761344,enabled
1782984505.822,2026-07-02 09:28:25.824,buffer_pages_written,21980567,21980567,10555.488836,enabled
1782984505.822,2026-07-02 09:28:25.824,buffer_pool_bytes_data,12855508992,12855508992,0.000000,enabled
1782984505.822,2026-07-02 09:28:25.824,buffer_pool_bytes_dirty,4660887552,4660887552,0.000000,enabled
1782984505.822,2026-07-02 09:28:25.824,buffer_pool_pages_data,784638,784638,0.000000,enabled
1782984505.822,2026-07-02 09:28:25.824,buffer_pool_pages_dirty,284478,284478,0.000000,enabled
1782984505.822,2026-07-02 09:28:25.824,buffer_pool_pages_flushed,21923497,21923497,0.000000,enabled
1782984505.822,2026-07-02 09:28:25.824,buffer_pool_pages_free,1697,1697,0.000000,enabled
1782984505.822,2026-07-02 09:28:25.824,buffer_pool_pages_lru_flushed,0,0,0.000000,enabled
1782984505.822,2026-07-02 09:28:25.824,buffer_pool_pages_misc,97,97,0.000000,enabled
1782984505.822,2026-07-02 09:28:25.824,buffer_pool_pages_total,786432,786432,0.000000,enabled
1782984505.822,2026-07-02 09:28:25.824,buffer_pool_reads,62629565,62629565,30075.916564,enabled
1782984505.822,2026-07-02 09:28:25.824,buffer_pool_read_ahead,803715,803715,385.959330,enabled
1782984505.822,2026-07-02 09:28:25.824,buffer_pool_read_ahead_evicted,25,25,0.012005,enabled
1782984505.822,2026-07-02 09:28:25.824,buffer_pool_read_requests,2698830525,2698830525,1296030.095387,enabled
1782984505.822,2026-07-02 09:28:25.824,buffer_pool_size,12884901888,12884901888,0.000000,enabled
1782984505.822,2026-07-02 09:28:25.824,buffer_pool_wait_free,18945,18945,9.097752,enabled
1782984505.822,2026-07-02 09:28:25.824,buffer_pool_write_requests,580703170,580703170,278864.781264,enabled
1782984505.822,2026-07-02 09:28:25.824,dml_deletes,12085321,12085321,5803.601323,enabled
1782984505.822,2026-07-02 09:28:25.824,dml_inserts,111970723,111970723,53770.473855,enabled
1782984505.822,2026-07-02 09:28:25.824,dml_system_deletes,468,468,0.224743,enabled
1782984505.822,2026-07-02 09:28:25.824,dml_system_inserts,1202,1202,0.577223,enabled
1782984505.822,2026-07-02 09:28:25.824,dml_system_reads,7661,7661,3.678958,enabled
1782984505.822,2026-07-02 09:28:25.824,dml_system_updates,620,620,0.297736,enabled
1782984505.822,2026-07-02 09:28:25.824,dml_updates,24170756,24170756,11607.257381,enabled
1782984505.822,2026-07-02 09:28:25.824,file_num_open_files,35,35,0.000000,enabled
1782984505.822,2026-07-02 09:28:25.824,ibuf_merges,0,0,0.000000,enabled
1782984505.822,2026-07-02 09:28:25.824,ibuf_merges_delete,0,0,0.000000,enabled
1782984505.822,2026-07-02 09:28:25.824,ibuf_merges_delete_mark,0,0,0.000000,enabled
1782984505.822,2026-07-02 09:28:25.824,ibuf_merges_discard_delete,0,0,0.000000,enabled
1782984505.822,2026-07-02 09:28:25.824,ibuf_merges_discard_delete_mark,0,0,0.000000,enabled
1782984505.822,2026-07-02 09:28:25.824,ibuf_merges_discard_insert,0,0,0.000000,enabled
1782984505.822,2026-07-02 09:28:25.824,ibuf_merges_insert,0,0,0.000000,enabled
1782984505.822,2026-07-02 09:28:25.824,ibuf_size,1,1,0.000480,enabled
1782984505.822,2026-07-02 09:28:25.824,innodb_activity_count,16793424,16793424,8064.522196,enabled
1782984505.822,2026-07-02 09:28:25.824,innodb_dblwr_pages_written,21921575,21921575,10527.157942,enabled
1782984505.822,2026-07-02 09:28:25.824,innodb_dblwr_writes,443039,443039,212.755768,enabled
1782984505.822,2026-07-02 09:28:25.824,innodb_page_size,16384,16384,0.000000,enabled
1782984505.822,2026-07-02 09:28:25.824,innodb_rwlock_sx_os_waits,0,0,0.000000,enabled
1782984505.822,2026-07-02 09:28:25.824,innodb_rwlock_sx_spin_rounds,0,0,0.000000,enabled
1782984505.822,2026-07-02 09:28:25.824,innodb_rwlock_sx_spin_waits,0,0,0.000000,enabled
1782984505.822,2026-07-02 09:28:25.824,innodb_rwlock_s_os_waits,0,0,0.000000,enabled
1782984505.822,2026-07-02 09:28:25.824,innodb_rwlock_s_spin_rounds,0,0,0.000000,enabled
1782984505.822,2026-07-02 09:28:25.824,innodb_rwlock_s_spin_waits,0,0,0.000000,enabled
1782984505.822,2026-07-02 09:28:25.824,innodb_rwlock_x_os_waits,0,0,0.000000,enabled
1782984505.822,2026-07-02 09:28:25.824,innodb_rwlock_x_spin_rounds,0,0,0.000000,enabled
1782984505.822,2026-07-02 09:28:25.824,innodb_rwlock_x_spin_waits,0,0,0.000000,enabled
1782984505.822,2026-07-02 09:28:25.824,lock_deadlocks,0,0,0.000000,enabled
1782984505.822,2026-07-02 09:28:25.824,lock_deadlock_false_positives,0,0,0.000000,enabled
1782984505.822,2026-07-02 09:28:25.824,lock_deadlock_rounds,2319,2319,1.113628,enabled
1782984505.822,2026-07-02 09:28:25.824,lock_rec_grant_attempts,425,425,0.204093,enabled
1782984505.822,2026-07-02 09:28:25.824,lock_rec_release_attempts,36732030,36732030,17639.424543,enabled
1782984505.822,2026-07-02 09:28:25.824,lock_row_lock_current_waits,0,0,0.000000,enabled
1782984505.822,2026-07-02 09:28:25.824,lock_row_lock_time,323,323,0.155111,enabled
1782984505.822,2026-07-02 09:28:25.824,lock_row_lock_time_avg,0,0,0.000000,enabled
1782984505.822,2026-07-02 09:28:25.824,lock_row_lock_time_max,29,29,0.000000,enabled
1782984505.822,2026-07-02 09:28:25.824,lock_row_lock_waits,425,425,0.204093,enabled
1782984505.822,2026-07-02 09:28:25.824,lock_schedule_refreshes,2319,2319,1.113628,enabled
1782984505.822,2026-07-02 09:28:25.824,lock_threads_waiting,0,0,0.000000,enabled
1782984505.822,2026-07-02 09:28:25.824,lock_timeouts,0,0,0.000000,enabled
1782984505.822,2026-07-02 09:28:25.824,log_waits,0,0,0.000000,enabled
1782984505.822,2026-07-02 09:28:25.824,log_writes,182387182,182387182,87585.804524,enabled
1782984505.822,2026-07-02 09:28:25.824,log_write_requests,390146932,390146932,187356.000419,enabled
1782984505.822,2026-07-02 09:28:25.824,os_data_fsyncs,47914354,47914354,23009.387745,enabled
1782984505.822,2026-07-02 09:28:25.824,os_data_reads,63635948,63635948,30559.197447,enabled
1782984505.822,2026-07-02 09:28:25.824,os_data_writes,205096003,205096003,98491.017152,enabled
1782984505.822,2026-07-02 09:28:25.824,os_log_bytes_written,117784461824,117784461824,56562347.606529,enabled
1782984505.822,2026-07-02 09:28:25.824,os_log_fsyncs,42073824,42073824,20204.653647,enabled
1782984505.822,2026-07-02 09:28:25.824,os_log_pending_fsyncs,0,0,0.000000,enabled
1782984505.822,2026-07-02 09:28:25.824,os_log_pending_writes,0,0,0.000000,enabled
1782984505.822,2026-07-02 09:28:25.824,trx_rseg_history_len,1021,1021,0.000000,enabled
1782984506.894,2026-07-02 09:28:26.896,adaptive_hash_searches,0,0,0.000000,enabled
1782984506.894,2026-07-02 09:28:26.896,adaptive_hash_searches_btree,561554920,561554920,269530.603760,enabled
1782984506.894,2026-07-02 09:28:26.896,buffer_data_reads,1038635452928,1038635452928,498515946.623091,enabled
1782984506.894,2026-07-02 09:28:26.896,buffer_data_written,512499180032,512499180032,245985261.607444,enabled
1782984506.894,2026-07-02 09:28:26.896,buffer_pages0_read,7,7,0.003360,enabled
1782984506.894,2026-07-02 09:28:26.896,buffer_pages_created,1806070,1806070,866.863059,enabled
1782984506.894,2026-07-02 09:28:26.896,buffer_pages_read,63572232,63572232,30512.892088,enabled
1782984506.894,2026-07-02 09:28:26.896,buffer_pages_written,21996638,21996638,10557.770635,enabled
1782984506.894,2026-07-02 09:28:26.896,buffer_pool_bytes_data,12860391424,12860391424,0.000000,enabled
1782984506.894,2026-07-02 09:28:26.896,buffer_pool_bytes_dirty,4667047936,4667047936,0.000000,enabled
1782984506.894,2026-07-02 09:28:26.896,buffer_pool_pages_data,784936,784936,0.000000,enabled
1782984506.894,2026-07-02 09:28:26.896,buffer_pool_pages_dirty,284854,284854,0.000000,enabled
1782984506.894,2026-07-02 09:28:26.896,buffer_pool_pages_flushed,21939568,21939568,0.000000,enabled
1782984506.894,2026-07-02 09:28:26.896,buffer_pool_pages_free,1399,1399,0.000000,enabled
1782984506.894,2026-07-02 09:28:26.896,buffer_pool_pages_lru_flushed,0,0,0.000000,enabled
1782984506.894,2026-07-02 09:28:26.896,buffer_pool_pages_misc,96,96,0.000000,enabled
1782984506.894,2026-07-02 09:28:26.896,buffer_pool_pages_total,786432,786432,0.000000,enabled
1782984506.894,2026-07-02 09:28:26.896,buffer_pool_reads,62687479,62687479,30088.236826,enabled
1782984506.894,2026-07-02 09:28:26.896,buffer_pool_read_ahead,803715,803715,385.760717,enabled
1782984506.894,2026-07-02 09:28:26.896,buffer_pool_read_ahead_evicted,25,25,0.011999,enabled
1782984506.894,2026-07-02 09:28:26.896,buffer_pool_read_requests,2699680112,2699680112,1295770.941640,enabled
1782984506.894,2026-07-02 09:28:26.896,buffer_pool_size,12884901888,12884901888,0.000000,enabled
1782984506.894,2026-07-02 09:28:26.896,buffer_pool_wait_free,18945,18945,9.093070,enabled
1782984506.894,2026-07-02 09:28:26.896,buffer_pool_write_requests,580819428,580819428,278777.079199,enabled
1782984506.894,2026-07-02 09:28:26.896,dml_deletes,12090269,12090269,5802.989633,enabled
1782984506.894,2026-07-02 09:28:26.896,dml_inserts,111975672,111975672,53745.178423,enabled
1782984506.894,2026-07-02 09:28:26.896,dml_system_deletes,468,468,0.224627,enabled
1782984506.894,2026-07-02 09:28:26.896,dml_system_inserts,1202,1202,0.576926,enabled
1782984506.894,2026-07-02 09:28:26.896,dml_system_reads,7661,7661,3.677065,enabled
1782984506.894,2026-07-02 09:28:26.896,dml_system_updates,620,620,0.297583,enabled
1782984506.894,2026-07-02 09:28:26.896,dml_updates,24180656,24180656,11606.035889,enabled
1782984506.894,2026-07-02 09:28:26.896,file_num_open_files,35,35,0.000000,enabled
1782984506.894,2026-07-02 09:28:26.896,ibuf_merges,0,0,0.000000,enabled
1782984506.894,2026-07-02 09:28:26.896,ibuf_merges_delete,0,0,0.000000,enabled
1782984506.894,2026-07-02 09:28:26.896,ibuf_merges_delete_mark,0,0,0.000000,enabled
1782984506.894,2026-07-02 09:28:26.896,ibuf_merges_discard_delete,0,0,0.000000,enabled
1782984506.894,2026-07-02 09:28:26.896,ibuf_merges_discard_delete_mark,0,0,0.000000,enabled
1782984506.894,2026-07-02 09:28:26.896,ibuf_merges_discard_insert,0,0,0.000000,enabled
1782984506.894,2026-07-02 09:28:26.896,ibuf_merges_insert,0,0,0.000000,enabled
1782984506.894,2026-07-02 09:28:26.896,ibuf_size,1,1,0.000480,enabled
1782984506.894,2026-07-02 09:28:26.896,innodb_activity_count,16799113,16799113,8063.102706,enabled
1782984506.894,2026-07-02 09:28:26.896,innodb_dblwr_pages_written,21937646,21937646,10529.454222,enabled
1782984506.894,2026-07-02 09:28:26.896,innodb_dblwr_writes,443408,443408,212.823392,enabled
1782984506.894,2026-07-02 09:28:26.896,innodb_page_size,16384,16384,0.000000,enabled
1782984506.894,2026-07-02 09:28:26.896,innodb_rwlock_sx_os_waits,0,0,0.000000,enabled
1782984506.894,2026-07-02 09:28:26.896,innodb_rwlock_sx_spin_rounds,0,0,0.000000,enabled
1782984506.894,2026-07-02 09:28:26.896,innodb_rwlock_sx_spin_waits,0,0,0.000000,enabled
1782984506.894,2026-07-02 09:28:26.896,innodb_rwlock_s_os_waits,0,0,0.000000,enabled
1782984506.894,2026-07-02 09:28:26.896,innodb_rwlock_s_spin_rounds,0,0,0.000000,enabled
1782984506.894,2026-07-02 09:28:26.896,innodb_rwlock_s_spin_waits,0,0,0.000000,enabled
1782984506.894,2026-07-02 09:28:26.896,innodb_rwlock_x_os_waits,0,0,0.000000,enabled
1782984506.894,2026-07-02 09:28:26.896,innodb_rwlock_x_spin_rounds,0,0,0.000000,enabled
1782984506.894,2026-07-02 09:28:26.896,innodb_rwlock_x_spin_waits,0,0,0.000000,enabled
1782984506.894,2026-07-02 09:28:26.896,lock_deadlocks,0,0,0.000000,enabled
1782984506.894,2026-07-02 09:28:26.896,lock_deadlock_false_positives,0,0,0.000000,enabled
1782984506.894,2026-07-02 09:28:26.896,lock_deadlock_rounds,2320,2320,1.113535,enabled
1782984506.894,2026-07-02 09:28:26.896,lock_rec_grant_attempts,425,425,0.203988,enabled
1782984506.894,2026-07-02 09:28:26.896,lock_rec_release_attempts,36747094,36747094,17637.577722,enabled
1782984506.894,2026-07-02 09:28:26.896,lock_row_lock_current_waits,0,0,0.000000,enabled
1782984506.894,2026-07-02 09:28:26.896,lock_row_lock_time,323,323,0.155031,enabled
1782984506.894,2026-07-02 09:28:26.896,lock_row_lock_time_avg,0,0,0.000000,enabled
1782984506.894,2026-07-02 09:28:26.896,lock_row_lock_time_max,29,29,0.000000,enabled
1782984506.894,2026-07-02 09:28:26.896,lock_row_lock_waits,425,425,0.203988,enabled
1782984506.894,2026-07-02 09:28:26.896,lock_schedule_refreshes,2320,2320,1.113535,enabled
1782984506.894,2026-07-02 09:28:26.896,lock_threads_waiting,0,0,0.000000,enabled
1782984506.894,2026-07-02 09:28:26.896,lock_timeouts,0,0,0.000000,enabled
1782984506.894,2026-07-02 09:28:26.896,log_waits,0,0,0.000000,enabled
1782984506.894,2026-07-02 09:28:26.896,log_writes,182468539,182468539,87579.782147,enabled
1782984506.894,2026-07-02 09:28:26.896,log_write_requests,390230848,390230848,187299.864795,enabled
1782984506.894,2026-07-02 09:28:26.896,os_data_fsyncs,47949991,47949991,23014.651968,enabled
1782984506.894,2026-07-02 09:28:26.896,os_data_reads,63693744,63693744,30571.212270,enabled
1782984506.894,2026-07-02 09:28:26.896,os_data_writes,205193713,205193713,98487.232140,enabled
1782984506.894,2026-07-02 09:28:26.896,os_log_bytes_written,117827082752,117827082752,56553697.692949,enabled
1782984506.894,2026-07-02 09:28:26.896,os_log_fsyncs,42104337,42104337,20208.901795,enabled
1782984506.894,2026-07-02 09:28:26.896,os_log_pending_fsyncs,1,1,0.000480,enabled
1782984506.894,2026-07-02 09:28:26.896,os_log_pending_writes,0,0,0.000000,enabled
1782984506.894,2026-07-02 09:28:26.896,trx_rseg_history_len,1157,1157,0.000000,enabled
1782984507.967,2026-07-02 09:28:27.968,adaptive_hash_searches,0,0,0.000000,enabled
1782984507.967,2026-07-02 09:28:27.968,adaptive_hash_searches_btree,561726000,561726000,269474.616204,enabled
1782984507.967,2026-07-02 09:28:27.968,buffer_data_reads,1039577221632,1039577221632,498712387.502652,enabled
1782984507.967,2026-07-02 09:28:27.968,buffer_data_written,512812418048,512812418048,246009531.346919,enabled
1782984507.967,2026-07-02 09:28:27.968,buffer_pages0_read,7,7,0.003358,enabled
1782984507.967,2026-07-02 09:28:27.968,buffer_pages_created,1806118,1806118,866.442059,enabled
1782984507.967,2026-07-02 09:28:27.968,buffer_pages_read,63629872,63629872,30524.914150,enabled
1782984507.967,2026-07-02 09:28:27.968,buffer_pages_written,22012780,22012780,10560.106459,enabled
1782984507.967,2026-07-02 09:28:27.968,buffer_pool_bytes_data,12853133312,12853133312,0.000000,enabled
1782984507.967,2026-07-02 09:28:27.968,buffer_pool_bytes_dirty,4670734336,4670734336,0.000000,enabled
1782984507.967,2026-07-02 09:28:27.968,buffer_pool_pages_data,784493,784493,0.000000,enabled
1782984507.967,2026-07-02 09:28:27.968,buffer_pool_pages_dirty,285079,285079,0.000000,enabled
1782984507.967,2026-07-02 09:28:27.968,buffer_pool_pages_flushed,21955710,21955710,0.000000,enabled
1782984507.967,2026-07-02 09:28:27.968,buffer_pool_pages_free,1843,1843,0.000000,enabled
1782984507.967,2026-07-02 09:28:27.968,buffer_pool_pages_lru_flushed,0,0,0.000000,enabled
1782984507.967,2026-07-02 09:28:27.968,buffer_pool_pages_misc,96,96,0.000000,enabled
1782984507.967,2026-07-02 09:28:27.968,buffer_pool_pages_total,786432,786432,0.000000,enabled
1782984507.967,2026-07-02 09:28:27.968,buffer_pool_reads,62745056,62745056,30100.446016,enabled
1782984507.967,2026-07-02 09:28:27.968,buffer_pool_read_ahead,803715,803715,385.563121,enabled
1782984507.967,2026-07-02 09:28:27.968,buffer_pool_read_ahead_evicted,25,25,0.011993,enabled
1782984507.967,2026-07-02 09:28:27.968,buffer_pool_read_requests,2700528772,2700528772,1295514.342855,enabled
1782984507.967,2026-07-02 09:28:27.968,buffer_pool_size,12884901888,12884901888,0.000000,enabled
1782984507.967,2026-07-02 09:28:27.968,buffer_pool_wait_free,18945,18945,9.088412,enabled
1782984507.967,2026-07-02 09:28:27.968,buffer_pool_write_requests,580937049,580937049,278690.709180,enabled
1782984507.967,2026-07-02 09:28:27.968,dml_deletes,12095198,12095198,5802.381827,enabled
1782984507.967,2026-07-02 09:28:27.968,dml_inserts,111980600,111980600,53720.013442,enabled
1782984507.967,2026-07-02 09:28:27.968,dml_system_deletes,468,468,0.224512,enabled
1782984507.967,2026-07-02 09:28:27.968,dml_system_inserts,1202,1202,0.576631,enabled
1782984507.967,2026-07-02 09:28:27.968,dml_system_reads,7661,7661,3.675181,enabled
1782984507.967,2026-07-02 09:28:27.968,dml_system_updates,620,620,0.297430,enabled
1782984507.967,2026-07-02 09:28:27.968,dml_updates,24190514,24190514,11604.820250,enabled
1782984507.967,2026-07-02 09:28:27.968,file_num_open_files,35,35,0.000000,enabled
1782984507.967,2026-07-02 09:28:27.968,ibuf_merges,0,0,0.000000,enabled
1782984507.967,2026-07-02 09:28:27.968,ibuf_merges_delete,0,0,0.000000,enabled
1782984507.967,2026-07-02 09:28:27.968,ibuf_merges_delete_mark,0,0,0.000000,enabled
1782984507.967,2026-07-02 09:28:27.968,ibuf_merges_discard_delete,0,0,0.000000,enabled
1782984507.967,2026-07-02 09:28:27.968,ibuf_merges_discard_delete_mark,0,0,0.000000,enabled
1782984507.967,2026-07-02 09:28:27.968,ibuf_merges_discard_insert,0,0,0.000000,enabled
1782984507.967,2026-07-02 09:28:27.968,ibuf_merges_insert,0,0,0.000000,enabled
1782984507.967,2026-07-02 09:28:27.968,ibuf_size,1,1,0.000480,enabled
1782984507.967,2026-07-02 09:28:27.968,innodb_activity_count,16804781,16804781,8061.691725,enabled
1782984507.967,2026-07-02 09:28:27.968,innodb_dblwr_pages_written,21953788,21953788,10531.804591,enabled
1782984507.967,2026-07-02 09:28:27.968,innodb_dblwr_writes,443796,443796,212.900514,enabled
1782984507.967,2026-07-02 09:28:27.968,innodb_page_size,16384,16384,0.000000,enabled
1782984507.967,2026-07-02 09:28:27.968,innodb_rwlock_sx_os_waits,0,0,0.000000,enabled
1782984507.967,2026-07-02 09:28:27.968,innodb_rwlock_sx_spin_rounds,0,0,0.000000,enabled
1782984507.967,2026-07-02 09:28:27.968,innodb_rwlock_sx_spin_waits,0,0,0.000000,enabled
1782984507.967,2026-07-02 09:28:27.968,innodb_rwlock_s_os_waits,0,0,0.000000,enabled
1782984507.967,2026-07-02 09:28:27.968,innodb_rwlock_s_spin_rounds,0,0,0.000000,enabled
1782984507.967,2026-07-02 09:28:27.968,innodb_rwlock_s_spin_waits,0,0,0.000000,enabled
1782984507.967,2026-07-02 09:28:27.968,innodb_rwlock_x_os_waits,0,0,0.000000,enabled
1782984507.967,2026-07-02 09:28:27.968,innodb_rwlock_x_spin_rounds,0,0,0.000000,enabled
1782984507.967,2026-07-02 09:28:27.968,innodb_rwlock_x_spin_waits,0,0,0.000000,enabled
1782984507.967,2026-07-02 09:28:27.968,lock_deadlocks,0,0,0.000000,enabled
1782984507.967,2026-07-02 09:28:27.968,lock_deadlock_false_positives,0,0,0.000000,enabled
1782984507.967,2026-07-02 09:28:27.968,lock_deadlock_rounds,2321,2321,1.113444,enabled
1782984507.967,2026-07-02 09:28:27.968,lock_rec_grant_attempts,425,425,0.203884,enabled
1782984507.967,2026-07-02 09:28:27.968,lock_rec_release_attempts,36762067,36762067,17635.726223,enabled
1782984507.967,2026-07-02 09:28:27.968,lock_row_lock_current_waits,0,0,0.000000,enabled
1782984507.967,2026-07-02 09:28:27.968,lock_row_lock_time,323,323,0.154952,enabled
1782984507.967,2026-07-02 09:28:27.968,lock_row_lock_time_avg,0,0,0.000000,enabled
1782984507.967,2026-07-02 09:28:27.968,lock_row_lock_time_max,29,29,0.000000,enabled
1782984507.967,2026-07-02 09:28:27.968,lock_row_lock_waits,425,425,0.203884,enabled
1782984507.967,2026-07-02 09:28:27.968,lock_schedule_refreshes,2321,2321,1.113444,enabled
1782984507.967,2026-07-02 09:28:27.968,lock_threads_waiting,0,0,0.000000,enabled
1782984507.967,2026-07-02 09:28:27.968,lock_timeouts,0,0,0.000000,enabled
1782984507.967,2026-07-02 09:28:27.968,log_waits,0,0,0.000000,enabled
1782984507.967,2026-07-02 09:28:27.968,log_writes,182549447,182549447,87573.735278,enabled
1782984507.967,2026-07-02 09:28:27.968,log_write_requests,390315046,390315046,187244.317131,enabled
1782984507.967,2026-07-02 09:28:27.968,os_data_fsyncs,47985438,47985438,23019.868243,enabled
1782984507.967,2026-07-02 09:28:27.968,os_data_reads,63751208,63751208,30583.120057,enabled
1782984507.967,2026-07-02 09:28:27.968,os_data_writes,205291033,205291033,98483.471922,enabled
1782984507.967,2026-07-02 09:28:27.968,os_log_bytes_written,117869590528,117869590528,56545121.824238,enabled
1782984507.967,2026-07-02 09:28:27.968,os_log_fsyncs,42134507,42134507,20213.023720,enabled
1782984507.967,2026-07-02 09:28:27.968,os_log_pending_fsyncs,1,1,0.000480,enabled
1782984507.967,2026-07-02 09:28:27.968,os_log_pending_writes,0,0,0.000000,enabled
1782984507.967,2026-07-02 09:28:27.968,trx_rseg_history_len,815,815,0.000000,enabled
1782984509.034,2026-07-02 09:28:29.036,adaptive_hash_searches,0,0,0.000000,enabled
1782984509.034,2026-07-02 09:28:29.036,adaptive_hash_searches_btree,561897248,561897248,269418.070934,enabled
1782984509.034,2026-07-02 09:28:29.036,buffer_data_reads,1040526543360,1040526543360,498910949.944921,enabled
1782984509.034,2026-07-02 09:28:29.036,buffer_data_written,513124750336,513124750336,246032700.281004,enabled
1782984509.034,2026-07-02 09:28:29.036,buffer_pages0_read,7,7,0.003356,enabled
1782984509.034,2026-07-02 09:28:29.036,buffer_pages_created,1806148,1806148,866.010606,enabled
1782984509.034,2026-07-02 09:28:29.036,buffer_pages_read,63687966,63687966,30537.062104,enabled
1782984509.034,2026-07-02 09:28:29.036,buffer_pages_written,22028896,22028896,10562.399930,enabled
1782984509.034,2026-07-02 09:28:29.036,buffer_pool_bytes_data,12850511872,12850511872,0.000000,enabled
1782984509.034,2026-07-02 09:28:29.036,buffer_pool_bytes_dirty,4673536000,4673536000,0.000000,enabled
1782984509.034,2026-07-02 09:28:29.036,buffer_pool_pages_data,784333,784333,0.000000,enabled
1782984509.034,2026-07-02 09:28:29.036,buffer_pool_pages_dirty,285250,285250,0.000000,enabled
1782984509.034,2026-07-02 09:28:29.036,buffer_pool_pages_flushed,21971826,21971826,0.000000,enabled
1782984509.034,2026-07-02 09:28:29.036,buffer_pool_pages_free,2003,2003,0.000000,enabled
1782984509.034,2026-07-02 09:28:29.036,buffer_pool_pages_lru_flushed,0,0,0.000000,enabled
1782984509.034,2026-07-02 09:28:29.036,buffer_pool_pages_misc,96,96,0.000000,enabled
1782984509.034,2026-07-02 09:28:29.036,buffer_pool_pages_total,786432,786432,0.000000,enabled
1782984509.034,2026-07-02 09:28:29.036,buffer_pool_reads,62803089,62803089,30112.783011,enabled
1782984509.034,2026-07-02 09:28:29.036,buffer_pool_read_ahead,803715,803715,385.364725,enabled
1782984509.034,2026-07-02 09:28:29.036,buffer_pool_read_ahead_evicted,25,25,0.011987,enabled
1782984509.034,2026-07-02 09:28:29.036,buffer_pool_read_requests,2701379838,2701379838,1295255.786167,enabled
1782984509.034,2026-07-02 09:28:29.036,buffer_pool_size,12884901888,12884901888,0.000000,enabled
1782984509.034,2026-07-02 09:28:29.036,buffer_pool_wait_free,18945,18945,9.083736,enabled
1782984509.034,2026-07-02 09:28:29.036,buffer_pool_write_requests,581055008,581055008,278603.863869,enabled
1782984509.034,2026-07-02 09:28:29.036,dml_deletes,12100134,12100134,5801.763004,enabled
1782984509.034,2026-07-02 09:28:29.036,dml_inserts,111985536,111985536,53694.739286,enabled
1782984509.034,2026-07-02 09:28:29.036,dml_system_deletes,468,468,0.224396,enabled
1782984509.034,2026-07-02 09:28:29.036,dml_system_inserts,1202,1202,0.576334,enabled
1782984509.034,2026-07-02 09:28:29.036,dml_system_reads,7661,7661,3.673290,enabled
1782984509.034,2026-07-02 09:28:29.036,dml_system_updates,620,620,0.297277,enabled
1782984509.034,2026-07-02 09:28:29.036,dml_updates,24200388,24200388,11603.583535,enabled
1782984509.034,2026-07-02 09:28:29.036,file_num_open_files,35,35,0.000000,enabled
1782984509.034,2026-07-02 09:28:29.036,ibuf_merges,0,0,0.000000,enabled
1782984509.034,2026-07-02 09:28:29.036,ibuf_merges_delete,0,0,0.000000,enabled
1782984509.034,2026-07-02 09:28:29.036,ibuf_merges_delete_mark,0,0,0.000000,enabled
1782984509.034,2026-07-02 09:28:29.036,ibuf_merges_discard_delete,0,0,0.000000,enabled
1782984509.034,2026-07-02 09:28:29.036,ibuf_merges_discard_delete_mark,0,0,0.000000,enabled
1782984509.034,2026-07-02 09:28:29.036,ibuf_merges_discard_insert,0,0,0.000000,enabled
1782984509.034,2026-07-02 09:28:29.036,ibuf_merges_insert,0,0,0.000000,enabled
1782984509.034,2026-07-02 09:28:29.036,ibuf_size,1,1,0.000479,enabled
1782984509.034,2026-07-02 09:28:29.036,innodb_activity_count,16810448,16810448,8060.260900,enabled
1782984509.034,2026-07-02 09:28:29.036,innodb_dblwr_pages_written,21969904,21969904,10534.112892,enabled
1782984509.034,2026-07-02 09:28:29.036,innodb_dblwr_writes,444171,444171,212.970774,enabled
1782984509.034,2026-07-02 09:28:29.036,innodb_page_size,16384,16384,0.000000,enabled
1782984509.034,2026-07-02 09:28:29.036,innodb_rwlock_sx_os_waits,0,0,0.000000,enabled
1782984509.034,2026-07-02 09:28:29.036,innodb_rwlock_sx_spin_rounds,0,0,0.000000,enabled
1782984509.034,2026-07-02 09:28:29.036,innodb_rwlock_sx_spin_waits,0,0,0.000000,enabled
1782984509.034,2026-07-02 09:28:29.036,innodb_rwlock_s_os_waits,0,0,0.000000,enabled
1782984509.034,2026-07-02 09:28:29.036,innodb_rwlock_s_spin_rounds,0,0,0.000000,enabled
1782984509.034,2026-07-02 09:28:29.036,innodb_rwlock_s_spin_waits,0,0,0.000000,enabled
1782984509.034,2026-07-02 09:28:29.036,innodb_rwlock_x_os_waits,0,0,0.000000,enabled
1782984509.034,2026-07-02 09:28:29.036,innodb_rwlock_x_spin_rounds,0,0,0.000000,enabled
1782984509.034,2026-07-02 09:28:29.036,innodb_rwlock_x_spin_waits,0,0,0.000000,enabled
1782984509.034,2026-07-02 09:28:29.036,lock_deadlocks,0,0,0.000000,enabled
1782984509.034,2026-07-02 09:28:29.036,lock_deadlock_false_positives,0,0,0.000000,enabled
1782984509.034,2026-07-02 09:28:29.036,lock_deadlock_rounds,2322,2322,1.113351,enabled
1782984509.034,2026-07-02 09:28:29.036,lock_rec_grant_attempts,425,425,0.203779,enabled
1782984509.034,2026-07-02 09:28:29.036,lock_rec_release_attempts,36777065,36777065,17633.842673,enabled
1782984509.034,2026-07-02 09:28:29.036,lock_row_lock_current_waits,0,0,0.000000,enabled
1782984509.034,2026-07-02 09:28:29.036,lock_row_lock_time,323,323,0.154872,enabled
1782984509.034,2026-07-02 09:28:29.036,lock_row_lock_time_avg,0,0,0.000000,enabled
1782984509.034,2026-07-02 09:28:29.036,lock_row_lock_time_max,29,29,0.000000,enabled
1782984509.034,2026-07-02 09:28:29.036,lock_row_lock_waits,425,425,0.203779,enabled
1782984509.034,2026-07-02 09:28:29.036,lock_schedule_refreshes,2322,2322,1.113351,enabled
1782984509.034,2026-07-02 09:28:29.036,lock_threads_waiting,0,0,0.000000,enabled
1782984509.034,2026-07-02 09:28:29.036,lock_timeouts,0,0,0.000000,enabled
1782984509.034,2026-07-02 09:28:29.036,log_waits,0,0,0.000000,enabled
1782984509.034,2026-07-02 09:28:29.036,log_writes,182629495,182629495,87567.056083,enabled
1782984509.034,2026-07-02 09:28:29.036,log_write_requests,390399580,390399580,187188.503922,enabled
1782984509.034,2026-07-02 09:28:29.036,os_data_fsyncs,48020605,48020605,23024.885097,enabled
1782984509.034,2026-07-02 09:28:29.036,os_data_reads,63809128,63809128,30595.154772,enabled
1782984509.034,2026-07-02 09:28:29.036,os_data_writes,205387506,205387506,98479.053504,enabled
1782984509.034,2026-07-02 09:28:29.036,os_log_bytes_written,117911656448,117911656448,56536195.993273,enabled
1782984509.034,2026-07-02 09:28:29.036,os_log_fsyncs,42164593,42164593,20217.048623,enabled
1782984509.034,2026-07-02 09:28:29.036,os_log_pending_fsyncs,0,0,0.000000,enabled
1782984509.034,2026-07-02 09:28:29.036,os_log_pending_writes,0,0,0.000000,enabled
1782984509.034,2026-07-02 09:28:29.036,trx_rseg_history_len,162,162,0.000000,enabled
1782984510.107,2026-07-02 09:28:30.109,adaptive_hash_searches,0,0,0.000000,enabled
1782984510.107,2026-07-02 09:28:30.109,adaptive_hash_searches_btree,562067252,562067252,269361.423631,enabled
1782984510.107,2026-07-02 09:28:30.109,buffer_data_reads,1041468164608,1041468164608,499106447.965550,enabled
1782984510.107,2026-07-02 09:28:30.109,buffer_data_written,513437600768,513437600768,246056505.285315,enabled
1782984510.107,2026-07-02 09:28:30.109,buffer_pages0_read,7,7,0.003355,enabled
1782984510.107,2026-07-02 09:28:30.109,buffer_pages_created,1806199,1806199,865.591101,enabled
1782984510.107,2026-07-02 09:28:30.109,buffer_pages_read,63745589,63745589,30549.022663,enabled
1782984510.107,2026-07-02 09:28:30.109,buffer_pages_written,22045024,22045024,10564.714373,enabled
1782984510.107,2026-07-02 09:28:30.109,buffer_pool_bytes_data,12851412992,12851412992,0.000000,enabled
1782984510.107,2026-07-02 09:28:30.109,buffer_pool_bytes_dirty,4676681728,4676681728,0.000000,enabled
1782984510.107,2026-07-02 09:28:30.109,buffer_pool_pages_data,784388,784388,0.000000,enabled
1782984510.107,2026-07-02 09:28:30.109,buffer_pool_pages_dirty,285442,285442,0.000000,enabled
1782984510.107,2026-07-02 09:28:30.109,buffer_pool_pages_flushed,21987908,21987908,0.000000,enabled
1782984510.107,2026-07-02 09:28:30.109,buffer_pool_pages_free,1947,1947,0.000000,enabled
1782984510.107,2026-07-02 09:28:30.109,buffer_pool_pages_lru_flushed,0,0,0.000000,enabled
1782984510.107,2026-07-02 09:28:30.109,buffer_pool_pages_misc,96,96,0.000000,enabled
1782984510.107,2026-07-02 09:28:30.109,buffer_pool_pages_total,786432,786432,0.000000,enabled
1782984510.107,2026-07-02 09:28:30.109,buffer_pool_reads,62860670,62860670,30124.940942,enabled
1782984510.107,2026-07-02 09:28:30.109,buffer_pool_read_ahead,803715,803715,385.167175,enabled
1782984510.107,2026-07-02 09:28:30.109,buffer_pool_read_ahead_evicted,25,25,0.011981,enabled
1782984510.107,2026-07-02 09:28:30.109,buffer_pool_read_requests,2702222783,2702222783,1294995.763195,enabled
1782984510.107,2026-07-02 09:28:30.109,buffer_pool_size,12884901888,12884901888,0.000000,enabled
1782984510.107,2026-07-02 09:28:30.109,buffer_pool_wait_free,18945,18945,9.079079,enabled
1782984510.107,2026-07-02 09:28:30.109,buffer_pool_write_requests,581170423,581170423,278516.353160,enabled
1782984510.107,2026-07-02 09:28:30.109,dml_deletes,12105044,12105044,5801.141711,enabled
1782984510.107,2026-07-02 09:28:30.109,dml_inserts,111990447,111990447,53669.565682,enabled
1782984510.107,2026-07-02 09:28:30.109,dml_system_deletes,468,468,0.224281,enabled
1782984510.107,2026-07-02 09:28:30.109,dml_system_inserts,1202,1202,0.576039,enabled
1782984510.107,2026-07-02 09:28:30.109,dml_system_reads,7661,7661,3.671407,enabled
1782984510.107,2026-07-02 09:28:30.109,dml_system_updates,620,620,0.297125,enabled
1782984510.107,2026-07-02 09:28:30.109,dml_updates,24210204,24210204,11602.339002,enabled
1782984510.107,2026-07-02 09:28:30.109,file_num_open_files,35,35,0.000000,enabled
1782984510.107,2026-07-02 09:28:30.109,ibuf_merges,0,0,0.000000,enabled
1782984510.107,2026-07-02 09:28:30.109,ibuf_merges_delete,0,0,0.000000,enabled
1782984510.107,2026-07-02 09:28:30.109,ibuf_merges_delete_mark,0,0,0.000000,enabled
1782984510.107,2026-07-02 09:28:30.109,ibuf_merges_discard_delete,0,0,0.000000,enabled
1782984510.107,2026-07-02 09:28:30.109,ibuf_merges_discard_delete_mark,0,0,0.000000,enabled
1782984510.107,2026-07-02 09:28:30.109,ibuf_merges_discard_insert,0,0,0.000000,enabled
1782984510.107,2026-07-02 09:28:30.109,ibuf_merges_insert,0,0,0.000000,enabled
1782984510.107,2026-07-02 09:28:30.109,ibuf_size,1,1,0.000479,enabled
1782984510.107,2026-07-02 09:28:30.109,innodb_activity_count,16816091,16816091,8058.833053,enabled
1782984510.107,2026-07-02 09:28:30.109,innodb_dblwr_pages_written,21986033,21986033,10536.442037,enabled
1782984510.107,2026-07-02 09:28:30.109,innodb_dblwr_writes,444517,444517,213.027407,enabled
1782984510.107,2026-07-02 09:28:30.109,innodb_page_size,16384,16384,0.000000,enabled
1782984510.107,2026-07-02 09:28:30.109,innodb_rwlock_sx_os_waits,0,0,0.000000,enabled
1782984510.107,2026-07-02 09:28:30.109,innodb_rwlock_sx_spin_rounds,0,0,0.000000,enabled
1782984510.107,2026-07-02 09:28:30.109,innodb_rwlock_sx_spin_waits,0,0,0.000000,enabled
1782984510.107,2026-07-02 09:28:30.109,innodb_rwlock_s_os_waits,0,0,0.000000,enabled
1782984510.107,2026-07-02 09:28:30.109,innodb_rwlock_s_spin_rounds,0,0,0.000000,enabled
1782984510.107,2026-07-02 09:28:30.109,innodb_rwlock_s_spin_waits,0,0,0.000000,enabled
1782984510.107,2026-07-02 09:28:30.109,innodb_rwlock_x_os_waits,0,0,0.000000,enabled
1782984510.107,2026-07-02 09:28:30.109,innodb_rwlock_x_spin_rounds,0,0,0.000000,enabled
1782984510.107,2026-07-02 09:28:30.109,innodb_rwlock_x_spin_waits,0,0,0.000000,enabled
1782984510.107,2026-07-02 09:28:30.109,lock_deadlocks,0,0,0.000000,enabled
1782984510.107,2026-07-02 09:28:30.109,lock_deadlock_false_positives,0,0,0.000000,enabled
1782984510.107,2026-07-02 09:28:30.109,lock_deadlock_rounds,2323,2323,1.113260,enabled
1782984510.107,2026-07-02 09:28:30.109,lock_rec_grant_attempts,425,425,0.203674,enabled
1782984510.107,2026-07-02 09:28:30.109,lock_rec_release_attempts,36791995,36791995,17631.957934,enabled
1782984510.107,2026-07-02 09:28:30.109,lock_row_lock_current_waits,0,0,0.000000,enabled
1782984510.107,2026-07-02 09:28:30.109,lock_row_lock_time,323,323,0.154792,enabled
1782984510.107,2026-07-02 09:28:30.109,lock_row_lock_time_avg,0,0,0.000000,enabled
1782984510.107,2026-07-02 09:28:30.109,lock_row_lock_time_max,29,29,0.000000,enabled
1782984510.107,2026-07-02 09:28:30.109,lock_row_lock_waits,425,425,0.203674,enabled
1782984510.107,2026-07-02 09:28:30.109,lock_schedule_refreshes,2323,2323,1.113259,enabled
1782984510.107,2026-07-02 09:28:30.109,lock_threads_waiting,0,0,0.000000,enabled
1782984510.107,2026-07-02 09:28:30.109,lock_timeouts,0,0,0.000000,enabled
1782984510.107,2026-07-02 09:28:30.109,log_waits,0,0,0.000000,enabled
1782984510.107,2026-07-02 09:28:30.109,log_writes,182710132,182710132,87560.809115,enabled
1782984510.107,2026-07-02 09:28:30.109,log_write_requests,390482965,390482965,187132.503349,enabled
1782984510.107,2026-07-02 09:28:30.109,os_data_fsyncs,48055492,48055492,23029.800652,enabled
1782984510.107,2026-07-02 09:28:30.109,os_data_reads,63866587,63866587,30607.006784,enabled
1782984510.107,2026-07-02 09:28:30.109,os_data_writes,205484540,205484540,98475.071214,enabled
1782984510.107,2026-07-02 09:28:30.109,os_log_bytes_written,117953931264,117953931264,56527472.798625,enabled
1782984510.107,2026-07-02 09:28:30.109,os_log_fsyncs,42194555,42194555,20221.043354,enabled
1782984510.107,2026-07-02 09:28:30.109,os_log_pending_fsyncs,1,1,0.000479,enabled
1782984510.107,2026-07-02 09:28:30.109,os_log_pending_writes,1,1,0.000479,enabled
1782984510.107,2026-07-02 09:28:30.109,trx_rseg_history_len,252,252,0.000000,enabled
1782984511.177,2026-07-02 09:28:31.179,adaptive_hash_searches,0,0,0.000000,enabled
1782984511.177,2026-07-02 09:28:31.179,adaptive_hash_searches_btree,562233310,562233310,269302.673056,enabled
1782984511.177,2026-07-02 09:28:31.179,buffer_data_reads,1042385504768,1042385504768,499289587.225964,enabled
1782984511.177,2026-07-02 09:28:31.179,buffer_data_written,513742942720,513742942720,246076428.027429,enabled
1782984511.177,2026-07-02 09:28:31.179,buffer_pages0_read,7,7,0.003353,enabled
1782984511.177,2026-07-02 09:28:31.179,buffer_pages_created,1806243,1806243,865.167758,enabled
1782984511.177,2026-07-02 09:28:31.179,buffer_pages_read,63801734,63801734,30560.230685,enabled
1782984511.177,2026-07-02 09:28:31.179,buffer_pages_written,22060746,22060746,10566.820789,enabled
1782984511.177,2026-07-02 09:28:31.179,buffer_pool_bytes_data,12851445760,12851445760,0.000000,enabled
1782984511.177,2026-07-02 09:28:31.179,buffer_pool_bytes_dirty,4681842688,4681842688,0.000000,enabled
1782984511.177,2026-07-02 09:28:31.179,buffer_pool_pages_data,784391,784391,0.000000,enabled
1782984511.177,2026-07-02 09:28:31.179,buffer_pool_pages_dirty,285757,285757,0.000000,enabled
1782984511.177,2026-07-02 09:28:31.179,buffer_pool_pages_flushed,22003676,22003676,0.000000,enabled
1782984511.177,2026-07-02 09:28:31.179,buffer_pool_pages_free,1945,1945,0.000000,enabled
1782984511.177,2026-07-02 09:28:31.179,buffer_pool_pages_lru_flushed,0,0,0.000000,enabled
1782984511.177,2026-07-02 09:28:31.179,buffer_pool_pages_misc,96,96,0.000000,enabled
1782984511.177,2026-07-02 09:28:31.179,buffer_pool_pages_total,786432,786432,0.000000,enabled
1782984511.177,2026-07-02 09:28:31.179,buffer_pool_reads,62916749,62916749,30136.335026,enabled
1782984511.177,2026-07-02 09:28:31.179,buffer_pool_read_ahead,803715,803715,384.969418,enabled
1782984511.177,2026-07-02 09:28:31.179,buffer_pool_read_ahead_evicted,25,25,0.011975,enabled
1782984511.177,2026-07-02 09:28:31.179,buffer_pool_read_requests,2703046235,2703046235,1294725.296478,enabled
1782984511.177,2026-07-02 09:28:31.179,buffer_pool_size,12884901888,12884901888,0.000000,enabled
1782984511.177,2026-07-02 09:28:31.179,buffer_pool_wait_free,18945,18945,9.074418,enabled
1782984511.177,2026-07-02 09:28:31.179,buffer_pool_write_requests,581283403,581283403,278427.470431,enabled
1782984511.177,2026-07-02 09:28:31.179,dml_deletes,12109831,12109831,5800.456312,enabled
1782984511.177,2026-07-02 09:28:31.179,dml_inserts,111995233,111995233,53644.304105,enabled
1782984511.177,2026-07-02 09:28:31.179,dml_system_deletes,468,468,0.224166,enabled
1782984511.177,2026-07-02 09:28:31.179,dml_system_inserts,1202,1202,0.575743,enabled
1782984511.177,2026-07-02 09:28:31.179,dml_system_reads,7661,7661,3.669522,enabled
1782984511.177,2026-07-02 09:28:31.179,dml_system_updates,620,620,0.296972,enabled
1782984511.177,2026-07-02 09:28:31.179,dml_updates,24219776,24219776,11600.967218,enabled
1782984511.177,2026-07-02 09:28:31.179,file_num_open_files,35,35,0.000000,enabled
1782984511.177,2026-07-02 09:28:31.179,ibuf_merges,0,0,0.000000,enabled
1782984511.177,2026-07-02 09:28:31.179,ibuf_merges_delete,0,0,0.000000,enabled
1782984511.177,2026-07-02 09:28:31.179,ibuf_merges_delete_mark,0,0,0.000000,enabled
1782984511.177,2026-07-02 09:28:31.179,ibuf_merges_discard_delete,0,0,0.000000,enabled
1782984511.177,2026-07-02 09:28:31.179,ibuf_merges_discard_delete_mark,0,0,0.000000,enabled
1782984511.177,2026-07-02 09:28:31.179,ibuf_merges_discard_insert,0,0,0.000000,enabled
1782984511.177,2026-07-02 09:28:31.179,ibuf_merges_insert,0,0,0.000000,enabled
1782984511.177,2026-07-02 09:28:31.179,ibuf_size,1,1,0.000479,enabled
1782984511.177,2026-07-02 09:28:31.179,innodb_activity_count,16821591,16821591,8057.330074,enabled
1782984511.177,2026-07-02 09:28:31.179,innodb_dblwr_pages_written,22001754,22001754,10538.562782,enabled
1782984511.177,2026-07-02 09:28:31.179,innodb_dblwr_writes,444900,444900,213.101491,enabled
1782984511.177,2026-07-02 09:28:31.179,innodb_page_size,16384,16384,0.000000,enabled
1782984511.177,2026-07-02 09:28:31.179,innodb_rwlock_sx_os_waits,0,0,0.000000,enabled
1782984511.177,2026-07-02 09:28:31.179,innodb_rwlock_sx_spin_rounds,0,0,0.000000,enabled
1782984511.177,2026-07-02 09:28:31.179,innodb_rwlock_sx_spin_waits,0,0,0.000000,enabled
1782984511.177,2026-07-02 09:28:31.179,innodb_rwlock_s_os_waits,0,0,0.000000,enabled
1782984511.177,2026-07-02 09:28:31.179,innodb_rwlock_s_spin_rounds,0,0,0.000000,enabled
1782984511.177,2026-07-02 09:28:31.179,innodb_rwlock_s_spin_waits,0,0,0.000000,enabled
1782984511.177,2026-07-02 09:28:31.179,innodb_rwlock_x_os_waits,0,0,0.000000,enabled
1782984511.177,2026-07-02 09:28:31.179,innodb_rwlock_x_spin_rounds,0,0,0.000000,enabled
1782984511.177,2026-07-02 09:28:31.179,innodb_rwlock_x_spin_waits,0,0,0.000000,enabled
1782984511.177,2026-07-02 09:28:31.179,lock_deadlocks,0,0,0.000000,enabled
1782984511.177,2026-07-02 09:28:31.179,lock_deadlock_false_positives,0,0,0.000000,enabled
1782984511.177,2026-07-02 09:28:31.179,lock_deadlock_rounds,2325,2325,1.113646,enabled
1782984511.177,2026-07-02 09:28:31.179,lock_rec_grant_attempts,425,425,0.203570,enabled
1782984511.177,2026-07-02 09:28:31.179,lock_rec_release_attempts,36806550,36806550,17629.876811,enabled
1782984511.177,2026-07-02 09:28:31.179,lock_row_lock_current_waits,0,0,0.000000,enabled
1782984511.177,2026-07-02 09:28:31.179,lock_row_lock_time,323,323,0.154713,enabled
1782984511.177,2026-07-02 09:28:31.179,lock_row_lock_time_avg,0,0,0.000000,enabled
1782984511.177,2026-07-02 09:28:31.179,lock_row_lock_time_max,29,29,0.000000,enabled
1782984511.177,2026-07-02 09:28:31.179,lock_row_lock_waits,425,425,0.203570,enabled
1782984511.177,2026-07-02 09:28:31.179,lock_schedule_refreshes,2325,2325,1.113646,enabled
1782984511.177,2026-07-02 09:28:31.179,lock_threads_waiting,0,0,0.000000,enabled
1782984511.177,2026-07-02 09:28:31.179,lock_timeouts,0,0,0.000000,enabled
1782984511.177,2026-07-02 09:28:31.179,log_waits,0,0,0.000000,enabled
1782984511.177,2026-07-02 09:28:31.179,log_writes,182789271,182789271,87553.761375,enabled
1782984511.177,2026-07-02 09:28:31.179,log_write_requests,390564441,390564441,187075.454163,enabled
1782984511.177,2026-07-02 09:28:31.179,os_data_fsyncs,48087546,48087546,23033.330261,enabled
1782984511.177,2026-07-02 09:28:31.179,os_data_reads,63922589,63922589,30618.116913,enabled
1782984511.177,2026-07-02 09:28:31.179,os_data_writes,205579725,205579725,98470.104999,enabled
1782984511.177,2026-07-02 09:28:31.179,os_log_bytes_written,117995518464,117995518464,56518370.489910,enabled
1782984511.177,2026-07-02 09:28:31.179,os_log_fsyncs,42221736,42221736,20223.680928,enabled
1782984511.177,2026-07-02 09:28:31.179,os_log_pending_fsyncs,1,1,0.000479,enabled
1782984511.177,2026-07-02 09:28:31.179,os_log_pending_writes,0,0,0.000000,enabled
1782984511.177,2026-07-02 09:28:31.179,trx_rseg_history_len,209,209,0.000000,enabled
1782984512.249,2026-07-02 09:28:32.250,adaptive_hash_searches,0,0,0.000000,enabled
1782984512.249,2026-07-02 09:28:32.250,adaptive_hash_searches_btree,562398688,562398688,269243.743202,enabled
1782984512.249,2026-07-02 09:28:32.250,buffer_data_reads,1043297536512,1043297536512,499470179.321016,enabled
1782984512.249,2026-07-02 09:28:32.250,buffer_data_written,514047799296,514047799296,246096187.651319,enabled
1782984512.249,2026-07-02 09:28:32.250,buffer_pages0_read,7,7,0.003351,enabled
1782984512.249,2026-07-02 09:28:32.250,buffer_pages_created,1806285,1806285,864.744207,enabled
1782984512.249,2026-07-02 09:28:32.250,buffer_pages_read,63857556,63857556,30571.283742,enabled
1782984512.249,2026-07-02 09:28:32.250,buffer_pages_written,22076467,22076467,10568.928429,enabled
1782984512.249,2026-07-02 09:28:32.250,buffer_pool_bytes_data,12855214080,12855214080,0.000000,enabled
1782984512.249,2026-07-02 09:28:32.250,buffer_pool_bytes_dirty,4683153408,4683153408,0.000000,enabled
1782984512.249,2026-07-02 09:28:32.250,buffer_pool_pages_data,784620,784620,0.000000,enabled
1782984512.249,2026-07-02 09:28:32.250,buffer_pool_pages_dirty,285836,285836,0.000000,enabled
1782984512.249,2026-07-02 09:28:32.250,buffer_pool_pages_flushed,22019397,22019397,0.000000,enabled
1782984512.249,2026-07-02 09:28:32.250,buffer_pool_pages_free,1715,1715,0.000000,enabled
1782984512.249,2026-07-02 09:28:32.250,buffer_pool_pages_lru_flushed,0,0,0.000000,enabled
1782984512.249,2026-07-02 09:28:32.250,buffer_pool_pages_misc,96,96,0.000000,enabled
1782984512.249,2026-07-02 09:28:32.250,buffer_pool_pages_total,786432,786432,0.000000,enabled
1782984512.249,2026-07-02 09:28:32.250,buffer_pool_reads,62972526,62972526,30147.583982,enabled
1782984512.249,2026-07-02 09:28:32.250,buffer_pool_read_ahead,803715,803715,384.772007,enabled
1782984512.249,2026-07-02 09:28:32.250,buffer_pool_read_ahead_evicted,25,25,0.011969,enabled
1782984512.249,2026-07-02 09:28:32.250,buffer_pool_read_requests,2703865548,2703865548,1294453.604283,enabled
1782984512.249,2026-07-02 09:28:32.250,buffer_pool_size,12884901888,12884901888,0.000000,enabled
1782984512.249,2026-07-02 09:28:32.250,buffer_pool_wait_free,18945,18945,9.069764,enabled
1782984512.249,2026-07-02 09:28:32.250,buffer_pool_write_requests,581395042,581395042,278338.139854,enabled
1782984512.249,2026-07-02 09:28:32.250,dml_deletes,12114610,12114610,5799.769651,enabled
1782984512.249,2026-07-02 09:28:32.250,dml_inserts,112000010,112000010,53619.081378,enabled
1782984512.249,2026-07-02 09:28:32.250,dml_system_deletes,468,468,0.224051,enabled
1782984512.249,2026-07-02 09:28:32.250,dml_system_inserts,1202,1202,0.575448,enabled
1782984512.249,2026-07-02 09:28:32.250,dml_system_reads,7661,7661,3.667641,enabled
1782984512.249,2026-07-02 09:28:32.250,dml_system_updates,620,620,0.296820,enabled
1782984512.249,2026-07-02 09:28:32.250,dml_updates,24229336,24229336,11599.594823,enabled
1782984512.249,2026-07-02 09:28:32.250,file_num_open_files,35,35,0.000000,enabled
1782984512.249,2026-07-02 09:28:32.250,ibuf_merges,0,0,0.000000,enabled
1782984512.249,2026-07-02 09:28:32.250,ibuf_merges_delete,0,0,0.000000,enabled
1782984512.249,2026-07-02 09:28:32.250,ibuf_merges_delete_mark,0,0,0.000000,enabled
1782984512.249,2026-07-02 09:28:32.250,ibuf_merges_discard_delete,0,0,0.000000,enabled
1782984512.249,2026-07-02 09:28:32.250,ibuf_merges_discard_delete_mark,0,0,0.000000,enabled
1782984512.249,2026-07-02 09:28:32.250,ibuf_merges_discard_insert,0,0,0.000000,enabled
1782984512.249,2026-07-02 09:28:32.250,ibuf_merges_insert,0,0,0.000000,enabled
1782984512.249,2026-07-02 09:28:32.250,ibuf_size,1,1,0.000479,enabled
1782984512.249,2026-07-02 09:28:32.250,innodb_activity_count,16827083,16827083,8055.827384,enabled
1782984512.249,2026-07-02 09:28:32.250,innodb_dblwr_pages_written,22017475,22017475,10540.684725,enabled
1782984512.249,2026-07-02 09:28:32.250,innodb_dblwr_writes,445234,445234,213.152109,enabled
1782984512.249,2026-07-02 09:28:32.250,innodb_page_size,16384,16384,0.000000,enabled
1782984512.249,2026-07-02 09:28:32.250,innodb_rwlock_sx_os_waits,0,0,0.000000,enabled
1782984512.249,2026-07-02 09:28:32.250,innodb_rwlock_sx_spin_rounds,0,0,0.000000,enabled
1782984512.249,2026-07-02 09:28:32.250,innodb_rwlock_sx_spin_waits,0,0,0.000000,enabled
1782984512.249,2026-07-02 09:28:32.250,innodb_rwlock_s_os_waits,0,0,0.000000,enabled
1782984512.249,2026-07-02 09:28:32.250,innodb_rwlock_s_spin_rounds,0,0,0.000000,enabled
1782984512.249,2026-07-02 09:28:32.250,innodb_rwlock_s_spin_waits,0,0,0.000000,enabled
1782984512.249,2026-07-02 09:28:32.250,innodb_rwlock_x_os_waits,0,0,0.000000,enabled
1782984512.249,2026-07-02 09:28:32.250,innodb_rwlock_x_spin_rounds,0,0,0.000000,enabled
1782984512.249,2026-07-02 09:28:32.250,innodb_rwlock_x_spin_waits,0,0,0.000000,enabled
1782984512.249,2026-07-02 09:28:32.250,lock_deadlocks,0,0,0.000000,enabled
1782984512.249,2026-07-02 09:28:32.250,lock_deadlock_false_positives,0,0,0.000000,enabled
1782984512.249,2026-07-02 09:28:32.250,lock_deadlock_rounds,2326,2326,1.113554,enabled
1782984512.249,2026-07-02 09:28:32.250,lock_rec_grant_attempts,425,425,0.203465,enabled
1782984512.249,2026-07-02 09:28:32.250,lock_rec_release_attempts,36821065,36821065,17627.785226,enabled
1782984512.249,2026-07-02 09:28:32.250,lock_row_lock_current_waits,0,0,0.000000,enabled
1782984512.249,2026-07-02 09:28:32.250,lock_row_lock_time,323,323,0.154634,enabled
1782984512.249,2026-07-02 09:28:32.250,lock_row_lock_time_avg,0,0,0.000000,enabled
1782984512.249,2026-07-02 09:28:32.250,lock_row_lock_time_max,29,29,0.000000,enabled
1782984512.249,2026-07-02 09:28:32.250,lock_row_lock_waits,425,425,0.203465,enabled
1782984512.249,2026-07-02 09:28:32.250,lock_schedule_refreshes,2326,2326,1.113554,enabled
1782984512.249,2026-07-02 09:28:32.250,lock_threads_waiting,0,0,0.000000,enabled
1782984512.249,2026-07-02 09:28:32.250,lock_timeouts,0,0,0.000000,enabled
1782984512.249,2026-07-02 09:28:32.250,log_waits,0,0,0.000000,enabled
1782984512.249,2026-07-02 09:28:32.250,log_writes,182868063,182868063,87546.583587,enabled
1782984512.249,2026-07-02 09:28:32.250,log_write_requests,390645673,390645673,187018.408384,enabled
1782984512.249,2026-07-02 09:28:32.250,os_data_fsyncs,48118674,48118674,23036.420827,enabled
1782984512.249,2026-07-02 09:28:32.250,os_data_reads,63978242,63978242,30629.059077,enabled
1782984512.249,2026-07-02 09:28:32.250,os_data_writes,205674489,205674489,98464.976100,enabled
1782984512.249,2026-07-02 09:28:32.250,os_log_bytes_written,118036688384,118036688384,56509097.093526,enabled
1782984512.249,2026-07-02 09:28:32.250,os_log_fsyncs,42248195,42248195,20225.977061,enabled
1782984512.249,2026-07-02 09:28:32.250,os_log_pending_fsyncs,1,1,0.000479,enabled
1782984512.249,2026-07-02 09:28:32.250,os_log_pending_writes,1,1,0.000479,enabled
1782984512.249,2026-07-02 09:28:32.250,trx_rseg_history_len,177,177,0.000000,enabled
1782984513.320,2026-07-02 09:28:33.322,adaptive_hash_searches,0,0,0.000000,enabled
1782984513.320,2026-07-02 09:28:33.322,adaptive_hash_searches_btree,562571530,562571530,269188.191392,enabled
1782984513.320,2026-07-02 09:28:33.322,buffer_data_reads,1044254755328,1044254755328,499671730.372184,enabled
1782984513.320,2026-07-02 09:28:33.322,buffer_data_written,514362533888,514362533888,246120418.191057,enabled
1782984513.320,2026-07-02 09:28:33.322,buffer_pages0_read,7,7,0.003349,enabled
1782984513.320,2026-07-02 09:28:33.322,buffer_pages_created,1806335,1806335,864.324093,enabled
1782984513.320,2026-07-02 09:28:33.322,buffer_pages_read,63916159,63916159,30583.626912,enabled
1782984513.320,2026-07-02 09:28:33.322,buffer_pages_written,22092701,22092701,10571.269273,enabled
1782984513.320,2026-07-02 09:28:33.322,buffer_pool_bytes_data,12852428800,12852428800,0.000000,enabled
1782984513.320,2026-07-02 09:28:33.322,buffer_pool_bytes_dirty,4691099648,4691099648,0.000000,enabled
1782984513.320,2026-07-02 09:28:33.322,buffer_pool_pages_data,784450,784450,0.000000,enabled
1782984513.320,2026-07-02 09:28:33.322,buffer_pool_pages_dirty,286322,286322,0.000000,enabled
1782984513.320,2026-07-02 09:28:33.322,buffer_pool_pages_flushed,22035631,22035631,0.000000,enabled
1782984513.320,2026-07-02 09:28:33.322,buffer_pool_pages_free,1886,1886,0.000000,enabled
1782984513.320,2026-07-02 09:28:33.322,buffer_pool_pages_lru_flushed,0,0,0.000000,enabled
1782984513.320,2026-07-02 09:28:33.322,buffer_pool_pages_misc,96,96,0.000000,enabled
1782984513.320,2026-07-02 09:28:33.322,buffer_pool_pages_total,786432,786432,0.000000,enabled
1782984513.320,2026-07-02 09:28:33.322,buffer_pool_reads,63031073,63031073,30160.117978,enabled
1782984513.320,2026-07-02 09:28:33.322,buffer_pool_read_ahead,803715,803715,384.574430,enabled
1782984513.320,2026-07-02 09:28:33.322,buffer_pool_read_ahead_evicted,25,25,0.011962,enabled
1782984513.320,2026-07-02 09:28:33.322,buffer_pool_read_requests,2704722191,2704722191,1294198.813766,enabled
1782984513.320,2026-07-02 09:28:33.322,buffer_pool_size,12884901888,12884901888,0.000000,enabled
1782984513.320,2026-07-02 09:28:33.322,buffer_pool_wait_free,18945,18945,9.065107,enabled
1782984513.320,2026-07-02 09:28:33.322,buffer_pool_write_requests,581512723,581512723,278251.525434,enabled
1782984513.320,2026-07-02 09:28:33.322,dml_deletes,12119598,12119598,5799.178209,enabled
1782984513.320,2026-07-02 09:28:33.322,dml_inserts,112005000,112005000,53593.935703,enabled
1782984513.320,2026-07-02 09:28:33.322,dml_system_deletes,468,468,0.223936,enabled
1782984513.320,2026-07-02 09:28:33.322,dml_system_inserts,1202,1202,0.575152,enabled
1782984513.320,2026-07-02 09:28:33.322,dml_system_reads,7661,7661,3.665757,enabled
1782984513.320,2026-07-02 09:28:33.322,dml_system_updates,620,620,0.296667,enabled
1782984513.320,2026-07-02 09:28:33.322,dml_updates,24239313,24239313,11598.412389,enabled
1782984513.320,2026-07-02 09:28:33.322,file_num_open_files,35,35,0.000000,enabled
1782984513.320,2026-07-02 09:28:33.322,ibuf_merges,0,0,0.000000,enabled
1782984513.320,2026-07-02 09:28:33.322,ibuf_merges_delete,0,0,0.000000,enabled
1782984513.320,2026-07-02 09:28:33.322,ibuf_merges_delete_mark,0,0,0.000000,enabled
1782984513.320,2026-07-02 09:28:33.322,ibuf_merges_discard_delete,0,0,0.000000,enabled
1782984513.320,2026-07-02 09:28:33.322,ibuf_merges_discard_delete_mark,0,0,0.000000,enabled
1782984513.320,2026-07-02 09:28:33.322,ibuf_merges_discard_insert,0,0,0.000000,enabled
1782984513.320,2026-07-02 09:28:33.322,ibuf_merges_insert,0,0,0.000000,enabled
1782984513.320,2026-07-02 09:28:33.322,ibuf_size,1,1,0.000478,enabled
1782984513.320,2026-07-02 09:28:33.322,innodb_activity_count,16832812,16832812,8054.432036,enabled
1782984513.320,2026-07-02 09:28:33.322,innodb_dblwr_pages_written,22033709,22033709,10543.039999,enabled
1782984513.320,2026-07-02 09:28:33.322,innodb_dblwr_writes,445605,445605,213.220177,enabled
1782984513.320,2026-07-02 09:28:33.322,innodb_page_size,16384,16384,0.000000,enabled
1782984513.320,2026-07-02 09:28:33.322,innodb_rwlock_sx_os_waits,0,0,0.000000,enabled
1782984513.320,2026-07-02 09:28:33.322,innodb_rwlock_sx_spin_rounds,0,0,0.000000,enabled
1782984513.320,2026-07-02 09:28:33.322,innodb_rwlock_sx_spin_waits,0,0,0.000000,enabled
1782984513.320,2026-07-02 09:28:33.322,innodb_rwlock_s_os_waits,0,0,0.000000,enabled
1782984513.320,2026-07-02 09:28:33.322,innodb_rwlock_s_spin_rounds,0,0,0.000000,enabled
1782984513.320,2026-07-02 09:28:33.322,innodb_rwlock_s_spin_waits,0,0,0.000000,enabled
1782984513.320,2026-07-02 09:28:33.322,innodb_rwlock_x_os_waits,0,0,0.000000,enabled
1782984513.320,2026-07-02 09:28:33.322,innodb_rwlock_x_spin_rounds,0,0,0.000000,enabled
1782984513.320,2026-07-02 09:28:33.322,innodb_rwlock_x_spin_waits,0,0,0.000000,enabled
1782984513.320,2026-07-02 09:28:33.322,lock_deadlocks,0,0,0.000000,enabled
1782984513.320,2026-07-02 09:28:33.322,lock_deadlock_false_positives,0,0,0.000000,enabled
1782984513.320,2026-07-02 09:28:33.322,lock_deadlock_rounds,2327,2327,1.113460,enabled
1782984513.320,2026-07-02 09:28:33.322,lock_rec_grant_attempts,425,425,0.203361,enabled
1782984513.320,2026-07-02 09:28:33.322,lock_rec_release_attempts,36836228,36836228,17625.988972,enabled
1782984513.320,2026-07-02 09:28:33.322,lock_row_lock_current_waits,0,0,0.000000,enabled
1782984513.320,2026-07-02 09:28:33.322,lock_row_lock_time,323,323,0.154554,enabled
1782984513.320,2026-07-02 09:28:33.322,lock_row_lock_time_avg,0,0,0.000000,enabled
1782984513.320,2026-07-02 09:28:33.322,lock_row_lock_time_max,29,29,0.000000,enabled
1782984513.320,2026-07-02 09:28:33.322,lock_row_lock_waits,425,425,0.203361,enabled
1782984513.320,2026-07-02 09:28:33.322,lock_schedule_refreshes,2327,2327,1.113460,enabled
1782984513.320,2026-07-02 09:28:33.322,lock_threads_waiting,0,0,0.000000,enabled
1782984513.320,2026-07-02 09:28:33.322,lock_timeouts,0,0,0.000000,enabled
1782984513.320,2026-07-02 09:28:33.322,log_waits,0,0,0.000000,enabled
1782984513.320,2026-07-02 09:28:33.322,log_writes,182948346,182948346,87540.043476,enabled
1782984513.320,2026-07-02 09:28:33.322,log_write_requests,390730342,390730342,186962.888169,enabled
1782984513.320,2026-07-02 09:28:33.322,os_data_fsyncs,48154298,48154298,23041.637592,enabled
1782984513.320,2026-07-02 09:28:33.322,os_data_reads,64036670,64036670,30641.288659,enabled
1782984513.320,2026-07-02 09:28:33.322,os_data_writes,205771282,205771282,98460.729525,enabled
1782984513.320,2026-07-02 09:28:33.322,os_log_bytes_written,118079028224,118079028224,56500339.171483,enabled
1782984513.320,2026-07-02 09:28:33.322,os_log_fsyncs,42278724,42278724,20230.199044,enabled
1782984513.320,2026-07-02 09:28:33.322,os_log_pending_fsyncs,1,1,0.000478,enabled
1782984513.320,2026-07-02 09:28:33.322,os_log_pending_writes,0,0,0.000000,enabled
1782984513.320,2026-07-02 09:28:33.322,trx_rseg_history_len,321,321,0.000000,enabled
1782984514.394,2026-07-02 09:28:34.395,adaptive_hash_searches,0,0,0.000000,enabled
1782984514.394,2026-07-02 09:28:34.395,adaptive_hash_searches_btree,562739222,562739222,269130.577492,enabled
1782984514.394,2026-07-02 09:28:34.395,buffer_data_reads,1045182941696,1045182941696,499859813.566344,enabled
1782984514.394,2026-07-02 09:28:34.395,buffer_data_written,514724062208,514724062208,246167310.354542,enabled
1782984514.394,2026-07-02 09:28:34.395,buffer_pages0_read,7,7,0.003348,enabled
1782984514.394,2026-07-02 09:28:34.395,buffer_pages_created,1806379,1806379,863.902617,enabled
1782984514.394,2026-07-02 09:28:34.395,buffer_pages_read,63972974,63972974,30595.140473,enabled
1782984514.394,2026-07-02 09:28:34.395,buffer_pages_written,22111786,22111786,10574.984386,enabled
1782984514.394,2026-07-02 09:28:34.395,buffer_pool_bytes_data,12847759360,12847759360,0.000000,enabled
1782984514.394,2026-07-02 09:28:34.395,buffer_pool_bytes_dirty,4645699584,4645699584,0.000000,enabled
1782984514.394,2026-07-02 09:28:34.395,buffer_pool_pages_data,784165,784165,0.000000,enabled
1782984514.394,2026-07-02 09:28:34.395,buffer_pool_pages_dirty,283551,283551,0.000000,enabled
1782984514.394,2026-07-02 09:28:34.395,buffer_pool_pages_flushed,22051542,22051542,0.000000,enabled
1782984514.394,2026-07-02 09:28:34.395,buffer_pool_pages_free,2171,2171,0.000000,enabled
1782984514.394,2026-07-02 09:28:34.395,buffer_pool_pages_lru_flushed,0,0,0.000000,enabled
1782984514.394,2026-07-02 09:28:34.395,buffer_pool_pages_misc,96,96,0.000000,enabled
1782984514.394,2026-07-02 09:28:34.395,buffer_pool_pages_total,786432,786432,0.000000,enabled
1782984514.394,2026-07-02 09:28:34.395,buffer_pool_reads,63087837,63087837,30171.823877,enabled
1782984514.394,2026-07-02 09:28:34.395,buffer_pool_read_ahead,803715,803715,384.377533,enabled
1782984514.394,2026-07-02 09:28:34.395,buffer_pool_read_ahead_evicted,25,25,0.011956,enabled
1782984514.394,2026-07-02 09:28:34.395,buffer_pool_read_requests,2705553138,2705553138,1293933.604438,enabled
1782984514.394,2026-07-02 09:28:34.395,buffer_pool_size,12884901888,12884901888,0.000000,enabled
1782984514.394,2026-07-02 09:28:34.395,buffer_pool_wait_free,18945,18945,9.060466,enabled
1782984514.394,2026-07-02 09:28:34.395,buffer_pool_write_requests,581626006,581626006,278163.242544,enabled
1782984514.394,2026-07-02 09:28:34.395,dml_deletes,12124447,12124447,5798.528345,enabled
1782984514.394,2026-07-02 09:28:34.395,dml_inserts,112009849,112009849,53568.817194,enabled
1782984514.394,2026-07-02 09:28:34.395,dml_system_deletes,468,468,0.223821,enabled
1782984514.394,2026-07-02 09:28:34.395,dml_system_inserts,1202,1202,0.574858,enabled
1782984514.394,2026-07-02 09:28:34.395,dml_system_reads,7661,7661,3.663881,enabled
1782984514.394,2026-07-02 09:28:34.395,dml_system_updates,620,620,0.296516,enabled
1782984514.394,2026-07-02 09:28:34.395,dml_updates,24249010,24249010,11597.112157,enabled
1782984514.394,2026-07-02 09:28:34.395,file_num_open_files,35,35,0.000000,enabled
1782984514.394,2026-07-02 09:28:34.395,ibuf_merges,0,0,0.000000,enabled
1782984514.394,2026-07-02 09:28:34.395,ibuf_merges_delete,0,0,0.000000,enabled
1782984514.394,2026-07-02 09:28:34.395,ibuf_merges_delete_mark,0,0,0.000000,enabled
1782984514.394,2026-07-02 09:28:34.395,ibuf_merges_discard_delete,0,0,0.000000,enabled
1782984514.394,2026-07-02 09:28:34.395,ibuf_merges_discard_delete_mark,0,0,0.000000,enabled
1782984514.394,2026-07-02 09:28:34.395,ibuf_merges_discard_insert,0,0,0.000000,enabled
1782984514.394,2026-07-02 09:28:34.395,ibuf_merges_insert,0,0,0.000000,enabled
1782984514.394,2026-07-02 09:28:34.395,ibuf_size,1,1,0.000478,enabled
1782984514.394,2026-07-02 09:28:34.395,innodb_activity_count,16838380,16838380,8052.971429,enabled
1782984514.394,2026-07-02 09:28:34.395,innodb_dblwr_pages_written,22052256,22052256,10546.512565,enabled
1782984514.394,2026-07-02 09:28:34.395,innodb_dblwr_writes,445980,445980,213.290363,enabled
1782984514.394,2026-07-02 09:28:34.395,innodb_page_size,16384,16384,0.000000,enabled
1782984514.394,2026-07-02 09:28:34.395,innodb_rwlock_sx_os_waits,0,0,0.000000,enabled
1782984514.394,2026-07-02 09:28:34.395,innodb_rwlock_sx_spin_rounds,0,0,0.000000,enabled
1782984514.394,2026-07-02 09:28:34.395,innodb_rwlock_sx_spin_waits,0,0,0.000000,enabled
1782984514.394,2026-07-02 09:28:34.395,innodb_rwlock_s_os_waits,0,0,0.000000,enabled
1782984514.394,2026-07-02 09:28:34.395,innodb_rwlock_s_spin_rounds,0,0,0.000000,enabled
1782984514.394,2026-07-02 09:28:34.395,innodb_rwlock_s_spin_waits,0,0,0.000000,enabled
1782984514.394,2026-07-02 09:28:34.395,innodb_rwlock_x_os_waits,0,0,0.000000,enabled
1782984514.394,2026-07-02 09:28:34.395,innodb_rwlock_x_spin_rounds,0,0,0.000000,enabled
1782984514.394,2026-07-02 09:28:34.395,innodb_rwlock_x_spin_waits,0,0,0.000000,enabled
1782984514.394,2026-07-02 09:28:34.395,lock_deadlocks,0,0,0.000000,enabled
1782984514.394,2026-07-02 09:28:34.395,lock_deadlock_false_positives,0,0,0.000000,enabled
1782984514.394,2026-07-02 09:28:34.395,lock_deadlock_rounds,2328,2328,1.113368,enabled
1782984514.394,2026-07-02 09:28:34.395,lock_rec_grant_attempts,425,425,0.203257,enabled
1782984514.394,2026-07-02 09:28:34.395,lock_rec_release_attempts,36850962,36850962,17624.011247,enabled
1782984514.394,2026-07-02 09:28:34.395,lock_row_lock_current_waits,0,0,0.000000,enabled
1782984514.394,2026-07-02 09:28:34.395,lock_row_lock_time,323,323,0.154475,enabled
1782984514.394,2026-07-02 09:28:34.395,lock_row_lock_time_avg,0,0,0.000000,enabled
1782984514.394,2026-07-02 09:28:34.395,lock_row_lock_time_max,29,29,0.000000,enabled
1782984514.394,2026-07-02 09:28:34.395,lock_row_lock_waits,425,425,0.203257,enabled
1782984514.394,2026-07-02 09:28:34.395,lock_schedule_refreshes,2328,2328,1.113368,enabled
1782984514.394,2026-07-02 09:28:34.395,lock_threads_waiting,0,0,0.000000,enabled
1782984514.394,2026-07-02 09:28:34.395,lock_timeouts,0,0,0.000000,enabled
1782984514.394,2026-07-02 09:28:34.395,log_waits,0,0,0.000000,enabled
1782984514.394,2026-07-02 09:28:34.395,log_writes,183027662,183027662,87533.159232,enabled
1782984514.394,2026-07-02 09:28:34.395,log_write_requests,390812672,390812672,186906.544605,enabled
1782984514.394,2026-07-02 09:28:34.395,os_data_fsyncs,48188722,48188722,23046.304344,enabled
1782984514.394,2026-07-02 09:28:34.395,os_data_reads,64093318,64093318,30652.693278,enabled
1782984514.394,2026-07-02 09:28:34.395,os_data_writes,205869966,205869966,98457.516571,enabled
1782984514.394,2026-07-02 09:28:34.395,os_log_bytes_written,118120533504,118120533504,56491262.826334,enabled
1782984514.394,2026-07-02 09:28:34.395,os_log_fsyncs,42308075,42308075,20233.879003,enabled
1782984514.394,2026-07-02 09:28:34.395,os_log_pending_fsyncs,1,1,0.000478,enabled
1782984514.394,2026-07-02 09:28:34.395,os_log_pending_writes,0,0,0.000000,enabled
1782984514.394,2026-07-02 09:28:34.395,trx_rseg_history_len,341,341,0.000000,enabled
1782984515.464,2026-07-02 09:28:35.465,adaptive_hash_searches,0,0,0.000000,enabled
1782984515.464,2026-07-02 09:28:35.465,adaptive_hash_searches_btree,562910258,562910258,269074.600621,enabled
1782984515.464,2026-07-02 09:28:35.465,buffer_data_reads,1046131198464,1046131198464,500057292.552330,enabled
1782984515.464,2026-07-02 09:28:35.465,buffer_data_written,515043913728,515043913728,246194229.896562,enabled
1782984515.464,2026-07-02 09:28:35.465,buffer_pages0_read,7,7,0.003346,enabled
1782984515.464,2026-07-02 09:28:35.465,buffer_pages_created,1806421,1806421,863.480608,enabled
1782984515.464,2026-07-02 09:28:35.465,buffer_pages_read,64031046,64031046,30607.242777,enabled
1782984515.464,2026-07-02 09:28:35.465,buffer_pages_written,22128371,22128371,10577.500578,enabled
1782984515.464,2026-07-02 09:28:35.465,buffer_pool_bytes_data,12858310656,12858310656,0.000000,enabled
1782984515.464,2026-07-02 09:28:35.465,buffer_pool_bytes_dirty,4644454400,4644454400,0.000000,enabled
1782984515.464,2026-07-02 09:28:35.465,buffer_pool_pages_data,784809,784809,0.000000,enabled
1782984515.464,2026-07-02 09:28:35.465,buffer_pool_pages_dirty,283475,283475,0.000000,enabled
1782984515.464,2026-07-02 09:28:35.465,buffer_pool_pages_flushed,22071301,22071301,0.000000,enabled
1782984515.464,2026-07-02 09:28:35.465,buffer_pool_pages_free,1527,1527,0.000000,enabled
1782984515.464,2026-07-02 09:28:35.465,buffer_pool_pages_lru_flushed,0,0,0.000000,enabled
1782984515.464,2026-07-02 09:28:35.465,buffer_pool_pages_misc,97,97,0.000000,enabled
1782984515.464,2026-07-02 09:28:35.465,buffer_pool_pages_total,786432,786432,0.000000,enabled
1782984515.464,2026-07-02 09:28:35.465,buffer_pool_reads,63145833,63145833,30184.106609,enabled
1782984515.464,2026-07-02 09:28:35.465,buffer_pool_read_ahead,803715,803715,384.180837,enabled
1782984515.464,2026-07-02 09:28:35.465,buffer_pool_read_ahead_evicted,25,25,0.011950,enabled
1782984515.464,2026-07-02 09:28:35.465,buffer_pool_read_requests,2706401207,2706401207,1293676.846652,enabled
1782984515.464,2026-07-02 09:28:35.465,buffer_pool_size,12884901888,12884901888,0.000000,enabled
1782984515.464,2026-07-02 09:28:35.465,buffer_pool_wait_free,18945,18945,9.055829,enabled
1782984515.464,2026-07-02 09:28:35.465,buffer_pool_write_requests,581741930,581741930,278076.311427,enabled
1782984515.464,2026-07-02 09:28:35.465,dml_deletes,12129378,12129378,5797.917878,enabled
1782984515.464,2026-07-02 09:28:35.465,dml_inserts,112014780,112014780,53543.759309,enabled
1782984515.464,2026-07-02 09:28:35.465,dml_system_deletes,468,468,0.223707,enabled
1782984515.464,2026-07-02 09:28:35.465,dml_system_inserts,1202,1202,0.574563,enabled
1782984515.464,2026-07-02 09:28:35.465,dml_system_reads,7661,7661,3.662005,enabled
1782984515.464,2026-07-02 09:28:35.465,dml_system_updates,620,620,0.296364,enabled
1782984515.464,2026-07-02 09:28:35.465,dml_updates,24258872,24258872,11595.891193,enabled
1782984515.464,2026-07-02 09:28:35.465,file_num_open_files,35,35,0.000000,enabled
1782984515.464,2026-07-02 09:28:35.465,ibuf_merges,0,0,0.000000,enabled
1782984515.464,2026-07-02 09:28:35.465,ibuf_merges_delete,0,0,0.000000,enabled
1782984515.464,2026-07-02 09:28:35.465,ibuf_merges_delete_mark,0,0,0.000000,enabled
1782984515.464,2026-07-02 09:28:35.465,ibuf_merges_discard_delete,0,0,0.000000,enabled
1782984515.464,2026-07-02 09:28:35.465,ibuf_merges_discard_delete_mark,0,0,0.000000,enabled
1782984515.464,2026-07-02 09:28:35.465,ibuf_merges_discard_insert,0,0,0.000000,enabled
1782984515.464,2026-07-02 09:28:35.465,ibuf_merges_insert,0,0,0.000000,enabled
1782984515.464,2026-07-02 09:28:35.465,ibuf_size,1,1,0.000478,enabled
1782984515.464,2026-07-02 09:28:35.465,innodb_activity_count,16844038,16844038,8051.554712,enabled
1782984515.464,2026-07-02 09:28:35.465,innodb_dblwr_pages_written,22069379,22069379,10549.300076,enabled
1782984515.464,2026-07-02 09:28:35.465,innodb_dblwr_writes,446343,446343,213.354723,enabled
1782984515.464,2026-07-02 09:28:35.465,innodb_page_size,16384,16384,0.000000,enabled
1782984515.464,2026-07-02 09:28:35.465,innodb_rwlock_sx_os_waits,0,0,0.000000,enabled
1782984515.464,2026-07-02 09:28:35.465,innodb_rwlock_sx_spin_rounds,0,0,0.000000,enabled
1782984515.464,2026-07-02 09:28:35.465,innodb_rwlock_sx_spin_waits,0,0,0.000000,enabled
1782984515.464,2026-07-02 09:28:35.465,innodb_rwlock_s_os_waits,0,0,0.000000,enabled
1782984515.464,2026-07-02 09:28:35.465,innodb_rwlock_s_spin_rounds,0,0,0.000000,enabled
1782984515.464,2026-07-02 09:28:35.465,innodb_rwlock_s_spin_waits,0,0,0.000000,enabled
1782984515.464,2026-07-02 09:28:35.465,innodb_rwlock_x_os_waits,0,0,0.000000,enabled
1782984515.464,2026-07-02 09:28:35.465,innodb_rwlock_x_spin_rounds,0,0,0.000000,enabled
1782984515.464,2026-07-02 09:28:35.465,innodb_rwlock_x_spin_waits,0,0,0.000000,enabled
1782984515.464,2026-07-02 09:28:35.465,lock_deadlocks,0,0,0.000000,enabled
1782984515.464,2026-07-02 09:28:35.465,lock_deadlock_false_positives,0,0,0.000000,enabled
1782984515.464,2026-07-02 09:28:35.465,lock_deadlock_rounds,2329,2329,1.113277,enabled
1782984515.464,2026-07-02 09:28:35.465,lock_rec_grant_attempts,425,425,0.203153,enabled
1782984515.464,2026-07-02 09:28:35.465,lock_rec_release_attempts,36865914,36865914,17622.139750,enabled
1782984515.464,2026-07-02 09:28:35.465,lock_row_lock_current_waits,0,0,0.000000,enabled
1782984515.464,2026-07-02 09:28:35.465,lock_row_lock_time,323,323,0.154396,enabled
1782984515.464,2026-07-02 09:28:35.465,lock_row_lock_time_avg,0,0,0.000000,enabled
1782984515.464,2026-07-02 09:28:35.465,lock_row_lock_time_max,29,29,0.000000,enabled
1782984515.464,2026-07-02 09:28:35.465,lock_row_lock_waits,425,425,0.203153,enabled
1782984515.464,2026-07-02 09:28:35.465,lock_schedule_refreshes,2329,2329,1.113277,enabled
1782984515.464,2026-07-02 09:28:35.465,lock_threads_waiting,0,0,0.000000,enabled
1782984515.464,2026-07-02 09:28:35.465,lock_timeouts,0,0,0.000000,enabled
1782984515.464,2026-07-02 09:28:35.465,log_waits,0,0,0.000000,enabled
1782984515.464,2026-07-02 09:28:35.465,log_writes,183109072,183109072,87527.277026,enabled
1782984515.464,2026-07-02 09:28:35.465,log_write_requests,390896574,390896574,186850.997439,enabled
1782984515.464,2026-07-02 09:28:35.465,os_data_fsyncs,48224105,48224105,23051.423357,enabled
1782984515.464,2026-07-02 09:28:35.465,os_data_reads,64151231,64151231,30664.689107,enabled
1782984515.464,2026-07-02 09:28:35.465,os_data_writes,205968173,205968173,98454.073087,enabled
1782984515.464,2026-07-02 09:28:35.465,os_log_bytes_written,118163488256,118163488256,56482885.221761,enabled
1782984515.464,2026-07-02 09:28:35.465,os_log_fsyncs,42338448,42338448,20238.042494,enabled
1782984515.464,2026-07-02 09:28:35.465,os_log_pending_fsyncs,1,1,0.000478,enabled
1782984515.464,2026-07-02 09:28:35.465,os_log_pending_writes,0,0,0.000000,enabled
1782984515.464,2026-07-02 09:28:35.465,trx_rseg_history_len,398,398,0.000000,enabled
1782984516.535,2026-07-02 09:28:36.537,adaptive_hash_searches,0,0,0.000000,enabled
1782984516.535,2026-07-02 09:28:36.537,adaptive_hash_searches_btree,563081600,563081600,269019.076447,enabled
1782984516.535,2026-07-02 09:28:36.537,buffer_data_reads,1047076932096,1047076932096,500253798.242085,enabled
1782984516.535,2026-07-02 09:28:36.537,buffer_data_written,515359390720,515359390720,246219245.723218,enabled
1782984516.535,2026-07-02 09:28:36.537,buffer_pages0_read,7,7,0.003344,enabled
1782984516.535,2026-07-02 09:28:36.537,buffer_pages_created,1806456,1806456,863.056436,enabled
1782984516.535,2026-07-02 09:28:36.537,buffer_pages_read,64088931,64088931,30619.269934,enabled
1782984516.535,2026-07-02 09:28:36.537,buffer_pages_written,22144675,22144675,10579.889127,enabled
1782984516.535,2026-07-02 09:28:36.537,buffer_pool_bytes_data,12851478528,12851478528,0.000000,enabled
1782984516.535,2026-07-02 09:28:36.537,buffer_pool_bytes_dirty,4649041920,4649041920,0.000000,enabled
1782984516.535,2026-07-02 09:28:36.537,buffer_pool_pages_data,784391,784391,0.000000,enabled
1782984516.535,2026-07-02 09:28:36.537,buffer_pool_pages_dirty,283755,283755,0.000000,enabled
1782984516.535,2026-07-02 09:28:36.537,buffer_pool_pages_flushed,22087605,22087605,0.000000,enabled
1782984516.535,2026-07-02 09:28:36.537,buffer_pool_pages_free,1943,1943,0.000000,enabled
1782984516.535,2026-07-02 09:28:36.537,buffer_pool_pages_lru_flushed,0,0,0.000000,enabled
1782984516.535,2026-07-02 09:28:36.537,buffer_pool_pages_misc,96,96,0.000000,enabled
1782984516.535,2026-07-02 09:28:36.537,buffer_pool_pages_total,786432,786432,0.000000,enabled
1782984516.535,2026-07-02 09:28:36.537,buffer_pool_reads,63203667,63203667,30196.325531,enabled
1782984516.535,2026-07-02 09:28:36.537,buffer_pool_read_ahead,803715,803715,383.984674,enabled
1782984516.535,2026-07-02 09:28:36.537,buffer_pool_read_ahead_evicted,25,25,0.011944,enabled
1782984516.535,2026-07-02 09:28:36.537,buffer_pool_read_requests,2707250545,2707250545,1293422.077586,enabled
1782984516.535,2026-07-02 09:28:36.537,buffer_pool_size,12884901888,12884901888,0.000000,enabled
1782984516.535,2026-07-02 09:28:36.537,buffer_pool_wait_free,18945,18945,9.051206,enabled
1782984516.535,2026-07-02 09:28:36.537,buffer_pool_write_requests,581858050,581858050,277989.803564,enabled
1782984516.535,2026-07-02 09:28:36.537,dml_deletes,12134320,12134320,5797.318538,enabled
1782984516.535,2026-07-02 09:28:36.537,dml_inserts,112019722,112019722,53518.780746,enabled
1782984516.535,2026-07-02 09:28:36.537,dml_system_deletes,468,468,0.223593,enabled
1782984516.535,2026-07-02 09:28:36.537,dml_system_inserts,1202,1202,0.574270,enabled
1782984516.535,2026-07-02 09:28:36.537,dml_system_reads,7661,7661,3.660136,enabled
1782984516.535,2026-07-02 09:28:36.537,dml_system_updates,620,620,0.296213,enabled
1782984516.535,2026-07-02 09:28:36.537,dml_updates,24268753,24268753,11594.691054,enabled
1782984516.535,2026-07-02 09:28:36.537,file_num_open_files,35,35,0.000000,enabled
1782984516.535,2026-07-02 09:28:36.537,ibuf_merges,0,0,0.000000,enabled
1782984516.535,2026-07-02 09:28:36.537,ibuf_merges_delete,0,0,0.000000,enabled
1782984516.535,2026-07-02 09:28:36.537,ibuf_merges_delete_mark,0,0,0.000000,enabled
1782984516.535,2026-07-02 09:28:36.537,ibuf_merges_discard_delete,0,0,0.000000,enabled
1782984516.535,2026-07-02 09:28:36.537,ibuf_merges_discard_delete_mark,0,0,0.000000,enabled
1782984516.535,2026-07-02 09:28:36.537,ibuf_merges_discard_insert,0,0,0.000000,enabled
1782984516.535,2026-07-02 09:28:36.537,ibuf_merges_insert,0,0,0.000000,enabled
1782984516.535,2026-07-02 09:28:36.537,ibuf_size,1,1,0.000478,enabled
1782984516.535,2026-07-02 09:28:36.537,innodb_activity_count,16849719,16849719,8050.157738,enabled
1782984516.535,2026-07-02 09:28:36.537,innodb_dblwr_pages_written,22085683,22085683,10551.703002,enabled
1782984516.535,2026-07-02 09:28:36.537,innodb_dblwr_writes,446716,446716,213.423989,enabled
1782984516.535,2026-07-02 09:28:36.537,innodb_page_size,16384,16384,0.000000,enabled
1782984516.535,2026-07-02 09:28:36.537,innodb_rwlock_sx_os_waits,0,0,0.000000,enabled
1782984516.535,2026-07-02 09:28:36.537,innodb_rwlock_sx_spin_rounds,0,0,0.000000,enabled
1782984516.535,2026-07-02 09:28:36.537,innodb_rwlock_sx_spin_waits,0,0,0.000000,enabled
1782984516.535,2026-07-02 09:28:36.537,innodb_rwlock_s_os_waits,0,0,0.000000,enabled
1782984516.535,2026-07-02 09:28:36.537,innodb_rwlock_s_spin_rounds,0,0,0.000000,enabled
1782984516.535,2026-07-02 09:28:36.537,innodb_rwlock_s_spin_waits,0,0,0.000000,enabled
1782984516.535,2026-07-02 09:28:36.537,innodb_rwlock_x_os_waits,0,0,0.000000,enabled
1782984516.535,2026-07-02 09:28:36.537,innodb_rwlock_x_spin_rounds,0,0,0.000000,enabled
1782984516.535,2026-07-02 09:28:36.537,innodb_rwlock_x_spin_waits,0,0,0.000000,enabled
1782984516.535,2026-07-02 09:28:36.537,lock_deadlocks,0,0,0.000000,enabled
1782984516.535,2026-07-02 09:28:36.537,lock_deadlock_false_positives,0,0,0.000000,enabled
1782984516.535,2026-07-02 09:28:36.537,lock_deadlock_rounds,2330,2330,1.113186,enabled
1782984516.535,2026-07-02 09:28:36.537,lock_rec_grant_attempts,425,425,0.203049,enabled
1782984516.535,2026-07-02 09:28:36.537,lock_rec_release_attempts,36880925,36880925,17620.313592,enabled
1782984516.535,2026-07-02 09:28:36.537,lock_row_lock_current_waits,0,0,0.000000,enabled
1782984516.535,2026-07-02 09:28:36.537,lock_row_lock_time,323,323,0.154317,enabled
1782984516.535,2026-07-02 09:28:36.537,lock_row_lock_time_avg,0,0,0.000000,enabled
1782984516.535,2026-07-02 09:28:36.537,lock_row_lock_time_max,29,29,0.000000,enabled
1782984516.535,2026-07-02 09:28:36.537,lock_row_lock_waits,425,425,0.203049,enabled
1782984516.535,2026-07-02 09:28:36.537,lock_schedule_refreshes,2330,2330,1.113186,enabled
1782984516.535,2026-07-02 09:28:36.537,lock_threads_waiting,0,0,0.000000,enabled
1782984516.535,2026-07-02 09:28:36.537,lock_timeouts,0,0,0.000000,enabled
1782984516.535,2026-07-02 09:28:36.537,log_waits,0,0,0.000000,enabled
1782984516.535,2026-07-02 09:28:36.537,log_writes,183189092,183189092,87520.817705,enabled
1782984516.535,2026-07-02 09:28:36.537,log_write_requests,390980512,390980512,186795.697108,enabled
1782984516.535,2026-07-02 09:28:36.537,os_data_fsyncs,48259436,48259436,23056.533560,enabled
1782984516.535,2026-07-02 09:28:36.537,os_data_reads,64208959,64208959,30676.612556,enabled
1782984516.535,2026-07-02 09:28:36.537,os_data_writes,206064769,206064769,98449.954228,enabled
1782984516.535,2026-07-02 09:28:36.537,os_log_bytes_written,118205450240,118205450240,56474094.000336,enabled
1782984516.535,2026-07-02 09:28:36.537,os_log_fsyncs,42368506,42368506,20242.069916,enabled
1782984516.535,2026-07-02 09:28:36.537,os_log_pending_fsyncs,1,1,0.000478,enabled
1782984516.535,2026-07-02 09:28:36.537,os_log_pending_writes,0,0,0.000000,enabled
1782984516.535,2026-07-02 09:28:36.537,trx_rseg_history_len,511,511,0.000000,enabled
1782984517.603,2026-07-02 09:28:37.605,adaptive_hash_searches,0,0,0.000000,enabled
1782984517.603,2026-07-02 09:28:37.605,adaptive_hash_searches_btree,563252661,563252661,268963.001386,enabled
1782984517.603,2026-07-02 09:28:37.605,buffer_data_reads,1048025434624,1048025434624,500450558.408391,enabled
1782984517.603,2026-07-02 09:28:37.605,buffer_data_written,515674253312,515674253312,246243515.908702,enabled
1782984517.603,2026-07-02 09:28:37.605,buffer_pages0_read,7,7,0.003343,enabled
1782984517.603,2026-07-02 09:28:37.605,buffer_pages_created,1806504,1806504,862.637409,enabled
1782984517.603,2026-07-02 09:28:37.605,buffer_pages_read,64146999,64146999,30631.319127,enabled
1782984517.603,2026-07-02 09:28:37.605,buffer_pages_written,22160915,22160915,10582.226338,enabled
1782984517.603,2026-07-02 09:28:37.605,buffer_pool_bytes_data,12855361536,12855361536,0.000000,enabled
1782984517.603,2026-07-02 09:28:37.605,buffer_pool_bytes_dirty,4655300608,4655300608,0.000000,enabled
1782984517.603,2026-07-02 09:28:37.605,buffer_pool_pages_data,784629,784629,0.000000,enabled
1782984517.603,2026-07-02 09:28:37.605,buffer_pool_pages_dirty,284137,284137,0.000000,enabled
1782984517.603,2026-07-02 09:28:37.605,buffer_pool_pages_flushed,22103845,22103845,0.000000,enabled
1782984517.603,2026-07-02 09:28:37.605,buffer_pool_pages_free,1707,1707,0.000000,enabled
1782984517.603,2026-07-02 09:28:37.605,buffer_pool_pages_lru_flushed,0,0,0.000000,enabled
1782984517.603,2026-07-02 09:28:37.605,buffer_pool_pages_misc,97,97,0.000000,enabled
1782984517.603,2026-07-02 09:28:37.605,buffer_pool_pages_total,786432,786432,0.000000,enabled
1782984517.603,2026-07-02 09:28:37.605,buffer_pool_reads,63261661,63261661,30208.556034,enabled
1782984517.603,2026-07-02 09:28:37.605,buffer_pool_read_ahead,803715,803715,383.788047,enabled
1782984517.603,2026-07-02 09:28:37.605,buffer_pool_read_ahead_evicted,25,25,0.011938,enabled
1782984517.603,2026-07-02 09:28:37.605,buffer_pool_read_requests,2708098011,2708098011,1293164.434449,enabled
1782984517.603,2026-07-02 09:28:37.605,buffer_pool_size,12884901888,12884901888,0.000000,enabled
1782984517.603,2026-07-02 09:28:37.605,buffer_pool_wait_free,18945,18945,9.046571,enabled
1782984517.603,2026-07-02 09:28:37.605,buffer_pool_write_requests,581973905,581973905,277902.776032,enabled
1782984517.603,2026-07-02 09:28:37.605,dml_deletes,12139262,12139262,5796.709822,enabled
1782984517.603,2026-07-02 09:28:37.605,dml_inserts,112024665,112024665,53493.735991,enabled
1782984517.603,2026-07-02 09:28:37.605,dml_system_deletes,468,468,0.223478,enabled
1782984517.603,2026-07-02 09:28:37.605,dml_system_inserts,1202,1202,0.573976,enabled
1782984517.603,2026-07-02 09:28:37.605,dml_system_reads,7661,7661,3.658261,enabled
1782984517.603,2026-07-02 09:28:37.605,dml_system_updates,620,620,0.296061,enabled
1782984517.603,2026-07-02 09:28:37.605,dml_updates,24278637,24278637,11593.473592,enabled
1782984517.603,2026-07-02 09:28:37.605,file_num_open_files,35,35,0.000000,enabled
1782984517.603,2026-07-02 09:28:37.605,ibuf_merges,0,0,0.000000,enabled
1782984517.603,2026-07-02 09:28:37.605,ibuf_merges_delete,0,0,0.000000,enabled
1782984517.603,2026-07-02 09:28:37.605,ibuf_merges_delete_mark,0,0,0.000000,enabled
1782984517.603,2026-07-02 09:28:37.605,ibuf_merges_discard_delete,0,0,0.000000,enabled
1782984517.603,2026-07-02 09:28:37.605,ibuf_merges_discard_delete_mark,0,0,0.000000,enabled
1782984517.603,2026-07-02 09:28:37.605,ibuf_merges_discard_insert,0,0,0.000000,enabled
1782984517.603,2026-07-02 09:28:37.605,ibuf_merges_insert,0,0,0.000000,enabled
1782984517.603,2026-07-02 09:28:37.605,ibuf_size,1,1,0.000478,enabled
1782984517.603,2026-07-02 09:28:37.605,innodb_activity_count,16855398,16855398,8048.747368,enabled
1782984517.603,2026-07-02 09:28:37.605,innodb_dblwr_pages_written,22101923,22101923,10554.054736,enabled
1782984517.603,2026-07-02 09:28:37.605,innodb_dblwr_writes,447099,447099,213.497591,enabled
1782984517.603,2026-07-02 09:28:37.605,innodb_page_size,16384,16384,0.000000,enabled
1782984517.603,2026-07-02 09:28:37.605,innodb_rwlock_sx_os_waits,0,0,0.000000,enabled
1782984517.603,2026-07-02 09:28:37.605,innodb_rwlock_sx_spin_rounds,0,0,0.000000,enabled
1782984517.603,2026-07-02 09:28:37.605,innodb_rwlock_sx_spin_waits,0,0,0.000000,enabled
1782984517.603,2026-07-02 09:28:37.605,innodb_rwlock_s_os_waits,0,0,0.000000,enabled
1782984517.603,2026-07-02 09:28:37.605,innodb_rwlock_s_spin_rounds,0,0,0.000000,enabled
1782984517.603,2026-07-02 09:28:37.605,innodb_rwlock_s_spin_waits,0,0,0.000000,enabled
1782984517.603,2026-07-02 09:28:37.605,innodb_rwlock_x_os_waits,0,0,0.000000,enabled
1782984517.603,2026-07-02 09:28:37.605,innodb_rwlock_x_spin_rounds,0,0,0.000000,enabled
1782984517.603,2026-07-02 09:28:37.605,innodb_rwlock_x_spin_waits,0,0,0.000000,enabled
1782984517.603,2026-07-02 09:28:37.605,lock_deadlocks,0,0,0.000000,enabled
1782984517.603,2026-07-02 09:28:37.605,lock_deadlock_false_positives,0,0,0.000000,enabled
1782984517.603,2026-07-02 09:28:37.605,lock_deadlock_rounds,2331,2331,1.113094,enabled
1782984517.603,2026-07-02 09:28:37.605,lock_rec_grant_attempts,425,425,0.202945,enabled
1782984517.603,2026-07-02 09:28:37.605,lock_rec_release_attempts,36895922,36895922,17618.452062,enabled
1782984517.603,2026-07-02 09:28:37.605,lock_row_lock_current_waits,0,0,0.000000,enabled
1782984517.603,2026-07-02 09:28:37.605,lock_row_lock_time,323,323,0.154238,enabled
1782984517.603,2026-07-02 09:28:37.605,lock_row_lock_time_avg,0,0,0.000000,enabled
1782984517.603,2026-07-02 09:28:37.605,lock_row_lock_time_max,29,29,0.000000,enabled
1782984517.603,2026-07-02 09:28:37.605,lock_row_lock_waits,425,425,0.202945,enabled
1782984517.603,2026-07-02 09:28:37.605,lock_schedule_refreshes,2331,2331,1.113094,enabled
1782984517.603,2026-07-02 09:28:37.605,lock_threads_waiting,0,0,0.000000,enabled
1782984517.603,2026-07-02 09:28:37.605,lock_timeouts,0,0,0.000000,enabled
1782984517.603,2026-07-02 09:28:37.605,log_waits,0,0,0.000000,enabled
1782984517.603,2026-07-02 09:28:37.605,log_writes,183270006,183270006,87514.637922,enabled
1782984517.603,2026-07-02 09:28:37.605,log_write_requests,391064306,391064306,186740.055953,enabled
1782984517.603,2026-07-02 09:28:37.605,os_data_fsyncs,48295280,48295280,23061.842941,enabled
1782984517.603,2026-07-02 09:28:37.605,os_data_reads,64266867,64266867,30688.555802,enabled
1782984517.603,2026-07-02 09:28:37.605,os_data_writes,206162206,206162206,98446.067996,enabled
1782984517.603,2026-07-02 09:28:37.605,os_log_bytes_written,118247911424,118247911424,56465450.777040,enabled
1782984517.603,2026-07-02 09:28:37.605,os_log_fsyncs,42399185,42399185,20246.354142,enabled
1782984517.603,2026-07-02 09:28:37.605,os_log_pending_fsyncs,0,0,0.000000,enabled
1782984517.603,2026-07-02 09:28:37.605,os_log_pending_writes,0,0,0.000000,enabled
1782984517.603,2026-07-02 09:28:37.605,trx_rseg_history_len,646,646,0.000000,enabled
1782984518.675,2026-07-02 09:28:38.677,adaptive_hash_searches,0,0,0.000000,enabled
1782984518.675,2026-07-02 09:28:38.677,adaptive_hash_searches_btree,563424595,563424595,268907.086482,enabled
1782984518.675,2026-07-02 09:28:38.677,buffer_data_reads,1048978868736,1048978868736,500648877.607847,enabled
1782984518.675,2026-07-02 09:28:38.677,buffer_data_written,515991583232,515991583232,246268647.025537,enabled
1782984518.675,2026-07-02 09:28:38.677,buffer_pages0_read,7,7,0.003341,enabled
1782984518.675,2026-07-02 09:28:38.677,buffer_pages_created,1806554,1806554,862.218742,enabled
1782984518.675,2026-07-02 09:28:38.677,buffer_pages_read,64205355,64205355,30643.457117,enabled
1782984518.675,2026-07-02 09:28:38.677,buffer_pages_written,22177278,22177278,10584.607310,enabled
1782984518.675,2026-07-02 09:28:38.677,buffer_pool_bytes_data,12849856512,12849856512,0.000000,enabled
1782984518.675,2026-07-02 09:28:38.677,buffer_pool_bytes_dirty,4662689792,4662689792,0.000000,enabled
1782984518.675,2026-07-02 09:28:38.677,buffer_pool_pages_data,784293,784293,0.000000,enabled
1782984518.675,2026-07-02 09:28:38.677,buffer_pool_pages_dirty,284588,284588,0.000000,enabled
1782984518.675,2026-07-02 09:28:38.677,buffer_pool_pages_flushed,22120208,22120208,0.000000,enabled
1782984518.675,2026-07-02 09:28:38.677,buffer_pool_pages_free,2041,2041,0.000000,enabled
1782984518.675,2026-07-02 09:28:38.677,buffer_pool_pages_lru_flushed,0,0,0.000000,enabled
1782984518.675,2026-07-02 09:28:38.677,buffer_pool_pages_misc,96,96,0.000000,enabled
1782984518.675,2026-07-02 09:28:38.677,buffer_pool_pages_total,786432,786432,0.000000,enabled
1782984518.675,2026-07-02 09:28:38.677,buffer_pool_reads,63319962,63319962,30220.884471,enabled
1782984518.675,2026-07-02 09:28:38.677,buffer_pool_read_ahead,803715,803715,383.591163,enabled
1782984518.675,2026-07-02 09:28:38.677,buffer_pool_read_ahead_evicted,25,25,0.011932,enabled
1782984518.675,2026-07-02 09:28:38.677,buffer_pool_read_requests,2708950167,2708950167,1292907.749597,enabled
1782984518.675,2026-07-02 09:28:38.677,buffer_pool_size,12884901888,12884901888,0.000000,enabled
1782984518.675,2026-07-02 09:28:38.677,buffer_pool_wait_free,18945,18945,9.041930,enabled
1782984518.675,2026-07-02 09:28:38.677,buffer_pool_write_requests,582090377,582090377,277815.800372,enabled
1782984518.675,2026-07-02 09:28:38.677,dml_deletes,12144221,12144221,5796.102990,enabled
1782984518.675,2026-07-02 09:28:38.677,dml_inserts,112029624,112029624,53468.661302,enabled
1782984518.675,2026-07-02 09:28:38.677,dml_system_deletes,468,468,0.223364,enabled
1782984518.675,2026-07-02 09:28:38.677,dml_system_inserts,1202,1202,0.573682,enabled
1782984518.675,2026-07-02 09:28:38.677,dml_system_reads,7661,7661,3.656385,enabled
1782984518.675,2026-07-02 09:28:38.677,dml_system_updates,620,620,0.295909,enabled
1782984518.675,2026-07-02 09:28:38.677,dml_updates,24288554,24288554,11592.259423,enabled
1782984518.675,2026-07-02 09:28:38.677,file_num_open_files,35,35,0.000000,enabled
1782984518.675,2026-07-02 09:28:38.677,ibuf_merges,0,0,0.000000,enabled
1782984518.675,2026-07-02 09:28:38.677,ibuf_merges_delete,0,0,0.000000,enabled
1782984518.675,2026-07-02 09:28:38.677,ibuf_merges_delete_mark,0,0,0.000000,enabled
1782984518.675,2026-07-02 09:28:38.677,ibuf_merges_discard_delete,0,0,0.000000,enabled
1782984518.675,2026-07-02 09:28:38.677,ibuf_merges_discard_delete_mark,0,0,0.000000,enabled
1782984518.675,2026-07-02 09:28:38.677,ibuf_merges_discard_insert,0,0,0.000000,enabled
1782984518.675,2026-07-02 09:28:38.677,ibuf_merges_insert,0,0,0.000000,enabled
1782984518.675,2026-07-02 09:28:38.677,ibuf_size,1,1,0.000477,enabled
1782984518.675,2026-07-02 09:28:38.677,innodb_activity_count,16861096,16861096,8047.337970,enabled
1782984518.675,2026-07-02 09:28:38.677,innodb_dblwr_pages_written,22118286,22118286,10556.450270,enabled
1782984518.675,2026-07-02 09:28:38.677,innodb_dblwr_writes,447475,447475,213.567525,enabled
1782984518.675,2026-07-02 09:28:38.677,innodb_page_size,16384,16384,0.000000,enabled
1782984518.675,2026-07-02 09:28:38.677,innodb_rwlock_sx_os_waits,0,0,0.000000,enabled
1782984518.675,2026-07-02 09:28:38.677,innodb_rwlock_sx_spin_rounds,0,0,0.000000,enabled
1782984518.675,2026-07-02 09:28:38.677,innodb_rwlock_sx_spin_waits,0,0,0.000000,enabled
1782984518.675,2026-07-02 09:28:38.677,innodb_rwlock_s_os_waits,0,0,0.000000,enabled
1782984518.675,2026-07-02 09:28:38.677,innodb_rwlock_s_spin_rounds,0,0,0.000000,enabled
1782984518.675,2026-07-02 09:28:38.677,innodb_rwlock_s_spin_waits,0,0,0.000000,enabled
1782984518.675,2026-07-02 09:28:38.677,innodb_rwlock_x_os_waits,0,0,0.000000,enabled
1782984518.675,2026-07-02 09:28:38.677,innodb_rwlock_x_spin_rounds,0,0,0.000000,enabled
1782984518.675,2026-07-02 09:28:38.677,innodb_rwlock_x_spin_waits,0,0,0.000000,enabled
1782984518.675,2026-07-02 09:28:38.677,lock_deadlocks,0,0,0.000000,enabled
1782984518.675,2026-07-02 09:28:38.677,lock_deadlock_false_positives,0,0,0.000000,enabled
1782984518.675,2026-07-02 09:28:38.677,lock_deadlock_rounds,2332,2332,1.113000,enabled
1782984518.675,2026-07-02 09:28:38.677,lock_rec_grant_attempts,425,425,0.202841,enabled
1782984518.675,2026-07-02 09:28:38.677,lock_rec_release_attempts,36911016,36911016,17616.617708,enabled
1782984518.675,2026-07-02 09:28:38.677,lock_row_lock_current_waits,0,0,0.000000,enabled
1782984518.675,2026-07-02 09:28:38.677,lock_row_lock_time,323,323,0.154159,enabled
1782984518.675,2026-07-02 09:28:38.677,lock_row_lock_time_avg,0,0,0.000000,enabled
1782984518.675,2026-07-02 09:28:38.677,lock_row_lock_time_max,29,29,0.000000,enabled
1782984518.675,2026-07-02 09:28:38.677,lock_row_lock_waits,425,425,0.202841,enabled
1782984518.675,2026-07-02 09:28:38.677,lock_schedule_refreshes,2332,2332,1.113000,enabled
1782984518.675,2026-07-02 09:28:38.677,lock_threads_waiting,0,0,0.000000,enabled
1782984518.675,2026-07-02 09:28:38.677,lock_timeouts,0,0,0.000000,enabled
1782984518.675,2026-07-02 09:28:38.677,log_waits,0,0,0.000000,enabled
1782984518.675,2026-07-02 09:28:38.677,log_writes,183351610,183351610,87508.691439,enabled
1782984518.675,2026-07-02 09:28:38.677,log_write_requests,391148522,391148522,186684.454841,enabled
1782984518.675,2026-07-02 09:28:38.677,os_data_fsyncs,48330627,48330627,23066.882640,enabled
1782984518.675,2026-07-02 09:28:38.677,os_data_reads,64325042,64325042,30700.578276,enabled
1782984518.675,2026-07-02 09:28:38.677,os_data_writes,206260456,206260456,98442.458362,enabled
1782984518.675,2026-07-02 09:28:38.677,os_log_bytes_written,118290772480,118290772480,56456941.061895,enabled
1782984518.675,2026-07-02 09:28:38.677,os_log_fsyncs,42429433,42429433,20250.404541,enabled
1782984518.675,2026-07-02 09:28:38.677,os_log_pending_fsyncs,0,0,0.000000,enabled
1782984518.675,2026-07-02 09:28:38.677,os_log_pending_writes,0,0,0.000000,enabled
1782984518.675,2026-07-02 09:28:38.677,trx_rseg_history_len,813,813,0.000000,enabled
1782984519.751,2026-07-02 09:28:39.752,adaptive_hash_searches,0,0,0.000000,enabled
1782984519.751,2026-07-02 09:28:39.752,adaptive_hash_searches_btree,563596524,563596524,268851.677508,enabled
1782984519.751,2026-07-02 09:28:39.752,buffer_data_reads,1049930123776,1049930123776,500846798.744634,enabled
1782984519.751,2026-07-02 09:28:39.752,buffer_data_written,516306292224,516306292224,246292917.518429,enabled
1782984519.751,2026-07-02 09:28:39.752,buffer_pages0_read,7,7,0.003339,enabled
1782984519.751,2026-07-02 09:28:39.752,buffer_pages_created,1806587,1806587,861.793851,enabled
1782984519.751,2026-07-02 09:28:39.752,buffer_pages_read,64263584,64263584,30655.573796,enabled
1782984519.751,2026-07-02 09:28:39.752,buffer_pages_written,22193555,22193555,10586.962684,enabled
1782984519.751,2026-07-02 09:28:39.752,buffer_pool_bytes_data,12856541184,12856541184,0.000000,enabled
1782984519.751,2026-07-02 09:28:39.752,buffer_pool_bytes_dirty,4665753600,4665753600,0.000000,enabled
1782984519.751,2026-07-02 09:28:39.752,buffer_pool_pages_data,784701,784701,0.000000,enabled
1782984519.751,2026-07-02 09:28:39.752,buffer_pool_pages_dirty,284775,284775,0.000000,enabled
1782984519.751,2026-07-02 09:28:39.752,buffer_pool_pages_flushed,22136485,22136485,0.000000,enabled
1782984519.751,2026-07-02 09:28:39.752,buffer_pool_pages_free,1634,1634,0.000000,enabled
1782984519.751,2026-07-02 09:28:39.752,buffer_pool_pages_lru_flushed,0,0,0.000000,enabled
1782984519.751,2026-07-02 09:28:39.752,buffer_pool_pages_misc,96,96,0.000000,enabled
1782984519.751,2026-07-02 09:28:39.752,buffer_pool_pages_total,786432,786432,0.000000,enabled
1782984519.751,2026-07-02 09:28:39.752,buffer_pool_reads,63378131,63378131,30233.188498,enabled
1782984519.751,2026-07-02 09:28:39.752,buffer_pool_read_ahead,803715,803715,383.395131,enabled
1782984519.751,2026-07-02 09:28:39.752,buffer_pool_read_ahead_evicted,25,25,0.011926,enabled
1782984519.751,2026-07-02 09:28:39.752,buffer_pool_read_requests,2709801758,2709801758,1292653.248009,enabled
1782984519.751,2026-07-02 09:28:39.752,buffer_pool_size,12884901888,12884901888,0.000000,enabled
1782984519.751,2026-07-02 09:28:39.752,buffer_pool_wait_free,18945,18945,9.037309,enabled
1782984519.751,2026-07-02 09:28:39.752,buffer_pool_write_requests,582206712,582206712,277729.318882,enabled
1782984519.751,2026-07-02 09:28:39.752,dml_deletes,12149183,12149183,5795.507923,enabled
1782984519.751,2026-07-02 09:28:39.752,dml_inserts,112034586,112034586,53443.703297,enabled
1782984519.751,2026-07-02 09:28:39.752,dml_system_deletes,468,468,0.223249,enabled
1782984519.751,2026-07-02 09:28:39.752,dml_system_inserts,1202,1202,0.573388,enabled
1782984519.751,2026-07-02 09:28:39.752,dml_system_reads,7661,7661,3.654516,enabled
1782984519.751,2026-07-02 09:28:39.752,dml_system_updates,620,620,0.295758,enabled
1782984519.751,2026-07-02 09:28:39.752,dml_updates,24298480,24298480,11591.070216,enabled
1782984519.751,2026-07-02 09:28:39.752,file_num_open_files,35,35,0.000000,enabled
1782984519.751,2026-07-02 09:28:39.752,ibuf_merges,0,0,0.000000,enabled
1782984519.751,2026-07-02 09:28:39.752,ibuf_merges_delete,0,0,0.000000,enabled
1782984519.751,2026-07-02 09:28:39.752,ibuf_merges_delete_mark,0,0,0.000000,enabled
1782984519.751,2026-07-02 09:28:39.752,ibuf_merges_discard_delete,0,0,0.000000,enabled
1782984519.751,2026-07-02 09:28:39.752,ibuf_merges_discard_delete_mark,0,0,0.000000,enabled
1782984519.751,2026-07-02 09:28:39.752,ibuf_merges_discard_insert,0,0,0.000000,enabled
1782984519.751,2026-07-02 09:28:39.752,ibuf_merges_insert,0,0,0.000000,enabled
1782984519.751,2026-07-02 09:28:39.752,ibuf_size,1,1,0.000477,enabled
1782984519.751,2026-07-02 09:28:39.752,innodb_activity_count,16866799,16866799,8045.945895,enabled
1782984519.751,2026-07-02 09:28:39.752,innodb_dblwr_pages_written,22134563,22134563,10558.820017,enabled
1782984519.751,2026-07-02 09:28:39.752,innodb_dblwr_writes,447823,447823,213.624387,enabled
1782984519.751,2026-07-02 09:28:39.752,innodb_page_size,16384,16384,0.000000,enabled
1782984519.751,2026-07-02 09:28:39.752,innodb_rwlock_sx_os_waits,0,0,0.000000,enabled
1782984519.751,2026-07-02 09:28:39.752,innodb_rwlock_sx_spin_rounds,0,0,0.000000,enabled
1782984519.751,2026-07-02 09:28:39.752,innodb_rwlock_sx_spin_waits,0,0,0.000000,enabled
1782984519.751,2026-07-02 09:28:39.752,innodb_rwlock_s_os_waits,0,0,0.000000,enabled
1782984519.751,2026-07-02 09:28:39.752,innodb_rwlock_s_spin_rounds,0,0,0.000000,enabled
1782984519.751,2026-07-02 09:28:39.752,innodb_rwlock_s_spin_waits,0,0,0.000000,enabled
1782984519.751,2026-07-02 09:28:39.752,innodb_rwlock_x_os_waits,0,0,0.000000,enabled
1782984519.751,2026-07-02 09:28:39.752,innodb_rwlock_x_spin_rounds,0,0,0.000000,enabled
1782984519.751,2026-07-02 09:28:39.752,innodb_rwlock_x_spin_waits,0,0,0.000000,enabled
1782984519.751,2026-07-02 09:28:39.752,lock_deadlocks,0,0,0.000000,enabled
1782984519.751,2026-07-02 09:28:39.752,lock_deadlock_false_positives,0,0,0.000000,enabled
1782984519.751,2026-07-02 09:28:39.752,lock_deadlock_rounds,2333,2333,1.112908,enabled
1782984519.751,2026-07-02 09:28:39.752,lock_rec_grant_attempts,425,425,0.202737,enabled
1782984519.751,2026-07-02 09:28:39.752,lock_rec_release_attempts,36926074,36926074,17614.797938,enabled
1782984519.751,2026-07-02 09:28:39.752,lock_row_lock_current_waits,0,0,0.000000,enabled
1782984519.751,2026-07-02 09:28:39.752,lock_row_lock_time,323,323,0.154080,enabled
1782984519.751,2026-07-02 09:28:39.752,lock_row_lock_time_avg,0,0,0.000000,enabled
1782984519.751,2026-07-02 09:28:39.752,lock_row_lock_time_max,29,29,0.000000,enabled
1782984519.751,2026-07-02 09:28:39.752,lock_row_lock_waits,425,425,0.202737,enabled
1782984519.751,2026-07-02 09:28:39.752,lock_schedule_refreshes,2333,2333,1.112908,enabled
1782984519.751,2026-07-02 09:28:39.752,lock_threads_waiting,0,0,0.000000,enabled
1782984519.751,2026-07-02 09:28:39.752,lock_timeouts,0,0,0.000000,enabled
1782984519.751,2026-07-02 09:28:39.752,log_waits,0,0,0.000000,enabled
1782984519.751,2026-07-02 09:28:39.752,log_writes,183431304,183431304,87501.986852,enabled
1782984519.751,2026-07-02 09:28:39.752,log_write_requests,391232761,391232761,186629.234983,enabled
1782984519.751,2026-07-02 09:28:39.752,os_data_fsyncs,48365733,48365733,23071.841002,enabled
1782984519.751,2026-07-02 09:28:39.752,os_data_reads,64383058,64383058,30712.564202,enabled
1782984519.751,2026-07-02 09:28:39.752,os_data_writes,206356678,206356678,98438.050524,enabled
1782984519.751,2026-07-02 09:28:39.752,os_log_bytes_written,118332430848,118332430848,56447961.296785,enabled
1782984519.751,2026-07-02 09:28:39.752,os_log_fsyncs,42459493,42459493,20254.395163,enabled
1782984519.751,2026-07-02 09:28:39.752,os_log_pending_fsyncs,1,1,0.000477,enabled
1782984519.751,2026-07-02 09:28:39.752,os_log_pending_writes,0,0,0.000000,enabled
1782984519.751,2026-07-02 09:28:39.752,trx_rseg_history_len,936,936,0.000000,enabled
1782984520.822,2026-07-02 09:28:40.823,adaptive_hash_searches,0,0,0.000000,enabled
1782984520.822,2026-07-02 09:28:40.823,adaptive_hash_searches_btree,563768697,563768697,268796.332278,enabled
1782984520.822,2026-07-02 09:28:40.823,buffer_data_reads,1050884573696,1050884573696,501045913.236865,enabled
1782984520.822,2026-07-02 09:28:40.823,buffer_data_written,516624022016,516624022016,246318540.202107,enabled
1782984520.822,2026-07-02 09:28:40.823,buffer_pages0_read,7,7,0.003337,enabled
1782984520.822,2026-07-02 09:28:40.823,buffer_pages_created,1806637,1806637,861.377280,enabled
1782984520.822,2026-07-02 09:28:40.823,buffer_pages_read,64321996,64321996,30667.757556,enabled
1782984520.822,2026-07-02 09:28:40.823,buffer_pages_written,22209957,22209957,10589.372564,enabled
1782984520.822,2026-07-02 09:28:40.823,buffer_pool_bytes_data,12856164352,12856164352,0.000000,enabled
1782984520.822,2026-07-02 09:28:40.823,buffer_pool_bytes_dirty,4667752448,4667752448,0.000000,enabled
1782984520.822,2026-07-02 09:28:40.823,buffer_pool_pages_data,784678,784678,0.000000,enabled
1782984520.822,2026-07-02 09:28:40.823,buffer_pool_pages_dirty,284897,284897,0.000000,enabled
1782984520.822,2026-07-02 09:28:40.823,buffer_pool_pages_flushed,22152887,22152887,0.000000,enabled
1782984520.822,2026-07-02 09:28:40.823,buffer_pool_pages_free,1655,1655,0.000000,enabled
1782984520.822,2026-07-02 09:28:40.823,buffer_pool_pages_lru_flushed,0,0,0.000000,enabled
1782984520.822,2026-07-02 09:28:40.823,buffer_pool_pages_misc,96,96,0.000000,enabled
1782984520.822,2026-07-02 09:28:40.823,buffer_pool_pages_total,786432,786432,0.000000,enabled
1782984520.822,2026-07-02 09:28:40.823,buffer_pool_reads,63436484,63436484,30245.560393,enabled
1782984520.822,2026-07-02 09:28:40.823,buffer_pool_read_ahead,803715,803715,383.199204,enabled
1782984520.822,2026-07-02 09:28:40.823,buffer_pool_read_ahead_evicted,25,25,0.011920,enabled
1782984520.822,2026-07-02 09:28:40.823,buffer_pool_read_requests,2710654933,2710654933,1292399.448455,enabled
1782984520.822,2026-07-02 09:28:40.823,buffer_pool_size,12884901888,12884901888,0.000000,enabled
1782984520.822,2026-07-02 09:28:40.823,buffer_pool_wait_free,18945,18945,9.032691,enabled
1782984520.822,2026-07-02 09:28:40.823,buffer_pool_write_requests,582323400,582323400,277643.026857,enabled
1782984520.822,2026-07-02 09:28:40.823,dml_deletes,12154147,12154147,5794.911914,enabled
1782984520.822,2026-07-02 09:28:40.823,dml_inserts,112039547,112039547,53418.747226,enabled
1782984520.822,2026-07-02 09:28:40.823,dml_system_deletes,468,468,0.223135,enabled
1782984520.822,2026-07-02 09:28:40.823,dml_system_inserts,1202,1202,0.573095,enabled
1782984520.822,2026-07-02 09:28:40.823,dml_system_reads,7661,7661,3.652648,enabled
1782984520.822,2026-07-02 09:28:40.823,dml_system_updates,620,620,0.295607,enabled
1782984520.822,2026-07-02 09:28:40.823,dml_updates,24308411,24308411,11589.879589,enabled
1782984520.822,2026-07-02 09:28:40.823,file_num_open_files,35,35,0.000000,enabled
1782984520.822,2026-07-02 09:28:40.823,ibuf_merges,0,0,0.000000,enabled
1782984520.822,2026-07-02 09:28:40.823,ibuf_merges_delete,0,0,0.000000,enabled
1782984520.822,2026-07-02 09:28:40.823,ibuf_merges_delete_mark,0,0,0.000000,enabled
1782984520.822,2026-07-02 09:28:40.823,ibuf_merges_discard_delete,0,0,0.000000,enabled
1782984520.822,2026-07-02 09:28:40.823,ibuf_merges_discard_delete_mark,0,0,0.000000,enabled
1782984520.822,2026-07-02 09:28:40.823,ibuf_merges_discard_insert,0,0,0.000000,enabled
1782984520.822,2026-07-02 09:28:40.823,ibuf_merges_insert,0,0,0.000000,enabled
1782984520.822,2026-07-02 09:28:40.823,ibuf_size,1,1,0.000477,enabled
1782984520.822,2026-07-02 09:28:40.823,innodb_activity_count,16872499,16872499,8044.550461,enabled
1782984520.822,2026-07-02 09:28:40.823,innodb_dblwr_pages_written,22150965,22150965,10561.242469,enabled
1782984520.822,2026-07-02 09:28:40.823,innodb_dblwr_writes,448196,448196,213.693021,enabled
1782984520.822,2026-07-02 09:28:40.823,innodb_page_size,16384,16384,0.000000,enabled
1782984520.822,2026-07-02 09:28:40.823,innodb_rwlock_sx_os_waits,0,0,0.000000,enabled
1782984520.822,2026-07-02 09:28:40.823,innodb_rwlock_sx_spin_rounds,0,0,0.000000,enabled
1782984520.822,2026-07-02 09:28:40.823,innodb_rwlock_sx_spin_waits,0,0,0.000000,enabled
1782984520.822,2026-07-02 09:28:40.823,innodb_rwlock_s_os_waits,0,0,0.000000,enabled
1782984520.822,2026-07-02 09:28:40.823,innodb_rwlock_s_spin_rounds,0,0,0.000000,enabled
1782984520.822,2026-07-02 09:28:40.823,innodb_rwlock_s_spin_waits,0,0,0.000000,enabled
1782984520.822,2026-07-02 09:28:40.823,innodb_rwlock_x_os_waits,0,0,0.000000,enabled
1782984520.822,2026-07-02 09:28:40.823,innodb_rwlock_x_spin_rounds,0,0,0.000000,enabled
1782984520.822,2026-07-02 09:28:40.823,innodb_rwlock_x_spin_waits,0,0,0.000000,enabled
1782984520.822,2026-07-02 09:28:40.823,lock_deadlocks,0,0,0.000000,enabled
1782984520.822,2026-07-02 09:28:40.823,lock_deadlock_false_positives,0,0,0.000000,enabled
1782984520.822,2026-07-02 09:28:40.823,lock_deadlock_rounds,2334,2334,1.112816,enabled
1782984520.822,2026-07-02 09:28:40.823,lock_rec_grant_attempts,425,425,0.202634,enabled
1782984520.822,2026-07-02 09:28:40.823,lock_rec_release_attempts,36941139,36941139,17612.979158,enabled
1782984520.822,2026-07-02 09:28:40.823,lock_row_lock_current_waits,0,0,0.000000,enabled
1782984520.822,2026-07-02 09:28:40.823,lock_row_lock_time,323,323,0.154002,enabled
1782984520.822,2026-07-02 09:28:40.823,lock_row_lock_time_avg,0,0,0.000000,enabled
1782984520.822,2026-07-02 09:28:40.823,lock_row_lock_time_max,29,29,0.000000,enabled
1782984520.822,2026-07-02 09:28:40.823,lock_row_lock_waits,425,425,0.202634,enabled
1782984520.822,2026-07-02 09:28:40.823,lock_schedule_refreshes,2334,2334,1.112816,enabled
1782984520.822,2026-07-02 09:28:40.823,lock_threads_waiting,0,0,0.000000,enabled
1782984520.822,2026-07-02 09:28:40.823,lock_timeouts,0,0,0.000000,enabled
1782984520.822,2026-07-02 09:28:40.823,log_waits,0,0,0.000000,enabled
1782984520.822,2026-07-02 09:28:40.823,log_writes,183512642,183512642,87496.040373,enabled
1782984520.822,2026-07-02 09:28:40.823,log_write_requests,391317018,391317018,186574.010853,enabled
1782984520.822,2026-07-02 09:28:40.823,os_data_fsyncs,48401625,48401625,23077.161357,enabled
1782984520.822,2026-07-02 09:28:40.823,os_data_reads,64441323,64441323,30724.646390,enabled
1782984520.822,2026-07-02 09:28:40.823,os_data_writes,206454657,206454657,98434.452187,enabled
1782984520.822,2026-07-02 09:28:40.823,os_log_bytes_written,118375107584,118375107584,56439457.294079,enabled
1782984520.822,2026-07-02 09:28:40.823,os_log_fsyncs,42490225,42490225,20258.695272,enabled
1782984520.822,2026-07-02 09:28:40.823,os_log_pending_fsyncs,1,1,0.000477,enabled
1782984520.822,2026-07-02 09:28:40.823,os_log_pending_writes,1,1,0.000477,enabled
1782984520.822,2026-07-02 09:28:40.823,trx_rseg_history_len,1084,1084,0.000000,enabled
1782984521.894,2026-07-02 09:28:41.896,adaptive_hash_searches,0,0,0.000000,enabled
1782984521.894,2026-07-02 09:28:41.896,adaptive_hash_searches_btree,563940692,563940692,268741.356817,enabled
1782984521.894,2026-07-02 09:28:41.896,buffer_data_reads,1051833174528,1051833174528,501242628.467961,enabled
1782984521.894,2026-07-02 09:28:41.896,buffer_data_written,516942238208,516942238208,246344660.270782,enabled
1782984521.894,2026-07-02 09:28:41.896,buffer_pages0_read,7,7,0.003336,enabled
1782984521.894,2026-07-02 09:28:41.896,buffer_pages_created,1806694,1806694,860.965484,enabled
1782984521.894,2026-07-02 09:28:41.896,buffer_pages_read,64380056,64380056,30679.797282,enabled
1782984521.894,2026-07-02 09:28:41.896,buffer_pages_written,22226434,22226434,10591.828190,enabled
1782984521.894,2026-07-02 09:28:41.896,buffer_pool_bytes_data,12849627136,12849627136,0.000000,enabled
1782984521.894,2026-07-02 09:28:41.896,buffer_pool_bytes_dirty,4669571072,4669571072,0.000000,enabled
1782984521.894,2026-07-02 09:28:41.896,buffer_pool_pages_data,784279,784279,0.000000,enabled
1782984521.894,2026-07-02 09:28:41.896,buffer_pool_pages_dirty,285009,285009,0.000000,enabled
1782984521.894,2026-07-02 09:28:41.896,buffer_pool_pages_flushed,22169335,22169335,0.000000,enabled
1782984521.894,2026-07-02 09:28:41.896,buffer_pool_pages_free,2058,2058,0.000000,enabled
1782984521.894,2026-07-02 09:28:41.896,buffer_pool_pages_lru_flushed,0,0,0.000000,enabled
1782984521.894,2026-07-02 09:28:41.896,buffer_pool_pages_misc,96,96,0.000000,enabled
1782984521.894,2026-07-02 09:28:41.896,buffer_pool_pages_total,786432,786432,0.000000,enabled
1782984521.894,2026-07-02 09:28:41.896,buffer_pool_reads,63494485,63494485,30257.786825,enabled
1782984521.894,2026-07-02 09:28:41.896,buffer_pool_read_ahead,803715,803715,383.003923,enabled
1782984521.894,2026-07-02 09:28:41.896,buffer_pool_read_ahead_evicted,25,25,0.011914,enabled
1782984521.894,2026-07-02 09:28:41.896,buffer_pool_read_requests,2711508267,2711508267,1292147.477520,enabled
1782984521.894,2026-07-02 09:28:41.896,buffer_pool_size,12884901888,12884901888,0.000000,enabled
1782984521.894,2026-07-02 09:28:41.896,buffer_pool_wait_free,18945,18945,9.028088,enabled
1782984521.894,2026-07-02 09:28:41.896,buffer_pool_write_requests,582440874,582440874,277557.518262,enabled
1782984521.894,2026-07-02 09:28:41.896,dml_deletes,12159105,12159105,5794.322565,enabled
1782984521.894,2026-07-02 09:28:41.896,dml_inserts,112044508,112044508,53393.898781,enabled
1782984521.894,2026-07-02 09:28:41.896,dml_system_deletes,468,468,0.223022,enabled
1782984521.894,2026-07-02 09:28:41.896,dml_system_inserts,1202,1202,0.572803,enabled
1782984521.894,2026-07-02 09:28:41.896,dml_system_reads,7661,7661,3.650787,enabled
1782984521.894,2026-07-02 09:28:41.896,dml_system_updates,620,620,0.295456,enabled
1782984521.894,2026-07-02 09:28:41.896,dml_updates,24318324,24318324,11588.699443,enabled
1782984521.894,2026-07-02 09:28:41.896,file_num_open_files,35,35,0.000000,enabled
1782984521.894,2026-07-02 09:28:41.896,ibuf_merges,0,0,0.000000,enabled
1782984521.894,2026-07-02 09:28:41.896,ibuf_merges_delete,0,0,0.000000,enabled
1782984521.894,2026-07-02 09:28:41.896,ibuf_merges_delete_mark,0,0,0.000000,enabled
1782984521.894,2026-07-02 09:28:41.896,ibuf_merges_discard_delete,0,0,0.000000,enabled
1782984521.894,2026-07-02 09:28:41.896,ibuf_merges_discard_delete_mark,0,0,0.000000,enabled
1782984521.894,2026-07-02 09:28:41.896,ibuf_merges_discard_insert,0,0,0.000000,enabled
1782984521.894,2026-07-02 09:28:41.896,ibuf_merges_insert,0,0,0.000000,enabled
1782984521.894,2026-07-02 09:28:41.896,ibuf_size,1,1,0.000477,enabled
1782984521.894,2026-07-02 09:28:41.896,innodb_activity_count,16878199,16878199,8043.168552,enabled
1782984521.894,2026-07-02 09:28:41.896,innodb_dblwr_pages_written,22167413,22167413,10563.700420,enabled
1782984521.894,2026-07-02 09:28:41.896,innodb_dblwr_writes,448546,448546,213.750949,enabled
1782984521.894,2026-07-02 09:28:41.896,innodb_page_size,16384,16384,0.000000,enabled
1782984521.894,2026-07-02 09:28:41.896,innodb_rwlock_sx_os_waits,0,0,0.000000,enabled
1782984521.894,2026-07-02 09:28:41.896,innodb_rwlock_sx_spin_rounds,0,0,0.000000,enabled
1782984521.894,2026-07-02 09:28:41.896,innodb_rwlock_sx_spin_waits,0,0,0.000000,enabled
1782984521.894,2026-07-02 09:28:41.896,innodb_rwlock_s_os_waits,0,0,0.000000,enabled
1782984521.894,2026-07-02 09:28:41.896,innodb_rwlock_s_spin_rounds,0,0,0.000000,enabled
1782984521.894,2026-07-02 09:28:41.896,innodb_rwlock_s_spin_waits,0,0,0.000000,enabled
1782984521.894,2026-07-02 09:28:41.896,innodb_rwlock_x_os_waits,0,0,0.000000,enabled
1782984521.894,2026-07-02 09:28:41.896,innodb_rwlock_x_spin_rounds,0,0,0.000000,enabled
1782984521.894,2026-07-02 09:28:41.896,innodb_rwlock_x_spin_waits,0,0,0.000000,enabled
1782984521.894,2026-07-02 09:28:41.896,lock_deadlocks,0,0,0.000000,enabled
1782984521.894,2026-07-02 09:28:41.896,lock_deadlock_false_positives,0,0,0.000000,enabled
1782984521.894,2026-07-02 09:28:41.896,lock_deadlock_rounds,2335,2335,1.112726,enabled
1782984521.894,2026-07-02 09:28:41.896,lock_rec_grant_attempts,425,425,0.202530,enabled
1782984521.894,2026-07-02 09:28:41.896,lock_rec_release_attempts,36956213,36956213,17611.186709,enabled
1782984521.894,2026-07-02 09:28:41.896,lock_row_lock_current_waits,0,0,0.000000,enabled
1782984521.894,2026-07-02 09:28:41.896,lock_row_lock_time,323,323,0.153923,enabled
1782984521.894,2026-07-02 09:28:41.896,lock_row_lock_time_avg,0,0,0.000000,enabled
1782984521.894,2026-07-02 09:28:41.896,lock_row_lock_time_max,29,29,0.000000,enabled
1782984521.894,2026-07-02 09:28:41.896,lock_row_lock_waits,425,425,0.202530,enabled
1782984521.894,2026-07-02 09:28:41.896,lock_schedule_refreshes,2335,2335,1.112725,enabled
1782984521.894,2026-07-02 09:28:41.896,lock_threads_waiting,0,0,0.000000,enabled
1782984521.894,2026-07-02 09:28:41.896,lock_timeouts,0,0,0.000000,enabled
1782984521.894,2026-07-02 09:28:41.896,log_waits,0,0,0.000000,enabled
1782984521.894,2026-07-02 09:28:41.896,log_writes,183591628,183591628,87489.102686,enabled
1782984521.894,2026-07-02 09:28:41.896,log_write_requests,391401524,391401524,186519.224879,enabled
1782984521.894,2026-07-02 09:28:41.896,os_data_fsyncs,48435534,48435534,23081.562113,enabled
1782984521.894,2026-07-02 09:28:41.896,os_data_reads,64499223,64499223,30736.583278,enabled
1782984521.894,2026-07-02 09:28:41.896,os_data_writes,206550387,206550387,98429.916994,enabled
1782984521.894,2026-07-02 09:28:41.896,os_log_bytes_written,118416841216,118416841216,56430588.125312,enabled
1782984521.894,2026-07-02 09:28:41.896,os_log_fsyncs,42519124,42519124,20262.144699,enabled
1782984521.894,2026-07-02 09:28:41.896,os_log_pending_fsyncs,1,1,0.000477,enabled
1782984521.894,2026-07-02 09:28:41.896,os_log_pending_writes,1,1,0.000477,enabled
1782984521.894,2026-07-02 09:28:41.896,trx_rseg_history_len,974,974,0.000000,enabled
1782984522.963,2026-07-02 09:28:42.964,adaptive_hash_searches,0,0,0.000000,enabled
1782984522.963,2026-07-02 09:28:42.964,adaptive_hash_searches_btree,564111298,564111298,268685.519046,enabled
1782984522.963,2026-07-02 09:28:42.964,buffer_data_reads,1052778678784,1052778678784,501437260.179085,enabled
1782984522.963,2026-07-02 09:28:42.964,buffer_data_written,517255549440,517255549440,246368216.301681,enabled
1782984522.963,2026-07-02 09:28:42.964,buffer_pages0_read,7,7,0.003334,enabled
1782984522.963,2026-07-02 09:28:42.964,buffer_pages_created,1806736,1806736,860.546263,enabled
1782984522.963,2026-07-02 09:28:42.964,buffer_pages_read,64437928,64437928,30691.710224,enabled
1782984522.963,2026-07-02 09:28:42.964,buffer_pages_written,22242665,22242665,10594.155530,enabled
1782984522.963,2026-07-02 09:28:42.964,buffer_pool_bytes_data,12853329920,12853329920,0.000000,enabled
1782984522.963,2026-07-02 09:28:42.964,buffer_pool_bytes_dirty,4674715648,4674715648,0.000000,enabled
1782984522.963,2026-07-02 09:28:42.964,buffer_pool_pages_data,784505,784505,0.000000,enabled
1782984522.963,2026-07-02 09:28:42.964,buffer_pool_pages_dirty,285322,285322,0.000000,enabled
1782984522.963,2026-07-02 09:28:42.964,buffer_pool_pages_flushed,22185559,22185559,0.000000,enabled
1782984522.963,2026-07-02 09:28:42.964,buffer_pool_pages_free,1832,1832,0.000000,enabled
1782984522.963,2026-07-02 09:28:42.964,buffer_pool_pages_lru_flushed,0,0,0.000000,enabled
1782984522.963,2026-07-02 09:28:42.964,buffer_pool_pages_misc,96,96,0.000000,enabled
1782984522.963,2026-07-02 09:28:42.964,buffer_pool_pages_total,786432,786432,0.000000,enabled
1782984522.963,2026-07-02 09:28:42.964,buffer_pool_reads,63552304,63552304,30269.889749,enabled
1782984522.963,2026-07-02 09:28:42.964,buffer_pool_read_ahead,803715,803715,382.808531,enabled
1782984522.963,2026-07-02 09:28:42.964,buffer_pool_read_ahead_evicted,25,25,0.011907,enabled
1782984522.963,2026-07-02 09:28:42.964,buffer_pool_read_requests,2712356728,2712356728,1291892.399891,enabled
1782984522.963,2026-07-02 09:28:42.964,buffer_pool_size,12884901888,12884901888,0.000000,enabled
1782984522.963,2026-07-02 09:28:42.964,buffer_pool_wait_free,18945,18945,9.023482,enabled
1782984522.963,2026-07-02 09:28:42.964,buffer_pool_write_requests,582559374,582559374,277472.361677,enabled
1782984522.963,2026-07-02 09:28:42.964,dml_deletes,12164022,12164022,5793.708585,enabled
1782984522.963,2026-07-02 09:28:42.964,dml_inserts,112049422,112049422,53369.000725,enabled
1782984522.963,2026-07-02 09:28:42.964,dml_system_deletes,468,468,0.222908,enabled
1782984522.963,2026-07-02 09:28:42.964,dml_system_inserts,1202,1202,0.572511,enabled
1782984522.963,2026-07-02 09:28:42.964,dml_system_reads,7661,7661,3.648925,enabled
1782984522.963,2026-07-02 09:28:42.964,dml_system_updates,620,620,0.295305,enabled
1782984522.963,2026-07-02 09:28:42.964,dml_updates,24328159,24328159,11587.471933,enabled
1782984522.963,2026-07-02 09:28:42.964,file_num_open_files,35,35,0.000000,enabled
1782984522.963,2026-07-02 09:28:42.964,ibuf_merges,0,0,0.000000,enabled
1782984522.963,2026-07-02 09:28:42.964,ibuf_merges_delete,0,0,0.000000,enabled
1782984522.963,2026-07-02 09:28:42.964,ibuf_merges_delete_mark,0,0,0.000000,enabled
1782984522.963,2026-07-02 09:28:42.964,ibuf_merges_discard_delete,0,0,0.000000,enabled
1782984522.963,2026-07-02 09:28:42.964,ibuf_merges_discard_delete_mark,0,0,0.000000,enabled
1782984522.963,2026-07-02 09:28:42.964,ibuf_merges_discard_insert,0,0,0.000000,enabled
1782984522.963,2026-07-02 09:28:42.964,ibuf_merges_insert,0,0,0.000000,enabled
1782984522.963,2026-07-02 09:28:42.964,ibuf_size,1,1,0.000476,enabled
1782984522.963,2026-07-02 09:28:42.964,innodb_activity_count,16883845,16883845,8041.754555,enabled
1782984522.963,2026-07-02 09:28:42.964,innodb_dblwr_pages_written,22183687,22183687,10566.062692,enabled
1782984522.963,2026-07-02 09:28:42.964,innodb_dblwr_writes,448925,448925,213.822423,enabled
1782984522.963,2026-07-02 09:28:42.964,innodb_page_size,16384,16384,0.000000,enabled
1782984522.963,2026-07-02 09:28:42.964,innodb_rwlock_sx_os_waits,0,0,0.000000,enabled
1782984522.963,2026-07-02 09:28:42.964,innodb_rwlock_sx_spin_rounds,0,0,0.000000,enabled
1782984522.963,2026-07-02 09:28:42.964,innodb_rwlock_sx_spin_waits,0,0,0.000000,enabled
1782984522.963,2026-07-02 09:28:42.964,innodb_rwlock_s_os_waits,0,0,0.000000,enabled
1782984522.963,2026-07-02 09:28:42.964,innodb_rwlock_s_spin_rounds,0,0,0.000000,enabled
1782984522.963,2026-07-02 09:28:42.964,innodb_rwlock_s_spin_waits,0,0,0.000000,enabled
1782984522.963,2026-07-02 09:28:42.964,innodb_rwlock_x_os_waits,0,0,0.000000,enabled
1782984522.963,2026-07-02 09:28:42.964,innodb_rwlock_x_spin_rounds,0,0,0.000000,enabled
1782984522.963,2026-07-02 09:28:42.964,innodb_rwlock_x_spin_waits,0,0,0.000000,enabled
1782984522.963,2026-07-02 09:28:42.964,lock_deadlocks,0,0,0.000000,enabled
1782984522.963,2026-07-02 09:28:42.964,lock_deadlock_false_positives,0,0,0.000000,enabled
1782984522.963,2026-07-02 09:28:42.964,lock_deadlock_rounds,2336,2336,1.112634,enabled
1782984522.963,2026-07-02 09:28:42.964,lock_rec_grant_attempts,425,425,0.202427,enabled
1782984522.963,2026-07-02 09:28:42.964,lock_rec_release_attempts,36971158,36971158,17609.320534,enabled
1782984522.963,2026-07-02 09:28:42.964,lock_row_lock_current_waits,0,0,0.000000,enabled
1782984522.963,2026-07-02 09:28:42.964,lock_row_lock_time,323,323,0.153845,enabled
1782984522.963,2026-07-02 09:28:42.964,lock_row_lock_time_avg,0,0,0.000000,enabled
1782984522.963,2026-07-02 09:28:42.964,lock_row_lock_time_max,29,29,0.000000,enabled
1782984522.963,2026-07-02 09:28:42.964,lock_row_lock_waits,425,425,0.202427,enabled
1782984522.963,2026-07-02 09:28:42.964,lock_schedule_refreshes,2336,2336,1.112634,enabled
1782984522.963,2026-07-02 09:28:42.964,lock_threads_waiting,0,0,0.000000,enabled
1782984522.963,2026-07-02 09:28:42.964,lock_timeouts,0,0,0.000000,enabled
1782984522.963,2026-07-02 09:28:42.964,log_waits,0,0,0.000000,enabled
1782984522.963,2026-07-02 09:28:42.964,log_writes,183669791,183669791,87481.698915,enabled
1782984522.963,2026-07-02 09:28:42.964,log_write_requests,391485931,391485931,186464.274736,enabled
1782984522.963,2026-07-02 09:28:42.964,os_data_fsyncs,48470115,48470115,23086.257780,enabled
1782984522.963,2026-07-02 09:28:42.964,os_data_reads,64556927,64556927,30748.387142,enabled
1782984522.963,2026-07-02 09:28:42.964,os_data_writes,206645072,206645072,98424.800625,enabled
1782984522.963,2026-07-02 09:28:42.964,os_log_bytes_written,118457884160,118457884160,56421348.347592,enabled
1782984522.963,2026-07-02 09:28:42.964,os_log_fsyncs,42548583,42548583,20265.839106,enabled
1782984522.963,2026-07-02 09:28:42.964,os_log_pending_fsyncs,1,1,0.000476,enabled
1782984522.963,2026-07-02 09:28:42.964,os_log_pending_writes,0,0,0.000000,enabled
1782984522.963,2026-07-02 09:28:42.964,trx_rseg_history_len,123,123,0.000000,enabled
1782984524.034,2026-07-02 09:28:44.036,adaptive_hash_searches,0,0,0.000000,enabled
1782984524.034,2026-07-02 09:28:44.036,adaptive_hash_searches_btree,564282742,564282742,268629.901113,enabled
1782984524.034,2026-07-02 09:28:44.036,buffer_data_reads,1053729606144,1053729606144,501633830.832577,enabled
1782984524.034,2026-07-02 09:28:44.036,buffer_data_written,517567672320,517567672320,246390964.498110,enabled
1782984524.034,2026-07-02 09:28:44.036,buffer_pages0_read,7,7,0.003332,enabled
1782984524.034,2026-07-02 09:28:44.036,buffer_pages_created,1806778,1806778,860.126708,enabled
1782984524.034,2026-07-02 09:28:44.036,buffer_pages_read,64496126,64496126,30703.739013,enabled
1782984524.034,2026-07-02 09:28:44.036,buffer_pages_written,22258761,22258761,10596.406840,enabled
1782984524.034,2026-07-02 09:28:44.036,buffer_pool_bytes_data,12848201728,12848201728,0.000000,enabled
1782984524.034,2026-07-02 09:28:44.036,buffer_pool_bytes_dirty,4682432512,4682432512,0.000000,enabled
1782984524.034,2026-07-02 09:28:44.036,buffer_pool_pages_data,784192,784192,0.000000,enabled
1782984524.034,2026-07-02 09:28:44.036,buffer_pool_pages_dirty,285793,285793,0.000000,enabled
1782984524.034,2026-07-02 09:28:44.036,buffer_pool_pages_flushed,22201691,22201691,0.000000,enabled
1782984524.034,2026-07-02 09:28:44.036,buffer_pool_pages_free,2143,2143,0.000000,enabled
1782984524.034,2026-07-02 09:28:44.036,buffer_pool_pages_lru_flushed,0,0,0.000000,enabled
1782984524.034,2026-07-02 09:28:44.036,buffer_pool_pages_misc,96,96,0.000000,enabled
1782984524.034,2026-07-02 09:28:44.036,buffer_pool_pages_total,786432,786432,0.000000,enabled
1782984524.034,2026-07-02 09:28:44.036,buffer_pool_reads,63610446,63610446,30282.107182,enabled
1782984524.034,2026-07-02 09:28:44.036,buffer_pool_read_ahead,803715,803715,382.612999,enabled
1782984524.034,2026-07-02 09:28:44.036,buffer_pool_read_ahead_evicted,25,25,0.011901,enabled
1782984524.034,2026-07-02 09:28:44.036,buffer_pool_read_requests,2713206485,2713206485,1291637.055025,enabled
1782984524.034,2026-07-02 09:28:44.036,buffer_pool_size,12884901888,12884901888,0.000000,enabled
1782984524.034,2026-07-02 09:28:44.036,buffer_pool_wait_free,18945,18945,9.018873,enabled
1782984524.034,2026-07-02 09:28:44.036,buffer_pool_write_requests,582675365,582675365,277385.851806,enabled
1782984524.034,2026-07-02 09:28:44.036,dml_deletes,12168974,12168974,5793.106793,enabled
1782984524.034,2026-07-02 09:28:44.036,dml_inserts,112054377,112054377,53344.100611,enabled
1782984524.034,2026-07-02 09:28:44.036,dml_system_deletes,468,468,0.222794,enabled
1782984524.034,2026-07-02 09:28:44.036,dml_system_inserts,1202,1202,0.572219,enabled
1782984524.034,2026-07-02 09:28:44.036,dml_system_reads,7661,7661,3.647061,enabled
1782984524.034,2026-07-02 09:28:44.036,dml_system_updates,620,620,0.295154,enabled
1782984524.034,2026-07-02 09:28:44.036,dml_updates,24338064,24338064,11586.268797,enabled
1782984524.034,2026-07-02 09:28:44.036,file_num_open_files,35,35,0.000000,enabled
1782984524.034,2026-07-02 09:28:44.036,ibuf_merges,0,0,0.000000,enabled
1782984524.034,2026-07-02 09:28:44.036,ibuf_merges_delete,0,0,0.000000,enabled
1782984524.034,2026-07-02 09:28:44.036,ibuf_merges_delete_mark,0,0,0.000000,enabled
1782984524.034,2026-07-02 09:28:44.036,ibuf_merges_discard_delete,0,0,0.000000,enabled
1782984524.034,2026-07-02 09:28:44.036,ibuf_merges_discard_delete_mark,0,0,0.000000,enabled
1782984524.034,2026-07-02 09:28:44.036,ibuf_merges_discard_insert,0,0,0.000000,enabled
1782984524.034,2026-07-02 09:28:44.036,ibuf_merges_insert,0,0,0.000000,enabled
1782984524.034,2026-07-02 09:28:44.036,ibuf_size,1,1,0.000476,enabled
1782984524.034,2026-07-02 09:28:44.036,innodb_activity_count,16889542,16889542,8040.359211,enabled
1782984524.034,2026-07-02 09:28:44.036,innodb_dblwr_pages_written,22199769,22199769,10568.321861,enabled
1782984524.034,2026-07-02 09:28:44.036,innodb_dblwr_writes,449286,449286,213.885066,enabled
1782984524.034,2026-07-02 09:28:44.036,innodb_page_size,16384,16384,0.000000,enabled
1782984524.034,2026-07-02 09:28:44.036,innodb_rwlock_sx_os_waits,0,0,0.000000,enabled
1782984524.034,2026-07-02 09:28:44.036,innodb_rwlock_sx_spin_rounds,0,0,0.000000,enabled
1782984524.034,2026-07-02 09:28:44.036,innodb_rwlock_sx_spin_waits,0,0,0.000000,enabled
1782984524.034,2026-07-02 09:28:44.036,innodb_rwlock_s_os_waits,0,0,0.000000,enabled
1782984524.034,2026-07-02 09:28:44.036,innodb_rwlock_s_spin_rounds,0,0,0.000000,enabled
1782984524.034,2026-07-02 09:28:44.036,innodb_rwlock_s_spin_waits,0,0,0.000000,enabled
1782984524.034,2026-07-02 09:28:44.036,innodb_rwlock_x_os_waits,0,0,0.000000,enabled
1782984524.034,2026-07-02 09:28:44.036,innodb_rwlock_x_spin_rounds,0,0,0.000000,enabled
1782984524.034,2026-07-02 09:28:44.036,innodb_rwlock_x_spin_waits,0,0,0.000000,enabled
1782984524.034,2026-07-02 09:28:44.036,lock_deadlocks,0,0,0.000000,enabled
1782984524.034,2026-07-02 09:28:44.036,lock_deadlock_false_positives,0,0,0.000000,enabled
1782984524.034,2026-07-02 09:28:44.036,lock_deadlock_rounds,2337,2337,1.112542,enabled
1782984524.034,2026-07-02 09:28:44.036,lock_rec_grant_attempts,425,425,0.202324,enabled
1782984524.034,2026-07-02 09:28:44.036,lock_rec_release_attempts,36986226,36986226,17607.499162,enabled
1782984524.034,2026-07-02 09:28:44.036,lock_row_lock_current_waits,0,0,0.000000,enabled
1782984524.034,2026-07-02 09:28:44.036,lock_row_lock_time,323,323,0.153766,enabled
1782984524.034,2026-07-02 09:28:44.036,lock_row_lock_time_avg,0,0,0.000000,enabled
1782984524.034,2026-07-02 09:28:44.036,lock_row_lock_time_max,29,29,0.000000,enabled
1782984524.034,2026-07-02 09:28:44.036,lock_row_lock_waits,425,425,0.202324,enabled
1782984524.034,2026-07-02 09:28:44.036,lock_schedule_refreshes,2337,2337,1.112542,enabled
1782984524.034,2026-07-02 09:28:44.036,lock_threads_waiting,0,0,0.000000,enabled
1782984524.034,2026-07-02 09:28:44.036,lock_timeouts,0,0,0.000000,enabled
1782984524.034,2026-07-02 09:28:44.036,log_waits,0,0,0.000000,enabled
1782984524.034,2026-07-02 09:28:44.036,log_writes,183750391,183750391,87475.386413,enabled
1782984524.034,2026-07-02 09:28:44.036,log_write_requests,391569929,391569929,186409.023076,enabled
1782984524.034,2026-07-02 09:28:44.036,os_data_fsyncs,48505190,48505190,23091.163722,enabled
1782984524.034,2026-07-02 09:28:44.036,os_data_reads,64614981,64614981,30760.318790,enabled
1782984524.034,2026-07-02 09:28:44.036,os_data_writes,206742028,206742028,98420.684873,enabled
1782984524.034,2026-07-02 09:28:44.036,os_log_bytes_written,118500116992,118500116992,56412635.379997,enabled
1782984524.034,2026-07-02 09:28:44.036,os_log_fsyncs,42578639,42578639,20269.796312,enabled
1782984524.034,2026-07-02 09:28:44.036,os_log_pending_fsyncs,1,1,0.000476,enabled
1782984524.034,2026-07-02 09:28:44.036,os_log_pending_writes,0,0,0.000000,enabled
1782984524.034,2026-07-02 09:28:44.036,trx_rseg_history_len,261,261,0.000000,enabled
1782984525.107,2026-07-02 09:28:45.109,adaptive_hash_searches,0,0,0.000000,enabled
1782984525.107,2026-07-02 09:28:45.109,adaptive_hash_searches_btree,564453819,564453819,268574.337537,enabled
1782984525.107,2026-07-02 09:28:45.109,buffer_data_reads,1054676027904,1054676027904,501828396.056034,enabled
1782984525.107,2026-07-02 09:28:45.109,buffer_data_written,517883950080,517883950080,246415832.859081,enabled
1782984525.107,2026-07-02 09:28:45.109,buffer_pages0_read,7,7,0.003331,enabled
1782984525.107,2026-07-02 09:28:45.109,buffer_pages_created,1806819,1806819,859.707687,enabled
1782984525.107,2026-07-02 09:28:45.109,buffer_pages_read,64554057,64554057,30715.649248,enabled
1782984525.107,2026-07-02 09:28:45.109,buffer_pages_written,22275106,22275106,10598.781503,enabled
1782984525.107,2026-07-02 09:28:45.109,buffer_pool_bytes_data,12850413568,12850413568,0.000000,enabled
1782984525.107,2026-07-02 09:28:45.109,buffer_pool_bytes_dirty,4684201984,4684201984,0.000000,enabled
1782984525.107,2026-07-02 09:28:45.109,buffer_pool_pages_data,784326,784326,0.000000,enabled
1782984525.107,2026-07-02 09:28:45.109,buffer_pool_pages_dirty,285901,285901,0.000000,enabled
1782984525.107,2026-07-02 09:28:45.109,buffer_pool_pages_flushed,22218036,22218036,0.000000,enabled
1782984525.107,2026-07-02 09:28:45.109,buffer_pool_pages_free,2007,2007,0.000000,enabled
1782984525.107,2026-07-02 09:28:45.109,buffer_pool_pages_lru_flushed,0,0,0.000000,enabled
1782984525.107,2026-07-02 09:28:45.109,buffer_pool_pages_misc,97,97,0.000000,enabled
1782984525.107,2026-07-02 09:28:45.109,buffer_pool_pages_total,786432,786432,0.000000,enabled
1782984525.107,2026-07-02 09:28:45.109,buffer_pool_reads,63668310,63668310,30294.200540,enabled
1782984525.107,2026-07-02 09:28:45.109,buffer_pool_read_ahead,803715,803715,382.417927,enabled
1782984525.107,2026-07-02 09:28:45.109,buffer_pool_read_ahead_evicted,25,25,0.011895,enabled
1782984525.107,2026-07-02 09:28:45.109,buffer_pool_read_requests,2714053981,2714053981,1291381.774492,enabled
1782984525.107,2026-07-02 09:28:45.109,buffer_pool_size,12884901888,12884901888,0.000000,enabled
1782984525.107,2026-07-02 09:28:45.109,buffer_pool_wait_free,18945,18945,9.014275,enabled
1782984525.107,2026-07-02 09:28:45.109,buffer_pool_write_requests,582791199,582791199,277299.544309,enabled
1782984525.107,2026-07-02 09:28:45.109,dml_deletes,12173913,12173913,5792.503164,enabled
1782984525.107,2026-07-02 09:28:45.109,dml_inserts,112059316,112059316,53319.252654,enabled
1782984525.107,2026-07-02 09:28:45.109,dml_system_deletes,468,468,0.222680,enabled
1782984525.107,2026-07-02 09:28:45.109,dml_system_inserts,1202,1202,0.571927,enabled
1782984525.107,2026-07-02 09:28:45.109,dml_system_reads,7661,7661,3.645202,enabled
1782984525.107,2026-07-02 09:28:45.109,dml_system_updates,620,620,0.295004,enabled
1782984525.107,2026-07-02 09:28:45.109,dml_updates,24347939,24347939,11585.060085,enabled
1782984525.107,2026-07-02 09:28:45.109,file_num_open_files,35,35,0.000000,enabled
1782984525.107,2026-07-02 09:28:45.109,ibuf_merges,0,0,0.000000,enabled
1782984525.107,2026-07-02 09:28:45.109,ibuf_merges_delete,0,0,0.000000,enabled
1782984525.107,2026-07-02 09:28:45.109,ibuf_merges_delete_mark,0,0,0.000000,enabled
1782984525.107,2026-07-02 09:28:45.109,ibuf_merges_discard_delete,0,0,0.000000,enabled
1782984525.107,2026-07-02 09:28:45.109,ibuf_merges_discard_delete_mark,0,0,0.000000,enabled
1782984525.107,2026-07-02 09:28:45.109,ibuf_merges_discard_insert,0,0,0.000000,enabled
1782984525.107,2026-07-02 09:28:45.109,ibuf_merges_insert,0,0,0.000000,enabled
1782984525.107,2026-07-02 09:28:45.109,ibuf_size,1,1,0.000476,enabled
1782984525.107,2026-07-02 09:28:45.109,innodb_activity_count,16895214,16895214,8038.958552,enabled
1782984525.107,2026-07-02 09:28:45.109,innodb_dblwr_pages_written,22216114,22216114,10570.710647,enabled
1782984525.107,2026-07-02 09:28:45.109,innodb_dblwr_writes,449661,449661,213.954444,enabled
1782984525.107,2026-07-02 09:28:45.109,innodb_page_size,16384,16384,0.000000,enabled
1782984525.107,2026-07-02 09:28:45.109,innodb_rwlock_sx_os_waits,0,0,0.000000,enabled
1782984525.107,2026-07-02 09:28:45.109,innodb_rwlock_sx_spin_rounds,0,0,0.000000,enabled
1782984525.107,2026-07-02 09:28:45.109,innodb_rwlock_sx_spin_waits,0,0,0.000000,enabled
1782984525.107,2026-07-02 09:28:45.109,innodb_rwlock_s_os_waits,0,0,0.000000,enabled
1782984525.107,2026-07-02 09:28:45.109,innodb_rwlock_s_spin_rounds,0,0,0.000000,enabled
1782984525.107,2026-07-02 09:28:45.109,innodb_rwlock_s_spin_waits,0,0,0.000000,enabled
1782984525.107,2026-07-02 09:28:45.109,innodb_rwlock_x_os_waits,0,0,0.000000,enabled
1782984525.107,2026-07-02 09:28:45.109,innodb_rwlock_x_spin_rounds,0,0,0.000000,enabled
1782984525.107,2026-07-02 09:28:45.109,innodb_rwlock_x_spin_waits,0,0,0.000000,enabled
1782984525.107,2026-07-02 09:28:45.109,lock_deadlocks,0,0,0.000000,enabled
1782984525.107,2026-07-02 09:28:45.109,lock_deadlock_false_positives,0,0,0.000000,enabled
1782984525.107,2026-07-02 09:28:45.109,lock_deadlock_rounds,2338,2338,1.112450,enabled
1782984525.107,2026-07-02 09:28:45.109,lock_rec_grant_attempts,425,425,0.202220,enabled
1782984525.107,2026-07-02 09:28:45.109,lock_rec_release_attempts,37001214,37001214,17605.653580,enabled
1782984525.107,2026-07-02 09:28:45.109,lock_row_lock_current_waits,0,0,0.000000,enabled
1782984525.107,2026-07-02 09:28:45.109,lock_row_lock_time,323,323,0.153688,enabled
1782984525.107,2026-07-02 09:28:45.109,lock_row_lock_time_avg,0,0,0.000000,enabled
1782984525.107,2026-07-02 09:28:45.109,lock_row_lock_time_max,29,29,0.000000,enabled
1782984525.107,2026-07-02 09:28:45.109,lock_row_lock_waits,425,425,0.202220,enabled
1782984525.107,2026-07-02 09:28:45.109,lock_schedule_refreshes,2338,2338,1.112450,enabled
1782984525.107,2026-07-02 09:28:45.109,lock_threads_waiting,0,0,0.000000,enabled
1782984525.107,2026-07-02 09:28:45.109,lock_timeouts,0,0,0.000000,enabled
1782984525.107,2026-07-02 09:28:45.109,log_waits,0,0,0.000000,enabled
1782984525.107,2026-07-02 09:28:45.109,log_writes,183831629,183831629,87469.440140,enabled
1782984525.107,2026-07-02 09:28:45.109,log_write_requests,391653729,391653729,186353.853318,enabled
1782984525.107,2026-07-02 09:28:45.109,os_data_fsyncs,48540154,48540154,23096.026787,enabled
1782984525.107,2026-07-02 09:28:45.109,os_data_reads,64672749,64672749,30772.122098,enabled
1782984525.107,2026-07-02 09:28:45.109,os_data_writes,206839877,206839877,98417.061959,enabled
1782984525.107,2026-07-02 09:28:45.109,os_log_bytes_written,118542737920,118542737920,56404152.430133,enabled
1782984525.107,2026-07-02 09:28:45.109,os_log_fsyncs,42608457,42608457,20273.649347,enabled
1782984525.107,2026-07-02 09:28:45.109,os_log_pending_fsyncs,1,1,0.000476,enabled
1782984525.107,2026-07-02 09:28:45.109,os_log_pending_writes,0,0,0.000000,enabled
1782984525.107,2026-07-02 09:28:45.109,trx_rseg_history_len,393,393,0.000000,enabled
1782984526.178,2026-07-02 09:28:46.180,adaptive_hash_searches,0,0,0.000000,enabled
1782984526.178,2026-07-02 09:28:46.180,adaptive_hash_searches_btree,564624460,564624460,268518.926745,enabled
1782984526.178,2026-07-02 09:28:46.180,buffer_data_reads,1055621499392,1055621499392,502022873.823890,enabled
1782984526.178,2026-07-02 09:28:46.180,buffer_data_written,518197597696,518197597696,246439701.301396,enabled
1782984526.178,2026-07-02 09:28:46.180,buffer_pages0_read,7,7,0.003329,enabled
1782984526.178,2026-07-02 09:28:46.180,buffer_pages_created,1806864,1806864,859.291960,enabled
1782984526.178,2026-07-02 09:28:46.180,buffer_pages_read,64611928,64611928,30727.553276,enabled
1782984526.178,2026-07-02 09:28:46.180,buffer_pages_written,22291273,22291273,10601.080983,enabled
1782984526.178,2026-07-02 09:28:46.180,buffer_pool_bytes_data,12850642944,12850642944,0.000000,enabled
1782984526.178,2026-07-02 09:28:46.180,buffer_pool_bytes_dirty,4686987264,4686987264,0.000000,enabled
1782984526.178,2026-07-02 09:28:46.180,buffer_pool_pages_data,784341,784341,0.000000,enabled
1782984526.178,2026-07-02 09:28:46.180,buffer_pool_pages_dirty,286072,286072,0.000000,enabled
1782984526.178,2026-07-02 09:28:46.180,buffer_pool_pages_flushed,22234183,22234183,0.000000,enabled
1782984526.178,2026-07-02 09:28:46.180,buffer_pool_pages_free,1995,1995,0.000000,enabled
1782984526.178,2026-07-02 09:28:46.180,buffer_pool_pages_lru_flushed,0,0,0.000000,enabled
1782984526.178,2026-07-02 09:28:46.180,buffer_pool_pages_misc,97,97,0.000000,enabled
1782984526.178,2026-07-02 09:28:46.180,buffer_pool_pages_total,786432,786432,0.000000,enabled
1782984526.178,2026-07-02 09:28:46.180,buffer_pool_reads,63726139,63726139,30306.299024,enabled
1782984526.178,2026-07-02 09:28:46.180,buffer_pool_read_ahead,803715,803715,382.223483,enabled
1782984526.178,2026-07-02 09:28:46.180,buffer_pool_read_ahead_evicted,25,25,0.011889,enabled
1782984526.178,2026-07-02 09:28:46.180,buffer_pool_read_requests,2714899086,2714899086,1291127.067525,enabled
1782984526.178,2026-07-02 09:28:46.180,buffer_pool_size,12884901888,12884901888,0.000000,enabled
1782984526.178,2026-07-02 09:28:46.180,buffer_pool_wait_free,18945,18945,9.009691,enabled
1782984526.178,2026-07-02 09:28:46.180,buffer_pool_write_requests,582906233,582906233,277213.255718,enabled
1782984526.178,2026-07-02 09:28:46.180,dml_deletes,12178835,12178835,5791.898554,enabled
1782984526.178,2026-07-02 09:28:46.180,dml_inserts,112064237,112064237,53294.481190,enabled
1782984526.178,2026-07-02 09:28:46.180,dml_system_deletes,468,468,0.222567,enabled
1782984526.178,2026-07-02 09:28:46.180,dml_system_inserts,1202,1202,0.571636,enabled
1782984526.178,2026-07-02 09:28:46.180,dml_system_reads,7661,7661,3.643348,enabled
1782984526.178,2026-07-02 09:28:46.180,dml_system_updates,620,620,0.294854,enabled
1782984526.178,2026-07-02 09:28:46.180,dml_updates,24357783,24357783,11583.850836,enabled
1782984526.178,2026-07-02 09:28:46.180,file_num_open_files,35,35,0.000000,enabled
1782984526.178,2026-07-02 09:28:46.180,ibuf_merges,0,0,0.000000,enabled
1782984526.178,2026-07-02 09:28:46.180,ibuf_merges_delete,0,0,0.000000,enabled
1782984526.178,2026-07-02 09:28:46.180,ibuf_merges_delete_mark,0,0,0.000000,enabled
1782984526.178,2026-07-02 09:28:46.180,ibuf_merges_discard_delete,0,0,0.000000,enabled
1782984526.178,2026-07-02 09:28:46.180,ibuf_merges_discard_delete_mark,0,0,0.000000,enabled
1782984526.178,2026-07-02 09:28:46.180,ibuf_merges_discard_insert,0,0,0.000000,enabled
1782984526.178,2026-07-02 09:28:46.180,ibuf_merges_insert,0,0,0.000000,enabled
1782984526.178,2026-07-02 09:28:46.180,ibuf_size,1,1,0.000476,enabled
1782984526.178,2026-07-02 09:28:46.180,innodb_activity_count,16900868,16900868,8037.559812,enabled
1782984526.178,2026-07-02 09:28:46.180,innodb_dblwr_pages_written,22232284,22232284,10573.025658,enabled
1782984526.178,2026-07-02 09:28:46.180,innodb_dblwr_writes,450011,450011,214.012103,enabled
1782984526.178,2026-07-02 09:28:46.180,innodb_page_size,16384,16384,0.000000,enabled
1782984526.178,2026-07-02 09:28:46.180,innodb_rwlock_sx_os_waits,0,0,0.000000,enabled
1782984526.178,2026-07-02 09:28:46.180,innodb_rwlock_sx_spin_rounds,0,0,0.000000,enabled
1782984526.178,2026-07-02 09:28:46.180,innodb_rwlock_sx_spin_waits,0,0,0.000000,enabled
1782984526.178,2026-07-02 09:28:46.180,innodb_rwlock_s_os_waits,0,0,0.000000,enabled
1782984526.178,2026-07-02 09:28:46.180,innodb_rwlock_s_spin_rounds,0,0,0.000000,enabled
1782984526.178,2026-07-02 09:28:46.180,innodb_rwlock_s_spin_waits,0,0,0.000000,enabled
1782984526.178,2026-07-02 09:28:46.180,innodb_rwlock_x_os_waits,0,0,0.000000,enabled
1782984526.178,2026-07-02 09:28:46.180,innodb_rwlock_x_spin_rounds,0,0,0.000000,enabled
1782984526.178,2026-07-02 09:28:46.180,innodb_rwlock_x_spin_waits,0,0,0.000000,enabled
1782984526.178,2026-07-02 09:28:46.180,lock_deadlocks,0,0,0.000000,enabled
1782984526.178,2026-07-02 09:28:46.180,lock_deadlock_false_positives,0,0,0.000000,enabled
1782984526.178,2026-07-02 09:28:46.180,lock_deadlock_rounds,2340,2340,1.112836,enabled
1782984526.178,2026-07-02 09:28:46.180,lock_rec_grant_attempts,425,425,0.202118,enabled
1782984526.178,2026-07-02 09:28:46.180,lock_rec_release_attempts,37016167,37016167,17603.813100,enabled
1782984526.178,2026-07-02 09:28:46.180,lock_row_lock_current_waits,0,0,0.000000,enabled
1782984526.178,2026-07-02 09:28:46.180,lock_row_lock_time,323,323,0.153609,enabled
1782984526.178,2026-07-02 09:28:46.180,lock_row_lock_time_avg,0,0,0.000000,enabled
1782984526.178,2026-07-02 09:28:46.180,lock_row_lock_time_max,29,29,0.000000,enabled
1782984526.178,2026-07-02 09:28:46.180,lock_row_lock_waits,425,425,0.202118,enabled
1782984526.178,2026-07-02 09:28:46.180,lock_schedule_refreshes,2340,2340,1.112836,enabled
1782984526.178,2026-07-02 09:28:46.180,lock_threads_waiting,0,0,0.000000,enabled
1782984526.178,2026-07-02 09:28:46.180,lock_timeouts,0,0,0.000000,enabled
1782984526.178,2026-07-02 09:28:46.180,log_waits,0,0,0.000000,enabled
1782984526.178,2026-07-02 09:28:46.180,log_writes,183913028,183913028,87463.675964,enabled
1782984526.178,2026-07-02 09:28:46.180,log_write_requests,391737371,391737371,186298.876637,enabled
1782984526.178,2026-07-02 09:28:46.180,os_data_fsyncs,48575273,48575273,23100.984955,enabled
1782984526.178,2026-07-02 09:28:46.180,os_data_reads,64730459,64730459,30783.920909,enabled
1782984526.178,2026-07-02 09:28:46.180,os_data_writes,206937717,206937717,98413.550681,enabled
1782984526.178,2026-07-02 09:28:46.180,os_log_bytes_written,118585353728,118585353728,56395739.987523,enabled
1782984526.178,2026-07-02 09:28:46.180,os_log_fsyncs,42638802,42638802,20277.772197,enabled
1782984526.178,2026-07-02 09:28:46.180,os_log_pending_fsyncs,1,1,0.000476,enabled
1782984526.178,2026-07-02 09:28:46.180,os_log_pending_writes,0,0,0.000000,enabled
1782984526.178,2026-07-02 09:28:46.180,trx_rseg_history_len,474,474,0.000000,enabled
1782984527.247,2026-07-02 09:28:47.249,adaptive_hash_searches,0,0,0.000000,enabled
1782984527.247,2026-07-02 09:28:47.249,adaptive_hash_searches_btree,564792397,564792397,268461.945540,enabled
1782984527.247,2026-07-02 09:28:47.249,buffer_data_reads,1056552176128,1056552176128,502209467.905818,enabled
1782984527.247,2026-07-02 09:28:47.249,buffer_data_written,518507935232,518507935232,246461651.319787,enabled
1782984527.247,2026-07-02 09:28:47.249,buffer_pages0_read,7,7,0.003327,enabled
1782984527.247,2026-07-02 09:28:47.249,buffer_pages_created,1806899,1806899,858.870782,enabled
1782984527.247,2026-07-02 09:28:47.249,buffer_pages_read,64668891,64668891,30738.973554,enabled
1782984527.247,2026-07-02 09:28:47.249,buffer_pages_written,22307318,22307318,10603.306318,enabled
1782984527.247,2026-07-02 09:28:47.249,buffer_pool_bytes_data,12853248000,12853248000,0.000000,enabled
1782984527.247,2026-07-02 09:28:47.249,buffer_pool_bytes_dirty,4687953920,4687953920,0.000000,enabled
1782984527.247,2026-07-02 09:28:47.249,buffer_pool_pages_data,784500,784500,0.000000,enabled
1782984527.247,2026-07-02 09:28:47.249,buffer_pool_pages_dirty,286130,286130,0.000000,enabled
1782984527.247,2026-07-02 09:28:47.249,buffer_pool_pages_flushed,22250215,22250215,0.000000,enabled
1782984527.247,2026-07-02 09:28:47.249,buffer_pool_pages_free,1836,1836,0.000000,enabled
1782984527.247,2026-07-02 09:28:47.249,buffer_pool_pages_lru_flushed,0,0,0.000000,enabled
1782984527.247,2026-07-02 09:28:47.249,buffer_pool_pages_misc,96,96,0.000000,enabled
1782984527.247,2026-07-02 09:28:47.249,buffer_pool_pages_total,786432,786432,0.000000,enabled
1782984527.247,2026-07-02 09:28:47.249,buffer_pool_reads,63783045,63783045,30317.906881,enabled
1782984527.247,2026-07-02 09:28:47.249,buffer_pool_read_ahead,803715,803715,382.028739,enabled
1782984527.247,2026-07-02 09:28:47.249,buffer_pool_read_ahead_evicted,25,25,0.011883,enabled
1782984527.247,2026-07-02 09:28:47.249,buffer_pool_read_requests,2715731753,2715731753,1290865.024172,enabled
1782984527.247,2026-07-02 09:28:47.249,buffer_pool_size,12884901888,12884901888,0.000000,enabled
1782984527.247,2026-07-02 09:28:47.249,buffer_pool_wait_free,18945,18945,9.005101,enabled
1782984527.247,2026-07-02 09:28:47.249,buffer_pool_write_requests,583020193,583020193,277126.183039,enabled
1782984527.247,2026-07-02 09:28:47.249,dml_deletes,12183684,12183684,5791.252556,enabled
1782984527.247,2026-07-02 09:28:47.249,dml_inserts,112069086,112069086,53269.633504,enabled
1782984527.247,2026-07-02 09:28:47.249,dml_system_deletes,468,468,0.222454,enabled
1782984527.247,2026-07-02 09:28:47.249,dml_system_inserts,1202,1202,0.571345,enabled
1782984527.247,2026-07-02 09:28:47.249,dml_system_reads,7661,7661,3.641492,enabled
1782984527.247,2026-07-02 09:28:47.249,dml_system_updates,620,620,0.294704,enabled
1782984527.247,2026-07-02 09:28:47.249,dml_updates,24367484,24367484,11582.560239,enabled
1782984527.247,2026-07-02 09:28:47.249,file_num_open_files,35,35,0.000000,enabled
1782984527.247,2026-07-02 09:28:47.249,ibuf_merges,0,0,0.000000,enabled
1782984527.247,2026-07-02 09:28:47.249,ibuf_merges_delete,0,0,0.000000,enabled
1782984527.247,2026-07-02 09:28:47.249,ibuf_merges_delete_mark,0,0,0.000000,enabled
1782984527.247,2026-07-02 09:28:47.249,ibuf_merges_discard_delete,0,0,0.000000,enabled
1782984527.247,2026-07-02 09:28:47.249,ibuf_merges_discard_delete_mark,0,0,0.000000,enabled
1782984527.247,2026-07-02 09:28:47.249,ibuf_merges_discard_insert,0,0,0.000000,enabled
1782984527.247,2026-07-02 09:28:47.249,ibuf_merges_insert,0,0,0.000000,enabled
1782984527.247,2026-07-02 09:28:47.249,ibuf_size,1,1,0.000475,enabled
1782984527.247,2026-07-02 09:28:47.249,innodb_activity_count,16906435,16906435,8036.110962,enabled
1782984527.247,2026-07-02 09:28:47.249,innodb_dblwr_pages_written,22248293,22248293,10575.248421,enabled
1782984527.247,2026-07-02 09:28:47.249,innodb_dblwr_writes,450340,450340,214.059451,enabled
1782984527.247,2026-07-02 09:28:47.249,innodb_page_size,16384,16384,0.000000,enabled
1782984527.247,2026-07-02 09:28:47.249,innodb_rwlock_sx_os_waits,0,0,0.000000,enabled
1782984527.247,2026-07-02 09:28:47.249,innodb_rwlock_sx_spin_rounds,0,0,0.000000,enabled
1782984527.247,2026-07-02 09:28:47.249,innodb_rwlock_sx_spin_waits,0,0,0.000000,enabled
1782984527.247,2026-07-02 09:28:47.249,innodb_rwlock_s_os_waits,0,0,0.000000,enabled
1782984527.247,2026-07-02 09:28:47.249,innodb_rwlock_s_spin_rounds,0,0,0.000000,enabled
1782984527.247,2026-07-02 09:28:47.249,innodb_rwlock_s_spin_waits,0,0,0.000000,enabled
1782984527.247,2026-07-02 09:28:47.249,innodb_rwlock_x_os_waits,0,0,0.000000,enabled
1782984527.247,2026-07-02 09:28:47.249,innodb_rwlock_x_spin_rounds,0,0,0.000000,enabled
1782984527.247,2026-07-02 09:28:47.249,innodb_rwlock_x_spin_waits,0,0,0.000000,enabled
1782984527.247,2026-07-02 09:28:47.249,lock_deadlocks,0,0,0.000000,enabled
1782984527.247,2026-07-02 09:28:47.249,lock_deadlock_false_positives,0,0,0.000000,enabled
1782984527.247,2026-07-02 09:28:47.249,lock_deadlock_rounds,2341,2341,1.112744,enabled
1782984527.247,2026-07-02 09:28:47.249,lock_rec_grant_attempts,425,425,0.202015,enabled
1782984527.247,2026-07-02 09:28:47.249,lock_rec_release_attempts,37030909,37030909,17601.851187,enabled
1782984527.247,2026-07-02 09:28:47.249,lock_row_lock_current_waits,0,0,0.000000,enabled
1782984527.247,2026-07-02 09:28:47.249,lock_row_lock_time,323,323,0.153531,enabled
1782984527.247,2026-07-02 09:28:47.249,lock_row_lock_time_avg,0,0,0.000000,enabled
1782984527.247,2026-07-02 09:28:47.249,lock_row_lock_time_max,29,29,0.000000,enabled
1782984527.247,2026-07-02 09:28:47.249,lock_row_lock_waits,425,425,0.202015,enabled
1782984527.247,2026-07-02 09:28:47.249,lock_schedule_refreshes,2341,2341,1.112744,enabled
1782984527.247,2026-07-02 09:28:47.249,lock_threads_waiting,0,0,0.000000,enabled
1782984527.247,2026-07-02 09:28:47.249,lock_timeouts,0,0,0.000000,enabled
1782984527.247,2026-07-02 09:28:47.249,log_waits,0,0,0.000000,enabled
1782984527.247,2026-07-02 09:28:47.249,log_writes,183992775,183992775,87457.019990,enabled
1782984527.247,2026-07-02 09:28:47.249,log_write_requests,391819762,391819762,186243.121665,enabled
1782984527.247,2026-07-02 09:28:47.249,os_data_fsyncs,48607838,48607838,23104.694168,enabled
1782984527.247,2026-07-02 09:28:47.249,os_data_reads,64787265,64787265,30795.238135,enabled
1782984527.247,2026-07-02 09:28:47.249,os_data_writes,207033784,207033784,98409.072743,enabled
1782984527.247,2026-07-02 09:28:47.249,os_log_bytes_written,118627164160,118627164160,56386880.296973,enabled
1782984527.247,2026-07-02 09:28:47.249,os_log_fsyncs,42666880,42666880,20280.787035,enabled
1782984527.247,2026-07-02 09:28:47.249,os_log_pending_fsyncs,1,1,0.000475,enabled
1782984527.247,2026-07-02 09:28:47.249,os_log_pending_writes,0,0,0.000000,enabled
1782984527.247,2026-07-02 09:28:47.249,trx_rseg_history_len,441,441,0.000000,enabled
1782984528.319,2026-07-02 09:28:48.320,adaptive_hash_searches,0,0,0.000000,enabled
1782984528.319,2026-07-02 09:28:48.320,adaptive_hash_searches_btree,564955514,564955514,268403.164098,enabled
1782984528.319,2026-07-02 09:28:48.320,buffer_data_reads,1057453492736,1057453492736,502382747.380932,enabled
1782984528.319,2026-07-02 09:28:48.320,buffer_data_written,518812004352,518812004352,246481005.227410,enabled
1782984528.319,2026-07-02 09:28:48.320,buffer_pages0_read,7,7,0.003326,enabled
1782984528.319,2026-07-02 09:28:48.320,buffer_pages_created,1806941,1806941,858.454768,enabled
1782984528.319,2026-07-02 09:28:48.320,buffer_pages_read,64724043,64724043,30749.572286,enabled
1782984528.319,2026-07-02 09:28:48.320,buffer_pages_written,22323031,22323031,10605.389066,enabled
1782984528.319,2026-07-02 09:28:48.320,buffer_pool_bytes_data,12852887552,12852887552,0.000000,enabled
1782984528.319,2026-07-02 09:28:48.320,buffer_pool_bytes_dirty,4688379904,4688379904,0.000000,enabled
1782984528.319,2026-07-02 09:28:48.320,buffer_pool_pages_data,784477,784477,0.000000,enabled
1782984528.319,2026-07-02 09:28:48.320,buffer_pool_pages_dirty,286156,286156,0.000000,enabled
1782984528.319,2026-07-02 09:28:48.320,buffer_pool_pages_flushed,22265961,22265961,0.000000,enabled
1782984528.319,2026-07-02 09:28:48.320,buffer_pool_pages_free,1858,1858,0.000000,enabled
1782984528.319,2026-07-02 09:28:48.320,buffer_pool_pages_lru_flushed,0,0,0.000000,enabled
1782984528.319,2026-07-02 09:28:48.320,buffer_pool_pages_misc,97,97,0.000000,enabled
1782984528.319,2026-07-02 09:28:48.320,buffer_pool_pages_total,786432,786432,0.000000,enabled
1782984528.319,2026-07-02 09:28:48.320,buffer_pool_reads,63838151,63838151,30328.697339,enabled
1782984528.319,2026-07-02 09:28:48.320,buffer_pool_read_ahead,803715,803715,381.834817,enabled
1782984528.319,2026-07-02 09:28:48.320,buffer_pool_read_ahead_evicted,25,25,0.011877,enabled
1782984528.319,2026-07-02 09:28:48.320,buffer_pool_read_requests,2716540285,2716540285,1290593.890671,enabled
1782984528.319,2026-07-02 09:28:48.320,buffer_pool_size,12884901888,12884901888,0.000000,enabled
1782984528.319,2026-07-02 09:28:48.320,buffer_pool_wait_free,18945,18945,9.000530,enabled
1782984528.319,2026-07-02 09:28:48.320,buffer_pool_write_requests,583131491,583131491,277038.387085,enabled
1782984528.319,2026-07-02 09:28:48.320,dml_deletes,12188388,12188388,5790.547620,enabled
1782984528.319,2026-07-02 09:28:48.320,dml_inserts,112073790,112073790,53244.827674,enabled
1782984528.319,2026-07-02 09:28:48.320,dml_system_deletes,468,468,0.222341,enabled
1782984528.319,2026-07-02 09:28:48.320,dml_system_inserts,1202,1202,0.571055,enabled
1782984528.319,2026-07-02 09:28:48.320,dml_system_reads,7661,7661,3.639643,enabled
1782984528.319,2026-07-02 09:28:48.320,dml_system_updates,620,620,0.294554,enabled
1782984528.319,2026-07-02 09:28:48.320,dml_updates,24376889,24376889,11581.148913,enabled
1782984528.319,2026-07-02 09:28:48.320,file_num_open_files,35,35,0.000000,enabled
1782984528.319,2026-07-02 09:28:48.320,ibuf_merges,0,0,0.000000,enabled
1782984528.319,2026-07-02 09:28:48.320,ibuf_merges_delete,0,0,0.000000,enabled
1782984528.319,2026-07-02 09:28:48.320,ibuf_merges_delete_mark,0,0,0.000000,enabled
1782984528.319,2026-07-02 09:28:48.320,ibuf_merges_discard_delete,0,0,0.000000,enabled
1782984528.319,2026-07-02 09:28:48.320,ibuf_merges_discard_delete_mark,0,0,0.000000,enabled
1782984528.319,2026-07-02 09:28:48.320,ibuf_merges_discard_insert,0,0,0.000000,enabled
1782984528.319,2026-07-02 09:28:48.320,ibuf_merges_insert,0,0,0.000000,enabled
1782984528.319,2026-07-02 09:28:48.320,ibuf_size,1,1,0.000475,enabled
1782984528.319,2026-07-02 09:28:48.320,innodb_activity_count,16911842,16911842,8034.600484,enabled
1782984528.319,2026-07-02 09:28:48.320,innodb_dblwr_pages_written,22264039,22264039,10577.360955,enabled
1782984528.319,2026-07-02 09:28:48.320,innodb_dblwr_writes,450705,450705,214.124197,enabled
1782984528.319,2026-07-02 09:28:48.320,innodb_page_size,16384,16384,0.000000,enabled
1782984528.319,2026-07-02 09:28:48.320,innodb_rwlock_sx_os_waits,0,0,0.000000,enabled
1782984528.319,2026-07-02 09:28:48.320,innodb_rwlock_sx_spin_rounds,0,0,0.000000,enabled
1782984528.319,2026-07-02 09:28:48.320,innodb_rwlock_sx_spin_waits,0,0,0.000000,enabled
1782984528.319,2026-07-02 09:28:48.320,innodb_rwlock_s_os_waits,0,0,0.000000,enabled
1782984528.319,2026-07-02 09:28:48.320,innodb_rwlock_s_spin_rounds,0,0,0.000000,enabled
1782984528.319,2026-07-02 09:28:48.320,innodb_rwlock_s_spin_waits,0,0,0.000000,enabled
1782984528.319,2026-07-02 09:28:48.320,innodb_rwlock_x_os_waits,0,0,0.000000,enabled
1782984528.319,2026-07-02 09:28:48.320,innodb_rwlock_x_spin_rounds,0,0,0.000000,enabled
1782984528.319,2026-07-02 09:28:48.320,innodb_rwlock_x_spin_waits,0,0,0.000000,enabled
1782984528.319,2026-07-02 09:28:48.320,lock_deadlocks,0,0,0.000000,enabled
1782984528.319,2026-07-02 09:28:48.320,lock_deadlock_false_positives,0,0,0.000000,enabled
1782984528.319,2026-07-02 09:28:48.320,lock_deadlock_rounds,2342,2342,1.112655,enabled
1782984528.319,2026-07-02 09:28:48.320,lock_rec_grant_attempts,425,425,0.201912,enabled
1782984528.319,2026-07-02 09:28:48.320,lock_rec_release_attempts,37045206,37045206,17599.708609,enabled
1782984528.319,2026-07-02 09:28:48.320,lock_row_lock_current_waits,0,0,0.000000,enabled
1782984528.319,2026-07-02 09:28:48.320,lock_row_lock_time,323,323,0.153453,enabled
1782984528.319,2026-07-02 09:28:48.320,lock_row_lock_time_avg,0,0,0.000000,enabled
1782984528.319,2026-07-02 09:28:48.320,lock_row_lock_time_max,29,29,0.000000,enabled
1782984528.319,2026-07-02 09:28:48.320,lock_row_lock_waits,425,425,0.201912,enabled
1782984528.319,2026-07-02 09:28:48.320,lock_schedule_refreshes,2342,2342,1.112655,enabled
1782984528.319,2026-07-02 09:28:48.320,lock_threads_waiting,0,0,0.000000,enabled
1782984528.319,2026-07-02 09:28:48.320,lock_timeouts,0,0,0.000000,enabled
1782984528.319,2026-07-02 09:28:48.320,log_waits,0,0,0.000000,enabled
1782984528.319,2026-07-02 09:28:48.320,log_writes,184070664,184070664,87449.629494,enabled
1782984528.319,2026-07-02 09:28:48.320,log_write_requests,391899848,391899848,186186.629619,enabled
1782984528.319,2026-07-02 09:28:48.320,os_data_fsyncs,48638424,48638424,23107.496947,enabled
1782984528.319,2026-07-02 09:28:48.320,os_data_reads,64842277,64842277,30805.741574,enabled
1782984528.319,2026-07-02 09:28:48.320,os_data_writes,207127660,207127660,98403.718326,enabled
1782984528.319,2026-07-02 09:28:48.320,os_log_bytes_written,118668062720,118668062720,56377687.977840,enabled
1782984528.319,2026-07-02 09:28:48.320,os_log_fsyncs,42692630,42692630,20282.725744,enabled
1782984528.319,2026-07-02 09:28:48.320,os_log_pending_fsyncs,0,0,0.000000,enabled
1782984528.319,2026-07-02 09:28:48.320,os_log_pending_writes,0,0,0.000000,enabled
1782984528.319,2026-07-02 09:28:48.320,trx_rseg_history_len,336,336,0.000000,enabled
1782984529.388,2026-07-02 09:28:49.390,adaptive_hash_searches,0,0,0.000000,enabled
1782984529.388,2026-07-02 09:28:49.390,adaptive_hash_searches_btree,565122580,565122580,268345.864086,enabled
1782984529.388,2026-07-02 09:28:49.390,buffer_data_reads,1058373962240,1058373962240,502564088.932594,enabled
1782984529.388,2026-07-02 09:28:49.390,buffer_data_written,519165068288,519165068288,246523184.294562,enabled
1782984529.388,2026-07-02 09:28:49.390,buffer_pages0_read,7,7,0.003324,enabled
1782984529.388,2026-07-02 09:28:49.390,buffer_pages_created,1806982,1806982,858.037237,enabled
1782984529.388,2026-07-02 09:28:49.390,buffer_pages_read,64780392,64780392,30760.676201,enabled
1782984529.388,2026-07-02 09:28:49.390,buffer_pages_written,22341714,22341714,10608.861898,enabled
1782984529.388,2026-07-02 09:28:49.390,buffer_pool_bytes_data,12851003392,12851003392,0.000000,enabled
1782984529.388,2026-07-02 09:28:49.390,buffer_pool_bytes_dirty,4646633472,4646633472,0.000000,enabled
1782984529.388,2026-07-02 09:28:49.390,buffer_pool_pages_data,784364,784364,0.000000,enabled
1782984529.388,2026-07-02 09:28:49.390,buffer_pool_pages_dirty,283608,283608,0.000000,enabled
1782984529.388,2026-07-02 09:28:49.390,buffer_pool_pages_flushed,22281932,22281932,0.000000,enabled
1782984529.388,2026-07-02 09:28:49.390,buffer_pool_pages_free,1972,1972,0.000000,enabled
1782984529.388,2026-07-02 09:28:49.390,buffer_pool_pages_lru_flushed,0,0,0.000000,enabled
1782984529.388,2026-07-02 09:28:49.390,buffer_pool_pages_misc,96,96,0.000000,enabled
1782984529.388,2026-07-02 09:28:49.390,buffer_pool_pages_total,786432,786432,0.000000,enabled
1782984529.388,2026-07-02 09:28:49.390,buffer_pool_reads,63894433,63894433,30339.983670,enabled
1782984529.388,2026-07-02 09:28:49.390,buffer_pool_read_ahead,803715,803715,381.640443,enabled
1782984529.388,2026-07-02 09:28:49.390,buffer_pool_read_ahead_evicted,25,25,0.011871,enabled
1782984529.388,2026-07-02 09:28:49.390,buffer_pool_read_requests,2717368299,2717368299,1290330.088515,enabled
1782984529.388,2026-07-02 09:28:49.390,buffer_pool_size,12884901888,12884901888,0.000000,enabled
1782984529.388,2026-07-02 09:28:49.390,buffer_pool_wait_free,18945,18945,8.995948,enabled
1782984529.388,2026-07-02 09:28:49.390,buffer_pool_write_requests,583245134,583245134,276951.322702,enabled
1782984529.388,2026-07-02 09:28:49.390,dml_deletes,12193205,12193205,5789.887264,enabled
1782984529.388,2026-07-02 09:28:49.390,dml_inserts,112078607,112078607,53220.010651,enabled
1782984529.388,2026-07-02 09:28:49.390,dml_system_deletes,468,468,0.222228,enabled
1782984529.388,2026-07-02 09:28:49.390,dml_system_inserts,1202,1202,0.570764,enabled
1782984529.388,2026-07-02 09:28:49.390,dml_system_reads,7661,7661,3.637791,enabled
1782984529.388,2026-07-02 09:28:49.390,dml_system_updates,620,620,0.294404,enabled
1782984529.388,2026-07-02 09:28:49.390,dml_updates,24386526,24386526,11579.829599,enabled
1782984529.388,2026-07-02 09:28:49.390,file_num_open_files,35,35,0.000000,enabled
1782984529.388,2026-07-02 09:28:49.390,ibuf_merges,0,0,0.000000,enabled
1782984529.388,2026-07-02 09:28:49.390,ibuf_merges_delete,0,0,0.000000,enabled
1782984529.388,2026-07-02 09:28:49.390,ibuf_merges_delete_mark,0,0,0.000000,enabled
1782984529.388,2026-07-02 09:28:49.390,ibuf_merges_discard_delete,0,0,0.000000,enabled
1782984529.388,2026-07-02 09:28:49.390,ibuf_merges_discard_delete_mark,0,0,0.000000,enabled
1782984529.388,2026-07-02 09:28:49.390,ibuf_merges_discard_insert,0,0,0.000000,enabled
1782984529.388,2026-07-02 09:28:49.390,ibuf_merges_insert,0,0,0.000000,enabled
1782984529.388,2026-07-02 09:28:49.390,ibuf_size,1,1,0.000475,enabled
1782984529.388,2026-07-02 09:28:49.390,innodb_activity_count,16917376,16917376,8033.138259,enabled
1782984529.388,2026-07-02 09:28:49.390,innodb_dblwr_pages_written,22282058,22282058,10580.532778,enabled
1782984529.388,2026-07-02 09:28:49.390,innodb_dblwr_writes,451112,451112,214.208459,enabled
1782984529.388,2026-07-02 09:28:49.390,innodb_page_size,16384,16384,0.000000,enabled
1782984529.388,2026-07-02 09:28:49.390,innodb_rwlock_sx_os_waits,0,0,0.000000,enabled
1782984529.388,2026-07-02 09:28:49.390,innodb_rwlock_sx_spin_rounds,0,0,0.000000,enabled
1782984529.388,2026-07-02 09:28:49.390,innodb_rwlock_sx_spin_waits,0,0,0.000000,enabled
1782984529.388,2026-07-02 09:28:49.390,innodb_rwlock_s_os_waits,0,0,0.000000,enabled
1782984529.388,2026-07-02 09:28:49.390,innodb_rwlock_s_spin_rounds,0,0,0.000000,enabled
1782984529.388,2026-07-02 09:28:49.390,innodb_rwlock_s_spin_waits,0,0,0.000000,enabled
1782984529.388,2026-07-02 09:28:49.390,innodb_rwlock_x_os_waits,0,0,0.000000,enabled
1782984529.388,2026-07-02 09:28:49.390,innodb_rwlock_x_spin_rounds,0,0,0.000000,enabled
1782984529.388,2026-07-02 09:28:49.390,innodb_rwlock_x_spin_waits,0,0,0.000000,enabled
1782984529.388,2026-07-02 09:28:49.390,lock_deadlocks,0,0,0.000000,enabled
1782984529.388,2026-07-02 09:28:49.390,lock_deadlock_false_positives,0,0,0.000000,enabled
1782984529.388,2026-07-02 09:28:49.390,lock_deadlock_rounds,2343,2343,1.112563,enabled
1782984529.388,2026-07-02 09:28:49.390,lock_rec_grant_attempts,425,425,0.201809,enabled
1782984529.388,2026-07-02 09:28:49.390,lock_rec_release_attempts,37059869,37059869,17597.712077,enabled
1782984529.388,2026-07-02 09:28:49.390,lock_row_lock_current_waits,0,0,0.000000,enabled
1782984529.388,2026-07-02 09:28:49.390,lock_row_lock_time,323,323,0.153375,enabled
1782984529.388,2026-07-02 09:28:49.390,lock_row_lock_time_avg,0,0,0.000000,enabled
1782984529.388,2026-07-02 09:28:49.390,lock_row_lock_time_max,29,29,0.000000,enabled
1782984529.388,2026-07-02 09:28:49.390,lock_row_lock_waits,425,425,0.201809,enabled
1782984529.388,2026-07-02 09:28:49.390,lock_schedule_refreshes,2343,2343,1.112563,enabled
1782984529.388,2026-07-02 09:28:49.390,lock_threads_waiting,0,0,0.000000,enabled
1782984529.388,2026-07-02 09:28:49.390,lock_timeouts,0,0,0.000000,enabled
1782984529.388,2026-07-02 09:28:49.390,log_waits,0,0,0.000000,enabled
1782984529.388,2026-07-02 09:28:49.390,log_writes,184146809,184146809,87441.270476,enabled
1782984529.388,2026-07-02 09:28:49.390,log_write_requests,391981763,391981763,186130.748432,enabled
1782984529.388,2026-07-02 09:28:49.390,os_data_fsyncs,48670840,48670840,23111.126664,enabled
1782984529.388,2026-07-02 09:28:49.390,os_data_reads,64898465,64898465,30816.740519,enabled
1782984529.388,2026-07-02 09:28:49.390,os_data_writes,207222838,207222838,98398.820727,enabled
1782984529.388,2026-07-02 09:28:49.390,os_log_bytes_written,118708267520,118708267520,56368079.969726,enabled
1782984529.388,2026-07-02 09:28:49.390,os_log_fsyncs,42719893,42719893,20285.346530,enabled
1782984529.388,2026-07-02 09:28:49.390,os_log_pending_fsyncs,1,1,0.000475,enabled
1782984529.388,2026-07-02 09:28:49.390,os_log_pending_writes,0,0,0.000000,enabled
1782984529.388,2026-07-02 09:28:49.390,trx_rseg_history_len,339,339,0.000000,enabled
1782984530.460,2026-07-02 09:28:50.461,adaptive_hash_searches,0,0,0.000000,enabled
1782984530.460,2026-07-02 09:28:50.461,adaptive_hash_searches_btree,565291585,565291585,268289.620952,enabled
1782984530.460,2026-07-02 09:28:50.461,buffer_data_reads,1059313732096,1059313732096,502754558.803862,enabled
1782984530.460,2026-07-02 09:28:50.461,buffer_data_written,519493300736,519493300736,246553610.201709,enabled
1782984530.460,2026-07-02 09:28:50.461,buffer_pages0_read,7,7,0.003322,enabled
1782984530.460,2026-07-02 09:28:50.461,buffer_pages_created,1807022,1807022,857.619918,enabled
1782984530.460,2026-07-02 09:28:50.461,buffer_pages_read,64837919,64837919,30772.337254,enabled
1782984530.460,2026-07-02 09:28:50.461,buffer_pages_written,22358920,22358920,10611.633438,enabled
1782984530.460,2026-07-02 09:28:50.461,buffer_pool_bytes_data,12847185920,12847185920,0.000000,enabled
1782984530.460,2026-07-02 09:28:50.461,buffer_pool_bytes_dirty,4631396352,4631396352,0.000000,enabled
1782984530.460,2026-07-02 09:28:50.461,buffer_pool_pages_data,784130,784130,0.000000,enabled
1782984530.460,2026-07-02 09:28:50.461,buffer_pool_pages_dirty,282678,282678,0.000000,enabled
1782984530.460,2026-07-02 09:28:50.461,buffer_pool_pages_flushed,22301850,22301850,0.000000,enabled
1782984530.460,2026-07-02 09:28:50.461,buffer_pool_pages_free,2205,2205,0.000000,enabled
1782984530.460,2026-07-02 09:28:50.461,buffer_pool_pages_lru_flushed,0,0,0.000000,enabled
1782984530.460,2026-07-02 09:28:50.461,buffer_pool_pages_misc,96,96,0.000000,enabled
1782984530.460,2026-07-02 09:28:50.461,buffer_pool_pages_total,786432,786432,0.000000,enabled
1782984530.460,2026-07-02 09:28:50.461,buffer_pool_reads,63951909,63951909,30351.834464,enabled
1782984530.460,2026-07-02 09:28:50.461,buffer_pool_read_ahead,803715,803715,381.446383,enabled
1782984530.460,2026-07-02 09:28:50.461,buffer_pool_read_ahead_evicted,25,25,0.011865,enabled
1782984530.460,2026-07-02 09:28:50.461,buffer_pool_read_requests,2718205900,2718205900,1290071.498412,enabled
1782984530.460,2026-07-02 09:28:50.461,buffer_pool_size,12884901888,12884901888,0.000000,enabled
1782984530.460,2026-07-02 09:28:50.461,buffer_pool_wait_free,18945,18945,8.991374,enabled
1782984530.460,2026-07-02 09:28:50.461,buffer_pool_write_requests,583359393,583359393,276864.723762,enabled
1782984530.460,2026-07-02 09:28:50.461,dml_deletes,12198086,12198086,5789.259646,enabled
1782984530.460,2026-07-02 09:28:50.461,dml_inserts,112083488,112083488,53195.264797,enabled
1782984530.460,2026-07-02 09:28:50.461,dml_system_deletes,468,468,0.222115,enabled
1782984530.460,2026-07-02 09:28:50.461,dml_system_inserts,1202,1202,0.570474,enabled
1782984530.460,2026-07-02 09:28:50.461,dml_system_reads,7661,7661,3.635941,enabled
1782984530.460,2026-07-02 09:28:50.461,dml_system_updates,620,620,0.294254,enabled
1782984530.460,2026-07-02 09:28:50.461,dml_updates,24396292,24396292,11578.576232,enabled
1782984530.460,2026-07-02 09:28:50.461,file_num_open_files,35,35,0.000000,enabled
1782984530.460,2026-07-02 09:28:50.461,ibuf_merges,0,0,0.000000,enabled
1782984530.460,2026-07-02 09:28:50.461,ibuf_merges_delete,0,0,0.000000,enabled
1782984530.460,2026-07-02 09:28:50.461,ibuf_merges_delete_mark,0,0,0.000000,enabled
1782984530.460,2026-07-02 09:28:50.461,ibuf_merges_discard_delete,0,0,0.000000,enabled
1782984530.460,2026-07-02 09:28:50.461,ibuf_merges_discard_delete_mark,0,0,0.000000,enabled
1782984530.460,2026-07-02 09:28:50.461,ibuf_merges_discard_insert,0,0,0.000000,enabled
1782984530.460,2026-07-02 09:28:50.461,ibuf_merges_insert,0,0,0.000000,enabled
1782984530.460,2026-07-02 09:28:50.461,ibuf_size,1,1,0.000475,enabled
1782984530.460,2026-07-02 09:28:50.461,innodb_activity_count,16922986,16922986,8031.715943,enabled
1782984530.460,2026-07-02 09:28:50.461,innodb_dblwr_pages_written,22299928,22299928,10583.633752,enabled
1782984530.460,2026-07-02 09:28:50.461,innodb_dblwr_writes,451490,451490,214.278934,enabled
1782984530.460,2026-07-02 09:28:50.461,innodb_page_size,16384,16384,0.000000,enabled
1782984530.460,2026-07-02 09:28:50.461,innodb_rwlock_sx_os_waits,0,0,0.000000,enabled
1782984530.460,2026-07-02 09:28:50.461,innodb_rwlock_sx_spin_rounds,0,0,0.000000,enabled
1782984530.460,2026-07-02 09:28:50.461,innodb_rwlock_sx_spin_waits,0,0,0.000000,enabled
1782984530.460,2026-07-02 09:28:50.461,innodb_rwlock_s_os_waits,0,0,0.000000,enabled
1782984530.460,2026-07-02 09:28:50.461,innodb_rwlock_s_spin_rounds,0,0,0.000000,enabled
1782984530.460,2026-07-02 09:28:50.461,innodb_rwlock_s_spin_waits,0,0,0.000000,enabled
1782984530.460,2026-07-02 09:28:50.461,innodb_rwlock_x_os_waits,0,0,0.000000,enabled
1782984530.460,2026-07-02 09:28:50.461,innodb_rwlock_x_spin_rounds,0,0,0.000000,enabled
1782984530.460,2026-07-02 09:28:50.461,innodb_rwlock_x_spin_waits,0,0,0.000000,enabled
1782984530.460,2026-07-02 09:28:50.461,lock_deadlocks,0,0,0.000000,enabled
1782984530.460,2026-07-02 09:28:50.461,lock_deadlock_false_positives,0,0,0.000000,enabled
1782984530.460,2026-07-02 09:28:50.461,lock_deadlock_rounds,2344,2344,1.112472,enabled
1782984530.460,2026-07-02 09:28:50.461,lock_rec_grant_attempts,425,425,0.201707,enabled
1782984530.460,2026-07-02 09:28:50.461,lock_rec_release_attempts,37074710,37074710,17595.807432,enabled
1782984530.460,2026-07-02 09:28:50.461,lock_row_lock_current_waits,0,0,0.000000,enabled
1782984530.460,2026-07-02 09:28:50.461,lock_row_lock_time,323,323,0.153297,enabled
1782984530.460,2026-07-02 09:28:50.461,lock_row_lock_time_avg,0,0,0.000000,enabled
1782984530.460,2026-07-02 09:28:50.461,lock_row_lock_time_max,29,29,0.000000,enabled
1782984530.460,2026-07-02 09:28:50.461,lock_row_lock_waits,425,425,0.201707,enabled
1782984530.460,2026-07-02 09:28:50.461,lock_schedule_refreshes,2344,2344,1.112472,enabled
1782984530.460,2026-07-02 09:28:50.461,lock_threads_waiting,0,0,0.000000,enabled
1782984530.460,2026-07-02 09:28:50.461,lock_timeouts,0,0,0.000000,enabled
1782984530.460,2026-07-02 09:28:50.461,log_waits,0,0,0.000000,enabled
1782984530.460,2026-07-02 09:28:50.461,log_writes,184224736,184224736,87433.791240,enabled
1782984530.460,2026-07-02 09:28:50.461,log_write_requests,392064584,392064584,186075.408594,enabled
1782984530.460,2026-07-02 09:28:50.461,os_data_fsyncs,48704765,48704765,23115.475693,enabled
1782984530.460,2026-07-02 09:28:50.461,os_data_reads,64955816,64955816,30828.289350,enabled
1782984530.460,2026-07-02 09:28:50.461,os_data_writes,207318249,207318249,98394.067794,enabled
1782984530.460,2026-07-02 09:28:50.461,os_log_bytes_written,118749176832,118749176832,56358832.729502,enabled
1782984530.460,2026-07-02 09:28:50.461,os_log_fsyncs,42748548,42748548,20288.631284,enabled
1782984530.460,2026-07-02 09:28:50.461,os_log_pending_fsyncs,0,0,0.000000,enabled
1782984530.460,2026-07-02 09:28:50.461,os_log_pending_writes,0,0,0.000000,enabled
1782984530.460,2026-07-02 09:28:50.461,trx_rseg_history_len,405,405,0.000000,enabled
1782984531.532,2026-07-02 09:28:51.533,adaptive_hash_searches,0,0,0.000000,enabled
1782984531.532,2026-07-02 09:28:51.533,adaptive_hash_searches_btree,565462417,565462417,268234.748874,enabled
1782984531.532,2026-07-02 09:28:51.533,buffer_data_reads,1060265478656,1060265478656,502951338.986083,enabled
1782984531.532,2026-07-02 09:28:51.533,buffer_data_written,519809242624,519809242624,246578578.323257,enabled
1782984531.532,2026-07-02 09:28:51.533,buffer_pages0_read,7,7,0.003321,enabled
1782984531.532,2026-07-02 09:28:51.533,buffer_pages_created,1807063,1807063,857.204900,enabled
1782984531.532,2026-07-02 09:28:51.533,buffer_pages_read,64896184,64896184,30784.386890,enabled
1782984531.532,2026-07-02 09:28:51.533,buffer_pages_written,22375248,22375248,10614.003032,enabled
1782984531.532,2026-07-02 09:28:51.533,buffer_pool_bytes_data,12851216384,12851216384,0.000000,enabled
1782984531.532,2026-07-02 09:28:51.533,buffer_pool_bytes_dirty,4634329088,4634329088,0.000000,enabled
1782984531.532,2026-07-02 09:28:51.533,buffer_pool_pages_data,784376,784376,0.000000,enabled
1782984531.532,2026-07-02 09:28:51.533,buffer_pool_pages_dirty,282857,282857,0.000000,enabled
1782984531.532,2026-07-02 09:28:51.533,buffer_pool_pages_flushed,22318178,22318178,0.000000,enabled
1782984531.532,2026-07-02 09:28:51.533,buffer_pool_pages_free,1960,1960,0.000000,enabled
1782984531.532,2026-07-02 09:28:51.533,buffer_pool_pages_lru_flushed,0,0,0.000000,enabled
1782984531.532,2026-07-02 09:28:51.533,buffer_pool_pages_misc,96,96,0.000000,enabled
1782984531.532,2026-07-02 09:28:51.533,buffer_pool_pages_total,786432,786432,0.000000,enabled
1782984531.532,2026-07-02 09:28:51.533,buffer_pool_reads,64010118,64010118,30364.070494,enabled
1782984531.532,2026-07-02 09:28:51.533,buffer_pool_read_ahead,803715,803715,381.253143,enabled
1782984531.532,2026-07-02 09:28:51.533,buffer_pool_read_ahead_evicted,25,25,0.011859,enabled
1782984531.532,2026-07-02 09:28:51.533,buffer_pool_read_requests,2719052269,2719052269,1289819.436575,enabled
1782984531.532,2026-07-02 09:28:51.533,buffer_pool_size,12884901888,12884901888,0.000000,enabled
1782984531.532,2026-07-02 09:28:51.533,buffer_pool_wait_free,18945,18945,8.986818,enabled
1782984531.532,2026-07-02 09:28:51.533,buffer_pool_write_requests,583475037,583475037,276779.321768,enabled
1782984531.532,2026-07-02 09:28:51.533,dml_deletes,12203011,12203011,5788.663227,enabled
1782984531.532,2026-07-02 09:28:51.533,dml_inserts,112088412,112088412,53170.653492,enabled
1782984531.532,2026-07-02 09:28:51.533,dml_system_deletes,468,468,0.222002,enabled
1782984531.532,2026-07-02 09:28:51.533,dml_system_inserts,1202,1202,0.570185,enabled
1782984531.532,2026-07-02 09:28:51.533,dml_system_reads,7661,7661,3.634099,enabled
1782984531.532,2026-07-02 09:28:51.533,dml_system_updates,620,620,0.294105,enabled
1782984531.532,2026-07-02 09:28:51.533,dml_updates,24406137,24406137,11577.380995,enabled
1782984531.532,2026-07-02 09:28:51.533,file_num_open_files,35,35,0.000000,enabled
1782984531.532,2026-07-02 09:28:51.533,ibuf_merges,0,0,0.000000,enabled
1782984531.532,2026-07-02 09:28:51.533,ibuf_merges_delete,0,0,0.000000,enabled
1782984531.532,2026-07-02 09:28:51.533,ibuf_merges_delete_mark,0,0,0.000000,enabled
1782984531.532,2026-07-02 09:28:51.533,ibuf_merges_discard_delete,0,0,0.000000,enabled
1782984531.532,2026-07-02 09:28:51.533,ibuf_merges_discard_delete_mark,0,0,0.000000,enabled
1782984531.532,2026-07-02 09:28:51.533,ibuf_merges_discard_insert,0,0,0.000000,enabled
1782984531.532,2026-07-02 09:28:51.533,ibuf_merges_insert,0,0,0.000000,enabled
1782984531.532,2026-07-02 09:28:51.533,ibuf_size,1,1,0.000474,enabled
1782984531.532,2026-07-02 09:28:51.533,innodb_activity_count,16928642,16928642,8030.330302,enabled
1782984531.532,2026-07-02 09:28:51.533,innodb_dblwr_pages_written,22316256,22316256,10586.017808,enabled
1782984531.532,2026-07-02 09:28:51.533,innodb_dblwr_writes,451860,451860,214.345902,enabled
1782984531.532,2026-07-02 09:28:51.533,innodb_page_size,16384,16384,0.000000,enabled
1782984531.532,2026-07-02 09:28:51.533,innodb_rwlock_sx_os_waits,0,0,0.000000,enabled
1782984531.532,2026-07-02 09:28:51.533,innodb_rwlock_sx_spin_rounds,0,0,0.000000,enabled
1782984531.532,2026-07-02 09:28:51.533,innodb_rwlock_sx_spin_waits,0,0,0.000000,enabled
1782984531.532,2026-07-02 09:28:51.533,innodb_rwlock_s_os_waits,0,0,0.000000,enabled
1782984531.532,2026-07-02 09:28:51.533,innodb_rwlock_s_spin_rounds,0,0,0.000000,enabled
1782984531.532,2026-07-02 09:28:51.533,innodb_rwlock_s_spin_waits,0,0,0.000000,enabled
1782984531.532,2026-07-02 09:28:51.533,innodb_rwlock_x_os_waits,0,0,0.000000,enabled
1782984531.532,2026-07-02 09:28:51.533,innodb_rwlock_x_spin_rounds,0,0,0.000000,enabled
1782984531.532,2026-07-02 09:28:51.533,innodb_rwlock_x_spin_waits,0,0,0.000000,enabled
1782984531.532,2026-07-02 09:28:51.533,lock_deadlocks,0,0,0.000000,enabled
1782984531.532,2026-07-02 09:28:51.533,lock_deadlock_false_positives,0,0,0.000000,enabled
1782984531.532,2026-07-02 09:28:51.533,lock_deadlock_rounds,2345,2345,1.112383,enabled
1782984531.532,2026-07-02 09:28:51.533,lock_rec_grant_attempts,425,425,0.201605,enabled
1782984531.532,2026-07-02 09:28:51.533,lock_rec_release_attempts,37089676,37089676,17593.992717,enabled
1782984531.532,2026-07-02 09:28:51.533,lock_row_lock_current_waits,0,0,0.000000,enabled
1782984531.532,2026-07-02 09:28:51.533,lock_row_lock_time,323,323,0.153219,enabled
1782984531.532,2026-07-02 09:28:51.533,lock_row_lock_time_avg,0,0,0.000000,enabled
1782984531.532,2026-07-02 09:28:51.533,lock_row_lock_time_max,29,29,0.000000,enabled
1782984531.532,2026-07-02 09:28:51.533,lock_row_lock_waits,425,425,0.201605,enabled
1782984531.532,2026-07-02 09:28:51.533,lock_schedule_refreshes,2345,2345,1.112383,enabled
1782984531.532,2026-07-02 09:28:51.533,lock_threads_waiting,0,0,0.000000,enabled
1782984531.532,2026-07-02 09:28:51.533,lock_timeouts,0,0,0.000000,enabled
1782984531.532,2026-07-02 09:28:51.533,log_waits,0,0,0.000000,enabled
1782984531.532,2026-07-02 09:28:51.533,log_writes,184305009,184305009,87427.577552,enabled
1782984531.532,2026-07-02 09:28:51.533,log_write_requests,392148260,392148260,186020.839175,enabled
1782984531.532,2026-07-02 09:28:51.533,os_data_fsyncs,48740130,48740130,23120.541675,enabled
1782984531.532,2026-07-02 09:28:51.533,os_data_reads,65013923,65013923,30840.236128,enabled
1782984531.532,2026-07-02 09:28:51.533,os_data_writes,207415119,207415119,98390.174708,enabled
1782984531.532,2026-07-02 09:28:51.533,os_log_bytes_written,118791498752,118791498752,56350358.127159,enabled
1782984531.532,2026-07-02 09:28:51.533,os_log_fsyncs,42778760,42778760,20292.684826,enabled
1782984531.532,2026-07-02 09:28:51.533,os_log_pending_fsyncs,0,0,0.000000,enabled
1782984531.532,2026-07-02 09:28:51.533,os_log_pending_writes,1,1,0.000474,enabled
1782984531.532,2026-07-02 09:28:51.533,trx_rseg_history_len,534,534,0.000000,enabled
1782984532.600,2026-07-02 09:28:52.601,adaptive_hash_searches,0,0,0.000000,enabled
1782984532.600,2026-07-02 09:28:52.601,adaptive_hash_searches_btree,565633330,565633330,268179.832598,enabled
1782984532.600,2026-07-02 09:28:52.601,buffer_data_reads,1061213014528,1061213014528,503145685.951460,enabled
1782984532.600,2026-07-02 09:28:52.601,buffer_data_written,520122528768,520122528768,246602145.541757,enabled
1782984532.600,2026-07-02 09:28:52.601,buffer_pages0_read,7,7,0.003319,enabled
1782984532.600,2026-07-02 09:28:52.601,buffer_pages_created,1807110,1807110,856.792743,enabled
1782984532.600,2026-07-02 09:28:52.601,buffer_pages_read,64954185,64954185,30796.284622,enabled
1782984532.600,2026-07-02 09:28:52.601,buffer_pages_written,22391410,22391410,10616.286510,enabled
1782984532.600,2026-07-02 09:28:52.601,buffer_pool_bytes_data,12852576256,12852576256,0.000000,enabled
1782984532.600,2026-07-02 09:28:52.601,buffer_pool_bytes_dirty,4639997952,4639997952,0.000000,enabled
1782984532.600,2026-07-02 09:28:52.601,buffer_pool_pages_data,784459,784459,0.000000,enabled
1782984532.600,2026-07-02 09:28:52.601,buffer_pool_pages_dirty,283203,283203,0.000000,enabled
1782984532.600,2026-07-02 09:28:52.601,buffer_pool_pages_flushed,22334340,22334340,0.000000,enabled
1782984532.600,2026-07-02 09:28:52.601,buffer_pool_pages_free,1877,1877,0.000000,enabled
1782984532.600,2026-07-02 09:28:52.601,buffer_pool_pages_lru_flushed,0,0,0.000000,enabled
1782984532.600,2026-07-02 09:28:52.601,buffer_pool_pages_misc,96,96,0.000000,enabled
1782984532.600,2026-07-02 09:28:52.601,buffer_pool_pages_total,786432,786432,0.000000,enabled
1782984532.600,2026-07-02 09:28:52.601,buffer_pool_reads,64068044,64068044,30376.145776,enabled
1782984532.600,2026-07-02 09:28:52.601,buffer_pool_read_ahead,803715,803715,381.059920,enabled
1782984532.600,2026-07-02 09:28:52.601,buffer_pool_read_ahead_evicted,25,25,0.011853,enabled
1782984532.600,2026-07-02 09:28:52.601,buffer_pool_read_requests,2719899504,2719899504,1289567.438481,enabled
1782984532.600,2026-07-02 09:28:52.601,buffer_pool_size,12884901888,12884901888,0.000000,enabled
1782984532.600,2026-07-02 09:28:52.601,buffer_pool_wait_free,18945,18945,8.982264,enabled
1782984532.600,2026-07-02 09:28:52.601,buffer_pool_write_requests,583590861,583590861,276693.962309,enabled
1782984532.600,2026-07-02 09:28:52.601,dml_deletes,12207950,12207950,5788.071017,enabled
1782984532.600,2026-07-02 09:28:52.601,dml_inserts,112093353,112093353,53146.047317,enabled
1782984532.600,2026-07-02 09:28:52.601,dml_system_deletes,468,468,0.221890,enabled
1782984532.600,2026-07-02 09:28:52.601,dml_system_inserts,1202,1202,0.569896,enabled
1782984532.600,2026-07-02 09:28:52.601,dml_system_reads,7661,7661,3.632257,enabled
1782984532.600,2026-07-02 09:28:52.601,dml_system_updates,620,620,0.293956,enabled
1782984532.600,2026-07-02 09:28:52.601,dml_updates,24416014,24416014,11576.196073,enabled
1782984532.600,2026-07-02 09:28:52.601,file_num_open_files,35,35,0.000000,enabled
1782984532.600,2026-07-02 09:28:52.601,ibuf_merges,0,0,0.000000,enabled
1782984532.600,2026-07-02 09:28:52.601,ibuf_merges_delete,0,0,0.000000,enabled
1782984532.600,2026-07-02 09:28:52.601,ibuf_merges_delete_mark,0,0,0.000000,enabled
1782984532.600,2026-07-02 09:28:52.601,ibuf_merges_discard_delete,0,0,0.000000,enabled
1782984532.600,2026-07-02 09:28:52.601,ibuf_merges_discard_delete_mark,0,0,0.000000,enabled
1782984532.600,2026-07-02 09:28:52.601,ibuf_merges_discard_insert,0,0,0.000000,enabled
1782984532.600,2026-07-02 09:28:52.601,ibuf_merges_insert,0,0,0.000000,enabled
1782984532.600,2026-07-02 09:28:52.601,ibuf_size,1,1,0.000474,enabled
1782984532.600,2026-07-02 09:28:52.601,innodb_activity_count,16934318,16934318,8028.951379,enabled
1782984532.600,2026-07-02 09:28:52.601,innodb_dblwr_pages_written,22332418,22332418,10588.315212,enabled
1782984532.600,2026-07-02 09:28:52.601,innodb_dblwr_writes,452216,452216,214.406051,enabled
1782984532.600,2026-07-02 09:28:52.601,innodb_page_size,16384,16384,0.000000,enabled
1782984532.600,2026-07-02 09:28:52.601,innodb_rwlock_sx_os_waits,0,0,0.000000,enabled
1782984532.600,2026-07-02 09:28:52.601,innodb_rwlock_sx_spin_rounds,0,0,0.000000,enabled
1782984532.600,2026-07-02 09:28:52.601,innodb_rwlock_sx_spin_waits,0,0,0.000000,enabled
1782984532.600,2026-07-02 09:28:52.601,innodb_rwlock_s_os_waits,0,0,0.000000,enabled
1782984532.600,2026-07-02 09:28:52.601,innodb_rwlock_s_spin_rounds,0,0,0.000000,enabled
1782984532.600,2026-07-02 09:28:52.601,innodb_rwlock_s_spin_waits,0,0,0.000000,enabled
1782984532.600,2026-07-02 09:28:52.601,innodb_rwlock_x_os_waits,0,0,0.000000,enabled
1782984532.600,2026-07-02 09:28:52.601,innodb_rwlock_x_spin_rounds,0,0,0.000000,enabled
1782984532.600,2026-07-02 09:28:52.601,innodb_rwlock_x_spin_waits,0,0,0.000000,enabled
1782984532.600,2026-07-02 09:28:52.601,lock_deadlocks,0,0,0.000000,enabled
1782984532.600,2026-07-02 09:28:52.601,lock_deadlock_false_positives,0,0,0.000000,enabled
1782984532.600,2026-07-02 09:28:52.601,lock_deadlock_rounds,2346,2346,1.112293,enabled
1782984532.600,2026-07-02 09:28:52.601,lock_rec_grant_attempts,425,425,0.201502,enabled
1782984532.600,2026-07-02 09:28:52.601,lock_rec_release_attempts,37104684,37104684,17592.191600,enabled
1782984532.600,2026-07-02 09:28:52.601,lock_row_lock_current_waits,0,0,0.000000,enabled
1782984532.600,2026-07-02 09:28:52.601,lock_row_lock_time,323,323,0.153142,enabled
1782984532.600,2026-07-02 09:28:52.601,lock_row_lock_time_avg,0,0,0.000000,enabled
1782984532.600,2026-07-02 09:28:52.601,lock_row_lock_time_max,29,29,0.000000,enabled
1782984532.600,2026-07-02 09:28:52.601,lock_row_lock_waits,425,425,0.201502,enabled
1782984532.600,2026-07-02 09:28:52.601,lock_schedule_refreshes,2346,2346,1.112293,enabled
1782984532.600,2026-07-02 09:28:52.601,lock_threads_waiting,0,0,0.000000,enabled
1782984532.600,2026-07-02 09:28:52.601,lock_timeouts,0,0,0.000000,enabled
1782984532.600,2026-07-02 09:28:52.601,log_waits,0,0,0.000000,enabled
1782984532.600,2026-07-02 09:28:52.601,log_writes,184385872,184385872,87421.605884,enabled
1782984532.600,2026-07-02 09:28:52.601,log_write_requests,392232041,392232041,185966.281254,enabled
1782984532.600,2026-07-02 09:28:52.601,os_data_fsyncs,48775792,48775792,23125.731852,enabled
1782984532.600,2026-07-02 09:28:52.601,os_data_reads,65071762,65071762,30852.028433,enabled
1782984532.600,2026-07-02 09:28:52.601,os_data_writes,207512406,207512406,98386.434416,enabled
1782984532.600,2026-07-02 09:28:52.601,os_log_bytes_written,118833864192,118833864192,56341885.174030,enabled
1782984532.600,2026-07-02 09:28:52.601,os_log_fsyncs,42809361,42809361,20296.908764,enabled
1782984532.600,2026-07-02 09:28:52.601,os_log_pending_fsyncs,1,1,0.000474,enabled
1782984532.600,2026-07-02 09:28:52.601,os_log_pending_writes,0,0,0.000000,enabled
1782984532.600,2026-07-02 09:28:52.601,trx_rseg_history_len,652,652,0.000000,enabled
1782984533.668,2026-07-02 09:28:53.670,adaptive_hash_searches,0,0,0.000000,enabled
1782984533.668,2026-07-02 09:28:53.670,adaptive_hash_searches_btree,565804420,565804420,268124.990905,enabled
1782984533.668,2026-07-02 09:28:53.670,buffer_data_reads,1062161418752,1062161418752,503340112.766263,enabled
1782984533.668,2026-07-02 09:28:53.670,buffer_data_written,520437740544,520437740544,246626535.468501,enabled
1782984533.668,2026-07-02 09:28:53.670,buffer_pages0_read,7,7,0.003317,enabled
1782984533.668,2026-07-02 09:28:53.670,buffer_pages_created,1807158,1807158,856.381246,enabled
1782984533.668,2026-07-02 09:28:53.670,buffer_pages_read,65012227,65012227,30808.181464,enabled
1782984533.668,2026-07-02 09:28:53.670,buffer_pages_written,22407695,22407695,10618.623110,enabled
1782984533.668,2026-07-02 09:28:53.670,buffer_pool_bytes_data,12856918016,12856918016,0.000000,enabled
1782984533.668,2026-07-02 09:28:53.670,buffer_pool_bytes_dirty,4643487744,4643487744,0.000000,enabled
1782984533.668,2026-07-02 09:28:53.670,buffer_pool_pages_data,784724,784724,0.000000,enabled
1782984533.668,2026-07-02 09:28:53.670,buffer_pool_pages_dirty,283416,283416,0.000000,enabled
1782984533.668,2026-07-02 09:28:53.670,buffer_pool_pages_flushed,22350625,22350625,0.000000,enabled
1782984533.668,2026-07-02 09:28:53.670,buffer_pool_pages_free,1611,1611,0.000000,enabled
1782984533.668,2026-07-02 09:28:53.670,buffer_pool_pages_lru_flushed,0,0,0.000000,enabled
1782984533.668,2026-07-02 09:28:53.670,buffer_pool_pages_misc,97,97,0.000000,enabled
1782984533.668,2026-07-02 09:28:53.670,buffer_pool_pages_total,786432,786432,0.000000,enabled
1782984533.668,2026-07-02 09:28:53.670,buffer_pool_reads,64126038,64126038,30388.232749,enabled
1782984533.668,2026-07-02 09:28:53.670,buffer_pool_read_ahead,803715,803715,380.866790,enabled
1782984533.668,2026-07-02 09:28:53.670,buffer_pool_read_ahead_evicted,25,25,0.011847,enabled
1782984533.668,2026-07-02 09:28:53.670,buffer_pool_read_requests,2720748015,2720748015,1289315.947890,enabled
1782984533.668,2026-07-02 09:28:53.670,buffer_pool_size,12884901888,12884901888,0.000000,enabled
1782984533.668,2026-07-02 09:28:53.670,buffer_pool_wait_free,18945,18945,8.977711,enabled
1782984533.668,2026-07-02 09:28:53.670,buffer_pool_write_requests,583707282,583707282,276608.896826,enabled
1782984533.668,2026-07-02 09:28:53.670,dml_deletes,12212878,12212878,5787.472804,enabled
1782984533.668,2026-07-02 09:28:53.670,dml_inserts,112098279,112098279,53121.446216,enabled
1782984533.668,2026-07-02 09:28:53.670,dml_system_deletes,468,468,0.221777,enabled
1782984533.668,2026-07-02 09:28:53.670,dml_system_inserts,1202,1202,0.569607,enabled
1782984533.668,2026-07-02 09:28:53.670,dml_system_reads,7661,7661,3.630416,enabled
1782984533.668,2026-07-02 09:28:53.670,dml_system_updates,620,620,0.293807,enabled
1782984533.668,2026-07-02 09:28:53.670,dml_updates,24425876,24425876,11575.002463,enabled
1782984533.668,2026-07-02 09:28:53.670,file_num_open_files,35,35,0.000000,enabled
1782984533.668,2026-07-02 09:28:53.670,ibuf_merges,0,0,0.000000,enabled
1782984533.668,2026-07-02 09:28:53.670,ibuf_merges_delete,0,0,0.000000,enabled
1782984533.668,2026-07-02 09:28:53.670,ibuf_merges_delete_mark,0,0,0.000000,enabled
1782984533.668,2026-07-02 09:28:53.670,ibuf_merges_discard_delete,0,0,0.000000,enabled
1782984533.668,2026-07-02 09:28:53.670,ibuf_merges_discard_delete_mark,0,0,0.000000,enabled
1782984533.668,2026-07-02 09:28:53.670,ibuf_merges_discard_insert,0,0,0.000000,enabled
1782984533.668,2026-07-02 09:28:53.670,ibuf_merges_insert,0,0,0.000000,enabled
1782984533.668,2026-07-02 09:28:53.670,ibuf_size,1,1,0.000474,enabled
1782984533.668,2026-07-02 09:28:53.670,innodb_activity_count,16939979,16939979,8027.564807,enabled
1782984533.668,2026-07-02 09:28:53.670,innodb_dblwr_pages_written,22348703,22348703,10590.666045,enabled
1782984533.668,2026-07-02 09:28:53.670,innodb_dblwr_writes,452572,452572,214.466089,enabled
1782984533.668,2026-07-02 09:28:53.670,innodb_page_size,16384,16384,0.000000,enabled
1782984533.668,2026-07-02 09:28:53.670,innodb_rwlock_sx_os_waits,0,0,0.000000,enabled
1782984533.668,2026-07-02 09:28:53.670,innodb_rwlock_sx_spin_rounds,0,0,0.000000,enabled
1782984533.668,2026-07-02 09:28:53.670,innodb_rwlock_sx_spin_waits,0,0,0.000000,enabled
1782984533.668,2026-07-02 09:28:53.670,innodb_rwlock_s_os_waits,0,0,0.000000,enabled
1782984533.668,2026-07-02 09:28:53.670,innodb_rwlock_s_spin_rounds,0,0,0.000000,enabled
1782984533.668,2026-07-02 09:28:53.670,innodb_rwlock_s_spin_waits,0,0,0.000000,enabled
1782984533.668,2026-07-02 09:28:53.670,innodb_rwlock_x_os_waits,0,0,0.000000,enabled
1782984533.668,2026-07-02 09:28:53.670,innodb_rwlock_x_spin_rounds,0,0,0.000000,enabled
1782984533.668,2026-07-02 09:28:53.670,innodb_rwlock_x_spin_waits,0,0,0.000000,enabled
1782984533.668,2026-07-02 09:28:53.670,lock_deadlocks,0,0,0.000000,enabled
1782984533.668,2026-07-02 09:28:53.670,lock_deadlock_false_positives,0,0,0.000000,enabled
1782984533.668,2026-07-02 09:28:53.670,lock_deadlock_rounds,2347,2347,1.112203,enabled
1782984533.668,2026-07-02 09:28:53.670,lock_rec_grant_attempts,425,425,0.201400,enabled
1782984533.668,2026-07-02 09:28:53.670,lock_rec_release_attempts,37119664,37119664,17590.374215,enabled
1782984533.668,2026-07-02 09:28:53.670,lock_row_lock_current_waits,0,0,0.000000,enabled
1782984533.668,2026-07-02 09:28:53.670,lock_row_lock_time,323,323,0.153064,enabled
1782984533.668,2026-07-02 09:28:53.670,lock_row_lock_time_avg,0,0,0.000000,enabled
1782984533.668,2026-07-02 09:28:53.670,lock_row_lock_time_max,29,29,0.000000,enabled
1782984533.668,2026-07-02 09:28:53.670,lock_row_lock_waits,425,425,0.201400,enabled
1782984533.668,2026-07-02 09:28:53.670,lock_schedule_refreshes,2347,2347,1.112203,enabled
1782984533.668,2026-07-02 09:28:53.670,lock_threads_waiting,0,0,0.000000,enabled
1782984533.668,2026-07-02 09:28:53.670,lock_timeouts,0,0,0.000000,enabled
1782984533.668,2026-07-02 09:28:53.670,log_waits,0,0,0.000000,enabled
1782984533.668,2026-07-02 09:28:53.670,log_writes,184465944,184465944,87415.243872,enabled
1782984533.668,2026-07-02 09:28:53.670,log_write_requests,392315803,392315803,185911.723738,enabled
1782984533.668,2026-07-02 09:28:53.670,os_data_fsyncs,48810921,48810921,23130.658263,enabled
1782984533.668,2026-07-02 09:28:53.670,os_data_reads,65129635,65129635,30863.816995,enabled
1782984533.668,2026-07-02 09:28:53.670,os_data_writes,207609001,207609001,98382.344811,enabled
1782984533.668,2026-07-02 09:28:53.670,os_log_bytes_written,118875992064,118875992064,56333293.579591,enabled
1782984533.668,2026-07-02 09:28:53.670,os_log_fsyncs,42839516,42839516,20300.911794,enabled
1782984533.668,2026-07-02 09:28:53.670,os_log_pending_fsyncs,1,1,0.000474,enabled
1782984533.668,2026-07-02 09:28:53.670,os_log_pending_writes,0,0,0.000000,enabled
1782984533.668,2026-07-02 09:28:53.670,trx_rseg_history_len,710,710,0.000000,enabled
1782984534.738,2026-07-02 09:28:54.740,adaptive_hash_searches,0,0,0.000000,enabled
1782984534.738,2026-07-02 09:28:54.740,adaptive_hash_searches_btree,565975428,565975428,268069.832840,enabled
1782984534.738,2026-07-02 09:28:54.740,buffer_data_reads,1063113247232,1063113247232,503535331.674377,enabled
1782984534.738,2026-07-02 09:28:54.740,buffer_data_written,520755727360,520755727360,246651905.046679,enabled
1782984534.738,2026-07-02 09:28:54.740,buffer_pages0_read,7,7,0.003315,enabled
1782984534.738,2026-07-02 09:28:54.740,buffer_pages_created,1807213,1807213,855.972407,enabled
1782984534.738,2026-07-02 09:28:54.740,buffer_pages_read,65070478,65070478,30820.126514,enabled
1782984534.738,2026-07-02 09:28:54.740,buffer_pages_written,22424108,22424108,10621.004625,enabled
1782984534.738,2026-07-02 09:28:54.740,buffer_pool_bytes_data,12853067776,12853067776,0.000000,enabled
1782984534.738,2026-07-02 09:28:54.740,buffer_pool_bytes_dirty,4646633472,4646633472,0.000000,enabled
1782984534.738,2026-07-02 09:28:54.740,buffer_pool_pages_data,784489,784489,0.000000,enabled
1782984534.738,2026-07-02 09:28:54.740,buffer_pool_pages_dirty,283608,283608,0.000000,enabled
1782984534.738,2026-07-02 09:28:54.740,buffer_pool_pages_flushed,22367038,22367038,0.000000,enabled
1782984534.738,2026-07-02 09:28:54.740,buffer_pool_pages_free,1847,1847,0.000000,enabled
1782984534.738,2026-07-02 09:28:54.740,buffer_pool_pages_lru_flushed,0,0,0.000000,enabled
1782984534.738,2026-07-02 09:28:54.740,buffer_pool_pages_misc,96,96,0.000000,enabled
1782984534.738,2026-07-02 09:28:54.740,buffer_pool_pages_total,786432,786432,0.000000,enabled
1782984534.738,2026-07-02 09:28:54.740,buffer_pool_reads,64184232,64184232,30400.364054,enabled
1782984534.738,2026-07-02 09:28:54.740,buffer_pool_read_ahead,803715,803715,380.673377,enabled
1782984534.738,2026-07-02 09:28:54.740,buffer_pool_read_ahead_evicted,25,25,0.011841,enabled
1782984534.738,2026-07-02 09:28:54.740,buffer_pool_read_requests,2721595598,2721595598,1289062.655236,enabled
1782984534.738,2026-07-02 09:28:54.740,buffer_pool_size,12884901888,12884901888,0.000000,enabled
1782984534.738,2026-07-02 09:28:54.740,buffer_pool_wait_free,18945,18945,8.973152,enabled
1782984534.738,2026-07-02 09:28:54.740,buffer_pool_write_requests,583823016,583823016,276523.245098,enabled
1782984534.738,2026-07-02 09:28:54.740,dml_deletes,12217815,12217815,5786.872315,enabled
1782984534.738,2026-07-02 09:28:54.740,dml_inserts,112103217,112103217,53096.810149,enabled
1782984534.738,2026-07-02 09:28:54.740,dml_system_deletes,468,468,0.221665,enabled
1782984534.738,2026-07-02 09:28:54.740,dml_system_inserts,1202,1202,0.569318,enabled
1782984534.738,2026-07-02 09:28:54.740,dml_system_reads,7661,7661,3.628573,enabled
1782984534.738,2026-07-02 09:28:54.740,dml_system_updates,620,620,0.293658,enabled
1782984534.738,2026-07-02 09:28:54.740,dml_updates,24435747,24435747,11573.800034,enabled
1782984534.738,2026-07-02 09:28:54.740,file_num_open_files,35,35,0.000000,enabled
1782984534.738,2026-07-02 09:28:54.740,ibuf_merges,0,0,0.000000,enabled
1782984534.738,2026-07-02 09:28:54.740,ibuf_merges_delete,0,0,0.000000,enabled
1782984534.738,2026-07-02 09:28:54.740,ibuf_merges_delete_mark,0,0,0.000000,enabled
1782984534.738,2026-07-02 09:28:54.740,ibuf_merges_discard_delete,0,0,0.000000,enabled
1782984534.738,2026-07-02 09:28:54.740,ibuf_merges_discard_delete_mark,0,0,0.000000,enabled
1782984534.738,2026-07-02 09:28:54.740,ibuf_merges_discard_insert,0,0,0.000000,enabled
1782984534.738,2026-07-02 09:28:54.740,ibuf_merges_insert,0,0,0.000000,enabled
1782984534.738,2026-07-02 09:28:54.740,ibuf_size,1,1,0.000474,enabled
1782984534.738,2026-07-02 09:28:54.740,innodb_activity_count,16945653,16945653,8026.175854,enabled
1782984534.738,2026-07-02 09:28:54.740,innodb_dblwr_pages_written,22365116,22365116,10593.061999,enabled
1782984534.738,2026-07-02 09:28:54.740,innodb_dblwr_writes,452950,452950,214.536220,enabled
1782984534.738,2026-07-02 09:28:54.740,innodb_page_size,16384,16384,0.000000,enabled
1782984534.738,2026-07-02 09:28:54.740,innodb_rwlock_sx_os_waits,0,0,0.000000,enabled
1782984534.738,2026-07-02 09:28:54.740,innodb_rwlock_sx_spin_rounds,0,0,0.000000,enabled
1782984534.738,2026-07-02 09:28:54.740,innodb_rwlock_sx_spin_waits,0,0,0.000000,enabled
1782984534.738,2026-07-02 09:28:54.740,innodb_rwlock_s_os_waits,0,0,0.000000,enabled
1782984534.738,2026-07-02 09:28:54.740,innodb_rwlock_s_spin_rounds,0,0,0.000000,enabled
1782984534.738,2026-07-02 09:28:54.740,innodb_rwlock_s_spin_waits,0,0,0.000000,enabled
1782984534.738,2026-07-02 09:28:54.740,innodb_rwlock_x_os_waits,0,0,0.000000,enabled
1782984534.738,2026-07-02 09:28:54.740,innodb_rwlock_x_spin_rounds,0,0,0.000000,enabled
1782984534.738,2026-07-02 09:28:54.740,innodb_rwlock_x_spin_waits,0,0,0.000000,enabled
1782984534.738,2026-07-02 09:28:54.740,lock_deadlocks,0,0,0.000000,enabled
1782984534.738,2026-07-02 09:28:54.740,lock_deadlock_false_positives,0,0,0.000000,enabled
1782984534.738,2026-07-02 09:28:54.740,lock_deadlock_rounds,2348,2348,1.112112,enabled
1782984534.738,2026-07-02 09:28:54.740,lock_rec_grant_attempts,425,425,0.201298,enabled
1782984534.738,2026-07-02 09:28:54.740,lock_rec_release_attempts,37134660,37134660,17588.544125,enabled
1782984534.738,2026-07-02 09:28:54.740,lock_row_lock_current_waits,0,0,0.000000,enabled
1782984534.738,2026-07-02 09:28:54.740,lock_row_lock_time,323,323,0.152986,enabled
1782984534.738,2026-07-02 09:28:54.740,lock_row_lock_time_avg,0,0,0.000000,enabled
1782984534.738,2026-07-02 09:28:54.740,lock_row_lock_time_max,29,29,0.000000,enabled
1782984534.738,2026-07-02 09:28:54.740,lock_row_lock_waits,425,425,0.201298,enabled
1782984534.738,2026-07-02 09:28:54.740,lock_schedule_refreshes,2348,2348,1.112112,enabled
1782984534.738,2026-07-02 09:28:54.740,lock_threads_waiting,0,0,0.000000,enabled
1782984534.738,2026-07-02 09:28:54.740,lock_timeouts,0,0,0.000000,enabled
1782984534.738,2026-07-02 09:28:54.740,log_waits,0,0,0.000000,enabled
1782984534.738,2026-07-02 09:28:54.740,log_writes,184547444,184547444,87409.455533,enabled
1782984534.738,2026-07-02 09:28:54.740,log_write_requests,392399616,392399616,185857.013612,enabled
1782984534.738,2026-07-02 09:28:54.740,os_data_fsyncs,48846216,48846216,23135.629411,enabled
1782984534.738,2026-07-02 09:28:54.740,os_data_reads,65187721,65187721,30875.655897,enabled
1782984534.738,2026-07-02 09:28:54.740,os_data_writes,207707200,207707200,98378.896090,enabled
1782984534.738,2026-07-02 09:28:54.740,os_log_bytes_written,118918906880,118918906880,56325013.073626,enabled
1782984534.738,2026-07-02 09:28:54.740,os_log_fsyncs,42869613,42869613,20304.857941,enabled
1782984534.738,2026-07-02 09:28:54.740,os_log_pending_fsyncs,1,1,0.000474,enabled
1782984534.738,2026-07-02 09:28:54.740,os_log_pending_writes,0,0,0.000000,enabled
1782984534.738,2026-07-02 09:28:54.740,trx_rseg_history_len,846,846,0.000000,enabled
1782984535.810,2026-07-02 09:28:55.811,adaptive_hash_searches,0,0,0.000000,enabled
1782984535.810,2026-07-02 09:28:55.811,adaptive_hash_searches_btree,566146728,566146728,268015.127508,enabled
1782984535.810,2026-07-02 09:28:55.811,buffer_data_reads,1064064289280,1064064289280,503730487.991293,enabled
1782984535.810,2026-07-02 09:28:55.811,buffer_data_written,521068220416,521068220416,246674896.676934,enabled
1782984535.810,2026-07-02 09:28:55.811,buffer_pages0_read,7,7,0.003314,enabled
1782984535.810,2026-07-02 09:28:55.811,buffer_pages_created,1807261,1807261,855.561532,enabled
1782984535.810,2026-07-02 09:28:55.811,buffer_pages_read,65128706,65128706,30832.079649,enabled
1782984535.810,2026-07-02 09:28:55.811,buffer_pages_written,22440234,22440234,10623.258578,enabled
1782984535.810,2026-07-02 09:28:55.811,buffer_pool_bytes_data,12857196544,12857196544,0.000000,enabled
1782984535.810,2026-07-02 09:28:55.811,buffer_pool_bytes_dirty,4653629440,4653629440,0.000000,enabled
1782984535.810,2026-07-02 09:28:55.811,buffer_pool_pages_data,784741,784741,0.000000,enabled
1782984535.810,2026-07-02 09:28:55.811,buffer_pool_pages_dirty,284035,284035,0.000000,enabled
1782984535.810,2026-07-02 09:28:55.811,buffer_pool_pages_flushed,22383164,22383164,0.000000,enabled
1782984535.810,2026-07-02 09:28:55.811,buffer_pool_pages_free,1592,1592,0.000000,enabled
1782984535.810,2026-07-02 09:28:55.811,buffer_pool_pages_lru_flushed,0,0,0.000000,enabled
1782984535.810,2026-07-02 09:28:55.811,buffer_pool_pages_misc,96,96,0.000000,enabled
1782984535.810,2026-07-02 09:28:55.811,buffer_pool_pages_total,786432,786432,0.000000,enabled
1782984535.810,2026-07-02 09:28:55.811,buffer_pool_reads,64242389,64242389,30412.496285,enabled
1782984535.810,2026-07-02 09:28:55.811,buffer_pool_read_ahead,803715,803715,380.480545,enabled
1782984535.810,2026-07-02 09:28:55.811,buffer_pool_read_ahead_evicted,25,25,0.011835,enabled
1782984535.810,2026-07-02 09:28:55.811,buffer_pool_read_requests,2722444699,2722444699,1288811.640031,enabled
1782984535.810,2026-07-02 09:28:55.811,buffer_pool_size,12884901888,12884901888,0.000000,enabled
1782984535.810,2026-07-02 09:28:55.811,buffer_pool_wait_free,18945,18945,8.968607,enabled
1782984535.810,2026-07-02 09:28:55.811,buffer_pool_write_requests,583939135,583939135,276438.141728,enabled
1782984535.810,2026-07-02 09:28:55.811,dml_deletes,12222753,12222753,5786.278435,enabled
1782984535.810,2026-07-02 09:28:55.811,dml_inserts,112108156,112108156,53072.250260,enabled
1782984535.810,2026-07-02 09:28:55.811,dml_system_deletes,468,468,0.221552,enabled
1782984535.810,2026-07-02 09:28:55.811,dml_system_inserts,1202,1202,0.569029,enabled
1782984535.810,2026-07-02 09:28:55.811,dml_system_reads,7661,7661,3.626734,enabled
1782984535.810,2026-07-02 09:28:55.811,dml_system_updates,620,620,0.293509,enabled
1782984535.810,2026-07-02 09:28:55.811,dml_updates,24445620,24445620,11572.610821,enabled
1782984535.810,2026-07-02 09:28:55.811,file_num_open_files,35,35,0.000000,enabled
1782984535.810,2026-07-02 09:28:55.811,ibuf_merges,0,0,0.000000,enabled
1782984535.810,2026-07-02 09:28:55.811,ibuf_merges_delete,0,0,0.000000,enabled
1782984535.810,2026-07-02 09:28:55.811,ibuf_merges_delete_mark,0,0,0.000000,enabled
1782984535.810,2026-07-02 09:28:55.811,ibuf_merges_discard_delete,0,0,0.000000,enabled
1782984535.810,2026-07-02 09:28:55.811,ibuf_merges_discard_delete_mark,0,0,0.000000,enabled
1782984535.810,2026-07-02 09:28:55.811,ibuf_merges_discard_insert,0,0,0.000000,enabled
1782984535.810,2026-07-02 09:28:55.811,ibuf_merges_insert,0,0,0.000000,enabled
1782984535.810,2026-07-02 09:28:55.811,ibuf_size,1,1,0.000473,enabled
1782984535.810,2026-07-02 09:28:55.811,innodb_activity_count,16951329,16951329,8024.796962,enabled
1782984535.810,2026-07-02 09:28:55.811,innodb_dblwr_pages_written,22381242,22381242,10595.329809,enabled
1782984535.810,2026-07-02 09:28:55.811,innodb_dblwr_writes,453337,453337,214.610746,enabled
1782984535.810,2026-07-02 09:28:55.811,innodb_page_size,16384,16384,0.000000,enabled
1782984535.810,2026-07-02 09:28:55.811,innodb_rwlock_sx_os_waits,0,0,0.000000,enabled
1782984535.810,2026-07-02 09:28:55.811,innodb_rwlock_sx_spin_rounds,0,0,0.000000,enabled
1782984535.810,2026-07-02 09:28:55.811,innodb_rwlock_sx_spin_waits,0,0,0.000000,enabled
1782984535.810,2026-07-02 09:28:55.811,innodb_rwlock_s_os_waits,0,0,0.000000,enabled
1782984535.810,2026-07-02 09:28:55.811,innodb_rwlock_s_spin_rounds,0,0,0.000000,enabled
1782984535.810,2026-07-02 09:28:55.811,innodb_rwlock_s_spin_waits,0,0,0.000000,enabled
1782984535.810,2026-07-02 09:28:55.811,innodb_rwlock_x_os_waits,0,0,0.000000,enabled
1782984535.810,2026-07-02 09:28:55.811,innodb_rwlock_x_spin_rounds,0,0,0.000000,enabled
1782984535.810,2026-07-02 09:28:55.811,innodb_rwlock_x_spin_waits,0,0,0.000000,enabled
1782984535.810,2026-07-02 09:28:55.811,lock_deadlocks,0,0,0.000000,enabled
1782984535.810,2026-07-02 09:28:55.811,lock_deadlock_false_positives,0,0,0.000000,enabled
1782984535.810,2026-07-02 09:28:55.811,lock_deadlock_rounds,2349,2349,1.112022,enabled
1782984535.810,2026-07-02 09:28:55.811,lock_rec_grant_attempts,425,425,0.201196,enabled
1782984535.810,2026-07-02 09:28:55.811,lock_rec_release_attempts,37149676,37149676,17586.743189,enabled
1782984535.810,2026-07-02 09:28:55.811,lock_row_lock_current_waits,0,0,0.000000,enabled
1782984535.810,2026-07-02 09:28:55.811,lock_row_lock_time,323,323,0.152909,enabled
1782984535.810,2026-07-02 09:28:55.811,lock_row_lock_time_avg,0,0,0.000000,enabled
1782984535.810,2026-07-02 09:28:55.811,lock_row_lock_time_max,29,29,0.000000,enabled
1782984535.810,2026-07-02 09:28:55.811,lock_row_lock_waits,425,425,0.201196,enabled
1782984535.810,2026-07-02 09:28:55.811,lock_schedule_refreshes,2349,2349,1.112022,enabled
1782984535.810,2026-07-02 09:28:55.811,lock_threads_waiting,0,0,0.000000,enabled
1782984535.810,2026-07-02 09:28:55.811,lock_timeouts,0,0,0.000000,enabled
1782984535.810,2026-07-02 09:28:55.811,log_waits,0,0,0.000000,enabled
1782984535.810,2026-07-02 09:28:55.811,log_writes,184627487,184627487,87403.068448,enabled
1782984535.810,2026-07-02 09:28:55.811,log_write_requests,392483502,392483502,185802.574572,enabled
1782984535.810,2026-07-02 09:28:55.811,os_data_fsyncs,48881736,48881736,23140.724814,enabled
1782984535.810,2026-07-02 09:28:55.811,os_data_reads,65245774,65245774,30887.497616,enabled
1782984535.810,2026-07-02 09:28:55.811,os_data_writes,207803677,207803677,98374.732625,enabled
1782984535.810,2026-07-02 09:28:55.811,os_log_bytes_written,118960890368,118960890368,56316355.478589,enabled
1782984535.810,2026-07-02 09:28:55.811,os_log_fsyncs,42899875,42899875,20308.898169,enabled
1782984535.810,2026-07-02 09:28:55.811,os_log_pending_fsyncs,0,0,0.000000,enabled
1782984535.810,2026-07-02 09:28:55.811,os_log_pending_writes,0,0,0.000000,enabled
1782984535.810,2026-07-02 09:28:55.811,trx_rseg_history_len,950,950,0.000000,enabled
1782984536.880,2026-07-02 09:28:56.881,adaptive_hash_searches,0,0,0.000000,enabled
1782984536.880,2026-07-02 09:28:56.881,adaptive_hash_searches_btree,566319084,566319084,267960.704505,enabled
1782984536.880,2026-07-02 09:28:56.881,buffer_data_reads,1065020361216,1065020361216,503927296.667749,enabled
1782984536.880,2026-07-02 09:28:56.881,buffer_data_written,521384138752,521384138752,246699226.530102,enabled
1782984536.880,2026-07-02 09:28:56.881,buffer_pages0_read,7,7,0.003312,enabled
1782984536.880,2026-07-02 09:28:56.881,buffer_pages_created,1807296,1807296,855.144023,enabled
1782984536.880,2026-07-02 09:28:56.881,buffer_pages_read,65187227,65187227,30844.126876,enabled
1782984536.880,2026-07-02 09:28:56.881,buffer_pages_written,22456623,22456623,10625.623507,enabled
1782984536.880,2026-07-02 09:28:56.881,buffer_pool_bytes_data,12860260352,12860260352,0.000000,enabled
1782984536.880,2026-07-02 09:28:56.881,buffer_pool_bytes_dirty,4656398336,4656398336,0.000000,enabled
1782984536.880,2026-07-02 09:28:56.881,buffer_pool_pages_data,784928,784928,0.000000,enabled
1782984536.880,2026-07-02 09:28:56.881,buffer_pool_pages_dirty,284204,284204,0.000000,enabled
1782984536.880,2026-07-02 09:28:56.881,buffer_pool_pages_flushed,22399553,22399553,0.000000,enabled
1782984536.880,2026-07-02 09:28:56.881,buffer_pool_pages_free,1408,1408,0.000000,enabled
1782984536.880,2026-07-02 09:28:56.881,buffer_pool_pages_lru_flushed,0,0,0.000000,enabled
1782984536.880,2026-07-02 09:28:56.881,buffer_pool_pages_misc,96,96,0.000000,enabled
1782984536.880,2026-07-02 09:28:56.881,buffer_pool_pages_total,786432,786432,0.000000,enabled
1782984536.880,2026-07-02 09:28:56.881,buffer_pool_reads,64300858,64300858,30424.731811,enabled
1782984536.880,2026-07-02 09:28:56.881,buffer_pool_read_ahead,803715,803715,380.287508,enabled
1782984536.880,2026-07-02 09:28:56.881,buffer_pool_read_ahead_evicted,25,25,0.011829,enabled
1782984536.880,2026-07-02 09:28:56.881,buffer_pool_read_requests,2723298297,2723298297,1288561.652079,enabled
1782984536.880,2026-07-02 09:28:56.881,buffer_pool_size,12884901888,12884901888,0.000000,enabled
1782984536.880,2026-07-02 09:28:56.881,buffer_pool_wait_free,18945,18945,8.964057,enabled
1782984536.880,2026-07-02 09:28:56.881,buffer_pool_write_requests,584055442,584055442,276352.922989,enabled
1782984536.880,2026-07-02 09:28:56.881,dml_deletes,12227734,12227734,5785.699637,enabled
1782984536.880,2026-07-02 09:28:56.881,dml_inserts,112113136,112113136,53047.680864,enabled
1782984536.880,2026-07-02 09:28:56.881,dml_system_deletes,468,468,0.221440,enabled
1782984536.880,2026-07-02 09:28:56.881,dml_system_inserts,1202,1202,0.568741,enabled
1782984536.880,2026-07-02 09:28:56.881,dml_system_reads,7661,7661,3.624894,enabled
1782984536.880,2026-07-02 09:28:56.881,dml_system_updates,620,620,0.293360,enabled
1782984536.880,2026-07-02 09:28:56.881,dml_updates,24455586,24455586,11571.455095,enabled
1782984536.880,2026-07-02 09:28:56.881,file_num_open_files,35,35,0.000000,enabled
1782984536.880,2026-07-02 09:28:56.881,ibuf_merges,0,0,0.000000,enabled
1782984536.880,2026-07-02 09:28:56.881,ibuf_merges_delete,0,0,0.000000,enabled
1782984536.880,2026-07-02 09:28:56.881,ibuf_merges_delete_mark,0,0,0.000000,enabled
1782984536.880,2026-07-02 09:28:56.881,ibuf_merges_discard_delete,0,0,0.000000,enabled
1782984536.880,2026-07-02 09:28:56.881,ibuf_merges_discard_delete_mark,0,0,0.000000,enabled
1782984536.880,2026-07-02 09:28:56.881,ibuf_merges_discard_insert,0,0,0.000000,enabled
1782984536.880,2026-07-02 09:28:56.881,ibuf_merges_insert,0,0,0.000000,enabled
1782984536.880,2026-07-02 09:28:56.881,ibuf_size,1,1,0.000473,enabled
1782984536.880,2026-07-02 09:28:56.881,innodb_activity_count,16957052,16957052,8023.433554,enabled
1782984536.880,2026-07-02 09:28:56.881,innodb_dblwr_pages_written,22397631,22397631,10597.709014,enabled
1782984536.880,2026-07-02 09:28:56.881,innodb_dblwr_writes,453685,453685,214.666525,enabled
1782984536.880,2026-07-02 09:28:56.881,innodb_page_size,16384,16384,0.000000,enabled
1782984536.880,2026-07-02 09:28:56.881,innodb_rwlock_sx_os_waits,0,0,0.000000,enabled
1782984536.880,2026-07-02 09:28:56.881,innodb_rwlock_sx_spin_rounds,0,0,0.000000,enabled
1782984536.880,2026-07-02 09:28:56.881,innodb_rwlock_sx_spin_waits,0,0,0.000000,enabled
1782984536.880,2026-07-02 09:28:56.881,innodb_rwlock_s_os_waits,0,0,0.000000,enabled
1782984536.880,2026-07-02 09:28:56.881,innodb_rwlock_s_spin_rounds,0,0,0.000000,enabled
1782984536.880,2026-07-02 09:28:56.881,innodb_rwlock_s_spin_waits,0,0,0.000000,enabled
1782984536.880,2026-07-02 09:28:56.881,innodb_rwlock_x_os_waits,0,0,0.000000,enabled
1782984536.880,2026-07-02 09:28:56.881,innodb_rwlock_x_spin_rounds,0,0,0.000000,enabled
1782984536.880,2026-07-02 09:28:56.881,innodb_rwlock_x_spin_waits,0,0,0.000000,enabled
1782984536.880,2026-07-02 09:28:56.881,lock_deadlocks,0,0,0.000000,enabled
1782984536.880,2026-07-02 09:28:56.881,lock_deadlock_false_positives,0,0,0.000000,enabled
1782984536.880,2026-07-02 09:28:56.881,lock_deadlock_rounds,2350,2350,1.111931,enabled
1782984536.880,2026-07-02 09:28:56.881,lock_rec_grant_attempts,425,425,0.201094,enabled
1782984536.880,2026-07-02 09:28:56.881,lock_rec_release_attempts,37164812,37164812,17584.982317,enabled
1782984536.880,2026-07-02 09:28:56.881,lock_row_lock_current_waits,0,0,0.000000,enabled
1782984536.880,2026-07-02 09:28:56.881,lock_row_lock_time,323,323,0.152831,enabled
1782984536.880,2026-07-02 09:28:56.881,lock_row_lock_time_avg,0,0,0.000000,enabled
1782984536.880,2026-07-02 09:28:56.881,lock_row_lock_time_max,29,29,0.000000,enabled
1782984536.880,2026-07-02 09:28:56.881,lock_row_lock_waits,425,425,0.201094,enabled
1782984536.880,2026-07-02 09:28:56.881,lock_schedule_refreshes,2350,2350,1.111931,enabled
1782984536.880,2026-07-02 09:28:56.881,lock_threads_waiting,0,0,0.000000,enabled
1782984536.880,2026-07-02 09:28:56.881,lock_timeouts,0,0,0.000000,enabled
1782984536.880,2026-07-02 09:28:56.881,log_waits,0,0,0.000000,enabled
1782984536.880,2026-07-02 09:28:56.881,log_writes,184706013,184706013,87395.881087,enabled
1782984536.880,2026-07-02 09:28:56.881,log_write_requests,392567917,392567917,185748.251857,enabled
1782984536.880,2026-07-02 09:28:56.881,os_data_fsyncs,48916769,48916769,23145.560844,enabled
1782984536.880,2026-07-02 09:28:56.881,os_data_reads,65304095,65304095,30899.422374,enabled
1782984536.880,2026-07-02 09:28:56.881,os_data_writes,207898832,207898832,98369.846731,enabled
1782984536.880,2026-07-02 09:28:56.881,os_log_bytes_written,119001951232,119001951232,56307212.296469,enabled
1782984536.880,2026-07-02 09:28:56.881,os_log_fsyncs,42929870,42929870,20312.787119,enabled
1782984536.880,2026-07-02 09:28:56.881,os_log_pending_fsyncs,1,1,0.000473,enabled
1782984536.880,2026-07-02 09:28:56.881,os_log_pending_writes,0,0,0.000000,enabled
1782984536.880,2026-07-02 09:28:56.881,trx_rseg_history_len,1132,1132,0.000000,enabled
1782984537.952,2026-07-02 09:28:57.954,adaptive_hash_searches,0,0,0.000000,enabled
1782984537.952,2026-07-02 09:28:57.954,adaptive_hash_searches_btree,566491652,566491652,267906.447964,enabled
1782984537.952,2026-07-02 09:28:57.954,buffer_data_reads,1065977186816,1065977186816,504124285.710024,enabled
1782984537.952,2026-07-02 09:28:57.954,buffer_data_written,521700575744,521700575744,246723788.434741,enabled
1782984537.952,2026-07-02 09:28:57.954,buffer_pages0_read,7,7,0.003310,enabled
1782984537.952,2026-07-02 09:28:57.954,buffer_pages_created,1807344,1807344,854.733124,enabled
1782984537.952,2026-07-02 09:28:57.954,buffer_pages_read,65245780,65245780,30856.178454,enabled
1782984537.952,2026-07-02 09:28:57.954,buffer_pages_written,22472900,22472900,10627.933563,enabled
1782984537.952,2026-07-02 09:28:57.954,buffer_pool_bytes_data,12856066048,12856066048,0.000000,enabled
1782984537.952,2026-07-02 09:28:57.954,buffer_pool_bytes_dirty,4662837248,4662837248,0.000000,enabled
1782984537.952,2026-07-02 09:28:57.954,buffer_pool_pages_data,784671,784671,0.000000,enabled
1782984537.952,2026-07-02 09:28:57.954,buffer_pool_pages_dirty,284597,284597,0.000000,enabled
1782984537.952,2026-07-02 09:28:57.954,buffer_pool_pages_flushed,22415830,22415830,0.000000,enabled
1782984537.952,2026-07-02 09:28:57.954,buffer_pool_pages_free,1664,1664,0.000000,enabled
1782984537.952,2026-07-02 09:28:57.954,buffer_pool_pages_lru_flushed,0,0,0.000000,enabled
1782984537.952,2026-07-02 09:28:57.954,buffer_pool_pages_misc,96,96,0.000000,enabled
1782984537.952,2026-07-02 09:28:57.954,buffer_pool_pages_total,786432,786432,0.000000,enabled
1782984537.952,2026-07-02 09:28:57.954,buffer_pool_reads,64359346,64359346,30436.965196,enabled
1782984537.952,2026-07-02 09:28:57.954,buffer_pool_read_ahead,803715,803715,380.094683,enabled
1782984537.952,2026-07-02 09:28:57.954,buffer_pool_read_ahead_evicted,25,25,0.011823,enabled
1782984537.952,2026-07-02 09:28:57.954,buffer_pool_read_requests,2724157789,2724157789,1288314.759522,enabled
1782984537.952,2026-07-02 09:28:57.954,buffer_pool_size,12884901888,12884901888,0.000000,enabled
1782984537.952,2026-07-02 09:28:57.954,buffer_pool_wait_free,18945,18945,8.959512,enabled
1782984537.952,2026-07-02 09:28:57.954,buffer_pool_write_requests,584175685,584175685,276269.663806,enabled
1782984537.952,2026-07-02 09:28:57.954,dml_deletes,12232711,12232711,5785.119761,enabled
1782984537.952,2026-07-02 09:28:57.954,dml_inserts,112118114,112118114,53023.137516,enabled
1782984537.952,2026-07-02 09:28:57.954,dml_system_deletes,468,468,0.221328,enabled
1782984537.952,2026-07-02 09:28:57.954,dml_system_inserts,1202,1202,0.568452,enabled
1782984537.952,2026-07-02 09:28:57.954,dml_system_reads,7661,7661,3.623056,enabled
1782984537.952,2026-07-02 09:28:57.954,dml_system_updates,620,620,0.293212,enabled
1782984537.952,2026-07-02 09:28:57.954,dml_updates,24465539,24465539,11570.294845,enabled
1782984537.952,2026-07-02 09:28:57.954,file_num_open_files,35,35,0.000000,enabled
1782984537.952,2026-07-02 09:28:57.954,ibuf_merges,0,0,0.000000,enabled
1782984537.952,2026-07-02 09:28:57.954,ibuf_merges_delete,0,0,0.000000,enabled
1782984537.952,2026-07-02 09:28:57.954,ibuf_merges_delete_mark,0,0,0.000000,enabled
1782984537.952,2026-07-02 09:28:57.954,ibuf_merges_discard_delete,0,0,0.000000,enabled
1782984537.952,2026-07-02 09:28:57.954,ibuf_merges_discard_delete_mark,0,0,0.000000,enabled
1782984537.952,2026-07-02 09:28:57.954,ibuf_merges_discard_insert,0,0,0.000000,enabled
1782984537.952,2026-07-02 09:28:57.954,ibuf_merges_insert,0,0,0.000000,enabled
1782984537.952,2026-07-02 09:28:57.954,ibuf_size,1,1,0.000473,enabled
1782984537.952,2026-07-02 09:28:57.954,innodb_activity_count,16962782,16962782,8022.075154,enabled
1782984537.952,2026-07-02 09:28:57.954,innodb_dblwr_pages_written,22413908,22413908,10600.033253,enabled
1782984537.952,2026-07-02 09:28:57.954,innodb_dblwr_writes,454045,454045,214.727932,enabled
1782984537.952,2026-07-02 09:28:57.954,innodb_page_size,16384,16384,0.000000,enabled
1782984537.952,2026-07-02 09:28:57.954,innodb_rwlock_sx_os_waits,0,0,0.000000,enabled
1782984537.952,2026-07-02 09:28:57.954,innodb_rwlock_sx_spin_rounds,0,0,0.000000,enabled
1782984537.952,2026-07-02 09:28:57.954,innodb_rwlock_sx_spin_waits,0,0,0.000000,enabled
1782984537.952,2026-07-02 09:28:57.954,innodb_rwlock_s_os_waits,0,0,0.000000,enabled
1782984537.952,2026-07-02 09:28:57.954,innodb_rwlock_s_spin_rounds,0,0,0.000000,enabled
1782984537.952,2026-07-02 09:28:57.954,innodb_rwlock_s_spin_waits,0,0,0.000000,enabled
1782984537.952,2026-07-02 09:28:57.954,innodb_rwlock_x_os_waits,0,0,0.000000,enabled
1782984537.952,2026-07-02 09:28:57.954,innodb_rwlock_x_spin_rounds,0,0,0.000000,enabled
1782984537.952,2026-07-02 09:28:57.954,innodb_rwlock_x_spin_waits,0,0,0.000000,enabled
1782984537.952,2026-07-02 09:28:57.954,lock_deadlocks,0,0,0.000000,enabled
1782984537.952,2026-07-02 09:28:57.954,lock_deadlock_false_positives,0,0,0.000000,enabled
1782984537.952,2026-07-02 09:28:57.954,lock_deadlock_rounds,2351,2351,1.111840,enabled
1782984537.952,2026-07-02 09:28:57.954,lock_rec_grant_attempts,425,425,0.200992,enabled
1782984537.952,2026-07-02 09:28:57.954,lock_rec_release_attempts,37179954,37179954,17583.226824,enabled
1782984537.952,2026-07-02 09:28:57.954,lock_row_lock_current_waits,0,0,0.000000,enabled
1782984537.952,2026-07-02 09:28:57.954,lock_row_lock_time,323,323,0.152754,enabled
1782984537.952,2026-07-02 09:28:57.954,lock_row_lock_time_avg,0,0,0.000000,enabled
1782984537.952,2026-07-02 09:28:57.954,lock_row_lock_time_max,29,29,0.000000,enabled
1782984537.952,2026-07-02 09:28:57.954,lock_row_lock_waits,425,425,0.200992,enabled
1782984537.952,2026-07-02 09:28:57.954,lock_schedule_refreshes,2351,2351,1.111840,enabled
1782984537.952,2026-07-02 09:28:57.954,lock_threads_waiting,0,0,0.000000,enabled
1782984537.952,2026-07-02 09:28:57.954,lock_timeouts,0,0,0.000000,enabled
1782984537.952,2026-07-02 09:28:57.954,log_waits,0,0,0.000000,enabled
1782984537.952,2026-07-02 09:28:57.954,log_writes,184788331,184788331,87390.497142,enabled
1782984537.952,2026-07-02 09:28:57.954,log_write_requests,392653578,392653578,185694.579444,enabled
1782984537.952,2026-07-02 09:28:57.954,os_data_fsyncs,48952544,48952544,23150.743726,enabled
1782984537.952,2026-07-02 09:28:57.954,os_data_reads,65362472,65362472,30911.362666,enabled
1782984537.952,2026-07-02 09:28:57.954,os_data_writes,207997697,207997697,98366.723946,enabled
1782984537.952,2026-07-02 09:28:57.954,os_log_bytes_written,119045201408,119045201408,56299115.814458,enabled
1782984537.952,2026-07-02 09:28:57.954,os_log_fsyncs,42960611,42960611,20317.025663,enabled
1782984537.952,2026-07-02 09:28:57.954,os_log_pending_fsyncs,1,1,0.000473,enabled
1782984537.952,2026-07-02 09:28:57.954,os_log_pending_writes,0,0,0.000000,enabled
1782984537.952,2026-07-02 09:28:57.954,trx_rseg_history_len,81,81,0.000000,enabled
1782984539.025,2026-07-02 09:28:59.026,adaptive_hash_searches,0,0,0.000000,enabled
1782984539.025,2026-07-02 09:28:59.026,adaptive_hash_searches_btree,566663634,566663634,267851.844358,enabled
1782984539.025,2026-07-02 09:28:59.026,buffer_data_reads,1066925705728,1066925705728,504316913.815736,enabled
1782984539.025,2026-07-02 09:28:59.026,buffer_data_written,522014861312,522014861312,246747193.564596,enabled
1782984539.025,2026-07-02 09:28:59.026,buffer_pages0_read,7,7,0.003309,enabled
1782984539.025,2026-07-02 09:28:59.026,buffer_pages_created,1807381,1807381,854.317047,enabled
1782984539.025,2026-07-02 09:28:59.026,buffer_pages_read,65303863,65303863,30867.981292,enabled
1782984539.025,2026-07-02 09:28:59.026,buffer_pages_written,22489128,22489128,10630.213183,enabled
1782984539.025,2026-07-02 09:28:59.026,buffer_pool_bytes_data,12860637184,12860637184,0.000000,enabled
1782984539.025,2026-07-02 09:28:59.026,buffer_pool_bytes_dirty,4667801600,4667801600,0.000000,enabled
1782984539.025,2026-07-02 09:28:59.026,buffer_pool_pages_data,784951,784951,0.000000,enabled
1782984539.025,2026-07-02 09:28:59.026,buffer_pool_pages_dirty,284900,284900,0.000000,enabled
1782984539.025,2026-07-02 09:28:59.026,buffer_pool_pages_flushed,22432058,22432058,0.000000,enabled
1782984539.025,2026-07-02 09:28:59.026,buffer_pool_pages_free,1384,1384,0.000000,enabled
1782984539.025,2026-07-02 09:28:59.026,buffer_pool_pages_lru_flushed,0,0,0.000000,enabled
1782984539.025,2026-07-02 09:28:59.026,buffer_pool_pages_misc,97,97,0.000000,enabled
1782984539.025,2026-07-02 09:28:59.026,buffer_pool_pages_total,786432,786432,0.000000,enabled
1782984539.025,2026-07-02 09:28:59.026,buffer_pool_reads,64417356,64417356,30448.946541,enabled
1782984539.025,2026-07-02 09:28:59.026,buffer_pool_read_ahead,803715,803715,379.901880,enabled
1782984539.025,2026-07-02 09:28:59.026,buffer_pool_read_ahead_evicted,25,25,0.011817,enabled
1782984539.025,2026-07-02 09:28:59.026,buffer_pool_read_requests,2725009524,2725009524,1288063.870153,enabled
1782984539.025,2026-07-02 09:28:59.026,buffer_pool_size,12884901888,12884901888,0.000000,enabled
1782984539.025,2026-07-02 09:28:59.026,buffer_pool_wait_free,18945,18945,8.954967,enabled
1782984539.025,2026-07-02 09:28:59.026,buffer_pool_write_requests,584292064,584292064,276184.538031,enabled
1782984539.025,2026-07-02 09:28:59.026,dml_deletes,12237675,12237675,5784.531644,enabled
1782984539.025,2026-07-02 09:28:59.026,dml_inserts,112123076,112123076,52998.586884,enabled
1782984539.025,2026-07-02 09:28:59.026,dml_system_deletes,468,468,0.221215,enabled
1782984539.025,2026-07-02 09:28:59.026,dml_system_inserts,1202,1202,0.568164,enabled
1782984539.025,2026-07-02 09:28:59.026,dml_system_reads,7661,7661,3.621219,enabled
1782984539.025,2026-07-02 09:28:59.026,dml_system_updates,620,620,0.293063,enabled
1782984539.025,2026-07-02 09:28:59.026,dml_updates,24475462,24475462,11569.116217,enabled
1782984539.025,2026-07-02 09:28:59.026,file_num_open_files,35,35,0.000000,enabled
1782984539.025,2026-07-02 09:28:59.026,ibuf_merges,0,0,0.000000,enabled
1782984539.025,2026-07-02 09:28:59.026,ibuf_merges_delete,0,0,0.000000,enabled
1782984539.025,2026-07-02 09:28:59.026,ibuf_merges_delete_mark,0,0,0.000000,enabled
1782984539.025,2026-07-02 09:28:59.026,ibuf_merges_discard_delete,0,0,0.000000,enabled
1782984539.025,2026-07-02 09:28:59.026,ibuf_merges_discard_delete_mark,0,0,0.000000,enabled
1782984539.025,2026-07-02 09:28:59.026,ibuf_merges_discard_insert,0,0,0.000000,enabled
1782984539.025,2026-07-02 09:28:59.026,ibuf_merges_insert,0,0,0.000000,enabled
1782984539.025,2026-07-02 09:28:59.026,ibuf_size,1,1,0.000473,enabled
1782984539.025,2026-07-02 09:28:59.026,innodb_activity_count,16968480,16968480,8020.699286,enabled
1782984539.025,2026-07-02 09:28:59.026,innodb_dblwr_pages_written,22430008,22430008,10602.266549,enabled
1782984539.025,2026-07-02 09:28:59.026,innodb_dblwr_writes,454412,454412,214.792485,enabled
1782984539.025,2026-07-02 09:28:59.026,innodb_page_size,16384,16384,0.000000,enabled
1782984539.025,2026-07-02 09:28:59.026,innodb_rwlock_sx_os_waits,0,0,0.000000,enabled
1782984539.025,2026-07-02 09:28:59.026,innodb_rwlock_sx_spin_rounds,0,0,0.000000,enabled
1782984539.025,2026-07-02 09:28:59.026,innodb_rwlock_sx_spin_waits,0,0,0.000000,enabled
1782984539.025,2026-07-02 09:28:59.026,innodb_rwlock_s_os_waits,0,0,0.000000,enabled
1782984539.025,2026-07-02 09:28:59.026,innodb_rwlock_s_spin_rounds,0,0,0.000000,enabled
1782984539.025,2026-07-02 09:28:59.026,innodb_rwlock_s_spin_waits,0,0,0.000000,enabled
1782984539.025,2026-07-02 09:28:59.026,innodb_rwlock_x_os_waits,0,0,0.000000,enabled
1782984539.025,2026-07-02 09:28:59.026,innodb_rwlock_x_spin_rounds,0,0,0.000000,enabled
1782984539.025,2026-07-02 09:28:59.026,innodb_rwlock_x_spin_waits,0,0,0.000000,enabled
1782984539.025,2026-07-02 09:28:59.026,lock_deadlocks,0,0,0.000000,enabled
1782984539.025,2026-07-02 09:28:59.026,lock_deadlock_false_positives,0,0,0.000000,enabled
1782984539.025,2026-07-02 09:28:59.026,lock_deadlock_rounds,2352,2352,1.111749,enabled
1782984539.025,2026-07-02 09:28:59.026,lock_rec_grant_attempts,425,425,0.200890,enabled
1782984539.025,2026-07-02 09:28:59.026,lock_rec_release_attempts,37195032,37195032,17581.434968,enabled
1782984539.025,2026-07-02 09:28:59.026,lock_row_lock_current_waits,0,0,0.000000,enabled
1782984539.025,2026-07-02 09:28:59.026,lock_row_lock_time,323,323,0.152676,enabled
1782984539.025,2026-07-02 09:28:59.026,lock_row_lock_time_avg,0,0,0.000000,enabled
1782984539.025,2026-07-02 09:28:59.026,lock_row_lock_time_max,29,29,0.000000,enabled
1782984539.025,2026-07-02 09:28:59.026,lock_row_lock_waits,425,425,0.200890,enabled
1782984539.025,2026-07-02 09:28:59.026,lock_schedule_refreshes,2352,2352,1.111749,enabled
1782984539.025,2026-07-02 09:28:59.026,lock_threads_waiting,0,0,0.000000,enabled
1782984539.025,2026-07-02 09:28:59.026,lock_timeouts,0,0,0.000000,enabled
1782984539.025,2026-07-02 09:28:59.026,log_waits,0,0,0.000000,enabled
1782984539.025,2026-07-02 09:28:59.026,log_writes,184868407,184868407,87384.018407,enabled
1782984539.025,2026-07-02 09:28:59.026,log_write_requests,392737853,392737853,185640.220294,enabled
1782984539.025,2026-07-02 09:28:59.026,os_data_fsyncs,48987700,48987700,23155.618027,enabled
1782984539.025,2026-07-02 09:28:59.026,os_data_reads,65420349,65420349,30923.040172,enabled
1782984539.025,2026-07-02 09:28:59.026,os_data_writes,208094254,208094254,98362.467782,enabled
1782984539.025,2026-07-02 09:28:59.026,os_log_bytes_written,119087303680,119087303680,56290458.845603,enabled
1782984539.025,2026-07-02 09:28:59.026,os_log_fsyncs,42990782,42990782,20320.981062,enabled
1782984539.025,2026-07-02 09:28:59.026,os_log_pending_fsyncs,0,0,0.000000,enabled
1782984539.025,2026-07-02 09:28:59.026,os_log_pending_writes,0,0,0.000000,enabled
1782984539.025,2026-07-02 09:28:59.026,trx_rseg_history_len,222,222,0.000000,enabled
1782984540.098,2026-07-02 09:29:00.099,adaptive_hash_searches,0,0,0.000000,enabled
1782984540.098,2026-07-02 09:29:00.099,adaptive_hash_searches_btree,566834220,566834220,267797.386577,enabled
1782984540.098,2026-07-02 09:29:00.099,buffer_data_reads,1067873143296,1067873143296,504510245.445970,enabled
1782984540.098,2026-07-02 09:29:00.099,buffer_data_written,522331605504,522331605504,246772426.041322,enabled
1782984540.098,2026-07-02 09:29:00.099,buffer_pages0_read,7,7,0.003307,enabled
1782984540.098,2026-07-02 09:29:00.099,buffer_pages_created,1807431,1807431,853.909916,enabled
1782984540.098,2026-07-02 09:29:00.099,buffer_pages_read,65361842,65361842,30879.809292,enabled
1782984540.098,2026-07-02 09:29:00.099,buffer_pages_written,22505508,22505508,10632.591990,enabled
1782984540.098,2026-07-02 09:29:00.099,buffer_pool_bytes_data,12856229888,12856229888,0.000000,enabled
1782984540.098,2026-07-02 09:29:00.099,buffer_pool_bytes_dirty,4670128128,4670128128,0.000000,enabled
1782984540.098,2026-07-02 09:29:00.099,buffer_pool_pages_data,784682,784682,0.000000,enabled
1782984540.098,2026-07-02 09:29:00.099,buffer_pool_pages_dirty,285042,285042,0.000000,enabled
1782984540.098,2026-07-02 09:29:00.099,buffer_pool_pages_flushed,22448438,22448438,0.000000,enabled
1782984540.098,2026-07-02 09:29:00.099,buffer_pool_pages_free,1652,1652,0.000000,enabled
1782984540.098,2026-07-02 09:29:00.099,buffer_pool_pages_lru_flushed,0,0,0.000000,enabled
1782984540.098,2026-07-02 09:29:00.099,buffer_pool_pages_misc,96,96,0.000000,enabled
1782984540.098,2026-07-02 09:29:00.099,buffer_pool_pages_total,786432,786432,0.000000,enabled
1782984540.098,2026-07-02 09:29:00.099,buffer_pool_reads,64475276,64475276,30460.957662,enabled
1782984540.098,2026-07-02 09:29:00.099,buffer_pool_read_ahead,803715,803715,379.710330,enabled
1782984540.098,2026-07-02 09:29:00.099,buffer_pool_read_ahead_evicted,25,25,0.011811,enabled
1782984540.098,2026-07-02 09:29:00.099,buffer_pool_read_requests,2725855258,2725855258,1287813.970096,enabled
1782984540.098,2026-07-02 09:29:00.099,buffer_pool_size,12884901888,12884901888,0.000000,enabled
1782984540.098,2026-07-02 09:29:00.099,buffer_pool_wait_free,18945,18945,8.950452,enabled
1782984540.098,2026-07-02 09:29:00.099,buffer_pool_write_requests,584407154,584407154,276099.655125,enabled
1782984540.098,2026-07-02 09:29:00.099,dml_deletes,12242605,12242605,5783.944262,enabled
1782984540.098,2026-07-02 09:29:00.099,dml_inserts,112128007,112128007,52974.194895,enabled
1782984540.098,2026-07-02 09:29:00.099,dml_system_deletes,468,468,0.221104,enabled
1782984540.098,2026-07-02 09:29:00.099,dml_system_inserts,1202,1202,0.567878,enabled
1782984540.098,2026-07-02 09:29:00.099,dml_system_reads,7661,7661,3.619393,enabled
1782984540.098,2026-07-02 09:29:00.099,dml_system_updates,620,620,0.292915,enabled
1782984540.098,2026-07-02 09:29:00.099,dml_updates,24485327,24485327,11567.943789,enabled
1782984540.098,2026-07-02 09:29:00.099,file_num_open_files,35,35,0.000000,enabled
1782984540.098,2026-07-02 09:29:00.099,ibuf_merges,0,0,0.000000,enabled
1782984540.098,2026-07-02 09:29:00.099,ibuf_merges_delete,0,0,0.000000,enabled
1782984540.098,2026-07-02 09:29:00.099,ibuf_merges_delete_mark,0,0,0.000000,enabled
1782984540.098,2026-07-02 09:29:00.099,ibuf_merges_discard_delete,0,0,0.000000,enabled
1782984540.098,2026-07-02 09:29:00.099,ibuf_merges_discard_delete_mark,0,0,0.000000,enabled
1782984540.098,2026-07-02 09:29:00.099,ibuf_merges_discard_insert,0,0,0.000000,enabled
1782984540.098,2026-07-02 09:29:00.099,ibuf_merges_insert,0,0,0.000000,enabled
1782984540.098,2026-07-02 09:29:00.099,ibuf_size,1,1,0.000472,enabled
1782984540.098,2026-07-02 09:29:00.099,innodb_activity_count,16974137,16974137,8019.327897,enabled
1782984540.098,2026-07-02 09:29:00.099,innodb_dblwr_pages_written,22446388,22446388,10604.659567,enabled
1782984540.098,2026-07-02 09:29:00.099,innodb_dblwr_writes,454771,454771,214.853795,enabled
1782984540.098,2026-07-02 09:29:00.099,innodb_page_size,16384,16384,0.000000,enabled
1782984540.098,2026-07-02 09:29:00.099,innodb_rwlock_sx_os_waits,0,0,0.000000,enabled
1782984540.098,2026-07-02 09:29:00.099,innodb_rwlock_sx_spin_rounds,0,0,0.000000,enabled
1782984540.098,2026-07-02 09:29:00.099,innodb_rwlock_sx_spin_waits,0,0,0.000000,enabled
1782984540.098,2026-07-02 09:29:00.099,innodb_rwlock_s_os_waits,0,0,0.000000,enabled
1782984540.098,2026-07-02 09:29:00.099,innodb_rwlock_s_spin_rounds,0,0,0.000000,enabled
1782984540.098,2026-07-02 09:29:00.099,innodb_rwlock_s_spin_waits,0,0,0.000000,enabled
1782984540.098,2026-07-02 09:29:00.099,innodb_rwlock_x_os_waits,0,0,0.000000,enabled
1782984540.098,2026-07-02 09:29:00.099,innodb_rwlock_x_spin_rounds,0,0,0.000000,enabled
1782984540.098,2026-07-02 09:29:00.099,innodb_rwlock_x_spin_waits,0,0,0.000000,enabled
1782984540.098,2026-07-02 09:29:00.099,lock_deadlocks,0,0,0.000000,enabled
1782984540.098,2026-07-02 09:29:00.099,lock_deadlock_false_positives,0,0,0.000000,enabled
1782984540.098,2026-07-02 09:29:00.099,lock_deadlock_rounds,2353,2353,1.111661,enabled
1782984540.098,2026-07-02 09:29:00.099,lock_rec_grant_attempts,425,425,0.200789,enabled
1782984540.098,2026-07-02 09:29:00.099,lock_rec_release_attempts,37210004,37210004,17579.643540,enabled
1782984540.098,2026-07-02 09:29:00.099,lock_row_lock_current_waits,0,0,0.000000,enabled
1782984540.098,2026-07-02 09:29:00.099,lock_row_lock_time,323,323,0.152599,enabled
1782984540.098,2026-07-02 09:29:00.099,lock_row_lock_time_avg,0,0,0.000000,enabled
1782984540.098,2026-07-02 09:29:00.099,lock_row_lock_time_max,29,29,0.000000,enabled
1782984540.098,2026-07-02 09:29:00.099,lock_row_lock_waits,425,425,0.200789,enabled
1782984540.098,2026-07-02 09:29:00.099,lock_schedule_refreshes,2353,2353,1.111661,enabled
1782984540.098,2026-07-02 09:29:00.099,lock_threads_waiting,0,0,0.000000,enabled
1782984540.098,2026-07-02 09:29:00.099,lock_timeouts,0,0,0.000000,enabled
1782984540.098,2026-07-02 09:29:00.099,log_waits,0,0,0.000000,enabled
1782984540.098,2026-07-02 09:29:00.099,log_writes,184948153,184948153,87377.634972,enabled
1782984540.098,2026-07-02 09:29:00.099,log_write_requests,392821550,392821550,185586.162765,enabled
1782984540.098,2026-07-02 09:29:00.099,os_data_fsyncs,49022802,49022802,23160.526650,enabled
1782984540.098,2026-07-02 09:29:00.099,os_data_reads,65478121,65478121,30934.742753,enabled
1782984540.098,2026-07-02 09:29:00.099,os_data_writes,208190645,208190645,98358.412607,enabled
1782984540.098,2026-07-02 09:29:00.099,os_log_bytes_written,119129294336,119129294336,56281915.332098,enabled
1782984540.098,2026-07-02 09:29:00.099,os_log_fsyncs,43020887,43020887,20324.958117,enabled
1782984540.098,2026-07-02 09:29:00.099,os_log_pending_fsyncs,1,1,0.000472,enabled
1782984540.098,2026-07-02 09:29:00.099,os_log_pending_writes,0,0,0.000000,enabled
1782984540.098,2026-07-02 09:29:00.099,trx_rseg_history_len,309,309,0.000000,enabled
1782984541.164,2026-07-02 09:29:01.166,adaptive_hash_searches,0,0,0.000000,enabled
1782984541.164,2026-07-02 09:29:01.166,adaptive_hash_searches_btree,567005807,567005807,267742.977852,enabled
1782984541.164,2026-07-02 09:29:01.166,buffer_data_reads,1068820908544,1068820908544,504702640.470839,enabled
1782984541.164,2026-07-02 09:29:01.166,buffer_data_written,522648263168,522648263168,246797153.902100,enabled
1782984541.164,2026-07-02 09:29:01.166,buffer_pages0_read,7,7,0.003305,enabled
1782984541.164,2026-07-02 09:29:01.166,buffer_pages_created,1807462,1807462,853.492709,enabled
1782984541.164,2026-07-02 09:29:01.166,buffer_pages_read,65419842,65419842,30891.580436,enabled
1782984541.164,2026-07-02 09:29:01.166,buffer_pages_written,22521867,22521867,10634.939605,enabled
1782984541.164,2026-07-02 09:29:01.166,buffer_pool_bytes_data,12852903936,12852903936,0.000000,enabled
1782984541.164,2026-07-02 09:29:01.166,buffer_pool_bytes_dirty,4671209472,4671209472,0.000000,enabled
1782984541.164,2026-07-02 09:29:01.166,buffer_pool_pages_data,784479,784479,0.000000,enabled
1782984541.164,2026-07-02 09:29:01.166,buffer_pool_pages_dirty,285108,285108,0.000000,enabled
1782984541.164,2026-07-02 09:29:01.166,buffer_pool_pages_flushed,22464749,22464749,0.000000,enabled
1782984541.164,2026-07-02 09:29:01.166,buffer_pool_pages_free,1856,1856,0.000000,enabled
1782984541.164,2026-07-02 09:29:01.166,buffer_pool_pages_lru_flushed,0,0,0.000000,enabled
1782984541.164,2026-07-02 09:29:01.166,buffer_pool_pages_misc,96,96,0.000000,enabled
1782984541.164,2026-07-02 09:29:01.166,buffer_pool_pages_total,786432,786432,0.000000,enabled
1782984541.164,2026-07-02 09:29:01.166,buffer_pool_reads,64533224,64533224,30472.916000,enabled
1782984541.164,2026-07-02 09:29:01.166,buffer_pool_read_ahead,803715,803715,379.518299,enabled
1782984541.164,2026-07-02 09:29:01.166,buffer_pool_read_ahead_evicted,25,25,0.011805,enabled
1782984541.164,2026-07-02 09:29:01.166,buffer_pool_read_requests,2726705675,2726705675,1287564.256160,enabled
1782984541.164,2026-07-02 09:29:01.166,buffer_pool_size,12884901888,12884901888,0.000000,enabled
1782984541.164,2026-07-02 09:29:01.166,buffer_pool_wait_free,18945,18945,8.945925,enabled
1782984541.164,2026-07-02 09:29:01.166,buffer_pool_write_requests,584523536,584523536,276014.979603,enabled
1782984541.164,2026-07-02 09:29:01.166,dml_deletes,12247556,12247556,5783.357036,enabled
1782984541.164,2026-07-02 09:29:01.166,dml_inserts,112132959,112132959,52949.742625,enabled
1782984541.164,2026-07-02 09:29:01.166,dml_system_deletes,468,468,0.220992,enabled
1782984541.164,2026-07-02 09:29:01.166,dml_system_inserts,1202,1202,0.567590,enabled
1782984541.164,2026-07-02 09:29:01.166,dml_system_reads,7661,7661,3.617562,enabled
1782984541.164,2026-07-02 09:29:01.166,dml_system_updates,620,620,0.292767,enabled
1782984541.164,2026-07-02 09:29:01.166,dml_updates,24495226,24495226,11566.767893,enabled
1782984541.164,2026-07-02 09:29:01.166,file_num_open_files,35,35,0.000000,enabled
1782984541.164,2026-07-02 09:29:01.166,ibuf_merges,0,0,0.000000,enabled
1782984541.164,2026-07-02 09:29:01.166,ibuf_merges_delete,0,0,0.000000,enabled
1782984541.164,2026-07-02 09:29:01.166,ibuf_merges_delete_mark,0,0,0.000000,enabled
1782984541.164,2026-07-02 09:29:01.166,ibuf_merges_discard_delete,0,0,0.000000,enabled
1782984541.164,2026-07-02 09:29:01.166,ibuf_merges_discard_delete_mark,0,0,0.000000,enabled
1782984541.164,2026-07-02 09:29:01.166,ibuf_merges_discard_insert,0,0,0.000000,enabled
1782984541.164,2026-07-02 09:29:01.166,ibuf_merges_insert,0,0,0.000000,enabled
1782984541.164,2026-07-02 09:29:01.166,ibuf_size,1,1,0.000472,enabled
1782984541.164,2026-07-02 09:29:01.166,innodb_activity_count,16979830,16979830,8017.960550,enabled
1782984541.164,2026-07-02 09:29:01.166,innodb_dblwr_pages_written,22462765,22462765,10607.029778,enabled
1782984541.164,2026-07-02 09:29:01.166,innodb_dblwr_writes,455123,455123,214.911353,enabled
1782984541.164,2026-07-02 09:29:01.166,innodb_page_size,16384,16384,0.000000,enabled
1782984541.164,2026-07-02 09:29:01.166,innodb_rwlock_sx_os_waits,0,0,0.000000,enabled
1782984541.164,2026-07-02 09:29:01.166,innodb_rwlock_sx_spin_rounds,0,0,0.000000,enabled
1782984541.164,2026-07-02 09:29:01.166,innodb_rwlock_sx_spin_waits,0,0,0.000000,enabled
1782984541.164,2026-07-02 09:29:01.166,innodb_rwlock_s_os_waits,0,0,0.000000,enabled
1782984541.164,2026-07-02 09:29:01.166,innodb_rwlock_s_spin_rounds,0,0,0.000000,enabled
1782984541.164,2026-07-02 09:29:01.166,innodb_rwlock_s_spin_waits,0,0,0.000000,enabled
1782984541.164,2026-07-02 09:29:01.166,innodb_rwlock_x_os_waits,0,0,0.000000,enabled
1782984541.164,2026-07-02 09:29:01.166,innodb_rwlock_x_spin_rounds,0,0,0.000000,enabled
1782984541.164,2026-07-02 09:29:01.166,innodb_rwlock_x_spin_waits,0,0,0.000000,enabled
1782984541.164,2026-07-02 09:29:01.166,lock_deadlocks,0,0,0.000000,enabled
1782984541.164,2026-07-02 09:29:01.166,lock_deadlock_false_positives,0,0,0.000000,enabled
1782984541.164,2026-07-02 09:29:01.166,lock_deadlock_rounds,2355,2355,1.112043,enabled
1782984541.164,2026-07-02 09:29:01.166,lock_rec_grant_attempts,425,425,0.200687,enabled
1782984541.164,2026-07-02 09:29:01.166,lock_rec_release_attempts,37225070,37225070,17577.867253,enabled
1782984541.164,2026-07-02 09:29:01.166,lock_row_lock_current_waits,0,0,0.000000,enabled
1782984541.164,2026-07-02 09:29:01.166,lock_row_lock_time,323,323,0.152522,enabled
1782984541.164,2026-07-02 09:29:01.166,lock_row_lock_time_avg,0,0,0.000000,enabled
1782984541.164,2026-07-02 09:29:01.166,lock_row_lock_time_max,29,29,0.000000,enabled
1782984541.164,2026-07-02 09:29:01.166,lock_row_lock_waits,425,425,0.200687,enabled
1782984541.164,2026-07-02 09:29:01.166,lock_schedule_refreshes,2355,2355,1.112043,enabled
1782984541.164,2026-07-02 09:29:01.166,lock_threads_waiting,0,0,0.000000,enabled
1782984541.164,2026-07-02 09:29:01.166,lock_timeouts,0,0,0.000000,enabled
1782984541.164,2026-07-02 09:29:01.166,log_waits,0,0,0.000000,enabled
1782984541.164,2026-07-02 09:29:01.166,log_writes,185028466,185028466,87371.369769,enabled
1782984541.164,2026-07-02 09:29:01.166,log_write_requests,392905616,392905616,185532.002869,enabled
1782984541.164,2026-07-02 09:29:01.166,os_data_fsyncs,49058078,49058078,23165.471200,enabled
1782984541.164,2026-07-02 09:29:01.166,os_data_reads,65535961,65535961,30946.410478,enabled
1782984541.164,2026-07-02 09:29:01.166,os_data_writes,208287590,208287590,98354.447776,enabled
1782984541.164,2026-07-02 09:29:01.166,os_log_bytes_written,119171436032,119171436032,56273351.436275,enabled
1782984541.164,2026-07-02 09:29:01.166,os_log_fsyncs,43051240,43051240,20329.012026,enabled
1782984541.164,2026-07-02 09:29:01.166,os_log_pending_fsyncs,0,0,0.000000,enabled
1782984541.164,2026-07-02 09:29:01.166,os_log_pending_writes,0,0,0.000000,enabled
1782984541.164,2026-07-02 09:29:01.166,trx_rseg_history_len,424,424,0.000000,enabled
1782984542.236,2026-07-02 09:29:02.237,adaptive_hash_searches,0,0,0.000000,enabled
1782984542.236,2026-07-02 09:29:02.237,adaptive_hash_searches_btree,567175990,567175990,267688.164864,enabled
1782984542.236,2026-07-02 09:29:02.237,buffer_data_reads,1069767625216,1069767625216,504894726.766998,enabled
1782984542.236,2026-07-02 09:29:02.237,buffer_data_written,522963241472,522963241472,246821250.224210,enabled
1782984542.236,2026-07-02 09:29:02.237,buffer_pages0_read,7,7,0.003304,enabled
1782984542.236,2026-07-02 09:29:02.237,buffer_pages_created,1807502,1807502,853.080814,enabled
1782984542.236,2026-07-02 09:29:02.237,buffer_pages_read,65477774,65477774,30903.330868,enabled
1782984542.236,2026-07-02 09:29:02.237,buffer_pages_written,22538169,22538169,10637.265953,enabled
1782984542.236,2026-07-02 09:29:02.237,buffer_pool_bytes_data,12849348608,12849348608,0.000000,enabled
1782984542.236,2026-07-02 09:29:02.237,buffer_pool_bytes_dirty,4675321856,4675321856,0.000000,enabled
1782984542.236,2026-07-02 09:29:02.237,buffer_pool_pages_data,784262,784262,0.000000,enabled
1782984542.236,2026-07-02 09:29:02.237,buffer_pool_pages_dirty,285359,285359,0.000000,enabled
1782984542.236,2026-07-02 09:29:02.237,buffer_pool_pages_flushed,22481099,22481099,0.000000,enabled
1782984542.236,2026-07-02 09:29:02.237,buffer_pool_pages_free,2074,2074,0.000000,enabled
1782984542.236,2026-07-02 09:29:02.237,buffer_pool_pages_lru_flushed,0,0,0.000000,enabled
1782984542.236,2026-07-02 09:29:02.237,buffer_pool_pages_misc,96,96,0.000000,enabled
1782984542.236,2026-07-02 09:29:02.237,buffer_pool_pages_total,786432,786432,0.000000,enabled
1782984542.236,2026-07-02 09:29:02.237,buffer_pool_reads,64591095,64591095,30484.848944,enabled
1782984542.236,2026-07-02 09:29:02.237,buffer_pool_read_ahead,803715,803715,379.326749,enabled
1782984542.236,2026-07-02 09:29:02.237,buffer_pool_read_ahead_evicted,25,25,0.011799,enabled
1782984542.236,2026-07-02 09:29:02.237,buffer_pool_read_requests,2727548797,2727548797,1287312.323749,enabled
1782984542.236,2026-07-02 09:29:02.237,buffer_pool_size,12884901888,12884901888,0.000000,enabled
1782984542.236,2026-07-02 09:29:02.237,buffer_pool_wait_free,18945,18945,8.941410,enabled
1782984542.236,2026-07-02 09:29:02.237,buffer_pool_write_requests,584638157,584638157,275929.766924,enabled
1782984542.236,2026-07-02 09:29:02.237,dml_deletes,12252473,12252473,5782.758702,enabled
1782984542.236,2026-07-02 09:29:02.237,dml_inserts,112137876,112137876,52925.338332,enabled
1782984542.236,2026-07-02 09:29:02.237,dml_system_deletes,468,468,0.220880,enabled
1782984542.236,2026-07-02 09:29:02.237,dml_system_inserts,1202,1202,0.567304,enabled
1782984542.236,2026-07-02 09:29:02.237,dml_system_reads,7661,7661,3.615737,enabled
1782984542.236,2026-07-02 09:29:02.237,dml_system_updates,620,620,0.292619,enabled
1782984542.236,2026-07-02 09:29:02.237,dml_updates,24505060,24505060,11565.571197,enabled
1782984542.236,2026-07-02 09:29:02.237,file_num_open_files,35,35,0.000000,enabled
1782984542.236,2026-07-02 09:29:02.237,ibuf_merges,0,0,0.000000,enabled
1782984542.236,2026-07-02 09:29:02.237,ibuf_merges_delete,0,0,0.000000,enabled
1782984542.236,2026-07-02 09:29:02.237,ibuf_merges_delete_mark,0,0,0.000000,enabled
1782984542.236,2026-07-02 09:29:02.237,ibuf_merges_discard_delete,0,0,0.000000,enabled
1782984542.236,2026-07-02 09:29:02.237,ibuf_merges_discard_delete_mark,0,0,0.000000,enabled
1782984542.236,2026-07-02 09:29:02.237,ibuf_merges_discard_insert,0,0,0.000000,enabled
1782984542.236,2026-07-02 09:29:02.237,ibuf_merges_insert,0,0,0.000000,enabled
1782984542.236,2026-07-02 09:29:02.237,ibuf_size,1,1,0.000472,enabled
1782984542.236,2026-07-02 09:29:02.237,innodb_activity_count,16985473,16985473,8016.577069,enabled
1782984542.236,2026-07-02 09:29:02.237,innodb_dblwr_pages_written,22479049,22479049,10609.361737,enabled
1782984542.236,2026-07-02 09:29:02.237,innodb_dblwr_writes,455487,455487,214.974680,enabled
1782984542.236,2026-07-02 09:29:02.237,innodb_page_size,16384,16384,0.000000,enabled
1782984542.236,2026-07-02 09:29:02.237,innodb_rwlock_sx_os_waits,0,0,0.000000,enabled
1782984542.236,2026-07-02 09:29:02.237,innodb_rwlock_sx_spin_rounds,0,0,0.000000,enabled
1782984542.236,2026-07-02 09:29:02.237,innodb_rwlock_sx_spin_waits,0,0,0.000000,enabled
1782984542.236,2026-07-02 09:29:02.237,innodb_rwlock_s_os_waits,0,0,0.000000,enabled
1782984542.236,2026-07-02 09:29:02.237,innodb_rwlock_s_spin_rounds,0,0,0.000000,enabled
1782984542.236,2026-07-02 09:29:02.237,innodb_rwlock_s_spin_waits,0,0,0.000000,enabled
1782984542.236,2026-07-02 09:29:02.237,innodb_rwlock_x_os_waits,0,0,0.000000,enabled
1782984542.236,2026-07-02 09:29:02.237,innodb_rwlock_x_spin_rounds,0,0,0.000000,enabled
1782984542.236,2026-07-02 09:29:02.237,innodb_rwlock_x_spin_waits,0,0,0.000000,enabled
1782984542.236,2026-07-02 09:29:02.237,lock_deadlocks,0,0,0.000000,enabled
1782984542.236,2026-07-02 09:29:02.237,lock_deadlock_false_positives,0,0,0.000000,enabled
1782984542.236,2026-07-02 09:29:02.237,lock_deadlock_rounds,2356,2356,1.111954,enabled
1782984542.236,2026-07-02 09:29:02.237,lock_rec_grant_attempts,425,425,0.200586,enabled
1782984542.236,2026-07-02 09:29:02.237,lock_rec_release_attempts,37240006,37240006,17576.044664,enabled
1782984542.236,2026-07-02 09:29:02.237,lock_row_lock_current_waits,0,0,0.000000,enabled
1782984542.236,2026-07-02 09:29:02.237,lock_row_lock_time,323,323,0.152445,enabled
1782984542.236,2026-07-02 09:29:02.237,lock_row_lock_time_avg,0,0,0.000000,enabled
1782984542.236,2026-07-02 09:29:02.237,lock_row_lock_time_max,29,29,0.000000,enabled
1782984542.236,2026-07-02 09:29:02.237,lock_row_lock_waits,425,425,0.200586,enabled
1782984542.236,2026-07-02 09:29:02.237,lock_schedule_refreshes,2356,2356,1.111954,enabled
1782984542.236,2026-07-02 09:29:02.237,lock_threads_waiting,0,0,0.000000,enabled
1782984542.236,2026-07-02 09:29:02.237,lock_timeouts,0,0,0.000000,enabled
1782984542.236,2026-07-02 09:29:02.237,log_waits,0,0,0.000000,enabled
1782984542.236,2026-07-02 09:29:02.237,log_writes,185108409,185108409,87365.002565,enabled
1782984542.236,2026-07-02 09:29:02.237,log_write_requests,392989046,392989046,185477.738272,enabled
1782984542.236,2026-07-02 09:29:02.237,os_data_fsyncs,49093556,49093556,23170.523670,enabled
1782984542.236,2026-07-02 09:29:02.237,os_data_reads,65593719,65593719,30958.051208,enabled
1782984542.236,2026-07-02 09:29:02.237,os_data_writes,208384076,208384076,98350.344964,enabled
1782984542.236,2026-07-02 09:29:02.237,os_log_bytes_written,119213184512,119213184512,56264653.302070,enabled
1782984542.236,2026-07-02 09:29:02.237,os_log_fsyncs,43081541,43081541,20333.052725,enabled
1782984542.236,2026-07-02 09:29:02.237,os_log_pending_fsyncs,1,1,0.000472,enabled
1782984542.236,2026-07-02 09:29:02.237,os_log_pending_writes,0,0,0.000000,enabled
1782984542.236,2026-07-02 09:29:02.237,trx_rseg_history_len,510,510,0.000000,enabled
1782984543.305,2026-07-02 09:29:03.307,adaptive_hash_searches,0,0,0.000000,enabled
1782984543.305,2026-07-02 09:29:03.307,adaptive_hash_searches_btree,567346671,567346671,267633.619234,enabled
1782984543.305,2026-07-02 09:29:03.307,buffer_data_reads,1070710508032,1070710508032,505084778.551522,enabled
1782984543.305,2026-07-02 09:29:03.307,buffer_data_written,523274121728,523274121728,246843373.311447,enabled
1782984543.305,2026-07-02 09:29:03.307,buffer_pages0_read,7,7,0.003302,enabled
1782984543.305,2026-07-02 09:29:03.307,buffer_pages_created,1807554,1807554,852.674942,enabled
1782984543.305,2026-07-02 09:29:03.307,buffer_pages_read,65535488,65535488,30914.964650,enabled
1782984543.305,2026-07-02 09:29:03.307,buffer_pages_written,22554177,22554177,10639.450599,enabled
1782984543.305,2026-07-02 09:29:03.307,buffer_pool_bytes_data,12858114048,12858114048,0.000000,enabled
1782984543.305,2026-07-02 09:29:03.307,buffer_pool_bytes_dirty,4683317248,4683317248,0.000000,enabled
1782984543.305,2026-07-02 09:29:03.307,buffer_pool_pages_data,784797,784797,0.000000,enabled
1782984543.305,2026-07-02 09:29:03.307,buffer_pool_pages_dirty,285847,285847,0.000000,enabled
1782984543.305,2026-07-02 09:29:03.307,buffer_pool_pages_flushed,22497107,22497107,0.000000,enabled
1782984543.305,2026-07-02 09:29:03.307,buffer_pool_pages_free,1539,1539,0.000000,enabled
1782984543.305,2026-07-02 09:29:03.307,buffer_pool_pages_lru_flushed,0,0,0.000000,enabled
1782984543.305,2026-07-02 09:29:03.307,buffer_pool_pages_misc,96,96,0.000000,enabled
1782984543.305,2026-07-02 09:29:03.307,buffer_pool_pages_total,786432,786432,0.000000,enabled
1782984543.305,2026-07-02 09:29:03.307,buffer_pool_reads,64648737,64648737,30496.659920,enabled
1782984543.305,2026-07-02 09:29:03.307,buffer_pool_read_ahead,803715,803715,379.135369,enabled
1782984543.305,2026-07-02 09:29:03.307,buffer_pool_read_ahead_evicted,25,25,0.011793,enabled
1782984543.305,2026-07-02 09:29:03.307,buffer_pool_read_requests,2728394750,2728394750,1287061.901587,enabled
1782984543.305,2026-07-02 09:29:03.307,buffer_pool_size,12884901888,12884901888,0.000000,enabled
1782984543.305,2026-07-02 09:29:03.307,buffer_pool_wait_free,18945,18945,8.936899,enabled
1782984543.305,2026-07-02 09:29:03.307,buffer_pool_write_requests,584754056,584754056,275845.226057,enabled
1782984543.305,2026-07-02 09:29:03.307,dml_deletes,12257393,12257393,5782.161996,enabled
1782984543.305,2026-07-02 09:29:03.307,dml_inserts,112142796,112142796,52900.956488,enabled
1782984543.305,2026-07-02 09:29:03.307,dml_system_deletes,468,468,0.220769,enabled
1782984543.305,2026-07-02 09:29:03.307,dml_system_inserts,1202,1202,0.567018,enabled
1782984543.305,2026-07-02 09:29:03.307,dml_system_reads,7661,7661,3.613912,enabled
1782984543.305,2026-07-02 09:29:03.307,dml_system_updates,620,620,0.292472,enabled
1782984543.305,2026-07-02 09:29:03.307,dml_updates,24514902,24514902,11564.378700,enabled
1782984543.305,2026-07-02 09:29:03.307,file_num_open_files,35,35,0.000000,enabled
1782984543.305,2026-07-02 09:29:03.307,ibuf_merges,0,0,0.000000,enabled
1782984543.305,2026-07-02 09:29:03.307,ibuf_merges_delete,0,0,0.000000,enabled
1782984543.305,2026-07-02 09:29:03.307,ibuf_merges_delete_mark,0,0,0.000000,enabled
1782984543.305,2026-07-02 09:29:03.307,ibuf_merges_discard_delete,0,0,0.000000,enabled
1782984543.305,2026-07-02 09:29:03.307,ibuf_merges_discard_delete_mark,0,0,0.000000,enabled
1782984543.305,2026-07-02 09:29:03.307,ibuf_merges_discard_insert,0,0,0.000000,enabled
1782984543.305,2026-07-02 09:29:03.307,ibuf_merges_insert,0,0,0.000000,enabled
1782984543.305,2026-07-02 09:29:03.307,ibuf_size,1,1,0.000472,enabled
1782984543.305,2026-07-02 09:29:03.307,innodb_activity_count,16991126,16991126,8015.199036,enabled
1782984543.305,2026-07-02 09:29:03.307,innodb_dblwr_pages_written,22495057,22495057,10611.560292,enabled
1782984543.305,2026-07-02 09:29:03.307,innodb_dblwr_writes,455860,455860,215.042170,enabled
1782984543.305,2026-07-02 09:29:03.307,innodb_page_size,16384,16384,0.000000,enabled
1782984543.305,2026-07-02 09:29:03.307,innodb_rwlock_sx_os_waits,0,0,0.000000,enabled
1782984543.305,2026-07-02 09:29:03.307,innodb_rwlock_sx_spin_rounds,0,0,0.000000,enabled
1782984543.305,2026-07-02 09:29:03.307,innodb_rwlock_sx_spin_waits,0,0,0.000000,enabled
1782984543.305,2026-07-02 09:29:03.307,innodb_rwlock_s_os_waits,0,0,0.000000,enabled
1782984543.305,2026-07-02 09:29:03.307,innodb_rwlock_s_spin_rounds,0,0,0.000000,enabled
1782984543.305,2026-07-02 09:29:03.307,innodb_rwlock_s_spin_waits,0,0,0.000000,enabled
1782984543.305,2026-07-02 09:29:03.307,innodb_rwlock_x_os_waits,0,0,0.000000,enabled
1782984543.305,2026-07-02 09:29:03.307,innodb_rwlock_x_spin_rounds,0,0,0.000000,enabled
1782984543.305,2026-07-02 09:29:03.307,innodb_rwlock_x_spin_waits,0,0,0.000000,enabled
1782984543.305,2026-07-02 09:29:03.307,lock_deadlocks,0,0,0.000000,enabled
1782984543.305,2026-07-02 09:29:03.307,lock_deadlock_false_positives,0,0,0.000000,enabled
1782984543.305,2026-07-02 09:29:03.307,lock_deadlock_rounds,2357,2357,1.111864,enabled
1782984543.305,2026-07-02 09:29:03.307,lock_rec_grant_attempts,425,425,0.200485,enabled
1782984543.305,2026-07-02 09:29:03.307,lock_rec_release_attempts,37254965,37254965,17574.233699,enabled
1782984543.305,2026-07-02 09:29:03.307,lock_row_lock_current_waits,0,0,0.000000,enabled
1782984543.305,2026-07-02 09:29:03.307,lock_row_lock_time,323,323,0.152368,enabled
1782984543.305,2026-07-02 09:29:03.307,lock_row_lock_time_avg,0,0,0.000000,enabled
1782984543.305,2026-07-02 09:29:03.307,lock_row_lock_time_max,29,29,0.000000,enabled
1782984543.305,2026-07-02 09:29:03.307,lock_row_lock_waits,425,425,0.200485,enabled
1782984543.305,2026-07-02 09:29:03.307,lock_schedule_refreshes,2357,2357,1.111864,enabled
1782984543.305,2026-07-02 09:29:03.307,lock_threads_waiting,0,0,0.000000,enabled
1782984543.305,2026-07-02 09:29:03.307,lock_timeouts,0,0,0.000000,enabled
1782984543.305,2026-07-02 09:29:03.307,log_waits,0,0,0.000000,enabled
1782984543.305,2026-07-02 09:29:03.307,log_writes,185188715,185188715,87358.805933,enabled
1782984543.305,2026-07-02 09:29:03.307,log_write_requests,393072672,393072672,185423.605857,enabled
1782984543.305,2026-07-02 09:29:03.307,os_data_fsyncs,49128484,49128484,23175.309855,enabled
1782984543.305,2026-07-02 09:29:03.307,os_data_reads,65651248,65651248,30969.569856,enabled
1782984543.305,2026-07-02 09:29:03.307,os_data_writes,208480682,208480682,98346.295575,enabled
1782984543.305,2026-07-02 09:29:03.307,os_log_bytes_written,119255520768,119255520768,56256237.025755,enabled
1782984543.305,2026-07-02 09:29:03.307,os_log_fsyncs,43111535,43111535,20336.943004,enabled
1782984543.305,2026-07-02 09:29:03.307,os_log_pending_fsyncs,1,1,0.000472,enabled
1782984543.305,2026-07-02 09:29:03.307,os_log_pending_writes,1,1,0.000472,enabled
1782984543.305,2026-07-02 09:29:03.307,trx_rseg_history_len,598,598,0.000000,enabled
1782984544.374,2026-07-02 09:29:04.376,adaptive_hash_searches,0,0,0.000000,enabled
1782984544.374,2026-07-02 09:29:04.376,adaptive_hash_searches_btree,567511784,567511784,267576.895301,enabled
1782984544.374,2026-07-02 09:29:04.376,buffer_data_reads,1071626684928,1071626684928,505262772.086204,enabled
1782984544.374,2026-07-02 09:29:04.376,buffer_data_written,523607012864,523607012864,246876206.312679,enabled
1782984544.374,2026-07-02 09:29:04.376,buffer_pages0_read,7,7,0.003300,enabled
1782984544.374,2026-07-02 09:29:04.376,buffer_pages_created,1807589,1807589,852.262686,enabled
1782984544.374,2026-07-02 09:29:04.376,buffer_pages_read,65591568,65591568,30925.860660,enabled
1782984544.374,2026-07-02 09:29:04.376,buffer_pages_written,22571375,22571375,10642.209385,enabled
1782984544.374,2026-07-02 09:29:04.376,buffer_pool_bytes_data,12846645248,12846645248,0.000000,enabled
1782984544.374,2026-07-02 09:29:04.376,buffer_pool_bytes_dirty,4662099968,4662099968,0.000000,enabled
1782984544.374,2026-07-02 09:29:04.376,buffer_pool_pages_data,784097,784097,0.000000,enabled
1782984544.374,2026-07-02 09:29:04.376,buffer_pool_pages_dirty,284552,284552,0.000000,enabled
1782984544.374,2026-07-02 09:29:04.376,buffer_pool_pages_flushed,22513201,22513201,0.000000,enabled
1782984544.374,2026-07-02 09:29:04.376,buffer_pool_pages_free,2238,2238,0.000000,enabled
1782984544.374,2026-07-02 09:29:04.376,buffer_pool_pages_lru_flushed,0,0,0.000000,enabled
1782984544.374,2026-07-02 09:29:04.376,buffer_pool_pages_misc,96,96,0.000000,enabled
1782984544.374,2026-07-02 09:29:04.376,buffer_pool_pages_total,786432,786432,0.000000,enabled
1782984544.374,2026-07-02 09:29:04.376,buffer_pool_reads,64704759,64704759,30507.738947,enabled
1782984544.374,2026-07-02 09:29:04.376,buffer_pool_read_ahead,803715,803715,378.944726,enabled
1782984544.374,2026-07-02 09:29:04.376,buffer_pool_read_ahead_evicted,25,25,0.011787,enabled
1782984544.374,2026-07-02 09:29:04.376,buffer_pool_read_requests,2729213052,2729213052,1286800.540998,enabled
1782984544.374,2026-07-02 09:29:04.376,buffer_pool_size,12884901888,12884901888,0.000000,enabled
1782984544.374,2026-07-02 09:29:04.376,buffer_pool_wait_free,18945,18945,8.932405,enabled
1782984544.374,2026-07-02 09:29:04.376,buffer_pool_write_requests,584865927,584865927,275759.266972,enabled
1782984544.374,2026-07-02 09:29:04.376,dml_deletes,12262169,12262169,5781.506384,enabled
1782984544.374,2026-07-02 09:29:04.376,dml_inserts,112147572,112147572,52876.608058,enabled
1782984544.374,2026-07-02 09:29:04.376,dml_system_deletes,468,468,0.220658,enabled
1782984544.374,2026-07-02 09:29:04.376,dml_system_inserts,1202,1202,0.566733,enabled
1782984544.374,2026-07-02 09:29:04.376,dml_system_reads,7661,7661,3.612095,enabled
1782984544.374,2026-07-02 09:29:04.376,dml_system_updates,620,620,0.292325,enabled
1782984544.374,2026-07-02 09:29:04.376,dml_updates,24524459,24524459,11563.069808,enabled
1782984544.374,2026-07-02 09:29:04.376,file_num_open_files,35,35,0.000000,enabled
1782984544.374,2026-07-02 09:29:04.376,ibuf_merges,0,0,0.000000,enabled
1782984544.374,2026-07-02 09:29:04.376,ibuf_merges_delete,0,0,0.000000,enabled
1782984544.374,2026-07-02 09:29:04.376,ibuf_merges_delete_mark,0,0,0.000000,enabled
1782984544.374,2026-07-02 09:29:04.376,ibuf_merges_discard_delete,0,0,0.000000,enabled
1782984544.374,2026-07-02 09:29:04.376,ibuf_merges_discard_delete_mark,0,0,0.000000,enabled
1782984544.374,2026-07-02 09:29:04.376,ibuf_merges_discard_insert,0,0,0.000000,enabled
1782984544.374,2026-07-02 09:29:04.376,ibuf_merges_insert,0,0,0.000000,enabled
1782984544.374,2026-07-02 09:29:04.376,ibuf_size,1,1,0.000471,enabled
1782984544.374,2026-07-02 09:29:04.376,innodb_activity_count,16996614,16996614,8013.756296,enabled
1782984544.374,2026-07-02 09:29:04.376,innodb_dblwr_pages_written,22511535,22511535,10613.993710,enabled
1782984544.374,2026-07-02 09:29:04.376,innodb_dblwr_writes,456227,456227,215.107078,enabled
1782984544.374,2026-07-02 09:29:04.376,innodb_page_size,16384,16384,0.000000,enabled
1782984544.374,2026-07-02 09:29:04.376,innodb_rwlock_sx_os_waits,0,0,0.000000,enabled
1782984544.374,2026-07-02 09:29:04.376,innodb_rwlock_sx_spin_rounds,0,0,0.000000,enabled
1782984544.374,2026-07-02 09:29:04.376,innodb_rwlock_sx_spin_waits,0,0,0.000000,enabled
1782984544.374,2026-07-02 09:29:04.376,innodb_rwlock_s_os_waits,0,0,0.000000,enabled
1782984544.374,2026-07-02 09:29:04.376,innodb_rwlock_s_spin_rounds,0,0,0.000000,enabled
1782984544.374,2026-07-02 09:29:04.376,innodb_rwlock_s_spin_waits,0,0,0.000000,enabled
1782984544.374,2026-07-02 09:29:04.376,innodb_rwlock_x_os_waits,0,0,0.000000,enabled
1782984544.374,2026-07-02 09:29:04.376,innodb_rwlock_x_spin_rounds,0,0,0.000000,enabled
1782984544.374,2026-07-02 09:29:04.376,innodb_rwlock_x_spin_waits,0,0,0.000000,enabled
1782984544.374,2026-07-02 09:29:04.376,lock_deadlocks,0,0,0.000000,enabled
1782984544.374,2026-07-02 09:29:04.376,lock_deadlock_false_positives,0,0,0.000000,enabled
1782984544.374,2026-07-02 09:29:04.376,lock_deadlock_rounds,2358,2358,1.111777,enabled
1782984544.374,2026-07-02 09:29:04.376,lock_rec_grant_attempts,425,425,0.200384,enabled
1782984544.374,2026-07-02 09:29:04.376,lock_rec_release_attempts,37269492,37269492,17572.246063,enabled
1782984544.374,2026-07-02 09:29:04.376,lock_row_lock_current_waits,0,0,0.000000,enabled
1782984544.374,2026-07-02 09:29:04.376,lock_row_lock_time,323,323,0.152292,enabled
1782984544.374,2026-07-02 09:29:04.376,lock_row_lock_time_avg,0,0,0.000000,enabled
1782984544.374,2026-07-02 09:29:04.376,lock_row_lock_time_max,29,29,0.000000,enabled
1782984544.374,2026-07-02 09:29:04.376,lock_row_lock_waits,425,425,0.200384,enabled
1782984544.374,2026-07-02 09:29:04.376,lock_schedule_refreshes,2358,2358,1.111777,enabled
1782984544.374,2026-07-02 09:29:04.376,lock_threads_waiting,0,0,0.000000,enabled
1782984544.374,2026-07-02 09:29:04.376,lock_timeouts,0,0,0.000000,enabled
1782984544.374,2026-07-02 09:29:04.376,log_waits,0,0,0.000000,enabled
1782984544.374,2026-07-02 09:29:04.376,log_writes,185266482,185266482,87351.545813,enabled
1782984544.374,2026-07-02 09:29:04.376,log_write_requests,393153893,393153893,185368.664366,enabled
1782984544.374,2026-07-02 09:29:04.376,os_data_fsyncs,49161458,49161458,23179.203484,enabled
1782984544.374,2026-07-02 09:29:04.376,os_data_reads,65707159,65707159,30980.358861,enabled
1782984544.374,2026-07-02 09:29:04.376,os_data_writes,208575953,208575953,98341.763169,enabled
1782984544.374,2026-07-02 09:29:04.376,os_log_bytes_written,119296326144,119296326144,56247188.865689,enabled
1782984544.374,2026-07-02 09:29:04.376,os_log_fsyncs,43139713,43139713,20340.002589,enabled
1782984544.374,2026-07-02 09:29:04.376,os_log_pending_fsyncs,1,1,0.000471,enabled
1782984544.374,2026-07-02 09:29:04.376,os_log_pending_writes,0,0,0.000000,enabled
1782984544.374,2026-07-02 09:29:04.376,trx_rseg_history_len,547,547,0.000000,enabled
1782984545.441,2026-07-02 09:29:05.442,adaptive_hash_searches,0,0,0.000000,enabled
1782984545.441,2026-07-02 09:29:05.442,adaptive_hash_searches_btree,567663045,567663045,267513.742815,enabled
1782984545.441,2026-07-02 09:29:05.442,buffer_data_reads,1072464497152,1072464497152,505403748.528572,enabled
1782984545.441,2026-07-02 09:29:05.442,buffer_data_written,523890311680,523890311680,246885680.442343,enabled
1782984545.441,2026-07-02 09:29:05.442,buffer_pages0_read,7,7,0.003299,enabled
1782984545.441,2026-07-02 09:29:05.442,buffer_pages_created,1807633,1807633,851.855241,enabled
1782984545.441,2026-07-02 09:29:05.442,buffer_pages_read,65642843,65642843,30934.486935,enabled
1782984545.441,2026-07-02 09:29:05.442,buffer_pages_written,22585964,22585964,10643.737822,enabled
1782984545.441,2026-07-02 09:29:05.442,buffer_pool_bytes_data,12850053120,12850053120,0.000000,enabled
1782984545.441,2026-07-02 09:29:05.442,buffer_pool_bytes_dirty,4660674560,4660674560,0.000000,enabled
1782984545.441,2026-07-02 09:29:05.442,buffer_pool_pages_data,784305,784305,0.000000,enabled
1782984545.441,2026-07-02 09:29:05.442,buffer_pool_pages_dirty,284465,284465,0.000000,enabled
1782984545.441,2026-07-02 09:29:05.442,buffer_pool_pages_flushed,22527870,22527870,0.000000,enabled
1782984545.441,2026-07-02 09:29:05.442,buffer_pool_pages_free,2030,2030,0.000000,enabled
1782984545.441,2026-07-02 09:29:05.442,buffer_pool_pages_lru_flushed,0,0,0.000000,enabled
1782984545.441,2026-07-02 09:29:05.442,buffer_pool_pages_misc,96,96,0.000000,enabled
1782984545.441,2026-07-02 09:29:05.442,buffer_pool_pages_total,786432,786432,0.000000,enabled
1782984545.441,2026-07-02 09:29:05.442,buffer_pool_reads,64755990,64755990,30516.554506,enabled
1782984545.441,2026-07-02 09:29:05.442,buffer_pool_read_ahead,803715,803715,378.754342,enabled
1782984545.441,2026-07-02 09:29:05.442,buffer_pool_read_ahead_evicted,25,25,0.011781,enabled
1782984545.441,2026-07-02 09:29:05.442,buffer_pool_read_requests,2729964245,2729964245,1286508.047237,enabled
1782984545.441,2026-07-02 09:29:05.442,buffer_pool_size,12884901888,12884901888,0.000000,enabled
1782984545.441,2026-07-02 09:29:05.442,buffer_pool_wait_free,18945,18945,8.927917,enabled
1782984545.441,2026-07-02 09:29:05.442,buffer_pool_write_requests,584969701,584969701,275669.627688,enabled
1782984545.441,2026-07-02 09:29:05.442,dml_deletes,12266529,12266529,5780.656352,enabled
1782984545.441,2026-07-02 09:29:05.442,dml_inserts,112151932,112151932,52852.096845,enabled
1782984545.441,2026-07-02 09:29:05.442,dml_system_deletes,468,468,0.220547,enabled
1782984545.441,2026-07-02 09:29:05.442,dml_system_inserts,1202,1202,0.566448,enabled
1782984545.441,2026-07-02 09:29:05.442,dml_system_reads,7661,7661,3.610280,enabled
1782984545.441,2026-07-02 09:29:05.442,dml_system_updates,620,620,0.292178,enabled
1782984545.441,2026-07-02 09:29:05.442,dml_updates,24533170,24533170,11561.365472,enabled
1782984545.441,2026-07-02 09:29:05.442,file_num_open_files,35,35,0.000000,enabled
1782984545.441,2026-07-02 09:29:05.442,ibuf_merges,0,0,0.000000,enabled
1782984545.441,2026-07-02 09:29:05.442,ibuf_merges_delete,0,0,0.000000,enabled
1782984545.441,2026-07-02 09:29:05.442,ibuf_merges_delete_mark,0,0,0.000000,enabled
1782984545.441,2026-07-02 09:29:05.442,ibuf_merges_discard_delete,0,0,0.000000,enabled
1782984545.441,2026-07-02 09:29:05.442,ibuf_merges_discard_delete_mark,0,0,0.000000,enabled
1782984545.441,2026-07-02 09:29:05.442,ibuf_merges_discard_insert,0,0,0.000000,enabled
1782984545.441,2026-07-02 09:29:05.442,ibuf_merges_insert,0,0,0.000000,enabled
1782984545.441,2026-07-02 09:29:05.442,ibuf_size,1,1,0.000471,enabled
1782984545.441,2026-07-02 09:29:05.442,innodb_activity_count,17001631,17001631,8012.094362,enabled
1782984545.441,2026-07-02 09:29:05.442,innodb_dblwr_pages_written,22526588,22526588,10615.754893,enabled
1782984545.441,2026-07-02 09:29:05.442,innodb_dblwr_writes,456545,456545,215.148864,enabled
1782984545.441,2026-07-02 09:29:05.442,innodb_page_size,16384,16384,0.000000,enabled
1782984545.441,2026-07-02 09:29:05.442,innodb_rwlock_sx_os_waits,0,0,0.000000,enabled
1782984545.441,2026-07-02 09:29:05.442,innodb_rwlock_sx_spin_rounds,0,0,0.000000,enabled
1782984545.441,2026-07-02 09:29:05.442,innodb_rwlock_sx_spin_waits,0,0,0.000000,enabled
1782984545.441,2026-07-02 09:29:05.442,innodb_rwlock_s_os_waits,0,0,0.000000,enabled
1782984545.441,2026-07-02 09:29:05.442,innodb_rwlock_s_spin_rounds,0,0,0.000000,enabled
1782984545.441,2026-07-02 09:29:05.442,innodb_rwlock_s_spin_waits,0,0,0.000000,enabled
1782984545.441,2026-07-02 09:29:05.442,innodb_rwlock_x_os_waits,0,0,0.000000,enabled
1782984545.441,2026-07-02 09:29:05.442,innodb_rwlock_x_spin_rounds,0,0,0.000000,enabled
1782984545.441,2026-07-02 09:29:05.442,innodb_rwlock_x_spin_waits,0,0,0.000000,enabled
1782984545.441,2026-07-02 09:29:05.442,lock_deadlocks,0,0,0.000000,enabled
1782984545.441,2026-07-02 09:29:05.442,lock_deadlock_false_positives,0,0,0.000000,enabled
1782984545.441,2026-07-02 09:29:05.442,lock_deadlock_rounds,2359,2359,1.111689,enabled
1782984545.441,2026-07-02 09:29:05.442,lock_rec_grant_attempts,425,425,0.200283,enabled
1782984545.441,2026-07-02 09:29:05.442,lock_rec_release_attempts,37282782,37282782,17569.680624,enabled
1782984545.441,2026-07-02 09:29:05.442,lock_row_lock_current_waits,0,0,0.000000,enabled
1782984545.441,2026-07-02 09:29:05.442,lock_row_lock_time,323,323,0.152215,enabled
1782984545.441,2026-07-02 09:29:05.442,lock_row_lock_time_avg,0,0,0.000000,enabled
1782984545.441,2026-07-02 09:29:05.442,lock_row_lock_time_max,29,29,0.000000,enabled
1782984545.441,2026-07-02 09:29:05.442,lock_row_lock_waits,425,425,0.200283,enabled
1782984545.441,2026-07-02 09:29:05.442,lock_schedule_refreshes,2359,2359,1.111689,enabled
1782984545.441,2026-07-02 09:29:05.442,lock_threads_waiting,0,0,0.000000,enabled
1782984545.441,2026-07-02 09:29:05.442,lock_timeouts,0,0,0.000000,enabled
1782984545.441,2026-07-02 09:29:05.442,log_waits,0,0,0.000000,enabled
1782984545.441,2026-07-02 09:29:05.442,log_writes,185337306,185337306,87341.035563,enabled
1782984545.441,2026-07-02 09:29:05.442,log_write_requests,393228554,393228554,185310.717465,enabled
1782984545.441,2026-07-02 09:29:05.442,os_data_fsyncs,49190793,49190793,23181.382374,enabled
1782984545.441,2026-07-02 09:29:05.442,os_data_reads,65758314,65758314,30988.901192,enabled
1782984545.441,2026-07-02 09:29:05.442,os_data_writes,208661615,208661615,98332.724349,enabled
1782984545.441,2026-07-02 09:29:05.442,os_log_bytes_written,119333740544,119333740544,56236561.687307,enabled
1782984545.441,2026-07-02 09:29:05.442,os_log_fsyncs,43164751,43164751,20341.582934,enabled
1782984545.441,2026-07-02 09:29:05.442,os_log_pending_fsyncs,1,1,0.000471,enabled
1782984545.441,2026-07-02 09:29:05.442,os_log_pending_writes,0,0,0.000000,enabled
1782984545.441,2026-07-02 09:29:05.442,trx_rseg_history_len,124,124,0.000000,enabled
1782984546.507,2026-07-02 09:29:06.509,adaptive_hash_searches,0,0,0.000000,enabled
1782984546.507,2026-07-02 09:29:06.509,adaptive_hash_searches_btree,567828154,567828154,267456.742372,enabled
1782984546.507,2026-07-02 09:29:06.509,buffer_data_reads,1073379854848,1073379854848,505580276.126729,enabled
1782984546.507,2026-07-02 09:29:06.509,buffer_data_written,524236215808,524236215808,246924226.605961,enabled
1782984546.507,2026-07-02 09:29:06.509,buffer_pages0_read,7,7,0.003297,enabled
1782984546.507,2026-07-02 09:29:06.509,buffer_pages_created,1807680,1807680,851.448216,enabled
1782984546.507,2026-07-02 09:29:06.509,buffer_pages_read,65698860,65698860,30945.287163,enabled
1782984546.507,2026-07-02 09:29:06.509,buffer_pages_written,22604535,22604535,10647.122789,enabled
1782984546.507,2026-07-02 09:29:06.509,buffer_pool_bytes_data,12851707904,12851707904,0.000000,enabled
1782984546.507,2026-07-02 09:29:06.509,buffer_pool_bytes_dirty,4617748480,4617748480,0.000000,enabled
1782984546.507,2026-07-02 09:29:06.509,buffer_pool_pages_data,784406,784406,0.000000,enabled
1782984546.507,2026-07-02 09:29:06.509,buffer_pool_pages_dirty,281845,281845,0.000000,enabled
1782984546.507,2026-07-02 09:29:06.509,buffer_pool_pages_flushed,22547415,22547415,0.000000,enabled
1782984546.507,2026-07-02 09:29:06.509,buffer_pool_pages_free,1930,1930,0.000000,enabled
1782984546.507,2026-07-02 09:29:06.509,buffer_pool_pages_lru_flushed,0,0,0.000000,enabled
1782984546.507,2026-07-02 09:29:06.509,buffer_pool_pages_misc,98,98,0.000000,enabled
1782984546.507,2026-07-02 09:29:06.509,buffer_pool_pages_total,786432,786432,0.000000,enabled
1782984546.507,2026-07-02 09:29:06.509,buffer_pool_reads,64811946,64811946,30527.536660,enabled
1782984546.507,2026-07-02 09:29:06.509,buffer_pool_read_ahead,803715,803715,378.563526,enabled
1782984546.507,2026-07-02 09:29:06.509,buffer_pool_read_ahead_evicted,25,25,0.011775,enabled
1782984546.507,2026-07-02 09:29:06.509,buffer_pool_read_requests,2730783373,2730783373,1286245.733870,enabled
1782984546.507,2026-07-02 09:29:06.509,buffer_pool_size,12884901888,12884901888,0.000000,enabled
1782984546.507,2026-07-02 09:29:06.509,buffer_pool_wait_free,18945,18945,8.923419,enabled
1782984546.507,2026-07-02 09:29:06.509,buffer_pool_write_requests,585081944,585081944,275583.615009,enabled
1782984546.507,2026-07-02 09:29:06.509,dml_deletes,12271287,12271287,5779.985249,enabled
1782984546.507,2026-07-02 09:29:06.509,dml_inserts,112156690,112156690,52827.711908,enabled
1782984546.507,2026-07-02 09:29:06.509,dml_system_deletes,468,468,0.220436,enabled
1782984546.507,2026-07-02 09:29:06.509,dml_system_inserts,1202,1202,0.566162,enabled
1782984546.507,2026-07-02 09:29:06.509,dml_system_reads,7661,7661,3.608462,enabled
1782984546.507,2026-07-02 09:29:06.509,dml_system_updates,620,620,0.292031,enabled
1782984546.507,2026-07-02 09:29:06.509,dml_updates,24542696,24542696,11560.027951,enabled
1782984546.507,2026-07-02 09:29:06.509,file_num_open_files,35,35,0.000000,enabled
1782984546.507,2026-07-02 09:29:06.509,ibuf_merges,0,0,0.000000,enabled
1782984546.507,2026-07-02 09:29:06.509,ibuf_merges_delete,0,0,0.000000,enabled
1782984546.507,2026-07-02 09:29:06.509,ibuf_merges_delete_mark,0,0,0.000000,enabled
1782984546.507,2026-07-02 09:29:06.509,ibuf_merges_discard_delete,0,0,0.000000,enabled
1782984546.507,2026-07-02 09:29:06.509,ibuf_merges_discard_delete_mark,0,0,0.000000,enabled
1782984546.507,2026-07-02 09:29:06.509,ibuf_merges_discard_insert,0,0,0.000000,enabled
1782984546.507,2026-07-02 09:29:06.509,ibuf_merges_insert,0,0,0.000000,enabled
1782984546.507,2026-07-02 09:29:06.509,ibuf_size,1,1,0.000471,enabled
1782984546.507,2026-07-02 09:29:06.509,innodb_activity_count,17007097,17007097,8010.632570,enabled
1782984546.507,2026-07-02 09:29:06.509,innodb_dblwr_pages_written,22545430,22545430,10619.281740,enabled
1782984546.507,2026-07-02 09:29:06.509,innodb_dblwr_writes,456937,456937,215.225114,enabled
1782984546.507,2026-07-02 09:29:06.509,innodb_page_size,16384,16384,0.000000,enabled
1782984546.507,2026-07-02 09:29:06.509,innodb_rwlock_sx_os_waits,0,0,0.000000,enabled
1782984546.507,2026-07-02 09:29:06.509,innodb_rwlock_sx_spin_rounds,0,0,0.000000,enabled
1782984546.507,2026-07-02 09:29:06.509,innodb_rwlock_sx_spin_waits,0,0,0.000000,enabled
1782984546.507,2026-07-02 09:29:06.509,innodb_rwlock_s_os_waits,0,0,0.000000,enabled
1782984546.507,2026-07-02 09:29:06.509,innodb_rwlock_s_spin_rounds,0,0,0.000000,enabled
1782984546.507,2026-07-02 09:29:06.509,innodb_rwlock_s_spin_waits,0,0,0.000000,enabled
1782984546.507,2026-07-02 09:29:06.509,innodb_rwlock_x_os_waits,0,0,0.000000,enabled
1782984546.507,2026-07-02 09:29:06.509,innodb_rwlock_x_spin_rounds,0,0,0.000000,enabled
1782984546.507,2026-07-02 09:29:06.509,innodb_rwlock_x_spin_waits,0,0,0.000000,enabled
1782984546.507,2026-07-02 09:29:06.509,lock_deadlocks,0,0,0.000000,enabled
1782984546.507,2026-07-02 09:29:06.509,lock_deadlock_false_positives,0,0,0.000000,enabled
1782984546.507,2026-07-02 09:29:06.509,lock_deadlock_rounds,2360,2360,1.111600,enabled
1782984546.507,2026-07-02 09:29:06.509,lock_rec_grant_attempts,425,425,0.200182,enabled
1782984546.507,2026-07-02 09:29:06.509,lock_rec_release_attempts,37297290,37297290,17567.662639,enabled
1782984546.507,2026-07-02 09:29:06.509,lock_row_lock_current_waits,0,0,0.000000,enabled
1782984546.507,2026-07-02 09:29:06.509,lock_row_lock_time,323,323,0.152139,enabled
1782984546.507,2026-07-02 09:29:06.509,lock_row_lock_time_avg,0,0,0.000000,enabled
1782984546.507,2026-07-02 09:29:06.509,lock_row_lock_time_max,29,29,0.000000,enabled
1782984546.507,2026-07-02 09:29:06.509,lock_row_lock_waits,425,425,0.200182,enabled
1782984546.507,2026-07-02 09:29:06.509,lock_schedule_refreshes,2360,2360,1.111600,enabled
1782984546.507,2026-07-02 09:29:06.509,lock_threads_waiting,0,0,0.000000,enabled
1782984546.507,2026-07-02 09:29:06.509,lock_timeouts,0,0,0.000000,enabled
1782984546.507,2026-07-02 09:29:06.509,log_waits,0,0,0.000000,enabled
1782984546.507,2026-07-02 09:29:06.509,log_writes,185415348,185415348,87333.793190,enabled
1782984546.507,2026-07-02 09:29:06.509,log_write_requests,393309592,393309592,185255.530134,enabled
1782984546.507,2026-07-02 09:29:06.509,os_data_fsyncs,49223375,49223375,23185.050326,enabled
1782984546.507,2026-07-02 09:29:06.509,os_data_reads,65814171,65814171,30999.598653,enabled
1782984546.507,2026-07-02 09:29:06.509,os_data_writes,208758522,208758522,98328.829399,enabled
1782984546.507,2026-07-02 09:29:06.509,os_log_bytes_written,119374730240,119374730240,56227536.677719,enabled
1782984546.507,2026-07-02 09:29:06.509,os_log_fsyncs,43192104,43192104,20344.218623,enabled
1782984546.507,2026-07-02 09:29:06.509,os_log_pending_fsyncs,0,0,0.000000,enabled
1782984546.507,2026-07-02 09:29:06.509,os_log_pending_writes,1,1,0.000471,enabled
1782984546.507,2026-07-02 09:29:06.509,trx_rseg_history_len,60,60,0.000000,enabled
1782984547.577,2026-07-02 09:29:07.578,adaptive_hash_searches,0,0,0.000000,enabled
1782984547.577,2026-07-02 09:29:07.578,adaptive_hash_searches_btree,567995088,567995088,267400.835173,enabled
1782984547.577,2026-07-02 09:29:07.578,buffer_data_reads,1074305092096,1074305092096,505761635.576724,enabled
1782984547.577,2026-07-02 09:29:07.578,buffer_data_written,524545146880,524545146880,246945502.760806,enabled
1782984547.577,2026-07-02 09:29:07.578,buffer_pages0_read,7,7,0.003295,enabled
1782984547.577,2026-07-02 09:29:07.578,buffer_pages_created,1807731,1807731,851.044087,enabled
1782984547.577,2026-07-02 09:29:07.578,buffer_pages_read,65755522,65755522,30956.402123,enabled
1782984547.577,2026-07-02 09:29:07.578,buffer_pages_written,22620553,22620553,10649.309996,enabled
1782984547.577,2026-07-02 09:29:07.578,buffer_pool_bytes_data,12853641216,12853641216,0.000000,enabled
1782984547.577,2026-07-02 09:29:07.578,buffer_pool_bytes_dirty,4618387456,4618387456,0.000000,enabled
1782984547.577,2026-07-02 09:29:07.578,buffer_pool_pages_data,784524,784524,0.000000,enabled
1782984547.577,2026-07-02 09:29:07.578,buffer_pool_pages_dirty,281884,281884,0.000000,enabled
1782984547.577,2026-07-02 09:29:07.578,buffer_pool_pages_flushed,22563483,22563483,0.000000,enabled
1782984547.577,2026-07-02 09:29:07.578,buffer_pool_pages_free,1811,1811,0.000000,enabled
1782984547.577,2026-07-02 09:29:07.578,buffer_pool_pages_lru_flushed,0,0,0.000000,enabled
1782984547.577,2026-07-02 09:29:07.578,buffer_pool_pages_misc,96,96,0.000000,enabled
1782984547.577,2026-07-02 09:29:07.578,buffer_pool_pages_total,786432,786432,0.000000,enabled
1782984547.577,2026-07-02 09:29:07.578,buffer_pool_reads,64868547,64868547,30538.833026,enabled
1782984547.577,2026-07-02 09:29:07.578,buffer_pool_read_ahead,803715,803715,378.373172,enabled
1782984547.577,2026-07-02 09:29:07.578,buffer_pool_read_ahead_evicted,25,25,0.011770,enabled
1782984547.577,2026-07-02 09:29:07.578,buffer_pool_read_requests,2731610216,2731610216,1285988.227199,enabled
1782984547.577,2026-07-02 09:29:07.578,buffer_pool_size,12884901888,12884901888,0.000000,enabled
1782984547.577,2026-07-02 09:29:07.578,buffer_pool_wait_free,18945,18945,8.918932,enabled
1782984547.577,2026-07-02 09:29:07.578,buffer_pool_write_requests,585194570,585194570,275498.064248,enabled
1782984547.577,2026-07-02 09:29:07.578,dml_deletes,12276109,12276109,5779.348699,enabled
1782984547.577,2026-07-02 09:29:07.578,dml_inserts,112161510,112161510,52803.414990,enabled
1782984547.577,2026-07-02 09:29:07.578,dml_system_deletes,468,468,0.220325,enabled
1782984547.577,2026-07-02 09:29:07.578,dml_system_inserts,1202,1202,0.565878,enabled
1782984547.577,2026-07-02 09:29:07.578,dml_system_reads,7661,7661,3.606647,enabled
1782984547.577,2026-07-02 09:29:07.578,dml_system_updates,620,620,0.291884,enabled
1782984547.577,2026-07-02 09:29:07.578,dml_updates,24552336,24552336,11558.752937,enabled
1782984547.577,2026-07-02 09:29:07.578,file_num_open_files,35,35,0.000000,enabled
1782984547.577,2026-07-02 09:29:07.578,ibuf_merges,0,0,0.000000,enabled
1782984547.577,2026-07-02 09:29:07.578,ibuf_merges_delete,0,0,0.000000,enabled
1782984547.577,2026-07-02 09:29:07.578,ibuf_merges_delete_mark,0,0,0.000000,enabled
1782984547.577,2026-07-02 09:29:07.578,ibuf_merges_discard_delete,0,0,0.000000,enabled
1782984547.577,2026-07-02 09:29:07.578,ibuf_merges_discard_delete_mark,0,0,0.000000,enabled
1782984547.577,2026-07-02 09:29:07.578,ibuf_merges_discard_insert,0,0,0.000000,enabled
1782984547.577,2026-07-02 09:29:07.578,ibuf_merges_insert,0,0,0.000000,enabled
1782984547.577,2026-07-02 09:29:07.578,ibuf_size,1,1,0.000471,enabled
1782984547.577,2026-07-02 09:29:07.578,innodb_activity_count,17012638,17012638,8009.212808,enabled
1782984547.577,2026-07-02 09:29:07.578,innodb_dblwr_pages_written,22561433,22561433,10621.475430,enabled
1782984547.577,2026-07-02 09:29:07.578,innodb_dblwr_writes,457315,457315,215.294837,enabled
1782984547.577,2026-07-02 09:29:07.578,innodb_page_size,16384,16384,0.000000,enabled
1782984547.577,2026-07-02 09:29:07.578,innodb_rwlock_sx_os_waits,0,0,0.000000,enabled
1782984547.577,2026-07-02 09:29:07.578,innodb_rwlock_sx_spin_rounds,0,0,0.000000,enabled
1782984547.577,2026-07-02 09:29:07.578,innodb_rwlock_sx_spin_waits,0,0,0.000000,enabled
1782984547.577,2026-07-02 09:29:07.578,innodb_rwlock_s_os_waits,0,0,0.000000,enabled
1782984547.577,2026-07-02 09:29:07.578,innodb_rwlock_s_spin_rounds,0,0,0.000000,enabled
1782984547.577,2026-07-02 09:29:07.578,innodb_rwlock_s_spin_waits,0,0,0.000000,enabled
1782984547.577,2026-07-02 09:29:07.578,innodb_rwlock_x_os_waits,0,0,0.000000,enabled
1782984547.577,2026-07-02 09:29:07.578,innodb_rwlock_x_spin_rounds,0,0,0.000000,enabled
1782984547.577,2026-07-02 09:29:07.578,innodb_rwlock_x_spin_waits,0,0,0.000000,enabled
1782984547.577,2026-07-02 09:29:07.578,lock_deadlocks,0,0,0.000000,enabled
1782984547.577,2026-07-02 09:29:07.578,lock_deadlock_false_positives,0,0,0.000000,enabled
1782984547.577,2026-07-02 09:29:07.578,lock_deadlock_rounds,2361,2361,1.111512,enabled
1782984547.577,2026-07-02 09:29:07.578,lock_rec_grant_attempts,425,425,0.200082,enabled
1782984547.577,2026-07-02 09:29:07.578,lock_rec_release_attempts,37311918,37311918,17565.715621,enabled
1782984547.577,2026-07-02 09:29:07.578,lock_row_lock_current_waits,0,0,0.000000,enabled
1782984547.577,2026-07-02 09:29:07.578,lock_row_lock_time,323,323,0.152062,enabled
1782984547.577,2026-07-02 09:29:07.578,lock_row_lock_time_avg,0,0,0.000000,enabled
1782984547.577,2026-07-02 09:29:07.578,lock_row_lock_time_max,29,29,0.000000,enabled
1782984547.577,2026-07-02 09:29:07.578,lock_row_lock_waits,425,425,0.200082,enabled
1782984547.577,2026-07-02 09:29:07.578,lock_schedule_refreshes,2361,2361,1.111512,enabled
1782984547.577,2026-07-02 09:29:07.578,lock_threads_waiting,0,0,0.000000,enabled
1782984547.577,2026-07-02 09:29:07.578,lock_timeouts,0,0,0.000000,enabled
1782984547.577,2026-07-02 09:29:07.578,log_waits,0,0,0.000000,enabled
1782984547.577,2026-07-02 09:29:07.578,log_writes,185491979,185491979,87325.952734,enabled
1782984547.577,2026-07-02 09:29:07.578,log_write_requests,393391557,393391557,185200.959798,enabled
1782984547.577,2026-07-02 09:29:07.578,os_data_fsyncs,49255305,49255305,23188.423712,enabled
1782984547.577,2026-07-02 09:29:07.578,os_data_reads,65870666,65870666,31010.607215,enabled
1782984547.577,2026-07-02 09:29:07.578,os_data_writes,208851457,208851457,98323.136631,enabled
1782984547.577,2026-07-02 09:29:07.578,os_log_bytes_written,119415183872,119415183872,56218307.331557,enabled
1782984547.577,2026-07-02 09:29:07.578,os_log_fsyncs,43219110,43219110,20346.702381,enabled
1782984547.577,2026-07-02 09:29:07.578,os_log_pending_fsyncs,1,1,0.000471,enabled
1782984547.577,2026-07-02 09:29:07.578,os_log_pending_writes,0,0,0.000000,enabled
1782984547.577,2026-07-02 09:29:07.578,trx_rseg_history_len,46,46,0.000000,enabled
1782984548.645,2026-07-02 09:29:08.647,adaptive_hash_searches,0,0,0.000000,enabled
1782984548.645,2026-07-02 09:29:08.647,adaptive_hash_searches_btree,568165360,568165360,267346.266868,enabled
1782984548.645,2026-07-02 09:29:08.647,buffer_data_reads,1075244337664,1075244337664,505948834.403890,enabled
1782984548.645,2026-07-02 09:29:08.647,buffer_data_written,524857762816,524857762816,246968213.417641,enabled
1782984548.645,2026-07-02 09:29:08.647,buffer_pages0_read,7,7,0.003294,enabled
1782984548.645,2026-07-02 09:29:08.647,buffer_pages_created,1807766,1807766,850.631877,enabled
1782984548.645,2026-07-02 09:29:08.647,buffer_pages_read,65813028,65813028,30967.868138,enabled
1782984548.645,2026-07-02 09:29:08.647,buffer_pages_written,22636677,22636677,10651.532874,enabled
1782984548.645,2026-07-02 09:29:08.647,buffer_pool_bytes_data,12847087616,12847087616,0.000000,enabled
1782984548.645,2026-07-02 09:29:08.647,buffer_pool_bytes_dirty,4622843904,4622843904,0.000000,enabled
1782984548.645,2026-07-02 09:29:08.647,buffer_pool_pages_data,784124,784124,0.000000,enabled
1782984548.645,2026-07-02 09:29:08.647,buffer_pool_pages_dirty,282156,282156,0.000000,enabled
1782984548.645,2026-07-02 09:29:08.647,buffer_pool_pages_flushed,22579607,22579607,0.000000,enabled
1782984548.645,2026-07-02 09:29:08.647,buffer_pool_pages_free,2212,2212,0.000000,enabled
1782984548.645,2026-07-02 09:29:08.647,buffer_pool_pages_lru_flushed,0,0,0.000000,enabled
1782984548.645,2026-07-02 09:29:08.647,buffer_pool_pages_misc,96,96,0.000000,enabled
1782984548.645,2026-07-02 09:29:08.647,buffer_pool_pages_total,786432,786432,0.000000,enabled
1782984548.645,2026-07-02 09:29:08.647,buffer_pool_reads,64925998,64925998,30550.483354,enabled
1782984548.645,2026-07-02 09:29:08.647,buffer_pool_read_ahead,803715,803715,378.182580,enabled
1782984548.645,2026-07-02 09:29:08.647,buffer_pool_read_ahead_evicted,25,25,0.011764,enabled
1782984548.645,2026-07-02 09:29:08.647,buffer_pool_read_requests,2732454048,2732454048,1285737.516630,enabled
1782984548.645,2026-07-02 09:29:08.647,buffer_pool_size,12884901888,12884901888,0.000000,enabled
1782984548.645,2026-07-02 09:29:08.647,buffer_pool_wait_free,18945,18945,8.914440,enabled
1782984548.645,2026-07-02 09:29:08.647,buffer_pool_write_requests,585309899,585309899,275413.559455,enabled
1782984548.645,2026-07-02 09:29:08.647,dml_deletes,12281028,12281028,5778.752305,enabled
1782984548.645,2026-07-02 09:29:08.647,dml_inserts,112166429,112166429,52779.133056,enabled
1782984548.645,2026-07-02 09:29:08.647,dml_system_deletes,468,468,0.220214,enabled
1782984548.645,2026-07-02 09:29:08.647,dml_system_inserts,1202,1202,0.565593,enabled
1782984548.645,2026-07-02 09:29:08.647,dml_system_reads,7661,7661,3.604830,enabled
1782984548.645,2026-07-02 09:29:08.647,dml_system_updates,620,620,0.291737,enabled
1782984548.645,2026-07-02 09:29:08.647,dml_updates,24562167,24562167,11557.556829,enabled
1782984548.645,2026-07-02 09:29:08.647,file_num_open_files,35,35,0.000000,enabled
1782984548.645,2026-07-02 09:29:08.647,ibuf_merges,0,0,0.000000,enabled
1782984548.645,2026-07-02 09:29:08.647,ibuf_merges_delete,0,0,0.000000,enabled
1782984548.645,2026-07-02 09:29:08.647,ibuf_merges_delete_mark,0,0,0.000000,enabled
1782984548.645,2026-07-02 09:29:08.647,ibuf_merges_discard_delete,0,0,0.000000,enabled
1782984548.645,2026-07-02 09:29:08.647,ibuf_merges_discard_delete_mark,0,0,0.000000,enabled
1782984548.645,2026-07-02 09:29:08.647,ibuf_merges_discard_insert,0,0,0.000000,enabled
1782984548.645,2026-07-02 09:29:08.647,ibuf_merges_insert,0,0,0.000000,enabled
1782984548.645,2026-07-02 09:29:08.647,ibuf_size,1,1,0.000471,enabled
1782984548.645,2026-07-02 09:29:08.647,innodb_activity_count,17018291,17018291,8007.838602,enabled
1782984548.645,2026-07-02 09:29:08.647,innodb_dblwr_pages_written,22577557,22577557,10623.712518,enabled
1782984548.645,2026-07-02 09:29:08.647,innodb_dblwr_writes,457671,457671,215.353908,enabled
1782984548.645,2026-07-02 09:29:08.647,innodb_page_size,16384,16384,0.000000,enabled
1782984548.645,2026-07-02 09:29:08.647,innodb_rwlock_sx_os_waits,0,0,0.000000,enabled
1782984548.645,2026-07-02 09:29:08.647,innodb_rwlock_sx_spin_rounds,0,0,0.000000,enabled
1782984548.645,2026-07-02 09:29:08.647,innodb_rwlock_sx_spin_waits,0,0,0.000000,enabled
1782984548.645,2026-07-02 09:29:08.647,innodb_rwlock_s_os_waits,0,0,0.000000,enabled
1782984548.645,2026-07-02 09:29:08.647,innodb_rwlock_s_spin_rounds,0,0,0.000000,enabled
1782984548.645,2026-07-02 09:29:08.647,innodb_rwlock_s_spin_waits,0,0,0.000000,enabled
1782984548.645,2026-07-02 09:29:08.647,innodb_rwlock_x_os_waits,0,0,0.000000,enabled
1782984548.645,2026-07-02 09:29:08.647,innodb_rwlock_x_spin_rounds,0,0,0.000000,enabled
1782984548.645,2026-07-02 09:29:08.647,innodb_rwlock_x_spin_waits,0,0,0.000000,enabled
1782984548.645,2026-07-02 09:29:08.647,lock_deadlocks,0,0,0.000000,enabled
1782984548.645,2026-07-02 09:29:08.647,lock_deadlock_false_positives,0,0,0.000000,enabled
1782984548.645,2026-07-02 09:29:08.647,lock_deadlock_rounds,2362,2362,1.111423,enabled
1782984548.645,2026-07-02 09:29:08.647,lock_rec_grant_attempts,425,425,0.199981,enabled
1782984548.645,2026-07-02 09:29:08.647,lock_rec_release_attempts,37326874,37326874,17563.904934,enabled
1782984548.645,2026-07-02 09:29:08.647,lock_row_lock_current_waits,0,0,0.000000,enabled
1782984548.645,2026-07-02 09:29:08.647,lock_row_lock_time,323,323,0.151985,enabled
1782984548.645,2026-07-02 09:29:08.647,lock_row_lock_time_avg,0,0,0.000000,enabled
1782984548.645,2026-07-02 09:29:08.647,lock_row_lock_time_max,29,29,0.000000,enabled
1782984548.645,2026-07-02 09:29:08.647,lock_row_lock_waits,425,425,0.199981,enabled
1782984548.645,2026-07-02 09:29:08.647,lock_schedule_refreshes,2362,2362,1.111423,enabled
1782984548.645,2026-07-02 09:29:08.647,lock_threads_waiting,0,0,0.000000,enabled
1782984548.645,2026-07-02 09:29:08.647,lock_timeouts,0,0,0.000000,enabled
1782984548.645,2026-07-02 09:29:08.647,log_waits,0,0,0.000000,enabled
1782984548.645,2026-07-02 09:29:08.647,log_writes,185573141,185573141,87320.156700,enabled
1782984548.645,2026-07-02 09:29:08.647,log_write_requests,393475038,393475038,185146.955103,enabled
1782984548.645,2026-07-02 09:29:08.647,os_data_fsyncs,49289707,49289707,23192.931204,enabled
1782984548.645,2026-07-02 09:29:08.647,os_data_reads,65928004,65928004,31021.966994,enabled
1782984548.645,2026-07-02 09:29:08.647,os_data_writes,208949031,208949031,98319.523473,enabled
1782984548.645,2026-07-02 09:29:08.647,os_log_bytes_written,119457640448,119457640448,56209967.557181,enabled
1782984548.645,2026-07-02 09:29:08.647,os_log_fsyncs,43248504,43248504,20350.284800,enabled
1782984548.645,2026-07-02 09:29:08.647,os_log_pending_fsyncs,1,1,0.000471,enabled
1782984548.645,2026-07-02 09:29:08.647,os_log_pending_writes,0,0,0.000000,enabled
1782984548.645,2026-07-02 09:29:08.647,trx_rseg_history_len,148,148,0.000000,enabled
1782984549.715,2026-07-02 09:29:09.717,adaptive_hash_searches,0,0,0.000000,enabled
1782984549.715,2026-07-02 09:29:09.717,adaptive_hash_searches_btree,568336619,568336619,267292.047241,enabled
1782984549.715,2026-07-02 09:29:09.717,buffer_data_reads,1076194560512,1076194560512,506140697.350990,enabled
1782984549.715,2026-07-02 09:29:09.717,buffer_data_written,525173019136,525173019136,246991991.617257,enabled
1782984549.715,2026-07-02 09:29:09.717,buffer_pages0_read,7,7,0.003292,enabled
1782984549.715,2026-07-02 09:29:09.717,buffer_pages_created,1807807,1807807,850.222384,enabled
1782984549.715,2026-07-02 09:29:09.717,buffer_pages_read,65871212,65871212,30979.622536,enabled
1782984549.715,2026-07-02 09:29:09.717,buffer_pages_written,22652941,22652941,10653.812843,enabled
1782984549.715,2026-07-02 09:29:09.717,buffer_pool_bytes_data,12854771712,12854771712,0.000000,enabled
1782984549.715,2026-07-02 09:29:09.717,buffer_pool_bytes_dirty,4627693568,4627693568,0.000000,enabled
1782984549.715,2026-07-02 09:29:09.717,buffer_pool_pages_data,784593,784593,0.000000,enabled
1782984549.715,2026-07-02 09:29:09.717,buffer_pool_pages_dirty,282452,282452,0.000000,enabled
1782984549.715,2026-07-02 09:29:09.717,buffer_pool_pages_flushed,22595871,22595871,0.000000,enabled
1782984549.715,2026-07-02 09:29:09.717,buffer_pool_pages_free,1743,1743,0.000000,enabled
1782984549.715,2026-07-02 09:29:09.717,buffer_pool_pages_lru_flushed,0,0,0.000000,enabled
1782984549.715,2026-07-02 09:29:09.717,buffer_pool_pages_misc,96,96,0.000000,enabled
1782984549.715,2026-07-02 09:29:09.717,buffer_pool_pages_total,786432,786432,0.000000,enabled
1782984549.715,2026-07-02 09:29:09.717,buffer_pool_reads,64984126,64984126,30562.421992,enabled
1782984549.715,2026-07-02 09:29:09.717,buffer_pool_read_ahead,803715,803715,377.991953,enabled
1782984549.715,2026-07-02 09:29:09.717,buffer_pool_read_ahead_evicted,25,25,0.011758,enabled
1782984549.715,2026-07-02 09:29:09.717,buffer_pool_read_requests,2733302471,2733302471,1285488.444764,enabled
1782984549.715,2026-07-02 09:29:09.717,buffer_pool_size,12884901888,12884901888,0.000000,enabled
1782984549.715,2026-07-02 09:29:09.717,buffer_pool_wait_free,18945,18945,8.909946,enabled
1782984549.715,2026-07-02 09:29:09.717,buffer_pool_write_requests,585425381,585425381,275329.045953,enabled
1782984549.715,2026-07-02 09:29:09.717,dml_deletes,12285973,12285973,5778.165017,enabled
1782984549.715,2026-07-02 09:29:09.717,dml_inserts,112171375,112171375,52754.854302,enabled
1782984549.715,2026-07-02 09:29:09.717,dml_system_deletes,468,468,0.220103,enabled
1782984549.715,2026-07-02 09:29:09.717,dml_system_inserts,1202,1202,0.565308,enabled
1782984549.715,2026-07-02 09:29:09.717,dml_system_reads,7661,7661,3.603013,enabled
1782984549.715,2026-07-02 09:29:09.717,dml_system_updates,620,620,0.291590,enabled
1782984549.715,2026-07-02 09:29:09.717,dml_updates,24572061,24572061,11556.384106,enabled
1782984549.715,2026-07-02 09:29:09.717,file_num_open_files,35,35,0.000000,enabled
1782984549.715,2026-07-02 09:29:09.717,ibuf_merges,0,0,0.000000,enabled
1782984549.715,2026-07-02 09:29:09.717,ibuf_merges_delete,0,0,0.000000,enabled
1782984549.715,2026-07-02 09:29:09.717,ibuf_merges_delete_mark,0,0,0.000000,enabled
1782984549.715,2026-07-02 09:29:09.717,ibuf_merges_discard_delete,0,0,0.000000,enabled
1782984549.715,2026-07-02 09:29:09.717,ibuf_merges_discard_delete_mark,0,0,0.000000,enabled
1782984549.715,2026-07-02 09:29:09.717,ibuf_merges_discard_insert,0,0,0.000000,enabled
1782984549.715,2026-07-02 09:29:09.717,ibuf_merges_insert,0,0,0.000000,enabled
1782984549.715,2026-07-02 09:29:09.717,ibuf_size,1,1,0.000470,enabled
1782984549.715,2026-07-02 09:29:09.717,innodb_activity_count,17023970,17023970,8006.472884,enabled
1782984549.715,2026-07-02 09:29:09.717,innodb_dblwr_pages_written,22593821,22593821,10626.006379,enabled
1782984549.715,2026-07-02 09:29:09.717,innodb_dblwr_writes,458025,458025,215.411841,enabled
1782984549.715,2026-07-02 09:29:09.717,innodb_page_size,16384,16384,0.000000,enabled
1782984549.715,2026-07-02 09:29:09.717,innodb_rwlock_sx_os_waits,0,0,0.000000,enabled
1782984549.715,2026-07-02 09:29:09.717,innodb_rwlock_sx_spin_rounds,0,0,0.000000,enabled
1782984549.715,2026-07-02 09:29:09.717,innodb_rwlock_sx_spin_waits,0,0,0.000000,enabled
1782984549.715,2026-07-02 09:29:09.717,innodb_rwlock_s_os_waits,0,0,0.000000,enabled
1782984549.715,2026-07-02 09:29:09.717,innodb_rwlock_s_spin_rounds,0,0,0.000000,enabled
1782984549.715,2026-07-02 09:29:09.717,innodb_rwlock_s_spin_waits,0,0,0.000000,enabled
1782984549.715,2026-07-02 09:29:09.717,innodb_rwlock_x_os_waits,0,0,0.000000,enabled
1782984549.715,2026-07-02 09:29:09.717,innodb_rwlock_x_spin_rounds,0,0,0.000000,enabled
1782984549.715,2026-07-02 09:29:09.717,innodb_rwlock_x_spin_waits,0,0,0.000000,enabled
1782984549.715,2026-07-02 09:29:09.717,lock_deadlocks,0,0,0.000000,enabled
1782984549.715,2026-07-02 09:29:09.717,lock_deadlock_false_positives,0,0,0.000000,enabled
1782984549.715,2026-07-02 09:29:09.717,lock_deadlock_rounds,2363,2363,1.111333,enabled
1782984549.715,2026-07-02 09:29:09.717,lock_rec_grant_attempts,425,425,0.199880,enabled
1782984549.715,2026-07-02 09:29:09.717,lock_rec_release_attempts,37341954,37341954,17562.143933,enabled
1782984549.715,2026-07-02 09:29:09.717,lock_row_lock_current_waits,0,0,0.000000,enabled
1782984549.715,2026-07-02 09:29:09.717,lock_row_lock_time,323,323,0.151909,enabled
1782984549.715,2026-07-02 09:29:09.717,lock_row_lock_time_avg,0,0,0.000000,enabled
1782984549.715,2026-07-02 09:29:09.717,lock_row_lock_time_max,29,29,0.000000,enabled
1782984549.715,2026-07-02 09:29:09.717,lock_row_lock_waits,425,425,0.199880,enabled
1782984549.715,2026-07-02 09:29:09.717,lock_schedule_refreshes,2363,2363,1.111333,enabled
1782984549.715,2026-07-02 09:29:09.717,lock_threads_waiting,0,0,0.000000,enabled
1782984549.715,2026-07-02 09:29:09.717,lock_timeouts,0,0,0.000000,enabled
1782984549.715,2026-07-02 09:29:09.717,log_waits,0,0,0.000000,enabled
1782984549.715,2026-07-02 09:29:09.717,log_writes,185654199,185654199,87314.262723,enabled
1782984549.715,2026-07-02 09:29:09.717,log_write_requests,393559008,393559008,185093.118483,enabled
1782984549.715,2026-07-02 09:29:09.717,os_data_fsyncs,49325044,49325044,23197.859557,enabled
1782984549.715,2026-07-02 09:29:09.717,os_data_reads,65985996,65985996,31033.603758,enabled
1782984549.715,2026-07-02 09:29:09.717,os_data_writes,209046587,209046587,98315.844810,enabled
1782984549.715,2026-07-02 09:29:09.717,os_log_bytes_written,119500062720,119500062720,56201585.269814,enabled
1782984549.715,2026-07-02 09:29:09.717,os_log_fsyncs,43278953,43278953,20354.347181,enabled
1782984549.715,2026-07-02 09:29:09.717,os_log_pending_fsyncs,1,1,0.000470,enabled
1782984549.715,2026-07-02 09:29:09.717,os_log_pending_writes,0,0,0.000000,enabled
1782984549.715,2026-07-02 09:29:09.717,trx_rseg_history_len,271,271,0.000000,enabled
1782984550.788,2026-07-02 09:29:10.789,adaptive_hash_searches,0,0,0.000000,enabled
1782984550.788,2026-07-02 09:29:10.789,adaptive_hash_searches_btree,568508506,568508506,267238.237679,enabled
1782984550.788,2026-07-02 09:29:10.789,buffer_data_reads,1077143538176,1077143538176,506331872.404516,enabled
1782984550.788,2026-07-02 09:29:10.789,buffer_data_written,525486398976,525486398976,247014908.077537,enabled
1782984550.788,2026-07-02 09:29:10.789,buffer_pages0_read,7,7,0.003290,enabled
1782984550.788,2026-07-02 09:29:10.789,buffer_pages_created,1807855,1807855,849.816746,enabled
1782984550.788,2026-07-02 09:29:10.789,buffer_pages_read,65929289,65929289,30991.320319,enabled
1782984550.788,2026-07-02 09:29:10.789,buffer_pages_written,22669118,22669118,10656.051516,enabled
1782984550.788,2026-07-02 09:29:10.789,buffer_pool_bytes_data,12849741824,12849741824,0.000000,enabled
1782984550.788,2026-07-02 09:29:10.789,buffer_pool_bytes_dirty,4635377664,4635377664,0.000000,enabled
1782984550.788,2026-07-02 09:29:10.789,buffer_pool_pages_data,784286,784286,0.000000,enabled
1782984550.788,2026-07-02 09:29:10.789,buffer_pool_pages_dirty,282921,282921,0.000000,enabled
1782984550.788,2026-07-02 09:29:10.789,buffer_pool_pages_flushed,22612045,22612045,0.000000,enabled
1782984550.788,2026-07-02 09:29:10.789,buffer_pool_pages_free,2050,2050,0.000000,enabled
1782984550.788,2026-07-02 09:29:10.789,buffer_pool_pages_lru_flushed,0,0,0.000000,enabled
1782984550.788,2026-07-02 09:29:10.789,buffer_pool_pages_misc,96,96,0.000000,enabled
1782984550.788,2026-07-02 09:29:10.789,buffer_pool_pages_total,786432,786432,0.000000,enabled
1782984550.788,2026-07-02 09:29:10.789,buffer_pool_reads,65042134,65042134,30574.297267,enabled
1782984550.788,2026-07-02 09:29:10.789,buffer_pool_read_ahead,803715,803715,377.801581,enabled
1782984550.788,2026-07-02 09:29:10.789,buffer_pool_read_ahead_evicted,25,25,0.011752,enabled
1782984550.788,2026-07-02 09:29:10.789,buffer_pool_read_requests,2734153879,2734153879,1285241.241030,enabled
1782984550.788,2026-07-02 09:29:10.789,buffer_pool_size,12884901888,12884901888,0.000000,enabled
1782984550.788,2026-07-02 09:29:10.789,buffer_pool_wait_free,18945,18945,8.905459,enabled
1782984550.788,2026-07-02 09:29:10.789,buffer_pool_write_requests,585542011,585542011,275245.203300,enabled
1782984550.788,2026-07-02 09:29:10.789,dml_deletes,12290927,12290927,5777.583871,enabled
1782984550.788,2026-07-02 09:29:10.789,dml_inserts,112176329,112176329,52730.615824,enabled
1782984550.788,2026-07-02 09:29:10.789,dml_system_deletes,468,468,0.219992,enabled
1782984550.788,2026-07-02 09:29:10.789,dml_system_inserts,1202,1202,0.565023,enabled
1782984550.788,2026-07-02 09:29:10.789,dml_system_reads,7661,7661,3.601199,enabled
1782984550.788,2026-07-02 09:29:10.789,dml_system_updates,620,620,0.291443,enabled
1782984550.788,2026-07-02 09:29:10.789,dml_updates,24581972,24581972,11555.223199,enabled
1782984550.788,2026-07-02 09:29:10.789,file_num_open_files,35,35,0.000000,enabled
1782984550.788,2026-07-02 09:29:10.789,ibuf_merges,0,0,0.000000,enabled
1782984550.788,2026-07-02 09:29:10.789,ibuf_merges_delete,0,0,0.000000,enabled
1782984550.788,2026-07-02 09:29:10.789,ibuf_merges_delete_mark,0,0,0.000000,enabled
1782984550.788,2026-07-02 09:29:10.789,ibuf_merges_discard_delete,0,0,0.000000,enabled
1782984550.788,2026-07-02 09:29:10.789,ibuf_merges_discard_delete_mark,0,0,0.000000,enabled
1782984550.788,2026-07-02 09:29:10.789,ibuf_merges_discard_insert,0,0,0.000000,enabled
1782984550.788,2026-07-02 09:29:10.789,ibuf_merges_insert,0,0,0.000000,enabled
1782984550.788,2026-07-02 09:29:10.789,ibuf_size,1,1,0.000470,enabled
1782984550.788,2026-07-02 09:29:10.789,innodb_activity_count,17029661,17029661,8005.115996,enabled
1782984550.788,2026-07-02 09:29:10.789,innodb_dblwr_pages_written,22609995,22609995,10628.258040,enabled
1782984550.788,2026-07-02 09:29:10.789,innodb_dblwr_writes,458387,458387,215.473525,enabled
1782984550.788,2026-07-02 09:29:10.789,innodb_page_size,16384,16384,0.000000,enabled
1782984550.788,2026-07-02 09:29:10.789,innodb_rwlock_sx_os_waits,0,0,0.000000,enabled
1782984550.788,2026-07-02 09:29:10.789,innodb_rwlock_sx_spin_rounds,0,0,0.000000,enabled
1782984550.788,2026-07-02 09:29:10.789,innodb_rwlock_sx_spin_waits,0,0,0.000000,enabled
1782984550.788,2026-07-02 09:29:10.789,innodb_rwlock_s_os_waits,0,0,0.000000,enabled
1782984550.788,2026-07-02 09:29:10.789,innodb_rwlock_s_spin_rounds,0,0,0.000000,enabled
1782984550.788,2026-07-02 09:29:10.789,innodb_rwlock_s_spin_waits,0,0,0.000000,enabled
1782984550.788,2026-07-02 09:29:10.789,innodb_rwlock_x_os_waits,0,0,0.000000,enabled
1782984550.788,2026-07-02 09:29:10.789,innodb_rwlock_x_spin_rounds,0,0,0.000000,enabled
1782984550.788,2026-07-02 09:29:10.789,innodb_rwlock_x_spin_waits,0,0,0.000000,enabled
1782984550.788,2026-07-02 09:29:10.789,lock_deadlocks,0,0,0.000000,enabled
1782984550.788,2026-07-02 09:29:10.789,lock_deadlock_false_positives,0,0,0.000000,enabled
1782984550.788,2026-07-02 09:29:10.789,lock_deadlock_rounds,2364,2364,1.111243,enabled
1782984550.788,2026-07-02 09:29:10.789,lock_rec_grant_attempts,425,425,0.199779,enabled
1782984550.788,2026-07-02 09:29:10.789,lock_rec_release_attempts,37357009,37357009,17560.375735,enabled
1782984550.788,2026-07-02 09:29:10.789,lock_row_lock_current_waits,0,0,0.000000,enabled
1782984550.788,2026-07-02 09:29:10.789,lock_row_lock_time,323,323,0.151832,enabled
1782984550.788,2026-07-02 09:29:10.789,lock_row_lock_time_avg,0,0,0.000000,enabled
1782984550.788,2026-07-02 09:29:10.789,lock_row_lock_time_max,29,29,0.000000,enabled
1782984550.788,2026-07-02 09:29:10.789,lock_row_lock_waits,425,425,0.199779,enabled
1782984550.788,2026-07-02 09:29:10.789,lock_schedule_refreshes,2364,2364,1.111243,enabled
1782984550.788,2026-07-02 09:29:10.789,lock_threads_waiting,0,0,0.000000,enabled
1782984550.788,2026-07-02 09:29:10.789,lock_timeouts,0,0,0.000000,enabled
1782984550.788,2026-07-02 09:29:10.789,log_waits,0,0,0.000000,enabled
1782984550.788,2026-07-02 09:29:10.789,log_writes,185733491,185733491,87307.563273,enabled
1782984550.788,2026-07-02 09:29:10.789,log_write_requests,393643167,393643167,185039.464614,enabled
1782984550.788,2026-07-02 09:29:10.789,os_data_fsyncs,49359920,49359920,23202.570743,enabled
1782984550.788,2026-07-02 09:29:10.789,os_data_reads,66043925,66043925,31045.205178,enabled
1782984550.788,2026-07-02 09:29:10.789,os_data_writes,209142353,209142353,98311.347424,enabled
1782984550.788,2026-07-02 09:29:10.789,os_log_bytes_written,119541853696,119541853696,56192925.609268,enabled
1782984550.788,2026-07-02 09:29:10.789,os_log_fsyncs,43308858,43308858,20358.153724,enabled
1782984550.788,2026-07-02 09:29:10.789,os_log_pending_fsyncs,1,1,0.000470,enabled
1782984550.788,2026-07-02 09:29:10.789,os_log_pending_writes,0,0,0.000000,enabled
1782984550.788,2026-07-02 09:29:10.789,trx_rseg_history_len,372,372,0.000000,enabled
1782984551.858,2026-07-02 09:29:11.860,adaptive_hash_searches,0,0,0.000000,enabled
1782984551.858,2026-07-02 09:29:11.860,adaptive_hash_searches_btree,568679847,568679847,267184.143194,enabled
1782984551.858,2026-07-02 09:29:11.860,buffer_data_reads,1078092794368,1078092794368,506522855.139987,enabled
1782984551.858,2026-07-02 09:29:11.860,buffer_data_written,525801582080,525801582080,247038584.931044,enabled
1782984551.858,2026-07-02 09:29:11.860,buffer_pages0_read,7,7,0.003289,enabled
1782984551.858,2026-07-02 09:29:11.860,buffer_pages_created,1807895,1807895,849.407538,enabled
1782984551.858,2026-07-02 09:29:11.860,buffer_pages_read,65987389,65987389,31003.009127,enabled
1782984551.858,2026-07-02 09:29:11.860,buffer_pages_written,22685397,22685397,10658.333109,enabled
1782984551.858,2026-07-02 09:29:11.860,buffer_pool_bytes_data,12852805632,12852805632,0.000000,enabled
1782984551.858,2026-07-02 09:29:11.860,buffer_pool_bytes_dirty,4641275904,4641275904,0.000000,enabled
1782984551.858,2026-07-02 09:29:11.860,buffer_pool_pages_data,784473,784473,0.000000,enabled
1782984551.858,2026-07-02 09:29:11.860,buffer_pool_pages_dirty,283281,283281,0.000000,enabled
1782984551.858,2026-07-02 09:29:11.860,buffer_pool_pages_flushed,22628327,22628327,0.000000,enabled
1782984551.858,2026-07-02 09:29:11.860,buffer_pool_pages_free,1862,1862,0.000000,enabled
1782984551.858,2026-07-02 09:29:11.860,buffer_pool_pages_lru_flushed,0,0,0.000000,enabled
1782984551.858,2026-07-02 09:29:11.860,buffer_pool_pages_misc,96,96,0.000000,enabled
1782984551.858,2026-07-02 09:29:11.860,buffer_pool_pages_total,786432,786432,0.000000,enabled
1782984551.858,2026-07-02 09:29:11.860,buffer_pool_reads,65100185,65100185,30586.173216,enabled
1782984551.858,2026-07-02 09:29:11.860,buffer_pool_read_ahead,803715,803715,377.611306,enabled
1782984551.858,2026-07-02 09:29:11.860,buffer_pool_read_ahead_evicted,25,25,0.011746,enabled
1782984551.858,2026-07-02 09:29:11.860,buffer_pool_read_requests,2735002741,2735002741,1284992.769222,enabled
1782984551.858,2026-07-02 09:29:11.860,buffer_pool_size,12884901888,12884901888,0.000000,enabled
1782984551.858,2026-07-02 09:29:11.860,buffer_pool_wait_free,18945,18945,8.900974,enabled
1782984551.858,2026-07-02 09:29:11.860,buffer_pool_write_requests,585658375,585658375,275161.251242,enabled
1782984551.858,2026-07-02 09:29:11.860,dml_deletes,12295869,12295869,5776.995857,enabled
1782984551.858,2026-07-02 09:29:11.860,dml_inserts,112181270,112181270,52706.379087,enabled
1782984551.858,2026-07-02 09:29:11.860,dml_system_deletes,468,468,0.219881,enabled
1782984551.858,2026-07-02 09:29:11.860,dml_system_inserts,1202,1202,0.564738,enabled
1782984551.858,2026-07-02 09:29:11.860,dml_system_reads,7661,7661,3.599385,enabled
1782984551.858,2026-07-02 09:29:11.860,dml_system_updates,620,620,0.291296,enabled
1782984551.858,2026-07-02 09:29:11.860,dml_updates,24591851,24591851,11554.044793,enabled
1782984551.858,2026-07-02 09:29:11.860,file_num_open_files,35,35,0.000000,enabled
1782984551.858,2026-07-02 09:29:11.860,ibuf_merges,0,0,0.000000,enabled
1782984551.858,2026-07-02 09:29:11.860,ibuf_merges_delete,0,0,0.000000,enabled
1782984551.858,2026-07-02 09:29:11.860,ibuf_merges_delete_mark,0,0,0.000000,enabled
1782984551.858,2026-07-02 09:29:11.860,ibuf_merges_discard_delete,0,0,0.000000,enabled
1782984551.858,2026-07-02 09:29:11.860,ibuf_merges_discard_delete_mark,0,0,0.000000,enabled
1782984551.858,2026-07-02 09:29:11.860,ibuf_merges_discard_insert,0,0,0.000000,enabled
1782984551.858,2026-07-02 09:29:11.860,ibuf_merges_insert,0,0,0.000000,enabled
1782984551.858,2026-07-02 09:29:11.860,ibuf_size,1,1,0.000470,enabled
1782984551.858,2026-07-02 09:29:11.860,innodb_activity_count,17035342,17035342,8003.753287,enabled
1782984551.858,2026-07-02 09:29:11.860,innodb_dblwr_pages_written,22626277,22626277,10630.554852,enabled
1782984551.858,2026-07-02 09:29:11.860,innodb_dblwr_writes,458739,458739,215.530381,enabled
1782984551.858,2026-07-02 09:29:11.860,innodb_page_size,16384,16384,0.000000,enabled
1782984551.858,2026-07-02 09:29:11.860,innodb_rwlock_sx_os_waits,0,0,0.000000,enabled
1782984551.858,2026-07-02 09:29:11.860,innodb_rwlock_sx_spin_rounds,0,0,0.000000,enabled
1782984551.858,2026-07-02 09:29:11.860,innodb_rwlock_sx_spin_waits,0,0,0.000000,enabled
1782984551.858,2026-07-02 09:29:11.860,innodb_rwlock_s_os_waits,0,0,0.000000,enabled
1782984551.858,2026-07-02 09:29:11.860,innodb_rwlock_s_spin_rounds,0,0,0.000000,enabled
1782984551.858,2026-07-02 09:29:11.860,innodb_rwlock_s_spin_waits,0,0,0.000000,enabled
1782984551.858,2026-07-02 09:29:11.860,innodb_rwlock_x_os_waits,0,0,0.000000,enabled
1782984551.858,2026-07-02 09:29:11.860,innodb_rwlock_x_spin_rounds,0,0,0.000000,enabled
1782984551.858,2026-07-02 09:29:11.860,innodb_rwlock_x_spin_waits,0,0,0.000000,enabled
1782984551.858,2026-07-02 09:29:11.860,lock_deadlocks,0,0,0.000000,enabled
1782984551.858,2026-07-02 09:29:11.860,lock_deadlock_false_positives,0,0,0.000000,enabled
1782984551.858,2026-07-02 09:29:11.860,lock_deadlock_rounds,2365,2365,1.111154,enabled
1782984551.858,2026-07-02 09:29:11.860,lock_rec_grant_attempts,425,425,0.199679,enabled
1782984551.858,2026-07-02 09:29:11.860,lock_rec_release_attempts,37372025,37372025,17558.586848,enabled
1782984551.858,2026-07-02 09:29:11.860,lock_row_lock_current_waits,0,0,0.000000,enabled
1782984551.858,2026-07-02 09:29:11.860,lock_row_lock_time,323,323,0.151756,enabled
1782984551.858,2026-07-02 09:29:11.860,lock_row_lock_time_avg,0,0,0.000000,enabled
1782984551.858,2026-07-02 09:29:11.860,lock_row_lock_time_max,29,29,0.000000,enabled
1782984551.858,2026-07-02 09:29:11.860,lock_row_lock_waits,425,425,0.199679,enabled
1782984551.858,2026-07-02 09:29:11.860,lock_schedule_refreshes,2365,2365,1.111154,enabled
1782984551.858,2026-07-02 09:29:11.860,lock_threads_waiting,0,0,0.000000,enabled
1782984551.858,2026-07-02 09:29:11.860,lock_timeouts,0,0,0.000000,enabled
1782984551.858,2026-07-02 09:29:11.860,log_waits,0,0,0.000000,enabled
1782984551.858,2026-07-02 09:29:11.860,log_writes,185814621,185814621,87301.708271,enabled
1782984551.858,2026-07-02 09:29:11.860,log_write_requests,393727092,393727092,184985.700089,enabled
1782984551.858,2026-07-02 09:29:11.860,os_data_fsyncs,49394731,49394731,23207.240222,enabled
1782984551.858,2026-07-02 09:29:11.860,os_data_reads,66101827,66101827,31056.773665,enabled
1782984551.858,2026-07-02 09:29:11.860,os_data_writes,209239998,209239998,98307.710230,enabled
1782984551.858,2026-07-02 09:29:11.860,os_log_bytes_written,119584374272,119584374272,56184601.829245,enabled
1782984551.858,2026-07-02 09:29:11.860,os_log_fsyncs,43338773,43338773,20361.955458,enabled
1782984551.858,2026-07-02 09:29:11.860,os_log_pending_fsyncs,1,1,0.000470,enabled
1782984551.858,2026-07-02 09:29:11.860,os_log_pending_writes,0,0,0.000000,enabled
1782984551.858,2026-07-02 09:29:11.860,trx_rseg_history_len,488,488,0.000000,enabled
1782984552.931,2026-07-02 09:29:12.932,adaptive_hash_searches,0,0,0.000000,enabled
1782984552.931,2026-07-02 09:29:12.932,adaptive_hash_searches_btree,568851281,568851281,267130.126456,enabled
1782984552.931,2026-07-02 09:29:12.932,buffer_data_reads,1079039330816,1079039330816,506712314.218873,enabled
1782984552.931,2026-07-02 09:29:12.932,buffer_data_written,526111480320,526111480320,247059729.805237,enabled
1782984552.931,2026-07-02 09:29:12.932,buffer_pages0_read,7,7,0.003287,enabled
1782984552.931,2026-07-02 09:29:12.932,buffer_pages_created,1807941,1807941,849.001469,enabled
1782984552.931,2026-07-02 09:29:12.932,buffer_pages_read,66045329,66045329,31014.607725,enabled
1782984552.931,2026-07-02 09:29:12.932,buffer_pages_written,22701452,22701452,10660.506080,enabled
1782984552.931,2026-07-02 09:29:12.932,buffer_pool_bytes_data,12857753600,12857753600,0.000000,enabled
1782984552.931,2026-07-02 09:29:12.932,buffer_pool_bytes_dirty,4651401216,4651401216,0.000000,enabled
1782984552.931,2026-07-02 09:29:12.932,buffer_pool_pages_data,784775,784775,0.000000,enabled
1782984552.931,2026-07-02 09:29:12.932,buffer_pool_pages_dirty,283899,283899,0.000000,enabled
1782984552.931,2026-07-02 09:29:12.932,buffer_pool_pages_flushed,22644382,22644382,0.000000,enabled
1782984552.931,2026-07-02 09:29:12.932,buffer_pool_pages_free,1559,1559,0.000000,enabled
1782984552.931,2026-07-02 09:29:12.932,buffer_pool_pages_lru_flushed,0,0,0.000000,enabled
1782984552.931,2026-07-02 09:29:12.932,buffer_pool_pages_misc,98,98,0.000000,enabled
1782984552.931,2026-07-02 09:29:12.932,buffer_pool_pages_total,786432,786432,0.000000,enabled
1782984552.931,2026-07-02 09:29:12.932,buffer_pool_reads,65158082,65158082,30597.961456,enabled
1782984552.931,2026-07-02 09:29:12.932,buffer_pool_read_ahead,803715,803715,377.421181,enabled
1782984552.931,2026-07-02 09:29:12.932,buffer_pool_read_ahead_evicted,25,25,0.011740,enabled
1782984552.931,2026-07-02 09:29:12.932,buffer_pool_read_requests,2735852308,2735852308,1284744.736385,enabled
1782984552.931,2026-07-02 09:29:12.932,buffer_pool_size,12884901888,12884901888,0.000000,enabled
1782984552.931,2026-07-02 09:29:12.932,buffer_pool_wait_free,18945,18945,8.896492,enabled
1782984552.931,2026-07-02 09:29:12.932,buffer_pool_write_requests,585774496,585774496,275077.239228,enabled
1782984552.931,2026-07-02 09:29:12.932,dml_deletes,12300816,12300816,5776.410360,enabled
1782984552.931,2026-07-02 09:29:12.932,dml_inserts,112186215,112186215,52682.164769,enabled
1782984552.931,2026-07-02 09:29:12.932,dml_system_deletes,468,468,0.219771,enabled
1782984552.931,2026-07-02 09:29:12.932,dml_system_inserts,1202,1202,0.564454,enabled
1782984552.931,2026-07-02 09:29:12.932,dml_system_reads,7661,7661,3.597573,enabled
1782984552.931,2026-07-02 09:29:12.932,dml_system_updates,620,620,0.291149,enabled
1782984552.931,2026-07-02 09:29:12.932,dml_updates,24601750,24601750,11552.876117,enabled
1782984552.931,2026-07-02 09:29:12.932,file_num_open_files,35,35,0.000000,enabled
1782984552.931,2026-07-02 09:29:12.932,ibuf_merges,0,0,0.000000,enabled
1782984552.931,2026-07-02 09:29:12.932,ibuf_merges_delete,0,0,0.000000,enabled
1782984552.931,2026-07-02 09:29:12.932,ibuf_merges_delete_mark,0,0,0.000000,enabled
1782984552.931,2026-07-02 09:29:12.932,ibuf_merges_discard_delete,0,0,0.000000,enabled
1782984552.931,2026-07-02 09:29:12.932,ibuf_merges_discard_delete_mark,0,0,0.000000,enabled
1782984552.931,2026-07-02 09:29:12.932,ibuf_merges_discard_insert,0,0,0.000000,enabled
1782984552.931,2026-07-02 09:29:12.932,ibuf_merges_insert,0,0,0.000000,enabled
1782984552.931,2026-07-02 09:29:12.932,ibuf_size,1,1,0.000470,enabled
1782984552.931,2026-07-02 09:29:12.932,innodb_activity_count,17041018,17041018,8002.389007,enabled
1782984552.931,2026-07-02 09:29:12.932,innodb_dblwr_pages_written,22642332,22642332,10632.741973,enabled
1782984552.931,2026-07-02 09:29:12.932,innodb_dblwr_writes,459104,459104,215.593269,enabled
1782984552.931,2026-07-02 09:29:12.932,innodb_page_size,16384,16384,0.000000,enabled
1782984552.931,2026-07-02 09:29:12.932,innodb_rwlock_sx_os_waits,0,0,0.000000,enabled
1782984552.931,2026-07-02 09:29:12.932,innodb_rwlock_sx_spin_rounds,0,0,0.000000,enabled
1782984552.931,2026-07-02 09:29:12.932,innodb_rwlock_sx_spin_waits,0,0,0.000000,enabled
1782984552.931,2026-07-02 09:29:12.932,innodb_rwlock_s_os_waits,0,0,0.000000,enabled
1782984552.931,2026-07-02 09:29:12.932,innodb_rwlock_s_spin_rounds,0,0,0.000000,enabled
1782984552.931,2026-07-02 09:29:12.932,innodb_rwlock_s_spin_waits,0,0,0.000000,enabled
1782984552.931,2026-07-02 09:29:12.932,innodb_rwlock_x_os_waits,0,0,0.000000,enabled
1782984552.931,2026-07-02 09:29:12.932,innodb_rwlock_x_spin_rounds,0,0,0.000000,enabled
1782984552.931,2026-07-02 09:29:12.932,innodb_rwlock_x_spin_waits,0,0,0.000000,enabled
1782984552.931,2026-07-02 09:29:12.932,lock_deadlocks,0,0,0.000000,enabled
1782984552.931,2026-07-02 09:29:12.932,lock_deadlock_false_positives,0,0,0.000000,enabled
1782984552.931,2026-07-02 09:29:12.932,lock_deadlock_rounds,2366,2366,1.111064,enabled
1782984552.931,2026-07-02 09:29:12.932,lock_rec_grant_attempts,425,425,0.199578,enabled
1782984552.931,2026-07-02 09:29:12.932,lock_rec_release_attempts,37387090,37387090,17556.820556,enabled
1782984552.931,2026-07-02 09:29:12.932,lock_row_lock_current_waits,0,0,0.000000,enabled
1782984552.931,2026-07-02 09:29:12.932,lock_row_lock_time,323,323,0.151679,enabled
1782984552.931,2026-07-02 09:29:12.932,lock_row_lock_time_avg,0,0,0.000000,enabled
1782984552.931,2026-07-02 09:29:12.932,lock_row_lock_time_max,29,29,0.000000,enabled
1782984552.931,2026-07-02 09:29:12.932,lock_row_lock_waits,425,425,0.199578,enabled
1782984552.931,2026-07-02 09:29:12.932,lock_schedule_refreshes,2366,2366,1.111064,enabled
1782984552.931,2026-07-02 09:29:12.932,lock_threads_waiting,0,0,0.000000,enabled
1782984552.931,2026-07-02 09:29:12.932,lock_timeouts,0,0,0.000000,enabled
1782984552.931,2026-07-02 09:29:12.932,log_waits,0,0,0.000000,enabled
1782984552.931,2026-07-02 09:29:12.932,log_writes,185891471,185891471,87293.841793,enabled
1782984552.931,2026-07-02 09:29:12.932,log_write_requests,393811061,393811061,184931.994429,enabled
1782984552.931,2026-07-02 09:29:12.932,os_data_fsyncs,49428785,49428785,23211.547286,enabled
1782984552.931,2026-07-02 09:29:12.932,os_data_reads,66159624,66159624,31068.278193,enabled
1782984552.931,2026-07-02 09:29:12.932,os_data_writes,209333190,209333190,98301.976095,enabled
1782984552.931,2026-07-02 09:29:12.932,os_log_bytes_written,119624877568,119624877568,56175333.809795,enabled
1782984552.931,2026-07-02 09:29:12.932,os_log_fsyncs,43367652,43367652,20365.264944,enabled
1782984552.931,2026-07-02 09:29:12.932,os_log_pending_fsyncs,1,1,0.000470,enabled
1782984552.931,2026-07-02 09:29:12.932,os_log_pending_writes,1,1,0.000470,enabled
1782984552.931,2026-07-02 09:29:12.932,trx_rseg_history_len,610,610,0.000000,enabled
1782984554.003,2026-07-02 09:29:14.005,adaptive_hash_searches,0,0,0.000000,enabled
1782984554.003,2026-07-02 09:29:14.005,adaptive_hash_searches_btree,569023141,569023141,267076.322559,enabled
1782984554.003,2026-07-02 09:29:14.005,buffer_data_reads,1079989996032,1079989996032,506903459.789513,enabled
1782984554.003,2026-07-02 09:29:14.005,buffer_data_written,526426913280,526426913280,247083421.490439,enabled
1782984554.003,2026-07-02 09:29:14.005,buffer_pages0_read,7,7,0.003286,enabled
1782984554.003,2026-07-02 09:29:14.005,buffer_pages_created,1807981,1807981,848.592891,enabled
1782984554.003,2026-07-02 09:29:14.005,buffer_pages_read,66103503,66103503,31026.300774,enabled
1782984554.003,2026-07-02 09:29:14.005,buffer_pages_written,22717683,22717683,10662.758196,enabled
1782984554.003,2026-07-02 09:29:14.005,buffer_pool_bytes_data,12854968320,12854968320,0.000000,enabled
1782984554.003,2026-07-02 09:29:14.005,buffer_pool_bytes_dirty,4658495488,4658495488,0.000000,enabled
1782984554.003,2026-07-02 09:29:14.005,buffer_pool_pages_data,784605,784605,0.000000,enabled
1782984554.003,2026-07-02 09:29:14.005,buffer_pool_pages_dirty,284332,284332,0.000000,enabled
1782984554.003,2026-07-02 09:29:14.005,buffer_pool_pages_flushed,22660613,22660613,0.000000,enabled
1782984554.003,2026-07-02 09:29:14.005,buffer_pool_pages_free,1730,1730,0.000000,enabled
1782984554.003,2026-07-02 09:29:14.005,buffer_pool_pages_lru_flushed,0,0,0.000000,enabled
1782984554.003,2026-07-02 09:29:14.005,buffer_pool_pages_misc,96,96,0.000000,enabled
1782984554.003,2026-07-02 09:29:14.005,buffer_pool_pages_total,786432,786432,0.000000,enabled
1782984554.003,2026-07-02 09:29:14.005,buffer_pool_reads,65216197,65216197,30609.836528,enabled
1782984554.003,2026-07-02 09:29:14.005,buffer_pool_read_ahead,803715,803715,377.231204,enabled
1782984554.003,2026-07-02 09:29:14.005,buffer_pool_read_ahead_evicted,25,25,0.011734,enabled
1782984554.003,2026-07-02 09:29:14.005,buffer_pool_read_requests,2736704177,2736704177,1284497.883526,enabled
1782984554.003,2026-07-02 09:29:14.005,buffer_pool_size,12884901888,12884901888,0.000000,enabled
1782984554.003,2026-07-02 09:29:14.005,buffer_pool_wait_free,18945,18945,8.892014,enabled
1782984554.003,2026-07-02 09:29:14.005,buffer_pool_write_requests,585890664,585890664,274993.301634,enabled
1782984554.003,2026-07-02 09:29:14.005,dml_deletes,12305778,12305778,5775.831564,enabled
1782984554.003,2026-07-02 09:29:14.005,dml_inserts,112191179,112191179,52657.975273,enabled
1782984554.003,2026-07-02 09:29:14.005,dml_system_deletes,468,468,0.219660,enabled
1782984554.003,2026-07-02 09:29:14.005,dml_system_inserts,1202,1202,0.564170,enabled
1782984554.003,2026-07-02 09:29:14.005,dml_system_reads,7661,7661,3.595762,enabled
1782984554.003,2026-07-02 09:29:14.005,dml_system_updates,620,620,0.291003,enabled
1782984554.003,2026-07-02 09:29:14.005,dml_updates,24611673,24611673,11551.718031,enabled
1782984554.003,2026-07-02 09:29:14.005,file_num_open_files,35,35,0.000000,enabled
1782984554.003,2026-07-02 09:29:14.005,ibuf_merges,0,0,0.000000,enabled
1782984554.003,2026-07-02 09:29:14.005,ibuf_merges_delete,0,0,0.000000,enabled
1782984554.003,2026-07-02 09:29:14.005,ibuf_merges_delete_mark,0,0,0.000000,enabled
1782984554.003,2026-07-02 09:29:14.005,ibuf_merges_discard_delete,0,0,0.000000,enabled
1782984554.003,2026-07-02 09:29:14.005,ibuf_merges_discard_delete_mark,0,0,0.000000,enabled
1782984554.003,2026-07-02 09:29:14.005,ibuf_merges_discard_insert,0,0,0.000000,enabled
1782984554.003,2026-07-02 09:29:14.005,ibuf_merges_insert,0,0,0.000000,enabled
1782984554.003,2026-07-02 09:29:14.005,ibuf_size,1,1,0.000469,enabled
1782984554.003,2026-07-02 09:29:14.005,innodb_activity_count,17046719,17046719,8001.036550,enabled
1782984554.003,2026-07-02 09:29:14.005,innodb_dblwr_pages_written,22658563,22658563,10635.007780,enabled
1782984554.003,2026-07-02 09:29:14.005,innodb_dblwr_writes,459493,459493,215.667323,enabled
1782984554.003,2026-07-02 09:29:14.005,innodb_page_size,16384,16384,0.000000,enabled
1782984554.003,2026-07-02 09:29:14.005,innodb_rwlock_sx_os_waits,0,0,0.000000,enabled
1782984554.003,2026-07-02 09:29:14.005,innodb_rwlock_sx_spin_rounds,0,0,0.000000,enabled
1782984554.003,2026-07-02 09:29:14.005,innodb_rwlock_sx_spin_waits,0,0,0.000000,enabled
1782984554.003,2026-07-02 09:29:14.005,innodb_rwlock_s_os_waits,0,0,0.000000,enabled
1782984554.003,2026-07-02 09:29:14.005,innodb_rwlock_s_spin_rounds,0,0,0.000000,enabled
1782984554.003,2026-07-02 09:29:14.005,innodb_rwlock_s_spin_waits,0,0,0.000000,enabled
1782984554.003,2026-07-02 09:29:14.005,innodb_rwlock_x_os_waits,0,0,0.000000,enabled
1782984554.003,2026-07-02 09:29:14.005,innodb_rwlock_x_spin_rounds,0,0,0.000000,enabled
1782984554.003,2026-07-02 09:29:14.005,innodb_rwlock_x_spin_waits,0,0,0.000000,enabled
1782984554.003,2026-07-02 09:29:14.005,lock_deadlocks,0,0,0.000000,enabled
1782984554.003,2026-07-02 09:29:14.005,lock_deadlock_false_positives,0,0,0.000000,enabled
1782984554.003,2026-07-02 09:29:14.005,lock_deadlock_rounds,2367,2367,1.110974,enabled
1782984554.003,2026-07-02 09:29:14.005,lock_rec_grant_attempts,425,425,0.199478,enabled
1782984554.003,2026-07-02 09:29:14.005,lock_rec_release_attempts,37402168,37402168,17555.060185,enabled
1782984554.003,2026-07-02 09:29:14.005,lock_row_lock_current_waits,0,0,0.000000,enabled
1782984554.003,2026-07-02 09:29:14.005,lock_row_lock_time,323,323,0.151603,enabled
1782984554.003,2026-07-02 09:29:14.005,lock_row_lock_time_avg,0,0,0.000000,enabled
1782984554.003,2026-07-02 09:29:14.005,lock_row_lock_time_max,29,29,0.000000,enabled
1782984554.003,2026-07-02 09:29:14.005,lock_row_lock_waits,425,425,0.199478,enabled
1782984554.003,2026-07-02 09:29:14.005,lock_schedule_refreshes,2367,2367,1.110974,enabled
1782984554.003,2026-07-02 09:29:14.005,lock_threads_waiting,0,0,0.000000,enabled
1782984554.003,2026-07-02 09:29:14.005,lock_timeouts,0,0,0.000000,enabled
1782984554.003,2026-07-02 09:29:14.005,log_waits,0,0,0.000000,enabled
1782984554.003,2026-07-02 09:29:14.005,log_writes,185973582,185973582,87288.440303,enabled
1782984554.003,2026-07-02 09:29:14.005,log_write_requests,393895292,393895292,184878.439957,enabled
1782984554.003,2026-07-02 09:29:14.005,os_data_fsyncs,49464600,49464600,23216.673490,enabled
1782984554.003,2026-07-02 09:29:14.005,os_data_reads,66217632,66217632,31079.866093,enabled
1782984554.003,2026-07-02 09:29:14.005,os_data_writes,209431812,209431812,98298.783417,enabled
1782984554.003,2026-07-02 09:29:14.005,os_log_bytes_written,119667998208,119667998208,56167296.127380,enabled
1782984554.003,2026-07-02 09:29:14.005,os_log_fsyncs,43398237,43398237,20369.369115,enabled
1782984554.003,2026-07-02 09:29:14.005,os_log_pending_fsyncs,1,1,0.000469,enabled
1782984554.003,2026-07-02 09:29:14.005,os_log_pending_writes,0,0,0.000000,enabled
1782984554.003,2026-07-02 09:29:14.005,trx_rseg_history_len,764,764,0.000000,enabled
1782984555.075,2026-07-02 09:29:15.077,adaptive_hash_searches,0,0,0.000000,enabled
1782984555.075,2026-07-02 09:29:15.077,adaptive_hash_searches_btree,569194133,569194133,267022.218698,enabled
1782984555.075,2026-07-02 09:29:15.077,buffer_data_reads,1080938236416,1080938236416,507093365.834280,enabled
1782984555.075,2026-07-02 09:29:15.077,buffer_data_written,526742647296,526742647296,247107274.645704,enabled
1782984555.075,2026-07-02 09:29:15.077,buffer_pages0_read,7,7,0.003284,enabled
1782984555.075,2026-07-02 09:29:15.077,buffer_pages_created,1808017,1808017,848.182999,enabled
1782984555.075,2026-07-02 09:29:15.077,buffer_pages_read,66161557,66161557,31037.931285,enabled
1782984555.075,2026-07-02 09:29:15.077,buffer_pages_written,22734023,22734023,10665.061079,enabled
1782984555.075,2026-07-02 09:29:15.077,buffer_pool_bytes_data,12854444032,12854444032,0.000000,enabled
1782984555.075,2026-07-02 09:29:15.077,buffer_pool_bytes_dirty,4663017472,4663017472,0.000000,enabled
1782984555.075,2026-07-02 09:29:15.077,buffer_pool_pages_data,784572,784572,0.000000,enabled
1782984555.075,2026-07-02 09:29:15.077,buffer_pool_pages_dirty,284608,284608,0.000000,enabled
1782984555.075,2026-07-02 09:29:15.077,buffer_pool_pages_flushed,22676953,22676953,0.000000,enabled
1782984555.075,2026-07-02 09:29:15.077,buffer_pool_pages_free,1763,1763,0.000000,enabled
1782984555.075,2026-07-02 09:29:15.077,buffer_pool_pages_lru_flushed,0,0,0.000000,enabled
1782984555.075,2026-07-02 09:29:15.077,buffer_pool_pages_misc,97,97,0.000000,enabled
1782984555.075,2026-07-02 09:29:15.077,buffer_pool_pages_total,786432,786432,0.000000,enabled
1782984555.075,2026-07-02 09:29:15.077,buffer_pool_reads,65274201,65274201,30621.653089,enabled
1782984555.075,2026-07-02 09:29:15.077,buffer_pool_read_ahead,803715,803715,377.041484,enabled
1782984555.075,2026-07-02 09:29:15.077,buffer_pool_read_ahead_evicted,25,25,0.011728,enabled
1782984555.075,2026-07-02 09:29:15.077,buffer_pool_read_requests,2737551549,2737551549,1284249.398659,enabled
1782984555.075,2026-07-02 09:29:15.077,buffer_pool_size,12884901888,12884901888,0.000000,enabled
1782984555.075,2026-07-02 09:29:15.077,buffer_pool_wait_free,18945,18945,8.887542,enabled
1782984555.075,2026-07-02 09:29:15.077,buffer_pool_write_requests,586006670,586006670,274909.421593,enabled
1782984555.075,2026-07-02 09:29:15.077,dml_deletes,12310709,12310709,5775.240001,enabled
1782984555.075,2026-07-02 09:29:15.077,dml_inserts,112196111,112196111,52633.805983,enabled
1782984555.075,2026-07-02 09:29:15.077,dml_system_deletes,468,468,0.219550,enabled
1782984555.075,2026-07-02 09:29:15.077,dml_system_inserts,1202,1202,0.563886,enabled
1782984555.075,2026-07-02 09:29:15.077,dml_system_reads,7661,7661,3.593953,enabled
1782984555.075,2026-07-02 09:29:15.077,dml_system_updates,620,620,0.290856,enabled
1782984555.075,2026-07-02 09:29:15.077,dml_updates,24621533,24621533,11550.533941,enabled
1782984555.075,2026-07-02 09:29:15.077,file_num_open_files,35,35,0.000000,enabled
1782984555.075,2026-07-02 09:29:15.077,ibuf_merges,0,0,0.000000,enabled
1782984555.075,2026-07-02 09:29:15.077,ibuf_merges_delete,0,0,0.000000,enabled
1782984555.075,2026-07-02 09:29:15.077,ibuf_merges_delete_mark,0,0,0.000000,enabled
1782984555.075,2026-07-02 09:29:15.077,ibuf_merges_discard_delete,0,0,0.000000,enabled
1782984555.075,2026-07-02 09:29:15.077,ibuf_merges_discard_delete_mark,0,0,0.000000,enabled
1782984555.075,2026-07-02 09:29:15.077,ibuf_merges_discard_insert,0,0,0.000000,enabled
1782984555.075,2026-07-02 09:29:15.077,ibuf_merges_insert,0,0,0.000000,enabled
1782984555.075,2026-07-02 09:29:15.077,ibuf_size,1,1,0.000469,enabled
1782984555.075,2026-07-02 09:29:15.077,innodb_activity_count,17052385,17052385,7999.670676,enabled
1782984555.075,2026-07-02 09:29:15.077,innodb_dblwr_pages_written,22674903,22674903,10637.324642,enabled
1782984555.075,2026-07-02 09:29:15.077,innodb_dblwr_writes,459845,459845,215.723990,enabled
1782984555.075,2026-07-02 09:29:15.077,innodb_page_size,16384,16384,0.000000,enabled
1782984555.075,2026-07-02 09:29:15.077,innodb_rwlock_sx_os_waits,0,0,0.000000,enabled
1782984555.075,2026-07-02 09:29:15.077,innodb_rwlock_sx_spin_rounds,0,0,0.000000,enabled
1782984555.075,2026-07-02 09:29:15.077,innodb_rwlock_sx_spin_waits,0,0,0.000000,enabled
1782984555.075,2026-07-02 09:29:15.077,innodb_rwlock_s_os_waits,0,0,0.000000,enabled
1782984555.075,2026-07-02 09:29:15.077,innodb_rwlock_s_spin_rounds,0,0,0.000000,enabled
1782984555.075,2026-07-02 09:29:15.077,innodb_rwlock_s_spin_waits,0,0,0.000000,enabled
1782984555.075,2026-07-02 09:29:15.077,innodb_rwlock_x_os_waits,0,0,0.000000,enabled
1782984555.075,2026-07-02 09:29:15.077,innodb_rwlock_x_spin_rounds,0,0,0.000000,enabled
1782984555.075,2026-07-02 09:29:15.077,innodb_rwlock_x_spin_waits,0,0,0.000000,enabled
1782984555.075,2026-07-02 09:29:15.077,lock_deadlocks,0,0,0.000000,enabled
1782984555.075,2026-07-02 09:29:15.077,lock_deadlock_false_positives,0,0,0.000000,enabled
1782984555.075,2026-07-02 09:29:15.077,lock_deadlock_rounds,2368,2368,1.110884,enabled
1782984555.075,2026-07-02 09:29:15.077,lock_rec_grant_attempts,425,425,0.199377,enabled
1782984555.075,2026-07-02 09:29:15.077,lock_rec_release_attempts,37417153,37417153,17553.261101,enabled
1782984555.075,2026-07-02 09:29:15.077,lock_row_lock_current_waits,0,0,0.000000,enabled
1782984555.075,2026-07-02 09:29:15.077,lock_row_lock_time,323,323,0.151527,enabled
1782984555.075,2026-07-02 09:29:15.077,lock_row_lock_time_avg,0,0,0.000000,enabled
1782984555.075,2026-07-02 09:29:15.077,lock_row_lock_time_max,29,29,0.000000,enabled
1782984555.075,2026-07-02 09:29:15.077,lock_row_lock_waits,425,425,0.199377,enabled
1782984555.075,2026-07-02 09:29:15.077,lock_schedule_refreshes,2368,2368,1.110884,enabled
1782984555.075,2026-07-02 09:29:15.077,lock_threads_waiting,0,0,0.000000,enabled
1782984555.075,2026-07-02 09:29:15.077,lock_timeouts,0,0,0.000000,enabled
1782984555.075,2026-07-02 09:29:15.077,log_waits,0,0,0.000000,enabled
1782984555.075,2026-07-02 09:29:15.077,log_writes,186052954,186052954,87281.775254,enabled
1782984555.075,2026-07-02 09:29:15.077,log_write_requests,393979157,393979157,184824.801377,enabled
1782984555.075,2026-07-02 09:29:15.077,os_data_fsyncs,49499217,49499217,23221.236784,enabled
1782984555.075,2026-07-02 09:29:15.077,os_data_reads,66275504,66275504,31091.384208,enabled
1782984555.075,2026-07-02 09:29:15.077,os_data_writes,209527796,209527796,98294.374385,enabled
1782984555.075,2026-07-02 09:29:15.077,os_log_bytes_written,119709762048,119709762048,56158640.337876,enabled
1782984555.075,2026-07-02 09:29:15.077,os_log_fsyncs,43427991,43427991,20373.083056,enabled
1782984555.075,2026-07-02 09:29:15.077,os_log_pending_fsyncs,1,1,0.000469,enabled
1782984555.075,2026-07-02 09:29:15.077,os_log_pending_writes,0,0,0.000000,enabled
1782984555.075,2026-07-02 09:29:15.077,trx_rseg_history_len,786,786,0.000000,enabled
1782984556.147,2026-07-02 09:29:16.149,adaptive_hash_searches,0,0,0.000000,enabled
1782984556.147,2026-07-02 09:29:16.149,adaptive_hash_searches_btree,569365016,569365016,266968.171997,enabled
1782984556.147,2026-07-02 09:29:16.149,buffer_data_reads,1081886575104,1081886575104,507283226.067945,enabled
1782984556.147,2026-07-02 09:29:16.149,buffer_data_written,527057608704,527057608704,247130789.834151,enabled
1782984556.147,2026-07-02 09:29:16.149,buffer_pages0_read,7,7,0.003282,enabled
1782984556.147,2026-07-02 09:29:16.149,buffer_pages_created,1808071,1808071,847.782124,enabled
1782984556.147,2026-07-02 09:29:16.149,buffer_pages_read,66219595,66219595,31049.548656,enabled
1782984556.147,2026-07-02 09:29:16.149,buffer_pages_written,22750284,22750284,10667.326681,enabled
1782984556.147,2026-07-02 09:29:16.149,buffer_pool_bytes_data,12853051392,12853051392,0.000000,enabled
1782984556.147,2026-07-02 09:29:16.149,buffer_pool_bytes_dirty,4669751296,4669751296,0.000000,enabled
1782984556.147,2026-07-02 09:29:16.149,buffer_pool_pages_data,784488,784488,0.000000,enabled
1782984556.147,2026-07-02 09:29:16.149,buffer_pool_pages_dirty,285019,285019,0.000000,enabled
1782984556.147,2026-07-02 09:29:16.149,buffer_pool_pages_flushed,22693214,22693214,0.000000,enabled
1782984556.147,2026-07-02 09:29:16.149,buffer_pool_pages_free,1848,1848,0.000000,enabled
1782984556.147,2026-07-02 09:29:16.149,buffer_pool_pages_lru_flushed,0,0,0.000000,enabled
1782984556.147,2026-07-02 09:29:16.149,buffer_pool_pages_misc,96,96,0.000000,enabled
1782984556.147,2026-07-02 09:29:16.149,buffer_pool_pages_total,786432,786432,0.000000,enabled
1782984556.147,2026-07-02 09:29:16.149,buffer_pool_reads,65332165,65332165,30633.444811,enabled
1782984556.147,2026-07-02 09:29:16.149,buffer_pool_read_ahead,803715,803715,376.852027,enabled
1782984556.147,2026-07-02 09:29:16.149,buffer_pool_read_ahead_evicted,25,25,0.011722,enabled
1782984556.147,2026-07-02 09:29:16.149,buffer_pool_read_requests,2738398956,2738398956,1284001.423477,enabled
1782984556.147,2026-07-02 09:29:16.149,buffer_pool_size,12884901888,12884901888,0.000000,enabled
1782984556.147,2026-07-02 09:29:16.149,buffer_pool_wait_free,18945,18945,8.883076,enabled
1782984556.147,2026-07-02 09:29:16.149,buffer_pool_write_requests,586122555,586122555,274825.621213,enabled
1782984556.147,2026-07-02 09:29:16.149,dml_deletes,12315649,12315649,5774.654411,enabled
1782984556.147,2026-07-02 09:29:16.149,dml_inserts,112201050,112201050,52609.674816,enabled
1782984556.147,2026-07-02 09:29:16.149,dml_system_deletes,468,468,0.219439,enabled
1782984556.147,2026-07-02 09:29:16.149,dml_system_inserts,1202,1202,0.563603,enabled
1782984556.147,2026-07-02 09:29:16.149,dml_system_reads,7661,7661,3.592147,enabled
1782984556.147,2026-07-02 09:29:16.149,dml_system_updates,620,620,0.290710,enabled
1782984556.147,2026-07-02 09:29:16.149,dml_updates,24631412,24631412,11549.362264,enabled
1782984556.147,2026-07-02 09:29:16.149,file_num_open_files,35,35,0.000000,enabled
1782984556.147,2026-07-02 09:29:16.149,ibuf_merges,0,0,0.000000,enabled
1782984556.147,2026-07-02 09:29:16.149,ibuf_merges_delete,0,0,0.000000,enabled
1782984556.147,2026-07-02 09:29:16.149,ibuf_merges_delete_mark,0,0,0.000000,enabled
1782984556.147,2026-07-02 09:29:16.149,ibuf_merges_discard_delete,0,0,0.000000,enabled
1782984556.147,2026-07-02 09:29:16.149,ibuf_merges_discard_delete_mark,0,0,0.000000,enabled
1782984556.147,2026-07-02 09:29:16.149,ibuf_merges_discard_insert,0,0,0.000000,enabled
1782984556.147,2026-07-02 09:29:16.149,ibuf_merges_insert,0,0,0.000000,enabled
1782984556.147,2026-07-02 09:29:16.149,ibuf_size,1,1,0.000469,enabled
1782984556.147,2026-07-02 09:29:16.149,innodb_activity_count,17058059,17058059,7998.311527,enabled
1782984556.147,2026-07-02 09:29:16.149,innodb_dblwr_pages_written,22691164,22691164,10639.604266,enabled
1782984556.147,2026-07-02 09:29:16.149,innodb_dblwr_writes,460209,460209,215.786270,enabled
1782984556.147,2026-07-02 09:29:16.149,innodb_page_size,16384,16384,0.000000,enabled
1782984556.147,2026-07-02 09:29:16.149,innodb_rwlock_sx_os_waits,0,0,0.000000,enabled
1782984556.147,2026-07-02 09:29:16.149,innodb_rwlock_sx_spin_rounds,0,0,0.000000,enabled
1782984556.147,2026-07-02 09:29:16.149,innodb_rwlock_sx_spin_waits,0,0,0.000000,enabled
1782984556.147,2026-07-02 09:29:16.149,innodb_rwlock_s_os_waits,0,0,0.000000,enabled
1782984556.147,2026-07-02 09:29:16.149,innodb_rwlock_s_spin_rounds,0,0,0.000000,enabled
1782984556.147,2026-07-02 09:29:16.149,innodb_rwlock_s_spin_waits,0,0,0.000000,enabled
1782984556.147,2026-07-02 09:29:16.149,innodb_rwlock_x_os_waits,0,0,0.000000,enabled
1782984556.147,2026-07-02 09:29:16.149,innodb_rwlock_x_spin_rounds,0,0,0.000000,enabled
1782984556.147,2026-07-02 09:29:16.149,innodb_rwlock_x_spin_waits,0,0,0.000000,enabled
1782984556.147,2026-07-02 09:29:16.149,lock_deadlocks,0,0,0.000000,enabled
1782984556.147,2026-07-02 09:29:16.149,lock_deadlock_false_positives,0,0,0.000000,enabled
1782984556.147,2026-07-02 09:29:16.149,lock_deadlock_rounds,2370,2370,1.111264,enabled
1782984556.147,2026-07-02 09:29:16.149,lock_rec_grant_attempts,425,425,0.199277,enabled
1782984556.147,2026-07-02 09:29:16.149,lock_rec_release_attempts,37432199,37432199,17551.495763,enabled
1782984556.147,2026-07-02 09:29:16.149,lock_row_lock_current_waits,0,0,0.000000,enabled
1782984556.147,2026-07-02 09:29:16.149,lock_row_lock_time,323,323,0.151451,enabled
1782984556.147,2026-07-02 09:29:16.149,lock_row_lock_time_avg,0,0,0.000000,enabled
1782984556.147,2026-07-02 09:29:16.149,lock_row_lock_time_max,29,29,0.000000,enabled
1782984556.147,2026-07-02 09:29:16.149,lock_row_lock_waits,425,425,0.199277,enabled
1782984556.147,2026-07-02 09:29:16.149,lock_schedule_refreshes,2370,2370,1.111264,enabled
1782984556.147,2026-07-02 09:29:16.149,lock_threads_waiting,0,0,0.000000,enabled
1782984556.147,2026-07-02 09:29:16.149,lock_timeouts,0,0,0.000000,enabled
1782984556.147,2026-07-02 09:29:16.149,log_waits,0,0,0.000000,enabled
1782984556.147,2026-07-02 09:29:16.149,log_writes,186133447,186133447,87275.660547,enabled
1782984556.147,2026-07-02 09:29:16.149,log_write_requests,394062947,394062947,184771.219688,enabled
1782984556.147,2026-07-02 09:29:16.149,os_data_fsyncs,49534156,49534156,23225.951067,enabled
1782984556.147,2026-07-02 09:29:16.149,os_data_reads,66333384,66333384,31102.900660,enabled
1782984556.147,2026-07-02 09:29:16.149,os_data_writes,209624804,209624804,98290.469386,enabled
1782984556.147,2026-07-02 09:29:16.149,os_log_bytes_written,119752136704,119752136704,56150290.747435,enabled
1782984556.147,2026-07-02 09:29:16.149,os_log_fsyncs,43457981,43457981,20376.907950,enabled
1782984556.147,2026-07-02 09:29:16.149,os_log_pending_fsyncs,0,0,0.000000,enabled
1782984556.147,2026-07-02 09:29:16.149,os_log_pending_writes,0,0,0.000000,enabled
1782984556.147,2026-07-02 09:29:16.149,trx_rseg_history_len,868,868,0.000000,enabled
1782984557.219,2026-07-02 09:29:17.220,adaptive_hash_searches,0,0,0.000000,enabled
1782984557.219,2026-07-02 09:29:17.220,adaptive_hash_searches_btree,569536618,569536618,266914.397279,enabled
1782984557.219,2026-07-02 09:29:17.220,buffer_data_reads,1082833504768,1082833504768,507471998.501659,enabled
1782984557.219,2026-07-02 09:29:17.220,buffer_data_written,527371928576,527371928576,247153865.427422,enabled
1782984557.219,2026-07-02 09:29:17.220,buffer_pages0_read,7,7,0.003281,enabled
1782984557.219,2026-07-02 09:29:17.220,buffer_pages_created,1808124,1808124,847.380787,enabled
1782984557.219,2026-07-02 09:29:17.220,buffer_pages_read,66277564,66277564,31061.107520,enabled
1782984557.219,2026-07-02 09:29:17.220,buffer_pages_written,22766489,22766489,10669.558781,enabled
1782984557.219,2026-07-02 09:29:17.220,buffer_pool_bytes_data,12851560448,12851560448,0.000000,enabled
1782984557.219,2026-07-02 09:29:17.220,buffer_pool_bytes_dirty,4678221824,4678221824,0.000000,enabled
1782984557.219,2026-07-02 09:29:17.220,buffer_pool_pages_data,784397,784397,0.000000,enabled
1782984557.219,2026-07-02 09:29:17.220,buffer_pool_pages_dirty,285536,285536,0.000000,enabled
1782984557.219,2026-07-02 09:29:17.220,buffer_pool_pages_flushed,22709419,22709419,0.000000,enabled
1782984557.219,2026-07-02 09:29:17.220,buffer_pool_pages_free,1939,1939,0.000000,enabled
1782984557.219,2026-07-02 09:29:17.220,buffer_pool_pages_lru_flushed,0,0,0.000000,enabled
1782984557.219,2026-07-02 09:29:17.220,buffer_pool_pages_misc,96,96,0.000000,enabled
1782984557.219,2026-07-02 09:29:17.220,buffer_pool_pages_total,786432,786432,0.000000,enabled
1782984557.219,2026-07-02 09:29:17.220,buffer_pool_reads,65390072,65390072,30645.183921,enabled
1782984557.219,2026-07-02 09:29:17.220,buffer_pool_read_ahead,803715,803715,376.662586,enabled
1782984557.219,2026-07-02 09:29:17.220,buffer_pool_read_ahead_evicted,25,25,0.011716,enabled
1782984557.219,2026-07-02 09:29:17.220,buffer_pool_read_requests,2739249559,2739249559,1283754.599452,enabled
1782984557.219,2026-07-02 09:29:17.220,buffer_pool_size,12884901888,12884901888,0.000000,enabled
1782984557.219,2026-07-02 09:29:17.220,buffer_pool_wait_free,18945,18945,8.878611,enabled
1782984557.219,2026-07-02 09:29:17.220,buffer_pool_write_requests,586239196,586239196,274742.131874,enabled
1782984557.219,2026-07-02 09:29:17.220,dml_deletes,12320597,12320597,5774.070583,enabled
1782984557.219,2026-07-02 09:29:17.220,dml_inserts,112205998,112205998,52585.548641,enabled
1782984557.219,2026-07-02 09:29:17.220,dml_system_deletes,468,468,0.219329,enabled
1782984557.219,2026-07-02 09:29:17.220,dml_system_inserts,1202,1202,0.563320,enabled
1782984557.219,2026-07-02 09:29:17.220,dml_system_reads,7661,7661,3.590342,enabled
1782984557.219,2026-07-02 09:29:17.220,dml_system_updates,620,620,0.290564,enabled
1782984557.219,2026-07-02 09:29:17.220,dml_updates,24641310,24641310,11548.195519,enabled
1782984557.219,2026-07-02 09:29:17.220,file_num_open_files,35,35,0.000000,enabled
1782984557.219,2026-07-02 09:29:17.220,ibuf_merges,0,0,0.000000,enabled
1782984557.219,2026-07-02 09:29:17.220,ibuf_merges_delete,0,0,0.000000,enabled
1782984557.219,2026-07-02 09:29:17.220,ibuf_merges_delete_mark,0,0,0.000000,enabled
1782984557.219,2026-07-02 09:29:17.220,ibuf_merges_discard_delete,0,0,0.000000,enabled
1782984557.219,2026-07-02 09:29:17.220,ibuf_merges_discard_delete_mark,0,0,0.000000,enabled
1782984557.219,2026-07-02 09:29:17.220,ibuf_merges_discard_insert,0,0,0.000000,enabled
1782984557.219,2026-07-02 09:29:17.220,ibuf_merges_insert,0,0,0.000000,enabled
1782984557.219,2026-07-02 09:29:17.220,ibuf_size,1,1,0.000469,enabled
1782984557.219,2026-07-02 09:29:17.220,innodb_activity_count,17063741,17063741,7996.953918,enabled
1782984557.219,2026-07-02 09:29:17.220,innodb_dblwr_pages_written,22707369,22707369,10641.850596,enabled
1782984557.219,2026-07-02 09:29:17.220,innodb_dblwr_writes,460564,460564,215.844173,enabled
1782984557.219,2026-07-02 09:29:17.220,innodb_page_size,16384,16384,0.000000,enabled
1782984557.219,2026-07-02 09:29:17.220,innodb_rwlock_sx_os_waits,0,0,0.000000,enabled
1782984557.219,2026-07-02 09:29:17.220,innodb_rwlock_sx_spin_rounds,0,0,0.000000,enabled
1782984557.219,2026-07-02 09:29:17.220,innodb_rwlock_sx_spin_waits,0,0,0.000000,enabled
1782984557.219,2026-07-02 09:29:17.220,innodb_rwlock_s_os_waits,0,0,0.000000,enabled
1782984557.219,2026-07-02 09:29:17.220,innodb_rwlock_s_spin_rounds,0,0,0.000000,enabled
1782984557.219,2026-07-02 09:29:17.220,innodb_rwlock_s_spin_waits,0,0,0.000000,enabled
1782984557.219,2026-07-02 09:29:17.220,innodb_rwlock_x_os_waits,0,0,0.000000,enabled
1782984557.219,2026-07-02 09:29:17.220,innodb_rwlock_x_spin_rounds,0,0,0.000000,enabled
1782984557.219,2026-07-02 09:29:17.220,innodb_rwlock_x_spin_waits,0,0,0.000000,enabled
1782984557.219,2026-07-02 09:29:17.220,lock_deadlocks,0,0,0.000000,enabled
1782984557.219,2026-07-02 09:29:17.220,lock_deadlock_false_positives,0,0,0.000000,enabled
1782984557.219,2026-07-02 09:29:17.220,lock_deadlock_rounds,2371,2371,1.111174,enabled
1782984557.219,2026-07-02 09:29:17.220,lock_rec_grant_attempts,425,425,0.199177,enabled
1782984557.219,2026-07-02 09:29:17.220,lock_rec_release_attempts,37447227,37447227,17549.715707,enabled
1782984557.219,2026-07-02 09:29:17.220,lock_row_lock_current_waits,0,0,0.000000,enabled
1782984557.219,2026-07-02 09:29:17.220,lock_row_lock_time,323,323,0.151375,enabled
1782984557.219,2026-07-02 09:29:17.220,lock_row_lock_time_avg,0,0,0.000000,enabled
1782984557.219,2026-07-02 09:29:17.220,lock_row_lock_time_max,29,29,0.000000,enabled
1782984557.219,2026-07-02 09:29:17.220,lock_row_lock_waits,425,425,0.199177,enabled
1782984557.219,2026-07-02 09:29:17.220,lock_schedule_refreshes,2371,2371,1.111174,enabled
1782984557.219,2026-07-02 09:29:17.220,lock_threads_waiting,0,0,0.000000,enabled
1782984557.219,2026-07-02 09:29:17.220,lock_timeouts,0,0,0.000000,enabled
1782984557.219,2026-07-02 09:29:17.220,log_waits,0,0,0.000000,enabled
1782984557.219,2026-07-02 09:29:17.220,log_writes,186214649,186214649,87269.844849,enabled
1782984557.219,2026-07-02 09:29:17.220,log_write_requests,394146940,394146940,184717.703527,enabled
1782984557.219,2026-07-02 09:29:17.220,os_data_fsyncs,49569471,49569471,23230.826315,enabled
1782984557.219,2026-07-02 09:29:17.220,os_data_reads,66391175,66391175,31114.349745,enabled
1782984557.219,2026-07-02 09:29:17.220,os_data_writes,209722480,209722480,98286.836883,enabled
1782984557.219,2026-07-02 09:29:17.220,os_log_bytes_written,119794895872,119794895872,56142104.362530,enabled
1782984557.219,2026-07-02 09:29:17.220,os_log_fsyncs,43488449,43488449,20380.943800,enabled
1782984557.219,2026-07-02 09:29:17.220,os_log_pending_fsyncs,0,0,0.000000,enabled
1782984557.219,2026-07-02 09:29:17.220,os_log_pending_writes,0,0,0.000000,enabled
1782984557.219,2026-07-02 09:29:17.220,trx_rseg_history_len,972,972,0.000000,enabled
1782984558.292,2026-07-02 09:29:18.293,adaptive_hash_searches,0,0,0.000000,enabled
1782984558.292,2026-07-02 09:29:18.293,adaptive_hash_searches_btree,569708190,569708190,266861.226726,enabled
1782984558.292,2026-07-02 09:29:18.293,buffer_data_reads,1083781859840,1083781859840,507662336.035248,enabled
1782984558.292,2026-07-02 09:29:18.293,buffer_data_written,527680810496,527680810496,247174899.872003,enabled
1782984558.292,2026-07-02 09:29:18.293,buffer_pages0_read,7,7,0.003279,enabled
1782984558.292,2026-07-02 09:29:18.293,buffer_pages_created,1808167,1808167,846.976984,enabled
1782984558.292,2026-07-02 09:29:18.293,buffer_pages_read,66335610,66335610,31072.757393,enabled
1782984558.292,2026-07-02 09:29:18.293,buffer_pages_written,22782399,22782399,10671.673321,enabled
1782984558.292,2026-07-02 09:29:18.293,buffer_pool_bytes_data,12856033280,12856033280,0.000000,enabled
1782984558.292,2026-07-02 09:29:18.293,buffer_pool_bytes_dirty,4688379904,4688379904,0.000000,enabled
1782984558.292,2026-07-02 09:29:18.293,buffer_pool_pages_data,784670,784670,0.000000,enabled
1782984558.292,2026-07-02 09:29:18.293,buffer_pool_pages_dirty,286156,286156,0.000000,enabled
1782984558.292,2026-07-02 09:29:18.293,buffer_pool_pages_flushed,22725329,22725329,0.000000,enabled
1782984558.292,2026-07-02 09:29:18.293,buffer_pool_pages_free,1666,1666,0.000000,enabled
1782984558.292,2026-07-02 09:29:18.293,buffer_pool_pages_lru_flushed,0,0,0.000000,enabled
1782984558.292,2026-07-02 09:29:18.293,buffer_pool_pages_misc,96,96,0.000000,enabled
1782984558.292,2026-07-02 09:29:18.293,buffer_pool_pages_total,786432,786432,0.000000,enabled
1782984558.292,2026-07-02 09:29:18.293,buffer_pool_reads,65448067,65448067,30657.017837,enabled
1782984558.292,2026-07-02 09:29:18.293,buffer_pool_read_ahead,803715,803715,376.474141,enabled
1782984558.292,2026-07-02 09:29:18.293,buffer_pool_read_ahead_evicted,25,25,0.011710,enabled
1782984558.292,2026-07-02 09:29:18.293,buffer_pool_read_requests,2740100010,2740100010,1283510.702270,enabled
1782984558.292,2026-07-02 09:29:18.293,buffer_pool_size,12884901888,12884901888,0.000000,enabled
1782984558.292,2026-07-02 09:29:18.293,buffer_pool_wait_free,18945,18945,8.874169,enabled
1782984558.292,2026-07-02 09:29:18.293,buffer_pool_write_requests,586355132,586355132,274658.984612,enabled
1782984558.292,2026-07-02 09:29:18.293,dml_deletes,12325547,12325547,5773.500473,enabled
1782984558.292,2026-07-02 09:29:18.293,dml_inserts,112210949,112210949,52561.559151,enabled
1782984558.292,2026-07-02 09:29:18.293,dml_system_deletes,468,468,0.219219,enabled
1782984558.292,2026-07-02 09:29:18.293,dml_system_inserts,1202,1202,0.563038,enabled
1782984558.292,2026-07-02 09:29:18.293,dml_system_reads,7661,7661,3.588546,enabled
1782984558.292,2026-07-02 09:29:18.293,dml_system_updates,620,620,0.290419,enabled
1782984558.292,2026-07-02 09:29:18.293,dml_updates,24651209,24651209,11547.054805,enabled
1782984558.292,2026-07-02 09:29:18.293,file_num_open_files,35,35,0.000000,enabled
1782984558.292,2026-07-02 09:29:18.293,ibuf_merges,0,0,0.000000,enabled
1782984558.292,2026-07-02 09:29:18.293,ibuf_merges_delete,0,0,0.000000,enabled
1782984558.292,2026-07-02 09:29:18.293,ibuf_merges_delete_mark,0,0,0.000000,enabled
1782984558.292,2026-07-02 09:29:18.293,ibuf_merges_discard_delete,0,0,0.000000,enabled
1782984558.292,2026-07-02 09:29:18.293,ibuf_merges_discard_delete_mark,0,0,0.000000,enabled
1782984558.292,2026-07-02 09:29:18.293,ibuf_merges_discard_insert,0,0,0.000000,enabled
1782984558.292,2026-07-02 09:29:18.293,ibuf_merges_insert,0,0,0.000000,enabled
1782984558.292,2026-07-02 09:29:18.293,ibuf_size,1,1,0.000468,enabled
1782984558.292,2026-07-02 09:29:18.293,innodb_activity_count,17069428,17069428,7995.616918,enabled
1782984558.292,2026-07-02 09:29:18.293,innodb_dblwr_pages_written,22723279,22723279,10643.978984,enabled
1782984558.292,2026-07-02 09:29:18.293,innodb_dblwr_writes,460907,460907,215.896853,enabled
1782984558.292,2026-07-02 09:29:18.293,innodb_page_size,16384,16384,0.000000,enabled
1782984558.292,2026-07-02 09:29:18.293,innodb_rwlock_sx_os_waits,0,0,0.000000,enabled
1782984558.292,2026-07-02 09:29:18.293,innodb_rwlock_sx_spin_rounds,0,0,0.000000,enabled
1782984558.292,2026-07-02 09:29:18.293,innodb_rwlock_sx_spin_waits,0,0,0.000000,enabled
1782984558.292,2026-07-02 09:29:18.293,innodb_rwlock_s_os_waits,0,0,0.000000,enabled
1782984558.292,2026-07-02 09:29:18.293,innodb_rwlock_s_spin_rounds,0,0,0.000000,enabled
1782984558.292,2026-07-02 09:29:18.293,innodb_rwlock_s_spin_waits,0,0,0.000000,enabled
1782984558.292,2026-07-02 09:29:18.293,innodb_rwlock_x_os_waits,0,0,0.000000,enabled
1782984558.292,2026-07-02 09:29:18.293,innodb_rwlock_x_spin_rounds,0,0,0.000000,enabled
1782984558.292,2026-07-02 09:29:18.293,innodb_rwlock_x_spin_waits,0,0,0.000000,enabled
1782984558.292,2026-07-02 09:29:18.293,lock_deadlocks,0,0,0.000000,enabled
1782984558.292,2026-07-02 09:29:18.293,lock_deadlock_false_positives,0,0,0.000000,enabled
1782984558.292,2026-07-02 09:29:18.293,lock_deadlock_rounds,2372,2372,1.111086,enabled
1782984558.292,2026-07-02 09:29:18.293,lock_rec_grant_attempts,425,425,0.199077,enabled
1782984558.292,2026-07-02 09:29:18.293,lock_rec_release_attempts,37462294,37462294,17547.993113,enabled
1782984558.292,2026-07-02 09:29:18.293,lock_row_lock_current_waits,0,0,0.000000,enabled
1782984558.292,2026-07-02 09:29:18.293,lock_row_lock_time,323,323,0.151299,enabled
1782984558.292,2026-07-02 09:29:18.293,lock_row_lock_time_avg,0,0,0.000000,enabled
1782984558.292,2026-07-02 09:29:18.293,lock_row_lock_time_max,29,29,0.000000,enabled
1782984558.292,2026-07-02 09:29:18.293,lock_row_lock_waits,425,425,0.199077,enabled
1782984558.292,2026-07-02 09:29:18.293,lock_schedule_refreshes,2372,2372,1.111086,enabled
1782984558.292,2026-07-02 09:29:18.293,lock_threads_waiting,0,0,0.000000,enabled
1782984558.292,2026-07-02 09:29:18.293,lock_timeouts,0,0,0.000000,enabled
1782984558.292,2026-07-02 09:29:18.293,log_waits,0,0,0.000000,enabled
1782984558.292,2026-07-02 09:29:18.293,log_writes,186295375,186295375,87263.997052,enabled
1782984558.292,2026-07-02 09:29:18.293,log_write_requests,394231098,394231098,184664.709981,enabled
1782984558.292,2026-07-02 09:29:18.293,os_data_fsyncs,49604758,49604758,23235.732950,enabled
1782984558.292,2026-07-02 09:29:18.293,os_data_reads,66449051,66449051,31125.893322,enabled
1782984558.292,2026-07-02 09:29:18.293,os_data_writes,209819352,209819352,98283.040385,enabled
1782984558.292,2026-07-02 09:29:18.293,os_log_bytes_written,119837172736,119837172736,56133819.622131,enabled
1782984558.292,2026-07-02 09:29:18.293,os_log_fsyncs,43518817,43518817,20384.972089,enabled
1782984558.292,2026-07-02 09:29:18.293,os_log_pending_fsyncs,1,1,0.000468,enabled
1782984558.292,2026-07-02 09:29:18.293,os_log_pending_writes,0,0,0.000000,enabled
1782984558.292,2026-07-02 09:29:18.293,trx_rseg_history_len,1085,1085,0.000000,enabled
1782984559.360,2026-07-02 09:29:19.361,adaptive_hash_searches,0,0,0.000000,enabled
1782984559.360,2026-07-02 09:29:19.361,adaptive_hash_searches_btree,569878295,569878295,266807.009827,enabled
1782984559.360,2026-07-02 09:29:19.361,buffer_data_reads,1084719909376,1084719909376,507846869.858637,enabled
1782984559.360,2026-07-02 09:29:19.361,buffer_data_written,528010005504,528010005504,247205039.806087,enabled
1782984559.360,2026-07-02 09:29:19.361,buffer_pages0_read,7,7,0.003277,enabled
1782984559.360,2026-07-02 09:29:19.361,buffer_pages_created,1808210,1808210,846.572270,enabled
1782984559.360,2026-07-02 09:29:19.361,buffer_pages_read,66393024,66393024,31084.051461,enabled
1782984559.360,2026-07-02 09:29:19.361,buffer_pages_written,22799523,22799523,10674.337542,enabled
1782984559.360,2026-07-02 09:29:19.361,buffer_pool_bytes_data,12849610752,12849610752,0.000000,enabled
1782984559.360,2026-07-02 09:29:19.361,buffer_pool_bytes_dirty,4676419584,4676419584,0.000000,enabled
1782984559.360,2026-07-02 09:29:19.361,buffer_pool_pages_data,784278,784278,0.000000,enabled
1782984559.360,2026-07-02 09:29:19.361,buffer_pool_pages_dirty,285426,285426,0.000000,enabled
1782984559.360,2026-07-02 09:29:19.361,buffer_pool_pages_flushed,22741436,22741436,0.000000,enabled
1782984559.360,2026-07-02 09:29:19.361,buffer_pool_pages_free,2058,2058,0.000000,enabled
1782984559.360,2026-07-02 09:29:19.361,buffer_pool_pages_lru_flushed,0,0,0.000000,enabled
1782984559.360,2026-07-02 09:29:19.361,buffer_pool_pages_misc,96,96,0.000000,enabled
1782984559.360,2026-07-02 09:29:19.361,buffer_pool_pages_total,786432,786432,0.000000,enabled
1782984559.360,2026-07-02 09:29:19.361,buffer_pool_reads,65505429,65505429,30668.496062,enabled
1782984559.360,2026-07-02 09:29:19.361,buffer_pool_read_ahead,803715,803715,376.285301,enabled
1782984559.360,2026-07-02 09:29:19.361,buffer_pool_read_ahead_evicted,25,25,0.011705,enabled
1782984559.360,2026-07-02 09:29:19.361,buffer_pool_read_requests,2740942680,2740942680,1283261.412522,enabled
1782984559.360,2026-07-02 09:29:19.361,buffer_pool_size,12884901888,12884901888,0.000000,enabled
1782984559.360,2026-07-02 09:29:19.361,buffer_pool_wait_free,18945,18945,8.869718,enabled
1782984559.360,2026-07-02 09:29:19.361,buffer_pool_write_requests,586469855,586469855,274574.926111,enabled
1782984559.360,2026-07-02 09:29:19.361,dml_deletes,12330464,12330464,5772.906537,enabled
1782984559.360,2026-07-02 09:29:19.361,dml_inserts,112215866,112215866,52537.496334,enabled
1782984559.360,2026-07-02 09:29:19.361,dml_system_deletes,468,468,0.219109,enabled
1782984559.360,2026-07-02 09:29:19.361,dml_system_inserts,1202,1202,0.562755,enabled
1782984559.360,2026-07-02 09:29:19.361,dml_system_reads,7661,7661,3.586746,enabled
1782984559.360,2026-07-02 09:29:19.361,dml_system_updates,620,620,0.290273,enabled
1782984559.360,2026-07-02 09:29:19.361,dml_updates,24661048,24661048,11545.869244,enabled
1782984559.360,2026-07-02 09:29:19.361,file_num_open_files,35,35,0.000000,enabled
1782984559.360,2026-07-02 09:29:19.361,ibuf_merges,0,0,0.000000,enabled
1782984559.360,2026-07-02 09:29:19.361,ibuf_merges_delete,0,0,0.000000,enabled
1782984559.360,2026-07-02 09:29:19.361,ibuf_merges_delete_mark,0,0,0.000000,enabled
1782984559.360,2026-07-02 09:29:19.361,ibuf_merges_discard_delete,0,0,0.000000,enabled
1782984559.360,2026-07-02 09:29:19.361,ibuf_merges_discard_delete_mark,0,0,0.000000,enabled
1782984559.360,2026-07-02 09:29:19.361,ibuf_merges_discard_insert,0,0,0.000000,enabled
1782984559.360,2026-07-02 09:29:19.361,ibuf_merges_insert,0,0,0.000000,enabled
1782984559.360,2026-07-02 09:29:19.361,ibuf_size,1,1,0.000468,enabled
1782984559.360,2026-07-02 09:29:19.361,innodb_activity_count,17075079,17075079,7994.252027,enabled
1782984559.360,2026-07-02 09:29:19.361,innodb_dblwr_pages_written,22739770,22739770,10646.360770,enabled
1782984559.360,2026-07-02 09:29:19.361,innodb_dblwr_writes,461297,461297,215.971150,enabled
1782984559.360,2026-07-02 09:29:19.361,innodb_page_size,16384,16384,0.000000,enabled
1782984559.360,2026-07-02 09:29:19.361,innodb_rwlock_sx_os_waits,0,0,0.000000,enabled
1782984559.360,2026-07-02 09:29:19.361,innodb_rwlock_sx_spin_rounds,0,0,0.000000,enabled
1782984559.360,2026-07-02 09:29:19.361,innodb_rwlock_sx_spin_waits,0,0,0.000000,enabled
1782984559.360,2026-07-02 09:29:19.361,innodb_rwlock_s_os_waits,0,0,0.000000,enabled
1782984559.360,2026-07-02 09:29:19.361,innodb_rwlock_s_spin_rounds,0,0,0.000000,enabled
1782984559.360,2026-07-02 09:29:19.361,innodb_rwlock_s_spin_waits,0,0,0.000000,enabled
1782984559.360,2026-07-02 09:29:19.361,innodb_rwlock_x_os_waits,0,0,0.000000,enabled
1782984559.360,2026-07-02 09:29:19.361,innodb_rwlock_x_spin_rounds,0,0,0.000000,enabled
1782984559.360,2026-07-02 09:29:19.361,innodb_rwlock_x_spin_waits,0,0,0.000000,enabled
1782984559.360,2026-07-02 09:29:19.361,lock_deadlocks,0,0,0.000000,enabled
1782984559.360,2026-07-02 09:29:19.361,lock_deadlock_false_positives,0,0,0.000000,enabled
1782984559.360,2026-07-02 09:29:19.361,lock_deadlock_rounds,2373,2373,1.110997,enabled
1782984559.360,2026-07-02 09:29:19.361,lock_rec_grant_attempts,425,425,0.198978,enabled
1782984559.360,2026-07-02 09:29:19.361,lock_rec_release_attempts,37477267,37477267,17546.201079,enabled
1782984559.360,2026-07-02 09:29:19.361,lock_row_lock_current_waits,0,0,0.000000,enabled
1782984559.360,2026-07-02 09:29:19.361,lock_row_lock_time,323,323,0.151223,enabled
1782984559.360,2026-07-02 09:29:19.361,lock_row_lock_time_avg,0,0,0.000000,enabled
1782984559.360,2026-07-02 09:29:19.361,lock_row_lock_time_max,29,29,0.000000,enabled
1782984559.360,2026-07-02 09:29:19.361,lock_row_lock_waits,425,425,0.198978,enabled
1782984559.360,2026-07-02 09:29:19.361,lock_schedule_refreshes,2373,2373,1.110997,enabled
1782984559.360,2026-07-02 09:29:19.361,lock_threads_waiting,0,0,0.000000,enabled
1782984559.360,2026-07-02 09:29:19.361,lock_timeouts,0,0,0.000000,enabled
1782984559.360,2026-07-02 09:29:19.361,log_waits,0,0,0.000000,enabled
1782984559.360,2026-07-02 09:29:19.361,log_writes,186375430,186375430,87257.705853,enabled
1782984559.360,2026-07-02 09:29:19.361,log_write_requests,394314544,394314544,184611.150279,enabled
1782984559.360,2026-07-02 09:29:19.361,os_data_fsyncs,49639655,49639655,23240.416043,enabled
1782984559.360,2026-07-02 09:29:19.361,os_data_reads,66506312,66506312,31137.089141,enabled
1782984559.360,2026-07-02 09:29:19.361,os_data_writes,209916817,209916817,98279.372927,enabled
1782984559.360,2026-07-02 09:29:19.361,os_log_bytes_written,119879017984,119879017984,56125254.067491,enabled
1782984559.360,2026-07-02 09:29:19.361,os_log_fsyncs,43548492,43548492,20388.640291,enabled
1782984559.360,2026-07-02 09:29:19.361,os_log_pending_fsyncs,1,1,0.000468,enabled
1782984559.360,2026-07-02 09:29:19.361,os_log_pending_writes,0,0,0.000000,enabled
1782984559.360,2026-07-02 09:29:19.361,trx_rseg_history_len,1172,1172,0.000000,enabled
1782984560.431,2026-07-02 09:29:20.432,adaptive_hash_searches,0,0,0.000000,enabled
1782984560.431,2026-07-02 09:29:20.432,adaptive_hash_searches_btree,570045696,570045696,266751.616541,enabled
1782984560.431,2026-07-02 09:29:20.432,buffer_data_reads,1085649242624,1085649242624,508027221.000718,enabled
1782984560.431,2026-07-02 09:29:20.432,buffer_data_written,528358588416,528358588416,247244261.391024,enabled
1782984560.431,2026-07-02 09:29:20.432,buffer_pages0_read,7,7,0.003276,enabled
1782984560.431,2026-07-02 09:29:20.432,buffer_pages_created,1808241,1808241,846.162483,enabled
1782984560.431,2026-07-02 09:29:20.432,buffer_pages_read,66449901,66449901,31095.087878,enabled
1782984560.431,2026-07-02 09:29:20.432,buffer_pages_written,22818003,22818003,10677.635340,enabled
1782984560.431,2026-07-02 09:29:20.432,buffer_pool_bytes_data,12850298880,12850298880,0.000000,enabled
1782984560.431,2026-07-02 09:29:20.432,buffer_pool_bytes_dirty,4637786112,4637786112,0.000000,enabled
1782984560.431,2026-07-02 09:29:20.432,buffer_pool_pages_data,784320,784320,0.000000,enabled
1782984560.431,2026-07-02 09:29:20.432,buffer_pool_pages_dirty,283068,283068,0.000000,enabled
1782984560.431,2026-07-02 09:29:20.432,buffer_pool_pages_flushed,22760933,22760933,0.000000,enabled
1782984560.431,2026-07-02 09:29:20.432,buffer_pool_pages_free,2011,2011,0.000000,enabled
1782984560.431,2026-07-02 09:29:20.432,buffer_pool_pages_lru_flushed,0,0,0.000000,enabled
1782984560.431,2026-07-02 09:29:20.432,buffer_pool_pages_misc,96,96,0.000000,enabled
1782984560.431,2026-07-02 09:29:20.432,buffer_pool_pages_total,786432,786432,0.000000,enabled
1782984560.431,2026-07-02 09:29:20.432,buffer_pool_reads,65562249,65562249,30679.714241,enabled
1782984560.431,2026-07-02 09:29:20.432,buffer_pool_read_ahead,803715,803715,376.096712,enabled
1782984560.431,2026-07-02 09:29:20.432,buffer_pool_read_ahead_evicted,25,25,0.011699,enabled
1782984560.431,2026-07-02 09:29:20.432,buffer_pool_read_requests,2741772100,2741772100,1283006.384829,enabled
1782984560.431,2026-07-02 09:29:20.432,buffer_pool_size,12884901888,12884901888,0.000000,enabled
1782984560.431,2026-07-02 09:29:20.432,buffer_pool_wait_free,18945,18945,8.865272,enabled
1782984560.431,2026-07-02 09:29:20.432,buffer_pool_write_requests,586583218,586583218,274490.360889,enabled
1782984560.431,2026-07-02 09:29:20.432,dml_deletes,12335290,12335290,5772.271365,enabled
1782984560.431,2026-07-02 09:29:20.432,dml_inserts,112220692,112220692,52513.421863,enabled
1782984560.431,2026-07-02 09:29:20.432,dml_system_deletes,468,468,0.219000,enabled
1782984560.431,2026-07-02 09:29:20.432,dml_system_inserts,1202,1202,0.562473,enabled
1782984560.431,2026-07-02 09:29:20.432,dml_system_reads,7661,7661,3.584948,enabled
1782984560.431,2026-07-02 09:29:20.432,dml_system_updates,620,620,0.290128,enabled
1782984560.431,2026-07-02 09:29:20.432,dml_updates,24670702,24670702,11544.599806,enabled
1782984560.431,2026-07-02 09:29:20.432,file_num_open_files,35,35,0.000000,enabled
1782984560.431,2026-07-02 09:29:20.432,ibuf_merges,0,0,0.000000,enabled
1782984560.431,2026-07-02 09:29:20.432,ibuf_merges_delete,0,0,0.000000,enabled
1782984560.431,2026-07-02 09:29:20.432,ibuf_merges_delete_mark,0,0,0.000000,enabled
1782984560.431,2026-07-02 09:29:20.432,ibuf_merges_discard_delete,0,0,0.000000,enabled
1782984560.431,2026-07-02 09:29:20.432,ibuf_merges_discard_delete_mark,0,0,0.000000,enabled
1782984560.431,2026-07-02 09:29:20.432,ibuf_merges_discard_insert,0,0,0.000000,enabled
1782984560.431,2026-07-02 09:29:20.432,ibuf_merges_insert,0,0,0.000000,enabled
1782984560.431,2026-07-02 09:29:20.432,ibuf_size,1,1,0.000468,enabled
1782984560.431,2026-07-02 09:29:20.432,innodb_activity_count,17080617,17080617,7992.836658,enabled
1782984560.431,2026-07-02 09:29:20.432,innodb_dblwr_pages_written,22758883,22758883,10649.968501,enabled
1782984560.431,2026-07-02 09:29:20.432,innodb_dblwr_writes,461705,461705,216.053824,enabled
1782984560.431,2026-07-02 09:29:20.432,innodb_page_size,16384,16384,0.000000,enabled
1782984560.431,2026-07-02 09:29:20.432,innodb_rwlock_sx_os_waits,0,0,0.000000,enabled
1782984560.431,2026-07-02 09:29:20.432,innodb_rwlock_sx_spin_rounds,0,0,0.000000,enabled
1782984560.431,2026-07-02 09:29:20.432,innodb_rwlock_sx_spin_waits,0,0,0.000000,enabled
1782984560.431,2026-07-02 09:29:20.432,innodb_rwlock_s_os_waits,0,0,0.000000,enabled
1782984560.431,2026-07-02 09:29:20.432,innodb_rwlock_s_spin_rounds,0,0,0.000000,enabled
1782984560.431,2026-07-02 09:29:20.432,innodb_rwlock_s_spin_waits,0,0,0.000000,enabled
1782984560.431,2026-07-02 09:29:20.432,innodb_rwlock_x_os_waits,0,0,0.000000,enabled
1782984560.431,2026-07-02 09:29:20.432,innodb_rwlock_x_spin_rounds,0,0,0.000000,enabled
1782984560.431,2026-07-02 09:29:20.432,innodb_rwlock_x_spin_waits,0,0,0.000000,enabled
1782984560.431,2026-07-02 09:29:20.432,lock_deadlocks,0,0,0.000000,enabled
1782984560.431,2026-07-02 09:29:20.432,lock_deadlock_false_positives,0,0,0.000000,enabled
1782984560.431,2026-07-02 09:29:20.432,lock_deadlock_rounds,2374,2374,1.110908,enabled
1782984560.431,2026-07-02 09:29:20.432,lock_rec_grant_attempts,425,425,0.198878,enabled
1782984560.431,2026-07-02 09:29:20.432,lock_rec_release_attempts,37491936,37491936,17544.271531,enabled
1782984560.431,2026-07-02 09:29:20.432,lock_row_lock_current_waits,0,0,0.000000,enabled
1782984560.431,2026-07-02 09:29:20.432,lock_row_lock_time,323,323,0.151147,enabled
1782984560.431,2026-07-02 09:29:20.432,lock_row_lock_time_avg,0,0,0.000000,enabled
1782984560.431,2026-07-02 09:29:20.432,lock_row_lock_time_max,29,29,0.000000,enabled
1782984560.431,2026-07-02 09:29:20.432,lock_row_lock_waits,425,425,0.198878,enabled
1782984560.431,2026-07-02 09:29:20.432,lock_schedule_refreshes,2374,2374,1.110908,enabled
1782984560.431,2026-07-02 09:29:20.432,lock_threads_waiting,0,0,0.000000,enabled
1782984560.431,2026-07-02 09:29:20.432,lock_timeouts,0,0,0.000000,enabled
1782984560.431,2026-07-02 09:29:20.432,log_waits,0,0,0.000000,enabled
1782984560.431,2026-07-02 09:29:20.432,log_writes,186452943,186452943,87250.243508,enabled
1782984560.431,2026-07-02 09:29:20.432,log_write_requests,394396588,394396588,184557.013758,enabled
1782984560.431,2026-07-02 09:29:20.432,os_data_fsyncs,49673627,49673627,23244.664990,enabled
1782984560.431,2026-07-02 09:29:20.432,os_data_reads,66563014,66563014,31148.016709,enabled
1782984560.431,2026-07-02 09:29:20.432,os_data_writes,210013096,210013096,98275.168511,enabled
1782984560.431,2026-07-02 09:29:20.432,os_log_bytes_written,119919603712,119919603712,56116115.872434,enabled
1782984560.431,2026-07-02 09:29:20.432,os_log_fsyncs,43577117,43577117,20391.816427,enabled
1782984560.431,2026-07-02 09:29:20.432,os_log_pending_fsyncs,1,1,0.000468,enabled
1782984560.431,2026-07-02 09:29:20.432,os_log_pending_writes,0,0,0.000000,enabled
1782984560.431,2026-07-02 09:29:20.432,trx_rseg_history_len,1203,1203,0.000000,enabled
1782984561.502,2026-07-02 09:29:21.504,adaptive_hash_searches,0,0,0.000000,enabled
1782984561.502,2026-07-02 09:29:21.504,adaptive_hash_searches_btree,570216118,570216118,266697.869853,enabled
1782984561.502,2026-07-02 09:29:21.504,buffer_data_reads,1086593305088,1086593305088,508214595.653832,enabled
1782984561.502,2026-07-02 09:29:21.504,buffer_data_written,528666981376,528666981376,247264799.693719,enabled
1782984561.502,2026-07-02 09:29:21.504,buffer_pages0_read,7,7,0.003274,enabled
1782984561.502,2026-07-02 09:29:21.504,buffer_pages_created,1808275,1808275,845.755033,enabled
1782984561.502,2026-07-02 09:29:21.504,buffer_pages_read,66507695,66507695,31106.561421,enabled
1782984561.502,2026-07-02 09:29:21.504,buffer_pages_written,22833994,22833994,10679.772312,enabled
1782984561.502,2026-07-02 09:29:21.504,buffer_pool_bytes_data,12854247424,12854247424,0.000000,enabled
1782984561.502,2026-07-02 09:29:21.504,buffer_pool_bytes_dirty,4644503552,4644503552,0.000000,enabled
1782984561.502,2026-07-02 09:29:21.504,buffer_pool_pages_data,784561,784561,0.000000,enabled
1782984561.502,2026-07-02 09:29:21.504,buffer_pool_pages_dirty,283478,283478,0.000000,enabled
1782984561.502,2026-07-02 09:29:21.504,buffer_pool_pages_flushed,22776924,22776924,0.000000,enabled
1782984561.502,2026-07-02 09:29:21.504,buffer_pool_pages_free,1775,1775,0.000000,enabled
1782984561.502,2026-07-02 09:29:21.504,buffer_pool_pages_lru_flushed,0,0,0.000000,enabled
1782984561.502,2026-07-02 09:29:21.504,buffer_pool_pages_misc,97,97,0.000000,enabled
1782984561.502,2026-07-02 09:29:21.504,buffer_pool_pages_total,786432,786432,0.000000,enabled
1782984561.502,2026-07-02 09:29:21.504,buffer_pool_reads,65619984,65619984,30691.368040,enabled
1782984561.502,2026-07-02 09:29:21.504,buffer_pool_read_ahead,803715,803715,375.908543,enabled
1782984561.502,2026-07-02 09:29:21.504,buffer_pool_read_ahead_evicted,25,25,0.011693,enabled
1782984561.502,2026-07-02 09:29:21.504,buffer_pool_read_requests,2742619914,2742619914,1282761.006416,enabled
1782984561.502,2026-07-02 09:29:21.504,buffer_pool_size,12884901888,12884901888,0.000000,enabled
1782984561.502,2026-07-02 09:29:21.504,buffer_pool_wait_free,18945,18945,8.860837,enabled
1782984561.502,2026-07-02 09:29:21.504,buffer_pool_write_requests,586701248,586701248,274408.232379,enabled
1782984561.502,2026-07-02 09:29:21.504,dml_deletes,12340209,12340209,5771.684212,enabled
1782984561.502,2026-07-02 09:29:21.504,dml_inserts,112225610,112225610,52489.449904,enabled
1782984561.502,2026-07-02 09:29:21.504,dml_system_deletes,468,468,0.218890,enabled
1782984561.502,2026-07-02 09:29:21.504,dml_system_inserts,1202,1202,0.562192,enabled
1782984561.502,2026-07-02 09:29:21.504,dml_system_reads,7661,7661,3.583154,enabled
1782984561.502,2026-07-02 09:29:21.504,dml_system_updates,620,620,0.289982,enabled
1782984561.502,2026-07-02 09:29:21.504,dml_updates,24680533,24680533,11543.422201,enabled
1782984561.502,2026-07-02 09:29:21.504,file_num_open_files,35,35,0.000000,enabled
1782984561.502,2026-07-02 09:29:21.504,ibuf_merges,0,0,0.000000,enabled
1782984561.502,2026-07-02 09:29:21.504,ibuf_merges_delete,0,0,0.000000,enabled
1782984561.502,2026-07-02 09:29:21.504,ibuf_merges_delete_mark,0,0,0.000000,enabled
1782984561.502,2026-07-02 09:29:21.504,ibuf_merges_discard_delete,0,0,0.000000,enabled
1782984561.502,2026-07-02 09:29:21.504,ibuf_merges_discard_delete_mark,0,0,0.000000,enabled
1782984561.502,2026-07-02 09:29:21.504,ibuf_merges_discard_insert,0,0,0.000000,enabled
1782984561.502,2026-07-02 09:29:21.504,ibuf_merges_insert,0,0,0.000000,enabled
1782984561.502,2026-07-02 09:29:21.504,ibuf_size,1,1,0.000468,enabled
1782984561.502,2026-07-02 09:29:21.504,innodb_activity_count,17086276,17086276,7991.484662,enabled
1782984561.502,2026-07-02 09:29:21.504,innodb_dblwr_pages_written,22774874,22774874,10652.119582,enabled
1782984561.502,2026-07-02 09:29:21.504,innodb_dblwr_writes,462062,462062,216.112707,enabled
1782984561.502,2026-07-02 09:29:21.504,innodb_page_size,16384,16384,0.000000,enabled
1782984561.502,2026-07-02 09:29:21.504,innodb_rwlock_sx_os_waits,0,0,0.000000,enabled
1782984561.502,2026-07-02 09:29:21.504,innodb_rwlock_sx_spin_rounds,0,0,0.000000,enabled
1782984561.502,2026-07-02 09:29:21.504,innodb_rwlock_sx_spin_waits,0,0,0.000000,enabled
1782984561.502,2026-07-02 09:29:21.504,innodb_rwlock_s_os_waits,0,0,0.000000,enabled
1782984561.502,2026-07-02 09:29:21.504,innodb_rwlock_s_spin_rounds,0,0,0.000000,enabled
1782984561.502,2026-07-02 09:29:21.504,innodb_rwlock_s_spin_waits,0,0,0.000000,enabled
1782984561.502,2026-07-02 09:29:21.504,innodb_rwlock_x_os_waits,0,0,0.000000,enabled
1782984561.502,2026-07-02 09:29:21.504,innodb_rwlock_x_spin_rounds,0,0,0.000000,enabled
1782984561.502,2026-07-02 09:29:21.504,innodb_rwlock_x_spin_waits,0,0,0.000000,enabled
1782984561.502,2026-07-02 09:29:21.504,lock_deadlocks,0,0,0.000000,enabled
1782984561.502,2026-07-02 09:29:21.504,lock_deadlock_false_positives,0,0,0.000000,enabled
1782984561.502,2026-07-02 09:29:21.504,lock_deadlock_rounds,2375,2375,1.110820,enabled
1782984561.502,2026-07-02 09:29:21.504,lock_rec_grant_attempts,425,425,0.198778,enabled
1782984561.502,2026-07-02 09:29:21.504,lock_rec_release_attempts,37506909,37506909,17542.496862,enabled
1782984561.502,2026-07-02 09:29:21.504,lock_row_lock_current_waits,0,0,0.000000,enabled
1782984561.502,2026-07-02 09:29:21.504,lock_row_lock_time,323,323,0.151072,enabled
1782984561.502,2026-07-02 09:29:21.504,lock_row_lock_time_avg,0,0,0.000000,enabled
1782984561.502,2026-07-02 09:29:21.504,lock_row_lock_time_max,29,29,0.000000,enabled
1782984561.502,2026-07-02 09:29:21.504,lock_row_lock_waits,425,425,0.198778,enabled
1782984561.502,2026-07-02 09:29:21.504,lock_schedule_refreshes,2375,2375,1.110820,enabled
1782984561.502,2026-07-02 09:29:21.504,lock_threads_waiting,0,0,0.000000,enabled
1782984561.502,2026-07-02 09:29:21.504,lock_timeouts,0,0,0.000000,enabled
1782984561.502,2026-07-02 09:29:21.504,log_waits,0,0,0.000000,enabled
1782984561.502,2026-07-02 09:29:21.504,log_writes,186529392,186529392,87242.348011,enabled
1782984561.502,2026-07-02 09:29:21.504,log_write_requests,394481289,394481289,184504.294762,enabled
1782984561.502,2026-07-02 09:29:21.504,os_data_fsyncs,49706667,49706667,23248.488719,enabled
1782984561.502,2026-07-02 09:29:21.504,os_data_reads,66620630,66620630,31159.380833,enabled
1782984561.502,2026-07-02 09:29:21.504,os_data_writes,210105823,210105823,98269.370158,enabled
1782984561.502,2026-07-02 09:29:21.504,os_log_bytes_written,119959830528,119959830528,56106855.079258,enabled
1782984561.502,2026-07-02 09:29:21.504,os_log_fsyncs,43605369,43605369,20394.828058,enabled
1782984561.502,2026-07-02 09:29:21.504,os_log_pending_fsyncs,0,0,0.000000,enabled
1782984561.502,2026-07-02 09:29:21.504,os_log_pending_writes,0,0,0.000000,enabled
1782984561.502,2026-07-02 09:29:21.504,trx_rseg_history_len,114,114,0.000000,enabled
1782984562.572,2026-07-02 09:29:22.573,adaptive_hash_searches,0,0,0.000000,enabled
1782984562.572,2026-07-02 09:29:22.573,adaptive_hash_searches_btree,570383748,570383748,266642.811809,enabled
1782984562.572,2026-07-02 09:29:22.573,buffer_data_reads,1087520573952,1087520573952,508393841.694923,enabled
1782984562.572,2026-07-02 09:29:22.573,buffer_data_written,528975068672,528975068672,247285130.541996,enabled
1782984562.572,2026-07-02 09:29:22.573,buffer_pages0_read,7,7,0.003272,enabled
1782984562.572,2026-07-02 09:29:22.573,buffer_pages_created,1808328,1808328,845.356722,enabled
1782984562.572,2026-07-02 09:29:22.573,buffer_pages_read,66564459,66564459,31117.536452,enabled
1782984562.572,2026-07-02 09:29:22.573,buffer_pages_written,22849903,22849903,10681.866912,enabled
1782984562.572,2026-07-02 09:29:22.573,buffer_pool_bytes_data,12849872896,12849872896,0.000000,enabled
1782984562.572,2026-07-02 09:29:22.573,buffer_pool_bytes_dirty,4649271296,4649271296,0.000000,enabled
1782984562.572,2026-07-02 09:29:22.573,buffer_pool_pages_data,784294,784294,0.000000,enabled
1782984562.572,2026-07-02 09:29:22.573,buffer_pool_pages_dirty,283768,283768,0.000000,enabled
1782984562.572,2026-07-02 09:29:22.573,buffer_pool_pages_flushed,22792813,22792813,0.000000,enabled
1782984562.572,2026-07-02 09:29:22.573,buffer_pool_pages_free,2040,2040,0.000000,enabled
1782984562.572,2026-07-02 09:29:22.573,buffer_pool_pages_lru_flushed,0,0,0.000000,enabled
1782984562.572,2026-07-02 09:29:22.573,buffer_pool_pages_misc,96,96,0.000000,enabled
1782984562.572,2026-07-02 09:29:22.573,buffer_pool_pages_total,786432,786432,0.000000,enabled
1782984562.572,2026-07-02 09:29:22.573,buffer_pool_reads,65676702,65676702,30702.529250,enabled
1782984562.572,2026-07-02 09:29:22.573,buffer_pool_read_ahead,803715,803715,375.720496,enabled
1782984562.572,2026-07-02 09:29:22.573,buffer_pool_read_ahead_evicted,25,25,0.011687,enabled
1782984562.572,2026-07-02 09:29:22.573,buffer_pool_read_requests,2743450736,2743450736,1282507.699377,enabled
1782984562.572,2026-07-02 09:29:22.573,buffer_pool_size,12884901888,12884901888,0.000000,enabled
1782984562.572,2026-07-02 09:29:22.573,buffer_pool_wait_free,18945,18945,8.856404,enabled
1782984562.572,2026-07-02 09:29:22.573,buffer_pool_write_requests,586815094,586815094,274324.180661,enabled
1782984562.572,2026-07-02 09:29:22.573,dml_deletes,12345052,12345052,5771.060734,enabled
1782984562.572,2026-07-02 09:29:22.573,dml_inserts,112230454,112230454,52465.454741,enabled
1782984562.572,2026-07-02 09:29:22.573,dml_system_deletes,468,468,0.218780,enabled
1782984562.572,2026-07-02 09:29:22.573,dml_system_inserts,1202,1202,0.561911,enabled
1782984562.572,2026-07-02 09:29:22.573,dml_system_reads,7661,7661,3.581362,enabled
1782984562.572,2026-07-02 09:29:22.573,dml_system_updates,620,620,0.289837,enabled
1782984562.572,2026-07-02 09:29:22.573,dml_updates,24690218,24690218,11542.174748,enabled
1782984562.572,2026-07-02 09:29:22.573,file_num_open_files,35,35,0.000000,enabled
1782984562.572,2026-07-02 09:29:22.573,ibuf_merges,0,0,0.000000,enabled
1782984562.572,2026-07-02 09:29:22.573,ibuf_merges_delete,0,0,0.000000,enabled
1782984562.572,2026-07-02 09:29:22.573,ibuf_merges_delete_mark,0,0,0.000000,enabled
1782984562.572,2026-07-02 09:29:22.573,ibuf_merges_discard_delete,0,0,0.000000,enabled
1782984562.572,2026-07-02 09:29:22.573,ibuf_merges_discard_delete_mark,0,0,0.000000,enabled
1782984562.572,2026-07-02 09:29:22.573,ibuf_merges_discard_insert,0,0,0.000000,enabled
1782984562.572,2026-07-02 09:29:22.573,ibuf_merges_insert,0,0,0.000000,enabled
1782984562.572,2026-07-02 09:29:22.573,ibuf_size,1,1,0.000467,enabled
1782984562.572,2026-07-02 09:29:22.573,innodb_activity_count,17091839,17091839,7990.087293,enabled
1782984562.572,2026-07-02 09:29:22.573,innodb_dblwr_pages_written,22790805,22790805,10654.237952,enabled
1782984562.572,2026-07-02 09:29:22.573,innodb_dblwr_writes,462394,462394,216.159794,enabled
1782984562.572,2026-07-02 09:29:22.573,innodb_page_size,16384,16384,0.000000,enabled
1782984562.572,2026-07-02 09:29:22.573,innodb_rwlock_sx_os_waits,0,0,0.000000,enabled
1782984562.572,2026-07-02 09:29:22.573,innodb_rwlock_sx_spin_rounds,0,0,0.000000,enabled
1782984562.572,2026-07-02 09:29:22.573,innodb_rwlock_sx_spin_waits,0,0,0.000000,enabled
1782984562.572,2026-07-02 09:29:22.573,innodb_rwlock_s_os_waits,0,0,0.000000,enabled
1782984562.572,2026-07-02 09:29:22.573,innodb_rwlock_s_spin_rounds,0,0,0.000000,enabled
1782984562.572,2026-07-02 09:29:22.573,innodb_rwlock_s_spin_waits,0,0,0.000000,enabled
1782984562.572,2026-07-02 09:29:22.573,innodb_rwlock_x_os_waits,0,0,0.000000,enabled
1782984562.572,2026-07-02 09:29:22.573,innodb_rwlock_x_spin_rounds,0,0,0.000000,enabled
1782984562.572,2026-07-02 09:29:22.573,innodb_rwlock_x_spin_waits,0,0,0.000000,enabled
1782984562.572,2026-07-02 09:29:22.573,lock_deadlocks,0,0,0.000000,enabled
1782984562.572,2026-07-02 09:29:22.573,lock_deadlock_false_positives,0,0,0.000000,enabled
1782984562.572,2026-07-02 09:29:22.573,lock_deadlock_rounds,2376,2376,1.110732,enabled
1782984562.572,2026-07-02 09:29:22.573,lock_rec_grant_attempts,425,425,0.198679,enabled
1782984562.572,2026-07-02 09:29:22.573,lock_rec_release_attempts,37521618,37521618,17540.597420,enabled
1782984562.572,2026-07-02 09:29:22.573,lock_row_lock_current_waits,0,0,0.000000,enabled
1782984562.572,2026-07-02 09:29:22.573,lock_row_lock_time,323,323,0.150996,enabled
1782984562.572,2026-07-02 09:29:22.573,lock_row_lock_time_avg,0,0,0.000000,enabled
1782984562.572,2026-07-02 09:29:22.573,lock_row_lock_time_max,29,29,0.000000,enabled
1782984562.572,2026-07-02 09:29:22.573,lock_row_lock_waits,425,425,0.198679,enabled
1782984562.572,2026-07-02 09:29:22.573,lock_schedule_refreshes,2376,2376,1.110732,enabled
1782984562.572,2026-07-02 09:29:22.573,lock_threads_waiting,0,0,0.000000,enabled
1782984562.572,2026-07-02 09:29:22.573,lock_timeouts,0,0,0.000000,enabled
1782984562.572,2026-07-02 09:29:22.573,log_waits,0,0,0.000000,enabled
1782984562.572,2026-07-02 09:29:22.573,log_writes,186607278,186607278,87235.113934,enabled
1782984562.572,2026-07-02 09:29:22.573,log_write_requests,394563511,394563511,184450.431063,enabled
1782984562.572,2026-07-02 09:29:22.573,os_data_fsyncs,49738884,49738884,23251.919273,enabled
1782984562.572,2026-07-02 09:29:22.573,os_data_reads,66677240,66677240,31170.257147,enabled
1782984562.572,2026-07-02 09:29:22.573,os_data_writes,210199879,210199879,98264.179438,enabled
1782984562.572,2026-07-02 09:29:22.573,os_log_bytes_written,120000838144,120000838144,56097957.382506,enabled
1782984562.572,2026-07-02 09:29:22.573,os_log_fsyncs,43632904,43632904,20397.497421,enabled
1782984562.572,2026-07-02 09:29:22.573,os_log_pending_fsyncs,1,1,0.000467,enabled
1782984562.572,2026-07-02 09:29:22.573,os_log_pending_writes,0,0,0.000000,enabled
1782984562.572,2026-07-02 09:29:22.573,trx_rseg_history_len,140,140,0.000000,enabled
1782984563.642,2026-07-02 09:29:23.644,adaptive_hash_searches,0,0,0.000000,enabled
1782984563.642,2026-07-02 09:29:23.644,adaptive_hash_searches_btree,570550882,570550882,266587.853289,enabled
1782984563.642,2026-07-02 09:29:23.644,buffer_data_reads,1088446155264,1088446155264,508572637.815568,enabled
1782984563.642,2026-07-02 09:29:23.644,buffer_data_written,529279810048,529279810048,247304129.453964,enabled
1782984563.642,2026-07-02 09:29:23.644,buffer_pages0_read,7,7,0.003271,enabled
1782984563.642,2026-07-02 09:29:23.644,buffer_pages_created,1808380,1808380,844.959202,enabled
1782984563.642,2026-07-02 09:29:23.644,buffer_pages_read,66621111,66621111,31128.479860,enabled
1782984563.642,2026-07-02 09:29:23.644,buffer_pages_written,22865695,22865695,10683.915625,enabled
1782984563.642,2026-07-02 09:29:23.644,buffer_pool_bytes_data,12856623104,12856623104,0.000000,enabled
1782984563.642,2026-07-02 09:29:23.644,buffer_pool_bytes_dirty,4654956544,4654956544,0.000000,enabled
1782984563.642,2026-07-02 09:29:23.644,buffer_pool_pages_data,784706,784706,0.000000,enabled
1782984563.642,2026-07-02 09:29:23.644,buffer_pool_pages_dirty,284116,284116,0.000000,enabled
1782984563.642,2026-07-02 09:29:23.644,buffer_pool_pages_flushed,22808625,22808625,0.000000,enabled
1782984563.642,2026-07-02 09:29:23.644,buffer_pool_pages_free,1630,1630,0.000000,enabled
1782984563.642,2026-07-02 09:29:23.644,buffer_pool_pages_lru_flushed,0,0,0.000000,enabled
1782984563.642,2026-07-02 09:29:23.644,buffer_pool_pages_misc,96,96,0.000000,enabled
1782984563.642,2026-07-02 09:29:23.644,buffer_pool_pages_total,786432,786432,0.000000,enabled
1782984563.642,2026-07-02 09:29:23.644,buffer_pool_reads,65733292,65733292,30713.650656,enabled
1782984563.642,2026-07-02 09:29:23.644,buffer_pool_read_ahead,803715,803715,375.533017,enabled
1782984563.642,2026-07-02 09:29:23.644,buffer_pool_read_ahead_evicted,25,25,0.011681,enabled
1782984563.642,2026-07-02 09:29:23.644,buffer_pool_read_requests,2744279525,2744279525,1282254.998153,enabled
1782984563.642,2026-07-02 09:29:23.644,buffer_pool_size,12884901888,12884901888,0.000000,enabled
1782984563.642,2026-07-02 09:29:23.644,buffer_pool_wait_free,18945,18945,8.851985,enabled
1782984563.642,2026-07-02 09:29:23.644,buffer_pool_write_requests,586929025,586929025,274240.531374,enabled
1782984563.642,2026-07-02 09:29:23.644,dml_deletes,12349864,12349864,5770.429457,enabled
1782984563.642,2026-07-02 09:29:23.644,dml_inserts,112235266,112235266,52441.523711,enabled
1782984563.642,2026-07-02 09:29:23.644,dml_system_deletes,468,468,0.218671,enabled
1782984563.642,2026-07-02 09:29:23.644,dml_system_inserts,1202,1202,0.561630,enabled
1782984563.642,2026-07-02 09:29:23.644,dml_system_reads,7661,7661,3.579575,enabled
1782984563.642,2026-07-02 09:29:23.644,dml_system_updates,620,620,0.289693,enabled
1782984563.642,2026-07-02 09:29:23.644,dml_updates,24699845,24699845,11540.913567,enabled
1782984563.642,2026-07-02 09:29:23.644,file_num_open_files,35,35,0.000000,enabled
1782984563.642,2026-07-02 09:29:23.644,ibuf_merges,0,0,0.000000,enabled
1782984563.642,2026-07-02 09:29:23.644,ibuf_merges_delete,0,0,0.000000,enabled
1782984563.642,2026-07-02 09:29:23.644,ibuf_merges_delete_mark,0,0,0.000000,enabled
1782984563.642,2026-07-02 09:29:23.644,ibuf_merges_discard_delete,0,0,0.000000,enabled
1782984563.642,2026-07-02 09:29:23.644,ibuf_merges_discard_delete_mark,0,0,0.000000,enabled
1782984563.642,2026-07-02 09:29:23.644,ibuf_merges_discard_insert,0,0,0.000000,enabled
1782984563.642,2026-07-02 09:29:23.644,ibuf_merges_insert,0,0,0.000000,enabled
1782984563.642,2026-07-02 09:29:23.644,ibuf_size,1,1,0.000467,enabled
1782984563.642,2026-07-02 09:29:23.644,innodb_activity_count,17097371,17097371,7988.685157,enabled
1782984563.642,2026-07-02 09:29:23.644,innodb_dblwr_pages_written,22806575,22806575,10656.290120,enabled
1782984563.642,2026-07-02 09:29:23.644,innodb_dblwr_writes,462757,462757,216.221544,enabled
1782984563.642,2026-07-02 09:29:23.644,innodb_page_size,16384,16384,0.000000,enabled
1782984563.642,2026-07-02 09:29:23.644,innodb_rwlock_sx_os_waits,0,0,0.000000,enabled
1782984563.642,2026-07-02 09:29:23.644,innodb_rwlock_sx_spin_rounds,0,0,0.000000,enabled
1782984563.642,2026-07-02 09:29:23.644,innodb_rwlock_sx_spin_waits,0,0,0.000000,enabled
1782984563.642,2026-07-02 09:29:23.644,innodb_rwlock_s_os_waits,0,0,0.000000,enabled
1782984563.642,2026-07-02 09:29:23.644,innodb_rwlock_s_spin_rounds,0,0,0.000000,enabled
1782984563.642,2026-07-02 09:29:23.644,innodb_rwlock_s_spin_waits,0,0,0.000000,enabled
1782984563.642,2026-07-02 09:29:23.644,innodb_rwlock_x_os_waits,0,0,0.000000,enabled
1782984563.642,2026-07-02 09:29:23.644,innodb_rwlock_x_spin_rounds,0,0,0.000000,enabled
1782984563.642,2026-07-02 09:29:23.644,innodb_rwlock_x_spin_waits,0,0,0.000000,enabled
1782984563.642,2026-07-02 09:29:23.644,lock_deadlocks,0,0,0.000000,enabled
1782984563.642,2026-07-02 09:29:23.644,lock_deadlock_false_positives,0,0,0.000000,enabled
1782984563.642,2026-07-02 09:29:23.644,lock_deadlock_rounds,2377,2377,1.110645,enabled
1782984563.642,2026-07-02 09:29:23.644,lock_rec_grant_attempts,425,425,0.198580,enabled
1782984563.642,2026-07-02 09:29:23.644,lock_rec_release_attempts,37536265,37536265,17538.688690,enabled
1782984563.642,2026-07-02 09:29:23.644,lock_row_lock_current_waits,0,0,0.000000,enabled
1782984563.642,2026-07-02 09:29:23.644,lock_row_lock_time,323,323,0.150921,enabled
1782984563.642,2026-07-02 09:29:23.644,lock_row_lock_time_avg,0,0,0.000000,enabled
1782984563.642,2026-07-02 09:29:23.644,lock_row_lock_time_max,29,29,0.000000,enabled
1782984563.642,2026-07-02 09:29:23.644,lock_row_lock_waits,425,425,0.198580,enabled
1782984563.642,2026-07-02 09:29:23.644,lock_schedule_refreshes,2377,2377,1.110645,enabled
1782984563.642,2026-07-02 09:29:23.644,lock_threads_waiting,0,0,0.000000,enabled
1782984563.642,2026-07-02 09:29:23.644,lock_timeouts,0,0,0.000000,enabled
1782984563.642,2026-07-02 09:29:23.644,log_waits,0,0,0.000000,enabled
1782984563.642,2026-07-02 09:29:23.644,log_writes,186682650,186682650,87226.802033,enabled
1782984563.642,2026-07-02 09:29:23.644,log_write_requests,394645371,394645371,184396.641533,enabled
1782984563.642,2026-07-02 09:29:23.644,os_data_fsyncs,49770992,49770992,23255.319266,enabled
1782984563.642,2026-07-02 09:29:23.644,os_data_reads,66733716,66733716,31181.091860,enabled
1782984563.642,2026-07-02 09:29:23.644,os_data_writes,210291297,210291297,98257.861801,enabled
1782984563.642,2026-07-02 09:29:23.644,os_log_bytes_written,120040704000,120040704000,56088592.532253,enabled
1782984563.642,2026-07-02 09:29:23.644,os_log_fsyncs,43660066,43660066,20400.010732,enabled
1782984563.642,2026-07-02 09:29:23.644,os_log_pending_fsyncs,1,1,0.000467,enabled
1782984563.642,2026-07-02 09:29:23.644,os_log_pending_writes,0,0,0.000000,enabled
1782984563.642,2026-07-02 09:29:23.644,trx_rseg_history_len,141,141,0.000000,enabled
1782984564.710,2026-07-02 09:29:24.711,adaptive_hash_searches,0,0,0.000000,enabled
1782984564.710,2026-07-02 09:29:24.711,adaptive_hash_searches_btree,570718828,570718828,266532.854424,enabled
1782984564.710,2026-07-02 09:29:24.711,buffer_data_reads,1089374046720,1089374046720,508751420.787423,enabled
1782984564.710,2026-07-02 09:29:24.711,buffer_data_written,529587536896,529587536896,247324059.564303,enabled
1782984564.710,2026-07-02 09:29:24.711,buffer_pages0_read,7,7,0.003269,enabled
1782984564.710,2026-07-02 09:29:24.711,buffer_pages_created,1808417,1808417,844.553557,enabled
1782984564.710,2026-07-02 09:29:24.711,buffer_pages_read,66677875,66677875,31139.408737,enabled
1782984564.710,2026-07-02 09:29:24.711,buffer_pages_written,22881625,22881625,10686.007555,enabled
1782984564.710,2026-07-02 09:29:24.711,buffer_pool_bytes_data,12852920320,12852920320,0.000000,enabled
1782984564.710,2026-07-02 09:29:24.711,buffer_pool_bytes_dirty,4659003392,4659003392,0.000000,enabled
1782984564.710,2026-07-02 09:29:24.711,buffer_pool_pages_data,784480,784480,0.000000,enabled
1782984564.710,2026-07-02 09:29:24.711,buffer_pool_pages_dirty,284363,284363,0.000000,enabled
1782984564.710,2026-07-02 09:29:24.711,buffer_pool_pages_flushed,22824555,22824555,0.000000,enabled
1782984564.710,2026-07-02 09:29:24.711,buffer_pool_pages_free,1856,1856,0.000000,enabled
1782984564.710,2026-07-02 09:29:24.711,buffer_pool_pages_lru_flushed,0,0,0.000000,enabled
1782984564.710,2026-07-02 09:29:24.711,buffer_pool_pages_misc,96,96,0.000000,enabled
1782984564.710,2026-07-02 09:29:24.711,buffer_pool_pages_total,786432,786432,0.000000,enabled
1782984564.710,2026-07-02 09:29:24.711,buffer_pool_reads,65790007,65790007,30724.764403,enabled
1782984564.710,2026-07-02 09:29:24.711,buffer_pool_read_ahead,803715,803715,375.345055,enabled
1782984564.710,2026-07-02 09:29:24.711,buffer_pool_read_ahead_evicted,25,25,0.011675,enabled
1782984564.710,2026-07-02 09:29:24.711,buffer_pool_read_requests,2745111620,2745111620,1282001.799372,enabled
1782984564.710,2026-07-02 09:29:24.711,buffer_pool_size,12884901888,12884901888,0.000000,enabled
1782984564.710,2026-07-02 09:29:24.711,buffer_pool_wait_free,18945,18945,8.847554,enabled
1782984564.710,2026-07-02 09:29:24.711,buffer_pool_write_requests,587042783,587042783,274156.394235,enabled
1782984564.710,2026-07-02 09:29:24.711,dml_deletes,12354716,12354716,5769.807216,enabled
1782984564.710,2026-07-02 09:29:24.711,dml_inserts,112240117,112240117,52417.541415,enabled
1782984564.710,2026-07-02 09:29:24.711,dml_system_deletes,468,468,0.218562,enabled
1782984564.710,2026-07-02 09:29:24.711,dml_system_inserts,1202,1202,0.561349,enabled
1782984564.710,2026-07-02 09:29:24.711,dml_system_reads,7661,7661,3.577783,enabled
1782984564.710,2026-07-02 09:29:24.711,dml_system_updates,620,620,0.289548,enabled
1782984564.710,2026-07-02 09:29:24.711,dml_updates,24709548,24709548,11539.668593,enabled
1782984564.710,2026-07-02 09:29:24.711,file_num_open_files,35,35,0.000000,enabled
1782984564.710,2026-07-02 09:29:24.711,ibuf_merges,0,0,0.000000,enabled
1782984564.710,2026-07-02 09:29:24.711,ibuf_merges_delete,0,0,0.000000,enabled
1782984564.710,2026-07-02 09:29:24.711,ibuf_merges_delete_mark,0,0,0.000000,enabled
1782984564.710,2026-07-02 09:29:24.711,ibuf_merges_discard_delete,0,0,0.000000,enabled
1782984564.710,2026-07-02 09:29:24.711,ibuf_merges_discard_delete_mark,0,0,0.000000,enabled
1782984564.710,2026-07-02 09:29:24.711,ibuf_merges_discard_insert,0,0,0.000000,enabled
1782984564.710,2026-07-02 09:29:24.711,ibuf_merges_insert,0,0,0.000000,enabled
1782984564.710,2026-07-02 09:29:24.711,ibuf_size,1,1,0.000467,enabled
1782984564.710,2026-07-02 09:29:24.711,innodb_activity_count,17102948,17102948,7987.291217,enabled
1782984564.710,2026-07-02 09:29:24.711,innodb_dblwr_pages_written,22822505,22822505,10658.395986,enabled
1782984564.710,2026-07-02 09:29:24.711,innodb_dblwr_writes,463123,463123,216.284248,enabled
1782984564.710,2026-07-02 09:29:24.711,innodb_page_size,16384,16384,0.000000,enabled
1782984564.710,2026-07-02 09:29:24.711,innodb_rwlock_sx_os_waits,0,0,0.000000,enabled
1782984564.710,2026-07-02 09:29:24.711,innodb_rwlock_sx_spin_rounds,0,0,0.000000,enabled
1782984564.710,2026-07-02 09:29:24.711,innodb_rwlock_sx_spin_waits,0,0,0.000000,enabled
1782984564.710,2026-07-02 09:29:24.711,innodb_rwlock_s_os_waits,0,0,0.000000,enabled
1782984564.710,2026-07-02 09:29:24.711,innodb_rwlock_s_spin_rounds,0,0,0.000000,enabled
1782984564.710,2026-07-02 09:29:24.711,innodb_rwlock_s_spin_waits,0,0,0.000000,enabled
1782984564.710,2026-07-02 09:29:24.711,innodb_rwlock_x_os_waits,0,0,0.000000,enabled
1782984564.710,2026-07-02 09:29:24.711,innodb_rwlock_x_spin_rounds,0,0,0.000000,enabled
1782984564.710,2026-07-02 09:29:24.711,innodb_rwlock_x_spin_waits,0,0,0.000000,enabled
1782984564.710,2026-07-02 09:29:24.711,lock_deadlocks,0,0,0.000000,enabled
1782984564.710,2026-07-02 09:29:24.711,lock_deadlock_false_positives,0,0,0.000000,enabled
1782984564.710,2026-07-02 09:29:24.711,lock_deadlock_rounds,2378,2378,1.110556,enabled
1782984564.710,2026-07-02 09:29:24.711,lock_rec_grant_attempts,425,425,0.198480,enabled
1782984564.710,2026-07-02 09:29:24.711,lock_rec_release_attempts,37551009,37551009,17536.795826,enabled
1782984564.710,2026-07-02 09:29:24.711,lock_row_lock_current_waits,0,0,0.000000,enabled
1782984564.710,2026-07-02 09:29:24.711,lock_row_lock_time,323,323,0.150845,enabled
1782984564.710,2026-07-02 09:29:24.711,lock_row_lock_time_avg,0,0,0.000000,enabled
1782984564.710,2026-07-02 09:29:24.711,lock_row_lock_time_max,29,29,0.000000,enabled
1782984564.710,2026-07-02 09:29:24.711,lock_row_lock_waits,425,425,0.198480,enabled
1782984564.710,2026-07-02 09:29:24.711,lock_schedule_refreshes,2378,2378,1.110556,enabled
1782984564.710,2026-07-02 09:29:24.711,lock_threads_waiting,0,0,0.000000,enabled
1782984564.710,2026-07-02 09:29:24.711,lock_timeouts,0,0,0.000000,enabled
1782984564.710,2026-07-02 09:29:24.711,log_waits,0,0,0.000000,enabled
1782984564.710,2026-07-02 09:29:24.711,log_writes,186759768,186759768,87219.158578,enabled
1782984564.710,2026-07-02 09:29:24.711,log_write_requests,394727818,394727818,184342.851535,enabled
1782984564.710,2026-07-02 09:29:24.711,os_data_fsyncs,49803817,49803817,23259.009166,enabled
1782984564.710,2026-07-02 09:29:24.711,os_data_reads,66790329,66790329,31191.924051,enabled
1782984564.710,2026-07-02 09:29:24.711,os_data_writes,210384629,210384629,98252.268874,enabled
1782984564.710,2026-07-02 09:29:24.711,os_log_bytes_written,120081166336,120081166336,56079415.429979,enabled
1782984564.710,2026-07-02 09:29:24.711,os_log_fsyncs,43687934,43687934,20402.814803,enabled
1782984564.710,2026-07-02 09:29:24.711,os_log_pending_fsyncs,1,1,0.000467,enabled
1782984564.710,2026-07-02 09:29:24.711,os_log_pending_writes,0,0,0.000000,enabled
1782984564.710,2026-07-02 09:29:24.711,trx_rseg_history_len,142,142,0.000000,enabled
1782984565.782,2026-07-02 09:29:25.783,adaptive_hash_searches,0,0,0.000000,enabled
1782984565.782,2026-07-02 09:29:25.783,adaptive_hash_searches_btree,570887415,570887415,266478.375412,enabled
1782984565.782,2026-07-02 09:29:25.783,buffer_data_reads,1090307688960,1090307688960,508933033.840981,enabled
1782984565.782,2026-07-02 09:29:25.783,buffer_data_written,529898363904,529898363904,247345574.519396,enabled
1782984565.782,2026-07-02 09:29:25.783,buffer_pages0_read,7,7,0.003267,enabled
1782984565.782,2026-07-02 09:29:25.783,buffer_pages_created,1808466,1808466,844.154458,enabled
1782984565.782,2026-07-02 09:29:25.783,buffer_pages_read,66735013,66735013,31150.521128,enabled
1782984565.782,2026-07-02 09:29:25.783,buffer_pages_written,22897642,22897642,10688.144819,enabled
1782984565.782,2026-07-02 09:29:25.783,buffer_pool_bytes_data,12851249152,12851249152,0.000000,enabled
1782984565.782,2026-07-02 09:29:25.783,buffer_pool_bytes_dirty,4662951936,4662951936,0.000000,enabled
1782984565.782,2026-07-02 09:29:25.783,buffer_pool_pages_data,784378,784378,0.000000,enabled
1782984565.782,2026-07-02 09:29:25.783,buffer_pool_pages_dirty,284604,284604,0.000000,enabled
1782984565.782,2026-07-02 09:29:25.783,buffer_pool_pages_flushed,22840572,22840572,0.000000,enabled
1782984565.782,2026-07-02 09:29:25.783,buffer_pool_pages_free,1958,1958,0.000000,enabled
1782984565.782,2026-07-02 09:29:25.783,buffer_pool_pages_lru_flushed,0,0,0.000000,enabled
1782984565.782,2026-07-02 09:29:25.783,buffer_pool_pages_misc,96,96,0.000000,enabled
1782984565.782,2026-07-02 09:29:25.783,buffer_pool_pages_total,786432,786432,0.000000,enabled
1782984565.782,2026-07-02 09:29:25.783,buffer_pool_reads,65847092,65847092,30736.059126,enabled
1782984565.782,2026-07-02 09:29:25.783,buffer_pool_read_ahead,803715,803715,375.157516,enabled
1782984565.782,2026-07-02 09:29:25.783,buffer_pool_read_ahead_evicted,25,25,0.011669,enabled
1782984565.782,2026-07-02 09:29:25.783,buffer_pool_read_requests,2745947598,2745947598,1281751.474671,enabled
1782984565.782,2026-07-02 09:29:25.783,buffer_pool_size,12884901888,12884901888,0.000000,enabled
1782984565.782,2026-07-02 09:29:25.783,buffer_pool_wait_free,18945,18945,8.843134,enabled
1782984565.782,2026-07-02 09:29:25.783,buffer_pool_write_requests,587157983,587157983,274073.187181,enabled
1782984565.782,2026-07-02 09:29:25.783,dml_deletes,12359576,12359576,5769.192919,enabled
1782984565.782,2026-07-02 09:29:25.783,dml_inserts,112244976,112244976,52393.619433,enabled
1782984565.782,2026-07-02 09:29:25.783,dml_system_deletes,468,468,0.218453,enabled
1782984565.782,2026-07-02 09:29:25.783,dml_system_inserts,1202,1202,0.561069,enabled
1782984565.782,2026-07-02 09:29:25.783,dml_system_reads,7661,7661,3.575995,enabled
1782984565.782,2026-07-02 09:29:25.783,dml_system_updates,620,620,0.289403,enabled
1782984565.782,2026-07-02 09:29:25.783,dml_updates,24719268,24719268,11538.439973,enabled
1782984565.782,2026-07-02 09:29:25.783,file_num_open_files,35,35,0.000000,enabled
1782984565.782,2026-07-02 09:29:25.783,ibuf_merges,0,0,0.000000,enabled
1782984565.782,2026-07-02 09:29:25.783,ibuf_merges_delete,0,0,0.000000,enabled
1782984565.782,2026-07-02 09:29:25.783,ibuf_merges_delete_mark,0,0,0.000000,enabled
1782984565.782,2026-07-02 09:29:25.783,ibuf_merges_discard_delete,0,0,0.000000,enabled
1782984565.782,2026-07-02 09:29:25.783,ibuf_merges_discard_delete_mark,0,0,0.000000,enabled
1782984565.782,2026-07-02 09:29:25.783,ibuf_merges_discard_insert,0,0,0.000000,enabled
1782984565.782,2026-07-02 09:29:25.783,ibuf_merges_insert,0,0,0.000000,enabled
1782984565.782,2026-07-02 09:29:25.783,ibuf_size,1,1,0.000467,enabled
1782984565.782,2026-07-02 09:29:25.783,innodb_activity_count,17108523,17108523,7985.902709,enabled
1782984565.782,2026-07-02 09:29:25.783,innodb_dblwr_pages_written,22838522,22838522,10660.546991,enabled
1782984565.782,2026-07-02 09:29:25.783,innodb_dblwr_writes,463485,463485,216.345157,enabled
1782984565.782,2026-07-02 09:29:25.783,innodb_page_size,16384,16384,0.000000,enabled
1782984565.782,2026-07-02 09:29:25.783,innodb_rwlock_sx_os_waits,0,0,0.000000,enabled
1782984565.782,2026-07-02 09:29:25.783,innodb_rwlock_sx_spin_rounds,0,0,0.000000,enabled
1782984565.782,2026-07-02 09:29:25.783,innodb_rwlock_sx_spin_waits,0,0,0.000000,enabled
1782984565.782,2026-07-02 09:29:25.783,innodb_rwlock_s_os_waits,0,0,0.000000,enabled
1782984565.782,2026-07-02 09:29:25.783,innodb_rwlock_s_spin_rounds,0,0,0.000000,enabled
1782984565.782,2026-07-02 09:29:25.783,innodb_rwlock_s_spin_waits,0,0,0.000000,enabled
1782984565.782,2026-07-02 09:29:25.783,innodb_rwlock_x_os_waits,0,0,0.000000,enabled
1782984565.782,2026-07-02 09:29:25.783,innodb_rwlock_x_spin_rounds,0,0,0.000000,enabled
1782984565.782,2026-07-02 09:29:25.783,innodb_rwlock_x_spin_waits,0,0,0.000000,enabled
1782984565.782,2026-07-02 09:29:25.783,lock_deadlocks,0,0,0.000000,enabled
1782984565.782,2026-07-02 09:29:25.783,lock_deadlock_false_positives,0,0,0.000000,enabled
1782984565.782,2026-07-02 09:29:25.783,lock_deadlock_rounds,2379,2379,1.110468,enabled
1782984565.782,2026-07-02 09:29:25.783,lock_rec_grant_attempts,425,425,0.198381,enabled
1782984565.782,2026-07-02 09:29:25.783,lock_rec_release_attempts,37565774,37565774,17534.925709,enabled
1782984565.782,2026-07-02 09:29:25.783,lock_row_lock_current_waits,0,0,0.000000,enabled
1782984565.782,2026-07-02 09:29:25.783,lock_row_lock_time,323,323,0.150770,enabled
1782984565.782,2026-07-02 09:29:25.783,lock_row_lock_time_avg,0,0,0.000000,enabled
1782984565.782,2026-07-02 09:29:25.783,lock_row_lock_time_max,29,29,0.000000,enabled
1782984565.782,2026-07-02 09:29:25.783,lock_row_lock_waits,425,425,0.198381,enabled
1782984565.782,2026-07-02 09:29:25.783,lock_schedule_refreshes,2379,2379,1.110468,enabled
1782984565.782,2026-07-02 09:29:25.783,lock_threads_waiting,0,0,0.000000,enabled
1782984565.782,2026-07-02 09:29:25.783,lock_timeouts,0,0,0.000000,enabled
1782984565.782,2026-07-02 09:29:25.783,log_waits,0,0,0.000000,enabled
1782984565.782,2026-07-02 09:29:25.783,log_writes,186838741,186838741,87212.443138,enabled
1782984565.782,2026-07-02 09:29:25.783,log_write_requests,394810477,394810477,184289.329498,enabled
1782984565.782,2026-07-02 09:29:25.783,os_data_fsyncs,49837113,49837113,23262.929930,enabled
1782984565.782,2026-07-02 09:29:25.783,os_data_reads,66847283,66847283,31202.924272,enabled
1782984565.782,2026-07-02 09:29:25.783,os_data_writes,210479874,210479874,98247.636554,enabled
1782984565.782,2026-07-02 09:29:25.783,os_log_bytes_written,120122994176,120122994176,56070920.283900,enabled
1782984565.782,2026-07-02 09:29:25.783,os_log_fsyncs,43716345,43716345,20405.882407,enabled
1782984565.782,2026-07-02 09:29:25.783,os_log_pending_fsyncs,1,1,0.000467,enabled
1782984565.782,2026-07-02 09:29:25.783,os_log_pending_writes,0,0,0.000000,enabled
1782984565.782,2026-07-02 09:29:25.783,trx_rseg_history_len,164,164,0.000000,enabled
1782984566.853,2026-07-02 09:29:26.854,adaptive_hash_searches,0,0,0.000000,enabled
1782984566.853,2026-07-02 09:29:26.854,adaptive_hash_searches_btree,571056161,571056161,266423.719186,enabled
1782984566.853,2026-07-02 09:29:26.854,buffer_data_reads,1091243051520,1091243051520,509114672.740212,enabled
1782984566.853,2026-07-02 09:29:26.854,buffer_data_written,530207288832,530207288832,247365891.280346,enabled
1782984566.853,2026-07-02 09:29:26.854,buffer_pages0_read,7,7,0.003266,enabled
1782984566.853,2026-07-02 09:29:26.854,buffer_pages_created,1808506,1808506,843.750572,enabled
1782984566.853,2026-07-02 09:29:26.854,buffer_pages_read,66792262,66792262,31161.637763,enabled
1782984566.853,2026-07-02 09:29:26.854,buffer_pages_written,22913563,22913563,10690.222659,enabled
1782984566.853,2026-07-02 09:29:26.854,buffer_pool_bytes_data,12853428224,12853428224,0.000000,enabled
1782984566.853,2026-07-02 09:29:26.854,buffer_pool_bytes_dirty,4668145664,4668145664,0.000000,enabled
1782984566.853,2026-07-02 09:29:26.854,buffer_pool_pages_data,784511,784511,0.000000,enabled
1782984566.853,2026-07-02 09:29:26.854,buffer_pool_pages_dirty,284921,284921,0.000000,enabled
1782984566.853,2026-07-02 09:29:26.854,buffer_pool_pages_flushed,22856493,22856493,0.000000,enabled
1782984566.853,2026-07-02 09:29:26.854,buffer_pool_pages_free,1825,1825,0.000000,enabled
1782984566.853,2026-07-02 09:29:26.854,buffer_pool_pages_lru_flushed,0,0,0.000000,enabled
1782984566.853,2026-07-02 09:29:26.854,buffer_pool_pages_misc,96,96,0.000000,enabled
1782984566.853,2026-07-02 09:29:26.854,buffer_pool_pages_total,786432,786432,0.000000,enabled
1782984566.853,2026-07-02 09:29:26.854,buffer_pool_reads,65904270,65904270,30747.350144,enabled
1782984566.853,2026-07-02 09:29:26.854,buffer_pool_read_ahead,803715,803715,374.969729,enabled
1782984566.853,2026-07-02 09:29:26.854,buffer_pool_read_ahead_evicted,25,25,0.011664,enabled
1782984566.853,2026-07-02 09:29:26.854,buffer_pool_read_requests,2746784204,2746784204,1281500.200166,enabled
1782984566.853,2026-07-02 09:29:26.854,buffer_pool_size,12884901888,12884901888,0.000000,enabled
1782984566.853,2026-07-02 09:29:26.854,buffer_pool_wait_free,18945,18945,8.838707,enabled
1782984566.853,2026-07-02 09:29:26.854,buffer_pool_write_requests,587272380,587272380,273989.369391,enabled
1782984566.853,2026-07-02 09:29:26.854,dml_deletes,12364449,12364449,5768.578685,enabled
1782984566.853,2026-07-02 09:29:26.854,dml_inserts,112249847,112249847,52369.666893,enabled
1782984566.853,2026-07-02 09:29:26.854,dml_system_deletes,468,468,0.218343,enabled
1782984566.853,2026-07-02 09:29:26.854,dml_system_inserts,1202,1202,0.560788,enabled
1782984566.853,2026-07-02 09:29:26.854,dml_system_reads,7661,7661,3.574205,enabled
1782984566.853,2026-07-02 09:29:26.854,dml_system_updates,620,620,0.289258,enabled
1782984566.853,2026-07-02 09:29:26.854,dml_updates,24729016,24729016,11537.212413,enabled
1782984566.853,2026-07-02 09:29:26.854,file_num_open_files,35,35,0.000000,enabled
1782984566.853,2026-07-02 09:29:26.854,ibuf_merges,0,0,0.000000,enabled
1782984566.853,2026-07-02 09:29:26.854,ibuf_merges_delete,0,0,0.000000,enabled
1782984566.853,2026-07-02 09:29:26.854,ibuf_merges_delete_mark,0,0,0.000000,enabled
1782984566.853,2026-07-02 09:29:26.854,ibuf_merges_discard_delete,0,0,0.000000,enabled
1782984566.853,2026-07-02 09:29:26.854,ibuf_merges_discard_delete_mark,0,0,0.000000,enabled
1782984566.853,2026-07-02 09:29:26.854,ibuf_merges_discard_insert,0,0,0.000000,enabled
1782984566.853,2026-07-02 09:29:26.854,ibuf_merges_insert,0,0,0.000000,enabled
1782984566.853,2026-07-02 09:29:26.854,ibuf_size,1,1,0.000467,enabled
1782984566.853,2026-07-02 09:29:26.854,innodb_activity_count,17114114,17114114,7984.513889,enabled
1782984566.853,2026-07-02 09:29:26.854,innodb_dblwr_pages_written,22854443,22854443,10662.638822,enabled
1782984566.853,2026-07-02 09:29:26.854,innodb_dblwr_writes,463846,463846,216.405290,enabled
1782984566.853,2026-07-02 09:29:26.854,innodb_page_size,16384,16384,0.000000,enabled
1782984566.853,2026-07-02 09:29:26.854,innodb_rwlock_sx_os_waits,0,0,0.000000,enabled
1782984566.853,2026-07-02 09:29:26.854,innodb_rwlock_sx_spin_rounds,0,0,0.000000,enabled
1782984566.853,2026-07-02 09:29:26.854,innodb_rwlock_sx_spin_waits,0,0,0.000000,enabled
1782984566.853,2026-07-02 09:29:26.854,innodb_rwlock_s_os_waits,0,0,0.000000,enabled
1782984566.853,2026-07-02 09:29:26.854,innodb_rwlock_s_spin_rounds,0,0,0.000000,enabled
1782984566.853,2026-07-02 09:29:26.854,innodb_rwlock_s_spin_waits,0,0,0.000000,enabled
1782984566.853,2026-07-02 09:29:26.854,innodb_rwlock_x_os_waits,0,0,0.000000,enabled
1782984566.853,2026-07-02 09:29:26.854,innodb_rwlock_x_spin_rounds,0,0,0.000000,enabled
1782984566.853,2026-07-02 09:29:26.854,innodb_rwlock_x_spin_waits,0,0,0.000000,enabled
1782984566.853,2026-07-02 09:29:26.854,lock_deadlocks,0,0,0.000000,enabled
1782984566.853,2026-07-02 09:29:26.854,lock_deadlock_false_positives,0,0,0.000000,enabled
1782984566.853,2026-07-02 09:29:26.854,lock_deadlock_rounds,2380,2380,1.110379,enabled
1782984566.853,2026-07-02 09:29:26.854,lock_rec_grant_attempts,425,425,0.198282,enabled
1782984566.853,2026-07-02 09:29:26.854,lock_rec_release_attempts,37580562,37580562,17533.047752,enabled
1782984566.853,2026-07-02 09:29:26.854,lock_row_lock_current_waits,0,0,0.000000,enabled
1782984566.853,2026-07-02 09:29:26.854,lock_row_lock_time,323,323,0.150694,enabled
1782984566.853,2026-07-02 09:29:26.854,lock_row_lock_time_avg,0,0,0.000000,enabled
1782984566.853,2026-07-02 09:29:26.854,lock_row_lock_time_max,29,29,0.000000,enabled
1782984566.853,2026-07-02 09:29:26.854,lock_row_lock_waits,425,425,0.198282,enabled
1782984566.853,2026-07-02 09:29:26.854,lock_schedule_refreshes,2380,2380,1.110379,enabled
1782984566.853,2026-07-02 09:29:26.854,lock_threads_waiting,0,0,0.000000,enabled
1782984566.853,2026-07-02 09:29:26.854,lock_timeouts,0,0,0.000000,enabled
1782984566.853,2026-07-02 09:29:26.854,log_waits,0,0,0.000000,enabled
1782984566.853,2026-07-02 09:29:26.854,log_writes,186918890,186918890,87206.181766,enabled
1782984566.853,2026-07-02 09:29:26.854,log_write_requests,394893245,394893245,184235.697761,enabled
1782984566.853,2026-07-02 09:29:26.854,os_data_fsyncs,49870725,49870725,23266.966980,enabled
1782984566.853,2026-07-02 09:29:26.854,os_data_reads,66904346,66904346,31213.927850,enabled
1782984566.853,2026-07-02 09:29:26.854,os_data_writes,210576210,210576210,98243.402886,enabled
1782984566.853,2026-07-02 09:29:26.854,os_log_bytes_written,120164872704,120164872704,56062391.713645,enabled
1782984566.853,2026-07-02 09:29:26.854,os_log_fsyncs,43744914,43744914,20408.996794,enabled
1782984566.853,2026-07-02 09:29:26.854,os_log_pending_fsyncs,0,0,0.000000,enabled
1782984566.853,2026-07-02 09:29:26.854,os_log_pending_writes,0,0,0.000000,enabled
1782984566.853,2026-07-02 09:29:26.854,trx_rseg_history_len,185,185,0.000000,enabled
1782984567.925,2026-07-02 09:29:27.926,adaptive_hash_searches,0,0,0.000000,enabled
1782984567.925,2026-07-02 09:29:27.926,adaptive_hash_searches_btree,571228369,571228369,266370.869210,enabled
1782984567.925,2026-07-02 09:29:27.926,buffer_data_reads,1092192619008,1092192619008,509303027.775526,enabled
1782984567.925,2026-07-02 09:29:27.926,buffer_data_written,530523274240,530523274240,247389613.220194,enabled
1782984567.925,2026-07-02 09:29:27.926,buffer_pages0_read,7,7,0.003264,enabled
1782984567.925,2026-07-02 09:29:27.926,buffer_pages_created,1808548,1808548,843.348477,enabled
1782984567.925,2026-07-02 09:29:27.926,buffer_pages_read,66850368,66850368,31173.159674,enabled
1782984567.925,2026-07-02 09:29:27.926,buffer_pages_written,22929873,22929873,10692.485571,enabled
1782984567.925,2026-07-02 09:29:27.926,buffer_pool_bytes_data,12851544064,12851544064,0.000000,enabled
1782984567.925,2026-07-02 09:29:27.926,buffer_pool_bytes_dirty,4671717376,4671717376,0.000000,enabled
1782984567.925,2026-07-02 09:29:27.926,buffer_pool_pages_data,784396,784396,0.000000,enabled
1782984567.925,2026-07-02 09:29:27.926,buffer_pool_pages_dirty,285139,285139,0.000000,enabled
1782984567.925,2026-07-02 09:29:27.926,buffer_pool_pages_flushed,22872803,22872803,0.000000,enabled
1782984567.925,2026-07-02 09:29:27.926,buffer_pool_pages_free,1937,1937,0.000000,enabled
1782984567.925,2026-07-02 09:29:27.926,buffer_pool_pages_lru_flushed,0,0,0.000000,enabled
1782984567.925,2026-07-02 09:29:27.926,buffer_pool_pages_misc,96,96,0.000000,enabled
1782984567.925,2026-07-02 09:29:27.926,buffer_pool_pages_total,786432,786432,0.000000,enabled
1782984567.925,2026-07-02 09:29:27.926,buffer_pool_reads,65962318,65962318,30759.052162,enabled
1782984567.925,2026-07-02 09:29:27.926,buffer_pool_read_ahead,803715,803715,374.782331,enabled
1782984567.925,2026-07-02 09:29:27.926,buffer_pool_read_ahead_evicted,25,25,0.011658,enabled
1782984567.925,2026-07-02 09:29:27.926,buffer_pool_read_requests,2747636620,2747636620,1281257.239686,enabled
1782984567.925,2026-07-02 09:29:27.926,buffer_pool_size,12884901888,12884901888,0.000000,enabled
1782984567.925,2026-07-02 09:29:27.926,buffer_pool_wait_free,18945,18945,8.834290,enabled
1782984567.925,2026-07-02 09:29:27.926,buffer_pool_write_requests,587388480,587388480,273906.577109,enabled
1782984567.925,2026-07-02 09:29:27.926,dml_deletes,12369423,12369423,5768.015078,enabled
1782984567.925,2026-07-02 09:29:27.926,dml_inserts,112254825,112254825,52345.814673,enabled
1782984567.925,2026-07-02 09:29:27.926,dml_system_deletes,468,468,0.218234,enabled
1782984567.925,2026-07-02 09:29:27.926,dml_system_inserts,1202,1202,0.560507,enabled
1782984567.925,2026-07-02 09:29:27.926,dml_system_reads,7661,7661,3.572419,enabled
1782984567.925,2026-07-02 09:29:27.926,dml_system_updates,620,620,0.289114,enabled
1782984567.925,2026-07-02 09:29:27.926,dml_updates,24738962,24738962,11536.084236,enabled
1782984567.925,2026-07-02 09:29:27.926,file_num_open_files,35,35,0.000000,enabled
1782984567.925,2026-07-02 09:29:27.926,ibuf_merges,0,0,0.000000,enabled
1782984567.925,2026-07-02 09:29:27.926,ibuf_merges_delete,0,0,0.000000,enabled
1782984567.925,2026-07-02 09:29:27.926,ibuf_merges_delete_mark,0,0,0.000000,enabled
1782984567.925,2026-07-02 09:29:27.926,ibuf_merges_discard_delete,0,0,0.000000,enabled
1782984567.925,2026-07-02 09:29:27.926,ibuf_merges_discard_delete_mark,0,0,0.000000,enabled
1782984567.925,2026-07-02 09:29:27.926,ibuf_merges_discard_insert,0,0,0.000000,enabled
1782984567.925,2026-07-02 09:29:27.926,ibuf_merges_insert,0,0,0.000000,enabled
1782984567.925,2026-07-02 09:29:27.926,ibuf_size,1,1,0.000466,enabled
1782984567.925,2026-07-02 09:29:27.926,innodb_activity_count,17119834,17119834,7983.190692,enabled
1782984567.925,2026-07-02 09:29:27.926,innodb_dblwr_pages_written,22870753,22870753,10664.915387,enabled
1782984567.925,2026-07-02 09:29:27.926,innodb_dblwr_writes,464210,464210,216.466873,enabled
1782984567.925,2026-07-02 09:29:27.926,innodb_page_size,16384,16384,0.000000,enabled
1782984567.925,2026-07-02 09:29:27.926,innodb_rwlock_sx_os_waits,0,0,0.000000,enabled
1782984567.925,2026-07-02 09:29:27.926,innodb_rwlock_sx_spin_rounds,0,0,0.000000,enabled
1782984567.925,2026-07-02 09:29:27.926,innodb_rwlock_sx_spin_waits,0,0,0.000000,enabled
1782984567.925,2026-07-02 09:29:27.926,innodb_rwlock_s_os_waits,0,0,0.000000,enabled
1782984567.925,2026-07-02 09:29:27.926,innodb_rwlock_s_spin_rounds,0,0,0.000000,enabled
1782984567.925,2026-07-02 09:29:27.926,innodb_rwlock_s_spin_waits,0,0,0.000000,enabled
1782984567.925,2026-07-02 09:29:27.926,innodb_rwlock_x_os_waits,0,0,0.000000,enabled
1782984567.925,2026-07-02 09:29:27.926,innodb_rwlock_x_spin_rounds,0,0,0.000000,enabled
1782984567.925,2026-07-02 09:29:27.926,innodb_rwlock_x_spin_waits,0,0,0.000000,enabled
1782984567.925,2026-07-02 09:29:27.926,lock_deadlocks,0,0,0.000000,enabled
1782984567.925,2026-07-02 09:29:27.926,lock_deadlock_false_positives,0,0,0.000000,enabled
1782984567.925,2026-07-02 09:29:27.926,lock_deadlock_rounds,2381,2381,1.110290,enabled
1782984567.925,2026-07-02 09:29:27.926,lock_rec_grant_attempts,425,425,0.198183,enabled
1782984567.925,2026-07-02 09:29:27.926,lock_rec_release_attempts,37595694,37595694,17531.341642,enabled
1782984567.925,2026-07-02 09:29:27.926,lock_row_lock_current_waits,0,0,0.000000,enabled
1782984567.925,2026-07-02 09:29:27.926,lock_row_lock_time,323,323,0.150619,enabled
1782984567.925,2026-07-02 09:29:27.926,lock_row_lock_time_avg,0,0,0.000000,enabled
1782984567.925,2026-07-02 09:29:27.926,lock_row_lock_time_max,29,29,0.000000,enabled
1782984567.925,2026-07-02 09:29:27.926,lock_row_lock_waits,425,425,0.198183,enabled
1782984567.925,2026-07-02 09:29:27.926,lock_schedule_refreshes,2381,2381,1.110290,enabled
1782984567.925,2026-07-02 09:29:27.926,lock_threads_waiting,0,0,0.000000,enabled
1782984567.925,2026-07-02 09:29:27.926,lock_timeouts,0,0,0.000000,enabled
1782984567.925,2026-07-02 09:29:27.926,log_waits,0,0,0.000000,enabled
1782984567.925,2026-07-02 09:29:27.926,log_writes,186999825,186999825,87200.339554,enabled
1782984567.925,2026-07-02 09:29:27.926,log_write_requests,394977663,394977663,184182.987138,enabled
1782984567.925,2026-07-02 09:29:27.926,os_data_fsyncs,49905918,49905918,23271.749816,enabled
1782984567.925,2026-07-02 09:29:27.926,os_data_reads,66962264,66962264,31225.335992,enabled
1782984567.925,2026-07-02 09:29:27.926,os_data_writes,210673724,210673724,98239.775931,enabled
1782984567.925,2026-07-02 09:29:27.926,os_log_bytes_written,120207260160,120207260160,56054139.279833,enabled
1782984567.925,2026-07-02 09:29:27.926,os_log_fsyncs,43775040,43775040,20412.845146,enabled
1782984567.925,2026-07-02 09:29:27.926,os_log_pending_fsyncs,1,1,0.000466,enabled
1782984567.925,2026-07-02 09:29:27.926,os_log_pending_writes,0,0,0.000000,enabled
1782984567.925,2026-07-02 09:29:27.926,trx_rseg_history_len,325,325,0.000000,enabled
1782984568.997,2026-07-02 09:29:28.998,adaptive_hash_searches,0,0,0.000000,enabled
1782984568.997,2026-07-02 09:29:28.998,adaptive_hash_searches_btree,571400870,571400870,266318.167899,enabled
1782984568.997,2026-07-02 09:29:28.998,buffer_data_reads,1093150689792,1093150689792,509495077.851961,enabled
1782984568.997,2026-07-02 09:29:28.998,buffer_data_written,530836902400,530836902400,247412174.011671,enabled
1782984568.997,2026-07-02 09:29:28.998,buffer_pages0_read,7,7,0.003263,enabled
1782984568.997,2026-07-02 09:29:28.998,buffer_pages_created,1808589,1808589,842.946184,enabled
1782984568.997,2026-07-02 09:29:28.998,buffer_pages_read,66909016,66909016,31184.917793,enabled
1782984568.997,2026-07-02 09:29:28.998,buffer_pages_written,22946035,22946035,10694.675553,enabled
1782984568.997,2026-07-02 09:29:28.998,buffer_pool_bytes_data,12855492608,12855492608,0.000000,enabled
1782984568.997,2026-07-02 09:29:28.998,buffer_pool_bytes_dirty,4677419008,4677419008,0.000000,enabled
1782984568.997,2026-07-02 09:29:28.998,buffer_pool_pages_data,784637,784637,0.000000,enabled
1782984568.997,2026-07-02 09:29:28.998,buffer_pool_pages_dirty,285487,285487,0.000000,enabled
1782984568.997,2026-07-02 09:29:28.998,buffer_pool_pages_flushed,22888965,22888965,0.000000,enabled
1782984568.997,2026-07-02 09:29:28.998,buffer_pool_pages_free,1697,1697,0.000000,enabled
1782984568.997,2026-07-02 09:29:28.998,buffer_pool_pages_lru_flushed,0,0,0.000000,enabled
1782984568.997,2026-07-02 09:29:28.998,buffer_pool_pages_misc,96,96,0.000000,enabled
1782984568.997,2026-07-02 09:29:28.998,buffer_pool_pages_total,786432,786432,0.000000,enabled
1782984568.997,2026-07-02 09:29:28.998,buffer_pool_reads,66020899,66020899,30770.985899,enabled
1782984568.997,2026-07-02 09:29:28.998,buffer_pool_read_ahead,803715,803715,374.595061,enabled
1782984568.997,2026-07-02 09:29:28.998,buffer_pool_read_ahead_evicted,25,25,0.011652,enabled
1782984568.997,2026-07-02 09:29:28.998,buffer_pool_read_requests,2748491599,2748491599,1281015.512581,enabled
1782984568.997,2026-07-02 09:29:28.998,buffer_pool_size,12884901888,12884901888,0.000000,enabled
1782984568.997,2026-07-02 09:29:28.998,buffer_pool_wait_free,18945,18945,8.829876,enabled
1782984568.997,2026-07-02 09:29:28.998,buffer_pool_write_requests,587505380,587505380,273824.196960,enabled
1782984568.997,2026-07-02 09:29:28.998,dml_deletes,12374393,12374393,5767.449332,enabled
1782984568.997,2026-07-02 09:29:28.998,dml_inserts,112259794,112259794,52321.974470,enabled
1782984568.997,2026-07-02 09:29:28.998,dml_system_deletes,468,468,0.218125,enabled
1782984568.997,2026-07-02 09:29:28.998,dml_system_inserts,1202,1202,0.560227,enabled
1782984568.997,2026-07-02 09:29:28.998,dml_system_reads,7661,7661,3.570634,enabled
1782984568.997,2026-07-02 09:29:28.998,dml_system_updates,620,620,0.288969,enabled
1782984568.997,2026-07-02 09:29:28.998,dml_updates,24748899,24748899,11534.951320,enabled
1782984568.997,2026-07-02 09:29:28.998,file_num_open_files,35,35,0.000000,enabled
1782984568.997,2026-07-02 09:29:28.998,ibuf_merges,0,0,0.000000,enabled
1782984568.997,2026-07-02 09:29:28.998,ibuf_merges_delete,0,0,0.000000,enabled
1782984568.997,2026-07-02 09:29:28.998,ibuf_merges_delete_mark,0,0,0.000000,enabled
1782984568.997,2026-07-02 09:29:28.998,ibuf_merges_discard_delete,0,0,0.000000,enabled
1782984568.997,2026-07-02 09:29:28.998,ibuf_merges_discard_delete_mark,0,0,0.000000,enabled
1782984568.997,2026-07-02 09:29:28.998,ibuf_merges_discard_insert,0,0,0.000000,enabled
1782984568.997,2026-07-02 09:29:28.998,ibuf_merges_insert,0,0,0.000000,enabled
1782984568.997,2026-07-02 09:29:28.998,ibuf_size,1,1,0.000466,enabled
1782984568.997,2026-07-02 09:29:28.998,innodb_activity_count,17125539,17125539,7981.860623,enabled
1782984568.997,2026-07-02 09:29:28.998,innodb_dblwr_pages_written,22886915,22886915,10667.119106,enabled
1782984568.997,2026-07-02 09:29:28.998,innodb_dblwr_writes,464581,464581,216.531624,enabled
1782984568.997,2026-07-02 09:29:28.998,innodb_page_size,16384,16384,0.000000,enabled
1782984568.997,2026-07-02 09:29:28.998,innodb_rwlock_sx_os_waits,0,0,0.000000,enabled
1782984568.997,2026-07-02 09:29:28.998,innodb_rwlock_sx_spin_rounds,0,0,0.000000,enabled
1782984568.997,2026-07-02 09:29:28.998,innodb_rwlock_sx_spin_waits,0,0,0.000000,enabled
1782984568.997,2026-07-02 09:29:28.998,innodb_rwlock_s_os_waits,0,0,0.000000,enabled
1782984568.997,2026-07-02 09:29:28.998,innodb_rwlock_s_spin_rounds,0,0,0.000000,enabled
1782984568.997,2026-07-02 09:29:28.998,innodb_rwlock_s_spin_waits,0,0,0.000000,enabled
1782984568.997,2026-07-02 09:29:28.998,innodb_rwlock_x_os_waits,0,0,0.000000,enabled
1782984568.997,2026-07-02 09:29:28.998,innodb_rwlock_x_spin_rounds,0,0,0.000000,enabled
1782984568.997,2026-07-02 09:29:28.998,innodb_rwlock_x_spin_waits,0,0,0.000000,enabled
1782984568.997,2026-07-02 09:29:28.998,lock_deadlocks,0,0,0.000000,enabled
1782984568.997,2026-07-02 09:29:28.998,lock_deadlock_false_positives,0,0,0.000000,enabled
1782984568.997,2026-07-02 09:29:28.998,lock_deadlock_rounds,2382,2382,1.110201,enabled
1782984568.997,2026-07-02 09:29:28.998,lock_rec_grant_attempts,425,425,0.198084,enabled
1782984568.997,2026-07-02 09:29:28.998,lock_rec_release_attempts,37610784,37610784,17529.614644,enabled
1782984568.997,2026-07-02 09:29:28.998,lock_row_lock_current_waits,0,0,0.000000,enabled
1782984568.997,2026-07-02 09:29:28.998,lock_row_lock_time,323,323,0.150544,enabled
1782984568.997,2026-07-02 09:29:28.998,lock_row_lock_time_avg,0,0,0.000000,enabled
1782984568.997,2026-07-02 09:29:28.998,lock_row_lock_time_max,29,29,0.000000,enabled
1782984568.997,2026-07-02 09:29:28.998,lock_row_lock_waits,425,425,0.198084,enabled
1782984568.997,2026-07-02 09:29:28.998,lock_schedule_refreshes,2382,2382,1.110201,enabled
1782984568.997,2026-07-02 09:29:28.998,lock_threads_waiting,0,0,0.000000,enabled
1782984568.997,2026-07-02 09:29:28.998,lock_timeouts,0,0,0.000000,enabled
1782984568.997,2026-07-02 09:29:28.998,log_waits,0,0,0.000000,enabled
1782984568.997,2026-07-02 09:29:28.998,log_writes,187080708,187080708,87194.465067,enabled
1782984568.997,2026-07-02 09:29:28.998,log_write_requests,395062066,395062066,184130.292804,enabled
1782984568.997,2026-07-02 09:29:28.998,os_data_fsyncs,49941030,49941030,23276.486383,enabled
1782984568.997,2026-07-02 09:29:28.998,os_data_reads,67020761,67020761,31236.997589,enabled
1782984568.997,2026-07-02 09:29:28.998,os_data_writes,210771064,210771064,98236.055715,enabled
1782984568.997,2026-07-02 09:29:28.998,os_log_bytes_written,120249688064,120249688064,56045904.940992,enabled
1782984568.997,2026-07-02 09:29:28.998,os_log_fsyncs,43805175,43805175,20416.690564,enabled
1782984568.997,2026-07-02 09:29:28.998,os_log_pending_fsyncs,0,0,0.000000,enabled
1782984568.997,2026-07-02 09:29:28.998,os_log_pending_writes,0,0,0.000000,enabled
1782984568.997,2026-07-02 09:29:28.998,trx_rseg_history_len,436,436,0.000000,enabled
1782984570.069,2026-07-02 09:29:30.071,adaptive_hash_searches,0,0,0.000000,enabled
1782984570.069,2026-07-02 09:29:30.071,adaptive_hash_searches_btree,571572044,571572044,266264.897094,enabled
1782984570.069,2026-07-02 09:29:30.071,buffer_data_reads,1094103304704,1094103304704,509684381.188230,enabled
1782984570.069,2026-07-02 09:29:30.071,buffer_data_written,531154316800,531154316800,247436469.544486,enabled
1782984570.069,2026-07-02 09:29:30.071,buffer_pages0_read,7,7,0.003261,enabled
1782984570.069,2026-07-02 09:29:30.071,buffer_pages_created,1808637,1808637,842.547532,enabled
1782984570.069,2026-07-02 09:29:30.071,buffer_pages_read,66967313,66967313,31196.499834,enabled
1782984570.069,2026-07-02 09:29:30.071,buffer_pages_written,22962434,22962434,10696.973475,enabled
1782984570.069,2026-07-02 09:29:30.071,buffer_pool_bytes_data,12855967744,12855967744,0.000000,enabled
1782984570.069,2026-07-02 09:29:30.071,buffer_pool_bytes_dirty,4678434816,4678434816,0.000000,enabled
1782984570.069,2026-07-02 09:29:30.071,buffer_pool_pages_data,784666,784666,0.000000,enabled
1782984570.069,2026-07-02 09:29:30.071,buffer_pool_pages_dirty,285549,285549,0.000000,enabled
1782984570.069,2026-07-02 09:29:30.071,buffer_pool_pages_flushed,22905364,22905364,0.000000,enabled
1782984570.069,2026-07-02 09:29:30.071,buffer_pool_pages_free,1668,1668,0.000000,enabled
1782984570.069,2026-07-02 09:29:30.071,buffer_pool_pages_lru_flushed,0,0,0.000000,enabled
1782984570.069,2026-07-02 09:29:30.071,buffer_pool_pages_misc,96,96,0.000000,enabled
1782984570.069,2026-07-02 09:29:30.071,buffer_pool_pages_total,786432,786432,0.000000,enabled
1782984570.069,2026-07-02 09:29:30.071,buffer_pool_reads,66079145,66079145,30782.750836,enabled
1782984570.069,2026-07-02 09:29:30.071,buffer_pool_read_ahead,803715,803715,374.407967,enabled
1782984570.069,2026-07-02 09:29:30.071,buffer_pool_read_ahead_evicted,25,25,0.011646,enabled
1782984570.069,2026-07-02 09:29:30.071,buffer_pool_read_requests,2749339968,2749339968,1280770.911183,enabled
1782984570.069,2026-07-02 09:29:30.071,buffer_pool_size,12884901888,12884901888,0.000000,enabled
1782984570.069,2026-07-02 09:29:30.071,buffer_pool_wait_free,18945,18945,8.825465,enabled
1782984570.069,2026-07-02 09:29:30.071,buffer_pool_write_requests,587621099,587621099,273741.341039,enabled
1782984570.069,2026-07-02 09:29:30.071,dml_deletes,12379339,12379339,5766.872886,enabled
1782984570.069,2026-07-02 09:29:30.071,dml_inserts,112264741,112264741,52298.147068,enabled
1782984570.069,2026-07-02 09:29:30.071,dml_system_deletes,468,468,0.218016,enabled
1782984570.069,2026-07-02 09:29:30.071,dml_system_inserts,1202,1202,0.559948,enabled
1782984570.069,2026-07-02 09:29:30.071,dml_system_reads,7661,7661,3.568851,enabled
1782984570.069,2026-07-02 09:29:30.071,dml_system_updates,620,620,0.288825,enabled
1782984570.069,2026-07-02 09:29:30.071,dml_updates,24758789,24758789,11533.797471,enabled
1782984570.069,2026-07-02 09:29:30.071,file_num_open_files,35,35,0.000000,enabled
1782984570.069,2026-07-02 09:29:30.071,ibuf_merges,0,0,0.000000,enabled
1782984570.069,2026-07-02 09:29:30.071,ibuf_merges_delete,0,0,0.000000,enabled
1782984570.069,2026-07-02 09:29:30.071,ibuf_merges_delete_mark,0,0,0.000000,enabled
1782984570.069,2026-07-02 09:29:30.071,ibuf_merges_discard_delete,0,0,0.000000,enabled
1782984570.069,2026-07-02 09:29:30.071,ibuf_merges_discard_delete_mark,0,0,0.000000,enabled
1782984570.069,2026-07-02 09:29:30.071,ibuf_merges_discard_insert,0,0,0.000000,enabled
1782984570.069,2026-07-02 09:29:30.071,ibuf_merges_insert,0,0,0.000000,enabled
1782984570.069,2026-07-02 09:29:30.071,ibuf_size,1,1,0.000466,enabled
1782984570.069,2026-07-02 09:29:30.071,innodb_activity_count,17131216,17131216,7980.518730,enabled
1782984570.069,2026-07-02 09:29:30.071,innodb_dblwr_pages_written,22903314,22903314,10669.430884,enabled
1782984570.069,2026-07-02 09:29:30.071,innodb_dblwr_writes,464935,464935,216.588388,enabled
1782984570.069,2026-07-02 09:29:30.071,innodb_page_size,16384,16384,0.000000,enabled
1782984570.069,2026-07-02 09:29:30.071,innodb_rwlock_sx_os_waits,0,0,0.000000,enabled
1782984570.069,2026-07-02 09:29:30.071,innodb_rwlock_sx_spin_rounds,0,0,0.000000,enabled
1782984570.069,2026-07-02 09:29:30.071,innodb_rwlock_sx_spin_waits,0,0,0.000000,enabled
1782984570.069,2026-07-02 09:29:30.071,innodb_rwlock_s_os_waits,0,0,0.000000,enabled
1782984570.069,2026-07-02 09:29:30.071,innodb_rwlock_s_spin_rounds,0,0,0.000000,enabled
1782984570.069,2026-07-02 09:29:30.071,innodb_rwlock_s_spin_waits,0,0,0.000000,enabled
1782984570.069,2026-07-02 09:29:30.071,innodb_rwlock_x_os_waits,0,0,0.000000,enabled
1782984570.069,2026-07-02 09:29:30.071,innodb_rwlock_x_spin_rounds,0,0,0.000000,enabled
1782984570.069,2026-07-02 09:29:30.071,innodb_rwlock_x_spin_waits,0,0,0.000000,enabled
1782984570.069,2026-07-02 09:29:30.071,lock_deadlocks,0,0,0.000000,enabled
1782984570.069,2026-07-02 09:29:30.071,lock_deadlock_false_positives,0,0,0.000000,enabled
1782984570.069,2026-07-02 09:29:30.071,lock_deadlock_rounds,2383,2383,1.110113,enabled
1782984570.069,2026-07-02 09:29:30.071,lock_rec_grant_attempts,425,425,0.197985,enabled
1782984570.069,2026-07-02 09:29:30.071,lock_rec_release_attempts,37625812,37625812,17527.860112,enabled
1782984570.069,2026-07-02 09:29:30.071,lock_row_lock_current_waits,0,0,0.000000,enabled
1782984570.069,2026-07-02 09:29:30.071,lock_row_lock_time,323,323,0.150468,enabled
1782984570.069,2026-07-02 09:29:30.071,lock_row_lock_time_avg,0,0,0.000000,enabled
1782984570.069,2026-07-02 09:29:30.071,lock_row_lock_time_max,29,29,0.000000,enabled
1782984570.069,2026-07-02 09:29:30.071,lock_row_lock_waits,425,425,0.197985,enabled
1782984570.069,2026-07-02 09:29:30.071,lock_schedule_refreshes,2383,2383,1.110113,enabled
1782984570.069,2026-07-02 09:29:30.071,lock_threads_waiting,0,0,0.000000,enabled
1782984570.069,2026-07-02 09:29:30.071,lock_timeouts,0,0,0.000000,enabled
1782984570.069,2026-07-02 09:29:30.071,log_waits,0,0,0.000000,enabled
1782984570.069,2026-07-02 09:29:30.071,log_writes,187161488,187161488,87188.547142,enabled
1782984570.069,2026-07-02 09:29:30.071,log_write_requests,395146002,395146002,184077.430846,enabled
1782984570.069,2026-07-02 09:29:30.071,os_data_fsyncs,49976338,49976338,23281.309083,enabled
1782984570.069,2026-07-02 09:29:30.071,os_data_reads,67078891,67078891,31248.475961,enabled
1782984570.069,2026-07-02 09:29:30.071,os_data_writes,210868512,210868512,98232.387638,enabled
1782984570.069,2026-07-02 09:29:30.071,os_log_bytes_written,120292015616,120292015616,56037631.042433,enabled
1782984570.069,2026-07-02 09:29:30.071,os_log_fsyncs,43835616,43835616,20420.674319,enabled
1782984570.069,2026-07-02 09:29:30.071,os_log_pending_fsyncs,0,0,0.000000,enabled
1782984570.069,2026-07-02 09:29:30.071,os_log_pending_writes,0,0,0.000000,enabled
1782984570.069,2026-07-02 09:29:30.071,trx_rseg_history_len,534,534,0.000000,enabled
1782984571.140,2026-07-02 09:29:31.141,adaptive_hash_searches,0,0,0.000000,enabled
1782984571.140,2026-07-02 09:29:31.141,adaptive_hash_searches_btree,571742762,571742762,266211.623190,enabled
1782984571.140,2026-07-02 09:29:31.141,buffer_data_reads,1095049300480,1095049300480,509870712.137699,enabled
1782984571.140,2026-07-02 09:29:31.141,buffer_data_written,531469817856,531469817856,247459994.879895,enabled
1782984571.140,2026-07-02 09:29:31.141,buffer_pages0_read,7,7,0.003259,enabled
1782984571.140,2026-07-02 09:29:31.141,buffer_pages_created,1808682,1808682,842.148375,enabled
1782984571.140,2026-07-02 09:29:31.141,buffer_pages_read,67025207,67025207,31207.900957,enabled
1782984571.140,2026-07-02 09:29:31.141,buffer_pages_written,22978729,22978729,10699.226955,enabled
1782984571.140,2026-07-02 09:29:31.141,buffer_pool_bytes_data,12847235072,12847235072,0.000000,enabled
1782984571.140,2026-07-02 09:29:31.141,buffer_pool_bytes_dirty,4681515008,4681515008,0.000000,enabled
1782984571.140,2026-07-02 09:29:31.141,buffer_pool_pages_data,784133,784133,0.000000,enabled
1782984571.140,2026-07-02 09:29:31.141,buffer_pool_pages_dirty,285737,285737,0.000000,enabled
1782984571.140,2026-07-02 09:29:31.141,buffer_pool_pages_flushed,22921659,22921659,0.000000,enabled
1782984571.140,2026-07-02 09:29:31.141,buffer_pool_pages_free,2202,2202,0.000000,enabled
1782984571.140,2026-07-02 09:29:31.141,buffer_pool_pages_lru_flushed,0,0,0.000000,enabled
1782984571.140,2026-07-02 09:29:31.141,buffer_pool_pages_misc,96,96,0.000000,enabled
1782984571.140,2026-07-02 09:29:31.141,buffer_pool_pages_total,786432,786432,0.000000,enabled
1782984571.140,2026-07-02 09:29:31.141,buffer_pool_reads,66136983,66136983,30794.332201,enabled
1782984571.140,2026-07-02 09:29:31.141,buffer_pool_read_ahead,803715,803715,374.221280,enabled
1782984571.140,2026-07-02 09:29:31.141,buffer_pool_read_ahead_evicted,25,25,0.011640,enabled
1782984571.140,2026-07-02 09:29:31.141,buffer_pool_read_requests,2750186365,2750186365,1280526.388907,enabled
1782984571.140,2026-07-02 09:29:31.141,buffer_pool_size,12884901888,12884901888,0.000000,enabled
1782984571.140,2026-07-02 09:29:31.141,buffer_pool_wait_free,18945,18945,8.821065,enabled
1782984571.140,2026-07-02 09:29:31.141,buffer_pool_write_requests,587736639,587736639,273658.645432,enabled
1782984571.140,2026-07-02 09:29:31.141,dml_deletes,12384263,12384263,5766.290145,enabled
1782984571.140,2026-07-02 09:29:31.141,dml_inserts,112269663,112269663,52274.362398,enabled
1782984571.140,2026-07-02 09:29:31.141,dml_system_deletes,468,468,0.217907,enabled
1782984571.140,2026-07-02 09:29:31.141,dml_system_inserts,1202,1202,0.559668,enabled
1782984571.140,2026-07-02 09:29:31.141,dml_system_reads,7661,7661,3.567071,enabled
1782984571.140,2026-07-02 09:29:31.141,dml_system_updates,620,620,0.288681,enabled
1782984571.140,2026-07-02 09:29:31.141,dml_updates,24768641,24768641,11532.633824,enabled
1782984571.140,2026-07-02 09:29:31.141,file_num_open_files,35,35,0.000000,enabled
1782984571.140,2026-07-02 09:29:31.141,ibuf_merges,0,0,0.000000,enabled
1782984571.140,2026-07-02 09:29:31.141,ibuf_merges_delete,0,0,0.000000,enabled
1782984571.140,2026-07-02 09:29:31.141,ibuf_merges_delete_mark,0,0,0.000000,enabled
1782984571.140,2026-07-02 09:29:31.141,ibuf_merges_discard_delete,0,0,0.000000,enabled
1782984571.140,2026-07-02 09:29:31.141,ibuf_merges_discard_delete_mark,0,0,0.000000,enabled
1782984571.140,2026-07-02 09:29:31.141,ibuf_merges_discard_insert,0,0,0.000000,enabled
1782984571.140,2026-07-02 09:29:31.141,ibuf_merges_insert,0,0,0.000000,enabled
1782984571.140,2026-07-02 09:29:31.141,ibuf_size,1,1,0.000466,enabled
1782984571.140,2026-07-02 09:29:31.141,innodb_activity_count,17136870,17136870,7979.172148,enabled
1782984571.140,2026-07-02 09:29:31.141,innodb_dblwr_pages_written,22919609,22919609,10671.698182,enabled
1782984571.140,2026-07-02 09:29:31.141,innodb_dblwr_writes,465318,465318,216.658725,enabled
1782984571.140,2026-07-02 09:29:31.141,innodb_page_size,16384,16384,0.000000,enabled
1782984571.140,2026-07-02 09:29:31.141,innodb_rwlock_sx_os_waits,0,0,0.000000,enabled
1782984571.140,2026-07-02 09:29:31.141,innodb_rwlock_sx_spin_rounds,0,0,0.000000,enabled
1782984571.140,2026-07-02 09:29:31.141,innodb_rwlock_sx_spin_waits,0,0,0.000000,enabled
1782984571.140,2026-07-02 09:29:31.141,innodb_rwlock_s_os_waits,0,0,0.000000,enabled
1782984571.140,2026-07-02 09:29:31.141,innodb_rwlock_s_spin_rounds,0,0,0.000000,enabled
1782984571.140,2026-07-02 09:29:31.141,innodb_rwlock_s_spin_waits,0,0,0.000000,enabled
1782984571.140,2026-07-02 09:29:31.141,innodb_rwlock_x_os_waits,0,0,0.000000,enabled
1782984571.140,2026-07-02 09:29:31.141,innodb_rwlock_x_spin_rounds,0,0,0.000000,enabled
1782984571.140,2026-07-02 09:29:31.141,innodb_rwlock_x_spin_waits,0,0,0.000000,enabled
1782984571.140,2026-07-02 09:29:31.141,lock_deadlocks,0,0,0.000000,enabled
1782984571.140,2026-07-02 09:29:31.141,lock_deadlock_false_positives,0,0,0.000000,enabled
1782984571.140,2026-07-02 09:29:31.141,lock_deadlock_rounds,2385,2385,1.110490,enabled
1782984571.140,2026-07-02 09:29:31.141,lock_rec_grant_attempts,425,425,0.197886,enabled
1782984571.140,2026-07-02 09:29:31.141,lock_rec_release_attempts,37640767,37640767,17526.083663,enabled
1782984571.140,2026-07-02 09:29:31.141,lock_row_lock_current_waits,0,0,0.000000,enabled
1782984571.140,2026-07-02 09:29:31.141,lock_row_lock_time,323,323,0.150393,enabled
1782984571.140,2026-07-02 09:29:31.141,lock_row_lock_time_avg,0,0,0.000000,enabled
1782984571.140,2026-07-02 09:29:31.141,lock_row_lock_time_max,29,29,0.000000,enabled
1782984571.140,2026-07-02 09:29:31.141,lock_row_lock_waits,425,425,0.197886,enabled
1782984571.140,2026-07-02 09:29:31.141,lock_schedule_refreshes,2385,2385,1.110490,enabled
1782984571.140,2026-07-02 09:29:31.141,lock_threads_waiting,0,0,0.000000,enabled
1782984571.140,2026-07-02 09:29:31.141,lock_timeouts,0,0,0.000000,enabled
1782984571.140,2026-07-02 09:29:31.141,log_waits,0,0,0.000000,enabled
1782984571.140,2026-07-02 09:29:31.141,log_writes,187241762,187241762,87182.450626,enabled
1782984571.140,2026-07-02 09:29:31.141,log_write_requests,395229609,395229609,184024.576203,enabled
1782984571.140,2026-07-02 09:29:31.141,os_data_fsyncs,50011605,50011605,23286.121521,enabled
1782984571.140,2026-07-02 09:29:31.141,os_data_reads,67136643,67136643,31259.785199,enabled
1782984571.140,2026-07-02 09:29:31.141,os_data_writes,210965377,210965377,98228.509336,enabled
1782984571.140,2026-07-02 09:29:31.141,os_log_bytes_written,120334121472,120334121472,56029295.003778,enabled
1782984571.140,2026-07-02 09:29:31.141,os_log_fsyncs,43865767,43865767,20424.531026,enabled
1782984571.140,2026-07-02 09:29:31.141,os_log_pending_fsyncs,0,0,0.000000,enabled
1782984571.140,2026-07-02 09:29:31.141,os_log_pending_writes,0,0,0.000000,enabled
1782984571.140,2026-07-02 09:29:31.141,trx_rseg_history_len,644,644,0.000000,enabled
1782984572.212,2026-07-02 09:29:32.213,adaptive_hash_searches,0,0,0.000000,enabled
1782984572.212,2026-07-02 09:29:32.213,adaptive_hash_searches_btree,571913857,571913857,266158.688793,enabled
1782984572.212,2026-07-02 09:29:32.213,buffer_data_reads,1095997295104,1095997295104,510057998.922189,enabled
1782984572.212,2026-07-02 09:29:32.213,buffer_data_written,531781658112,531781658112,247481895.613730,enabled
1782984572.212,2026-07-02 09:29:32.213,buffer_pages0_read,7,7,0.003258,enabled
1782984572.212,2026-07-02 09:29:32.213,buffer_pages_created,1808714,1808714,841.743913,enabled
1782984572.212,2026-07-02 09:29:32.213,buffer_pages_read,67083225,67083225,31219.361328,enabled
1782984572.212,2026-07-02 09:29:32.213,buffer_pages_written,22994802,22994802,10701.379293,enabled
1782984572.212,2026-07-02 09:29:32.213,buffer_pool_bytes_data,12855754752,12855754752,0.000000,enabled
1782984572.212,2026-07-02 09:29:32.213,buffer_pool_bytes_dirty,4686331904,4686331904,0.000000,enabled
1782984572.212,2026-07-02 09:29:32.213,buffer_pool_pages_data,784652,784652,0.000000,enabled
1782984572.212,2026-07-02 09:29:32.213,buffer_pool_pages_dirty,286030,286030,0.000000,enabled
1782984572.212,2026-07-02 09:29:32.213,buffer_pool_pages_flushed,22937732,22937732,0.000000,enabled
1782984572.212,2026-07-02 09:29:32.213,buffer_pool_pages_free,1683,1683,0.000000,enabled
1782984572.212,2026-07-02 09:29:32.213,buffer_pool_pages_lru_flushed,0,0,0.000000,enabled
1782984572.212,2026-07-02 09:29:32.213,buffer_pool_pages_misc,97,97,0.000000,enabled
1782984572.212,2026-07-02 09:29:32.213,buffer_pool_pages_total,786432,786432,0.000000,enabled
1782984572.212,2026-07-02 09:29:32.213,buffer_pool_reads,66194937,66194937,30805.968806,enabled
1782984572.212,2026-07-02 09:29:32.213,buffer_pool_read_ahead,803715,803715,374.034934,enabled
1782984572.212,2026-07-02 09:29:32.213,buffer_pool_read_ahead_evicted,25,25,0.011635,enabled
1782984572.212,2026-07-02 09:29:32.213,buffer_pool_read_requests,2751033794,2751033794,1280283.123074,enabled
1782984572.212,2026-07-02 09:29:32.213,buffer_pool_size,12884901888,12884901888,0.000000,enabled
1782984572.212,2026-07-02 09:29:32.213,buffer_pool_wait_free,18945,18945,8.816672,enabled
1782984572.212,2026-07-02 09:29:32.213,buffer_pool_write_requests,587852228,587852228,273576.168743,enabled
1782984572.212,2026-07-02 09:29:32.213,dml_deletes,12389204,12389204,5765.718318,enabled
1782984572.212,2026-07-02 09:29:32.213,dml_inserts,112274605,112274605,52250.632674,enabled
1782984572.212,2026-07-02 09:29:32.213,dml_system_deletes,468,468,0.217799,enabled
1782984572.212,2026-07-02 09:29:32.213,dml_system_inserts,1202,1202,0.559390,enabled
1782984572.212,2026-07-02 09:29:32.213,dml_system_reads,7661,7661,3.565295,enabled
1782984572.212,2026-07-02 09:29:32.213,dml_system_updates,620,620,0.288537,enabled
1782984572.212,2026-07-02 09:29:32.213,dml_updates,24778526,24778526,11531.491542,enabled
1782984572.212,2026-07-02 09:29:32.213,file_num_open_files,35,35,0.000000,enabled
1782984572.212,2026-07-02 09:29:32.213,ibuf_merges,0,0,0.000000,enabled
1782984572.212,2026-07-02 09:29:32.213,ibuf_merges_delete,0,0,0.000000,enabled
1782984572.212,2026-07-02 09:29:32.213,ibuf_merges_delete_mark,0,0,0.000000,enabled
1782984572.212,2026-07-02 09:29:32.213,ibuf_merges_discard_delete,0,0,0.000000,enabled
1782984572.212,2026-07-02 09:29:32.213,ibuf_merges_discard_delete_mark,0,0,0.000000,enabled
1782984572.212,2026-07-02 09:29:32.213,ibuf_merges_discard_insert,0,0,0.000000,enabled
1782984572.212,2026-07-02 09:29:32.213,ibuf_merges_insert,0,0,0.000000,enabled
1782984572.212,2026-07-02 09:29:32.213,ibuf_size,1,1,0.000465,enabled
1782984572.212,2026-07-02 09:29:32.213,innodb_activity_count,17142547,17142547,7977.840932,enabled
1782984572.212,2026-07-02 09:29:32.213,innodb_dblwr_pages_written,22935682,22935682,10673.864360,enabled
1782984572.212,2026-07-02 09:29:32.213,innodb_dblwr_writes,465675,465675,216.716982,enabled
1782984572.212,2026-07-02 09:29:32.213,innodb_page_size,16384,16384,0.000000,enabled
1782984572.212,2026-07-02 09:29:32.213,innodb_rwlock_sx_os_waits,0,0,0.000000,enabled
1782984572.212,2026-07-02 09:29:32.213,innodb_rwlock_sx_spin_rounds,0,0,0.000000,enabled
1782984572.212,2026-07-02 09:29:32.213,innodb_rwlock_sx_spin_waits,0,0,0.000000,enabled
1782984572.212,2026-07-02 09:29:32.213,innodb_rwlock_s_os_waits,0,0,0.000000,enabled
1782984572.212,2026-07-02 09:29:32.213,innodb_rwlock_s_spin_rounds,0,0,0.000000,enabled
1782984572.212,2026-07-02 09:29:32.213,innodb_rwlock_s_spin_waits,0,0,0.000000,enabled
1782984572.212,2026-07-02 09:29:32.213,innodb_rwlock_x_os_waits,0,0,0.000000,enabled
1782984572.212,2026-07-02 09:29:32.213,innodb_rwlock_x_spin_rounds,0,0,0.000000,enabled
1782984572.212,2026-07-02 09:29:32.213,innodb_rwlock_x_spin_waits,0,0,0.000000,enabled
1782984572.212,2026-07-02 09:29:32.213,lock_deadlocks,0,0,0.000000,enabled
1782984572.212,2026-07-02 09:29:32.213,lock_deadlock_false_positives,0,0,0.000000,enabled
1782984572.212,2026-07-02 09:29:32.213,lock_deadlock_rounds,2386,2386,1.110403,enabled
1782984572.212,2026-07-02 09:29:32.213,lock_rec_grant_attempts,425,425,0.197788,enabled
1782984572.212,2026-07-02 09:29:32.213,lock_rec_release_attempts,37655788,37655788,17524.347005,enabled
1782984572.212,2026-07-02 09:29:32.213,lock_row_lock_current_waits,0,0,0.000000,enabled
1782984572.212,2026-07-02 09:29:32.213,lock_row_lock_time,323,323,0.150319,enabled
1782984572.212,2026-07-02 09:29:32.213,lock_row_lock_time_avg,0,0,0.000000,enabled
1782984572.212,2026-07-02 09:29:32.213,lock_row_lock_time_max,29,29,0.000000,enabled
1782984572.212,2026-07-02 09:29:32.213,lock_row_lock_waits,425,425,0.197788,enabled
1782984572.212,2026-07-02 09:29:32.213,lock_schedule_refreshes,2386,2386,1.110403,enabled
1782984572.212,2026-07-02 09:29:32.213,lock_threads_waiting,0,0,0.000000,enabled
1782984572.212,2026-07-02 09:29:32.213,lock_timeouts,0,0,0.000000,enabled
1782984572.212,2026-07-02 09:29:32.213,log_waits,0,0,0.000000,enabled
1782984572.212,2026-07-02 09:29:32.213,log_writes,187322572,187322572,87176.645669,enabled
1782984572.212,2026-07-02 09:29:32.213,log_write_requests,395313501,395313501,183971.983005,enabled
1782984572.212,2026-07-02 09:29:32.213,os_data_fsyncs,50046884,50046884,23290.944359,enabled
1782984572.212,2026-07-02 09:29:32.213,os_data_reads,67194509,67194509,31271.149116,enabled
1782984572.212,2026-07-02 09:29:32.213,os_data_writes,211062502,211062502,98224.796449,enabled
1782984572.212,2026-07-02 09:29:32.213,os_log_bytes_written,120376394240,120376394240,56021068.065313,enabled
1782984572.212,2026-07-02 09:29:32.213,os_log_fsyncs,43896121,43896121,20428.486796,enabled
1782984572.212,2026-07-02 09:29:32.213,os_log_pending_fsyncs,1,1,0.000465,enabled
1782984572.212,2026-07-02 09:29:32.213,os_log_pending_writes,0,0,0.000000,enabled
1782984572.212,2026-07-02 09:29:32.213,trx_rseg_history_len,751,751,0.000000,enabled
1782984573.281,2026-07-02 09:29:33.283,adaptive_hash_searches,0,0,0.000000,enabled
1782984573.281,2026-07-02 09:29:33.283,adaptive_hash_searches_btree,572085964,572085964,266105.615106,enabled
1782984573.281,2026-07-02 09:29:33.283,buffer_data_reads,1096949746176,1096949746176,510245907.481550,enabled
1782984573.281,2026-07-02 09:29:33.283,buffer_data_written,532098527232,532098527232,247505500.281600,enabled
1782984573.281,2026-07-02 09:29:33.283,buffer_pages0_read,7,7,0.003256,enabled
1782984573.281,2026-07-02 09:29:33.283,buffer_pages_created,1808772,1808772,841.349863,enabled
1782984573.281,2026-07-02 09:29:33.283,buffer_pages_read,67141526,67141526,31230.864541,enabled
1782984573.281,2026-07-02 09:29:33.283,buffer_pages_written,23011127,23011127,10703.620185,enabled
1782984573.281,2026-07-02 09:29:33.283,buffer_pool_bytes_data,12855508992,12855508992,0.000000,enabled
1782984573.281,2026-07-02 09:29:33.283,buffer_pool_bytes_dirty,4689297408,4689297408,0.000000,enabled
1782984573.281,2026-07-02 09:29:33.283,buffer_pool_pages_data,784638,784638,0.000000,enabled
1782984573.281,2026-07-02 09:29:33.283,buffer_pool_pages_dirty,286212,286212,0.000000,enabled
1782984573.281,2026-07-02 09:29:33.283,buffer_pool_pages_flushed,22954047,22954047,0.000000,enabled
1782984573.281,2026-07-02 09:29:33.283,buffer_pool_pages_free,1699,1699,0.000000,enabled
1782984573.281,2026-07-02 09:29:33.283,buffer_pool_pages_lru_flushed,0,0,0.000000,enabled
1782984573.281,2026-07-02 09:29:33.283,buffer_pool_pages_misc,96,96,0.000000,enabled
1782984573.281,2026-07-02 09:29:33.283,buffer_pool_pages_total,786432,786432,0.000000,enabled
1782984573.281,2026-07-02 09:29:33.283,buffer_pool_reads,66253177,66253177,30817.650304,enabled
1782984573.281,2026-07-02 09:29:33.283,buffer_pool_read_ahead,803715,803715,373.847847,enabled
1782984573.281,2026-07-02 09:29:33.283,buffer_pool_read_ahead_evicted,25,25,0.011629,enabled
1782984573.281,2026-07-02 09:29:33.283,buffer_pool_read_requests,2751886670,2751886670,1280039.455950,enabled
1782984573.281,2026-07-02 09:29:33.283,buffer_pool_size,12884901888,12884901888,0.000000,enabled
1782984573.281,2026-07-02 09:29:33.283,buffer_pool_wait_free,18945,18945,8.812262,enabled
1782984573.281,2026-07-02 09:29:33.283,buffer_pool_write_requests,587968696,587968696,273493.504446,enabled
1782984573.281,2026-07-02 09:29:33.283,dml_deletes,12394170,12394170,5765.144317,enabled
1782984573.281,2026-07-02 09:29:33.283,dml_inserts,112279571,112279571,52226.807549,enabled
1782984573.281,2026-07-02 09:29:33.283,dml_system_deletes,468,468,0.217690,enabled
1782984573.281,2026-07-02 09:29:33.283,dml_system_inserts,1202,1202,0.559110,enabled
1782984573.281,2026-07-02 09:29:33.283,dml_system_reads,7661,7661,3.563512,enabled
1782984573.281,2026-07-02 09:29:33.283,dml_system_updates,620,620,0.288393,enabled
1782984573.281,2026-07-02 09:29:33.283,dml_updates,24788460,24788460,11530.344442,enabled
1782984573.281,2026-07-02 09:29:33.283,file_num_open_files,35,35,0.000000,enabled
1782984573.281,2026-07-02 09:29:33.283,ibuf_merges,0,0,0.000000,enabled
1782984573.281,2026-07-02 09:29:33.283,ibuf_merges_delete,0,0,0.000000,enabled
1782984573.281,2026-07-02 09:29:33.283,ibuf_merges_delete_mark,0,0,0.000000,enabled
1782984573.281,2026-07-02 09:29:33.283,ibuf_merges_discard_delete,0,0,0.000000,enabled
1782984573.281,2026-07-02 09:29:33.283,ibuf_merges_discard_delete_mark,0,0,0.000000,enabled
1782984573.281,2026-07-02 09:29:33.283,ibuf_merges_discard_insert,0,0,0.000000,enabled
1782984573.281,2026-07-02 09:29:33.283,ibuf_merges_insert,0,0,0.000000,enabled
1782984573.281,2026-07-02 09:29:33.283,ibuf_size,1,1,0.000465,enabled
1782984573.281,2026-07-02 09:29:33.283,innodb_activity_count,17148243,17148243,7976.500012,enabled
1782984573.281,2026-07-02 09:29:33.283,innodb_dblwr_pages_written,22951997,22951997,10676.114353,enabled
1782984573.281,2026-07-02 09:29:33.283,innodb_dblwr_writes,466018,466018,216.768130,enabled
1782984573.281,2026-07-02 09:29:33.283,innodb_page_size,16384,16384,0.000000,enabled
1782984573.281,2026-07-02 09:29:33.283,innodb_rwlock_sx_os_waits,0,0,0.000000,enabled
1782984573.281,2026-07-02 09:29:33.283,innodb_rwlock_sx_spin_rounds,0,0,0.000000,enabled
1782984573.281,2026-07-02 09:29:33.283,innodb_rwlock_sx_spin_waits,0,0,0.000000,enabled
1782984573.281,2026-07-02 09:29:33.283,innodb_rwlock_s_os_waits,0,0,0.000000,enabled
1782984573.281,2026-07-02 09:29:33.283,innodb_rwlock_s_spin_rounds,0,0,0.000000,enabled
1782984573.281,2026-07-02 09:29:33.283,innodb_rwlock_s_spin_waits,0,0,0.000000,enabled
1782984573.281,2026-07-02 09:29:33.283,innodb_rwlock_x_os_waits,0,0,0.000000,enabled
1782984573.281,2026-07-02 09:29:33.283,innodb_rwlock_x_spin_rounds,0,0,0.000000,enabled
1782984573.281,2026-07-02 09:29:33.283,innodb_rwlock_x_spin_waits,0,0,0.000000,enabled
1782984573.281,2026-07-02 09:29:33.283,lock_deadlocks,0,0,0.000000,enabled
1782984573.281,2026-07-02 09:29:33.283,lock_deadlock_false_positives,0,0,0.000000,enabled
1782984573.281,2026-07-02 09:29:33.283,lock_deadlock_rounds,2387,2387,1.110313,enabled
1782984573.281,2026-07-02 09:29:33.283,lock_rec_grant_attempts,425,425,0.197689,enabled
1782984573.281,2026-07-02 09:29:33.283,lock_rec_release_attempts,37670881,37670881,17522.601977,enabled
1782984573.281,2026-07-02 09:29:33.283,lock_row_lock_current_waits,0,0,0.000000,enabled
1782984573.281,2026-07-02 09:29:33.283,lock_row_lock_time,323,323,0.150243,enabled
1782984573.281,2026-07-02 09:29:33.283,lock_row_lock_time_avg,0,0,0.000000,enabled
1782984573.281,2026-07-02 09:29:33.283,lock_row_lock_time_max,29,29,0.000000,enabled
1782984573.281,2026-07-02 09:29:33.283,lock_row_lock_waits,425,425,0.197689,enabled
1782984573.281,2026-07-02 09:29:33.283,lock_schedule_refreshes,2387,2387,1.110313,enabled
1782984573.281,2026-07-02 09:29:33.283,lock_threads_waiting,0,0,0.000000,enabled
1782984573.281,2026-07-02 09:29:33.283,lock_timeouts,0,0,0.000000,enabled
1782984573.281,2026-07-02 09:29:33.283,log_waits,0,0,0.000000,enabled
1782984573.281,2026-07-02 09:29:33.283,log_writes,187404053,187404053,87170.941825,enabled
1782984573.281,2026-07-02 09:29:33.283,log_write_requests,395397879,395397879,183919.210850,enabled
1782984573.281,2026-07-02 09:29:33.283,os_data_fsyncs,50081590,50081590,23295.438022,enabled
1782984573.281,2026-07-02 09:29:33.283,os_data_reads,67252672,67252672,31282.562210,enabled
1782984573.281,2026-07-02 09:29:33.283,os_data_writes,211160557,211160557,98221.275966,enabled
1782984573.281,2026-07-02 09:29:33.283,os_log_bytes_written,120419324416,120419324416,56013016.025626,enabled
1782984573.281,2026-07-02 09:29:33.283,os_log_fsyncs,43926016,43926016,20432.174390,enabled
1782984573.281,2026-07-02 09:29:33.283,os_log_pending_fsyncs,1,1,0.000465,enabled
1782984573.281,2026-07-02 09:29:33.283,os_log_pending_writes,1,1,0.000465,enabled
1782984573.281,2026-07-02 09:29:33.283,trx_rseg_history_len,846,846,0.000000,enabled
1782984574.357,2026-07-02 09:29:34.358,adaptive_hash_searches,0,0,0.000000,enabled
1782984574.357,2026-07-02 09:29:34.358,adaptive_hash_searches_btree,572255834,572255834,266052.402772,enabled
1782984574.357,2026-07-02 09:29:34.358,buffer_data_reads,1097891514880,1097891514880,510430287.466338,enabled
1782984574.357,2026-07-02 09:29:34.358,buffer_data_written,532426107392,532426107392,247534849.475564,enabled
1782984574.357,2026-07-02 09:29:34.358,buffer_pages0_read,7,7,0.003254,enabled
1782984574.357,2026-07-02 09:29:34.358,buffer_pages_created,1808825,1808825,840.956564,enabled
1782984574.357,2026-07-02 09:29:34.358,buffer_pages_read,67199162,67199162,31242.146703,enabled
1782984574.357,2026-07-02 09:29:34.358,buffer_pages_written,23027895,23027895,10706.098927,enabled
1782984574.357,2026-07-02 09:29:34.358,buffer_pool_bytes_data,12854886400,12854886400,0.000000,enabled
1782984574.357,2026-07-02 09:29:34.358,buffer_pool_bytes_dirty,4682973184,4682973184,0.000000,enabled
1782984574.357,2026-07-02 09:29:34.358,buffer_pool_pages_data,784600,784600,0.000000,enabled
1782984574.357,2026-07-02 09:29:34.358,buffer_pool_pages_dirty,285826,285826,0.000000,enabled
1782984574.357,2026-07-02 09:29:34.358,buffer_pool_pages_flushed,22970148,22970148,0.000000,enabled
1782984574.357,2026-07-02 09:29:34.358,buffer_pool_pages_free,1737,1737,0.000000,enabled
1782984574.357,2026-07-02 09:29:34.358,buffer_pool_pages_lru_flushed,0,0,0.000000,enabled
1782984574.357,2026-07-02 09:29:34.358,buffer_pool_pages_misc,96,96,0.000000,enabled
1782984574.357,2026-07-02 09:29:34.358,buffer_pool_pages_total,786432,786432,0.000000,enabled
1782984574.357,2026-07-02 09:29:34.358,buffer_pool_reads,66310757,66310757,30829.111699,enabled
1782984574.357,2026-07-02 09:29:34.358,buffer_pool_read_ahead,803715,803715,373.662138,enabled
1782984574.357,2026-07-02 09:29:34.358,buffer_pool_read_ahead_evicted,25,25,0.011623,enabled
1782984574.357,2026-07-02 09:29:34.358,buffer_pool_read_requests,2752728793,2752728793,1279795.116696,enabled
1782984574.357,2026-07-02 09:29:34.358,buffer_pool_size,12884901888,12884901888,0.000000,enabled
1782984574.357,2026-07-02 09:29:34.358,buffer_pool_wait_free,18945,18945,8.807885,enabled
1782984574.357,2026-07-02 09:29:34.358,buffer_pool_write_requests,588083455,588083455,273411.000484,enabled
1782984574.357,2026-07-02 09:29:34.358,dml_deletes,12399077,12399077,5764.561822,enabled
1782984574.357,2026-07-02 09:29:34.358,dml_inserts,112284479,112284479,52203.145580,enabled
1782984574.357,2026-07-02 09:29:34.358,dml_system_deletes,468,468,0.217582,enabled
1782984574.357,2026-07-02 09:29:34.358,dml_system_inserts,1202,1202,0.558832,enabled
1782984574.357,2026-07-02 09:29:34.358,dml_system_reads,7661,7661,3.561742,enabled
1782984574.357,2026-07-02 09:29:34.358,dml_system_updates,620,620,0.288250,enabled
1782984574.357,2026-07-02 09:29:34.358,dml_updates,24798266,24798266,11529.175705,enabled
1782984574.357,2026-07-02 09:29:34.358,file_num_open_files,35,35,0.000000,enabled
1782984574.357,2026-07-02 09:29:34.358,ibuf_merges,0,0,0.000000,enabled
1782984574.357,2026-07-02 09:29:34.358,ibuf_merges_delete,0,0,0.000000,enabled
1782984574.357,2026-07-02 09:29:34.358,ibuf_merges_delete_mark,0,0,0.000000,enabled
1782984574.357,2026-07-02 09:29:34.358,ibuf_merges_discard_delete,0,0,0.000000,enabled
1782984574.357,2026-07-02 09:29:34.358,ibuf_merges_discard_delete_mark,0,0,0.000000,enabled
1782984574.357,2026-07-02 09:29:34.358,ibuf_merges_discard_insert,0,0,0.000000,enabled
1782984574.357,2026-07-02 09:29:34.358,ibuf_merges_insert,0,0,0.000000,enabled
1782984574.357,2026-07-02 09:29:34.358,ibuf_size,1,1,0.000465,enabled
1782984574.357,2026-07-02 09:29:34.358,innodb_activity_count,17153883,17153883,7975.159819,enabled
1782984574.357,2026-07-02 09:29:34.358,innodb_dblwr_pages_written,22968098,22968098,10678.296627,enabled
1782984574.357,2026-07-02 09:29:34.358,innodb_dblwr_writes,466371,466371,216.824566,enabled
1782984574.357,2026-07-02 09:29:34.358,innodb_page_size,16384,16384,0.000000,enabled
1782984574.357,2026-07-02 09:29:34.358,innodb_rwlock_sx_os_waits,0,0,0.000000,enabled
1782984574.357,2026-07-02 09:29:34.358,innodb_rwlock_sx_spin_rounds,0,0,0.000000,enabled
1782984574.357,2026-07-02 09:29:34.358,innodb_rwlock_sx_spin_waits,0,0,0.000000,enabled
1782984574.357,2026-07-02 09:29:34.358,innodb_rwlock_s_os_waits,0,0,0.000000,enabled
1782984574.357,2026-07-02 09:29:34.358,innodb_rwlock_s_spin_rounds,0,0,0.000000,enabled
1782984574.357,2026-07-02 09:29:34.358,innodb_rwlock_s_spin_waits,0,0,0.000000,enabled
1782984574.357,2026-07-02 09:29:34.358,innodb_rwlock_x_os_waits,0,0,0.000000,enabled
1782984574.357,2026-07-02 09:29:34.358,innodb_rwlock_x_spin_rounds,0,0,0.000000,enabled
1782984574.357,2026-07-02 09:29:34.358,innodb_rwlock_x_spin_waits,0,0,0.000000,enabled
1782984574.357,2026-07-02 09:29:34.358,lock_deadlocks,0,0,0.000000,enabled
1782984574.357,2026-07-02 09:29:34.358,lock_deadlock_false_positives,0,0,0.000000,enabled
1782984574.357,2026-07-02 09:29:34.358,lock_deadlock_rounds,2388,2388,1.110226,enabled
1782984574.357,2026-07-02 09:29:34.358,lock_rec_grant_attempts,425,425,0.197590,enabled
1782984574.357,2026-07-02 09:29:34.358,lock_rec_release_attempts,37685807,37685807,17520.837029,enabled
1782984574.357,2026-07-02 09:29:34.358,lock_row_lock_current_waits,0,0,0.000000,enabled
1782984574.357,2026-07-02 09:29:34.358,lock_row_lock_time,323,323,0.150169,enabled
1782984574.357,2026-07-02 09:29:34.358,lock_row_lock_time_avg,0,0,0.000000,enabled
1782984574.357,2026-07-02 09:29:34.358,lock_row_lock_time_max,29,29,0.000000,enabled
1782984574.357,2026-07-02 09:29:34.358,lock_row_lock_waits,425,425,0.197590,enabled
1782984574.357,2026-07-02 09:29:34.358,lock_schedule_refreshes,2388,2388,1.110226,enabled
1782984574.357,2026-07-02 09:29:34.358,lock_threads_waiting,0,0,0.000000,enabled
1782984574.357,2026-07-02 09:29:34.358,lock_timeouts,0,0,0.000000,enabled
1782984574.357,2026-07-02 09:29:34.358,log_waits,0,0,0.000000,enabled
1782984574.357,2026-07-02 09:29:34.358,log_writes,187481956,187481956,87163.858229,enabled
1782984574.357,2026-07-02 09:29:34.358,log_write_requests,395481257,395481257,183866.612958,enabled
1782984574.357,2026-07-02 09:29:34.358,os_data_fsyncs,50115616,50115616,23299.685303,enabled
1782984574.357,2026-07-02 09:29:34.358,os_data_reads,67310147,67310147,31293.743751,enabled
1782984574.357,2026-07-02 09:29:34.358,os_data_writes,211255522,211255522,98216.635394,enabled
1782984574.357,2026-07-02 09:29:34.358,os_log_bytes_written,120460218880,120460218880,56004204.092180,enabled
1782984574.357,2026-07-02 09:29:34.358,os_log_fsyncs,43955209,43955209,20435.597050,enabled
1782984574.357,2026-07-02 09:29:34.358,os_log_pending_fsyncs,1,1,0.000465,enabled
1782984574.357,2026-07-02 09:29:34.358,os_log_pending_writes,0,0,0.000000,enabled
1782984574.357,2026-07-02 09:29:34.358,trx_rseg_history_len,843,843,0.000000,enabled
1782984575.425,2026-07-02 09:29:35.427,adaptive_hash_searches,0,0,0.000000,enabled
1782984575.425,2026-07-02 09:29:35.427,adaptive_hash_searches_btree,572423758,572423758,265998.183735,enabled
1782984575.425,2026-07-02 09:29:35.427,buffer_data_reads,1098817505792,1098817505792,510606858.050643,enabled
1782984575.425,2026-07-02 09:29:35.427,buffer_data_written,532781633024,532781633024,247577012.601422,enabled
1782984575.425,2026-07-02 09:29:35.427,buffer_pages0_read,7,7,0.003253,enabled
1782984575.425,2026-07-02 09:29:35.427,buffer_pages_created,1808859,1808859,840.554336,enabled
1782984575.425,2026-07-02 09:29:35.427,buffer_pages_read,67255864,67255864,31252.965383,enabled
1782984575.425,2026-07-02 09:29:35.427,buffer_pages_written,23047133,23047133,10709.716737,enabled
1782984575.425,2026-07-02 09:29:35.427,buffer_pool_bytes_data,12855623680,12855623680,0.000000,enabled
1782984575.425,2026-07-02 09:29:35.427,buffer_pool_bytes_dirty,4633706496,4633706496,0.000000,enabled
1782984575.425,2026-07-02 09:29:35.427,buffer_pool_pages_data,784644,784644,0.000000,enabled
1782984575.425,2026-07-02 09:29:35.427,buffer_pool_pages_dirty,282819,282819,0.000000,enabled
1782984575.425,2026-07-02 09:29:35.427,buffer_pool_pages_flushed,22990063,22990063,0.000000,enabled
1782984575.425,2026-07-02 09:29:35.427,buffer_pool_pages_free,1691,1691,0.000000,enabled
1782984575.425,2026-07-02 09:29:35.427,buffer_pool_pages_lru_flushed,0,0,0.000000,enabled
1782984575.425,2026-07-02 09:29:35.427,buffer_pool_pages_misc,96,96,0.000000,enabled
1782984575.425,2026-07-02 09:29:35.427,buffer_pool_pages_total,786432,786432,0.000000,enabled
1782984575.425,2026-07-02 09:29:35.427,buffer_pool_reads,66367410,66367410,30840.113020,enabled
1782984575.425,2026-07-02 09:29:35.427,buffer_pool_read_ahead,803715,803715,373.476397,enabled
1782984575.425,2026-07-02 09:29:35.427,buffer_pool_read_ahead_evicted,25,25,0.011617,enabled
1782984575.425,2026-07-02 09:29:35.427,buffer_pool_read_requests,2753561086,2753561086,1279545.708354,enabled
1782984575.425,2026-07-02 09:29:35.427,buffer_pool_size,12884901888,12884901888,0.000000,enabled
1782984575.425,2026-07-02 09:29:35.427,buffer_pool_wait_free,18945,18945,8.803507,enabled
1782984575.425,2026-07-02 09:29:35.427,buffer_pool_write_requests,588197598,588197598,273328.133266,enabled
1782984575.425,2026-07-02 09:29:35.427,dml_deletes,12403930,12403930,5763.951442,enabled
1782984575.425,2026-07-02 09:29:35.427,dml_inserts,112289330,112289330,52179.450084,enabled
1782984575.425,2026-07-02 09:29:35.427,dml_system_deletes,468,468,0.217474,enabled
1782984575.425,2026-07-02 09:29:35.427,dml_system_inserts,1202,1202,0.558554,enabled
1782984575.425,2026-07-02 09:29:35.427,dml_system_reads,7661,7661,3.559971,enabled
1782984575.425,2026-07-02 09:29:35.427,dml_system_updates,620,620,0.288106,enabled
1782984575.425,2026-07-02 09:29:35.427,dml_updates,24807978,24807978,11527.957707,enabled
1782984575.425,2026-07-02 09:29:35.427,file_num_open_files,35,35,0.000000,enabled
1782984575.425,2026-07-02 09:29:35.427,ibuf_merges,0,0,0.000000,enabled
1782984575.425,2026-07-02 09:29:35.427,ibuf_merges_delete,0,0,0.000000,enabled
1782984575.425,2026-07-02 09:29:35.427,ibuf_merges_delete_mark,0,0,0.000000,enabled
1782984575.425,2026-07-02 09:29:35.427,ibuf_merges_discard_delete,0,0,0.000000,enabled
1782984575.425,2026-07-02 09:29:35.427,ibuf_merges_discard_delete_mark,0,0,0.000000,enabled
1782984575.425,2026-07-02 09:29:35.427,ibuf_merges_discard_insert,0,0,0.000000,enabled
1782984575.425,2026-07-02 09:29:35.427,ibuf_merges_insert,0,0,0.000000,enabled
1782984575.425,2026-07-02 09:29:35.427,ibuf_size,1,1,0.000465,enabled
1782984575.425,2026-07-02 09:29:35.427,innodb_activity_count,17159451,17159451,7973.782821,enabled
1782984575.425,2026-07-02 09:29:35.427,innodb_dblwr_pages_written,22988013,22988013,10682.242803,enabled
1782984575.425,2026-07-02 09:29:35.427,innodb_dblwr_writes,466758,466758,216.896619,enabled
1782984575.425,2026-07-02 09:29:35.427,innodb_page_size,16384,16384,0.000000,enabled
1782984575.425,2026-07-02 09:29:35.427,innodb_rwlock_sx_os_waits,0,0,0.000000,enabled
1782984575.425,2026-07-02 09:29:35.427,innodb_rwlock_sx_spin_rounds,0,0,0.000000,enabled
1782984575.425,2026-07-02 09:29:35.427,innodb_rwlock_sx_spin_waits,0,0,0.000000,enabled
1782984575.425,2026-07-02 09:29:35.427,innodb_rwlock_s_os_waits,0,0,0.000000,enabled
1782984575.425,2026-07-02 09:29:35.427,innodb_rwlock_s_spin_rounds,0,0,0.000000,enabled
1782984575.425,2026-07-02 09:29:35.427,innodb_rwlock_s_spin_waits,0,0,0.000000,enabled
1782984575.425,2026-07-02 09:29:35.427,innodb_rwlock_x_os_waits,0,0,0.000000,enabled
1782984575.425,2026-07-02 09:29:35.427,innodb_rwlock_x_spin_rounds,0,0,0.000000,enabled
1782984575.425,2026-07-02 09:29:35.427,innodb_rwlock_x_spin_waits,0,0,0.000000,enabled
1782984575.425,2026-07-02 09:29:35.427,lock_deadlocks,0,0,0.000000,enabled
1782984575.425,2026-07-02 09:29:35.427,lock_deadlock_false_positives,0,0,0.000000,enabled
1782984575.425,2026-07-02 09:29:35.427,lock_deadlock_rounds,2389,2389,1.110139,enabled
1782984575.425,2026-07-02 09:29:35.427,lock_rec_grant_attempts,425,425,0.197492,enabled
1782984575.425,2026-07-02 09:29:35.427,lock_rec_release_attempts,37700567,37700567,17518.986533,enabled
1782984575.425,2026-07-02 09:29:35.427,lock_row_lock_current_waits,0,0,0.000000,enabled
1782984575.425,2026-07-02 09:29:35.427,lock_row_lock_time,323,323,0.150094,enabled
1782984575.425,2026-07-02 09:29:35.427,lock_row_lock_time_avg,0,0,0.000000,enabled
1782984575.425,2026-07-02 09:29:35.427,lock_row_lock_time_max,29,29,0.000000,enabled
1782984575.425,2026-07-02 09:29:35.427,lock_row_lock_waits,425,425,0.197492,enabled
1782984575.425,2026-07-02 09:29:35.427,lock_schedule_refreshes,2389,2389,1.110139,enabled
1782984575.425,2026-07-02 09:29:35.427,lock_threads_waiting,0,0,0.000000,enabled
1782984575.425,2026-07-02 09:29:35.427,lock_timeouts,0,0,0.000000,enabled
1782984575.425,2026-07-02 09:29:35.427,log_waits,0,0,0.000000,enabled
1782984575.425,2026-07-02 09:29:35.427,log_writes,187558297,187558297,87156.005022,enabled
1782984575.425,2026-07-02 09:29:35.427,log_write_requests,395563702,395563702,183813.526632,enabled
1782984575.425,2026-07-02 09:29:35.427,os_data_fsyncs,50149691,50149691,23303.937647,enabled
1782984575.425,2026-07-02 09:29:35.427,os_data_reads,67366680,67366680,31304.458337,enabled
1782984575.425,2026-07-02 09:29:35.427,os_data_writes,211351347,211351347,98212.342237,enabled
1782984575.425,2026-07-02 09:29:35.427,os_log_bytes_written,120500222976,120500222976,55994954.731924,enabled
1782984575.425,2026-07-02 09:29:35.427,os_log_fsyncs,43983924,43983924,20438.782355,enabled
1782984575.425,2026-07-02 09:29:35.427,os_log_pending_fsyncs,1,1,0.000465,enabled
1782984575.425,2026-07-02 09:29:35.427,os_log_pending_writes,0,0,0.000000,enabled
1782984575.425,2026-07-02 09:29:35.427,trx_rseg_history_len,848,848,0.000000,enabled
1782984576.496,2026-07-02 09:29:36.498,adaptive_hash_searches,0,0,0.000000,enabled
1782984576.496,2026-07-02 09:29:36.498,adaptive_hash_searches_btree,572595530,572595530,265945.740226,enabled
1782984576.496,2026-07-02 09:29:36.498,buffer_data_reads,1099765025280,1099765025280,510793132.653002,enabled
1782984576.496,2026-07-02 09:29:36.498,buffer_data_written,533095531520,533095531520,247599741.784386,enabled
1782984576.496,2026-07-02 09:29:36.498,buffer_pages0_read,7,7,0.003251,enabled
1782984576.496,2026-07-02 09:29:36.498,buffer_pages_created,1808903,1808903,840.156958,enabled
1782984576.496,2026-07-02 09:29:36.498,buffer_pages_read,67313856,67313856,31264.365254,enabled
1782984576.496,2026-07-02 09:29:36.498,buffer_pages_written,23063370,23063370,10711.934649,enabled
1782984576.496,2026-07-02 09:29:36.498,buffer_pool_bytes_data,12855869440,12855869440,0.000000,enabled
1782984576.496,2026-07-02 09:29:36.498,buffer_pool_bytes_dirty,4639031296,4639031296,0.000000,enabled
1782984576.496,2026-07-02 09:29:36.498,buffer_pool_pages_data,784660,784660,0.000000,enabled
1782984576.496,2026-07-02 09:29:36.498,buffer_pool_pages_dirty,283144,283144,0.000000,enabled
1782984576.496,2026-07-02 09:29:36.498,buffer_pool_pages_flushed,23006300,23006300,0.000000,enabled
1782984576.496,2026-07-02 09:29:36.498,buffer_pool_pages_free,1675,1675,0.000000,enabled
1782984576.496,2026-07-02 09:29:36.498,buffer_pool_pages_lru_flushed,0,0,0.000000,enabled
1782984576.496,2026-07-02 09:29:36.498,buffer_pool_pages_misc,96,96,0.000000,enabled
1782984576.496,2026-07-02 09:29:36.498,buffer_pool_pages_total,786432,786432,0.000000,enabled
1782984576.496,2026-07-02 09:29:36.498,buffer_pool_reads,66425348,66425348,30851.692974,enabled
1782984576.496,2026-07-02 09:29:36.498,buffer_pool_read_ahead,803715,803715,373.290753,enabled
1782984576.496,2026-07-02 09:29:36.498,buffer_pool_read_ahead_evicted,25,25,0.011611,enabled
1782984576.496,2026-07-02 09:29:36.498,buffer_pool_read_requests,2754411477,2754411477,1279304.652634,enabled
1782984576.496,2026-07-02 09:29:36.498,buffer_pool_size,12884901888,12884901888,0.000000,enabled
1782984576.496,2026-07-02 09:29:36.498,buffer_pool_wait_free,18945,18945,8.799131,enabled
1782984576.496,2026-07-02 09:29:36.498,buffer_pool_write_requests,588313732,588313732,273246.208875,enabled
1782984576.496,2026-07-02 09:29:36.498,dml_deletes,12408882,12408882,5763.386268,enabled
1782984576.496,2026-07-02 09:29:36.498,dml_inserts,112294284,112294284,52155.813472,enabled
1782984576.496,2026-07-02 09:29:36.498,dml_system_deletes,468,468,0.217366,enabled
1782984576.496,2026-07-02 09:29:36.498,dml_system_inserts,1202,1202,0.558277,enabled
1782984576.496,2026-07-02 09:29:36.498,dml_system_reads,7661,7661,3.558201,enabled
1782984576.496,2026-07-02 09:29:36.498,dml_system_updates,620,620,0.287963,enabled
1782984576.496,2026-07-02 09:29:36.498,dml_updates,24817881,24817881,11526.826865,enabled
1782984576.496,2026-07-02 09:29:36.498,file_num_open_files,35,35,0.000000,enabled
1782984576.496,2026-07-02 09:29:36.498,ibuf_merges,0,0,0.000000,enabled
1782984576.496,2026-07-02 09:29:36.498,ibuf_merges_delete,0,0,0.000000,enabled
1782984576.496,2026-07-02 09:29:36.498,ibuf_merges_delete_mark,0,0,0.000000,enabled
1782984576.496,2026-07-02 09:29:36.498,ibuf_merges_discard_delete,0,0,0.000000,enabled
1782984576.496,2026-07-02 09:29:36.498,ibuf_merges_discard_delete_mark,0,0,0.000000,enabled
1782984576.496,2026-07-02 09:29:36.498,ibuf_merges_discard_insert,0,0,0.000000,enabled
1782984576.496,2026-07-02 09:29:36.498,ibuf_merges_insert,0,0,0.000000,enabled
1782984576.496,2026-07-02 09:29:36.498,ibuf_size,1,1,0.000464,enabled
1782984576.496,2026-07-02 09:29:36.498,innodb_activity_count,17165148,17165148,7972.465197,enabled
1782984576.496,2026-07-02 09:29:36.498,innodb_dblwr_pages_written,23004250,23004250,10684.474220,enabled
1782984576.496,2026-07-02 09:29:36.498,innodb_dblwr_writes,467141,467141,216.966690,enabled
1782984576.496,2026-07-02 09:29:36.498,innodb_page_size,16384,16384,0.000000,enabled
1782984576.496,2026-07-02 09:29:36.498,innodb_rwlock_sx_os_waits,0,0,0.000000,enabled
1782984576.496,2026-07-02 09:29:36.498,innodb_rwlock_sx_spin_rounds,0,0,0.000000,enabled
1782984576.496,2026-07-02 09:29:36.498,innodb_rwlock_sx_spin_waits,0,0,0.000000,enabled
1782984576.496,2026-07-02 09:29:36.498,innodb_rwlock_s_os_waits,0,0,0.000000,enabled
1782984576.496,2026-07-02 09:29:36.498,innodb_rwlock_s_spin_rounds,0,0,0.000000,enabled
1782984576.496,2026-07-02 09:29:36.498,innodb_rwlock_s_spin_waits,0,0,0.000000,enabled
1782984576.496,2026-07-02 09:29:36.498,innodb_rwlock_x_os_waits,0,0,0.000000,enabled
1782984576.496,2026-07-02 09:29:36.498,innodb_rwlock_x_spin_rounds,0,0,0.000000,enabled
1782984576.496,2026-07-02 09:29:36.498,innodb_rwlock_x_spin_waits,0,0,0.000000,enabled
1782984576.496,2026-07-02 09:29:36.498,lock_deadlocks,0,0,0.000000,enabled
1782984576.496,2026-07-02 09:29:36.498,lock_deadlock_false_positives,0,0,0.000000,enabled
1782984576.496,2026-07-02 09:29:36.498,lock_deadlock_rounds,2390,2390,1.110051,enabled
1782984576.496,2026-07-02 09:29:36.498,lock_rec_grant_attempts,425,425,0.197394,enabled
1782984576.496,2026-07-02 09:29:36.498,lock_rec_release_attempts,37715632,37715632,17517.275862,enabled
1782984576.496,2026-07-02 09:29:36.498,lock_row_lock_current_waits,0,0,0.000000,enabled
1782984576.496,2026-07-02 09:29:36.498,lock_row_lock_time,323,323,0.150019,enabled
1782984576.496,2026-07-02 09:29:36.498,lock_row_lock_time_avg,0,0,0.000000,enabled
1782984576.496,2026-07-02 09:29:36.498,lock_row_lock_time_max,29,29,0.000000,enabled
1782984576.496,2026-07-02 09:29:36.498,lock_row_lock_waits,425,425,0.197394,enabled
1782984576.496,2026-07-02 09:29:36.498,lock_schedule_refreshes,2390,2390,1.110051,enabled
1782984576.496,2026-07-02 09:29:36.498,lock_threads_waiting,0,0,0.000000,enabled
1782984576.496,2026-07-02 09:29:36.498,lock_timeouts,0,0,0.000000,enabled
1782984576.496,2026-07-02 09:29:36.498,log_waits,0,0,0.000000,enabled
1782984576.496,2026-07-02 09:29:36.498,log_writes,187637827,187637827,87149.619189,enabled
1782984576.496,2026-07-02 09:29:36.498,log_write_requests,395647764,395647764,183761.198603,enabled
1782984576.496,2026-07-02 09:29:36.498,os_data_fsyncs,50184792,50184792,23308.656520,enabled
1782984576.496,2026-07-02 09:29:36.498,os_data_reads,67424494,67424494,31315.749490,enabled
1782984576.496,2026-07-02 09:29:36.498,os_data_writes,211447407,211447407,98208.138153,enabled
1782984576.496,2026-07-02 09:29:36.498,os_log_bytes_written,120541908480,120541908480,55986481.624466,enabled
1782984576.496,2026-07-02 09:29:36.498,os_log_fsyncs,44013832,44013832,20442.513519,enabled
1782984576.496,2026-07-02 09:29:36.498,os_log_pending_fsyncs,1,1,0.000464,enabled
1782984576.496,2026-07-02 09:29:36.498,os_log_pending_writes,1,1,0.000464,enabled
1782984576.496,2026-07-02 09:29:36.498,trx_rseg_history_len,1005,1005,0.000000,enabled
1782984577.566,2026-07-02 09:29:37.567,adaptive_hash_searches,0,0,0.000000,enabled
1782984577.566,2026-07-02 09:29:37.567,adaptive_hash_searches_btree,572767480,572767480,265893.239382,enabled
1782984577.566,2026-07-02 09:29:37.567,buffer_data_reads,1100718721536,1100718721536,510981703.089811,enabled
1782984577.566,2026-07-02 09:29:37.567,buffer_data_written,533408891904,533408891904,247622011.416656,enabled
1782984577.566,2026-07-02 09:29:37.567,buffer_pages0_read,7,7,0.003250,enabled
1782984577.566,2026-07-02 09:29:37.567,buffer_pages_created,1808945,1808945,839.758412,enabled
1782984577.566,2026-07-02 09:29:37.567,buffer_pages_read,67372211,67372211,31275.898664,enabled
1782984577.566,2026-07-02 09:29:37.567,buffer_pages_written,23079495,23079495,10714.090256,enabled
1782984577.566,2026-07-02 09:29:37.567,buffer_pool_bytes_data,12860014592,12860014592,0.000000,enabled
1782984577.566,2026-07-02 09:29:37.567,buffer_pool_bytes_dirty,4645093376,4645093376,0.000000,enabled
1782984577.566,2026-07-02 09:29:37.567,buffer_pool_pages_data,784913,784913,0.000000,enabled
1782984577.566,2026-07-02 09:29:37.567,buffer_pool_pages_dirty,283514,283514,0.000000,enabled
1782984577.566,2026-07-02 09:29:37.567,buffer_pool_pages_flushed,23022425,23022425,0.000000,enabled
1782984577.566,2026-07-02 09:29:37.567,buffer_pool_pages_free,1423,1423,0.000000,enabled
1782984577.566,2026-07-02 09:29:37.567,buffer_pool_pages_lru_flushed,0,0,0.000000,enabled
1782984577.566,2026-07-02 09:29:37.567,buffer_pool_pages_misc,96,96,0.000000,enabled
1782984577.566,2026-07-02 09:29:37.567,buffer_pool_pages_total,786432,786432,0.000000,enabled
1782984577.566,2026-07-02 09:29:37.567,buffer_pool_reads,66483658,66483658,30863.410758,enabled
1782984577.566,2026-07-02 09:29:37.567,buffer_pool_read_ahead,803715,803715,373.105011,enabled
1782984577.566,2026-07-02 09:29:37.567,buffer_pool_read_ahead_evicted,25,25,0.011606,enabled
1782984577.566,2026-07-02 09:29:37.567,buffer_pool_read_requests,2755263491,2755263491,1279063.622702,enabled
1782984577.566,2026-07-02 09:29:37.567,buffer_pool_size,12884901888,12884901888,0.000000,enabled
1782984577.566,2026-07-02 09:29:37.567,buffer_pool_wait_free,18945,18945,8.794752,enabled
1782984577.566,2026-07-02 09:29:37.567,buffer_pool_write_requests,588429996,588429996,273164.219799,enabled
1782984577.566,2026-07-02 09:29:37.567,dml_deletes,12413842,12413842,5762.821195,enabled
1782984577.566,2026-07-02 09:29:37.567,dml_inserts,112299243,112299243,52132.164918,enabled
1782984577.566,2026-07-02 09:29:37.567,dml_system_deletes,468,468,0.217258,enabled
1782984577.566,2026-07-02 09:29:37.567,dml_system_inserts,1202,1202,0.557999,enabled
1782984577.566,2026-07-02 09:29:37.567,dml_system_reads,7661,7661,3.556431,enabled
1782984577.566,2026-07-02 09:29:37.567,dml_system_updates,620,620,0.287820,enabled
1782984577.566,2026-07-02 09:29:37.567,dml_updates,24827799,24827799,11525.695764,enabled
1782984577.566,2026-07-02 09:29:37.567,file_num_open_files,35,35,0.000000,enabled
1782984577.566,2026-07-02 09:29:37.567,ibuf_merges,0,0,0.000000,enabled
1782984577.566,2026-07-02 09:29:37.567,ibuf_merges_delete,0,0,0.000000,enabled
1782984577.566,2026-07-02 09:29:37.567,ibuf_merges_delete_mark,0,0,0.000000,enabled
1782984577.566,2026-07-02 09:29:37.567,ibuf_merges_discard_delete,0,0,0.000000,enabled
1782984577.566,2026-07-02 09:29:37.567,ibuf_merges_discard_delete_mark,0,0,0.000000,enabled
1782984577.566,2026-07-02 09:29:37.567,ibuf_merges_discard_insert,0,0,0.000000,enabled
1782984577.566,2026-07-02 09:29:37.567,ibuf_merges_insert,0,0,0.000000,enabled
1782984577.566,2026-07-02 09:29:37.567,ibuf_size,1,1,0.000464,enabled
1782984577.566,2026-07-02 09:29:37.567,innodb_activity_count,17170847,17170847,7971.144030,enabled
1782984577.566,2026-07-02 09:29:37.567,innodb_dblwr_pages_written,23020375,23020375,10686.643681,enabled
1782984577.566,2026-07-02 09:29:37.567,innodb_dblwr_writes,467494,467494,217.022607,enabled
1782984577.566,2026-07-02 09:29:37.567,innodb_page_size,16384,16384,0.000000,enabled
1782984577.566,2026-07-02 09:29:37.567,innodb_rwlock_sx_os_waits,0,0,0.000000,enabled
1782984577.566,2026-07-02 09:29:37.567,innodb_rwlock_sx_spin_rounds,0,0,0.000000,enabled
1782984577.566,2026-07-02 09:29:37.567,innodb_rwlock_sx_spin_waits,0,0,0.000000,enabled
1782984577.566,2026-07-02 09:29:37.567,innodb_rwlock_s_os_waits,0,0,0.000000,enabled
1782984577.566,2026-07-02 09:29:37.567,innodb_rwlock_s_spin_rounds,0,0,0.000000,enabled
1782984577.566,2026-07-02 09:29:37.567,innodb_rwlock_s_spin_waits,0,0,0.000000,enabled
1782984577.566,2026-07-02 09:29:37.567,innodb_rwlock_x_os_waits,0,0,0.000000,enabled
1782984577.566,2026-07-02 09:29:37.567,innodb_rwlock_x_spin_rounds,0,0,0.000000,enabled
1782984577.566,2026-07-02 09:29:37.567,innodb_rwlock_x_spin_waits,0,0,0.000000,enabled
1782984577.566,2026-07-02 09:29:37.567,lock_deadlocks,0,0,0.000000,enabled
1782984577.566,2026-07-02 09:29:37.567,lock_deadlock_false_positives,0,0,0.000000,enabled
1782984577.566,2026-07-02 09:29:37.567,lock_deadlock_rounds,2391,2391,1.109963,enabled
1782984577.566,2026-07-02 09:29:37.567,lock_rec_grant_attempts,425,425,0.197296,enabled
1782984577.566,2026-07-02 09:29:37.567,lock_rec_release_attempts,37730711,37730711,17515.559164,enabled
1782984577.566,2026-07-02 09:29:37.567,lock_row_lock_current_waits,0,0,0.000000,enabled
1782984577.566,2026-07-02 09:29:37.567,lock_row_lock_time,323,323,0.149945,enabled
1782984577.566,2026-07-02 09:29:37.567,lock_row_lock_time_avg,0,0,0.000000,enabled
1782984577.566,2026-07-02 09:29:37.567,lock_row_lock_time_max,29,29,0.000000,enabled
1782984577.566,2026-07-02 09:29:37.567,lock_row_lock_waits,425,425,0.197296,enabled
1782984577.566,2026-07-02 09:29:37.567,lock_schedule_refreshes,2391,2391,1.109963,enabled
1782984577.566,2026-07-02 09:29:37.567,lock_threads_waiting,0,0,0.000000,enabled
1782984577.566,2026-07-02 09:29:37.567,lock_timeouts,0,0,0.000000,enabled
1782984577.566,2026-07-02 09:29:37.567,log_waits,0,0,0.000000,enabled
1782984577.566,2026-07-02 09:29:37.567,log_writes,187719463,187719463,87144.154753,enabled
1782984577.566,2026-07-02 09:29:37.567,log_write_requests,395731993,395731993,183708.868053,enabled
1782984577.566,2026-07-02 09:29:37.567,os_data_fsyncs,50220415,50220415,23313.596119,enabled
1782984577.566,2026-07-02 09:29:37.567,os_data_reads,67482679,67482679,31327.178906,enabled
1782984577.566,2026-07-02 09:29:37.567,os_data_writes,211545422,211545422,98204.774548,enabled
1782984577.566,2026-07-02 09:29:37.567,os_log_bytes_written,120584842752,120584842752,55978556.068019,enabled
1782984577.566,2026-07-02 09:29:37.567,os_log_fsyncs,44044577,44044577,20446.614720,enabled
1782984577.566,2026-07-02 09:29:37.567,os_log_pending_fsyncs,1,1,0.000464,enabled
1782984577.566,2026-07-02 09:29:37.567,os_log_pending_writes,0,0,0.000000,enabled
1782984577.566,2026-07-02 09:29:37.567,trx_rseg_history_len,1159,1159,0.000000,enabled
1782984578.637,2026-07-02 09:29:38.638,adaptive_hash_searches,0,0,0.000000,enabled
1782984578.637,2026-07-02 09:29:38.638,adaptive_hash_searches_btree,572933290,572933290,265838.046254,enabled
1782984578.637,2026-07-02 09:29:38.638,buffer_data_reads,1101635947008,1101635947008,511153381.759764,enabled
1782984578.637,2026-07-02 09:29:38.638,buffer_data_written,533716955136,533716955136,247641906.603406,enabled
1782984578.637,2026-07-02 09:29:38.638,buffer_pages0_read,7,7,0.003248,enabled
1782984578.637,2026-07-02 09:29:38.638,buffer_pages_created,1808981,1808981,839.357836,enabled
1782984578.637,2026-07-02 09:29:38.638,buffer_pages_read,67428359,67428359,31286.409898,enabled
1782984578.637,2026-07-02 09:29:38.638,buffer_pages_written,23095431,23095431,10716.160598,enabled
1782984578.637,2026-07-02 09:29:38.638,buffer_pool_bytes_data,12853198848,12853198848,0.000000,enabled
1782984578.637,2026-07-02 09:29:38.638,buffer_pool_bytes_dirty,4643946496,4643946496,0.000000,enabled
1782984578.637,2026-07-02 09:29:38.638,buffer_pool_pages_data,784495,784495,0.000000,enabled
1782984578.637,2026-07-02 09:29:38.638,buffer_pool_pages_dirty,283444,283444,0.000000,enabled
1782984578.637,2026-07-02 09:29:38.638,buffer_pool_pages_flushed,23038361,23038361,0.000000,enabled
1782984578.637,2026-07-02 09:29:38.638,buffer_pool_pages_free,1839,1839,0.000000,enabled
1782984578.637,2026-07-02 09:29:38.638,buffer_pool_pages_lru_flushed,0,0,0.000000,enabled
1782984578.637,2026-07-02 09:29:38.638,buffer_pool_pages_misc,98,98,0.000000,enabled
1782984578.637,2026-07-02 09:29:38.638,buffer_pool_pages_total,786432,786432,0.000000,enabled
1782984578.637,2026-07-02 09:29:38.638,buffer_pool_reads,66539747,66539747,30874.099750,enabled
1782984578.637,2026-07-02 09:29:38.638,buffer_pool_read_ahead,803715,803715,372.919615,enabled
1782984578.637,2026-07-02 09:29:38.638,buffer_pool_read_ahead_evicted,25,25,0.011600,enabled
1782984578.637,2026-07-02 09:29:38.638,buffer_pool_read_requests,2756085463,2756085463,1278809.446460,enabled
1782984578.637,2026-07-02 09:29:38.638,buffer_pool_size,12884901888,12884901888,0.000000,enabled
1782984578.637,2026-07-02 09:29:38.638,buffer_pool_wait_free,18945,18945,8.790382,enabled
1782984578.637,2026-07-02 09:29:38.638,buffer_pool_write_requests,588542666,588542666,273080.762658,enabled
1782984578.637,2026-07-02 09:29:38.638,dml_deletes,12418636,12418636,5762.181888,enabled
1782984578.637,2026-07-02 09:29:38.638,dml_inserts,112304035,112304035,52108.482538,enabled
1782984578.637,2026-07-02 09:29:38.638,dml_system_deletes,468,468,0.217150,enabled
1782984578.637,2026-07-02 09:29:38.638,dml_system_inserts,1202,1202,0.557722,enabled
1782984578.637,2026-07-02 09:29:38.638,dml_system_reads,7661,7661,3.554664,enabled
1782984578.637,2026-07-02 09:29:38.638,dml_system_updates,620,620,0.287677,enabled
1782984578.637,2026-07-02 09:29:38.638,dml_updates,24837389,24837389,11524.418051,enabled
1782984578.637,2026-07-02 09:29:38.638,file_num_open_files,35,35,0.000000,enabled
1782984578.637,2026-07-02 09:29:38.638,ibuf_merges,0,0,0.000000,enabled
1782984578.637,2026-07-02 09:29:38.638,ibuf_merges_delete,0,0,0.000000,enabled
1782984578.637,2026-07-02 09:29:38.638,ibuf_merges_delete_mark,0,0,0.000000,enabled
1782984578.637,2026-07-02 09:29:38.638,ibuf_merges_discard_delete,0,0,0.000000,enabled
1782984578.637,2026-07-02 09:29:38.638,ibuf_merges_discard_delete_mark,0,0,0.000000,enabled
1782984578.637,2026-07-02 09:29:38.638,ibuf_merges_discard_insert,0,0,0.000000,enabled
1782984578.637,2026-07-02 09:29:38.638,ibuf_merges_insert,0,0,0.000000,enabled
1782984578.637,2026-07-02 09:29:38.638,ibuf_size,1,1,0.000464,enabled
1782984578.637,2026-07-02 09:29:38.638,innodb_activity_count,17176351,17176351,7969.736810,enabled
1782984578.637,2026-07-02 09:29:38.638,innodb_dblwr_pages_written,23036311,23036311,10688.727442,enabled
1782984578.637,2026-07-02 09:29:38.638,innodb_dblwr_writes,467871,467871,217.089690,enabled
1782984578.637,2026-07-02 09:29:38.638,innodb_page_size,16384,16384,0.000000,enabled
1782984578.637,2026-07-02 09:29:38.638,innodb_rwlock_sx_os_waits,0,0,0.000000,enabled
1782984578.637,2026-07-02 09:29:38.638,innodb_rwlock_sx_spin_rounds,0,0,0.000000,enabled
1782984578.637,2026-07-02 09:29:38.638,innodb_rwlock_sx_spin_waits,0,0,0.000000,enabled
1782984578.637,2026-07-02 09:29:38.638,innodb_rwlock_s_os_waits,0,0,0.000000,enabled
1782984578.637,2026-07-02 09:29:38.638,innodb_rwlock_s_spin_rounds,0,0,0.000000,enabled
1782984578.637,2026-07-02 09:29:38.638,innodb_rwlock_s_spin_waits,0,0,0.000000,enabled
1782984578.637,2026-07-02 09:29:38.638,innodb_rwlock_x_os_waits,0,0,0.000000,enabled
1782984578.637,2026-07-02 09:29:38.638,innodb_rwlock_x_spin_rounds,0,0,0.000000,enabled
1782984578.637,2026-07-02 09:29:38.638,innodb_rwlock_x_spin_waits,0,0,0.000000,enabled
1782984578.637,2026-07-02 09:29:38.638,lock_deadlocks,0,0,0.000000,enabled
1782984578.637,2026-07-02 09:29:38.638,lock_deadlock_false_positives,0,0,0.000000,enabled
1782984578.637,2026-07-02 09:29:38.638,lock_deadlock_rounds,2392,2392,1.109876,enabled
1782984578.637,2026-07-02 09:29:38.638,lock_rec_grant_attempts,425,425,0.197198,enabled
1782984578.637,2026-07-02 09:29:38.638,lock_rec_release_attempts,37745253,37745253,17513.603143,enabled
1782984578.637,2026-07-02 09:29:38.638,lock_row_lock_current_waits,0,0,0.000000,enabled
1782984578.637,2026-07-02 09:29:38.638,lock_row_lock_time,323,323,0.149870,enabled
1782984578.637,2026-07-02 09:29:38.638,lock_row_lock_time_avg,0,0,0.000000,enabled
1782984578.637,2026-07-02 09:29:38.638,lock_row_lock_time_max,29,29,0.000000,enabled
1782984578.637,2026-07-02 09:29:38.638,lock_row_lock_waits,425,425,0.197198,enabled
1782984578.637,2026-07-02 09:29:38.638,lock_schedule_refreshes,2392,2392,1.109876,enabled
1782984578.637,2026-07-02 09:29:38.638,lock_threads_waiting,0,0,0.000000,enabled
1782984578.637,2026-07-02 09:29:38.638,lock_timeouts,0,0,0.000000,enabled
1782984578.637,2026-07-02 09:29:38.638,log_waits,0,0,0.000000,enabled
1782984578.637,2026-07-02 09:29:38.638,log_writes,187797764,187797764,87137.182260,enabled
1782984578.637,2026-07-02 09:29:38.638,log_write_requests,395813371,395813371,183655.338288,enabled
1782984578.637,2026-07-02 09:29:38.638,os_data_fsyncs,50253090,50253090,23317.172233,enabled
1782984578.637,2026-07-02 09:29:38.638,os_data_reads,67538649,67538649,31337.581706,enabled
1782984578.637,2026-07-02 09:29:38.638,os_data_writes,211639947,211639947,98199.834076,enabled
1782984578.637,2026-07-02 09:29:38.638,os_log_bytes_written,120625824256,120625824256,55969754.574787,enabled
1782984578.637,2026-07-02 09:29:38.638,os_log_fsyncs,44072225,44072225,20449.282976,enabled
1782984578.637,2026-07-02 09:29:38.638,os_log_pending_fsyncs,1,1,0.000464,enabled
1782984578.637,2026-07-02 09:29:38.638,os_log_pending_writes,0,0,0.000000,enabled
1782984578.637,2026-07-02 09:29:38.638,trx_rseg_history_len,1168,1168,0.000000,enabled
1782984579.708,2026-07-02 09:29:39.710,adaptive_hash_searches,0,0,0.000000,enabled
1782984579.708,2026-07-02 09:29:39.710,adaptive_hash_searches_btree,573096551,573096551,265782.077754,enabled
1782984579.708,2026-07-02 09:29:39.710,buffer_data_reads,1102541752832,1102541752832,511320265.768688,enabled
1782984579.708,2026-07-02 09:29:39.710,buffer_data_written,534023910400,534023910400,247661593.647522,enabled
1782984579.708,2026-07-02 09:29:39.710,buffer_pages0_read,7,7,0.003246,enabled
1782984579.708,2026-07-02 09:29:39.710,buffer_pages_created,1809014,1809014,838.957369,enabled
1782984579.708,2026-07-02 09:29:39.710,buffer_pages_read,67483777,67483777,31296.613274,enabled
1782984579.708,2026-07-02 09:29:39.710,buffer_pages_written,23111301,23111301,10718.212354,enabled
1782984579.708,2026-07-02 09:29:39.710,buffer_pool_bytes_data,12848349184,12848349184,0.000000,enabled
1782984579.708,2026-07-02 09:29:39.710,buffer_pool_bytes_dirty,4643766272,4643766272,0.000000,enabled
1782984579.708,2026-07-02 09:29:39.710,buffer_pool_pages_data,784201,784201,0.000000,enabled
1782984579.708,2026-07-02 09:29:39.710,buffer_pool_pages_dirty,283433,283433,0.000000,enabled
1782984579.708,2026-07-02 09:29:39.710,buffer_pool_pages_flushed,23054231,23054231,0.000000,enabled
1782984579.708,2026-07-02 09:29:39.710,buffer_pool_pages_free,2134,2134,0.000000,enabled
1782984579.708,2026-07-02 09:29:39.710,buffer_pool_pages_lru_flushed,0,0,0.000000,enabled
1782984579.708,2026-07-02 09:29:39.710,buffer_pool_pages_misc,96,96,0.000000,enabled
1782984579.708,2026-07-02 09:29:39.710,buffer_pool_pages_total,786432,786432,0.000000,enabled
1782984579.708,2026-07-02 09:29:39.710,buffer_pool_reads,66595108,66595108,30884.480825,enabled
1782984579.708,2026-07-02 09:29:39.710,buffer_pool_read_ahead,803715,803715,372.734890,enabled
1782984579.708,2026-07-02 09:29:39.710,buffer_pool_read_ahead_evicted,25,25,0.011594,enabled
1782984579.708,2026-07-02 09:29:39.710,buffer_pool_read_requests,2756895595,2756895595,1278551.701345,enabled
1782984579.708,2026-07-02 09:29:39.710,buffer_pool_size,12884901888,12884901888,0.000000,enabled
1782984579.708,2026-07-02 09:29:39.710,buffer_pool_wait_free,18945,18945,8.786028,enabled
1782984579.708,2026-07-02 09:29:39.710,buffer_pool_write_requests,588653647,588653647,272996.961686,enabled
1782984579.708,2026-07-02 09:29:39.710,dml_deletes,12423339,12423339,5761.508667,enabled
1782984579.708,2026-07-02 09:29:39.710,dml_inserts,112308738,112308738,52084.851584,enabled
1782984579.708,2026-07-02 09:29:39.710,dml_system_deletes,468,468,0.217042,enabled
1782984579.708,2026-07-02 09:29:39.710,dml_system_inserts,1202,1202,0.557445,enabled
1782984579.708,2026-07-02 09:29:39.710,dml_system_reads,7661,7661,3.552903,enabled
1782984579.708,2026-07-02 09:29:39.710,dml_system_updates,620,620,0.287534,enabled
1782984579.708,2026-07-02 09:29:39.710,dml_updates,24846794,24846794,11523.071119,enabled
1782984579.708,2026-07-02 09:29:39.710,file_num_open_files,35,35,0.000000,enabled
1782984579.708,2026-07-02 09:29:39.710,ibuf_merges,0,0,0.000000,enabled
1782984579.708,2026-07-02 09:29:39.710,ibuf_merges_delete,0,0,0.000000,enabled
1782984579.708,2026-07-02 09:29:39.710,ibuf_merges_delete_mark,0,0,0.000000,enabled
1782984579.708,2026-07-02 09:29:39.710,ibuf_merges_discard_delete,0,0,0.000000,enabled
1782984579.708,2026-07-02 09:29:39.710,ibuf_merges_discard_delete_mark,0,0,0.000000,enabled
1782984579.708,2026-07-02 09:29:39.710,ibuf_merges_discard_insert,0,0,0.000000,enabled
1782984579.708,2026-07-02 09:29:39.710,ibuf_merges_insert,0,0,0.000000,enabled
1782984579.708,2026-07-02 09:29:39.710,ibuf_size,1,1,0.000464,enabled
1782984579.708,2026-07-02 09:29:39.710,innodb_activity_count,17181761,17181761,7968.297948,enabled
1782984579.708,2026-07-02 09:29:39.710,innodb_dblwr_pages_written,23052181,23052181,10690.792707,enabled
1782984579.708,2026-07-02 09:29:39.710,innodb_dblwr_writes,468232,468232,217.149573,enabled
1782984579.708,2026-07-02 09:29:39.710,innodb_page_size,16384,16384,0.000000,enabled
1782984579.708,2026-07-02 09:29:39.710,innodb_rwlock_sx_os_waits,0,0,0.000000,enabled
1782984579.708,2026-07-02 09:29:39.710,innodb_rwlock_sx_spin_rounds,0,0,0.000000,enabled
1782984579.708,2026-07-02 09:29:39.710,innodb_rwlock_sx_spin_waits,0,0,0.000000,enabled
1782984579.708,2026-07-02 09:29:39.710,innodb_rwlock_s_os_waits,0,0,0.000000,enabled
1782984579.708,2026-07-02 09:29:39.710,innodb_rwlock_s_spin_rounds,0,0,0.000000,enabled
1782984579.708,2026-07-02 09:29:39.710,innodb_rwlock_s_spin_waits,0,0,0.000000,enabled
1782984579.708,2026-07-02 09:29:39.710,innodb_rwlock_x_os_waits,0,0,0.000000,enabled
1782984579.708,2026-07-02 09:29:39.710,innodb_rwlock_x_spin_rounds,0,0,0.000000,enabled
1782984579.708,2026-07-02 09:29:39.710,innodb_rwlock_x_spin_waits,0,0,0.000000,enabled
1782984579.708,2026-07-02 09:29:39.710,lock_deadlocks,0,0,0.000000,enabled
1782984579.708,2026-07-02 09:29:39.710,lock_deadlock_false_positives,0,0,0.000000,enabled
1782984579.708,2026-07-02 09:29:39.710,lock_deadlock_rounds,2393,2393,1.109790,enabled
1782984579.708,2026-07-02 09:29:39.710,lock_rec_grant_attempts,425,425,0.197100,enabled
1782984579.708,2026-07-02 09:29:39.710,lock_rec_release_attempts,37759576,37759576,17511.570311,enabled
1782984579.708,2026-07-02 09:29:39.710,lock_row_lock_current_waits,0,0,0.000000,enabled
1782984579.708,2026-07-02 09:29:39.710,lock_row_lock_time,323,323,0.149796,enabled
1782984579.708,2026-07-02 09:29:39.710,lock_row_lock_time_avg,0,0,0.000000,enabled
1782984579.708,2026-07-02 09:29:39.710,lock_row_lock_time_max,29,29,0.000000,enabled
1782984579.708,2026-07-02 09:29:39.710,lock_row_lock_waits,425,425,0.197100,enabled
1782984579.708,2026-07-02 09:29:39.710,lock_schedule_refreshes,2393,2393,1.109790,enabled
1782984579.708,2026-07-02 09:29:39.710,lock_threads_waiting,0,0,0.000000,enabled
1782984579.708,2026-07-02 09:29:39.710,lock_timeouts,0,0,0.000000,enabled
1782984579.708,2026-07-02 09:29:39.710,log_waits,0,0,0.000000,enabled
1782984579.708,2026-07-02 09:29:39.710,log_writes,187876045,187876045,87130.322852,enabled
1782984579.708,2026-07-02 09:29:39.710,log_write_requests,395893612,395893612,183601.577633,enabled
1782984579.708,2026-07-02 09:29:39.710,os_data_fsyncs,50285047,50285047,23320.442702,enabled
1782984579.708,2026-07-02 09:29:39.710,os_data_reads,67593928,67593928,31347.695225,enabled
1782984579.708,2026-07-02 09:29:39.710,os_data_writes,211734379,211734379,98194.985451,enabled
1782984579.708,2026-07-02 09:29:39.710,os_log_bytes_written,120666859520,120666859520,55961060.911208,enabled
1782984579.708,2026-07-02 09:29:39.710,os_log_fsyncs,44099199,44099199,20451.663106,enabled
1782984579.708,2026-07-02 09:29:39.710,os_log_pending_fsyncs,1,1,0.000464,enabled
1782984579.708,2026-07-02 09:29:39.710,os_log_pending_writes,0,0,0.000000,enabled
1782984579.708,2026-07-02 09:29:39.710,trx_rseg_history_len,1030,1030,0.000000,enabled
1782984580.777,2026-07-02 09:29:40.778,adaptive_hash_searches,0,0,0.000000,enabled
1782984580.777,2026-07-02 09:29:40.778,adaptive_hash_searches_btree,573262945,573262945,265727.239405,enabled
1782984580.777,2026-07-02 09:29:40.778,buffer_data_reads,1103463762432,1103463762432,511493749.107797,enabled
1782984580.777,2026-07-02 09:29:40.778,buffer_data_written,534331086848,534331086848,247681002.321453,enabled
1782984580.777,2026-07-02 09:29:40.778,buffer_pages0_read,7,7,0.003245,enabled
1782984580.777,2026-07-02 09:29:40.778,buffer_pages_created,1809057,1809057,838.560709,enabled
1782984580.777,2026-07-02 09:29:40.778,buffer_pages_read,67540201,67540201,31307.227185,enabled
1782984580.777,2026-07-02 09:29:40.778,buffer_pages_written,23127131,23127131,10720.227895,enabled
1782984580.777,2026-07-02 09:29:40.778,buffer_pool_bytes_data,12853952512,12853952512,0.000000,enabled
1782984580.777,2026-07-02 09:29:40.778,buffer_pool_bytes_dirty,4648026112,4648026112,0.000000,enabled
1782984580.777,2026-07-02 09:29:40.778,buffer_pool_pages_data,784543,784543,0.000000,enabled
1782984580.777,2026-07-02 09:29:40.778,buffer_pool_pages_dirty,283693,283693,0.000000,enabled
1782984580.777,2026-07-02 09:29:40.778,buffer_pool_pages_flushed,23070061,23070061,0.000000,enabled
1782984580.777,2026-07-02 09:29:40.778,buffer_pool_pages_free,1792,1792,0.000000,enabled
1782984580.777,2026-07-02 09:29:40.778,buffer_pool_pages_lru_flushed,0,0,0.000000,enabled
1782984580.777,2026-07-02 09:29:40.778,buffer_pool_pages_misc,96,96,0.000000,enabled
1782984580.777,2026-07-02 09:29:40.778,buffer_pool_pages_total,786432,786432,0.000000,enabled
1782984580.777,2026-07-02 09:29:40.778,buffer_pool_reads,66651481,66651481,30895.275856,enabled
1782984580.777,2026-07-02 09:29:40.778,buffer_pool_read_ahead,803715,803715,372.549806,enabled
1782984580.777,2026-07-02 09:29:40.778,buffer_pool_read_ahead_evicted,25,25,0.011588,enabled
1782984580.777,2026-07-02 09:29:40.778,buffer_pool_read_requests,2757720764,2757720764,1278299.326293,enabled
1782984580.777,2026-07-02 09:29:40.778,buffer_pool_size,12884901888,12884901888,0.000000,enabled
1782984580.777,2026-07-02 09:29:40.778,buffer_pool_wait_free,18945,18945,8.781665,enabled
1782984580.777,2026-07-02 09:29:40.778,buffer_pool_write_requests,588766682,588766682,272913.799707,enabled
1782984580.777,2026-07-02 09:29:40.778,dml_deletes,12428148,12428148,5760.877102,enabled
1782984580.777,2026-07-02 09:29:40.778,dml_inserts,112313550,112313550,52061.220960,enabled
1782984580.777,2026-07-02 09:29:40.778,dml_system_deletes,468,468,0.216934,enabled
1782984580.777,2026-07-02 09:29:40.778,dml_system_inserts,1202,1202,0.557169,enabled
1782984580.777,2026-07-02 09:29:40.778,dml_system_reads,7661,7661,3.551139,enabled
1782984580.777,2026-07-02 09:29:40.778,dml_system_updates,620,620,0.287391,enabled
1782984580.777,2026-07-02 09:29:40.778,dml_updates,24856411,24856411,11521.807499,enabled
1782984580.777,2026-07-02 09:29:40.778,file_num_open_files,35,35,0.000000,enabled
1782984580.777,2026-07-02 09:29:40.778,ibuf_merges,0,0,0.000000,enabled
1782984580.777,2026-07-02 09:29:40.778,ibuf_merges_delete,0,0,0.000000,enabled
1782984580.777,2026-07-02 09:29:40.778,ibuf_merges_delete_mark,0,0,0.000000,enabled
1782984580.777,2026-07-02 09:29:40.778,ibuf_merges_discard_delete,0,0,0.000000,enabled
1782984580.777,2026-07-02 09:29:40.778,ibuf_merges_discard_delete_mark,0,0,0.000000,enabled
1782984580.777,2026-07-02 09:29:40.778,ibuf_merges_discard_insert,0,0,0.000000,enabled
1782984580.777,2026-07-02 09:29:40.778,ibuf_merges_insert,0,0,0.000000,enabled
1782984580.777,2026-07-02 09:29:40.778,ibuf_size,1,1,0.000464,enabled
1782984580.777,2026-07-02 09:29:40.778,innodb_activity_count,17187286,17187286,7966.902535,enabled
1782984580.777,2026-07-02 09:29:40.778,innodb_dblwr_pages_written,23068011,23068011,10692.822255,enabled
1782984580.777,2026-07-02 09:29:40.778,innodb_dblwr_writes,468581,468581,217.203527,enabled
1782984580.777,2026-07-02 09:29:40.778,innodb_page_size,16384,16384,0.000000,enabled
1782984580.777,2026-07-02 09:29:40.778,innodb_rwlock_sx_os_waits,0,0,0.000000,enabled
1782984580.777,2026-07-02 09:29:40.778,innodb_rwlock_sx_spin_rounds,0,0,0.000000,enabled
1782984580.777,2026-07-02 09:29:40.778,innodb_rwlock_sx_spin_waits,0,0,0.000000,enabled
1782984580.777,2026-07-02 09:29:40.778,innodb_rwlock_s_os_waits,0,0,0.000000,enabled
1782984580.777,2026-07-02 09:29:40.778,innodb_rwlock_s_spin_rounds,0,0,0.000000,enabled
1782984580.777,2026-07-02 09:29:40.778,innodb_rwlock_s_spin_waits,0,0,0.000000,enabled
1782984580.777,2026-07-02 09:29:40.778,innodb_rwlock_x_os_waits,0,0,0.000000,enabled
1782984580.777,2026-07-02 09:29:40.778,innodb_rwlock_x_spin_rounds,0,0,0.000000,enabled
1782984580.777,2026-07-02 09:29:40.778,innodb_rwlock_x_spin_waits,0,0,0.000000,enabled
1782984580.777,2026-07-02 09:29:40.778,lock_deadlocks,0,0,0.000000,enabled
1782984580.777,2026-07-02 09:29:40.778,lock_deadlock_false_positives,0,0,0.000000,enabled
1782984580.777,2026-07-02 09:29:40.778,lock_deadlock_rounds,2394,2394,1.109702,enabled
1782984580.777,2026-07-02 09:29:40.778,lock_rec_grant_attempts,425,425,0.197002,enabled
1782984580.777,2026-07-02 09:29:40.778,lock_rec_release_attempts,37774223,37774223,17509.664259,enabled
1782984580.777,2026-07-02 09:29:40.778,lock_row_lock_current_waits,0,0,0.000000,enabled
1782984580.777,2026-07-02 09:29:40.778,lock_row_lock_time,323,323,0.149722,enabled
1782984580.777,2026-07-02 09:29:40.778,lock_row_lock_time_avg,0,0,0.000000,enabled
1782984580.777,2026-07-02 09:29:40.778,lock_row_lock_time_max,29,29,0.000000,enabled
1782984580.777,2026-07-02 09:29:40.778,lock_row_lock_waits,425,425,0.197002,enabled
1782984580.777,2026-07-02 09:29:40.778,lock_schedule_refreshes,2394,2394,1.109702,enabled
1782984580.777,2026-07-02 09:29:40.778,lock_threads_waiting,0,0,0.000000,enabled
1782984580.777,2026-07-02 09:29:40.778,lock_timeouts,0,0,0.000000,enabled
1782984580.777,2026-07-02 09:29:40.778,log_waits,0,0,0.000000,enabled
1782984580.777,2026-07-02 09:29:40.778,log_writes,187955389,187955389,87123.838314,enabled
1782984580.777,2026-07-02 09:29:40.778,log_write_requests,395975337,395975337,183548.295400,enabled
1782984580.777,2026-07-02 09:29:40.778,os_data_fsyncs,50318437,50318437,23324.340504,enabled
1782984580.777,2026-07-02 09:29:40.778,os_data_reads,67650199,67650199,31358.213268,enabled
1782984580.777,2026-07-02 09:29:40.778,os_data_writes,211829813,211829813,98190.464271,enabled
1782984580.777,2026-07-02 09:29:40.778,os_log_bytes_written,120708723712,120708723712,55952679.318470,enabled
1782984580.777,2026-07-02 09:29:40.778,os_log_fsyncs,44127696,44127696,20454.717319,enabled
1782984580.777,2026-07-02 09:29:40.778,os_log_pending_fsyncs,1,1,0.000464,enabled
1782984580.777,2026-07-02 09:29:40.778,os_log_pending_writes,0,0,0.000000,enabled
1782984580.777,2026-07-02 09:29:40.778,trx_rseg_history_len,1008,1008,0.000000,enabled
1782984581.847,2026-07-02 09:29:41.849,adaptive_hash_searches,0,0,0.000000,enabled
1782984581.847,2026-07-02 09:29:41.849,adaptive_hash_searches_btree,573433433,573433433,265674.241190,enabled
1782984581.847,2026-07-02 09:29:41.849,buffer_data_reads,1104401369600,1104401369600,511674101.210612,enabled
1782984581.847,2026-07-02 09:29:41.849,buffer_data_written,534641943040,534641943040,247702006.695324,enabled
1782984581.847,2026-07-02 09:29:41.849,buffer_pages0_read,7,7,0.003243,enabled
1782984581.847,2026-07-02 09:29:41.849,buffer_pages_created,1809097,1809097,838.162751,enabled
1782984581.847,2026-07-02 09:29:41.849,buffer_pages_read,67597593,67597593,31318.267678,enabled
1782984581.847,2026-07-02 09:29:41.849,buffer_pages_written,23143159,23143159,10722.329284,enabled
1782984581.847,2026-07-02 09:29:41.849,buffer_pool_bytes_data,12857884672,12857884672,0.000000,enabled
1782984581.847,2026-07-02 09:29:41.849,buffer_pool_bytes_dirty,4653023232,4653023232,0.000000,enabled
1782984581.847,2026-07-02 09:29:41.849,buffer_pool_pages_data,784782,784782,0.000000,enabled
1782984581.847,2026-07-02 09:29:41.849,buffer_pool_pages_dirty,283998,283998,0.000000,enabled
1782984581.847,2026-07-02 09:29:41.849,buffer_pool_pages_flushed,23086089,23086089,0.000000,enabled
1782984581.847,2026-07-02 09:29:41.849,buffer_pool_pages_free,1552,1552,0.000000,enabled
1782984581.847,2026-07-02 09:29:41.849,buffer_pool_pages_lru_flushed,0,0,0.000000,enabled
1782984581.847,2026-07-02 09:29:41.849,buffer_pool_pages_misc,97,97,0.000000,enabled
1782984581.847,2026-07-02 09:29:41.849,buffer_pool_pages_total,786432,786432,0.000000,enabled
1782984581.847,2026-07-02 09:29:41.849,buffer_pool_reads,66708821,66708821,30906.496844,enabled
1782984581.847,2026-07-02 09:29:41.849,buffer_pool_read_ahead,803715,803715,372.364770,enabled
1782984581.847,2026-07-02 09:29:41.849,buffer_pool_read_ahead_evicted,25,25,0.011583,enabled
1782984581.847,2026-07-02 09:29:41.849,buffer_pool_read_requests,2758564747,2758564747,1278055.449398,enabled
1782984581.847,2026-07-02 09:29:41.849,buffer_pool_size,12884901888,12884901888,0.000000,enabled
1782984581.847,2026-07-02 09:29:41.849,buffer_pool_wait_free,18945,18945,8.777304,enabled
1782984581.847,2026-07-02 09:29:41.849,buffer_pool_write_requests,588881727,588881727,272831.551444,enabled
1782984581.847,2026-07-02 09:29:41.849,dml_deletes,12433065,12433065,5760.293727,enabled
1782984581.847,2026-07-02 09:29:41.849,dml_inserts,112318467,112318467,52037.640096,enabled
1782984581.847,2026-07-02 09:29:41.849,dml_system_deletes,468,468,0.216826,enabled
1782984581.847,2026-07-02 09:29:41.849,dml_system_inserts,1202,1202,0.556892,enabled
1782984581.847,2026-07-02 09:29:41.849,dml_system_reads,7661,7661,3.549375,enabled
1782984581.847,2026-07-02 09:29:41.849,dml_system_updates,620,620,0.287249,enabled
1782984581.847,2026-07-02 09:29:41.849,dml_updates,24866246,24866246,11520.641187,enabled
1782984581.847,2026-07-02 09:29:41.849,file_num_open_files,35,35,0.000000,enabled
1782984581.847,2026-07-02 09:29:41.849,ibuf_merges,0,0,0.000000,enabled
1782984581.847,2026-07-02 09:29:41.849,ibuf_merges_delete,0,0,0.000000,enabled
1782984581.847,2026-07-02 09:29:41.849,ibuf_merges_delete_mark,0,0,0.000000,enabled
1782984581.847,2026-07-02 09:29:41.849,ibuf_merges_discard_delete,0,0,0.000000,enabled
1782984581.847,2026-07-02 09:29:41.849,ibuf_merges_discard_delete_mark,0,0,0.000000,enabled
1782984581.847,2026-07-02 09:29:41.849,ibuf_merges_discard_insert,0,0,0.000000,enabled
1782984581.847,2026-07-02 09:29:41.849,ibuf_merges_insert,0,0,0.000000,enabled
1782984581.847,2026-07-02 09:29:41.849,ibuf_size,1,1,0.000463,enabled
1782984581.847,2026-07-02 09:29:41.849,innodb_activity_count,17192940,17192940,7965.564901,enabled
1782984581.847,2026-07-02 09:29:41.849,innodb_dblwr_pages_written,23084039,23084039,10694.936964,enabled
1782984581.847,2026-07-02 09:29:41.849,innodb_dblwr_writes,468937,468937,217.260578,enabled
1782984581.847,2026-07-02 09:29:41.849,innodb_page_size,16384,16384,0.000000,enabled
1782984581.847,2026-07-02 09:29:41.849,innodb_rwlock_sx_os_waits,0,0,0.000000,enabled
1782984581.847,2026-07-02 09:29:41.849,innodb_rwlock_sx_spin_rounds,0,0,0.000000,enabled
1782984581.847,2026-07-02 09:29:41.849,innodb_rwlock_sx_spin_waits,0,0,0.000000,enabled
1782984581.847,2026-07-02 09:29:41.849,innodb_rwlock_s_os_waits,0,0,0.000000,enabled
1782984581.847,2026-07-02 09:29:41.849,innodb_rwlock_s_spin_rounds,0,0,0.000000,enabled
1782984581.847,2026-07-02 09:29:41.849,innodb_rwlock_s_spin_waits,0,0,0.000000,enabled
1782984581.847,2026-07-02 09:29:41.849,innodb_rwlock_x_os_waits,0,0,0.000000,enabled
1782984581.847,2026-07-02 09:29:41.849,innodb_rwlock_x_spin_rounds,0,0,0.000000,enabled
1782984581.847,2026-07-02 09:29:41.849,innodb_rwlock_x_spin_waits,0,0,0.000000,enabled
1782984581.847,2026-07-02 09:29:41.849,lock_deadlocks,0,0,0.000000,enabled
1782984581.847,2026-07-02 09:29:41.849,lock_deadlock_false_positives,0,0,0.000000,enabled
1782984581.847,2026-07-02 09:29:41.849,lock_deadlock_rounds,2395,2395,1.109614,enabled
1782984581.847,2026-07-02 09:29:41.849,lock_rec_grant_attempts,425,425,0.196904,enabled
1782984581.847,2026-07-02 09:29:41.849,lock_rec_release_attempts,37789185,37789185,17507.899604,enabled
1782984581.847,2026-07-02 09:29:41.849,lock_row_lock_current_waits,0,0,0.000000,enabled
1782984581.847,2026-07-02 09:29:41.849,lock_row_lock_time,323,323,0.149647,enabled
1782984581.847,2026-07-02 09:29:41.849,lock_row_lock_time_avg,0,0,0.000000,enabled
1782984581.847,2026-07-02 09:29:41.849,lock_row_lock_time_max,29,29,0.000000,enabled
1782984581.847,2026-07-02 09:29:41.849,lock_row_lock_waits,425,425,0.196904,enabled
1782984581.847,2026-07-02 09:29:41.849,lock_schedule_refreshes,2395,2395,1.109614,enabled
1782984581.847,2026-07-02 09:29:41.849,lock_threads_waiting,0,0,0.000000,enabled
1782984581.847,2026-07-02 09:29:41.849,lock_timeouts,0,0,0.000000,enabled
1782984581.847,2026-07-02 09:29:41.849,log_waits,0,0,0.000000,enabled
1782984581.847,2026-07-02 09:29:41.849,log_writes,188036063,188036063,87117.941356,enabled
1782984581.847,2026-07-02 09:29:41.849,log_write_requests,396058860,396058860,183495.825286,enabled
1782984581.847,2026-07-02 09:29:41.849,os_data_fsyncs,50353600,50353600,23329.046834,enabled
1782984581.847,2026-07-02 09:29:41.849,os_data_reads,67707432,67707432,31369.154427,enabled
1782984581.847,2026-07-02 09:29:41.849,os_data_writes,211926792,211926792,98186.625370,enabled
1782984581.847,2026-07-02 09:29:41.849,os_log_bytes_written,120751026176,120751026176,55944487.366988,enabled
1782984581.847,2026-07-02 09:29:41.849,os_log_fsyncs,44157939,44157939,20458.569479,enabled
1782984581.847,2026-07-02 09:29:41.849,os_log_pending_fsyncs,0,0,0.000000,enabled
1782984581.847,2026-07-02 09:29:41.849,os_log_pending_writes,0,0,0.000000,enabled
1782984581.847,2026-07-02 09:29:41.849,trx_rseg_history_len,1131,1131,0.000000,enabled
1782984582.920,2026-07-02 09:29:42.921,adaptive_hash_searches,0,0,0.000000,enabled
1782984582.920,2026-07-02 09:29:42.921,adaptive_hash_searches_btree,573604519,573604519,265621.083169,enabled
1782984582.920,2026-07-02 09:29:42.921,buffer_data_reads,1105347365376,1105347365376,511857202.783688,enabled
1782984582.920,2026-07-02 09:29:42.921,buffer_data_written,534956462592,534956462592,247724224.012967,enabled
1782984582.920,2026-07-02 09:29:42.921,buffer_pages0_read,7,7,0.003242,enabled
1782984582.920,2026-07-02 09:29:42.921,buffer_pages_created,1809139,1809139,837.764548,enabled
1782984582.920,2026-07-02 09:29:42.921,buffer_pages_read,67655477,67655477,31329.466521,enabled
1782984582.920,2026-07-02 09:29:42.921,buffer_pages_written,23159499,23159499,10724.553034,enabled
1782984582.920,2026-07-02 09:29:42.921,buffer_pool_bytes_data,12853805056,12853805056,0.000000,enabled
1782984582.920,2026-07-02 09:29:42.921,buffer_pool_bytes_dirty,4657463296,4657463296,0.000000,enabled
1782984582.920,2026-07-02 09:29:42.921,buffer_pool_pages_data,784533,784533,0.000000,enabled
1782984582.920,2026-07-02 09:29:42.921,buffer_pool_pages_dirty,284269,284269,0.000000,enabled
1782984582.920,2026-07-02 09:29:42.921,buffer_pool_pages_flushed,23102429,23102429,0.000000,enabled
1782984582.920,2026-07-02 09:29:42.921,buffer_pool_pages_free,1802,1802,0.000000,enabled
1782984582.920,2026-07-02 09:29:42.921,buffer_pool_pages_lru_flushed,0,0,0.000000,enabled
1782984582.920,2026-07-02 09:29:42.921,buffer_pool_pages_misc,97,97,0.000000,enabled
1782984582.920,2026-07-02 09:29:42.921,buffer_pool_pages_total,786432,786432,0.000000,enabled
1782984582.920,2026-07-02 09:29:42.921,buffer_pool_reads,66766649,66766649,30917.874819,enabled
1782984582.920,2026-07-02 09:29:42.921,buffer_pool_read_ahead,803715,803715,372.179222,enabled
1782984582.920,2026-07-02 09:29:42.921,buffer_pool_read_ahead_evicted,25,25,0.011577,enabled
1782984582.920,2026-07-02 09:29:42.921,buffer_pool_read_requests,2759412858,2759412858,1277811.334682,enabled
1782984582.920,2026-07-02 09:29:42.921,buffer_pool_size,12884901888,12884901888,0.000000,enabled
1782984582.920,2026-07-02 09:29:42.921,buffer_pool_wait_free,18945,18945,8.772930,enabled
1782984582.920,2026-07-02 09:29:42.921,buffer_pool_write_requests,588997920,588997920,272749.405922,enabled
1782984582.920,2026-07-02 09:29:42.921,dml_deletes,12437999,12437999,5759.708208,enabled
1782984582.920,2026-07-02 09:29:42.921,dml_inserts,112323401,112323401,52013.994812,enabled
1782984582.920,2026-07-02 09:29:42.921,dml_system_deletes,468,468,0.216718,enabled
1782984582.920,2026-07-02 09:29:42.921,dml_system_inserts,1202,1202,0.556614,enabled
1782984582.920,2026-07-02 09:29:42.921,dml_system_reads,7661,7661,3.547606,enabled
1782984582.920,2026-07-02 09:29:42.921,dml_system_updates,620,620,0.287106,enabled
1782984582.920,2026-07-02 09:29:42.921,dml_updates,24876118,24876118,11519.471974,enabled
1782984582.920,2026-07-02 09:29:42.921,file_num_open_files,35,35,0.000000,enabled
1782984582.920,2026-07-02 09:29:42.921,ibuf_merges,0,0,0.000000,enabled
1782984582.920,2026-07-02 09:29:42.921,ibuf_merges_delete,0,0,0.000000,enabled
1782984582.920,2026-07-02 09:29:42.921,ibuf_merges_delete_mark,0,0,0.000000,enabled
1782984582.920,2026-07-02 09:29:42.921,ibuf_merges_discard_delete,0,0,0.000000,enabled
1782984582.920,2026-07-02 09:29:42.921,ibuf_merges_discard_delete_mark,0,0,0.000000,enabled
1782984582.920,2026-07-02 09:29:42.921,ibuf_merges_discard_insert,0,0,0.000000,enabled
1782984582.920,2026-07-02 09:29:42.921,ibuf_merges_insert,0,0,0.000000,enabled
1782984582.920,2026-07-02 09:29:42.921,ibuf_size,1,1,0.000463,enabled
1782984582.920,2026-07-02 09:29:42.921,innodb_activity_count,17198609,17198609,7964.220874,enabled
1782984582.920,2026-07-02 09:29:42.921,innodb_dblwr_pages_written,23100379,23100379,10697.174358,enabled
1782984582.920,2026-07-02 09:29:42.921,innodb_dblwr_writes,469304,469304,217.322266,enabled
1782984582.920,2026-07-02 09:29:42.921,innodb_page_size,16384,16384,0.000000,enabled
1782984582.920,2026-07-02 09:29:42.921,innodb_rwlock_sx_os_waits,0,0,0.000000,enabled
1782984582.920,2026-07-02 09:29:42.921,innodb_rwlock_sx_spin_rounds,0,0,0.000000,enabled
1782984582.920,2026-07-02 09:29:42.921,innodb_rwlock_sx_spin_waits,0,0,0.000000,enabled
1782984582.920,2026-07-02 09:29:42.921,innodb_rwlock_s_os_waits,0,0,0.000000,enabled
1782984582.920,2026-07-02 09:29:42.921,innodb_rwlock_s_spin_rounds,0,0,0.000000,enabled
1782984582.920,2026-07-02 09:29:42.921,innodb_rwlock_s_spin_waits,0,0,0.000000,enabled
1782984582.920,2026-07-02 09:29:42.921,innodb_rwlock_x_os_waits,0,0,0.000000,enabled
1782984582.920,2026-07-02 09:29:42.921,innodb_rwlock_x_spin_rounds,0,0,0.000000,enabled
1782984582.920,2026-07-02 09:29:42.921,innodb_rwlock_x_spin_waits,0,0,0.000000,enabled
1782984582.920,2026-07-02 09:29:42.921,lock_deadlocks,0,0,0.000000,enabled
1782984582.920,2026-07-02 09:29:42.921,lock_deadlock_false_positives,0,0,0.000000,enabled
1782984582.920,2026-07-02 09:29:42.921,lock_deadlock_rounds,2396,2396,1.109524,enabled
1782984582.920,2026-07-02 09:29:42.921,lock_rec_grant_attempts,425,425,0.196806,enabled
1782984582.920,2026-07-02 09:29:42.921,lock_rec_release_attempts,37804197,37804197,17506.127132,enabled
1782984582.920,2026-07-02 09:29:42.921,lock_row_lock_current_waits,0,0,0.000000,enabled
1782984582.920,2026-07-02 09:29:42.921,lock_row_lock_time,323,323,0.149573,enabled
1782984582.920,2026-07-02 09:29:42.921,lock_row_lock_time_avg,0,0,0.000000,enabled
1782984582.920,2026-07-02 09:29:42.921,lock_row_lock_time_max,29,29,0.000000,enabled
1782984582.920,2026-07-02 09:29:42.921,lock_row_lock_waits,425,425,0.196806,enabled
1782984582.920,2026-07-02 09:29:42.921,lock_schedule_refreshes,2396,2396,1.109524,enabled
1782984582.920,2026-07-02 09:29:42.921,lock_threads_waiting,0,0,0.000000,enabled
1782984582.920,2026-07-02 09:29:42.921,lock_timeouts,0,0,0.000000,enabled
1782984582.920,2026-07-02 09:29:42.921,log_waits,0,0,0.000000,enabled
1782984582.920,2026-07-02 09:29:42.921,log_writes,188113192,188113192,87110.247612,enabled
1782984582.920,2026-07-02 09:29:42.921,log_write_requests,396142646,396142646,183443.189942,enabled
1782984582.920,2026-07-02 09:29:42.921,os_data_fsyncs,50387264,50387264,23333.011089,enabled
1782984582.920,2026-07-02 09:29:42.921,os_data_reads,67765163,67765163,31380.257165,enabled
1782984582.920,2026-07-02 09:29:42.921,os_data_writes,212020522,212020522,98181.103752,enabled
1782984582.920,2026-07-02 09:29:42.921,os_log_bytes_written,120791588864,120791588864,55935394.231252,enabled
1782984582.920,2026-07-02 09:29:42.921,os_log_fsyncs,44186527,44186527,20461.613497,enabled
1782984582.920,2026-07-02 09:29:42.921,os_log_pending_fsyncs,1,1,0.000463,enabled
1782984582.920,2026-07-02 09:29:42.921,os_log_pending_writes,1,1,0.000463,enabled
1782984582.920,2026-07-02 09:29:42.921,trx_rseg_history_len,1231,1231,0.000000,enabled
1782984583.996,2026-07-02 09:29:43.997,adaptive_hash_searches,0,0,0.000000,enabled
1782984583.996,2026-07-02 09:29:43.997,adaptive_hash_searches_btree,573774957,573774957,265568.639961,enabled
1782984583.996,2026-07-02 09:29:43.997,buffer_data_reads,1106291100160,1106291100160,512040935.928169,enabled
1782984583.996,2026-07-02 09:29:43.997,buffer_data_written,535271356928,535271356928,247747492.765237,enabled
1782984583.996,2026-07-02 09:29:43.997,buffer_pages0_read,7,7,0.003240,enabled
1782984583.996,2026-07-02 09:29:43.997,buffer_pages_created,1809188,1809188,837.373026,enabled
1782984583.996,2026-07-02 09:29:43.997,buffer_pages_read,67713249,67713249,31340.716256,enabled
1782984583.996,2026-07-02 09:29:43.997,buffer_pages_written,23175704,23175704,10726.751065,enabled
1782984583.996,2026-07-02 09:29:43.997,buffer_pool_bytes_data,12856147968,12856147968,0.000000,enabled
1782984583.996,2026-07-02 09:29:43.997,buffer_pool_bytes_dirty,4661280768,4661280768,0.000000,enabled
1782984583.996,2026-07-02 09:29:43.997,buffer_pool_pages_data,784677,784677,0.000000,enabled
1782984583.996,2026-07-02 09:29:43.997,buffer_pool_pages_dirty,284502,284502,0.000000,enabled
1782984583.996,2026-07-02 09:29:43.997,buffer_pool_pages_flushed,23118634,23118634,0.000000,enabled
1782984583.996,2026-07-02 09:29:43.997,buffer_pool_pages_free,1659,1659,0.000000,enabled
1782984583.996,2026-07-02 09:29:43.997,buffer_pool_pages_lru_flushed,0,0,0.000000,enabled
1782984583.996,2026-07-02 09:29:43.997,buffer_pool_pages_misc,96,96,0.000000,enabled
1782984583.996,2026-07-02 09:29:43.997,buffer_pool_pages_total,786432,786432,0.000000,enabled
1782984583.996,2026-07-02 09:29:43.997,buffer_pool_reads,66824367,66824367,30929.303118,enabled
1782984583.996,2026-07-02 09:29:43.997,buffer_pool_read_ahead,803715,803715,371.995212,enabled
1782984583.996,2026-07-02 09:29:43.997,buffer_pool_read_ahead_evicted,25,25,0.011571,enabled
1782984583.996,2026-07-02 09:29:43.997,buffer_pool_read_requests,2760260923,2760260923,1277572.091634,enabled
1782984583.996,2026-07-02 09:29:43.997,buffer_pool_size,12884901888,12884901888,0.000000,enabled
1782984583.996,2026-07-02 09:29:43.997,buffer_pool_wait_free,18945,18945,8.768593,enabled
1782984583.996,2026-07-02 09:29:43.997,buffer_pool_write_requests,589116577,589116577,272669.475042,enabled
1782984583.996,2026-07-02 09:29:43.997,dml_deletes,12442919,12442919,5759.137677,enabled
1782984583.996,2026-07-02 09:29:43.997,dml_inserts,112328321,112328321,51990.555145,enabled
1782984583.996,2026-07-02 09:29:43.997,dml_system_deletes,468,468,0.216611,enabled
1782984583.996,2026-07-02 09:29:43.997,dml_system_inserts,1202,1202,0.556339,enabled
1782984583.996,2026-07-02 09:29:43.997,dml_system_reads,7661,7661,3.545852,enabled
1782984583.996,2026-07-02 09:29:43.997,dml_system_updates,620,620,0.286964,enabled
1782984583.996,2026-07-02 09:29:43.997,dml_updates,24885953,24885953,11518.328569,enabled
1782984583.996,2026-07-02 09:29:43.997,file_num_open_files,35,35,0.000000,enabled
1782984583.996,2026-07-02 09:29:43.997,ibuf_merges,0,0,0.000000,enabled
1782984583.996,2026-07-02 09:29:43.997,ibuf_merges_delete,0,0,0.000000,enabled
1782984583.996,2026-07-02 09:29:43.997,ibuf_merges_delete_mark,0,0,0.000000,enabled
1782984583.996,2026-07-02 09:29:43.997,ibuf_merges_discard_delete,0,0,0.000000,enabled
1782984583.996,2026-07-02 09:29:43.997,ibuf_merges_discard_delete_mark,0,0,0.000000,enabled
1782984583.996,2026-07-02 09:29:43.997,ibuf_merges_discard_insert,0,0,0.000000,enabled
1782984583.996,2026-07-02 09:29:43.997,ibuf_merges_insert,0,0,0.000000,enabled
1782984583.996,2026-07-02 09:29:43.997,ibuf_size,1,1,0.000463,enabled
1782984583.996,2026-07-02 09:29:43.997,innodb_activity_count,17204257,17204257,7962.897324,enabled
1782984583.996,2026-07-02 09:29:43.997,innodb_dblwr_pages_written,23116584,23116584,10699.385828,enabled
1782984583.996,2026-07-02 09:29:43.997,innodb_dblwr_writes,469666,469666,217.382367,enabled
1782984583.996,2026-07-02 09:29:43.997,innodb_page_size,16384,16384,0.000000,enabled
1782984583.996,2026-07-02 09:29:43.997,innodb_rwlock_sx_os_waits,0,0,0.000000,enabled
1782984583.996,2026-07-02 09:29:43.997,innodb_rwlock_sx_spin_rounds,0,0,0.000000,enabled
1782984583.996,2026-07-02 09:29:43.997,innodb_rwlock_sx_spin_waits,0,0,0.000000,enabled
1782984583.996,2026-07-02 09:29:43.997,innodb_rwlock_s_os_waits,0,0,0.000000,enabled
1782984583.996,2026-07-02 09:29:43.997,innodb_rwlock_s_spin_rounds,0,0,0.000000,enabled
1782984583.996,2026-07-02 09:29:43.997,innodb_rwlock_s_spin_waits,0,0,0.000000,enabled
1782984583.996,2026-07-02 09:29:43.997,innodb_rwlock_x_os_waits,0,0,0.000000,enabled
1782984583.996,2026-07-02 09:29:43.997,innodb_rwlock_x_spin_rounds,0,0,0.000000,enabled
1782984583.996,2026-07-02 09:29:43.997,innodb_rwlock_x_spin_waits,0,0,0.000000,enabled
1782984583.996,2026-07-02 09:29:43.997,lock_deadlocks,0,0,0.000000,enabled
1782984583.996,2026-07-02 09:29:43.997,lock_deadlock_false_positives,0,0,0.000000,enabled
1782984583.996,2026-07-02 09:29:43.997,lock_deadlock_rounds,2397,2397,1.109439,enabled
1782984583.996,2026-07-02 09:29:43.997,lock_rec_grant_attempts,425,425,0.196709,enabled
1782984583.996,2026-07-02 09:29:43.997,lock_rec_release_attempts,37819153,37819153,17504.394210,enabled
1782984583.996,2026-07-02 09:29:43.997,lock_row_lock_current_waits,0,0,0.000000,enabled
1782984583.996,2026-07-02 09:29:43.997,lock_row_lock_time,323,323,0.149499,enabled
1782984583.996,2026-07-02 09:29:43.997,lock_row_lock_time_avg,0,0,0.000000,enabled
1782984583.996,2026-07-02 09:29:43.997,lock_row_lock_time_max,29,29,0.000000,enabled
1782984583.996,2026-07-02 09:29:43.997,lock_row_lock_waits,425,425,0.196709,enabled
1782984583.996,2026-07-02 09:29:43.997,lock_schedule_refreshes,2397,2397,1.109439,enabled
1782984583.996,2026-07-02 09:29:43.997,lock_threads_waiting,0,0,0.000000,enabled
1782984583.996,2026-07-02 09:29:43.997,lock_timeouts,0,0,0.000000,enabled
1782984583.996,2026-07-02 09:29:43.997,log_waits,0,0,0.000000,enabled
1782984583.996,2026-07-02 09:29:43.997,log_writes,188194431,188194431,87104.779359,enabled
1782984583.996,2026-07-02 09:29:43.997,log_write_requests,396227369,396227369,183391.705049,enabled
1782984583.996,2026-07-02 09:29:43.997,os_data_fsyncs,50422430,50422430,23337.751166,enabled
1782984583.996,2026-07-02 09:29:43.997,os_data_reads,67822765,67822765,31391.402909,enabled
1782984583.996,2026-07-02 09:29:43.997,os_data_writes,212118226,212118226,98177.782805,enabled
1782984583.996,2026-07-02 09:29:43.997,os_log_bytes_written,120834508800,120834508800,55927603.893275,enabled
1782984583.996,2026-07-02 09:29:43.997,os_log_fsyncs,44216677,44216677,20465.451624,enabled
1782984583.996,2026-07-02 09:29:43.997,os_log_pending_fsyncs,0,0,0.000000,enabled
1782984583.996,2026-07-02 09:29:43.997,os_log_pending_writes,0,0,0.000000,enabled
1782984583.996,2026-07-02 09:29:43.997,trx_rseg_history_len,123,123,0.000000,enabled
1782984585.064,2026-07-02 09:29:45.066,adaptive_hash_searches,0,0,0.000000,enabled
1782984585.064,2026-07-02 09:29:45.066,adaptive_hash_searches_btree,573947627,573947627,265516.856781,enabled
1782984585.064,2026-07-02 09:29:45.066,buffer_data_reads,1107250186752,1107250186752,512230763.390885,enabled
1782984585.064,2026-07-02 09:29:45.066,buffer_data_written,535588071424,535588071424,247771180.969016,enabled
1782984585.064,2026-07-02 09:29:45.066,buffer_pages0_read,7,7,0.003238,enabled
1782984585.064,2026-07-02 09:29:45.066,buffer_pages_created,1809230,1809230,836.977301,enabled
1782984585.064,2026-07-02 09:29:45.066,buffer_pages_read,67771936,67771936,31352.327608,enabled
1782984585.064,2026-07-02 09:29:45.066,buffer_pages_written,23192054,23192054,10728.996698,enabled
1782984585.064,2026-07-02 09:29:45.066,buffer_pool_bytes_data,12852854784,12852854784,0.000000,enabled
1782984585.064,2026-07-02 09:29:45.066,buffer_pool_bytes_dirty,4667637760,4667637760,0.000000,enabled
1782984585.064,2026-07-02 09:29:45.066,buffer_pool_pages_data,784476,784476,0.000000,enabled
1782984585.064,2026-07-02 09:29:45.066,buffer_pool_pages_dirty,284890,284890,0.000000,enabled
1782984585.064,2026-07-02 09:29:45.066,buffer_pool_pages_flushed,23134984,23134984,0.000000,enabled
1782984585.064,2026-07-02 09:29:45.066,buffer_pool_pages_free,1860,1860,0.000000,enabled
1782984585.064,2026-07-02 09:29:45.066,buffer_pool_pages_lru_flushed,0,0,0.000000,enabled
1782984585.064,2026-07-02 09:29:45.066,buffer_pool_pages_misc,96,96,0.000000,enabled
1782984585.064,2026-07-02 09:29:45.066,buffer_pool_pages_total,786432,786432,0.000000,enabled
1782984585.064,2026-07-02 09:29:45.066,buffer_pool_reads,66883002,66883002,30941.094585,enabled
1782984585.064,2026-07-02 09:29:45.066,buffer_pool_read_ahead,803715,803715,371.810785,enabled
1782984585.064,2026-07-02 09:29:45.066,buffer_pool_read_ahead_evicted,25,25,0.011565,enabled
1782984585.064,2026-07-02 09:29:45.066,buffer_pool_read_requests,2761116565,2761116565,1277334.533245,enabled
1782984585.064,2026-07-02 09:29:45.066,buffer_pool_size,12884901888,12884901888,0.000000,enabled
1782984585.064,2026-07-02 09:29:45.066,buffer_pool_wait_free,18945,18945,8.764245,enabled
1782984585.064,2026-07-02 09:29:45.066,buffer_pool_write_requests,589233154,589233154,272588.221850,enabled
1782984585.064,2026-07-02 09:29:45.066,dml_deletes,12447902,12447902,5758.587650,enabled
1782984585.064,2026-07-02 09:29:45.066,dml_inserts,112333303,112333303,51967.084260,enabled
1782984585.064,2026-07-02 09:29:45.066,dml_system_deletes,468,468,0.216504,enabled
1782984585.064,2026-07-02 09:29:45.066,dml_system_inserts,1202,1202,0.556063,enabled
1782984585.064,2026-07-02 09:29:45.066,dml_system_reads,7661,7661,3.544094,enabled
1782984585.064,2026-07-02 09:29:45.066,dml_system_updates,620,620,0.286821,enabled
1782984585.064,2026-07-02 09:29:45.066,dml_updates,24895926,24895926,11517.231727,enabled
1782984585.064,2026-07-02 09:29:45.066,file_num_open_files,35,35,0.000000,enabled
1782984585.064,2026-07-02 09:29:45.066,ibuf_merges,0,0,0.000000,enabled
1782984585.064,2026-07-02 09:29:45.066,ibuf_merges_delete,0,0,0.000000,enabled
1782984585.064,2026-07-02 09:29:45.066,ibuf_merges_delete_mark,0,0,0.000000,enabled
1782984585.064,2026-07-02 09:29:45.066,ibuf_merges_discard_delete,0,0,0.000000,enabled
1782984585.064,2026-07-02 09:29:45.066,ibuf_merges_discard_delete_mark,0,0,0.000000,enabled
1782984585.064,2026-07-02 09:29:45.066,ibuf_merges_discard_insert,0,0,0.000000,enabled
1782984585.064,2026-07-02 09:29:45.066,ibuf_merges_insert,0,0,0.000000,enabled
1782984585.064,2026-07-02 09:29:45.066,ibuf_size,1,1,0.000463,enabled
1782984585.064,2026-07-02 09:29:45.066,innodb_activity_count,17209979,17209979,7961.596590,enabled
1782984585.064,2026-07-02 09:29:45.066,innodb_dblwr_pages_written,23132934,23132934,10701.645087,enabled
1782984585.064,2026-07-02 09:29:45.066,innodb_dblwr_writes,470048,470048,217.451313,enabled
1782984585.064,2026-07-02 09:29:45.066,innodb_page_size,16384,16384,0.000000,enabled
1782984585.064,2026-07-02 09:29:45.066,innodb_rwlock_sx_os_waits,0,0,0.000000,enabled
1782984585.064,2026-07-02 09:29:45.066,innodb_rwlock_sx_spin_rounds,0,0,0.000000,enabled
1782984585.064,2026-07-02 09:29:45.066,innodb_rwlock_sx_spin_waits,0,0,0.000000,enabled
1782984585.064,2026-07-02 09:29:45.066,innodb_rwlock_s_os_waits,0,0,0.000000,enabled
1782984585.064,2026-07-02 09:29:45.066,innodb_rwlock_s_spin_rounds,0,0,0.000000,enabled
1782984585.064,2026-07-02 09:29:45.066,innodb_rwlock_s_spin_waits,0,0,0.000000,enabled
1782984585.064,2026-07-02 09:29:45.066,innodb_rwlock_x_os_waits,0,0,0.000000,enabled
1782984585.064,2026-07-02 09:29:45.066,innodb_rwlock_x_spin_rounds,0,0,0.000000,enabled
1782984585.064,2026-07-02 09:29:45.066,innodb_rwlock_x_spin_waits,0,0,0.000000,enabled
1782984585.064,2026-07-02 09:29:45.066,lock_deadlocks,0,0,0.000000,enabled
1782984585.064,2026-07-02 09:29:45.066,lock_deadlock_false_positives,0,0,0.000000,enabled
1782984585.064,2026-07-02 09:29:45.066,lock_deadlock_rounds,2398,2398,1.109351,enabled
1782984585.064,2026-07-02 09:29:45.066,lock_rec_grant_attempts,425,425,0.196611,enabled
1782984585.064,2026-07-02 09:29:45.066,lock_rec_release_attempts,37834300,37834300,17502.723246,enabled
1782984585.064,2026-07-02 09:29:45.066,lock_row_lock_current_waits,0,0,0.000000,enabled
1782984585.064,2026-07-02 09:29:45.066,lock_row_lock_time,323,323,0.149425,enabled
1782984585.064,2026-07-02 09:29:45.066,lock_row_lock_time_avg,0,0,0.000000,enabled
1782984585.064,2026-07-02 09:29:45.066,lock_row_lock_time_max,29,29,0.000000,enabled
1782984585.064,2026-07-02 09:29:45.066,lock_row_lock_waits,425,425,0.196611,enabled
1782984585.064,2026-07-02 09:29:45.066,lock_schedule_refreshes,2398,2398,1.109351,enabled
1782984585.064,2026-07-02 09:29:45.066,lock_threads_waiting,0,0,0.000000,enabled
1782984585.064,2026-07-02 09:29:45.066,lock_timeouts,0,0,0.000000,enabled
1782984585.064,2026-07-02 09:29:45.066,log_waits,0,0,0.000000,enabled
1782984585.064,2026-07-02 09:29:45.066,log_writes,188275420,188275420,87099.061182,enabled
1782984585.064,2026-07-02 09:29:45.066,log_write_requests,396311974,396311974,183339.922458,enabled
1782984585.064,2026-07-02 09:29:45.066,os_data_fsyncs,50458070,50458070,23342.668312,enabled
1782984585.064,2026-07-02 09:29:45.066,os_data_reads,67881285,67881285,31402.911829,enabled
1782984585.064,2026-07-02 09:29:45.066,os_data_writes,212215828,212215828,98174.260095,enabled
1782984585.064,2026-07-02 09:29:45.066,os_log_bytes_written,120876985344,120876985344,55919526.243983,enabled
1782984585.064,2026-07-02 09:29:45.066,os_log_fsyncs,44247150,44247150,20469.402475,enabled
1782984585.064,2026-07-02 09:29:45.066,os_log_pending_fsyncs,1,1,0.000463,enabled
1782984585.064,2026-07-02 09:29:45.066,os_log_pending_writes,0,0,0.000000,enabled
1782984585.064,2026-07-02 09:29:45.066,trx_rseg_history_len,237,237,0.000000,enabled
1782984586.136,2026-07-02 09:29:46.137,adaptive_hash_searches,0,0,0.000000,enabled
1782984586.136,2026-07-02 09:29:46.137,adaptive_hash_searches_btree,574117235,574117235,265463.922651,enabled
1782984586.136,2026-07-02 09:29:46.137,buffer_data_reads,1108197935616,1108197935616,512415570.971608,enabled
1782984586.136,2026-07-02 09:29:46.137,buffer_data_written,535905045504,535905045504,247795164.367474,enabled
1782984586.136,2026-07-02 09:29:46.137,buffer_pages0_read,7,7,0.003237,enabled
1782984586.136,2026-07-02 09:29:46.137,buffer_pages_created,1809281,1809281,836.586801,enabled
1782984586.136,2026-07-02 09:29:46.137,buffer_pages_read,67829925,67829925,31363.629818,enabled
1782984586.136,2026-07-02 09:29:46.137,buffer_pages_written,23208395,23208395,10731.244543,enabled
1782984586.136,2026-07-02 09:29:46.137,buffer_pool_bytes_data,12854411264,12854411264,0.000000,enabled
1782984586.136,2026-07-02 09:29:46.137,buffer_pool_bytes_dirty,4668047360,4668047360,0.000000,enabled
1782984586.136,2026-07-02 09:29:46.137,buffer_pool_pages_data,784571,784571,0.000000,enabled
1782984586.136,2026-07-02 09:29:46.137,buffer_pool_pages_dirty,284915,284915,0.000000,enabled
1782984586.136,2026-07-02 09:29:46.137,buffer_pool_pages_flushed,23151300,23151300,0.000000,enabled
1782984586.136,2026-07-02 09:29:46.137,buffer_pool_pages_free,1765,1765,0.000000,enabled
1782984586.136,2026-07-02 09:29:46.137,buffer_pool_pages_lru_flushed,0,0,0.000000,enabled
1782984586.136,2026-07-02 09:29:46.137,buffer_pool_pages_misc,97,97,0.000000,enabled
1782984586.136,2026-07-02 09:29:46.137,buffer_pool_pages_total,786432,786432,0.000000,enabled
1782984586.136,2026-07-02 09:29:46.137,buffer_pool_reads,66940927,66940927,30952.570595,enabled
1782984586.136,2026-07-02 09:29:46.137,buffer_pool_read_ahead,803715,803715,371.626837,enabled
1782984586.136,2026-07-02 09:29:46.137,buffer_pool_read_ahead_evicted,25,25,0.011560,enabled
1782984586.136,2026-07-02 09:29:46.137,buffer_pool_read_requests,2761957480,2761957480,1277091.417423,enabled
1782984586.136,2026-07-02 09:29:46.137,buffer_pool_size,12884901888,12884901888,0.000000,enabled
1782984586.136,2026-07-02 09:29:46.137,buffer_pool_wait_free,18945,18945,8.759909,enabled
1782984586.136,2026-07-02 09:29:46.137,buffer_pool_write_requests,589347328,589347328,272506.155220,enabled
1782984586.136,2026-07-02 09:29:46.137,dml_deletes,12452803,12452803,5758.004870,enabled
1782984586.136,2026-07-02 09:29:46.137,dml_inserts,112338205,112338205,51943.641298,enabled
1782984586.136,2026-07-02 09:29:46.137,dml_system_deletes,468,468,0.216397,enabled
1782984586.136,2026-07-02 09:29:46.137,dml_system_inserts,1202,1202,0.555788,enabled
1782984586.136,2026-07-02 09:29:46.137,dml_system_reads,7661,7661,3.542341,enabled
1782984586.136,2026-07-02 09:29:46.137,dml_system_updates,620,620,0.286679,enabled
1782984586.136,2026-07-02 09:29:46.137,dml_updates,24905721,24905721,11516.062903,enabled
1782984586.136,2026-07-02 09:29:46.137,file_num_open_files,35,35,0.000000,enabled
1782984586.136,2026-07-02 09:29:46.137,ibuf_merges,0,0,0.000000,enabled
1782984586.136,2026-07-02 09:29:46.137,ibuf_merges_delete,0,0,0.000000,enabled
1782984586.136,2026-07-02 09:29:46.137,ibuf_merges_delete_mark,0,0,0.000000,enabled
1782984586.136,2026-07-02 09:29:46.137,ibuf_merges_discard_delete,0,0,0.000000,enabled
1782984586.136,2026-07-02 09:29:46.137,ibuf_merges_discard_delete_mark,0,0,0.000000,enabled
1782984586.136,2026-07-02 09:29:46.137,ibuf_merges_discard_insert,0,0,0.000000,enabled
1782984586.136,2026-07-02 09:29:46.137,ibuf_merges_insert,0,0,0.000000,enabled
1782984586.136,2026-07-02 09:29:46.137,ibuf_size,1,1,0.000462,enabled
1782984586.136,2026-07-02 09:29:46.137,innodb_activity_count,17215605,17215605,7960.259154,enabled
1782984586.136,2026-07-02 09:29:46.137,innodb_dblwr_pages_written,23149250,23149250,10703.894982,enabled
1782984586.136,2026-07-02 09:29:46.137,innodb_dblwr_writes,470420,470420,217.515742,enabled
1782984586.136,2026-07-02 09:29:46.137,innodb_page_size,16384,16384,0.000000,enabled
1782984586.136,2026-07-02 09:29:46.137,innodb_rwlock_sx_os_waits,0,0,0.000000,enabled
1782984586.136,2026-07-02 09:29:46.137,innodb_rwlock_sx_spin_rounds,0,0,0.000000,enabled
1782984586.136,2026-07-02 09:29:46.137,innodb_rwlock_sx_spin_waits,0,0,0.000000,enabled
1782984586.136,2026-07-02 09:29:46.137,innodb_rwlock_s_os_waits,0,0,0.000000,enabled
1782984586.136,2026-07-02 09:29:46.137,innodb_rwlock_s_spin_rounds,0,0,0.000000,enabled
1782984586.136,2026-07-02 09:29:46.137,innodb_rwlock_s_spin_waits,0,0,0.000000,enabled
1782984586.136,2026-07-02 09:29:46.137,innodb_rwlock_x_os_waits,0,0,0.000000,enabled
1782984586.136,2026-07-02 09:29:46.137,innodb_rwlock_x_spin_rounds,0,0,0.000000,enabled
1782984586.136,2026-07-02 09:29:46.137,innodb_rwlock_x_spin_waits,0,0,0.000000,enabled
1782984586.136,2026-07-02 09:29:46.137,lock_deadlocks,0,0,0.000000,enabled
1782984586.136,2026-07-02 09:29:46.137,lock_deadlock_false_positives,0,0,0.000000,enabled
1782984586.136,2026-07-02 09:29:46.137,lock_deadlock_rounds,2400,2400,1.109727,enabled
1782984586.136,2026-07-02 09:29:46.137,lock_rec_grant_attempts,425,425,0.196514,enabled
1782984586.136,2026-07-02 09:29:46.137,lock_rec_release_attempts,37849220,37849220,17500.962744,enabled
1782984586.136,2026-07-02 09:29:46.137,lock_row_lock_current_waits,0,0,0.000000,enabled
1782984586.136,2026-07-02 09:29:46.137,lock_row_lock_time,323,323,0.149351,enabled
1782984586.136,2026-07-02 09:29:46.137,lock_row_lock_time_avg,0,0,0.000000,enabled
1782984586.136,2026-07-02 09:29:46.137,lock_row_lock_time_max,29,29,0.000000,enabled
1782984586.136,2026-07-02 09:29:46.137,lock_row_lock_waits,425,425,0.196514,enabled
1782984586.136,2026-07-02 09:29:46.137,lock_schedule_refreshes,2400,2400,1.109727,enabled
1782984586.136,2026-07-02 09:29:46.137,lock_threads_waiting,0,0,0.000000,enabled
1782984586.136,2026-07-02 09:29:46.137,lock_timeouts,0,0,0.000000,enabled
1782984586.136,2026-07-02 09:29:46.137,log_waits,0,0,0.000000,enabled
1782984586.136,2026-07-02 09:29:46.137,log_writes,188356345,188356345,87093.389358,enabled
1782984586.136,2026-07-02 09:29:46.137,log_write_requests,396394895,396394895,183287.560378,enabled
1782984586.136,2026-07-02 09:29:46.137,os_data_fsyncs,50493497,50493497,23347.500961,enabled
1782984586.136,2026-07-02 09:29:46.137,os_data_reads,67939111,67939111,31414.113817,enabled
1782984586.136,2026-07-02 09:29:46.137,os_data_writes,212313400,212313400,98170.806311,enabled
1782984586.136,2026-07-02 09:29:46.137,os_log_bytes_written,120919590400,120919590400,55911561.179659,enabled
1782984586.136,2026-07-02 09:29:46.137,os_log_fsyncs,44277423,44277423,20473.273478,enabled
1782984586.136,2026-07-02 09:29:46.137,os_log_pending_fsyncs,1,1,0.000462,enabled
1782984586.136,2026-07-02 09:29:46.137,os_log_pending_writes,0,0,0.000000,enabled
1782984586.136,2026-07-02 09:29:46.137,trx_rseg_history_len,575,575,0.000000,enabled
1782984587.206,2026-07-02 09:29:47.207,adaptive_hash_searches,0,0,0.000000,enabled
1782984587.206,2026-07-02 09:29:47.207,adaptive_hash_searches_btree,574288567,574288567,265411.446796,enabled
1782984587.206,2026-07-02 09:29:47.207,buffer_data_reads,1109146077696,1109146077696,512599625.827905,enabled
1782984587.206,2026-07-02 09:29:47.207,buffer_data_written,536219626496,536219626496,247817654.725891,enabled
1782984587.206,2026-07-02 09:29:47.207,buffer_pages0_read,7,7,0.003235,enabled
1782984587.206,2026-07-02 09:29:47.207,buffer_pages_created,1809317,1809317,836.188528,enabled
1782984587.206,2026-07-02 09:29:47.207,buffer_pages_read,67887931,67887931,31374.882712,enabled
1782984587.206,2026-07-02 09:29:47.207,buffer_pages_written,23224621,23224621,10733.421269,enabled
1782984587.206,2026-07-02 09:29:47.207,buffer_pool_bytes_data,12854345728,12854345728,0.000000,enabled
1782984587.206,2026-07-02 09:29:47.207,buffer_pool_bytes_dirty,4673486848,4673486848,0.000000,enabled
1782984587.206,2026-07-02 09:29:47.207,buffer_pool_pages_data,784567,784567,0.000000,enabled
1782984587.206,2026-07-02 09:29:47.207,buffer_pool_pages_dirty,285247,285247,0.000000,enabled
1782984587.206,2026-07-02 09:29:47.207,buffer_pool_pages_flushed,23167551,23167551,0.000000,enabled
1782984587.206,2026-07-02 09:29:47.207,buffer_pool_pages_free,1771,1771,0.000000,enabled
1782984587.206,2026-07-02 09:29:47.207,buffer_pool_pages_lru_flushed,0,0,0.000000,enabled
1782984587.206,2026-07-02 09:29:47.207,buffer_pool_pages_misc,96,96,0.000000,enabled
1782984587.206,2026-07-02 09:29:47.207,buffer_pool_pages_total,786432,786432,0.000000,enabled
1782984587.206,2026-07-02 09:29:47.207,buffer_pool_reads,66998885,66998885,30964.004962,enabled
1782984587.206,2026-07-02 09:29:47.207,buffer_pool_read_ahead,803715,803715,371.442525,enabled
1782984587.206,2026-07-02 09:29:47.207,buffer_pool_read_ahead_evicted,25,25,0.011554,enabled
1782984587.206,2026-07-02 09:29:47.207,buffer_pool_read_requests,2762806304,2762806304,1276850.318961,enabled
1782984587.206,2026-07-02 09:29:47.207,buffer_pool_size,12884901888,12884901888,0.000000,enabled
1782984587.206,2026-07-02 09:29:47.207,buffer_pool_wait_free,18945,18945,8.755565,enabled
1782984587.206,2026-07-02 09:29:47.207,buffer_pool_write_requests,589462851,589462851,272424.392431,enabled
1782984587.206,2026-07-02 09:29:47.207,dml_deletes,12457748,12457748,5757.434517,enabled
1782984587.206,2026-07-02 09:29:47.207,dml_inserts,112343149,112343149,51920.164417,enabled
1782984587.206,2026-07-02 09:29:47.207,dml_system_deletes,468,468,0.216289,enabled
1782984587.206,2026-07-02 09:29:47.207,dml_system_inserts,1202,1202,0.555513,enabled
1782984587.206,2026-07-02 09:29:47.207,dml_system_reads,7661,7661,3.540584,enabled
1782984587.206,2026-07-02 09:29:47.207,dml_system_updates,620,620,0.286537,enabled
1782984587.206,2026-07-02 09:29:47.207,dml_updates,24915609,24915609,11514.921245,enabled
1782984587.206,2026-07-02 09:29:47.207,file_num_open_files,35,35,0.000000,enabled
1782984587.206,2026-07-02 09:29:47.207,ibuf_merges,0,0,0.000000,enabled
1782984587.206,2026-07-02 09:29:47.207,ibuf_merges_delete,0,0,0.000000,enabled
1782984587.206,2026-07-02 09:29:47.207,ibuf_merges_delete_mark,0,0,0.000000,enabled
1782984587.206,2026-07-02 09:29:47.207,ibuf_merges_discard_delete,0,0,0.000000,enabled
1782984587.206,2026-07-02 09:29:47.207,ibuf_merges_discard_delete_mark,0,0,0.000000,enabled
1782984587.206,2026-07-02 09:29:47.207,ibuf_merges_discard_insert,0,0,0.000000,enabled
1782984587.206,2026-07-02 09:29:47.207,ibuf_merges_insert,0,0,0.000000,enabled
1782984587.206,2026-07-02 09:29:47.207,ibuf_size,1,1,0.000462,enabled
1782984587.206,2026-07-02 09:29:47.207,innodb_activity_count,17221280,17221280,7958.933959,enabled
1782984587.206,2026-07-02 09:29:47.207,innodb_dblwr_pages_written,23165501,23165501,10706.096831,enabled
1782984587.206,2026-07-02 09:29:47.207,innodb_dblwr_writes,470778,470778,217.573316,enabled
1782984587.206,2026-07-02 09:29:47.207,innodb_page_size,16384,16384,0.000000,enabled
1782984587.206,2026-07-02 09:29:47.207,innodb_rwlock_sx_os_waits,0,0,0.000000,enabled
1782984587.206,2026-07-02 09:29:47.207,innodb_rwlock_sx_spin_rounds,0,0,0.000000,enabled
1782984587.206,2026-07-02 09:29:47.207,innodb_rwlock_sx_spin_waits,0,0,0.000000,enabled
1782984587.206,2026-07-02 09:29:47.207,innodb_rwlock_s_os_waits,0,0,0.000000,enabled
1782984587.206,2026-07-02 09:29:47.207,innodb_rwlock_s_spin_rounds,0,0,0.000000,enabled
1782984587.206,2026-07-02 09:29:47.207,innodb_rwlock_s_spin_waits,0,0,0.000000,enabled
1782984587.206,2026-07-02 09:29:47.207,innodb_rwlock_x_os_waits,0,0,0.000000,enabled
1782984587.206,2026-07-02 09:29:47.207,innodb_rwlock_x_spin_rounds,0,0,0.000000,enabled
1782984587.206,2026-07-02 09:29:47.207,innodb_rwlock_x_spin_waits,0,0,0.000000,enabled
1782984587.206,2026-07-02 09:29:47.207,lock_deadlocks,0,0,0.000000,enabled
1782984587.206,2026-07-02 09:29:47.207,lock_deadlock_false_positives,0,0,0.000000,enabled
1782984587.206,2026-07-02 09:29:47.207,lock_deadlock_rounds,2401,2401,1.109639,enabled
1782984587.206,2026-07-02 09:29:47.207,lock_rec_grant_attempts,425,425,0.196417,enabled
1782984587.206,2026-07-02 09:29:47.207,lock_rec_release_attempts,37864235,37864235,17499.222166,enabled
1782984587.206,2026-07-02 09:29:47.207,lock_row_lock_current_waits,0,0,0.000000,enabled
1782984587.206,2026-07-02 09:29:47.207,lock_row_lock_time,323,323,0.149277,enabled
1782984587.206,2026-07-02 09:29:47.207,lock_row_lock_time_avg,0,0,0.000000,enabled
1782984587.206,2026-07-02 09:29:47.207,lock_row_lock_time_max,29,29,0.000000,enabled
1782984587.206,2026-07-02 09:29:47.207,lock_row_lock_waits,425,425,0.196417,enabled
1782984587.206,2026-07-02 09:29:47.207,lock_schedule_refreshes,2401,2401,1.109639,enabled
1782984587.206,2026-07-02 09:29:47.207,lock_threads_waiting,0,0,0.000000,enabled
1782984587.206,2026-07-02 09:29:47.207,lock_timeouts,0,0,0.000000,enabled
1782984587.206,2026-07-02 09:29:47.207,log_waits,0,0,0.000000,enabled
1782984587.206,2026-07-02 09:29:47.207,log_writes,188437237,188437237,87087.579889,enabled
1782984587.206,2026-07-02 09:29:47.207,log_write_requests,396478879,396478879,183235.472039,enabled
1782984587.206,2026-07-02 09:29:47.207,os_data_fsyncs,50528729,50528729,23352.204356,enabled
1782984587.206,2026-07-02 09:29:47.207,os_data_reads,67996941,67996941,31425.260364,enabled
1782984587.206,2026-07-02 09:29:47.207,os_data_writes,212410784,212410784,98167.124704,enabled
1782984587.206,2026-07-02 09:29:47.207,os_log_bytes_written,120961972736,120961972736,55903418.854088,enabled
1782984587.206,2026-07-02 09:29:47.207,os_log_fsyncs,44307704,44307704,20477.114228,enabled
1782984587.206,2026-07-02 09:29:47.207,os_log_pending_fsyncs,1,1,0.000462,enabled
1782984587.206,2026-07-02 09:29:47.207,os_log_pending_writes,0,0,0.000000,enabled
1782984587.206,2026-07-02 09:29:47.207,trx_rseg_history_len,659,659,0.000000,enabled
1782984588.280,2026-07-02 09:29:48.281,adaptive_hash_searches,0,0,0.000000,enabled
1782984588.280,2026-07-02 09:29:48.281,adaptive_hash_searches_btree,574459652,574459652,265358.822109,enabled
1782984588.280,2026-07-02 09:29:48.281,buffer_data_reads,1110097578496,1110097578496,512784887.064727,enabled
1782984588.280,2026-07-02 09:29:48.281,buffer_data_written,536535791616,536535791616,247840775.853115,enabled
1782984588.280,2026-07-02 09:29:48.281,buffer_pages0_read,7,7,0.003233,enabled
1782984588.280,2026-07-02 09:29:48.281,buffer_pages_created,1809343,1809343,835.785765,enabled
1782984588.280,2026-07-02 09:29:48.281,buffer_pages_read,67946164,67946164,31386.219352,enabled
1782984588.280,2026-07-02 09:29:48.281,buffer_pages_written,23240978,23240978,10735.652949,enabled
1782984588.280,2026-07-02 09:29:48.281,buffer_pool_bytes_data,12854362112,12854362112,0.000000,enabled
1782984588.280,2026-07-02 09:29:48.281,buffer_pool_bytes_dirty,4679565312,4679565312,0.000000,enabled
1782984588.280,2026-07-02 09:29:48.281,buffer_pool_pages_data,784568,784568,0.000000,enabled
1782984588.280,2026-07-02 09:29:48.281,buffer_pool_pages_dirty,285618,285618,0.000000,enabled
1782984588.280,2026-07-02 09:29:48.281,buffer_pool_pages_flushed,23183908,23183908,0.000000,enabled
1782984588.280,2026-07-02 09:29:48.281,buffer_pool_pages_free,1765,1765,0.000000,enabled
1782984588.280,2026-07-02 09:29:48.281,buffer_pool_pages_lru_flushed,0,0,0.000000,enabled
1782984588.280,2026-07-02 09:29:48.281,buffer_pool_pages_misc,96,96,0.000000,enabled
1782984588.280,2026-07-02 09:29:48.281,buffer_pool_pages_total,786432,786432,0.000000,enabled
1782984588.280,2026-07-02 09:29:48.281,buffer_pool_reads,67057066,67057066,30975.521412,enabled
1782984588.280,2026-07-02 09:29:48.281,buffer_pool_read_ahead,803715,803715,371.258279,enabled
1782984588.280,2026-07-02 09:29:48.281,buffer_pool_read_ahead_evicted,25,25,0.011548,enabled
1782984588.280,2026-07-02 09:29:48.281,buffer_pool_read_requests,2763653929,2763653929,1276608.508373,enabled
1782984588.280,2026-07-02 09:29:48.281,buffer_pool_size,12884901888,12884901888,0.000000,enabled
1782984588.280,2026-07-02 09:29:48.281,buffer_pool_wait_free,18945,18945,8.751222,enabled
1782984588.280,2026-07-02 09:29:48.281,buffer_pool_write_requests,589578299,589578299,272342.591189,enabled
1782984588.280,2026-07-02 09:29:48.281,dml_deletes,12462691,12462691,5756.861933,enabled
1782984588.280,2026-07-02 09:29:48.281,dml_inserts,112348093,112348093,51896.693946,enabled
1782984588.280,2026-07-02 09:29:48.281,dml_system_deletes,468,468,0.216182,enabled
1782984588.280,2026-07-02 09:29:48.281,dml_system_inserts,1202,1202,0.555237,enabled
1782984588.280,2026-07-02 09:29:48.281,dml_system_reads,7661,7661,3.538828,enabled
1782984588.280,2026-07-02 09:29:48.281,dml_system_updates,620,620,0.286395,enabled
1782984588.280,2026-07-02 09:29:48.281,dml_updates,24925493,24925493,11513.775131,enabled
1782984588.280,2026-07-02 09:29:48.281,file_num_open_files,35,35,0.000000,enabled
1782984588.280,2026-07-02 09:29:48.281,ibuf_merges,0,0,0.000000,enabled
1782984588.280,2026-07-02 09:29:48.281,ibuf_merges_delete,0,0,0.000000,enabled
1782984588.280,2026-07-02 09:29:48.281,ibuf_merges_delete_mark,0,0,0.000000,enabled
1782984588.280,2026-07-02 09:29:48.281,ibuf_merges_discard_delete,0,0,0.000000,enabled
1782984588.280,2026-07-02 09:29:48.281,ibuf_merges_discard_delete_mark,0,0,0.000000,enabled
1782984588.280,2026-07-02 09:29:48.281,ibuf_merges_discard_insert,0,0,0.000000,enabled
1782984588.280,2026-07-02 09:29:48.281,ibuf_merges_insert,0,0,0.000000,enabled
1782984588.280,2026-07-02 09:29:48.281,ibuf_size,1,1,0.000462,enabled
1782984588.280,2026-07-02 09:29:48.281,innodb_activity_count,17226959,17226959,7957.609330,enabled
1782984588.280,2026-07-02 09:29:48.281,innodb_dblwr_pages_written,23181858,23181858,10708.341979,enabled
1782984588.280,2026-07-02 09:29:48.281,innodb_dblwr_writes,471124,471124,217.625218,enabled
1782984588.280,2026-07-02 09:29:48.281,innodb_page_size,16384,16384,0.000000,enabled
1782984588.280,2026-07-02 09:29:48.281,innodb_rwlock_sx_os_waits,0,0,0.000000,enabled
1782984588.280,2026-07-02 09:29:48.281,innodb_rwlock_sx_spin_rounds,0,0,0.000000,enabled
1782984588.280,2026-07-02 09:29:48.281,innodb_rwlock_sx_spin_waits,0,0,0.000000,enabled
1782984588.280,2026-07-02 09:29:48.281,innodb_rwlock_s_os_waits,0,0,0.000000,enabled
1782984588.280,2026-07-02 09:29:48.281,innodb_rwlock_s_spin_rounds,0,0,0.000000,enabled
1782984588.280,2026-07-02 09:29:48.281,innodb_rwlock_s_spin_waits,0,0,0.000000,enabled
1782984588.280,2026-07-02 09:29:48.281,innodb_rwlock_x_os_waits,0,0,0.000000,enabled
1782984588.280,2026-07-02 09:29:48.281,innodb_rwlock_x_spin_rounds,0,0,0.000000,enabled
1782984588.280,2026-07-02 09:29:48.281,innodb_rwlock_x_spin_waits,0,0,0.000000,enabled
1782984588.280,2026-07-02 09:29:48.281,lock_deadlocks,0,0,0.000000,enabled
1782984588.280,2026-07-02 09:29:48.281,lock_deadlock_false_positives,0,0,0.000000,enabled
1782984588.280,2026-07-02 09:29:48.281,lock_deadlock_rounds,2402,2402,1.109551,enabled
1782984588.280,2026-07-02 09:29:48.281,lock_rec_grant_attempts,425,425,0.196319,enabled
1782984588.280,2026-07-02 09:29:48.281,lock_rec_release_attempts,37879265,37879265,17497.484886,enabled
1782984588.280,2026-07-02 09:29:48.281,lock_row_lock_current_waits,0,0,0.000000,enabled
1782984588.280,2026-07-02 09:29:48.281,lock_row_lock_time,323,323,0.149203,enabled
1782984588.280,2026-07-02 09:29:48.281,lock_row_lock_time_avg,0,0,0.000000,enabled
1782984588.280,2026-07-02 09:29:48.281,lock_row_lock_time_max,29,29,0.000000,enabled
1782984588.280,2026-07-02 09:29:48.281,lock_row_lock_waits,425,425,0.196319,enabled
1782984588.280,2026-07-02 09:29:48.281,lock_schedule_refreshes,2402,2402,1.109551,enabled
1782984588.280,2026-07-02 09:29:48.281,lock_threads_waiting,0,0,0.000000,enabled
1782984588.280,2026-07-02 09:29:48.281,lock_timeouts,0,0,0.000000,enabled
1782984588.280,2026-07-02 09:29:48.281,log_waits,0,0,0.000000,enabled
1782984588.280,2026-07-02 09:29:48.281,log_writes,188517621,188517621,87081.513075,enabled
1782984588.280,2026-07-02 09:29:48.281,log_write_requests,396562751,396562751,183183.323838,enabled
1782984588.280,2026-07-02 09:29:48.281,os_data_fsyncs,50563961,50563961,23356.895553,enabled
1782984588.280,2026-07-02 09:29:48.281,os_data_reads,68055003,68055003,31436.492870,enabled
1782984588.280,2026-07-02 09:29:48.281,os_data_writes,212507797,212507797,98163.243634,enabled
1782984588.280,2026-07-02 09:29:48.281,os_log_bytes_written,121003892224,121003892224,55895052.716029,enabled
1782984588.280,2026-07-02 09:29:48.281,os_log_fsyncs,44338125,44338125,20481.009220,enabled
1782984588.280,2026-07-02 09:29:48.281,os_log_pending_fsyncs,0,0,0.000000,enabled
1782984588.280,2026-07-02 09:29:48.281,os_log_pending_writes,0,0,0.000000,enabled
1782984588.280,2026-07-02 09:29:48.281,trx_rseg_history_len,782,782,0.000000,enabled
1782984589.352,2026-07-02 09:29:49.354,adaptive_hash_searches,0,0,0.000000,enabled
1782984589.352,2026-07-02 09:29:49.354,adaptive_hash_searches_btree,574629849,574629849,265306.528190,enabled
1782984589.352,2026-07-02 09:29:49.354,buffer_data_reads,1111037315584,1111037315584,512965861.477458,enabled
1782984589.352,2026-07-02 09:29:49.354,buffer_data_written,536859288064,536859288064,247867900.635983,enabled
1782984589.352,2026-07-02 09:29:49.354,buffer_pages0_read,7,7,0.003232,enabled
1782984589.352,2026-07-02 09:29:49.354,buffer_pages_created,1809388,1809388,835.394338,enabled
1782984589.352,2026-07-02 09:29:49.354,buffer_pages_read,68003676,68003676,31397.293172,enabled
1782984589.352,2026-07-02 09:29:49.354,buffer_pages_written,23257092,23257092,10737.798034,enabled
1782984589.352,2026-07-02 09:29:49.354,buffer_pool_bytes_data,12857311232,12857311232,0.000000,enabled
1782984589.352,2026-07-02 09:29:49.354,buffer_pool_bytes_dirty,4685512704,4685512704,0.000000,enabled
1782984589.352,2026-07-02 09:29:49.354,buffer_pool_pages_data,784748,784748,0.000000,enabled
1782984589.352,2026-07-02 09:29:49.354,buffer_pool_pages_dirty,285981,285981,0.000000,enabled
1782984589.352,2026-07-02 09:29:49.354,buffer_pool_pages_flushed,23199975,23199975,0.000000,enabled
1782984589.352,2026-07-02 09:29:49.354,buffer_pool_pages_free,1587,1587,0.000000,enabled
1782984589.352,2026-07-02 09:29:49.354,buffer_pool_pages_lru_flushed,0,0,0.000000,enabled
1782984589.352,2026-07-02 09:29:49.354,buffer_pool_pages_misc,96,96,0.000000,enabled
1782984589.352,2026-07-02 09:29:49.354,buffer_pool_pages_total,786432,786432,0.000000,enabled
1782984589.352,2026-07-02 09:29:49.354,buffer_pool_reads,67114534,67114534,30986.777585,enabled
1782984589.352,2026-07-02 09:29:49.354,buffer_pool_read_ahead,803715,803715,371.075178,enabled
1782984589.352,2026-07-02 09:29:49.354,buffer_pool_read_ahead_evicted,25,25,0.011542,enabled
1782984589.352,2026-07-02 09:29:49.354,buffer_pool_read_requests,2764497139,2764497139,1276368.207996,enabled
1782984589.352,2026-07-02 09:29:49.354,buffer_pool_size,12884901888,12884901888,0.000000,enabled
1782984589.352,2026-07-02 09:29:49.354,buffer_pool_wait_free,18945,18945,8.746906,enabled
1782984589.352,2026-07-02 09:29:49.354,buffer_pool_write_requests,589692840,589692840,272261.158135,enabled
1782984589.352,2026-07-02 09:29:49.354,dml_deletes,12467604,12467604,5756.290989,enabled
1782984589.352,2026-07-02 09:29:49.354,dml_inserts,112353006,112353006,51873.366916,enabled
1782984589.352,2026-07-02 09:29:49.354,dml_system_deletes,468,468,0.216076,enabled
1782984589.352,2026-07-02 09:29:49.354,dml_system_inserts,1202,1202,0.554963,enabled
1782984589.352,2026-07-02 09:29:49.354,dml_system_reads,7661,7661,3.537083,enabled
1782984589.352,2026-07-02 09:29:49.354,dml_system_updates,620,620,0.286254,enabled
1782984589.352,2026-07-02 09:29:49.354,dml_updates,24935328,24935328,11512.637369,enabled
1782984589.352,2026-07-02 09:29:49.354,file_num_open_files,35,35,0.000000,enabled
1782984589.352,2026-07-02 09:29:49.354,ibuf_merges,0,0,0.000000,enabled
1782984589.352,2026-07-02 09:29:49.354,ibuf_merges_delete,0,0,0.000000,enabled
1782984589.352,2026-07-02 09:29:49.354,ibuf_merges_delete_mark,0,0,0.000000,enabled
1782984589.352,2026-07-02 09:29:49.354,ibuf_merges_discard_delete,0,0,0.000000,enabled
1782984589.352,2026-07-02 09:29:49.354,ibuf_merges_discard_delete_mark,0,0,0.000000,enabled
1782984589.352,2026-07-02 09:29:49.354,ibuf_merges_discard_insert,0,0,0.000000,enabled
1782984589.352,2026-07-02 09:29:49.354,ibuf_merges_insert,0,0,0.000000,enabled
1782984589.352,2026-07-02 09:29:49.354,ibuf_size,1,1,0.000462,enabled
1782984589.352,2026-07-02 09:29:49.354,innodb_activity_count,17232602,17232602,7956.290029,enabled
1782984589.352,2026-07-02 09:29:49.354,innodb_dblwr_pages_written,23197925,23197925,10710.478780,enabled
1782984589.352,2026-07-02 09:29:49.354,innodb_dblwr_writes,471512,471512,217.697026,enabled
1782984589.352,2026-07-02 09:29:49.354,innodb_page_size,16384,16384,0.000000,enabled
1782984589.352,2026-07-02 09:29:49.354,innodb_rwlock_sx_os_waits,0,0,0.000000,enabled
1782984589.352,2026-07-02 09:29:49.354,innodb_rwlock_sx_spin_rounds,0,0,0.000000,enabled
1782984589.352,2026-07-02 09:29:49.354,innodb_rwlock_sx_spin_waits,0,0,0.000000,enabled
1782984589.352,2026-07-02 09:29:49.354,innodb_rwlock_s_os_waits,0,0,0.000000,enabled
1782984589.352,2026-07-02 09:29:49.354,innodb_rwlock_s_spin_rounds,0,0,0.000000,enabled
1782984589.352,2026-07-02 09:29:49.354,innodb_rwlock_s_spin_waits,0,0,0.000000,enabled
1782984589.352,2026-07-02 09:29:49.354,innodb_rwlock_x_os_waits,0,0,0.000000,enabled
1782984589.352,2026-07-02 09:29:49.354,innodb_rwlock_x_spin_rounds,0,0,0.000000,enabled
1782984589.352,2026-07-02 09:29:49.354,innodb_rwlock_x_spin_waits,0,0,0.000000,enabled
1782984589.352,2026-07-02 09:29:49.354,lock_deadlocks,0,0,0.000000,enabled
1782984589.352,2026-07-02 09:29:49.354,lock_deadlock_false_positives,0,0,0.000000,enabled
1782984589.352,2026-07-02 09:29:49.354,lock_deadlock_rounds,2403,2403,1.109465,enabled
1782984589.352,2026-07-02 09:29:49.354,lock_rec_grant_attempts,425,425,0.196222,enabled
1782984589.352,2026-07-02 09:29:49.354,lock_rec_release_attempts,37894210,37894210,17495.755442,enabled
1782984589.352,2026-07-02 09:29:49.354,lock_row_lock_current_waits,0,0,0.000000,enabled
1782984589.352,2026-07-02 09:29:49.354,lock_row_lock_time,323,323,0.149129,enabled
1782984589.352,2026-07-02 09:29:49.354,lock_row_lock_time_avg,0,0,0.000000,enabled
1782984589.352,2026-07-02 09:29:49.354,lock_row_lock_time_max,29,29,0.000000,enabled
1782984589.352,2026-07-02 09:29:49.354,lock_row_lock_waits,425,425,0.196222,enabled
1782984589.352,2026-07-02 09:29:49.354,lock_schedule_refreshes,2403,2403,1.109465,enabled
1782984589.352,2026-07-02 09:29:49.354,lock_threads_waiting,0,0,0.000000,enabled
1782984589.352,2026-07-02 09:29:49.354,lock_timeouts,0,0,0.000000,enabled
1782984589.352,2026-07-02 09:29:49.354,log_waits,0,0,0.000000,enabled
1782984589.352,2026-07-02 09:29:49.354,log_writes,188597557,188597557,87075.471339,enabled
1782984589.352,2026-07-02 09:29:49.354,log_write_requests,396646241,396646241,183131.526022,enabled
1782984589.352,2026-07-02 09:29:49.354,os_data_fsyncs,50599247,50599247,23361.667637,enabled
1782984589.352,2026-07-02 09:29:49.354,os_data_reads,68112344,68112344,31447.462945,enabled
1782984589.352,2026-07-02 09:29:49.354,os_data_writes,212604172,212604172,98159.326527,enabled
1782984589.352,2026-07-02 09:29:49.354,os_log_bytes_written,121045772288,121045772288,55886821.695795,enabled
1782984589.352,2026-07-02 09:29:49.354,os_log_fsyncs,44368165,44368165,20484.777592,enabled
1782984589.352,2026-07-02 09:29:49.354,os_log_pending_fsyncs,1,1,0.000462,enabled
1782984589.352,2026-07-02 09:29:49.354,os_log_pending_writes,0,0,0.000000,enabled
1782984589.352,2026-07-02 09:29:49.354,trx_rseg_history_len,858,858,0.000000,enabled
1782984590.421,2026-07-02 09:29:50.422,adaptive_hash_searches,0,0,0.000000,enabled
1782984590.421,2026-07-02 09:29:50.422,adaptive_hash_searches_btree,574797659,574797659,265252.964376,enabled
1782984590.421,2026-07-02 09:29:50.422,buffer_data_reads,1111964617216,1111964617216,513140487.237477,enabled
1782984590.421,2026-07-02 09:29:50.422,buffer_data_written,537217031168,537217031168,247910594.034981,enabled
1782984590.421,2026-07-02 09:29:50.422,buffer_pages0_read,7,7,0.003230,enabled
1782984590.421,2026-07-02 09:29:50.422,buffer_pages_created,1809440,1809440,835.005825,enabled
1782984590.421,2026-07-02 09:29:50.422,buffer_pages_read,68060447,68060447,31407.987697,enabled
1782984590.421,2026-07-02 09:29:50.422,buffer_pages_written,23276644,23276644,10741.518508,enabled
1782984590.421,2026-07-02 09:29:50.422,buffer_pool_bytes_data,12856492032,12856492032,0.000000,enabled
1782984590.421,2026-07-02 09:29:50.422,buffer_pool_bytes_dirty,4630757376,4630757376,0.000000,enabled
1782984590.421,2026-07-02 09:29:50.422,buffer_pool_pages_data,784698,784698,0.000000,enabled
1782984590.421,2026-07-02 09:29:50.422,buffer_pool_pages_dirty,282639,282639,0.000000,enabled
1782984590.421,2026-07-02 09:29:50.422,buffer_pool_pages_flushed,23219574,23219574,0.000000,enabled
1782984590.421,2026-07-02 09:29:50.422,buffer_pool_pages_free,1638,1638,0.000000,enabled
1782984590.421,2026-07-02 09:29:50.422,buffer_pool_pages_lru_flushed,0,0,0.000000,enabled
1782984590.421,2026-07-02 09:29:50.422,buffer_pool_pages_misc,96,96,0.000000,enabled
1782984590.421,2026-07-02 09:29:50.422,buffer_pool_pages_total,786432,786432,0.000000,enabled
1782984590.421,2026-07-02 09:29:50.422,buffer_pool_reads,67171257,67171257,30997.652682,enabled
1782984590.421,2026-07-02 09:29:50.422,buffer_pool_read_ahead,803715,803715,370.891945,enabled
1782984590.421,2026-07-02 09:29:50.422,buffer_pool_read_ahead_evicted,25,25,0.011537,enabled
1782984590.421,2026-07-02 09:29:50.422,buffer_pool_read_requests,2765329212,2765329212,1276121.927856,enabled
1782984590.421,2026-07-02 09:29:50.422,buffer_pool_size,12884901888,12884901888,0.000000,enabled
1782984590.421,2026-07-02 09:29:50.422,buffer_pool_wait_free,18945,18945,8.742587,enabled
1782984590.421,2026-07-02 09:29:50.422,buffer_pool_write_requests,589806991,589806991,272179.395604,enabled
1782984590.421,2026-07-02 09:29:50.422,dml_deletes,12472440,12472440,5755.680352,enabled
1782984590.421,2026-07-02 09:29:50.422,dml_inserts,112357840,112357840,51849.983857,enabled
1782984590.421,2026-07-02 09:29:50.422,dml_system_deletes,468,468,0.215969,enabled
1782984590.421,2026-07-02 09:29:50.422,dml_system_inserts,1202,1202,0.554689,enabled
1782984590.421,2026-07-02 09:29:50.422,dml_system_reads,7661,7661,3.535336,enabled
1782984590.421,2026-07-02 09:29:50.422,dml_system_updates,620,620,0.286113,enabled
1782984590.421,2026-07-02 09:29:50.422,dml_updates,24944998,24944998,11511.415148,enabled
1782984590.421,2026-07-02 09:29:50.422,file_num_open_files,35,35,0.000000,enabled
1782984590.421,2026-07-02 09:29:50.422,ibuf_merges,0,0,0.000000,enabled
1782984590.421,2026-07-02 09:29:50.422,ibuf_merges_delete,0,0,0.000000,enabled
1782984590.421,2026-07-02 09:29:50.422,ibuf_merges_delete_mark,0,0,0.000000,enabled
1782984590.421,2026-07-02 09:29:50.422,ibuf_merges_discard_delete,0,0,0.000000,enabled
1782984590.421,2026-07-02 09:29:50.422,ibuf_merges_discard_delete_mark,0,0,0.000000,enabled
1782984590.421,2026-07-02 09:29:50.422,ibuf_merges_discard_insert,0,0,0.000000,enabled
1782984590.421,2026-07-02 09:29:50.422,ibuf_merges_insert,0,0,0.000000,enabled
1782984590.421,2026-07-02 09:29:50.422,ibuf_size,1,1,0.000461,enabled
1782984590.421,2026-07-02 09:29:50.422,innodb_activity_count,17238155,17238155,7954.923941,enabled
1782984590.421,2026-07-02 09:29:50.422,innodb_dblwr_pages_written,23217524,23217524,10714.234578,enabled
1782984590.421,2026-07-02 09:29:50.422,innodb_dblwr_writes,471895,471895,217.766276,enabled
1782984590.421,2026-07-02 09:29:50.422,innodb_page_size,16384,16384,0.000000,enabled
1782984590.421,2026-07-02 09:29:50.422,innodb_rwlock_sx_os_waits,0,0,0.000000,enabled
1782984590.421,2026-07-02 09:29:50.422,innodb_rwlock_sx_spin_rounds,0,0,0.000000,enabled
1782984590.421,2026-07-02 09:29:50.422,innodb_rwlock_sx_spin_waits,0,0,0.000000,enabled
1782984590.421,2026-07-02 09:29:50.422,innodb_rwlock_s_os_waits,0,0,0.000000,enabled
1782984590.421,2026-07-02 09:29:50.422,innodb_rwlock_s_spin_rounds,0,0,0.000000,enabled
1782984590.421,2026-07-02 09:29:50.422,innodb_rwlock_s_spin_waits,0,0,0.000000,enabled
1782984590.421,2026-07-02 09:29:50.422,innodb_rwlock_x_os_waits,0,0,0.000000,enabled
1782984590.421,2026-07-02 09:29:50.422,innodb_rwlock_x_spin_rounds,0,0,0.000000,enabled
1782984590.421,2026-07-02 09:29:50.422,innodb_rwlock_x_spin_waits,0,0,0.000000,enabled
1782984590.421,2026-07-02 09:29:50.422,lock_deadlocks,0,0,0.000000,enabled
1782984590.421,2026-07-02 09:29:50.422,lock_deadlock_false_positives,0,0,0.000000,enabled
1782984590.421,2026-07-02 09:29:50.422,lock_deadlock_rounds,2404,2404,1.109379,enabled
1782984590.421,2026-07-02 09:29:50.422,lock_rec_grant_attempts,425,425,0.196126,enabled
1782984590.421,2026-07-02 09:29:50.422,lock_rec_release_attempts,37908916,37908916,17493.902628,enabled
1782984590.421,2026-07-02 09:29:50.422,lock_row_lock_current_waits,0,0,0.000000,enabled
1782984590.421,2026-07-02 09:29:50.422,lock_row_lock_time,323,323,0.149055,enabled
1782984590.421,2026-07-02 09:29:50.422,lock_row_lock_time_avg,0,0,0.000000,enabled
1782984590.421,2026-07-02 09:29:50.422,lock_row_lock_time_max,29,29,0.000000,enabled
1782984590.421,2026-07-02 09:29:50.422,lock_row_lock_waits,425,425,0.196126,enabled
1782984590.421,2026-07-02 09:29:50.422,lock_schedule_refreshes,2404,2404,1.109379,enabled
1782984590.421,2026-07-02 09:29:50.422,lock_threads_waiting,0,0,0.000000,enabled
1782984590.421,2026-07-02 09:29:50.422,lock_timeouts,0,0,0.000000,enabled
1782984590.421,2026-07-02 09:29:50.422,log_waits,0,0,0.000000,enabled
1782984590.421,2026-07-02 09:29:50.422,log_writes,188677245,188677245,87069.248409,enabled
1782984590.421,2026-07-02 09:29:50.422,log_write_requests,396728456,396728456,183079.038051,enabled
1782984590.421,2026-07-02 09:29:50.422,os_data_fsyncs,50633814,50633814,23366.083563,enabled
1782984590.421,2026-07-02 09:29:50.422,os_data_reads,68168911,68168911,31458.038567,enabled
1782984590.421,2026-07-02 09:29:50.422,os_data_writes,212703645,212703645,98156.760365,enabled
1782984590.421,2026-07-02 09:29:50.422,os_log_bytes_written,121087787008,121087787008,55878613.918001,enabled
1782984590.421,2026-07-02 09:29:50.422,os_log_fsyncs,44397419,44397419,20488.162304,enabled
1782984590.421,2026-07-02 09:29:50.422,os_log_pending_fsyncs,0,0,0.000000,enabled
1782984590.421,2026-07-02 09:29:50.422,os_log_pending_writes,0,0,0.000000,enabled
1782984590.421,2026-07-02 09:29:50.422,trx_rseg_history_len,900,900,0.000000,enabled
1782984591.491,2026-07-02 09:29:51.493,adaptive_hash_searches,0,0,0.000000,enabled
1782984591.491,2026-07-02 09:29:51.493,adaptive_hash_searches_btree,574968459,574968459,265200.823207,enabled
1782984591.491,2026-07-02 09:29:51.493,buffer_data_reads,1112910449152,1112910449152,513323465.160319,enabled
1782984591.491,2026-07-02 09:29:51.493,buffer_data_written,537531486720,537531486720,247933268.489771,enabled
1782984591.491,2026-07-02 09:29:51.493,buffer_pages0_read,7,7,0.003229,enabled
1782984591.491,2026-07-02 09:29:51.493,buffer_pages_created,1809481,1809481,834.612583,enabled
1782984591.491,2026-07-02 09:29:51.493,buffer_pages_read,68118345,68118345,31419.190095,enabled
1782984591.491,2026-07-02 09:29:51.493,buffer_pages_written,23292898,23292898,10743.713646,enabled
1782984591.491,2026-07-02 09:29:51.493,buffer_pool_bytes_data,12853919744,12853919744,0.000000,enabled
1782984591.491,2026-07-02 09:29:51.493,buffer_pool_bytes_dirty,4634705920,4634705920,0.000000,enabled
1782984591.491,2026-07-02 09:29:51.493,buffer_pool_pages_data,784541,784541,0.000000,enabled
1782984591.491,2026-07-02 09:29:51.493,buffer_pool_pages_dirty,282880,282880,0.000000,enabled
1782984591.491,2026-07-02 09:29:51.493,buffer_pool_pages_flushed,23235828,23235828,0.000000,enabled
1782984591.491,2026-07-02 09:29:51.493,buffer_pool_pages_free,1795,1795,0.000000,enabled
1782984591.491,2026-07-02 09:29:51.493,buffer_pool_pages_lru_flushed,0,0,0.000000,enabled
1782984591.491,2026-07-02 09:29:51.493,buffer_pool_pages_misc,97,97,0.000000,enabled
1782984591.491,2026-07-02 09:29:51.493,buffer_pool_pages_total,786432,786432,0.000000,enabled
1782984591.491,2026-07-02 09:29:51.493,buffer_pool_reads,67229094,67229094,31009.029366,enabled
1782984591.491,2026-07-02 09:29:51.493,buffer_pool_read_ahead,803715,803715,370.708875,enabled
1782984591.491,2026-07-02 09:29:51.493,buffer_pool_read_ahead_evicted,25,25,0.011531,enabled
1782984591.491,2026-07-02 09:29:51.493,buffer_pool_read_requests,2766175263,2766175263,1275882.276228,enabled
1782984591.491,2026-07-02 09:29:51.493,buffer_pool_size,12884901888,12884901888,0.000000,enabled
1782984591.491,2026-07-02 09:29:51.493,buffer_pool_wait_free,18945,18945,8.738271,enabled
1782984591.491,2026-07-02 09:29:51.493,buffer_pool_write_requests,589922169,589922169,272098.174446,enabled
1782984591.491,2026-07-02 09:29:51.493,dml_deletes,12477376,12477376,5755.116211,enabled
1782984591.491,2026-07-02 09:29:51.493,dml_inserts,112362776,112362776,51826.668864,enabled
1782984591.491,2026-07-02 09:29:51.493,dml_system_deletes,468,468,0.215862,enabled
1782984591.491,2026-07-02 09:29:51.493,dml_system_inserts,1202,1202,0.554415,enabled
1782984591.491,2026-07-02 09:29:51.493,dml_system_reads,7661,7661,3.533591,enabled
1782984591.491,2026-07-02 09:29:51.493,dml_system_updates,620,620,0.285971,enabled
1782984591.491,2026-07-02 09:29:51.493,dml_updates,24954866,24954866,11510.284996,enabled
1782984591.491,2026-07-02 09:29:51.493,file_num_open_files,35,35,0.000000,enabled
1782984591.491,2026-07-02 09:29:51.493,ibuf_merges,0,0,0.000000,enabled
1782984591.491,2026-07-02 09:29:51.493,ibuf_merges_delete,0,0,0.000000,enabled
1782984591.491,2026-07-02 09:29:51.493,ibuf_merges_delete_mark,0,0,0.000000,enabled
1782984591.491,2026-07-02 09:29:51.493,ibuf_merges_discard_delete,0,0,0.000000,enabled
1782984591.491,2026-07-02 09:29:51.493,ibuf_merges_discard_delete_mark,0,0,0.000000,enabled
1782984591.491,2026-07-02 09:29:51.493,ibuf_merges_discard_insert,0,0,0.000000,enabled
1782984591.491,2026-07-02 09:29:51.493,ibuf_merges_insert,0,0,0.000000,enabled
1782984591.491,2026-07-02 09:29:51.493,ibuf_size,1,1,0.000461,enabled
1782984591.491,2026-07-02 09:29:51.493,innodb_activity_count,17243832,17243832,7953.616093,enabled
1782984591.491,2026-07-02 09:29:51.493,innodb_dblwr_pages_written,23233778,23233778,10716.443393,enabled
1782984591.491,2026-07-02 09:29:51.493,innodb_dblwr_writes,472269,472269,217.831298,enabled
1782984591.491,2026-07-02 09:29:51.493,innodb_page_size,16384,16384,0.000000,enabled
1782984591.491,2026-07-02 09:29:51.493,innodb_rwlock_sx_os_waits,0,0,0.000000,enabled
1782984591.491,2026-07-02 09:29:51.493,innodb_rwlock_sx_spin_rounds,0,0,0.000000,enabled
1782984591.491,2026-07-02 09:29:51.493,innodb_rwlock_sx_spin_waits,0,0,0.000000,enabled
1782984591.491,2026-07-02 09:29:51.493,innodb_rwlock_s_os_waits,0,0,0.000000,enabled
1782984591.491,2026-07-02 09:29:51.493,innodb_rwlock_s_spin_rounds,0,0,0.000000,enabled
1782984591.491,2026-07-02 09:29:51.493,innodb_rwlock_s_spin_waits,0,0,0.000000,enabled
1782984591.491,2026-07-02 09:29:51.493,innodb_rwlock_x_os_waits,0,0,0.000000,enabled
1782984591.491,2026-07-02 09:29:51.493,innodb_rwlock_x_spin_rounds,0,0,0.000000,enabled
1782984591.491,2026-07-02 09:29:51.493,innodb_rwlock_x_spin_waits,0,0,0.000000,enabled
1782984591.491,2026-07-02 09:29:51.493,lock_deadlocks,0,0,0.000000,enabled
1782984591.491,2026-07-02 09:29:51.493,lock_deadlock_false_positives,0,0,0.000000,enabled
1782984591.491,2026-07-02 09:29:51.493,lock_deadlock_rounds,2405,2405,1.109292,enabled
1782984591.491,2026-07-02 09:29:51.493,lock_rec_grant_attempts,425,425,0.196029,enabled
1782984591.491,2026-07-02 09:29:51.493,lock_rec_release_attempts,37923938,37923938,17492.196475,enabled
1782984591.491,2026-07-02 09:29:51.493,lock_row_lock_current_waits,0,0,0.000000,enabled
1782984591.491,2026-07-02 09:29:51.493,lock_row_lock_time,323,323,0.148982,enabled
1782984591.491,2026-07-02 09:29:51.493,lock_row_lock_time_avg,0,0,0.000000,enabled
1782984591.491,2026-07-02 09:29:51.493,lock_row_lock_time_max,29,29,0.000000,enabled
1782984591.491,2026-07-02 09:29:51.493,lock_row_lock_waits,425,425,0.196029,enabled
1782984591.491,2026-07-02 09:29:51.493,lock_schedule_refreshes,2405,2405,1.109292,enabled
1782984591.491,2026-07-02 09:29:51.493,lock_threads_waiting,0,0,0.000000,enabled
1782984591.491,2026-07-02 09:29:51.493,lock_timeouts,0,0,0.000000,enabled
1782984591.491,2026-07-02 09:29:51.493,log_waits,0,0,0.000000,enabled
1782984591.491,2026-07-02 09:29:51.493,log_writes,188757049,188757049,87063.082298,enabled
1782984591.491,2026-07-02 09:29:51.493,log_write_requests,396812228,396812228,183027.314044,enabled
1782984591.491,2026-07-02 09:29:51.493,os_data_fsyncs,50668881,50668881,23370.724990,enabled
1782984591.491,2026-07-02 09:29:51.493,os_data_reads,68226652,68226652,31469.144204,enabled
1782984591.491,2026-07-02 09:29:51.493,os_data_writes,212800001,212800001,98152.755813,enabled
1782984591.491,2026-07-02 09:29:51.493,os_log_bytes_written,121129627136,121129627136,55870331.918312,enabled
1782984591.491,2026-07-02 09:29:51.493,os_log_fsyncs,44427541,44427541,20491.943373,enabled
1782984591.491,2026-07-02 09:29:51.493,os_log_pending_fsyncs,1,1,0.000461,enabled
1782984591.491,2026-07-02 09:29:51.493,os_log_pending_writes,1,1,0.000461,enabled
1782984591.491,2026-07-02 09:29:51.493,trx_rseg_history_len,1011,1011,0.000000,enabled
1782984592.561,2026-07-02 09:29:52.563,adaptive_hash_searches,0,0,0.000000,enabled
1782984592.561,2026-07-02 09:29:52.563,adaptive_hash_searches_btree,575140362,575140362,265148.910449,enabled
1782984592.561,2026-07-02 09:29:52.563,buffer_data_reads,1113863031296,1113863031296,513508750.124694,enabled
1782984592.561,2026-07-02 09:29:52.563,buffer_data_written,537847806976,537847806976,247956478.554628,enabled
1782984592.561,2026-07-02 09:29:52.563,buffer_pages0_read,7,7,0.003227,enabled
1782984592.561,2026-07-02 09:29:52.563,buffer_pages_created,1809522,1809522,834.218717,enabled
1782984592.561,2026-07-02 09:29:52.563,buffer_pages_read,68176656,68176656,31430.533638,enabled
1782984592.561,2026-07-02 09:29:52.563,buffer_pages_written,23309262,23309262,10745.944270,enabled
1782984592.561,2026-07-02 09:29:52.563,buffer_pool_bytes_data,12853886976,12853886976,0.000000,enabled
1782984592.561,2026-07-02 09:29:52.563,buffer_pool_bytes_dirty,4638556160,4638556160,0.000000,enabled
1782984592.561,2026-07-02 09:29:52.563,buffer_pool_pages_data,784539,784539,0.000000,enabled
1782984592.561,2026-07-02 09:29:52.563,buffer_pool_pages_dirty,283115,283115,0.000000,enabled
1782984592.561,2026-07-02 09:29:52.563,buffer_pool_pages_flushed,23252192,23252192,0.000000,enabled
1782984592.561,2026-07-02 09:29:52.563,buffer_pool_pages_free,1796,1796,0.000000,enabled
1782984592.561,2026-07-02 09:29:52.563,buffer_pool_pages_lru_flushed,0,0,0.000000,enabled
1782984592.561,2026-07-02 09:29:52.563,buffer_pool_pages_misc,96,96,0.000000,enabled
1782984592.561,2026-07-02 09:29:52.563,buffer_pool_pages_total,786432,786432,0.000000,enabled
1782984592.561,2026-07-02 09:29:52.563,buffer_pool_reads,67287345,67287345,31020.548201,enabled
1782984592.561,2026-07-02 09:29:52.563,buffer_pool_read_ahead,803715,803715,370.525535,enabled
1782984592.561,2026-07-02 09:29:52.563,buffer_pool_read_ahead_evicted,25,25,0.011525,enabled
1782984592.561,2026-07-02 09:29:52.563,buffer_pool_read_requests,2767026664,2767026664,1275643.780689,enabled
1782984592.561,2026-07-02 09:29:52.563,buffer_pool_size,12884901888,12884901888,0.000000,enabled
1782984592.561,2026-07-02 09:29:52.563,buffer_pool_wait_free,18945,18945,8.733950,enabled
1782984592.561,2026-07-02 09:29:52.563,buffer_pool_write_requests,590037859,590037859,272016.939490,enabled
1782984592.561,2026-07-02 09:29:52.563,dml_deletes,12482344,12482344,5754.560161,enabled
1782984592.561,2026-07-02 09:29:52.563,dml_inserts,112367745,112367745,51803.327121,enabled
1782984592.561,2026-07-02 09:29:52.563,dml_system_deletes,468,468,0.215755,enabled
1782984592.561,2026-07-02 09:29:52.563,dml_system_inserts,1202,1202,0.554141,enabled
1782984592.561,2026-07-02 09:29:52.563,dml_system_reads,7661,7661,3.531843,enabled
1782984592.561,2026-07-02 09:29:52.563,dml_system_updates,620,620,0.285830,enabled
1782984592.561,2026-07-02 09:29:52.563,dml_updates,24964807,24964807,11509.175174,enabled
1782984592.561,2026-07-02 09:29:52.563,file_num_open_files,35,35,0.000000,enabled
1782984592.561,2026-07-02 09:29:52.563,ibuf_merges,0,0,0.000000,enabled
1782984592.561,2026-07-02 09:29:52.563,ibuf_merges_delete,0,0,0.000000,enabled
1782984592.561,2026-07-02 09:29:52.563,ibuf_merges_delete_mark,0,0,0.000000,enabled
1782984592.561,2026-07-02 09:29:52.563,ibuf_merges_discard_delete,0,0,0.000000,enabled
1782984592.561,2026-07-02 09:29:52.563,ibuf_merges_discard_delete_mark,0,0,0.000000,enabled
1782984592.561,2026-07-02 09:29:52.563,ibuf_merges_discard_insert,0,0,0.000000,enabled
1782984592.561,2026-07-02 09:29:52.563,ibuf_merges_insert,0,0,0.000000,enabled
1782984592.561,2026-07-02 09:29:52.563,ibuf_size,1,1,0.000461,enabled
1782984592.561,2026-07-02 09:29:52.563,innodb_activity_count,17249537,17249537,7952.312491,enabled
1782984592.561,2026-07-02 09:29:52.563,innodb_dblwr_pages_written,23250142,23250142,10718.687311,enabled
1782984592.561,2026-07-02 09:29:52.563,innodb_dblwr_writes,472634,472634,217.891833,enabled
1782984592.561,2026-07-02 09:29:52.563,innodb_page_size,16384,16384,0.000000,enabled
1782984592.561,2026-07-02 09:29:52.563,innodb_rwlock_sx_os_waits,0,0,0.000000,enabled
1782984592.561,2026-07-02 09:29:52.563,innodb_rwlock_sx_spin_rounds,0,0,0.000000,enabled
1782984592.561,2026-07-02 09:29:52.563,innodb_rwlock_sx_spin_waits,0,0,0.000000,enabled
1782984592.561,2026-07-02 09:29:52.563,innodb_rwlock_s_os_waits,0,0,0.000000,enabled
1782984592.561,2026-07-02 09:29:52.563,innodb_rwlock_s_spin_rounds,0,0,0.000000,enabled
1782984592.561,2026-07-02 09:29:52.563,innodb_rwlock_s_spin_waits,0,0,0.000000,enabled
1782984592.561,2026-07-02 09:29:52.563,innodb_rwlock_x_os_waits,0,0,0.000000,enabled
1782984592.561,2026-07-02 09:29:52.563,innodb_rwlock_x_spin_rounds,0,0,0.000000,enabled
1782984592.561,2026-07-02 09:29:52.563,innodb_rwlock_x_spin_waits,0,0,0.000000,enabled
1782984592.561,2026-07-02 09:29:52.563,lock_deadlocks,0,0,0.000000,enabled
1782984592.561,2026-07-02 09:29:52.563,lock_deadlock_false_positives,0,0,0.000000,enabled
1782984592.561,2026-07-02 09:29:52.563,lock_deadlock_rounds,2406,2406,1.109205,enabled
1782984592.561,2026-07-02 09:29:52.563,lock_rec_grant_attempts,425,425,0.195932,enabled
1782984592.561,2026-07-02 09:29:52.563,lock_rec_release_attempts,37939076,37939076,17490.524401,enabled
1782984592.561,2026-07-02 09:29:52.563,lock_row_lock_current_waits,0,0,0.000000,enabled
1782984592.561,2026-07-02 09:29:52.563,lock_row_lock_time,323,323,0.148908,enabled
1782984592.561,2026-07-02 09:29:52.563,lock_row_lock_time_avg,0,0,0.000000,enabled
1782984592.561,2026-07-02 09:29:52.563,lock_row_lock_time_max,29,29,0.000000,enabled
1782984592.561,2026-07-02 09:29:52.563,lock_row_lock_waits,425,425,0.195932,enabled
1782984592.561,2026-07-02 09:29:52.563,lock_schedule_refreshes,2406,2406,1.109205,enabled
1782984592.561,2026-07-02 09:29:52.563,lock_threads_waiting,0,0,0.000000,enabled
1782984592.561,2026-07-02 09:29:52.563,lock_timeouts,0,0,0.000000,enabled
1782984592.561,2026-07-02 09:29:52.563,log_waits,0,0,0.000000,enabled
1782984592.561,2026-07-02 09:29:52.563,log_writes,188837199,188837199,87056.973612,enabled
1782984592.561,2026-07-02 09:29:52.563,log_write_requests,396896435,396896435,182975.614351,enabled
1782984592.561,2026-07-02 09:29:52.563,os_data_fsyncs,50703981,50703981,23375.348196,enabled
1782984592.561,2026-07-02 09:29:52.563,os_data_reads,68284791,68284791,31480.383544,enabled
1782984592.561,2026-07-02 09:29:52.563,os_data_writes,212896771,212896771,98148.824962,enabled
1782984592.561,2026-07-02 09:29:52.563,os_log_bytes_written,121171532800,121171532800,55862019.301237,enabled
1782984592.561,2026-07-02 09:29:52.563,os_log_fsyncs,44457580,44457580,20495.657127,enabled
1782984592.561,2026-07-02 09:29:52.563,os_log_pending_fsyncs,1,1,0.000461,enabled
1782984592.561,2026-07-02 09:29:52.563,os_log_pending_writes,1,1,0.000461,enabled
1782984592.561,2026-07-02 09:29:52.563,trx_rseg_history_len,1166,1166,0.000000,enabled
1782984593.634,2026-07-02 09:29:53.635,adaptive_hash_searches,0,0,0.000000,enabled
1782984593.634,2026-07-02 09:29:53.635,adaptive_hash_searches_btree,575313106,575313106,265097.456621,enabled
1782984593.634,2026-07-02 09:29:53.635,buffer_data_reads,1114819414528,1114819414528,513695635.469994,enabled
1782984593.634,2026-07-02 09:29:53.635,buffer_data_written,538163193344,538163193344,247979250.977320,enabled
1782984593.634,2026-07-02 09:29:53.635,buffer_pages0_read,7,7,0.003226,enabled
1782984593.634,2026-07-02 09:29:53.635,buffer_pages_created,1809564,1809564,833.825752,enabled
1782984593.634,2026-07-02 09:29:53.635,buffer_pages_read,68235192,68235192,31441.971614,enabled
1782984593.634,2026-07-02 09:29:53.635,buffer_pages_written,23325590,23325590,10748.156775,enabled
1782984593.634,2026-07-02 09:29:53.635,buffer_pool_bytes_data,12848676864,12848676864,0.000000,enabled
1782984593.634,2026-07-02 09:29:53.635,buffer_pool_bytes_dirty,4646813696,4646813696,0.000000,enabled
1782984593.634,2026-07-02 09:29:53.635,buffer_pool_pages_data,784221,784221,0.000000,enabled
1782984593.634,2026-07-02 09:29:53.635,buffer_pool_pages_dirty,283619,283619,0.000000,enabled
1782984593.634,2026-07-02 09:29:53.635,buffer_pool_pages_flushed,23268520,23268520,0.000000,enabled
1782984593.634,2026-07-02 09:29:53.635,buffer_pool_pages_free,2114,2114,0.000000,enabled
1782984593.634,2026-07-02 09:29:53.635,buffer_pool_pages_lru_flushed,0,0,0.000000,enabled
1782984593.634,2026-07-02 09:29:53.635,buffer_pool_pages_misc,96,96,0.000000,enabled
1782984593.634,2026-07-02 09:29:53.635,buffer_pool_pages_total,786432,786432,0.000000,enabled
1782984593.634,2026-07-02 09:29:53.635,buffer_pool_reads,67345818,67345818,31032.159674,enabled
1782984593.634,2026-07-02 09:29:53.635,buffer_pool_read_ahead,803715,803715,370.342401,enabled
1782984593.634,2026-07-02 09:29:53.635,buffer_pool_read_ahead_evicted,25,25,0.011520,enabled
1782984593.634,2026-07-02 09:29:53.635,buffer_pool_read_requests,2767885800,2767885800,1275409.167176,enabled
1782984593.634,2026-07-02 09:29:53.635,buffer_pool_size,12884901888,12884901888,0.000000,enabled
1782984593.634,2026-07-02 09:29:53.635,buffer_pool_wait_free,18945,18945,8.729633,enabled
1782984593.634,2026-07-02 09:29:53.635,buffer_pool_write_requests,590157481,590157481,271937.614141,enabled
1782984593.634,2026-07-02 09:29:53.635,dml_deletes,12487329,12487329,5754.012948,enabled
1782984593.634,2026-07-02 09:29:53.635,dml_inserts,112372731,112372731,51780.020345,enabled
1782984593.634,2026-07-02 09:29:53.635,dml_system_deletes,468,468,0.215649,enabled
1782984593.634,2026-07-02 09:29:53.635,dml_system_inserts,1202,1202,0.553867,enabled
1782984593.634,2026-07-02 09:29:53.635,dml_system_reads,7661,7661,3.530098,enabled
1782984593.634,2026-07-02 09:29:53.635,dml_system_updates,620,620,0.285689,enabled
1782984593.634,2026-07-02 09:29:53.635,dml_updates,24974770,24974770,11508.077493,enabled
1782984593.634,2026-07-02 09:29:53.635,file_num_open_files,35,35,0.000000,enabled
1782984593.634,2026-07-02 09:29:53.635,ibuf_merges,0,0,0.000000,enabled
1782984593.634,2026-07-02 09:29:53.635,ibuf_merges_delete,0,0,0.000000,enabled
1782984593.634,2026-07-02 09:29:53.635,ibuf_merges_delete_mark,0,0,0.000000,enabled
1782984593.634,2026-07-02 09:29:53.635,ibuf_merges_discard_delete,0,0,0.000000,enabled
1782984593.634,2026-07-02 09:29:53.635,ibuf_merges_discard_delete_mark,0,0,0.000000,enabled
1782984593.634,2026-07-02 09:29:53.635,ibuf_merges_discard_insert,0,0,0.000000,enabled
1782984593.634,2026-07-02 09:29:53.635,ibuf_merges_insert,0,0,0.000000,enabled
1782984593.634,2026-07-02 09:29:53.635,ibuf_size,1,1,0.000461,enabled
1782984593.634,2026-07-02 09:29:53.635,innodb_activity_count,17255276,17255276,7951.026446,enabled
1782984593.634,2026-07-02 09:29:53.635,innodb_dblwr_pages_written,23266470,23266470,10720.913246,enabled
1782984593.634,2026-07-02 09:29:53.635,innodb_dblwr_writes,472980,472980,217.943571,enabled
1782984593.634,2026-07-02 09:29:53.635,innodb_page_size,16384,16384,0.000000,enabled
1782984593.634,2026-07-02 09:29:53.635,innodb_rwlock_sx_os_waits,0,0,0.000000,enabled
1782984593.634,2026-07-02 09:29:53.635,innodb_rwlock_sx_spin_rounds,0,0,0.000000,enabled
1782984593.634,2026-07-02 09:29:53.635,innodb_rwlock_sx_spin_waits,0,0,0.000000,enabled
1782984593.634,2026-07-02 09:29:53.635,innodb_rwlock_s_os_waits,0,0,0.000000,enabled
1782984593.634,2026-07-02 09:29:53.635,innodb_rwlock_s_spin_rounds,0,0,0.000000,enabled
1782984593.634,2026-07-02 09:29:53.635,innodb_rwlock_s_spin_waits,0,0,0.000000,enabled
1782984593.634,2026-07-02 09:29:53.635,innodb_rwlock_x_os_waits,0,0,0.000000,enabled
1782984593.634,2026-07-02 09:29:53.635,innodb_rwlock_x_spin_rounds,0,0,0.000000,enabled
1782984593.634,2026-07-02 09:29:53.635,innodb_rwlock_x_spin_waits,0,0,0.000000,enabled
1782984593.634,2026-07-02 09:29:53.635,lock_deadlocks,0,0,0.000000,enabled
1782984593.634,2026-07-02 09:29:53.635,lock_deadlock_false_positives,0,0,0.000000,enabled
1782984593.634,2026-07-02 09:29:53.635,lock_deadlock_rounds,2407,2407,1.109117,enabled
1782984593.634,2026-07-02 09:29:53.635,lock_rec_grant_attempts,425,425,0.195835,enabled
1782984593.634,2026-07-02 09:29:53.635,lock_rec_release_attempts,37954218,37954218,17488.856810,enabled
1782984593.634,2026-07-02 09:29:53.635,lock_row_lock_current_waits,0,0,0.000000,enabled
1782984593.634,2026-07-02 09:29:53.635,lock_row_lock_time,323,323,0.148835,enabled
1782984593.634,2026-07-02 09:29:53.635,lock_row_lock_time_avg,0,0,0.000000,enabled
1782984593.634,2026-07-02 09:29:53.635,lock_row_lock_time_max,29,29,0.000000,enabled
1782984593.634,2026-07-02 09:29:53.635,lock_row_lock_waits,425,425,0.195835,enabled
1782984593.634,2026-07-02 09:29:53.635,lock_schedule_refreshes,2407,2407,1.109117,enabled
1782984593.634,2026-07-02 09:29:53.635,lock_threads_waiting,0,0,0.000000,enabled
1782984593.634,2026-07-02 09:29:53.635,lock_timeouts,0,0,0.000000,enabled
1782984593.634,2026-07-02 09:29:53.635,log_waits,0,0,0.000000,enabled
1782984593.634,2026-07-02 09:29:53.635,log_writes,188915926,188915926,87050.221710,enabled
1782984593.634,2026-07-02 09:29:53.635,log_write_requests,396982215,396982215,182924.704058,enabled
1782984593.634,2026-07-02 09:29:53.635,os_data_fsyncs,50738687,50738687,23379.786950,enabled
1782984593.634,2026-07-02 09:29:53.635,os_data_reads,68343140,68343140,31491.710752,enabled
1782984593.634,2026-07-02 09:29:53.635,os_data_writes,212992095,212992095,98144.238675,enabled
1782984593.634,2026-07-02 09:29:53.635,os_log_bytes_written,121212825600,121212825600,55853436.495889,enabled
1782984593.634,2026-07-02 09:29:53.635,os_log_fsyncs,44487284,44487284,20499.214316,enabled
1782984593.634,2026-07-02 09:29:53.635,os_log_pending_fsyncs,0,0,0.000000,enabled
1782984593.634,2026-07-02 09:29:53.635,os_log_pending_writes,0,0,0.000000,enabled
1782984593.634,2026-07-02 09:29:53.635,trx_rseg_history_len,136,136,0.000000,enabled
1782984594.706,2026-07-02 09:29:54.707,adaptive_hash_searches,0,0,0.000000,enabled
1782984594.706,2026-07-02 09:29:54.707,adaptive_hash_searches_btree,575484379,575484379,265045.500065,enabled
1782984594.706,2026-07-02 09:29:54.707,buffer_data_reads,1115763935744,1115763935744,513877103.525726,enabled
1782984594.706,2026-07-02 09:29:54.707,buffer_data_written,538480817152,538480817152,248003142.530395,enabled
1782984594.706,2026-07-02 09:29:54.707,buffer_pages0_read,7,7,0.003224,enabled
1782984594.706,2026-07-02 09:29:54.707,buffer_pages_created,1809604,1809604,833.432631,enabled
1782984594.706,2026-07-02 09:29:54.707,buffer_pages_read,68292987,68292987,31453.071124,enabled
1782984594.706,2026-07-02 09:29:54.707,buffer_pages_written,23342036,23342036,10750.426268,enabled
1782984594.706,2026-07-02 09:29:54.707,buffer_pool_bytes_data,12850364416,12850364416,0.000000,enabled
1782984594.706,2026-07-02 09:29:54.707,buffer_pool_bytes_dirty,4651253760,4651253760,0.000000,enabled
1782984594.706,2026-07-02 09:29:54.707,buffer_pool_pages_data,784324,784324,0.000000,enabled
1782984594.706,2026-07-02 09:29:54.707,buffer_pool_pages_dirty,283890,283890,0.000000,enabled
1782984594.706,2026-07-02 09:29:54.707,buffer_pool_pages_flushed,23284966,23284966,0.000000,enabled
1782984594.706,2026-07-02 09:29:54.707,buffer_pool_pages_free,2010,2010,0.000000,enabled
1782984594.706,2026-07-02 09:29:54.707,buffer_pool_pages_lru_flushed,0,0,0.000000,enabled
1782984594.706,2026-07-02 09:29:54.707,buffer_pool_pages_misc,96,96,0.000000,enabled
1782984594.706,2026-07-02 09:29:54.707,buffer_pool_pages_total,786432,786432,0.000000,enabled
1782984594.706,2026-07-02 09:29:54.707,buffer_pool_reads,67403550,67403550,31043.432560,enabled
1782984594.706,2026-07-02 09:29:54.707,buffer_pool_read_ahead,803715,803715,370.159615,enabled
1782984594.706,2026-07-02 09:29:54.707,buffer_pool_read_ahead_evicted,25,25,0.011514,enabled
1782984594.706,2026-07-02 09:29:54.707,buffer_pool_read_requests,2768734469,2768734469,1275170.540672,enabled
1782984594.706,2026-07-02 09:29:54.707,buffer_pool_size,12884901888,12884901888,0.000000,enabled
1782984594.706,2026-07-02 09:29:54.707,buffer_pool_wait_free,18945,18945,8.725324,enabled
1782984594.706,2026-07-02 09:29:54.707,buffer_pool_write_requests,590273048,590273048,271856.622414,enabled
1782984594.706,2026-07-02 09:29:54.707,dml_deletes,12492278,12492278,5753.452383,enabled
1782984594.706,2026-07-02 09:29:54.707,dml_inserts,112377677,112377677,51756.742376,enabled
1782984594.706,2026-07-02 09:29:54.707,dml_system_deletes,468,468,0.215542,enabled
1782984594.706,2026-07-02 09:29:54.707,dml_system_inserts,1202,1202,0.553594,enabled
1782984594.706,2026-07-02 09:29:54.707,dml_system_reads,7661,7661,3.528356,enabled
1782984594.706,2026-07-02 09:29:54.707,dml_system_updates,620,620,0.285548,enabled
1782984594.706,2026-07-02 09:29:54.707,dml_updates,24984671,24984671,11506.957720,enabled
1782984594.706,2026-07-02 09:29:54.707,file_num_open_files,35,35,0.000000,enabled
1782984594.706,2026-07-02 09:29:54.707,ibuf_merges,0,0,0.000000,enabled
1782984594.706,2026-07-02 09:29:54.707,ibuf_merges_delete,0,0,0.000000,enabled
1782984594.706,2026-07-02 09:29:54.707,ibuf_merges_delete_mark,0,0,0.000000,enabled
1782984594.706,2026-07-02 09:29:54.707,ibuf_merges_discard_delete,0,0,0.000000,enabled
1782984594.706,2026-07-02 09:29:54.707,ibuf_merges_discard_delete_mark,0,0,0.000000,enabled
1782984594.706,2026-07-02 09:29:54.707,ibuf_merges_discard_insert,0,0,0.000000,enabled
1782984594.706,2026-07-02 09:29:54.707,ibuf_merges_insert,0,0,0.000000,enabled
1782984594.706,2026-07-02 09:29:54.707,ibuf_size,1,1,0.000461,enabled
1782984594.706,2026-07-02 09:29:54.707,innodb_activity_count,17260957,17260957,7949.718686,enabled
1782984594.706,2026-07-02 09:29:54.707,innodb_dblwr_pages_written,23282916,23282916,10723.196349,enabled
1782984594.706,2026-07-02 09:29:54.707,innodb_dblwr_writes,473338,473338,218.000886,enabled
1782984594.706,2026-07-02 09:29:54.707,innodb_page_size,16384,16384,0.000000,enabled
1782984594.706,2026-07-02 09:29:54.707,innodb_rwlock_sx_os_waits,0,0,0.000000,enabled
1782984594.706,2026-07-02 09:29:54.707,innodb_rwlock_sx_spin_rounds,0,0,0.000000,enabled
1782984594.706,2026-07-02 09:29:54.707,innodb_rwlock_sx_spin_waits,0,0,0.000000,enabled
1782984594.706,2026-07-02 09:29:54.707,innodb_rwlock_s_os_waits,0,0,0.000000,enabled
1782984594.706,2026-07-02 09:29:54.707,innodb_rwlock_s_spin_rounds,0,0,0.000000,enabled
1782984594.706,2026-07-02 09:29:54.707,innodb_rwlock_s_spin_waits,0,0,0.000000,enabled
1782984594.706,2026-07-02 09:29:54.707,innodb_rwlock_x_os_waits,0,0,0.000000,enabled
1782984594.706,2026-07-02 09:29:54.707,innodb_rwlock_x_spin_rounds,0,0,0.000000,enabled
1782984594.706,2026-07-02 09:29:54.707,innodb_rwlock_x_spin_waits,0,0,0.000000,enabled
1782984594.706,2026-07-02 09:29:54.707,lock_deadlocks,0,0,0.000000,enabled
1782984594.706,2026-07-02 09:29:54.707,lock_deadlock_false_positives,0,0,0.000000,enabled
1782984594.706,2026-07-02 09:29:54.707,lock_deadlock_rounds,2408,2408,1.109030,enabled
1782984594.706,2026-07-02 09:29:54.707,lock_rec_grant_attempts,425,425,0.195738,enabled
1782984594.706,2026-07-02 09:29:54.707,lock_rec_release_attempts,37969266,37969266,17487.155559,enabled
1782984594.706,2026-07-02 09:29:54.707,lock_row_lock_current_waits,0,0,0.000000,enabled
1782984594.706,2026-07-02 09:29:54.707,lock_row_lock_time,323,323,0.148761,enabled
1782984594.706,2026-07-02 09:29:54.707,lock_row_lock_time_avg,0,0,0.000000,enabled
1782984594.706,2026-07-02 09:29:54.707,lock_row_lock_time_max,29,29,0.000000,enabled
1782984594.706,2026-07-02 09:29:54.707,lock_row_lock_waits,425,425,0.195738,enabled
1782984594.706,2026-07-02 09:29:54.707,lock_schedule_refreshes,2408,2408,1.109030,enabled
1782984594.706,2026-07-02 09:29:54.707,lock_threads_waiting,0,0,0.000000,enabled
1782984594.706,2026-07-02 09:29:54.707,lock_timeouts,0,0,0.000000,enabled
1782984594.706,2026-07-02 09:29:54.707,log_waits,0,0,0.000000,enabled
1782984594.706,2026-07-02 09:29:54.707,log_writes,188995774,188995774,87044.032689,enabled
1782984594.706,2026-07-02 09:29:54.707,log_write_requests,397066147,397066147,182873.076847,enabled
1782984594.706,2026-07-02 09:29:54.707,os_data_fsyncs,50773705,50773705,23384.375586,enabled
1782984594.706,2026-07-02 09:29:54.707,os_data_reads,68400774,68400774,31502.711726,enabled
1782984594.706,2026-07-02 09:29:54.707,os_data_writes,213088654,213088654,98140.270089,enabled
1782984594.706,2026-07-02 09:29:54.707,os_log_bytes_written,121254739968,121254739968,55845173.706111,enabled
1782984594.706,2026-07-02 09:29:54.707,os_log_fsyncs,44517194,44517194,20502.872139,enabled
1782984594.706,2026-07-02 09:29:54.707,os_log_pending_fsyncs,1,1,0.000461,enabled
1782984594.706,2026-07-02 09:29:54.707,os_log_pending_writes,0,0,0.000000,enabled
1782984594.706,2026-07-02 09:29:54.707,trx_rseg_history_len,257,257,0.000000,enabled
1782984595.778,2026-07-02 09:29:55.779,adaptive_hash_searches,0,0,0.000000,enabled
1782984595.778,2026-07-02 09:29:55.779,adaptive_hash_searches_btree,575649564,575649564,264991.169027,enabled
1782984595.778,2026-07-02 09:29:55.779,buffer_data_reads,1116673821184,1116673821184,514043196.788560,enabled
1782984595.778,2026-07-02 09:29:55.779,buffer_data_written,538785283072,538785283072,248021314.548426,enabled
1782984595.778,2026-07-02 09:29:55.779,buffer_pages0_read,7,7,0.003222,enabled
1782984595.778,2026-07-02 09:29:55.779,buffer_pages_created,1809646,1809646,833.042027,enabled
1782984595.778,2026-07-02 09:29:55.779,buffer_pages_read,68348686,68348686,31463.240610,enabled
1782984595.778,2026-07-02 09:29:55.779,buffer_pages_written,23357722,23357722,10752.359310,enabled
1782984595.778,2026-07-02 09:29:55.779,buffer_pool_bytes_data,12850610176,12850610176,0.000000,enabled
1782984595.778,2026-07-02 09:29:55.779,buffer_pool_bytes_dirty,4657266688,4657266688,0.000000,enabled
1782984595.778,2026-07-02 09:29:55.779,buffer_pool_pages_data,784339,784339,0.000000,enabled
1782984595.778,2026-07-02 09:29:55.779,buffer_pool_pages_dirty,284257,284257,0.000000,enabled
1782984595.778,2026-07-02 09:29:55.779,buffer_pool_pages_flushed,23300652,23300652,0.000000,enabled
1782984595.778,2026-07-02 09:29:55.779,buffer_pool_pages_free,1997,1997,0.000000,enabled
1782984595.778,2026-07-02 09:29:55.779,buffer_pool_pages_lru_flushed,0,0,0.000000,enabled
1782984595.778,2026-07-02 09:29:55.779,buffer_pool_pages_misc,96,96,0.000000,enabled
1782984595.778,2026-07-02 09:29:55.779,buffer_pool_pages_total,786432,786432,0.000000,enabled
1782984595.778,2026-07-02 09:29:55.779,buffer_pool_reads,67459202,67459202,31053.781804,enabled
1782984595.778,2026-07-02 09:29:55.779,buffer_pool_read_ahead,803715,803715,369.977545,enabled
1782984595.778,2026-07-02 09:29:55.779,buffer_pool_read_ahead_evicted,25,25,0.011508,enabled
1782984595.778,2026-07-02 09:29:55.779,buffer_pool_read_requests,2769552946,2769552946,1274920.097994,enabled
1782984595.778,2026-07-02 09:29:55.779,buffer_pool_size,12884901888,12884901888,0.000000,enabled
1782984595.778,2026-07-02 09:29:55.779,buffer_pool_wait_free,18945,18945,8.721032,enabled
1782984595.778,2026-07-02 09:29:55.779,buffer_pool_write_requests,590385291,590385291,271774.574084,enabled
1782984595.778,2026-07-02 09:29:55.779,dml_deletes,12497038,12497038,5752.813560,enabled
1782984595.778,2026-07-02 09:29:55.779,dml_inserts,112382438,112382438,51733.475871,enabled
1782984595.778,2026-07-02 09:29:55.779,dml_system_deletes,468,468,0.215436,enabled
1782984595.778,2026-07-02 09:29:55.779,dml_system_inserts,1202,1202,0.553322,enabled
1782984595.778,2026-07-02 09:29:55.779,dml_system_reads,7661,7661,3.526620,enabled
1782984595.778,2026-07-02 09:29:55.779,dml_system_updates,620,620,0.285407,enabled
1782984595.778,2026-07-02 09:29:55.779,dml_updates,24994192,24994192,11505.680508,enabled
1782984595.778,2026-07-02 09:29:55.779,file_num_open_files,35,35,0.000000,enabled
1782984595.778,2026-07-02 09:29:55.779,ibuf_merges,0,0,0.000000,enabled
1782984595.778,2026-07-02 09:29:55.779,ibuf_merges_delete,0,0,0.000000,enabled
1782984595.778,2026-07-02 09:29:55.779,ibuf_merges_delete_mark,0,0,0.000000,enabled
1782984595.778,2026-07-02 09:29:55.779,ibuf_merges_discard_delete,0,0,0.000000,enabled
1782984595.778,2026-07-02 09:29:55.779,ibuf_merges_discard_delete_mark,0,0,0.000000,enabled
1782984595.778,2026-07-02 09:29:55.779,ibuf_merges_discard_insert,0,0,0.000000,enabled
1782984595.778,2026-07-02 09:29:55.779,ibuf_merges_insert,0,0,0.000000,enabled
1782984595.778,2026-07-02 09:29:55.779,ibuf_size,1,1,0.000460,enabled
1782984595.778,2026-07-02 09:29:55.779,innodb_activity_count,17266433,17266433,7948.329152,enabled
1782984595.778,2026-07-02 09:29:55.779,innodb_dblwr_pages_written,23298602,23298602,10725.142609,enabled
1782984595.778,2026-07-02 09:29:55.779,innodb_dblwr_writes,473687,473687,218.054312,enabled
1782984595.778,2026-07-02 09:29:55.779,innodb_page_size,16384,16384,0.000000,enabled
1782984595.778,2026-07-02 09:29:55.779,innodb_rwlock_sx_os_waits,0,0,0.000000,enabled
1782984595.778,2026-07-02 09:29:55.779,innodb_rwlock_sx_spin_rounds,0,0,0.000000,enabled
1782984595.778,2026-07-02 09:29:55.779,innodb_rwlock_sx_spin_waits,0,0,0.000000,enabled
1782984595.778,2026-07-02 09:29:55.779,innodb_rwlock_s_os_waits,0,0,0.000000,enabled
1782984595.778,2026-07-02 09:29:55.779,innodb_rwlock_s_spin_rounds,0,0,0.000000,enabled
1782984595.778,2026-07-02 09:29:55.779,innodb_rwlock_s_spin_waits,0,0,0.000000,enabled
1782984595.778,2026-07-02 09:29:55.779,innodb_rwlock_x_os_waits,0,0,0.000000,enabled
1782984595.778,2026-07-02 09:29:55.779,innodb_rwlock_x_spin_rounds,0,0,0.000000,enabled
1782984595.778,2026-07-02 09:29:55.779,innodb_rwlock_x_spin_waits,0,0,0.000000,enabled
1782984595.778,2026-07-02 09:29:55.779,lock_deadlocks,0,0,0.000000,enabled
1782984595.778,2026-07-02 09:29:55.779,lock_deadlock_false_positives,0,0,0.000000,enabled
1782984595.778,2026-07-02 09:29:55.779,lock_deadlock_rounds,2409,2409,1.108945,enabled
1782984595.778,2026-07-02 09:29:55.779,lock_rec_grant_attempts,425,425,0.195642,enabled
1782984595.778,2026-07-02 09:29:55.779,lock_rec_release_attempts,37983743,37983743,17485.218443,enabled
1782984595.778,2026-07-02 09:29:55.779,lock_row_lock_current_waits,0,0,0.000000,enabled
1782984595.778,2026-07-02 09:29:55.779,lock_row_lock_time,323,323,0.148688,enabled
1782984595.778,2026-07-02 09:29:55.779,lock_row_lock_time_avg,0,0,0.000000,enabled
1782984595.778,2026-07-02 09:29:55.779,lock_row_lock_time_max,29,29,0.000000,enabled
1782984595.778,2026-07-02 09:29:55.779,lock_row_lock_waits,425,425,0.195642,enabled
1782984595.778,2026-07-02 09:29:55.779,lock_schedule_refreshes,2409,2409,1.108945,enabled
1782984595.778,2026-07-02 09:29:55.779,lock_threads_waiting,0,0,0.000000,enabled
1782984595.778,2026-07-02 09:29:55.779,lock_timeouts,0,0,0.000000,enabled
1782984595.778,2026-07-02 09:29:55.779,log_waits,0,0,0.000000,enabled
1782984595.778,2026-07-02 09:29:55.779,log_writes,189074612,189074612,87037.508988,enabled
1782984595.778,2026-07-02 09:29:55.779,log_write_requests,397147122,397147122,182820.400147,enabled
1782984595.778,2026-07-02 09:29:55.779,os_data_fsyncs,50805100,50805100,23387.325455,enabled
1782984595.778,2026-07-02 09:29:55.779,os_data_reads,68456295,68456295,31512.774370,enabled
1782984595.778,2026-07-02 09:29:55.779,os_data_writes,213183455,213183455,98135.636929,enabled
1782984595.778,2026-07-02 09:29:55.779,os_log_bytes_written,121296131584,121296131584,55836758.523727,enabled
1782984595.778,2026-07-02 09:29:55.779,os_log_fsyncs,44543929,44543929,20505.094208,enabled
1782984595.778,2026-07-02 09:29:55.779,os_log_pending_fsyncs,1,1,0.000460,enabled
1782984595.778,2026-07-02 09:29:55.779,os_log_pending_writes,0,0,0.000000,enabled
1782984595.778,2026-07-02 09:29:55.779,trx_rseg_history_len,223,223,0.000000,enabled
1782984596.847,2026-07-02 09:29:56.848,adaptive_hash_searches,0,0,0.000000,enabled
1782984596.847,2026-07-02 09:29:56.848,adaptive_hash_searches_btree,575814208,575814208,264936.213580,enabled
1782984596.847,2026-07-02 09:29:56.848,buffer_data_reads,1117584280064,1117584280064,514208540.766424,enabled
1782984596.847,2026-07-02 09:29:56.848,buffer_data_written,539088723968,539088723968,248038587.166586,enabled
1782984596.847,2026-07-02 09:29:56.848,buffer_pages0_read,7,7,0.003221,enabled
1782984596.847,2026-07-02 09:29:56.848,buffer_pages_created,1809689,1809689,832.650892,enabled
1782984596.847,2026-07-02 09:29:56.848,buffer_pages_read,68404415,68404415,31473.361890,enabled
1782984596.847,2026-07-02 09:29:56.848,buffer_pages_written,23373363,23373363,10754.251972,enabled
1782984596.847,2026-07-02 09:29:56.848,buffer_pool_bytes_data,12852936704,12852936704,0.000000,enabled
1782984596.847,2026-07-02 09:29:56.848,buffer_pool_bytes_dirty,4661755904,4661755904,0.000000,enabled
1782984596.847,2026-07-02 09:29:56.848,buffer_pool_pages_data,784481,784481,0.000000,enabled
1782984596.847,2026-07-02 09:29:56.848,buffer_pool_pages_dirty,284531,284531,0.000000,enabled
1782984596.847,2026-07-02 09:29:56.848,buffer_pool_pages_flushed,23316293,23316293,0.000000,enabled
1782984596.847,2026-07-02 09:29:56.848,buffer_pool_pages_free,1855,1855,0.000000,enabled
1782984596.847,2026-07-02 09:29:56.848,buffer_pool_pages_lru_flushed,0,0,0.000000,enabled
1782984596.847,2026-07-02 09:29:56.848,buffer_pool_pages_misc,96,96,0.000000,enabled
1782984596.847,2026-07-02 09:29:56.848,buffer_pool_pages_total,786432,786432,0.000000,enabled
1782984596.847,2026-07-02 09:29:56.848,buffer_pool_reads,67514870,67514870,31064.076966,enabled
1782984596.847,2026-07-02 09:29:56.848,buffer_pool_read_ahead,803715,803715,369.795044,enabled
1782984596.847,2026-07-02 09:29:56.848,buffer_pool_read_ahead_evicted,25,25,0.011503,enabled
1782984596.847,2026-07-02 09:29:56.848,buffer_pool_read_requests,2770368916,2770368916,1274666.643644,enabled
1782984596.847,2026-07-02 09:29:56.848,buffer_pool_size,12884901888,12884901888,0.000000,enabled
1782984596.847,2026-07-02 09:29:56.848,buffer_pool_wait_free,18945,18945,8.716731,enabled
1782984596.847,2026-07-02 09:29:56.848,buffer_pool_write_requests,590497196,590497196,271692.002395,enabled
1782984596.847,2026-07-02 09:29:56.848,dml_deletes,12501789,12501789,5752.161904,enabled
1782984596.847,2026-07-02 09:29:56.848,dml_inserts,112387191,112387191,51710.144770,enabled
1782984596.847,2026-07-02 09:29:56.848,dml_system_deletes,468,468,0.215330,enabled
1782984596.847,2026-07-02 09:29:56.848,dml_system_inserts,1202,1202,0.553049,enabled
1782984596.847,2026-07-02 09:29:56.848,dml_system_reads,7661,7661,3.524880,enabled
1782984596.847,2026-07-02 09:29:56.848,dml_system_updates,620,620,0.285266,enabled
1782984596.847,2026-07-02 09:29:56.848,dml_updates,25003691,25003691,11504.375785,enabled
1782984596.847,2026-07-02 09:29:56.848,file_num_open_files,35,35,0.000000,enabled
1782984596.847,2026-07-02 09:29:56.848,ibuf_merges,0,0,0.000000,enabled
1782984596.847,2026-07-02 09:29:56.848,ibuf_merges_delete,0,0,0.000000,enabled
1782984596.847,2026-07-02 09:29:56.848,ibuf_merges_delete_mark,0,0,0.000000,enabled
1782984596.847,2026-07-02 09:29:56.848,ibuf_merges_discard_delete,0,0,0.000000,enabled
1782984596.847,2026-07-02 09:29:56.848,ibuf_merges_discard_delete_mark,0,0,0.000000,enabled
1782984596.847,2026-07-02 09:29:56.848,ibuf_merges_discard_insert,0,0,0.000000,enabled
1782984596.847,2026-07-02 09:29:56.848,ibuf_merges_insert,0,0,0.000000,enabled
1782984596.847,2026-07-02 09:29:56.848,ibuf_size,1,1,0.000460,enabled
1782984596.847,2026-07-02 09:29:56.848,innodb_activity_count,17271891,17271891,7946.919832,enabled
1782984596.847,2026-07-02 09:29:56.848,innodb_dblwr_pages_written,23314243,23314243,10727.048872,enabled
1782984596.847,2026-07-02 09:29:56.848,innodb_dblwr_writes,474057,474057,218.116994,enabled
1782984596.847,2026-07-02 09:29:56.848,innodb_page_size,16384,16384,0.000000,enabled
1782984596.847,2026-07-02 09:29:56.848,innodb_rwlock_sx_os_waits,0,0,0.000000,enabled
1782984596.847,2026-07-02 09:29:56.848,innodb_rwlock_sx_spin_rounds,0,0,0.000000,enabled
1782984596.847,2026-07-02 09:29:56.848,innodb_rwlock_sx_spin_waits,0,0,0.000000,enabled
1782984596.847,2026-07-02 09:29:56.848,innodb_rwlock_s_os_waits,0,0,0.000000,enabled
1782984596.847,2026-07-02 09:29:56.848,innodb_rwlock_s_spin_rounds,0,0,0.000000,enabled
1782984596.847,2026-07-02 09:29:56.848,innodb_rwlock_s_spin_waits,0,0,0.000000,enabled
1782984596.847,2026-07-02 09:29:56.848,innodb_rwlock_x_os_waits,0,0,0.000000,enabled
1782984596.847,2026-07-02 09:29:56.848,innodb_rwlock_x_spin_rounds,0,0,0.000000,enabled
1782984596.847,2026-07-02 09:29:56.848,innodb_rwlock_x_spin_waits,0,0,0.000000,enabled
1782984596.847,2026-07-02 09:29:56.848,lock_deadlocks,0,0,0.000000,enabled
1782984596.847,2026-07-02 09:29:56.848,lock_deadlock_false_positives,0,0,0.000000,enabled
1782984596.847,2026-07-02 09:29:56.848,lock_deadlock_rounds,2410,2410,1.108858,enabled
1782984596.847,2026-07-02 09:29:56.848,lock_rec_grant_attempts,425,425,0.195546,enabled
1782984596.847,2026-07-02 09:29:56.848,lock_rec_release_attempts,37998180,37998180,17483.235951,enabled
1782984596.847,2026-07-02 09:29:56.848,lock_row_lock_current_waits,0,0,0.000000,enabled
1782984596.847,2026-07-02 09:29:56.848,lock_row_lock_time,323,323,0.148615,enabled
1782984596.847,2026-07-02 09:29:56.848,lock_row_lock_time_avg,0,0,0.000000,enabled
1782984596.847,2026-07-02 09:29:56.848,lock_row_lock_time_max,29,29,0.000000,enabled
1782984596.847,2026-07-02 09:29:56.848,lock_row_lock_waits,425,425,0.195546,enabled
1782984596.847,2026-07-02 09:29:56.848,lock_schedule_refreshes,2410,2410,1.108858,enabled
1782984596.847,2026-07-02 09:29:56.848,lock_threads_waiting,0,0,0.000000,enabled
1782984596.847,2026-07-02 09:29:56.848,lock_timeouts,0,0,0.000000,enabled
1782984596.847,2026-07-02 09:29:56.848,log_waits,0,0,0.000000,enabled
1782984596.847,2026-07-02 09:29:56.848,log_writes,189153597,189153597,87030.918235,enabled
1782984596.847,2026-07-02 09:29:56.848,log_write_requests,397227980,397227980,182767.425093,enabled
1782984596.847,2026-07-02 09:29:56.848,os_data_fsyncs,50836505,50836505,23390.238972,enabled
1782984596.847,2026-07-02 09:29:56.848,os_data_reads,68511877,68511877,31522.803893,enabled
1782984596.847,2026-07-02 09:29:56.848,os_data_writes,213278386,213278386,98130.908475,enabled
1782984596.847,2026-07-02 09:29:56.848,os_log_bytes_written,121337435136,121337435136,55828220.269516,enabled
1782984596.847,2026-07-02 09:29:56.848,os_log_fsyncs,44570432,44570432,20507.173987,enabled
1782984596.847,2026-07-02 09:29:56.848,os_log_pending_fsyncs,1,1,0.000460,enabled
1782984596.847,2026-07-02 09:29:56.848,os_log_pending_writes,0,0,0.000000,enabled
1782984596.847,2026-07-02 09:29:56.848,trx_rseg_history_len,138,138,0.000000,enabled
1782984597.918,2026-07-02 09:29:57.920,adaptive_hash_searches,0,0,0.000000,enabled
1782984597.918,2026-07-02 09:29:57.920,adaptive_hash_searches_btree,575981758,575981758,264882.625945,enabled
1782984597.918,2026-07-02 09:29:57.920,buffer_data_reads,1118515284480,1118515284480,514383144.148599,enabled
1782984597.918,2026-07-02 09:29:57.920,buffer_data_written,539400119296,539400119296,248059488.264133,enabled
1782984597.918,2026-07-02 09:29:57.920,buffer_pages0_read,7,7,0.003219,enabled
1782984597.918,2026-07-02 09:29:57.920,buffer_pages_created,1809734,1809734,832.261021,enabled
1782984597.918,2026-07-02 09:29:57.920,buffer_pages_read,68461369,68461369,31484.034949,enabled
1782984597.918,2026-07-02 09:29:57.920,buffer_pages_written,23389464,23389464,10756.353770,enabled
1782984597.918,2026-07-02 09:29:57.920,buffer_pool_bytes_data,12853313536,12853313536,0.000000,enabled
1782984597.918,2026-07-02 09:29:57.920,buffer_pool_bytes_dirty,4663246848,4663246848,0.000000,enabled
1782984597.918,2026-07-02 09:29:57.920,buffer_pool_pages_data,784502,784502,0.000000,enabled
1782984597.918,2026-07-02 09:29:57.920,buffer_pool_pages_dirty,284622,284622,0.000000,enabled
1782984597.918,2026-07-02 09:29:57.920,buffer_pool_pages_flushed,23332332,23332332,0.000000,enabled
1782984597.918,2026-07-02 09:29:57.920,buffer_pool_pages_free,1831,1831,0.000000,enabled
1782984597.918,2026-07-02 09:29:57.920,buffer_pool_pages_lru_flushed,0,0,0.000000,enabled
1782984597.918,2026-07-02 09:29:57.920,buffer_pool_pages_misc,98,98,0.000000,enabled
1782984597.918,2026-07-02 09:29:57.920,buffer_pool_pages_total,786432,786432,0.000000,enabled
1782984597.918,2026-07-02 09:29:57.920,buffer_pool_reads,67571771,67571771,31074.927504,enabled
1782984597.918,2026-07-02 09:29:57.920,buffer_pool_read_ahead,803715,803715,369.612705,enabled
1782984597.918,2026-07-02 09:29:57.920,buffer_pool_read_ahead_evicted,25,25,0.011497,enabled
1782984597.918,2026-07-02 09:29:57.920,buffer_pool_read_requests,2771199228,2771199228,1274419.973954,enabled
1782984597.918,2026-07-02 09:29:57.920,buffer_pool_size,12884901888,12884901888,0.000000,enabled
1782984597.918,2026-07-02 09:29:57.920,buffer_pool_wait_free,18945,18945,8.712433,enabled
1782984597.918,2026-07-02 09:29:57.920,buffer_pool_write_requests,590610628,590610628,271610.201401,enabled
1782984597.918,2026-07-02 09:29:57.920,dml_deletes,12506627,12506627,5751.550361,enabled
1782984597.918,2026-07-02 09:29:57.920,dml_inserts,112392028,112392028,51686.870475,enabled
1782984597.918,2026-07-02 09:29:57.920,dml_system_deletes,468,468,0.215224,enabled
1782984597.918,2026-07-02 09:29:57.920,dml_system_inserts,1202,1202,0.552776,enabled
1782984597.918,2026-07-02 09:29:57.920,dml_system_reads,7661,7661,3.523142,enabled
1782984597.918,2026-07-02 09:29:57.920,dml_system_updates,620,620,0.285126,enabled
1782984597.918,2026-07-02 09:29:57.920,dml_updates,25013369,25013369,11503.153595,enabled
1782984597.918,2026-07-02 09:29:57.920,file_num_open_files,35,35,0.000000,enabled
1782984597.918,2026-07-02 09:29:57.920,ibuf_merges,0,0,0.000000,enabled
1782984597.918,2026-07-02 09:29:57.920,ibuf_merges_delete,0,0,0.000000,enabled
1782984597.918,2026-07-02 09:29:57.920,ibuf_merges_delete_mark,0,0,0.000000,enabled
1782984597.918,2026-07-02 09:29:57.920,ibuf_merges_discard_delete,0,0,0.000000,enabled
1782984597.918,2026-07-02 09:29:57.920,ibuf_merges_discard_delete_mark,0,0,0.000000,enabled
1782984597.918,2026-07-02 09:29:57.920,ibuf_merges_discard_insert,0,0,0.000000,enabled
1782984597.918,2026-07-02 09:29:57.920,ibuf_merges_insert,0,0,0.000000,enabled
1782984597.918,2026-07-02 09:29:57.920,ibuf_size,1,1,0.000460,enabled
1782984597.918,2026-07-02 09:29:57.920,innodb_activity_count,17277444,17277444,7945.554882,enabled
1782984597.918,2026-07-02 09:29:57.920,innodb_dblwr_pages_written,23330345,23330345,10729.164289,enabled
1782984597.918,2026-07-02 09:29:57.920,innodb_dblwr_writes,474415,474415,218.174077,enabled
1782984597.918,2026-07-02 09:29:57.920,innodb_page_size,16384,16384,0.000000,enabled
1782984597.918,2026-07-02 09:29:57.920,innodb_rwlock_sx_os_waits,0,0,0.000000,enabled
1782984597.918,2026-07-02 09:29:57.920,innodb_rwlock_sx_spin_rounds,0,0,0.000000,enabled
1782984597.918,2026-07-02 09:29:57.920,innodb_rwlock_sx_spin_waits,0,0,0.000000,enabled
1782984597.918,2026-07-02 09:29:57.920,innodb_rwlock_s_os_waits,0,0,0.000000,enabled
1782984597.918,2026-07-02 09:29:57.920,innodb_rwlock_s_spin_rounds,0,0,0.000000,enabled
1782984597.918,2026-07-02 09:29:57.920,innodb_rwlock_s_spin_waits,0,0,0.000000,enabled
1782984597.918,2026-07-02 09:29:57.920,innodb_rwlock_x_os_waits,0,0,0.000000,enabled
1782984597.918,2026-07-02 09:29:57.920,innodb_rwlock_x_spin_rounds,0,0,0.000000,enabled
1782984597.918,2026-07-02 09:29:57.920,innodb_rwlock_x_spin_waits,0,0,0.000000,enabled
1782984597.918,2026-07-02 09:29:57.920,lock_deadlocks,0,0,0.000000,enabled
1782984597.918,2026-07-02 09:29:57.920,lock_deadlock_false_positives,0,0,0.000000,enabled
1782984597.918,2026-07-02 09:29:57.920,lock_deadlock_rounds,2411,2411,1.108771,enabled
1782984597.918,2026-07-02 09:29:57.920,lock_rec_grant_attempts,425,425,0.195449,enabled
1782984597.918,2026-07-02 09:29:57.920,lock_rec_release_attempts,38012918,38012918,17481.393045,enabled
1782984597.918,2026-07-02 09:29:57.920,lock_row_lock_current_waits,0,0,0.000000,enabled
1782984597.918,2026-07-02 09:29:57.920,lock_row_lock_time,323,323,0.148541,enabled
1782984597.918,2026-07-02 09:29:57.920,lock_row_lock_time_avg,0,0,0.000000,enabled
1782984597.918,2026-07-02 09:29:57.920,lock_row_lock_time_max,29,29,0.000000,enabled
1782984597.918,2026-07-02 09:29:57.920,lock_row_lock_waits,425,425,0.195449,enabled
1782984597.918,2026-07-02 09:29:57.920,lock_schedule_refreshes,2411,2411,1.108771,enabled
1782984597.918,2026-07-02 09:29:57.920,lock_threads_waiting,0,0,0.000000,enabled
1782984597.918,2026-07-02 09:29:57.920,lock_timeouts,0,0,0.000000,enabled
1782984597.918,2026-07-02 09:29:57.920,log_waits,0,0,0.000000,enabled
1782984597.918,2026-07-02 09:29:57.920,log_writes,189232513,189232513,87024.295726,enabled
1782984597.918,2026-07-02 09:29:57.920,log_write_requests,397310124,397310124,182715.080012,enabled
1782984597.918,2026-07-02 09:29:57.920,os_data_fsyncs,50869745,50869745,23393.991982,enabled
1782984597.918,2026-07-02 09:29:57.920,os_data_reads,68568657,68568657,31533.372439,enabled
1782984597.918,2026-07-02 09:29:57.920,os_data_writes,213373660,213373660,98126.336105,enabled
1782984597.918,2026-07-02 09:29:57.920,os_log_bytes_written,121378823168,121378823168,55819725.638217,enabled
1782984597.918,2026-07-02 09:29:57.920,os_log_fsyncs,44598732,44598732,20510.076767,enabled
1782984597.918,2026-07-02 09:29:57.920,os_log_pending_fsyncs,1,1,0.000460,enabled
1782984597.918,2026-07-02 09:29:57.920,os_log_pending_writes,0,0,0.000000,enabled
1782984597.918,2026-07-02 09:29:57.920,trx_rseg_history_len,167,167,0.000000,enabled
1782984598.990,2026-07-02 09:29:58.992,adaptive_hash_searches,0,0,0.000000,enabled
1782984598.990,2026-07-02 09:29:58.992,adaptive_hash_searches_btree,576149463,576149463,264829.364108,enabled
1782984598.990,2026-07-02 09:29:58.992,buffer_data_reads,1119441406464,1119441406464,514555711.556393,enabled
1782984598.990,2026-07-02 09:29:58.992,buffer_data_written,539710590464,539710590464,248080127.376370,enabled
1782984598.990,2026-07-02 09:29:58.992,buffer_pages0_read,7,7,0.003218,enabled
1782984598.990,2026-07-02 09:29:58.992,buffer_pages_created,1809786,1809786,831.875367,enabled
1782984598.990,2026-07-02 09:29:58.992,buffer_pages_read,68518044,68518044,31494.592520,enabled
1782984598.990,2026-07-02 09:29:58.992,buffer_pages_written,23405457,23405457,10758.411807,enabled
1782984598.990,2026-07-02 09:29:58.992,buffer_pool_bytes_data,12852707328,12852707328,0.000000,enabled
1782984598.990,2026-07-02 09:29:58.992,buffer_pool_bytes_dirty,4669095936,4669095936,0.000000,enabled
1782984598.990,2026-07-02 09:29:58.992,buffer_pool_pages_data,784467,784467,0.000000,enabled
1782984598.990,2026-07-02 09:29:58.992,buffer_pool_pages_dirty,284979,284979,0.000000,enabled
1782984598.990,2026-07-02 09:29:58.992,buffer_pool_pages_flushed,23348374,23348374,0.000000,enabled
1782984598.990,2026-07-02 09:29:58.992,buffer_pool_pages_free,1869,1869,0.000000,enabled
1782984598.990,2026-07-02 09:29:58.992,buffer_pool_pages_lru_flushed,0,0,0.000000,enabled
1782984598.990,2026-07-02 09:29:58.992,buffer_pool_pages_misc,96,96,0.000000,enabled
1782984598.990,2026-07-02 09:29:58.992,buffer_pool_pages_total,786432,786432,0.000000,enabled
1782984598.990,2026-07-02 09:29:58.992,buffer_pool_reads,67628405,67628405,31085.667489,enabled
1782984598.990,2026-07-02 09:29:58.992,buffer_pool_read_ahead,803715,803715,369.430818,enabled
1782984598.990,2026-07-02 09:29:58.992,buffer_pool_read_ahead_evicted,25,25,0.011491,enabled
1782984598.990,2026-07-02 09:29:58.992,buffer_pool_read_requests,2772030530,2772030530,1274174.939791,enabled
1782984598.990,2026-07-02 09:29:58.992,buffer_pool_size,12884901888,12884901888,0.000000,enabled
1782984598.990,2026-07-02 09:29:58.992,buffer_pool_wait_free,18945,18945,8.708145,enabled
1782984598.990,2026-07-02 09:29:58.992,buffer_pool_write_requests,590724719,590724719,271528.983726,enabled
1782984598.990,2026-07-02 09:29:58.992,dml_deletes,12511465,12511465,5750.943871,enabled
1782984598.990,2026-07-02 09:29:58.992,dml_inserts,112396867,112396867,51663.660007,enabled
1782984598.990,2026-07-02 09:29:58.992,dml_system_deletes,468,468,0.215118,enabled
1782984598.990,2026-07-02 09:29:58.992,dml_system_inserts,1202,1202,0.552504,enabled
1782984598.990,2026-07-02 09:29:58.992,dml_system_reads,7661,7661,3.521409,enabled
1782984598.990,2026-07-02 09:29:58.992,dml_system_updates,620,620,0.284985,enabled
1782984598.990,2026-07-02 09:29:58.992,dml_updates,25023043,25023043,11501.939671,enabled
1782984598.990,2026-07-02 09:29:58.992,file_num_open_files,35,35,0.000000,enabled
1782984598.990,2026-07-02 09:29:58.992,ibuf_merges,0,0,0.000000,enabled
1782984598.990,2026-07-02 09:29:58.992,ibuf_merges_delete,0,0,0.000000,enabled
1782984598.990,2026-07-02 09:29:58.992,ibuf_merges_delete_mark,0,0,0.000000,enabled
1782984598.990,2026-07-02 09:29:58.992,ibuf_merges_discard_delete,0,0,0.000000,enabled
1782984598.990,2026-07-02 09:29:58.992,ibuf_merges_discard_delete_mark,0,0,0.000000,enabled
1782984598.990,2026-07-02 09:29:58.992,ibuf_merges_discard_insert,0,0,0.000000,enabled
1782984598.990,2026-07-02 09:29:58.992,ibuf_merges_insert,0,0,0.000000,enabled
1782984598.990,2026-07-02 09:29:58.992,ibuf_size,1,1,0.000460,enabled
1782984598.990,2026-07-02 09:29:58.992,innodb_activity_count,17283001,17283001,7944.199204,enabled
1782984598.990,2026-07-02 09:29:58.992,innodb_dblwr_pages_written,23346345,23346345,10731.238984,enabled
1782984598.990,2026-07-02 09:29:58.992,innodb_dblwr_writes,474778,474778,218.233569,enabled
1782984598.990,2026-07-02 09:29:58.992,innodb_page_size,16384,16384,0.000000,enabled
1782984598.990,2026-07-02 09:29:58.992,innodb_rwlock_sx_os_waits,0,0,0.000000,enabled
1782984598.990,2026-07-02 09:29:58.992,innodb_rwlock_sx_spin_rounds,0,0,0.000000,enabled
1782984598.990,2026-07-02 09:29:58.992,innodb_rwlock_sx_spin_waits,0,0,0.000000,enabled
1782984598.990,2026-07-02 09:29:58.992,innodb_rwlock_s_os_waits,0,0,0.000000,enabled
1782984598.990,2026-07-02 09:29:58.992,innodb_rwlock_s_spin_rounds,0,0,0.000000,enabled
1782984598.990,2026-07-02 09:29:58.992,innodb_rwlock_s_spin_waits,0,0,0.000000,enabled
1782984598.990,2026-07-02 09:29:58.992,innodb_rwlock_x_os_waits,0,0,0.000000,enabled
1782984598.990,2026-07-02 09:29:58.992,innodb_rwlock_x_spin_rounds,0,0,0.000000,enabled
1782984598.990,2026-07-02 09:29:58.992,innodb_rwlock_x_spin_waits,0,0,0.000000,enabled
1782984598.990,2026-07-02 09:29:58.992,lock_deadlocks,0,0,0.000000,enabled
1782984598.990,2026-07-02 09:29:58.992,lock_deadlock_false_positives,0,0,0.000000,enabled
1782984598.990,2026-07-02 09:29:58.992,lock_deadlock_rounds,2412,2412,1.108685,enabled
1782984598.990,2026-07-02 09:29:58.992,lock_rec_grant_attempts,425,425,0.195353,enabled
1782984598.990,2026-07-02 09:29:58.992,lock_rec_release_attempts,38027593,38027593,17479.535778,enabled
1782984598.990,2026-07-02 09:29:58.992,lock_row_lock_current_waits,0,0,0.000000,enabled
1782984598.990,2026-07-02 09:29:58.992,lock_row_lock_time,323,323,0.148468,enabled
1782984598.990,2026-07-02 09:29:58.992,lock_row_lock_time_avg,0,0,0.000000,enabled
1782984598.990,2026-07-02 09:29:58.992,lock_row_lock_time_max,29,29,0.000000,enabled
1782984598.990,2026-07-02 09:29:58.992,lock_row_lock_waits,425,425,0.195353,enabled
1782984598.990,2026-07-02 09:29:58.992,lock_schedule_refreshes,2412,2412,1.108685,enabled
1782984598.990,2026-07-02 09:29:58.992,lock_threads_waiting,0,0,0.000000,enabled
1782984598.990,2026-07-02 09:29:58.992,lock_timeouts,0,0,0.000000,enabled
1782984598.990,2026-07-02 09:29:58.992,log_waits,0,0,0.000000,enabled
1782984598.990,2026-07-02 09:29:58.992,log_writes,189312402,189312402,87018.192702,enabled
1782984598.990,2026-07-02 09:29:58.992,log_write_requests,397392441,397392441,182663.003968,enabled
1782984598.990,2026-07-02 09:29:58.992,os_data_fsyncs,50903251,50903251,23397.880992,enabled
1782984598.990,2026-07-02 09:29:58.992,os_data_reads,68625162,68625162,31543.827642,enabled
1782984598.990,2026-07-02 09:29:58.992,os_data_writes,213469812,213469812,98122.244887,enabled
1782984598.990,2026-07-02 09:29:58.992,os_log_bytes_written,121420805120,121420805120,55811554.011479,enabled
1782984598.990,2026-07-02 09:29:58.992,os_log_fsyncs,44627252,44627252,20513.093129,enabled
1782984598.990,2026-07-02 09:29:58.992,os_log_pending_fsyncs,0,0,0.000000,enabled
1782984598.990,2026-07-02 09:29:58.992,os_log_pending_writes,0,0,0.000000,enabled
1782984598.990,2026-07-02 09:29:58.992,trx_rseg_history_len,181,181,0.000000,enabled
1782984600.061,2026-07-02 09:30:00.063,adaptive_hash_searches,0,0,0.000000,enabled
1782984600.061,2026-07-02 09:30:00.063,adaptive_hash_searches_btree,576316985,576316985,264776.126414,enabled
1782984600.061,2026-07-02 09:30:00.063,buffer_data_reads,1120372984320,1120372984320,514730732.128175,enabled
1782984600.061,2026-07-02 09:30:00.063,buffer_data_written,540020465664,540020465664,248100528.377391,enabled
1782984600.061,2026-07-02 09:30:00.063,buffer_pages0_read,7,7,0.003216,enabled
1782984600.061,2026-07-02 09:30:00.063,buffer_pages_created,1809830,1809830,831.486606,enabled
1782984600.061,2026-07-02 09:30:00.063,buffer_pages_read,68575054,68575054,31505.300753,enabled
1782984600.061,2026-07-02 09:30:00.063,buffer_pages_written,23421443,23421443,10760.467042,enabled
1782984600.061,2026-07-02 09:30:00.063,buffer_pool_bytes_data,12854067200,12854067200,0.000000,enabled
1782984600.061,2026-07-02 09:30:00.063,buffer_pool_bytes_dirty,4674043904,4674043904,0.000000,enabled
1782984600.061,2026-07-02 09:30:00.063,buffer_pool_pages_data,784548,784548,0.000000,enabled
1782984600.061,2026-07-02 09:30:00.063,buffer_pool_pages_dirty,285281,285281,0.000000,enabled
1782984600.061,2026-07-02 09:30:00.063,buffer_pool_pages_flushed,23364373,23364373,0.000000,enabled
1782984600.061,2026-07-02 09:30:00.063,buffer_pool_pages_free,1787,1787,0.000000,enabled
1782984600.061,2026-07-02 09:30:00.063,buffer_pool_pages_lru_flushed,0,0,0.000000,enabled
1782984600.061,2026-07-02 09:30:00.063,buffer_pool_pages_misc,98,98,0.000000,enabled
1782984600.061,2026-07-02 09:30:00.063,buffer_pool_pages_total,786432,786432,0.000000,enabled
1782984600.061,2026-07-02 09:30:00.063,buffer_pool_reads,67685362,67685362,31096.552616,enabled
1782984600.061,2026-07-02 09:30:00.063,buffer_pool_read_ahead,803715,803715,369.249196,enabled
1782984600.061,2026-07-02 09:30:00.063,buffer_pool_read_ahead_evicted,25,25,0.011486,enabled
1782984600.061,2026-07-02 09:30:00.063,buffer_pool_read_requests,2772860768,2772860768,1273929.956013,enabled
1782984600.061,2026-07-02 09:30:00.063,buffer_pool_size,12884901888,12884901888,0.000000,enabled
1782984600.061,2026-07-02 09:30:00.063,buffer_pool_wait_free,18945,18945,8.703864,enabled
1782984600.061,2026-07-02 09:30:00.063,buffer_pool_write_requests,590838112,590838112,271447.588707,enabled
1782984600.061,2026-07-02 09:30:00.063,dml_deletes,12516297,12516297,5750.336359,enabled
1782984600.061,2026-07-02 09:30:00.063,dml_inserts,112401699,112401699,51640.479398,enabled
1782984600.061,2026-07-02 09:30:00.063,dml_system_deletes,468,468,0.215012,enabled
1782984600.061,2026-07-02 09:30:00.063,dml_system_inserts,1202,1202,0.552232,enabled
1782984600.061,2026-07-02 09:30:00.063,dml_system_reads,7661,7661,3.519677,enabled
1782984600.061,2026-07-02 09:30:00.063,dml_system_updates,620,620,0.284845,enabled
1782984600.061,2026-07-02 09:30:00.063,dml_updates,25032708,25032708,11500.725077,enabled
1782984600.061,2026-07-02 09:30:00.063,file_num_open_files,35,35,0.000000,enabled
1782984600.061,2026-07-02 09:30:00.063,ibuf_merges,0,0,0.000000,enabled
1782984600.061,2026-07-02 09:30:00.063,ibuf_merges_delete,0,0,0.000000,enabled
1782984600.061,2026-07-02 09:30:00.063,ibuf_merges_delete_mark,0,0,0.000000,enabled
1782984600.061,2026-07-02 09:30:00.063,ibuf_merges_discard_delete,0,0,0.000000,enabled
1782984600.061,2026-07-02 09:30:00.063,ibuf_merges_discard_delete_mark,0,0,0.000000,enabled
1782984600.061,2026-07-02 09:30:00.063,ibuf_merges_discard_insert,0,0,0.000000,enabled
1782984600.061,2026-07-02 09:30:00.063,ibuf_merges_insert,0,0,0.000000,enabled
1782984600.061,2026-07-02 09:30:00.063,ibuf_size,1,1,0.000459,enabled
1782984600.061,2026-07-02 09:30:00.063,innodb_activity_count,17288550,17288550,7942.842820,enabled
1782984600.061,2026-07-02 09:30:00.063,innodb_dblwr_pages_written,23362323,23362323,10733.303712,enabled
1782984600.061,2026-07-02 09:30:00.063,innodb_dblwr_writes,475129,475129,218.287534,enabled
1782984600.061,2026-07-02 09:30:00.063,innodb_page_size,16384,16384,0.000000,enabled
1782984600.061,2026-07-02 09:30:00.063,innodb_rwlock_sx_os_waits,0,0,0.000000,enabled
1782984600.061,2026-07-02 09:30:00.063,innodb_rwlock_sx_spin_rounds,0,0,0.000000,enabled
1782984600.061,2026-07-02 09:30:00.063,innodb_rwlock_sx_spin_waits,0,0,0.000000,enabled
1782984600.061,2026-07-02 09:30:00.063,innodb_rwlock_s_os_waits,0,0,0.000000,enabled
1782984600.061,2026-07-02 09:30:00.063,innodb_rwlock_s_spin_rounds,0,0,0.000000,enabled
1782984600.061,2026-07-02 09:30:00.063,innodb_rwlock_s_spin_waits,0,0,0.000000,enabled
1782984600.061,2026-07-02 09:30:00.063,innodb_rwlock_x_os_waits,0,0,0.000000,enabled
1782984600.061,2026-07-02 09:30:00.063,innodb_rwlock_x_spin_rounds,0,0,0.000000,enabled
1782984600.061,2026-07-02 09:30:00.063,innodb_rwlock_x_spin_waits,0,0,0.000000,enabled
1782984600.061,2026-07-02 09:30:00.063,lock_deadlocks,0,0,0.000000,enabled
1782984600.061,2026-07-02 09:30:00.063,lock_deadlock_false_positives,0,0,0.000000,enabled
1782984600.061,2026-07-02 09:30:00.063,lock_deadlock_rounds,2413,2413,1.108600,enabled
1782984600.061,2026-07-02 09:30:00.063,lock_rec_grant_attempts,425,425,0.195257,enabled
1782984600.061,2026-07-02 09:30:00.063,lock_rec_release_attempts,38042283,38042283,17477.691425,enabled
1782984600.061,2026-07-02 09:30:00.063,lock_row_lock_current_waits,0,0,0.000000,enabled
1782984600.061,2026-07-02 09:30:00.063,lock_row_lock_time,323,323,0.148395,enabled
1782984600.061,2026-07-02 09:30:00.063,lock_row_lock_time_avg,0,0,0.000000,enabled
1782984600.061,2026-07-02 09:30:00.063,lock_row_lock_time_max,29,29,0.000000,enabled
1782984600.061,2026-07-02 09:30:00.063,lock_row_lock_waits,425,425,0.195257,enabled
1782984600.061,2026-07-02 09:30:00.063,lock_schedule_refreshes,2413,2413,1.108600,enabled
1782984600.061,2026-07-02 09:30:00.063,lock_threads_waiting,0,0,0.000000,enabled
1782984600.061,2026-07-02 09:30:00.063,lock_timeouts,0,0,0.000000,enabled
1782984600.061,2026-07-02 09:30:00.063,log_waits,0,0,0.000000,enabled
1782984600.061,2026-07-02 09:30:00.063,log_writes,189391881,189391881,87011.925635,enabled
1782984600.061,2026-07-02 09:30:00.063,log_write_requests,397474573,397474573,182610.932605,enabled
1782984600.061,2026-07-02 09:30:00.063,os_data_fsyncs,50936444,50936444,23401.627570,enabled
1782984600.061,2026-07-02 09:30:00.063,os_data_reads,68682003,68682003,31554.433941,enabled
1782984600.061,2026-07-02 09:30:00.063,os_data_writes,213565513,213565513,98117.972290,enabled
1782984600.061,2026-07-02 09:30:00.063,os_log_bytes_written,121462605824,121462605824,55803319.285911,enabled
1782984600.061,2026-07-02 09:30:00.063,os_log_fsyncs,44655616,44655616,20516.039303,enabled
1782984600.061,2026-07-02 09:30:00.063,os_log_pending_fsyncs,0,0,0.000000,enabled
1782984600.061,2026-07-02 09:30:00.063,os_log_pending_writes,0,0,0.000000,enabled
1782984600.061,2026-07-02 09:30:00.063,trx_rseg_history_len,195,195,0.000000,enabled
1782984601.132,2026-07-02 09:30:01.134,adaptive_hash_searches,0,0,0.000000,enabled
1782984601.132,2026-07-02 09:30:01.134,adaptive_hash_searches_btree,576483232,576483232,264722.131173,enabled
1782984601.132,2026-07-02 09:30:01.134,buffer_data_reads,1121300269568,1121300269568,514903161.919761,enabled
1782984601.132,2026-07-02 09:30:01.134,buffer_data_written,540329422336,540329422336,248120271.920463,enabled
1782984601.132,2026-07-02 09:30:01.134,buffer_pages0_read,7,7,0.003214,enabled
1782984601.132,2026-07-02 09:30:01.134,buffer_pages_created,1809865,1809865,831.093369,enabled
1782984601.132,2026-07-02 09:30:01.134,buffer_pages_read,68631838,68631838,31515.867266,enabled
1782984601.132,2026-07-02 09:30:01.134,buffer_pages_written,23437425,23437425,10762.509054,enabled
1782984601.132,2026-07-02 09:30:01.134,buffer_pool_bytes_data,12856606720,12856606720,0.000000,enabled
1782984601.132,2026-07-02 09:30:01.134,buffer_pool_bytes_dirty,4676583424,4676583424,0.000000,enabled
1782984601.132,2026-07-02 09:30:01.134,buffer_pool_pages_data,784705,784705,0.000000,enabled
1782984601.132,2026-07-02 09:30:01.134,buffer_pool_pages_dirty,285436,285436,0.000000,enabled
1782984601.132,2026-07-02 09:30:01.134,buffer_pool_pages_flushed,23380355,23380355,0.000000,enabled
1782984601.132,2026-07-02 09:30:01.134,buffer_pool_pages_free,1631,1631,0.000000,enabled
1782984601.132,2026-07-02 09:30:01.134,buffer_pool_pages_lru_flushed,0,0,0.000000,enabled
1782984601.132,2026-07-02 09:30:01.134,buffer_pool_pages_misc,97,97,0.000000,enabled
1782984601.132,2026-07-02 09:30:01.134,buffer_pool_pages_total,786432,786432,0.000000,enabled
1782984601.132,2026-07-02 09:30:01.134,buffer_pool_reads,67742091,67742091,31107.294903,enabled
1782984601.132,2026-07-02 09:30:01.134,buffer_pool_read_ahead,803715,803715,369.067428,enabled
1782984601.132,2026-07-02 09:30:01.134,buffer_pool_read_ahead_evicted,25,25,0.011480,enabled
1782984601.132,2026-07-02 09:30:01.134,buffer_pool_read_requests,2773684116,2773684116,1273680.927701,enabled
1782984601.132,2026-07-02 09:30:01.134,buffer_pool_size,12884901888,12884901888,0.000000,enabled
1782984601.132,2026-07-02 09:30:01.134,buffer_pool_wait_free,18945,18945,8.699579,enabled
1782984601.132,2026-07-02 09:30:01.134,buffer_pool_write_requests,590948893,590948893,271364.835426,enabled
1782984601.132,2026-07-02 09:30:01.134,dml_deletes,12521151,12521151,5749.734753,enabled
1782984601.132,2026-07-02 09:30:01.134,dml_inserts,112406552,112406552,51617.288146,enabled
1782984601.132,2026-07-02 09:30:01.134,dml_system_deletes,468,468,0.214906,enabled
1782984601.132,2026-07-02 09:30:01.134,dml_system_inserts,1202,1202,0.551961,enabled
1782984601.132,2026-07-02 09:30:01.134,dml_system_reads,7661,7661,3.517945,enabled
1782984601.132,2026-07-02 09:30:01.134,dml_system_updates,620,620,0.284705,enabled
1782984601.132,2026-07-02 09:30:01.134,dml_updates,25042416,25042416,11499.521843,enabled
1782984601.132,2026-07-02 09:30:01.134,file_num_open_files,35,35,0.000000,enabled
1782984601.132,2026-07-02 09:30:01.134,ibuf_merges,0,0,0.000000,enabled
1782984601.132,2026-07-02 09:30:01.134,ibuf_merges_delete,0,0,0.000000,enabled
1782984601.132,2026-07-02 09:30:01.134,ibuf_merges_delete_mark,0,0,0.000000,enabled
1782984601.132,2026-07-02 09:30:01.134,ibuf_merges_discard_delete,0,0,0.000000,enabled
1782984601.132,2026-07-02 09:30:01.134,ibuf_merges_discard_delete_mark,0,0,0.000000,enabled
1782984601.132,2026-07-02 09:30:01.134,ibuf_merges_discard_insert,0,0,0.000000,enabled
1782984601.132,2026-07-02 09:30:01.134,ibuf_merges_insert,0,0,0.000000,enabled
1782984601.132,2026-07-02 09:30:01.134,ibuf_size,1,1,0.000459,enabled
1782984601.132,2026-07-02 09:30:01.134,innodb_activity_count,17294118,17294118,7941.489808,enabled
1782984601.132,2026-07-02 09:30:01.134,innodb_dblwr_pages_written,23378305,23378305,10735.359246,enabled
1782984601.132,2026-07-02 09:30:01.134,innodb_dblwr_writes,475500,475500,218.350446,enabled
1782984601.132,2026-07-02 09:30:01.134,innodb_page_size,16384,16384,0.000000,enabled
1782984601.132,2026-07-02 09:30:01.134,innodb_rwlock_sx_os_waits,0,0,0.000000,enabled
1782984601.132,2026-07-02 09:30:01.134,innodb_rwlock_sx_spin_rounds,0,0,0.000000,enabled
1782984601.132,2026-07-02 09:30:01.134,innodb_rwlock_sx_spin_waits,0,0,0.000000,enabled
1782984601.132,2026-07-02 09:30:01.134,innodb_rwlock_s_os_waits,0,0,0.000000,enabled
1782984601.132,2026-07-02 09:30:01.134,innodb_rwlock_s_spin_rounds,0,0,0.000000,enabled
1782984601.132,2026-07-02 09:30:01.134,innodb_rwlock_s_spin_waits,0,0,0.000000,enabled
1782984601.132,2026-07-02 09:30:01.134,innodb_rwlock_x_os_waits,0,0,0.000000,enabled
1782984601.132,2026-07-02 09:30:01.134,innodb_rwlock_x_spin_rounds,0,0,0.000000,enabled
1782984601.132,2026-07-02 09:30:01.134,innodb_rwlock_x_spin_waits,0,0,0.000000,enabled
1782984601.132,2026-07-02 09:30:01.134,lock_deadlocks,0,0,0.000000,enabled
1782984601.132,2026-07-02 09:30:01.134,lock_deadlock_false_positives,0,0,0.000000,enabled
1782984601.132,2026-07-02 09:30:01.134,lock_deadlock_rounds,2415,2415,1.108973,enabled
1782984601.132,2026-07-02 09:30:01.134,lock_rec_grant_attempts,425,425,0.195161,enabled
1782984601.132,2026-07-02 09:30:01.134,lock_rec_release_attempts,38057030,38057030,17475.859596,enabled
1782984601.132,2026-07-02 09:30:01.134,lock_row_lock_current_waits,0,0,0.000000,enabled
1782984601.132,2026-07-02 09:30:01.134,lock_row_lock_time,323,323,0.148322,enabled
1782984601.132,2026-07-02 09:30:01.134,lock_row_lock_time_avg,0,0,0.000000,enabled
1782984601.132,2026-07-02 09:30:01.134,lock_row_lock_time_max,29,29,0.000000,enabled
1782984601.132,2026-07-02 09:30:01.134,lock_row_lock_waits,425,425,0.195161,enabled
1782984601.132,2026-07-02 09:30:01.134,lock_schedule_refreshes,2415,2415,1.108973,enabled
1782984601.132,2026-07-02 09:30:01.134,lock_threads_waiting,0,0,0.000000,enabled
1782984601.132,2026-07-02 09:30:01.134,lock_timeouts,0,0,0.000000,enabled
1782984601.132,2026-07-02 09:30:01.134,log_waits,0,0,0.000000,enabled
1782984601.132,2026-07-02 09:30:01.134,log_writes,189470671,189470671,87005.274121,enabled
1782984601.132,2026-07-02 09:30:01.134,log_write_requests,397556165,397556165,182558.508689,enabled
1782984601.132,2026-07-02 09:30:01.134,os_data_fsyncs,50968978,50968978,23405.047588,enabled
1782984601.132,2026-07-02 09:30:01.134,os_data_reads,68738595,68738595,31564.888155,enabled
1782984601.132,2026-07-02 09:30:01.134,os_data_writes,213660541,213660541,98113.309898,enabled
1782984601.132,2026-07-02 09:30:01.134,os_log_bytes_written,121503768064,121503768064,55794751.626409,enabled
1782984601.132,2026-07-02 09:30:01.134,os_log_fsyncs,44683146,44683146,20518.582023,enabled
1782984601.132,2026-07-02 09:30:01.134,os_log_pending_fsyncs,0,0,0.000000,enabled
1782984601.132,2026-07-02 09:30:01.134,os_log_pending_writes,0,0,0.000000,enabled
1782984601.132,2026-07-02 09:30:01.134,trx_rseg_history_len,409,409,0.000000,enabled
1782984602.203,2026-07-02 09:30:02.205,adaptive_hash_searches,0,0,0.000000,enabled
1782984602.203,2026-07-02 09:30:02.205,adaptive_hash_searches_btree,576652242,576652242,264669.542722,enabled
1782984602.203,2026-07-02 09:30:02.205,buffer_data_reads,1122228095488,1122228095488,515075828.013673,enabled
1782984602.203,2026-07-02 09:30:02.205,buffer_data_written,540640305152,540640305152,248140956.101050,enabled
1782984602.203,2026-07-02 09:30:02.205,buffer_pages0_read,7,7,0.003213,enabled
1782984602.203,2026-07-02 09:30:02.205,buffer_pages_created,1809899,1809899,830.700317,enabled
1782984602.203,2026-07-02 09:30:02.205,buffer_pages_read,68688641,68688641,31526.441767,enabled
1782984602.203,2026-07-02 09:30:02.205,buffer_pages_written,23453479,23453479,10764.585409,enabled
1782984602.203,2026-07-02 09:30:02.205,buffer_pool_bytes_data,12854738944,12854738944,0.000000,enabled
1782984602.203,2026-07-02 09:30:02.205,buffer_pool_bytes_dirty,4679778304,4679778304,0.000000,enabled
1782984602.203,2026-07-02 09:30:02.205,buffer_pool_pages_data,784591,784591,0.000000,enabled
1782984602.203,2026-07-02 09:30:02.205,buffer_pool_pages_dirty,285631,285631,0.000000,enabled
1782984602.203,2026-07-02 09:30:02.205,buffer_pool_pages_flushed,23396409,23396409,0.000000,enabled
1782984602.203,2026-07-02 09:30:02.205,buffer_pool_pages_free,1745,1745,0.000000,enabled
1782984602.203,2026-07-02 09:30:02.205,buffer_pool_pages_lru_flushed,0,0,0.000000,enabled
1782984602.203,2026-07-02 09:30:02.205,buffer_pool_pages_misc,96,96,0.000000,enabled
1782984602.203,2026-07-02 09:30:02.205,buffer_pool_pages_total,786432,786432,0.000000,enabled
1782984602.203,2026-07-02 09:30:02.205,buffer_pool_reads,67798828,67798828,31118.040006,enabled
1782984602.203,2026-07-02 09:30:02.205,buffer_pool_read_ahead,803715,803715,368.885953,enabled
1782984602.203,2026-07-02 09:30:02.205,buffer_pool_read_ahead_evicted,25,25,0.011474,enabled
1782984602.203,2026-07-02 09:30:02.205,buffer_pool_read_requests,2774522243,2774522243,1273439.323779,enabled
1782984602.203,2026-07-02 09:30:02.205,buffer_pool_size,12884901888,12884901888,0.000000,enabled
1782984602.203,2026-07-02 09:30:02.205,buffer_pool_wait_free,18945,18945,8.695302,enabled
1782984602.203,2026-07-02 09:30:02.205,buffer_pool_write_requests,591063580,591063580,271284.040633,enabled
1782984602.203,2026-07-02 09:30:02.205,dml_deletes,12525988,12525988,5749.127772,enabled
1782984602.203,2026-07-02 09:30:02.205,dml_inserts,112411389,112411389,51594.128864,enabled
1782984602.203,2026-07-02 09:30:02.205,dml_system_deletes,468,468,0.214801,enabled
1782984602.203,2026-07-02 09:30:02.205,dml_system_inserts,1202,1202,0.551689,enabled
1782984602.203,2026-07-02 09:30:02.205,dml_system_reads,7661,7661,3.516215,enabled
1782984602.203,2026-07-02 09:30:02.205,dml_system_updates,620,620,0.284565,enabled
1782984602.203,2026-07-02 09:30:02.205,dml_updates,25052092,25052092,11498.308775,enabled
1782984602.203,2026-07-02 09:30:02.205,file_num_open_files,35,35,0.000000,enabled
1782984602.203,2026-07-02 09:30:02.205,ibuf_merges,0,0,0.000000,enabled
1782984602.203,2026-07-02 09:30:02.205,ibuf_merges_delete,0,0,0.000000,enabled
1782984602.203,2026-07-02 09:30:02.205,ibuf_merges_delete_mark,0,0,0.000000,enabled
1782984602.203,2026-07-02 09:30:02.205,ibuf_merges_discard_delete,0,0,0.000000,enabled
1782984602.203,2026-07-02 09:30:02.205,ibuf_merges_discard_delete_mark,0,0,0.000000,enabled
1782984602.203,2026-07-02 09:30:02.205,ibuf_merges_discard_insert,0,0,0.000000,enabled
1782984602.203,2026-07-02 09:30:02.205,ibuf_merges_insert,0,0,0.000000,enabled
1782984602.203,2026-07-02 09:30:02.205,ibuf_size,1,1,0.000459,enabled
1782984602.203,2026-07-02 09:30:02.205,innodb_activity_count,17299684,17299684,7940.139758,enabled
1782984602.203,2026-07-02 09:30:02.205,innodb_dblwr_pages_written,23394359,23394359,10737.449231,enabled
1782984602.203,2026-07-02 09:30:02.205,innodb_dblwr_writes,475863,475863,218.409695,enabled
1782984602.203,2026-07-02 09:30:02.205,innodb_page_size,16384,16384,0.000000,enabled
1782984602.203,2026-07-02 09:30:02.205,innodb_rwlock_sx_os_waits,0,0,0.000000,enabled
1782984602.203,2026-07-02 09:30:02.205,innodb_rwlock_sx_spin_rounds,0,0,0.000000,enabled
1782984602.203,2026-07-02 09:30:02.205,innodb_rwlock_sx_spin_waits,0,0,0.000000,enabled
1782984602.203,2026-07-02 09:30:02.205,innodb_rwlock_s_os_waits,0,0,0.000000,enabled
1782984602.203,2026-07-02 09:30:02.205,innodb_rwlock_s_spin_rounds,0,0,0.000000,enabled
1782984602.203,2026-07-02 09:30:02.205,innodb_rwlock_s_spin_waits,0,0,0.000000,enabled
1782984602.203,2026-07-02 09:30:02.205,innodb_rwlock_x_os_waits,0,0,0.000000,enabled
1782984602.203,2026-07-02 09:30:02.205,innodb_rwlock_x_spin_rounds,0,0,0.000000,enabled
1782984602.203,2026-07-02 09:30:02.205,innodb_rwlock_x_spin_waits,0,0,0.000000,enabled
1782984602.203,2026-07-02 09:30:02.205,lock_deadlocks,0,0,0.000000,enabled
1782984602.203,2026-07-02 09:30:02.205,lock_deadlock_false_positives,0,0,0.000000,enabled
1782984602.203,2026-07-02 09:30:02.205,lock_deadlock_rounds,2416,2416,1.108886,enabled
1782984602.203,2026-07-02 09:30:02.205,lock_rec_grant_attempts,425,425,0.195065,enabled
1782984602.203,2026-07-02 09:30:02.205,lock_rec_release_attempts,38071769,38071769,17474.031353,enabled
1782984602.203,2026-07-02 09:30:02.205,lock_row_lock_current_waits,0,0,0.000000,enabled
1782984602.203,2026-07-02 09:30:02.205,lock_row_lock_time,323,323,0.148249,enabled
1782984602.203,2026-07-02 09:30:02.205,lock_row_lock_time_avg,0,0,0.000000,enabled
1782984602.203,2026-07-02 09:30:02.205,lock_row_lock_time_max,29,29,0.000000,enabled
1782984602.203,2026-07-02 09:30:02.205,lock_row_lock_waits,425,425,0.195065,enabled
1782984602.203,2026-07-02 09:30:02.205,lock_schedule_refreshes,2416,2416,1.108886,enabled
1782984602.203,2026-07-02 09:30:02.205,lock_threads_waiting,0,0,0.000000,enabled
1782984602.203,2026-07-02 09:30:02.205,lock_timeouts,0,0,0.000000,enabled
1782984602.203,2026-07-02 09:30:02.205,log_waits,0,0,0.000000,enabled
1782984602.203,2026-07-02 09:30:02.205,log_writes,189550342,189550342,86999.061489,enabled
1782984602.203,2026-07-02 09:30:02.205,log_write_requests,397639086,397639086,182506.805096,enabled
1782984602.203,2026-07-02 09:30:02.205,os_data_fsyncs,51002145,51002145,23408.762166,enabled
1782984602.203,2026-07-02 09:30:02.205,os_data_reads,68795256,68795256,31575.373698,enabled
1782984602.203,2026-07-02 09:30:02.205,os_data_writes,213756543,213756543,98109.130102,enabled
1782984602.203,2026-07-02 09:30:02.205,os_log_bytes_written,121545505280,121545505280,55786473.705799,enabled
1782984602.203,2026-07-02 09:30:02.205,os_log_fsyncs,44711238,44711238,20521.386583,enabled
1782984602.203,2026-07-02 09:30:02.205,os_log_pending_fsyncs,0,0,0.000000,enabled
1782984602.203,2026-07-02 09:30:02.205,os_log_pending_writes,0,0,0.000000,enabled
1782984602.203,2026-07-02 09:30:02.205,trx_rseg_history_len,390,390,0.000000,enabled
1782984603.275,2026-07-02 09:30:03.277,adaptive_hash_searches,0,0,0.000000,enabled
1782984603.275,2026-07-02 09:30:03.277,adaptive_hash_searches_btree,576821020,576821020,264616.753292,enabled
1782984603.275,2026-07-02 09:30:03.277,buffer_data_reads,1123157182976,1123157182976,515248645.891267,enabled
1782984603.275,2026-07-02 09:30:03.277,buffer_data_written,540950750720,540950750720,248161295.464687,enabled
1782984603.275,2026-07-02 09:30:03.277,buffer_pages0_read,7,7,0.003211,enabled
1782984603.275,2026-07-02 09:30:03.277,buffer_pages_created,1809948,1809948,830.314118,enabled
1782984603.275,2026-07-02 09:30:03.277,buffer_pages_read,68745516,68745516,31537.023180,enabled
1782984603.275,2026-07-02 09:30:03.277,buffer_pages_written,23469486,23469486,10766.632794,enabled
1782984603.275,2026-07-02 09:30:03.277,buffer_pool_bytes_data,12862111744,12862111744,0.000000,enabled
1782984603.275,2026-07-02 09:30:03.277,buffer_pool_bytes_dirty,4685348864,4685348864,0.000000,enabled
1782984603.275,2026-07-02 09:30:03.277,buffer_pool_pages_data,785041,785041,0.000000,enabled
1782984603.275,2026-07-02 09:30:03.277,buffer_pool_pages_dirty,285971,285971,0.000000,enabled
1782984603.275,2026-07-02 09:30:03.277,buffer_pool_pages_flushed,23412416,23412416,0.000000,enabled
1782984603.275,2026-07-02 09:30:03.277,buffer_pool_pages_free,1294,1294,0.000000,enabled
1782984603.275,2026-07-02 09:30:03.277,buffer_pool_pages_lru_flushed,0,0,0.000000,enabled
1782984603.275,2026-07-02 09:30:03.277,buffer_pool_pages_misc,96,96,0.000000,enabled
1782984603.275,2026-07-02 09:30:03.277,buffer_pool_pages_total,786432,786432,0.000000,enabled
1782984603.275,2026-07-02 09:30:03.277,buffer_pool_reads,67855649,67855649,31128.797706,enabled
1782984603.275,2026-07-02 09:30:03.277,buffer_pool_read_ahead,803715,803715,368.704474,enabled
1782984603.275,2026-07-02 09:30:03.277,buffer_pool_read_ahead_evicted,25,25,0.011469,enabled
1782984603.275,2026-07-02 09:30:03.277,buffer_pool_read_requests,2775358393,2775358393,1273196.421461,enabled
1782984603.275,2026-07-02 09:30:03.277,buffer_pool_size,12884901888,12884901888,0.000000,enabled
1782984603.275,2026-07-02 09:30:03.277,buffer_pool_wait_free,18945,18945,8.691024,enabled
1782984603.275,2026-07-02 09:30:03.277,buffer_pool_write_requests,591178144,591178144,271203.134914,enabled
1782984603.275,2026-07-02 09:30:03.277,dml_deletes,12530858,12530858,5748.533332,enabled
1782984603.275,2026-07-02 09:30:03.277,dml_inserts,112416258,112416258,51570.978370,enabled
1782984603.275,2026-07-02 09:30:03.277,dml_system_deletes,468,468,0.214695,enabled
1782984603.275,2026-07-02 09:30:03.277,dml_system_inserts,1202,1202,0.551418,enabled
1782984603.275,2026-07-02 09:30:03.277,dml_system_reads,7661,7661,3.514485,enabled
1782984603.275,2026-07-02 09:30:03.277,dml_system_updates,620,620,0.284425,enabled
1782984603.275,2026-07-02 09:30:03.277,dml_updates,25061828,25061828,11497.118034,enabled
1782984603.275,2026-07-02 09:30:03.277,file_num_open_files,35,35,0.000000,enabled
1782984603.275,2026-07-02 09:30:03.277,ibuf_merges,0,0,0.000000,enabled
1782984603.275,2026-07-02 09:30:03.277,ibuf_merges_delete,0,0,0.000000,enabled
1782984603.275,2026-07-02 09:30:03.277,ibuf_merges_delete_mark,0,0,0.000000,enabled
1782984603.275,2026-07-02 09:30:03.277,ibuf_merges_discard_delete,0,0,0.000000,enabled
1782984603.275,2026-07-02 09:30:03.277,ibuf_merges_discard_delete_mark,0,0,0.000000,enabled
1782984603.275,2026-07-02 09:30:03.277,ibuf_merges_discard_insert,0,0,0.000000,enabled
1782984603.275,2026-07-02 09:30:03.277,ibuf_merges_insert,0,0,0.000000,enabled
1782984603.275,2026-07-02 09:30:03.277,ibuf_size,1,1,0.000459,enabled
1782984603.275,2026-07-02 09:30:03.277,innodb_activity_count,17305281,17305281,7938.800866,enabled
1782984603.275,2026-07-02 09:30:03.277,innodb_dblwr_pages_written,23410366,23410366,10739.509664,enabled
1782984603.275,2026-07-02 09:30:03.277,innodb_dblwr_writes,476202,476202,218.457754,enabled
1782984603.275,2026-07-02 09:30:03.277,innodb_page_size,16384,16384,0.000000,enabled
1782984603.275,2026-07-02 09:30:03.277,innodb_rwlock_sx_os_waits,0,0,0.000000,enabled
1782984603.275,2026-07-02 09:30:03.277,innodb_rwlock_sx_spin_rounds,0,0,0.000000,enabled
1782984603.275,2026-07-02 09:30:03.277,innodb_rwlock_sx_spin_waits,0,0,0.000000,enabled
1782984603.275,2026-07-02 09:30:03.277,innodb_rwlock_s_os_waits,0,0,0.000000,enabled
1782984603.275,2026-07-02 09:30:03.277,innodb_rwlock_s_spin_rounds,0,0,0.000000,enabled
1782984603.275,2026-07-02 09:30:03.277,innodb_rwlock_s_spin_waits,0,0,0.000000,enabled
1782984603.275,2026-07-02 09:30:03.277,innodb_rwlock_x_os_waits,0,0,0.000000,enabled
1782984603.275,2026-07-02 09:30:03.277,innodb_rwlock_x_spin_rounds,0,0,0.000000,enabled
1782984603.275,2026-07-02 09:30:03.277,innodb_rwlock_x_spin_waits,0,0,0.000000,enabled
1782984603.275,2026-07-02 09:30:03.277,lock_deadlocks,0,0,0.000000,enabled
1782984603.275,2026-07-02 09:30:03.277,lock_deadlock_false_positives,0,0,0.000000,enabled
1782984603.275,2026-07-02 09:30:03.277,lock_deadlock_rounds,2417,2417,1.108799,enabled
1782984603.275,2026-07-02 09:30:03.277,lock_rec_grant_attempts,425,425,0.194969,enabled
1782984603.275,2026-07-02 09:30:03.277,lock_rec_release_attempts,38086566,38086566,17472.222924,enabled
1782984603.275,2026-07-02 09:30:03.277,lock_row_lock_current_waits,0,0,0.000000,enabled
1782984603.275,2026-07-02 09:30:03.277,lock_row_lock_time,323,323,0.148176,enabled
1782984603.275,2026-07-02 09:30:03.277,lock_row_lock_time_avg,0,0,0.000000,enabled
1782984603.275,2026-07-02 09:30:03.277,lock_row_lock_time_max,29,29,0.000000,enabled
1782984603.275,2026-07-02 09:30:03.277,lock_row_lock_waits,425,425,0.194969,enabled
1782984603.275,2026-07-02 09:30:03.277,lock_schedule_refreshes,2417,2417,1.108799,enabled
1782984603.275,2026-07-02 09:30:03.277,lock_threads_waiting,0,0,0.000000,enabled
1782984603.275,2026-07-02 09:30:03.277,lock_timeouts,0,0,0.000000,enabled
1782984603.275,2026-07-02 09:30:03.277,log_waits,0,0,0.000000,enabled
1782984603.275,2026-07-02 09:30:03.277,log_writes,189630338,189630338,86992.956970,enabled
1782984603.275,2026-07-02 09:30:03.277,log_write_requests,397721817,397721817,182454.966339,enabled
1782984603.275,2026-07-02 09:30:03.277,os_data_fsyncs,51036128,51036128,23412.835114,enabled
1782984603.275,2026-07-02 09:30:03.277,os_data_reads,68851972,68851972,31585.857581,enabled
1782984603.275,2026-07-02 09:30:03.277,os_data_writes,213852804,213852804,98105.021662,enabled
1782984603.275,2026-07-02 09:30:03.277,os_log_bytes_written,121587556864,121587556864,55778318.739532,enabled
1782984603.275,2026-07-02 09:30:03.277,os_log_fsyncs,44740432,44740432,20524.683107,enabled
1782984603.275,2026-07-02 09:30:03.277,os_log_pending_fsyncs,0,0,0.000000,enabled
1782984603.275,2026-07-02 09:30:03.277,os_log_pending_writes,1,1,0.000459,enabled
1782984603.275,2026-07-02 09:30:03.277,trx_rseg_history_len,445,445,0.000000,enabled
1782984604.347,2026-07-02 09:30:04.349,adaptive_hash_searches,0,0,0.000000,enabled
1782984604.347,2026-07-02 09:30:04.349,adaptive_hash_searches_btree,576988585,576988585,264563.292193,enabled
1782984604.347,2026-07-02 09:30:04.349,buffer_data_reads,1124084713984,1124084713984,515420238.223406,enabled
1782984604.347,2026-07-02 09:30:04.349,buffer_data_written,541273866240,541273866240,248187259.684213,enabled
1782984604.347,2026-07-02 09:30:04.349,buffer_pages0_read,7,7,0.003210,enabled
1782984604.347,2026-07-02 09:30:04.349,buffer_pages_created,1809998,1809998,829.928205,enabled
1782984604.347,2026-07-02 09:30:04.349,buffer_pages_read,68802290,68802290,31547.526919,enabled
1782984604.347,2026-07-02 09:30:04.349,buffer_pages_written,23485570,23485570,10768.706307,enabled
1782984604.347,2026-07-02 09:30:04.349,buffer_pool_bytes_data,12850708480,12850708480,0.000000,enabled
1782984604.347,2026-07-02 09:30:04.349,buffer_pool_bytes_dirty,4687314944,4687314944,0.000000,enabled
1782984604.347,2026-07-02 09:30:04.349,buffer_pool_pages_data,784345,784345,0.000000,enabled
1782984604.347,2026-07-02 09:30:04.349,buffer_pool_pages_dirty,286091,286091,0.000000,enabled
1782984604.347,2026-07-02 09:30:04.349,buffer_pool_pages_flushed,23428483,23428483,0.000000,enabled
1782984604.347,2026-07-02 09:30:04.349,buffer_pool_pages_free,1991,1991,0.000000,enabled
1782984604.347,2026-07-02 09:30:04.349,buffer_pool_pages_lru_flushed,0,0,0.000000,enabled
1782984604.347,2026-07-02 09:30:04.349,buffer_pool_pages_misc,96,96,0.000000,enabled
1782984604.347,2026-07-02 09:30:04.349,buffer_pool_pages_total,786432,786432,0.000000,enabled
1782984604.347,2026-07-02 09:30:04.349,buffer_pool_reads,67912361,67912361,31139.473903,enabled
1782984604.347,2026-07-02 09:30:04.349,buffer_pool_read_ahead,803715,803715,368.522926,enabled
1782984604.347,2026-07-02 09:30:04.349,buffer_pool_read_ahead_evicted,25,25,0.011463,enabled
1782984604.347,2026-07-02 09:30:04.349,buffer_pool_read_requests,2776189394,2776189394,1272950.541655,enabled
1782984604.347,2026-07-02 09:30:04.349,buffer_pool_size,12884901888,12884901888,0.000000,enabled
1782984604.347,2026-07-02 09:30:04.349,buffer_pool_wait_free,18945,18945,8.686745,enabled
1782984604.347,2026-07-02 09:30:04.349,buffer_pool_write_requests,591292031,591292031,271121.816139,enabled
1782984604.347,2026-07-02 09:30:04.349,dml_deletes,12535698,12535698,5747.922094,enabled
1782984604.347,2026-07-02 09:30:04.349,dml_inserts,112421098,112421098,51547.804808,enabled
1782984604.347,2026-07-02 09:30:04.349,dml_system_deletes,468,468,0.214589,enabled
1782984604.347,2026-07-02 09:30:04.349,dml_system_inserts,1202,1202,0.551146,enabled
1782984604.347,2026-07-02 09:30:04.349,dml_system_reads,7661,7661,3.512755,enabled
1782984604.347,2026-07-02 09:30:04.349,dml_system_updates,620,620,0.284285,enabled
1782984604.347,2026-07-02 09:30:04.349,dml_updates,25071510,25071510,11495.896449,enabled
1782984604.347,2026-07-02 09:30:04.349,file_num_open_files,35,35,0.000000,enabled
1782984604.347,2026-07-02 09:30:04.349,ibuf_merges,0,0,0.000000,enabled
1782984604.347,2026-07-02 09:30:04.349,ibuf_merges_delete,0,0,0.000000,enabled
1782984604.347,2026-07-02 09:30:04.349,ibuf_merges_delete_mark,0,0,0.000000,enabled
1782984604.347,2026-07-02 09:30:04.349,ibuf_merges_discard_delete,0,0,0.000000,enabled
1782984604.347,2026-07-02 09:30:04.349,ibuf_merges_discard_delete_mark,0,0,0.000000,enabled
1782984604.347,2026-07-02 09:30:04.349,ibuf_merges_discard_insert,0,0,0.000000,enabled
1782984604.347,2026-07-02 09:30:04.349,ibuf_merges_insert,0,0,0.000000,enabled
1782984604.347,2026-07-02 09:30:04.349,ibuf_size,1,1,0.000459,enabled
1782984604.347,2026-07-02 09:30:04.349,innodb_activity_count,17310840,17310840,7937.440844,enabled
1782984604.347,2026-07-02 09:30:04.349,innodb_dblwr_pages_written,23426433,23426433,10741.588786,enabled
1782984604.347,2026-07-02 09:30:04.349,innodb_dblwr_writes,476589,476589,218.527638,enabled
1782984604.347,2026-07-02 09:30:04.349,innodb_page_size,16384,16384,0.000000,enabled
1782984604.347,2026-07-02 09:30:04.349,innodb_rwlock_sx_os_waits,0,0,0.000000,enabled
1782984604.347,2026-07-02 09:30:04.349,innodb_rwlock_sx_spin_rounds,0,0,0.000000,enabled
1782984604.347,2026-07-02 09:30:04.349,innodb_rwlock_sx_spin_waits,0,0,0.000000,enabled
1782984604.347,2026-07-02 09:30:04.349,innodb_rwlock_s_os_waits,0,0,0.000000,enabled
1782984604.347,2026-07-02 09:30:04.349,innodb_rwlock_s_spin_rounds,0,0,0.000000,enabled
1782984604.347,2026-07-02 09:30:04.349,innodb_rwlock_s_spin_waits,0,0,0.000000,enabled
1782984604.347,2026-07-02 09:30:04.349,innodb_rwlock_x_os_waits,0,0,0.000000,enabled
1782984604.347,2026-07-02 09:30:04.349,innodb_rwlock_x_spin_rounds,0,0,0.000000,enabled
1782984604.347,2026-07-02 09:30:04.349,innodb_rwlock_x_spin_waits,0,0,0.000000,enabled
1782984604.347,2026-07-02 09:30:04.349,lock_deadlocks,0,0,0.000000,enabled
1782984604.347,2026-07-02 09:30:04.349,lock_deadlock_false_positives,0,0,0.000000,enabled
1782984604.347,2026-07-02 09:30:04.349,lock_deadlock_rounds,2418,2418,1.108712,enabled
1782984604.347,2026-07-02 09:30:04.349,lock_rec_grant_attempts,425,425,0.194873,enabled
1782984604.347,2026-07-02 09:30:04.349,lock_rec_release_attempts,38101280,38101280,17470.366392,enabled
1782984604.347,2026-07-02 09:30:04.349,lock_row_lock_current_waits,0,0,0.000000,enabled
1782984604.347,2026-07-02 09:30:04.349,lock_row_lock_time,323,323,0.148103,enabled
1782984604.347,2026-07-02 09:30:04.349,lock_row_lock_time_avg,0,0,0.000000,enabled
1782984604.347,2026-07-02 09:30:04.349,lock_row_lock_time_max,29,29,0.000000,enabled
1782984604.347,2026-07-02 09:30:04.349,lock_row_lock_waits,425,425,0.194873,enabled
1782984604.347,2026-07-02 09:30:04.349,lock_schedule_refreshes,2418,2418,1.108712,enabled
1782984604.347,2026-07-02 09:30:04.349,lock_threads_waiting,0,0,0.000000,enabled
1782984604.347,2026-07-02 09:30:04.349,lock_timeouts,0,0,0.000000,enabled
1782984604.347,2026-07-02 09:30:04.349,log_waits,0,0,0.000000,enabled
1782984604.347,2026-07-02 09:30:04.349,log_writes,189710386,189710386,86986.826571,enabled
1782984604.347,2026-07-02 09:30:04.349,log_write_requests,397804085,397804085,182402.849500,enabled
1782984604.347,2026-07-02 09:30:04.349,os_data_fsyncs,51069567,51069567,23416.639497,enabled
1782984604.347,2026-07-02 09:30:04.349,os_data_reads,68908577,68908577,31596.259833,enabled
1782984604.347,2026-07-02 09:30:04.349,os_data_writes,213949260,213949260,98100.943289,enabled
1782984604.347,2026-07-02 09:30:04.349,os_log_bytes_written,121629596672,121629596672,55770130.394265,enabled
1782984604.347,2026-07-02 09:30:04.349,os_log_fsyncs,44768717,44768717,20527.546340,enabled
1782984604.347,2026-07-02 09:30:04.349,os_log_pending_fsyncs,1,1,0.000459,enabled
1782984604.347,2026-07-02 09:30:04.349,os_log_pending_writes,0,0,0.000000,enabled
1782984604.347,2026-07-02 09:30:04.349,trx_rseg_history_len,469,469,0.000000,enabled
1782984605.421,2026-07-02 09:30:05.423,adaptive_hash_searches,0,0,0.000000,enabled
1782984605.421,2026-07-02 09:30:05.423,adaptive_hash_searches_btree,577151467,577151467,264508.397508,enabled
1782984605.421,2026-07-02 09:30:05.423,buffer_data_reads,1124986735104,1124986735104,515581258.862808,enabled
1782984605.421,2026-07-02 09:30:05.423,buffer_data_written,541625004544,541625004544,248226661.472330,enabled
1782984605.421,2026-07-02 09:30:05.423,buffer_pages0_read,7,7,0.003208,enabled
1782984605.421,2026-07-02 09:30:05.423,buffer_pages_created,1810032,1810032,829.537413,enabled
1782984605.421,2026-07-02 09:30:05.423,buffer_pages_read,68857509,68857509,31557.386536,enabled
1782984605.421,2026-07-02 09:30:05.423,buffer_pages_written,23504873,23504873,10772.279981,enabled
1782984605.421,2026-07-02 09:30:05.423,buffer_pool_bytes_data,12846530560,12846530560,0.000000,enabled
1782984605.421,2026-07-02 09:30:05.423,buffer_pool_bytes_dirty,4628725760,4628725760,0.000000,enabled
1782984605.421,2026-07-02 09:30:05.423,buffer_pool_pages_data,784090,784090,0.000000,enabled
1782984605.421,2026-07-02 09:30:05.423,buffer_pool_pages_dirty,282515,282515,0.000000,enabled
1782984605.421,2026-07-02 09:30:05.423,buffer_pool_pages_flushed,23447770,23447770,0.000000,enabled
1782984605.421,2026-07-02 09:30:05.423,buffer_pool_pages_free,2245,2245,0.000000,enabled
1782984605.421,2026-07-02 09:30:05.423,buffer_pool_pages_lru_flushed,0,0,0.000000,enabled
1782984605.421,2026-07-02 09:30:05.423,buffer_pool_pages_misc,96,96,0.000000,enabled
1782984605.421,2026-07-02 09:30:05.423,buffer_pool_pages_total,786432,786432,0.000000,enabled
1782984605.421,2026-07-02 09:30:05.423,buffer_pool_reads,67967521,67967521,31149.506309,enabled
1782984605.421,2026-07-02 09:30:05.423,buffer_pool_read_ahead,803715,803715,368.342479,enabled
1782984605.421,2026-07-02 09:30:05.423,buffer_pool_read_ahead_evicted,25,25,0.011457,enabled
1782984605.421,2026-07-02 09:30:05.423,buffer_pool_read_requests,2776997012,2776997012,1272697.373892,enabled
1782984605.421,2026-07-02 09:30:05.423,buffer_pool_size,12884901888,12884901888,0.000000,enabled
1782984605.421,2026-07-02 09:30:05.423,buffer_pool_wait_free,18945,18945,8.682491,enabled
1782984605.421,2026-07-02 09:30:05.423,buffer_pool_write_requests,591402591,591402591,271039.731221,enabled
1782984605.421,2026-07-02 09:30:05.423,dml_deletes,12540392,12540392,5747.258870,enabled
1782984605.421,2026-07-02 09:30:05.423,dml_inserts,112425794,112425794,51524.716484,enabled
1782984605.421,2026-07-02 09:30:05.423,dml_system_deletes,468,468,0.214484,enabled
1782984605.421,2026-07-02 09:30:05.423,dml_system_inserts,1202,1202,0.550876,enabled
1782984605.421,2026-07-02 09:30:05.423,dml_system_reads,7661,7661,3.511035,enabled
1782984605.421,2026-07-02 09:30:05.423,dml_system_updates,620,620,0.284146,enabled
1782984605.421,2026-07-02 09:30:05.423,dml_updates,25080899,25080899,11494.570432,enabled
1782984605.421,2026-07-02 09:30:05.423,file_num_open_files,35,35,0.000000,enabled
1782984605.421,2026-07-02 09:30:05.423,ibuf_merges,0,0,0.000000,enabled
1782984605.421,2026-07-02 09:30:05.423,ibuf_merges_delete,0,0,0.000000,enabled
1782984605.421,2026-07-02 09:30:05.423,ibuf_merges_delete_mark,0,0,0.000000,enabled
1782984605.421,2026-07-02 09:30:05.423,ibuf_merges_discard_delete,0,0,0.000000,enabled
1782984605.421,2026-07-02 09:30:05.423,ibuf_merges_discard_delete_mark,0,0,0.000000,enabled
1782984605.421,2026-07-02 09:30:05.423,ibuf_merges_discard_insert,0,0,0.000000,enabled
1782984605.421,2026-07-02 09:30:05.423,ibuf_merges_insert,0,0,0.000000,enabled
1782984605.421,2026-07-02 09:30:05.423,ibuf_size,1,1,0.000458,enabled
1782984605.421,2026-07-02 09:30:05.423,innodb_activity_count,17316233,17316233,7936.025881,enabled
1782984605.421,2026-07-02 09:30:05.423,innodb_dblwr_pages_written,23445762,23445762,10745.187630,enabled
1782984605.421,2026-07-02 09:30:05.423,innodb_dblwr_writes,476974,476974,218.597081,enabled
1782984605.421,2026-07-02 09:30:05.423,innodb_page_size,16384,16384,0.000000,enabled
1782984605.421,2026-07-02 09:30:05.423,innodb_rwlock_sx_os_waits,0,0,0.000000,enabled
1782984605.421,2026-07-02 09:30:05.423,innodb_rwlock_sx_spin_rounds,0,0,0.000000,enabled
1782984605.421,2026-07-02 09:30:05.423,innodb_rwlock_sx_spin_waits,0,0,0.000000,enabled
1782984605.421,2026-07-02 09:30:05.423,innodb_rwlock_s_os_waits,0,0,0.000000,enabled
1782984605.421,2026-07-02 09:30:05.423,innodb_rwlock_s_spin_rounds,0,0,0.000000,enabled
1782984605.421,2026-07-02 09:30:05.423,innodb_rwlock_s_spin_waits,0,0,0.000000,enabled
1782984605.421,2026-07-02 09:30:05.423,innodb_rwlock_x_os_waits,0,0,0.000000,enabled
1782984605.421,2026-07-02 09:30:05.423,innodb_rwlock_x_spin_rounds,0,0,0.000000,enabled
1782984605.421,2026-07-02 09:30:05.423,innodb_rwlock_x_spin_waits,0,0,0.000000,enabled
1782984605.421,2026-07-02 09:30:05.423,lock_deadlocks,0,0,0.000000,enabled
1782984605.421,2026-07-02 09:30:05.423,lock_deadlock_false_positives,0,0,0.000000,enabled
1782984605.421,2026-07-02 09:30:05.423,lock_deadlock_rounds,2419,2419,1.108627,enabled
1782984605.421,2026-07-02 09:30:05.423,lock_rec_grant_attempts,425,425,0.194777,enabled
1782984605.421,2026-07-02 09:30:05.423,lock_rec_release_attempts,38115564,38115564,17468.358406,enabled
1782984605.421,2026-07-02 09:30:05.423,lock_row_lock_current_waits,0,0,0.000000,enabled
1782984605.421,2026-07-02 09:30:05.423,lock_row_lock_time,323,323,0.148031,enabled
1782984605.421,2026-07-02 09:30:05.423,lock_row_lock_time_avg,0,0,0.000000,enabled
1782984605.421,2026-07-02 09:30:05.423,lock_row_lock_time_max,29,29,0.000000,enabled
1782984605.421,2026-07-02 09:30:05.423,lock_row_lock_waits,425,425,0.194777,enabled
1782984605.421,2026-07-02 09:30:05.423,lock_schedule_refreshes,2419,2419,1.108627,enabled
1782984605.421,2026-07-02 09:30:05.423,lock_threads_waiting,0,0,0.000000,enabled
1782984605.421,2026-07-02 09:30:05.423,lock_timeouts,0,0,0.000000,enabled
1782984605.421,2026-07-02 09:30:05.423,log_waits,0,0,0.000000,enabled
1782984605.421,2026-07-02 09:30:05.423,log_writes,189787596,189787596,86979.618985,enabled
1782984605.421,2026-07-02 09:30:05.423,log_write_requests,397884011,397884011,182350.166353,enabled
1782984605.421,2026-07-02 09:30:05.423,os_data_fsyncs,51101843,51101843,23419.965746,enabled
1782984605.421,2026-07-02 09:30:05.423,os_data_reads,68963635,68963635,31606.021966,enabled
1782984605.421,2026-07-02 09:30:05.423,os_data_writes,214046044,214046044,98097.264773,enabled
1782984605.421,2026-07-02 09:30:05.423,os_log_bytes_written,121670137856,121670137856,55761402.877152,enabled
1782984605.421,2026-07-02 09:30:05.423,os_log_fsyncs,44795851,44795851,20529.930649,enabled
1782984605.421,2026-07-02 09:30:05.423,os_log_pending_fsyncs,1,1,0.000458,enabled
1782984605.421,2026-07-02 09:30:05.423,os_log_pending_writes,0,0,0.000000,enabled
1782984605.421,2026-07-02 09:30:05.423,trx_rseg_history_len,348,348,0.000000,enabled
1782984606.489,2026-07-02 09:30:06.491,adaptive_hash_searches,0,0,0.000000,enabled
1782984606.489,2026-07-02 09:30:06.491,adaptive_hash_searches_btree,577320085,577320085,264456.145835,enabled
1782984606.489,2026-07-02 09:30:06.491,buffer_data_reads,1125916609024,1125916609024,515754808.444361,enabled
1782984606.489,2026-07-02 09:30:06.491,buffer_data_written,541932568064,541932568064,248246029.388524,enabled
1782984606.489,2026-07-02 09:30:06.491,buffer_pages0_read,7,7,0.003207,enabled
1782984606.489,2026-07-02 09:30:06.491,buffer_pages_created,1810069,1810069,829.148261,enabled
1782984606.489,2026-07-02 09:30:06.491,buffer_pages_read,68914418,68914418,31568.006226,enabled
1782984606.489,2026-07-02 09:30:06.491,buffer_pages_written,23520733,23520733,10774.271477,enabled
1782984606.489,2026-07-02 09:30:06.491,buffer_pool_bytes_data,12854919168,12854919168,0.000000,enabled
1782984606.489,2026-07-02 09:30:06.491,buffer_pool_bytes_dirty,4636852224,4636852224,0.000000,enabled
1782984606.489,2026-07-02 09:30:06.491,buffer_pool_pages_data,784602,784602,0.000000,enabled
1782984606.489,2026-07-02 09:30:06.491,buffer_pool_pages_dirty,283011,283011,0.000000,enabled
1782984606.489,2026-07-02 09:30:06.491,buffer_pool_pages_flushed,23463663,23463663,0.000000,enabled
1782984606.489,2026-07-02 09:30:06.491,buffer_pool_pages_free,1733,1733,0.000000,enabled
1782984606.489,2026-07-02 09:30:06.491,buffer_pool_pages_lru_flushed,0,0,0.000000,enabled
1782984606.489,2026-07-02 09:30:06.491,buffer_pool_pages_misc,96,96,0.000000,enabled
1782984606.489,2026-07-02 09:30:06.491,buffer_pool_pages_total,786432,786432,0.000000,enabled
1782984606.489,2026-07-02 09:30:06.491,buffer_pool_reads,68024381,68024381,31160.303196,enabled
1782984606.489,2026-07-02 09:30:06.491,buffer_pool_read_ahead,803715,803715,368.162157,enabled
1782984606.489,2026-07-02 09:30:06.491,buffer_pool_read_ahead_evicted,25,25,0.011452,enabled
1782984606.489,2026-07-02 09:30:06.491,buffer_pool_read_requests,2777832769,2777832769,1272457.162908,enabled
1782984606.489,2026-07-02 09:30:06.491,buffer_pool_size,12884901888,12884901888,0.000000,enabled
1782984606.489,2026-07-02 09:30:06.491,buffer_pool_wait_free,18945,18945,8.678241,enabled
1782984606.489,2026-07-02 09:30:06.491,buffer_pool_write_requests,591517436,591517436,270959.651083,enabled
1782984606.489,2026-07-02 09:30:06.491,dml_deletes,12545260,12545260,5746.675185,enabled
1782984606.489,2026-07-02 09:30:06.491,dml_inserts,112430662,112430662,51501.722242,enabled
1782984606.489,2026-07-02 09:30:06.491,dml_system_deletes,468,468,0.214379,enabled
1782984606.489,2026-07-02 09:30:06.491,dml_system_inserts,1202,1202,0.550607,enabled
1782984606.489,2026-07-02 09:30:06.491,dml_system_reads,7661,7661,3.509316,enabled
1782984606.489,2026-07-02 09:30:06.491,dml_system_updates,620,620,0.284007,enabled
1782984606.489,2026-07-02 09:30:06.491,dml_updates,25090631,25090631,11493.401206,enabled
1782984606.489,2026-07-02 09:30:06.491,file_num_open_files,35,35,0.000000,enabled
1782984606.489,2026-07-02 09:30:06.491,ibuf_merges,0,0,0.000000,enabled
1782984606.489,2026-07-02 09:30:06.491,ibuf_merges_delete,0,0,0.000000,enabled
1782984606.489,2026-07-02 09:30:06.491,ibuf_merges_delete_mark,0,0,0.000000,enabled
1782984606.489,2026-07-02 09:30:06.491,ibuf_merges_discard_delete,0,0,0.000000,enabled
1782984606.489,2026-07-02 09:30:06.491,ibuf_merges_discard_delete_mark,0,0,0.000000,enabled
1782984606.489,2026-07-02 09:30:06.491,ibuf_merges_discard_insert,0,0,0.000000,enabled
1782984606.489,2026-07-02 09:30:06.491,ibuf_merges_insert,0,0,0.000000,enabled
1782984606.489,2026-07-02 09:30:06.491,ibuf_size,1,1,0.000458,enabled
1782984606.489,2026-07-02 09:30:06.491,innodb_activity_count,17321830,17321830,7934.704610,enabled
1782984606.489,2026-07-02 09:30:06.491,innodb_dblwr_pages_written,23461613,23461613,10747.188229,enabled
1782984606.489,2026-07-02 09:30:06.491,innodb_dblwr_writes,477330,477330,218.653140,enabled
1782984606.489,2026-07-02 09:30:06.491,innodb_page_size,16384,16384,0.000000,enabled
1782984606.489,2026-07-02 09:30:06.491,innodb_rwlock_sx_os_waits,0,0,0.000000,enabled
1782984606.489,2026-07-02 09:30:06.491,innodb_rwlock_sx_spin_rounds,0,0,0.000000,enabled
1782984606.489,2026-07-02 09:30:06.491,innodb_rwlock_sx_spin_waits,0,0,0.000000,enabled
1782984606.489,2026-07-02 09:30:06.491,innodb_rwlock_s_os_waits,0,0,0.000000,enabled
1782984606.489,2026-07-02 09:30:06.491,innodb_rwlock_s_spin_rounds,0,0,0.000000,enabled
1782984606.489,2026-07-02 09:30:06.491,innodb_rwlock_s_spin_waits,0,0,0.000000,enabled
1782984606.489,2026-07-02 09:30:06.491,innodb_rwlock_x_os_waits,0,0,0.000000,enabled
1782984606.489,2026-07-02 09:30:06.491,innodb_rwlock_x_spin_rounds,0,0,0.000000,enabled
1782984606.489,2026-07-02 09:30:06.491,innodb_rwlock_x_spin_waits,0,0,0.000000,enabled
1782984606.489,2026-07-02 09:30:06.491,lock_deadlocks,0,0,0.000000,enabled
1782984606.489,2026-07-02 09:30:06.491,lock_deadlock_false_positives,0,0,0.000000,enabled
1782984606.489,2026-07-02 09:30:06.491,lock_deadlock_rounds,2420,2420,1.108543,enabled
1782984606.489,2026-07-02 09:30:06.491,lock_rec_grant_attempts,425,425,0.194682,enabled
1782984606.489,2026-07-02 09:30:06.491,lock_rec_release_attempts,38130366,38130366,17466.587146,enabled
1782984606.489,2026-07-02 09:30:06.491,lock_row_lock_current_waits,0,0,0.000000,enabled
1782984606.489,2026-07-02 09:30:06.491,lock_row_lock_time,323,323,0.147958,enabled
1782984606.489,2026-07-02 09:30:06.491,lock_row_lock_time_avg,0,0,0.000000,enabled
1782984606.489,2026-07-02 09:30:06.491,lock_row_lock_time_max,29,29,0.000000,enabled
1782984606.489,2026-07-02 09:30:06.491,lock_row_lock_waits,425,425,0.194682,enabled
1782984606.489,2026-07-02 09:30:06.491,lock_schedule_refreshes,2420,2420,1.108543,enabled
1782984606.489,2026-07-02 09:30:06.491,lock_threads_waiting,0,0,0.000000,enabled
1782984606.489,2026-07-02 09:30:06.491,lock_timeouts,0,0,0.000000,enabled
1782984606.489,2026-07-02 09:30:06.491,log_waits,0,0,0.000000,enabled
1782984606.489,2026-07-02 09:30:06.491,log_writes,189868013,189868013,86973.874600,enabled
1782984606.489,2026-07-02 09:30:06.491,log_write_requests,397966659,397966659,182298.754691,enabled
1782984606.489,2026-07-02 09:30:06.491,os_data_fsyncs,51134962,51134962,23423.671284,enabled
1782984606.489,2026-07-02 09:30:06.491,os_data_reads,69020390,69020390,31616.547014,enabled
1782984606.489,2026-07-02 09:30:06.491,os_data_writes,214142586,214142586,98093.463851,enabled
1782984606.489,2026-07-02 09:30:06.491,os_log_bytes_written,121712156160,121712156160,55753351.890544,enabled
1782984606.489,2026-07-02 09:30:06.491,os_log_fsyncs,44824202,44824202,20532.866923,enabled
1782984606.489,2026-07-02 09:30:06.491,os_log_pending_fsyncs,1,1,0.000458,enabled
1782984606.489,2026-07-02 09:30:06.491,os_log_pending_writes,0,0,0.000000,enabled
1782984606.489,2026-07-02 09:30:06.491,trx_rseg_history_len,400,400,0.000000,enabled
1782984607.558,2026-07-02 09:30:07.559,adaptive_hash_searches,0,0,0.000000,enabled
1782984607.558,2026-07-02 09:30:07.559,adaptive_hash_searches_btree,577488036,577488036,264403.455875,enabled
1782984607.558,2026-07-02 09:30:07.559,buffer_data_reads,1126848711168,1126848711168,515928895.802942,enabled
1782984607.558,2026-07-02 09:30:07.559,buffer_data_written,542239805440,542239805440,248265078.644579,enabled
1782984607.558,2026-07-02 09:30:07.559,buffer_pages0_read,7,7,0.003205,enabled
1782984607.558,2026-07-02 09:30:07.559,buffer_pages_created,1810109,1810109,828.760363,enabled
1782984607.558,2026-07-02 09:30:07.559,buffer_pages_read,68971482,68971482,31578.667421,enabled
1782984607.558,2026-07-02 09:30:07.559,buffer_pages_written,23536681,23536681,10776.294816,enabled
1782984607.558,2026-07-02 09:30:07.559,buffer_pool_bytes_data,12857114624,12857114624,0.000000,enabled
1782984607.558,2026-07-02 09:30:07.559,buffer_pool_bytes_dirty,4643897344,4643897344,0.000000,enabled
1782984607.558,2026-07-02 09:30:07.559,buffer_pool_pages_data,784736,784736,0.000000,enabled
1782984607.558,2026-07-02 09:30:07.559,buffer_pool_pages_dirty,283441,283441,0.000000,enabled
1782984607.558,2026-07-02 09:30:07.559,buffer_pool_pages_flushed,23479611,23479611,0.000000,enabled
1782984607.558,2026-07-02 09:30:07.559,buffer_pool_pages_free,1599,1599,0.000000,enabled
1782984607.558,2026-07-02 09:30:07.559,buffer_pool_pages_lru_flushed,0,0,0.000000,enabled
1782984607.558,2026-07-02 09:30:07.559,buffer_pool_pages_misc,96,96,0.000000,enabled
1782984607.558,2026-07-02 09:30:07.559,buffer_pool_pages_total,786432,786432,0.000000,enabled
1782984607.558,2026-07-02 09:30:07.559,buffer_pool_reads,68081374,68081374,31171.131891,enabled
1782984607.558,2026-07-02 09:30:07.559,buffer_pool_read_ahead,803715,803715,367.981792,enabled
1782984607.558,2026-07-02 09:30:07.559,buffer_pool_read_ahead_evicted,25,25,0.011446,enabled
1782984607.558,2026-07-02 09:30:07.559,buffer_pool_read_requests,2778664982,2778664982,1272214.807635,enabled
1782984607.558,2026-07-02 09:30:07.559,buffer_pool_size,12884901888,12884901888,0.000000,enabled
1782984607.558,2026-07-02 09:30:07.559,buffer_pool_wait_free,18945,18945,8.673989,enabled
1782984607.558,2026-07-02 09:30:07.559,buffer_pool_write_requests,591631235,591631235,270879.009211,enabled
1782984607.558,2026-07-02 09:30:07.559,dml_deletes,12550108,12550108,5746.078763,enabled
1782984607.558,2026-07-02 09:30:07.559,dml_inserts,112435508,112435508,51478.703279,enabled
1782984607.558,2026-07-02 09:30:07.559,dml_system_deletes,468,468,0.214274,enabled
1782984607.558,2026-07-02 09:30:07.559,dml_system_inserts,1202,1202,0.550337,enabled
1782984607.558,2026-07-02 09:30:07.559,dml_system_reads,7661,7661,3.507596,enabled
1782984607.558,2026-07-02 09:30:07.559,dml_system_updates,620,620,0.283868,enabled
1782984607.558,2026-07-02 09:30:07.559,dml_updates,25100331,25100331,11492.210171,enabled
1782984607.558,2026-07-02 09:30:07.559,file_num_open_files,35,35,0.000000,enabled
1782984607.558,2026-07-02 09:30:07.559,ibuf_merges,0,0,0.000000,enabled
1782984607.558,2026-07-02 09:30:07.559,ibuf_merges_delete,0,0,0.000000,enabled
1782984607.558,2026-07-02 09:30:07.559,ibuf_merges_delete_mark,0,0,0.000000,enabled
1782984607.558,2026-07-02 09:30:07.559,ibuf_merges_discard_delete,0,0,0.000000,enabled
1782984607.558,2026-07-02 09:30:07.559,ibuf_merges_discard_delete_mark,0,0,0.000000,enabled
1782984607.558,2026-07-02 09:30:07.559,ibuf_merges_discard_insert,0,0,0.000000,enabled
1782984607.558,2026-07-02 09:30:07.559,ibuf_merges_insert,0,0,0.000000,enabled
1782984607.558,2026-07-02 09:30:07.559,ibuf_size,1,1,0.000458,enabled
1782984607.558,2026-07-02 09:30:07.559,innodb_activity_count,17327400,17327400,7933.366634,enabled
1782984607.558,2026-07-02 09:30:07.559,innodb_dblwr_pages_written,23477561,23477561,10749.223596,enabled
1782984607.558,2026-07-02 09:30:07.559,innodb_dblwr_writes,477705,477705,218.717688,enabled
1782984607.558,2026-07-02 09:30:07.559,innodb_page_size,16384,16384,0.000000,enabled
1782984607.558,2026-07-02 09:30:07.559,innodb_rwlock_sx_os_waits,0,0,0.000000,enabled
1782984607.558,2026-07-02 09:30:07.559,innodb_rwlock_sx_spin_rounds,0,0,0.000000,enabled
1782984607.558,2026-07-02 09:30:07.559,innodb_rwlock_sx_spin_waits,0,0,0.000000,enabled
1782984607.558,2026-07-02 09:30:07.559,innodb_rwlock_s_os_waits,0,0,0.000000,enabled
1782984607.558,2026-07-02 09:30:07.559,innodb_rwlock_s_spin_rounds,0,0,0.000000,enabled
1782984607.558,2026-07-02 09:30:07.559,innodb_rwlock_s_spin_waits,0,0,0.000000,enabled
1782984607.558,2026-07-02 09:30:07.559,innodb_rwlock_x_os_waits,0,0,0.000000,enabled
1782984607.558,2026-07-02 09:30:07.559,innodb_rwlock_x_spin_rounds,0,0,0.000000,enabled
1782984607.558,2026-07-02 09:30:07.559,innodb_rwlock_x_spin_waits,0,0,0.000000,enabled
1782984607.558,2026-07-02 09:30:07.559,lock_deadlocks,0,0,0.000000,enabled
1782984607.558,2026-07-02 09:30:07.559,lock_deadlock_false_positives,0,0,0.000000,enabled
1782984607.558,2026-07-02 09:30:07.559,lock_deadlock_rounds,2421,2421,1.108458,enabled
1782984607.558,2026-07-02 09:30:07.559,lock_rec_grant_attempts,425,425,0.194587,enabled
1782984607.558,2026-07-02 09:30:07.559,lock_rec_release_attempts,38145075,38145075,17464.764715,enabled
1782984607.558,2026-07-02 09:30:07.559,lock_row_lock_current_waits,0,0,0.000000,enabled
1782984607.558,2026-07-02 09:30:07.559,lock_row_lock_time,323,323,0.147886,enabled
1782984607.558,2026-07-02 09:30:07.559,lock_row_lock_time_avg,0,0,0.000000,enabled
1782984607.558,2026-07-02 09:30:07.559,lock_row_lock_time_max,29,29,0.000000,enabled
1782984607.558,2026-07-02 09:30:07.559,lock_row_lock_waits,425,425,0.194587,enabled
1782984607.558,2026-07-02 09:30:07.559,lock_schedule_refreshes,2421,2421,1.108458,enabled
1782984607.558,2026-07-02 09:30:07.559,lock_threads_waiting,0,0,0.000000,enabled
1782984607.558,2026-07-02 09:30:07.559,lock_timeouts,0,0,0.000000,enabled
1782984607.558,2026-07-02 09:30:07.559,log_waits,0,0,0.000000,enabled
1782984607.558,2026-07-02 09:30:07.559,log_writes,189944213,189944213,86966.147267,enabled
1782984607.558,2026-07-02 09:30:07.559,log_write_requests,398048999,398048999,182247.131083,enabled
1782984607.558,2026-07-02 09:30:07.559,os_data_fsyncs,51166857,51166857,23426.797838,enabled
1782984607.558,2026-07-02 09:30:07.559,os_data_reads,69077299,69077299,31627.112103,enabled
1782984607.558,2026-07-02 09:30:07.559,os_data_writes,214235004,214235004,98087.715868,enabled
1782984607.558,2026-07-02 09:30:07.559,os_log_bytes_written,121752143872,121752143872,55744343.484412,enabled
1782984607.558,2026-07-02 09:30:07.559,os_log_fsyncs,44850957,44850957,20535.056460,enabled
1782984607.558,2026-07-02 09:30:07.559,os_log_pending_fsyncs,1,1,0.000458,enabled
1782984607.558,2026-07-02 09:30:07.559,os_log_pending_writes,1,1,0.000458,enabled
1782984607.558,2026-07-02 09:30:07.559,trx_rseg_history_len,409,409,0.000000,enabled
1782984608.629,2026-07-02 09:30:08.631,adaptive_hash_searches,0,0,0.000000,enabled
1782984608.629,2026-07-02 09:30:08.631,adaptive_hash_searches_btree,577658585,577658585,264351.863999,enabled
1782984608.629,2026-07-02 09:30:08.631,buffer_data_reads,1127796951552,1127796951552,516109813.559782,enabled
1782984608.629,2026-07-02 09:30:08.631,buffer_data_written,542552978944,542552978944,248286640.750704,enabled
1782984608.629,2026-07-02 09:30:08.631,buffer_pages0_read,7,7,0.003203,enabled
1782984608.629,2026-07-02 09:30:08.631,buffer_pages_created,1810150,1810150,828.372684,enabled
1782984608.629,2026-07-02 09:30:08.631,buffer_pages_read,69029538,69029538,31589.748501,enabled
1782984608.629,2026-07-02 09:30:08.631,buffer_pages_written,23552854,23552854,10778.411074,enabled
1782984608.629,2026-07-02 09:30:08.631,buffer_pool_bytes_data,12853116928,12853116928,0.000000,enabled
1782984608.629,2026-07-02 09:30:08.631,buffer_pool_bytes_dirty,4650172416,4650172416,0.000000,enabled
1782984608.629,2026-07-02 09:30:08.631,buffer_pool_pages_data,784490,784490,0.000000,enabled
1782984608.629,2026-07-02 09:30:08.631,buffer_pool_pages_dirty,283823,283823,0.000000,enabled
1782984608.629,2026-07-02 09:30:08.631,buffer_pool_pages_flushed,23495784,23495784,0.000000,enabled
1782984608.629,2026-07-02 09:30:08.631,buffer_pool_pages_free,1843,1843,0.000000,enabled
1782984608.629,2026-07-02 09:30:08.631,buffer_pool_pages_lru_flushed,0,0,0.000000,enabled
1782984608.629,2026-07-02 09:30:08.631,buffer_pool_pages_misc,98,98,0.000000,enabled
1782984608.629,2026-07-02 09:30:08.631,buffer_pool_pages_total,786432,786432,0.000000,enabled
1782984608.629,2026-07-02 09:30:08.631,buffer_pool_reads,68139373,68139373,31182.386593,enabled
1782984608.629,2026-07-02 09:30:08.631,buffer_pool_read_ahead,803715,803715,367.801323,enabled
1782984608.629,2026-07-02 09:30:08.631,buffer_pool_read_ahead_evicted,25,25,0.011441,enabled
1782984608.629,2026-07-02 09:30:08.631,buffer_pool_read_requests,2779510483,2779510483,1271977.801521,enabled
1782984608.629,2026-07-02 09:30:08.631,buffer_pool_size,12884901888,12884901888,0.000000,enabled
1782984608.629,2026-07-02 09:30:08.631,buffer_pool_wait_free,18945,18945,8.669735,enabled
1782984608.629,2026-07-02 09:30:08.631,buffer_pool_write_requests,591746632,591746632,270798.971183,enabled
1782984608.629,2026-07-02 09:30:08.631,dml_deletes,12555027,12555027,5745.512635,enabled
1782984608.629,2026-07-02 09:30:08.631,dml_inserts,112440429,112440429,51455.716194,enabled
1782984608.629,2026-07-02 09:30:08.631,dml_system_deletes,468,468,0.214169,enabled
1782984608.629,2026-07-02 09:30:08.631,dml_system_inserts,1202,1202,0.550067,enabled
1782984608.629,2026-07-02 09:30:08.631,dml_system_reads,7661,7661,3.505876,enabled
1782984608.629,2026-07-02 09:30:08.631,dml_system_updates,620,620,0.283728,enabled
1782984608.629,2026-07-02 09:30:08.631,dml_updates,25110167,25110167,11491.076972,enabled
1782984608.629,2026-07-02 09:30:08.631,file_num_open_files,35,35,0.000000,enabled
1782984608.629,2026-07-02 09:30:08.631,ibuf_merges,0,0,0.000000,enabled
1782984608.629,2026-07-02 09:30:08.631,ibuf_merges_delete,0,0,0.000000,enabled
1782984608.629,2026-07-02 09:30:08.631,ibuf_merges_delete_mark,0,0,0.000000,enabled
1782984608.629,2026-07-02 09:30:08.631,ibuf_merges_discard_delete,0,0,0.000000,enabled
1782984608.629,2026-07-02 09:30:08.631,ibuf_merges_discard_delete_mark,0,0,0.000000,enabled
1782984608.629,2026-07-02 09:30:08.631,ibuf_merges_discard_insert,0,0,0.000000,enabled
1782984608.629,2026-07-02 09:30:08.631,ibuf_merges_insert,0,0,0.000000,enabled
1782984608.629,2026-07-02 09:30:08.631,ibuf_size,1,1,0.000458,enabled
1782984608.629,2026-07-02 09:30:08.631,innodb_activity_count,17333060,17333060,7932.067114,enabled
1782984608.629,2026-07-02 09:30:08.631,innodb_dblwr_pages_written,23493734,23493734,10751.354556,enabled
1782984608.629,2026-07-02 09:30:08.631,innodb_dblwr_writes,478091,478091,218.787097,enabled
1782984608.629,2026-07-02 09:30:08.631,innodb_page_size,16384,16384,0.000000,enabled
1782984608.629,2026-07-02 09:30:08.631,innodb_rwlock_sx_os_waits,0,0,0.000000,enabled
1782984608.629,2026-07-02 09:30:08.631,innodb_rwlock_sx_spin_rounds,0,0,0.000000,enabled
1782984608.629,2026-07-02 09:30:08.631,innodb_rwlock_sx_spin_waits,0,0,0.000000,enabled
1782984608.629,2026-07-02 09:30:08.631,innodb_rwlock_s_os_waits,0,0,0.000000,enabled
1782984608.629,2026-07-02 09:30:08.631,innodb_rwlock_s_spin_rounds,0,0,0.000000,enabled
1782984608.629,2026-07-02 09:30:08.631,innodb_rwlock_s_spin_waits,0,0,0.000000,enabled
1782984608.629,2026-07-02 09:30:08.631,innodb_rwlock_x_os_waits,0,0,0.000000,enabled
1782984608.629,2026-07-02 09:30:08.631,innodb_rwlock_x_spin_rounds,0,0,0.000000,enabled
1782984608.629,2026-07-02 09:30:08.631,innodb_rwlock_x_spin_waits,0,0,0.000000,enabled
1782984608.629,2026-07-02 09:30:08.631,lock_deadlocks,0,0,0.000000,enabled
1782984608.629,2026-07-02 09:30:08.631,lock_deadlock_false_positives,0,0,0.000000,enabled
1782984608.629,2026-07-02 09:30:08.631,lock_deadlock_rounds,2422,2422,1.108372,enabled
1782984608.629,2026-07-02 09:30:08.631,lock_rec_grant_attempts,425,425,0.194491,enabled
1782984608.629,2026-07-02 09:30:08.631,lock_rec_release_attempts,38160068,38160068,17463.060747,enabled
1782984608.629,2026-07-02 09:30:08.631,lock_row_lock_current_waits,0,0,0.000000,enabled
1782984608.629,2026-07-02 09:30:08.631,lock_row_lock_time,323,323,0.147813,enabled
1782984608.629,2026-07-02 09:30:08.631,lock_row_lock_time_avg,0,0,0.000000,enabled
1782984608.629,2026-07-02 09:30:08.631,lock_row_lock_time_max,29,29,0.000000,enabled
1782984608.629,2026-07-02 09:30:08.631,lock_row_lock_waits,425,425,0.194491,enabled
1782984608.629,2026-07-02 09:30:08.631,lock_schedule_refreshes,2422,2422,1.108372,enabled
1782984608.629,2026-07-02 09:30:08.631,lock_threads_waiting,0,0,0.000000,enabled
1782984608.629,2026-07-02 09:30:08.631,lock_timeouts,0,0,0.000000,enabled
1782984608.629,2026-07-02 09:30:08.631,log_waits,0,0,0.000000,enabled
1782984608.629,2026-07-02 09:30:08.631,log_writes,190024492,190024492,86960.241892,enabled
1782984608.629,2026-07-02 09:30:08.631,log_write_requests,398132543,398132543,182195.999618,enabled
1782984608.629,2026-07-02 09:30:08.631,os_data_fsyncs,51201143,51201143,23431.000255,enabled
1782984608.629,2026-07-02 09:30:08.631,os_data_reads,69135192,69135192,31638.096509,enabled
1782984608.629,2026-07-02 09:30:08.631,os_data_writes,214331773,214331773,98083.900804,enabled
1782984608.629,2026-07-02 09:30:08.631,os_log_bytes_written,121794153984,121794153984,55736233.231985,enabled
1782984608.629,2026-07-02 09:30:08.631,os_log_fsyncs,44880120,44880120,20538.332523,enabled
1782984608.629,2026-07-02 09:30:08.631,os_log_pending_fsyncs,0,0,0.000000,enabled
1782984608.629,2026-07-02 09:30:08.631,os_log_pending_writes,0,0,0.000000,enabled
1782984608.629,2026-07-02 09:30:08.631,trx_rseg_history_len,534,534,0.000000,enabled
1782984609.700,2026-07-02 09:30:09.702,adaptive_hash_searches,0,0,0.000000,enabled
1782984609.700,2026-07-02 09:30:09.702,adaptive_hash_searches_btree,577829913,577829913,264301.103304,enabled
1782984609.700,2026-07-02 09:30:09.702,buffer_data_reads,1128745978368,1128745978368,516291803.893274,enabled
1782984609.700,2026-07-02 09:30:09.702,buffer_data_written,542867898880,542867898880,248309408.771801,enabled
1782984609.700,2026-07-02 09:30:09.702,buffer_pages0_read,7,7,0.003202,enabled
1782984609.700,2026-07-02 09:30:09.702,buffer_pages_created,1810195,1810195,827.988643,enabled
1782984609.700,2026-07-02 09:30:09.702,buffer_pages_read,69087651,69087651,31600.899329,enabled
1782984609.700,2026-07-02 09:30:09.702,buffer_pages_written,23569110,23569110,10780.581834,enabled
1782984609.700,2026-07-02 09:30:09.702,buffer_pool_bytes_data,12855345152,12855345152,0.000000,enabled
1782984609.700,2026-07-02 09:30:09.702,buffer_pool_bytes_dirty,4652744704,4652744704,0.000000,enabled
1782984609.700,2026-07-02 09:30:09.702,buffer_pool_pages_data,784628,784628,0.000000,enabled
1782984609.700,2026-07-02 09:30:09.702,buffer_pool_pages_dirty,283981,283981,0.000000,enabled
1782984609.700,2026-07-02 09:30:09.702,buffer_pool_pages_flushed,23512040,23512040,0.000000,enabled
1782984609.700,2026-07-02 09:30:09.702,buffer_pool_pages_free,1708,1708,0.000000,enabled
1782984609.700,2026-07-02 09:30:09.702,buffer_pool_pages_lru_flushed,0,0,0.000000,enabled
1782984609.700,2026-07-02 09:30:09.702,buffer_pool_pages_misc,96,96,0.000000,enabled
1782984609.700,2026-07-02 09:30:09.702,buffer_pool_pages_total,786432,786432,0.000000,enabled
1782984609.700,2026-07-02 09:30:09.702,buffer_pool_reads,68197436,68197436,31193.713526,enabled
1782984609.700,2026-07-02 09:30:09.702,buffer_pool_read_ahead,803715,803715,367.621668,enabled
1782984609.700,2026-07-02 09:30:09.702,buffer_pool_read_ahead_evicted,25,25,0.011435,enabled
1782984609.700,2026-07-02 09:30:09.702,buffer_pool_read_requests,2780359058,2780359058,1271744.636293,enabled
1782984609.700,2026-07-02 09:30:09.702,buffer_pool_size,12884901888,12884901888,0.000000,enabled
1782984609.700,2026-07-02 09:30:09.702,buffer_pool_wait_free,18945,18945,8.665500,enabled
1782984609.700,2026-07-02 09:30:09.702,buffer_pool_write_requests,591862153,591862153,270719.537341,enabled
1782984609.700,2026-07-02 09:30:09.702,dml_deletes,12559973,12559973,5744.968473,enabled
1782984609.700,2026-07-02 09:30:09.702,dml_inserts,112445375,112445375,51432.844229,enabled
1782984609.700,2026-07-02 09:30:09.702,dml_system_deletes,468,468,0.214065,enabled
1782984609.700,2026-07-02 09:30:09.702,dml_system_inserts,1202,1202,0.549798,enabled
1782984609.700,2026-07-02 09:30:09.702,dml_system_reads,7661,7661,3.504164,enabled
1782984609.700,2026-07-02 09:30:09.702,dml_system_updates,620,620,0.283590,enabled
1782984609.700,2026-07-02 09:30:09.702,dml_updates,25120063,25120063,11489.990452,enabled
1782984609.700,2026-07-02 09:30:09.702,file_num_open_files,35,35,0.000000,enabled
1782984609.700,2026-07-02 09:30:09.702,ibuf_merges,0,0,0.000000,enabled
1782984609.700,2026-07-02 09:30:09.702,ibuf_merges_delete,0,0,0.000000,enabled
1782984609.700,2026-07-02 09:30:09.702,ibuf_merges_delete_mark,0,0,0.000000,enabled
1782984609.700,2026-07-02 09:30:09.702,ibuf_merges_discard_delete,0,0,0.000000,enabled
1782984609.700,2026-07-02 09:30:09.702,ibuf_merges_discard_delete_mark,0,0,0.000000,enabled
1782984609.700,2026-07-02 09:30:09.702,ibuf_merges_discard_insert,0,0,0.000000,enabled
1782984609.700,2026-07-02 09:30:09.702,ibuf_merges_insert,0,0,0.000000,enabled
1782984609.700,2026-07-02 09:30:09.702,ibuf_size,1,1,0.000457,enabled
1782984609.700,2026-07-02 09:30:09.702,innodb_activity_count,17338738,17338738,7930.789713,enabled
1782984609.700,2026-07-02 09:30:09.702,innodb_dblwr_pages_written,23509990,23509990,10753.538446,enabled
1782984609.700,2026-07-02 09:30:09.702,innodb_dblwr_writes,478470,478470,218.853583,enabled
1782984609.700,2026-07-02 09:30:09.702,innodb_page_size,16384,16384,0.000000,enabled
1782984609.700,2026-07-02 09:30:09.702,innodb_rwlock_sx_os_waits,0,0,0.000000,enabled
1782984609.700,2026-07-02 09:30:09.702,innodb_rwlock_sx_spin_rounds,0,0,0.000000,enabled
1782984609.700,2026-07-02 09:30:09.702,innodb_rwlock_sx_spin_waits,0,0,0.000000,enabled
1782984609.700,2026-07-02 09:30:09.702,innodb_rwlock_s_os_waits,0,0,0.000000,enabled
1782984609.700,2026-07-02 09:30:09.702,innodb_rwlock_s_spin_rounds,0,0,0.000000,enabled
1782984609.700,2026-07-02 09:30:09.702,innodb_rwlock_s_spin_waits,0,0,0.000000,enabled
1782984609.700,2026-07-02 09:30:09.702,innodb_rwlock_x_os_waits,0,0,0.000000,enabled
1782984609.700,2026-07-02 09:30:09.702,innodb_rwlock_x_spin_rounds,0,0,0.000000,enabled
1782984609.700,2026-07-02 09:30:09.702,innodb_rwlock_x_spin_waits,0,0,0.000000,enabled
1782984609.700,2026-07-02 09:30:09.702,lock_deadlocks,0,0,0.000000,enabled
1782984609.700,2026-07-02 09:30:09.702,lock_deadlock_false_positives,0,0,0.000000,enabled
1782984609.700,2026-07-02 09:30:09.702,lock_deadlock_rounds,2423,2423,1.108288,enabled
1782984609.700,2026-07-02 09:30:09.702,lock_rec_grant_attempts,425,425,0.194396,enabled
1782984609.700,2026-07-02 09:30:09.702,lock_rec_release_attempts,38175102,38175102,17461.407358,enabled
1782984609.700,2026-07-02 09:30:09.702,lock_row_lock_current_waits,0,0,0.000000,enabled
1782984609.700,2026-07-02 09:30:09.702,lock_row_lock_time,323,323,0.147741,enabled
1782984609.700,2026-07-02 09:30:09.702,lock_row_lock_time_avg,0,0,0.000000,enabled
1782984609.700,2026-07-02 09:30:09.702,lock_row_lock_time_max,29,29,0.000000,enabled
1782984609.700,2026-07-02 09:30:09.702,lock_row_lock_waits,425,425,0.194396,enabled
1782984609.700,2026-07-02 09:30:09.702,lock_schedule_refreshes,2423,2423,1.108288,enabled
1782984609.700,2026-07-02 09:30:09.702,lock_threads_waiting,0,0,0.000000,enabled
1782984609.700,2026-07-02 09:30:09.702,lock_timeouts,0,0,0.000000,enabled
1782984609.700,2026-07-02 09:30:09.702,log_waits,0,0,0.000000,enabled
1782984609.700,2026-07-02 09:30:09.702,log_writes,190105549,190105549,86954.840642,enabled
1782984609.700,2026-07-02 09:30:09.702,log_write_requests,398216433,398216433,182145.374914,enabled
1782984609.700,2026-07-02 09:30:09.702,os_data_fsyncs,51236695,51236695,23435.816629,enabled
1782984609.700,2026-07-02 09:30:09.702,os_data_reads,69193160,69193160,31649.157158,enabled
1782984609.700,2026-07-02 09:30:09.702,os_data_writes,214429359,214429359,98080.626423,enabled
1782984609.700,2026-07-02 09:30:09.702,os_log_bytes_written,121836502528,121836502528,55728378.394289,enabled
1782984609.700,2026-07-02 09:30:09.702,os_log_fsyncs,44910383,44910383,20542.142655,enabled
1782984609.700,2026-07-02 09:30:09.702,os_log_pending_fsyncs,1,1,0.000457,enabled
1782984609.700,2026-07-02 09:30:09.702,os_log_pending_writes,1,1,0.000457,enabled
1782984609.700,2026-07-02 09:30:09.702,trx_rseg_history_len,677,677,0.000000,enabled
1782984610.768,2026-07-02 09:30:10.769,adaptive_hash_searches,0,0,0.000000,enabled
1782984610.768,2026-07-02 09:30:10.769,adaptive_hash_searches_btree,577999078,577999078,264249.079257,enabled
1782984610.768,2026-07-02 09:30:10.769,buffer_data_reads,1129682831872,1129682831872,516467413.642036,enabled
1782984610.768,2026-07-02 09:30:10.769,buffer_data_written,543182196224,543182196224,248331563.421299,enabled
1782984610.768,2026-07-02 09:30:10.769,buffer_pages0_read,7,7,0.003200,enabled
1782984610.768,2026-07-02 09:30:10.769,buffer_pages_created,1810241,1810241,827.604412,enabled
1782984610.768,2026-07-02 09:30:10.769,buffer_pages_read,69144985,69144985,31611.644113,enabled
1782984610.768,2026-07-02 09:30:10.769,buffer_pages_written,23585329,23585329,10782.720240,enabled
1782984610.768,2026-07-02 09:30:10.769,buffer_pool_bytes_data,12860915712,12860915712,0.000000,enabled
1782984610.768,2026-07-02 09:30:10.769,buffer_pool_bytes_dirty,4655398912,4655398912,0.000000,enabled
1782984610.768,2026-07-02 09:30:10.769,buffer_pool_pages_data,784968,784968,0.000000,enabled
1782984610.768,2026-07-02 09:30:10.769,buffer_pool_pages_dirty,284143,284143,0.000000,enabled
1782984610.768,2026-07-02 09:30:10.769,buffer_pool_pages_flushed,23528259,23528259,0.000000,enabled
1782984610.768,2026-07-02 09:30:10.769,buffer_pool_pages_free,1367,1367,0.000000,enabled
1782984610.768,2026-07-02 09:30:10.769,buffer_pool_pages_lru_flushed,0,0,0.000000,enabled
1782984610.768,2026-07-02 09:30:10.769,buffer_pool_pages_misc,96,96,0.000000,enabled
1782984610.768,2026-07-02 09:30:10.769,buffer_pool_pages_total,786432,786432,0.000000,enabled
1782984610.768,2026-07-02 09:30:10.769,buffer_pool_reads,68254709,68254709,31204.629607,enabled
1782984610.768,2026-07-02 09:30:10.769,buffer_pool_read_ahead,803715,803715,367.441734,enabled
1782984610.768,2026-07-02 09:30:10.769,buffer_pool_read_ahead_evicted,25,25,0.011429,enabled
1782984610.768,2026-07-02 09:30:10.769,buffer_pool_read_requests,2781197624,2781197624,1271505.549626,enabled
1782984610.768,2026-07-02 09:30:10.769,buffer_pool_size,12884901888,12884901888,0.000000,enabled
1782984610.768,2026-07-02 09:30:10.769,buffer_pool_wait_free,18945,18945,8.661259,enabled
1782984610.768,2026-07-02 09:30:10.769,buffer_pool_write_requests,591976723,591976723,270639.411396,enabled
1782984610.768,2026-07-02 09:30:10.769,dml_deletes,12564853,12564853,5744.387620,enabled
1782984610.768,2026-07-02 09:30:10.769,dml_inserts,112450255,112450255,51409.901343,enabled
1782984610.768,2026-07-02 09:30:10.769,dml_system_deletes,468,468,0.213960,enabled
1782984610.768,2026-07-02 09:30:10.769,dml_system_inserts,1202,1202,0.549529,enabled
1782984610.768,2026-07-02 09:30:10.769,dml_system_reads,7661,7661,3.502449,enabled
1782984610.768,2026-07-02 09:30:10.769,dml_system_updates,620,620,0.283451,enabled
1782984610.768,2026-07-02 09:30:10.769,dml_updates,25129818,25129818,11488.826434,enabled
1782984610.768,2026-07-02 09:30:10.769,file_num_open_files,35,35,0.000000,enabled
1782984610.768,2026-07-02 09:30:10.769,ibuf_merges,0,0,0.000000,enabled
1782984610.768,2026-07-02 09:30:10.769,ibuf_merges_delete,0,0,0.000000,enabled
1782984610.768,2026-07-02 09:30:10.769,ibuf_merges_delete_mark,0,0,0.000000,enabled
1782984610.768,2026-07-02 09:30:10.769,ibuf_merges_discard_delete,0,0,0.000000,enabled
1782984610.768,2026-07-02 09:30:10.769,ibuf_merges_discard_delete_mark,0,0,0.000000,enabled
1782984610.768,2026-07-02 09:30:10.769,ibuf_merges_discard_insert,0,0,0.000000,enabled
1782984610.768,2026-07-02 09:30:10.769,ibuf_merges_insert,0,0,0.000000,enabled
1782984610.768,2026-07-02 09:30:10.769,ibuf_size,1,1,0.000457,enabled
1782984610.768,2026-07-02 09:30:10.769,innodb_activity_count,17344349,17344349,7929.473200,enabled
1782984610.768,2026-07-02 09:30:10.769,innodb_dblwr_pages_written,23526209,23526209,10755.690087,enabled
1782984610.768,2026-07-02 09:30:10.769,innodb_dblwr_writes,478778,478778,218.887276,enabled
1782984610.768,2026-07-02 09:30:10.769,innodb_page_size,16384,16384,0.000000,enabled
1782984610.768,2026-07-02 09:30:10.769,innodb_rwlock_sx_os_waits,0,0,0.000000,enabled
1782984610.768,2026-07-02 09:30:10.769,innodb_rwlock_sx_spin_rounds,0,0,0.000000,enabled
1782984610.768,2026-07-02 09:30:10.769,innodb_rwlock_sx_spin_waits,0,0,0.000000,enabled
1782984610.768,2026-07-02 09:30:10.769,innodb_rwlock_s_os_waits,0,0,0.000000,enabled
1782984610.768,2026-07-02 09:30:10.769,innodb_rwlock_s_spin_rounds,0,0,0.000000,enabled
1782984610.768,2026-07-02 09:30:10.769,innodb_rwlock_s_spin_waits,0,0,0.000000,enabled
1782984610.768,2026-07-02 09:30:10.769,innodb_rwlock_x_os_waits,0,0,0.000000,enabled
1782984610.768,2026-07-02 09:30:10.769,innodb_rwlock_x_spin_rounds,0,0,0.000000,enabled
1782984610.768,2026-07-02 09:30:10.769,innodb_rwlock_x_spin_waits,0,0,0.000000,enabled
1782984610.768,2026-07-02 09:30:10.769,lock_deadlocks,0,0,0.000000,enabled
1782984610.768,2026-07-02 09:30:10.769,lock_deadlock_false_positives,0,0,0.000000,enabled
1782984610.768,2026-07-02 09:30:10.769,lock_deadlock_rounds,2424,2424,1.108202,enabled
1782984610.768,2026-07-02 09:30:10.769,lock_rec_grant_attempts,425,425,0.194301,enabled
1782984610.768,2026-07-02 09:30:10.769,lock_rec_release_attempts,38189924,38189924,17459.637065,enabled
1782984610.768,2026-07-02 09:30:10.769,lock_row_lock_current_waits,0,0,0.000000,enabled
1782984610.768,2026-07-02 09:30:10.769,lock_row_lock_time,323,323,0.147669,enabled
1782984610.768,2026-07-02 09:30:10.769,lock_row_lock_time_avg,0,0,0.000000,enabled
1782984610.768,2026-07-02 09:30:10.769,lock_row_lock_time_max,29,29,0.000000,enabled
1782984610.768,2026-07-02 09:30:10.769,lock_row_lock_waits,425,425,0.194301,enabled
1782984610.768,2026-07-02 09:30:10.769,lock_schedule_refreshes,2424,2424,1.108202,enabled
1782984610.768,2026-07-02 09:30:10.769,lock_threads_waiting,0,0,0.000000,enabled
1782984610.768,2026-07-02 09:30:10.769,lock_timeouts,0,0,0.000000,enabled
1782984610.768,2026-07-02 09:30:10.769,log_waits,0,0,0.000000,enabled
1782984610.768,2026-07-02 09:30:10.769,log_writes,190186045,190186045,86949.081978,enabled
1782984610.768,2026-07-02 09:30:10.769,log_write_requests,398299324,398299324,182094.120514,enabled
1782984610.768,2026-07-02 09:30:10.769,os_data_fsyncs,51270176,51270176,23439.652915,enabled
1782984610.768,2026-07-02 09:30:10.769,os_data_reads,69250345,69250345,31659.810445,enabled
1782984610.768,2026-07-02 09:30:10.769,os_data_writes,214526318,214526318,98076.949041,enabled
1782984610.768,2026-07-02 09:30:10.769,os_log_bytes_written,121878738944,121878738944,55720412.048109,enabled
1782984610.768,2026-07-02 09:30:10.769,os_log_fsyncs,44939118,44939118,20545.225454,enabled
1782984610.768,2026-07-02 09:30:10.769,os_log_pending_fsyncs,0,0,0.000000,enabled
1782984610.768,2026-07-02 09:30:10.769,os_log_pending_writes,1,1,0.000457,enabled
1782984610.768,2026-07-02 09:30:10.769,trx_rseg_history_len,728,728,0.000000,enabled
1782984611.839,2026-07-02 09:30:11.840,adaptive_hash_searches,0,0,0.000000,enabled
1782984611.839,2026-07-02 09:30:11.840,adaptive_hash_searches_btree,578163634,578163634,264195.006624,enabled
1782984611.839,2026-07-02 09:30:11.840,buffer_data_reads,1130594699776,1130594699776,516631449.832686,enabled
1782984611.839,2026-07-02 09:30:11.840,buffer_data_written,543489645568,543489645568,248350574.595206,enabled
1782984611.839,2026-07-02 09:30:11.840,buffer_pages0_read,7,7,0.003199,enabled
1782984611.839,2026-07-02 09:30:11.840,buffer_pages_created,1810271,1810271,827.213272,enabled
1782984611.839,2026-07-02 09:30:11.840,buffer_pages_read,69200799,69200799,31621.684765,enabled
1782984611.839,2026-07-02 09:30:11.840,buffer_pages_written,23601220,23601220,10784.707008,enabled
1782984611.839,2026-07-02 09:30:11.840,buffer_pool_bytes_data,12854214656,12854214656,0.000000,enabled
1782984611.839,2026-07-02 09:30:11.840,buffer_pool_bytes_dirty,4655251456,4655251456,0.000000,enabled
1782984611.839,2026-07-02 09:30:11.840,buffer_pool_pages_data,784559,784559,0.000000,enabled
1782984611.839,2026-07-02 09:30:11.840,buffer_pool_pages_dirty,284134,284134,0.000000,enabled
1782984611.839,2026-07-02 09:30:11.840,buffer_pool_pages_flushed,23544150,23544150,0.000000,enabled
1782984611.839,2026-07-02 09:30:11.840,buffer_pool_pages_free,1776,1776,0.000000,enabled
1782984611.839,2026-07-02 09:30:11.840,buffer_pool_pages_lru_flushed,0,0,0.000000,enabled
1782984611.839,2026-07-02 09:30:11.840,buffer_pool_pages_misc,96,96,0.000000,enabled
1782984611.839,2026-07-02 09:30:11.840,buffer_pool_pages_total,786432,786432,0.000000,enabled
1782984611.839,2026-07-02 09:30:11.840,buffer_pool_reads,68310466,68310466,31214.843502,enabled
1782984611.839,2026-07-02 09:30:11.840,buffer_pool_read_ahead,803715,803715,367.261989,enabled
1782984611.839,2026-07-02 09:30:11.840,buffer_pool_read_ahead_evicted,25,25,0.011424,enabled
1782984611.839,2026-07-02 09:30:11.840,buffer_pool_read_requests,2782013203,2782013203,1271256.241268,enabled
1782984611.839,2026-07-02 09:30:11.840,buffer_pool_size,12884901888,12884901888,0.000000,enabled
1782984611.839,2026-07-02 09:30:11.840,buffer_pool_wait_free,18945,18945,8.657022,enabled
1782984611.839,2026-07-02 09:30:11.840,buffer_pool_write_requests,592088097,592088097,270557.913605,enabled
1782984611.839,2026-07-02 09:30:11.840,dml_deletes,12569609,12569609,5743.750767,enabled
1782984611.839,2026-07-02 09:30:11.840,dml_inserts,112455009,112455009,51386.924210,enabled
1782984611.839,2026-07-02 09:30:11.840,dml_system_deletes,468,468,0.213855,enabled
1782984611.839,2026-07-02 09:30:11.840,dml_system_inserts,1202,1202,0.549260,enabled
1782984611.839,2026-07-02 09:30:11.840,dml_system_reads,7661,7661,3.500735,enabled
1782984611.839,2026-07-02 09:30:11.840,dml_system_updates,620,620,0.283312,enabled
1782984611.839,2026-07-02 09:30:11.840,dml_updates,25139337,25139337,11487.555898,enabled
1782984611.839,2026-07-02 09:30:11.840,file_num_open_files,35,35,0.000000,enabled
1782984611.839,2026-07-02 09:30:11.840,ibuf_merges,0,0,0.000000,enabled
1782984611.839,2026-07-02 09:30:11.840,ibuf_merges_delete,0,0,0.000000,enabled
1782984611.839,2026-07-02 09:30:11.840,ibuf_merges_delete_mark,0,0,0.000000,enabled
1782984611.839,2026-07-02 09:30:11.840,ibuf_merges_discard_delete,0,0,0.000000,enabled
1782984611.839,2026-07-02 09:30:11.840,ibuf_merges_discard_delete_mark,0,0,0.000000,enabled
1782984611.839,2026-07-02 09:30:11.840,ibuf_merges_discard_insert,0,0,0.000000,enabled
1782984611.839,2026-07-02 09:30:11.840,ibuf_merges_insert,0,0,0.000000,enabled
1782984611.839,2026-07-02 09:30:11.840,ibuf_size,1,1,0.000457,enabled
1782984611.839,2026-07-02 09:30:11.840,innodb_activity_count,17349812,17349812,7928.090519,enabled
1782984611.839,2026-07-02 09:30:11.840,innodb_dblwr_pages_written,23542100,23542100,10757.689960,enabled
1782984611.839,2026-07-02 09:30:11.840,innodb_dblwr_writes,479143,479143,218.946986,enabled
1782984611.839,2026-07-02 09:30:11.840,innodb_page_size,16384,16384,0.000000,enabled
1782984611.839,2026-07-02 09:30:11.840,innodb_rwlock_sx_os_waits,0,0,0.000000,enabled
1782984611.839,2026-07-02 09:30:11.840,innodb_rwlock_sx_spin_rounds,0,0,0.000000,enabled
1782984611.839,2026-07-02 09:30:11.840,innodb_rwlock_sx_spin_waits,0,0,0.000000,enabled
1782984611.839,2026-07-02 09:30:11.840,innodb_rwlock_s_os_waits,0,0,0.000000,enabled
1782984611.839,2026-07-02 09:30:11.840,innodb_rwlock_s_spin_rounds,0,0,0.000000,enabled
1782984611.839,2026-07-02 09:30:11.840,innodb_rwlock_s_spin_waits,0,0,0.000000,enabled
1782984611.839,2026-07-02 09:30:11.840,innodb_rwlock_x_os_waits,0,0,0.000000,enabled
1782984611.839,2026-07-02 09:30:11.840,innodb_rwlock_x_spin_rounds,0,0,0.000000,enabled
1782984611.839,2026-07-02 09:30:11.840,innodb_rwlock_x_spin_waits,0,0,0.000000,enabled
1782984611.839,2026-07-02 09:30:11.840,lock_deadlocks,0,0,0.000000,enabled
1782984611.839,2026-07-02 09:30:11.840,lock_deadlock_false_positives,0,0,0.000000,enabled
1782984611.839,2026-07-02 09:30:11.840,lock_deadlock_rounds,2425,2425,1.108117,enabled
1782984611.839,2026-07-02 09:30:11.840,lock_rec_grant_attempts,425,425,0.194206,enabled
1782984611.839,2026-07-02 09:30:11.840,lock_rec_release_attempts,38204364,38204364,17457.694682,enabled
1782984611.839,2026-07-02 09:30:11.840,lock_row_lock_current_waits,0,0,0.000000,enabled
1782984611.839,2026-07-02 09:30:11.840,lock_row_lock_time,323,323,0.147597,enabled
1782984611.839,2026-07-02 09:30:11.840,lock_row_lock_time_avg,0,0,0.000000,enabled
1782984611.839,2026-07-02 09:30:11.840,lock_row_lock_time_max,29,29,0.000000,enabled
1782984611.839,2026-07-02 09:30:11.840,lock_row_lock_waits,425,425,0.194206,enabled
1782984611.839,2026-07-02 09:30:11.840,lock_schedule_refreshes,2425,2425,1.108117,enabled
1782984611.839,2026-07-02 09:30:11.840,lock_threads_waiting,0,0,0.000000,enabled
1782984611.839,2026-07-02 09:30:11.840,lock_timeouts,0,0,0.000000,enabled
1782984611.839,2026-07-02 09:30:11.840,log_waits,0,0,0.000000,enabled
1782984611.839,2026-07-02 09:30:11.840,log_writes,190265126,190265126,86942.684066,enabled
1782984611.839,2026-07-02 09:30:11.840,log_write_requests,398380185,398380185,182041.992243,enabled
1782984611.839,2026-07-02 09:30:11.840,os_data_fsyncs,51300847,51300847,23442.201886,enabled
1782984611.839,2026-07-02 09:30:11.840,os_data_reads,69305986,69305986,31669.748429,enabled
1782984611.839,2026-07-02 09:30:11.840,os_data_writes,214621572,214621572,98072.498185,enabled
1782984611.839,2026-07-02 09:30:11.840,os_log_bytes_written,121920180736,121920180736,55712091.545456,enabled
1782984611.839,2026-07-02 09:30:11.840,os_log_fsyncs,44964969,44964969,20546.987802,enabled
1782984611.839,2026-07-02 09:30:11.840,os_log_pending_fsyncs,1,1,0.000457,enabled
1782984611.839,2026-07-02 09:30:11.840,os_log_pending_writes,1,1,0.000457,enabled
1782984611.839,2026-07-02 09:30:11.840,trx_rseg_history_len,673,673,0.000000,enabled
1782984612.908,2026-07-02 09:30:12.910,adaptive_hash_searches,0,0,0.000000,enabled
1782984612.908,2026-07-02 09:30:12.910,adaptive_hash_searches_btree,578331586,578331586,264142.350643,enabled
1782984612.908,2026-07-02 09:30:12.910,buffer_data_reads,1131521706496,1131521706496,516801866.955539,enabled
1782984612.908,2026-07-02 09:30:12.910,buffer_data_written,543798275584,543798275584,248369927.189780,enabled
1782984612.908,2026-07-02 09:30:12.910,buffer_pages0_read,7,7,0.003197,enabled
1782984612.908,2026-07-02 09:30:12.910,buffer_pages_created,1810306,1810306,826.824199,enabled
1782984612.908,2026-07-02 09:30:12.910,buffer_pages_read,69257566,69257566,31632.128018,enabled
1782984612.908,2026-07-02 09:30:12.910,buffer_pages_written,23617125,23617125,10786.690426,enabled
1782984612.908,2026-07-02 09:30:12.910,buffer_pool_bytes_data,12851200000,12851200000,0.000000,enabled
1782984612.908,2026-07-02 09:30:12.910,buffer_pool_bytes_dirty,4661477376,4661477376,0.000000,enabled
1782984612.908,2026-07-02 09:30:12.910,buffer_pool_pages_data,784377,784377,0.000000,enabled
1782984612.908,2026-07-02 09:30:12.910,buffer_pool_pages_dirty,284514,284514,0.000000,enabled
1782984612.908,2026-07-02 09:30:12.910,buffer_pool_pages_flushed,23560055,23560055,0.000000,enabled
1782984612.908,2026-07-02 09:30:12.910,buffer_pool_pages_free,1963,1963,0.000000,enabled
1782984612.908,2026-07-02 09:30:12.910,buffer_pool_pages_lru_flushed,0,0,0.000000,enabled
1782984612.908,2026-07-02 09:30:12.910,buffer_pool_pages_misc,96,96,0.000000,enabled
1782984612.908,2026-07-02 09:30:12.910,buffer_pool_pages_total,786432,786432,0.000000,enabled
1782984612.908,2026-07-02 09:30:12.910,buffer_pool_reads,68367173,68367173,31225.458402,enabled
1782984612.908,2026-07-02 09:30:12.910,buffer_pool_read_ahead,803715,803715,367.082153,enabled
1782984612.908,2026-07-02 09:30:12.910,buffer_pool_read_ahead_evicted,25,25,0.011418,enabled
1782984612.908,2026-07-02 09:30:12.910,buffer_pool_read_requests,2782845639,2782845639,1271013.945174,enabled
1782984612.908,2026-07-02 09:30:12.910,buffer_pool_size,12884901888,12884901888,0.000000,enabled
1782984612.908,2026-07-02 09:30:12.910,buffer_pool_wait_free,18945,18945,8.652783,enabled
1782984612.908,2026-07-02 09:30:12.910,buffer_pool_write_requests,592202261,592202261,270477.571890,enabled
1782984612.908,2026-07-02 09:30:12.910,dml_deletes,12574453,12574453,5743.150734,enabled
1782984612.908,2026-07-02 09:30:12.910,dml_inserts,112459854,112459854,51363.975332,enabled
1782984612.908,2026-07-02 09:30:12.910,dml_system_deletes,468,468,0.213750,enabled
1782984612.908,2026-07-02 09:30:12.910,dml_system_inserts,1202,1202,0.548991,enabled
1782984612.908,2026-07-02 09:30:12.910,dml_system_reads,7661,7661,3.499021,enabled
1782984612.908,2026-07-02 09:30:12.910,dml_system_updates,620,620,0.283174,enabled
1782984612.908,2026-07-02 09:30:12.910,dml_updates,25149022,25149022,11486.354435,enabled
1782984612.908,2026-07-02 09:30:12.910,file_num_open_files,35,35,0.000000,enabled
1782984612.908,2026-07-02 09:30:12.910,ibuf_merges,0,0,0.000000,enabled
1782984612.908,2026-07-02 09:30:12.910,ibuf_merges_delete,0,0,0.000000,enabled
1782984612.908,2026-07-02 09:30:12.910,ibuf_merges_delete_mark,0,0,0.000000,enabled
1782984612.908,2026-07-02 09:30:12.910,ibuf_merges_discard_delete,0,0,0.000000,enabled
1782984612.908,2026-07-02 09:30:12.910,ibuf_merges_discard_delete_mark,0,0,0.000000,enabled
1782984612.908,2026-07-02 09:30:12.910,ibuf_merges_discard_insert,0,0,0.000000,enabled
1782984612.908,2026-07-02 09:30:12.910,ibuf_merges_insert,0,0,0.000000,enabled
1782984612.908,2026-07-02 09:30:12.910,ibuf_size,1,1,0.000457,enabled
1782984612.908,2026-07-02 09:30:12.910,innodb_activity_count,17355373,17355373,7926.748380,enabled
1782984612.908,2026-07-02 09:30:12.910,innodb_dblwr_pages_written,23558005,23558005,10759.686733,enabled
1782984612.908,2026-07-02 09:30:12.910,innodb_dblwr_writes,479526,479526,219.014706,enabled
1782984612.908,2026-07-02 09:30:12.910,innodb_page_size,16384,16384,0.000000,enabled
1782984612.908,2026-07-02 09:30:12.910,innodb_rwlock_sx_os_waits,0,0,0.000000,enabled
1782984612.908,2026-07-02 09:30:12.910,innodb_rwlock_sx_spin_rounds,0,0,0.000000,enabled
1782984612.908,2026-07-02 09:30:12.910,innodb_rwlock_sx_spin_waits,0,0,0.000000,enabled
1782984612.908,2026-07-02 09:30:12.910,innodb_rwlock_s_os_waits,0,0,0.000000,enabled
1782984612.908,2026-07-02 09:30:12.910,innodb_rwlock_s_spin_rounds,0,0,0.000000,enabled
1782984612.908,2026-07-02 09:30:12.910,innodb_rwlock_s_spin_waits,0,0,0.000000,enabled
1782984612.908,2026-07-02 09:30:12.910,innodb_rwlock_x_os_waits,0,0,0.000000,enabled
1782984612.908,2026-07-02 09:30:12.910,innodb_rwlock_x_spin_rounds,0,0,0.000000,enabled
1782984612.908,2026-07-02 09:30:12.910,innodb_rwlock_x_spin_waits,0,0,0.000000,enabled
1782984612.908,2026-07-02 09:30:12.910,lock_deadlocks,0,0,0.000000,enabled
1782984612.908,2026-07-02 09:30:12.910,lock_deadlock_false_positives,0,0,0.000000,enabled
1782984612.908,2026-07-02 09:30:12.910,lock_deadlock_rounds,2426,2426,1.108031,enabled
1782984612.908,2026-07-02 09:30:12.910,lock_rec_grant_attempts,425,425,0.194111,enabled
1782984612.908,2026-07-02 09:30:12.910,lock_rec_release_attempts,38219104,38219104,17455.878379,enabled
1782984612.908,2026-07-02 09:30:12.910,lock_row_lock_current_waits,0,0,0.000000,enabled
1782984612.908,2026-07-02 09:30:12.910,lock_row_lock_time,323,323,0.147524,enabled
1782984612.908,2026-07-02 09:30:12.910,lock_row_lock_time_avg,0,0,0.000000,enabled
1782984612.908,2026-07-02 09:30:12.910,lock_row_lock_time_max,29,29,0.000000,enabled
1782984612.908,2026-07-02 09:30:12.910,lock_row_lock_waits,425,425,0.194111,enabled
1782984612.908,2026-07-02 09:30:12.910,lock_schedule_refreshes,2426,2426,1.108031,enabled
1782984612.908,2026-07-02 09:30:12.910,lock_threads_waiting,0,0,0.000000,enabled
1782984612.908,2026-07-02 09:30:12.910,lock_timeouts,0,0,0.000000,enabled
1782984612.908,2026-07-02 09:30:12.910,log_waits,0,0,0.000000,enabled
1782984612.908,2026-07-02 09:30:12.910,log_writes,190345283,190345283,86936.721882,enabled
1782984612.908,2026-07-02 09:30:12.910,log_write_requests,398462548,398462548,181990.471212,enabled
1782984612.908,2026-07-02 09:30:12.910,os_data_fsyncs,51334093,51334093,23445.907586,enabled
1782984612.908,2026-07-02 09:30:12.910,os_data_reads,69362589,69362589,31680.093271,enabled
1782984612.908,2026-07-02 09:30:12.910,os_data_writes,214717926,214717926,98068.483547,enabled
1782984612.908,2026-07-02 09:30:12.910,os_log_bytes_written,121962183680,121962183680,55703995.402209,enabled
1782984612.908,2026-07-02 09:30:12.910,os_log_fsyncs,44993255,44993255,20549.845796,enabled
1782984612.908,2026-07-02 09:30:12.910,os_log_pending_fsyncs,0,0,0.000000,enabled
1782984612.908,2026-07-02 09:30:12.910,os_log_pending_writes,0,0,0.000000,enabled
1782984612.908,2026-07-02 09:30:12.910,trx_rseg_history_len,664,664,0.000000,enabled
1782984613.981,2026-07-02 09:30:13.982,adaptive_hash_searches,0,0,0.000000,enabled
1782984613.981,2026-07-02 09:30:13.982,adaptive_hash_searches_btree,578498252,578498252,264089.435513,enabled
1782984613.981,2026-07-02 09:30:13.982,buffer_data_reads,1132446108160,1132446108160,516971464.749314,enabled
1782984613.981,2026-07-02 09:30:13.982,buffer_data_written,544107411456,544107411456,248389749.633006,enabled
1782984613.981,2026-07-02 09:30:13.982,buffer_pages0_read,7,7,0.003196,enabled
1782984613.981,2026-07-02 09:30:13.982,buffer_pages_created,1810342,1810342,826.436824,enabled
1782984613.981,2026-07-02 09:30:13.982,buffer_pages_read,69314130,69314130,31642.501257,enabled
1782984613.981,2026-07-02 09:30:13.982,buffer_pages_written,23633130,23633130,10788.728770,enabled
1782984613.981,2026-07-02 09:30:13.982,buffer_pool_bytes_data,12846415872,12846415872,0.000000,enabled
1782984613.981,2026-07-02 09:30:13.982,buffer_pool_bytes_dirty,4663263232,4663263232,0.000000,enabled
1782984613.981,2026-07-02 09:30:13.982,buffer_pool_pages_data,784083,784083,0.000000,enabled
1782984613.981,2026-07-02 09:30:13.982,buffer_pool_pages_dirty,284623,284623,0.000000,enabled
1782984613.981,2026-07-02 09:30:13.982,buffer_pool_pages_flushed,23576001,23576001,0.000000,enabled
1782984613.981,2026-07-02 09:30:13.982,buffer_pool_pages_free,2252,2252,0.000000,enabled
1782984613.981,2026-07-02 09:30:13.982,buffer_pool_pages_lru_flushed,0,0,0.000000,enabled
1782984613.981,2026-07-02 09:30:13.982,buffer_pool_pages_misc,97,97,0.000000,enabled
1782984613.981,2026-07-02 09:30:13.982,buffer_pool_pages_total,786432,786432,0.000000,enabled
1782984613.981,2026-07-02 09:30:13.982,buffer_pool_reads,68423677,68423677,31236.002878,enabled
1782984613.981,2026-07-02 09:30:13.982,buffer_pool_read_ahead,803715,803715,366.902875,enabled
1782984613.981,2026-07-02 09:30:13.982,buffer_pool_read_ahead_evicted,25,25,0.011413,enabled
1782984613.981,2026-07-02 09:30:13.982,buffer_pool_read_requests,2783672211,2783672211,1270770.536871,enabled
1782984613.981,2026-07-02 09:30:13.982,buffer_pool_size,12884901888,12884901888,0.000000,enabled
1782984613.981,2026-07-02 09:30:13.982,buffer_pool_wait_free,18945,18945,8.648557,enabled
1782984613.981,2026-07-02 09:30:13.982,buffer_pool_write_requests,592315630,592315630,270397.228348,enabled
1782984613.981,2026-07-02 09:30:13.982,dml_deletes,12579258,12579258,5742.539462,enabled
1782984613.981,2026-07-02 09:30:13.982,dml_inserts,112464660,112464660,51341.084567,enabled
1782984613.981,2026-07-02 09:30:13.982,dml_system_deletes,468,468,0.213646,enabled
1782984613.981,2026-07-02 09:30:13.982,dml_system_inserts,1202,1202,0.548723,enabled
1782984613.981,2026-07-02 09:30:13.982,dml_system_reads,7661,7661,3.497312,enabled
1782984613.981,2026-07-02 09:30:13.982,dml_system_updates,620,620,0.283035,enabled
1782984613.981,2026-07-02 09:30:13.982,dml_updates,25158631,25158631,11485.131411,enabled
1782984613.981,2026-07-02 09:30:13.982,file_num_open_files,35,35,0.000000,enabled
1782984613.981,2026-07-02 09:30:13.982,ibuf_merges,0,0,0.000000,enabled
1782984613.981,2026-07-02 09:30:13.982,ibuf_merges_delete,0,0,0.000000,enabled
1782984613.981,2026-07-02 09:30:13.982,ibuf_merges_delete_mark,0,0,0.000000,enabled
1782984613.981,2026-07-02 09:30:13.982,ibuf_merges_discard_delete,0,0,0.000000,enabled
1782984613.981,2026-07-02 09:30:13.982,ibuf_merges_discard_delete_mark,0,0,0.000000,enabled
1782984613.981,2026-07-02 09:30:13.982,ibuf_merges_discard_insert,0,0,0.000000,enabled
1782984613.981,2026-07-02 09:30:13.982,ibuf_merges_insert,0,0,0.000000,enabled
1782984613.981,2026-07-02 09:30:13.982,ibuf_size,1,1,0.000457,enabled
1782984613.981,2026-07-02 09:30:13.982,innodb_activity_count,17360899,17360899,7925.399846,enabled
1782984613.981,2026-07-02 09:30:13.982,innodb_dblwr_pages_written,23574011,23574011,10761.738885,enabled
1782984613.981,2026-07-02 09:30:13.982,innodb_dblwr_writes,479887,479887,219.072545,enabled
1782984613.981,2026-07-02 09:30:13.982,innodb_page_size,16384,16384,0.000000,enabled
1782984613.981,2026-07-02 09:30:13.982,innodb_rwlock_sx_os_waits,0,0,0.000000,enabled
1782984613.981,2026-07-02 09:30:13.982,innodb_rwlock_sx_spin_rounds,0,0,0.000000,enabled
1782984613.981,2026-07-02 09:30:13.982,innodb_rwlock_sx_spin_waits,0,0,0.000000,enabled
1782984613.981,2026-07-02 09:30:13.982,innodb_rwlock_s_os_waits,0,0,0.000000,enabled
1782984613.981,2026-07-02 09:30:13.982,innodb_rwlock_s_spin_rounds,0,0,0.000000,enabled
1782984613.981,2026-07-02 09:30:13.982,innodb_rwlock_s_spin_waits,0,0,0.000000,enabled
1782984613.981,2026-07-02 09:30:13.982,innodb_rwlock_x_os_waits,0,0,0.000000,enabled
1782984613.981,2026-07-02 09:30:13.982,innodb_rwlock_x_spin_rounds,0,0,0.000000,enabled
1782984613.981,2026-07-02 09:30:13.982,innodb_rwlock_x_spin_waits,0,0,0.000000,enabled
1782984613.981,2026-07-02 09:30:13.982,lock_deadlocks,0,0,0.000000,enabled
1782984613.981,2026-07-02 09:30:13.982,lock_deadlock_false_positives,0,0,0.000000,enabled
1782984613.981,2026-07-02 09:30:13.982,lock_deadlock_rounds,2427,2427,1.107947,enabled
1782984613.981,2026-07-02 09:30:13.982,lock_rec_grant_attempts,425,425,0.194016,enabled
1782984613.981,2026-07-02 09:30:13.982,lock_rec_release_attempts,38233720,38233720,17454.025472,enabled
1782984613.981,2026-07-02 09:30:13.982,lock_row_lock_current_waits,0,0,0.000000,enabled
1782984613.981,2026-07-02 09:30:13.982,lock_row_lock_time,323,323,0.147452,enabled
1782984613.981,2026-07-02 09:30:13.982,lock_row_lock_time_avg,0,0,0.000000,enabled
1782984613.981,2026-07-02 09:30:13.982,lock_row_lock_time_max,29,29,0.000000,enabled
1782984613.981,2026-07-02 09:30:13.982,lock_row_lock_waits,425,425,0.194016,enabled
1782984613.981,2026-07-02 09:30:13.982,lock_schedule_refreshes,2427,2427,1.107947,enabled
1782984613.981,2026-07-02 09:30:13.982,lock_threads_waiting,0,0,0.000000,enabled
1782984613.981,2026-07-02 09:30:13.982,lock_timeouts,0,0,0.000000,enabled
1782984613.981,2026-07-02 09:30:13.982,log_waits,0,0,0.000000,enabled
1782984613.981,2026-07-02 09:30:13.982,log_writes,190423410,190423410,86929.929763,enabled
1782984613.981,2026-07-02 09:30:13.982,log_write_requests,398544335,398544335,181938.927956,enabled
1782984613.981,2026-07-02 09:30:13.982,os_data_fsyncs,51367191,51367191,23449.566569,enabled
1782984613.981,2026-07-02 09:30:13.982,os_data_reads,69418999,69418999,31690.372956,enabled
1782984613.981,2026-07-02 09:30:13.982,os_data_writes,214812339,214812339,98063.689082,enabled
1782984613.981,2026-07-02 09:30:13.982,os_log_bytes_written,122003097600,122003097600,55695468.231062,enabled
1782984613.981,2026-07-02 09:30:13.982,os_log_fsyncs,45021459,45021459,20552.685030,enabled
1782984613.981,2026-07-02 09:30:13.982,os_log_pending_fsyncs,1,1,0.000457,enabled
1782984613.981,2026-07-02 09:30:13.982,os_log_pending_writes,0,0,0.000000,enabled
1782984613.981,2026-07-02 09:30:13.982,trx_rseg_history_len,636,636,0.000000,enabled
1782984615.051,2026-07-02 09:30:15.052,adaptive_hash_searches,0,0,0.000000,enabled
1782984615.051,2026-07-02 09:30:15.052,adaptive_hash_searches_btree,578668503,578668503,264037.864577,enabled
1782984615.051,2026-07-02 09:30:15.052,buffer_data_reads,1133388319232,1133388319232,517148372.813692,enabled
1782984615.051,2026-07-02 09:30:15.052,buffer_data_written,544421761536,544421761536,248411619.441181,enabled
1782984615.051,2026-07-02 09:30:15.052,buffer_pages0_read,7,7,0.003194,enabled
1782984615.051,2026-07-02 09:30:15.052,buffer_pages_created,1810388,1810388,826.053349,enabled
1782984615.051,2026-07-02 09:30:15.052,buffer_pages_read,69371799,69371799,31653.328722,enabled
1782984615.051,2026-07-02 09:30:15.052,buffer_pages_written,23649392,23649392,10790.868803,enabled
1782984615.051,2026-07-02 09:30:15.052,buffer_pool_bytes_data,12848496640,12848496640,0.000000,enabled
1782984615.051,2026-07-02 09:30:15.052,buffer_pool_bytes_dirty,4665720832,4665720832,0.000000,enabled
1782984615.051,2026-07-02 09:30:15.052,buffer_pool_pages_data,784210,784210,0.000000,enabled
1782984615.051,2026-07-02 09:30:15.052,buffer_pool_pages_dirty,284773,284773,0.000000,enabled
1782984615.051,2026-07-02 09:30:15.052,buffer_pool_pages_flushed,23592322,23592322,0.000000,enabled
1782984615.051,2026-07-02 09:30:15.052,buffer_pool_pages_free,2125,2125,0.000000,enabled
1782984615.051,2026-07-02 09:30:15.052,buffer_pool_pages_lru_flushed,0,0,0.000000,enabled
1782984615.051,2026-07-02 09:30:15.052,buffer_pool_pages_misc,96,96,0.000000,enabled
1782984615.051,2026-07-02 09:30:15.052,buffer_pool_pages_total,786432,786432,0.000000,enabled
1782984615.051,2026-07-02 09:30:15.052,buffer_pool_reads,68481282,68481282,31247.000126,enabled
1782984615.051,2026-07-02 09:30:15.052,buffer_pool_read_ahead,803715,803715,366.723310,enabled
1782984615.051,2026-07-02 09:30:15.052,buffer_pool_read_ahead_evicted,25,25,0.011407,enabled
1782984615.051,2026-07-02 09:30:15.052,buffer_pool_read_requests,2784515528,2784515528,1270533.406449,enabled
1782984615.051,2026-07-02 09:30:15.052,buffer_pool_size,12884901888,12884901888,0.000000,enabled
1782984615.051,2026-07-02 09:30:15.052,buffer_pool_wait_free,18945,18945,8.644324,enabled
1782984615.051,2026-07-02 09:30:15.052,buffer_pool_write_requests,592430262,592430262,270317.199054,enabled
1782984615.051,2026-07-02 09:30:15.052,dml_deletes,12584182,12584182,5741.975615,enabled
1782984615.051,2026-07-02 09:30:15.052,dml_inserts,112469584,112469584,51318.203239,enabled
1782984615.051,2026-07-02 09:30:15.052,dml_system_deletes,468,468,0.213541,enabled
1782984615.051,2026-07-02 09:30:15.052,dml_system_inserts,1202,1202,0.548455,enabled
1782984615.051,2026-07-02 09:30:15.052,dml_system_reads,7661,7661,3.495601,enabled
1782984615.051,2026-07-02 09:30:15.052,dml_system_updates,620,620,0.282897,enabled
1782984615.051,2026-07-02 09:30:15.052,dml_updates,25168478,25168478,11484.003237,enabled
1782984615.051,2026-07-02 09:30:15.052,file_num_open_files,35,35,0.000000,enabled
1782984615.051,2026-07-02 09:30:15.052,ibuf_merges,0,0,0.000000,enabled
1782984615.051,2026-07-02 09:30:15.052,ibuf_merges_delete,0,0,0.000000,enabled
1782984615.051,2026-07-02 09:30:15.052,ibuf_merges_delete_mark,0,0,0.000000,enabled
1782984615.051,2026-07-02 09:30:15.052,ibuf_merges_discard_delete,0,0,0.000000,enabled
1782984615.051,2026-07-02 09:30:15.052,ibuf_merges_discard_delete_mark,0,0,0.000000,enabled
1782984615.051,2026-07-02 09:30:15.052,ibuf_merges_discard_insert,0,0,0.000000,enabled
1782984615.051,2026-07-02 09:30:15.052,ibuf_merges_insert,0,0,0.000000,enabled
1782984615.051,2026-07-02 09:30:15.052,ibuf_size,1,1,0.000456,enabled
1782984615.051,2026-07-02 09:30:15.052,innodb_activity_count,17366553,17366553,7924.100714,enabled
1782984615.051,2026-07-02 09:30:15.052,innodb_dblwr_pages_written,23590272,23590272,10763.891363,enabled
1782984615.051,2026-07-02 09:30:15.052,innodb_dblwr_writes,480247,480247,219.129586,enabled
1782984615.051,2026-07-02 09:30:15.052,innodb_page_size,16384,16384,0.000000,enabled
1782984615.051,2026-07-02 09:30:15.052,innodb_rwlock_sx_os_waits,0,0,0.000000,enabled
1782984615.051,2026-07-02 09:30:15.052,innodb_rwlock_sx_spin_rounds,0,0,0.000000,enabled
1782984615.051,2026-07-02 09:30:15.052,innodb_rwlock_sx_spin_waits,0,0,0.000000,enabled
1782984615.051,2026-07-02 09:30:15.052,innodb_rwlock_s_os_waits,0,0,0.000000,enabled
1782984615.051,2026-07-02 09:30:15.052,innodb_rwlock_s_spin_rounds,0,0,0.000000,enabled
1782984615.051,2026-07-02 09:30:15.052,innodb_rwlock_s_spin_waits,0,0,0.000000,enabled
1782984615.051,2026-07-02 09:30:15.052,innodb_rwlock_x_os_waits,0,0,0.000000,enabled
1782984615.051,2026-07-02 09:30:15.052,innodb_rwlock_x_spin_rounds,0,0,0.000000,enabled
1782984615.051,2026-07-02 09:30:15.052,innodb_rwlock_x_spin_waits,0,0,0.000000,enabled
1782984615.051,2026-07-02 09:30:15.052,lock_deadlocks,0,0,0.000000,enabled
1782984615.051,2026-07-02 09:30:15.052,lock_deadlock_false_positives,0,0,0.000000,enabled
1782984615.051,2026-07-02 09:30:15.052,lock_deadlock_rounds,2428,2428,1.107861,enabled
1782984615.051,2026-07-02 09:30:15.052,lock_rec_grant_attempts,425,425,0.193921,enabled
1782984615.051,2026-07-02 09:30:15.052,lock_rec_release_attempts,38248705,38248705,17452.320859,enabled
1782984615.051,2026-07-02 09:30:15.052,lock_row_lock_current_waits,0,0,0.000000,enabled
1782984615.051,2026-07-02 09:30:15.052,lock_row_lock_time,323,323,0.147380,enabled
1782984615.051,2026-07-02 09:30:15.052,lock_row_lock_time_avg,0,0,0.000000,enabled
1782984615.051,2026-07-02 09:30:15.052,lock_row_lock_time_max,29,29,0.000000,enabled
1782984615.051,2026-07-02 09:30:15.052,lock_row_lock_waits,425,425,0.193921,enabled
1782984615.051,2026-07-02 09:30:15.052,lock_schedule_refreshes,2428,2428,1.107861,enabled
1782984615.051,2026-07-02 09:30:15.052,lock_threads_waiting,0,0,0.000000,enabled
1782984615.051,2026-07-02 09:30:15.052,lock_timeouts,0,0,0.000000,enabled
1782984615.051,2026-07-02 09:30:15.052,log_waits,0,0,0.000000,enabled
1782984615.051,2026-07-02 09:30:15.052,log_writes,190503962,190503962,86924.138495,enabled
1782984615.051,2026-07-02 09:30:15.052,log_write_requests,398627927,398627927,181888.023741,enabled
1782984615.051,2026-07-02 09:30:15.052,os_data_fsyncs,51401793,51401793,23453.878407,enabled
1782984615.051,2026-07-02 09:30:15.052,os_data_reads,69476515,69476515,31701.106949,enabled
1782984615.051,2026-07-02 09:30:15.052,os_data_writes,214909417,214909417,98059.990592,enabled
1782984615.051,2026-07-02 09:30:15.052,os_log_bytes_written,122045095936,122045095936,55687373.295706,enabled
1782984615.051,2026-07-02 09:30:15.052,os_log_fsyncs,45051240,45051240,20556.214882,enabled
1782984615.051,2026-07-02 09:30:15.052,os_log_pending_fsyncs,0,0,0.000000,enabled
1782984615.051,2026-07-02 09:30:15.052,os_log_pending_writes,0,0,0.000000,enabled
1782984615.051,2026-07-02 09:30:15.052,trx_rseg_history_len,674,674,0.000000,enabled
1782984616.124,2026-07-02 09:30:16.125,adaptive_hash_searches,0,0,0.000000,enabled
1782984616.124,2026-07-02 09:30:16.125,adaptive_hash_searches_btree,578840436,578840436,263987.155974,enabled
1782984616.124,2026-07-02 09:30:16.125,buffer_data_reads,1134340180480,1134340180480,517329580.773415,enabled
1782984616.124,2026-07-02 09:30:16.125,buffer_data_written,544732995584,544732995584,248432081.392981,enabled
1782984616.124,2026-07-02 09:30:16.125,buffer_pages0_read,7,7,0.003192,enabled
1782984616.124,2026-07-02 09:30:16.125,buffer_pages_created,1810417,1810417,825.662612,enabled
1782984616.124,2026-07-02 09:30:16.125,buffer_pages_read,69430079,69430079,31664.428680,enabled
1782984616.124,2026-07-02 09:30:16.125,buffer_pages_written,23665555,23665555,10792.963106,enabled
1782984616.124,2026-07-02 09:30:16.125,buffer_pool_bytes_data,12856754176,12856754176,0.000000,enabled
1782984616.124,2026-07-02 09:30:16.125,buffer_pool_bytes_dirty,4671881216,4671881216,0.000000,enabled
1782984616.124,2026-07-02 09:30:16.125,buffer_pool_pages_data,784714,784714,0.000000,enabled
1782984616.124,2026-07-02 09:30:16.125,buffer_pool_pages_dirty,285149,285149,0.000000,enabled
1782984616.124,2026-07-02 09:30:16.125,buffer_pool_pages_flushed,23608485,23608485,0.000000,enabled
1782984616.124,2026-07-02 09:30:16.125,buffer_pool_pages_free,1622,1622,0.000000,enabled
1782984616.124,2026-07-02 09:30:16.125,buffer_pool_pages_lru_flushed,0,0,0.000000,enabled
1782984616.124,2026-07-02 09:30:16.125,buffer_pool_pages_misc,96,96,0.000000,enabled
1782984616.124,2026-07-02 09:30:16.125,buffer_pool_pages_total,786432,786432,0.000000,enabled
1782984616.124,2026-07-02 09:30:16.125,buffer_pool_reads,68539516,68539516,31258.277877,enabled
1782984616.124,2026-07-02 09:30:16.125,buffer_pool_read_ahead,803715,803715,366.543974,enabled
1782984616.124,2026-07-02 09:30:16.125,buffer_pool_read_ahead_evicted,25,25,0.011402,enabled
1782984616.124,2026-07-02 09:30:16.125,buffer_pool_read_requests,2785367313,2785367313,1270300.551846,enabled
1782984616.124,2026-07-02 09:30:16.125,buffer_pool_size,12884901888,12884901888,0.000000,enabled
1782984616.124,2026-07-02 09:30:16.125,buffer_pool_wait_free,18945,18945,8.640097,enabled
1782984616.124,2026-07-02 09:30:16.125,buffer_pool_write_requests,592545754,592545754,270237.678928,enabled
1782984616.124,2026-07-02 09:30:16.125,dml_deletes,12589149,12589149,5741.432926,enabled
1782984616.124,2026-07-02 09:30:16.125,dml_inserts,112474550,112474550,51295.372334,enabled
1782984616.124,2026-07-02 09:30:16.125,dml_system_deletes,468,468,0.213437,enabled
1782984616.124,2026-07-02 09:30:16.125,dml_system_inserts,1202,1202,0.548187,enabled
1782984616.124,2026-07-02 09:30:16.125,dml_system_reads,7661,7661,3.493891,enabled
1782984616.124,2026-07-02 09:30:16.125,dml_system_updates,620,620,0.282758,enabled
1782984616.124,2026-07-02 09:30:16.125,dml_updates,25178412,25178412,11482.917830,enabled
1782984616.124,2026-07-02 09:30:16.125,file_num_open_files,35,35,0.000000,enabled
1782984616.124,2026-07-02 09:30:16.125,ibuf_merges,0,0,0.000000,enabled
1782984616.124,2026-07-02 09:30:16.125,ibuf_merges_delete,0,0,0.000000,enabled
1782984616.124,2026-07-02 09:30:16.125,ibuf_merges_delete_mark,0,0,0.000000,enabled
1782984616.124,2026-07-02 09:30:16.125,ibuf_merges_discard_delete,0,0,0.000000,enabled
1782984616.124,2026-07-02 09:30:16.125,ibuf_merges_discard_delete_mark,0,0,0.000000,enabled
1782984616.124,2026-07-02 09:30:16.125,ibuf_merges_discard_insert,0,0,0.000000,enabled
1782984616.124,2026-07-02 09:30:16.125,ibuf_merges_insert,0,0,0.000000,enabled
1782984616.124,2026-07-02 09:30:16.125,ibuf_size,1,1,0.000456,enabled
1782984616.124,2026-07-02 09:30:16.125,innodb_activity_count,17372261,17372261,7922.828860,enabled
1782984616.124,2026-07-02 09:30:16.125,innodb_dblwr_pages_written,23606435,23606435,10765.998917,enabled
1782984616.124,2026-07-02 09:30:16.125,innodb_dblwr_writes,480612,480612,219.188890,enabled
1782984616.124,2026-07-02 09:30:16.125,innodb_page_size,16384,16384,0.000000,enabled
1782984616.124,2026-07-02 09:30:16.125,innodb_rwlock_sx_os_waits,0,0,0.000000,enabled
1782984616.124,2026-07-02 09:30:16.125,innodb_rwlock_sx_spin_rounds,0,0,0.000000,enabled
1782984616.124,2026-07-02 09:30:16.125,innodb_rwlock_sx_spin_waits,0,0,0.000000,enabled
1782984616.124,2026-07-02 09:30:16.125,innodb_rwlock_s_os_waits,0,0,0.000000,enabled
1782984616.124,2026-07-02 09:30:16.125,innodb_rwlock_s_spin_rounds,0,0,0.000000,enabled
1782984616.124,2026-07-02 09:30:16.125,innodb_rwlock_s_spin_waits,0,0,0.000000,enabled
1782984616.124,2026-07-02 09:30:16.125,innodb_rwlock_x_os_waits,0,0,0.000000,enabled
1782984616.124,2026-07-02 09:30:16.125,innodb_rwlock_x_spin_rounds,0,0,0.000000,enabled
1782984616.124,2026-07-02 09:30:16.125,innodb_rwlock_x_spin_waits,0,0,0.000000,enabled
1782984616.124,2026-07-02 09:30:16.125,lock_deadlocks,0,0,0.000000,enabled
1782984616.124,2026-07-02 09:30:16.125,lock_deadlock_false_positives,0,0,0.000000,enabled
1782984616.124,2026-07-02 09:30:16.125,lock_deadlock_rounds,2429,2429,1.107775,enabled
1782984616.124,2026-07-02 09:30:16.125,lock_rec_grant_attempts,425,425,0.193826,enabled
1782984616.124,2026-07-02 09:30:16.125,lock_rec_release_attempts,38263776,38263776,17450.659537,enabled
1782984616.124,2026-07-02 09:30:16.125,lock_row_lock_current_waits,0,0,0.000000,enabled
1782984616.124,2026-07-02 09:30:16.125,lock_row_lock_time,323,323,0.147308,enabled
1782984616.124,2026-07-02 09:30:16.125,lock_row_lock_time_avg,0,0,0.000000,enabled
1782984616.124,2026-07-02 09:30:16.125,lock_row_lock_time_max,29,29,0.000000,enabled
1782984616.124,2026-07-02 09:30:16.125,lock_row_lock_waits,425,425,0.193826,enabled
1782984616.124,2026-07-02 09:30:16.125,lock_schedule_refreshes,2429,2429,1.107775,enabled
1782984616.124,2026-07-02 09:30:16.125,lock_threads_waiting,0,0,0.000000,enabled
1782984616.124,2026-07-02 09:30:16.125,lock_timeouts,0,0,0.000000,enabled
1782984616.124,2026-07-02 09:30:16.125,log_waits,0,0,0.000000,enabled
1782984616.124,2026-07-02 09:30:16.125,log_writes,190581316,190581316,86916.908781,enabled
1782984616.124,2026-07-02 09:30:16.125,log_write_requests,398712246,398712246,181837.530961,enabled
1782984616.124,2026-07-02 09:30:16.125,os_data_fsyncs,51436062,51436062,23458.037594,enabled
1782984616.124,2026-07-02 09:30:16.125,os_data_reads,69534645,69534645,31712.115122,enabled
1782984616.124,2026-07-02 09:30:16.125,os_data_writes,215003237,215003237,98054.824290,enabled
1782984616.124,2026-07-02 09:30:16.125,os_log_bytes_written,122085606912,122085606912,55678616.113541,enabled
1782984616.124,2026-07-02 09:30:16.125,os_log_fsyncs,45080606,45080606,20559.555025,enabled
1782984616.124,2026-07-02 09:30:16.125,os_log_pending_fsyncs,1,1,0.000456,enabled
1782984616.124,2026-07-02 09:30:16.125,os_log_pending_writes,1,1,0.000456,enabled
1782984616.124,2026-07-02 09:30:16.125,trx_rseg_history_len,794,794,0.000000,enabled
1782984617.196,2026-07-02 09:30:17.198,adaptive_hash_searches,0,0,0.000000,enabled
1782984617.196,2026-07-02 09:30:17.198,adaptive_hash_searches_btree,579013451,579013451,263936.934717,enabled
1782984617.196,2026-07-02 09:30:17.198,buffer_data_reads,1135295351296,1135295351296,517512021.101276,enabled
1782984617.196,2026-07-02 09:30:17.198,buffer_data_written,545049861120,545049861120,248455042.670309,enabled
1782984617.196,2026-07-02 09:30:17.198,buffer_pages0_read,7,7,0.003191,enabled
1782984617.196,2026-07-02 09:30:17.198,buffer_pages_created,1810455,1810455,825.276201,enabled
1782984617.196,2026-07-02 09:30:17.198,buffer_pages_read,69488559,69488559,31675.602863,enabled
1782984617.196,2026-07-02 09:30:17.198,buffer_pages_written,23682035,23682035,10795.197786,enabled
1782984617.196,2026-07-02 09:30:17.198,buffer_pool_bytes_data,12854165504,12854165504,0.000000,enabled
1782984617.196,2026-07-02 09:30:17.198,buffer_pool_bytes_dirty,4676124672,4676124672,0.000000,enabled
1782984617.196,2026-07-02 09:30:17.198,buffer_pool_pages_data,784556,784556,0.000000,enabled
1782984617.196,2026-07-02 09:30:17.198,buffer_pool_pages_dirty,285408,285408,0.000000,enabled
1782984617.196,2026-07-02 09:30:17.198,buffer_pool_pages_flushed,23624965,23624965,0.000000,enabled
1782984617.196,2026-07-02 09:30:17.198,buffer_pool_pages_free,1780,1780,0.000000,enabled
1782984617.196,2026-07-02 09:30:17.198,buffer_pool_pages_lru_flushed,0,0,0.000000,enabled
1782984617.196,2026-07-02 09:30:17.198,buffer_pool_pages_misc,96,96,0.000000,enabled
1782984617.196,2026-07-02 09:30:17.198,buffer_pool_pages_total,786432,786432,0.000000,enabled
1782984617.196,2026-07-02 09:30:17.198,buffer_pool_reads,68597930,68597930,31269.620450,enabled
1782984617.196,2026-07-02 09:30:17.198,buffer_pool_read_ahead,803715,803715,366.364739,enabled
1782984617.196,2026-07-02 09:30:17.198,buffer_pool_read_ahead_evicted,25,25,0.011396,enabled
1782984617.196,2026-07-02 09:30:17.198,buffer_pool_read_requests,2786224362,2786224362,1270070.071205,enabled
1782984617.196,2026-07-02 09:30:17.198,buffer_pool_size,12884901888,12884901888,0.000000,enabled
1782984617.196,2026-07-02 09:30:17.198,buffer_pool_wait_free,18945,18945,8.635872,enabled
1782984617.196,2026-07-02 09:30:17.198,buffer_pool_write_requests,592662728,592662728,270158.858254,enabled
1782984617.196,2026-07-02 09:30:17.198,dml_deletes,12594143,12594143,5740.901813,enabled
1782984617.196,2026-07-02 09:30:17.198,dml_inserts,112479544,112479544,51272.565248,enabled
1782984617.196,2026-07-02 09:30:17.198,dml_system_deletes,468,468,0.213333,enabled
1782984617.196,2026-07-02 09:30:17.198,dml_system_inserts,1202,1202,0.547919,enabled
1782984617.196,2026-07-02 09:30:17.198,dml_system_reads,7661,7661,3.492183,enabled
1782984617.196,2026-07-02 09:30:17.198,dml_system_updates,620,620,0.282620,enabled
1782984617.196,2026-07-02 09:30:17.198,dml_updates,25188398,25188398,11481.854667,enabled
1782984617.196,2026-07-02 09:30:17.198,file_num_open_files,35,35,0.000000,enabled
1782984617.196,2026-07-02 09:30:17.198,ibuf_merges,0,0,0.000000,enabled
1782984617.196,2026-07-02 09:30:17.198,ibuf_merges_delete,0,0,0.000000,enabled
1782984617.196,2026-07-02 09:30:17.198,ibuf_merges_delete_mark,0,0,0.000000,enabled
1782984617.196,2026-07-02 09:30:17.198,ibuf_merges_discard_delete,0,0,0.000000,enabled
1782984617.196,2026-07-02 09:30:17.198,ibuf_merges_discard_delete_mark,0,0,0.000000,enabled
1782984617.196,2026-07-02 09:30:17.198,ibuf_merges_discard_insert,0,0,0.000000,enabled
1782984617.196,2026-07-02 09:30:17.198,ibuf_merges_insert,0,0,0.000000,enabled
1782984617.196,2026-07-02 09:30:17.198,ibuf_size,1,1,0.000456,enabled
1782984617.196,2026-07-02 09:30:17.198,innodb_activity_count,17377998,17377998,7921.569763,enabled
1782984617.196,2026-07-02 09:30:17.198,innodb_dblwr_pages_written,23622912,23622912,10768.245210,enabled
1782984617.196,2026-07-02 09:30:17.198,innodb_dblwr_writes,480968,480968,219.243985,enabled
1782984617.196,2026-07-02 09:30:17.198,innodb_page_size,16384,16384,0.000000,enabled
1782984617.196,2026-07-02 09:30:17.198,innodb_rwlock_sx_os_waits,0,0,0.000000,enabled
1782984617.196,2026-07-02 09:30:17.198,innodb_rwlock_sx_spin_rounds,0,0,0.000000,enabled
1782984617.196,2026-07-02 09:30:17.198,innodb_rwlock_sx_spin_waits,0,0,0.000000,enabled
1782984617.196,2026-07-02 09:30:17.198,innodb_rwlock_s_os_waits,0,0,0.000000,enabled
1782984617.196,2026-07-02 09:30:17.198,innodb_rwlock_s_spin_rounds,0,0,0.000000,enabled
1782984617.196,2026-07-02 09:30:17.198,innodb_rwlock_s_spin_waits,0,0,0.000000,enabled
1782984617.196,2026-07-02 09:30:17.198,innodb_rwlock_x_os_waits,0,0,0.000000,enabled
1782984617.196,2026-07-02 09:30:17.198,innodb_rwlock_x_spin_rounds,0,0,0.000000,enabled
1782984617.196,2026-07-02 09:30:17.198,innodb_rwlock_x_spin_waits,0,0,0.000000,enabled
1782984617.196,2026-07-02 09:30:17.198,lock_deadlocks,0,0,0.000000,enabled
1782984617.196,2026-07-02 09:30:17.198,lock_deadlock_false_positives,0,0,0.000000,enabled
1782984617.196,2026-07-02 09:30:17.198,lock_deadlock_rounds,2431,2431,1.108145,enabled
1782984617.196,2026-07-02 09:30:17.198,lock_rec_grant_attempts,425,425,0.193732,enabled
1782984617.196,2026-07-02 09:30:17.198,lock_rec_release_attempts,38278951,38278951,17449.043801,enabled
1782984617.196,2026-07-02 09:30:17.198,lock_row_lock_current_waits,0,0,0.000000,enabled
1782984617.196,2026-07-02 09:30:17.198,lock_row_lock_time,323,323,0.147236,enabled
1782984617.196,2026-07-02 09:30:17.198,lock_row_lock_time_avg,0,0,0.000000,enabled
1782984617.196,2026-07-02 09:30:17.198,lock_row_lock_time_max,29,29,0.000000,enabled
1782984617.196,2026-07-02 09:30:17.198,lock_row_lock_waits,425,425,0.193732,enabled
1782984617.196,2026-07-02 09:30:17.198,lock_schedule_refreshes,2431,2431,1.108145,enabled
1782984617.196,2026-07-02 09:30:17.198,lock_threads_waiting,0,0,0.000000,enabled
1782984617.196,2026-07-02 09:30:17.198,lock_timeouts,0,0,0.000000,enabled
1782984617.196,2026-07-02 09:30:17.198,log_waits,0,0,0.000000,enabled
1782984617.196,2026-07-02 09:30:17.198,log_writes,190659133,190659133,86909.879814,enabled
1782984617.196,2026-07-02 09:30:17.198,log_write_requests,398797033,398797033,181787.264509,enabled
1782984617.196,2026-07-02 09:30:17.198,os_data_fsyncs,51470624,51470624,23462.321742,enabled
1782984617.196,2026-07-02 09:30:17.198,os_data_reads,69592943,69592943,31723.182966,enabled
1782984617.196,2026-07-02 09:30:17.198,os_data_writes,215097825,215097825,98049.994111,enabled
1782984617.196,2026-07-02 09:30:17.198,os_log_bytes_written,122126539776,122126539776,55670049.055101,enabled
1782984617.196,2026-07-02 09:30:17.198,os_log_fsyncs,45110178,45110178,20562.981841,enabled
1782984617.196,2026-07-02 09:30:17.198,os_log_pending_fsyncs,0,0,0.000000,enabled
1782984617.196,2026-07-02 09:30:17.198,os_log_pending_writes,0,0,0.000000,enabled
1782984617.196,2026-07-02 09:30:17.198,trx_rseg_history_len,920,920,0.000000,enabled
1782984618.268,2026-07-02 09:30:18.270,adaptive_hash_searches,0,0,0.000000,enabled
1782984618.268,2026-07-02 09:30:18.270,adaptive_hash_searches_btree,579184962,579184962,263886.200081,enabled
1782984618.268,2026-07-02 09:30:18.270,buffer_data_reads,1136240839168,1136240839168,517690095.093963,enabled
1782984618.268,2026-07-02 09:30:18.270,buffer_data_written,545365860352,545365860352,248477694.165557,enabled
1782984618.268,2026-07-02 09:30:18.270,buffer_pages0_read,7,7,0.003189,enabled
1782984618.268,2026-07-02 09:30:18.270,buffer_pages_created,1810499,1810499,824.893259,enabled
1782984618.268,2026-07-02 09:30:18.270,buffer_pages_read,69546439,69546439,31686.506479,enabled
1782984618.268,2026-07-02 09:30:18.270,buffer_pages_written,23698334,23698334,10797.352497,enabled
1782984618.268,2026-07-02 09:30:18.270,buffer_pool_bytes_data,12851150848,12851150848,0.000000,enabled
1782984618.268,2026-07-02 09:30:18.270,buffer_pool_bytes_dirty,4679778304,4679778304,0.000000,enabled
1782984618.268,2026-07-02 09:30:18.270,buffer_pool_pages_data,784372,784372,0.000000,enabled
1782984618.268,2026-07-02 09:30:18.270,buffer_pool_pages_dirty,285631,285631,0.000000,enabled
1782984618.268,2026-07-02 09:30:18.270,buffer_pool_pages_flushed,23641264,23641264,0.000000,enabled
1782984618.268,2026-07-02 09:30:18.270,buffer_pool_pages_free,1963,1963,0.000000,enabled
1782984618.268,2026-07-02 09:30:18.270,buffer_pool_pages_lru_flushed,0,0,0.000000,enabled
1782984618.268,2026-07-02 09:30:18.270,buffer_pool_pages_misc,96,96,0.000000,enabled
1782984618.268,2026-07-02 09:30:18.270,buffer_pool_pages_total,786432,786432,0.000000,enabled
1782984618.268,2026-07-02 09:30:18.270,buffer_pool_reads,68655750,68655750,31280.695079,enabled
1782984618.268,2026-07-02 09:30:18.270,buffer_pool_read_ahead,803715,803715,366.185841,enabled
1782984618.268,2026-07-02 09:30:18.270,buffer_pool_read_ahead_evicted,25,25,0.011390,enabled
1782984618.268,2026-07-02 09:30:18.270,buffer_pool_read_requests,2787074128,2787074128,1269837.056573,enabled
1782984618.268,2026-07-02 09:30:18.270,buffer_pool_size,12884901888,12884901888,0.000000,enabled
1782984618.268,2026-07-02 09:30:18.270,buffer_pool_wait_free,18945,18945,8.631655,enabled
1782984618.268,2026-07-02 09:30:18.270,buffer_pool_write_requests,592779047,592779047,270079.935056,enabled
1782984618.268,2026-07-02 09:30:18.270,dml_deletes,12599090,12599090,5740.352559,enabled
1782984618.268,2026-07-02 09:30:18.270,dml_inserts,112484492,112484492,51249.784097,enabled
1782984618.268,2026-07-02 09:30:18.270,dml_system_deletes,468,468,0.213228,enabled
1782984618.268,2026-07-02 09:30:18.270,dml_system_inserts,1202,1202,0.547651,enabled
1782984618.268,2026-07-02 09:30:18.270,dml_system_reads,7661,7661,3.490478,enabled
1782984618.268,2026-07-02 09:30:18.270,dml_system_updates,620,620,0.282482,enabled
1782984618.268,2026-07-02 09:30:18.270,dml_updates,25198292,25198292,11480.756136,enabled
1782984618.268,2026-07-02 09:30:18.270,file_num_open_files,35,35,0.000000,enabled
1782984618.268,2026-07-02 09:30:18.270,ibuf_merges,0,0,0.000000,enabled
1782984618.268,2026-07-02 09:30:18.270,ibuf_merges_delete,0,0,0.000000,enabled
1782984618.268,2026-07-02 09:30:18.270,ibuf_merges_delete_mark,0,0,0.000000,enabled
1782984618.268,2026-07-02 09:30:18.270,ibuf_merges_discard_delete,0,0,0.000000,enabled
1782984618.268,2026-07-02 09:30:18.270,ibuf_merges_discard_delete_mark,0,0,0.000000,enabled
1782984618.268,2026-07-02 09:30:18.270,ibuf_merges_discard_insert,0,0,0.000000,enabled
1782984618.268,2026-07-02 09:30:18.270,ibuf_merges_insert,0,0,0.000000,enabled
1782984618.268,2026-07-02 09:30:18.270,ibuf_size,1,1,0.000456,enabled
1782984618.268,2026-07-02 09:30:18.270,innodb_activity_count,17383677,17383677,7920.289213,enabled
1782984618.268,2026-07-02 09:30:18.270,innodb_dblwr_pages_written,23639211,23639211,10770.413325,enabled
1782984618.268,2026-07-02 09:30:18.270,innodb_dblwr_writes,481340,481340,219.306421,enabled
1782984618.268,2026-07-02 09:30:18.270,innodb_page_size,16384,16384,0.000000,enabled
1782984618.268,2026-07-02 09:30:18.270,innodb_rwlock_sx_os_waits,0,0,0.000000,enabled
1782984618.268,2026-07-02 09:30:18.270,innodb_rwlock_sx_spin_rounds,0,0,0.000000,enabled
1782984618.268,2026-07-02 09:30:18.270,innodb_rwlock_sx_spin_waits,0,0,0.000000,enabled
1782984618.268,2026-07-02 09:30:18.270,innodb_rwlock_s_os_waits,0,0,0.000000,enabled
1782984618.268,2026-07-02 09:30:18.270,innodb_rwlock_s_spin_rounds,0,0,0.000000,enabled
1782984618.268,2026-07-02 09:30:18.270,innodb_rwlock_s_spin_waits,0,0,0.000000,enabled
1782984618.268,2026-07-02 09:30:18.270,innodb_rwlock_x_os_waits,0,0,0.000000,enabled
1782984618.268,2026-07-02 09:30:18.270,innodb_rwlock_x_spin_rounds,0,0,0.000000,enabled
1782984618.268,2026-07-02 09:30:18.270,innodb_rwlock_x_spin_waits,0,0,0.000000,enabled
1782984618.268,2026-07-02 09:30:18.270,lock_deadlocks,0,0,0.000000,enabled
1782984618.268,2026-07-02 09:30:18.270,lock_deadlock_false_positives,0,0,0.000000,enabled
1782984618.268,2026-07-02 09:30:18.270,lock_deadlock_rounds,2432,2432,1.108059,enabled
1782984618.268,2026-07-02 09:30:18.270,lock_rec_grant_attempts,425,425,0.193637,enabled
1782984618.268,2026-07-02 09:30:18.270,lock_rec_release_attempts,38293980,38293980,17447.370801,enabled
1782984618.268,2026-07-02 09:30:18.270,lock_row_lock_current_waits,0,0,0.000000,enabled
1782984618.268,2026-07-02 09:30:18.270,lock_row_lock_time,323,323,0.147164,enabled
1782984618.268,2026-07-02 09:30:18.270,lock_row_lock_time_avg,0,0,0.000000,enabled
1782984618.268,2026-07-02 09:30:18.270,lock_row_lock_time_max,29,29,0.000000,enabled
1782984618.268,2026-07-02 09:30:18.270,lock_row_lock_waits,425,425,0.193637,enabled
1782984618.268,2026-07-02 09:30:18.270,lock_schedule_refreshes,2432,2432,1.108059,enabled
1782984618.268,2026-07-02 09:30:18.270,lock_threads_waiting,0,0,0.000000,enabled
1782984618.268,2026-07-02 09:30:18.270,lock_timeouts,0,0,0.000000,enabled
1782984618.268,2026-07-02 09:30:18.270,log_waits,0,0,0.000000,enabled
1782984618.268,2026-07-02 09:30:18.270,log_writes,190740825,190740825,86904.661797,enabled
1782984618.268,2026-07-02 09:30:18.270,log_write_requests,398881053,398881053,181736.778400,enabled
1782984618.268,2026-07-02 09:30:18.270,os_data_fsyncs,51506091,51506091,23467.024281,enabled
1782984618.268,2026-07-02 09:30:18.270,os_data_reads,69650647,69650647,31733.983210,enabled
1782984618.268,2026-07-02 09:30:18.270,os_data_writes,215196090,215196090,98046.886797,enabled
1782984618.268,2026-07-02 09:30:18.270,os_log_bytes_written,122169219584,122169219584,55662310.629426,enabled
1782984618.268,2026-07-02 09:30:18.270,os_log_fsyncs,45140536,45140536,20566.772407,enabled
1782984618.268,2026-07-02 09:30:18.270,os_log_pending_fsyncs,1,1,0.000456,enabled
1782984618.268,2026-07-02 09:30:18.270,os_log_pending_writes,0,0,0.000000,enabled
1782984618.268,2026-07-02 09:30:18.270,trx_rseg_history_len,1026,1026,0.000000,enabled
1782984619.340,2026-07-02 09:30:19.342,adaptive_hash_searches,0,0,0.000000,enabled
1782984619.340,2026-07-02 09:30:19.342,adaptive_hash_searches_btree,579355246,579355246,263835.141913,enabled
1782984619.340,2026-07-02 09:30:19.342,buffer_data_reads,1137187326464,1137187326464,517868815.875534,enabled
1782984619.340,2026-07-02 09:30:19.342,buffer_data_written,545680460800,545680460800,248499862.113959,enabled
1782984619.340,2026-07-02 09:30:19.342,buffer_pages0_read,7,7,0.003188,enabled
1782984619.340,2026-07-02 09:30:19.342,buffer_pages_created,1810542,1810542,824.510816,enabled
1782984619.340,2026-07-02 09:30:19.342,buffer_pages_read,69604384,69604384,31697.451377,enabled
1782984619.340,2026-07-02 09:30:19.342,buffer_pages_written,23714595,23714595,10799.495399,enabled
1782984619.340,2026-07-02 09:30:19.342,buffer_pool_bytes_data,12855066624,12855066624,0.000000,enabled
1782984619.340,2026-07-02 09:30:19.342,buffer_pool_bytes_dirty,4684906496,4684906496,0.000000,enabled
1782984619.340,2026-07-02 09:30:19.342,buffer_pool_pages_data,784611,784611,0.000000,enabled
1782984619.340,2026-07-02 09:30:19.342,buffer_pool_pages_dirty,285944,285944,0.000000,enabled
1782984619.340,2026-07-02 09:30:19.342,buffer_pool_pages_flushed,23657525,23657525,0.000000,enabled
1782984619.340,2026-07-02 09:30:19.342,buffer_pool_pages_free,1725,1725,0.000000,enabled
1782984619.340,2026-07-02 09:30:19.342,buffer_pool_pages_lru_flushed,0,0,0.000000,enabled
1782984619.340,2026-07-02 09:30:19.342,buffer_pool_pages_misc,96,96,0.000000,enabled
1782984619.340,2026-07-02 09:30:19.342,buffer_pool_pages_total,786432,786432,0.000000,enabled
1782984619.340,2026-07-02 09:30:19.342,buffer_pool_reads,68713626,68713626,31291.806207,enabled
1782984619.340,2026-07-02 09:30:19.342,buffer_pool_read_ahead,803715,803715,366.007373,enabled
1782984619.340,2026-07-02 09:30:19.342,buffer_pool_read_ahead_evicted,25,25,0.011385,enabled
1782984619.340,2026-07-02 09:30:19.342,buffer_pool_read_requests,2787918419,2787918419,1269602.661366,enabled
1782984619.340,2026-07-02 09:30:19.342,buffer_pool_size,12884901888,12884901888,0.000000,enabled
1782984619.340,2026-07-02 09:30:19.342,buffer_pool_wait_free,18945,18945,8.627448,enabled
1782984619.340,2026-07-02 09:30:19.342,buffer_pool_write_requests,592894494,592894494,270000.880155,enabled
1782984619.340,2026-07-02 09:30:19.342,dml_deletes,12604004,12604004,5739.792801,enabled
1782984619.340,2026-07-02 09:30:19.342,dml_inserts,112489405,112489405,51227.044800,enabled
1782984619.340,2026-07-02 09:30:19.342,dml_system_deletes,468,468,0.213125,enabled
1782984619.340,2026-07-02 09:30:19.342,dml_system_inserts,1202,1202,0.547384,enabled
1782984619.340,2026-07-02 09:30:19.342,dml_system_reads,7661,7661,3.488776,enabled
1782984619.340,2026-07-02 09:30:19.342,dml_system_updates,620,620,0.282345,enabled
1782984619.340,2026-07-02 09:30:19.342,dml_updates,25208118,25208118,11479.635684,enabled
1782984619.340,2026-07-02 09:30:19.342,file_num_open_files,35,35,0.000000,enabled
1782984619.340,2026-07-02 09:30:19.342,ibuf_merges,0,0,0.000000,enabled
1782984619.340,2026-07-02 09:30:19.342,ibuf_merges_delete,0,0,0.000000,enabled
1782984619.340,2026-07-02 09:30:19.342,ibuf_merges_delete_mark,0,0,0.000000,enabled
1782984619.340,2026-07-02 09:30:19.342,ibuf_merges_discard_delete,0,0,0.000000,enabled
1782984619.340,2026-07-02 09:30:19.342,ibuf_merges_discard_delete_mark,0,0,0.000000,enabled
1782984619.340,2026-07-02 09:30:19.342,ibuf_merges_discard_insert,0,0,0.000000,enabled
1782984619.340,2026-07-02 09:30:19.342,ibuf_merges_insert,0,0,0.000000,enabled
1782984619.340,2026-07-02 09:30:19.342,ibuf_size,1,1,0.000455,enabled
1782984619.340,2026-07-02 09:30:19.342,innodb_activity_count,17389331,17389331,7919.004036,enabled
1782984619.340,2026-07-02 09:30:19.342,innodb_dblwr_pages_written,23655472,23655472,10772.569507,enabled
1782984619.340,2026-07-02 09:30:19.342,innodb_dblwr_writes,481675,481675,219.352098,enabled
1782984619.340,2026-07-02 09:30:19.342,innodb_page_size,16384,16384,0.000000,enabled
1782984619.340,2026-07-02 09:30:19.342,innodb_rwlock_sx_os_waits,0,0,0.000000,enabled
1782984619.340,2026-07-02 09:30:19.342,innodb_rwlock_sx_spin_rounds,0,0,0.000000,enabled
1782984619.340,2026-07-02 09:30:19.342,innodb_rwlock_sx_spin_waits,0,0,0.000000,enabled
1782984619.340,2026-07-02 09:30:19.342,innodb_rwlock_s_os_waits,0,0,0.000000,enabled
1782984619.340,2026-07-02 09:30:19.342,innodb_rwlock_s_spin_rounds,0,0,0.000000,enabled
1782984619.340,2026-07-02 09:30:19.342,innodb_rwlock_s_spin_waits,0,0,0.000000,enabled
1782984619.340,2026-07-02 09:30:19.342,innodb_rwlock_x_os_waits,0,0,0.000000,enabled
1782984619.340,2026-07-02 09:30:19.342,innodb_rwlock_x_spin_rounds,0,0,0.000000,enabled
1782984619.340,2026-07-02 09:30:19.342,innodb_rwlock_x_spin_waits,0,0,0.000000,enabled
1782984619.340,2026-07-02 09:30:19.342,lock_deadlocks,0,0,0.000000,enabled
1782984619.340,2026-07-02 09:30:19.342,lock_deadlock_false_positives,0,0,0.000000,enabled
1782984619.340,2026-07-02 09:30:19.342,lock_deadlock_rounds,2433,2433,1.107975,enabled
1782984619.340,2026-07-02 09:30:19.342,lock_rec_grant_attempts,425,425,0.193543,enabled
1782984619.340,2026-07-02 09:30:19.342,lock_rec_release_attempts,38308915,38308915,17445.668769,enabled
1782984619.340,2026-07-02 09:30:19.342,lock_row_lock_current_waits,0,0,0.000000,enabled
1782984619.340,2026-07-02 09:30:19.342,lock_row_lock_time,323,323,0.147092,enabled
1782984619.340,2026-07-02 09:30:19.342,lock_row_lock_time_avg,0,0,0.000000,enabled
1782984619.340,2026-07-02 09:30:19.342,lock_row_lock_time_max,29,29,0.000000,enabled
1782984619.340,2026-07-02 09:30:19.342,lock_row_lock_waits,425,425,0.193543,enabled
1782984619.340,2026-07-02 09:30:19.342,lock_schedule_refreshes,2433,2433,1.107975,enabled
1782984619.340,2026-07-02 09:30:19.342,lock_threads_waiting,0,0,0.000000,enabled
1782984619.340,2026-07-02 09:30:19.342,lock_timeouts,0,0,0.000000,enabled
1782984619.340,2026-07-02 09:30:19.342,log_waits,0,0,0.000000,enabled
1782984619.340,2026-07-02 09:30:19.342,log_writes,190821251,190821251,86898.934170,enabled
1782984619.340,2026-07-02 09:30:19.342,log_write_requests,398964461,398964461,181686.192051,enabled
1782984619.340,2026-07-02 09:30:19.342,os_data_fsyncs,51540888,51540888,23471.433799,enabled
1782984619.340,2026-07-02 09:30:19.342,os_data_reads,69708413,69708413,31744.823702,enabled
1782984619.340,2026-07-02 09:30:19.342,os_data_writes,215293047,215293047,98043.256517,enabled
1782984619.340,2026-07-02 09:30:19.342,os_log_bytes_written,122211451392,122211451392,55654415.302543,enabled
1782984619.340,2026-07-02 09:30:19.342,os_log_fsyncs,45170489,45170489,20570.389467,enabled
1782984619.340,2026-07-02 09:30:19.342,os_log_pending_fsyncs,0,0,0.000000,enabled
1782984619.340,2026-07-02 09:30:19.342,os_log_pending_writes,0,0,0.000000,enabled
1782984619.340,2026-07-02 09:30:19.342,trx_rseg_history_len,1127,1127,0.000000,enabled
1782984620.410,2026-07-02 09:30:20.411,adaptive_hash_searches,0,0,0.000000,enabled
1782984620.410,2026-07-02 09:30:20.411,adaptive_hash_searches_btree,579521238,579521238,263782.264300,enabled
1782984620.410,2026-07-02 09:30:20.411,buffer_data_reads,1138105584128,1138105584128,518034697.696820,enabled
1782984620.410,2026-07-02 09:30:20.411,buffer_data_written,546048792064,546048792064,248546553.666866,enabled
1782984620.410,2026-07-02 09:30:20.411,buffer_pages0_read,7,7,0.003186,enabled
1782984620.410,2026-07-02 09:30:20.411,buffer_pages_created,1810581,1810581,824.127219,enabled
1782984620.410,2026-07-02 09:30:20.411,buffer_pages_read,69660576,69660576,31707.599021,enabled
1782984620.410,2026-07-02 09:30:20.411,buffer_pages_written,23734177,23734177,10803.151701,enabled
1782984620.410,2026-07-02 09:30:20.411,buffer_pool_bytes_data,12849037312,12849037312,0.000000,enabled
1782984620.410,2026-07-02 09:30:20.411,buffer_pool_bytes_dirty,4625907712,4625907712,0.000000,enabled
1782984620.410,2026-07-02 09:30:20.411,buffer_pool_pages_data,784243,784243,0.000000,enabled
1782984620.410,2026-07-02 09:30:20.411,buffer_pool_pages_dirty,282343,282343,0.000000,enabled
1782984620.410,2026-07-02 09:30:20.411,buffer_pool_pages_flushed,23673570,23673570,0.000000,enabled
1782984620.410,2026-07-02 09:30:20.411,buffer_pool_pages_free,2093,2093,0.000000,enabled
1782984620.410,2026-07-02 09:30:20.411,buffer_pool_pages_lru_flushed,0,0,0.000000,enabled
1782984620.410,2026-07-02 09:30:20.411,buffer_pool_pages_misc,96,96,0.000000,enabled
1782984620.410,2026-07-02 09:30:20.411,buffer_pool_pages_total,786432,786432,0.000000,enabled
1782984620.410,2026-07-02 09:30:20.411,buffer_pool_reads,68769772,68769772,31302.130428,enabled
1782984620.410,2026-07-02 09:30:20.411,buffer_pool_read_ahead,803715,803715,365.829212,enabled
1782984620.410,2026-07-02 09:30:20.411,buffer_pool_read_ahead_evicted,25,25,0.011379,enabled
1782984620.410,2026-07-02 09:30:20.411,buffer_pool_read_requests,2788741086,2788741086,1269359.112138,enabled
1782984620.410,2026-07-02 09:30:20.411,buffer_pool_size,12884901888,12884901888,0.000000,enabled
1782984620.410,2026-07-02 09:30:20.411,buffer_pool_wait_free,18945,18945,8.623249,enabled
1782984620.410,2026-07-02 09:30:20.411,buffer_pool_write_requests,593006872,593006872,269920.603073,enabled
1782984620.410,2026-07-02 09:30:20.411,dml_deletes,12608797,12608797,5739.180396,enabled
1782984620.410,2026-07-02 09:30:20.411,dml_inserts,112494199,112494199,51204.290309,enabled
1782984620.410,2026-07-02 09:30:20.411,dml_system_deletes,468,468,0.213021,enabled
1782984620.410,2026-07-02 09:30:20.411,dml_system_inserts,1202,1202,0.547118,enabled
1782984620.410,2026-07-02 09:30:20.411,dml_system_reads,7661,7661,3.487078,enabled
1782984620.410,2026-07-02 09:30:20.411,dml_system_updates,620,620,0.282207,enabled
1782984620.410,2026-07-02 09:30:20.411,dml_updates,25217707,25217707,11478.412215,enabled
1782984620.410,2026-07-02 09:30:20.411,file_num_open_files,35,35,0.000000,enabled
1782984620.410,2026-07-02 09:30:20.411,ibuf_merges,0,0,0.000000,enabled
1782984620.410,2026-07-02 09:30:20.411,ibuf_merges_delete,0,0,0.000000,enabled
1782984620.410,2026-07-02 09:30:20.411,ibuf_merges_delete_mark,0,0,0.000000,enabled
1782984620.410,2026-07-02 09:30:20.411,ibuf_merges_discard_delete,0,0,0.000000,enabled
1782984620.410,2026-07-02 09:30:20.411,ibuf_merges_discard_delete_mark,0,0,0.000000,enabled
1782984620.410,2026-07-02 09:30:20.411,ibuf_merges_discard_insert,0,0,0.000000,enabled
1782984620.410,2026-07-02 09:30:20.411,ibuf_merges_insert,0,0,0.000000,enabled
1782984620.410,2026-07-02 09:30:20.411,ibuf_size,1,1,0.000455,enabled
1782984620.410,2026-07-02 09:30:20.411,innodb_activity_count,17394831,17394831,7917.652619,enabled
1782984620.410,2026-07-02 09:30:20.411,innodb_dblwr_pages_written,23675051,23675051,10776.237396,enabled
1782984620.410,2026-07-02 09:30:20.411,innodb_dblwr_writes,482066,482066,219.423293,enabled
1782984620.410,2026-07-02 09:30:20.411,innodb_page_size,16384,16384,0.000000,enabled
1782984620.410,2026-07-02 09:30:20.411,innodb_rwlock_sx_os_waits,0,0,0.000000,enabled
1782984620.410,2026-07-02 09:30:20.411,innodb_rwlock_sx_spin_rounds,0,0,0.000000,enabled
1782984620.410,2026-07-02 09:30:20.411,innodb_rwlock_sx_spin_waits,0,0,0.000000,enabled
1782984620.410,2026-07-02 09:30:20.411,innodb_rwlock_s_os_waits,0,0,0.000000,enabled
1782984620.410,2026-07-02 09:30:20.411,innodb_rwlock_s_spin_rounds,0,0,0.000000,enabled
1782984620.410,2026-07-02 09:30:20.411,innodb_rwlock_s_spin_waits,0,0,0.000000,enabled
1782984620.410,2026-07-02 09:30:20.411,innodb_rwlock_x_os_waits,0,0,0.000000,enabled
1782984620.410,2026-07-02 09:30:20.411,innodb_rwlock_x_spin_rounds,0,0,0.000000,enabled
1782984620.410,2026-07-02 09:30:20.411,innodb_rwlock_x_spin_waits,0,0,0.000000,enabled
1782984620.410,2026-07-02 09:30:20.411,lock_deadlocks,0,0,0.000000,enabled
1782984620.410,2026-07-02 09:30:20.411,lock_deadlock_false_positives,0,0,0.000000,enabled
1782984620.410,2026-07-02 09:30:20.411,lock_deadlock_rounds,2434,2434,1.107891,enabled
1782984620.410,2026-07-02 09:30:20.411,lock_rec_grant_attempts,425,425,0.193448,enabled
1782984620.410,2026-07-02 09:30:20.411,lock_rec_release_attempts,38323495,38323495,17443.813180,enabled
1782984620.410,2026-07-02 09:30:20.411,lock_row_lock_current_waits,0,0,0.000000,enabled
1782984620.410,2026-07-02 09:30:20.411,lock_row_lock_time,323,323,0.147021,enabled
1782984620.410,2026-07-02 09:30:20.411,lock_row_lock_time_avg,0,0,0.000000,enabled
1782984620.410,2026-07-02 09:30:20.411,lock_row_lock_time_max,29,29,0.000000,enabled
1782984620.410,2026-07-02 09:30:20.411,lock_row_lock_waits,425,425,0.193448,enabled
1782984620.410,2026-07-02 09:30:20.411,lock_schedule_refreshes,2434,2434,1.107891,enabled
1782984620.410,2026-07-02 09:30:20.411,lock_threads_waiting,0,0,0.000000,enabled
1782984620.410,2026-07-02 09:30:20.411,lock_timeouts,0,0,0.000000,enabled
1782984620.410,2026-07-02 09:30:20.411,log_waits,0,0,0.000000,enabled
1782984620.410,2026-07-02 09:30:20.411,log_writes,190900240,190900240,86892.586475,enabled
1782984620.410,2026-07-02 09:30:20.411,log_write_requests,399045903,399045903,181634.819644,enabled
1782984620.410,2026-07-02 09:30:20.411,os_data_fsyncs,51574635,51574635,23475.369059,enabled
1782984620.410,2026-07-02 09:30:20.411,os_data_reads,69764471,69764471,31754.887010,enabled
1782984620.410,2026-07-02 09:30:20.411,os_data_writes,215391945,215391945,98040.546605,enabled
1782984620.410,2026-07-02 09:30:20.411,os_log_bytes_written,122253005312,122253005312,55646237.965570,enabled
1782984620.410,2026-07-02 09:30:20.411,os_log_fsyncs,45199047,45199047,20573.374999,enabled
1782984620.410,2026-07-02 09:30:20.411,os_log_pending_fsyncs,1,1,0.000455,enabled
1782984620.410,2026-07-02 09:30:20.411,os_log_pending_writes,0,0,0.000000,enabled
1782984620.410,2026-07-02 09:30:20.411,trx_rseg_history_len,1178,1178,0.000000,enabled
1782984621.480,2026-07-02 09:30:21.481,adaptive_hash_searches,0,0,0.000000,enabled
1782984621.480,2026-07-02 09:30:21.481,adaptive_hash_searches_btree,579691809,579691809,263731.375794,enabled
1782984621.480,2026-07-02 09:30:21.481,buffer_data_reads,1139053382144,1139053382144,518213551.714693,enabled
1782984621.480,2026-07-02 09:30:21.481,buffer_data_written,546365208064,546365208064,248569434.299842,enabled
1782984621.480,2026-07-02 09:30:21.481,buffer_pages0_read,7,7,0.003185,enabled
1782984621.480,2026-07-02 09:30:21.481,buffer_pages_created,1810612,1810612,823.739868,enabled
1782984621.480,2026-07-02 09:30:21.481,buffer_pages_read,69718580,69718580,31718.542428,enabled
1782984621.480,2026-07-02 09:30:21.481,buffer_pages_written,23750551,23750551,10805.338578,enabled
1782984621.480,2026-07-02 09:30:21.481,buffer_pool_bytes_data,12848709632,12848709632,0.000000,enabled
1782984621.480,2026-07-02 09:30:21.481,buffer_pool_bytes_dirty,4627988480,4627988480,0.000000,enabled
1782984621.480,2026-07-02 09:30:21.481,buffer_pool_pages_data,784222,784222,0.000000,enabled
1782984621.480,2026-07-02 09:30:21.481,buffer_pool_pages_dirty,282470,282470,0.000000,enabled
1782984621.480,2026-07-02 09:30:21.481,buffer_pool_pages_flushed,23693481,23693481,0.000000,enabled
1782984621.480,2026-07-02 09:30:21.481,buffer_pool_pages_free,2112,2112,0.000000,enabled
1782984621.480,2026-07-02 09:30:21.481,buffer_pool_pages_lru_flushed,0,0,0.000000,enabled
1782984621.480,2026-07-02 09:30:21.481,buffer_pool_pages_misc,97,97,0.000000,enabled
1782984621.480,2026-07-02 09:30:21.481,buffer_pool_pages_total,786432,786432,0.000000,enabled
1782984621.480,2026-07-02 09:30:21.481,buffer_pool_reads,68827728,68827728,31313.249388,enabled
1782984621.480,2026-07-02 09:30:21.481,buffer_pool_read_ahead,803715,803715,365.651006,enabled
1782984621.480,2026-07-02 09:30:21.481,buffer_pool_read_ahead_evicted,25,25,0.011374,enabled
1782984621.480,2026-07-02 09:30:21.481,buffer_pool_read_requests,2789589923,2789589923,1269126.950058,enabled
1782984621.480,2026-07-02 09:30:21.481,buffer_pool_size,12884901888,12884901888,0.000000,enabled
1782984621.480,2026-07-02 09:30:21.481,buffer_pool_wait_free,18945,18945,8.619048,enabled
1782984621.480,2026-07-02 09:30:21.481,buffer_pool_write_requests,593124602,593124602,269842.678421,enabled
1782984621.480,2026-07-02 09:30:21.481,dml_deletes,12613722,12613722,5738.625439,enabled
1782984621.480,2026-07-02 09:30:21.481,dml_inserts,112499124,112499124,51181.589034,enabled
1782984621.480,2026-07-02 09:30:21.481,dml_system_deletes,468,468,0.212917,enabled
1782984621.480,2026-07-02 09:30:21.481,dml_system_inserts,1202,1202,0.546851,enabled
1782984621.480,2026-07-02 09:30:21.481,dml_system_reads,7661,7661,3.485380,enabled
1782984621.480,2026-07-02 09:30:21.481,dml_system_updates,620,620,0.282070,enabled
1782984621.480,2026-07-02 09:30:21.481,dml_updates,25227561,25227561,11477.304098,enabled
1782984621.480,2026-07-02 09:30:21.481,file_num_open_files,35,35,0.000000,enabled
1782984621.480,2026-07-02 09:30:21.481,ibuf_merges,0,0,0.000000,enabled
1782984621.480,2026-07-02 09:30:21.481,ibuf_merges_delete,0,0,0.000000,enabled
1782984621.480,2026-07-02 09:30:21.481,ibuf_merges_delete_mark,0,0,0.000000,enabled
1782984621.480,2026-07-02 09:30:21.481,ibuf_merges_discard_delete,0,0,0.000000,enabled
1782984621.480,2026-07-02 09:30:21.481,ibuf_merges_discard_delete_mark,0,0,0.000000,enabled
1782984621.480,2026-07-02 09:30:21.481,ibuf_merges_discard_insert,0,0,0.000000,enabled
1782984621.480,2026-07-02 09:30:21.481,ibuf_merges_insert,0,0,0.000000,enabled
1782984621.480,2026-07-02 09:30:21.481,ibuf_size,1,1,0.000455,enabled
1782984621.480,2026-07-02 09:30:21.481,innodb_activity_count,17400498,17400498,7916.374092,enabled
1782984621.480,2026-07-02 09:30:21.481,innodb_dblwr_pages_written,23691428,23691428,10778.438966,enabled
1782984621.480,2026-07-02 09:30:21.481,innodb_dblwr_writes,482463,482463,219.497027,enabled
1782984621.480,2026-07-02 09:30:21.481,innodb_page_size,16384,16384,0.000000,enabled
1782984621.480,2026-07-02 09:30:21.481,innodb_rwlock_sx_os_waits,0,0,0.000000,enabled
1782984621.480,2026-07-02 09:30:21.481,innodb_rwlock_sx_spin_rounds,0,0,0.000000,enabled
1782984621.480,2026-07-02 09:30:21.481,innodb_rwlock_sx_spin_waits,0,0,0.000000,enabled
1782984621.480,2026-07-02 09:30:21.481,innodb_rwlock_s_os_waits,0,0,0.000000,enabled
1782984621.480,2026-07-02 09:30:21.481,innodb_rwlock_s_spin_rounds,0,0,0.000000,enabled
1782984621.480,2026-07-02 09:30:21.481,innodb_rwlock_s_spin_waits,0,0,0.000000,enabled
1782984621.480,2026-07-02 09:30:21.481,innodb_rwlock_x_os_waits,0,0,0.000000,enabled
1782984621.480,2026-07-02 09:30:21.481,innodb_rwlock_x_spin_rounds,0,0,0.000000,enabled
1782984621.480,2026-07-02 09:30:21.481,innodb_rwlock_x_spin_waits,0,0,0.000000,enabled
1782984621.480,2026-07-02 09:30:21.481,lock_deadlocks,0,0,0.000000,enabled
1782984621.480,2026-07-02 09:30:21.481,lock_deadlock_false_positives,0,0,0.000000,enabled
1782984621.480,2026-07-02 09:30:21.481,lock_deadlock_rounds,2435,2435,1.107806,enabled
1782984621.480,2026-07-02 09:30:21.481,lock_rec_grant_attempts,425,425,0.193354,enabled
1782984621.480,2026-07-02 09:30:21.481,lock_rec_release_attempts,38338473,38338473,17442.129995,enabled
1782984621.480,2026-07-02 09:30:21.481,lock_row_lock_current_waits,0,0,0.000000,enabled
1782984621.480,2026-07-02 09:30:21.481,lock_row_lock_time,323,323,0.146949,enabled
1782984621.480,2026-07-02 09:30:21.481,lock_row_lock_time_avg,0,0,0.000000,enabled
1782984621.480,2026-07-02 09:30:21.481,lock_row_lock_time_max,29,29,0.000000,enabled
1782984621.480,2026-07-02 09:30:21.481,lock_row_lock_waits,425,425,0.193354,enabled
1782984621.480,2026-07-02 09:30:21.481,lock_schedule_refreshes,2435,2435,1.107806,enabled
1782984621.480,2026-07-02 09:30:21.481,lock_threads_waiting,0,0,0.000000,enabled
1782984621.480,2026-07-02 09:30:21.481,lock_timeouts,0,0,0.000000,enabled
1782984621.480,2026-07-02 09:30:21.481,log_waits,0,0,0.000000,enabled
1782984621.480,2026-07-02 09:30:21.481,log_writes,190981603,190981603,86887.276396,enabled
1782984621.480,2026-07-02 09:30:21.481,log_write_requests,399130726,399130726,181584.933750,enabled
1782984621.480,2026-07-02 09:30:21.481,os_data_fsyncs,51609738,51609738,23479.904090,enabled
1782984621.480,2026-07-02 09:30:21.481,os_data_reads,69822324,69822324,31765.739112,enabled
1782984621.480,2026-07-02 09:30:21.481,os_data_writes,215489985,215489985,98037.393318,enabled
1782984621.480,2026-07-02 09:30:21.481,os_log_bytes_written,122295525888,122295525888,55638476.857557,enabled
1782984621.480,2026-07-02 09:30:21.481,os_log_fsyncs,45228900,45228900,20576.935142,enabled
1782984621.480,2026-07-02 09:30:21.481,os_log_pending_fsyncs,1,1,0.000455,enabled
1782984621.480,2026-07-02 09:30:21.481,os_log_pending_writes,0,0,0.000000,enabled
1782984621.480,2026-07-02 09:30:21.481,trx_rseg_history_len,74,74,0.000000,enabled
1782984622.550,2026-07-02 09:30:22.551,adaptive_hash_searches,0,0,0.000000,enabled
1782984622.550,2026-07-02 09:30:22.551,adaptive_hash_searches_btree,579861983,579861983,263680.921188,enabled
1782984622.550,2026-07-02 09:30:22.551,buffer_data_reads,1139998935552,1139998935552,518392339.707201,enabled
1782984622.550,2026-07-02 09:30:22.551,buffer_data_written,546678624768,546678624768,248591469.954323,enabled
1782984622.550,2026-07-02 09:30:22.551,buffer_pages0_read,7,7,0.003183,enabled
1782984622.550,2026-07-02 09:30:22.551,buffer_pages_created,1810650,1810650,823.357873,enabled
1782984622.550,2026-07-02 09:30:22.551,buffer_pages_read,69776467,69776467,31729.491081,enabled
1782984622.550,2026-07-02 09:30:22.551,buffer_pages_written,23766702,23766702,10807.445465,enabled
1782984622.550,2026-07-02 09:30:22.551,buffer_pool_bytes_data,12851101696,12851101696,0.000000,enabled
1782984622.550,2026-07-02 09:30:22.551,buffer_pool_bytes_dirty,4632395776,4632395776,0.000000,enabled
1782984622.550,2026-07-02 09:30:22.551,buffer_pool_pages_data,784370,784370,0.000000,enabled
1782984622.550,2026-07-02 09:30:22.551,buffer_pool_pages_dirty,282739,282739,0.000000,enabled
1782984622.550,2026-07-02 09:30:22.551,buffer_pool_pages_flushed,23709620,23709620,0.000000,enabled
1782984622.550,2026-07-02 09:30:22.551,buffer_pool_pages_free,1967,1967,0.000000,enabled
1782984622.550,2026-07-02 09:30:22.551,buffer_pool_pages_lru_flushed,0,0,0.000000,enabled
1782984622.550,2026-07-02 09:30:22.551,buffer_pool_pages_misc,97,97,0.000000,enabled
1782984622.550,2026-07-02 09:30:22.551,buffer_pool_pages_total,786432,786432,0.000000,enabled
1782984622.550,2026-07-02 09:30:22.551,buffer_pool_reads,68885554,68885554,31324.366823,enabled
1782984622.550,2026-07-02 09:30:22.551,buffer_pool_read_ahead,803715,803715,365.473771,enabled
1782984622.550,2026-07-02 09:30:22.551,buffer_pool_read_ahead_evicted,25,25,0.011368,enabled
1782984622.550,2026-07-02 09:30:22.551,buffer_pool_read_requests,2790433012,2790433012,1268895.170781,enabled
1782984622.550,2026-07-02 09:30:22.551,buffer_pool_size,12884901888,12884901888,0.000000,enabled
1782984622.550,2026-07-02 09:30:22.551,buffer_pool_wait_free,18945,18945,8.614870,enabled
1782984622.550,2026-07-02 09:30:22.551,buffer_pool_write_requests,593239412,593239412,269764.090804,enabled
1782984622.550,2026-07-02 09:30:22.551,dml_deletes,12618638,12618638,5738.079221,enabled
1782984622.550,2026-07-02 09:30:22.551,dml_inserts,112504039,112504039,51159.014871,enabled
1782984622.550,2026-07-02 09:30:22.551,dml_system_deletes,468,468,0.212814,enabled
1782984622.550,2026-07-02 09:30:22.551,dml_system_inserts,1202,1202,0.546586,enabled
1782984622.550,2026-07-02 09:30:22.551,dml_system_reads,7661,7661,3.483690,enabled
1782984622.550,2026-07-02 09:30:22.551,dml_system_updates,620,620,0.281933,enabled
1782984622.550,2026-07-02 09:30:22.551,dml_updates,25237393,25237393,11476.211634,enabled
1782984622.550,2026-07-02 09:30:22.551,file_num_open_files,35,35,0.000000,enabled
1782984622.550,2026-07-02 09:30:22.551,ibuf_merges,0,0,0.000000,enabled
1782984622.550,2026-07-02 09:30:22.551,ibuf_merges_delete,0,0,0.000000,enabled
1782984622.550,2026-07-02 09:30:22.551,ibuf_merges_delete_mark,0,0,0.000000,enabled
1782984622.550,2026-07-02 09:30:22.551,ibuf_merges_discard_delete,0,0,0.000000,enabled
1782984622.550,2026-07-02 09:30:22.551,ibuf_merges_discard_delete_mark,0,0,0.000000,enabled
1782984622.550,2026-07-02 09:30:22.551,ibuf_merges_discard_insert,0,0,0.000000,enabled
1782984622.550,2026-07-02 09:30:22.551,ibuf_merges_insert,0,0,0.000000,enabled
1782984622.550,2026-07-02 09:30:22.551,ibuf_size,1,1,0.000455,enabled
1782984622.550,2026-07-02 09:30:22.551,innodb_activity_count,17406144,17406144,7915.104210,enabled
1782984622.550,2026-07-02 09:30:22.551,innodb_dblwr_pages_written,23707567,23707567,10780.553244,enabled
1782984622.550,2026-07-02 09:30:22.551,innodb_dblwr_writes,482836,482836,219.560245,enabled
1782984622.550,2026-07-02 09:30:22.551,innodb_page_size,16384,16384,0.000000,enabled
1782984622.550,2026-07-02 09:30:22.551,innodb_rwlock_sx_os_waits,0,0,0.000000,enabled
1782984622.550,2026-07-02 09:30:22.551,innodb_rwlock_sx_spin_rounds,0,0,0.000000,enabled
1782984622.550,2026-07-02 09:30:22.551,innodb_rwlock_sx_spin_waits,0,0,0.000000,enabled
1782984622.550,2026-07-02 09:30:22.551,innodb_rwlock_s_os_waits,0,0,0.000000,enabled
1782984622.550,2026-07-02 09:30:22.551,innodb_rwlock_s_spin_rounds,0,0,0.000000,enabled
1782984622.550,2026-07-02 09:30:22.551,innodb_rwlock_s_spin_waits,0,0,0.000000,enabled
1782984622.550,2026-07-02 09:30:22.551,innodb_rwlock_x_os_waits,0,0,0.000000,enabled
1782984622.550,2026-07-02 09:30:22.551,innodb_rwlock_x_spin_rounds,0,0,0.000000,enabled
1782984622.550,2026-07-02 09:30:22.551,innodb_rwlock_x_spin_waits,0,0,0.000000,enabled
1782984622.550,2026-07-02 09:30:22.551,lock_deadlocks,0,0,0.000000,enabled
1782984622.550,2026-07-02 09:30:22.551,lock_deadlock_false_positives,0,0,0.000000,enabled
1782984622.550,2026-07-02 09:30:22.551,lock_deadlock_rounds,2436,2436,1.107724,enabled
1782984622.550,2026-07-02 09:30:22.551,lock_rec_grant_attempts,425,425,0.193260,enabled
1782984622.550,2026-07-02 09:30:22.551,lock_rec_release_attempts,38353416,38353416,17440.470699,enabled
1782984622.550,2026-07-02 09:30:22.551,lock_row_lock_current_waits,0,0,0.000000,enabled
1782984622.550,2026-07-02 09:30:22.551,lock_row_lock_time,323,323,0.146878,enabled
1782984622.550,2026-07-02 09:30:22.551,lock_row_lock_time_avg,0,0,0.000000,enabled
1782984622.550,2026-07-02 09:30:22.551,lock_row_lock_time_max,29,29,0.000000,enabled
1782984622.550,2026-07-02 09:30:22.551,lock_row_lock_waits,425,425,0.193260,enabled
1782984622.550,2026-07-02 09:30:22.551,lock_schedule_refreshes,2436,2436,1.107724,enabled
1782984622.550,2026-07-02 09:30:22.551,lock_threads_waiting,0,0,0.000000,enabled
1782984622.550,2026-07-02 09:30:22.551,lock_timeouts,0,0,0.000000,enabled
1782984622.550,2026-07-02 09:30:22.551,log_waits,0,0,0.000000,enabled
1782984622.550,2026-07-02 09:30:22.551,log_writes,191063072,191063072,86882.206356,enabled
1782984622.550,2026-07-02 09:30:22.551,log_write_requests,399214224,399214224,181534.884005,enabled
1782984622.550,2026-07-02 09:30:22.551,os_data_fsyncs,51644919,51644919,23484.520720,enabled
1782984622.550,2026-07-02 09:30:22.551,os_data_reads,69880045,69880045,31776.589058,enabled
1782984622.550,2026-07-02 09:30:22.551,os_data_writes,215587907,215587907,98034.400521,enabled
1782984622.550,2026-07-02 09:30:22.551,os_log_bytes_written,122338152448,122338152448,55630891.218448,enabled
1782984622.550,2026-07-02 09:30:22.551,os_log_fsyncs,45259008,45259008,20580.652054,enabled
1782984622.550,2026-07-02 09:30:22.551,os_log_pending_fsyncs,1,1,0.000455,enabled
1782984622.550,2026-07-02 09:30:22.551,os_log_pending_writes,0,0,0.000000,enabled
1782984622.550,2026-07-02 09:30:22.551,trx_rseg_history_len,139,139,0.000000,enabled
1782984623.617,2026-07-02 09:30:23.618,adaptive_hash_searches,0,0,0.000000,enabled
1782984623.617,2026-07-02 09:30:23.618,adaptive_hash_searches_btree,580032446,580032446,263629.798837,enabled
1782984623.617,2026-07-02 09:30:23.618,buffer_data_reads,1140948027904,1140948027904,518570884.662643,enabled
1782984623.617,2026-07-02 09:30:23.618,buffer_data_written,546995579392,546995579392,248614287.717178,enabled
1782984623.617,2026-07-02 09:30:23.618,buffer_pages0_read,7,7,0.003182,enabled
1782984623.617,2026-07-02 09:30:23.618,buffer_pages_created,1810688,1810688,822.973583,enabled
1782984623.617,2026-07-02 09:30:23.618,buffer_pages_read,69834586,69834586,31740.431834,enabled
1782984623.617,2026-07-02 09:30:23.618,buffer_pages_written,23783105,23783105,10809.629855,enabled
1782984623.617,2026-07-02 09:30:23.618,buffer_pool_bytes_data,12853444608,12853444608,0.000000,enabled
1782984623.617,2026-07-02 09:30:23.618,buffer_pool_bytes_dirty,4634656768,4634656768,0.000000,enabled
1782984623.617,2026-07-02 09:30:23.618,buffer_pool_pages_data,784512,784512,0.000000,enabled
1782984623.617,2026-07-02 09:30:23.618,buffer_pool_pages_dirty,282877,282877,0.000000,enabled
1782984623.617,2026-07-02 09:30:23.618,buffer_pool_pages_flushed,23726035,23726035,0.000000,enabled
1782984623.617,2026-07-02 09:30:23.618,buffer_pool_pages_free,1824,1824,0.000000,enabled
1782984623.617,2026-07-02 09:30:23.618,buffer_pool_pages_lru_flushed,0,0,0.000000,enabled
1782984623.617,2026-07-02 09:30:23.618,buffer_pool_pages_misc,96,96,0.000000,enabled
1782984623.617,2026-07-02 09:30:23.618,buffer_pool_pages_total,786432,786432,0.000000,enabled
1782984623.617,2026-07-02 09:30:23.618,buffer_pool_reads,68943601,68943601,31335.472421,enabled
1782984623.617,2026-07-02 09:30:23.618,buffer_pool_read_ahead,803715,803715,365.295525,enabled
1782984623.617,2026-07-02 09:30:23.618,buffer_pool_read_ahead_evicted,25,25,0.011363,enabled
1782984623.617,2026-07-02 09:30:23.618,buffer_pool_read_requests,2791277067,2791277067,1268659.945540,enabled
1782984623.617,2026-07-02 09:30:23.618,buffer_pool_size,12884901888,12884901888,0.000000,enabled
1782984623.617,2026-07-02 09:30:23.618,buffer_pool_wait_free,18945,18945,8.610669,enabled
1782984623.617,2026-07-02 09:30:23.618,buffer_pool_write_requests,593353927,593353927,269684.571607,enabled
1782984623.617,2026-07-02 09:30:23.618,dml_deletes,12623571,12623571,5737.522822,enabled
1782984623.617,2026-07-02 09:30:23.618,dml_inserts,112508972,112508972,51136.306443,enabled
1782984623.617,2026-07-02 09:30:23.618,dml_system_deletes,468,468,0.212710,enabled
1782984623.617,2026-07-02 09:30:23.618,dml_system_inserts,1202,1202,0.546319,enabled
1782984623.617,2026-07-02 09:30:23.618,dml_system_reads,7661,7661,3.481991,enabled
1782984623.617,2026-07-02 09:30:23.618,dml_system_updates,620,620,0.281795,enabled
1782984623.617,2026-07-02 09:30:23.618,dml_updates,25247252,25247252,11475.095628,enabled
1782984623.617,2026-07-02 09:30:23.618,file_num_open_files,35,35,0.000000,enabled
1782984623.617,2026-07-02 09:30:23.618,ibuf_merges,0,0,0.000000,enabled
1782984623.617,2026-07-02 09:30:23.618,ibuf_merges_delete,0,0,0.000000,enabled
1782984623.617,2026-07-02 09:30:23.618,ibuf_merges_delete_mark,0,0,0.000000,enabled
1782984623.617,2026-07-02 09:30:23.618,ibuf_merges_discard_delete,0,0,0.000000,enabled
1782984623.617,2026-07-02 09:30:23.618,ibuf_merges_discard_delete_mark,0,0,0.000000,enabled
1782984623.617,2026-07-02 09:30:23.618,ibuf_merges_discard_insert,0,0,0.000000,enabled
1782984623.617,2026-07-02 09:30:23.618,ibuf_merges_insert,0,0,0.000000,enabled
1782984623.617,2026-07-02 09:30:23.618,ibuf_size,1,1,0.000455,enabled
1782984623.617,2026-07-02 09:30:23.618,innodb_activity_count,17411811,17411811,7913.819666,enabled
1782984623.617,2026-07-02 09:30:23.618,innodb_dblwr_pages_written,23723982,23723982,10782.756265,enabled
1782984623.617,2026-07-02 09:30:23.618,innodb_dblwr_writes,483208,483208,219.622241,enabled
1782984623.617,2026-07-02 09:30:23.618,innodb_page_size,16384,16384,0.000000,enabled
1782984623.617,2026-07-02 09:30:23.618,innodb_rwlock_sx_os_waits,0,0,0.000000,enabled
1782984623.617,2026-07-02 09:30:23.618,innodb_rwlock_sx_spin_rounds,0,0,0.000000,enabled
1782984623.617,2026-07-02 09:30:23.618,innodb_rwlock_sx_spin_waits,0,0,0.000000,enabled
1782984623.617,2026-07-02 09:30:23.618,innodb_rwlock_s_os_waits,0,0,0.000000,enabled
1782984623.617,2026-07-02 09:30:23.618,innodb_rwlock_s_spin_rounds,0,0,0.000000,enabled
1782984623.617,2026-07-02 09:30:23.618,innodb_rwlock_s_spin_waits,0,0,0.000000,enabled
1782984623.617,2026-07-02 09:30:23.618,innodb_rwlock_x_os_waits,0,0,0.000000,enabled
1782984623.617,2026-07-02 09:30:23.618,innodb_rwlock_x_spin_rounds,0,0,0.000000,enabled
1782984623.617,2026-07-02 09:30:23.618,innodb_rwlock_x_spin_waits,0,0,0.000000,enabled
1782984623.617,2026-07-02 09:30:23.618,lock_deadlocks,0,0,0.000000,enabled
1782984623.617,2026-07-02 09:30:23.618,lock_deadlock_false_positives,0,0,0.000000,enabled
1782984623.617,2026-07-02 09:30:23.618,lock_deadlock_rounds,2437,2437,1.107638,enabled
1782984623.617,2026-07-02 09:30:23.618,lock_rec_grant_attempts,425,425,0.193166,enabled
1782984623.617,2026-07-02 09:30:23.618,lock_rec_release_attempts,38368396,38368396,17438.773303,enabled
1782984623.617,2026-07-02 09:30:23.618,lock_row_lock_current_waits,0,0,0.000000,enabled
1782984623.617,2026-07-02 09:30:23.618,lock_row_lock_time,323,323,0.146806,enabled
1782984623.617,2026-07-02 09:30:23.618,lock_row_lock_time_avg,0,0,0.000000,enabled
1782984623.617,2026-07-02 09:30:23.618,lock_row_lock_time_max,29,29,0.000000,enabled
1782984623.617,2026-07-02 09:30:23.618,lock_row_lock_waits,425,425,0.193166,enabled
1782984623.617,2026-07-02 09:30:23.618,lock_schedule_refreshes,2437,2437,1.107638,enabled
1782984623.617,2026-07-02 09:30:23.618,lock_threads_waiting,0,0,0.000000,enabled
1782984623.617,2026-07-02 09:30:23.618,lock_timeouts,0,0,0.000000,enabled
1782984623.617,2026-07-02 09:30:23.618,log_waits,0,0,0.000000,enabled
1782984623.617,2026-07-02 09:30:23.618,log_writes,191143518,191143518,86876.396630,enabled
1782984623.617,2026-07-02 09:30:23.618,log_write_requests,399297890,399297890,181484.374950,enabled
1782984623.617,2026-07-02 09:30:23.618,os_data_fsyncs,51679894,51679894,23488.963555,enabled
1782984623.617,2026-07-02 09:30:23.618,os_data_reads,69938005,69938005,31787.434643,enabled
1782984623.617,2026-07-02 09:30:23.618,os_data_writes,215685012,215685012,98030.723322,enabled
1782984623.617,2026-07-02 09:30:23.618,os_log_bytes_written,122380277760,122380277760,55622905.859609,enabled
1782984623.617,2026-07-02 09:30:23.618,os_log_fsyncs,45288968,45288968,20584.231769,enabled
1782984623.617,2026-07-02 09:30:23.618,os_log_pending_fsyncs,1,1,0.000455,enabled
1782984623.617,2026-07-02 09:30:23.618,os_log_pending_writes,0,0,0.000000,enabled
1782984623.617,2026-07-02 09:30:23.618,trx_rseg_history_len,261,261,0.000000,enabled
1782984624.690,2026-07-02 09:30:24.691,adaptive_hash_searches,0,0,0.000000,enabled
1782984624.690,2026-07-02 09:30:24.691,adaptive_hash_searches_btree,580205054,580205054,263580.035495,enabled
1782984624.690,2026-07-02 09:30:24.691,buffer_data_reads,1141905558016,1141905558016,518753741.868456,enabled
1782984624.690,2026-07-02 09:30:24.691,buffer_data_written,547313297408,547313297408,248637743.092507,enabled
1782984624.690,2026-07-02 09:30:24.691,buffer_pages0_read,7,7,0.003180,enabled
1782984624.690,2026-07-02 09:30:24.691,buffer_pages_created,1810723,1810723,822.589341,enabled
1782984624.690,2026-07-02 09:30:24.691,buffer_pages_read,69893187,69893187,31751.620884,enabled
1782984624.690,2026-07-02 09:30:24.691,buffer_pages_written,23799514,23799514,10811.828464,enabled
1782984624.690,2026-07-02 09:30:24.691,buffer_pool_bytes_data,12859801600,12859801600,0.000000,enabled
1782984624.690,2026-07-02 09:30:24.691,buffer_pool_bytes_dirty,4640489472,4640489472,0.000000,enabled
1782984624.690,2026-07-02 09:30:24.691,buffer_pool_pages_data,784901,784901,0.000000,enabled
1782984624.690,2026-07-02 09:30:24.691,buffer_pool_pages_dirty,283233,283233,0.000000,enabled
1782984624.690,2026-07-02 09:30:24.691,buffer_pool_pages_flushed,23742444,23742444,0.000000,enabled
1782984624.690,2026-07-02 09:30:24.691,buffer_pool_pages_free,1436,1436,0.000000,enabled
1782984624.690,2026-07-02 09:30:24.691,buffer_pool_pages_lru_flushed,0,0,0.000000,enabled
1782984624.690,2026-07-02 09:30:24.691,buffer_pool_pages_misc,96,96,0.000000,enabled
1782984624.690,2026-07-02 09:30:24.691,buffer_pool_pages_total,786432,786432,0.000000,enabled
1782984624.690,2026-07-02 09:30:24.691,buffer_pool_reads,69002139,69002139,31346.829816,enabled
1782984624.690,2026-07-02 09:30:24.691,buffer_pool_read_ahead,803715,803715,365.117914,enabled
1782984624.690,2026-07-02 09:30:24.691,buffer_pool_read_ahead_evicted,25,25,0.011357,enabled
1782984624.690,2026-07-02 09:30:24.691,buffer_pool_read_requests,2792131716,2792131716,1268431.362581,enabled
1782984624.690,2026-07-02 09:30:24.691,buffer_pool_size,12884901888,12884901888,0.000000,enabled
1782984624.690,2026-07-02 09:30:24.691,buffer_pool_wait_free,18945,18945,8.606482,enabled
1782984624.690,2026-07-02 09:30:24.691,buffer_pool_write_requests,593469839,593469839,269606.104801,enabled
1782984624.690,2026-07-02 09:30:24.691,dml_deletes,12628552,12628552,5736.996011,enabled
1782984624.690,2026-07-02 09:30:24.691,dml_inserts,112513954,112513954,51113.706944,enabled
1782984624.690,2026-07-02 09:30:24.691,dml_system_deletes,468,468,0.212607,enabled
1782984624.690,2026-07-02 09:30:24.691,dml_system_inserts,1202,1202,0.546054,enabled
1782984624.690,2026-07-02 09:30:24.691,dml_system_reads,7661,7661,3.480298,enabled
1782984624.690,2026-07-02 09:30:24.691,dml_system_updates,620,620,0.281658,enabled
1782984624.690,2026-07-02 09:30:24.691,dml_updates,25257218,25257218,11474.043799,enabled
1782984624.690,2026-07-02 09:30:24.691,file_num_open_files,35,35,0.000000,enabled
1782984624.690,2026-07-02 09:30:24.691,ibuf_merges,0,0,0.000000,enabled
1782984624.690,2026-07-02 09:30:24.691,ibuf_merges_delete,0,0,0.000000,enabled
1782984624.690,2026-07-02 09:30:24.691,ibuf_merges_delete_mark,0,0,0.000000,enabled
1782984624.690,2026-07-02 09:30:24.691,ibuf_merges_discard_delete,0,0,0.000000,enabled
1782984624.690,2026-07-02 09:30:24.691,ibuf_merges_discard_delete_mark,0,0,0.000000,enabled
1782984624.690,2026-07-02 09:30:24.691,ibuf_merges_discard_insert,0,0,0.000000,enabled
1782984624.690,2026-07-02 09:30:24.691,ibuf_merges_insert,0,0,0.000000,enabled
1782984624.690,2026-07-02 09:30:24.691,ibuf_size,1,1,0.000454,enabled
1782984624.690,2026-07-02 09:30:24.691,innodb_activity_count,17417543,17417543,7912.575925,enabled
1782984624.690,2026-07-02 09:30:24.691,innodb_dblwr_pages_written,23740391,23740391,10784.968056,enabled
1782984624.690,2026-07-02 09:30:24.691,innodb_dblwr_writes,483559,483559,219.674915,enabled
1782984624.690,2026-07-02 09:30:24.691,innodb_page_size,16384,16384,0.000000,enabled
1782984624.690,2026-07-02 09:30:24.691,innodb_rwlock_sx_os_waits,0,0,0.000000,enabled
1782984624.690,2026-07-02 09:30:24.691,innodb_rwlock_sx_spin_rounds,0,0,0.000000,enabled
1782984624.690,2026-07-02 09:30:24.691,innodb_rwlock_sx_spin_waits,0,0,0.000000,enabled
1782984624.690,2026-07-02 09:30:24.691,innodb_rwlock_s_os_waits,0,0,0.000000,enabled
1782984624.690,2026-07-02 09:30:24.691,innodb_rwlock_s_spin_rounds,0,0,0.000000,enabled
1782984624.690,2026-07-02 09:30:24.691,innodb_rwlock_s_spin_waits,0,0,0.000000,enabled
1782984624.690,2026-07-02 09:30:24.691,innodb_rwlock_x_os_waits,0,0,0.000000,enabled
1782984624.690,2026-07-02 09:30:24.691,innodb_rwlock_x_spin_rounds,0,0,0.000000,enabled
1782984624.690,2026-07-02 09:30:24.691,innodb_rwlock_x_spin_waits,0,0,0.000000,enabled
1782984624.690,2026-07-02 09:30:24.691,lock_deadlocks,0,0,0.000000,enabled
1782984624.690,2026-07-02 09:30:24.691,lock_deadlock_false_positives,0,0,0.000000,enabled
1782984624.690,2026-07-02 09:30:24.691,lock_deadlock_rounds,2438,2438,1.107554,enabled
1782984624.690,2026-07-02 09:30:24.691,lock_rec_grant_attempts,425,425,0.193072,enabled
1782984624.690,2026-07-02 09:30:24.691,lock_rec_release_attempts,38383533,38383533,17437.170906,enabled
1782984624.690,2026-07-02 09:30:24.691,lock_row_lock_current_waits,0,0,0.000000,enabled
1782984624.690,2026-07-02 09:30:24.691,lock_row_lock_time,323,323,0.146735,enabled
1782984624.690,2026-07-02 09:30:24.691,lock_row_lock_time_avg,0,0,0.000000,enabled
1782984624.690,2026-07-02 09:30:24.691,lock_row_lock_time_max,29,29,0.000000,enabled
1782984624.690,2026-07-02 09:30:24.691,lock_row_lock_waits,425,425,0.193072,enabled
1782984624.690,2026-07-02 09:30:24.691,lock_schedule_refreshes,2438,2438,1.107554,enabled
1782984624.690,2026-07-02 09:30:24.691,lock_threads_waiting,0,0,0.000000,enabled
1782984624.690,2026-07-02 09:30:24.691,lock_timeouts,0,0,0.000000,enabled
1782984624.690,2026-07-02 09:30:24.691,log_waits,0,0,0.000000,enabled
1782984624.690,2026-07-02 09:30:24.691,log_writes,191225595,191225595,86871.443589,enabled
1782984624.690,2026-07-02 09:30:24.691,log_write_requests,399382460,399382460,181434.555720,enabled
1782984624.690,2026-07-02 09:30:24.691,os_data_fsyncs,51715626,51715626,23493.775591,enabled
1782984624.690,2026-07-02 09:30:24.691,os_data_reads,69996424,69996424,31798.518308,enabled
1782984624.690,2026-07-02 09:30:24.691,os_data_writes,215783750,215783750,98027.915236,enabled
1782984624.690,2026-07-02 09:30:24.691,os_log_bytes_written,122423057408,122423057408,55615295.710135,enabled
1782984624.690,2026-07-02 09:30:24.691,os_log_fsyncs,45319605,45319605,20588.141524,enabled
1782984624.690,2026-07-02 09:30:24.691,os_log_pending_fsyncs,1,1,0.000454,enabled
1782984624.690,2026-07-02 09:30:24.691,os_log_pending_writes,1,1,0.000454,enabled
1782984624.690,2026-07-02 09:30:24.691,trx_rseg_history_len,415,415,0.000000,enabled
1782984625.760,2026-07-02 09:30:25.762,adaptive_hash_searches,0,0,0.000000,enabled
1782984625.760,2026-07-02 09:30:25.762,adaptive_hash_searches_btree,580376601,580376601,263529.496021,enabled
1782984625.760,2026-07-02 09:30:25.762,buffer_data_reads,1142858992128,1142858992128,518933892.354830,enabled
1782984625.760,2026-07-02 09:30:25.762,buffer_data_written,547629609984,547629609984,248660216.884913,enabled
1782984625.760,2026-07-02 09:30:25.762,buffer_pages0_read,7,7,0.003178,enabled
1782984625.760,2026-07-02 09:30:25.762,buffer_pages_created,1810764,1810764,822.207136,enabled
1782984625.760,2026-07-02 09:30:25.762,buffer_pages_read,69951546,69951546,31762.648201,enabled
1782984625.760,2026-07-02 09:30:25.762,buffer_pages_written,23815842,23815842,10813.974198,enabled
1782984625.760,2026-07-02 09:30:25.762,buffer_pool_bytes_data,12854476800,12854476800,0.000000,enabled
1782984625.760,2026-07-02 09:30:25.762,buffer_pool_bytes_dirty,4645601280,4645601280,0.000000,enabled
1782984625.760,2026-07-02 09:30:25.762,buffer_pool_pages_data,784575,784575,0.000000,enabled
1782984625.760,2026-07-02 09:30:25.762,buffer_pool_pages_dirty,283545,283545,0.000000,enabled
1782984625.760,2026-07-02 09:30:25.762,buffer_pool_pages_flushed,23758772,23758772,0.000000,enabled
1782984625.760,2026-07-02 09:30:25.762,buffer_pool_pages_free,1760,1760,0.000000,enabled
1782984625.760,2026-07-02 09:30:25.762,buffer_pool_pages_lru_flushed,0,0,0.000000,enabled
1782984625.760,2026-07-02 09:30:25.762,buffer_pool_pages_misc,97,97,0.000000,enabled
1782984625.760,2026-07-02 09:30:25.762,buffer_pool_pages_total,786432,786432,0.000000,enabled
1782984625.760,2026-07-02 09:30:25.762,buffer_pool_reads,69060436,69060436,31358.026216,enabled
1782984625.760,2026-07-02 09:30:25.762,buffer_pool_read_ahead,803715,803715,364.940004,enabled
1782984625.760,2026-07-02 09:30:25.762,buffer_pool_read_ahead_evicted,25,25,0.011352,enabled
1782984625.760,2026-07-02 09:30:25.762,buffer_pool_read_requests,2792982067,2792982067,1268199.413077,enabled
1782984625.760,2026-07-02 09:30:25.762,buffer_pool_size,12884901888,12884901888,0.000000,enabled
1782984625.760,2026-07-02 09:30:25.762,buffer_pool_wait_free,18945,18945,8.602289,enabled
1782984625.760,2026-07-02 09:30:25.762,buffer_pool_write_requests,593585796,593585796,269527.386657,enabled
1782984625.760,2026-07-02 09:30:25.762,dml_deletes,12633508,12633508,5736.450944,enabled
1782984625.760,2026-07-02 09:30:25.762,dml_inserts,112518910,112518910,51091.051527,enabled
1782984625.760,2026-07-02 09:30:25.762,dml_system_deletes,468,468,0.212503,enabled
1782984625.760,2026-07-02 09:30:25.762,dml_system_inserts,1202,1202,0.545788,enabled
1782984625.760,2026-07-02 09:30:25.762,dml_system_reads,7661,7661,3.478602,enabled
1782984625.760,2026-07-02 09:30:25.762,dml_system_updates,620,620,0.281521,enabled
1782984625.760,2026-07-02 09:30:25.762,dml_updates,25267130,25267130,11472.953640,enabled
1782984625.760,2026-07-02 09:30:25.762,file_num_open_files,35,35,0.000000,enabled
1782984625.760,2026-07-02 09:30:25.762,ibuf_merges,0,0,0.000000,enabled
1782984625.760,2026-07-02 09:30:25.762,ibuf_merges_delete,0,0,0.000000,enabled
1782984625.760,2026-07-02 09:30:25.762,ibuf_merges_delete_mark,0,0,0.000000,enabled
1782984625.760,2026-07-02 09:30:25.762,ibuf_merges_discard_delete,0,0,0.000000,enabled
1782984625.760,2026-07-02 09:30:25.762,ibuf_merges_discard_delete_mark,0,0,0.000000,enabled
1782984625.760,2026-07-02 09:30:25.762,ibuf_merges_discard_insert,0,0,0.000000,enabled
1782984625.760,2026-07-02 09:30:25.762,ibuf_merges_insert,0,0,0.000000,enabled
1782984625.760,2026-07-02 09:30:25.762,ibuf_size,1,1,0.000454,enabled
1782984625.760,2026-07-02 09:30:25.762,innodb_activity_count,17423237,17423237,7911.305875,enabled
1782984625.760,2026-07-02 09:30:25.762,innodb_dblwr_pages_written,23756591,23756591,10787.068821,enabled
1782984625.760,2026-07-02 09:30:25.762,innodb_dblwr_writes,483934,483934,219.738150,enabled
1782984625.760,2026-07-02 09:30:25.762,innodb_page_size,16384,16384,0.000000,enabled
1782984625.760,2026-07-02 09:30:25.762,innodb_rwlock_sx_os_waits,0,0,0.000000,enabled
1782984625.760,2026-07-02 09:30:25.762,innodb_rwlock_sx_spin_rounds,0,0,0.000000,enabled
1782984625.760,2026-07-02 09:30:25.762,innodb_rwlock_sx_spin_waits,0,0,0.000000,enabled
1782984625.760,2026-07-02 09:30:25.762,innodb_rwlock_s_os_waits,0,0,0.000000,enabled
1782984625.760,2026-07-02 09:30:25.762,innodb_rwlock_s_spin_rounds,0,0,0.000000,enabled
1782984625.760,2026-07-02 09:30:25.762,innodb_rwlock_s_spin_waits,0,0,0.000000,enabled
1782984625.760,2026-07-02 09:30:25.762,innodb_rwlock_x_os_waits,0,0,0.000000,enabled
1782984625.760,2026-07-02 09:30:25.762,innodb_rwlock_x_spin_rounds,0,0,0.000000,enabled
1782984625.760,2026-07-02 09:30:25.762,innodb_rwlock_x_spin_waits,0,0,0.000000,enabled
1782984625.760,2026-07-02 09:30:25.762,lock_deadlocks,0,0,0.000000,enabled
1782984625.760,2026-07-02 09:30:25.762,lock_deadlock_false_positives,0,0,0.000000,enabled
1782984625.760,2026-07-02 09:30:25.762,lock_deadlock_rounds,2439,2439,1.107468,enabled
1782984625.760,2026-07-02 09:30:25.762,lock_rec_grant_attempts,425,425,0.192978,enabled
1782984625.760,2026-07-02 09:30:25.762,lock_rec_release_attempts,38398602,38398602,17435.516650,enabled
1782984625.760,2026-07-02 09:30:25.762,lock_row_lock_current_waits,0,0,0.000000,enabled
1782984625.760,2026-07-02 09:30:25.762,lock_row_lock_time,323,323,0.146663,enabled
1782984625.760,2026-07-02 09:30:25.762,lock_row_lock_time_avg,0,0,0.000000,enabled
1782984625.760,2026-07-02 09:30:25.762,lock_row_lock_time_max,29,29,0.000000,enabled
1782984625.760,2026-07-02 09:30:25.762,lock_row_lock_waits,425,425,0.192978,enabled
1782984625.760,2026-07-02 09:30:25.762,lock_schedule_refreshes,2439,2439,1.107468,enabled
1782984625.760,2026-07-02 09:30:25.762,lock_threads_waiting,0,0,0.000000,enabled
1782984625.760,2026-07-02 09:30:25.762,lock_timeouts,0,0,0.000000,enabled
1782984625.760,2026-07-02 09:30:25.762,log_waits,0,0,0.000000,enabled
1782984625.760,2026-07-02 09:30:25.762,log_writes,191306937,191306937,86866.048887,enabled
1782984625.760,2026-07-02 09:30:25.762,log_write_requests,399466581,399466581,181384.345625,enabled
1782984625.760,2026-07-02 09:30:25.762,os_data_fsyncs,51751010,51751010,23498.394574,enabled
1782984625.760,2026-07-02 09:30:25.762,os_data_reads,70054612,70054612,31809.445205,enabled
1782984625.760,2026-07-02 09:30:25.762,os_data_writes,215881705,215881705,98024.627713,enabled
1782984625.760,2026-07-02 09:30:25.762,os_log_bytes_written,122465653760,122465653760,55607537.884792,enabled
1782984625.760,2026-07-02 09:30:25.762,os_log_fsyncs,45349921,45349921,20591.875113,enabled
1782984625.760,2026-07-02 09:30:25.762,os_log_pending_fsyncs,0,0,0.000000,enabled
1782984625.760,2026-07-02 09:30:25.762,os_log_pending_writes,0,0,0.000000,enabled
1782984625.760,2026-07-02 09:30:25.762,trx_rseg_history_len,494,494,0.000000,enabled
1782984626.833,2026-07-02 09:30:26.834,adaptive_hash_searches,0,0,0.000000,enabled
1782984626.833,2026-07-02 09:30:26.834,adaptive_hash_searches_btree,580548449,580548449,263478.865481,enabled
1782984626.833,2026-07-02 09:30:26.834,buffer_data_reads,1143811820032,1143811820032,519113049.612738,enabled
1782984626.833,2026-07-02 09:30:26.834,buffer_data_written,547947354624,547947354624,248683058.813499,enabled
1782984626.833,2026-07-02 09:30:26.834,buffer_pages0_read,7,7,0.003177,enabled
1782984626.833,2026-07-02 09:30:26.834,buffer_pages_created,1810801,1810801,821.822629,enabled
1782984626.833,2026-07-02 09:30:26.834,buffer_pages_read,70009870,70009870,31773.615689,enabled
1782984626.833,2026-07-02 09:30:26.834,buffer_pages_written,23832277,23832277,10816.155106,enabled
1782984626.833,2026-07-02 09:30:26.834,buffer_pool_bytes_data,12852789248,12852789248,0.000000,enabled
1782984626.833,2026-07-02 09:30:26.834,buffer_pool_bytes_dirty,4649680896,4649680896,0.000000,enabled
1782984626.833,2026-07-02 09:30:26.834,buffer_pool_pages_data,784472,784472,0.000000,enabled
1782984626.833,2026-07-02 09:30:26.834,buffer_pool_pages_dirty,283794,283794,0.000000,enabled
1782984626.833,2026-07-02 09:30:26.834,buffer_pool_pages_flushed,23775207,23775207,0.000000,enabled
1782984626.833,2026-07-02 09:30:26.834,buffer_pool_pages_free,1864,1864,0.000000,enabled
1782984626.833,2026-07-02 09:30:26.834,buffer_pool_pages_lru_flushed,0,0,0.000000,enabled
1782984626.833,2026-07-02 09:30:26.834,buffer_pool_pages_misc,96,96,0.000000,enabled
1782984626.833,2026-07-02 09:30:26.834,buffer_pool_pages_total,786432,786432,0.000000,enabled
1782984626.833,2026-07-02 09:30:26.834,buffer_pool_reads,69118708,69118708,31369.167453,enabled
1782984626.833,2026-07-02 09:30:26.834,buffer_pool_read_ahead,803715,803715,364.761884,enabled
1782984626.833,2026-07-02 09:30:26.834,buffer_pool_read_ahead_evicted,25,25,0.011346,enabled
1782984626.833,2026-07-02 09:30:26.834,buffer_pool_read_requests,2793833782,2793833782,1267966.977786,enabled
1782984626.833,2026-07-02 09:30:26.834,buffer_pool_size,12884901888,12884901888,0.000000,enabled
1782984626.833,2026-07-02 09:30:26.834,buffer_pool_wait_free,18945,18945,8.598090,enabled
1782984626.833,2026-07-02 09:30:26.834,buffer_pool_write_requests,593701559,593701559,269448.374429,enabled
1782984626.833,2026-07-02 09:30:26.834,dml_deletes,12638471,12638471,5735.903545,enabled
1782984626.833,2026-07-02 09:30:26.834,dml_inserts,112523873,112523873,51068.367575,enabled
1782984626.833,2026-07-02 09:30:26.834,dml_system_deletes,468,468,0.212399,enabled
1782984626.833,2026-07-02 09:30:26.834,dml_system_inserts,1202,1202,0.545521,enabled
1782984626.833,2026-07-02 09:30:26.834,dml_system_reads,7661,7661,3.476905,enabled
1782984626.833,2026-07-02 09:30:26.834,dml_system_updates,620,620,0.281384,enabled
1782984626.833,2026-07-02 09:30:26.834,dml_updates,25277056,25277056,11471.858819,enabled
1782984626.833,2026-07-02 09:30:26.834,file_num_open_files,35,35,0.000000,enabled
1782984626.833,2026-07-02 09:30:26.834,ibuf_merges,0,0,0.000000,enabled
1782984626.833,2026-07-02 09:30:26.834,ibuf_merges_delete,0,0,0.000000,enabled
1782984626.833,2026-07-02 09:30:26.834,ibuf_merges_delete_mark,0,0,0.000000,enabled
1782984626.833,2026-07-02 09:30:26.834,ibuf_merges_discard_delete,0,0,0.000000,enabled
1782984626.833,2026-07-02 09:30:26.834,ibuf_merges_discard_delete_mark,0,0,0.000000,enabled
1782984626.833,2026-07-02 09:30:26.834,ibuf_merges_discard_insert,0,0,0.000000,enabled
1782984626.833,2026-07-02 09:30:26.834,ibuf_merges_insert,0,0,0.000000,enabled
1782984626.833,2026-07-02 09:30:26.834,ibuf_size,1,1,0.000454,enabled
1782984626.833,2026-07-02 09:30:26.834,innodb_activity_count,17428940,17428940,7910.032806,enabled
1782984626.833,2026-07-02 09:30:26.834,innodb_dblwr_pages_written,23773026,23773026,10789.262824,enabled
1782984626.833,2026-07-02 09:30:26.834,innodb_dblwr_writes,484303,484303,219.798370,enabled
1782984626.833,2026-07-02 09:30:26.834,innodb_page_size,16384,16384,0.000000,enabled
1782984626.833,2026-07-02 09:30:26.834,innodb_rwlock_sx_os_waits,0,0,0.000000,enabled
1782984626.833,2026-07-02 09:30:26.834,innodb_rwlock_sx_spin_rounds,0,0,0.000000,enabled
1782984626.833,2026-07-02 09:30:26.834,innodb_rwlock_sx_spin_waits,0,0,0.000000,enabled
1782984626.833,2026-07-02 09:30:26.834,innodb_rwlock_s_os_waits,0,0,0.000000,enabled
1782984626.833,2026-07-02 09:30:26.834,innodb_rwlock_s_spin_rounds,0,0,0.000000,enabled
1782984626.833,2026-07-02 09:30:26.834,innodb_rwlock_s_spin_waits,0,0,0.000000,enabled
1782984626.833,2026-07-02 09:30:26.834,innodb_rwlock_x_os_waits,0,0,0.000000,enabled
1782984626.833,2026-07-02 09:30:26.834,innodb_rwlock_x_spin_rounds,0,0,0.000000,enabled
1782984626.833,2026-07-02 09:30:26.834,innodb_rwlock_x_spin_waits,0,0,0.000000,enabled
1782984626.833,2026-07-02 09:30:26.834,lock_deadlocks,0,0,0.000000,enabled
1782984626.833,2026-07-02 09:30:26.834,lock_deadlock_false_positives,0,0,0.000000,enabled
1782984626.833,2026-07-02 09:30:26.834,lock_deadlock_rounds,2440,2440,1.107381,enabled
1782984626.833,2026-07-02 09:30:26.834,lock_rec_grant_attempts,425,425,0.192884,enabled
1782984626.833,2026-07-02 09:30:26.834,lock_rec_release_attempts,38413681,38413681,17433.850222,enabled
1782984626.833,2026-07-02 09:30:26.834,lock_row_lock_current_waits,0,0,0.000000,enabled
1782984626.833,2026-07-02 09:30:26.834,lock_row_lock_time,323,323,0.146592,enabled
1782984626.833,2026-07-02 09:30:26.834,lock_row_lock_time_avg,0,0,0.000000,enabled
1782984626.833,2026-07-02 09:30:26.834,lock_row_lock_time_max,29,29,0.000000,enabled
1782984626.833,2026-07-02 09:30:26.834,lock_row_lock_waits,425,425,0.192884,enabled
1782984626.833,2026-07-02 09:30:26.834,lock_schedule_refreshes,2440,2440,1.107381,enabled
1782984626.833,2026-07-02 09:30:26.834,lock_threads_waiting,0,0,0.000000,enabled
1782984626.833,2026-07-02 09:30:26.834,lock_timeouts,0,0,0.000000,enabled
1782984626.833,2026-07-02 09:30:26.834,log_waits,0,0,0.000000,enabled
1782984626.833,2026-07-02 09:30:26.834,log_writes,191387990,191387990,86860.437115,enabled
1782984626.833,2026-07-02 09:30:26.834,log_write_requests,399550842,399550842,181334.057632,enabled
1782984626.833,2026-07-02 09:30:26.834,os_data_fsyncs,51786612,51786612,23503.083387,enabled
1782984626.833,2026-07-02 09:30:26.834,os_data_reads,70112768,70112768,31820.313616,enabled
1782984626.833,2026-07-02 09:30:26.834,os_data_writes,215979479,215979479,98021.158604,enabled
1782984626.833,2026-07-02 09:30:26.834,os_log_bytes_written,122507997184,122507997184,55599614.583732,enabled
1782984626.833,2026-07-02 09:30:26.834,os_log_fsyncs,45380447,45380447,20595.678805,enabled
1782984626.833,2026-07-02 09:30:26.834,os_log_pending_fsyncs,1,1,0.000454,enabled
1782984626.833,2026-07-02 09:30:26.834,os_log_pending_writes,1,1,0.000454,enabled
1782984626.833,2026-07-02 09:30:26.834,trx_rseg_history_len,623,623,0.000000,enabled
1782984627.908,2026-07-02 09:30:27.909,adaptive_hash_searches,0,0,0.000000,enabled
1782984627.908,2026-07-02 09:30:27.909,adaptive_hash_searches_btree,580718622,580718622,263428.649224,enabled
1782984627.908,2026-07-02 09:30:27.909,buffer_data_reads,1144752785920,1144752785920,519288877.311885,enabled
1782984627.908,2026-07-02 09:30:27.909,buffer_data_written,548261268992,548261268992,248705206.999733,enabled
1782984627.908,2026-07-02 09:30:27.909,buffer_pages0_read,7,7,0.003175,enabled
1782984627.908,2026-07-02 09:30:27.909,buffer_pages_created,1810845,1810845,821.445196,enabled
1782984627.908,2026-07-02 09:30:27.909,buffer_pages_read,70067466,70067466,31784.378495,enabled
1782984627.908,2026-07-02 09:30:27.909,buffer_pages_written,23848461,23848461,10818.266409,enabled
1782984627.908,2026-07-02 09:30:27.909,buffer_pool_bytes_data,12853575680,12853575680,0.000000,enabled
1782984627.908,2026-07-02 09:30:27.909,buffer_pool_bytes_dirty,4653023232,4653023232,0.000000,enabled
1782984627.908,2026-07-02 09:30:27.909,buffer_pool_pages_data,784520,784520,0.000000,enabled
1782984627.908,2026-07-02 09:30:27.909,buffer_pool_pages_dirty,283999,283999,0.000000,enabled
1782984627.908,2026-07-02 09:30:27.909,buffer_pool_pages_flushed,23791355,23791355,0.000000,enabled
1782984627.908,2026-07-02 09:30:27.909,buffer_pool_pages_free,1817,1817,0.000000,enabled
1782984627.908,2026-07-02 09:30:27.909,buffer_pool_pages_lru_flushed,0,0,0.000000,enabled
1782984627.908,2026-07-02 09:30:27.909,buffer_pool_pages_misc,96,96,0.000000,enabled
1782984627.908,2026-07-02 09:30:27.909,buffer_pool_pages_total,786432,786432,0.000000,enabled
1782984627.908,2026-07-02 09:30:27.909,buffer_pool_reads,69176255,69176255,31380.103811,enabled
1782984627.908,2026-07-02 09:30:27.909,buffer_pool_read_ahead,803715,803715,364.585504,enabled
1782984627.908,2026-07-02 09:30:27.909,buffer_pool_read_ahead_evicted,25,25,0.011341,enabled
1782984627.908,2026-07-02 09:30:27.909,buffer_pool_read_requests,2794676795,2794676795,1267736.269323,enabled
1782984627.908,2026-07-02 09:30:27.909,buffer_pool_size,12884901888,12884901888,0.000000,enabled
1782984627.908,2026-07-02 09:30:27.909,buffer_pool_wait_free,18945,18945,8.593932,enabled
1782984627.908,2026-07-02 09:30:27.909,buffer_pool_write_requests,593816490,593816490,269370.219261,enabled
1782984627.908,2026-07-02 09:30:27.909,dml_deletes,12643385,12643385,5735.358899,enabled
1782984627.908,2026-07-02 09:30:27.909,dml_inserts,112528787,112528787,51045.901122,enabled
1782984627.908,2026-07-02 09:30:27.909,dml_system_deletes,468,468,0.212297,enabled
1782984627.908,2026-07-02 09:30:27.909,dml_system_inserts,1202,1202,0.545258,enabled
1782984627.908,2026-07-02 09:30:27.909,dml_system_reads,7661,7661,3.475223,enabled
1782984627.908,2026-07-02 09:30:27.909,dml_system_updates,620,620,0.281248,enabled
1782984627.908,2026-07-02 09:30:27.909,dml_updates,25286880,25286880,11470.767688,enabled
1782984627.908,2026-07-02 09:30:27.909,file_num_open_files,35,35,0.000000,enabled
1782984627.908,2026-07-02 09:30:27.909,ibuf_merges,0,0,0.000000,enabled
1782984627.908,2026-07-02 09:30:27.909,ibuf_merges_delete,0,0,0.000000,enabled
1782984627.908,2026-07-02 09:30:27.909,ibuf_merges_delete_mark,0,0,0.000000,enabled
1782984627.908,2026-07-02 09:30:27.909,ibuf_merges_discard_delete,0,0,0.000000,enabled
1782984627.908,2026-07-02 09:30:27.909,ibuf_merges_discard_delete_mark,0,0,0.000000,enabled
1782984627.908,2026-07-02 09:30:27.909,ibuf_merges_discard_insert,0,0,0.000000,enabled
1782984627.908,2026-07-02 09:30:27.909,ibuf_merges_insert,0,0,0.000000,enabled
1782984627.908,2026-07-02 09:30:27.909,ibuf_size,1,1,0.000454,enabled
1782984627.908,2026-07-02 09:30:27.909,innodb_activity_count,17434586,17434586,7908.768899,enabled
1782984627.908,2026-07-02 09:30:27.909,innodb_dblwr_pages_written,23789231,23789231,10791.396419,enabled
1782984627.908,2026-07-02 09:30:27.909,innodb_dblwr_writes,484669,484669,219.858108,enabled
1782984627.908,2026-07-02 09:30:27.909,innodb_page_size,16384,16384,0.000000,enabled
1782984627.908,2026-07-02 09:30:27.909,innodb_rwlock_sx_os_waits,0,0,0.000000,enabled
1782984627.908,2026-07-02 09:30:27.909,innodb_rwlock_sx_spin_rounds,0,0,0.000000,enabled
1782984627.908,2026-07-02 09:30:27.909,innodb_rwlock_sx_spin_waits,0,0,0.000000,enabled
1782984627.908,2026-07-02 09:30:27.909,innodb_rwlock_s_os_waits,0,0,0.000000,enabled
1782984627.908,2026-07-02 09:30:27.909,innodb_rwlock_s_spin_rounds,0,0,0.000000,enabled
1782984627.908,2026-07-02 09:30:27.909,innodb_rwlock_s_spin_waits,0,0,0.000000,enabled
1782984627.908,2026-07-02 09:30:27.909,innodb_rwlock_x_os_waits,0,0,0.000000,enabled
1782984627.908,2026-07-02 09:30:27.909,innodb_rwlock_x_spin_rounds,0,0,0.000000,enabled
1782984627.908,2026-07-02 09:30:27.909,innodb_rwlock_x_spin_waits,0,0,0.000000,enabled
1782984627.908,2026-07-02 09:30:27.909,lock_deadlocks,0,0,0.000000,enabled
1782984627.908,2026-07-02 09:30:27.909,lock_deadlock_false_positives,0,0,0.000000,enabled
1782984627.908,2026-07-02 09:30:27.909,lock_deadlock_rounds,2441,2441,1.107300,enabled
1782984627.908,2026-07-02 09:30:27.909,lock_rec_grant_attempts,425,425,0.192791,enabled
1782984627.908,2026-07-02 09:30:27.909,lock_rec_release_attempts,38428635,38428635,17432.203742,enabled
1782984627.908,2026-07-02 09:30:27.909,lock_row_lock_current_waits,0,0,0.000000,enabled
1782984627.908,2026-07-02 09:30:27.909,lock_row_lock_time,323,323,0.146521,enabled
1782984627.908,2026-07-02 09:30:27.909,lock_row_lock_time_avg,0,0,0.000000,enabled
1782984627.908,2026-07-02 09:30:27.909,lock_row_lock_time_max,29,29,0.000000,enabled
1782984627.908,2026-07-02 09:30:27.909,lock_row_lock_waits,425,425,0.192791,enabled
1782984627.908,2026-07-02 09:30:27.909,lock_schedule_refreshes,2441,2441,1.107300,enabled
1782984627.908,2026-07-02 09:30:27.909,lock_threads_waiting,0,0,0.000000,enabled
1782984627.908,2026-07-02 09:30:27.909,lock_timeouts,0,0,0.000000,enabled
1782984627.908,2026-07-02 09:30:27.909,log_waits,0,0,0.000000,enabled
1782984627.908,2026-07-02 09:30:27.909,log_writes,191469092,191469092,86855.224182,enabled
1782984627.908,2026-07-02 09:30:27.909,log_write_requests,399634267,399634267,181284.214132,enabled
1782984627.908,2026-07-02 09:30:27.909,os_data_fsyncs,51821224,51821224,23507.419055,enabled
1782984627.908,2026-07-02 09:30:27.909,os_data_reads,70170209,70170209,31830.983201,enabled
1782984627.908,2026-07-02 09:30:27.909,os_data_writes,216077062,216077062,98018.025367,enabled
1782984627.908,2026-07-02 09:30:27.909,os_log_bytes_written,122550498304,122550498304,55592008.265576,enabled
1782984627.908,2026-07-02 09:30:27.909,os_log_fsyncs,45409981,45409981,20599.116869,enabled
1782984627.908,2026-07-02 09:30:27.909,os_log_pending_fsyncs,1,1,0.000454,enabled
1782984627.908,2026-07-02 09:30:27.909,os_log_pending_writes,0,0,0.000000,enabled
1782984627.908,2026-07-02 09:30:27.909,trx_rseg_history_len,732,732,0.000000,enabled
1782984628.974,2026-07-02 09:30:28.976,adaptive_hash_searches,0,0,0.000000,enabled
1782984628.974,2026-07-02 09:30:28.976,adaptive_hash_searches_btree,580885329,580885329,263376.208745,enabled
1782984628.974,2026-07-02 09:30:28.976,buffer_data_reads,1145678481920,1145678481920,519456205.979164,enabled
1782984628.974,2026-07-02 09:30:28.976,buffer_data_written,548572120064,548572120064,248725271.960890,enabled
1782984628.974,2026-07-02 09:30:28.976,buffer_pages0_read,7,7,0.003174,enabled
1782984628.974,2026-07-02 09:30:28.976,buffer_pages_created,1810881,1810881,821.062276,enabled
1782984628.974,2026-07-02 09:30:28.976,buffer_pages_read,70124146,70124146,31794.629539,enabled
1782984628.974,2026-07-02 09:30:28.976,buffer_pages_written,23864590,23864590,10820.321442,enabled
1782984628.974,2026-07-02 09:30:28.976,buffer_pool_bytes_data,12852068352,12852068352,0.000000,enabled
1782984628.974,2026-07-02 09:30:28.976,buffer_pool_bytes_dirty,4655349760,4655349760,0.000000,enabled
1782984628.974,2026-07-02 09:30:28.976,buffer_pool_pages_data,784428,784428,0.000000,enabled
1782984628.974,2026-07-02 09:30:28.976,buffer_pool_pages_dirty,284140,284140,0.000000,enabled
1782984628.974,2026-07-02 09:30:28.976,buffer_pool_pages_flushed,23807520,23807520,0.000000,enabled
1782984628.974,2026-07-02 09:30:28.976,buffer_pool_pages_free,1907,1907,0.000000,enabled
1782984628.974,2026-07-02 09:30:28.976,buffer_pool_pages_lru_flushed,0,0,0.000000,enabled
1782984628.974,2026-07-02 09:30:28.976,buffer_pool_pages_misc,96,96,0.000000,enabled
1782984628.974,2026-07-02 09:30:28.976,buffer_pool_pages_total,786432,786432,0.000000,enabled
1782984628.974,2026-07-02 09:30:28.976,buffer_pool_reads,69232888,69232888,31390.529914,enabled
1782984628.974,2026-07-02 09:30:28.976,buffer_pool_read_ahead,803715,803715,364.408307,enabled
1782984628.974,2026-07-02 09:30:28.976,buffer_pool_read_ahead_evicted,25,25,0.011335,enabled
1782984628.974,2026-07-02 09:30:28.976,buffer_pool_read_requests,2795503211,2795503211,1267494.816677,enabled
1782984628.974,2026-07-02 09:30:28.976,buffer_pool_size,12884901888,12884901888,0.000000,enabled
1782984628.974,2026-07-02 09:30:28.976,buffer_pool_wait_free,18945,18945,8.589756,enabled
1782984628.974,2026-07-02 09:30:28.976,buffer_pool_write_requests,593929676,593929676,269290.617234,enabled
1782984628.974,2026-07-02 09:30:28.976,dml_deletes,12648198,12648198,5734.753806,enabled
1782984628.974,2026-07-02 09:30:28.976,dml_inserts,112533599,112533599,51023.275066,enabled
1782984628.974,2026-07-02 09:30:28.976,dml_system_deletes,468,468,0.212193,enabled
1782984628.974,2026-07-02 09:30:28.976,dml_system_inserts,1202,1202,0.544993,enabled
1782984628.974,2026-07-02 09:30:28.976,dml_system_reads,7661,7661,3.473534,enabled
1782984628.974,2026-07-02 09:30:28.976,dml_system_updates,620,620,0.281111,enabled
1782984628.974,2026-07-02 09:30:28.976,dml_updates,25296508,25296508,11469.558382,enabled
1782984628.974,2026-07-02 09:30:28.976,file_num_open_files,35,35,0.000000,enabled
1782984628.974,2026-07-02 09:30:28.976,ibuf_merges,0,0,0.000000,enabled
1782984628.974,2026-07-02 09:30:28.976,ibuf_merges_delete,0,0,0.000000,enabled
1782984628.974,2026-07-02 09:30:28.976,ibuf_merges_delete_mark,0,0,0.000000,enabled
1782984628.974,2026-07-02 09:30:28.976,ibuf_merges_discard_delete,0,0,0.000000,enabled
1782984628.974,2026-07-02 09:30:28.976,ibuf_merges_discard_delete_mark,0,0,0.000000,enabled
1782984628.974,2026-07-02 09:30:28.976,ibuf_merges_discard_insert,0,0,0.000000,enabled
1782984628.974,2026-07-02 09:30:28.976,ibuf_merges_insert,0,0,0.000000,enabled
1782984628.974,2026-07-02 09:30:28.976,ibuf_size,1,1,0.000453,enabled
1782984628.974,2026-07-02 09:30:28.976,innodb_activity_count,17440116,17440116,7907.432588,enabled
1782984628.974,2026-07-02 09:30:28.976,innodb_dblwr_pages_written,23805339,23805339,10793.455288,enabled
1782984628.974,2026-07-02 09:30:28.976,innodb_dblwr_writes,485023,485023,219.911763,enabled
1782984628.974,2026-07-02 09:30:28.976,innodb_page_size,16384,16384,0.000000,enabled
1782984628.974,2026-07-02 09:30:28.976,innodb_rwlock_sx_os_waits,0,0,0.000000,enabled
1782984628.974,2026-07-02 09:30:28.976,innodb_rwlock_sx_spin_rounds,0,0,0.000000,enabled
1782984628.974,2026-07-02 09:30:28.976,innodb_rwlock_sx_spin_waits,0,0,0.000000,enabled
1782984628.974,2026-07-02 09:30:28.976,innodb_rwlock_s_os_waits,0,0,0.000000,enabled
1782984628.974,2026-07-02 09:30:28.976,innodb_rwlock_s_spin_rounds,0,0,0.000000,enabled
1782984628.974,2026-07-02 09:30:28.976,innodb_rwlock_s_spin_waits,0,0,0.000000,enabled
1782984628.974,2026-07-02 09:30:28.976,innodb_rwlock_x_os_waits,0,0,0.000000,enabled
1782984628.974,2026-07-02 09:30:28.976,innodb_rwlock_x_spin_rounds,0,0,0.000000,enabled
1782984628.974,2026-07-02 09:30:28.976,innodb_rwlock_x_spin_waits,0,0,0.000000,enabled
1782984628.974,2026-07-02 09:30:28.976,lock_deadlocks,0,0,0.000000,enabled
1782984628.974,2026-07-02 09:30:28.976,lock_deadlock_false_positives,0,0,0.000000,enabled
1782984628.974,2026-07-02 09:30:28.976,lock_deadlock_rounds,2442,2442,1.107215,enabled
1782984628.974,2026-07-02 09:30:28.976,lock_rec_grant_attempts,425,425,0.192697,enabled
1782984628.974,2026-07-02 09:30:28.976,lock_rec_release_attempts,38443268,38443268,17430.365882,enabled
1782984628.974,2026-07-02 09:30:28.976,lock_row_lock_current_waits,0,0,0.000000,enabled
1782984628.974,2026-07-02 09:30:28.976,lock_row_lock_time,323,323,0.146450,enabled
1782984628.974,2026-07-02 09:30:28.976,lock_row_lock_time_avg,0,0,0.000000,enabled
1782984628.974,2026-07-02 09:30:28.976,lock_row_lock_time_max,29,29,0.000000,enabled
1782984628.974,2026-07-02 09:30:28.976,lock_row_lock_waits,425,425,0.192697,enabled
1782984628.974,2026-07-02 09:30:28.976,lock_schedule_refreshes,2442,2442,1.107215,enabled
1782984628.974,2026-07-02 09:30:28.976,lock_threads_waiting,0,0,0.000000,enabled
1782984628.974,2026-07-02 09:30:28.976,lock_timeouts,0,0,0.000000,enabled
1782984628.974,2026-07-02 09:30:28.976,log_waits,0,0,0.000000,enabled
1782984628.974,2026-07-02 09:30:28.976,log_writes,191546704,191546704,86848.201552,enabled
1782984628.974,2026-07-02 09:30:28.976,log_write_requests,399716077,399716077,181233.201694,enabled
1782984628.974,2026-07-02 09:30:28.976,os_data_fsyncs,51853980,51853980,23510.845848,enabled
1782984628.974,2026-07-02 09:30:28.976,os_data_reads,70226724,70226724,31841.137060,enabled
1782984628.974,2026-07-02 09:30:28.976,os_data_writes,216171051,216171051,98013.002277,enabled
1782984628.974,2026-07-02 09:30:28.976,os_log_bytes_written,122591280128,122591280128,55583480.462978,enabled
1782984628.974,2026-07-02 09:30:28.976,os_log_fsyncs,45437887,45437887,20601.758131,enabled
1782984628.974,2026-07-02 09:30:28.976,os_log_pending_fsyncs,0,0,0.000000,enabled
1782984628.974,2026-07-02 09:30:28.976,os_log_pending_writes,0,0,0.000000,enabled
1782984628.974,2026-07-02 09:30:28.976,trx_rseg_history_len,726,726,0.000000,enabled
1782984630.046,2026-07-02 09:30:30.047,adaptive_hash_searches,0,0,0.000000,enabled
1782984630.046,2026-07-02 09:30:30.047,adaptive_hash_searches_btree,581052245,581052245,263324.333543,enabled
1782984630.046,2026-07-02 09:30:30.047,buffer_data_reads,1146599066112,1146599066112,519621908.428124,enabled
1782984630.046,2026-07-02 09:30:30.047,buffer_data_written,548881281024,548881281024,248744959.704817,enabled
1782984630.046,2026-07-02 09:30:30.047,buffer_pages0_read,7,7,0.003172,enabled
1782984630.046,2026-07-02 09:30:30.047,buffer_pages_created,1810914,1810914,820.679717,enabled
1782984630.046,2026-07-02 09:30:30.047,buffer_pages_read,70180510,70180510,31804.779625,enabled
1782984630.046,2026-07-02 09:30:30.047,buffer_pages_written,23880545,23880545,10822.313401,enabled
1782984630.046,2026-07-02 09:30:30.047,buffer_pool_bytes_data,12852297728,12852297728,0.000000,enabled
1782984630.046,2026-07-02 09:30:30.047,buffer_pool_bytes_dirty,4660117504,4660117504,0.000000,enabled
1782984630.046,2026-07-02 09:30:30.047,buffer_pool_pages_data,784442,784442,0.000000,enabled
1782984630.046,2026-07-02 09:30:30.047,buffer_pool_pages_dirty,284431,284431,0.000000,enabled
1782984630.046,2026-07-02 09:30:30.047,buffer_pool_pages_flushed,23823475,23823475,0.000000,enabled
1782984630.046,2026-07-02 09:30:30.047,buffer_pool_pages_free,1892,1892,0.000000,enabled
1782984630.046,2026-07-02 09:30:30.047,buffer_pool_pages_lru_flushed,0,0,0.000000,enabled
1782984630.046,2026-07-02 09:30:30.047,buffer_pool_pages_misc,96,96,0.000000,enabled
1782984630.046,2026-07-02 09:30:30.047,buffer_pool_pages_total,786432,786432,0.000000,enabled
1782984630.046,2026-07-02 09:30:30.047,buffer_pool_reads,69289190,69289190,31400.847560,enabled
1782984630.046,2026-07-02 09:30:30.047,buffer_pool_read_ahead,803715,803715,364.231880,enabled
1782984630.046,2026-07-02 09:30:30.047,buffer_pool_read_ahead_evicted,25,25,0.011330,enabled
1782984630.046,2026-07-02 09:30:30.047,buffer_pool_read_requests,2796330157,2796330157,1267255.924453,enabled
1782984630.046,2026-07-02 09:30:30.047,buffer_pool_size,12884901888,12884901888,0.000000,enabled
1782984630.046,2026-07-02 09:30:30.047,buffer_pool_wait_free,18945,18945,8.585597,enabled
1782984630.046,2026-07-02 09:30:30.047,buffer_pool_write_requests,594042641,594042641,269211.435430,enabled
1782984630.046,2026-07-02 09:30:30.047,dml_deletes,12653015,12653015,5734.160173,enabled
1782984630.046,2026-07-02 09:30:30.047,dml_inserts,112538414,112538414,51000.752970,enabled
1782984630.046,2026-07-02 09:30:30.047,dml_system_deletes,468,468,0.212091,enabled
1782984630.046,2026-07-02 09:30:30.047,dml_system_inserts,1202,1202,0.544729,enabled
1782984630.046,2026-07-02 09:30:30.047,dml_system_reads,7661,7661,3.471852,enabled
1782984630.046,2026-07-02 09:30:30.047,dml_system_updates,620,620,0.280975,enabled
1782984630.046,2026-07-02 09:30:30.047,dml_updates,25306149,25306149,11468.374264,enabled
1782984630.046,2026-07-02 09:30:30.047,file_num_open_files,35,35,0.000000,enabled
1782984630.046,2026-07-02 09:30:30.047,ibuf_merges,0,0,0.000000,enabled
1782984630.046,2026-07-02 09:30:30.047,ibuf_merges_delete,0,0,0.000000,enabled
1782984630.046,2026-07-02 09:30:30.047,ibuf_merges_delete_mark,0,0,0.000000,enabled
1782984630.046,2026-07-02 09:30:30.047,ibuf_merges_discard_delete,0,0,0.000000,enabled
1782984630.046,2026-07-02 09:30:30.047,ibuf_merges_discard_delete_mark,0,0,0.000000,enabled
1782984630.046,2026-07-02 09:30:30.047,ibuf_merges_discard_insert,0,0,0.000000,enabled
1782984630.046,2026-07-02 09:30:30.047,ibuf_merges_insert,0,0,0.000000,enabled
1782984630.046,2026-07-02 09:30:30.047,ibuf_size,1,1,0.000453,enabled
1782984630.046,2026-07-02 09:30:30.047,innodb_activity_count,17445644,17445644,7906.109232,enabled
1782984630.046,2026-07-02 09:30:30.047,innodb_dblwr_pages_written,23821294,23821294,10795.459949,enabled
1782984630.046,2026-07-02 09:30:30.047,innodb_dblwr_writes,485371,485371,219.962996,enabled
1782984630.046,2026-07-02 09:30:30.047,innodb_page_size,16384,16384,0.000000,enabled
1782984630.046,2026-07-02 09:30:30.047,innodb_rwlock_sx_os_waits,0,0,0.000000,enabled
1782984630.046,2026-07-02 09:30:30.047,innodb_rwlock_sx_spin_rounds,0,0,0.000000,enabled
1782984630.046,2026-07-02 09:30:30.047,innodb_rwlock_sx_spin_waits,0,0,0.000000,enabled
1782984630.046,2026-07-02 09:30:30.047,innodb_rwlock_s_os_waits,0,0,0.000000,enabled
1782984630.046,2026-07-02 09:30:30.047,innodb_rwlock_s_spin_rounds,0,0,0.000000,enabled
1782984630.046,2026-07-02 09:30:30.047,innodb_rwlock_s_spin_waits,0,0,0.000000,enabled
1782984630.046,2026-07-02 09:30:30.047,innodb_rwlock_x_os_waits,0,0,0.000000,enabled
1782984630.046,2026-07-02 09:30:30.047,innodb_rwlock_x_spin_rounds,0,0,0.000000,enabled
1782984630.046,2026-07-02 09:30:30.047,innodb_rwlock_x_spin_waits,0,0,0.000000,enabled
1782984630.046,2026-07-02 09:30:30.047,lock_deadlocks,0,0,0.000000,enabled
1782984630.046,2026-07-02 09:30:30.047,lock_deadlock_false_positives,0,0,0.000000,enabled
1782984630.046,2026-07-02 09:30:30.047,lock_deadlock_rounds,2443,2443,1.107132,enabled
1782984630.046,2026-07-02 09:30:30.047,lock_rec_grant_attempts,425,425,0.192604,enabled
1782984630.046,2026-07-02 09:30:30.047,lock_rec_release_attempts,38457912,38457912,17428.563496,enabled
1782984630.046,2026-07-02 09:30:30.047,lock_row_lock_current_waits,0,0,0.000000,enabled
1782984630.046,2026-07-02 09:30:30.047,lock_row_lock_time,323,323,0.146379,enabled
1782984630.046,2026-07-02 09:30:30.047,lock_row_lock_time_avg,0,0,0.000000,enabled
1782984630.046,2026-07-02 09:30:30.047,lock_row_lock_time_max,29,29,0.000000,enabled
1782984630.046,2026-07-02 09:30:30.047,lock_row_lock_waits,425,425,0.192604,enabled
1782984630.046,2026-07-02 09:30:30.047,lock_schedule_refreshes,2443,2443,1.107132,enabled
1782984630.046,2026-07-02 09:30:30.047,lock_threads_waiting,0,0,0.000000,enabled
1782984630.046,2026-07-02 09:30:30.047,lock_timeouts,0,0,0.000000,enabled
1782984630.046,2026-07-02 09:30:30.047,log_waits,0,0,0.000000,enabled
1782984630.046,2026-07-02 09:30:30.047,log_writes,191626915,191626915,86842.503165,enabled
1782984630.046,2026-07-02 09:30:30.047,log_write_requests,399798071,399798071,181182.613487,enabled
1782984630.046,2026-07-02 09:30:30.047,os_data_fsyncs,51887144,51887144,23514.492292,enabled
1782984630.046,2026-07-02 09:30:30.047,os_data_reads,70282920,70282920,31851.188100,enabled
1782984630.046,2026-07-02 09:30:30.047,os_data_writes,216267450,216267450,98009.235013,enabled
1782984630.046,2026-07-02 09:30:30.047,os_log_bytes_written,122633168896,122633168896,55575552.562555,enabled
1782984630.046,2026-07-02 09:30:30.047,os_log_fsyncs,45466171,45466171,20604.601487,enabled
1782984630.046,2026-07-02 09:30:30.047,os_log_pending_fsyncs,1,1,0.000453,enabled
1782984630.046,2026-07-02 09:30:30.047,os_log_pending_writes,1,1,0.000453,enabled
1782984630.046,2026-07-02 09:30:30.047,trx_rseg_history_len,677,677,0.000000,enabled
1782984631.114,2026-07-02 09:30:31.116,adaptive_hash_searches,0,0,0.000000,enabled
1782984631.114,2026-07-02 09:30:31.116,adaptive_hash_searches_btree,581217540,581217540,263271.801405,enabled
1782984631.114,2026-07-02 09:30:31.116,buffer_data_reads,1147519961600,1147519961600,519787627.871077,enabled
1782984631.114,2026-07-02 09:30:31.116,buffer_data_written,549188188160,549188188160,248763624.913083,enabled
1782984631.114,2026-07-02 09:30:31.116,buffer_pages0_read,7,7,0.003171,enabled
1782984631.114,2026-07-02 09:30:31.116,buffer_pages_created,1810952,1810952,820.299850,enabled
1782984631.114,2026-07-02 09:30:31.116,buffer_pages_read,70236861,70236861,31814.916224,enabled
1782984631.114,2026-07-02 09:30:31.116,buffer_pages_written,23896391,23896391,10824.254806,enabled
1782984631.114,2026-07-02 09:30:31.116,buffer_pool_bytes_data,12849250304,12849250304,0.000000,enabled
1782984631.114,2026-07-02 09:30:31.116,buffer_pool_bytes_dirty,4664590336,4664590336,0.000000,enabled
1782984631.114,2026-07-02 09:30:31.116,buffer_pool_pages_data,784255,784255,0.000000,enabled
1782984631.114,2026-07-02 09:30:31.116,buffer_pool_pages_dirty,284704,284704,0.000000,enabled
1782984631.114,2026-07-02 09:30:31.116,buffer_pool_pages_flushed,23839319,23839319,0.000000,enabled
1782984631.114,2026-07-02 09:30:31.116,buffer_pool_pages_free,2079,2079,0.000000,enabled
1782984631.114,2026-07-02 09:30:31.116,buffer_pool_pages_lru_flushed,0,0,0.000000,enabled
1782984631.114,2026-07-02 09:30:31.116,buffer_pool_pages_misc,97,97,0.000000,enabled
1782984631.114,2026-07-02 09:30:31.116,buffer_pool_pages_total,786432,786432,0.000000,enabled
1782984631.114,2026-07-02 09:30:31.116,buffer_pool_reads,69345493,69345493,31411.158003,enabled
1782984631.114,2026-07-02 09:30:31.116,buffer_pool_read_ahead,803715,803715,364.055651,enabled
1782984631.114,2026-07-02 09:30:31.116,buffer_pool_read_ahead_evicted,25,25,0.011324,enabled
1782984631.114,2026-07-02 09:30:31.116,buffer_pool_read_requests,2797150279,2797150279,1267014.266148,enabled
1782984631.114,2026-07-02 09:30:31.116,buffer_pool_size,12884901888,12884901888,0.000000,enabled
1782984631.114,2026-07-02 09:30:31.116,buffer_pool_wait_free,18945,18945,8.581443,enabled
1782984631.114,2026-07-02 09:30:31.116,buffer_pool_write_requests,594154832,594154832,269131.999648,enabled
1782984631.114,2026-07-02 09:30:31.116,dml_deletes,12657790,12657790,5733.548724,enabled
1782984631.114,2026-07-02 09:30:31.116,dml_inserts,112543191,112543191,50978.241041,enabled
1782984631.114,2026-07-02 09:30:31.116,dml_system_deletes,468,468,0.211988,enabled
1782984631.114,2026-07-02 09:30:31.116,dml_system_inserts,1202,1202,0.544465,enabled
1782984631.114,2026-07-02 09:30:31.116,dml_system_reads,7661,7661,3.470173,enabled
1782984631.114,2026-07-02 09:30:31.116,dml_system_updates,620,620,0.280839,enabled
1782984631.114,2026-07-02 09:30:31.116,dml_updates,25315698,25315698,11467.150889,enabled
1782984631.114,2026-07-02 09:30:31.116,file_num_open_files,35,35,0.000000,enabled
1782984631.114,2026-07-02 09:30:31.116,ibuf_merges,0,0,0.000000,enabled
1782984631.114,2026-07-02 09:30:31.116,ibuf_merges_delete,0,0,0.000000,enabled
1782984631.114,2026-07-02 09:30:31.116,ibuf_merges_delete_mark,0,0,0.000000,enabled
1782984631.114,2026-07-02 09:30:31.116,ibuf_merges_discard_delete,0,0,0.000000,enabled
1782984631.114,2026-07-02 09:30:31.116,ibuf_merges_discard_delete_mark,0,0,0.000000,enabled
1782984631.114,2026-07-02 09:30:31.116,ibuf_merges_discard_insert,0,0,0.000000,enabled
1782984631.114,2026-07-02 09:30:31.116,ibuf_merges_insert,0,0,0.000000,enabled
1782984631.114,2026-07-02 09:30:31.116,ibuf_size,1,1,0.000453,enabled
1782984631.114,2026-07-02 09:30:31.116,innodb_activity_count,17451137,17451137,7904.772138,enabled
1782984631.114,2026-07-02 09:30:31.116,innodb_dblwr_pages_written,23837149,23837149,10797.418540,enabled
1782984631.114,2026-07-02 09:30:31.116,innodb_dblwr_writes,485717,485717,220.013297,enabled
1782984631.114,2026-07-02 09:30:31.116,innodb_page_size,16384,16384,0.000000,enabled
1782984631.114,2026-07-02 09:30:31.116,innodb_rwlock_sx_os_waits,0,0,0.000000,enabled
1782984631.114,2026-07-02 09:30:31.116,innodb_rwlock_sx_spin_rounds,0,0,0.000000,enabled
1782984631.114,2026-07-02 09:30:31.116,innodb_rwlock_sx_spin_waits,0,0,0.000000,enabled
1782984631.114,2026-07-02 09:30:31.116,innodb_rwlock_s_os_waits,0,0,0.000000,enabled
1782984631.114,2026-07-02 09:30:31.116,innodb_rwlock_s_spin_rounds,0,0,0.000000,enabled
1782984631.114,2026-07-02 09:30:31.116,innodb_rwlock_s_spin_waits,0,0,0.000000,enabled
1782984631.114,2026-07-02 09:30:31.116,innodb_rwlock_x_os_waits,0,0,0.000000,enabled
1782984631.114,2026-07-02 09:30:31.116,innodb_rwlock_x_spin_rounds,0,0,0.000000,enabled
1782984631.114,2026-07-02 09:30:31.116,innodb_rwlock_x_spin_waits,0,0,0.000000,enabled
1782984631.114,2026-07-02 09:30:31.116,lock_deadlocks,0,0,0.000000,enabled
1782984631.114,2026-07-02 09:30:31.116,lock_deadlock_false_positives,0,0,0.000000,enabled
1782984631.114,2026-07-02 09:30:31.116,lock_deadlock_rounds,2444,2444,1.107049,enabled
1782984631.114,2026-07-02 09:30:31.116,lock_rec_grant_attempts,425,425,0.192511,enabled
1782984631.114,2026-07-02 09:30:31.116,lock_rec_release_attempts,38472436,38472436,17426.709779,enabled
1782984631.114,2026-07-02 09:30:31.116,lock_row_lock_current_waits,0,0,0.000000,enabled
1782984631.114,2026-07-02 09:30:31.116,lock_row_lock_time,323,323,0.146308,enabled
1782984631.114,2026-07-02 09:30:31.116,lock_row_lock_time_avg,0,0,0.000000,enabled
1782984631.114,2026-07-02 09:30:31.116,lock_row_lock_time_max,29,29,0.000000,enabled
1782984631.114,2026-07-02 09:30:31.116,lock_row_lock_waits,425,425,0.192511,enabled
1782984631.114,2026-07-02 09:30:31.116,lock_schedule_refreshes,2444,2444,1.107049,enabled
1782984631.114,2026-07-02 09:30:31.116,lock_threads_waiting,0,0,0.000000,enabled
1782984631.114,2026-07-02 09:30:31.116,lock_timeouts,0,0,0.000000,enabled
1782984631.114,2026-07-02 09:30:31.116,log_waits,0,0,0.000000,enabled
1782984631.114,2026-07-02 09:30:31.116,log_writes,191705511,191705511,86836.086926,enabled
1782984631.114,2026-07-02 09:30:31.116,log_write_requests,399879211,399879211,181131.704409,enabled
1782984631.114,2026-07-02 09:30:31.116,os_data_fsyncs,51920156,51920156,23518.068433,enabled
1782984631.114,2026-07-02 09:30:31.116,os_data_reads,70339130,70339130,31861.238534,enabled
1782984631.114,2026-07-02 09:30:31.116,os_data_writes,216362169,216362169,98004.719020,enabled
1782984631.114,2026-07-02 09:30:31.116,os_log_bytes_written,122674298368,122674298368,55567293.333713,enabled
1782984631.114,2026-07-02 09:30:31.116,os_log_fsyncs,45494408,45494408,20607.422631,enabled
1782984631.114,2026-07-02 09:30:31.116,os_log_pending_fsyncs,0,0,0.000000,enabled
1782984631.114,2026-07-02 09:30:31.116,os_log_pending_writes,0,0,0.000000,enabled
1782984631.114,2026-07-02 09:30:31.116,trx_rseg_history_len,633,633,0.000000,enabled
1782984632.183,2026-07-02 09:30:32.184,adaptive_hash_searches,0,0,0.000000,enabled
1782984632.183,2026-07-02 09:30:32.184,adaptive_hash_searches_btree,581384165,581384165,263220.049340,enabled
1782984632.183,2026-07-02 09:30:32.184,buffer_data_reads,1148442659328,1148442659328,519954263.358084,enabled
1782984632.183,2026-07-02 09:30:32.184,buffer_data_written,549494102528,549494102528,248781947.258674,enabled
1782984632.183,2026-07-02 09:30:32.184,buffer_pages0_read,7,7,0.003169,enabled
1782984632.183,2026-07-02 09:30:32.184,buffer_pages_created,1810991,1810991,819.921215,enabled
1782984632.183,2026-07-02 09:30:32.184,buffer_pages_read,70293326,70293326,31825.110566,enabled
1782984632.183,2026-07-02 09:30:32.184,buffer_pages_written,23912211,23912211,10826.187988,enabled
1782984632.183,2026-07-02 09:30:32.184,buffer_pool_bytes_data,12853395456,12853395456,0.000000,enabled
1782984632.183,2026-07-02 09:30:32.184,buffer_pool_bytes_dirty,4671504384,4671504384,0.000000,enabled
1782984632.183,2026-07-02 09:30:32.184,buffer_pool_pages_data,784509,784509,0.000000,enabled
1782984632.183,2026-07-02 09:30:32.184,buffer_pool_pages_dirty,285126,285126,0.000000,enabled
1782984632.183,2026-07-02 09:30:32.184,buffer_pool_pages_flushed,23855141,23855141,0.000000,enabled
1782984632.183,2026-07-02 09:30:32.184,buffer_pool_pages_free,1827,1827,0.000000,enabled
1782984632.183,2026-07-02 09:30:32.184,buffer_pool_pages_lru_flushed,0,0,0.000000,enabled
1782984632.183,2026-07-02 09:30:32.184,buffer_pool_pages_misc,96,96,0.000000,enabled
1782984632.183,2026-07-02 09:30:32.184,buffer_pool_pages_total,786432,786432,0.000000,enabled
1782984632.183,2026-07-02 09:30:32.184,buffer_pool_reads,69401899,69401899,31421.520596,enabled
1782984632.183,2026-07-02 09:30:32.184,buffer_pool_read_ahead,803715,803715,363.879772,enabled
1782984632.183,2026-07-02 09:30:32.184,buffer_pool_read_ahead_evicted,25,25,0.011319,enabled
1782984632.183,2026-07-02 09:30:32.184,buffer_pool_read_requests,2797976367,2797976367,1266776.167201,enabled
1782984632.183,2026-07-02 09:30:32.184,buffer_pool_size,12884901888,12884901888,0.000000,enabled
1782984632.183,2026-07-02 09:30:32.184,buffer_pool_wait_free,18945,18945,8.577297,enabled
1782984632.183,2026-07-02 09:30:32.184,buffer_pool_write_requests,594268094,594268094,269053.258078,enabled
1782984632.183,2026-07-02 09:30:32.184,dml_deletes,12662599,12662599,5732.955990,enabled
1782984632.183,2026-07-02 09:30:32.184,dml_inserts,112548000,112548000,50955.789677,enabled
1782984632.183,2026-07-02 09:30:32.184,dml_system_deletes,468,468,0.211886,enabled
1782984632.183,2026-07-02 09:30:32.184,dml_system_inserts,1202,1202,0.544202,enabled
1782984632.183,2026-07-02 09:30:32.184,dml_system_reads,7661,7661,3.468496,enabled
1782984632.183,2026-07-02 09:30:32.184,dml_system_updates,620,620,0.280703,enabled
1782984632.183,2026-07-02 09:30:32.184,dml_updates,25325308,25325308,11465.961767,enabled
1782984632.183,2026-07-02 09:30:32.184,file_num_open_files,35,35,0.000000,enabled
1782984632.183,2026-07-02 09:30:32.184,ibuf_merges,0,0,0.000000,enabled
1782984632.183,2026-07-02 09:30:32.184,ibuf_merges_delete,0,0,0.000000,enabled
1782984632.183,2026-07-02 09:30:32.184,ibuf_merges_delete_mark,0,0,0.000000,enabled
1782984632.183,2026-07-02 09:30:32.184,ibuf_merges_discard_delete,0,0,0.000000,enabled
1782984632.183,2026-07-02 09:30:32.184,ibuf_merges_discard_delete_mark,0,0,0.000000,enabled
1782984632.183,2026-07-02 09:30:32.184,ibuf_merges_discard_insert,0,0,0.000000,enabled
1782984632.183,2026-07-02 09:30:32.184,ibuf_merges_insert,0,0,0.000000,enabled
1782984632.183,2026-07-02 09:30:32.184,ibuf_size,1,1,0.000453,enabled
1782984632.183,2026-07-02 09:30:32.184,innodb_activity_count,17456654,17456654,7903.451011,enabled
1782984632.183,2026-07-02 09:30:32.184,innodb_dblwr_pages_written,23852960,23852960,10799.360487,enabled
1782984632.183,2026-07-02 09:30:32.184,innodb_dblwr_writes,486052,486052,220.058675,enabled
1782984632.183,2026-07-02 09:30:32.184,innodb_page_size,16384,16384,0.000000,enabled
1782984632.183,2026-07-02 09:30:32.184,innodb_rwlock_sx_os_waits,0,0,0.000000,enabled
1782984632.183,2026-07-02 09:30:32.184,innodb_rwlock_sx_spin_rounds,0,0,0.000000,enabled
1782984632.183,2026-07-02 09:30:32.184,innodb_rwlock_sx_spin_waits,0,0,0.000000,enabled
1782984632.183,2026-07-02 09:30:32.184,innodb_rwlock_s_os_waits,0,0,0.000000,enabled
1782984632.183,2026-07-02 09:30:32.184,innodb_rwlock_s_spin_rounds,0,0,0.000000,enabled
1782984632.183,2026-07-02 09:30:32.184,innodb_rwlock_s_spin_waits,0,0,0.000000,enabled
1782984632.183,2026-07-02 09:30:32.184,innodb_rwlock_x_os_waits,0,0,0.000000,enabled
1782984632.183,2026-07-02 09:30:32.184,innodb_rwlock_x_spin_rounds,0,0,0.000000,enabled
1782984632.183,2026-07-02 09:30:32.184,innodb_rwlock_x_spin_waits,0,0,0.000000,enabled
1782984632.183,2026-07-02 09:30:32.184,lock_deadlocks,0,0,0.000000,enabled
1782984632.183,2026-07-02 09:30:32.184,lock_deadlock_false_positives,0,0,0.000000,enabled
1782984632.183,2026-07-02 09:30:32.184,lock_deadlock_rounds,2446,2446,1.107420,enabled
1782984632.183,2026-07-02 09:30:32.184,lock_rec_grant_attempts,425,425,0.192418,enabled
1782984632.183,2026-07-02 09:30:32.184,lock_rec_release_attempts,38487077,38487077,17424.919480,enabled
1782984632.183,2026-07-02 09:30:32.184,lock_row_lock_current_waits,0,0,0.000000,enabled
1782984632.183,2026-07-02 09:30:32.184,lock_row_lock_time,323,323,0.146237,enabled
1782984632.183,2026-07-02 09:30:32.184,lock_row_lock_time_avg,0,0,0.000000,enabled
1782984632.183,2026-07-02 09:30:32.184,lock_row_lock_time_max,29,29,0.000000,enabled
1782984632.183,2026-07-02 09:30:32.184,lock_row_lock_waits,425,425,0.192418,enabled
1782984632.183,2026-07-02 09:30:32.184,lock_schedule_refreshes,2446,2446,1.107420,enabled
1782984632.183,2026-07-02 09:30:32.184,lock_threads_waiting,0,0,0.000000,enabled
1782984632.183,2026-07-02 09:30:32.184,lock_timeouts,0,0,0.000000,enabled
1782984632.183,2026-07-02 09:30:32.184,log_waits,0,0,0.000000,enabled
1782984632.183,2026-07-02 09:30:32.184,log_writes,191784151,191784151,86829.739406,enabled
1782984632.183,2026-07-02 09:30:32.184,log_write_requests,399960940,399960940,181081.200079,enabled
1782984632.183,2026-07-02 09:30:32.184,os_data_fsyncs,51953218,51953218,23521.675318,enabled
1782984632.183,2026-07-02 09:30:32.184,os_data_reads,70395439,70395439,31871.339766,enabled
1782984632.183,2026-07-02 09:30:32.184,os_data_writes,216456868,216456868,98000.246573,enabled
1782984632.183,2026-07-02 09:30:32.184,os_log_bytes_written,122715430400,122715430400,55559070.557636,enabled
1782984632.183,2026-07-02 09:30:32.184,os_log_fsyncs,45522747,45522747,20610.297354,enabled
1782984632.183,2026-07-02 09:30:32.184,os_log_pending_fsyncs,1,1,0.000453,enabled
1782984632.183,2026-07-02 09:30:32.184,os_log_pending_writes,0,0,0.000000,enabled
1782984632.183,2026-07-02 09:30:32.184,trx_rseg_history_len,634,634,0.000000,enabled
1782984633.250,2026-07-02 09:30:33.252,adaptive_hash_searches,0,0,0.000000,enabled
1782984633.250,2026-07-02 09:30:33.252,adaptive_hash_searches_btree,581552712,581552712,263168.559011,enabled
1782984633.250,2026-07-02 09:30:33.252,buffer_data_reads,1149379955200,1149379955200,520126031.812809,enabled
1782984633.250,2026-07-02 09:30:33.252,buffer_data_written,549802591232,549802591232,248800789.051147,enabled
1782984633.250,2026-07-02 09:30:33.252,buffer_pages0_read,7,7,0.003168,enabled
1782984633.250,2026-07-02 09:30:33.252,buffer_pages_created,1811019,1811019,819.535898,enabled
1782984633.250,2026-07-02 09:30:33.252,buffer_pages_read,70350677,70350677,31835.615690,enabled
1782984633.250,2026-07-02 09:30:33.252,buffer_pages_written,23928141,23928141,10828.141761,enabled
1782984633.250,2026-07-02 09:30:33.252,buffer_pool_bytes_data,12855115776,12855115776,0.000000,enabled
1782984633.250,2026-07-02 09:30:33.252,buffer_pool_bytes_dirty,4683235328,4683235328,0.000000,enabled
1782984633.250,2026-07-02 09:30:33.252,buffer_pool_pages_data,784614,784614,0.000000,enabled
1782984633.250,2026-07-02 09:30:33.252,buffer_pool_pages_dirty,285842,285842,0.000000,enabled
1782984633.250,2026-07-02 09:30:33.252,buffer_pool_pages_flushed,23871054,23871054,0.000000,enabled
1782984633.250,2026-07-02 09:30:33.252,buffer_pool_pages_free,1722,1722,0.000000,enabled
1782984633.250,2026-07-02 09:30:33.252,buffer_pool_pages_lru_flushed,0,0,0.000000,enabled
1782984633.250,2026-07-02 09:30:33.252,buffer_pool_pages_misc,96,96,0.000000,enabled
1782984633.250,2026-07-02 09:30:33.252,buffer_pool_pages_total,786432,786432,0.000000,enabled
1782984633.250,2026-07-02 09:30:33.252,buffer_pool_reads,69459200,69459200,31432.198876,enabled
1782984633.250,2026-07-02 09:30:33.252,buffer_pool_read_ahead,803715,803715,363.703145,enabled
1782984633.250,2026-07-02 09:30:33.252,buffer_pool_read_ahead_evicted,25,25,0.011313,enabled
1782984633.250,2026-07-02 09:30:33.252,buffer_pool_read_requests,2798811983,2798811983,1266539.413651,enabled
1782984633.250,2026-07-02 09:30:33.252,buffer_pool_size,12884901888,12884901888,0.000000,enabled
1782984633.250,2026-07-02 09:30:33.252,buffer_pool_wait_free,18945,18945,8.573134,enabled
1782984633.250,2026-07-02 09:30:33.252,buffer_pool_write_requests,594381772,594381772,268974.102256,enabled
1782984633.250,2026-07-02 09:30:33.252,dml_deletes,12667462,12667462,5732.373961,enabled
1782984633.250,2026-07-02 09:30:33.252,dml_inserts,112552863,112552863,50933.257337,enabled
1782984633.250,2026-07-02 09:30:33.252,dml_system_deletes,468,468,0.211783,enabled
1782984633.250,2026-07-02 09:30:33.252,dml_system_inserts,1202,1202,0.543938,enabled
1782984633.250,2026-07-02 09:30:33.252,dml_system_reads,7661,7661,3.466813,enabled
1782984633.250,2026-07-02 09:30:33.252,dml_system_updates,620,620,0.280567,enabled
1782984633.250,2026-07-02 09:30:33.252,dml_updates,25335039,25335039,11464.799952,enabled
1782984633.250,2026-07-02 09:30:33.252,file_num_open_files,35,35,0.000000,enabled
1782984633.250,2026-07-02 09:30:33.252,ibuf_merges,0,0,0.000000,enabled
1782984633.250,2026-07-02 09:30:33.252,ibuf_merges_delete,0,0,0.000000,enabled
1782984633.250,2026-07-02 09:30:33.252,ibuf_merges_delete_mark,0,0,0.000000,enabled
1782984633.250,2026-07-02 09:30:33.252,ibuf_merges_discard_delete,0,0,0.000000,enabled
1782984633.250,2026-07-02 09:30:33.252,ibuf_merges_discard_delete_mark,0,0,0.000000,enabled
1782984633.250,2026-07-02 09:30:33.252,ibuf_merges_discard_insert,0,0,0.000000,enabled
1782984633.250,2026-07-02 09:30:33.252,ibuf_merges_insert,0,0,0.000000,enabled
1782984633.250,2026-07-02 09:30:33.252,ibuf_size,1,1,0.000453,enabled
1782984633.250,2026-07-02 09:30:33.252,innodb_activity_count,17462242,17462242,7902.143543,enabled
1782984633.250,2026-07-02 09:30:33.252,innodb_dblwr_pages_written,23868873,23868873,10801.319750,enabled
1782984633.250,2026-07-02 09:30:33.252,innodb_dblwr_writes,486432,486432,220.123823,enabled
1782984633.250,2026-07-02 09:30:33.252,innodb_page_size,16384,16384,0.000000,enabled
1782984633.250,2026-07-02 09:30:33.252,innodb_rwlock_sx_os_waits,0,0,0.000000,enabled
1782984633.250,2026-07-02 09:30:33.252,innodb_rwlock_sx_spin_rounds,0,0,0.000000,enabled
1782984633.250,2026-07-02 09:30:33.252,innodb_rwlock_sx_spin_waits,0,0,0.000000,enabled
1782984633.250,2026-07-02 09:30:33.252,innodb_rwlock_s_os_waits,0,0,0.000000,enabled
1782984633.250,2026-07-02 09:30:33.252,innodb_rwlock_s_spin_rounds,0,0,0.000000,enabled
1782984633.250,2026-07-02 09:30:33.252,innodb_rwlock_s_spin_waits,0,0,0.000000,enabled
1782984633.250,2026-07-02 09:30:33.252,innodb_rwlock_x_os_waits,0,0,0.000000,enabled
1782984633.250,2026-07-02 09:30:33.252,innodb_rwlock_x_spin_rounds,0,0,0.000000,enabled
1782984633.250,2026-07-02 09:30:33.252,innodb_rwlock_x_spin_waits,0,0,0.000000,enabled
1782984633.250,2026-07-02 09:30:33.252,lock_deadlocks,0,0,0.000000,enabled
1782984633.250,2026-07-02 09:30:33.252,lock_deadlock_false_positives,0,0,0.000000,enabled
1782984633.250,2026-07-02 09:30:33.252,lock_deadlock_rounds,2447,2447,1.107335,enabled
1782984633.250,2026-07-02 09:30:33.252,lock_rec_grant_attempts,425,425,0.192324,enabled
1782984633.250,2026-07-02 09:30:33.252,lock_rec_release_attempts,38501862,38501862,17423.151980,enabled
1782984633.250,2026-07-02 09:30:33.252,lock_row_lock_current_waits,0,0,0.000000,enabled
1782984633.250,2026-07-02 09:30:33.252,lock_row_lock_time,323,323,0.146166,enabled
1782984633.250,2026-07-02 09:30:33.252,lock_row_lock_time_avg,0,0,0.000000,enabled
1782984633.250,2026-07-02 09:30:33.252,lock_row_lock_time_max,29,29,0.000000,enabled
1782984633.250,2026-07-02 09:30:33.252,lock_row_lock_waits,425,425,0.192324,enabled
1782984633.250,2026-07-02 09:30:33.252,lock_schedule_refreshes,2447,2447,1.107335,enabled
1782984633.250,2026-07-02 09:30:33.252,lock_threads_waiting,0,0,0.000000,enabled
1782984633.250,2026-07-02 09:30:33.252,lock_timeouts,0,0,0.000000,enabled
1782984633.250,2026-07-02 09:30:33.252,log_waits,0,0,0.000000,enabled
1782984633.250,2026-07-02 09:30:33.252,log_writes,191863381,191863381,86823.447473,enabled
1782984633.250,2026-07-02 09:30:33.252,log_write_requests,400043566,400043566,181030.696848,enabled
1782984633.250,2026-07-02 09:30:33.252,os_data_fsyncs,51986661,51986661,23525.392097,enabled
1782984633.250,2026-07-02 09:30:33.252,os_data_reads,70452610,70452610,31881.741292,enabled
1782984633.250,2026-07-02 09:30:33.252,os_data_writes,216552368,216552368,97995.894948,enabled
1782984633.250,2026-07-02 09:30:33.252,os_log_bytes_written,122756730880,122756730880,55550792.547461,enabled
1782984633.250,2026-07-02 09:30:33.252,os_log_fsyncs,45551170,45551170,20613.155586,enabled
1782984633.250,2026-07-02 09:30:33.252,os_log_pending_fsyncs,0,0,0.000000,enabled
1782984633.250,2026-07-02 09:30:33.252,os_log_pending_writes,0,0,0.000000,enabled
1782984633.250,2026-07-02 09:30:33.252,trx_rseg_history_len,659,659,0.000000,enabled
1782984634.322,2026-07-02 09:30:34.324,adaptive_hash_searches,0,0,0.000000,enabled
1782984634.322,2026-07-02 09:30:34.324,adaptive_hash_searches_btree,581723740,581723740,263118.259261,enabled
1782984634.322,2026-07-02 09:30:34.324,buffer_data_reads,1150328490496,1150328490496,520302757.099183,enabled
1782984634.322,2026-07-02 09:30:34.324,buffer_data_written,550119115264,550119115264,248823266.173584,enabled
1782984634.322,2026-07-02 09:30:34.324,buffer_pages0_read,7,7,0.003166,enabled
1782984634.322,2026-07-02 09:30:34.324,buffer_pages_created,1811063,1811063,819.158256,enabled
1782984634.322,2026-07-02 09:30:34.324,buffer_pages_read,70408741,70408741,31846.435551,enabled
1782984634.322,2026-07-02 09:30:34.324,buffer_pages_written,23944490,23944490,10830.283984,enabled
1782984634.322,2026-07-02 09:30:34.324,buffer_pool_bytes_data,12855296000,12855296000,0.000000,enabled
1782984634.322,2026-07-02 09:30:34.324,buffer_pool_bytes_dirty,4686659584,4686659584,0.000000,enabled
1782984634.322,2026-07-02 09:30:34.324,buffer_pool_pages_data,784625,784625,0.000000,enabled
1782984634.322,2026-07-02 09:30:34.324,buffer_pool_pages_dirty,286051,286051,0.000000,enabled
1782984634.322,2026-07-02 09:30:34.324,buffer_pool_pages_flushed,23887405,23887405,0.000000,enabled
1782984634.322,2026-07-02 09:30:34.324,buffer_pool_pages_free,1711,1711,0.000000,enabled
1782984634.322,2026-07-02 09:30:34.324,buffer_pool_pages_lru_flushed,0,0,0.000000,enabled
1782984634.322,2026-07-02 09:30:34.324,buffer_pool_pages_misc,96,96,0.000000,enabled
1782984634.322,2026-07-02 09:30:34.324,buffer_pool_pages_total,786432,786432,0.000000,enabled
1782984634.322,2026-07-02 09:30:34.324,buffer_pool_reads,69517194,69517194,31443.182819,enabled
1782984634.322,2026-07-02 09:30:34.324,buffer_pool_read_ahead,803715,803715,363.526719,enabled
1782984634.322,2026-07-02 09:30:34.324,buffer_pool_read_ahead_evicted,25,25,0.011308,enabled
1782984634.322,2026-07-02 09:30:34.324,buffer_pool_read_requests,2799659380,2799659380,1266308.321274,enabled
1782984634.322,2026-07-02 09:30:34.324,buffer_pool_size,12884901888,12884901888,0.000000,enabled
1782984634.322,2026-07-02 09:30:34.324,buffer_pool_wait_free,18945,18945,8.568975,enabled
1782984634.322,2026-07-02 09:30:34.324,buffer_pool_write_requests,594497281,594497281,268895.873097,enabled
1782984634.322,2026-07-02 09:30:34.324,dml_deletes,12672400,12672400,5731.826831,enabled
1782984634.322,2026-07-02 09:30:34.324,dml_inserts,112557800,112557800,50910.783969,enabled
1782984634.322,2026-07-02 09:30:34.324,dml_system_deletes,468,468,0.211680,enabled
1782984634.322,2026-07-02 09:30:34.324,dml_system_inserts,1202,1202,0.543674,enabled
1782984634.322,2026-07-02 09:30:34.324,dml_system_reads,7661,7661,3.465131,enabled
1782984634.322,2026-07-02 09:30:34.324,dml_system_updates,620,620,0.280431,enabled
1782984634.322,2026-07-02 09:30:34.324,dml_updates,25344914,25344914,11463.705215,enabled
1782984634.322,2026-07-02 09:30:34.324,file_num_open_files,35,35,0.000000,enabled
1782984634.322,2026-07-02 09:30:34.324,ibuf_merges,0,0,0.000000,enabled
1782984634.322,2026-07-02 09:30:34.324,ibuf_merges_delete,0,0,0.000000,enabled
1782984634.322,2026-07-02 09:30:34.324,ibuf_merges_delete_mark,0,0,0.000000,enabled
1782984634.322,2026-07-02 09:30:34.324,ibuf_merges_discard_delete,0,0,0.000000,enabled
1782984634.322,2026-07-02 09:30:34.324,ibuf_merges_discard_delete_mark,0,0,0.000000,enabled
1782984634.322,2026-07-02 09:30:34.324,ibuf_merges_discard_insert,0,0,0.000000,enabled
1782984634.322,2026-07-02 09:30:34.324,ibuf_merges_insert,0,0,0.000000,enabled
1782984634.322,2026-07-02 09:30:34.324,ibuf_size,1,1,0.000452,enabled
1782984634.322,2026-07-02 09:30:34.324,innodb_activity_count,17467906,17467906,7900.872271,enabled
1782984634.322,2026-07-02 09:30:34.324,innodb_dblwr_pages_written,23885243,23885243,10803.484573,enabled
1782984634.322,2026-07-02 09:30:34.324,innodb_dblwr_writes,486813,486813,220.189375,enabled
1782984634.322,2026-07-02 09:30:34.324,innodb_page_size,16384,16384,0.000000,enabled
1782984634.322,2026-07-02 09:30:34.324,innodb_rwlock_sx_os_waits,0,0,0.000000,enabled
1782984634.322,2026-07-02 09:30:34.324,innodb_rwlock_sx_spin_rounds,0,0,0.000000,enabled
1782984634.322,2026-07-02 09:30:34.324,innodb_rwlock_sx_spin_waits,0,0,0.000000,enabled
1782984634.322,2026-07-02 09:30:34.324,innodb_rwlock_s_os_waits,0,0,0.000000,enabled
1782984634.322,2026-07-02 09:30:34.324,innodb_rwlock_s_spin_rounds,0,0,0.000000,enabled
1782984634.322,2026-07-02 09:30:34.324,innodb_rwlock_s_spin_waits,0,0,0.000000,enabled
1782984634.322,2026-07-02 09:30:34.324,innodb_rwlock_x_os_waits,0,0,0.000000,enabled
1782984634.322,2026-07-02 09:30:34.324,innodb_rwlock_x_spin_rounds,0,0,0.000000,enabled
1782984634.322,2026-07-02 09:30:34.324,innodb_rwlock_x_spin_waits,0,0,0.000000,enabled
1782984634.322,2026-07-02 09:30:34.324,lock_deadlocks,0,0,0.000000,enabled
1782984634.322,2026-07-02 09:30:34.324,lock_deadlock_false_positives,0,0,0.000000,enabled
1782984634.322,2026-07-02 09:30:34.324,lock_deadlock_rounds,2448,2448,1.107250,enabled
1782984634.322,2026-07-02 09:30:34.324,lock_rec_grant_attempts,425,425,0.192231,enabled
1782984634.322,2026-07-02 09:30:34.324,lock_rec_release_attempts,38516895,38516895,17421.499877,enabled
1782984634.322,2026-07-02 09:30:34.324,lock_row_lock_current_waits,0,0,0.000000,enabled
1782984634.322,2026-07-02 09:30:34.324,lock_row_lock_time,323,323,0.146095,enabled
1782984634.322,2026-07-02 09:30:34.324,lock_row_lock_time_avg,0,0,0.000000,enabled
1782984634.322,2026-07-02 09:30:34.324,lock_row_lock_time_max,29,29,0.000000,enabled
1782984634.322,2026-07-02 09:30:34.324,lock_row_lock_waits,425,425,0.192231,enabled
1782984634.322,2026-07-02 09:30:34.324,lock_schedule_refreshes,2448,2448,1.107250,enabled
1782984634.322,2026-07-02 09:30:34.324,lock_threads_waiting,0,0,0.000000,enabled
1782984634.322,2026-07-02 09:30:34.324,lock_timeouts,0,0,0.000000,enabled
1782984634.322,2026-07-02 09:30:34.324,log_waits,0,0,0.000000,enabled
1782984634.322,2026-07-02 09:30:34.324,log_writes,191944193,191944193,86817.882938,enabled
1782984634.322,2026-07-02 09:30:34.324,log_write_requests,400127393,400127393,180980.797869,enabled
1782984634.322,2026-07-02 09:30:34.324,os_data_fsyncs,52021920,52021920,23529.928268,enabled
1782984634.322,2026-07-02 09:30:34.324,os_data_reads,70510483,70510483,31892.452442,enabled
1782984634.322,2026-07-02 09:30:34.324,os_data_writes,216649804,216649804,97992.429942,enabled
1782984634.322,2026-07-02 09:30:34.324,os_log_bytes_written,122799075328,122799075328,55542998.581217,enabled
1782984634.322,2026-07-02 09:30:34.324,os_log_fsyncs,45581280,45581280,20616.775506,enabled
1782984634.322,2026-07-02 09:30:34.324,os_log_pending_fsyncs,1,1,0.000452,enabled
1782984634.322,2026-07-02 09:30:34.324,os_log_pending_writes,0,0,0.000000,enabled
1782984634.322,2026-07-02 09:30:34.324,trx_rseg_history_len,771,771,0.000000,enabled
1782984635.395,2026-07-02 09:30:35.397,adaptive_hash_searches,0,0,0.000000,enabled
1782984635.395,2026-07-02 09:30:35.397,adaptive_hash_searches_btree,581890543,581890543,263066.294546,enabled
1782984635.395,2026-07-02 09:30:35.397,buffer_data_reads,1151257725440,1151257725440,520470987.986418,enabled
1782984635.395,2026-07-02 09:30:35.397,buffer_data_written,550483686912,550483686912,248867635.680318,enabled
1782984635.395,2026-07-02 09:30:35.397,buffer_pages0_read,7,7,0.003165,enabled
1782984635.395,2026-07-02 09:30:35.397,buffer_pages_created,1811100,1811100,818.778448,enabled
1782984635.395,2026-07-02 09:30:35.397,buffer_pages_read,70465608,70465608,31856.728401,enabled
1782984635.395,2026-07-02 09:30:35.397,buffer_pages_written,23963728,23963728,10833.738592,enabled
1782984635.395,2026-07-02 09:30:35.397,buffer_pool_bytes_data,12844924928,12844924928,0.000000,enabled
1782984635.395,2026-07-02 09:30:35.397,buffer_pool_bytes_dirty,4636229632,4636229632,0.000000,enabled
1782984635.395,2026-07-02 09:30:35.397,buffer_pool_pages_data,783992,783992,0.000000,enabled
1782984635.395,2026-07-02 09:30:35.397,buffer_pool_pages_dirty,282973,282973,0.000000,enabled
1782984635.395,2026-07-02 09:30:35.397,buffer_pool_pages_flushed,23903678,23903678,0.000000,enabled
1782984635.395,2026-07-02 09:30:35.397,buffer_pool_pages_free,2344,2344,0.000000,enabled
1782984635.395,2026-07-02 09:30:35.397,buffer_pool_pages_lru_flushed,0,0,0.000000,enabled
1782984635.395,2026-07-02 09:30:35.397,buffer_pool_pages_misc,96,96,0.000000,enabled
1782984635.395,2026-07-02 09:30:35.397,buffer_pool_pages_total,786432,786432,0.000000,enabled
1782984635.395,2026-07-02 09:30:35.397,buffer_pool_reads,69573997,69573997,31453.641951,enabled
1782984635.395,2026-07-02 09:30:35.397,buffer_pool_read_ahead,803715,803715,363.350744,enabled
1782984635.395,2026-07-02 09:30:35.397,buffer_pool_read_ahead_evicted,25,25,0.011302,enabled
1782984635.395,2026-07-02 09:30:35.397,buffer_pool_read_requests,2800487154,2800487154,1266069.559724,enabled
1782984635.395,2026-07-02 09:30:35.397,buffer_pool_size,12884901888,12884901888,0.000000,enabled
1782984635.395,2026-07-02 09:30:35.397,buffer_pool_wait_free,18945,18945,8.564827,enabled
1782984635.395,2026-07-02 09:30:35.397,buffer_pool_write_requests,594610308,594610308,268816.805339,enabled
1782984635.395,2026-07-02 09:30:35.397,dml_deletes,12677223,12677223,5731.232481,enabled
1782984635.395,2026-07-02 09:30:35.397,dml_inserts,112562623,112562623,50888.318498,enabled
1782984635.395,2026-07-02 09:30:35.397,dml_system_deletes,468,468,0.211578,enabled
1782984635.395,2026-07-02 09:30:35.397,dml_system_inserts,1202,1202,0.543411,enabled
1782984635.395,2026-07-02 09:30:35.397,dml_system_reads,7661,7661,3.463453,enabled
1782984635.395,2026-07-02 09:30:35.397,dml_system_updates,620,620,0.280295,enabled
1782984635.395,2026-07-02 09:30:35.397,dml_updates,25354564,25354564,11462.518298,enabled
1782984635.395,2026-07-02 09:30:35.397,file_num_open_files,35,35,0.000000,enabled
1782984635.395,2026-07-02 09:30:35.397,ibuf_merges,0,0,0.000000,enabled
1782984635.395,2026-07-02 09:30:35.397,ibuf_merges_delete,0,0,0.000000,enabled
1782984635.395,2026-07-02 09:30:35.397,ibuf_merges_delete_mark,0,0,0.000000,enabled
1782984635.395,2026-07-02 09:30:35.397,ibuf_merges_discard_delete,0,0,0.000000,enabled
1782984635.395,2026-07-02 09:30:35.397,ibuf_merges_discard_delete_mark,0,0,0.000000,enabled
1782984635.395,2026-07-02 09:30:35.397,ibuf_merges_discard_insert,0,0,0.000000,enabled
1782984635.395,2026-07-02 09:30:35.397,ibuf_merges_insert,0,0,0.000000,enabled
1782984635.395,2026-07-02 09:30:35.397,ibuf_size,1,1,0.000452,enabled
1782984635.395,2026-07-02 09:30:35.397,innodb_activity_count,17473452,17473452,7899.554761,enabled
1782984635.395,2026-07-02 09:30:35.397,innodb_dblwr_pages_written,23903673,23903673,10806.586618,enabled
1782984635.395,2026-07-02 09:30:35.397,innodb_dblwr_writes,487205,487205,220.260001,enabled
1782984635.395,2026-07-02 09:30:35.397,innodb_page_size,16384,16384,0.000000,enabled
1782984635.395,2026-07-02 09:30:35.397,innodb_rwlock_sx_os_waits,0,0,0.000000,enabled
1782984635.395,2026-07-02 09:30:35.397,innodb_rwlock_sx_spin_rounds,0,0,0.000000,enabled
1782984635.395,2026-07-02 09:30:35.397,innodb_rwlock_sx_spin_waits,0,0,0.000000,enabled
1782984635.395,2026-07-02 09:30:35.397,innodb_rwlock_s_os_waits,0,0,0.000000,enabled
1782984635.395,2026-07-02 09:30:35.397,innodb_rwlock_s_spin_rounds,0,0,0.000000,enabled
1782984635.395,2026-07-02 09:30:35.397,innodb_rwlock_s_spin_waits,0,0,0.000000,enabled
1782984635.395,2026-07-02 09:30:35.397,innodb_rwlock_x_os_waits,0,0,0.000000,enabled
1782984635.395,2026-07-02 09:30:35.397,innodb_rwlock_x_spin_rounds,0,0,0.000000,enabled
1782984635.395,2026-07-02 09:30:35.397,innodb_rwlock_x_spin_waits,0,0,0.000000,enabled
1782984635.395,2026-07-02 09:30:35.397,lock_deadlocks,0,0,0.000000,enabled
1782984635.395,2026-07-02 09:30:35.397,lock_deadlock_false_positives,0,0,0.000000,enabled
1782984635.395,2026-07-02 09:30:35.397,lock_deadlock_rounds,2449,2449,1.107166,enabled
1782984635.395,2026-07-02 09:30:35.397,lock_rec_grant_attempts,425,425,0.192138,enabled
1782984635.395,2026-07-02 09:30:35.397,lock_rec_release_attempts,38531551,38531551,17419.692370,enabled
1782984635.395,2026-07-02 09:30:35.397,lock_row_lock_current_waits,0,0,0.000000,enabled
1782984635.395,2026-07-02 09:30:35.397,lock_row_lock_time,323,323,0.146025,enabled
1782984635.395,2026-07-02 09:30:35.397,lock_row_lock_time_avg,0,0,0.000000,enabled
1782984635.395,2026-07-02 09:30:35.397,lock_row_lock_time_max,29,29,0.000000,enabled
1782984635.395,2026-07-02 09:30:35.397,lock_row_lock_waits,425,425,0.192138,enabled
1782984635.395,2026-07-02 09:30:35.397,lock_schedule_refreshes,2449,2449,1.107166,enabled
1782984635.395,2026-07-02 09:30:35.397,lock_threads_waiting,0,0,0.000000,enabled
1782984635.395,2026-07-02 09:30:35.397,lock_timeouts,0,0,0.000000,enabled
1782984635.395,2026-07-02 09:30:35.397,log_waits,0,0,0.000000,enabled
1782984635.395,2026-07-02 09:30:35.397,log_writes,192023360,192023360,86811.645634,enabled
1782984635.395,2026-07-02 09:30:35.397,log_write_requests,400209327,400209327,180930.228038,enabled
1782984635.395,2026-07-02 09:30:35.397,os_data_fsyncs,52056366,52056366,23534.110375,enabled
1782984635.395,2026-07-02 09:30:35.397,os_data_reads,70567180,70567180,31902.645790,enabled
1782984635.395,2026-07-02 09:30:35.397,os_data_writes,216748511,216748511,97989.617370,enabled
1782984635.395,2026-07-02 09:30:35.397,os_log_bytes_written,122840455168,122840455168,55534818.248002,enabled
1782984635.395,2026-07-02 09:30:35.397,os_log_fsyncs,45610455,45610455,20619.984866,enabled
1782984635.395,2026-07-02 09:30:35.397,os_log_pending_fsyncs,0,0,0.000000,enabled
1782984635.395,2026-07-02 09:30:35.397,os_log_pending_writes,0,0,0.000000,enabled
1782984635.395,2026-07-02 09:30:35.397,trx_rseg_history_len,768,768,0.000000,enabled
1782984636.465,2026-07-02 09:30:36.467,adaptive_hash_searches,0,0,0.000000,enabled
1782984636.465,2026-07-02 09:30:36.467,adaptive_hash_searches_btree,582060324,582060324,263016.048208,enabled
1782984636.465,2026-07-02 09:30:36.467,buffer_data_reads,1152204474880,1152204474880,520647598.492899,enabled
1782984636.465,2026-07-02 09:30:36.467,buffer_data_written,550802767872,550802767872,248891706.583889,enabled
1782984636.465,2026-07-02 09:30:36.467,buffer_pages0_read,7,7,0.003163,enabled
1782984636.465,2026-07-02 09:30:36.467,buffer_pages_created,1811143,1811143,818.402707,enabled
1782984636.465,2026-07-02 09:30:36.467,buffer_pages_read,70523559,70523559,31867.539587,enabled
1782984636.465,2026-07-02 09:30:36.467,buffer_pages_written,23980412,23980412,10836.048862,enabled
1782984636.465,2026-07-02 09:30:36.467,buffer_pool_bytes_data,12859457536,12859457536,0.000000,enabled
1782984636.465,2026-07-02 09:30:36.467,buffer_pool_bytes_dirty,4635721728,4635721728,0.000000,enabled
1782984636.465,2026-07-02 09:30:36.467,buffer_pool_pages_data,784880,784880,0.000000,enabled
1782984636.465,2026-07-02 09:30:36.467,buffer_pool_pages_dirty,282942,282942,0.000000,enabled
1782984636.465,2026-07-02 09:30:36.467,buffer_pool_pages_flushed,23923311,23923311,0.000000,enabled
1782984636.465,2026-07-02 09:30:36.467,buffer_pool_pages_free,1458,1458,0.000000,enabled
1782984636.465,2026-07-02 09:30:36.467,buffer_pool_pages_lru_flushed,0,0,0.000000,enabled
1782984636.465,2026-07-02 09:30:36.467,buffer_pool_pages_misc,97,97,0.000000,enabled
1782984636.465,2026-07-02 09:30:36.467,buffer_pool_pages_total,786432,786432,0.000000,enabled
1782984636.465,2026-07-02 09:30:36.467,buffer_pool_reads,69631885,69631885,31464.619386,enabled
1782984636.465,2026-07-02 09:30:36.467,buffer_pool_read_ahead,803715,803715,363.175380,enabled
1782984636.465,2026-07-02 09:30:36.467,buffer_pool_read_ahead_evicted,25,25,0.011297,enabled
1782984636.465,2026-07-02 09:30:36.467,buffer_pool_read_requests,2801328951,2801328951,1265838.899683,enabled
1782984636.465,2026-07-02 09:30:36.467,buffer_pool_size,12884901888,12884901888,0.000000,enabled
1782984636.465,2026-07-02 09:30:36.467,buffer_pool_wait_free,18945,18945,8.560693,enabled
1782984636.465,2026-07-02 09:30:36.467,buffer_pool_write_requests,594724872,594724872,268738.834339,enabled
1782984636.465,2026-07-02 09:30:36.467,dml_deletes,12682120,12682120,5730.679189,enabled
1782984636.465,2026-07-02 09:30:36.467,dml_inserts,112567521,112567521,50865.971191,enabled
1782984636.465,2026-07-02 09:30:36.467,dml_system_deletes,468,468,0.211476,enabled
1782984636.465,2026-07-02 09:30:36.467,dml_system_inserts,1202,1202,0.543149,enabled
1782984636.465,2026-07-02 09:30:36.467,dml_system_reads,7661,7661,3.461782,enabled
1782984636.465,2026-07-02 09:30:36.467,dml_system_updates,620,620,0.280160,enabled
1782984636.465,2026-07-02 09:30:36.467,dml_updates,25364356,25364356,11461.410786,enabled
1782984636.465,2026-07-02 09:30:36.467,file_num_open_files,35,35,0.000000,enabled
1782984636.465,2026-07-02 09:30:36.467,ibuf_merges,0,0,0.000000,enabled
1782984636.465,2026-07-02 09:30:36.467,ibuf_merges_delete,0,0,0.000000,enabled
1782984636.465,2026-07-02 09:30:36.467,ibuf_merges_delete_mark,0,0,0.000000,enabled
1782984636.465,2026-07-02 09:30:36.467,ibuf_merges_discard_delete,0,0,0.000000,enabled
1782984636.465,2026-07-02 09:30:36.467,ibuf_merges_discard_delete_mark,0,0,0.000000,enabled
1782984636.465,2026-07-02 09:30:36.467,ibuf_merges_discard_insert,0,0,0.000000,enabled
1782984636.465,2026-07-02 09:30:36.467,ibuf_merges_insert,0,0,0.000000,enabled
1782984636.465,2026-07-02 09:30:36.467,ibuf_size,1,1,0.000452,enabled
1782984636.465,2026-07-02 09:30:36.467,innodb_activity_count,17479082,17479082,7898.286183,enabled
1782984636.465,2026-07-02 09:30:36.467,innodb_dblwr_pages_written,23921130,23921130,10809.259274,enabled
1782984636.465,2026-07-02 09:30:36.467,innodb_dblwr_writes,487513,487513,220.292872,enabled
1782984636.465,2026-07-02 09:30:36.467,innodb_page_size,16384,16384,0.000000,enabled
1782984636.465,2026-07-02 09:30:36.467,innodb_rwlock_sx_os_waits,0,0,0.000000,enabled
1782984636.465,2026-07-02 09:30:36.467,innodb_rwlock_sx_spin_rounds,0,0,0.000000,enabled
1782984636.465,2026-07-02 09:30:36.467,innodb_rwlock_sx_spin_waits,0,0,0.000000,enabled
1782984636.465,2026-07-02 09:30:36.467,innodb_rwlock_s_os_waits,0,0,0.000000,enabled
1782984636.465,2026-07-02 09:30:36.467,innodb_rwlock_s_spin_rounds,0,0,0.000000,enabled
1782984636.465,2026-07-02 09:30:36.467,innodb_rwlock_s_spin_waits,0,0,0.000000,enabled
1782984636.465,2026-07-02 09:30:36.467,innodb_rwlock_x_os_waits,0,0,0.000000,enabled
1782984636.465,2026-07-02 09:30:36.467,innodb_rwlock_x_spin_rounds,0,0,0.000000,enabled
1782984636.465,2026-07-02 09:30:36.467,innodb_rwlock_x_spin_waits,0,0,0.000000,enabled
1782984636.465,2026-07-02 09:30:36.467,lock_deadlocks,0,0,0.000000,enabled
1782984636.465,2026-07-02 09:30:36.467,lock_deadlock_false_positives,0,0,0.000000,enabled
1782984636.465,2026-07-02 09:30:36.467,lock_deadlock_rounds,2450,2450,1.107084,enabled
1782984636.465,2026-07-02 09:30:36.467,lock_rec_grant_attempts,425,425,0.192045,enabled
1782984636.465,2026-07-02 09:30:36.467,lock_rec_release_attempts,38546437,38546437,17418.011674,enabled
1782984636.465,2026-07-02 09:30:36.467,lock_row_lock_current_waits,0,0,0.000000,enabled
1782984636.465,2026-07-02 09:30:36.467,lock_row_lock_time,323,323,0.145954,enabled
1782984636.465,2026-07-02 09:30:36.467,lock_row_lock_time_avg,0,0,0.000000,enabled
1782984636.465,2026-07-02 09:30:36.467,lock_row_lock_time_max,29,29,0.000000,enabled
1782984636.465,2026-07-02 09:30:36.467,lock_row_lock_waits,425,425,0.192045,enabled
1782984636.465,2026-07-02 09:30:36.467,lock_schedule_refreshes,2450,2450,1.107084,enabled
1782984636.465,2026-07-02 09:30:36.467,lock_threads_waiting,0,0,0.000000,enabled
1782984636.465,2026-07-02 09:30:36.467,lock_timeouts,0,0,0.000000,enabled
1782984636.465,2026-07-02 09:30:36.467,log_waits,0,0,0.000000,enabled
1782984636.465,2026-07-02 09:30:36.467,log_writes,192103288,192103288,86805.864238,enabled
1782984636.465,2026-07-02 09:30:36.467,log_write_requests,400292532,400292532,180880.502241,enabled
1782984636.465,2026-07-02 09:30:36.467,os_data_fsyncs,52090887,52090887,23538.350986,enabled
1782984636.465,2026-07-02 09:30:36.467,os_data_reads,70624945,70624945,31913.350724,enabled
1782984636.465,2026-07-02 09:30:36.467,os_data_writes,216845307,216845307,97986.063276,enabled
1782984636.465,2026-07-02 09:30:36.467,os_log_bytes_written,122882180608,122882180608,55526869.623022,enabled
1782984636.465,2026-07-02 09:30:36.467,os_log_fsyncs,45640163,45640163,20623.457086,enabled
1782984636.465,2026-07-02 09:30:36.467,os_log_pending_fsyncs,1,1,0.000452,enabled
1782984636.465,2026-07-02 09:30:36.467,os_log_pending_writes,0,0,0.000000,enabled
1782984636.465,2026-07-02 09:30:36.467,trx_rseg_history_len,862,862,0.000000,enabled
1782984637.534,2026-07-02 09:30:37.536,adaptive_hash_searches,0,0,0.000000,enabled
1782984637.534,2026-07-02 09:30:37.536,adaptive_hash_searches_btree,582229958,582229958,262965.806321,enabled
1782984637.534,2026-07-02 09:30:37.536,buffer_data_reads,1153147881984,1153147881984,520822576.053942,enabled
1782984637.534,2026-07-02 09:30:37.536,buffer_data_written,551117138432,551117138432,248913649.340408,enabled
1782984637.534,2026-07-02 09:30:37.536,buffer_pages0_read,7,7,0.003162,enabled
1782984637.534,2026-07-02 09:30:37.536,buffer_pages_created,1811178,1811178,818.023790,enabled
1782984637.534,2026-07-02 09:30:37.536,buffer_pages_read,70581315,70581315,31878.255123,enabled
1782984637.534,2026-07-02 09:30:37.536,buffer_pages_written,23996649,23996649,10838.155990,enabled
1782984637.534,2026-07-02 09:30:37.536,buffer_pool_bytes_data,12860686336,12860686336,0.000000,enabled
1782984637.534,2026-07-02 09:30:37.536,buffer_pool_bytes_dirty,4641259520,4641259520,0.000000,enabled
1782984637.534,2026-07-02 09:30:37.536,buffer_pool_pages_data,784954,784954,0.000000,enabled
1782984637.534,2026-07-02 09:30:37.536,buffer_pool_pages_dirty,283281,283281,0.000000,enabled
1782984637.534,2026-07-02 09:30:37.536,buffer_pool_pages_flushed,23939560,23939560,0.000000,enabled
1782984637.534,2026-07-02 09:30:37.536,buffer_pool_pages_free,1383,1383,0.000000,enabled
1782984637.534,2026-07-02 09:30:37.536,buffer_pool_pages_lru_flushed,0,0,0.000000,enabled
1782984637.534,2026-07-02 09:30:37.536,buffer_pool_pages_misc,96,96,0.000000,enabled
1782984637.534,2026-07-02 09:30:37.536,buffer_pool_pages_total,786432,786432,0.000000,enabled
1782984637.534,2026-07-02 09:30:37.536,buffer_pool_reads,69689586,69689586,31475.504323,enabled
1782984637.534,2026-07-02 09:30:37.536,buffer_pool_read_ahead,803715,803715,363.000215,enabled
1782984637.534,2026-07-02 09:30:37.536,buffer_pool_read_ahead_evicted,25,25,0.011291,enabled
1782984637.534,2026-07-02 09:30:37.536,buffer_pool_read_requests,2802169797,2802169797,1265608.137088,enabled
1782984637.534,2026-07-02 09:30:37.536,buffer_pool_size,12884901888,12884901888,0.000000,enabled
1782984637.534,2026-07-02 09:30:37.536,buffer_pool_wait_free,18945,18945,8.556564,enabled
1782984637.534,2026-07-02 09:30:37.536,buffer_pool_write_requests,594839635,594839635,268661.050572,enabled
1782984637.534,2026-07-02 09:30:37.536,dml_deletes,12687025,12687025,5730.130529,enabled
1782984637.534,2026-07-02 09:30:37.536,dml_inserts,112572426,112572426,50843.652916,enabled
1782984637.534,2026-07-02 09:30:37.536,dml_system_deletes,468,468,0.211374,enabled
1782984637.534,2026-07-02 09:30:37.536,dml_system_inserts,1202,1202,0.542887,enabled
1782984637.534,2026-07-02 09:30:37.536,dml_system_reads,7661,7661,3.460112,enabled
1782984637.534,2026-07-02 09:30:37.536,dml_system_updates,620,620,0.280025,enabled
1782984637.534,2026-07-02 09:30:37.536,dml_updates,25374163,25374163,11460.312083,enabled
1782984637.534,2026-07-02 09:30:37.536,file_num_open_files,35,35,0.000000,enabled
1782984637.534,2026-07-02 09:30:37.536,ibuf_merges,0,0,0.000000,enabled
1782984637.534,2026-07-02 09:30:37.536,ibuf_merges_delete,0,0,0.000000,enabled
1782984637.534,2026-07-02 09:30:37.536,ibuf_merges_delete_mark,0,0,0.000000,enabled
1782984637.534,2026-07-02 09:30:37.536,ibuf_merges_discard_delete,0,0,0.000000,enabled
1782984637.534,2026-07-02 09:30:37.536,ibuf_merges_discard_delete_mark,0,0,0.000000,enabled
1782984637.534,2026-07-02 09:30:37.536,ibuf_merges_discard_insert,0,0,0.000000,enabled
1782984637.534,2026-07-02 09:30:37.536,ibuf_merges_insert,0,0,0.000000,enabled
1782984637.534,2026-07-02 09:30:37.536,ibuf_size,1,1,0.000452,enabled
1782984637.534,2026-07-02 09:30:37.536,innodb_activity_count,17484715,17484715,7897.020854,enabled
1782984637.534,2026-07-02 09:30:37.536,innodb_dblwr_pages_written,23937379,23937379,10811.384678,enabled
1782984637.534,2026-07-02 09:30:37.536,innodb_dblwr_writes,487880,487880,220.352377,enabled
1782984637.534,2026-07-02 09:30:37.536,innodb_page_size,16384,16384,0.000000,enabled
1782984637.534,2026-07-02 09:30:37.536,innodb_rwlock_sx_os_waits,0,0,0.000000,enabled
1782984637.534,2026-07-02 09:30:37.536,innodb_rwlock_sx_spin_rounds,0,0,0.000000,enabled
1782984637.534,2026-07-02 09:30:37.536,innodb_rwlock_sx_spin_waits,0,0,0.000000,enabled
1782984637.534,2026-07-02 09:30:37.536,innodb_rwlock_s_os_waits,0,0,0.000000,enabled
1782984637.534,2026-07-02 09:30:37.536,innodb_rwlock_s_spin_rounds,0,0,0.000000,enabled
1782984637.534,2026-07-02 09:30:37.536,innodb_rwlock_s_spin_waits,0,0,0.000000,enabled
1782984637.534,2026-07-02 09:30:37.536,innodb_rwlock_x_os_waits,0,0,0.000000,enabled
1782984637.534,2026-07-02 09:30:37.536,innodb_rwlock_x_spin_rounds,0,0,0.000000,enabled
1782984637.534,2026-07-02 09:30:37.536,innodb_rwlock_x_spin_waits,0,0,0.000000,enabled
1782984637.534,2026-07-02 09:30:37.536,lock_deadlocks,0,0,0.000000,enabled
1782984637.534,2026-07-02 09:30:37.536,lock_deadlock_false_positives,0,0,0.000000,enabled
1782984637.534,2026-07-02 09:30:37.536,lock_deadlock_rounds,2451,2451,1.107001,enabled
1782984637.534,2026-07-02 09:30:37.536,lock_rec_grant_attempts,425,425,0.191952,enabled
1782984637.534,2026-07-02 09:30:37.536,lock_rec_release_attempts,38561337,38561337,17416.340317,enabled
1782984637.534,2026-07-02 09:30:37.536,lock_row_lock_current_waits,0,0,0.000000,enabled
1782984637.534,2026-07-02 09:30:37.536,lock_row_lock_time,323,323,0.145884,enabled
1782984637.534,2026-07-02 09:30:37.536,lock_row_lock_time_avg,0,0,0.000000,enabled
1782984637.534,2026-07-02 09:30:37.536,lock_row_lock_time_max,29,29,0.000000,enabled
1782984637.534,2026-07-02 09:30:37.536,lock_row_lock_waits,425,425,0.191952,enabled
1782984637.534,2026-07-02 09:30:37.536,lock_schedule_refreshes,2451,2451,1.107001,enabled
1782984637.534,2026-07-02 09:30:37.536,lock_threads_waiting,0,0,0.000000,enabled
1782984637.534,2026-07-02 09:30:37.536,lock_timeouts,0,0,0.000000,enabled
1782984637.534,2026-07-02 09:30:37.536,log_waits,0,0,0.000000,enabled
1782984637.534,2026-07-02 09:30:37.536,log_writes,192183433,192183433,86800.193796,enabled
1782984637.534,2026-07-02 09:30:37.536,log_write_requests,400375755,400375755,180830.847923,enabled
1782984637.534,2026-07-02 09:30:37.536,os_data_fsyncs,52126075,52126075,23542.890706,enabled
1782984637.534,2026-07-02 09:30:37.536,os_data_reads,70682558,70682558,31923.979329,enabled
1782984637.534,2026-07-02 09:30:37.536,os_data_writes,216941947,216941947,97982.450289,enabled
1782984637.534,2026-07-02 09:30:37.536,os_log_bytes_written,122924212224,122924212224,55519071.545014,enabled
1782984637.534,2026-07-02 09:30:37.536,os_log_fsyncs,45670262,45670262,20627.104257,enabled
1782984637.534,2026-07-02 09:30:37.536,os_log_pending_fsyncs,1,1,0.000452,enabled
1782984637.534,2026-07-02 09:30:37.536,os_log_pending_writes,0,0,0.000000,enabled
1782984637.534,2026-07-02 09:30:37.536,trx_rseg_history_len,932,932,0.000000,enabled
1782984638.602,2026-07-02 09:30:38.603,adaptive_hash_searches,0,0,0.000000,enabled
1782984638.602,2026-07-02 09:30:38.603,adaptive_hash_searches_btree,582400216,582400216,262915.327115,enabled
1782984638.602,2026-07-02 09:30:38.603,buffer_data_reads,1154085980672,1154085980672,520993852.537440,enabled
1782984638.602,2026-07-02 09:30:38.603,buffer_data_written,551433405952,551433405952,248935884.465392,enabled
1782984638.602,2026-07-02 09:30:38.603,buffer_pages0_read,7,7,0.003160,enabled
1782984638.602,2026-07-02 09:30:38.603,buffer_pages_created,1811204,1811204,817.639391,enabled
1782984638.602,2026-07-02 09:30:38.603,buffer_pages_read,70638733,70638733,31888.738214,enabled
1782984638.602,2026-07-02 09:30:38.603,buffer_pages_written,24013012,24013012,10840.294319,enabled
1782984638.602,2026-07-02 09:30:38.603,buffer_pool_bytes_data,12851036160,12851036160,0.000000,enabled
1782984638.602,2026-07-02 09:30:38.603,buffer_pool_bytes_dirty,4641767424,4641767424,0.000000,enabled
1782984638.602,2026-07-02 09:30:38.603,buffer_pool_pages_data,784365,784365,0.000000,enabled
1782984638.602,2026-07-02 09:30:38.603,buffer_pool_pages_dirty,283311,283311,0.000000,enabled
1782984638.602,2026-07-02 09:30:38.603,buffer_pool_pages_flushed,23955942,23955942,0.000000,enabled
1782984638.602,2026-07-02 09:30:38.603,buffer_pool_pages_free,1969,1969,0.000000,enabled
1782984638.602,2026-07-02 09:30:38.603,buffer_pool_pages_lru_flushed,0,0,0.000000,enabled
1782984638.602,2026-07-02 09:30:38.603,buffer_pool_pages_misc,96,96,0.000000,enabled
1782984638.602,2026-07-02 09:30:38.603,buffer_pool_pages_total,786432,786432,0.000000,enabled
1782984638.602,2026-07-02 09:30:38.603,buffer_pool_reads,69746939,69746939,31486.153017,enabled
1782984638.602,2026-07-02 09:30:38.603,buffer_pool_read_ahead,803715,803715,362.824427,enabled
1782984638.602,2026-07-02 09:30:38.603,buffer_pool_read_ahead_evicted,25,25,0.011286,enabled
1782984638.602,2026-07-02 09:30:38.603,buffer_pool_read_requests,2803012876,2803012876,1265375.844809,enabled
1782984638.602,2026-07-02 09:30:38.603,buffer_pool_size,12884901888,12884901888,0.000000,enabled
1782984638.602,2026-07-02 09:30:38.603,buffer_pool_wait_free,18945,18945,8.552421,enabled
1782984638.602,2026-07-02 09:30:38.603,buffer_pool_write_requests,594954814,594954814,268582.943810,enabled
1782984638.602,2026-07-02 09:30:38.603,dml_deletes,12691936,12691936,5729.572729,enabled
1782984638.602,2026-07-02 09:30:38.603,dml_inserts,112577337,112577337,50821.249064,enabled
1782984638.602,2026-07-02 09:30:38.603,dml_system_deletes,468,468,0.211271,enabled
1782984638.602,2026-07-02 09:30:38.603,dml_system_inserts,1202,1202,0.542624,enabled
1782984638.602,2026-07-02 09:30:38.603,dml_system_reads,7661,7661,3.458437,enabled
1782984638.602,2026-07-02 09:30:38.603,dml_system_updates,620,620,0.279889,enabled
1782984638.602,2026-07-02 09:30:38.603,dml_updates,25383990,25383990,11459.198715,enabled
1782984638.602,2026-07-02 09:30:38.603,file_num_open_files,35,35,0.000000,enabled
1782984638.602,2026-07-02 09:30:38.603,ibuf_merges,0,0,0.000000,enabled
1782984638.602,2026-07-02 09:30:38.603,ibuf_merges_delete,0,0,0.000000,enabled
1782984638.602,2026-07-02 09:30:38.603,ibuf_merges_delete_mark,0,0,0.000000,enabled
1782984638.602,2026-07-02 09:30:38.603,ibuf_merges_discard_delete,0,0,0.000000,enabled
1782984638.602,2026-07-02 09:30:38.603,ibuf_merges_discard_delete_mark,0,0,0.000000,enabled
1782984638.602,2026-07-02 09:30:38.603,ibuf_merges_discard_insert,0,0,0.000000,enabled
1782984638.602,2026-07-02 09:30:38.603,ibuf_merges_insert,0,0,0.000000,enabled
1782984638.602,2026-07-02 09:30:38.603,ibuf_size,1,1,0.000451,enabled
1782984638.602,2026-07-02 09:30:38.603,innodb_activity_count,17490354,17490354,7895.742412,enabled
1782984638.602,2026-07-02 09:30:38.603,innodb_dblwr_pages_written,23953761,23953761,10813.544732,enabled
1782984638.602,2026-07-02 09:30:38.603,innodb_dblwr_writes,488274,488274,220.423538,enabled
1782984638.602,2026-07-02 09:30:38.603,innodb_page_size,16384,16384,0.000000,enabled
1782984638.602,2026-07-02 09:30:38.603,innodb_rwlock_sx_os_waits,0,0,0.000000,enabled
1782984638.602,2026-07-02 09:30:38.603,innodb_rwlock_sx_spin_rounds,0,0,0.000000,enabled
1782984638.602,2026-07-02 09:30:38.603,innodb_rwlock_sx_spin_waits,0,0,0.000000,enabled
1782984638.602,2026-07-02 09:30:38.603,innodb_rwlock_s_os_waits,0,0,0.000000,enabled
1782984638.602,2026-07-02 09:30:38.603,innodb_rwlock_s_spin_rounds,0,0,0.000000,enabled
1782984638.602,2026-07-02 09:30:38.603,innodb_rwlock_s_spin_waits,0,0,0.000000,enabled
1782984638.602,2026-07-02 09:30:38.603,innodb_rwlock_x_os_waits,0,0,0.000000,enabled
1782984638.602,2026-07-02 09:30:38.603,innodb_rwlock_x_spin_rounds,0,0,0.000000,enabled
1782984638.602,2026-07-02 09:30:38.603,innodb_rwlock_x_spin_waits,0,0,0.000000,enabled
1782984638.602,2026-07-02 09:30:38.603,lock_deadlocks,0,0,0.000000,enabled
1782984638.602,2026-07-02 09:30:38.603,lock_deadlock_false_positives,0,0,0.000000,enabled
1782984638.602,2026-07-02 09:30:38.603,lock_deadlock_rounds,2452,2452,1.106917,enabled
1782984638.602,2026-07-02 09:30:38.603,lock_rec_grant_attempts,425,425,0.191860,enabled
1782984638.602,2026-07-02 09:30:38.603,lock_rec_release_attempts,38576249,38576249,17414.637995,enabled
1782984638.602,2026-07-02 09:30:38.603,lock_row_lock_current_waits,0,0,0.000000,enabled
1782984638.602,2026-07-02 09:30:38.603,lock_row_lock_time,323,323,0.145813,enabled
1782984638.602,2026-07-02 09:30:38.603,lock_row_lock_time_avg,0,0,0.000000,enabled
1782984638.602,2026-07-02 09:30:38.603,lock_row_lock_time_max,29,29,0.000000,enabled
1782984638.602,2026-07-02 09:30:38.603,lock_row_lock_waits,425,425,0.191860,enabled
1782984638.602,2026-07-02 09:30:38.603,lock_schedule_refreshes,2452,2452,1.106917,enabled
1782984638.602,2026-07-02 09:30:38.603,lock_threads_waiting,0,0,0.000000,enabled
1782984638.602,2026-07-02 09:30:38.603,lock_timeouts,0,0,0.000000,enabled
1782984638.602,2026-07-02 09:30:38.603,log_waits,0,0,0.000000,enabled
1782984638.602,2026-07-02 09:30:38.603,log_writes,192263416,192263416,86794.268316,enabled
1782984638.602,2026-07-02 09:30:38.603,log_write_requests,400459310,400459310,180781.001131,enabled
1782984638.602,2026-07-02 09:30:38.603,os_data_fsyncs,52161057,52161057,23547.282248,enabled
1782984638.602,2026-07-02 09:30:38.603,os_data_reads,70739805,70739805,31934.363540,enabled
1782984638.602,2026-07-02 09:30:38.603,os_data_writes,217038565,217038565,97978.619423,enabled
1782984638.602,2026-07-02 09:30:38.603,os_log_bytes_written,122966161920,122966161920,55511124.262946,enabled
1782984638.602,2026-07-02 09:30:38.603,os_log_fsyncs,45699947,45699947,20630.516514,enabled
1782984638.602,2026-07-02 09:30:38.603,os_log_pending_fsyncs,1,1,0.000451,enabled
1782984638.602,2026-07-02 09:30:38.603,os_log_pending_writes,0,0,0.000000,enabled
1782984638.602,2026-07-02 09:30:38.603,trx_rseg_history_len,937,937,0.000000,enabled
1782984639.674,2026-07-02 09:30:39.675,adaptive_hash_searches,0,0,0.000000,enabled
1782984639.674,2026-07-02 09:30:39.675,adaptive_hash_searches_btree,582570898,582570898,262865.097228,enabled
1782984639.674,2026-07-02 09:30:39.675,buffer_data_reads,1155030387200,1155030387200,521167842.236194,enabled
1782984639.674,2026-07-02 09:30:39.675,buffer_data_written,551747709952,551747709952,248957227.768541,enabled
1782984639.674,2026-07-02 09:30:39.675,buffer_pages0_read,7,7,0.003159,enabled
1782984639.674,2026-07-02 09:30:39.675,buffer_pages_created,1811243,1811243,817.261281,enabled
1782984639.674,2026-07-02 09:30:39.675,buffer_pages_read,70696544,70696544,31899.390504,enabled
1782984639.674,2026-07-02 09:30:39.675,buffer_pages_written,24029244,24029244,10842.372160,enabled
1782984639.674,2026-07-02 09:30:39.675,buffer_pool_bytes_data,12856623104,12856623104,0.000000,enabled
1782984639.674,2026-07-02 09:30:39.675,buffer_pool_bytes_dirty,4649680896,4649680896,0.000000,enabled
1782984639.674,2026-07-02 09:30:39.675,buffer_pool_pages_data,784704,784704,0.000000,enabled
1782984639.674,2026-07-02 09:30:39.675,buffer_pool_pages_dirty,283794,283794,0.000000,enabled
1782984639.674,2026-07-02 09:30:39.675,buffer_pool_pages_flushed,23972174,23972174,0.000000,enabled
1782984639.674,2026-07-02 09:30:39.675,buffer_pool_pages_free,1629,1629,0.000000,enabled
1782984639.674,2026-07-02 09:30:39.675,buffer_pool_pages_lru_flushed,0,0,0.000000,enabled
1782984639.674,2026-07-02 09:30:39.675,buffer_pool_pages_misc,98,98,0.000000,enabled
1782984639.674,2026-07-02 09:30:39.675,buffer_pool_pages_total,786432,786432,0.000000,enabled
1782984639.674,2026-07-02 09:30:39.675,buffer_pool_reads,69804688,69804688,31496.972244,enabled
1782984639.674,2026-07-02 09:30:39.675,buffer_pool_read_ahead,803715,803715,362.648835,enabled
1782984639.674,2026-07-02 09:30:39.675,buffer_pool_read_ahead_evicted,25,25,0.011280,enabled
1782984639.674,2026-07-02 09:30:39.675,buffer_pool_read_requests,2803858497,2803858497,1265145.011325,enabled
1782984639.674,2026-07-02 09:30:39.675,buffer_pool_size,12884901888,12884901888,0.000000,enabled
1782984639.674,2026-07-02 09:30:39.675,buffer_pool_wait_free,18945,18945,8.548282,enabled
1782984639.674,2026-07-02 09:30:39.675,buffer_pool_write_requests,595070043,595070043,268504.953584,enabled
1782984639.674,2026-07-02 09:30:39.675,dml_deletes,12696861,12696861,5729.022005,enabled
1782984639.674,2026-07-02 09:30:39.675,dml_inserts,112582261,112582261,50798.874723,enabled
1782984639.674,2026-07-02 09:30:39.675,dml_system_deletes,468,468,0.211169,enabled
1782984639.674,2026-07-02 09:30:39.675,dml_system_inserts,1202,1202,0.542361,enabled
1782984639.674,2026-07-02 09:30:39.675,dml_system_reads,7661,7661,3.456763,enabled
1782984639.674,2026-07-02 09:30:39.675,dml_system_updates,620,620,0.279754,enabled
1782984639.674,2026-07-02 09:30:39.675,dml_updates,25393841,25393841,11458.097691,enabled
1782984639.674,2026-07-02 09:30:39.675,file_num_open_files,35,35,0.000000,enabled
1782984639.674,2026-07-02 09:30:39.675,ibuf_merges,0,0,0.000000,enabled
1782984639.674,2026-07-02 09:30:39.675,ibuf_merges_delete,0,0,0.000000,enabled
1782984639.674,2026-07-02 09:30:39.675,ibuf_merges_delete_mark,0,0,0.000000,enabled
1782984639.674,2026-07-02 09:30:39.675,ibuf_merges_discard_delete,0,0,0.000000,enabled
1782984639.674,2026-07-02 09:30:39.675,ibuf_merges_discard_delete_mark,0,0,0.000000,enabled
1782984639.674,2026-07-02 09:30:39.675,ibuf_merges_discard_insert,0,0,0.000000,enabled
1782984639.674,2026-07-02 09:30:39.675,ibuf_merges_insert,0,0,0.000000,enabled
1782984639.674,2026-07-02 09:30:39.675,ibuf_size,1,1,0.000451,enabled
1782984639.674,2026-07-02 09:30:39.675,innodb_activity_count,17496016,17496016,7894.475849,enabled
1782984639.674,2026-07-02 09:30:39.675,innodb_dblwr_pages_written,23969994,23969994,10815.635823,enabled
1782984639.674,2026-07-02 09:30:39.675,innodb_dblwr_writes,488622,488622,220.473881,enabled
1782984639.674,2026-07-02 09:30:39.675,innodb_page_size,16384,16384,0.000000,enabled
1782984639.674,2026-07-02 09:30:39.675,innodb_rwlock_sx_os_waits,0,0,0.000000,enabled
1782984639.674,2026-07-02 09:30:39.675,innodb_rwlock_sx_spin_rounds,0,0,0.000000,enabled
1782984639.674,2026-07-02 09:30:39.675,innodb_rwlock_sx_spin_waits,0,0,0.000000,enabled
1782984639.674,2026-07-02 09:30:39.675,innodb_rwlock_s_os_waits,0,0,0.000000,enabled
1782984639.674,2026-07-02 09:30:39.675,innodb_rwlock_s_spin_rounds,0,0,0.000000,enabled
1782984639.674,2026-07-02 09:30:39.675,innodb_rwlock_s_spin_waits,0,0,0.000000,enabled
1782984639.674,2026-07-02 09:30:39.675,innodb_rwlock_x_os_waits,0,0,0.000000,enabled
1782984639.674,2026-07-02 09:30:39.675,innodb_rwlock_x_spin_rounds,0,0,0.000000,enabled
1782984639.674,2026-07-02 09:30:39.675,innodb_rwlock_x_spin_waits,0,0,0.000000,enabled
1782984639.674,2026-07-02 09:30:39.675,lock_deadlocks,0,0,0.000000,enabled
1782984639.674,2026-07-02 09:30:39.675,lock_deadlock_false_positives,0,0,0.000000,enabled
1782984639.674,2026-07-02 09:30:39.675,lock_deadlock_rounds,2453,2453,1.106832,enabled
1782984639.674,2026-07-02 09:30:39.675,lock_rec_grant_attempts,425,425,0.191767,enabled
1782984639.674,2026-07-02 09:30:39.675,lock_rec_release_attempts,38591195,38591195,17412.953855,enabled
1782984639.674,2026-07-02 09:30:39.675,lock_row_lock_current_waits,0,0,0.000000,enabled
1782984639.674,2026-07-02 09:30:39.675,lock_row_lock_time,323,323,0.145743,enabled
1782984639.674,2026-07-02 09:30:39.675,lock_row_lock_time_avg,0,0,0.000000,enabled
1782984639.674,2026-07-02 09:30:39.675,lock_row_lock_time_max,29,29,0.000000,enabled
1782984639.674,2026-07-02 09:30:39.675,lock_row_lock_waits,425,425,0.191767,enabled
1782984639.674,2026-07-02 09:30:39.675,lock_schedule_refreshes,2453,2453,1.106832,enabled
1782984639.674,2026-07-02 09:30:39.675,lock_threads_waiting,0,0,0.000000,enabled
1782984639.674,2026-07-02 09:30:39.675,lock_timeouts,0,0,0.000000,enabled
1782984639.674,2026-07-02 09:30:39.675,log_waits,0,0,0.000000,enabled
1782984639.674,2026-07-02 09:30:39.675,log_writes,192344019,192344019,86788.631746,enabled
1782984639.674,2026-07-02 09:30:39.675,log_write_requests,400542853,400542853,180731.204292,enabled
1782984639.674,2026-07-02 09:30:39.675,os_data_fsyncs,52196026,52196026,23551.664681,enabled
1782984639.674,2026-07-02 09:30:39.675,os_data_reads,70797428,70797428,31944.908748,enabled
1782984639.674,2026-07-02 09:30:39.675,os_data_writes,217135648,217135648,97975.006305,enabled
1782984639.674,2026-07-02 09:30:39.675,os_log_bytes_written,123008282112,123008282112,55503263.919208,enabled
1782984639.674,2026-07-02 09:30:39.675,os_log_fsyncs,45730085,45730085,20634.130734,enabled
1782984639.674,2026-07-02 09:30:39.675,os_log_pending_fsyncs,0,0,0.000000,enabled
1782984639.674,2026-07-02 09:30:39.675,os_log_pending_writes,1,1,0.000451,enabled
1782984639.674,2026-07-02 09:30:39.675,trx_rseg_history_len,1056,1056,0.000000,enabled
1782984640.747,2026-07-02 09:30:40.749,adaptive_hash_searches,0,0,0.000000,enabled
1782984640.747,2026-07-02 09:30:40.749,adaptive_hash_searches_btree,582743486,582743486,262815.854172,enabled
1782984640.747,2026-07-02 09:30:40.749,buffer_data_reads,1155991276032,1155991276032,521349244.855381,enabled
1782984640.747,2026-07-02 09:30:40.749,buffer_data_written,552064620544,552064620544,248979796.604272,enabled
1782984640.747,2026-07-02 09:30:40.749,buffer_pages0_read,7,7,0.003157,enabled
1782984640.747,2026-07-02 09:30:40.749,buffer_pages_created,1811283,1811283,816.884221,enabled
1782984640.747,2026-07-02 09:30:40.749,buffer_pages_read,70755366,70755366,31910.497497,enabled
1782984640.747,2026-07-02 09:30:40.749,buffer_pages_written,24045681,24045681,10844.543524,enabled
1782984640.747,2026-07-02 09:30:40.749,buffer_pool_bytes_data,12854018048,12854018048,0.000000,enabled
1782984640.747,2026-07-02 09:30:40.749,buffer_pool_bytes_dirty,4655022080,4655022080,0.000000,enabled
1782984640.747,2026-07-02 09:30:40.749,buffer_pool_pages_data,784546,784546,0.000000,enabled
1782984640.747,2026-07-02 09:30:40.749,buffer_pool_pages_dirty,284120,284120,0.000000,enabled
1782984640.747,2026-07-02 09:30:40.749,buffer_pool_pages_flushed,23988611,23988611,0.000000,enabled
1782984640.747,2026-07-02 09:30:40.749,buffer_pool_pages_free,1789,1789,0.000000,enabled
1782984640.747,2026-07-02 09:30:40.749,buffer_pool_pages_lru_flushed,0,0,0.000000,enabled
1782984640.747,2026-07-02 09:30:40.749,buffer_pool_pages_misc,97,97,0.000000,enabled
1782984640.747,2026-07-02 09:30:40.749,buffer_pool_pages_total,786432,786432,0.000000,enabled
1782984640.747,2026-07-02 09:30:40.749,buffer_pool_reads,69863444,69863444,31508.244141,enabled
1782984640.747,2026-07-02 09:30:40.749,buffer_pool_read_ahead,803715,803715,362.473515,enabled
1782984640.747,2026-07-02 09:30:40.749,buffer_pool_read_ahead_evicted,25,25,0.011275,enabled
1782984640.747,2026-07-02 09:30:40.749,buffer_pool_read_requests,2804713692,2804713692,1264919.079189,enabled
1782984640.747,2026-07-02 09:30:40.749,buffer_pool_size,12884901888,12884901888,0.000000,enabled
1782984640.747,2026-07-02 09:30:40.749,buffer_pool_wait_free,18945,18945,8.544149,enabled
1782984640.747,2026-07-02 09:30:40.749,buffer_pool_write_requests,595186622,595186622,268427.724080,enabled
1782984640.747,2026-07-02 09:30:40.749,dml_deletes,12701843,12701843,5728.499233,enabled
1782984640.747,2026-07-02 09:30:40.749,dml_inserts,112587244,112587244,50776.563808,enabled
1782984640.747,2026-07-02 09:30:40.749,dml_system_deletes,468,468,0.211067,enabled
1782984640.747,2026-07-02 09:30:40.749,dml_system_inserts,1202,1202,0.542099,enabled
1782984640.747,2026-07-02 09:30:40.749,dml_system_reads,7661,7661,3.455092,enabled
1782984640.747,2026-07-02 09:30:40.749,dml_system_updates,620,620,0.279618,enabled
1782984640.747,2026-07-02 09:30:40.749,dml_updates,25403799,25403799,11457.049416,enabled
1782984640.747,2026-07-02 09:30:40.749,file_num_open_files,35,35,0.000000,enabled
1782984640.747,2026-07-02 09:30:40.749,ibuf_merges,0,0,0.000000,enabled
1782984640.747,2026-07-02 09:30:40.749,ibuf_merges_delete,0,0,0.000000,enabled
1782984640.747,2026-07-02 09:30:40.749,ibuf_merges_delete_mark,0,0,0.000000,enabled
1782984640.747,2026-07-02 09:30:40.749,ibuf_merges_discard_delete,0,0,0.000000,enabled
1782984640.747,2026-07-02 09:30:40.749,ibuf_merges_discard_delete_mark,0,0,0.000000,enabled
1782984640.747,2026-07-02 09:30:40.749,ibuf_merges_discard_insert,0,0,0.000000,enabled
1782984640.747,2026-07-02 09:30:40.749,ibuf_merges_insert,0,0,0.000000,enabled
1782984640.747,2026-07-02 09:30:40.749,ibuf_size,1,1,0.000451,enabled
1782984640.747,2026-07-02 09:30:40.749,innodb_activity_count,17501743,17501743,7893.242198,enabled
1782984640.747,2026-07-02 09:30:40.749,innodb_dblwr_pages_written,23986430,23986430,10817.819688,enabled
1782984640.747,2026-07-02 09:30:40.749,innodb_dblwr_writes,488986,488986,220.531458,enabled
1782984640.747,2026-07-02 09:30:40.749,innodb_page_size,16384,16384,0.000000,enabled
1782984640.747,2026-07-02 09:30:40.749,innodb_rwlock_sx_os_waits,0,0,0.000000,enabled
1782984640.747,2026-07-02 09:30:40.749,innodb_rwlock_sx_spin_rounds,0,0,0.000000,enabled
1782984640.747,2026-07-02 09:30:40.749,innodb_rwlock_sx_spin_waits,0,0,0.000000,enabled
1782984640.747,2026-07-02 09:30:40.749,innodb_rwlock_s_os_waits,0,0,0.000000,enabled
1782984640.747,2026-07-02 09:30:40.749,innodb_rwlock_s_spin_rounds,0,0,0.000000,enabled
1782984640.747,2026-07-02 09:30:40.749,innodb_rwlock_s_spin_waits,0,0,0.000000,enabled
1782984640.747,2026-07-02 09:30:40.749,innodb_rwlock_x_os_waits,0,0,0.000000,enabled
1782984640.747,2026-07-02 09:30:40.749,innodb_rwlock_x_spin_rounds,0,0,0.000000,enabled
1782984640.747,2026-07-02 09:30:40.749,innodb_rwlock_x_spin_waits,0,0,0.000000,enabled
1782984640.747,2026-07-02 09:30:40.749,lock_deadlocks,0,0,0.000000,enabled
1782984640.747,2026-07-02 09:30:40.749,lock_deadlock_false_positives,0,0,0.000000,enabled
1782984640.747,2026-07-02 09:30:40.749,lock_deadlock_rounds,2454,2454,1.106748,enabled
1782984640.747,2026-07-02 09:30:40.749,lock_rec_grant_attempts,425,425,0.191674,enabled
1782984640.747,2026-07-02 09:30:40.749,lock_rec_release_attempts,38606343,38606343,17411.367473,enabled
1782984640.747,2026-07-02 09:30:40.749,lock_row_lock_current_waits,0,0,0.000000,enabled
1782984640.747,2026-07-02 09:30:40.749,lock_row_lock_time,323,323,0.145672,enabled
1782984640.747,2026-07-02 09:30:40.749,lock_row_lock_time_avg,0,0,0.000000,enabled
1782984640.747,2026-07-02 09:30:40.749,lock_row_lock_time_max,29,29,0.000000,enabled
1782984640.747,2026-07-02 09:30:40.749,lock_row_lock_waits,425,425,0.191674,enabled
1782984640.747,2026-07-02 09:30:40.749,lock_schedule_refreshes,2454,2454,1.106748,enabled
1782984640.747,2026-07-02 09:30:40.749,lock_threads_waiting,0,0,0.000000,enabled
1782984640.747,2026-07-02 09:30:40.749,lock_timeouts,0,0,0.000000,enabled
1782984640.747,2026-07-02 09:30:40.749,log_waits,0,0,0.000000,enabled
1782984640.747,2026-07-02 09:30:40.749,log_writes,192422828,192422828,86782.217087,enabled
1782984640.747,2026-07-02 09:30:40.749,log_write_requests,400627408,400627408,180681.965251,enabled
1782984640.747,2026-07-02 09:30:40.749,os_data_fsyncs,52230919,52230919,23556.015439,enabled
1782984640.747,2026-07-02 09:30:40.749,os_data_reads,70856111,70856111,31955.931085,enabled
1782984640.747,2026-07-02 09:30:40.749,os_data_writes,217231166,217231166,97970.719310,enabled
1782984640.747,2026-07-02 09:30:40.749,os_log_bytes_written,123049528832,123049528832,55495033.399754,enabled
1782984640.747,2026-07-02 09:30:40.749,os_log_fsyncs,45759963,45759963,20637.630205,enabled
1782984640.747,2026-07-02 09:30:40.749,os_log_pending_fsyncs,1,1,0.000451,enabled
1782984640.747,2026-07-02 09:30:40.749,os_log_pending_writes,0,0,0.000000,enabled
1782984640.747,2026-07-02 09:30:40.749,trx_rseg_history_len,1204,1204,0.000000,enabled
1782984641.819,2026-07-02 09:30:41.820,adaptive_hash_searches,0,0,0.000000,enabled
1782984641.819,2026-07-02 09:30:41.820,adaptive_hash_searches_btree,582915135,582915135,262766.193403,enabled
1782984641.819,2026-07-02 09:30:41.820,buffer_data_reads,1156938189312,1156938189312,521524090.885915,enabled
1782984641.819,2026-07-02 09:30:41.820,buffer_data_written,552380452352,552380452352,249001818.440340,enabled
1782984641.819,2026-07-02 09:30:41.820,buffer_pages0_read,7,7,0.003155,enabled
1782984641.819,2026-07-02 09:30:41.820,buffer_pages_created,1811323,1811323,816.507397,enabled
1782984641.819,2026-07-02 09:30:41.820,buffer_pages_read,70813352,70813352,31921.211897,enabled
1782984641.819,2026-07-02 09:30:41.820,buffer_pages_written,24062005,24062005,10846.660145,enabled
1782984641.819,2026-07-02 09:30:41.820,buffer_pool_bytes_data,12854034432,12854034432,0.000000,enabled
1782984641.819,2026-07-02 09:30:41.820,buffer_pool_bytes_dirty,4660592640,4660592640,0.000000,enabled
1782984641.819,2026-07-02 09:30:41.820,buffer_pool_pages_data,784548,784548,0.000000,enabled
1782984641.819,2026-07-02 09:30:41.820,buffer_pool_pages_dirty,284460,284460,0.000000,enabled
1782984641.819,2026-07-02 09:30:41.820,buffer_pool_pages_flushed,24004935,24004935,0.000000,enabled
1782984641.819,2026-07-02 09:30:41.820,buffer_pool_pages_free,1788,1788,0.000000,enabled
1782984641.819,2026-07-02 09:30:41.820,buffer_pool_pages_lru_flushed,0,0,0.000000,enabled
1782984641.819,2026-07-02 09:30:41.820,buffer_pool_pages_misc,96,96,0.000000,enabled
1782984641.819,2026-07-02 09:30:41.820,buffer_pool_pages_total,786432,786432,0.000000,enabled
1782984641.819,2026-07-02 09:30:41.820,buffer_pool_reads,69921361,69921361,31519.121702,enabled
1782984641.819,2026-07-02 09:30:41.820,buffer_pool_read_ahead,803715,803715,362.298306,enabled
1782984641.819,2026-07-02 09:30:41.820,buffer_pool_read_ahead_evicted,25,25,0.011269,enabled
1782984641.819,2026-07-02 09:30:41.820,buffer_pool_read_requests,2805567577,2805567577,1264692.565846,enabled
1782984641.819,2026-07-02 09:30:41.820,buffer_pool_size,12884901888,12884901888,0.000000,enabled
1782984641.819,2026-07-02 09:30:41.820,buffer_pool_wait_free,18945,18945,8.540019,enabled
1782984641.819,2026-07-02 09:30:41.820,buffer_pool_write_requests,595305646,595305646,268351.627157,enabled
1782984641.819,2026-07-02 09:30:41.820,dml_deletes,12706798,12706798,5727.963868,enabled
1782984641.819,2026-07-02 09:30:41.820,dml_inserts,112592199,112592199,50754.253608,enabled
1782984641.819,2026-07-02 09:30:41.820,dml_system_deletes,468,468,0.210965,enabled
1782984641.819,2026-07-02 09:30:41.820,dml_system_inserts,1202,1202,0.541837,enabled
1782984641.819,2026-07-02 09:30:41.820,dml_system_reads,7661,7661,3.453422,enabled
1782984641.819,2026-07-02 09:30:41.820,dml_system_updates,620,620,0.279483,enabled
1782984641.819,2026-07-02 09:30:41.820,dml_updates,25413712,25413712,11455.980014,enabled
1782984641.819,2026-07-02 09:30:41.820,file_num_open_files,35,35,0.000000,enabled
1782984641.819,2026-07-02 09:30:41.820,ibuf_merges,0,0,0.000000,enabled
1782984641.819,2026-07-02 09:30:41.820,ibuf_merges_delete,0,0,0.000000,enabled
1782984641.819,2026-07-02 09:30:41.820,ibuf_merges_delete_mark,0,0,0.000000,enabled
1782984641.819,2026-07-02 09:30:41.820,ibuf_merges_discard_delete,0,0,0.000000,enabled
1782984641.819,2026-07-02 09:30:41.820,ibuf_merges_discard_delete_mark,0,0,0.000000,enabled
1782984641.819,2026-07-02 09:30:41.820,ibuf_merges_discard_insert,0,0,0.000000,enabled
1782984641.819,2026-07-02 09:30:41.820,ibuf_merges_insert,0,0,0.000000,enabled
1782984641.819,2026-07-02 09:30:41.820,ibuf_size,1,1,0.000451,enabled
1782984641.819,2026-07-02 09:30:41.820,innodb_activity_count,17507446,17507446,7891.997649,enabled
1782984641.819,2026-07-02 09:30:41.820,innodb_dblwr_pages_written,24002754,24002754,10819.949216,enabled
1782984641.819,2026-07-02 09:30:41.820,innodb_dblwr_writes,489359,489359,220.593001,enabled
1782984641.819,2026-07-02 09:30:41.820,innodb_page_size,16384,16384,0.000000,enabled
1782984641.819,2026-07-02 09:30:41.820,innodb_rwlock_sx_os_waits,0,0,0.000000,enabled
1782984641.819,2026-07-02 09:30:41.820,innodb_rwlock_sx_spin_rounds,0,0,0.000000,enabled
1782984641.819,2026-07-02 09:30:41.820,innodb_rwlock_sx_spin_waits,0,0,0.000000,enabled
1782984641.819,2026-07-02 09:30:41.820,innodb_rwlock_s_os_waits,0,0,0.000000,enabled
1782984641.819,2026-07-02 09:30:41.820,innodb_rwlock_s_spin_rounds,0,0,0.000000,enabled
1782984641.819,2026-07-02 09:30:41.820,innodb_rwlock_s_spin_waits,0,0,0.000000,enabled
1782984641.819,2026-07-02 09:30:41.820,innodb_rwlock_x_os_waits,0,0,0.000000,enabled
1782984641.819,2026-07-02 09:30:41.820,innodb_rwlock_x_spin_rounds,0,0,0.000000,enabled
1782984641.819,2026-07-02 09:30:41.820,innodb_rwlock_x_spin_waits,0,0,0.000000,enabled
1782984641.819,2026-07-02 09:30:41.820,lock_deadlocks,0,0,0.000000,enabled
1782984641.819,2026-07-02 09:30:41.820,lock_deadlock_false_positives,0,0,0.000000,enabled
1782984641.819,2026-07-02 09:30:41.820,lock_deadlock_rounds,2455,2455,1.106664,enabled
1782984641.819,2026-07-02 09:30:41.820,lock_rec_grant_attempts,425,425,0.191581,enabled
1782984641.819,2026-07-02 09:30:41.820,lock_rec_release_attempts,38621407,38621407,17409.741823,enabled
1782984641.819,2026-07-02 09:30:41.820,lock_row_lock_current_waits,0,0,0.000000,enabled
1782984641.819,2026-07-02 09:30:41.820,lock_row_lock_time,323,323,0.145602,enabled
1782984641.819,2026-07-02 09:30:41.820,lock_row_lock_time_avg,0,0,0.000000,enabled
1782984641.819,2026-07-02 09:30:41.820,lock_row_lock_time_max,29,29,0.000000,enabled
1782984641.819,2026-07-02 09:30:41.820,lock_row_lock_waits,425,425,0.191581,enabled
1782984641.819,2026-07-02 09:30:41.820,lock_schedule_refreshes,2455,2455,1.106664,enabled
1782984641.819,2026-07-02 09:30:41.820,lock_threads_waiting,0,0,0.000000,enabled
1782984641.819,2026-07-02 09:30:41.820,lock_timeouts,0,0,0.000000,enabled
1782984641.819,2026-07-02 09:30:41.820,log_waits,0,0,0.000000,enabled
1782984641.819,2026-07-02 09:30:41.820,log_writes,192502942,192502942,86776.383269,enabled
1782984641.819,2026-07-02 09:30:41.820,log_write_requests,400712693,400712693,180633.074473,enabled
1782984641.819,2026-07-02 09:30:41.820,os_data_fsyncs,52265864,52265864,23560.381747,enabled
1782984641.819,2026-07-02 09:30:41.820,os_data_reads,70913912,70913912,31966.540165,enabled
1782984641.819,2026-07-02 09:30:41.820,os_data_writes,217327875,217327875,97966.958013,enabled
1782984641.819,2026-07-02 09:30:41.820,os_log_bytes_written,123091514368,123091514368,55487135.201943,enabled
1782984641.819,2026-07-02 09:30:41.820,os_log_fsyncs,45789673,45789673,20641.047333,enabled
1782984641.819,2026-07-02 09:30:41.820,os_log_pending_fsyncs,1,1,0.000451,enabled
1782984641.819,2026-07-02 09:30:41.820,os_log_pending_writes,1,1,0.000451,enabled
1782984641.819,2026-07-02 09:30:41.820,trx_rseg_history_len,135,135,0.000000,enabled
1782984642.892,2026-07-02 09:30:42.893,adaptive_hash_searches,0,0,0.000000,enabled
1782984642.892,2026-07-02 09:30:42.893,adaptive_hash_searches_btree,583086396,583086396,262716.279685,enabled
1782984642.892,2026-07-02 09:30:42.893,buffer_data_reads,1157886740992,1157886740992,521699265.468075,enabled
1782984642.892,2026-07-02 09:30:42.893,buffer_data_written,552695600128,552695600128,249023395.926049,enabled
1782984642.892,2026-07-02 09:30:42.893,buffer_pages0_read,7,7,0.003154,enabled
1782984642.892,2026-07-02 09:30:42.893,buffer_pages_created,1811359,1811359,816.128759,enabled
1782984642.892,2026-07-02 09:30:42.893,buffer_pages_read,70871422,70871422,31931.939081,enabled
1782984642.892,2026-07-02 09:30:42.893,buffer_pages_written,24078290,24078290,10848.752156,enabled
1782984642.892,2026-07-02 09:30:42.893,buffer_pool_bytes_data,12850397184,12850397184,0.000000,enabled
1782984642.892,2026-07-02 09:30:42.893,buffer_pool_bytes_dirty,4664115200,4664115200,0.000000,enabled
1782984642.892,2026-07-02 09:30:42.893,buffer_pool_pages_data,784326,784326,0.000000,enabled
1782984642.892,2026-07-02 09:30:42.893,buffer_pool_pages_dirty,284675,284675,0.000000,enabled
1782984642.892,2026-07-02 09:30:42.893,buffer_pool_pages_flushed,24021220,24021220,0.000000,enabled
1782984642.892,2026-07-02 09:30:42.893,buffer_pool_pages_free,2010,2010,0.000000,enabled
1782984642.892,2026-07-02 09:30:42.893,buffer_pool_pages_lru_flushed,0,0,0.000000,enabled
1782984642.892,2026-07-02 09:30:42.893,buffer_pool_pages_misc,96,96,0.000000,enabled
1782984642.892,2026-07-02 09:30:42.893,buffer_pool_pages_total,786432,786432,0.000000,enabled
1782984642.892,2026-07-02 09:30:42.893,buffer_pool_reads,69979378,69979378,31530.019504,enabled
1782984642.892,2026-07-02 09:30:42.893,buffer_pool_read_ahead,803715,803715,362.123101,enabled
1782984642.892,2026-07-02 09:30:42.893,buffer_pool_read_ahead_evicted,25,25,0.011264,enabled
1782984642.892,2026-07-02 09:30:42.893,buffer_pool_read_requests,2806415653,2806415653,1264463.079130,enabled
1782984642.892,2026-07-02 09:30:42.893,buffer_pool_size,12884901888,12884901888,0.000000,enabled
1782984642.892,2026-07-02 09:30:42.893,buffer_pool_wait_free,18945,18945,8.535889,enabled
1782984642.892,2026-07-02 09:30:42.893,buffer_pool_write_requests,595420874,595420874,268273.771325,enabled
1782984642.892,2026-07-02 09:30:42.893,dml_deletes,12711748,12711748,5727.424024,enabled
1782984642.892,2026-07-02 09:30:42.893,dml_inserts,112597149,112597149,50731.938437,enabled
1782984642.892,2026-07-02 09:30:42.893,dml_system_deletes,468,468,0.210863,enabled
1782984642.892,2026-07-02 09:30:42.893,dml_system_inserts,1202,1202,0.541575,enabled
1782984642.892,2026-07-02 09:30:42.893,dml_system_reads,7661,7661,3.451752,enabled
1782984642.892,2026-07-02 09:30:42.893,dml_system_updates,620,620,0.279348,enabled
1782984642.892,2026-07-02 09:30:42.893,dml_updates,25423608,25423608,11454.898500,enabled
1782984642.892,2026-07-02 09:30:42.893,file_num_open_files,35,35,0.000000,enabled
1782984642.892,2026-07-02 09:30:42.893,ibuf_merges,0,0,0.000000,enabled
1782984642.892,2026-07-02 09:30:42.893,ibuf_merges_delete,0,0,0.000000,enabled
1782984642.892,2026-07-02 09:30:42.893,ibuf_merges_delete_mark,0,0,0.000000,enabled
1782984642.892,2026-07-02 09:30:42.893,ibuf_merges_discard_delete,0,0,0.000000,enabled
1782984642.892,2026-07-02 09:30:42.893,ibuf_merges_discard_delete_mark,0,0,0.000000,enabled
1782984642.892,2026-07-02 09:30:42.893,ibuf_merges_discard_insert,0,0,0.000000,enabled
1782984642.892,2026-07-02 09:30:42.893,ibuf_merges_insert,0,0,0.000000,enabled
1782984642.892,2026-07-02 09:30:42.893,ibuf_size,1,1,0.000451,enabled
1782984642.892,2026-07-02 09:30:42.893,innodb_activity_count,17513135,17513135,7890.744219,enabled
1782984642.892,2026-07-02 09:30:42.893,innodb_dblwr_pages_written,24019039,24019039,10822.053940,enabled
1782984642.892,2026-07-02 09:30:42.893,innodb_dblwr_writes,489725,489725,220.651225,enabled
1782984642.892,2026-07-02 09:30:42.893,innodb_page_size,16384,16384,0.000000,enabled
1782984642.892,2026-07-02 09:30:42.893,innodb_rwlock_sx_os_waits,0,0,0.000000,enabled
1782984642.892,2026-07-02 09:30:42.893,innodb_rwlock_sx_spin_rounds,0,0,0.000000,enabled
1782984642.892,2026-07-02 09:30:42.893,innodb_rwlock_sx_spin_waits,0,0,0.000000,enabled
1782984642.892,2026-07-02 09:30:42.893,innodb_rwlock_s_os_waits,0,0,0.000000,enabled
1782984642.892,2026-07-02 09:30:42.893,innodb_rwlock_s_spin_rounds,0,0,0.000000,enabled
1782984642.892,2026-07-02 09:30:42.893,innodb_rwlock_s_spin_waits,0,0,0.000000,enabled
1782984642.892,2026-07-02 09:30:42.893,innodb_rwlock_x_os_waits,0,0,0.000000,enabled
1782984642.892,2026-07-02 09:30:42.893,innodb_rwlock_x_spin_rounds,0,0,0.000000,enabled
1782984642.892,2026-07-02 09:30:42.893,innodb_rwlock_x_spin_waits,0,0,0.000000,enabled
1782984642.892,2026-07-02 09:30:42.893,lock_deadlocks,0,0,0.000000,enabled
1782984642.892,2026-07-02 09:30:42.893,lock_deadlock_false_positives,0,0,0.000000,enabled
1782984642.892,2026-07-02 09:30:42.893,lock_deadlock_rounds,2456,2456,1.106579,enabled
1782984642.892,2026-07-02 09:30:42.893,lock_rec_grant_attempts,425,425,0.191489,enabled
1782984642.892,2026-07-02 09:30:42.893,lock_rec_release_attempts,38636490,38636490,17408.118411,enabled
1782984642.892,2026-07-02 09:30:42.893,lock_row_lock_current_waits,0,0,0.000000,enabled
1782984642.892,2026-07-02 09:30:42.893,lock_row_lock_time,323,323,0.145531,enabled
1782984642.892,2026-07-02 09:30:42.893,lock_row_lock_time_avg,0,0,0.000000,enabled
1782984642.892,2026-07-02 09:30:42.893,lock_row_lock_time_max,29,29,0.000000,enabled
1782984642.892,2026-07-02 09:30:42.893,lock_row_lock_waits,425,425,0.191489,enabled
1782984642.892,2026-07-02 09:30:42.893,lock_schedule_refreshes,2456,2456,1.106579,enabled
1782984642.892,2026-07-02 09:30:42.893,lock_threads_waiting,0,0,0.000000,enabled
1782984642.892,2026-07-02 09:30:42.893,lock_timeouts,0,0,0.000000,enabled
1782984642.892,2026-07-02 09:30:42.893,log_waits,0,0,0.000000,enabled
1782984642.892,2026-07-02 09:30:42.893,log_writes,192583644,192583644,86770.778398,enabled
1782984642.892,2026-07-02 09:30:42.893,log_write_requests,400796708,400796708,180583.572104,enabled
1782984642.892,2026-07-02 09:30:42.893,os_data_fsyncs,52300978,52300978,23564.808882,enabled
1782984642.892,2026-07-02 09:30:42.893,os_data_reads,70971821,70971821,31977.172611,enabled
1782984642.892,2026-07-02 09:30:42.893,os_data_writes,217425130,217425130,97963.400236,enabled
1782984642.892,2026-07-02 09:30:42.893,os_log_bytes_written,123133692928,123133692928,55479305.454859,enabled
1782984642.892,2026-07-02 09:30:42.893,os_log_fsyncs,45819701,45819701,20644.594705,enabled
1782984642.892,2026-07-02 09:30:42.893,os_log_pending_fsyncs,0,0,0.000000,enabled
1782984642.892,2026-07-02 09:30:42.893,os_log_pending_writes,0,0,0.000000,enabled
1782984642.892,2026-07-02 09:30:42.893,trx_rseg_history_len,265,265,0.000000,enabled
1782984643.965,2026-07-02 09:30:43.967,adaptive_hash_searches,0,0,0.000000,enabled
1782984643.965,2026-07-02 09:30:43.967,adaptive_hash_searches_btree,583257926,583257926,262666.597299,enabled
1782984643.965,2026-07-02 09:30:43.967,buffer_data_reads,1158836816384,1158836816384,521875058.923588,enabled
1782984643.965,2026-07-02 09:30:43.967,buffer_data_written,553013727744,553013727744,249046343.225069,enabled
1782984643.965,2026-07-02 09:30:43.967,buffer_pages0_read,7,7,0.003152,enabled
1782984643.965,2026-07-02 09:30:43.967,buffer_pages_created,1811387,1811387,815.747043,enabled
1782984643.965,2026-07-02 09:30:43.967,buffer_pages_read,70929582,70929582,31942.702682,enabled
1782984643.965,2026-07-02 09:30:43.967,buffer_pages_written,24094722,24094722,10850.910469,enabled
1782984643.965,2026-07-02 09:30:43.967,buffer_pool_bytes_data,12853821440,12853821440,0.000000,enabled
1782984643.965,2026-07-02 09:30:43.967,buffer_pool_bytes_dirty,4668407808,4668407808,0.000000,enabled
1782984643.965,2026-07-02 09:30:43.967,buffer_pool_pages_data,784536,784536,0.000000,enabled
1782984643.965,2026-07-02 09:30:43.967,buffer_pool_pages_dirty,284937,284937,0.000000,enabled
1782984643.965,2026-07-02 09:30:43.967,buffer_pool_pages_flushed,24037652,24037652,0.000000,enabled
1782984643.965,2026-07-02 09:30:43.967,buffer_pool_pages_free,1800,1800,0.000000,enabled
1782984643.965,2026-07-02 09:30:43.967,buffer_pool_pages_lru_flushed,0,0,0.000000,enabled
1782984643.965,2026-07-02 09:30:43.967,buffer_pool_pages_misc,97,97,0.000000,enabled
1782984643.965,2026-07-02 09:30:43.967,buffer_pool_pages_total,786432,786432,0.000000,enabled
1782984643.965,2026-07-02 09:30:43.967,buffer_pool_reads,70037478,70037478,31540.950302,enabled
1782984643.965,2026-07-02 09:30:43.967,buffer_pool_read_ahead,803715,803715,361.948136,enabled
1782984643.965,2026-07-02 09:30:43.967,buffer_pool_read_ahead_evicted,25,25,0.011259,enabled
1782984643.965,2026-07-02 09:30:43.967,buffer_pool_read_requests,2807264693,2807264693,1264234.495802,enabled
1782984643.965,2026-07-02 09:30:43.967,buffer_pool_size,12884901888,12884901888,0.000000,enabled
1782984643.965,2026-07-02 09:30:43.967,buffer_pool_wait_free,18945,18945,8.531765,enabled
1782984643.965,2026-07-02 09:30:43.967,buffer_pool_write_requests,595536021,595536021,268196.006763,enabled
1782984643.965,2026-07-02 09:30:43.967,dml_deletes,12716705,12716705,5726.889197,enabled
1782984643.965,2026-07-02 09:30:43.967,dml_inserts,112602105,112602105,50709.659409,enabled
1782984643.965,2026-07-02 09:30:43.967,dml_system_deletes,468,468,0.210761,enabled
1782984643.965,2026-07-02 09:30:43.967,dml_system_inserts,1202,1202,0.541313,enabled
1782984643.965,2026-07-02 09:30:43.967,dml_system_reads,7661,7661,3.450084,enabled
1782984643.965,2026-07-02 09:30:43.967,dml_system_updates,620,620,0.279213,enabled
1782984643.965,2026-07-02 09:30:43.967,dml_updates,25433524,25433524,11453.829722,enabled
1782984643.965,2026-07-02 09:30:43.967,file_num_open_files,35,35,0.000000,enabled
1782984643.965,2026-07-02 09:30:43.967,ibuf_merges,0,0,0.000000,enabled
1782984643.965,2026-07-02 09:30:43.967,ibuf_merges_delete,0,0,0.000000,enabled
1782984643.965,2026-07-02 09:30:43.967,ibuf_merges_delete_mark,0,0,0.000000,enabled
1782984643.965,2026-07-02 09:30:43.967,ibuf_merges_discard_delete,0,0,0.000000,enabled
1782984643.965,2026-07-02 09:30:43.967,ibuf_merges_discard_delete_mark,0,0,0.000000,enabled
1782984643.965,2026-07-02 09:30:43.967,ibuf_merges_discard_insert,0,0,0.000000,enabled
1782984643.965,2026-07-02 09:30:43.967,ibuf_merges_insert,0,0,0.000000,enabled
1782984643.965,2026-07-02 09:30:43.967,ibuf_size,1,1,0.000450,enabled
1782984643.965,2026-07-02 09:30:43.967,innodb_activity_count,17518829,17518829,7889.496112,enabled
1782984643.965,2026-07-02 09:30:43.967,innodb_dblwr_pages_written,24035471,24035471,10824.225352,enabled
1782984643.965,2026-07-02 09:30:43.967,innodb_dblwr_writes,490081,490081,220.704940,enabled
1782984643.965,2026-07-02 09:30:43.967,innodb_page_size,16384,16384,0.000000,enabled
1782984643.965,2026-07-02 09:30:43.967,innodb_rwlock_sx_os_waits,0,0,0.000000,enabled
1782984643.965,2026-07-02 09:30:43.967,innodb_rwlock_sx_spin_rounds,0,0,0.000000,enabled
1782984643.965,2026-07-02 09:30:43.967,innodb_rwlock_sx_spin_waits,0,0,0.000000,enabled
1782984643.965,2026-07-02 09:30:43.967,innodb_rwlock_s_os_waits,0,0,0.000000,enabled
1782984643.965,2026-07-02 09:30:43.967,innodb_rwlock_s_spin_rounds,0,0,0.000000,enabled
1782984643.965,2026-07-02 09:30:43.967,innodb_rwlock_s_spin_waits,0,0,0.000000,enabled
1782984643.965,2026-07-02 09:30:43.967,innodb_rwlock_x_os_waits,0,0,0.000000,enabled
1782984643.965,2026-07-02 09:30:43.967,innodb_rwlock_x_spin_rounds,0,0,0.000000,enabled
1782984643.965,2026-07-02 09:30:43.967,innodb_rwlock_x_spin_waits,0,0,0.000000,enabled
1782984643.965,2026-07-02 09:30:43.967,lock_deadlocks,0,0,0.000000,enabled
1782984643.965,2026-07-02 09:30:43.967,lock_deadlock_false_positives,0,0,0.000000,enabled
1782984643.965,2026-07-02 09:30:43.967,lock_deadlock_rounds,2457,2457,1.106495,enabled
1782984643.965,2026-07-02 09:30:43.967,lock_rec_grant_attempts,425,425,0.191396,enabled
1782984643.965,2026-07-02 09:30:43.967,lock_rec_release_attempts,38651550,38651550,17406.489628,enabled
1782984643.965,2026-07-02 09:30:43.967,lock_row_lock_current_waits,0,0,0.000000,enabled
1782984643.965,2026-07-02 09:30:43.967,lock_row_lock_time,323,323,0.145461,enabled
1782984643.965,2026-07-02 09:30:43.967,lock_row_lock_time_avg,0,0,0.000000,enabled
1782984643.965,2026-07-02 09:30:43.967,lock_row_lock_time_max,29,29,0.000000,enabled
1782984643.965,2026-07-02 09:30:43.967,lock_row_lock_waits,425,425,0.191396,enabled
1782984643.965,2026-07-02 09:30:43.967,lock_schedule_refreshes,2457,2457,1.106495,enabled
1782984643.965,2026-07-02 09:30:43.967,lock_threads_waiting,0,0,0.000000,enabled
1782984643.965,2026-07-02 09:30:43.967,lock_timeouts,0,0,0.000000,enabled
1782984643.965,2026-07-02 09:30:43.967,log_waits,0,0,0.000000,enabled
1782984643.965,2026-07-02 09:30:43.967,log_writes,192664957,192664957,86765.474152,enabled
1782984643.965,2026-07-02 09:30:43.967,log_write_requests,400880843,400880843,180534.213327,enabled
1782984643.965,2026-07-02 09:30:43.967,os_data_fsyncs,52336299,52336299,23569.329978,enabled
1782984643.965,2026-07-02 09:30:43.967,os_data_reads,71029808,71029808,31987.836699,enabled
1782984643.965,2026-07-02 09:30:43.967,os_data_writes,217523146,217523146,97960.209427,enabled
1782984643.965,2026-07-02 09:30:43.967,os_log_bytes_written,123176128000,123176128000,55471610.630915,enabled
1782984643.965,2026-07-02 09:30:43.967,os_log_fsyncs,45850005,45850005,20648.267355,enabled
1782984643.965,2026-07-02 09:30:43.967,os_log_pending_fsyncs,1,1,0.000450,enabled
1782984643.965,2026-07-02 09:30:43.967,os_log_pending_writes,0,0,0.000000,enabled
1782984643.965,2026-07-02 09:30:43.967,trx_rseg_history_len,400,400,0.000000,enabled
1782984645.037,2026-07-02 09:30:45.039,adaptive_hash_searches,0,0,0.000000,enabled
1782984645.037,2026-07-02 09:30:45.039,adaptive_hash_searches_btree,583428717,583428717,262616.659419,enabled
1782984645.037,2026-07-02 09:30:45.039,buffer_data_reads,1159783418368,1159783418368,522049186.645645,enabled
1782984645.037,2026-07-02 09:30:45.039,buffer_data_written,553333564416,553333564416,249070069.832004,enabled
1782984645.037,2026-07-02 09:30:45.039,buffer_pages0_read,7,7,0.003151,enabled
1782984645.037,2026-07-02 09:30:45.039,buffer_pages_created,1811435,1811435,815.374804,enabled
1782984645.037,2026-07-02 09:30:45.039,buffer_pages_read,70987525,70987525,31953.362311,enabled
1782984645.037,2026-07-02 09:30:45.039,buffer_pages_written,24111260,24111260,10853.115806,enabled
1782984645.037,2026-07-02 09:30:45.039,buffer_pool_bytes_data,12853886976,12853886976,0.000000,enabled
1782984645.037,2026-07-02 09:30:45.039,buffer_pool_bytes_dirty,4667523072,4667523072,0.000000,enabled
1782984645.037,2026-07-02 09:30:45.039,buffer_pool_pages_data,784539,784539,0.000000,enabled
1782984645.037,2026-07-02 09:30:45.039,buffer_pool_pages_dirty,284883,284883,0.000000,enabled
1782984645.037,2026-07-02 09:30:45.039,buffer_pool_pages_flushed,24054190,24054190,0.000000,enabled
1782984645.037,2026-07-02 09:30:45.039,buffer_pool_pages_free,1797,1797,0.000000,enabled
1782984645.037,2026-07-02 09:30:45.039,buffer_pool_pages_lru_flushed,0,0,0.000000,enabled
1782984645.037,2026-07-02 09:30:45.039,buffer_pool_pages_misc,96,96,0.000000,enabled
1782984645.037,2026-07-02 09:30:45.039,buffer_pool_pages_total,786432,786432,0.000000,enabled
1782984645.037,2026-07-02 09:30:45.039,buffer_pool_reads,70095372,70095372,31551.781779,enabled
1782984645.037,2026-07-02 09:30:45.039,buffer_pool_read_ahead,803715,803715,361.773385,enabled
1782984645.037,2026-07-02 09:30:45.039,buffer_pool_read_ahead_evicted,25,25,0.011253,enabled
1782984645.037,2026-07-02 09:30:45.039,buffer_pool_read_requests,2808111315,2808111315,1264005.203560,enabled
1782984645.037,2026-07-02 09:30:45.039,buffer_pool_size,12884901888,12884901888,0.000000,enabled
1782984645.037,2026-07-02 09:30:45.039,buffer_pool_wait_free,18945,18945,8.527646,enabled
1782984645.037,2026-07-02 09:30:45.039,buffer_pool_write_requests,595651278,595651278,268118.400519,enabled
1782984645.037,2026-07-02 09:30:45.039,dml_deletes,12721635,12721635,5726.343412,enabled
1782984645.037,2026-07-02 09:30:45.039,dml_inserts,112607035,112607035,50687.396209,enabled
1782984645.037,2026-07-02 09:30:45.039,dml_system_deletes,468,468,0.210659,enabled
1782984645.037,2026-07-02 09:30:45.039,dml_system_inserts,1202,1202,0.541052,enabled
1782984645.037,2026-07-02 09:30:45.039,dml_system_reads,7661,7661,3.448418,enabled
1782984645.037,2026-07-02 09:30:45.039,dml_system_updates,620,620,0.279078,enabled
1782984645.037,2026-07-02 09:30:45.039,dml_updates,25443383,25443383,11452.737676,enabled
1782984645.037,2026-07-02 09:30:45.039,file_num_open_files,35,35,0.000000,enabled
1782984645.037,2026-07-02 09:30:45.039,ibuf_merges,0,0,0.000000,enabled
1782984645.037,2026-07-02 09:30:45.039,ibuf_merges_delete,0,0,0.000000,enabled
1782984645.037,2026-07-02 09:30:45.039,ibuf_merges_delete_mark,0,0,0.000000,enabled
1782984645.037,2026-07-02 09:30:45.039,ibuf_merges_discard_delete,0,0,0.000000,enabled
1782984645.037,2026-07-02 09:30:45.039,ibuf_merges_discard_delete_mark,0,0,0.000000,enabled
1782984645.037,2026-07-02 09:30:45.039,ibuf_merges_discard_insert,0,0,0.000000,enabled
1782984645.037,2026-07-02 09:30:45.039,ibuf_merges_insert,0,0,0.000000,enabled
1782984645.037,2026-07-02 09:30:45.039,ibuf_size,1,1,0.000450,enabled
1782984645.037,2026-07-02 09:30:45.039,innodb_activity_count,17524487,17524487,7888.233886,enabled
1782984645.037,2026-07-02 09:30:45.039,innodb_dblwr_pages_written,24052009,24052009,10826.443660,enabled
1782984645.037,2026-07-02 09:30:45.039,innodb_dblwr_writes,490441,490441,220.760430,enabled
1782984645.037,2026-07-02 09:30:45.039,innodb_page_size,16384,16384,0.000000,enabled
1782984645.037,2026-07-02 09:30:45.039,innodb_rwlock_sx_os_waits,0,0,0.000000,enabled
1782984645.037,2026-07-02 09:30:45.039,innodb_rwlock_sx_spin_rounds,0,0,0.000000,enabled
1782984645.037,2026-07-02 09:30:45.039,innodb_rwlock_sx_spin_waits,0,0,0.000000,enabled
1782984645.037,2026-07-02 09:30:45.039,innodb_rwlock_s_os_waits,0,0,0.000000,enabled
1782984645.037,2026-07-02 09:30:45.039,innodb_rwlock_s_spin_rounds,0,0,0.000000,enabled
1782984645.037,2026-07-02 09:30:45.039,innodb_rwlock_s_spin_waits,0,0,0.000000,enabled
1782984645.037,2026-07-02 09:30:45.039,innodb_rwlock_x_os_waits,0,0,0.000000,enabled
1782984645.037,2026-07-02 09:30:45.039,innodb_rwlock_x_spin_rounds,0,0,0.000000,enabled
1782984645.037,2026-07-02 09:30:45.039,innodb_rwlock_x_spin_waits,0,0,0.000000,enabled
1782984645.037,2026-07-02 09:30:45.039,lock_deadlocks,0,0,0.000000,enabled
1782984645.037,2026-07-02 09:30:45.039,lock_deadlock_false_positives,0,0,0.000000,enabled
1782984645.037,2026-07-02 09:30:45.039,lock_deadlock_rounds,2458,2458,1.106411,enabled
1782984645.037,2026-07-02 09:30:45.039,lock_rec_grant_attempts,425,425,0.191304,enabled
1782984645.037,2026-07-02 09:30:45.039,lock_rec_release_attempts,38666525,38666525,17404.826277,enabled
1782984645.037,2026-07-02 09:30:45.039,lock_row_lock_current_waits,0,0,0.000000,enabled
1782984645.037,2026-07-02 09:30:45.039,lock_row_lock_time,323,323,0.145391,enabled
1782984645.037,2026-07-02 09:30:45.039,lock_row_lock_time_avg,0,0,0.000000,enabled
1782984645.037,2026-07-02 09:30:45.039,lock_row_lock_time_max,29,29,0.000000,enabled
1782984645.037,2026-07-02 09:30:45.039,lock_row_lock_waits,425,425,0.191304,enabled
1782984645.037,2026-07-02 09:30:45.039,lock_schedule_refreshes,2458,2458,1.106411,enabled
1782984645.037,2026-07-02 09:30:45.039,lock_threads_waiting,0,0,0.000000,enabled
1782984645.037,2026-07-02 09:30:45.039,lock_timeouts,0,0,0.000000,enabled
1782984645.037,2026-07-02 09:30:45.039,log_waits,0,0,0.000000,enabled
1782984645.037,2026-07-02 09:30:45.039,log_writes,192746203,192746203,86760.154701,enabled
1782984645.037,2026-07-02 09:30:45.039,log_write_requests,400964624,400964624,180484.763385,enabled
1782984645.037,2026-07-02 09:30:45.039,os_data_fsyncs,52371320,52371320,23573.714585,enabled
1782984645.037,2026-07-02 09:30:45.039,os_data_reads,71087582,71087582,31998.398578,enabled
1782984645.037,2026-07-02 09:30:45.039,os_data_writes,217621212,217621212,97957.056326,enabled
1782984645.037,2026-07-02 09:30:45.039,os_log_bytes_written,123218703872,123218703872,55463993.487023,enabled
1782984645.037,2026-07-02 09:30:45.039,os_log_fsyncs,45879903,45879903,20651.756256,enabled
1782984645.037,2026-07-02 09:30:45.039,os_log_pending_fsyncs,1,1,0.000450,enabled
1782984645.037,2026-07-02 09:30:45.039,os_log_pending_writes,0,0,0.000000,enabled
1782984645.037,2026-07-02 09:30:45.039,trx_rseg_history_len,499,499,0.000000,enabled
1782984646.110,2026-07-02 09:30:46.111,adaptive_hash_searches,0,0,0.000000,enabled
1782984646.110,2026-07-02 09:30:46.111,adaptive_hash_searches_btree,583596570,583596570,262565.527560,enabled
1782984646.110,2026-07-02 09:30:46.111,buffer_data_reads,1160709933568,1160709933568,522214268.845453,enabled
1782984646.110,2026-07-02 09:30:46.111,buffer_data_written,553645083136,553645083136,249090107.466439,enabled
1782984646.110,2026-07-02 09:30:46.111,buffer_pages0_read,7,7,0.003149,enabled
1782984646.110,2026-07-02 09:30:46.111,buffer_pages_created,1811469,1811469,814.996874,enabled
1782984646.110,2026-07-02 09:30:46.111,buffer_pages_read,71044259,71044259,31963.477496,enabled
1782984646.110,2026-07-02 09:30:46.111,buffer_pages_written,24127343,24127343,10855.117619,enabled
1782984646.110,2026-07-02 09:30:46.111,buffer_pool_bytes_data,12854312960,12854312960,0.000000,enabled
1782984646.110,2026-07-02 09:30:46.111,buffer_pool_bytes_dirty,4668850176,4668850176,0.000000,enabled
1782984646.110,2026-07-02 09:30:46.111,buffer_pool_pages_data,784565,784565,0.000000,enabled
1782984646.110,2026-07-02 09:30:46.111,buffer_pool_pages_dirty,284964,284964,0.000000,enabled
1782984646.110,2026-07-02 09:30:46.111,buffer_pool_pages_flushed,24070273,24070273,0.000000,enabled
1782984646.110,2026-07-02 09:30:46.111,buffer_pool_pages_free,1772,1772,0.000000,enabled
1782984646.110,2026-07-02 09:30:46.111,buffer_pool_pages_lru_flushed,0,0,0.000000,enabled
1782984646.110,2026-07-02 09:30:46.111,buffer_pool_pages_misc,96,96,0.000000,enabled
1782984646.110,2026-07-02 09:30:46.111,buffer_pool_pages_total,786432,786432,0.000000,enabled
1782984646.110,2026-07-02 09:30:46.111,buffer_pool_reads,70152052,70152052,31562.066314,enabled
1782984646.110,2026-07-02 09:30:46.111,buffer_pool_read_ahead,803715,803715,361.598915,enabled
1782984646.110,2026-07-02 09:30:46.111,buffer_pool_read_ahead_evicted,25,25,0.011248,enabled
1782984646.110,2026-07-02 09:30:46.111,buffer_pool_read_requests,2808943181,2808943181,1263769.882668,enabled
1782984646.110,2026-07-02 09:30:46.111,buffer_pool_size,12884901888,12884901888,0.000000,enabled
1782984646.110,2026-07-02 09:30:46.111,buffer_pool_wait_free,18945,18945,8.523533,enabled
1782984646.110,2026-07-02 09:30:46.111,buffer_pool_write_requests,595765187,595765187,268040.345193,enabled
1782984646.110,2026-07-02 09:30:46.111,dml_deletes,12726483,12726483,5725.762958,enabled
1782984646.110,2026-07-02 09:30:46.111,dml_inserts,112611884,112611884,50665.133057,enabled
1782984646.110,2026-07-02 09:30:46.111,dml_system_deletes,468,468,0.210558,enabled
1782984646.110,2026-07-02 09:30:46.111,dml_system_inserts,1202,1202,0.540791,enabled
1782984646.110,2026-07-02 09:30:46.111,dml_system_reads,7661,7661,3.446755,enabled
1782984646.110,2026-07-02 09:30:46.111,dml_system_updates,620,620,0.278944,enabled
1782984646.110,2026-07-02 09:30:46.111,dml_updates,25453080,25453080,11451.577198,enabled
1782984646.110,2026-07-02 09:30:46.111,file_num_open_files,35,35,0.000000,enabled
1782984646.110,2026-07-02 09:30:46.111,ibuf_merges,0,0,0.000000,enabled
1782984646.110,2026-07-02 09:30:46.111,ibuf_merges_delete,0,0,0.000000,enabled
1782984646.110,2026-07-02 09:30:46.111,ibuf_merges_delete_mark,0,0,0.000000,enabled
1782984646.110,2026-07-02 09:30:46.111,ibuf_merges_discard_delete,0,0,0.000000,enabled
1782984646.110,2026-07-02 09:30:46.111,ibuf_merges_discard_delete_mark,0,0,0.000000,enabled
1782984646.110,2026-07-02 09:30:46.111,ibuf_merges_discard_insert,0,0,0.000000,enabled
1782984646.110,2026-07-02 09:30:46.111,ibuf_merges_insert,0,0,0.000000,enabled
1782984646.110,2026-07-02 09:30:46.111,ibuf_size,1,1,0.000450,enabled
1782984646.110,2026-07-02 09:30:46.111,innodb_activity_count,17530059,17530059,7886.936568,enabled
1782984646.110,2026-07-02 09:30:46.111,innodb_dblwr_pages_written,24068092,24068092,10828.458338,enabled
1782984646.110,2026-07-02 09:30:46.111,innodb_dblwr_writes,490801,490801,220.815933,enabled
1782984646.110,2026-07-02 09:30:46.111,innodb_page_size,16384,16384,0.000000,enabled
1782984646.110,2026-07-02 09:30:46.111,innodb_rwlock_sx_os_waits,0,0,0.000000,enabled
1782984646.110,2026-07-02 09:30:46.111,innodb_rwlock_sx_spin_rounds,0,0,0.000000,enabled
1782984646.110,2026-07-02 09:30:46.111,innodb_rwlock_sx_spin_waits,0,0,0.000000,enabled
1782984646.110,2026-07-02 09:30:46.111,innodb_rwlock_s_os_waits,0,0,0.000000,enabled
1782984646.110,2026-07-02 09:30:46.111,innodb_rwlock_s_spin_rounds,0,0,0.000000,enabled
1782984646.110,2026-07-02 09:30:46.111,innodb_rwlock_s_spin_waits,0,0,0.000000,enabled
1782984646.110,2026-07-02 09:30:46.111,innodb_rwlock_x_os_waits,0,0,0.000000,enabled
1782984646.110,2026-07-02 09:30:46.111,innodb_rwlock_x_spin_rounds,0,0,0.000000,enabled
1782984646.110,2026-07-02 09:30:46.111,innodb_rwlock_x_spin_waits,0,0,0.000000,enabled
1782984646.110,2026-07-02 09:30:46.111,lock_deadlocks,0,0,0.000000,enabled
1782984646.110,2026-07-02 09:30:46.111,lock_deadlock_false_positives,0,0,0.000000,enabled
1782984646.110,2026-07-02 09:30:46.111,lock_deadlock_rounds,2459,2459,1.106327,enabled
1782984646.110,2026-07-02 09:30:46.111,lock_rec_grant_attempts,425,425,0.191211,enabled
1782984646.110,2026-07-02 09:30:46.111,lock_rec_release_attempts,38681260,38681260,17403.061953,enabled
1782984646.110,2026-07-02 09:30:46.111,lock_row_lock_current_waits,0,0,0.000000,enabled
1782984646.110,2026-07-02 09:30:46.111,lock_row_lock_time,323,323,0.145321,enabled
1782984646.110,2026-07-02 09:30:46.111,lock_row_lock_time_avg,0,0,0.000000,enabled
1782984646.110,2026-07-02 09:30:46.111,lock_row_lock_time_max,29,29,0.000000,enabled
1782984646.110,2026-07-02 09:30:46.111,lock_row_lock_waits,425,425,0.191211,enabled
1782984646.110,2026-07-02 09:30:46.111,lock_schedule_refreshes,2459,2459,1.106327,enabled
1782984646.110,2026-07-02 09:30:46.111,lock_threads_waiting,0,0,0.000000,enabled
1782984646.110,2026-07-02 09:30:46.111,lock_timeouts,0,0,0.000000,enabled
1782984646.110,2026-07-02 09:30:46.111,log_waits,0,0,0.000000,enabled
1782984646.110,2026-07-02 09:30:46.111,log_writes,192826543,192826543,86754.458955,enabled
1782984646.110,2026-07-02 09:30:46.111,log_write_requests,401046986,401046986,180434.777113,enabled
1782984646.110,2026-07-02 09:30:46.111,os_data_fsyncs,52404766,52404766,23577.393404,enabled
1782984646.110,2026-07-02 09:30:46.111,os_data_reads,71144143,71144143,32008.414085,enabled
1782984646.110,2026-07-02 09:30:46.111,os_data_writes,217717896,217717896,97953.313800,enabled
1782984646.110,2026-07-02 09:30:46.111,os_log_bytes_written,123260663296,123260663296,55456122.901114,enabled
1782984646.110,2026-07-02 09:30:46.111,os_log_fsyncs,45908435,45908435,20654.633388,enabled
1782984646.110,2026-07-02 09:30:46.111,os_log_pending_fsyncs,1,1,0.000450,enabled
1782984646.110,2026-07-02 09:30:46.111,os_log_pending_writes,0,0,0.000000,enabled
1782984646.110,2026-07-02 09:30:46.111,trx_rseg_history_len,506,506,0.000000,enabled
1782984647.182,2026-07-02 09:30:47.183,adaptive_hash_searches,0,0,0.000000,enabled
1782984647.182,2026-07-02 09:30:47.183,adaptive_hash_searches_btree,583764299,583764299,262514.390640,enabled
1782984647.182,2026-07-02 09:30:47.183,buffer_data_reads,1161635351040,1161635351040,522378693.248849,enabled
1782984647.182,2026-07-02 09:30:47.183,buffer_data_written,553952705536,553952705536,249108371.185191,enabled
1782984647.182,2026-07-02 09:30:47.183,buffer_pages0_read,7,7,0.003148,enabled
1782984647.182,2026-07-02 09:30:47.183,buffer_pages_created,1811513,1811513,814.623798,enabled
1782984647.182,2026-07-02 09:30:47.183,buffer_pages_read,71100905,71100905,31973.543048,enabled
1782984647.182,2026-07-02 09:30:47.183,buffer_pages_written,24143183,24143183,10857.008127,enabled
1782984647.182,2026-07-02 09:30:47.183,buffer_pool_bytes_data,12857769984,12857769984,0.000000,enabled
1782984647.182,2026-07-02 09:30:47.183,buffer_pool_bytes_dirty,4674322432,4674322432,0.000000,enabled
1782984647.182,2026-07-02 09:30:47.183,buffer_pool_pages_data,784776,784776,0.000000,enabled
1782984647.182,2026-07-02 09:30:47.183,buffer_pool_pages_dirty,285298,285298,0.000000,enabled
1782984647.182,2026-07-02 09:30:47.183,buffer_pool_pages_flushed,24086094,24086094,0.000000,enabled
1782984647.182,2026-07-02 09:30:47.183,buffer_pool_pages_free,1561,1561,0.000000,enabled
1782984647.182,2026-07-02 09:30:47.183,buffer_pool_pages_lru_flushed,0,0,0.000000,enabled
1782984647.182,2026-07-02 09:30:47.183,buffer_pool_pages_misc,96,96,0.000000,enabled
1782984647.182,2026-07-02 09:30:47.183,buffer_pool_pages_total,786432,786432,0.000000,enabled
1782984647.182,2026-07-02 09:30:47.183,buffer_pool_reads,70208632,70208632,31572.295620,enabled
1782984647.182,2026-07-02 09:30:47.183,buffer_pool_read_ahead,803715,803715,361.424608,enabled
1782984647.182,2026-07-02 09:30:47.183,buffer_pool_read_ahead_evicted,25,25,0.011242,enabled
1782984647.182,2026-07-02 09:30:47.183,buffer_pool_read_requests,2809774145,2809774145,1263534.368187,enabled
1782984647.182,2026-07-02 09:30:47.183,buffer_pool_size,12884901888,12884901888,0.000000,enabled
1782984647.182,2026-07-02 09:30:47.183,buffer_pool_wait_free,18945,18945,8.519424,enabled
1782984647.182,2026-07-02 09:30:47.183,buffer_pool_write_requests,595878638,595878638,267962.156006,enabled
1782984647.182,2026-07-02 09:30:47.183,dml_deletes,12731326,12731326,5725.180877,enabled
1782984647.182,2026-07-02 09:30:47.183,dml_inserts,112616726,112616726,50642.888791,enabled
1782984647.182,2026-07-02 09:30:47.183,dml_system_deletes,468,468,0.210456,enabled
1782984647.182,2026-07-02 09:30:47.183,dml_system_inserts,1202,1202,0.540530,enabled
1782984647.182,2026-07-02 09:30:47.183,dml_system_reads,7661,7661,3.445094,enabled
1782984647.182,2026-07-02 09:30:47.183,dml_system_updates,620,620,0.278809,enabled
1782984647.182,2026-07-02 09:30:47.183,dml_updates,25462766,25462766,11450.413011,enabled
1782984647.182,2026-07-02 09:30:47.183,file_num_open_files,35,35,0.000000,enabled
1782984647.182,2026-07-02 09:30:47.183,ibuf_merges,0,0,0.000000,enabled
1782984647.182,2026-07-02 09:30:47.183,ibuf_merges_delete,0,0,0.000000,enabled
1782984647.182,2026-07-02 09:30:47.183,ibuf_merges_delete_mark,0,0,0.000000,enabled
1782984647.182,2026-07-02 09:30:47.183,ibuf_merges_discard_delete,0,0,0.000000,enabled
1782984647.182,2026-07-02 09:30:47.183,ibuf_merges_discard_delete_mark,0,0,0.000000,enabled
1782984647.182,2026-07-02 09:30:47.183,ibuf_merges_discard_insert,0,0,0.000000,enabled
1782984647.182,2026-07-02 09:30:47.183,ibuf_merges_insert,0,0,0.000000,enabled
1782984647.182,2026-07-02 09:30:47.183,ibuf_size,1,1,0.000450,enabled
1782984647.182,2026-07-02 09:30:47.183,innodb_activity_count,17535622,17535622,7885.636518,enabled
1782984647.182,2026-07-02 09:30:47.183,innodb_dblwr_pages_written,24083913,24083913,10830.353363,enabled
1782984647.182,2026-07-02 09:30:47.183,innodb_dblwr_writes,491160,491160,220.870934,enabled
1782984647.182,2026-07-02 09:30:47.183,innodb_page_size,16384,16384,0.000000,enabled
1782984647.182,2026-07-02 09:30:47.183,innodb_rwlock_sx_os_waits,0,0,0.000000,enabled
1782984647.182,2026-07-02 09:30:47.183,innodb_rwlock_sx_spin_rounds,0,0,0.000000,enabled
1782984647.182,2026-07-02 09:30:47.183,innodb_rwlock_sx_spin_waits,0,0,0.000000,enabled
1782984647.182,2026-07-02 09:30:47.183,innodb_rwlock_s_os_waits,0,0,0.000000,enabled
1782984647.182,2026-07-02 09:30:47.183,innodb_rwlock_s_spin_rounds,0,0,0.000000,enabled
1782984647.182,2026-07-02 09:30:47.183,innodb_rwlock_s_spin_waits,0,0,0.000000,enabled
1782984647.182,2026-07-02 09:30:47.183,innodb_rwlock_x_os_waits,0,0,0.000000,enabled
1782984647.182,2026-07-02 09:30:47.183,innodb_rwlock_x_spin_rounds,0,0,0.000000,enabled
1782984647.182,2026-07-02 09:30:47.183,innodb_rwlock_x_spin_waits,0,0,0.000000,enabled
1782984647.182,2026-07-02 09:30:47.183,lock_deadlocks,0,0,0.000000,enabled
1782984647.182,2026-07-02 09:30:47.183,lock_deadlock_false_positives,0,0,0.000000,enabled
1782984647.182,2026-07-02 09:30:47.183,lock_deadlock_rounds,2461,2461,1.106693,enabled
1782984647.182,2026-07-02 09:30:47.183,lock_rec_grant_attempts,425,425,0.191119,enabled
1782984647.182,2026-07-02 09:30:47.183,lock_rec_release_attempts,38695992,38695992,17401.297833,enabled
1782984647.182,2026-07-02 09:30:47.183,lock_row_lock_current_waits,0,0,0.000000,enabled
1782984647.182,2026-07-02 09:30:47.183,lock_row_lock_time,323,323,0.145251,enabled
1782984647.182,2026-07-02 09:30:47.183,lock_row_lock_time_avg,0,0,0.000000,enabled
1782984647.182,2026-07-02 09:30:47.183,lock_row_lock_time_max,29,29,0.000000,enabled
1782984647.182,2026-07-02 09:30:47.183,lock_row_lock_waits,425,425,0.191119,enabled
1782984647.182,2026-07-02 09:30:47.183,lock_schedule_refreshes,2461,2461,1.106693,enabled
1782984647.182,2026-07-02 09:30:47.183,lock_threads_waiting,0,0,0.000000,enabled
1782984647.182,2026-07-02 09:30:47.183,lock_timeouts,0,0,0.000000,enabled
1782984647.182,2026-07-02 09:30:47.183,log_waits,0,0,0.000000,enabled
1782984647.182,2026-07-02 09:30:47.183,log_writes,192906370,192906370,86748.538364,enabled
1782984647.182,2026-07-02 09:30:47.183,log_write_requests,401129297,401129297,180384.816978,enabled
1782984647.182,2026-07-02 09:30:47.183,os_data_fsyncs,52437776,52437776,23580.872690,enabled
1782984647.182,2026-07-02 09:30:47.183,os_data_reads,71200620,71200620,32018.382284,enabled
1782984647.182,2026-07-02 09:30:47.183,os_data_writes,217813829,217813829,97949.237495,enabled
1782984647.182,2026-07-02 09:30:47.183,os_log_bytes_written,123302453248,123302453248,55448183.912930,enabled
1782984647.182,2026-07-02 09:30:47.183,os_log_fsyncs,45936517,45936517,20657.305465,enabled
1782984647.182,2026-07-02 09:30:47.183,os_log_pending_fsyncs,0,0,0.000000,enabled
1782984647.182,2026-07-02 09:30:47.183,os_log_pending_writes,0,0,0.000000,enabled
1782984647.182,2026-07-02 09:30:47.183,trx_rseg_history_len,526,526,0.000000,enabled
1782984648.254,2026-07-02 09:30:48.256,adaptive_hash_searches,0,0,0.000000,enabled
1782984648.254,2026-07-02 09:30:48.256,adaptive_hash_searches_btree,583930397,583930397,262462.475582,enabled
1782984648.254,2026-07-02 09:30:48.256,buffer_data_reads,1162561243648,1162561243648,522543003.368203,enabled
1782984648.254,2026-07-02 09:30:48.256,buffer_data_written,554262304256,554262304256,249127424.835067,enabled
1782984648.254,2026-07-02 09:30:48.256,buffer_pages0_read,7,7,0.003146,enabled
1782984648.254,2026-07-02 09:30:48.256,buffer_pages_created,1811556,1811556,814.250369,enabled
1782984648.254,2026-07-02 09:30:48.256,buffer_pages_read,71157590,71157590,31983.606084,enabled
1782984648.254,2026-07-02 09:30:48.256,buffer_pages_written,24159164,24159164,10858.956682,enabled
1782984648.254,2026-07-02 09:30:48.256,buffer_pool_bytes_data,12856803328,12856803328,0.000000,enabled
1782984648.254,2026-07-02 09:30:48.256,buffer_pool_bytes_dirty,4677959680,4677959680,0.000000,enabled
1782984648.254,2026-07-02 09:30:48.256,buffer_pool_pages_data,784718,784718,0.000000,enabled
1782984648.254,2026-07-02 09:30:48.256,buffer_pool_pages_dirty,285520,285520,0.000000,enabled
1782984648.254,2026-07-02 09:30:48.256,buffer_pool_pages_flushed,24102094,24102094,0.000000,enabled
1782984648.254,2026-07-02 09:30:48.256,buffer_pool_pages_free,1619,1619,0.000000,enabled
1782984648.254,2026-07-02 09:30:48.256,buffer_pool_pages_lru_flushed,0,0,0.000000,enabled
1782984648.254,2026-07-02 09:30:48.256,buffer_pool_pages_misc,97,97,0.000000,enabled
1782984648.254,2026-07-02 09:30:48.256,buffer_pool_pages_total,786432,786432,0.000000,enabled
1782984648.254,2026-07-02 09:30:48.256,buffer_pool_reads,70265252,70265252,31582.523050,enabled
1782984648.254,2026-07-02 09:30:48.256,buffer_pool_read_ahead,803715,803715,361.250355,enabled
1782984648.254,2026-07-02 09:30:48.256,buffer_pool_read_ahead_evicted,25,25,0.011237,enabled
1782984648.254,2026-07-02 09:30:48.256,buffer_pool_read_requests,2810598388,2810598388,1263295.659184,enabled
1782984648.254,2026-07-02 09:30:48.256,buffer_pool_size,12884901888,12884901888,0.000000,enabled
1782984648.254,2026-07-02 09:30:48.256,buffer_pool_wait_free,18945,18945,8.515317,enabled
1782984648.254,2026-07-02 09:30:48.256,buffer_pool_write_requests,595991420,595991420,267883.656547,enabled
1782984648.254,2026-07-02 09:30:48.256,dml_deletes,12736124,12736124,5724.577003,enabled
1782984648.254,2026-07-02 09:30:48.256,dml_inserts,112621525,112621525,50620.627808,enabled
1782984648.254,2026-07-02 09:30:48.256,dml_system_deletes,468,468,0.210355,enabled
1782984648.254,2026-07-02 09:30:48.256,dml_system_inserts,1202,1202,0.540270,enabled
1782984648.254,2026-07-02 09:30:48.256,dml_system_reads,7661,7661,3.443433,enabled
1782984648.254,2026-07-02 09:30:48.256,dml_system_updates,620,620,0.278675,enabled
1782984648.254,2026-07-02 09:30:48.256,dml_updates,25472364,25472364,11449.206133,enabled
1782984648.254,2026-07-02 09:30:48.256,file_num_open_files,35,35,0.000000,enabled
1782984648.254,2026-07-02 09:30:48.256,ibuf_merges,0,0,0.000000,enabled
1782984648.254,2026-07-02 09:30:48.256,ibuf_merges_delete,0,0,0.000000,enabled
1782984648.254,2026-07-02 09:30:48.256,ibuf_merges_delete_mark,0,0,0.000000,enabled
1782984648.254,2026-07-02 09:30:48.256,ibuf_merges_discard_delete,0,0,0.000000,enabled
1782984648.254,2026-07-02 09:30:48.256,ibuf_merges_discard_delete_mark,0,0,0.000000,enabled
1782984648.254,2026-07-02 09:30:48.256,ibuf_merges_discard_insert,0,0,0.000000,enabled
1782984648.254,2026-07-02 09:30:48.256,ibuf_merges_insert,0,0,0.000000,enabled
1782984648.254,2026-07-02 09:30:48.256,ibuf_size,1,1,0.000449,enabled
1782984648.254,2026-07-02 09:30:48.256,innodb_activity_count,17541134,17541134,7884.311919,enabled
1782984648.254,2026-07-02 09:30:48.256,innodb_dblwr_pages_written,24099913,24099913,10832.323030,enabled
1782984648.254,2026-07-02 09:30:48.256,innodb_dblwr_writes,491491,491491,220.913216,enabled
1782984648.254,2026-07-02 09:30:48.256,innodb_page_size,16384,16384,0.000000,enabled
1782984648.254,2026-07-02 09:30:48.256,innodb_rwlock_sx_os_waits,0,0,0.000000,enabled
1782984648.254,2026-07-02 09:30:48.256,innodb_rwlock_sx_spin_rounds,0,0,0.000000,enabled
1782984648.254,2026-07-02 09:30:48.256,innodb_rwlock_sx_spin_waits,0,0,0.000000,enabled
1782984648.254,2026-07-02 09:30:48.256,innodb_rwlock_s_os_waits,0,0,0.000000,enabled
1782984648.254,2026-07-02 09:30:48.256,innodb_rwlock_s_spin_rounds,0,0,0.000000,enabled
1782984648.254,2026-07-02 09:30:48.256,innodb_rwlock_s_spin_waits,0,0,0.000000,enabled
1782984648.254,2026-07-02 09:30:48.256,innodb_rwlock_x_os_waits,0,0,0.000000,enabled
1782984648.254,2026-07-02 09:30:48.256,innodb_rwlock_x_spin_rounds,0,0,0.000000,enabled
1782984648.254,2026-07-02 09:30:48.256,innodb_rwlock_x_spin_waits,0,0,0.000000,enabled
1782984648.254,2026-07-02 09:30:48.256,lock_deadlocks,0,0,0.000000,enabled
1782984648.254,2026-07-02 09:30:48.256,lock_deadlock_false_positives,0,0,0.000000,enabled
1782984648.254,2026-07-02 09:30:48.256,lock_deadlock_rounds,2462,2462,1.106609,enabled
1782984648.254,2026-07-02 09:30:48.256,lock_rec_grant_attempts,425,425,0.191027,enabled
1782984648.254,2026-07-02 09:30:48.256,lock_rec_release_attempts,38710540,38710540,17399.447120,enabled
1782984648.254,2026-07-02 09:30:48.256,lock_row_lock_current_waits,0,0,0.000000,enabled
1782984648.254,2026-07-02 09:30:48.256,lock_row_lock_time,323,323,0.145181,enabled
1782984648.254,2026-07-02 09:30:48.256,lock_row_lock_time_avg,0,0,0.000000,enabled
1782984648.254,2026-07-02 09:30:48.256,lock_row_lock_time_max,29,29,0.000000,enabled
1782984648.254,2026-07-02 09:30:48.256,lock_row_lock_waits,425,425,0.191027,enabled
1782984648.254,2026-07-02 09:30:48.256,lock_schedule_refreshes,2462,2462,1.106609,enabled
1782984648.254,2026-07-02 09:30:48.256,lock_threads_waiting,0,0,0.000000,enabled
1782984648.254,2026-07-02 09:30:48.256,lock_timeouts,0,0,0.000000,enabled
1782984648.254,2026-07-02 09:30:48.256,log_waits,0,0,0.000000,enabled
1782984648.254,2026-07-02 09:30:48.256,log_writes,192986026,192986026,86742.516671,enabled
1782984648.254,2026-07-02 09:30:48.256,log_write_requests,401210838,401210838,180334.496478,enabled
1782984648.254,2026-07-02 09:30:48.256,os_data_fsyncs,52470308,52470308,23584.125803,enabled
1782984648.254,2026-07-02 09:30:48.256,os_data_reads,71257155,71257155,32028.356121,enabled
1782984648.254,2026-07-02 09:30:48.256,os_data_writes,217909694,217909694,97945.101464,enabled
1782984648.254,2026-07-02 09:30:48.256,os_log_bytes_written,123344186880,123344186880,55440208.475282,enabled
1782984648.254,2026-07-02 09:30:48.256,os_log_fsyncs,45964397,45964397,20659.877165,enabled
1782984648.254,2026-07-02 09:30:48.256,os_log_pending_fsyncs,0,0,0.000000,enabled
1782984648.254,2026-07-02 09:30:48.256,os_log_pending_writes,1,1,0.000449,enabled
1782984648.254,2026-07-02 09:30:48.256,trx_rseg_history_len,500,500,0.000000,enabled
1782984649.326,2026-07-02 09:30:49.328,adaptive_hash_searches,0,0,0.000000,enabled
1782984649.326,2026-07-02 09:30:49.328,adaptive_hash_searches_btree,584098013,584098013,262411.412999,enabled
1782984649.326,2026-07-02 09:30:49.328,buffer_data_reads,1163490429440,1163490429440,522708862.379616,enabled
1782984649.326,2026-07-02 09:30:49.328,buffer_data_written,554573406720,554573406720,249147244.362056,enabled
1782984649.326,2026-07-02 09:30:49.328,buffer_pages0_read,7,7,0.003145,enabled
1782984649.326,2026-07-02 09:30:49.328,buffer_pages_created,1811596,1811596,813.876306,enabled
1782984649.326,2026-07-02 09:30:49.328,buffer_pages_read,71214486,71214486,31993.768148,enabled
1782984649.326,2026-07-02 09:30:49.328,buffer_pages_written,24175204,24175204,10860.934591,enabled
1782984649.326,2026-07-02 09:30:49.328,buffer_pool_bytes_data,12852019200,12852019200,0.000000,enabled
1782984649.326,2026-07-02 09:30:49.328,buffer_pool_bytes_dirty,4678991872,4678991872,0.000000,enabled
1782984649.326,2026-07-02 09:30:49.328,buffer_pool_pages_data,784425,784425,0.000000,enabled
1782984649.326,2026-07-02 09:30:49.328,buffer_pool_pages_dirty,285583,285583,0.000000,enabled
1782984649.326,2026-07-02 09:30:49.328,buffer_pool_pages_flushed,24118134,24118134,0.000000,enabled
1782984649.326,2026-07-02 09:30:49.328,buffer_pool_pages_free,1911,1911,0.000000,enabled
1782984649.326,2026-07-02 09:30:49.328,buffer_pool_pages_lru_flushed,0,0,0.000000,enabled
1782984649.326,2026-07-02 09:30:49.328,buffer_pool_pages_misc,96,96,0.000000,enabled
1782984649.326,2026-07-02 09:30:49.328,buffer_pool_pages_total,786432,786432,0.000000,enabled
1782984649.326,2026-07-02 09:30:49.328,buffer_pool_reads,70322084,70322084,31592.849368,enabled
1782984649.326,2026-07-02 09:30:49.328,buffer_pool_read_ahead,803715,803715,361.076425,enabled
1782984649.326,2026-07-02 09:30:49.328,buffer_pool_read_ahead_evicted,25,25,0.011231,enabled
1782984649.326,2026-07-02 09:30:49.328,buffer_pool_read_requests,2811429521,2811429521,1263060.817897,enabled
1782984649.326,2026-07-02 09:30:49.328,buffer_pool_size,12884901888,12884901888,0.000000,enabled
1782984649.326,2026-07-02 09:30:49.328,buffer_pool_wait_free,18945,18945,8.511217,enabled
1782984649.326,2026-07-02 09:30:49.328,buffer_pool_write_requests,596104876,596104876,267805.650472,enabled
1782984649.326,2026-07-02 09:30:49.328,dml_deletes,12740959,12740959,5723.993008,enabled
1782984649.326,2026-07-02 09:30:49.328,dml_inserts,112626360,112626360,50598.428094,enabled
1782984649.326,2026-07-02 09:30:49.328,dml_system_deletes,468,468,0.210253,enabled
1782984649.326,2026-07-02 09:30:49.328,dml_system_inserts,1202,1202,0.540010,enabled
1782984649.326,2026-07-02 09:30:49.328,dml_system_reads,7661,7661,3.441775,enabled
1782984649.326,2026-07-02 09:30:49.328,dml_system_updates,620,620,0.278541,enabled
1782984649.326,2026-07-02 09:30:49.328,dml_updates,25482037,25482037,11448.039465,enabled
1782984649.326,2026-07-02 09:30:49.328,file_num_open_files,35,35,0.000000,enabled
1782984649.326,2026-07-02 09:30:49.328,ibuf_merges,0,0,0.000000,enabled
1782984649.326,2026-07-02 09:30:49.328,ibuf_merges_delete,0,0,0.000000,enabled
1782984649.326,2026-07-02 09:30:49.328,ibuf_merges_delete_mark,0,0,0.000000,enabled
1782984649.326,2026-07-02 09:30:49.328,ibuf_merges_discard_delete,0,0,0.000000,enabled
1782984649.326,2026-07-02 09:30:49.328,ibuf_merges_discard_delete_mark,0,0,0.000000,enabled
1782984649.326,2026-07-02 09:30:49.328,ibuf_merges_discard_insert,0,0,0.000000,enabled
1782984649.326,2026-07-02 09:30:49.328,ibuf_merges_insert,0,0,0.000000,enabled
1782984649.326,2026-07-02 09:30:49.328,ibuf_size,1,1,0.000449,enabled
1782984649.326,2026-07-02 09:30:49.328,innodb_activity_count,17546692,17546692,7883.012910,enabled
1782984649.326,2026-07-02 09:30:49.328,innodb_dblwr_pages_written,24115953,24115953,10834.313801,enabled
1782984649.326,2026-07-02 09:30:49.328,innodb_dblwr_writes,491860,491860,220.972631,enabled
1782984649.326,2026-07-02 09:30:49.328,innodb_page_size,16384,16384,0.000000,enabled
1782984649.326,2026-07-02 09:30:49.328,innodb_rwlock_sx_os_waits,0,0,0.000000,enabled
1782984649.326,2026-07-02 09:30:49.328,innodb_rwlock_sx_spin_rounds,0,0,0.000000,enabled
1782984649.326,2026-07-02 09:30:49.328,innodb_rwlock_sx_spin_waits,0,0,0.000000,enabled
1782984649.326,2026-07-02 09:30:49.328,innodb_rwlock_s_os_waits,0,0,0.000000,enabled
1782984649.326,2026-07-02 09:30:49.328,innodb_rwlock_s_spin_rounds,0,0,0.000000,enabled
1782984649.326,2026-07-02 09:30:49.328,innodb_rwlock_s_spin_waits,0,0,0.000000,enabled
1782984649.326,2026-07-02 09:30:49.328,innodb_rwlock_x_os_waits,0,0,0.000000,enabled
1782984649.326,2026-07-02 09:30:49.328,innodb_rwlock_x_spin_rounds,0,0,0.000000,enabled
1782984649.326,2026-07-02 09:30:49.328,innodb_rwlock_x_spin_waits,0,0,0.000000,enabled
1782984649.326,2026-07-02 09:30:49.328,lock_deadlocks,0,0,0.000000,enabled
1782984649.326,2026-07-02 09:30:49.328,lock_deadlock_false_positives,0,0,0.000000,enabled
1782984649.326,2026-07-02 09:30:49.328,lock_deadlock_rounds,2463,2463,1.106526,enabled
1782984649.326,2026-07-02 09:30:49.328,lock_rec_grant_attempts,425,425,0.190935,enabled
1782984649.326,2026-07-02 09:30:49.328,lock_rec_release_attempts,38725248,38725248,17397.677526,enabled
1782984649.326,2026-07-02 09:30:49.328,lock_row_lock_current_waits,0,0,0.000000,enabled
1782984649.326,2026-07-02 09:30:49.328,lock_row_lock_time,323,323,0.145111,enabled
1782984649.326,2026-07-02 09:30:49.328,lock_row_lock_time_avg,0,0,0.000000,enabled
1782984649.326,2026-07-02 09:30:49.328,lock_row_lock_time_max,29,29,0.000000,enabled
1782984649.326,2026-07-02 09:30:49.328,lock_row_lock_waits,425,425,0.190935,enabled
1782984649.326,2026-07-02 09:30:49.328,lock_schedule_refreshes,2463,2463,1.106526,enabled
1782984649.326,2026-07-02 09:30:49.328,lock_threads_waiting,0,0,0.000000,enabled
1782984649.326,2026-07-02 09:30:49.328,lock_timeouts,0,0,0.000000,enabled
1782984649.326,2026-07-02 09:30:49.328,log_waits,0,0,0.000000,enabled
1782984649.326,2026-07-02 09:30:49.328,log_writes,193066604,193066604,86736.953325,enabled
1782984649.326,2026-07-02 09:30:49.328,log_write_requests,401293088,401293088,180284.622749,enabled
1782984649.326,2026-07-02 09:30:49.328,os_data_fsyncs,52503830,52503830,23587.830881,enabled
1782984649.326,2026-07-02 09:30:49.328,os_data_reads,71313897,71313897,32038.427369,enabled
1782984649.326,2026-07-02 09:30:49.328,os_data_writes,218006557,218006557,97941.460667,enabled
1782984649.326,2026-07-02 09:30:49.328,os_log_bytes_written,123386379776,123386379776,55432471.375276,enabled
1782984649.326,2026-07-02 09:30:49.328,os_log_fsyncs,45992925,45992925,20662.746578,enabled
1782984649.326,2026-07-02 09:30:49.328,os_log_pending_fsyncs,1,1,0.000449,enabled
1782984649.326,2026-07-02 09:30:49.328,os_log_pending_writes,0,0,0.000000,enabled
1782984649.326,2026-07-02 09:30:49.328,trx_rseg_history_len,493,493,0.000000,enabled
1782984650.398,2026-07-02 09:30:50.400,adaptive_hash_searches,0,0,0.000000,enabled
1782984650.398,2026-07-02 09:30:50.400,adaptive_hash_searches_btree,584260885,584260885,262358.328628,enabled
1782984650.398,2026-07-02 09:30:50.400,buffer_data_reads,1164391434752,1164391434752,522862025.993395,enabled
1782984650.398,2026-07-02 09:30:50.400,buffer_data_written,554924090368,554924090368,249184874.822760,enabled
1782984650.398,2026-07-02 09:30:50.400,buffer_pages0_read,7,7,0.003143,enabled
1782984650.398,2026-07-02 09:30:50.400,buffer_pages_created,1811622,1811622,813.496501,enabled
1782984650.398,2026-07-02 09:30:50.400,buffer_pages_read,71269636,71269636,32003.143637,enabled
1782984650.398,2026-07-02 09:30:50.400,buffer_pages_written,24193544,24193544,10863.945853,enabled
1782984650.398,2026-07-02 09:30:50.400,buffer_pool_bytes_data,12847710208,12847710208,0.000000,enabled
1782984650.398,2026-07-02 09:30:50.400,buffer_pool_bytes_dirty,4636459008,4636459008,0.000000,enabled
1782984650.398,2026-07-02 09:30:50.400,buffer_pool_pages_data,784162,784162,0.000000,enabled
1782984650.398,2026-07-02 09:30:50.400,buffer_pool_pages_dirty,282987,282987,0.000000,enabled
1782984650.398,2026-07-02 09:30:50.400,buffer_pool_pages_flushed,24133714,24133714,0.000000,enabled
1782984650.398,2026-07-02 09:30:50.400,buffer_pool_pages_free,2174,2174,0.000000,enabled
1782984650.398,2026-07-02 09:30:50.400,buffer_pool_pages_lru_flushed,0,0,0.000000,enabled
1782984650.398,2026-07-02 09:30:50.400,buffer_pool_pages_misc,96,96,0.000000,enabled
1782984650.398,2026-07-02 09:30:50.400,buffer_pool_pages_total,786432,786432,0.000000,enabled
1782984650.398,2026-07-02 09:30:50.400,buffer_pool_reads,70377192,70377192,31602.398848,enabled
1782984650.398,2026-07-02 09:30:50.400,buffer_pool_read_ahead,803715,803715,360.902744,enabled
1782984650.398,2026-07-02 09:30:50.400,buffer_pool_read_ahead_evicted,25,25,0.011226,enabled
1782984650.398,2026-07-02 09:30:50.400,buffer_pool_read_requests,2812236681,2812236681,1262815.725338,enabled
1782984650.398,2026-07-02 09:30:50.400,buffer_pool_size,12884901888,12884901888,0.000000,enabled
1782984650.398,2026-07-02 09:30:50.400,buffer_pool_wait_free,18945,18945,8.507123,enabled
1782984650.398,2026-07-02 09:30:50.400,buffer_pool_write_requests,596215426,596215426,267726.475552,enabled
1782984650.398,2026-07-02 09:30:50.400,dml_deletes,12745666,12745666,5723.353408,enabled
1782984650.398,2026-07-02 09:30:50.400,dml_inserts,112631066,112631066,50576.203405,enabled
1782984650.398,2026-07-02 09:30:50.400,dml_system_deletes,468,468,0.210152,enabled
1782984650.398,2026-07-02 09:30:50.400,dml_system_inserts,1202,1202,0.539750,enabled
1782984650.398,2026-07-02 09:30:50.400,dml_system_reads,7661,7661,3.440119,enabled
1782984650.398,2026-07-02 09:30:50.400,dml_system_updates,620,620,0.278407,enabled
1782984650.398,2026-07-02 09:30:50.400,dml_updates,25491451,25491451,11446.760242,enabled
1782984650.398,2026-07-02 09:30:50.400,file_num_open_files,35,35,0.000000,enabled
1782984650.398,2026-07-02 09:30:50.400,ibuf_merges,0,0,0.000000,enabled
1782984650.398,2026-07-02 09:30:50.400,ibuf_merges_delete,0,0,0.000000,enabled
1782984650.398,2026-07-02 09:30:50.400,ibuf_merges_delete_mark,0,0,0.000000,enabled
1782984650.398,2026-07-02 09:30:50.400,ibuf_merges_discard_delete,0,0,0.000000,enabled
1782984650.398,2026-07-02 09:30:50.400,ibuf_merges_discard_delete_mark,0,0,0.000000,enabled
1782984650.398,2026-07-02 09:30:50.400,ibuf_merges_discard_insert,0,0,0.000000,enabled
1782984650.398,2026-07-02 09:30:50.400,ibuf_merges_insert,0,0,0.000000,enabled
1782984650.398,2026-07-02 09:30:50.400,ibuf_size,1,1,0.000449,enabled
1782984650.398,2026-07-02 09:30:50.400,innodb_activity_count,17552102,17552102,7881.650481,enabled
1782984650.398,2026-07-02 09:30:50.400,innodb_dblwr_pages_written,24133663,24133663,10837.055030,enabled
1782984650.398,2026-07-02 09:30:50.400,innodb_dblwr_writes,492256,492256,221.044164,enabled
1782984650.398,2026-07-02 09:30:50.400,innodb_page_size,16384,16384,0.000000,enabled
1782984650.398,2026-07-02 09:30:50.400,innodb_rwlock_sx_os_waits,0,0,0.000000,enabled
1782984650.398,2026-07-02 09:30:50.400,innodb_rwlock_sx_spin_rounds,0,0,0.000000,enabled
1782984650.398,2026-07-02 09:30:50.400,innodb_rwlock_sx_spin_waits,0,0,0.000000,enabled
1782984650.398,2026-07-02 09:30:50.400,innodb_rwlock_s_os_waits,0,0,0.000000,enabled
1782984650.398,2026-07-02 09:30:50.400,innodb_rwlock_s_spin_rounds,0,0,0.000000,enabled
1782984650.398,2026-07-02 09:30:50.400,innodb_rwlock_s_spin_waits,0,0,0.000000,enabled
1782984650.398,2026-07-02 09:30:50.400,innodb_rwlock_x_os_waits,0,0,0.000000,enabled
1782984650.398,2026-07-02 09:30:50.400,innodb_rwlock_x_spin_rounds,0,0,0.000000,enabled
1782984650.398,2026-07-02 09:30:50.400,innodb_rwlock_x_spin_waits,0,0,0.000000,enabled
1782984650.398,2026-07-02 09:30:50.400,lock_deadlocks,0,0,0.000000,enabled
1782984650.398,2026-07-02 09:30:50.400,lock_deadlock_false_positives,0,0,0.000000,enabled
1782984650.398,2026-07-02 09:30:50.400,lock_deadlock_rounds,2464,2464,1.106442,enabled
1782984650.398,2026-07-02 09:30:50.400,lock_rec_grant_attempts,425,425,0.190843,enabled
1782984650.398,2026-07-02 09:30:50.400,lock_rec_release_attempts,38739537,38739537,17395.725518,enabled
1782984650.398,2026-07-02 09:30:50.400,lock_row_lock_current_waits,0,0,0.000000,enabled
1782984650.398,2026-07-02 09:30:50.400,lock_row_lock_time,323,323,0.145041,enabled
1782984650.398,2026-07-02 09:30:50.400,lock_row_lock_time_avg,0,0,0.000000,enabled
1782984650.398,2026-07-02 09:30:50.400,lock_row_lock_time_max,29,29,0.000000,enabled
1782984650.398,2026-07-02 09:30:50.400,lock_row_lock_waits,425,425,0.190843,enabled
1782984650.398,2026-07-02 09:30:50.400,lock_schedule_refreshes,2464,2464,1.106442,enabled
1782984650.398,2026-07-02 09:30:50.400,lock_threads_waiting,0,0,0.000000,enabled
1782984650.398,2026-07-02 09:30:50.400,lock_timeouts,0,0,0.000000,enabled
1782984650.398,2026-07-02 09:30:50.400,log_waits,0,0,0.000000,enabled
1782984650.398,2026-07-02 09:30:50.400,log_writes,193144700,193144700,86730.301023,enabled
1782984650.398,2026-07-02 09:30:50.400,log_write_requests,401373177,401373177,180233.868659,enabled
1782984650.398,2026-07-02 09:30:50.400,os_data_fsyncs,52535790,52535790,23590.836438,enabled
1782984650.398,2026-07-02 09:30:50.400,os_data_reads,71368887,71368887,32047.709628,enabled
1782984650.398,2026-07-02 09:30:50.400,os_data_writes,218103321,218103321,97937.801583,enabled
1782984650.398,2026-07-02 09:30:50.400,os_log_bytes_written,123427390976,123427390976,55424223.885759,enabled
1782984650.398,2026-07-02 09:30:50.400,os_log_fsyncs,46019766,46019766,20664.860460,enabled
1782984650.398,2026-07-02 09:30:50.400,os_log_pending_fsyncs,1,1,0.000449,enabled
1782984650.398,2026-07-02 09:30:50.400,os_log_pending_writes,0,0,0.000000,enabled
1782984650.398,2026-07-02 09:30:50.400,trx_rseg_history_len,389,389,0.000000,enabled
1782984651.469,2026-07-02 09:30:51.470,adaptive_hash_searches,0,0,0.000000,enabled
1782984651.469,2026-07-02 09:30:51.470,adaptive_hash_searches_btree,584427833,584427833,262307.078980,enabled
1782984651.469,2026-07-02 09:30:51.470,buffer_data_reads,1165310626304,1165310626304,523023113.276613,enabled
1782984651.469,2026-07-02 09:30:51.470,buffer_data_written,555245502976,555245502976,249209287.866474,enabled
1782984651.469,2026-07-02 09:30:51.470,buffer_pages0_read,7,7,0.003142,enabled
1782984651.469,2026-07-02 09:30:51.470,buffer_pages_created,1811650,1811650,813.117817,enabled
1782984651.469,2026-07-02 09:30:51.470,buffer_pages_read,71325907,71325907,32013.007666,enabled
1782984651.469,2026-07-02 09:30:51.470,buffer_pages_written,24210440,24210440,10866.304223,enabled
1782984651.469,2026-07-02 09:30:51.470,buffer_pool_bytes_data,12850905088,12850905088,0.000000,enabled
1782984651.469,2026-07-02 09:30:51.470,buffer_pool_bytes_dirty,4624613376,4624613376,0.000000,enabled
1782984651.469,2026-07-02 09:30:51.470,buffer_pool_pages_data,784357,784357,0.000000,enabled
1782984651.469,2026-07-02 09:30:51.470,buffer_pool_pages_dirty,282264,282264,0.000000,enabled
1782984651.469,2026-07-02 09:30:51.470,buffer_pool_pages_flushed,24153370,24153370,0.000000,enabled
1782984651.469,2026-07-02 09:30:51.470,buffer_pool_pages_free,1979,1979,0.000000,enabled
1782984651.469,2026-07-02 09:30:51.470,buffer_pool_pages_lru_flushed,0,0,0.000000,enabled
1782984651.469,2026-07-02 09:30:51.470,buffer_pool_pages_misc,96,96,0.000000,enabled
1782984651.469,2026-07-02 09:30:51.470,buffer_pool_pages_total,786432,786432,0.000000,enabled
1782984651.469,2026-07-02 09:30:51.470,buffer_pool_reads,70433395,70433395,31612.425194,enabled
1782984651.469,2026-07-02 09:30:51.470,buffer_pool_read_ahead,803715,803715,360.729169,enabled
1782984651.469,2026-07-02 09:30:51.470,buffer_pool_read_ahead_evicted,25,25,0.011221,enabled
1782984651.469,2026-07-02 09:30:51.470,buffer_pool_read_requests,2813064275,2813064275,1262579.824210,enabled
1782984651.469,2026-07-02 09:30:51.470,buffer_pool_size,12884901888,12884901888,0.000000,enabled
1782984651.469,2026-07-02 09:30:51.470,buffer_pool_wait_free,18945,18945,8.503032,enabled
1782984651.469,2026-07-02 09:30:51.470,buffer_pool_write_requests,596328961,596328961,267648.670745,enabled
1782984651.469,2026-07-02 09:30:51.470,dml_deletes,12750483,12750483,5722.762788,enabled
1782984651.469,2026-07-02 09:30:51.470,dml_inserts,112635883,112635883,50554.041011,enabled
1782984651.469,2026-07-02 09:30:51.470,dml_system_deletes,468,468,0.210051,enabled
1782984651.469,2026-07-02 09:30:51.470,dml_system_inserts,1202,1202,0.539490,enabled
1782984651.469,2026-07-02 09:30:51.470,dml_system_reads,7661,7661,3.438465,enabled
1782984651.469,2026-07-02 09:30:51.470,dml_system_updates,620,620,0.278273,enabled
1782984651.469,2026-07-02 09:30:51.470,dml_updates,25501086,25501086,11445.579426,enabled
1782984651.469,2026-07-02 09:30:51.470,file_num_open_files,35,35,0.000000,enabled
1782984651.469,2026-07-02 09:30:51.470,ibuf_merges,0,0,0.000000,enabled
1782984651.469,2026-07-02 09:30:51.470,ibuf_merges_delete,0,0,0.000000,enabled
1782984651.469,2026-07-02 09:30:51.470,ibuf_merges_delete_mark,0,0,0.000000,enabled
1782984651.469,2026-07-02 09:30:51.470,ibuf_merges_discard_delete,0,0,0.000000,enabled
1782984651.469,2026-07-02 09:30:51.470,ibuf_merges_discard_delete_mark,0,0,0.000000,enabled
1782984651.469,2026-07-02 09:30:51.470,ibuf_merges_discard_insert,0,0,0.000000,enabled
1782984651.469,2026-07-02 09:30:51.470,ibuf_merges_insert,0,0,0.000000,enabled
1782984651.469,2026-07-02 09:30:51.470,ibuf_size,1,1,0.000449,enabled
1782984651.469,2026-07-02 09:30:51.470,innodb_activity_count,17557633,17557633,7880.342284,enabled
1782984651.469,2026-07-02 09:30:51.470,innodb_dblwr_pages_written,24151189,24151189,10839.709128,enabled
1782984651.469,2026-07-02 09:30:51.470,innodb_dblwr_writes,492599,492599,221.091801,enabled
1782984651.469,2026-07-02 09:30:51.470,innodb_page_size,16384,16384,0.000000,enabled
1782984651.469,2026-07-02 09:30:51.470,innodb_rwlock_sx_os_waits,0,0,0.000000,enabled
1782984651.469,2026-07-02 09:30:51.470,innodb_rwlock_sx_spin_rounds,0,0,0.000000,enabled
1782984651.469,2026-07-02 09:30:51.470,innodb_rwlock_sx_spin_waits,0,0,0.000000,enabled
1782984651.469,2026-07-02 09:30:51.470,innodb_rwlock_s_os_waits,0,0,0.000000,enabled
1782984651.469,2026-07-02 09:30:51.470,innodb_rwlock_s_spin_rounds,0,0,0.000000,enabled
1782984651.469,2026-07-02 09:30:51.470,innodb_rwlock_s_spin_waits,0,0,0.000000,enabled
1782984651.469,2026-07-02 09:30:51.470,innodb_rwlock_x_os_waits,0,0,0.000000,enabled
1782984651.469,2026-07-02 09:30:51.470,innodb_rwlock_x_spin_rounds,0,0,0.000000,enabled
1782984651.469,2026-07-02 09:30:51.470,innodb_rwlock_x_spin_waits,0,0,0.000000,enabled
1782984651.469,2026-07-02 09:30:51.470,lock_deadlocks,0,0,0.000000,enabled
1782984651.469,2026-07-02 09:30:51.470,lock_deadlock_false_positives,0,0,0.000000,enabled
1782984651.469,2026-07-02 09:30:51.470,lock_deadlock_rounds,2465,2465,1.106359,enabled
1782984651.469,2026-07-02 09:30:51.470,lock_rec_grant_attempts,425,425,0.190752,enabled
1782984651.469,2026-07-02 09:30:51.470,lock_rec_release_attempts,38754173,38754173,17393.928158,enabled
1782984651.469,2026-07-02 09:30:51.470,lock_row_lock_current_waits,0,0,0.000000,enabled
1782984651.469,2026-07-02 09:30:51.470,lock_row_lock_time,323,323,0.144971,enabled
1782984651.469,2026-07-02 09:30:51.470,lock_row_lock_time_avg,0,0,0.000000,enabled
1782984651.469,2026-07-02 09:30:51.470,lock_row_lock_time_max,29,29,0.000000,enabled
1782984651.469,2026-07-02 09:30:51.470,lock_row_lock_waits,425,425,0.190752,enabled
1782984651.469,2026-07-02 09:30:51.470,lock_schedule_refreshes,2465,2465,1.106359,enabled
1782984651.469,2026-07-02 09:30:51.470,lock_threads_waiting,0,0,0.000000,enabled
1782984651.469,2026-07-02 09:30:51.470,lock_timeouts,0,0,0.000000,enabled
1782984651.469,2026-07-02 09:30:51.470,log_waits,0,0,0.000000,enabled
1782984651.469,2026-07-02 09:30:51.470,log_writes,193224647,193224647,86724.470455,enabled
1782984651.469,2026-07-02 09:30:51.470,log_write_requests,401455293,401455293,180184.041016,enabled
1782984651.469,2026-07-02 09:30:51.470,os_data_fsyncs,52569364,52569364,23594.559264,enabled
1782984651.469,2026-07-02 09:30:51.470,os_data_reads,71424974,71424974,32057.469526,enabled
1782984651.469,2026-07-02 09:30:51.470,os_data_writes,218200367,218200367,97934.254899,enabled
1782984651.469,2026-07-02 09:30:51.470,os_log_bytes_written,123469341696,123469341696,55416396.042933,enabled
1782984651.469,2026-07-02 09:30:51.470,os_log_fsyncs,46048508,46048508,20667.821815,enabled
1782984651.469,2026-07-02 09:30:51.470,os_log_pending_fsyncs,1,1,0.000449,enabled
1782984651.469,2026-07-02 09:30:51.470,os_log_pending_writes,0,0,0.000000,enabled
1782984651.469,2026-07-02 09:30:51.470,trx_rseg_history_len,237,237,0.000000,enabled
1782984652.541,2026-07-02 09:30:52.542,adaptive_hash_searches,0,0,0.000000,enabled
1782984652.541,2026-07-02 09:30:52.542,adaptive_hash_searches_btree,584595155,584595155,262256.092900,enabled
1782984652.541,2026-07-02 09:30:52.542,buffer_data_reads,1166238616064,1166238616064,523188096.289617,enabled
1782984652.541,2026-07-02 09:30:52.542,buffer_data_written,555556157952,555556157952,249228900.853078,enabled
1782984652.541,2026-07-02 09:30:52.542,buffer_pages0_read,7,7,0.003140,enabled
1782984652.541,2026-07-02 09:30:52.542,buffer_pages_created,1811700,1811700,812.749527,enabled
1782984652.541,2026-07-02 09:30:52.542,buffer_pages_read,71382701,71382701,32023.103169,enabled
1782984652.541,2026-07-02 09:30:52.542,buffer_pages_written,24226449,24226449,10868.264550,enabled
1782984652.541,2026-07-02 09:30:52.542,buffer_pool_bytes_data,12854870016,12854870016,0.000000,enabled
1782984652.541,2026-07-02 09:30:52.542,buffer_pool_bytes_dirty,4626268160,4626268160,0.000000,enabled
1782984652.541,2026-07-02 09:30:52.542,buffer_pool_pages_data,784599,784599,0.000000,enabled
1782984652.541,2026-07-02 09:30:52.542,buffer_pool_pages_dirty,282365,282365,0.000000,enabled
1782984652.541,2026-07-02 09:30:52.542,buffer_pool_pages_flushed,24169379,24169379,0.000000,enabled
1782984652.541,2026-07-02 09:30:52.542,buffer_pool_pages_free,1736,1736,0.000000,enabled
1782984652.541,2026-07-02 09:30:52.542,buffer_pool_pages_lru_flushed,0,0,0.000000,enabled
1782984652.541,2026-07-02 09:30:52.542,buffer_pool_pages_misc,96,96,0.000000,enabled
1782984652.541,2026-07-02 09:30:52.542,buffer_pool_pages_total,786432,786432,0.000000,enabled
1782984652.541,2026-07-02 09:30:52.542,buffer_pool_reads,70490126,70490126,31622.684934,enabled
1782984652.541,2026-07-02 09:30:52.542,buffer_pool_read_ahead,803715,803715,360.555831,enabled
1782984652.541,2026-07-02 09:30:52.542,buffer_pool_read_ahead_evicted,25,25,0.011215,enabled
1782984652.541,2026-07-02 09:30:52.542,buffer_pool_read_requests,2813892908,2813892908,1262344.862287,enabled
1782984652.541,2026-07-02 09:30:52.542,buffer_pool_size,12884901888,12884901888,0.000000,enabled
1782984652.541,2026-07-02 09:30:52.542,buffer_pool_wait_free,18945,18945,8.498946,enabled
1782984652.541,2026-07-02 09:30:52.542,buffer_pool_write_requests,596441659,596441659,267570.617564,enabled
1782984652.541,2026-07-02 09:30:52.542,dml_deletes,12755322,12755322,5722.183578,enabled
1782984652.541,2026-07-02 09:30:52.542,dml_inserts,112640722,112640722,50531.918389,enabled
1782984652.541,2026-07-02 09:30:52.542,dml_system_deletes,468,468,0.209950,enabled
1782984652.541,2026-07-02 09:30:52.542,dml_system_inserts,1202,1202,0.539231,enabled
1782984652.541,2026-07-02 09:30:52.542,dml_system_reads,7661,7661,3.436812,enabled
1782984652.541,2026-07-02 09:30:52.542,dml_system_updates,620,620,0.278139,enabled
1782984652.541,2026-07-02 09:30:52.542,dml_updates,25510759,25510759,11444.418732,enabled
1782984652.541,2026-07-02 09:30:52.542,file_num_open_files,35,35,0.000000,enabled
1782984652.541,2026-07-02 09:30:52.542,ibuf_merges,0,0,0.000000,enabled
1782984652.541,2026-07-02 09:30:52.542,ibuf_merges_delete,0,0,0.000000,enabled
1782984652.541,2026-07-02 09:30:52.542,ibuf_merges_delete_mark,0,0,0.000000,enabled
1782984652.541,2026-07-02 09:30:52.542,ibuf_merges_discard_delete,0,0,0.000000,enabled
1782984652.541,2026-07-02 09:30:52.542,ibuf_merges_discard_delete_mark,0,0,0.000000,enabled
1782984652.541,2026-07-02 09:30:52.542,ibuf_merges_discard_insert,0,0,0.000000,enabled
1782984652.541,2026-07-02 09:30:52.542,ibuf_merges_insert,0,0,0.000000,enabled
1782984652.541,2026-07-02 09:30:52.542,ibuf_size,1,1,0.000449,enabled
1782984652.541,2026-07-02 09:30:52.542,innodb_activity_count,17563197,17563197,7879.051543,enabled
1782984652.541,2026-07-02 09:30:52.542,innodb_dblwr_pages_written,24167198,24167198,10841.682022,enabled
1782984652.541,2026-07-02 09:30:52.542,innodb_dblwr_writes,492965,492965,221.149749,enabled
1782984652.541,2026-07-02 09:30:52.542,innodb_page_size,16384,16384,0.000000,enabled
1782984652.541,2026-07-02 09:30:52.542,innodb_rwlock_sx_os_waits,0,0,0.000000,enabled
1782984652.541,2026-07-02 09:30:52.542,innodb_rwlock_sx_spin_rounds,0,0,0.000000,enabled
1782984652.541,2026-07-02 09:30:52.542,innodb_rwlock_sx_spin_waits,0,0,0.000000,enabled
1782984652.541,2026-07-02 09:30:52.542,innodb_rwlock_s_os_waits,0,0,0.000000,enabled
1782984652.541,2026-07-02 09:30:52.542,innodb_rwlock_s_spin_rounds,0,0,0.000000,enabled
1782984652.541,2026-07-02 09:30:52.542,innodb_rwlock_s_spin_waits,0,0,0.000000,enabled
1782984652.541,2026-07-02 09:30:52.542,innodb_rwlock_x_os_waits,0,0,0.000000,enabled
1782984652.541,2026-07-02 09:30:52.542,innodb_rwlock_x_spin_rounds,0,0,0.000000,enabled
1782984652.541,2026-07-02 09:30:52.542,innodb_rwlock_x_spin_waits,0,0,0.000000,enabled
1782984652.541,2026-07-02 09:30:52.542,lock_deadlocks,0,0,0.000000,enabled
1782984652.541,2026-07-02 09:30:52.542,lock_deadlock_false_positives,0,0,0.000000,enabled
1782984652.541,2026-07-02 09:30:52.542,lock_deadlock_rounds,2466,2466,1.106276,enabled
1782984652.541,2026-07-02 09:30:52.542,lock_rec_grant_attempts,425,425,0.190660,enabled
1782984652.541,2026-07-02 09:30:52.542,lock_rec_release_attempts,38768890,38768890,17392.172218,enabled
1782984652.541,2026-07-02 09:30:52.542,lock_row_lock_current_waits,0,0,0.000000,enabled
1782984652.541,2026-07-02 09:30:52.542,lock_row_lock_time,323,323,0.144902,enabled
1782984652.541,2026-07-02 09:30:52.542,lock_row_lock_time_avg,0,0,0.000000,enabled
1782984652.541,2026-07-02 09:30:52.542,lock_row_lock_time_max,29,29,0.000000,enabled
1782984652.541,2026-07-02 09:30:52.542,lock_row_lock_waits,425,425,0.190660,enabled
1782984652.541,2026-07-02 09:30:52.542,lock_schedule_refreshes,2466,2466,1.106276,enabled
1782984652.541,2026-07-02 09:30:52.542,lock_threads_waiting,0,0,0.000000,enabled
1782984652.541,2026-07-02 09:30:52.542,lock_timeouts,0,0,0.000000,enabled
1782984652.541,2026-07-02 09:30:52.542,log_waits,0,0,0.000000,enabled
1782984652.541,2026-07-02 09:30:52.542,log_writes,193304976,193304976,86718.833057,enabled
1782984652.541,2026-07-02 09:30:52.542,log_write_requests,401537462,401537462,180134.318743,enabled
1782984652.541,2026-07-02 09:30:52.542,os_data_fsyncs,52602140,52602140,23597.925132,enabled
1782984652.541,2026-07-02 09:30:52.542,os_data_reads,71481616,71481616,32067.475302,enabled
1782984652.541,2026-07-02 09:30:52.542,os_data_writes,218296986,218296986,97930.539261,enabled
1782984652.541,2026-07-02 09:30:52.542,os_log_bytes_written,123511408640,123511408640,55408638.653271,enabled
1782984652.541,2026-07-02 09:30:52.542,os_log_fsyncs,46076256,46076256,20670.338435,enabled
1782984652.541,2026-07-02 09:30:52.542,os_log_pending_fsyncs,1,1,0.000449,enabled
1782984652.541,2026-07-02 09:30:52.542,os_log_pending_writes,1,1,0.000449,enabled
1782984652.541,2026-07-02 09:30:52.542,trx_rseg_history_len,278,278,0.000000,enabled
1782984653.612,2026-07-02 09:30:53.613,adaptive_hash_searches,0,0,0.000000,enabled
1782984653.612,2026-07-02 09:30:53.613,adaptive_hash_searches_btree,584763041,584763041,262205.350951,enabled
1782984653.612,2026-07-02 09:30:53.613,buffer_data_reads,1167165164032,1167165164032,523352141.834494,enabled
1782984653.612,2026-07-02 09:30:53.613,buffer_data_written,555868143104,555868143104,249249028.328648,enabled
1782984653.612,2026-07-02 09:30:53.613,buffer_pages0_read,7,7,0.003139,enabled
1782984653.612,2026-07-02 09:30:53.613,buffer_pages_created,1811746,1811746,812.379591,enabled
1782984653.612,2026-07-02 09:30:53.613,buffer_pages_read,71439408,71439408,32033.141863,enabled
1782984653.612,2026-07-02 09:30:53.613,buffer_pages_written,24242567,24242567,10870.269115,enabled
1782984653.612,2026-07-02 09:30:53.613,buffer_pool_bytes_data,12852068352,12852068352,0.000000,enabled
1782984653.612,2026-07-02 09:30:53.613,buffer_pool_bytes_dirty,4628480000,4628480000,0.000000,enabled
1782984653.612,2026-07-02 09:30:53.613,buffer_pool_pages_data,784428,784428,0.000000,enabled
1782984653.612,2026-07-02 09:30:53.613,buffer_pool_pages_dirty,282500,282500,0.000000,enabled
1782984653.612,2026-07-02 09:30:53.613,buffer_pool_pages_flushed,24185497,24185497,0.000000,enabled
1782984653.612,2026-07-02 09:30:53.613,buffer_pool_pages_free,1907,1907,0.000000,enabled
1782984653.612,2026-07-02 09:30:53.613,buffer_pool_pages_lru_flushed,0,0,0.000000,enabled
1782984653.612,2026-07-02 09:30:53.613,buffer_pool_pages_misc,96,96,0.000000,enabled
1782984653.612,2026-07-02 09:30:53.613,buffer_pool_pages_total,786432,786432,0.000000,enabled
1782984653.612,2026-07-02 09:30:53.613,buffer_pool_reads,70546771,70546771,31632.888400,enabled
1782984653.612,2026-07-02 09:30:53.613,buffer_pool_read_ahead,803715,803715,360.382569,enabled
1782984653.612,2026-07-02 09:30:53.613,buffer_pool_read_ahead_evicted,25,25,0.011210,enabled
1782984653.612,2026-07-02 09:30:53.613,buffer_pool_read_requests,2814724645,2814724645,1262111.202745,enabled
1782984653.612,2026-07-02 09:30:53.613,buffer_pool_size,12884901888,12884901888,0.000000,enabled
1782984653.612,2026-07-02 09:30:53.613,buffer_pool_wait_free,18945,18945,8.494862,enabled
1782984653.612,2026-07-02 09:30:53.613,buffer_pool_write_requests,596555239,596555239,267492.968022,enabled
1782984653.612,2026-07-02 09:30:53.613,dml_deletes,12760166,12760166,5721.605976,enabled
1782984653.612,2026-07-02 09:30:53.613,dml_inserts,112645567,112645567,50509.809189,enabled
1782984653.612,2026-07-02 09:30:53.613,dml_system_deletes,468,468,0.209849,enabled
1782984653.612,2026-07-02 09:30:53.613,dml_system_inserts,1202,1202,0.538972,enabled
1782984653.612,2026-07-02 09:30:53.613,dml_system_reads,7661,7661,3.435161,enabled
1782984653.612,2026-07-02 09:30:53.613,dml_system_updates,620,620,0.278005,enabled
1782984653.612,2026-07-02 09:30:53.613,dml_updates,25520446,25520446,11443.263060,enabled
1782984653.612,2026-07-02 09:30:53.613,file_num_open_files,35,35,0.000000,enabled
1782984653.612,2026-07-02 09:30:53.613,ibuf_merges,0,0,0.000000,enabled
1782984653.612,2026-07-02 09:30:53.613,ibuf_merges_delete,0,0,0.000000,enabled
1782984653.612,2026-07-02 09:30:53.613,ibuf_merges_delete_mark,0,0,0.000000,enabled
1782984653.612,2026-07-02 09:30:53.613,ibuf_merges_discard_delete,0,0,0.000000,enabled
1782984653.612,2026-07-02 09:30:53.613,ibuf_merges_discard_delete_mark,0,0,0.000000,enabled
1782984653.612,2026-07-02 09:30:53.613,ibuf_merges_discard_insert,0,0,0.000000,enabled
1782984653.612,2026-07-02 09:30:53.613,ibuf_merges_insert,0,0,0.000000,enabled
1782984653.612,2026-07-02 09:30:53.613,ibuf_size,1,1,0.000448,enabled
1782984653.612,2026-07-02 09:30:53.613,innodb_activity_count,17568762,17568762,7877.760783,enabled
1782984653.612,2026-07-02 09:30:53.613,innodb_dblwr_pages_written,24183316,24183316,10843.699580,enabled
1782984653.612,2026-07-02 09:30:53.613,innodb_dblwr_writes,493339,493339,221.211182,enabled
1782984653.612,2026-07-02 09:30:53.613,innodb_page_size,16384,16384,0.000000,enabled
1782984653.612,2026-07-02 09:30:53.613,innodb_rwlock_sx_os_waits,0,0,0.000000,enabled
1782984653.612,2026-07-02 09:30:53.613,innodb_rwlock_sx_spin_rounds,0,0,0.000000,enabled
1782984653.612,2026-07-02 09:30:53.613,innodb_rwlock_sx_spin_waits,0,0,0.000000,enabled
1782984653.612,2026-07-02 09:30:53.613,innodb_rwlock_s_os_waits,0,0,0.000000,enabled
1782984653.612,2026-07-02 09:30:53.613,innodb_rwlock_s_spin_rounds,0,0,0.000000,enabled
1782984653.612,2026-07-02 09:30:53.613,innodb_rwlock_s_spin_waits,0,0,0.000000,enabled
1782984653.612,2026-07-02 09:30:53.613,innodb_rwlock_x_os_waits,0,0,0.000000,enabled
1782984653.612,2026-07-02 09:30:53.613,innodb_rwlock_x_spin_rounds,0,0,0.000000,enabled
1782984653.612,2026-07-02 09:30:53.613,innodb_rwlock_x_spin_waits,0,0,0.000000,enabled
1782984653.612,2026-07-02 09:30:53.613,lock_deadlocks,0,0,0.000000,enabled
1782984653.612,2026-07-02 09:30:53.613,lock_deadlock_false_positives,0,0,0.000000,enabled
1782984653.612,2026-07-02 09:30:53.613,lock_deadlock_rounds,2467,2467,1.106193,enabled
1782984653.612,2026-07-02 09:30:53.613,lock_rec_grant_attempts,425,425,0.190568,enabled
1782984653.612,2026-07-02 09:30:53.613,lock_rec_release_attempts,38783621,38783621,17390.419926,enabled
1782984653.612,2026-07-02 09:30:53.613,lock_row_lock_current_waits,0,0,0.000000,enabled
1782984653.612,2026-07-02 09:30:53.613,lock_row_lock_time,323,323,0.144832,enabled
1782984653.612,2026-07-02 09:30:53.613,lock_row_lock_time_avg,0,0,0.000000,enabled
1782984653.612,2026-07-02 09:30:53.613,lock_row_lock_time_max,29,29,0.000000,enabled
1782984653.612,2026-07-02 09:30:53.613,lock_row_lock_waits,425,425,0.190568,enabled
1782984653.612,2026-07-02 09:30:53.613,lock_schedule_refreshes,2467,2467,1.106193,enabled
1782984653.612,2026-07-02 09:30:53.613,lock_threads_waiting,0,0,0.000000,enabled
1782984653.612,2026-07-02 09:30:53.613,lock_timeouts,0,0,0.000000,enabled
1782984653.612,2026-07-02 09:30:53.613,log_waits,0,0,0.000000,enabled
1782984653.612,2026-07-02 09:30:53.613,log_writes,193384885,193384885,86712.992508,enabled
1782984653.612,2026-07-02 09:30:53.613,log_write_requests,401619870,401619870,180084.709334,enabled
1782984653.612,2026-07-02 09:30:53.613,os_data_fsyncs,52634899,52634899,23601.274412,enabled
1782984653.612,2026-07-02 09:30:53.613,os_data_reads,71538152,71538152,32077.416140,enabled
1782984653.612,2026-07-02 09:30:53.613,os_data_writes,218393284,218393284,97926.659443,enabled
1782984653.612,2026-07-02 09:30:53.613,os_log_bytes_written,123553233920,123553233920,55400766.955650,enabled
1782984653.612,2026-07-02 09:30:53.613,os_log_fsyncs,46104076,46104076,20672.879918,enabled
1782984653.612,2026-07-02 09:30:53.613,os_log_pending_fsyncs,1,1,0.000448,enabled
1782984653.612,2026-07-02 09:30:53.613,os_log_pending_writes,0,0,0.000000,enabled
1782984653.612,2026-07-02 09:30:53.613,trx_rseg_history_len,289,289,0.000000,enabled
1782984654.683,2026-07-02 09:30:54.685,adaptive_hash_searches,0,0,0.000000,enabled
1782984654.683,2026-07-02 09:30:54.685,adaptive_hash_searches_btree,584930598,584930598,262154.454876,enabled
1782984654.683,2026-07-02 09:30:54.685,buffer_data_reads,1168091957760,1168091957760,523516041.070001,enabled
1782984654.683,2026-07-02 09:30:54.685,buffer_data_written,556176995328,556176995328,249267685.255109,enabled
1782984654.683,2026-07-02 09:30:54.685,buffer_pages0_read,7,7,0.003137,enabled
1782984654.683,2026-07-02 09:30:54.685,buffer_pages_created,1811787,1811787,812.007616,enabled
1782984654.683,2026-07-02 09:30:54.685,buffer_pages_read,71496116,71496116,32043.165285,enabled
1782984654.683,2026-07-02 09:30:54.685,buffer_pages_written,24258506,24258506,10872.189481,enabled
1782984654.683,2026-07-02 09:30:54.685,buffer_pool_bytes_data,12853739520,12853739520,0.000000,enabled
1782984654.683,2026-07-02 09:30:54.685,buffer_pool_bytes_dirty,4633640960,4633640960,0.000000,enabled
1782984654.683,2026-07-02 09:30:54.685,buffer_pool_pages_data,784530,784530,0.000000,enabled
1782984654.683,2026-07-02 09:30:54.685,buffer_pool_pages_dirty,282815,282815,0.000000,enabled
1782984654.683,2026-07-02 09:30:54.685,buffer_pool_pages_flushed,24201436,24201436,0.000000,enabled
1782984654.683,2026-07-02 09:30:54.685,buffer_pool_pages_free,1805,1805,0.000000,enabled
1782984654.683,2026-07-02 09:30:54.685,buffer_pool_pages_lru_flushed,0,0,0.000000,enabled
1782984654.683,2026-07-02 09:30:54.685,buffer_pool_pages_misc,97,97,0.000000,enabled
1782984654.683,2026-07-02 09:30:54.685,buffer_pool_pages_total,786432,786432,0.000000,enabled
1782984654.683,2026-07-02 09:30:54.685,buffer_pool_reads,70603411,70603411,31643.073388,enabled
1782984654.683,2026-07-02 09:30:54.685,buffer_pool_read_ahead,803715,803715,360.209402,enabled
1782984654.683,2026-07-02 09:30:54.685,buffer_pool_read_ahead_evicted,25,25,0.011205,enabled
1782984654.683,2026-07-02 09:30:54.685,buffer_pool_read_requests,2815554799,2815554799,1261876.804670,enabled
1782984654.683,2026-07-02 09:30:54.685,buffer_pool_size,12884901888,12884901888,0.000000,enabled
1782984654.683,2026-07-02 09:30:54.685,buffer_pool_wait_free,18945,18945,8.490780,enabled
1782984654.683,2026-07-02 09:30:54.685,buffer_pool_write_requests,596668274,596668274,267415.095072,enabled
1782984654.683,2026-07-02 09:30:54.685,dml_deletes,12765010,12765010,5721.027664,enabled
1782984654.683,2026-07-02 09:30:54.685,dml_inserts,112650408,112650408,50487.708288,enabled
1782984654.683,2026-07-02 09:30:54.685,dml_system_deletes,468,468,0.209748,enabled
1782984654.683,2026-07-02 09:30:54.685,dml_system_inserts,1202,1202,0.538713,enabled
1782984654.683,2026-07-02 09:30:54.685,dml_system_reads,7661,7661,3.433510,enabled
1782984654.683,2026-07-02 09:30:54.685,dml_system_updates,620,620,0.277872,enabled
1782984654.683,2026-07-02 09:30:54.685,dml_updates,25530132,25530132,11442.105513,enabled
1782984654.683,2026-07-02 09:30:54.685,file_num_open_files,35,35,0.000000,enabled
1782984654.683,2026-07-02 09:30:54.685,ibuf_merges,0,0,0.000000,enabled
1782984654.683,2026-07-02 09:30:54.685,ibuf_merges_delete,0,0,0.000000,enabled
1782984654.683,2026-07-02 09:30:54.685,ibuf_merges_delete_mark,0,0,0.000000,enabled
1782984654.683,2026-07-02 09:30:54.685,ibuf_merges_discard_delete,0,0,0.000000,enabled
1782984654.683,2026-07-02 09:30:54.685,ibuf_merges_discard_delete_mark,0,0,0.000000,enabled
1782984654.683,2026-07-02 09:30:54.685,ibuf_merges_discard_insert,0,0,0.000000,enabled
1782984654.683,2026-07-02 09:30:54.685,ibuf_merges_insert,0,0,0.000000,enabled
1782984654.683,2026-07-02 09:30:54.685,ibuf_size,1,1,0.000448,enabled
1782984654.683,2026-07-02 09:30:54.685,innodb_activity_count,17574322,17574322,7876.467322,enabled
1782984654.683,2026-07-02 09:30:54.685,innodb_dblwr_pages_written,24199255,24199255,10845.632605,enabled
1782984654.683,2026-07-02 09:30:54.685,innodb_dblwr_writes,493695,493695,221.264440,enabled
1782984654.683,2026-07-02 09:30:54.685,innodb_page_size,16384,16384,0.000000,enabled
1782984654.683,2026-07-02 09:30:54.685,innodb_rwlock_sx_os_waits,0,0,0.000000,enabled
1782984654.683,2026-07-02 09:30:54.685,innodb_rwlock_sx_spin_rounds,0,0,0.000000,enabled
1782984654.683,2026-07-02 09:30:54.685,innodb_rwlock_sx_spin_waits,0,0,0.000000,enabled
1782984654.683,2026-07-02 09:30:54.685,innodb_rwlock_s_os_waits,0,0,0.000000,enabled
1782984654.683,2026-07-02 09:30:54.685,innodb_rwlock_s_spin_rounds,0,0,0.000000,enabled
1782984654.683,2026-07-02 09:30:54.685,innodb_rwlock_s_spin_waits,0,0,0.000000,enabled
1782984654.683,2026-07-02 09:30:54.685,innodb_rwlock_x_os_waits,0,0,0.000000,enabled
1782984654.683,2026-07-02 09:30:54.685,innodb_rwlock_x_spin_rounds,0,0,0.000000,enabled
1782984654.683,2026-07-02 09:30:54.685,innodb_rwlock_x_spin_waits,0,0,0.000000,enabled
1782984654.683,2026-07-02 09:30:54.685,lock_deadlocks,0,0,0.000000,enabled
1782984654.683,2026-07-02 09:30:54.685,lock_deadlock_false_positives,0,0,0.000000,enabled
1782984654.683,2026-07-02 09:30:54.685,lock_deadlock_rounds,2468,2468,1.106110,enabled
1782984654.683,2026-07-02 09:30:54.685,lock_rec_grant_attempts,425,425,0.190477,enabled
1782984654.683,2026-07-02 09:30:54.685,lock_rec_release_attempts,38798337,38798337,17388.659033,enabled
1782984654.683,2026-07-02 09:30:54.685,lock_row_lock_current_waits,0,0,0.000000,enabled
1782984654.683,2026-07-02 09:30:54.685,lock_row_lock_time,323,323,0.144762,enabled
1782984654.683,2026-07-02 09:30:54.685,lock_row_lock_time_avg,0,0,0.000000,enabled
1782984654.683,2026-07-02 09:30:54.685,lock_row_lock_time_max,29,29,0.000000,enabled
1782984654.683,2026-07-02 09:30:54.685,lock_row_lock_waits,425,425,0.190477,enabled
1782984654.683,2026-07-02 09:30:54.685,lock_schedule_refreshes,2468,2468,1.106110,enabled
1782984654.683,2026-07-02 09:30:54.685,lock_threads_waiting,0,0,0.000000,enabled
1782984654.683,2026-07-02 09:30:54.685,lock_timeouts,0,0,0.000000,enabled
1782984654.683,2026-07-02 09:30:54.685,log_waits,0,0,0.000000,enabled
1782984654.683,2026-07-02 09:30:54.685,log_writes,193464321,193464321,86706.928162,enabled
1782984654.683,2026-07-02 09:30:54.685,log_write_requests,401702164,401702164,180035.060357,enabled
1782984654.683,2026-07-02 09:30:54.685,os_data_fsyncs,52667954,52667954,23604.748574,enabled
1782984654.683,2026-07-02 09:30:54.685,os_data_reads,71594686,71594686,32087.340344,enabled
1782984654.683,2026-07-02 09:30:54.685,os_data_writes,218488922,218488922,97922.468634,enabled
1782984654.683,2026-07-02 09:30:54.685,os_log_bytes_written,123594760192,123594760192,55392758.057610,enabled
1782984654.683,2026-07-02 09:30:54.685,os_log_fsyncs,46132305,46132305,20675.598245,enabled
1782984654.683,2026-07-02 09:30:54.685,os_log_pending_fsyncs,1,1,0.000448,enabled
1782984654.683,2026-07-02 09:30:54.685,os_log_pending_writes,0,0,0.000000,enabled
1782984654.683,2026-07-02 09:30:54.685,trx_rseg_history_len,296,296,0.000000,enabled
1782984655.756,2026-07-02 09:30:55.758,adaptive_hash_searches,0,0,0.000000,enabled
1782984655.756,2026-07-02 09:30:55.758,adaptive_hash_searches_btree,585097670,585097670,262103.812336,enabled
1782984655.756,2026-07-02 09:30:55.758,buffer_data_reads,1169014032896,1169014032896,523678500.954554,enabled
1782984655.756,2026-07-02 09:30:55.758,buffer_data_written,556488689152,556488689152,249287993.242663,enabled
1782984655.756,2026-07-02 09:30:55.758,buffer_pages0_read,7,7,0.003136,enabled
1782984655.756,2026-07-02 09:30:55.758,buffer_pages_created,1811829,1811829,811.637736,enabled
1782984655.756,2026-07-02 09:30:55.758,buffer_pages_read,71552564,71552564,32053.113537,enabled
1782984655.756,2026-07-02 09:30:55.758,buffer_pages_written,24274627,24274627,10874.206798,enabled
1782984655.756,2026-07-02 09:30:55.758,buffer_pool_bytes_data,12850266112,12850266112,0.000000,enabled
1782984655.756,2026-07-02 09:30:55.758,buffer_pool_bytes_dirty,4632821760,4632821760,0.000000,enabled
1782984655.756,2026-07-02 09:30:55.758,buffer_pool_pages_data,784318,784318,0.000000,enabled
1782984655.756,2026-07-02 09:30:55.758,buffer_pool_pages_dirty,282765,282765,0.000000,enabled
1782984655.756,2026-07-02 09:30:55.758,buffer_pool_pages_flushed,24217557,24217557,0.000000,enabled
1782984655.756,2026-07-02 09:30:55.758,buffer_pool_pages_free,2022,2022,0.000000,enabled
1782984655.756,2026-07-02 09:30:55.758,buffer_pool_pages_lru_flushed,0,0,0.000000,enabled
1782984655.756,2026-07-02 09:30:55.758,buffer_pool_pages_misc,98,98,0.000000,enabled
1782984655.756,2026-07-02 09:30:55.758,buffer_pool_pages_total,786432,786432,0.000000,enabled
1782984655.756,2026-07-02 09:30:55.758,buffer_pool_reads,70659807,70659807,31653.189961,enabled
1782984655.756,2026-07-02 09:30:55.758,buffer_pool_read_ahead,803715,803715,360.036977,enabled
1782984655.756,2026-07-02 09:30:55.758,buffer_pool_read_ahead_evicted,25,25,0.011199,enabled
1782984655.756,2026-07-02 09:30:55.758,buffer_pool_read_requests,2816382823,2816382823,1261643.695550,enabled
1782984655.756,2026-07-02 09:30:55.758,buffer_pool_size,12884901888,12884901888,0.000000,enabled
1782984655.756,2026-07-02 09:30:55.758,buffer_pool_wait_free,18945,18945,8.486716,enabled
1782984655.756,2026-07-02 09:30:55.758,buffer_pool_write_requests,596781041,596781041,267337.604558,enabled
1782984655.756,2026-07-02 09:30:55.758,dml_deletes,12769832,12769832,5720.449276,enabled
1782984655.756,2026-07-02 09:30:55.758,dml_inserts,112655233,112655233,50465.702807,enabled
1782984655.756,2026-07-02 09:30:55.758,dml_system_deletes,468,468,0.209648,enabled
1782984655.756,2026-07-02 09:30:55.758,dml_system_inserts,1202,1202,0.538455,enabled
1782984655.756,2026-07-02 09:30:55.758,dml_system_reads,7661,7661,3.431867,enabled
1782984655.756,2026-07-02 09:30:55.758,dml_system_updates,620,620,0.277739,enabled
1782984655.756,2026-07-02 09:30:55.758,dml_updates,25539783,25539783,11440.951850,enabled
1782984655.756,2026-07-02 09:30:55.758,file_num_open_files,35,35,0.000000,enabled
1782984655.756,2026-07-02 09:30:55.758,ibuf_merges,0,0,0.000000,enabled
1782984655.756,2026-07-02 09:30:55.758,ibuf_merges_delete,0,0,0.000000,enabled
1782984655.756,2026-07-02 09:30:55.758,ibuf_merges_delete_mark,0,0,0.000000,enabled
1782984655.756,2026-07-02 09:30:55.758,ibuf_merges_discard_delete,0,0,0.000000,enabled
1782984655.756,2026-07-02 09:30:55.758,ibuf_merges_discard_delete_mark,0,0,0.000000,enabled
1782984655.756,2026-07-02 09:30:55.758,ibuf_merges_discard_insert,0,0,0.000000,enabled
1782984655.756,2026-07-02 09:30:55.758,ibuf_merges_insert,0,0,0.000000,enabled
1782984655.756,2026-07-02 09:30:55.758,ibuf_size,1,1,0.000448,enabled
1782984655.756,2026-07-02 09:30:55.758,innodb_activity_count,17579865,17579865,7875.180152,enabled
1782984655.756,2026-07-02 09:30:55.758,innodb_dblwr_pages_written,24215376,24215376,10847.662784,enabled
1782984655.756,2026-07-02 09:30:55.758,innodb_dblwr_writes,494065,494065,221.324274,enabled
1782984655.756,2026-07-02 09:30:55.758,innodb_page_size,16384,16384,0.000000,enabled
1782984655.756,2026-07-02 09:30:55.758,innodb_rwlock_sx_os_waits,0,0,0.000000,enabled
1782984655.756,2026-07-02 09:30:55.758,innodb_rwlock_sx_spin_rounds,0,0,0.000000,enabled
1782984655.756,2026-07-02 09:30:55.758,innodb_rwlock_sx_spin_waits,0,0,0.000000,enabled
1782984655.756,2026-07-02 09:30:55.758,innodb_rwlock_s_os_waits,0,0,0.000000,enabled
1782984655.756,2026-07-02 09:30:55.758,innodb_rwlock_s_spin_rounds,0,0,0.000000,enabled
1782984655.756,2026-07-02 09:30:55.758,innodb_rwlock_s_spin_waits,0,0,0.000000,enabled
1782984655.756,2026-07-02 09:30:55.758,innodb_rwlock_x_os_waits,0,0,0.000000,enabled
1782984655.756,2026-07-02 09:30:55.758,innodb_rwlock_x_spin_rounds,0,0,0.000000,enabled
1782984655.756,2026-07-02 09:30:55.758,innodb_rwlock_x_spin_waits,0,0,0.000000,enabled
1782984655.756,2026-07-02 09:30:55.758,lock_deadlocks,0,0,0.000000,enabled
1782984655.756,2026-07-02 09:30:55.758,lock_deadlock_false_positives,0,0,0.000000,enabled
1782984655.756,2026-07-02 09:30:55.758,lock_deadlock_rounds,2469,2469,1.106028,enabled
1782984655.756,2026-07-02 09:30:55.758,lock_rec_grant_attempts,425,425,0.190386,enabled
1782984655.756,2026-07-02 09:30:55.758,lock_rec_release_attempts,38813021,38813021,17386.913336,enabled
1782984655.756,2026-07-02 09:30:55.758,lock_row_lock_current_waits,0,0,0.000000,enabled
1782984655.756,2026-07-02 09:30:55.758,lock_row_lock_time,323,323,0.144693,enabled
1782984655.756,2026-07-02 09:30:55.758,lock_row_lock_time_avg,0,0,0.000000,enabled
1782984655.756,2026-07-02 09:30:55.758,lock_row_lock_time_max,29,29,0.000000,enabled
1782984655.756,2026-07-02 09:30:55.758,lock_row_lock_waits,425,425,0.190386,enabled
1782984655.756,2026-07-02 09:30:55.758,lock_schedule_refreshes,2469,2469,1.106028,enabled
1782984655.756,2026-07-02 09:30:55.758,lock_threads_waiting,0,0,0.000000,enabled
1782984655.756,2026-07-02 09:30:55.758,lock_timeouts,0,0,0.000000,enabled
1782984655.756,2026-07-02 09:30:55.758,log_waits,0,0,0.000000,enabled
1782984655.756,2026-07-02 09:30:55.758,log_writes,193543889,193543889,86701.067772,enabled
1782984655.756,2026-07-02 09:30:55.758,log_write_requests,401784172,401784172,179985.619446,enabled
1782984655.756,2026-07-02 09:30:55.758,os_data_fsyncs,52701000,52701000,23608.253061,enabled
1782984655.756,2026-07-02 09:30:55.758,os_data_reads,71650962,71650962,32097.190659,enabled
1782984655.756,2026-07-02 09:30:55.758,os_data_writes,218584893,218584893,97918.587358,enabled
1782984655.756,2026-07-02 09:30:55.758,os_log_bytes_written,123636473856,123636473856,55384929.254904,enabled
1782984655.756,2026-07-02 09:30:55.758,os_log_fsyncs,46160467,46160467,20678.316982,enabled
1782984655.756,2026-07-02 09:30:55.758,os_log_pending_fsyncs,1,1,0.000448,enabled
1782984655.756,2026-07-02 09:30:55.758,os_log_pending_writes,0,0,0.000000,enabled
1782984655.756,2026-07-02 09:30:55.758,trx_rseg_history_len,310,310,0.000000,enabled
1782984656.824,2026-07-02 09:30:56.826,adaptive_hash_searches,0,0,0.000000,enabled
1782984656.824,2026-07-02 09:30:56.826,adaptive_hash_searches_btree,585265336,585265336,262053.317674,enabled
1782984656.824,2026-07-02 09:30:56.826,buffer_data_reads,1169944906240,1169944906240,523844428.715657,enabled
1782984656.824,2026-07-02 09:30:56.826,buffer_data_written,556795197440,556795197440,249305809.473498,enabled
1782984656.824,2026-07-02 09:30:56.826,buffer_pages0_read,7,7,0.003134,enabled
1782984656.824,2026-07-02 09:30:56.826,buffer_pages_created,1811881,1811881,811.272198,enabled
1782984656.824,2026-07-02 09:30:56.826,buffer_pages_read,71609529,71609529,32063.264415,enabled
1782984656.824,2026-07-02 09:30:56.826,buffer_pages_written,24290402,24290402,10876.060707,enabled
1782984656.824,2026-07-02 09:30:56.826,buffer_pool_bytes_data,12856377344,12856377344,0.000000,enabled
1782984656.824,2026-07-02 09:30:56.826,buffer_pool_bytes_dirty,4639555584,4639555584,0.000000,enabled
1782984656.824,2026-07-02 09:30:56.826,buffer_pool_pages_data,784691,784691,0.000000,enabled
1782984656.824,2026-07-02 09:30:56.826,buffer_pool_pages_dirty,283176,283176,0.000000,enabled
1782984656.824,2026-07-02 09:30:56.826,buffer_pool_pages_flushed,24233293,24233293,0.000000,enabled
1782984656.824,2026-07-02 09:30:56.826,buffer_pool_pages_free,1645,1645,0.000000,enabled
1782984656.824,2026-07-02 09:30:56.826,buffer_pool_pages_lru_flushed,0,0,0.000000,enabled
1782984656.824,2026-07-02 09:30:56.826,buffer_pool_pages_misc,97,97,0.000000,enabled
1782984656.824,2026-07-02 09:30:56.826,buffer_pool_pages_total,786432,786432,0.000000,enabled
1782984656.824,2026-07-02 09:30:56.826,buffer_pool_reads,70716714,70716714,31663.506390,enabled
1782984656.824,2026-07-02 09:30:56.826,buffer_pool_read_ahead,803715,803715,359.864498,enabled
1782984656.824,2026-07-02 09:30:56.826,buffer_pool_read_ahead_evicted,25,25,0.011194,enabled
1782984656.824,2026-07-02 09:30:56.826,buffer_pool_read_requests,2817213589,2817213589,1261411.269565,enabled
1782984656.824,2026-07-02 09:30:56.826,buffer_pool_size,12884901888,12884901888,0.000000,enabled
1782984656.824,2026-07-02 09:30:56.826,buffer_pool_wait_free,18945,18945,8.482650,enabled
1782984656.824,2026-07-02 09:30:56.826,buffer_pool_write_requests,596894516,596894516,267260.342506,enabled
1782984656.824,2026-07-02 09:30:56.826,dml_deletes,12774675,12774675,5719.877181,enabled
1782984656.824,2026-07-02 09:30:56.826,dml_inserts,112660075,112660075,50443.693704,enabled
1782984656.824,2026-07-02 09:30:56.826,dml_system_deletes,468,468,0.209548,enabled
1782984656.824,2026-07-02 09:30:56.826,dml_system_inserts,1202,1202,0.538197,enabled
1782984656.824,2026-07-02 09:30:56.826,dml_system_reads,7661,7661,3.430223,enabled
1782984656.824,2026-07-02 09:30:56.826,dml_system_updates,620,620,0.277606,enabled
1782984656.824,2026-07-02 09:30:56.826,dml_updates,25549462,25549462,11439.804500,enabled
1782984656.824,2026-07-02 09:30:56.826,file_num_open_files,35,35,0.000000,enabled
1782984656.824,2026-07-02 09:30:56.826,ibuf_merges,0,0,0.000000,enabled
1782984656.824,2026-07-02 09:30:56.826,ibuf_merges_delete,0,0,0.000000,enabled
1782984656.824,2026-07-02 09:30:56.826,ibuf_merges_delete_mark,0,0,0.000000,enabled
1782984656.824,2026-07-02 09:30:56.826,ibuf_merges_discard_delete,0,0,0.000000,enabled
1782984656.824,2026-07-02 09:30:56.826,ibuf_merges_discard_delete_mark,0,0,0.000000,enabled
1782984656.824,2026-07-02 09:30:56.826,ibuf_merges_discard_insert,0,0,0.000000,enabled
1782984656.824,2026-07-02 09:30:56.826,ibuf_merges_insert,0,0,0.000000,enabled
1782984656.824,2026-07-02 09:30:56.826,ibuf_size,1,1,0.000448,enabled
1782984656.824,2026-07-02 09:30:56.826,innodb_activity_count,17585428,17585428,7873.898211,enabled
1782984656.824,2026-07-02 09:30:56.826,innodb_dblwr_pages_written,24231157,24231157,10849.531909,enabled
1782984656.824,2026-07-02 09:30:56.826,innodb_dblwr_writes,494410,494410,221.372718,enabled
1782984656.824,2026-07-02 09:30:56.826,innodb_page_size,16384,16384,0.000000,enabled
1782984656.824,2026-07-02 09:30:56.826,innodb_rwlock_sx_os_waits,0,0,0.000000,enabled
1782984656.824,2026-07-02 09:30:56.826,innodb_rwlock_sx_spin_rounds,0,0,0.000000,enabled
1782984656.824,2026-07-02 09:30:56.826,innodb_rwlock_sx_spin_waits,0,0,0.000000,enabled
1782984656.824,2026-07-02 09:30:56.826,innodb_rwlock_s_os_waits,0,0,0.000000,enabled
1782984656.824,2026-07-02 09:30:56.826,innodb_rwlock_s_spin_rounds,0,0,0.000000,enabled
1782984656.824,2026-07-02 09:30:56.826,innodb_rwlock_s_spin_waits,0,0,0.000000,enabled
1782984656.824,2026-07-02 09:30:56.826,innodb_rwlock_x_os_waits,0,0,0.000000,enabled
1782984656.824,2026-07-02 09:30:56.826,innodb_rwlock_x_spin_rounds,0,0,0.000000,enabled
1782984656.824,2026-07-02 09:30:56.826,innodb_rwlock_x_spin_waits,0,0,0.000000,enabled
1782984656.824,2026-07-02 09:30:56.826,lock_deadlocks,0,0,0.000000,enabled
1782984656.824,2026-07-02 09:30:56.826,lock_deadlock_false_positives,0,0,0.000000,enabled
1782984656.824,2026-07-02 09:30:56.826,lock_deadlock_rounds,2470,2470,1.105946,enabled
1782984656.824,2026-07-02 09:30:56.826,lock_rec_grant_attempts,425,425,0.190294,enabled
1782984656.824,2026-07-02 09:30:56.826,lock_rec_release_attempts,38827725,38827725,17385.167735,enabled
1782984656.824,2026-07-02 09:30:56.826,lock_row_lock_current_waits,0,0,0.000000,enabled
1782984656.824,2026-07-02 09:30:56.826,lock_row_lock_time,323,323,0.144624,enabled
1782984656.824,2026-07-02 09:30:56.826,lock_row_lock_time_avg,0,0,0.000000,enabled
1782984656.824,2026-07-02 09:30:56.826,lock_row_lock_time_max,29,29,0.000000,enabled
1782984656.824,2026-07-02 09:30:56.826,lock_row_lock_waits,425,425,0.190294,enabled
1782984656.824,2026-07-02 09:30:56.826,lock_schedule_refreshes,2470,2470,1.105946,enabled
1782984656.824,2026-07-02 09:30:56.826,lock_threads_waiting,0,0,0.000000,enabled
1782984656.824,2026-07-02 09:30:56.826,lock_timeouts,0,0,0.000000,enabled
1782984656.824,2026-07-02 09:30:56.826,log_waits,0,0,0.000000,enabled
1782984656.824,2026-07-02 09:30:56.826,log_writes,193623552,193623552,86695.201197,enabled
1782984656.824,2026-07-02 09:30:56.826,log_write_requests,401866444,401866444,179936.231348,enabled
1782984656.824,2026-07-02 09:30:56.826,os_data_fsyncs,52733299,52733299,23611.405057,enabled
1782984656.824,2026-07-02 09:30:56.826,os_data_reads,71707769,71707769,32107.249388,enabled
1782984656.824,2026-07-02 09:30:56.826,os_data_writes,218680581,218680581,97914.522274,enabled
1782984656.824,2026-07-02 09:30:56.826,os_log_bytes_written,123678455808,123678455808,55377193.668002,enabled
1782984656.824,2026-07-02 09:30:56.826,os_log_fsyncs,46188079,46188079,20680.774006,enabled
1782984656.824,2026-07-02 09:30:56.826,os_log_pending_fsyncs,1,1,0.000448,enabled
1782984656.824,2026-07-02 09:30:56.826,os_log_pending_writes,0,0,0.000000,enabled
1782984656.824,2026-07-02 09:30:56.826,trx_rseg_history_len,349,349,0.000000,enabled
1782984657.895,2026-07-02 09:30:57.896,adaptive_hash_searches,0,0,0.000000,enabled
1782984657.895,2026-07-02 09:30:57.896,adaptive_hash_searches_btree,585432894,585432894,262002.498962,enabled
1782984657.895,2026-07-02 09:30:57.896,buffer_data_reads,1170872224256,1170872224256,524007948.680909,enabled
1782984657.895,2026-07-02 09:30:57.896,buffer_data_written,557104739840,557104739840,249324653.602808,enabled
1782984657.895,2026-07-02 09:30:57.896,buffer_pages0_read,7,7,0.003133,enabled
1782984657.895,2026-07-02 09:30:57.896,buffer_pages_created,1811912,1811912,810.896594,enabled
1782984657.895,2026-07-02 09:30:57.896,buffer_pages_read,71666282,71666282,32073.270438,enabled
1782984657.895,2026-07-02 09:30:57.896,buffer_pages_written,24306388,24306388,10877.993619,enabled
1782984657.895,2026-07-02 09:30:57.896,buffer_pool_bytes_data,12847153152,12847153152,0.000000,enabled
1782984657.895,2026-07-02 09:30:57.896,buffer_pool_bytes_dirty,4643389440,4643389440,0.000000,enabled
1782984657.895,2026-07-02 09:30:57.896,buffer_pool_pages_data,784129,784129,0.000000,enabled
1782984657.895,2026-07-02 09:30:57.896,buffer_pool_pages_dirty,283410,283410,0.000000,enabled
1782984657.895,2026-07-02 09:30:57.896,buffer_pool_pages_flushed,24249281,24249281,0.000000,enabled
1782984657.895,2026-07-02 09:30:57.896,buffer_pool_pages_free,2208,2208,0.000000,enabled
1782984657.895,2026-07-02 09:30:57.896,buffer_pool_pages_lru_flushed,0,0,0.000000,enabled
1782984657.895,2026-07-02 09:30:57.896,buffer_pool_pages_misc,96,96,0.000000,enabled
1782984657.895,2026-07-02 09:30:57.896,buffer_pool_pages_total,786432,786432,0.000000,enabled
1782984657.895,2026-07-02 09:30:57.896,buffer_pool_reads,70773403,70773403,31673.675674,enabled
1782984657.895,2026-07-02 09:30:57.896,buffer_pool_read_ahead,803715,803715,359.691733,enabled
1782984657.895,2026-07-02 09:30:57.896,buffer_pool_read_ahead_evicted,25,25,0.011188,enabled
1782984657.895,2026-07-02 09:30:57.896,buffer_pool_read_requests,2818043997,2818043997,1261177.325947,enabled
1782984657.895,2026-07-02 09:30:57.896,buffer_pool_size,12884901888,12884901888,0.000000,enabled
1782984657.895,2026-07-02 09:30:57.896,buffer_pool_wait_free,18945,18945,8.478577,enabled
1782984657.895,2026-07-02 09:30:57.896,buffer_pool_write_requests,597007870,597007870,267182.765535,enabled
1782984657.895,2026-07-02 09:30:57.896,dml_deletes,12779518,12779518,5719.298638,enabled
1782984657.895,2026-07-02 09:30:57.896,dml_inserts,112664919,112664919,50421.644892,enabled
1782984657.895,2026-07-02 09:30:57.896,dml_system_deletes,468,468,0.209447,enabled
1782984657.895,2026-07-02 09:30:57.896,dml_system_inserts,1202,1202,0.537939,enabled
1782984657.895,2026-07-02 09:30:57.896,dml_system_reads,7661,7661,3.428576,enabled
1782984657.895,2026-07-02 09:30:57.896,dml_system_updates,620,620,0.277473,enabled
1782984657.895,2026-07-02 09:30:57.896,dml_updates,25559152,25559152,11438.649180,enabled
1782984657.895,2026-07-02 09:30:57.896,file_num_open_files,35,35,0.000000,enabled
1782984657.895,2026-07-02 09:30:57.896,ibuf_merges,0,0,0.000000,enabled
1782984657.895,2026-07-02 09:30:57.896,ibuf_merges_delete,0,0,0.000000,enabled
1782984657.895,2026-07-02 09:30:57.896,ibuf_merges_delete_mark,0,0,0.000000,enabled
1782984657.895,2026-07-02 09:30:57.896,ibuf_merges_discard_delete,0,0,0.000000,enabled
1782984657.895,2026-07-02 09:30:57.896,ibuf_merges_discard_delete_mark,0,0,0.000000,enabled
1782984657.895,2026-07-02 09:30:57.896,ibuf_merges_discard_insert,0,0,0.000000,enabled
1782984657.895,2026-07-02 09:30:57.896,ibuf_merges_insert,0,0,0.000000,enabled
1782984657.895,2026-07-02 09:30:57.896,ibuf_size,1,1,0.000448,enabled
1782984657.895,2026-07-02 09:30:57.896,innodb_activity_count,17590991,17590991,7872.607756,enabled
1782984657.895,2026-07-02 09:30:57.896,innodb_dblwr_pages_written,24247117,24247117,10851.465963,enabled
1782984657.895,2026-07-02 09:30:57.896,innodb_dblwr_writes,494784,494784,221.433820,enabled
1782984657.895,2026-07-02 09:30:57.896,innodb_page_size,16384,16384,0.000000,enabled
1782984657.895,2026-07-02 09:30:57.896,innodb_rwlock_sx_os_waits,0,0,0.000000,enabled
1782984657.895,2026-07-02 09:30:57.896,innodb_rwlock_sx_spin_rounds,0,0,0.000000,enabled
1782984657.895,2026-07-02 09:30:57.896,innodb_rwlock_sx_spin_waits,0,0,0.000000,enabled
1782984657.895,2026-07-02 09:30:57.896,innodb_rwlock_s_os_waits,0,0,0.000000,enabled
1782984657.895,2026-07-02 09:30:57.896,innodb_rwlock_s_spin_rounds,0,0,0.000000,enabled
1782984657.895,2026-07-02 09:30:57.896,innodb_rwlock_s_spin_waits,0,0,0.000000,enabled
1782984657.895,2026-07-02 09:30:57.896,innodb_rwlock_x_os_waits,0,0,0.000000,enabled
1782984657.895,2026-07-02 09:30:57.896,innodb_rwlock_x_spin_rounds,0,0,0.000000,enabled
1782984657.895,2026-07-02 09:30:57.896,innodb_rwlock_x_spin_waits,0,0,0.000000,enabled
1782984657.895,2026-07-02 09:30:57.896,lock_deadlocks,0,0,0.000000,enabled
1782984657.895,2026-07-02 09:30:57.896,lock_deadlock_false_positives,0,0,0.000000,enabled
1782984657.895,2026-07-02 09:30:57.896,lock_deadlock_rounds,2471,2471,1.105863,enabled
1782984657.895,2026-07-02 09:30:57.896,lock_rec_grant_attempts,425,425,0.190203,enabled
1782984657.895,2026-07-02 09:30:57.896,lock_rec_release_attempts,38842450,38842450,17383.411381,enabled
1782984657.895,2026-07-02 09:30:57.896,lock_row_lock_current_waits,0,0,0.000000,enabled
1782984657.895,2026-07-02 09:30:57.896,lock_row_lock_time,323,323,0.144554,enabled
1782984657.895,2026-07-02 09:30:57.896,lock_row_lock_time_avg,0,0,0.000000,enabled
1782984657.895,2026-07-02 09:30:57.896,lock_row_lock_time_max,29,29,0.000000,enabled
1782984657.895,2026-07-02 09:30:57.896,lock_row_lock_waits,425,425,0.190203,enabled
1782984657.895,2026-07-02 09:30:57.896,lock_schedule_refreshes,2471,2471,1.105863,enabled
1782984657.895,2026-07-02 09:30:57.896,lock_threads_waiting,0,0,0.000000,enabled
1782984657.895,2026-07-02 09:30:57.896,lock_timeouts,0,0,0.000000,enabled
1782984657.895,2026-07-02 09:30:57.896,log_waits,0,0,0.000000,enabled
1782984657.895,2026-07-02 09:30:57.896,log_writes,193703060,193703060,86689.162889,enabled
1782984657.895,2026-07-02 09:30:57.896,log_write_requests,401948749,401948749,179886.681177,enabled
1782984657.895,2026-07-02 09:30:57.896,os_data_fsyncs,52766638,52766638,23614.990023,enabled
1782984657.895,2026-07-02 09:30:57.896,os_data_reads,71764364,71764364,32117.163545,enabled
1782984657.895,2026-07-02 09:30:57.896,os_data_writes,218776365,218776365,97910.381942,enabled
1782984657.895,2026-07-02 09:30:57.896,os_log_bytes_written,123720062976,123720062976,55369228.685026,enabled
1782984657.895,2026-07-02 09:30:57.896,os_log_fsyncs,46216433,46216433,20683.534944,enabled
1782984657.895,2026-07-02 09:30:57.896,os_log_pending_fsyncs,1,1,0.000448,enabled
1782984657.895,2026-07-02 09:30:57.896,os_log_pending_writes,0,0,0.000000,enabled
1782984657.895,2026-07-02 09:30:57.896,trx_rseg_history_len,382,382,0.000000,enabled
1782984658.967,2026-07-02 09:30:58.968,adaptive_hash_searches,0,0,0.000000,enabled
1782984658.967,2026-07-02 09:30:58.968,adaptive_hash_searches_btree,585599918,585599918,261951.613437,enabled
1782984658.967,2026-07-02 09:30:58.968,buffer_data_reads,1171798133248,1171798133248,524170923.289613,enabled
1782984658.967,2026-07-02 09:30:58.968,buffer_data_written,557413417472,557413417472,249343207.821939,enabled
1782984658.967,2026-07-02 09:30:58.968,buffer_pages0_read,7,7,0.003131,enabled
1782984658.967,2026-07-02 09:30:58.968,buffer_pages_created,1811948,1811948,810.523961,enabled
1782984658.967,2026-07-02 09:30:58.968,buffer_pages_read,71722972,71722972,32083.253479,enabled
1782984658.967,2026-07-02 09:30:58.968,buffer_pages_written,24322336,24322336,10879.912699,enabled
1782984658.967,2026-07-02 09:30:58.968,buffer_pool_bytes_data,12859555840,12859555840,0.000000,enabled
1782984658.967,2026-07-02 09:30:58.968,buffer_pool_bytes_dirty,4647895040,4647895040,0.000000,enabled
1782984658.967,2026-07-02 09:30:58.968,buffer_pool_pages_data,784886,784886,0.000000,enabled
1782984658.967,2026-07-02 09:30:58.968,buffer_pool_pages_dirty,283685,283685,0.000000,enabled
1782984658.967,2026-07-02 09:30:58.968,buffer_pool_pages_flushed,24265208,24265208,0.000000,enabled
1782984658.967,2026-07-02 09:30:58.968,buffer_pool_pages_free,1451,1451,0.000000,enabled
1782984658.967,2026-07-02 09:30:58.968,buffer_pool_pages_lru_flushed,0,0,0.000000,enabled
1782984658.967,2026-07-02 09:30:58.968,buffer_pool_pages_misc,96,96,0.000000,enabled
1782984658.967,2026-07-02 09:30:58.968,buffer_pool_pages_total,786432,786432,0.000000,enabled
1782984658.967,2026-07-02 09:30:58.968,buffer_pool_reads,70830031,70830031,31683.822674,enabled
1782984658.967,2026-07-02 09:30:58.968,buffer_pool_read_ahead,803715,803715,359.519302,enabled
1782984658.967,2026-07-02 09:30:58.968,buffer_pool_read_ahead_evicted,25,25,0.011183,enabled
1782984658.967,2026-07-02 09:30:58.968,buffer_pool_read_requests,2818871872,2818871872,1260943.060769,enabled
1782984658.967,2026-07-02 09:30:58.968,buffer_pool_size,12884901888,12884901888,0.000000,enabled
1782984658.967,2026-07-02 09:30:58.968,buffer_pool_wait_free,18945,18945,8.474513,enabled
1782984658.967,2026-07-02 09:30:58.968,buffer_pool_write_requests,597121074,597121074,267105.320221,enabled
1782984658.967,2026-07-02 09:30:58.968,dml_deletes,12784339,12784339,5718.713463,enabled
1782984658.967,2026-07-02 09:30:58.968,dml_inserts,112669737,112669737,50399.628992,enabled
1782984658.967,2026-07-02 09:30:58.968,dml_system_deletes,468,468,0.209347,enabled
1782984658.967,2026-07-02 09:30:58.968,dml_system_inserts,1202,1202,0.537681,enabled
1782984658.967,2026-07-02 09:30:58.968,dml_system_reads,7661,7661,3.426932,enabled
1782984658.967,2026-07-02 09:30:58.968,dml_system_updates,620,620,0.277340,enabled
1782984658.967,2026-07-02 09:30:58.968,dml_updates,25568792,25568792,11437.477910,enabled
1782984658.967,2026-07-02 09:30:58.968,file_num_open_files,35,35,0.000000,enabled
1782984658.967,2026-07-02 09:30:58.968,ibuf_merges,0,0,0.000000,enabled
1782984658.967,2026-07-02 09:30:58.968,ibuf_merges_delete,0,0,0.000000,enabled
1782984658.967,2026-07-02 09:30:58.968,ibuf_merges_delete_mark,0,0,0.000000,enabled
1782984658.967,2026-07-02 09:30:58.968,ibuf_merges_discard_delete,0,0,0.000000,enabled
1782984658.967,2026-07-02 09:30:58.968,ibuf_merges_discard_delete_mark,0,0,0.000000,enabled
1782984658.967,2026-07-02 09:30:58.968,ibuf_merges_discard_insert,0,0,0.000000,enabled
1782984658.967,2026-07-02 09:30:58.968,ibuf_merges_insert,0,0,0.000000,enabled
1782984658.967,2026-07-02 09:30:58.968,ibuf_size,1,1,0.000447,enabled
1782984658.967,2026-07-02 09:30:58.968,innodb_activity_count,17596525,17596525,7871.309260,enabled
1782984658.967,2026-07-02 09:30:58.968,innodb_dblwr_pages_written,24263099,24263099,10853.413083,enabled
1782984658.967,2026-07-02 09:30:58.968,innodb_dblwr_writes,495112,495112,221.474390,enabled
1782984658.967,2026-07-02 09:30:58.968,innodb_page_size,16384,16384,0.000000,enabled
1782984658.967,2026-07-02 09:30:58.968,innodb_rwlock_sx_os_waits,0,0,0.000000,enabled
1782984658.967,2026-07-02 09:30:58.968,innodb_rwlock_sx_spin_rounds,0,0,0.000000,enabled
1782984658.967,2026-07-02 09:30:58.968,innodb_rwlock_sx_spin_waits,0,0,0.000000,enabled
1782984658.967,2026-07-02 09:30:58.968,innodb_rwlock_s_os_waits,0,0,0.000000,enabled
1782984658.967,2026-07-02 09:30:58.968,innodb_rwlock_s_spin_rounds,0,0,0.000000,enabled
1782984658.967,2026-07-02 09:30:58.968,innodb_rwlock_s_spin_waits,0,0,0.000000,enabled
1782984658.967,2026-07-02 09:30:58.968,innodb_rwlock_x_os_waits,0,0,0.000000,enabled
1782984658.967,2026-07-02 09:30:58.968,innodb_rwlock_x_spin_rounds,0,0,0.000000,enabled
1782984658.967,2026-07-02 09:30:58.968,innodb_rwlock_x_spin_waits,0,0,0.000000,enabled
1782984658.967,2026-07-02 09:30:58.968,lock_deadlocks,0,0,0.000000,enabled
1782984658.967,2026-07-02 09:30:58.968,lock_deadlock_false_positives,0,0,0.000000,enabled
1782984658.967,2026-07-02 09:30:58.968,lock_deadlock_rounds,2472,2472,1.105780,enabled
1782984658.967,2026-07-02 09:30:58.968,lock_rec_grant_attempts,425,425,0.190112,enabled
1782984658.967,2026-07-02 09:30:58.968,lock_rec_release_attempts,38857124,38857124,17381.642016,enabled
1782984658.967,2026-07-02 09:30:58.968,lock_row_lock_current_waits,0,0,0.000000,enabled
1782984658.967,2026-07-02 09:30:58.968,lock_row_lock_time,323,323,0.144485,enabled
1782984658.967,2026-07-02 09:30:58.968,lock_row_lock_time_avg,0,0,0.000000,enabled
1782984658.967,2026-07-02 09:30:58.968,lock_row_lock_time_max,29,29,0.000000,enabled
1782984658.967,2026-07-02 09:30:58.968,lock_row_lock_waits,425,425,0.190112,enabled
1782984658.967,2026-07-02 09:30:58.968,lock_schedule_refreshes,2472,2472,1.105780,enabled
1782984658.967,2026-07-02 09:30:58.968,lock_threads_waiting,0,0,0.000000,enabled
1782984658.967,2026-07-02 09:30:58.968,lock_timeouts,0,0,0.000000,enabled
1782984658.967,2026-07-02 09:30:58.968,log_waits,0,0,0.000000,enabled
1782984658.967,2026-07-02 09:30:58.968,log_writes,193782216,193782216,86683.013743,enabled
1782984658.967,2026-07-02 09:30:58.968,log_write_requests,402030696,402030696,179837.103180,enabled
1782984658.967,2026-07-02 09:30:58.968,os_data_fsyncs,52799487,52799487,23618.363371,enabled
1782984658.967,2026-07-02 09:30:58.968,os_data_reads,71820877,71820877,32127.046484,enabled
1782984658.967,2026-07-02 09:30:58.968,os_data_writes,218871688,218871688,97906.085018,enabled
1782984658.967,2026-07-02 09:30:58.968,os_log_bytes_written,123761509376,123761509376,55361225.284008,enabled
1782984658.967,2026-07-02 09:30:58.968,os_log_fsyncs,46244563,46244563,20686.202690,enabled
1782984658.967,2026-07-02 09:30:58.968,os_log_pending_fsyncs,1,1,0.000447,enabled
1782984658.967,2026-07-02 09:30:58.968,os_log_pending_writes,0,0,0.000000,enabled
1782984658.967,2026-07-02 09:30:58.968,trx_rseg_history_len,375,375,0.000000,enabled
1782984660.039,2026-07-02 09:31:00.040,adaptive_hash_searches,0,0,0.000000,enabled
1782984660.039,2026-07-02 09:31:00.040,adaptive_hash_searches_btree,585767572,585767572,261901.041192,enabled
1782984660.039,2026-07-02 09:31:00.040,buffer_data_reads,1172726663680,1172726663680,524334891.723926,enabled
1782984660.039,2026-07-02 09:31:00.040,buffer_data_written,557723539968,557723539968,249362379.790252,enabled
1782984660.039,2026-07-02 09:31:00.040,buffer_pages0_read,7,7,0.003130,enabled
1782984660.039,2026-07-02 09:31:00.040,buffer_pages_created,1811985,1811985,810.152098,enabled
1782984660.039,2026-07-02 09:31:00.040,buffer_pages_read,71779791,71779791,32093.283268,enabled
1782984660.039,2026-07-02 09:31:00.040,buffer_pages_written,24338336,24338336,10881.852723,enabled
1782984660.039,2026-07-02 09:31:00.040,buffer_pool_bytes_data,12857769984,12857769984,0.000000,enabled
1782984660.039,2026-07-02 09:31:00.040,buffer_pool_bytes_dirty,4652449792,4652449792,0.000000,enabled
1782984660.039,2026-07-02 09:31:00.040,buffer_pool_pages_data,784776,784776,0.000000,enabled
1782984660.039,2026-07-02 09:31:00.040,buffer_pool_pages_dirty,283963,283963,0.000000,enabled
1782984660.039,2026-07-02 09:31:00.040,buffer_pool_pages_flushed,24281266,24281266,0.000000,enabled
1782984660.039,2026-07-02 09:31:00.040,buffer_pool_pages_free,1560,1560,0.000000,enabled
1782984660.039,2026-07-02 09:31:00.040,buffer_pool_pages_lru_flushed,0,0,0.000000,enabled
1782984660.039,2026-07-02 09:31:00.040,buffer_pool_pages_misc,96,96,0.000000,enabled
1782984660.039,2026-07-02 09:31:00.040,buffer_pool_pages_total,786432,786432,0.000000,enabled
1782984660.039,2026-07-02 09:31:00.040,buffer_pool_reads,70886789,70886789,31694.016446,enabled
1782984660.039,2026-07-02 09:31:00.040,buffer_pool_read_ahead,803715,803715,359.347017,enabled
1782984660.039,2026-07-02 09:31:00.040,buffer_pool_read_ahead_evicted,25,25,0.011178,enabled
1782984660.039,2026-07-02 09:31:00.040,buffer_pool_read_requests,2819702973,2819702973,1260710.397842,enabled
1782984660.039,2026-07-02 09:31:00.040,buffer_pool_size,12884901888,12884901888,0.000000,enabled
1782984660.039,2026-07-02 09:31:00.040,buffer_pool_wait_free,18945,18945,8.470452,enabled
1782984660.039,2026-07-02 09:31:00.040,buffer_pool_write_requests,597234524,597234524,267028.045497,enabled
1782984660.039,2026-07-02 09:31:00.040,dml_deletes,12789176,12789176,5718.135605,enabled
1782984660.039,2026-07-02 09:31:00.040,dml_inserts,112674577,112674577,50377.640534,enabled
1782984660.039,2026-07-02 09:31:00.040,dml_system_deletes,468,468,0.209246,enabled
1782984660.039,2026-07-02 09:31:00.040,dml_system_inserts,1202,1202,0.537423,enabled
1782984660.039,2026-07-02 09:31:00.040,dml_system_reads,7661,7661,3.425290,enabled
1782984660.039,2026-07-02 09:31:00.040,dml_system_updates,620,620,0.277207,enabled
1782984660.039,2026-07-02 09:31:00.040,dml_updates,25578464,25578464,11436.321276,enabled
1782984660.039,2026-07-02 09:31:00.040,file_num_open_files,35,35,0.000000,enabled
1782984660.039,2026-07-02 09:31:00.040,ibuf_merges,0,0,0.000000,enabled
1782984660.039,2026-07-02 09:31:00.040,ibuf_merges_delete,0,0,0.000000,enabled
1782984660.039,2026-07-02 09:31:00.040,ibuf_merges_delete_mark,0,0,0.000000,enabled
1782984660.039,2026-07-02 09:31:00.040,ibuf_merges_discard_delete,0,0,0.000000,enabled
1782984660.039,2026-07-02 09:31:00.040,ibuf_merges_discard_delete_mark,0,0,0.000000,enabled
1782984660.039,2026-07-02 09:31:00.040,ibuf_merges_discard_insert,0,0,0.000000,enabled
1782984660.039,2026-07-02 09:31:00.040,ibuf_merges_insert,0,0,0.000000,enabled
1782984660.039,2026-07-02 09:31:00.040,ibuf_size,1,1,0.000447,enabled
1782984660.039,2026-07-02 09:31:00.040,innodb_activity_count,17602088,17602088,7870.024450,enabled
1782984660.039,2026-07-02 09:31:00.040,innodb_dblwr_pages_written,24279085,24279085,10855.359389,enabled
1782984660.039,2026-07-02 09:31:00.040,innodb_dblwr_writes,495487,495487,221.535921,enabled
1782984660.039,2026-07-02 09:31:00.040,innodb_page_size,16384,16384,0.000000,enabled
1782984660.039,2026-07-02 09:31:00.040,innodb_rwlock_sx_os_waits,0,0,0.000000,enabled
1782984660.039,2026-07-02 09:31:00.040,innodb_rwlock_sx_spin_rounds,0,0,0.000000,enabled
1782984660.039,2026-07-02 09:31:00.040,innodb_rwlock_sx_spin_waits,0,0,0.000000,enabled
1782984660.039,2026-07-02 09:31:00.040,innodb_rwlock_s_os_waits,0,0,0.000000,enabled
1782984660.039,2026-07-02 09:31:00.040,innodb_rwlock_s_spin_rounds,0,0,0.000000,enabled
1782984660.039,2026-07-02 09:31:00.040,innodb_rwlock_s_spin_waits,0,0,0.000000,enabled
1782984660.039,2026-07-02 09:31:00.040,innodb_rwlock_x_os_waits,0,0,0.000000,enabled
1782984660.039,2026-07-02 09:31:00.040,innodb_rwlock_x_spin_rounds,0,0,0.000000,enabled
1782984660.039,2026-07-02 09:31:00.040,innodb_rwlock_x_spin_waits,0,0,0.000000,enabled
1782984660.039,2026-07-02 09:31:00.040,lock_deadlocks,0,0,0.000000,enabled
1782984660.039,2026-07-02 09:31:00.040,lock_deadlock_false_positives,0,0,0.000000,enabled
1782984660.039,2026-07-02 09:31:00.040,lock_deadlock_rounds,2473,2473,1.105697,enabled
1782984660.039,2026-07-02 09:31:00.040,lock_rec_grant_attempts,425,425,0.190021,enabled
1782984660.039,2026-07-02 09:31:00.040,lock_rec_release_attempts,38871833,38871833,17379.889053,enabled
1782984660.039,2026-07-02 09:31:00.040,lock_row_lock_current_waits,0,0,0.000000,enabled
1782984660.039,2026-07-02 09:31:00.040,lock_row_lock_time,323,323,0.144416,enabled
1782984660.039,2026-07-02 09:31:00.040,lock_row_lock_time_avg,0,0,0.000000,enabled
1782984660.039,2026-07-02 09:31:00.040,lock_row_lock_time_max,29,29,0.000000,enabled
1782984660.039,2026-07-02 09:31:00.040,lock_row_lock_waits,425,425,0.190021,enabled
1782984660.039,2026-07-02 09:31:00.040,lock_schedule_refreshes,2473,2473,1.105697,enabled
1782984660.039,2026-07-02 09:31:00.040,lock_threads_waiting,0,0,0.000000,enabled
1782984660.039,2026-07-02 09:31:00.040,lock_timeouts,0,0,0.000000,enabled
1782984660.039,2026-07-02 09:31:00.040,log_waits,0,0,0.000000,enabled
1782984660.039,2026-07-02 09:31:00.040,log_writes,193862278,193862278,86677.270386,enabled
1782984660.039,2026-07-02 09:31:00.040,log_write_requests,402112968,402112968,179787.707223,enabled
1782984660.039,2026-07-02 09:31:00.040,os_data_fsyncs,52833153,52833153,23622.097626,enabled
1782984660.039,2026-07-02 09:31:00.040,os_data_reads,71877515,71877515,32136.974277,enabled
1782984660.039,2026-07-02 09:31:00.040,os_data_writes,218968023,218968023,97902.239904,enabled
1782984660.039,2026-07-02 09:31:00.040,os_log_bytes_written,123803368960,123803368960,55353411.554435,enabled
1782984660.039,2026-07-02 09:31:00.040,os_log_fsyncs,46273117,46273117,20689.056437,enabled
1782984660.039,2026-07-02 09:31:00.040,os_log_pending_fsyncs,1,1,0.000447,enabled
1782984660.039,2026-07-02 09:31:00.040,os_log_pending_writes,1,1,0.000447,enabled
1782984660.039,2026-07-02 09:31:00.040,trx_rseg_history_len,410,410,0.000000,enabled
1782984661.110,2026-07-02 09:31:01.112,adaptive_hash_searches,0,0,0.000000,enabled
1782984661.110,2026-07-02 09:31:01.112,adaptive_hash_searches_btree,585936882,585936882,261851.221045,enabled
1782984661.110,2026-07-02 09:31:01.112,buffer_data_reads,1173662321152,1173662321152,524501807.578870,enabled
1782984661.110,2026-07-02 09:31:01.112,buffer_data_written,558037250560,558037250560,249383098.616382,enabled
1782984661.110,2026-07-02 09:31:01.112,buffer_pages0_read,7,7,0.003128,enabled
1782984661.110,2026-07-02 09:31:01.112,buffer_pages_created,1812024,1812024,809.781360,enabled
1782984661.110,2026-07-02 09:31:01.112,buffer_pages_read,71837084,71837084,32103.510349,enabled
1782984661.110,2026-07-02 09:31:01.112,buffer_pages_written,24354552,24354552,10883.885747,enabled
1782984661.110,2026-07-02 09:31:01.112,buffer_pool_bytes_data,12854902784,12854902784,0.000000,enabled
1782984661.110,2026-07-02 09:31:01.112,buffer_pool_bytes_dirty,4654858240,4654858240,0.000000,enabled
1782984661.110,2026-07-02 09:31:01.112,buffer_pool_pages_data,784602,784602,0.000000,enabled
1782984661.110,2026-07-02 09:31:01.112,buffer_pool_pages_dirty,284110,284110,0.000000,enabled
1782984661.110,2026-07-02 09:31:01.112,buffer_pool_pages_flushed,24297482,24297482,0.000000,enabled
1782984661.110,2026-07-02 09:31:01.112,buffer_pool_pages_free,1738,1738,0.000000,enabled
1782984661.110,2026-07-02 09:31:01.112,buffer_pool_pages_lru_flushed,0,0,0.000000,enabled
1782984661.110,2026-07-02 09:31:01.112,buffer_pool_pages_misc,97,97,0.000000,enabled
1782984661.110,2026-07-02 09:31:01.112,buffer_pool_pages_total,786432,786432,0.000000,enabled
1782984661.110,2026-07-02 09:31:01.112,buffer_pool_reads,70944014,70944014,31704.404411,enabled
1782984661.110,2026-07-02 09:31:01.112,buffer_pool_read_ahead,803715,803715,359.174844,enabled
1782984661.110,2026-07-02 09:31:01.112,buffer_pool_read_ahead_evicted,25,25,0.011172,enabled
1782984661.110,2026-07-02 09:31:01.112,buffer_pool_read_requests,2820542077,2820542077,1260481.345395,enabled
1782984661.110,2026-07-02 09:31:01.112,buffer_pool_size,12884901888,12884901888,0.000000,enabled
1782984661.110,2026-07-02 09:31:01.112,buffer_pool_wait_free,18945,18945,8.466393,enabled
1782984661.110,2026-07-02 09:31:01.112,buffer_pool_write_requests,597349116,597349116,266951.315126,enabled
1782984661.110,2026-07-02 09:31:01.112,dml_deletes,12794066,12794066,5717.581216,enabled
1782984661.110,2026-07-02 09:31:01.112,dml_inserts,112679467,112679467,50355.688691,enabled
1782984661.110,2026-07-02 09:31:01.112,dml_system_deletes,468,468,0.209146,enabled
1782984661.110,2026-07-02 09:31:01.112,dml_system_inserts,1202,1202,0.537166,enabled
1782984661.110,2026-07-02 09:31:01.112,dml_system_reads,7661,7661,3.423649,enabled
1782984661.110,2026-07-02 09:31:01.112,dml_system_updates,620,620,0.277074,enabled
1782984661.110,2026-07-02 09:31:01.112,dml_updates,25588246,25588246,11435.213365,enabled
1782984661.110,2026-07-02 09:31:01.112,file_num_open_files,35,35,0.000000,enabled
1782984661.110,2026-07-02 09:31:01.112,ibuf_merges,0,0,0.000000,enabled
1782984661.110,2026-07-02 09:31:01.112,ibuf_merges_delete,0,0,0.000000,enabled
1782984661.110,2026-07-02 09:31:01.112,ibuf_merges_delete_mark,0,0,0.000000,enabled
1782984661.110,2026-07-02 09:31:01.112,ibuf_merges_discard_delete,0,0,0.000000,enabled
1782984661.110,2026-07-02 09:31:01.112,ibuf_merges_discard_delete_mark,0,0,0.000000,enabled
1782984661.110,2026-07-02 09:31:01.112,ibuf_merges_discard_insert,0,0,0.000000,enabled
1782984661.110,2026-07-02 09:31:01.112,ibuf_merges_insert,0,0,0.000000,enabled
1782984661.110,2026-07-02 09:31:01.112,ibuf_size,1,1,0.000447,enabled
1782984661.110,2026-07-02 09:31:01.112,innodb_activity_count,17607712,17607712,7868.767049,enabled
1782984661.110,2026-07-02 09:31:01.112,innodb_dblwr_pages_written,24295301,24295301,10857.405138,enabled
1782984661.110,2026-07-02 09:31:01.112,innodb_dblwr_writes,495846,495846,221.590213,enabled
1782984661.110,2026-07-02 09:31:01.112,innodb_page_size,16384,16384,0.000000,enabled
1782984661.110,2026-07-02 09:31:01.112,innodb_rwlock_sx_os_waits,0,0,0.000000,enabled
1782984661.110,2026-07-02 09:31:01.112,innodb_rwlock_sx_spin_rounds,0,0,0.000000,enabled
1782984661.110,2026-07-02 09:31:01.112,innodb_rwlock_sx_spin_waits,0,0,0.000000,enabled
1782984661.110,2026-07-02 09:31:01.112,innodb_rwlock_s_os_waits,0,0,0.000000,enabled
1782984661.110,2026-07-02 09:31:01.112,innodb_rwlock_s_spin_rounds,0,0,0.000000,enabled
1782984661.110,2026-07-02 09:31:01.112,innodb_rwlock_s_spin_waits,0,0,0.000000,enabled
1782984661.110,2026-07-02 09:31:01.112,innodb_rwlock_x_os_waits,0,0,0.000000,enabled
1782984661.110,2026-07-02 09:31:01.112,innodb_rwlock_x_spin_rounds,0,0,0.000000,enabled
1782984661.110,2026-07-02 09:31:01.112,innodb_rwlock_x_spin_waits,0,0,0.000000,enabled
1782984661.110,2026-07-02 09:31:01.112,lock_deadlocks,0,0,0.000000,enabled
1782984661.110,2026-07-02 09:31:01.112,lock_deadlock_false_positives,0,0,0.000000,enabled
1782984661.110,2026-07-02 09:31:01.112,lock_deadlock_rounds,2474,2474,1.105614,enabled
1782984661.110,2026-07-02 09:31:01.112,lock_rec_grant_attempts,425,425,0.189930,enabled
1782984661.110,2026-07-02 09:31:01.112,lock_rec_release_attempts,38886697,38886697,17378.204476,enabled
1782984661.110,2026-07-02 09:31:01.112,lock_row_lock_current_waits,0,0,0.000000,enabled
1782984661.110,2026-07-02 09:31:01.112,lock_row_lock_time,323,323,0.144347,enabled
1782984661.110,2026-07-02 09:31:01.112,lock_row_lock_time_avg,0,0,0.000000,enabled
1782984661.110,2026-07-02 09:31:01.112,lock_row_lock_time_max,29,29,0.000000,enabled
1782984661.110,2026-07-02 09:31:01.112,lock_row_lock_waits,425,425,0.189930,enabled
1782984661.110,2026-07-02 09:31:01.112,lock_schedule_refreshes,2474,2474,1.105614,enabled
1782984661.110,2026-07-02 09:31:01.112,lock_threads_waiting,0,0,0.000000,enabled
1782984661.110,2026-07-02 09:31:01.112,lock_timeouts,0,0,0.000000,enabled
1782984661.110,2026-07-02 09:31:01.112,log_waits,0,0,0.000000,enabled
1782984661.110,2026-07-02 09:31:01.112,log_writes,193942145,193942145,86671.432689,enabled
1782984661.110,2026-07-02 09:31:01.112,log_write_requests,402196001,402196001,179738.672340,enabled
1782984661.110,2026-07-02 09:31:01.112,os_data_fsyncs,52867446,52867446,23626.104686,enabled
1782984661.110,2026-07-02 09:31:01.112,os_data_reads,71934611,71934611,32147.092041,enabled
1782984661.110,2026-07-02 09:31:01.112,os_data_writes,219064402,219064402,97898.402321,enabled
1782984661.110,2026-07-02 09:31:01.112,os_log_bytes_written,123845187072,123845187072,55345577.867761,enabled
1782984661.110,2026-07-02 09:31:01.112,os_log_fsyncs,46302309,46302309,20692.189230,enabled
1782984661.110,2026-07-02 09:31:01.112,os_log_pending_fsyncs,1,1,0.000447,enabled
1782984661.110,2026-07-02 09:31:01.112,os_log_pending_writes,1,1,0.000447,enabled
1782984661.110,2026-07-02 09:31:01.112,trx_rseg_history_len,457,457,0.000000,enabled
1782984662.182,2026-07-02 09:31:02.184,adaptive_hash_searches,0,0,0.000000,enabled
1782984662.182,2026-07-02 09:31:02.184,adaptive_hash_searches_btree,586105280,586105280,261801.018668,enabled
1782984662.182,2026-07-02 09:31:02.184,buffer_data_reads,1174597208576,1174597208576,524668173.247570,enabled
1782984662.182,2026-07-02 09:31:02.184,buffer_data_written,558349567488,558349567488,249403153.038730,enabled
1782984662.182,2026-07-02 09:31:02.184,buffer_pages0_read,7,7,0.003127,enabled
1782984662.182,2026-07-02 09:31:02.184,buffer_pages_created,1812064,1812064,809.411354,enabled
1782984662.182,2026-07-02 09:31:02.184,buffer_pages_read,71894298,71894298,32113.689524,enabled
1782984662.182,2026-07-02 09:31:02.184,buffer_pages_written,24370701,24370701,10885.885943,enabled
1782984662.182,2026-07-02 09:31:02.184,buffer_pool_bytes_data,12853084160,12853084160,0.000000,enabled
1782984662.182,2026-07-02 09:31:02.184,buffer_pool_bytes_dirty,4658462720,4658462720,0.000000,enabled
1782984662.182,2026-07-02 09:31:02.184,buffer_pool_pages_data,784490,784490,0.000000,enabled
1782984662.182,2026-07-02 09:31:02.184,buffer_pool_pages_dirty,284330,284330,0.000000,enabled
1782984662.182,2026-07-02 09:31:02.184,buffer_pool_pages_flushed,24313631,24313631,0.000000,enabled
1782984662.182,2026-07-02 09:31:02.184,buffer_pool_pages_free,1845,1845,0.000000,enabled
1782984662.182,2026-07-02 09:31:02.184,buffer_pool_pages_lru_flushed,0,0,0.000000,enabled
1782984662.182,2026-07-02 09:31:02.184,buffer_pool_pages_misc,96,96,0.000000,enabled
1782984662.182,2026-07-02 09:31:02.184,buffer_pool_pages_total,786432,786432,0.000000,enabled
1782984662.182,2026-07-02 09:31:02.184,buffer_pool_reads,71001171,71001171,31714.749347,enabled
1782984662.182,2026-07-02 09:31:02.184,buffer_pool_read_ahead,803715,803715,359.002805,enabled
1782984662.182,2026-07-02 09:31:02.184,buffer_pool_read_ahead_evicted,25,25,0.011167,enabled
1782984662.182,2026-07-02 09:31:02.184,buffer_pool_read_requests,2821377340,2821377340,1260250.689531,enabled
1782984662.182,2026-07-02 09:31:02.184,buffer_pool_size,12884901888,12884901888,0.000000,enabled
1782984662.182,2026-07-02 09:31:02.184,buffer_pool_wait_free,18945,18945,8.462338,enabled
1782984662.182,2026-07-02 09:31:02.184,buffer_pool_write_requests,597463300,597463300,266874.453342,enabled
1782984662.182,2026-07-02 09:31:02.184,dml_deletes,12798922,12798922,5717.011652,enabled
1782984662.182,2026-07-02 09:31:02.184,dml_inserts,112684324,112684324,50333.738563,enabled
1782984662.182,2026-07-02 09:31:02.184,dml_system_deletes,468,468,0.209046,enabled
1782984662.182,2026-07-02 09:31:02.184,dml_system_inserts,1202,1202,0.536908,enabled
1782984662.182,2026-07-02 09:31:02.184,dml_system_reads,7661,7661,3.422009,enabled
1782984662.182,2026-07-02 09:31:02.184,dml_system_updates,620,620,0.276941,enabled
1782984662.182,2026-07-02 09:31:02.184,dml_updates,25597956,25597956,11434.073322,enabled
1782984662.182,2026-07-02 09:31:02.184,file_num_open_files,35,35,0.000000,enabled
1782984662.182,2026-07-02 09:31:02.184,ibuf_merges,0,0,0.000000,enabled
1782984662.182,2026-07-02 09:31:02.184,ibuf_merges_delete,0,0,0.000000,enabled
1782984662.182,2026-07-02 09:31:02.184,ibuf_merges_delete_mark,0,0,0.000000,enabled
1782984662.182,2026-07-02 09:31:02.184,ibuf_merges_discard_delete,0,0,0.000000,enabled
1782984662.182,2026-07-02 09:31:02.184,ibuf_merges_discard_delete_mark,0,0,0.000000,enabled
1782984662.182,2026-07-02 09:31:02.184,ibuf_merges_discard_insert,0,0,0.000000,enabled
1782984662.182,2026-07-02 09:31:02.184,ibuf_merges_insert,0,0,0.000000,enabled
1782984662.182,2026-07-02 09:31:02.184,ibuf_size,1,1,0.000447,enabled
1782984662.182,2026-07-02 09:31:02.184,innodb_activity_count,17613291,17613291,7867.490059,enabled
1782984662.182,2026-07-02 09:31:02.184,innodb_dblwr_pages_written,24311450,24311450,10859.418023,enabled
1782984662.182,2026-07-02 09:31:02.184,innodb_dblwr_writes,496234,496234,221.657386,enabled
1782984662.182,2026-07-02 09:31:02.184,innodb_page_size,16384,16384,0.000000,enabled
1782984662.182,2026-07-02 09:31:02.184,innodb_rwlock_sx_os_waits,0,0,0.000000,enabled
1782984662.182,2026-07-02 09:31:02.184,innodb_rwlock_sx_spin_rounds,0,0,0.000000,enabled
1782984662.182,2026-07-02 09:31:02.184,innodb_rwlock_sx_spin_waits,0,0,0.000000,enabled
1782984662.182,2026-07-02 09:31:02.184,innodb_rwlock_s_os_waits,0,0,0.000000,enabled
1782984662.182,2026-07-02 09:31:02.184,innodb_rwlock_s_spin_rounds,0,0,0.000000,enabled
1782984662.182,2026-07-02 09:31:02.184,innodb_rwlock_s_spin_waits,0,0,0.000000,enabled
1782984662.182,2026-07-02 09:31:02.184,innodb_rwlock_x_os_waits,0,0,0.000000,enabled
1782984662.182,2026-07-02 09:31:02.184,innodb_rwlock_x_spin_rounds,0,0,0.000000,enabled
1782984662.182,2026-07-02 09:31:02.184,innodb_rwlock_x_spin_waits,0,0,0.000000,enabled
1782984662.182,2026-07-02 09:31:02.184,lock_deadlocks,0,0,0.000000,enabled
1782984662.182,2026-07-02 09:31:02.184,lock_deadlock_false_positives,0,0,0.000000,enabled
1782984662.182,2026-07-02 09:31:02.184,lock_deadlock_rounds,2476,2476,1.105978,enabled
1782984662.182,2026-07-02 09:31:02.184,lock_rec_grant_attempts,425,425,0.189839,enabled
1782984662.182,2026-07-02 09:31:02.184,lock_rec_release_attempts,38901476,38901476,17376.482087,enabled
1782984662.182,2026-07-02 09:31:02.184,lock_row_lock_current_waits,0,0,0.000000,enabled
1782984662.182,2026-07-02 09:31:02.184,lock_row_lock_time,323,323,0.144277,enabled
1782984662.182,2026-07-02 09:31:02.184,lock_row_lock_time_avg,0,0,0.000000,enabled
1782984662.182,2026-07-02 09:31:02.184,lock_row_lock_time_max,29,29,0.000000,enabled
1782984662.182,2026-07-02 09:31:02.184,lock_row_lock_waits,425,425,0.189839,enabled
1782984662.182,2026-07-02 09:31:02.184,lock_schedule_refreshes,2476,2476,1.105978,enabled
1782984662.182,2026-07-02 09:31:02.184,lock_threads_waiting,0,0,0.000000,enabled
1782984662.182,2026-07-02 09:31:02.184,lock_timeouts,0,0,0.000000,enabled
1782984662.182,2026-07-02 09:31:02.184,log_waits,0,0,0.000000,enabled
1782984662.182,2026-07-02 09:31:02.184,log_writes,194021749,194021749,86665.476408,enabled
1782984662.182,2026-07-02 09:31:02.184,log_write_requests,402278591,402278591,179689.472665,enabled
1782984662.182,2026-07-02 09:31:02.184,os_data_fsyncs,52901227,52901227,23629.877672,enabled
1782984662.182,2026-07-02 09:31:02.184,os_data_reads,71991674,71991674,32157.183279,enabled
1782984662.182,2026-07-02 09:31:02.184,os_data_writes,219160460,219160460,97894.418662,enabled
1782984662.182,2026-07-02 09:31:02.184,os_log_bytes_written,123886823424,123886823424,55337666.873483,enabled
1782984662.182,2026-07-02 09:31:02.184,os_log_fsyncs,46331046,46331046,20695.114431,enabled
1782984662.182,2026-07-02 09:31:02.184,os_log_pending_fsyncs,1,1,0.000447,enabled
1782984662.182,2026-07-02 09:31:02.184,os_log_pending_writes,0,0,0.000000,enabled
1782984662.182,2026-07-02 09:31:02.184,trx_rseg_history_len,487,487,0.000000,enabled
1782984663.255,2026-07-02 09:31:03.257,adaptive_hash_searches,0,0,0.000000,enabled
1782984663.255,2026-07-02 09:31:03.257,adaptive_hash_searches_btree,586273767,586273767,261750.698919,enabled
1782984663.255,2026-07-02 09:31:03.257,buffer_data_reads,1175523543552,1175523543552,524830145.889770,enabled
1782984663.255,2026-07-02 09:31:03.257,buffer_data_written,558659244032,558659244032,249421812.017981,enabled
1782984663.255,2026-07-02 09:31:03.257,buffer_pages0_read,7,7,0.003125,enabled
1782984663.255,2026-07-02 09:31:03.257,buffer_pages_created,1812096,1812096,809.037489,enabled
1782984663.255,2026-07-02 09:31:03.257,buffer_pages_read,71950979,71950979,32123.595556,enabled
1782984663.255,2026-07-02 09:31:03.257,buffer_pages_written,24386670,24386670,10887.795240,enabled
1782984663.255,2026-07-02 09:31:03.257,buffer_pool_bytes_data,12852314112,12852314112,0.000000,enabled
1782984663.255,2026-07-02 09:31:03.257,buffer_pool_bytes_dirty,4662853632,4662853632,0.000000,enabled
1782984663.255,2026-07-02 09:31:03.257,buffer_pool_pages_data,784443,784443,0.000000,enabled
1782984663.255,2026-07-02 09:31:03.257,buffer_pool_pages_dirty,284598,284598,0.000000,enabled
1782984663.255,2026-07-02 09:31:03.257,buffer_pool_pages_flushed,24329600,24329600,0.000000,enabled
1782984663.255,2026-07-02 09:31:03.257,buffer_pool_pages_free,1893,1893,0.000000,enabled
1782984663.255,2026-07-02 09:31:03.257,buffer_pool_pages_lru_flushed,0,0,0.000000,enabled
1782984663.255,2026-07-02 09:31:03.257,buffer_pool_pages_misc,98,98,0.000000,enabled
1782984663.255,2026-07-02 09:31:03.257,buffer_pool_pages_total,786432,786432,0.000000,enabled
1782984663.255,2026-07-02 09:31:03.257,buffer_pool_reads,71057784,71057784,31724.816353,enabled
1782984663.255,2026-07-02 09:31:03.257,buffer_pool_read_ahead,803715,803715,358.830646,enabled
1782984663.255,2026-07-02 09:31:03.257,buffer_pool_read_ahead_evicted,25,25,0.011162,enabled
1782984663.255,2026-07-02 09:31:03.257,buffer_pool_read_requests,2822211840,2822211840,1260018.914857,enabled
1782984663.255,2026-07-02 09:31:03.257,buffer_pool_size,12884901888,12884901888,0.000000,enabled
1782984663.255,2026-07-02 09:31:03.257,buffer_pool_wait_free,18945,18945,8.458280,enabled
1782984663.255,2026-07-02 09:31:03.257,buffer_pool_write_requests,597577391,597577391,266797.412028,enabled
1782984663.255,2026-07-02 09:31:03.257,dml_deletes,12803784,12803784,5716.440871,enabled
1782984663.255,2026-07-02 09:31:03.257,dml_inserts,112689186,112689186,50311.772613,enabled
1782984663.255,2026-07-02 09:31:03.257,dml_system_deletes,468,468,0.208946,enabled
1782984663.255,2026-07-02 09:31:03.257,dml_system_inserts,1202,1202,0.536651,enabled
1782984663.255,2026-07-02 09:31:03.257,dml_system_reads,7661,7661,3.420368,enabled
1782984663.255,2026-07-02 09:31:03.257,dml_system_updates,620,620,0.276808,enabled
1782984663.255,2026-07-02 09:31:03.257,dml_updates,25607680,25607680,11432.931737,enabled
1782984663.255,2026-07-02 09:31:03.257,file_num_open_files,35,35,0.000000,enabled
1782984663.255,2026-07-02 09:31:03.257,ibuf_merges,0,0,0.000000,enabled
1782984663.255,2026-07-02 09:31:03.257,ibuf_merges_delete,0,0,0.000000,enabled
1782984663.255,2026-07-02 09:31:03.257,ibuf_merges_delete_mark,0,0,0.000000,enabled
1782984663.255,2026-07-02 09:31:03.257,ibuf_merges_discard_delete,0,0,0.000000,enabled
1782984663.255,2026-07-02 09:31:03.257,ibuf_merges_discard_delete_mark,0,0,0.000000,enabled
1782984663.255,2026-07-02 09:31:03.257,ibuf_merges_discard_insert,0,0,0.000000,enabled
1782984663.255,2026-07-02 09:31:03.257,ibuf_merges_insert,0,0,0.000000,enabled
1782984663.255,2026-07-02 09:31:03.257,ibuf_size,1,1,0.000446,enabled
1782984663.255,2026-07-02 09:31:03.257,innodb_activity_count,17618873,17618873,7866.209493,enabled
1782984663.255,2026-07-02 09:31:03.257,innodb_dblwr_pages_written,24327419,24327419,10861.340167,enabled
1782984663.255,2026-07-02 09:31:03.257,innodb_dblwr_writes,496577,496577,221.704231,enabled
1782984663.255,2026-07-02 09:31:03.257,innodb_page_size,16384,16384,0.000000,enabled
1782984663.255,2026-07-02 09:31:03.257,innodb_rwlock_sx_os_waits,0,0,0.000000,enabled
1782984663.255,2026-07-02 09:31:03.257,innodb_rwlock_sx_spin_rounds,0,0,0.000000,enabled
1782984663.255,2026-07-02 09:31:03.257,innodb_rwlock_sx_spin_waits,0,0,0.000000,enabled
1782984663.255,2026-07-02 09:31:03.257,innodb_rwlock_s_os_waits,0,0,0.000000,enabled
1782984663.255,2026-07-02 09:31:03.257,innodb_rwlock_s_spin_rounds,0,0,0.000000,enabled
1782984663.255,2026-07-02 09:31:03.257,innodb_rwlock_s_spin_waits,0,0,0.000000,enabled
1782984663.255,2026-07-02 09:31:03.257,innodb_rwlock_x_os_waits,0,0,0.000000,enabled
1782984663.255,2026-07-02 09:31:03.257,innodb_rwlock_x_spin_rounds,0,0,0.000000,enabled
1782984663.255,2026-07-02 09:31:03.257,innodb_rwlock_x_spin_waits,0,0,0.000000,enabled
1782984663.255,2026-07-02 09:31:03.257,lock_deadlocks,0,0,0.000000,enabled
1782984663.255,2026-07-02 09:31:03.257,lock_deadlock_false_positives,0,0,0.000000,enabled
1782984663.255,2026-07-02 09:31:03.257,lock_deadlock_rounds,2477,2477,1.105894,enabled
1782984663.255,2026-07-02 09:31:03.257,lock_rec_grant_attempts,425,425,0.189748,enabled
1782984663.255,2026-07-02 09:31:03.257,lock_rec_release_attempts,38916237,38916237,17374.739529,enabled
1782984663.255,2026-07-02 09:31:03.257,lock_row_lock_current_waits,0,0,0.000000,enabled
1782984663.255,2026-07-02 09:31:03.257,lock_row_lock_time,323,323,0.144208,enabled
1782984663.255,2026-07-02 09:31:03.257,lock_row_lock_time_avg,0,0,0.000000,enabled
1782984663.255,2026-07-02 09:31:03.257,lock_row_lock_time_max,29,29,0.000000,enabled
1782984663.255,2026-07-02 09:31:03.257,lock_row_lock_waits,425,425,0.189748,enabled
1782984663.255,2026-07-02 09:31:03.257,lock_schedule_refreshes,2477,2477,1.105894,enabled
1782984663.255,2026-07-02 09:31:03.257,lock_threads_waiting,0,0,0.000000,enabled
1782984663.255,2026-07-02 09:31:03.257,lock_timeouts,0,0,0.000000,enabled
1782984663.255,2026-07-02 09:31:03.257,log_waits,0,0,0.000000,enabled
1782984663.255,2026-07-02 09:31:03.257,log_writes,194101848,194101848,86659.678025,enabled
1782984663.255,2026-07-02 09:31:03.257,log_write_requests,402361204,402361204,179640.187728,enabled
1782984663.255,2026-07-02 09:31:03.257,os_data_fsyncs,52934382,52934382,23633.348587,enabled
1782984663.255,2026-07-02 09:31:03.257,os_data_reads,72048185,72048185,32166.992585,enabled
1782984663.255,2026-07-02 09:31:03.257,os_data_writes,219256767,219256767,97890.471411,enabled
1782984663.255,2026-07-02 09:31:03.257,os_log_bytes_written,123928886272,123928886272,55329909.466785,enabled
1782984663.255,2026-07-02 09:31:03.257,os_log_fsyncs,46359498,46359498,20697.892980,enabled
1782984663.255,2026-07-02 09:31:03.257,os_log_pending_fsyncs,1,1,0.000446,enabled
1782984663.255,2026-07-02 09:31:03.257,os_log_pending_writes,0,0,0.000000,enabled
1782984663.255,2026-07-02 09:31:03.257,trx_rseg_history_len,510,510,0.000000,enabled
1782984664.329,2026-07-02 09:31:04.331,adaptive_hash_searches,0,0,0.000000,enabled
1782984664.329,2026-07-02 09:31:04.331,adaptive_hash_searches_btree,586442879,586442879,261701.047997,enabled
1782984664.329,2026-07-02 09:31:04.331,buffer_data_reads,1176461855232,1176461855232,524997995.002926,enabled
1782984664.329,2026-07-02 09:31:04.331,buffer_data_written,558971206656,558971206656,249441799.780044,enabled
1782984664.329,2026-07-02 09:31:04.331,buffer_pages0_read,7,7,0.003124,enabled
1782984664.329,2026-07-02 09:31:04.331,buffer_pages_created,1812136,1812136,808.668612,enabled
1782984664.329,2026-07-02 09:31:04.331,buffer_pages_read,72008400,72008400,32133.864363,enabled
1782984664.329,2026-07-02 09:31:04.331,buffer_pages_written,24402753,24402753,10889.767832,enabled
1782984664.329,2026-07-02 09:31:04.331,buffer_pool_bytes_data,12858785792,12858785792,0.000000,enabled
1782984664.329,2026-07-02 09:31:04.331,buffer_pool_bytes_dirty,4669014016,4669014016,0.000000,enabled
1782984664.329,2026-07-02 09:31:04.331,buffer_pool_pages_data,784838,784838,0.000000,enabled
1782984664.329,2026-07-02 09:31:04.331,buffer_pool_pages_dirty,284974,284974,0.000000,enabled
1782984664.329,2026-07-02 09:31:04.331,buffer_pool_pages_flushed,24345683,24345683,0.000000,enabled
1782984664.329,2026-07-02 09:31:04.331,buffer_pool_pages_free,1498,1498,0.000000,enabled
1782984664.329,2026-07-02 09:31:04.331,buffer_pool_pages_lru_flushed,0,0,0.000000,enabled
1782984664.329,2026-07-02 09:31:04.331,buffer_pool_pages_misc,96,96,0.000000,enabled
1782984664.329,2026-07-02 09:31:04.331,buffer_pool_pages_total,786432,786432,0.000000,enabled
1782984664.329,2026-07-02 09:31:04.331,buffer_pool_reads,71115158,71115158,31735.254858,enabled
1782984664.329,2026-07-02 09:31:04.331,buffer_pool_read_ahead,803715,803715,358.659121,enabled
1782984664.329,2026-07-02 09:31:04.331,buffer_pool_read_ahead_evicted,25,25,0.011156,enabled
1782984664.329,2026-07-02 09:31:04.331,buffer_pool_read_requests,2823049730,2823049730,1259790.524437,enabled
1782984664.329,2026-07-02 09:31:04.331,buffer_pool_size,12884901888,12884901888,0.000000,enabled
1782984664.329,2026-07-02 09:31:04.331,buffer_pool_wait_free,18945,18945,8.454237,enabled
1782984664.329,2026-07-02 09:31:04.331,buffer_pool_write_requests,597691446,597691446,266720.777674,enabled
1782984664.329,2026-07-02 09:31:04.331,dml_deletes,12808675,12808675,5715.891011,enabled
1782984664.329,2026-07-02 09:31:04.331,dml_inserts,112694075,112694075,50289.905146,enabled
1782984664.329,2026-07-02 09:31:04.331,dml_system_deletes,468,468,0.208846,enabled
1782984664.329,2026-07-02 09:31:04.331,dml_system_inserts,1202,1202,0.536394,enabled
1782984664.329,2026-07-02 09:31:04.331,dml_system_reads,7661,7661,3.418733,enabled
1782984664.329,2026-07-02 09:31:04.331,dml_system_updates,620,620,0.276676,enabled
1782984664.329,2026-07-02 09:31:04.331,dml_updates,25617464,25617464,11431.832884,enabled
1782984664.329,2026-07-02 09:31:04.331,file_num_open_files,35,35,0.000000,enabled
1782984664.329,2026-07-02 09:31:04.331,ibuf_merges,0,0,0.000000,enabled
1782984664.329,2026-07-02 09:31:04.331,ibuf_merges_delete,0,0,0.000000,enabled
1782984664.329,2026-07-02 09:31:04.331,ibuf_merges_delete_mark,0,0,0.000000,enabled
1782984664.329,2026-07-02 09:31:04.331,ibuf_merges_discard_delete,0,0,0.000000,enabled
1782984664.329,2026-07-02 09:31:04.331,ibuf_merges_discard_delete_mark,0,0,0.000000,enabled
1782984664.329,2026-07-02 09:31:04.331,ibuf_merges_discard_insert,0,0,0.000000,enabled
1782984664.329,2026-07-02 09:31:04.331,ibuf_merges_insert,0,0,0.000000,enabled
1782984664.329,2026-07-02 09:31:04.331,ibuf_size,1,1,0.000446,enabled
1782984664.329,2026-07-02 09:31:04.331,innodb_activity_count,17624496,17624496,7864.958691,enabled
1782984664.329,2026-07-02 09:31:04.331,innodb_dblwr_pages_written,24343502,24343502,10863.325477,enabled
1782984664.329,2026-07-02 09:31:04.331,innodb_dblwr_writes,496926,496926,221.753997,enabled
1782984664.329,2026-07-02 09:31:04.331,innodb_page_size,16384,16384,0.000000,enabled
1782984664.329,2026-07-02 09:31:04.331,innodb_rwlock_sx_os_waits,0,0,0.000000,enabled
1782984664.329,2026-07-02 09:31:04.331,innodb_rwlock_sx_spin_rounds,0,0,0.000000,enabled
1782984664.329,2026-07-02 09:31:04.331,innodb_rwlock_sx_spin_waits,0,0,0.000000,enabled
1782984664.329,2026-07-02 09:31:04.331,innodb_rwlock_s_os_waits,0,0,0.000000,enabled
1782984664.329,2026-07-02 09:31:04.331,innodb_rwlock_s_spin_rounds,0,0,0.000000,enabled
1782984664.329,2026-07-02 09:31:04.331,innodb_rwlock_s_spin_waits,0,0,0.000000,enabled
1782984664.329,2026-07-02 09:31:04.331,innodb_rwlock_x_os_waits,0,0,0.000000,enabled
1782984664.329,2026-07-02 09:31:04.331,innodb_rwlock_x_spin_rounds,0,0,0.000000,enabled
1782984664.329,2026-07-02 09:31:04.331,innodb_rwlock_x_spin_waits,0,0,0.000000,enabled
1782984664.329,2026-07-02 09:31:04.331,lock_deadlocks,0,0,0.000000,enabled
1782984664.329,2026-07-02 09:31:04.331,lock_deadlock_false_positives,0,0,0.000000,enabled
1782984664.329,2026-07-02 09:31:04.331,lock_deadlock_rounds,2478,2478,1.105812,enabled
1782984664.329,2026-07-02 09:31:04.331,lock_rec_grant_attempts,425,425,0.189657,enabled
1782984664.329,2026-07-02 09:31:04.331,lock_rec_release_attempts,38931102,38931102,17373.067781,enabled
1782984664.329,2026-07-02 09:31:04.331,lock_row_lock_current_waits,0,0,0.000000,enabled
1782984664.329,2026-07-02 09:31:04.331,lock_row_lock_time,323,323,0.144139,enabled
1782984664.329,2026-07-02 09:31:04.331,lock_row_lock_time_avg,0,0,0.000000,enabled
1782984664.329,2026-07-02 09:31:04.331,lock_row_lock_time_max,29,29,0.000000,enabled
1782984664.329,2026-07-02 09:31:04.331,lock_row_lock_waits,425,425,0.189657,enabled
1782984664.329,2026-07-02 09:31:04.331,lock_schedule_refreshes,2478,2478,1.105812,enabled
1782984664.329,2026-07-02 09:31:04.331,lock_threads_waiting,0,0,0.000000,enabled
1782984664.329,2026-07-02 09:31:04.331,lock_timeouts,0,0,0.000000,enabled
1782984664.329,2026-07-02 09:31:04.331,log_waits,0,0,0.000000,enabled
1782984664.329,2026-07-02 09:31:04.331,log_writes,194183134,194183134,86654.528583,enabled
1782984664.329,2026-07-02 09:31:04.331,log_write_requests,402444224,402444224,179591.367299,enabled
1782984664.329,2026-07-02 09:31:04.331,os_data_fsyncs,52967268,52967268,23636.727212,enabled
1782984664.329,2026-07-02 09:31:04.331,os_data_reads,72105458,72105458,32177.174848,enabled
1782984664.329,2026-07-02 09:31:04.331,os_data_writes,219354390,219354390,97887.243931,enabled
1782984664.329,2026-07-02 09:31:04.331,os_log_bytes_written,123971353600,123971353600,55322412.738653,enabled
1782984664.329,2026-07-02 09:31:04.331,os_log_fsyncs,46387695,46387695,20700.582291,enabled
1782984664.329,2026-07-02 09:31:04.331,os_log_pending_fsyncs,1,1,0.000446,enabled
1782984664.329,2026-07-02 09:31:04.331,os_log_pending_writes,1,1,0.000446,enabled
1782984664.329,2026-07-02 09:31:04.331,trx_rseg_history_len,556,556,0.000000,enabled
1782984665.400,2026-07-02 09:31:05.401,adaptive_hash_searches,0,0,0.000000,enabled
1782984665.400,2026-07-02 09:31:05.401,adaptive_hash_searches_btree,586608094,586608094,261647.888693,enabled
1782984665.400,2026-07-02 09:31:05.401,buffer_data_reads,1177376475648,1177376475648,525151487.242038,enabled
1782984665.400,2026-07-02 09:31:05.401,buffer_data_written,559333222400,559333222400,249482369.826422,enabled
1782984665.400,2026-07-02 09:31:05.401,buffer_pages0_read,7,7,0.003122,enabled
1782984665.400,2026-07-02 09:31:05.401,buffer_pages_created,1812177,1812177,808.294947,enabled
1782984665.400,2026-07-02 09:31:05.401,buffer_pages_read,72064372,72064372,32143.254946,enabled
1782984665.400,2026-07-02 09:31:05.401,buffer_pages_written,24421783,24421783,10892.977742,enabled
1782984665.400,2026-07-02 09:31:05.401,buffer_pool_bytes_data,12851036160,12851036160,0.000000,enabled
1782984665.400,2026-07-02 09:31:05.401,buffer_pool_bytes_dirty,4620763136,4620763136,0.000000,enabled
1782984665.400,2026-07-02 09:31:05.401,buffer_pool_pages_data,784365,784365,0.000000,enabled
1782984665.400,2026-07-02 09:31:05.401,buffer_pool_pages_dirty,282029,282029,0.000000,enabled
1782984665.400,2026-07-02 09:31:05.401,buffer_pool_pages_flushed,24361544,24361544,0.000000,enabled
1782984665.400,2026-07-02 09:31:05.401,buffer_pool_pages_free,1971,1971,0.000000,enabled
1782984665.400,2026-07-02 09:31:05.401,buffer_pool_pages_lru_flushed,0,0,0.000000,enabled
1782984665.400,2026-07-02 09:31:05.401,buffer_pool_pages_misc,96,96,0.000000,enabled
1782984665.400,2026-07-02 09:31:05.401,buffer_pool_pages_total,786432,786432,0.000000,enabled
1782984665.400,2026-07-02 09:31:05.401,buffer_pool_reads,71171084,71171084,31744.818159,enabled
1782984665.400,2026-07-02 09:31:05.401,buffer_pool_read_ahead,803715,803715,358.485284,enabled
1782984665.400,2026-07-02 09:31:05.401,buffer_pool_read_ahead_evicted,25,25,0.011151,enabled
1782984665.400,2026-07-02 09:31:05.401,buffer_pool_read_requests,2823868398,2823868398,1259545.074506,enabled
1782984665.400,2026-07-02 09:31:05.401,buffer_pool_size,12884901888,12884901888,0.000000,enabled
1782984665.400,2026-07-02 09:31:05.401,buffer_pool_wait_free,18945,18945,8.450139,enabled
1782984665.400,2026-07-02 09:31:05.401,buffer_pool_write_requests,597803121,597803121,266641.312467,enabled
1782984665.400,2026-07-02 09:31:05.401,dml_deletes,12813446,12813446,5715.248434,enabled
1782984665.400,2026-07-02 09:31:05.401,dml_inserts,112698848,112698848,50267.657521,enabled
1782984665.400,2026-07-02 09:31:05.401,dml_system_deletes,468,468,0.208744,enabled
1782984665.400,2026-07-02 09:31:05.401,dml_system_inserts,1202,1202,0.536134,enabled
1782984665.400,2026-07-02 09:31:05.401,dml_system_reads,7661,7661,3.417076,enabled
1782984665.400,2026-07-02 09:31:05.401,dml_system_updates,620,620,0.276542,enabled
1782984665.400,2026-07-02 09:31:05.401,dml_updates,25627006,25627006,11430.547706,enabled
1782984665.400,2026-07-02 09:31:05.401,file_num_open_files,35,35,0.000000,enabled
1782984665.400,2026-07-02 09:31:05.401,ibuf_merges,0,0,0.000000,enabled
1782984665.400,2026-07-02 09:31:05.401,ibuf_merges_delete,0,0,0.000000,enabled
1782984665.400,2026-07-02 09:31:05.401,ibuf_merges_delete_mark,0,0,0.000000,enabled
1782984665.400,2026-07-02 09:31:05.401,ibuf_merges_discard_delete,0,0,0.000000,enabled
1782984665.400,2026-07-02 09:31:05.401,ibuf_merges_discard_delete_mark,0,0,0.000000,enabled
1782984665.400,2026-07-02 09:31:05.401,ibuf_merges_discard_insert,0,0,0.000000,enabled
1782984665.400,2026-07-02 09:31:05.401,ibuf_merges_insert,0,0,0.000000,enabled
1782984665.400,2026-07-02 09:31:05.401,ibuf_size,1,1,0.000446,enabled
1782984665.400,2026-07-02 09:31:05.401,innodb_activity_count,17629983,17629983,7863.593795,enabled
1782984665.400,2026-07-02 09:31:05.401,innodb_dblwr_pages_written,24362291,24362291,10866.440368,enabled
1782984665.400,2026-07-02 09:31:05.401,innodb_dblwr_writes,497315,497315,221.820017,enabled
1782984665.400,2026-07-02 09:31:05.401,innodb_page_size,16384,16384,0.000000,enabled
1782984665.400,2026-07-02 09:31:05.401,innodb_rwlock_sx_os_waits,0,0,0.000000,enabled
1782984665.400,2026-07-02 09:31:05.401,innodb_rwlock_sx_spin_rounds,0,0,0.000000,enabled
1782984665.400,2026-07-02 09:31:05.401,innodb_rwlock_sx_spin_waits,0,0,0.000000,enabled
1782984665.400,2026-07-02 09:31:05.401,innodb_rwlock_s_os_waits,0,0,0.000000,enabled
1782984665.400,2026-07-02 09:31:05.401,innodb_rwlock_s_spin_rounds,0,0,0.000000,enabled
1782984665.400,2026-07-02 09:31:05.401,innodb_rwlock_s_spin_waits,0,0,0.000000,enabled
1782984665.400,2026-07-02 09:31:05.401,innodb_rwlock_x_os_waits,0,0,0.000000,enabled
1782984665.400,2026-07-02 09:31:05.401,innodb_rwlock_x_spin_rounds,0,0,0.000000,enabled
1782984665.400,2026-07-02 09:31:05.401,innodb_rwlock_x_spin_waits,0,0,0.000000,enabled
1782984665.400,2026-07-02 09:31:05.401,lock_deadlocks,0,0,0.000000,enabled
1782984665.400,2026-07-02 09:31:05.401,lock_deadlock_false_positives,0,0,0.000000,enabled
1782984665.400,2026-07-02 09:31:05.401,lock_deadlock_rounds,2479,2479,1.105722,enabled
1782984665.400,2026-07-02 09:31:05.401,lock_rec_grant_attempts,425,425,0.189565,enabled
1782984665.400,2026-07-02 09:31:05.401,lock_rec_release_attempts,38945597,38945597,17371.112571,enabled
1782984665.400,2026-07-02 09:31:05.401,lock_row_lock_current_waits,0,0,0.000000,enabled
1782984665.400,2026-07-02 09:31:05.401,lock_row_lock_time,323,323,0.144069,enabled
1782984665.400,2026-07-02 09:31:05.401,lock_row_lock_time_avg,0,0,0.000000,enabled
1782984665.400,2026-07-02 09:31:05.401,lock_row_lock_time_max,29,29,0.000000,enabled
1782984665.400,2026-07-02 09:31:05.401,lock_row_lock_waits,425,425,0.189565,enabled
1782984665.400,2026-07-02 09:31:05.401,lock_schedule_refreshes,2479,2479,1.105722,enabled
1782984665.400,2026-07-02 09:31:05.401,lock_threads_waiting,0,0,0.000000,enabled
1782984665.400,2026-07-02 09:31:05.401,lock_timeouts,0,0,0.000000,enabled
1782984665.400,2026-07-02 09:31:05.401,log_waits,0,0,0.000000,enabled
1782984665.400,2026-07-02 09:31:05.401,log_writes,194261913,194261913,86647.664322,enabled
1782984665.400,2026-07-02 09:31:05.401,log_write_requests,402525376,402525376,179540.513946,enabled
1782984665.400,2026-07-02 09:31:05.401,os_data_fsyncs,53000072,53000072,23639.902169,enabled
1782984665.400,2026-07-02 09:31:05.401,os_data_reads,72161260,72161260,32186.468168,enabled
1782984665.400,2026-07-02 09:31:05.401,os_data_writes,219452506,219452506,97883.560947,enabled
1782984665.400,2026-07-02 09:31:05.401,os_log_bytes_written,124012597760,124012597760,55313994.144869,enabled
1782984665.400,2026-07-02 09:31:05.401,os_log_fsyncs,46415379,46415379,20702.896687,enabled
1782984665.400,2026-07-02 09:31:05.401,os_log_pending_fsyncs,0,0,0.000000,enabled
1782984665.400,2026-07-02 09:31:05.401,os_log_pending_writes,0,0,0.000000,enabled
1782984665.400,2026-07-02 09:31:05.401,trx_rseg_history_len,480,480,0.000000,enabled
1782984666.486,2026-07-02 09:31:06.488,adaptive_hash_searches,0,0,0.000000,enabled
1782984666.486,2026-07-02 09:31:06.488,adaptive_hash_searches_btree,586775108,586775108,261597.429583,enabled
1782984666.486,2026-07-02 09:31:06.488,buffer_data_reads,1178301532672,1178301532672,525313176.505854,enabled
1782984666.486,2026-07-02 09:31:06.488,buffer_data_written,559645783552,559645783552,249502606.847479,enabled
1782984666.486,2026-07-02 09:31:06.488,buffer_pages0_read,7,7,0.003121,enabled
1782984666.486,2026-07-02 09:31:06.488,buffer_pages_created,1812208,1812208,807.922864,enabled
1782984666.486,2026-07-02 09:31:06.488,buffer_pages_read,72121007,72121007,32153.158001,enabled
1782984666.486,2026-07-02 09:31:06.488,buffer_pages_written,24438135,24438135,10895.067212,enabled
1782984666.486,2026-07-02 09:31:06.488,buffer_pool_bytes_data,12848939008,12848939008,0.000000,enabled
1782984666.486,2026-07-02 09:31:06.488,buffer_pool_bytes_dirty,4618338304,4618338304,0.000000,enabled
1782984666.486,2026-07-02 09:31:06.488,buffer_pool_pages_data,784237,784237,0.000000,enabled
1782984666.486,2026-07-02 09:31:06.488,buffer_pool_pages_dirty,281881,281881,0.000000,enabled
1782984666.486,2026-07-02 09:31:06.488,buffer_pool_pages_flushed,24381062,24381062,0.000000,enabled
1782984666.486,2026-07-02 09:31:06.488,buffer_pool_pages_free,2099,2099,0.000000,enabled
1782984666.486,2026-07-02 09:31:06.488,buffer_pool_pages_lru_flushed,0,0,0.000000,enabled
1782984666.486,2026-07-02 09:31:06.488,buffer_pool_pages_misc,97,97,0.000000,enabled
1782984666.486,2026-07-02 09:31:06.488,buffer_pool_pages_total,786432,786432,0.000000,enabled
1782984666.486,2026-07-02 09:31:06.488,buffer_pool_reads,71227664,71227664,31754.886845,enabled
1782984666.486,2026-07-02 09:31:06.488,buffer_pool_read_ahead,803715,803715,358.314132,enabled
1782984666.486,2026-07-02 09:31:06.488,buffer_pool_read_ahead_evicted,25,25,0.011146,enabled
1782984666.486,2026-07-02 09:31:06.488,buffer_pool_read_requests,2824695821,2824695821,1259312.612046,enabled
1782984666.486,2026-07-02 09:31:06.488,buffer_pool_size,12884901888,12884901888,0.000000,enabled
1782984666.486,2026-07-02 09:31:06.488,buffer_pool_wait_free,18945,18945,8.446105,enabled
1782984666.486,2026-07-02 09:31:06.488,buffer_pool_write_requests,597915321,597915321,266564.030844,enabled
1782984666.486,2026-07-02 09:31:06.488,dml_deletes,12818275,12818275,5714.672694,enabled
1782984666.486,2026-07-02 09:31:06.488,dml_inserts,112703676,112703676,50245.810799,enabled
1782984666.486,2026-07-02 09:31:06.488,dml_system_deletes,468,468,0.208645,enabled
1782984666.486,2026-07-02 09:31:06.488,dml_system_inserts,1202,1202,0.535878,enabled
1782984666.486,2026-07-02 09:31:06.488,dml_system_reads,7661,7661,3.415445,enabled
1782984666.486,2026-07-02 09:31:06.488,dml_system_updates,620,620,0.276410,enabled
1782984666.486,2026-07-02 09:31:06.488,dml_updates,25636666,25636666,11429.397092,enabled
1782984666.486,2026-07-02 09:31:06.488,file_num_open_files,35,35,0.000000,enabled
1782984666.486,2026-07-02 09:31:06.488,ibuf_merges,0,0,0.000000,enabled
1782984666.486,2026-07-02 09:31:06.488,ibuf_merges_delete,0,0,0.000000,enabled
1782984666.486,2026-07-02 09:31:06.488,ibuf_merges_delete_mark,0,0,0.000000,enabled
1782984666.486,2026-07-02 09:31:06.488,ibuf_merges_discard_delete,0,0,0.000000,enabled
1782984666.486,2026-07-02 09:31:06.488,ibuf_merges_discard_delete_mark,0,0,0.000000,enabled
1782984666.486,2026-07-02 09:31:06.488,ibuf_merges_discard_insert,0,0,0.000000,enabled
1782984666.486,2026-07-02 09:31:06.488,ibuf_merges_insert,0,0,0.000000,enabled
1782984666.486,2026-07-02 09:31:06.488,ibuf_size,1,1,0.000446,enabled
1782984666.486,2026-07-02 09:31:06.488,innodb_activity_count,17635531,17635531,7862.312927,enabled
1782984666.486,2026-07-02 09:31:06.488,innodb_dblwr_pages_written,24378881,24378881,10868.648632,enabled
1782984666.486,2026-07-02 09:31:06.488,innodb_dblwr_writes,497690,497690,221.881297,enabled
1782984666.486,2026-07-02 09:31:06.488,innodb_page_size,16384,16384,0.000000,enabled
1782984666.486,2026-07-02 09:31:06.488,innodb_rwlock_sx_os_waits,0,0,0.000000,enabled
1782984666.486,2026-07-02 09:31:06.488,innodb_rwlock_sx_spin_rounds,0,0,0.000000,enabled
1782984666.486,2026-07-02 09:31:06.488,innodb_rwlock_sx_spin_waits,0,0,0.000000,enabled
1782984666.486,2026-07-02 09:31:06.488,innodb_rwlock_s_os_waits,0,0,0.000000,enabled
1782984666.486,2026-07-02 09:31:06.488,innodb_rwlock_s_spin_rounds,0,0,0.000000,enabled
1782984666.486,2026-07-02 09:31:06.488,innodb_rwlock_s_spin_waits,0,0,0.000000,enabled
1782984666.486,2026-07-02 09:31:06.488,innodb_rwlock_x_os_waits,0,0,0.000000,enabled
1782984666.486,2026-07-02 09:31:06.488,innodb_rwlock_x_spin_rounds,0,0,0.000000,enabled
1782984666.486,2026-07-02 09:31:06.488,innodb_rwlock_x_spin_waits,0,0,0.000000,enabled
1782984666.486,2026-07-02 09:31:06.488,lock_deadlocks,0,0,0.000000,enabled
1782984666.486,2026-07-02 09:31:06.488,lock_deadlock_false_positives,0,0,0.000000,enabled
1782984666.486,2026-07-02 09:31:06.488,lock_deadlock_rounds,2480,2480,1.105640,enabled
1782984666.486,2026-07-02 09:31:06.488,lock_rec_grant_attempts,425,425,0.189475,enabled
1782984666.486,2026-07-02 09:31:06.488,lock_rec_release_attempts,38960278,38960278,17369.364232,enabled
1782984666.486,2026-07-02 09:31:06.488,lock_row_lock_current_waits,0,0,0.000000,enabled
1782984666.486,2026-07-02 09:31:06.488,lock_row_lock_time,323,323,0.144001,enabled
1782984666.486,2026-07-02 09:31:06.488,lock_row_lock_time_avg,0,0,0.000000,enabled
1782984666.486,2026-07-02 09:31:06.488,lock_row_lock_time_max,29,29,0.000000,enabled
1782984666.486,2026-07-02 09:31:06.488,lock_row_lock_waits,425,425,0.189475,enabled
1782984666.486,2026-07-02 09:31:06.488,lock_schedule_refreshes,2480,2480,1.105640,enabled
1782984666.486,2026-07-02 09:31:06.488,lock_threads_waiting,0,0,0.000000,enabled
1782984666.486,2026-07-02 09:31:06.488,lock_timeouts,0,0,0.000000,enabled
1782984666.486,2026-07-02 09:31:06.488,log_waits,0,0,0.000000,enabled
1782984666.486,2026-07-02 09:31:06.488,log_writes,194341519,194341519,86641.786617,enabled
1782984666.486,2026-07-02 09:31:06.488,log_write_requests,402607530,402607530,179491.422713,enabled
1782984666.486,2026-07-02 09:31:06.488,os_data_fsyncs,53033069,53033069,23643.326650,enabled
1782984666.486,2026-07-02 09:31:06.488,os_data_reads,72217729,72217729,32196.276625,enabled
1782984666.486,2026-07-02 09:31:06.488,os_data_writes,219548736,219548736,97879.730208,enabled
1782984666.486,2026-07-02 09:31:06.488,os_log_bytes_written,124054121472,124054121472,55306097.970549,enabled
1782984666.486,2026-07-02 09:31:06.488,os_log_fsyncs,46443373,46443373,20705.492923,enabled
1782984666.486,2026-07-02 09:31:06.488,os_log_pending_fsyncs,1,1,0.000446,enabled
1782984666.486,2026-07-02 09:31:06.488,os_log_pending_writes,0,0,0.000000,enabled
1782984666.486,2026-07-02 09:31:06.488,trx_rseg_history_len,485,485,0.000000,enabled
1782984667.558,2026-07-02 09:31:07.559,adaptive_hash_searches,0,0,0.000000,enabled
1782984667.558,2026-07-02 09:31:07.559,adaptive_hash_searches_btree,586942016,586942016,261547.076672,enabled
1782984667.558,2026-07-02 09:31:07.559,buffer_data_reads,1179221019136,1179221019136,525472426.137528,enabled
1782984667.558,2026-07-02 09:31:07.559,buffer_data_written,559952293376,559952293376,249520221.485962,enabled
1782984667.558,2026-07-02 09:31:07.559,buffer_pages0_read,7,7,0.003119,enabled
1782984667.558,2026-07-02 09:31:07.559,buffer_pages_created,1812235,1812235,807.549658,enabled
1782984667.558,2026-07-02 09:31:07.559,buffer_pages_read,72177280,72177280,32162.902362,enabled
1782984667.558,2026-07-02 09:31:07.559,buffer_pages_written,24453934,24453934,10896.912357,enabled
1782984667.558,2026-07-02 09:31:07.559,buffer_pool_bytes_data,12853051392,12853051392,0.000000,enabled
1782984667.558,2026-07-02 09:31:07.559,buffer_pool_bytes_dirty,4625629184,4625629184,0.000000,enabled
1782984667.558,2026-07-02 09:31:07.559,buffer_pool_pages_data,784488,784488,0.000000,enabled
1782984667.558,2026-07-02 09:31:07.559,buffer_pool_pages_dirty,282326,282326,0.000000,enabled
1782984667.558,2026-07-02 09:31:07.559,buffer_pool_pages_flushed,24396864,24396864,0.000000,enabled
1782984667.558,2026-07-02 09:31:07.559,buffer_pool_pages_free,1847,1847,0.000000,enabled
1782984667.558,2026-07-02 09:31:07.559,buffer_pool_pages_lru_flushed,0,0,0.000000,enabled
1782984667.558,2026-07-02 09:31:07.559,buffer_pool_pages_misc,97,97,0.000000,enabled
1782984667.558,2026-07-02 09:31:07.559,buffer_pool_pages_total,786432,786432,0.000000,enabled
1782984667.558,2026-07-02 09:31:07.559,buffer_pool_reads,71283882,71283882,31764.796683,enabled
1782984667.558,2026-07-02 09:31:07.559,buffer_pool_read_ahead,803715,803715,358.143279,enabled
1782984667.558,2026-07-02 09:31:07.559,buffer_pool_read_ahead_evicted,25,25,0.011140,enabled
1782984667.558,2026-07-02 09:31:07.559,buffer_pool_read_requests,2825521856,2825521856,1259080.231568,enabled
1782984667.558,2026-07-02 09:31:07.559,buffer_pool_size,12884901888,12884901888,0.000000,enabled
1782984667.558,2026-07-02 09:31:07.559,buffer_pool_wait_free,18945,18945,8.442078,enabled
1782984667.558,2026-07-02 09:31:07.559,buffer_pool_write_requests,598028005,598028005,266487.139898,enabled
1782984667.558,2026-07-02 09:31:07.559,dml_deletes,12823088,12823088,5714.092692,enabled
1782984667.558,2026-07-02 09:31:07.559,dml_inserts,112708490,112708490,50223.999061,enabled
1782984667.558,2026-07-02 09:31:07.559,dml_system_deletes,468,468,0.208545,enabled
1782984667.558,2026-07-02 09:31:07.559,dml_system_inserts,1202,1202,0.535623,enabled
1782984667.558,2026-07-02 09:31:07.559,dml_system_reads,7661,7661,3.413816,enabled
1782984667.558,2026-07-02 09:31:07.559,dml_system_updates,620,620,0.276278,enabled
1782984667.558,2026-07-02 09:31:07.559,dml_updates,25646293,25646293,11428.237507,enabled
1782984667.558,2026-07-02 09:31:07.559,file_num_open_files,35,35,0.000000,enabled
1782984667.558,2026-07-02 09:31:07.559,ibuf_merges,0,0,0.000000,enabled
1782984667.558,2026-07-02 09:31:07.559,ibuf_merges_delete,0,0,0.000000,enabled
1782984667.558,2026-07-02 09:31:07.559,ibuf_merges_delete_mark,0,0,0.000000,enabled
1782984667.558,2026-07-02 09:31:07.559,ibuf_merges_discard_delete,0,0,0.000000,enabled
1782984667.558,2026-07-02 09:31:07.559,ibuf_merges_discard_delete_mark,0,0,0.000000,enabled
1782984667.558,2026-07-02 09:31:07.559,ibuf_merges_discard_insert,0,0,0.000000,enabled
1782984667.558,2026-07-02 09:31:07.559,ibuf_merges_insert,0,0,0.000000,enabled
1782984667.558,2026-07-02 09:31:07.559,ibuf_size,1,1,0.000446,enabled
1782984667.558,2026-07-02 09:31:07.559,innodb_activity_count,17641065,17641065,7861.030214,enabled
1782984667.558,2026-07-02 09:31:07.559,innodb_dblwr_pages_written,24394683,24394683,10870.508035,enabled
1782984667.558,2026-07-02 09:31:07.559,innodb_dblwr_writes,498024,498024,221.924339,enabled
1782984667.558,2026-07-02 09:31:07.559,innodb_page_size,16384,16384,0.000000,enabled
1782984667.558,2026-07-02 09:31:07.559,innodb_rwlock_sx_os_waits,0,0,0.000000,enabled
1782984667.558,2026-07-02 09:31:07.559,innodb_rwlock_sx_spin_rounds,0,0,0.000000,enabled
1782984667.558,2026-07-02 09:31:07.559,innodb_rwlock_sx_spin_waits,0,0,0.000000,enabled
1782984667.558,2026-07-02 09:31:07.559,innodb_rwlock_s_os_waits,0,0,0.000000,enabled
1782984667.558,2026-07-02 09:31:07.559,innodb_rwlock_s_spin_rounds,0,0,0.000000,enabled
1782984667.558,2026-07-02 09:31:07.559,innodb_rwlock_s_spin_waits,0,0,0.000000,enabled
1782984667.558,2026-07-02 09:31:07.559,innodb_rwlock_x_os_waits,0,0,0.000000,enabled
1782984667.558,2026-07-02 09:31:07.559,innodb_rwlock_x_spin_rounds,0,0,0.000000,enabled
1782984667.558,2026-07-02 09:31:07.559,innodb_rwlock_x_spin_waits,0,0,0.000000,enabled
1782984667.558,2026-07-02 09:31:07.559,lock_deadlocks,0,0,0.000000,enabled
1782984667.558,2026-07-02 09:31:07.559,lock_deadlock_false_positives,0,0,0.000000,enabled
1782984667.558,2026-07-02 09:31:07.559,lock_deadlock_rounds,2481,2481,1.105558,enabled
1782984667.558,2026-07-02 09:31:07.559,lock_rec_grant_attempts,425,425,0.189384,enabled
1782984667.558,2026-07-02 09:31:07.559,lock_rec_release_attempts,38974921,38974921,17367.607110,enabled
1782984667.558,2026-07-02 09:31:07.559,lock_row_lock_current_waits,0,0,0.000000,enabled
1782984667.558,2026-07-02 09:31:07.559,lock_row_lock_time,323,323,0.143932,enabled
1782984667.558,2026-07-02 09:31:07.559,lock_row_lock_time_avg,0,0,0.000000,enabled
1782984667.558,2026-07-02 09:31:07.559,lock_row_lock_time_max,29,29,0.000000,enabled
1782984667.558,2026-07-02 09:31:07.559,lock_row_lock_waits,425,425,0.189384,enabled
1782984667.558,2026-07-02 09:31:07.559,lock_schedule_refreshes,2481,2481,1.105558,enabled
1782984667.558,2026-07-02 09:31:07.559,lock_threads_waiting,0,0,0.000000,enabled
1782984667.558,2026-07-02 09:31:07.559,lock_timeouts,0,0,0.000000,enabled
1782984667.558,2026-07-02 09:31:07.559,log_waits,0,0,0.000000,enabled
1782984667.558,2026-07-02 09:31:07.559,log_writes,194421665,194421665,86636.189296,enabled
1782984667.558,2026-07-02 09:31:07.559,log_write_requests,402689415,402689415,179442.329177,enabled
1782984667.558,2026-07-02 09:31:07.559,os_data_fsyncs,53065725,53065725,23646.605069,enabled
1782984667.558,2026-07-02 09:31:07.559,os_data_reads,72273830,72273830,32205.924202,enabled
1782984667.558,2026-07-02 09:31:07.559,os_data_writes,219644908,219644908,97875.915168,enabled
1782984667.558,2026-07-02 09:31:07.559,os_log_bytes_written,124096045056,124096045056,55298408.964343,enabled
1782984667.558,2026-07-02 09:31:07.559,os_log_fsyncs,46471323,46471323,20708.075115,enabled
1782984667.558,2026-07-02 09:31:07.559,os_log_pending_fsyncs,1,1,0.000446,enabled
1782984667.558,2026-07-02 09:31:07.559,os_log_pending_writes,0,0,0.000000,enabled
1782984667.558,2026-07-02 09:31:07.559,trx_rseg_history_len,479,479,0.000000,enabled
1782984668.628,2026-07-02 09:31:08.629,adaptive_hash_searches,0,0,0.000000,enabled
1782984668.628,2026-07-02 09:31:08.629,adaptive_hash_searches_btree,587109301,587109301,261496.745914,enabled
1782984668.628,2026-07-02 09:31:08.629,buffer_data_reads,1180147550720,1180147550720,525634303.386004,enabled
1782984668.628,2026-07-02 09:31:08.629,buffer_data_written,560262654464,560262654464,249539364.519392,enabled
1782984668.628,2026-07-02 09:31:08.629,buffer_pages0_read,7,7,0.003118,enabled
1782984668.628,2026-07-02 09:31:08.629,buffer_pages_created,1812271,1812271,807.180266,enabled
1782984668.628,2026-07-02 09:31:08.629,buffer_pages_read,72233997,72233997,32172.813262,enabled
1782984668.628,2026-07-02 09:31:08.629,buffer_pages_written,24469962,24469962,10898.850312,enabled
1782984668.628,2026-07-02 09:31:08.629,buffer_pool_bytes_data,12854476800,12854476800,0.000000,enabled
1782984668.628,2026-07-02 09:31:08.629,buffer_pool_bytes_dirty,4631658496,4631658496,0.000000,enabled
1782984668.628,2026-07-02 09:31:08.629,buffer_pool_pages_data,784575,784575,0.000000,enabled
1782984668.628,2026-07-02 09:31:08.629,buffer_pool_pages_dirty,282694,282694,0.000000,enabled
1782984668.628,2026-07-02 09:31:08.629,buffer_pool_pages_flushed,24412892,24412892,0.000000,enabled
1782984668.628,2026-07-02 09:31:08.629,buffer_pool_pages_free,1761,1761,0.000000,enabled
1782984668.628,2026-07-02 09:31:08.629,buffer_pool_pages_lru_flushed,0,0,0.000000,enabled
1782984668.628,2026-07-02 09:31:08.629,buffer_pool_pages_misc,96,96,0.000000,enabled
1782984668.628,2026-07-02 09:31:08.629,buffer_pool_pages_total,786432,786432,0.000000,enabled
1782984668.628,2026-07-02 09:31:08.629,buffer_pool_reads,71340541,71340541,31774.871706,enabled
1782984668.628,2026-07-02 09:31:08.629,buffer_pool_read_ahead,803715,803715,357.972345,enabled
1782984668.628,2026-07-02 09:31:08.629,buffer_pool_read_ahead_evicted,25,25,0.011135,enabled
1782984668.628,2026-07-02 09:31:08.629,buffer_pool_read_requests,2826350832,2826350832,1258848.522328,enabled
1782984668.628,2026-07-02 09:31:08.629,buffer_pool_size,12884901888,12884901888,0.000000,enabled
1782984668.628,2026-07-02 09:31:08.629,buffer_pool_wait_free,18945,18945,8.438048,enabled
1782984668.628,2026-07-02 09:31:08.629,buffer_pool_write_requests,598140929,598140929,266410.247255,enabled
1782984668.628,2026-07-02 09:31:08.629,dml_deletes,12827925,12827925,5713.519679,enabled
1782984668.628,2026-07-02 09:31:08.629,dml_inserts,112713327,112713327,50202.180971,enabled
1782984668.628,2026-07-02 09:31:08.629,dml_system_deletes,468,468,0.208446,enabled
1782984668.628,2026-07-02 09:31:08.629,dml_system_inserts,1202,1202,0.535367,enabled
1782984668.628,2026-07-02 09:31:08.629,dml_system_reads,7661,7661,3.412187,enabled
1782984668.628,2026-07-02 09:31:08.629,dml_system_updates,620,620,0.276146,enabled
1782984668.628,2026-07-02 09:31:08.629,dml_updates,25655964,25655964,11427.090121,enabled
1782984668.628,2026-07-02 09:31:08.629,file_num_open_files,35,35,0.000000,enabled
1782984668.628,2026-07-02 09:31:08.629,ibuf_merges,0,0,0.000000,enabled
1782984668.628,2026-07-02 09:31:08.629,ibuf_merges_delete,0,0,0.000000,enabled
1782984668.628,2026-07-02 09:31:08.629,ibuf_merges_delete_mark,0,0,0.000000,enabled
1782984668.628,2026-07-02 09:31:08.629,ibuf_merges_discard_delete,0,0,0.000000,enabled
1782984668.628,2026-07-02 09:31:08.629,ibuf_merges_discard_delete_mark,0,0,0.000000,enabled
1782984668.628,2026-07-02 09:31:08.629,ibuf_merges_discard_insert,0,0,0.000000,enabled
1782984668.628,2026-07-02 09:31:08.629,ibuf_merges_insert,0,0,0.000000,enabled
1782984668.628,2026-07-02 09:31:08.629,ibuf_size,1,1,0.000445,enabled
1782984668.628,2026-07-02 09:31:08.629,innodb_activity_count,17646627,17646627,7859.755360,enabled
1782984668.628,2026-07-02 09:31:08.629,innodb_dblwr_pages_written,24410711,24410711,10872.458255,enabled
1782984668.628,2026-07-02 09:31:08.629,innodb_dblwr_writes,498361,498361,221.968511,enabled
1782984668.628,2026-07-02 09:31:08.629,innodb_page_size,16384,16384,0.000000,enabled
1782984668.628,2026-07-02 09:31:08.629,innodb_rwlock_sx_os_waits,0,0,0.000000,enabled
1782984668.628,2026-07-02 09:31:08.629,innodb_rwlock_sx_spin_rounds,0,0,0.000000,enabled
1782984668.628,2026-07-02 09:31:08.629,innodb_rwlock_sx_spin_waits,0,0,0.000000,enabled
1782984668.628,2026-07-02 09:31:08.629,innodb_rwlock_s_os_waits,0,0,0.000000,enabled
1782984668.628,2026-07-02 09:31:08.629,innodb_rwlock_s_spin_rounds,0,0,0.000000,enabled
1782984668.628,2026-07-02 09:31:08.629,innodb_rwlock_s_spin_waits,0,0,0.000000,enabled
1782984668.628,2026-07-02 09:31:08.629,innodb_rwlock_x_os_waits,0,0,0.000000,enabled
1782984668.628,2026-07-02 09:31:08.629,innodb_rwlock_x_spin_rounds,0,0,0.000000,enabled
1782984668.628,2026-07-02 09:31:08.629,innodb_rwlock_x_spin_waits,0,0,0.000000,enabled
1782984668.628,2026-07-02 09:31:08.629,lock_deadlocks,0,0,0.000000,enabled
1782984668.628,2026-07-02 09:31:08.629,lock_deadlock_false_positives,0,0,0.000000,enabled
1782984668.628,2026-07-02 09:31:08.629,lock_deadlock_rounds,2482,2482,1.105476,enabled
1782984668.628,2026-07-02 09:31:08.629,lock_rec_grant_attempts,425,425,0.189294,enabled
1782984668.628,2026-07-02 09:31:08.629,lock_rec_release_attempts,38989615,38989615,17365.862555,enabled
1782984668.628,2026-07-02 09:31:08.629,lock_row_lock_current_waits,0,0,0.000000,enabled
1782984668.628,2026-07-02 09:31:08.629,lock_row_lock_time,323,323,0.143863,enabled
1782984668.628,2026-07-02 09:31:08.629,lock_row_lock_time_avg,0,0,0.000000,enabled
1782984668.628,2026-07-02 09:31:08.629,lock_row_lock_time_max,29,29,0.000000,enabled
1782984668.628,2026-07-02 09:31:08.629,lock_row_lock_waits,425,425,0.189294,enabled
1782984668.628,2026-07-02 09:31:08.629,lock_schedule_refreshes,2482,2482,1.105476,enabled
1782984668.628,2026-07-02 09:31:08.629,lock_threads_waiting,0,0,0.000000,enabled
1782984668.628,2026-07-02 09:31:08.629,lock_timeouts,0,0,0.000000,enabled
1782984668.628,2026-07-02 09:31:08.629,log_waits,0,0,0.000000,enabled
1782984668.628,2026-07-02 09:31:08.629,log_writes,194501723,194501723,86630.495522,enabled
1782984668.628,2026-07-02 09:31:08.629,log_write_requests,402771545,402771545,179393.261992,enabled
1782984668.628,2026-07-02 09:31:08.629,os_data_fsyncs,53099030,53099030,23650.152609,enabled
1782984668.628,2026-07-02 09:31:08.629,os_data_reads,72330391,72330391,32215.744584,enabled
1782984668.628,2026-07-02 09:31:08.629,os_data_writes,219741255,219741255,97872.112158,enabled
1782984668.628,2026-07-02 09:31:08.629,os_log_bytes_written,124137859072,124137859072,55290639.108851,enabled
1782984668.628,2026-07-02 09:31:08.629,os_log_fsyncs,46499914,46499914,20710.925584,enabled
1782984668.628,2026-07-02 09:31:08.629,os_log_pending_fsyncs,1,1,0.000445,enabled
1782984668.628,2026-07-02 09:31:08.629,os_log_pending_writes,0,0,0.000000,enabled
1782984668.628,2026-07-02 09:31:08.629,trx_rseg_history_len,537,537,0.000000,enabled
1782984669.699,2026-07-02 09:31:09.701,adaptive_hash_searches,0,0,0.000000,enabled
1782984669.699,2026-07-02 09:31:09.701,adaptive_hash_searches_btree,587276469,587276469,261446.701838,enabled
1782984669.699,2026-07-02 09:31:09.701,buffer_data_reads,1181072017920,1181072017920,525795673.390603,enabled
1782984669.699,2026-07-02 09:31:09.701,buffer_data_written,560571620864,560571620864,249558137.075958,enabled
1782984669.699,2026-07-02 09:31:09.701,buffer_pages0_read,7,7,0.003116,enabled
1782984669.699,2026-07-02 09:31:09.701,buffer_pages_created,1812313,1812313,806.814765,enabled
1782984669.699,2026-07-02 09:31:09.701,buffer_pages_read,72290582,72290582,32182.690591,enabled
1782984669.699,2026-07-02 09:31:09.701,buffer_pages_written,24485890,24485890,10900.753638,enabled
1782984669.699,2026-07-02 09:31:09.701,buffer_pool_bytes_data,12851740672,12851740672,0.000000,enabled
1782984669.699,2026-07-02 09:31:09.701,buffer_pool_bytes_dirty,4638867456,4638867456,0.000000,enabled
1782984669.699,2026-07-02 09:31:09.701,buffer_pool_pages_data,784408,784408,0.000000,enabled
1782984669.699,2026-07-02 09:31:09.701,buffer_pool_pages_dirty,283134,283134,0.000000,enabled
1782984669.699,2026-07-02 09:31:09.701,buffer_pool_pages_flushed,24428820,24428820,0.000000,enabled
1782984669.699,2026-07-02 09:31:09.701,buffer_pool_pages_free,1930,1930,0.000000,enabled
1782984669.699,2026-07-02 09:31:09.701,buffer_pool_pages_lru_flushed,0,0,0.000000,enabled
1782984669.699,2026-07-02 09:31:09.701,buffer_pool_pages_misc,96,96,0.000000,enabled
1782984669.699,2026-07-02 09:31:09.701,buffer_pool_pages_total,786432,786432,0.000000,enabled
1782984669.699,2026-07-02 09:31:09.701,buffer_pool_reads,71397060,71397060,31784.909054,enabled
1782984669.699,2026-07-02 09:31:09.701,buffer_pool_read_ahead,803715,803715,357.801959,enabled
1782984669.699,2026-07-02 09:31:09.701,buffer_pool_read_ahead_evicted,25,25,0.011130,enabled
1782984669.699,2026-07-02 09:31:09.701,buffer_pool_read_requests,2827179530,2827179530,1258618.265097,enabled
1782984669.699,2026-07-02 09:31:09.701,buffer_pool_size,12884901888,12884901888,0.000000,enabled
1782984669.699,2026-07-02 09:31:09.701,buffer_pool_wait_free,18945,18945,8.434032,enabled
1782984669.699,2026-07-02 09:31:09.701,buffer_pool_write_requests,598254314,598254314,266333.919804,enabled
1782984669.699,2026-07-02 09:31:09.701,dml_deletes,12832751,12832751,5712.948673,enabled
1782984669.699,2026-07-02 09:31:09.701,dml_inserts,112718153,112718153,50180.434668,enabled
1782984669.699,2026-07-02 09:31:09.701,dml_system_deletes,468,468,0.208347,enabled
1782984669.699,2026-07-02 09:31:09.701,dml_system_inserts,1202,1202,0.535112,enabled
1782984669.699,2026-07-02 09:31:09.701,dml_system_reads,7661,7661,3.410563,enabled
1782984669.699,2026-07-02 09:31:09.701,dml_system_updates,620,620,0.276015,enabled
1782984669.699,2026-07-02 09:31:09.701,dml_updates,25665618,25665618,11425.948977,enabled
1782984669.699,2026-07-02 09:31:09.701,file_num_open_files,35,35,0.000000,enabled
1782984669.699,2026-07-02 09:31:09.701,ibuf_merges,0,0,0.000000,enabled
1782984669.699,2026-07-02 09:31:09.701,ibuf_merges_delete,0,0,0.000000,enabled
1782984669.699,2026-07-02 09:31:09.701,ibuf_merges_delete_mark,0,0,0.000000,enabled
1782984669.699,2026-07-02 09:31:09.701,ibuf_merges_discard_delete,0,0,0.000000,enabled
1782984669.699,2026-07-02 09:31:09.701,ibuf_merges_discard_delete_mark,0,0,0.000000,enabled
1782984669.699,2026-07-02 09:31:09.701,ibuf_merges_discard_insert,0,0,0.000000,enabled
1782984669.699,2026-07-02 09:31:09.701,ibuf_merges_insert,0,0,0.000000,enabled
1782984669.699,2026-07-02 09:31:09.701,ibuf_size,1,1,0.000445,enabled
1782984669.699,2026-07-02 09:31:09.701,innodb_activity_count,17652173,17652173,7858.483348,enabled
1782984669.699,2026-07-02 09:31:09.701,innodb_dblwr_pages_written,24426639,24426639,10874.374187,enabled
1782984669.699,2026-07-02 09:31:09.701,innodb_dblwr_writes,498723,498723,222.024017,enabled
1782984669.699,2026-07-02 09:31:09.701,innodb_page_size,16384,16384,0.000000,enabled
1782984669.699,2026-07-02 09:31:09.701,innodb_rwlock_sx_os_waits,0,0,0.000000,enabled
1782984669.699,2026-07-02 09:31:09.701,innodb_rwlock_sx_spin_rounds,0,0,0.000000,enabled
1782984669.699,2026-07-02 09:31:09.701,innodb_rwlock_sx_spin_waits,0,0,0.000000,enabled
1782984669.699,2026-07-02 09:31:09.701,innodb_rwlock_s_os_waits,0,0,0.000000,enabled
1782984669.699,2026-07-02 09:31:09.701,innodb_rwlock_s_spin_rounds,0,0,0.000000,enabled
1782984669.699,2026-07-02 09:31:09.701,innodb_rwlock_s_spin_waits,0,0,0.000000,enabled
1782984669.699,2026-07-02 09:31:09.701,innodb_rwlock_x_os_waits,0,0,0.000000,enabled
1782984669.699,2026-07-02 09:31:09.701,innodb_rwlock_x_spin_rounds,0,0,0.000000,enabled
1782984669.699,2026-07-02 09:31:09.701,innodb_rwlock_x_spin_waits,0,0,0.000000,enabled
1782984669.699,2026-07-02 09:31:09.701,lock_deadlocks,0,0,0.000000,enabled
1782984669.699,2026-07-02 09:31:09.701,lock_deadlock_false_positives,0,0,0.000000,enabled
1782984669.699,2026-07-02 09:31:09.701,lock_deadlock_rounds,2483,2483,1.105395,enabled
1782984669.699,2026-07-02 09:31:09.701,lock_rec_grant_attempts,425,425,0.189204,enabled
1782984669.699,2026-07-02 09:31:09.701,lock_rec_release_attempts,39004274,39004274,17364.122788,enabled
1782984669.699,2026-07-02 09:31:09.701,lock_row_lock_current_waits,0,0,0.000000,enabled
1782984669.699,2026-07-02 09:31:09.701,lock_row_lock_time,323,323,0.143795,enabled
1782984669.699,2026-07-02 09:31:09.701,lock_row_lock_time_avg,0,0,0.000000,enabled
1782984669.699,2026-07-02 09:31:09.701,lock_row_lock_time_max,29,29,0.000000,enabled
1782984669.699,2026-07-02 09:31:09.701,lock_row_lock_waits,425,425,0.189204,enabled
1782984669.699,2026-07-02 09:31:09.701,lock_schedule_refreshes,2483,2483,1.105395,enabled
1782984669.699,2026-07-02 09:31:09.701,lock_threads_waiting,0,0,0.000000,enabled
1782984669.699,2026-07-02 09:31:09.701,lock_timeouts,0,0,0.000000,enabled
1782984669.699,2026-07-02 09:31:09.701,log_waits,0,0,0.000000,enabled
1782984669.699,2026-07-02 09:31:09.701,log_writes,194581764,194581764,86624.894542,enabled
1782984669.699,2026-07-02 09:31:09.701,log_write_requests,402853603,402853603,179344.406098,enabled
1782984669.699,2026-07-02 09:31:09.701,os_data_fsyncs,53132685,53132685,23653.878391,enabled
1782984669.699,2026-07-02 09:31:09.701,os_data_reads,72386816,72386816,32225.530204,enabled
1782984669.699,2026-07-02 09:31:09.701,os_data_writes,219837493,219837493,97868.371018,enabled
1782984669.699,2026-07-02 09:31:09.701,os_log_bytes_written,124179761152,124179761152,55282976.244269,enabled
1782984669.699,2026-07-02 09:31:09.701,os_log_fsyncs,46528629,46528629,20713.851159,enabled
1782984669.699,2026-07-02 09:31:09.701,os_log_pending_fsyncs,0,0,0.000000,enabled
1782984669.699,2026-07-02 09:31:09.701,os_log_pending_writes,1,1,0.000445,enabled
1782984669.699,2026-07-02 09:31:09.701,trx_rseg_history_len,513,513,0.000000,enabled
1782984670.769,2026-07-02 09:31:10.770,adaptive_hash_searches,0,0,0.000000,enabled
1782984670.769,2026-07-02 09:31:10.770,adaptive_hash_searches_btree,587443966,587443966,261396.770924,enabled
1782984670.769,2026-07-02 09:31:10.770,buffer_data_reads,1181996190208,1181996190208,525956587.537823,enabled
1782984670.769,2026-07-02 09:31:10.770,buffer_data_written,560881514496,560881514496,249577223.346187,enabled
1782984670.769,2026-07-02 09:31:10.770,buffer_pages0_read,7,7,0.003115,enabled
1782984670.769,2026-07-02 09:31:10.770,buffer_pages_created,1812351,1812351,806.447570,enabled
1782984670.769,2026-07-02 09:31:10.770,buffer_pages_read,72347150,72347150,32192.540474,enabled
1782984670.769,2026-07-02 09:31:10.770,buffer_pages_written,24501876,24501876,10902.677401,enabled
1782984670.769,2026-07-02 09:31:10.770,buffer_pool_bytes_data,12854476800,12854476800,0.000000,enabled
1782984670.769,2026-07-02 09:31:10.770,buffer_pool_bytes_dirty,4642848768,4642848768,0.000000,enabled
1782984670.769,2026-07-02 09:31:10.770,buffer_pool_pages_data,784575,784575,0.000000,enabled
1782984670.769,2026-07-02 09:31:10.770,buffer_pool_pages_dirty,283377,283377,0.000000,enabled
1782984670.769,2026-07-02 09:31:10.770,buffer_pool_pages_flushed,24444806,24444806,0.000000,enabled
1782984670.769,2026-07-02 09:31:10.770,buffer_pool_pages_free,1761,1761,0.000000,enabled
1782984670.769,2026-07-02 09:31:10.770,buffer_pool_pages_lru_flushed,0,0,0.000000,enabled
1782984670.769,2026-07-02 09:31:10.770,buffer_pool_pages_misc,97,97,0.000000,enabled
1782984670.769,2026-07-02 09:31:10.770,buffer_pool_pages_total,786432,786432,0.000000,enabled
1782984670.769,2026-07-02 09:31:10.770,buffer_pool_reads,71453559,71453559,31794.917522,enabled
1782984670.769,2026-07-02 09:31:10.770,buffer_pool_read_ahead,803715,803715,357.631617,enabled
1782984670.769,2026-07-02 09:31:10.770,buffer_pool_read_ahead_evicted,25,25,0.011124,enabled
1782984670.769,2026-07-02 09:31:10.770,buffer_pool_read_requests,2828010066,2828010066,1258388.631423,enabled
1782984670.769,2026-07-02 09:31:10.770,buffer_pool_size,12884901888,12884901888,0.000000,enabled
1782984670.769,2026-07-02 09:31:10.770,buffer_pool_wait_free,18945,18945,8.430017,enabled
1782984670.769,2026-07-02 09:31:10.770,buffer_pool_write_requests,598367935,598367935,266257.682508,enabled
1782984670.769,2026-07-02 09:31:10.770,dml_deletes,12837587,12837587,5712.380895,enabled
1782984670.769,2026-07-02 09:31:10.770,dml_inserts,112722989,112722989,50158.698004,enabled
1782984670.769,2026-07-02 09:31:10.770,dml_system_deletes,468,468,0.208247,enabled
1782984670.769,2026-07-02 09:31:10.770,dml_system_inserts,1202,1202,0.534858,enabled
1782984670.769,2026-07-02 09:31:10.770,dml_system_reads,7661,7661,3.408939,enabled
1782984670.769,2026-07-02 09:31:10.770,dml_system_updates,620,620,0.275883,enabled
1782984670.769,2026-07-02 09:31:10.770,dml_updates,25675287,25675287,11424.812063,enabled
1782984670.769,2026-07-02 09:31:10.770,file_num_open_files,35,35,0.000000,enabled
1782984670.769,2026-07-02 09:31:10.770,ibuf_merges,0,0,0.000000,enabled
1782984670.769,2026-07-02 09:31:10.770,ibuf_merges_delete,0,0,0.000000,enabled
1782984670.769,2026-07-02 09:31:10.770,ibuf_merges_delete_mark,0,0,0.000000,enabled
1782984670.769,2026-07-02 09:31:10.770,ibuf_merges_discard_delete,0,0,0.000000,enabled
1782984670.769,2026-07-02 09:31:10.770,ibuf_merges_discard_delete_mark,0,0,0.000000,enabled
1782984670.769,2026-07-02 09:31:10.770,ibuf_merges_discard_insert,0,0,0.000000,enabled
1782984670.769,2026-07-02 09:31:10.770,ibuf_merges_insert,0,0,0.000000,enabled
1782984670.769,2026-07-02 09:31:10.770,ibuf_size,1,1,0.000445,enabled
1782984670.769,2026-07-02 09:31:10.770,innodb_activity_count,17657729,17657729,7857.214563,enabled
1782984670.769,2026-07-02 09:31:10.770,innodb_dblwr_pages_written,24442625,24442625,10876.310758,enabled
1782984670.769,2026-07-02 09:31:10.770,innodb_dblwr_writes,499083,499083,222.078513,enabled
1782984670.769,2026-07-02 09:31:10.770,innodb_page_size,16384,16384,0.000000,enabled
1782984670.769,2026-07-02 09:31:10.770,innodb_rwlock_sx_os_waits,0,0,0.000000,enabled
1782984670.769,2026-07-02 09:31:10.770,innodb_rwlock_sx_spin_rounds,0,0,0.000000,enabled
1782984670.769,2026-07-02 09:31:10.770,innodb_rwlock_sx_spin_waits,0,0,0.000000,enabled
1782984670.769,2026-07-02 09:31:10.770,innodb_rwlock_s_os_waits,0,0,0.000000,enabled
1782984670.769,2026-07-02 09:31:10.770,innodb_rwlock_s_spin_rounds,0,0,0.000000,enabled
1782984670.769,2026-07-02 09:31:10.770,innodb_rwlock_s_spin_waits,0,0,0.000000,enabled
1782984670.769,2026-07-02 09:31:10.770,innodb_rwlock_x_os_waits,0,0,0.000000,enabled
1782984670.769,2026-07-02 09:31:10.770,innodb_rwlock_x_spin_rounds,0,0,0.000000,enabled
1782984670.769,2026-07-02 09:31:10.770,innodb_rwlock_x_spin_waits,0,0,0.000000,enabled
1782984670.769,2026-07-02 09:31:10.770,lock_deadlocks,0,0,0.000000,enabled
1782984670.769,2026-07-02 09:31:10.770,lock_deadlock_false_positives,0,0,0.000000,enabled
1782984670.769,2026-07-02 09:31:10.770,lock_deadlock_rounds,2484,2484,1.105313,enabled
1782984670.769,2026-07-02 09:31:10.770,lock_rec_grant_attempts,425,425,0.189114,enabled
1782984670.769,2026-07-02 09:31:10.770,lock_rec_release_attempts,39018992,39018992,17362.405239,enabled
1782984670.769,2026-07-02 09:31:10.770,lock_row_lock_current_waits,0,0,0.000000,enabled
1782984670.769,2026-07-02 09:31:10.770,lock_row_lock_time,323,323,0.143726,enabled
1782984670.769,2026-07-02 09:31:10.770,lock_row_lock_time_avg,0,0,0.000000,enabled
1782984670.769,2026-07-02 09:31:10.770,lock_row_lock_time_max,29,29,0.000000,enabled
1782984670.769,2026-07-02 09:31:10.770,lock_row_lock_waits,425,425,0.189114,enabled
1782984670.769,2026-07-02 09:31:10.770,lock_schedule_refreshes,2484,2484,1.105313,enabled
1782984670.769,2026-07-02 09:31:10.770,lock_threads_waiting,0,0,0.000000,enabled
1782984670.769,2026-07-02 09:31:10.770,lock_timeouts,0,0,0.000000,enabled
1782984670.769,2026-07-02 09:31:10.770,log_waits,0,0,0.000000,enabled
1782984670.769,2026-07-02 09:31:10.770,log_writes,194662067,194662067,86619.389127,enabled
1782984670.769,2026-07-02 09:31:10.770,log_write_requests,402935908,402935908,179295.652045,enabled
1782984670.769,2026-07-02 09:31:10.770,os_data_fsyncs,53166361,53166361,23657.602688,enabled
1782984670.769,2026-07-02 09:31:10.770,os_data_reads,72443215,72443215,32235.285027,enabled
1782984670.769,2026-07-02 09:31:10.770,os_data_writes,219934067,219934067,97864.752840,enabled
1782984670.769,2026-07-02 09:31:10.770,os_log_bytes_written,124221578752,124221578752,55275266.078328,enabled
1782984670.769,2026-07-02 09:31:10.770,os_log_fsyncs,46557388,46557388,20716.787160,enabled
1782984670.769,2026-07-02 09:31:10.770,os_log_pending_fsyncs,1,1,0.000445,enabled
1782984670.769,2026-07-02 09:31:10.770,os_log_pending_writes,1,1,0.000445,enabled
1782984670.769,2026-07-02 09:31:10.770,trx_rseg_history_len,415,415,0.000000,enabled
1782984671.838,2026-07-02 09:31:11.840,adaptive_hash_searches,0,0,0.000000,enabled
1782984671.838,2026-07-02 09:31:11.840,adaptive_hash_searches_btree,587610981,587610981,261346.821405,enabled
1782984671.838,2026-07-02 09:31:11.840,buffer_data_reads,1182923262464,1182923262464,526118943.863938,enabled
1782984671.838,2026-07-02 09:31:11.840,buffer_data_written,561192127488,561192127488,249596756.244751,enabled
1782984671.838,2026-07-02 09:31:11.840,buffer_pages0_read,7,7,0.003113,enabled
1782984671.838,2026-07-02 09:31:11.840,buffer_pages_created,1812387,1812387,806.080303,enabled
1782984671.838,2026-07-02 09:31:11.840,buffer_pages_read,72403882,72403882,32202.472638,enabled
1782984671.838,2026-07-02 09:31:11.840,buffer_pages_written,24517929,24517929,10904.635477,enabled
1782984671.838,2026-07-02 09:31:11.840,buffer_pool_bytes_data,12857966592,12857966592,0.000000,enabled
1782984671.838,2026-07-02 09:31:11.840,buffer_pool_bytes_dirty,4646584320,4646584320,0.000000,enabled
1782984671.838,2026-07-02 09:31:11.840,buffer_pool_pages_data,784787,784787,0.000000,enabled
1782984671.838,2026-07-02 09:31:11.840,buffer_pool_pages_dirty,283605,283605,0.000000,enabled
1782984671.838,2026-07-02 09:31:11.840,buffer_pool_pages_flushed,24460859,24460859,0.000000,enabled
1782984671.838,2026-07-02 09:31:11.840,buffer_pool_pages_free,1548,1548,0.000000,enabled
1782984671.838,2026-07-02 09:31:11.840,buffer_pool_pages_lru_flushed,0,0,0.000000,enabled
1782984671.838,2026-07-02 09:31:11.840,buffer_pool_pages_misc,96,96,0.000000,enabled
1782984671.838,2026-07-02 09:31:11.840,buffer_pool_pages_total,786432,786432,0.000000,enabled
1782984671.838,2026-07-02 09:31:11.840,buffer_pool_reads,71510235,71510235,31805.013787,enabled
1782984671.838,2026-07-02 09:31:11.840,buffer_pool_read_ahead,803715,803715,357.461647,enabled
1782984671.838,2026-07-02 09:31:11.840,buffer_pool_read_ahead_evicted,25,25,0.011119,enabled
1782984671.838,2026-07-02 09:31:11.840,buffer_pool_read_requests,2828837268,2828837268,1258158.469929,enabled
1782984671.838,2026-07-02 09:31:11.840,buffer_pool_size,12884901888,12884901888,0.000000,enabled
1782984671.838,2026-07-02 09:31:11.840,buffer_pool_wait_free,18945,18945,8.426010,enabled
1782984671.838,2026-07-02 09:31:11.840,buffer_pool_write_requests,598480617,598480617,266181.255921,enabled
1782984671.838,2026-07-02 09:31:11.840,dml_deletes,12842413,12842413,5711.812474,enabled
1782984671.838,2026-07-02 09:31:11.840,dml_inserts,112727814,112727814,50137.005770,enabled
1782984671.838,2026-07-02 09:31:11.840,dml_system_deletes,468,468,0.208148,enabled
1782984671.838,2026-07-02 09:31:11.840,dml_system_inserts,1202,1202,0.534603,enabled
1782984671.838,2026-07-02 09:31:11.840,dml_system_reads,7661,7661,3.407319,enabled
1782984671.838,2026-07-02 09:31:11.840,dml_system_updates,620,620,0.275752,enabled
1782984671.838,2026-07-02 09:31:11.840,dml_updates,25684939,25684939,11423.675196,enabled
1782984671.838,2026-07-02 09:31:11.840,file_num_open_files,35,35,0.000000,enabled
1782984671.838,2026-07-02 09:31:11.840,ibuf_merges,0,0,0.000000,enabled
1782984671.838,2026-07-02 09:31:11.840,ibuf_merges_delete,0,0,0.000000,enabled
1782984671.838,2026-07-02 09:31:11.840,ibuf_merges_delete_mark,0,0,0.000000,enabled
1782984671.838,2026-07-02 09:31:11.840,ibuf_merges_discard_delete,0,0,0.000000,enabled
1782984671.838,2026-07-02 09:31:11.840,ibuf_merges_discard_delete_mark,0,0,0.000000,enabled
1782984671.838,2026-07-02 09:31:11.840,ibuf_merges_discard_insert,0,0,0.000000,enabled
1782984671.838,2026-07-02 09:31:11.840,ibuf_merges_insert,0,0,0.000000,enabled
1782984671.838,2026-07-02 09:31:11.840,ibuf_size,1,1,0.000445,enabled
1782984671.838,2026-07-02 09:31:11.840,innodb_activity_count,17663273,17663273,7855.946114,enabled
1782984671.838,2026-07-02 09:31:11.840,innodb_dblwr_pages_written,24458678,24458678,10878.281463,enabled
1782984671.838,2026-07-02 09:31:11.840,innodb_dblwr_writes,499434,499434,222.129079,enabled
1782984671.838,2026-07-02 09:31:11.840,innodb_page_size,16384,16384,0.000000,enabled
1782984671.838,2026-07-02 09:31:11.840,innodb_rwlock_sx_os_waits,0,0,0.000000,enabled
1782984671.838,2026-07-02 09:31:11.840,innodb_rwlock_sx_spin_rounds,0,0,0.000000,enabled
1782984671.838,2026-07-02 09:31:11.840,innodb_rwlock_sx_spin_waits,0,0,0.000000,enabled
1782984671.838,2026-07-02 09:31:11.840,innodb_rwlock_s_os_waits,0,0,0.000000,enabled
1782984671.838,2026-07-02 09:31:11.840,innodb_rwlock_s_spin_rounds,0,0,0.000000,enabled
1782984671.838,2026-07-02 09:31:11.840,innodb_rwlock_s_spin_waits,0,0,0.000000,enabled
1782984671.838,2026-07-02 09:31:11.840,innodb_rwlock_x_os_waits,0,0,0.000000,enabled
1782984671.838,2026-07-02 09:31:11.840,innodb_rwlock_x_spin_rounds,0,0,0.000000,enabled
1782984671.838,2026-07-02 09:31:11.840,innodb_rwlock_x_spin_waits,0,0,0.000000,enabled
1782984671.838,2026-07-02 09:31:11.840,lock_deadlocks,0,0,0.000000,enabled
1782984671.838,2026-07-02 09:31:11.840,lock_deadlock_false_positives,0,0,0.000000,enabled
1782984671.838,2026-07-02 09:31:11.840,lock_deadlock_rounds,2485,2485,1.105233,enabled
1782984671.838,2026-07-02 09:31:11.840,lock_rec_grant_attempts,425,425,0.189024,enabled
1782984671.838,2026-07-02 09:31:11.840,lock_rec_release_attempts,39033677,39033677,17360.684804,enabled
1782984671.838,2026-07-02 09:31:11.840,lock_row_lock_current_waits,0,0,0.000000,enabled
1782984671.838,2026-07-02 09:31:11.840,lock_row_lock_time,323,323,0.143658,enabled
1782984671.838,2026-07-02 09:31:11.840,lock_row_lock_time_avg,0,0,0.000000,enabled
1782984671.838,2026-07-02 09:31:11.840,lock_row_lock_time_max,29,29,0.000000,enabled
1782984671.838,2026-07-02 09:31:11.840,lock_row_lock_waits,425,425,0.189024,enabled
1782984671.838,2026-07-02 09:31:11.840,lock_schedule_refreshes,2485,2485,1.105233,enabled
1782984671.838,2026-07-02 09:31:11.840,lock_threads_waiting,0,0,0.000000,enabled
1782984671.838,2026-07-02 09:31:11.840,lock_timeouts,0,0,0.000000,enabled
1782984671.838,2026-07-02 09:31:11.840,log_waits,0,0,0.000000,enabled
1782984671.838,2026-07-02 09:31:11.840,log_writes,194741524,194741524,86613.561377,enabled
1782984671.838,2026-07-02 09:31:11.840,log_write_requests,403017897,403017897,179246.904612,enabled
1782984671.838,2026-07-02 09:31:11.840,os_data_fsyncs,53199247,53199247,23660.985458,enabled
1782984671.838,2026-07-02 09:31:11.840,os_data_reads,72499777,72499777,32245.121282,enabled
1782984671.838,2026-07-02 09:31:11.840,os_data_writes,220029808,220029808,97860.822937,enabled
1782984671.838,2026-07-02 09:31:11.840,os_log_bytes_written,124263233024,124263233024,55267521.819587,enabled
1782984671.838,2026-07-02 09:31:11.840,os_log_fsyncs,46585594,46585594,20719.486114,enabled
1782984671.838,2026-07-02 09:31:11.840,os_log_pending_fsyncs,1,1,0.000445,enabled
1782984671.838,2026-07-02 09:31:11.840,os_log_pending_writes,0,0,0.000000,enabled
1782984671.838,2026-07-02 09:31:11.840,trx_rseg_history_len,421,421,0.000000,enabled
1782984672.907,2026-07-02 09:31:12.908,adaptive_hash_searches,0,0,0.000000,enabled
1782984672.907,2026-07-02 09:31:12.908,adaptive_hash_searches_btree,587777692,587777692,261296.491563,enabled
1782984672.907,2026-07-02 09:31:12.908,buffer_data_reads,1183851317760,1183851317760,526280999.426191,enabled
1782984672.907,2026-07-02 09:31:12.908,buffer_data_written,561506660864,561506660864,249617736.640047,enabled
1782984672.907,2026-07-02 09:31:12.908,buffer_pages0_read,7,7,0.003112,enabled
1782984672.907,2026-07-02 09:31:12.908,buffer_pages_created,1812422,1812422,805.712048,enabled
1782984672.907,2026-07-02 09:31:12.908,buffer_pages_read,72460686,72460686,32212.391662,enabled
1782984672.907,2026-07-02 09:31:12.908,buffer_pages_written,24534240,24534240,10906.694297,enabled
1782984672.907,2026-07-02 09:31:12.908,buffer_pool_bytes_data,12849332224,12849332224,0.000000,enabled
1782984672.907,2026-07-02 09:31:12.908,buffer_pool_bytes_dirty,4644421632,4644421632,0.000000,enabled
1782984672.907,2026-07-02 09:31:12.908,buffer_pool_pages_data,784261,784261,0.000000,enabled
1782984672.907,2026-07-02 09:31:12.908,buffer_pool_pages_dirty,283473,283473,0.000000,enabled
1782984672.907,2026-07-02 09:31:12.908,buffer_pool_pages_flushed,24477170,24477170,0.000000,enabled
1782984672.907,2026-07-02 09:31:12.908,buffer_pool_pages_free,2078,2078,0.000000,enabled
1782984672.907,2026-07-02 09:31:12.908,buffer_pool_pages_lru_flushed,0,0,0.000000,enabled
1782984672.907,2026-07-02 09:31:12.908,buffer_pool_pages_misc,96,96,0.000000,enabled
1782984672.907,2026-07-02 09:31:12.908,buffer_pool_pages_total,786432,786432,0.000000,enabled
1782984672.907,2026-07-02 09:31:12.908,buffer_pool_reads,71566984,71566984,31815.097586,enabled
1782984672.907,2026-07-02 09:31:12.908,buffer_pool_read_ahead,803715,803715,357.291442,enabled
1782984672.907,2026-07-02 09:31:12.908,buffer_pool_read_ahead_evicted,25,25,0.011114,enabled
1782984672.907,2026-07-02 09:31:12.908,buffer_pool_read_requests,2829663788,2829663788,1257926.826758,enabled
1782984672.907,2026-07-02 09:31:12.908,buffer_pool_size,12884901888,12884901888,0.000000,enabled
1782984672.907,2026-07-02 09:31:12.908,buffer_pool_wait_free,18945,18945,8.421998,enabled
1782984672.907,2026-07-02 09:31:12.908,buffer_pool_write_requests,598593192,598593192,266104.558863,enabled
1782984672.907,2026-07-02 09:31:12.908,dml_deletes,12847223,12847223,5711.231059,enabled
1782984672.907,2026-07-02 09:31:12.908,dml_inserts,112732625,112732625,50115.271605,enabled
1782984672.907,2026-07-02 09:31:12.908,dml_system_deletes,468,468,0.208049,enabled
1782984672.907,2026-07-02 09:31:12.908,dml_system_inserts,1202,1202,0.534349,enabled
1782984672.907,2026-07-02 09:31:12.908,dml_system_reads,7661,7661,3.405696,enabled
1782984672.907,2026-07-02 09:31:12.908,dml_system_updates,620,620,0.275621,enabled
1782984672.907,2026-07-02 09:31:12.908,dml_updates,25694561,25694561,11422.513230,enabled
1782984672.907,2026-07-02 09:31:12.908,file_num_open_files,35,35,0.000000,enabled
1782984672.907,2026-07-02 09:31:12.908,ibuf_merges,0,0,0.000000,enabled
1782984672.907,2026-07-02 09:31:12.908,ibuf_merges_delete,0,0,0.000000,enabled
1782984672.907,2026-07-02 09:31:12.908,ibuf_merges_delete_mark,0,0,0.000000,enabled
1782984672.907,2026-07-02 09:31:12.908,ibuf_merges_discard_delete,0,0,0.000000,enabled
1782984672.907,2026-07-02 09:31:12.908,ibuf_merges_discard_delete_mark,0,0,0.000000,enabled
1782984672.907,2026-07-02 09:31:12.908,ibuf_merges_discard_insert,0,0,0.000000,enabled
1782984672.907,2026-07-02 09:31:12.908,ibuf_merges_insert,0,0,0.000000,enabled
1782984672.907,2026-07-02 09:31:12.908,ibuf_size,1,1,0.000445,enabled
1782984672.907,2026-07-02 09:31:12.908,innodb_activity_count,17668803,17668803,7854.663839,enabled
1782984672.907,2026-07-02 09:31:12.908,innodb_dblwr_pages_written,24474989,24474989,10880.352782,enabled
1782984672.907,2026-07-02 09:31:12.908,innodb_dblwr_writes,499782,499782,222.178015,enabled
1782984672.907,2026-07-02 09:31:12.908,innodb_page_size,16384,16384,0.000000,enabled
1782984672.907,2026-07-02 09:31:12.908,innodb_rwlock_sx_os_waits,0,0,0.000000,enabled
1782984672.907,2026-07-02 09:31:12.908,innodb_rwlock_sx_spin_rounds,0,0,0.000000,enabled
1782984672.907,2026-07-02 09:31:12.908,innodb_rwlock_sx_spin_waits,0,0,0.000000,enabled
1782984672.907,2026-07-02 09:31:12.908,innodb_rwlock_s_os_waits,0,0,0.000000,enabled
1782984672.907,2026-07-02 09:31:12.908,innodb_rwlock_s_spin_rounds,0,0,0.000000,enabled
1782984672.907,2026-07-02 09:31:12.908,innodb_rwlock_s_spin_waits,0,0,0.000000,enabled
1782984672.907,2026-07-02 09:31:12.908,innodb_rwlock_x_os_waits,0,0,0.000000,enabled
1782984672.907,2026-07-02 09:31:12.908,innodb_rwlock_x_spin_rounds,0,0,0.000000,enabled
1782984672.907,2026-07-02 09:31:12.908,innodb_rwlock_x_spin_waits,0,0,0.000000,enabled
1782984672.907,2026-07-02 09:31:12.908,lock_deadlocks,0,0,0.000000,enabled
1782984672.907,2026-07-02 09:31:12.908,lock_deadlock_false_positives,0,0,0.000000,enabled
1782984672.907,2026-07-02 09:31:12.908,lock_deadlock_rounds,2486,2486,1.105151,enabled
1782984672.907,2026-07-02 09:31:12.908,lock_rec_grant_attempts,425,425,0.188934,enabled
1782984672.907,2026-07-02 09:31:12.908,lock_rec_release_attempts,39048344,39048344,17358.938722,enabled
1782984672.907,2026-07-02 09:31:12.908,lock_row_lock_current_waits,0,0,0.000000,enabled
1782984672.907,2026-07-02 09:31:12.908,lock_row_lock_time,323,323,0.143590,enabled
1782984672.907,2026-07-02 09:31:12.908,lock_row_lock_time_avg,0,0,0.000000,enabled
1782984672.907,2026-07-02 09:31:12.908,lock_row_lock_time_max,29,29,0.000000,enabled
1782984672.907,2026-07-02 09:31:12.908,lock_row_lock_waits,425,425,0.188934,enabled
1782984672.907,2026-07-02 09:31:12.908,lock_schedule_refreshes,2486,2486,1.105151,enabled
1782984672.907,2026-07-02 09:31:12.908,lock_threads_waiting,0,0,0.000000,enabled
1782984672.907,2026-07-02 09:31:12.908,lock_timeouts,0,0,0.000000,enabled
1782984672.907,2026-07-02 09:31:12.908,log_waits,0,0,0.000000,enabled
1782984672.907,2026-07-02 09:31:12.908,log_writes,194820166,194820166,86607.280278,enabled
1782984672.907,2026-07-02 09:31:12.908,log_write_requests,403099739,403099739,179197.938392,enabled
1782984672.907,2026-07-02 09:31:12.908,os_data_fsyncs,53231956,53231956,23664.260009,enabled
1782984672.907,2026-07-02 09:31:12.908,os_data_reads,72556429,72556429,32254.952343,enabled
1782984672.907,2026-07-02 09:31:12.908,os_data_writes,220125036,220125036,97856.559896,enabled
1782984672.907,2026-07-02 09:31:12.908,os_log_bytes_written,124304342528,124304342528,55259481.297451,enabled
1782984672.907,2026-07-02 09:31:12.908,os_log_fsyncs,46613482,46613482,20722.018095,enabled
1782984672.907,2026-07-02 09:31:12.908,os_log_pending_fsyncs,1,1,0.000445,enabled
1782984672.907,2026-07-02 09:31:12.908,os_log_pending_writes,0,0,0.000000,enabled
1782984672.907,2026-07-02 09:31:12.908,trx_rseg_history_len,430,430,0.000000,enabled
1782984673.978,2026-07-02 09:31:13.980,adaptive_hash_searches,0,0,0.000000,enabled
1782984673.978,2026-07-02 09:31:13.980,adaptive_hash_searches_btree,587945278,587945278,261246.478306,enabled
1782984673.978,2026-07-02 09:31:13.980,buffer_data_reads,1184782191104,1184782191104,526443907.681319,enabled
1782984673.978,2026-07-02 09:31:13.980,buffer_data_written,561814774272,561814774272,249635728.132156,enabled
1782984673.978,2026-07-02 09:31:13.980,buffer_pages0_read,7,7,0.003110,enabled
1782984673.978,2026-07-02 09:31:13.980,buffer_pages_created,1812465,1812465,805.347322,enabled
1782984673.978,2026-07-02 09:31:13.980,buffer_pages_read,72517653,72517653,32222.358651,enabled
1782984673.978,2026-07-02 09:31:13.980,buffer_pages_written,24550121,24550121,10908.555001,enabled
1782984673.978,2026-07-02 09:31:13.980,buffer_pool_bytes_data,12850053120,12850053120,0.000000,enabled
1782984673.978,2026-07-02 09:31:13.980,buffer_pool_bytes_dirty,4651991040,4651991040,0.000000,enabled
1782984673.978,2026-07-02 09:31:13.980,buffer_pool_pages_data,784305,784305,0.000000,enabled
1782984673.978,2026-07-02 09:31:13.980,buffer_pool_pages_dirty,283935,283935,0.000000,enabled
1782984673.978,2026-07-02 09:31:13.980,buffer_pool_pages_flushed,24493005,24493005,0.000000,enabled
1782984673.978,2026-07-02 09:31:13.980,buffer_pool_pages_free,2030,2030,0.000000,enabled
1782984673.978,2026-07-02 09:31:13.980,buffer_pool_pages_lru_flushed,0,0,0.000000,enabled
1782984673.978,2026-07-02 09:31:13.980,buffer_pool_pages_misc,97,97,0.000000,enabled
1782984673.978,2026-07-02 09:31:13.980,buffer_pool_pages_total,786432,786432,0.000000,enabled
1782984673.978,2026-07-02 09:31:13.980,buffer_pool_reads,71623897,71623897,31825.229821,enabled
1782984673.978,2026-07-02 09:31:13.980,buffer_pool_read_ahead,803715,803715,357.121232,enabled
1782984673.978,2026-07-02 09:31:13.980,buffer_pool_read_ahead_evicted,25,25,0.011108,enabled
1782984673.978,2026-07-02 09:31:13.980,buffer_pool_read_requests,2830495121,2830495121,1257696.956321,enabled
1782984673.978,2026-07-02 09:31:13.980,buffer_pool_size,12884901888,12884901888,0.000000,enabled
1782984673.978,2026-07-02 09:31:13.980,buffer_pool_wait_free,18945,18945,8.417986,enabled
1782984673.978,2026-07-02 09:31:13.980,buffer_pool_write_requests,598707249,598707249,266028.469249,enabled
1782984673.978,2026-07-02 09:31:13.980,dml_deletes,12852056,12852056,5710.657772,enabled
1782984673.978,2026-07-02 09:31:13.980,dml_inserts,112737459,112737459,50093.545113,enabled
1782984673.978,2026-07-02 09:31:13.980,dml_system_deletes,468,468,0.207950,enabled
1782984673.978,2026-07-02 09:31:13.980,dml_system_inserts,1202,1202,0.534094,enabled
1782984673.978,2026-07-02 09:31:13.980,dml_system_reads,7661,7661,3.404074,enabled
1782984673.978,2026-07-02 09:31:13.980,dml_system_updates,620,620,0.275490,enabled
1782984673.978,2026-07-02 09:31:13.980,dml_updates,25704229,25704229,11421.367522,enabled
1782984673.978,2026-07-02 09:31:13.980,file_num_open_files,35,35,0.000000,enabled
1782984673.978,2026-07-02 09:31:13.980,ibuf_merges,0,0,0.000000,enabled
1782984673.978,2026-07-02 09:31:13.980,ibuf_merges_delete,0,0,0.000000,enabled
1782984673.978,2026-07-02 09:31:13.980,ibuf_merges_delete_mark,0,0,0.000000,enabled
1782984673.978,2026-07-02 09:31:13.980,ibuf_merges_discard_delete,0,0,0.000000,enabled
1782984673.978,2026-07-02 09:31:13.980,ibuf_merges_discard_delete_mark,0,0,0.000000,enabled
1782984673.978,2026-07-02 09:31:13.980,ibuf_merges_discard_insert,0,0,0.000000,enabled
1782984673.978,2026-07-02 09:31:13.980,ibuf_merges_insert,0,0,0.000000,enabled
1782984673.978,2026-07-02 09:31:13.980,ibuf_size,1,1,0.000444,enabled
1782984673.978,2026-07-02 09:31:13.980,innodb_activity_count,17674361,17674361,7853.391602,enabled
1782984673.978,2026-07-02 09:31:13.980,innodb_dblwr_pages_written,24490879,24490879,10882.230037,enabled
1782984673.978,2026-07-02 09:31:13.980,innodb_dblwr_writes,500146,500146,222.233911,enabled
1782984673.978,2026-07-02 09:31:13.980,innodb_page_size,16384,16384,0.000000,enabled
1782984673.978,2026-07-02 09:31:13.980,innodb_rwlock_sx_os_waits,0,0,0.000000,enabled
1782984673.978,2026-07-02 09:31:13.980,innodb_rwlock_sx_spin_rounds,0,0,0.000000,enabled
1782984673.978,2026-07-02 09:31:13.980,innodb_rwlock_sx_spin_waits,0,0,0.000000,enabled
1782984673.978,2026-07-02 09:31:13.980,innodb_rwlock_s_os_waits,0,0,0.000000,enabled
1782984673.978,2026-07-02 09:31:13.980,innodb_rwlock_s_spin_rounds,0,0,0.000000,enabled
1782984673.978,2026-07-02 09:31:13.980,innodb_rwlock_s_spin_waits,0,0,0.000000,enabled
1782984673.978,2026-07-02 09:31:13.980,innodb_rwlock_x_os_waits,0,0,0.000000,enabled
1782984673.978,2026-07-02 09:31:13.980,innodb_rwlock_x_spin_rounds,0,0,0.000000,enabled
1782984673.978,2026-07-02 09:31:13.980,innodb_rwlock_x_spin_waits,0,0,0.000000,enabled
1782984673.978,2026-07-02 09:31:13.980,lock_deadlocks,0,0,0.000000,enabled
1782984673.978,2026-07-02 09:31:13.980,lock_deadlock_false_positives,0,0,0.000000,enabled
1782984673.978,2026-07-02 09:31:13.980,lock_deadlock_rounds,2487,2487,1.105069,enabled
1782984673.978,2026-07-02 09:31:13.980,lock_rec_grant_attempts,425,425,0.188844,enabled
1782984673.978,2026-07-02 09:31:13.980,lock_rec_release_attempts,39063036,39063036,17357.197311,enabled
1782984673.978,2026-07-02 09:31:13.980,lock_row_lock_current_waits,0,0,0.000000,enabled
1782984673.978,2026-07-02 09:31:13.980,lock_row_lock_time,323,323,0.143521,enabled
1782984673.978,2026-07-02 09:31:13.980,lock_row_lock_time_avg,0,0,0.000000,enabled
1782984673.978,2026-07-02 09:31:13.980,lock_row_lock_time_max,29,29,0.000000,enabled
1782984673.978,2026-07-02 09:31:13.980,lock_row_lock_waits,425,425,0.188844,enabled
1782984673.978,2026-07-02 09:31:13.980,lock_schedule_refreshes,2487,2487,1.105069,enabled
1782984673.978,2026-07-02 09:31:13.980,lock_threads_waiting,0,0,0.000000,enabled
1782984673.978,2026-07-02 09:31:13.980,lock_timeouts,0,0,0.000000,enabled
1782984673.978,2026-07-02 09:31:13.980,log_waits,0,0,0.000000,enabled
1782984673.978,2026-07-02 09:31:13.980,log_writes,194899750,194899750,86601.384041,enabled
1782984673.978,2026-07-02 09:31:13.980,log_write_requests,403181944,403181944,179149.097895,enabled
1782984673.978,2026-07-02 09:31:13.980,os_data_fsyncs,53264982,53264982,23667.661390,enabled
1782984673.978,2026-07-02 09:31:13.980,os_data_reads,72613234,72613234,32264.827138,enabled
1782984673.978,2026-07-02 09:31:13.980,os_data_writes,220220795,220220795,97852.491718,enabled
1782984673.978,2026-07-02 09:31:13.980,os_log_bytes_written,124346101248,124346101248,55251711.425042,enabled
1782984673.978,2026-07-02 09:31:13.980,os_log_fsyncs,46641624,46641624,20724.650967,enabled
1782984673.978,2026-07-02 09:31:13.980,os_log_pending_fsyncs,1,1,0.000444,enabled
1782984673.978,2026-07-02 09:31:13.980,os_log_pending_writes,0,0,0.000000,enabled
1782984673.978,2026-07-02 09:31:13.980,trx_rseg_history_len,446,446,0.000000,enabled
1782984675.050,2026-07-02 09:31:15.052,adaptive_hash_searches,0,0,0.000000,enabled
1782984675.050,2026-07-02 09:31:15.052,adaptive_hash_searches_btree,588111480,588111480,261196.430516,enabled
1782984675.050,2026-07-02 09:31:15.052,buffer_data_reads,1185704380928,1185704380928,526603891.877470,enabled
1782984675.050,2026-07-02 09:31:15.052,buffer_data_written,562121363968,562121363968,249653541.345545,enabled
1782984675.050,2026-07-02 09:31:15.052,buffer_pages0_read,7,7,0.003109,enabled
1782984675.050,2026-07-02 09:31:15.052,buffer_pages_created,1812504,1812504,804.982831,enabled
1782984675.050,2026-07-02 09:31:15.052,buffer_pages_read,72574095,72574095,32232.149574,enabled
1782984675.050,2026-07-02 09:31:15.052,buffer_pages_written,24565965,24565965,10910.420047,enabled
1782984675.050,2026-07-02 09:31:15.052,buffer_pool_bytes_data,12847972352,12847972352,0.000000,enabled
1782984675.050,2026-07-02 09:31:15.052,buffer_pool_bytes_dirty,4656480256,4656480256,0.000000,enabled
1782984675.050,2026-07-02 09:31:15.052,buffer_pool_pages_data,784178,784178,0.000000,enabled
1782984675.050,2026-07-02 09:31:15.052,buffer_pool_pages_dirty,284209,284209,0.000000,enabled
1782984675.050,2026-07-02 09:31:15.052,buffer_pool_pages_flushed,24508895,24508895,0.000000,enabled
1782984675.050,2026-07-02 09:31:15.052,buffer_pool_pages_free,2157,2157,0.000000,enabled
1782984675.050,2026-07-02 09:31:15.052,buffer_pool_pages_lru_flushed,0,0,0.000000,enabled
1782984675.050,2026-07-02 09:31:15.052,buffer_pool_pages_misc,97,97,0.000000,enabled
1782984675.050,2026-07-02 09:31:15.052,buffer_pool_pages_total,786432,786432,0.000000,enabled
1782984675.050,2026-07-02 09:31:15.052,buffer_pool_reads,71680286,71680286,31835.185670,enabled
1782984675.050,2026-07-02 09:31:15.052,buffer_pool_read_ahead,803715,803715,356.951923,enabled
1782984675.050,2026-07-02 09:31:15.052,buffer_pool_read_ahead_evicted,25,25,0.011103,enabled
1782984675.050,2026-07-02 09:31:15.052,buffer_pool_read_requests,2831318663,2831318663,1257466.447033,enabled
1782984675.050,2026-07-02 09:31:15.052,buffer_pool_size,12884901888,12884901888,0.000000,enabled
1782984675.050,2026-07-02 09:31:15.052,buffer_pool_wait_free,18945,18945,8.413995,enabled
1782984675.050,2026-07-02 09:31:15.052,buffer_pool_write_requests,598819420,598819420,265952.164812,enabled
1782984675.050,2026-07-02 09:31:15.052,dml_deletes,12856862,12856862,5710.084689,enabled
1782984675.050,2026-07-02 09:31:15.052,dml_inserts,112742264,112742264,50071.928603,enabled
1782984675.050,2026-07-02 09:31:15.052,dml_system_deletes,468,468,0.207852,enabled
1782984675.050,2026-07-02 09:31:15.052,dml_system_inserts,1202,1202,0.533841,enabled
1782984675.050,2026-07-02 09:31:15.052,dml_system_reads,7661,7661,3.402460,enabled
1782984675.050,2026-07-02 09:31:15.052,dml_system_updates,620,620,0.275359,enabled
1782984675.050,2026-07-02 09:31:15.052,dml_updates,25713837,25713837,11420.219553,enabled
1782984675.050,2026-07-02 09:31:15.052,file_num_open_files,35,35,0.000000,enabled
1782984675.050,2026-07-02 09:31:15.052,ibuf_merges,0,0,0.000000,enabled
1782984675.050,2026-07-02 09:31:15.052,ibuf_merges_delete,0,0,0.000000,enabled
1782984675.050,2026-07-02 09:31:15.052,ibuf_merges_delete_mark,0,0,0.000000,enabled
1782984675.050,2026-07-02 09:31:15.052,ibuf_merges_discard_delete,0,0,0.000000,enabled
1782984675.050,2026-07-02 09:31:15.052,ibuf_merges_discard_delete_mark,0,0,0.000000,enabled
1782984675.050,2026-07-02 09:31:15.052,ibuf_merges_discard_insert,0,0,0.000000,enabled
1782984675.050,2026-07-02 09:31:15.052,ibuf_merges_insert,0,0,0.000000,enabled
1782984675.050,2026-07-02 09:31:15.052,ibuf_size,1,1,0.000444,enabled
1782984675.050,2026-07-02 09:31:15.052,innodb_activity_count,17679878,17679878,7852.118383,enabled
1782984675.050,2026-07-02 09:31:15.052,innodb_dblwr_pages_written,24506714,24506714,10884.103283,enabled
1782984675.050,2026-07-02 09:31:15.052,innodb_dblwr_writes,500518,500518,222.293760,enabled
1782984675.050,2026-07-02 09:31:15.052,innodb_page_size,16384,16384,0.000000,enabled
1782984675.050,2026-07-02 09:31:15.052,innodb_rwlock_sx_os_waits,0,0,0.000000,enabled
1782984675.050,2026-07-02 09:31:15.052,innodb_rwlock_sx_spin_rounds,0,0,0.000000,enabled
1782984675.050,2026-07-02 09:31:15.052,innodb_rwlock_sx_spin_waits,0,0,0.000000,enabled
1782984675.050,2026-07-02 09:31:15.052,innodb_rwlock_s_os_waits,0,0,0.000000,enabled
1782984675.050,2026-07-02 09:31:15.052,innodb_rwlock_s_spin_rounds,0,0,0.000000,enabled
1782984675.050,2026-07-02 09:31:15.052,innodb_rwlock_s_spin_waits,0,0,0.000000,enabled
1782984675.050,2026-07-02 09:31:15.052,innodb_rwlock_x_os_waits,0,0,0.000000,enabled
1782984675.050,2026-07-02 09:31:15.052,innodb_rwlock_x_spin_rounds,0,0,0.000000,enabled
1782984675.050,2026-07-02 09:31:15.052,innodb_rwlock_x_spin_waits,0,0,0.000000,enabled
1782984675.050,2026-07-02 09:31:15.052,lock_deadlocks,0,0,0.000000,enabled
1782984675.050,2026-07-02 09:31:15.052,lock_deadlock_false_positives,0,0,0.000000,enabled
1782984675.050,2026-07-02 09:31:15.052,lock_deadlock_rounds,2488,2488,1.104989,enabled
1782984675.050,2026-07-02 09:31:15.052,lock_rec_grant_attempts,425,425,0.188754,enabled
1782984675.050,2026-07-02 09:31:15.052,lock_rec_release_attempts,39077646,39077646,17355.457130,enabled
1782984675.050,2026-07-02 09:31:15.052,lock_row_lock_current_waits,0,0,0.000000,enabled
1782984675.050,2026-07-02 09:31:15.052,lock_row_lock_time,323,323,0.143453,enabled
1782984675.050,2026-07-02 09:31:15.052,lock_row_lock_time_avg,0,0,0.000000,enabled
1782984675.050,2026-07-02 09:31:15.052,lock_row_lock_time_max,29,29,0.000000,enabled
1782984675.050,2026-07-02 09:31:15.052,lock_row_lock_waits,425,425,0.188754,enabled
1782984675.050,2026-07-02 09:31:15.052,lock_schedule_refreshes,2488,2488,1.104989,enabled
1782984675.050,2026-07-02 09:31:15.052,lock_threads_waiting,0,0,0.000000,enabled
1782984675.050,2026-07-02 09:31:15.052,lock_timeouts,0,0,0.000000,enabled
1782984675.050,2026-07-02 09:31:15.052,log_waits,0,0,0.000000,enabled
1782984675.050,2026-07-02 09:31:15.052,log_writes,194978200,194978200,86595.166624,enabled
1782984675.050,2026-07-02 09:31:15.052,log_write_requests,403263616,403263616,179100.433052,enabled
1782984675.050,2026-07-02 09:31:15.052,os_data_fsyncs,53298345,53298345,23671.257712,enabled
1782984675.050,2026-07-02 09:31:15.052,os_data_reads,72669518,72669518,32274.527319,enabled
1782984675.050,2026-07-02 09:31:15.052,os_data_writes,220315368,220315368,97848.101265,enabled
1782984675.050,2026-07-02 09:31:15.052,os_log_bytes_written,124387298816,124387298816,55243812.930415,enabled
1782984675.050,2026-07-02 09:31:15.052,os_log_fsyncs,46670105,46670105,20727.474368,enabled
1782984675.050,2026-07-02 09:31:15.052,os_log_pending_fsyncs,1,1,0.000444,enabled
1782984675.050,2026-07-02 09:31:15.052,os_log_pending_writes,0,0,0.000000,enabled
1782984675.050,2026-07-02 09:31:15.052,trx_rseg_history_len,407,407,0.000000,enabled
1782984676.117,2026-07-02 09:31:16.119,adaptive_hash_searches,0,0,0.000000,enabled
1782984676.117,2026-07-02 09:31:16.119,adaptive_hash_searches_btree,588277890,588277890,261146.000211,enabled
1782984676.117,2026-07-02 09:31:16.119,buffer_data_reads,1186625391104,1186625391104,526762130.854922,enabled
1782984676.117,2026-07-02 09:31:16.119,buffer_data_written,562425993216,562425993216,249669960.402912,enabled
1782984676.117,2026-07-02 09:31:16.119,buffer_pages0_read,7,7,0.003107,enabled
1782984676.117,2026-07-02 09:31:16.119,buffer_pages_created,1812543,1812543,804.617050,enabled
1782984676.117,2026-07-02 09:31:16.119,buffer_pages_read,72630488,72630488,32241.843960,enabled
1782984676.117,2026-07-02 09:31:16.119,buffer_pages_written,24581665,24581665,10912.197230,enabled
1782984676.117,2026-07-02 09:31:16.119,buffer_pool_bytes_data,12855705600,12855705600,0.000000,enabled
1782984676.117,2026-07-02 09:31:16.119,buffer_pool_bytes_dirty,4663721984,4663721984,0.000000,enabled
1782984676.117,2026-07-02 09:31:16.119,buffer_pool_pages_data,784651,784651,0.000000,enabled
1782984676.117,2026-07-02 09:31:16.119,buffer_pool_pages_dirty,284651,284651,0.000000,enabled
1782984676.117,2026-07-02 09:31:16.119,buffer_pool_pages_flushed,24524565,24524565,0.000000,enabled
1782984676.117,2026-07-02 09:31:16.119,buffer_pool_pages_free,1686,1686,0.000000,enabled
1782984676.117,2026-07-02 09:31:16.119,buffer_pool_pages_lru_flushed,0,0,0.000000,enabled
1782984676.117,2026-07-02 09:31:16.119,buffer_pool_pages_misc,96,96,0.000000,enabled
1782984676.117,2026-07-02 09:31:16.119,buffer_pool_pages_total,786432,786432,0.000000,enabled
1782984676.117,2026-07-02 09:31:16.119,buffer_pool_reads,71736625,71736625,31845.044980,enabled
1782984676.117,2026-07-02 09:31:16.119,buffer_pool_read_ahead,803715,803715,356.782049,enabled
1782984676.117,2026-07-02 09:31:16.119,buffer_pool_read_ahead_evicted,25,25,0.011098,enabled
1782984676.117,2026-07-02 09:31:16.119,buffer_pool_read_requests,2832143135,2832143135,1257234.014370,enabled
1782984676.117,2026-07-02 09:31:16.119,buffer_pool_size,12884901888,12884901888,0.000000,enabled
1782984676.117,2026-07-02 09:31:16.119,buffer_pool_wait_free,18945,18945,8.409991,enabled
1782984676.117,2026-07-02 09:31:16.119,buffer_pool_write_requests,598931831,598931831,265875.499122,enabled
1782984676.117,2026-07-02 09:31:16.119,dml_deletes,12861663,12861663,5709.498551,enabled
1782984676.117,2026-07-02 09:31:16.119,dml_inserts,112747066,112747066,50050.231489,enabled
1782984676.117,2026-07-02 09:31:16.119,dml_system_deletes,468,468,0.207753,enabled
1782984676.117,2026-07-02 09:31:16.119,dml_system_inserts,1202,1202,0.533587,enabled
1782984676.117,2026-07-02 09:31:16.119,dml_system_reads,7661,7661,3.400841,enabled
1782984676.117,2026-07-02 09:31:16.119,dml_system_updates,620,620,0.275228,enabled
1782984676.117,2026-07-02 09:31:16.119,dml_updates,25723444,25723444,11419.049475,enabled
1782984676.117,2026-07-02 09:31:16.119,file_num_open_files,35,35,0.000000,enabled
1782984676.117,2026-07-02 09:31:16.119,ibuf_merges,0,0,0.000000,enabled
1782984676.117,2026-07-02 09:31:16.119,ibuf_merges_delete,0,0,0.000000,enabled
1782984676.117,2026-07-02 09:31:16.119,ibuf_merges_delete_mark,0,0,0.000000,enabled
1782984676.117,2026-07-02 09:31:16.119,ibuf_merges_discard_delete,0,0,0.000000,enabled
1782984676.117,2026-07-02 09:31:16.119,ibuf_merges_discard_delete_mark,0,0,0.000000,enabled
1782984676.117,2026-07-02 09:31:16.119,ibuf_merges_discard_insert,0,0,0.000000,enabled
1782984676.117,2026-07-02 09:31:16.119,ibuf_merges_insert,0,0,0.000000,enabled
1782984676.117,2026-07-02 09:31:16.119,ibuf_size,1,1,0.000444,enabled
1782984676.117,2026-07-02 09:31:16.119,innodb_activity_count,17685392,17685392,7850.829362,enabled
1782984676.117,2026-07-02 09:31:16.119,innodb_dblwr_pages_written,24522384,24522384,10885.879773,enabled
1782984676.117,2026-07-02 09:31:16.119,innodb_dblwr_writes,500856,500856,222.338016,enabled
1782984676.117,2026-07-02 09:31:16.119,innodb_page_size,16384,16384,0.000000,enabled
1782984676.117,2026-07-02 09:31:16.119,innodb_rwlock_sx_os_waits,0,0,0.000000,enabled
1782984676.117,2026-07-02 09:31:16.119,innodb_rwlock_sx_spin_rounds,0,0,0.000000,enabled
1782984676.117,2026-07-02 09:31:16.119,innodb_rwlock_sx_spin_waits,0,0,0.000000,enabled
1782984676.117,2026-07-02 09:31:16.119,innodb_rwlock_s_os_waits,0,0,0.000000,enabled
1782984676.117,2026-07-02 09:31:16.119,innodb_rwlock_s_spin_rounds,0,0,0.000000,enabled
1782984676.117,2026-07-02 09:31:16.119,innodb_rwlock_s_spin_waits,0,0,0.000000,enabled
1782984676.117,2026-07-02 09:31:16.119,innodb_rwlock_x_os_waits,0,0,0.000000,enabled
1782984676.117,2026-07-02 09:31:16.119,innodb_rwlock_x_spin_rounds,0,0,0.000000,enabled
1782984676.117,2026-07-02 09:31:16.119,innodb_rwlock_x_spin_waits,0,0,0.000000,enabled
1782984676.117,2026-07-02 09:31:16.119,lock_deadlocks,0,0,0.000000,enabled
1782984676.117,2026-07-02 09:31:16.119,lock_deadlock_false_positives,0,0,0.000000,enabled
1782984676.117,2026-07-02 09:31:16.119,lock_deadlock_rounds,2489,2489,1.104907,enabled
1782984676.117,2026-07-02 09:31:16.119,lock_rec_grant_attempts,425,425,0.188664,enabled
1782984676.117,2026-07-02 09:31:16.119,lock_rec_release_attempts,39092250,39092250,17353.680562,enabled
1782984676.117,2026-07-02 09:31:16.119,lock_row_lock_current_waits,0,0,0.000000,enabled
1782984676.117,2026-07-02 09:31:16.119,lock_row_lock_time,323,323,0.143385,enabled
1782984676.117,2026-07-02 09:31:16.119,lock_row_lock_time_avg,0,0,0.000000,enabled
1782984676.117,2026-07-02 09:31:16.119,lock_row_lock_time_max,29,29,0.000000,enabled
1782984676.117,2026-07-02 09:31:16.119,lock_row_lock_waits,425,425,0.188664,enabled
1782984676.117,2026-07-02 09:31:16.119,lock_schedule_refreshes,2489,2489,1.104907,enabled
1782984676.117,2026-07-02 09:31:16.119,lock_threads_waiting,0,0,0.000000,enabled
1782984676.117,2026-07-02 09:31:16.119,lock_timeouts,0,0,0.000000,enabled
1782984676.117,2026-07-02 09:31:16.119,log_waits,0,0,0.000000,enabled
1782984676.117,2026-07-02 09:31:16.119,log_writes,195056964,195056964,86588.920618,enabled
1782984676.117,2026-07-02 09:31:16.119,log_write_requests,403345303,403345303,179051.461358,enabled
1782984676.117,2026-07-02 09:31:16.119,os_data_fsyncs,53330658,53330658,23674.336823,enabled
1782984676.117,2026-07-02 09:31:16.119,os_data_reads,72725738,72725738,32284.124826,enabled
1782984676.117,2026-07-02 09:31:16.119,os_data_writes,220410093,220410093,97843.585302,enabled
1782984676.117,2026-07-02 09:31:16.119,os_log_bytes_written,124428638208,124428638208,55235873.605952,enabled
1782984676.117,2026-07-02 09:31:16.119,os_log_fsyncs,46697797,46697797,20729.903080,enabled
1782984676.117,2026-07-02 09:31:16.119,os_log_pending_fsyncs,1,1,0.000444,enabled
1782984676.117,2026-07-02 09:31:16.119,os_log_pending_writes,0,0,0.000000,enabled
1782984676.117,2026-07-02 09:31:16.119,trx_rseg_history_len,403,403,0.000000,enabled
1782984677.190,2026-07-02 09:31:17.191,adaptive_hash_searches,0,0,0.000000,enabled
1782984677.190,2026-07-02 09:31:17.191,adaptive_hash_searches_btree,588444837,588444837,261096.173136,enabled
1782984677.190,2026-07-02 09:31:17.191,buffer_data_reads,1187548662272,1187548662272,526921855.864588,enabled
1782984677.190,2026-07-02 09:31:17.191,buffer_data_written,562735097344,562735097344,249688649.438806,enabled
1782984677.190,2026-07-02 09:31:17.191,buffer_pages0_read,7,7,0.003106,enabled
1782984677.190,2026-07-02 09:31:17.191,buffer_pages_created,1812577,1812577,804.250365,enabled
1782984677.190,2026-07-02 09:31:17.191,buffer_pages_read,72686996,72686996,32251.618914,enabled
1782984677.190,2026-07-02 09:31:17.191,buffer_pages_written,24597648,24597648,10914.111405,enabled
1782984677.190,2026-07-02 09:31:17.191,buffer_pool_bytes_data,12853002240,12853002240,0.000000,enabled
1782984677.190,2026-07-02 09:31:17.191,buffer_pool_bytes_dirty,4666884096,4666884096,0.000000,enabled
1782984677.190,2026-07-02 09:31:17.191,buffer_pool_pages_data,784485,784485,0.000000,enabled
1782984677.190,2026-07-02 09:31:17.191,buffer_pool_pages_dirty,284844,284844,0.000000,enabled
1782984677.190,2026-07-02 09:31:17.191,buffer_pool_pages_flushed,24540578,24540578,0.000000,enabled
1782984677.190,2026-07-02 09:31:17.191,buffer_pool_pages_free,1852,1852,0.000000,enabled
1782984677.190,2026-07-02 09:31:17.191,buffer_pool_pages_lru_flushed,0,0,0.000000,enabled
1782984677.190,2026-07-02 09:31:17.191,buffer_pool_pages_misc,96,96,0.000000,enabled
1782984677.190,2026-07-02 09:31:17.191,buffer_pool_pages_total,786432,786432,0.000000,enabled
1782984677.190,2026-07-02 09:31:17.191,buffer_pool_reads,71793075,71793075,31854.982356,enabled
1782984677.190,2026-07-02 09:31:17.191,buffer_pool_read_ahead,803715,803715,356.612764,enabled
1782984677.190,2026-07-02 09:31:17.191,buffer_pool_read_ahead_evicted,25,25,0.011093,enabled
1782984677.190,2026-07-02 09:31:17.191,buffer_pool_read_requests,2832970952,2832970952,1257004.791236,enabled
1782984677.190,2026-07-02 09:31:17.191,buffer_pool_size,12884901888,12884901888,0.000000,enabled
1782984677.190,2026-07-02 09:31:17.191,buffer_pool_wait_free,18945,18945,8.406001,enabled
1782984677.190,2026-07-02 09:31:17.191,buffer_pool_write_requests,599044903,599044903,265799.517702,enabled
1782984677.190,2026-07-02 09:31:17.191,dml_deletes,12866485,12866485,5708.929195,enabled
1782984677.190,2026-07-02 09:31:17.191,dml_inserts,112751888,112751888,50028.624418,enabled
1782984677.190,2026-07-02 09:31:17.191,dml_system_deletes,468,468,0.207654,enabled
1782984677.190,2026-07-02 09:31:17.191,dml_system_inserts,1202,1202,0.533334,enabled
1782984677.190,2026-07-02 09:31:17.191,dml_system_reads,7661,7661,3.399227,enabled
1782984677.190,2026-07-02 09:31:17.191,dml_system_updates,620,620,0.275097,enabled
1782984677.190,2026-07-02 09:31:17.191,dml_updates,25733084,25733084,11417.908963,enabled
1782984677.190,2026-07-02 09:31:17.191,file_num_open_files,35,35,0.000000,enabled
1782984677.190,2026-07-02 09:31:17.191,ibuf_merges,0,0,0.000000,enabled
1782984677.190,2026-07-02 09:31:17.191,ibuf_merges_delete,0,0,0.000000,enabled
1782984677.190,2026-07-02 09:31:17.191,ibuf_merges_delete_mark,0,0,0.000000,enabled
1782984677.190,2026-07-02 09:31:17.191,ibuf_merges_discard_delete,0,0,0.000000,enabled
1782984677.190,2026-07-02 09:31:17.191,ibuf_merges_discard_delete_mark,0,0,0.000000,enabled
1782984677.190,2026-07-02 09:31:17.191,ibuf_merges_discard_insert,0,0,0.000000,enabled
1782984677.190,2026-07-02 09:31:17.191,ibuf_merges_insert,0,0,0.000000,enabled
1782984677.190,2026-07-02 09:31:17.191,ibuf_size,1,1,0.000444,enabled
1782984677.190,2026-07-02 09:31:17.191,innodb_activity_count,17690930,17690930,7849.561725,enabled
1782984677.190,2026-07-02 09:31:17.191,innodb_dblwr_pages_written,24538397,24538397,10887.819960,enabled
1782984677.190,2026-07-02 09:31:17.191,innodb_dblwr_writes,501230,501230,222.398472,enabled
1782984677.190,2026-07-02 09:31:17.191,innodb_page_size,16384,16384,0.000000,enabled
1782984677.190,2026-07-02 09:31:17.191,innodb_rwlock_sx_os_waits,0,0,0.000000,enabled
1782984677.190,2026-07-02 09:31:17.191,innodb_rwlock_sx_spin_rounds,0,0,0.000000,enabled
1782984677.190,2026-07-02 09:31:17.191,innodb_rwlock_sx_spin_waits,0,0,0.000000,enabled
1782984677.190,2026-07-02 09:31:17.191,innodb_rwlock_s_os_waits,0,0,0.000000,enabled
1782984677.190,2026-07-02 09:31:17.191,innodb_rwlock_s_spin_rounds,0,0,0.000000,enabled
1782984677.190,2026-07-02 09:31:17.191,innodb_rwlock_s_spin_waits,0,0,0.000000,enabled
1782984677.190,2026-07-02 09:31:17.191,innodb_rwlock_x_os_waits,0,0,0.000000,enabled
1782984677.190,2026-07-02 09:31:17.191,innodb_rwlock_x_spin_rounds,0,0,0.000000,enabled
1782984677.190,2026-07-02 09:31:17.191,innodb_rwlock_x_spin_waits,0,0,0.000000,enabled
1782984677.190,2026-07-02 09:31:17.191,lock_deadlocks,0,0,0.000000,enabled
1782984677.190,2026-07-02 09:31:17.191,lock_deadlock_false_positives,0,0,0.000000,enabled
1782984677.190,2026-07-02 09:31:17.191,lock_deadlock_rounds,2491,2491,1.105270,enabled
1782984677.190,2026-07-02 09:31:17.191,lock_rec_grant_attempts,425,425,0.188575,enabled
1782984677.190,2026-07-02 09:31:17.191,lock_rec_release_attempts,39106921,39106921,17351.956194,enabled
1782984677.190,2026-07-02 09:31:17.191,lock_row_lock_current_waits,0,0,0.000000,enabled
1782984677.190,2026-07-02 09:31:17.191,lock_row_lock_time,323,323,0.143317,enabled
1782984677.190,2026-07-02 09:31:17.191,lock_row_lock_time_avg,0,0,0.000000,enabled
1782984677.190,2026-07-02 09:31:17.191,lock_row_lock_time_max,29,29,0.000000,enabled
1782984677.190,2026-07-02 09:31:17.191,lock_row_lock_waits,425,425,0.188575,enabled
1782984677.190,2026-07-02 09:31:17.191,lock_schedule_refreshes,2491,2491,1.105270,enabled
1782984677.190,2026-07-02 09:31:17.191,lock_threads_waiting,0,0,0.000000,enabled
1782984677.190,2026-07-02 09:31:17.191,lock_timeouts,0,0,0.000000,enabled
1782984677.190,2026-07-02 09:31:17.191,log_waits,0,0,0.000000,enabled
1782984677.190,2026-07-02 09:31:17.191,log_writes,195136622,195136622,86583.182554,enabled
1782984677.190,2026-07-02 09:31:17.191,log_write_requests,403427227,403427227,179002.859156,enabled
1782984677.190,2026-07-02 09:31:17.191,os_data_fsyncs,53363574,53363574,23677.709232,enabled
1782984677.190,2026-07-02 09:31:17.191,os_data_reads,72782055,72782055,32293.795350,enabled
1782984677.190,2026-07-02 09:31:17.191,os_data_writes,220506013,220506013,97839.722334,enabled
1782984677.190,2026-07-02 09:31:17.191,os_log_bytes_written,124470155776,124470155776,55228087.828459,enabled
1782984677.190,2026-07-02 09:31:17.191,os_log_fsyncs,46725746,46725746,20732.468648,enabled
1782984677.190,2026-07-02 09:31:17.191,os_log_pending_fsyncs,1,1,0.000444,enabled
1782984677.190,2026-07-02 09:31:17.191,os_log_pending_writes,1,1,0.000444,enabled
1782984677.190,2026-07-02 09:31:17.191,trx_rseg_history_len,389,389,0.000000,enabled
1782984678.259,2026-07-02 09:31:18.261,adaptive_hash_searches,0,0,0.000000,enabled
1782984678.259,2026-07-02 09:31:18.261,adaptive_hash_searches_btree,588611953,588611953,261046.476091,enabled
1782984678.259,2026-07-02 09:31:18.261,buffer_data_reads,1188474178048,1188474178048,527082464.618136,enabled
1782984678.259,2026-07-02 09:31:18.261,buffer_data_written,563043930624,563043930624,249707219.404810,enabled
1782984678.259,2026-07-02 09:31:18.261,buffer_pages0_read,7,7,0.003104,enabled
1782984678.259,2026-07-02 09:31:18.261,buffer_pages_created,1812626,1812626,803.890741,enabled
1782984678.259,2026-07-02 09:31:18.261,buffer_pages_read,72743618,72743618,32261.437596,enabled
1782984678.259,2026-07-02 09:31:18.261,buffer_pages_written,24613570,24613570,10915.997542,enabled
1782984678.259,2026-07-02 09:31:18.261,buffer_pool_bytes_data,12853526528,12853526528,0.000000,enabled
1782984678.259,2026-07-02 09:31:18.261,buffer_pool_bytes_dirty,4672667648,4672667648,0.000000,enabled
1782984678.259,2026-07-02 09:31:18.261,buffer_pool_pages_data,784516,784516,0.000000,enabled
1782984678.259,2026-07-02 09:31:18.261,buffer_pool_pages_dirty,285197,285197,0.000000,enabled
1782984678.259,2026-07-02 09:31:18.261,buffer_pool_pages_flushed,24556489,24556489,0.000000,enabled
1782984678.259,2026-07-02 09:31:18.261,buffer_pool_pages_free,1818,1818,0.000000,enabled
1782984678.259,2026-07-02 09:31:18.261,buffer_pool_pages_lru_flushed,0,0,0.000000,enabled
1782984678.259,2026-07-02 09:31:18.261,buffer_pool_pages_misc,98,98,0.000000,enabled
1782984678.259,2026-07-02 09:31:18.261,buffer_pool_pages_total,786432,786432,0.000000,enabled
1782984678.259,2026-07-02 09:31:18.261,buffer_pool_reads,71849648,71849648,31864.967420,enabled
1782984678.259,2026-07-02 09:31:18.261,buffer_pool_read_ahead,803715,803715,356.443667,enabled
1782984678.259,2026-07-02 09:31:18.261,buffer_pool_read_ahead_evicted,25,25,0.011087,enabled
1782984678.259,2026-07-02 09:31:18.261,buffer_pool_read_requests,2833799408,2833799408,1256776.168945,enabled
1782984678.259,2026-07-02 09:31:18.261,buffer_pool_size,12884901888,12884901888,0.000000,enabled
1782984678.259,2026-07-02 09:31:18.261,buffer_pool_wait_free,18945,18945,8.402015,enabled
1782984678.259,2026-07-02 09:31:18.261,buffer_pool_write_requests,599158383,599158383,265723.810373,enabled
1782984678.259,2026-07-02 09:31:18.261,dml_deletes,12871312,12871312,5708.362695,enabled
1782984678.259,2026-07-02 09:31:18.261,dml_inserts,112756714,112756714,50007.040504,enabled
1782984678.259,2026-07-02 09:31:18.261,dml_system_deletes,468,468,0.207556,enabled
1782984678.259,2026-07-02 09:31:18.261,dml_system_inserts,1202,1202,0.533081,enabled
1782984678.259,2026-07-02 09:31:18.261,dml_system_reads,7661,7661,3.397615,enabled
1782984678.259,2026-07-02 09:31:18.261,dml_system_updates,620,620,0.274967,enabled
1782984678.259,2026-07-02 09:31:18.261,dml_updates,25742739,25742739,11416.776379,enabled
1782984678.259,2026-07-02 09:31:18.261,file_num_open_files,35,35,0.000000,enabled
1782984678.259,2026-07-02 09:31:18.261,ibuf_merges,0,0,0.000000,enabled
1782984678.259,2026-07-02 09:31:18.261,ibuf_merges_delete,0,0,0.000000,enabled
1782984678.259,2026-07-02 09:31:18.261,ibuf_merges_delete_mark,0,0,0.000000,enabled
1782984678.259,2026-07-02 09:31:18.261,ibuf_merges_discard_delete,0,0,0.000000,enabled
1782984678.259,2026-07-02 09:31:18.261,ibuf_merges_discard_delete_mark,0,0,0.000000,enabled
1782984678.259,2026-07-02 09:31:18.261,ibuf_merges_discard_insert,0,0,0.000000,enabled
1782984678.259,2026-07-02 09:31:18.261,ibuf_merges_insert,0,0,0.000000,enabled
1782984678.259,2026-07-02 09:31:18.261,ibuf_size,1,1,0.000443,enabled
1782984678.259,2026-07-02 09:31:18.261,innodb_activity_count,17696468,17696468,7848.295470,enabled
1782984678.259,2026-07-02 09:31:18.261,innodb_dblwr_pages_written,24554308,24554308,10889.713289,enabled
1782984678.259,2026-07-02 09:31:18.261,innodb_dblwr_writes,501588,501588,222.451780,enabled
1782984678.259,2026-07-02 09:31:18.261,innodb_page_size,16384,16384,0.000000,enabled
1782984678.259,2026-07-02 09:31:18.261,innodb_rwlock_sx_os_waits,0,0,0.000000,enabled
1782984678.259,2026-07-02 09:31:18.261,innodb_rwlock_sx_spin_rounds,0,0,0.000000,enabled
1782984678.259,2026-07-02 09:31:18.261,innodb_rwlock_sx_spin_waits,0,0,0.000000,enabled
1782984678.259,2026-07-02 09:31:18.261,innodb_rwlock_s_os_waits,0,0,0.000000,enabled
1782984678.259,2026-07-02 09:31:18.261,innodb_rwlock_s_spin_rounds,0,0,0.000000,enabled
1782984678.259,2026-07-02 09:31:18.261,innodb_rwlock_s_spin_waits,0,0,0.000000,enabled
1782984678.259,2026-07-02 09:31:18.261,innodb_rwlock_x_os_waits,0,0,0.000000,enabled
1782984678.259,2026-07-02 09:31:18.261,innodb_rwlock_x_spin_rounds,0,0,0.000000,enabled
1782984678.259,2026-07-02 09:31:18.261,innodb_rwlock_x_spin_waits,0,0,0.000000,enabled
1782984678.259,2026-07-02 09:31:18.261,lock_deadlocks,0,0,0.000000,enabled
1782984678.259,2026-07-02 09:31:18.261,lock_deadlock_false_positives,0,0,0.000000,enabled
1782984678.259,2026-07-02 09:31:18.261,lock_deadlock_rounds,2492,2492,1.105190,enabled
1782984678.259,2026-07-02 09:31:18.261,lock_rec_grant_attempts,425,425,0.188485,enabled
1782984678.259,2026-07-02 09:31:18.261,lock_rec_release_attempts,39121605,39121605,17350.240655,enabled
1782984678.259,2026-07-02 09:31:18.261,lock_row_lock_current_waits,0,0,0.000000,enabled
1782984678.259,2026-07-02 09:31:18.261,lock_row_lock_time,323,323,0.143249,enabled
1782984678.259,2026-07-02 09:31:18.261,lock_row_lock_time_avg,0,0,0.000000,enabled
1782984678.259,2026-07-02 09:31:18.261,lock_row_lock_time_max,29,29,0.000000,enabled
1782984678.259,2026-07-02 09:31:18.261,lock_row_lock_waits,425,425,0.188485,enabled
1782984678.259,2026-07-02 09:31:18.261,lock_schedule_refreshes,2492,2492,1.105190,enabled
1782984678.259,2026-07-02 09:31:18.261,lock_threads_waiting,0,0,0.000000,enabled
1782984678.259,2026-07-02 09:31:18.261,lock_timeouts,0,0,0.000000,enabled
1782984678.259,2026-07-02 09:31:18.261,log_waits,0,0,0.000000,enabled
1782984678.259,2026-07-02 09:31:18.261,log_writes,195215541,195215541,86577.125483,enabled
1782984678.259,2026-07-02 09:31:18.261,log_write_requests,403509373,403509373,178954.408418,enabled
1782984678.259,2026-07-02 09:31:18.261,os_data_fsyncs,53396548,53396548,23681.105370,enabled
1782984678.259,2026-07-02 09:31:18.261,os_data_reads,72838494,72838494,32303.512472,enabled
1782984678.259,2026-07-02 09:31:18.261,os_data_writes,220601135,220601135,97835.514133,enabled
1782984678.259,2026-07-02 09:31:18.261,os_log_bytes_written,124511695360,124511695360,55220321.945012,enabled
1782984678.259,2026-07-02 09:31:18.261,os_log_fsyncs,46753816,46753816,20735.086466,enabled
1782984678.259,2026-07-02 09:31:18.261,os_log_pending_fsyncs,0,0,0.000000,enabled
1782984678.259,2026-07-02 09:31:18.261,os_log_pending_writes,0,0,0.000000,enabled
1782984678.259,2026-07-02 09:31:18.261,trx_rseg_history_len,310,310,0.000000,enabled
1782984679.328,2026-07-02 09:31:19.330,adaptive_hash_searches,0,0,0.000000,enabled
1782984679.328,2026-07-02 09:31:19.330,adaptive_hash_searches_btree,588778329,588778329,260996.673360,enabled
1782984679.328,2026-07-02 09:31:19.330,buffer_data_reads,1189394893312,1189394893312,527241127.711297,enabled
1782984679.328,2026-07-02 09:31:19.330,buffer_data_written,563353497600,563353497600,249726255.610386,enabled
1782984679.328,2026-07-02 09:31:19.330,buffer_pages0_read,7,7,0.003103,enabled
1782984679.328,2026-07-02 09:31:19.330,buffer_pages_created,1812664,1812664,803.527092,enabled
1782984679.328,2026-07-02 09:31:19.330,buffer_pages_read,72799971,72799971,32271.148209,enabled
1782984679.328,2026-07-02 09:31:19.330,buffer_pages_written,24629575,24629575,10917.925611,enabled
1782984679.328,2026-07-02 09:31:19.330,buffer_pool_bytes_data,12854460416,12854460416,0.000000,enabled
1782984679.328,2026-07-02 09:31:19.330,buffer_pool_bytes_dirty,4672028672,4672028672,0.000000,enabled
1782984679.328,2026-07-02 09:31:19.330,buffer_pool_pages_data,784574,784574,0.000000,enabled
1782984679.328,2026-07-02 09:31:19.330,buffer_pool_pages_dirty,285158,285158,0.000000,enabled
1782984679.328,2026-07-02 09:31:19.330,buffer_pool_pages_flushed,24572506,24572506,0.000000,enabled
1782984679.328,2026-07-02 09:31:19.330,buffer_pool_pages_free,1760,1760,0.000000,enabled
1782984679.328,2026-07-02 09:31:19.330,buffer_pool_pages_lru_flushed,0,0,0.000000,enabled
1782984679.328,2026-07-02 09:31:19.330,buffer_pool_pages_misc,96,96,0.000000,enabled
1782984679.328,2026-07-02 09:31:19.330,buffer_pool_pages_total,786432,786432,0.000000,enabled
1782984679.328,2026-07-02 09:31:19.330,buffer_pool_reads,71905945,71905945,31874.840845,enabled
1782984679.328,2026-07-02 09:31:19.330,buffer_pool_read_ahead,803715,803715,356.274957,enabled
1782984679.328,2026-07-02 09:31:19.330,buffer_pool_read_ahead_evicted,25,25,0.011082,enabled
1782984679.328,2026-07-02 09:31:19.330,buffer_pool_read_requests,2834623743,2834623743,1256546.731966,enabled
1782984679.328,2026-07-02 09:31:19.330,buffer_pool_size,12884901888,12884901888,0.000000,enabled
1782984679.328,2026-07-02 09:31:19.330,buffer_pool_wait_free,18945,18945,8.398038,enabled
1782984679.328,2026-07-02 09:31:19.330,buffer_pool_write_requests,599270280,599270280,265647.641313,enabled
1782984679.328,2026-07-02 09:31:19.330,dml_deletes,12876122,12876122,5707.793137,enabled
1782984679.328,2026-07-02 09:31:19.330,dml_inserts,112761524,112761524,49985.504445,enabled
1782984679.328,2026-07-02 09:31:19.330,dml_system_deletes,468,468,0.207457,enabled
1782984679.328,2026-07-02 09:31:19.330,dml_system_inserts,1202,1202,0.532829,enabled
1782984679.328,2026-07-02 09:31:19.330,dml_system_reads,7661,7661,3.396007,enabled
1782984679.328,2026-07-02 09:31:19.330,dml_system_updates,620,620,0.274837,enabled
1782984679.328,2026-07-02 09:31:19.330,dml_updates,25752361,25752361,11415.638127,enabled
1782984679.328,2026-07-02 09:31:19.330,file_num_open_files,35,35,0.000000,enabled
1782984679.328,2026-07-02 09:31:19.330,ibuf_merges,0,0,0.000000,enabled
1782984679.328,2026-07-02 09:31:19.330,ibuf_merges_delete,0,0,0.000000,enabled
1782984679.328,2026-07-02 09:31:19.330,ibuf_merges_delete_mark,0,0,0.000000,enabled
1782984679.328,2026-07-02 09:31:19.330,ibuf_merges_discard_delete,0,0,0.000000,enabled
1782984679.328,2026-07-02 09:31:19.330,ibuf_merges_discard_delete_mark,0,0,0.000000,enabled
1782984679.328,2026-07-02 09:31:19.330,ibuf_merges_discard_insert,0,0,0.000000,enabled
1782984679.328,2026-07-02 09:31:19.330,ibuf_merges_insert,0,0,0.000000,enabled
1782984679.328,2026-07-02 09:31:19.330,ibuf_size,1,1,0.000443,enabled
1782984679.328,2026-07-02 09:31:19.330,innodb_activity_count,17701998,17701998,7847.032243,enabled
1782984679.328,2026-07-02 09:31:19.330,innodb_dblwr_pages_written,24570325,24570325,10891.659293,enabled
1782984679.328,2026-07-02 09:31:19.330,innodb_dblwr_writes,501954,501954,222.508736,enabled
1782984679.328,2026-07-02 09:31:19.330,innodb_page_size,16384,16384,0.000000,enabled
1782984679.328,2026-07-02 09:31:19.330,innodb_rwlock_sx_os_waits,0,0,0.000000,enabled
1782984679.328,2026-07-02 09:31:19.330,innodb_rwlock_sx_spin_rounds,0,0,0.000000,enabled
1782984679.328,2026-07-02 09:31:19.330,innodb_rwlock_sx_spin_waits,0,0,0.000000,enabled
1782984679.328,2026-07-02 09:31:19.330,innodb_rwlock_s_os_waits,0,0,0.000000,enabled
1782984679.328,2026-07-02 09:31:19.330,innodb_rwlock_s_spin_rounds,0,0,0.000000,enabled
1782984679.328,2026-07-02 09:31:19.330,innodb_rwlock_s_spin_waits,0,0,0.000000,enabled
1782984679.328,2026-07-02 09:31:19.330,innodb_rwlock_x_os_waits,0,0,0.000000,enabled
1782984679.328,2026-07-02 09:31:19.330,innodb_rwlock_x_spin_rounds,0,0,0.000000,enabled
1782984679.328,2026-07-02 09:31:19.330,innodb_rwlock_x_spin_waits,0,0,0.000000,enabled
1782984679.328,2026-07-02 09:31:19.330,lock_deadlocks,0,0,0.000000,enabled
1782984679.328,2026-07-02 09:31:19.330,lock_deadlock_false_positives,0,0,0.000000,enabled
1782984679.328,2026-07-02 09:31:19.330,lock_deadlock_rounds,2493,2493,1.105110,enabled
1782984679.328,2026-07-02 09:31:19.330,lock_rec_grant_attempts,425,425,0.188396,enabled
1782984679.328,2026-07-02 09:31:19.330,lock_rec_release_attempts,39136247,39136247,17348.519101,enabled
1782984679.328,2026-07-02 09:31:19.330,lock_row_lock_current_waits,0,0,0.000000,enabled
1782984679.328,2026-07-02 09:31:19.330,lock_row_lock_time,323,323,0.143181,enabled
1782984679.328,2026-07-02 09:31:19.330,lock_row_lock_time_avg,0,0,0.000000,enabled
1782984679.328,2026-07-02 09:31:19.330,lock_row_lock_time_max,29,29,0.000000,enabled
1782984679.328,2026-07-02 09:31:19.330,lock_row_lock_waits,425,425,0.188396,enabled
1782984679.328,2026-07-02 09:31:19.330,lock_schedule_refreshes,2493,2493,1.105110,enabled
1782984679.328,2026-07-02 09:31:19.330,lock_threads_waiting,0,0,0.000000,enabled
1782984679.328,2026-07-02 09:31:19.330,lock_timeouts,0,0,0.000000,enabled
1782984679.328,2026-07-02 09:31:19.330,log_waits,0,0,0.000000,enabled
1782984679.328,2026-07-02 09:31:19.330,log_writes,195294635,195294635,86571.209038,enabled
1782984679.328,2026-07-02 09:31:19.330,log_write_requests,403591113,403591113,178905.942003,enabled
1782984679.328,2026-07-02 09:31:19.330,os_data_fsyncs,53429582,53429582,23684.540334,enabled
1782984679.328,2026-07-02 09:31:19.330,os_data_reads,72894671,72894671,32313.125297,enabled
1782984679.328,2026-07-02 09:31:19.330,os_data_writes,220696501,220696501,97831.481877,enabled
1782984679.328,2026-07-02 09:31:19.330,os_log_bytes_written,124553069568,124553069568,55212526.153995,enabled
1782984679.328,2026-07-02 09:31:19.330,os_log_fsyncs,46781892,46781892,20737.718008,enabled
1782984679.328,2026-07-02 09:31:19.330,os_log_pending_fsyncs,1,1,0.000443,enabled
1782984679.328,2026-07-02 09:31:19.330,os_log_pending_writes,0,0,0.000000,enabled
1782984679.328,2026-07-02 09:31:19.330,trx_rseg_history_len,317,317,0.000000,enabled
1782984680.396,2026-07-02 09:31:20.398,adaptive_hash_searches,0,0,0.000000,enabled
1782984680.396,2026-07-02 09:31:20.398,adaptive_hash_searches_btree,588943970,588943970,260946.262723,enabled
1782984680.396,2026-07-02 09:31:20.398,buffer_data_reads,1190313036288,1190313036288,527397843.931244,enabled
1782984680.396,2026-07-02 09:31:20.398,buffer_data_written,563702394368,563702394368,249762388.575170,enabled
1782984680.396,2026-07-02 09:31:20.398,buffer_pages0_read,7,7,0.003102,enabled
1782984680.396,2026-07-02 09:31:20.398,buffer_pages_created,1812701,1812701,803.162344,enabled
1782984680.396,2026-07-02 09:31:20.398,buffer_pages_read,72856164,72856164,32280.738523,enabled
1782984680.396,2026-07-02 09:31:20.398,buffer_pages_written,24647662,24647662,10920.760737,enabled
1782984680.396,2026-07-02 09:31:20.398,buffer_pool_bytes_data,12851118080,12851118080,0.000000,enabled
1782984680.396,2026-07-02 09:31:20.398,buffer_pool_bytes_dirty,4637851648,4637851648,0.000000,enabled
1782984680.396,2026-07-02 09:31:20.398,buffer_pool_pages_data,784370,784370,0.000000,enabled
1782984680.396,2026-07-02 09:31:20.398,buffer_pool_pages_dirty,283072,283072,0.000000,enabled
1782984680.396,2026-07-02 09:31:20.398,buffer_pool_pages_flushed,24588341,24588341,0.000000,enabled
1782984680.396,2026-07-02 09:31:20.398,buffer_pool_pages_free,1963,1963,0.000000,enabled
1782984680.396,2026-07-02 09:31:20.398,buffer_pool_pages_lru_flushed,0,0,0.000000,enabled
1782984680.396,2026-07-02 09:31:20.398,buffer_pool_pages_misc,96,96,0.000000,enabled
1782984680.396,2026-07-02 09:31:20.398,buffer_pool_pages_total,786432,786432,0.000000,enabled
1782984680.396,2026-07-02 09:31:20.398,buffer_pool_reads,71962070,71962070,31884.589166,enabled
1782984680.396,2026-07-02 09:31:20.398,buffer_pool_read_ahead,803715,803715,356.105964,enabled
1782984680.396,2026-07-02 09:31:20.398,buffer_pool_read_ahead_evicted,25,25,0.011077,enabled
1782984680.396,2026-07-02 09:31:20.398,buffer_pool_read_requests,2835444681,2835444681,1256314.448261,enabled
1782984680.396,2026-07-02 09:31:20.398,buffer_pool_size,12884901888,12884901888,0.000000,enabled
1782984680.396,2026-07-02 09:31:20.398,buffer_pool_wait_free,18945,18945,8.394054,enabled
1782984680.396,2026-07-02 09:31:20.398,buffer_pool_write_requests,599382527,599382527,265571.369777,enabled
1782984680.396,2026-07-02 09:31:20.398,dml_deletes,12880911,12880911,5707.207565,enabled
1782984680.396,2026-07-02 09:31:20.398,dml_inserts,112766313,112766313,49963.916002,enabled
1782984680.396,2026-07-02 09:31:20.398,dml_system_deletes,468,468,0.207359,enabled
1782984680.396,2026-07-02 09:31:20.398,dml_system_inserts,1202,1202,0.532576,enabled
1782984680.396,2026-07-02 09:31:20.398,dml_system_reads,7661,7661,3.394396,enabled
1782984680.396,2026-07-02 09:31:20.398,dml_system_updates,620,620,0.274706,enabled
1782984680.396,2026-07-02 09:31:20.398,dml_updates,25761941,25761941,11414.467844,enabled
1782984680.396,2026-07-02 09:31:20.398,file_num_open_files,35,35,0.000000,enabled
1782984680.396,2026-07-02 09:31:20.398,ibuf_merges,0,0,0.000000,enabled
1782984680.396,2026-07-02 09:31:20.398,ibuf_merges_delete,0,0,0.000000,enabled
1782984680.396,2026-07-02 09:31:20.398,ibuf_merges_delete_mark,0,0,0.000000,enabled
1782984680.396,2026-07-02 09:31:20.398,ibuf_merges_discard_delete,0,0,0.000000,enabled
1782984680.396,2026-07-02 09:31:20.398,ibuf_merges_discard_delete_mark,0,0,0.000000,enabled
1782984680.396,2026-07-02 09:31:20.398,ibuf_merges_discard_insert,0,0,0.000000,enabled
1782984680.396,2026-07-02 09:31:20.398,ibuf_merges_insert,0,0,0.000000,enabled
1782984680.396,2026-07-02 09:31:20.398,ibuf_size,1,1,0.000443,enabled
1782984680.396,2026-07-02 09:31:20.398,innodb_activity_count,17707496,17707496,7845.746075,enabled
1782984680.396,2026-07-02 09:31:20.398,innodb_dblwr_pages_written,24587696,24587696,10894.189557,enabled
1782984680.396,2026-07-02 09:31:20.398,innodb_dblwr_writes,502327,502327,222.568457,enabled
1782984680.396,2026-07-02 09:31:20.398,innodb_page_size,16384,16384,0.000000,enabled
1782984680.396,2026-07-02 09:31:20.398,innodb_rwlock_sx_os_waits,0,0,0.000000,enabled
1782984680.396,2026-07-02 09:31:20.398,innodb_rwlock_sx_spin_rounds,0,0,0.000000,enabled
1782984680.396,2026-07-02 09:31:20.398,innodb_rwlock_sx_spin_waits,0,0,0.000000,enabled
1782984680.396,2026-07-02 09:31:20.398,innodb_rwlock_s_os_waits,0,0,0.000000,enabled
1782984680.396,2026-07-02 09:31:20.398,innodb_rwlock_s_spin_rounds,0,0,0.000000,enabled
1782984680.396,2026-07-02 09:31:20.398,innodb_rwlock_s_spin_waits,0,0,0.000000,enabled
1782984680.396,2026-07-02 09:31:20.398,innodb_rwlock_x_os_waits,0,0,0.000000,enabled
1782984680.396,2026-07-02 09:31:20.398,innodb_rwlock_x_spin_rounds,0,0,0.000000,enabled
1782984680.396,2026-07-02 09:31:20.398,innodb_rwlock_x_spin_waits,0,0,0.000000,enabled
1782984680.396,2026-07-02 09:31:20.398,lock_deadlocks,0,0,0.000000,enabled
1782984680.396,2026-07-02 09:31:20.398,lock_deadlock_false_positives,0,0,0.000000,enabled
1782984680.396,2026-07-02 09:31:20.398,lock_deadlock_rounds,2494,2494,1.105029,enabled
1782984680.396,2026-07-02 09:31:20.398,lock_rec_grant_attempts,425,425,0.188307,enabled
1782984680.396,2026-07-02 09:31:20.398,lock_rec_release_attempts,39150831,39150831,17346.751955,enabled
1782984680.396,2026-07-02 09:31:20.398,lock_row_lock_current_waits,0,0,0.000000,enabled
1782984680.396,2026-07-02 09:31:20.398,lock_row_lock_time,323,323,0.143113,enabled
1782984680.396,2026-07-02 09:31:20.398,lock_row_lock_time_avg,0,0,0.000000,enabled
1782984680.396,2026-07-02 09:31:20.398,lock_row_lock_time_max,29,29,0.000000,enabled
1782984680.396,2026-07-02 09:31:20.398,lock_row_lock_waits,425,425,0.188307,enabled
1782984680.396,2026-07-02 09:31:20.398,lock_schedule_refreshes,2494,2494,1.105029,enabled
1782984680.396,2026-07-02 09:31:20.398,lock_threads_waiting,0,0,0.000000,enabled
1782984680.396,2026-07-02 09:31:20.398,lock_timeouts,0,0,0.000000,enabled
1782984680.396,2026-07-02 09:31:20.398,log_waits,0,0,0.000000,enabled
1782984680.396,2026-07-02 09:31:20.398,log_writes,195373515,195373515,86565.094198,enabled
1782984680.396,2026-07-02 09:31:20.398,log_write_requests,403672461,403672461,178857.122209,enabled
1782984680.396,2026-07-02 09:31:20.398,os_data_fsyncs,53462172,53462172,23687.745532,enabled
1782984680.396,2026-07-02 09:31:20.398,os_data_reads,72950706,72950706,32322.625481,enabled
1782984680.396,2026-07-02 09:31:20.398,os_data_writes,220793770,220793770,97828.173592,enabled
1782984680.396,2026-07-02 09:31:20.398,os_log_bytes_written,124594288128,124594288128,55204599.342671,enabled
1782984680.396,2026-07-02 09:31:20.398,os_log_fsyncs,46809483,46809483,20740.106075,enabled
1782984680.396,2026-07-02 09:31:20.398,os_log_pending_fsyncs,0,0,0.000000,enabled
1782984680.396,2026-07-02 09:31:20.398,os_log_pending_writes,0,0,0.000000,enabled
1782984680.396,2026-07-02 09:31:20.398,trx_rseg_history_len,272,272,0.000000,enabled
1782984681.467,2026-07-02 09:31:21.468,adaptive_hash_searches,0,0,0.000000,enabled
1782984681.467,2026-07-02 09:31:21.468,adaptive_hash_searches_btree,589105401,589105401,260894.340944,enabled
1782984681.467,2026-07-02 09:31:21.468,buffer_data_reads,1191205014016,1191205014016,527543440.919649,enabled
1782984681.467,2026-07-02 09:31:21.468,buffer_data_written,564016807936,564016807936,249783508.165045,enabled
1782984681.467,2026-07-02 09:31:21.468,buffer_pages0_read,7,7,0.003100,enabled
1782984681.467,2026-07-02 09:31:21.468,buffer_pages_created,1812731,1812731,802.795780,enabled
1782984681.467,2026-07-02 09:31:21.468,buffer_pages_read,72910775,72910775,32289.656901,enabled
1782984681.467,2026-07-02 09:31:21.468,buffer_pages_written,24664434,24664434,10923.023579,enabled
1782984681.467,2026-07-02 09:31:21.468,buffer_pool_bytes_data,12852953088,12852953088,0.000000,enabled
1782984681.467,2026-07-02 09:31:21.468,buffer_pool_bytes_dirty,4620369920,4620369920,0.000000,enabled
1782984681.467,2026-07-02 09:31:21.468,buffer_pool_pages_data,784482,784482,0.000000,enabled
1782984681.467,2026-07-02 09:31:21.468,buffer_pool_pages_dirty,282005,282005,0.000000,enabled
1782984681.467,2026-07-02 09:31:21.468,buffer_pool_pages_flushed,24607364,24607364,0.000000,enabled
1782984681.467,2026-07-02 09:31:21.468,buffer_pool_pages_free,1853,1853,0.000000,enabled
1782984681.467,2026-07-02 09:31:21.468,buffer_pool_pages_lru_flushed,0,0,0.000000,enabled
1782984681.467,2026-07-02 09:31:21.468,buffer_pool_pages_misc,96,96,0.000000,enabled
1782984681.467,2026-07-02 09:31:21.468,buffer_pool_pages_total,786432,786432,0.000000,enabled
1782984681.467,2026-07-02 09:31:21.468,buffer_pool_reads,72016611,72016611,31893.663784,enabled
1782984681.467,2026-07-02 09:31:21.468,buffer_pool_read_ahead,803715,803715,355.937545,enabled
1782984681.467,2026-07-02 09:31:21.468,buffer_pool_read_ahead_evicted,25,25,0.011072,enabled
1782984681.467,2026-07-02 09:31:21.468,buffer_pool_read_requests,2836244743,2836244743,1256074.599202,enabled
1782984681.467,2026-07-02 09:31:21.468,buffer_pool_size,12884901888,12884901888,0.000000,enabled
1782984681.467,2026-07-02 09:31:21.468,buffer_pool_wait_free,18945,18945,8.390085,enabled
1782984681.467,2026-07-02 09:31:21.468,buffer_pool_write_requests,599491714,599491714,265494.124109,enabled
1782984681.467,2026-07-02 09:31:21.468,dml_deletes,12885565,12885565,5706.569478,enabled
1782984681.467,2026-07-02 09:31:21.468,dml_inserts,112770969,112770969,49942.347905,enabled
1782984681.467,2026-07-02 09:31:21.468,dml_system_deletes,468,468,0.207261,enabled
1782984681.467,2026-07-02 09:31:21.468,dml_system_inserts,1202,1202,0.532324,enabled
1782984681.467,2026-07-02 09:31:21.468,dml_system_reads,7661,7661,3.392791,enabled
1782984681.467,2026-07-02 09:31:21.468,dml_system_updates,620,620,0.274576,enabled
1782984681.467,2026-07-02 09:31:21.468,dml_updates,25771250,25771250,11413.192090,enabled
1782984681.467,2026-07-02 09:31:21.468,file_num_open_files,35,35,0.000000,enabled
1782984681.467,2026-07-02 09:31:21.468,ibuf_merges,0,0,0.000000,enabled
1782984681.467,2026-07-02 09:31:21.468,ibuf_merges_delete,0,0,0.000000,enabled
1782984681.467,2026-07-02 09:31:21.468,ibuf_merges_delete_mark,0,0,0.000000,enabled
1782984681.467,2026-07-02 09:31:21.468,ibuf_merges_discard_delete,0,0,0.000000,enabled
1782984681.467,2026-07-02 09:31:21.468,ibuf_merges_discard_delete_mark,0,0,0.000000,enabled
1782984681.467,2026-07-02 09:31:21.468,ibuf_merges_discard_insert,0,0,0.000000,enabled
1782984681.467,2026-07-02 09:31:21.468,ibuf_merges_insert,0,0,0.000000,enabled
1782984681.467,2026-07-02 09:31:21.468,ibuf_size,1,1,0.000443,enabled
1782984681.467,2026-07-02 09:31:21.468,innodb_activity_count,17712848,17712848,7844.405675,enabled
1782984681.467,2026-07-02 09:31:21.468,innodb_dblwr_pages_written,24605183,24605183,10896.781594,enabled
1782984681.467,2026-07-02 09:31:21.468,innodb_dblwr_writes,502676,502676,222.617755,enabled
1782984681.467,2026-07-02 09:31:21.468,innodb_page_size,16384,16384,0.000000,enabled
1782984681.467,2026-07-02 09:31:21.468,innodb_rwlock_sx_os_waits,0,0,0.000000,enabled
1782984681.467,2026-07-02 09:31:21.468,innodb_rwlock_sx_spin_rounds,0,0,0.000000,enabled
1782984681.467,2026-07-02 09:31:21.468,innodb_rwlock_sx_spin_waits,0,0,0.000000,enabled
1782984681.467,2026-07-02 09:31:21.468,innodb_rwlock_s_os_waits,0,0,0.000000,enabled
1782984681.467,2026-07-02 09:31:21.468,innodb_rwlock_s_spin_rounds,0,0,0.000000,enabled
1782984681.467,2026-07-02 09:31:21.468,innodb_rwlock_s_spin_waits,0,0,0.000000,enabled
1782984681.467,2026-07-02 09:31:21.468,innodb_rwlock_x_os_waits,0,0,0.000000,enabled
1782984681.467,2026-07-02 09:31:21.468,innodb_rwlock_x_spin_rounds,0,0,0.000000,enabled
1782984681.467,2026-07-02 09:31:21.468,innodb_rwlock_x_spin_waits,0,0,0.000000,enabled
1782984681.467,2026-07-02 09:31:21.468,lock_deadlocks,0,0,0.000000,enabled
1782984681.467,2026-07-02 09:31:21.468,lock_deadlock_false_positives,0,0,0.000000,enabled
1782984681.467,2026-07-02 09:31:21.468,lock_deadlock_rounds,2495,2495,1.104949,enabled
1782984681.467,2026-07-02 09:31:21.468,lock_rec_grant_attempts,425,425,0.188218,enabled
1782984681.467,2026-07-02 09:31:21.468,lock_rec_release_attempts,39164980,39164980,17344.813955,enabled
1782984681.467,2026-07-02 09:31:21.468,lock_row_lock_current_waits,0,0,0.000000,enabled
1782984681.467,2026-07-02 09:31:21.468,lock_row_lock_time,323,323,0.143046,enabled
1782984681.467,2026-07-02 09:31:21.468,lock_row_lock_time_avg,0,0,0.000000,enabled
1782984681.467,2026-07-02 09:31:21.468,lock_row_lock_time_max,29,29,0.000000,enabled
1782984681.467,2026-07-02 09:31:21.468,lock_row_lock_waits,425,425,0.188218,enabled
1782984681.467,2026-07-02 09:31:21.468,lock_schedule_refreshes,2495,2495,1.104949,enabled
1782984681.467,2026-07-02 09:31:21.468,lock_threads_waiting,0,0,0.000000,enabled
1782984681.467,2026-07-02 09:31:21.468,lock_timeouts,0,0,0.000000,enabled
1782984681.467,2026-07-02 09:31:21.468,log_waits,0,0,0.000000,enabled
1782984681.467,2026-07-02 09:31:21.468,log_writes,195449036,195449036,86557.599059,enabled
1782984681.467,2026-07-02 09:31:21.468,log_write_requests,403751855,403751855,178807.692924,enabled
1782984681.467,2026-07-02 09:31:21.468,os_data_fsyncs,53491718,53491718,23689.627403,enabled
1782984681.467,2026-07-02 09:31:21.468,os_data_reads,73005151,73005151,32331.450427,enabled
1782984681.467,2026-07-02 09:31:21.468,os_data_writes,220886253,220886253,97822.863653,enabled
1782984681.467,2026-07-02 09:31:21.468,os_log_bytes_written,124633798144,124633798144,55195988.166673,enabled
1782984681.467,2026-07-02 09:31:21.468,os_log_fsyncs,46834225,46834225,20741.254499,enabled
1782984681.467,2026-07-02 09:31:21.468,os_log_pending_fsyncs,1,1,0.000443,enabled
1782984681.467,2026-07-02 09:31:21.468,os_log_pending_writes,1,1,0.000443,enabled
1782984681.467,2026-07-02 09:31:21.468,trx_rseg_history_len,95,95,0.000000,enabled
1782984682.534,2026-07-02 09:31:22.536,adaptive_hash_searches,0,0,0.000000,enabled
1782984682.534,2026-07-02 09:31:22.536,adaptive_hash_searches_btree,589267586,589267586,260842.685809,enabled
1782984682.534,2026-07-02 09:31:22.536,buffer_data_reads,1192098220544,1192098220544,527689204.934043,enabled
1782984682.534,2026-07-02 09:31:22.536,buffer_data_written,564315332608,564315332608,249797461.147988,enabled
1782984682.534,2026-07-02 09:31:22.536,buffer_pages0_read,7,7,0.003099,enabled
1782984682.534,2026-07-02 09:31:22.536,buffer_pages_created,1812760,1812760,802.428756,enabled
1782984682.534,2026-07-02 09:31:22.536,buffer_pages_read,72965437,72965437,32298.574777,enabled
1782984682.534,2026-07-02 09:31:22.536,buffer_pages_written,24679840,24679840,10924.674656,enabled
1782984682.534,2026-07-02 09:31:22.536,buffer_pool_bytes_data,12850151424,12850151424,0.000000,enabled
1782984682.534,2026-07-02 09:31:22.536,buffer_pool_bytes_dirty,4626268160,4626268160,0.000000,enabled
1782984682.534,2026-07-02 09:31:22.536,buffer_pool_pages_data,784312,784312,0.000000,enabled
1782984682.534,2026-07-02 09:31:22.536,buffer_pool_pages_dirty,282365,282365,0.000000,enabled
1782984682.534,2026-07-02 09:31:22.536,buffer_pool_pages_flushed,24622770,24622770,0.000000,enabled
1782984682.534,2026-07-02 09:31:22.536,buffer_pool_pages_free,2025,2025,0.000000,enabled
1782984682.534,2026-07-02 09:31:22.536,buffer_pool_pages_lru_flushed,0,0,0.000000,enabled
1782984682.534,2026-07-02 09:31:22.536,buffer_pool_pages_misc,97,97,0.000000,enabled
1782984682.534,2026-07-02 09:31:22.536,buffer_pool_pages_total,786432,786432,0.000000,enabled
1782984682.534,2026-07-02 09:31:22.536,buffer_pool_reads,72071217,72071217,31902.744275,enabled
1782984682.534,2026-07-02 09:31:22.536,buffer_pool_read_ahead,803715,803715,355.769125,enabled
1782984682.534,2026-07-02 09:31:22.536,buffer_pool_read_ahead_evicted,25,25,0.011066,enabled
1782984682.534,2026-07-02 09:31:22.536,buffer_pool_read_requests,2837044990,2837044990,1255834.494121,enabled
1782984682.534,2026-07-02 09:31:22.536,buffer_pool_size,12884901888,12884901888,0.000000,enabled
1782984682.534,2026-07-02 09:31:22.536,buffer_pool_wait_free,18945,18945,8.386115,enabled
1782984682.534,2026-07-02 09:31:22.536,buffer_pool_write_requests,599598849,599598849,265415.923686,enabled
1782984682.534,2026-07-02 09:31:22.536,dml_deletes,12890250,12890250,5705.943123,enabled
1782984682.534,2026-07-02 09:31:22.536,dml_inserts,112775654,112775654,49920.790357,enabled
1782984682.534,2026-07-02 09:31:22.536,dml_system_deletes,468,468,0.207163,enabled
1782984682.534,2026-07-02 09:31:22.536,dml_system_inserts,1202,1202,0.532072,enabled
1782984682.534,2026-07-02 09:31:22.536,dml_system_reads,7661,7661,3.391186,enabled
1782984682.534,2026-07-02 09:31:22.536,dml_system_updates,620,620,0.274447,enabled
1782984682.534,2026-07-02 09:31:22.536,dml_updates,25780614,25780614,11411.936696,enabled
1782984682.534,2026-07-02 09:31:22.536,file_num_open_files,35,35,0.000000,enabled
1782984682.534,2026-07-02 09:31:22.536,ibuf_merges,0,0,0.000000,enabled
1782984682.534,2026-07-02 09:31:22.536,ibuf_merges_delete,0,0,0.000000,enabled
1782984682.534,2026-07-02 09:31:22.536,ibuf_merges_delete_mark,0,0,0.000000,enabled
1782984682.534,2026-07-02 09:31:22.536,ibuf_merges_discard_delete,0,0,0.000000,enabled
1782984682.534,2026-07-02 09:31:22.536,ibuf_merges_discard_delete_mark,0,0,0.000000,enabled
1782984682.534,2026-07-02 09:31:22.536,ibuf_merges_discard_insert,0,0,0.000000,enabled
1782984682.534,2026-07-02 09:31:22.536,ibuf_merges_insert,0,0,0.000000,enabled
1782984682.534,2026-07-02 09:31:22.536,ibuf_size,1,1,0.000443,enabled
1782984682.534,2026-07-02 09:31:22.536,innodb_activity_count,17718230,17718230,7843.076305,enabled
1782984682.534,2026-07-02 09:31:22.536,innodb_dblwr_pages_written,24620589,24620589,10898.445089,enabled
1782984682.534,2026-07-02 09:31:22.536,innodb_dblwr_writes,503013,503013,222.661593,enabled
1782984682.534,2026-07-02 09:31:22.536,innodb_page_size,16384,16384,0.000000,enabled
1782984682.534,2026-07-02 09:31:22.536,innodb_rwlock_sx_os_waits,0,0,0.000000,enabled
1782984682.534,2026-07-02 09:31:22.536,innodb_rwlock_sx_spin_rounds,0,0,0.000000,enabled
1782984682.534,2026-07-02 09:31:22.536,innodb_rwlock_sx_spin_waits,0,0,0.000000,enabled
1782984682.534,2026-07-02 09:31:22.536,innodb_rwlock_s_os_waits,0,0,0.000000,enabled
1782984682.534,2026-07-02 09:31:22.536,innodb_rwlock_s_spin_rounds,0,0,0.000000,enabled
1782984682.534,2026-07-02 09:31:22.536,innodb_rwlock_s_spin_waits,0,0,0.000000,enabled
1782984682.534,2026-07-02 09:31:22.536,innodb_rwlock_x_os_waits,0,0,0.000000,enabled
1782984682.534,2026-07-02 09:31:22.536,innodb_rwlock_x_spin_rounds,0,0,0.000000,enabled
1782984682.534,2026-07-02 09:31:22.536,innodb_rwlock_x_spin_waits,0,0,0.000000,enabled
1782984682.534,2026-07-02 09:31:22.536,lock_deadlocks,0,0,0.000000,enabled
1782984682.534,2026-07-02 09:31:22.536,lock_deadlock_false_positives,0,0,0.000000,enabled
1782984682.534,2026-07-02 09:31:22.536,lock_deadlock_rounds,2496,2496,1.104869,enabled
1782984682.534,2026-07-02 09:31:22.536,lock_rec_grant_attempts,425,425,0.188129,enabled
1782984682.534,2026-07-02 09:31:22.536,lock_rec_release_attempts,39179206,39179206,17342.904118,enabled
1782984682.534,2026-07-02 09:31:22.536,lock_row_lock_current_waits,0,0,0.000000,enabled
1782984682.534,2026-07-02 09:31:22.536,lock_row_lock_time,323,323,0.142978,enabled
1782984682.534,2026-07-02 09:31:22.536,lock_row_lock_time_avg,0,0,0.000000,enabled
1782984682.534,2026-07-02 09:31:22.536,lock_row_lock_time_max,29,29,0.000000,enabled
1782984682.534,2026-07-02 09:31:22.536,lock_row_lock_waits,425,425,0.188129,enabled
1782984682.534,2026-07-02 09:31:22.536,lock_schedule_refreshes,2496,2496,1.104869,enabled
1782984682.534,2026-07-02 09:31:22.536,lock_threads_waiting,0,0,0.000000,enabled
1782984682.534,2026-07-02 09:31:22.536,lock_timeouts,0,0,0.000000,enabled
1782984682.534,2026-07-02 09:31:22.536,log_waits,0,0,0.000000,enabled
1782984682.534,2026-07-02 09:31:22.536,log_writes,195526183,195526183,86550.792352,enabled
1782984682.534,2026-07-02 09:31:22.536,log_write_requests,403830457,403830457,178757.880526,enabled
1782984682.534,2026-07-02 09:31:22.536,os_data_fsyncs,53520048,53520048,23690.958719,enabled
1782984682.534,2026-07-02 09:31:22.536,os_data_reads,73059664,73059664,32340.282778,enabled
1782984682.534,2026-07-02 09:31:22.536,os_data_writes,220979073,220979073,97817.664523,enabled
1782984682.534,2026-07-02 09:31:22.536,os_log_bytes_written,124674178048,124674178048,55187745.723745,enabled
1782984682.534,2026-07-02 09:31:22.536,os_log_fsyncs,46858063,46858063,20741.992480,enabled
1782984682.534,2026-07-02 09:31:22.536,os_log_pending_fsyncs,1,1,0.000443,enabled
1782984682.534,2026-07-02 09:31:22.536,os_log_pending_writes,0,0,0.000000,enabled
1782984682.534,2026-07-02 09:31:22.536,trx_rseg_history_len,1189,1189,0.000000,enabled
1782984683.603,2026-07-02 09:31:23.605,adaptive_hash_searches,0,0,0.000000,enabled
1782984683.603,2026-07-02 09:31:23.605,adaptive_hash_searches_btree,589434851,589434851,260793.019034,enabled
1782984683.603,2026-07-02 09:31:23.605,buffer_data_reads,1193025997312,1193025997312,527849505.665962,enabled
1782984683.603,2026-07-02 09:31:23.605,buffer_data_written,564619594240,564619594240,249813645.371335,enabled
1782984683.603,2026-07-02 09:31:23.605,buffer_pages0_read,7,7,0.003097,enabled
1782984683.603,2026-07-02 09:31:23.605,buffer_pages_created,1812790,1812790,802.061578,enabled
1782984683.603,2026-07-02 09:31:23.605,buffer_pages_read,73022233,73022233,32308.390385,enabled
1782984683.603,2026-07-02 09:31:23.605,buffer_pages_written,24695473,24695473,10926.411759,enabled
1782984683.603,2026-07-02 09:31:23.605,buffer_pool_bytes_data,12856967168,12856967168,0.000000,enabled
1782984683.603,2026-07-02 09:31:23.605,buffer_pool_bytes_dirty,4635181056,4635181056,0.000000,enabled
1782984683.603,2026-07-02 09:31:23.605,buffer_pool_pages_data,784726,784726,0.000000,enabled
1782984683.603,2026-07-02 09:31:23.605,buffer_pool_pages_dirty,282909,282909,0.000000,enabled
1782984683.603,2026-07-02 09:31:23.605,buffer_pool_pages_flushed,24638398,24638398,0.000000,enabled
1782984683.603,2026-07-02 09:31:23.605,buffer_pool_pages_free,1609,1609,0.000000,enabled
1782984683.603,2026-07-02 09:31:23.605,buffer_pool_pages_lru_flushed,0,0,0.000000,enabled
1782984683.603,2026-07-02 09:31:23.605,buffer_pool_pages_misc,97,97,0.000000,enabled
1782984683.603,2026-07-02 09:31:23.605,buffer_pool_pages_total,786432,786432,0.000000,enabled
1782984683.603,2026-07-02 09:31:23.605,buffer_pool_reads,72127955,72127955,31912.721851,enabled
1782984683.603,2026-07-02 09:31:23.605,buffer_pool_read_ahead,803715,803715,355.600446,enabled
1782984683.603,2026-07-02 09:31:23.605,buffer_pool_read_ahead_evicted,25,25,0.011061,enabled
1782984683.603,2026-07-02 09:31:23.605,buffer_pool_read_requests,2837874351,2837874351,1255606.017846,enabled
1782984683.603,2026-07-02 09:31:23.605,buffer_pool_size,12884901888,12884901888,0.000000,enabled
1782984683.603,2026-07-02 09:31:23.605,buffer_pool_wait_free,18945,18945,8.382139,enabled
1782984683.603,2026-07-02 09:31:23.605,buffer_pool_write_requests,599711852,599711852,265340.080874,enabled
1782984683.603,2026-07-02 09:31:23.605,dml_deletes,12895078,12895078,5705.373903,enabled
1782984683.603,2026-07-02 09:31:23.605,dml_inserts,112780483,112780483,49899.258090,enabled
1782984683.603,2026-07-02 09:31:23.605,dml_system_deletes,468,468,0.207065,enabled
1782984683.603,2026-07-02 09:31:23.605,dml_system_inserts,1202,1202,0.531820,enabled
1782984683.603,2026-07-02 09:31:23.605,dml_system_reads,7661,7661,3.389578,enabled
1782984683.603,2026-07-02 09:31:23.605,dml_system_updates,620,620,0.274316,enabled
1782984683.603,2026-07-02 09:31:23.605,dml_updates,25790275,25790275,11410.800444,enabled
1782984683.603,2026-07-02 09:31:23.605,file_num_open_files,35,35,0.000000,enabled
1782984683.603,2026-07-02 09:31:23.605,ibuf_merges,0,0,0.000000,enabled
1782984683.603,2026-07-02 09:31:23.605,ibuf_merges_delete,0,0,0.000000,enabled
1782984683.603,2026-07-02 09:31:23.605,ibuf_merges_delete_mark,0,0,0.000000,enabled
1782984683.603,2026-07-02 09:31:23.605,ibuf_merges_discard_delete,0,0,0.000000,enabled
1782984683.603,2026-07-02 09:31:23.605,ibuf_merges_discard_delete_mark,0,0,0.000000,enabled
1782984683.603,2026-07-02 09:31:23.605,ibuf_merges_discard_insert,0,0,0.000000,enabled
1782984683.603,2026-07-02 09:31:23.605,ibuf_merges_insert,0,0,0.000000,enabled
1782984683.603,2026-07-02 09:31:23.605,ibuf_size,1,1,0.000442,enabled
1782984683.603,2026-07-02 09:31:23.605,innodb_activity_count,17723778,17723778,7841.812378,enabled
1782984683.603,2026-07-02 09:31:23.605,innodb_dblwr_pages_written,24636217,24636217,10900.192385,enabled
1782984683.603,2026-07-02 09:31:23.605,innodb_dblwr_writes,503389,503389,222.722383,enabled
1782984683.603,2026-07-02 09:31:23.605,innodb_page_size,16384,16384,0.000000,enabled
1782984683.603,2026-07-02 09:31:23.605,innodb_rwlock_sx_os_waits,0,0,0.000000,enabled
1782984683.603,2026-07-02 09:31:23.605,innodb_rwlock_sx_spin_rounds,0,0,0.000000,enabled
1782984683.603,2026-07-02 09:31:23.605,innodb_rwlock_sx_spin_waits,0,0,0.000000,enabled
1782984683.603,2026-07-02 09:31:23.605,innodb_rwlock_s_os_waits,0,0,0.000000,enabled
1782984683.603,2026-07-02 09:31:23.605,innodb_rwlock_s_spin_rounds,0,0,0.000000,enabled
1782984683.603,2026-07-02 09:31:23.605,innodb_rwlock_s_spin_waits,0,0,0.000000,enabled
1782984683.603,2026-07-02 09:31:23.605,innodb_rwlock_x_os_waits,0,0,0.000000,enabled
1782984683.603,2026-07-02 09:31:23.605,innodb_rwlock_x_spin_rounds,0,0,0.000000,enabled
1782984683.603,2026-07-02 09:31:23.605,innodb_rwlock_x_spin_waits,0,0,0.000000,enabled
1782984683.603,2026-07-02 09:31:23.605,lock_deadlocks,0,0,0.000000,enabled
1782984683.603,2026-07-02 09:31:23.605,lock_deadlock_false_positives,0,0,0.000000,enabled
1782984683.603,2026-07-02 09:31:23.605,lock_deadlock_rounds,2497,2497,1.104788,enabled
1782984683.603,2026-07-02 09:31:23.605,lock_rec_grant_attempts,425,425,0.188040,enabled
1782984683.603,2026-07-02 09:31:23.605,lock_rec_release_attempts,39193894,39193894,17341.180015,enabled
1782984683.603,2026-07-02 09:31:23.605,lock_row_lock_current_waits,0,0,0.000000,enabled
1782984683.603,2026-07-02 09:31:23.605,lock_row_lock_time,323,323,0.142910,enabled
1782984683.603,2026-07-02 09:31:23.605,lock_row_lock_time_avg,0,0,0.000000,enabled
1782984683.603,2026-07-02 09:31:23.605,lock_row_lock_time_max,29,29,0.000000,enabled
1782984683.603,2026-07-02 09:31:23.605,lock_row_lock_waits,425,425,0.188040,enabled
1782984683.603,2026-07-02 09:31:23.605,lock_schedule_refreshes,2497,2497,1.104788,enabled
1782984683.603,2026-07-02 09:31:23.605,lock_threads_waiting,0,0,0.000000,enabled
1782984683.603,2026-07-02 09:31:23.605,lock_timeouts,0,0,0.000000,enabled
1782984683.603,2026-07-02 09:31:23.605,log_waits,0,0,0.000000,enabled
1782984683.603,2026-07-02 09:31:23.605,log_writes,195605620,195605620,86544.903097,enabled
1782984683.603,2026-07-02 09:31:23.605,log_write_requests,403912546,403912546,178709.447011,enabled
1782984683.603,2026-07-02 09:31:23.605,os_data_fsyncs,53553313,53553313,23694.444160,enabled
1782984683.603,2026-07-02 09:31:23.605,os_data_reads,73116276,73116276,32349.997133,enabled
1782984683.603,2026-07-02 09:31:23.605,os_data_writes,221074456,221074456,97813.488356,enabled
1782984683.603,2026-07-02 09:31:23.605,os_log_bytes_written,124715770368,124715770368,55179982.059672,enabled
1782984683.603,2026-07-02 09:31:23.605,os_log_fsyncs,46886358,46886358,20744.677140,enabled
1782984683.603,2026-07-02 09:31:23.605,os_log_pending_fsyncs,0,0,0.000000,enabled
1782984683.603,2026-07-02 09:31:23.605,os_log_pending_writes,0,0,0.000000,enabled
1782984683.603,2026-07-02 09:31:23.605,trx_rseg_history_len,1208,1208,0.000000,enabled
1782984684.675,2026-07-02 09:31:24.677,adaptive_hash_searches,0,0,0.000000,enabled
1782984684.675,2026-07-02 09:31:24.677,adaptive_hash_searches_btree,589601669,589601669,260743.036147,enabled
1782984684.675,2026-07-02 09:31:24.677,buffer_data_reads,1193952709120,1193952709120,528008840.807006,enabled
1782984684.675,2026-07-02 09:31:24.677,buffer_data_written,564929293312,564929293312,249832056.797172,enabled
1782984684.675,2026-07-02 09:31:24.677,buffer_pages0_read,7,7,0.003096,enabled
1782984684.675,2026-07-02 09:31:24.677,buffer_pages_created,1812826,1812826,801.696882,enabled
1782984684.675,2026-07-02 09:31:24.677,buffer_pages_read,73078952,73078952,32318.141675,enabled
1782984684.675,2026-07-02 09:31:24.677,buffer_pages_written,24711513,24711513,10928.320118,enabled
1782984684.675,2026-07-02 09:31:24.677,buffer_pool_bytes_data,12849217536,12849217536,0.000000,enabled
1782984684.675,2026-07-02 09:31:24.677,buffer_pool_bytes_dirty,4638375936,4638375936,0.000000,enabled
1782984684.675,2026-07-02 09:31:24.677,buffer_pool_pages_data,784254,784254,0.000000,enabled
1782984684.675,2026-07-02 09:31:24.677,buffer_pool_pages_dirty,283104,283104,0.000000,enabled
1782984684.675,2026-07-02 09:31:24.677,buffer_pool_pages_flushed,24654407,24654407,0.000000,enabled
1782984684.675,2026-07-02 09:31:24.677,buffer_pool_pages_free,2082,2082,0.000000,enabled
1782984684.675,2026-07-02 09:31:24.677,buffer_pool_pages_lru_flushed,0,0,0.000000,enabled
1782984684.675,2026-07-02 09:31:24.677,buffer_pool_pages_misc,96,96,0.000000,enabled
1782984684.675,2026-07-02 09:31:24.677,buffer_pool_pages_total,786432,786432,0.000000,enabled
1782984684.675,2026-07-02 09:31:24.677,buffer_pool_reads,72184613,72184613,31922.633965,enabled
1782984684.675,2026-07-02 09:31:24.677,buffer_pool_read_ahead,803715,803715,355.431697,enabled
1782984684.675,2026-07-02 09:31:24.677,buffer_pool_read_ahead_evicted,25,25,0.011056,enabled
1782984684.675,2026-07-02 09:31:24.677,buffer_pool_read_requests,2838701079,2838701079,1255375.782697,enabled
1782984684.675,2026-07-02 09:31:24.677,buffer_pool_size,12884901888,12884901888,0.000000,enabled
1782984684.675,2026-07-02 09:31:24.677,buffer_pool_wait_free,18945,18945,8.378161,enabled
1782984684.675,2026-07-02 09:31:24.677,buffer_pool_write_requests,599824821,599824821,265264.123432,enabled
1782984684.675,2026-07-02 09:31:24.677,dml_deletes,12899893,12899893,5704.795887,enabled
1782984684.675,2026-07-02 09:31:24.677,dml_inserts,112785298,112785298,49877.708647,enabled
1782984684.675,2026-07-02 09:31:24.677,dml_system_deletes,468,468,0.206966,enabled
1782984684.675,2026-07-02 09:31:24.677,dml_system_inserts,1202,1202,0.531568,enabled
1782984684.675,2026-07-02 09:31:24.677,dml_system_reads,7661,7661,3.387969,enabled
1782984684.675,2026-07-02 09:31:24.677,dml_system_updates,620,620,0.274186,enabled
1782984684.675,2026-07-02 09:31:24.677,dml_updates,25799907,25799907,11409.645274,enabled
1782984684.675,2026-07-02 09:31:24.677,file_num_open_files,35,35,0.000000,enabled
1782984684.675,2026-07-02 09:31:24.677,ibuf_merges,0,0,0.000000,enabled
1782984684.675,2026-07-02 09:31:24.677,ibuf_merges_delete,0,0,0.000000,enabled
1782984684.675,2026-07-02 09:31:24.677,ibuf_merges_delete_mark,0,0,0.000000,enabled
1782984684.675,2026-07-02 09:31:24.677,ibuf_merges_discard_delete,0,0,0.000000,enabled
1782984684.675,2026-07-02 09:31:24.677,ibuf_merges_discard_delete_mark,0,0,0.000000,enabled
1782984684.675,2026-07-02 09:31:24.677,ibuf_merges_discard_insert,0,0,0.000000,enabled
1782984684.675,2026-07-02 09:31:24.677,ibuf_merges_insert,0,0,0.000000,enabled
1782984684.675,2026-07-02 09:31:24.677,ibuf_size,1,1,0.000442,enabled
1782984684.675,2026-07-02 09:31:24.677,innodb_activity_count,17729308,17729308,7840.536731,enabled
1782984684.675,2026-07-02 09:31:24.677,innodb_dblwr_pages_written,24652263,24652263,10902.115996,enabled
1782984684.675,2026-07-02 09:31:24.677,innodb_dblwr_writes,503775,503775,222.787396,enabled
1782984684.675,2026-07-02 09:31:24.677,innodb_page_size,16384,16384,0.000000,enabled
1782984684.675,2026-07-02 09:31:24.677,innodb_rwlock_sx_os_waits,0,0,0.000000,enabled
1782984684.675,2026-07-02 09:31:24.677,innodb_rwlock_sx_spin_rounds,0,0,0.000000,enabled
1782984684.675,2026-07-02 09:31:24.677,innodb_rwlock_sx_spin_waits,0,0,0.000000,enabled
1782984684.675,2026-07-02 09:31:24.677,innodb_rwlock_s_os_waits,0,0,0.000000,enabled
1782984684.675,2026-07-02 09:31:24.677,innodb_rwlock_s_spin_rounds,0,0,0.000000,enabled
1782984684.675,2026-07-02 09:31:24.677,innodb_rwlock_s_spin_waits,0,0,0.000000,enabled
1782984684.675,2026-07-02 09:31:24.677,innodb_rwlock_x_os_waits,0,0,0.000000,enabled
1782984684.675,2026-07-02 09:31:24.677,innodb_rwlock_x_spin_rounds,0,0,0.000000,enabled
1782984684.675,2026-07-02 09:31:24.677,innodb_rwlock_x_spin_waits,0,0,0.000000,enabled
1782984684.675,2026-07-02 09:31:24.677,lock_deadlocks,0,0,0.000000,enabled
1782984684.675,2026-07-02 09:31:24.677,lock_deadlock_false_positives,0,0,0.000000,enabled
1782984684.675,2026-07-02 09:31:24.677,lock_deadlock_rounds,2498,2498,1.104706,enabled
1782984684.675,2026-07-02 09:31:24.677,lock_rec_grant_attempts,425,425,0.187950,enabled
1782984684.675,2026-07-02 09:31:24.677,lock_rec_release_attempts,39208549,39208549,17339.431801,enabled
1782984684.675,2026-07-02 09:31:24.677,lock_row_lock_current_waits,0,0,0.000000,enabled
1782984684.675,2026-07-02 09:31:24.677,lock_row_lock_time,323,323,0.142842,enabled
1782984684.675,2026-07-02 09:31:24.677,lock_row_lock_time_avg,0,0,0.000000,enabled
1782984684.675,2026-07-02 09:31:24.677,lock_row_lock_time_max,29,29,0.000000,enabled
1782984684.675,2026-07-02 09:31:24.677,lock_row_lock_waits,425,425,0.187950,enabled
1782984684.675,2026-07-02 09:31:24.677,lock_schedule_refreshes,2498,2498,1.104706,enabled
1782984684.675,2026-07-02 09:31:24.677,lock_threads_waiting,0,0,0.000000,enabled
1782984684.675,2026-07-02 09:31:24.677,lock_timeouts,0,0,0.000000,enabled
1782984684.675,2026-07-02 09:31:24.677,log_waits,0,0,0.000000,enabled
1782984684.675,2026-07-02 09:31:24.677,log_writes,195685132,195685132,86538.997037,enabled
1782984684.675,2026-07-02 09:31:24.677,log_write_requests,403994411,403994411,178660.845620,enabled
1782984684.675,2026-07-02 09:31:24.677,os_data_fsyncs,53585985,53585985,23697.648839,enabled
1782984684.675,2026-07-02 09:31:24.677,os_data_reads,73172842,73172842,32359.661153,enabled
1782984684.675,2026-07-02 09:31:24.677,os_data_writes,221170274,221170274,97809.445718,enabled
1782984684.675,2026-07-02 09:31:24.677,os_log_bytes_written,124757335552,124757335552,55172178.373671,enabled
1782984684.675,2026-07-02 09:31:24.677,os_log_fsyncs,46914106,46914106,20747.104056,enabled
1782984684.675,2026-07-02 09:31:24.677,os_log_pending_fsyncs,1,1,0.000442,enabled
1782984684.675,2026-07-02 09:31:24.677,os_log_pending_writes,0,0,0.000000,enabled
1782984684.675,2026-07-02 09:31:24.677,trx_rseg_history_len,1188,1188,0.000000,enabled
1782984685.748,2026-07-02 09:31:25.750,adaptive_hash_searches,0,0,0.000000,enabled
1782984685.748,2026-07-02 09:31:25.750,adaptive_hash_searches_btree,589768954,589768954,260693.466562,enabled
1782984685.748,2026-07-02 09:31:25.750,buffer_data_reads,1194882320896,1194882320896,528169643.760298,enabled
1782984685.748,2026-07-02 09:31:25.750,buffer_data_written,565238319104,565238319104,249850312.570698,enabled
1782984685.748,2026-07-02 09:31:25.750,buffer_pages0_read,7,7,0.003094,enabled
1782984685.748,2026-07-02 09:31:25.750,buffer_pages_created,1812864,1812864,801.333927,enabled
1782984685.748,2026-07-02 09:31:25.750,buffer_pages_read,73135861,73135861,32327.988331,enabled
1782984685.748,2026-07-02 09:31:25.750,buffer_pages_written,24727499,24727499,10930.209765,enabled
1782984685.748,2026-07-02 09:31:25.750,buffer_pool_bytes_data,12847316992,12847316992,0.000000,enabled
1782984685.748,2026-07-02 09:31:25.750,buffer_pool_bytes_dirty,4642226176,4642226176,0.000000,enabled
1782984685.748,2026-07-02 09:31:25.750,buffer_pool_pages_data,784138,784138,0.000000,enabled
1782984685.748,2026-07-02 09:31:25.750,buffer_pool_pages_dirty,283339,283339,0.000000,enabled
1782984685.748,2026-07-02 09:31:25.750,buffer_pool_pages_flushed,24670412,24670412,0.000000,enabled
1782984685.748,2026-07-02 09:31:25.750,buffer_pool_pages_free,2198,2198,0.000000,enabled
1782984685.748,2026-07-02 09:31:25.750,buffer_pool_pages_lru_flushed,0,0,0.000000,enabled
1782984685.748,2026-07-02 09:31:25.750,buffer_pool_pages_misc,96,96,0.000000,enabled
1782984685.748,2026-07-02 09:31:25.750,buffer_pool_pages_total,786432,786432,0.000000,enabled
1782984685.748,2026-07-02 09:31:25.750,buffer_pool_reads,72241460,72241460,31932.640619,enabled
1782984685.748,2026-07-02 09:31:25.750,buffer_pool_read_ahead,803715,803715,355.263334,enabled
1782984685.748,2026-07-02 09:31:25.750,buffer_pool_read_ahead_evicted,25,25,0.011051,enabled
1782984685.748,2026-07-02 09:31:25.750,buffer_pool_read_requests,2839530318,2839530318,1255147.675112,enabled
1782984685.748,2026-07-02 09:31:25.750,buffer_pool_size,12884901888,12884901888,0.000000,enabled
1782984685.748,2026-07-02 09:31:25.750,buffer_pool_wait_free,18945,18945,8.374192,enabled
1782984685.748,2026-07-02 09:31:25.750,buffer_pool_write_requests,599937658,599937658,265188.348661,enabled
1782984685.748,2026-07-02 09:31:25.750,dml_deletes,12904727,12904727,5704.230262,enabled
1782984685.748,2026-07-02 09:31:25.750,dml_inserts,112790132,112790132,49856.218191,enabled
1782984685.748,2026-07-02 09:31:25.750,dml_system_deletes,468,468,0.206868,enabled
1782984685.748,2026-07-02 09:31:25.750,dml_system_inserts,1202,1202,0.531316,enabled
1782984685.748,2026-07-02 09:31:25.750,dml_system_reads,7661,7661,3.386364,enabled
1782984685.748,2026-07-02 09:31:25.750,dml_system_updates,620,620,0.274056,enabled
1782984685.748,2026-07-02 09:31:25.750,dml_updates,25809570,25809570,11408.511787,enabled
1782984685.748,2026-07-02 09:31:25.750,file_num_open_files,35,35,0.000000,enabled
1782984685.748,2026-07-02 09:31:25.750,ibuf_merges,0,0,0.000000,enabled
1782984685.748,2026-07-02 09:31:25.750,ibuf_merges_delete,0,0,0.000000,enabled
1782984685.748,2026-07-02 09:31:25.750,ibuf_merges_delete_mark,0,0,0.000000,enabled
1782984685.748,2026-07-02 09:31:25.750,ibuf_merges_discard_delete,0,0,0.000000,enabled
1782984685.748,2026-07-02 09:31:25.750,ibuf_merges_discard_delete_mark,0,0,0.000000,enabled
1782984685.748,2026-07-02 09:31:25.750,ibuf_merges_discard_insert,0,0,0.000000,enabled
1782984685.748,2026-07-02 09:31:25.750,ibuf_merges_insert,0,0,0.000000,enabled
1782984685.748,2026-07-02 09:31:25.750,ibuf_size,1,1,0.000442,enabled
1782984685.748,2026-07-02 09:31:25.750,innodb_activity_count,17734866,17734866,7839.279442,enabled
1782984685.748,2026-07-02 09:31:25.750,innodb_dblwr_pages_written,24668275,24668275,10904.029370,enabled
1782984685.748,2026-07-02 09:31:25.750,innodb_dblwr_writes,504129,504129,222.838339,enabled
1782984685.748,2026-07-02 09:31:25.750,innodb_page_size,16384,16384,0.000000,enabled
1782984685.748,2026-07-02 09:31:25.750,innodb_rwlock_sx_os_waits,0,0,0.000000,enabled
1782984685.748,2026-07-02 09:31:25.750,innodb_rwlock_sx_spin_rounds,0,0,0.000000,enabled
1782984685.748,2026-07-02 09:31:25.750,innodb_rwlock_sx_spin_waits,0,0,0.000000,enabled
1782984685.748,2026-07-02 09:31:25.750,innodb_rwlock_s_os_waits,0,0,0.000000,enabled
1782984685.748,2026-07-02 09:31:25.750,innodb_rwlock_s_spin_rounds,0,0,0.000000,enabled
1782984685.748,2026-07-02 09:31:25.750,innodb_rwlock_s_spin_waits,0,0,0.000000,enabled
1782984685.748,2026-07-02 09:31:25.750,innodb_rwlock_x_os_waits,0,0,0.000000,enabled
1782984685.748,2026-07-02 09:31:25.750,innodb_rwlock_x_spin_rounds,0,0,0.000000,enabled
1782984685.748,2026-07-02 09:31:25.750,innodb_rwlock_x_spin_waits,0,0,0.000000,enabled
1782984685.748,2026-07-02 09:31:25.750,lock_deadlocks,0,0,0.000000,enabled
1782984685.748,2026-07-02 09:31:25.750,lock_deadlock_false_positives,0,0,0.000000,enabled
1782984685.748,2026-07-02 09:31:25.750,lock_deadlock_rounds,2499,2499,1.104624,enabled
1782984685.748,2026-07-02 09:31:25.750,lock_rec_grant_attempts,425,425,0.187861,enabled
1782984685.748,2026-07-02 09:31:25.750,lock_rec_release_attempts,39223239,39223239,17337.711863,enabled
1782984685.748,2026-07-02 09:31:25.750,lock_row_lock_current_waits,0,0,0.000000,enabled
1782984685.748,2026-07-02 09:31:25.750,lock_row_lock_time,323,323,0.142775,enabled
1782984685.748,2026-07-02 09:31:25.750,lock_row_lock_time_avg,0,0,0.000000,enabled
1782984685.748,2026-07-02 09:31:25.750,lock_row_lock_time_max,29,29,0.000000,enabled
1782984685.748,2026-07-02 09:31:25.750,lock_row_lock_waits,425,425,0.187861,enabled
1782984685.748,2026-07-02 09:31:25.750,lock_schedule_refreshes,2499,2499,1.104624,enabled
1782984685.748,2026-07-02 09:31:25.750,lock_threads_waiting,0,0,0.000000,enabled
1782984685.748,2026-07-02 09:31:25.750,lock_timeouts,0,0,0.000000,enabled
1782984685.748,2026-07-02 09:31:25.750,log_waits,0,0,0.000000,enabled
1782984685.748,2026-07-02 09:31:25.750,log_writes,195763541,195763541,86532.662628,enabled
1782984685.748,2026-07-02 09:31:25.750,log_write_requests,404076531,404076531,178612.513760,enabled
1782984685.748,2026-07-02 09:31:25.750,os_data_fsyncs,53619534,53619534,23701.252975,enabled
1782984685.748,2026-07-02 09:31:25.750,os_data_reads,73229576,73229576,32369.410538,enabled
1782984685.748,2026-07-02 09:31:25.750,os_data_writes,221264937,221264937,97804.957621,enabled
1782984685.748,2026-07-02 09:31:25.750,os_log_bytes_written,124798298112,124798298112,55164150.206040,enabled
1782984685.748,2026-07-02 09:31:25.750,os_log_fsyncs,46942860,46942860,20749.986314,enabled
1782984685.748,2026-07-02 09:31:25.750,os_log_pending_fsyncs,1,1,0.000442,enabled
1782984685.748,2026-07-02 09:31:25.750,os_log_pending_writes,1,1,0.000442,enabled
1782984685.748,2026-07-02 09:31:25.750,trx_rseg_history_len,1214,1214,0.000000,enabled
1782984686.820,2026-07-02 09:31:26.822,adaptive_hash_searches,0,0,0.000000,enabled
1782984686.820,2026-07-02 09:31:26.822,adaptive_hash_searches_btree,589935516,589935516,260643.556745,enabled
1782984686.820,2026-07-02 09:31:26.822,buffer_data_reads,1195808705024,1195808705024,528328711.660049,enabled
1782984686.820,2026-07-02 09:31:26.822,buffer_data_written,565544865792,565544865792,249867381.684553,enabled
1782984686.820,2026-07-02 09:31:26.822,buffer_pages0_read,7,7,0.003093,enabled
1782984686.820,2026-07-02 09:31:26.822,buffer_pages_created,1812899,1812899,800.969752,enabled
1782984686.820,2026-07-02 09:31:26.822,buffer_pages_read,73192553,73192553,32337.720186,enabled
1782984686.820,2026-07-02 09:31:26.822,buffer_pages_written,24743350,24743350,10932.034739,enabled
1782984686.820,2026-07-02 09:31:26.822,buffer_pool_bytes_data,12857049088,12857049088,0.000000,enabled
1782984686.820,2026-07-02 09:31:26.822,buffer_pool_bytes_dirty,4645830656,4645830656,0.000000,enabled
1782984686.820,2026-07-02 09:31:26.822,buffer_pool_pages_data,784732,784732,0.000000,enabled
1782984686.820,2026-07-02 09:31:26.822,buffer_pool_pages_dirty,283559,283559,0.000000,enabled
1782984686.820,2026-07-02 09:31:26.822,buffer_pool_pages_flushed,24686280,24686280,0.000000,enabled
1782984686.820,2026-07-02 09:31:26.822,buffer_pool_pages_free,1604,1604,0.000000,enabled
1782984686.820,2026-07-02 09:31:26.822,buffer_pool_pages_lru_flushed,0,0,0.000000,enabled
1782984686.820,2026-07-02 09:31:26.822,buffer_pool_pages_misc,97,97,0.000000,enabled
1782984686.820,2026-07-02 09:31:26.822,buffer_pool_pages_total,786432,786432,0.000000,enabled
1782984686.820,2026-07-02 09:31:26.822,buffer_pool_reads,72298101,72298101,31942.537162,enabled
1782984686.820,2026-07-02 09:31:26.822,buffer_pool_read_ahead,803715,803715,355.095025,enabled
1782984686.820,2026-07-02 09:31:26.822,buffer_pool_read_ahead_evicted,25,25,0.011045,enabled
1782984686.820,2026-07-02 09:31:26.822,buffer_pool_read_requests,2840356058,2840356058,1254917.863919,enabled
1782984686.820,2026-07-02 09:31:26.822,buffer_pool_size,12884901888,12884901888,0.000000,enabled
1782984686.820,2026-07-02 09:31:26.822,buffer_pool_wait_free,18945,18945,8.370225,enabled
1782984686.820,2026-07-02 09:31:26.822,buffer_pool_write_requests,600049912,600049912,265112.309139,enabled
1782984686.820,2026-07-02 09:31:26.822,dml_deletes,12909544,12909544,5703.656218,enabled
1782984686.820,2026-07-02 09:31:26.822,dml_inserts,112794948,112794948,49834.727478,enabled
1782984686.820,2026-07-02 09:31:26.822,dml_system_deletes,468,468,0.206770,enabled
1782984686.820,2026-07-02 09:31:26.822,dml_system_inserts,1202,1202,0.531064,enabled
1782984686.820,2026-07-02 09:31:26.822,dml_system_reads,7661,7661,3.384760,enabled
1782984686.820,2026-07-02 09:31:26.822,dml_system_updates,620,620,0.273927,enabled
1782984686.820,2026-07-02 09:31:26.822,dml_updates,25819207,25819207,11407.365004,enabled
1782984686.820,2026-07-02 09:31:26.822,file_num_open_files,35,35,0.000000,enabled
1782984686.820,2026-07-02 09:31:26.822,ibuf_merges,0,0,0.000000,enabled
1782984686.820,2026-07-02 09:31:26.822,ibuf_merges_delete,0,0,0.000000,enabled
1782984686.820,2026-07-02 09:31:26.822,ibuf_merges_delete_mark,0,0,0.000000,enabled
1782984686.820,2026-07-02 09:31:26.822,ibuf_merges_discard_delete,0,0,0.000000,enabled
1782984686.820,2026-07-02 09:31:26.822,ibuf_merges_discard_delete_mark,0,0,0.000000,enabled
1782984686.820,2026-07-02 09:31:26.822,ibuf_merges_discard_insert,0,0,0.000000,enabled
1782984686.820,2026-07-02 09:31:26.822,ibuf_merges_insert,0,0,0.000000,enabled
1782984686.820,2026-07-02 09:31:26.822,ibuf_size,1,1,0.000442,enabled
1782984686.820,2026-07-02 09:31:26.822,innodb_activity_count,17740411,17740411,7838.015579,enabled
1782984686.820,2026-07-02 09:31:26.822,innodb_dblwr_pages_written,24684099,24684099,10905.855078,enabled
1782984686.820,2026-07-02 09:31:26.822,innodb_dblwr_writes,504457,504457,222.877689,enabled
1782984686.820,2026-07-02 09:31:26.822,innodb_page_size,16384,16384,0.000000,enabled
1782984686.820,2026-07-02 09:31:26.822,innodb_rwlock_sx_os_waits,0,0,0.000000,enabled
1782984686.820,2026-07-02 09:31:26.822,innodb_rwlock_sx_spin_rounds,0,0,0.000000,enabled
1782984686.820,2026-07-02 09:31:26.822,innodb_rwlock_sx_spin_waits,0,0,0.000000,enabled
1782984686.820,2026-07-02 09:31:26.822,innodb_rwlock_s_os_waits,0,0,0.000000,enabled
1782984686.820,2026-07-02 09:31:26.822,innodb_rwlock_s_spin_rounds,0,0,0.000000,enabled
1782984686.820,2026-07-02 09:31:26.822,innodb_rwlock_s_spin_waits,0,0,0.000000,enabled
1782984686.820,2026-07-02 09:31:26.822,innodb_rwlock_x_os_waits,0,0,0.000000,enabled
1782984686.820,2026-07-02 09:31:26.822,innodb_rwlock_x_spin_rounds,0,0,0.000000,enabled
1782984686.820,2026-07-02 09:31:26.822,innodb_rwlock_x_spin_waits,0,0,0.000000,enabled
1782984686.820,2026-07-02 09:31:26.822,lock_deadlocks,0,0,0.000000,enabled
1782984686.820,2026-07-02 09:31:26.822,lock_deadlock_false_positives,0,0,0.000000,enabled
1782984686.820,2026-07-02 09:31:26.822,lock_deadlock_rounds,2500,2500,1.104543,enabled
1782984686.820,2026-07-02 09:31:26.822,lock_rec_grant_attempts,425,425,0.187772,enabled
1782984686.820,2026-07-02 09:31:26.822,lock_rec_release_attempts,39237882,39237882,17335.967334,enabled
1782984686.820,2026-07-02 09:31:26.822,lock_row_lock_current_waits,0,0,0.000000,enabled
1782984686.820,2026-07-02 09:31:26.822,lock_row_lock_time,323,323,0.142707,enabled
1782984686.820,2026-07-02 09:31:26.822,lock_row_lock_time_avg,0,0,0.000000,enabled
1782984686.820,2026-07-02 09:31:26.822,lock_row_lock_time_max,29,29,0.000000,enabled
1782984686.820,2026-07-02 09:31:26.822,lock_row_lock_waits,425,425,0.187772,enabled
1782984686.820,2026-07-02 09:31:26.822,lock_schedule_refreshes,2500,2500,1.104543,enabled
1782984686.820,2026-07-02 09:31:26.822,lock_threads_waiting,0,0,0.000000,enabled
1782984686.820,2026-07-02 09:31:26.822,lock_timeouts,0,0,0.000000,enabled
1782984686.820,2026-07-02 09:31:26.822,log_waits,0,0,0.000000,enabled
1782984686.820,2026-07-02 09:31:26.822,log_writes,195841877,195841877,86526.278885,enabled
1782984686.820,2026-07-02 09:31:26.822,log_write_requests,404158402,404158402,178564.069989,enabled
1782984686.820,2026-07-02 09:31:26.822,os_data_fsyncs,53652224,53652224,23704.467679,enabled
1782984686.820,2026-07-02 09:31:26.822,os_data_reads,73286128,73286128,32379.061403,enabled
1782984686.820,2026-07-02 09:31:26.822,os_data_writes,221359382,221359382,97800.350657,enabled
1782984686.820,2026-07-02 09:31:26.822,os_log_bytes_written,124839363584,124839363584,55156160.021777,enabled
1782984686.820,2026-07-02 09:31:26.822,os_log_fsyncs,46970874,46970874,20752.533228,enabled
1782984686.820,2026-07-02 09:31:26.822,os_log_pending_fsyncs,1,1,0.000442,enabled
1782984686.820,2026-07-02 09:31:26.822,os_log_pending_writes,0,0,0.000000,enabled
1782984686.820,2026-07-02 09:31:26.822,trx_rseg_history_len,1214,1214,0.000000,enabled
1782984687.892,2026-07-02 09:31:27.894,adaptive_hash_searches,0,0,0.000000,enabled
1782984687.892,2026-07-02 09:31:27.894,adaptive_hash_searches_btree,590102537,590102537,260593.902296,enabled
1782984687.892,2026-07-02 09:31:27.894,buffer_data_reads,1196738857472,1196738857472,528489312.715569,enabled
1782984687.892,2026-07-02 09:31:27.894,buffer_data_written,565853180416,565853180416,249885224.611398,enabled
1782984687.892,2026-07-02 09:31:27.894,buffer_pages0_read,7,7,0.003091,enabled
1782984687.892,2026-07-02 09:31:27.894,buffer_pages_created,1812931,1812931,800.604627,enabled
1782984687.892,2026-07-02 09:31:27.894,buffer_pages_read,73249463,73249463,32347.540307,enabled
1782984687.892,2026-07-02 09:31:27.894,buffer_pages_written,24759274,24759274,10933.890619,enabled
1782984687.892,2026-07-02 09:31:27.894,buffer_pool_bytes_data,12853002240,12853002240,0.000000,enabled
1782984687.892,2026-07-02 09:31:27.894,buffer_pool_bytes_dirty,4650565632,4650565632,0.000000,enabled
1782984687.892,2026-07-02 09:31:27.894,buffer_pool_pages_data,784485,784485,0.000000,enabled
1782984687.892,2026-07-02 09:31:27.894,buffer_pool_pages_dirty,283848,283848,0.000000,enabled
1782984687.892,2026-07-02 09:31:27.894,buffer_pool_pages_flushed,24702204,24702204,0.000000,enabled
1782984687.892,2026-07-02 09:31:27.894,buffer_pool_pages_free,1851,1851,0.000000,enabled
1782984687.892,2026-07-02 09:31:27.894,buffer_pool_pages_lru_flushed,0,0,0.000000,enabled
1782984687.892,2026-07-02 09:31:27.894,buffer_pool_pages_misc,97,97,0.000000,enabled
1782984687.892,2026-07-02 09:31:27.894,buffer_pool_pages_total,786432,786432,0.000000,enabled
1782984687.892,2026-07-02 09:31:27.894,buffer_pool_reads,72354958,72354958,31952.520910,enabled
1782984687.892,2026-07-02 09:31:27.894,buffer_pool_read_ahead,803715,803715,354.926888,enabled
1782984687.892,2026-07-02 09:31:27.894,buffer_pool_read_ahead_evicted,25,25,0.011040,enabled
1782984687.892,2026-07-02 09:31:27.894,buffer_pool_read_requests,2841183552,2841183552,1254689.089801,enabled
1782984687.892,2026-07-02 09:31:27.894,buffer_pool_size,12884901888,12884901888,0.000000,enabled
1782984687.892,2026-07-02 09:31:27.894,buffer_pool_wait_free,18945,18945,8.366262,enabled
1782984687.892,2026-07-02 09:31:27.894,buffer_pool_write_requests,600162455,600162455,265036.478662,enabled
1782984687.892,2026-07-02 09:31:27.894,dml_deletes,12914367,12914367,5703.085457,enabled
1782984687.892,2026-07-02 09:31:27.894,dml_inserts,112799772,112799772,49813.261460,enabled
1782984687.892,2026-07-02 09:31:27.894,dml_system_deletes,468,468,0.206672,enabled
1782984687.892,2026-07-02 09:31:27.894,dml_system_inserts,1202,1202,0.530813,enabled
1782984687.892,2026-07-02 09:31:27.894,dml_system_reads,7661,7661,3.383158,enabled
1782984687.892,2026-07-02 09:31:27.894,dml_system_updates,620,620,0.273797,enabled
1782984687.892,2026-07-02 09:31:27.894,dml_updates,25828850,25828850,11406.222132,enabled
1782984687.892,2026-07-02 09:31:27.894,file_num_open_files,35,35,0.000000,enabled
1782984687.892,2026-07-02 09:31:27.894,ibuf_merges,0,0,0.000000,enabled
1782984687.892,2026-07-02 09:31:27.894,ibuf_merges_delete,0,0,0.000000,enabled
1782984687.892,2026-07-02 09:31:27.894,ibuf_merges_delete_mark,0,0,0.000000,enabled
1782984687.892,2026-07-02 09:31:27.894,ibuf_merges_discard_delete,0,0,0.000000,enabled
1782984687.892,2026-07-02 09:31:27.894,ibuf_merges_discard_delete_mark,0,0,0.000000,enabled
1782984687.892,2026-07-02 09:31:27.894,ibuf_merges_discard_insert,0,0,0.000000,enabled
1782984687.892,2026-07-02 09:31:27.894,ibuf_merges_insert,0,0,0.000000,enabled
1782984687.892,2026-07-02 09:31:27.894,ibuf_size,1,1,0.000442,enabled
1782984687.892,2026-07-02 09:31:27.894,innodb_activity_count,17745953,17745953,7836.751738,enabled
1782984687.892,2026-07-02 09:31:27.894,innodb_dblwr_pages_written,24700023,24700023,10907.723403,enabled
1782984687.892,2026-07-02 09:31:27.894,innodb_dblwr_writes,504841,504841,222.941736,enabled
1782984687.892,2026-07-02 09:31:27.894,innodb_page_size,16384,16384,0.000000,enabled
1782984687.892,2026-07-02 09:31:27.894,innodb_rwlock_sx_os_waits,0,0,0.000000,enabled
1782984687.892,2026-07-02 09:31:27.894,innodb_rwlock_sx_spin_rounds,0,0,0.000000,enabled
1782984687.892,2026-07-02 09:31:27.894,innodb_rwlock_sx_spin_waits,0,0,0.000000,enabled
1782984687.892,2026-07-02 09:31:27.894,innodb_rwlock_s_os_waits,0,0,0.000000,enabled
1782984687.892,2026-07-02 09:31:27.894,innodb_rwlock_s_spin_rounds,0,0,0.000000,enabled
1782984687.892,2026-07-02 09:31:27.894,innodb_rwlock_s_spin_waits,0,0,0.000000,enabled
1782984687.892,2026-07-02 09:31:27.894,innodb_rwlock_x_os_waits,0,0,0.000000,enabled
1782984687.892,2026-07-02 09:31:27.894,innodb_rwlock_x_spin_rounds,0,0,0.000000,enabled
1782984687.892,2026-07-02 09:31:27.894,innodb_rwlock_x_spin_waits,0,0,0.000000,enabled
1782984687.892,2026-07-02 09:31:27.894,lock_deadlocks,0,0,0.000000,enabled
1782984687.892,2026-07-02 09:31:27.894,lock_deadlock_false_positives,0,0,0.000000,enabled
1782984687.892,2026-07-02 09:31:27.894,lock_deadlock_rounds,2501,2501,1.104461,enabled
1782984687.892,2026-07-02 09:31:27.894,lock_rec_grant_attempts,425,425,0.187683,enabled
1782984687.892,2026-07-02 09:31:27.894,lock_rec_release_attempts,39252578,39252578,17334.248652,enabled
1782984687.892,2026-07-02 09:31:27.894,lock_row_lock_current_waits,0,0,0.000000,enabled
1782984687.892,2026-07-02 09:31:27.894,lock_row_lock_time,323,323,0.142639,enabled
1782984687.892,2026-07-02 09:31:27.894,lock_row_lock_time_avg,0,0,0.000000,enabled
1782984687.892,2026-07-02 09:31:27.894,lock_row_lock_time_max,29,29,0.000000,enabled
1782984687.892,2026-07-02 09:31:27.894,lock_row_lock_waits,425,425,0.187683,enabled
1782984687.892,2026-07-02 09:31:27.894,lock_schedule_refreshes,2501,2501,1.104461,enabled
1782984687.892,2026-07-02 09:31:27.894,lock_threads_waiting,0,0,0.000000,enabled
1782984687.892,2026-07-02 09:31:27.894,lock_timeouts,0,0,0.000000,enabled
1782984687.892,2026-07-02 09:31:27.894,log_waits,0,0,0.000000,enabled
1782984687.892,2026-07-02 09:31:27.894,log_writes,195921238,195921238,86520.355767,enabled
1782984687.892,2026-07-02 09:31:27.894,log_write_requests,404240428,404240428,178515.744522,enabled
1782984687.892,2026-07-02 09:31:27.894,os_data_fsyncs,53685133,53685133,23707.776600,enabled
1782984687.892,2026-07-02 09:31:27.894,os_data_reads,73342904,73342904,32388.802791,enabled
1782984687.892,2026-07-02 09:31:27.894,os_data_writes,221454953,221454953,97796.247537,enabled
1782984687.892,2026-07-02 09:31:27.894,os_log_bytes_written,124880879616,124880879616,55148377.658967,enabled
1782984687.892,2026-07-02 09:31:27.894,os_log_fsyncs,46998638,46998638,20754.967805,enabled
1782984687.892,2026-07-02 09:31:27.894,os_log_pending_fsyncs,0,0,0.000000,enabled
1782984687.892,2026-07-02 09:31:27.894,os_log_pending_writes,0,0,0.000000,enabled
1782984687.892,2026-07-02 09:31:27.894,trx_rseg_history_len,1214,1214,0.000000,enabled
1782984688.964,2026-07-02 09:31:28.966,adaptive_hash_searches,0,0,0.000000,enabled
1782984688.964,2026-07-02 09:31:28.966,adaptive_hash_searches_btree,590271885,590271885,260545.598983,enabled
1782984688.964,2026-07-02 09:31:28.966,buffer_data_reads,1197676251648,1197676251648,528653539.087709,enabled
1782984688.964,2026-07-02 09:31:28.966,buffer_data_written,566161760256,566161760256,249903442.266454,enabled
1782984688.964,2026-07-02 09:31:28.966,buffer_pages0_read,7,7,0.003090,enabled
1782984688.964,2026-07-02 09:31:28.966,buffer_pages_created,1812963,1812963,800.240727,enabled
1782984688.964,2026-07-02 09:31:28.966,buffer_pages_read,73306859,73306859,32357.601201,enabled
1782984688.964,2026-07-02 09:31:28.966,buffer_pages_written,24775189,24775189,10935.752794,enabled
1782984688.964,2026-07-02 09:31:28.966,buffer_pool_bytes_data,12861243392,12861243392,0.000000,enabled
1782984688.964,2026-07-02 09:31:28.966,buffer_pool_bytes_dirty,4655480832,4655480832,0.000000,enabled
1782984688.964,2026-07-02 09:31:28.966,buffer_pool_pages_data,784988,784988,0.000000,enabled
1782984688.964,2026-07-02 09:31:28.966,buffer_pool_pages_dirty,284148,284148,0.000000,enabled
1782984688.964,2026-07-02 09:31:28.966,buffer_pool_pages_flushed,24718119,24718119,0.000000,enabled
1782984688.964,2026-07-02 09:31:28.966,buffer_pool_pages_free,1348,1348,0.000000,enabled
1782984688.964,2026-07-02 09:31:28.966,buffer_pool_pages_lru_flushed,0,0,0.000000,enabled
1782984688.964,2026-07-02 09:31:28.966,buffer_pool_pages_misc,96,96,0.000000,enabled
1782984688.964,2026-07-02 09:31:28.966,buffer_pool_pages_total,786432,786432,0.000000,enabled
1782984688.964,2026-07-02 09:31:28.966,buffer_pool_reads,72412285,72412285,31962.737968,enabled
1782984688.964,2026-07-02 09:31:28.966,buffer_pool_read_ahead,803715,803715,354.759301,enabled
1782984688.964,2026-07-02 09:31:28.966,buffer_pool_read_ahead_evicted,25,25,0.011035,enabled
1782984688.964,2026-07-02 09:31:28.966,buffer_pool_read_requests,2842025886,2842025886,1254468.467264,enabled
1782984688.964,2026-07-02 09:31:28.966,buffer_pool_size,12884901888,12884901888,0.000000,enabled
1782984688.964,2026-07-02 09:31:28.966,buffer_pool_wait_free,18945,18945,8.362311,enabled
1782984688.964,2026-07-02 09:31:28.966,buffer_pool_write_requests,600279527,600279527,264963.011482,enabled
1782984688.964,2026-07-02 09:31:28.966,dml_deletes,12919262,12919262,5702.553054,enabled
1782984688.964,2026-07-02 09:31:28.966,dml_inserts,112804666,112804666,49791.899353,enabled
1782984688.964,2026-07-02 09:31:28.966,dml_system_deletes,468,468,0.206575,enabled
1782984688.964,2026-07-02 09:31:28.966,dml_system_inserts,1202,1202,0.530562,enabled
1782984688.964,2026-07-02 09:31:28.966,dml_system_reads,7661,7661,3.381560,enabled
1782984688.964,2026-07-02 09:31:28.966,dml_system_updates,620,620,0.273668,enabled
1782984688.964,2026-07-02 09:31:28.966,dml_updates,25838638,25838638,11405.156414,enabled
1782984688.964,2026-07-02 09:31:28.966,file_num_open_files,35,35,0.000000,enabled
1782984688.964,2026-07-02 09:31:28.966,ibuf_merges,0,0,0.000000,enabled
1782984688.964,2026-07-02 09:31:28.966,ibuf_merges_delete,0,0,0.000000,enabled
1782984688.964,2026-07-02 09:31:28.966,ibuf_merges_delete_mark,0,0,0.000000,enabled
1782984688.964,2026-07-02 09:31:28.966,ibuf_merges_discard_delete,0,0,0.000000,enabled
1782984688.964,2026-07-02 09:31:28.966,ibuf_merges_discard_delete_mark,0,0,0.000000,enabled
1782984688.964,2026-07-02 09:31:28.966,ibuf_merges_discard_insert,0,0,0.000000,enabled
1782984688.964,2026-07-02 09:31:28.966,ibuf_merges_insert,0,0,0.000000,enabled
1782984688.964,2026-07-02 09:31:28.966,ibuf_size,1,1,0.000441,enabled
1782984688.964,2026-07-02 09:31:28.966,innodb_activity_count,17751575,17751575,7835.532726,enabled
1782984688.964,2026-07-02 09:31:28.966,innodb_dblwr_pages_written,24715938,24715938,10909.597573,enabled
1782984688.964,2026-07-02 09:31:28.966,innodb_dblwr_writes,505214,505214,223.001103,enabled
1782984688.964,2026-07-02 09:31:28.966,innodb_page_size,16384,16384,0.000000,enabled
1782984688.964,2026-07-02 09:31:28.966,innodb_rwlock_sx_os_waits,0,0,0.000000,enabled
1782984688.964,2026-07-02 09:31:28.966,innodb_rwlock_sx_spin_rounds,0,0,0.000000,enabled
1782984688.964,2026-07-02 09:31:28.966,innodb_rwlock_sx_spin_waits,0,0,0.000000,enabled
1782984688.964,2026-07-02 09:31:28.966,innodb_rwlock_s_os_waits,0,0,0.000000,enabled
1782984688.964,2026-07-02 09:31:28.966,innodb_rwlock_s_spin_rounds,0,0,0.000000,enabled
1782984688.964,2026-07-02 09:31:28.966,innodb_rwlock_s_spin_waits,0,0,0.000000,enabled
1782984688.964,2026-07-02 09:31:28.966,innodb_rwlock_x_os_waits,0,0,0.000000,enabled
1782984688.964,2026-07-02 09:31:28.966,innodb_rwlock_x_spin_rounds,0,0,0.000000,enabled
1782984688.964,2026-07-02 09:31:28.966,innodb_rwlock_x_spin_waits,0,0,0.000000,enabled
1782984688.964,2026-07-02 09:31:28.966,lock_deadlocks,0,0,0.000000,enabled
1782984688.964,2026-07-02 09:31:28.966,lock_deadlock_false_positives,0,0,0.000000,enabled
1782984688.964,2026-07-02 09:31:28.966,lock_deadlock_rounds,2502,2502,1.104381,enabled
1782984688.964,2026-07-02 09:31:28.966,lock_rec_grant_attempts,425,425,0.187595,enabled
1782984688.964,2026-07-02 09:31:28.966,lock_rec_release_attempts,39267437,39267437,17332.622712,enabled
1782984688.964,2026-07-02 09:31:28.966,lock_row_lock_current_waits,0,0,0.000000,enabled
1782984688.964,2026-07-02 09:31:28.966,lock_row_lock_time,323,323,0.142572,enabled
1782984688.964,2026-07-02 09:31:28.966,lock_row_lock_time_avg,0,0,0.000000,enabled
1782984688.964,2026-07-02 09:31:28.966,lock_row_lock_time_max,29,29,0.000000,enabled
1782984688.964,2026-07-02 09:31:28.966,lock_row_lock_waits,425,425,0.187595,enabled
1782984688.964,2026-07-02 09:31:28.966,lock_schedule_refreshes,2502,2502,1.104381,enabled
1782984688.964,2026-07-02 09:31:28.966,lock_threads_waiting,0,0,0.000000,enabled
1782984688.964,2026-07-02 09:31:28.966,lock_timeouts,0,0,0.000000,enabled
1782984688.964,2026-07-02 09:31:28.966,log_waits,0,0,0.000000,enabled
1782984688.964,2026-07-02 09:31:28.966,log_writes,196001343,196001343,86514.859600,enabled
1782984688.964,2026-07-02 09:31:28.966,log_write_requests,404324669,404324669,178468.634280,enabled
1782984688.964,2026-07-02 09:31:28.966,os_data_fsyncs,53719055,53719055,23711.555220,enabled
1782984688.964,2026-07-02 09:31:28.966,os_data_reads,73400129,73400129,32398.768285,enabled
1782984688.964,2026-07-02 09:31:28.966,os_data_writes,221551253,221551253,97792.576098,enabled
1782984688.964,2026-07-02 09:31:28.966,os_log_bytes_written,124922781696,124922781696,55140832.790936,enabled
1782984688.964,2026-07-02 09:31:28.966,os_log_fsyncs,47027615,47027615,20757.957978,enabled
1782984688.964,2026-07-02 09:31:28.966,os_log_pending_fsyncs,0,0,0.000000,enabled
1782984688.964,2026-07-02 09:31:28.966,os_log_pending_writes,1,1,0.000441,enabled
1782984688.964,2026-07-02 09:31:28.966,trx_rseg_history_len,97,97,0.000000,enabled
1782984690.034,2026-07-02 09:31:30.035,adaptive_hash_searches,0,0,0.000000,enabled
1782984690.034,2026-07-02 09:31:30.035,adaptive_hash_searches_btree,590439551,590439551,260496.732499,enabled
1782984690.034,2026-07-02 09:31:30.035,buffer_data_reads,1198604143104,1198604143104,528813669.187487,enabled
1782984690.034,2026-07-02 09:31:30.035,buffer_data_written,566471812096,566471812096,249922410.952674,enabled
1782984690.034,2026-07-02 09:31:30.035,buffer_pages0_read,7,7,0.003088,enabled
1782984690.034,2026-07-02 09:31:30.035,buffer_pages_created,1812997,1812997,799.878433,enabled
1782984690.034,2026-07-02 09:31:30.035,buffer_pages_read,73363658,73363658,32367.404601,enabled
1782984690.034,2026-07-02 09:31:30.035,buffer_pages_written,24791203,24791203,10937.662087,enabled
1782984690.034,2026-07-02 09:31:30.035,buffer_pool_bytes_data,12859015168,12859015168,0.000000,enabled
1782984690.034,2026-07-02 09:31:30.035,buffer_pool_bytes_dirty,4657266688,4657266688,0.000000,enabled
1782984690.034,2026-07-02 09:31:30.035,buffer_pool_pages_data,784852,784852,0.000000,enabled
1782984690.034,2026-07-02 09:31:30.035,buffer_pool_pages_dirty,284257,284257,0.000000,enabled
1782984690.034,2026-07-02 09:31:30.035,buffer_pool_pages_flushed,24734133,24734133,0.000000,enabled
1782984690.034,2026-07-02 09:31:30.035,buffer_pool_pages_free,1483,1483,0.000000,enabled
1782984690.034,2026-07-02 09:31:30.035,buffer_pool_pages_lru_flushed,0,0,0.000000,enabled
1782984690.034,2026-07-02 09:31:30.035,buffer_pool_pages_misc,96,96,0.000000,enabled
1782984690.034,2026-07-02 09:31:30.035,buffer_pool_pages_total,786432,786432,0.000000,enabled
1782984690.034,2026-07-02 09:31:30.035,buffer_pool_reads,72469022,72469022,31972.700130,enabled
1782984690.034,2026-07-02 09:31:30.035,buffer_pool_read_ahead,803715,803715,354.592041,enabled
1782984690.034,2026-07-02 09:31:30.035,buffer_pool_read_ahead_evicted,25,25,0.011030,enabled
1782984690.034,2026-07-02 09:31:30.035,buffer_pool_read_requests,2842855616,2842855616,1254243.084077,enabled
1782984690.034,2026-07-02 09:31:30.035,buffer_pool_size,12884901888,12884901888,0.000000,enabled
1782984690.034,2026-07-02 09:31:30.035,buffer_pool_wait_free,18945,18945,8.358369,enabled
1782984690.034,2026-07-02 09:31:30.035,buffer_pool_write_requests,600392196,600392196,264887.796150,enabled
1782984690.034,2026-07-02 09:31:30.035,dml_deletes,12924106,12924106,5702.001638,enabled
1782984690.034,2026-07-02 09:31:30.035,dml_inserts,112809511,112809511,49770.561857,enabled
1782984690.034,2026-07-02 09:31:30.035,dml_system_deletes,468,468,0.206477,enabled
1782984690.034,2026-07-02 09:31:30.035,dml_system_inserts,1202,1202,0.530312,enabled
1782984690.034,2026-07-02 09:31:30.035,dml_system_reads,7661,7661,3.379966,enabled
1782984690.034,2026-07-02 09:31:30.035,dml_system_updates,620,620,0.273539,enabled
1782984690.034,2026-07-02 09:31:30.035,dml_updates,25848328,25848328,11404.054445,enabled
1782984690.034,2026-07-02 09:31:30.035,file_num_open_files,35,35,0.000000,enabled
1782984690.034,2026-07-02 09:31:30.035,ibuf_merges,0,0,0.000000,enabled
1782984690.034,2026-07-02 09:31:30.035,ibuf_merges_delete,0,0,0.000000,enabled
1782984690.034,2026-07-02 09:31:30.035,ibuf_merges_delete_mark,0,0,0.000000,enabled
1782984690.034,2026-07-02 09:31:30.035,ibuf_merges_discard_delete,0,0,0.000000,enabled
1782984690.034,2026-07-02 09:31:30.035,ibuf_merges_discard_delete_mark,0,0,0.000000,enabled
1782984690.034,2026-07-02 09:31:30.035,ibuf_merges_discard_insert,0,0,0.000000,enabled
1782984690.034,2026-07-02 09:31:30.035,ibuf_merges_insert,0,0,0.000000,enabled
1782984690.034,2026-07-02 09:31:30.035,ibuf_size,1,1,0.000441,enabled
1782984690.034,2026-07-02 09:31:30.035,innodb_activity_count,17757142,17757142,7834.294643,enabled
1782984690.034,2026-07-02 09:31:30.035,innodb_dblwr_pages_written,24731952,24731952,10911.519306,enabled
1782984690.034,2026-07-02 09:31:30.035,innodb_dblwr_writes,505564,505564,223.050382,enabled
1782984690.034,2026-07-02 09:31:30.035,innodb_page_size,16384,16384,0.000000,enabled
1782984690.034,2026-07-02 09:31:30.035,innodb_rwlock_sx_os_waits,0,0,0.000000,enabled
1782984690.034,2026-07-02 09:31:30.035,innodb_rwlock_sx_spin_rounds,0,0,0.000000,enabled
1782984690.034,2026-07-02 09:31:30.035,innodb_rwlock_sx_spin_waits,0,0,0.000000,enabled
1782984690.034,2026-07-02 09:31:30.035,innodb_rwlock_s_os_waits,0,0,0.000000,enabled
1782984690.034,2026-07-02 09:31:30.035,innodb_rwlock_s_spin_rounds,0,0,0.000000,enabled
1782984690.034,2026-07-02 09:31:30.035,innodb_rwlock_s_spin_waits,0,0,0.000000,enabled
1782984690.034,2026-07-02 09:31:30.035,innodb_rwlock_x_os_waits,0,0,0.000000,enabled
1782984690.034,2026-07-02 09:31:30.035,innodb_rwlock_x_spin_rounds,0,0,0.000000,enabled
1782984690.034,2026-07-02 09:31:30.035,innodb_rwlock_x_spin_waits,0,0,0.000000,enabled
1782984690.034,2026-07-02 09:31:30.035,lock_deadlocks,0,0,0.000000,enabled
1782984690.034,2026-07-02 09:31:30.035,lock_deadlock_false_positives,0,0,0.000000,enabled
1782984690.034,2026-07-02 09:31:30.035,lock_deadlock_rounds,2503,2503,1.104302,enabled
1782984690.034,2026-07-02 09:31:30.035,lock_rec_grant_attempts,425,425,0.187506,enabled
1782984690.034,2026-07-02 09:31:30.035,lock_rec_release_attempts,39282175,39282175,17330.953046,enabled
1782984690.034,2026-07-02 09:31:30.035,lock_row_lock_current_waits,0,0,0.000000,enabled
1782984690.034,2026-07-02 09:31:30.035,lock_row_lock_time,323,323,0.142505,enabled
1782984690.034,2026-07-02 09:31:30.035,lock_row_lock_time_avg,0,0,0.000000,enabled
1782984690.034,2026-07-02 09:31:30.035,lock_row_lock_time_max,29,29,0.000000,enabled
1782984690.034,2026-07-02 09:31:30.035,lock_row_lock_waits,425,425,0.187506,enabled
1782984690.034,2026-07-02 09:31:30.035,lock_schedule_refreshes,2503,2503,1.104302,enabled
1782984690.034,2026-07-02 09:31:30.035,lock_threads_waiting,0,0,0.000000,enabled
1782984690.034,2026-07-02 09:31:30.035,lock_timeouts,0,0,0.000000,enabled
1782984690.034,2026-07-02 09:31:30.035,log_waits,0,0,0.000000,enabled
1782984690.034,2026-07-02 09:31:30.035,log_writes,196081142,196081142,86509.276875,enabled
1782984690.034,2026-07-02 09:31:30.035,log_write_requests,404407054,404407054,178420.838801,enabled
1782984690.034,2026-07-02 09:31:30.035,os_data_fsyncs,53752149,53752149,23714.976639,enabled
1782984690.034,2026-07-02 09:31:30.035,os_data_reads,73456779,73456779,32408.486600,enabled
1782984690.034,2026-07-02 09:31:30.035,os_data_writes,221647327,221647327,97788.856515,enabled
1782984690.034,2026-07-02 09:31:30.035,os_log_bytes_written,124964416000,124964416000,55133204.058438,enabled
1782984690.034,2026-07-02 09:31:30.035,os_log_fsyncs,47056079,47056079,20760.729225,enabled
1782984690.034,2026-07-02 09:31:30.035,os_log_pending_fsyncs,0,0,0.000000,enabled
1782984690.034,2026-07-02 09:31:30.035,os_log_pending_writes,0,0,0.000000,enabled
1782984690.034,2026-07-02 09:31:30.035,trx_rseg_history_len,105,105,0.000000,enabled
1782984691.103,2026-07-02 09:31:31.104,adaptive_hash_searches,0,0,0.000000,enabled
1782984691.103,2026-07-02 09:31:31.104,adaptive_hash_searches_btree,590607082,590607082,260447.768112,enabled
1782984691.103,2026-07-02 09:31:31.104,buffer_data_reads,1199528036864,1199528036864,528971708.670641,enabled
1782984691.103,2026-07-02 09:31:31.104,buffer_data_written,566781613056,566781613056,249941167.597048,enabled
1782984691.103,2026-07-02 09:31:31.104,buffer_pages0_read,7,7,0.003087,enabled
1782984691.103,2026-07-02 09:31:31.104,buffer_pages_created,1813034,1813034,799.517536,enabled
1782984691.103,2026-07-02 09:31:31.104,buffer_pages_read,73420224,73420224,32377.085171,enabled
1782984691.103,2026-07-02 09:31:31.104,buffer_pages_written,24807210,24807210,10939.562831,enabled
1782984691.103,2026-07-02 09:31:31.104,buffer_pool_bytes_data,12855001088,12855001088,0.000000,enabled
1782984691.103,2026-07-02 09:31:31.104,buffer_pool_bytes_dirty,4657512448,4657512448,0.000000,enabled
1782984691.103,2026-07-02 09:31:31.104,buffer_pool_pages_data,784607,784607,0.000000,enabled
1782984691.103,2026-07-02 09:31:31.104,buffer_pool_pages_dirty,284272,284272,0.000000,enabled
1782984691.103,2026-07-02 09:31:31.104,buffer_pool_pages_flushed,24750140,24750140,0.000000,enabled
1782984691.103,2026-07-02 09:31:31.104,buffer_pool_pages_free,1728,1728,0.000000,enabled
1782984691.103,2026-07-02 09:31:31.104,buffer_pool_pages_lru_flushed,0,0,0.000000,enabled
1782984691.103,2026-07-02 09:31:31.104,buffer_pool_pages_misc,96,96,0.000000,enabled
1782984691.103,2026-07-02 09:31:31.104,buffer_pool_pages_total,786432,786432,0.000000,enabled
1782984691.103,2026-07-02 09:31:31.104,buffer_pool_reads,72525534,72525534,31982.543034,enabled
1782984691.103,2026-07-02 09:31:31.104,buffer_pool_read_ahead,803715,803715,354.424819,enabled
1782984691.103,2026-07-02 09:31:31.104,buffer_pool_read_ahead_evicted,25,25,0.011025,enabled
1782984691.103,2026-07-02 09:31:31.104,buffer_pool_read_requests,2843685431,2843685431,1254017.531090,enabled
1782984691.103,2026-07-02 09:31:31.104,buffer_pool_size,12884901888,12884901888,0.000000,enabled
1782984691.103,2026-07-02 09:31:31.104,buffer_pool_wait_free,18945,18945,8.354427,enabled
1782984691.103,2026-07-02 09:31:31.104,buffer_pool_write_requests,600505521,600505521,264812.852393,enabled
1782984691.103,2026-07-02 09:31:31.104,dml_deletes,12928943,12928943,5701.445775,enabled
1782984691.103,2026-07-02 09:31:31.104,dml_inserts,112814348,112814348,49749.224532,enabled
1782984691.103,2026-07-02 09:31:31.104,dml_system_deletes,468,468,0.206380,enabled
1782984691.103,2026-07-02 09:31:31.104,dml_system_inserts,1202,1202,0.530062,enabled
1782984691.103,2026-07-02 09:31:31.104,dml_system_reads,7661,7661,3.378372,enabled
1782984691.103,2026-07-02 09:31:31.104,dml_system_updates,620,620,0.273410,enabled
1782984691.103,2026-07-02 09:31:31.104,dml_updates,25858002,25858002,11402.942693,enabled
1782984691.103,2026-07-02 09:31:31.104,file_num_open_files,35,35,0.000000,enabled
1782984691.103,2026-07-02 09:31:31.104,ibuf_merges,0,0,0.000000,enabled
1782984691.103,2026-07-02 09:31:31.104,ibuf_merges_delete,0,0,0.000000,enabled
1782984691.103,2026-07-02 09:31:31.104,ibuf_merges_delete_mark,0,0,0.000000,enabled
1782984691.103,2026-07-02 09:31:31.104,ibuf_merges_discard_delete,0,0,0.000000,enabled
1782984691.103,2026-07-02 09:31:31.104,ibuf_merges_discard_delete_mark,0,0,0.000000,enabled
1782984691.103,2026-07-02 09:31:31.104,ibuf_merges_discard_insert,0,0,0.000000,enabled
1782984691.103,2026-07-02 09:31:31.104,ibuf_merges_insert,0,0,0.000000,enabled
1782984691.103,2026-07-02 09:31:31.104,ibuf_size,1,1,0.000441,enabled
1782984691.103,2026-07-02 09:31:31.104,innodb_activity_count,17762700,17762700,7833.051209,enabled
1782984691.103,2026-07-02 09:31:31.104,innodb_dblwr_pages_written,24747959,24747959,10913.432563,enabled
1782984691.103,2026-07-02 09:31:31.104,innodb_dblwr_writes,505923,505923,223.103511,enabled
1782984691.103,2026-07-02 09:31:31.104,innodb_page_size,16384,16384,0.000000,enabled
1782984691.103,2026-07-02 09:31:31.104,innodb_rwlock_sx_os_waits,0,0,0.000000,enabled
1782984691.103,2026-07-02 09:31:31.104,innodb_rwlock_sx_spin_rounds,0,0,0.000000,enabled
1782984691.103,2026-07-02 09:31:31.104,innodb_rwlock_sx_spin_waits,0,0,0.000000,enabled
1782984691.103,2026-07-02 09:31:31.104,innodb_rwlock_s_os_waits,0,0,0.000000,enabled
1782984691.103,2026-07-02 09:31:31.104,innodb_rwlock_s_spin_rounds,0,0,0.000000,enabled
1782984691.103,2026-07-02 09:31:31.104,innodb_rwlock_s_spin_waits,0,0,0.000000,enabled
1782984691.103,2026-07-02 09:31:31.104,innodb_rwlock_x_os_waits,0,0,0.000000,enabled
1782984691.103,2026-07-02 09:31:31.104,innodb_rwlock_x_spin_rounds,0,0,0.000000,enabled
1782984691.103,2026-07-02 09:31:31.104,innodb_rwlock_x_spin_waits,0,0,0.000000,enabled
1782984691.103,2026-07-02 09:31:31.104,lock_deadlocks,0,0,0.000000,enabled
1782984691.103,2026-07-02 09:31:31.104,lock_deadlock_false_positives,0,0,0.000000,enabled
1782984691.103,2026-07-02 09:31:31.104,lock_deadlock_rounds,2504,2504,1.104222,enabled
1782984691.103,2026-07-02 09:31:31.104,lock_rec_grant_attempts,425,425,0.187418,enabled
1782984691.103,2026-07-02 09:31:31.104,lock_rec_release_attempts,39296864,39296864,17329.257582,enabled
1782984691.103,2026-07-02 09:31:31.104,lock_row_lock_current_waits,0,0,0.000000,enabled
1782984691.103,2026-07-02 09:31:31.104,lock_row_lock_time,323,323,0.142438,enabled
1782984691.103,2026-07-02 09:31:31.104,lock_row_lock_time_avg,0,0,0.000000,enabled
1782984691.103,2026-07-02 09:31:31.104,lock_row_lock_time_max,29,29,0.000000,enabled
1782984691.103,2026-07-02 09:31:31.104,lock_row_lock_waits,425,425,0.187418,enabled
1782984691.103,2026-07-02 09:31:31.104,lock_schedule_refreshes,2504,2504,1.104222,enabled
1782984691.103,2026-07-02 09:31:31.104,lock_threads_waiting,0,0,0.000000,enabled
1782984691.103,2026-07-02 09:31:31.104,lock_timeouts,0,0,0.000000,enabled
1782984691.103,2026-07-02 09:31:31.104,log_waits,0,0,0.000000,enabled
1782984691.103,2026-07-02 09:31:31.104,log_writes,196160626,196160626,86503.532293,enabled
1782984691.103,2026-07-02 09:31:31.104,log_write_requests,404489290,404489290,178372.964525,enabled
1782984691.103,2026-07-02 09:31:31.104,os_data_fsyncs,53785566,53785566,23718.529448,enabled
1782984691.103,2026-07-02 09:31:31.104,os_data_reads,73513202,73513202,32418.084978,enabled
1782984691.103,2026-07-02 09:31:31.104,os_data_writes,221743088,221743088,97784.970157,enabled
1782984691.103,2026-07-02 09:31:31.104,os_log_bytes_written,125005972992,125005972992,55125530.253274,enabled
1782984691.103,2026-07-02 09:31:31.104,os_log_fsyncs,47084472,47084472,20763.459710,enabled
1782984691.103,2026-07-02 09:31:31.104,os_log_pending_fsyncs,0,0,0.000000,enabled
1782984691.103,2026-07-02 09:31:31.104,os_log_pending_writes,0,0,0.000000,enabled
1782984691.103,2026-07-02 09:31:31.104,trx_rseg_history_len,125,125,0.000000,enabled
1782984692.172,2026-07-02 09:31:32.173,adaptive_hash_searches,0,0,0.000000,enabled
1782984692.172,2026-07-02 09:31:32.173,adaptive_hash_searches_btree,590774084,590774084,260398.409895,enabled
1782984692.172,2026-07-02 09:31:32.173,buffer_data_reads,1200457665024,1200457665024,529131712.729018,enabled
1782984692.172,2026-07-02 09:31:32.173,buffer_data_written,567086773760,567086773760,249957665.640480,enabled
1782984692.172,2026-07-02 09:31:32.173,buffer_pages0_read,7,7,0.003085,enabled
1782984692.172,2026-07-02 09:31:32.173,buffer_pages_created,1813068,1813068,799.155032,enabled
1782984692.172,2026-07-02 09:31:32.173,buffer_pages_read,73477128,73477128,32386.880259,enabled
1782984692.172,2026-07-02 09:31:32.173,buffer_pages_written,24822961,24822961,10941.340386,enabled
1782984692.172,2026-07-02 09:31:32.173,buffer_pool_bytes_data,12855001088,12855001088,0.000000,enabled
1782984692.172,2026-07-02 09:31:32.173,buffer_pool_bytes_dirty,4665032704,4665032704,0.000000,enabled
1782984692.172,2026-07-02 09:31:32.173,buffer_pool_pages_data,784608,784608,0.000000,enabled
1782984692.172,2026-07-02 09:31:32.173,buffer_pool_pages_dirty,284731,284731,0.000000,enabled
1782984692.172,2026-07-02 09:31:32.173,buffer_pool_pages_flushed,24765891,24765891,0.000000,enabled
1782984692.172,2026-07-02 09:31:32.173,buffer_pool_pages_free,1728,1728,0.000000,enabled
1782984692.172,2026-07-02 09:31:32.173,buffer_pool_pages_lru_flushed,0,0,0.000000,enabled
1782984692.172,2026-07-02 09:31:32.173,buffer_pool_pages_misc,97,97,0.000000,enabled
1782984692.172,2026-07-02 09:31:32.173,buffer_pool_pages_total,786432,786432,0.000000,enabled
1782984692.172,2026-07-02 09:31:32.173,buffer_pool_reads,72582375,72582375,31992.496631,enabled
1782984692.172,2026-07-02 09:31:32.173,buffer_pool_read_ahead,803715,803715,354.257478,enabled
1782984692.172,2026-07-02 09:31:32.173,buffer_pool_read_ahead_evicted,25,25,0.011019,enabled
1782984692.172,2026-07-02 09:31:32.173,buffer_pool_read_requests,2844513176,2844513176,1253790.299474,enabled
1782984692.172,2026-07-02 09:31:32.173,buffer_pool_size,12884901888,12884901888,0.000000,enabled
1782984692.172,2026-07-02 09:31:32.173,buffer_pool_wait_free,18945,18945,8.350482,enabled
1782984692.172,2026-07-02 09:31:32.173,buffer_pool_write_requests,600618265,600618265,264737.516454,enabled
1782984692.172,2026-07-02 09:31:32.173,dml_deletes,12933763,12933763,5700.878425,enabled
1782984692.172,2026-07-02 09:31:32.173,dml_inserts,112819168,112819168,49727.860435,enabled
1782984692.172,2026-07-02 09:31:32.173,dml_system_deletes,468,468,0.206283,enabled
1782984692.172,2026-07-02 09:31:32.173,dml_system_inserts,1202,1202,0.529811,enabled
1782984692.172,2026-07-02 09:31:32.173,dml_system_reads,7661,7661,3.376777,enabled
1782984692.172,2026-07-02 09:31:32.173,dml_system_updates,620,620,0.273280,enabled
1782984692.172,2026-07-02 09:31:32.173,dml_updates,25867646,25867646,11401.809733,enabled
1782984692.172,2026-07-02 09:31:32.173,file_num_open_files,35,35,0.000000,enabled
1782984692.172,2026-07-02 09:31:32.173,ibuf_merges,0,0,0.000000,enabled
1782984692.172,2026-07-02 09:31:32.173,ibuf_merges_delete,0,0,0.000000,enabled
1782984692.172,2026-07-02 09:31:32.173,ibuf_merges_delete_mark,0,0,0.000000,enabled
1782984692.172,2026-07-02 09:31:32.173,ibuf_merges_discard_delete,0,0,0.000000,enabled
1782984692.172,2026-07-02 09:31:32.173,ibuf_merges_discard_delete_mark,0,0,0.000000,enabled
1782984692.172,2026-07-02 09:31:32.173,ibuf_merges_discard_insert,0,0,0.000000,enabled
1782984692.172,2026-07-02 09:31:32.173,ibuf_merges_insert,0,0,0.000000,enabled
1782984692.172,2026-07-02 09:31:32.173,ibuf_size,1,1,0.000441,enabled
1782984692.172,2026-07-02 09:31:32.173,innodb_activity_count,17768245,17768245,7831.796989,enabled
1782984692.172,2026-07-02 09:31:32.173,innodb_dblwr_pages_written,24763710,24763710,10915.222533,enabled
1782984692.172,2026-07-02 09:31:32.173,innodb_dblwr_writes,506289,506289,223.159499,enabled
1782984692.172,2026-07-02 09:31:32.173,innodb_page_size,16384,16384,0.000000,enabled
1782984692.172,2026-07-02 09:31:32.173,innodb_rwlock_sx_os_waits,0,0,0.000000,enabled
1782984692.172,2026-07-02 09:31:32.173,innodb_rwlock_sx_spin_rounds,0,0,0.000000,enabled
1782984692.172,2026-07-02 09:31:32.173,innodb_rwlock_sx_spin_waits,0,0,0.000000,enabled
1782984692.172,2026-07-02 09:31:32.173,innodb_rwlock_s_os_waits,0,0,0.000000,enabled
1782984692.172,2026-07-02 09:31:32.173,innodb_rwlock_s_spin_rounds,0,0,0.000000,enabled
1782984692.172,2026-07-02 09:31:32.173,innodb_rwlock_s_spin_waits,0,0,0.000000,enabled
1782984692.172,2026-07-02 09:31:32.173,innodb_rwlock_x_os_waits,0,0,0.000000,enabled
1782984692.172,2026-07-02 09:31:32.173,innodb_rwlock_x_spin_rounds,0,0,0.000000,enabled
1782984692.172,2026-07-02 09:31:32.173,innodb_rwlock_x_spin_waits,0,0,0.000000,enabled
1782984692.172,2026-07-02 09:31:32.173,lock_deadlocks,0,0,0.000000,enabled
1782984692.172,2026-07-02 09:31:32.173,lock_deadlock_false_positives,0,0,0.000000,enabled
1782984692.172,2026-07-02 09:31:32.173,lock_deadlock_rounds,2506,2506,1.104582,enabled
1782984692.172,2026-07-02 09:31:32.173,lock_rec_grant_attempts,425,425,0.187329,enabled
1782984692.172,2026-07-02 09:31:32.173,lock_rec_release_attempts,39311529,39311529,17327.539544,enabled
1782984692.172,2026-07-02 09:31:32.173,lock_row_lock_current_waits,0,0,0.000000,enabled
1782984692.172,2026-07-02 09:31:32.173,lock_row_lock_time,323,323,0.142370,enabled
1782984692.172,2026-07-02 09:31:32.173,lock_row_lock_time_avg,0,0,0.000000,enabled
1782984692.172,2026-07-02 09:31:32.173,lock_row_lock_time_max,29,29,0.000000,enabled
1782984692.172,2026-07-02 09:31:32.173,lock_row_lock_waits,425,425,0.187329,enabled
1782984692.172,2026-07-02 09:31:32.173,lock_schedule_refreshes,2506,2506,1.104582,enabled
1782984692.172,2026-07-02 09:31:32.173,lock_threads_waiting,0,0,0.000000,enabled
1782984692.172,2026-07-02 09:31:32.173,lock_timeouts,0,0,0.000000,enabled
1782984692.172,2026-07-02 09:31:32.173,log_waits,0,0,0.000000,enabled
1782984692.172,2026-07-02 09:31:32.173,log_writes,196238977,196238977,86497.225401,enabled
1782984692.172,2026-07-02 09:31:32.173,log_write_requests,404571253,404571253,178324.874194,enabled
1782984692.172,2026-07-02 09:31:32.173,os_data_fsyncs,53818684,53818684,23721.928455,enabled
1782984692.172,2026-07-02 09:31:32.173,os_data_reads,73569953,73569953,32427.793363,enabled
1782984692.172,2026-07-02 09:31:32.173,os_data_writes,221837459,221837459,97780.397874,enabled
1782984692.172,2026-07-02 09:31:32.173,os_log_bytes_written,125046934528,125046934528,55117557.865305,enabled
1782984692.172,2026-07-02 09:31:32.173,os_log_fsyncs,47112712,47112712,20766.103845,enabled
1782984692.172,2026-07-02 09:31:32.173,os_log_pending_fsyncs,0,0,0.000000,enabled
1782984692.172,2026-07-02 09:31:32.173,os_log_pending_writes,1,1,0.000441,enabled
1782984692.172,2026-07-02 09:31:32.173,trx_rseg_history_len,138,138,0.000000,enabled
1782984693.243,2026-07-02 09:31:33.244,adaptive_hash_searches,0,0,0.000000,enabled
1782984693.243,2026-07-02 09:31:33.244,adaptive_hash_searches_btree,590940550,590940550,260349.104409,enabled
1782984693.243,2026-07-02 09:31:33.244,buffer_data_reads,1201386031616,1201386031616,529291513.077715,enabled
1782984693.243,2026-07-02 09:31:33.244,buffer_data_written,567398028288,567398028288,249977070.469100,enabled
1782984693.243,2026-07-02 09:31:33.244,buffer_pages0_read,7,7,0.003084,enabled
1782984693.243,2026-07-02 09:31:33.244,buffer_pages_created,1813113,1813113,798.798476,enabled
1782984693.243,2026-07-02 09:31:33.244,buffer_pages_read,73533968,73533968,32396.668700,enabled
1782984693.243,2026-07-02 09:31:33.244,buffer_pages_written,24839060,24839060,10943.279986,enabled
1782984693.243,2026-07-02 09:31:33.244,buffer_pool_bytes_data,12850462720,12850462720,0.000000,enabled
1782984693.243,2026-07-02 09:31:33.244,buffer_pool_bytes_dirty,4667195392,4667195392,0.000000,enabled
1782984693.243,2026-07-02 09:31:33.244,buffer_pool_pages_data,784331,784331,0.000000,enabled
1782984693.243,2026-07-02 09:31:33.244,buffer_pool_pages_dirty,284863,284863,0.000000,enabled
1782984693.243,2026-07-02 09:31:33.244,buffer_pool_pages_flushed,24781983,24781983,0.000000,enabled
1782984693.243,2026-07-02 09:31:33.244,buffer_pool_pages_free,2006,2006,0.000000,enabled
1782984693.243,2026-07-02 09:31:33.244,buffer_pool_pages_lru_flushed,0,0,0.000000,enabled
1782984693.243,2026-07-02 09:31:33.244,buffer_pool_pages_misc,96,96,0.000000,enabled
1782984693.243,2026-07-02 09:31:33.244,buffer_pool_pages_total,786432,786432,0.000000,enabled
1782984693.243,2026-07-02 09:31:33.244,buffer_pool_reads,72639158,72639158,32002.445703,enabled
1782984693.243,2026-07-02 09:31:33.244,buffer_pool_read_ahead,803715,803715,354.090632,enabled
1782984693.243,2026-07-02 09:31:33.244,buffer_pool_read_ahead_evicted,25,25,0.011014,enabled
1782984693.243,2026-07-02 09:31:33.244,buffer_pool_read_requests,2845337845,2845337845,1253563.118665,enabled
1782984693.243,2026-07-02 09:31:33.244,buffer_pool_size,12884901888,12884901888,0.000000,enabled
1782984693.243,2026-07-02 09:31:33.244,buffer_pool_wait_free,18945,18945,8.346550,enabled
1782984693.243,2026-07-02 09:31:33.244,buffer_pool_write_requests,600730273,600730273,264662.178936,enabled
1782984693.243,2026-07-02 09:31:33.244,dml_deletes,12938571,12938571,5700.311603,enabled
1782984693.243,2026-07-02 09:31:33.244,dml_inserts,112823977,112823977,49706.557682,enabled
1782984693.243,2026-07-02 09:31:33.244,dml_system_deletes,468,468,0.206186,enabled
1782984693.243,2026-07-02 09:31:33.244,dml_system_inserts,1202,1202,0.529562,enabled
1782984693.243,2026-07-02 09:31:33.244,dml_system_reads,7661,7661,3.375186,enabled
1782984693.243,2026-07-02 09:31:33.244,dml_system_updates,620,620,0.273152,enabled
1782984693.243,2026-07-02 09:31:33.244,dml_updates,25877264,25877264,11400.676944,enabled
1782984693.243,2026-07-02 09:31:33.244,file_num_open_files,35,35,0.000000,enabled
1782984693.243,2026-07-02 09:31:33.244,ibuf_merges,0,0,0.000000,enabled
1782984693.243,2026-07-02 09:31:33.244,ibuf_merges_delete,0,0,0.000000,enabled
1782984693.243,2026-07-02 09:31:33.244,ibuf_merges_delete_mark,0,0,0.000000,enabled
1782984693.243,2026-07-02 09:31:33.244,ibuf_merges_discard_delete,0,0,0.000000,enabled
1782984693.243,2026-07-02 09:31:33.244,ibuf_merges_discard_delete_mark,0,0,0.000000,enabled
1782984693.243,2026-07-02 09:31:33.244,ibuf_merges_discard_insert,0,0,0.000000,enabled
1782984693.243,2026-07-02 09:31:33.244,ibuf_merges_insert,0,0,0.000000,enabled
1782984693.243,2026-07-02 09:31:33.244,ibuf_size,1,1,0.000441,enabled
1782984693.243,2026-07-02 09:31:33.244,innodb_activity_count,17773778,17773778,7830.545944,enabled
1782984693.243,2026-07-02 09:31:33.244,innodb_dblwr_pages_written,24779812,24779812,10917.175571,enabled
1782984693.243,2026-07-02 09:31:33.244,innodb_dblwr_writes,506645,506645,223.211234,enabled
1782984693.243,2026-07-02 09:31:33.244,innodb_page_size,16384,16384,0.000000,enabled
1782984693.243,2026-07-02 09:31:33.244,innodb_rwlock_sx_os_waits,0,0,0.000000,enabled
1782984693.243,2026-07-02 09:31:33.244,innodb_rwlock_sx_spin_rounds,0,0,0.000000,enabled
1782984693.243,2026-07-02 09:31:33.244,innodb_rwlock_sx_spin_waits,0,0,0.000000,enabled
1782984693.243,2026-07-02 09:31:33.244,innodb_rwlock_s_os_waits,0,0,0.000000,enabled
1782984693.243,2026-07-02 09:31:33.244,innodb_rwlock_s_spin_rounds,0,0,0.000000,enabled
1782984693.243,2026-07-02 09:31:33.244,innodb_rwlock_s_spin_waits,0,0,0.000000,enabled
1782984693.243,2026-07-02 09:31:33.244,innodb_rwlock_x_os_waits,0,0,0.000000,enabled
1782984693.243,2026-07-02 09:31:33.244,innodb_rwlock_x_spin_rounds,0,0,0.000000,enabled
1782984693.243,2026-07-02 09:31:33.244,innodb_rwlock_x_spin_waits,0,0,0.000000,enabled
1782984693.243,2026-07-02 09:31:33.244,lock_deadlocks,0,0,0.000000,enabled
1782984693.243,2026-07-02 09:31:33.244,lock_deadlock_false_positives,0,0,0.000000,enabled
1782984693.243,2026-07-02 09:31:33.244,lock_deadlock_rounds,2507,2507,1.104503,enabled
1782984693.243,2026-07-02 09:31:33.244,lock_rec_grant_attempts,425,425,0.187241,enabled
1782984693.243,2026-07-02 09:31:33.244,lock_rec_release_attempts,39326161,39326161,17325.825105,enabled
1782984693.243,2026-07-02 09:31:33.244,lock_row_lock_current_waits,0,0,0.000000,enabled
1782984693.243,2026-07-02 09:31:33.244,lock_row_lock_time,323,323,0.142303,enabled
1782984693.243,2026-07-02 09:31:33.244,lock_row_lock_time_avg,0,0,0.000000,enabled
1782984693.243,2026-07-02 09:31:33.244,lock_row_lock_time_max,29,29,0.000000,enabled
1782984693.243,2026-07-02 09:31:33.244,lock_row_lock_waits,425,425,0.187241,enabled
1782984693.243,2026-07-02 09:31:33.244,lock_schedule_refreshes,2507,2507,1.104502,enabled
1782984693.243,2026-07-02 09:31:33.244,lock_threads_waiting,0,0,0.000000,enabled
1782984693.243,2026-07-02 09:31:33.244,lock_timeouts,0,0,0.000000,enabled
1782984693.243,2026-07-02 09:31:33.244,log_waits,0,0,0.000000,enabled
1782984693.243,2026-07-02 09:31:33.244,log_writes,196318416,196318416,86491.484609,enabled
1782984693.243,2026-07-02 09:31:33.244,log_write_requests,404653051,404653051,178276.923139,enabled
1782984693.243,2026-07-02 09:31:33.244,os_data_fsyncs,53851853,53851853,23725.369024,enabled
1782984693.243,2026-07-02 09:31:33.244,os_data_reads,73626613,73626613,32437.483004,enabled
1782984693.243,2026-07-02 09:31:33.244,os_data_writes,221933250,221933250,97776.547434,enabled
1782984693.243,2026-07-02 09:31:33.244,os_log_bytes_written,125088378880,125088378880,55109857.481579,enabled
1782984693.243,2026-07-02 09:31:33.244,os_log_fsyncs,47141185,47141185,20768.867638,enabled
1782984693.243,2026-07-02 09:31:33.244,os_log_pending_fsyncs,1,1,0.000441,enabled
1782984693.243,2026-07-02 09:31:33.244,os_log_pending_writes,0,0,0.000000,enabled
1782984693.243,2026-07-02 09:31:33.244,trx_rseg_history_len,106,106,0.000000,enabled
1782984694.312,2026-07-02 09:31:34.314,adaptive_hash_searches,0,0,0.000000,enabled
1782984694.312,2026-07-02 09:31:34.314,adaptive_hash_searches_btree,591107535,591107535,260299.716835,enabled
1782984694.312,2026-07-02 09:31:34.314,buffer_data_reads,1202316495360,1202316495360,529451364.995974,enabled
1782984694.312,2026-07-02 09:31:34.314,buffer_data_written,567705213440,567705213440,249994324.385001,enabled
1782984694.312,2026-07-02 09:31:34.314,buffer_pages0_read,7,7,0.003083,enabled
1782984694.312,2026-07-02 09:31:34.314,buffer_pages_created,1813148,1813148,798.436767,enabled
1782984694.312,2026-07-02 09:31:34.314,buffer_pages_read,73590913,73590913,32406.450023,enabled
1782984694.312,2026-07-02 09:31:34.314,buffer_pages_written,24854906,24854906,10945.091470,enabled
1782984694.312,2026-07-02 09:31:34.314,buffer_pool_bytes_data,12857802752,12857802752,0.000000,enabled
1782984694.312,2026-07-02 09:31:34.314,buffer_pool_bytes_dirty,4674011136,4674011136,0.000000,enabled
1782984694.312,2026-07-02 09:31:34.314,buffer_pool_pages_data,784778,784778,0.000000,enabled
1782984694.312,2026-07-02 09:31:34.314,buffer_pool_pages_dirty,285279,285279,0.000000,enabled
1782984694.312,2026-07-02 09:31:34.314,buffer_pool_pages_flushed,24797836,24797836,0.000000,enabled
1782984694.312,2026-07-02 09:31:34.314,buffer_pool_pages_free,1558,1558,0.000000,enabled
1782984694.312,2026-07-02 09:31:34.314,buffer_pool_pages_lru_flushed,0,0,0.000000,enabled
1782984694.312,2026-07-02 09:31:34.314,buffer_pool_pages_misc,98,98,0.000000,enabled
1782984694.312,2026-07-02 09:31:34.314,buffer_pool_pages_total,786432,786432,0.000000,enabled
1782984694.312,2026-07-02 09:31:34.314,buffer_pool_reads,72696047,72696047,32012.388965,enabled
1782984694.312,2026-07-02 09:31:34.314,buffer_pool_read_ahead,803715,803715,353.923465,enabled
1782984694.312,2026-07-02 09:31:34.314,buffer_pool_read_ahead_evicted,25,25,0.011009,enabled
1782984694.312,2026-07-02 09:31:34.314,buffer_pool_read_requests,2846165400,2846165400,1253335.729674,enabled
1782984694.312,2026-07-02 09:31:34.314,buffer_pool_size,12884901888,12884901888,0.000000,enabled
1782984694.312,2026-07-02 09:31:34.314,buffer_pool_wait_free,18945,18945,8.342609,enabled
1782984694.312,2026-07-02 09:31:34.314,buffer_pool_write_requests,600843063,600843063,264586.899335,enabled
1782984694.312,2026-07-02 09:31:34.314,dml_deletes,12943398,12943398,5699.745830,enabled
1782984694.312,2026-07-02 09:31:34.314,dml_inserts,112828802,112828802,49685.213612,enabled
1782984694.312,2026-07-02 09:31:34.314,dml_system_deletes,468,468,0.206088,enabled
1782984694.312,2026-07-02 09:31:34.314,dml_system_inserts,1202,1202,0.529312,enabled
1782984694.312,2026-07-02 09:31:34.314,dml_system_reads,7661,7661,3.373593,enabled
1782984694.312,2026-07-02 09:31:34.314,dml_system_updates,620,620,0.273023,enabled
1782984694.312,2026-07-02 09:31:34.314,dml_updates,25886914,25886914,11399.543610,enabled
1782984694.312,2026-07-02 09:31:34.314,file_num_open_files,35,35,0.000000,enabled
1782984694.312,2026-07-02 09:31:34.314,ibuf_merges,0,0,0.000000,enabled
1782984694.312,2026-07-02 09:31:34.314,ibuf_merges_delete,0,0,0.000000,enabled
1782984694.312,2026-07-02 09:31:34.314,ibuf_merges_delete_mark,0,0,0.000000,enabled
1782984694.312,2026-07-02 09:31:34.314,ibuf_merges_discard_delete,0,0,0.000000,enabled
1782984694.312,2026-07-02 09:31:34.314,ibuf_merges_discard_delete_mark,0,0,0.000000,enabled
1782984694.312,2026-07-02 09:31:34.314,ibuf_merges_discard_insert,0,0,0.000000,enabled
1782984694.312,2026-07-02 09:31:34.314,ibuf_merges_insert,0,0,0.000000,enabled
1782984694.312,2026-07-02 09:31:34.314,ibuf_size,1,1,0.000440,enabled
1782984694.312,2026-07-02 09:31:34.314,innodb_activity_count,17779325,17779325,7829.291473,enabled
1782984694.312,2026-07-02 09:31:34.314,innodb_dblwr_pages_written,24795663,24795663,10919.001203,enabled
1782984694.312,2026-07-02 09:31:34.314,innodb_dblwr_writes,507008,507008,223.265696,enabled
1782984694.312,2026-07-02 09:31:34.314,innodb_page_size,16384,16384,0.000000,enabled
1782984694.312,2026-07-02 09:31:34.314,innodb_rwlock_sx_os_waits,0,0,0.000000,enabled
1782984694.312,2026-07-02 09:31:34.314,innodb_rwlock_sx_spin_rounds,0,0,0.000000,enabled
1782984694.312,2026-07-02 09:31:34.314,innodb_rwlock_sx_spin_waits,0,0,0.000000,enabled
1782984694.312,2026-07-02 09:31:34.314,innodb_rwlock_s_os_waits,0,0,0.000000,enabled
1782984694.312,2026-07-02 09:31:34.314,innodb_rwlock_s_spin_rounds,0,0,0.000000,enabled
1782984694.312,2026-07-02 09:31:34.314,innodb_rwlock_s_spin_waits,0,0,0.000000,enabled
1782984694.312,2026-07-02 09:31:34.314,innodb_rwlock_x_os_waits,0,0,0.000000,enabled
1782984694.312,2026-07-02 09:31:34.314,innodb_rwlock_x_spin_rounds,0,0,0.000000,enabled
1782984694.312,2026-07-02 09:31:34.314,innodb_rwlock_x_spin_waits,0,0,0.000000,enabled
1782984694.312,2026-07-02 09:31:34.314,lock_deadlocks,0,0,0.000000,enabled
1782984694.312,2026-07-02 09:31:34.314,lock_deadlock_false_positives,0,0,0.000000,enabled
1782984694.312,2026-07-02 09:31:34.314,lock_deadlock_rounds,2508,2508,1.104421,enabled
1782984694.312,2026-07-02 09:31:34.314,lock_rec_grant_attempts,425,425,0.187153,enabled
1782984694.312,2026-07-02 09:31:34.314,lock_rec_release_attempts,39340833,39340833,17324.106579,enabled
1782984694.312,2026-07-02 09:31:34.314,lock_row_lock_current_waits,0,0,0.000000,enabled
1782984694.312,2026-07-02 09:31:34.314,lock_row_lock_time,323,323,0.142236,enabled
1782984694.312,2026-07-02 09:31:34.314,lock_row_lock_time_avg,0,0,0.000000,enabled
1782984694.312,2026-07-02 09:31:34.314,lock_row_lock_time_max,29,29,0.000000,enabled
1782984694.312,2026-07-02 09:31:34.314,lock_row_lock_waits,425,425,0.187153,enabled
1782984694.312,2026-07-02 09:31:34.314,lock_schedule_refreshes,2508,2508,1.104421,enabled
1782984694.312,2026-07-02 09:31:34.314,lock_threads_waiting,0,0,0.000000,enabled
1782984694.312,2026-07-02 09:31:34.314,lock_timeouts,0,0,0.000000,enabled
1782984694.312,2026-07-02 09:31:34.314,log_waits,0,0,0.000000,enabled
1782984694.312,2026-07-02 09:31:34.314,log_writes,196397332,196397332,86485.400863,enabled
1782984694.312,2026-07-02 09:31:34.314,log_write_requests,404735048,404735048,178228.861557,enabled
1782984694.312,2026-07-02 09:31:34.314,os_data_fsyncs,53884686,53884686,23728.625997,enabled
1782984694.312,2026-07-02 09:31:34.314,os_data_reads,73683390,73683390,32447.170759,enabled
1782984694.312,2026-07-02 09:31:34.314,os_data_writes,222028301,222028301,97772.241329,enabled
1782984694.312,2026-07-02 09:31:34.314,os_log_bytes_written,125129821696,125129821696,55102088.416397,enabled
1782984694.312,2026-07-02 09:31:34.314,os_log_fsyncs,47169016,47169016,20771.317762,enabled
1782984694.312,2026-07-02 09:31:34.314,os_log_pending_fsyncs,1,1,0.000440,enabled
1782984694.312,2026-07-02 09:31:34.314,os_log_pending_writes,0,0,0.000000,enabled
1782984694.312,2026-07-02 09:31:34.314,trx_rseg_history_len,101,101,0.000000,enabled
1782984695.385,2026-07-02 09:31:35.386,adaptive_hash_searches,0,0,0.000000,enabled
1782984695.385,2026-07-02 09:31:35.386,adaptive_hash_searches_btree,591272508,591272508,260249.529711,enabled
1782984695.385,2026-07-02 09:31:35.386,buffer_data_reads,1203231181312,1203231181312,529604180.866019,enabled
1782984695.385,2026-07-02 09:31:35.386,buffer_data_written,568045596160,568045596160,250026202.022483,enabled
1782984695.385,2026-07-02 09:31:35.386,buffer_pages0_read,7,7,0.003081,enabled
1782984695.385,2026-07-02 09:31:35.386,buffer_pages_created,1813175,1813175,798.071962,enabled
1782984695.385,2026-07-02 09:31:35.386,buffer_pages_read,73646889,73646889,32415.799239,enabled
1782984695.385,2026-07-02 09:31:35.386,buffer_pages_written,24872513,24872513,10947.677514,enabled
1782984695.385,2026-07-02 09:31:35.386,buffer_pool_bytes_data,12848742400,12848742400,0.000000,enabled
1782984695.385,2026-07-02 09:31:35.386,buffer_pool_bytes_dirty,4647763968,4647763968,0.000000,enabled
1782984695.385,2026-07-02 09:31:35.386,buffer_pool_pages_data,784225,784225,0.000000,enabled
1782984695.385,2026-07-02 09:31:35.386,buffer_pool_pages_dirty,283677,283677,0.000000,enabled
1782984695.385,2026-07-02 09:31:35.386,buffer_pool_pages_flushed,24813538,24813538,0.000000,enabled
1782984695.385,2026-07-02 09:31:35.386,buffer_pool_pages_free,2111,2111,0.000000,enabled
1782984695.385,2026-07-02 09:31:35.386,buffer_pool_pages_lru_flushed,0,0,0.000000,enabled
1782984695.385,2026-07-02 09:31:35.386,buffer_pool_pages_misc,96,96,0.000000,enabled
1782984695.385,2026-07-02 09:31:35.386,buffer_pool_pages_total,786432,786432,0.000000,enabled
1782984695.385,2026-07-02 09:31:35.386,buffer_pool_reads,72751983,72751983,32021.905963,enabled
1782984695.385,2026-07-02 09:31:35.386,buffer_pool_read_ahead,803715,803715,353.756486,enabled
1782984695.385,2026-07-02 09:31:35.386,buffer_pool_read_ahead_evicted,25,25,0.011004,enabled
1782984695.385,2026-07-02 09:31:35.386,buffer_pool_read_requests,2846980696,2846980696,1253103.268243,enabled
1782984695.385,2026-07-02 09:31:35.386,buffer_pool_size,12884901888,12884901888,0.000000,enabled
1782984695.385,2026-07-02 09:31:35.386,buffer_pool_wait_free,18945,18945,8.338673,enabled
1782984695.385,2026-07-02 09:31:35.386,buffer_pool_write_requests,600952433,600952433,264510.208436,enabled
1782984695.385,2026-07-02 09:31:35.386,dml_deletes,12948170,12948170,5699.157334,enabled
1782984695.385,2026-07-02 09:31:35.386,dml_inserts,112833575,112833575,49663.875066,enabled
1782984695.385,2026-07-02 09:31:35.386,dml_system_deletes,468,468,0.205991,enabled
1782984695.385,2026-07-02 09:31:35.386,dml_system_inserts,1202,1202,0.529062,enabled
1782984695.385,2026-07-02 09:31:35.386,dml_system_reads,7661,7661,3.372001,enabled
1782984695.385,2026-07-02 09:31:35.386,dml_system_updates,620,620,0.272894,enabled
1782984695.385,2026-07-02 09:31:35.386,dml_updates,25896459,25896459,11398.367035,enabled
1782984695.385,2026-07-02 09:31:35.386,file_num_open_files,35,35,0.000000,enabled
1782984695.385,2026-07-02 09:31:35.386,ibuf_merges,0,0,0.000000,enabled
1782984695.385,2026-07-02 09:31:35.386,ibuf_merges_delete,0,0,0.000000,enabled
1782984695.385,2026-07-02 09:31:35.386,ibuf_merges_delete_mark,0,0,0.000000,enabled
1782984695.385,2026-07-02 09:31:35.386,ibuf_merges_discard_delete,0,0,0.000000,enabled
1782984695.385,2026-07-02 09:31:35.386,ibuf_merges_discard_delete_mark,0,0,0.000000,enabled
1782984695.385,2026-07-02 09:31:35.386,ibuf_merges_discard_insert,0,0,0.000000,enabled
1782984695.385,2026-07-02 09:31:35.386,ibuf_merges_insert,0,0,0.000000,enabled
1782984695.385,2026-07-02 09:31:35.386,ibuf_size,1,1,0.000440,enabled
1782984695.385,2026-07-02 09:31:35.386,innodb_activity_count,17784803,17784803,7828.009073,enabled
1782984695.385,2026-07-02 09:31:35.386,innodb_dblwr_pages_written,24812381,24812381,10921.208526,enabled
1782984695.385,2026-07-02 09:31:35.386,innodb_dblwr_writes,507384,507384,223.325866,enabled
1782984695.385,2026-07-02 09:31:35.386,innodb_page_size,16384,16384,0.000000,enabled
1782984695.385,2026-07-02 09:31:35.386,innodb_rwlock_sx_os_waits,0,0,0.000000,enabled
1782984695.385,2026-07-02 09:31:35.386,innodb_rwlock_sx_spin_rounds,0,0,0.000000,enabled
1782984695.385,2026-07-02 09:31:35.386,innodb_rwlock_sx_spin_waits,0,0,0.000000,enabled
1782984695.385,2026-07-02 09:31:35.386,innodb_rwlock_s_os_waits,0,0,0.000000,enabled
1782984695.385,2026-07-02 09:31:35.386,innodb_rwlock_s_spin_rounds,0,0,0.000000,enabled
1782984695.385,2026-07-02 09:31:35.386,innodb_rwlock_s_spin_waits,0,0,0.000000,enabled
1782984695.385,2026-07-02 09:31:35.386,innodb_rwlock_x_os_waits,0,0,0.000000,enabled
1782984695.385,2026-07-02 09:31:35.386,innodb_rwlock_x_spin_rounds,0,0,0.000000,enabled
1782984695.385,2026-07-02 09:31:35.386,innodb_rwlock_x_spin_waits,0,0,0.000000,enabled
1782984695.385,2026-07-02 09:31:35.386,lock_deadlocks,0,0,0.000000,enabled
1782984695.385,2026-07-02 09:31:35.386,lock_deadlock_false_positives,0,0,0.000000,enabled
1782984695.385,2026-07-02 09:31:35.386,lock_deadlock_rounds,2509,2509,1.104341,enabled
1782984695.385,2026-07-02 09:31:35.386,lock_rec_grant_attempts,425,425,0.187064,enabled
1782984695.385,2026-07-02 09:31:35.386,lock_rec_release_attempts,39355337,39355337,17322.317042,enabled
1782984695.385,2026-07-02 09:31:35.386,lock_row_lock_current_waits,0,0,0.000000,enabled
1782984695.385,2026-07-02 09:31:35.386,lock_row_lock_time,323,323,0.142169,enabled
1782984695.385,2026-07-02 09:31:35.386,lock_row_lock_time_avg,0,0,0.000000,enabled
1782984695.385,2026-07-02 09:31:35.386,lock_row_lock_time_max,29,29,0.000000,enabled
1782984695.385,2026-07-02 09:31:35.386,lock_row_lock_waits,425,425,0.187064,enabled
1782984695.385,2026-07-02 09:31:35.386,lock_schedule_refreshes,2509,2509,1.104341,enabled
1782984695.385,2026-07-02 09:31:35.386,lock_threads_waiting,0,0,0.000000,enabled
1782984695.385,2026-07-02 09:31:35.386,lock_timeouts,0,0,0.000000,enabled
1782984695.385,2026-07-02 09:31:35.386,log_waits,0,0,0.000000,enabled
1782984695.385,2026-07-02 09:31:35.386,log_writes,196475836,196475836,86479.153102,enabled
1782984695.385,2026-07-02 09:31:35.386,log_write_requests,404815415,404815415,178180.151769,enabled
1782984695.385,2026-07-02 09:31:35.386,os_data_fsyncs,53917190,53917190,23731.738115,enabled
1782984695.385,2026-07-02 09:31:35.386,os_data_reads,73739221,73739221,32456.437066,enabled
1782984695.385,2026-07-02 09:31:35.386,os_data_writes,222124689,222124689,97768.540080,enabled
1782984695.385,2026-07-02 09:31:35.386,os_log_bytes_written,125170689536,125170689536,55094080.705755,enabled
1782984695.385,2026-07-02 09:31:35.386,os_log_fsyncs,47196616,47196616,20773.666572,enabled
1782984695.385,2026-07-02 09:31:35.386,os_log_pending_fsyncs,1,1,0.000440,enabled
1782984695.385,2026-07-02 09:31:35.386,os_log_pending_writes,1,1,0.000440,enabled
1782984695.385,2026-07-02 09:31:35.386,trx_rseg_history_len,829,829,0.000000,enabled
1782984696.456,2026-07-02 09:31:36.458,adaptive_hash_searches,0,0,0.000000,enabled
1782984696.456,2026-07-02 09:31:36.458,adaptive_hash_searches_btree,591438704,591438704,260200.304723,enabled
1782984696.456,2026-07-02 09:31:36.458,buffer_data_reads,1204156713472,1204156713472,529762404.566802,enabled
1782984696.456,2026-07-02 09:31:36.458,buffer_data_written,568377743360,568377743360,250054794.676029,enabled
1782984696.456,2026-07-02 09:31:36.458,buffer_pages0_read,7,7,0.003080,enabled
1782984696.456,2026-07-02 09:31:36.458,buffer_pages_created,1813214,1813214,797.713958,enabled
1782984696.456,2026-07-02 09:31:36.458,buffer_pages_read,73703547,73703547,32425.487426,enabled
1782984696.456,2026-07-02 09:31:36.458,buffer_pages_written,24890224,24890224,10950.323035,enabled
1782984696.456,2026-07-02 09:31:36.458,buffer_pool_bytes_data,12853903360,12853903360,0.000000,enabled
1782984696.456,2026-07-02 09:31:36.458,buffer_pool_bytes_dirty,4619321344,4619321344,0.000000,enabled
1782984696.456,2026-07-02 09:31:36.458,buffer_pool_pages_data,784540,784540,0.000000,enabled
1782984696.456,2026-07-02 09:31:36.458,buffer_pool_pages_dirty,281941,281941,0.000000,enabled
1782984696.456,2026-07-02 09:31:36.458,buffer_pool_pages_flushed,24833154,24833154,0.000000,enabled
1782984696.456,2026-07-02 09:31:36.458,buffer_pool_pages_free,1795,1795,0.000000,enabled
1782984696.456,2026-07-02 09:31:36.458,buffer_pool_pages_lru_flushed,0,0,0.000000,enabled
1782984696.456,2026-07-02 09:31:36.458,buffer_pool_pages_misc,96,96,0.000000,enabled
1782984696.456,2026-07-02 09:31:36.458,buffer_pool_pages_total,786432,786432,0.000000,enabled
1782984696.456,2026-07-02 09:31:36.458,buffer_pool_reads,72808584,72808584,32031.754484,enabled
1782984696.456,2026-07-02 09:31:36.458,buffer_pool_read_ahead,803715,803715,353.590193,enabled
1782984696.456,2026-07-02 09:31:36.458,buffer_pool_read_ahead_evicted,25,25,0.010999,enabled
1782984696.456,2026-07-02 09:31:36.458,buffer_pool_read_requests,2847803176,2847803176,1252876.056629,enabled
1782984696.456,2026-07-02 09:31:36.458,buffer_pool_size,12884901888,12884901888,0.000000,enabled
1782984696.456,2026-07-02 09:31:36.458,buffer_pool_wait_free,18945,18945,8.334753,enabled
1782984696.456,2026-07-02 09:31:36.458,buffer_pool_write_requests,601063876,601063876,264434.896533,enabled
1782984696.456,2026-07-02 09:31:36.458,dml_deletes,12952956,12952956,5698.583738,enabled
1782984696.456,2026-07-02 09:31:36.458,dml_inserts,112838362,112838362,49642.634116,enabled
1782984696.456,2026-07-02 09:31:36.458,dml_system_deletes,468,468,0.205894,enabled
1782984696.456,2026-07-02 09:31:36.458,dml_system_inserts,1202,1202,0.528813,enabled
1782984696.456,2026-07-02 09:31:36.458,dml_system_reads,7661,7661,3.370416,enabled
1782984696.456,2026-07-02 09:31:36.458,dml_system_updates,620,620,0.272766,enabled
1782984696.456,2026-07-02 09:31:36.458,dml_updates,25906031,25906031,11397.219815,enabled
1782984696.456,2026-07-02 09:31:36.458,file_num_open_files,35,35,0.000000,enabled
1782984696.456,2026-07-02 09:31:36.458,ibuf_merges,0,0,0.000000,enabled
1782984696.456,2026-07-02 09:31:36.458,ibuf_merges_delete,0,0,0.000000,enabled
1782984696.456,2026-07-02 09:31:36.458,ibuf_merges_delete_mark,0,0,0.000000,enabled
1782984696.456,2026-07-02 09:31:36.458,ibuf_merges_discard_delete,0,0,0.000000,enabled
1782984696.456,2026-07-02 09:31:36.458,ibuf_merges_discard_delete_mark,0,0,0.000000,enabled
1782984696.456,2026-07-02 09:31:36.458,ibuf_merges_discard_insert,0,0,0.000000,enabled
1782984696.456,2026-07-02 09:31:36.458,ibuf_merges_insert,0,0,0.000000,enabled
1782984696.456,2026-07-02 09:31:36.458,ibuf_size,1,1,0.000440,enabled
1782984696.456,2026-07-02 09:31:36.458,innodb_activity_count,17790307,17790307,7826.750599,enabled
1782984696.456,2026-07-02 09:31:36.458,innodb_dblwr_pages_written,24830973,24830973,10924.253935,enabled
1782984696.456,2026-07-02 09:31:36.458,innodb_dblwr_writes,507752,507752,223.382780,enabled
1782984696.456,2026-07-02 09:31:36.458,innodb_page_size,16384,16384,0.000000,enabled
1782984696.456,2026-07-02 09:31:36.458,innodb_rwlock_sx_os_waits,0,0,0.000000,enabled
1782984696.456,2026-07-02 09:31:36.458,innodb_rwlock_sx_spin_rounds,0,0,0.000000,enabled
1782984696.456,2026-07-02 09:31:36.458,innodb_rwlock_sx_spin_waits,0,0,0.000000,enabled
1782984696.456,2026-07-02 09:31:36.458,innodb_rwlock_s_os_waits,0,0,0.000000,enabled
1782984696.456,2026-07-02 09:31:36.458,innodb_rwlock_s_spin_rounds,0,0,0.000000,enabled
1782984696.456,2026-07-02 09:31:36.458,innodb_rwlock_s_spin_waits,0,0,0.000000,enabled
1782984696.456,2026-07-02 09:31:36.458,innodb_rwlock_x_os_waits,0,0,0.000000,enabled
1782984696.456,2026-07-02 09:31:36.458,innodb_rwlock_x_spin_rounds,0,0,0.000000,enabled
1782984696.456,2026-07-02 09:31:36.458,innodb_rwlock_x_spin_waits,0,0,0.000000,enabled
1782984696.456,2026-07-02 09:31:36.458,lock_deadlocks,0,0,0.000000,enabled
1782984696.456,2026-07-02 09:31:36.458,lock_deadlock_false_positives,0,0,0.000000,enabled
1782984696.456,2026-07-02 09:31:36.458,lock_deadlock_rounds,2510,2510,1.104261,enabled
1782984696.456,2026-07-02 09:31:36.458,lock_rec_grant_attempts,425,425,0.186977,enabled
1782984696.456,2026-07-02 09:31:36.458,lock_rec_release_attempts,39369933,39369933,17320.595646,enabled
1782984696.456,2026-07-02 09:31:36.458,lock_row_lock_current_waits,0,0,0.000000,enabled
1782984696.456,2026-07-02 09:31:36.458,lock_row_lock_time,323,323,0.142102,enabled
1782984696.456,2026-07-02 09:31:36.458,lock_row_lock_time_avg,0,0,0.000000,enabled
1782984696.456,2026-07-02 09:31:36.458,lock_row_lock_time_max,29,29,0.000000,enabled
1782984696.456,2026-07-02 09:31:36.458,lock_row_lock_waits,425,425,0.186977,enabled
1782984696.456,2026-07-02 09:31:36.458,lock_schedule_refreshes,2510,2510,1.104261,enabled
1782984696.456,2026-07-02 09:31:36.458,lock_threads_waiting,0,0,0.000000,enabled
1782984696.456,2026-07-02 09:31:36.458,lock_timeouts,0,0,0.000000,enabled
1782984696.456,2026-07-02 09:31:36.458,log_waits,0,0,0.000000,enabled
1782984696.456,2026-07-02 09:31:36.458,log_writes,196554206,196554206,86472.978381,enabled
1782984696.456,2026-07-02 09:31:36.458,log_write_requests,404896513,404896513,178132.069320,enabled
1782984696.456,2026-07-02 09:31:36.458,os_data_fsyncs,53949882,53949882,23734.964766,enabled
1782984696.456,2026-07-02 09:31:36.458,os_data_reads,73795718,73795718,32466.035236,enabled
1782984696.456,2026-07-02 09:31:36.458,os_data_writes,222221020,222221020,97764.960539,enabled
1782984696.456,2026-07-02 09:31:36.458,os_log_bytes_written,125211716608,125211716608,55086231.244261,enabled
1782984696.456,2026-07-02 09:31:36.458,os_log_fsyncs,47224162,47224162,20776.019817,enabled
1782984696.456,2026-07-02 09:31:36.458,os_log_pending_fsyncs,1,1,0.000440,enabled
1782984696.456,2026-07-02 09:31:36.458,os_log_pending_writes,1,1,0.000440,enabled
1782984696.456,2026-07-02 09:31:36.458,trx_rseg_history_len,1176,1176,0.000000,enabled
1782984697.525,2026-07-02 09:31:37.526,adaptive_hash_searches,0,0,0.000000,enabled
1782984697.525,2026-07-02 09:31:37.526,adaptive_hash_searches_btree,591605852,591605852,260151.061909,enabled
1782984697.525,2026-07-02 09:31:37.526,buffer_data_reads,1205081917952,1205081917952,529919345.895192,enabled
1782984697.525,2026-07-02 09:31:37.526,buffer_data_written,568687659008,568687659008,250073117.424211,enabled
1782984697.525,2026-07-02 09:31:37.526,buffer_pages0_read,7,7,0.003078,enabled
1782984697.525,2026-07-02 09:31:37.526,buffer_pages_created,1813237,1813237,797.347765,enabled
1782984697.525,2026-07-02 09:31:37.526,buffer_pages_read,73760162,73760162,32435.087018,enabled
1782984697.525,2026-07-02 09:31:37.526,buffer_pages_written,24906244,24906244,10952.202009,enabled
1782984697.525,2026-07-02 09:31:37.526,buffer_pool_bytes_data,12855328768,12855328768,0.000000,enabled
1782984697.525,2026-07-02 09:31:37.526,buffer_pool_bytes_dirty,4620419072,4620419072,0.000000,enabled
1782984697.525,2026-07-02 09:31:37.526,buffer_pool_pages_data,784627,784627,0.000000,enabled
1782984697.525,2026-07-02 09:31:37.526,buffer_pool_pages_dirty,282008,282008,0.000000,enabled
1782984697.525,2026-07-02 09:31:37.526,buffer_pool_pages_flushed,24849174,24849174,0.000000,enabled
1782984697.525,2026-07-02 09:31:37.526,buffer_pool_pages_free,1709,1709,0.000000,enabled
1782984697.525,2026-07-02 09:31:37.526,buffer_pool_pages_lru_flushed,0,0,0.000000,enabled
1782984697.525,2026-07-02 09:31:37.526,buffer_pool_pages_misc,96,96,0.000000,enabled
1782984697.525,2026-07-02 09:31:37.526,buffer_pool_pages_total,786432,786432,0.000000,enabled
1782984697.525,2026-07-02 09:31:37.526,buffer_pool_reads,72865144,72865144,32041.515603,enabled
1782984697.525,2026-07-02 09:31:37.526,buffer_pool_read_ahead,803715,803715,353.423393,enabled
1782984697.525,2026-07-02 09:31:37.526,buffer_pool_read_ahead_evicted,25,25,0.010993,enabled
1782984697.525,2026-07-02 09:31:37.526,buffer_pool_read_requests,2848634524,2848634524,1252650.609460,enabled
1782984697.525,2026-07-02 09:31:37.526,buffer_pool_size,12884901888,12884901888,0.000000,enabled
1782984697.525,2026-07-02 09:31:37.526,buffer_pool_wait_free,18945,18945,8.330822,enabled
1782984697.525,2026-07-02 09:31:37.526,buffer_pool_write_requests,601179248,601179248,264360.887314,enabled
1782984697.525,2026-07-02 09:31:37.526,dml_deletes,12957790,12957790,5698.021264,enabled
1782984697.525,2026-07-02 09:31:37.526,dml_inserts,112843196,112843196,49621.342146,enabled
1782984697.525,2026-07-02 09:31:37.526,dml_system_deletes,468,468,0.205797,enabled
1782984697.525,2026-07-02 09:31:37.526,dml_system_inserts,1202,1202,0.528564,enabled
1782984697.525,2026-07-02 09:31:37.526,dml_system_reads,7661,7661,3.368826,enabled
1782984697.525,2026-07-02 09:31:37.526,dml_system_updates,620,620,0.272637,enabled
1782984697.525,2026-07-02 09:31:37.526,dml_updates,25915699,25915699,11396.094847,enabled
1782984697.525,2026-07-02 09:31:37.526,file_num_open_files,35,35,0.000000,enabled
1782984697.525,2026-07-02 09:31:37.526,ibuf_merges,0,0,0.000000,enabled
1782984697.525,2026-07-02 09:31:37.526,ibuf_merges_delete,0,0,0.000000,enabled
1782984697.525,2026-07-02 09:31:37.526,ibuf_merges_delete_mark,0,0,0.000000,enabled
1782984697.525,2026-07-02 09:31:37.526,ibuf_merges_discard_delete,0,0,0.000000,enabled
1782984697.525,2026-07-02 09:31:37.526,ibuf_merges_discard_delete_mark,0,0,0.000000,enabled
1782984697.525,2026-07-02 09:31:37.526,ibuf_merges_discard_insert,0,0,0.000000,enabled
1782984697.525,2026-07-02 09:31:37.526,ibuf_merges_insert,0,0,0.000000,enabled
1782984697.525,2026-07-02 09:31:37.526,ibuf_size,1,1,0.000440,enabled
1782984697.525,2026-07-02 09:31:37.526,innodb_activity_count,17795870,17795870,7825.504768,enabled
1782984697.525,2026-07-02 09:31:37.526,innodb_dblwr_pages_written,24846993,24846993,10926.145271,enabled
1782984697.525,2026-07-02 09:31:37.526,innodb_dblwr_writes,508140,508140,223.448023,enabled
1782984697.525,2026-07-02 09:31:37.526,innodb_page_size,16384,16384,0.000000,enabled
1782984697.525,2026-07-02 09:31:37.526,innodb_rwlock_sx_os_waits,0,0,0.000000,enabled
1782984697.525,2026-07-02 09:31:37.526,innodb_rwlock_sx_spin_rounds,0,0,0.000000,enabled
1782984697.525,2026-07-02 09:31:37.526,innodb_rwlock_sx_spin_waits,0,0,0.000000,enabled
1782984697.525,2026-07-02 09:31:37.526,innodb_rwlock_s_os_waits,0,0,0.000000,enabled
1782984697.525,2026-07-02 09:31:37.526,innodb_rwlock_s_spin_rounds,0,0,0.000000,enabled
1782984697.525,2026-07-02 09:31:37.526,innodb_rwlock_s_spin_waits,0,0,0.000000,enabled
1782984697.525,2026-07-02 09:31:37.526,innodb_rwlock_x_os_waits,0,0,0.000000,enabled
1782984697.525,2026-07-02 09:31:37.526,innodb_rwlock_x_spin_rounds,0,0,0.000000,enabled
1782984697.525,2026-07-02 09:31:37.526,innodb_rwlock_x_spin_waits,0,0,0.000000,enabled
1782984697.525,2026-07-02 09:31:37.526,lock_deadlocks,0,0,0.000000,enabled
1782984697.525,2026-07-02 09:31:37.526,lock_deadlock_false_positives,0,0,0.000000,enabled
1782984697.525,2026-07-02 09:31:37.526,lock_deadlock_rounds,2511,2511,1.104180,enabled
1782984697.525,2026-07-02 09:31:37.526,lock_rec_grant_attempts,425,425,0.186888,enabled
1782984697.525,2026-07-02 09:31:37.526,lock_rec_release_attempts,39384629,39384629,17318.887379,enabled
1782984697.525,2026-07-02 09:31:37.526,lock_row_lock_current_waits,0,0,0.000000,enabled
1782984697.525,2026-07-02 09:31:37.526,lock_row_lock_time,323,323,0.142035,enabled
1782984697.525,2026-07-02 09:31:37.526,lock_row_lock_time_avg,0,0,0.000000,enabled
1782984697.525,2026-07-02 09:31:37.526,lock_row_lock_time_max,29,29,0.000000,enabled
1782984697.525,2026-07-02 09:31:37.526,lock_row_lock_waits,425,425,0.186888,enabled
1782984697.525,2026-07-02 09:31:37.526,lock_schedule_refreshes,2511,2511,1.104180,enabled
1782984697.525,2026-07-02 09:31:37.526,lock_threads_waiting,0,0,0.000000,enabled
1782984697.525,2026-07-02 09:31:37.526,lock_timeouts,0,0,0.000000,enabled
1782984697.525,2026-07-02 09:31:37.526,log_waits,0,0,0.000000,enabled
1782984697.525,2026-07-02 09:31:37.526,log_writes,196633775,196633775,86467.175896,enabled
1782984697.525,2026-07-02 09:31:37.526,log_write_requests,404979744,404979744,178084.638787,enabled
1782984697.525,2026-07-02 09:31:37.526,os_data_fsyncs,53983057,53983057,23738.356631,enabled
1782984697.525,2026-07-02 09:31:37.526,os_data_reads,73852162,73852162,32475.540660,enabled
1782984697.525,2026-07-02 09:31:37.526,os_data_writes,222316942,222316942,97761.022659,enabled
1782984697.525,2026-07-02 09:31:37.526,os_log_bytes_written,125253258752,125253258752,55078513.240162,enabled
1782984697.525,2026-07-02 09:31:37.526,os_log_fsyncs,47252336,47252336,20778.608376,enabled
1782984697.525,2026-07-02 09:31:37.526,os_log_pending_fsyncs,1,1,0.000440,enabled
1782984697.525,2026-07-02 09:31:37.526,os_log_pending_writes,0,0,0.000000,enabled
1782984697.525,2026-07-02 09:31:37.526,trx_rseg_history_len,56,56,0.000000,enabled
1782984698.597,2026-07-02 09:31:38.599,adaptive_hash_searches,0,0,0.000000,enabled
1782984698.597,2026-07-02 09:31:38.599,adaptive_hash_searches_btree,591773068,591773068,260102.085551,enabled
1782984698.597,2026-07-02 09:31:38.599,buffer_data_reads,1206009170432,1206009170432,530077410.938828,enabled
1782984698.597,2026-07-02 09:31:38.599,buffer_data_written,568997663232,568997663232,250091637.220546,enabled
1782984698.597,2026-07-02 09:31:38.599,buffer_pages0_read,7,7,0.003077,enabled
1782984698.597,2026-07-02 09:31:38.599,buffer_pages_created,1813275,1813275,796.989068,enabled
1782984698.597,2026-07-02 09:31:38.599,buffer_pages_read,73816913,73816913,32444.760086,enabled
1782984698.597,2026-07-02 09:31:38.599,buffer_pages_written,24922278,24922278,10954.093044,enabled
1782984698.597,2026-07-02 09:31:38.599,buffer_pool_bytes_data,12846940160,12846940160,0.000000,enabled
1782984698.597,2026-07-02 09:31:38.599,buffer_pool_bytes_dirty,4624842752,4624842752,0.000000,enabled
1782984698.597,2026-07-02 09:31:38.599,buffer_pool_pages_data,784115,784115,0.000000,enabled
1782984698.597,2026-07-02 09:31:38.599,buffer_pool_pages_dirty,282278,282278,0.000000,enabled
1782984698.597,2026-07-02 09:31:38.599,buffer_pool_pages_flushed,24865208,24865208,0.000000,enabled
1782984698.597,2026-07-02 09:31:38.599,buffer_pool_pages_free,2220,2220,0.000000,enabled
1782984698.597,2026-07-02 09:31:38.599,buffer_pool_pages_lru_flushed,0,0,0.000000,enabled
1782984698.597,2026-07-02 09:31:38.599,buffer_pool_pages_misc,96,96,0.000000,enabled
1782984698.597,2026-07-02 09:31:38.599,buffer_pool_pages_total,786432,786432,0.000000,enabled
1782984698.597,2026-07-02 09:31:38.599,buffer_pool_reads,72921835,72921835,32051.347457,enabled
1782984698.597,2026-07-02 09:31:38.599,buffer_pool_read_ahead,803715,803715,353.256997,enabled
1782984698.597,2026-07-02 09:31:38.599,buffer_pool_read_ahead_evicted,25,25,0.010988,enabled
1782984698.597,2026-07-02 09:31:38.599,buffer_pool_read_requests,2849462675,2849462675,1252424.842784,enabled
1782984698.597,2026-07-02 09:31:38.599,buffer_pool_size,12884901888,12884901888,0.000000,enabled
1782984698.597,2026-07-02 09:31:38.599,buffer_pool_wait_free,18945,18945,8.326899,enabled
1782984698.597,2026-07-02 09:31:38.599,buffer_pool_write_requests,601291818,601291818,264285.900820,enabled
1782984698.597,2026-07-02 09:31:38.599,dml_deletes,12962626,12962626,5697.464365,enabled
1782984698.597,2026-07-02 09:31:38.599,dml_inserts,112848031,112848031,49600.106939,enabled
1782984698.597,2026-07-02 09:31:38.599,dml_system_deletes,468,468,0.205700,enabled
1782984698.597,2026-07-02 09:31:38.599,dml_system_inserts,1202,1202,0.528315,enabled
1782984698.597,2026-07-02 09:31:38.599,dml_system_reads,7661,7661,3.367240,enabled
1782984698.597,2026-07-02 09:31:38.599,dml_system_updates,620,620,0.272509,enabled
1782984698.597,2026-07-02 09:31:38.599,dml_updates,25925369,25925369,11394.980145,enabled
1782984698.597,2026-07-02 09:31:38.599,file_num_open_files,35,35,0.000000,enabled
1782984698.597,2026-07-02 09:31:38.599,ibuf_merges,0,0,0.000000,enabled
1782984698.597,2026-07-02 09:31:38.599,ibuf_merges_delete,0,0,0.000000,enabled
1782984698.597,2026-07-02 09:31:38.599,ibuf_merges_delete_mark,0,0,0.000000,enabled
1782984698.597,2026-07-02 09:31:38.599,ibuf_merges_discard_delete,0,0,0.000000,enabled
1782984698.597,2026-07-02 09:31:38.599,ibuf_merges_discard_delete_mark,0,0,0.000000,enabled
1782984698.597,2026-07-02 09:31:38.599,ibuf_merges_discard_insert,0,0,0.000000,enabled
1782984698.597,2026-07-02 09:31:38.599,ibuf_merges_insert,0,0,0.000000,enabled
1782984698.597,2026-07-02 09:31:38.599,ibuf_size,1,1,0.000440,enabled
1782984698.597,2026-07-02 09:31:38.599,innodb_activity_count,17801430,17801430,7824.264509,enabled
1782984698.597,2026-07-02 09:31:38.599,innodb_dblwr_pages_written,24863027,24863027,10928.048957,enabled
1782984698.597,2026-07-02 09:31:38.599,innodb_dblwr_writes,508479,508479,223.491830,enabled
1782984698.597,2026-07-02 09:31:38.599,innodb_page_size,16384,16384,0.000000,enabled
1782984698.597,2026-07-02 09:31:38.599,innodb_rwlock_sx_os_waits,0,0,0.000000,enabled
1782984698.597,2026-07-02 09:31:38.599,innodb_rwlock_sx_spin_rounds,0,0,0.000000,enabled
1782984698.597,2026-07-02 09:31:38.599,innodb_rwlock_sx_spin_waits,0,0,0.000000,enabled
1782984698.597,2026-07-02 09:31:38.599,innodb_rwlock_s_os_waits,0,0,0.000000,enabled
1782984698.597,2026-07-02 09:31:38.599,innodb_rwlock_s_spin_rounds,0,0,0.000000,enabled
1782984698.597,2026-07-02 09:31:38.599,innodb_rwlock_s_spin_waits,0,0,0.000000,enabled
1782984698.597,2026-07-02 09:31:38.599,innodb_rwlock_x_os_waits,0,0,0.000000,enabled
1782984698.597,2026-07-02 09:31:38.599,innodb_rwlock_x_spin_rounds,0,0,0.000000,enabled
1782984698.597,2026-07-02 09:31:38.599,innodb_rwlock_x_spin_waits,0,0,0.000000,enabled
1782984698.597,2026-07-02 09:31:38.599,lock_deadlocks,0,0,0.000000,enabled
1782984698.597,2026-07-02 09:31:38.599,lock_deadlock_false_positives,0,0,0.000000,enabled
1782984698.597,2026-07-02 09:31:38.599,lock_deadlock_rounds,2512,2512,1.104100,enabled
1782984698.597,2026-07-02 09:31:38.599,lock_rec_grant_attempts,425,425,0.186800,enabled
1782984698.597,2026-07-02 09:31:38.599,lock_rec_release_attempts,39399356,39399356,17317.206337,enabled
1782984698.597,2026-07-02 09:31:38.599,lock_row_lock_current_waits,0,0,0.000000,enabled
1782984698.597,2026-07-02 09:31:38.599,lock_row_lock_time,323,323,0.141968,enabled
1782984698.597,2026-07-02 09:31:38.599,lock_row_lock_time_avg,0,0,0.000000,enabled
1782984698.597,2026-07-02 09:31:38.599,lock_row_lock_time_max,29,29,0.000000,enabled
1782984698.597,2026-07-02 09:31:38.599,lock_row_lock_waits,425,425,0.186800,enabled
1782984698.597,2026-07-02 09:31:38.599,lock_schedule_refreshes,2512,2512,1.104100,enabled
1782984698.597,2026-07-02 09:31:38.599,lock_threads_waiting,0,0,0.000000,enabled
1782984698.597,2026-07-02 09:31:38.599,lock_timeouts,0,0,0.000000,enabled
1782984698.597,2026-07-02 09:31:38.599,log_waits,0,0,0.000000,enabled
1782984698.597,2026-07-02 09:31:38.599,log_writes,196713021,196713021,86461.299505,enabled
1782984698.597,2026-07-02 09:31:38.599,log_write_requests,405061873,405061873,178036.897427,enabled
1782984698.597,2026-07-02 09:31:38.599,os_data_fsyncs,54015694,54015694,23741.525586,enabled
1782984698.597,2026-07-02 09:31:38.599,os_data_reads,73908758,73908758,32485.126846,enabled
1782984698.597,2026-07-02 09:31:38.599,os_data_writes,222412459,222412459,97756.979465,enabled
1782984698.597,2026-07-02 09:31:38.599,os_log_bytes_written,125294717952,125294717952,55070804.933112,enabled
1782984698.597,2026-07-02 09:31:38.599,os_log_fsyncs,47280322,47280322,20781.126538,enabled
1782984698.597,2026-07-02 09:31:38.599,os_log_pending_fsyncs,1,1,0.000440,enabled
1782984698.597,2026-07-02 09:31:38.599,os_log_pending_writes,0,0,0.000000,enabled
1782984698.597,2026-07-02 09:31:38.599,trx_rseg_history_len,78,78,0.000000,enabled
1782984699.668,2026-07-02 09:31:39.670,adaptive_hash_searches,0,0,0.000000,enabled
1782984699.668,2026-07-02 09:31:39.670,adaptive_hash_searches_btree,591940925,591940925,260053.362241,enabled
1782984699.668,2026-07-02 09:31:39.670,buffer_data_reads,1206937422336,1206937422336,530235629.803728,enabled
1782984699.668,2026-07-02 09:31:39.670,buffer_data_written,569308000256,569308000256,250110221.359831,enabled
1782984699.668,2026-07-02 09:31:39.670,buffer_pages0_read,7,7,0.003075,enabled
1782984699.668,2026-07-02 09:31:39.670,buffer_pages_created,1813296,1813296,796.623037,enabled
1782984699.668,2026-07-02 09:31:39.670,buffer_pages_read,73873713,73873713,32454.437223,enabled
1782984699.668,2026-07-02 09:31:39.670,buffer_pages_written,24938296,24938296,10955.972454,enabled
1782984699.668,2026-07-02 09:31:39.670,buffer_pool_bytes_data,12853084160,12853084160,0.000000,enabled
1782984699.668,2026-07-02 09:31:39.670,buffer_pool_bytes_dirty,4627857408,4627857408,0.000000,enabled
1782984699.668,2026-07-02 09:31:39.670,buffer_pool_pages_data,784490,784490,0.000000,enabled
1782984699.668,2026-07-02 09:31:39.670,buffer_pool_pages_dirty,282462,282462,0.000000,enabled
1782984699.668,2026-07-02 09:31:39.670,buffer_pool_pages_flushed,24881226,24881226,0.000000,enabled
1782984699.668,2026-07-02 09:31:39.670,buffer_pool_pages_free,1846,1846,0.000000,enabled
1782984699.668,2026-07-02 09:31:39.670,buffer_pool_pages_lru_flushed,0,0,0.000000,enabled
1782984699.668,2026-07-02 09:31:39.670,buffer_pool_pages_misc,97,97,0.000000,enabled
1782984699.668,2026-07-02 09:31:39.670,buffer_pool_pages_total,786432,786432,0.000000,enabled
1782984699.668,2026-07-02 09:31:39.670,buffer_pool_reads,72978578,72978578,32061.184697,enabled
1782984699.668,2026-07-02 09:31:39.670,buffer_pool_read_ahead,803715,803715,353.090667,enabled
1782984699.668,2026-07-02 09:31:39.670,buffer_pool_read_ahead_evicted,25,25,0.010983,enabled
1782984699.668,2026-07-02 09:31:39.670,buffer_pool_read_requests,2850293691,2850293691,1252200.227885,enabled
1782984699.668,2026-07-02 09:31:39.670,buffer_pool_size,12884901888,12884901888,0.000000,enabled
1782984699.668,2026-07-02 09:31:39.670,buffer_pool_wait_free,18945,18945,8.322979,enabled
1782984699.668,2026-07-02 09:31:39.670,buffer_pool_write_requests,601404593,601404593,264211.007534,enabled
1782984699.668,2026-07-02 09:31:39.670,dml_deletes,12967469,12967469,5696.909386,enabled
1782984699.668,2026-07-02 09:31:39.670,dml_inserts,112852874,112852874,49578.880640,enabled
1782984699.668,2026-07-02 09:31:39.670,dml_system_deletes,468,468,0.205603,enabled
1782984699.668,2026-07-02 09:31:39.670,dml_system_inserts,1202,1202,0.528066,enabled
1782984699.668,2026-07-02 09:31:39.670,dml_system_reads,7661,7661,3.365655,enabled
1782984699.668,2026-07-02 09:31:39.670,dml_system_updates,620,620,0.272380,enabled
1782984699.668,2026-07-02 09:31:39.670,dml_updates,25935057,25935057,11393.871042,enabled
1782984699.668,2026-07-02 09:31:39.670,file_num_open_files,35,35,0.000000,enabled
1782984699.668,2026-07-02 09:31:39.670,ibuf_merges,0,0,0.000000,enabled
1782984699.668,2026-07-02 09:31:39.670,ibuf_merges_delete,0,0,0.000000,enabled
1782984699.668,2026-07-02 09:31:39.670,ibuf_merges_delete_mark,0,0,0.000000,enabled
1782984699.668,2026-07-02 09:31:39.670,ibuf_merges_discard_delete,0,0,0.000000,enabled
1782984699.668,2026-07-02 09:31:39.670,ibuf_merges_discard_delete_mark,0,0,0.000000,enabled
1782984699.668,2026-07-02 09:31:39.670,ibuf_merges_discard_insert,0,0,0.000000,enabled
1782984699.668,2026-07-02 09:31:39.670,ibuf_merges_insert,0,0,0.000000,enabled
1782984699.668,2026-07-02 09:31:39.670,ibuf_size,1,1,0.000439,enabled
1782984699.668,2026-07-02 09:31:39.670,innodb_activity_count,17806996,17806996,7823.025803,enabled
1782984699.668,2026-07-02 09:31:39.670,innodb_dblwr_pages_written,24879045,24879045,10929.940621,enabled
1782984699.668,2026-07-02 09:31:39.670,innodb_dblwr_writes,508835,508835,223.542999,enabled
1782984699.668,2026-07-02 09:31:39.670,innodb_page_size,16384,16384,0.000000,enabled
1782984699.668,2026-07-02 09:31:39.670,innodb_rwlock_sx_os_waits,0,0,0.000000,enabled
1782984699.668,2026-07-02 09:31:39.670,innodb_rwlock_sx_spin_rounds,0,0,0.000000,enabled
1782984699.668,2026-07-02 09:31:39.670,innodb_rwlock_sx_spin_waits,0,0,0.000000,enabled
1782984699.668,2026-07-02 09:31:39.670,innodb_rwlock_s_os_waits,0,0,0.000000,enabled
1782984699.668,2026-07-02 09:31:39.670,innodb_rwlock_s_spin_rounds,0,0,0.000000,enabled
1782984699.668,2026-07-02 09:31:39.670,innodb_rwlock_s_spin_waits,0,0,0.000000,enabled
1782984699.668,2026-07-02 09:31:39.670,innodb_rwlock_x_os_waits,0,0,0.000000,enabled
1782984699.668,2026-07-02 09:31:39.670,innodb_rwlock_x_spin_rounds,0,0,0.000000,enabled
1782984699.668,2026-07-02 09:31:39.670,innodb_rwlock_x_spin_waits,0,0,0.000000,enabled
1782984699.668,2026-07-02 09:31:39.670,lock_deadlocks,0,0,0.000000,enabled
1782984699.668,2026-07-02 09:31:39.670,lock_deadlock_false_positives,0,0,0.000000,enabled
1782984699.668,2026-07-02 09:31:39.670,lock_deadlock_rounds,2513,2513,1.104019,enabled
1782984699.668,2026-07-02 09:31:39.670,lock_rec_grant_attempts,425,425,0.186712,enabled
1782984699.668,2026-07-02 09:31:39.670,lock_rec_release_attempts,39414077,39414077,17315.519859,enabled
1782984699.668,2026-07-02 09:31:39.670,lock_row_lock_current_waits,0,0,0.000000,enabled
1782984699.668,2026-07-02 09:31:39.670,lock_row_lock_time,323,323,0.141901,enabled
1782984699.668,2026-07-02 09:31:39.670,lock_row_lock_time_avg,0,0,0.000000,enabled
1782984699.668,2026-07-02 09:31:39.670,lock_row_lock_time_max,29,29,0.000000,enabled
1782984699.668,2026-07-02 09:31:39.670,lock_row_lock_waits,425,425,0.186712,enabled
1782984699.668,2026-07-02 09:31:39.670,lock_schedule_refreshes,2513,2513,1.104019,enabled
1782984699.668,2026-07-02 09:31:39.670,lock_threads_waiting,0,0,0.000000,enabled
1782984699.668,2026-07-02 09:31:39.670,lock_timeouts,0,0,0.000000,enabled
1782984699.668,2026-07-02 09:31:39.670,log_waits,0,0,0.000000,enabled
1782984699.668,2026-07-02 09:31:39.670,log_writes,196793273,196793273,86455.846540,enabled
1782984699.668,2026-07-02 09:31:39.670,log_write_requests,405144207,405144207,177989.241583,enabled
1782984699.668,2026-07-02 09:31:39.670,os_data_fsyncs,54048678,54048678,23744.837755,enabled
1782984699.668,2026-07-02 09:31:39.670,os_data_reads,73965405,73965405,32494.717877,enabled
1782984699.668,2026-07-02 09:31:39.670,os_data_writes,222508968,222508968,97753.350180,enabled
1782984699.668,2026-07-02 09:31:39.670,os_log_bytes_written,125336599552,125336599552,55063274.937016,enabled
1782984699.668,2026-07-02 09:31:39.670,os_log_fsyncs,47308418,47308418,20783.685168,enabled
1782984699.668,2026-07-02 09:31:39.670,os_log_pending_fsyncs,1,1,0.000439,enabled
1782984699.668,2026-07-02 09:31:39.670,os_log_pending_writes,0,0,0.000000,enabled
1782984699.668,2026-07-02 09:31:39.670,trx_rseg_history_len,172,172,0.000000,enabled
1782984700.740,2026-07-02 09:31:40.742,adaptive_hash_searches,0,0,0.000000,enabled
1782984700.740,2026-07-02 09:31:40.742,adaptive_hash_searches_btree,592102503,592102503,260001.915028,enabled
1782984700.740,2026-07-02 09:31:40.742,buffer_data_reads,1207831153152,1207831153152,530378516.947348,enabled
1782984700.740,2026-07-02 09:31:40.742,buffer_data_written,569608616448,569608616448,250124508.075489,enabled
1782984700.740,2026-07-02 09:31:40.742,buffer_pages0_read,7,7,0.003074,enabled
1782984700.740,2026-07-02 09:31:40.742,buffer_pages_created,1813327,1813327,796.261705,enabled
1782984700.740,2026-07-02 09:31:40.742,buffer_pages_read,73928407,73928407,32463.179008,enabled
1782984700.740,2026-07-02 09:31:40.742,buffer_pages_written,24953839,24953839,10957.641026,enabled
1782984700.740,2026-07-02 09:31:40.742,buffer_pool_bytes_data,12851396608,12851396608,0.000000,enabled
1782984700.740,2026-07-02 09:31:40.742,buffer_pool_bytes_dirty,4631085056,4631085056,0.000000,enabled
1782984700.740,2026-07-02 09:31:40.742,buffer_pool_pages_data,784386,784386,0.000000,enabled
1782984700.740,2026-07-02 09:31:40.742,buffer_pool_pages_dirty,282659,282659,0.000000,enabled
1782984700.740,2026-07-02 09:31:40.742,buffer_pool_pages_flushed,24896769,24896769,0.000000,enabled
1782984700.740,2026-07-02 09:31:40.742,buffer_pool_pages_free,1947,1947,0.000000,enabled
1782984700.740,2026-07-02 09:31:40.742,buffer_pool_pages_lru_flushed,0,0,0.000000,enabled
1782984700.740,2026-07-02 09:31:40.742,buffer_pool_pages_misc,97,97,0.000000,enabled
1782984700.740,2026-07-02 09:31:40.742,buffer_pool_pages_total,786432,786432,0.000000,enabled
1782984700.740,2026-07-02 09:31:40.742,buffer_pool_reads,73033209,73033209,32070.084006,enabled
1782984700.740,2026-07-02 09:31:40.742,buffer_pool_read_ahead,803715,803715,352.924480,enabled
1782984700.740,2026-07-02 09:31:40.742,buffer_pool_read_ahead_evicted,25,25,0.010978,enabled
1782984700.740,2026-07-02 09:31:40.742,buffer_pool_read_requests,2851091914,2851091914,1251961.374382,enabled
1782984700.740,2026-07-02 09:31:40.742,buffer_pool_size,12884901888,12884901888,0.000000,enabled
1782984700.740,2026-07-02 09:31:40.742,buffer_pool_wait_free,18945,18945,8.319061,enabled
1782984700.740,2026-07-02 09:31:40.742,buffer_pool_write_requests,601511790,601511790,264133.724701,enabled
1782984700.740,2026-07-02 09:31:40.742,dml_deletes,12972140,12972140,5696.279177,enabled
1782984700.740,2026-07-02 09:31:40.742,dml_inserts,112857545,112857545,49557.596825,enabled
1782984700.740,2026-07-02 09:31:40.742,dml_system_deletes,468,468,0.205506,enabled
1782984700.740,2026-07-02 09:31:40.742,dml_system_inserts,1202,1202,0.527818,enabled
1782984700.740,2026-07-02 09:31:40.742,dml_system_reads,7661,7661,3.364071,enabled
1782984700.740,2026-07-02 09:31:40.742,dml_system_updates,620,620,0.272252,enabled
1782984700.740,2026-07-02 09:31:40.742,dml_updates,25944399,25944399,11392.610600,enabled
1782984700.740,2026-07-02 09:31:40.742,file_num_open_files,35,35,0.000000,enabled
1782984700.740,2026-07-02 09:31:40.742,ibuf_merges,0,0,0.000000,enabled
1782984700.740,2026-07-02 09:31:40.742,ibuf_merges_delete,0,0,0.000000,enabled
1782984700.740,2026-07-02 09:31:40.742,ibuf_merges_delete_mark,0,0,0.000000,enabled
1782984700.740,2026-07-02 09:31:40.742,ibuf_merges_discard_delete,0,0,0.000000,enabled
1782984700.740,2026-07-02 09:31:40.742,ibuf_merges_discard_delete_mark,0,0,0.000000,enabled
1782984700.740,2026-07-02 09:31:40.742,ibuf_merges_discard_insert,0,0,0.000000,enabled
1782984700.740,2026-07-02 09:31:40.742,ibuf_merges_insert,0,0,0.000000,enabled
1782984700.740,2026-07-02 09:31:40.742,ibuf_size,1,1,0.000439,enabled
1782984700.740,2026-07-02 09:31:40.742,innodb_activity_count,17812356,17812356,7821.697423,enabled
1782984700.740,2026-07-02 09:31:40.742,innodb_dblwr_pages_written,24894588,24894588,10931.621491,enabled
1782984700.740,2026-07-02 09:31:40.742,innodb_dblwr_writes,509183,509183,223.590598,enabled
1782984700.740,2026-07-02 09:31:40.742,innodb_page_size,16384,16384,0.000000,enabled
1782984700.740,2026-07-02 09:31:40.742,innodb_rwlock_sx_os_waits,0,0,0.000000,enabled
1782984700.740,2026-07-02 09:31:40.742,innodb_rwlock_sx_spin_rounds,0,0,0.000000,enabled
1782984700.740,2026-07-02 09:31:40.742,innodb_rwlock_sx_spin_waits,0,0,0.000000,enabled
1782984700.740,2026-07-02 09:31:40.742,innodb_rwlock_s_os_waits,0,0,0.000000,enabled
1782984700.740,2026-07-02 09:31:40.742,innodb_rwlock_s_spin_rounds,0,0,0.000000,enabled
1782984700.740,2026-07-02 09:31:40.742,innodb_rwlock_s_spin_waits,0,0,0.000000,enabled
1782984700.740,2026-07-02 09:31:40.742,innodb_rwlock_x_os_waits,0,0,0.000000,enabled
1782984700.740,2026-07-02 09:31:40.742,innodb_rwlock_x_spin_rounds,0,0,0.000000,enabled
1782984700.740,2026-07-02 09:31:40.742,innodb_rwlock_x_spin_waits,0,0,0.000000,enabled
1782984700.740,2026-07-02 09:31:40.742,lock_deadlocks,0,0,0.000000,enabled
1782984700.740,2026-07-02 09:31:40.742,lock_deadlock_false_positives,0,0,0.000000,enabled
1782984700.740,2026-07-02 09:31:40.742,lock_deadlock_rounds,2514,2514,1.103939,enabled
1782984700.740,2026-07-02 09:31:40.742,lock_rec_grant_attempts,425,425,0.186624,enabled
1782984700.740,2026-07-02 09:31:40.742,lock_rec_release_attempts,39428271,39428271,17313.602876,enabled
1782984700.740,2026-07-02 09:31:40.742,lock_row_lock_current_waits,0,0,0.000000,enabled
1782984700.740,2026-07-02 09:31:40.742,lock_row_lock_time,323,323,0.141835,enabled
1782984700.740,2026-07-02 09:31:40.742,lock_row_lock_time_avg,0,0,0.000000,enabled
1782984700.740,2026-07-02 09:31:40.742,lock_row_lock_time_max,29,29,0.000000,enabled
1782984700.740,2026-07-02 09:31:40.742,lock_row_lock_waits,425,425,0.186624,enabled
1782984700.740,2026-07-02 09:31:40.742,lock_schedule_refreshes,2514,2514,1.103939,enabled
1782984700.740,2026-07-02 09:31:40.742,lock_threads_waiting,0,0,0.000000,enabled
1782984700.740,2026-07-02 09:31:40.742,lock_timeouts,0,0,0.000000,enabled
1782984700.740,2026-07-02 09:31:40.742,log_waits,0,0,0.000000,enabled
1782984700.740,2026-07-02 09:31:40.742,log_writes,196870403,196870403,86449.023510,enabled
1782984700.740,2026-07-02 09:31:40.742,log_write_requests,405222647,405222647,177939.911884,enabled
1782984700.740,2026-07-02 09:31:40.742,os_data_fsyncs,54078842,54078842,23746.907292,enabled
1782984700.740,2026-07-02 09:31:40.742,os_data_reads,74019965,74019965,32503.381807,enabled
1782984700.740,2026-07-02 09:31:40.742,os_data_writes,222601937,222601937,97748.164905,enabled
1782984700.740,2026-07-02 09:31:40.742,os_log_bytes_written,125376740352,125376740352,55054984.815276,enabled
1782984700.740,2026-07-02 09:31:40.742,os_log_fsyncs,47333863,47333863,20785.076242,enabled
1782984700.740,2026-07-02 09:31:40.742,os_log_pending_fsyncs,1,1,0.000439,enabled
1782984700.740,2026-07-02 09:31:40.742,os_log_pending_writes,0,0,0.000000,enabled
1782984700.740,2026-07-02 09:31:40.742,trx_rseg_history_len,1081,1081,0.000000,enabled
1782984701.812,2026-07-02 09:31:41.813,adaptive_hash_searches,0,0,0.000000,enabled
1782984701.812,2026-07-02 09:31:41.813,adaptive_hash_searches_btree,592262906,592262906,259950.051636,enabled
1782984701.812,2026-07-02 09:31:41.813,buffer_data_reads,1208725572096,1208725572096,530521679.313960,enabled
1782984701.812,2026-07-02 09:31:41.813,buffer_data_written,569910383104,569910383104,250139337.081273,enabled
1782984701.812,2026-07-02 09:31:41.813,buffer_pages0_read,7,7,0.003072,enabled
1782984701.812,2026-07-02 09:31:41.813,buffer_pages_created,1813357,1813357,795.900435,enabled
1782984701.812,2026-07-02 09:31:41.813,buffer_pages_read,73983138,73983138,32471.935393,enabled
1782984701.812,2026-07-02 09:31:41.813,buffer_pages_written,24969409,24969409,10959.322089,enabled
1782984701.812,2026-07-02 09:31:41.813,buffer_pool_bytes_data,12845449216,12845449216,0.000000,enabled
1782984701.812,2026-07-02 09:31:41.813,buffer_pool_bytes_dirty,4632248320,4632248320,0.000000,enabled
1782984701.812,2026-07-02 09:31:41.813,buffer_pool_pages_data,784024,784024,0.000000,enabled
1782984701.812,2026-07-02 09:31:41.813,buffer_pool_pages_dirty,282730,282730,0.000000,enabled
1782984701.812,2026-07-02 09:31:41.813,buffer_pool_pages_flushed,24912339,24912339,0.000000,enabled
1782984701.812,2026-07-02 09:31:41.813,buffer_pool_pages_free,2312,2312,0.000000,enabled
1782984701.812,2026-07-02 09:31:41.813,buffer_pool_pages_lru_flushed,0,0,0.000000,enabled
1782984701.812,2026-07-02 09:31:41.813,buffer_pool_pages_misc,96,96,0.000000,enabled
1782984701.812,2026-07-02 09:31:41.813,buffer_pool_pages_total,786432,786432,0.000000,enabled
1782984701.812,2026-07-02 09:31:41.813,buffer_pool_reads,73087885,73087885,32079.000980,enabled
1782984701.812,2026-07-02 09:31:41.813,buffer_pool_read_ahead,803715,803715,352.758518,enabled
1782984701.812,2026-07-02 09:31:41.813,buffer_pool_read_ahead_evicted,25,25,0.010973,enabled
1782984701.812,2026-07-02 09:31:41.813,buffer_pool_read_requests,2851887298,2851887298,1251721.744780,enabled
1782984701.812,2026-07-02 09:31:41.813,buffer_pool_size,12884901888,12884901888,0.000000,enabled
1782984701.812,2026-07-02 09:31:41.813,buffer_pool_wait_free,18945,18945,8.315149,enabled
1782984701.812,2026-07-02 09:31:41.813,buffer_pool_write_requests,601620077,601620077,264057.044784,enabled
1782984701.812,2026-07-02 09:31:41.813,dml_deletes,12976770,12976770,5695.632652,enabled
1782984701.812,2026-07-02 09:31:41.813,dml_inserts,112862176,112862176,49536.324929,enabled
1782984701.812,2026-07-02 09:31:41.813,dml_system_deletes,468,468,0.205410,enabled
1782984701.812,2026-07-02 09:31:41.813,dml_system_inserts,1202,1202,0.527570,enabled
1782984701.812,2026-07-02 09:31:41.813,dml_system_reads,7661,7661,3.362489,enabled
1782984701.812,2026-07-02 09:31:41.813,dml_system_updates,620,620,0.272124,enabled
1782984701.812,2026-07-02 09:31:41.813,dml_updates,25953664,25953664,11391.319719,enabled
1782984701.812,2026-07-02 09:31:41.813,file_num_open_files,35,35,0.000000,enabled
1782984701.812,2026-07-02 09:31:41.813,ibuf_merges,0,0,0.000000,enabled
1782984701.812,2026-07-02 09:31:41.813,ibuf_merges_delete,0,0,0.000000,enabled
1782984701.812,2026-07-02 09:31:41.813,ibuf_merges_delete_mark,0,0,0.000000,enabled
1782984701.812,2026-07-02 09:31:41.813,ibuf_merges_discard_delete,0,0,0.000000,enabled
1782984701.812,2026-07-02 09:31:41.813,ibuf_merges_discard_delete_mark,0,0,0.000000,enabled
1782984701.812,2026-07-02 09:31:41.813,ibuf_merges_discard_insert,0,0,0.000000,enabled
1782984701.812,2026-07-02 09:31:41.813,ibuf_merges_insert,0,0,0.000000,enabled
1782984701.812,2026-07-02 09:31:41.813,ibuf_size,1,1,0.000439,enabled
1782984701.812,2026-07-02 09:31:41.813,innodb_activity_count,17817677,17817677,7820.354705,enabled
1782984701.812,2026-07-02 09:31:41.813,innodb_dblwr_pages_written,24910158,24910158,10933.314717,enabled
1782984701.812,2026-07-02 09:31:41.813,innodb_dblwr_writes,509548,509548,223.645657,enabled
1782984701.812,2026-07-02 09:31:41.813,innodb_page_size,16384,16384,0.000000,enabled
1782984701.812,2026-07-02 09:31:41.813,innodb_rwlock_sx_os_waits,0,0,0.000000,enabled
1782984701.812,2026-07-02 09:31:41.813,innodb_rwlock_sx_spin_rounds,0,0,0.000000,enabled
1782984701.812,2026-07-02 09:31:41.813,innodb_rwlock_sx_spin_waits,0,0,0.000000,enabled
1782984701.812,2026-07-02 09:31:41.813,innodb_rwlock_s_os_waits,0,0,0.000000,enabled
1782984701.812,2026-07-02 09:31:41.813,innodb_rwlock_s_spin_rounds,0,0,0.000000,enabled
1782984701.812,2026-07-02 09:31:41.813,innodb_rwlock_s_spin_waits,0,0,0.000000,enabled
1782984701.812,2026-07-02 09:31:41.813,innodb_rwlock_x_os_waits,0,0,0.000000,enabled
1782984701.812,2026-07-02 09:31:41.813,innodb_rwlock_x_spin_rounds,0,0,0.000000,enabled
1782984701.812,2026-07-02 09:31:41.813,innodb_rwlock_x_spin_waits,0,0,0.000000,enabled
1782984701.812,2026-07-02 09:31:41.813,lock_deadlocks,0,0,0.000000,enabled
1782984701.812,2026-07-02 09:31:41.813,lock_deadlock_false_positives,0,0,0.000000,enabled
1782984701.812,2026-07-02 09:31:41.813,lock_deadlock_rounds,2515,2515,1.103859,enabled
1782984701.812,2026-07-02 09:31:41.813,lock_rec_grant_attempts,425,425,0.186537,enabled
1782984701.812,2026-07-02 09:31:41.813,lock_rec_release_attempts,39442332,39442332,17311.632697,enabled
1782984701.812,2026-07-02 09:31:41.813,lock_row_lock_current_waits,0,0,0.000000,enabled
1782984701.812,2026-07-02 09:31:41.813,lock_row_lock_time,323,323,0.141768,enabled
1782984701.812,2026-07-02 09:31:41.813,lock_row_lock_time_avg,0,0,0.000000,enabled
1782984701.812,2026-07-02 09:31:41.813,lock_row_lock_time_max,29,29,0.000000,enabled
1782984701.812,2026-07-02 09:31:41.813,lock_row_lock_waits,425,425,0.186537,enabled
1782984701.812,2026-07-02 09:31:41.813,lock_schedule_refreshes,2515,2515,1.103859,enabled
1782984701.812,2026-07-02 09:31:41.813,lock_threads_waiting,0,0,0.000000,enabled
1782984701.812,2026-07-02 09:31:41.813,lock_timeouts,0,0,0.000000,enabled
1782984701.812,2026-07-02 09:31:41.813,log_waits,0,0,0.000000,enabled
1782984701.812,2026-07-02 09:31:41.813,log_writes,196948647,196948647,86442.713020,enabled
1782984701.812,2026-07-02 09:31:41.813,log_write_requests,405301621,405301621,177890.898284,enabled
1782984701.812,2026-07-02 09:31:41.813,os_data_fsyncs,54107986,54107986,23748.531936,enabled
1782984701.812,2026-07-02 09:31:41.813,os_data_reads,74074554,74074554,32512.056787,enabled
1782984701.812,2026-07-02 09:31:41.813,os_data_writes,222696046,222696046,97743.504330,enabled
1782984701.812,2026-07-02 09:31:41.813,os_log_bytes_written,125417662464,125417662464,55047056.418936,enabled
1782984701.812,2026-07-02 09:31:41.813,os_log_fsyncs,47358090,47358090,20785.935564,enabled
1782984701.812,2026-07-02 09:31:41.813,os_log_pending_fsyncs,1,1,0.000439,enabled
1782984701.812,2026-07-02 09:31:41.813,os_log_pending_writes,0,0,0.000000,enabled
1782984701.812,2026-07-02 09:31:41.813,trx_rseg_history_len,903,903,0.000000,enabled
1782984702.883,2026-07-02 09:31:42.885,adaptive_hash_searches,0,0,0.000000,enabled
1782984702.883,2026-07-02 09:31:42.885,adaptive_hash_searches_btree,592424869,592424869,259899.371056,enabled
1782984702.883,2026-07-02 09:31:42.885,buffer_data_reads,1209626069504,1209626069504,530668297.590647,enabled
1782984702.883,2026-07-02 09:31:42.885,buffer_data_written,570210391552,570210391552,250153816.254913,enabled
1782984702.883,2026-07-02 09:31:42.885,buffer_pages0_read,7,7,0.003071,enabled
1782984702.883,2026-07-02 09:31:42.885,buffer_pages_created,1813391,1813391,795.542646,enabled
1782984702.883,2026-07-02 09:31:42.885,buffer_pages_read,74038257,74038257,32480.910312,enabled
1782984702.883,2026-07-02 09:31:42.885,buffer_pages_written,24984962,24984962,10961.013210,enabled
1782984702.883,2026-07-02 09:31:42.885,buffer_pool_bytes_data,12851494912,12851494912,0.000000,enabled
1782984702.883,2026-07-02 09:31:42.885,buffer_pool_bytes_dirty,4632166400,4632166400,0.000000,enabled
1782984702.883,2026-07-02 09:31:42.885,buffer_pool_pages_data,784393,784393,0.000000,enabled
1782984702.883,2026-07-02 09:31:42.885,buffer_pool_pages_dirty,282725,282725,0.000000,enabled
1782984702.883,2026-07-02 09:31:42.885,buffer_pool_pages_flushed,24927892,24927892,0.000000,enabled
1782984702.883,2026-07-02 09:31:42.885,buffer_pool_pages_free,1942,1942,0.000000,enabled
1782984702.883,2026-07-02 09:31:42.885,buffer_pool_pages_lru_flushed,0,0,0.000000,enabled
1782984702.883,2026-07-02 09:31:42.885,buffer_pool_pages_misc,96,96,0.000000,enabled
1782984702.883,2026-07-02 09:31:42.885,buffer_pool_pages_total,786432,786432,0.000000,enabled
1782984702.883,2026-07-02 09:31:42.885,buffer_pool_reads,73142948,73142948,32088.135498,enabled
1782984702.883,2026-07-02 09:31:42.885,buffer_pool_read_ahead,803715,803715,352.593329,enabled
1782984702.883,2026-07-02 09:31:42.885,buffer_pool_read_ahead_evicted,25,25,0.010968,enabled
1782984702.883,2026-07-02 09:31:42.885,buffer_pool_read_requests,2852689838,2852689838,1251487.670123,enabled
1782984702.883,2026-07-02 09:31:42.885,buffer_pool_size,12884901888,12884901888,0.000000,enabled
1782984702.883,2026-07-02 09:31:42.885,buffer_pool_wait_free,18945,18945,8.311255,enabled
1782984702.883,2026-07-02 09:31:42.885,buffer_pool_write_requests,601729422,601729422,263981.363042,enabled
1782984702.883,2026-07-02 09:31:42.885,dml_deletes,12981455,12981455,5695.020683,enabled
1782984702.883,2026-07-02 09:31:42.885,dml_inserts,112866860,112866860,49515.181681,enabled
1782984702.883,2026-07-02 09:31:42.885,dml_system_deletes,468,468,0.205314,enabled
1782984702.883,2026-07-02 09:31:42.885,dml_system_inserts,1202,1202,0.527323,enabled
1782984702.883,2026-07-02 09:31:42.885,dml_system_reads,7661,7661,3.360914,enabled
1782984702.883,2026-07-02 09:31:42.885,dml_system_updates,620,620,0.271997,enabled
1782984702.883,2026-07-02 09:31:42.885,dml_updates,25963027,25963027,11390.092679,enabled
1782984702.883,2026-07-02 09:31:42.885,file_num_open_files,35,35,0.000000,enabled
1782984702.883,2026-07-02 09:31:42.885,ibuf_merges,0,0,0.000000,enabled
1782984702.883,2026-07-02 09:31:42.885,ibuf_merges_delete,0,0,0.000000,enabled
1782984702.883,2026-07-02 09:31:42.885,ibuf_merges_delete_mark,0,0,0.000000,enabled
1782984702.883,2026-07-02 09:31:42.885,ibuf_merges_discard_delete,0,0,0.000000,enabled
1782984702.883,2026-07-02 09:31:42.885,ibuf_merges_discard_delete_mark,0,0,0.000000,enabled
1782984702.883,2026-07-02 09:31:42.885,ibuf_merges_discard_insert,0,0,0.000000,enabled
1782984702.883,2026-07-02 09:31:42.885,ibuf_merges_insert,0,0,0.000000,enabled
1782984702.883,2026-07-02 09:31:42.885,ibuf_size,1,1,0.000439,enabled
1782984702.883,2026-07-02 09:31:42.885,innodb_activity_count,17823051,17823051,7819.050018,enabled
1782984702.883,2026-07-02 09:31:42.885,innodb_dblwr_pages_written,24925711,24925711,10935.017776,enabled
1782984702.883,2026-07-02 09:31:42.885,innodb_dblwr_writes,509902,509902,223.696224,enabled
1782984702.883,2026-07-02 09:31:42.885,innodb_page_size,16384,16384,0.000000,enabled
1782984702.883,2026-07-02 09:31:42.885,innodb_rwlock_sx_os_waits,0,0,0.000000,enabled
1782984702.883,2026-07-02 09:31:42.885,innodb_rwlock_sx_spin_rounds,0,0,0.000000,enabled
1782984702.883,2026-07-02 09:31:42.885,innodb_rwlock_sx_spin_waits,0,0,0.000000,enabled
1782984702.883,2026-07-02 09:31:42.885,innodb_rwlock_s_os_waits,0,0,0.000000,enabled
1782984702.883,2026-07-02 09:31:42.885,innodb_rwlock_s_spin_rounds,0,0,0.000000,enabled
1782984702.883,2026-07-02 09:31:42.885,innodb_rwlock_s_spin_waits,0,0,0.000000,enabled
1782984702.883,2026-07-02 09:31:42.885,innodb_rwlock_x_os_waits,0,0,0.000000,enabled
1782984702.883,2026-07-02 09:31:42.885,innodb_rwlock_x_spin_rounds,0,0,0.000000,enabled
1782984702.883,2026-07-02 09:31:42.885,innodb_rwlock_x_spin_waits,0,0,0.000000,enabled
1782984702.883,2026-07-02 09:31:42.885,lock_deadlocks,0,0,0.000000,enabled
1782984702.883,2026-07-02 09:31:42.885,lock_deadlock_false_positives,0,0,0.000000,enabled
1782984702.883,2026-07-02 09:31:42.885,lock_deadlock_rounds,2516,2516,1.103780,enabled
1782984702.883,2026-07-02 09:31:42.885,lock_rec_grant_attempts,425,425,0.186449,enabled
1782984702.883,2026-07-02 09:31:42.885,lock_rec_release_attempts,39456570,39456570,17309.772363,enabled
1782984702.883,2026-07-02 09:31:42.885,lock_row_lock_current_waits,0,0,0.000000,enabled
1782984702.883,2026-07-02 09:31:42.885,lock_row_lock_time,323,323,0.141702,enabled
1782984702.883,2026-07-02 09:31:42.885,lock_row_lock_time_avg,0,0,0.000000,enabled
1782984702.883,2026-07-02 09:31:42.885,lock_row_lock_time_max,29,29,0.000000,enabled
1782984702.883,2026-07-02 09:31:42.885,lock_row_lock_waits,425,425,0.186449,enabled
1782984702.883,2026-07-02 09:31:42.885,lock_schedule_refreshes,2516,2516,1.103780,enabled
1782984702.883,2026-07-02 09:31:42.885,lock_threads_waiting,0,0,0.000000,enabled
1782984702.883,2026-07-02 09:31:42.885,lock_timeouts,0,0,0.000000,enabled
1782984702.883,2026-07-02 09:31:42.885,log_waits,0,0,0.000000,enabled
1782984702.883,2026-07-02 09:31:42.885,log_writes,197024639,197024639,86435.570458,enabled
1782984702.883,2026-07-02 09:31:42.885,log_write_requests,405381365,405381365,177842.577167,enabled
1782984702.883,2026-07-02 09:31:42.885,os_data_fsyncs,54136974,54136974,23750.127904,enabled
1782984702.883,2026-07-02 09:31:42.885,os_data_reads,74129505,74129505,32520.938980,enabled
1782984702.883,2026-07-02 09:31:42.885,os_data_writes,222787883,222787883,97738.021354,enabled
1782984702.883,2026-07-02 09:31:42.885,os_log_bytes_written,125457338368,125457338368,55038684.409210,enabled
1782984702.883,2026-07-02 09:31:42.885,os_log_fsyncs,47382576,47382576,20786.943823,enabled
1782984702.883,2026-07-02 09:31:42.885,os_log_pending_fsyncs,1,1,0.000439,enabled
1782984702.883,2026-07-02 09:31:42.885,os_log_pending_writes,0,0,0.000000,enabled
1782984702.883,2026-07-02 09:31:42.885,trx_rseg_history_len,747,747,0.000000,enabled
1782984703.951,2026-07-02 09:31:43.952,adaptive_hash_searches,0,0,0.000000,enabled
1782984703.951,2026-07-02 09:31:43.952,adaptive_hash_searches_btree,592588088,592588088,259848.955548,enabled
1782984703.951,2026-07-02 09:31:43.952,buffer_data_reads,1210531645952,1210531645952,530816332.973191,enabled
1782984703.951,2026-07-02 09:31:43.952,buffer_data_written,570514014208,570514014208,250169549.583419,enabled
1782984703.951,2026-07-02 09:31:43.952,buffer_pages0_read,7,7,0.003069,enabled
1782984703.951,2026-07-02 09:31:43.952,buffer_pages_created,1813439,1813439,795.190322,enabled
1782984703.951,2026-07-02 09:31:43.952,buffer_pages_read,74093676,74093676,32489.967199,enabled
1782984703.951,2026-07-02 09:31:43.952,buffer_pages_written,25000629,25000629,10962.738832,enabled
1782984703.951,2026-07-02 09:31:43.952,buffer_pool_bytes_data,12851593216,12851593216,0.000000,enabled
1782984703.951,2026-07-02 09:31:43.952,buffer_pool_bytes_dirty,4635885568,4635885568,0.000000,enabled
1782984703.951,2026-07-02 09:31:43.952,buffer_pool_pages_data,784399,784399,0.000000,enabled
1782984703.951,2026-07-02 09:31:43.952,buffer_pool_pages_dirty,282952,282952,0.000000,enabled
1782984703.951,2026-07-02 09:31:43.952,buffer_pool_pages_flushed,24943559,24943559,0.000000,enabled
1782984703.951,2026-07-02 09:31:43.952,buffer_pool_pages_free,1935,1935,0.000000,enabled
1782984703.951,2026-07-02 09:31:43.952,buffer_pool_pages_lru_flushed,0,0,0.000000,enabled
1782984703.951,2026-07-02 09:31:43.952,buffer_pool_pages_misc,96,96,0.000000,enabled
1782984703.951,2026-07-02 09:31:43.952,buffer_pool_pages_total,786432,786432,0.000000,enabled
1782984703.951,2026-07-02 09:31:43.952,buffer_pool_reads,73198323,73198323,32097.357429,enabled
1782984703.951,2026-07-02 09:31:43.952,buffer_pool_read_ahead,803715,803715,352.427846,enabled
1782984703.951,2026-07-02 09:31:43.952,buffer_pool_read_ahead_evicted,25,25,0.010962,enabled
1782984703.951,2026-07-02 09:31:43.952,buffer_pool_read_requests,2853499141,2853499141,1251255.186233,enabled
1782984703.951,2026-07-02 09:31:43.952,buffer_pool_size,12884901888,12884901888,0.000000,enabled
1782984703.951,2026-07-02 09:31:43.952,buffer_pool_wait_free,18945,18945,8.307355,enabled
1782984703.951,2026-07-02 09:31:43.952,buffer_pool_write_requests,601839858,601839858,263905.894415,enabled
1782984703.951,2026-07-02 09:31:43.952,dml_deletes,12986162,12986162,5694.411544,enabled
1782984703.951,2026-07-02 09:31:43.952,dml_inserts,112871567,112871567,49494.004092,enabled
1782984703.951,2026-07-02 09:31:43.952,dml_system_deletes,468,468,0.205217,enabled
1782984703.951,2026-07-02 09:31:43.952,dml_system_inserts,1202,1202,0.527075,enabled
1782984703.951,2026-07-02 09:31:43.952,dml_system_reads,7661,7661,3.359336,enabled
1782984703.951,2026-07-02 09:31:43.952,dml_system_updates,620,620,0.271869,enabled
1782984703.951,2026-07-02 09:31:43.952,dml_updates,25972448,25972448,11388.877453,enabled
1782984703.951,2026-07-02 09:31:43.952,file_num_open_files,35,35,0.000000,enabled
1782984703.951,2026-07-02 09:31:43.952,ibuf_merges,0,0,0.000000,enabled
1782984703.951,2026-07-02 09:31:43.952,ibuf_merges_delete,0,0,0.000000,enabled
1782984703.951,2026-07-02 09:31:43.952,ibuf_merges_delete_mark,0,0,0.000000,enabled
1782984703.951,2026-07-02 09:31:43.952,ibuf_merges_discard_delete,0,0,0.000000,enabled
1782984703.951,2026-07-02 09:31:43.952,ibuf_merges_discard_delete_mark,0,0,0.000000,enabled
1782984703.951,2026-07-02 09:31:43.952,ibuf_merges_discard_insert,0,0,0.000000,enabled
1782984703.951,2026-07-02 09:31:43.952,ibuf_merges_insert,0,0,0.000000,enabled
1782984703.951,2026-07-02 09:31:43.952,ibuf_size,1,1,0.000438,enabled
1782984703.951,2026-07-02 09:31:43.952,innodb_activity_count,17828457,17828457,7817.750506,enabled
1782984703.951,2026-07-02 09:31:43.952,innodb_dblwr_pages_written,24941378,24941378,10936.755075,enabled
1782984703.951,2026-07-02 09:31:43.952,innodb_dblwr_writes,510251,510251,223.744262,enabled
1782984703.951,2026-07-02 09:31:43.952,innodb_page_size,16384,16384,0.000000,enabled
1782984703.951,2026-07-02 09:31:43.952,innodb_rwlock_sx_os_waits,0,0,0.000000,enabled
1782984703.951,2026-07-02 09:31:43.952,innodb_rwlock_sx_spin_rounds,0,0,0.000000,enabled
1782984703.951,2026-07-02 09:31:43.952,innodb_rwlock_sx_spin_waits,0,0,0.000000,enabled
1782984703.951,2026-07-02 09:31:43.952,innodb_rwlock_s_os_waits,0,0,0.000000,enabled
1782984703.951,2026-07-02 09:31:43.952,innodb_rwlock_s_spin_rounds,0,0,0.000000,enabled
1782984703.951,2026-07-02 09:31:43.952,innodb_rwlock_s_spin_waits,0,0,0.000000,enabled
1782984703.951,2026-07-02 09:31:43.952,innodb_rwlock_x_os_waits,0,0,0.000000,enabled
1782984703.951,2026-07-02 09:31:43.952,innodb_rwlock_x_spin_rounds,0,0,0.000000,enabled
1782984703.951,2026-07-02 09:31:43.952,innodb_rwlock_x_spin_waits,0,0,0.000000,enabled
1782984703.951,2026-07-02 09:31:43.952,lock_deadlocks,0,0,0.000000,enabled
1782984703.951,2026-07-02 09:31:43.952,lock_deadlock_false_positives,0,0,0.000000,enabled
1782984703.951,2026-07-02 09:31:43.952,lock_deadlock_rounds,2517,2517,1.103701,enabled
1782984703.951,2026-07-02 09:31:43.952,lock_rec_grant_attempts,425,425,0.186362,enabled
1782984703.951,2026-07-02 09:31:43.952,lock_rec_release_attempts,39470870,39470870,17307.918917,enabled
1782984703.951,2026-07-02 09:31:43.952,lock_row_lock_current_waits,0,0,0.000000,enabled
1782984703.951,2026-07-02 09:31:43.952,lock_row_lock_time,323,323,0.141635,enabled
1782984703.951,2026-07-02 09:31:43.952,lock_row_lock_time_avg,0,0,0.000000,enabled
1782984703.951,2026-07-02 09:31:43.952,lock_row_lock_time_max,29,29,0.000000,enabled
1782984703.951,2026-07-02 09:31:43.952,lock_row_lock_waits,425,425,0.186362,enabled
1782984703.951,2026-07-02 09:31:43.952,lock_schedule_refreshes,2517,2517,1.103701,enabled
1782984703.951,2026-07-02 09:31:43.952,lock_threads_waiting,0,0,0.000000,enabled
1782984703.951,2026-07-02 09:31:43.952,lock_timeouts,0,0,0.000000,enabled
1782984703.951,2026-07-02 09:31:43.952,log_waits,0,0,0.000000,enabled
1782984703.951,2026-07-02 09:31:43.952,log_writes,197103483,197103483,86429.576960,enabled
1782984703.951,2026-07-02 09:31:43.952,log_write_requests,405461522,405461522,177794.259720,enabled
1782984703.951,2026-07-02 09:31:43.952,os_data_fsyncs,54166339,54166339,23751.857862,enabled
1782984703.951,2026-07-02 09:31:43.952,os_data_reads,74184770,74184770,32529.909689,enabled
1782984703.951,2026-07-02 09:31:43.952,os_data_writes,222882650,222882650,97733.705572,enabled
1782984703.951,2026-07-02 09:31:43.952,os_log_bytes_written,125498560512,125498560512,55030929.175709,enabled
1782984703.951,2026-07-02 09:31:43.952,os_log_fsyncs,47407343,47407343,20788.048265,enabled
1782984703.951,2026-07-02 09:31:43.952,os_log_pending_fsyncs,1,1,0.000438,enabled
1782984703.951,2026-07-02 09:31:43.952,os_log_pending_writes,0,0,0.000000,enabled
1782984703.951,2026-07-02 09:31:43.952,trx_rseg_history_len,637,637,0.000000,enabled
1782984705.022,2026-07-02 09:31:45.024,adaptive_hash_searches,0,0,0.000000,enabled
1782984705.022,2026-07-02 09:31:45.024,adaptive_hash_searches_btree,592750431,592750431,259797.671701,enabled
1782984705.022,2026-07-02 09:31:45.024,buffer_data_reads,1211430881792,1211430881792,530960323.039761,enabled
1782984705.022,2026-07-02 09:31:45.024,buffer_data_written,570815005184,570815005184,250183583.672842,enabled
1782984705.022,2026-07-02 09:31:45.024,buffer_pages0_read,7,7,0.003068,enabled
1782984705.022,2026-07-02 09:31:45.024,buffer_pages_created,1813473,1813473,794.830504,enabled
1782984705.022,2026-07-02 09:31:45.024,buffer_pages_read,74148712,74148712,32498.778708,enabled
1782984705.022,2026-07-02 09:31:45.024,buffer_pages_written,25016142,25016142,10964.372054,enabled
1782984705.022,2026-07-02 09:31:45.024,buffer_pool_bytes_data,12860293120,12860293120,0.000000,enabled
1782984705.022,2026-07-02 09:31:45.024,buffer_pool_bytes_dirty,4639997952,4639997952,0.000000,enabled
1782984705.022,2026-07-02 09:31:45.024,buffer_pool_pages_data,784930,784930,0.000000,enabled
1782984705.022,2026-07-02 09:31:45.024,buffer_pool_pages_dirty,283203,283203,0.000000,enabled
1782984705.022,2026-07-02 09:31:45.024,buffer_pool_pages_flushed,24959072,24959072,0.000000,enabled
1782984705.022,2026-07-02 09:31:45.024,buffer_pool_pages_free,1407,1407,0.000000,enabled
1782984705.022,2026-07-02 09:31:45.024,buffer_pool_pages_lru_flushed,0,0,0.000000,enabled
1782984705.022,2026-07-02 09:31:45.024,buffer_pool_pages_misc,96,96,0.000000,enabled
1782984705.022,2026-07-02 09:31:45.024,buffer_pool_pages_total,786432,786432,0.000000,enabled
1782984705.022,2026-07-02 09:31:45.024,buffer_pool_reads,73253301,73253301,32106.328371,enabled
1782984705.022,2026-07-02 09:31:45.024,buffer_pool_read_ahead,803715,803715,352.261770,enabled
1782984705.022,2026-07-02 09:31:45.024,buffer_pool_read_ahead_evicted,25,25,0.010957,enabled
1782984705.022,2026-07-02 09:31:45.024,buffer_pool_read_requests,2854304819,2854304819,1251018.671986,enabled
1782984705.022,2026-07-02 09:31:45.024,buffer_pool_size,12884901888,12884901888,0.000000,enabled
1782984705.022,2026-07-02 09:31:45.024,buffer_pool_wait_free,18945,18945,8.303440,enabled
1782984705.022,2026-07-02 09:31:45.024,buffer_pool_write_requests,601950180,601950180,263829.885753,enabled
1782984705.022,2026-07-02 09:31:45.024,dml_deletes,12990855,12990855,5693.785482,enabled
1782984705.022,2026-07-02 09:31:45.024,dml_inserts,112876259,112876259,49472.741047,enabled
1782984705.022,2026-07-02 09:31:45.024,dml_system_deletes,468,468,0.205121,enabled
1782984705.022,2026-07-02 09:31:45.024,dml_system_inserts,1202,1202,0.526827,enabled
1782984705.022,2026-07-02 09:31:45.024,dml_system_reads,7661,7661,3.357754,enabled
1782984705.022,2026-07-02 09:31:45.024,dml_system_updates,620,620,0.271741,enabled
1782984705.022,2026-07-02 09:31:45.024,dml_updates,25981831,25981831,11387.623989,enabled
1782984705.022,2026-07-02 09:31:45.024,file_num_open_files,35,35,0.000000,enabled
1782984705.022,2026-07-02 09:31:45.024,ibuf_merges,0,0,0.000000,enabled
1782984705.022,2026-07-02 09:31:45.024,ibuf_merges_delete,0,0,0.000000,enabled
1782984705.022,2026-07-02 09:31:45.024,ibuf_merges_delete_mark,0,0,0.000000,enabled
1782984705.022,2026-07-02 09:31:45.024,ibuf_merges_discard_delete,0,0,0.000000,enabled
1782984705.022,2026-07-02 09:31:45.024,ibuf_merges_discard_delete_mark,0,0,0.000000,enabled
1782984705.022,2026-07-02 09:31:45.024,ibuf_merges_discard_insert,0,0,0.000000,enabled
1782984705.022,2026-07-02 09:31:45.024,ibuf_merges_insert,0,0,0.000000,enabled
1782984705.022,2026-07-02 09:31:45.024,ibuf_size,1,1,0.000438,enabled
1782984705.022,2026-07-02 09:31:45.024,innodb_activity_count,17833838,17833838,7816.425425,enabled
1782984705.022,2026-07-02 09:31:45.024,innodb_dblwr_pages_written,24956891,24956891,10938.401269,enabled
1782984705.022,2026-07-02 09:31:45.024,innodb_dblwr_writes,510567,510567,223.777342,enabled
1782984705.022,2026-07-02 09:31:45.024,innodb_page_size,16384,16384,0.000000,enabled
1782984705.022,2026-07-02 09:31:45.024,innodb_rwlock_sx_os_waits,0,0,0.000000,enabled
1782984705.022,2026-07-02 09:31:45.024,innodb_rwlock_sx_spin_rounds,0,0,0.000000,enabled
1782984705.022,2026-07-02 09:31:45.024,innodb_rwlock_sx_spin_waits,0,0,0.000000,enabled
1782984705.022,2026-07-02 09:31:45.024,innodb_rwlock_s_os_waits,0,0,0.000000,enabled
1782984705.022,2026-07-02 09:31:45.024,innodb_rwlock_s_spin_rounds,0,0,0.000000,enabled
1782984705.022,2026-07-02 09:31:45.024,innodb_rwlock_s_spin_waits,0,0,0.000000,enabled
1782984705.022,2026-07-02 09:31:45.024,innodb_rwlock_x_os_waits,0,0,0.000000,enabled
1782984705.022,2026-07-02 09:31:45.024,innodb_rwlock_x_spin_rounds,0,0,0.000000,enabled
1782984705.022,2026-07-02 09:31:45.024,innodb_rwlock_x_spin_waits,0,0,0.000000,enabled
1782984705.022,2026-07-02 09:31:45.024,lock_deadlocks,0,0,0.000000,enabled
1782984705.022,2026-07-02 09:31:45.024,lock_deadlock_false_positives,0,0,0.000000,enabled
1782984705.022,2026-07-02 09:31:45.024,lock_deadlock_rounds,2518,2518,1.103619,enabled
1782984705.022,2026-07-02 09:31:45.024,lock_rec_grant_attempts,425,425,0.186274,enabled
1782984705.022,2026-07-02 09:31:45.024,lock_rec_release_attempts,39485144,39485144,17306.018921,enabled
1782984705.022,2026-07-02 09:31:45.024,lock_row_lock_current_waits,0,0,0.000000,enabled
1782984705.022,2026-07-02 09:31:45.024,lock_row_lock_time,323,323,0.141568,enabled
1782984705.022,2026-07-02 09:31:45.024,lock_row_lock_time_avg,0,0,0.000000,enabled
1782984705.022,2026-07-02 09:31:45.024,lock_row_lock_time_max,29,29,0.000000,enabled
1782984705.022,2026-07-02 09:31:45.024,lock_row_lock_waits,425,425,0.186274,enabled
1782984705.022,2026-07-02 09:31:45.024,lock_schedule_refreshes,2518,2518,1.103619,enabled
1782984705.022,2026-07-02 09:31:45.024,lock_threads_waiting,0,0,0.000000,enabled
1782984705.022,2026-07-02 09:31:45.024,lock_timeouts,0,0,0.000000,enabled
1782984705.022,2026-07-02 09:31:45.024,log_waits,0,0,0.000000,enabled
1782984705.022,2026-07-02 09:31:45.024,log_writes,197181872,197181872,86423.206284,enabled
1782984705.022,2026-07-02 09:31:45.024,log_write_requests,405541595,405541595,177745.573594,enabled
1782984705.022,2026-07-02 09:31:45.024,os_data_fsyncs,54195238,54195238,23753.331577,enabled
1782984705.022,2026-07-02 09:31:45.024,os_data_reads,74239645,74239645,32538.632021,enabled
1782984705.022,2026-07-02 09:31:45.024,os_data_writes,222976798,222976798,97728.915232,enabled
1782984705.022,2026-07-02 09:31:45.024,os_log_bytes_written,125539608064,125539608064,55022988.033635,enabled
1782984705.022,2026-07-02 09:31:45.024,os_log_fsyncs,47431579,47431579,20788.874860,enabled
1782984705.022,2026-07-02 09:31:45.024,os_log_pending_fsyncs,1,1,0.000438,enabled
1782984705.022,2026-07-02 09:31:45.024,os_log_pending_writes,0,0,0.000000,enabled
1782984705.022,2026-07-02 09:31:45.024,trx_rseg_history_len,309,309,0.000000,enabled
1782984706.096,2026-07-02 09:31:46.098,adaptive_hash_searches,0,0,0.000000,enabled
1782984706.096,2026-07-02 09:31:46.098,adaptive_hash_searches_btree,592914599,592914599,259748.008783,enabled
1782984706.096,2026-07-02 09:31:46.098,buffer_data_reads,1212347779584,1212347779584,531113514.703927,enabled
1782984706.096,2026-07-02 09:31:46.098,buffer_data_written,571120949248,571120949248,250200527.919127,enabled
1782984706.096,2026-07-02 09:31:46.098,buffer_pages0_read,7,7,0.003067,enabled
1782984706.096,2026-07-02 09:31:46.098,buffer_pages_created,1813509,1813509,794.474294,enabled
1782984706.096,2026-07-02 09:31:46.098,buffer_pages_read,74204827,74204827,32508.152532,enabled
1782984706.096,2026-07-02 09:31:46.098,buffer_pages_written,25031945,25031945,10966.163816,enabled
1782984706.096,2026-07-02 09:31:46.098,buffer_pool_bytes_data,12857294848,12857294848,0.000000,enabled
1782984706.096,2026-07-02 09:31:46.098,buffer_pool_bytes_dirty,4645715968,4645715968,0.000000,enabled
1782984706.096,2026-07-02 09:31:46.098,buffer_pool_pages_data,784748,784748,0.000000,enabled
1782984706.096,2026-07-02 09:31:46.098,buffer_pool_pages_dirty,283552,283552,0.000000,enabled
1782984706.096,2026-07-02 09:31:46.098,buffer_pool_pages_flushed,24974875,24974875,0.000000,enabled
1782984706.096,2026-07-02 09:31:46.098,buffer_pool_pages_free,1588,1588,0.000000,enabled
1782984706.096,2026-07-02 09:31:46.098,buffer_pool_pages_lru_flushed,0,0,0.000000,enabled
1782984706.096,2026-07-02 09:31:46.098,buffer_pool_pages_misc,96,96,0.000000,enabled
1782984706.096,2026-07-02 09:31:46.098,buffer_pool_pages_total,786432,786432,0.000000,enabled
1782984706.096,2026-07-02 09:31:46.098,buffer_pool_reads,73309365,73309365,32115.863536,enabled
1782984706.096,2026-07-02 09:31:46.098,buffer_pool_read_ahead,803715,803715,352.096912,enabled
1782984706.096,2026-07-02 09:31:46.098,buffer_pool_read_ahead_evicted,25,25,0.010952,enabled
1782984706.096,2026-07-02 09:31:46.098,buffer_pool_read_requests,2855119088,2855119088,1250789.917010,enabled
1782984706.096,2026-07-02 09:31:46.098,buffer_pool_size,12884901888,12884901888,0.000000,enabled
1782984706.096,2026-07-02 09:31:46.098,buffer_pool_wait_free,18945,18945,8.299554,enabled
1782984706.096,2026-07-02 09:31:46.098,buffer_pool_write_requests,602061908,602061908,263755.360194,enabled
1782984706.096,2026-07-02 09:31:46.098,dml_deletes,12995592,12995592,5693.196046,enabled
1782984706.096,2026-07-02 09:31:46.098,dml_inserts,112880998,112880998,49451.664225,enabled
1782984706.096,2026-07-02 09:31:46.098,dml_system_deletes,468,468,0.205025,enabled
1782984706.096,2026-07-02 09:31:46.098,dml_system_inserts,1202,1202,0.526580,enabled
1782984706.096,2026-07-02 09:31:46.098,dml_system_reads,7661,7661,3.356182,enabled
1782984706.096,2026-07-02 09:31:46.098,dml_system_updates,620,620,0.271614,enabled
1782984706.096,2026-07-02 09:31:46.098,dml_updates,25991303,25991303,11386.444213,enabled
1782984706.096,2026-07-02 09:31:46.098,file_num_open_files,35,35,0.000000,enabled
1782984706.096,2026-07-02 09:31:46.098,ibuf_merges,0,0,0.000000,enabled
1782984706.096,2026-07-02 09:31:46.098,ibuf_merges_delete,0,0,0.000000,enabled
1782984706.096,2026-07-02 09:31:46.098,ibuf_merges_delete_mark,0,0,0.000000,enabled
1782984706.096,2026-07-02 09:31:46.098,ibuf_merges_discard_delete,0,0,0.000000,enabled
1782984706.096,2026-07-02 09:31:46.098,ibuf_merges_discard_delete_mark,0,0,0.000000,enabled
1782984706.096,2026-07-02 09:31:46.098,ibuf_merges_discard_insert,0,0,0.000000,enabled
1782984706.096,2026-07-02 09:31:46.098,ibuf_merges_insert,0,0,0.000000,enabled
1782984706.096,2026-07-02 09:31:46.098,ibuf_size,1,1,0.000438,enabled
1782984706.096,2026-07-02 09:31:46.098,innodb_activity_count,17839287,17839287,7815.154541,enabled
1782984706.096,2026-07-02 09:31:46.098,innodb_dblwr_pages_written,24972694,24972694,10940.205269,enabled
1782984706.096,2026-07-02 09:31:46.098,innodb_dblwr_writes,510930,510930,223.831641,enabled
1782984706.096,2026-07-02 09:31:46.098,innodb_page_size,16384,16384,0.000000,enabled
1782984706.096,2026-07-02 09:31:46.098,innodb_rwlock_sx_os_waits,0,0,0.000000,enabled
1782984706.096,2026-07-02 09:31:46.098,innodb_rwlock_sx_spin_rounds,0,0,0.000000,enabled
1782984706.096,2026-07-02 09:31:46.098,innodb_rwlock_sx_spin_waits,0,0,0.000000,enabled
1782984706.096,2026-07-02 09:31:46.098,innodb_rwlock_s_os_waits,0,0,0.000000,enabled
1782984706.096,2026-07-02 09:31:46.098,innodb_rwlock_s_spin_rounds,0,0,0.000000,enabled
1782984706.096,2026-07-02 09:31:46.098,innodb_rwlock_s_spin_waits,0,0,0.000000,enabled
1782984706.096,2026-07-02 09:31:46.098,innodb_rwlock_x_os_waits,0,0,0.000000,enabled
1782984706.096,2026-07-02 09:31:46.098,innodb_rwlock_x_spin_rounds,0,0,0.000000,enabled
1782984706.096,2026-07-02 09:31:46.098,innodb_rwlock_x_spin_waits,0,0,0.000000,enabled
1782984706.096,2026-07-02 09:31:46.098,lock_deadlocks,0,0,0.000000,enabled
1782984706.096,2026-07-02 09:31:46.098,lock_deadlock_false_positives,0,0,0.000000,enabled
1782984706.096,2026-07-02 09:31:46.098,lock_deadlock_rounds,2519,2519,1.103541,enabled
1782984706.096,2026-07-02 09:31:46.098,lock_rec_grant_attempts,425,425,0.186187,enabled
1782984706.096,2026-07-02 09:31:46.098,lock_rec_release_attempts,39499532,39499532,17304.222912,enabled
1782984706.096,2026-07-02 09:31:46.098,lock_row_lock_current_waits,0,0,0.000000,enabled
1782984706.096,2026-07-02 09:31:46.098,lock_row_lock_time,323,323,0.141502,enabled
1782984706.096,2026-07-02 09:31:46.098,lock_row_lock_time_avg,0,0,0.000000,enabled
1782984706.096,2026-07-02 09:31:46.098,lock_row_lock_time_max,29,29,0.000000,enabled
1782984706.096,2026-07-02 09:31:46.098,lock_row_lock_waits,425,425,0.186187,enabled
1782984706.096,2026-07-02 09:31:46.098,lock_schedule_refreshes,2519,2519,1.103541,enabled
1782984706.096,2026-07-02 09:31:46.098,lock_threads_waiting,0,0,0.000000,enabled
1782984706.096,2026-07-02 09:31:46.098,lock_timeouts,0,0,0.000000,enabled
1782984706.096,2026-07-02 09:31:46.098,log_waits,0,0,0.000000,enabled
1782984706.096,2026-07-02 09:31:46.098,log_writes,197260925,197260925,86417.393088,enabled
1782984706.096,2026-07-02 09:31:46.098,log_write_requests,405622180,405622180,177697.693526,enabled
1782984706.096,2026-07-02 09:31:46.098,os_data_fsyncs,54227339,54227339,23756.278137,enabled
1782984706.096,2026-07-02 09:31:46.098,os_data_reads,74295591,74295591,32547.913267,enabled
1782984706.096,2026-07-02 09:31:46.098,os_data_writes,223071941,223071941,97724.859384,enabled
1782984706.096,2026-07-02 09:31:46.098,os_log_bytes_written,125580958720,125580958720,55015352.653121,enabled
1782984706.096,2026-07-02 09:31:46.098,os_log_fsyncs,47458886,47458886,20791.108577,enabled
1782984706.096,2026-07-02 09:31:46.098,os_log_pending_fsyncs,1,1,0.000438,enabled
1782984706.096,2026-07-02 09:31:46.098,os_log_pending_writes,0,0,0.000000,enabled
1782984706.096,2026-07-02 09:31:46.098,trx_rseg_history_len,273,273,0.000000,enabled
1782984707.164,2026-07-02 09:31:47.166,adaptive_hash_searches,0,0,0.000000,enabled
1782984707.164,2026-07-02 09:31:47.166,adaptive_hash_searches_btree,593083395,593083395,259700.017260,enabled
1782984707.164,2026-07-02 09:31:47.166,buffer_data_reads,1213278358016,1213278358016,531271750.603415,enabled
1782984707.164,2026-07-02 09:31:47.166,buffer_data_written,571432890880,571432890880,250219704.335260,enabled
1782984707.164,2026-07-02 09:31:47.166,buffer_pages0_read,7,7,0.003065,enabled
1782984707.164,2026-07-02 09:31:47.166,buffer_pages_created,1813540,1813540,794.115030,enabled
1782984707.164,2026-07-02 09:31:47.166,buffer_pages_read,74261796,74261796,32517.842421,enabled
1782984707.164,2026-07-02 09:31:47.166,buffer_pages_written,25048067,25048067,10968.077029,enabled
1782984707.164,2026-07-02 09:31:47.166,buffer_pool_bytes_data,12848873472,12848873472,0.000000,enabled
1782984707.164,2026-07-02 09:31:47.166,buffer_pool_bytes_dirty,4649500672,4649500672,0.000000,enabled
1782984707.164,2026-07-02 09:31:47.166,buffer_pool_pages_data,784233,784233,0.000000,enabled
1782984707.164,2026-07-02 09:31:47.166,buffer_pool_pages_dirty,283783,283783,0.000000,enabled
1782984707.164,2026-07-02 09:31:47.166,buffer_pool_pages_flushed,24990983,24990983,0.000000,enabled
1782984707.164,2026-07-02 09:31:47.166,buffer_pool_pages_free,2104,2104,0.000000,enabled
1782984707.164,2026-07-02 09:31:47.166,buffer_pool_pages_lru_flushed,0,0,0.000000,enabled
1782984707.164,2026-07-02 09:31:47.166,buffer_pool_pages_misc,96,96,0.000000,enabled
1782984707.164,2026-07-02 09:31:47.166,buffer_pool_pages_total,786432,786432,0.000000,enabled
1782984707.164,2026-07-02 09:31:47.166,buffer_pool_reads,73366281,73366281,32125.714488,enabled
1782984707.164,2026-07-02 09:31:47.166,buffer_pool_read_ahead,803715,803715,351.931677,enabled
1782984707.164,2026-07-02 09:31:47.166,buffer_pool_read_ahead_evicted,25,25,0.010947,enabled
1782984707.164,2026-07-02 09:31:47.166,buffer_pool_read_requests,2855954869,2855954869,1250568.912943,enabled
1782984707.164,2026-07-02 09:31:47.166,buffer_pool_size,12884901888,12884901888,0.000000,enabled
1782984707.164,2026-07-02 09:31:47.166,buffer_pool_wait_free,18945,18945,8.295659,enabled
1782984707.164,2026-07-02 09:31:47.166,buffer_pool_write_requests,602175872,602175872,263681.486394,enabled
1782984707.164,2026-07-02 09:31:47.166,dml_deletes,13000463,13000463,5692.657039,enabled
1782984707.164,2026-07-02 09:31:47.166,dml_inserts,112885868,112885868,49430.588096,enabled
1782984707.164,2026-07-02 09:31:47.166,dml_system_deletes,468,468,0.204928,enabled
1782984707.164,2026-07-02 09:31:47.166,dml_system_inserts,1202,1202,0.526333,enabled
1782984707.164,2026-07-02 09:31:47.166,dml_system_reads,7661,7661,3.354607,enabled
1782984707.164,2026-07-02 09:31:47.166,dml_system_updates,620,620,0.271486,enabled
1782984707.164,2026-07-02 09:31:47.166,dml_updates,26001044,26001044,11385.365736,enabled
1782984707.164,2026-07-02 09:31:47.166,file_num_open_files,35,35,0.000000,enabled
1782984707.164,2026-07-02 09:31:47.166,ibuf_merges,0,0,0.000000,enabled
1782984707.164,2026-07-02 09:31:47.166,ibuf_merges_delete,0,0,0.000000,enabled
1782984707.164,2026-07-02 09:31:47.166,ibuf_merges_delete_mark,0,0,0.000000,enabled
1782984707.164,2026-07-02 09:31:47.166,ibuf_merges_discard_delete,0,0,0.000000,enabled
1782984707.164,2026-07-02 09:31:47.166,ibuf_merges_discard_delete_mark,0,0,0.000000,enabled
1782984707.164,2026-07-02 09:31:47.166,ibuf_merges_discard_insert,0,0,0.000000,enabled
1782984707.164,2026-07-02 09:31:47.166,ibuf_merges_insert,0,0,0.000000,enabled
1782984707.164,2026-07-02 09:31:47.166,ibuf_size,1,1,0.000438,enabled
1782984707.164,2026-07-02 09:31:47.166,innodb_activity_count,17844885,17844885,7813.938007,enabled
1782984707.164,2026-07-02 09:31:47.166,innodb_dblwr_pages_written,24988820,24988820,10942.132102,enabled
1782984707.164,2026-07-02 09:31:47.166,innodb_dblwr_writes,511317,511317,223.896053,enabled
1782984707.164,2026-07-02 09:31:47.166,innodb_page_size,16384,16384,0.000000,enabled
1782984707.164,2026-07-02 09:31:47.166,innodb_rwlock_sx_os_waits,0,0,0.000000,enabled
1782984707.164,2026-07-02 09:31:47.166,innodb_rwlock_sx_spin_rounds,0,0,0.000000,enabled
1782984707.164,2026-07-02 09:31:47.166,innodb_rwlock_sx_spin_waits,0,0,0.000000,enabled
1782984707.164,2026-07-02 09:31:47.166,innodb_rwlock_s_os_waits,0,0,0.000000,enabled
1782984707.164,2026-07-02 09:31:47.166,innodb_rwlock_s_spin_rounds,0,0,0.000000,enabled
1782984707.164,2026-07-02 09:31:47.166,innodb_rwlock_s_spin_waits,0,0,0.000000,enabled
1782984707.164,2026-07-02 09:31:47.166,innodb_rwlock_x_os_waits,0,0,0.000000,enabled
1782984707.164,2026-07-02 09:31:47.166,innodb_rwlock_x_spin_rounds,0,0,0.000000,enabled
1782984707.164,2026-07-02 09:31:47.166,innodb_rwlock_x_spin_waits,0,0,0.000000,enabled
1782984707.164,2026-07-02 09:31:47.166,lock_deadlocks,0,0,0.000000,enabled
1782984707.164,2026-07-02 09:31:47.166,lock_deadlock_false_positives,0,0,0.000000,enabled
1782984707.164,2026-07-02 09:31:47.166,lock_deadlock_rounds,2521,2521,1.103899,enabled
1782984707.164,2026-07-02 09:31:47.166,lock_rec_grant_attempts,425,425,0.186100,enabled
1782984707.164,2026-07-02 09:31:47.166,lock_rec_release_attempts,39514343,39514343,17302.587783,enabled
1782984707.164,2026-07-02 09:31:47.166,lock_row_lock_current_waits,0,0,0.000000,enabled
1782984707.164,2026-07-02 09:31:47.166,lock_row_lock_time,323,323,0.141436,enabled
1782984707.164,2026-07-02 09:31:47.166,lock_row_lock_time_avg,0,0,0.000000,enabled
1782984707.164,2026-07-02 09:31:47.166,lock_row_lock_time_max,29,29,0.000000,enabled
1782984707.164,2026-07-02 09:31:47.166,lock_row_lock_waits,425,425,0.186100,enabled
1782984707.164,2026-07-02 09:31:47.166,lock_schedule_refreshes,2521,2521,1.103898,enabled
1782984707.164,2026-07-02 09:31:47.166,lock_threads_waiting,0,0,0.000000,enabled
1782984707.164,2026-07-02 09:31:47.166,lock_timeouts,0,0,0.000000,enabled
1782984707.164,2026-07-02 09:31:47.166,log_waits,0,0,0.000000,enabled
1782984707.164,2026-07-02 09:31:47.166,log_writes,197340916,197340916,86411.862920,enabled
1782984707.164,2026-07-02 09:31:47.166,log_write_requests,405704952,405704952,177650.542189,enabled
1782984707.164,2026-07-02 09:31:47.166,os_data_fsyncs,54261430,54261430,23760.056971,enabled
1782984707.164,2026-07-02 09:31:47.166,os_data_reads,74352396,74352396,32557.512168,enabled
1782984707.164,2026-07-02 09:31:47.166,os_data_writes,223168324,223168324,97721.200800,enabled
1782984707.164,2026-07-02 09:31:47.166,os_log_bytes_written,125622648320,125622648320,55007788.676106,enabled
1782984707.164,2026-07-02 09:31:47.166,os_log_fsyncs,47487932,47487932,20794.069866,enabled
1782984707.164,2026-07-02 09:31:47.166,os_log_pending_fsyncs,1,1,0.000438,enabled
1782984707.164,2026-07-02 09:31:47.166,os_log_pending_writes,0,0,0.000000,enabled
1782984707.164,2026-07-02 09:31:47.166,trx_rseg_history_len,328,328,0.000000,enabled
1782984708.237,2026-07-02 09:31:48.238,adaptive_hash_searches,0,0,0.000000,enabled
1782984708.237,2026-07-02 09:31:48.238,adaptive_hash_searches_btree,593251663,593251663,259651.766611,enabled
1782984708.237,2026-07-02 09:31:48.238,buffer_data_reads,1214209968640,1214209968640,531430113.549389,enabled
1782984708.237,2026-07-02 09:31:48.238,buffer_data_written,571740572672,571740572672,250236915.438778,enabled
1782984708.237,2026-07-02 09:31:48.238,buffer_pages0_read,7,7,0.003064,enabled
1782984708.237,2026-07-02 09:31:48.238,buffer_pages_created,1813570,1813570,793.755400,enabled
1782984708.237,2026-07-02 09:31:48.238,buffer_pages_read,74318816,74318816,32527.534715,enabled
1782984708.237,2026-07-02 09:31:48.238,buffer_pages_written,25063929,25063929,10969.870983,enabled
1782984708.237,2026-07-02 09:31:48.238,buffer_pool_bytes_data,12852592640,12852592640,0.000000,enabled
1782984708.237,2026-07-02 09:31:48.238,buffer_pool_bytes_dirty,4660264960,4660264960,0.000000,enabled
1782984708.237,2026-07-02 09:31:48.238,buffer_pool_pages_data,784460,784460,0.000000,enabled
1782984708.237,2026-07-02 09:31:48.238,buffer_pool_pages_dirty,284440,284440,0.000000,enabled
1782984708.237,2026-07-02 09:31:48.238,buffer_pool_pages_flushed,25006859,25006859,0.000000,enabled
1782984708.237,2026-07-02 09:31:48.238,buffer_pool_pages_free,1876,1876,0.000000,enabled
1782984708.237,2026-07-02 09:31:48.238,buffer_pool_pages_lru_flushed,0,0,0.000000,enabled
1782984708.237,2026-07-02 09:31:48.238,buffer_pool_pages_misc,96,96,0.000000,enabled
1782984708.237,2026-07-02 09:31:48.238,buffer_pool_pages_total,786432,786432,0.000000,enabled
1782984708.237,2026-07-02 09:31:48.238,buffer_pool_reads,73423225,73423225,32135.557419,enabled
1782984708.237,2026-07-02 09:31:48.238,buffer_pool_read_ahead,803715,803715,351.766478,enabled
1782984708.237,2026-07-02 09:31:48.238,buffer_pool_read_ahead_evicted,25,25,0.010942,enabled
1782984708.237,2026-07-02 09:31:48.238,buffer_pool_read_requests,2856787868,2856787868,1250346.468680,enabled
1782984708.237,2026-07-02 09:31:48.238,buffer_pool_size,12884901888,12884901888,0.000000,enabled
1782984708.237,2026-07-02 09:31:48.238,buffer_pool_wait_free,18945,18945,8.291765,enabled
1782984708.237,2026-07-02 09:31:48.238,buffer_pool_write_requests,602288657,602288657,263607.075370,enabled
1782984708.237,2026-07-02 09:31:48.238,dml_deletes,13005332,13005332,5692.116102,enabled
1782984708.237,2026-07-02 09:31:48.238,dml_inserts,112890738,112890738,49409.518197,enabled
1782984708.237,2026-07-02 09:31:48.238,dml_system_deletes,468,468,0.204832,enabled
1782984708.237,2026-07-02 09:31:48.238,dml_system_inserts,1202,1202,0.526086,enabled
1782984708.237,2026-07-02 09:31:48.238,dml_system_reads,7661,7661,3.353033,enabled
1782984708.237,2026-07-02 09:31:48.238,dml_system_updates,620,620,0.271359,enabled
1782984708.237,2026-07-02 09:31:48.238,dml_updates,26010785,26010785,11384.285152,enabled
1782984708.237,2026-07-02 09:31:48.238,file_num_open_files,35,35,0.000000,enabled
1782984708.237,2026-07-02 09:31:48.238,ibuf_merges,0,0,0.000000,enabled
1782984708.237,2026-07-02 09:31:48.238,ibuf_merges_delete,0,0,0.000000,enabled
1782984708.237,2026-07-02 09:31:48.238,ibuf_merges_delete_mark,0,0,0.000000,enabled
1782984708.237,2026-07-02 09:31:48.238,ibuf_merges_discard_delete,0,0,0.000000,enabled
1782984708.237,2026-07-02 09:31:48.238,ibuf_merges_discard_delete_mark,0,0,0.000000,enabled
1782984708.237,2026-07-02 09:31:48.238,ibuf_merges_discard_insert,0,0,0.000000,enabled
1782984708.237,2026-07-02 09:31:48.238,ibuf_merges_insert,0,0,0.000000,enabled
1782984708.237,2026-07-02 09:31:48.238,ibuf_size,1,1,0.000438,enabled
1782984708.237,2026-07-02 09:31:48.238,innodb_activity_count,17850474,17850474,7812.716502,enabled
1782984708.237,2026-07-02 09:31:48.238,innodb_dblwr_pages_written,25004678,25004678,10943.936797,enabled
1782984708.237,2026-07-02 09:31:48.238,innodb_dblwr_writes,511674,511674,223.947212,enabled
1782984708.237,2026-07-02 09:31:48.238,innodb_page_size,16384,16384,0.000000,enabled
1782984708.237,2026-07-02 09:31:48.238,innodb_rwlock_sx_os_waits,0,0,0.000000,enabled
1782984708.237,2026-07-02 09:31:48.238,innodb_rwlock_sx_spin_rounds,0,0,0.000000,enabled
1782984708.237,2026-07-02 09:31:48.238,innodb_rwlock_sx_spin_waits,0,0,0.000000,enabled
1782984708.237,2026-07-02 09:31:48.238,innodb_rwlock_s_os_waits,0,0,0.000000,enabled
1782984708.237,2026-07-02 09:31:48.238,innodb_rwlock_s_spin_rounds,0,0,0.000000,enabled
1782984708.237,2026-07-02 09:31:48.238,innodb_rwlock_s_spin_waits,0,0,0.000000,enabled
1782984708.237,2026-07-02 09:31:48.238,innodb_rwlock_x_os_waits,0,0,0.000000,enabled
1782984708.237,2026-07-02 09:31:48.238,innodb_rwlock_x_spin_rounds,0,0,0.000000,enabled
1782984708.237,2026-07-02 09:31:48.238,innodb_rwlock_x_spin_waits,0,0,0.000000,enabled
1782984708.237,2026-07-02 09:31:48.238,lock_deadlocks,0,0,0.000000,enabled
1782984708.237,2026-07-02 09:31:48.238,lock_deadlock_false_positives,0,0,0.000000,enabled
1782984708.237,2026-07-02 09:31:48.238,lock_deadlock_rounds,2522,2522,1.103818,enabled
1782984708.237,2026-07-02 09:31:48.238,lock_rec_grant_attempts,425,425,0.186012,enabled
1782984708.237,2026-07-02 09:31:48.238,lock_rec_release_attempts,39529129,39529129,17300.937259,enabled
1782984708.237,2026-07-02 09:31:48.238,lock_row_lock_current_waits,0,0,0.000000,enabled
1782984708.237,2026-07-02 09:31:48.238,lock_row_lock_time,323,323,0.141369,enabled
1782984708.237,2026-07-02 09:31:48.238,lock_row_lock_time_avg,0,0,0.000000,enabled
1782984708.237,2026-07-02 09:31:48.238,lock_row_lock_time_max,29,29,0.000000,enabled
1782984708.237,2026-07-02 09:31:48.238,lock_row_lock_waits,425,425,0.186012,enabled
1782984708.237,2026-07-02 09:31:48.238,lock_schedule_refreshes,2522,2522,1.103818,enabled
1782984708.237,2026-07-02 09:31:48.238,lock_threads_waiting,0,0,0.000000,enabled
1782984708.237,2026-07-02 09:31:48.238,lock_timeouts,0,0,0.000000,enabled
1782984708.237,2026-07-02 09:31:48.238,log_waits,0,0,0.000000,enabled
1782984708.237,2026-07-02 09:31:48.238,log_writes,197420930,197420930,86406.322890,enabled
1782984708.237,2026-07-02 09:31:48.238,log_write_requests,405787677,405787677,177603.362860,enabled
1782984708.237,2026-07-02 09:31:48.238,os_data_fsyncs,54294795,54294795,23763.507335,enabled
1782984708.237,2026-07-02 09:31:48.238,os_data_reads,74409262,74409262,32567.118917,enabled
1782984708.237,2026-07-02 09:31:48.238,os_data_writes,223264450,223264450,97717.403635,enabled
1782984708.237,2026-07-02 09:31:48.238,os_log_bytes_written,125664401920,125664401920,55000243.244138,enabled
1782984708.237,2026-07-02 09:31:48.238,os_log_fsyncs,47516300,47516300,20796.725376,enabled
1782984708.237,2026-07-02 09:31:48.238,os_log_pending_fsyncs,1,1,0.000438,enabled
1782984708.237,2026-07-02 09:31:48.238,os_log_pending_writes,0,0,0.000000,enabled
1782984708.237,2026-07-02 09:31:48.238,trx_rseg_history_len,375,375,0.000000,enabled
1782984709.309,2026-07-02 09:31:49.310,adaptive_hash_searches,0,0,0.000000,enabled
1782984709.309,2026-07-02 09:31:49.310,adaptive_hash_searches_btree,593419059,593419059,259603.132395,enabled
1782984709.309,2026-07-02 09:31:49.310,buffer_data_reads,1215140399616,1215140399616,531587725.987076,enabled
1782984709.309,2026-07-02 09:31:49.310,buffer_data_written,572052463104,572052463104,250255911.094358,enabled
1782984709.309,2026-07-02 09:31:49.310,buffer_pages0_read,7,7,0.003062,enabled
1782984709.309,2026-07-02 09:31:49.310,buffer_pages_created,1813613,1813613,793.401667,enabled
1782984709.309,2026-07-02 09:31:49.310,buffer_pages_read,74375763,74375763,32537.180727,enabled
1782984709.309,2026-07-02 09:31:49.310,buffer_pages_written,25080080,25080080,10971.787923,enabled
1782984709.309,2026-07-02 09:31:49.310,buffer_pool_bytes_data,12849397760,12849397760,0.000000,enabled
1782984709.309,2026-07-02 09:31:49.310,buffer_pool_bytes_dirty,4662083584,4662083584,0.000000,enabled
1782984709.309,2026-07-02 09:31:49.310,buffer_pool_pages_data,784265,784265,0.000000,enabled
1782984709.309,2026-07-02 09:31:49.310,buffer_pool_pages_dirty,284551,284551,0.000000,enabled
1782984709.309,2026-07-02 09:31:49.310,buffer_pool_pages_flushed,25023010,25023010,0.000000,enabled
1782984709.309,2026-07-02 09:31:49.310,buffer_pool_pages_free,2071,2071,0.000000,enabled
1782984709.309,2026-07-02 09:31:49.310,buffer_pool_pages_lru_flushed,0,0,0.000000,enabled
1782984709.309,2026-07-02 09:31:49.310,buffer_pool_pages_misc,96,96,0.000000,enabled
1782984709.309,2026-07-02 09:31:49.310,buffer_pool_pages_total,786432,786432,0.000000,enabled
1782984709.309,2026-07-02 09:31:49.310,buffer_pool_reads,73480124,73480124,32145.366399,enabled
1782984709.309,2026-07-02 09:31:49.310,buffer_pool_read_ahead,803715,803715,351.601379,enabled
1782984709.309,2026-07-02 09:31:49.310,buffer_pool_read_ahead_evicted,25,25,0.010937,enabled
1782984709.309,2026-07-02 09:31:49.310,buffer_pool_read_requests,2857618198,2857618198,1250122.870714,enabled
1782984709.309,2026-07-02 09:31:49.310,buffer_pool_size,12884901888,12884901888,0.000000,enabled
1782984709.309,2026-07-02 09:31:49.310,buffer_pool_wait_free,18945,18945,8.287873,enabled
1782984709.309,2026-07-02 09:31:49.310,buffer_pool_write_requests,602401626,602401626,263532.773560,enabled
1782984709.309,2026-07-02 09:31:49.310,dml_deletes,13010167,13010167,5691.559733,enabled
1782984709.309,2026-07-02 09:31:49.310,dml_inserts,112895572,112895572,49388.443076,enabled
1782984709.309,2026-07-02 09:31:49.310,dml_system_deletes,468,468,0.204736,enabled
1782984709.309,2026-07-02 09:31:49.310,dml_system_inserts,1202,1202,0.525839,enabled
1782984709.309,2026-07-02 09:31:49.310,dml_system_reads,7661,7661,3.351459,enabled
1782984709.309,2026-07-02 09:31:49.310,dml_system_updates,620,620,0.271231,enabled
1782984709.309,2026-07-02 09:31:49.310,dml_updates,26020453,26020453,11383.171517,enabled
1782984709.309,2026-07-02 09:31:49.310,file_num_open_files,35,35,0.000000,enabled
1782984709.309,2026-07-02 09:31:49.310,ibuf_merges,0,0,0.000000,enabled
1782984709.309,2026-07-02 09:31:49.310,ibuf_merges_delete,0,0,0.000000,enabled
1782984709.309,2026-07-02 09:31:49.310,ibuf_merges_delete_mark,0,0,0.000000,enabled
1782984709.309,2026-07-02 09:31:49.310,ibuf_merges_discard_delete,0,0,0.000000,enabled
1782984709.309,2026-07-02 09:31:49.310,ibuf_merges_discard_delete_mark,0,0,0.000000,enabled
1782984709.309,2026-07-02 09:31:49.310,ibuf_merges_discard_insert,0,0,0.000000,enabled
1782984709.309,2026-07-02 09:31:49.310,ibuf_merges_insert,0,0,0.000000,enabled
1782984709.309,2026-07-02 09:31:49.310,ibuf_size,1,1,0.000437,enabled
1782984709.309,2026-07-02 09:31:49.310,innodb_activity_count,17856032,17856032,7811.481144,enabled
1782984709.309,2026-07-02 09:31:49.310,innodb_dblwr_pages_written,25020829,25020829,10945.865957,enabled
1782984709.309,2026-07-02 09:31:49.310,innodb_dblwr_writes,512026,512026,223.996094,enabled
1782984709.309,2026-07-02 09:31:49.310,innodb_page_size,16384,16384,0.000000,enabled
1782984709.309,2026-07-02 09:31:49.310,innodb_rwlock_sx_os_waits,0,0,0.000000,enabled
1782984709.309,2026-07-02 09:31:49.310,innodb_rwlock_sx_spin_rounds,0,0,0.000000,enabled
1782984709.309,2026-07-02 09:31:49.310,innodb_rwlock_sx_spin_waits,0,0,0.000000,enabled
1782984709.309,2026-07-02 09:31:49.310,innodb_rwlock_s_os_waits,0,0,0.000000,enabled
1782984709.309,2026-07-02 09:31:49.310,innodb_rwlock_s_spin_rounds,0,0,0.000000,enabled
1782984709.309,2026-07-02 09:31:49.310,innodb_rwlock_s_spin_waits,0,0,0.000000,enabled
1782984709.309,2026-07-02 09:31:49.310,innodb_rwlock_x_os_waits,0,0,0.000000,enabled
1782984709.309,2026-07-02 09:31:49.310,innodb_rwlock_x_spin_rounds,0,0,0.000000,enabled
1782984709.309,2026-07-02 09:31:49.310,innodb_rwlock_x_spin_waits,0,0,0.000000,enabled
1782984709.309,2026-07-02 09:31:49.310,lock_deadlocks,0,0,0.000000,enabled
1782984709.309,2026-07-02 09:31:49.310,lock_deadlock_false_positives,0,0,0.000000,enabled
1782984709.309,2026-07-02 09:31:49.310,lock_deadlock_rounds,2523,2523,1.103737,enabled
1782984709.309,2026-07-02 09:31:49.310,lock_rec_grant_attempts,425,425,0.185925,enabled
1782984709.309,2026-07-02 09:31:49.310,lock_rec_release_attempts,39543820,39543820,17299.244025,enabled
1782984709.309,2026-07-02 09:31:49.310,lock_row_lock_current_waits,0,0,0.000000,enabled
1782984709.309,2026-07-02 09:31:49.310,lock_row_lock_time,323,323,0.141303,enabled
1782984709.309,2026-07-02 09:31:49.310,lock_row_lock_time_avg,0,0,0.000000,enabled
1782984709.309,2026-07-02 09:31:49.310,lock_row_lock_time_max,29,29,0.000000,enabled
1782984709.309,2026-07-02 09:31:49.310,lock_row_lock_waits,425,425,0.185925,enabled
1782984709.309,2026-07-02 09:31:49.310,lock_schedule_refreshes,2523,2523,1.103737,enabled
1782984709.309,2026-07-02 09:31:49.310,lock_threads_waiting,0,0,0.000000,enabled
1782984709.309,2026-07-02 09:31:49.310,lock_timeouts,0,0,0.000000,enabled
1782984709.309,2026-07-02 09:31:49.310,log_waits,0,0,0.000000,enabled
1782984709.309,2026-07-02 09:31:49.310,log_writes,197499974,197499974,86400.348242,enabled
1782984709.309,2026-07-02 09:31:49.310,log_write_requests,405869874,405869874,177555.965011,enabled
1782984709.309,2026-07-02 09:31:49.310,os_data_fsyncs,54328739,54328739,23767.203591,enabled
1782984709.309,2026-07-02 09:31:49.310,os_data_reads,74466037,74466037,32576.671146,enabled
1782984709.309,2026-07-02 09:31:49.310,os_data_writes,223359894,223359894,97713.294571,enabled
1782984709.309,2026-07-02 09:31:49.310,os_log_bytes_written,125705725952,125705725952,54992507.308445,enabled
1782984709.309,2026-07-02 09:31:49.310,os_log_fsyncs,47545270,47545270,20799.638095,enabled
1782984709.309,2026-07-02 09:31:49.310,os_log_pending_fsyncs,1,1,0.000437,enabled
1782984709.309,2026-07-02 09:31:49.310,os_log_pending_writes,1,1,0.000437,enabled
1782984709.309,2026-07-02 09:31:49.310,trx_rseg_history_len,389,389,0.000000,enabled
1782984710.382,2026-07-02 09:31:50.383,adaptive_hash_searches,0,0,0.000000,enabled
1782984710.382,2026-07-02 09:31:50.383,adaptive_hash_searches_btree,593585387,593585387,259554.334256,enabled
1782984710.382,2026-07-02 09:31:50.383,buffer_data_reads,1216061655552,1216061655552,531741718.837775,enabled
1782984710.382,2026-07-02 09:31:50.383,buffer_data_written,572388063232,572388063232,250285510.552289,enabled
1782984710.382,2026-07-02 09:31:50.383,buffer_pages0_read,7,7,0.003061,enabled
1782984710.382,2026-07-02 09:31:50.383,buffer_pages_created,1813658,1813658,793.049946,enabled
1782984710.382,2026-07-02 09:31:50.383,buffer_pages_read,74432163,74432163,32546.611579,enabled
1782984710.382,2026-07-02 09:31:50.383,buffer_pages_written,25097459,25097459,10974.251176,enabled
1782984710.382,2026-07-02 09:31:50.383,buffer_pool_bytes_data,12849528832,12849528832,0.000000,enabled
1782984710.382,2026-07-02 09:31:50.383,buffer_pool_bytes_dirty,4643979264,4643979264,0.000000,enabled
1782984710.382,2026-07-02 09:31:50.383,buffer_pool_pages_data,784273,784273,0.000000,enabled
1782984710.382,2026-07-02 09:31:50.383,buffer_pool_pages_dirty,283446,283446,0.000000,enabled
1782984710.382,2026-07-02 09:31:50.383,buffer_pool_pages_flushed,25038836,25038836,0.000000,enabled
1782984710.382,2026-07-02 09:31:50.383,buffer_pool_pages_free,2062,2062,0.000000,enabled
1782984710.382,2026-07-02 09:31:50.383,buffer_pool_pages_lru_flushed,0,0,0.000000,enabled
1782984710.382,2026-07-02 09:31:50.383,buffer_pool_pages_misc,97,97,0.000000,enabled
1782984710.382,2026-07-02 09:31:50.383,buffer_pool_pages_total,786432,786432,0.000000,enabled
1782984710.382,2026-07-02 09:31:50.383,buffer_pool_reads,73536461,73536461,32154.953098,enabled
1782984710.382,2026-07-02 09:31:50.383,buffer_pool_read_ahead,803715,803715,351.436791,enabled
1782984710.382,2026-07-02 09:31:50.383,buffer_pool_read_ahead_evicted,25,25,0.010932,enabled
1782984710.382,2026-07-02 09:31:50.383,buffer_pool_read_requests,2858442669,2858442669,1249898.189918,enabled
1782984710.382,2026-07-02 09:31:50.383,buffer_pool_size,12884901888,12884901888,0.000000,enabled
1782984710.382,2026-07-02 09:31:50.383,buffer_pool_wait_free,18945,18945,8.283994,enabled
1782984710.382,2026-07-02 09:31:50.383,buffer_pool_write_requests,602514292,602514292,263458.676513,enabled
1782984710.382,2026-07-02 09:31:50.383,dml_deletes,13014968,13014968,5690.994644,enabled
1782984710.382,2026-07-02 09:31:50.383,dml_inserts,112900373,112900373,49367.422080,enabled
1782984710.382,2026-07-02 09:31:50.383,dml_system_deletes,468,468,0.204640,enabled
1782984710.382,2026-07-02 09:31:50.383,dml_system_inserts,1202,1202,0.525593,enabled
1782984710.382,2026-07-02 09:31:50.383,dml_system_reads,7661,7661,3.349890,enabled
1782984710.382,2026-07-02 09:31:50.383,dml_system_updates,620,620,0.271105,enabled
1782984710.382,2026-07-02 09:31:50.383,dml_updates,26030052,26030052,11382.039997,enabled
1782984710.382,2026-07-02 09:31:50.383,file_num_open_files,35,35,0.000000,enabled
1782984710.382,2026-07-02 09:31:50.383,ibuf_merges,0,0,0.000000,enabled
1782984710.382,2026-07-02 09:31:50.383,ibuf_merges_delete,0,0,0.000000,enabled
1782984710.382,2026-07-02 09:31:50.383,ibuf_merges_delete_mark,0,0,0.000000,enabled
1782984710.382,2026-07-02 09:31:50.383,ibuf_merges_discard_delete,0,0,0.000000,enabled
1782984710.382,2026-07-02 09:31:50.383,ibuf_merges_discard_delete_mark,0,0,0.000000,enabled
1782984710.382,2026-07-02 09:31:50.383,ibuf_merges_discard_insert,0,0,0.000000,enabled
1782984710.382,2026-07-02 09:31:50.383,ibuf_merges_insert,0,0,0.000000,enabled
1782984710.382,2026-07-02 09:31:50.383,ibuf_size,1,1,0.000437,enabled
1782984710.382,2026-07-02 09:31:50.383,innodb_activity_count,17861551,17861551,7810.237620,enabled
1782984710.382,2026-07-02 09:31:50.383,innodb_dblwr_pages_written,25037295,25037295,10947.941865,enabled
1782984710.382,2026-07-02 09:31:50.383,innodb_dblwr_writes,512409,512409,224.058707,enabled
1782984710.382,2026-07-02 09:31:50.383,innodb_page_size,16384,16384,0.000000,enabled
1782984710.382,2026-07-02 09:31:50.383,innodb_rwlock_sx_os_waits,0,0,0.000000,enabled
1782984710.382,2026-07-02 09:31:50.383,innodb_rwlock_sx_spin_rounds,0,0,0.000000,enabled
1782984710.382,2026-07-02 09:31:50.383,innodb_rwlock_sx_spin_waits,0,0,0.000000,enabled
1782984710.382,2026-07-02 09:31:50.383,innodb_rwlock_s_os_waits,0,0,0.000000,enabled
1782984710.382,2026-07-02 09:31:50.383,innodb_rwlock_s_spin_rounds,0,0,0.000000,enabled
1782984710.382,2026-07-02 09:31:50.383,innodb_rwlock_s_spin_waits,0,0,0.000000,enabled
1782984710.382,2026-07-02 09:31:50.383,innodb_rwlock_x_os_waits,0,0,0.000000,enabled
1782984710.382,2026-07-02 09:31:50.383,innodb_rwlock_x_spin_rounds,0,0,0.000000,enabled
1782984710.382,2026-07-02 09:31:50.383,innodb_rwlock_x_spin_waits,0,0,0.000000,enabled
1782984710.382,2026-07-02 09:31:50.383,lock_deadlocks,0,0,0.000000,enabled
1782984710.382,2026-07-02 09:31:50.383,lock_deadlock_false_positives,0,0,0.000000,enabled
1782984710.382,2026-07-02 09:31:50.383,lock_deadlock_rounds,2524,2524,1.103658,enabled
1782984710.382,2026-07-02 09:31:50.383,lock_rec_grant_attempts,425,425,0.185838,enabled
1782984710.382,2026-07-02 09:31:50.383,lock_rec_release_attempts,39558398,39558398,17297.520569,enabled
1782984710.382,2026-07-02 09:31:50.383,lock_row_lock_current_waits,0,0,0.000000,enabled
1782984710.382,2026-07-02 09:31:50.383,lock_row_lock_time,323,323,0.141237,enabled
1782984710.382,2026-07-02 09:31:50.383,lock_row_lock_time_avg,0,0,0.000000,enabled
1782984710.382,2026-07-02 09:31:50.383,lock_row_lock_time_max,29,29,0.000000,enabled
1782984710.382,2026-07-02 09:31:50.383,lock_row_lock_waits,425,425,0.185838,enabled
1782984710.382,2026-07-02 09:31:50.383,lock_schedule_refreshes,2524,2524,1.103658,enabled
1782984710.382,2026-07-02 09:31:50.383,lock_threads_waiting,0,0,0.000000,enabled
1782984710.382,2026-07-02 09:31:50.383,lock_timeouts,0,0,0.000000,enabled
1782984710.382,2026-07-02 09:31:50.383,log_waits,0,0,0.000000,enabled
1782984710.382,2026-07-02 09:31:50.383,log_writes,197579246,197579246,86394.565347,enabled
1782984710.382,2026-07-02 09:31:50.383,log_write_requests,405951507,405951507,177508.542693,enabled
1782984710.382,2026-07-02 09:31:50.383,os_data_fsyncs,54362420,54362420,23770.805358,enabled
1782984710.382,2026-07-02 09:31:50.383,os_data_reads,74522273,74522273,32586.011600,enabled
1782984710.382,2026-07-02 09:31:50.383,os_data_writes,223456866,223456866,97709.956084,enabled
1782984710.382,2026-07-02 09:31:50.383,os_log_bytes_written,125747237888,125747237888,54984916.235109,enabled
1782984710.382,2026-07-02 09:31:50.383,os_log_fsyncs,47574003,47574003,20802.465422,enabled
1782984710.382,2026-07-02 09:31:50.383,os_log_pending_fsyncs,1,1,0.000437,enabled
1782984710.382,2026-07-02 09:31:50.383,os_log_pending_writes,0,0,0.000000,enabled
1782984710.382,2026-07-02 09:31:50.383,trx_rseg_history_len,369,369,0.000000,enabled
1782984711.452,2026-07-02 09:31:51.453,adaptive_hash_searches,0,0,0.000000,enabled
1782984711.452,2026-07-02 09:31:51.453,adaptive_hash_searches_btree,593751002,593751002,259505.470407,enabled
1782984711.452,2026-07-02 09:31:51.453,buffer_data_reads,1216977799680,1216977799680,531893735.680671,enabled
1782984711.452,2026-07-02 09:31:51.453,buffer_data_written,572728512512,572728512512,250317391.024914,enabled
1782984711.452,2026-07-02 09:31:51.453,buffer_pages0_read,7,7,0.003059,enabled
1782984711.452,2026-07-02 09:31:51.453,buffer_pages_created,1813701,1813701,792.698280,enabled
1782984711.452,2026-07-02 09:31:51.453,buffer_pages_read,74488266,74488266,32555.928423,enabled
1782984711.452,2026-07-02 09:31:51.453,buffer_pages_written,25115551,25115551,10977.032056,enabled
1782984711.452,2026-07-02 09:31:51.453,buffer_pool_bytes_data,12852297728,12852297728,0.000000,enabled
1782984711.452,2026-07-02 09:31:51.453,buffer_pool_bytes_dirty,4611424256,4611424256,0.000000,enabled
1782984711.452,2026-07-02 09:31:51.453,buffer_pool_pages_data,784442,784442,0.000000,enabled
1782984711.452,2026-07-02 09:31:51.453,buffer_pool_pages_dirty,281459,281459,0.000000,enabled
1782984711.452,2026-07-02 09:31:51.453,buffer_pool_pages_flushed,25058481,25058481,0.000000,enabled
1782984711.452,2026-07-02 09:31:51.453,buffer_pool_pages_free,1894,1894,0.000000,enabled
1782984711.452,2026-07-02 09:31:51.453,buffer_pool_pages_lru_flushed,0,0,0.000000,enabled
1782984711.452,2026-07-02 09:31:51.453,buffer_pool_pages_misc,96,96,0.000000,enabled
1782984711.452,2026-07-02 09:31:51.453,buffer_pool_pages_total,786432,786432,0.000000,enabled
1782984711.452,2026-07-02 09:31:51.453,buffer_pool_reads,73592506,73592506,32164.427632,enabled
1782984711.452,2026-07-02 09:31:51.453,buffer_pool_read_ahead,803715,803715,351.272624,enabled
1782984711.452,2026-07-02 09:31:51.453,buffer_pool_read_ahead_evicted,25,25,0.010927,enabled
1782984711.452,2026-07-02 09:31:51.453,buffer_pool_read_requests,2859263512,2859263512,1249673.082869,enabled
1782984711.452,2026-07-02 09:31:51.453,buffer_pool_size,12884901888,12884901888,0.000000,enabled
1782984711.452,2026-07-02 09:31:51.453,buffer_pool_wait_free,18945,18945,8.280124,enabled
1782984711.452,2026-07-02 09:31:51.453,buffer_pool_write_requests,602626376,602626376,263384.594477,enabled
1782984711.452,2026-07-02 09:31:51.453,dml_deletes,13019756,13019756,5690.428803,enabled
1782984711.452,2026-07-02 09:31:51.453,dml_inserts,112905161,112905161,49346.453255,enabled
1782984711.452,2026-07-02 09:31:51.453,dml_system_deletes,468,468,0.204545,enabled
1782984711.452,2026-07-02 09:31:51.453,dml_system_inserts,1202,1202,0.525347,enabled
1782984711.452,2026-07-02 09:31:51.453,dml_system_reads,7661,7661,3.348325,enabled
1782984711.452,2026-07-02 09:31:51.453,dml_system_updates,620,620,0.270978,enabled
1782984711.452,2026-07-02 09:31:51.453,dml_updates,26039631,26039631,11380.909606,enabled
1782984711.452,2026-07-02 09:31:51.453,file_num_open_files,35,35,0.000000,enabled
1782984711.452,2026-07-02 09:31:51.453,ibuf_merges,0,0,0.000000,enabled
1782984711.452,2026-07-02 09:31:51.453,ibuf_merges_delete,0,0,0.000000,enabled
1782984711.452,2026-07-02 09:31:51.453,ibuf_merges_delete_mark,0,0,0.000000,enabled
1782984711.452,2026-07-02 09:31:51.453,ibuf_merges_discard_delete,0,0,0.000000,enabled
1782984711.452,2026-07-02 09:31:51.453,ibuf_merges_discard_delete_mark,0,0,0.000000,enabled
1782984711.452,2026-07-02 09:31:51.453,ibuf_merges_discard_insert,0,0,0.000000,enabled
1782984711.452,2026-07-02 09:31:51.453,ibuf_merges_insert,0,0,0.000000,enabled
1782984711.452,2026-07-02 09:31:51.453,ibuf_size,1,1,0.000437,enabled
1782984711.452,2026-07-02 09:31:51.453,innodb_activity_count,17867048,17867048,7808.991680,enabled
1782984711.452,2026-07-02 09:31:51.453,innodb_dblwr_pages_written,25056300,25056300,10951.134001,enabled
1782984711.452,2026-07-02 09:31:51.453,innodb_dblwr_writes,512796,512796,224.123183,enabled
1782984711.452,2026-07-02 09:31:51.453,innodb_page_size,16384,16384,0.000000,enabled
1782984711.452,2026-07-02 09:31:51.453,innodb_rwlock_sx_os_waits,0,0,0.000000,enabled
1782984711.452,2026-07-02 09:31:51.453,innodb_rwlock_sx_spin_rounds,0,0,0.000000,enabled
1782984711.452,2026-07-02 09:31:51.453,innodb_rwlock_sx_spin_waits,0,0,0.000000,enabled
1782984711.452,2026-07-02 09:31:51.453,innodb_rwlock_s_os_waits,0,0,0.000000,enabled
1782984711.452,2026-07-02 09:31:51.453,innodb_rwlock_s_spin_rounds,0,0,0.000000,enabled
1782984711.452,2026-07-02 09:31:51.453,innodb_rwlock_s_spin_waits,0,0,0.000000,enabled
1782984711.452,2026-07-02 09:31:51.453,innodb_rwlock_x_os_waits,0,0,0.000000,enabled
1782984711.452,2026-07-02 09:31:51.453,innodb_rwlock_x_spin_rounds,0,0,0.000000,enabled
1782984711.452,2026-07-02 09:31:51.453,innodb_rwlock_x_spin_waits,0,0,0.000000,enabled
1782984711.452,2026-07-02 09:31:51.453,lock_deadlocks,0,0,0.000000,enabled
1782984711.452,2026-07-02 09:31:51.453,lock_deadlock_false_positives,0,0,0.000000,enabled
1782984711.452,2026-07-02 09:31:51.453,lock_deadlock_rounds,2525,2525,1.103580,enabled
1782984711.452,2026-07-02 09:31:51.453,lock_rec_grant_attempts,425,425,0.185751,enabled
1782984711.452,2026-07-02 09:31:51.453,lock_rec_release_attempts,39572929,39572929,17295.791298,enabled
1782984711.452,2026-07-02 09:31:51.453,lock_row_lock_current_waits,0,0,0.000000,enabled
1782984711.452,2026-07-02 09:31:51.453,lock_row_lock_time,323,323,0.141171,enabled
1782984711.452,2026-07-02 09:31:51.453,lock_row_lock_time_avg,0,0,0.000000,enabled
1782984711.452,2026-07-02 09:31:51.453,lock_row_lock_time_max,29,29,0.000000,enabled
1782984711.452,2026-07-02 09:31:51.453,lock_row_lock_waits,425,425,0.185751,enabled
1782984711.452,2026-07-02 09:31:51.453,lock_schedule_refreshes,2525,2525,1.103579,enabled
1782984711.452,2026-07-02 09:31:51.453,lock_threads_waiting,0,0,0.000000,enabled
1782984711.452,2026-07-02 09:31:51.453,lock_timeouts,0,0,0.000000,enabled
1782984711.452,2026-07-02 09:31:51.453,log_waits,0,0,0.000000,enabled
1782984711.452,2026-07-02 09:31:51.453,log_writes,197658097,197658097,86388.669688,enabled
1782984711.452,2026-07-02 09:31:51.453,log_write_requests,406032855,406032855,177461.175406,enabled
1782984711.452,2026-07-02 09:31:51.453,os_data_fsyncs,54395518,54395518,23774.166926,enabled
1782984711.452,2026-07-02 09:31:51.453,os_data_reads,74578226,74578226,32595.244288,enabled
1782984711.452,2026-07-02 09:31:51.453,os_data_writes,223554061,223554061,97706.792102,enabled
1782984711.452,2026-07-02 09:31:51.453,os_log_bytes_written,125788571648,125788571648,54977295.991758,enabled
1782984711.452,2026-07-02 09:31:51.453,os_log_fsyncs,47601857,47601857,20804.921669,enabled
1782984711.452,2026-07-02 09:31:51.453,os_log_pending_fsyncs,0,0,0.000000,enabled
1782984711.452,2026-07-02 09:31:51.453,os_log_pending_writes,0,0,0.000000,enabled
1782984711.452,2026-07-02 09:31:51.453,trx_rseg_history_len,370,370,0.000000,enabled
1782984712.521,2026-07-02 09:31:52.523,adaptive_hash_searches,0,0,0.000000,enabled
1782984712.521,2026-07-02 09:31:52.523,adaptive_hash_searches_btree,593920076,593920076,259458.222383,enabled
1782984712.521,2026-07-02 09:31:52.523,buffer_data_reads,1217913260544,1217913260544,532054173.659263,enabled
1782984712.521,2026-07-02 09:31:52.523,buffer_data_written,573039634944,573039634944,250336488.704256,enabled
1782984712.521,2026-07-02 09:31:52.523,buffer_pages0_read,7,7,0.003058,enabled
1782984712.521,2026-07-02 09:31:52.523,buffer_pages_created,1813731,1813731,792.341449,enabled
1782984712.521,2026-07-02 09:31:52.523,buffer_pages_read,74545528,74545528,32565.750504,enabled
1782984712.521,2026-07-02 09:31:52.523,buffer_pages_written,25131608,25131608,10978.923899,enabled
1782984712.521,2026-07-02 09:31:52.523,buffer_pool_bytes_data,12859359232,12859359232,0.000000,enabled
1782984712.521,2026-07-02 09:31:52.523,buffer_pool_bytes_dirty,4617207808,4617207808,0.000000,enabled
1782984712.521,2026-07-02 09:31:52.523,buffer_pool_pages_data,784873,784873,0.000000,enabled
1782984712.521,2026-07-02 09:31:52.523,buffer_pool_pages_dirty,281812,281812,0.000000,enabled
1782984712.521,2026-07-02 09:31:52.523,buffer_pool_pages_flushed,25074538,25074538,0.000000,enabled
1782984712.521,2026-07-02 09:31:52.523,buffer_pool_pages_free,1465,1465,0.000000,enabled
1782984712.521,2026-07-02 09:31:52.523,buffer_pool_pages_lru_flushed,0,0,0.000000,enabled
1782984712.521,2026-07-02 09:31:52.523,buffer_pool_pages_misc,97,97,0.000000,enabled
1782984712.521,2026-07-02 09:31:52.523,buffer_pool_pages_total,786432,786432,0.000000,enabled
1782984712.521,2026-07-02 09:31:52.523,buffer_pool_reads,73649724,73649724,32174.413282,enabled
1782984712.521,2026-07-02 09:31:52.523,buffer_pool_read_ahead,803715,803715,351.108692,enabled
1782984712.521,2026-07-02 09:31:52.523,buffer_pool_read_ahead_evicted,25,25,0.010921,enabled
1782984712.521,2026-07-02 09:31:52.523,buffer_pool_read_requests,2860100985,2860100985,1249455.740715,enabled
1782984712.521,2026-07-02 09:31:52.523,buffer_pool_size,12884901888,12884901888,0.000000,enabled
1782984712.521,2026-07-02 09:31:52.523,buffer_pool_wait_free,18945,18945,8.276260,enabled
1782984712.521,2026-07-02 09:31:52.523,buffer_pool_write_requests,602740256,602740256,263311.427214,enabled
1782984712.521,2026-07-02 09:31:52.523,dml_deletes,13024639,13024639,5689.906298,enabled
1782984712.521,2026-07-02 09:31:52.523,dml_inserts,112910044,112910044,49325.556823,enabled
1782984712.521,2026-07-02 09:31:52.523,dml_system_deletes,468,468,0.204449,enabled
1782984712.521,2026-07-02 09:31:52.523,dml_system_inserts,1202,1202,0.525102,enabled
1782984712.521,2026-07-02 09:31:52.523,dml_system_reads,7661,7661,3.346762,enabled
1782984712.521,2026-07-02 09:31:52.523,dml_system_updates,620,620,0.270851,enabled
1782984712.521,2026-07-02 09:31:52.523,dml_updates,26049400,26049400,11379.865881,enabled
1782984712.521,2026-07-02 09:31:52.523,file_num_open_files,35,35,0.000000,enabled
1782984712.521,2026-07-02 09:31:52.523,ibuf_merges,0,0,0.000000,enabled
1782984712.521,2026-07-02 09:31:52.523,ibuf_merges_delete,0,0,0.000000,enabled
1782984712.521,2026-07-02 09:31:52.523,ibuf_merges_delete_mark,0,0,0.000000,enabled
1782984712.521,2026-07-02 09:31:52.523,ibuf_merges_discard_delete,0,0,0.000000,enabled
1782984712.521,2026-07-02 09:31:52.523,ibuf_merges_discard_delete_mark,0,0,0.000000,enabled
1782984712.521,2026-07-02 09:31:52.523,ibuf_merges_discard_insert,0,0,0.000000,enabled
1782984712.521,2026-07-02 09:31:52.523,ibuf_merges_insert,0,0,0.000000,enabled
1782984712.521,2026-07-02 09:31:52.523,ibuf_size,1,1,0.000437,enabled
1782984712.521,2026-07-02 09:31:52.523,innodb_activity_count,17872657,17872657,7807.797615,enabled
1782984712.521,2026-07-02 09:31:52.523,innodb_dblwr_pages_written,25072357,25072357,10953.037802,enabled
1782984712.521,2026-07-02 09:31:52.523,innodb_dblwr_writes,513134,513134,224.166244,enabled
1782984712.521,2026-07-02 09:31:52.523,innodb_page_size,16384,16384,0.000000,enabled
1782984712.521,2026-07-02 09:31:52.523,innodb_rwlock_sx_os_waits,0,0,0.000000,enabled
1782984712.521,2026-07-02 09:31:52.523,innodb_rwlock_sx_spin_rounds,0,0,0.000000,enabled
1782984712.521,2026-07-02 09:31:52.523,innodb_rwlock_sx_spin_waits,0,0,0.000000,enabled
1782984712.521,2026-07-02 09:31:52.523,innodb_rwlock_s_os_waits,0,0,0.000000,enabled
1782984712.521,2026-07-02 09:31:52.523,innodb_rwlock_s_spin_rounds,0,0,0.000000,enabled
1782984712.521,2026-07-02 09:31:52.523,innodb_rwlock_s_spin_waits,0,0,0.000000,enabled
1782984712.521,2026-07-02 09:31:52.523,innodb_rwlock_x_os_waits,0,0,0.000000,enabled
1782984712.521,2026-07-02 09:31:52.523,innodb_rwlock_x_spin_rounds,0,0,0.000000,enabled
1782984712.521,2026-07-02 09:31:52.523,innodb_rwlock_x_spin_waits,0,0,0.000000,enabled
1782984712.521,2026-07-02 09:31:52.523,lock_deadlocks,0,0,0.000000,enabled
1782984712.521,2026-07-02 09:31:52.523,lock_deadlock_false_positives,0,0,0.000000,enabled
1782984712.521,2026-07-02 09:31:52.523,lock_deadlock_rounds,2526,2526,1.103501,enabled
1782984712.521,2026-07-02 09:31:52.523,lock_rec_grant_attempts,425,425,0.185664,enabled
1782984712.521,2026-07-02 09:31:52.523,lock_rec_release_attempts,39587778,39587778,17294.206654,enabled
1782984712.521,2026-07-02 09:31:52.523,lock_row_lock_current_waits,0,0,0.000000,enabled
1782984712.521,2026-07-02 09:31:52.523,lock_row_lock_time,323,323,0.141105,enabled
1782984712.521,2026-07-02 09:31:52.523,lock_row_lock_time_avg,0,0,0.000000,enabled
1782984712.521,2026-07-02 09:31:52.523,lock_row_lock_time_max,29,29,0.000000,enabled
1782984712.521,2026-07-02 09:31:52.523,lock_row_lock_waits,425,425,0.185664,enabled
1782984712.521,2026-07-02 09:31:52.523,lock_schedule_refreshes,2526,2526,1.103501,enabled
1782984712.521,2026-07-02 09:31:52.523,lock_threads_waiting,0,0,0.000000,enabled
1782984712.521,2026-07-02 09:31:52.523,lock_timeouts,0,0,0.000000,enabled
1782984712.521,2026-07-02 09:31:52.523,log_waits,0,0,0.000000,enabled
1782984712.521,2026-07-02 09:31:52.523,log_writes,197738161,197738161,86383.329249,enabled
1782984712.521,2026-07-02 09:31:52.523,log_write_requests,406115808,406115808,177414.594171,enabled
1782984712.521,2026-07-02 09:31:52.523,os_data_fsyncs,54429080,54429080,23777.733838,enabled
1782984712.521,2026-07-02 09:31:52.523,os_data_reads,74635314,74635314,32604.972097,enabled
1782984712.521,2026-07-02 09:31:52.523,os_data_writes,223650428,223650428,97703.293083,enabled
1782984712.521,2026-07-02 09:31:52.523,os_log_bytes_written,125830352896,125830352896,54969891.714022,enabled
1782984712.521,2026-07-02 09:31:52.523,os_log_fsyncs,47630478,47630478,20807.715749,enabled
1782984712.521,2026-07-02 09:31:52.523,os_log_pending_fsyncs,1,1,0.000437,enabled
1782984712.521,2026-07-02 09:31:52.523,os_log_pending_writes,0,0,0.000000,enabled
1782984712.521,2026-07-02 09:31:52.523,trx_rseg_history_len,428,428,0.000000,enabled
1782984713.589,2026-07-02 09:31:53.591,adaptive_hash_searches,0,0,0.000000,enabled
1782984713.589,2026-07-02 09:31:53.591,adaptive_hash_searches_btree,594087001,594087001,259409.574765,enabled
1782984713.589,2026-07-02 09:31:53.591,buffer_data_reads,1218844215808,1218844215808,532211435.129680,enabled
1782984713.589,2026-07-02 09:31:53.591,buffer_data_written,573349874176,573349874176,250354684.463337,enabled
1782984713.589,2026-07-02 09:31:53.591,buffer_pages0_read,7,7,0.003057,enabled
1782984713.589,2026-07-02 09:31:53.591,buffer_pages_created,1813766,1813766,791.985557,enabled
1782984713.589,2026-07-02 09:31:53.591,buffer_pages_read,74602493,74602493,32575.368879,enabled
1782984713.589,2026-07-02 09:31:53.591,buffer_pages_written,25147655,25147655,10980.787750,enabled
1782984713.589,2026-07-02 09:31:53.591,buffer_pool_bytes_data,12846907392,12846907392,0.000000,enabled
1782984713.589,2026-07-02 09:31:53.591,buffer_pool_bytes_dirty,4620517376,4620517376,0.000000,enabled
1782984713.589,2026-07-02 09:31:53.591,buffer_pool_pages_data,784113,784113,0.000000,enabled
1782984713.589,2026-07-02 09:31:53.591,buffer_pool_pages_dirty,282014,282014,0.000000,enabled
1782984713.589,2026-07-02 09:31:53.591,buffer_pool_pages_flushed,25090585,25090585,0.000000,enabled
1782984713.589,2026-07-02 09:31:53.591,buffer_pool_pages_free,2223,2223,0.000000,enabled
1782984713.589,2026-07-02 09:31:53.591,buffer_pool_pages_lru_flushed,0,0,0.000000,enabled
1782984713.589,2026-07-02 09:31:53.591,buffer_pool_pages_misc,96,96,0.000000,enabled
1782984713.589,2026-07-02 09:31:53.591,buffer_pool_pages_total,786432,786432,0.000000,enabled
1782984713.589,2026-07-02 09:31:53.591,buffer_pool_reads,73706622,73706622,32184.185641,enabled
1782984713.589,2026-07-02 09:31:53.591,buffer_pool_read_ahead,803715,803715,350.944214,enabled
1782984713.589,2026-07-02 09:31:53.591,buffer_pool_read_ahead_evicted,25,25,0.010916,enabled
1782984713.589,2026-07-02 09:31:53.591,buffer_pool_read_requests,2860928301,2860928301,1249231.678308,enabled
1782984713.589,2026-07-02 09:31:53.591,buffer_pool_size,12884901888,12884901888,0.000000,enabled
1782984713.589,2026-07-02 09:31:53.591,buffer_pool_wait_free,18945,18945,8.272383,enabled
1782984713.589,2026-07-02 09:31:53.591,buffer_pool_write_requests,602852869,602852869,263237.250821,enabled
1782984713.589,2026-07-02 09:31:53.591,dml_deletes,13029461,13029461,5689.346587,enabled
1782984713.589,2026-07-02 09:31:53.591,dml_inserts,112914867,112914867,49304.557864,enabled
1782984713.589,2026-07-02 09:31:53.591,dml_system_deletes,468,468,0.204353,enabled
1782984713.589,2026-07-02 09:31:53.591,dml_system_inserts,1202,1202,0.524856,enabled
1782984713.589,2026-07-02 09:31:53.591,dml_system_reads,7661,7661,3.345195,enabled
1782984713.589,2026-07-02 09:31:53.591,dml_system_updates,620,620,0.270725,enabled
1782984713.589,2026-07-02 09:31:53.591,dml_updates,26059043,26059043,11378.745999,enabled
1782984713.589,2026-07-02 09:31:53.591,file_num_open_files,35,35,0.000000,enabled
1782984713.589,2026-07-02 09:31:53.591,ibuf_merges,0,0,0.000000,enabled
1782984713.589,2026-07-02 09:31:53.591,ibuf_merges_delete,0,0,0.000000,enabled
1782984713.589,2026-07-02 09:31:53.591,ibuf_merges_delete_mark,0,0,0.000000,enabled
1782984713.589,2026-07-02 09:31:53.591,ibuf_merges_discard_delete,0,0,0.000000,enabled
1782984713.589,2026-07-02 09:31:53.591,ibuf_merges_discard_delete_mark,0,0,0.000000,enabled
1782984713.589,2026-07-02 09:31:53.591,ibuf_merges_discard_insert,0,0,0.000000,enabled
1782984713.589,2026-07-02 09:31:53.591,ibuf_merges_insert,0,0,0.000000,enabled
1782984713.589,2026-07-02 09:31:53.591,ibuf_size,1,1,0.000437,enabled
1782984713.589,2026-07-02 09:31:53.591,innodb_activity_count,17878198,17878198,7806.559780,enabled
1782984713.589,2026-07-02 09:31:53.591,innodb_dblwr_pages_written,25088404,25088404,10954.914162,enabled
1782984713.589,2026-07-02 09:31:53.591,innodb_dblwr_writes,513501,513501,224.221492,enabled
1782984713.589,2026-07-02 09:31:53.591,innodb_page_size,16384,16384,0.000000,enabled
1782984713.589,2026-07-02 09:31:53.591,innodb_rwlock_sx_os_waits,0,0,0.000000,enabled
1782984713.589,2026-07-02 09:31:53.591,innodb_rwlock_sx_spin_rounds,0,0,0.000000,enabled
1782984713.589,2026-07-02 09:31:53.591,innodb_rwlock_sx_spin_waits,0,0,0.000000,enabled
1782984713.589,2026-07-02 09:31:53.591,innodb_rwlock_s_os_waits,0,0,0.000000,enabled
1782984713.589,2026-07-02 09:31:53.591,innodb_rwlock_s_spin_rounds,0,0,0.000000,enabled
1782984713.589,2026-07-02 09:31:53.591,innodb_rwlock_s_spin_waits,0,0,0.000000,enabled
1782984713.589,2026-07-02 09:31:53.591,innodb_rwlock_x_os_waits,0,0,0.000000,enabled
1782984713.589,2026-07-02 09:31:53.591,innodb_rwlock_x_spin_rounds,0,0,0.000000,enabled
1782984713.589,2026-07-02 09:31:53.591,innodb_rwlock_x_spin_waits,0,0,0.000000,enabled
1782984713.589,2026-07-02 09:31:53.591,lock_deadlocks,0,0,0.000000,enabled
1782984713.589,2026-07-02 09:31:53.591,lock_deadlock_false_positives,0,0,0.000000,enabled
1782984713.589,2026-07-02 09:31:53.591,lock_deadlock_rounds,2527,2527,1.103421,enabled
1782984713.589,2026-07-02 09:31:53.591,lock_rec_grant_attempts,425,425,0.185577,enabled
1782984713.589,2026-07-02 09:31:53.591,lock_rec_release_attempts,39602412,39602412,17292.495033,enabled
1782984713.589,2026-07-02 09:31:53.591,lock_row_lock_current_waits,0,0,0.000000,enabled
1782984713.589,2026-07-02 09:31:53.591,lock_row_lock_time,323,323,0.141039,enabled
1782984713.589,2026-07-02 09:31:53.591,lock_row_lock_time_avg,0,0,0.000000,enabled
1782984713.589,2026-07-02 09:31:53.591,lock_row_lock_time_max,29,29,0.000000,enabled
1782984713.589,2026-07-02 09:31:53.591,lock_row_lock_waits,425,425,0.185577,enabled
1782984713.589,2026-07-02 09:31:53.591,lock_schedule_refreshes,2527,2527,1.103421,enabled
1782984713.589,2026-07-02 09:31:53.591,lock_threads_waiting,0,0,0.000000,enabled
1782984713.589,2026-07-02 09:31:53.591,lock_timeouts,0,0,0.000000,enabled
1782984713.589,2026-07-02 09:31:53.591,log_waits,0,0,0.000000,enabled
1782984713.589,2026-07-02 09:31:53.591,log_writes,197816621,197816621,86377.124663,enabled
1782984713.589,2026-07-02 09:31:53.591,log_write_requests,406197792,406197792,177367.286744,enabled
1782984713.589,2026-07-02 09:31:53.591,os_data_fsyncs,54462551,54462551,23781.210423,enabled
1782984713.589,2026-07-02 09:31:53.591,os_data_reads,74692132,74692132,32614.508094,enabled
1782984713.589,2026-07-02 09:31:53.591,os_data_writes,223745236,223745236,97698.922363,enabled
1782984713.589,2026-07-02 09:31:53.591,os_log_bytes_written,125871460864,125871460864,54962091.149720,enabled
1782984713.589,2026-07-02 09:31:53.591,os_log_fsyncs,47659025,47659025,20810.433569,enabled
1782984713.589,2026-07-02 09:31:53.591,os_log_pending_fsyncs,1,1,0.000437,enabled
1782984713.589,2026-07-02 09:31:53.591,os_log_pending_writes,0,0,0.000000,enabled
1782984713.589,2026-07-02 09:31:53.591,trx_rseg_history_len,442,442,0.000000,enabled
1782984714.662,2026-07-02 09:31:54.663,adaptive_hash_searches,0,0,0.000000,enabled
1782984714.662,2026-07-02 09:31:54.663,adaptive_hash_searches_btree,594254205,594254205,259361.274086,enabled
1782984714.662,2026-07-02 09:31:54.663,buffer_data_reads,1219774253568,1219774253568,532368543.514343,enabled
1782984714.662,2026-07-02 09:31:54.663,buffer_data_written,573660784640,573660784640,250373341.836357,enabled
1782984714.662,2026-07-02 09:31:54.663,buffer_pages0_read,7,7,0.003055,enabled
1782984714.662,2026-07-02 09:31:54.663,buffer_pages_created,1813802,1813802,791.631020,enabled
1782984714.662,2026-07-02 09:31:54.663,buffer_pages_read,74659411,74659411,32584.981887,enabled
1782984714.662,2026-07-02 09:31:54.663,buffer_pages_written,25163710,25163710,10982.661480,enabled
1782984714.662,2026-07-02 09:31:54.663,buffer_pool_bytes_data,12852838400,12852838400,0.000000,enabled
1782984714.662,2026-07-02 09:31:54.663,buffer_pool_bytes_dirty,4624187392,4624187392,0.000000,enabled
1782984714.662,2026-07-02 09:31:54.663,buffer_pool_pages_data,784475,784475,0.000000,enabled
1782984714.662,2026-07-02 09:31:54.663,buffer_pool_pages_dirty,282238,282238,0.000000,enabled
1782984714.662,2026-07-02 09:31:54.663,buffer_pool_pages_flushed,25106640,25106640,0.000000,enabled
1782984714.662,2026-07-02 09:31:54.663,buffer_pool_pages_free,1859,1859,0.000000,enabled
1782984714.662,2026-07-02 09:31:54.663,buffer_pool_pages_lru_flushed,0,0,0.000000,enabled
1782984714.662,2026-07-02 09:31:54.663,buffer_pool_pages_misc,97,97,0.000000,enabled
1782984714.662,2026-07-02 09:31:54.663,buffer_pool_pages_total,786432,786432,0.000000,enabled
1782984714.662,2026-07-02 09:31:54.663,buffer_pool_reads,73763489,73763489,32193.959177,enabled
1782984714.662,2026-07-02 09:31:54.663,buffer_pool_read_ahead,803715,803715,350.780149,enabled
1782984714.662,2026-07-02 09:31:54.663,buffer_pool_read_ahead_evicted,25,25,0.010911,enabled
1782984714.662,2026-07-02 09:31:54.663,buffer_pool_read_requests,2861756965,2861756965,1249009.336340,enabled
1782984714.662,2026-07-02 09:31:54.663,buffer_pool_size,12884901888,12884901888,0.000000,enabled
1782984714.662,2026-07-02 09:31:54.663,buffer_pool_wait_free,18945,18945,8.268516,enabled
1782984714.662,2026-07-02 09:31:54.663,buffer_pool_write_requests,602965472,602965472,263163.333838,enabled
1782984714.662,2026-07-02 09:31:54.663,dml_deletes,13034288,13034288,5688.793477,enabled
1782984714.662,2026-07-02 09:31:54.663,dml_inserts,112919693,112919693,49283.613619,enabled
1782984714.662,2026-07-02 09:31:54.663,dml_system_deletes,468,468,0.204258,enabled
1782984714.662,2026-07-02 09:31:54.663,dml_system_inserts,1202,1202,0.524611,enabled
1782984714.662,2026-07-02 09:31:54.663,dml_system_reads,7661,7661,3.343631,enabled
1782984714.662,2026-07-02 09:31:54.663,dml_system_updates,620,620,0.270598,enabled
1782984714.662,2026-07-02 09:31:54.663,dml_updates,26068698,26068698,11377.640191,enabled
1782984714.662,2026-07-02 09:31:54.663,file_num_open_files,35,35,0.000000,enabled
1782984714.662,2026-07-02 09:31:54.663,ibuf_merges,0,0,0.000000,enabled
1782984714.662,2026-07-02 09:31:54.663,ibuf_merges_delete,0,0,0.000000,enabled
1782984714.662,2026-07-02 09:31:54.663,ibuf_merges_delete_mark,0,0,0.000000,enabled
1782984714.662,2026-07-02 09:31:54.663,ibuf_merges_discard_delete,0,0,0.000000,enabled
1782984714.662,2026-07-02 09:31:54.663,ibuf_merges_discard_delete_mark,0,0,0.000000,enabled
1782984714.662,2026-07-02 09:31:54.663,ibuf_merges_discard_insert,0,0,0.000000,enabled
1782984714.662,2026-07-02 09:31:54.663,ibuf_merges_insert,0,0,0.000000,enabled
1782984714.662,2026-07-02 09:31:54.663,ibuf_size,1,1,0.000436,enabled
1782984714.662,2026-07-02 09:31:54.663,innodb_activity_count,17883744,17883744,7805.330673,enabled
1782984714.662,2026-07-02 09:31:54.663,innodb_dblwr_pages_written,25104459,25104459,10956.799789,enabled
1782984714.662,2026-07-02 09:31:54.663,innodb_dblwr_writes,513857,513857,224.272042,enabled
1782984714.662,2026-07-02 09:31:54.663,innodb_page_size,16384,16384,0.000000,enabled
1782984714.662,2026-07-02 09:31:54.663,innodb_rwlock_sx_os_waits,0,0,0.000000,enabled
1782984714.662,2026-07-02 09:31:54.663,innodb_rwlock_sx_spin_rounds,0,0,0.000000,enabled
1782984714.662,2026-07-02 09:31:54.663,innodb_rwlock_sx_spin_waits,0,0,0.000000,enabled
1782984714.662,2026-07-02 09:31:54.663,innodb_rwlock_s_os_waits,0,0,0.000000,enabled
1782984714.662,2026-07-02 09:31:54.663,innodb_rwlock_s_spin_rounds,0,0,0.000000,enabled
1782984714.662,2026-07-02 09:31:54.663,innodb_rwlock_s_spin_waits,0,0,0.000000,enabled
1782984714.662,2026-07-02 09:31:54.663,innodb_rwlock_x_os_waits,0,0,0.000000,enabled
1782984714.662,2026-07-02 09:31:54.663,innodb_rwlock_x_spin_rounds,0,0,0.000000,enabled
1782984714.662,2026-07-02 09:31:54.663,innodb_rwlock_x_spin_waits,0,0,0.000000,enabled
1782984714.662,2026-07-02 09:31:54.663,lock_deadlocks,0,0,0.000000,enabled
1782984714.662,2026-07-02 09:31:54.663,lock_deadlock_false_positives,0,0,0.000000,enabled
1782984714.662,2026-07-02 09:31:54.663,lock_deadlock_rounds,2528,2528,1.103342,enabled
1782984714.662,2026-07-02 09:31:54.663,lock_rec_grant_attempts,425,425,0.185491,enabled
1782984714.662,2026-07-02 09:31:54.663,lock_rec_release_attempts,39617073,39617073,17290.809633,enabled
1782984714.662,2026-07-02 09:31:54.663,lock_row_lock_current_waits,0,0,0.000000,enabled
1782984714.662,2026-07-02 09:31:54.663,lock_row_lock_time,323,323,0.140973,enabled
1782984714.662,2026-07-02 09:31:54.663,lock_row_lock_time_avg,0,0,0.000000,enabled
1782984714.662,2026-07-02 09:31:54.663,lock_row_lock_time_max,29,29,0.000000,enabled
1782984714.662,2026-07-02 09:31:54.663,lock_row_lock_waits,425,425,0.185491,enabled
1782984714.662,2026-07-02 09:31:54.663,lock_schedule_refreshes,2528,2528,1.103342,enabled
1782984714.662,2026-07-02 09:31:54.663,lock_threads_waiting,0,0,0.000000,enabled
1782984714.662,2026-07-02 09:31:54.663,lock_timeouts,0,0,0.000000,enabled
1782984714.662,2026-07-02 09:31:54.663,log_waits,0,0,0.000000,enabled
1782984714.662,2026-07-02 09:31:54.663,log_writes,197896360,197896360,86371.545295,enabled
1782984714.662,2026-07-02 09:31:54.663,log_write_requests,406279887,406279887,177320.197731,enabled
1782984714.662,2026-07-02 09:31:54.663,os_data_fsyncs,54496399,54496399,23784.865695,enabled
1782984714.662,2026-07-02 09:31:54.663,os_data_reads,74748889,74748889,32624.032425,enabled
1782984714.662,2026-07-02 09:31:54.663,os_data_writes,223841273,223841273,97695.163652,enabled
1782984714.662,2026-07-02 09:31:54.663,os_log_bytes_written,125913059328,125913059328,54954552.125698,enabled
1782984714.662,2026-07-02 09:31:54.663,os_log_fsyncs,47687858,47687858,20813.288867,enabled
1782984714.662,2026-07-02 09:31:54.663,os_log_pending_fsyncs,1,1,0.000436,enabled
1782984714.662,2026-07-02 09:31:54.663,os_log_pending_writes,0,0,0.000000,enabled
1782984714.662,2026-07-02 09:31:54.663,trx_rseg_history_len,462,462,0.000000,enabled
1782984715.733,2026-07-02 09:31:55.735,adaptive_hash_searches,0,0,0.000000,enabled
1782984715.733,2026-07-02 09:31:55.735,adaptive_hash_searches_btree,594420956,594420956,259312.716366,enabled
1782984715.733,2026-07-02 09:31:55.735,buffer_data_reads,1220704930304,1220704930304,532525553.672883,enabled
1782984715.733,2026-07-02 09:31:55.735,buffer_data_written,573971125248,573971125248,250391624.909067,enabled
1782984715.733,2026-07-02 09:31:55.735,buffer_pages0_read,7,7,0.003054,enabled
1782984715.733,2026-07-02 09:31:55.735,buffer_pages_created,1813836,1813836,791.275602,enabled
1782984715.733,2026-07-02 09:31:55.735,buffer_pages_read,74716373,74716373,32594.591031,enabled
1782984715.733,2026-07-02 09:31:55.735,buffer_pages_written,25179713,25179713,10984.506037,enabled
1782984715.733,2026-07-02 09:31:55.735,buffer_pool_bytes_data,12849840128,12849840128,0.000000,enabled
1782984715.733,2026-07-02 09:31:55.735,buffer_pool_bytes_dirty,4630413312,4630413312,0.000000,enabled
1782984715.733,2026-07-02 09:31:55.735,buffer_pool_pages_data,784292,784292,0.000000,enabled
1782984715.733,2026-07-02 09:31:55.735,buffer_pool_pages_dirty,282618,282618,0.000000,enabled
1782984715.733,2026-07-02 09:31:55.735,buffer_pool_pages_flushed,25122643,25122643,0.000000,enabled
1782984715.733,2026-07-02 09:31:55.735,buffer_pool_pages_free,2043,2043,0.000000,enabled
1782984715.733,2026-07-02 09:31:55.735,buffer_pool_pages_lru_flushed,0,0,0.000000,enabled
1782984715.733,2026-07-02 09:31:55.735,buffer_pool_pages_misc,98,98,0.000000,enabled
1782984715.733,2026-07-02 09:31:55.735,buffer_pool_pages_total,786432,786432,0.000000,enabled
1782984715.733,2026-07-02 09:31:55.735,buffer_pool_reads,73820379,73820379,32203.719865,enabled
1782984715.733,2026-07-02 09:31:55.735,buffer_pool_read_ahead,803715,803715,350.616087,enabled
1782984715.733,2026-07-02 09:31:55.735,buffer_pool_read_ahead_evicted,25,25,0.010906,enabled
1782984715.733,2026-07-02 09:31:55.735,buffer_pool_read_requests,2862583302,2862583302,1248785.654552,enabled
1782984715.733,2026-07-02 09:31:55.735,buffer_pool_size,12884901888,12884901888,0.000000,enabled
1782984715.733,2026-07-02 09:31:55.735,buffer_pool_wait_free,18945,18945,8.264648,enabled
1782984715.733,2026-07-02 09:31:55.735,buffer_pool_write_requests,603078097,603078097,263089.383297,enabled
1782984715.733,2026-07-02 09:31:55.735,dml_deletes,13039109,13039109,5688.235999,enabled
1782984715.733,2026-07-02 09:31:55.735,dml_inserts,112924515,112924515,49262.667552,enabled
1782984715.733,2026-07-02 09:31:55.735,dml_system_deletes,468,468,0.204162,enabled
1782984715.733,2026-07-02 09:31:55.735,dml_system_inserts,1202,1202,0.524366,enabled
1782984715.733,2026-07-02 09:31:55.735,dml_system_reads,7661,7661,3.342067,enabled
1782984715.733,2026-07-02 09:31:55.735,dml_system_updates,620,620,0.270471,enabled
1782984715.733,2026-07-02 09:31:55.735,dml_updates,26078338,26078338,11376.524334,enabled
1782984715.733,2026-07-02 09:31:55.735,file_num_open_files,35,35,0.000000,enabled
1782984715.733,2026-07-02 09:31:55.735,ibuf_merges,0,0,0.000000,enabled
1782984715.733,2026-07-02 09:31:55.735,ibuf_merges_delete,0,0,0.000000,enabled
1782984715.733,2026-07-02 09:31:55.735,ibuf_merges_delete_mark,0,0,0.000000,enabled
1782984715.733,2026-07-02 09:31:55.735,ibuf_merges_discard_delete,0,0,0.000000,enabled
1782984715.733,2026-07-02 09:31:55.735,ibuf_merges_discard_delete_mark,0,0,0.000000,enabled
1782984715.733,2026-07-02 09:31:55.735,ibuf_merges_discard_insert,0,0,0.000000,enabled
1782984715.733,2026-07-02 09:31:55.735,ibuf_merges_insert,0,0,0.000000,enabled
1782984715.733,2026-07-02 09:31:55.735,ibuf_size,1,1,0.000436,enabled
1782984715.733,2026-07-02 09:31:55.735,innodb_activity_count,17889286,17889286,7804.097821,enabled
1782984715.733,2026-07-02 09:31:55.735,innodb_dblwr_pages_written,25120462,25120462,10958.656564,enabled
1782984715.733,2026-07-02 09:31:55.735,innodb_dblwr_writes,514229,514229,224.329434,enabled
1782984715.733,2026-07-02 09:31:55.735,innodb_page_size,16384,16384,0.000000,enabled
1782984715.733,2026-07-02 09:31:55.735,innodb_rwlock_sx_os_waits,0,0,0.000000,enabled
1782984715.733,2026-07-02 09:31:55.735,innodb_rwlock_sx_spin_rounds,0,0,0.000000,enabled
1782984715.733,2026-07-02 09:31:55.735,innodb_rwlock_sx_spin_waits,0,0,0.000000,enabled
1782984715.733,2026-07-02 09:31:55.735,innodb_rwlock_s_os_waits,0,0,0.000000,enabled
1782984715.733,2026-07-02 09:31:55.735,innodb_rwlock_s_spin_rounds,0,0,0.000000,enabled
1782984715.733,2026-07-02 09:31:55.735,innodb_rwlock_s_spin_waits,0,0,0.000000,enabled
1782984715.733,2026-07-02 09:31:55.735,innodb_rwlock_x_os_waits,0,0,0.000000,enabled
1782984715.733,2026-07-02 09:31:55.735,innodb_rwlock_x_spin_rounds,0,0,0.000000,enabled
1782984715.733,2026-07-02 09:31:55.735,innodb_rwlock_x_spin_waits,0,0,0.000000,enabled
1782984715.733,2026-07-02 09:31:55.735,lock_deadlocks,0,0,0.000000,enabled
1782984715.733,2026-07-02 09:31:55.735,lock_deadlock_false_positives,0,0,0.000000,enabled
1782984715.733,2026-07-02 09:31:55.735,lock_deadlock_rounds,2529,2529,1.103262,enabled
1782984715.733,2026-07-02 09:31:55.735,lock_rec_grant_attempts,425,425,0.185404,enabled
1782984715.733,2026-07-02 09:31:55.735,lock_rec_release_attempts,39631715,39631715,17289.110122,enabled
1782984715.733,2026-07-02 09:31:55.735,lock_row_lock_current_waits,0,0,0.000000,enabled
1782984715.733,2026-07-02 09:31:55.735,lock_row_lock_time,323,323,0.140907,enabled
1782984715.733,2026-07-02 09:31:55.735,lock_row_lock_time_avg,0,0,0.000000,enabled
1782984715.733,2026-07-02 09:31:55.735,lock_row_lock_time_max,29,29,0.000000,enabled
1782984715.733,2026-07-02 09:31:55.735,lock_row_lock_waits,425,425,0.185404,enabled
1782984715.733,2026-07-02 09:31:55.735,lock_schedule_refreshes,2529,2529,1.103262,enabled
1782984715.733,2026-07-02 09:31:55.735,lock_threads_waiting,0,0,0.000000,enabled
1782984715.733,2026-07-02 09:31:55.735,lock_timeouts,0,0,0.000000,enabled
1782984715.733,2026-07-02 09:31:55.735,log_waits,0,0,0.000000,enabled
1782984715.733,2026-07-02 09:31:55.735,log_writes,197976507,197976507,86366.112774,enabled
1782984715.733,2026-07-02 09:31:55.735,log_write_requests,406361900,406361900,177273.042326,enabled
1782984715.733,2026-07-02 09:31:55.735,os_data_fsyncs,54529426,54529426,23788.149207,enabled
1782984715.733,2026-07-02 09:31:55.735,os_data_reads,74805694,74805694,32633.554822,enabled
1782984715.733,2026-07-02 09:31:55.735,os_data_writes,223937720,223937720,97691.545481,enabled
1782984715.733,2026-07-02 09:31:55.735,os_log_bytes_written,125954950656,125954950656,54947124.416766,enabled
1782984715.733,2026-07-02 09:31:55.735,os_log_fsyncs,47715968,47715968,20815.817201,enabled
1782984715.733,2026-07-02 09:31:55.735,os_log_pending_fsyncs,1,1,0.000436,enabled
1782984715.733,2026-07-02 09:31:55.735,os_log_pending_writes,0,0,0.000000,enabled
1782984715.733,2026-07-02 09:31:55.735,trx_rseg_history_len,405,405,0.000000,enabled
1782984716.805,2026-07-02 09:31:56.807,adaptive_hash_searches,0,0,0.000000,enabled
1782984716.805,2026-07-02 09:31:56.807,adaptive_hash_searches_btree,594588195,594588195,259264.454552,enabled
1782984716.805,2026-07-02 09:31:56.807,buffer_data_reads,1221627120128,1221627120128,532678805.579618,enabled
1782984716.805,2026-07-02 09:31:56.807,buffer_data_written,574281309696,574281309696,250409864.657928,enabled
1782984716.805,2026-07-02 09:31:56.807,buffer_pages0_read,7,7,0.003052,enabled
1782984716.805,2026-07-02 09:31:56.807,buffer_pages_created,1813867,1813867,790.919339,enabled
1782984716.805,2026-07-02 09:31:56.807,buffer_pages_read,74772808,74772808,32603.966845,enabled
1782984716.805,2026-07-02 09:31:56.807,buffer_pages_written,25195714,25195714,10986.349831,enabled
1782984716.805,2026-07-02 09:31:56.807,buffer_pool_bytes_data,12846841856,12846841856,0.000000,enabled
1782984716.805,2026-07-02 09:31:56.807,buffer_pool_bytes_dirty,4634689536,4634689536,0.000000,enabled
1782984716.805,2026-07-02 09:31:56.807,buffer_pool_pages_data,784109,784109,0.000000,enabled
1782984716.805,2026-07-02 09:31:56.807,buffer_pool_pages_dirty,282879,282879,0.000000,enabled
1782984716.805,2026-07-02 09:31:56.807,buffer_pool_pages_flushed,25138644,25138644,0.000000,enabled
1782984716.805,2026-07-02 09:31:56.807,buffer_pool_pages_free,2227,2227,0.000000,enabled
1782984716.805,2026-07-02 09:31:56.807,buffer_pool_pages_lru_flushed,0,0,0.000000,enabled
1782984716.805,2026-07-02 09:31:56.807,buffer_pool_pages_misc,96,96,0.000000,enabled
1782984716.805,2026-07-02 09:31:56.807,buffer_pool_pages_total,786432,786432,0.000000,enabled
1782984716.805,2026-07-02 09:31:56.807,buffer_pool_reads,73876779,73876779,32213.263037,enabled
1782984716.805,2026-07-02 09:31:56.807,buffer_pool_read_ahead,803715,803715,350.452237,enabled
1782984716.805,2026-07-02 09:31:56.807,buffer_pool_read_ahead_evicted,25,25,0.010901,enabled
1782984716.805,2026-07-02 09:31:56.807,buffer_pool_read_requests,2863411806,2863411806,1248563.330314,enabled
1782984716.805,2026-07-02 09:31:56.807,buffer_pool_size,12884901888,12884901888,0.000000,enabled
1782984716.805,2026-07-02 09:31:56.807,buffer_pool_wait_free,18945,18945,8.260786,enabled
1782984716.805,2026-07-02 09:31:56.807,buffer_pool_write_requests,603191685,603191685,263015.964615,enabled
1782984716.805,2026-07-02 09:31:56.807,dml_deletes,13043938,13043938,5687.683344,enabled
1782984716.805,2026-07-02 09:31:56.807,dml_inserts,112929343,112929343,49241.750753,enabled
1782984716.805,2026-07-02 09:31:56.807,dml_system_deletes,468,468,0.204067,enabled
1782984716.805,2026-07-02 09:31:56.807,dml_system_inserts,1202,1202,0.524121,enabled
1782984716.805,2026-07-02 09:31:56.807,dml_system_reads,7661,7661,3.340505,enabled
1782984716.805,2026-07-02 09:31:56.807,dml_system_updates,620,620,0.270345,enabled
1782984716.805,2026-07-02 09:31:56.807,dml_updates,26087994,26087994,11375.418093,enabled
1782984716.805,2026-07-02 09:31:56.807,file_num_open_files,35,35,0.000000,enabled
1782984716.805,2026-07-02 09:31:56.807,ibuf_merges,0,0,0.000000,enabled
1782984716.805,2026-07-02 09:31:56.807,ibuf_merges_delete,0,0,0.000000,enabled
1782984716.805,2026-07-02 09:31:56.807,ibuf_merges_delete_mark,0,0,0.000000,enabled
1782984716.805,2026-07-02 09:31:56.807,ibuf_merges_discard_delete,0,0,0.000000,enabled
1782984716.805,2026-07-02 09:31:56.807,ibuf_merges_discard_delete_mark,0,0,0.000000,enabled
1782984716.805,2026-07-02 09:31:56.807,ibuf_merges_discard_insert,0,0,0.000000,enabled
1782984716.805,2026-07-02 09:31:56.807,ibuf_merges_insert,0,0,0.000000,enabled
1782984716.805,2026-07-02 09:31:56.807,ibuf_size,1,1,0.000436,enabled
1782984716.805,2026-07-02 09:31:56.807,innodb_activity_count,17894831,17894831,7802.868574,enabled
1782984716.805,2026-07-02 09:31:56.807,innodb_dblwr_pages_written,25136463,25136463,10960.512332,enabled
1782984716.805,2026-07-02 09:31:56.807,innodb_dblwr_writes,514580,514580,224.377648,enabled
1782984716.805,2026-07-02 09:31:56.807,innodb_page_size,16384,16384,0.000000,enabled
1782984716.805,2026-07-02 09:31:56.807,innodb_rwlock_sx_os_waits,0,0,0.000000,enabled
1782984716.805,2026-07-02 09:31:56.807,innodb_rwlock_sx_spin_rounds,0,0,0.000000,enabled
1782984716.805,2026-07-02 09:31:56.807,innodb_rwlock_sx_spin_waits,0,0,0.000000,enabled
1782984716.805,2026-07-02 09:31:56.807,innodb_rwlock_s_os_waits,0,0,0.000000,enabled
1782984716.805,2026-07-02 09:31:56.807,innodb_rwlock_s_spin_rounds,0,0,0.000000,enabled
1782984716.805,2026-07-02 09:31:56.807,innodb_rwlock_s_spin_waits,0,0,0.000000,enabled
1782984716.805,2026-07-02 09:31:56.807,innodb_rwlock_x_os_waits,0,0,0.000000,enabled
1782984716.805,2026-07-02 09:31:56.807,innodb_rwlock_x_spin_rounds,0,0,0.000000,enabled
1782984716.805,2026-07-02 09:31:56.807,innodb_rwlock_x_spin_waits,0,0,0.000000,enabled
1782984716.805,2026-07-02 09:31:56.807,lock_deadlocks,0,0,0.000000,enabled
1782984716.805,2026-07-02 09:31:56.807,lock_deadlock_false_positives,0,0,0.000000,enabled
1782984716.805,2026-07-02 09:31:56.807,lock_deadlock_rounds,2530,2530,1.103182,enabled
1782984716.805,2026-07-02 09:31:56.807,lock_rec_grant_attempts,425,425,0.185317,enabled
1782984716.805,2026-07-02 09:31:56.807,lock_rec_release_attempts,39646407,39646407,17287.436868,enabled
1782984716.805,2026-07-02 09:31:56.807,lock_row_lock_current_waits,0,0,0.000000,enabled
1782984716.805,2026-07-02 09:31:56.807,lock_row_lock_time,323,323,0.140841,enabled
1782984716.805,2026-07-02 09:31:56.807,lock_row_lock_time_avg,0,0,0.000000,enabled
1782984716.805,2026-07-02 09:31:56.807,lock_row_lock_time_max,29,29,0.000000,enabled
1782984716.805,2026-07-02 09:31:56.807,lock_row_lock_waits,425,425,0.185317,enabled
1782984716.805,2026-07-02 09:31:56.807,lock_schedule_refreshes,2530,2530,1.103182,enabled
1782984716.805,2026-07-02 09:31:56.807,lock_threads_waiting,0,0,0.000000,enabled
1782984716.805,2026-07-02 09:31:56.807,lock_timeouts,0,0,0.000000,enabled
1782984716.805,2026-07-02 09:31:56.807,log_waits,0,0,0.000000,enabled
1782984716.805,2026-07-02 09:31:56.807,log_writes,198056601,198056601,86360.675778,enabled
1782984716.805,2026-07-02 09:31:56.807,log_write_requests,406443953,406443953,177225.976323,enabled
1782984716.805,2026-07-02 09:31:56.807,os_data_fsyncs,54562372,54562372,23791.398240,enabled
1782984716.805,2026-07-02 09:31:56.807,os_data_reads,74861977,74861977,32642.846079,enabled
1782984716.805,2026-07-02 09:31:56.807,os_data_writes,224034068,224034068,97687.903585,enabled
1782984716.805,2026-07-02 09:31:56.807,os_log_bytes_written,125996851200,125996851200,54939716.664826,enabled
1782984716.805,2026-07-02 09:31:56.807,os_log_fsyncs,47744182,47744182,20818.391921,enabled
1782984716.805,2026-07-02 09:31:56.807,os_log_pending_fsyncs,1,1,0.000436,enabled
1782984716.805,2026-07-02 09:31:56.807,os_log_pending_writes,0,0,0.000000,enabled
1782984716.805,2026-07-02 09:31:56.807,trx_rseg_history_len,414,414,0.000000,enabled
1782984717.877,2026-07-02 09:31:57.879,adaptive_hash_searches,0,0,0.000000,enabled
1782984717.877,2026-07-02 09:31:57.879,adaptive_hash_searches_btree,594755091,594755091,259216.073952,enabled
1782984717.877,2026-07-02 09:31:57.879,buffer_data_reads,1222553848320,1222553848320,532833848.277987,enabled
1782984717.877,2026-07-02 09:31:57.879,buffer_data_written,574588749824,574588749824,250426870.735648,enabled
1782984717.877,2026-07-02 09:31:57.879,buffer_pages0_read,7,7,0.003051,enabled
1782984717.877,2026-07-02 09:31:57.879,buffer_pages_created,1813893,1813893,790.561166,enabled
1782984717.877,2026-07-02 09:31:57.879,buffer_pages_read,74829544,74829544,32613.462401,enabled
1782984717.877,2026-07-02 09:31:57.879,buffer_pages_written,25211547,25211547,10988.117779,enabled
1782984717.877,2026-07-02 09:31:57.879,buffer_pool_bytes_data,12853182464,12853182464,0.000000,enabled
1782984717.877,2026-07-02 09:31:57.879,buffer_pool_bytes_dirty,4640014336,4640014336,0.000000,enabled
1782984717.877,2026-07-02 09:31:57.879,buffer_pool_pages_data,784495,784495,0.000000,enabled
1782984717.877,2026-07-02 09:31:57.879,buffer_pool_pages_dirty,283204,283204,0.000000,enabled
1782984717.877,2026-07-02 09:31:57.879,buffer_pool_pages_flushed,25154441,25154441,0.000000,enabled
1782984717.877,2026-07-02 09:31:57.879,buffer_pool_pages_free,1841,1841,0.000000,enabled
1782984717.877,2026-07-02 09:31:57.879,buffer_pool_pages_lru_flushed,0,0,0.000000,enabled
1782984717.877,2026-07-02 09:31:57.879,buffer_pool_pages_misc,98,98,0.000000,enabled
1782984717.877,2026-07-02 09:31:57.879,buffer_pool_pages_total,786432,786432,0.000000,enabled
1782984717.877,2026-07-02 09:31:57.879,buffer_pool_reads,73933444,73933444,32222.910234,enabled
1782984717.877,2026-07-02 09:31:57.879,buffer_pool_read_ahead,803715,803715,350.288511,enabled
1782984717.877,2026-07-02 09:31:57.879,buffer_pool_read_ahead_evicted,25,25,0.010896,enabled
1782984717.877,2026-07-02 09:31:57.879,buffer_pool_read_requests,2864238726,2864238726,1248340.424372,enabled
1782984717.877,2026-07-02 09:31:57.879,buffer_pool_size,12884901888,12884901888,0.000000,enabled
1782984717.877,2026-07-02 09:31:57.879,buffer_pool_wait_free,18945,18945,8.256927,enabled
1782984717.877,2026-07-02 09:31:57.879,buffer_pool_write_requests,603304176,603304176,262942.115705,enabled
1782984717.877,2026-07-02 09:31:57.879,dml_deletes,13048755,13048755,5687.125663,enabled
1782984717.877,2026-07-02 09:31:57.879,dml_inserts,112934160,112934160,49220.845992,enabled
1782984717.877,2026-07-02 09:31:57.879,dml_system_deletes,468,468,0.203972,enabled
1782984717.877,2026-07-02 09:31:57.879,dml_system_inserts,1202,1202,0.523876,enabled
1782984717.877,2026-07-02 09:31:57.879,dml_system_reads,7661,7661,3.338945,enabled
1782984717.877,2026-07-02 09:31:57.879,dml_system_updates,620,620,0.270219,enabled
1782984717.877,2026-07-02 09:31:57.879,dml_updates,26097632,26097632,11374.304490,enabled
1782984717.877,2026-07-02 09:31:57.879,file_num_open_files,35,35,0.000000,enabled
1782984717.877,2026-07-02 09:31:57.879,ibuf_merges,0,0,0.000000,enabled
1782984717.877,2026-07-02 09:31:57.879,ibuf_merges_delete,0,0,0.000000,enabled
1782984717.877,2026-07-02 09:31:57.879,ibuf_merges_delete_mark,0,0,0.000000,enabled
1782984717.877,2026-07-02 09:31:57.879,ibuf_merges_discard_delete,0,0,0.000000,enabled
1782984717.877,2026-07-02 09:31:57.879,ibuf_merges_discard_delete_mark,0,0,0.000000,enabled
1782984717.877,2026-07-02 09:31:57.879,ibuf_merges_discard_insert,0,0,0.000000,enabled
1782984717.877,2026-07-02 09:31:57.879,ibuf_merges_insert,0,0,0.000000,enabled
1782984717.877,2026-07-02 09:31:57.879,ibuf_size,1,1,0.000436,enabled
1782984717.877,2026-07-02 09:31:57.879,innodb_activity_count,17900371,17900371,7801.637860,enabled
1782984717.877,2026-07-02 09:31:57.879,innodb_dblwr_pages_written,25152304,25152304,10962.296017,enabled
1782984717.877,2026-07-02 09:31:57.879,innodb_dblwr_writes,514933,514933,224.426676,enabled
1782984717.877,2026-07-02 09:31:57.879,innodb_page_size,16384,16384,0.000000,enabled
1782984717.877,2026-07-02 09:31:57.879,innodb_rwlock_sx_os_waits,0,0,0.000000,enabled
1782984717.877,2026-07-02 09:31:57.879,innodb_rwlock_sx_spin_rounds,0,0,0.000000,enabled
1782984717.877,2026-07-02 09:31:57.879,innodb_rwlock_sx_spin_waits,0,0,0.000000,enabled
1782984717.877,2026-07-02 09:31:57.879,innodb_rwlock_s_os_waits,0,0,0.000000,enabled
1782984717.877,2026-07-02 09:31:57.879,innodb_rwlock_s_spin_rounds,0,0,0.000000,enabled
1782984717.877,2026-07-02 09:31:57.879,innodb_rwlock_s_spin_waits,0,0,0.000000,enabled
1782984717.877,2026-07-02 09:31:57.879,innodb_rwlock_x_os_waits,0,0,0.000000,enabled
1782984717.877,2026-07-02 09:31:57.879,innodb_rwlock_x_spin_rounds,0,0,0.000000,enabled
1782984717.877,2026-07-02 09:31:57.879,innodb_rwlock_x_spin_waits,0,0,0.000000,enabled
1782984717.877,2026-07-02 09:31:57.879,lock_deadlocks,0,0,0.000000,enabled
1782984717.877,2026-07-02 09:31:57.879,lock_deadlock_false_positives,0,0,0.000000,enabled
1782984717.877,2026-07-02 09:31:57.879,lock_deadlock_rounds,2531,2531,1.103103,enabled
1782984717.877,2026-07-02 09:31:57.879,lock_rec_grant_attempts,425,425,0.185231,enabled
1782984717.877,2026-07-02 09:31:57.879,lock_rec_release_attempts,39661041,39661041,17285.738474,enabled
1782984717.877,2026-07-02 09:31:57.879,lock_row_lock_current_waits,0,0,0.000000,enabled
1782984717.877,2026-07-02 09:31:57.879,lock_row_lock_time,323,323,0.140775,enabled
1782984717.877,2026-07-02 09:31:57.879,lock_row_lock_time_avg,0,0,0.000000,enabled
1782984717.877,2026-07-02 09:31:57.879,lock_row_lock_time_max,29,29,0.000000,enabled
1782984717.877,2026-07-02 09:31:57.879,lock_row_lock_waits,425,425,0.185231,enabled
1782984717.877,2026-07-02 09:31:57.879,lock_schedule_refreshes,2531,2531,1.103103,enabled
1782984717.877,2026-07-02 09:31:57.879,lock_threads_waiting,0,0,0.000000,enabled
1782984717.877,2026-07-02 09:31:57.879,lock_timeouts,0,0,0.000000,enabled
1782984717.877,2026-07-02 09:31:57.879,log_waits,0,0,0.000000,enabled
1782984717.877,2026-07-02 09:31:57.879,log_writes,198136863,198136863,86355.311754,enabled
1782984717.877,2026-07-02 09:31:57.879,log_write_requests,406525922,406525922,177178.906669,enabled
1782984717.877,2026-07-02 09:31:57.879,os_data_fsyncs,54595290,54595290,23794.630349,enabled
1782984717.877,2026-07-02 09:31:57.879,os_data_reads,74918535,74918535,32652.246173,enabled
1782984717.877,2026-07-02 09:31:57.879,os_data_writes,224130431,224130431,97684.264678,enabled
1782984717.877,2026-07-02 09:31:57.879,os_log_bytes_written,126038677504,126038677504,54932279.605785,enabled
1782984717.877,2026-07-02 09:31:57.879,os_log_fsyncs,47772094,47772094,20820.831155,enabled
1782984717.877,2026-07-02 09:31:57.879,os_log_pending_fsyncs,0,0,0.000000,enabled
1782984717.877,2026-07-02 09:31:57.879,os_log_pending_writes,0,0,0.000000,enabled
1782984717.877,2026-07-02 09:31:57.879,trx_rseg_history_len,416,416,0.000000,enabled
1782984718.949,2026-07-02 09:31:58.951,adaptive_hash_searches,0,0,0.000000,enabled
1782984718.949,2026-07-02 09:31:58.951,adaptive_hash_searches_btree,594916585,594916585,259165.370995,enabled
1782984718.949,2026-07-02 09:31:58.951,buffer_data_reads,1223453624832,1223453624832,532976984.949873,enabled
1782984718.949,2026-07-02 09:31:58.951,buffer_data_written,574887165440,574887165440,250439919.960839,enabled
1782984718.949,2026-07-02 09:31:58.951,buffer_pages0_read,7,7,0.003049,enabled
1782984718.949,2026-07-02 09:31:58.951,buffer_pages_created,1813919,1813919,790.203296,enabled
1782984718.949,2026-07-02 09:31:58.951,buffer_pages_read,74884618,74884618,32622.223833,enabled
1782984718.949,2026-07-02 09:31:58.951,buffer_pages_written,25226953,25226953,10989.697642,enabled
1782984718.949,2026-07-02 09:31:58.951,buffer_pool_bytes_data,12857966592,12857966592,0.000000,enabled
1782984718.949,2026-07-02 09:31:58.951,buffer_pool_bytes_dirty,4643274752,4643274752,0.000000,enabled
1782984718.949,2026-07-02 09:31:58.951,buffer_pool_pages_data,784788,784788,0.000000,enabled
1782984718.949,2026-07-02 09:31:58.951,buffer_pool_pages_dirty,283403,283403,0.000000,enabled
1782984718.949,2026-07-02 09:31:58.951,buffer_pool_pages_flushed,25169883,25169883,0.000000,enabled
1782984718.949,2026-07-02 09:31:58.951,buffer_pool_pages_free,1550,1550,0.000000,enabled
1782984718.949,2026-07-02 09:31:58.951,buffer_pool_pages_lru_flushed,0,0,0.000000,enabled
1782984718.949,2026-07-02 09:31:58.951,buffer_pool_pages_misc,97,97,0.000000,enabled
1782984718.949,2026-07-02 09:31:58.951,buffer_pool_pages_total,786432,786432,0.000000,enabled
1782984718.949,2026-07-02 09:31:58.951,buffer_pool_reads,73988466,73988466,32231.831366,enabled
1782984718.949,2026-07-02 09:31:58.951,buffer_pool_read_ahead,803715,803715,350.124925,enabled
1782984718.949,2026-07-02 09:31:58.951,buffer_pool_read_ahead_evicted,25,25,0.010891,enabled
1782984718.949,2026-07-02 09:31:58.951,buffer_pool_read_requests,2865039052,2865039052,1248106.091821,enabled
1782984718.949,2026-07-02 09:31:58.951,buffer_pool_size,12884901888,12884901888,0.000000,enabled
1782984718.949,2026-07-02 09:31:58.951,buffer_pool_wait_free,18945,18945,8.253071,enabled
1782984718.949,2026-07-02 09:31:58.951,buffer_pool_write_requests,603412612,603412612,262866.558790,enabled
1782984718.949,2026-07-02 09:31:58.951,dml_deletes,13053423,13053423,5686.503284,enabled
1782984718.949,2026-07-02 09:31:58.951,dml_inserts,112938829,112938829,49199.893590,enabled
1782984718.949,2026-07-02 09:31:58.951,dml_system_deletes,468,468,0.203876,enabled
1782984718.949,2026-07-02 09:31:58.951,dml_system_inserts,1202,1202,0.523631,enabled
1782984718.949,2026-07-02 09:31:58.951,dml_system_reads,7661,7661,3.337385,enabled
1782984718.949,2026-07-02 09:31:58.951,dml_system_updates,620,620,0.270093,enabled
1782984718.949,2026-07-02 09:31:58.951,dml_updates,26106965,26106965,11373.058398,enabled
1782984718.949,2026-07-02 09:31:58.951,file_num_open_files,35,35,0.000000,enabled
1782984718.949,2026-07-02 09:31:58.951,ibuf_merges,0,0,0.000000,enabled
1782984718.949,2026-07-02 09:31:58.951,ibuf_merges_delete,0,0,0.000000,enabled
1782984718.949,2026-07-02 09:31:58.951,ibuf_merges_delete_mark,0,0,0.000000,enabled
1782984718.949,2026-07-02 09:31:58.951,ibuf_merges_discard_delete,0,0,0.000000,enabled
1782984718.949,2026-07-02 09:31:58.951,ibuf_merges_discard_delete_mark,0,0,0.000000,enabled
1782984718.949,2026-07-02 09:31:58.951,ibuf_merges_discard_insert,0,0,0.000000,enabled
1782984718.949,2026-07-02 09:31:58.951,ibuf_merges_insert,0,0,0.000000,enabled
1782984718.949,2026-07-02 09:31:58.951,ibuf_size,1,1,0.000436,enabled
1782984718.949,2026-07-02 09:31:58.951,innodb_activity_count,17905743,17905743,7800.334678,enabled
1782984718.949,2026-07-02 09:31:58.951,innodb_dblwr_pages_written,25167702,25167702,10963.884452,enabled
1782984718.949,2026-07-02 09:31:58.951,innodb_dblwr_writes,515305,515305,224.483923,enabled
1782984718.949,2026-07-02 09:31:58.951,innodb_page_size,16384,16384,0.000000,enabled
1782984718.949,2026-07-02 09:31:58.951,innodb_rwlock_sx_os_waits,0,0,0.000000,enabled
1782984718.949,2026-07-02 09:31:58.951,innodb_rwlock_sx_spin_rounds,0,0,0.000000,enabled
1782984718.949,2026-07-02 09:31:58.951,innodb_rwlock_sx_spin_waits,0,0,0.000000,enabled
1782984718.949,2026-07-02 09:31:58.951,innodb_rwlock_s_os_waits,0,0,0.000000,enabled
1782984718.949,2026-07-02 09:31:58.951,innodb_rwlock_s_spin_rounds,0,0,0.000000,enabled
1782984718.949,2026-07-02 09:31:58.951,innodb_rwlock_s_spin_waits,0,0,0.000000,enabled
1782984718.949,2026-07-02 09:31:58.951,innodb_rwlock_x_os_waits,0,0,0.000000,enabled
1782984718.949,2026-07-02 09:31:58.951,innodb_rwlock_x_spin_rounds,0,0,0.000000,enabled
1782984718.949,2026-07-02 09:31:58.951,innodb_rwlock_x_spin_waits,0,0,0.000000,enabled
1782984718.949,2026-07-02 09:31:58.951,lock_deadlocks,0,0,0.000000,enabled
1782984718.949,2026-07-02 09:31:58.951,lock_deadlock_false_positives,0,0,0.000000,enabled
1782984718.949,2026-07-02 09:31:58.951,lock_deadlock_rounds,2532,2532,1.103023,enabled
1782984718.949,2026-07-02 09:31:58.951,lock_rec_grant_attempts,425,425,0.185144,enabled
1782984718.949,2026-07-02 09:31:58.951,lock_rec_release_attempts,39675240,39675240,17283.851518,enabled
1782984718.949,2026-07-02 09:31:58.951,lock_row_lock_current_waits,0,0,0.000000,enabled
1782984718.949,2026-07-02 09:31:58.951,lock_row_lock_time,323,323,0.140710,enabled
1782984718.949,2026-07-02 09:31:58.951,lock_row_lock_time_avg,0,0,0.000000,enabled
1782984718.949,2026-07-02 09:31:58.951,lock_row_lock_time_max,29,29,0.000000,enabled
1782984718.949,2026-07-02 09:31:58.951,lock_row_lock_waits,425,425,0.185144,enabled
1782984718.949,2026-07-02 09:31:58.951,lock_schedule_refreshes,2532,2532,1.103023,enabled
1782984718.949,2026-07-02 09:31:58.951,lock_threads_waiting,0,0,0.000000,enabled
1782984718.949,2026-07-02 09:31:58.951,lock_timeouts,0,0,0.000000,enabled
1782984718.949,2026-07-02 09:31:58.951,log_waits,0,0,0.000000,enabled
1782984718.949,2026-07-02 09:31:58.951,log_writes,198214363,198214363,86348.744822,enabled
1782984718.949,2026-07-02 09:31:58.951,log_write_requests,406605403,406605403,177130.787516,enabled
1782984718.949,2026-07-02 09:31:58.951,os_data_fsyncs,54625673,54625673,23796.753956,enabled
1782984718.949,2026-07-02 09:31:58.951,os_data_reads,74973463,74973463,32660.925834,enabled
1782984718.949,2026-07-02 09:31:58.951,os_data_writes,224223624,224223624,97679.243518,enabled
1782984718.949,2026-07-02 09:31:58.951,os_log_bytes_written,126078916608,126078916608,54924155.393694,enabled
1782984718.949,2026-07-02 09:31:58.951,os_log_fsyncs,47797485,47797485,20822.168864,enabled
1782984718.949,2026-07-02 09:31:58.951,os_log_pending_fsyncs,1,1,0.000436,enabled
1782984718.949,2026-07-02 09:31:58.951,os_log_pending_writes,0,0,0.000000,enabled
1782984718.949,2026-07-02 09:31:58.951,trx_rseg_history_len,286,286,0.000000,enabled
1782984720.021,2026-07-02 09:32:00.023,adaptive_hash_searches,0,0,0.000000,enabled
1782984720.021,2026-07-02 09:32:00.023,adaptive_hash_searches_btree,595081406,595081406,259116.140276,enabled
1782984720.021,2026-07-02 09:32:00.023,buffer_data_reads,1224368556544,1224368556544,533126542.215977,enabled
1782984720.021,2026-07-02 09:32:00.023,buffer_data_written,575194883584,575194883584,250456986.601963,enabled
1782984720.021,2026-07-02 09:32:00.023,buffer_pages0_read,7,7,0.003048,enabled
1782984720.021,2026-07-02 09:32:00.023,buffer_pages_created,1813950,1813950,789.847873,enabled
1782984720.021,2026-07-02 09:32:00.023,buffer_pages_read,74940612,74940612,32631.374933,enabled
1782984720.021,2026-07-02 09:32:00.023,buffer_pages_written,25242902,25242902,10991.511554,enabled
1782984720.021,2026-07-02 09:32:00.023,buffer_pool_bytes_data,12853772288,12853772288,0.000000,enabled
1782984720.021,2026-07-02 09:32:00.023,buffer_pool_bytes_dirty,4644372480,4644372480,0.000000,enabled
1782984720.021,2026-07-02 09:32:00.023,buffer_pool_pages_data,784532,784532,0.000000,enabled
1782984720.021,2026-07-02 09:32:00.023,buffer_pool_pages_dirty,283470,283470,0.000000,enabled
1782984720.021,2026-07-02 09:32:00.023,buffer_pool_pages_flushed,25185832,25185832,0.000000,enabled
1782984720.021,2026-07-02 09:32:00.023,buffer_pool_pages_free,1801,1801,0.000000,enabled
1782984720.021,2026-07-02 09:32:00.023,buffer_pool_pages_lru_flushed,0,0,0.000000,enabled
1782984720.021,2026-07-02 09:32:00.023,buffer_pool_pages_misc,96,96,0.000000,enabled
1782984720.021,2026-07-02 09:32:00.023,buffer_pool_pages_total,786432,786432,0.000000,enabled
1782984720.021,2026-07-02 09:32:00.023,buffer_pool_reads,74044397,74044397,32241.137385,enabled
1782984720.021,2026-07-02 09:32:00.023,buffer_pool_read_ahead,803715,803715,349.961463,enabled
1782984720.021,2026-07-02 09:32:00.023,buffer_pool_read_ahead_evicted,25,25,0.010886,enabled
1782984720.021,2026-07-02 09:32:00.023,buffer_pool_read_requests,2865855627,2865855627,1247878.951862,enabled
1782984720.021,2026-07-02 09:32:00.023,buffer_pool_size,12884901888,12884901888,0.000000,enabled
1782984720.021,2026-07-02 09:32:00.023,buffer_pool_wait_free,18945,18945,8.249218,enabled
1782984720.021,2026-07-02 09:32:00.023,buffer_pool_write_requests,603523975,603523975,262792.325513,enabled
1782984720.021,2026-07-02 09:32:00.023,dml_deletes,13058184,13058184,5685.921486,enabled
1782984720.021,2026-07-02 09:32:00.023,dml_inserts,112943589,112943589,49178.996097,enabled
1782984720.021,2026-07-02 09:32:00.023,dml_system_deletes,468,468,0.203781,enabled
1782984720.021,2026-07-02 09:32:00.023,dml_system_inserts,1202,1202,0.523387,enabled
1782984720.021,2026-07-02 09:32:00.023,dml_system_reads,7661,7661,3.335827,enabled
1782984720.021,2026-07-02 09:32:00.023,dml_system_updates,620,620,0.269966,enabled
1782984720.021,2026-07-02 09:32:00.023,dml_updates,26116489,26116489,11371.895650,enabled
1782984720.021,2026-07-02 09:32:00.023,file_num_open_files,35,35,0.000000,enabled
1782984720.021,2026-07-02 09:32:00.023,ibuf_merges,0,0,0.000000,enabled
1782984720.021,2026-07-02 09:32:00.023,ibuf_merges_delete,0,0,0.000000,enabled
1782984720.021,2026-07-02 09:32:00.023,ibuf_merges_delete_mark,0,0,0.000000,enabled
1782984720.021,2026-07-02 09:32:00.023,ibuf_merges_discard_delete,0,0,0.000000,enabled
1782984720.021,2026-07-02 09:32:00.023,ibuf_merges_discard_delete_mark,0,0,0.000000,enabled
1782984720.021,2026-07-02 09:32:00.023,ibuf_merges_discard_insert,0,0,0.000000,enabled
1782984720.021,2026-07-02 09:32:00.023,ibuf_merges_insert,0,0,0.000000,enabled
1782984720.021,2026-07-02 09:32:00.023,ibuf_size,1,1,0.000435,enabled
1782984720.021,2026-07-02 09:32:00.023,innodb_activity_count,17911221,17911221,7799.078169,enabled
1782984720.021,2026-07-02 09:32:00.023,innodb_dblwr_pages_written,25183651,25183651,10965.710356,enabled
1782984720.021,2026-07-02 09:32:00.023,innodb_dblwr_writes,515672,515672,224.538920,enabled
1782984720.021,2026-07-02 09:32:00.023,innodb_page_size,16384,16384,0.000000,enabled
1782984720.021,2026-07-02 09:32:00.023,innodb_rwlock_sx_os_waits,0,0,0.000000,enabled
1782984720.021,2026-07-02 09:32:00.023,innodb_rwlock_sx_spin_rounds,0,0,0.000000,enabled
1782984720.021,2026-07-02 09:32:00.023,innodb_rwlock_sx_spin_waits,0,0,0.000000,enabled
1782984720.021,2026-07-02 09:32:00.023,innodb_rwlock_s_os_waits,0,0,0.000000,enabled
1782984720.021,2026-07-02 09:32:00.023,innodb_rwlock_s_spin_rounds,0,0,0.000000,enabled
1782984720.021,2026-07-02 09:32:00.023,innodb_rwlock_s_spin_waits,0,0,0.000000,enabled
1782984720.021,2026-07-02 09:32:00.023,innodb_rwlock_x_os_waits,0,0,0.000000,enabled
1782984720.021,2026-07-02 09:32:00.023,innodb_rwlock_x_spin_rounds,0,0,0.000000,enabled
1782984720.021,2026-07-02 09:32:00.023,innodb_rwlock_x_spin_waits,0,0,0.000000,enabled
1782984720.021,2026-07-02 09:32:00.023,lock_deadlocks,0,0,0.000000,enabled
1782984720.021,2026-07-02 09:32:00.023,lock_deadlock_false_positives,0,0,0.000000,enabled
1782984720.021,2026-07-02 09:32:00.023,lock_deadlock_rounds,2533,2533,1.102944,enabled
1782984720.021,2026-07-02 09:32:00.023,lock_rec_grant_attempts,425,425,0.185058,enabled
1782984720.021,2026-07-02 09:32:00.023,lock_rec_release_attempts,39689690,39689690,17282.074189,enabled
1782984720.021,2026-07-02 09:32:00.023,lock_row_lock_current_waits,0,0,0.000000,enabled
1782984720.021,2026-07-02 09:32:00.023,lock_row_lock_time,323,323,0.140644,enabled
1782984720.021,2026-07-02 09:32:00.023,lock_row_lock_time_avg,0,0,0.000000,enabled
1782984720.021,2026-07-02 09:32:00.023,lock_row_lock_time_max,29,29,0.000000,enabled
1782984720.021,2026-07-02 09:32:00.023,lock_row_lock_waits,425,425,0.185058,enabled
1782984720.021,2026-07-02 09:32:00.023,lock_schedule_refreshes,2533,2533,1.102944,enabled
1782984720.021,2026-07-02 09:32:00.023,lock_threads_waiting,0,0,0.000000,enabled
1782984720.021,2026-07-02 09:32:00.023,lock_timeouts,0,0,0.000000,enabled
1782984720.021,2026-07-02 09:32:00.023,log_waits,0,0,0.000000,enabled
1782984720.021,2026-07-02 09:32:00.023,log_writes,198291169,198291169,86341.874480,enabled
1782984720.021,2026-07-02 09:32:00.023,log_write_requests,406686392,406686392,177083.354815,enabled
1782984720.021,2026-07-02 09:32:00.023,os_data_fsyncs,54656014,54656014,23798.855285,enabled
1782984720.021,2026-07-02 09:32:00.023,os_data_reads,75029290,75029290,32669.986094,enabled
1782984720.021,2026-07-02 09:32:00.023,os_data_writes,224316669,224316669,97674.154352,enabled
1782984720.021,2026-07-02 09:32:00.023,os_log_bytes_written,126119088640,126119088640,54916004.912925,enabled
1782984720.021,2026-07-02 09:32:00.023,os_log_fsyncs,47823052,47823052,20823.580198,enabled
1782984720.021,2026-07-02 09:32:00.023,os_log_pending_fsyncs,0,0,0.000000,enabled
1782984720.021,2026-07-02 09:32:00.023,os_log_pending_writes,1,1,0.000435,enabled
1782984720.021,2026-07-02 09:32:00.023,trx_rseg_history_len,227,227,0.000000,enabled
1782984721.093,2026-07-02 09:32:01.095,adaptive_hash_searches,0,0,0.000000,enabled
1782984721.093,2026-07-02 09:32:01.095,adaptive_hash_searches_btree,595249522,595249522,259068.632153,enabled
1782984721.093,2026-07-02 09:32:01.095,buffer_data_reads,1225300036096,1225300036096,533283654.356654,enabled
1782984721.093,2026-07-02 09:32:01.095,buffer_data_written,575506380800,575506380800,250475913.320664,enabled
1782984721.093,2026-07-02 09:32:01.095,buffer_pages0_read,7,7,0.003047,enabled
1782984721.093,2026-07-02 09:32:01.095,buffer_pages_created,1813980,1813980,789.493073,enabled
1782984721.093,2026-07-02 09:32:01.095,buffer_pages_read,74997649,74997649,32641.001562,enabled
1782984721.093,2026-07-02 09:32:01.095,buffer_pages_written,25259067,25259067,10993.427914,enabled
1782984721.093,2026-07-02 09:32:01.095,buffer_pool_bytes_data,12860358656,12860358656,0.000000,enabled
1782984721.093,2026-07-02 09:32:01.095,buffer_pool_bytes_dirty,4647108608,4647108608,0.000000,enabled
1782984721.093,2026-07-02 09:32:01.095,buffer_pool_pages_data,784934,784934,0.000000,enabled
1782984721.093,2026-07-02 09:32:01.095,buffer_pool_pages_dirty,283637,283637,0.000000,enabled
1782984721.093,2026-07-02 09:32:01.095,buffer_pool_pages_flushed,25201997,25201997,0.000000,enabled
1782984721.093,2026-07-02 09:32:01.095,buffer_pool_pages_free,1401,1401,0.000000,enabled
1782984721.093,2026-07-02 09:32:01.095,buffer_pool_pages_lru_flushed,0,0,0.000000,enabled
1782984721.093,2026-07-02 09:32:01.095,buffer_pool_pages_misc,98,98,0.000000,enabled
1782984721.093,2026-07-02 09:32:01.095,buffer_pool_pages_total,786432,786432,0.000000,enabled
1782984721.093,2026-07-02 09:32:01.095,buffer_pool_reads,74101382,74101382,32250.923025,enabled
1782984721.093,2026-07-02 09:32:01.095,buffer_pool_read_ahead,803715,803715,349.798474,enabled
1782984721.093,2026-07-02 09:32:01.095,buffer_pool_read_ahead_evicted,25,25,0.010881,enabled
1782984721.093,2026-07-02 09:32:01.095,buffer_pool_read_requests,2866688775,2866688775,1247660.381823,enabled
1782984721.093,2026-07-02 09:32:01.095,buffer_pool_size,12884901888,12884901888,0.000000,enabled
1782984721.093,2026-07-02 09:32:01.095,buffer_pool_wait_free,18945,18945,8.245376,enabled
1782984721.093,2026-07-02 09:32:01.095,buffer_pool_write_requests,603637391,603637391,262719.296128,enabled
1782984721.093,2026-07-02 09:32:01.095,dml_deletes,13063042,13063042,5685.387742,enabled
1782984721.093,2026-07-02 09:32:01.095,dml_inserts,112948448,112948448,49158.206969,enabled
1782984721.093,2026-07-02 09:32:01.095,dml_system_deletes,468,468,0.203686,enabled
1782984721.093,2026-07-02 09:32:01.095,dml_system_inserts,1202,1202,0.523143,enabled
1782984721.093,2026-07-02 09:32:01.095,dml_system_reads,7661,7661,3.334274,enabled
1782984721.093,2026-07-02 09:32:01.095,dml_system_updates,620,620,0.269841,enabled
1782984721.093,2026-07-02 09:32:01.095,dml_updates,26126209,26126209,11370.829877,enabled
1782984721.093,2026-07-02 09:32:01.095,file_num_open_files,35,35,0.000000,enabled
1782984721.093,2026-07-02 09:32:01.095,ibuf_merges,0,0,0.000000,enabled
1782984721.093,2026-07-02 09:32:01.095,ibuf_merges_delete,0,0,0.000000,enabled
1782984721.093,2026-07-02 09:32:01.095,ibuf_merges_delete_mark,0,0,0.000000,enabled
1782984721.093,2026-07-02 09:32:01.095,ibuf_merges_discard_delete,0,0,0.000000,enabled
1782984721.093,2026-07-02 09:32:01.095,ibuf_merges_discard_delete_mark,0,0,0.000000,enabled
1782984721.093,2026-07-02 09:32:01.095,ibuf_merges_discard_insert,0,0,0.000000,enabled
1782984721.093,2026-07-02 09:32:01.095,ibuf_merges_insert,0,0,0.000000,enabled
1782984721.093,2026-07-02 09:32:01.095,ibuf_size,1,1,0.000435,enabled
1782984721.093,2026-07-02 09:32:01.095,innodb_activity_count,17916806,17916806,7797.876683,enabled
1782984721.093,2026-07-02 09:32:01.095,innodb_dblwr_pages_written,25199828,25199828,10967.644015,enabled
1782984721.093,2026-07-02 09:32:01.095,innodb_dblwr_writes,515986,515986,224.571008,enabled
1782984721.093,2026-07-02 09:32:01.095,innodb_page_size,16384,16384,0.000000,enabled
1782984721.093,2026-07-02 09:32:01.095,innodb_rwlock_sx_os_waits,0,0,0.000000,enabled
1782984721.093,2026-07-02 09:32:01.095,innodb_rwlock_sx_spin_rounds,0,0,0.000000,enabled
1782984721.093,2026-07-02 09:32:01.095,innodb_rwlock_sx_spin_waits,0,0,0.000000,enabled
1782984721.093,2026-07-02 09:32:01.095,innodb_rwlock_s_os_waits,0,0,0.000000,enabled
1782984721.093,2026-07-02 09:32:01.095,innodb_rwlock_s_spin_rounds,0,0,0.000000,enabled
1782984721.093,2026-07-02 09:32:01.095,innodb_rwlock_s_spin_waits,0,0,0.000000,enabled
1782984721.093,2026-07-02 09:32:01.095,innodb_rwlock_x_os_waits,0,0,0.000000,enabled
1782984721.093,2026-07-02 09:32:01.095,innodb_rwlock_x_spin_rounds,0,0,0.000000,enabled
1782984721.093,2026-07-02 09:32:01.095,innodb_rwlock_x_spin_waits,0,0,0.000000,enabled
1782984721.093,2026-07-02 09:32:01.095,lock_deadlocks,0,0,0.000000,enabled
1782984721.093,2026-07-02 09:32:01.095,lock_deadlock_false_positives,0,0,0.000000,enabled
1782984721.093,2026-07-02 09:32:01.095,lock_deadlock_rounds,2534,2534,1.102865,enabled
1782984721.093,2026-07-02 09:32:01.095,lock_rec_grant_attempts,425,425,0.184971,enabled
1782984721.093,2026-07-02 09:32:01.095,lock_rec_release_attempts,39704463,39704463,17280.454963,enabled
1782984721.093,2026-07-02 09:32:01.095,lock_row_lock_current_waits,0,0,0.000000,enabled
1782984721.093,2026-07-02 09:32:01.095,lock_row_lock_time,323,323,0.140578,enabled
1782984721.093,2026-07-02 09:32:01.095,lock_row_lock_time_avg,0,0,0.000000,enabled
1782984721.093,2026-07-02 09:32:01.095,lock_row_lock_time_max,29,29,0.000000,enabled
1782984721.093,2026-07-02 09:32:01.095,lock_row_lock_waits,425,425,0.184971,enabled
1782984721.093,2026-07-02 09:32:01.095,lock_schedule_refreshes,2534,2534,1.102865,enabled
1782984721.093,2026-07-02 09:32:01.095,lock_threads_waiting,0,0,0.000000,enabled
1782984721.093,2026-07-02 09:32:01.095,lock_timeouts,0,0,0.000000,enabled
1782984721.093,2026-07-02 09:32:01.095,log_waits,0,0,0.000000,enabled
1782984721.093,2026-07-02 09:32:01.095,log_writes,198368659,198368659,86335.388353,enabled
1782984721.093,2026-07-02 09:32:01.095,log_write_requests,406768996,406768996,177036.833536,enabled
1782984721.093,2026-07-02 09:32:01.095,os_data_fsyncs,54688206,54688206,23801.782394,enabled
1782984721.093,2026-07-02 09:32:01.095,os_data_reads,75086155,75086155,32679.520051,enabled
1782984721.093,2026-07-02 09:32:01.095,os_data_writes,224410553,224410553,97669.525916,enabled
1782984721.093,2026-07-02 09:32:01.095,os_log_bytes_written,126159608832,126159608832,54908064.672346,enabled
1782984721.093,2026-07-02 09:32:01.095,os_log_fsyncs,47850640,47850640,20825.889187,enabled
1782984721.093,2026-07-02 09:32:01.095,os_log_pending_fsyncs,1,1,0.000435,enabled
1782984721.093,2026-07-02 09:32:01.095,os_log_pending_writes,0,0,0.000000,enabled
1782984721.093,2026-07-02 09:32:01.095,trx_rseg_history_len,246,246,0.000000,enabled
1782984722.163,2026-07-02 09:32:02.165,adaptive_hash_searches,0,0,0.000000,enabled
1782984722.163,2026-07-02 09:32:02.165,adaptive_hash_searches_btree,595418324,595418324,259021.142250,enabled
1782984722.163,2026-07-02 09:32:02.165,buffer_data_reads,1226229926400,1226229926400,533439266.065323,enabled
1782984722.163,2026-07-02 09:32:02.165,buffer_data_written,575818642944,575818642944,250494843.981096,enabled
1782984722.163,2026-07-02 09:32:02.165,buffer_pages0_read,7,7,0.003045,enabled
1782984722.163,2026-07-02 09:32:02.165,buffer_pages_created,1814012,1814012,789.138494,enabled
1782984722.163,2026-07-02 09:32:02.165,buffer_pages_read,75054568,75054568,32650.527339,enabled
1782984722.163,2026-07-02 09:32:02.165,buffer_pages_written,25275202,25275202,10995.315789,enabled
1782984722.163,2026-07-02 09:32:02.165,buffer_pool_bytes_data,12858605568,12858605568,0.000000,enabled
1782984722.163,2026-07-02 09:32:02.165,buffer_pool_bytes_dirty,4649959424,4649959424,0.000000,enabled
1782984722.163,2026-07-02 09:32:02.165,buffer_pool_pages_data,784827,784827,0.000000,enabled
1782984722.163,2026-07-02 09:32:02.165,buffer_pool_pages_dirty,283811,283811,0.000000,enabled
1782984722.163,2026-07-02 09:32:02.165,buffer_pool_pages_flushed,25218132,25218132,0.000000,enabled
1782984722.163,2026-07-02 09:32:02.165,buffer_pool_pages_free,1507,1507,0.000000,enabled
1782984722.163,2026-07-02 09:32:02.165,buffer_pool_pages_lru_flushed,0,0,0.000000,enabled
1782984722.163,2026-07-02 09:32:02.165,buffer_pool_pages_misc,96,96,0.000000,enabled
1782984722.163,2026-07-02 09:32:02.165,buffer_pool_pages_total,786432,786432,0.000000,enabled
1782984722.163,2026-07-02 09:32:02.165,buffer_pool_reads,74158258,74158258,32260.612292,enabled
1782984722.163,2026-07-02 09:32:02.165,buffer_pool_read_ahead,803715,803715,349.635204,enabled
1782984722.163,2026-07-02 09:32:02.165,buffer_pool_read_ahead_evicted,25,25,0.010876,enabled
1782984722.163,2026-07-02 09:32:02.165,buffer_pool_read_requests,2867524131,2867524131,1247441.430162,enabled
1782984722.163,2026-07-02 09:32:02.165,buffer_pool_size,12884901888,12884901888,0.000000,enabled
1782984722.163,2026-07-02 09:32:02.165,buffer_pool_wait_free,18945,18945,8.241527,enabled
1782984722.163,2026-07-02 09:32:02.165,buffer_pool_write_requests,603750930,603750930,262646.062802,enabled
1782984722.163,2026-07-02 09:32:02.165,dml_deletes,13067921,13067921,5684.856501,enabled
1782984722.163,2026-07-02 09:32:02.165,dml_inserts,112953327,112953327,49137.384278,enabled
1782984722.163,2026-07-02 09:32:02.165,dml_system_deletes,468,468,0.203591,enabled
1782984722.163,2026-07-02 09:32:02.165,dml_system_inserts,1202,1202,0.522899,enabled
1782984722.163,2026-07-02 09:32:02.165,dml_system_reads,7661,7661,3.332717,enabled
1782984722.163,2026-07-02 09:32:02.165,dml_system_updates,620,620,0.269715,enabled
1782984722.163,2026-07-02 09:32:02.165,dml_updates,26135967,26135967,11369.767370,enabled
1782984722.163,2026-07-02 09:32:02.165,file_num_open_files,35,35,0.000000,enabled
1782984722.163,2026-07-02 09:32:02.165,ibuf_merges,0,0,0.000000,enabled
1782984722.163,2026-07-02 09:32:02.165,ibuf_merges_delete,0,0,0.000000,enabled
1782984722.163,2026-07-02 09:32:02.165,ibuf_merges_delete_mark,0,0,0.000000,enabled
1782984722.163,2026-07-02 09:32:02.165,ibuf_merges_discard_delete,0,0,0.000000,enabled
1782984722.163,2026-07-02 09:32:02.165,ibuf_merges_discard_delete_mark,0,0,0.000000,enabled
1782984722.163,2026-07-02 09:32:02.165,ibuf_merges_discard_insert,0,0,0.000000,enabled
1782984722.163,2026-07-02 09:32:02.165,ibuf_merges_insert,0,0,0.000000,enabled
1782984722.163,2026-07-02 09:32:02.165,ibuf_size,1,1,0.000435,enabled
1782984722.163,2026-07-02 09:32:02.165,innodb_activity_count,17922405,17922405,7796.672644,enabled
1782984722.163,2026-07-02 09:32:02.165,innodb_dblwr_pages_written,25215951,25215951,10969.538644,enabled
1782984722.163,2026-07-02 09:32:02.165,innodb_dblwr_writes,516360,516360,224.628886,enabled
1782984722.163,2026-07-02 09:32:02.165,innodb_page_size,16384,16384,0.000000,enabled
1782984722.163,2026-07-02 09:32:02.165,innodb_rwlock_sx_os_waits,0,0,0.000000,enabled
1782984722.163,2026-07-02 09:32:02.165,innodb_rwlock_sx_spin_rounds,0,0,0.000000,enabled
1782984722.163,2026-07-02 09:32:02.165,innodb_rwlock_sx_spin_waits,0,0,0.000000,enabled
1782984722.163,2026-07-02 09:32:02.165,innodb_rwlock_s_os_waits,0,0,0.000000,enabled
1782984722.163,2026-07-02 09:32:02.165,innodb_rwlock_s_spin_rounds,0,0,0.000000,enabled
1782984722.163,2026-07-02 09:32:02.165,innodb_rwlock_s_spin_waits,0,0,0.000000,enabled
1782984722.163,2026-07-02 09:32:02.165,innodb_rwlock_x_os_waits,0,0,0.000000,enabled
1782984722.163,2026-07-02 09:32:02.165,innodb_rwlock_x_spin_rounds,0,0,0.000000,enabled
1782984722.163,2026-07-02 09:32:02.165,innodb_rwlock_x_spin_waits,0,0,0.000000,enabled
1782984722.163,2026-07-02 09:32:02.165,lock_deadlocks,0,0,0.000000,enabled
1782984722.163,2026-07-02 09:32:02.165,lock_deadlock_false_positives,0,0,0.000000,enabled
1782984722.163,2026-07-02 09:32:02.165,lock_deadlock_rounds,2536,2536,1.103221,enabled
1782984722.163,2026-07-02 09:32:02.165,lock_rec_grant_attempts,425,425,0.184885,enabled
1782984722.163,2026-07-02 09:32:02.165,lock_rec_release_attempts,39719292,39719292,17278.840270,enabled
1782984722.163,2026-07-02 09:32:02.165,lock_row_lock_current_waits,0,0,0.000000,enabled
1782984722.163,2026-07-02 09:32:02.165,lock_row_lock_time,323,323,0.140513,enabled
1782984722.163,2026-07-02 09:32:02.165,lock_row_lock_time_avg,0,0,0.000000,enabled
1782984722.163,2026-07-02 09:32:02.165,lock_row_lock_time_max,29,29,0.000000,enabled
1782984722.163,2026-07-02 09:32:02.165,lock_row_lock_waits,425,425,0.184885,enabled
1782984722.163,2026-07-02 09:32:02.165,lock_schedule_refreshes,2536,2536,1.103221,enabled
1782984722.163,2026-07-02 09:32:02.165,lock_threads_waiting,0,0,0.000000,enabled
1782984722.163,2026-07-02 09:32:02.165,lock_timeouts,0,0,0.000000,enabled
1782984722.163,2026-07-02 09:32:02.165,log_waits,0,0,0.000000,enabled
1782984722.163,2026-07-02 09:32:02.165,log_writes,198448337,198448337,86329.752425,enabled
1782984722.163,2026-07-02 09:32:02.165,log_write_requests,406851953,406851953,176990.288416,enabled
1782984722.163,2026-07-02 09:32:02.165,os_data_fsyncs,54721881,54721881,23805.322167,enabled
1782984722.163,2026-07-02 09:32:02.165,os_data_reads,75142901,75142901,32688.952508,enabled
1782984722.163,2026-07-02 09:32:02.165,os_data_writes,224506644,224506644,97665.739822,enabled
1782984722.163,2026-07-02 09:32:02.165,os_log_bytes_written,126201278976,126201278976,54900563.408029,enabled
1782984722.163,2026-07-02 09:32:02.165,os_log_fsyncs,47879374,47879374,20828.668517,enabled
1782984722.163,2026-07-02 09:32:02.165,os_log_pending_fsyncs,1,1,0.000435,enabled
1782984722.163,2026-07-02 09:32:02.165,os_log_pending_writes,0,0,0.000000,enabled
1782984722.163,2026-07-02 09:32:02.165,trx_rseg_history_len,241,241,0.000000,enabled
1782984723.236,2026-07-02 09:32:03.238,adaptive_hash_searches,0,0,0.000000,enabled
1782984723.236,2026-07-02 09:32:03.238,adaptive_hash_searches_btree,595586468,595586468,258973.885424,enabled
1782984723.236,2026-07-02 09:32:03.238,buffer_data_reads,1227163847168,1227163847168,533597469.209945,enabled
1782984723.236,2026-07-02 09:32:03.238,buffer_data_written,576130712576,576130712576,250514135.160182,enabled
1782984723.236,2026-07-02 09:32:03.238,buffer_pages0_read,7,7,0.003044,enabled
1782984723.236,2026-07-02 09:32:03.238,buffer_pages_created,1814040,1814040,788.783962,enabled
1782984723.236,2026-07-02 09:32:03.238,buffer_pages_read,75111715,75111715,32660.203609,enabled
1782984723.236,2026-07-02 09:32:03.238,buffer_pages_written,25291330,25291330,10997.219143,enabled
1782984723.236,2026-07-02 09:32:03.238,buffer_pool_bytes_data,12854099968,12854099968,0.000000,enabled
1782984723.236,2026-07-02 09:32:03.238,buffer_pool_bytes_dirty,4653154304,4653154304,0.000000,enabled
1782984723.236,2026-07-02 09:32:03.238,buffer_pool_pages_data,784552,784552,0.000000,enabled
1782984723.236,2026-07-02 09:32:03.238,buffer_pool_pages_dirty,284006,284006,0.000000,enabled
1782984723.236,2026-07-02 09:32:03.238,buffer_pool_pages_flushed,25234209,25234209,0.000000,enabled
1782984723.236,2026-07-02 09:32:03.238,buffer_pool_pages_free,1784,1784,0.000000,enabled
1782984723.236,2026-07-02 09:32:03.238,buffer_pool_pages_lru_flushed,0,0,0.000000,enabled
1782984723.236,2026-07-02 09:32:03.238,buffer_pool_pages_misc,96,96,0.000000,enabled
1782984723.236,2026-07-02 09:32:03.238,buffer_pool_pages_total,786432,786432,0.000000,enabled
1782984723.236,2026-07-02 09:32:03.238,buffer_pool_reads,74215349,74215349,32270.445340,enabled
1782984723.236,2026-07-02 09:32:03.238,buffer_pool_read_ahead,803715,803715,349.472731,enabled
1782984723.236,2026-07-02 09:32:03.238,buffer_pool_read_ahead_evicted,25,25,0.010871,enabled
1782984723.236,2026-07-02 09:32:03.238,buffer_pool_read_requests,2868357464,2868357464,1247224.105305,enabled
1782984723.236,2026-07-02 09:32:03.238,buffer_pool_size,12884901888,12884901888,0.000000,enabled
1782984723.236,2026-07-02 09:32:03.238,buffer_pool_wait_free,18945,18945,8.237697,enabled
1782984723.236,2026-07-02 09:32:03.238,buffer_pool_write_requests,603864459,603864459,262573.378111,enabled
1782984723.236,2026-07-02 09:32:03.238,dml_deletes,13072782,13072782,5684.328350,enabled
1782984723.236,2026-07-02 09:32:03.238,dml_inserts,112958187,112958187,49116.662793,enabled
1782984723.236,2026-07-02 09:32:03.238,dml_system_deletes,468,468,0.203497,enabled
1782984723.236,2026-07-02 09:32:03.238,dml_system_inserts,1202,1202,0.522656,enabled
1782984723.236,2026-07-02 09:32:03.238,dml_system_reads,7661,7661,3.331168,enabled
1782984723.236,2026-07-02 09:32:03.238,dml_system_updates,620,620,0.269589,enabled
1782984723.236,2026-07-02 09:32:03.238,dml_updates,26145681,26145681,11368.707562,enabled
1782984723.236,2026-07-02 09:32:03.238,file_num_open_files,35,35,0.000000,enabled
1782984723.236,2026-07-02 09:32:03.238,ibuf_merges,0,0,0.000000,enabled
1782984723.236,2026-07-02 09:32:03.238,ibuf_merges_delete,0,0,0.000000,enabled
1782984723.236,2026-07-02 09:32:03.238,ibuf_merges_delete_mark,0,0,0.000000,enabled
1782984723.236,2026-07-02 09:32:03.238,ibuf_merges_discard_delete,0,0,0.000000,enabled
1782984723.236,2026-07-02 09:32:03.238,ibuf_merges_discard_delete_mark,0,0,0.000000,enabled
1782984723.236,2026-07-02 09:32:03.238,ibuf_merges_discard_insert,0,0,0.000000,enabled
1782984723.236,2026-07-02 09:32:03.238,ibuf_merges_insert,0,0,0.000000,enabled
1782984723.236,2026-07-02 09:32:03.238,ibuf_size,1,1,0.000435,enabled
1782984723.236,2026-07-02 09:32:03.238,innodb_activity_count,17927983,17927983,7795.474878,enabled
1782984723.236,2026-07-02 09:32:03.238,innodb_dblwr_pages_written,25232094,25232094,10971.460285,enabled
1782984723.236,2026-07-02 09:32:03.238,innodb_dblwr_writes,516722,516722,224.681903,enabled
1782984723.236,2026-07-02 09:32:03.238,innodb_page_size,16384,16384,0.000000,enabled
1782984723.236,2026-07-02 09:32:03.238,innodb_rwlock_sx_os_waits,0,0,0.000000,enabled
1782984723.236,2026-07-02 09:32:03.238,innodb_rwlock_sx_spin_rounds,0,0,0.000000,enabled
1782984723.236,2026-07-02 09:32:03.238,innodb_rwlock_sx_spin_waits,0,0,0.000000,enabled
1782984723.236,2026-07-02 09:32:03.238,innodb_rwlock_s_os_waits,0,0,0.000000,enabled
1782984723.236,2026-07-02 09:32:03.238,innodb_rwlock_s_spin_rounds,0,0,0.000000,enabled
1782984723.236,2026-07-02 09:32:03.238,innodb_rwlock_s_spin_waits,0,0,0.000000,enabled
1782984723.236,2026-07-02 09:32:03.238,innodb_rwlock_x_os_waits,0,0,0.000000,enabled
1782984723.236,2026-07-02 09:32:03.238,innodb_rwlock_x_spin_rounds,0,0,0.000000,enabled
1782984723.236,2026-07-02 09:32:03.238,innodb_rwlock_x_spin_waits,0,0,0.000000,enabled
1782984723.236,2026-07-02 09:32:03.238,lock_deadlocks,0,0,0.000000,enabled
1782984723.236,2026-07-02 09:32:03.238,lock_deadlock_false_positives,0,0,0.000000,enabled
1782984723.236,2026-07-02 09:32:03.238,lock_deadlock_rounds,2537,2537,1.103143,enabled
1782984723.236,2026-07-02 09:32:03.238,lock_rec_grant_attempts,425,425,0.184799,enabled
1782984723.236,2026-07-02 09:32:03.238,lock_rec_release_attempts,39734065,39734065,17277.234506,enabled
1782984723.236,2026-07-02 09:32:03.238,lock_row_lock_current_waits,0,0,0.000000,enabled
1782984723.236,2026-07-02 09:32:03.238,lock_row_lock_time,323,323,0.140447,enabled
1782984723.236,2026-07-02 09:32:03.238,lock_row_lock_time_avg,0,0,0.000000,enabled
1782984723.236,2026-07-02 09:32:03.238,lock_row_lock_time_max,29,29,0.000000,enabled
1782984723.236,2026-07-02 09:32:03.238,lock_row_lock_waits,425,425,0.184799,enabled
1782984723.236,2026-07-02 09:32:03.238,lock_schedule_refreshes,2537,2537,1.103143,enabled
1782984723.236,2026-07-02 09:32:03.238,lock_threads_waiting,0,0,0.000000,enabled
1782984723.236,2026-07-02 09:32:03.238,lock_timeouts,0,0,0.000000,enabled
1782984723.236,2026-07-02 09:32:03.238,log_waits,0,0,0.000000,enabled
1782984723.236,2026-07-02 09:32:03.238,log_writes,198528161,198528161,86324.343799,enabled
1782984723.236,2026-07-02 09:32:03.238,log_write_requests,406934536,406934536,176943.949102,enabled
1782984723.236,2026-07-02 09:32:03.238,os_data_fsyncs,54756029,54756029,23809.108001,enabled
1782984723.236,2026-07-02 09:32:03.238,os_data_reads,75199899,75199899,32698.545767,enabled
1782984723.236,2026-07-02 09:32:03.238,os_data_writes,224602875,224602875,97662.197390,enabled
1782984723.236,2026-07-02 09:32:03.238,os_log_bytes_written,126242877440,126242877440,54893138.759756,enabled
1782984723.236,2026-07-02 09:32:03.238,os_log_fsyncs,47908358,47908358,20831.592199,enabled
1782984723.236,2026-07-02 09:32:03.238,os_log_pending_fsyncs,0,0,0.000000,enabled
1782984723.236,2026-07-02 09:32:03.238,os_log_pending_writes,0,0,0.000000,enabled
1782984723.236,2026-07-02 09:32:03.238,trx_rseg_history_len,211,211,0.000000,enabled
1782984724.305,2026-07-02 09:32:04.306,adaptive_hash_searches,0,0,0.000000,enabled
1782984724.305,2026-07-02 09:32:04.306,adaptive_hash_searches_btree,595754647,595754647,258926.231365,enabled
1782984724.305,2026-07-02 09:32:04.306,buffer_data_reads,1228098505216,1228098505216,533754903.057956,enabled
1782984724.305,2026-07-02 09:32:04.306,buffer_data_written,576440289792,576440289792,250531882.742908,enabled
1782984724.305,2026-07-02 09:32:04.306,buffer_pages0_read,7,7,0.003042,enabled
1782984724.305,2026-07-02 09:32:04.306,buffer_pages_created,1814074,1814074,788.430975,enabled
1782984724.305,2026-07-02 09:32:04.306,buffer_pages_read,75168941,75168941,32669.847525,enabled
1782984724.305,2026-07-02 09:32:04.306,buffer_pages_written,25307276,25307276,10999.022206,enabled
1782984724.305,2026-07-02 09:32:04.306,buffer_pool_bytes_data,12852215808,12852215808,0.000000,enabled
1782984724.305,2026-07-02 09:32:04.306,buffer_pool_bytes_dirty,4657905664,4657905664,0.000000,enabled
1782984724.305,2026-07-02 09:32:04.306,buffer_pool_pages_data,784437,784437,0.000000,enabled
1782984724.305,2026-07-02 09:32:04.306,buffer_pool_pages_dirty,284296,284296,0.000000,enabled
1782984724.305,2026-07-02 09:32:04.306,buffer_pool_pages_flushed,25250206,25250206,0.000000,enabled
1782984724.305,2026-07-02 09:32:04.306,buffer_pool_pages_free,1899,1899,0.000000,enabled
1782984724.305,2026-07-02 09:32:04.306,buffer_pool_pages_lru_flushed,0,0,0.000000,enabled
1782984724.305,2026-07-02 09:32:04.306,buffer_pool_pages_misc,96,96,0.000000,enabled
1782984724.305,2026-07-02 09:32:04.306,buffer_pool_pages_total,786432,786432,0.000000,enabled
1782984724.305,2026-07-02 09:32:04.306,buffer_pool_reads,74272514,74272514,32280.244566,enabled
1782984724.305,2026-07-02 09:32:04.306,buffer_pool_read_ahead,803715,803715,349.309793,enabled
1782984724.305,2026-07-02 09:32:04.306,buffer_pool_read_ahead_evicted,25,25,0.010865,enabled
1782984724.305,2026-07-02 09:32:04.306,buffer_pool_read_requests,2869190408,2869190408,1247004.612887,enabled
1782984724.305,2026-07-02 09:32:04.306,buffer_pool_size,12884901888,12884901888,0.000000,enabled
1782984724.305,2026-07-02 09:32:04.306,buffer_pool_wait_free,18945,18945,8.233857,enabled
1782984724.305,2026-07-02 09:32:04.306,buffer_pool_write_requests,603977519,603977519,262500.093939,enabled
1782984724.305,2026-07-02 09:32:04.306,dml_deletes,13077639,13077639,5683.788927,enabled
1782984724.305,2026-07-02 09:32:04.306,dml_inserts,112963044,112963044,49095.872681,enabled
1782984724.305,2026-07-02 09:32:04.306,dml_system_deletes,468,468,0.203402,enabled
1782984724.305,2026-07-02 09:32:04.306,dml_system_inserts,1202,1202,0.522412,enabled
1782984724.305,2026-07-02 09:32:04.306,dml_system_reads,7661,7661,3.329615,enabled
1782984724.305,2026-07-02 09:32:04.306,dml_system_updates,620,620,0.269464,enabled
1782984724.305,2026-07-02 09:32:04.306,dml_updates,26155394,26155394,11367.628256,enabled
1782984724.305,2026-07-02 09:32:04.306,file_num_open_files,35,35,0.000000,enabled
1782984724.305,2026-07-02 09:32:04.306,ibuf_merges,0,0,0.000000,enabled
1782984724.305,2026-07-02 09:32:04.306,ibuf_merges_delete,0,0,0.000000,enabled
1782984724.305,2026-07-02 09:32:04.306,ibuf_merges_delete_mark,0,0,0.000000,enabled
1782984724.305,2026-07-02 09:32:04.306,ibuf_merges_discard_delete,0,0,0.000000,enabled
1782984724.305,2026-07-02 09:32:04.306,ibuf_merges_discard_delete_mark,0,0,0.000000,enabled
1782984724.305,2026-07-02 09:32:04.306,ibuf_merges_discard_insert,0,0,0.000000,enabled
1782984724.305,2026-07-02 09:32:04.306,ibuf_merges_insert,0,0,0.000000,enabled
1782984724.305,2026-07-02 09:32:04.306,ibuf_size,1,1,0.000435,enabled
1782984724.305,2026-07-02 09:32:04.306,innodb_activity_count,17933568,17933568,7794.267542,enabled
1782984724.305,2026-07-02 09:32:04.306,innodb_dblwr_pages_written,25248030,25248030,10973.270861,enabled
1782984724.305,2026-07-02 09:32:04.306,innodb_dblwr_writes,517096,517096,224.739692,enabled
1782984724.305,2026-07-02 09:32:04.306,innodb_page_size,16384,16384,0.000000,enabled
1782984724.305,2026-07-02 09:32:04.306,innodb_rwlock_sx_os_waits,0,0,0.000000,enabled
1782984724.305,2026-07-02 09:32:04.306,innodb_rwlock_sx_spin_rounds,0,0,0.000000,enabled
1782984724.305,2026-07-02 09:32:04.306,innodb_rwlock_sx_spin_waits,0,0,0.000000,enabled
1782984724.305,2026-07-02 09:32:04.306,innodb_rwlock_s_os_waits,0,0,0.000000,enabled
1782984724.305,2026-07-02 09:32:04.306,innodb_rwlock_s_spin_rounds,0,0,0.000000,enabled
1782984724.305,2026-07-02 09:32:04.306,innodb_rwlock_s_spin_waits,0,0,0.000000,enabled
1782984724.305,2026-07-02 09:32:04.306,innodb_rwlock_x_os_waits,0,0,0.000000,enabled
1782984724.305,2026-07-02 09:32:04.306,innodb_rwlock_x_spin_rounds,0,0,0.000000,enabled
1782984724.305,2026-07-02 09:32:04.306,innodb_rwlock_x_spin_waits,0,0,0.000000,enabled
1782984724.305,2026-07-02 09:32:04.306,lock_deadlocks,0,0,0.000000,enabled
1782984724.305,2026-07-02 09:32:04.306,lock_deadlock_false_positives,0,0,0.000000,enabled
1782984724.305,2026-07-02 09:32:04.306,lock_deadlock_rounds,2538,2538,1.103063,enabled
1782984724.305,2026-07-02 09:32:04.306,lock_rec_grant_attempts,425,425,0.184713,enabled
1782984724.305,2026-07-02 09:32:04.306,lock_rec_release_attempts,39748837,39748837,17275.599377,enabled
1782984724.305,2026-07-02 09:32:04.306,lock_row_lock_current_waits,0,0,0.000000,enabled
1782984724.305,2026-07-02 09:32:04.306,lock_row_lock_time,323,323,0.140382,enabled
1782984724.305,2026-07-02 09:32:04.306,lock_row_lock_time_avg,0,0,0.000000,enabled
1782984724.305,2026-07-02 09:32:04.306,lock_row_lock_time_max,29,29,0.000000,enabled
1782984724.305,2026-07-02 09:32:04.306,lock_row_lock_waits,425,425,0.184713,enabled
1782984724.305,2026-07-02 09:32:04.306,lock_schedule_refreshes,2538,2538,1.103063,enabled
1782984724.305,2026-07-02 09:32:04.306,lock_threads_waiting,0,0,0.000000,enabled
1782984724.305,2026-07-02 09:32:04.306,lock_timeouts,0,0,0.000000,enabled
1782984724.305,2026-07-02 09:32:04.306,log_waits,0,0,0.000000,enabled
1782984724.305,2026-07-02 09:32:04.306,log_writes,198608905,198608905,86319.187789,enabled
1782984724.305,2026-07-02 09:32:04.306,log_write_requests,407017106,407017106,176897.335167,enabled
1782984724.305,2026-07-02 09:32:04.306,os_data_fsyncs,54790064,54790064,23812.799281,enabled
1782984724.305,2026-07-02 09:32:04.306,os_data_reads,75256952,75256952,32708.096414,enabled
1782984724.305,2026-07-02 09:32:04.306,os_data_writes,224699842,224699842,97658.806193,enabled
1782984724.305,2026-07-02 09:32:04.306,os_log_bytes_written,126285064704,126285064704,54885880.244150,enabled
1782984724.305,2026-07-02 09:32:04.306,os_log_fsyncs,47937285,47937285,20834.451696,enabled
1782984724.305,2026-07-02 09:32:04.306,os_log_pending_fsyncs,1,1,0.000435,enabled
1782984724.305,2026-07-02 09:32:04.306,os_log_pending_writes,0,0,0.000000,enabled
1782984724.305,2026-07-02 09:32:04.306,trx_rseg_history_len,252,252,0.000000,enabled
1782984725.378,2026-07-02 09:32:05.380,adaptive_hash_searches,0,0,0.000000,enabled
1782984725.378,2026-07-02 09:32:05.380,adaptive_hash_searches_btree,595920715,595920715,258878.114133,enabled
1782984725.378,2026-07-02 09:32:05.380,buffer_data_reads,1229014157824,1229014157824,533904765.395951,enabled
1782984725.378,2026-07-02 09:32:05.380,buffer_data_written,576773510656,576773510656,250560275.221258,enabled
1782984725.378,2026-07-02 09:32:05.380,buffer_pages0_read,7,7,0.003041,enabled
1782984725.378,2026-07-02 09:32:05.380,buffer_pages_created,1814109,1814109,788.079976,enabled
1782984725.378,2026-07-02 09:32:05.380,buffer_pages_read,75224985,75224985,32679.019840,enabled
1782984725.378,2026-07-02 09:32:05.380,buffer_pages_written,25324316,25324316,11001.315952,enabled
1782984725.378,2026-07-02 09:32:05.380,buffer_pool_bytes_data,12848529408,12848529408,0.000000,enabled
1782984725.378,2026-07-02 09:32:05.380,buffer_pool_bytes_dirty,4642537472,4642537472,0.000000,enabled
1782984725.378,2026-07-02 09:32:05.380,buffer_pool_pages_data,784213,784213,0.000000,enabled
1782984725.378,2026-07-02 09:32:05.380,buffer_pool_pages_dirty,283359,283359,0.000000,enabled
1782984725.378,2026-07-02 09:32:05.380,buffer_pool_pages_flushed,25266029,25266029,0.000000,enabled
1782984725.378,2026-07-02 09:32:05.380,buffer_pool_pages_free,2125,2125,0.000000,enabled
1782984725.378,2026-07-02 09:32:05.380,buffer_pool_pages_lru_flushed,0,0,0.000000,enabled
1782984725.378,2026-07-02 09:32:05.380,buffer_pool_pages_misc,96,96,0.000000,enabled
1782984725.378,2026-07-02 09:32:05.380,buffer_pool_pages_total,786432,786432,0.000000,enabled
1782984725.378,2026-07-02 09:32:05.380,buffer_pool_reads,74328514,74328514,32289.578535,enabled
1782984725.378,2026-07-02 09:32:05.380,buffer_pool_read_ahead,803715,803715,349.147547,enabled
1782984725.378,2026-07-02 09:32:05.380,buffer_pool_read_ahead_evicted,25,25,0.010860,enabled
1782984725.378,2026-07-02 09:32:05.380,buffer_pool_read_requests,2870013066,2870013066,1246782.787129,enabled
1782984725.378,2026-07-02 09:32:05.380,buffer_pool_size,12884901888,12884901888,0.000000,enabled
1782984725.378,2026-07-02 09:32:05.380,buffer_pool_wait_free,18945,18945,8.230032,enabled
1782984725.378,2026-07-02 09:32:05.380,buffer_pool_write_requests,604089885,604089885,262426.982956,enabled
1782984725.378,2026-07-02 09:32:05.380,dml_deletes,13082434,13082434,5683.232111,enabled
1782984725.378,2026-07-02 09:32:05.380,dml_inserts,112967840,112967840,49075.153483,enabled
1782984725.378,2026-07-02 09:32:05.380,dml_system_deletes,468,468,0.203307,enabled
1782984725.378,2026-07-02 09:32:05.380,dml_system_inserts,1202,1202,0.522169,enabled
1782984725.378,2026-07-02 09:32:05.380,dml_system_reads,7661,7661,3.328069,enabled
1782984725.378,2026-07-02 09:32:05.380,dml_system_updates,620,620,0.269339,enabled
1782984725.378,2026-07-02 09:32:05.380,dml_updates,26164987,26164987,11366.515909,enabled
1782984725.378,2026-07-02 09:32:05.380,file_num_open_files,35,35,0.000000,enabled
1782984725.378,2026-07-02 09:32:05.380,ibuf_merges,0,0,0.000000,enabled
1782984725.378,2026-07-02 09:32:05.380,ibuf_merges_delete,0,0,0.000000,enabled
1782984725.378,2026-07-02 09:32:05.380,ibuf_merges_delete_mark,0,0,0.000000,enabled
1782984725.378,2026-07-02 09:32:05.380,ibuf_merges_discard_delete,0,0,0.000000,enabled
1782984725.378,2026-07-02 09:32:05.380,ibuf_merges_discard_delete_mark,0,0,0.000000,enabled
1782984725.378,2026-07-02 09:32:05.380,ibuf_merges_discard_insert,0,0,0.000000,enabled
1782984725.378,2026-07-02 09:32:05.380,ibuf_merges_insert,0,0,0.000000,enabled
1782984725.378,2026-07-02 09:32:05.380,ibuf_size,1,1,0.000434,enabled
1782984725.378,2026-07-02 09:32:05.380,innodb_activity_count,17939076,17939076,7793.040230,enabled
1782984725.378,2026-07-02 09:32:05.380,innodb_dblwr_pages_written,25264360,25264360,10975.268318,enabled
1782984725.378,2026-07-02 09:32:05.380,innodb_dblwr_writes,517459,517459,224.793004,enabled
1782984725.378,2026-07-02 09:32:05.380,innodb_page_size,16384,16384,0.000000,enabled
1782984725.378,2026-07-02 09:32:05.380,innodb_rwlock_sx_os_waits,0,0,0.000000,enabled
1782984725.378,2026-07-02 09:32:05.380,innodb_rwlock_sx_spin_rounds,0,0,0.000000,enabled
1782984725.378,2026-07-02 09:32:05.380,innodb_rwlock_sx_spin_waits,0,0,0.000000,enabled
1782984725.378,2026-07-02 09:32:05.380,innodb_rwlock_s_os_waits,0,0,0.000000,enabled
1782984725.378,2026-07-02 09:32:05.380,innodb_rwlock_s_spin_rounds,0,0,0.000000,enabled
1782984725.378,2026-07-02 09:32:05.380,innodb_rwlock_s_spin_waits,0,0,0.000000,enabled
1782984725.378,2026-07-02 09:32:05.380,innodb_rwlock_x_os_waits,0,0,0.000000,enabled
1782984725.378,2026-07-02 09:32:05.380,innodb_rwlock_x_spin_rounds,0,0,0.000000,enabled
1782984725.378,2026-07-02 09:32:05.380,innodb_rwlock_x_spin_waits,0,0,0.000000,enabled
1782984725.378,2026-07-02 09:32:05.380,lock_deadlocks,0,0,0.000000,enabled
1782984725.378,2026-07-02 09:32:05.380,lock_deadlock_false_positives,0,0,0.000000,enabled
1782984725.378,2026-07-02 09:32:05.380,lock_deadlock_rounds,2539,2539,1.102985,enabled
1782984725.378,2026-07-02 09:32:05.380,lock_rec_grant_attempts,425,425,0.184627,enabled
1782984725.378,2026-07-02 09:32:05.380,lock_rec_release_attempts,39763422,39763422,17273.911203,enabled
1782984725.378,2026-07-02 09:32:05.380,lock_row_lock_current_waits,0,0,0.000000,enabled
1782984725.378,2026-07-02 09:32:05.380,lock_row_lock_time,323,323,0.140317,enabled
1782984725.378,2026-07-02 09:32:05.380,lock_row_lock_time_avg,0,0,0.000000,enabled
1782984725.378,2026-07-02 09:32:05.380,lock_row_lock_time_max,29,29,0.000000,enabled
1782984725.378,2026-07-02 09:32:05.380,lock_row_lock_waits,425,425,0.184627,enabled
1782984725.378,2026-07-02 09:32:05.380,lock_schedule_refreshes,2539,2539,1.102985,enabled
1782984725.378,2026-07-02 09:32:05.380,lock_threads_waiting,0,0,0.000000,enabled
1782984725.378,2026-07-02 09:32:05.380,lock_timeouts,0,0,0.000000,enabled
1782984725.378,2026-07-02 09:32:05.380,log_waits,0,0,0.000000,enabled
1782984725.378,2026-07-02 09:32:05.380,log_writes,198687994,198687994,86313.453503,enabled
1782984725.378,2026-07-02 09:32:05.380,log_write_requests,407098681,407098681,176850.610803,enabled
1782984725.378,2026-07-02 09:32:05.380,os_data_fsyncs,54822832,54822832,23815.974081,enabled
1782984725.378,2026-07-02 09:32:05.380,os_data_reads,75312826,75312826,32717.177310,enabled
1782984725.378,2026-07-02 09:32:05.380,os_data_writes,224796258,224796258,97655.331977,enabled
1782984725.378,2026-07-02 09:32:05.380,os_log_bytes_written,126326533120,126326533120,54878402.337304,enabled
1782984725.378,2026-07-02 09:32:05.380,os_log_fsyncs,47965230,47965230,20836.914642,enabled
1782984725.378,2026-07-02 09:32:05.380,os_log_pending_fsyncs,1,1,0.000434,enabled
1782984725.378,2026-07-02 09:32:05.380,os_log_pending_writes,0,0,0.000000,enabled
1782984725.378,2026-07-02 09:32:05.380,trx_rseg_history_len,223,223,0.000000,enabled
1782984726.447,2026-07-02 09:32:06.448,adaptive_hash_searches,0,0,0.000000,enabled
1782984726.447,2026-07-02 09:32:06.448,adaptive_hash_searches_btree,596085002,596085002,258829.095464,enabled
1782984726.447,2026-07-02 09:32:06.448,buffer_data_reads,1229927156224,1229927156224,534052984.068041,enabled
1782984726.447,2026-07-02 09:32:06.448,buffer_data_written,577114993152,577114993152,250592063.389552,enabled
1782984726.447,2026-07-02 09:32:06.448,buffer_pages0_read,7,7,0.003040,enabled
1782984726.447,2026-07-02 09:32:06.448,buffer_pages_created,1814147,1814147,787.730088,enabled
1782984726.447,2026-07-02 09:32:06.448,buffer_pages_read,75280882,75280882,32688.098277,enabled
1782984726.447,2026-07-02 09:32:06.448,buffer_pages_written,25342642,25342642,11004.158734,enabled
1782984726.447,2026-07-02 09:32:06.448,buffer_pool_bytes_data,12846268416,12846268416,0.000000,enabled
1782984726.447,2026-07-02 09:32:06.448,buffer_pool_bytes_dirty,4604133376,4604133376,0.000000,enabled
1782984726.447,2026-07-02 09:32:06.448,buffer_pool_pages_data,784075,784075,0.000000,enabled
1782984726.447,2026-07-02 09:32:06.448,buffer_pool_pages_dirty,281015,281015,0.000000,enabled
1782984726.447,2026-07-02 09:32:06.448,buffer_pool_pages_flushed,25285512,25285512,0.000000,enabled
1782984726.447,2026-07-02 09:32:06.448,buffer_pool_pages_free,2262,2262,0.000000,enabled
1782984726.447,2026-07-02 09:32:06.448,buffer_pool_pages_lru_flushed,0,0,0.000000,enabled
1782984726.447,2026-07-02 09:32:06.448,buffer_pool_pages_misc,97,97,0.000000,enabled
1782984726.447,2026-07-02 09:32:06.448,buffer_pool_pages_total,786432,786432,0.000000,enabled
1782984726.447,2026-07-02 09:32:06.448,buffer_pool_reads,74384352,74384352,32298.812480,enabled
1782984726.447,2026-07-02 09:32:06.448,buffer_pool_read_ahead,803715,803715,348.985225,enabled
1782984726.447,2026-07-02 09:32:06.448,buffer_pool_read_ahead_evicted,25,25,0.010855,enabled
1782984726.447,2026-07-02 09:32:06.448,buffer_pool_read_requests,2870827683,2870827683,1246556.864064,enabled
1782984726.447,2026-07-02 09:32:06.448,buffer_pool_size,12884901888,12884901888,0.000000,enabled
1782984726.447,2026-07-02 09:32:06.448,buffer_pool_wait_free,18945,18945,8.226206,enabled
1782984726.447,2026-07-02 09:32:06.448,buffer_pool_write_requests,604200982,604200982,262353.217932,enabled
1782984726.447,2026-07-02 09:32:06.448,dml_deletes,13087177,13087177,5682.649410,enabled
1782984726.447,2026-07-02 09:32:06.448,dml_inserts,112972584,112972584,49054.397948,enabled
1782984726.447,2026-07-02 09:32:06.448,dml_system_deletes,468,468,0.203213,enabled
1782984726.447,2026-07-02 09:32:06.448,dml_system_inserts,1202,1202,0.521927,enabled
1782984726.447,2026-07-02 09:32:06.448,dml_system_reads,7661,7661,3.326522,enabled
1782984726.447,2026-07-02 09:32:06.448,dml_system_updates,620,620,0.269213,enabled
1782984726.447,2026-07-02 09:32:06.448,dml_updates,26174475,26174475,11365.351350,enabled
1782984726.447,2026-07-02 09:32:06.448,file_num_open_files,35,35,0.000000,enabled
1782984726.447,2026-07-02 09:32:06.448,ibuf_merges,0,0,0.000000,enabled
1782984726.447,2026-07-02 09:32:06.448,ibuf_merges_delete,0,0,0.000000,enabled
1782984726.447,2026-07-02 09:32:06.448,ibuf_merges_delete_mark,0,0,0.000000,enabled
1782984726.447,2026-07-02 09:32:06.448,ibuf_merges_discard_delete,0,0,0.000000,enabled
1782984726.447,2026-07-02 09:32:06.448,ibuf_merges_discard_delete_mark,0,0,0.000000,enabled
1782984726.447,2026-07-02 09:32:06.448,ibuf_merges_discard_insert,0,0,0.000000,enabled
1782984726.447,2026-07-02 09:32:06.448,ibuf_merges_insert,0,0,0.000000,enabled
1782984726.447,2026-07-02 09:32:06.448,ibuf_size,1,1,0.000434,enabled
1782984726.447,2026-07-02 09:32:06.448,innodb_activity_count,17944524,17944524,7791.782781,enabled
1782984726.447,2026-07-02 09:32:06.448,innodb_dblwr_pages_written,25283374,25283374,10978.421987,enabled
1782984726.447,2026-07-02 09:32:06.448,innodb_dblwr_writes,517846,517846,224.856537,enabled
1782984726.447,2026-07-02 09:32:06.448,innodb_page_size,16384,16384,0.000000,enabled
1782984726.447,2026-07-02 09:32:06.448,innodb_rwlock_sx_os_waits,0,0,0.000000,enabled
1782984726.447,2026-07-02 09:32:06.448,innodb_rwlock_sx_spin_rounds,0,0,0.000000,enabled
1782984726.447,2026-07-02 09:32:06.448,innodb_rwlock_sx_spin_waits,0,0,0.000000,enabled
1782984726.447,2026-07-02 09:32:06.448,innodb_rwlock_s_os_waits,0,0,0.000000,enabled
1782984726.447,2026-07-02 09:32:06.448,innodb_rwlock_s_spin_rounds,0,0,0.000000,enabled
1782984726.447,2026-07-02 09:32:06.448,innodb_rwlock_s_spin_waits,0,0,0.000000,enabled
1782984726.447,2026-07-02 09:32:06.448,innodb_rwlock_x_os_waits,0,0,0.000000,enabled
1782984726.447,2026-07-02 09:32:06.448,innodb_rwlock_x_spin_rounds,0,0,0.000000,enabled
1782984726.447,2026-07-02 09:32:06.448,innodb_rwlock_x_spin_waits,0,0,0.000000,enabled
1782984726.447,2026-07-02 09:32:06.448,lock_deadlocks,0,0,0.000000,enabled
1782984726.447,2026-07-02 09:32:06.448,lock_deadlock_false_positives,0,0,0.000000,enabled
1782984726.447,2026-07-02 09:32:06.448,lock_deadlock_rounds,2540,2540,1.102906,enabled
1782984726.447,2026-07-02 09:32:06.448,lock_rec_grant_attempts,425,425,0.184541,enabled
1782984726.447,2026-07-02 09:32:06.448,lock_rec_release_attempts,39777835,39777835,17272.138732,enabled
1782984726.447,2026-07-02 09:32:06.448,lock_row_lock_current_waits,0,0,0.000000,enabled
1782984726.447,2026-07-02 09:32:06.448,lock_row_lock_time,323,323,0.140251,enabled
1782984726.447,2026-07-02 09:32:06.448,lock_row_lock_time_avg,0,0,0.000000,enabled
1782984726.447,2026-07-02 09:32:06.448,lock_row_lock_time_max,29,29,0.000000,enabled
1782984726.447,2026-07-02 09:32:06.448,lock_row_lock_waits,425,425,0.184541,enabled
1782984726.447,2026-07-02 09:32:06.448,lock_schedule_refreshes,2540,2540,1.102906,enabled
1782984726.447,2026-07-02 09:32:06.448,lock_threads_waiting,0,0,0.000000,enabled
1782984726.447,2026-07-02 09:32:06.448,lock_timeouts,0,0,0.000000,enabled
1782984726.447,2026-07-02 09:32:06.448,log_waits,0,0,0.000000,enabled
1782984726.447,2026-07-02 09:32:06.448,log_writes,198766794,198766794,86307.541832,enabled
1782984726.447,2026-07-02 09:32:06.448,log_write_requests,407179491,407179491,176803.480455,enabled
1782984726.447,2026-07-02 09:32:06.448,os_data_fsyncs,54855704,54855704,23819.175311,enabled
1782984726.447,2026-07-02 09:32:06.448,os_data_reads,75368554,75368554,32726.164692,enabled
1782984726.447,2026-07-02 09:32:06.448,os_data_writes,224893685,224893685,97652.235276,enabled
1782984726.447,2026-07-02 09:32:06.448,os_log_bytes_written,126367941120,126367941120,54870868.811375,enabled
1782984726.447,2026-07-02 09:32:06.448,os_log_fsyncs,47992819,47992819,20839.206921,enabled
1782984726.447,2026-07-02 09:32:06.448,os_log_pending_fsyncs,1,1,0.000434,enabled
1782984726.447,2026-07-02 09:32:06.448,os_log_pending_writes,0,0,0.000000,enabled
1782984726.447,2026-07-02 09:32:06.448,trx_rseg_history_len,125,125,0.000000,enabled
1782984727.518,2026-07-02 09:32:07.519,adaptive_hash_searches,0,0,0.000000,enabled
1782984727.518,2026-07-02 09:32:07.519,adaptive_hash_searches_btree,596254199,596254199,258782.382805,enabled
1782984727.518,2026-07-02 09:32:07.519,buffer_data_reads,1230861453824,1230861453824,534210577.694746,enabled
1782984727.518,2026-07-02 09:32:07.519,buffer_data_written,577421051904,577421051904,250608573.743015,enabled
1782984727.518,2026-07-02 09:32:07.519,buffer_pages0_read,7,7,0.003038,enabled
1782984727.518,2026-07-02 09:32:07.519,buffer_pages_created,1814187,1814187,787.381789,enabled
1782984727.518,2026-07-02 09:32:07.519,buffer_pages_read,75338084,75338084,32697.751095,enabled
1782984727.518,2026-07-02 09:32:07.519,buffer_pages_written,25358549,25358549,11005.954519,enabled
1782984727.518,2026-07-02 09:32:07.519,buffer_pool_bytes_data,12860243968,12860243968,0.000000,enabled
1782984727.518,2026-07-02 09:32:07.519,buffer_pool_bytes_dirty,4611899392,4611899392,0.000000,enabled
1782984727.518,2026-07-02 09:32:07.519,buffer_pool_pages_data,784927,784927,0.000000,enabled
1782984727.518,2026-07-02 09:32:07.519,buffer_pool_pages_dirty,281488,281488,0.000000,enabled
1782984727.518,2026-07-02 09:32:07.519,buffer_pool_pages_flushed,25301479,25301479,0.000000,enabled
1782984727.518,2026-07-02 09:32:07.519,buffer_pool_pages_free,1408,1408,0.000000,enabled
1782984727.518,2026-07-02 09:32:07.519,buffer_pool_pages_lru_flushed,0,0,0.000000,enabled
1782984727.518,2026-07-02 09:32:07.519,buffer_pool_pages_misc,97,97,0.000000,enabled
1782984727.518,2026-07-02 09:32:07.519,buffer_pool_pages_total,786432,786432,0.000000,enabled
1782984727.518,2026-07-02 09:32:07.519,buffer_pool_reads,74441484,74441484,32308.615599,enabled
1782984727.518,2026-07-02 09:32:07.519,buffer_pool_read_ahead,803715,803715,348.823228,enabled
1782984727.518,2026-07-02 09:32:07.519,buffer_pool_read_ahead_evicted,25,25,0.010850,enabled
1782984727.518,2026-07-02 09:32:07.519,buffer_pool_read_requests,2871665340,2871665340,1246341.772981,enabled
1782984727.518,2026-07-02 09:32:07.519,buffer_pool_size,12884901888,12884901888,0.000000,enabled
1782984727.518,2026-07-02 09:32:07.519,buffer_pool_wait_free,18945,18945,8.222387,enabled
1782984727.518,2026-07-02 09:32:07.519,buffer_pool_write_requests,604314663,604314663,262280.773985,enabled
1782984727.518,2026-07-02 09:32:07.519,dml_deletes,13092072,13092072,5682.136029,enabled
1782984727.518,2026-07-02 09:32:07.519,dml_inserts,112977479,112977479,49033.751462,enabled
1782984727.518,2026-07-02 09:32:07.519,dml_system_deletes,468,468,0.203118,enabled
1782984727.518,2026-07-02 09:32:07.519,dml_system_inserts,1202,1202,0.521684,enabled
1782984727.518,2026-07-02 09:32:07.519,dml_system_reads,7661,7661,3.324977,enabled
1782984727.518,2026-07-02 09:32:07.519,dml_system_updates,620,620,0.269088,enabled
1782984727.518,2026-07-02 09:32:07.519,dml_updates,26184262,26184262,11364.323262,enabled
1782984727.518,2026-07-02 09:32:07.519,file_num_open_files,35,35,0.000000,enabled
1782984727.518,2026-07-02 09:32:07.519,ibuf_merges,0,0,0.000000,enabled
1782984727.518,2026-07-02 09:32:07.519,ibuf_merges_delete,0,0,0.000000,enabled
1782984727.518,2026-07-02 09:32:07.519,ibuf_merges_delete_mark,0,0,0.000000,enabled
1782984727.518,2026-07-02 09:32:07.519,ibuf_merges_discard_delete,0,0,0.000000,enabled
1782984727.518,2026-07-02 09:32:07.519,ibuf_merges_discard_delete_mark,0,0,0.000000,enabled
1782984727.518,2026-07-02 09:32:07.519,ibuf_merges_discard_insert,0,0,0.000000,enabled
1782984727.518,2026-07-02 09:32:07.519,ibuf_merges_insert,0,0,0.000000,enabled
1782984727.518,2026-07-02 09:32:07.519,ibuf_size,1,1,0.000434,enabled
1782984727.518,2026-07-02 09:32:07.519,innodb_activity_count,17950144,17950144,7790.605024,enabled
1782984727.518,2026-07-02 09:32:07.519,innodb_dblwr_pages_written,25299298,25299298,10980.237073,enabled
1782984727.518,2026-07-02 09:32:07.519,innodb_dblwr_writes,518205,518205,224.907970,enabled
1782984727.518,2026-07-02 09:32:07.519,innodb_page_size,16384,16384,0.000000,enabled
1782984727.518,2026-07-02 09:32:07.519,innodb_rwlock_sx_os_waits,0,0,0.000000,enabled
1782984727.518,2026-07-02 09:32:07.519,innodb_rwlock_sx_spin_rounds,0,0,0.000000,enabled
1782984727.518,2026-07-02 09:32:07.519,innodb_rwlock_sx_spin_waits,0,0,0.000000,enabled
1782984727.518,2026-07-02 09:32:07.519,innodb_rwlock_s_os_waits,0,0,0.000000,enabled
1782984727.518,2026-07-02 09:32:07.519,innodb_rwlock_s_spin_rounds,0,0,0.000000,enabled
1782984727.518,2026-07-02 09:32:07.519,innodb_rwlock_s_spin_waits,0,0,0.000000,enabled
1782984727.518,2026-07-02 09:32:07.519,innodb_rwlock_x_os_waits,0,0,0.000000,enabled
1782984727.518,2026-07-02 09:32:07.519,innodb_rwlock_x_spin_rounds,0,0,0.000000,enabled
1782984727.518,2026-07-02 09:32:07.519,innodb_rwlock_x_spin_waits,0,0,0.000000,enabled
1782984727.518,2026-07-02 09:32:07.519,lock_deadlocks,0,0,0.000000,enabled
1782984727.518,2026-07-02 09:32:07.519,lock_deadlock_false_positives,0,0,0.000000,enabled
1782984727.518,2026-07-02 09:32:07.519,lock_deadlock_rounds,2541,2541,1.102829,enabled
1782984727.518,2026-07-02 09:32:07.519,lock_rec_grant_attempts,425,425,0.184456,enabled
1782984727.518,2026-07-02 09:32:07.519,lock_rec_release_attempts,39792735,39792735,17270.587894,enabled
1782984727.518,2026-07-02 09:32:07.519,lock_row_lock_current_waits,0,0,0.000000,enabled
1782984727.518,2026-07-02 09:32:07.519,lock_row_lock_time,323,323,0.140186,enabled
1782984727.518,2026-07-02 09:32:07.519,lock_row_lock_time_avg,0,0,0.000000,enabled
1782984727.518,2026-07-02 09:32:07.519,lock_row_lock_time_max,29,29,0.000000,enabled
1782984727.518,2026-07-02 09:32:07.519,lock_row_lock_waits,425,425,0.184456,enabled
1782984727.518,2026-07-02 09:32:07.519,lock_schedule_refreshes,2541,2541,1.102829,enabled
1782984727.518,2026-07-02 09:32:07.519,lock_threads_waiting,0,0,0.000000,enabled
1782984727.518,2026-07-02 09:32:07.519,lock_timeouts,0,0,0.000000,enabled
1782984727.518,2026-07-02 09:32:07.519,log_waits,0,0,0.000000,enabled
1782984727.518,2026-07-02 09:32:07.519,log_writes,198843132,198843132,86300.610302,enabled
1782984727.518,2026-07-02 09:32:07.519,log_write_requests,407262562,407262562,176757.463701,enabled
1782984727.518,2026-07-02 09:32:07.519,os_data_fsyncs,54888508,54888508,23822.356067,enabled
1782984727.518,2026-07-02 09:32:07.519,os_data_reads,75425579,75425579,32735.723164,enabled
1782984727.518,2026-07-02 09:32:07.519,os_data_writes,224986180,224986180,97647.050175,enabled
1782984727.518,2026-07-02 09:32:07.519,os_log_bytes_written,126407966208,126407966208,54862769.713471,enabled
1782984727.518,2026-07-02 09:32:07.519,os_log_fsyncs,48020764,48020764,20841.662070,enabled
1782984727.518,2026-07-02 09:32:07.519,os_log_pending_fsyncs,0,0,0.000000,enabled
1782984727.518,2026-07-02 09:32:07.519,os_log_pending_writes,0,0,0.000000,enabled
1782984727.518,2026-07-02 09:32:07.519,trx_rseg_history_len,210,210,0.000000,enabled
1782984728.587,2026-07-02 09:32:08.588,adaptive_hash_searches,0,0,0.000000,enabled
1782984728.587,2026-07-02 09:32:08.588,adaptive_hash_searches_btree,596422534,596422534,258735.364035,enabled
1782984728.587,2026-07-02 09:32:08.588,buffer_data_reads,1231798782464,1231798782464,534369395.306532,enabled
1782984728.587,2026-07-02 09:32:08.588,buffer_data_written,577728356864,577728356864,250625635.303875,enabled
1782984728.587,2026-07-02 09:32:08.588,buffer_pages0_read,7,7,0.003037,enabled
1782984728.587,2026-07-02 09:32:08.588,buffer_pages_created,1814212,1814212,787.027387,enabled
1782984728.587,2026-07-02 09:32:08.588,buffer_pages_read,75395457,75395457,32707.472525,enabled
1782984728.587,2026-07-02 09:32:08.588,buffer_pages_written,25374521,25374521,11007.777976,enabled
1782984728.587,2026-07-02 09:32:08.588,buffer_pool_bytes_data,12855296000,12855296000,0.000000,enabled
1782984728.587,2026-07-02 09:32:08.588,buffer_pool_bytes_dirty,4616388608,4616388608,0.000000,enabled
1782984728.587,2026-07-02 09:32:08.588,buffer_pool_pages_data,784624,784624,0.000000,enabled
1782984728.587,2026-07-02 09:32:08.588,buffer_pool_pages_dirty,281763,281763,0.000000,enabled
1782984728.587,2026-07-02 09:32:08.588,buffer_pool_pages_flushed,25317428,25317428,0.000000,enabled
1782984728.587,2026-07-02 09:32:08.588,buffer_pool_pages_free,1712,1712,0.000000,enabled
1782984728.587,2026-07-02 09:32:08.588,buffer_pool_pages_lru_flushed,0,0,0.000000,enabled
1782984728.587,2026-07-02 09:32:08.588,buffer_pool_pages_misc,97,97,0.000000,enabled
1782984728.587,2026-07-02 09:32:08.588,buffer_pool_pages_total,786432,786432,0.000000,enabled
1782984728.587,2026-07-02 09:32:08.588,buffer_pool_reads,74498793,74498793,32318.489768,enabled
1782984728.587,2026-07-02 09:32:08.588,buffer_pool_read_ahead,803715,803715,348.661417,enabled
1782984728.587,2026-07-02 09:32:08.588,buffer_pool_read_ahead_evicted,25,25,0.010845,enabled
1782984728.587,2026-07-02 09:32:08.588,buffer_pool_read_requests,2872499469,2872499469,1246125.480642,enabled
1782984728.587,2026-07-02 09:32:08.588,buffer_pool_size,12884901888,12884901888,0.000000,enabled
1782984728.587,2026-07-02 09:32:08.588,buffer_pool_wait_free,18945,18945,8.218573,enabled
1782984728.587,2026-07-02 09:32:08.588,buffer_pool_write_requests,604427586,604427586,262208.095565,enabled
1782984728.587,2026-07-02 09:32:08.588,dml_deletes,13096938,13096938,5681.611161,enabled
1782984728.587,2026-07-02 09:32:08.588,dml_inserts,112982343,112982343,49013.116017,enabled
1782984728.587,2026-07-02 09:32:08.588,dml_system_deletes,468,468,0.203024,enabled
1782984728.587,2026-07-02 09:32:08.588,dml_system_inserts,1202,1202,0.521442,enabled
1782984728.587,2026-07-02 09:32:08.588,dml_system_reads,7661,7661,3.323435,enabled
1782984728.587,2026-07-02 09:32:08.588,dml_system_updates,620,620,0.268964,enabled
1782984728.587,2026-07-02 09:32:08.588,dml_updates,26193996,26193996,11363.274367,enabled
1782984728.587,2026-07-02 09:32:08.588,file_num_open_files,35,35,0.000000,enabled
1782984728.587,2026-07-02 09:32:08.588,ibuf_merges,0,0,0.000000,enabled
1782984728.587,2026-07-02 09:32:08.588,ibuf_merges_delete,0,0,0.000000,enabled
1782984728.587,2026-07-02 09:32:08.588,ibuf_merges_delete_mark,0,0,0.000000,enabled
1782984728.587,2026-07-02 09:32:08.588,ibuf_merges_discard_delete,0,0,0.000000,enabled
1782984728.587,2026-07-02 09:32:08.588,ibuf_merges_discard_delete_mark,0,0,0.000000,enabled
1782984728.587,2026-07-02 09:32:08.588,ibuf_merges_discard_insert,0,0,0.000000,enabled
1782984728.587,2026-07-02 09:32:08.588,ibuf_merges_insert,0,0,0.000000,enabled
1782984728.587,2026-07-02 09:32:08.588,ibuf_size,1,1,0.000434,enabled
1782984728.587,2026-07-02 09:32:08.588,innodb_activity_count,17955736,17955736,7789.417013,enabled
1782984728.587,2026-07-02 09:32:08.588,innodb_dblwr_pages_written,25315247,25315247,10982.062466,enabled
1782984728.587,2026-07-02 09:32:08.588,innodb_dblwr_writes,518574,518574,224.963717,enabled
1782984728.587,2026-07-02 09:32:08.588,innodb_page_size,16384,16384,0.000000,enabled
1782984728.587,2026-07-02 09:32:08.588,innodb_rwlock_sx_os_waits,0,0,0.000000,enabled
1782984728.587,2026-07-02 09:32:08.588,innodb_rwlock_sx_spin_rounds,0,0,0.000000,enabled
1782984728.587,2026-07-02 09:32:08.588,innodb_rwlock_sx_spin_waits,0,0,0.000000,enabled
1782984728.587,2026-07-02 09:32:08.588,innodb_rwlock_s_os_waits,0,0,0.000000,enabled
1782984728.587,2026-07-02 09:32:08.588,innodb_rwlock_s_spin_rounds,0,0,0.000000,enabled
1782984728.587,2026-07-02 09:32:08.588,innodb_rwlock_s_spin_waits,0,0,0.000000,enabled
1782984728.587,2026-07-02 09:32:08.588,innodb_rwlock_x_os_waits,0,0,0.000000,enabled
1782984728.587,2026-07-02 09:32:08.588,innodb_rwlock_x_spin_rounds,0,0,0.000000,enabled
1782984728.587,2026-07-02 09:32:08.588,innodb_rwlock_x_spin_waits,0,0,0.000000,enabled
1782984728.587,2026-07-02 09:32:08.588,lock_deadlocks,0,0,0.000000,enabled
1782984728.587,2026-07-02 09:32:08.588,lock_deadlock_false_positives,0,0,0.000000,enabled
1782984728.587,2026-07-02 09:32:08.588,lock_deadlock_rounds,2542,2542,1.102751,enabled
1782984728.587,2026-07-02 09:32:08.588,lock_rec_grant_attempts,425,425,0.184370,enabled
1782984728.587,2026-07-02 09:32:08.588,lock_rec_release_attempts,39807498,39807498,17268.980897,enabled
1782984728.587,2026-07-02 09:32:08.588,lock_row_lock_current_waits,0,0,0.000000,enabled
1782984728.587,2026-07-02 09:32:08.588,lock_row_lock_time,323,323,0.140121,enabled
1782984728.587,2026-07-02 09:32:08.588,lock_row_lock_time_avg,0,0,0.000000,enabled
1782984728.587,2026-07-02 09:32:08.588,lock_row_lock_time_max,29,29,0.000000,enabled
1782984728.587,2026-07-02 09:32:08.588,lock_row_lock_waits,425,425,0.184370,enabled
1782984728.587,2026-07-02 09:32:08.588,lock_schedule_refreshes,2542,2542,1.102751,enabled
1782984728.587,2026-07-02 09:32:08.588,lock_threads_waiting,0,0,0.000000,enabled
1782984728.587,2026-07-02 09:32:08.588,lock_timeouts,0,0,0.000000,enabled
1782984728.587,2026-07-02 09:32:08.588,log_waits,0,0,0.000000,enabled
1782984728.587,2026-07-02 09:32:08.588,log_writes,198918756,198918756,86293.383528,enabled
1782984728.587,2026-07-02 09:32:08.588,log_write_requests,407345272,407345272,176711.349492,enabled
1782984728.587,2026-07-02 09:32:08.588,os_data_fsyncs,54920487,54920487,23825.178148,enabled
1782984728.587,2026-07-02 09:32:08.588,os_data_reads,75482792,75482792,32745.357295,enabled
1782984728.587,2026-07-02 09:32:08.588,os_data_writes,225078060,225078060,97641.611995,enabled
1782984728.587,2026-07-02 09:32:08.588,os_log_bytes_written,126447522304,126447522304,54854479.688855,enabled
1782984728.587,2026-07-02 09:32:08.588,os_log_fsyncs,48047922,48047922,20843.775435,enabled
1782984728.587,2026-07-02 09:32:08.588,os_log_pending_fsyncs,1,1,0.000434,enabled
1782984728.587,2026-07-02 09:32:08.588,os_log_pending_writes,0,0,0.000000,enabled
1782984728.587,2026-07-02 09:32:08.588,trx_rseg_history_len,273,273,0.000000,enabled
1782984729.656,2026-07-02 09:32:09.658,adaptive_hash_searches,0,0,0.000000,enabled
1782984729.656,2026-07-02 09:32:09.658,adaptive_hash_searches_btree,596589647,596589647,258687.869643,enabled
1782984729.656,2026-07-02 09:32:09.658,buffer_data_reads,1232728394240,1232728394240,534524727.685059,enabled
1782984729.656,2026-07-02 09:32:09.658,buffer_data_written,578034842112,578034842112,250642329.487337,enabled
1782984729.656,2026-07-02 09:32:09.658,buffer_pages0_read,7,7,0.003035,enabled
1782984729.656,2026-07-02 09:32:09.658,buffer_pages_created,1814239,1814239,786.674194,enabled
1782984729.656,2026-07-02 09:32:09.658,buffer_pages_read,75452368,75452368,32716.985133,enabled
1782984729.656,2026-07-02 09:32:09.658,buffer_pages_written,25390331,25390331,11009.529673,enabled
1782984729.656,2026-07-02 09:32:09.658,buffer_pool_bytes_data,12855410688,12855410688,0.000000,enabled
1782984729.656,2026-07-02 09:32:09.658,buffer_pool_bytes_dirty,4622712832,4622712832,0.000000,enabled
1782984729.656,2026-07-02 09:32:09.658,buffer_pool_pages_data,784632,784632,0.000000,enabled
1782984729.656,2026-07-02 09:32:09.658,buffer_pool_pages_dirty,282148,282148,0.000000,enabled
1782984729.656,2026-07-02 09:32:09.658,buffer_pool_pages_flushed,25333261,25333261,0.000000,enabled
1782984729.656,2026-07-02 09:32:09.658,buffer_pool_pages_free,1704,1704,0.000000,enabled
1782984729.656,2026-07-02 09:32:09.658,buffer_pool_pages_lru_flushed,0,0,0.000000,enabled
1782984729.656,2026-07-02 09:32:09.658,buffer_pool_pages_misc,96,96,0.000000,enabled
1782984729.656,2026-07-02 09:32:09.658,buffer_pool_pages_total,786432,786432,0.000000,enabled
1782984729.656,2026-07-02 09:32:09.658,buffer_pool_reads,74555633,74555633,32328.151943,enabled
1782984729.656,2026-07-02 09:32:09.658,buffer_pool_read_ahead,803715,803715,348.499762,enabled
1782984729.656,2026-07-02 09:32:09.658,buffer_pool_read_ahead_evicted,25,25,0.010840,enabled
1782984729.656,2026-07-02 09:32:09.658,buffer_pool_read_requests,2873327817,2873327817,1245906.902192,enabled
1782984729.656,2026-07-02 09:32:09.658,buffer_pool_size,12884901888,12884901888,0.000000,enabled
1782984729.656,2026-07-02 09:32:09.658,buffer_pool_wait_free,18945,18945,8.214763,enabled
1782984729.656,2026-07-02 09:32:09.658,buffer_pool_write_requests,604540030,604540030,262135.281296,enabled
1782984729.656,2026-07-02 09:32:09.658,dml_deletes,13101771,13101771,5681.072679,enabled
1782984729.656,2026-07-02 09:32:09.658,dml_inserts,112987178,112987178,48992.488920,enabled
1782984729.656,2026-07-02 09:32:09.658,dml_system_deletes,468,468,0.202930,enabled
1782984729.656,2026-07-02 09:32:09.658,dml_system_inserts,1202,1202,0.521200,enabled
1782984729.656,2026-07-02 09:32:09.658,dml_system_reads,7661,7661,3.321894,enabled
1782984729.656,2026-07-02 09:32:09.658,dml_system_updates,620,620,0.268839,enabled
1782984729.656,2026-07-02 09:32:09.658,dml_updates,26203664,26203664,11362.198247,enabled
1782984729.656,2026-07-02 09:32:09.658,file_num_open_files,35,35,0.000000,enabled
1782984729.656,2026-07-02 09:32:09.658,ibuf_merges,0,0,0.000000,enabled
1782984729.656,2026-07-02 09:32:09.658,ibuf_merges_delete,0,0,0.000000,enabled
1782984729.656,2026-07-02 09:32:09.658,ibuf_merges_delete_mark,0,0,0.000000,enabled
1782984729.656,2026-07-02 09:32:09.658,ibuf_merges_discard_delete,0,0,0.000000,enabled
1782984729.656,2026-07-02 09:32:09.658,ibuf_merges_discard_delete_mark,0,0,0.000000,enabled
1782984729.656,2026-07-02 09:32:09.658,ibuf_merges_discard_insert,0,0,0.000000,enabled
1782984729.656,2026-07-02 09:32:09.658,ibuf_merges_insert,0,0,0.000000,enabled
1782984729.656,2026-07-02 09:32:09.658,ibuf_size,1,1,0.000434,enabled
1782984729.656,2026-07-02 09:32:09.658,innodb_activity_count,17961290,17961290,7788.213923,enabled
1782984729.656,2026-07-02 09:32:09.658,innodb_dblwr_pages_written,25331080,25331080,10983.836282,enabled
1782984729.656,2026-07-02 09:32:09.658,innodb_dblwr_writes,518918,518918,225.008581,enabled
1782984729.656,2026-07-02 09:32:09.658,innodb_page_size,16384,16384,0.000000,enabled
1782984729.656,2026-07-02 09:32:09.658,innodb_rwlock_sx_os_waits,0,0,0.000000,enabled
1782984729.656,2026-07-02 09:32:09.658,innodb_rwlock_sx_spin_rounds,0,0,0.000000,enabled
1782984729.656,2026-07-02 09:32:09.658,innodb_rwlock_sx_spin_waits,0,0,0.000000,enabled
1782984729.656,2026-07-02 09:32:09.658,innodb_rwlock_s_os_waits,0,0,0.000000,enabled
1782984729.656,2026-07-02 09:32:09.658,innodb_rwlock_s_spin_rounds,0,0,0.000000,enabled
1782984729.656,2026-07-02 09:32:09.658,innodb_rwlock_s_spin_waits,0,0,0.000000,enabled
1782984729.656,2026-07-02 09:32:09.658,innodb_rwlock_x_os_waits,0,0,0.000000,enabled
1782984729.656,2026-07-02 09:32:09.658,innodb_rwlock_x_spin_rounds,0,0,0.000000,enabled
1782984729.656,2026-07-02 09:32:09.658,innodb_rwlock_x_spin_waits,0,0,0.000000,enabled
1782984729.656,2026-07-02 09:32:09.658,lock_deadlocks,0,0,0.000000,enabled
1782984729.656,2026-07-02 09:32:09.658,lock_deadlock_false_positives,0,0,0.000000,enabled
1782984729.656,2026-07-02 09:32:09.658,lock_deadlock_rounds,2543,2543,1.102673,enabled
1782984729.656,2026-07-02 09:32:09.658,lock_rec_grant_attempts,425,425,0.184285,enabled
1782984729.656,2026-07-02 09:32:09.658,lock_rec_release_attempts,39822180,39822180,17267.340473,enabled
1782984729.656,2026-07-02 09:32:09.658,lock_row_lock_current_waits,0,0,0.000000,enabled
1782984729.656,2026-07-02 09:32:09.658,lock_row_lock_time,323,323,0.140056,enabled
1782984729.656,2026-07-02 09:32:09.658,lock_row_lock_time_avg,0,0,0.000000,enabled
1782984729.656,2026-07-02 09:32:09.658,lock_row_lock_time_max,29,29,0.000000,enabled
1782984729.656,2026-07-02 09:32:09.658,lock_row_lock_waits,425,425,0.184285,enabled
1782984729.656,2026-07-02 09:32:09.658,lock_schedule_refreshes,2543,2543,1.102673,enabled
1782984729.656,2026-07-02 09:32:09.658,lock_threads_waiting,0,0,0.000000,enabled
1782984729.656,2026-07-02 09:32:09.658,lock_timeouts,0,0,0.000000,enabled
1782984729.656,2026-07-02 09:32:09.658,log_waits,0,0,0.000000,enabled
1782984729.656,2026-07-02 09:32:09.658,log_writes,198998209,198998209,86287.827065,enabled
1782984729.656,2026-07-02 09:32:09.658,log_write_requests,407427339,407427339,176665.006030,enabled
1782984729.656,2026-07-02 09:32:09.658,os_data_fsyncs,54953524,54953524,23828.457232,enabled
1782984729.656,2026-07-02 09:32:09.658,os_data_reads,75539522,75539522,32754.774229,enabled
1782984729.656,2026-07-02 09:32:09.658,os_data_writes,225173555,225173555,97637.749829,enabled
1782984729.656,2026-07-02 09:32:09.658,os_log_bytes_written,126489039360,126489039360,54847049.645346,enabled
1782984729.656,2026-07-02 09:32:09.658,os_log_fsyncs,48076324,48076324,20846.427016,enabled
1782984729.656,2026-07-02 09:32:09.658,os_log_pending_fsyncs,0,0,0.000000,enabled
1782984729.656,2026-07-02 09:32:09.658,os_log_pending_writes,0,0,0.000000,enabled
1782984729.656,2026-07-02 09:32:09.658,trx_rseg_history_len,285,285,0.000000,enabled
1782984730.726,2026-07-02 09:32:10.727,adaptive_hash_searches,0,0,0.000000,enabled
1782984730.726,2026-07-02 09:32:10.727,adaptive_hash_searches_btree,596756397,596756397,258640.506254,enabled
1782984730.726,2026-07-02 09:32:10.727,buffer_data_reads,1233655040512,1233655040512,534679144.523171,enabled
1782984730.726,2026-07-02 09:32:10.727,buffer_data_written,578347083776,578347083776,250661743.838463,enabled
1782984730.726,2026-07-02 09:32:10.727,buffer_pages0_read,7,7,0.003034,enabled
1782984730.726,2026-07-02 09:32:10.727,buffer_pages_created,1814280,1814280,786.328151,enabled
1782984730.726,2026-07-02 09:32:10.727,buffer_pages_read,75509068,75509068,32726.428891,enabled
1782984730.726,2026-07-02 09:32:10.727,buffer_pages_written,25406466,25406466,11011.431178,enabled
1782984730.726,2026-07-02 09:32:10.727,buffer_pool_bytes_data,12847300608,12847300608,0.000000,enabled
1782984730.726,2026-07-02 09:32:10.727,buffer_pool_bytes_dirty,4625088512,4625088512,0.000000,enabled
1782984730.726,2026-07-02 09:32:10.727,buffer_pool_pages_data,784137,784137,0.000000,enabled
1782984730.726,2026-07-02 09:32:10.727,buffer_pool_pages_dirty,282293,282293,0.000000,enabled
1782984730.726,2026-07-02 09:32:10.727,buffer_pool_pages_flushed,25349330,25349330,0.000000,enabled
1782984730.726,2026-07-02 09:32:10.727,buffer_pool_pages_free,2199,2199,0.000000,enabled
1782984730.726,2026-07-02 09:32:10.727,buffer_pool_pages_lru_flushed,0,0,0.000000,enabled
1782984730.726,2026-07-02 09:32:10.727,buffer_pool_pages_misc,96,96,0.000000,enabled
1782984730.726,2026-07-02 09:32:10.727,buffer_pool_pages_total,786432,786432,0.000000,enabled
1782984730.726,2026-07-02 09:32:10.727,buffer_pool_reads,74612262,74612262,32337.744832,enabled
1782984730.726,2026-07-02 09:32:10.727,buffer_pool_read_ahead,803715,803715,348.338592,enabled
1782984730.726,2026-07-02 09:32:10.727,buffer_pool_read_ahead_evicted,25,25,0.010835,enabled
1782984730.726,2026-07-02 09:32:10.727,buffer_pool_read_requests,2874154708,2874154708,1245689.094486,enabled
1782984730.726,2026-07-02 09:32:10.727,buffer_pool_size,12884901888,12884901888,0.000000,enabled
1782984730.726,2026-07-02 09:32:10.727,buffer_pool_wait_free,18945,18945,8.210964,enabled
1782984730.726,2026-07-02 09:32:10.727,buffer_pool_write_requests,604652933,604652933,262062.985588,enabled
1782984730.726,2026-07-02 09:32:10.727,dml_deletes,13106585,13106585,5680.531810,enabled
1782984730.726,2026-07-02 09:32:10.727,dml_inserts,112991992,112991992,48971.917963,enabled
1782984730.726,2026-07-02 09:32:10.727,dml_system_deletes,468,468,0.202836,enabled
1782984730.726,2026-07-02 09:32:10.727,dml_system_inserts,1202,1202,0.520959,enabled
1782984730.726,2026-07-02 09:32:10.727,dml_system_reads,7661,7661,3.320358,enabled
1782984730.726,2026-07-02 09:32:10.727,dml_system_updates,620,620,0.268715,enabled
1782984730.726,2026-07-02 09:32:10.727,dml_updates,26213293,26213293,11361.116920,enabled
1782984730.726,2026-07-02 09:32:10.727,file_num_open_files,35,35,0.000000,enabled
1782984730.726,2026-07-02 09:32:10.727,ibuf_merges,0,0,0.000000,enabled
1782984730.726,2026-07-02 09:32:10.727,ibuf_merges_delete,0,0,0.000000,enabled
1782984730.726,2026-07-02 09:32:10.727,ibuf_merges_delete_mark,0,0,0.000000,enabled
1782984730.726,2026-07-02 09:32:10.727,ibuf_merges_discard_delete,0,0,0.000000,enabled
1782984730.726,2026-07-02 09:32:10.727,ibuf_merges_discard_delete_mark,0,0,0.000000,enabled
1782984730.726,2026-07-02 09:32:10.727,ibuf_merges_discard_insert,0,0,0.000000,enabled
1782984730.726,2026-07-02 09:32:10.727,ibuf_merges_insert,0,0,0.000000,enabled
1782984730.726,2026-07-02 09:32:10.727,ibuf_size,1,1,0.000433,enabled
1782984730.726,2026-07-02 09:32:10.727,innodb_activity_count,17966818,17966818,7787.008027,enabled
1782984730.726,2026-07-02 09:32:10.727,innodb_dblwr_pages_written,25347226,25347226,10985.754473,enabled
1782984730.726,2026-07-02 09:32:10.727,innodb_dblwr_writes,519276,519276,225.059683,enabled
1782984730.726,2026-07-02 09:32:10.727,innodb_page_size,16384,16384,0.000000,enabled
1782984730.726,2026-07-02 09:32:10.727,innodb_rwlock_sx_os_waits,0,0,0.000000,enabled
1782984730.726,2026-07-02 09:32:10.727,innodb_rwlock_sx_spin_rounds,0,0,0.000000,enabled
1782984730.726,2026-07-02 09:32:10.727,innodb_rwlock_sx_spin_waits,0,0,0.000000,enabled
1782984730.726,2026-07-02 09:32:10.727,innodb_rwlock_s_os_waits,0,0,0.000000,enabled
1782984730.726,2026-07-02 09:32:10.727,innodb_rwlock_s_spin_rounds,0,0,0.000000,enabled
1782984730.726,2026-07-02 09:32:10.727,innodb_rwlock_s_spin_waits,0,0,0.000000,enabled
1782984730.726,2026-07-02 09:32:10.727,innodb_rwlock_x_os_waits,0,0,0.000000,enabled
1782984730.726,2026-07-02 09:32:10.727,innodb_rwlock_x_spin_rounds,0,0,0.000000,enabled
1782984730.726,2026-07-02 09:32:10.727,innodb_rwlock_x_spin_waits,0,0,0.000000,enabled
1782984730.726,2026-07-02 09:32:10.727,lock_deadlocks,0,0,0.000000,enabled
1782984730.726,2026-07-02 09:32:10.727,lock_deadlock_false_positives,0,0,0.000000,enabled
1782984730.726,2026-07-02 09:32:10.727,lock_deadlock_rounds,2544,2544,1.102597,enabled
1782984730.726,2026-07-02 09:32:10.727,lock_rec_grant_attempts,425,425,0.184200,enabled
1782984730.726,2026-07-02 09:32:10.727,lock_rec_release_attempts,39836807,39836807,17265.694408,enabled
1782984730.726,2026-07-02 09:32:10.727,lock_row_lock_current_waits,0,0,0.000000,enabled
1782984730.726,2026-07-02 09:32:10.727,lock_row_lock_time,323,323,0.139992,enabled
1782984730.726,2026-07-02 09:32:10.727,lock_row_lock_time_avg,0,0,0.000000,enabled
1782984730.726,2026-07-02 09:32:10.727,lock_row_lock_time_max,29,29,0.000000,enabled
1782984730.726,2026-07-02 09:32:10.727,lock_row_lock_waits,425,425,0.184200,enabled
1782984730.726,2026-07-02 09:32:10.727,lock_schedule_refreshes,2544,2544,1.102597,enabled
1782984730.726,2026-07-02 09:32:10.727,lock_threads_waiting,0,0,0.000000,enabled
1782984730.726,2026-07-02 09:32:10.727,lock_timeouts,0,0,0.000000,enabled
1782984730.726,2026-07-02 09:32:10.727,log_waits,0,0,0.000000,enabled
1782984730.726,2026-07-02 09:32:10.727,log_writes,199077457,199077457,86282.268540,enabled
1782984730.726,2026-07-02 09:32:10.727,log_write_requests,407509308,407509308,176618.830146,enabled
1782984730.726,2026-07-02 09:32:10.727,os_data_fsyncs,54986784,54986784,23831.852483,enabled
1782984730.726,2026-07-02 09:32:10.727,os_data_reads,75596066,75596066,32764.132847,enabled
1782984730.726,2026-07-02 09:32:10.727,os_data_writes,225269227,225269227,97634.060403,enabled
1782984730.726,2026-07-02 09:32:10.727,os_log_bytes_written,126530643456,126530643456,54839716.117767,enabled
1782984730.726,2026-07-02 09:32:10.727,os_log_fsyncs,48104837,48104837,20849.143980,enabled
1782984730.726,2026-07-02 09:32:10.727,os_log_pending_fsyncs,1,1,0.000433,enabled
1782984730.726,2026-07-02 09:32:10.727,os_log_pending_writes,1,1,0.000433,enabled
1782984730.726,2026-07-02 09:32:10.727,trx_rseg_history_len,210,210,0.000000,enabled
1782984731.793,2026-07-02 09:32:11.794,adaptive_hash_searches,0,0,0.000000,enabled
1782984731.793,2026-07-02 09:32:11.794,adaptive_hash_searches_btree,596924042,596924042,258593.117082,enabled
1782984731.793,2026-07-02 09:32:11.794,buffer_data_reads,1234584226304,1234584226304,534833583.395682,enabled
1782984731.793,2026-07-02 09:32:11.794,buffer_data_written,578655632384,578655632384,250679102.001897,enabled
1782984731.793,2026-07-02 09:32:11.794,buffer_pages0_read,7,7,0.003032,enabled
1782984731.793,2026-07-02 09:32:11.794,buffer_pages_created,1814318,1814318,785.979753,enabled
1782984731.793,2026-07-02 09:32:11.794,buffer_pages_read,75565915,75565915,32735.870366,enabled
1782984731.793,2026-07-02 09:32:11.794,buffer_pages_written,25422405,25422405,11013.226758,enabled
1782984731.793,2026-07-02 09:32:11.794,buffer_pool_bytes_data,12850855936,12850855936,0.000000,enabled
1782984731.793,2026-07-02 09:32:11.794,buffer_pool_bytes_dirty,4630626304,4630626304,0.000000,enabled
1782984731.793,2026-07-02 09:32:11.794,buffer_pool_pages_data,784354,784354,0.000000,enabled
1782984731.793,2026-07-02 09:32:11.794,buffer_pool_pages_dirty,282631,282631,0.000000,enabled
1782984731.793,2026-07-02 09:32:11.794,buffer_pool_pages_flushed,25365335,25365335,0.000000,enabled
1782984731.793,2026-07-02 09:32:11.794,buffer_pool_pages_free,1979,1979,0.000000,enabled
1782984731.793,2026-07-02 09:32:11.794,buffer_pool_pages_lru_flushed,0,0,0.000000,enabled
1782984731.793,2026-07-02 09:32:11.794,buffer_pool_pages_misc,96,96,0.000000,enabled
1782984731.793,2026-07-02 09:32:11.794,buffer_pool_pages_total,786432,786432,0.000000,enabled
1782984731.793,2026-07-02 09:32:11.794,buffer_pool_reads,74669052,74669052,32347.341933,enabled
1782984731.793,2026-07-02 09:32:11.794,buffer_pool_read_ahead,803715,803715,348.176962,enabled
1782984731.793,2026-07-02 09:32:11.794,buffer_pool_read_ahead_evicted,25,25,0.010830,enabled
1782984731.793,2026-07-02 09:32:11.794,buffer_pool_read_requests,2874985399,2874985399,1245470.951391,enabled
1782984731.793,2026-07-02 09:32:11.794,buffer_pool_size,12884901888,12884901888,0.000000,enabled
1782984731.793,2026-07-02 09:32:11.794,buffer_pool_wait_free,18945,18945,8.207154,enabled
1782984731.793,2026-07-02 09:32:11.794,buffer_pool_write_requests,604766449,604766449,261990.563260,enabled
1782984731.793,2026-07-02 09:32:11.794,dml_deletes,13111429,13111429,5679.994369,enabled
1782984731.793,2026-07-02 09:32:11.794,dml_inserts,112996835,112996835,48951.291814,enabled
1782984731.793,2026-07-02 09:32:11.794,dml_system_deletes,468,468,0.202742,enabled
1782984731.793,2026-07-02 09:32:11.794,dml_system_inserts,1202,1202,0.520718,enabled
1782984731.793,2026-07-02 09:32:11.794,dml_system_reads,7661,7661,3.318817,enabled
1782984731.793,2026-07-02 09:32:11.794,dml_system_updates,620,620,0.268590,enabled
1782984731.793,2026-07-02 09:32:11.794,dml_updates,26222982,26222982,11360.042447,enabled
1782984731.793,2026-07-02 09:32:11.794,file_num_open_files,35,35,0.000000,enabled
1782984731.793,2026-07-02 09:32:11.794,ibuf_merges,0,0,0.000000,enabled
1782984731.793,2026-07-02 09:32:11.794,ibuf_merges_delete,0,0,0.000000,enabled
1782984731.793,2026-07-02 09:32:11.794,ibuf_merges_delete_mark,0,0,0.000000,enabled
1782984731.793,2026-07-02 09:32:11.794,ibuf_merges_discard_delete,0,0,0.000000,enabled
1782984731.793,2026-07-02 09:32:11.794,ibuf_merges_discard_delete_mark,0,0,0.000000,enabled
1782984731.793,2026-07-02 09:32:11.794,ibuf_merges_discard_insert,0,0,0.000000,enabled
1782984731.793,2026-07-02 09:32:11.794,ibuf_merges_insert,0,0,0.000000,enabled
1782984731.793,2026-07-02 09:32:11.794,ibuf_size,1,1,0.000433,enabled
1782984731.793,2026-07-02 09:32:11.794,innodb_activity_count,17972377,17972377,7785.802889,enabled
1782984731.793,2026-07-02 09:32:11.794,innodb_dblwr_pages_written,25363154,25363154,10987.556983,enabled
1782984731.793,2026-07-02 09:32:11.794,innodb_dblwr_writes,519631,519631,225.109039,enabled
1782984731.793,2026-07-02 09:32:11.794,innodb_page_size,16384,16384,0.000000,enabled
1782984731.793,2026-07-02 09:32:11.794,innodb_rwlock_sx_os_waits,0,0,0.000000,enabled
1782984731.793,2026-07-02 09:32:11.794,innodb_rwlock_sx_spin_rounds,0,0,0.000000,enabled
1782984731.793,2026-07-02 09:32:11.794,innodb_rwlock_sx_spin_waits,0,0,0.000000,enabled
1782984731.793,2026-07-02 09:32:11.794,innodb_rwlock_s_os_waits,0,0,0.000000,enabled
1782984731.793,2026-07-02 09:32:11.794,innodb_rwlock_s_spin_rounds,0,0,0.000000,enabled
1782984731.793,2026-07-02 09:32:11.794,innodb_rwlock_s_spin_waits,0,0,0.000000,enabled
1782984731.793,2026-07-02 09:32:11.794,innodb_rwlock_x_os_waits,0,0,0.000000,enabled
1782984731.793,2026-07-02 09:32:11.794,innodb_rwlock_x_spin_rounds,0,0,0.000000,enabled
1782984731.793,2026-07-02 09:32:11.794,innodb_rwlock_x_spin_waits,0,0,0.000000,enabled
1782984731.793,2026-07-02 09:32:11.794,lock_deadlocks,0,0,0.000000,enabled
1782984731.793,2026-07-02 09:32:11.794,lock_deadlock_false_positives,0,0,0.000000,enabled
1782984731.793,2026-07-02 09:32:11.794,lock_deadlock_rounds,2545,2545,1.102518,enabled
1782984731.793,2026-07-02 09:32:11.794,lock_rec_grant_attempts,425,425,0.184114,enabled
1782984731.793,2026-07-02 09:32:11.794,lock_rec_release_attempts,39851543,39851543,17264.066826,enabled
1782984731.793,2026-07-02 09:32:11.794,lock_row_lock_current_waits,0,0,0.000000,enabled
1782984731.793,2026-07-02 09:32:11.794,lock_row_lock_time,323,323,0.139927,enabled
1782984731.793,2026-07-02 09:32:11.794,lock_row_lock_time_avg,0,0,0.000000,enabled
1782984731.793,2026-07-02 09:32:11.794,lock_row_lock_time_max,29,29,0.000000,enabled
1782984731.793,2026-07-02 09:32:11.794,lock_row_lock_waits,425,425,0.184114,enabled
1782984731.793,2026-07-02 09:32:11.794,lock_schedule_refreshes,2545,2545,1.102518,enabled
1782984731.793,2026-07-02 09:32:11.794,lock_threads_waiting,0,0,0.000000,enabled
1782984731.793,2026-07-02 09:32:11.794,lock_timeouts,0,0,0.000000,enabled
1782984731.793,2026-07-02 09:32:11.794,log_waits,0,0,0.000000,enabled
1782984731.793,2026-07-02 09:32:11.794,log_writes,199156628,199156628,86276.529883,enabled
1782984731.793,2026-07-02 09:32:11.794,log_write_requests,407591604,407591604,176572.527763,enabled
1782984731.793,2026-07-02 09:32:11.794,os_data_fsyncs,55020057,55020057,23835.208456,enabled
1782984731.793,2026-07-02 09:32:11.794,os_data_reads,75652745,75652745,32773.483862,enabled
1782984731.793,2026-07-02 09:32:11.794,os_data_writes,225364588,225364588,97630.068585,enabled
1782984731.793,2026-07-02 09:32:11.794,os_log_bytes_written,126572023296,126572023296,54832196.086093,enabled
1782984731.793,2026-07-02 09:32:11.794,os_log_fsyncs,48133221,48133221,20851.765986,enabled
1782984731.793,2026-07-02 09:32:11.794,os_log_pending_fsyncs,1,1,0.000433,enabled
1782984731.793,2026-07-02 09:32:11.794,os_log_pending_writes,0,0,0.000000,enabled
1782984731.793,2026-07-02 09:32:11.794,trx_rseg_history_len,207,207,0.000000,enabled
1782984732.864,2026-07-02 09:32:12.865,adaptive_hash_searches,0,0,0.000000,enabled
1782984732.864,2026-07-02 09:32:12.865,adaptive_hash_searches_btree,597091642,597091642,258545.725129,enabled
1782984732.864,2026-07-02 09:32:12.865,buffer_data_reads,1235511953920,1235511953920,534987175.572422,enabled
1782984732.864,2026-07-02 09:32:12.865,buffer_data_written,578964380160,578964380160,250696496.512313,enabled
1782984732.864,2026-07-02 09:32:12.865,buffer_pages0_read,7,7,0.003031,enabled
1782984732.864,2026-07-02 09:32:12.865,buffer_pages_created,1814355,1814355,785.631140,enabled
1782984732.864,2026-07-02 09:32:12.865,buffer_pages_read,75622699,75622699,32745.271376,enabled
1782984732.864,2026-07-02 09:32:12.865,buffer_pages_written,25438337,25438337,11015.016155,enabled
1782984732.864,2026-07-02 09:32:12.865,buffer_pool_bytes_data,12852756480,12852756480,0.000000,enabled
1782984732.864,2026-07-02 09:32:12.865,buffer_pool_bytes_dirty,4634918912,4634918912,0.000000,enabled
1782984732.864,2026-07-02 09:32:12.865,buffer_pool_pages_data,784470,784470,0.000000,enabled
1782984732.864,2026-07-02 09:32:12.865,buffer_pool_pages_dirty,282893,282893,0.000000,enabled
1782984732.864,2026-07-02 09:32:12.865,buffer_pool_pages_flushed,25381267,25381267,0.000000,enabled
1782984732.864,2026-07-02 09:32:12.865,buffer_pool_pages_free,1866,1866,0.000000,enabled
1782984732.864,2026-07-02 09:32:12.865,buffer_pool_pages_lru_flushed,0,0,0.000000,enabled
1782984732.864,2026-07-02 09:32:12.865,buffer_pool_pages_misc,96,96,0.000000,enabled
1782984732.864,2026-07-02 09:32:12.865,buffer_pool_pages_total,786432,786432,0.000000,enabled
1782984732.864,2026-07-02 09:32:12.865,buffer_pool_reads,74725775,74725775,32356.896726,enabled
1782984732.864,2026-07-02 09:32:12.865,buffer_pool_read_ahead,803715,803715,348.015434,enabled
1782984732.864,2026-07-02 09:32:12.865,buffer_pool_read_ahead_evicted,25,25,0.010825,enabled
1782984732.864,2026-07-02 09:32:12.865,buffer_pool_read_requests,2875815738,2875815738,1245252.690411,enabled
1782984732.864,2026-07-02 09:32:12.865,buffer_pool_size,12884901888,12884901888,0.000000,enabled
1782984732.864,2026-07-02 09:32:12.865,buffer_pool_wait_free,18945,18945,8.203346,enabled
1782984732.864,2026-07-02 09:32:12.865,buffer_pool_write_requests,604879497,604879497,261917.970120,enabled
1782984732.864,2026-07-02 09:32:12.865,dml_deletes,13116268,13116268,5679.454699,enabled
1782984732.864,2026-07-02 09:32:12.865,dml_inserts,113001673,113001673,48930.677791,enabled
1782984732.864,2026-07-02 09:32:12.865,dml_system_deletes,468,468,0.202648,enabled
1782984732.864,2026-07-02 09:32:12.865,dml_system_inserts,1202,1202,0.520476,enabled
1782984732.864,2026-07-02 09:32:12.865,dml_system_reads,7661,7661,3.317278,enabled
1782984732.864,2026-07-02 09:32:12.865,dml_system_updates,620,620,0.268465,enabled
1782984732.864,2026-07-02 09:32:12.865,dml_updates,26232659,26232659,11358.962648,enabled
1782984732.864,2026-07-02 09:32:12.865,file_num_open_files,35,35,0.000000,enabled
1782984732.864,2026-07-02 09:32:12.865,ibuf_merges,0,0,0.000000,enabled
1782984732.864,2026-07-02 09:32:12.865,ibuf_merges_delete,0,0,0.000000,enabled
1782984732.864,2026-07-02 09:32:12.865,ibuf_merges_delete_mark,0,0,0.000000,enabled
1782984732.864,2026-07-02 09:32:12.865,ibuf_merges_discard_delete,0,0,0.000000,enabled
1782984732.864,2026-07-02 09:32:12.865,ibuf_merges_discard_delete_mark,0,0,0.000000,enabled
1782984732.864,2026-07-02 09:32:12.865,ibuf_merges_discard_insert,0,0,0.000000,enabled
1782984732.864,2026-07-02 09:32:12.865,ibuf_merges_insert,0,0,0.000000,enabled
1782984732.864,2026-07-02 09:32:12.865,ibuf_size,1,1,0.000433,enabled
1782984732.864,2026-07-02 09:32:12.865,innodb_activity_count,17977942,17977942,7784.600673,enabled
1782984732.864,2026-07-02 09:32:12.865,innodb_dblwr_pages_written,25379086,25379086,10989.358447,enabled
1782984732.864,2026-07-02 09:32:12.865,innodb_dblwr_writes,519983,519983,225.157028,enabled
1782984732.864,2026-07-02 09:32:12.865,innodb_page_size,16384,16384,0.000000,enabled
1782984732.864,2026-07-02 09:32:12.865,innodb_rwlock_sx_os_waits,0,0,0.000000,enabled
1782984732.864,2026-07-02 09:32:12.865,innodb_rwlock_sx_spin_rounds,0,0,0.000000,enabled
1782984732.864,2026-07-02 09:32:12.865,innodb_rwlock_sx_spin_waits,0,0,0.000000,enabled
1782984732.864,2026-07-02 09:32:12.865,innodb_rwlock_s_os_waits,0,0,0.000000,enabled
1782984732.864,2026-07-02 09:32:12.865,innodb_rwlock_s_spin_rounds,0,0,0.000000,enabled
1782984732.864,2026-07-02 09:32:12.865,innodb_rwlock_s_spin_waits,0,0,0.000000,enabled
1782984732.864,2026-07-02 09:32:12.865,innodb_rwlock_x_os_waits,0,0,0.000000,enabled
1782984732.864,2026-07-02 09:32:12.865,innodb_rwlock_x_spin_rounds,0,0,0.000000,enabled
1782984732.864,2026-07-02 09:32:12.865,innodb_rwlock_x_spin_waits,0,0,0.000000,enabled
1782984732.864,2026-07-02 09:32:12.865,lock_deadlocks,0,0,0.000000,enabled
1782984732.864,2026-07-02 09:32:12.865,lock_deadlock_false_positives,0,0,0.000000,enabled
1782984732.864,2026-07-02 09:32:12.865,lock_deadlock_rounds,2546,2546,1.102440,enabled
1782984732.864,2026-07-02 09:32:12.865,lock_rec_grant_attempts,425,425,0.184029,enabled
1782984732.864,2026-07-02 09:32:12.865,lock_rec_release_attempts,39866276,39866276,17262.437081,enabled
1782984732.864,2026-07-02 09:32:12.865,lock_row_lock_current_waits,0,0,0.000000,enabled
1782984732.864,2026-07-02 09:32:12.865,lock_row_lock_time,323,323,0.139862,enabled
1782984732.864,2026-07-02 09:32:12.865,lock_row_lock_time_avg,0,0,0.000000,enabled
1782984732.864,2026-07-02 09:32:12.865,lock_row_lock_time_max,29,29,0.000000,enabled
1782984732.864,2026-07-02 09:32:12.865,lock_row_lock_waits,425,425,0.184029,enabled
1782984732.864,2026-07-02 09:32:12.865,lock_schedule_refreshes,2546,2546,1.102440,enabled
1782984732.864,2026-07-02 09:32:12.865,lock_threads_waiting,0,0,0.000000,enabled
1782984732.864,2026-07-02 09:32:12.865,lock_timeouts,0,0,0.000000,enabled
1782984732.864,2026-07-02 09:32:12.865,log_waits,0,0,0.000000,enabled
1782984732.864,2026-07-02 09:32:12.865,log_writes,199235942,199235942,86270.848942,enabled
1782984732.864,2026-07-02 09:32:12.865,log_write_requests,407673909,407673909,176526.252699,enabled
1782984732.864,2026-07-02 09:32:12.865,os_data_fsyncs,55053441,55053441,23838.606493,enabled
1782984732.864,2026-07-02 09:32:12.865,os_data_reads,75709375,75709375,32782.801014,enabled
1782984732.864,2026-07-02 09:32:12.865,os_data_writes,225460116,225460116,97626.140920,enabled
1782984732.864,2026-07-02 09:32:12.865,os_log_bytes_written,126613733888,126613733888,54824819.643593,enabled
1782984732.864,2026-07-02 09:32:12.865,os_log_fsyncs,48161705,48161705,20854.426352,enabled
1782984732.864,2026-07-02 09:32:12.865,os_log_pending_fsyncs,1,1,0.000433,enabled
1782984732.864,2026-07-02 09:32:12.865,os_log_pending_writes,0,0,0.000000,enabled
1782984732.864,2026-07-02 09:32:12.865,trx_rseg_history_len,238,238,0.000000,enabled
1782984733.936,2026-07-02 09:32:13.937,adaptive_hash_searches,0,0,0.000000,enabled
1782984733.936,2026-07-02 09:32:13.937,adaptive_hash_searches_btree,597259115,597259115,258498.187306,enabled
1782984733.936,2026-07-02 09:32:13.937,buffer_data_reads,1236444744192,1236444744192,535142552.555460,enabled
1782984733.936,2026-07-02 09:32:13.937,buffer_data_written,579272242688,579272242688,250713368.059028,enabled
1782984733.936,2026-07-02 09:32:13.937,buffer_pages0_read,7,7,0.003030,enabled
1782984733.936,2026-07-02 09:32:13.937,buffer_pages_created,1814388,1814388,785.280732,enabled
1782984733.936,2026-07-02 09:32:13.937,buffer_pages_read,75679786,75679786,32754.778665,enabled
1782984733.936,2026-07-02 09:32:13.937,buffer_pages_written,25454236,25454236,11016.784177,enabled
1782984733.936,2026-07-02 09:32:13.937,buffer_pool_bytes_data,12858507264,12858507264,0.000000,enabled
1782984733.936,2026-07-02 09:32:13.937,buffer_pool_bytes_dirty,4642177024,4642177024,0.000000,enabled
1782984733.936,2026-07-02 09:32:13.937,buffer_pool_pages_data,784821,784821,0.000000,enabled
1782984733.936,2026-07-02 09:32:13.937,buffer_pool_pages_dirty,283336,283336,0.000000,enabled
1782984733.936,2026-07-02 09:32:13.937,buffer_pool_pages_flushed,25397166,25397166,0.000000,enabled
1782984733.936,2026-07-02 09:32:13.937,buffer_pool_pages_free,1515,1515,0.000000,enabled
1782984733.936,2026-07-02 09:32:13.937,buffer_pool_pages_lru_flushed,0,0,0.000000,enabled
1782984733.936,2026-07-02 09:32:13.937,buffer_pool_pages_misc,96,96,0.000000,enabled
1782984733.936,2026-07-02 09:32:13.937,buffer_pool_pages_total,786432,786432,0.000000,enabled
1782984733.936,2026-07-02 09:32:13.937,buffer_pool_reads,74782814,74782814,32366.563524,enabled
1782984733.936,2026-07-02 09:32:13.937,buffer_pool_read_ahead,803715,803715,347.853885,enabled
1782984733.936,2026-07-02 09:32:13.937,buffer_pool_read_ahead_evicted,25,25,0.010820,enabled
1782984733.936,2026-07-02 09:32:13.937,buffer_pool_read_requests,2876645833,2876645833,1245033.914464,enabled
1782984733.936,2026-07-02 09:32:13.937,buffer_pool_size,12884901888,12884901888,0.000000,enabled
1782984733.936,2026-07-02 09:32:13.937,buffer_pool_wait_free,18945,18945,8.199538,enabled
1782984733.936,2026-07-02 09:32:13.937,buffer_pool_write_requests,604992123,604992123,261845.132939,enabled
1782984733.936,2026-07-02 09:32:13.937,dml_deletes,13121108,13121108,5678.912973,enabled
1782984733.936,2026-07-02 09:32:13.937,dml_inserts,113006515,113006515,48910.058866,enabled
1782984733.936,2026-07-02 09:32:13.937,dml_system_deletes,468,468,0.202554,enabled
1782984733.936,2026-07-02 09:32:13.937,dml_system_inserts,1202,1202,0.520235,enabled
1782984733.936,2026-07-02 09:32:13.937,dml_system_reads,7661,7661,3.315738,enabled
1782984733.936,2026-07-02 09:32:13.937,dml_system_updates,620,620,0.268341,enabled
1782984733.936,2026-07-02 09:32:13.937,dml_updates,26242333,26242333,11357.876573,enabled
1782984733.936,2026-07-02 09:32:13.937,file_num_open_files,35,35,0.000000,enabled
1782984733.936,2026-07-02 09:32:13.937,ibuf_merges,0,0,0.000000,enabled
1782984733.936,2026-07-02 09:32:13.937,ibuf_merges_delete,0,0,0.000000,enabled
1782984733.936,2026-07-02 09:32:13.937,ibuf_merges_delete_mark,0,0,0.000000,enabled
1782984733.936,2026-07-02 09:32:13.937,ibuf_merges_discard_delete,0,0,0.000000,enabled
1782984733.936,2026-07-02 09:32:13.937,ibuf_merges_discard_delete_mark,0,0,0.000000,enabled
1782984733.936,2026-07-02 09:32:13.937,ibuf_merges_discard_insert,0,0,0.000000,enabled
1782984733.936,2026-07-02 09:32:13.937,ibuf_merges_insert,0,0,0.000000,enabled
1782984733.936,2026-07-02 09:32:13.937,ibuf_size,1,1,0.000433,enabled
1782984733.936,2026-07-02 09:32:13.937,innodb_activity_count,17983501,17983501,7783.392896,enabled
1782984733.936,2026-07-02 09:32:13.937,innodb_dblwr_pages_written,25394985,25394985,10991.138181,enabled
1782984733.936,2026-07-02 09:32:13.937,innodb_dblwr_writes,520358,520358,225.214809,enabled
1782984733.936,2026-07-02 09:32:13.937,innodb_page_size,16384,16384,0.000000,enabled
1782984733.936,2026-07-02 09:32:13.937,innodb_rwlock_sx_os_waits,0,0,0.000000,enabled
1782984733.936,2026-07-02 09:32:13.937,innodb_rwlock_sx_spin_rounds,0,0,0.000000,enabled
1782984733.936,2026-07-02 09:32:13.937,innodb_rwlock_sx_spin_waits,0,0,0.000000,enabled
1782984733.936,2026-07-02 09:32:13.937,innodb_rwlock_s_os_waits,0,0,0.000000,enabled
1782984733.936,2026-07-02 09:32:13.937,innodb_rwlock_s_spin_rounds,0,0,0.000000,enabled
1782984733.936,2026-07-02 09:32:13.937,innodb_rwlock_s_spin_waits,0,0,0.000000,enabled
1782984733.936,2026-07-02 09:32:13.937,innodb_rwlock_x_os_waits,0,0,0.000000,enabled
1782984733.936,2026-07-02 09:32:13.937,innodb_rwlock_x_spin_rounds,0,0,0.000000,enabled
1782984733.936,2026-07-02 09:32:13.937,innodb_rwlock_x_spin_waits,0,0,0.000000,enabled
1782984733.936,2026-07-02 09:32:13.937,lock_deadlocks,0,0,0.000000,enabled
1782984733.936,2026-07-02 09:32:13.937,lock_deadlock_false_positives,0,0,0.000000,enabled
1782984733.936,2026-07-02 09:32:13.937,lock_deadlock_rounds,2547,2547,1.102361,enabled
1782984733.936,2026-07-02 09:32:13.937,lock_rec_grant_attempts,425,425,0.183943,enabled
1782984733.936,2026-07-02 09:32:13.937,lock_rec_release_attempts,39880988,39880988,17260.791345,enabled
1782984733.936,2026-07-02 09:32:13.937,lock_row_lock_current_waits,0,0,0.000000,enabled
1782984733.936,2026-07-02 09:32:13.937,lock_row_lock_time,323,323,0.139797,enabled
1782984733.936,2026-07-02 09:32:13.937,lock_row_lock_time_avg,0,0,0.000000,enabled
1782984733.936,2026-07-02 09:32:13.937,lock_row_lock_time_max,29,29,0.000000,enabled
1782984733.936,2026-07-02 09:32:13.937,lock_row_lock_waits,425,425,0.183943,enabled
1782984733.936,2026-07-02 09:32:13.937,lock_schedule_refreshes,2547,2547,1.102361,enabled
1782984733.936,2026-07-02 09:32:13.937,lock_threads_waiting,0,0,0.000000,enabled
1782984733.936,2026-07-02 09:32:13.937,lock_timeouts,0,0,0.000000,enabled
1782984733.936,2026-07-02 09:32:13.937,log_waits,0,0,0.000000,enabled
1782984733.936,2026-07-02 09:32:13.937,log_writes,199315308,199315308,86265.150812,enabled
1782984733.936,2026-07-02 09:32:13.937,log_write_requests,407756137,407756137,176479.895244,enabled
1782984733.936,2026-07-02 09:32:13.937,os_data_fsyncs,55086772,55086772,23841.966253,enabled
1782984733.936,2026-07-02 09:32:13.937,os_data_reads,75766324,75766324,32792.230831,enabled
1782984733.936,2026-07-02 09:32:13.937,os_data_writes,225555662,225555662,97622.174828,enabled
1782984733.936,2026-07-02 09:32:13.937,os_log_bytes_written,126655180288,126655180288,54817307.651937,enabled
1782984733.936,2026-07-02 09:32:13.937,os_log_fsyncs,48190113,48190113,20857.040680,enabled
1782984733.936,2026-07-02 09:32:13.937,os_log_pending_fsyncs,1,1,0.000433,enabled
1782984733.936,2026-07-02 09:32:13.937,os_log_pending_writes,1,1,0.000433,enabled
1782984733.936,2026-07-02 09:32:13.937,trx_rseg_history_len,244,244,0.000000,enabled
1782984735.009,2026-07-02 09:32:15.010,adaptive_hash_searches,0,0,0.000000,enabled
1782984735.009,2026-07-02 09:32:15.010,adaptive_hash_searches_btree,597426654,597426654,258450.642277,enabled
1782984735.009,2026-07-02 09:32:15.010,buffer_data_reads,1237377354240,1237377354240,535297531.756249,enabled
1782984735.009,2026-07-02 09:32:15.010,buffer_data_written,579582734848,579582734848,250731279.438092,enabled
1782984735.009,2026-07-02 09:32:15.010,buffer_pages0_read,7,7,0.003028,enabled
1782984735.009,2026-07-02 09:32:15.010,buffer_pages_created,1814418,1814418,784.929093,enabled
1782984735.009,2026-07-02 09:32:15.010,buffer_pages_read,75736863,75736863,32764.262056,enabled
1782984735.009,2026-07-02 09:32:15.010,buffer_pages_written,25470332,25470332,11018.632169,enabled
1782984735.009,2026-07-02 09:32:15.010,buffer_pool_bytes_data,12849594368,12849594368,0.000000,enabled
1782984735.009,2026-07-02 09:32:15.010,buffer_pool_bytes_dirty,4643864576,4643864576,0.000000,enabled
1782984735.009,2026-07-02 09:32:15.010,buffer_pool_pages_data,784277,784277,0.000000,enabled
1782984735.009,2026-07-02 09:32:15.010,buffer_pool_pages_dirty,283439,283439,0.000000,enabled
1782984735.009,2026-07-02 09:32:15.010,buffer_pool_pages_flushed,25413246,25413246,0.000000,enabled
1782984735.009,2026-07-02 09:32:15.010,buffer_pool_pages_free,2058,2058,0.000000,enabled
1782984735.009,2026-07-02 09:32:15.010,buffer_pool_pages_lru_flushed,0,0,0.000000,enabled
1782984735.009,2026-07-02 09:32:15.010,buffer_pool_pages_misc,96,96,0.000000,enabled
1782984735.009,2026-07-02 09:32:15.010,buffer_pool_pages_total,786432,786432,0.000000,enabled
1782984735.009,2026-07-02 09:32:15.010,buffer_pool_reads,74839820,74839820,32376.196494,enabled
1782984735.009,2026-07-02 09:32:15.010,buffer_pool_read_ahead,803715,803715,347.692372,enabled
1782984735.009,2026-07-02 09:32:15.010,buffer_pool_read_ahead_evicted,25,25,0.010815,enabled
1782984735.009,2026-07-02 09:32:15.010,buffer_pool_read_requests,2877475774,2877475774,1244814.867385,enabled
1782984735.009,2026-07-02 09:32:15.010,buffer_pool_size,12884901888,12884901888,0.000000,enabled
1782984735.009,2026-07-02 09:32:15.010,buffer_pool_wait_free,18945,18945,8.195731,enabled
1782984735.009,2026-07-02 09:32:15.010,buffer_pool_write_requests,605104450,605104450,261772.148322,enabled
1782984735.009,2026-07-02 09:32:15.010,dml_deletes,13125952,13125952,5678.371723,enabled
1782984735.009,2026-07-02 09:32:15.010,dml_inserts,113011358,113011358,48889.444384,enabled
1782984735.009,2026-07-02 09:32:15.010,dml_system_deletes,468,468,0.202460,enabled
1782984735.009,2026-07-02 09:32:15.010,dml_system_inserts,1202,1202,0.519993,enabled
1782984735.009,2026-07-02 09:32:15.010,dml_system_reads,7661,7661,3.314198,enabled
1782984735.009,2026-07-02 09:32:15.010,dml_system_updates,620,620,0.268216,enabled
1782984735.009,2026-07-02 09:32:15.010,dml_updates,26252021,26252021,11356.794051,enabled
1782984735.009,2026-07-02 09:32:15.010,file_num_open_files,35,35,0.000000,enabled
1782984735.009,2026-07-02 09:32:15.010,ibuf_merges,0,0,0.000000,enabled
1782984735.009,2026-07-02 09:32:15.010,ibuf_merges_delete,0,0,0.000000,enabled
1782984735.009,2026-07-02 09:32:15.010,ibuf_merges_delete_mark,0,0,0.000000,enabled
1782984735.009,2026-07-02 09:32:15.010,ibuf_merges_discard_delete,0,0,0.000000,enabled
1782984735.009,2026-07-02 09:32:15.010,ibuf_merges_discard_delete_mark,0,0,0.000000,enabled
1782984735.009,2026-07-02 09:32:15.010,ibuf_merges_discard_insert,0,0,0.000000,enabled
1782984735.009,2026-07-02 09:32:15.010,ibuf_merges_insert,0,0,0.000000,enabled
1782984735.009,2026-07-02 09:32:15.010,ibuf_size,1,1,0.000433,enabled
1782984735.009,2026-07-02 09:32:15.010,innodb_activity_count,17989073,17989073,7782.189452,enabled
1782984735.009,2026-07-02 09:32:15.010,innodb_dblwr_pages_written,25411065,25411065,10992.991162,enabled
1782984735.009,2026-07-02 09:32:15.010,innodb_dblwr_writes,520690,520690,225.253864,enabled
1782984735.009,2026-07-02 09:32:15.010,innodb_page_size,16384,16384,0.000000,enabled
1782984735.009,2026-07-02 09:32:15.010,innodb_rwlock_sx_os_waits,0,0,0.000000,enabled
1782984735.009,2026-07-02 09:32:15.010,innodb_rwlock_sx_spin_rounds,0,0,0.000000,enabled
1782984735.009,2026-07-02 09:32:15.010,innodb_rwlock_sx_spin_waits,0,0,0.000000,enabled
1782984735.009,2026-07-02 09:32:15.010,innodb_rwlock_s_os_waits,0,0,0.000000,enabled
1782984735.009,2026-07-02 09:32:15.010,innodb_rwlock_s_spin_rounds,0,0,0.000000,enabled
1782984735.009,2026-07-02 09:32:15.010,innodb_rwlock_s_spin_waits,0,0,0.000000,enabled
1782984735.009,2026-07-02 09:32:15.010,innodb_rwlock_x_os_waits,0,0,0.000000,enabled
1782984735.009,2026-07-02 09:32:15.010,innodb_rwlock_x_spin_rounds,0,0,0.000000,enabled
1782984735.009,2026-07-02 09:32:15.010,innodb_rwlock_x_spin_waits,0,0,0.000000,enabled
1782984735.009,2026-07-02 09:32:15.010,lock_deadlocks,0,0,0.000000,enabled
1782984735.009,2026-07-02 09:32:15.010,lock_deadlock_false_positives,0,0,0.000000,enabled
1782984735.009,2026-07-02 09:32:15.010,lock_deadlock_rounds,2548,2548,1.102282,enabled
1782984735.009,2026-07-02 09:32:15.010,lock_rec_grant_attempts,425,425,0.183858,enabled
1782984735.009,2026-07-02 09:32:15.010,lock_rec_release_attempts,39895740,39895740,17259.158740,enabled
1782984735.009,2026-07-02 09:32:15.010,lock_row_lock_current_waits,0,0,0.000000,enabled
1782984735.009,2026-07-02 09:32:15.010,lock_row_lock_time,323,323,0.139732,enabled
1782984735.009,2026-07-02 09:32:15.010,lock_row_lock_time_avg,0,0,0.000000,enabled
1782984735.009,2026-07-02 09:32:15.010,lock_row_lock_time_max,29,29,0.000000,enabled
1782984735.009,2026-07-02 09:32:15.010,lock_row_lock_waits,425,425,0.183858,enabled
1782984735.009,2026-07-02 09:32:15.010,lock_schedule_refreshes,2548,2548,1.102281,enabled
1782984735.009,2026-07-02 09:32:15.010,lock_threads_waiting,0,0,0.000000,enabled
1782984735.009,2026-07-02 09:32:15.010,lock_timeouts,0,0,0.000000,enabled
1782984735.009,2026-07-02 09:32:15.010,log_waits,0,0,0.000000,enabled
1782984735.009,2026-07-02 09:32:15.010,log_writes,199393895,199393895,86259.094074,enabled
1782984735.009,2026-07-02 09:32:15.010,log_write_requests,407838459,407838459,176433.566461,enabled
1782984735.009,2026-07-02 09:32:15.010,os_data_fsyncs,55119897,55119897,23845.226248,enabled
1782984735.009,2026-07-02 09:32:15.010,os_data_reads,75823249,75823249,32801.631146,enabled
1782984735.009,2026-07-02 09:32:15.010,os_data_writes,225650603,225650603,97617.919829,enabled
1782984735.009,2026-07-02 09:32:15.010,os_log_bytes_written,126696022016,126696022016,54809523.752656,enabled
1782984735.009,2026-07-02 09:32:15.010,os_log_fsyncs,48218398,48218398,20859.592792,enabled
1782984735.009,2026-07-02 09:32:15.010,os_log_pending_fsyncs,1,1,0.000433,enabled
1782984735.009,2026-07-02 09:32:15.010,os_log_pending_writes,0,0,0.000000,enabled
1782984735.009,2026-07-02 09:32:15.010,trx_rseg_history_len,286,286,0.000000,enabled
1782984736.081,2026-07-02 09:32:16.083,adaptive_hash_searches,0,0,0.000000,enabled
1782984736.081,2026-07-02 09:32:16.083,adaptive_hash_searches_btree,597594039,597594039,258403.690876,enabled
1782984736.081,2026-07-02 09:32:16.083,buffer_data_reads,1238306441728,1238306441728,535452115.207759,enabled
1782984736.081,2026-07-02 09:32:16.083,buffer_data_written,579892268544,579892268544,250749354.982502,enabled
1782984736.081,2026-07-02 09:32:16.083,buffer_pages0_read,7,7,0.003027,enabled
1782984736.081,2026-07-02 09:32:16.083,buffer_pages_created,1814447,1814447,784.579212,enabled
1782984736.081,2026-07-02 09:32:16.083,buffer_pages_read,75793739,75793739,32773.727542,enabled
1782984736.081,2026-07-02 09:32:16.083,buffer_pages_written,25486364,25486364,11020.476934,enabled
1782984736.081,2026-07-02 09:32:16.083,buffer_pool_bytes_data,12858048512,12858048512,0.000000,enabled
1782984736.081,2026-07-02 09:32:16.083,buffer_pool_bytes_dirty,4645928960,4645928960,0.000000,enabled
1782984736.081,2026-07-02 09:32:16.083,buffer_pool_pages_data,784793,784793,0.000000,enabled
1782984736.081,2026-07-02 09:32:16.083,buffer_pool_pages_dirty,283565,283565,0.000000,enabled
1782984736.081,2026-07-02 09:32:16.083,buffer_pool_pages_flushed,25429294,25429294,0.000000,enabled
1782984736.081,2026-07-02 09:32:16.083,buffer_pool_pages_free,1542,1542,0.000000,enabled
1782984736.081,2026-07-02 09:32:16.083,buffer_pool_pages_lru_flushed,0,0,0.000000,enabled
1782984736.081,2026-07-02 09:32:16.083,buffer_pool_pages_misc,97,97,0.000000,enabled
1782984736.081,2026-07-02 09:32:16.083,buffer_pool_pages_total,786432,786432,0.000000,enabled
1782984736.081,2026-07-02 09:32:16.083,buffer_pool_reads,74896643,74896643,32385.818254,enabled
1782984736.081,2026-07-02 09:32:16.083,buffer_pool_read_ahead,803715,803715,347.531833,enabled
1782984736.081,2026-07-02 09:32:16.083,buffer_pool_read_ahead_evicted,25,25,0.010810,enabled
1782984736.081,2026-07-02 09:32:16.083,buffer_pool_read_requests,2878305366,2878305366,1244598.826621,enabled
1782984736.081,2026-07-02 09:32:16.083,buffer_pool_size,12884901888,12884901888,0.000000,enabled
1782984736.081,2026-07-02 09:32:16.083,buffer_pool_wait_free,18945,18945,8.191947,enabled
1782984736.081,2026-07-02 09:32:16.083,buffer_pool_write_requests,605217175,605217175,261700.024701,enabled
1782984736.081,2026-07-02 09:32:16.083,dml_deletes,13130787,13130787,5677.840662,enabled
1782984736.081,2026-07-02 09:32:16.083,dml_inserts,113016195,113016195,48868.963301,enabled
1782984736.081,2026-07-02 09:32:16.083,dml_system_deletes,468,468,0.202366,enabled
1782984736.081,2026-07-02 09:32:16.083,dml_system_inserts,1202,1202,0.519753,enabled
1782984736.081,2026-07-02 09:32:16.083,dml_system_reads,7661,7661,3.312668,enabled
1782984736.081,2026-07-02 09:32:16.083,dml_system_updates,620,620,0.268092,enabled
1782984736.081,2026-07-02 09:32:16.083,dml_updates,26261696,26261696,11355.734067,enabled
1782984736.081,2026-07-02 09:32:16.083,file_num_open_files,35,35,0.000000,enabled
1782984736.081,2026-07-02 09:32:16.083,ibuf_merges,0,0,0.000000,enabled
1782984736.081,2026-07-02 09:32:16.083,ibuf_merges_delete,0,0,0.000000,enabled
1782984736.081,2026-07-02 09:32:16.083,ibuf_merges_delete_mark,0,0,0.000000,enabled
1782984736.081,2026-07-02 09:32:16.083,ibuf_merges_discard_delete,0,0,0.000000,enabled
1782984736.081,2026-07-02 09:32:16.083,ibuf_merges_discard_delete_mark,0,0,0.000000,enabled
1782984736.081,2026-07-02 09:32:16.083,ibuf_merges_discard_insert,0,0,0.000000,enabled
1782984736.081,2026-07-02 09:32:16.083,ibuf_merges_insert,0,0,0.000000,enabled
1782984736.081,2026-07-02 09:32:16.083,ibuf_size,1,1,0.000432,enabled
1782984736.081,2026-07-02 09:32:16.083,innodb_activity_count,17994634,17994634,7781.000945,enabled
1782984736.081,2026-07-02 09:32:16.083,innodb_dblwr_pages_written,25427113,25427113,10994.854861,enabled
1782984736.081,2026-07-02 09:32:16.083,innodb_dblwr_writes,521046,521046,225.303799,enabled
1782984736.081,2026-07-02 09:32:16.083,innodb_page_size,16384,16384,0.000000,enabled
1782984736.081,2026-07-02 09:32:16.083,innodb_rwlock_sx_os_waits,0,0,0.000000,enabled
1782984736.081,2026-07-02 09:32:16.083,innodb_rwlock_sx_spin_rounds,0,0,0.000000,enabled
1782984736.081,2026-07-02 09:32:16.083,innodb_rwlock_sx_spin_waits,0,0,0.000000,enabled
1782984736.081,2026-07-02 09:32:16.083,innodb_rwlock_s_os_waits,0,0,0.000000,enabled
1782984736.081,2026-07-02 09:32:16.083,innodb_rwlock_s_spin_rounds,0,0,0.000000,enabled
1782984736.081,2026-07-02 09:32:16.083,innodb_rwlock_s_spin_waits,0,0,0.000000,enabled
1782984736.081,2026-07-02 09:32:16.083,innodb_rwlock_x_os_waits,0,0,0.000000,enabled
1782984736.081,2026-07-02 09:32:16.083,innodb_rwlock_x_spin_rounds,0,0,0.000000,enabled
1782984736.081,2026-07-02 09:32:16.083,innodb_rwlock_x_spin_waits,0,0,0.000000,enabled
1782984736.081,2026-07-02 09:32:16.083,lock_deadlocks,0,0,0.000000,enabled
1782984736.081,2026-07-02 09:32:16.083,lock_deadlock_false_positives,0,0,0.000000,enabled
1782984736.081,2026-07-02 09:32:16.083,lock_deadlock_rounds,2549,2549,1.102205,enabled
1782984736.081,2026-07-02 09:32:16.083,lock_rec_grant_attempts,425,425,0.183773,enabled
1782984736.081,2026-07-02 09:32:16.083,lock_rec_release_attempts,39910465,39910465,17257.556937,enabled
1782984736.081,2026-07-02 09:32:16.083,lock_row_lock_current_waits,0,0,0.000000,enabled
1782984736.081,2026-07-02 09:32:16.083,lock_row_lock_time,323,323,0.139667,enabled
1782984736.081,2026-07-02 09:32:16.083,lock_row_lock_time_avg,0,0,0.000000,enabled
1782984736.081,2026-07-02 09:32:16.083,lock_row_lock_time_max,29,29,0.000000,enabled
1782984736.081,2026-07-02 09:32:16.083,lock_row_lock_waits,425,425,0.183773,enabled
1782984736.081,2026-07-02 09:32:16.083,lock_schedule_refreshes,2549,2549,1.102205,enabled
1782984736.081,2026-07-02 09:32:16.083,lock_threads_waiting,0,0,0.000000,enabled
1782984736.081,2026-07-02 09:32:16.083,lock_timeouts,0,0,0.000000,enabled
1782984736.081,2026-07-02 09:32:16.083,log_waits,0,0,0.000000,enabled
1782984736.081,2026-07-02 09:32:16.083,log_writes,199472653,199472653,86253.322498,enabled
1782984736.081,2026-07-02 09:32:16.083,log_write_requests,407920670,407920670,176387.653168,enabled
1782984736.081,2026-07-02 09:32:16.083,os_data_fsyncs,55153281,55153281,23848.651935,enabled
1782984736.081,2026-07-02 09:32:16.083,os_data_reads,75879972,75879972,32811.013425,enabled
1782984736.081,2026-07-02 09:32:16.083,os_data_writes,225745668,225745668,97613.954562,enabled
1782984736.081,2026-07-02 09:32:16.083,os_log_bytes_written,126737090048,126737090048,54801975.295970,enabled
1782984736.081,2026-07-02 09:32:16.083,os_log_fsyncs,48246806,48246806,20862.245355,enabled
1782984736.081,2026-07-02 09:32:16.083,os_log_pending_fsyncs,1,1,0.000432,enabled
1782984736.081,2026-07-02 09:32:16.083,os_log_pending_writes,0,0,0.000000,enabled
1782984736.081,2026-07-02 09:32:16.083,trx_rseg_history_len,303,303,0.000000,enabled
1782984737.149,2026-07-02 09:32:17.150,adaptive_hash_searches,0,0,0.000000,enabled
1782984737.149,2026-07-02 09:32:17.150,adaptive_hash_searches_btree,597760438,597760438,258355.903302,enabled
1782984737.149,2026-07-02 09:32:17.150,buffer_data_reads,1239237085696,1239237085696,535606302.650744,enabled
1782984737.149,2026-07-02 09:32:17.150,buffer_data_written,580200851456,580200851456,250766569.348738,enabled
1782984737.149,2026-07-02 09:32:17.150,buffer_pages0_read,7,7,0.003025,enabled
1782984737.149,2026-07-02 09:32:17.150,buffer_pages_created,1814481,1814481,784.230458,enabled
1782984737.149,2026-07-02 09:32:17.150,buffer_pages_read,75850709,75850709,32783.168242,enabled
1782984737.149,2026-07-02 09:32:17.150,buffer_pages_written,25502322,25502322,11022.268957,enabled
1782984737.149,2026-07-02 09:32:17.150,buffer_pool_bytes_data,12852166656,12852166656,0.000000,enabled
1782984737.149,2026-07-02 09:32:17.150,buffer_pool_bytes_dirty,4648583168,4648583168,0.000000,enabled
1782984737.149,2026-07-02 09:32:17.150,buffer_pool_pages_data,784434,784434,0.000000,enabled
1782984737.149,2026-07-02 09:32:17.150,buffer_pool_pages_dirty,283727,283727,0.000000,enabled
1782984737.149,2026-07-02 09:32:17.150,buffer_pool_pages_flushed,25445252,25445252,0.000000,enabled
1782984737.149,2026-07-02 09:32:17.150,buffer_pool_pages_free,1900,1900,0.000000,enabled
1782984737.149,2026-07-02 09:32:17.150,buffer_pool_pages_lru_flushed,0,0,0.000000,enabled
1782984737.149,2026-07-02 09:32:17.150,buffer_pool_pages_misc,96,96,0.000000,enabled
1782984737.149,2026-07-02 09:32:17.150,buffer_pool_pages_total,786432,786432,0.000000,enabled
1782984737.149,2026-07-02 09:32:17.150,buffer_pool_reads,74953553,74953553,32395.412631,enabled
1782984737.149,2026-07-02 09:32:17.150,buffer_pool_read_ahead,803715,803715,347.370842,enabled
1782984737.149,2026-07-02 09:32:17.150,buffer_pool_read_ahead_evicted,25,25,0.010805,enabled
1782984737.149,2026-07-02 09:32:17.150,buffer_pool_read_requests,2879130893,2879130893,1244379.073621,enabled
1782984737.149,2026-07-02 09:32:17.150,buffer_pool_size,12884901888,12884901888,0.000000,enabled
1782984737.149,2026-07-02 09:32:17.150,buffer_pool_wait_free,18945,18945,8.188152,enabled
1782984737.149,2026-07-02 09:32:17.150,buffer_pool_write_requests,605329236,605329236,261627.227599,enabled
1782984737.149,2026-07-02 09:32:17.150,dml_deletes,13135601,13135601,5677.291021,enabled
1782984737.149,2026-07-02 09:32:17.150,dml_inserts,113021009,113021009,48848.405199,enabled
1782984737.149,2026-07-02 09:32:17.150,dml_system_deletes,468,468,0.202273,enabled
1782984737.149,2026-07-02 09:32:17.150,dml_system_inserts,1202,1202,0.519512,enabled
1782984737.149,2026-07-02 09:32:17.150,dml_system_reads,7661,7661,3.311133,enabled
1782984737.149,2026-07-02 09:32:17.150,dml_system_updates,620,620,0.267968,enabled
1782984737.149,2026-07-02 09:32:17.150,dml_updates,26271329,26271329,11354.636922,enabled
1782984737.149,2026-07-02 09:32:17.150,file_num_open_files,35,35,0.000000,enabled
1782984737.149,2026-07-02 09:32:17.150,ibuf_merges,0,0,0.000000,enabled
1782984737.149,2026-07-02 09:32:17.150,ibuf_merges_delete,0,0,0.000000,enabled
1782984737.149,2026-07-02 09:32:17.150,ibuf_merges_delete_mark,0,0,0.000000,enabled
1782984737.149,2026-07-02 09:32:17.150,ibuf_merges_discard_delete,0,0,0.000000,enabled
1782984737.149,2026-07-02 09:32:17.150,ibuf_merges_discard_delete_mark,0,0,0.000000,enabled
1782984737.149,2026-07-02 09:32:17.150,ibuf_merges_discard_insert,0,0,0.000000,enabled
1782984737.149,2026-07-02 09:32:17.150,ibuf_merges_insert,0,0,0.000000,enabled
1782984737.149,2026-07-02 09:32:17.150,ibuf_size,1,1,0.000432,enabled
1782984737.149,2026-07-02 09:32:17.150,innodb_activity_count,18000161,18000161,7779.785184,enabled
1782984737.149,2026-07-02 09:32:17.150,innodb_dblwr_pages_written,25443071,25443071,10996.658614,enabled
1782984737.149,2026-07-02 09:32:17.150,innodb_dblwr_writes,521430,521430,225.365393,enabled
1782984737.149,2026-07-02 09:32:17.150,innodb_page_size,16384,16384,0.000000,enabled
1782984737.149,2026-07-02 09:32:17.150,innodb_rwlock_sx_os_waits,0,0,0.000000,enabled
1782984737.149,2026-07-02 09:32:17.150,innodb_rwlock_sx_spin_rounds,0,0,0.000000,enabled
1782984737.149,2026-07-02 09:32:17.150,innodb_rwlock_sx_spin_waits,0,0,0.000000,enabled
1782984737.149,2026-07-02 09:32:17.150,innodb_rwlock_s_os_waits,0,0,0.000000,enabled
1782984737.149,2026-07-02 09:32:17.150,innodb_rwlock_s_spin_rounds,0,0,0.000000,enabled
1782984737.149,2026-07-02 09:32:17.150,innodb_rwlock_s_spin_waits,0,0,0.000000,enabled
1782984737.149,2026-07-02 09:32:17.150,innodb_rwlock_x_os_waits,0,0,0.000000,enabled
1782984737.149,2026-07-02 09:32:17.150,innodb_rwlock_x_spin_rounds,0,0,0.000000,enabled
1782984737.149,2026-07-02 09:32:17.150,innodb_rwlock_x_spin_waits,0,0,0.000000,enabled
1782984737.149,2026-07-02 09:32:17.150,lock_deadlocks,0,0,0.000000,enabled
1782984737.149,2026-07-02 09:32:17.150,lock_deadlock_false_positives,0,0,0.000000,enabled
1782984737.149,2026-07-02 09:32:17.150,lock_deadlock_rounds,2551,2551,1.102559,enabled
1782984737.149,2026-07-02 09:32:17.150,lock_rec_grant_attempts,425,425,0.183688,enabled
1782984737.149,2026-07-02 09:32:17.150,lock_rec_release_attempts,39925094,39925094,17255.885233,enabled
1782984737.149,2026-07-02 09:32:17.150,lock_row_lock_current_waits,0,0,0.000000,enabled
1782984737.149,2026-07-02 09:32:17.150,lock_row_lock_time,323,323,0.139603,enabled
1782984737.149,2026-07-02 09:32:17.150,lock_row_lock_time_avg,0,0,0.000000,enabled
1782984737.149,2026-07-02 09:32:17.150,lock_row_lock_time_max,29,29,0.000000,enabled
1782984737.149,2026-07-02 09:32:17.150,lock_row_lock_waits,425,425,0.183688,enabled
1782984737.149,2026-07-02 09:32:17.150,lock_schedule_refreshes,2551,2551,1.102559,enabled
1782984737.149,2026-07-02 09:32:17.150,lock_threads_waiting,0,0,0.000000,enabled
1782984737.149,2026-07-02 09:32:17.150,lock_timeouts,0,0,0.000000,enabled
1782984737.149,2026-07-02 09:32:17.150,log_waits,0,0,0.000000,enabled
1782984737.149,2026-07-02 09:32:17.150,log_writes,199550947,199550947,86247.204902,enabled
1782984737.149,2026-07-02 09:32:17.150,log_write_requests,408002521,408002521,176341.318300,enabled
1782984737.149,2026-07-02 09:32:17.150,os_data_fsyncs,55186059,55186059,23851.771004,enabled
1782984737.149,2026-07-02 09:32:17.150,os_data_reads,75936783,75936783,32820.367947,enabled
1782984737.149,2026-07-02 09:32:17.150,os_data_writes,225840213,225840213,97609.598262,enabled
1782984737.149,2026-07-02 09:32:17.150,os_log_bytes_written,126778077696,126778077696,54794303.620067,enabled
1782984737.149,2026-07-02 09:32:17.150,os_log_fsyncs,48274612,48274612,20864.598935,enabled
1782984737.149,2026-07-02 09:32:17.150,os_log_pending_fsyncs,1,1,0.000432,enabled
1782984737.149,2026-07-02 09:32:17.150,os_log_pending_writes,0,0,0.000000,enabled
1782984737.149,2026-07-02 09:32:17.150,trx_rseg_history_len,266,266,0.000000,enabled
1782984738.221,2026-07-02 09:32:18.222,adaptive_hash_searches,0,0,0.000000,enabled
1782984738.221,2026-07-02 09:32:18.222,adaptive_hash_searches_btree,597923390,597923390,258306.797473,enabled
1782984738.221,2026-07-02 09:32:18.222,buffer_data_reads,1240135174656,1240135174656,535746540.183438,enabled
1782984738.221,2026-07-02 09:32:18.222,buffer_data_written,580501023232,580501023232,250780254.354316,enabled
1782984738.221,2026-07-02 09:32:18.222,buffer_pages0_read,7,7,0.003024,enabled
1782984738.221,2026-07-02 09:32:18.222,buffer_pages_created,1814524,1814524,783.886292,enabled
1782984738.221,2026-07-02 09:32:18.222,buffer_pages_read,75905664,75905664,32791.745431,enabled
1782984738.221,2026-07-02 09:32:18.222,buffer_pages_written,25517765,25517765,11023.842129,enabled
1782984738.221,2026-07-02 09:32:18.222,buffer_pool_bytes_data,12861505536,12861505536,0.000000,enabled
1782984738.221,2026-07-02 09:32:18.222,buffer_pool_bytes_dirty,4653744128,4653744128,0.000000,enabled
1782984738.221,2026-07-02 09:32:18.222,buffer_pool_pages_data,785004,785004,0.000000,enabled
1782984738.221,2026-07-02 09:32:18.222,buffer_pool_pages_dirty,284042,284042,0.000000,enabled
1782984738.221,2026-07-02 09:32:18.222,buffer_pool_pages_flushed,25460695,25460695,0.000000,enabled
1782984738.221,2026-07-02 09:32:18.222,buffer_pool_pages_free,1332,1332,0.000000,enabled
1782984738.221,2026-07-02 09:32:18.222,buffer_pool_pages_lru_flushed,0,0,0.000000,enabled
1782984738.221,2026-07-02 09:32:18.222,buffer_pool_pages_misc,96,96,0.000000,enabled
1782984738.221,2026-07-02 09:32:18.222,buffer_pool_pages_total,786432,786432,0.000000,enabled
1782984738.221,2026-07-02 09:32:18.222,buffer_pool_reads,75008451,75008451,32404.144689,enabled
1782984738.221,2026-07-02 09:32:18.222,buffer_pool_read_ahead,803715,803715,347.210168,enabled
1782984738.221,2026-07-02 09:32:18.222,buffer_pool_read_ahead_evicted,25,25,0.010800,enabled
1782984738.221,2026-07-02 09:32:18.222,buffer_pool_read_requests,2879937309,2879937309,1244151.872692,enabled
1782984738.221,2026-07-02 09:32:18.222,buffer_pool_size,12884901888,12884901888,0.000000,enabled
1782984738.221,2026-07-02 09:32:18.222,buffer_pool_wait_free,18945,18945,8.184365,enabled
1782984738.221,2026-07-02 09:32:18.222,buffer_pool_write_requests,605438383,605438383,261553.366139,enabled
1782984738.221,2026-07-02 09:32:18.222,dml_deletes,13140315,13140315,5676.701486,enabled
1782984738.221,2026-07-02 09:32:18.222,dml_inserts,113025723,113025723,48827.846998,enabled
1782984738.221,2026-07-02 09:32:18.222,dml_system_deletes,468,468,0.202179,enabled
1782984738.221,2026-07-02 09:32:18.222,dml_system_inserts,1202,1202,0.519272,enabled
1782984738.221,2026-07-02 09:32:18.222,dml_system_reads,7661,7661,3.309602,enabled
1782984738.221,2026-07-02 09:32:18.222,dml_system_updates,620,620,0.267844,enabled
1782984738.221,2026-07-02 09:32:18.222,dml_updates,26280752,26280752,11353.455665,enabled
1782984738.221,2026-07-02 09:32:18.222,file_num_open_files,35,35,0.000000,enabled
1782984738.221,2026-07-02 09:32:18.222,ibuf_merges,0,0,0.000000,enabled
1782984738.221,2026-07-02 09:32:18.222,ibuf_merges_delete,0,0,0.000000,enabled
1782984738.221,2026-07-02 09:32:18.222,ibuf_merges_delete_mark,0,0,0.000000,enabled
1782984738.221,2026-07-02 09:32:18.222,ibuf_merges_discard_delete,0,0,0.000000,enabled
1782984738.221,2026-07-02 09:32:18.222,ibuf_merges_discard_delete_mark,0,0,0.000000,enabled
1782984738.221,2026-07-02 09:32:18.222,ibuf_merges_discard_insert,0,0,0.000000,enabled
1782984738.221,2026-07-02 09:32:18.222,ibuf_merges_insert,0,0,0.000000,enabled
1782984738.221,2026-07-02 09:32:18.222,ibuf_size,1,1,0.000432,enabled
1782984738.221,2026-07-02 09:32:18.222,innodb_activity_count,18005577,18005577,7778.526411,enabled
1782984738.221,2026-07-02 09:32:18.222,innodb_dblwr_pages_written,25458514,25458514,10998.243622,enabled
1782984738.221,2026-07-02 09:32:18.222,innodb_dblwr_writes,521786,521786,225.414946,enabled
1782984738.221,2026-07-02 09:32:18.222,innodb_page_size,16384,16384,0.000000,enabled
1782984738.221,2026-07-02 09:32:18.222,innodb_rwlock_sx_os_waits,0,0,0.000000,enabled
1782984738.221,2026-07-02 09:32:18.222,innodb_rwlock_sx_spin_rounds,0,0,0.000000,enabled
1782984738.221,2026-07-02 09:32:18.222,innodb_rwlock_sx_spin_waits,0,0,0.000000,enabled
1782984738.221,2026-07-02 09:32:18.222,innodb_rwlock_s_os_waits,0,0,0.000000,enabled
1782984738.221,2026-07-02 09:32:18.222,innodb_rwlock_s_spin_rounds,0,0,0.000000,enabled
1782984738.221,2026-07-02 09:32:18.222,innodb_rwlock_s_spin_waits,0,0,0.000000,enabled
1782984738.221,2026-07-02 09:32:18.222,innodb_rwlock_x_os_waits,0,0,0.000000,enabled
1782984738.221,2026-07-02 09:32:18.222,innodb_rwlock_x_spin_rounds,0,0,0.000000,enabled
1782984738.221,2026-07-02 09:32:18.222,innodb_rwlock_x_spin_waits,0,0,0.000000,enabled
1782984738.221,2026-07-02 09:32:18.222,lock_deadlocks,0,0,0.000000,enabled
1782984738.221,2026-07-02 09:32:18.222,lock_deadlock_false_positives,0,0,0.000000,enabled
1782984738.221,2026-07-02 09:32:18.222,lock_deadlock_rounds,2552,2552,1.102481,enabled
1782984738.221,2026-07-02 09:32:18.222,lock_rec_grant_attempts,425,425,0.183603,enabled
1782984738.221,2026-07-02 09:32:18.222,lock_rec_release_attempts,39939428,39939428,17254.096063,enabled
1782984738.221,2026-07-02 09:32:18.222,lock_row_lock_current_waits,0,0,0.000000,enabled
1782984738.221,2026-07-02 09:32:18.222,lock_row_lock_time,323,323,0.139538,enabled
1782984738.221,2026-07-02 09:32:18.222,lock_row_lock_time_avg,0,0,0.000000,enabled
1782984738.221,2026-07-02 09:32:18.222,lock_row_lock_time_max,29,29,0.000000,enabled
1782984738.221,2026-07-02 09:32:18.222,lock_row_lock_waits,425,425,0.183603,enabled
1782984738.221,2026-07-02 09:32:18.222,lock_schedule_refreshes,2552,2552,1.102481,enabled
1782984738.221,2026-07-02 09:32:18.222,lock_threads_waiting,0,0,0.000000,enabled
1782984738.221,2026-07-02 09:32:18.222,lock_timeouts,0,0,0.000000,enabled
1782984738.221,2026-07-02 09:32:18.222,log_waits,0,0,0.000000,enabled
1782984738.221,2026-07-02 09:32:18.222,log_writes,199629134,199629134,86241.088265,enabled
1782984738.221,2026-07-02 09:32:18.222,log_write_requests,408082739,408082739,176294.405694,enabled
1782984738.221,2026-07-02 09:32:18.222,os_data_fsyncs,55215609,55215609,23853.504079,enabled
1782984738.221,2026-07-02 09:32:18.222,os_data_reads,75991574,75991574,32828.856838,enabled
1782984738.221,2026-07-02 09:32:18.222,os_data_writes,225934115,225934115,97605.014880,enabled
1782984738.221,2026-07-02 09:32:18.222,os_log_bytes_written,126819067392,126819067392,54786666.127260,enabled
1782984738.221,2026-07-02 09:32:18.222,os_log_fsyncs,48299478,48299478,20865.690212,enabled
1782984738.221,2026-07-02 09:32:18.222,os_log_pending_fsyncs,0,0,0.000000,enabled
1782984738.221,2026-07-02 09:32:18.222,os_log_pending_writes,0,0,0.000000,enabled
1782984738.221,2026-07-02 09:32:18.222,trx_rseg_history_len,205,205,0.000000,enabled
1782984739.292,2026-07-02 09:32:19.294,adaptive_hash_searches,0,0,0.000000,enabled
1782984739.292,2026-07-02 09:32:19.294,adaptive_hash_searches_btree,598088175,598088175,258258.304167,enabled
1782984739.292,2026-07-02 09:32:19.294,buffer_data_reads,1241044896256,1241044896256,535891197.718371,enabled
1782984739.292,2026-07-02 09:32:19.294,buffer_data_written,580806537216,580806537216,250796011.924066,enabled
1782984739.292,2026-07-02 09:32:19.294,buffer_pages0_read,7,7,0.003023,enabled
1782984739.292,2026-07-02 09:32:19.294,buffer_pages_created,1814555,1814555,783.536570,enabled
1782984739.292,2026-07-02 09:32:19.294,buffer_pages_read,75961332,75961332,32800.593590,enabled
1782984739.292,2026-07-02 09:32:19.294,buffer_pages_written,25533526,25533526,11025.541418,enabled
1782984739.292,2026-07-02 09:32:19.294,buffer_pool_bytes_data,12852346880,12852346880,0.000000,enabled
1782984739.292,2026-07-02 09:32:19.294,buffer_pool_bytes_dirty,4659134464,4659134464,0.000000,enabled
1782984739.292,2026-07-02 09:32:19.294,buffer_pool_pages_data,784445,784445,0.000000,enabled
1782984739.292,2026-07-02 09:32:19.294,buffer_pool_pages_dirty,284371,284371,0.000000,enabled
1782984739.292,2026-07-02 09:32:19.294,buffer_pool_pages_flushed,25476456,25476456,0.000000,enabled
1782984739.292,2026-07-02 09:32:19.294,buffer_pool_pages_free,1893,1893,0.000000,enabled
1782984739.292,2026-07-02 09:32:19.294,buffer_pool_pages_lru_flushed,0,0,0.000000,enabled
1782984739.292,2026-07-02 09:32:19.294,buffer_pool_pages_misc,97,97,0.000000,enabled
1782984739.292,2026-07-02 09:32:19.294,buffer_pool_pages_total,786432,786432,0.000000,enabled
1782984739.292,2026-07-02 09:32:19.294,buffer_pool_reads,75064066,75064066,32413.149525,enabled
1782984739.292,2026-07-02 09:32:19.294,buffer_pool_read_ahead,803715,803715,347.049335,enabled
1782984739.292,2026-07-02 09:32:19.294,buffer_pool_read_ahead_evicted,25,25,0.010795,enabled
1782984739.292,2026-07-02 09:32:19.294,buffer_pool_read_requests,2880753710,2880753710,1243928.089300,enabled
1782984739.292,2026-07-02 09:32:19.294,buffer_pool_size,12884901888,12884901888,0.000000,enabled
1782984739.292,2026-07-02 09:32:19.294,buffer_pool_wait_free,18945,18945,8.180574,enabled
1782984739.292,2026-07-02 09:32:19.294,buffer_pool_write_requests,605549716,605549716,261480.284814,enabled
1782984739.292,2026-07-02 09:32:19.294,dml_deletes,13145074,13145074,5676.126985,enabled
1782984739.292,2026-07-02 09:32:19.294,dml_inserts,113030481,113030481,48807.284300,enabled
1782984739.292,2026-07-02 09:32:19.294,dml_system_deletes,468,468,0.202085,enabled
1782984739.292,2026-07-02 09:32:19.294,dml_system_inserts,1202,1202,0.519031,enabled
1782984739.292,2026-07-02 09:32:19.294,dml_system_reads,7661,7661,3.308069,enabled
1782984739.292,2026-07-02 09:32:19.294,dml_system_updates,620,620,0.267720,enabled
1782984739.292,2026-07-02 09:32:19.294,dml_updates,26290270,26290270,11352.306641,enabled
1782984739.292,2026-07-02 09:32:19.294,file_num_open_files,35,35,0.000000,enabled
1782984739.292,2026-07-02 09:32:19.294,ibuf_merges,0,0,0.000000,enabled
1782984739.292,2026-07-02 09:32:19.294,ibuf_merges_delete,0,0,0.000000,enabled
1782984739.292,2026-07-02 09:32:19.294,ibuf_merges_delete_mark,0,0,0.000000,enabled
1782984739.292,2026-07-02 09:32:19.294,ibuf_merges_discard_delete,0,0,0.000000,enabled
1782984739.292,2026-07-02 09:32:19.294,ibuf_merges_discard_delete_mark,0,0,0.000000,enabled
1782984739.292,2026-07-02 09:32:19.294,ibuf_merges_discard_insert,0,0,0.000000,enabled
1782984739.292,2026-07-02 09:32:19.294,ibuf_merges_insert,0,0,0.000000,enabled
1782984739.292,2026-07-02 09:32:19.294,ibuf_size,1,1,0.000432,enabled
1782984739.292,2026-07-02 09:32:19.294,innodb_activity_count,18011047,18011047,7777.285345,enabled
1782984739.292,2026-07-02 09:32:19.294,innodb_dblwr_pages_written,25474275,25474275,10999.954884,enabled
1782984739.292,2026-07-02 09:32:19.294,innodb_dblwr_writes,522109,522109,225.450006,enabled
1782984739.292,2026-07-02 09:32:19.294,innodb_page_size,16384,16384,0.000000,enabled
1782984739.292,2026-07-02 09:32:19.294,innodb_rwlock_sx_os_waits,0,0,0.000000,enabled
1782984739.292,2026-07-02 09:32:19.294,innodb_rwlock_sx_spin_rounds,0,0,0.000000,enabled
1782984739.292,2026-07-02 09:32:19.294,innodb_rwlock_sx_spin_waits,0,0,0.000000,enabled
1782984739.292,2026-07-02 09:32:19.294,innodb_rwlock_s_os_waits,0,0,0.000000,enabled
1782984739.292,2026-07-02 09:32:19.294,innodb_rwlock_s_spin_rounds,0,0,0.000000,enabled
1782984739.292,2026-07-02 09:32:19.294,innodb_rwlock_s_spin_waits,0,0,0.000000,enabled
1782984739.292,2026-07-02 09:32:19.294,innodb_rwlock_x_os_waits,0,0,0.000000,enabled
1782984739.292,2026-07-02 09:32:19.294,innodb_rwlock_x_spin_rounds,0,0,0.000000,enabled
1782984739.292,2026-07-02 09:32:19.294,innodb_rwlock_x_spin_waits,0,0,0.000000,enabled
1782984739.292,2026-07-02 09:32:19.294,lock_deadlocks,0,0,0.000000,enabled
1782984739.292,2026-07-02 09:32:19.294,lock_deadlock_false_positives,0,0,0.000000,enabled
1782984739.292,2026-07-02 09:32:19.294,lock_deadlock_rounds,2553,2553,1.102402,enabled
1782984739.292,2026-07-02 09:32:19.294,lock_rec_grant_attempts,425,425,0.183518,enabled
1782984739.292,2026-07-02 09:32:19.294,lock_rec_release_attempts,39953892,39953892,17252.349356,enabled
1782984739.292,2026-07-02 09:32:19.294,lock_row_lock_current_waits,0,0,0.000000,enabled
1782984739.292,2026-07-02 09:32:19.294,lock_row_lock_time,323,323,0.139473,enabled
1782984739.292,2026-07-02 09:32:19.294,lock_row_lock_time_avg,0,0,0.000000,enabled
1782984739.292,2026-07-02 09:32:19.294,lock_row_lock_time_max,29,29,0.000000,enabled
1782984739.292,2026-07-02 09:32:19.294,lock_row_lock_waits,425,425,0.183518,enabled
1782984739.292,2026-07-02 09:32:19.294,lock_schedule_refreshes,2553,2553,1.102402,enabled
1782984739.292,2026-07-02 09:32:19.294,lock_threads_waiting,0,0,0.000000,enabled
1782984739.292,2026-07-02 09:32:19.294,lock_timeouts,0,0,0.000000,enabled
1782984739.292,2026-07-02 09:32:19.294,log_waits,0,0,0.000000,enabled
1782984739.292,2026-07-02 09:32:19.294,log_writes,199707801,199707801,86235.110114,enabled
1782984739.292,2026-07-02 09:32:19.294,log_write_requests,408163729,408163729,176247.717716,enabled
1782984739.292,2026-07-02 09:32:19.294,os_data_fsyncs,55246625,55246625,23855.847932,enabled
1782984739.292,2026-07-02 09:32:19.294,os_data_reads,76047081,76047081,32837.618633,enabled
1782984739.292,2026-07-02 09:32:19.294,os_data_writes,226028767,226028767,97600.675114,enabled
1782984739.292,2026-07-02 09:32:19.294,os_log_bytes_written,126860166144,126860166144,54779035.405333,enabled
1782984739.292,2026-07-02 09:32:19.294,os_log_fsyncs,48325990,48325990,20867.473186,enabled
1782984739.292,2026-07-02 09:32:19.294,os_log_pending_fsyncs,0,0,0.000000,enabled
1782984739.292,2026-07-02 09:32:19.294,os_log_pending_writes,0,0,0.000000,enabled
1782984739.292,2026-07-02 09:32:19.294,trx_rseg_history_len,151,151,0.000000,enabled
1782984740.364,2026-07-02 09:32:20.366,adaptive_hash_searches,0,0,0.000000,enabled
1782984740.364,2026-07-02 09:32:20.366,adaptive_hash_searches_btree,598256264,598256264,258211.293072,enabled
1782984740.364,2026-07-02 09:32:20.366,buffer_data_reads,1241974114816,1241974114816,536044172.477859,enabled
1782984740.364,2026-07-02 09:32:20.366,buffer_data_written,581132897792,581132897792,250820769.402746,enabled
1782984740.364,2026-07-02 09:32:20.366,buffer_pages0_read,7,7,0.003021,enabled
1782984740.364,2026-07-02 09:32:20.366,buffer_pages_created,1814579,1814579,783.184203,enabled
1782984740.364,2026-07-02 09:32:20.366,buffer_pages_read,76018209,76018209,32809.957581,enabled
1782984740.364,2026-07-02 09:32:20.366,buffer_pages_written,25549848,25549848,11027.482005,enabled
1782984740.364,2026-07-02 09:32:20.366,buffer_pool_bytes_data,12853379072,12853379072,0.000000,enabled
1782984740.364,2026-07-02 09:32:20.366,buffer_pool_bytes_dirty,4657168384,4657168384,0.000000,enabled
1782984740.364,2026-07-02 09:32:20.366,buffer_pool_pages_data,784509,784509,0.000000,enabled
1782984740.364,2026-07-02 09:32:20.366,buffer_pool_pages_dirty,284251,284251,0.000000,enabled
1782984740.364,2026-07-02 09:32:20.366,buffer_pool_pages_flushed,25492206,25492206,0.000000,enabled
1782984740.364,2026-07-02 09:32:20.366,buffer_pool_pages_free,1827,1827,0.000000,enabled
1782984740.364,2026-07-02 09:32:20.366,buffer_pool_pages_lru_flushed,0,0,0.000000,enabled
1782984740.364,2026-07-02 09:32:20.366,buffer_pool_pages_misc,96,96,0.000000,enabled
1782984740.364,2026-07-02 09:32:20.366,buffer_pool_pages_total,786432,786432,0.000000,enabled
1782984740.364,2026-07-02 09:32:20.366,buffer_pool_reads,75120904,75120904,32422.676011,enabled
1782984740.364,2026-07-02 09:32:20.366,buffer_pool_read_ahead,803715,803715,346.888674,enabled
1782984740.364,2026-07-02 09:32:20.366,buffer_pool_read_ahead_evicted,25,25,0.010790,enabled
1782984740.364,2026-07-02 09:32:20.366,buffer_pool_read_requests,2881586575,2881586575,1243711.702806,enabled
1782984740.364,2026-07-02 09:32:20.366,buffer_pool_size,12884901888,12884901888,0.000000,enabled
1782984740.364,2026-07-02 09:32:20.366,buffer_pool_wait_free,18945,18945,8.176786,enabled
1782984740.364,2026-07-02 09:32:20.366,buffer_pool_write_requests,605662419,605662419,261407.880106,enabled
1782984740.364,2026-07-02 09:32:20.366,dml_deletes,13149932,13149932,5675.595975,enabled
1782984740.364,2026-07-02 09:32:20.366,dml_inserts,113035339,113035339,48786.785794,enabled
1782984740.364,2026-07-02 09:32:20.366,dml_system_deletes,468,468,0.201992,enabled
1782984740.364,2026-07-02 09:32:20.366,dml_system_inserts,1202,1202,0.518791,enabled
1782984740.364,2026-07-02 09:32:20.366,dml_system_reads,7661,7661,3.306537,enabled
1782984740.364,2026-07-02 09:32:20.366,dml_system_updates,620,620,0.267596,enabled
1782984740.364,2026-07-02 09:32:20.366,dml_updates,26299985,26299985,11351.244164,enabled
1782984740.364,2026-07-02 09:32:20.366,file_num_open_files,35,35,0.000000,enabled
1782984740.364,2026-07-02 09:32:20.366,ibuf_merges,0,0,0.000000,enabled
1782984740.364,2026-07-02 09:32:20.366,ibuf_merges_delete,0,0,0.000000,enabled
1782984740.364,2026-07-02 09:32:20.366,ibuf_merges_delete_mark,0,0,0.000000,enabled
1782984740.364,2026-07-02 09:32:20.366,ibuf_merges_discard_delete,0,0,0.000000,enabled
1782984740.364,2026-07-02 09:32:20.366,ibuf_merges_discard_delete_mark,0,0,0.000000,enabled
1782984740.364,2026-07-02 09:32:20.366,ibuf_merges_discard_insert,0,0,0.000000,enabled
1782984740.364,2026-07-02 09:32:20.366,ibuf_merges_insert,0,0,0.000000,enabled
1782984740.364,2026-07-02 09:32:20.366,ibuf_size,1,1,0.000432,enabled
1782984740.364,2026-07-02 09:32:20.366,innodb_activity_count,18016634,18016634,7776.096267,enabled
1782984740.364,2026-07-02 09:32:20.366,innodb_dblwr_pages_written,25490025,25490025,11001.660295,enabled
1782984740.364,2026-07-02 09:32:20.366,innodb_dblwr_writes,522457,522457,225.495834,enabled
1782984740.364,2026-07-02 09:32:20.366,innodb_page_size,16384,16384,0.000000,enabled
1782984740.364,2026-07-02 09:32:20.366,innodb_rwlock_sx_os_waits,0,0,0.000000,enabled
1782984740.364,2026-07-02 09:32:20.366,innodb_rwlock_sx_spin_rounds,0,0,0.000000,enabled
1782984740.364,2026-07-02 09:32:20.366,innodb_rwlock_sx_spin_waits,0,0,0.000000,enabled
1782984740.364,2026-07-02 09:32:20.366,innodb_rwlock_s_os_waits,0,0,0.000000,enabled
1782984740.364,2026-07-02 09:32:20.366,innodb_rwlock_s_spin_rounds,0,0,0.000000,enabled
1782984740.364,2026-07-02 09:32:20.366,innodb_rwlock_s_spin_waits,0,0,0.000000,enabled
1782984740.364,2026-07-02 09:32:20.366,innodb_rwlock_x_os_waits,0,0,0.000000,enabled
1782984740.364,2026-07-02 09:32:20.366,innodb_rwlock_x_spin_rounds,0,0,0.000000,enabled
1782984740.364,2026-07-02 09:32:20.366,innodb_rwlock_x_spin_waits,0,0,0.000000,enabled
1782984740.364,2026-07-02 09:32:20.366,lock_deadlocks,0,0,0.000000,enabled
1782984740.364,2026-07-02 09:32:20.366,lock_deadlock_false_positives,0,0,0.000000,enabled
1782984740.364,2026-07-02 09:32:20.366,lock_deadlock_rounds,2554,2554,1.102323,enabled
1782984740.364,2026-07-02 09:32:20.366,lock_rec_grant_attempts,425,425,0.183433,enabled
1782984740.364,2026-07-02 09:32:20.366,lock_rec_release_attempts,39968636,39968636,17250.726256,enabled
1782984740.364,2026-07-02 09:32:20.366,lock_row_lock_current_waits,0,0,0.000000,enabled
1782984740.364,2026-07-02 09:32:20.366,lock_row_lock_time,323,323,0.139409,enabled
1782984740.364,2026-07-02 09:32:20.366,lock_row_lock_time_avg,0,0,0.000000,enabled
1782984740.364,2026-07-02 09:32:20.366,lock_row_lock_time_max,29,29,0.000000,enabled
1782984740.364,2026-07-02 09:32:20.366,lock_row_lock_waits,425,425,0.183433,enabled
1782984740.364,2026-07-02 09:32:20.366,lock_schedule_refreshes,2554,2554,1.102323,enabled
1782984740.364,2026-07-02 09:32:20.366,lock_threads_waiting,0,0,0.000000,enabled
1782984740.364,2026-07-02 09:32:20.366,lock_timeouts,0,0,0.000000,enabled
1782984740.364,2026-07-02 09:32:20.366,log_waits,0,0,0.000000,enabled
1782984740.364,2026-07-02 09:32:20.366,log_writes,199788472,199788472,86230.006504,enabled
1782984740.364,2026-07-02 09:32:20.366,log_write_requests,408246333,408246333,176201.777969,enabled
1782984740.364,2026-07-02 09:32:20.366,os_data_fsyncs,55279948,55279948,23859.186578,enabled
1782984740.364,2026-07-02 09:32:20.366,os_data_reads,76103787,76103787,32846.891536,enabled
1782984740.364,2026-07-02 09:32:20.366,os_data_writes,226126052,226126052,97597.480900,enabled
1782984740.364,2026-07-02 09:32:20.366,os_log_bytes_written,126902209536,126902209536,54771822.301694,enabled
1782984740.364,2026-07-02 09:32:20.366,os_log_fsyncs,48354587,48354587,20870.155487,enabled
1782984740.364,2026-07-02 09:32:20.366,os_log_pending_fsyncs,0,0,0.000000,enabled
1782984740.364,2026-07-02 09:32:20.366,os_log_pending_writes,0,0,0.000000,enabled
1782984740.364,2026-07-02 09:32:20.366,trx_rseg_history_len,183,183,0.000000,enabled
1782984741.437,2026-07-02 09:32:21.438,adaptive_hash_searches,0,0,0.000000,enabled
1782984741.437,2026-07-02 09:32:21.438,adaptive_hash_searches_btree,598421070,598421070,258163.227050,enabled
1782984741.437,2026-07-02 09:32:21.438,buffer_data_reads,1242886277632,1242886277632,536190301.368408,enabled
1782984741.437,2026-07-02 09:32:21.438,buffer_data_written,581481914880,581481914880,250855583.928119,enabled
1782984741.437,2026-07-02 09:32:21.438,buffer_pages0_read,7,7,0.003020,enabled
1782984741.437,2026-07-02 09:32:21.438,buffer_pages_created,1814616,1814616,782.838724,enabled
1782984741.437,2026-07-02 09:32:21.438,buffer_pages_read,76074044,76074044,32818.903374,enabled
1782984741.437,2026-07-02 09:32:21.438,buffer_pages_written,25568946,25568946,11030.631825,enabled
1782984741.437,2026-07-02 09:32:21.438,buffer_pool_bytes_data,12855541760,12855541760,0.000000,enabled
1782984741.437,2026-07-02 09:32:21.438,buffer_pool_bytes_dirty,4608720896,4608720896,0.000000,enabled
1782984741.437,2026-07-02 09:32:21.438,buffer_pool_pages_data,784642,784642,0.000000,enabled
1782984741.437,2026-07-02 09:32:21.438,buffer_pool_pages_dirty,281294,281294,0.000000,enabled
1782984741.437,2026-07-02 09:32:21.438,buffer_pool_pages_flushed,25511876,25511876,0.000000,enabled
1782984741.437,2026-07-02 09:32:21.438,buffer_pool_pages_free,1698,1698,0.000000,enabled
1782984741.437,2026-07-02 09:32:21.438,buffer_pool_pages_lru_flushed,0,0,0.000000,enabled
1782984741.437,2026-07-02 09:32:21.438,buffer_pool_pages_misc,98,98,0.000000,enabled
1782984741.437,2026-07-02 09:32:21.438,buffer_pool_pages_total,786432,786432,0.000000,enabled
1782984741.437,2026-07-02 09:32:21.438,buffer_pool_reads,75176680,75176680,32431.775037,enabled
1782984741.437,2026-07-02 09:32:21.438,buffer_pool_read_ahead,803715,803715,346.728584,enabled
1782984741.437,2026-07-02 09:32:21.438,buffer_pool_read_ahead_evicted,25,25,0.010785,enabled
1782984741.437,2026-07-02 09:32:21.438,buffer_pool_read_requests,2882402837,2882402837,1243489.867779,enabled
1782984741.437,2026-07-02 09:32:21.438,buffer_pool_size,12884901888,12884901888,0.000000,enabled
1782984741.437,2026-07-02 09:32:21.438,buffer_pool_wait_free,18945,18945,8.173013,enabled
1782984741.437,2026-07-02 09:32:21.438,buffer_pool_write_requests,605773462,605773462,261335.144384,enabled
1782984741.437,2026-07-02 09:32:21.438,dml_deletes,13154703,13154703,5675.034937,enabled
1782984741.437,2026-07-02 09:32:21.438,dml_inserts,113040109,113040109,48766.328546,enabled
1782984741.437,2026-07-02 09:32:21.438,dml_system_deletes,468,468,0.201899,enabled
1782984741.437,2026-07-02 09:32:21.438,dml_system_inserts,1202,1202,0.518552,enabled
1782984741.437,2026-07-02 09:32:21.438,dml_system_reads,7661,7661,3.305011,enabled
1782984741.437,2026-07-02 09:32:21.438,dml_system_updates,620,620,0.267473,enabled
1782984741.437,2026-07-02 09:32:21.438,dml_updates,26309529,26309529,11350.122927,enabled
1782984741.437,2026-07-02 09:32:21.438,file_num_open_files,35,35,0.000000,enabled
1782984741.437,2026-07-02 09:32:21.438,ibuf_merges,0,0,0.000000,enabled
1782984741.437,2026-07-02 09:32:21.438,ibuf_merges_delete,0,0,0.000000,enabled
1782984741.437,2026-07-02 09:32:21.438,ibuf_merges_delete_mark,0,0,0.000000,enabled
1782984741.437,2026-07-02 09:32:21.438,ibuf_merges_discard_delete,0,0,0.000000,enabled
1782984741.437,2026-07-02 09:32:21.438,ibuf_merges_discard_delete_mark,0,0,0.000000,enabled
1782984741.437,2026-07-02 09:32:21.438,ibuf_merges_discard_insert,0,0,0.000000,enabled
1782984741.437,2026-07-02 09:32:21.438,ibuf_merges_insert,0,0,0.000000,enabled
1782984741.437,2026-07-02 09:32:21.438,ibuf_size,1,1,0.000431,enabled
1782984741.437,2026-07-02 09:32:21.438,innodb_activity_count,18022115,18022115,7774.872146,enabled
1782984741.437,2026-07-02 09:32:21.438,innodb_dblwr_pages_written,25509695,25509695,11005.068810,enabled
1782984741.437,2026-07-02 09:32:21.438,innodb_dblwr_writes,522853,522853,225.562605,enabled
1782984741.437,2026-07-02 09:32:21.438,innodb_page_size,16384,16384,0.000000,enabled
1782984741.437,2026-07-02 09:32:21.438,innodb_rwlock_sx_os_waits,0,0,0.000000,enabled
1782984741.437,2026-07-02 09:32:21.438,innodb_rwlock_sx_spin_rounds,0,0,0.000000,enabled
1782984741.437,2026-07-02 09:32:21.438,innodb_rwlock_sx_spin_waits,0,0,0.000000,enabled
1782984741.437,2026-07-02 09:32:21.438,innodb_rwlock_s_os_waits,0,0,0.000000,enabled
1782984741.437,2026-07-02 09:32:21.438,innodb_rwlock_s_spin_rounds,0,0,0.000000,enabled
1782984741.437,2026-07-02 09:32:21.438,innodb_rwlock_s_spin_waits,0,0,0.000000,enabled
1782984741.437,2026-07-02 09:32:21.438,innodb_rwlock_x_os_waits,0,0,0.000000,enabled
1782984741.437,2026-07-02 09:32:21.438,innodb_rwlock_x_spin_rounds,0,0,0.000000,enabled
1782984741.437,2026-07-02 09:32:21.438,innodb_rwlock_x_spin_waits,0,0,0.000000,enabled
1782984741.437,2026-07-02 09:32:21.438,lock_deadlocks,0,0,0.000000,enabled
1782984741.437,2026-07-02 09:32:21.438,lock_deadlock_false_positives,0,0,0.000000,enabled
1782984741.437,2026-07-02 09:32:21.438,lock_deadlock_rounds,2555,2555,1.102246,enabled
1782984741.437,2026-07-02 09:32:21.438,lock_rec_grant_attempts,425,425,0.183348,enabled
1782984741.437,2026-07-02 09:32:21.438,lock_rec_release_attempts,39983155,39983155,17249.028606,enabled
1782984741.437,2026-07-02 09:32:21.438,lock_row_lock_current_waits,0,0,0.000000,enabled
1782984741.437,2026-07-02 09:32:21.438,lock_row_lock_time,323,323,0.139345,enabled
1782984741.437,2026-07-02 09:32:21.438,lock_row_lock_time_avg,0,0,0.000000,enabled
1782984741.437,2026-07-02 09:32:21.438,lock_row_lock_time_max,29,29,0.000000,enabled
1782984741.437,2026-07-02 09:32:21.438,lock_row_lock_waits,425,425,0.183348,enabled
1782984741.437,2026-07-02 09:32:21.438,lock_schedule_refreshes,2555,2555,1.102246,enabled
1782984741.437,2026-07-02 09:32:21.438,lock_threads_waiting,0,0,0.000000,enabled
1782984741.437,2026-07-02 09:32:21.438,lock_timeouts,0,0,0.000000,enabled
1782984741.437,2026-07-02 09:32:21.438,log_waits,0,0,0.000000,enabled
1782984741.437,2026-07-02 09:32:21.438,log_writes,199866741,199866741,86223.976943,enabled
1782984741.437,2026-07-02 09:32:21.438,log_write_requests,408327489,408327489,176155.471622,enabled
1782984741.437,2026-07-02 09:32:21.438,os_data_fsyncs,55313058,55313058,23862.459377,enabled
1782984741.437,2026-07-02 09:32:21.438,os_data_reads,76159451,76159451,32855.746437,enabled
1782984741.437,2026-07-02 09:32:21.438,os_data_writes,226223676,226223676,97594.555023,enabled
1782984741.437,2026-07-02 09:32:21.438,os_log_bytes_written,126943211520,126943211520,54764233.477230,enabled
1782984741.437,2026-07-02 09:32:21.438,os_log_fsyncs,48382151,48382151,20872.415150,enabled
1782984741.437,2026-07-02 09:32:21.438,os_log_pending_fsyncs,1,1,0.000431,enabled
1782984741.437,2026-07-02 09:32:21.438,os_log_pending_writes,0,0,0.000000,enabled
1782984741.437,2026-07-02 09:32:21.438,trx_rseg_history_len,96,96,0.000000,enabled
1782984742.506,2026-07-02 09:32:22.508,adaptive_hash_searches,0,0,0.000000,enabled
1782984742.506,2026-07-02 09:32:22.508,adaptive_hash_searches_btree,598589362,598589362,258116.509301,enabled
1782984742.506,2026-07-02 09:32:22.508,buffer_data_reads,1243818183168,1243818183168,536344387.734397,enabled
1782984742.506,2026-07-02 09:32:22.508,buffer_data_written,581792373760,581792373760,250873542.826506,enabled
1782984742.506,2026-07-02 09:32:22.508,buffer_pages0_read,7,7,0.003018,enabled
1782984742.506,2026-07-02 09:32:22.508,buffer_pages_created,1814644,1814644,782.489070,enabled
1782984742.506,2026-07-02 09:32:22.508,buffer_pages_read,76131088,76131088,32828.336489,enabled
1782984742.506,2026-07-02 09:32:22.508,buffer_pages_written,25584972,25584972,11032.445413,enabled
1782984742.506,2026-07-02 09:32:22.508,buffer_pool_bytes_data,12844498944,12844498944,0.000000,enabled
1782984742.506,2026-07-02 09:32:22.508,buffer_pool_bytes_dirty,4616224768,4616224768,0.000000,enabled
1782984742.506,2026-07-02 09:32:22.508,buffer_pool_pages_data,783965,783965,0.000000,enabled
1782984742.506,2026-07-02 09:32:22.508,buffer_pool_pages_dirty,281753,281753,0.000000,enabled
1782984742.506,2026-07-02 09:32:22.508,buffer_pool_pages_flushed,25527839,25527839,0.000000,enabled
1782984742.506,2026-07-02 09:32:22.508,buffer_pool_pages_free,2370,2370,0.000000,enabled
1782984742.506,2026-07-02 09:32:22.508,buffer_pool_pages_lru_flushed,0,0,0.000000,enabled
1782984742.506,2026-07-02 09:32:22.508,buffer_pool_pages_misc,97,97,0.000000,enabled
1782984742.506,2026-07-02 09:32:22.508,buffer_pool_pages_total,786432,786432,0.000000,enabled
1782984742.506,2026-07-02 09:32:22.508,buffer_pool_reads,75233655,75233655,32441.357240,enabled
1782984742.506,2026-07-02 09:32:22.508,buffer_pool_read_ahead,803715,803715,346.568370,enabled
1782984742.506,2026-07-02 09:32:22.508,buffer_pool_read_ahead_evicted,25,25,0.010780,enabled
1782984742.506,2026-07-02 09:32:22.508,buffer_pool_read_requests,2883236745,2883236745,1243274.871748,enabled
1782984742.506,2026-07-02 09:32:22.508,buffer_pool_size,12884901888,12884901888,0.000000,enabled
1782984742.506,2026-07-02 09:32:22.508,buffer_pool_wait_free,18945,18945,8.169236,enabled
1782984742.506,2026-07-02 09:32:22.508,buffer_pool_write_requests,605886633,605886633,261263.188579,enabled
1782984742.506,2026-07-02 09:32:22.508,dml_deletes,13159565,13159565,5674.509289,enabled
1782984742.506,2026-07-02 09:32:22.508,dml_inserts,113044972,113044972,48745.892761,enabled
1782984742.506,2026-07-02 09:32:22.508,dml_system_deletes,468,468,0.201805,enabled
1782984742.506,2026-07-02 09:32:22.508,dml_system_inserts,1202,1202,0.518312,enabled
1782984742.506,2026-07-02 09:32:22.508,dml_system_reads,7661,7661,3.303484,enabled
1782984742.506,2026-07-02 09:32:22.508,dml_system_updates,620,620,0.267349,enabled
1782984742.506,2026-07-02 09:32:22.508,dml_updates,26319259,26319259,11349.074195,enabled
1782984742.506,2026-07-02 09:32:22.508,file_num_open_files,35,35,0.000000,enabled
1782984742.506,2026-07-02 09:32:22.508,ibuf_merges,0,0,0.000000,enabled
1782984742.506,2026-07-02 09:32:22.508,ibuf_merges_delete,0,0,0.000000,enabled
1782984742.506,2026-07-02 09:32:22.508,ibuf_merges_delete_mark,0,0,0.000000,enabled
1782984742.506,2026-07-02 09:32:22.508,ibuf_merges_discard_delete,0,0,0.000000,enabled
1782984742.506,2026-07-02 09:32:22.508,ibuf_merges_discard_delete_mark,0,0,0.000000,enabled
1782984742.506,2026-07-02 09:32:22.508,ibuf_merges_discard_insert,0,0,0.000000,enabled
1782984742.506,2026-07-02 09:32:22.508,ibuf_merges_insert,0,0,0.000000,enabled
1782984742.506,2026-07-02 09:32:22.508,ibuf_size,1,1,0.000431,enabled
1782984742.506,2026-07-02 09:32:22.508,innodb_activity_count,18027701,18027701,7773.688439,enabled
1782984742.506,2026-07-02 09:32:22.508,innodb_dblwr_pages_written,25525741,25525741,11006.903016,enabled
1782984742.506,2026-07-02 09:32:22.508,innodb_dblwr_writes,523239,523239,225.624828,enabled
1782984742.506,2026-07-02 09:32:22.508,innodb_page_size,16384,16384,0.000000,enabled
1782984742.506,2026-07-02 09:32:22.508,innodb_rwlock_sx_os_waits,0,0,0.000000,enabled
1782984742.506,2026-07-02 09:32:22.508,innodb_rwlock_sx_spin_rounds,0,0,0.000000,enabled
1782984742.506,2026-07-02 09:32:22.508,innodb_rwlock_sx_spin_waits,0,0,0.000000,enabled
1782984742.506,2026-07-02 09:32:22.508,innodb_rwlock_s_os_waits,0,0,0.000000,enabled
1782984742.506,2026-07-02 09:32:22.508,innodb_rwlock_s_spin_rounds,0,0,0.000000,enabled
1782984742.506,2026-07-02 09:32:22.508,innodb_rwlock_s_spin_waits,0,0,0.000000,enabled
1782984742.506,2026-07-02 09:32:22.508,innodb_rwlock_x_os_waits,0,0,0.000000,enabled
1782984742.506,2026-07-02 09:32:22.508,innodb_rwlock_x_spin_rounds,0,0,0.000000,enabled
1782984742.506,2026-07-02 09:32:22.508,innodb_rwlock_x_spin_waits,0,0,0.000000,enabled
1782984742.506,2026-07-02 09:32:22.508,lock_deadlocks,0,0,0.000000,enabled
1782984742.506,2026-07-02 09:32:22.508,lock_deadlock_false_positives,0,0,0.000000,enabled
1782984742.506,2026-07-02 09:32:22.508,lock_deadlock_rounds,2556,2556,1.102168,enabled
1782984742.506,2026-07-02 09:32:22.508,lock_rec_grant_attempts,425,425,0.183263,enabled
1782984742.506,2026-07-02 09:32:22.508,lock_rec_release_attempts,39997937,39997937,17247.432380,enabled
1782984742.506,2026-07-02 09:32:22.508,lock_row_lock_current_waits,0,0,0.000000,enabled
1782984742.506,2026-07-02 09:32:22.508,lock_row_lock_time,323,323,0.139280,enabled
1782984742.506,2026-07-02 09:32:22.508,lock_row_lock_time_avg,0,0,0.000000,enabled
1782984742.506,2026-07-02 09:32:22.508,lock_row_lock_time_max,29,29,0.000000,enabled
1782984742.506,2026-07-02 09:32:22.508,lock_row_lock_waits,425,425,0.183263,enabled
1782984742.506,2026-07-02 09:32:22.508,lock_schedule_refreshes,2556,2556,1.102168,enabled
1782984742.506,2026-07-02 09:32:22.508,lock_threads_waiting,0,0,0.000000,enabled
1782984742.506,2026-07-02 09:32:22.508,lock_timeouts,0,0,0.000000,enabled
1782984742.506,2026-07-02 09:32:22.508,log_waits,0,0,0.000000,enabled
1782984742.506,2026-07-02 09:32:22.508,log_writes,199946706,199946706,86218.617633,enabled
1782984742.506,2026-07-02 09:32:22.508,log_write_requests,408410214,408410214,176109.748494,enabled
1782984742.506,2026-07-02 09:32:22.508,os_data_fsyncs,55346849,55346849,23866.004334,enabled
1782984742.506,2026-07-02 09:32:22.508,os_data_reads,76216333,76216333,32865.092938,enabled
1782984742.506,2026-07-02 09:32:22.508,os_data_writes,226319972,226319972,97590.983659,enabled
1782984742.506,2026-07-02 09:32:22.508,os_log_bytes_written,126984880128,126984880128,54756896.710499,enabled
1782984742.506,2026-07-02 09:32:22.508,os_log_fsyncs,48410844,48410844,20875.143399,enabled
1782984742.506,2026-07-02 09:32:22.508,os_log_pending_fsyncs,0,0,0.000000,enabled
1782984742.506,2026-07-02 09:32:22.508,os_log_pending_writes,1,1,0.000431,enabled
1782984742.506,2026-07-02 09:32:22.508,trx_rseg_history_len,126,126,0.000000,enabled
1782984743.578,2026-07-02 09:32:23.580,adaptive_hash_searches,0,0,0.000000,enabled
1782984743.578,2026-07-02 09:32:23.580,adaptive_hash_searches_btree,598758387,598758387,258070.178574,enabled
1782984743.578,2026-07-02 09:32:23.580,buffer_data_reads,1244754463232,1244754463232,536500289.632669,enabled
1782984743.578,2026-07-02 09:32:23.580,buffer_data_written,582104885760,582104885760,250892403.936470,enabled
1782984743.578,2026-07-02 09:32:23.580,buffer_pages0_read,7,7,0.003017,enabled
1782984743.578,2026-07-02 09:32:23.580,buffer_pages_created,1814675,1814675,782.141137,enabled
1782984743.578,2026-07-02 09:32:23.580,buffer_pages_read,76188389,76188389,32837.876104,enabled
1782984743.578,2026-07-02 09:32:23.580,buffer_pages_written,25601151,25601151,11034.324762,enabled
1782984743.578,2026-07-02 09:32:23.580,buffer_pool_bytes_data,12848857088,12848857088,0.000000,enabled
1782984743.578,2026-07-02 09:32:23.580,buffer_pool_bytes_dirty,4619747328,4619747328,0.000000,enabled
1782984743.578,2026-07-02 09:32:23.580,buffer_pool_pages_data,784232,784232,0.000000,enabled
1782984743.578,2026-07-02 09:32:23.580,buffer_pool_pages_dirty,281967,281967,0.000000,enabled
1782984743.578,2026-07-02 09:32:23.580,buffer_pool_pages_flushed,25544081,25544081,0.000000,enabled
1782984743.578,2026-07-02 09:32:23.580,buffer_pool_pages_free,2102,2102,0.000000,enabled
1782984743.578,2026-07-02 09:32:23.580,buffer_pool_pages_lru_flushed,0,0,0.000000,enabled
1782984743.578,2026-07-02 09:32:23.580,buffer_pool_pages_misc,96,96,0.000000,enabled
1782984743.578,2026-07-02 09:32:23.580,buffer_pool_pages_total,786432,786432,0.000000,enabled
1782984743.578,2026-07-02 09:32:23.580,buffer_pool_reads,75290906,75290906,32451.054014,enabled
1782984743.578,2026-07-02 09:32:23.580,buffer_pool_read_ahead,803715,803715,346.408351,enabled
1782984743.578,2026-07-02 09:32:23.580,buffer_pool_read_ahead_evicted,25,25,0.010775,enabled
1782984743.578,2026-07-02 09:32:23.580,buffer_pool_read_requests,2884073312,2884073312,1243061.391066,enabled
1782984743.578,2026-07-02 09:32:23.580,buffer_pool_size,12884901888,12884901888,0.000000,enabled
1782984743.578,2026-07-02 09:32:23.580,buffer_pool_wait_free,18945,18945,8.165464,enabled
1782984743.578,2026-07-02 09:32:23.580,buffer_pool_write_requests,606000049,606000049,261191.440623,enabled
1782984743.578,2026-07-02 09:32:23.580,dml_deletes,13164451,13164451,5673.995044,enabled
1782984743.578,2026-07-02 09:32:23.580,dml_inserts,113049859,113049859,48725.491133,enabled
1782984743.578,2026-07-02 09:32:23.580,dml_system_deletes,468,468,0.201712,enabled
1782984743.578,2026-07-02 09:32:23.580,dml_system_inserts,1202,1202,0.518073,enabled
1782984743.578,2026-07-02 09:32:23.580,dml_system_reads,7661,7661,3.301959,enabled
1782984743.578,2026-07-02 09:32:23.580,dml_system_updates,620,620,0.267225,enabled
1782984743.578,2026-07-02 09:32:23.580,dml_updates,26329028,26329028,11348.044386,enabled
1782984743.578,2026-07-02 09:32:23.580,file_num_open_files,35,35,0.000000,enabled
1782984743.578,2026-07-02 09:32:23.580,ibuf_merges,0,0,0.000000,enabled
1782984743.578,2026-07-02 09:32:23.580,ibuf_merges_delete,0,0,0.000000,enabled
1782984743.578,2026-07-02 09:32:23.580,ibuf_merges_delete_mark,0,0,0.000000,enabled
1782984743.578,2026-07-02 09:32:23.580,ibuf_merges_discard_delete,0,0,0.000000,enabled
1782984743.578,2026-07-02 09:32:23.580,ibuf_merges_discard_delete_mark,0,0,0.000000,enabled
1782984743.578,2026-07-02 09:32:23.580,ibuf_merges_discard_insert,0,0,0.000000,enabled
1782984743.578,2026-07-02 09:32:23.580,ibuf_merges_insert,0,0,0.000000,enabled
1782984743.578,2026-07-02 09:32:23.580,ibuf_size,1,1,0.000431,enabled
1782984743.578,2026-07-02 09:32:23.580,innodb_activity_count,18033311,18033311,7772.516984,enabled
1782984743.578,2026-07-02 09:32:23.580,innodb_dblwr_pages_written,25541900,25541900,11008.785364,enabled
1782984743.578,2026-07-02 09:32:23.580,innodb_dblwr_writes,523596,523596,225.674519,enabled
1782984743.578,2026-07-02 09:32:23.580,innodb_page_size,16384,16384,0.000000,enabled
1782984743.578,2026-07-02 09:32:23.580,innodb_rwlock_sx_os_waits,0,0,0.000000,enabled
1782984743.578,2026-07-02 09:32:23.580,innodb_rwlock_sx_spin_rounds,0,0,0.000000,enabled
1782984743.578,2026-07-02 09:32:23.580,innodb_rwlock_sx_spin_waits,0,0,0.000000,enabled
1782984743.578,2026-07-02 09:32:23.580,innodb_rwlock_s_os_waits,0,0,0.000000,enabled
1782984743.578,2026-07-02 09:32:23.580,innodb_rwlock_s_spin_rounds,0,0,0.000000,enabled
1782984743.578,2026-07-02 09:32:23.580,innodb_rwlock_s_spin_waits,0,0,0.000000,enabled
1782984743.578,2026-07-02 09:32:23.580,innodb_rwlock_x_os_waits,0,0,0.000000,enabled
1782984743.578,2026-07-02 09:32:23.580,innodb_rwlock_x_spin_rounds,0,0,0.000000,enabled
1782984743.578,2026-07-02 09:32:23.580,innodb_rwlock_x_spin_waits,0,0,0.000000,enabled
1782984743.578,2026-07-02 09:32:23.580,lock_deadlocks,0,0,0.000000,enabled
1782984743.578,2026-07-02 09:32:23.580,lock_deadlock_false_positives,0,0,0.000000,enabled
1782984743.578,2026-07-02 09:32:23.580,lock_deadlock_rounds,2557,2557,1.102090,enabled
1782984743.578,2026-07-02 09:32:23.580,lock_rec_grant_attempts,425,425,0.183179,enabled
1782984743.578,2026-07-02 09:32:23.580,lock_rec_release_attempts,40012790,40012790,17245.870631,enabled
1782984743.578,2026-07-02 09:32:23.580,lock_row_lock_current_waits,0,0,0.000000,enabled
1782984743.578,2026-07-02 09:32:23.580,lock_row_lock_time,323,323,0.139216,enabled
1782984743.578,2026-07-02 09:32:23.580,lock_row_lock_time_avg,0,0,0.000000,enabled
1782984743.578,2026-07-02 09:32:23.580,lock_row_lock_time_max,29,29,0.000000,enabled
1782984743.578,2026-07-02 09:32:23.580,lock_row_lock_waits,425,425,0.183179,enabled
1782984743.578,2026-07-02 09:32:23.580,lock_schedule_refreshes,2557,2557,1.102090,enabled
1782984743.578,2026-07-02 09:32:23.580,lock_threads_waiting,0,0,0.000000,enabled
1782984743.578,2026-07-02 09:32:23.580,lock_timeouts,0,0,0.000000,enabled
1782984743.578,2026-07-02 09:32:23.580,log_waits,0,0,0.000000,enabled
1782984743.578,2026-07-02 09:32:23.580,log_writes,200026320,200026320,86213.121876,enabled
1782984743.578,2026-07-02 09:32:23.580,log_write_requests,408493206,408493206,176064.202840,enabled
1782984743.578,2026-07-02 09:32:23.580,os_data_fsyncs,55380544,55380544,23869.507555,enabled
1782984743.578,2026-07-02 09:32:23.580,os_data_reads,76273470,76273470,32874.544731,enabled
1782984743.578,2026-07-02 09:32:23.580,os_data_writes,226416009,226416009,97587.315893,enabled
1782984743.578,2026-07-02 09:32:23.580,os_log_bytes_written,127026408448,127026408448,54749512.944482,enabled
1782984743.578,2026-07-02 09:32:23.580,os_log_fsyncs,48439675,48439675,20877.931165,enabled
1782984743.578,2026-07-02 09:32:23.580,os_log_pending_fsyncs,1,1,0.000431,enabled
1782984743.578,2026-07-02 09:32:23.580,os_log_pending_writes,1,1,0.000431,enabled
1782984743.578,2026-07-02 09:32:23.580,trx_rseg_history_len,170,170,0.000000,enabled
1782984744.650,2026-07-02 09:32:24.651,adaptive_hash_searches,0,0,0.000000,enabled
1782984744.650,2026-07-02 09:32:24.651,adaptive_hash_searches_btree,598926306,598926306,258023.289108,enabled
1782984744.650,2026-07-02 09:32:24.651,buffer_data_reads,1245683304960,1245683304960,536652575.170118,enabled
1782984744.650,2026-07-02 09:32:24.651,buffer_data_written,582415114752,582415114752,250910138.744115,enabled
1782984744.650,2026-07-02 09:32:24.651,buffer_pages0_read,7,7,0.003016,enabled
1782984744.650,2026-07-02 09:32:24.651,buffer_pages_created,1814711,1814711,781.795289,enabled
1782984744.650,2026-07-02 09:32:24.651,buffer_pages_read,76245251,76245251,32847.201376,enabled
1782984744.650,2026-07-02 09:32:24.651,buffer_pages_written,25617184,25617184,11036.133967,enabled
1782984744.650,2026-07-02 09:32:24.651,buffer_pool_bytes_data,12852461568,12852461568,0.000000,enabled
1782984744.650,2026-07-02 09:32:24.651,buffer_pool_bytes_dirty,4625989632,4625989632,0.000000,enabled
1782984744.650,2026-07-02 09:32:24.651,buffer_pool_pages_data,784451,784451,0.000000,enabled
1782984744.650,2026-07-02 09:32:24.651,buffer_pool_pages_dirty,282348,282348,0.000000,enabled
1782984744.650,2026-07-02 09:32:24.651,buffer_pool_pages_flushed,25560114,25560114,0.000000,enabled
1782984744.650,2026-07-02 09:32:24.651,buffer_pool_pages_free,1883,1883,0.000000,enabled
1782984744.650,2026-07-02 09:32:24.651,buffer_pool_pages_lru_flushed,0,0,0.000000,enabled
1782984744.650,2026-07-02 09:32:24.651,buffer_pool_pages_misc,96,96,0.000000,enabled
1782984744.650,2026-07-02 09:32:24.651,buffer_pool_pages_total,786432,786432,0.000000,enabled
1782984744.650,2026-07-02 09:32:24.651,buffer_pool_reads,75347723,75347723,32460.538590,enabled
1782984744.650,2026-07-02 09:32:24.651,buffer_pool_read_ahead,803715,803715,346.248307,enabled
1782984744.650,2026-07-02 09:32:24.651,buffer_pool_read_ahead_evicted,25,25,0.010770,enabled
1782984744.650,2026-07-02 09:32:24.651,buffer_pool_read_requests,2884905106,2884905106,1242845.428570,enabled
1782984744.650,2026-07-02 09:32:24.651,buffer_pool_size,12884901888,12884901888,0.000000,enabled
1782984744.650,2026-07-02 09:32:24.651,buffer_pool_wait_free,18945,18945,8.161692,enabled
1782984744.650,2026-07-02 09:32:24.651,buffer_pool_write_requests,606112996,606112996,261119.426120,enabled
1782984744.650,2026-07-02 09:32:24.651,dml_deletes,13169306,13169306,5673.465192,enabled
1782984744.650,2026-07-02 09:32:24.651,dml_inserts,113054712,113054712,48705.070248,enabled
1782984744.650,2026-07-02 09:32:24.651,dml_system_deletes,468,468,0.201619,enabled
1782984744.650,2026-07-02 09:32:24.651,dml_system_inserts,1202,1202,0.517833,enabled
1782984744.650,2026-07-02 09:32:24.651,dml_system_reads,7661,7661,3.300433,enabled
1782984744.650,2026-07-02 09:32:24.651,dml_system_updates,620,620,0.267102,enabled
1782984744.650,2026-07-02 09:32:24.651,dml_updates,26338737,26338737,11346.984225,enabled
1782984744.650,2026-07-02 09:32:24.651,file_num_open_files,35,35,0.000000,enabled
1782984744.650,2026-07-02 09:32:24.651,ibuf_merges,0,0,0.000000,enabled
1782984744.650,2026-07-02 09:32:24.651,ibuf_merges_delete,0,0,0.000000,enabled
1782984744.650,2026-07-02 09:32:24.651,ibuf_merges_delete_mark,0,0,0.000000,enabled
1782984744.650,2026-07-02 09:32:24.651,ibuf_merges_discard_delete,0,0,0.000000,enabled
1782984744.650,2026-07-02 09:32:24.651,ibuf_merges_discard_delete_mark,0,0,0.000000,enabled
1782984744.650,2026-07-02 09:32:24.651,ibuf_merges_discard_insert,0,0,0.000000,enabled
1782984744.650,2026-07-02 09:32:24.651,ibuf_merges_insert,0,0,0.000000,enabled
1782984744.650,2026-07-02 09:32:24.651,ibuf_size,1,1,0.000431,enabled
1782984744.650,2026-07-02 09:32:24.651,innodb_activity_count,18038888,18038888,7771.328640,enabled
1782984744.650,2026-07-02 09:32:24.651,innodb_dblwr_pages_written,25557933,25557933,11010.606378,enabled
1782984744.650,2026-07-02 09:32:24.651,innodb_dblwr_writes,523951,523951,225.723192,enabled
1782984744.650,2026-07-02 09:32:24.651,innodb_page_size,16384,16384,0.000000,enabled
1782984744.650,2026-07-02 09:32:24.651,innodb_rwlock_sx_os_waits,0,0,0.000000,enabled
1782984744.650,2026-07-02 09:32:24.651,innodb_rwlock_sx_spin_rounds,0,0,0.000000,enabled
1782984744.650,2026-07-02 09:32:24.651,innodb_rwlock_sx_spin_waits,0,0,0.000000,enabled
1782984744.650,2026-07-02 09:32:24.651,innodb_rwlock_s_os_waits,0,0,0.000000,enabled
1782984744.650,2026-07-02 09:32:24.651,innodb_rwlock_s_spin_rounds,0,0,0.000000,enabled
1782984744.650,2026-07-02 09:32:24.651,innodb_rwlock_s_spin_waits,0,0,0.000000,enabled
1782984744.650,2026-07-02 09:32:24.651,innodb_rwlock_x_os_waits,0,0,0.000000,enabled
1782984744.650,2026-07-02 09:32:24.651,innodb_rwlock_x_spin_rounds,0,0,0.000000,enabled
1782984744.650,2026-07-02 09:32:24.651,innodb_rwlock_x_spin_waits,0,0,0.000000,enabled
1782984744.650,2026-07-02 09:32:24.651,lock_deadlocks,0,0,0.000000,enabled
1782984744.650,2026-07-02 09:32:24.651,lock_deadlock_false_positives,0,0,0.000000,enabled
1782984744.650,2026-07-02 09:32:24.651,lock_deadlock_rounds,2558,2558,1.102012,enabled
1782984744.650,2026-07-02 09:32:24.651,lock_rec_grant_attempts,425,425,0.183094,enabled
1782984744.650,2026-07-02 09:32:24.651,lock_rec_release_attempts,40027558,40027558,17244.265053,enabled
1782984744.650,2026-07-02 09:32:24.651,lock_row_lock_current_waits,0,0,0.000000,enabled
1782984744.650,2026-07-02 09:32:24.651,lock_row_lock_time,323,323,0.139152,enabled
1782984744.650,2026-07-02 09:32:24.651,lock_row_lock_time_avg,0,0,0.000000,enabled
1782984744.650,2026-07-02 09:32:24.651,lock_row_lock_time_max,29,29,0.000000,enabled
1782984744.650,2026-07-02 09:32:24.651,lock_row_lock_waits,425,425,0.183094,enabled
1782984744.650,2026-07-02 09:32:24.651,lock_schedule_refreshes,2558,2558,1.102012,enabled
1782984744.650,2026-07-02 09:32:24.651,lock_threads_waiting,0,0,0.000000,enabled
1782984744.650,2026-07-02 09:32:24.651,lock_timeouts,0,0,0.000000,enabled
1782984744.650,2026-07-02 09:32:24.651,log_waits,0,0,0.000000,enabled
1782984744.650,2026-07-02 09:32:24.651,log_writes,200105631,200105631,86207.458709,enabled
1782984744.650,2026-07-02 09:32:24.651,log_write_requests,408575667,408575667,176018.384858,enabled
1782984744.650,2026-07-02 09:32:24.651,os_data_fsyncs,55414350,55414350,23873.043536,enabled
1782984744.650,2026-07-02 09:32:24.651,os_data_reads,76330150,76330150,32883.774626,enabled
1782984744.650,2026-07-02 09:32:24.651,os_data_writes,226511615,226511615,97583.417473,enabled
1782984744.650,2026-07-02 09:32:24.651,os_log_bytes_written,127067793920,127067793920,54742047.330607,enabled
1782984744.650,2026-07-02 09:32:24.651,os_log_fsyncs,48468687,48468687,20880.783978,enabled
1782984744.650,2026-07-02 09:32:24.651,os_log_pending_fsyncs,1,1,0.000431,enabled
1782984744.650,2026-07-02 09:32:24.651,os_log_pending_writes,1,1,0.000431,enabled
1782984744.650,2026-07-02 09:32:24.651,trx_rseg_history_len,228,228,0.000000,enabled
1782984745.721,2026-07-02 09:32:25.723,adaptive_hash_searches,0,0,0.000000,enabled
1782984745.721,2026-07-02 09:32:25.723,adaptive_hash_searches_btree,599094338,599094338,257976.938868,enabled
1782984745.721,2026-07-02 09:32:25.723,buffer_data_reads,1246611048960,1246611048960,536805178.507441,enabled
1782984745.721,2026-07-02 09:32:25.723,buffer_data_written,582724261376,582724261376,250927826.423527,enabled
1782984745.721,2026-07-02 09:32:25.723,buffer_pages0_read,7,7,0.003014,enabled
1782984745.721,2026-07-02 09:32:25.723,buffer_pages_created,1814741,1814741,781.448532,enabled
1782984745.721,2026-07-02 09:32:25.723,buffer_pages_read,76302048,76302048,32856.547045,enabled
1782984745.721,2026-07-02 09:32:25.723,buffer_pages_written,25633113,25633113,11037.915862,enabled
1782984745.721,2026-07-02 09:32:25.723,buffer_pool_bytes_data,12852232192,12852232192,0.000000,enabled
1782984745.721,2026-07-02 09:32:25.723,buffer_pool_bytes_dirty,4632625152,4632625152,0.000000,enabled
1782984745.721,2026-07-02 09:32:25.723,buffer_pool_pages_data,784438,784438,0.000000,enabled
1782984745.721,2026-07-02 09:32:25.723,buffer_pool_pages_dirty,282753,282753,0.000000,enabled
1782984745.721,2026-07-02 09:32:25.723,buffer_pool_pages_flushed,25576043,25576043,0.000000,enabled
1782984745.721,2026-07-02 09:32:25.723,buffer_pool_pages_free,1897,1897,0.000000,enabled
1782984745.721,2026-07-02 09:32:25.723,buffer_pool_pages_lru_flushed,0,0,0.000000,enabled
1782984745.721,2026-07-02 09:32:25.723,buffer_pool_pages_misc,96,96,0.000000,enabled
1782984745.721,2026-07-02 09:32:25.723,buffer_pool_pages_total,786432,786432,0.000000,enabled
1782984745.721,2026-07-02 09:32:25.723,buffer_pool_reads,75404451,75404451,32470.032517,enabled
1782984745.721,2026-07-02 09:32:25.723,buffer_pool_read_ahead,803715,803715,346.089011,enabled
1782984745.721,2026-07-02 09:32:25.723,buffer_pool_read_ahead_evicted,25,25,0.010765,enabled
1782984745.721,2026-07-02 09:32:25.723,buffer_pool_read_requests,2885737189,2885737189,1242631.948768,enabled
1782984745.721,2026-07-02 09:32:25.723,buffer_pool_size,12884901888,12884901888,0.000000,enabled
1782984745.721,2026-07-02 09:32:25.723,buffer_pool_wait_free,18945,18945,8.157937,enabled
1782984745.721,2026-07-02 09:32:25.723,buffer_pool_write_requests,606226144,606226144,261048.018168,enabled
1782984745.721,2026-07-02 09:32:25.723,dml_deletes,13174160,13174160,5672.945214,enabled
1782984745.721,2026-07-02 09:32:25.723,dml_inserts,113059568,113059568,48684.753944,enabled
1782984745.721,2026-07-02 09:32:25.723,dml_system_deletes,468,468,0.201526,enabled
1782984745.721,2026-07-02 09:32:25.723,dml_system_inserts,1202,1202,0.517595,enabled
1782984745.721,2026-07-02 09:32:25.723,dml_system_reads,7661,7661,3.298915,enabled
1782984745.721,2026-07-02 09:32:25.723,dml_system_updates,620,620,0.266979,enabled
1782984745.721,2026-07-02 09:32:25.723,dml_updates,26348442,26348442,11345.942949,enabled
1782984745.721,2026-07-02 09:32:25.723,file_num_open_files,35,35,0.000000,enabled
1782984745.721,2026-07-02 09:32:25.723,ibuf_merges,0,0,0.000000,enabled
1782984745.721,2026-07-02 09:32:25.723,ibuf_merges_delete,0,0,0.000000,enabled
1782984745.721,2026-07-02 09:32:25.723,ibuf_merges_delete_mark,0,0,0.000000,enabled
1782984745.721,2026-07-02 09:32:25.723,ibuf_merges_discard_delete,0,0,0.000000,enabled
1782984745.721,2026-07-02 09:32:25.723,ibuf_merges_discard_delete_mark,0,0,0.000000,enabled
1782984745.721,2026-07-02 09:32:25.723,ibuf_merges_discard_insert,0,0,0.000000,enabled
1782984745.721,2026-07-02 09:32:25.723,ibuf_merges_insert,0,0,0.000000,enabled
1782984745.721,2026-07-02 09:32:25.723,ibuf_size,1,1,0.000431,enabled
1782984745.721,2026-07-02 09:32:25.723,innodb_activity_count,18044466,18044466,7770.155297,enabled
1782984745.721,2026-07-02 09:32:25.723,innodb_dblwr_pages_written,25573862,25573862,11012.400028,enabled
1782984745.721,2026-07-02 09:32:25.723,innodb_dblwr_writes,524290,524290,225.765323,enabled
1782984745.721,2026-07-02 09:32:25.723,innodb_page_size,16384,16384,0.000000,enabled
1782984745.721,2026-07-02 09:32:25.723,innodb_rwlock_sx_os_waits,0,0,0.000000,enabled
1782984745.721,2026-07-02 09:32:25.723,innodb_rwlock_sx_spin_rounds,0,0,0.000000,enabled
1782984745.721,2026-07-02 09:32:25.723,innodb_rwlock_sx_spin_waits,0,0,0.000000,enabled
1782984745.721,2026-07-02 09:32:25.723,innodb_rwlock_s_os_waits,0,0,0.000000,enabled
1782984745.721,2026-07-02 09:32:25.723,innodb_rwlock_s_spin_rounds,0,0,0.000000,enabled
1782984745.721,2026-07-02 09:32:25.723,innodb_rwlock_s_spin_waits,0,0,0.000000,enabled
1782984745.721,2026-07-02 09:32:25.723,innodb_rwlock_x_os_waits,0,0,0.000000,enabled
1782984745.721,2026-07-02 09:32:25.723,innodb_rwlock_x_spin_rounds,0,0,0.000000,enabled
1782984745.721,2026-07-02 09:32:25.723,innodb_rwlock_x_spin_waits,0,0,0.000000,enabled
1782984745.721,2026-07-02 09:32:25.723,lock_deadlocks,0,0,0.000000,enabled
1782984745.721,2026-07-02 09:32:25.723,lock_deadlock_false_positives,0,0,0.000000,enabled
1782984745.721,2026-07-02 09:32:25.723,lock_deadlock_rounds,2559,2559,1.101935,enabled
1782984745.721,2026-07-02 09:32:25.723,lock_rec_grant_attempts,425,425,0.183010,enabled
1782984745.721,2026-07-02 09:32:25.723,lock_rec_release_attempts,40042304,40042304,17242.681440,enabled
1782984745.721,2026-07-02 09:32:25.723,lock_row_lock_current_waits,0,0,0.000000,enabled
1782984745.721,2026-07-02 09:32:25.723,lock_row_lock_time,323,323,0.139088,enabled
1782984745.721,2026-07-02 09:32:25.723,lock_row_lock_time_avg,0,0,0.000000,enabled
1782984745.721,2026-07-02 09:32:25.723,lock_row_lock_time_max,29,29,0.000000,enabled
1782984745.721,2026-07-02 09:32:25.723,lock_row_lock_waits,425,425,0.183010,enabled
1782984745.721,2026-07-02 09:32:25.723,lock_schedule_refreshes,2559,2559,1.101935,enabled
1782984745.721,2026-07-02 09:32:25.723,lock_threads_waiting,0,0,0.000000,enabled
1782984745.721,2026-07-02 09:32:25.723,lock_timeouts,0,0,0.000000,enabled
1782984745.721,2026-07-02 09:32:25.723,log_waits,0,0,0.000000,enabled
1782984745.721,2026-07-02 09:32:25.723,log_writes,200185390,200185390,86202.143122,enabled
1782984745.721,2026-07-02 09:32:25.723,log_write_requests,408658186,408658186,175972.939191,enabled
1782984745.721,2026-07-02 09:32:25.723,os_data_fsyncs,55447427,55447427,23876.303797,enabled
1782984745.721,2026-07-02 09:32:25.723,os_data_reads,76386772,76386772,32893.028142,enabled
1782984745.721,2026-07-02 09:32:25.723,os_data_writes,226607529,226607529,97579.824733,enabled
1782984745.721,2026-07-02 09:32:25.723,os_log_bytes_written,127109578240,127109578240,54734855.421102,enabled
1782984745.721,2026-07-02 09:32:25.723,os_log_fsyncs,48496914,48496914,20883.332403,enabled
1782984745.721,2026-07-02 09:32:25.723,os_log_pending_fsyncs,1,1,0.000431,enabled
1782984745.721,2026-07-02 09:32:25.723,os_log_pending_writes,0,0,0.000000,enabled
1782984745.721,2026-07-02 09:32:25.723,trx_rseg_history_len,263,263,0.000000,enabled
1782984746.790,2026-07-02 09:32:26.792,adaptive_hash_searches,0,0,0.000000,enabled
1782984746.790,2026-07-02 09:32:26.792,adaptive_hash_searches_btree,599261322,599261322,257929.504424,enabled
1782984746.790,2026-07-02 09:32:26.792,buffer_data_reads,1247545641472,1247545641472,536959177.724775,enabled
1782984746.790,2026-07-02 09:32:26.792,buffer_data_written,583036144640,583036144640,250946016.076926,enabled
1782984746.790,2026-07-02 09:32:26.792,buffer_pages0_read,7,7,0.003013,enabled
1782984746.790,2026-07-02 09:32:26.792,buffer_pages_created,1814779,1814779,781.103485,enabled
1782984746.790,2026-07-02 09:32:26.792,buffer_pages_read,76359225,76359225,32865.961269,enabled
1782984746.790,2026-07-02 09:32:26.792,buffer_pages_written,25649276,25649276,11039.767814,enabled
1782984746.790,2026-07-02 09:32:26.792,buffer_pool_bytes_data,12856639488,12856639488,0.000000,enabled
1782984746.790,2026-07-02 09:32:26.792,buffer_pool_bytes_dirty,4638031872,4638031872,0.000000,enabled
1782984746.790,2026-07-02 09:32:26.792,buffer_pool_pages_data,784707,784707,0.000000,enabled
1782984746.790,2026-07-02 09:32:26.792,buffer_pool_pages_dirty,283083,283083,0.000000,enabled
1782984746.790,2026-07-02 09:32:26.792,buffer_pool_pages_flushed,25592206,25592206,0.000000,enabled
1782984746.790,2026-07-02 09:32:26.792,buffer_pool_pages_free,1629,1629,0.000000,enabled
1782984746.790,2026-07-02 09:32:26.792,buffer_pool_pages_lru_flushed,0,0,0.000000,enabled
1782984746.790,2026-07-02 09:32:26.792,buffer_pool_pages_misc,96,96,0.000000,enabled
1782984746.790,2026-07-02 09:32:26.792,buffer_pool_pages_total,786432,786432,0.000000,enabled
1782984746.790,2026-07-02 09:32:26.792,buffer_pool_reads,75461558,75461558,32479.595279,enabled
1782984746.790,2026-07-02 09:32:26.792,buffer_pool_read_ahead,803715,803715,345.928952,enabled
1782984746.790,2026-07-02 09:32:26.792,buffer_pool_read_ahead_evicted,25,25,0.010760,enabled
1782984746.790,2026-07-02 09:32:26.792,buffer_pool_read_requests,2886565203,2886565203,1242413.641989,enabled
1782984746.790,2026-07-02 09:32:26.792,buffer_pool_size,12884901888,12884901888,0.000000,enabled
1782984746.790,2026-07-02 09:32:26.792,buffer_pool_wait_free,18945,18945,8.154164,enabled
1782984746.790,2026-07-02 09:32:26.792,buffer_pool_write_requests,606338658,606338658,260975.715698,enabled
1782984746.790,2026-07-02 09:32:26.792,dml_deletes,13178992,13178992,5672.401438,enabled
1782984746.790,2026-07-02 09:32:26.792,dml_inserts,113064398,113064398,48664.317750,enabled
1782984746.790,2026-07-02 09:32:26.792,dml_system_deletes,468,468,0.201433,enabled
1782984746.790,2026-07-02 09:32:26.792,dml_system_inserts,1202,1202,0.517356,enabled
1782984746.790,2026-07-02 09:32:26.792,dml_system_reads,7661,7661,3.297389,enabled
1782984746.790,2026-07-02 09:32:26.792,dml_system_updates,620,620,0.266856,enabled
1782984746.790,2026-07-02 09:32:26.792,dml_updates,26358106,26358106,11344.855376,enabled
1782984746.790,2026-07-02 09:32:26.792,file_num_open_files,35,35,0.000000,enabled
1782984746.790,2026-07-02 09:32:26.792,ibuf_merges,0,0,0.000000,enabled
1782984746.790,2026-07-02 09:32:26.792,ibuf_merges_delete,0,0,0.000000,enabled
1782984746.790,2026-07-02 09:32:26.792,ibuf_merges_delete_mark,0,0,0.000000,enabled
1782984746.790,2026-07-02 09:32:26.792,ibuf_merges_discard_delete,0,0,0.000000,enabled
1782984746.790,2026-07-02 09:32:26.792,ibuf_merges_discard_delete_mark,0,0,0.000000,enabled
1782984746.790,2026-07-02 09:32:26.792,ibuf_merges_discard_insert,0,0,0.000000,enabled
1782984746.790,2026-07-02 09:32:26.792,ibuf_merges_insert,0,0,0.000000,enabled
1782984746.790,2026-07-02 09:32:26.792,ibuf_size,1,1,0.000430,enabled
1782984746.790,2026-07-02 09:32:26.792,innodb_activity_count,18050020,18050020,7768.952352,enabled
1782984746.790,2026-07-02 09:32:26.792,innodb_dblwr_pages_written,25589977,25589977,11014.243242,enabled
1782984746.790,2026-07-02 09:32:26.792,innodb_dblwr_writes,524655,524655,225.818014,enabled
1782984746.790,2026-07-02 09:32:26.792,innodb_page_size,16384,16384,0.000000,enabled
1782984746.790,2026-07-02 09:32:26.792,innodb_rwlock_sx_os_waits,0,0,0.000000,enabled
1782984746.790,2026-07-02 09:32:26.792,innodb_rwlock_sx_spin_rounds,0,0,0.000000,enabled
1782984746.790,2026-07-02 09:32:26.792,innodb_rwlock_sx_spin_waits,0,0,0.000000,enabled
1782984746.790,2026-07-02 09:32:26.792,innodb_rwlock_s_os_waits,0,0,0.000000,enabled
1782984746.790,2026-07-02 09:32:26.792,innodb_rwlock_s_spin_rounds,0,0,0.000000,enabled
1782984746.790,2026-07-02 09:32:26.792,innodb_rwlock_s_spin_waits,0,0,0.000000,enabled
1782984746.790,2026-07-02 09:32:26.792,innodb_rwlock_x_os_waits,0,0,0.000000,enabled
1782984746.790,2026-07-02 09:32:26.792,innodb_rwlock_x_spin_rounds,0,0,0.000000,enabled
1782984746.790,2026-07-02 09:32:26.792,innodb_rwlock_x_spin_waits,0,0,0.000000,enabled
1782984746.790,2026-07-02 09:32:26.792,lock_deadlocks,0,0,0.000000,enabled
1782984746.790,2026-07-02 09:32:26.792,lock_deadlock_false_positives,0,0,0.000000,enabled
1782984746.790,2026-07-02 09:32:26.792,lock_deadlock_rounds,2560,2560,1.101856,enabled
1782984746.790,2026-07-02 09:32:26.792,lock_rec_grant_attempts,425,425,0.182925,enabled
1782984746.790,2026-07-02 09:32:26.792,lock_rec_release_attempts,40056960,40056960,17241.015116,enabled
1782984746.790,2026-07-02 09:32:26.792,lock_row_lock_current_waits,0,0,0.000000,enabled
1782984746.790,2026-07-02 09:32:26.792,lock_row_lock_time,323,323,0.139023,enabled
1782984746.790,2026-07-02 09:32:26.792,lock_row_lock_time_avg,0,0,0.000000,enabled
1782984746.790,2026-07-02 09:32:26.792,lock_row_lock_time_max,29,29,0.000000,enabled
1782984746.790,2026-07-02 09:32:26.792,lock_row_lock_waits,425,425,0.182925,enabled
1782984746.790,2026-07-02 09:32:26.792,lock_schedule_refreshes,2560,2560,1.101856,enabled
1782984746.790,2026-07-02 09:32:26.792,lock_threads_waiting,0,0,0.000000,enabled
1782984746.790,2026-07-02 09:32:26.792,lock_timeouts,0,0,0.000000,enabled
1782984746.790,2026-07-02 09:32:26.792,log_waits,0,0,0.000000,enabled
1782984746.790,2026-07-02 09:32:26.792,log_writes,200264042,200264042,86196.129800,enabled
1782984746.790,2026-07-02 09:32:26.792,log_write_requests,408740255,408740255,175926.880043,enabled
1782984746.790,2026-07-02 09:32:26.792,os_data_fsyncs,55480912,55480912,23879.673972,enabled
1782984746.790,2026-07-02 09:32:26.792,os_data_reads,76443787,76443787,32902.355915,enabled
1782984746.790,2026-07-02 09:32:26.792,os_data_writes,226702620,226702620,97575.624884,enabled
1782984746.790,2026-07-02 09:32:26.792,os_log_bytes_written,127150592512,127150592512,54727194.982001,enabled
1782984746.790,2026-07-02 09:32:26.792,os_log_fsyncs,48525384,48525384,20885.928232,enabled
1782984746.790,2026-07-02 09:32:26.792,os_log_pending_fsyncs,1,1,0.000430,enabled
1782984746.790,2026-07-02 09:32:26.792,os_log_pending_writes,1,1,0.000430,enabled
1782984746.790,2026-07-02 09:32:26.792,trx_rseg_history_len,264,264,0.000000,enabled
1782984747.864,2026-07-02 09:32:27.866,adaptive_hash_searches,0,0,0.000000,enabled
1782984747.864,2026-07-02 09:32:27.866,adaptive_hash_searches_btree,599429173,599429173,257882.749277,enabled
1782984747.864,2026-07-02 09:32:27.866,buffer_data_reads,1248479971840,1248479971840,537113469.427248,enabled
1782984747.864,2026-07-02 09:32:27.866,buffer_data_written,583349124096,583349124096,250964916.361884,enabled
1782984747.864,2026-07-02 09:32:27.866,buffer_pages0_read,7,7,0.003011,enabled
1782984747.864,2026-07-02 09:32:27.866,buffer_pages_created,1814819,1814819,780.760412,enabled
1782984747.864,2026-07-02 09:32:27.866,buffer_pages_read,76416400,76416400,32875.399456,enabled
1782984747.864,2026-07-02 09:32:27.866,buffer_pages_written,25665457,25665457,11041.637053,enabled
1782984747.864,2026-07-02 09:32:27.866,buffer_pool_bytes_data,12855115776,12855115776,0.000000,enabled
1782984747.864,2026-07-02 09:32:27.866,buffer_pool_bytes_dirty,4640751616,4640751616,0.000000,enabled
1782984747.864,2026-07-02 09:32:27.866,buffer_pool_pages_data,784614,784614,0.000000,enabled
1782984747.864,2026-07-02 09:32:27.866,buffer_pool_pages_dirty,283249,283249,0.000000,enabled
1782984747.864,2026-07-02 09:32:27.866,buffer_pool_pages_flushed,25608387,25608387,0.000000,enabled
1782984747.864,2026-07-02 09:32:27.866,buffer_pool_pages_free,1720,1720,0.000000,enabled
1782984747.864,2026-07-02 09:32:27.866,buffer_pool_pages_lru_flushed,0,0,0.000000,enabled
1782984747.864,2026-07-02 09:32:27.866,buffer_pool_pages_misc,97,97,0.000000,enabled
1782984747.864,2026-07-02 09:32:27.866,buffer_pool_pages_total,786432,786432,0.000000,enabled
1782984747.864,2026-07-02 09:32:27.866,buffer_pool_reads,75518696,75518696,32489.195811,enabled
1782984747.864,2026-07-02 09:32:27.866,buffer_pool_read_ahead,803715,803715,345.769393,enabled
1782984747.864,2026-07-02 09:32:27.866,buffer_pool_read_ahead_evicted,25,25,0.010755,enabled
1782984747.864,2026-07-02 09:32:27.866,buffer_pool_read_requests,2887397449,2887397449,1242198.627639,enabled
1782984747.864,2026-07-02 09:32:27.866,buffer_pool_size,12884901888,12884901888,0.000000,enabled
1782984747.864,2026-07-02 09:32:27.866,buffer_pool_wait_free,18945,18945,8.150403,enabled
1782984747.864,2026-07-02 09:32:27.866,buffer_pool_write_requests,606452431,606452431,260904.288436,enabled
1782984747.864,2026-07-02 09:32:27.866,dml_deletes,13183830,13183830,5671.866495,enabled
1782984747.864,2026-07-02 09:32:27.866,dml_inserts,113069236,113069236,48643.953369,enabled
1782984747.864,2026-07-02 09:32:27.866,dml_system_deletes,468,468,0.201340,enabled
1782984747.864,2026-07-02 09:32:27.866,dml_system_inserts,1202,1202,0.517117,enabled
1782984747.864,2026-07-02 09:32:27.866,dml_system_reads,7661,7661,3.295868,enabled
1782984747.864,2026-07-02 09:32:27.866,dml_system_updates,620,620,0.266733,enabled
1782984747.864,2026-07-02 09:32:27.866,dml_updates,26367782,26367782,11343.785467,enabled
1782984747.864,2026-07-02 09:32:27.866,file_num_open_files,35,35,0.000000,enabled
1782984747.864,2026-07-02 09:32:27.866,ibuf_merges,0,0,0.000000,enabled
1782984747.864,2026-07-02 09:32:27.866,ibuf_merges_delete,0,0,0.000000,enabled
1782984747.864,2026-07-02 09:32:27.866,ibuf_merges_delete_mark,0,0,0.000000,enabled
1782984747.864,2026-07-02 09:32:27.866,ibuf_merges_discard_delete,0,0,0.000000,enabled
1782984747.864,2026-07-02 09:32:27.866,ibuf_merges_discard_delete_mark,0,0,0.000000,enabled
1782984747.864,2026-07-02 09:32:27.866,ibuf_merges_discard_insert,0,0,0.000000,enabled
1782984747.864,2026-07-02 09:32:27.866,ibuf_merges_insert,0,0,0.000000,enabled
1782984747.864,2026-07-02 09:32:27.866,ibuf_size,1,1,0.000430,enabled
1782984747.864,2026-07-02 09:32:27.866,innodb_activity_count,18055575,18055575,7767.758860,enabled
1782984747.864,2026-07-02 09:32:27.866,innodb_dblwr_pages_written,25606158,25606158,11016.124355,enabled
1782984747.864,2026-07-02 09:32:27.866,innodb_dblwr_writes,525034,525034,225.876910,enabled
1782984747.864,2026-07-02 09:32:27.866,innodb_page_size,16384,16384,0.000000,enabled
1782984747.864,2026-07-02 09:32:27.866,innodb_rwlock_sx_os_waits,0,0,0.000000,enabled
1782984747.864,2026-07-02 09:32:27.866,innodb_rwlock_sx_spin_rounds,0,0,0.000000,enabled
1782984747.864,2026-07-02 09:32:27.866,innodb_rwlock_sx_spin_waits,0,0,0.000000,enabled
1782984747.864,2026-07-02 09:32:27.866,innodb_rwlock_s_os_waits,0,0,0.000000,enabled
1782984747.864,2026-07-02 09:32:27.866,innodb_rwlock_s_spin_rounds,0,0,0.000000,enabled
1782984747.864,2026-07-02 09:32:27.866,innodb_rwlock_s_spin_waits,0,0,0.000000,enabled
1782984747.864,2026-07-02 09:32:27.866,innodb_rwlock_x_os_waits,0,0,0.000000,enabled
1782984747.864,2026-07-02 09:32:27.866,innodb_rwlock_x_spin_rounds,0,0,0.000000,enabled
1782984747.864,2026-07-02 09:32:27.866,innodb_rwlock_x_spin_waits,0,0,0.000000,enabled
1782984747.864,2026-07-02 09:32:27.866,lock_deadlocks,0,0,0.000000,enabled
1782984747.864,2026-07-02 09:32:27.866,lock_deadlock_false_positives,0,0,0.000000,enabled
1782984747.864,2026-07-02 09:32:27.866,lock_deadlock_rounds,2561,2561,1.101778,enabled
1782984747.864,2026-07-02 09:32:27.866,lock_rec_grant_attempts,425,425,0.182841,enabled
1782984747.864,2026-07-02 09:32:27.866,lock_rec_release_attempts,40071703,40071703,17239.405465,enabled
1782984747.864,2026-07-02 09:32:27.866,lock_row_lock_current_waits,0,0,0.000000,enabled
1782984747.864,2026-07-02 09:32:27.866,lock_row_lock_time,323,323,0.138959,enabled
1782984747.864,2026-07-02 09:32:27.866,lock_row_lock_time_avg,0,0,0.000000,enabled
1782984747.864,2026-07-02 09:32:27.866,lock_row_lock_time_max,29,29,0.000000,enabled
1782984747.864,2026-07-02 09:32:27.866,lock_row_lock_waits,425,425,0.182841,enabled
1782984747.864,2026-07-02 09:32:27.866,lock_schedule_refreshes,2561,2561,1.101778,enabled
1782984747.864,2026-07-02 09:32:27.866,lock_threads_waiting,0,0,0.000000,enabled
1782984747.864,2026-07-02 09:32:27.866,lock_timeouts,0,0,0.000000,enabled
1782984747.864,2026-07-02 09:32:27.866,log_waits,0,0,0.000000,enabled
1782984747.864,2026-07-02 09:32:27.866,log_writes,200343282,200343282,86190.462675,enabled
1782984747.864,2026-07-02 09:32:27.866,log_write_requests,408822588,408822588,175881.155989,enabled
1782984747.864,2026-07-02 09:32:27.866,os_data_fsyncs,55514792,55514792,23883.235276,enabled
1782984747.864,2026-07-02 09:32:27.866,os_data_reads,76500816,76500816,32911.714595,enabled
1782984747.864,2026-07-02 09:32:27.866,os_data_writes,226798323,226798323,97571.791543,enabled
1782984747.864,2026-07-02 09:32:27.866,os_log_bytes_written,127192240640,127192240640,54719870.014760,enabled
1782984747.864,2026-07-02 09:32:27.866,os_log_fsyncs,48554193,48554193,20888.688763,enabled
1782984747.864,2026-07-02 09:32:27.866,os_log_pending_fsyncs,1,1,0.000430,enabled
1782984747.864,2026-07-02 09:32:27.866,os_log_pending_writes,1,1,0.000430,enabled
1782984747.864,2026-07-02 09:32:27.866,trx_rseg_history_len,258,258,0.000000,enabled
1782984748.937,2026-07-02 09:32:28.939,adaptive_hash_searches,0,0,0.000000,enabled
1782984748.937,2026-07-02 09:32:28.939,adaptive_hash_searches_btree,599598018,599598018,257836.337474,enabled
1782984748.937,2026-07-02 09:32:28.939,buffer_data_reads,1249415694848,1249415694848,537267968.529107,enabled
1782984748.937,2026-07-02 09:32:28.939,buffer_data_written,583662684672,583662684672,250983932.716732,enabled
1782984748.937,2026-07-02 09:32:28.939,buffer_pages0_read,7,7,0.003010,enabled
1782984748.937,2026-07-02 09:32:28.939,buffer_pages_created,1814853,1814853,780.414714,enabled
1782984748.937,2026-07-02 09:32:28.939,buffer_pages_read,76473636,76473636,32884.839934,enabled
1782984748.937,2026-07-02 09:32:28.939,buffer_pages_written,25681681,25681681,11043.517945,enabled
1782984748.937,2026-07-02 09:32:28.939,buffer_pool_bytes_data,12849102848,12849102848,0.000000,enabled
1782984748.937,2026-07-02 09:32:28.939,buffer_pool_bytes_dirty,4646453248,4646453248,0.000000,enabled
1782984748.937,2026-07-02 09:32:28.939,buffer_pool_pages_data,784247,784247,0.000000,enabled
1782984748.937,2026-07-02 09:32:28.939,buffer_pool_pages_dirty,283597,283597,0.000000,enabled
1782984748.937,2026-07-02 09:32:28.939,buffer_pool_pages_flushed,25624601,25624601,0.000000,enabled
1782984748.937,2026-07-02 09:32:28.939,buffer_pool_pages_free,2088,2088,0.000000,enabled
1782984748.937,2026-07-02 09:32:28.939,buffer_pool_pages_lru_flushed,0,0,0.000000,enabled
1782984748.937,2026-07-02 09:32:28.939,buffer_pool_pages_misc,96,96,0.000000,enabled
1782984748.937,2026-07-02 09:32:28.939,buffer_pool_pages_total,786432,786432,0.000000,enabled
1782984748.937,2026-07-02 09:32:28.939,buffer_pool_reads,75575870,75575870,32498.787772,enabled
1782984748.937,2026-07-02 09:32:28.939,buffer_pool_read_ahead,803715,803715,345.609822,enabled
1782984748.937,2026-07-02 09:32:28.939,buffer_pool_read_ahead_evicted,25,25,0.010750,enabled
1782984748.937,2026-07-02 09:32:28.939,buffer_pool_read_requests,2888234577,2888234577,1241985.333265,enabled
1782984748.937,2026-07-02 09:32:28.939,buffer_pool_size,12884901888,12884901888,0.000000,enabled
1782984748.937,2026-07-02 09:32:28.939,buffer_pool_wait_free,18945,18945,8.146642,enabled
1782984748.937,2026-07-02 09:32:28.939,buffer_pool_write_requests,606566837,606566837,260833.077974,enabled
1782984748.937,2026-07-02 09:32:28.939,dml_deletes,13188707,13188707,5671.345985,enabled
1782984748.937,2026-07-02 09:32:28.939,dml_inserts,113074115,113074115,48623.601141,enabled
1782984748.937,2026-07-02 09:32:28.939,dml_system_deletes,468,468,0.201247,enabled
1782984748.937,2026-07-02 09:32:28.939,dml_system_inserts,1202,1202,0.516878,enabled
1782984748.937,2026-07-02 09:32:28.939,dml_system_reads,7661,7661,3.294347,enabled
1782984748.937,2026-07-02 09:32:28.939,dml_system_updates,620,620,0.266609,enabled
1782984748.937,2026-07-02 09:32:28.939,dml_updates,26377535,26377535,11342.743991,enabled
1782984748.937,2026-07-02 09:32:28.939,file_num_open_files,35,35,0.000000,enabled
1782984748.937,2026-07-02 09:32:28.939,ibuf_merges,0,0,0.000000,enabled
1782984748.937,2026-07-02 09:32:28.939,ibuf_merges_delete,0,0,0.000000,enabled
1782984748.937,2026-07-02 09:32:28.939,ibuf_merges_delete_mark,0,0,0.000000,enabled
1782984748.937,2026-07-02 09:32:28.939,ibuf_merges_discard_delete,0,0,0.000000,enabled
1782984748.937,2026-07-02 09:32:28.939,ibuf_merges_discard_delete_mark,0,0,0.000000,enabled
1782984748.937,2026-07-02 09:32:28.939,ibuf_merges_discard_insert,0,0,0.000000,enabled
1782984748.937,2026-07-02 09:32:28.939,ibuf_merges_insert,0,0,0.000000,enabled
1782984748.937,2026-07-02 09:32:28.939,ibuf_size,1,1,0.000430,enabled
1782984748.937,2026-07-02 09:32:28.939,innodb_activity_count,18061181,18061181,7766.584547,enabled
1782984748.937,2026-07-02 09:32:28.939,innodb_dblwr_pages_written,25622372,25622372,11018.012450,enabled
1782984748.937,2026-07-02 09:32:28.939,innodb_dblwr_writes,525409,525409,225.933919,enabled
1782984748.937,2026-07-02 09:32:28.939,innodb_page_size,16384,16384,0.000000,enabled
1782984748.937,2026-07-02 09:32:28.939,innodb_rwlock_sx_os_waits,0,0,0.000000,enabled
1782984748.937,2026-07-02 09:32:28.939,innodb_rwlock_sx_spin_rounds,0,0,0.000000,enabled
1782984748.937,2026-07-02 09:32:28.939,innodb_rwlock_sx_spin_waits,0,0,0.000000,enabled
1782984748.937,2026-07-02 09:32:28.939,innodb_rwlock_s_os_waits,0,0,0.000000,enabled
1782984748.937,2026-07-02 09:32:28.939,innodb_rwlock_s_spin_rounds,0,0,0.000000,enabled
1782984748.937,2026-07-02 09:32:28.939,innodb_rwlock_s_spin_waits,0,0,0.000000,enabled
1782984748.937,2026-07-02 09:32:28.939,innodb_rwlock_x_os_waits,0,0,0.000000,enabled
1782984748.937,2026-07-02 09:32:28.939,innodb_rwlock_x_spin_rounds,0,0,0.000000,enabled
1782984748.937,2026-07-02 09:32:28.939,innodb_rwlock_x_spin_waits,0,0,0.000000,enabled
1782984748.937,2026-07-02 09:32:28.939,lock_deadlocks,0,0,0.000000,enabled
1782984748.937,2026-07-02 09:32:28.939,lock_deadlock_false_positives,0,0,0.000000,enabled
1782984748.937,2026-07-02 09:32:28.939,lock_deadlock_rounds,2562,2562,1.101699,enabled
1782984748.937,2026-07-02 09:32:28.939,lock_rec_grant_attempts,425,425,0.182757,enabled
1782984748.937,2026-07-02 09:32:28.939,lock_rec_release_attempts,40086530,40086530,17237.825306,enabled
1782984748.937,2026-07-02 09:32:28.939,lock_row_lock_current_waits,0,0,0.000000,enabled
1782984748.937,2026-07-02 09:32:28.939,lock_row_lock_time,323,323,0.138895,enabled
1782984748.937,2026-07-02 09:32:28.939,lock_row_lock_time_avg,0,0,0.000000,enabled
1782984748.937,2026-07-02 09:32:28.939,lock_row_lock_time_max,29,29,0.000000,enabled
1782984748.937,2026-07-02 09:32:28.939,lock_row_lock_waits,425,425,0.182757,enabled
1782984748.937,2026-07-02 09:32:28.939,lock_schedule_refreshes,2562,2562,1.101699,enabled
1782984748.937,2026-07-02 09:32:28.939,lock_threads_waiting,0,0,0.000000,enabled
1782984748.937,2026-07-02 09:32:28.939,lock_timeouts,0,0,0.000000,enabled
1782984748.937,2026-07-02 09:32:28.939,log_waits,0,0,0.000000,enabled
1782984748.937,2026-07-02 09:32:28.939,log_writes,200422340,200422340,86184.680848,enabled
1782984748.937,2026-07-02 09:32:28.939,log_write_requests,408905428,408905428,175835.607133,enabled
1782984748.937,2026-07-02 09:32:28.939,os_data_fsyncs,55549115,55549115,23886.972367,enabled
1782984748.937,2026-07-02 09:32:28.939,os_data_reads,76557900,76557900,32921.072551,enabled
1782984748.937,2026-07-02 09:32:28.939,os_data_writes,226893898,226893898,97567.860028,enabled
1782984748.937,2026-07-02 09:32:28.939,os_log_bytes_written,127233576960,127233576960,54712391.579688,enabled
1782984748.937,2026-07-02 09:32:28.939,os_log_fsyncs,48583481,48583481,20891.642736,enabled
1782984748.937,2026-07-02 09:32:28.939,os_log_pending_fsyncs,1,1,0.000430,enabled
1782984748.937,2026-07-02 09:32:28.939,os_log_pending_writes,0,0,0.000000,enabled
1782984748.937,2026-07-02 09:32:28.939,trx_rseg_history_len,322,322,0.000000,enabled
1782984750.010,2026-07-02 09:32:30.011,adaptive_hash_searches,0,0,0.000000,enabled
1782984750.010,2026-07-02 09:32:30.011,adaptive_hash_searches_btree,599765897,599765897,257790.022781,enabled
1782984750.010,2026-07-02 09:32:30.011,buffer_data_reads,1250346764800,1250346764800,537421294.890118,enabled
1782984750.010,2026-07-02 09:32:30.011,buffer_data_written,583968216576,583968216576,250999933.506436,enabled
1782984750.010,2026-07-02 09:32:30.011,buffer_pages0_read,7,7,0.003009,enabled
1782984750.010,2026-07-02 09:32:30.011,buffer_pages_created,1814891,1814891,780.072463,enabled
1782984750.010,2026-07-02 09:32:30.011,buffer_pages_read,76530614,76530614,32894.220163,enabled
1782984750.010,2026-07-02 09:32:30.011,buffer_pages_written,25697439,25697439,11045.216746,enabled
1782984750.010,2026-07-02 09:32:30.011,buffer_pool_bytes_data,12851789824,12851789824,0.000000,enabled
1782984750.010,2026-07-02 09:32:30.011,buffer_pool_bytes_dirty,4657971200,4657971200,0.000000,enabled
1782984750.010,2026-07-02 09:32:30.011,buffer_pool_pages_data,784411,784411,0.000000,enabled
1782984750.010,2026-07-02 09:32:30.011,buffer_pool_pages_dirty,284300,284300,0.000000,enabled
1782984750.010,2026-07-02 09:32:30.011,buffer_pool_pages_flushed,25640369,25640369,0.000000,enabled
1782984750.010,2026-07-02 09:32:30.011,buffer_pool_pages_free,1925,1925,0.000000,enabled
1782984750.010,2026-07-02 09:32:30.011,buffer_pool_pages_lru_flushed,0,0,0.000000,enabled
1782984750.010,2026-07-02 09:32:30.011,buffer_pool_pages_misc,96,96,0.000000,enabled
1782984750.010,2026-07-02 09:32:30.011,buffer_pool_pages_total,786432,786432,0.000000,enabled
1782984750.010,2026-07-02 09:32:30.011,buffer_pool_reads,75632779,75632779,32508.315862,enabled
1782984750.010,2026-07-02 09:32:30.011,buffer_pool_read_ahead,803715,803715,345.451022,enabled
1782984750.010,2026-07-02 09:32:30.011,buffer_pool_read_ahead_evicted,25,25,0.010745,enabled
1782984750.010,2026-07-02 09:32:30.011,buffer_pool_read_requests,2889066192,2889066192,1241772.112585,enabled
1782984750.010,2026-07-02 09:32:30.011,buffer_pool_size,12884901888,12884901888,0.000000,enabled
1782984750.010,2026-07-02 09:32:30.011,buffer_pool_wait_free,18945,18945,8.142898,enabled
1782984750.010,2026-07-02 09:32:30.011,buffer_pool_write_requests,606679725,606679725,260761.752432,enabled
1782984750.010,2026-07-02 09:32:30.011,dml_deletes,13193558,13193558,5670.825124,enabled
1782984750.010,2026-07-02 09:32:30.011,dml_inserts,113078964,113078964,48603.343437,enabled
1782984750.010,2026-07-02 09:32:30.011,dml_system_deletes,468,468,0.201155,enabled
1782984750.010,2026-07-02 09:32:30.011,dml_system_inserts,1202,1202,0.516641,enabled
1782984750.010,2026-07-02 09:32:30.011,dml_system_reads,7661,7661,3.292834,enabled
1782984750.010,2026-07-02 09:32:30.011,dml_system_updates,620,620,0.266487,enabled
1782984750.010,2026-07-02 09:32:30.011,dml_updates,26387245,26387245,11341.705684,enabled
1782984750.010,2026-07-02 09:32:30.011,file_num_open_files,35,35,0.000000,enabled
1782984750.010,2026-07-02 09:32:30.011,ibuf_merges,0,0,0.000000,enabled
1782984750.010,2026-07-02 09:32:30.011,ibuf_merges_delete,0,0,0.000000,enabled
1782984750.010,2026-07-02 09:32:30.011,ibuf_merges_delete_mark,0,0,0.000000,enabled
1782984750.010,2026-07-02 09:32:30.011,ibuf_merges_discard_delete,0,0,0.000000,enabled
1782984750.010,2026-07-02 09:32:30.011,ibuf_merges_discard_delete_mark,0,0,0.000000,enabled
1782984750.010,2026-07-02 09:32:30.011,ibuf_merges_discard_insert,0,0,0.000000,enabled
1782984750.010,2026-07-02 09:32:30.011,ibuf_merges_insert,0,0,0.000000,enabled
1782984750.010,2026-07-02 09:32:30.011,ibuf_size,1,1,0.000430,enabled
1782984750.010,2026-07-02 09:32:30.011,innodb_activity_count,18066752,18066752,7765.410429,enabled
1782984750.010,2026-07-02 09:32:30.011,innodb_dblwr_pages_written,25638140,25638140,11019.727199,enabled
1782984750.010,2026-07-02 09:32:30.011,innodb_dblwr_writes,525769,525769,225.984840,enabled
1782984750.010,2026-07-02 09:32:30.011,innodb_page_size,16384,16384,0.000000,enabled
1782984750.010,2026-07-02 09:32:30.011,innodb_rwlock_sx_os_waits,0,0,0.000000,enabled
1782984750.010,2026-07-02 09:32:30.011,innodb_rwlock_sx_spin_rounds,0,0,0.000000,enabled
1782984750.010,2026-07-02 09:32:30.011,innodb_rwlock_sx_spin_waits,0,0,0.000000,enabled
1782984750.010,2026-07-02 09:32:30.011,innodb_rwlock_s_os_waits,0,0,0.000000,enabled
1782984750.010,2026-07-02 09:32:30.011,innodb_rwlock_s_spin_rounds,0,0,0.000000,enabled
1782984750.010,2026-07-02 09:32:30.011,innodb_rwlock_s_spin_waits,0,0,0.000000,enabled
1782984750.010,2026-07-02 09:32:30.011,innodb_rwlock_x_os_waits,0,0,0.000000,enabled
1782984750.010,2026-07-02 09:32:30.011,innodb_rwlock_x_spin_rounds,0,0,0.000000,enabled
1782984750.010,2026-07-02 09:32:30.011,innodb_rwlock_x_spin_waits,0,0,0.000000,enabled
1782984750.010,2026-07-02 09:32:30.011,lock_deadlocks,0,0,0.000000,enabled
1782984750.010,2026-07-02 09:32:30.011,lock_deadlock_false_positives,0,0,0.000000,enabled
1782984750.010,2026-07-02 09:32:30.011,lock_deadlock_rounds,2563,2563,1.101623,enabled
1782984750.010,2026-07-02 09:32:30.011,lock_rec_grant_attempts,425,425,0.182673,enabled
1782984750.010,2026-07-02 09:32:30.011,lock_rec_release_attempts,40101274,40101274,17236.242190,enabled
1782984750.010,2026-07-02 09:32:30.011,lock_row_lock_current_waits,0,0,0.000000,enabled
1782984750.010,2026-07-02 09:32:30.011,lock_row_lock_time,323,323,0.138831,enabled
1782984750.010,2026-07-02 09:32:30.011,lock_row_lock_time_avg,0,0,0.000000,enabled
1782984750.010,2026-07-02 09:32:30.011,lock_row_lock_time_max,29,29,0.000000,enabled
1782984750.010,2026-07-02 09:32:30.011,lock_row_lock_waits,425,425,0.182673,enabled
1782984750.010,2026-07-02 09:32:30.011,lock_schedule_refreshes,2563,2563,1.101623,enabled
1782984750.010,2026-07-02 09:32:30.011,lock_threads_waiting,0,0,0.000000,enabled
1782984750.010,2026-07-02 09:32:30.011,lock_timeouts,0,0,0.000000,enabled
1782984750.010,2026-07-02 09:32:30.011,log_waits,0,0,0.000000,enabled
1782984750.010,2026-07-02 09:32:30.011,log_writes,200501352,200501352,86179.041195,enabled
1782984750.010,2026-07-02 09:32:30.011,log_write_requests,408987883,408987883,175790.254240,enabled
1782984750.010,2026-07-02 09:32:30.011,os_data_fsyncs,55583284,55583284,23890.683222,enabled
1782984750.010,2026-07-02 09:32:30.011,os_data_reads,76614722,76614722,32930.369073,enabled
1782984750.010,2026-07-02 09:32:30.011,os_data_writes,226988897,226988897,97563.861798,enabled
1782984750.010,2026-07-02 09:32:30.011,os_log_bytes_written,127274967552,127274967552,54705042.718196,enabled
1782984750.010,2026-07-02 09:32:30.011,os_log_fsyncs,48612657,48612657,20894.583801,enabled
1782984750.010,2026-07-02 09:32:30.011,os_log_pending_fsyncs,1,1,0.000430,enabled
1782984750.010,2026-07-02 09:32:30.011,os_log_pending_writes,0,0,0.000000,enabled
1782984750.010,2026-07-02 09:32:30.011,trx_rseg_history_len,366,366,0.000000,enabled
1782984751.079,2026-07-02 09:32:31.081,adaptive_hash_searches,0,0,0.000000,enabled
1782984751.079,2026-07-02 09:32:31.081,adaptive_hash_searches_btree,599934526,599934526,257743.730401,enabled
1782984751.079,2026-07-02 09:32:31.081,buffer_data_reads,1251281963520,1251281963520,537575532.010397,enabled
1782984751.079,2026-07-02 09:32:31.081,buffer_data_written,584281710592,584281710592,251019003.198060,enabled
1782984751.079,2026-07-02 09:32:31.081,buffer_pages0_read,7,7,0.003007,enabled
1782984751.079,2026-07-02 09:32:31.081,buffer_pages_created,1814922,1814922,779.726470,enabled
1782984751.079,2026-07-02 09:32:31.081,buffer_pages_read,76587834,76587834,32903.651531,enabled
1782984751.079,2026-07-02 09:32:31.081,buffer_pages_written,25713631,25713631,11047.085582,enabled
1782984751.079,2026-07-02 09:32:31.081,buffer_pool_bytes_data,12846694400,12846694400,0.000000,enabled
1782984751.079,2026-07-02 09:32:31.081,buffer_pool_bytes_dirty,4659429376,4659429376,0.000000,enabled
1782984751.079,2026-07-02 09:32:31.081,buffer_pool_pages_data,784100,784100,0.000000,enabled
1782984751.079,2026-07-02 09:32:31.081,buffer_pool_pages_dirty,284389,284389,0.000000,enabled
1782984751.079,2026-07-02 09:32:31.081,buffer_pool_pages_flushed,25656561,25656561,0.000000,enabled
1782984751.079,2026-07-02 09:32:31.081,buffer_pool_pages_free,2236,2236,0.000000,enabled
1782984751.079,2026-07-02 09:32:31.081,buffer_pool_pages_lru_flushed,0,0,0.000000,enabled
1782984751.079,2026-07-02 09:32:31.081,buffer_pool_pages_misc,96,96,0.000000,enabled
1782984751.079,2026-07-02 09:32:31.081,buffer_pool_pages_total,786432,786432,0.000000,enabled
1782984751.079,2026-07-02 09:32:31.081,buffer_pool_reads,75689956,75689956,32517.906481,enabled
1782984751.079,2026-07-02 09:32:31.081,buffer_pool_read_ahead,803715,803715,345.291903,enabled
1782984751.079,2026-07-02 09:32:31.081,buffer_pool_read_ahead_evicted,25,25,0.010740,enabled
1782984751.079,2026-07-02 09:32:31.081,buffer_pool_read_requests,2889901541,2889901541,1241559.019886,enabled
1782984751.079,2026-07-02 09:32:31.081,buffer_pool_size,12884901888,12884901888,0.000000,enabled
1782984751.079,2026-07-02 09:32:31.081,buffer_pool_wait_free,18945,18945,8.139148,enabled
1782984751.079,2026-07-02 09:32:31.081,buffer_pool_write_requests,606793164,606793164,260690.378075,enabled
1782984751.079,2026-07-02 09:32:31.081,dml_deletes,13198432,13198432,5670.307091,enabled
1782984751.079,2026-07-02 09:32:31.081,dml_inserts,113083840,113083840,48583.051409,enabled
1782984751.079,2026-07-02 09:32:31.081,dml_system_deletes,468,468,0.201062,enabled
1782984751.079,2026-07-02 09:32:31.081,dml_system_inserts,1202,1202,0.516403,enabled
1782984751.079,2026-07-02 09:32:31.081,dml_system_reads,7661,7661,3.291317,enabled
1782984751.079,2026-07-02 09:32:31.081,dml_system_updates,620,620,0.266364,enabled
1782984751.079,2026-07-02 09:32:31.081,dml_updates,26396990,26396990,11340.668257,enabled
1782984751.079,2026-07-02 09:32:31.081,file_num_open_files,35,35,0.000000,enabled
1782984751.079,2026-07-02 09:32:31.081,ibuf_merges,0,0,0.000000,enabled
1782984751.079,2026-07-02 09:32:31.081,ibuf_merges_delete,0,0,0.000000,enabled
1782984751.079,2026-07-02 09:32:31.081,ibuf_merges_delete_mark,0,0,0.000000,enabled
1782984751.079,2026-07-02 09:32:31.081,ibuf_merges_discard_delete,0,0,0.000000,enabled
1782984751.079,2026-07-02 09:32:31.081,ibuf_merges_discard_delete_mark,0,0,0.000000,enabled
1782984751.079,2026-07-02 09:32:31.081,ibuf_merges_discard_insert,0,0,0.000000,enabled
1782984751.079,2026-07-02 09:32:31.081,ibuf_merges_insert,0,0,0.000000,enabled
1782984751.079,2026-07-02 09:32:31.081,ibuf_size,1,1,0.000430,enabled
1782984751.079,2026-07-02 09:32:31.081,innodb_activity_count,18072359,18072359,7764.242540,enabled
1782984751.079,2026-07-02 09:32:31.081,innodb_dblwr_pages_written,25654332,25654332,11021.607885,enabled
1782984751.079,2026-07-02 09:32:31.081,innodb_dblwr_writes,526151,526151,226.044865,enabled
1782984751.079,2026-07-02 09:32:31.081,innodb_page_size,16384,16384,0.000000,enabled
1782984751.079,2026-07-02 09:32:31.081,innodb_rwlock_sx_os_waits,0,0,0.000000,enabled
1782984751.079,2026-07-02 09:32:31.081,innodb_rwlock_sx_spin_rounds,0,0,0.000000,enabled
1782984751.079,2026-07-02 09:32:31.081,innodb_rwlock_sx_spin_waits,0,0,0.000000,enabled
1782984751.079,2026-07-02 09:32:31.081,innodb_rwlock_s_os_waits,0,0,0.000000,enabled
1782984751.079,2026-07-02 09:32:31.081,innodb_rwlock_s_spin_rounds,0,0,0.000000,enabled
1782984751.079,2026-07-02 09:32:31.081,innodb_rwlock_s_spin_waits,0,0,0.000000,enabled
1782984751.079,2026-07-02 09:32:31.081,innodb_rwlock_x_os_waits,0,0,0.000000,enabled
1782984751.079,2026-07-02 09:32:31.081,innodb_rwlock_x_spin_rounds,0,0,0.000000,enabled
1782984751.079,2026-07-02 09:32:31.081,innodb_rwlock_x_spin_waits,0,0,0.000000,enabled
1782984751.079,2026-07-02 09:32:31.081,lock_deadlocks,0,0,0.000000,enabled
1782984751.079,2026-07-02 09:32:31.081,lock_deadlock_false_positives,0,0,0.000000,enabled
1782984751.079,2026-07-02 09:32:31.081,lock_deadlock_rounds,2564,2564,1.101545,enabled
1782984751.079,2026-07-02 09:32:31.081,lock_rec_grant_attempts,425,425,0.182588,enabled
1782984751.079,2026-07-02 09:32:31.081,lock_rec_release_attempts,40116088,40116088,17234.667356,enabled
1782984751.079,2026-07-02 09:32:31.081,lock_row_lock_current_waits,0,0,0.000000,enabled
1782984751.079,2026-07-02 09:32:31.081,lock_row_lock_time,323,323,0.138767,enabled
1782984751.079,2026-07-02 09:32:31.081,lock_row_lock_time_avg,0,0,0.000000,enabled
1782984751.079,2026-07-02 09:32:31.081,lock_row_lock_time_max,29,29,0.000000,enabled
1782984751.079,2026-07-02 09:32:31.081,lock_row_lock_waits,425,425,0.182588,enabled
1782984751.079,2026-07-02 09:32:31.081,lock_schedule_refreshes,2564,2564,1.101545,enabled
1782984751.079,2026-07-02 09:32:31.081,lock_threads_waiting,0,0,0.000000,enabled
1782984751.079,2026-07-02 09:32:31.081,lock_timeouts,0,0,0.000000,enabled
1782984751.079,2026-07-02 09:32:31.081,log_waits,0,0,0.000000,enabled
1782984751.079,2026-07-02 09:32:31.081,log_writes,200581427,200581427,86173.748601,enabled
1782984751.079,2026-07-02 09:32:31.081,log_write_requests,409070769,409070769,175744.894037,enabled
1782984751.079,2026-07-02 09:32:31.081,os_data_fsyncs,55617186,55617186,23894.243970,enabled
1782984751.079,2026-07-02 09:32:31.081,os_data_reads,76671778,76671778,32939.713485,enabled
1782984751.079,2026-07-02 09:32:31.081,os_data_writes,227085475,227085475,97560.414970,enabled
1782984751.079,2026-07-02 09:32:31.081,os_log_bytes_written,127316961280,127316961280,54697886.535921,enabled
1782984751.079,2026-07-02 09:32:31.081,os_log_fsyncs,48641575,48641575,20897.383361,enabled
1782984751.079,2026-07-02 09:32:31.081,os_log_pending_fsyncs,0,0,0.000000,enabled
1782984751.079,2026-07-02 09:32:31.081,os_log_pending_writes,1,1,0.000430,enabled
1782984751.079,2026-07-02 09:32:31.081,trx_rseg_history_len,390,390,0.000000,enabled
1782984752.151,2026-07-02 09:32:32.153,adaptive_hash_searches,0,0,0.000000,enabled
1782984752.151,2026-07-02 09:32:32.153,adaptive_hash_searches_btree,600103229,600103229,257697.506646,enabled
1782984752.151,2026-07-02 09:32:32.153,buffer_data_reads,1252216162816,1252216162816,537729196.307187,enabled
1782984752.151,2026-07-02 09:32:32.153,buffer_data_written,584591554048,584591554048,251036486.877587,enabled
1782984752.151,2026-07-02 09:32:32.153,buffer_pages0_read,7,7,0.003006,enabled
1782984752.151,2026-07-02 09:32:32.153,buffer_pages_created,1814956,1814956,779.382082,enabled
1782984752.151,2026-07-02 09:32:32.153,buffer_pages_read,76645024,76645024,32913.061229,enabled
1782984752.151,2026-07-02 09:32:32.153,buffer_pages_written,25729630,25729630,11048.869795,enabled
1782984752.151,2026-07-02 09:32:32.153,buffer_pool_bytes_data,12852559872,12852559872,0.000000,enabled
1782984752.151,2026-07-02 09:32:32.153,buffer_pool_bytes_dirty,4665458688,4665458688,0.000000,enabled
1782984752.151,2026-07-02 09:32:32.153,buffer_pool_pages_data,784458,784458,0.000000,enabled
1782984752.151,2026-07-02 09:32:32.153,buffer_pool_pages_dirty,284757,284757,0.000000,enabled
1782984752.151,2026-07-02 09:32:32.153,buffer_pool_pages_flushed,25672530,25672530,0.000000,enabled
1782984752.151,2026-07-02 09:32:32.153,buffer_pool_pages_free,1878,1878,0.000000,enabled
1782984752.151,2026-07-02 09:32:32.153,buffer_pool_pages_lru_flushed,0,0,0.000000,enabled
1782984752.151,2026-07-02 09:32:32.153,buffer_pool_pages_misc,96,96,0.000000,enabled
1782984752.151,2026-07-02 09:32:32.153,buffer_pool_pages_total,786432,786432,0.000000,enabled
1782984752.151,2026-07-02 09:32:32.153,buffer_pool_reads,75747093,75747093,32527.470979,enabled
1782984752.151,2026-07-02 09:32:32.153,buffer_pool_read_ahead,803715,803715,345.132929,enabled
1782984752.151,2026-07-02 09:32:32.153,buffer_pool_read_ahead_evicted,25,25,0.010736,enabled
1782984752.151,2026-07-02 09:32:32.153,buffer_pool_read_requests,2890736832,2890736832,1241346.093452,enabled
1782984752.151,2026-07-02 09:32:32.153,buffer_pool_size,12884901888,12884901888,0.000000,enabled
1782984752.151,2026-07-02 09:32:32.153,buffer_pool_wait_free,18945,18945,8.135400,enabled
1782984752.151,2026-07-02 09:32:32.153,buffer_pool_write_requests,606906856,606906856,260619.177073,enabled
1782984752.151,2026-07-02 09:32:32.153,dml_deletes,13203300,13203300,5669.786838,enabled
1782984752.151,2026-07-02 09:32:32.153,dml_inserts,113088706,113088706,48562.772773,enabled
1782984752.151,2026-07-02 09:32:32.153,dml_system_deletes,468,468,0.200969,enabled
1782984752.151,2026-07-02 09:32:32.153,dml_system_inserts,1202,1202,0.516165,enabled
1782984752.151,2026-07-02 09:32:32.153,dml_system_reads,7661,7661,3.289802,enabled
1782984752.151,2026-07-02 09:32:32.153,dml_system_updates,620,620,0.266242,enabled
1782984752.151,2026-07-02 09:32:32.153,dml_updates,26406725,26406725,11339.627345,enabled
1782984752.151,2026-07-02 09:32:32.153,file_num_open_files,35,35,0.000000,enabled
1782984752.151,2026-07-02 09:32:32.153,ibuf_merges,0,0,0.000000,enabled
1782984752.151,2026-07-02 09:32:32.153,ibuf_merges_delete,0,0,0.000000,enabled
1782984752.151,2026-07-02 09:32:32.153,ibuf_merges_delete_mark,0,0,0.000000,enabled
1782984752.151,2026-07-02 09:32:32.153,ibuf_merges_discard_delete,0,0,0.000000,enabled
1782984752.151,2026-07-02 09:32:32.153,ibuf_merges_discard_delete_mark,0,0,0.000000,enabled
1782984752.151,2026-07-02 09:32:32.153,ibuf_merges_discard_insert,0,0,0.000000,enabled
1782984752.151,2026-07-02 09:32:32.153,ibuf_merges_insert,0,0,0.000000,enabled
1782984752.151,2026-07-02 09:32:32.153,ibuf_size,1,1,0.000429,enabled
1782984752.151,2026-07-02 09:32:32.153,innodb_activity_count,18077949,18077949,7763.068253,enabled
1782984752.151,2026-07-02 09:32:32.153,innodb_dblwr_pages_written,25670355,25670355,11023.414026,enabled
1782984752.151,2026-07-02 09:32:32.153,innodb_dblwr_writes,526493,526493,226.087654,enabled
1782984752.151,2026-07-02 09:32:32.153,innodb_page_size,16384,16384,0.000000,enabled
1782984752.151,2026-07-02 09:32:32.153,innodb_rwlock_sx_os_waits,0,0,0.000000,enabled
1782984752.151,2026-07-02 09:32:32.153,innodb_rwlock_sx_spin_rounds,0,0,0.000000,enabled
1782984752.151,2026-07-02 09:32:32.153,innodb_rwlock_sx_spin_waits,0,0,0.000000,enabled
1782984752.151,2026-07-02 09:32:32.153,innodb_rwlock_s_os_waits,0,0,0.000000,enabled
1782984752.151,2026-07-02 09:32:32.153,innodb_rwlock_s_spin_rounds,0,0,0.000000,enabled
1782984752.151,2026-07-02 09:32:32.153,innodb_rwlock_s_spin_waits,0,0,0.000000,enabled
1782984752.151,2026-07-02 09:32:32.153,innodb_rwlock_x_os_waits,0,0,0.000000,enabled
1782984752.151,2026-07-02 09:32:32.153,innodb_rwlock_x_spin_rounds,0,0,0.000000,enabled
1782984752.151,2026-07-02 09:32:32.153,innodb_rwlock_x_spin_waits,0,0,0.000000,enabled
1782984752.151,2026-07-02 09:32:32.153,lock_deadlocks,0,0,0.000000,enabled
1782984752.151,2026-07-02 09:32:32.153,lock_deadlock_false_positives,0,0,0.000000,enabled
1782984752.151,2026-07-02 09:32:32.153,lock_deadlock_rounds,2566,2566,1.101897,enabled
1782984752.151,2026-07-02 09:32:32.153,lock_rec_grant_attempts,425,425,0.182504,enabled
1782984752.151,2026-07-02 09:32:32.153,lock_rec_release_attempts,40130858,40130858,17233.074954,enabled
1782984752.151,2026-07-02 09:32:32.153,lock_row_lock_current_waits,0,0,0.000000,enabled
1782984752.151,2026-07-02 09:32:32.153,lock_row_lock_time,323,323,0.138703,enabled
1782984752.151,2026-07-02 09:32:32.153,lock_row_lock_time_avg,0,0,0.000000,enabled
1782984752.151,2026-07-02 09:32:32.153,lock_row_lock_time_max,29,29,0.000000,enabled
1782984752.151,2026-07-02 09:32:32.153,lock_row_lock_waits,425,425,0.182504,enabled
1782984752.151,2026-07-02 09:32:32.153,lock_schedule_refreshes,2566,2566,1.101897,enabled
1782984752.151,2026-07-02 09:32:32.153,lock_threads_waiting,0,0,0.000000,enabled
1782984752.151,2026-07-02 09:32:32.153,lock_timeouts,0,0,0.000000,enabled
1782984752.151,2026-07-02 09:32:32.153,log_waits,0,0,0.000000,enabled
1782984752.151,2026-07-02 09:32:32.153,log_writes,200660137,200660137,86167.872602,enabled
1782984752.151,2026-07-02 09:32:32.153,log_write_requests,409153548,409153548,175699.525347,enabled
1782984752.151,2026-07-02 09:32:32.153,os_data_fsyncs,55650743,55650743,23897.652890,enabled
1782984752.151,2026-07-02 09:32:32.153,os_data_reads,76728804,76728804,32949.035889,enabled
1782984752.151,2026-07-02 09:32:32.153,os_data_writes,227180461,227180461,97556.286075,enabled
1782984752.151,2026-07-02 09:32:32.153,os_log_bytes_written,127358233600,127358233600,54690426.197918,enabled
1782984752.151,2026-07-02 09:32:32.153,os_log_fsyncs,48670205,48670205,20900.056300,enabled
1782984752.151,2026-07-02 09:32:32.153,os_log_pending_fsyncs,0,0,0.000000,enabled
1782984752.151,2026-07-02 09:32:32.153,os_log_pending_writes,0,0,0.000000,enabled
1782984752.151,2026-07-02 09:32:32.153,trx_rseg_history_len,412,412,0.000000,enabled
1782984753.223,2026-07-02 09:32:33.225,adaptive_hash_searches,0,0,0.000000,enabled
1782984753.223,2026-07-02 09:32:33.225,adaptive_hash_searches_btree,600271238,600271238,257650.996043,enabled
1782984753.223,2026-07-02 09:32:33.225,buffer_data_reads,1253148903936,1253148903936,537882009.548322,enabled
1782984753.223,2026-07-02 09:32:33.225,buffer_data_written,584903206912,584903206912,251054692.003140,enabled
1782984753.223,2026-07-02 09:32:33.225,buffer_pages0_read,7,7,0.003005,enabled
1782984753.223,2026-07-02 09:32:33.225,buffer_pages_created,1814983,1814983,779.034884,enabled
1782984753.223,2026-07-02 09:32:33.225,buffer_pages_read,76702112,76702112,32922.413353,enabled
1782984753.223,2026-07-02 09:32:33.225,buffer_pages_written,25745763,25745763,11050.708153,enabled
1782984753.223,2026-07-02 09:32:33.225,buffer_pool_bytes_data,12852281344,12852281344,0.000000,enabled
1782984753.223,2026-07-02 09:32:33.225,buffer_pool_bytes_dirty,4670390272,4670390272,0.000000,enabled
1782984753.223,2026-07-02 09:32:33.225,buffer_pool_pages_data,784441,784441,0.000000,enabled
1782984753.223,2026-07-02 09:32:33.225,buffer_pool_pages_dirty,285058,285058,0.000000,enabled
1782984753.223,2026-07-02 09:32:33.225,buffer_pool_pages_flushed,25688693,25688693,0.000000,enabled
1782984753.223,2026-07-02 09:32:33.225,buffer_pool_pages_free,1893,1893,0.000000,enabled
1782984753.223,2026-07-02 09:32:33.225,buffer_pool_pages_lru_flushed,0,0,0.000000,enabled
1782984753.223,2026-07-02 09:32:33.225,buffer_pool_pages_misc,97,97,0.000000,enabled
1782984753.223,2026-07-02 09:32:33.225,buffer_pool_pages_total,786432,786432,0.000000,enabled
1782984753.223,2026-07-02 09:32:33.225,buffer_pool_reads,75804121,75804121,32536.974818,enabled
1782984753.223,2026-07-02 09:32:33.225,buffer_pool_read_ahead,803715,803715,344.974048,enabled
1782984753.223,2026-07-02 09:32:33.225,buffer_pool_read_ahead_evicted,25,25,0.010731,enabled
1782984753.223,2026-07-02 09:32:33.225,buffer_pool_read_requests,2891568734,2891568734,1241131.713869,enabled
1782984753.223,2026-07-02 09:32:33.225,buffer_pool_size,12884901888,12884901888,0.000000,enabled
1782984753.223,2026-07-02 09:32:33.225,buffer_pool_wait_free,18945,18945,8.131655,enabled
1782984753.223,2026-07-02 09:32:33.225,buffer_pool_write_requests,607019268,607019268,260547.451271,enabled
1782984753.223,2026-07-02 09:32:33.225,dml_deletes,13208158,13208158,5669.262086,enabled
1782984753.223,2026-07-02 09:32:33.225,dml_inserts,113093565,113093565,48542.503888,enabled
1782984753.223,2026-07-02 09:32:33.225,dml_system_deletes,468,468,0.200877,enabled
1782984753.223,2026-07-02 09:32:33.225,dml_system_inserts,1202,1202,0.515928,enabled
1782984753.223,2026-07-02 09:32:33.225,dml_system_reads,7661,7661,3.288287,enabled
1782984753.223,2026-07-02 09:32:33.225,dml_system_updates,620,620,0.266119,enabled
1782984753.223,2026-07-02 09:32:33.225,dml_updates,26416441,26416441,11338.577813,enabled
1782984753.223,2026-07-02 09:32:33.225,file_num_open_files,35,35,0.000000,enabled
1782984753.223,2026-07-02 09:32:33.225,ibuf_merges,0,0,0.000000,enabled
1782984753.223,2026-07-02 09:32:33.225,ibuf_merges_delete,0,0,0.000000,enabled
1782984753.223,2026-07-02 09:32:33.225,ibuf_merges_delete_mark,0,0,0.000000,enabled
1782984753.223,2026-07-02 09:32:33.225,ibuf_merges_discard_delete,0,0,0.000000,enabled
1782984753.223,2026-07-02 09:32:33.225,ibuf_merges_discard_delete_mark,0,0,0.000000,enabled
1782984753.223,2026-07-02 09:32:33.225,ibuf_merges_discard_insert,0,0,0.000000,enabled
1782984753.223,2026-07-02 09:32:33.225,ibuf_merges_insert,0,0,0.000000,enabled
1782984753.223,2026-07-02 09:32:33.225,ibuf_size,1,1,0.000429,enabled
1782984753.223,2026-07-02 09:32:33.225,innodb_activity_count,18083534,18083534,7761.891953,enabled
1782984753.223,2026-07-02 09:32:33.225,innodb_dblwr_pages_written,25686464,25686464,11025.254079,enabled
1782984753.223,2026-07-02 09:32:33.225,innodb_dblwr_writes,526837,526837,226.131233,enabled
1782984753.223,2026-07-02 09:32:33.225,innodb_page_size,16384,16384,0.000000,enabled
1782984753.223,2026-07-02 09:32:33.225,innodb_rwlock_sx_os_waits,0,0,0.000000,enabled
1782984753.223,2026-07-02 09:32:33.225,innodb_rwlock_sx_spin_rounds,0,0,0.000000,enabled
1782984753.223,2026-07-02 09:32:33.225,innodb_rwlock_sx_spin_waits,0,0,0.000000,enabled
1782984753.223,2026-07-02 09:32:33.225,innodb_rwlock_s_os_waits,0,0,0.000000,enabled
1782984753.223,2026-07-02 09:32:33.225,innodb_rwlock_s_spin_rounds,0,0,0.000000,enabled
1782984753.223,2026-07-02 09:32:33.225,innodb_rwlock_s_spin_waits,0,0,0.000000,enabled
1782984753.223,2026-07-02 09:32:33.225,innodb_rwlock_x_os_waits,0,0,0.000000,enabled
1782984753.223,2026-07-02 09:32:33.225,innodb_rwlock_x_spin_rounds,0,0,0.000000,enabled
1782984753.223,2026-07-02 09:32:33.225,innodb_rwlock_x_spin_waits,0,0,0.000000,enabled
1782984753.223,2026-07-02 09:32:33.225,lock_deadlocks,0,0,0.000000,enabled
1782984753.223,2026-07-02 09:32:33.225,lock_deadlock_false_positives,0,0,0.000000,enabled
1782984753.223,2026-07-02 09:32:33.225,lock_deadlock_rounds,2567,2567,1.101819,enabled
1782984753.223,2026-07-02 09:32:33.225,lock_rec_grant_attempts,425,425,0.182420,enabled
1782984753.223,2026-07-02 09:32:33.225,lock_rec_release_attempts,40145594,40145594,17231.466827,enabled
1782984753.223,2026-07-02 09:32:33.225,lock_row_lock_current_waits,0,0,0.000000,enabled
1782984753.223,2026-07-02 09:32:33.225,lock_row_lock_time,323,323,0.138639,enabled
1782984753.223,2026-07-02 09:32:33.225,lock_row_lock_time_avg,0,0,0.000000,enabled
1782984753.223,2026-07-02 09:32:33.225,lock_row_lock_time_max,29,29,0.000000,enabled
1782984753.223,2026-07-02 09:32:33.225,lock_row_lock_waits,425,425,0.182420,enabled
1782984753.223,2026-07-02 09:32:33.225,lock_schedule_refreshes,2567,2567,1.101819,enabled
1782984753.223,2026-07-02 09:32:33.225,lock_threads_waiting,0,0,0.000000,enabled
1782984753.223,2026-07-02 09:32:33.225,lock_timeouts,0,0,0.000000,enabled
1782984753.223,2026-07-02 09:32:33.225,log_waits,0,0,0.000000,enabled
1782984753.223,2026-07-02 09:32:33.225,log_writes,200739406,200739406,86162.231738,enabled
1782984753.223,2026-07-02 09:32:33.225,log_write_requests,409236098,409236098,175654.079283,enabled
1782984753.223,2026-07-02 09:32:33.225,os_data_fsyncs,55684307,55684307,23901.058550,enabled
1782984753.223,2026-07-02 09:32:33.225,os_data_reads,76785727,76785727,32958.301147,enabled
1782984753.223,2026-07-02 09:32:33.225,os_data_writes,227276092,227276092,97552.425061,enabled
1782984753.223,2026-07-02 09:32:33.225,os_log_bytes_written,127399537664,127399537664,54682979.242644,enabled
1782984753.223,2026-07-02 09:32:33.225,os_log_fsyncs,48698958,48698958,20902.776857,enabled
1782984753.223,2026-07-02 09:32:33.225,os_log_pending_fsyncs,1,1,0.000429,enabled
1782984753.223,2026-07-02 09:32:33.225,os_log_pending_writes,0,0,0.000000,enabled
1782984753.223,2026-07-02 09:32:33.225,trx_rseg_history_len,458,458,0.000000,enabled
1782984754.296,2026-07-02 09:32:34.297,adaptive_hash_searches,0,0,0.000000,enabled
1782984754.296,2026-07-02 09:32:34.297,adaptive_hash_searches_btree,600437651,600437651,257603.931201,enabled
1782984754.296,2026-07-02 09:32:34.297,buffer_data_reads,1254072961536,1254072961536,538031151.951423,enabled
1782984754.296,2026-07-02 09:32:34.297,buffer_data_written,585214834688,585214834688,251072960.705563,enabled
1782984754.296,2026-07-02 09:32:34.297,buffer_pages0_read,7,7,0.003003,enabled
1782984754.296,2026-07-02 09:32:34.297,buffer_pages_created,1815030,1815030,778.696870,enabled
1782984754.296,2026-07-02 09:32:34.297,buffer_pages_read,76758673,76758673,32931.542732,enabled
1782984754.296,2026-07-02 09:32:34.297,buffer_pages_written,25761871,25761871,11052.538108,enabled
1782984754.296,2026-07-02 09:32:34.297,buffer_pool_bytes_data,12848365568,12848365568,0.000000,enabled
1782984754.296,2026-07-02 09:32:34.297,buffer_pool_bytes_dirty,4672339968,4672339968,0.000000,enabled
1782984754.296,2026-07-02 09:32:34.297,buffer_pool_pages_data,784201,784201,0.000000,enabled
1782984754.296,2026-07-02 09:32:34.297,buffer_pool_pages_dirty,285177,285177,0.000000,enabled
1782984754.296,2026-07-02 09:32:34.297,buffer_pool_pages_flushed,25704801,25704801,0.000000,enabled
1782984754.296,2026-07-02 09:32:34.297,buffer_pool_pages_free,2133,2133,0.000000,enabled
1782984754.296,2026-07-02 09:32:34.297,buffer_pool_pages_lru_flushed,0,0,0.000000,enabled
1782984754.296,2026-07-02 09:32:34.297,buffer_pool_pages_misc,97,97,0.000000,enabled
1782984754.296,2026-07-02 09:32:34.297,buffer_pool_pages_total,786432,786432,0.000000,enabled
1782984754.296,2026-07-02 09:32:34.297,buffer_pool_reads,75860620,75860620,32546.254844,enabled
1782984754.296,2026-07-02 09:32:34.297,buffer_pool_read_ahead,803715,803715,344.815438,enabled
1782984754.296,2026-07-02 09:32:34.297,buffer_pool_read_ahead_evicted,25,25,0.010726,enabled
1782984754.296,2026-07-02 09:32:34.297,buffer_pool_read_requests,2892393713,2892393713,1240915.015129,enabled
1782984754.296,2026-07-02 09:32:34.297,buffer_pool_size,12884901888,12884901888,0.000000,enabled
1782984754.296,2026-07-02 09:32:34.297,buffer_pool_wait_free,18945,18945,8.127917,enabled
1782984754.296,2026-07-02 09:32:34.297,buffer_pool_write_requests,607131727,607131727,260475.906981,enabled
1782984754.296,2026-07-02 09:32:34.297,dml_deletes,13212974,13212974,5668.721732,enabled
1782984754.296,2026-07-02 09:32:34.297,dml_inserts,113098382,113098382,48522.252181,enabled
1782984754.296,2026-07-02 09:32:34.297,dml_system_deletes,468,468,0.200785,enabled
1782984754.296,2026-07-02 09:32:34.297,dml_system_inserts,1202,1202,0.515690,enabled
1782984754.296,2026-07-02 09:32:34.297,dml_system_reads,7661,7661,3.286775,enabled
1782984754.296,2026-07-02 09:32:34.297,dml_system_updates,620,620,0.265997,enabled
1782984754.296,2026-07-02 09:32:34.297,dml_updates,26426067,26426067,11337.494511,enabled
1782984754.296,2026-07-02 09:32:34.297,file_num_open_files,35,35,0.000000,enabled
1782984754.296,2026-07-02 09:32:34.297,ibuf_merges,0,0,0.000000,enabled
1782984754.296,2026-07-02 09:32:34.297,ibuf_merges_delete,0,0,0.000000,enabled
1782984754.296,2026-07-02 09:32:34.297,ibuf_merges_delete_mark,0,0,0.000000,enabled
1782984754.296,2026-07-02 09:32:34.297,ibuf_merges_discard_delete,0,0,0.000000,enabled
1782984754.296,2026-07-02 09:32:34.297,ibuf_merges_discard_delete_mark,0,0,0.000000,enabled
1782984754.296,2026-07-02 09:32:34.297,ibuf_merges_discard_insert,0,0,0.000000,enabled
1782984754.296,2026-07-02 09:32:34.297,ibuf_merges_insert,0,0,0.000000,enabled
1782984754.296,2026-07-02 09:32:34.297,ibuf_size,1,1,0.000429,enabled
1782984754.296,2026-07-02 09:32:34.297,innodb_activity_count,18089063,18089063,7760.695357,enabled
1782984754.296,2026-07-02 09:32:34.297,innodb_dblwr_pages_written,25702511,25702511,11027.069594,enabled
1782984754.296,2026-07-02 09:32:34.297,innodb_dblwr_writes,527208,527208,226.186434,enabled
1782984754.296,2026-07-02 09:32:34.297,innodb_page_size,16384,16384,0.000000,enabled
1782984754.296,2026-07-02 09:32:34.297,innodb_rwlock_sx_os_waits,0,0,0.000000,enabled
1782984754.296,2026-07-02 09:32:34.297,innodb_rwlock_sx_spin_rounds,0,0,0.000000,enabled
1782984754.296,2026-07-02 09:32:34.297,innodb_rwlock_sx_spin_waits,0,0,0.000000,enabled
1782984754.296,2026-07-02 09:32:34.297,innodb_rwlock_s_os_waits,0,0,0.000000,enabled
1782984754.296,2026-07-02 09:32:34.297,innodb_rwlock_s_spin_rounds,0,0,0.000000,enabled
1782984754.296,2026-07-02 09:32:34.297,innodb_rwlock_s_spin_waits,0,0,0.000000,enabled
1782984754.296,2026-07-02 09:32:34.297,innodb_rwlock_x_os_waits,0,0,0.000000,enabled
1782984754.296,2026-07-02 09:32:34.297,innodb_rwlock_x_spin_rounds,0,0,0.000000,enabled
1782984754.296,2026-07-02 09:32:34.297,innodb_rwlock_x_spin_waits,0,0,0.000000,enabled
1782984754.296,2026-07-02 09:32:34.297,lock_deadlocks,0,0,0.000000,enabled
1782984754.296,2026-07-02 09:32:34.297,lock_deadlock_false_positives,0,0,0.000000,enabled
1782984754.296,2026-07-02 09:32:34.297,lock_deadlock_rounds,2568,2568,1.101741,enabled
1782984754.296,2026-07-02 09:32:34.297,lock_rec_grant_attempts,425,425,0.182336,enabled
1782984754.296,2026-07-02 09:32:34.297,lock_rec_release_attempts,40160229,40160229,17229.823095,enabled
1782984754.296,2026-07-02 09:32:34.297,lock_row_lock_current_waits,0,0,0.000000,enabled
1782984754.296,2026-07-02 09:32:34.297,lock_row_lock_time,323,323,0.138576,enabled
1782984754.296,2026-07-02 09:32:34.297,lock_row_lock_time_avg,0,0,0.000000,enabled
1782984754.296,2026-07-02 09:32:34.297,lock_row_lock_time_max,29,29,0.000000,enabled
1782984754.296,2026-07-02 09:32:34.297,lock_row_lock_waits,425,425,0.182336,enabled
1782984754.296,2026-07-02 09:32:34.297,lock_schedule_refreshes,2568,2568,1.101741,enabled
1782984754.296,2026-07-02 09:32:34.297,lock_threads_waiting,0,0,0.000000,enabled
1782984754.296,2026-07-02 09:32:34.297,lock_timeouts,0,0,0.000000,enabled
1782984754.296,2026-07-02 09:32:34.297,log_waits,0,0,0.000000,enabled
1782984754.296,2026-07-02 09:32:34.297,log_writes,200819109,200819109,86156.811331,enabled
1782984754.296,2026-07-02 09:32:34.297,log_write_requests,409318015,409318015,175608.462708,enabled
1782984754.296,2026-07-02 09:32:34.297,os_data_fsyncs,55717978,55717978,23904.515213,enabled
1782984754.296,2026-07-02 09:32:34.297,os_data_reads,76842138,76842138,32967.349589,enabled
1782984754.296,2026-07-02 09:32:34.297,os_data_writes,227372177,227372177,97548.795960,enabled
1782984754.296,2026-07-02 09:32:34.297,os_log_bytes_written,127441313792,127441313792,54675760.464206,enabled
1782984754.296,2026-07-02 09:32:34.297,os_log_fsyncs,48727708,48727708,20905.500811,enabled
1782984754.296,2026-07-02 09:32:34.297,os_log_pending_fsyncs,1,1,0.000429,enabled
1782984754.296,2026-07-02 09:32:34.297,os_log_pending_writes,0,0,0.000000,enabled
1782984754.296,2026-07-02 09:32:34.297,trx_rseg_history_len,411,411,0.000000,enabled
1782984755.367,2026-07-02 09:32:35.369,adaptive_hash_searches,0,0,0.000000,enabled
1782984755.367,2026-07-02 09:32:35.369,adaptive_hash_searches_btree,600605057,600605057,257557.388943,enabled
1782984755.367,2026-07-02 09:32:35.369,buffer_data_reads,1254997625344,1254997625344,538180529.378277,enabled
1782984755.367,2026-07-02 09:32:35.369,buffer_data_written,585535458304,585535458304,251095122.682364,enabled
1782984755.367,2026-07-02 09:32:35.369,buffer_pages0_read,7,7,0.003002,enabled
1782984755.367,2026-07-02 09:32:35.369,buffer_pages_created,1815068,1815068,778.355469,enabled
1782984755.367,2026-07-02 09:32:35.369,buffer_pages_read,76815280,76815280,32940.690321,enabled
1782984755.367,2026-07-02 09:32:35.369,buffer_pages_written,25778364,25778364,11054.533791,enabled
1782984755.367,2026-07-02 09:32:35.369,buffer_pool_bytes_data,12852150272,12852150272,0.000000,enabled
1782984755.367,2026-07-02 09:32:35.369,buffer_pool_bytes_dirty,4667949056,4667949056,0.000000,enabled
1782984755.367,2026-07-02 09:32:35.369,buffer_pool_pages_data,784433,784433,0.000000,enabled
1782984755.367,2026-07-02 09:32:35.369,buffer_pool_pages_dirty,284909,284909,0.000000,enabled
1782984755.367,2026-07-02 09:32:35.369,buffer_pool_pages_flushed,25720435,25720435,0.000000,enabled
1782984755.367,2026-07-02 09:32:35.369,buffer_pool_pages_free,1903,1903,0.000000,enabled
1782984755.367,2026-07-02 09:32:35.369,buffer_pool_pages_lru_flushed,0,0,0.000000,enabled
1782984755.367,2026-07-02 09:32:35.369,buffer_pool_pages_misc,96,96,0.000000,enabled
1782984755.367,2026-07-02 09:32:35.369,buffer_pool_pages_total,786432,786432,0.000000,enabled
1782984755.367,2026-07-02 09:32:35.369,buffer_pool_reads,75917175,75917175,32555.557120,enabled
1782984755.367,2026-07-02 09:32:35.369,buffer_pool_read_ahead,803715,803715,344.657047,enabled
1782984755.367,2026-07-02 09:32:35.369,buffer_pool_read_ahead_evicted,25,25,0.010721,enabled
1782984755.367,2026-07-02 09:32:35.369,buffer_pool_read_requests,2893222652,2893222652,1240700.471107,enabled
1782984755.367,2026-07-02 09:32:35.369,buffer_pool_size,12884901888,12884901888,0.000000,enabled
1782984755.367,2026-07-02 09:32:35.369,buffer_pool_wait_free,18945,18945,8.124183,enabled
1782984755.367,2026-07-02 09:32:35.369,buffer_pool_write_requests,607244323,607244323,260404.541116,enabled
1782984755.367,2026-07-02 09:32:35.369,dml_deletes,13217803,13217803,5668.188611,enabled
1782984755.367,2026-07-02 09:32:35.369,dml_inserts,113103211,113103211,48502.034183,enabled
1782984755.367,2026-07-02 09:32:35.369,dml_system_deletes,468,468,0.200692,enabled
1782984755.367,2026-07-02 09:32:35.369,dml_system_inserts,1202,1202,0.515453,enabled
1782984755.367,2026-07-02 09:32:35.369,dml_system_reads,7661,7661,3.285266,enabled
1782984755.367,2026-07-02 09:32:35.369,dml_system_updates,620,620,0.265875,enabled
1782984755.367,2026-07-02 09:32:35.369,dml_updates,26435738,26435738,11336.433818,enabled
1782984755.367,2026-07-02 09:32:35.369,file_num_open_files,35,35,0.000000,enabled
1782984755.367,2026-07-02 09:32:35.369,ibuf_merges,0,0,0.000000,enabled
1782984755.367,2026-07-02 09:32:35.369,ibuf_merges_delete,0,0,0.000000,enabled
1782984755.367,2026-07-02 09:32:35.369,ibuf_merges_delete_mark,0,0,0.000000,enabled
1782984755.367,2026-07-02 09:32:35.369,ibuf_merges_discard_delete,0,0,0.000000,enabled
1782984755.367,2026-07-02 09:32:35.369,ibuf_merges_discard_delete_mark,0,0,0.000000,enabled
1782984755.367,2026-07-02 09:32:35.369,ibuf_merges_discard_insert,0,0,0.000000,enabled
1782984755.367,2026-07-02 09:32:35.369,ibuf_merges_insert,0,0,0.000000,enabled
1782984755.367,2026-07-02 09:32:35.369,ibuf_size,1,1,0.000429,enabled
1782984755.367,2026-07-02 09:32:35.369,innodb_activity_count,18094613,18094613,7759.510471,enabled
1782984755.367,2026-07-02 09:32:35.369,innodb_dblwr_pages_written,25718145,25718145,11028.708611,enabled
1782984755.367,2026-07-02 09:32:35.369,innodb_dblwr_writes,527571,527571,226.238200,enabled
1782984755.367,2026-07-02 09:32:35.369,innodb_page_size,16384,16384,0.000000,enabled
1782984755.367,2026-07-02 09:32:35.369,innodb_rwlock_sx_os_waits,0,0,0.000000,enabled
1782984755.367,2026-07-02 09:32:35.369,innodb_rwlock_sx_spin_rounds,0,0,0.000000,enabled
1782984755.367,2026-07-02 09:32:35.369,innodb_rwlock_sx_spin_waits,0,0,0.000000,enabled
1782984755.367,2026-07-02 09:32:35.369,innodb_rwlock_s_os_waits,0,0,0.000000,enabled
1782984755.367,2026-07-02 09:32:35.369,innodb_rwlock_s_spin_rounds,0,0,0.000000,enabled
1782984755.367,2026-07-02 09:32:35.369,innodb_rwlock_s_spin_waits,0,0,0.000000,enabled
1782984755.367,2026-07-02 09:32:35.369,innodb_rwlock_x_os_waits,0,0,0.000000,enabled
1782984755.367,2026-07-02 09:32:35.369,innodb_rwlock_x_spin_rounds,0,0,0.000000,enabled
1782984755.367,2026-07-02 09:32:35.369,innodb_rwlock_x_spin_waits,0,0,0.000000,enabled
1782984755.367,2026-07-02 09:32:35.369,lock_deadlocks,0,0,0.000000,enabled
1782984755.367,2026-07-02 09:32:35.369,lock_deadlock_false_positives,0,0,0.000000,enabled
1782984755.367,2026-07-02 09:32:35.369,lock_deadlock_rounds,2569,2569,1.101664,enabled
1782984755.367,2026-07-02 09:32:35.369,lock_rec_grant_attempts,425,425,0.182253,enabled
1782984755.367,2026-07-02 09:32:35.369,lock_rec_release_attempts,40174919,40174919,17228.208028,enabled
1782984755.367,2026-07-02 09:32:35.369,lock_row_lock_current_waits,0,0,0.000000,enabled
1782984755.367,2026-07-02 09:32:35.369,lock_row_lock_time,323,323,0.138512,enabled
1782984755.367,2026-07-02 09:32:35.369,lock_row_lock_time_avg,0,0,0.000000,enabled
1782984755.367,2026-07-02 09:32:35.369,lock_row_lock_time_max,29,29,0.000000,enabled
1782984755.367,2026-07-02 09:32:35.369,lock_row_lock_waits,425,425,0.182253,enabled
1782984755.367,2026-07-02 09:32:35.369,lock_schedule_refreshes,2569,2569,1.101664,enabled
1782984755.367,2026-07-02 09:32:35.369,lock_threads_waiting,0,0,0.000000,enabled
1782984755.367,2026-07-02 09:32:35.369,lock_timeouts,0,0,0.000000,enabled
1782984755.367,2026-07-02 09:32:35.369,log_waits,0,0,0.000000,enabled
1782984755.367,2026-07-02 09:32:35.369,log_writes,200896798,200896798,86150.550248,enabled
1782984755.367,2026-07-02 09:32:35.369,log_write_requests,409400223,409400223,175563.049578,enabled
1782984755.367,2026-07-02 09:32:35.369,os_data_fsyncs,55750067,55750067,23907.295307,enabled
1782984755.367,2026-07-02 09:32:35.369,os_data_reads,76898594,76898594,32976.415938,enabled
1782984755.367,2026-07-02 09:32:35.369,os_data_writes,227466669,227466669,97544.507561,enabled
1782984755.367,2026-07-02 09:32:35.369,os_log_bytes_written,127481922048,127481922048,54668058.997140,enabled
1782984755.367,2026-07-02 09:32:35.369,os_log_fsyncs,48754998,48754998,20907.600562,enabled
1782984755.367,2026-07-02 09:32:35.369,os_log_pending_fsyncs,1,1,0.000429,enabled
1782984755.367,2026-07-02 09:32:35.369,os_log_pending_writes,0,0,0.000000,enabled
1782984755.367,2026-07-02 09:32:35.369,trx_rseg_history_len,428,428,0.000000,enabled
1782984756.438,2026-07-02 09:32:36.440,adaptive_hash_searches,0,0,0.000000,enabled
1782984756.438,2026-07-02 09:32:36.440,adaptive_hash_searches_btree,600764070,600764070,257507.471264,enabled
1782984756.438,2026-07-02 09:32:36.440,buffer_data_reads,1255883016704,1255883016704,538313311.947421,enabled
1782984756.438,2026-07-02 09:32:36.440,buffer_data_written,585877776384,585877776384,251126738.551415,enabled
1782984756.438,2026-07-02 09:32:36.440,buffer_pages0_read,7,7,0.003000,enabled
1782984756.438,2026-07-02 09:32:36.440,buffer_pages_created,1815107,1815107,778.015353,enabled
1782984756.438,2026-07-02 09:32:36.440,buffer_pages_read,76869458,76869458,32948.811361,enabled
1782984756.438,2026-07-02 09:32:36.440,buffer_pages_written,25796765,25796765,11057.353187,enabled
1782984756.438,2026-07-02 09:32:36.440,buffer_pool_bytes_data,12851871744,12851871744,0.000000,enabled
1782984756.438,2026-07-02 09:32:36.440,buffer_pool_bytes_dirty,4618502144,4618502144,0.000000,enabled
1782984756.438,2026-07-02 09:32:36.440,buffer_pool_pages_data,784416,784416,0.000000,enabled
1782984756.438,2026-07-02 09:32:36.440,buffer_pool_pages_dirty,281890,281890,0.000000,enabled
1782984756.438,2026-07-02 09:32:36.440,buffer_pool_pages_flushed,25739695,25739695,0.000000,enabled
1782984756.438,2026-07-02 09:32:36.440,buffer_pool_pages_free,1920,1920,0.000000,enabled
1782984756.438,2026-07-02 09:32:36.440,buffer_pool_pages_lru_flushed,0,0,0.000000,enabled
1782984756.438,2026-07-02 09:32:36.440,buffer_pool_pages_misc,96,96,0.000000,enabled
1782984756.438,2026-07-02 09:32:36.440,buffer_pool_pages_total,786432,786432,0.000000,enabled
1782984756.438,2026-07-02 09:32:36.440,buffer_pool_reads,75971291,75971291,32563.828111,enabled
1782984756.438,2026-07-02 09:32:36.440,buffer_pool_read_ahead,803715,803715,344.499040,enabled
1782984756.438,2026-07-02 09:32:36.440,buffer_pool_read_ahead_evicted,25,25,0.010716,enabled
1782984756.438,2026-07-02 09:32:36.440,buffer_pool_read_requests,2894010905,2894010905,1240469.550458,enabled
1782984756.438,2026-07-02 09:32:36.440,buffer_pool_size,12884901888,12884901888,0.000000,enabled
1782984756.438,2026-07-02 09:32:36.440,buffer_pool_wait_free,18945,18945,8.120459,enabled
1782984756.438,2026-07-02 09:32:36.440,buffer_pool_write_requests,607351920,607351920,260331.279807,enabled
1782984756.438,2026-07-02 09:32:36.440,dml_deletes,13222403,13222403,5667.561765,enabled
1782984756.438,2026-07-02 09:32:36.440,dml_inserts,113107811,113107811,48481.770338,enabled
1782984756.438,2026-07-02 09:32:36.440,dml_system_deletes,468,468,0.200600,enabled
1782984756.438,2026-07-02 09:32:36.440,dml_system_inserts,1202,1202,0.515217,enabled
1782984756.438,2026-07-02 09:32:36.440,dml_system_reads,7661,7661,3.283759,enabled
1782984756.438,2026-07-02 09:32:36.440,dml_system_updates,620,620,0.265753,enabled
1782984756.438,2026-07-02 09:32:36.440,dml_updates,26444929,26444929,11335.176205,enabled
1782984756.438,2026-07-02 09:32:36.440,file_num_open_files,35,35,0.000000,enabled
1782984756.438,2026-07-02 09:32:36.440,ibuf_merges,0,0,0.000000,enabled
1782984756.438,2026-07-02 09:32:36.440,ibuf_merges_delete,0,0,0.000000,enabled
1782984756.438,2026-07-02 09:32:36.440,ibuf_merges_delete_mark,0,0,0.000000,enabled
1782984756.438,2026-07-02 09:32:36.440,ibuf_merges_discard_delete,0,0,0.000000,enabled
1782984756.438,2026-07-02 09:32:36.440,ibuf_merges_discard_delete_mark,0,0,0.000000,enabled
1782984756.438,2026-07-02 09:32:36.440,ibuf_merges_discard_insert,0,0,0.000000,enabled
1782984756.438,2026-07-02 09:32:36.440,ibuf_merges_insert,0,0,0.000000,enabled
1782984756.438,2026-07-02 09:32:36.440,ibuf_size,1,1,0.000429,enabled
1782984756.438,2026-07-02 09:32:36.440,innodb_activity_count,18099895,18099895,7758.217197,enabled
1782984756.438,2026-07-02 09:32:36.440,innodb_dblwr_pages_written,25737405,25737405,11031.908022,enabled
1782984756.438,2026-07-02 09:32:36.440,innodb_dblwr_writes,527949,527949,226.296506,enabled
1782984756.438,2026-07-02 09:32:36.440,innodb_page_size,16384,16384,0.000000,enabled
1782984756.438,2026-07-02 09:32:36.440,innodb_rwlock_sx_os_waits,0,0,0.000000,enabled
1782984756.438,2026-07-02 09:32:36.440,innodb_rwlock_sx_spin_rounds,0,0,0.000000,enabled
1782984756.438,2026-07-02 09:32:36.440,innodb_rwlock_sx_spin_waits,0,0,0.000000,enabled
1782984756.438,2026-07-02 09:32:36.440,innodb_rwlock_s_os_waits,0,0,0.000000,enabled
1782984756.438,2026-07-02 09:32:36.440,innodb_rwlock_s_spin_rounds,0,0,0.000000,enabled
1782984756.438,2026-07-02 09:32:36.440,innodb_rwlock_s_spin_waits,0,0,0.000000,enabled
1782984756.438,2026-07-02 09:32:36.440,innodb_rwlock_x_os_waits,0,0,0.000000,enabled
1782984756.438,2026-07-02 09:32:36.440,innodb_rwlock_x_spin_rounds,0,0,0.000000,enabled
1782984756.438,2026-07-02 09:32:36.440,innodb_rwlock_x_spin_waits,0,0,0.000000,enabled
1782984756.438,2026-07-02 09:32:36.440,lock_deadlocks,0,0,0.000000,enabled
1782984756.438,2026-07-02 09:32:36.440,lock_deadlock_false_positives,0,0,0.000000,enabled
1782984756.438,2026-07-02 09:32:36.440,lock_deadlock_rounds,2570,2570,1.101588,enabled
1782984756.438,2026-07-02 09:32:36.440,lock_rec_grant_attempts,425,425,0.182169,enabled
1782984756.438,2026-07-02 09:32:36.440,lock_rec_release_attempts,40188878,40188878,17226.293145,enabled
1782984756.438,2026-07-02 09:32:36.440,lock_row_lock_current_waits,0,0,0.000000,enabled
1782984756.438,2026-07-02 09:32:36.440,lock_row_lock_time,323,323,0.138449,enabled
1782984756.438,2026-07-02 09:32:36.440,lock_row_lock_time_avg,0,0,0.000000,enabled
1782984756.438,2026-07-02 09:32:36.440,lock_row_lock_time_max,29,29,0.000000,enabled
1782984756.438,2026-07-02 09:32:36.440,lock_row_lock_waits,425,425,0.182169,enabled
1782984756.438,2026-07-02 09:32:36.440,lock_schedule_refreshes,2570,2570,1.101588,enabled
1782984756.438,2026-07-02 09:32:36.440,lock_threads_waiting,0,0,0.000000,enabled
1782984756.438,2026-07-02 09:32:36.440,lock_timeouts,0,0,0.000000,enabled
1782984756.438,2026-07-02 09:32:36.440,log_waits,0,0,0.000000,enabled
1782984756.438,2026-07-02 09:32:36.440,log_writes,200971754,200971754,86143.183734,enabled
1782984756.438,2026-07-02 09:32:36.440,log_write_requests,409478660,409478660,175516.184560,enabled
1782984756.438,2026-07-02 09:32:36.440,os_data_fsyncs,55779219,55779219,23908.830692,enabled
1782984756.438,2026-07-02 09:32:36.440,os_data_reads,76952618,76952618,32984.454617,enabled
1782984756.438,2026-07-02 09:32:36.440,os_data_writes,227560262,227560262,97539.906027,enabled
1782984756.438,2026-07-02 09:32:36.440,os_log_bytes_written,127521261056,127521261056,54659858.815216,enabled
1782984756.438,2026-07-02 09:32:36.440,os_log_fsyncs,48779161,48779161,20908.372685,enabled
1782984756.438,2026-07-02 09:32:36.440,os_log_pending_fsyncs,1,1,0.000429,enabled
1782984756.438,2026-07-02 09:32:36.440,os_log_pending_writes,0,0,0.000000,enabled
1782984756.438,2026-07-02 09:32:36.440,trx_rseg_history_len,155,155,0.000000,enabled
1782984757.508,2026-07-02 09:32:37.510,adaptive_hash_searches,0,0,0.000000,enabled
1782984757.508,2026-07-02 09:32:37.510,adaptive_hash_searches_btree,600925690,600925690,257458.468872,enabled
1782984757.508,2026-07-02 09:32:37.510,buffer_data_reads,1256778140160,1256778140160,538449635.090923,enabled
1782984757.508,2026-07-02 09:32:37.510,buffer_data_written,586178063360,586178063360,251140081.112449,enabled
1782984757.508,2026-07-02 09:32:37.510,buffer_pages0_read,7,7,0.002999,enabled
1782984757.508,2026-07-02 09:32:37.510,buffer_pages_created,1815139,1815139,777.671818,enabled
1782984757.508,2026-07-02 09:32:37.510,buffer_pages_read,76924272,76924272,32957.166379,enabled
1782984757.508,2026-07-02 09:32:37.510,buffer_pages_written,25812246,25812246,11058.908544,enabled
1782984757.508,2026-07-02 09:32:37.510,buffer_pool_bytes_data,12857851904,12857851904,0.000000,enabled
1782984757.508,2026-07-02 09:32:37.510,buffer_pool_bytes_dirty,4621844480,4621844480,0.000000,enabled
1782984757.508,2026-07-02 09:32:37.510,buffer_pool_pages_data,784781,784781,0.000000,enabled
1782984757.508,2026-07-02 09:32:37.510,buffer_pool_pages_dirty,282095,282095,0.000000,enabled
1782984757.508,2026-07-02 09:32:37.510,buffer_pool_pages_flushed,25755176,25755176,0.000000,enabled
1782984757.508,2026-07-02 09:32:37.510,buffer_pool_pages_free,1555,1555,0.000000,enabled
1782984757.508,2026-07-02 09:32:37.510,buffer_pool_pages_lru_flushed,0,0,0.000000,enabled
1782984757.508,2026-07-02 09:32:37.510,buffer_pool_pages_misc,96,96,0.000000,enabled
1782984757.508,2026-07-02 09:32:37.510,buffer_pool_pages_total,786432,786432,0.000000,enabled
1782984757.508,2026-07-02 09:32:37.510,buffer_pool_reads,76026038,76026038,32572.331267,enabled
1782984757.508,2026-07-02 09:32:37.510,buffer_pool_read_ahead,803715,803715,344.340855,enabled
1782984757.508,2026-07-02 09:32:37.510,buffer_pool_read_ahead_evicted,25,25,0.010711,enabled
1782984757.508,2026-07-02 09:32:37.510,buffer_pool_read_requests,2894808230,2894808230,1240241.562565,enabled
1782984757.508,2026-07-02 09:32:37.510,buffer_pool_size,12884901888,12884901888,0.000000,enabled
1782984757.508,2026-07-02 09:32:37.510,buffer_pool_wait_free,18945,18945,8.116730,enabled
1782984757.508,2026-07-02 09:32:37.510,buffer_pool_write_requests,607458180,607458180,260257.268174,enabled
1782984757.508,2026-07-02 09:32:37.510,dml_deletes,13227074,13227074,5666.960447,enabled
1782984757.508,2026-07-02 09:32:37.510,dml_inserts,113112481,113112481,48461.508311,enabled
1782984757.508,2026-07-02 09:32:37.510,dml_system_deletes,468,468,0.200508,enabled
1782984757.508,2026-07-02 09:32:37.510,dml_system_inserts,1202,1202,0.514981,enabled
1782984757.508,2026-07-02 09:32:37.510,dml_system_reads,7661,7661,3.282252,enabled
1782984757.508,2026-07-02 09:32:37.510,dml_system_updates,620,620,0.265631,enabled
1782984757.508,2026-07-02 09:32:37.510,dml_updates,26454273,26454273,11333.974439,enabled
1782984757.508,2026-07-02 09:32:37.510,file_num_open_files,35,35,0.000000,enabled
1782984757.508,2026-07-02 09:32:37.510,ibuf_merges,0,0,0.000000,enabled
1782984757.508,2026-07-02 09:32:37.510,ibuf_merges_delete,0,0,0.000000,enabled
1782984757.508,2026-07-02 09:32:37.510,ibuf_merges_delete_mark,0,0,0.000000,enabled
1782984757.508,2026-07-02 09:32:37.510,ibuf_merges_discard_delete,0,0,0.000000,enabled
1782984757.508,2026-07-02 09:32:37.510,ibuf_merges_discard_delete_mark,0,0,0.000000,enabled
1782984757.508,2026-07-02 09:32:37.510,ibuf_merges_discard_insert,0,0,0.000000,enabled
1782984757.508,2026-07-02 09:32:37.510,ibuf_merges_insert,0,0,0.000000,enabled
1782984757.508,2026-07-02 09:32:37.510,ibuf_size,1,1,0.000428,enabled
1782984757.508,2026-07-02 09:32:37.510,innodb_activity_count,18105267,18105267,7756.956202,enabled
1782984757.508,2026-07-02 09:32:37.510,innodb_dblwr_pages_written,25752886,25752886,11033.474812,enabled
1782984757.508,2026-07-02 09:32:37.510,innodb_dblwr_writes,528301,528301,226.343400,enabled
1782984757.508,2026-07-02 09:32:37.510,innodb_page_size,16384,16384,0.000000,enabled
1782984757.508,2026-07-02 09:32:37.510,innodb_rwlock_sx_os_waits,0,0,0.000000,enabled
1782984757.508,2026-07-02 09:32:37.510,innodb_rwlock_sx_spin_rounds,0,0,0.000000,enabled
1782984757.508,2026-07-02 09:32:37.510,innodb_rwlock_sx_spin_waits,0,0,0.000000,enabled
1782984757.508,2026-07-02 09:32:37.510,innodb_rwlock_s_os_waits,0,0,0.000000,enabled
1782984757.508,2026-07-02 09:32:37.510,innodb_rwlock_s_spin_rounds,0,0,0.000000,enabled
1782984757.508,2026-07-02 09:32:37.510,innodb_rwlock_s_spin_waits,0,0,0.000000,enabled
1782984757.508,2026-07-02 09:32:37.510,innodb_rwlock_x_os_waits,0,0,0.000000,enabled
1782984757.508,2026-07-02 09:32:37.510,innodb_rwlock_x_spin_rounds,0,0,0.000000,enabled
1782984757.508,2026-07-02 09:32:37.510,innodb_rwlock_x_spin_waits,0,0,0.000000,enabled
1782984757.508,2026-07-02 09:32:37.510,lock_deadlocks,0,0,0.000000,enabled
1782984757.508,2026-07-02 09:32:37.510,lock_deadlock_false_positives,0,0,0.000000,enabled
1782984757.508,2026-07-02 09:32:37.510,lock_deadlock_rounds,2571,2571,1.101510,enabled
1782984757.508,2026-07-02 09:32:37.510,lock_rec_grant_attempts,425,425,0.182086,enabled
1782984757.508,2026-07-02 09:32:37.510,lock_rec_release_attempts,40203079,40203079,17224.467538,enabled
1782984757.508,2026-07-02 09:32:37.510,lock_row_lock_current_waits,0,0,0.000000,enabled
1782984757.508,2026-07-02 09:32:37.510,lock_row_lock_time,323,323,0.138385,enabled
1782984757.508,2026-07-02 09:32:37.510,lock_row_lock_time_avg,0,0,0.000000,enabled
1782984757.508,2026-07-02 09:32:37.510,lock_row_lock_time_max,29,29,0.000000,enabled
1782984757.508,2026-07-02 09:32:37.510,lock_row_lock_waits,425,425,0.182086,enabled
1782984757.508,2026-07-02 09:32:37.510,lock_schedule_refreshes,2571,2571,1.101510,enabled
1782984757.508,2026-07-02 09:32:37.510,lock_threads_waiting,0,0,0.000000,enabled
1782984757.508,2026-07-02 09:32:37.510,lock_timeouts,0,0,0.000000,enabled
1782984757.508,2026-07-02 09:32:37.510,log_waits,0,0,0.000000,enabled
1782984757.508,2026-07-02 09:32:37.510,log_writes,201049769,201049769,86137.052219,enabled
1782984757.508,2026-07-02 09:32:37.510,log_write_requests,409557175,409557175,175469.228196,enabled
1782984757.508,2026-07-02 09:32:37.510,os_data_fsyncs,55808744,55808744,23910.501741,enabled
1782984757.508,2026-07-02 09:32:37.510,os_data_reads,77007265,77007265,32992.721478,enabled
1782984757.508,2026-07-02 09:32:37.510,os_data_writes,227653990,227653990,97535.273825,enabled
1782984757.508,2026-07-02 09:32:37.510,os_log_bytes_written,127561999872,127561999872,54652213.888917,enabled
1782984757.508,2026-07-02 09:32:37.510,os_log_fsyncs,48803983,48803983,20909.406549,enabled
1782984757.508,2026-07-02 09:32:37.510,os_log_pending_fsyncs,1,1,0.000428,enabled
1782984757.508,2026-07-02 09:32:37.510,os_log_pending_writes,1,1,0.000428,enabled
1782984757.508,2026-07-02 09:32:37.510,trx_rseg_history_len,1114,1114,0.000000,enabled
1782984758.580,2026-07-02 09:32:38.582,adaptive_hash_searches,0,0,0.000000,enabled
1782984758.580,2026-07-02 09:32:38.582,adaptive_hash_searches_btree,601088120,601088120,257409.889720,enabled
1782984758.580,2026-07-02 09:32:38.582,buffer_data_reads,1257677310464,1257677310464,538587614.027491,enabled
1782984758.580,2026-07-02 09:32:38.582,buffer_data_written,586482151424,586482151424,251155061.572252,enabled
1782984758.580,2026-07-02 09:32:38.582,buffer_pages0_read,7,7,0.002998,enabled
1782984758.580,2026-07-02 09:32:38.582,buffer_pages_created,1815160,1815160,777.323955,enabled
1782984758.580,2026-07-02 09:32:38.582,buffer_pages_read,76979300,76979300,32965.608301,enabled
1782984758.580,2026-07-02 09:32:38.582,buffer_pages_written,25828001,25828001,11060.580790,enabled
1782984758.580,2026-07-02 09:32:38.582,buffer_pool_bytes_data,12855427072,12855427072,0.000000,enabled
1782984758.580,2026-07-02 09:32:38.582,buffer_pool_bytes_dirty,4623024128,4623024128,0.000000,enabled
1782984758.580,2026-07-02 09:32:38.582,buffer_pool_pages_data,784633,784633,0.000000,enabled
1782984758.580,2026-07-02 09:32:38.582,buffer_pool_pages_dirty,282167,282167,0.000000,enabled
1782984758.580,2026-07-02 09:32:38.582,buffer_pool_pages_flushed,25770931,25770931,0.000000,enabled
1782984758.580,2026-07-02 09:32:38.582,buffer_pool_pages_free,1703,1703,0.000000,enabled
1782984758.580,2026-07-02 09:32:38.582,buffer_pool_pages_lru_flushed,0,0,0.000000,enabled
1782984758.580,2026-07-02 09:32:38.582,buffer_pool_pages_misc,96,96,0.000000,enabled
1782984758.580,2026-07-02 09:32:38.582,buffer_pool_pages_total,786432,786432,0.000000,enabled
1782984758.580,2026-07-02 09:32:38.582,buffer_pool_reads,76080998,76080998,32580.920640,enabled
1782984758.580,2026-07-02 09:32:38.582,buffer_pool_read_ahead,803715,803715,344.182845,enabled
1782984758.580,2026-07-02 09:32:38.582,buffer_pool_read_ahead_evicted,25,25,0.010706,enabled
1782984758.580,2026-07-02 09:32:38.582,buffer_pool_read_requests,2895612946,2895612946,1240017.055018,enabled
1782984758.580,2026-07-02 09:32:38.582,buffer_pool_size,12884901888,12884901888,0.000000,enabled
1782984758.580,2026-07-02 09:32:38.582,buffer_pool_wait_free,18945,18945,8.113005,enabled
1782984758.580,2026-07-02 09:32:38.582,buffer_pool_write_requests,607567587,607567587,260184.694368,enabled
1782984758.580,2026-07-02 09:32:38.582,dml_deletes,13231769,13231769,5666.370711,enabled
1782984758.580,2026-07-02 09:32:38.582,dml_inserts,113117176,113117176,48441.282000,enabled
1782984758.580,2026-07-02 09:32:38.582,dml_system_deletes,468,468,0.200416,enabled
1782984758.580,2026-07-02 09:32:38.582,dml_system_inserts,1202,1202,0.514744,enabled
1782984758.580,2026-07-02 09:32:38.582,dml_system_reads,7661,7661,3.280745,enabled
1782984758.580,2026-07-02 09:32:38.582,dml_system_updates,620,620,0.265509,enabled
1782984758.580,2026-07-02 09:32:38.582,dml_updates,26463659,26463659,11332.793229,enabled
1782984758.580,2026-07-02 09:32:38.582,file_num_open_files,35,35,0.000000,enabled
1782984758.580,2026-07-02 09:32:38.582,ibuf_merges,0,0,0.000000,enabled
1782984758.580,2026-07-02 09:32:38.582,ibuf_merges_delete,0,0,0.000000,enabled
1782984758.580,2026-07-02 09:32:38.582,ibuf_merges_delete_mark,0,0,0.000000,enabled
1782984758.580,2026-07-02 09:32:38.582,ibuf_merges_discard_delete,0,0,0.000000,enabled
1782984758.580,2026-07-02 09:32:38.582,ibuf_merges_discard_delete_mark,0,0,0.000000,enabled
1782984758.580,2026-07-02 09:32:38.582,ibuf_merges_discard_insert,0,0,0.000000,enabled
1782984758.580,2026-07-02 09:32:38.582,ibuf_merges_insert,0,0,0.000000,enabled
1782984758.580,2026-07-02 09:32:38.582,ibuf_size,1,1,0.000428,enabled
1782984758.580,2026-07-02 09:32:38.582,innodb_activity_count,18110660,18110660,7755.706347,enabled
1782984758.580,2026-07-02 09:32:38.582,innodb_dblwr_pages_written,25768641,25768641,11035.158929,enabled
1782984758.580,2026-07-02 09:32:38.582,innodb_dblwr_writes,528650,528650,226.388996,enabled
1782984758.580,2026-07-02 09:32:38.582,innodb_page_size,16384,16384,0.000000,enabled
1782984758.580,2026-07-02 09:32:38.582,innodb_rwlock_sx_os_waits,0,0,0.000000,enabled
1782984758.580,2026-07-02 09:32:38.582,innodb_rwlock_sx_spin_rounds,0,0,0.000000,enabled
1782984758.580,2026-07-02 09:32:38.582,innodb_rwlock_sx_spin_waits,0,0,0.000000,enabled
1782984758.580,2026-07-02 09:32:38.582,innodb_rwlock_s_os_waits,0,0,0.000000,enabled
1782984758.580,2026-07-02 09:32:38.582,innodb_rwlock_s_spin_rounds,0,0,0.000000,enabled
1782984758.580,2026-07-02 09:32:38.582,innodb_rwlock_s_spin_waits,0,0,0.000000,enabled
1782984758.580,2026-07-02 09:32:38.582,innodb_rwlock_x_os_waits,0,0,0.000000,enabled
1782984758.580,2026-07-02 09:32:38.582,innodb_rwlock_x_spin_rounds,0,0,0.000000,enabled
1782984758.580,2026-07-02 09:32:38.582,innodb_rwlock_x_spin_waits,0,0,0.000000,enabled
1782984758.580,2026-07-02 09:32:38.582,lock_deadlocks,0,0,0.000000,enabled
1782984758.580,2026-07-02 09:32:38.582,lock_deadlock_false_positives,0,0,0.000000,enabled
1782984758.580,2026-07-02 09:32:38.582,lock_deadlock_rounds,2572,2572,1.101433,enabled
1782984758.580,2026-07-02 09:32:38.582,lock_rec_grant_attempts,425,425,0.182002,enabled
1782984758.580,2026-07-02 09:32:38.582,lock_rec_release_attempts,40217374,40217374,17222.685298,enabled
1782984758.580,2026-07-02 09:32:38.582,lock_row_lock_current_waits,0,0,0.000000,enabled
1782984758.580,2026-07-02 09:32:38.582,lock_row_lock_time,323,323,0.138321,enabled
1782984758.580,2026-07-02 09:32:38.582,lock_row_lock_time_avg,0,0,0.000000,enabled
1782984758.580,2026-07-02 09:32:38.582,lock_row_lock_time_max,29,29,0.000000,enabled
1782984758.580,2026-07-02 09:32:38.582,lock_row_lock_waits,425,425,0.182002,enabled
1782984758.580,2026-07-02 09:32:38.582,lock_schedule_refreshes,2572,2572,1.101433,enabled
1782984758.580,2026-07-02 09:32:38.582,lock_threads_waiting,0,0,0.000000,enabled
1782984758.580,2026-07-02 09:32:38.582,lock_timeouts,0,0,0.000000,enabled
1782984758.580,2026-07-02 09:32:38.582,log_waits,0,0,0.000000,enabled
1782984758.580,2026-07-02 09:32:38.582,log_writes,201127514,201127514,86130.820151,enabled
1782984758.580,2026-07-02 09:32:38.582,log_write_requests,409636961,409636961,175422.878441,enabled
1782984758.580,2026-07-02 09:32:38.582,os_data_fsyncs,55837880,55837880,23912.007077,enabled
1782984758.580,2026-07-02 09:32:38.582,os_data_reads,77062136,77062136,33001.079983,enabled
1782984758.580,2026-07-02 09:32:38.582,os_data_writes,227747789,227747789,97530.686088,enabled
1782984758.580,2026-07-02 09:32:38.582,os_log_bytes_written,127602435072,127602435072,54644451.492160,enabled
1782984758.580,2026-07-02 09:32:38.582,os_log_fsyncs,48828499,48828499,20910.310537,enabled
1782984758.580,2026-07-02 09:32:38.582,os_log_pending_fsyncs,1,1,0.000428,enabled
1782984758.580,2026-07-02 09:32:38.582,os_log_pending_writes,1,1,0.000428,enabled
1782984758.580,2026-07-02 09:32:38.582,trx_rseg_history_len,1132,1132,0.000000,enabled
1782984759.652,2026-07-02 09:32:39.653,adaptive_hash_searches,0,0,0.000000,enabled
1782984759.652,2026-07-02 09:32:39.653,adaptive_hash_searches_btree,601254719,601254719,257363.399494,enabled
1782984759.652,2026-07-02 09:32:39.653,buffer_data_reads,1258599516672,1258599516672,538735882.616571,enabled
1782984759.652,2026-07-02 09:32:39.653,buffer_data_written,586790515200,586790515200,251172117.642147,enabled
1782984759.652,2026-07-02 09:32:39.653,buffer_pages0_read,7,7,0.002996,enabled
1782984759.652,2026-07-02 09:32:39.653,buffer_pages_created,1815190,1815190,776.981067,enabled
1782984759.652,2026-07-02 09:32:39.653,buffer_pages_read,77035746,77035746,32974.683475,enabled
1782984759.652,2026-07-02 09:32:39.653,buffer_pages_written,25843892,25843892,11062.321135,enabled
1782984759.652,2026-07-02 09:32:39.653,buffer_pool_bytes_data,12852445184,12852445184,0.000000,enabled
1782984759.652,2026-07-02 09:32:39.653,buffer_pool_bytes_dirty,4629233664,4629233664,0.000000,enabled
1782984759.652,2026-07-02 09:32:39.653,buffer_pool_pages_data,784451,784451,0.000000,enabled
1782984759.652,2026-07-02 09:32:39.653,buffer_pool_pages_dirty,282546,282546,0.000000,enabled
1782984759.652,2026-07-02 09:32:39.653,buffer_pool_pages_flushed,25786822,25786822,0.000000,enabled
1782984759.652,2026-07-02 09:32:39.653,buffer_pool_pages_free,1885,1885,0.000000,enabled
1782984759.652,2026-07-02 09:32:39.653,buffer_pool_pages_lru_flushed,0,0,0.000000,enabled
1782984759.652,2026-07-02 09:32:39.653,buffer_pool_pages_misc,96,96,0.000000,enabled
1782984759.652,2026-07-02 09:32:39.653,buffer_pool_pages_total,786432,786432,0.000000,enabled
1782984759.652,2026-07-02 09:32:39.653,buffer_pool_reads,76137397,76137397,32590.151872,enabled
1782984759.652,2026-07-02 09:32:39.653,buffer_pool_read_ahead,803715,803715,344.025336,enabled
1782984759.652,2026-07-02 09:32:39.653,buffer_pool_read_ahead_evicted,25,25,0.010701,enabled
1782984759.652,2026-07-02 09:32:39.653,buffer_pool_read_requests,2896437350,2896437350,1239802.462664,enabled
1782984759.652,2026-07-02 09:32:39.653,buffer_pool_size,12884901888,12884901888,0.000000,enabled
1782984759.652,2026-07-02 09:32:39.653,buffer_pool_wait_free,18945,18945,8.109292,enabled
1782984759.652,2026-07-02 09:32:39.653,buffer_pool_write_requests,607679363,607679363,260113.470162,enabled
1782984759.652,2026-07-02 09:32:39.653,dml_deletes,13236586,13236586,5665.839395,enabled
1782984759.652,2026-07-02 09:32:39.653,dml_inserts,113121992,113121992,48421.174415,enabled
1782984759.652,2026-07-02 09:32:39.653,dml_system_deletes,468,468,0.200325,enabled
1782984759.652,2026-07-02 09:32:39.653,dml_system_inserts,1202,1202,0.514509,enabled
1782984759.652,2026-07-02 09:32:39.653,dml_system_reads,7661,7661,3.279244,enabled
1782984759.652,2026-07-02 09:32:39.653,dml_system_updates,620,620,0.265387,enabled
1782984759.652,2026-07-02 09:32:39.653,dml_updates,26473294,26473294,11331.731000,enabled
1782984759.652,2026-07-02 09:32:39.653,file_num_open_files,35,35,0.000000,enabled
1782984759.652,2026-07-02 09:32:39.653,ibuf_merges,0,0,0.000000,enabled
1782984759.652,2026-07-02 09:32:39.653,ibuf_merges_delete,0,0,0.000000,enabled
1782984759.652,2026-07-02 09:32:39.653,ibuf_merges_delete_mark,0,0,0.000000,enabled
1782984759.652,2026-07-02 09:32:39.653,ibuf_merges_discard_delete,0,0,0.000000,enabled
1782984759.652,2026-07-02 09:32:39.653,ibuf_merges_discard_delete_mark,0,0,0.000000,enabled
1782984759.652,2026-07-02 09:32:39.653,ibuf_merges_discard_insert,0,0,0.000000,enabled
1782984759.652,2026-07-02 09:32:39.653,ibuf_merges_insert,0,0,0.000000,enabled
1782984759.652,2026-07-02 09:32:39.653,ibuf_size,1,1,0.000428,enabled
1782984759.652,2026-07-02 09:32:39.653,innodb_activity_count,18116184,18116184,7754.521493,enabled
1782984759.652,2026-07-02 09:32:39.653,innodb_dblwr_pages_written,25784532,25784532,11036.910769,enabled
1782984759.652,2026-07-02 09:32:39.653,innodb_dblwr_writes,529012,529012,226.440342,enabled
1782984759.652,2026-07-02 09:32:39.653,innodb_page_size,16384,16384,0.000000,enabled
1782984759.652,2026-07-02 09:32:39.653,innodb_rwlock_sx_os_waits,0,0,0.000000,enabled
1782984759.652,2026-07-02 09:32:39.653,innodb_rwlock_sx_spin_rounds,0,0,0.000000,enabled
1782984759.652,2026-07-02 09:32:39.653,innodb_rwlock_sx_spin_waits,0,0,0.000000,enabled
1782984759.652,2026-07-02 09:32:39.653,innodb_rwlock_s_os_waits,0,0,0.000000,enabled
1782984759.652,2026-07-02 09:32:39.653,innodb_rwlock_s_spin_rounds,0,0,0.000000,enabled
1782984759.652,2026-07-02 09:32:39.653,innodb_rwlock_s_spin_waits,0,0,0.000000,enabled
1782984759.652,2026-07-02 09:32:39.653,innodb_rwlock_x_os_waits,0,0,0.000000,enabled
1782984759.652,2026-07-02 09:32:39.653,innodb_rwlock_x_spin_rounds,0,0,0.000000,enabled
1782984759.652,2026-07-02 09:32:39.653,innodb_rwlock_x_spin_waits,0,0,0.000000,enabled
1782984759.652,2026-07-02 09:32:39.653,lock_deadlocks,0,0,0.000000,enabled
1782984759.652,2026-07-02 09:32:39.653,lock_deadlock_false_positives,0,0,0.000000,enabled
1782984759.652,2026-07-02 09:32:39.653,lock_deadlock_rounds,2573,2573,1.101357,enabled
1782984759.652,2026-07-02 09:32:39.653,lock_rec_grant_attempts,425,425,0.181919,enabled
1782984759.652,2026-07-02 09:32:39.653,lock_rec_release_attempts,40232045,40232045,17221.083520,enabled
1782984759.652,2026-07-02 09:32:39.653,lock_row_lock_current_waits,0,0,0.000000,enabled
1782984759.652,2026-07-02 09:32:39.653,lock_row_lock_time,323,323,0.138258,enabled
1782984759.652,2026-07-02 09:32:39.653,lock_row_lock_time_avg,0,0,0.000000,enabled
1782984759.652,2026-07-02 09:32:39.653,lock_row_lock_time_max,29,29,0.000000,enabled
1782984759.652,2026-07-02 09:32:39.653,lock_row_lock_waits,425,425,0.181919,enabled
1782984759.652,2026-07-02 09:32:39.653,lock_schedule_refreshes,2573,2573,1.101357,enabled
1782984759.652,2026-07-02 09:32:39.653,lock_threads_waiting,0,0,0.000000,enabled
1782984759.652,2026-07-02 09:32:39.653,lock_timeouts,0,0,0.000000,enabled
1782984759.652,2026-07-02 09:32:39.653,log_waits,0,0,0.000000,enabled
1782984759.652,2026-07-02 09:32:39.653,log_writes,201207831,201207831,86125.782474,enabled
1782984759.652,2026-07-02 09:32:39.653,log_write_requests,409718799,409718799,175377.628240,enabled
1782984759.652,2026-07-02 09:32:39.653,os_data_fsyncs,55870357,55870357,23914.965679,enabled
1782984759.652,2026-07-02 09:32:39.653,os_data_reads,77118404,77118404,33010.062695,enabled
1782984759.652,2026-07-02 09:32:39.653,os_data_writes,227844282,227844282,97527.355832,enabled
1782984759.652,2026-07-02 09:32:39.653,os_log_bytes_written,127644337152,127644337152,54637380.182373,enabled
1782984759.652,2026-07-02 09:32:39.653,os_log_fsyncs,48855941,48855941,20912.487621,enabled
1782984759.652,2026-07-02 09:32:39.653,os_log_pending_fsyncs,1,1,0.000428,enabled
1782984759.652,2026-07-02 09:32:39.653,os_log_pending_writes,0,0,0.000000,enabled
1782984759.652,2026-07-02 09:32:39.653,trx_rseg_history_len,1146,1146,0.000000,enabled
1782984760.721,2026-07-02 09:32:40.723,adaptive_hash_searches,0,0,0.000000,enabled
1782984760.721,2026-07-02 09:32:40.723,adaptive_hash_searches_btree,601420588,601420588,257316.212317,enabled
1782984760.721,2026-07-02 09:32:40.723,buffer_data_reads,1259514841600,1259514841600,538880169.781288,enabled
1782984760.721,2026-07-02 09:32:40.723,buffer_data_written,587097521152,587097521152,251188156.905588,enabled
1782984760.721,2026-07-02 09:32:40.723,buffer_pages0_read,7,7,0.002995,enabled
1782984760.721,2026-07-02 09:32:40.723,buffer_pages_created,1815222,1815222,776.638049,enabled
1782984760.721,2026-07-02 09:32:40.723,buffer_pages_read,77091754,77091754,32983.507772,enabled
1782984760.721,2026-07-02 09:32:40.723,buffer_pages_written,25859722,25859722,11064.015287,enabled
1782984760.721,2026-07-02 09:32:40.723,buffer_pool_bytes_data,12853886976,12853886976,0.000000,enabled
1782984760.721,2026-07-02 09:32:40.723,buffer_pool_bytes_dirty,4634722304,4634722304,0.000000,enabled
1782984760.721,2026-07-02 09:32:40.723,buffer_pool_pages_data,784539,784539,0.000000,enabled
1782984760.721,2026-07-02 09:32:40.723,buffer_pool_pages_dirty,282881,282881,0.000000,enabled
1782984760.721,2026-07-02 09:32:40.723,buffer_pool_pages_flushed,25802652,25802652,0.000000,enabled
1782984760.721,2026-07-02 09:32:40.723,buffer_pool_pages_free,1796,1796,0.000000,enabled
1782984760.721,2026-07-02 09:32:40.723,buffer_pool_pages_lru_flushed,0,0,0.000000,enabled
1782984760.721,2026-07-02 09:32:40.723,buffer_pool_pages_misc,96,96,0.000000,enabled
1782984760.721,2026-07-02 09:32:40.723,buffer_pool_pages_total,786432,786432,0.000000,enabled
1782984760.721,2026-07-02 09:32:40.723,buffer_pool_reads,76193333,76193333,32599.121822,enabled
1782984760.721,2026-07-02 09:32:40.723,buffer_pool_read_ahead,803715,803715,343.867395,enabled
1782984760.721,2026-07-02 09:32:40.723,buffer_pool_read_ahead_evicted,25,25,0.010696,enabled
1782984760.721,2026-07-02 09:32:40.723,buffer_pool_read_requests,2897259072,2897259072,1239584.846400,enabled
1782984760.721,2026-07-02 09:32:40.723,buffer_pool_size,12884901888,12884901888,0.000000,enabled
1782984760.721,2026-07-02 09:32:40.723,buffer_pool_wait_free,18945,18945,8.105570,enabled
1782984760.721,2026-07-02 09:32:40.723,buffer_pool_write_requests,607791103,607791103,260041.860866,enabled
1782984760.721,2026-07-02 09:32:40.723,dml_deletes,13241383,13241383,5665.290636,enabled
1782984760.721,2026-07-02 09:32:40.723,dml_inserts,113126791,113126791,48400.997862,enabled
1782984760.721,2026-07-02 09:32:40.723,dml_system_deletes,468,468,0.200233,enabled
1782984760.721,2026-07-02 09:32:40.723,dml_system_inserts,1202,1202,0.514273,enabled
1782984760.721,2026-07-02 09:32:40.723,dml_system_reads,7661,7661,3.277739,enabled
1782984760.721,2026-07-02 09:32:40.723,dml_system_updates,620,620,0.265265,enabled
1782984760.721,2026-07-02 09:32:40.723,dml_updates,26482886,26482886,11330.632603,enabled
1782984760.721,2026-07-02 09:32:40.723,file_num_open_files,35,35,0.000000,enabled
1782984760.721,2026-07-02 09:32:40.723,ibuf_merges,0,0,0.000000,enabled
1782984760.721,2026-07-02 09:32:40.723,ibuf_merges_delete,0,0,0.000000,enabled
1782984760.721,2026-07-02 09:32:40.723,ibuf_merges_delete_mark,0,0,0.000000,enabled
1782984760.721,2026-07-02 09:32:40.723,ibuf_merges_discard_delete,0,0,0.000000,enabled
1782984760.721,2026-07-02 09:32:40.723,ibuf_merges_discard_delete_mark,0,0,0.000000,enabled
1782984760.721,2026-07-02 09:32:40.723,ibuf_merges_discard_insert,0,0,0.000000,enabled
1782984760.721,2026-07-02 09:32:40.723,ibuf_merges_insert,0,0,0.000000,enabled
1782984760.721,2026-07-02 09:32:40.723,ibuf_size,1,1,0.000428,enabled
1782984760.721,2026-07-02 09:32:40.723,innodb_activity_count,18121703,18121703,7753.322735,enabled
1782984760.721,2026-07-02 09:32:40.723,innodb_dblwr_pages_written,25800362,25800362,11038.616625,enabled
1782984760.721,2026-07-02 09:32:40.723,innodb_dblwr_writes,529373,529373,226.490838,enabled
1782984760.721,2026-07-02 09:32:40.723,innodb_page_size,16384,16384,0.000000,enabled
1782984760.721,2026-07-02 09:32:40.723,innodb_rwlock_sx_os_waits,0,0,0.000000,enabled
1782984760.721,2026-07-02 09:32:40.723,innodb_rwlock_sx_spin_rounds,0,0,0.000000,enabled
1782984760.721,2026-07-02 09:32:40.723,innodb_rwlock_sx_spin_waits,0,0,0.000000,enabled
1782984760.721,2026-07-02 09:32:40.723,innodb_rwlock_s_os_waits,0,0,0.000000,enabled
1782984760.721,2026-07-02 09:32:40.723,innodb_rwlock_s_spin_rounds,0,0,0.000000,enabled
1782984760.721,2026-07-02 09:32:40.723,innodb_rwlock_s_spin_waits,0,0,0.000000,enabled
1782984760.721,2026-07-02 09:32:40.723,innodb_rwlock_x_os_waits,0,0,0.000000,enabled
1782984760.721,2026-07-02 09:32:40.723,innodb_rwlock_x_spin_rounds,0,0,0.000000,enabled
1782984760.721,2026-07-02 09:32:40.723,innodb_rwlock_x_spin_waits,0,0,0.000000,enabled
1782984760.721,2026-07-02 09:32:40.723,lock_deadlocks,0,0,0.000000,enabled
1782984760.721,2026-07-02 09:32:40.723,lock_deadlock_false_positives,0,0,0.000000,enabled
1782984760.721,2026-07-02 09:32:40.723,lock_deadlock_rounds,2574,2574,1.101279,enabled
1782984760.721,2026-07-02 09:32:40.723,lock_rec_grant_attempts,425,425,0.181835,enabled
1782984760.721,2026-07-02 09:32:40.723,lock_rec_release_attempts,40246636,40246636,17219.420049,enabled
1782984760.721,2026-07-02 09:32:40.723,lock_row_lock_current_waits,0,0,0.000000,enabled
1782984760.721,2026-07-02 09:32:40.723,lock_row_lock_time,323,323,0.138195,enabled
1782984760.721,2026-07-02 09:32:40.723,lock_row_lock_time_avg,0,0,0.000000,enabled
1782984760.721,2026-07-02 09:32:40.723,lock_row_lock_time_max,29,29,0.000000,enabled
1782984760.721,2026-07-02 09:32:40.723,lock_row_lock_waits,425,425,0.181835,enabled
1782984760.721,2026-07-02 09:32:40.723,lock_schedule_refreshes,2574,2574,1.101279,enabled
1782984760.721,2026-07-02 09:32:40.723,lock_threads_waiting,0,0,0.000000,enabled
1782984760.721,2026-07-02 09:32:40.723,lock_timeouts,0,0,0.000000,enabled
1782984760.721,2026-07-02 09:32:40.723,log_waits,0,0,0.000000,enabled
1782984760.721,2026-07-02 09:32:40.723,log_writes,201287225,201287225,86120.211127,enabled
1782984760.721,2026-07-02 09:32:40.723,log_write_requests,409800405,409800405,175332.028260,enabled
1782984760.721,2026-07-02 09:32:40.723,os_data_fsyncs,55902660,55902660,23917.807152,enabled
1782984760.721,2026-07-02 09:32:40.723,os_data_reads,77174250,77174250,33018.801456,enabled
1782984760.721,2026-07-02 09:32:40.723,os_data_writes,227939779,227939779,97523.439510,enabled
1782984760.721,2026-07-02 09:32:40.723,os_log_bytes_written,127685866496,127685866496,54630064.570503,enabled
1782984760.721,2026-07-02 09:32:40.723,os_log_fsyncs,48883379,48883379,20914.626043,enabled
1782984760.721,2026-07-02 09:32:40.723,os_log_pending_fsyncs,0,0,0.000000,enabled
1782984760.721,2026-07-02 09:32:40.723,os_log_pending_writes,0,0,0.000000,enabled
1782984760.721,2026-07-02 09:32:40.723,trx_rseg_history_len,1118,1118,0.000000,enabled
1782984761.793,2026-07-02 09:32:41.795,adaptive_hash_searches,0,0,0.000000,enabled
1782984761.793,2026-07-02 09:32:41.795,adaptive_hash_searches_btree,601584082,601584082,257268.145377,enabled
1782984761.793,2026-07-02 09:32:41.795,buffer_data_reads,1260421843456,1260421843456,539020963.357233,enabled
1782984761.793,2026-07-02 09:32:41.795,buffer_data_written,587398793728,587398793728,251201821.874568,enabled
1782984761.793,2026-07-02 09:32:41.795,buffer_pages0_read,7,7,0.002994,enabled
1782984761.793,2026-07-02 09:32:41.795,buffer_pages_created,1815254,1815254,776.295630,enabled
1782984761.793,2026-07-02 09:32:41.795,buffer_pages_read,77147245,77147245,32992.114995,enabled
1782984761.793,2026-07-02 09:32:41.795,buffer_pages_written,25875275,25875275,11065.593479,enabled
1782984761.793,2026-07-02 09:32:41.795,buffer_pool_bytes_data,12857032704,12857032704,0.000000,enabled
1782984761.793,2026-07-02 09:32:41.795,buffer_pool_bytes_dirty,4639309824,4639309824,0.000000,enabled
1782984761.793,2026-07-02 09:32:41.795,buffer_pool_pages_data,784731,784731,0.000000,enabled
1782984761.793,2026-07-02 09:32:41.795,buffer_pool_pages_dirty,283161,283161,0.000000,enabled
1782984761.793,2026-07-02 09:32:41.795,buffer_pool_pages_flushed,25818205,25818205,0.000000,enabled
1782984761.793,2026-07-02 09:32:41.795,buffer_pool_pages_free,1605,1605,0.000000,enabled
1782984761.793,2026-07-02 09:32:41.795,buffer_pool_pages_lru_flushed,0,0,0.000000,enabled
1782984761.793,2026-07-02 09:32:41.795,buffer_pool_pages_misc,96,96,0.000000,enabled
1782984761.793,2026-07-02 09:32:41.795,buffer_pool_pages_total,786432,786432,0.000000,enabled
1782984761.793,2026-07-02 09:32:41.795,buffer_pool_reads,76248764,76248764,32607.879669,enabled
1782984761.793,2026-07-02 09:32:41.795,buffer_pool_read_ahead,803715,803715,343.709725,enabled
1782984761.793,2026-07-02 09:32:41.795,buffer_pool_read_ahead_evicted,25,25,0.010691,enabled
1782984761.793,2026-07-02 09:32:41.795,buffer_pool_read_requests,2898069119,2898069119,1239362.891448,enabled
1782984761.793,2026-07-02 09:32:41.795,buffer_pool_size,12884901888,12884901888,0.000000,enabled
1782984761.793,2026-07-02 09:32:41.795,buffer_pool_wait_free,18945,18945,8.101853,enabled
1782984761.793,2026-07-02 09:32:41.795,buffer_pool_write_requests,607901373,607901373,259969.783958,enabled
1782984761.793,2026-07-02 09:32:41.795,dml_deletes,13246103,13246103,5664.711490,enabled
1782984761.793,2026-07-02 09:32:41.795,dml_inserts,113131511,113131511,48380.823468,enabled
1782984761.793,2026-07-02 09:32:41.795,dml_system_deletes,468,468,0.200141,enabled
1782984761.793,2026-07-02 09:32:41.795,dml_system_inserts,1202,1202,0.514037,enabled
1782984761.793,2026-07-02 09:32:41.795,dml_system_reads,7661,7661,3.276236,enabled
1782984761.793,2026-07-02 09:32:41.795,dml_system_updates,620,620,0.265144,enabled
1782984761.793,2026-07-02 09:32:41.795,dml_updates,26492326,26492326,11329.474288,enabled
1782984761.793,2026-07-02 09:32:41.795,file_num_open_files,35,35,0.000000,enabled
1782984761.793,2026-07-02 09:32:41.795,ibuf_merges,0,0,0.000000,enabled
1782984761.793,2026-07-02 09:32:41.795,ibuf_merges_delete,0,0,0.000000,enabled
1782984761.793,2026-07-02 09:32:41.795,ibuf_merges_delete_mark,0,0,0.000000,enabled
1782984761.793,2026-07-02 09:32:41.795,ibuf_merges_discard_delete,0,0,0.000000,enabled
1782984761.793,2026-07-02 09:32:41.795,ibuf_merges_discard_delete_mark,0,0,0.000000,enabled
1782984761.793,2026-07-02 09:32:41.795,ibuf_merges_discard_insert,0,0,0.000000,enabled
1782984761.793,2026-07-02 09:32:41.795,ibuf_merges_insert,0,0,0.000000,enabled
1782984761.793,2026-07-02 09:32:41.795,ibuf_size,1,1,0.000428,enabled
1782984761.793,2026-07-02 09:32:41.795,innodb_activity_count,18127128,18127128,7752.087674,enabled
1782984761.793,2026-07-02 09:32:41.795,innodb_dblwr_pages_written,25815915,25815915,11040.206433,enabled
1782984761.793,2026-07-02 09:32:41.795,innodb_dblwr_writes,529718,529718,226.534526,enabled
1782984761.793,2026-07-02 09:32:41.795,innodb_page_size,16384,16384,0.000000,enabled
1782984761.793,2026-07-02 09:32:41.795,innodb_rwlock_sx_os_waits,0,0,0.000000,enabled
1782984761.793,2026-07-02 09:32:41.795,innodb_rwlock_sx_spin_rounds,0,0,0.000000,enabled
1782984761.793,2026-07-02 09:32:41.795,innodb_rwlock_sx_spin_waits,0,0,0.000000,enabled
1782984761.793,2026-07-02 09:32:41.795,innodb_rwlock_s_os_waits,0,0,0.000000,enabled
1782984761.793,2026-07-02 09:32:41.795,innodb_rwlock_s_spin_rounds,0,0,0.000000,enabled
1782984761.793,2026-07-02 09:32:41.795,innodb_rwlock_s_spin_waits,0,0,0.000000,enabled
1782984761.793,2026-07-02 09:32:41.795,innodb_rwlock_x_os_waits,0,0,0.000000,enabled
1782984761.793,2026-07-02 09:32:41.795,innodb_rwlock_x_spin_rounds,0,0,0.000000,enabled
1782984761.793,2026-07-02 09:32:41.795,innodb_rwlock_x_spin_waits,0,0,0.000000,enabled
1782984761.793,2026-07-02 09:32:41.795,lock_deadlocks,0,0,0.000000,enabled
1782984761.793,2026-07-02 09:32:41.795,lock_deadlock_false_positives,0,0,0.000000,enabled
1782984761.793,2026-07-02 09:32:41.795,lock_deadlock_rounds,2575,2575,1.101202,enabled
1782984761.793,2026-07-02 09:32:41.795,lock_rec_grant_attempts,425,425,0.181752,enabled
1782984761.793,2026-07-02 09:32:41.795,lock_rec_release_attempts,40260986,40260986,17217.661426,enabled
1782984761.793,2026-07-02 09:32:41.795,lock_row_lock_current_waits,0,0,0.000000,enabled
1782984761.793,2026-07-02 09:32:41.795,lock_row_lock_time,323,323,0.138131,enabled
1782984761.793,2026-07-02 09:32:41.795,lock_row_lock_time_avg,0,0,0.000000,enabled
1782984761.793,2026-07-02 09:32:41.795,lock_row_lock_time_max,29,29,0.000000,enabled
1782984761.793,2026-07-02 09:32:41.795,lock_row_lock_waits,425,425,0.181752,enabled
1782984761.793,2026-07-02 09:32:41.795,lock_schedule_refreshes,2575,2575,1.101202,enabled
1782984761.793,2026-07-02 09:32:41.795,lock_threads_waiting,0,0,0.000000,enabled
1782984761.793,2026-07-02 09:32:41.795,lock_timeouts,0,0,0.000000,enabled
1782984761.793,2026-07-02 09:32:41.795,log_waits,0,0,0.000000,enabled
1782984761.793,2026-07-02 09:32:41.795,log_writes,201364848,201364848,86113.918644,enabled
1782984761.793,2026-07-02 09:32:41.795,log_write_requests,409880802,409880802,175286.016500,enabled
1782984761.793,2026-07-02 09:32:41.795,os_data_fsyncs,55933309,55933309,23919.947400,enabled
1782984761.793,2026-07-02 09:32:41.795,os_data_reads,77229584,77229584,33027.325277,enabled
1782984761.793,2026-07-02 09:32:41.795,os_data_writes,228033209,228033209,97518.678341,enabled
1782984761.793,2026-07-02 09:32:41.795,os_log_bytes_written,127726436352,127726436352,54622365.234734,enabled
1782984761.793,2026-07-02 09:32:41.795,os_log_fsyncs,48909284,48909284,20916.114534,enabled
1782984761.793,2026-07-02 09:32:41.795,os_log_pending_fsyncs,1,1,0.000428,enabled
1782984761.793,2026-07-02 09:32:41.795,os_log_pending_writes,0,0,0.000000,enabled
1782984761.793,2026-07-02 09:32:41.795,trx_rseg_history_len,1001,1001,0.000000,enabled
1782984762.866,2026-07-02 09:32:42.868,adaptive_hash_searches,0,0,0.000000,enabled
1782984762.866,2026-07-02 09:32:42.868,adaptive_hash_searches_btree,601749357,601749357,257221.085956,enabled
1782984762.866,2026-07-02 09:32:42.868,buffer_data_reads,1261338888704,1261338888704,539166331.073044,enabled
1782984762.866,2026-07-02 09:32:42.868,buffer_data_written,587709756416,587709756416,251219807.556618,enabled
1782984762.866,2026-07-02 09:32:42.868,buffer_pages0_read,7,7,0.002992,enabled
1782984762.866,2026-07-02 09:32:42.868,buffer_pages_created,1815278,1815278,775.950695,enabled
1782984762.866,2026-07-02 09:32:42.868,buffer_pages_read,77203383,77203383,33001.015983,enabled
1782984762.866,2026-07-02 09:32:42.868,buffer_pages_written,25891351,25891351,11067.402200,enabled
1782984762.866,2026-07-02 09:32:42.868,buffer_pool_bytes_data,12848693248,12848693248,0.000000,enabled
1782984762.866,2026-07-02 09:32:42.868,buffer_pool_bytes_dirty,4640210944,4640210944,0.000000,enabled
1782984762.866,2026-07-02 09:32:42.868,buffer_pool_pages_data,784221,784221,0.000000,enabled
1782984762.866,2026-07-02 09:32:42.868,buffer_pool_pages_dirty,283216,283216,0.000000,enabled
1782984762.866,2026-07-02 09:32:42.868,buffer_pool_pages_flushed,25834281,25834281,0.000000,enabled
1782984762.866,2026-07-02 09:32:42.868,buffer_pool_pages_free,2114,2114,0.000000,enabled
1782984762.866,2026-07-02 09:32:42.868,buffer_pool_pages_lru_flushed,0,0,0.000000,enabled
1782984762.866,2026-07-02 09:32:42.868,buffer_pool_pages_misc,97,97,0.000000,enabled
1782984762.866,2026-07-02 09:32:42.868,buffer_pool_pages_total,786432,786432,0.000000,enabled
1782984762.866,2026-07-02 09:32:42.868,buffer_pool_reads,76304849,76304849,32616.933671,enabled
1782984762.866,2026-07-02 09:32:42.868,buffer_pool_read_ahead,803715,803715,343.552460,enabled
1782984762.866,2026-07-02 09:32:42.868,buffer_pool_read_ahead_evicted,25,25,0.010686,enabled
1782984762.866,2026-07-02 09:32:42.868,buffer_pool_read_requests,2898888017,2898888017,1239145.859460,enabled
1782984762.866,2026-07-02 09:32:42.868,buffer_pool_size,12884901888,12884901888,0.000000,enabled
1782984762.866,2026-07-02 09:32:42.868,buffer_pool_wait_free,18945,18945,8.098146,enabled
1782984762.866,2026-07-02 09:32:42.868,buffer_pool_write_requests,608012843,608012843,259898.482397,enabled
1782984762.866,2026-07-02 09:32:42.868,dml_deletes,13250879,13250879,5664.161249,enabled
1782984762.866,2026-07-02 09:32:42.868,dml_inserts,113136287,113136287,48360.729387,enabled
1782984762.866,2026-07-02 09:32:42.868,dml_system_deletes,468,468,0.200049,enabled
1782984762.866,2026-07-02 09:32:42.868,dml_system_inserts,1202,1202,0.513802,enabled
1782984762.866,2026-07-02 09:32:42.868,dml_system_reads,7661,7661,3.274737,enabled
1782984762.866,2026-07-02 09:32:42.868,dml_system_updates,620,620,0.265022,enabled
1782984762.866,2026-07-02 09:32:42.868,dml_updates,26501879,26501879,11328.374210,enabled
1782984762.866,2026-07-02 09:32:42.868,file_num_open_files,35,35,0.000000,enabled
1782984762.866,2026-07-02 09:32:42.868,ibuf_merges,0,0,0.000000,enabled
1782984762.866,2026-07-02 09:32:42.868,ibuf_merges_delete,0,0,0.000000,enabled
1782984762.866,2026-07-02 09:32:42.868,ibuf_merges_delete_mark,0,0,0.000000,enabled
1782984762.866,2026-07-02 09:32:42.868,ibuf_merges_discard_delete,0,0,0.000000,enabled
1782984762.866,2026-07-02 09:32:42.868,ibuf_merges_discard_delete_mark,0,0,0.000000,enabled
1782984762.866,2026-07-02 09:32:42.868,ibuf_merges_discard_insert,0,0,0.000000,enabled
1782984762.866,2026-07-02 09:32:42.868,ibuf_merges_insert,0,0,0.000000,enabled
1782984762.866,2026-07-02 09:32:42.868,ibuf_size,1,1,0.000427,enabled
1782984762.866,2026-07-02 09:32:42.868,innodb_activity_count,18132615,18132615,7750.886340,enabled
1782984762.866,2026-07-02 09:32:42.868,innodb_dblwr_pages_written,25831991,25831991,11042.027039,enabled
1782984762.866,2026-07-02 09:32:42.868,innodb_dblwr_writes,530097,530097,226.592887,enabled
1782984762.866,2026-07-02 09:32:42.868,innodb_page_size,16384,16384,0.000000,enabled
1782984762.866,2026-07-02 09:32:42.868,innodb_rwlock_sx_os_waits,0,0,0.000000,enabled
1782984762.866,2026-07-02 09:32:42.868,innodb_rwlock_sx_spin_rounds,0,0,0.000000,enabled
1782984762.866,2026-07-02 09:32:42.868,innodb_rwlock_sx_spin_waits,0,0,0.000000,enabled
1782984762.866,2026-07-02 09:32:42.868,innodb_rwlock_s_os_waits,0,0,0.000000,enabled
1782984762.866,2026-07-02 09:32:42.868,innodb_rwlock_s_spin_rounds,0,0,0.000000,enabled
1782984762.866,2026-07-02 09:32:42.868,innodb_rwlock_s_spin_waits,0,0,0.000000,enabled
1782984762.866,2026-07-02 09:32:42.868,innodb_rwlock_x_os_waits,0,0,0.000000,enabled
1782984762.866,2026-07-02 09:32:42.868,innodb_rwlock_x_spin_rounds,0,0,0.000000,enabled
1782984762.866,2026-07-02 09:32:42.868,innodb_rwlock_x_spin_waits,0,0,0.000000,enabled
1782984762.866,2026-07-02 09:32:42.868,lock_deadlocks,0,0,0.000000,enabled
1782984762.866,2026-07-02 09:32:42.868,lock_deadlock_false_positives,0,0,0.000000,enabled
1782984762.866,2026-07-02 09:32:42.868,lock_deadlock_rounds,2576,2576,1.101126,enabled
1782984762.866,2026-07-02 09:32:42.868,lock_rec_grant_attempts,425,425,0.181669,enabled
1782984762.866,2026-07-02 09:32:42.868,lock_rec_release_attempts,40275488,40275488,17215.982383,enabled
1782984762.866,2026-07-02 09:32:42.868,lock_row_lock_current_waits,0,0,0.000000,enabled
1782984762.866,2026-07-02 09:32:42.868,lock_row_lock_time,323,323,0.138068,enabled
1782984762.866,2026-07-02 09:32:42.868,lock_row_lock_time_avg,0,0,0.000000,enabled
1782984762.866,2026-07-02 09:32:42.868,lock_row_lock_time_max,29,29,0.000000,enabled
1782984762.866,2026-07-02 09:32:42.868,lock_row_lock_waits,425,425,0.181669,enabled
1782984762.866,2026-07-02 09:32:42.868,lock_schedule_refreshes,2576,2576,1.101126,enabled
1782984762.866,2026-07-02 09:32:42.868,lock_threads_waiting,0,0,0.000000,enabled
1782984762.866,2026-07-02 09:32:42.868,lock_timeouts,0,0,0.000000,enabled
1782984762.866,2026-07-02 09:32:42.868,log_waits,0,0,0.000000,enabled
1782984762.866,2026-07-02 09:32:42.868,log_writes,201444922,201444922,86108.746859,enabled
1782984762.866,2026-07-02 09:32:42.868,log_write_requests,409962038,409962038,175240.542309,enabled
1782984762.866,2026-07-02 09:32:42.868,os_data_fsyncs,55966071,55966071,23923.007417,enabled
1782984762.866,2026-07-02 09:32:42.868,os_data_reads,77285563,77285563,33036.142548,enabled
1782984762.866,2026-07-02 09:32:42.868,os_data_writes,228129655,228129655,97515.286211,enabled
1782984762.866,2026-07-02 09:32:42.868,os_log_bytes_written,127768223744,127768223744,54615235.714365,enabled
1782984762.866,2026-07-02 09:32:42.868,os_log_fsyncs,48936882,48936882,20918.341554,enabled
1782984762.866,2026-07-02 09:32:42.868,os_log_pending_fsyncs,0,0,0.000000,enabled
1782984762.866,2026-07-02 09:32:42.868,os_log_pending_writes,0,0,0.000000,enabled
1782984762.866,2026-07-02 09:32:42.868,trx_rseg_history_len,999,999,0.000000,enabled
1782984763.936,2026-07-02 09:32:43.937,adaptive_hash_searches,0,0,0.000000,enabled
1782984763.936,2026-07-02 09:32:43.937,adaptive_hash_searches_btree,601914115,601914115,257173.860016,enabled
1782984763.936,2026-07-02 09:32:43.937,buffer_data_reads,1262259046912,1262259046912,539312944.733978,enabled
1782984763.936,2026-07-02 09:32:43.937,buffer_data_written,588017826304,588017826304,251236563.523560,enabled
1782984763.936,2026-07-02 09:32:43.937,buffer_pages0_read,7,7,0.002991,enabled
1782984763.936,2026-07-02 09:32:43.937,buffer_pages_created,1815327,1815327,775.616828,enabled
1782984763.936,2026-07-02 09:32:43.937,buffer_pages_read,77259709,77259709,33009.992175,enabled
1782984763.936,2026-07-02 09:32:43.937,buffer_pages_written,25907291,25907291,11069.152176,enabled
1782984763.936,2026-07-02 09:32:43.937,buffer_pool_bytes_data,12852920320,12852920320,0.000000,enabled
1782984763.936,2026-07-02 09:32:43.937,buffer_pool_bytes_dirty,4642979840,4642979840,0.000000,enabled
1782984763.936,2026-07-02 09:32:43.937,buffer_pool_pages_data,784480,784480,0.000000,enabled
1782984763.936,2026-07-02 09:32:43.937,buffer_pool_pages_dirty,283385,283385,0.000000,enabled
1782984763.936,2026-07-02 09:32:43.937,buffer_pool_pages_flushed,25850221,25850221,0.000000,enabled
1782984763.936,2026-07-02 09:32:43.937,buffer_pool_pages_free,1856,1856,0.000000,enabled
1782984763.936,2026-07-02 09:32:43.937,buffer_pool_pages_lru_flushed,0,0,0.000000,enabled
1782984763.936,2026-07-02 09:32:43.937,buffer_pool_pages_misc,96,96,0.000000,enabled
1782984763.936,2026-07-02 09:32:43.937,buffer_pool_pages_total,786432,786432,0.000000,enabled
1782984763.936,2026-07-02 09:32:43.937,buffer_pool_reads,76361123,76361123,32626.063399,enabled
1782984763.936,2026-07-02 09:32:43.937,buffer_pool_read_ahead,803715,803715,343.395372,enabled
1782984763.936,2026-07-02 09:32:43.937,buffer_pool_read_ahead_evicted,25,25,0.010682,enabled
1782984763.936,2026-07-02 09:32:43.937,buffer_pool_read_requests,2899704705,2899704705,1238928.204368,enabled
1782984763.936,2026-07-02 09:32:43.937,buffer_pool_size,12884901888,12884901888,0.000000,enabled
1782984763.936,2026-07-02 09:32:43.937,buffer_pool_wait_free,18945,18945,8.094443,enabled
1782984763.936,2026-07-02 09:32:43.937,buffer_pool_write_requests,608123648,608123648,259826.987661,enabled
1782984763.936,2026-07-02 09:32:43.937,dml_deletes,13255643,13255643,5663.606637,enabled
1782984763.936,2026-07-02 09:32:43.937,dml_inserts,113141051,113141051,48340.650692,enabled
1782984763.936,2026-07-02 09:32:43.937,dml_system_deletes,468,468,0.199958,enabled
1782984763.936,2026-07-02 09:32:43.937,dml_system_inserts,1202,1202,0.513567,enabled
1782984763.936,2026-07-02 09:32:43.937,dml_system_reads,7661,7661,3.273239,enabled
1782984763.936,2026-07-02 09:32:43.937,dml_system_updates,620,620,0.264901,enabled
1782984763.936,2026-07-02 09:32:43.937,dml_updates,26511406,26511406,11327.264533,enabled
1782984763.936,2026-07-02 09:32:43.937,file_num_open_files,35,35,0.000000,enabled
1782984763.936,2026-07-02 09:32:43.937,ibuf_merges,0,0,0.000000,enabled
1782984763.936,2026-07-02 09:32:43.937,ibuf_merges_delete,0,0,0.000000,enabled
1782984763.936,2026-07-02 09:32:43.937,ibuf_merges_delete_mark,0,0,0.000000,enabled
1782984763.936,2026-07-02 09:32:43.937,ibuf_merges_discard_delete,0,0,0.000000,enabled
1782984763.936,2026-07-02 09:32:43.937,ibuf_merges_discard_delete_mark,0,0,0.000000,enabled
1782984763.936,2026-07-02 09:32:43.937,ibuf_merges_discard_insert,0,0,0.000000,enabled
1782984763.936,2026-07-02 09:32:43.937,ibuf_merges_insert,0,0,0.000000,enabled
1782984763.936,2026-07-02 09:32:43.937,ibuf_size,1,1,0.000427,enabled
1782984763.936,2026-07-02 09:32:43.937,innodb_activity_count,18138082,18138082,7749.677877,enabled
1782984763.936,2026-07-02 09:32:43.937,innodb_dblwr_pages_written,25847931,25847931,11043.788290,enabled
1782984763.936,2026-07-02 09:32:43.937,innodb_dblwr_writes,530472,530472,226.649493,enabled
1782984763.936,2026-07-02 09:32:43.937,innodb_page_size,16384,16384,0.000000,enabled
1782984763.936,2026-07-02 09:32:43.937,innodb_rwlock_sx_os_waits,0,0,0.000000,enabled
1782984763.936,2026-07-02 09:32:43.937,innodb_rwlock_sx_spin_rounds,0,0,0.000000,enabled
1782984763.936,2026-07-02 09:32:43.937,innodb_rwlock_sx_spin_waits,0,0,0.000000,enabled
1782984763.936,2026-07-02 09:32:43.937,innodb_rwlock_s_os_waits,0,0,0.000000,enabled
1782984763.936,2026-07-02 09:32:43.937,innodb_rwlock_s_spin_rounds,0,0,0.000000,enabled
1782984763.936,2026-07-02 09:32:43.937,innodb_rwlock_s_spin_waits,0,0,0.000000,enabled
1782984763.936,2026-07-02 09:32:43.937,innodb_rwlock_x_os_waits,0,0,0.000000,enabled
1782984763.936,2026-07-02 09:32:43.937,innodb_rwlock_x_spin_rounds,0,0,0.000000,enabled
1782984763.936,2026-07-02 09:32:43.937,innodb_rwlock_x_spin_waits,0,0,0.000000,enabled
1782984763.936,2026-07-02 09:32:43.937,lock_deadlocks,0,0,0.000000,enabled
1782984763.936,2026-07-02 09:32:43.937,lock_deadlock_false_positives,0,0,0.000000,enabled
1782984763.936,2026-07-02 09:32:43.937,lock_deadlock_rounds,2577,2577,1.101049,enabled
1782984763.936,2026-07-02 09:32:43.937,lock_rec_grant_attempts,425,425,0.181586,enabled
1782984763.936,2026-07-02 09:32:43.937,lock_rec_release_attempts,40289986,40289986,17214.304910,enabled
1782984763.936,2026-07-02 09:32:43.937,lock_row_lock_current_waits,0,0,0.000000,enabled
1782984763.936,2026-07-02 09:32:43.937,lock_row_lock_time,323,323,0.138005,enabled
1782984763.936,2026-07-02 09:32:43.937,lock_row_lock_time_avg,0,0,0.000000,enabled
1782984763.936,2026-07-02 09:32:43.937,lock_row_lock_time_max,29,29,0.000000,enabled
1782984763.936,2026-07-02 09:32:43.937,lock_row_lock_waits,425,425,0.181586,enabled
1782984763.936,2026-07-02 09:32:43.937,lock_schedule_refreshes,2577,2577,1.101049,enabled
1782984763.936,2026-07-02 09:32:43.937,lock_threads_waiting,0,0,0.000000,enabled
1782984763.936,2026-07-02 09:32:43.937,lock_timeouts,0,0,0.000000,enabled
1782984763.936,2026-07-02 09:32:43.937,log_waits,0,0,0.000000,enabled
1782984763.936,2026-07-02 09:32:43.937,log_writes,201523292,201523292,86102.856363,enabled
1782984763.936,2026-07-02 09:32:43.937,log_write_requests,410043045,410043045,175195.021302,enabled
1782984763.936,2026-07-02 09:32:43.937,os_data_fsyncs,55998357,55998357,23925.862816,enabled
1782984763.936,2026-07-02 09:32:43.937,os_data_reads,77341725,77341725,33045.032109,enabled
1782984763.936,2026-07-02 09:32:43.937,os_data_writes,228224274,228224274,97511.122963,enabled
1782984763.936,2026-07-02 09:32:43.937,os_log_bytes_written,127809257472,127809257472,54607794.205994,enabled
1782984763.936,2026-07-02 09:32:43.937,os_log_fsyncs,48964175,48964175,20920.437555,enabled
1782984763.936,2026-07-02 09:32:43.937,os_log_pending_fsyncs,1,1,0.000427,enabled
1782984763.936,2026-07-02 09:32:43.937,os_log_pending_writes,0,0,0.000000,enabled
1782984763.936,2026-07-02 09:32:43.937,trx_rseg_history_len,981,981,0.000000,enabled
1782984765.006,2026-07-02 09:32:45.008,adaptive_hash_searches,0,0,0.000000,enabled
1782984765.006,2026-07-02 09:32:45.008,adaptive_hash_searches_btree,602080202,602080202,257126.827659,enabled
1782984765.006,2026-07-02 09:32:45.008,buffer_data_reads,1263180155392,1263180155392,539458951.512691,enabled
1782984765.006,2026-07-02 09:32:45.008,buffer_data_written,588326017536,588326017536,251252946.783037,enabled
1782984765.006,2026-07-02 09:32:45.008,buffer_pages0_read,7,7,0.002989,enabled
1782984765.006,2026-07-02 09:32:45.008,buffer_pages_created,1815368,1815368,775.278587,enabled
1782984765.006,2026-07-02 09:32:45.008,buffer_pages_read,77316080,77316080,33018.925563,enabled
1782984765.006,2026-07-02 09:32:45.008,buffer_pages_written,25923190,25923190,11070.864996,enabled
1782984765.006,2026-07-02 09:32:45.008,buffer_pool_bytes_data,12855394304,12855394304,0.000000,enabled
1782984765.006,2026-07-02 09:32:45.008,buffer_pool_bytes_dirty,4645863424,4645863424,0.000000,enabled
1782984765.006,2026-07-02 09:32:45.008,buffer_pool_pages_data,784631,784631,0.000000,enabled
1782984765.006,2026-07-02 09:32:45.008,buffer_pool_pages_dirty,283561,283561,0.000000,enabled
1782984765.006,2026-07-02 09:32:45.008,buffer_pool_pages_flushed,25866120,25866120,0.000000,enabled
1782984765.006,2026-07-02 09:32:45.008,buffer_pool_pages_free,1704,1704,0.000000,enabled
1782984765.006,2026-07-02 09:32:45.008,buffer_pool_pages_lru_flushed,0,0,0.000000,enabled
1782984765.006,2026-07-02 09:32:45.008,buffer_pool_pages_misc,97,97,0.000000,enabled
1782984765.006,2026-07-02 09:32:45.008,buffer_pool_pages_total,786432,786432,0.000000,enabled
1782984765.006,2026-07-02 09:32:45.008,buffer_pool_reads,76417411,76417411,32635.137408,enabled
1782984765.006,2026-07-02 09:32:45.008,buffer_pool_read_ahead,803715,803715,343.237867,enabled
1782984765.006,2026-07-02 09:32:45.008,buffer_pool_read_ahead_evicted,25,25,0.010677,enabled
1782984765.006,2026-07-02 09:32:45.008,buffer_pool_read_requests,2900527675,2900527675,1238711.406797,enabled
1782984765.006,2026-07-02 09:32:45.008,buffer_pool_size,12884901888,12884901888,0.000000,enabled
1782984765.006,2026-07-02 09:32:45.008,buffer_pool_wait_free,18945,18945,8.090730,enabled
1782984765.006,2026-07-02 09:32:45.008,buffer_pool_write_requests,608235421,608235421,259755.547169,enabled
1782984765.006,2026-07-02 09:32:45.008,dml_deletes,13260451,13260451,5663.062149,enabled
1782984765.006,2026-07-02 09:32:45.008,dml_inserts,113145858,113145858,48320.530452,enabled
1782984765.006,2026-07-02 09:32:45.008,dml_system_deletes,468,468,0.199866,enabled
1782984765.006,2026-07-02 09:32:45.008,dml_system_inserts,1202,1202,0.513331,enabled
1782984765.006,2026-07-02 09:32:45.008,dml_system_reads,7661,7661,3.271738,enabled
1782984765.006,2026-07-02 09:32:45.008,dml_system_updates,620,620,0.264780,enabled
1782984765.006,2026-07-02 09:32:45.008,dml_updates,26521023,26521023,11326.175962,enabled
1782984765.006,2026-07-02 09:32:45.008,file_num_open_files,35,35,0.000000,enabled
1782984765.006,2026-07-02 09:32:45.008,ibuf_merges,0,0,0.000000,enabled
1782984765.006,2026-07-02 09:32:45.008,ibuf_merges_delete,0,0,0.000000,enabled
1782984765.006,2026-07-02 09:32:45.008,ibuf_merges_delete_mark,0,0,0.000000,enabled
1782984765.006,2026-07-02 09:32:45.008,ibuf_merges_discard_delete,0,0,0.000000,enabled
1782984765.006,2026-07-02 09:32:45.008,ibuf_merges_discard_delete_mark,0,0,0.000000,enabled
1782984765.006,2026-07-02 09:32:45.008,ibuf_merges_discard_insert,0,0,0.000000,enabled
1782984765.006,2026-07-02 09:32:45.008,ibuf_merges_insert,0,0,0.000000,enabled
1782984765.006,2026-07-02 09:32:45.008,ibuf_size,1,1,0.000427,enabled
1782984765.006,2026-07-02 09:32:45.008,innodb_activity_count,18143604,18143604,7748.481458,enabled
1782984765.006,2026-07-02 09:32:45.008,innodb_dblwr_pages_written,25863830,25863830,11045.512559,enabled
1782984765.006,2026-07-02 09:32:45.008,innodb_dblwr_writes,530836,530836,226.700984,enabled
1782984765.006,2026-07-02 09:32:45.008,innodb_page_size,16384,16384,0.000000,enabled
1782984765.006,2026-07-02 09:32:45.008,innodb_rwlock_sx_os_waits,0,0,0.000000,enabled
1782984765.006,2026-07-02 09:32:45.008,innodb_rwlock_sx_spin_rounds,0,0,0.000000,enabled
1782984765.006,2026-07-02 09:32:45.008,innodb_rwlock_sx_spin_waits,0,0,0.000000,enabled
1782984765.006,2026-07-02 09:32:45.008,innodb_rwlock_s_os_waits,0,0,0.000000,enabled
1782984765.006,2026-07-02 09:32:45.008,innodb_rwlock_s_spin_rounds,0,0,0.000000,enabled
1782984765.006,2026-07-02 09:32:45.008,innodb_rwlock_s_spin_waits,0,0,0.000000,enabled
1782984765.006,2026-07-02 09:32:45.008,innodb_rwlock_x_os_waits,0,0,0.000000,enabled
1782984765.006,2026-07-02 09:32:45.008,innodb_rwlock_x_spin_rounds,0,0,0.000000,enabled
1782984765.006,2026-07-02 09:32:45.008,innodb_rwlock_x_spin_waits,0,0,0.000000,enabled
1782984765.006,2026-07-02 09:32:45.008,lock_deadlocks,0,0,0.000000,enabled
1782984765.006,2026-07-02 09:32:45.008,lock_deadlock_false_positives,0,0,0.000000,enabled
1782984765.006,2026-07-02 09:32:45.008,lock_deadlock_rounds,2578,2578,1.100971,enabled
1782984765.006,2026-07-02 09:32:45.008,lock_rec_grant_attempts,425,425,0.181502,enabled
1782984765.006,2026-07-02 09:32:45.008,lock_rec_release_attempts,40304600,40304600,17212.650333,enabled
1782984765.006,2026-07-02 09:32:45.008,lock_row_lock_current_waits,0,0,0.000000,enabled
1782984765.006,2026-07-02 09:32:45.008,lock_row_lock_time,323,323,0.137942,enabled
1782984765.006,2026-07-02 09:32:45.008,lock_row_lock_time_avg,0,0,0.000000,enabled
1782984765.006,2026-07-02 09:32:45.008,lock_row_lock_time_max,29,29,0.000000,enabled
1782984765.006,2026-07-02 09:32:45.008,lock_row_lock_waits,425,425,0.181502,enabled
1782984765.006,2026-07-02 09:32:45.008,lock_schedule_refreshes,2578,2578,1.100971,enabled
1782984765.006,2026-07-02 09:32:45.008,lock_threads_waiting,0,0,0.000000,enabled
1782984765.006,2026-07-02 09:32:45.008,lock_timeouts,0,0,0.000000,enabled
1782984765.006,2026-07-02 09:32:45.008,log_waits,0,0,0.000000,enabled
1782984765.006,2026-07-02 09:32:45.008,log_writes,201602928,201602928,86097.371800,enabled
1782984765.006,2026-07-02 09:32:45.008,log_write_requests,410124772,410124772,175149.564316,enabled
1782984765.006,2026-07-02 09:32:45.008,os_data_fsyncs,56030763,56030763,23928.727772,enabled
1782984765.006,2026-07-02 09:32:45.008,os_data_reads,77397959,77397959,33053.890304,enabled
1782984765.006,2026-07-02 09:32:45.008,os_data_writes,228320096,228320096,97507.318007,enabled
1782984765.006,2026-07-02 09:32:45.008,os_log_bytes_written,127850893312,127850893312,54600527.491399,enabled
1782984765.006,2026-07-02 09:32:45.008,os_log_fsyncs,48991876,48991876,20922.671720,enabled
1782984765.006,2026-07-02 09:32:45.008,os_log_pending_fsyncs,1,1,0.000427,enabled
1782984765.006,2026-07-02 09:32:45.008,os_log_pending_writes,0,0,0.000000,enabled
1782984765.006,2026-07-02 09:32:45.008,trx_rseg_history_len,959,959,0.000000,enabled
1782984766.081,2026-07-02 09:32:46.082,adaptive_hash_searches,0,0,0.000000,enabled
1782984766.081,2026-07-02 09:32:46.082,adaptive_hash_searches_btree,602247803,602247803,257080.634805,enabled
1782984766.081,2026-07-02 09:32:46.082,buffer_data_reads,1264109570560,1264109570560,539608665.582688,enabled
1782984766.081,2026-07-02 09:32:46.082,buffer_data_written,588635310592,588635310592,251269922.740384,enabled
1782984766.081,2026-07-02 09:32:46.082,buffer_pages0_read,7,7,0.002988,enabled
1782984766.081,2026-07-02 09:32:46.082,buffer_pages_created,1815402,1815402,774.938092,enabled
1782984766.081,2026-07-02 09:32:46.082,buffer_pages_read,77372975,77372975,33028.092536,enabled
1782984766.081,2026-07-02 09:32:46.082,buffer_pages_written,25939170,25939170,11072.616888,enabled
1782984766.081,2026-07-02 09:32:46.082,buffer_pool_bytes_data,12852101120,12852101120,0.000000,enabled
1782984766.081,2026-07-02 09:32:46.082,buffer_pool_bytes_dirty,4649402368,4649402368,0.000000,enabled
1782984766.081,2026-07-02 09:32:46.082,buffer_pool_pages_data,784430,784430,0.000000,enabled
1782984766.081,2026-07-02 09:32:46.082,buffer_pool_pages_dirty,283777,283777,0.000000,enabled
1782984766.081,2026-07-02 09:32:46.082,buffer_pool_pages_flushed,25882100,25882100,0.000000,enabled
1782984766.081,2026-07-02 09:32:46.082,buffer_pool_pages_free,1906,1906,0.000000,enabled
1782984766.081,2026-07-02 09:32:46.082,buffer_pool_pages_lru_flushed,0,0,0.000000,enabled
1782984766.081,2026-07-02 09:32:46.082,buffer_pool_pages_misc,96,96,0.000000,enabled
1782984766.081,2026-07-02 09:32:46.082,buffer_pool_pages_total,786432,786432,0.000000,enabled
1782984766.081,2026-07-02 09:32:46.082,buffer_pool_reads,76474248,76474248,32644.455297,enabled
1782984766.081,2026-07-02 09:32:46.082,buffer_pool_read_ahead,803715,803715,343.080695,enabled
1782984766.081,2026-07-02 09:32:46.082,buffer_pool_read_ahead_evicted,25,25,0.010672,enabled
1782984766.081,2026-07-02 09:32:46.082,buffer_pool_read_requests,2901358010,2901358010,1238498.630414,enabled
1782984766.081,2026-07-02 09:32:46.082,buffer_pool_size,12884901888,12884901888,0.000000,enabled
1782984766.081,2026-07-02 09:32:46.082,buffer_pool_wait_free,18945,18945,8.087026,enabled
1782984766.081,2026-07-02 09:32:46.082,buffer_pool_write_requests,608348293,608348293,259684.783604,enabled
1782984766.081,2026-07-02 09:32:46.082,dml_deletes,13265294,13265294,5662.536357,enabled
1782984766.081,2026-07-02 09:32:46.082,dml_inserts,113150702,113150702,48300.472238,enabled
1782984766.081,2026-07-02 09:32:46.082,dml_system_deletes,468,468,0.199774,enabled
1782984766.081,2026-07-02 09:32:46.082,dml_system_inserts,1202,1202,0.513096,enabled
1782984766.081,2026-07-02 09:32:46.082,dml_system_reads,7661,7661,3.270240,enabled
1782984766.081,2026-07-02 09:32:46.082,dml_system_updates,620,620,0.264658,enabled
1782984766.081,2026-07-02 09:32:46.082,dml_updates,26530709,26530709,11325.124354,enabled
1782984766.081,2026-07-02 09:32:46.082,file_num_open_files,35,35,0.000000,enabled
1782984766.081,2026-07-02 09:32:46.082,ibuf_merges,0,0,0.000000,enabled
1782984766.081,2026-07-02 09:32:46.082,ibuf_merges_delete,0,0,0.000000,enabled
1782984766.081,2026-07-02 09:32:46.082,ibuf_merges_delete_mark,0,0,0.000000,enabled
1782984766.081,2026-07-02 09:32:46.082,ibuf_merges_discard_delete,0,0,0.000000,enabled
1782984766.081,2026-07-02 09:32:46.082,ibuf_merges_discard_delete_mark,0,0,0.000000,enabled
1782984766.081,2026-07-02 09:32:46.082,ibuf_merges_discard_insert,0,0,0.000000,enabled
1782984766.081,2026-07-02 09:32:46.082,ibuf_merges_insert,0,0,0.000000,enabled
1782984766.081,2026-07-02 09:32:46.082,ibuf_size,1,1,0.000427,enabled
1782984766.081,2026-07-02 09:32:46.082,innodb_activity_count,18149166,18149166,7747.307719,enabled
1782984766.081,2026-07-02 09:32:46.082,innodb_dblwr_pages_written,25879810,25879810,11047.276243,enabled
1782984766.081,2026-07-02 09:32:46.082,innodb_dblwr_writes,531164,531164,226.737192,enabled
1782984766.081,2026-07-02 09:32:46.082,innodb_page_size,16384,16384,0.000000,enabled
1782984766.081,2026-07-02 09:32:46.082,innodb_rwlock_sx_os_waits,0,0,0.000000,enabled
1782984766.081,2026-07-02 09:32:46.082,innodb_rwlock_sx_spin_rounds,0,0,0.000000,enabled
1782984766.081,2026-07-02 09:32:46.082,innodb_rwlock_sx_spin_waits,0,0,0.000000,enabled
1782984766.081,2026-07-02 09:32:46.082,innodb_rwlock_s_os_waits,0,0,0.000000,enabled
1782984766.081,2026-07-02 09:32:46.082,innodb_rwlock_s_spin_rounds,0,0,0.000000,enabled
1782984766.081,2026-07-02 09:32:46.082,innodb_rwlock_s_spin_waits,0,0,0.000000,enabled
1782984766.081,2026-07-02 09:32:46.082,innodb_rwlock_x_os_waits,0,0,0.000000,enabled
1782984766.081,2026-07-02 09:32:46.082,innodb_rwlock_x_spin_rounds,0,0,0.000000,enabled
1782984766.081,2026-07-02 09:32:46.082,innodb_rwlock_x_spin_waits,0,0,0.000000,enabled
1782984766.081,2026-07-02 09:32:46.082,lock_deadlocks,0,0,0.000000,enabled
1782984766.081,2026-07-02 09:32:46.082,lock_deadlock_false_positives,0,0,0.000000,enabled
1782984766.081,2026-07-02 09:32:46.082,lock_deadlock_rounds,2579,2579,1.100894,enabled
1782984766.081,2026-07-02 09:32:46.082,lock_rec_grant_attempts,425,425,0.181419,enabled
1782984766.081,2026-07-02 09:32:46.082,lock_rec_release_attempts,40319328,40319328,17211.055364,enabled
1782984766.081,2026-07-02 09:32:46.082,lock_row_lock_current_waits,0,0,0.000000,enabled
1782984766.081,2026-07-02 09:32:46.082,lock_row_lock_time,323,323,0.137879,enabled
1782984766.081,2026-07-02 09:32:46.082,lock_row_lock_time_avg,0,0,0.000000,enabled
1782984766.081,2026-07-02 09:32:46.082,lock_row_lock_time_max,29,29,0.000000,enabled
1782984766.081,2026-07-02 09:32:46.082,lock_row_lock_waits,425,425,0.181419,enabled
1782984766.081,2026-07-02 09:32:46.082,lock_schedule_refreshes,2579,2579,1.100894,enabled
1782984766.081,2026-07-02 09:32:46.082,lock_threads_waiting,0,0,0.000000,enabled
1782984766.081,2026-07-02 09:32:46.082,lock_timeouts,0,0,0.000000,enabled
1782984766.081,2026-07-02 09:32:46.082,log_waits,0,0,0.000000,enabled
1782984766.081,2026-07-02 09:32:46.082,log_writes,201682424,201682424,86091.883007,enabled
1782984766.081,2026-07-02 09:32:46.082,log_write_requests,410207148,410207148,175104.528792,enabled
1782984766.081,2026-07-02 09:32:46.082,os_data_fsyncs,56063793,56063793,23931.870545,enabled
1782984766.081,2026-07-02 09:32:46.082,os_data_reads,77454695,77454695,33062.974123,enabled
1782984766.081,2026-07-02 09:32:46.082,os_data_writes,228415812,228415812,97503.528676,enabled
1782984766.081,2026-07-02 09:32:46.082,os_log_bytes_written,127892496384,127892496384,54593285.560335,enabled
1782984766.081,2026-07-02 09:32:46.082,os_log_fsyncs,49020177,49020177,20925.172272,enabled
1782984766.081,2026-07-02 09:32:46.082,os_log_pending_fsyncs,1,1,0.000427,enabled
1782984766.081,2026-07-02 09:32:46.082,os_log_pending_writes,0,0,0.000000,enabled
1782984766.081,2026-07-02 09:32:46.082,trx_rseg_history_len,968,968,0.000000,enabled
1782984767.153,2026-07-02 09:32:47.155,adaptive_hash_searches,0,0,0.000000,enabled
1782984767.153,2026-07-02 09:32:47.155,adaptive_hash_searches_btree,602417456,602417456,257035.312261,enabled
1782984767.153,2026-07-02 09:32:47.155,buffer_data_reads,1265051503104,1265051503104,539763490.726797,enabled
1782984767.153,2026-07-02 09:32:47.155,buffer_data_written,588944940032,588944940032,251286983.656929,enabled
1782984767.153,2026-07-02 09:32:47.155,buffer_pages0_read,7,7,0.002987,enabled
1782984767.153,2026-07-02 09:32:47.155,buffer_pages_created,1815432,1815432,774.596069,enabled
1782984767.153,2026-07-02 09:32:47.155,buffer_pages_read,77430622,77430622,33037.566298,enabled
1782984767.153,2026-07-02 09:32:47.155,buffer_pages_written,25955141,25955141,11074.361436,enabled
1782984767.153,2026-07-02 09:32:47.155,buffer_pool_bytes_data,12856918016,12856918016,0.000000,enabled
1782984767.153,2026-07-02 09:32:47.155,buffer_pool_bytes_dirty,4656431104,4656431104,0.000000,enabled
1782984767.153,2026-07-02 09:32:47.155,buffer_pool_pages_data,784724,784724,0.000000,enabled
1782984767.153,2026-07-02 09:32:47.155,buffer_pool_pages_dirty,284206,284206,0.000000,enabled
1782984767.153,2026-07-02 09:32:47.155,buffer_pool_pages_flushed,25898071,25898071,0.000000,enabled
1782984767.153,2026-07-02 09:32:47.155,buffer_pool_pages_free,1612,1612,0.000000,enabled
1782984767.153,2026-07-02 09:32:47.155,buffer_pool_pages_lru_flushed,0,0,0.000000,enabled
1782984767.153,2026-07-02 09:32:47.155,buffer_pool_pages_misc,96,96,0.000000,enabled
1782984767.153,2026-07-02 09:32:47.155,buffer_pool_pages_total,786432,786432,0.000000,enabled
1782984767.153,2026-07-02 09:32:47.155,buffer_pool_reads,76531831,76531831,32654.077327,enabled
1782984767.153,2026-07-02 09:32:47.155,buffer_pool_read_ahead,803715,803715,342.923607,enabled
1782984767.153,2026-07-02 09:32:47.155,buffer_pool_read_ahead_evicted,25,25,0.010667,enabled
1782984767.153,2026-07-02 09:32:47.155,buffer_pool_read_requests,2902198808,2902198808,1238290.298693,enabled
1782984767.153,2026-07-02 09:32:47.155,buffer_pool_size,12884901888,12884901888,0.000000,enabled
1782984767.153,2026-07-02 09:32:47.155,buffer_pool_wait_free,18945,18945,8.083323,enabled
1782984767.153,2026-07-02 09:32:47.155,buffer_pool_write_requests,608462138,608462138,259614.455079,enabled
1782984767.153,2026-07-02 09:32:47.155,dml_deletes,13270194,13270194,5662.034415,enabled
1782984767.153,2026-07-02 09:32:47.155,dml_inserts,113155602,113155602,48280.448144,enabled
1782984767.153,2026-07-02 09:32:47.155,dml_system_deletes,468,468,0.199683,enabled
1782984767.153,2026-07-02 09:32:47.155,dml_system_inserts,1202,1202,0.512861,enabled
1782984767.153,2026-07-02 09:32:47.155,dml_system_reads,7661,7661,3.268742,enabled
1782984767.153,2026-07-02 09:32:47.155,dml_system_updates,620,620,0.264537,enabled
1782984767.153,2026-07-02 09:32:47.155,dml_updates,26540517,26540517,11324.123862,enabled
1782984767.153,2026-07-02 09:32:47.155,file_num_open_files,35,35,0.000000,enabled
1782984767.153,2026-07-02 09:32:47.155,ibuf_merges,0,0,0.000000,enabled
1782984767.153,2026-07-02 09:32:47.155,ibuf_merges_delete,0,0,0.000000,enabled
1782984767.153,2026-07-02 09:32:47.155,ibuf_merges_delete_mark,0,0,0.000000,enabled
1782984767.153,2026-07-02 09:32:47.155,ibuf_merges_discard_delete,0,0,0.000000,enabled
1782984767.153,2026-07-02 09:32:47.155,ibuf_merges_discard_delete_mark,0,0,0.000000,enabled
1782984767.153,2026-07-02 09:32:47.155,ibuf_merges_discard_insert,0,0,0.000000,enabled
1782984767.153,2026-07-02 09:32:47.155,ibuf_merges_insert,0,0,0.000000,enabled
1782984767.153,2026-07-02 09:32:47.155,ibuf_size,1,1,0.000427,enabled
1782984767.153,2026-07-02 09:32:47.155,innodb_activity_count,18154799,18154799,7746.163940,enabled
1782984767.153,2026-07-02 09:32:47.155,innodb_dblwr_pages_written,25895781,25895781,11049.032479,enabled
1782984767.153,2026-07-02 09:32:47.155,innodb_dblwr_writes,531517,531517,226.783992,enabled
1782984767.153,2026-07-02 09:32:47.155,innodb_page_size,16384,16384,0.000000,enabled
1782984767.153,2026-07-02 09:32:47.155,innodb_rwlock_sx_os_waits,0,0,0.000000,enabled
1782984767.153,2026-07-02 09:32:47.155,innodb_rwlock_sx_spin_rounds,0,0,0.000000,enabled
1782984767.153,2026-07-02 09:32:47.155,innodb_rwlock_sx_spin_waits,0,0,0.000000,enabled
1782984767.153,2026-07-02 09:32:47.155,innodb_rwlock_s_os_waits,0,0,0.000000,enabled
1782984767.153,2026-07-02 09:32:47.155,innodb_rwlock_s_spin_rounds,0,0,0.000000,enabled
1782984767.153,2026-07-02 09:32:47.155,innodb_rwlock_s_spin_waits,0,0,0.000000,enabled
1782984767.153,2026-07-02 09:32:47.155,innodb_rwlock_x_os_waits,0,0,0.000000,enabled
1782984767.153,2026-07-02 09:32:47.155,innodb_rwlock_x_spin_rounds,0,0,0.000000,enabled
1782984767.153,2026-07-02 09:32:47.155,innodb_rwlock_x_spin_waits,0,0,0.000000,enabled
1782984767.153,2026-07-02 09:32:47.155,lock_deadlocks,0,0,0.000000,enabled
1782984767.153,2026-07-02 09:32:47.155,lock_deadlock_false_positives,0,0,0.000000,enabled
1782984767.153,2026-07-02 09:32:47.155,lock_deadlock_rounds,2581,2581,1.101243,enabled
1782984767.153,2026-07-02 09:32:47.155,lock_rec_grant_attempts,425,425,0.181336,enabled
1782984767.153,2026-07-02 09:32:47.155,lock_rec_release_attempts,40334231,40334231,17209.533524,enabled
1782984767.153,2026-07-02 09:32:47.155,lock_row_lock_current_waits,0,0,0.000000,enabled
1782984767.153,2026-07-02 09:32:47.155,lock_row_lock_time,323,323,0.137815,enabled
1782984767.153,2026-07-02 09:32:47.155,lock_row_lock_time_avg,0,0,0.000000,enabled
1782984767.153,2026-07-02 09:32:47.155,lock_row_lock_time_max,29,29,0.000000,enabled
1782984767.153,2026-07-02 09:32:47.155,lock_row_lock_waits,425,425,0.181336,enabled
1782984767.153,2026-07-02 09:32:47.155,lock_schedule_refreshes,2581,2581,1.101243,enabled
1782984767.153,2026-07-02 09:32:47.155,lock_threads_waiting,0,0,0.000000,enabled
1782984767.153,2026-07-02 09:32:47.155,lock_timeouts,0,0,0.000000,enabled
1782984767.153,2026-07-02 09:32:47.155,log_waits,0,0,0.000000,enabled
1782984767.153,2026-07-02 09:32:47.155,log_writes,201762755,201762755,86086.739607,enabled
1782984767.153,2026-07-02 09:32:47.155,log_write_requests,410290508,410290508,175059.922033,enabled
1782984767.153,2026-07-02 09:32:47.155,os_data_fsyncs,56097875,56097875,23935.454764,enabled
1782984767.153,2026-07-02 09:32:47.155,os_data_reads,77512187,77512187,33072.365909,enabled
1782984767.153,2026-07-02 09:32:47.155,os_data_writes,228512394,228512394,97500.093788,enabled
1782984767.153,2026-07-02 09:32:47.155,os_log_bytes_written,127934387200,127934387200,54586162.707463,enabled
1782984767.153,2026-07-02 09:32:47.155,os_log_fsyncs,49049364,49049364,20928.044604,enabled
1782984767.153,2026-07-02 09:32:47.155,os_log_pending_fsyncs,1,1,0.000427,enabled
1782984767.153,2026-07-02 09:32:47.155,os_log_pending_writes,0,0,0.000000,enabled
1782984767.153,2026-07-02 09:32:47.155,trx_rseg_history_len,1043,1043,0.000000,enabled
1782984768.227,2026-07-02 09:32:48.228,adaptive_hash_searches,0,0,0.000000,enabled
1782984768.227,2026-07-02 09:32:48.228,adaptive_hash_searches_btree,602586172,602586172,256990.110899,enabled
1782984768.227,2026-07-02 09:32:48.228,buffer_data_reads,1265985260032,1265985260032,539915699.184014,enabled
1782984768.227,2026-07-02 09:32:48.228,buffer_data_written,589255298048,589255298048,251304810.574408,enabled
1782984768.227,2026-07-02 09:32:48.228,buffer_pages0_read,7,7,0.002985,enabled
1782984768.227,2026-07-02 09:32:48.228,buffer_pages_created,1815466,1815466,774.257516,enabled
1782984768.227,2026-07-02 09:32:48.228,buffer_pages_read,77487777,77487777,33046.883485,enabled
1782984768.227,2026-07-02 09:32:48.228,buffer_pages_written,25971139,25971139,11076.136658,enabled
1782984768.227,2026-07-02 09:32:48.228,buffer_pool_bytes_data,12848840704,12848840704,0.000000,enabled
1782984768.227,2026-07-02 09:32:48.228,buffer_pool_bytes_dirty,4662018048,4662018048,0.000000,enabled
1782984768.227,2026-07-02 09:32:48.228,buffer_pool_pages_data,784232,784232,0.000000,enabled
1782984768.227,2026-07-02 09:32:48.228,buffer_pool_pages_dirty,284547,284547,0.000000,enabled
1782984768.227,2026-07-02 09:32:48.228,buffer_pool_pages_flushed,25914069,25914069,0.000000,enabled
1782984768.227,2026-07-02 09:32:48.228,buffer_pool_pages_free,2104,2104,0.000000,enabled
1782984768.227,2026-07-02 09:32:48.228,buffer_pool_pages_lru_flushed,0,0,0.000000,enabled
1782984768.227,2026-07-02 09:32:48.228,buffer_pool_pages_misc,96,96,0.000000,enabled
1782984768.227,2026-07-02 09:32:48.228,buffer_pool_pages_total,786432,786432,0.000000,enabled
1782984768.227,2026-07-02 09:32:48.228,buffer_pool_reads,76588925,76588925,32663.543406,enabled
1782984768.227,2026-07-02 09:32:48.228,buffer_pool_read_ahead,803715,803715,342.767307,enabled
1782984768.227,2026-07-02 09:32:48.228,buffer_pool_read_ahead_evicted,25,25,0.010662,enabled
1782984768.227,2026-07-02 09:32:48.228,buffer_pool_read_requests,2903034108,2903034108,1238082.139931,enabled
1782984768.227,2026-07-02 09:32:48.228,buffer_pool_size,12884901888,12884901888,0.000000,enabled
1782984768.227,2026-07-02 09:32:48.228,buffer_pool_wait_free,18945,18945,8.079638,enabled
1782984768.227,2026-07-02 09:32:48.228,buffer_pool_write_requests,608575302,608575302,259544.388230,enabled
1782984768.227,2026-07-02 09:32:48.228,dml_deletes,13275080,13275080,5661.537478,enabled
1782984768.227,2026-07-02 09:32:48.228,dml_inserts,113160487,113160487,48260.525635,enabled
1782984768.227,2026-07-02 09:32:48.228,dml_system_deletes,468,468,0.199592,enabled
1782984768.227,2026-07-02 09:32:48.228,dml_system_inserts,1202,1202,0.512627,enabled
1782984768.227,2026-07-02 09:32:48.228,dml_system_reads,7661,7661,3.267253,enabled
1782984768.227,2026-07-02 09:32:48.228,dml_system_updates,620,620,0.264417,enabled
1782984768.227,2026-07-02 09:32:48.228,dml_updates,26550280,26550280,11323.126121,enabled
1782984768.227,2026-07-02 09:32:48.228,file_num_open_files,35,35,0.000000,enabled
1782984768.227,2026-07-02 09:32:48.228,ibuf_merges,0,0,0.000000,enabled
1782984768.227,2026-07-02 09:32:48.228,ibuf_merges_delete,0,0,0.000000,enabled
1782984768.227,2026-07-02 09:32:48.228,ibuf_merges_delete_mark,0,0,0.000000,enabled
1782984768.227,2026-07-02 09:32:48.228,ibuf_merges_discard_delete,0,0,0.000000,enabled
1782984768.227,2026-07-02 09:32:48.228,ibuf_merges_discard_delete_mark,0,0,0.000000,enabled
1782984768.227,2026-07-02 09:32:48.228,ibuf_merges_discard_insert,0,0,0.000000,enabled
1782984768.227,2026-07-02 09:32:48.228,ibuf_merges_insert,0,0,0.000000,enabled
1782984768.227,2026-07-02 09:32:48.228,ibuf_size,1,1,0.000426,enabled
1782984768.227,2026-07-02 09:32:48.228,innodb_activity_count,18160412,18160412,7745.027118,enabled
1782984768.227,2026-07-02 09:32:48.228,innodb_dblwr_pages_written,25911779,25911779,11050.819213,enabled
1782984768.227,2026-07-02 09:32:48.228,innodb_dblwr_writes,531902,531902,226.844820,enabled
1782984768.227,2026-07-02 09:32:48.228,innodb_page_size,16384,16384,0.000000,enabled
1782984768.227,2026-07-02 09:32:48.228,innodb_rwlock_sx_os_waits,0,0,0.000000,enabled
1782984768.227,2026-07-02 09:32:48.228,innodb_rwlock_sx_spin_rounds,0,0,0.000000,enabled
1782984768.227,2026-07-02 09:32:48.228,innodb_rwlock_sx_spin_waits,0,0,0.000000,enabled
1782984768.227,2026-07-02 09:32:48.228,innodb_rwlock_s_os_waits,0,0,0.000000,enabled
1782984768.227,2026-07-02 09:32:48.228,innodb_rwlock_s_spin_rounds,0,0,0.000000,enabled
1782984768.227,2026-07-02 09:32:48.228,innodb_rwlock_s_spin_waits,0,0,0.000000,enabled
1782984768.227,2026-07-02 09:32:48.228,innodb_rwlock_x_os_waits,0,0,0.000000,enabled
1782984768.227,2026-07-02 09:32:48.228,innodb_rwlock_x_spin_rounds,0,0,0.000000,enabled
1782984768.227,2026-07-02 09:32:48.228,innodb_rwlock_x_spin_waits,0,0,0.000000,enabled
1782984768.227,2026-07-02 09:32:48.228,lock_deadlocks,0,0,0.000000,enabled
1782984768.227,2026-07-02 09:32:48.228,lock_deadlock_false_positives,0,0,0.000000,enabled
1782984768.227,2026-07-02 09:32:48.228,lock_deadlock_rounds,2582,2582,1.101168,enabled
1782984768.227,2026-07-02 09:32:48.228,lock_rec_grant_attempts,425,425,0.181253,enabled
1782984768.227,2026-07-02 09:32:48.228,lock_rec_release_attempts,40349102,40349102,17208.031852,enabled
1782984768.227,2026-07-02 09:32:48.228,lock_row_lock_current_waits,0,0,0.000000,enabled
1782984768.227,2026-07-02 09:32:48.228,lock_row_lock_time,323,323,0.137753,enabled
1782984768.227,2026-07-02 09:32:48.228,lock_row_lock_time_avg,0,0,0.000000,enabled
1782984768.227,2026-07-02 09:32:48.228,lock_row_lock_time_max,29,29,0.000000,enabled
1782984768.227,2026-07-02 09:32:48.228,lock_row_lock_waits,425,425,0.181253,enabled
1782984768.227,2026-07-02 09:32:48.228,lock_schedule_refreshes,2582,2582,1.101168,enabled
1782984768.227,2026-07-02 09:32:48.228,lock_threads_waiting,0,0,0.000000,enabled
1782984768.227,2026-07-02 09:32:48.228,lock_timeouts,0,0,0.000000,enabled
1782984768.227,2026-07-02 09:32:48.228,log_waits,0,0,0.000000,enabled
1782984768.227,2026-07-02 09:32:48.228,log_writes,201843221,201843221,86081.818120,enabled
1782984768.227,2026-07-02 09:32:48.228,log_write_requests,410373442,410373442,175015.498881,enabled
1782984768.227,2026-07-02 09:32:48.228,os_data_fsyncs,56132800,56132800,23939.439802,enabled
1782984768.227,2026-07-02 09:32:48.228,os_data_reads,77569170,77569170,33081.593637,enabled
1782984768.227,2026-07-02 09:32:48.228,os_data_writes,228609145,228609145,97496.915713,enabled
1782984768.227,2026-07-02 09:32:48.228,os_log_bytes_written,127976438272,127976438272,54579216.327688,enabled
1782984768.227,2026-07-02 09:32:48.228,os_log_fsyncs,49079036,49079036,20931.160119,enabled
1782984768.227,2026-07-02 09:32:48.228,os_log_pending_fsyncs,1,1,0.000426,enabled
1782984768.227,2026-07-02 09:32:48.228,os_log_pending_writes,0,0,0.000000,enabled
1782984768.227,2026-07-02 09:32:48.228,trx_rseg_history_len,1088,1088,0.000000,enabled
1782984769.295,2026-07-02 09:32:49.297,adaptive_hash_searches,0,0,0.000000,enabled
1782984769.295,2026-07-02 09:32:49.297,adaptive_hash_searches_btree,602754602,602754602,256944.454912,enabled
1782984769.295,2026-07-02 09:32:49.297,buffer_data_reads,1266919590400,1266919590400,540067224.858216,enabled
1782984769.295,2026-07-02 09:32:49.297,buffer_data_written,589562863616,589562863616,251321063.910357,enabled
1782984769.295,2026-07-02 09:32:49.297,buffer_pages0_read,7,7,0.002984,enabled
1782984769.295,2026-07-02 09:32:49.297,buffer_pages_created,1815505,1815505,773.920273,enabled
1782984769.295,2026-07-02 09:32:49.297,buffer_pages_read,77544959,77544959,33056.155432,enabled
1782984769.295,2026-07-02 09:32:49.297,buffer_pages_written,25986980,25986980,11077.827161,enabled
1782984769.295,2026-07-02 09:32:49.297,buffer_pool_bytes_data,12855017472,12855017472,0.000000,enabled
1782984769.295,2026-07-02 09:32:49.297,buffer_pool_bytes_dirty,4672716800,4672716800,0.000000,enabled
1782984769.295,2026-07-02 09:32:49.297,buffer_pool_pages_data,784609,784609,0.000000,enabled
1782984769.295,2026-07-02 09:32:49.297,buffer_pool_pages_dirty,285201,285201,0.000000,enabled
1782984769.295,2026-07-02 09:32:49.297,buffer_pool_pages_flushed,25929876,25929876,0.000000,enabled
1782984769.295,2026-07-02 09:32:49.297,buffer_pool_pages_free,1728,1728,0.000000,enabled
1782984769.295,2026-07-02 09:32:49.297,buffer_pool_pages_lru_flushed,0,0,0.000000,enabled
1782984769.295,2026-07-02 09:32:49.297,buffer_pool_pages_misc,96,96,0.000000,enabled
1782984769.295,2026-07-02 09:32:49.297,buffer_pool_pages_total,786432,786432,0.000000,enabled
1782984769.295,2026-07-02 09:32:49.297,buffer_pool_reads,76646041,76646041,32672.962472,enabled
1782984769.295,2026-07-02 09:32:49.297,buffer_pool_read_ahead,803715,803715,342.610648,enabled
1782984769.295,2026-07-02 09:32:49.297,buffer_pool_read_ahead_evicted,25,25,0.010657,enabled
1782984769.295,2026-07-02 09:32:49.297,buffer_pool_read_requests,2903868492,2903868492,1237871.970344,enabled
1782984769.295,2026-07-02 09:32:49.297,buffer_pool_size,12884901888,12884901888,0.000000,enabled
1782984769.295,2026-07-02 09:32:49.297,buffer_pool_wait_free,18945,18945,8.075946,enabled
1782984769.295,2026-07-02 09:32:49.297,buffer_pool_write_requests,608689273,608689273,259474.349875,enabled
1782984769.295,2026-07-02 09:32:49.297,dml_deletes,13279941,13279941,5661.022046,enabled
1782984769.295,2026-07-02 09:32:49.297,dml_inserts,113165349,113165349,48240.540996,enabled
1782984769.295,2026-07-02 09:32:49.297,dml_system_deletes,468,468,0.199501,enabled
1782984769.295,2026-07-02 09:32:49.297,dml_system_inserts,1202,1202,0.512393,enabled
1782984769.295,2026-07-02 09:32:49.297,dml_system_reads,7661,7661,3.265759,enabled
1782984769.295,2026-07-02 09:32:49.297,dml_system_updates,620,620,0.264296,enabled
1782984769.295,2026-07-02 09:32:49.297,dml_updates,26560004,26560004,11322.096082,enabled
1782984769.295,2026-07-02 09:32:49.297,file_num_open_files,35,35,0.000000,enabled
1782984769.295,2026-07-02 09:32:49.297,ibuf_merges,0,0,0.000000,enabled
1782984769.295,2026-07-02 09:32:49.297,ibuf_merges_delete,0,0,0.000000,enabled
1782984769.295,2026-07-02 09:32:49.297,ibuf_merges_delete_mark,0,0,0.000000,enabled
1782984769.295,2026-07-02 09:32:49.297,ibuf_merges_discard_delete,0,0,0.000000,enabled
1782984769.295,2026-07-02 09:32:49.297,ibuf_merges_discard_delete_mark,0,0,0.000000,enabled
1782984769.295,2026-07-02 09:32:49.297,ibuf_merges_discard_insert,0,0,0.000000,enabled
1782984769.295,2026-07-02 09:32:49.297,ibuf_merges_insert,0,0,0.000000,enabled
1782984769.295,2026-07-02 09:32:49.297,ibuf_size,1,1,0.000426,enabled
1782984769.295,2026-07-02 09:32:49.297,innodb_activity_count,18165998,18165998,7743.868533,enabled
1782984769.295,2026-07-02 09:32:49.297,innodb_dblwr_pages_written,25927623,25927623,11052.522550,enabled
1782984769.295,2026-07-02 09:32:49.297,innodb_dblwr_writes,532277,532277,226.900999,enabled
1782984769.295,2026-07-02 09:32:49.297,innodb_page_size,16384,16384,0.000000,enabled
1782984769.295,2026-07-02 09:32:49.297,innodb_rwlock_sx_os_waits,0,0,0.000000,enabled
1782984769.295,2026-07-02 09:32:49.297,innodb_rwlock_sx_spin_rounds,0,0,0.000000,enabled
1782984769.295,2026-07-02 09:32:49.297,innodb_rwlock_sx_spin_waits,0,0,0.000000,enabled
1782984769.295,2026-07-02 09:32:49.297,innodb_rwlock_s_os_waits,0,0,0.000000,enabled
1782984769.295,2026-07-02 09:32:49.297,innodb_rwlock_s_spin_rounds,0,0,0.000000,enabled
1782984769.295,2026-07-02 09:32:49.297,innodb_rwlock_s_spin_waits,0,0,0.000000,enabled
1782984769.295,2026-07-02 09:32:49.297,innodb_rwlock_x_os_waits,0,0,0.000000,enabled
1782984769.295,2026-07-02 09:32:49.297,innodb_rwlock_x_spin_rounds,0,0,0.000000,enabled
1782984769.295,2026-07-02 09:32:49.297,innodb_rwlock_x_spin_waits,0,0,0.000000,enabled
1782984769.295,2026-07-02 09:32:49.297,lock_deadlocks,0,0,0.000000,enabled
1782984769.295,2026-07-02 09:32:49.297,lock_deadlock_false_positives,0,0,0.000000,enabled
1782984769.295,2026-07-02 09:32:49.297,lock_deadlock_rounds,2583,2583,1.101091,enabled
1782984769.295,2026-07-02 09:32:49.297,lock_rec_grant_attempts,425,425,0.181171,enabled
1782984769.295,2026-07-02 09:32:49.297,lock_rec_release_attempts,40363907,40363907,17206.478217,enabled
1782984769.295,2026-07-02 09:32:49.297,lock_row_lock_current_waits,0,0,0.000000,enabled
1782984769.295,2026-07-02 09:32:49.297,lock_row_lock_time,323,323,0.137690,enabled
1782984769.295,2026-07-02 09:32:49.297,lock_row_lock_time_avg,0,0,0.000000,enabled
1782984769.295,2026-07-02 09:32:49.297,lock_row_lock_time_max,29,29,0.000000,enabled
1782984769.295,2026-07-02 09:32:49.297,lock_row_lock_waits,425,425,0.181171,enabled
1782984769.295,2026-07-02 09:32:49.297,lock_schedule_refreshes,2583,2583,1.101091,enabled
1782984769.295,2026-07-02 09:32:49.297,lock_threads_waiting,0,0,0.000000,enabled
1782984769.295,2026-07-02 09:32:49.297,lock_timeouts,0,0,0.000000,enabled
1782984769.295,2026-07-02 09:32:49.297,log_waits,0,0,0.000000,enabled
1782984769.295,2026-07-02 09:32:49.297,log_writes,201923308,201923308,86076.615369,enabled
1782984769.295,2026-07-02 09:32:49.297,log_write_requests,410456133,410456133,174970.760238,enabled
1782984769.295,2026-07-02 09:32:49.297,os_data_fsyncs,56166565,56166565,23942.892056,enabled
1782984769.295,2026-07-02 09:32:49.297,os_data_reads,77626185,77626185,33090.778669,enabled
1782984769.295,2026-07-02 09:32:49.297,os_data_writes,228705379,228705379,97493.378955,enabled
1782984769.295,2026-07-02 09:32:49.297,os_log_bytes_written,128018158080,128018158080,54572056.061657,enabled
1782984769.295,2026-07-02 09:32:49.297,os_log_fsyncs,49107865,49107865,20933.883131,enabled
1782984769.295,2026-07-02 09:32:49.297,os_log_pending_fsyncs,1,1,0.000426,enabled
1782984769.295,2026-07-02 09:32:49.297,os_log_pending_writes,0,0,0.000000,enabled
1782984769.295,2026-07-02 09:32:49.297,trx_rseg_history_len,1117,1117,0.000000,enabled
1782984770.367,2026-07-02 09:32:50.368,adaptive_hash_searches,0,0,0.000000,enabled
1782984770.367,2026-07-02 09:32:50.368,adaptive_hash_searches_btree,602921947,602921947,256898.907905,enabled
1782984770.367,2026-07-02 09:32:50.368,buffer_data_reads,1267847825920,1267847825920,540217131.164873,enabled
1782984770.367,2026-07-02 09:32:50.368,buffer_data_written,589882974720,589882974720,251343167.204146,enabled
1782984770.367,2026-07-02 09:32:50.368,buffer_pages0_read,7,7,0.002983,enabled
1782984770.367,2026-07-02 09:32:50.368,buffer_pages_created,1815546,1815546,773.585789,enabled
1782984770.367,2026-07-02 09:32:50.368,buffer_pages_read,77601791,77601791,33065.338081,enabled
1782984770.367,2026-07-02 09:32:50.368,buffer_pages_written,26002827,26002827,11079.541566,enabled
1782984770.367,2026-07-02 09:32:50.368,buffer_pool_bytes_data,12852166656,12852166656,0.000000,enabled
1782984770.367,2026-07-02 09:32:50.368,buffer_pool_bytes_dirty,4679008256,4679008256,0.000000,enabled
1782984770.367,2026-07-02 09:32:50.368,buffer_pool_pages_data,784434,784434,0.000000,enabled
1782984770.367,2026-07-02 09:32:50.368,buffer_pool_pages_dirty,285584,285584,0.000000,enabled
1782984770.367,2026-07-02 09:32:50.368,buffer_pool_pages_flushed,25945616,25945616,0.000000,enabled
1782984770.367,2026-07-02 09:32:50.368,buffer_pool_pages_free,1902,1902,0.000000,enabled
1782984770.367,2026-07-02 09:32:50.368,buffer_pool_pages_lru_flushed,0,0,0.000000,enabled
1782984770.367,2026-07-02 09:32:50.368,buffer_pool_pages_misc,96,96,0.000000,enabled
1782984770.367,2026-07-02 09:32:50.368,buffer_pool_pages_total,786432,786432,0.000000,enabled
1782984770.367,2026-07-02 09:32:50.368,buffer_pool_reads,76702813,76702813,32682.293777,enabled
1782984770.367,2026-07-02 09:32:50.368,buffer_pool_read_ahead,803715,803715,342.454839,enabled
1782984770.367,2026-07-02 09:32:50.368,buffer_pool_read_ahead_evicted,25,25,0.010652,enabled
1782984770.367,2026-07-02 09:32:50.368,buffer_pool_read_requests,2904698367,2904698367,1237662.625074,enabled
1782984770.367,2026-07-02 09:32:50.368,buffer_pool_size,12884901888,12884901888,0.000000,enabled
1782984770.367,2026-07-02 09:32:50.368,buffer_pool_wait_free,18945,18945,8.072273,enabled
1782984770.367,2026-07-02 09:32:50.368,buffer_pool_write_requests,608802160,608802160,259404.448809,enabled
1782984770.367,2026-07-02 09:32:50.368,dml_deletes,13284778,13284778,5660.508603,enabled
1782984770.367,2026-07-02 09:32:50.368,dml_inserts,113170185,113170185,48220.663257,enabled
1782984770.367,2026-07-02 09:32:50.368,dml_system_deletes,468,468,0.199410,enabled
1782984770.367,2026-07-02 09:32:50.368,dml_system_inserts,1202,1202,0.512160,enabled
1782984770.367,2026-07-02 09:32:50.368,dml_system_reads,7661,7661,3.264274,enabled
1782984770.367,2026-07-02 09:32:50.368,dml_system_updates,620,620,0.264176,enabled
1782984770.367,2026-07-02 09:32:50.368,dml_updates,26569673,26569673,11321.067051,enabled
1782984770.367,2026-07-02 09:32:50.368,file_num_open_files,35,35,0.000000,enabled
1782984770.367,2026-07-02 09:32:50.368,ibuf_merges,0,0,0.000000,enabled
1782984770.367,2026-07-02 09:32:50.368,ibuf_merges_delete,0,0,0.000000,enabled
1782984770.367,2026-07-02 09:32:50.368,ibuf_merges_delete_mark,0,0,0.000000,enabled
1782984770.367,2026-07-02 09:32:50.368,ibuf_merges_discard_delete,0,0,0.000000,enabled
1782984770.367,2026-07-02 09:32:50.368,ibuf_merges_discard_delete_mark,0,0,0.000000,enabled
1782984770.367,2026-07-02 09:32:50.368,ibuf_merges_discard_insert,0,0,0.000000,enabled
1782984770.367,2026-07-02 09:32:50.368,ibuf_merges_insert,0,0,0.000000,enabled
1782984770.367,2026-07-02 09:32:50.368,ibuf_size,1,1,0.000426,enabled
1782984770.367,2026-07-02 09:32:50.368,innodb_activity_count,18171557,18171557,7742.715481,enabled
1782984770.367,2026-07-02 09:32:50.368,innodb_dblwr_pages_written,25943326,25943326,11054.187077,enabled
1782984770.367,2026-07-02 09:32:50.368,innodb_dblwr_writes,532610,532610,226.939699,enabled
1782984770.367,2026-07-02 09:32:50.368,innodb_page_size,16384,16384,0.000000,enabled
1782984770.367,2026-07-02 09:32:50.368,innodb_rwlock_sx_os_waits,0,0,0.000000,enabled
1782984770.367,2026-07-02 09:32:50.368,innodb_rwlock_sx_spin_rounds,0,0,0.000000,enabled
1782984770.367,2026-07-02 09:32:50.368,innodb_rwlock_sx_spin_waits,0,0,0.000000,enabled
1782984770.367,2026-07-02 09:32:50.368,innodb_rwlock_s_os_waits,0,0,0.000000,enabled
1782984770.367,2026-07-02 09:32:50.368,innodb_rwlock_s_spin_rounds,0,0,0.000000,enabled
1782984770.367,2026-07-02 09:32:50.368,innodb_rwlock_s_spin_waits,0,0,0.000000,enabled
1782984770.367,2026-07-02 09:32:50.368,innodb_rwlock_x_os_waits,0,0,0.000000,enabled
1782984770.367,2026-07-02 09:32:50.368,innodb_rwlock_x_spin_rounds,0,0,0.000000,enabled
1782984770.367,2026-07-02 09:32:50.368,innodb_rwlock_x_spin_waits,0,0,0.000000,enabled
1782984770.367,2026-07-02 09:32:50.368,lock_deadlocks,0,0,0.000000,enabled
1782984770.367,2026-07-02 09:32:50.368,lock_deadlock_false_positives,0,0,0.000000,enabled
1782984770.367,2026-07-02 09:32:50.368,lock_deadlock_rounds,2584,2584,1.101016,enabled
1782984770.367,2026-07-02 09:32:50.368,lock_rec_grant_attempts,425,425,0.181088,enabled
1782984770.367,2026-07-02 09:32:50.368,lock_rec_release_attempts,40378598,40378598,17204.912893,enabled
1782984770.367,2026-07-02 09:32:50.368,lock_row_lock_current_waits,0,0,0.000000,enabled
1782984770.367,2026-07-02 09:32:50.368,lock_row_lock_time,323,323,0.137627,enabled
1782984770.367,2026-07-02 09:32:50.368,lock_row_lock_time_avg,0,0,0.000000,enabled
1782984770.367,2026-07-02 09:32:50.368,lock_row_lock_time_max,29,29,0.000000,enabled
1782984770.367,2026-07-02 09:32:50.368,lock_row_lock_waits,425,425,0.181088,enabled
1782984770.367,2026-07-02 09:32:50.368,lock_schedule_refreshes,2584,2584,1.101016,enabled
1782984770.367,2026-07-02 09:32:50.368,lock_threads_waiting,0,0,0.000000,enabled
1782984770.367,2026-07-02 09:32:50.368,lock_timeouts,0,0,0.000000,enabled
1782984770.367,2026-07-02 09:32:50.368,log_waits,0,0,0.000000,enabled
1782984770.367,2026-07-02 09:32:50.368,log_writes,202003099,202003099,86071.468161,enabled
1782984770.367,2026-07-02 09:32:50.368,log_write_requests,410538326,410538326,174926.209820,enabled
1782984770.367,2026-07-02 09:32:50.368,os_data_fsyncs,56200047,56200047,23946.269797,enabled
1782984770.367,2026-07-02 09:32:50.368,os_data_reads,77682846,77682846,33099.872525,enabled
1782984770.367,2026-07-02 09:32:50.368,os_data_writes,228801298,228801298,97489.911640,enabled
1782984770.367,2026-07-02 09:32:50.368,os_log_bytes_written,128060060672,128060060672,54565092.393265,enabled
1782984770.367,2026-07-02 09:32:50.368,os_log_fsyncs,49136653,49136653,20936.629224,enabled
1782984770.367,2026-07-02 09:32:50.368,os_log_pending_fsyncs,0,0,0.000000,enabled
1782984770.367,2026-07-02 09:32:50.368,os_log_pending_writes,0,0,0.000000,enabled
1782984770.367,2026-07-02 09:32:50.368,trx_rseg_history_len,1154,1154,0.000000,enabled
1782984771.434,2026-07-02 09:32:51.436,adaptive_hash_searches,0,0,0.000000,enabled
1782984771.434,2026-07-02 09:32:51.436,adaptive_hash_searches_btree,603083918,603083918,256850.982129,enabled
1782984771.434,2026-07-02 09:32:51.436,buffer_data_reads,1268743408128,1268743408128,540352707.657700,enabled
1782984771.434,2026-07-02 09:32:51.436,buffer_data_written,590231938560,590231938560,251377405.202522,enabled
1782984771.434,2026-07-02 09:32:51.436,buffer_pages0_read,7,7,0.002981,enabled
1782984771.434,2026-07-02 09:32:51.436,buffer_pages_created,1815586,1815586,773.250772,enabled
1782984771.434,2026-07-02 09:32:51.436,buffer_pages_read,77656625,77656625,33073.643886,enabled
1782984771.434,2026-07-02 09:32:51.436,buffer_pages_written,26022066,26022066,11082.693166,enabled
1782984771.434,2026-07-02 09:32:51.436,buffer_pool_bytes_data,12852314112,12852314112,0.000000,enabled
1782984771.434,2026-07-02 09:32:51.436,buffer_pool_bytes_dirty,4620255232,4620255232,0.000000,enabled
1782984771.434,2026-07-02 09:32:51.436,buffer_pool_pages_data,784443,784443,0.000000,enabled
1782984771.434,2026-07-02 09:32:51.436,buffer_pool_pages_dirty,281998,281998,0.000000,enabled
1782984771.434,2026-07-02 09:32:51.436,buffer_pool_pages_flushed,25964996,25964996,0.000000,enabled
1782984771.434,2026-07-02 09:32:51.436,buffer_pool_pages_free,1892,1892,0.000000,enabled
1782984771.434,2026-07-02 09:32:51.436,buffer_pool_pages_lru_flushed,0,0,0.000000,enabled
1782984771.434,2026-07-02 09:32:51.436,buffer_pool_pages_misc,97,97,0.000000,enabled
1782984771.434,2026-07-02 09:32:51.436,buffer_pool_pages_total,786432,786432,0.000000,enabled
1782984771.434,2026-07-02 09:32:51.436,buffer_pool_reads,76757589,76757589,32690.749197,enabled
1782984771.434,2026-07-02 09:32:51.436,buffer_pool_read_ahead,803715,803715,342.298991,enabled
1782984771.434,2026-07-02 09:32:51.436,buffer_pool_read_ahead_evicted,25,25,0.010647,enabled
1782984771.434,2026-07-02 09:32:51.436,buffer_pool_read_requests,2905501261,2905501261,1237441.323887,enabled
1782984771.434,2026-07-02 09:32:51.436,buffer_pool_size,12884901888,12884901888,0.000000,enabled
1782984771.434,2026-07-02 09:32:51.436,buffer_pool_wait_free,18945,18945,8.068599,enabled
1782984771.434,2026-07-02 09:32:51.436,buffer_pool_write_requests,608911759,608911759,259333.073707,enabled
1782984771.434,2026-07-02 09:32:51.436,dml_deletes,13289455,13289455,5659.924552,enabled
1782984771.434,2026-07-02 09:32:51.436,dml_inserts,113174862,113174862,48200.711076,enabled
1782984771.434,2026-07-02 09:32:51.436,dml_system_deletes,468,468,0.199319,enabled
1782984771.434,2026-07-02 09:32:51.436,dml_system_inserts,1202,1202,0.511927,enabled
1782984771.434,2026-07-02 09:32:51.436,dml_system_reads,7661,7661,3.262789,enabled
1782984771.434,2026-07-02 09:32:51.436,dml_system_updates,620,620,0.264055,enabled
1782984771.434,2026-07-02 09:32:51.436,dml_updates,26579038,26579038,11319.903609,enabled
1782984771.434,2026-07-02 09:32:51.436,file_num_open_files,35,35,0.000000,enabled
1782984771.434,2026-07-02 09:32:51.436,ibuf_merges,0,0,0.000000,enabled
1782984771.434,2026-07-02 09:32:51.436,ibuf_merges_delete,0,0,0.000000,enabled
1782984771.434,2026-07-02 09:32:51.436,ibuf_merges_delete_mark,0,0,0.000000,enabled
1782984771.434,2026-07-02 09:32:51.436,ibuf_merges_discard_delete,0,0,0.000000,enabled
1782984771.434,2026-07-02 09:32:51.436,ibuf_merges_discard_delete_mark,0,0,0.000000,enabled
1782984771.434,2026-07-02 09:32:51.436,ibuf_merges_discard_insert,0,0,0.000000,enabled
1782984771.434,2026-07-02 09:32:51.436,ibuf_merges_insert,0,0,0.000000,enabled
1782984771.434,2026-07-02 09:32:51.436,ibuf_size,1,1,0.000426,enabled
1782984771.434,2026-07-02 09:32:51.436,innodb_activity_count,18176933,18176933,7741.481574,enabled
1782984771.434,2026-07-02 09:32:51.436,innodb_dblwr_pages_written,25962706,25962706,11057.410444,enabled
1782984771.434,2026-07-02 09:32:51.436,innodb_dblwr_writes,532984,532984,226.995709,enabled
1782984771.434,2026-07-02 09:32:51.436,innodb_page_size,16384,16384,0.000000,enabled
1782984771.434,2026-07-02 09:32:51.436,innodb_rwlock_sx_os_waits,0,0,0.000000,enabled
1782984771.434,2026-07-02 09:32:51.436,innodb_rwlock_sx_spin_rounds,0,0,0.000000,enabled
1782984771.434,2026-07-02 09:32:51.436,innodb_rwlock_sx_spin_waits,0,0,0.000000,enabled
1782984771.434,2026-07-02 09:32:51.436,innodb_rwlock_s_os_waits,0,0,0.000000,enabled
1782984771.434,2026-07-02 09:32:51.436,innodb_rwlock_s_spin_rounds,0,0,0.000000,enabled
1782984771.434,2026-07-02 09:32:51.436,innodb_rwlock_s_spin_waits,0,0,0.000000,enabled
1782984771.434,2026-07-02 09:32:51.436,innodb_rwlock_x_os_waits,0,0,0.000000,enabled
1782984771.434,2026-07-02 09:32:51.436,innodb_rwlock_x_spin_rounds,0,0,0.000000,enabled
1782984771.434,2026-07-02 09:32:51.436,innodb_rwlock_x_spin_waits,0,0,0.000000,enabled
1782984771.434,2026-07-02 09:32:51.436,lock_deadlocks,0,0,0.000000,enabled
1782984771.434,2026-07-02 09:32:51.436,lock_deadlock_false_positives,0,0,0.000000,enabled
1782984771.434,2026-07-02 09:32:51.436,lock_deadlock_rounds,2585,2585,1.100941,enabled
1782984771.434,2026-07-02 09:32:51.436,lock_rec_grant_attempts,425,425,0.181006,enabled
1782984771.434,2026-07-02 09:32:51.436,lock_rec_release_attempts,40392815,40392815,17203.138030,enabled
1782984771.434,2026-07-02 09:32:51.436,lock_row_lock_current_waits,0,0,0.000000,enabled
1782984771.434,2026-07-02 09:32:51.436,lock_row_lock_time,323,323,0.137564,enabled
1782984771.434,2026-07-02 09:32:51.436,lock_row_lock_time_avg,0,0,0.000000,enabled
1782984771.434,2026-07-02 09:32:51.436,lock_row_lock_time_max,29,29,0.000000,enabled
1782984771.434,2026-07-02 09:32:51.436,lock_row_lock_waits,425,425,0.181006,enabled
1782984771.434,2026-07-02 09:32:51.436,lock_schedule_refreshes,2585,2585,1.100941,enabled
1782984771.434,2026-07-02 09:32:51.436,lock_threads_waiting,0,0,0.000000,enabled
1782984771.434,2026-07-02 09:32:51.436,lock_timeouts,0,0,0.000000,enabled
1782984771.434,2026-07-02 09:32:51.436,log_waits,0,0,0.000000,enabled
1782984771.434,2026-07-02 09:32:51.436,log_writes,202080067,202080067,86065.079281,enabled
1782984771.434,2026-07-02 09:32:51.436,log_write_requests,410618174,410618174,174880.611673,enabled
1782984771.434,2026-07-02 09:32:51.436,os_data_fsyncs,56232443,56232443,23949.169620,enabled
1782984771.434,2026-07-02 09:32:51.436,os_data_reads,77737517,77737517,33108.093547,enabled
1782984771.434,2026-07-02 09:32:51.436,os_data_writes,228897728,228897728,97486.614928,enabled
1782984771.434,2026-07-02 09:32:51.436,os_log_bytes_written,128100389376,128100389376,54557436.689028,enabled
1782984771.434,2026-07-02 09:32:51.436,os_log_fsyncs,49163876,49163876,20938.695529,enabled
1782984771.434,2026-07-02 09:32:51.436,os_log_pending_fsyncs,1,1,0.000426,enabled
1782984771.434,2026-07-02 09:32:51.436,os_log_pending_writes,1,1,0.000426,enabled
1782984771.434,2026-07-02 09:32:51.436,trx_rseg_history_len,851,851,0.000000,enabled
1782984772.503,2026-07-02 09:32:52.504,adaptive_hash_searches,0,0,0.000000,enabled
1782984772.503,2026-07-02 09:32:52.504,adaptive_hash_searches_btree,603251200,603251200,256805.294194,enabled
1782984772.503,2026-07-02 09:32:52.504,buffer_data_reads,1269675280896,1269675280896,540503483.857210,enabled
1782984772.503,2026-07-02 09:32:52.504,buffer_data_written,590540812800,590540812800,251394487.396457,enabled
1782984772.503,2026-07-02 09:32:52.504,buffer_pages0_read,7,7,0.002980,enabled
1782984772.503,2026-07-02 09:32:52.504,buffer_pages_created,1815624,1815624,772.915028,enabled
1782984772.503,2026-07-02 09:32:52.504,buffer_pages_read,77713658,77713658,33082.870553,enabled
1782984772.503,2026-07-02 09:32:52.504,buffer_pages_written,26038022,26038022,11084.441733,enabled
1782984772.503,2026-07-02 09:32:52.504,buffer_pool_bytes_data,12853477376,12853477376,0.000000,enabled
1782984772.503,2026-07-02 09:32:52.504,buffer_pool_bytes_dirty,4627218432,4627218432,0.000000,enabled
1782984772.503,2026-07-02 09:32:52.504,buffer_pool_pages_data,784513,784513,0.000000,enabled
1782984772.503,2026-07-02 09:32:52.504,buffer_pool_pages_dirty,282423,282423,0.000000,enabled
1782984772.503,2026-07-02 09:32:52.504,buffer_pool_pages_flushed,25980952,25980952,0.000000,enabled
1782984772.503,2026-07-02 09:32:52.504,buffer_pool_pages_free,1824,1824,0.000000,enabled
1782984772.503,2026-07-02 09:32:52.504,buffer_pool_pages_lru_flushed,0,0,0.000000,enabled
1782984772.503,2026-07-02 09:32:52.504,buffer_pool_pages_misc,97,97,0.000000,enabled
1782984772.503,2026-07-02 09:32:52.504,buffer_pool_pages_total,786432,786432,0.000000,enabled
1782984772.503,2026-07-02 09:32:52.504,buffer_pool_reads,76814575,76814575,32700.130145,enabled
1782984772.503,2026-07-02 09:32:52.504,buffer_pool_read_ahead,803715,803715,342.143204,enabled
1782984772.503,2026-07-02 09:32:52.504,buffer_pool_read_ahead_evicted,25,25,0.010643,enabled
1782984772.503,2026-07-02 09:32:52.504,buffer_pool_read_requests,2906330769,2906330769,1237231.266642,enabled
1782984772.503,2026-07-02 09:32:52.504,buffer_pool_size,12884901888,12884901888,0.000000,enabled
1782984772.503,2026-07-02 09:32:52.504,buffer_pool_wait_free,18945,18945,8.064927,enabled
1782984772.503,2026-07-02 09:32:52.504,buffer_pool_write_requests,609024778,609024778,259263.159198,enabled
1782984772.503,2026-07-02 09:32:52.504,dml_deletes,13294292,13294292,5659.407680,enabled
1782984772.503,2026-07-02 09:32:52.504,dml_inserts,113179700,113179700,48180.833092,enabled
1782984772.503,2026-07-02 09:32:52.504,dml_system_deletes,468,468,0.199229,enabled
1782984772.503,2026-07-02 09:32:52.504,dml_system_inserts,1202,1202,0.511694,enabled
1782984772.503,2026-07-02 09:32:52.504,dml_system_reads,7661,7661,3.261304,enabled
1782984772.503,2026-07-02 09:32:52.504,dml_system_updates,620,620,0.263935,enabled
1782984772.503,2026-07-02 09:32:52.504,dml_updates,26588707,26588707,11318.867710,enabled
1782984772.503,2026-07-02 09:32:52.504,file_num_open_files,35,35,0.000000,enabled
1782984772.503,2026-07-02 09:32:52.504,ibuf_merges,0,0,0.000000,enabled
1782984772.503,2026-07-02 09:32:52.504,ibuf_merges_delete,0,0,0.000000,enabled
1782984772.503,2026-07-02 09:32:52.504,ibuf_merges_delete_mark,0,0,0.000000,enabled
1782984772.503,2026-07-02 09:32:52.504,ibuf_merges_discard_delete,0,0,0.000000,enabled
1782984772.503,2026-07-02 09:32:52.504,ibuf_merges_discard_delete_mark,0,0,0.000000,enabled
1782984772.503,2026-07-02 09:32:52.504,ibuf_merges_discard_insert,0,0,0.000000,enabled
1782984772.503,2026-07-02 09:32:52.504,ibuf_merges_insert,0,0,0.000000,enabled
1782984772.503,2026-07-02 09:32:52.504,ibuf_size,1,1,0.000426,enabled
1782984772.503,2026-07-02 09:32:52.504,innodb_activity_count,18182491,18182491,7740.324252,enabled
1782984772.503,2026-07-02 09:32:52.504,innodb_dblwr_pages_written,25978662,25978662,11059.170395,enabled
1782984772.503,2026-07-02 09:32:52.504,innodb_dblwr_writes,533338,533338,227.043095,enabled
1782984772.503,2026-07-02 09:32:52.504,innodb_page_size,16384,16384,0.000000,enabled
1782984772.503,2026-07-02 09:32:52.504,innodb_rwlock_sx_os_waits,0,0,0.000000,enabled
1782984772.503,2026-07-02 09:32:52.504,innodb_rwlock_sx_spin_rounds,0,0,0.000000,enabled
1782984772.503,2026-07-02 09:32:52.504,innodb_rwlock_sx_spin_waits,0,0,0.000000,enabled
1782984772.503,2026-07-02 09:32:52.504,innodb_rwlock_s_os_waits,0,0,0.000000,enabled
1782984772.503,2026-07-02 09:32:52.504,innodb_rwlock_s_spin_rounds,0,0,0.000000,enabled
1782984772.503,2026-07-02 09:32:52.504,innodb_rwlock_s_spin_waits,0,0,0.000000,enabled
1782984772.503,2026-07-02 09:32:52.504,innodb_rwlock_x_os_waits,0,0,0.000000,enabled
1782984772.503,2026-07-02 09:32:52.504,innodb_rwlock_x_spin_rounds,0,0,0.000000,enabled
1782984772.503,2026-07-02 09:32:52.504,innodb_rwlock_x_spin_waits,0,0,0.000000,enabled
1782984772.503,2026-07-02 09:32:52.504,lock_deadlocks,0,0,0.000000,enabled
1782984772.503,2026-07-02 09:32:52.504,lock_deadlock_false_positives,0,0,0.000000,enabled
1782984772.503,2026-07-02 09:32:52.504,lock_deadlock_rounds,2586,2586,1.100866,enabled
1782984772.503,2026-07-02 09:32:52.504,lock_rec_grant_attempts,425,425,0.180923,enabled
1782984772.503,2026-07-02 09:32:52.504,lock_rec_release_attempts,40407502,40407502,17201.560902,enabled
1782984772.503,2026-07-02 09:32:52.504,lock_row_lock_current_waits,0,0,0.000000,enabled
1782984772.503,2026-07-02 09:32:52.504,lock_row_lock_time,323,323,0.137502,enabled
1782984772.503,2026-07-02 09:32:52.504,lock_row_lock_time_avg,0,0,0.000000,enabled
1782984772.503,2026-07-02 09:32:52.504,lock_row_lock_time_max,29,29,0.000000,enabled
1782984772.503,2026-07-02 09:32:52.504,lock_row_lock_waits,425,425,0.180923,enabled
1782984772.503,2026-07-02 09:32:52.504,lock_schedule_refreshes,2586,2586,1.100866,enabled
1782984772.503,2026-07-02 09:32:52.504,lock_threads_waiting,0,0,0.000000,enabled
1782984772.503,2026-07-02 09:32:52.504,lock_timeouts,0,0,0.000000,enabled
1782984772.503,2026-07-02 09:32:52.504,log_waits,0,0,0.000000,enabled
1782984772.503,2026-07-02 09:32:52.504,log_writes,202159281,202159281,86059.630352,enabled
1782984772.503,2026-07-02 09:32:52.504,log_write_requests,410700367,410700367,174836.008622,enabled
1782984772.503,2026-07-02 09:32:52.504,os_data_fsyncs,56266138,56266138,23952.613828,enabled
1782984772.503,2026-07-02 09:32:52.504,os_data_reads,77794378,77794378,33117.231136,enabled
1782984772.503,2026-07-02 09:32:52.504,os_data_writes,228993184,228993184,97482.882330,enabled
1782984772.503,2026-07-02 09:32:52.504,os_log_bytes_written,128141819904,128141819904,54550243.376866,enabled
1782984772.503,2026-07-02 09:32:52.504,os_log_fsyncs,49192739,49192739,20941.452876,enabled
1782984772.503,2026-07-02 09:32:52.504,os_log_pending_fsyncs,1,1,0.000426,enabled
1782984772.503,2026-07-02 09:32:52.504,os_log_pending_writes,0,0,0.000000,enabled
1782984772.503,2026-07-02 09:32:52.504,trx_rseg_history_len,878,878,0.000000,enabled
1782984773.572,2026-07-02 09:32:53.573,adaptive_hash_searches,0,0,0.000000,enabled
1782984773.572,2026-07-02 09:32:53.573,adaptive_hash_searches_btree,603418852,603418852,256759.485332,enabled
1782984773.572,2026-07-02 09:32:53.573,buffer_data_reads,1270604827136,1270604827136,540652451.970252,enabled
1782984773.572,2026-07-02 09:32:53.573,buffer_data_written,590851173376,590851173376,251411869.792421,enabled
1782984773.572,2026-07-02 09:32:53.573,buffer_pages0_read,7,7,0.002979,enabled
1782984773.572,2026-07-02 09:32:53.573,buffer_pages_created,1815661,1815661,772.578195,enabled
1782984773.572,2026-07-02 09:32:53.573,buffer_pages_read,77770549,77770549,33091.986740,enabled
1782984773.572,2026-07-02 09:32:53.573,buffer_pages_written,26054111,26054111,11086.231351,enabled
1782984773.572,2026-07-02 09:32:53.573,buffer_pool_bytes_data,12853755904,12853755904,0.000000,enabled
1782984773.572,2026-07-02 09:32:53.573,buffer_pool_bytes_dirty,4630609920,4630609920,0.000000,enabled
1782984773.572,2026-07-02 09:32:53.573,buffer_pool_pages_data,784531,784531,0.000000,enabled
1782984773.572,2026-07-02 09:32:53.573,buffer_pool_pages_dirty,282630,282630,0.000000,enabled
1782984773.572,2026-07-02 09:32:53.573,buffer_pool_pages_flushed,25997041,25997041,0.000000,enabled
1782984773.572,2026-07-02 09:32:53.573,buffer_pool_pages_free,1805,1805,0.000000,enabled
1782984773.572,2026-07-02 09:32:53.573,buffer_pool_pages_lru_flushed,0,0,0.000000,enabled
1782984773.572,2026-07-02 09:32:53.573,buffer_pool_pages_misc,96,96,0.000000,enabled
1782984773.572,2026-07-02 09:32:53.573,buffer_pool_pages_total,786432,786432,0.000000,enabled
1782984773.572,2026-07-02 09:32:53.573,buffer_pool_reads,76871410,76871410,32709.397096,enabled
1782984773.572,2026-07-02 09:32:53.573,buffer_pool_read_ahead,803715,803715,341.987129,enabled
1782984773.572,2026-07-02 09:32:53.573,buffer_pool_read_ahead_evicted,25,25,0.010638,enabled
1782984773.572,2026-07-02 09:32:53.573,buffer_pool_read_requests,2907161144,2907161144,1237020.211294,enabled
1782984773.572,2026-07-02 09:32:53.573,buffer_pool_size,12884901888,12884901888,0.000000,enabled
1782984773.572,2026-07-02 09:32:53.573,buffer_pool_wait_free,18945,18945,8.061248,enabled
1782984773.572,2026-07-02 09:32:53.573,buffer_pool_write_requests,609137481,609137481,259192.847474,enabled
1782984773.572,2026-07-02 09:32:53.573,dml_deletes,13299132,13299132,5658.885487,enabled
1782984773.572,2026-07-02 09:32:53.573,dml_inserts,113184540,113184540,48160.914087,enabled
1782984773.572,2026-07-02 09:32:53.573,dml_system_deletes,468,468,0.199138,enabled
1782984773.572,2026-07-02 09:32:53.573,dml_system_inserts,1202,1202,0.511460,enabled
1782984773.572,2026-07-02 09:32:53.573,dml_system_reads,7661,7661,3.259816,enabled
1782984773.572,2026-07-02 09:32:53.573,dml_system_updates,620,620,0.263815,enabled
1782984773.572,2026-07-02 09:32:53.573,dml_updates,26598386,26598386,11317.822874,enabled
1782984773.572,2026-07-02 09:32:53.573,file_num_open_files,35,35,0.000000,enabled
1782984773.572,2026-07-02 09:32:53.573,ibuf_merges,0,0,0.000000,enabled
1782984773.572,2026-07-02 09:32:53.573,ibuf_merges_delete,0,0,0.000000,enabled
1782984773.572,2026-07-02 09:32:53.573,ibuf_merges_delete_mark,0,0,0.000000,enabled
1782984773.572,2026-07-02 09:32:53.573,ibuf_merges_discard_delete,0,0,0.000000,enabled
1782984773.572,2026-07-02 09:32:53.573,ibuf_merges_discard_delete_mark,0,0,0.000000,enabled
1782984773.572,2026-07-02 09:32:53.573,ibuf_merges_discard_insert,0,0,0.000000,enabled
1782984773.572,2026-07-02 09:32:53.573,ibuf_merges_insert,0,0,0.000000,enabled
1782984773.572,2026-07-02 09:32:53.573,ibuf_size,1,1,0.000426,enabled
1782984773.572,2026-07-02 09:32:53.573,innodb_activity_count,18188049,18188049,7739.158347,enabled
1782984773.572,2026-07-02 09:32:53.573,innodb_dblwr_pages_written,25994751,25994751,11060.971571,enabled
1782984773.572,2026-07-02 09:32:53.573,innodb_dblwr_writes,533681,533681,227.085475,enabled
1782984773.572,2026-07-02 09:32:53.573,innodb_page_size,16384,16384,0.000000,enabled
1782984773.572,2026-07-02 09:32:53.573,innodb_rwlock_sx_os_waits,0,0,0.000000,enabled
1782984773.572,2026-07-02 09:32:53.573,innodb_rwlock_sx_spin_rounds,0,0,0.000000,enabled
1782984773.572,2026-07-02 09:32:53.573,innodb_rwlock_sx_spin_waits,0,0,0.000000,enabled
1782984773.572,2026-07-02 09:32:53.573,innodb_rwlock_s_os_waits,0,0,0.000000,enabled
1782984773.572,2026-07-02 09:32:53.573,innodb_rwlock_s_spin_rounds,0,0,0.000000,enabled
1782984773.572,2026-07-02 09:32:53.573,innodb_rwlock_s_spin_waits,0,0,0.000000,enabled
1782984773.572,2026-07-02 09:32:53.573,innodb_rwlock_x_os_waits,0,0,0.000000,enabled
1782984773.572,2026-07-02 09:32:53.573,innodb_rwlock_x_spin_rounds,0,0,0.000000,enabled
1782984773.572,2026-07-02 09:32:53.573,innodb_rwlock_x_spin_waits,0,0,0.000000,enabled
1782984773.572,2026-07-02 09:32:53.573,lock_deadlocks,0,0,0.000000,enabled
1782984773.572,2026-07-02 09:32:53.573,lock_deadlock_false_positives,0,0,0.000000,enabled
1782984773.572,2026-07-02 09:32:53.573,lock_deadlock_rounds,2587,2587,1.100789,enabled
1782984773.572,2026-07-02 09:32:53.573,lock_rec_grant_attempts,425,425,0.180841,enabled
1782984773.572,2026-07-02 09:32:53.573,lock_rec_release_attempts,40422223,40422223,17199.977949,enabled
1782984773.572,2026-07-02 09:32:53.573,lock_row_lock_current_waits,0,0,0.000000,enabled
1782984773.572,2026-07-02 09:32:53.573,lock_row_lock_time,323,323,0.137439,enabled
1782984773.572,2026-07-02 09:32:53.573,lock_row_lock_time_avg,0,0,0.000000,enabled
1782984773.572,2026-07-02 09:32:53.573,lock_row_lock_time_max,29,29,0.000000,enabled
1782984773.572,2026-07-02 09:32:53.573,lock_row_lock_waits,425,425,0.180841,enabled
1782984773.572,2026-07-02 09:32:53.573,lock_schedule_refreshes,2587,2587,1.100789,enabled
1782984773.572,2026-07-02 09:32:53.573,lock_threads_waiting,0,0,0.000000,enabled
1782984773.572,2026-07-02 09:32:53.573,lock_timeouts,0,0,0.000000,enabled
1782984773.572,2026-07-02 09:32:53.573,log_waits,0,0,0.000000,enabled
1782984773.572,2026-07-02 09:32:53.573,log_writes,202237544,202237544,86053.674352,enabled
1782984773.572,2026-07-02 09:32:53.573,log_write_requests,410782703,410782703,174791.288907,enabled
1782984773.572,2026-07-02 09:32:53.573,os_data_fsyncs,56299114,56299114,23955.718966,enabled
1782984773.572,2026-07-02 09:32:53.573,os_data_reads,77851119,77851119,33126.267864,enabled
1782984773.572,2026-07-02 09:32:53.573,os_data_writes,229087793,229087793,97478.670663,enabled
1782984773.572,2026-07-02 09:32:53.573,os_log_bytes_written,128182719488,128182719488,54542762.412374,enabled
1782984773.572,2026-07-02 09:32:53.573,os_log_fsyncs,49220951,49220951,20943.904491,enabled
1782984773.572,2026-07-02 09:32:53.573,os_log_pending_fsyncs,1,1,0.000426,enabled
1782984773.572,2026-07-02 09:32:53.573,os_log_pending_writes,1,1,0.000426,enabled
1782984773.572,2026-07-02 09:32:53.573,trx_rseg_history_len,907,907,0.000000,enabled
1782984774.644,2026-07-02 09:32:54.646,adaptive_hash_searches,0,0,0.000000,enabled
1782984774.644,2026-07-02 09:32:54.646,adaptive_hash_searches_btree,603584161,603584161,256712.830910,enabled
1782984774.644,2026-07-02 09:32:54.646,buffer_data_reads,1271525624320,1271525624320,540797795.743082,enabled
1782984774.644,2026-07-02 09:32:54.646,buffer_data_written,591159733248,591159733248,251428578.613191,enabled
1782984774.644,2026-07-02 09:32:54.646,buffer_pages0_read,7,7,0.002977,enabled
1782984774.644,2026-07-02 09:32:54.646,buffer_pages_created,1815697,1815697,772.241570,enabled
1782984774.644,2026-07-02 09:32:54.646,buffer_pages_read,77826900,77826900,33100.879165,enabled
1782984774.644,2026-07-02 09:32:54.646,buffer_pages_written,26070028,26070028,11087.950945,enabled
1782984774.644,2026-07-02 09:32:54.646,buffer_pool_bytes_data,12855361536,12855361536,0.000000,enabled
1782984774.644,2026-07-02 09:32:54.646,buffer_pool_bytes_dirty,4630740992,4630740992,0.000000,enabled
1782984774.644,2026-07-02 09:32:54.646,buffer_pool_pages_data,784630,784630,0.000000,enabled
1782984774.644,2026-07-02 09:32:54.646,buffer_pool_pages_dirty,282638,282638,0.000000,enabled
1782984774.644,2026-07-02 09:32:54.646,buffer_pool_pages_flushed,26012954,26012954,0.000000,enabled
1782984774.644,2026-07-02 09:32:54.646,buffer_pool_pages_free,1706,1706,0.000000,enabled
1782984774.644,2026-07-02 09:32:54.646,buffer_pool_pages_lru_flushed,0,0,0.000000,enabled
1782984774.644,2026-07-02 09:32:54.646,buffer_pool_pages_misc,96,96,0.000000,enabled
1782984774.644,2026-07-02 09:32:54.646,buffer_pool_pages_total,786432,786432,0.000000,enabled
1782984774.644,2026-07-02 09:32:54.646,buffer_pool_reads,76927712,76927712,32718.442951,enabled
1782984774.644,2026-07-02 09:32:54.646,buffer_pool_read_ahead,803715,803715,341.831343,enabled
1782984774.644,2026-07-02 09:32:54.646,buffer_pool_read_ahead_evicted,25,25,0.010633,enabled
1782984774.644,2026-07-02 09:32:54.646,buffer_pool_read_requests,2907980471,2907980471,1236805.179631,enabled
1782984774.644,2026-07-02 09:32:54.646,buffer_pool_size,12884901888,12884901888,0.000000,enabled
1782984774.644,2026-07-02 09:32:54.646,buffer_pool_wait_free,18945,18945,8.057576,enabled
1782984774.644,2026-07-02 09:32:54.646,buffer_pool_write_requests,609248471,609248471,259121.982241,enabled
1782984774.644,2026-07-02 09:32:54.646,dml_deletes,13303913,13303913,5658.341080,enabled
1782984774.644,2026-07-02 09:32:54.646,dml_inserts,113189320,113189320,48141.007829,enabled
1782984774.644,2026-07-02 09:32:54.646,dml_system_deletes,468,468,0.199047,enabled
1782984774.644,2026-07-02 09:32:54.646,dml_system_inserts,1202,1202,0.511227,enabled
1782984774.644,2026-07-02 09:32:54.646,dml_system_reads,7661,7661,3.258331,enabled
1782984774.644,2026-07-02 09:32:54.646,dml_system_updates,620,620,0.263695,enabled
1782984774.644,2026-07-02 09:32:54.646,dml_updates,26607950,26607950,11316.734889,enabled
1782984774.644,2026-07-02 09:32:54.646,file_num_open_files,35,35,0.000000,enabled
1782984774.644,2026-07-02 09:32:54.646,ibuf_merges,0,0,0.000000,enabled
1782984774.644,2026-07-02 09:32:54.646,ibuf_merges_delete,0,0,0.000000,enabled
1782984774.644,2026-07-02 09:32:54.646,ibuf_merges_delete_mark,0,0,0.000000,enabled
1782984774.644,2026-07-02 09:32:54.646,ibuf_merges_discard_delete,0,0,0.000000,enabled
1782984774.644,2026-07-02 09:32:54.646,ibuf_merges_discard_delete_mark,0,0,0.000000,enabled
1782984774.644,2026-07-02 09:32:54.646,ibuf_merges_discard_insert,0,0,0.000000,enabled
1782984774.644,2026-07-02 09:32:54.646,ibuf_merges_insert,0,0,0.000000,enabled
1782984774.644,2026-07-02 09:32:54.646,ibuf_size,1,1,0.000425,enabled
1782984774.644,2026-07-02 09:32:54.646,innodb_activity_count,18193541,18193541,7737.968681,enabled
1782984774.644,2026-07-02 09:32:54.646,innodb_dblwr_pages_written,26010664,26010664,11062.700880,enabled
1782984774.644,2026-07-02 09:32:54.646,innodb_dblwr_writes,534035,534035,227.132590,enabled
1782984774.644,2026-07-02 09:32:54.646,innodb_page_size,16384,16384,0.000000,enabled
1782984774.644,2026-07-02 09:32:54.646,innodb_rwlock_sx_os_waits,0,0,0.000000,enabled
1782984774.644,2026-07-02 09:32:54.646,innodb_rwlock_sx_spin_rounds,0,0,0.000000,enabled
1782984774.644,2026-07-02 09:32:54.646,innodb_rwlock_sx_spin_waits,0,0,0.000000,enabled
1782984774.644,2026-07-02 09:32:54.646,innodb_rwlock_s_os_waits,0,0,0.000000,enabled
1782984774.644,2026-07-02 09:32:54.646,innodb_rwlock_s_spin_rounds,0,0,0.000000,enabled
1782984774.644,2026-07-02 09:32:54.646,innodb_rwlock_s_spin_waits,0,0,0.000000,enabled
1782984774.644,2026-07-02 09:32:54.646,innodb_rwlock_x_os_waits,0,0,0.000000,enabled
1782984774.644,2026-07-02 09:32:54.646,innodb_rwlock_x_spin_rounds,0,0,0.000000,enabled
1782984774.644,2026-07-02 09:32:54.646,innodb_rwlock_x_spin_waits,0,0,0.000000,enabled
1782984774.644,2026-07-02 09:32:54.646,lock_deadlocks,0,0,0.000000,enabled
1782984774.644,2026-07-02 09:32:54.646,lock_deadlock_false_positives,0,0,0.000000,enabled
1782984774.644,2026-07-02 09:32:54.646,lock_deadlock_rounds,2588,2588,1.100713,enabled
1782984774.644,2026-07-02 09:32:54.646,lock_rec_grant_attempts,425,425,0.180759,enabled
1782984774.644,2026-07-02 09:32:54.646,lock_rec_release_attempts,40436744,40436744,17198.318831,enabled
1782984774.644,2026-07-02 09:32:54.646,lock_row_lock_current_waits,0,0,0.000000,enabled
1782984774.644,2026-07-02 09:32:54.646,lock_row_lock_time,323,323,0.137376,enabled
1782984774.644,2026-07-02 09:32:54.646,lock_row_lock_time_avg,0,0,0.000000,enabled
1782984774.644,2026-07-02 09:32:54.646,lock_row_lock_time_max,29,29,0.000000,enabled
1782984774.644,2026-07-02 09:32:54.646,lock_row_lock_waits,425,425,0.180759,enabled
1782984774.644,2026-07-02 09:32:54.646,lock_schedule_refreshes,2588,2588,1.100713,enabled
1782984774.644,2026-07-02 09:32:54.646,lock_threads_waiting,0,0,0.000000,enabled
1782984774.644,2026-07-02 09:32:54.646,lock_timeouts,0,0,0.000000,enabled
1782984774.644,2026-07-02 09:32:54.646,log_waits,0,0,0.000000,enabled
1782984774.644,2026-07-02 09:32:54.646,log_writes,202317273,202317273,86048.383920,enabled
1782984774.644,2026-07-02 09:32:54.646,log_write_requests,410864016,410864016,174746.249233,enabled
1782984774.644,2026-07-02 09:32:54.646,os_data_fsyncs,56331527,56331527,23958.592093,enabled
1782984774.644,2026-07-02 09:32:54.646,os_data_reads,77907336,77907336,33135.087697,enabled
1782984774.644,2026-07-02 09:32:54.646,os_data_writes,229183721,229183721,97475.065615,enabled
1782984774.644,2026-07-02 09:32:54.646,os_log_bytes_written,128224461824,128224461824,54535670.073570,enabled
1782984774.644,2026-07-02 09:32:54.646,os_log_fsyncs,49248586,49248586,20946.117437,enabled
1782984774.644,2026-07-02 09:32:54.646,os_log_pending_fsyncs,1,1,0.000425,enabled
1782984774.644,2026-07-02 09:32:54.646,os_log_pending_writes,0,0,0.000000,enabled
1782984774.644,2026-07-02 09:32:54.646,trx_rseg_history_len,891,891,0.000000,enabled
1782984775.715,2026-07-02 09:32:55.716,adaptive_hash_searches,0,0,0.000000,enabled
1782984775.715,2026-07-02 09:32:55.716,adaptive_hash_searches_btree,603750874,603750874,256666.793938,enabled
1782984775.715,2026-07-02 09:32:55.716,buffer_data_reads,1272448141824,1272448141824,540943683.890846,enabled
1782984775.715,2026-07-02 09:32:55.716,buffer_data_written,591470146560,591470146560,251446034.808916,enabled
1782984775.715,2026-07-02 09:32:55.716,buffer_pages0_read,7,7,0.002976,enabled
1782984775.715,2026-07-02 09:32:55.716,buffer_pages_created,1815727,1815727,771.902625,enabled
1782984775.715,2026-07-02 09:32:55.716,buffer_pages_read,77883365,77883365,33109.808613,enabled
1782984775.715,2026-07-02 09:32:55.716,buffer_pages_written,26086074,26086074,11089.722695,enabled
1782984775.715,2026-07-02 09:32:55.716,buffer_pool_bytes_data,12849741824,12849741824,0.000000,enabled
1782984775.715,2026-07-02 09:32:55.716,buffer_pool_bytes_dirty,4633067520,4633067520,0.000000,enabled
1782984775.715,2026-07-02 09:32:55.716,buffer_pool_pages_data,784286,784286,0.000000,enabled
1782984775.715,2026-07-02 09:32:55.716,buffer_pool_pages_dirty,282780,282780,0.000000,enabled
1782984775.715,2026-07-02 09:32:55.716,buffer_pool_pages_flushed,26028993,26028993,0.000000,enabled
1782984775.715,2026-07-02 09:32:55.716,buffer_pool_pages_free,2050,2050,0.000000,enabled
1782984775.715,2026-07-02 09:32:55.716,buffer_pool_pages_lru_flushed,0,0,0.000000,enabled
1782984775.715,2026-07-02 09:32:55.716,buffer_pool_pages_misc,96,96,0.000000,enabled
1782984775.715,2026-07-02 09:32:55.716,buffer_pool_pages_total,786432,786432,0.000000,enabled
1782984775.715,2026-07-02 09:32:55.716,buffer_pool_reads,76984112,76984112,32727.518865,enabled
1782984775.715,2026-07-02 09:32:55.716,buffer_pool_read_ahead,803715,803715,341.675664,enabled
1782984775.715,2026-07-02 09:32:55.716,buffer_pool_read_ahead_evicted,25,25,0.010628,enabled
1782984775.715,2026-07-02 09:32:55.716,buffer_pool_read_requests,2908806443,2908806443,1236593.042733,enabled
1782984775.715,2026-07-02 09:32:55.716,buffer_pool_size,12884901888,12884901888,0.000000,enabled
1782984775.715,2026-07-02 09:32:55.716,buffer_pool_wait_free,18945,18945,8.053907,enabled
1782984775.715,2026-07-02 09:32:55.716,buffer_pool_write_requests,609361073,609361073,259051.840559,enabled
1782984775.715,2026-07-02 09:32:55.716,dml_deletes,13308731,13308731,5657.812487,enabled
1782984775.715,2026-07-02 09:32:55.716,dml_inserts,113194138,113194138,48121.132518,enabled
1782984775.715,2026-07-02 09:32:55.716,dml_system_deletes,468,468,0.198956,enabled
1782984775.715,2026-07-02 09:32:55.716,dml_system_inserts,1202,1202,0.510995,enabled
1782984775.715,2026-07-02 09:32:55.716,dml_system_reads,7661,7661,3.256847,enabled
1782984775.715,2026-07-02 09:32:55.716,dml_system_updates,620,620,0.263575,enabled
1782984775.715,2026-07-02 09:32:55.716,dml_updates,26617584,26617584,11315.676829,enabled
1782984775.715,2026-07-02 09:32:55.716,file_num_open_files,35,35,0.000000,enabled
1782984775.715,2026-07-02 09:32:55.716,ibuf_merges,0,0,0.000000,enabled
1782984775.715,2026-07-02 09:32:55.716,ibuf_merges_delete,0,0,0.000000,enabled
1782984775.715,2026-07-02 09:32:55.716,ibuf_merges_delete_mark,0,0,0.000000,enabled
1782984775.715,2026-07-02 09:32:55.716,ibuf_merges_discard_delete,0,0,0.000000,enabled
1782984775.715,2026-07-02 09:32:55.716,ibuf_merges_discard_delete_mark,0,0,0.000000,enabled
1782984775.715,2026-07-02 09:32:55.716,ibuf_merges_discard_insert,0,0,0.000000,enabled
1782984775.715,2026-07-02 09:32:55.716,ibuf_merges_insert,0,0,0.000000,enabled
1782984775.715,2026-07-02 09:32:55.716,ibuf_size,1,1,0.000425,enabled
1782984775.715,2026-07-02 09:32:55.716,innodb_activity_count,18199079,18199079,7736.799084,enabled
1782984775.715,2026-07-02 09:32:55.716,innodb_dblwr_pages_written,26026729,26026729,11064.492437,enabled
1782984775.715,2026-07-02 09:32:55.716,innodb_dblwr_writes,534404,534404,227.186022,enabled
1782984775.715,2026-07-02 09:32:55.716,innodb_page_size,16384,16384,0.000000,enabled
1782984775.715,2026-07-02 09:32:55.716,innodb_rwlock_sx_os_waits,0,0,0.000000,enabled
1782984775.715,2026-07-02 09:32:55.716,innodb_rwlock_sx_spin_rounds,0,0,0.000000,enabled
1782984775.715,2026-07-02 09:32:55.716,innodb_rwlock_sx_spin_waits,0,0,0.000000,enabled
1782984775.715,2026-07-02 09:32:55.716,innodb_rwlock_s_os_waits,0,0,0.000000,enabled
1782984775.715,2026-07-02 09:32:55.716,innodb_rwlock_s_spin_rounds,0,0,0.000000,enabled
1782984775.715,2026-07-02 09:32:55.716,innodb_rwlock_s_spin_waits,0,0,0.000000,enabled
1782984775.715,2026-07-02 09:32:55.716,innodb_rwlock_x_os_waits,0,0,0.000000,enabled
1782984775.715,2026-07-02 09:32:55.716,innodb_rwlock_x_spin_rounds,0,0,0.000000,enabled
1782984775.715,2026-07-02 09:32:55.716,innodb_rwlock_x_spin_waits,0,0,0.000000,enabled
1782984775.715,2026-07-02 09:32:55.716,lock_deadlocks,0,0,0.000000,enabled
1782984775.715,2026-07-02 09:32:55.716,lock_deadlock_false_positives,0,0,0.000000,enabled
1782984775.715,2026-07-02 09:32:55.716,lock_deadlock_rounds,2589,2589,1.100637,enabled
1782984775.715,2026-07-02 09:32:55.716,lock_rec_grant_attempts,425,425,0.180676,enabled
1782984775.715,2026-07-02 09:32:55.716,lock_rec_release_attempts,40451400,40451400,17196.716795,enabled
1782984775.715,2026-07-02 09:32:55.716,lock_row_lock_current_waits,0,0,0.000000,enabled
1782984775.715,2026-07-02 09:32:55.716,lock_row_lock_time,323,323,0.137314,enabled
1782984775.715,2026-07-02 09:32:55.716,lock_row_lock_time_avg,0,0,0.000000,enabled
1782984775.715,2026-07-02 09:32:55.716,lock_row_lock_time_max,29,29,0.000000,enabled
1782984775.715,2026-07-02 09:32:55.716,lock_row_lock_waits,425,425,0.180676,enabled
1782984775.715,2026-07-02 09:32:55.716,lock_schedule_refreshes,2589,2589,1.100637,enabled
1782984775.715,2026-07-02 09:32:55.716,lock_threads_waiting,0,0,0.000000,enabled
1782984775.715,2026-07-02 09:32:55.716,lock_timeouts,0,0,0.000000,enabled
1782984775.715,2026-07-02 09:32:55.716,log_waits,0,0,0.000000,enabled
1782984775.715,2026-07-02 09:32:55.716,log_writes,202396756,202396756,86042.985875,enabled
1782984775.715,2026-07-02 09:32:55.716,log_write_requests,410945893,410945893,174701.474420,enabled
1782984775.715,2026-07-02 09:32:55.716,os_data_fsyncs,56363771,56363771,23961.388407,enabled
1782984775.715,2026-07-02 09:32:55.716,os_data_reads,77963654,77963654,33143.939167,enabled
1782984775.715,2026-07-02 09:32:55.716,os_data_writes,229279569,229279569,97471.420240,enabled
1782984775.715,2026-07-02 09:32:55.716,os_log_bytes_written,128265885696,128265885696,54528443.495249,enabled
1782984775.715,2026-07-02 09:32:55.716,os_log_fsyncs,49276106,49276106,20948.277443,enabled
1782984775.715,2026-07-02 09:32:55.716,os_log_pending_fsyncs,0,0,0.000000,enabled
1782984775.715,2026-07-02 09:32:55.716,os_log_pending_writes,0,0,0.000000,enabled
1782984775.715,2026-07-02 09:32:55.716,trx_rseg_history_len,913,913,0.000000,enabled
1782984776.787,2026-07-02 09:32:56.788,adaptive_hash_searches,0,0,0.000000,enabled
1782984776.787,2026-07-02 09:32:56.788,adaptive_hash_searches_btree,603915939,603915939,256619.909086,enabled
1782984776.787,2026-07-02 09:32:56.788,buffer_data_reads,1273366874624,1273366874624,541087440.187534,enabled
1782984776.787,2026-07-02 09:32:56.788,buffer_data_written,591777055744,591777055744,251461804.436958,enabled
1782984776.787,2026-07-02 09:32:56.788,buffer_pages0_read,7,7,0.002974,enabled
1782984776.787,2026-07-02 09:32:56.788,buffer_pages_created,1815745,1815745,771.558332,enabled
1782984776.787,2026-07-02 09:32:56.788,buffer_pages_read,77939587,77939587,33118.602759,enabled
1782984776.787,2026-07-02 09:32:56.788,buffer_pages_written,26101947,26101947,11091.411313,enabled
1782984776.787,2026-07-02 09:32:56.788,buffer_pool_bytes_data,12855574528,12855574528,0.000000,enabled
1782984776.787,2026-07-02 09:32:56.788,buffer_pool_bytes_dirty,4634787840,4634787840,0.000000,enabled
1782984776.787,2026-07-02 09:32:56.788,buffer_pool_pages_data,784642,784642,0.000000,enabled
1782984776.787,2026-07-02 09:32:56.788,buffer_pool_pages_dirty,282885,282885,0.000000,enabled
1782984776.787,2026-07-02 09:32:56.788,buffer_pool_pages_flushed,26044877,26044877,0.000000,enabled
1782984776.787,2026-07-02 09:32:56.788,buffer_pool_pages_free,1694,1694,0.000000,enabled
1782984776.787,2026-07-02 09:32:56.788,buffer_pool_pages_lru_flushed,0,0,0.000000,enabled
1782984776.787,2026-07-02 09:32:56.788,buffer_pool_pages_misc,96,96,0.000000,enabled
1782984776.787,2026-07-02 09:32:56.788,buffer_pool_pages_total,786432,786432,0.000000,enabled
1782984776.787,2026-07-02 09:32:56.788,buffer_pool_reads,77040274,77040274,32736.461824,enabled
1782984776.787,2026-07-02 09:32:56.788,buffer_pool_read_ahead,803715,803715,341.519880,enabled
1782984776.787,2026-07-02 09:32:56.788,buffer_pool_read_ahead_evicted,25,25,0.010623,enabled
1782984776.787,2026-07-02 09:32:56.788,buffer_pool_read_requests,2909624799,2909624799,1236376.972062,enabled
1782984776.787,2026-07-02 09:32:56.788,buffer_pool_size,12884901888,12884901888,0.000000,enabled
1782984776.787,2026-07-02 09:32:56.788,buffer_pool_wait_free,18945,18945,8.050234,enabled
1782984776.787,2026-07-02 09:32:56.788,buffer_pool_write_requests,609472229,609472229,258980.961629,enabled
1782984776.787,2026-07-02 09:32:56.788,dml_deletes,13313498,13313498,5657.258463,enabled
1782984776.787,2026-07-02 09:32:56.788,dml_inserts,113198906,113198906,48101.217997,enabled
1782984776.787,2026-07-02 09:32:56.788,dml_system_deletes,468,468,0.198866,enabled
1782984776.787,2026-07-02 09:32:56.788,dml_system_inserts,1202,1202,0.510762,enabled
1782984776.787,2026-07-02 09:32:56.788,dml_system_reads,7661,7661,3.255362,enabled
1782984776.787,2026-07-02 09:32:56.788,dml_system_updates,620,620,0.263454,enabled
1782984776.787,2026-07-02 09:32:56.788,dml_updates,26627118,26627118,11314.568756,enabled
1782984776.787,2026-07-02 09:32:56.788,file_num_open_files,35,35,0.000000,enabled
1782984776.787,2026-07-02 09:32:56.788,ibuf_merges,0,0,0.000000,enabled
1782984776.787,2026-07-02 09:32:56.788,ibuf_merges_delete,0,0,0.000000,enabled
1782984776.787,2026-07-02 09:32:56.788,ibuf_merges_delete_mark,0,0,0.000000,enabled
1782984776.787,2026-07-02 09:32:56.788,ibuf_merges_discard_delete,0,0,0.000000,enabled
1782984776.787,2026-07-02 09:32:56.788,ibuf_merges_discard_delete_mark,0,0,0.000000,enabled
1782984776.787,2026-07-02 09:32:56.788,ibuf_merges_discard_insert,0,0,0.000000,enabled
1782984776.787,2026-07-02 09:32:56.788,ibuf_merges_insert,0,0,0.000000,enabled
1782984776.787,2026-07-02 09:32:56.788,ibuf_size,1,1,0.000425,enabled
1782984776.787,2026-07-02 09:32:56.788,innodb_activity_count,18204562,18204562,7735.601416,enabled
1782984776.787,2026-07-02 09:32:56.788,innodb_dblwr_pages_written,26042587,26042587,11066.186138,enabled
1782984776.787,2026-07-02 09:32:56.788,innodb_dblwr_writes,534776,534776,227.240510,enabled
1782984776.787,2026-07-02 09:32:56.788,innodb_page_size,16384,16384,0.000000,enabled
1782984776.787,2026-07-02 09:32:56.788,innodb_rwlock_sx_os_waits,0,0,0.000000,enabled
1782984776.787,2026-07-02 09:32:56.788,innodb_rwlock_sx_spin_rounds,0,0,0.000000,enabled
1782984776.787,2026-07-02 09:32:56.788,innodb_rwlock_sx_spin_waits,0,0,0.000000,enabled
1782984776.787,2026-07-02 09:32:56.788,innodb_rwlock_s_os_waits,0,0,0.000000,enabled
1782984776.787,2026-07-02 09:32:56.788,innodb_rwlock_s_spin_rounds,0,0,0.000000,enabled
1782984776.787,2026-07-02 09:32:56.788,innodb_rwlock_s_spin_waits,0,0,0.000000,enabled
1782984776.787,2026-07-02 09:32:56.788,innodb_rwlock_x_os_waits,0,0,0.000000,enabled
1782984776.787,2026-07-02 09:32:56.788,innodb_rwlock_x_spin_rounds,0,0,0.000000,enabled
1782984776.787,2026-07-02 09:32:56.788,innodb_rwlock_x_spin_waits,0,0,0.000000,enabled
1782984776.787,2026-07-02 09:32:56.788,lock_deadlocks,0,0,0.000000,enabled
1782984776.787,2026-07-02 09:32:56.788,lock_deadlock_false_positives,0,0,0.000000,enabled
1782984776.787,2026-07-02 09:32:56.788,lock_deadlock_rounds,2590,2590,1.100560,enabled
1782984776.787,2026-07-02 09:32:56.788,lock_rec_grant_attempts,425,425,0.180594,enabled
1782984776.787,2026-07-02 09:32:56.788,lock_rec_release_attempts,40465893,40465893,17195.034584,enabled
1782984776.787,2026-07-02 09:32:56.788,lock_row_lock_current_waits,0,0,0.000000,enabled
1782984776.787,2026-07-02 09:32:56.788,lock_row_lock_time,323,323,0.137251,enabled
1782984776.787,2026-07-02 09:32:56.788,lock_row_lock_time_avg,0,0,0.000000,enabled
1782984776.787,2026-07-02 09:32:56.788,lock_row_lock_time_max,29,29,0.000000,enabled
1782984776.787,2026-07-02 09:32:56.788,lock_row_lock_waits,425,425,0.180594,enabled
1782984776.787,2026-07-02 09:32:56.788,lock_schedule_refreshes,2590,2590,1.100560,enabled
1782984776.787,2026-07-02 09:32:56.788,lock_threads_waiting,0,0,0.000000,enabled
1782984776.787,2026-07-02 09:32:56.788,lock_timeouts,0,0,0.000000,enabled
1782984776.787,2026-07-02 09:32:56.788,log_waits,0,0,0.000000,enabled
1782984776.787,2026-07-02 09:32:56.788,log_writes,202475449,202475449,86037.193869,enabled
1782984776.787,2026-07-02 09:32:56.788,log_write_requests,411027027,411027027,174656.296370,enabled
1782984776.787,2026-07-02 09:32:56.788,os_data_fsyncs,56395391,56395391,23963.899546,enabled
1782984776.787,2026-07-02 09:32:56.788,os_data_reads,78019729,78019729,33152.655168,enabled
1782984776.787,2026-07-02 09:32:56.788,os_data_writes,229374381,229374381,97467.266930,enabled
1782984776.787,2026-07-02 09:32:56.788,os_log_bytes_written,128306981888,128306981888,54521044.451608,enabled
1782984776.787,2026-07-02 09:32:56.788,os_log_fsyncs,49302781,49302781,20950.061117,enabled
1782984776.787,2026-07-02 09:32:56.788,os_log_pending_fsyncs,0,0,0.000000,enabled
1782984776.787,2026-07-02 09:32:56.788,os_log_pending_writes,0,0,0.000000,enabled
1782984776.787,2026-07-02 09:32:56.788,trx_rseg_history_len,876,876,0.000000,enabled
1782984777.859,2026-07-02 09:32:57.861,adaptive_hash_searches,0,0,0.000000,enabled
1782984777.859,2026-07-02 09:32:57.861,adaptive_hash_searches_btree,604081129,604081129,256573.263760,enabled
1782984777.859,2026-07-02 09:32:57.861,buffer_data_reads,1274285050368,1274285050368,541231126.563139,enabled
1782984777.859,2026-07-02 09:32:57.861,buffer_data_written,592088637952,592088637952,251479682.795417,enabled
1782984777.859,2026-07-02 09:32:57.861,buffer_pages0_read,7,7,0.002973,enabled
1782984777.859,2026-07-02 09:32:57.861,buffer_pages_created,1815772,1815772,771.218602,enabled
1782984777.859,2026-07-02 09:32:57.861,buffer_pages_read,77995750,77995750,33127.382062,enabled
1782984777.859,2026-07-02 09:32:57.861,buffer_pages_written,26118056,26118056,11093.204735,enabled
1782984777.859,2026-07-02 09:32:57.861,buffer_pool_bytes_data,12847775744,12847775744,0.000000,enabled
1782984777.859,2026-07-02 09:32:57.861,buffer_pool_bytes_dirty,4636852224,4636852224,0.000000,enabled
1782984777.859,2026-07-02 09:32:57.861,buffer_pool_pages_data,784166,784166,0.000000,enabled
1782984777.859,2026-07-02 09:32:57.861,buffer_pool_pages_dirty,283011,283011,0.000000,enabled
1782984777.859,2026-07-02 09:32:57.861,buffer_pool_pages_flushed,26060986,26060986,0.000000,enabled
1782984777.859,2026-07-02 09:32:57.861,buffer_pool_pages_free,2170,2170,0.000000,enabled
1782984777.859,2026-07-02 09:32:57.861,buffer_pool_pages_lru_flushed,0,0,0.000000,enabled
1782984777.859,2026-07-02 09:32:57.861,buffer_pool_pages_misc,96,96,0.000000,enabled
1782984777.859,2026-07-02 09:32:57.861,buffer_pool_pages_total,786432,786432,0.000000,enabled
1782984777.859,2026-07-02 09:32:57.861,buffer_pool_reads,77096361,77096361,32745.382959,enabled
1782984777.859,2026-07-02 09:32:57.861,buffer_pool_read_ahead,803715,803715,341.364428,enabled
1782984777.859,2026-07-02 09:32:57.861,buffer_pool_read_ahead_evicted,25,25,0.010618,enabled
1782984777.859,2026-07-02 09:32:57.861,buffer_pool_read_requests,2910443468,2910443468,1236161.916998,enabled
1782984777.859,2026-07-02 09:32:57.861,buffer_pool_size,12884901888,12884901888,0.000000,enabled
1782984777.859,2026-07-02 09:32:57.861,buffer_pool_wait_free,18945,18945,8.046570,enabled
1782984777.859,2026-07-02 09:32:57.861,buffer_pool_write_requests,609583622,609583622,258910.391651,enabled
1782984777.859,2026-07-02 09:32:57.861,dml_deletes,13318277,13318277,5656.713224,enabled
1782984777.859,2026-07-02 09:32:57.861,dml_inserts,113203684,113203684,48081.352936,enabled
1782984777.859,2026-07-02 09:32:57.861,dml_system_deletes,468,468,0.198775,enabled
1782984777.859,2026-07-02 09:32:57.861,dml_system_inserts,1202,1202,0.510529,enabled
1782984777.859,2026-07-02 09:32:57.861,dml_system_reads,7661,7661,3.253880,enabled
1782984777.859,2026-07-02 09:32:57.861,dml_system_updates,620,620,0.263335,enabled
1782984777.859,2026-07-02 09:32:57.861,dml_updates,26636672,26636672,11313.476555,enabled
1782984777.859,2026-07-02 09:32:57.861,file_num_open_files,35,35,0.000000,enabled
1782984777.859,2026-07-02 09:32:57.861,ibuf_merges,0,0,0.000000,enabled
1782984777.859,2026-07-02 09:32:57.861,ibuf_merges_delete,0,0,0.000000,enabled
1782984777.859,2026-07-02 09:32:57.861,ibuf_merges_delete_mark,0,0,0.000000,enabled
1782984777.859,2026-07-02 09:32:57.861,ibuf_merges_discard_delete,0,0,0.000000,enabled
1782984777.859,2026-07-02 09:32:57.861,ibuf_merges_discard_delete_mark,0,0,0.000000,enabled
1782984777.859,2026-07-02 09:32:57.861,ibuf_merges_discard_insert,0,0,0.000000,enabled
1782984777.859,2026-07-02 09:32:57.861,ibuf_merges_insert,0,0,0.000000,enabled
1782984777.859,2026-07-02 09:32:57.861,ibuf_size,1,1,0.000425,enabled
1782984777.859,2026-07-02 09:32:57.861,innodb_activity_count,18210054,18210054,7734.412998,enabled
1782984777.859,2026-07-02 09:32:57.861,innodb_dblwr_pages_written,26058696,26058696,11067.991111,enabled
1782984777.859,2026-07-02 09:32:57.861,innodb_dblwr_writes,535137,535137,227.290405,enabled
1782984777.859,2026-07-02 09:32:57.861,innodb_page_size,16384,16384,0.000000,enabled
1782984777.859,2026-07-02 09:32:57.861,innodb_rwlock_sx_os_waits,0,0,0.000000,enabled
1782984777.859,2026-07-02 09:32:57.861,innodb_rwlock_sx_spin_rounds,0,0,0.000000,enabled
1782984777.859,2026-07-02 09:32:57.861,innodb_rwlock_sx_spin_waits,0,0,0.000000,enabled
1782984777.859,2026-07-02 09:32:57.861,innodb_rwlock_s_os_waits,0,0,0.000000,enabled
1782984777.859,2026-07-02 09:32:57.861,innodb_rwlock_s_spin_rounds,0,0,0.000000,enabled
1782984777.859,2026-07-02 09:32:57.861,innodb_rwlock_s_spin_waits,0,0,0.000000,enabled
1782984777.859,2026-07-02 09:32:57.861,innodb_rwlock_x_os_waits,0,0,0.000000,enabled
1782984777.859,2026-07-02 09:32:57.861,innodb_rwlock_x_spin_rounds,0,0,0.000000,enabled
1782984777.859,2026-07-02 09:32:57.861,innodb_rwlock_x_spin_waits,0,0,0.000000,enabled
1782984777.859,2026-07-02 09:32:57.861,lock_deadlocks,0,0,0.000000,enabled
1782984777.859,2026-07-02 09:32:57.861,lock_deadlock_false_positives,0,0,0.000000,enabled
1782984777.859,2026-07-02 09:32:57.861,lock_deadlock_rounds,2591,2591,1.100484,enabled
1782984777.859,2026-07-02 09:32:57.861,lock_rec_grant_attempts,425,425,0.180512,enabled
1782984777.859,2026-07-02 09:32:57.861,lock_rec_release_attempts,40480415,40480415,17193.375785,enabled
1782984777.859,2026-07-02 09:32:57.861,lock_row_lock_current_waits,0,0,0.000000,enabled
1782984777.859,2026-07-02 09:32:57.861,lock_row_lock_time,323,323,0.137189,enabled
1782984777.859,2026-07-02 09:32:57.861,lock_row_lock_time_avg,0,0,0.000000,enabled
1782984777.859,2026-07-02 09:32:57.861,lock_row_lock_time_max,29,29,0.000000,enabled
1782984777.859,2026-07-02 09:32:57.861,lock_row_lock_waits,425,425,0.180512,enabled
1782984777.859,2026-07-02 09:32:57.861,lock_schedule_refreshes,2591,2591,1.100484,enabled
1782984777.859,2026-07-02 09:32:57.861,lock_threads_waiting,0,0,0.000000,enabled
1782984777.859,2026-07-02 09:32:57.861,lock_timeouts,0,0,0.000000,enabled
1782984777.859,2026-07-02 09:32:57.861,log_waits,0,0,0.000000,enabled
1782984777.859,2026-07-02 09:32:57.861,log_writes,202554781,202554781,86031.726912,enabled
1782984777.859,2026-07-02 09:32:57.861,log_write_requests,411108323,411108323,174611.326493,enabled
1782984777.859,2026-07-02 09:32:57.861,os_data_fsyncs,56427082,56427082,23966.452002,enabled
1782984777.859,2026-07-02 09:32:57.861,os_data_reads,78075732,78075732,33161.351248,enabled
1782984777.859,2026-07-02 09:32:57.861,os_data_writes,229470108,229470108,97463.560732,enabled
1782984777.859,2026-07-02 09:32:57.861,os_log_bytes_written,128348582912,128348582912,54513897.189906,enabled
1782984777.859,2026-07-02 09:32:57.861,os_log_fsyncs,49329605,49329605,20951.918225,enabled
1782984777.859,2026-07-02 09:32:57.861,os_log_pending_fsyncs,1,1,0.000425,enabled
1782984777.859,2026-07-02 09:32:57.861,os_log_pending_writes,0,0,0.000000,enabled
1782984777.859,2026-07-02 09:32:57.861,trx_rseg_history_len,805,805,0.000000,enabled
1782984778.931,2026-07-02 09:32:58.932,adaptive_hash_searches,0,0,0.000000,enabled
1782984778.931,2026-07-02 09:32:58.932,adaptive_hash_searches_btree,604246361,604246361,256527.161393,enabled
1782984778.931,2026-07-02 09:32:58.932,buffer_data_reads,1275201030656,1275201030656,541374780.463845,enabled
1782984778.931,2026-07-02 09:32:58.932,buffer_data_written,592393697280,592393697280,251495254.355906,enabled
1782984778.931,2026-07-02 09:32:58.932,buffer_pages0_read,7,7,0.002972,enabled
1782984778.931,2026-07-02 09:32:58.932,buffer_pages_created,1815799,1815799,770.880645,enabled
1782984778.931,2026-07-02 09:32:58.932,buffer_pages_read,78051797,78051797,33136.167178,enabled
1782984778.931,2026-07-02 09:32:58.932,buffer_pages_written,26133825,26133825,11094.873279,enabled
1782984778.931,2026-07-02 09:32:58.932,buffer_pool_bytes_data,12850167808,12850167808,0.000000,enabled
1782984778.931,2026-07-02 09:32:58.932,buffer_pool_bytes_dirty,4640210944,4640210944,0.000000,enabled
1782984778.931,2026-07-02 09:32:58.932,buffer_pool_pages_data,784312,784312,0.000000,enabled
1782984778.931,2026-07-02 09:32:58.932,buffer_pool_pages_dirty,283216,283216,0.000000,enabled
1782984778.931,2026-07-02 09:32:58.932,buffer_pool_pages_flushed,26076755,26076755,0.000000,enabled
1782984778.931,2026-07-02 09:32:58.932,buffer_pool_pages_free,2024,2024,0.000000,enabled
1782984778.931,2026-07-02 09:32:58.932,buffer_pool_pages_lru_flushed,0,0,0.000000,enabled
1782984778.931,2026-07-02 09:32:58.932,buffer_pool_pages_misc,96,96,0.000000,enabled
1782984778.931,2026-07-02 09:32:58.932,buffer_pool_pages_total,786432,786432,0.000000,enabled
1782984778.931,2026-07-02 09:32:58.932,buffer_pool_reads,77152347,77152347,32754.315131,enabled
1782984778.931,2026-07-02 09:32:58.932,buffer_pool_read_ahead,803715,803715,341.209764,enabled
1782984778.931,2026-07-02 09:32:58.932,buffer_pool_read_ahead_evicted,25,25,0.010614,enabled
1782984778.931,2026-07-02 09:32:58.932,buffer_pool_read_requests,2911262329,2911262329,1235949.481378,enabled
1782984778.931,2026-07-02 09:32:58.932,buffer_pool_size,12884901888,12884901888,0.000000,enabled
1782984778.931,2026-07-02 09:32:58.932,buffer_pool_wait_free,18945,18945,8.042924,enabled
1782984778.931,2026-07-02 09:32:58.932,buffer_pool_write_requests,609695027,609695027,258840.381471,enabled
1782984778.931,2026-07-02 09:32:58.932,dml_deletes,13323053,13323053,5656.177847,enabled
1782984778.931,2026-07-02 09:32:58.932,dml_inserts,113208460,113208460,48061.595503,enabled
1782984778.931,2026-07-02 09:32:58.932,dml_system_deletes,468,468,0.198685,enabled
1782984778.931,2026-07-02 09:32:58.932,dml_system_inserts,1202,1202,0.510298,enabled
1782984778.931,2026-07-02 09:32:58.932,dml_system_reads,7661,7661,3.252406,enabled
1782984778.931,2026-07-02 09:32:58.932,dml_system_updates,620,620,0.263215,enabled
1782984778.931,2026-07-02 09:32:58.932,dml_updates,26646227,26646227,11312.407054,enabled
1782984778.931,2026-07-02 09:32:58.932,file_num_open_files,35,35,0.000000,enabled
1782984778.931,2026-07-02 09:32:58.932,ibuf_merges,0,0,0.000000,enabled
1782984778.931,2026-07-02 09:32:58.932,ibuf_merges_delete,0,0,0.000000,enabled
1782984778.931,2026-07-02 09:32:58.932,ibuf_merges_delete_mark,0,0,0.000000,enabled
1782984778.931,2026-07-02 09:32:58.932,ibuf_merges_discard_delete,0,0,0.000000,enabled
1782984778.931,2026-07-02 09:32:58.932,ibuf_merges_discard_delete_mark,0,0,0.000000,enabled
1782984778.931,2026-07-02 09:32:58.932,ibuf_merges_discard_insert,0,0,0.000000,enabled
1782984778.931,2026-07-02 09:32:58.932,ibuf_merges_insert,0,0,0.000000,enabled
1782984778.931,2026-07-02 09:32:58.932,ibuf_size,1,1,0.000425,enabled
1782984778.931,2026-07-02 09:32:58.932,innodb_activity_count,18215538,18215538,7733.236815,enabled
1782984778.931,2026-07-02 09:32:58.932,innodb_dblwr_pages_written,26074465,26074465,11069.670930,enabled
1782984778.931,2026-07-02 09:32:58.932,innodb_dblwr_writes,535493,535493,227.338559,enabled
1782984778.931,2026-07-02 09:32:58.932,innodb_page_size,16384,16384,0.000000,enabled
1782984778.931,2026-07-02 09:32:58.932,innodb_rwlock_sx_os_waits,0,0,0.000000,enabled
1782984778.931,2026-07-02 09:32:58.932,innodb_rwlock_sx_spin_rounds,0,0,0.000000,enabled
1782984778.931,2026-07-02 09:32:58.932,innodb_rwlock_sx_spin_waits,0,0,0.000000,enabled
1782984778.931,2026-07-02 09:32:58.932,innodb_rwlock_s_os_waits,0,0,0.000000,enabled
1782984778.931,2026-07-02 09:32:58.932,innodb_rwlock_s_spin_rounds,0,0,0.000000,enabled
1782984778.931,2026-07-02 09:32:58.932,innodb_rwlock_s_spin_waits,0,0,0.000000,enabled
1782984778.931,2026-07-02 09:32:58.932,innodb_rwlock_x_os_waits,0,0,0.000000,enabled
1782984778.931,2026-07-02 09:32:58.932,innodb_rwlock_x_spin_rounds,0,0,0.000000,enabled
1782984778.931,2026-07-02 09:32:58.932,innodb_rwlock_x_spin_waits,0,0,0.000000,enabled
1782984778.931,2026-07-02 09:32:58.932,lock_deadlocks,0,0,0.000000,enabled
1782984778.931,2026-07-02 09:32:58.932,lock_deadlock_false_positives,0,0,0.000000,enabled
1782984778.931,2026-07-02 09:32:58.932,lock_deadlock_rounds,2592,2592,1.100410,enabled
1782984778.931,2026-07-02 09:32:58.932,lock_rec_grant_attempts,425,425,0.180430,enabled
1782984778.931,2026-07-02 09:32:58.932,lock_rec_release_attempts,40494939,40494939,17191.751906,enabled
1782984778.931,2026-07-02 09:32:58.932,lock_row_lock_current_waits,0,0,0.000000,enabled
1782984778.931,2026-07-02 09:32:58.932,lock_row_lock_time,323,323,0.137127,enabled
1782984778.931,2026-07-02 09:32:58.932,lock_row_lock_time_avg,0,0,0.000000,enabled
1782984778.931,2026-07-02 09:32:58.932,lock_row_lock_time_max,29,29,0.000000,enabled
1782984778.931,2026-07-02 09:32:58.932,lock_row_lock_waits,425,425,0.180430,enabled
1782984778.931,2026-07-02 09:32:58.932,lock_schedule_refreshes,2592,2592,1.100410,enabled
1782984778.931,2026-07-02 09:32:58.932,lock_threads_waiting,0,0,0.000000,enabled
1782984778.931,2026-07-02 09:32:58.932,lock_timeouts,0,0,0.000000,enabled
1782984778.931,2026-07-02 09:32:58.932,log_waits,0,0,0.000000,enabled
1782984778.931,2026-07-02 09:32:58.932,log_writes,202632708,202632708,86025.830236,enabled
1782984778.931,2026-07-02 09:32:58.932,log_write_requests,411189620,411189620,174566.726245,enabled
1782984778.931,2026-07-02 09:32:58.932,os_data_fsyncs,56459318,56459318,23969.278664,enabled
1782984778.931,2026-07-02 09:32:58.932,os_data_reads,78131629,78131629,33170.056908,enabled
1782984778.931,2026-07-02 09:32:58.932,os_data_writes,229564051,229564051,97459.284115,enabled
1782984778.931,2026-07-02 09:32:58.932,os_log_bytes_written,128389283840,128389283840,54506476.953944,enabled
1782984778.931,2026-07-02 09:32:58.932,os_log_fsyncs,49357009,49357009,20954.059336,enabled
1782984778.931,2026-07-02 09:32:58.932,os_log_pending_fsyncs,0,0,0.000000,enabled
1782984778.931,2026-07-02 09:32:58.932,os_log_pending_writes,0,0,0.000000,enabled
1782984778.931,2026-07-02 09:32:58.932,trx_rseg_history_len,771,771,0.000000,enabled
1782984779.999,2026-07-02 09:33:00.000,adaptive_hash_searches,0,0,0.000000,enabled
1782984779.999,2026-07-02 09:33:00.000,adaptive_hash_searches_btree,604415023,604415023,256482.141192,enabled
1782984779.999,2026-07-02 09:33:00.000,buffer_data_reads,1276130675200,1276130675200,541523225.674085,enabled
1782984779.999,2026-07-02 09:33:00.000,buffer_data_written,592702546944,592702546944,251512012.907672,enabled
1782984779.999,2026-07-02 09:33:00.000,buffer_pages0_read,7,7,0.002970,enabled
1782984779.999,2026-07-02 09:33:00.000,buffer_pages_created,1815832,1815832,770.544294,enabled
1782984779.999,2026-07-02 09:33:00.000,buffer_pages_read,78108675,78108675,33145.243314,enabled
1782984779.999,2026-07-02 09:33:00.000,buffer_pages_written,26149785,26149785,11096.603410,enabled
1782984779.999,2026-07-02 09:33:00.000,buffer_pool_bytes_data,12861669376,12861669376,0.000000,enabled
1782984779.999,2026-07-02 09:33:00.000,buffer_pool_bytes_dirty,4645339136,4645339136,0.000000,enabled
1782984779.999,2026-07-02 09:33:00.000,buffer_pool_pages_data,785014,785014,0.000000,enabled
1782984779.999,2026-07-02 09:33:00.000,buffer_pool_pages_dirty,283529,283529,0.000000,enabled
1782984779.999,2026-07-02 09:33:00.000,buffer_pool_pages_flushed,26092715,26092715,0.000000,enabled
1782984779.999,2026-07-02 09:33:00.000,buffer_pool_pages_free,1321,1321,0.000000,enabled
1782984779.999,2026-07-02 09:33:00.000,buffer_pool_pages_lru_flushed,0,0,0.000000,enabled
1782984779.999,2026-07-02 09:33:00.000,buffer_pool_pages_misc,96,96,0.000000,enabled
1782984779.999,2026-07-02 09:33:00.000,buffer_pool_pages_total,786432,786432,0.000000,enabled
1782984779.999,2026-07-02 09:33:00.000,buffer_pool_reads,77209167,77209167,32763.540146,enabled
1782984779.999,2026-07-02 09:33:00.000,buffer_pool_read_ahead,803715,803715,341.054689,enabled
1782984779.999,2026-07-02 09:33:00.000,buffer_pool_read_ahead_evicted,25,25,0.010609,enabled
1782984779.999,2026-07-02 09:33:00.000,buffer_pool_read_requests,2912097640,2912097640,1235742.220380,enabled
1782984779.999,2026-07-02 09:33:00.000,buffer_pool_size,12884901888,12884901888,0.000000,enabled
1782984779.999,2026-07-02 09:33:00.000,buffer_pool_wait_free,18945,18945,8.039269,enabled
1782984779.999,2026-07-02 09:33:00.000,buffer_pool_write_requests,609808757,609808757,258771.002895,enabled
1782984779.999,2026-07-02 09:33:00.000,dml_deletes,13327924,13327924,5655.674077,enabled
1782984779.999,2026-07-02 09:33:00.000,dml_inserts,113213332,113213332,48041.818639,enabled
1782984779.999,2026-07-02 09:33:00.000,dml_system_deletes,468,468,0.198595,enabled
1782984779.999,2026-07-02 09:33:00.000,dml_system_inserts,1202,1202,0.510066,enabled
1782984779.999,2026-07-02 09:33:00.000,dml_system_reads,7661,7661,3.250928,enabled
1782984779.999,2026-07-02 09:33:00.000,dml_system_updates,620,620,0.263096,enabled
1782984779.999,2026-07-02 09:33:00.000,dml_updates,26655968,26655968,11311.399065,enabled
1782984779.999,2026-07-02 09:33:00.000,file_num_open_files,35,35,0.000000,enabled
1782984779.999,2026-07-02 09:33:00.000,ibuf_merges,0,0,0.000000,enabled
1782984779.999,2026-07-02 09:33:00.000,ibuf_merges_delete,0,0,0.000000,enabled
1782984779.999,2026-07-02 09:33:00.000,ibuf_merges_delete_mark,0,0,0.000000,enabled
1782984779.999,2026-07-02 09:33:00.000,ibuf_merges_discard_delete,0,0,0.000000,enabled
1782984779.999,2026-07-02 09:33:00.000,ibuf_merges_discard_delete_mark,0,0,0.000000,enabled
1782984779.999,2026-07-02 09:33:00.000,ibuf_merges_discard_insert,0,0,0.000000,enabled
1782984779.999,2026-07-02 09:33:00.000,ibuf_merges_insert,0,0,0.000000,enabled
1782984779.999,2026-07-02 09:33:00.000,ibuf_size,1,1,0.000424,enabled
1782984779.999,2026-07-02 09:33:00.000,innodb_activity_count,18221133,18221133,7732.096266,enabled
1782984779.999,2026-07-02 09:33:00.000,innodb_dblwr_pages_written,26090425,26090425,11071.412311,enabled
1782984779.999,2026-07-02 09:33:00.000,innodb_dblwr_writes,535830,535830,227.378238,enabled
1782984779.999,2026-07-02 09:33:00.000,innodb_page_size,16384,16384,0.000000,enabled
1782984779.999,2026-07-02 09:33:00.000,innodb_rwlock_sx_os_waits,0,0,0.000000,enabled
1782984779.999,2026-07-02 09:33:00.000,innodb_rwlock_sx_spin_rounds,0,0,0.000000,enabled
1782984779.999,2026-07-02 09:33:00.000,innodb_rwlock_sx_spin_waits,0,0,0.000000,enabled
1782984779.999,2026-07-02 09:33:00.000,innodb_rwlock_s_os_waits,0,0,0.000000,enabled
1782984779.999,2026-07-02 09:33:00.000,innodb_rwlock_s_spin_rounds,0,0,0.000000,enabled
1782984779.999,2026-07-02 09:33:00.000,innodb_rwlock_s_spin_waits,0,0,0.000000,enabled
1782984779.999,2026-07-02 09:33:00.000,innodb_rwlock_x_os_waits,0,0,0.000000,enabled
1782984779.999,2026-07-02 09:33:00.000,innodb_rwlock_x_spin_rounds,0,0,0.000000,enabled
1782984779.999,2026-07-02 09:33:00.000,innodb_rwlock_x_spin_waits,0,0,0.000000,enabled
1782984779.999,2026-07-02 09:33:00.000,lock_deadlocks,0,0,0.000000,enabled
1782984779.999,2026-07-02 09:33:00.000,lock_deadlock_false_positives,0,0,0.000000,enabled
1782984779.999,2026-07-02 09:33:00.000,lock_deadlock_rounds,2593,2593,1.100334,enabled
1782984779.999,2026-07-02 09:33:00.000,lock_rec_grant_attempts,425,425,0.180348,enabled
1782984779.999,2026-07-02 09:33:00.000,lock_rec_release_attempts,40509719,40509719,17190.210330,enabled
1782984779.999,2026-07-02 09:33:00.000,lock_row_lock_current_waits,0,0,0.000000,enabled
1782984779.999,2026-07-02 09:33:00.000,lock_row_lock_time,323,323,0.137064,enabled
1782984779.999,2026-07-02 09:33:00.000,lock_row_lock_time_avg,0,0,0.000000,enabled
1782984779.999,2026-07-02 09:33:00.000,lock_row_lock_time_max,29,29,0.000000,enabled
1782984779.999,2026-07-02 09:33:00.000,lock_row_lock_waits,425,425,0.180348,enabled
1782984779.999,2026-07-02 09:33:00.000,lock_schedule_refreshes,2593,2593,1.100334,enabled
1782984779.999,2026-07-02 09:33:00.000,lock_threads_waiting,0,0,0.000000,enabled
1782984779.999,2026-07-02 09:33:00.000,lock_timeouts,0,0,0.000000,enabled
1782984779.999,2026-07-02 09:33:00.000,log_waits,0,0,0.000000,enabled
1782984779.999,2026-07-02 09:33:00.000,log_writes,202712169,202712169,86020.451153,enabled
1782984779.999,2026-07-02 09:33:00.000,log_write_requests,411272438,411272438,174522.530456,enabled
1782984779.999,2026-07-02 09:33:00.000,os_data_fsyncs,56493370,56493370,23972.834785,enabled
1782984779.999,2026-07-02 09:33:00.000,os_data_reads,78188340,78188340,33179.046677,enabled
1782984779.999,2026-07-02 09:33:00.000,os_data_writes,229659693,229659693,97455.575426,enabled
1782984779.999,2026-07-02 09:33:00.000,os_log_bytes_written,128430768128,128430768128,54499308.140644,enabled
1782984779.999,2026-07-02 09:33:00.000,os_log_fsyncs,49386319,49386319,20956.973582,enabled
1782984779.999,2026-07-02 09:33:00.000,os_log_pending_fsyncs,0,0,0.000000,enabled
1782984779.999,2026-07-02 09:33:00.000,os_log_pending_writes,0,0,0.000000,enabled
1782984779.999,2026-07-02 09:33:00.000,trx_rseg_history_len,792,792,0.000000,enabled
1782984781.069,2026-07-02 09:33:01.071,adaptive_hash_searches,0,0,0.000000,enabled
1782984781.069,2026-07-02 09:33:01.071,adaptive_hash_searches_btree,604583344,604583344,256436.907030,enabled
1782984781.069,2026-07-02 09:33:01.071,buffer_data_reads,1277064022528,1277064022528,541672860.882824,enabled
1782984781.069,2026-07-02 09:33:01.071,buffer_data_written,593014081536,593014081536,251529780.998488,enabled
1782984781.069,2026-07-02 09:33:01.071,buffer_pages0_read,7,7,0.002969,enabled
1782984781.069,2026-07-02 09:33:01.071,buffer_pages_created,1815860,1815860,770.205778,enabled
1782984781.069,2026-07-02 09:33:01.071,buffer_pages_read,78165794,78165794,33154.398358,enabled
1782984781.069,2026-07-02 09:33:01.071,buffer_pages_written,26165855,26165855,11098.373582,enabled
1782984781.069,2026-07-02 09:33:01.071,buffer_pool_bytes_data,12858703872,12858703872,0.000000,enabled
1782984781.069,2026-07-02 09:33:01.071,buffer_pool_bytes_dirty,4651122688,4651122688,0.000000,enabled
1782984781.069,2026-07-02 09:33:01.071,buffer_pool_pages_data,784833,784833,0.000000,enabled
1782984781.069,2026-07-02 09:33:01.071,buffer_pool_pages_dirty,283882,283882,0.000000,enabled
1782984781.069,2026-07-02 09:33:01.071,buffer_pool_pages_flushed,26108785,26108785,0.000000,enabled
1782984781.069,2026-07-02 09:33:01.071,buffer_pool_pages_free,1501,1501,0.000000,enabled
1782984781.069,2026-07-02 09:33:01.071,buffer_pool_pages_lru_flushed,0,0,0.000000,enabled
1782984781.069,2026-07-02 09:33:01.071,buffer_pool_pages_misc,96,96,0.000000,enabled
1782984781.069,2026-07-02 09:33:01.071,buffer_pool_pages_total,786432,786432,0.000000,enabled
1782984781.069,2026-07-02 09:33:01.071,buffer_pool_reads,77266221,77266221,32772.841175,enabled
1782984781.069,2026-07-02 09:33:01.071,buffer_pool_read_ahead,803715,803715,340.899600,enabled
1782984781.069,2026-07-02 09:33:01.071,buffer_pool_read_ahead_evicted,25,25,0.010604,enabled
1782984781.069,2026-07-02 09:33:01.071,buffer_pool_read_requests,2912931711,2912931711,1235534.061986,enabled
1782984781.069,2026-07-02 09:33:01.071,buffer_pool_size,12884901888,12884901888,0.000000,enabled
1782984781.069,2026-07-02 09:33:01.071,buffer_pool_wait_free,18945,18945,8.035613,enabled
1782984781.069,2026-07-02 09:33:01.071,buffer_pool_write_requests,609922333,609922333,258701.504810,enabled
1782984781.069,2026-07-02 09:33:01.071,dml_deletes,13332791,13332791,5655.166684,enabled
1782984781.069,2026-07-02 09:33:01.071,dml_inserts,113218198,113218198,48022.036940,enabled
1782984781.069,2026-07-02 09:33:01.071,dml_system_deletes,468,468,0.198504,enabled
1782984781.069,2026-07-02 09:33:01.071,dml_system_inserts,1202,1202,0.509834,enabled
1782984781.069,2026-07-02 09:33:01.071,dml_system_reads,7661,7661,3.249450,enabled
1782984781.069,2026-07-02 09:33:01.071,dml_system_updates,620,620,0.262976,enabled
1782984781.069,2026-07-02 09:33:01.071,dml_updates,26665703,26665703,11310.384680,enabled
1782984781.069,2026-07-02 09:33:01.071,file_num_open_files,35,35,0.000000,enabled
1782984781.069,2026-07-02 09:33:01.071,ibuf_merges,0,0,0.000000,enabled
1782984781.069,2026-07-02 09:33:01.071,ibuf_merges_delete,0,0,0.000000,enabled
1782984781.069,2026-07-02 09:33:01.071,ibuf_merges_delete_mark,0,0,0.000000,enabled
1782984781.069,2026-07-02 09:33:01.071,ibuf_merges_discard_delete,0,0,0.000000,enabled
1782984781.069,2026-07-02 09:33:01.071,ibuf_merges_discard_delete_mark,0,0,0.000000,enabled
1782984781.069,2026-07-02 09:33:01.071,ibuf_merges_discard_insert,0,0,0.000000,enabled
1782984781.069,2026-07-02 09:33:01.071,ibuf_merges_insert,0,0,0.000000,enabled
1782984781.069,2026-07-02 09:33:01.071,ibuf_size,1,1,0.000424,enabled
1782984781.069,2026-07-02 09:33:01.071,innodb_activity_count,18226722,18226722,7730.950913,enabled
1782984781.069,2026-07-02 09:33:01.071,innodb_dblwr_pages_written,26106495,26106495,11073.194069,enabled
1782984781.069,2026-07-02 09:33:01.071,innodb_dblwr_writes,536194,536194,227.429237,enabled
1782984781.069,2026-07-02 09:33:01.071,innodb_page_size,16384,16384,0.000000,enabled
1782984781.069,2026-07-02 09:33:01.071,innodb_rwlock_sx_os_waits,0,0,0.000000,enabled
1782984781.069,2026-07-02 09:33:01.071,innodb_rwlock_sx_spin_rounds,0,0,0.000000,enabled
1782984781.069,2026-07-02 09:33:01.071,innodb_rwlock_sx_spin_waits,0,0,0.000000,enabled
1782984781.069,2026-07-02 09:33:01.071,innodb_rwlock_s_os_waits,0,0,0.000000,enabled
1782984781.069,2026-07-02 09:33:01.071,innodb_rwlock_s_spin_rounds,0,0,0.000000,enabled
1782984781.069,2026-07-02 09:33:01.071,innodb_rwlock_s_spin_waits,0,0,0.000000,enabled
1782984781.069,2026-07-02 09:33:01.071,innodb_rwlock_x_os_waits,0,0,0.000000,enabled
1782984781.069,2026-07-02 09:33:01.071,innodb_rwlock_x_spin_rounds,0,0,0.000000,enabled
1782984781.069,2026-07-02 09:33:01.071,innodb_rwlock_x_spin_waits,0,0,0.000000,enabled
1782984781.069,2026-07-02 09:33:01.071,lock_deadlocks,0,0,0.000000,enabled
1782984781.069,2026-07-02 09:33:01.071,lock_deadlock_false_positives,0,0,0.000000,enabled
1782984781.069,2026-07-02 09:33:01.071,lock_deadlock_rounds,2594,2594,1.100258,enabled
1782984781.069,2026-07-02 09:33:01.071,lock_rec_grant_attempts,425,425,0.180266,enabled
1782984781.069,2026-07-02 09:33:01.071,lock_rec_release_attempts,40524508,40524508,17188.666152,enabled
1782984781.069,2026-07-02 09:33:01.071,lock_row_lock_current_waits,0,0,0.000000,enabled
1782984781.069,2026-07-02 09:33:01.071,lock_row_lock_time,323,323,0.137002,enabled
1782984781.069,2026-07-02 09:33:01.071,lock_row_lock_time_avg,0,0,0.000000,enabled
1782984781.069,2026-07-02 09:33:01.071,lock_row_lock_time_max,29,29,0.000000,enabled
1782984781.069,2026-07-02 09:33:01.071,lock_row_lock_waits,425,425,0.180266,enabled
1782984781.069,2026-07-02 09:33:01.071,lock_schedule_refreshes,2594,2594,1.100258,enabled
1782984781.069,2026-07-02 09:33:01.071,lock_threads_waiting,0,0,0.000000,enabled
1782984781.069,2026-07-02 09:33:01.071,lock_timeouts,0,0,0.000000,enabled
1782984781.069,2026-07-02 09:33:01.071,log_waits,0,0,0.000000,enabled
1782984781.069,2026-07-02 09:33:01.071,log_writes,202792281,202792281,86015.315410,enabled
1782984781.069,2026-07-02 09:33:01.071,log_write_requests,411355117,411355117,174478.239451,enabled
1782984781.069,2026-07-02 09:33:01.071,os_data_fsyncs,56527403,56527403,23976.368909,enabled
1782984781.069,2026-07-02 09:33:01.071,os_data_reads,78245304,78245304,33188.120754,enabled
1782984781.069,2026-07-02 09:33:01.071,os_data_writes,229756122,229756122,97452.160403,enabled
1782984781.069,2026-07-02 09:33:01.071,os_log_bytes_written,128472711680,128472711680,54492316.316046,enabled
1782984781.069,2026-07-02 09:33:01.071,os_log_fsyncs,49415301,49415301,20959.736707,enabled
1782984781.069,2026-07-02 09:33:01.071,os_log_pending_fsyncs,0,0,0.000000,enabled
1782984781.069,2026-07-02 09:33:01.071,os_log_pending_writes,0,0,0.000000,enabled
1782984781.069,2026-07-02 09:33:01.071,trx_rseg_history_len,840,840,0.000000,enabled
1782984782.142,2026-07-02 09:33:02.143,adaptive_hash_searches,0,0,0.000000,enabled
1782984782.142,2026-07-02 09:33:02.143,adaptive_hash_searches_btree,604751769,604751769,256391.957724,enabled
1782984782.142,2026-07-02 09:33:02.143,buffer_data_reads,1277993781760,1277993781760,541821266.535562,enabled
1782984782.142,2026-07-02 09:33:02.143,buffer_data_written,593323945984,593323945984,251547023.351282,enabled
1782984782.142,2026-07-02 09:33:02.143,buffer_pages0_read,7,7,0.002968,enabled
1782984782.142,2026-07-02 09:33:02.143,buffer_pages_created,1815888,1815888,769.868178,enabled
1782984782.142,2026-07-02 09:33:02.143,buffer_pages_read,78222692,78222692,33163.477583,enabled
1782984782.142,2026-07-02 09:33:02.143,buffer_pages_written,26181921,26181921,11100.149214,enabled
1782984782.142,2026-07-02 09:33:02.143,buffer_pool_bytes_data,12858818560,12858818560,0.000000,enabled
1782984782.142,2026-07-02 09:33:02.143,buffer_pool_bytes_dirty,4655333376,4655333376,0.000000,enabled
1782984782.142,2026-07-02 09:33:02.143,buffer_pool_pages_data,784840,784840,0.000000,enabled
1782984782.142,2026-07-02 09:33:02.143,buffer_pool_pages_dirty,284139,284139,0.000000,enabled
1782984782.142,2026-07-02 09:33:02.143,buffer_pool_pages_flushed,26124804,26124804,0.000000,enabled
1782984782.142,2026-07-02 09:33:02.143,buffer_pool_pages_free,1498,1498,0.000000,enabled
1782984782.142,2026-07-02 09:33:02.143,buffer_pool_pages_lru_flushed,0,0,0.000000,enabled
1782984782.142,2026-07-02 09:33:02.143,buffer_pool_pages_misc,96,96,0.000000,enabled
1782984782.142,2026-07-02 09:33:02.143,buffer_pool_pages_total,786432,786432,0.000000,enabled
1782984782.142,2026-07-02 09:33:02.143,buffer_pool_reads,77323051,77323051,32782.064742,enabled
1782984782.142,2026-07-02 09:33:02.143,buffer_pool_read_ahead,803715,803715,340.744921,enabled
1782984782.142,2026-07-02 09:33:02.143,buffer_pool_read_ahead_evicted,25,25,0.010599,enabled
1782984782.142,2026-07-02 09:33:02.143,buffer_pool_read_requests,2913765934,2913765934,1235327.134496,enabled
1782984782.142,2026-07-02 09:33:02.143,buffer_pool_size,12884901888,12884901888,0.000000,enabled
1782984782.142,2026-07-02 09:33:02.143,buffer_pool_wait_free,18945,18945,8.031967,enabled
1782984782.142,2026-07-02 09:33:02.143,buffer_pool_write_requests,610035723,610035723,258632.195587,enabled
1782984782.142,2026-07-02 09:33:02.143,dml_deletes,13337657,13337657,5654.663727,enabled
1782984782.142,2026-07-02 09:33:02.143,dml_inserts,113223064,113223064,48002.310576,enabled
1782984782.142,2026-07-02 09:33:02.143,dml_system_deletes,468,468,0.198414,enabled
1782984782.142,2026-07-02 09:33:02.143,dml_system_inserts,1202,1202,0.509603,enabled
1782984782.142,2026-07-02 09:33:02.143,dml_system_reads,7661,7661,3.247975,enabled
1782984782.142,2026-07-02 09:33:02.143,dml_system_updates,620,620,0.262857,enabled
1782984782.142,2026-07-02 09:33:02.143,dml_updates,26675441,26675441,11309.381286,enabled
1782984782.142,2026-07-02 09:33:02.143,file_num_open_files,35,35,0.000000,enabled
1782984782.142,2026-07-02 09:33:02.143,ibuf_merges,0,0,0.000000,enabled
1782984782.142,2026-07-02 09:33:02.143,ibuf_merges_delete,0,0,0.000000,enabled
1782984782.142,2026-07-02 09:33:02.143,ibuf_merges_delete_mark,0,0,0.000000,enabled
1782984782.142,2026-07-02 09:33:02.143,ibuf_merges_discard_delete,0,0,0.000000,enabled
1782984782.142,2026-07-02 09:33:02.143,ibuf_merges_discard_delete_mark,0,0,0.000000,enabled
1782984782.142,2026-07-02 09:33:02.143,ibuf_merges_discard_insert,0,0,0.000000,enabled
1782984782.142,2026-07-02 09:33:02.143,ibuf_merges_insert,0,0,0.000000,enabled
1782984782.142,2026-07-02 09:33:02.143,ibuf_size,1,1,0.000424,enabled
1782984782.142,2026-07-02 09:33:02.143,innodb_activity_count,18232312,18232312,7729.813045,enabled
1782984782.142,2026-07-02 09:33:02.143,innodb_dblwr_pages_written,26122570,26122570,11074.984944,enabled
1782984782.142,2026-07-02 09:33:02.143,innodb_dblwr_writes,536564,536564,227.482909,enabled
1782984782.142,2026-07-02 09:33:02.143,innodb_page_size,16384,16384,0.000000,enabled
1782984782.142,2026-07-02 09:33:02.143,innodb_rwlock_sx_os_waits,0,0,0.000000,enabled
1782984782.142,2026-07-02 09:33:02.143,innodb_rwlock_sx_spin_rounds,0,0,0.000000,enabled
1782984782.142,2026-07-02 09:33:02.143,innodb_rwlock_sx_spin_waits,0,0,0.000000,enabled
1782984782.142,2026-07-02 09:33:02.143,innodb_rwlock_s_os_waits,0,0,0.000000,enabled
1782984782.142,2026-07-02 09:33:02.143,innodb_rwlock_s_spin_rounds,0,0,0.000000,enabled
1782984782.142,2026-07-02 09:33:02.143,innodb_rwlock_s_spin_waits,0,0,0.000000,enabled
1782984782.142,2026-07-02 09:33:02.143,innodb_rwlock_x_os_waits,0,0,0.000000,enabled
1782984782.142,2026-07-02 09:33:02.143,innodb_rwlock_x_spin_rounds,0,0,0.000000,enabled
1782984782.142,2026-07-02 09:33:02.143,innodb_rwlock_x_spin_waits,0,0,0.000000,enabled
1782984782.142,2026-07-02 09:33:02.143,lock_deadlocks,0,0,0.000000,enabled
1782984782.142,2026-07-02 09:33:02.143,lock_deadlock_false_positives,0,0,0.000000,enabled
1782984782.142,2026-07-02 09:33:02.143,lock_deadlock_rounds,2596,2596,1.100606,enabled
1782984782.142,2026-07-02 09:33:02.143,lock_rec_grant_attempts,425,425,0.180184,enabled
1782984782.142,2026-07-02 09:33:02.143,lock_rec_release_attempts,40539307,40539307,17187.141284,enabled
1782984782.142,2026-07-02 09:33:02.143,lock_row_lock_current_waits,0,0,0.000000,enabled
1782984782.142,2026-07-02 09:33:02.143,lock_row_lock_time,323,323,0.136940,enabled
1782984782.142,2026-07-02 09:33:02.143,lock_row_lock_time_avg,0,0,0.000000,enabled
1782984782.142,2026-07-02 09:33:02.143,lock_row_lock_time_max,29,29,0.000000,enabled
1782984782.142,2026-07-02 09:33:02.143,lock_row_lock_waits,425,425,0.180184,enabled
1782984782.142,2026-07-02 09:33:02.143,lock_schedule_refreshes,2596,2596,1.100606,enabled
1782984782.142,2026-07-02 09:33:02.143,lock_threads_waiting,0,0,0.000000,enabled
1782984782.142,2026-07-02 09:33:02.143,lock_timeouts,0,0,0.000000,enabled
1782984782.142,2026-07-02 09:33:02.143,log_waits,0,0,0.000000,enabled
1782984782.142,2026-07-02 09:33:02.143,log_writes,202869089,202869089,86008.850629,enabled
1782984782.142,2026-07-02 09:33:02.143,log_write_requests,411437899,411437899,174434.168340,enabled
1782984782.142,2026-07-02 09:33:02.143,os_data_fsyncs,56561081,56561081,23979.768130,enabled
1782984782.142,2026-07-02 09:33:02.143,os_data_reads,78302014,78302014,33197.104959,enabled
1782984782.142,2026-07-02 09:33:02.143,os_data_writes,229849275,229849275,97447.436044,enabled
1782984782.142,2026-07-02 09:33:02.143,os_log_bytes_written,128512977408,128512977408,54484662.227837,enabled
1782984782.142,2026-07-02 09:33:02.143,os_log_fsyncs,49443992,49443992,20962.390379,enabled
1782984782.142,2026-07-02 09:33:02.143,os_log_pending_fsyncs,1,1,0.000424,enabled
1782984782.142,2026-07-02 09:33:02.143,os_log_pending_writes,0,0,0.000000,enabled
1782984782.142,2026-07-02 09:33:02.143,trx_rseg_history_len,885,885,0.000000,enabled
1782984783.211,2026-07-02 09:33:03.213,adaptive_hash_searches,0,0,0.000000,enabled
1782984783.211,2026-07-02 09:33:03.213,adaptive_hash_searches_btree,604919833,604919833,256347.059180,enabled
1782984783.211,2026-07-02 09:33:03.213,buffer_data_reads,1278928194048,1278928194048,541971848.211319,enabled
1782984783.211,2026-07-02 09:33:03.213,buffer_data_written,593637033984,593637033984,251565773.411518,enabled
1782984783.211,2026-07-02 09:33:03.213,buffer_pages0_read,7,7,0.002966,enabled
1782984783.211,2026-07-02 09:33:03.213,buffer_pages_created,1815923,1815923,769.534332,enabled
1782984783.211,2026-07-02 09:33:03.213,buffer_pages_read,78279886,78279886,33172.694744,enabled
1782984783.211,2026-07-02 09:33:03.213,buffer_pages_written,26198140,26198140,11101.995012,enabled
1782984783.211,2026-07-02 09:33:03.213,buffer_pool_bytes_data,12858753024,12858753024,0.000000,enabled
1782984783.211,2026-07-02 09:33:03.213,buffer_pool_bytes_dirty,4655808512,4655808512,0.000000,enabled
1782984783.211,2026-07-02 09:33:03.213,buffer_pool_pages_data,784836,784836,0.000000,enabled
1782984783.211,2026-07-02 09:33:03.213,buffer_pool_pages_dirty,284168,284168,0.000000,enabled
1782984783.211,2026-07-02 09:33:03.213,buffer_pool_pages_flushed,26141070,26141070,0.000000,enabled
1782984783.211,2026-07-02 09:33:03.213,buffer_pool_pages_free,1498,1498,0.000000,enabled
1782984783.211,2026-07-02 09:33:03.213,buffer_pool_pages_lru_flushed,0,0,0.000000,enabled
1782984783.211,2026-07-02 09:33:03.213,buffer_pool_pages_misc,96,96,0.000000,enabled
1782984783.211,2026-07-02 09:33:03.213,buffer_pool_pages_total,786432,786432,0.000000,enabled
1782984783.211,2026-07-02 09:33:03.213,buffer_pool_reads,77380173,77380173,32791.424214,enabled
1782984783.211,2026-07-02 09:33:03.213,buffer_pool_read_ahead,803715,803715,340.590596,enabled
1782984783.211,2026-07-02 09:33:03.213,buffer_pool_read_ahead_evicted,25,25,0.010594,enabled
1782984783.211,2026-07-02 09:33:03.213,buffer_pool_read_requests,2914598713,2914598713,1235120.555849,enabled
1782984783.211,2026-07-02 09:33:03.213,buffer_pool_size,12884901888,12884901888,0.000000,enabled
1782984783.211,2026-07-02 09:33:03.213,buffer_pool_wait_free,18945,18945,8.028330,enabled
1782984783.211,2026-07-02 09:33:03.213,buffer_pool_write_requests,610148916,610148916,258563.027688,enabled
1782984783.211,2026-07-02 09:33:03.213,dml_deletes,13342516,13342516,5654.161855,enabled
1782984783.211,2026-07-02 09:33:03.213,dml_inserts,113227924,113227924,47982.630062,enabled
1782984783.211,2026-07-02 09:33:03.213,dml_system_deletes,468,468,0.198324,enabled
1782984783.211,2026-07-02 09:33:03.213,dml_system_inserts,1202,1202,0.509372,enabled
1782984783.211,2026-07-02 09:33:03.213,dml_system_reads,7661,7661,3.246504,enabled
1782984783.211,2026-07-02 09:33:03.213,dml_system_updates,620,620,0.262738,enabled
1782984783.211,2026-07-02 09:33:03.213,dml_updates,26685154,26685154,11308.375401,enabled
1782984783.211,2026-07-02 09:33:03.213,file_num_open_files,35,35,0.000000,enabled
1782984783.211,2026-07-02 09:33:03.213,ibuf_merges,0,0,0.000000,enabled
1782984783.211,2026-07-02 09:33:03.213,ibuf_merges_delete,0,0,0.000000,enabled
1782984783.211,2026-07-02 09:33:03.213,ibuf_merges_delete_mark,0,0,0.000000,enabled
1782984783.211,2026-07-02 09:33:03.213,ibuf_merges_discard_delete,0,0,0.000000,enabled
1782984783.211,2026-07-02 09:33:03.213,ibuf_merges_discard_delete_mark,0,0,0.000000,enabled
1782984783.211,2026-07-02 09:33:03.213,ibuf_merges_discard_insert,0,0,0.000000,enabled
1782984783.211,2026-07-02 09:33:03.213,ibuf_merges_insert,0,0,0.000000,enabled
1782984783.211,2026-07-02 09:33:03.213,ibuf_size,1,1,0.000424,enabled
1782984783.211,2026-07-02 09:33:03.213,innodb_activity_count,18237890,18237890,7728.676028,enabled
1782984783.211,2026-07-02 09:33:03.213,innodb_dblwr_pages_written,26138780,26138780,11076.838442,enabled
1782984783.211,2026-07-02 09:33:03.213,innodb_dblwr_writes,536952,536952,227.544306,enabled
1782984783.211,2026-07-02 09:33:03.213,innodb_page_size,16384,16384,0.000000,enabled
1782984783.211,2026-07-02 09:33:03.213,innodb_rwlock_sx_os_waits,0,0,0.000000,enabled
1782984783.211,2026-07-02 09:33:03.213,innodb_rwlock_sx_spin_rounds,0,0,0.000000,enabled
1782984783.211,2026-07-02 09:33:03.213,innodb_rwlock_sx_spin_waits,0,0,0.000000,enabled
1782984783.211,2026-07-02 09:33:03.213,innodb_rwlock_s_os_waits,0,0,0.000000,enabled
1782984783.211,2026-07-02 09:33:03.213,innodb_rwlock_s_spin_rounds,0,0,0.000000,enabled
1782984783.211,2026-07-02 09:33:03.213,innodb_rwlock_s_spin_waits,0,0,0.000000,enabled
1782984783.211,2026-07-02 09:33:03.213,innodb_rwlock_x_os_waits,0,0,0.000000,enabled
1782984783.211,2026-07-02 09:33:03.213,innodb_rwlock_x_spin_rounds,0,0,0.000000,enabled
1782984783.211,2026-07-02 09:33:03.213,innodb_rwlock_x_spin_waits,0,0,0.000000,enabled
1782984783.211,2026-07-02 09:33:03.213,lock_deadlocks,0,0,0.000000,enabled
1782984783.211,2026-07-02 09:33:03.213,lock_deadlock_false_positives,0,0,0.000000,enabled
1782984783.211,2026-07-02 09:33:03.213,lock_deadlock_rounds,2597,2597,1.100532,enabled
1782984783.211,2026-07-02 09:33:03.213,lock_rec_grant_attempts,425,425,0.180102,enabled
1782984783.211,2026-07-02 09:33:03.213,lock_rec_release_attempts,40554092,40554092,17185.622578,enabled
1782984783.211,2026-07-02 09:33:03.213,lock_row_lock_current_waits,0,0,0.000000,enabled
1782984783.211,2026-07-02 09:33:03.213,lock_row_lock_time,323,323,0.136878,enabled
1782984783.211,2026-07-02 09:33:03.213,lock_row_lock_time_avg,0,0,0.000000,enabled
1782984783.211,2026-07-02 09:33:03.213,lock_row_lock_time_max,29,29,0.000000,enabled
1782984783.211,2026-07-02 09:33:03.213,lock_row_lock_waits,425,425,0.180102,enabled
1782984783.211,2026-07-02 09:33:03.213,lock_schedule_refreshes,2597,2597,1.100532,enabled
1782984783.211,2026-07-02 09:33:03.213,lock_threads_waiting,0,0,0.000000,enabled
1782984783.211,2026-07-02 09:33:03.213,lock_timeouts,0,0,0.000000,enabled
1782984783.211,2026-07-02 09:33:03.213,log_waits,0,0,0.000000,enabled
1782984783.211,2026-07-02 09:33:03.213,log_writes,202948007,202948007,86003.340567,enabled
1782984783.211,2026-07-02 09:33:03.213,log_write_requests,411520427,411520427,174390.140553,enabled
1782984783.211,2026-07-02 09:33:03.213,os_data_fsyncs,56595275,56595275,23983.398143,enabled
1782984783.211,2026-07-02 09:33:03.213,os_data_reads,78359053,78359053,33206.241486,enabled
1782984783.211,2026-07-02 09:33:03.213,os_data_writes,229944684,229944684,97443.733790,enabled
1782984783.211,2026-07-02 09:33:03.213,os_log_bytes_written,128554211328,128554211328,54477459.959094,enabled
1782984783.211,2026-07-02 09:33:03.213,os_log_fsyncs,49473022,49473022,20965.198610,enabled
1782984783.211,2026-07-02 09:33:03.213,os_log_pending_fsyncs,1,1,0.000424,enabled
1782984783.211,2026-07-02 09:33:03.213,os_log_pending_writes,0,0,0.000000,enabled
1782984783.211,2026-07-02 09:33:03.213,trx_rseg_history_len,908,908,0.000000,enabled
1782984784.281,2026-07-02 09:33:04.282,adaptive_hash_searches,0,0,0.000000,enabled
1782984784.281,2026-07-02 09:33:04.282,adaptive_hash_searches_btree,605088675,605088675,256302.057593,enabled
1782984784.281,2026-07-02 09:33:04.282,buffer_data_reads,1279861262848,1279861262848,542120740.668624,enabled
1782984784.281,2026-07-02 09:33:04.282,buffer_data_written,593948650496,593948650496,251583425.439669,enabled
1782984784.281,2026-07-02 09:33:04.282,buffer_pages0_read,7,7,0.002965,enabled
1782984784.281,2026-07-02 09:33:04.282,buffer_pages_created,1815949,1815949,769.195579,enabled
1782984784.281,2026-07-02 09:33:04.282,buffer_pages_read,78336981,78336981,33181.801406,enabled
1782984784.281,2026-07-02 09:33:04.282,buffer_pages_written,26214234,26214234,11103.766043,enabled
1782984784.281,2026-07-02 09:33:04.282,buffer_pool_bytes_data,12851298304,12851298304,0.000000,enabled
1782984784.281,2026-07-02 09:33:04.282,buffer_pool_bytes_dirty,4660445184,4660445184,0.000000,enabled
1782984784.281,2026-07-02 09:33:04.282,buffer_pool_pages_data,784381,784381,0.000000,enabled
1782984784.281,2026-07-02 09:33:04.282,buffer_pool_pages_dirty,284451,284451,0.000000,enabled
1782984784.281,2026-07-02 09:33:04.282,buffer_pool_pages_flushed,26157164,26157164,0.000000,enabled
1782984784.281,2026-07-02 09:33:04.282,buffer_pool_pages_free,1955,1955,0.000000,enabled
1782984784.281,2026-07-02 09:33:04.282,buffer_pool_pages_lru_flushed,0,0,0.000000,enabled
1782984784.281,2026-07-02 09:33:04.282,buffer_pool_pages_misc,96,96,0.000000,enabled
1782984784.281,2026-07-02 09:33:04.282,buffer_pool_pages_total,786432,786432,0.000000,enabled
1782984784.281,2026-07-02 09:33:04.282,buffer_pool_reads,77437212,77437212,32800.680343,enabled
1782984784.281,2026-07-02 09:33:04.282,buffer_pool_read_ahead,803715,803715,340.435791,enabled
1782984784.281,2026-07-02 09:33:04.282,buffer_pool_read_ahead_evicted,25,25,0.010589,enabled
1782984784.281,2026-07-02 09:33:04.282,buffer_pool_read_requests,2915434725,2915434725,1234913.286946,enabled
1782984784.281,2026-07-02 09:33:04.282,buffer_pool_size,12884901888,12884901888,0.000000,enabled
1782984784.281,2026-07-02 09:33:04.282,buffer_pool_wait_free,18945,18945,8.024680,enabled
1782984784.281,2026-07-02 09:33:04.282,buffer_pool_write_requests,610262299,610262299,258493.532546,enabled
1782984784.281,2026-07-02 09:33:04.282,dml_deletes,13347400,13347400,5653.660563,enabled
1782984784.281,2026-07-02 09:33:04.282,dml_inserts,113232807,113232807,47962.888350,enabled
1782984784.281,2026-07-02 09:33:04.282,dml_system_deletes,468,468,0.198234,enabled
1782984784.281,2026-07-02 09:33:04.282,dml_system_inserts,1202,1202,0.509140,enabled
1782984784.281,2026-07-02 09:33:04.282,dml_system_reads,7661,7661,3.245029,enabled
1782984784.281,2026-07-02 09:33:04.282,dml_system_updates,620,620,0.262618,enabled
1782984784.281,2026-07-02 09:33:04.282,dml_updates,26694921,26694921,11307.372369,enabled
1782984784.281,2026-07-02 09:33:04.282,file_num_open_files,35,35,0.000000,enabled
1782984784.281,2026-07-02 09:33:04.282,ibuf_merges,0,0,0.000000,enabled
1782984784.281,2026-07-02 09:33:04.282,ibuf_merges_delete,0,0,0.000000,enabled
1782984784.281,2026-07-02 09:33:04.282,ibuf_merges_delete_mark,0,0,0.000000,enabled
1782984784.281,2026-07-02 09:33:04.282,ibuf_merges_discard_delete,0,0,0.000000,enabled
1782984784.281,2026-07-02 09:33:04.282,ibuf_merges_discard_delete_mark,0,0,0.000000,enabled
1782984784.281,2026-07-02 09:33:04.282,ibuf_merges_discard_insert,0,0,0.000000,enabled
1782984784.281,2026-07-02 09:33:04.282,ibuf_merges_insert,0,0,0.000000,enabled
1782984784.281,2026-07-02 09:33:04.282,ibuf_size,1,1,0.000424,enabled
1782984784.281,2026-07-02 09:33:04.282,innodb_activity_count,18243501,18243501,7727.539738,enabled
1782984784.281,2026-07-02 09:33:04.282,innodb_dblwr_pages_written,26154874,26154874,11078.620642,enabled
1782984784.281,2026-07-02 09:33:04.282,innodb_dblwr_writes,537306,537306,227.590825,enabled
1782984784.281,2026-07-02 09:33:04.282,innodb_page_size,16384,16384,0.000000,enabled
1782984784.281,2026-07-02 09:33:04.282,innodb_rwlock_sx_os_waits,0,0,0.000000,enabled
1782984784.281,2026-07-02 09:33:04.282,innodb_rwlock_sx_spin_rounds,0,0,0.000000,enabled
1782984784.281,2026-07-02 09:33:04.282,innodb_rwlock_sx_spin_waits,0,0,0.000000,enabled
1782984784.281,2026-07-02 09:33:04.282,innodb_rwlock_s_os_waits,0,0,0.000000,enabled
1782984784.281,2026-07-02 09:33:04.282,innodb_rwlock_s_spin_rounds,0,0,0.000000,enabled
1782984784.281,2026-07-02 09:33:04.282,innodb_rwlock_s_spin_waits,0,0,0.000000,enabled
1782984784.281,2026-07-02 09:33:04.282,innodb_rwlock_x_os_waits,0,0,0.000000,enabled
1782984784.281,2026-07-02 09:33:04.282,innodb_rwlock_x_spin_rounds,0,0,0.000000,enabled
1782984784.281,2026-07-02 09:33:04.282,innodb_rwlock_x_spin_waits,0,0,0.000000,enabled
1782984784.281,2026-07-02 09:33:04.282,lock_deadlocks,0,0,0.000000,enabled
1782984784.281,2026-07-02 09:33:04.282,lock_deadlock_false_positives,0,0,0.000000,enabled
1782984784.281,2026-07-02 09:33:04.282,lock_deadlock_rounds,2598,2598,1.100455,enabled
1782984784.281,2026-07-02 09:33:04.282,lock_rec_grant_attempts,425,425,0.180021,enabled
1782984784.281,2026-07-02 09:33:04.282,lock_rec_release_attempts,40568929,40568929,17184.096018,enabled
1782984784.281,2026-07-02 09:33:04.282,lock_row_lock_current_waits,0,0,0.000000,enabled
1782984784.281,2026-07-02 09:33:04.282,lock_row_lock_time,323,323,0.136816,enabled
1782984784.281,2026-07-02 09:33:04.282,lock_row_lock_time_avg,0,0,0.000000,enabled
1782984784.281,2026-07-02 09:33:04.282,lock_row_lock_time_max,29,29,0.000000,enabled
1782984784.281,2026-07-02 09:33:04.282,lock_row_lock_waits,425,425,0.180021,enabled
1782984784.281,2026-07-02 09:33:04.282,lock_schedule_refreshes,2598,2598,1.100455,enabled
1782984784.281,2026-07-02 09:33:04.282,lock_threads_waiting,0,0,0.000000,enabled
1782984784.281,2026-07-02 09:33:04.282,lock_timeouts,0,0,0.000000,enabled
1782984784.281,2026-07-02 09:33:04.282,log_waits,0,0,0.000000,enabled
1782984784.281,2026-07-02 09:33:04.282,log_writes,203027823,203027823,85998.057244,enabled
1782984784.281,2026-07-02 09:33:04.282,log_write_requests,411603471,411603471,174346.049568,enabled
1782984784.281,2026-07-02 09:33:04.282,os_data_fsyncs,56629164,56629164,23986.851572,enabled
1782984784.281,2026-07-02 09:33:04.282,os_data_reads,78415987,78415987,33215.264215,enabled
1782984784.281,2026-07-02 09:33:04.282,os_data_writes,230040852,230040852,97440.177240,enabled
1782984784.281,2026-07-02 09:33:04.282,os_log_bytes_written,128595866624,128595866624,54470342.511476,enabled
1782984784.281,2026-07-02 09:33:04.282,os_log_fsyncs,49501932,49501932,20967.914907,enabled
1782984784.281,2026-07-02 09:33:04.282,os_log_pending_fsyncs,0,0,0.000000,enabled
1782984784.281,2026-07-02 09:33:04.282,os_log_pending_writes,0,0,0.000000,enabled
1782984784.281,2026-07-02 09:33:04.282,trx_rseg_history_len,961,961,0.000000,enabled
1782984785.353,2026-07-02 09:33:05.354,adaptive_hash_searches,0,0,0.000000,enabled
1782984785.353,2026-07-02 09:33:05.354,adaptive_hash_searches_btree,605256714,605256714,256256.857123,enabled
1782984785.353,2026-07-02 09:33:05.354,buffer_data_reads,1280792480256,1280792480256,542268914.316780,enabled
1782984785.353,2026-07-02 09:33:05.354,buffer_data_written,594259711488,594259711488,251600921.527353,enabled
1782984785.353,2026-07-02 09:33:05.354,buffer_pages0_read,7,7,0.002964,enabled
1782984785.353,2026-07-02 09:33:05.354,buffer_pages_created,1815985,1815985,768.861652,enabled
1782984785.353,2026-07-02 09:33:05.354,buffer_pages_read,78393996,78393996,33190.878174,enabled
1782984785.353,2026-07-02 09:33:05.354,buffer_pages_written,26230299,26230299,11105.527280,enabled
1782984785.353,2026-07-02 09:33:05.354,buffer_pool_bytes_data,12851724288,12851724288,0.000000,enabled
1782984785.353,2026-07-02 09:33:05.354,buffer_pool_bytes_dirty,4665360384,4665360384,0.000000,enabled
1782984785.353,2026-07-02 09:33:05.354,buffer_pool_pages_data,784407,784407,0.000000,enabled
1782984785.353,2026-07-02 09:33:05.354,buffer_pool_pages_dirty,284751,284751,0.000000,enabled
1782984785.353,2026-07-02 09:33:05.354,buffer_pool_pages_flushed,26173218,26173218,0.000000,enabled
1782984785.353,2026-07-02 09:33:05.354,buffer_pool_pages_free,1929,1929,0.000000,enabled
1782984785.353,2026-07-02 09:33:05.354,buffer_pool_pages_lru_flushed,0,0,0.000000,enabled
1782984785.353,2026-07-02 09:33:05.354,buffer_pool_pages_misc,97,97,0.000000,enabled
1782984785.353,2026-07-02 09:33:05.354,buffer_pool_pages_total,786432,786432,0.000000,enabled
1782984785.353,2026-07-02 09:33:05.354,buffer_pool_reads,77494174,77494174,32809.907745,enabled
1782984785.353,2026-07-02 09:33:05.354,buffer_pool_read_ahead,803715,803715,340.281254,enabled
1782984785.353,2026-07-02 09:33:05.354,buffer_pool_read_ahead_evicted,25,25,0.010585,enabled
1782984785.353,2026-07-02 09:33:05.354,buffer_pool_read_requests,2916267297,2916267297,1234705.211106,enabled
1782984785.353,2026-07-02 09:33:05.354,buffer_pool_size,12884901888,12884901888,0.000000,enabled
1782984785.353,2026-07-02 09:33:05.354,buffer_pool_wait_free,18945,18945,8.021038,enabled
1782984785.353,2026-07-02 09:33:05.354,buffer_pool_write_requests,610375888,610375888,258424.284171,enabled
1782984785.353,2026-07-02 09:33:05.354,dml_deletes,13352246,13352246,5653.145865,enabled
1782984785.353,2026-07-02 09:33:05.354,dml_inserts,113237653,113237653,47943.167803,enabled
1782984785.353,2026-07-02 09:33:05.354,dml_system_deletes,468,468,0.198144,enabled
1782984785.353,2026-07-02 09:33:05.354,dml_system_inserts,1202,1202,0.508909,enabled
1782984785.353,2026-07-02 09:33:05.354,dml_system_reads,7661,7661,3.243555,enabled
1782984785.353,2026-07-02 09:33:05.354,dml_system_updates,620,620,0.262499,enabled
1782984785.353,2026-07-02 09:33:05.354,dml_updates,26704615,26704615,11306.343793,enabled
1782984785.353,2026-07-02 09:33:05.354,file_num_open_files,35,35,0.000000,enabled
1782984785.353,2026-07-02 09:33:05.354,ibuf_merges,0,0,0.000000,enabled
1782984785.353,2026-07-02 09:33:05.354,ibuf_merges_delete,0,0,0.000000,enabled
1782984785.353,2026-07-02 09:33:05.354,ibuf_merges_delete_mark,0,0,0.000000,enabled
1782984785.353,2026-07-02 09:33:05.354,ibuf_merges_discard_delete,0,0,0.000000,enabled
1782984785.353,2026-07-02 09:33:05.354,ibuf_merges_discard_delete_mark,0,0,0.000000,enabled
1782984785.353,2026-07-02 09:33:05.354,ibuf_merges_discard_insert,0,0,0.000000,enabled
1782984785.353,2026-07-02 09:33:05.354,ibuf_merges_insert,0,0,0.000000,enabled
1782984785.353,2026-07-02 09:33:05.354,ibuf_size,1,1,0.000423,enabled
1782984785.353,2026-07-02 09:33:05.354,innodb_activity_count,18249075,18249075,7726.391851,enabled
1782984785.353,2026-07-02 09:33:05.354,innodb_dblwr_pages_written,26170928,26170928,11080.388641,enabled
1782984785.353,2026-07-02 09:33:05.354,innodb_dblwr_writes,537666,537666,227.639931,enabled
1782984785.353,2026-07-02 09:33:05.354,innodb_page_size,16384,16384,0.000000,enabled
1782984785.353,2026-07-02 09:33:05.354,innodb_rwlock_sx_os_waits,0,0,0.000000,enabled
1782984785.353,2026-07-02 09:33:05.354,innodb_rwlock_sx_spin_rounds,0,0,0.000000,enabled
1782984785.353,2026-07-02 09:33:05.354,innodb_rwlock_sx_spin_waits,0,0,0.000000,enabled
1782984785.353,2026-07-02 09:33:05.354,innodb_rwlock_s_os_waits,0,0,0.000000,enabled
1782984785.353,2026-07-02 09:33:05.354,innodb_rwlock_s_spin_rounds,0,0,0.000000,enabled
1782984785.353,2026-07-02 09:33:05.354,innodb_rwlock_s_spin_waits,0,0,0.000000,enabled
1782984785.353,2026-07-02 09:33:05.354,innodb_rwlock_x_os_waits,0,0,0.000000,enabled
1782984785.353,2026-07-02 09:33:05.354,innodb_rwlock_x_spin_rounds,0,0,0.000000,enabled
1782984785.353,2026-07-02 09:33:05.354,innodb_rwlock_x_spin_waits,0,0,0.000000,enabled
1782984785.353,2026-07-02 09:33:05.354,lock_deadlocks,0,0,0.000000,enabled
1782984785.353,2026-07-02 09:33:05.354,lock_deadlock_false_positives,0,0,0.000000,enabled
1782984785.353,2026-07-02 09:33:05.354,lock_deadlock_rounds,2599,2599,1.100379,enabled
1782984785.353,2026-07-02 09:33:05.354,lock_rec_grant_attempts,425,425,0.179939,enabled
1782984785.353,2026-07-02 09:33:05.354,lock_rec_release_attempts,40583669,40583669,17182.536241,enabled
1782984785.353,2026-07-02 09:33:05.354,lock_row_lock_current_waits,0,0,0.000000,enabled
1782984785.353,2026-07-02 09:33:05.354,lock_row_lock_time,323,323,0.136754,enabled
1782984785.353,2026-07-02 09:33:05.354,lock_row_lock_time_avg,0,0,0.000000,enabled
1782984785.353,2026-07-02 09:33:05.354,lock_row_lock_time_max,29,29,0.000000,enabled
1782984785.353,2026-07-02 09:33:05.354,lock_row_lock_waits,425,425,0.179939,enabled
1782984785.353,2026-07-02 09:33:05.354,lock_schedule_refreshes,2599,2599,1.100379,enabled
1782984785.353,2026-07-02 09:33:05.354,lock_threads_waiting,0,0,0.000000,enabled
1782984785.353,2026-07-02 09:33:05.354,lock_timeouts,0,0,0.000000,enabled
1782984785.353,2026-07-02 09:33:05.354,log_waits,0,0,0.000000,enabled
1782984785.353,2026-07-02 09:33:05.354,log_writes,203107136,203107136,85992.599505,enabled
1782984785.353,2026-07-02 09:33:05.354,log_write_requests,411685896,411685896,174301.804959,enabled
1782984785.353,2026-07-02 09:33:05.354,os_data_fsyncs,56662859,56662859,23990.229010,enabled
1782984785.353,2026-07-02 09:33:05.354,os_data_reads,78472823,78472823,33224.250089,enabled
1782984785.353,2026-07-02 09:33:05.354,os_data_writes,230136506,230136506,97436.443998,enabled
1782984785.353,2026-07-02 09:33:05.354,os_log_bytes_written,128637442048,128637442048,54463218.805662,enabled
1782984785.353,2026-07-02 09:33:05.354,os_log_fsyncs,49530748,49530748,20970.597056,enabled
1782984785.353,2026-07-02 09:33:05.354,os_log_pending_fsyncs,1,1,0.000423,enabled
1782984785.353,2026-07-02 09:33:05.354,os_log_pending_writes,0,0,0.000000,enabled
1782984785.353,2026-07-02 09:33:05.354,trx_rseg_history_len,996,996,0.000000,enabled
1782984786.426,2026-07-02 09:33:06.427,adaptive_hash_searches,0,0,0.000000,enabled
1782984786.426,2026-07-02 09:33:06.427,adaptive_hash_searches_btree,605420358,605420358,256209.987963,enabled
1782984786.426,2026-07-02 09:33:06.427,buffer_data_reads,1281697597952,1281697597952,542406275.139917,enabled
1782984786.426,2026-07-02 09:33:06.427,buffer_data_written,594623409664,594623409664,251640846.545799,enabled
1782984786.426,2026-07-02 09:33:06.427,buffer_pages0_read,7,7,0.002962,enabled
1782984786.426,2026-07-02 09:33:06.427,buffer_pages_created,1816014,1816014,768.525587,enabled
1782984786.426,2026-07-02 09:33:06.427,buffer_pages_read,78449366,78449366,33199.273061,enabled
1782984786.426,2026-07-02 09:33:06.427,buffer_pages_written,26249611,26249611,11108.668574,enabled
1782984786.426,2026-07-02 09:33:06.427,buffer_pool_bytes_data,12846563328,12846563328,0.000000,enabled
1782984786.426,2026-07-02 09:33:06.427,buffer_pool_bytes_dirty,4608868352,4608868352,0.000000,enabled
1782984786.426,2026-07-02 09:33:06.427,buffer_pool_pages_data,784092,784092,0.000000,enabled
1782984786.426,2026-07-02 09:33:06.427,buffer_pool_pages_dirty,281303,281303,0.000000,enabled
1782984786.426,2026-07-02 09:33:06.427,buffer_pool_pages_flushed,26188954,26188954,0.000000,enabled
1782984786.426,2026-07-02 09:33:06.427,buffer_pool_pages_free,2243,2243,0.000000,enabled
1782984786.426,2026-07-02 09:33:06.427,buffer_pool_pages_lru_flushed,0,0,0.000000,enabled
1782984786.426,2026-07-02 09:33:06.427,buffer_pool_pages_misc,97,97,0.000000,enabled
1782984786.426,2026-07-02 09:33:06.427,buffer_pool_pages_total,786432,786432,0.000000,enabled
1782984786.426,2026-07-02 09:33:06.427,buffer_pool_reads,77549497,77549497,32818.455876,enabled
1782984786.426,2026-07-02 09:33:06.427,buffer_pool_read_ahead,803715,803715,340.127090,enabled
1782984786.426,2026-07-02 09:33:06.427,buffer_pool_read_ahead_evicted,25,25,0.010580,enabled
1782984786.426,2026-07-02 09:33:06.427,buffer_pool_read_requests,2917077750,2917077750,1234488.809181,enabled
1782984786.426,2026-07-02 09:33:06.427,buffer_pool_size,12884901888,12884901888,0.000000,enabled
1782984786.426,2026-07-02 09:33:06.427,buffer_pool_wait_free,18945,18945,8.017404,enabled
1782984786.426,2026-07-02 09:33:06.427,buffer_pool_write_requests,610486418,610486418,258353.981139,enabled
1782984786.426,2026-07-02 09:33:06.427,dml_deletes,13356980,13356980,5652.587454,enabled
1782984786.426,2026-07-02 09:33:06.427,dml_inserts,113242388,113242388,47923.445428,enabled
1782984786.426,2026-07-02 09:33:06.427,dml_system_deletes,468,468,0.198055,enabled
1782984786.426,2026-07-02 09:33:06.427,dml_system_inserts,1202,1202,0.508679,enabled
1782984786.426,2026-07-02 09:33:06.427,dml_system_reads,7661,7661,3.242086,enabled
1782984786.426,2026-07-02 09:33:06.427,dml_system_updates,620,620,0.262380,enabled
1782984786.426,2026-07-02 09:33:06.427,dml_updates,26714081,26714081,11305.226096,enabled
1782984786.426,2026-07-02 09:33:06.427,file_num_open_files,35,35,0.000000,enabled
1782984786.426,2026-07-02 09:33:06.427,ibuf_merges,0,0,0.000000,enabled
1782984786.426,2026-07-02 09:33:06.427,ibuf_merges_delete,0,0,0.000000,enabled
1782984786.426,2026-07-02 09:33:06.427,ibuf_merges_delete_mark,0,0,0.000000,enabled
1782984786.426,2026-07-02 09:33:06.427,ibuf_merges_discard_delete,0,0,0.000000,enabled
1782984786.426,2026-07-02 09:33:06.427,ibuf_merges_discard_delete_mark,0,0,0.000000,enabled
1782984786.426,2026-07-02 09:33:06.427,ibuf_merges_discard_insert,0,0,0.000000,enabled
1782984786.426,2026-07-02 09:33:06.427,ibuf_merges_insert,0,0,0.000000,enabled
1782984786.426,2026-07-02 09:33:06.427,ibuf_size,1,1,0.000423,enabled
1782984786.426,2026-07-02 09:33:06.427,innodb_activity_count,18254517,18254517,7725.193612,enabled
1782984786.426,2026-07-02 09:33:06.427,innodb_dblwr_pages_written,26189886,26189886,11083.390359,enabled
1782984786.426,2026-07-02 09:33:06.427,innodb_dblwr_writes,538039,538039,227.694625,enabled
1782984786.426,2026-07-02 09:33:06.427,innodb_page_size,16384,16384,0.000000,enabled
1782984786.426,2026-07-02 09:33:06.427,innodb_rwlock_sx_os_waits,0,0,0.000000,enabled
1782984786.426,2026-07-02 09:33:06.427,innodb_rwlock_sx_spin_rounds,0,0,0.000000,enabled
1782984786.426,2026-07-02 09:33:06.427,innodb_rwlock_sx_spin_waits,0,0,0.000000,enabled
1782984786.426,2026-07-02 09:33:06.427,innodb_rwlock_s_os_waits,0,0,0.000000,enabled
1782984786.426,2026-07-02 09:33:06.427,innodb_rwlock_s_spin_rounds,0,0,0.000000,enabled
1782984786.426,2026-07-02 09:33:06.427,innodb_rwlock_s_spin_waits,0,0,0.000000,enabled
1782984786.426,2026-07-02 09:33:06.427,innodb_rwlock_x_os_waits,0,0,0.000000,enabled
1782984786.426,2026-07-02 09:33:06.427,innodb_rwlock_x_spin_rounds,0,0,0.000000,enabled
1782984786.426,2026-07-02 09:33:06.427,innodb_rwlock_x_spin_waits,0,0,0.000000,enabled
1782984786.426,2026-07-02 09:33:06.427,lock_deadlocks,0,0,0.000000,enabled
1782984786.426,2026-07-02 09:33:06.427,lock_deadlock_false_positives,0,0,0.000000,enabled
1782984786.426,2026-07-02 09:33:06.427,lock_deadlock_rounds,2600,2600,1.100304,enabled
1782984786.426,2026-07-02 09:33:06.427,lock_rec_grant_attempts,425,425,0.179857,enabled
1782984786.426,2026-07-02 09:33:06.427,lock_rec_release_attempts,40598046,40598046,17180.836202,enabled
1782984786.426,2026-07-02 09:33:06.427,lock_row_lock_current_waits,0,0,0.000000,enabled
1782984786.426,2026-07-02 09:33:06.427,lock_row_lock_time,323,323,0.136692,enabled
1782984786.426,2026-07-02 09:33:06.427,lock_row_lock_time_avg,0,0,0.000000,enabled
1782984786.426,2026-07-02 09:33:06.427,lock_row_lock_time_max,29,29,0.000000,enabled
1782984786.426,2026-07-02 09:33:06.427,lock_row_lock_waits,425,425,0.179857,enabled
1782984786.426,2026-07-02 09:33:06.427,lock_schedule_refreshes,2600,2600,1.100304,enabled
1782984786.426,2026-07-02 09:33:06.427,lock_threads_waiting,0,0,0.000000,enabled
1782984786.426,2026-07-02 09:33:06.427,lock_timeouts,0,0,0.000000,enabled
1782984786.426,2026-07-02 09:33:06.427,log_waits,0,0,0.000000,enabled
1782984786.426,2026-07-02 09:33:06.427,log_writes,203184934,203184934,85986.557911,enabled
1782984786.426,2026-07-02 09:33:06.427,log_write_requests,411766446,411766446,174256.913043,enabled
1782984786.426,2026-07-02 09:33:06.427,os_data_fsyncs,56695650,56695650,23993.236025,enabled
1782984786.426,2026-07-02 09:33:06.427,os_data_reads,78528047,78528047,33232.566704,enabled
1782984786.426,2026-07-02 09:33:06.427,os_data_writes,230233893,230233893,97433.509361,enabled
1782984786.426,2026-07-02 09:33:06.427,os_log_bytes_written,128678188544,128678188544,54455785.222777,enabled
1782984786.426,2026-07-02 09:33:06.427,os_log_fsyncs,49558459,49558459,20972.822327,enabled
1782984786.426,2026-07-02 09:33:06.427,os_log_pending_fsyncs,1,1,0.000423,enabled
1782984786.426,2026-07-02 09:33:06.427,os_log_pending_writes,0,0,0.000000,enabled
1782984786.426,2026-07-02 09:33:06.427,trx_rseg_history_len,908,908,0.000000,enabled
1782984787.496,2026-07-02 09:33:07.498,adaptive_hash_searches,0,0,0.000000,enabled
1782984787.496,2026-07-02 09:33:07.498,adaptive_hash_searches_btree,605588358,605588358,256164.836718,enabled
1782984787.496,2026-07-02 09:33:07.498,buffer_data_reads,1282629880320,1282629880320,542554544.834824,enabled
1782984787.496,2026-07-02 09:33:07.498,buffer_data_written,594934859264,594934859264,251658421.874457,enabled
1782984787.496,2026-07-02 09:33:07.498,buffer_pages0_read,7,7,0.002961,enabled
1782984787.496,2026-07-02 09:33:07.498,buffer_pages_created,1816046,1816046,768.190447,enabled
1782984787.496,2026-07-02 09:33:07.498,buffer_pages_read,78506450,78506450,33208.357287,enabled
1782984787.496,2026-07-02 09:33:07.498,buffer_pages_written,26265766,26265766,11110.462205,enabled
1782984787.496,2026-07-02 09:33:07.498,buffer_pool_bytes_data,12847710208,12847710208,0.000000,enabled
1782984787.496,2026-07-02 09:33:07.498,buffer_pool_bytes_dirty,4612947968,4612947968,0.000000,enabled
1782984787.496,2026-07-02 09:33:07.498,buffer_pool_pages_data,784162,784162,0.000000,enabled
1782984787.496,2026-07-02 09:33:07.498,buffer_pool_pages_dirty,281552,281552,0.000000,enabled
1782984787.496,2026-07-02 09:33:07.498,buffer_pool_pages_flushed,26208696,26208696,0.000000,enabled
1782984787.496,2026-07-02 09:33:07.498,buffer_pool_pages_free,2174,2174,0.000000,enabled
1782984787.496,2026-07-02 09:33:07.498,buffer_pool_pages_lru_flushed,0,0,0.000000,enabled
1782984787.496,2026-07-02 09:33:07.498,buffer_pool_pages_misc,96,96,0.000000,enabled
1782984787.496,2026-07-02 09:33:07.498,buffer_pool_pages_total,786432,786432,0.000000,enabled
1782984787.496,2026-07-02 09:33:07.498,buffer_pool_reads,77606529,77606529,32827.690404,enabled
1782984787.496,2026-07-02 09:33:07.498,buffer_pool_read_ahead,803715,803715,339.972774,enabled
1782984787.496,2026-07-02 09:33:07.498,buffer_pool_read_ahead_evicted,25,25,0.010575,enabled
1782984787.496,2026-07-02 09:33:07.498,buffer_pool_read_requests,2917909877,2917909877,1234280.708104,enabled
1782984787.496,2026-07-02 09:33:07.498,buffer_pool_size,12884901888,12884901888,0.000000,enabled
1782984787.496,2026-07-02 09:33:07.498,buffer_pool_wait_free,18945,18945,8.013766,enabled
1782984787.496,2026-07-02 09:33:07.498,buffer_pool_write_requests,610599410,610599410,258284.560986,enabled
1782984787.496,2026-07-02 09:33:07.498,dml_deletes,13361841,13361841,5652.079773,enabled
1782984787.496,2026-07-02 09:33:07.498,dml_inserts,113247247,113247247,47903.763763,enabled
1782984787.496,2026-07-02 09:33:07.498,dml_system_deletes,468,468,0.197965,enabled
1782984787.496,2026-07-02 09:33:07.498,dml_system_inserts,1202,1202,0.508448,enabled
1782984787.496,2026-07-02 09:33:07.498,dml_system_reads,7661,7661,3.240615,enabled
1782984787.496,2026-07-02 09:33:07.498,dml_system_updates,620,620,0.262261,enabled
1782984787.496,2026-07-02 09:33:07.498,dml_updates,26723800,26723800,11304.209451,enabled
1782984787.496,2026-07-02 09:33:07.498,file_num_open_files,35,35,0.000000,enabled
1782984787.496,2026-07-02 09:33:07.498,ibuf_merges,0,0,0.000000,enabled
1782984787.496,2026-07-02 09:33:07.498,ibuf_merges_delete,0,0,0.000000,enabled
1782984787.496,2026-07-02 09:33:07.498,ibuf_merges_delete_mark,0,0,0.000000,enabled
1782984787.496,2026-07-02 09:33:07.498,ibuf_merges_discard_delete,0,0,0.000000,enabled
1782984787.496,2026-07-02 09:33:07.498,ibuf_merges_discard_delete_mark,0,0,0.000000,enabled
1782984787.496,2026-07-02 09:33:07.498,ibuf_merges_discard_insert,0,0,0.000000,enabled
1782984787.496,2026-07-02 09:33:07.498,ibuf_merges_insert,0,0,0.000000,enabled
1782984787.496,2026-07-02 09:33:07.498,ibuf_size,1,1,0.000423,enabled
1782984787.496,2026-07-02 09:33:07.498,innodb_activity_count,18260100,18260100,7724.051184,enabled
1782984787.496,2026-07-02 09:33:07.498,innodb_dblwr_pages_written,26206406,26206406,11085.351099,enabled
1782984787.496,2026-07-02 09:33:07.498,innodb_dblwr_writes,538406,538406,227.746588,enabled
1782984787.496,2026-07-02 09:33:07.498,innodb_page_size,16384,16384,0.000000,enabled
1782984787.496,2026-07-02 09:33:07.498,innodb_rwlock_sx_os_waits,0,0,0.000000,enabled
1782984787.496,2026-07-02 09:33:07.498,innodb_rwlock_sx_spin_rounds,0,0,0.000000,enabled
1782984787.496,2026-07-02 09:33:07.498,innodb_rwlock_sx_spin_waits,0,0,0.000000,enabled
1782984787.496,2026-07-02 09:33:07.498,innodb_rwlock_s_os_waits,0,0,0.000000,enabled
1782984787.496,2026-07-02 09:33:07.498,innodb_rwlock_s_spin_rounds,0,0,0.000000,enabled
1782984787.496,2026-07-02 09:33:07.498,innodb_rwlock_s_spin_waits,0,0,0.000000,enabled
1782984787.496,2026-07-02 09:33:07.498,innodb_rwlock_x_os_waits,0,0,0.000000,enabled
1782984787.496,2026-07-02 09:33:07.498,innodb_rwlock_x_spin_rounds,0,0,0.000000,enabled
1782984787.496,2026-07-02 09:33:07.498,innodb_rwlock_x_spin_waits,0,0,0.000000,enabled
1782984787.496,2026-07-02 09:33:07.498,lock_deadlocks,0,0,0.000000,enabled
1782984787.496,2026-07-02 09:33:07.498,lock_deadlock_false_positives,0,0,0.000000,enabled
1782984787.496,2026-07-02 09:33:07.498,lock_deadlock_rounds,2601,2601,1.100227,enabled
1782984787.496,2026-07-02 09:33:07.498,lock_rec_grant_attempts,425,425,0.179776,enabled
1782984787.496,2026-07-02 09:33:07.498,lock_rec_release_attempts,40612795,40612795,17179.279796,enabled
1782984787.496,2026-07-02 09:33:07.498,lock_row_lock_current_waits,0,0,0.000000,enabled
1782984787.496,2026-07-02 09:33:07.498,lock_row_lock_time,323,323,0.136630,enabled
1782984787.496,2026-07-02 09:33:07.498,lock_row_lock_time_avg,0,0,0.000000,enabled
1782984787.496,2026-07-02 09:33:07.498,lock_row_lock_time_max,29,29,0.000000,enabled
1782984787.496,2026-07-02 09:33:07.498,lock_row_lock_waits,425,425,0.179776,enabled
1782984787.496,2026-07-02 09:33:07.498,lock_schedule_refreshes,2601,2601,1.100227,enabled
1782984787.496,2026-07-02 09:33:07.498,lock_threads_waiting,0,0,0.000000,enabled
1782984787.496,2026-07-02 09:33:07.498,lock_timeouts,0,0,0.000000,enabled
1782984787.496,2026-07-02 09:33:07.498,log_waits,0,0,0.000000,enabled
1782984787.496,2026-07-02 09:33:07.498,log_writes,203264132,203264132,85981.053421,enabled
1782984787.496,2026-07-02 09:33:07.498,log_write_requests,411849033,411849033,174212.800779,enabled
1782984787.496,2026-07-02 09:33:07.498,os_data_fsyncs,56729397,56729397,23996.626570,enabled
1782984787.496,2026-07-02 09:33:07.498,os_data_reads,78584935,78584935,33241.554509,enabled
1782984787.496,2026-07-02 09:33:07.498,os_data_writes,230329494,230329494,97429.748118,enabled
1782984787.496,2026-07-02 09:33:07.498,os_log_bytes_written,128719432704,128719432704,54448527.854697,enabled
1782984787.496,2026-07-02 09:33:07.498,os_log_fsyncs,49587087,49587087,20975.417842,enabled
1782984787.496,2026-07-02 09:33:07.498,os_log_pending_fsyncs,1,1,0.000423,enabled
1782984787.496,2026-07-02 09:33:07.498,os_log_pending_writes,1,1,0.000423,enabled
1782984787.496,2026-07-02 09:33:07.498,trx_rseg_history_len,908,908,0.000000,enabled
1782984788.570,2026-07-02 09:33:08.571,adaptive_hash_searches,0,0,0.000000,enabled
1782984788.570,2026-07-02 09:33:08.571,adaptive_hash_searches_btree,605755413,605755413,256119.473121,enabled
1782984788.570,2026-07-02 09:33:08.571,buffer_data_reads,1283557460480,1283557460480,542701046.166695,enabled
1782984788.570,2026-07-02 09:33:08.571,buffer_data_written,595241311232,595241311232,251674032.575106,enabled
1782984788.570,2026-07-02 09:33:08.571,buffer_pages0_read,7,7,0.002960,enabled
1782984788.570,2026-07-02 09:33:08.571,buffer_pages_created,1816078,1816078,767.856110,enabled
1782984788.570,2026-07-02 09:33:08.571,buffer_pages_read,78563217,78563217,33217.320964,enabled
1782984788.570,2026-07-02 09:33:08.571,buffer_pages_written,26281568,26281568,11112.112203,enabled
1782984788.570,2026-07-02 09:33:08.571,buffer_pool_bytes_data,12851511296,12851511296,0.000000,enabled
1782984788.570,2026-07-02 09:33:08.571,buffer_pool_bytes_dirty,4619730944,4619730944,0.000000,enabled
1782984788.570,2026-07-02 09:33:08.571,buffer_pool_pages_data,784394,784394,0.000000,enabled
1782984788.570,2026-07-02 09:33:08.571,buffer_pool_pages_dirty,281966,281966,0.000000,enabled
1782984788.570,2026-07-02 09:33:08.571,buffer_pool_pages_flushed,26224467,26224467,0.000000,enabled
1782984788.570,2026-07-02 09:33:08.571,buffer_pool_pages_free,1941,1941,0.000000,enabled
1782984788.570,2026-07-02 09:33:08.571,buffer_pool_pages_lru_flushed,0,0,0.000000,enabled
1782984788.570,2026-07-02 09:33:08.571,buffer_pool_pages_misc,96,96,0.000000,enabled
1782984788.570,2026-07-02 09:33:08.571,buffer_pool_pages_total,786432,786432,0.000000,enabled
1782984788.570,2026-07-02 09:33:08.571,buffer_pool_reads,77663226,77663226,32836.796767,enabled
1782984788.570,2026-07-02 09:33:08.571,buffer_pool_read_ahead,803715,803715,339.818820,enabled
1782984788.570,2026-07-02 09:33:08.571,buffer_pool_read_ahead_evicted,25,25,0.010570,enabled
1782984788.570,2026-07-02 09:33:08.571,buffer_pool_read_requests,2918737711,2918737711,1234071.792605,enabled
1782984788.570,2026-07-02 09:33:08.571,buffer_pool_size,12884901888,12884901888,0.000000,enabled
1782984788.570,2026-07-02 09:33:08.571,buffer_pool_wait_free,18945,18945,8.010137,enabled
1782984788.570,2026-07-02 09:33:08.571,buffer_pool_write_requests,610711827,610711827,258215.130358,enabled
1782984788.570,2026-07-02 09:33:08.571,dml_deletes,13366659,13366659,5651.557545,enabled
1782984788.570,2026-07-02 09:33:08.571,dml_inserts,113252067,113252067,47884.110331,enabled
1782984788.570,2026-07-02 09:33:08.571,dml_system_deletes,468,468,0.197875,enabled
1782984788.570,2026-07-02 09:33:08.571,dml_system_inserts,1202,1202,0.508218,enabled
1782984788.570,2026-07-02 09:33:08.571,dml_system_reads,7661,7661,3.239148,enabled
1782984788.570,2026-07-02 09:33:08.571,dml_system_updates,620,620,0.262142,enabled
1782984788.570,2026-07-02 09:33:08.571,dml_updates,26733438,26733438,11303.165818,enabled
1782984788.570,2026-07-02 09:33:08.571,file_num_open_files,35,35,0.000000,enabled
1782984788.570,2026-07-02 09:33:08.571,ibuf_merges,0,0,0.000000,enabled
1782984788.570,2026-07-02 09:33:08.571,ibuf_merges_delete,0,0,0.000000,enabled
1782984788.570,2026-07-02 09:33:08.571,ibuf_merges_delete_mark,0,0,0.000000,enabled
1782984788.570,2026-07-02 09:33:08.571,ibuf_merges_discard_delete,0,0,0.000000,enabled
1782984788.570,2026-07-02 09:33:08.571,ibuf_merges_discard_delete_mark,0,0,0.000000,enabled
1782984788.570,2026-07-02 09:33:08.571,ibuf_merges_discard_insert,0,0,0.000000,enabled
1782984788.570,2026-07-02 09:33:08.571,ibuf_merges_insert,0,0,0.000000,enabled
1782984788.570,2026-07-02 09:33:08.571,ibuf_size,1,1,0.000423,enabled
1782984788.570,2026-07-02 09:33:08.571,innodb_activity_count,18265636,18265636,7722.894286,enabled
1782984788.570,2026-07-02 09:33:08.571,innodb_dblwr_pages_written,26222177,26222177,11086.999636,enabled
1782984788.570,2026-07-02 09:33:08.571,innodb_dblwr_writes,538759,538759,227.792713,enabled
1782984788.570,2026-07-02 09:33:08.571,innodb_page_size,16384,16384,0.000000,enabled
1782984788.570,2026-07-02 09:33:08.571,innodb_rwlock_sx_os_waits,0,0,0.000000,enabled
1782984788.570,2026-07-02 09:33:08.571,innodb_rwlock_sx_spin_rounds,0,0,0.000000,enabled
1782984788.570,2026-07-02 09:33:08.571,innodb_rwlock_sx_spin_waits,0,0,0.000000,enabled
1782984788.570,2026-07-02 09:33:08.571,innodb_rwlock_s_os_waits,0,0,0.000000,enabled
1782984788.570,2026-07-02 09:33:08.571,innodb_rwlock_s_spin_rounds,0,0,0.000000,enabled
1782984788.570,2026-07-02 09:33:08.571,innodb_rwlock_s_spin_waits,0,0,0.000000,enabled
1782984788.570,2026-07-02 09:33:08.571,innodb_rwlock_x_os_waits,0,0,0.000000,enabled
1782984788.570,2026-07-02 09:33:08.571,innodb_rwlock_x_spin_rounds,0,0,0.000000,enabled
1782984788.570,2026-07-02 09:33:08.571,innodb_rwlock_x_spin_waits,0,0,0.000000,enabled
1782984788.570,2026-07-02 09:33:08.571,lock_deadlocks,0,0,0.000000,enabled
1782984788.570,2026-07-02 09:33:08.571,lock_deadlock_false_positives,0,0,0.000000,enabled
1782984788.570,2026-07-02 09:33:08.571,lock_deadlock_rounds,2602,2602,1.100152,enabled
1782984788.570,2026-07-02 09:33:08.571,lock_rec_grant_attempts,425,425,0.179694,enabled
1782984788.570,2026-07-02 09:33:08.571,lock_rec_release_attempts,40627463,40627463,17177.702106,enabled
1782984788.570,2026-07-02 09:33:08.571,lock_row_lock_current_waits,0,0,0.000000,enabled
1782984788.570,2026-07-02 09:33:08.571,lock_row_lock_time,323,323,0.136568,enabled
1782984788.570,2026-07-02 09:33:08.571,lock_row_lock_time_avg,0,0,0.000000,enabled
1782984788.570,2026-07-02 09:33:08.571,lock_row_lock_time_max,29,29,0.000000,enabled
1782984788.570,2026-07-02 09:33:08.571,lock_row_lock_waits,425,425,0.179694,enabled
1782984788.570,2026-07-02 09:33:08.571,lock_schedule_refreshes,2602,2602,1.100152,enabled
1782984788.570,2026-07-02 09:33:08.571,lock_threads_waiting,0,0,0.000000,enabled
1782984788.570,2026-07-02 09:33:08.571,lock_timeouts,0,0,0.000000,enabled
1782984788.570,2026-07-02 09:33:08.571,log_waits,0,0,0.000000,enabled
1782984788.570,2026-07-02 09:33:08.571,log_writes,203343618,203343618,85975.726644,enabled
1782984788.570,2026-07-02 09:33:08.571,log_write_requests,411931101,411931101,174168.612249,enabled
1782984788.570,2026-07-02 09:33:08.571,os_data_fsyncs,56763272,56763272,24000.082901,enabled
1782984788.570,2026-07-02 09:33:08.571,os_data_reads,78641538,78641538,33250.434077,enabled
1782984788.570,2026-07-02 09:33:08.571,os_data_writes,230425043,230425043,97426.028184,enabled
1782984788.570,2026-07-02 09:33:08.571,os_log_bytes_written,128760870912,128760870912,54441392.506394,enabled
1782984788.570,2026-07-02 09:33:08.571,os_log_fsyncs,49616092,49616092,20978.183186,enabled
1782984788.570,2026-07-02 09:33:08.571,os_log_pending_fsyncs,1,1,0.000423,enabled
1782984788.570,2026-07-02 09:33:08.571,os_log_pending_writes,1,1,0.000423,enabled
1782984788.570,2026-07-02 09:33:08.571,trx_rseg_history_len,908,908,0.000000,enabled
1782984789.640,2026-07-02 09:33:09.642,adaptive_hash_searches,0,0,0.000000,enabled
1782984789.640,2026-07-02 09:33:09.642,adaptive_hash_searches_btree,605923997,605923997,256074.318910,enabled
1782984789.640,2026-07-02 09:33:09.642,buffer_data_reads,1284496820736,1284496820736,542851404.329235,enabled
1782984789.640,2026-07-02 09:33:09.642,buffer_data_written,595552420352,595552420352,251691138.693949,enabled
1782984789.640,2026-07-02 09:33:09.642,buffer_pages0_read,7,7,0.002958,enabled
1782984789.640,2026-07-02 09:33:09.642,buffer_pages_created,1816114,1816114,767.522370,enabled
1782984789.640,2026-07-02 09:33:09.642,buffer_pages_read,78620719,78620719,33226.526620,enabled
1782984789.640,2026-07-02 09:33:09.642,buffer_pages_written,26297673,26297673,11113.868537,enabled
1782984789.640,2026-07-02 09:33:09.642,buffer_pool_bytes_data,12852609024,12852609024,0.000000,enabled
1782984789.640,2026-07-02 09:33:09.642,buffer_pool_bytes_dirty,4625973248,4625973248,0.000000,enabled
1782984789.640,2026-07-02 09:33:09.642,buffer_pool_pages_data,784462,784462,0.000000,enabled
1782984789.640,2026-07-02 09:33:09.642,buffer_pool_pages_dirty,282347,282347,0.000000,enabled
1782984789.640,2026-07-02 09:33:09.642,buffer_pool_pages_flushed,26240603,26240603,0.000000,enabled
1782984789.640,2026-07-02 09:33:09.642,buffer_pool_pages_free,1880,1880,0.000000,enabled
1782984789.640,2026-07-02 09:33:09.642,buffer_pool_pages_lru_flushed,0,0,0.000000,enabled
1782984789.640,2026-07-02 09:33:09.642,buffer_pool_pages_misc,96,96,0.000000,enabled
1782984789.640,2026-07-02 09:33:09.642,buffer_pool_pages_total,786432,786432,0.000000,enabled
1782984789.640,2026-07-02 09:33:09.642,buffer_pool_reads,77720669,77720669,32846.150552,enabled
1782984789.640,2026-07-02 09:33:09.642,buffer_pool_read_ahead,803715,803715,339.664390,enabled
1782984789.640,2026-07-02 09:33:09.642,buffer_pool_read_ahead_evicted,25,25,0.010565,enabled
1782984789.640,2026-07-02 09:33:09.642,buffer_pool_read_requests,2919572474,2919572474,1233863.755466,enabled
1782984789.640,2026-07-02 09:33:09.642,buffer_pool_size,12884901888,12884901888,0.000000,enabled
1782984789.640,2026-07-02 09:33:09.642,buffer_pool_wait_free,18945,18945,8.006497,enabled
1782984789.640,2026-07-02 09:33:09.642,buffer_pool_write_requests,610825059,610825059,258145.638568,enabled
1782984789.640,2026-07-02 09:33:09.642,dml_deletes,13371540,13371540,5651.051785,enabled
1782984789.640,2026-07-02 09:33:09.642,dml_inserts,113256947,113256947,47864.410013,enabled
1782984789.640,2026-07-02 09:33:09.642,dml_system_deletes,468,468,0.197785,enabled
1782984789.640,2026-07-02 09:33:09.642,dml_system_inserts,1202,1202,0.507987,enabled
1782984789.640,2026-07-02 09:33:09.642,dml_system_reads,7661,7661,3.237676,enabled
1782984789.640,2026-07-02 09:33:09.642,dml_system_updates,620,620,0.262023,enabled
1782984789.640,2026-07-02 09:33:09.642,dml_updates,26743198,26743198,11302.153426,enabled
1782984789.640,2026-07-02 09:33:09.642,file_num_open_files,35,35,0.000000,enabled
1782984789.640,2026-07-02 09:33:09.642,ibuf_merges,0,0,0.000000,enabled
1782984789.640,2026-07-02 09:33:09.642,ibuf_merges_delete,0,0,0.000000,enabled
1782984789.640,2026-07-02 09:33:09.642,ibuf_merges_delete_mark,0,0,0.000000,enabled
1782984789.640,2026-07-02 09:33:09.642,ibuf_merges_discard_delete,0,0,0.000000,enabled
1782984789.640,2026-07-02 09:33:09.642,ibuf_merges_discard_delete_mark,0,0,0.000000,enabled
1782984789.640,2026-07-02 09:33:09.642,ibuf_merges_discard_insert,0,0,0.000000,enabled
1782984789.640,2026-07-02 09:33:09.642,ibuf_merges_insert,0,0,0.000000,enabled
1782984789.640,2026-07-02 09:33:09.642,ibuf_size,1,1,0.000423,enabled
1782984789.640,2026-07-02 09:33:09.642,innodb_activity_count,18271244,18271244,7721.754428,enabled
1782984789.640,2026-07-02 09:33:09.642,innodb_dblwr_pages_written,26238313,26238313,11088.780120,enabled
1782984789.640,2026-07-02 09:33:09.642,innodb_dblwr_writes,539137,539137,227.848934,enabled
1782984789.640,2026-07-02 09:33:09.642,innodb_page_size,16384,16384,0.000000,enabled
1782984789.640,2026-07-02 09:33:09.642,innodb_rwlock_sx_os_waits,0,0,0.000000,enabled
1782984789.640,2026-07-02 09:33:09.642,innodb_rwlock_sx_spin_rounds,0,0,0.000000,enabled
1782984789.640,2026-07-02 09:33:09.642,innodb_rwlock_sx_spin_waits,0,0,0.000000,enabled
1782984789.640,2026-07-02 09:33:09.642,innodb_rwlock_s_os_waits,0,0,0.000000,enabled
1782984789.640,2026-07-02 09:33:09.642,innodb_rwlock_s_spin_rounds,0,0,0.000000,enabled
1782984789.640,2026-07-02 09:33:09.642,innodb_rwlock_s_spin_waits,0,0,0.000000,enabled
1782984789.640,2026-07-02 09:33:09.642,innodb_rwlock_x_os_waits,0,0,0.000000,enabled
1782984789.640,2026-07-02 09:33:09.642,innodb_rwlock_x_spin_rounds,0,0,0.000000,enabled
1782984789.640,2026-07-02 09:33:09.642,innodb_rwlock_x_spin_waits,0,0,0.000000,enabled
1782984789.640,2026-07-02 09:33:09.642,lock_deadlocks,0,0,0.000000,enabled
1782984789.640,2026-07-02 09:33:09.642,lock_deadlock_false_positives,0,0,0.000000,enabled
1782984789.640,2026-07-02 09:33:09.642,lock_deadlock_rounds,2603,2603,1.100075,enabled
1782984789.640,2026-07-02 09:33:09.642,lock_rec_grant_attempts,425,425,0.179613,enabled
1782984789.640,2026-07-02 09:33:09.642,lock_rec_release_attempts,40642309,40642309,17176.169926,enabled
1782984789.640,2026-07-02 09:33:09.642,lock_row_lock_current_waits,0,0,0.000000,enabled
1782984789.640,2026-07-02 09:33:09.642,lock_row_lock_time,323,323,0.136506,enabled
1782984789.640,2026-07-02 09:33:09.642,lock_row_lock_time_avg,0,0,0.000000,enabled
1782984789.640,2026-07-02 09:33:09.642,lock_row_lock_time_max,29,29,0.000000,enabled
1782984789.640,2026-07-02 09:33:09.642,lock_row_lock_waits,425,425,0.179613,enabled
1782984789.640,2026-07-02 09:33:09.642,lock_schedule_refreshes,2603,2603,1.100075,enabled
1782984789.640,2026-07-02 09:33:09.642,lock_threads_waiting,0,0,0.000000,enabled
1782984789.640,2026-07-02 09:33:09.642,lock_timeouts,0,0,0.000000,enabled
1782984789.640,2026-07-02 09:33:09.642,log_waits,0,0,0.000000,enabled
1782984789.640,2026-07-02 09:33:09.642,log_writes,203422609,203422609,85970.035909,enabled
1782984789.640,2026-07-02 09:33:09.642,log_write_requests,412013945,412013945,174124.468488,enabled
1782984789.640,2026-07-02 09:33:09.642,os_data_fsyncs,56796909,56796909,24003.391184,enabled
1782984789.640,2026-07-02 09:33:09.642,os_data_reads,78698893,78698893,33259.562020,enabled
1782984789.640,2026-07-02 09:33:09.642,os_data_writes,230520433,230520433,97422.064521,enabled
1782984789.640,2026-07-02 09:33:09.642,os_log_bytes_written,128802194432,128802194432,54434114.577825,enabled
1782984789.640,2026-07-02 09:33:09.642,os_log_fsyncs,49644738,49644738,20980.755540,enabled
1782984789.640,2026-07-02 09:33:09.642,os_log_pending_fsyncs,1,1,0.000423,enabled
1782984789.640,2026-07-02 09:33:09.642,os_log_pending_writes,1,1,0.000423,enabled
1782984789.640,2026-07-02 09:33:09.642,trx_rseg_history_len,954,954,0.000000,enabled
1782984790.715,2026-07-02 09:33:10.716,adaptive_hash_searches,0,0,0.000000,enabled
1782984790.715,2026-07-02 09:33:10.716,adaptive_hash_searches_btree,606092200,606092200,256029.576787,enabled
1782984790.715,2026-07-02 09:33:10.716,buffer_data_reads,1285428431360,1285428431360,542999450.865160,enabled
1782984790.715,2026-07-02 09:33:10.716,buffer_data_written,595859573760,595859573760,251707067.675989,enabled
1782984790.715,2026-07-02 09:33:10.716,buffer_pages0_read,7,7,0.002957,enabled
1782984790.715,2026-07-02 09:33:10.716,buffer_pages_created,1816152,1816152,767.191329,enabled
1782984790.715,2026-07-02 09:33:10.716,buffer_pages_read,78677752,78677752,33235.593020,enabled
1782984790.715,2026-07-02 09:33:10.716,buffer_pages_written,26313519,26313519,11115.536334,enabled
1782984790.715,2026-07-02 09:33:10.716,buffer_pool_bytes_data,12849692672,12849692672,0.000000,enabled
1782984790.715,2026-07-02 09:33:10.716,buffer_pool_bytes_dirty,4635213824,4635213824,0.000000,enabled
1782984790.715,2026-07-02 09:33:10.716,buffer_pool_pages_data,784283,784283,0.000000,enabled
1782984790.715,2026-07-02 09:33:10.716,buffer_pool_pages_dirty,282911,282911,0.000000,enabled
1782984790.715,2026-07-02 09:33:10.716,buffer_pool_pages_flushed,26256449,26256449,0.000000,enabled
1782984790.715,2026-07-02 09:33:10.716,buffer_pool_pages_free,2053,2053,0.000000,enabled
1782984790.715,2026-07-02 09:33:10.716,buffer_pool_pages_lru_flushed,0,0,0.000000,enabled
1782984790.715,2026-07-02 09:33:10.716,buffer_pool_pages_misc,96,96,0.000000,enabled
1782984790.715,2026-07-02 09:33:10.716,buffer_pool_pages_total,786432,786432,0.000000,enabled
1782984790.715,2026-07-02 09:33:10.716,buffer_pool_reads,77777661,77777661,32855.371512,enabled
1782984790.715,2026-07-02 09:33:10.716,buffer_pool_read_ahead,803715,803715,339.510784,enabled
1782984790.715,2026-07-02 09:33:10.716,buffer_pool_read_ahead_evicted,25,25,0.010561,enabled
1782984790.715,2026-07-02 09:33:10.716,buffer_pool_read_requests,2920406105,2920406105,1233657.914523,enabled
1782984790.715,2026-07-02 09:33:10.716,buffer_pool_size,12884901888,12884901888,0.000000,enabled
1782984790.715,2026-07-02 09:33:10.716,buffer_pool_wait_free,18945,18945,8.002876,enabled
1782984790.715,2026-07-02 09:33:10.716,buffer_pool_write_requests,610938489,610938489,258076.813528,enabled
1782984790.715,2026-07-02 09:33:10.716,dml_deletes,13376400,13376400,5650.549455,enabled
1782984790.715,2026-07-02 09:33:10.716,dml_inserts,113261807,113261807,47844.819411,enabled
1782984790.715,2026-07-02 09:33:10.716,dml_system_deletes,468,468,0.197696,enabled
1782984790.715,2026-07-02 09:33:10.716,dml_system_inserts,1202,1202,0.507757,enabled
1782984790.715,2026-07-02 09:33:10.716,dml_system_reads,7661,7661,3.236211,enabled
1782984790.715,2026-07-02 09:33:10.716,dml_system_updates,620,620,0.261905,enabled
1782984790.715,2026-07-02 09:33:10.716,dml_updates,26752918,26752918,11301.148748,enabled
1782984790.715,2026-07-02 09:33:10.716,file_num_open_files,35,35,0.000000,enabled
1782984790.715,2026-07-02 09:33:10.716,ibuf_merges,0,0,0.000000,enabled
1782984790.715,2026-07-02 09:33:10.716,ibuf_merges_delete,0,0,0.000000,enabled
1782984790.715,2026-07-02 09:33:10.716,ibuf_merges_delete_mark,0,0,0.000000,enabled
1782984790.715,2026-07-02 09:33:10.716,ibuf_merges_discard_delete,0,0,0.000000,enabled
1782984790.715,2026-07-02 09:33:10.716,ibuf_merges_discard_delete_mark,0,0,0.000000,enabled
1782984790.715,2026-07-02 09:33:10.716,ibuf_merges_discard_insert,0,0,0.000000,enabled
1782984790.715,2026-07-02 09:33:10.716,ibuf_merges_insert,0,0,0.000000,enabled
1782984790.715,2026-07-02 09:33:10.716,ibuf_size,1,1,0.000422,enabled
1782984790.715,2026-07-02 09:33:10.716,innodb_activity_count,18276826,18276826,7720.620688,enabled
1782984790.715,2026-07-02 09:33:10.716,innodb_dblwr_pages_written,26254159,26254159,11090.459687,enabled
1782984790.715,2026-07-02 09:33:10.716,innodb_dblwr_writes,539490,539490,227.895020,enabled
1782984790.715,2026-07-02 09:33:10.716,innodb_page_size,16384,16384,0.000000,enabled
1782984790.715,2026-07-02 09:33:10.716,innodb_rwlock_sx_os_waits,0,0,0.000000,enabled
1782984790.715,2026-07-02 09:33:10.716,innodb_rwlock_sx_spin_rounds,0,0,0.000000,enabled
1782984790.715,2026-07-02 09:33:10.716,innodb_rwlock_sx_spin_waits,0,0,0.000000,enabled
1782984790.715,2026-07-02 09:33:10.716,innodb_rwlock_s_os_waits,0,0,0.000000,enabled
1782984790.715,2026-07-02 09:33:10.716,innodb_rwlock_s_spin_rounds,0,0,0.000000,enabled
1782984790.715,2026-07-02 09:33:10.716,innodb_rwlock_s_spin_waits,0,0,0.000000,enabled
1782984790.715,2026-07-02 09:33:10.716,innodb_rwlock_x_os_waits,0,0,0.000000,enabled
1782984790.715,2026-07-02 09:33:10.716,innodb_rwlock_x_spin_rounds,0,0,0.000000,enabled
1782984790.715,2026-07-02 09:33:10.716,innodb_rwlock_x_spin_waits,0,0,0.000000,enabled
1782984790.715,2026-07-02 09:33:10.716,lock_deadlocks,0,0,0.000000,enabled
1782984790.715,2026-07-02 09:33:10.716,lock_deadlock_false_positives,0,0,0.000000,enabled
1782984790.715,2026-07-02 09:33:10.716,lock_deadlock_rounds,2604,2604,1.100000,enabled
1782984790.715,2026-07-02 09:33:10.716,lock_rec_grant_attempts,425,425,0.179531,enabled
1782984790.715,2026-07-02 09:33:10.716,lock_rec_release_attempts,40657068,40657068,17174.636910,enabled
1782984790.715,2026-07-02 09:33:10.716,lock_row_lock_current_waits,0,0,0.000000,enabled
1782984790.715,2026-07-02 09:33:10.716,lock_row_lock_time,323,323,0.136444,enabled
1782984790.715,2026-07-02 09:33:10.716,lock_row_lock_time_avg,0,0,0.000000,enabled
1782984790.715,2026-07-02 09:33:10.716,lock_row_lock_time_max,29,29,0.000000,enabled
1782984790.715,2026-07-02 09:33:10.716,lock_row_lock_waits,425,425,0.179531,enabled
1782984790.715,2026-07-02 09:33:10.716,lock_schedule_refreshes,2604,2604,1.099999,enabled
1782984790.715,2026-07-02 09:33:10.716,lock_threads_waiting,0,0,0.000000,enabled
1782984790.715,2026-07-02 09:33:10.716,lock_timeouts,0,0,0.000000,enabled
1782984790.715,2026-07-02 09:33:10.716,log_waits,0,0,0.000000,enabled
1782984790.715,2026-07-02 09:33:10.716,log_writes,203501738,203501738,85964.586331,enabled
1782984790.715,2026-07-02 09:33:10.716,log_write_requests,412096591,412096591,174080.640976,enabled
1782984790.715,2026-07-02 09:33:10.716,os_data_fsyncs,56830567,56830567,24006.754727,enabled
1782984790.715,2026-07-02 09:33:10.716,os_data_reads,78755756,78755756,33268.542259,enabled
1782984790.715,2026-07-02 09:33:10.716,os_data_writes,230615670,230615670,97418.240243,enabled
1782984790.715,2026-07-02 09:33:10.716,os_log_bytes_written,128843639296,128843639296,54427006.534926,enabled
1782984790.715,2026-07-02 09:33:10.716,os_log_fsyncs,49673581,49673581,20983.451961,enabled
1782984790.715,2026-07-02 09:33:10.716,os_log_pending_fsyncs,0,0,0.000000,enabled
1782984790.715,2026-07-02 09:33:10.716,os_log_pending_writes,1,1,0.000422,enabled
1782984790.715,2026-07-02 09:33:10.716,trx_rseg_history_len,968,968,0.000000,enabled
1782984791.786,2026-07-02 09:33:11.787,adaptive_hash_searches,0,0,0.000000,enabled
1782984791.786,2026-07-02 09:33:11.787,adaptive_hash_searches_btree,606261475,606261475,255985.158284,enabled
1782984791.786,2026-07-02 09:33:11.787,buffer_data_reads,1286370068992,1286370068992,543151265.442654,enabled
1782984791.786,2026-07-02 09:33:11.787,buffer_data_written,596171504128,596171504128,251724845.267945,enabled
1782984791.786,2026-07-02 09:33:11.787,buffer_pages0_read,7,7,0.002956,enabled
1782984791.786,2026-07-02 09:33:11.787,buffer_pages_created,1816190,1816190,766.860120,enabled
1782984791.786,2026-07-02 09:33:11.787,buffer_pages_read,78735394,78735394,33244.888085,enabled
1782984791.786,2026-07-02 09:33:11.787,buffer_pages_written,26329631,26329631,11117.308166,enabled
1782984791.786,2026-07-02 09:33:11.787,buffer_pool_bytes_data,12858212352,12858212352,0.000000,enabled
1782984791.786,2026-07-02 09:33:11.787,buffer_pool_bytes_dirty,4641931264,4641931264,0.000000,enabled
1782984791.786,2026-07-02 09:33:11.787,buffer_pool_pages_data,784803,784803,0.000000,enabled
1782984791.786,2026-07-02 09:33:11.787,buffer_pool_pages_dirty,283321,283321,0.000000,enabled
1782984791.786,2026-07-02 09:33:11.787,buffer_pool_pages_flushed,26272561,26272561,0.000000,enabled
1782984791.786,2026-07-02 09:33:11.787,buffer_pool_pages_free,1531,1531,0.000000,enabled
1782984791.786,2026-07-02 09:33:11.787,buffer_pool_pages_lru_flushed,0,0,0.000000,enabled
1782984791.786,2026-07-02 09:33:11.787,buffer_pool_pages_misc,96,96,0.000000,enabled
1782984791.786,2026-07-02 09:33:11.787,buffer_pool_pages_total,786432,786432,0.000000,enabled
1782984791.786,2026-07-02 09:33:11.787,buffer_pool_reads,77835244,77835244,32864.813808,enabled
1782984791.786,2026-07-02 09:33:11.787,buffer_pool_read_ahead,803715,803715,339.357111,enabled
1782984791.786,2026-07-02 09:33:11.787,buffer_pool_read_ahead_evicted,25,25,0.010556,enabled
1782984791.786,2026-07-02 09:33:11.787,buffer_pool_read_requests,2921244703,2921244703,1233453.610421,enabled
1782984791.786,2026-07-02 09:33:11.787,buffer_pool_size,12884901888,12884901888,0.000000,enabled
1782984791.786,2026-07-02 09:33:11.787,buffer_pool_wait_free,18945,18945,7.999254,enabled
1782984791.786,2026-07-02 09:33:11.787,buffer_pool_write_requests,611052592,611052592,258008.178626,enabled
1782984791.786,2026-07-02 09:33:11.787,dml_deletes,13381288,13381288,5650.055583,enabled
1782984791.786,2026-07-02 09:33:11.787,dml_inserts,113266696,113266696,47825.226444,enabled
1782984791.786,2026-07-02 09:33:11.787,dml_system_deletes,468,468,0.197606,enabled
1782984791.786,2026-07-02 09:33:11.787,dml_system_inserts,1202,1202,0.507527,enabled
1782984791.786,2026-07-02 09:33:11.787,dml_system_reads,7661,7661,3.234747,enabled
1782984791.786,2026-07-02 09:33:11.787,dml_system_updates,620,620,0.261786,enabled
1782984791.786,2026-07-02 09:33:11.787,dml_updates,26762695,26762695,11300.161402,enabled
1782984791.786,2026-07-02 09:33:11.787,file_num_open_files,35,35,0.000000,enabled
1782984791.786,2026-07-02 09:33:11.787,ibuf_merges,0,0,0.000000,enabled
1782984791.786,2026-07-02 09:33:11.787,ibuf_merges_delete,0,0,0.000000,enabled
1782984791.786,2026-07-02 09:33:11.787,ibuf_merges_delete_mark,0,0,0.000000,enabled
1782984791.786,2026-07-02 09:33:11.787,ibuf_merges_discard_delete,0,0,0.000000,enabled
1782984791.786,2026-07-02 09:33:11.787,ibuf_merges_discard_delete_mark,0,0,0.000000,enabled
1782984791.786,2026-07-02 09:33:11.787,ibuf_merges_discard_insert,0,0,0.000000,enabled
1782984791.786,2026-07-02 09:33:11.787,ibuf_merges_insert,0,0,0.000000,enabled
1782984791.786,2026-07-02 09:33:11.787,ibuf_size,1,1,0.000422,enabled
1782984791.786,2026-07-02 09:33:11.787,innodb_activity_count,18282442,18282442,7719.497191,enabled
1782984791.786,2026-07-02 09:33:11.787,innodb_dblwr_pages_written,26270271,26270271,11092.242596,enabled
1782984791.786,2026-07-02 09:33:11.787,innodb_dblwr_writes,539833,539833,227.936689,enabled
1782984791.786,2026-07-02 09:33:11.787,innodb_page_size,16384,16384,0.000000,enabled
1782984791.786,2026-07-02 09:33:11.787,innodb_rwlock_sx_os_waits,0,0,0.000000,enabled
1782984791.786,2026-07-02 09:33:11.787,innodb_rwlock_sx_spin_rounds,0,0,0.000000,enabled
1782984791.786,2026-07-02 09:33:11.787,innodb_rwlock_sx_spin_waits,0,0,0.000000,enabled
1782984791.786,2026-07-02 09:33:11.787,innodb_rwlock_s_os_waits,0,0,0.000000,enabled
1782984791.786,2026-07-02 09:33:11.787,innodb_rwlock_s_spin_rounds,0,0,0.000000,enabled
1782984791.786,2026-07-02 09:33:11.787,innodb_rwlock_s_spin_waits,0,0,0.000000,enabled
1782984791.786,2026-07-02 09:33:11.787,innodb_rwlock_x_os_waits,0,0,0.000000,enabled
1782984791.786,2026-07-02 09:33:11.787,innodb_rwlock_x_spin_rounds,0,0,0.000000,enabled
1782984791.786,2026-07-02 09:33:11.787,innodb_rwlock_x_spin_waits,0,0,0.000000,enabled
1782984791.786,2026-07-02 09:33:11.787,lock_deadlocks,0,0,0.000000,enabled
1782984791.786,2026-07-02 09:33:11.787,lock_deadlock_false_positives,0,0,0.000000,enabled
1782984791.786,2026-07-02 09:33:11.787,lock_deadlock_rounds,2605,2605,1.099924,enabled
1782984791.786,2026-07-02 09:33:11.787,lock_rec_grant_attempts,425,425,0.179450,enabled
1782984791.786,2026-07-02 09:33:11.787,lock_rec_release_attempts,40671944,40671944,17173.144367,enabled
1782984791.786,2026-07-02 09:33:11.787,lock_row_lock_current_waits,0,0,0.000000,enabled
1782984791.786,2026-07-02 09:33:11.787,lock_row_lock_time,323,323,0.136382,enabled
1782984791.786,2026-07-02 09:33:11.787,lock_row_lock_time_avg,0,0,0.000000,enabled
1782984791.786,2026-07-02 09:33:11.787,lock_row_lock_time_max,29,29,0.000000,enabled
1782984791.786,2026-07-02 09:33:11.787,lock_row_lock_waits,425,425,0.179450,enabled
1782984791.786,2026-07-02 09:33:11.787,lock_schedule_refreshes,2605,2605,1.099924,enabled
1782984791.786,2026-07-02 09:33:11.787,lock_threads_waiting,0,0,0.000000,enabled
1782984791.786,2026-07-02 09:33:11.787,lock_timeouts,0,0,0.000000,enabled
1782984791.786,2026-07-02 09:33:11.787,log_waits,0,0,0.000000,enabled
1782984791.786,2026-07-02 09:33:11.787,log_writes,203581234,203581234,85959.240840,enabled
1782984791.786,2026-07-02 09:33:11.787,log_write_requests,412179730,412179730,174036.948329,enabled
1782984791.786,2026-07-02 09:33:11.787,os_data_fsyncs,56864360,56864360,24010.156878,enabled
1782984791.786,2026-07-02 09:33:11.787,os_data_reads,78813247,78813247,33277.758291,enabled
1782984791.786,2026-07-02 09:33:11.787,os_data_writes,230711535,230711535,97414.622319,enabled
1782984791.786,2026-07-02 09:33:11.787,os_log_bytes_written,128885291520,128885291520,54419957.642509,enabled
1782984791.786,2026-07-02 09:33:11.787,os_log_fsyncs,49702569,49702569,20986.193733,enabled
1782984791.786,2026-07-02 09:33:11.787,os_log_pending_fsyncs,1,1,0.000422,enabled
1782984791.786,2026-07-02 09:33:11.787,os_log_pending_writes,0,0,0.000000,enabled
1782984791.786,2026-07-02 09:33:11.787,trx_rseg_history_len,1026,1026,0.000000,enabled
1782984792.858,2026-07-02 09:33:12.859,adaptive_hash_searches,0,0,0.000000,enabled
1782984792.858,2026-07-02 09:33:12.859,adaptive_hash_searches_btree,606425621,606425621,255938.945174,enabled
1782984792.858,2026-07-02 09:33:12.859,buffer_data_reads,1287282985472,1287282985472,543291499.033356,enabled
1782984792.858,2026-07-02 09:33:12.859,buffer_data_written,596477624320,596477624320,251740468.973427,enabled
1782984792.858,2026-07-02 09:33:12.859,buffer_pages0_read,7,7,0.002954,enabled
1782984792.858,2026-07-02 09:33:12.859,buffer_pages_created,1816217,1816217,766.525524,enabled
1782984792.858,2026-07-02 09:33:12.859,buffer_pages_read,78791293,78791293,33253.480579,enabled
1782984792.858,2026-07-02 09:33:12.859,buffer_pages_written,26345482,26345482,11118.982105,enabled
1782984792.858,2026-07-02 09:33:12.859,buffer_pool_bytes_data,12862701568,12862701568,0.000000,enabled
1782984792.858,2026-07-02 09:33:12.859,buffer_pool_bytes_dirty,4644208640,4644208640,0.000000,enabled
1782984792.858,2026-07-02 09:33:12.859,buffer_pool_pages_data,785077,785077,0.000000,enabled
1782984792.858,2026-07-02 09:33:12.859,buffer_pool_pages_dirty,283460,283460,0.000000,enabled
1782984792.858,2026-07-02 09:33:12.859,buffer_pool_pages_flushed,26288412,26288412,0.000000,enabled
1782984792.858,2026-07-02 09:33:12.859,buffer_pool_pages_free,1258,1258,0.000000,enabled
1782984792.858,2026-07-02 09:33:12.859,buffer_pool_pages_lru_flushed,0,0,0.000000,enabled
1782984792.858,2026-07-02 09:33:12.859,buffer_pool_pages_misc,96,96,0.000000,enabled
1782984792.858,2026-07-02 09:33:12.859,buffer_pool_pages_total,786432,786432,0.000000,enabled
1782984792.858,2026-07-02 09:33:12.859,buffer_pool_reads,77891090,77891090,32873.555362,enabled
1782984792.858,2026-07-02 09:33:12.859,buffer_pool_read_ahead,803715,803715,339.204000,enabled
1782984792.858,2026-07-02 09:33:12.859,buffer_pool_read_ahead_evicted,25,25,0.010551,enabled
1782984792.858,2026-07-02 09:33:12.859,buffer_pool_read_requests,2922057870,2922057870,1233240.293783,enabled
1782984792.858,2026-07-02 09:33:12.859,buffer_pool_size,12884901888,12884901888,0.000000,enabled
1782984792.858,2026-07-02 09:33:12.859,buffer_pool_wait_free,18945,18945,7.995645,enabled
1782984792.858,2026-07-02 09:33:12.859,buffer_pool_write_requests,611162706,611162706,257938.243560,enabled
1782984792.858,2026-07-02 09:33:12.859,dml_deletes,13386037,13386037,5649.510813,enabled
1782984792.858,2026-07-02 09:33:12.859,dml_inserts,113271443,113271443,47805.653207,enabled
1782984792.858,2026-07-02 09:33:12.859,dml_system_deletes,468,468,0.197517,enabled
1782984792.858,2026-07-02 09:33:12.859,dml_system_inserts,1202,1202,0.507298,enabled
1782984792.858,2026-07-02 09:33:12.859,dml_system_reads,7661,7661,3.233287,enabled
1782984792.858,2026-07-02 09:33:12.859,dml_system_updates,620,620,0.261668,enabled
1782984792.858,2026-07-02 09:33:12.859,dml_updates,26772201,26772201,11299.075218,enabled
1782984792.858,2026-07-02 09:33:12.859,file_num_open_files,35,35,0.000000,enabled
1782984792.858,2026-07-02 09:33:12.859,ibuf_merges,0,0,0.000000,enabled
1782984792.858,2026-07-02 09:33:12.859,ibuf_merges_delete,0,0,0.000000,enabled
1782984792.858,2026-07-02 09:33:12.859,ibuf_merges_delete_mark,0,0,0.000000,enabled
1782984792.858,2026-07-02 09:33:12.859,ibuf_merges_discard_delete,0,0,0.000000,enabled
1782984792.858,2026-07-02 09:33:12.859,ibuf_merges_discard_delete_mark,0,0,0.000000,enabled
1782984792.858,2026-07-02 09:33:12.859,ibuf_merges_discard_insert,0,0,0.000000,enabled
1782984792.858,2026-07-02 09:33:12.859,ibuf_merges_insert,0,0,0.000000,enabled
1782984792.858,2026-07-02 09:33:12.859,ibuf_size,1,1,0.000422,enabled
1782984792.858,2026-07-02 09:33:12.859,innodb_activity_count,18287895,18287895,7718.315886,enabled
1782984792.858,2026-07-02 09:33:12.859,innodb_dblwr_pages_written,26286122,26286122,11093.928083,enabled
1782984792.858,2026-07-02 09:33:12.859,innodb_dblwr_writes,540199,540199,227.988323,enabled
1782984792.858,2026-07-02 09:33:12.859,innodb_page_size,16384,16384,0.000000,enabled
1782984792.858,2026-07-02 09:33:12.859,innodb_rwlock_sx_os_waits,0,0,0.000000,enabled
1782984792.858,2026-07-02 09:33:12.859,innodb_rwlock_sx_spin_rounds,0,0,0.000000,enabled
1782984792.858,2026-07-02 09:33:12.859,innodb_rwlock_sx_spin_waits,0,0,0.000000,enabled
1782984792.858,2026-07-02 09:33:12.859,innodb_rwlock_s_os_waits,0,0,0.000000,enabled
1782984792.858,2026-07-02 09:33:12.859,innodb_rwlock_s_spin_rounds,0,0,0.000000,enabled
1782984792.858,2026-07-02 09:33:12.859,innodb_rwlock_s_spin_waits,0,0,0.000000,enabled
1782984792.858,2026-07-02 09:33:12.859,innodb_rwlock_x_os_waits,0,0,0.000000,enabled
1782984792.858,2026-07-02 09:33:12.859,innodb_rwlock_x_spin_rounds,0,0,0.000000,enabled
1782984792.858,2026-07-02 09:33:12.859,innodb_rwlock_x_spin_waits,0,0,0.000000,enabled
1782984792.858,2026-07-02 09:33:12.859,lock_deadlocks,0,0,0.000000,enabled
1782984792.858,2026-07-02 09:33:12.859,lock_deadlock_false_positives,0,0,0.000000,enabled
1782984792.858,2026-07-02 09:33:12.859,lock_deadlock_rounds,2606,2606,1.099850,enabled
1782984792.858,2026-07-02 09:33:12.859,lock_rec_grant_attempts,425,425,0.179369,enabled
1782984792.858,2026-07-02 09:33:12.859,lock_rec_release_attempts,40686350,40686350,17171.476162,enabled
1782984792.858,2026-07-02 09:33:12.859,lock_row_lock_current_waits,0,0,0.000000,enabled
1782984792.858,2026-07-02 09:33:12.859,lock_row_lock_time,323,323,0.136321,enabled
1782984792.858,2026-07-02 09:33:12.859,lock_row_lock_time_avg,0,0,0.000000,enabled
1782984792.858,2026-07-02 09:33:12.859,lock_row_lock_time_max,29,29,0.000000,enabled
1782984792.858,2026-07-02 09:33:12.859,lock_row_lock_waits,425,425,0.179369,enabled
1782984792.858,2026-07-02 09:33:12.859,lock_schedule_refreshes,2606,2606,1.099850,enabled
1782984792.858,2026-07-02 09:33:12.859,lock_threads_waiting,0,0,0.000000,enabled
1782984792.858,2026-07-02 09:33:12.859,lock_timeouts,0,0,0.000000,enabled
1782984792.858,2026-07-02 09:33:12.859,log_waits,0,0,0.000000,enabled
1782984792.858,2026-07-02 09:33:12.859,log_writes,203659212,203659212,85953.369332,enabled
1782984792.858,2026-07-02 09:33:12.859,log_write_requests,412260461,412260461,173992.501180,enabled
1782984792.858,2026-07-02 09:33:12.859,os_data_fsyncs,56896280,56896280,24012.795959,enabled
1782984792.858,2026-07-02 09:33:12.859,os_data_reads,78868951,78868951,33286.254044,enabled
1782984792.858,2026-07-02 09:33:12.859,os_data_writes,230805641,230805641,97410.388983,enabled
1782984792.858,2026-07-02 09:33:12.859,os_log_bytes_written,128926002176,128926002176,54412586.893638,enabled
1782984792.858,2026-07-02 09:33:12.859,os_log_fsyncs,49729556,49729556,20988.115196,enabled
1782984792.858,2026-07-02 09:33:12.859,os_log_pending_fsyncs,1,1,0.000422,enabled
1782984792.858,2026-07-02 09:33:12.859,os_log_pending_writes,0,0,0.000000,enabled
1782984792.858,2026-07-02 09:33:12.859,trx_rseg_history_len,970,970,0.000000,enabled
1782984793.926,2026-07-02 09:33:13.928,adaptive_hash_searches,0,0,0.000000,enabled
1782984793.926,2026-07-02 09:33:13.928,adaptive_hash_searches_btree,606588679,606588679,255892.070267,enabled
1782984793.926,2026-07-02 09:33:13.928,buffer_data_reads,1288191642112,1288191642112,543429310.427693,enabled
1782984793.926,2026-07-02 09:33:13.928,buffer_data_written,596784760832,596784760832,251756276.190435,enabled
1782984793.926,2026-07-02 09:33:13.928,buffer_pages0_read,7,7,0.002953,enabled
1782984793.926,2026-07-02 09:33:13.928,buffer_pages_created,1816246,1816246,766.191370,enabled
1782984793.926,2026-07-02 09:33:13.928,buffer_pages_read,78846917,78846917,33261.918812,enabled
1782984793.926,2026-07-02 09:33:13.928,buffer_pages_written,26361423,26361423,11120.682304,enabled
1782984793.926,2026-07-02 09:33:13.928,buffer_pool_bytes_data,12852969472,12852969472,0.000000,enabled
1782984793.926,2026-07-02 09:33:13.928,buffer_pool_bytes_dirty,4641619968,4641619968,0.000000,enabled
1782984793.926,2026-07-02 09:33:13.928,buffer_pool_pages_data,784485,784485,0.000000,enabled
1782984793.926,2026-07-02 09:33:13.928,buffer_pool_pages_dirty,283302,283302,0.000000,enabled
1782984793.926,2026-07-02 09:33:13.928,buffer_pool_pages_flushed,26304353,26304353,0.000000,enabled
1782984793.926,2026-07-02 09:33:13.928,buffer_pool_pages_free,1854,1854,0.000000,enabled
1782984793.926,2026-07-02 09:33:13.928,buffer_pool_pages_lru_flushed,0,0,0.000000,enabled
1782984793.926,2026-07-02 09:33:13.928,buffer_pool_pages_misc,97,97,0.000000,enabled
1782984793.926,2026-07-02 09:33:13.928,buffer_pool_pages_total,786432,786432,0.000000,enabled
1782984793.926,2026-07-02 09:33:13.928,buffer_pool_reads,77946633,77946633,32882.131124,enabled
1782984793.926,2026-07-02 09:33:13.928,buffer_pool_read_ahead,803715,803715,339.050716,enabled
1782984793.926,2026-07-02 09:33:13.928,buffer_pool_read_ahead_evicted,25,25,0.010546,enabled
1782984793.926,2026-07-02 09:33:13.928,buffer_pool_read_requests,2922866110,2922866110,1233023.961827,enabled
1782984793.926,2026-07-02 09:33:13.928,buffer_pool_size,12884901888,12884901888,0.000000,enabled
1782984793.926,2026-07-02 09:33:13.928,buffer_pool_wait_free,18945,18945,7.992032,enabled
1782984793.926,2026-07-02 09:33:13.928,buffer_pool_write_requests,611272223,611272223,257867.883508,enabled
1782984793.926,2026-07-02 09:33:13.928,dml_deletes,13390747,13390747,5648.944658,enabled
1782984793.926,2026-07-02 09:33:13.928,dml_inserts,113276155,113276155,47786.036980,enabled
1782984793.926,2026-07-02 09:33:13.928,dml_system_deletes,468,468,0.197428,enabled
1782984793.926,2026-07-02 09:33:13.928,dml_system_inserts,1202,1202,0.507069,enabled
1782984793.926,2026-07-02 09:33:13.928,dml_system_reads,7661,7661,3.231826,enabled
1782984793.926,2026-07-02 09:33:13.928,dml_system_updates,620,620,0.261550,enabled
1782984793.926,2026-07-02 09:33:13.928,dml_updates,26781612,26781612,11297.939084,enabled
1782984793.926,2026-07-02 09:33:13.928,file_num_open_files,35,35,0.000000,enabled
1782984793.926,2026-07-02 09:33:13.928,ibuf_merges,0,0,0.000000,enabled
1782984793.926,2026-07-02 09:33:13.928,ibuf_merges_delete,0,0,0.000000,enabled
1782984793.926,2026-07-02 09:33:13.928,ibuf_merges_delete_mark,0,0,0.000000,enabled
1782984793.926,2026-07-02 09:33:13.928,ibuf_merges_discard_delete,0,0,0.000000,enabled
1782984793.926,2026-07-02 09:33:13.928,ibuf_merges_discard_delete_mark,0,0,0.000000,enabled
1782984793.926,2026-07-02 09:33:13.928,ibuf_merges_discard_insert,0,0,0.000000,enabled
1782984793.926,2026-07-02 09:33:13.928,ibuf_merges_insert,0,0,0.000000,enabled
1782984793.926,2026-07-02 09:33:13.928,ibuf_size,1,1,0.000422,enabled
1782984793.926,2026-07-02 09:33:13.928,innodb_activity_count,18293310,18293310,7717.112230,enabled
1782984793.926,2026-07-02 09:33:13.928,innodb_dblwr_pages_written,26302063,26302063,11095.639377,enabled
1782984793.926,2026-07-02 09:33:13.928,innodb_dblwr_writes,540571,540571,228.042222,enabled
1782984793.926,2026-07-02 09:33:13.928,innodb_page_size,16384,16384,0.000000,enabled
1782984793.926,2026-07-02 09:33:13.928,innodb_rwlock_sx_os_waits,0,0,0.000000,enabled
1782984793.926,2026-07-02 09:33:13.928,innodb_rwlock_sx_spin_rounds,0,0,0.000000,enabled
1782984793.926,2026-07-02 09:33:13.928,innodb_rwlock_sx_spin_waits,0,0,0.000000,enabled
1782984793.926,2026-07-02 09:33:13.928,innodb_rwlock_s_os_waits,0,0,0.000000,enabled
1782984793.926,2026-07-02 09:33:13.928,innodb_rwlock_s_spin_rounds,0,0,0.000000,enabled
1782984793.926,2026-07-02 09:33:13.928,innodb_rwlock_s_spin_waits,0,0,0.000000,enabled
1782984793.926,2026-07-02 09:33:13.928,innodb_rwlock_x_os_waits,0,0,0.000000,enabled
1782984793.926,2026-07-02 09:33:13.928,innodb_rwlock_x_spin_rounds,0,0,0.000000,enabled
1782984793.926,2026-07-02 09:33:13.928,innodb_rwlock_x_spin_waits,0,0,0.000000,enabled
1782984793.926,2026-07-02 09:33:13.928,lock_deadlocks,0,0,0.000000,enabled
1782984793.926,2026-07-02 09:33:13.928,lock_deadlock_false_positives,0,0,0.000000,enabled
1782984793.926,2026-07-02 09:33:13.928,lock_deadlock_rounds,2607,2607,1.099774,enabled
1782984793.926,2026-07-02 09:33:13.928,lock_rec_grant_attempts,425,425,0.179288,enabled
1782984793.926,2026-07-02 09:33:13.928,lock_rec_release_attempts,40700680,40700680,17169.761674,enabled
1782984793.926,2026-07-02 09:33:13.928,lock_row_lock_current_waits,0,0,0.000000,enabled
1782984793.926,2026-07-02 09:33:13.928,lock_row_lock_time,323,323,0.136259,enabled
1782984793.926,2026-07-02 09:33:13.928,lock_row_lock_time_avg,0,0,0.000000,enabled
1782984793.926,2026-07-02 09:33:13.928,lock_row_lock_time_max,29,29,0.000000,enabled
1782984793.926,2026-07-02 09:33:13.928,lock_row_lock_waits,425,425,0.179288,enabled
1782984793.926,2026-07-02 09:33:13.928,lock_schedule_refreshes,2607,2607,1.099774,enabled
1782984793.926,2026-07-02 09:33:13.928,lock_threads_waiting,0,0,0.000000,enabled
1782984793.926,2026-07-02 09:33:13.928,lock_timeouts,0,0,0.000000,enabled
1782984793.926,2026-07-02 09:33:13.928,log_waits,0,0,0.000000,enabled
1782984793.926,2026-07-02 09:33:13.928,log_writes,203736704,203736704,85947.216774,enabled
1782984793.926,2026-07-02 09:33:13.928,log_write_requests,412340692,412340692,173947.718631,enabled
1782984793.926,2026-07-02 09:33:13.928,os_data_fsyncs,56926588,56926588,24014.730038,enabled
1782984793.926,2026-07-02 09:33:13.928,os_data_reads,78924395,78924395,33294.601141,enabled
1782984793.926,2026-07-02 09:33:13.928,os_data_writes,230899367,230899367,97405.907550,enabled
1782984793.926,2026-07-02 09:33:13.928,os_log_bytes_written,128966292992,128966292992,54404994.450773,enabled
1782984793.926,2026-07-02 09:33:13.928,os_log_fsyncs,49754948,49754948,20989.342291,enabled
1782984793.926,2026-07-02 09:33:13.928,os_log_pending_fsyncs,1,1,0.000422,enabled
1782984793.926,2026-07-02 09:33:13.928,os_log_pending_writes,0,0,0.000000,enabled
1782984793.926,2026-07-02 09:33:13.928,trx_rseg_history_len,888,888,0.000000,enabled
1782984794.998,2026-07-02 09:33:15.000,adaptive_hash_searches,0,0,0.000000,enabled
1782984794.998,2026-07-02 09:33:15.000,adaptive_hash_searches_btree,606755876,606755876,255847.212857,enabled
1782984794.998,2026-07-02 09:33:15.000,buffer_data_reads,1289119681024,1289119681024,543575648.303276,enabled
1782984794.998,2026-07-02 09:33:15.000,buffer_data_written,597096860160,597096860160,251774383.235552,enabled
1782984794.998,2026-07-02 09:33:15.000,buffer_pages0_read,7,7,0.002952,enabled
1782984794.998,2026-07-02 09:33:15.000,buffer_pages_created,1816280,1816280,765.860301,enabled
1782984794.998,2026-07-02 09:33:15.000,buffer_pages_read,78903711,78903711,33270.872030,enabled
1782984794.998,2026-07-02 09:33:15.000,buffer_pages_written,26377575,26377575,11122.479718,enabled
1782984794.998,2026-07-02 09:33:15.000,buffer_pool_bytes_data,12846907392,12846907392,0.000000,enabled
1782984794.998,2026-07-02 09:33:15.000,buffer_pool_bytes_dirty,4644028416,4644028416,0.000000,enabled
1782984794.998,2026-07-02 09:33:15.000,buffer_pool_pages_data,784113,784113,0.000000,enabled
1782984794.998,2026-07-02 09:33:15.000,buffer_pool_pages_dirty,283449,283449,0.000000,enabled
1782984794.998,2026-07-02 09:33:15.000,buffer_pool_pages_flushed,26320505,26320505,0.000000,enabled
1782984794.998,2026-07-02 09:33:15.000,buffer_pool_pages_free,2225,2225,0.000000,enabled
1782984794.998,2026-07-02 09:33:15.000,buffer_pool_pages_lru_flushed,0,0,0.000000,enabled
1782984794.998,2026-07-02 09:33:15.000,buffer_pool_pages_misc,96,96,0.000000,enabled
1782984794.998,2026-07-02 09:33:15.000,buffer_pool_pages_total,786432,786432,0.000000,enabled
1782984794.998,2026-07-02 09:33:15.000,buffer_pool_reads,78003355,78003355,32891.225216,enabled
1782984794.998,2026-07-02 09:33:15.000,buffer_pool_read_ahead,803715,803715,338.897870,enabled
1782984794.998,2026-07-02 09:33:15.000,buffer_pool_read_ahead_evicted,25,25,0.010542,enabled
1782984794.998,2026-07-02 09:33:15.000,buffer_pool_read_requests,2923695007,2923695007,1232817.620535,enabled
1782984794.998,2026-07-02 09:33:15.000,buffer_pool_size,12884901888,12884901888,0.000000,enabled
1782984794.998,2026-07-02 09:33:15.000,buffer_pool_wait_free,18945,18945,7.988429,enabled
1782984794.998,2026-07-02 09:33:15.000,buffer_pool_write_requests,611385385,611385385,257799.350869,enabled
1782984794.998,2026-07-02 09:33:15.000,dml_deletes,13395579,13395579,5648.435544,enabled
1782984794.998,2026-07-02 09:33:15.000,dml_inserts,113280986,113280986,47766.531661,enabled
1782984794.998,2026-07-02 09:33:15.000,dml_system_deletes,468,468,0.197339,enabled
1782984794.998,2026-07-02 09:33:15.000,dml_system_inserts,1202,1202,0.506840,enabled
1782984794.998,2026-07-02 09:33:15.000,dml_system_reads,7661,7661,3.230369,enabled
1782984794.998,2026-07-02 09:33:15.000,dml_system_updates,620,620,0.261432,enabled
1782984794.998,2026-07-02 09:33:15.000,dml_updates,26791279,26791279,11296.922100,enabled
1782984794.998,2026-07-02 09:33:15.000,file_num_open_files,35,35,0.000000,enabled
1782984794.998,2026-07-02 09:33:15.000,ibuf_merges,0,0,0.000000,enabled
1782984794.998,2026-07-02 09:33:15.000,ibuf_merges_delete,0,0,0.000000,enabled
1782984794.998,2026-07-02 09:33:15.000,ibuf_merges_delete_mark,0,0,0.000000,enabled
1782984794.998,2026-07-02 09:33:15.000,ibuf_merges_discard_delete,0,0,0.000000,enabled
1782984794.998,2026-07-02 09:33:15.000,ibuf_merges_discard_delete_mark,0,0,0.000000,enabled
1782984794.998,2026-07-02 09:33:15.000,ibuf_merges_discard_insert,0,0,0.000000,enabled
1782984794.998,2026-07-02 09:33:15.000,ibuf_merges_insert,0,0,0.000000,enabled
1782984794.998,2026-07-02 09:33:15.000,ibuf_size,1,1,0.000422,enabled
1782984794.998,2026-07-02 09:33:15.000,innodb_activity_count,18298861,18298861,7715.973939,enabled
1782984794.998,2026-07-02 09:33:15.000,innodb_dblwr_pages_written,26318215,26318215,11097.448075,enabled
1782984794.998,2026-07-02 09:33:15.000,innodb_dblwr_writes,540952,540952,228.100072,enabled
1782984794.998,2026-07-02 09:33:15.000,innodb_page_size,16384,16384,0.000000,enabled
1782984794.998,2026-07-02 09:33:15.000,innodb_rwlock_sx_os_waits,0,0,0.000000,enabled
1782984794.998,2026-07-02 09:33:15.000,innodb_rwlock_sx_spin_rounds,0,0,0.000000,enabled
1782984794.998,2026-07-02 09:33:15.000,innodb_rwlock_sx_spin_waits,0,0,0.000000,enabled
1782984794.998,2026-07-02 09:33:15.000,innodb_rwlock_s_os_waits,0,0,0.000000,enabled
1782984794.998,2026-07-02 09:33:15.000,innodb_rwlock_s_spin_rounds,0,0,0.000000,enabled
1782984794.998,2026-07-02 09:33:15.000,innodb_rwlock_s_spin_waits,0,0,0.000000,enabled
1782984794.998,2026-07-02 09:33:15.000,innodb_rwlock_x_os_waits,0,0,0.000000,enabled
1782984794.998,2026-07-02 09:33:15.000,innodb_rwlock_x_spin_rounds,0,0,0.000000,enabled
1782984794.998,2026-07-02 09:33:15.000,innodb_rwlock_x_spin_waits,0,0,0.000000,enabled
1782984794.998,2026-07-02 09:33:15.000,lock_deadlocks,0,0,0.000000,enabled
1782984794.998,2026-07-02 09:33:15.000,lock_deadlock_false_positives,0,0,0.000000,enabled
1782984794.998,2026-07-02 09:33:15.000,lock_deadlock_rounds,2608,2608,1.099700,enabled
1782984794.998,2026-07-02 09:33:15.000,lock_rec_grant_attempts,425,425,0.179207,enabled
1782984794.998,2026-07-02 09:33:15.000,lock_rec_release_attempts,40715362,40715362,17168.212268,enabled
1782984794.998,2026-07-02 09:33:15.000,lock_row_lock_current_waits,0,0,0.000000,enabled
1782984794.998,2026-07-02 09:33:15.000,lock_row_lock_time,323,323,0.136198,enabled
1782984794.998,2026-07-02 09:33:15.000,lock_row_lock_time_avg,0,0,0.000000,enabled
1782984794.998,2026-07-02 09:33:15.000,lock_row_lock_time_max,29,29,0.000000,enabled
1782984794.998,2026-07-02 09:33:15.000,lock_row_lock_waits,425,425,0.179207,enabled
1782984794.998,2026-07-02 09:33:15.000,lock_schedule_refreshes,2608,2608,1.099700,enabled
1782984794.998,2026-07-02 09:33:15.000,lock_threads_waiting,0,0,0.000000,enabled
1782984794.998,2026-07-02 09:33:15.000,lock_timeouts,0,0,0.000000,enabled
1782984794.998,2026-07-02 09:33:15.000,log_waits,0,0,0.000000,enabled
1782984794.998,2026-07-02 09:33:15.000,log_writes,203816075,203816075,85941.938965,enabled
1782984794.998,2026-07-02 09:33:15.000,log_write_requests,412422825,412422825,173903.934104,enabled
1782984794.998,2026-07-02 09:33:15.000,os_data_fsyncs,56959628,56959628,24017.835801,enabled
1782984794.998,2026-07-02 09:33:15.000,os_data_reads,78981019,78981019,33303.468008,enabled
1782984794.998,2026-07-02 09:33:15.000,os_data_writes,230995188,230995188,97402.400539,enabled
1782984794.998,2026-07-02 09:33:15.000,os_log_bytes_written,129007800320,129007800320,54397970.435826,enabled
1782984794.998,2026-07-02 09:33:15.000,os_log_fsyncs,49782823,49782823,20991.634034,enabled
1782984794.998,2026-07-02 09:33:15.000,os_log_pending_fsyncs,1,1,0.000422,enabled
1782984794.998,2026-07-02 09:33:15.000,os_log_pending_writes,0,0,0.000000,enabled
1782984794.998,2026-07-02 09:33:15.000,trx_rseg_history_len,879,879,0.000000,enabled
1782984796.067,2026-07-02 09:33:16.068,adaptive_hash_searches,0,0,0.000000,enabled
1782984796.067,2026-07-02 09:33:16.068,adaptive_hash_searches_btree,606924513,606924513,255802.831338,enabled
1782984796.067,2026-07-02 09:33:16.068,buffer_data_reads,1290053995008,1290053995008,543724124.773410,enabled
1782984796.067,2026-07-02 09:33:16.068,buffer_data_written,597408558592,597408558592,251792131.658969,enabled
1782984796.067,2026-07-02 09:33:16.068,buffer_pages0_read,7,7,0.002950,enabled
1782984796.067,2026-07-02 09:33:16.068,buffer_pages_created,1816306,1816306,765.525631,enabled
1782984796.067,2026-07-02 09:33:16.068,buffer_pages_read,78960919,78960919,33279.968752,enabled
1782984796.067,2026-07-02 09:33:16.068,buffer_pages_written,26393703,26393703,11124.257735,enabled
1782984796.067,2026-07-02 09:33:16.068,buffer_pool_bytes_data,12846694400,12846694400,0.000000,enabled
1782984796.067,2026-07-02 09:33:16.068,buffer_pool_bytes_dirty,4648435712,4648435712,0.000000,enabled
1782984796.067,2026-07-02 09:33:16.068,buffer_pool_pages_data,784100,784100,0.000000,enabled
1782984796.067,2026-07-02 09:33:16.068,buffer_pool_pages_dirty,283718,283718,0.000000,enabled
1782984796.067,2026-07-02 09:33:16.068,buffer_pool_pages_flushed,26336633,26336633,0.000000,enabled
1782984796.067,2026-07-02 09:33:16.068,buffer_pool_pages_free,2234,2234,0.000000,enabled
1782984796.067,2026-07-02 09:33:16.068,buffer_pool_pages_lru_flushed,0,0,0.000000,enabled
1782984796.067,2026-07-02 09:33:16.068,buffer_pool_pages_misc,96,96,0.000000,enabled
1782984796.067,2026-07-02 09:33:16.068,buffer_pool_pages_total,786432,786432,0.000000,enabled
1782984796.067,2026-07-02 09:33:16.068,buffer_pool_reads,78060508,78060508,32900.470108,enabled
1782984796.067,2026-07-02 09:33:16.068,buffer_pool_read_ahead,803715,803715,338.744927,enabled
1782984796.067,2026-07-02 09:33:16.068,buffer_pool_read_ahead_evicted,25,25,0.010537,enabled
1782984796.067,2026-07-02 09:33:16.068,buffer_pool_read_requests,2924530380,2924530380,1232613.344920,enabled
1782984796.067,2026-07-02 09:33:16.068,buffer_pool_size,12884901888,12884901888,0.000000,enabled
1782984796.067,2026-07-02 09:33:16.068,buffer_pool_wait_free,18945,18945,7.984824,enabled
1782984796.067,2026-07-02 09:33:16.068,buffer_pool_write_requests,611498568,611498568,257730.711188,enabled
1782984796.067,2026-07-02 09:33:16.068,dml_deletes,13400456,13400456,5647.942075,enabled
1782984796.067,2026-07-02 09:33:16.068,dml_inserts,113285863,113285863,47747.031348,enabled
1782984796.067,2026-07-02 09:33:16.068,dml_system_deletes,468,468,0.197250,enabled
1782984796.067,2026-07-02 09:33:16.068,dml_system_inserts,1202,1202,0.506612,enabled
1782984796.067,2026-07-02 09:33:16.068,dml_system_reads,7661,7661,3.228911,enabled
1782984796.067,2026-07-02 09:33:16.068,dml_system_updates,620,620,0.261314,enabled
1782984796.067,2026-07-02 09:33:16.068,dml_updates,26801035,26801035,11295.935980,enabled
1782984796.067,2026-07-02 09:33:16.068,file_num_open_files,35,35,0.000000,enabled
1782984796.067,2026-07-02 09:33:16.068,ibuf_merges,0,0,0.000000,enabled
1782984796.067,2026-07-02 09:33:16.068,ibuf_merges_delete,0,0,0.000000,enabled
1782984796.067,2026-07-02 09:33:16.068,ibuf_merges_delete_mark,0,0,0.000000,enabled
1782984796.067,2026-07-02 09:33:16.068,ibuf_merges_discard_delete,0,0,0.000000,enabled
1782984796.067,2026-07-02 09:33:16.068,ibuf_merges_discard_delete_mark,0,0,0.000000,enabled
1782984796.067,2026-07-02 09:33:16.068,ibuf_merges_discard_insert,0,0,0.000000,enabled
1782984796.067,2026-07-02 09:33:16.068,ibuf_merges_insert,0,0,0.000000,enabled
1782984796.067,2026-07-02 09:33:16.068,ibuf_size,1,1,0.000421,enabled
1782984796.067,2026-07-02 09:33:16.068,innodb_activity_count,18304464,18304464,7714.853439,enabled
1782984796.067,2026-07-02 09:33:16.068,innodb_dblwr_pages_written,26334343,26334343,11099.237617,enabled
1782984796.067,2026-07-02 09:33:16.068,innodb_dblwr_writes,541322,541322,228.153082,enabled
1782984796.067,2026-07-02 09:33:16.068,innodb_page_size,16384,16384,0.000000,enabled
1782984796.067,2026-07-02 09:33:16.068,innodb_rwlock_sx_os_waits,0,0,0.000000,enabled
1782984796.067,2026-07-02 09:33:16.068,innodb_rwlock_sx_spin_rounds,0,0,0.000000,enabled
1782984796.067,2026-07-02 09:33:16.068,innodb_rwlock_sx_spin_waits,0,0,0.000000,enabled
1782984796.067,2026-07-02 09:33:16.068,innodb_rwlock_s_os_waits,0,0,0.000000,enabled
1782984796.067,2026-07-02 09:33:16.068,innodb_rwlock_s_spin_rounds,0,0,0.000000,enabled
1782984796.067,2026-07-02 09:33:16.068,innodb_rwlock_s_spin_waits,0,0,0.000000,enabled
1782984796.067,2026-07-02 09:33:16.068,innodb_rwlock_x_os_waits,0,0,0.000000,enabled
1782984796.067,2026-07-02 09:33:16.068,innodb_rwlock_x_spin_rounds,0,0,0.000000,enabled
1782984796.067,2026-07-02 09:33:16.068,innodb_rwlock_x_spin_waits,0,0,0.000000,enabled
1782984796.067,2026-07-02 09:33:16.068,lock_deadlocks,0,0,0.000000,enabled
1782984796.067,2026-07-02 09:33:16.068,lock_deadlock_false_positives,0,0,0.000000,enabled
1782984796.067,2026-07-02 09:33:16.068,lock_deadlock_rounds,2609,2609,1.099626,enabled
1782984796.067,2026-07-02 09:33:16.068,lock_rec_grant_attempts,425,425,0.179126,enabled
1782984796.067,2026-07-02 09:33:16.068,lock_rec_release_attempts,40730185,40730185,17166.711876,enabled
1782984796.067,2026-07-02 09:33:16.068,lock_row_lock_current_waits,0,0,0.000000,enabled
1782984796.067,2026-07-02 09:33:16.068,lock_row_lock_time,323,323,0.136136,enabled
1782984796.067,2026-07-02 09:33:16.068,lock_row_lock_time_avg,0,0,0.000000,enabled
1782984796.067,2026-07-02 09:33:16.068,lock_row_lock_time_max,29,29,0.000000,enabled
1782984796.067,2026-07-02 09:33:16.068,lock_row_lock_waits,425,425,0.179126,enabled
1782984796.067,2026-07-02 09:33:16.068,lock_schedule_refreshes,2609,2609,1.099626,enabled
1782984796.067,2026-07-02 09:33:16.068,lock_threads_waiting,0,0,0.000000,enabled
1782984796.067,2026-07-02 09:33:16.068,lock_timeouts,0,0,0.000000,enabled
1782984796.067,2026-07-02 09:33:16.068,log_waits,0,0,0.000000,enabled
1782984796.067,2026-07-02 09:33:16.068,log_writes,203895030,203895030,85936.432542,enabled
1782984796.067,2026-07-02 09:33:16.068,log_write_requests,412505776,412505776,173860.416374,enabled
1782984796.067,2026-07-02 09:33:16.068,os_data_fsyncs,56993551,56993551,24021.294549,enabled
1782984796.067,2026-07-02 09:33:16.068,os_data_reads,79038057,79038057,33312.478634,enabled
1782984796.067,2026-07-02 09:33:16.068,os_data_writes,231090547,231090547,97398.635505,enabled
1782984796.067,2026-07-02 09:33:16.068,os_log_bytes_written,129049088000,129049088000,54390823.091500,enabled
1782984796.067,2026-07-02 09:33:16.068,os_log_fsyncs,49811705,49811705,20994.333823,enabled
1782984796.067,2026-07-02 09:33:16.068,os_log_pending_fsyncs,1,1,0.000421,enabled
1782984796.067,2026-07-02 09:33:16.068,os_log_pending_writes,0,0,0.000000,enabled
1782984796.067,2026-07-02 09:33:16.068,trx_rseg_history_len,911,911,0.000000,enabled
1782984797.137,2026-07-02 09:33:17.138,adaptive_hash_searches,0,0,0.000000,enabled
1782984797.137,2026-07-02 09:33:17.138,adaptive_hash_searches_btree,607091659,607091659,255758.112115,enabled
1782984797.137,2026-07-02 09:33:17.138,buffer_data_reads,1290985867776,1290985867776,543871985.515069,enabled
1782984797.137,2026-07-02 09:33:17.138,buffer_data_written,597717102592,597717102592,251808788.332333,enabled
1782984797.137,2026-07-02 09:33:17.138,buffer_pages0_read,7,7,0.002949,enabled
1782984797.137,2026-07-02 09:33:17.138,buffer_pages_created,1816336,1816336,765.193717,enabled
1782984797.137,2026-07-02 09:33:17.138,buffer_pages_read,79017974,79017974,33289.026280,enabled
1782984797.137,2026-07-02 09:33:17.138,buffer_pages_written,26409631,26409631,11125.961081,enabled
1782984797.137,2026-07-02 09:33:17.138,buffer_pool_bytes_data,12858408960,12858408960,0.000000,enabled
1782984797.137,2026-07-02 09:33:17.138,buffer_pool_bytes_dirty,4654678016,4654678016,0.000000,enabled
1782984797.137,2026-07-02 09:33:17.138,buffer_pool_pages_data,784814,784814,0.000000,enabled
1782984797.137,2026-07-02 09:33:17.138,buffer_pool_pages_dirty,284099,284099,0.000000,enabled
1782984797.137,2026-07-02 09:33:17.138,buffer_pool_pages_flushed,26352561,26352561,0.000000,enabled
1782984797.137,2026-07-02 09:33:17.138,buffer_pool_pages_free,1521,1521,0.000000,enabled
1782984797.137,2026-07-02 09:33:17.138,buffer_pool_pages_lru_flushed,0,0,0.000000,enabled
1782984797.137,2026-07-02 09:33:17.138,buffer_pool_pages_misc,97,97,0.000000,enabled
1782984797.137,2026-07-02 09:33:17.138,buffer_pool_pages_total,786432,786432,0.000000,enabled
1782984797.137,2026-07-02 09:33:17.138,buffer_pool_reads,78117504,78117504,32909.673542,enabled
1782984797.137,2026-07-02 09:33:17.138,buffer_pool_read_ahead,803715,803715,338.592462,enabled
1782984797.137,2026-07-02 09:33:17.138,buffer_pool_read_ahead_evicted,25,25,0.010532,enabled
1782984797.137,2026-07-02 09:33:17.138,buffer_pool_read_requests,2925358944,2925358944,1232407.622327,enabled
1782984797.137,2026-07-02 09:33:17.138,buffer_pool_size,12884901888,12884901888,0.000000,enabled
1782984797.137,2026-07-02 09:33:17.138,buffer_pool_wait_free,18945,18945,7.981230,enabled
1782984797.137,2026-07-02 09:33:17.138,buffer_pool_write_requests,611610923,611610923,257662.043248,enabled
1782984797.137,2026-07-02 09:33:17.138,dml_deletes,13405294,13405294,5647.438149,enabled
1782984797.137,2026-07-02 09:33:17.138,dml_inserts,113290702,113290702,47727.579335,enabled
1782984797.137,2026-07-02 09:33:17.138,dml_system_deletes,468,468,0.197161,enabled
1782984797.137,2026-07-02 09:33:17.138,dml_system_inserts,1202,1202,0.506384,enabled
1782984797.137,2026-07-02 09:33:17.138,dml_system_reads,7661,7661,3.227458,enabled
1782984797.137,2026-07-02 09:33:17.138,dml_system_updates,620,620,0.261196,enabled
1782984797.137,2026-07-02 09:33:17.138,dml_updates,26810709,26810709,11294.927262,enabled
1782984797.137,2026-07-02 09:33:17.138,file_num_open_files,35,35,0.000000,enabled
1782984797.137,2026-07-02 09:33:17.138,ibuf_merges,0,0,0.000000,enabled
1782984797.137,2026-07-02 09:33:17.138,ibuf_merges_delete,0,0,0.000000,enabled
1782984797.137,2026-07-02 09:33:17.138,ibuf_merges_delete_mark,0,0,0.000000,enabled
1782984797.137,2026-07-02 09:33:17.138,ibuf_merges_discard_delete,0,0,0.000000,enabled
1782984797.137,2026-07-02 09:33:17.138,ibuf_merges_discard_delete_mark,0,0,0.000000,enabled
1782984797.137,2026-07-02 09:33:17.138,ibuf_merges_discard_insert,0,0,0.000000,enabled
1782984797.137,2026-07-02 09:33:17.138,ibuf_merges_insert,0,0,0.000000,enabled
1782984797.137,2026-07-02 09:33:17.138,ibuf_size,1,1,0.000421,enabled
1782984797.137,2026-07-02 09:33:17.138,innodb_activity_count,18310023,18310023,7713.722947,enabled
1782984797.137,2026-07-02 09:33:17.138,innodb_dblwr_pages_written,26350271,26350271,11100.952130,enabled
1782984797.137,2026-07-02 09:33:17.138,innodb_dblwr_writes,541651,541651,228.188994,enabled
1782984797.137,2026-07-02 09:33:17.138,innodb_page_size,16384,16384,0.000000,enabled
1782984797.137,2026-07-02 09:33:17.138,innodb_rwlock_sx_os_waits,0,0,0.000000,enabled
1782984797.137,2026-07-02 09:33:17.138,innodb_rwlock_sx_spin_rounds,0,0,0.000000,enabled
1782984797.137,2026-07-02 09:33:17.138,innodb_rwlock_sx_spin_waits,0,0,0.000000,enabled
1782984797.137,2026-07-02 09:33:17.138,innodb_rwlock_s_os_waits,0,0,0.000000,enabled
1782984797.137,2026-07-02 09:33:17.138,innodb_rwlock_s_spin_rounds,0,0,0.000000,enabled
1782984797.137,2026-07-02 09:33:17.138,innodb_rwlock_s_spin_waits,0,0,0.000000,enabled
1782984797.137,2026-07-02 09:33:17.138,innodb_rwlock_x_os_waits,0,0,0.000000,enabled
1782984797.137,2026-07-02 09:33:17.138,innodb_rwlock_x_spin_rounds,0,0,0.000000,enabled
1782984797.137,2026-07-02 09:33:17.138,innodb_rwlock_x_spin_waits,0,0,0.000000,enabled
1782984797.137,2026-07-02 09:33:17.138,lock_deadlocks,0,0,0.000000,enabled
1782984797.137,2026-07-02 09:33:17.138,lock_deadlock_false_positives,0,0,0.000000,enabled
1782984797.137,2026-07-02 09:33:17.138,lock_deadlock_rounds,2610,2610,1.099552,enabled
1782984797.137,2026-07-02 09:33:17.138,lock_rec_grant_attempts,425,425,0.179046,enabled
1782984797.137,2026-07-02 09:33:17.138,lock_rec_release_attempts,40744902,40744902,17165.185379,enabled
1782984797.137,2026-07-02 09:33:17.138,lock_row_lock_current_waits,0,0,0.000000,enabled
1782984797.137,2026-07-02 09:33:17.138,lock_row_lock_time,323,323,0.136075,enabled
1782984797.137,2026-07-02 09:33:17.138,lock_row_lock_time_avg,0,0,0.000000,enabled
1782984797.137,2026-07-02 09:33:17.138,lock_row_lock_time_max,29,29,0.000000,enabled
1782984797.137,2026-07-02 09:33:17.138,lock_row_lock_waits,425,425,0.179046,enabled
1782984797.137,2026-07-02 09:33:17.138,lock_schedule_refreshes,2610,2610,1.099552,enabled
1782984797.137,2026-07-02 09:33:17.138,lock_threads_waiting,0,0,0.000000,enabled
1782984797.137,2026-07-02 09:33:17.138,lock_timeouts,0,0,0.000000,enabled
1782984797.137,2026-07-02 09:33:17.138,log_waits,0,0,0.000000,enabled
1782984797.137,2026-07-02 09:33:17.138,log_writes,203973905,203973905,85930.981935,enabled
1782984797.137,2026-07-02 09:33:17.138,log_write_requests,412588042,412588042,173816.820370,enabled
1782984797.137,2026-07-02 09:33:17.138,os_data_fsyncs,57027086,57027086,24024.610585,enabled
1782984797.137,2026-07-02 09:33:17.138,os_data_reads,79094928,79094928,33321.443910,enabled
1782984797.137,2026-07-02 09:33:17.138,os_data_writes,231185561,231185561,97394.825334,enabled
1782984797.137,2026-07-02 09:33:17.138,os_log_bytes_written,129090321920,129090321920,54383713.535378,enabled
1782984797.137,2026-07-02 09:33:17.138,os_log_fsyncs,49840581,49840581,20997.049483,enabled
1782984797.137,2026-07-02 09:33:17.138,os_log_pending_fsyncs,1,1,0.000421,enabled
1782984797.137,2026-07-02 09:33:17.138,os_log_pending_writes,1,1,0.000421,enabled
1782984797.137,2026-07-02 09:33:17.138,trx_rseg_history_len,908,908,0.000000,enabled
1782984798.206,2026-07-02 09:33:18.208,adaptive_hash_searches,0,0,0.000000,enabled
1782984798.206,2026-07-02 09:33:18.208,adaptive_hash_searches_btree,607260292,607260292,255713.985545,enabled
1782984798.206,2026-07-02 09:33:18.208,buffer_data_reads,1291918100992,1291918100992,544019701.936735,enabled
1782984798.206,2026-07-02 09:33:18.208,buffer_data_written,598024926208,598024926208,251825051.149369,enabled
1782984798.206,2026-07-02 09:33:18.208,buffer_pages0_read,7,7,0.002948,enabled
1782984798.206,2026-07-02 09:33:18.208,buffer_pages_created,1816372,1816372,764.864399,enabled
1782984798.206,2026-07-02 09:33:18.208,buffer_pages_read,79075020,79075020,33298.061891,enabled
1782984798.206,2026-07-02 09:33:18.208,buffer_pages_written,26425520,26425520,11127.643133,enabled
1782984798.206,2026-07-02 09:33:18.208,buffer_pool_bytes_data,12859654144,12859654144,0.000000,enabled
1782984798.206,2026-07-02 09:33:18.208,buffer_pool_bytes_dirty,4661592064,4661592064,0.000000,enabled
1782984798.206,2026-07-02 09:33:18.208,buffer_pool_pages_data,784891,784891,0.000000,enabled
1782984798.206,2026-07-02 09:33:18.208,buffer_pool_pages_dirty,284521,284521,0.000000,enabled
1782984798.206,2026-07-02 09:33:18.208,buffer_pool_pages_flushed,26368450,26368450,0.000000,enabled
1782984798.206,2026-07-02 09:33:18.208,buffer_pool_pages_free,1447,1447,0.000000,enabled
1782984798.206,2026-07-02 09:33:18.208,buffer_pool_pages_lru_flushed,0,0,0.000000,enabled
1782984798.206,2026-07-02 09:33:18.208,buffer_pool_pages_misc,96,96,0.000000,enabled
1782984798.206,2026-07-02 09:33:18.208,buffer_pool_pages_total,786432,786432,0.000000,enabled
1782984798.206,2026-07-02 09:33:18.208,buffer_pool_reads,78174497,78174497,32918.857607,enabled
1782984798.206,2026-07-02 09:33:18.208,buffer_pool_read_ahead,803715,803715,338.440034,enabled
1782984798.206,2026-07-02 09:33:18.208,buffer_pool_read_ahead_evicted,25,25,0.010527,enabled
1782984798.206,2026-07-02 09:33:18.208,buffer_pool_read_requests,2926193795,2926193795,1232204.364883,enabled
1782984798.206,2026-07-02 09:33:18.208,buffer_pool_size,12884901888,12884901888,0.000000,enabled
1782984798.206,2026-07-02 09:33:18.208,buffer_pool_wait_free,18945,18945,7.977637,enabled
1782984798.206,2026-07-02 09:33:18.208,buffer_pool_write_requests,611724214,611724214,257593.754497,enabled
1782984798.206,2026-07-02 09:33:18.208,dml_deletes,13410170,13410170,5646.949023,enabled
1782984798.206,2026-07-02 09:33:18.208,dml_inserts,113295577,113295577,47708.146004,enabled
1782984798.206,2026-07-02 09:33:18.208,dml_system_deletes,468,468,0.197072,enabled
1782984798.206,2026-07-02 09:33:18.208,dml_system_inserts,1202,1202,0.506156,enabled
1782984798.206,2026-07-02 09:33:18.208,dml_system_reads,7661,7661,3.226005,enabled
1782984798.206,2026-07-02 09:33:18.208,dml_system_updates,620,620,0.261079,enabled
1782984798.206,2026-07-02 09:33:18.208,dml_updates,26820459,26820459,11293.948147,enabled
1782984798.206,2026-07-02 09:33:18.208,file_num_open_files,35,35,0.000000,enabled
1782984798.206,2026-07-02 09:33:18.208,ibuf_merges,0,0,0.000000,enabled
1782984798.206,2026-07-02 09:33:18.208,ibuf_merges_delete,0,0,0.000000,enabled
1782984798.206,2026-07-02 09:33:18.208,ibuf_merges_delete_mark,0,0,0.000000,enabled
1782984798.206,2026-07-02 09:33:18.208,ibuf_merges_discard_delete,0,0,0.000000,enabled
1782984798.206,2026-07-02 09:33:18.208,ibuf_merges_discard_delete_mark,0,0,0.000000,enabled
1782984798.206,2026-07-02 09:33:18.208,ibuf_merges_discard_insert,0,0,0.000000,enabled
1782984798.206,2026-07-02 09:33:18.208,ibuf_merges_insert,0,0,0.000000,enabled
1782984798.206,2026-07-02 09:33:18.208,ibuf_size,1,1,0.000421,enabled
1782984798.206,2026-07-02 09:33:18.208,innodb_activity_count,18315627,18315627,7712.610169,enabled
1782984798.206,2026-07-02 09:33:18.208,innodb_dblwr_pages_written,26366161,26366161,11102.645853,enabled
1782984798.206,2026-07-02 09:33:18.208,innodb_dblwr_writes,542006,542006,228.235755,enabled
1782984798.206,2026-07-02 09:33:18.208,innodb_page_size,16384,16384,0.000000,enabled
1782984798.206,2026-07-02 09:33:18.208,innodb_rwlock_sx_os_waits,0,0,0.000000,enabled
1782984798.206,2026-07-02 09:33:18.208,innodb_rwlock_sx_spin_rounds,0,0,0.000000,enabled
1782984798.206,2026-07-02 09:33:18.208,innodb_rwlock_sx_spin_waits,0,0,0.000000,enabled
1782984798.206,2026-07-02 09:33:18.208,innodb_rwlock_s_os_waits,0,0,0.000000,enabled
1782984798.206,2026-07-02 09:33:18.208,innodb_rwlock_s_spin_rounds,0,0,0.000000,enabled
1782984798.206,2026-07-02 09:33:18.208,innodb_rwlock_s_spin_waits,0,0,0.000000,enabled
1782984798.206,2026-07-02 09:33:18.208,innodb_rwlock_x_os_waits,0,0,0.000000,enabled
1782984798.206,2026-07-02 09:33:18.208,innodb_rwlock_x_spin_rounds,0,0,0.000000,enabled
1782984798.206,2026-07-02 09:33:18.208,innodb_rwlock_x_spin_waits,0,0,0.000000,enabled
1782984798.206,2026-07-02 09:33:18.208,lock_deadlocks,0,0,0.000000,enabled
1782984798.206,2026-07-02 09:33:18.208,lock_deadlock_false_positives,0,0,0.000000,enabled
1782984798.206,2026-07-02 09:33:18.208,lock_deadlock_rounds,2612,2612,1.099899,enabled
1782984798.206,2026-07-02 09:33:18.208,lock_rec_grant_attempts,425,425,0.178965,enabled
1782984798.206,2026-07-02 09:33:18.208,lock_rec_release_attempts,40759737,40759737,17163.704840,enabled
1782984798.206,2026-07-02 09:33:18.208,lock_row_lock_current_waits,0,0,0.000000,enabled
1782984798.206,2026-07-02 09:33:18.208,lock_row_lock_time,323,323,0.136014,enabled
1782984798.206,2026-07-02 09:33:18.208,lock_row_lock_time_avg,0,0,0.000000,enabled
1782984798.206,2026-07-02 09:33:18.208,lock_row_lock_time_max,29,29,0.000000,enabled
1782984798.206,2026-07-02 09:33:18.208,lock_row_lock_waits,425,425,0.178965,enabled
1782984798.206,2026-07-02 09:33:18.208,lock_schedule_refreshes,2612,2612,1.099899,enabled
1782984798.206,2026-07-02 09:33:18.208,lock_threads_waiting,0,0,0.000000,enabled
1782984798.206,2026-07-02 09:33:18.208,lock_timeouts,0,0,0.000000,enabled
1782984798.206,2026-07-02 09:33:18.208,log_waits,0,0,0.000000,enabled
1782984798.206,2026-07-02 09:33:18.208,log_writes,204052784,204052784,85925.512998,enabled
1782984798.206,2026-07-02 09:33:18.208,log_write_requests,412670837,412670837,173773.435949,enabled
1782984798.206,2026-07-02 09:33:18.208,os_data_fsyncs,57060760,57060760,24027.975066,enabled
1782984798.206,2026-07-02 09:33:18.208,os_data_reads,79151825,79151825,33330.402191,enabled
1782984798.206,2026-07-02 09:33:18.208,os_data_writes,231280597,231280597,97390.999046,enabled
1782984798.206,2026-07-02 09:33:18.208,os_log_bytes_written,129131524608,129131524608,54376581.180054,enabled
1782984798.206,2026-07-02 09:33:18.208,os_log_fsyncs,49869433,49869433,20999.746409,enabled
1782984798.206,2026-07-02 09:33:18.208,os_log_pending_fsyncs,1,1,0.000421,enabled
1782984798.206,2026-07-02 09:33:18.208,os_log_pending_writes,0,0,0.000000,enabled
1782984798.206,2026-07-02 09:33:18.208,trx_rseg_history_len,998,998,0.000000,enabled
1782984799.276,2026-07-02 09:33:19.277,adaptive_hash_searches,0,0,0.000000,enabled
1782984799.276,2026-07-02 09:33:19.277,adaptive_hash_searches_btree,607430609,607430609,255670.265628,enabled
1782984799.276,2026-07-02 09:33:19.277,buffer_data_reads,1292864489984,1292864489984,544172522.663121,enabled
1782984799.276,2026-07-02 09:33:19.277,buffer_data_written,598339944448,598339944448,251843993.903058,enabled
1782984799.276,2026-07-02 09:33:19.277,buffer_pages0_read,7,7,0.002946,enabled
1782984799.276,2026-07-02 09:33:19.277,buffer_pages_created,1816413,1816413,764.536469,enabled
1782984799.276,2026-07-02 09:33:19.277,buffer_pages_read,79132936,79132936,33307.411430,enabled
1782984799.276,2026-07-02 09:33:19.277,buffer_pages_written,26441801,26441801,11129.473923,enabled
1782984799.276,2026-07-02 09:33:19.277,buffer_pool_bytes_data,12857950208,12857950208,0.000000,enabled
1782984799.276,2026-07-02 09:33:19.277,buffer_pool_bytes_dirty,4664885248,4664885248,0.000000,enabled
1782984799.276,2026-07-02 09:33:19.277,buffer_pool_pages_data,784787,784787,0.000000,enabled
1782984799.276,2026-07-02 09:33:19.277,buffer_pool_pages_dirty,284722,284722,0.000000,enabled
1782984799.276,2026-07-02 09:33:19.277,buffer_pool_pages_flushed,26384668,26384668,0.000000,enabled
1782984799.276,2026-07-02 09:33:19.277,buffer_pool_pages_free,1548,1548,0.000000,enabled
1782984799.276,2026-07-02 09:33:19.277,buffer_pool_pages_lru_flushed,0,0,0.000000,enabled
1782984799.276,2026-07-02 09:33:19.277,buffer_pool_pages_misc,96,96,0.000000,enabled
1782984799.276,2026-07-02 09:33:19.277,buffer_pool_pages_total,786432,786432,0.000000,enabled
1782984799.276,2026-07-02 09:33:19.277,buffer_pool_reads,78232357,78232357,32928.354726,enabled
1782984799.276,2026-07-02 09:33:19.277,buffer_pool_read_ahead,803715,803715,338.287294,enabled
1782984799.276,2026-07-02 09:33:19.277,buffer_pool_read_ahead_evicted,25,25,0.010523,enabled
1782984799.276,2026-07-02 09:33:19.277,buffer_pool_read_requests,2927037753,2927037753,1232003.491370,enabled
1782984799.276,2026-07-02 09:33:19.277,buffer_pool_size,12884901888,12884901888,0.000000,enabled
1782984799.276,2026-07-02 09:33:19.277,buffer_pool_wait_free,18945,18945,7.974037,enabled
1782984799.276,2026-07-02 09:33:19.277,buffer_pool_write_requests,611838826,611838826,257525.741922,enabled
1782984799.276,2026-07-02 09:33:19.277,dml_deletes,13415088,13415088,5646.470525,enabled
1782984799.276,2026-07-02 09:33:19.277,dml_inserts,113300496,113300496,47688.685432,enabled
1782984799.276,2026-07-02 09:33:19.277,dml_system_deletes,468,468,0.196983,enabled
1782984799.276,2026-07-02 09:33:19.277,dml_system_inserts,1202,1202,0.505927,enabled
1782984799.276,2026-07-02 09:33:19.277,dml_system_reads,7661,7661,3.224549,enabled
1782984799.276,2026-07-02 09:33:19.277,dml_system_updates,620,620,0.260961,enabled
1782984799.276,2026-07-02 09:33:19.277,dml_updates,26830299,26830299,11292.992811,enabled
1782984799.276,2026-07-02 09:33:19.277,file_num_open_files,35,35,0.000000,enabled
1782984799.276,2026-07-02 09:33:19.277,ibuf_merges,0,0,0.000000,enabled
1782984799.276,2026-07-02 09:33:19.277,ibuf_merges_delete,0,0,0.000000,enabled
1782984799.276,2026-07-02 09:33:19.277,ibuf_merges_delete_mark,0,0,0.000000,enabled
1782984799.276,2026-07-02 09:33:19.277,ibuf_merges_discard_delete,0,0,0.000000,enabled
1782984799.276,2026-07-02 09:33:19.277,ibuf_merges_discard_delete_mark,0,0,0.000000,enabled
1782984799.276,2026-07-02 09:33:19.277,ibuf_merges_discard_insert,0,0,0.000000,enabled
1782984799.276,2026-07-02 09:33:19.277,ibuf_merges_insert,0,0,0.000000,enabled
1782984799.276,2026-07-02 09:33:19.277,ibuf_size,1,1,0.000421,enabled
1782984799.276,2026-07-02 09:33:19.277,innodb_activity_count,18321271,18321271,7711.504994,enabled
1782984799.276,2026-07-02 09:33:19.277,innodb_dblwr_pages_written,26382442,26382442,11104.487897,enabled
1782984799.276,2026-07-02 09:33:19.277,innodb_dblwr_writes,542371,542371,228.286381,enabled
1782984799.276,2026-07-02 09:33:19.277,innodb_page_size,16384,16384,0.000000,enabled
1782984799.276,2026-07-02 09:33:19.277,innodb_rwlock_sx_os_waits,0,0,0.000000,enabled
1782984799.276,2026-07-02 09:33:19.277,innodb_rwlock_sx_spin_rounds,0,0,0.000000,enabled
1782984799.276,2026-07-02 09:33:19.277,innodb_rwlock_sx_spin_waits,0,0,0.000000,enabled
1782984799.276,2026-07-02 09:33:19.277,innodb_rwlock_s_os_waits,0,0,0.000000,enabled
1782984799.276,2026-07-02 09:33:19.277,innodb_rwlock_s_spin_rounds,0,0,0.000000,enabled
1782984799.276,2026-07-02 09:33:19.277,innodb_rwlock_s_spin_waits,0,0,0.000000,enabled
1782984799.276,2026-07-02 09:33:19.277,innodb_rwlock_x_os_waits,0,0,0.000000,enabled
1782984799.276,2026-07-02 09:33:19.277,innodb_rwlock_x_spin_rounds,0,0,0.000000,enabled
1782984799.276,2026-07-02 09:33:19.277,innodb_rwlock_x_spin_waits,0,0,0.000000,enabled
1782984799.276,2026-07-02 09:33:19.277,lock_deadlocks,0,0,0.000000,enabled
1782984799.276,2026-07-02 09:33:19.277,lock_deadlock_false_positives,0,0,0.000000,enabled
1782984799.276,2026-07-02 09:33:19.277,lock_deadlock_rounds,2613,2613,1.099824,enabled
1782984799.276,2026-07-02 09:33:19.277,lock_rec_grant_attempts,425,425,0.178884,enabled
1782984799.276,2026-07-02 09:33:19.277,lock_rec_release_attempts,40774698,40774698,17162.255935,enabled
1782984799.276,2026-07-02 09:33:19.277,lock_row_lock_current_waits,0,0,0.000000,enabled
1782984799.276,2026-07-02 09:33:19.277,lock_row_lock_time,323,323,0.135952,enabled
1782984799.276,2026-07-02 09:33:19.277,lock_row_lock_time_avg,0,0,0.000000,enabled
1782984799.276,2026-07-02 09:33:19.277,lock_row_lock_time_max,29,29,0.000000,enabled
1782984799.276,2026-07-02 09:33:19.277,lock_row_lock_waits,425,425,0.178884,enabled
1782984799.276,2026-07-02 09:33:19.277,lock_schedule_refreshes,2613,2613,1.099824,enabled
1782984799.276,2026-07-02 09:33:19.277,lock_threads_waiting,0,0,0.000000,enabled
1782984799.276,2026-07-02 09:33:19.277,lock_timeouts,0,0,0.000000,enabled
1782984799.276,2026-07-02 09:33:19.277,log_waits,0,0,0.000000,enabled
1782984799.276,2026-07-02 09:33:19.277,log_writes,204133395,204133395,85920.663186,enabled
1782984799.276,2026-07-02 09:33:19.277,log_write_requests,412754479,412754479,173730.214947,enabled
1782984799.276,2026-07-02 09:33:19.277,os_data_fsyncs,57094958,57094958,24031.525042,enabled
1782984799.276,2026-07-02 09:33:19.277,os_data_reads,79209567,79209567,33339.663654,enabled
1782984799.276,2026-07-02 09:33:19.277,os_data_writes,231377760,231377760,97387.941641,enabled
1782984799.276,2026-07-02 09:33:19.277,os_log_bytes_written,129173620224,129173620224,54369758.598397,enabled
1782984799.276,2026-07-02 09:33:19.277,os_log_fsyncs,49898614,49898614,21002.551377,enabled
1782984799.276,2026-07-02 09:33:19.277,os_log_pending_fsyncs,1,1,0.000421,enabled
1782984799.276,2026-07-02 09:33:19.277,os_log_pending_writes,0,0,0.000000,enabled
1782984799.276,2026-07-02 09:33:19.277,trx_rseg_history_len,1057,1057,0.000000,enabled
1782984800.347,2026-07-02 09:33:20.349,adaptive_hash_searches,0,0,0.000000,enabled
1782984800.347,2026-07-02 09:33:20.349,adaptive_hash_searches_btree,607598532,607598532,255625.546804,enabled
1782984800.347,2026-07-02 09:33:20.349,buffer_data_reads,1293797067264,1293797067264,544319330.842754,enabled
1782984800.347,2026-07-02 09:33:20.349,buffer_data_written,598652194304,598652194304,251861725.316789,enabled
1782984800.347,2026-07-02 09:33:20.349,buffer_pages0_read,7,7,0.002945,enabled
1782984800.347,2026-07-02 09:33:20.349,buffer_pages_created,1816437,1816437,764.201593,enabled
1782984800.347,2026-07-02 09:33:20.349,buffer_pages_read,79190036,79190036,33316.405311,enabled
1782984800.347,2026-07-02 09:33:20.349,buffer_pages_written,26457970,26457970,11131.254631,enabled
1782984800.347,2026-07-02 09:33:20.349,buffer_pool_bytes_data,12853067776,12853067776,0.000000,enabled
1782984800.347,2026-07-02 09:33:20.349,buffer_pool_bytes_dirty,4666769408,4666769408,0.000000,enabled
1782984800.347,2026-07-02 09:33:20.349,buffer_pool_pages_data,784489,784489,0.000000,enabled
1782984800.347,2026-07-02 09:33:20.349,buffer_pool_pages_dirty,284837,284837,0.000000,enabled
1782984800.347,2026-07-02 09:33:20.349,buffer_pool_pages_flushed,26400900,26400900,0.000000,enabled
1782984800.347,2026-07-02 09:33:20.349,buffer_pool_pages_free,1847,1847,0.000000,enabled
1782984800.347,2026-07-02 09:33:20.349,buffer_pool_pages_lru_flushed,0,0,0.000000,enabled
1782984800.347,2026-07-02 09:33:20.349,buffer_pool_pages_misc,96,96,0.000000,enabled
1782984800.347,2026-07-02 09:33:20.349,buffer_pool_pages_total,786432,786432,0.000000,enabled
1782984800.347,2026-07-02 09:33:20.349,buffer_pool_reads,78289395,78289395,32937.493554,enabled
1782984800.347,2026-07-02 09:33:20.349,buffer_pool_read_ahead,803715,803715,338.134653,enabled
1782984800.347,2026-07-02 09:33:20.349,buffer_pool_read_ahead_evicted,25,25,0.010518,enabled
1782984800.347,2026-07-02 09:33:20.349,buffer_pool_read_requests,2927869884,2927869884,1231797.678077,enabled
1782984800.347,2026-07-02 09:33:20.349,buffer_pool_size,12884901888,12884901888,0.000000,enabled
1782984800.347,2026-07-02 09:33:20.349,buffer_pool_wait_free,18945,18945,7.970439,enabled
1782984800.347,2026-07-02 09:33:20.349,buffer_pool_write_requests,611951579,611951579,257456.978404,enabled
1782984800.347,2026-07-02 09:33:20.349,dml_deletes,13419950,13419950,5645.968124,enabled
1782984800.347,2026-07-02 09:33:20.349,dml_inserts,113305357,113305357,47669.211475,enabled
1782984800.347,2026-07-02 09:33:20.349,dml_system_deletes,468,468,0.196894,enabled
1782984800.347,2026-07-02 09:33:20.349,dml_system_inserts,1202,1202,0.505699,enabled
1782984800.347,2026-07-02 09:33:20.349,dml_system_reads,7661,7661,3.223094,enabled
1782984800.347,2026-07-02 09:33:20.349,dml_system_updates,620,620,0.260843,enabled
1782984800.347,2026-07-02 09:33:20.349,dml_updates,26840020,26840020,11291.986721,enabled
1782984800.347,2026-07-02 09:33:20.349,file_num_open_files,35,35,0.000000,enabled
1782984800.347,2026-07-02 09:33:20.349,ibuf_merges,0,0,0.000000,enabled
1782984800.347,2026-07-02 09:33:20.349,ibuf_merges_delete,0,0,0.000000,enabled
1782984800.347,2026-07-02 09:33:20.349,ibuf_merges_delete_mark,0,0,0.000000,enabled
1782984800.347,2026-07-02 09:33:20.349,ibuf_merges_discard_delete,0,0,0.000000,enabled
1782984800.347,2026-07-02 09:33:20.349,ibuf_merges_discard_delete_mark,0,0,0.000000,enabled
1782984800.347,2026-07-02 09:33:20.349,ibuf_merges_discard_insert,0,0,0.000000,enabled
1782984800.347,2026-07-02 09:33:20.349,ibuf_merges_insert,0,0,0.000000,enabled
1782984800.347,2026-07-02 09:33:20.349,ibuf_size,1,1,0.000421,enabled
1782984800.347,2026-07-02 09:33:20.349,innodb_activity_count,18326855,18326855,7710.374562,enabled
1782984800.347,2026-07-02 09:33:20.349,innodb_dblwr_pages_written,26398610,26398610,11106.279249,enabled
1782984800.347,2026-07-02 09:33:20.349,innodb_dblwr_writes,542747,542747,228.341558,enabled
1782984800.347,2026-07-02 09:33:20.349,innodb_page_size,16384,16384,0.000000,enabled
1782984800.347,2026-07-02 09:33:20.349,innodb_rwlock_sx_os_waits,0,0,0.000000,enabled
1782984800.347,2026-07-02 09:33:20.349,innodb_rwlock_sx_spin_rounds,0,0,0.000000,enabled
1782984800.347,2026-07-02 09:33:20.349,innodb_rwlock_sx_spin_waits,0,0,0.000000,enabled
1782984800.347,2026-07-02 09:33:20.349,innodb_rwlock_s_os_waits,0,0,0.000000,enabled
1782984800.347,2026-07-02 09:33:20.349,innodb_rwlock_s_spin_rounds,0,0,0.000000,enabled
1782984800.347,2026-07-02 09:33:20.349,innodb_rwlock_s_spin_waits,0,0,0.000000,enabled
1782984800.347,2026-07-02 09:33:20.349,innodb_rwlock_x_os_waits,0,0,0.000000,enabled
1782984800.347,2026-07-02 09:33:20.349,innodb_rwlock_x_spin_rounds,0,0,0.000000,enabled
1782984800.347,2026-07-02 09:33:20.349,innodb_rwlock_x_spin_waits,0,0,0.000000,enabled
1782984800.347,2026-07-02 09:33:20.349,lock_deadlocks,0,0,0.000000,enabled
1782984800.347,2026-07-02 09:33:20.349,lock_deadlock_false_positives,0,0,0.000000,enabled
1782984800.347,2026-07-02 09:33:20.349,lock_deadlock_rounds,2614,2614,1.099748,enabled
1782984800.347,2026-07-02 09:33:20.349,lock_rec_grant_attempts,425,425,0.178804,enabled
1782984800.347,2026-07-02 09:33:20.349,lock_rec_release_attempts,40789501,40789501,17160.739879,enabled
1782984800.347,2026-07-02 09:33:20.349,lock_row_lock_current_waits,0,0,0.000000,enabled
1782984800.347,2026-07-02 09:33:20.349,lock_row_lock_time,323,323,0.135891,enabled
1782984800.347,2026-07-02 09:33:20.349,lock_row_lock_time_avg,0,0,0.000000,enabled
1782984800.347,2026-07-02 09:33:20.349,lock_row_lock_time_max,29,29,0.000000,enabled
1782984800.347,2026-07-02 09:33:20.349,lock_row_lock_waits,425,425,0.178804,enabled
1782984800.347,2026-07-02 09:33:20.349,lock_schedule_refreshes,2614,2614,1.099748,enabled
1782984800.347,2026-07-02 09:33:20.349,lock_threads_waiting,0,0,0.000000,enabled
1782984800.347,2026-07-02 09:33:20.349,lock_timeouts,0,0,0.000000,enabled
1782984800.347,2026-07-02 09:33:20.349,log_waits,0,0,0.000000,enabled
1782984800.347,2026-07-02 09:33:20.349,log_writes,204212442,204212442,85915.150137,enabled
1782984800.347,2026-07-02 09:33:20.349,log_write_requests,412837021,412837021,173686.550755,enabled
1782984800.347,2026-07-02 09:33:20.349,os_data_fsyncs,57128823,57128823,24034.929123,enabled
1782984800.347,2026-07-02 09:33:20.349,os_data_reads,79266505,79266505,33348.574895,enabled
1782984800.347,2026-07-02 09:33:20.349,os_data_writes,231473255,231473255,97384.174761,enabled
1782984800.347,2026-07-02 09:33:20.349,os_log_bytes_written,129214870016,129214870016,54362580.422187,enabled
1782984800.347,2026-07-02 09:33:20.349,os_log_fsyncs,49927637,49927637,21005.285064,enabled
1782984800.347,2026-07-02 09:33:20.349,os_log_pending_fsyncs,0,0,0.000000,enabled
1782984800.347,2026-07-02 09:33:20.349,os_log_pending_writes,1,1,0.000421,enabled
1782984800.347,2026-07-02 09:33:20.349,trx_rseg_history_len,1080,1080,0.000000,enabled
1782984801.420,2026-07-02 09:33:21.422,adaptive_hash_searches,0,0,0.000000,enabled
1782984801.420,2026-07-02 09:33:21.422,adaptive_hash_searches_btree,607762000,607762000,255579.466095,enabled
1782984801.420,2026-07-02 09:33:21.422,buffer_data_reads,1294701185536,1294701185536,544455030.409120,enabled
1782984801.420,2026-07-02 09:33:21.422,buffer_data_written,599007328256,599007328256,251897933.307861,enabled
1782984801.420,2026-07-02 09:33:21.422,buffer_pages0_read,7,7,0.002944,enabled
1782984801.420,2026-07-02 09:33:21.422,buffer_pages_created,1816470,1816470,763.872196,enabled
1782984801.420,2026-07-02 09:33:21.422,buffer_pages_read,79245358,79245358,33324.704077,enabled
1782984801.420,2026-07-02 09:33:21.422,buffer_pages_written,26476818,26476818,11134.180599,enabled
1782984801.420,2026-07-02 09:33:21.422,buffer_pool_bytes_data,12844941312,12844941312,0.000000,enabled
1782984801.420,2026-07-02 09:33:21.422,buffer_pool_bytes_dirty,4617961472,4617961472,0.000000,enabled
1782984801.420,2026-07-02 09:33:21.422,buffer_pool_pages_data,783993,783993,0.000000,enabled
1782984801.420,2026-07-02 09:33:21.422,buffer_pool_pages_dirty,281858,281858,0.000000,enabled
1782984801.420,2026-07-02 09:33:21.422,buffer_pool_pages_flushed,26416592,26416592,0.000000,enabled
1782984801.420,2026-07-02 09:33:21.422,buffer_pool_pages_free,2342,2342,0.000000,enabled
1782984801.420,2026-07-02 09:33:21.422,buffer_pool_pages_lru_flushed,0,0,0.000000,enabled
1782984801.420,2026-07-02 09:33:21.422,buffer_pool_pages_misc,97,97,0.000000,enabled
1782984801.420,2026-07-02 09:33:21.422,buffer_pool_pages_total,786432,786432,0.000000,enabled
1782984801.420,2026-07-02 09:33:21.422,buffer_pool_reads,78344652,78344652,32945.935249,enabled
1782984801.420,2026-07-02 09:33:21.422,buffer_pool_read_ahead,803715,803715,337.982765,enabled
1782984801.420,2026-07-02 09:33:21.422,buffer_pool_read_ahead_evicted,25,25,0.010513,enabled
1782984801.420,2026-07-02 09:33:21.422,buffer_pool_read_requests,2928679635,2928679635,1231584.883457,enabled
1782984801.420,2026-07-02 09:33:21.422,buffer_pool_size,12884901888,12884901888,0.000000,enabled
1782984801.420,2026-07-02 09:33:21.422,buffer_pool_wait_free,18945,18945,7.966858,enabled
1782984801.420,2026-07-02 09:33:21.422,buffer_pool_write_requests,612061579,612061579,257387.588208,enabled
1782984801.420,2026-07-02 09:33:21.422,dml_deletes,13424672,13424672,5645.417788,enabled
1782984801.420,2026-07-02 09:33:21.422,dml_inserts,113310080,113310080,47649.785543,enabled
1782984801.420,2026-07-02 09:33:21.422,dml_system_deletes,468,468,0.196806,enabled
1782984801.420,2026-07-02 09:33:21.422,dml_system_inserts,1202,1202,0.505472,enabled
1782984801.420,2026-07-02 09:33:21.422,dml_system_reads,7661,7661,3.221646,enabled
1782984801.420,2026-07-02 09:33:21.422,dml_system_updates,620,620,0.260726,enabled
1782984801.420,2026-07-02 09:33:21.422,dml_updates,26849464,26849464,11290.886028,enabled
1782984801.420,2026-07-02 09:33:21.422,file_num_open_files,35,35,0.000000,enabled
1782984801.420,2026-07-02 09:33:21.422,ibuf_merges,0,0,0.000000,enabled
1782984801.420,2026-07-02 09:33:21.422,ibuf_merges_delete,0,0,0.000000,enabled
1782984801.420,2026-07-02 09:33:21.422,ibuf_merges_delete_mark,0,0,0.000000,enabled
1782984801.420,2026-07-02 09:33:21.422,ibuf_merges_discard_delete,0,0,0.000000,enabled
1782984801.420,2026-07-02 09:33:21.422,ibuf_merges_discard_delete_mark,0,0,0.000000,enabled
1782984801.420,2026-07-02 09:33:21.422,ibuf_merges_discard_insert,0,0,0.000000,enabled
1782984801.420,2026-07-02 09:33:21.422,ibuf_merges_insert,0,0,0.000000,enabled
1782984801.420,2026-07-02 09:33:21.422,ibuf_size,1,1,0.000421,enabled
1782984801.420,2026-07-02 09:33:21.422,innodb_activity_count,18332280,18332280,7709.192541,enabled
1782984801.420,2026-07-02 09:33:21.422,innodb_dblwr_pages_written,26416627,26416627,11108.867116,enabled
1782984801.420,2026-07-02 09:33:21.422,innodb_dblwr_writes,543132,543132,228.400894,enabled
1782984801.420,2026-07-02 09:33:21.422,innodb_page_size,16384,16384,0.000000,enabled
1782984801.420,2026-07-02 09:33:21.422,innodb_rwlock_sx_os_waits,0,0,0.000000,enabled
1782984801.420,2026-07-02 09:33:21.422,innodb_rwlock_sx_spin_rounds,0,0,0.000000,enabled
1782984801.420,2026-07-02 09:33:21.422,innodb_rwlock_sx_spin_waits,0,0,0.000000,enabled
1782984801.420,2026-07-02 09:33:21.422,innodb_rwlock_s_os_waits,0,0,0.000000,enabled
1782984801.420,2026-07-02 09:33:21.422,innodb_rwlock_s_spin_rounds,0,0,0.000000,enabled
1782984801.420,2026-07-02 09:33:21.422,innodb_rwlock_s_spin_waits,0,0,0.000000,enabled
1782984801.420,2026-07-02 09:33:21.422,innodb_rwlock_x_os_waits,0,0,0.000000,enabled
1782984801.420,2026-07-02 09:33:21.422,innodb_rwlock_x_spin_rounds,0,0,0.000000,enabled
1782984801.420,2026-07-02 09:33:21.422,innodb_rwlock_x_spin_waits,0,0,0.000000,enabled
1782984801.420,2026-07-02 09:33:21.422,lock_deadlocks,0,0,0.000000,enabled
1782984801.420,2026-07-02 09:33:21.422,lock_deadlock_false_positives,0,0,0.000000,enabled
1782984801.420,2026-07-02 09:33:21.422,lock_deadlock_rounds,2615,2615,1.099675,enabled
1782984801.420,2026-07-02 09:33:21.422,lock_rec_grant_attempts,425,425,0.178723,enabled
1782984801.420,2026-07-02 09:33:21.422,lock_rec_release_attempts,40803862,40803862,17159.070548,enabled
1782984801.420,2026-07-02 09:33:21.422,lock_row_lock_current_waits,0,0,0.000000,enabled
1782984801.420,2026-07-02 09:33:21.422,lock_row_lock_time,323,323,0.135830,enabled
1782984801.420,2026-07-02 09:33:21.422,lock_row_lock_time_avg,0,0,0.000000,enabled
1782984801.420,2026-07-02 09:33:21.422,lock_row_lock_time_max,29,29,0.000000,enabled
1782984801.420,2026-07-02 09:33:21.422,lock_row_lock_waits,425,425,0.178723,enabled
1782984801.420,2026-07-02 09:33:21.422,lock_schedule_refreshes,2615,2615,1.099675,enabled
1782984801.420,2026-07-02 09:33:21.422,lock_threads_waiting,0,0,0.000000,enabled
1782984801.420,2026-07-02 09:33:21.422,lock_timeouts,0,0,0.000000,enabled
1782984801.420,2026-07-02 09:33:21.422,log_waits,0,0,0.000000,enabled
1782984801.420,2026-07-02 09:33:21.422,log_writes,204289452,204289452,85908.942558,enabled
1782984801.420,2026-07-02 09:33:21.422,log_write_requests,412917501,412917501,173642.376336,enabled
1782984801.420,2026-07-02 09:33:21.422,os_data_fsyncs,57161397,57161397,24037.830972,enabled
1782984801.420,2026-07-02 09:33:21.422,os_data_reads,79321672,79321672,33356.794042,enabled
1782984801.420,2026-07-02 09:33:21.422,os_data_writes,231569410,231569410,97380.865970,enabled
1782984801.420,2026-07-02 09:33:21.422,os_log_bytes_written,129254986240,129254986240,54355030.997658,enabled
1782984801.420,2026-07-02 09:33:21.422,os_log_fsyncs,49955159,49955159,21007.423332,enabled
1782984801.420,2026-07-02 09:33:21.422,os_log_pending_fsyncs,1,1,0.000421,enabled
1782984801.420,2026-07-02 09:33:21.422,os_log_pending_writes,0,0,0.000000,enabled
1782984801.420,2026-07-02 09:33:21.422,trx_rseg_history_len,950,950,0.000000,enabled
1782984802.488,2026-07-02 09:33:22.490,adaptive_hash_searches,0,0,0.000000,enabled
1782984802.488,2026-07-02 09:33:22.490,adaptive_hash_searches_btree,607929729,607929729,255534.859389,enabled
1782984802.488,2026-07-02 09:33:22.490,buffer_data_reads,1295630682624,1295630682624,544600508.721413,enabled
1782984802.488,2026-07-02 09:33:22.490,buffer_data_written,599325798912,599325798912,251918343.037320,enabled
1782984802.488,2026-07-02 09:33:22.490,buffer_pages0_read,7,7,0.002942,enabled
1782984802.488,2026-07-02 09:33:22.490,buffer_pages_created,1816497,1816497,763.539496,enabled
1782984802.488,2026-07-02 09:33:22.490,buffer_pages_read,79302243,79302243,33333.605429,enabled
1782984802.488,2026-07-02 09:33:22.490,buffer_pages_written,26493393,26493393,11136.132825,enabled
1782984802.488,2026-07-02 09:33:22.490,buffer_pool_bytes_data,12849758208,12849758208,0.000000,enabled
1782984802.488,2026-07-02 09:33:22.490,buffer_pool_bytes_dirty,4614406144,4614406144,0.000000,enabled
1782984802.488,2026-07-02 09:33:22.490,buffer_pool_pages_data,784287,784287,0.000000,enabled
1782984802.488,2026-07-02 09:33:22.490,buffer_pool_pages_dirty,281641,281641,0.000000,enabled
1782984802.488,2026-07-02 09:33:22.490,buffer_pool_pages_flushed,26436323,26436323,0.000000,enabled
1782984802.488,2026-07-02 09:33:22.490,buffer_pool_pages_free,2048,2048,0.000000,enabled
1782984802.488,2026-07-02 09:33:22.490,buffer_pool_pages_lru_flushed,0,0,0.000000,enabled
1782984802.488,2026-07-02 09:33:22.490,buffer_pool_pages_misc,96,96,0.000000,enabled
1782984802.488,2026-07-02 09:33:22.490,buffer_pool_pages_total,786432,786432,0.000000,enabled
1782984802.488,2026-07-02 09:33:22.490,buffer_pool_reads,78401471,78401471,32954.979431,enabled
1782984802.488,2026-07-02 09:33:22.490,buffer_pool_read_ahead,803715,803715,337.830537,enabled
1782984802.488,2026-07-02 09:33:22.490,buffer_pool_read_ahead_evicted,25,25,0.010508,enabled
1782984802.488,2026-07-02 09:33:22.490,buffer_pool_read_requests,2929510724,2929510724,1231379.512751,enabled
1782984802.488,2026-07-02 09:33:22.490,buffer_pool_size,12884901888,12884901888,0.000000,enabled
1782984802.488,2026-07-02 09:33:22.490,buffer_pool_wait_free,18945,18945,7.963270,enabled
1782984802.488,2026-07-02 09:33:22.490,buffer_pool_write_requests,612174793,612174793,257319.248427,enabled
1782984802.488,2026-07-02 09:33:22.490,dml_deletes,13429522,13429522,5644.913827,enabled
1782984802.488,2026-07-02 09:33:22.490,dml_inserts,113314930,113314930,47630.363587,enabled
1782984802.488,2026-07-02 09:33:22.490,dml_system_deletes,468,468,0.196717,enabled
1782984802.488,2026-07-02 09:33:22.490,dml_system_inserts,1202,1202,0.505244,enabled
1782984802.488,2026-07-02 09:33:22.490,dml_system_reads,7661,7661,3.220195,enabled
1782984802.488,2026-07-02 09:33:22.490,dml_system_updates,620,620,0.260608,enabled
1782984802.488,2026-07-02 09:33:22.490,dml_updates,26859165,26859165,11289.878504,enabled
1782984802.488,2026-07-02 09:33:22.490,file_num_open_files,35,35,0.000000,enabled
1782984802.488,2026-07-02 09:33:22.490,ibuf_merges,0,0,0.000000,enabled
1782984802.488,2026-07-02 09:33:22.490,ibuf_merges_delete,0,0,0.000000,enabled
1782984802.488,2026-07-02 09:33:22.490,ibuf_merges_delete_mark,0,0,0.000000,enabled
1782984802.488,2026-07-02 09:33:22.490,ibuf_merges_discard_delete,0,0,0.000000,enabled
1782984802.488,2026-07-02 09:33:22.490,ibuf_merges_discard_delete_mark,0,0,0.000000,enabled
1782984802.488,2026-07-02 09:33:22.490,ibuf_merges_discard_insert,0,0,0.000000,enabled
1782984802.488,2026-07-02 09:33:22.490,ibuf_merges_insert,0,0,0.000000,enabled
1782984802.488,2026-07-02 09:33:22.490,ibuf_size,1,1,0.000420,enabled
1782984802.488,2026-07-02 09:33:22.490,innodb_activity_count,18337857,18337857,7708.064663,enabled
1782984802.488,2026-07-02 09:33:22.490,innodb_dblwr_pages_written,26434033,26434033,11111.180251,enabled
1782984802.488,2026-07-02 09:33:22.490,innodb_dblwr_writes,543485,543485,228.446405,enabled
1782984802.488,2026-07-02 09:33:22.490,innodb_page_size,16384,16384,0.000000,enabled
1782984802.488,2026-07-02 09:33:22.490,innodb_rwlock_sx_os_waits,0,0,0.000000,enabled
1782984802.488,2026-07-02 09:33:22.490,innodb_rwlock_sx_spin_rounds,0,0,0.000000,enabled
1782984802.488,2026-07-02 09:33:22.490,innodb_rwlock_sx_spin_waits,0,0,0.000000,enabled
1782984802.488,2026-07-02 09:33:22.490,innodb_rwlock_s_os_waits,0,0,0.000000,enabled
1782984802.488,2026-07-02 09:33:22.490,innodb_rwlock_s_spin_rounds,0,0,0.000000,enabled
1782984802.488,2026-07-02 09:33:22.490,innodb_rwlock_s_spin_waits,0,0,0.000000,enabled
1782984802.488,2026-07-02 09:33:22.490,innodb_rwlock_x_os_waits,0,0,0.000000,enabled
1782984802.488,2026-07-02 09:33:22.490,innodb_rwlock_x_spin_rounds,0,0,0.000000,enabled
1782984802.488,2026-07-02 09:33:22.490,innodb_rwlock_x_spin_waits,0,0,0.000000,enabled
1782984802.488,2026-07-02 09:33:22.490,lock_deadlocks,0,0,0.000000,enabled
1782984802.488,2026-07-02 09:33:22.490,lock_deadlock_false_positives,0,0,0.000000,enabled
1782984802.488,2026-07-02 09:33:22.490,lock_deadlock_rounds,2616,2616,1.099600,enabled
1782984802.488,2026-07-02 09:33:22.490,lock_rec_grant_attempts,425,425,0.178643,enabled
1782984802.488,2026-07-02 09:33:22.490,lock_rec_release_attempts,40818604,40818604,17157.538666,enabled
1782984802.488,2026-07-02 09:33:22.490,lock_row_lock_current_waits,0,0,0.000000,enabled
1782984802.488,2026-07-02 09:33:22.490,lock_row_lock_time,323,323,0.135769,enabled
1782984802.488,2026-07-02 09:33:22.490,lock_row_lock_time_avg,0,0,0.000000,enabled
1782984802.488,2026-07-02 09:33:22.490,lock_row_lock_time_max,29,29,0.000000,enabled
1782984802.488,2026-07-02 09:33:22.490,lock_row_lock_waits,425,425,0.178643,enabled
1782984802.488,2026-07-02 09:33:22.490,lock_schedule_refreshes,2616,2616,1.099600,enabled
1782984802.488,2026-07-02 09:33:22.490,lock_threads_waiting,0,0,0.000000,enabled
1782984802.488,2026-07-02 09:33:22.490,lock_timeouts,0,0,0.000000,enabled
1782984802.488,2026-07-02 09:33:22.490,log_waits,0,0,0.000000,enabled
1782984802.488,2026-07-02 09:33:22.490,log_writes,204368407,204368407,85903.437750,enabled
1782984802.488,2026-07-02 09:33:22.490,log_write_requests,412999912,412999912,173598.809971,enabled
1782984802.488,2026-07-02 09:33:22.490,os_data_fsyncs,57195423,57195423,24041.306882,enabled
1782984802.488,2026-07-02 09:33:22.490,os_data_reads,79378406,79378406,33365.617748,enabled
1782984802.488,2026-07-02 09:33:22.490,os_data_writes,231665193,231665193,97377.267444,enabled
1782984802.488,2026-07-02 09:33:22.490,os_log_bytes_written,129296213504,129296213504,54347879.238026,enabled
1782984802.488,2026-07-02 09:33:22.490,os_log_fsyncs,49984147,49984147,21010.146464,enabled
1782984802.488,2026-07-02 09:33:22.490,os_log_pending_fsyncs,1,1,0.000420,enabled
1782984802.488,2026-07-02 09:33:22.490,os_log_pending_writes,0,0,0.000000,enabled
1782984802.488,2026-07-02 09:33:22.490,trx_rseg_history_len,990,990,0.000000,enabled
1782984803.559,2026-07-02 09:33:23.561,adaptive_hash_searches,0,0,0.000000,enabled
1782984803.559,2026-07-02 09:33:23.561,adaptive_hash_searches_btree,608097531,608097531,255490.144331,enabled
1782984803.559,2026-07-02 09:33:23.561,buffer_data_reads,1296567306752,1296567306752,544748475.723966,enabled
1782984803.559,2026-07-02 09:33:23.561,buffer_data_written,599635579392,599635579392,251934909.898141,enabled
1782984803.559,2026-07-02 09:33:23.561,buffer_pages0_read,7,7,0.002941,enabled
1782984803.559,2026-07-02 09:33:23.561,buffer_pages_created,1816522,1816522,763.205730,enabled
1782984803.559,2026-07-02 09:33:23.561,buffer_pages_read,79359577,79359577,33342.664470,enabled
1782984803.559,2026-07-02 09:33:23.561,buffer_pages_written,26509400,26509400,11137.836993,enabled
1782984803.559,2026-07-02 09:33:23.561,buffer_pool_bytes_data,12859047936,12859047936,0.000000,enabled
1782984803.559,2026-07-02 09:33:23.561,buffer_pool_bytes_dirty,4619681792,4619681792,0.000000,enabled
1782984803.559,2026-07-02 09:33:23.561,buffer_pool_pages_data,784854,784854,0.000000,enabled
1782984803.559,2026-07-02 09:33:23.561,buffer_pool_pages_dirty,281963,281963,0.000000,enabled
1782984803.559,2026-07-02 09:33:23.561,buffer_pool_pages_flushed,26452330,26452330,0.000000,enabled
1782984803.559,2026-07-02 09:33:23.561,buffer_pool_pages_free,1482,1482,0.000000,enabled
1782984803.559,2026-07-02 09:33:23.561,buffer_pool_pages_lru_flushed,0,0,0.000000,enabled
1782984803.559,2026-07-02 09:33:23.561,buffer_pool_pages_misc,96,96,0.000000,enabled
1782984803.559,2026-07-02 09:33:23.561,buffer_pool_pages_total,786432,786432,0.000000,enabled
1782984803.559,2026-07-02 09:33:23.561,buffer_pool_reads,78458748,78458748,32964.185229,enabled
1782984803.559,2026-07-02 09:33:23.561,buffer_pool_read_ahead,803715,803715,337.678214,enabled
1782984803.559,2026-07-02 09:33:23.561,buffer_pool_read_ahead_evicted,25,25,0.010504,enabled
1782984803.559,2026-07-02 09:33:23.561,buffer_pool_read_requests,2930342180,2930342180,1231173.634569,enabled
1782984803.559,2026-07-02 09:33:23.561,buffer_pool_size,12884901888,12884901888,0.000000,enabled
1782984803.559,2026-07-02 09:33:23.561,buffer_pool_wait_free,18945,18945,7.959679,enabled
1782984803.559,2026-07-02 09:33:23.561,buffer_pool_write_requests,612287263,612287263,257250.480706,enabled
1782984803.559,2026-07-02 09:33:23.561,dml_deletes,13434371,13434371,5644.405922,enabled
1782984803.559,2026-07-02 09:33:23.561,dml_inserts,113319779,113319779,47610.925158,enabled
1782984803.559,2026-07-02 09:33:23.561,dml_system_deletes,468,468,0.196629,enabled
1782984803.559,2026-07-02 09:33:23.561,dml_system_inserts,1202,1202,0.505016,enabled
1782984803.559,2026-07-02 09:33:23.561,dml_system_reads,7661,7661,3.218743,enabled
1782984803.559,2026-07-02 09:33:23.561,dml_system_updates,620,620,0.260491,enabled
1782984803.559,2026-07-02 09:33:23.561,dml_updates,26868866,26868866,11288.863932,enabled
1782984803.559,2026-07-02 09:33:23.561,file_num_open_files,35,35,0.000000,enabled
1782984803.559,2026-07-02 09:33:23.561,ibuf_merges,0,0,0.000000,enabled
1782984803.559,2026-07-02 09:33:23.561,ibuf_merges_delete,0,0,0.000000,enabled
1782984803.559,2026-07-02 09:33:23.561,ibuf_merges_delete_mark,0,0,0.000000,enabled
1782984803.559,2026-07-02 09:33:23.561,ibuf_merges_discard_delete,0,0,0.000000,enabled
1782984803.559,2026-07-02 09:33:23.561,ibuf_merges_discard_delete_mark,0,0,0.000000,enabled
1782984803.559,2026-07-02 09:33:23.561,ibuf_merges_discard_insert,0,0,0.000000,enabled
1782984803.559,2026-07-02 09:33:23.561,ibuf_merges_insert,0,0,0.000000,enabled
1782984803.559,2026-07-02 09:33:23.561,ibuf_size,1,1,0.000420,enabled
1782984803.559,2026-07-02 09:33:23.561,innodb_activity_count,18343428,18343428,7706.929860,enabled
1782984803.559,2026-07-02 09:33:23.561,innodb_dblwr_pages_written,26450040,26450040,11112.895691,enabled
1782984803.559,2026-07-02 09:33:23.561,innodb_dblwr_writes,543827,543827,228.487092,enabled
1782984803.559,2026-07-02 09:33:23.561,innodb_page_size,16384,16384,0.000000,enabled
1782984803.559,2026-07-02 09:33:23.561,innodb_rwlock_sx_os_waits,0,0,0.000000,enabled
1782984803.559,2026-07-02 09:33:23.561,innodb_rwlock_sx_spin_rounds,0,0,0.000000,enabled
1782984803.559,2026-07-02 09:33:23.561,innodb_rwlock_sx_spin_waits,0,0,0.000000,enabled
1782984803.559,2026-07-02 09:33:23.561,innodb_rwlock_s_os_waits,0,0,0.000000,enabled
1782984803.559,2026-07-02 09:33:23.561,innodb_rwlock_s_spin_rounds,0,0,0.000000,enabled
1782984803.559,2026-07-02 09:33:23.561,innodb_rwlock_s_spin_waits,0,0,0.000000,enabled
1782984803.559,2026-07-02 09:33:23.561,innodb_rwlock_x_os_waits,0,0,0.000000,enabled
1782984803.559,2026-07-02 09:33:23.561,innodb_rwlock_x_spin_rounds,0,0,0.000000,enabled
1782984803.559,2026-07-02 09:33:23.561,innodb_rwlock_x_spin_waits,0,0,0.000000,enabled
1782984803.559,2026-07-02 09:33:23.561,lock_deadlocks,0,0,0.000000,enabled
1782984803.559,2026-07-02 09:33:23.561,lock_deadlock_false_positives,0,0,0.000000,enabled
1782984803.559,2026-07-02 09:33:23.561,lock_deadlock_rounds,2617,2617,1.099524,enabled
1782984803.559,2026-07-02 09:33:23.561,lock_rec_grant_attempts,425,425,0.178562,enabled
1782984803.559,2026-07-02 09:33:23.561,lock_rec_release_attempts,40833368,40833368,17156.005604,enabled
1782984803.559,2026-07-02 09:33:23.561,lock_row_lock_current_waits,0,0,0.000000,enabled
1782984803.559,2026-07-02 09:33:23.561,lock_row_lock_time,323,323,0.135707,enabled
1782984803.559,2026-07-02 09:33:23.561,lock_row_lock_time_avg,0,0,0.000000,enabled
1782984803.559,2026-07-02 09:33:23.561,lock_row_lock_time_max,29,29,0.000000,enabled
1782984803.559,2026-07-02 09:33:23.561,lock_row_lock_waits,425,425,0.178562,enabled
1782984803.559,2026-07-02 09:33:23.561,lock_schedule_refreshes,2617,2617,1.099524,enabled
1782984803.559,2026-07-02 09:33:23.561,lock_threads_waiting,0,0,0.000000,enabled
1782984803.559,2026-07-02 09:33:23.561,lock_timeouts,0,0,0.000000,enabled
1782984803.559,2026-07-02 09:33:23.561,log_waits,0,0,0.000000,enabled
1782984803.559,2026-07-02 09:33:23.561,log_writes,204447801,204447801,85898.062315,enabled
1782984803.559,2026-07-02 09:33:23.561,log_write_requests,413082414,413082414,173555.199850,enabled
1782984803.559,2026-07-02 09:33:23.561,os_data_fsyncs,57229475,57229475,24044.773846,enabled
1782984803.559,2026-07-02 09:33:23.561,os_data_reads,79435564,79435564,33374.588425,enabled
1782984803.559,2026-07-02 09:33:23.561,os_data_writes,231760851,231760851,97373.551865,enabled
1782984803.559,2026-07-02 09:33:23.561,os_log_bytes_written,129337629696,129337629696,54340775.471661,enabled
1782984803.559,2026-07-02 09:33:23.561,os_log_fsyncs,50013365,50013365,21012.949151,enabled
1782984803.559,2026-07-02 09:33:23.561,os_log_pending_fsyncs,0,0,0.000000,enabled
1782984803.559,2026-07-02 09:33:23.561,os_log_pending_writes,0,0,0.000000,enabled
1782984803.559,2026-07-02 09:33:23.561,trx_rseg_history_len,1011,1011,0.000000,enabled
1782984804.633,2026-07-02 09:33:24.634,adaptive_hash_searches,0,0,0.000000,enabled
1782984804.633,2026-07-02 09:33:24.634,adaptive_hash_searches_btree,608265493,608265493,255445.941318,enabled
1782984804.633,2026-07-02 09:33:24.634,buffer_data_reads,1297498409472,1297498409472,544894870.565497,enabled
1782984804.633,2026-07-02 09:33:24.634,buffer_data_written,599945867264,599945867264,251952081.834571,enabled
1782984804.633,2026-07-02 09:33:24.634,buffer_pages0_read,7,7,0.002940,enabled
1782984804.633,2026-07-02 09:33:24.634,buffer_pages_created,1816548,1816548,762.873919,enabled
1782984804.633,2026-07-02 09:33:24.634,buffer_pages_read,79416565,79416565,33351.623928,enabled
1782984804.633,2026-07-02 09:33:24.634,buffer_pages_written,26525420,26525420,11139.563081,enabled
1782984804.633,2026-07-02 09:33:24.634,buffer_pool_bytes_data,12851363840,12851363840,0.000000,enabled
1782984804.633,2026-07-02 09:33:24.634,buffer_pool_bytes_dirty,4626153472,4626153472,0.000000,enabled
1782984804.633,2026-07-02 09:33:24.634,buffer_pool_pages_data,784386,784386,0.000000,enabled
1782984804.633,2026-07-02 09:33:24.634,buffer_pool_pages_dirty,282358,282358,0.000000,enabled
1782984804.633,2026-07-02 09:33:24.634,buffer_pool_pages_flushed,26468336,26468336,0.000000,enabled
1782984804.633,2026-07-02 09:33:24.634,buffer_pool_pages_free,1949,1949,0.000000,enabled
1782984804.633,2026-07-02 09:33:24.634,buffer_pool_pages_lru_flushed,0,0,0.000000,enabled
1782984804.633,2026-07-02 09:33:24.634,buffer_pool_pages_misc,96,96,0.000000,enabled
1782984804.633,2026-07-02 09:33:24.634,buffer_pool_pages_total,786432,786432,0.000000,enabled
1782984804.633,2026-07-02 09:33:24.634,buffer_pool_reads,78515670,78515670,32973.287096,enabled
1782984804.633,2026-07-02 09:33:24.634,buffer_pool_read_ahead,803715,803715,337.526574,enabled
1782984804.633,2026-07-02 09:33:24.634,buffer_pool_read_ahead_evicted,25,25,0.010499,enabled
1782984804.633,2026-07-02 09:33:24.634,buffer_pool_read_requests,2931173953,2931173953,1230970.068951,enabled
1782984804.633,2026-07-02 09:33:24.634,buffer_pool_size,12884901888,12884901888,0.000000,enabled
1782984804.633,2026-07-02 09:33:24.634,buffer_pool_wait_free,18945,18945,7.956105,enabled
1782984804.633,2026-07-02 09:33:24.634,buffer_pool_write_requests,612399986,612399986,257182.297764,enabled
1782984804.633,2026-07-02 09:33:24.634,dml_deletes,13439230,13439230,5643.911532,enabled
1782984804.633,2026-07-02 09:33:24.634,dml_inserts,113324637,113324637,47591.582731,enabled
1782984804.633,2026-07-02 09:33:24.634,dml_system_deletes,468,468,0.196540,enabled
1782984804.633,2026-07-02 09:33:24.634,dml_system_inserts,1202,1202,0.504789,enabled
1782984804.633,2026-07-02 09:33:24.634,dml_system_reads,7661,7661,3.217298,enabled
1782984804.633,2026-07-02 09:33:24.634,dml_system_updates,620,620,0.260374,enabled
1782984804.633,2026-07-02 09:33:24.634,dml_updates,26878577,26878577,11287.872187,enabled
1782984804.633,2026-07-02 09:33:24.634,file_num_open_files,35,35,0.000000,enabled
1782984804.633,2026-07-02 09:33:24.634,ibuf_merges,0,0,0.000000,enabled
1782984804.633,2026-07-02 09:33:24.634,ibuf_merges_delete,0,0,0.000000,enabled
1782984804.633,2026-07-02 09:33:24.634,ibuf_merges_delete_mark,0,0,0.000000,enabled
1782984804.633,2026-07-02 09:33:24.634,ibuf_merges_discard_delete,0,0,0.000000,enabled
1782984804.633,2026-07-02 09:33:24.634,ibuf_merges_discard_delete_mark,0,0,0.000000,enabled
1782984804.633,2026-07-02 09:33:24.634,ibuf_merges_discard_insert,0,0,0.000000,enabled
1782984804.633,2026-07-02 09:33:24.634,ibuf_merges_insert,0,0,0.000000,enabled
1782984804.633,2026-07-02 09:33:24.634,ibuf_size,1,1,0.000420,enabled
1782984804.633,2026-07-02 09:33:24.634,innodb_activity_count,18349012,18349012,7705.813715,enabled
1782984804.633,2026-07-02 09:33:24.634,innodb_dblwr_pages_written,26466046,26466046,11114.626648,enabled
1782984804.633,2026-07-02 09:33:24.634,innodb_dblwr_writes,544205,544205,228.543221,enabled
1782984804.633,2026-07-02 09:33:24.634,innodb_page_size,16384,16384,0.000000,enabled
1782984804.633,2026-07-02 09:33:24.634,innodb_rwlock_sx_os_waits,0,0,0.000000,enabled
1782984804.633,2026-07-02 09:33:24.634,innodb_rwlock_sx_spin_rounds,0,0,0.000000,enabled
1782984804.633,2026-07-02 09:33:24.634,innodb_rwlock_sx_spin_waits,0,0,0.000000,enabled
1782984804.633,2026-07-02 09:33:24.634,innodb_rwlock_s_os_waits,0,0,0.000000,enabled
1782984804.633,2026-07-02 09:33:24.634,innodb_rwlock_s_spin_rounds,0,0,0.000000,enabled
1782984804.633,2026-07-02 09:33:24.634,innodb_rwlock_s_spin_waits,0,0,0.000000,enabled
1782984804.633,2026-07-02 09:33:24.634,innodb_rwlock_x_os_waits,0,0,0.000000,enabled
1782984804.633,2026-07-02 09:33:24.634,innodb_rwlock_x_spin_rounds,0,0,0.000000,enabled
1782984804.633,2026-07-02 09:33:24.634,innodb_rwlock_x_spin_waits,0,0,0.000000,enabled
1782984804.633,2026-07-02 09:33:24.634,lock_deadlocks,0,0,0.000000,enabled
1782984804.633,2026-07-02 09:33:24.634,lock_deadlock_false_positives,0,0,0.000000,enabled
1782984804.633,2026-07-02 09:33:24.634,lock_deadlock_rounds,2618,2618,1.099450,enabled
1782984804.633,2026-07-02 09:33:24.634,lock_rec_grant_attempts,425,425,0.178482,enabled
1782984804.633,2026-07-02 09:33:24.634,lock_rec_release_attempts,40848122,40848122,17154.497568,enabled
1782984804.633,2026-07-02 09:33:24.634,lock_row_lock_current_waits,0,0,0.000000,enabled
1782984804.633,2026-07-02 09:33:24.634,lock_row_lock_time,323,323,0.135646,enabled
1782984804.633,2026-07-02 09:33:24.634,lock_row_lock_time_avg,0,0,0.000000,enabled
1782984804.633,2026-07-02 09:33:24.634,lock_row_lock_time_max,29,29,0.000000,enabled
1782984804.633,2026-07-02 09:33:24.634,lock_row_lock_waits,425,425,0.178482,enabled
1782984804.633,2026-07-02 09:33:24.634,lock_schedule_refreshes,2618,2618,1.099450,enabled
1782984804.633,2026-07-02 09:33:24.634,lock_threads_waiting,0,0,0.000000,enabled
1782984804.633,2026-07-02 09:33:24.634,lock_timeouts,0,0,0.000000,enabled
1782984804.633,2026-07-02 09:33:24.634,log_waits,0,0,0.000000,enabled
1782984804.633,2026-07-02 09:33:24.634,log_writes,204527567,204527567,85892.984820,enabled
1782984804.633,2026-07-02 09:33:24.634,log_write_requests,413165111,413165111,173511.987431,enabled
1782984804.633,2026-07-02 09:33:24.634,os_data_fsyncs,57263912,57263912,24048.437860,enabled
1782984804.633,2026-07-02 09:33:24.634,os_data_reads,79492393,79492393,33383.466308,enabled
1782984804.633,2026-07-02 09:33:24.634,os_data_writes,231856936,231856936,97370.174820,enabled
1782984804.633,2026-07-02 09:33:24.634,os_log_bytes_written,129379218432,129379218432,54333837.495485,enabled
1782984804.633,2026-07-02 09:33:24.634,os_log_fsyncs,50042747,50042747,21015.851805,enabled
1782984804.633,2026-07-02 09:33:24.634,os_log_pending_fsyncs,0,0,0.000000,enabled
1782984804.633,2026-07-02 09:33:24.634,os_log_pending_writes,0,0,0.000000,enabled
1782984804.633,2026-07-02 09:33:24.634,trx_rseg_history_len,990,990,0.000000,enabled
1782984805.702,2026-07-02 09:33:25.704,adaptive_hash_searches,0,0,0.000000,enabled
1782984805.702,2026-07-02 09:33:25.704,adaptive_hash_searches_btree,608432785,608432785,255401.180428,enabled
1782984805.702,2026-07-02 09:33:25.704,buffer_data_reads,1298425367040,1298425367040,545038687.377834,enabled
1782984805.702,2026-07-02 09:33:25.704,buffer_data_written,600257264640,600257264640,251969377.441476,enabled
1782984805.702,2026-07-02 09:33:25.704,buffer_pages0_read,7,7,0.002938,enabled
1782984805.702,2026-07-02 09:33:25.704,buffer_pages_created,1816584,1816584,762.545612,enabled
1782984805.702,2026-07-02 09:33:25.704,buffer_pages_read,79473303,79473303,33360.427114,enabled
1782984805.702,2026-07-02 09:33:25.704,buffer_pages_written,26541527,26541527,11141.309676,enabled
1782984805.702,2026-07-02 09:33:25.704,buffer_pool_bytes_data,12855803904,12855803904,0.000000,enabled
1782984805.702,2026-07-02 09:33:25.704,buffer_pool_bytes_dirty,4627988480,4627988480,0.000000,enabled
1782984805.702,2026-07-02 09:33:25.704,buffer_pool_pages_data,784656,784656,0.000000,enabled
1782984805.702,2026-07-02 09:33:25.704,buffer_pool_pages_dirty,282470,282470,0.000000,enabled
1782984805.702,2026-07-02 09:33:25.704,buffer_pool_pages_flushed,26484457,26484457,0.000000,enabled
1782984805.702,2026-07-02 09:33:25.704,buffer_pool_pages_free,1680,1680,0.000000,enabled
1782984805.702,2026-07-02 09:33:25.704,buffer_pool_pages_lru_flushed,0,0,0.000000,enabled
1782984805.702,2026-07-02 09:33:25.704,buffer_pool_pages_misc,96,96,0.000000,enabled
1782984805.702,2026-07-02 09:33:25.704,buffer_pool_pages_total,786432,786432,0.000000,enabled
1782984805.702,2026-07-02 09:33:25.704,buffer_pool_reads,78572352,78572352,32982.236986,enabled
1782984805.702,2026-07-02 09:33:25.704,buffer_pool_read_ahead,803715,803715,337.374632,enabled
1782984805.702,2026-07-02 09:33:25.704,buffer_pool_read_ahead_evicted,25,25,0.010494,enabled
1782984805.702,2026-07-02 09:33:25.704,buffer_pool_read_requests,2932003308,2932003308,1230764.067002,enabled
1782984805.702,2026-07-02 09:33:25.704,buffer_pool_size,12884901888,12884901888,0.000000,enabled
1782984805.702,2026-07-02 09:33:25.704,buffer_pool_wait_free,18945,18945,7.952524,enabled
1782984805.702,2026-07-02 09:33:25.704,buffer_pool_write_requests,612513134,612513134,257114.019344,enabled
1782984805.702,2026-07-02 09:33:25.704,dml_deletes,13444064,13444064,5643.400254,enabled
1782984805.702,2026-07-02 09:33:25.704,dml_inserts,113329472,113329472,47572.190338,enabled
1782984805.702,2026-07-02 09:33:25.704,dml_system_deletes,468,468,0.196452,enabled
1782984805.702,2026-07-02 09:33:25.704,dml_system_inserts,1202,1202,0.504562,enabled
1782984805.702,2026-07-02 09:33:25.704,dml_system_reads,7661,7661,3.215850,enabled
1782984805.702,2026-07-02 09:33:25.704,dml_system_updates,620,620,0.260257,enabled
1782984805.702,2026-07-02 09:33:25.704,dml_updates,26888248,26888248,11286.850868,enabled
1782984805.702,2026-07-02 09:33:25.704,file_num_open_files,35,35,0.000000,enabled
1782984805.702,2026-07-02 09:33:25.704,ibuf_merges,0,0,0.000000,enabled
1782984805.702,2026-07-02 09:33:25.704,ibuf_merges_delete,0,0,0.000000,enabled
1782984805.702,2026-07-02 09:33:25.704,ibuf_merges_delete_mark,0,0,0.000000,enabled
1782984805.702,2026-07-02 09:33:25.704,ibuf_merges_discard_delete,0,0,0.000000,enabled
1782984805.702,2026-07-02 09:33:25.704,ibuf_merges_discard_delete_mark,0,0,0.000000,enabled
1782984805.702,2026-07-02 09:33:25.704,ibuf_merges_discard_insert,0,0,0.000000,enabled
1782984805.702,2026-07-02 09:33:25.704,ibuf_merges_insert,0,0,0.000000,enabled
1782984805.702,2026-07-02 09:33:25.704,ibuf_size,1,1,0.000420,enabled
1782984805.702,2026-07-02 09:33:25.704,innodb_activity_count,18354561,18354561,7704.674388,enabled
1782984805.702,2026-07-02 09:33:25.704,innodb_dblwr_pages_written,26482167,26482167,11116.390782,enabled
1782984805.702,2026-07-02 09:33:25.704,innodb_dblwr_writes,544561,544561,228.589786,enabled
1782984805.702,2026-07-02 09:33:25.704,innodb_page_size,16384,16384,0.000000,enabled
1782984805.702,2026-07-02 09:33:25.704,innodb_rwlock_sx_os_waits,0,0,0.000000,enabled
1782984805.702,2026-07-02 09:33:25.704,innodb_rwlock_sx_spin_rounds,0,0,0.000000,enabled
1782984805.702,2026-07-02 09:33:25.704,innodb_rwlock_sx_spin_waits,0,0,0.000000,enabled
1782984805.702,2026-07-02 09:33:25.704,innodb_rwlock_s_os_waits,0,0,0.000000,enabled
1782984805.702,2026-07-02 09:33:25.704,innodb_rwlock_s_spin_rounds,0,0,0.000000,enabled
1782984805.702,2026-07-02 09:33:25.704,innodb_rwlock_s_spin_waits,0,0,0.000000,enabled
1782984805.702,2026-07-02 09:33:25.704,innodb_rwlock_x_os_waits,0,0,0.000000,enabled
1782984805.702,2026-07-02 09:33:25.704,innodb_rwlock_x_spin_rounds,0,0,0.000000,enabled
1782984805.702,2026-07-02 09:33:25.704,innodb_rwlock_x_spin_waits,0,0,0.000000,enabled
1782984805.702,2026-07-02 09:33:25.704,lock_deadlocks,0,0,0.000000,enabled
1782984805.702,2026-07-02 09:33:25.704,lock_deadlock_false_positives,0,0,0.000000,enabled
1782984805.702,2026-07-02 09:33:25.704,lock_deadlock_rounds,2619,2619,1.099375,enabled
1782984805.702,2026-07-02 09:33:25.704,lock_rec_grant_attempts,425,425,0.178402,enabled
1782984805.702,2026-07-02 09:33:25.704,lock_rec_release_attempts,40862845,40862845,17152.955435,enabled
1782984805.702,2026-07-02 09:33:25.704,lock_row_lock_current_waits,0,0,0.000000,enabled
1782984805.702,2026-07-02 09:33:25.704,lock_row_lock_time,323,323,0.135585,enabled
1782984805.702,2026-07-02 09:33:25.704,lock_row_lock_time_avg,0,0,0.000000,enabled
1782984805.702,2026-07-02 09:33:25.704,lock_row_lock_time_max,29,29,0.000000,enabled
1782984805.702,2026-07-02 09:33:25.704,lock_row_lock_waits,425,425,0.178402,enabled
1782984805.702,2026-07-02 09:33:25.704,lock_schedule_refreshes,2619,2619,1.099375,enabled
1782984805.702,2026-07-02 09:33:25.704,lock_threads_waiting,0,0,0.000000,enabled
1782984805.702,2026-07-02 09:33:25.704,lock_timeouts,0,0,0.000000,enabled
1782984805.702,2026-07-02 09:33:25.704,log_waits,0,0,0.000000,enabled
1782984805.702,2026-07-02 09:33:25.704,log_writes,204606378,204606378,85887.403142,enabled
1782984805.702,2026-07-02 09:33:25.704,log_write_requests,413247260,413247260,173468.365872,enabled
1782984805.702,2026-07-02 09:33:25.704,os_data_fsyncs,57297913,57297913,24051.885022,enabled
1782984805.702,2026-07-02 09:33:25.704,os_data_reads,79548954,79548954,33392.181283,enabled
1782984805.702,2026-07-02 09:33:25.704,os_data_writes,231952084,231952084,97366.283826,enabled
1782984805.702,2026-07-02 09:33:25.704,os_log_bytes_written,129420549632,129420549632,54326728.696589,enabled
1782984805.702,2026-07-02 09:33:25.704,os_log_fsyncs,50071808,50071808,21018.590435,enabled
1782984805.702,2026-07-02 09:33:25.704,os_log_pending_fsyncs,0,0,0.000000,enabled
1782984805.702,2026-07-02 09:33:25.704,os_log_pending_writes,0,0,0.000000,enabled
1782984805.702,2026-07-02 09:33:25.704,trx_rseg_history_len,1005,1005,0.000000,enabled
1782984806.775,2026-07-02 09:33:26.777,adaptive_hash_searches,0,0,0.000000,enabled
1782984806.775,2026-07-02 09:33:26.777,adaptive_hash_searches_btree,608602418,608602418,255357.469871,enabled
1782984806.775,2026-07-02 09:33:26.777,buffer_data_reads,1299364547072,1299364547072,545187589.725831,enabled
1782984806.775,2026-07-02 09:33:26.777,buffer_data_written,600566917120,600566917120,251985965.367573,enabled
1782984806.775,2026-07-02 09:33:26.777,buffer_pages0_read,7,7,0.002937,enabled
1782984806.775,2026-07-02 09:33:26.777,buffer_pages_created,1816621,1816621,762.218143,enabled
1782984806.775,2026-07-02 09:33:26.777,buffer_pages_read,79530794,79530794,33369.543649,enabled
1782984806.775,2026-07-02 09:33:26.777,buffer_pages_written,26557491,26557491,11142.996486,enabled
1782984806.775,2026-07-02 09:33:26.777,buffer_pool_bytes_data,12856295424,12856295424,0.000000,enabled
1782984806.775,2026-07-02 09:33:26.777,buffer_pool_bytes_dirty,4636606464,4636606464,0.000000,enabled
1782984806.775,2026-07-02 09:33:26.777,buffer_pool_pages_data,784686,784686,0.000000,enabled
1782984806.775,2026-07-02 09:33:26.777,buffer_pool_pages_dirty,282996,282996,0.000000,enabled
1782984806.775,2026-07-02 09:33:26.777,buffer_pool_pages_flushed,26500421,26500421,0.000000,enabled
1782984806.775,2026-07-02 09:33:26.777,buffer_pool_pages_free,1649,1649,0.000000,enabled
1782984806.775,2026-07-02 09:33:26.777,buffer_pool_pages_lru_flushed,0,0,0.000000,enabled
1782984806.775,2026-07-02 09:33:26.777,buffer_pool_pages_misc,96,96,0.000000,enabled
1782984806.775,2026-07-02 09:33:26.777,buffer_pool_pages_total,786432,786432,0.000000,enabled
1782984806.775,2026-07-02 09:33:26.777,buffer_pool_reads,78629786,78629786,32991.499793,enabled
1782984806.775,2026-07-02 09:33:26.777,buffer_pool_read_ahead,803715,803715,337.222881,enabled
1782984806.775,2026-07-02 09:33:26.777,buffer_pool_read_ahead_evicted,25,25,0.010490,enabled
1782984806.775,2026-07-02 09:33:26.777,buffer_pool_read_requests,2932844132,2932844132,1230563.263785,enabled
1782984806.775,2026-07-02 09:33:26.777,buffer_pool_size,12884901888,12884901888,0.000000,enabled
1782984806.775,2026-07-02 09:33:26.777,buffer_pool_wait_free,18945,18945,7.948946,enabled
1782984806.775,2026-07-02 09:33:26.777,buffer_pool_write_requests,612627790,612627790,257046.477168,enabled
1782984806.775,2026-07-02 09:33:26.777,dml_deletes,13448966,13448966,5642.918488,enabled
1782984806.775,2026-07-02 09:33:26.777,dml_inserts,113334373,113334373,47552.847501,enabled
1782984806.775,2026-07-02 09:33:26.777,dml_system_deletes,468,468,0.196363,enabled
1782984806.775,2026-07-02 09:33:26.777,dml_system_inserts,1202,1202,0.504335,enabled
1782984806.775,2026-07-02 09:33:26.777,dml_system_reads,7661,7661,3.214403,enabled
1782984806.775,2026-07-02 09:33:26.777,dml_system_updates,620,620,0.260140,enabled
1782984806.775,2026-07-02 09:33:26.777,dml_updates,26898051,26898051,11285.886895,enabled
1782984806.775,2026-07-02 09:33:26.777,file_num_open_files,35,35,0.000000,enabled
1782984806.775,2026-07-02 09:33:26.777,ibuf_merges,0,0,0.000000,enabled
1782984806.775,2026-07-02 09:33:26.777,ibuf_merges_delete,0,0,0.000000,enabled
1782984806.775,2026-07-02 09:33:26.777,ibuf_merges_delete_mark,0,0,0.000000,enabled
1782984806.775,2026-07-02 09:33:26.777,ibuf_merges_discard_delete,0,0,0.000000,enabled
1782984806.775,2026-07-02 09:33:26.777,ibuf_merges_discard_delete_mark,0,0,0.000000,enabled
1782984806.775,2026-07-02 09:33:26.777,ibuf_merges_discard_insert,0,0,0.000000,enabled
1782984806.775,2026-07-02 09:33:26.777,ibuf_merges_insert,0,0,0.000000,enabled
1782984806.775,2026-07-02 09:33:26.777,ibuf_size,1,1,0.000420,enabled
1782984806.775,2026-07-02 09:33:26.777,innodb_activity_count,18360192,18360192,7703.571297,enabled
1782984806.775,2026-07-02 09:33:26.777,innodb_dblwr_pages_written,26498131,26498131,11118.088530,enabled
1782984806.775,2026-07-02 09:33:26.777,innodb_dblwr_writes,544927,544927,228.640527,enabled
1782984806.775,2026-07-02 09:33:26.777,innodb_page_size,16384,16384,0.000000,enabled
1782984806.775,2026-07-02 09:33:26.777,innodb_rwlock_sx_os_waits,0,0,0.000000,enabled
1782984806.775,2026-07-02 09:33:26.777,innodb_rwlock_sx_spin_rounds,0,0,0.000000,enabled
1782984806.775,2026-07-02 09:33:26.777,innodb_rwlock_sx_spin_waits,0,0,0.000000,enabled
1782984806.775,2026-07-02 09:33:26.777,innodb_rwlock_s_os_waits,0,0,0.000000,enabled
1782984806.775,2026-07-02 09:33:26.777,innodb_rwlock_s_spin_rounds,0,0,0.000000,enabled
1782984806.775,2026-07-02 09:33:26.777,innodb_rwlock_s_spin_waits,0,0,0.000000,enabled
1782984806.775,2026-07-02 09:33:26.777,innodb_rwlock_x_os_waits,0,0,0.000000,enabled
1782984806.775,2026-07-02 09:33:26.777,innodb_rwlock_x_spin_rounds,0,0,0.000000,enabled
1782984806.775,2026-07-02 09:33:26.777,innodb_rwlock_x_spin_waits,0,0,0.000000,enabled
1782984806.775,2026-07-02 09:33:26.777,lock_deadlocks,0,0,0.000000,enabled
1782984806.775,2026-07-02 09:33:26.777,lock_deadlock_false_positives,0,0,0.000000,enabled
1782984806.775,2026-07-02 09:33:26.777,lock_deadlock_rounds,2620,2620,1.099300,enabled
1782984806.775,2026-07-02 09:33:26.777,lock_rec_grant_attempts,425,425,0.178322,enabled
1782984806.775,2026-07-02 09:33:26.777,lock_rec_release_attempts,40877739,40877739,17151.489309,enabled
1782984806.775,2026-07-02 09:33:26.777,lock_row_lock_current_waits,0,0,0.000000,enabled
1782984806.775,2026-07-02 09:33:26.777,lock_row_lock_time,323,323,0.135524,enabled
1782984806.775,2026-07-02 09:33:26.777,lock_row_lock_time_avg,0,0,0.000000,enabled
1782984806.775,2026-07-02 09:33:26.777,lock_row_lock_time_max,29,29,0.000000,enabled
1782984806.775,2026-07-02 09:33:26.777,lock_row_lock_waits,425,425,0.178322,enabled
1782984806.775,2026-07-02 09:33:26.777,lock_schedule_refreshes,2620,2620,1.099300,enabled
1782984806.775,2026-07-02 09:33:26.777,lock_threads_waiting,0,0,0.000000,enabled
1782984806.775,2026-07-02 09:33:26.777,lock_timeouts,0,0,0.000000,enabled
1782984806.775,2026-07-02 09:33:26.777,log_waits,0,0,0.000000,enabled
1782984806.775,2026-07-02 09:33:26.777,log_writes,204686469,204686469,85882.374160,enabled
1782984806.775,2026-07-02 09:33:26.777,log_write_requests,413330555,413330555,173425.285884,enabled
1782984806.775,2026-07-02 09:33:26.777,os_data_fsyncs,57332149,57332149,24055.430986,enabled
1782984806.775,2026-07-02 09:33:26.777,os_data_reads,79606280,79606280,33401.213993,enabled
1782984806.775,2026-07-02 09:33:26.777,os_data_writes,232048409,232048409,97362.903526,enabled
1782984806.775,2026-07-02 09:33:26.777,os_log_bytes_written,129462606336,129462606336,54319938.125552,enabled
1782984806.775,2026-07-02 09:33:26.777,os_log_fsyncs,50101025,50101025,21021.394924,enabled
1782984806.775,2026-07-02 09:33:26.777,os_log_pending_fsyncs,1,1,0.000420,enabled
1782984806.775,2026-07-02 09:33:26.777,os_log_pending_writes,0,0,0.000000,enabled
1782984806.775,2026-07-02 09:33:26.777,trx_rseg_history_len,1068,1068,0.000000,enabled
1782984807.847,2026-07-02 09:33:27.848,adaptive_hash_searches,0,0,0.000000,enabled
1782984807.847,2026-07-02 09:33:27.848,adaptive_hash_searches_btree,608771061,608771061,255313.808463,enabled
1782984807.847,2026-07-02 09:33:27.848,buffer_data_reads,1300298598912,1300298598912,545335094.080102,enabled
1782984807.847,2026-07-02 09:33:27.848,buffer_data_written,600877826048,600877826048,252003475.074853,enabled
1782984807.847,2026-07-02 09:33:27.848,buffer_pages0_read,7,7,0.002936,enabled
1782984807.847,2026-07-02 09:33:27.848,buffer_pages_created,1816655,1816655,761.890949,enabled
1782984807.847,2026-07-02 09:33:27.848,buffer_pages_read,79587975,79587975,33378.576230,enabled
1782984807.847,2026-07-02 09:33:27.848,buffer_pages_written,26573574,26573574,11144.749799,enabled
1782984807.847,2026-07-02 09:33:27.848,buffer_pool_bytes_data,12851232768,12851232768,0.000000,enabled
1782984807.847,2026-07-02 09:33:27.848,buffer_pool_bytes_dirty,4640555008,4640555008,0.000000,enabled
1782984807.847,2026-07-02 09:33:27.848,buffer_pool_pages_data,784377,784377,0.000000,enabled
1782984807.847,2026-07-02 09:33:27.848,buffer_pool_pages_dirty,283237,283237,0.000000,enabled
1782984807.847,2026-07-02 09:33:27.848,buffer_pool_pages_flushed,26516491,26516491,0.000000,enabled
1782984807.847,2026-07-02 09:33:27.848,buffer_pool_pages_free,1960,1960,0.000000,enabled
1782984807.847,2026-07-02 09:33:27.848,buffer_pool_pages_lru_flushed,0,0,0.000000,enabled
1782984807.847,2026-07-02 09:33:27.848,buffer_pool_pages_misc,96,96,0.000000,enabled
1782984807.847,2026-07-02 09:33:27.848,buffer_pool_pages_total,786432,786432,0.000000,enabled
1782984807.847,2026-07-02 09:33:27.848,buffer_pool_reads,78686921,78686921,33000.682232,enabled
1782984807.847,2026-07-02 09:33:27.848,buffer_pool_read_ahead,803715,803715,337.071813,enabled
1782984807.847,2026-07-02 09:33:27.848,buffer_pool_read_ahead_evicted,25,25,0.010485,enabled
1782984807.847,2026-07-02 09:33:27.848,buffer_pool_read_requests,2933680008,2933680008,1230362.556715,enabled
1782984807.847,2026-07-02 09:33:27.848,buffer_pool_size,12884901888,12884901888,0.000000,enabled
1782984807.847,2026-07-02 09:33:27.848,buffer_pool_wait_free,18945,18945,7.945386,enabled
1782984807.847,2026-07-02 09:33:27.848,buffer_pool_write_requests,612741462,612741462,256978.998820,enabled
1782984807.847,2026-07-02 09:33:27.848,dml_deletes,13453832,13453832,5642.431480,enabled
1782984807.847,2026-07-02 09:33:27.848,dml_inserts,113339240,113339240,47533.587177,enabled
1782984807.847,2026-07-02 09:33:27.848,dml_system_deletes,468,468,0.196276,enabled
1782984807.847,2026-07-02 09:33:27.848,dml_system_inserts,1202,1202,0.504109,enabled
1782984807.847,2026-07-02 09:33:27.848,dml_system_reads,7661,7661,3.212963,enabled
1782984807.847,2026-07-02 09:33:27.848,dml_system_updates,620,620,0.260023,enabled
1782984807.847,2026-07-02 09:33:27.848,dml_updates,26907787,26907787,11284.914535,enabled
1782984807.847,2026-07-02 09:33:27.848,file_num_open_files,35,35,0.000000,enabled
1782984807.847,2026-07-02 09:33:27.848,ibuf_merges,0,0,0.000000,enabled
1782984807.847,2026-07-02 09:33:27.848,ibuf_merges_delete,0,0,0.000000,enabled
1782984807.847,2026-07-02 09:33:27.848,ibuf_merges_delete_mark,0,0,0.000000,enabled
1782984807.847,2026-07-02 09:33:27.848,ibuf_merges_discard_delete,0,0,0.000000,enabled
1782984807.847,2026-07-02 09:33:27.848,ibuf_merges_discard_delete_mark,0,0,0.000000,enabled
1782984807.847,2026-07-02 09:33:27.848,ibuf_merges_discard_insert,0,0,0.000000,enabled
1782984807.847,2026-07-02 09:33:27.848,ibuf_merges_insert,0,0,0.000000,enabled
1782984807.847,2026-07-02 09:33:27.848,ibuf_size,1,1,0.000419,enabled
1782984807.847,2026-07-02 09:33:27.848,innodb_activity_count,18365783,18365783,7702.465257,enabled
1782984807.847,2026-07-02 09:33:27.848,innodb_dblwr_pages_written,26514201,26514201,11119.847753,enabled
1782984807.847,2026-07-02 09:33:27.848,innodb_dblwr_writes,545303,545303,228.695798,enabled
1782984807.847,2026-07-02 09:33:27.848,innodb_page_size,16384,16384,0.000000,enabled
1782984807.847,2026-07-02 09:33:27.848,innodb_rwlock_sx_os_waits,0,0,0.000000,enabled
1782984807.847,2026-07-02 09:33:27.848,innodb_rwlock_sx_spin_rounds,0,0,0.000000,enabled
1782984807.847,2026-07-02 09:33:27.848,innodb_rwlock_sx_spin_waits,0,0,0.000000,enabled
1782984807.847,2026-07-02 09:33:27.848,innodb_rwlock_s_os_waits,0,0,0.000000,enabled
1782984807.847,2026-07-02 09:33:27.848,innodb_rwlock_s_spin_rounds,0,0,0.000000,enabled
1782984807.847,2026-07-02 09:33:27.848,innodb_rwlock_s_spin_waits,0,0,0.000000,enabled
1782984807.847,2026-07-02 09:33:27.848,innodb_rwlock_x_os_waits,0,0,0.000000,enabled
1782984807.847,2026-07-02 09:33:27.848,innodb_rwlock_x_spin_rounds,0,0,0.000000,enabled
1782984807.847,2026-07-02 09:33:27.848,innodb_rwlock_x_spin_waits,0,0,0.000000,enabled
1782984807.847,2026-07-02 09:33:27.848,lock_deadlocks,0,0,0.000000,enabled
1782984807.847,2026-07-02 09:33:27.848,lock_deadlock_false_positives,0,0,0.000000,enabled
1782984807.847,2026-07-02 09:33:27.848,lock_deadlock_rounds,2621,2621,1.099227,enabled
1782984807.847,2026-07-02 09:33:27.848,lock_rec_grant_attempts,425,425,0.178242,enabled
1782984807.847,2026-07-02 09:33:27.848,lock_rec_release_attempts,40892530,40892530,17150.008982,enabled
1782984807.847,2026-07-02 09:33:27.848,lock_row_lock_current_waits,0,0,0.000000,enabled
1782984807.847,2026-07-02 09:33:27.848,lock_row_lock_time,323,323,0.135464,enabled
1782984807.847,2026-07-02 09:33:27.848,lock_row_lock_time_avg,0,0,0.000000,enabled
1782984807.847,2026-07-02 09:33:27.848,lock_row_lock_time_max,29,29,0.000000,enabled
1782984807.847,2026-07-02 09:33:27.848,lock_row_lock_waits,425,425,0.178242,enabled
1782984807.847,2026-07-02 09:33:27.848,lock_schedule_refreshes,2621,2621,1.099227,enabled
1782984807.847,2026-07-02 09:33:27.848,lock_threads_waiting,0,0,0.000000,enabled
1782984807.847,2026-07-02 09:33:27.848,lock_timeouts,0,0,0.000000,enabled
1782984807.847,2026-07-02 09:33:27.848,log_waits,0,0,0.000000,enabled
1782984807.847,2026-07-02 09:33:27.848,log_writes,204765723,204765723,85877.140838,enabled
1782984807.847,2026-07-02 09:33:27.848,log_write_requests,413413322,413413322,173382.310166,enabled
1782984807.847,2026-07-02 09:33:27.848,os_data_fsyncs,57366061,57366061,24058.877445,enabled
1782984807.847,2026-07-02 09:33:27.848,os_data_reads,79663316,79663316,33410.171896,enabled
1782984807.847,2026-07-02 09:33:27.848,os_data_writes,232144024,232144024,97359.388623,enabled
1782984807.847,2026-07-02 09:33:27.848,os_log_bytes_written,129503928320,129503928320,54312934.866902,enabled
1782984807.847,2026-07-02 09:33:27.848,os_log_fsyncs,50129914,50129914,21024.093921,enabled
1782984807.847,2026-07-02 09:33:27.848,os_log_pending_fsyncs,1,1,0.000419,enabled
1782984807.847,2026-07-02 09:33:27.848,os_log_pending_writes,0,0,0.000000,enabled
1782984807.847,2026-07-02 09:33:27.848,trx_rseg_history_len,1100,1100,0.000000,enabled
1782984808.915,2026-07-02 09:33:28.916,adaptive_hash_searches,0,0,0.000000,enabled
1782984808.915,2026-07-02 09:33:28.916,adaptive_hash_searches_btree,608938853,608938853,255269.411983,enabled
1782984808.915,2026-07-02 09:33:28.916,buffer_data_reads,1301233142272,1301233142272,545481799.533327,enabled
1782984808.915,2026-07-02 09:33:28.916,buffer_data_written,601190576640,601190576640,252021337.835488,enabled
1782984808.915,2026-07-02 09:33:28.916,buffer_pages0_read,7,7,0.002934,enabled
1782984808.915,2026-07-02 09:33:28.916,buffer_pages_created,1816707,1816707,761.570375,enabled
1782984808.915,2026-07-02 09:33:28.916,buffer_pages_read,79645152,79645152,33387.545632,enabled
1782984808.915,2026-07-02 09:33:28.916,buffer_pages_written,26589743,26589743,11146.519758,enabled
1782984808.915,2026-07-02 09:33:28.916,buffer_pool_bytes_data,12848709632,12848709632,0.000000,enabled
1782984808.915,2026-07-02 09:33:28.916,buffer_pool_bytes_dirty,4641275904,4641275904,0.000000,enabled
1782984808.915,2026-07-02 09:33:28.916,buffer_pool_pages_data,784223,784223,0.000000,enabled
1782984808.915,2026-07-02 09:33:28.916,buffer_pool_pages_dirty,283281,283281,0.000000,enabled
1782984808.915,2026-07-02 09:33:28.916,buffer_pool_pages_flushed,26532673,26532673,0.000000,enabled
1782984808.915,2026-07-02 09:33:28.916,buffer_pool_pages_free,2115,2115,0.000000,enabled
1782984808.915,2026-07-02 09:33:28.916,buffer_pool_pages_lru_flushed,0,0,0.000000,enabled
1782984808.915,2026-07-02 09:33:28.916,buffer_pool_pages_misc,96,96,0.000000,enabled
1782984808.915,2026-07-02 09:33:28.916,buffer_pool_pages_total,786432,786432,0.000000,enabled
1782984808.915,2026-07-02 09:33:28.916,buffer_pool_reads,78744037,78744037,33009.795916,enabled
1782984808.915,2026-07-02 09:33:28.916,buffer_pool_read_ahead,803715,803715,336.920342,enabled
1782984808.915,2026-07-02 09:33:28.916,buffer_pool_read_ahead_evicted,25,25,0.010480,enabled
1782984808.915,2026-07-02 09:33:28.916,buffer_pool_read_requests,2934511631,2934511631,1230158.285783,enabled
1782984808.915,2026-07-02 09:33:28.916,buffer_pool_size,12884901888,12884901888,0.000000,enabled
1782984808.915,2026-07-02 09:33:28.916,buffer_pool_wait_free,18945,18945,7.941815,enabled
1782984808.915,2026-07-02 09:33:28.916,buffer_pool_write_requests,612854742,612854742,256911.007045,enabled
1782984808.915,2026-07-02 09:33:28.916,dml_deletes,13458686,13458686,5641.930628,enabled
1782984808.915,2026-07-02 09:33:28.916,dml_inserts,113344093,113344093,47514.260341,enabled
1782984808.915,2026-07-02 09:33:28.916,dml_system_deletes,468,468,0.196187,enabled
1782984808.915,2026-07-02 09:33:28.916,dml_system_inserts,1202,1202,0.503883,enabled
1782984808.915,2026-07-02 09:33:28.916,dml_system_reads,7661,7661,3.211519,enabled
1782984808.915,2026-07-02 09:33:28.916,dml_system_updates,620,620,0.259906,enabled
1782984808.915,2026-07-02 09:33:28.916,dml_updates,26917492,26917492,11283.911548,enabled
1782984808.915,2026-07-02 09:33:28.916,file_num_open_files,35,35,0.000000,enabled
1782984808.915,2026-07-02 09:33:28.916,ibuf_merges,0,0,0.000000,enabled
1782984808.915,2026-07-02 09:33:28.916,ibuf_merges_delete,0,0,0.000000,enabled
1782984808.915,2026-07-02 09:33:28.916,ibuf_merges_delete_mark,0,0,0.000000,enabled
1782984808.915,2026-07-02 09:33:28.916,ibuf_merges_discard_delete,0,0,0.000000,enabled
1782984808.915,2026-07-02 09:33:28.916,ibuf_merges_discard_delete_mark,0,0,0.000000,enabled
1782984808.915,2026-07-02 09:33:28.916,ibuf_merges_discard_insert,0,0,0.000000,enabled
1782984808.915,2026-07-02 09:33:28.916,ibuf_merges_insert,0,0,0.000000,enabled
1782984808.915,2026-07-02 09:33:28.916,ibuf_size,1,1,0.000419,enabled
1782984808.915,2026-07-02 09:33:28.916,innodb_activity_count,18371353,18371353,7701.338813,enabled
1782984808.915,2026-07-02 09:33:28.916,innodb_dblwr_pages_written,26530383,26530383,11121.634152,enabled
1782984808.915,2026-07-02 09:33:28.916,innodb_dblwr_writes,545660,545660,228.742680,enabled
1782984808.915,2026-07-02 09:33:28.916,innodb_page_size,16384,16384,0.000000,enabled
1782984808.915,2026-07-02 09:33:28.916,innodb_rwlock_sx_os_waits,0,0,0.000000,enabled
1782984808.915,2026-07-02 09:33:28.916,innodb_rwlock_sx_spin_rounds,0,0,0.000000,enabled
1782984808.915,2026-07-02 09:33:28.916,innodb_rwlock_sx_spin_waits,0,0,0.000000,enabled
1782984808.915,2026-07-02 09:33:28.916,innodb_rwlock_s_os_waits,0,0,0.000000,enabled
1782984808.915,2026-07-02 09:33:28.916,innodb_rwlock_s_spin_rounds,0,0,0.000000,enabled
1782984808.915,2026-07-02 09:33:28.916,innodb_rwlock_s_spin_waits,0,0,0.000000,enabled
1782984808.915,2026-07-02 09:33:28.916,innodb_rwlock_x_os_waits,0,0,0.000000,enabled
1782984808.915,2026-07-02 09:33:28.916,innodb_rwlock_x_spin_rounds,0,0,0.000000,enabled
1782984808.915,2026-07-02 09:33:28.916,innodb_rwlock_x_spin_waits,0,0,0.000000,enabled
1782984808.915,2026-07-02 09:33:28.916,lock_deadlocks,0,0,0.000000,enabled
1782984808.915,2026-07-02 09:33:28.916,lock_deadlock_false_positives,0,0,0.000000,enabled
1782984808.915,2026-07-02 09:33:28.916,lock_deadlock_rounds,2622,2622,1.099152,enabled
1782984808.915,2026-07-02 09:33:28.916,lock_rec_grant_attempts,425,425,0.178162,enabled
1782984808.915,2026-07-02 09:33:28.916,lock_rec_release_attempts,40907294,40907294,17148.491409,enabled
1782984808.915,2026-07-02 09:33:28.916,lock_row_lock_current_waits,0,0,0.000000,enabled
1782984808.915,2026-07-02 09:33:28.916,lock_row_lock_time,323,323,0.135403,enabled
1782984808.915,2026-07-02 09:33:28.916,lock_row_lock_time_avg,0,0,0.000000,enabled
1782984808.915,2026-07-02 09:33:28.916,lock_row_lock_time_max,29,29,0.000000,enabled
1782984808.915,2026-07-02 09:33:28.916,lock_row_lock_waits,425,425,0.178162,enabled
1782984808.915,2026-07-02 09:33:28.916,lock_schedule_refreshes,2622,2622,1.099152,enabled
1782984808.915,2026-07-02 09:33:28.916,lock_threads_waiting,0,0,0.000000,enabled
1782984808.915,2026-07-02 09:33:28.916,lock_timeouts,0,0,0.000000,enabled
1782984808.915,2026-07-02 09:33:28.916,log_waits,0,0,0.000000,enabled
1782984808.915,2026-07-02 09:33:28.916,log_writes,204845465,204845465,85871.976947,enabled
1782984808.915,2026-07-02 09:33:28.916,log_write_requests,413495841,413495841,173338.986797,enabled
1782984808.915,2026-07-02 09:33:28.916,os_data_fsyncs,57399767,57399767,24062.195490,enabled
1782984808.915,2026-07-02 09:33:28.916,os_data_reads,79720343,79720343,33419.063886,enabled
1782984808.915,2026-07-02 09:33:28.916,os_data_writes,232240175,232240175,97355.943883,enabled
1782984808.915,2026-07-02 09:33:28.916,os_log_bytes_written,129545738752,129545738752,54306054.665925,enabled
1782984808.915,2026-07-02 09:33:28.916,os_log_fsyncs,50158613,50158613,21026.676785,enabled
1782984808.915,2026-07-02 09:33:28.916,os_log_pending_fsyncs,1,1,0.000419,enabled
1782984808.915,2026-07-02 09:33:28.916,os_log_pending_writes,1,1,0.000419,enabled
1782984808.915,2026-07-02 09:33:28.916,trx_rseg_history_len,1106,1106,0.000000,enabled
1782984809.987,2026-07-02 09:33:29.988,adaptive_hash_searches,0,0,0.000000,enabled
1782984809.987,2026-07-02 09:33:29.988,adaptive_hash_searches_btree,609107139,609107139,255225.241434,enabled
1782984809.987,2026-07-02 09:33:29.988,buffer_data_reads,1302166882816,1302166882816,545627981.702752,enabled
1782984809.987,2026-07-02 09:33:29.988,buffer_data_written,601502015488,601502015488,252038609.469713,enabled
1782984809.987,2026-07-02 09:33:29.988,buffer_pages0_read,7,7,0.002933,enabled
1782984809.987,2026-07-02 09:33:29.988,buffer_pages_created,1816753,1816753,761.247498,enabled
1782984809.987,2026-07-02 09:33:29.988,buffer_pages_read,79702303,79702303,33396.492715,enabled
1782984809.987,2026-07-02 09:33:29.988,buffer_pages_written,26605827,26605827,11148.251391,enabled
1782984809.987,2026-07-02 09:33:29.988,buffer_pool_bytes_data,12853444608,12853444608,0.000000,enabled
1782984809.987,2026-07-02 09:33:29.988,buffer_pool_bytes_dirty,4644093952,4644093952,0.000000,enabled
1782984809.987,2026-07-02 09:33:29.988,buffer_pool_pages_data,784512,784512,0.000000,enabled
1782984809.987,2026-07-02 09:33:29.988,buffer_pool_pages_dirty,283453,283453,0.000000,enabled
1782984809.987,2026-07-02 09:33:29.988,buffer_pool_pages_flushed,26548725,26548725,0.000000,enabled
1782984809.987,2026-07-02 09:33:29.988,buffer_pool_pages_free,1823,1823,0.000000,enabled
1782984809.987,2026-07-02 09:33:29.988,buffer_pool_pages_lru_flushed,0,0,0.000000,enabled
1782984809.987,2026-07-02 09:33:29.988,buffer_pool_pages_misc,96,96,0.000000,enabled
1782984809.987,2026-07-02 09:33:29.988,buffer_pool_pages_total,786432,786432,0.000000,enabled
1782984809.987,2026-07-02 09:33:29.988,buffer_pool_reads,78801125,78801125,33018.886319,enabled
1782984809.987,2026-07-02 09:33:29.988,buffer_pool_read_ahead,803715,803715,336.768973,enabled
1782984809.987,2026-07-02 09:33:29.988,buffer_pool_read_ahead_evicted,25,25,0.010475,enabled
1782984809.987,2026-07-02 09:33:29.988,buffer_pool_read_requests,2935345492,2935345492,1229955.011339,enabled
1782984809.987,2026-07-02 09:33:29.988,buffer_pool_size,12884901888,12884901888,0.000000,enabled
1782984809.987,2026-07-02 09:33:29.988,buffer_pool_wait_free,18945,18945,7.938247,enabled
1782984809.987,2026-07-02 09:33:29.988,buffer_pool_write_requests,612968093,612968093,256843.080074,enabled
1782984809.987,2026-07-02 09:33:29.988,dml_deletes,13463545,13463545,5641.431874,enabled
1782984809.987,2026-07-02 09:33:29.988,dml_inserts,113348953,113348953,47494.950031,enabled
1782984809.987,2026-07-02 09:33:29.988,dml_system_deletes,468,468,0.196099,enabled
1782984809.987,2026-07-02 09:33:29.988,dml_system_inserts,1202,1202,0.503656,enabled
1782984809.987,2026-07-02 09:33:29.988,dml_system_reads,7661,7661,3.210077,enabled
1782984809.987,2026-07-02 09:33:29.988,dml_system_updates,620,620,0.259790,enabled
1782984809.987,2026-07-02 09:33:29.988,dml_updates,26927218,26927218,11282.917373,enabled
1782984809.987,2026-07-02 09:33:29.988,file_num_open_files,35,35,0.000000,enabled
1782984809.987,2026-07-02 09:33:29.988,ibuf_merges,0,0,0.000000,enabled
1782984809.987,2026-07-02 09:33:29.988,ibuf_merges_delete,0,0,0.000000,enabled
1782984809.987,2026-07-02 09:33:29.988,ibuf_merges_delete_mark,0,0,0.000000,enabled
1782984809.987,2026-07-02 09:33:29.988,ibuf_merges_discard_delete,0,0,0.000000,enabled
1782984809.987,2026-07-02 09:33:29.988,ibuf_merges_discard_delete_mark,0,0,0.000000,enabled
1782984809.987,2026-07-02 09:33:29.988,ibuf_merges_discard_insert,0,0,0.000000,enabled
1782984809.987,2026-07-02 09:33:29.988,ibuf_merges_insert,0,0,0.000000,enabled
1782984809.987,2026-07-02 09:33:29.988,ibuf_size,1,1,0.000419,enabled
1782984809.987,2026-07-02 09:33:29.988,innodb_activity_count,18376939,18376939,7700.219446,enabled
1782984809.987,2026-07-02 09:33:29.988,innodb_dblwr_pages_written,26546435,26546435,11123.363568,enabled
1782984809.987,2026-07-02 09:33:29.988,innodb_dblwr_writes,546023,546023,228.792015,enabled
1782984809.987,2026-07-02 09:33:29.988,innodb_page_size,16384,16384,0.000000,enabled
1782984809.987,2026-07-02 09:33:29.988,innodb_rwlock_sx_os_waits,0,0,0.000000,enabled
1782984809.987,2026-07-02 09:33:29.988,innodb_rwlock_sx_spin_rounds,0,0,0.000000,enabled
1782984809.987,2026-07-02 09:33:29.988,innodb_rwlock_sx_spin_waits,0,0,0.000000,enabled
1782984809.987,2026-07-02 09:33:29.988,innodb_rwlock_s_os_waits,0,0,0.000000,enabled
1782984809.987,2026-07-02 09:33:29.988,innodb_rwlock_s_spin_rounds,0,0,0.000000,enabled
1782984809.987,2026-07-02 09:33:29.988,innodb_rwlock_s_spin_waits,0,0,0.000000,enabled
1782984809.987,2026-07-02 09:33:29.988,innodb_rwlock_x_os_waits,0,0,0.000000,enabled
1782984809.987,2026-07-02 09:33:29.988,innodb_rwlock_x_spin_rounds,0,0,0.000000,enabled
1782984809.987,2026-07-02 09:33:29.988,innodb_rwlock_x_spin_waits,0,0,0.000000,enabled
1782984809.987,2026-07-02 09:33:29.988,lock_deadlocks,0,0,0.000000,enabled
1782984809.987,2026-07-02 09:33:29.988,lock_deadlock_false_positives,0,0,0.000000,enabled
1782984809.987,2026-07-02 09:33:29.988,lock_deadlock_rounds,2623,2623,1.099077,enabled
1782984809.987,2026-07-02 09:33:29.988,lock_rec_grant_attempts,425,425,0.178082,enabled
1782984809.987,2026-07-02 09:33:29.988,lock_rec_release_attempts,40922083,40922083,17146.983910,enabled
1782984809.987,2026-07-02 09:33:29.988,lock_row_lock_current_waits,0,0,0.000000,enabled
1782984809.987,2026-07-02 09:33:29.988,lock_row_lock_time,323,323,0.135342,enabled
1782984809.987,2026-07-02 09:33:29.988,lock_row_lock_time_avg,0,0,0.000000,enabled
1782984809.987,2026-07-02 09:33:29.988,lock_row_lock_time_max,29,29,0.000000,enabled
1782984809.987,2026-07-02 09:33:29.988,lock_row_lock_waits,425,425,0.178082,enabled
1782984809.987,2026-07-02 09:33:29.988,lock_schedule_refreshes,2623,2623,1.099077,enabled
1782984809.987,2026-07-02 09:33:29.988,lock_threads_waiting,0,0,0.000000,enabled
1782984809.987,2026-07-02 09:33:29.988,lock_timeouts,0,0,0.000000,enabled
1782984809.987,2026-07-02 09:33:29.988,log_waits,0,0,0.000000,enabled
1782984809.987,2026-07-02 09:33:29.988,log_writes,204924779,204924779,85866.631058,enabled
1782984809.987,2026-07-02 09:33:29.988,log_write_requests,413578450,413578450,173295.725300,enabled
1782984809.987,2026-07-02 09:33:29.988,os_data_fsyncs,57433536,57433536,24065.534821,enabled
1782984809.987,2026-07-02 09:33:29.988,os_data_reads,79777347,79777347,33427.935296,enabled
1782984809.987,2026-07-02 09:33:29.988,os_data_writes,232335845,232335845,97352.292077,enabled
1782984809.987,2026-07-02 09:33:29.988,os_log_bytes_written,129587408384,129587408384,54299116.846595,enabled
1782984809.987,2026-07-02 09:33:29.988,os_log_fsyncs,50187442,50187442,21029.309939,enabled
1782984809.987,2026-07-02 09:33:29.988,os_log_pending_fsyncs,1,1,0.000419,enabled
1782984809.987,2026-07-02 09:33:29.988,os_log_pending_writes,0,0,0.000000,enabled
1782984809.987,2026-07-02 09:33:29.988,trx_rseg_history_len,1131,1131,0.000000,enabled
1782984811.059,2026-07-02 09:33:31.061,adaptive_hash_searches,0,0,0.000000,enabled
1782984811.059,2026-07-02 09:33:31.061,adaptive_hash_searches_btree,609275564,609275564,255181.079456,enabled
1782984811.059,2026-07-02 09:33:31.061,buffer_data_reads,1303102196224,1303102196224,545774500.179015,enabled
1782984811.059,2026-07-02 09:33:31.061,buffer_data_written,601812688896,601812688896,252055456.753583,enabled
1782984811.059,2026-07-02 09:33:31.061,buffer_pages0_read,7,7,0.002932,enabled
1782984811.059,2026-07-02 09:33:31.061,buffer_pages_created,1816789,1816789,760.920456,enabled
1782984811.059,2026-07-02 09:33:31.061,buffer_pages_read,79759550,79759550,33405.460254,enabled
1782984811.059,2026-07-02 09:33:31.061,buffer_pages_written,26621914,26621914,11149.978815,enabled
1782984811.059,2026-07-02 09:33:31.061,buffer_pool_bytes_data,12851396608,12851396608,0.000000,enabled
1782984811.059,2026-07-02 09:33:31.061,buffer_pool_bytes_dirty,4646879232,4646879232,0.000000,enabled
1782984811.059,2026-07-02 09:33:31.061,buffer_pool_pages_data,784387,784387,0.000000,enabled
1782984811.059,2026-07-02 09:33:31.061,buffer_pool_pages_dirty,283623,283623,0.000000,enabled
1782984811.059,2026-07-02 09:33:31.061,buffer_pool_pages_flushed,26564844,26564844,0.000000,enabled
1782984811.059,2026-07-02 09:33:31.061,buffer_pool_pages_free,1948,1948,0.000000,enabled
1782984811.059,2026-07-02 09:33:31.061,buffer_pool_pages_lru_flushed,0,0,0.000000,enabled
1782984811.059,2026-07-02 09:33:31.061,buffer_pool_pages_misc,96,96,0.000000,enabled
1782984811.059,2026-07-02 09:33:31.061,buffer_pool_pages_total,786432,786432,0.000000,enabled
1782984811.059,2026-07-02 09:33:31.061,buffer_pool_reads,78858296,78858296,33027.991811,enabled
1782984811.059,2026-07-02 09:33:31.061,buffer_pool_read_ahead,803715,803715,336.617623,enabled
1782984811.059,2026-07-02 09:33:31.061,buffer_pool_read_ahead_evicted,25,25,0.010471,enabled
1782984811.059,2026-07-02 09:33:31.061,buffer_pool_read_requests,2936180062,2936180062,1229751.788054,enabled
1782984811.059,2026-07-02 09:33:31.061,buffer_pool_size,12884901888,12884901888,0.000000,enabled
1782984811.059,2026-07-02 09:33:31.061,buffer_pool_wait_free,18945,18945,7.934679,enabled
1782984811.059,2026-07-02 09:33:31.061,buffer_pool_write_requests,613081461,613081461,256775.131742,enabled
1782984811.059,2026-07-02 09:33:31.061,dml_deletes,13468412,13468412,5640.934914,enabled
1782984811.059,2026-07-02 09:33:31.061,dml_inserts,113353820,113353820,47475.643122,enabled
1782984811.059,2026-07-02 09:33:31.061,dml_system_deletes,468,468,0.196011,enabled
1782984811.059,2026-07-02 09:33:31.061,dml_system_inserts,1202,1202,0.503430,enabled
1782984811.059,2026-07-02 09:33:31.061,dml_system_reads,7661,7661,3.208634,enabled
1782984811.059,2026-07-02 09:33:31.061,dml_system_updates,620,620,0.259673,enabled
1782984811.059,2026-07-02 09:33:31.061,dml_updates,26936949,26936949,11281.922170,enabled
1782984811.059,2026-07-02 09:33:31.061,file_num_open_files,35,35,0.000000,enabled
1782984811.059,2026-07-02 09:33:31.061,ibuf_merges,0,0,0.000000,enabled
1782984811.059,2026-07-02 09:33:31.061,ibuf_merges_delete,0,0,0.000000,enabled
1782984811.059,2026-07-02 09:33:31.061,ibuf_merges_delete_mark,0,0,0.000000,enabled
1782984811.059,2026-07-02 09:33:31.061,ibuf_merges_discard_delete,0,0,0.000000,enabled
1782984811.059,2026-07-02 09:33:31.061,ibuf_merges_discard_delete_mark,0,0,0.000000,enabled
1782984811.059,2026-07-02 09:33:31.061,ibuf_merges_discard_insert,0,0,0.000000,enabled
1782984811.059,2026-07-02 09:33:31.061,ibuf_merges_insert,0,0,0.000000,enabled
1782984811.059,2026-07-02 09:33:31.061,ibuf_size,1,1,0.000419,enabled
1782984811.059,2026-07-02 09:33:31.061,innodb_activity_count,18382527,18382527,7699.099220,enabled
1782984811.059,2026-07-02 09:33:31.061,innodb_dblwr_pages_written,26562554,26562554,11125.115563,enabled
1782984811.059,2026-07-02 09:33:31.061,innodb_dblwr_writes,546368,546368,228.833686,enabled
1782984811.059,2026-07-02 09:33:31.061,innodb_page_size,16384,16384,0.000000,enabled
1782984811.059,2026-07-02 09:33:31.061,innodb_rwlock_sx_os_waits,0,0,0.000000,enabled
1782984811.059,2026-07-02 09:33:31.061,innodb_rwlock_sx_spin_rounds,0,0,0.000000,enabled
1782984811.059,2026-07-02 09:33:31.061,innodb_rwlock_sx_spin_waits,0,0,0.000000,enabled
1782984811.059,2026-07-02 09:33:31.061,innodb_rwlock_s_os_waits,0,0,0.000000,enabled
1782984811.059,2026-07-02 09:33:31.061,innodb_rwlock_s_spin_rounds,0,0,0.000000,enabled
1782984811.059,2026-07-02 09:33:31.061,innodb_rwlock_s_spin_waits,0,0,0.000000,enabled
1782984811.059,2026-07-02 09:33:31.061,innodb_rwlock_x_os_waits,0,0,0.000000,enabled
1782984811.059,2026-07-02 09:33:31.061,innodb_rwlock_x_spin_rounds,0,0,0.000000,enabled
1782984811.059,2026-07-02 09:33:31.061,innodb_rwlock_x_spin_waits,0,0,0.000000,enabled
1782984811.059,2026-07-02 09:33:31.061,lock_deadlocks,0,0,0.000000,enabled
1782984811.059,2026-07-02 09:33:31.061,lock_deadlock_false_positives,0,0,0.000000,enabled
1782984811.059,2026-07-02 09:33:31.061,lock_deadlock_rounds,2624,2624,1.099002,enabled
1782984811.059,2026-07-02 09:33:31.061,lock_rec_grant_attempts,425,425,0.178002,enabled
1782984811.059,2026-07-02 09:33:31.061,lock_rec_release_attempts,40936882,40936882,17145.475994,enabled
1782984811.059,2026-07-02 09:33:31.061,lock_row_lock_current_waits,0,0,0.000000,enabled
1782984811.059,2026-07-02 09:33:31.061,lock_row_lock_time,323,323,0.135281,enabled
1782984811.059,2026-07-02 09:33:31.061,lock_row_lock_time_avg,0,0,0.000000,enabled
1782984811.059,2026-07-02 09:33:31.061,lock_row_lock_time_max,29,29,0.000000,enabled
1782984811.059,2026-07-02 09:33:31.061,lock_row_lock_waits,425,425,0.178002,enabled
1782984811.059,2026-07-02 09:33:31.061,lock_schedule_refreshes,2624,2624,1.099002,enabled
1782984811.059,2026-07-02 09:33:31.061,lock_threads_waiting,0,0,0.000000,enabled
1782984811.059,2026-07-02 09:33:31.061,lock_timeouts,0,0,0.000000,enabled
1782984811.059,2026-07-02 09:33:31.061,log_waits,0,0,0.000000,enabled
1782984811.059,2026-07-02 09:33:31.061,log_writes,205004171,205004171,85861.292356,enabled
1782984811.059,2026-07-02 09:33:31.061,log_write_requests,413661195,413661195,173252.498511,enabled
1782984811.059,2026-07-02 09:33:31.061,os_data_fsyncs,57467231,57467231,24068.831613,enabled
1782984811.059,2026-07-02 09:33:31.061,os_data_reads,79834426,79834426,33436.818268,enabled
1782984811.059,2026-07-02 09:33:31.061,os_data_writes,232431550,232431550,97348.623647,enabled
1782984811.059,2026-07-02 09:33:31.061,os_log_bytes_written,129628858880,129628858880,54292074.216015,enabled
1782984811.059,2026-07-02 09:33:31.061,os_log_fsyncs,50216167,50216167,21031.889712,enabled
1782984811.059,2026-07-02 09:33:31.061,os_log_pending_fsyncs,1,1,0.000419,enabled
1782984811.059,2026-07-02 09:33:31.061,os_log_pending_writes,1,1,0.000419,enabled
1782984811.059,2026-07-02 09:33:31.061,trx_rseg_history_len,1169,1169,0.000000,enabled
1782984812.132,2026-07-02 09:33:32.134,adaptive_hash_searches,0,0,0.000000,enabled
1782984812.132,2026-07-02 09:33:32.134,adaptive_hash_searches_btree,609440273,609440273,255135.985823,enabled
1782984812.132,2026-07-02 09:33:32.134,buffer_data_reads,1304018192896,1304018192896,545914053.649200,enabled
1782984812.132,2026-07-02 09:33:32.134,buffer_data_written,602120144896,602120144896,252071520.636360,enabled
1782984812.132,2026-07-02 09:33:32.134,buffer_pages0_read,7,7,0.002930,enabled
1782984812.132,2026-07-02 09:33:32.134,buffer_pages_created,1816829,1816829,760.597128,enabled
1782984812.132,2026-07-02 09:33:32.134,buffer_pages_read,79815606,79815606,33413.997853,enabled
1782984812.132,2026-07-02 09:33:32.134,buffer_pages_written,26637810,26637810,11151.650330,enabled
1782984812.132,2026-07-02 09:33:32.134,buffer_pool_bytes_data,12852805632,12852805632,0.000000,enabled
1782984812.132,2026-07-02 09:33:32.134,buffer_pool_bytes_dirty,4649025536,4649025536,0.000000,enabled
1782984812.132,2026-07-02 09:33:32.134,buffer_pool_pages_data,784473,784473,0.000000,enabled
1782984812.132,2026-07-02 09:33:32.134,buffer_pool_pages_dirty,283754,283754,0.000000,enabled
1782984812.132,2026-07-02 09:33:32.134,buffer_pool_pages_flushed,26580740,26580740,0.000000,enabled
1782984812.132,2026-07-02 09:33:32.134,buffer_pool_pages_free,1861,1861,0.000000,enabled
1782984812.132,2026-07-02 09:33:32.134,buffer_pool_pages_lru_flushed,0,0,0.000000,enabled
1782984812.132,2026-07-02 09:33:32.134,buffer_pool_pages_misc,97,97,0.000000,enabled
1782984812.132,2026-07-02 09:33:32.134,buffer_pool_pages_total,786432,786432,0.000000,enabled
1782984812.132,2026-07-02 09:33:32.134,buffer_pool_reads,78914289,78914289,33036.671662,enabled
1782984812.132,2026-07-02 09:33:32.134,buffer_pool_read_ahead,803715,803715,336.467180,enabled
1782984812.132,2026-07-02 09:33:32.134,buffer_pool_read_ahead_evicted,25,25,0.010466,enabled
1782984812.132,2026-07-02 09:33:32.134,buffer_pool_read_requests,2936997120,2936997120,1229544.234473,enabled
1782984812.132,2026-07-02 09:33:32.134,buffer_pool_size,12884901888,12884901888,0.000000,enabled
1782984812.132,2026-07-02 09:33:32.134,buffer_pool_wait_free,18945,18945,7.931133,enabled
1782984812.132,2026-07-02 09:33:32.134,buffer_pool_write_requests,613192818,613192818,256706.991075,enabled
1782984812.132,2026-07-02 09:33:32.134,dml_deletes,13473175,13473175,5640.407837,enabled
1782984812.132,2026-07-02 09:33:32.134,dml_inserts,113358584,113358584,47456.419604,enabled
1782984812.132,2026-07-02 09:33:32.134,dml_system_deletes,468,468,0.195923,enabled
1782984812.132,2026-07-02 09:33:32.134,dml_system_inserts,1202,1202,0.503205,enabled
1782984812.132,2026-07-02 09:33:32.134,dml_system_reads,7661,7661,3.207200,enabled
1782984812.132,2026-07-02 09:33:32.134,dml_system_updates,620,620,0.259557,enabled
1782984812.132,2026-07-02 09:33:32.134,dml_updates,26946474,26946474,11280.867575,enabled
1782984812.132,2026-07-02 09:33:32.134,file_num_open_files,35,35,0.000000,enabled
1782984812.132,2026-07-02 09:33:32.134,ibuf_merges,0,0,0.000000,enabled
1782984812.132,2026-07-02 09:33:32.134,ibuf_merges_delete,0,0,0.000000,enabled
1782984812.132,2026-07-02 09:33:32.134,ibuf_merges_delete_mark,0,0,0.000000,enabled
1782984812.132,2026-07-02 09:33:32.134,ibuf_merges_discard_delete,0,0,0.000000,enabled
1782984812.132,2026-07-02 09:33:32.134,ibuf_merges_discard_delete_mark,0,0,0.000000,enabled
1782984812.132,2026-07-02 09:33:32.134,ibuf_merges_discard_insert,0,0,0.000000,enabled
1782984812.132,2026-07-02 09:33:32.134,ibuf_merges_insert,0,0,0.000000,enabled
1782984812.132,2026-07-02 09:33:32.134,ibuf_size,1,1,0.000419,enabled
1782984812.132,2026-07-02 09:33:32.134,innodb_activity_count,18388002,18388002,7697.950351,enabled
1782984812.132,2026-07-02 09:33:32.134,innodb_dblwr_pages_written,26578450,26578450,11126.798184,enabled
1782984812.132,2026-07-02 09:33:32.134,innodb_dblwr_writes,546732,546732,228.883800,enabled
1782984812.132,2026-07-02 09:33:32.134,innodb_page_size,16384,16384,0.000000,enabled
1782984812.132,2026-07-02 09:33:32.134,innodb_rwlock_sx_os_waits,0,0,0.000000,enabled
1782984812.132,2026-07-02 09:33:32.134,innodb_rwlock_sx_spin_rounds,0,0,0.000000,enabled
1782984812.132,2026-07-02 09:33:32.134,innodb_rwlock_sx_spin_waits,0,0,0.000000,enabled
1782984812.132,2026-07-02 09:33:32.134,innodb_rwlock_s_os_waits,0,0,0.000000,enabled
1782984812.132,2026-07-02 09:33:32.134,innodb_rwlock_s_spin_rounds,0,0,0.000000,enabled
1782984812.132,2026-07-02 09:33:32.134,innodb_rwlock_s_spin_waits,0,0,0.000000,enabled
1782984812.132,2026-07-02 09:33:32.134,innodb_rwlock_x_os_waits,0,0,0.000000,enabled
1782984812.132,2026-07-02 09:33:32.134,innodb_rwlock_x_spin_rounds,0,0,0.000000,enabled
1782984812.132,2026-07-02 09:33:32.134,innodb_rwlock_x_spin_waits,0,0,0.000000,enabled
1782984812.132,2026-07-02 09:33:32.134,lock_deadlocks,0,0,0.000000,enabled
1782984812.132,2026-07-02 09:33:32.134,lock_deadlock_false_positives,0,0,0.000000,enabled
1782984812.132,2026-07-02 09:33:32.134,lock_deadlock_rounds,2625,2625,1.098930,enabled
1782984812.132,2026-07-02 09:33:32.134,lock_rec_grant_attempts,425,425,0.177922,enabled
1782984812.132,2026-07-02 09:33:32.134,lock_rec_release_attempts,40951363,40951363,17143.875548,enabled
1782984812.132,2026-07-02 09:33:32.134,lock_row_lock_current_waits,0,0,0.000000,enabled
1782984812.132,2026-07-02 09:33:32.134,lock_row_lock_time,323,323,0.135221,enabled
1782984812.132,2026-07-02 09:33:32.134,lock_row_lock_time_avg,0,0,0.000000,enabled
1782984812.132,2026-07-02 09:33:32.134,lock_row_lock_time_max,29,29,0.000000,enabled
1782984812.132,2026-07-02 09:33:32.134,lock_row_lock_waits,425,425,0.177922,enabled
1782984812.132,2026-07-02 09:33:32.134,lock_schedule_refreshes,2625,2625,1.098930,enabled
1782984812.132,2026-07-02 09:33:32.134,lock_threads_waiting,0,0,0.000000,enabled
1782984812.132,2026-07-02 09:33:32.134,lock_timeouts,0,0,0.000000,enabled
1782984812.132,2026-07-02 09:33:32.134,log_waits,0,0,0.000000,enabled
1782984812.132,2026-07-02 09:33:32.134,log_writes,205083098,205083098,85855.960556,enabled
1782984812.132,2026-07-02 09:33:32.134,log_write_requests,413742256,413742256,173209.002521,enabled
1782984812.132,2026-07-02 09:33:32.134,os_data_fsyncs,57499870,57499870,24071.738593,enabled
1782984812.132,2026-07-02 09:33:32.134,os_data_reads,79890340,79890340,33445.282286,enabled
1782984812.132,2026-07-02 09:33:32.134,os_data_writes,232526642,232526642,97344.925236,enabled
1782984812.132,2026-07-02 09:33:32.134,os_log_bytes_written,129670087680,129670087680,54285069.653635,enabled
1782984812.132,2026-07-02 09:33:32.134,os_log_fsyncs,50243785,50243785,21034.051995,enabled
1782984812.132,2026-07-02 09:33:32.134,os_log_pending_fsyncs,1,1,0.000419,enabled
1782984812.132,2026-07-02 09:33:32.134,os_log_pending_writes,0,0,0.000000,enabled
1782984812.132,2026-07-02 09:33:32.134,trx_rseg_history_len,1110,1110,0.000000,enabled
1782984813.199,2026-07-02 09:33:33.201,adaptive_hash_searches,0,0,0.000000,enabled
1782984813.199,2026-07-02 09:33:33.201,adaptive_hash_searches_btree,609603265,609603265,255089.780126,enabled
1782984813.199,2026-07-02 09:33:33.201,buffer_data_reads,1304917576192,1304917576192,546045587.778432,enabled
1782984813.199,2026-07-02 09:33:33.201,buffer_data_written,602418432512,602418432512,252083298.503089,enabled
1782984813.199,2026-07-02 09:33:33.201,buffer_pages0_read,7,7,0.002929,enabled
1782984813.199,2026-07-02 09:33:33.201,buffer_pages_created,1816845,1816845,760.262734,enabled
1782984813.199,2026-07-02 09:33:33.201,buffer_pages_read,79870654,79870654,33422.048319,enabled
1782984813.199,2026-07-02 09:33:33.201,buffer_pages_written,26653162,26653162,11153.073455,enabled
1782984813.199,2026-07-02 09:33:33.201,buffer_pool_bytes_data,12860833792,12860833792,0.000000,enabled
1782984813.199,2026-07-02 09:33:33.201,buffer_pool_bytes_dirty,4655120384,4655120384,0.000000,enabled
1782984813.199,2026-07-02 09:33:33.201,buffer_pool_pages_data,784963,784963,0.000000,enabled
1782984813.199,2026-07-02 09:33:33.201,buffer_pool_pages_dirty,284126,284126,0.000000,enabled
1782984813.199,2026-07-02 09:33:33.201,buffer_pool_pages_flushed,26596092,26596092,0.000000,enabled
1782984813.199,2026-07-02 09:33:33.201,buffer_pool_pages_free,1372,1372,0.000000,enabled
1782984813.199,2026-07-02 09:33:33.201,buffer_pool_pages_lru_flushed,0,0,0.000000,enabled
1782984813.199,2026-07-02 09:33:33.201,buffer_pool_pages_misc,97,97,0.000000,enabled
1782984813.199,2026-07-02 09:33:33.201,buffer_pool_pages_total,786432,786432,0.000000,enabled
1782984813.199,2026-07-02 09:33:33.201,buffer_pool_reads,78969272,78969272,33044.864189,enabled
1782984813.199,2026-07-02 09:33:33.201,buffer_pool_read_ahead,803715,803715,336.316292,enabled
1782984813.199,2026-07-02 09:33:33.201,buffer_pool_read_ahead_evicted,25,25,0.010461,enabled
1782984813.199,2026-07-02 09:33:33.201,buffer_pool_read_requests,2937804133,2937804133,1229330.543944,enabled
1782984813.199,2026-07-02 09:33:33.201,buffer_pool_size,12884901888,12884901888,0.000000,enabled
1782984813.199,2026-07-02 09:33:33.201,buffer_pool_wait_free,18945,18945,7.927577,enabled
1782984813.199,2026-07-02 09:33:33.201,buffer_pool_write_requests,613302293,613302293,256637.681330,enabled
1782984813.199,2026-07-02 09:33:33.201,dml_deletes,13477889,13477889,5639.851124,enabled
1782984813.199,2026-07-02 09:33:33.201,dml_inserts,113363297,113363297,47437.111157,enabled
1782984813.199,2026-07-02 09:33:33.201,dml_system_deletes,468,468,0.195836,enabled
1782984813.199,2026-07-02 09:33:33.201,dml_system_inserts,1202,1202,0.502979,enabled
1782984813.199,2026-07-02 09:33:33.201,dml_system_reads,7661,7661,3.205762,enabled
1782984813.199,2026-07-02 09:33:33.201,dml_system_updates,620,620,0.259440,enabled
1782984813.199,2026-07-02 09:33:33.201,dml_updates,26955900,26955900,11279.753291,enabled
1782984813.199,2026-07-02 09:33:33.201,file_num_open_files,35,35,0.000000,enabled
1782984813.199,2026-07-02 09:33:33.201,ibuf_merges,0,0,0.000000,enabled
1782984813.199,2026-07-02 09:33:33.201,ibuf_merges_delete,0,0,0.000000,enabled
1782984813.199,2026-07-02 09:33:33.201,ibuf_merges_delete_mark,0,0,0.000000,enabled
1782984813.199,2026-07-02 09:33:33.201,ibuf_merges_discard_delete,0,0,0.000000,enabled
1782984813.199,2026-07-02 09:33:33.201,ibuf_merges_discard_delete_mark,0,0,0.000000,enabled
1782984813.199,2026-07-02 09:33:33.201,ibuf_merges_discard_insert,0,0,0.000000,enabled
1782984813.199,2026-07-02 09:33:33.201,ibuf_merges_insert,0,0,0.000000,enabled
1782984813.199,2026-07-02 09:33:33.201,ibuf_size,1,1,0.000418,enabled
1782984813.199,2026-07-02 09:33:33.201,innodb_activity_count,18393415,18393415,7696.763467,enabled
1782984813.199,2026-07-02 09:33:33.201,innodb_dblwr_pages_written,26593802,26593802,11128.232715,enabled
1782984813.199,2026-07-02 09:33:33.201,innodb_dblwr_writes,547099,547099,228.934734,enabled
1782984813.199,2026-07-02 09:33:33.201,innodb_page_size,16384,16384,0.000000,enabled
1782984813.199,2026-07-02 09:33:33.201,innodb_rwlock_sx_os_waits,0,0,0.000000,enabled
1782984813.199,2026-07-02 09:33:33.201,innodb_rwlock_sx_spin_rounds,0,0,0.000000,enabled
1782984813.199,2026-07-02 09:33:33.201,innodb_rwlock_sx_spin_waits,0,0,0.000000,enabled
1782984813.199,2026-07-02 09:33:33.201,innodb_rwlock_s_os_waits,0,0,0.000000,enabled
1782984813.199,2026-07-02 09:33:33.201,innodb_rwlock_s_spin_rounds,0,0,0.000000,enabled
1782984813.199,2026-07-02 09:33:33.201,innodb_rwlock_s_spin_waits,0,0,0.000000,enabled
1782984813.199,2026-07-02 09:33:33.201,innodb_rwlock_x_os_waits,0,0,0.000000,enabled
1782984813.199,2026-07-02 09:33:33.201,innodb_rwlock_x_spin_rounds,0,0,0.000000,enabled
1782984813.199,2026-07-02 09:33:33.201,innodb_rwlock_x_spin_waits,0,0,0.000000,enabled
1782984813.199,2026-07-02 09:33:33.201,lock_deadlocks,0,0,0.000000,enabled
1782984813.199,2026-07-02 09:33:33.201,lock_deadlock_false_positives,0,0,0.000000,enabled
1782984813.199,2026-07-02 09:33:33.201,lock_deadlock_rounds,2627,2627,1.099274,enabled
1782984813.199,2026-07-02 09:33:33.201,lock_rec_grant_attempts,425,425,0.177842,enabled
1782984813.199,2026-07-02 09:33:33.201,lock_rec_release_attempts,40965651,40965651,17142.166239,enabled
1782984813.199,2026-07-02 09:33:33.201,lock_row_lock_current_waits,0,0,0.000000,enabled
1782984813.199,2026-07-02 09:33:33.201,lock_row_lock_time,323,323,0.135160,enabled
1782984813.199,2026-07-02 09:33:33.201,lock_row_lock_time_avg,0,0,0.000000,enabled
1782984813.199,2026-07-02 09:33:33.201,lock_row_lock_time_max,29,29,0.000000,enabled
1782984813.199,2026-07-02 09:33:33.201,lock_row_lock_waits,425,425,0.177842,enabled
1782984813.199,2026-07-02 09:33:33.201,lock_schedule_refreshes,2627,2627,1.099274,enabled
1782984813.199,2026-07-02 09:33:33.201,lock_threads_waiting,0,0,0.000000,enabled
1782984813.199,2026-07-02 09:33:33.201,lock_timeouts,0,0,0.000000,enabled
1782984813.199,2026-07-02 09:33:33.201,log_waits,0,0,0.000000,enabled
1782984813.199,2026-07-02 09:33:33.201,log_writes,205161628,205161628,85850.321048,enabled
1782984813.199,2026-07-02 09:33:33.201,log_write_requests,413822537,413822537,173164.923789,enabled
1782984813.199,2026-07-02 09:33:33.201,os_data_fsyncs,57529940,57529940,24073.526784,enabled
1782984813.199,2026-07-02 09:33:33.201,os_data_reads,79945227,79945227,33453.251749,enabled
1782984813.199,2026-07-02 09:33:33.201,os_data_writes,232620787,232620787,97340.667318,enabled
1782984813.199,2026-07-02 09:33:33.201,os_log_bytes_written,129711056384,129711056384,54277869.664864,enabled
1782984813.199,2026-07-02 09:33:33.201,os_log_fsyncs,50269312,50269312,21035.301378,enabled
1782984813.199,2026-07-02 09:33:33.201,os_log_pending_fsyncs,1,1,0.000418,enabled
1782984813.199,2026-07-02 09:33:33.201,os_log_pending_writes,0,0,0.000000,enabled
1782984813.199,2026-07-02 09:33:33.201,trx_rseg_history_len,985,985,0.000000,enabled
1782984814.271,2026-07-02 09:33:34.272,adaptive_hash_searches,0,0,0.000000,enabled
1782984814.271,2026-07-02 09:33:34.272,adaptive_hash_searches_btree,609769409,609769409,255044.903974,enabled
1782984814.271,2026-07-02 09:33:34.272,buffer_data_reads,1305841273344,1305841273344,546187138.449812,enabled
1782984814.271,2026-07-02 09:33:34.272,buffer_data_written,602728542208,602728542208,252099994.239077,enabled
1782984814.271,2026-07-02 09:33:34.272,buffer_pages0_read,7,7,0.002928,enabled
1782984814.271,2026-07-02 09:33:34.272,buffer_pages_created,1816874,1816874,759.934028,enabled
1782984814.271,2026-07-02 09:33:34.272,buffer_pages_read,79927159,79927159,33430.698847,enabled
1782984814.271,2026-07-02 09:33:34.272,buffer_pages_written,26669213,26669213,11154.786961,enabled
1782984814.271,2026-07-02 09:33:34.272,buffer_pool_bytes_data,12858359808,12858359808,0.000000,enabled
1782984814.271,2026-07-02 09:33:34.272,buffer_pool_bytes_dirty,4658741248,4658741248,0.000000,enabled
1782984814.271,2026-07-02 09:33:34.272,buffer_pool_pages_data,784812,784812,0.000000,enabled
1782984814.271,2026-07-02 09:33:34.272,buffer_pool_pages_dirty,284347,284347,0.000000,enabled
1782984814.271,2026-07-02 09:33:34.272,buffer_pool_pages_flushed,26612143,26612143,0.000000,enabled
1782984814.271,2026-07-02 09:33:34.272,buffer_pool_pages_free,1524,1524,0.000000,enabled
1782984814.271,2026-07-02 09:33:34.272,buffer_pool_pages_lru_flushed,0,0,0.000000,enabled
1782984814.271,2026-07-02 09:33:34.272,buffer_pool_pages_misc,96,96,0.000000,enabled
1782984814.271,2026-07-02 09:33:34.272,buffer_pool_pages_total,786432,786432,0.000000,enabled
1782984814.271,2026-07-02 09:33:34.272,buffer_pool_reads,79025718,79025718,33053.659062,enabled
1782984814.271,2026-07-02 09:33:34.272,buffer_pool_read_ahead,803715,803715,336.165517,enabled
1782984814.271,2026-07-02 09:33:34.272,buffer_pool_read_ahead_evicted,25,25,0.010457,enabled
1782984814.271,2026-07-02 09:33:34.272,buffer_pool_read_requests,2938627287,2938627287,1229123.714113,enabled
1782984814.271,2026-07-02 09:33:34.272,buffer_pool_size,12884901888,12884901888,0.000000,enabled
1782984814.271,2026-07-02 09:33:34.272,buffer_pool_wait_free,18945,18945,7.924022,enabled
1782984814.271,2026-07-02 09:33:34.272,buffer_pool_write_requests,613414202,613414202,256569.434682,enabled
1782984814.271,2026-07-02 09:33:34.272,dml_deletes,13482691,13482691,5639.330974,enabled
1782984814.271,2026-07-02 09:33:34.272,dml_inserts,113368098,113368098,47417.850568,enabled
1782984814.271,2026-07-02 09:33:34.272,dml_system_deletes,468,468,0.195748,enabled
1782984814.271,2026-07-02 09:33:34.272,dml_system_inserts,1202,1202,0.502754,enabled
1782984814.271,2026-07-02 09:33:34.272,dml_system_reads,7661,7661,3.204324,enabled
1782984814.271,2026-07-02 09:33:34.272,dml_system_updates,620,620,0.259324,enabled
1782984814.271,2026-07-02 09:33:34.272,dml_updates,26965514,26965514,11278.717147,enabled
1782984814.271,2026-07-02 09:33:34.272,file_num_open_files,35,35,0.000000,enabled
1782984814.271,2026-07-02 09:33:34.272,ibuf_merges,0,0,0.000000,enabled
1782984814.271,2026-07-02 09:33:34.272,ibuf_merges_delete,0,0,0.000000,enabled
1782984814.271,2026-07-02 09:33:34.272,ibuf_merges_delete_mark,0,0,0.000000,enabled
1782984814.271,2026-07-02 09:33:34.272,ibuf_merges_discard_delete,0,0,0.000000,enabled
1782984814.271,2026-07-02 09:33:34.272,ibuf_merges_discard_delete_mark,0,0,0.000000,enabled
1782984814.271,2026-07-02 09:33:34.272,ibuf_merges_discard_insert,0,0,0.000000,enabled
1782984814.271,2026-07-02 09:33:34.272,ibuf_merges_insert,0,0,0.000000,enabled
1782984814.271,2026-07-02 09:33:34.272,ibuf_size,1,1,0.000418,enabled
1782984814.271,2026-07-02 09:33:34.272,innodb_activity_count,18398935,18398935,7695.621445,enabled
1782984814.271,2026-07-02 09:33:34.272,innodb_dblwr_pages_written,26609853,26609853,11129.956909,enabled
1782984814.271,2026-07-02 09:33:34.272,innodb_dblwr_writes,547444,547444,228.976392,enabled
1782984814.271,2026-07-02 09:33:34.272,innodb_page_size,16384,16384,0.000000,enabled
1782984814.271,2026-07-02 09:33:34.272,innodb_rwlock_sx_os_waits,0,0,0.000000,enabled
1782984814.271,2026-07-02 09:33:34.272,innodb_rwlock_sx_spin_rounds,0,0,0.000000,enabled
1782984814.271,2026-07-02 09:33:34.272,innodb_rwlock_sx_spin_waits,0,0,0.000000,enabled
1782984814.271,2026-07-02 09:33:34.272,innodb_rwlock_s_os_waits,0,0,0.000000,enabled
1782984814.271,2026-07-02 09:33:34.272,innodb_rwlock_s_spin_rounds,0,0,0.000000,enabled
1782984814.271,2026-07-02 09:33:34.272,innodb_rwlock_s_spin_waits,0,0,0.000000,enabled
1782984814.271,2026-07-02 09:33:34.272,innodb_rwlock_x_os_waits,0,0,0.000000,enabled
1782984814.271,2026-07-02 09:33:34.272,innodb_rwlock_x_spin_rounds,0,0,0.000000,enabled
1782984814.271,2026-07-02 09:33:34.272,innodb_rwlock_x_spin_waits,0,0,0.000000,enabled
1782984814.271,2026-07-02 09:33:34.272,lock_deadlocks,0,0,0.000000,enabled
1782984814.271,2026-07-02 09:33:34.272,lock_deadlock_false_positives,0,0,0.000000,enabled
1782984814.271,2026-07-02 09:33:34.272,lock_deadlock_rounds,2628,2628,1.099199,enabled
1782984814.271,2026-07-02 09:33:34.272,lock_rec_grant_attempts,425,425,0.177762,enabled
1782984814.271,2026-07-02 09:33:34.272,lock_rec_release_attempts,40980285,40980285,17140.602021,enabled
1782984814.271,2026-07-02 09:33:34.272,lock_row_lock_current_waits,0,0,0.000000,enabled
1782984814.271,2026-07-02 09:33:34.272,lock_row_lock_time,323,323,0.135099,enabled
1782984814.271,2026-07-02 09:33:34.272,lock_row_lock_time_avg,0,0,0.000000,enabled
1782984814.271,2026-07-02 09:33:34.272,lock_row_lock_time_max,29,29,0.000000,enabled
1782984814.271,2026-07-02 09:33:34.272,lock_row_lock_waits,425,425,0.177762,enabled
1782984814.271,2026-07-02 09:33:34.272,lock_schedule_refreshes,2628,2628,1.099199,enabled
1782984814.271,2026-07-02 09:33:34.272,lock_threads_waiting,0,0,0.000000,enabled
1782984814.271,2026-07-02 09:33:34.272,lock_timeouts,0,0,0.000000,enabled
1782984814.271,2026-07-02 09:33:34.272,log_waits,0,0,0.000000,enabled
1782984814.271,2026-07-02 09:33:34.272,log_writes,205239992,205239992,85844.608549,enabled
1782984814.271,2026-07-02 09:33:34.272,log_write_requests,413904205,413904205,173121.447412,enabled
1782984814.271,2026-07-02 09:33:34.272,os_data_fsyncs,57563518,57563518,24076.778517,enabled
1782984814.271,2026-07-02 09:33:34.272,os_data_reads,80001576,80001576,33461.822635,enabled
1782984814.271,2026-07-02 09:33:34.272,os_data_writes,232715454,232715454,97336.622963,enabled
1782984814.271,2026-07-02 09:33:34.272,os_log_bytes_written,129752047104,129752047104,54270680.493394,enabled
1782984814.271,2026-07-02 09:33:34.272,os_log_fsyncs,50298064,50298064,21037.896663,enabled
1782984814.271,2026-07-02 09:33:34.272,os_log_pending_fsyncs,1,1,0.000418,enabled
1782984814.271,2026-07-02 09:33:34.272,os_log_pending_writes,0,0,0.000000,enabled
1782984814.271,2026-07-02 09:33:34.272,trx_rseg_history_len,943,943,0.000000,enabled
1782984815.344,2026-07-02 09:33:35.346,adaptive_hash_searches,0,0,0.000000,enabled
1782984815.344,2026-07-02 09:33:35.346,adaptive_hash_searches_btree,609939628,609939628,255001.683401,enabled
1782984815.344,2026-07-02 09:33:35.346,buffer_data_reads,1306785303040,1306785303040,546336843.756460,enabled
1782984815.344,2026-07-02 09:33:35.346,buffer_data_written,603044499456,603044499456,252119018.684221,enabled
1782984815.344,2026-07-02 09:33:35.346,buffer_pages0_read,7,7,0.002927,enabled
1782984815.344,2026-07-02 09:33:35.346,buffer_pages_created,1816908,1816908,759.607403,enabled
1782984815.344,2026-07-02 09:33:35.346,buffer_pages_read,79984919,79984919,33439.852870,enabled
1782984815.344,2026-07-02 09:33:35.346,buffer_pages_written,26685549,26685549,11156.613600,enabled
1782984815.344,2026-07-02 09:33:35.346,buffer_pool_bytes_data,12860669952,12860669952,0.000000,enabled
1782984815.344,2026-07-02 09:33:35.346,buffer_pool_bytes_dirty,4663459840,4663459840,0.000000,enabled
1782984815.344,2026-07-02 09:33:35.346,buffer_pool_pages_data,784953,784953,0.000000,enabled
1782984815.344,2026-07-02 09:33:35.346,buffer_pool_pages_dirty,284635,284635,0.000000,enabled
1782984815.344,2026-07-02 09:33:35.346,buffer_pool_pages_flushed,26628479,26628479,0.000000,enabled
1782984815.344,2026-07-02 09:33:35.346,buffer_pool_pages_free,1383,1383,0.000000,enabled
1782984815.344,2026-07-02 09:33:35.346,buffer_pool_pages_lru_flushed,0,0,0.000000,enabled
1782984815.344,2026-07-02 09:33:35.346,buffer_pool_pages_misc,97,97,0.000000,enabled
1782984815.344,2026-07-02 09:33:35.346,buffer_pool_pages_total,786432,786432,0.000000,enabled
1782984815.344,2026-07-02 09:33:35.346,buffer_pool_reads,79083427,79083427,33062.960954,enabled
1782984815.344,2026-07-02 09:33:35.346,buffer_pool_read_ahead,803715,803715,336.014742,enabled
1782984815.344,2026-07-02 09:33:35.346,buffer_pool_read_ahead_evicted,25,25,0.010452,enabled
1782984815.344,2026-07-02 09:33:35.346,buffer_pool_read_requests,2939470492,2939470492,1228924.962973,enabled
1782984815.344,2026-07-02 09:33:35.346,buffer_pool_size,12884901888,12884901888,0.000000,enabled
1782984815.344,2026-07-02 09:33:35.346,buffer_pool_wait_free,18945,18945,7.920468,enabled
1782984815.344,2026-07-02 09:33:35.346,buffer_pool_write_requests,613528775,613528775,256502.260375,enabled
1782984815.344,2026-07-02 09:33:35.346,dml_deletes,13487611,13487611,5638.858754,enabled
1782984815.344,2026-07-02 09:33:35.346,dml_inserts,113373020,113373020,47398.642124,enabled
1782984815.344,2026-07-02 09:33:35.346,dml_system_deletes,468,468,0.195660,enabled
1782984815.344,2026-07-02 09:33:35.346,dml_system_inserts,1202,1202,0.502528,enabled
1782984815.344,2026-07-02 09:33:35.346,dml_system_reads,7661,7661,3.202887,enabled
1782984815.344,2026-07-02 09:33:35.346,dml_system_updates,620,620,0.259208,enabled
1782984815.344,2026-07-02 09:33:35.346,dml_updates,26975348,26975348,11277.770177,enabled
1782984815.344,2026-07-02 09:33:35.346,file_num_open_files,35,35,0.000000,enabled
1782984815.344,2026-07-02 09:33:35.346,ibuf_merges,0,0,0.000000,enabled
1782984815.344,2026-07-02 09:33:35.346,ibuf_merges_delete,0,0,0.000000,enabled
1782984815.344,2026-07-02 09:33:35.346,ibuf_merges_delete_mark,0,0,0.000000,enabled
1782984815.344,2026-07-02 09:33:35.346,ibuf_merges_discard_delete,0,0,0.000000,enabled
1782984815.344,2026-07-02 09:33:35.346,ibuf_merges_discard_delete_mark,0,0,0.000000,enabled
1782984815.344,2026-07-02 09:33:35.346,ibuf_merges_discard_insert,0,0,0.000000,enabled
1782984815.344,2026-07-02 09:33:35.346,ibuf_merges_insert,0,0,0.000000,enabled
1782984815.344,2026-07-02 09:33:35.346,ibuf_size,1,1,0.000418,enabled
1782984815.344,2026-07-02 09:33:35.346,innodb_activity_count,18404583,18404583,7694.531339,enabled
1782984815.344,2026-07-02 09:33:35.346,innodb_dblwr_pages_written,26626189,26626189,11131.794969,enabled
1782984815.344,2026-07-02 09:33:35.346,innodb_dblwr_writes,547793,547793,229.019608,enabled
1782984815.344,2026-07-02 09:33:35.346,innodb_page_size,16384,16384,0.000000,enabled
1782984815.344,2026-07-02 09:33:35.346,innodb_rwlock_sx_os_waits,0,0,0.000000,enabled
1782984815.344,2026-07-02 09:33:35.346,innodb_rwlock_sx_spin_rounds,0,0,0.000000,enabled
1782984815.344,2026-07-02 09:33:35.346,innodb_rwlock_sx_spin_waits,0,0,0.000000,enabled
1782984815.344,2026-07-02 09:33:35.346,innodb_rwlock_s_os_waits,0,0,0.000000,enabled
1782984815.344,2026-07-02 09:33:35.346,innodb_rwlock_s_spin_rounds,0,0,0.000000,enabled
1782984815.344,2026-07-02 09:33:35.346,innodb_rwlock_s_spin_waits,0,0,0.000000,enabled
1782984815.344,2026-07-02 09:33:35.346,innodb_rwlock_x_os_waits,0,0,0.000000,enabled
1782984815.344,2026-07-02 09:33:35.346,innodb_rwlock_x_spin_rounds,0,0,0.000000,enabled
1782984815.344,2026-07-02 09:33:35.346,innodb_rwlock_x_spin_waits,0,0,0.000000,enabled
1782984815.344,2026-07-02 09:33:35.346,lock_deadlocks,0,0,0.000000,enabled
1782984815.344,2026-07-02 09:33:35.346,lock_deadlock_false_positives,0,0,0.000000,enabled
1782984815.344,2026-07-02 09:33:35.346,lock_deadlock_rounds,2629,2629,1.099124,enabled
1782984815.344,2026-07-02 09:33:35.346,lock_rec_grant_attempts,425,425,0.177683,enabled
1782984815.344,2026-07-02 09:33:35.346,lock_rec_release_attempts,40995266,40995266,17139.177516,enabled
1782984815.344,2026-07-02 09:33:35.346,lock_row_lock_current_waits,0,0,0.000000,enabled
1782984815.344,2026-07-02 09:33:35.346,lock_row_lock_time,323,323,0.135039,enabled
1782984815.344,2026-07-02 09:33:35.346,lock_row_lock_time_avg,0,0,0.000000,enabled
1782984815.344,2026-07-02 09:33:35.346,lock_row_lock_time_max,29,29,0.000000,enabled
1782984815.344,2026-07-02 09:33:35.346,lock_row_lock_waits,425,425,0.177683,enabled
1782984815.344,2026-07-02 09:33:35.346,lock_schedule_refreshes,2629,2629,1.099124,enabled
1782984815.344,2026-07-02 09:33:35.346,lock_threads_waiting,0,0,0.000000,enabled
1782984815.344,2026-07-02 09:33:35.346,lock_timeouts,0,0,0.000000,enabled
1782984815.344,2026-07-02 09:33:35.346,log_waits,0,0,0.000000,enabled
1782984815.344,2026-07-02 09:33:35.346,log_writes,205320697,205320697,85839.848345,enabled
1782984815.344,2026-07-02 09:33:35.346,log_write_requests,413987772,413987772,173078.740272,enabled
1782984815.344,2026-07-02 09:33:35.346,os_data_fsyncs,57597792,57597792,24080.309183,enabled
1782984815.344,2026-07-02 09:33:35.346,os_data_reads,80059186,80059186,33470.900313,enabled
1782984815.344,2026-07-02 09:33:35.346,os_data_writes,232812744,232812744,97333.641900,enabled
1782984815.344,2026-07-02 09:33:35.346,os_log_bytes_written,129794098688,129794098688,54263920.760687,enabled
1782984815.344,2026-07-02 09:33:35.346,os_log_fsyncs,50327327,50327327,21040.695303,enabled
1782984815.344,2026-07-02 09:33:35.346,os_log_pending_fsyncs,0,0,0.000000,enabled
1782984815.344,2026-07-02 09:33:35.346,os_log_pending_writes,0,0,0.000000,enabled
1782984815.344,2026-07-02 09:33:35.346,trx_rseg_history_len,1032,1032,0.000000,enabled
1782984816.416,2026-07-02 09:33:36.418,adaptive_hash_searches,0,0,0.000000,enabled
1782984816.416,2026-07-02 09:33:36.418,adaptive_hash_searches_btree,610104174,610104174,254956.342631,enabled
1782984816.416,2026-07-02 09:33:36.418,buffer_data_reads,1307700283904,1307700283904,546474748.109887,enabled
1782984816.416,2026-07-02 09:33:36.418,buffer_data_written,603405277184,603405277184,252156974.052453,enabled
1782984816.416,2026-07-02 09:33:36.418,buffer_pages0_read,7,7,0.002925,enabled
1782984816.416,2026-07-02 09:33:36.418,buffer_pages_created,1816943,1816943,759.282145,enabled
1782984816.416,2026-07-02 09:33:36.418,buffer_pages_read,80040930,80040930,33448.296754,enabled
1782984816.416,2026-07-02 09:33:36.418,buffer_pages_written,26704688,26704688,11159.619605,enabled
1782984816.416,2026-07-02 09:33:36.418,buffer_pool_bytes_data,12851937280,12851937280,0.000000,enabled
1782984816.416,2026-07-02 09:33:36.418,buffer_pool_bytes_dirty,4612046848,4612046848,0.000000,enabled
1782984816.416,2026-07-02 09:33:36.418,buffer_pool_pages_data,784420,784420,0.000000,enabled
1782984816.416,2026-07-02 09:33:36.418,buffer_pool_pages_dirty,281497,281497,0.000000,enabled
1782984816.416,2026-07-02 09:33:36.418,buffer_pool_pages_flushed,26644283,26644283,0.000000,enabled
1782984816.416,2026-07-02 09:33:36.418,buffer_pool_pages_free,1916,1916,0.000000,enabled
1782984816.416,2026-07-02 09:33:36.418,buffer_pool_pages_lru_flushed,0,0,0.000000,enabled
1782984816.416,2026-07-02 09:33:36.418,buffer_pool_pages_misc,96,96,0.000000,enabled
1782984816.416,2026-07-02 09:33:36.418,buffer_pool_pages_total,786432,786432,0.000000,enabled
1782984816.416,2026-07-02 09:33:36.418,buffer_pool_reads,79139378,79139378,33071.548438,enabled
1782984816.416,2026-07-02 09:33:36.418,buffer_pool_read_ahead,803715,803715,335.864395,enabled
1782984816.416,2026-07-02 09:33:36.418,buffer_pool_read_ahead_evicted,25,25,0.010447,enabled
1782984816.416,2026-07-02 09:33:36.418,buffer_pool_read_requests,2940285958,2940285958,1228715.861361,enabled
1782984816.416,2026-07-02 09:33:36.418,buffer_pool_size,12884901888,12884901888,0.000000,enabled
1782984816.416,2026-07-02 09:33:36.418,buffer_pool_wait_free,18945,18945,7.916925,enabled
1782984816.416,2026-07-02 09:33:36.418,buffer_pool_write_requests,613639770,613639770,256433.873714,enabled
1782984816.416,2026-07-02 09:33:36.418,dml_deletes,13492362,13492362,5638.320984,enabled
1782984816.416,2026-07-02 09:33:36.418,dml_inserts,113377770,113377770,47379.418103,enabled
1782984816.416,2026-07-02 09:33:36.418,dml_system_deletes,468,468,0.195572,enabled
1782984816.416,2026-07-02 09:33:36.418,dml_system_inserts,1202,1202,0.502304,enabled
1782984816.416,2026-07-02 09:33:36.418,dml_system_reads,7661,7661,3.201454,enabled
1782984816.416,2026-07-02 09:33:36.418,dml_system_updates,620,620,0.259092,enabled
1782984816.416,2026-07-02 09:33:36.418,dml_updates,26984852,26984852,11276.695447,enabled
1782984816.416,2026-07-02 09:33:36.418,file_num_open_files,35,35,0.000000,enabled
1782984816.416,2026-07-02 09:33:36.418,ibuf_merges,0,0,0.000000,enabled
1782984816.416,2026-07-02 09:33:36.418,ibuf_merges_delete,0,0,0.000000,enabled
1782984816.416,2026-07-02 09:33:36.418,ibuf_merges_delete_mark,0,0,0.000000,enabled
1782984816.416,2026-07-02 09:33:36.418,ibuf_merges_discard_delete,0,0,0.000000,enabled
1782984816.416,2026-07-02 09:33:36.418,ibuf_merges_discard_delete_mark,0,0,0.000000,enabled
1782984816.416,2026-07-02 09:33:36.418,ibuf_merges_discard_insert,0,0,0.000000,enabled
1782984816.416,2026-07-02 09:33:36.418,ibuf_merges_insert,0,0,0.000000,enabled
1782984816.416,2026-07-02 09:33:36.418,ibuf_size,1,1,0.000418,enabled
1782984816.416,2026-07-02 09:33:36.418,innodb_activity_count,18410039,18410039,7693.368365,enabled
1782984816.416,2026-07-02 09:33:36.418,innodb_dblwr_pages_written,26644929,26644929,11134.645202,enabled
1782984816.416,2026-07-02 09:33:36.418,innodb_dblwr_writes,548192,548192,229.083869,enabled
1782984816.416,2026-07-02 09:33:36.418,innodb_page_size,16384,16384,0.000000,enabled
1782984816.416,2026-07-02 09:33:36.418,innodb_rwlock_sx_os_waits,0,0,0.000000,enabled
1782984816.416,2026-07-02 09:33:36.418,innodb_rwlock_sx_spin_rounds,0,0,0.000000,enabled
1782984816.416,2026-07-02 09:33:36.418,innodb_rwlock_sx_spin_waits,0,0,0.000000,enabled
1782984816.416,2026-07-02 09:33:36.418,innodb_rwlock_s_os_waits,0,0,0.000000,enabled
1782984816.416,2026-07-02 09:33:36.418,innodb_rwlock_s_spin_rounds,0,0,0.000000,enabled
1782984816.416,2026-07-02 09:33:36.418,innodb_rwlock_s_spin_waits,0,0,0.000000,enabled
1782984816.416,2026-07-02 09:33:36.418,innodb_rwlock_x_os_waits,0,0,0.000000,enabled
1782984816.416,2026-07-02 09:33:36.418,innodb_rwlock_x_spin_rounds,0,0,0.000000,enabled
1782984816.416,2026-07-02 09:33:36.418,innodb_rwlock_x_spin_waits,0,0,0.000000,enabled
1782984816.416,2026-07-02 09:33:36.418,lock_deadlocks,0,0,0.000000,enabled
1782984816.416,2026-07-02 09:33:36.418,lock_deadlock_false_positives,0,0,0.000000,enabled
1782984816.416,2026-07-02 09:33:36.418,lock_deadlock_rounds,2630,2630,1.099051,enabled
1782984816.416,2026-07-02 09:33:36.418,lock_rec_grant_attempts,425,425,0.177603,enabled
1782984816.416,2026-07-02 09:33:36.418,lock_rec_release_attempts,41009710,41009710,17137.544680,enabled
1782984816.416,2026-07-02 09:33:36.418,lock_row_lock_current_waits,0,0,0.000000,enabled
1782984816.416,2026-07-02 09:33:36.418,lock_row_lock_time,323,323,0.134978,enabled
1782984816.416,2026-07-02 09:33:36.418,lock_row_lock_time_avg,0,0,0.000000,enabled
1782984816.416,2026-07-02 09:33:36.418,lock_row_lock_time_max,29,29,0.000000,enabled
1782984816.416,2026-07-02 09:33:36.418,lock_row_lock_waits,425,425,0.177603,enabled
1782984816.416,2026-07-02 09:33:36.418,lock_schedule_refreshes,2630,2630,1.099050,enabled
1782984816.416,2026-07-02 09:33:36.418,lock_threads_waiting,0,0,0.000000,enabled
1782984816.416,2026-07-02 09:33:36.418,lock_timeouts,0,0,0.000000,enabled
1782984816.416,2026-07-02 09:33:36.418,log_waits,0,0,0.000000,enabled
1782984816.416,2026-07-02 09:33:36.418,log_writes,205398873,205398873,85834.107286,enabled
1782984816.416,2026-07-02 09:33:36.418,log_write_requests,414068764,414068764,173035.139964,enabled
1782984816.416,2026-07-02 09:33:36.418,os_data_fsyncs,57631114,57631114,24083.459202,enabled
1782984816.416,2026-07-02 09:33:36.418,os_data_reads,80115021,80115021,33479.256412,enabled
1782984816.416,2026-07-02 09:33:36.418,os_data_writes,232910359,232910359,97330.881606,enabled
1782984816.416,2026-07-02 09:33:36.418,os_log_bytes_written,129834933248,129834933248,54256704.302130,enabled
1782984816.416,2026-07-02 09:33:36.418,os_log_fsyncs,50355357,50355357,21042.993932,enabled
1782984816.416,2026-07-02 09:33:36.418,os_log_pending_fsyncs,0,0,0.000000,enabled
1782984816.416,2026-07-02 09:33:36.418,os_log_pending_writes,0,0,0.000000,enabled
1782984816.416,2026-07-02 09:33:36.418,trx_rseg_history_len,872,872,0.000000,enabled
1782984817.486,2026-07-02 09:33:37.488,adaptive_hash_searches,0,0,0.000000,enabled
1782984817.486,2026-07-02 09:33:37.488,adaptive_hash_searches_btree,610272821,610272821,254912.633240,enabled
1782984817.486,2026-07-02 09:33:37.488,buffer_data_reads,1308631927296,1308631927296,546619226.968296,enabled
1782984817.486,2026-07-02 09:33:37.488,buffer_data_written,603721328128,603721328128,252176092.037803,enabled
1782984817.486,2026-07-02 09:33:37.488,buffer_pages0_read,7,7,0.002924,enabled
1782984817.486,2026-07-02 09:33:37.488,buffer_pages_created,1816970,1816970,758.953473,enabled
1782984817.486,2026-07-02 09:33:37.488,buffer_pages_read,80097953,80097953,33457.139726,enabled
1782984817.486,2026-07-02 09:33:37.488,buffer_pages_written,26721095,26721095,11161.476403,enabled
1782984817.486,2026-07-02 09:33:37.488,buffer_pool_bytes_data,12849545216,12849545216,0.000000,enabled
1782984817.486,2026-07-02 09:33:37.488,buffer_pool_bytes_dirty,4613160960,4613160960,0.000000,enabled
1782984817.486,2026-07-02 09:33:37.488,buffer_pool_pages_data,784273,784273,0.000000,enabled
1782984817.486,2026-07-02 09:33:37.488,buffer_pool_pages_dirty,281565,281565,0.000000,enabled
1782984817.486,2026-07-02 09:33:37.488,buffer_pool_pages_flushed,26664025,26664025,0.000000,enabled
1782984817.486,2026-07-02 09:33:37.488,buffer_pool_pages_free,2061,2061,0.000000,enabled
1782984817.486,2026-07-02 09:33:37.488,buffer_pool_pages_lru_flushed,0,0,0.000000,enabled
1782984817.486,2026-07-02 09:33:37.488,buffer_pool_pages_misc,97,97,0.000000,enabled
1782984817.486,2026-07-02 09:33:37.488,buffer_pool_pages_total,786432,786432,0.000000,enabled
1782984817.486,2026-07-02 09:33:37.488,buffer_pool_reads,79196340,79196340,33080.534679,enabled
1782984817.486,2026-07-02 09:33:37.488,buffer_pool_read_ahead,803715,803715,335.714020,enabled
1782984817.486,2026-07-02 09:33:37.488,buffer_pool_read_ahead_evicted,25,25,0.010443,enabled
1782984817.486,2026-07-02 09:33:37.488,buffer_pool_read_requests,2941121446,2941121446,1228514.720019,enabled
1782984817.486,2026-07-02 09:33:37.488,buffer_pool_size,12884901888,12884901888,0.000000,enabled
1782984817.486,2026-07-02 09:33:37.488,buffer_pool_wait_free,18945,18945,7.913380,enabled
1782984817.486,2026-07-02 09:33:37.488,buffer_pool_write_requests,613753643,613753643,256366.626796,enabled
1782984817.486,2026-07-02 09:33:37.488,dml_deletes,13497238,13497238,5637.833210,enabled
1782984817.486,2026-07-02 09:33:37.488,dml_inserts,113382646,113382646,47360.241228,enabled
1782984817.486,2026-07-02 09:33:37.488,dml_system_deletes,468,468,0.195485,enabled
1782984817.486,2026-07-02 09:33:37.488,dml_system_inserts,1202,1202,0.502079,enabled
1782984817.486,2026-07-02 09:33:37.488,dml_system_reads,7661,7661,3.200021,enabled
1782984817.486,2026-07-02 09:33:37.488,dml_system_updates,620,620,0.258976,enabled
1782984817.486,2026-07-02 09:33:37.488,dml_updates,26994601,26994601,11275.718620,enabled
1782984817.486,2026-07-02 09:33:37.488,file_num_open_files,35,35,0.000000,enabled
1782984817.486,2026-07-02 09:33:37.488,ibuf_merges,0,0,0.000000,enabled
1782984817.486,2026-07-02 09:33:37.488,ibuf_merges_delete,0,0,0.000000,enabled
1782984817.486,2026-07-02 09:33:37.488,ibuf_merges_delete_mark,0,0,0.000000,enabled
1782984817.486,2026-07-02 09:33:37.488,ibuf_merges_discard_delete,0,0,0.000000,enabled
1782984817.486,2026-07-02 09:33:37.488,ibuf_merges_discard_delete_mark,0,0,0.000000,enabled
1782984817.486,2026-07-02 09:33:37.488,ibuf_merges_discard_insert,0,0,0.000000,enabled
1782984817.486,2026-07-02 09:33:37.488,ibuf_merges_insert,0,0,0.000000,enabled
1782984817.486,2026-07-02 09:33:37.488,ibuf_size,1,1,0.000418,enabled
1782984817.486,2026-07-02 09:33:37.488,innodb_activity_count,18415644,18415644,7692.264965,enabled
1782984817.486,2026-07-02 09:33:37.488,innodb_dblwr_pages_written,26661735,26661735,11136.679696,enabled
1782984817.486,2026-07-02 09:33:37.488,innodb_dblwr_writes,548568,548568,229.138355,enabled
1782984817.486,2026-07-02 09:33:37.488,innodb_page_size,16384,16384,0.000000,enabled
1782984817.486,2026-07-02 09:33:37.488,innodb_rwlock_sx_os_waits,0,0,0.000000,enabled
1782984817.486,2026-07-02 09:33:37.488,innodb_rwlock_sx_spin_rounds,0,0,0.000000,enabled
1782984817.486,2026-07-02 09:33:37.488,innodb_rwlock_sx_spin_waits,0,0,0.000000,enabled
1782984817.486,2026-07-02 09:33:37.488,innodb_rwlock_s_os_waits,0,0,0.000000,enabled
1782984817.486,2026-07-02 09:33:37.488,innodb_rwlock_s_spin_rounds,0,0,0.000000,enabled
1782984817.486,2026-07-02 09:33:37.488,innodb_rwlock_s_spin_waits,0,0,0.000000,enabled
1782984817.486,2026-07-02 09:33:37.488,innodb_rwlock_x_os_waits,0,0,0.000000,enabled
1782984817.486,2026-07-02 09:33:37.488,innodb_rwlock_x_spin_rounds,0,0,0.000000,enabled
1782984817.486,2026-07-02 09:33:37.488,innodb_rwlock_x_spin_waits,0,0,0.000000,enabled
1782984817.486,2026-07-02 09:33:37.488,lock_deadlocks,0,0,0.000000,enabled
1782984817.486,2026-07-02 09:33:37.488,lock_deadlock_false_positives,0,0,0.000000,enabled
1782984817.486,2026-07-02 09:33:37.488,lock_deadlock_rounds,2631,2631,1.098976,enabled
1782984817.486,2026-07-02 09:33:37.488,lock_rec_grant_attempts,425,425,0.177524,enabled
1782984817.486,2026-07-02 09:33:37.488,lock_rec_release_attempts,41024529,41024529,17136.061747,enabled
1782984817.486,2026-07-02 09:33:37.488,lock_row_lock_current_waits,0,0,0.000000,enabled
1782984817.486,2026-07-02 09:33:37.488,lock_row_lock_time,323,323,0.134918,enabled
1782984817.486,2026-07-02 09:33:37.488,lock_row_lock_time_avg,0,0,0.000000,enabled
1782984817.486,2026-07-02 09:33:37.488,lock_row_lock_time_max,29,29,0.000000,enabled
1782984817.486,2026-07-02 09:33:37.488,lock_row_lock_waits,425,425,0.177524,enabled
1782984817.486,2026-07-02 09:33:37.488,lock_schedule_refreshes,2631,2631,1.098976,enabled
1782984817.486,2026-07-02 09:33:37.488,lock_threads_waiting,0,0,0.000000,enabled
1782984817.486,2026-07-02 09:33:37.488,lock_timeouts,0,0,0.000000,enabled
1782984817.486,2026-07-02 09:33:37.488,log_waits,0,0,0.000000,enabled
1782984817.486,2026-07-02 09:33:37.488,log_writes,205478919,205478919,85829.111607,enabled
1782984817.486,2026-07-02 09:33:37.488,log_write_requests,414151676,414151676,172992.298298,enabled
1782984817.486,2026-07-02 09:33:37.488,os_data_fsyncs,57665260,57665260,24086.939020,enabled
1782984817.486,2026-07-02 09:33:37.488,os_data_reads,80171882,80171882,33488.017508,enabled
1782984817.486,2026-07-02 09:33:37.488,os_data_writes,233007077,233007077,97327.702324,enabled
1782984817.486,2026-07-02 09:33:37.488,os_log_bytes_written,129876661248,129876661248,54249841.462208,enabled
1782984817.486,2026-07-02 09:33:37.488,os_log_fsyncs,50384423,50384423,21045.713150,enabled
1782984817.486,2026-07-02 09:33:37.488,os_log_pending_fsyncs,1,1,0.000418,enabled
1782984817.486,2026-07-02 09:33:37.488,os_log_pending_writes,1,1,0.000418,enabled
1782984817.486,2026-07-02 09:33:37.488,trx_rseg_history_len,920,920,0.000000,enabled
1782984818.559,2026-07-02 09:33:38.560,adaptive_hash_searches,0,0,0.000000,enabled
1782984818.559,2026-07-02 09:33:38.560,adaptive_hash_searches_btree,610441885,610441885,254869.104048,enabled
1782984818.559,2026-07-02 09:33:38.560,buffer_data_reads,1309569780224,1309569780224,546766074.111704,enabled
1782984818.559,2026-07-02 09:33:38.560,buffer_data_written,604030246400,604030246400,252192171.185512,enabled
1782984818.559,2026-07-02 09:33:38.560,buffer_pages0_read,7,7,0.002923,enabled
1782984818.559,2026-07-02 09:33:38.560,buffer_pages_created,1816998,1816998,758.625379,enabled
1782984818.559,2026-07-02 09:33:38.560,buffer_pages_read,80155361,80155361,33466.129705,enabled
1782984818.559,2026-07-02 09:33:38.560,buffer_pages_written,26737042,26737042,11163.137529,enabled
1782984818.559,2026-07-02 09:33:38.560,buffer_pool_bytes_data,12855951360,12855951360,0.000000,enabled
1782984818.559,2026-07-02 09:33:38.560,buffer_pool_bytes_dirty,4621156352,4621156352,0.000000,enabled
1782984818.559,2026-07-02 09:33:38.560,buffer_pool_pages_data,784665,784665,0.000000,enabled
1782984818.559,2026-07-02 09:33:38.560,buffer_pool_pages_dirty,282053,282053,0.000000,enabled
1782984818.559,2026-07-02 09:33:38.560,buffer_pool_pages_flushed,26679972,26679972,0.000000,enabled
1782984818.559,2026-07-02 09:33:38.560,buffer_pool_pages_free,1670,1670,0.000000,enabled
1782984818.559,2026-07-02 09:33:38.560,buffer_pool_pages_lru_flushed,0,0,0.000000,enabled
1782984818.559,2026-07-02 09:33:38.560,buffer_pool_pages_misc,96,96,0.000000,enabled
1782984818.559,2026-07-02 09:33:38.560,buffer_pool_pages_total,786432,786432,0.000000,enabled
1782984818.559,2026-07-02 09:33:38.560,buffer_pool_reads,79253688,79253688,33089.668143,enabled
1782984818.559,2026-07-02 09:33:38.560,buffer_pool_read_ahead,803715,803715,335.563720,enabled
1782984818.559,2026-07-02 09:33:38.560,buffer_pool_read_ahead_evicted,25,25,0.010438,enabled
1782984818.559,2026-07-02 09:33:38.560,buffer_pool_read_requests,2941958646,2941958646,1228314.254730,enabled
1782984818.559,2026-07-02 09:33:38.560,buffer_pool_size,12884901888,12884901888,0.000000,enabled
1782984818.559,2026-07-02 09:33:38.560,buffer_pool_wait_free,18945,18945,7.909837,enabled
1782984818.559,2026-07-02 09:33:38.560,buffer_pool_write_requests,613866715,613866715,256299.060154,enabled
1782984818.559,2026-07-02 09:33:38.560,dml_deletes,13502125,13502125,5637.349758,enabled
1782984818.559,2026-07-02 09:33:38.560,dml_inserts,113387532,113387532,47341.079756,enabled
1782984818.559,2026-07-02 09:33:38.560,dml_system_deletes,468,468,0.195397,enabled
1782984818.559,2026-07-02 09:33:38.560,dml_system_inserts,1202,1202,0.501854,enabled
1782984818.559,2026-07-02 09:33:38.560,dml_system_reads,7661,7661,3.198588,enabled
1782984818.559,2026-07-02 09:33:38.560,dml_system_updates,620,620,0.258860,enabled
1782984818.559,2026-07-02 09:33:38.560,dml_updates,27004374,27004374,11274.751278,enabled
1782984818.559,2026-07-02 09:33:38.560,file_num_open_files,35,35,0.000000,enabled
1782984818.559,2026-07-02 09:33:38.560,ibuf_merges,0,0,0.000000,enabled
1782984818.559,2026-07-02 09:33:38.560,ibuf_merges_delete,0,0,0.000000,enabled
1782984818.559,2026-07-02 09:33:38.560,ibuf_merges_delete_mark,0,0,0.000000,enabled
1782984818.559,2026-07-02 09:33:38.560,ibuf_merges_discard_delete,0,0,0.000000,enabled
1782984818.559,2026-07-02 09:33:38.560,ibuf_merges_discard_delete_mark,0,0,0.000000,enabled
1782984818.559,2026-07-02 09:33:38.560,ibuf_merges_discard_insert,0,0,0.000000,enabled
1782984818.559,2026-07-02 09:33:38.560,ibuf_merges_insert,0,0,0.000000,enabled
1782984818.559,2026-07-02 09:33:38.560,ibuf_size,1,1,0.000418,enabled
1782984818.559,2026-07-02 09:33:38.560,innodb_activity_count,18421256,18421256,7691.164503,enabled
1782984818.559,2026-07-02 09:33:38.560,innodb_dblwr_pages_written,26677682,26677682,11138.352327,enabled
1782984818.559,2026-07-02 09:33:38.560,innodb_dblwr_writes,548924,548924,229.184414,enabled
1782984818.559,2026-07-02 09:33:38.560,innodb_page_size,16384,16384,0.000000,enabled
1782984818.559,2026-07-02 09:33:38.560,innodb_rwlock_sx_os_waits,0,0,0.000000,enabled
1782984818.559,2026-07-02 09:33:38.560,innodb_rwlock_sx_spin_rounds,0,0,0.000000,enabled
1782984818.559,2026-07-02 09:33:38.560,innodb_rwlock_sx_spin_waits,0,0,0.000000,enabled
1782984818.559,2026-07-02 09:33:38.560,innodb_rwlock_s_os_waits,0,0,0.000000,enabled
1782984818.559,2026-07-02 09:33:38.560,innodb_rwlock_s_spin_rounds,0,0,0.000000,enabled
1782984818.559,2026-07-02 09:33:38.560,innodb_rwlock_s_spin_waits,0,0,0.000000,enabled
1782984818.559,2026-07-02 09:33:38.560,innodb_rwlock_x_os_waits,0,0,0.000000,enabled
1782984818.559,2026-07-02 09:33:38.560,innodb_rwlock_x_spin_rounds,0,0,0.000000,enabled
1782984818.559,2026-07-02 09:33:38.560,innodb_rwlock_x_spin_waits,0,0,0.000000,enabled
1782984818.559,2026-07-02 09:33:38.560,lock_deadlocks,0,0,0.000000,enabled
1782984818.559,2026-07-02 09:33:38.560,lock_deadlock_false_positives,0,0,0.000000,enabled
1782984818.559,2026-07-02 09:33:38.560,lock_deadlock_rounds,2632,2632,1.098902,enabled
1782984818.559,2026-07-02 09:33:38.560,lock_rec_grant_attempts,425,425,0.177444,enabled
1782984818.559,2026-07-02 09:33:38.560,lock_rec_release_attempts,41039406,41039406,17134.601248,enabled
1782984818.559,2026-07-02 09:33:38.560,lock_row_lock_current_waits,0,0,0.000000,enabled
1782984818.559,2026-07-02 09:33:38.560,lock_row_lock_time,323,323,0.134858,enabled
1782984818.559,2026-07-02 09:33:38.560,lock_row_lock_time_avg,0,0,0.000000,enabled
1782984818.559,2026-07-02 09:33:38.560,lock_row_lock_time_max,29,29,0.000000,enabled
1782984818.559,2026-07-02 09:33:38.560,lock_row_lock_waits,425,425,0.177444,enabled
1782984818.559,2026-07-02 09:33:38.560,lock_schedule_refreshes,2632,2632,1.098902,enabled
1782984818.559,2026-07-02 09:33:38.560,lock_threads_waiting,0,0,0.000000,enabled
1782984818.559,2026-07-02 09:33:38.560,lock_timeouts,0,0,0.000000,enabled
1782984818.559,2026-07-02 09:33:38.560,log_waits,0,0,0.000000,enabled
1782984818.559,2026-07-02 09:33:38.560,log_writes,205559022,205559022,85824.132559,enabled
1782984818.559,2026-07-02 09:33:38.560,log_write_requests,414234659,414234659,172949.501128,enabled
1782984818.559,2026-07-02 09:33:38.560,os_data_fsyncs,57699230,57699230,24090.338867,enabled
1782984818.559,2026-07-02 09:33:38.560,os_data_reads,80229137,80229137,33496.930548,enabled
1782984818.559,2026-07-02 09:33:38.560,os_data_writes,233103387,233103387,97324.341908,enabled
1782984818.559,2026-07-02 09:33:38.560,os_log_bytes_written,129918392832,129918392832,54242978.697098,enabled
1782984818.559,2026-07-02 09:33:38.560,os_log_fsyncs,50413497,50413497,21048.430337,enabled
1782984818.559,2026-07-02 09:33:38.560,os_log_pending_fsyncs,0,0,0.000000,enabled
1782984818.559,2026-07-02 09:33:38.560,os_log_pending_writes,0,0,0.000000,enabled
1782984818.559,2026-07-02 09:33:38.560,trx_rseg_history_len,989,989,0.000000,enabled
1782984819.630,2026-07-02 09:33:39.632,adaptive_hash_searches,0,0,0.000000,enabled
1782984819.630,2026-07-02 09:33:39.632,adaptive_hash_searches_btree,610609577,610609577,254825.031207,enabled
1782984819.630,2026-07-02 09:33:39.632,buffer_data_reads,1310500571648,1310500571648,546909837.544198,enabled
1782984819.630,2026-07-02 09:33:39.632,buffer_data_written,604344017408,604344017408,252210258.625994,enabled
1782984819.630,2026-07-02 09:33:39.632,buffer_pages0_read,7,7,0.002921,enabled
1782984819.630,2026-07-02 09:33:39.632,buffer_pages_created,1817045,1817045,758.305502,enabled
1782984819.630,2026-07-02 09:33:39.632,buffer_pages_read,80212349,80212349,33474.936056,enabled
1782984819.630,2026-07-02 09:33:39.632,buffer_pages_written,26753280,26753280,11164.918509,enabled
1782984819.630,2026-07-02 09:33:39.632,buffer_pool_bytes_data,12848054272,12848054272,0.000000,enabled
1782984819.630,2026-07-02 09:33:39.632,buffer_pool_bytes_dirty,4623335424,4623335424,0.000000,enabled
1782984819.630,2026-07-02 09:33:39.632,buffer_pool_pages_data,784183,784183,0.000000,enabled
1782984819.630,2026-07-02 09:33:39.632,buffer_pool_pages_dirty,282186,282186,0.000000,enabled
1782984819.630,2026-07-02 09:33:39.632,buffer_pool_pages_flushed,26696210,26696210,0.000000,enabled
1782984819.630,2026-07-02 09:33:39.632,buffer_pool_pages_free,2153,2153,0.000000,enabled
1782984819.630,2026-07-02 09:33:39.632,buffer_pool_pages_lru_flushed,0,0,0.000000,enabled
1782984819.630,2026-07-02 09:33:39.632,buffer_pool_pages_misc,96,96,0.000000,enabled
1782984819.630,2026-07-02 09:33:39.632,buffer_pool_pages_total,786432,786432,0.000000,enabled
1782984819.630,2026-07-02 09:33:39.632,buffer_pool_reads,79310600,79310600,33098.611201,enabled
1782984819.630,2026-07-02 09:33:39.632,buffer_pool_read_ahead,803715,803715,335.413552,enabled
1782984819.630,2026-07-02 09:33:39.632,buffer_pool_read_ahead_evicted,25,25,0.010433,enabled
1782984819.630,2026-07-02 09:33:39.632,buffer_pool_read_requests,2942789645,2942789645,1228111.372610,enabled
1782984819.630,2026-07-02 09:33:39.632,buffer_pool_size,12884901888,12884901888,0.000000,enabled
1782984819.630,2026-07-02 09:33:39.632,buffer_pool_wait_free,18945,18945,7.906297,enabled
1782984819.630,2026-07-02 09:33:39.632,buffer_pool_write_requests,613979645,613979645,256231.492891,enabled
1782984819.630,2026-07-02 09:33:39.632,dml_deletes,13506974,13506974,5636.850642,enabled
1782984819.630,2026-07-02 09:33:39.632,dml_inserts,113392382,113392382,47321.918435,enabled
1782984819.630,2026-07-02 09:33:39.632,dml_system_deletes,468,468,0.195310,enabled
1782984819.630,2026-07-02 09:33:39.632,dml_system_inserts,1202,1202,0.501629,enabled
1782984819.630,2026-07-02 09:33:39.632,dml_system_reads,7661,7661,3.197157,enabled
1782984819.630,2026-07-02 09:33:39.632,dml_system_updates,620,620,0.258744,enabled
1782984819.630,2026-07-02 09:33:39.632,dml_updates,27014076,27014076,11273.754694,enabled
1782984819.630,2026-07-02 09:33:39.632,file_num_open_files,35,35,0.000000,enabled
1782984819.630,2026-07-02 09:33:39.632,ibuf_merges,0,0,0.000000,enabled
1782984819.630,2026-07-02 09:33:39.632,ibuf_merges_delete,0,0,0.000000,enabled
1782984819.630,2026-07-02 09:33:39.632,ibuf_merges_delete_mark,0,0,0.000000,enabled
1782984819.630,2026-07-02 09:33:39.632,ibuf_merges_discard_delete,0,0,0.000000,enabled
1782984819.630,2026-07-02 09:33:39.632,ibuf_merges_discard_delete_mark,0,0,0.000000,enabled
1782984819.630,2026-07-02 09:33:39.632,ibuf_merges_discard_insert,0,0,0.000000,enabled
1782984819.630,2026-07-02 09:33:39.632,ibuf_merges_insert,0,0,0.000000,enabled
1782984819.630,2026-07-02 09:33:39.632,ibuf_size,1,1,0.000417,enabled
1782984819.630,2026-07-02 09:33:39.632,innodb_activity_count,18426831,18426831,7690.049278,enabled
1782984819.630,2026-07-02 09:33:39.632,innodb_dblwr_pages_written,26693920,26693920,11140.144443,enabled
1782984819.630,2026-07-02 09:33:39.632,innodb_dblwr_writes,549277,549277,229.229170,enabled
1782984819.630,2026-07-02 09:33:39.632,innodb_page_size,16384,16384,0.000000,enabled
1782984819.630,2026-07-02 09:33:39.632,innodb_rwlock_sx_os_waits,0,0,0.000000,enabled
1782984819.630,2026-07-02 09:33:39.632,innodb_rwlock_sx_spin_rounds,0,0,0.000000,enabled
1782984819.630,2026-07-02 09:33:39.632,innodb_rwlock_sx_spin_waits,0,0,0.000000,enabled
1782984819.630,2026-07-02 09:33:39.632,innodb_rwlock_s_os_waits,0,0,0.000000,enabled
1782984819.630,2026-07-02 09:33:39.632,innodb_rwlock_s_spin_rounds,0,0,0.000000,enabled
1782984819.630,2026-07-02 09:33:39.632,innodb_rwlock_s_spin_waits,0,0,0.000000,enabled
1782984819.630,2026-07-02 09:33:39.632,innodb_rwlock_x_os_waits,0,0,0.000000,enabled
1782984819.630,2026-07-02 09:33:39.632,innodb_rwlock_x_spin_rounds,0,0,0.000000,enabled
1782984819.630,2026-07-02 09:33:39.632,innodb_rwlock_x_spin_waits,0,0,0.000000,enabled
1782984819.630,2026-07-02 09:33:39.632,lock_deadlocks,0,0,0.000000,enabled
1782984819.630,2026-07-02 09:33:39.632,lock_deadlock_false_positives,0,0,0.000000,enabled
1782984819.630,2026-07-02 09:33:39.632,lock_deadlock_rounds,2633,2633,1.098827,enabled
1782984819.630,2026-07-02 09:33:39.632,lock_rec_grant_attempts,425,425,0.177365,enabled
1782984819.630,2026-07-02 09:33:39.632,lock_rec_release_attempts,41054152,41054152,17133.087272,enabled
1782984819.630,2026-07-02 09:33:39.632,lock_row_lock_current_waits,0,0,0.000000,enabled
1782984819.630,2026-07-02 09:33:39.632,lock_row_lock_time,323,323,0.134797,enabled
1782984819.630,2026-07-02 09:33:39.632,lock_row_lock_time_avg,0,0,0.000000,enabled
1782984819.630,2026-07-02 09:33:39.632,lock_row_lock_time_max,29,29,0.000000,enabled
1782984819.630,2026-07-02 09:33:39.632,lock_row_lock_waits,425,425,0.177365,enabled
1782984819.630,2026-07-02 09:33:39.632,lock_schedule_refreshes,2633,2633,1.098827,enabled
1782984819.630,2026-07-02 09:33:39.632,lock_threads_waiting,0,0,0.000000,enabled
1782984819.630,2026-07-02 09:33:39.632,lock_timeouts,0,0,0.000000,enabled
1782984819.630,2026-07-02 09:33:39.632,log_waits,0,0,0.000000,enabled
1782984819.630,2026-07-02 09:33:39.632,log_writes,205638581,205638581,85818.927850,enabled
1782984819.630,2026-07-02 09:33:39.632,log_write_requests,414317209,414317209,172906.555356,enabled
1782984819.630,2026-07-02 09:33:39.632,os_data_fsyncs,57733598,57733598,24093.900997,enabled
1782984819.630,2026-07-02 09:33:39.632,os_data_reads,80285943,80285943,33505.647170,enabled
1782984819.630,2026-07-02 09:33:39.632,os_data_writes,233199446,233199446,97320.876624,enabled
1782984819.630,2026-07-02 09:33:39.632,os_log_bytes_written,129960025600,129960025600,54236079.058714,enabled
1782984819.630,2026-07-02 09:33:39.632,os_log_fsyncs,50442997,50442997,21051.322196,enabled
1782984819.630,2026-07-02 09:33:39.632,os_log_pending_fsyncs,1,1,0.000417,enabled
1782984819.630,2026-07-02 09:33:39.632,os_log_pending_writes,0,0,0.000000,enabled
1782984819.630,2026-07-02 09:33:39.632,trx_rseg_history_len,937,937,0.000000,enabled
1782984820.703,2026-07-02 09:33:40.705,adaptive_hash_searches,0,0,0.000000,enabled
1782984820.703,2026-07-02 09:33:40.705,adaptive_hash_searches_btree,610777760,610777760,254781.489002,enabled
1782984820.703,2026-07-02 09:33:40.705,buffer_data_reads,1311428332032,1311428332032,547052834.227729,enabled
1782984820.703,2026-07-02 09:33:40.705,buffer_data_written,604651622912,604651622912,252226046.716547,enabled
1782984820.703,2026-07-02 09:33:40.705,buffer_pages0_read,7,7,0.002920,enabled
1782984820.703,2026-07-02 09:33:40.705,buffer_pages_created,1817075,1817075,757.979688,enabled
1782984820.703,2026-07-02 09:33:40.705,buffer_pages_read,80269113,80269113,33483.679436,enabled
1782984820.703,2026-07-02 09:33:40.705,buffer_pages_written,26769145,26769145,11166.555098,enabled
1782984820.703,2026-07-02 09:33:40.705,buffer_pool_bytes_data,12853084160,12853084160,0.000000,enabled
1782984820.703,2026-07-02 09:33:40.705,buffer_pool_bytes_dirty,4633018368,4633018368,0.000000,enabled
1782984820.703,2026-07-02 09:33:40.705,buffer_pool_pages_data,784490,784490,0.000000,enabled
1782984820.703,2026-07-02 09:33:40.705,buffer_pool_pages_dirty,282777,282777,0.000000,enabled
1782984820.703,2026-07-02 09:33:40.705,buffer_pool_pages_flushed,26712075,26712075,0.000000,enabled
1782984820.703,2026-07-02 09:33:40.705,buffer_pool_pages_free,1846,1846,0.000000,enabled
1782984820.703,2026-07-02 09:33:40.705,buffer_pool_pages_lru_flushed,0,0,0.000000,enabled
1782984820.703,2026-07-02 09:33:40.705,buffer_pool_pages_misc,96,96,0.000000,enabled
1782984820.703,2026-07-02 09:33:40.705,buffer_pool_pages_total,786432,786432,0.000000,enabled
1782984820.703,2026-07-02 09:33:40.705,buffer_pool_reads,79367304,79367304,33107.497604,enabled
1782984820.703,2026-07-02 09:33:40.705,buffer_pool_read_ahead,803715,803715,335.263903,enabled
1782984820.703,2026-07-02 09:33:40.705,buffer_pool_read_ahead_evicted,25,25,0.010429,enabled
1782984820.703,2026-07-02 09:33:40.705,buffer_pool_read_requests,2943621940,2943621940,1227910.622591,enabled
1782984820.703,2026-07-02 09:33:40.705,buffer_pool_size,12884901888,12884901888,0.000000,enabled
1782984820.703,2026-07-02 09:33:40.705,buffer_pool_wait_free,18945,18945,7.902770,enabled
1782984820.703,2026-07-02 09:33:40.705,buffer_pool_write_requests,614092467,614092467,256164.235110,enabled
1782984820.703,2026-07-02 09:33:40.705,dml_deletes,13511836,13511836,5636.363730,enabled
1782984820.703,2026-07-02 09:33:40.705,dml_inserts,113397245,113397245,47302.832809,enabled
1782984820.703,2026-07-02 09:33:40.705,dml_system_deletes,468,468,0.195223,enabled
1782984820.703,2026-07-02 09:33:40.705,dml_system_inserts,1202,1202,0.501406,enabled
1782984820.703,2026-07-02 09:33:40.705,dml_system_reads,7661,7661,3.195730,enabled
1782984820.703,2026-07-02 09:33:40.705,dml_system_updates,620,620,0.258628,enabled
1782984820.703,2026-07-02 09:33:40.705,dml_updates,27023800,27023800,11272.780845,enabled
1782984820.703,2026-07-02 09:33:40.705,file_num_open_files,35,35,0.000000,enabled
1782984820.703,2026-07-02 09:33:40.705,ibuf_merges,0,0,0.000000,enabled
1782984820.703,2026-07-02 09:33:40.705,ibuf_merges_delete,0,0,0.000000,enabled
1782984820.703,2026-07-02 09:33:40.705,ibuf_merges_delete_mark,0,0,0.000000,enabled
1782984820.703,2026-07-02 09:33:40.705,ibuf_merges_discard_delete,0,0,0.000000,enabled
1782984820.703,2026-07-02 09:33:40.705,ibuf_merges_discard_delete_mark,0,0,0.000000,enabled
1782984820.703,2026-07-02 09:33:40.705,ibuf_merges_discard_insert,0,0,0.000000,enabled
1782984820.703,2026-07-02 09:33:40.705,ibuf_merges_insert,0,0,0.000000,enabled
1782984820.703,2026-07-02 09:33:40.705,ibuf_size,1,1,0.000417,enabled
1782984820.703,2026-07-02 09:33:40.705,innodb_activity_count,18432417,18432417,7688.948270,enabled
1782984820.703,2026-07-02 09:33:40.705,innodb_dblwr_pages_written,26709803,26709803,11141.799386,enabled
1782984820.703,2026-07-02 09:33:40.705,innodb_dblwr_writes,549633,549633,229.275395,enabled
1782984820.703,2026-07-02 09:33:40.705,innodb_page_size,16384,16384,0.000000,enabled
1782984820.703,2026-07-02 09:33:40.705,innodb_rwlock_sx_os_waits,0,0,0.000000,enabled
1782984820.703,2026-07-02 09:33:40.705,innodb_rwlock_sx_spin_rounds,0,0,0.000000,enabled
1782984820.703,2026-07-02 09:33:40.705,innodb_rwlock_sx_spin_waits,0,0,0.000000,enabled
1782984820.703,2026-07-02 09:33:40.705,innodb_rwlock_s_os_waits,0,0,0.000000,enabled
1782984820.703,2026-07-02 09:33:40.705,innodb_rwlock_s_spin_rounds,0,0,0.000000,enabled
1782984820.703,2026-07-02 09:33:40.705,innodb_rwlock_s_spin_waits,0,0,0.000000,enabled
1782984820.703,2026-07-02 09:33:40.705,innodb_rwlock_x_os_waits,0,0,0.000000,enabled
1782984820.703,2026-07-02 09:33:40.705,innodb_rwlock_x_spin_rounds,0,0,0.000000,enabled
1782984820.703,2026-07-02 09:33:40.705,innodb_rwlock_x_spin_waits,0,0,0.000000,enabled
1782984820.703,2026-07-02 09:33:40.705,lock_deadlocks,0,0,0.000000,enabled
1782984820.703,2026-07-02 09:33:40.705,lock_deadlock_false_positives,0,0,0.000000,enabled
1782984820.703,2026-07-02 09:33:40.705,lock_deadlock_rounds,2634,2634,1.098754,enabled
1782984820.703,2026-07-02 09:33:40.705,lock_rec_grant_attempts,425,425,0.177286,enabled
1782984820.703,2026-07-02 09:33:40.705,lock_rec_release_attempts,41068922,41068922,17131.604470,enabled
1782984820.703,2026-07-02 09:33:40.705,lock_row_lock_current_waits,0,0,0.000000,enabled
1782984820.703,2026-07-02 09:33:40.705,lock_row_lock_time,323,323,0.134737,enabled
1782984820.703,2026-07-02 09:33:40.705,lock_row_lock_time_avg,0,0,0.000000,enabled
1782984820.703,2026-07-02 09:33:40.705,lock_row_lock_time_max,29,29,0.000000,enabled
1782984820.703,2026-07-02 09:33:40.705,lock_row_lock_waits,425,425,0.177286,enabled
1782984820.703,2026-07-02 09:33:40.705,lock_schedule_refreshes,2634,2634,1.098754,enabled
1782984820.703,2026-07-02 09:33:40.705,lock_threads_waiting,0,0,0.000000,enabled
1782984820.703,2026-07-02 09:33:40.705,lock_timeouts,0,0,0.000000,enabled
1782984820.703,2026-07-02 09:33:40.705,log_waits,0,0,0.000000,enabled
1782984820.703,2026-07-02 09:33:40.705,log_writes,205717695,205717695,85813.638832,enabled
1782984820.703,2026-07-02 09:33:40.705,log_write_requests,414399814,414399814,172863.865665,enabled
1782984820.703,2026-07-02 09:33:40.705,os_data_fsyncs,57767423,57767423,24097.260678,enabled
1782984820.703,2026-07-02 09:33:40.705,os_data_reads,80342534,80342534,33514.304222,enabled
1782984820.703,2026-07-02 09:33:40.705,os_data_writes,233294698,233294698,97317.187885,enabled
1782984820.703,2026-07-02 09:33:40.705,os_log_bytes_written,130001356288,130001356288,54229120.897380,enabled
1782984820.703,2026-07-02 09:33:40.705,os_log_fsyncs,50471877,50471877,21053.976635,enabled
1782984820.703,2026-07-02 09:33:40.705,os_log_pending_fsyncs,1,1,0.000417,enabled
1782984820.703,2026-07-02 09:33:40.705,os_log_pending_writes,0,0,0.000000,enabled
1782984820.703,2026-07-02 09:33:40.705,trx_rseg_history_len,981,981,0.000000,enabled
1782984821.773,2026-07-02 09:33:41.774,adaptive_hash_searches,0,0,0.000000,enabled
1782984821.773,2026-07-02 09:33:41.774,adaptive_hash_searches_btree,610946122,610946122,254737.817719,enabled
1782984821.773,2026-07-02 09:33:41.774,buffer_data_reads,1312361630208,1312361630208,547197472.847715,enabled
1782984821.773,2026-07-02 09:33:41.774,buffer_data_written,604960950784,604960950784,252242290.212750,enabled
1782984821.773,2026-07-02 09:33:41.774,buffer_pages0_read,7,7,0.002919,enabled
1782984821.773,2026-07-02 09:33:41.774,buffer_pages_created,1817103,1817103,757.652582,enabled
1782984821.773,2026-07-02 09:33:41.774,buffer_pages_read,80326226,80326226,33492.527469,enabled
1782984821.773,2026-07-02 09:33:41.774,buffer_pages_written,26785121,26785121,11168.225475,enabled
1782984821.773,2026-07-02 09:33:41.774,buffer_pool_bytes_data,12858343424,12858343424,0.000000,enabled
1782984821.773,2026-07-02 09:33:41.774,buffer_pool_bytes_dirty,4641062912,4641062912,0.000000,enabled
1782984821.773,2026-07-02 09:33:41.774,buffer_pool_pages_data,784811,784811,0.000000,enabled
1782984821.773,2026-07-02 09:33:41.774,buffer_pool_pages_dirty,283268,283268,0.000000,enabled
1782984821.773,2026-07-02 09:33:41.774,buffer_pool_pages_flushed,26728051,26728051,0.000000,enabled
1782984821.773,2026-07-02 09:33:41.774,buffer_pool_pages_free,1525,1525,0.000000,enabled
1782984821.773,2026-07-02 09:33:41.774,buffer_pool_pages_lru_flushed,0,0,0.000000,enabled
1782984821.773,2026-07-02 09:33:41.774,buffer_pool_pages_misc,96,96,0.000000,enabled
1782984821.773,2026-07-02 09:33:41.774,buffer_pool_pages_total,786432,786432,0.000000,enabled
1782984821.773,2026-07-02 09:33:41.774,buffer_pool_reads,79424354,79424354,33116.487393,enabled
1782984821.773,2026-07-02 09:33:41.774,buffer_pool_read_ahead,803715,803715,335.114056,enabled
1782984821.773,2026-07-02 09:33:41.774,buffer_pool_read_ahead_evicted,25,25,0.010424,enabled
1782984821.773,2026-07-02 09:33:41.774,buffer_pool_read_requests,2944455922,2944455922,1227709.537582,enabled
1782984821.773,2026-07-02 09:33:41.774,buffer_pool_size,12884901888,12884901888,0.000000,enabled
1782984821.773,2026-07-02 09:33:41.774,buffer_pool_wait_free,18945,18945,7.899238,enabled
1782984821.773,2026-07-02 09:33:41.774,buffer_pool_write_requests,614205501,614205501,256096.871931,enabled
1782984821.773,2026-07-02 09:33:41.774,dml_deletes,13516708,13516708,5635.876050,enabled
1782984821.773,2026-07-02 09:33:41.774,dml_inserts,113402117,113402117,47283.722908,enabled
1782984821.773,2026-07-02 09:33:41.774,dml_system_deletes,468,468,0.195136,enabled
1782984821.773,2026-07-02 09:33:41.774,dml_system_inserts,1202,1202,0.501181,enabled
1782984821.773,2026-07-02 09:33:41.774,dml_system_reads,7661,7661,3.194302,enabled
1782984821.773,2026-07-02 09:33:41.774,dml_system_updates,620,620,0.258513,enabled
1782984821.773,2026-07-02 09:33:41.774,dml_updates,27033538,27033538,11271.802959,enabled
1782984821.773,2026-07-02 09:33:41.774,file_num_open_files,35,35,0.000000,enabled
1782984821.773,2026-07-02 09:33:41.774,ibuf_merges,0,0,0.000000,enabled
1782984821.773,2026-07-02 09:33:41.774,ibuf_merges_delete,0,0,0.000000,enabled
1782984821.773,2026-07-02 09:33:41.774,ibuf_merges_delete_mark,0,0,0.000000,enabled
1782984821.773,2026-07-02 09:33:41.774,ibuf_merges_discard_delete,0,0,0.000000,enabled
1782984821.773,2026-07-02 09:33:41.774,ibuf_merges_discard_delete_mark,0,0,0.000000,enabled
1782984821.773,2026-07-02 09:33:41.774,ibuf_merges_discard_insert,0,0,0.000000,enabled
1782984821.773,2026-07-02 09:33:41.774,ibuf_merges_insert,0,0,0.000000,enabled
1782984821.773,2026-07-02 09:33:41.774,ibuf_size,1,1,0.000417,enabled
1782984821.773,2026-07-02 09:33:41.774,innodb_activity_count,18438014,18438014,7687.845512,enabled
1782984821.773,2026-07-02 09:33:41.774,innodb_dblwr_pages_written,26725761,26725761,11143.473510,enabled
1782984821.773,2026-07-02 09:33:41.774,innodb_dblwr_writes,549978,549978,229.316773,enabled
1782984821.773,2026-07-02 09:33:41.774,innodb_page_size,16384,16384,0.000000,enabled
1782984821.773,2026-07-02 09:33:41.774,innodb_rwlock_sx_os_waits,0,0,0.000000,enabled
1782984821.773,2026-07-02 09:33:41.774,innodb_rwlock_sx_spin_rounds,0,0,0.000000,enabled
1782984821.773,2026-07-02 09:33:41.774,innodb_rwlock_sx_spin_waits,0,0,0.000000,enabled
1782984821.773,2026-07-02 09:33:41.774,innodb_rwlock_s_os_waits,0,0,0.000000,enabled
1782984821.773,2026-07-02 09:33:41.774,innodb_rwlock_s_spin_rounds,0,0,0.000000,enabled
1782984821.773,2026-07-02 09:33:41.774,innodb_rwlock_s_spin_waits,0,0,0.000000,enabled
1782984821.773,2026-07-02 09:33:41.774,innodb_rwlock_x_os_waits,0,0,0.000000,enabled
1782984821.773,2026-07-02 09:33:41.774,innodb_rwlock_x_spin_rounds,0,0,0.000000,enabled
1782984821.773,2026-07-02 09:33:41.774,innodb_rwlock_x_spin_waits,0,0,0.000000,enabled
1782984821.773,2026-07-02 09:33:41.774,lock_deadlocks,0,0,0.000000,enabled
1782984821.773,2026-07-02 09:33:41.774,lock_deadlock_false_positives,0,0,0.000000,enabled
1782984821.773,2026-07-02 09:33:41.774,lock_deadlock_rounds,2635,2635,1.098680,enabled
1782984821.773,2026-07-02 09:33:41.774,lock_rec_grant_attempts,425,425,0.177206,enabled
1782984821.773,2026-07-02 09:33:41.774,lock_rec_release_attempts,41083726,41083726,17130.119920,enabled
1782984821.773,2026-07-02 09:33:41.774,lock_row_lock_current_waits,0,0,0.000000,enabled
1782984821.773,2026-07-02 09:33:41.774,lock_row_lock_time,323,323,0.134677,enabled
1782984821.773,2026-07-02 09:33:41.774,lock_row_lock_time_avg,0,0,0.000000,enabled
1782984821.773,2026-07-02 09:33:41.774,lock_row_lock_time_max,29,29,0.000000,enabled
1782984821.773,2026-07-02 09:33:41.774,lock_row_lock_waits,425,425,0.177206,enabled
1782984821.773,2026-07-02 09:33:41.774,lock_schedule_refreshes,2635,2635,1.098680,enabled
1782984821.773,2026-07-02 09:33:41.774,lock_threads_waiting,0,0,0.000000,enabled
1782984821.773,2026-07-02 09:33:41.774,lock_timeouts,0,0,0.000000,enabled
1782984821.773,2026-07-02 09:33:41.774,log_waits,0,0,0.000000,enabled
1782984821.773,2026-07-02 09:33:41.774,log_writes,205797660,205797660,85808.627537,enabled
1782984821.773,2026-07-02 09:33:41.774,log_write_requests,414482580,414482580,172821.116373,enabled
1782984821.773,2026-07-02 09:33:41.774,os_data_fsyncs,57801654,57801654,24100.763480,enabled
1782984821.773,2026-07-02 09:33:41.774,os_data_reads,80399484,80399484,33523.070986,enabled
1782984821.773,2026-07-02 09:33:41.774,os_data_writes,233390869,233390869,97313.792018,enabled
1782984821.773,2026-07-02 09:33:41.774,os_log_bytes_written,130042982400,130042982400,54222240.002184,enabled
1782984821.773,2026-07-02 09:33:41.774,os_log_fsyncs,50501213,50501213,21056.798602,enabled
1782984821.773,2026-07-02 09:33:41.774,os_log_pending_fsyncs,1,1,0.000417,enabled
1782984821.773,2026-07-02 09:33:41.774,os_log_pending_writes,0,0,0.000000,enabled
1782984821.773,2026-07-02 09:33:41.774,trx_rseg_history_len,1030,1030,0.000000,enabled
1782984822.845,2026-07-02 09:33:42.846,adaptive_hash_searches,0,0,0.000000,enabled
1782984822.845,2026-07-02 09:33:42.846,adaptive_hash_searches_btree,611115416,611115416,254694.536748,enabled
1782984822.845,2026-07-02 09:33:42.846,buffer_data_reads,1313300646400,1313300646400,547344302.036686,enabled
1782984822.845,2026-07-02 09:33:42.846,buffer_data_written,605273819648,605273819648,252259965.761136,enabled
1782984822.845,2026-07-02 09:33:42.846,buffer_pages0_read,7,7,0.002917,enabled
1782984822.845,2026-07-02 09:33:42.846,buffer_pages_created,1817137,1817137,757.328182,enabled
1782984822.845,2026-07-02 09:33:42.846,buffer_pages_read,80383684,80383684,33501.507527,enabled
1782984822.845,2026-07-02 09:33:42.846,buffer_pages_written,26801342,26801342,11169.995191,enabled
1782984822.845,2026-07-02 09:33:42.846,buffer_pool_bytes_data,12850413568,12850413568,0.000000,enabled
1782984822.845,2026-07-02 09:33:42.846,buffer_pool_bytes_dirty,4644077568,4644077568,0.000000,enabled
1782984822.845,2026-07-02 09:33:42.846,buffer_pool_pages_data,784327,784327,0.000000,enabled
1782984822.845,2026-07-02 09:33:42.846,buffer_pool_pages_dirty,283452,283452,0.000000,enabled
1782984822.845,2026-07-02 09:33:42.846,buffer_pool_pages_flushed,26744272,26744272,0.000000,enabled
1782984822.845,2026-07-02 09:33:42.846,buffer_pool_pages_free,2008,2008,0.000000,enabled
1782984822.845,2026-07-02 09:33:42.846,buffer_pool_pages_lru_flushed,0,0,0.000000,enabled
1782984822.845,2026-07-02 09:33:42.846,buffer_pool_pages_misc,97,97,0.000000,enabled
1782984822.845,2026-07-02 09:33:42.846,buffer_pool_pages_total,786432,786432,0.000000,enabled
1782984822.845,2026-07-02 09:33:42.846,buffer_pool_reads,79481753,79481753,33125.610832,enabled
1782984822.845,2026-07-02 09:33:42.846,buffer_pool_read_ahead,803715,803715,334.964304,enabled
1782984822.845,2026-07-02 09:33:42.846,buffer_pool_read_ahead_evicted,25,25,0.010419,enabled
1782984822.845,2026-07-02 09:33:42.846,buffer_pool_read_requests,2945294940,2945294940,1227510.589989,enabled
1782984822.845,2026-07-02 09:33:42.846,buffer_pool_size,12884901888,12884901888,0.000000,enabled
1782984822.845,2026-07-02 09:33:42.846,buffer_pool_wait_free,18945,18945,7.895708,enabled
1782984822.845,2026-07-02 09:33:42.846,buffer_pool_write_requests,614319195,614319195,256029.814413,enabled
1782984822.845,2026-07-02 09:33:42.846,dml_deletes,13521605,13521605,5635.398378,enabled
1782984822.845,2026-07-02 09:33:42.846,dml_inserts,113407013,113407013,47264.632984,enabled
1782984822.845,2026-07-02 09:33:42.846,dml_system_deletes,468,468,0.195048,enabled
1782984822.845,2026-07-02 09:33:42.846,dml_system_inserts,1202,1202,0.500957,enabled
1782984822.845,2026-07-02 09:33:42.846,dml_system_reads,7661,7661,3.192874,enabled
1782984822.845,2026-07-02 09:33:42.846,dml_system_updates,620,620,0.258397,enabled
1782984822.845,2026-07-02 09:33:42.846,dml_updates,27043334,27043334,11270.848425,enabled
1782984822.845,2026-07-02 09:33:42.846,file_num_open_files,35,35,0.000000,enabled
1782984822.845,2026-07-02 09:33:42.846,ibuf_merges,0,0,0.000000,enabled
1782984822.845,2026-07-02 09:33:42.846,ibuf_merges_delete,0,0,0.000000,enabled
1782984822.845,2026-07-02 09:33:42.846,ibuf_merges_delete_mark,0,0,0.000000,enabled
1782984822.845,2026-07-02 09:33:42.846,ibuf_merges_discard_delete,0,0,0.000000,enabled
1782984822.845,2026-07-02 09:33:42.846,ibuf_merges_discard_delete_mark,0,0,0.000000,enabled
1782984822.845,2026-07-02 09:33:42.846,ibuf_merges_discard_insert,0,0,0.000000,enabled
1782984822.845,2026-07-02 09:33:42.846,ibuf_merges_insert,0,0,0.000000,enabled
1782984822.845,2026-07-02 09:33:42.846,ibuf_size,1,1,0.000417,enabled
1782984822.845,2026-07-02 09:33:42.846,innodb_activity_count,18443641,18443641,7686.755104,enabled
1782984822.845,2026-07-02 09:33:42.846,innodb_dblwr_pages_written,26741982,26741982,11145.254092,enabled
1782984822.845,2026-07-02 09:33:42.846,innodb_dblwr_writes,550343,550343,229.366416,enabled
1782984822.845,2026-07-02 09:33:42.846,innodb_page_size,16384,16384,0.000000,enabled
1782984822.845,2026-07-02 09:33:42.846,innodb_rwlock_sx_os_waits,0,0,0.000000,enabled
1782984822.845,2026-07-02 09:33:42.846,innodb_rwlock_sx_spin_rounds,0,0,0.000000,enabled
1782984822.845,2026-07-02 09:33:42.846,innodb_rwlock_sx_spin_waits,0,0,0.000000,enabled
1782984822.845,2026-07-02 09:33:42.846,innodb_rwlock_s_os_waits,0,0,0.000000,enabled
1782984822.845,2026-07-02 09:33:42.846,innodb_rwlock_s_spin_rounds,0,0,0.000000,enabled
1782984822.845,2026-07-02 09:33:42.846,innodb_rwlock_s_spin_waits,0,0,0.000000,enabled
1782984822.845,2026-07-02 09:33:42.846,innodb_rwlock_x_os_waits,0,0,0.000000,enabled
1782984822.845,2026-07-02 09:33:42.846,innodb_rwlock_x_spin_rounds,0,0,0.000000,enabled
1782984822.845,2026-07-02 09:33:42.846,innodb_rwlock_x_spin_waits,0,0,0.000000,enabled
1782984822.845,2026-07-02 09:33:42.846,lock_deadlocks,0,0,0.000000,enabled
1782984822.845,2026-07-02 09:33:42.846,lock_deadlock_false_positives,0,0,0.000000,enabled
1782984822.845,2026-07-02 09:33:42.846,lock_deadlock_rounds,2636,2636,1.098606,enabled
1782984822.845,2026-07-02 09:33:42.846,lock_rec_grant_attempts,425,425,0.177127,enabled
1782984822.845,2026-07-02 09:33:42.846,lock_rec_release_attempts,41098604,41098604,17128.665714,enabled
1782984822.845,2026-07-02 09:33:42.846,lock_row_lock_current_waits,0,0,0.000000,enabled
1782984822.845,2026-07-02 09:33:42.846,lock_row_lock_time,323,323,0.134617,enabled
1782984822.845,2026-07-02 09:33:42.846,lock_row_lock_time_avg,0,0,0.000000,enabled
1782984822.845,2026-07-02 09:33:42.846,lock_row_lock_time_max,29,29,0.000000,enabled
1782984822.845,2026-07-02 09:33:42.846,lock_row_lock_waits,425,425,0.177127,enabled
1782984822.845,2026-07-02 09:33:42.846,lock_schedule_refreshes,2636,2636,1.098606,enabled
1782984822.845,2026-07-02 09:33:42.846,lock_threads_waiting,0,0,0.000000,enabled
1782984822.845,2026-07-02 09:33:42.846,lock_timeouts,0,0,0.000000,enabled
1782984822.845,2026-07-02 09:33:42.846,log_waits,0,0,0.000000,enabled
1782984822.845,2026-07-02 09:33:42.846,log_writes,205876442,205876442,85803.115635,enabled
1782984822.845,2026-07-02 09:33:42.846,log_write_requests,414565831,414565831,172778.583215,enabled
1782984822.845,2026-07-02 09:33:42.846,os_data_fsyncs,57835836,57835836,24104.239536,enabled
1782984822.845,2026-07-02 09:33:42.846,os_data_reads,80456789,80456789,33531.973447,enabled
1782984822.845,2026-07-02 09:33:42.846,os_data_writes,233486149,233486149,97310.014987,enabled
1782984822.845,2026-07-02 09:33:42.846,os_log_bytes_written,130084088320,130084088320,54215141.261624,enabled
1782984822.845,2026-07-02 09:33:42.846,os_log_fsyncs,50530371,50530371,21059.541064,enabled
1782984822.845,2026-07-02 09:33:42.846,os_log_pending_fsyncs,0,0,0.000000,enabled
1782984822.845,2026-07-02 09:33:42.846,os_log_pending_writes,0,0,0.000000,enabled
1782984822.845,2026-07-02 09:33:42.846,trx_rseg_history_len,1101,1101,0.000000,enabled
1782984823.917,2026-07-02 09:33:43.919,adaptive_hash_searches,0,0,0.000000,enabled
1782984823.917,2026-07-02 09:33:43.919,adaptive_hash_searches_btree,611283556,611283556,254650.848432,enabled
1782984823.917,2026-07-02 09:33:43.919,buffer_data_reads,1314230422016,1314230422016,547487209.318685,enabled
1782984823.917,2026-07-02 09:33:43.919,buffer_data_written,605584325120,605584325120,252276668.073635,enabled
1782984823.917,2026-07-02 09:33:43.919,buffer_pages0_read,7,7,0.002916,enabled
1782984823.917,2026-07-02 09:33:43.919,buffer_pages_created,1817156,1817156,756.997904,enabled
1782984823.917,2026-07-02 09:33:43.919,buffer_pages_read,80440588,80440588,33510.252370,enabled
1782984823.917,2026-07-02 09:33:43.919,buffer_pages_written,26817376,26817376,11171.686617,enabled
1782984823.917,2026-07-02 09:33:43.919,buffer_pool_bytes_data,12852772864,12852772864,0.000000,enabled
1782984823.917,2026-07-02 09:33:43.919,buffer_pool_bytes_dirty,4649730048,4649730048,0.000000,enabled
1782984823.917,2026-07-02 09:33:43.919,buffer_pool_pages_data,784471,784471,0.000000,enabled
1782984823.917,2026-07-02 09:33:43.919,buffer_pool_pages_dirty,283797,283797,0.000000,enabled
1782984823.917,2026-07-02 09:33:43.919,buffer_pool_pages_flushed,26760306,26760306,0.000000,enabled
1782984823.917,2026-07-02 09:33:43.919,buffer_pool_pages_free,1864,1864,0.000000,enabled
1782984823.917,2026-07-02 09:33:43.919,buffer_pool_pages_lru_flushed,0,0,0.000000,enabled
1782984823.917,2026-07-02 09:33:43.919,buffer_pool_pages_misc,96,96,0.000000,enabled
1782984823.917,2026-07-02 09:33:43.919,buffer_pool_pages_total,786432,786432,0.000000,enabled
1782984823.917,2026-07-02 09:33:43.919,buffer_pool_reads,79538590,79538590,33134.495600,enabled
1782984823.917,2026-07-02 09:33:43.919,buffer_pool_read_ahead,803715,803715,334.814721,enabled
1782984823.917,2026-07-02 09:33:43.919,buffer_pool_read_ahead_evicted,25,25,0.010415,enabled
1782984823.917,2026-07-02 09:33:43.919,buffer_pool_read_requests,2946126853,2946126853,1227308.991649,enabled
1782984823.917,2026-07-02 09:33:43.919,buffer_pool_size,12884901888,12884901888,0.000000,enabled
1782984823.917,2026-07-02 09:33:43.919,buffer_pool_wait_free,18945,18945,7.892182,enabled
1782984823.917,2026-07-02 09:33:43.919,buffer_pool_write_requests,614431901,614431901,255962.432678,enabled
1782984823.917,2026-07-02 09:33:43.919,dml_deletes,13526459,13526459,5634.904017,enabled
1782984823.917,2026-07-02 09:33:43.919,dml_inserts,113411868,113411868,47245.549711,enabled
1782984823.917,2026-07-02 09:33:43.919,dml_system_deletes,468,468,0.194961,enabled
1782984823.917,2026-07-02 09:33:43.919,dml_system_inserts,1202,1202,0.500734,enabled
1782984823.917,2026-07-02 09:33:43.919,dml_system_reads,7661,7661,3.191449,enabled
1782984823.917,2026-07-02 09:33:43.919,dml_system_updates,620,620,0.258282,enabled
1782984823.917,2026-07-02 09:33:43.919,dml_updates,27053044,27053044,11269.860513,enabled
1782984823.917,2026-07-02 09:33:43.919,file_num_open_files,35,35,0.000000,enabled
1782984823.917,2026-07-02 09:33:43.919,ibuf_merges,0,0,0.000000,enabled
1782984823.917,2026-07-02 09:33:43.919,ibuf_merges_delete,0,0,0.000000,enabled
1782984823.917,2026-07-02 09:33:43.919,ibuf_merges_delete_mark,0,0,0.000000,enabled
1782984823.917,2026-07-02 09:33:43.919,ibuf_merges_discard_delete,0,0,0.000000,enabled
1782984823.917,2026-07-02 09:33:43.919,ibuf_merges_discard_delete_mark,0,0,0.000000,enabled
1782984823.917,2026-07-02 09:33:43.919,ibuf_merges_discard_insert,0,0,0.000000,enabled
1782984823.917,2026-07-02 09:33:43.919,ibuf_merges_insert,0,0,0.000000,enabled
1782984823.917,2026-07-02 09:33:43.919,ibuf_size,1,1,0.000417,enabled
1782984823.917,2026-07-02 09:33:43.919,innodb_activity_count,18449216,18449216,7685.645070,enabled
1782984823.917,2026-07-02 09:33:43.919,innodb_dblwr_pages_written,26758016,26758016,11146.956729,enabled
1782984823.917,2026-07-02 09:33:43.919,innodb_dblwr_writes,550713,550713,229.418130,enabled
1782984823.917,2026-07-02 09:33:43.919,innodb_page_size,16384,16384,0.000000,enabled
1782984823.917,2026-07-02 09:33:43.919,innodb_rwlock_sx_os_waits,0,0,0.000000,enabled
1782984823.917,2026-07-02 09:33:43.919,innodb_rwlock_sx_spin_rounds,0,0,0.000000,enabled
1782984823.917,2026-07-02 09:33:43.919,innodb_rwlock_sx_spin_waits,0,0,0.000000,enabled
1782984823.917,2026-07-02 09:33:43.919,innodb_rwlock_s_os_waits,0,0,0.000000,enabled
1782984823.917,2026-07-02 09:33:43.919,innodb_rwlock_s_spin_rounds,0,0,0.000000,enabled
1782984823.917,2026-07-02 09:33:43.919,innodb_rwlock_s_spin_waits,0,0,0.000000,enabled
1782984823.917,2026-07-02 09:33:43.919,innodb_rwlock_x_os_waits,0,0,0.000000,enabled
1782984823.917,2026-07-02 09:33:43.919,innodb_rwlock_x_spin_rounds,0,0,0.000000,enabled
1782984823.917,2026-07-02 09:33:43.919,innodb_rwlock_x_spin_waits,0,0,0.000000,enabled
1782984823.917,2026-07-02 09:33:43.919,lock_deadlocks,0,0,0.000000,enabled
1782984823.917,2026-07-02 09:33:43.919,lock_deadlock_false_positives,0,0,0.000000,enabled
1782984823.917,2026-07-02 09:33:43.919,lock_deadlock_rounds,2637,2637,1.098532,enabled
1782984823.917,2026-07-02 09:33:43.919,lock_rec_grant_attempts,425,425,0.177048,enabled
1782984823.917,2026-07-02 09:33:43.919,lock_rec_release_attempts,41113342,41113342,17127.156312,enabled
1782984823.917,2026-07-02 09:33:43.919,lock_row_lock_current_waits,0,0,0.000000,enabled
1782984823.917,2026-07-02 09:33:43.919,lock_row_lock_time,323,323,0.134557,enabled
1782984823.917,2026-07-02 09:33:43.919,lock_row_lock_time_avg,0,0,0.000000,enabled
1782984823.917,2026-07-02 09:33:43.919,lock_row_lock_time_max,29,29,0.000000,enabled
1782984823.917,2026-07-02 09:33:43.919,lock_row_lock_waits,425,425,0.177048,enabled
1782984823.917,2026-07-02 09:33:43.919,lock_schedule_refreshes,2637,2637,1.098532,enabled
1782984823.917,2026-07-02 09:33:43.919,lock_threads_waiting,0,0,0.000000,enabled
1782984823.917,2026-07-02 09:33:43.919,lock_timeouts,0,0,0.000000,enabled
1782984823.917,2026-07-02 09:33:43.919,log_waits,0,0,0.000000,enabled
1782984823.917,2026-07-02 09:33:43.919,log_writes,205956524,205956524,85798.161354,enabled
1782984823.917,2026-07-02 09:33:43.919,log_write_requests,414648271,414648271,172735.772547,enabled
1782984823.917,2026-07-02 09:33:43.919,os_data_fsyncs,57869457,57869457,24107.481733,enabled
1782984823.917,2026-07-02 09:33:43.919,os_data_reads,80513536,80513536,33540.639592,enabled
1782984823.917,2026-07-02 09:33:43.919,os_data_writes,233582523,233582523,97306.708951,enabled
1782984823.917,2026-07-02 09:33:43.919,os_log_bytes_written,130125862912,130125862912,54208334.071797,enabled
1782984823.917,2026-07-02 09:33:43.919,os_log_fsyncs,50559054,50559054,21062.085786,enabled
1782984823.917,2026-07-02 09:33:43.919,os_log_pending_fsyncs,0,0,0.000000,enabled
1782984823.917,2026-07-02 09:33:43.919,os_log_pending_writes,1,1,0.000417,enabled
1782984823.917,2026-07-02 09:33:43.919,trx_rseg_history_len,1238,1238,0.000000,enabled
1782984824.989,2026-07-02 09:33:44.990,adaptive_hash_searches,0,0,0.000000,enabled
1782984824.989,2026-07-02 09:33:44.990,adaptive_hash_searches_btree,611452567,611452567,254607.441194,enabled
1782984824.989,2026-07-02 09:33:44.990,buffer_data_reads,1315164162560,1315164162560,547631398.452103,enabled
1782984824.989,2026-07-02 09:33:44.990,buffer_data_written,605896892416,605896892416,252294102.658103,enabled
1782984824.989,2026-07-02 09:33:44.990,buffer_pages0_read,7,7,0.002915,enabled
1782984824.989,2026-07-02 09:33:44.990,buffer_pages_created,1817190,1817190,756.673834,enabled
1782984824.989,2026-07-02 09:33:44.990,buffer_pages_read,80497725,80497725,33519.071644,enabled
1782984824.989,2026-07-02 09:33:44.990,buffer_pages_written,26833520,26833520,11173.417413,enabled
1782984824.989,2026-07-02 09:33:44.990,buffer_pool_bytes_data,12859129856,12859129856,0.000000,enabled
1782984824.989,2026-07-02 09:33:44.990,buffer_pool_bytes_dirty,4654874624,4654874624,0.000000,enabled
1782984824.989,2026-07-02 09:33:44.990,buffer_pool_pages_data,784860,784860,0.000000,enabled
1782984824.989,2026-07-02 09:33:44.990,buffer_pool_pages_dirty,284111,284111,0.000000,enabled
1782984824.989,2026-07-02 09:33:44.990,buffer_pool_pages_flushed,26776427,26776427,0.000000,enabled
1782984824.989,2026-07-02 09:33:44.990,buffer_pool_pages_free,1476,1476,0.000000,enabled
1782984824.989,2026-07-02 09:33:44.990,buffer_pool_pages_lru_flushed,0,0,0.000000,enabled
1782984824.989,2026-07-02 09:33:44.990,buffer_pool_pages_misc,96,96,0.000000,enabled
1782984824.989,2026-07-02 09:33:44.990,buffer_pool_pages_total,786432,786432,0.000000,enabled
1782984824.989,2026-07-02 09:33:44.990,buffer_pool_reads,79595688,79595688,33143.466546,enabled
1782984824.989,2026-07-02 09:33:44.990,buffer_pool_read_ahead,803715,803715,334.665126,enabled
1782984824.989,2026-07-02 09:33:44.990,buffer_pool_read_ahead_evicted,25,25,0.010410,enabled
1782984824.989,2026-07-02 09:33:44.990,buffer_pool_read_requests,2946967018,2946967018,1227110.471426,enabled
1782984824.989,2026-07-02 09:33:44.990,buffer_pool_size,12884901888,12884901888,0.000000,enabled
1782984824.989,2026-07-02 09:33:44.990,buffer_pool_wait_free,18945,18945,7.888656,enabled
1782984824.989,2026-07-02 09:33:44.990,buffer_pool_write_requests,614548276,614548276,255896.526675,enabled
1782984824.989,2026-07-02 09:33:44.990,dml_deletes,13531351,13531351,5634.423248,enabled
1782984824.989,2026-07-02 09:33:44.990,dml_inserts,113416760,113416760,47226.476492,enabled
1782984824.989,2026-07-02 09:33:44.990,dml_system_deletes,468,468,0.194874,enabled
1782984824.989,2026-07-02 09:33:44.990,dml_system_inserts,1202,1202,0.500510,enabled
1782984824.989,2026-07-02 09:33:44.990,dml_system_reads,7661,7661,3.190023,enabled
1782984824.989,2026-07-02 09:33:44.990,dml_system_updates,620,620,0.258167,enabled
1782984824.989,2026-07-02 09:33:44.990,dml_updates,27062826,27062826,11268.898117,enabled
1782984824.989,2026-07-02 09:33:44.990,file_num_open_files,35,35,0.000000,enabled
1782984824.989,2026-07-02 09:33:44.990,ibuf_merges,0,0,0.000000,enabled
1782984824.989,2026-07-02 09:33:44.990,ibuf_merges_delete,0,0,0.000000,enabled
1782984824.989,2026-07-02 09:33:44.990,ibuf_merges_delete_mark,0,0,0.000000,enabled
1782984824.989,2026-07-02 09:33:44.990,ibuf_merges_discard_delete,0,0,0.000000,enabled
1782984824.989,2026-07-02 09:33:44.990,ibuf_merges_discard_delete_mark,0,0,0.000000,enabled
1782984824.989,2026-07-02 09:33:44.990,ibuf_merges_discard_insert,0,0,0.000000,enabled
1782984824.989,2026-07-02 09:33:44.990,ibuf_merges_insert,0,0,0.000000,enabled
1782984824.989,2026-07-02 09:33:44.990,ibuf_size,1,1,0.000416,enabled
1782984824.989,2026-07-02 09:33:44.990,innodb_activity_count,18454842,18454842,7684.553633,enabled
1782984824.989,2026-07-02 09:33:44.990,innodb_dblwr_pages_written,26774169,26774169,11148.702131,enabled
1782984824.989,2026-07-02 09:33:44.990,innodb_dblwr_writes,551045,551045,229.453865,enabled
1782984824.989,2026-07-02 09:33:44.990,innodb_page_size,16384,16384,0.000000,enabled
1782984824.989,2026-07-02 09:33:44.990,innodb_rwlock_sx_os_waits,0,0,0.000000,enabled
1782984824.989,2026-07-02 09:33:44.990,innodb_rwlock_sx_spin_rounds,0,0,0.000000,enabled
1782984824.989,2026-07-02 09:33:44.990,innodb_rwlock_sx_spin_waits,0,0,0.000000,enabled
1782984824.989,2026-07-02 09:33:44.990,innodb_rwlock_s_os_waits,0,0,0.000000,enabled
1782984824.989,2026-07-02 09:33:44.990,innodb_rwlock_s_spin_rounds,0,0,0.000000,enabled
1782984824.989,2026-07-02 09:33:44.990,innodb_rwlock_s_spin_waits,0,0,0.000000,enabled
1782984824.989,2026-07-02 09:33:44.990,innodb_rwlock_x_os_waits,0,0,0.000000,enabled
1782984824.989,2026-07-02 09:33:44.990,innodb_rwlock_x_spin_rounds,0,0,0.000000,enabled
1782984824.989,2026-07-02 09:33:44.990,innodb_rwlock_x_spin_waits,0,0,0.000000,enabled
1782984824.989,2026-07-02 09:33:44.990,lock_deadlocks,0,0,0.000000,enabled
1782984824.989,2026-07-02 09:33:44.990,lock_deadlock_false_positives,0,0,0.000000,enabled
1782984824.989,2026-07-02 09:33:44.990,lock_deadlock_rounds,2638,2638,1.098457,enabled
1782984824.989,2026-07-02 09:33:44.990,lock_rec_grant_attempts,425,425,0.176969,enabled
1782984824.989,2026-07-02 09:33:44.990,lock_rec_release_attempts,41128229,41128229,17125.702830,enabled
1782984824.989,2026-07-02 09:33:44.990,lock_row_lock_current_waits,0,0,0.000000,enabled
1782984824.989,2026-07-02 09:33:44.990,lock_row_lock_time,323,323,0.134496,enabled
1782984824.989,2026-07-02 09:33:44.990,lock_row_lock_time_avg,0,0,0.000000,enabled
1782984824.989,2026-07-02 09:33:44.990,lock_row_lock_time_max,29,29,0.000000,enabled
1782984824.989,2026-07-02 09:33:44.990,lock_row_lock_waits,425,425,0.176969,enabled
1782984824.989,2026-07-02 09:33:44.990,lock_schedule_refreshes,2638,2638,1.098457,enabled
1782984824.989,2026-07-02 09:33:44.990,lock_threads_waiting,0,0,0.000000,enabled
1782984824.989,2026-07-02 09:33:44.990,lock_timeouts,0,0,0.000000,enabled
1782984824.989,2026-07-02 09:33:44.990,log_waits,0,0,0.000000,enabled
1782984824.989,2026-07-02 09:33:44.990,log_writes,206036677,206036677,85793.200813,enabled
1782984824.989,2026-07-02 09:33:44.990,log_write_requests,414732478,414732478,172693.654884,enabled
1782984824.989,2026-07-02 09:33:44.990,os_data_fsyncs,57902894,57902894,24110.633272,enabled
1782984824.989,2026-07-02 09:33:44.990,os_data_reads,80570514,80570514,33549.378703,enabled
1782984824.989,2026-07-02 09:33:44.990,os_data_writes,233679060,233679060,97303.428798,enabled
1782984824.989,2026-07-02 09:33:44.990,os_log_bytes_written,130167610368,130167610368,54201496.599471,enabled
1782984824.989,2026-07-02 09:33:44.990,os_log_fsyncs,50587859,50587859,21064.669294,enabled
1782984824.989,2026-07-02 09:33:44.990,os_log_pending_fsyncs,1,1,0.000416,enabled
1782984824.989,2026-07-02 09:33:44.990,os_log_pending_writes,1,1,0.000416,enabled
1782984824.989,2026-07-02 09:33:44.990,trx_rseg_history_len,96,96,0.000000,enabled
1782984826.062,2026-07-02 09:33:46.064,adaptive_hash_searches,0,0,0.000000,enabled
1782984826.062,2026-07-02 09:33:46.064,adaptive_hash_searches_btree,611621365,611621365,254564.009372,enabled
1782984826.062,2026-07-02 09:33:46.064,buffer_data_reads,1316098476544,1316098476544,547775740.144035,enabled
1782984826.062,2026-07-02 09:33:46.064,buffer_data_written,606212595712,606212595712,252312846.643759,enabled
1782984826.062,2026-07-02 09:33:46.064,buffer_pages0_read,7,7,0.002913,enabled
1782984826.062,2026-07-02 09:33:46.064,buffer_pages_created,1817227,1817227,756.351360,enabled
1782984826.062,2026-07-02 09:33:46.064,buffer_pages_read,80554922,80554922,33527.910623,enabled
1782984826.062,2026-07-02 09:33:46.064,buffer_pages_written,26849870,26849870,11175.233269,enabled
1782984826.062,2026-07-02 09:33:46.064,buffer_pool_bytes_data,12844515328,12844515328,0.000000,enabled
1782984826.062,2026-07-02 09:33:46.064,buffer_pool_bytes_dirty,4654792704,4654792704,0.000000,enabled
1782984826.062,2026-07-02 09:33:46.064,buffer_pool_pages_data,783967,783967,0.000000,enabled
1782984826.062,2026-07-02 09:33:46.064,buffer_pool_pages_dirty,284105,284105,0.000000,enabled
1782984826.062,2026-07-02 09:33:46.064,buffer_pool_pages_flushed,26792800,26792800,0.000000,enabled
1782984826.062,2026-07-02 09:33:46.064,buffer_pool_pages_free,2367,2367,0.000000,enabled
1782984826.062,2026-07-02 09:33:46.064,buffer_pool_pages_lru_flushed,0,0,0.000000,enabled
1782984826.062,2026-07-02 09:33:46.064,buffer_pool_pages_misc,96,96,0.000000,enabled
1782984826.062,2026-07-02 09:33:46.064,buffer_pool_pages_total,786432,786432,0.000000,enabled
1782984826.062,2026-07-02 09:33:46.064,buffer_pool_reads,79652829,79652829,33152.450034,enabled
1782984826.062,2026-07-02 09:33:46.064,buffer_pool_read_ahead,803715,803715,334.515691,enabled
1782984826.062,2026-07-02 09:33:46.064,buffer_pool_read_ahead_evicted,25,25,0.010405,enabled
1782984826.062,2026-07-02 09:33:46.064,buffer_pool_read_requests,2947803534,2947803534,1226910.709332,enabled
1782984826.062,2026-07-02 09:33:46.064,buffer_pool_size,12884901888,12884901888,0.000000,enabled
1782984826.062,2026-07-02 09:33:46.064,buffer_pool_wait_free,18945,18945,7.885133,enabled
1782984826.062,2026-07-02 09:33:46.064,buffer_pool_write_requests,614662414,614662414,255829.769227,enabled
1782984826.062,2026-07-02 09:33:46.064,dml_deletes,13536229,13536229,5633.937662,enabled
1782984826.062,2026-07-02 09:33:46.064,dml_inserts,113421638,113421638,47207.419328,enabled
1782984826.062,2026-07-02 09:33:46.064,dml_system_deletes,468,468,0.194787,enabled
1782984826.062,2026-07-02 09:33:46.064,dml_system_inserts,1202,1202,0.500287,enabled
1782984826.062,2026-07-02 09:33:46.064,dml_system_reads,7661,7661,3.188598,enabled
1782984826.062,2026-07-02 09:33:46.064,dml_system_updates,620,620,0.258051,enabled
1782984826.062,2026-07-02 09:33:46.064,dml_updates,27072582,27072582,11267.926926,enabled
1782984826.062,2026-07-02 09:33:46.064,file_num_open_files,35,35,0.000000,enabled
1782984826.062,2026-07-02 09:33:46.064,ibuf_merges,0,0,0.000000,enabled
1782984826.062,2026-07-02 09:33:46.064,ibuf_merges_delete,0,0,0.000000,enabled
1782984826.062,2026-07-02 09:33:46.064,ibuf_merges_delete_mark,0,0,0.000000,enabled
1782984826.062,2026-07-02 09:33:46.064,ibuf_merges_discard_delete,0,0,0.000000,enabled
1782984826.062,2026-07-02 09:33:46.064,ibuf_merges_discard_delete_mark,0,0,0.000000,enabled
1782984826.062,2026-07-02 09:33:46.064,ibuf_merges_discard_insert,0,0,0.000000,enabled
1782984826.062,2026-07-02 09:33:46.064,ibuf_merges_insert,0,0,0.000000,enabled
1782984826.062,2026-07-02 09:33:46.064,ibuf_size,1,1,0.000416,enabled
1782984826.062,2026-07-02 09:33:46.064,innodb_activity_count,18460451,18460451,7683.456861,enabled
1782984826.062,2026-07-02 09:33:46.064,innodb_dblwr_pages_written,26790510,26790510,11150.525342,enabled
1782984826.062,2026-07-02 09:33:46.064,innodb_dblwr_writes,551401,551401,229.499581,enabled
1782984826.062,2026-07-02 09:33:46.064,innodb_page_size,16384,16384,0.000000,enabled
1782984826.062,2026-07-02 09:33:46.064,innodb_rwlock_sx_os_waits,0,0,0.000000,enabled
1782984826.062,2026-07-02 09:33:46.064,innodb_rwlock_sx_spin_rounds,0,0,0.000000,enabled
1782984826.062,2026-07-02 09:33:46.064,innodb_rwlock_sx_spin_waits,0,0,0.000000,enabled
1782984826.062,2026-07-02 09:33:46.064,innodb_rwlock_s_os_waits,0,0,0.000000,enabled
1782984826.062,2026-07-02 09:33:46.064,innodb_rwlock_s_spin_rounds,0,0,0.000000,enabled
1782984826.062,2026-07-02 09:33:46.064,innodb_rwlock_s_spin_waits,0,0,0.000000,enabled
1782984826.062,2026-07-02 09:33:46.064,innodb_rwlock_x_os_waits,0,0,0.000000,enabled
1782984826.062,2026-07-02 09:33:46.064,innodb_rwlock_x_spin_rounds,0,0,0.000000,enabled
1782984826.062,2026-07-02 09:33:46.064,innodb_rwlock_x_spin_waits,0,0,0.000000,enabled
1782984826.062,2026-07-02 09:33:46.064,lock_deadlocks,0,0,0.000000,enabled
1782984826.062,2026-07-02 09:33:46.064,lock_deadlock_false_positives,0,0,0.000000,enabled
1782984826.062,2026-07-02 09:33:46.064,lock_deadlock_rounds,2639,2639,1.098383,enabled
1782984826.062,2026-07-02 09:33:46.064,lock_rec_grant_attempts,425,425,0.176890,enabled
1782984826.062,2026-07-02 09:33:46.064,lock_rec_release_attempts,41143070,41143070,17124.232788,enabled
1782984826.062,2026-07-02 09:33:46.064,lock_row_lock_current_waits,0,0,0.000000,enabled
1782984826.062,2026-07-02 09:33:46.064,lock_row_lock_time,323,323,0.134436,enabled
1782984826.062,2026-07-02 09:33:46.064,lock_row_lock_time_avg,0,0,0.000000,enabled
1782984826.062,2026-07-02 09:33:46.064,lock_row_lock_time_max,29,29,0.000000,enabled
1782984826.062,2026-07-02 09:33:46.064,lock_row_lock_waits,425,425,0.176890,enabled
1782984826.062,2026-07-02 09:33:46.064,lock_schedule_refreshes,2639,2639,1.098383,enabled
1782984826.062,2026-07-02 09:33:46.064,lock_threads_waiting,0,0,0.000000,enabled
1782984826.062,2026-07-02 09:33:46.064,lock_timeouts,0,0,0.000000,enabled
1782984826.062,2026-07-02 09:33:46.064,log_waits,0,0,0.000000,enabled
1782984826.062,2026-07-02 09:33:46.064,log_writes,206116541,206116541,85788.132352,enabled
1782984826.062,2026-07-02 09:33:46.064,log_write_requests,414815384,414815384,172651.049324,enabled
1782984826.062,2026-07-02 09:33:46.064,os_data_fsyncs,57936568,57936568,24113.882802,enabled
1782984826.062,2026-07-02 09:33:46.064,os_data_reads,80627538,80627538,33558.132136,enabled
1782984826.062,2026-07-02 09:33:46.064,os_data_writes,233775535,233775535,97300.134455,enabled
1782984826.062,2026-07-02 09:33:46.064,os_log_bytes_written,130209399296,130209399296,54194687.355988,enabled
1782984826.062,2026-07-02 09:33:46.064,os_log_fsyncs,50616670,50616670,21067.254887,enabled
1782984826.062,2026-07-02 09:33:46.064,os_log_pending_fsyncs,0,0,0.000000,enabled
1782984826.062,2026-07-02 09:33:46.064,os_log_pending_writes,0,0,0.000000,enabled
1782984826.062,2026-07-02 09:33:46.064,trx_rseg_history_len,133,133,0.000000,enabled
1782984827.134,2026-07-02 09:33:47.136,adaptive_hash_searches,0,0,0.000000,enabled
1782984827.134,2026-07-02 09:33:47.136,adaptive_hash_searches_btree,611789450,611789450,254520.315249,enabled
1782984827.134,2026-07-02 09:33:47.136,buffer_data_reads,1317033232896,1317033232896,547920134.930833,enabled
1782984827.134,2026-07-02 09:33:47.136,buffer_data_written,606521938944,606521938944,252328926.916622,enabled
1782984827.134,2026-07-02 09:33:47.136,buffer_pages0_read,7,7,0.002912,enabled
1782984827.134,2026-07-02 09:33:47.136,buffer_pages_created,1817257,1817257,756.026260,enabled
1782984827.134,2026-07-02 09:33:47.136,buffer_pages_read,80612117,80612117,33536.740765,enabled
1782984827.134,2026-07-02 09:33:47.136,buffer_pages_written,26865865,26865865,11176.899784,enabled
1782984827.134,2026-07-02 09:33:47.136,buffer_pool_bytes_data,12857081856,12857081856,0.000000,enabled
1782984827.134,2026-07-02 09:33:47.136,buffer_pool_bytes_dirty,4660019200,4660019200,0.000000,enabled
1782984827.134,2026-07-02 09:33:47.136,buffer_pool_pages_data,784734,784734,0.000000,enabled
1782984827.134,2026-07-02 09:33:47.136,buffer_pool_pages_dirty,284425,284425,0.000000,enabled
1782984827.134,2026-07-02 09:33:47.136,buffer_pool_pages_flushed,26808795,26808795,0.000000,enabled
1782984827.134,2026-07-02 09:33:47.136,buffer_pool_pages_free,1600,1600,0.000000,enabled
1782984827.134,2026-07-02 09:33:47.136,buffer_pool_pages_lru_flushed,0,0,0.000000,enabled
1782984827.134,2026-07-02 09:33:47.136,buffer_pool_pages_misc,96,96,0.000000,enabled
1782984827.134,2026-07-02 09:33:47.136,buffer_pool_pages_total,786432,786432,0.000000,enabled
1782984827.134,2026-07-02 09:33:47.136,buffer_pool_reads,79709958,79709958,33161.420216,enabled
1782984827.134,2026-07-02 09:33:47.136,buffer_pool_read_ahead,803715,803715,334.366386,enabled
1782984827.134,2026-07-02 09:33:47.136,buffer_pool_read_ahead_evicted,25,25,0.010401,enabled
1782984827.134,2026-07-02 09:33:47.136,buffer_pool_read_requests,2948635737,2948635737,1226709.318781,enabled
1782984827.134,2026-07-02 09:33:47.136,buffer_pool_size,12884901888,12884901888,0.000000,enabled
1782984827.134,2026-07-02 09:33:47.136,buffer_pool_wait_free,18945,18945,7.881614,enabled
1782984827.134,2026-07-02 09:33:47.136,buffer_pool_write_requests,614774774,614774774,255762.329036,enabled
1782984827.134,2026-07-02 09:33:47.136,dml_deletes,13541087,13541087,5633.444048,enabled
1782984827.134,2026-07-02 09:33:47.136,dml_inserts,113426494,113426494,47188.368860,enabled
1782984827.134,2026-07-02 09:33:47.136,dml_system_deletes,468,468,0.194700,enabled
1782984827.134,2026-07-02 09:33:47.136,dml_system_inserts,1202,1202,0.500063,enabled
1782984827.134,2026-07-02 09:33:47.136,dml_system_reads,7661,7661,3.187175,enabled
1782984827.134,2026-07-02 09:33:47.136,dml_system_updates,620,620,0.257936,enabled
1782984827.134,2026-07-02 09:33:47.136,dml_updates,27082297,27082297,11266.939257,enabled
1782984827.134,2026-07-02 09:33:47.136,file_num_open_files,35,35,0.000000,enabled
1782984827.134,2026-07-02 09:33:47.136,ibuf_merges,0,0,0.000000,enabled
1782984827.134,2026-07-02 09:33:47.136,ibuf_merges_delete,0,0,0.000000,enabled
1782984827.134,2026-07-02 09:33:47.136,ibuf_merges_delete_mark,0,0,0.000000,enabled
1782984827.134,2026-07-02 09:33:47.136,ibuf_merges_discard_delete,0,0,0.000000,enabled
1782984827.134,2026-07-02 09:33:47.136,ibuf_merges_discard_delete_mark,0,0,0.000000,enabled
1782984827.134,2026-07-02 09:33:47.136,ibuf_merges_discard_insert,0,0,0.000000,enabled
1782984827.134,2026-07-02 09:33:47.136,ibuf_merges_insert,0,0,0.000000,enabled
1782984827.134,2026-07-02 09:33:47.136,ibuf_size,1,1,0.000416,enabled
1782984827.134,2026-07-02 09:33:47.136,innodb_activity_count,18466030,18466030,7682.348427,enabled
1782984827.134,2026-07-02 09:33:47.136,innodb_dblwr_pages_written,26806505,26806505,11152.202728,enabled
1782984827.134,2026-07-02 09:33:47.136,innodb_dblwr_writes,551769,551769,229.550244,enabled
1782984827.134,2026-07-02 09:33:47.136,innodb_page_size,16384,16384,0.000000,enabled
1782984827.134,2026-07-02 09:33:47.136,innodb_rwlock_sx_os_waits,0,0,0.000000,enabled
1782984827.134,2026-07-02 09:33:47.136,innodb_rwlock_sx_spin_rounds,0,0,0.000000,enabled
1782984827.134,2026-07-02 09:33:47.136,innodb_rwlock_sx_spin_waits,0,0,0.000000,enabled
1782984827.134,2026-07-02 09:33:47.136,innodb_rwlock_s_os_waits,0,0,0.000000,enabled
1782984827.134,2026-07-02 09:33:47.136,innodb_rwlock_s_spin_rounds,0,0,0.000000,enabled
1782984827.134,2026-07-02 09:33:47.136,innodb_rwlock_s_spin_waits,0,0,0.000000,enabled
1782984827.134,2026-07-02 09:33:47.136,innodb_rwlock_x_os_waits,0,0,0.000000,enabled
1782984827.134,2026-07-02 09:33:47.136,innodb_rwlock_x_spin_rounds,0,0,0.000000,enabled
1782984827.134,2026-07-02 09:33:47.136,innodb_rwlock_x_spin_waits,0,0,0.000000,enabled
1782984827.134,2026-07-02 09:33:47.136,lock_deadlocks,0,0,0.000000,enabled
1782984827.134,2026-07-02 09:33:47.136,lock_deadlock_false_positives,0,0,0.000000,enabled
1782984827.134,2026-07-02 09:33:47.136,lock_deadlock_rounds,2640,2640,1.098309,enabled
1782984827.134,2026-07-02 09:33:47.136,lock_rec_grant_attempts,425,425,0.176811,enabled
1782984827.134,2026-07-02 09:33:47.136,lock_rec_release_attempts,41157812,41157812,17122.722785,enabled
1782984827.134,2026-07-02 09:33:47.136,lock_row_lock_current_waits,0,0,0.000000,enabled
1782984827.134,2026-07-02 09:33:47.136,lock_row_lock_time,323,323,0.134376,enabled
1782984827.134,2026-07-02 09:33:47.136,lock_row_lock_time_avg,0,0,0.000000,enabled
1782984827.134,2026-07-02 09:33:47.136,lock_row_lock_time_max,29,29,0.000000,enabled
1782984827.134,2026-07-02 09:33:47.136,lock_row_lock_waits,425,425,0.176811,enabled
1782984827.134,2026-07-02 09:33:47.136,lock_schedule_refreshes,2640,2640,1.098309,enabled
1782984827.134,2026-07-02 09:33:47.136,lock_threads_waiting,0,0,0.000000,enabled
1782984827.134,2026-07-02 09:33:47.136,lock_timeouts,0,0,0.000000,enabled
1782984827.134,2026-07-02 09:33:47.136,log_waits,0,0,0.000000,enabled
1782984827.134,2026-07-02 09:33:47.136,log_writes,206195802,206195802,85782.816628,enabled
1782984827.134,2026-07-02 09:33:47.136,log_write_requests,414897994,414897994,172608.356813,enabled
1782984827.134,2026-07-02 09:33:47.136,os_data_fsyncs,57970061,57970061,24117.053895,enabled
1782984827.134,2026-07-02 09:33:47.136,os_data_reads,80684589,80684589,33566.888671,enabled
1782984827.134,2026-07-02 09:33:47.136,os_data_writes,233871075,233871075,97296.453141,enabled
1782984827.134,2026-07-02 09:33:47.136,os_log_bytes_written,130250586624,130250586624,54187633.358805,enabled
1782984827.134,2026-07-02 09:33:47.136,os_log_fsyncs,50645194,50645194,21069.718554,enabled
1782984827.134,2026-07-02 09:33:47.136,os_log_pending_fsyncs,1,1,0.000416,enabled
1782984827.134,2026-07-02 09:33:47.136,os_log_pending_writes,0,0,0.000000,enabled
1782984827.134,2026-07-02 09:33:47.136,trx_rseg_history_len,159,159,0.000000,enabled
1782984828.207,2026-07-02 09:33:48.209,adaptive_hash_searches,0,0,0.000000,enabled
1782984828.207,2026-07-02 09:33:48.209,adaptive_hash_searches_btree,611956882,611956882,254476.981251,enabled
1782984828.207,2026-07-02 09:33:48.209,buffer_data_reads,1317962811904,1317962811904,548063514.825922,enabled
1782984828.207,2026-07-02 09:33:48.209,buffer_data_written,606832072192,606832072192,252345904.704643,enabled
1782984828.207,2026-07-02 09:33:48.209,buffer_pages0_read,7,7,0.002911,enabled
1782984828.207,2026-07-02 09:33:48.209,buffer_pages_created,1817290,1817290,755.704444,enabled
1782984828.207,2026-07-02 09:33:48.209,buffer_pages_read,80668983,80668983,33545.503756,enabled
1782984828.207,2026-07-02 09:33:48.209,buffer_pages_written,26881919,26881919,11178.615177,enabled
1782984828.207,2026-07-02 09:33:48.209,buffer_pool_bytes_data,12852330496,12852330496,0.000000,enabled
1782984828.207,2026-07-02 09:33:48.209,buffer_pool_bytes_dirty,4663705600,4663705600,0.000000,enabled
1782984828.207,2026-07-02 09:33:48.209,buffer_pool_pages_data,784444,784444,0.000000,enabled
1782984828.207,2026-07-02 09:33:48.209,buffer_pool_pages_dirty,284650,284650,0.000000,enabled
1782984828.207,2026-07-02 09:33:48.209,buffer_pool_pages_flushed,26824849,26824849,0.000000,enabled
1782984828.207,2026-07-02 09:33:48.209,buffer_pool_pages_free,1891,1891,0.000000,enabled
1782984828.207,2026-07-02 09:33:48.209,buffer_pool_pages_lru_flushed,0,0,0.000000,enabled
1782984828.207,2026-07-02 09:33:48.209,buffer_pool_pages_misc,96,96,0.000000,enabled
1782984828.207,2026-07-02 09:33:48.209,buffer_pool_pages_total,786432,786432,0.000000,enabled
1782984828.207,2026-07-02 09:33:48.209,buffer_pool_reads,79766755,79766755,33170.321185,enabled
1782984828.207,2026-07-02 09:33:48.209,buffer_pool_read_ahead,803715,803715,334.217988,enabled
1782984828.207,2026-07-02 09:33:48.209,buffer_pool_read_ahead_evicted,25,25,0.010396,enabled
1782984828.207,2026-07-02 09:33:48.209,buffer_pool_read_requests,2949465090,2949465090,1226509.763377,enabled
1782984828.207,2026-07-02 09:33:48.209,buffer_pool_size,12884901888,12884901888,0.000000,enabled
1782984828.207,2026-07-02 09:33:48.209,buffer_pool_wait_free,18945,18945,7.878116,enabled
1782984828.207,2026-07-02 09:33:48.209,buffer_pool_write_requests,614887516,614887516,255695.700115,enabled
1782984828.207,2026-07-02 09:33:48.209,dml_deletes,13545925,13545925,5632.955713,enabled
1782984828.207,2026-07-02 09:33:48.209,dml_inserts,113431333,113431333,47169.438467,enabled
1782984828.207,2026-07-02 09:33:48.209,dml_system_deletes,468,468,0.194614,enabled
1782984828.207,2026-07-02 09:33:48.209,dml_system_inserts,1202,1202,0.499841,enabled
1782984828.207,2026-07-02 09:33:48.209,dml_system_reads,7661,7661,3.185761,enabled
1782984828.207,2026-07-02 09:33:48.209,dml_system_updates,620,620,0.257822,enabled
1782984828.207,2026-07-02 09:33:48.209,dml_updates,27091975,27091975,11265.963398,enabled
1782984828.207,2026-07-02 09:33:48.209,file_num_open_files,35,35,0.000000,enabled
1782984828.207,2026-07-02 09:33:48.209,ibuf_merges,0,0,0.000000,enabled
1782984828.207,2026-07-02 09:33:48.209,ibuf_merges_delete,0,0,0.000000,enabled
1782984828.207,2026-07-02 09:33:48.209,ibuf_merges_delete_mark,0,0,0.000000,enabled
1782984828.207,2026-07-02 09:33:48.209,ibuf_merges_discard_delete,0,0,0.000000,enabled
1782984828.207,2026-07-02 09:33:48.209,ibuf_merges_discard_delete_mark,0,0,0.000000,enabled
1782984828.207,2026-07-02 09:33:48.209,ibuf_merges_discard_insert,0,0,0.000000,enabled
1782984828.207,2026-07-02 09:33:48.209,ibuf_merges_insert,0,0,0.000000,enabled
1782984828.207,2026-07-02 09:33:48.209,ibuf_size,1,1,0.000416,enabled
1782984828.207,2026-07-02 09:33:48.209,innodb_activity_count,18471585,18471585,7681.248921,enabled
1782984828.207,2026-07-02 09:33:48.209,innodb_dblwr_pages_written,26822559,26822559,11153.929186,enabled
1782984828.207,2026-07-02 09:33:48.209,innodb_dblwr_writes,552150,552150,229.606802,enabled
1782984828.207,2026-07-02 09:33:48.209,innodb_page_size,16384,16384,0.000000,enabled
1782984828.207,2026-07-02 09:33:48.209,innodb_rwlock_sx_os_waits,0,0,0.000000,enabled
1782984828.207,2026-07-02 09:33:48.209,innodb_rwlock_sx_spin_rounds,0,0,0.000000,enabled
1782984828.207,2026-07-02 09:33:48.209,innodb_rwlock_sx_spin_waits,0,0,0.000000,enabled
1782984828.207,2026-07-02 09:33:48.209,innodb_rwlock_s_os_waits,0,0,0.000000,enabled
1782984828.207,2026-07-02 09:33:48.209,innodb_rwlock_s_spin_rounds,0,0,0.000000,enabled
1782984828.207,2026-07-02 09:33:48.209,innodb_rwlock_s_spin_waits,0,0,0.000000,enabled
1782984828.207,2026-07-02 09:33:48.209,innodb_rwlock_x_os_waits,0,0,0.000000,enabled
1782984828.207,2026-07-02 09:33:48.209,innodb_rwlock_x_spin_rounds,0,0,0.000000,enabled
1782984828.207,2026-07-02 09:33:48.209,innodb_rwlock_x_spin_waits,0,0,0.000000,enabled
1782984828.207,2026-07-02 09:33:48.209,lock_deadlocks,0,0,0.000000,enabled
1782984828.207,2026-07-02 09:33:48.209,lock_deadlock_false_positives,0,0,0.000000,enabled
1782984828.207,2026-07-02 09:33:48.209,lock_deadlock_rounds,2642,2642,1.098653,enabled
1782984828.207,2026-07-02 09:33:48.209,lock_rec_grant_attempts,425,425,0.176733,enabled
1782984828.207,2026-07-02 09:33:48.209,lock_rec_release_attempts,41172484,41172484,17121.224678,enabled
1782984828.207,2026-07-02 09:33:48.209,lock_row_lock_current_waits,0,0,0.000000,enabled
1782984828.207,2026-07-02 09:33:48.209,lock_row_lock_time,323,323,0.134317,enabled
1782984828.207,2026-07-02 09:33:48.209,lock_row_lock_time_avg,0,0,0.000000,enabled
1782984828.207,2026-07-02 09:33:48.209,lock_row_lock_time_max,29,29,0.000000,enabled
1782984828.207,2026-07-02 09:33:48.209,lock_row_lock_waits,425,425,0.176733,enabled
1782984828.207,2026-07-02 09:33:48.209,lock_schedule_refreshes,2642,2642,1.098653,enabled
1782984828.207,2026-07-02 09:33:48.209,lock_threads_waiting,0,0,0.000000,enabled
1782984828.207,2026-07-02 09:33:48.209,lock_timeouts,0,0,0.000000,enabled
1782984828.207,2026-07-02 09:33:48.209,log_waits,0,0,0.000000,enabled
1782984828.207,2026-07-02 09:33:48.209,log_writes,206274221,206274221,85777.354833,enabled
1782984828.207,2026-07-02 09:33:48.209,log_write_requests,414980228,414980228,172565.947017,enabled
1782984828.207,2026-07-02 09:33:48.209,os_data_fsyncs,58003607,58003607,24120.300168,enabled
1782984828.207,2026-07-02 09:33:48.209,os_data_reads,80741281,80741281,33575.566024,enabled
1782984828.207,2026-07-02 09:33:48.209,os_data_writes,233965818,233965818,97292.669459,enabled
1782984828.207,2026-07-02 09:33:48.209,os_log_bytes_written,130291703296,130291703296,54180682.009154,enabled
1782984828.207,2026-07-02 09:33:48.209,os_log_fsyncs,50673563,50673563,21072.164471,enabled
1782984828.207,2026-07-02 09:33:48.209,os_log_pending_fsyncs,1,1,0.000416,enabled
1782984828.207,2026-07-02 09:33:48.209,os_log_pending_writes,0,0,0.000000,enabled
1782984828.207,2026-07-02 09:33:48.209,trx_rseg_history_len,183,183,0.000000,enabled
1782984829.275,2026-07-02 09:33:49.276,adaptive_hash_searches,0,0,0.000000,enabled
1782984829.275,2026-07-02 09:33:49.276,adaptive_hash_searches_btree,612125184,612125184,254433.558420,enabled
1782984829.275,2026-07-02 09:33:49.276,buffer_data_reads,1318898321920,1318898321920,548208172.199223,enabled
1782984829.275,2026-07-02 09:33:49.276,buffer_data_written,607140803584,607140803584,252361796.569373,enabled
1782984829.275,2026-07-02 09:33:49.276,buffer_pages0_read,7,7,0.002910,enabled
1782984829.275,2026-07-02 09:33:49.276,buffer_pages_created,1817316,1817316,755.378541,enabled
1782984829.275,2026-07-02 09:33:49.276,buffer_pages_read,80726271,80726271,33554.369448,enabled
1782984829.275,2026-07-02 09:33:49.276,buffer_pages_written,26897841,26897841,11180.252547,enabled
1782984829.275,2026-07-02 09:33:49.276,buffer_pool_bytes_data,12859342848,12859342848,0.000000,enabled
1782984829.275,2026-07-02 09:33:49.276,buffer_pool_bytes_dirty,4671537152,4671537152,0.000000,enabled
1782984829.275,2026-07-02 09:33:49.276,buffer_pool_pages_data,784872,784872,0.000000,enabled
1782984829.275,2026-07-02 09:33:49.276,buffer_pool_pages_dirty,285128,285128,0.000000,enabled
1782984829.275,2026-07-02 09:33:49.276,buffer_pool_pages_flushed,26840771,26840771,0.000000,enabled
1782984829.275,2026-07-02 09:33:49.276,buffer_pool_pages_free,1463,1463,0.000000,enabled
1782984829.275,2026-07-02 09:33:49.276,buffer_pool_pages_lru_flushed,0,0,0.000000,enabled
1782984829.275,2026-07-02 09:33:49.276,buffer_pool_pages_misc,97,97,0.000000,enabled
1782984829.275,2026-07-02 09:33:49.276,buffer_pool_pages_total,786432,786432,0.000000,enabled
1782984829.275,2026-07-02 09:33:49.276,buffer_pool_reads,79823982,79823982,33179.328508,enabled
1782984829.275,2026-07-02 09:33:49.276,buffer_pool_read_ahead,803715,803715,334.069074,enabled
1782984829.275,2026-07-02 09:33:49.276,buffer_pool_read_ahead_evicted,25,25,0.010391,enabled
1782984829.275,2026-07-02 09:33:49.276,buffer_pool_read_requests,2950299274,2950299274,1226310.012085,enabled
1782984829.275,2026-07-02 09:33:49.276,buffer_pool_size,12884901888,12884901888,0.000000,enabled
1782984829.275,2026-07-02 09:33:49.276,buffer_pool_wait_free,18945,18945,7.874606,enabled
1782984829.275,2026-07-02 09:33:49.276,buffer_pool_write_requests,615001178,615001178,255629.016385,enabled
1782984829.275,2026-07-02 09:33:49.276,dml_deletes,13550791,13550791,5632.468621,enabled
1782984829.275,2026-07-02 09:33:49.276,dml_inserts,113436196,113436196,47150.444204,enabled
1782984829.275,2026-07-02 09:33:49.276,dml_system_deletes,468,468,0.194527,enabled
1782984829.275,2026-07-02 09:33:49.276,dml_system_inserts,1202,1202,0.499619,enabled
1782984829.275,2026-07-02 09:33:49.276,dml_system_reads,7661,7661,3.184341,enabled
1782984829.275,2026-07-02 09:33:49.276,dml_system_updates,620,620,0.257707,enabled
1782984829.275,2026-07-02 09:33:49.276,dml_updates,27101708,27101708,11264.989607,enabled
1782984829.275,2026-07-02 09:33:49.276,file_num_open_files,35,35,0.000000,enabled
1782984829.275,2026-07-02 09:33:49.276,ibuf_merges,0,0,0.000000,enabled
1782984829.275,2026-07-02 09:33:49.276,ibuf_merges_delete,0,0,0.000000,enabled
1782984829.275,2026-07-02 09:33:49.276,ibuf_merges_delete_mark,0,0,0.000000,enabled
1782984829.275,2026-07-02 09:33:49.276,ibuf_merges_discard_delete,0,0,0.000000,enabled
1782984829.275,2026-07-02 09:33:49.276,ibuf_merges_discard_delete_mark,0,0,0.000000,enabled
1782984829.275,2026-07-02 09:33:49.276,ibuf_merges_discard_insert,0,0,0.000000,enabled
1782984829.275,2026-07-02 09:33:49.276,ibuf_merges_insert,0,0,0.000000,enabled
1782984829.275,2026-07-02 09:33:49.276,ibuf_size,1,1,0.000416,enabled
1782984829.275,2026-07-02 09:33:49.276,innodb_activity_count,18477169,18477169,7680.147677,enabled
1782984829.275,2026-07-02 09:33:49.276,innodb_dblwr_pages_written,26838481,26838481,11155.577804,enabled
1782984829.275,2026-07-02 09:33:49.276,innodb_dblwr_writes,552512,552512,229.654972,enabled
1782984829.275,2026-07-02 09:33:49.276,innodb_page_size,16384,16384,0.000000,enabled
1782984829.275,2026-07-02 09:33:49.276,innodb_rwlock_sx_os_waits,0,0,0.000000,enabled
1782984829.275,2026-07-02 09:33:49.276,innodb_rwlock_sx_spin_rounds,0,0,0.000000,enabled
1782984829.275,2026-07-02 09:33:49.276,innodb_rwlock_sx_spin_waits,0,0,0.000000,enabled
1782984829.275,2026-07-02 09:33:49.276,innodb_rwlock_s_os_waits,0,0,0.000000,enabled
1782984829.275,2026-07-02 09:33:49.276,innodb_rwlock_s_spin_rounds,0,0,0.000000,enabled
1782984829.275,2026-07-02 09:33:49.276,innodb_rwlock_s_spin_waits,0,0,0.000000,enabled
1782984829.275,2026-07-02 09:33:49.276,innodb_rwlock_x_os_waits,0,0,0.000000,enabled
1782984829.275,2026-07-02 09:33:49.276,innodb_rwlock_x_spin_rounds,0,0,0.000000,enabled
1782984829.275,2026-07-02 09:33:49.276,innodb_rwlock_x_spin_waits,0,0,0.000000,enabled
1782984829.275,2026-07-02 09:33:49.276,lock_deadlocks,0,0,0.000000,enabled
1782984829.275,2026-07-02 09:33:49.276,lock_deadlock_false_positives,0,0,0.000000,enabled
1782984829.275,2026-07-02 09:33:49.276,lock_deadlock_rounds,2643,2643,1.098579,enabled
1782984829.275,2026-07-02 09:33:49.276,lock_rec_grant_attempts,425,425,0.176654,enabled
1782984829.275,2026-07-02 09:33:49.276,lock_rec_release_attempts,41187270,41187270,17119.741977,enabled
1782984829.275,2026-07-02 09:33:49.276,lock_row_lock_current_waits,0,0,0.000000,enabled
1782984829.275,2026-07-02 09:33:49.276,lock_row_lock_time,323,323,0.134257,enabled
1782984829.275,2026-07-02 09:33:49.276,lock_row_lock_time_avg,0,0,0.000000,enabled
1782984829.275,2026-07-02 09:33:49.276,lock_row_lock_time_max,29,29,0.000000,enabled
1782984829.275,2026-07-02 09:33:49.276,lock_row_lock_waits,425,425,0.176654,enabled
1782984829.275,2026-07-02 09:33:49.276,lock_schedule_refreshes,2643,2643,1.098579,enabled
1782984829.275,2026-07-02 09:33:49.276,lock_threads_waiting,0,0,0.000000,enabled
1782984829.275,2026-07-02 09:33:49.276,lock_timeouts,0,0,0.000000,enabled
1782984829.275,2026-07-02 09:33:49.276,log_waits,0,0,0.000000,enabled
1782984829.275,2026-07-02 09:33:49.276,log_writes,206353992,206353992,85772.295240,enabled
1782984829.275,2026-07-02 09:33:49.276,log_write_requests,415062941,415062941,172523.442804,enabled
1782984829.275,2026-07-02 09:33:49.276,os_data_fsyncs,58037598,58037598,24123.682159,enabled
1782984829.275,2026-07-02 09:33:49.276,os_data_reads,80798392,80798392,33584.345271,enabled
1782984829.275,2026-07-02 09:33:49.276,os_data_writes,234061798,234061798,97289.216284,enabled
1782984829.275,2026-07-02 09:33:49.276,os_log_bytes_written,130333452288,130333452288,54173895.554283,enabled
1782984829.275,2026-07-02 09:33:49.276,os_log_fsyncs,50702525,50702525,21074.814206,enabled
1782984829.275,2026-07-02 09:33:49.276,os_log_pending_fsyncs,1,1,0.000416,enabled
1782984829.275,2026-07-02 09:33:49.276,os_log_pending_writes,0,0,0.000000,enabled
1782984829.275,2026-07-02 09:33:49.276,trx_rseg_history_len,200,200,0.000000,enabled
1782984830.347,2026-07-02 09:33:50.348,adaptive_hash_searches,0,0,0.000000,enabled
1782984830.347,2026-07-02 09:33:50.348,adaptive_hash_searches_btree,612292886,612292886,254390.032056,enabled
1782984830.347,2026-07-02 09:33:50.348,buffer_data_reads,1319831783936,1319831783936,548352107.679131,enabled
1782984830.347,2026-07-02 09:33:50.348,buffer_data_written,607452700160,607452700160,252379107.858187,enabled
1782984830.347,2026-07-02 09:33:50.348,buffer_pages0_read,7,7,0.002908,enabled
1782984830.347,2026-07-02 09:33:50.348,buffer_pages_created,1817354,1817354,755.058271,enabled
1782984830.347,2026-07-02 09:33:50.348,buffer_pages_read,80783399,80783399,33563.176558,enabled
1782984830.347,2026-07-02 09:33:50.348,buffer_pages_written,26913993,26913993,11181.989286,enabled
1782984830.347,2026-07-02 09:33:50.348,buffer_pool_bytes_data,12852903936,12852903936,0.000000,enabled
1782984830.347,2026-07-02 09:33:50.348,buffer_pool_bytes_dirty,4673388544,4673388544,0.000000,enabled
1782984830.347,2026-07-02 09:33:50.348,buffer_pool_pages_data,784479,784479,0.000000,enabled
1782984830.347,2026-07-02 09:33:50.348,buffer_pool_pages_dirty,285241,285241,0.000000,enabled
1782984830.347,2026-07-02 09:33:50.348,buffer_pool_pages_flushed,26856923,26856923,0.000000,enabled
1782984830.347,2026-07-02 09:33:50.348,buffer_pool_pages_free,1856,1856,0.000000,enabled
1782984830.347,2026-07-02 09:33:50.348,buffer_pool_pages_lru_flushed,0,0,0.000000,enabled
1782984830.347,2026-07-02 09:33:50.348,buffer_pool_pages_misc,96,96,0.000000,enabled
1782984830.347,2026-07-02 09:33:50.348,buffer_pool_pages_total,786432,786432,0.000000,enabled
1782984830.347,2026-07-02 09:33:50.348,buffer_pool_reads,79881049,79881049,33188.277299,enabled
1782984830.347,2026-07-02 09:33:50.348,buffer_pool_read_ahead,803715,803715,333.920452,enabled
1782984830.347,2026-07-02 09:33:50.348,buffer_pool_read_ahead_evicted,25,25,0.010387,enabled
1782984830.347,2026-07-02 09:33:50.348,buffer_pool_read_requests,2951129893,2951129893,1226109.545129,enabled
1782984830.347,2026-07-02 09:33:50.348,buffer_pool_size,12884901888,12884901888,0.000000,enabled
1782984830.347,2026-07-02 09:33:50.348,buffer_pool_wait_free,18945,18945,7.871102,enabled
1782984830.347,2026-07-02 09:33:50.348,buffer_pool_write_requests,615113859,615113859,255562.106898,enabled
1782984830.347,2026-07-02 09:33:50.348,dml_deletes,13555636,13555636,5631.975560,enabled
1782984830.347,2026-07-02 09:33:50.348,dml_inserts,113441045,113441045,47131.480493,enabled
1782984830.347,2026-07-02 09:33:50.348,dml_system_deletes,468,468,0.194440,enabled
1782984830.347,2026-07-02 09:33:50.348,dml_system_inserts,1202,1202,0.499396,enabled
1782984830.347,2026-07-02 09:33:50.348,dml_system_reads,7661,7661,3.182924,enabled
1782984830.347,2026-07-02 09:33:50.348,dml_system_updates,620,620,0.257592,enabled
1782984830.347,2026-07-02 09:33:50.348,dml_updates,27111394,27111394,11264.001799,enabled
1782984830.347,2026-07-02 09:33:50.348,file_num_open_files,35,35,0.000000,enabled
1782984830.347,2026-07-02 09:33:50.348,ibuf_merges,0,0,0.000000,enabled
1782984830.347,2026-07-02 09:33:50.348,ibuf_merges_delete,0,0,0.000000,enabled
1782984830.347,2026-07-02 09:33:50.348,ibuf_merges_delete_mark,0,0,0.000000,enabled
1782984830.347,2026-07-02 09:33:50.348,ibuf_merges_discard_delete,0,0,0.000000,enabled
1782984830.347,2026-07-02 09:33:50.348,ibuf_merges_discard_delete_mark,0,0,0.000000,enabled
1782984830.347,2026-07-02 09:33:50.348,ibuf_merges_discard_insert,0,0,0.000000,enabled
1782984830.347,2026-07-02 09:33:50.348,ibuf_merges_insert,0,0,0.000000,enabled
1782984830.347,2026-07-02 09:33:50.348,ibuf_size,1,1,0.000415,enabled
1782984830.347,2026-07-02 09:33:50.348,innodb_activity_count,18482747,18482747,7679.048128,enabled
1782984830.347,2026-07-02 09:33:50.348,innodb_dblwr_pages_written,26854633,26854633,11157.325143,enabled
1782984830.347,2026-07-02 09:33:50.348,innodb_dblwr_writes,552885,552885,229.707765,enabled
1782984830.347,2026-07-02 09:33:50.348,innodb_page_size,16384,16384,0.000000,enabled
1782984830.347,2026-07-02 09:33:50.348,innodb_rwlock_sx_os_waits,0,0,0.000000,enabled
1782984830.347,2026-07-02 09:33:50.348,innodb_rwlock_sx_spin_rounds,0,0,0.000000,enabled
1782984830.347,2026-07-02 09:33:50.348,innodb_rwlock_sx_spin_waits,0,0,0.000000,enabled
1782984830.347,2026-07-02 09:33:50.348,innodb_rwlock_s_os_waits,0,0,0.000000,enabled
1782984830.347,2026-07-02 09:33:50.348,innodb_rwlock_s_spin_rounds,0,0,0.000000,enabled
1782984830.347,2026-07-02 09:33:50.348,innodb_rwlock_s_spin_waits,0,0,0.000000,enabled
1782984830.347,2026-07-02 09:33:50.348,innodb_rwlock_x_os_waits,0,0,0.000000,enabled
1782984830.347,2026-07-02 09:33:50.348,innodb_rwlock_x_spin_rounds,0,0,0.000000,enabled
1782984830.347,2026-07-02 09:33:50.348,innodb_rwlock_x_spin_waits,0,0,0.000000,enabled
1782984830.347,2026-07-02 09:33:50.348,lock_deadlocks,0,0,0.000000,enabled
1782984830.347,2026-07-02 09:33:50.348,lock_deadlock_false_positives,0,0,0.000000,enabled
1782984830.347,2026-07-02 09:33:50.348,lock_deadlock_rounds,2644,2644,1.098506,enabled
1782984830.347,2026-07-02 09:33:50.348,lock_rec_grant_attempts,425,425,0.176575,enabled
1782984830.347,2026-07-02 09:33:50.348,lock_rec_release_attempts,41202021,41202021,17118.254359,enabled
1782984830.347,2026-07-02 09:33:50.348,lock_row_lock_current_waits,0,0,0.000000,enabled
1782984830.347,2026-07-02 09:33:50.348,lock_row_lock_time,323,323,0.134197,enabled
1782984830.347,2026-07-02 09:33:50.348,lock_row_lock_time_avg,0,0,0.000000,enabled
1782984830.347,2026-07-02 09:33:50.348,lock_row_lock_time_max,29,29,0.000000,enabled
1782984830.347,2026-07-02 09:33:50.348,lock_row_lock_waits,425,425,0.176575,enabled
1782984830.347,2026-07-02 09:33:50.348,lock_schedule_refreshes,2644,2644,1.098506,enabled
1782984830.347,2026-07-02 09:33:50.348,lock_threads_waiting,0,0,0.000000,enabled
1782984830.347,2026-07-02 09:33:50.348,lock_timeouts,0,0,0.000000,enabled
1782984830.347,2026-07-02 09:33:50.348,log_waits,0,0,0.000000,enabled
1782984830.347,2026-07-02 09:33:50.348,log_writes,206433188,206433188,85767.037830,enabled
1782984830.347,2026-07-02 09:33:50.348,log_write_requests,415145280,415145280,172480.894713,enabled
1782984830.347,2026-07-02 09:33:50.348,os_data_fsyncs,58071090,58071090,24126.864368,enabled
1782984830.347,2026-07-02 09:33:50.348,os_data_reads,80855359,80855359,33593.071574,enabled
1782984830.347,2026-07-02 09:33:50.348,os_data_writes,234157404,234157404,97285.653337,enabled
1782984830.347,2026-07-02 09:33:50.348,os_log_bytes_written,130374773248,130374773248,54166960.971428,enabled
1782984830.347,2026-07-02 09:33:50.348,os_log_fsyncs,50731210,50731210,21077.355700,enabled
1782984830.347,2026-07-02 09:33:50.348,os_log_pending_fsyncs,0,0,0.000000,enabled
1782984830.347,2026-07-02 09:33:50.348,os_log_pending_writes,1,1,0.000415,enabled
1782984830.347,2026-07-02 09:33:50.348,trx_rseg_history_len,250,250,0.000000,enabled
1782984831.418,2026-07-02 09:33:51.420,adaptive_hash_searches,0,0,0.000000,enabled
1782984831.418,2026-07-02 09:33:51.420,adaptive_hash_searches_btree,612454602,612454602,254344.087376,enabled
1782984831.418,2026-07-02 09:33:51.420,buffer_data_reads,1320731937280,1320731937280,548482125.183152,enabled
1782984831.418,2026-07-02 09:33:51.420,buffer_data_written,607807460864,607807460864,252414224.387996,enabled
1782984831.418,2026-07-02 09:33:51.420,buffer_pages0_read,7,7,0.002907,enabled
1782984831.418,2026-07-02 09:33:51.420,buffer_pages_created,1817392,1817392,754.738344,enabled
1782984831.418,2026-07-02 09:33:51.420,buffer_pages_read,80838485,80838485,33571.130436,enabled
1782984831.418,2026-07-02 09:33:51.420,buffer_pages_written,26932590,26932590,11184.740718,enabled
1782984831.418,2026-07-02 09:33:51.420,buffer_pool_bytes_data,12849135616,12849135616,0.000000,enabled
1782984831.418,2026-07-02 09:33:51.420,buffer_pool_bytes_dirty,4626563072,4626563072,0.000000,enabled
1782984831.418,2026-07-02 09:33:51.420,buffer_pool_pages_data,784249,784249,0.000000,enabled
1782984831.418,2026-07-02 09:33:51.420,buffer_pool_pages_dirty,282383,282383,0.000000,enabled
1782984831.418,2026-07-02 09:33:51.420,buffer_pool_pages_flushed,26872448,26872448,0.000000,enabled
1782984831.418,2026-07-02 09:33:51.420,buffer_pool_pages_free,2087,2087,0.000000,enabled
1782984831.418,2026-07-02 09:33:51.420,buffer_pool_pages_lru_flushed,0,0,0.000000,enabled
1782984831.418,2026-07-02 09:33:51.420,buffer_pool_pages_misc,96,96,0.000000,enabled
1782984831.418,2026-07-02 09:33:51.420,buffer_pool_pages_total,786432,786432,0.000000,enabled
1782984831.418,2026-07-02 09:33:51.420,buffer_pool_reads,79936079,79936079,33196.374503,enabled
1782984831.418,2026-07-02 09:33:51.420,buffer_pool_read_ahead,803715,803715,333.771986,enabled
1782984831.418,2026-07-02 09:33:51.420,buffer_pool_read_ahead_evicted,25,25,0.010382,enabled
1782984831.418,2026-07-02 09:33:51.420,buffer_pool_read_requests,2951927852,2951927852,1225895.780872,enabled
1782984831.418,2026-07-02 09:33:51.420,buffer_pool_size,12884901888,12884901888,0.000000,enabled
1782984831.418,2026-07-02 09:33:51.420,buffer_pool_wait_free,18945,18945,7.867603,enabled
1782984831.418,2026-07-02 09:33:51.420,buffer_pool_write_requests,615219824,615219824,255492.486142,enabled
1782984831.418,2026-07-02 09:33:51.420,dml_deletes,13560304,13560304,5631.410125,enabled
1782984831.418,2026-07-02 09:33:51.420,dml_inserts,113445712,113445712,47112.463843,enabled
1782984831.418,2026-07-02 09:33:51.420,dml_system_deletes,468,468,0.194354,enabled
1782984831.418,2026-07-02 09:33:51.420,dml_system_inserts,1202,1202,0.499174,enabled
1782984831.418,2026-07-02 09:33:51.420,dml_system_reads,7661,7661,3.181509,enabled
1782984831.418,2026-07-02 09:33:51.420,dml_system_updates,620,620,0.257478,enabled
1782984831.418,2026-07-02 09:33:51.420,dml_updates,27120734,27120734,11262.872566,enabled
1782984831.418,2026-07-02 09:33:51.420,file_num_open_files,35,35,0.000000,enabled
1782984831.418,2026-07-02 09:33:51.420,ibuf_merges,0,0,0.000000,enabled
1782984831.418,2026-07-02 09:33:51.420,ibuf_merges_delete,0,0,0.000000,enabled
1782984831.418,2026-07-02 09:33:51.420,ibuf_merges_delete_mark,0,0,0.000000,enabled
1782984831.418,2026-07-02 09:33:51.420,ibuf_merges_discard_delete,0,0,0.000000,enabled
1782984831.418,2026-07-02 09:33:51.420,ibuf_merges_discard_delete_mark,0,0,0.000000,enabled
1782984831.418,2026-07-02 09:33:51.420,ibuf_merges_discard_insert,0,0,0.000000,enabled
1782984831.418,2026-07-02 09:33:51.420,ibuf_merges_insert,0,0,0.000000,enabled
1782984831.418,2026-07-02 09:33:51.420,ibuf_size,1,1,0.000415,enabled
1782984831.418,2026-07-02 09:33:51.420,innodb_activity_count,18488100,18488100,7677.857016,enabled
1782984831.418,2026-07-02 09:33:51.420,innodb_dblwr_pages_written,26872462,26872462,11159.768691,enabled
1782984831.418,2026-07-02 09:33:51.420,innodb_dblwr_writes,553212,553212,229.741434,enabled
1782984831.418,2026-07-02 09:33:51.420,innodb_page_size,16384,16384,0.000000,enabled
1782984831.418,2026-07-02 09:33:51.420,innodb_rwlock_sx_os_waits,0,0,0.000000,enabled
1782984831.418,2026-07-02 09:33:51.420,innodb_rwlock_sx_spin_rounds,0,0,0.000000,enabled
1782984831.418,2026-07-02 09:33:51.420,innodb_rwlock_sx_spin_waits,0,0,0.000000,enabled
1782984831.418,2026-07-02 09:33:51.420,innodb_rwlock_s_os_waits,0,0,0.000000,enabled
1782984831.418,2026-07-02 09:33:51.420,innodb_rwlock_s_spin_rounds,0,0,0.000000,enabled
1782984831.418,2026-07-02 09:33:51.420,innodb_rwlock_s_spin_waits,0,0,0.000000,enabled
1782984831.418,2026-07-02 09:33:51.420,innodb_rwlock_x_os_waits,0,0,0.000000,enabled
1782984831.418,2026-07-02 09:33:51.420,innodb_rwlock_x_spin_rounds,0,0,0.000000,enabled
1782984831.418,2026-07-02 09:33:51.420,innodb_rwlock_x_spin_waits,0,0,0.000000,enabled
1782984831.418,2026-07-02 09:33:51.420,lock_deadlocks,0,0,0.000000,enabled
1782984831.418,2026-07-02 09:33:51.420,lock_deadlock_false_positives,0,0,0.000000,enabled
1782984831.418,2026-07-02 09:33:51.420,lock_deadlock_rounds,2645,2645,1.098433,enabled
1782984831.418,2026-07-02 09:33:51.420,lock_rec_grant_attempts,425,425,0.176497,enabled
1782984831.418,2026-07-02 09:33:51.420,lock_rec_release_attempts,41216231,41216231,17116.544548,enabled
1782984831.418,2026-07-02 09:33:51.420,lock_row_lock_current_waits,0,0,0.000000,enabled
1782984831.418,2026-07-02 09:33:51.420,lock_row_lock_time,323,323,0.134138,enabled
1782984831.418,2026-07-02 09:33:51.420,lock_row_lock_time_avg,0,0,0.000000,enabled
1782984831.418,2026-07-02 09:33:51.420,lock_row_lock_time_max,29,29,0.000000,enabled
1782984831.418,2026-07-02 09:33:51.420,lock_row_lock_waits,425,425,0.176497,enabled
1782984831.418,2026-07-02 09:33:51.420,lock_schedule_refreshes,2645,2645,1.098433,enabled
1782984831.418,2026-07-02 09:33:51.420,lock_threads_waiting,0,0,0.000000,enabled
1782984831.418,2026-07-02 09:33:51.420,lock_timeouts,0,0,0.000000,enabled
1782984831.418,2026-07-02 09:33:51.420,log_waits,0,0,0.000000,enabled
1782984831.418,2026-07-02 09:33:51.420,log_writes,206510324,206510324,85760.938824,enabled
1782984831.418,2026-07-02 09:33:51.420,log_write_requests,415223650,415223650,172436.754661,enabled
1782984831.418,2026-07-02 09:33:51.420,os_data_fsyncs,58101338,58101338,24128.698998,enabled
1782984831.418,2026-07-02 09:33:51.420,os_data_reads,80910277,80910277,33600.942593,enabled
1782984831.418,2026-07-02 09:33:51.420,os_data_writes,234253370,234253370,97282.252917,enabled
1782984831.418,2026-07-02 09:33:51.420,os_log_bytes_written,130415195648,130415195648,54159664.854632,enabled
1782984831.418,2026-07-02 09:33:51.420,os_log_fsyncs,50756880,50756880,21078.644970,enabled
1782984831.418,2026-07-02 09:33:51.420,os_log_pending_fsyncs,1,1,0.000415,enabled
1782984831.418,2026-07-02 09:33:51.420,os_log_pending_writes,0,0,0.000000,enabled
1782984831.418,2026-07-02 09:33:51.420,trx_rseg_history_len,1313,1313,0.000000,enabled
1782984832.488,2026-07-02 09:33:52.490,adaptive_hash_searches,0,0,0.000000,enabled
1782984832.488,2026-07-02 09:33:52.490,adaptive_hash_searches_btree,612616942,612616942,254298.212058,enabled
1782984832.488,2026-07-02 09:33:52.490,buffer_data_reads,1321638103552,1321638103552,548614032.613530,enabled
1782984832.488,2026-07-02 09:33:52.490,buffer_data_written,608118541824,608118541824,252430952.384942,enabled
1782984832.488,2026-07-02 09:33:52.490,buffer_pages0_read,7,7,0.002906,enabled
1782984832.488,2026-07-02 09:33:52.490,buffer_pages_created,1817424,1817424,754.415537,enabled
1782984832.488,2026-07-02 09:33:52.490,buffer_pages_read,80893959,80893959,33579.208292,enabled
1782984832.488,2026-07-02 09:33:52.490,buffer_pages_written,26948969,26948969,11186.559020,enabled
1782984832.488,2026-07-02 09:33:52.490,buffer_pool_bytes_data,12862128128,12862128128,0.000000,enabled
1782984832.488,2026-07-02 09:33:52.490,buffer_pool_bytes_dirty,4617142272,4617142272,0.000000,enabled
1782984832.488,2026-07-02 09:33:52.490,buffer_pool_pages_data,785042,785042,0.000000,enabled
1782984832.488,2026-07-02 09:33:52.490,buffer_pool_pages_dirty,281808,281808,0.000000,enabled
1782984832.488,2026-07-02 09:33:52.490,buffer_pool_pages_flushed,26891899,26891899,0.000000,enabled
1782984832.488,2026-07-02 09:33:52.490,buffer_pool_pages_free,1294,1294,0.000000,enabled
1782984832.488,2026-07-02 09:33:52.490,buffer_pool_pages_lru_flushed,0,0,0.000000,enabled
1782984832.488,2026-07-02 09:33:52.490,buffer_pool_pages_misc,96,96,0.000000,enabled
1782984832.488,2026-07-02 09:33:52.490,buffer_pool_pages_total,786432,786432,0.000000,enabled
1782984832.488,2026-07-02 09:33:52.490,buffer_pool_reads,79991493,79991493,33204.594401,enabled
1782984832.488,2026-07-02 09:33:52.490,buffer_pool_read_ahead,803715,803715,333.623356,enabled
1782984832.488,2026-07-02 09:33:52.490,buffer_pool_read_ahead_evicted,25,25,0.010378,enabled
1782984832.488,2026-07-02 09:33:52.490,buffer_pool_read_requests,2952733277,2952733277,1225684.215553,enabled
1782984832.488,2026-07-02 09:33:52.490,buffer_pool_size,12884901888,12884901888,0.000000,enabled
1782984832.488,2026-07-02 09:33:52.490,buffer_pool_wait_free,18945,18945,7.864099,enabled
1782984832.488,2026-07-02 09:33:52.490,buffer_pool_write_requests,615329896,615329896,255424.404932,enabled
1782984832.488,2026-07-02 09:33:52.490,dml_deletes,13564994,13564994,5630.849218,enabled
1782984832.488,2026-07-02 09:33:52.490,dml_inserts,113450403,113450403,47093.431334,enabled
1782984832.488,2026-07-02 09:33:52.490,dml_system_deletes,468,468,0.194267,enabled
1782984832.488,2026-07-02 09:33:52.490,dml_system_inserts,1202,1202,0.498952,enabled
1782984832.488,2026-07-02 09:33:52.490,dml_system_reads,7661,7661,3.180093,enabled
1782984832.488,2026-07-02 09:33:52.490,dml_system_updates,620,620,0.257363,enabled
1782984832.488,2026-07-02 09:33:52.490,dml_updates,27130109,27130109,11261.748653,enabled
1782984832.488,2026-07-02 09:33:52.490,file_num_open_files,35,35,0.000000,enabled
1782984832.488,2026-07-02 09:33:52.490,ibuf_merges,0,0,0.000000,enabled
1782984832.488,2026-07-02 09:33:52.490,ibuf_merges_delete,0,0,0.000000,enabled
1782984832.488,2026-07-02 09:33:52.490,ibuf_merges_delete_mark,0,0,0.000000,enabled
1782984832.488,2026-07-02 09:33:52.490,ibuf_merges_discard_delete,0,0,0.000000,enabled
1782984832.488,2026-07-02 09:33:52.490,ibuf_merges_discard_delete_mark,0,0,0.000000,enabled
1782984832.488,2026-07-02 09:33:52.490,ibuf_merges_discard_insert,0,0,0.000000,enabled
1782984832.488,2026-07-02 09:33:52.490,ibuf_merges_insert,0,0,0.000000,enabled
1782984832.488,2026-07-02 09:33:52.490,ibuf_size,1,1,0.000415,enabled
1782984832.488,2026-07-02 09:33:52.490,innodb_activity_count,18493486,18493486,7676.673704,enabled
1782984832.488,2026-07-02 09:33:52.490,innodb_dblwr_pages_written,26889609,26889609,11161.916852,enabled
1782984832.488,2026-07-02 09:33:52.490,innodb_dblwr_writes,553585,553585,229.793960,enabled
1782984832.488,2026-07-02 09:33:52.490,innodb_page_size,16384,16384,0.000000,enabled
1782984832.488,2026-07-02 09:33:52.490,innodb_rwlock_sx_os_waits,0,0,0.000000,enabled
1782984832.488,2026-07-02 09:33:52.490,innodb_rwlock_sx_spin_rounds,0,0,0.000000,enabled
1782984832.488,2026-07-02 09:33:52.490,innodb_rwlock_sx_spin_waits,0,0,0.000000,enabled
1782984832.488,2026-07-02 09:33:52.490,innodb_rwlock_s_os_waits,0,0,0.000000,enabled
1782984832.488,2026-07-02 09:33:52.490,innodb_rwlock_s_spin_rounds,0,0,0.000000,enabled
1782984832.488,2026-07-02 09:33:52.490,innodb_rwlock_s_spin_waits,0,0,0.000000,enabled
1782984832.488,2026-07-02 09:33:52.490,innodb_rwlock_x_os_waits,0,0,0.000000,enabled
1782984832.488,2026-07-02 09:33:52.490,innodb_rwlock_x_spin_rounds,0,0,0.000000,enabled
1782984832.488,2026-07-02 09:33:52.490,innodb_rwlock_x_spin_waits,0,0,0.000000,enabled
1782984832.488,2026-07-02 09:33:52.490,lock_deadlocks,0,0,0.000000,enabled
1782984832.488,2026-07-02 09:33:52.490,lock_deadlock_false_positives,0,0,0.000000,enabled
1782984832.488,2026-07-02 09:33:52.490,lock_deadlock_rounds,2646,2646,1.098359,enabled
1782984832.488,2026-07-02 09:33:52.490,lock_rec_grant_attempts,425,425,0.176418,enabled
1782984832.488,2026-07-02 09:33:52.490,lock_rec_release_attempts,41230507,41230507,17114.848428,enabled
1782984832.488,2026-07-02 09:33:52.490,lock_row_lock_current_waits,0,0,0.000000,enabled
1782984832.488,2026-07-02 09:33:52.490,lock_row_lock_time,323,323,0.134078,enabled
1782984832.488,2026-07-02 09:33:52.490,lock_row_lock_time_avg,0,0,0.000000,enabled
1782984832.488,2026-07-02 09:33:52.490,lock_row_lock_time_max,29,29,0.000000,enabled
1782984832.488,2026-07-02 09:33:52.490,lock_row_lock_waits,425,425,0.176418,enabled
1782984832.488,2026-07-02 09:33:52.490,lock_schedule_refreshes,2646,2646,1.098359,enabled
1782984832.488,2026-07-02 09:33:52.490,lock_threads_waiting,0,0,0.000000,enabled
1782984832.488,2026-07-02 09:33:52.490,lock_timeouts,0,0,0.000000,enabled
1782984832.488,2026-07-02 09:33:52.490,log_waits,0,0,0.000000,enabled
1782984832.488,2026-07-02 09:33:52.490,log_writes,206588841,206588841,85755.340798,enabled
1782984832.488,2026-07-02 09:33:52.490,log_write_requests,415303692,415303692,172393.191707,enabled
1782984832.488,2026-07-02 09:33:52.490,os_data_fsyncs,58131385,58131385,24130.426761,enabled
1782984832.488,2026-07-02 09:33:52.490,os_data_reads,80965596,80965596,33608.942696,enabled
1782984832.488,2026-07-02 09:33:52.490,os_data_writes,234348539,234348539,97278.436789,enabled
1782984832.488,2026-07-02 09:33:52.490,os_log_bytes_written,130456103424,130456103424,54152527.803918,enabled
1782984832.488,2026-07-02 09:33:52.490,os_log_fsyncs,50781940,50781940,21079.660847,enabled
1782984832.488,2026-07-02 09:33:52.490,os_log_pending_fsyncs,0,0,0.000000,enabled
1782984832.488,2026-07-02 09:33:52.490,os_log_pending_writes,0,0,0.000000,enabled
1782984832.488,2026-07-02 09:33:52.490,trx_rseg_history_len,1050,1050,0.000000,enabled
1782984833.561,2026-07-02 09:33:53.562,adaptive_hash_searches,0,0,0.000000,enabled
1782984833.561,2026-07-02 09:33:53.562,adaptive_hash_searches_btree,612784935,612784935,254254.506686,enabled
1782984833.561,2026-07-02 09:33:53.562,buffer_data_reads,1322569222656,1322569222656,548755703.455425,enabled
1782984833.561,2026-07-02 09:33:53.562,buffer_data_written,608427404288,608427404288,252446527.764807,enabled
1782984833.561,2026-07-02 09:33:53.562,buffer_pages0_read,7,7,0.002904,enabled
1782984833.561,2026-07-02 09:33:53.562,buffer_pages_created,1817461,1817461,754.094441,enabled
1782984833.561,2026-07-02 09:33:53.562,buffer_pages_read,80950934,80950934,33587.872792,enabled
1782984833.561,2026-07-02 09:33:53.562,buffer_pages_written,26964876,26964876,11188.170208,enabled
1782984833.561,2026-07-02 09:33:53.562,buffer_pool_bytes_data,12858966016,12858966016,0.000000,enabled
1782984833.561,2026-07-02 09:33:53.562,buffer_pool_bytes_dirty,4623482880,4623482880,0.000000,enabled
1782984833.561,2026-07-02 09:33:53.562,buffer_pool_pages_data,784847,784847,0.000000,enabled
1782984833.561,2026-07-02 09:33:53.562,buffer_pool_pages_dirty,282195,282195,0.000000,enabled
1782984833.561,2026-07-02 09:33:53.562,buffer_pool_pages_flushed,26907806,26907806,0.000000,enabled
1782984833.561,2026-07-02 09:33:53.562,buffer_pool_pages_free,1486,1486,0.000000,enabled
1782984833.561,2026-07-02 09:33:53.562,buffer_pool_pages_lru_flushed,0,0,0.000000,enabled
1782984833.561,2026-07-02 09:33:53.562,buffer_pool_pages_misc,98,98,0.000000,enabled
1782984833.561,2026-07-02 09:33:53.562,buffer_pool_pages_total,786432,786432,0.000000,enabled
1782984833.561,2026-07-02 09:33:53.562,buffer_pool_reads,80048395,80048395,33213.395708,enabled
1782984833.561,2026-07-02 09:33:53.562,buffer_pool_read_ahead,803715,803715,333.474569,enabled
1782984833.561,2026-07-02 09:33:53.562,buffer_pool_read_ahead_evicted,25,25,0.010373,enabled
1782984833.561,2026-07-02 09:33:53.562,buffer_pool_read_requests,2953565699,2953565699,1225482.981080,enabled
1782984833.561,2026-07-02 09:33:53.562,buffer_pool_size,12884901888,12884901888,0.000000,enabled
1782984833.561,2026-07-02 09:33:53.562,buffer_pool_wait_free,18945,18945,7.860592,enabled
1782984833.561,2026-07-02 09:33:53.562,buffer_pool_write_requests,615443014,615443014,255357.427498,enabled
1782984833.561,2026-07-02 09:33:53.562,dml_deletes,13569850,13569850,5630.352879,enabled
1782984833.561,2026-07-02 09:33:53.562,dml_inserts,113455259,113455259,47074.444056,enabled
1782984833.561,2026-07-02 09:33:53.562,dml_system_deletes,468,468,0.194181,enabled
1782984833.561,2026-07-02 09:33:53.562,dml_system_inserts,1202,1202,0.498729,enabled
1782984833.561,2026-07-02 09:33:53.562,dml_system_reads,7661,7661,3.178674,enabled
1782984833.561,2026-07-02 09:33:53.562,dml_system_updates,620,620,0.257248,enabled
1782984833.561,2026-07-02 09:33:53.562,dml_updates,27139822,27139822,11260.756369,enabled
1782984833.561,2026-07-02 09:33:53.562,file_num_open_files,35,35,0.000000,enabled
1782984833.561,2026-07-02 09:33:53.562,ibuf_merges,0,0,0.000000,enabled
1782984833.561,2026-07-02 09:33:53.562,ibuf_merges_delete,0,0,0.000000,enabled
1782984833.561,2026-07-02 09:33:53.562,ibuf_merges_delete_mark,0,0,0.000000,enabled
1782984833.561,2026-07-02 09:33:53.562,ibuf_merges_discard_delete,0,0,0.000000,enabled
1782984833.561,2026-07-02 09:33:53.562,ibuf_merges_discard_delete_mark,0,0,0.000000,enabled
1782984833.561,2026-07-02 09:33:53.562,ibuf_merges_discard_insert,0,0,0.000000,enabled
1782984833.561,2026-07-02 09:33:53.562,ibuf_merges_insert,0,0,0.000000,enabled
1782984833.561,2026-07-02 09:33:53.562,ibuf_size,1,1,0.000415,enabled
1782984833.561,2026-07-02 09:33:53.562,innodb_activity_count,18499069,18499069,7675.566646,enabled
1782984833.561,2026-07-02 09:33:53.562,innodb_dblwr_pages_written,26905516,26905516,11163.539088,enabled
1782984833.561,2026-07-02 09:33:53.562,innodb_dblwr_writes,553958,553958,229.846244,enabled
1782984833.561,2026-07-02 09:33:53.562,innodb_page_size,16384,16384,0.000000,enabled
1782984833.561,2026-07-02 09:33:53.562,innodb_rwlock_sx_os_waits,0,0,0.000000,enabled
1782984833.561,2026-07-02 09:33:53.562,innodb_rwlock_sx_spin_rounds,0,0,0.000000,enabled
1782984833.561,2026-07-02 09:33:53.562,innodb_rwlock_sx_spin_waits,0,0,0.000000,enabled
1782984833.561,2026-07-02 09:33:53.562,innodb_rwlock_s_os_waits,0,0,0.000000,enabled
1782984833.561,2026-07-02 09:33:53.562,innodb_rwlock_s_spin_rounds,0,0,0.000000,enabled
1782984833.561,2026-07-02 09:33:53.562,innodb_rwlock_s_spin_waits,0,0,0.000000,enabled
1782984833.561,2026-07-02 09:33:53.562,innodb_rwlock_x_os_waits,0,0,0.000000,enabled
1782984833.561,2026-07-02 09:33:53.562,innodb_rwlock_x_spin_rounds,0,0,0.000000,enabled
1782984833.561,2026-07-02 09:33:53.562,innodb_rwlock_x_spin_waits,0,0,0.000000,enabled
1782984833.561,2026-07-02 09:33:53.562,lock_deadlocks,0,0,0.000000,enabled
1782984833.561,2026-07-02 09:33:53.562,lock_deadlock_false_positives,0,0,0.000000,enabled
1782984833.561,2026-07-02 09:33:53.562,lock_deadlock_rounds,2647,2647,1.098284,enabled
1782984833.561,2026-07-02 09:33:53.562,lock_rec_grant_attempts,425,425,0.176339,enabled
1782984833.561,2026-07-02 09:33:53.562,lock_rec_release_attempts,41245252,41245252,17113.333648,enabled
1782984833.561,2026-07-02 09:33:53.562,lock_row_lock_current_waits,0,0,0.000000,enabled
1782984833.561,2026-07-02 09:33:53.562,lock_row_lock_time,323,323,0.134018,enabled
1782984833.561,2026-07-02 09:33:53.562,lock_row_lock_time_avg,0,0,0.000000,enabled
1782984833.561,2026-07-02 09:33:53.562,lock_row_lock_time_max,29,29,0.000000,enabled
1782984833.561,2026-07-02 09:33:53.562,lock_row_lock_waits,425,425,0.176339,enabled
1782984833.561,2026-07-02 09:33:53.562,lock_schedule_refreshes,2647,2647,1.098284,enabled
1782984833.561,2026-07-02 09:33:53.562,lock_threads_waiting,0,0,0.000000,enabled
1782984833.561,2026-07-02 09:33:53.562,lock_timeouts,0,0,0.000000,enabled
1782984833.561,2026-07-02 09:33:53.562,log_waits,0,0,0.000000,enabled
1782984833.561,2026-07-02 09:33:53.562,log_writes,206669276,206669276,85750.470549,enabled
1782984833.561,2026-07-02 09:33:53.562,log_write_requests,415386262,415386262,172350.569683,enabled
1782984833.561,2026-07-02 09:33:53.562,os_data_fsyncs,58164453,58164453,24133.385827,enabled
1782984833.561,2026-07-02 09:33:53.562,os_data_reads,81022402,81022402,33617.523943,enabled
1782984833.561,2026-07-02 09:33:53.562,os_data_writes,234445156,234445156,97275.141743,enabled
1782984833.561,2026-07-02 09:33:53.562,os_log_bytes_written,130498350592,130498350592,54145906.571990,enabled
1782984833.561,2026-07-02 09:33:53.562,os_log_fsyncs,50810021,50810021,21081.911264,enabled
1782984833.561,2026-07-02 09:33:53.562,os_log_pending_fsyncs,1,1,0.000415,enabled
1782984833.561,2026-07-02 09:33:53.562,os_log_pending_writes,0,0,0.000000,enabled
1782984833.561,2026-07-02 09:33:53.562,trx_rseg_history_len,1087,1087,0.000000,enabled
1782984834.636,2026-07-02 09:33:54.637,adaptive_hash_searches,0,0,0.000000,enabled
1782984834.636,2026-07-02 09:33:54.637,adaptive_hash_searches_btree,612953662,612953662,254211.377880,enabled
1782984834.636,2026-07-02 09:33:54.637,buffer_data_reads,1323506452992,1323506452992,548900284.657961,enabled
1782984834.636,2026-07-02 09:33:54.637,buffer_data_written,608740098560,608740098560,252463909.299040,enabled
1782984834.636,2026-07-02 09:33:54.637,buffer_pages0_read,7,7,0.002903,enabled
1782984834.636,2026-07-02 09:33:54.637,buffer_pages_created,1817488,1817488,753.770174,enabled
1782984834.636,2026-07-02 09:33:54.637,buffer_pages_read,81008305,81008305,33596.724571,enabled
1782984834.636,2026-07-02 09:33:54.637,buffer_pages_written,26981075,26981075,11189.911314,enabled
1782984834.636,2026-07-02 09:33:54.637,buffer_pool_bytes_data,12856180736,12856180736,0.000000,enabled
1782984834.636,2026-07-02 09:33:54.637,buffer_pool_bytes_dirty,4624728064,4624728064,0.000000,enabled
1782984834.636,2026-07-02 09:33:54.637,buffer_pool_pages_data,784679,784679,0.000000,enabled
1782984834.636,2026-07-02 09:33:54.637,buffer_pool_pages_dirty,282271,282271,0.000000,enabled
1782984834.636,2026-07-02 09:33:54.637,buffer_pool_pages_flushed,26924005,26924005,0.000000,enabled
1782984834.636,2026-07-02 09:33:54.637,buffer_pool_pages_free,1655,1655,0.000000,enabled
1782984834.636,2026-07-02 09:33:54.637,buffer_pool_pages_lru_flushed,0,0,0.000000,enabled
1782984834.636,2026-07-02 09:33:54.637,buffer_pool_pages_misc,96,96,0.000000,enabled
1782984834.636,2026-07-02 09:33:54.637,buffer_pool_pages_total,786432,786432,0.000000,enabled
1782984834.636,2026-07-02 09:33:54.637,buffer_pool_reads,80105714,80105714,33222.392538,enabled
1782984834.636,2026-07-02 09:33:54.637,buffer_pool_read_ahead,803715,803715,333.326221,enabled
1782984834.636,2026-07-02 09:33:54.637,buffer_pool_read_ahead_evicted,25,25,0.010368,enabled
1782984834.636,2026-07-02 09:33:54.637,buffer_pool_read_requests,2954401967,2954401967,1225284.645532,enabled
1782984834.636,2026-07-02 09:33:54.637,buffer_pool_size,12884901888,12884901888,0.000000,enabled
1782984834.636,2026-07-02 09:33:54.637,buffer_pool_wait_free,18945,18945,7.857095,enabled
1782984834.636,2026-07-02 09:33:54.637,buffer_pool_write_requests,615556483,615556483,255290.889593,enabled
1782984834.636,2026-07-02 09:33:54.637,dml_deletes,13574730,13574730,5629.872124,enabled
1782984834.636,2026-07-02 09:33:54.637,dml_inserts,113460137,113460137,47055.526187,enabled
1782984834.636,2026-07-02 09:33:54.637,dml_system_deletes,468,468,0.194094,enabled
1782984834.636,2026-07-02 09:33:54.637,dml_system_inserts,1202,1202,0.498508,enabled
1782984834.636,2026-07-02 09:33:54.637,dml_system_reads,7661,7661,3.177260,enabled
1782984834.636,2026-07-02 09:33:54.637,dml_system_updates,620,620,0.257134,enabled
1782984834.636,2026-07-02 09:33:54.637,dml_updates,27149584,27149584,11259.795666,enabled
1782984834.636,2026-07-02 09:33:54.637,file_num_open_files,35,35,0.000000,enabled
1782984834.636,2026-07-02 09:33:54.637,ibuf_merges,0,0,0.000000,enabled
1782984834.636,2026-07-02 09:33:54.637,ibuf_merges_delete,0,0,0.000000,enabled
1782984834.636,2026-07-02 09:33:54.637,ibuf_merges_delete_mark,0,0,0.000000,enabled
1782984834.636,2026-07-02 09:33:54.637,ibuf_merges_discard_delete,0,0,0.000000,enabled
1782984834.636,2026-07-02 09:33:54.637,ibuf_merges_discard_delete_mark,0,0,0.000000,enabled
1782984834.636,2026-07-02 09:33:54.637,ibuf_merges_discard_insert,0,0,0.000000,enabled
1782984834.636,2026-07-02 09:33:54.637,ibuf_merges_insert,0,0,0.000000,enabled
1782984834.636,2026-07-02 09:33:54.637,ibuf_size,1,1,0.000415,enabled
1782984834.636,2026-07-02 09:33:54.637,innodb_activity_count,18504673,18504673,7674.476330,enabled
1782984834.636,2026-07-02 09:33:54.637,innodb_dblwr_pages_written,26921715,26921715,11165.291242,enabled
1782984834.636,2026-07-02 09:33:54.637,innodb_dblwr_writes,554300,554300,229.885835,enabled
1782984834.636,2026-07-02 09:33:54.637,innodb_page_size,16384,16384,0.000000,enabled
1782984834.636,2026-07-02 09:33:54.637,innodb_rwlock_sx_os_waits,0,0,0.000000,enabled
1782984834.636,2026-07-02 09:33:54.637,innodb_rwlock_sx_spin_rounds,0,0,0.000000,enabled
1782984834.636,2026-07-02 09:33:54.637,innodb_rwlock_sx_spin_waits,0,0,0.000000,enabled
1782984834.636,2026-07-02 09:33:54.637,innodb_rwlock_s_os_waits,0,0,0.000000,enabled
1782984834.636,2026-07-02 09:33:54.637,innodb_rwlock_s_spin_rounds,0,0,0.000000,enabled
1782984834.636,2026-07-02 09:33:54.637,innodb_rwlock_s_spin_waits,0,0,0.000000,enabled
1782984834.636,2026-07-02 09:33:54.637,innodb_rwlock_x_os_waits,0,0,0.000000,enabled
1782984834.636,2026-07-02 09:33:54.637,innodb_rwlock_x_spin_rounds,0,0,0.000000,enabled
1782984834.636,2026-07-02 09:33:54.637,innodb_rwlock_x_spin_waits,0,0,0.000000,enabled
1782984834.636,2026-07-02 09:33:54.637,lock_deadlocks,0,0,0.000000,enabled
1782984834.636,2026-07-02 09:33:54.637,lock_deadlock_false_positives,0,0,0.000000,enabled
1782984834.636,2026-07-02 09:33:54.637,lock_deadlock_rounds,2648,2648,1.098210,enabled
1782984834.636,2026-07-02 09:33:54.637,lock_rec_grant_attempts,425,425,0.176261,enabled
1782984834.636,2026-07-02 09:33:54.637,lock_rec_release_attempts,41260106,41260106,17111.881127,enabled
1782984834.636,2026-07-02 09:33:54.637,lock_row_lock_current_waits,0,0,0.000000,enabled
1782984834.636,2026-07-02 09:33:54.637,lock_row_lock_time,323,323,0.133958,enabled
1782984834.636,2026-07-02 09:33:54.637,lock_row_lock_time_avg,0,0,0.000000,enabled
1782984834.636,2026-07-02 09:33:54.637,lock_row_lock_time_max,29,29,0.000000,enabled
1782984834.636,2026-07-02 09:33:54.637,lock_row_lock_waits,425,425,0.176261,enabled
1782984834.636,2026-07-02 09:33:54.637,lock_schedule_refreshes,2648,2648,1.098210,enabled
1782984834.636,2026-07-02 09:33:54.637,lock_threads_waiting,0,0,0.000000,enabled
1782984834.636,2026-07-02 09:33:54.637,lock_timeouts,0,0,0.000000,enabled
1782984834.636,2026-07-02 09:33:54.637,log_waits,0,0,0.000000,enabled
1782984834.636,2026-07-02 09:33:54.637,log_writes,206748610,206748610,85745.226385,enabled
1782984834.636,2026-07-02 09:33:54.637,log_write_requests,415469187,415469187,172308.290343,enabled
1782984834.636,2026-07-02 09:33:54.637,os_data_fsyncs,58197802,58197802,24136.480779,enabled
1782984834.636,2026-07-02 09:33:54.637,os_data_reads,81079624,81079624,33626.300675,enabled
1782984834.636,2026-07-02 09:33:54.637,os_data_writes,234540953,234540953,97271.598118,enabled
1782984834.636,2026-07-02 09:33:54.637,os_log_bytes_written,130539731968,130539731968,54138981.518063,enabled
1782984834.636,2026-07-02 09:33:54.637,os_log_fsyncs,50838552,50838552,21084.365528,enabled
1782984834.636,2026-07-02 09:33:54.637,os_log_pending_fsyncs,1,1,0.000415,enabled
1782984834.636,2026-07-02 09:33:54.637,os_log_pending_writes,0,0,0.000000,enabled
1782984834.636,2026-07-02 09:33:54.637,trx_rseg_history_len,1107,1107,0.000000,enabled
1782984835.708,2026-07-02 09:33:55.710,adaptive_hash_searches,0,0,0.000000,enabled
1782984835.708,2026-07-02 09:33:55.710,adaptive_hash_searches_btree,613122815,613122815,254168.518870,enabled
1782984835.708,2026-07-02 09:33:55.710,buffer_data_reads,1324443077120,1324443077120,549044607.019570,enabled
1782984835.708,2026-07-02 09:33:55.710,buffer_data_written,609051151872,609051151872,252480650.853367,enabled
1782984835.708,2026-07-02 09:33:55.710,buffer_pages0_read,7,7,0.002902,enabled
1782984835.708,2026-07-02 09:33:55.710,buffer_pages_created,1817523,1817523,753.449677,enabled
1782984835.708,2026-07-02 09:33:55.710,buffer_pages_read,81065638,81065638,33605.560103,enabled
1782984835.708,2026-07-02 09:33:55.710,buffer_pages_written,26997144,26997144,11191.599429,enabled
1782984835.708,2026-07-02 09:33:55.710,buffer_pool_bytes_data,12856311808,12856311808,0.000000,enabled
1782984835.708,2026-07-02 09:33:55.710,buffer_pool_bytes_dirty,4629430272,4629430272,0.000000,enabled
1782984835.708,2026-07-02 09:33:55.710,buffer_pool_pages_data,784687,784687,0.000000,enabled
1782984835.708,2026-07-02 09:33:55.710,buffer_pool_pages_dirty,282558,282558,0.000000,enabled
1782984835.708,2026-07-02 09:33:55.710,buffer_pool_pages_flushed,26940074,26940074,0.000000,enabled
1782984835.708,2026-07-02 09:33:55.710,buffer_pool_pages_free,1649,1649,0.000000,enabled
1782984835.708,2026-07-02 09:33:55.710,buffer_pool_pages_lru_flushed,0,0,0.000000,enabled
1782984835.708,2026-07-02 09:33:55.710,buffer_pool_pages_misc,96,96,0.000000,enabled
1782984835.708,2026-07-02 09:33:55.710,buffer_pool_pages_total,786432,786432,0.000000,enabled
1782984835.708,2026-07-02 09:33:55.710,buffer_pool_reads,80162987,80162987,33231.369386,enabled
1782984835.708,2026-07-02 09:33:55.710,buffer_pool_read_ahead,803715,803715,333.178076,enabled
1782984835.708,2026-07-02 09:33:55.710,buffer_pool_read_ahead_evicted,25,25,0.010364,enabled
1782984835.708,2026-07-02 09:33:55.710,buffer_pool_read_requests,2955239235,2955239235,1225087.160623,enabled
1782984835.708,2026-07-02 09:33:55.710,buffer_pool_size,12884901888,12884901888,0.000000,enabled
1782984835.708,2026-07-02 09:33:55.710,buffer_pool_wait_free,18945,18945,7.853603,enabled
1782984835.708,2026-07-02 09:33:55.710,buffer_pool_write_requests,615670013,615670013,255224.490314,enabled
1782984835.708,2026-07-02 09:33:55.710,dml_deletes,13579620,13579620,5629.397129,enabled
1782984835.708,2026-07-02 09:33:55.710,dml_inserts,113465028,113465028,47036.640450,enabled
1782984835.708,2026-07-02 09:33:55.710,dml_system_deletes,468,468,0.194008,enabled
1782984835.708,2026-07-02 09:33:55.710,dml_system_inserts,1202,1202,0.498286,enabled
1782984835.708,2026-07-02 09:33:55.710,dml_system_reads,7661,7661,3.175848,enabled
1782984835.708,2026-07-02 09:33:55.710,dml_system_updates,620,620,0.257019,enabled
1782984835.708,2026-07-02 09:33:55.710,dml_updates,27159363,27159363,11258.845239,enabled
1782984835.708,2026-07-02 09:33:55.710,file_num_open_files,35,35,0.000000,enabled
1782984835.708,2026-07-02 09:33:55.710,ibuf_merges,0,0,0.000000,enabled
1782984835.708,2026-07-02 09:33:55.710,ibuf_merges_delete,0,0,0.000000,enabled
1782984835.708,2026-07-02 09:33:55.710,ibuf_merges_delete_mark,0,0,0.000000,enabled
1782984835.708,2026-07-02 09:33:55.710,ibuf_merges_discard_delete,0,0,0.000000,enabled
1782984835.708,2026-07-02 09:33:55.710,ibuf_merges_discard_delete_mark,0,0,0.000000,enabled
1782984835.708,2026-07-02 09:33:55.710,ibuf_merges_discard_insert,0,0,0.000000,enabled
1782984835.708,2026-07-02 09:33:55.710,ibuf_merges_insert,0,0,0.000000,enabled
1782984835.708,2026-07-02 09:33:55.710,ibuf_size,1,1,0.000415,enabled
1782984835.708,2026-07-02 09:33:55.710,innodb_activity_count,18510301,18510301,7673.398574,enabled
1782984835.708,2026-07-02 09:33:55.710,innodb_dblwr_pages_written,26937784,26937784,11166.990325,enabled
1782984835.708,2026-07-02 09:33:55.710,innodb_dblwr_writes,554643,554643,229.925855,enabled
1782984835.708,2026-07-02 09:33:55.710,innodb_page_size,16384,16384,0.000000,enabled
1782984835.708,2026-07-02 09:33:55.710,innodb_rwlock_sx_os_waits,0,0,0.000000,enabled
1782984835.708,2026-07-02 09:33:55.710,innodb_rwlock_sx_spin_rounds,0,0,0.000000,enabled
1782984835.708,2026-07-02 09:33:55.710,innodb_rwlock_sx_spin_waits,0,0,0.000000,enabled
1782984835.708,2026-07-02 09:33:55.710,innodb_rwlock_s_os_waits,0,0,0.000000,enabled
1782984835.708,2026-07-02 09:33:55.710,innodb_rwlock_s_spin_rounds,0,0,0.000000,enabled
1782984835.708,2026-07-02 09:33:55.710,innodb_rwlock_s_spin_waits,0,0,0.000000,enabled
1782984835.708,2026-07-02 09:33:55.710,innodb_rwlock_x_os_waits,0,0,0.000000,enabled
1782984835.708,2026-07-02 09:33:55.710,innodb_rwlock_x_spin_rounds,0,0,0.000000,enabled
1782984835.708,2026-07-02 09:33:55.710,innodb_rwlock_x_spin_waits,0,0,0.000000,enabled
1782984835.708,2026-07-02 09:33:55.710,lock_deadlocks,0,0,0.000000,enabled
1782984835.708,2026-07-02 09:33:55.710,lock_deadlock_false_positives,0,0,0.000000,enabled
1782984835.708,2026-07-02 09:33:55.710,lock_deadlock_rounds,2649,2649,1.098136,enabled
1782984835.708,2026-07-02 09:33:55.710,lock_rec_grant_attempts,425,425,0.176183,enabled
1782984835.708,2026-07-02 09:33:55.710,lock_rec_release_attempts,41274976,41274976,17110.440123,enabled
1782984835.708,2026-07-02 09:33:55.710,lock_row_lock_current_waits,0,0,0.000000,enabled
1782984835.708,2026-07-02 09:33:55.710,lock_row_lock_time,323,323,0.133899,enabled
1782984835.708,2026-07-02 09:33:55.710,lock_row_lock_time_avg,0,0,0.000000,enabled
1782984835.708,2026-07-02 09:33:55.710,lock_row_lock_time_max,29,29,0.000000,enabled
1782984835.708,2026-07-02 09:33:55.710,lock_row_lock_waits,425,425,0.176183,enabled
1782984835.708,2026-07-02 09:33:55.710,lock_schedule_refreshes,2649,2649,1.098136,enabled
1782984835.708,2026-07-02 09:33:55.710,lock_threads_waiting,0,0,0.000000,enabled
1782984835.708,2026-07-02 09:33:55.710,lock_timeouts,0,0,0.000000,enabled
1782984835.708,2026-07-02 09:33:55.710,log_waits,0,0,0.000000,enabled
1782984835.708,2026-07-02 09:33:55.710,log_writes,206828445,206828445,85740.213519,enabled
1782984835.708,2026-07-02 09:33:55.710,log_write_requests,415552294,415552294,172266.162150,enabled
1782984835.708,2026-07-02 09:33:55.710,os_data_fsyncs,58231632,58231632,24139.777800,enabled
1782984835.708,2026-07-02 09:33:55.710,os_data_reads,81136780,81136780,33635.049825,enabled
1782984835.708,2026-07-02 09:33:55.710,os_data_writes,234637113,234637113,97268.230013,enabled
1782984835.708,2026-07-02 09:33:55.710,os_log_bytes_written,130581419008,130581419008,54132201.451170,enabled
1782984835.708,2026-07-02 09:33:55.710,os_log_fsyncs,50867721,50867721,21087.086809,enabled
1782984835.708,2026-07-02 09:33:55.710,os_log_pending_fsyncs,1,1,0.000415,enabled
1782984835.708,2026-07-02 09:33:55.710,os_log_pending_writes,0,0,0.000000,enabled
1782984835.708,2026-07-02 09:33:55.710,trx_rseg_history_len,1178,1178,0.000000,enabled
1782984836.780,2026-07-02 09:33:56.782,adaptive_hash_searches,0,0,0.000000,enabled
1782984836.780,2026-07-02 09:33:56.782,adaptive_hash_searches_btree,613291477,613291477,254125.731410,enabled
1782984836.780,2026-07-02 09:33:56.782,buffer_data_reads,1325378177536,1325378177536,549188682.609469,enabled
1782984836.780,2026-07-02 09:33:56.782,buffer_data_written,609363011072,609363011072,252497947.163021,enabled
1782984836.780,2026-07-02 09:33:56.782,buffer_pages0_read,7,7,0.002901,enabled
1782984836.780,2026-07-02 09:33:56.782,buffer_pages_created,1817559,1817559,753.130584,enabled
1782984836.780,2026-07-02 09:33:56.782,buffer_pages_read,81122895,81122895,33614.387702,enabled
1782984836.780,2026-07-02 09:33:56.782,buffer_pages_written,27013286,27013286,11193.326765,enabled
1782984836.780,2026-07-02 09:33:56.782,buffer_pool_bytes_data,12845842432,12845842432,0.000000,enabled
1782984836.780,2026-07-02 09:33:56.782,buffer_pool_bytes_dirty,4632625152,4632625152,0.000000,enabled
1782984836.780,2026-07-02 09:33:56.782,buffer_pool_pages_data,784048,784048,0.000000,enabled
1782984836.780,2026-07-02 09:33:56.782,buffer_pool_pages_dirty,282753,282753,0.000000,enabled
1782984836.780,2026-07-02 09:33:56.782,buffer_pool_pages_flushed,26956216,26956216,0.000000,enabled
1782984836.780,2026-07-02 09:33:56.782,buffer_pool_pages_free,2288,2288,0.000000,enabled
1782984836.780,2026-07-02 09:33:56.782,buffer_pool_pages_lru_flushed,0,0,0.000000,enabled
1782984836.780,2026-07-02 09:33:56.782,buffer_pool_pages_misc,96,96,0.000000,enabled
1782984836.780,2026-07-02 09:33:56.782,buffer_pool_pages_total,786432,786432,0.000000,enabled
1782984836.780,2026-07-02 09:33:56.782,buffer_pool_reads,80220180,80220180,33240.336430,enabled
1782984836.780,2026-07-02 09:33:56.782,buffer_pool_read_ahead,803715,803715,333.030376,enabled
1782984836.780,2026-07-02 09:33:56.782,buffer_pool_read_ahead_evicted,25,25,0.010359,enabled
1782984836.780,2026-07-02 09:33:56.782,buffer_pool_read_requests,2956074414,2956074414,1224890.140516,enabled
1782984836.780,2026-07-02 09:33:56.782,buffer_pool_size,12884901888,12884901888,0.000000,enabled
1782984836.780,2026-07-02 09:33:56.782,buffer_pool_wait_free,18945,18945,7.850122,enabled
1782984836.780,2026-07-02 09:33:56.782,buffer_pool_write_requests,615783200,615783200,255158.248506,enabled
1782984836.780,2026-07-02 09:33:56.782,dml_deletes,13584499,13584499,5628.923258,enabled
1782984836.780,2026-07-02 09:33:56.782,dml_inserts,113469908,113469908,47017.810876,enabled
1782984836.780,2026-07-02 09:33:56.782,dml_system_deletes,468,468,0.193922,enabled
1782984836.780,2026-07-02 09:33:56.782,dml_system_inserts,1202,1202,0.498065,enabled
1782984836.780,2026-07-02 09:33:56.782,dml_system_reads,7661,7661,3.174440,enabled
1782984836.780,2026-07-02 09:33:56.782,dml_system_updates,620,620,0.256905,enabled
1782984836.780,2026-07-02 09:33:56.782,dml_updates,27169119,27169119,11257.896644,enabled
1782984836.780,2026-07-02 09:33:56.782,file_num_open_files,35,35,0.000000,enabled
1782984836.780,2026-07-02 09:33:56.782,ibuf_merges,0,0,0.000000,enabled
1782984836.780,2026-07-02 09:33:56.782,ibuf_merges_delete,0,0,0.000000,enabled
1782984836.780,2026-07-02 09:33:56.782,ibuf_merges_delete_mark,0,0,0.000000,enabled
1782984836.780,2026-07-02 09:33:56.782,ibuf_merges_discard_delete,0,0,0.000000,enabled
1782984836.780,2026-07-02 09:33:56.782,ibuf_merges_discard_delete_mark,0,0,0.000000,enabled
1782984836.780,2026-07-02 09:33:56.782,ibuf_merges_discard_insert,0,0,0.000000,enabled
1782984836.780,2026-07-02 09:33:56.782,ibuf_merges_insert,0,0,0.000000,enabled
1782984836.780,2026-07-02 09:33:56.782,ibuf_size,1,1,0.000414,enabled
1782984836.780,2026-07-02 09:33:56.782,innodb_activity_count,18515917,18515917,7672.323971,enabled
1782984836.780,2026-07-02 09:33:56.782,innodb_dblwr_pages_written,26953926,26953926,11168.728578,enabled
1782984836.780,2026-07-02 09:33:56.782,innodb_dblwr_writes,555021,555021,229.980557,enabled
1782984836.780,2026-07-02 09:33:56.782,innodb_page_size,16384,16384,0.000000,enabled
1782984836.780,2026-07-02 09:33:56.782,innodb_rwlock_sx_os_waits,0,0,0.000000,enabled
1782984836.780,2026-07-02 09:33:56.782,innodb_rwlock_sx_spin_rounds,0,0,0.000000,enabled
1782984836.780,2026-07-02 09:33:56.782,innodb_rwlock_sx_spin_waits,0,0,0.000000,enabled
1782984836.780,2026-07-02 09:33:56.782,innodb_rwlock_s_os_waits,0,0,0.000000,enabled
1782984836.780,2026-07-02 09:33:56.782,innodb_rwlock_s_spin_rounds,0,0,0.000000,enabled
1782984836.780,2026-07-02 09:33:56.782,innodb_rwlock_s_spin_waits,0,0,0.000000,enabled
1782984836.780,2026-07-02 09:33:56.782,innodb_rwlock_x_os_waits,0,0,0.000000,enabled
1782984836.780,2026-07-02 09:33:56.782,innodb_rwlock_x_spin_rounds,0,0,0.000000,enabled
1782984836.780,2026-07-02 09:33:56.782,innodb_rwlock_x_spin_waits,0,0,0.000000,enabled
1782984836.780,2026-07-02 09:33:56.782,lock_deadlocks,0,0,0.000000,enabled
1782984836.780,2026-07-02 09:33:56.782,lock_deadlock_false_positives,0,0,0.000000,enabled
1782984836.780,2026-07-02 09:33:56.782,lock_deadlock_rounds,2650,2650,1.098064,enabled
1782984836.780,2026-07-02 09:33:56.782,lock_rec_grant_attempts,425,425,0.176105,enabled
1782984836.780,2026-07-02 09:33:56.782,lock_rec_release_attempts,41289799,41289799,17108.997077,enabled
1782984836.780,2026-07-02 09:33:56.782,lock_row_lock_current_waits,0,0,0.000000,enabled
1782984836.780,2026-07-02 09:33:56.782,lock_row_lock_time,323,323,0.133839,enabled
1782984836.780,2026-07-02 09:33:56.782,lock_row_lock_time_avg,0,0,0.000000,enabled
1782984836.780,2026-07-02 09:33:56.782,lock_row_lock_time_max,29,29,0.000000,enabled
1782984836.780,2026-07-02 09:33:56.782,lock_row_lock_waits,425,425,0.176105,enabled
1782984836.780,2026-07-02 09:33:56.782,lock_schedule_refreshes,2650,2650,1.098064,enabled
1782984836.780,2026-07-02 09:33:56.782,lock_threads_waiting,0,0,0.000000,enabled
1782984836.780,2026-07-02 09:33:56.782,lock_timeouts,0,0,0.000000,enabled
1782984836.780,2026-07-02 09:33:56.782,log_waits,0,0,0.000000,enabled
1782984836.780,2026-07-02 09:33:56.782,log_writes,206908012,206908012,85735.174023,enabled
1782984836.780,2026-07-02 09:33:56.782,log_write_requests,415635238,415635238,172224.164439,enabled
1782984836.780,2026-07-02 09:33:56.782,os_data_fsyncs,58265615,58265615,24143.157831,enabled
1782984836.780,2026-07-02 09:33:56.782,os_data_reads,81193851,81193851,33643.787382,enabled
1782984836.780,2026-07-02 09:33:56.782,os_data_writes,234733094,234733094,97264.881553,enabled
1782984836.780,2026-07-02 09:33:56.782,os_log_bytes_written,130622882304,130622882304,54125385.239081,enabled
1782984836.780,2026-07-02 09:33:56.782,os_log_fsyncs,50896775,50896775,21089.777712,enabled
1782984836.780,2026-07-02 09:33:56.782,os_log_pending_fsyncs,1,1,0.000414,enabled
1782984836.780,2026-07-02 09:33:56.782,os_log_pending_writes,1,1,0.000414,enabled
1782984836.780,2026-07-02 09:33:56.782,trx_rseg_history_len,1228,1228,0.000000,enabled
1782984837.850,2026-07-02 09:33:57.852,adaptive_hash_searches,0,0,0.000000,enabled
1782984837.850,2026-07-02 09:33:57.852,adaptive_hash_searches_btree,613460748,613460748,254083.048834,enabled
1782984837.850,2026-07-02 09:33:57.852,buffer_data_reads,1326315047424,1326315047424,549332966.406978,enabled
1782984837.850,2026-07-02 09:33:57.852,buffer_data_written,609672294400,609672294400,252513978.826511,enabled
1782984837.850,2026-07-02 09:33:57.852,buffer_pages0_read,7,7,0.002899,enabled
1782984837.850,2026-07-02 09:33:57.852,buffer_pages_created,1817590,1817590,752.809159,enabled
1782984837.850,2026-07-02 09:33:57.852,buffer_pages_read,81180217,81180217,33623.210104,enabled
1782984837.850,2026-07-02 09:33:57.852,buffer_pages_written,27029317,27029317,11194.998500,enabled
1782984837.850,2026-07-02 09:33:57.852,buffer_pool_bytes_data,12851429376,12851429376,0.000000,enabled
1782984837.850,2026-07-02 09:33:57.852,buffer_pool_bytes_dirty,4637179904,4637179904,0.000000,enabled
1782984837.850,2026-07-02 09:33:57.852,buffer_pool_pages_data,784389,784389,0.000000,enabled
1782984837.850,2026-07-02 09:33:57.852,buffer_pool_pages_dirty,283031,283031,0.000000,enabled
1782984837.850,2026-07-02 09:33:57.852,buffer_pool_pages_flushed,26972207,26972207,0.000000,enabled
1782984837.850,2026-07-02 09:33:57.852,buffer_pool_pages_free,1948,1948,0.000000,enabled
1782984837.850,2026-07-02 09:33:57.852,buffer_pool_pages_lru_flushed,0,0,0.000000,enabled
1782984837.850,2026-07-02 09:33:57.852,buffer_pool_pages_misc,96,96,0.000000,enabled
1782984837.850,2026-07-02 09:33:57.852,buffer_pool_pages_total,786432,786432,0.000000,enabled
1782984837.850,2026-07-02 09:33:57.852,buffer_pool_reads,80277443,80277443,33249.300412,enabled
1782984837.850,2026-07-02 09:33:57.852,buffer_pool_read_ahead,803715,803715,332.882566,enabled
1782984837.850,2026-07-02 09:33:57.852,buffer_pool_read_ahead_evicted,25,25,0.010354,enabled
1782984837.850,2026-07-02 09:33:57.852,buffer_pool_read_requests,2956916618,2956916618,1224695.316235,enabled
1782984837.850,2026-07-02 09:33:57.852,buffer_pool_size,12884901888,12884901888,0.000000,enabled
1782984837.850,2026-07-02 09:33:57.852,buffer_pool_wait_free,18945,18945,7.846637,enabled
1782984837.850,2026-07-02 09:33:57.852,buffer_pool_write_requests,615899903,615899903,255093.336432,enabled
1782984837.850,2026-07-02 09:33:57.852,dml_deletes,13589390,13589390,5628.450641,enabled
1782984837.850,2026-07-02 09:33:57.852,dml_inserts,113474798,113474798,46998.967584,enabled
1782984837.850,2026-07-02 09:33:57.852,dml_system_deletes,468,468,0.193836,enabled
1782984837.850,2026-07-02 09:33:57.852,dml_system_inserts,1202,1202,0.497844,enabled
1782984837.850,2026-07-02 09:33:57.852,dml_system_reads,7661,7661,3.173031,enabled
1782984837.850,2026-07-02 09:33:57.852,dml_system_updates,620,620,0.256791,enabled
1782984837.850,2026-07-02 09:33:57.852,dml_updates,27178903,27178903,11256.952215,enabled
1782984837.850,2026-07-02 09:33:57.852,file_num_open_files,35,35,0.000000,enabled
1782984837.850,2026-07-02 09:33:57.852,ibuf_merges,0,0,0.000000,enabled
1782984837.850,2026-07-02 09:33:57.852,ibuf_merges_delete,0,0,0.000000,enabled
1782984837.850,2026-07-02 09:33:57.852,ibuf_merges_delete_mark,0,0,0.000000,enabled
1782984837.850,2026-07-02 09:33:57.852,ibuf_merges_discard_delete,0,0,0.000000,enabled
1782984837.850,2026-07-02 09:33:57.852,ibuf_merges_discard_delete_mark,0,0,0.000000,enabled
1782984837.850,2026-07-02 09:33:57.852,ibuf_merges_discard_insert,0,0,0.000000,enabled
1782984837.850,2026-07-02 09:33:57.852,ibuf_merges_insert,0,0,0.000000,enabled
1782984837.850,2026-07-02 09:33:57.852,ibuf_size,1,1,0.000414,enabled
1782984837.850,2026-07-02 09:33:57.852,innodb_activity_count,18521543,18521543,7671.248843,enabled
1782984837.850,2026-07-02 09:33:57.852,innodb_dblwr_pages_written,26969981,26969981,11170.421063,enabled
1782984837.850,2026-07-02 09:33:57.852,innodb_dblwr_writes,555389,555389,230.030899,enabled
1782984837.850,2026-07-02 09:33:57.852,innodb_page_size,16384,16384,0.000000,enabled
1782984837.850,2026-07-02 09:33:57.852,innodb_rwlock_sx_os_waits,0,0,0.000000,enabled
1782984837.850,2026-07-02 09:33:57.852,innodb_rwlock_sx_spin_rounds,0,0,0.000000,enabled
1782984837.850,2026-07-02 09:33:57.852,innodb_rwlock_sx_spin_waits,0,0,0.000000,enabled
1782984837.850,2026-07-02 09:33:57.852,innodb_rwlock_s_os_waits,0,0,0.000000,enabled
1782984837.850,2026-07-02 09:33:57.852,innodb_rwlock_s_spin_rounds,0,0,0.000000,enabled
1782984837.850,2026-07-02 09:33:57.852,innodb_rwlock_s_spin_waits,0,0,0.000000,enabled
1782984837.850,2026-07-02 09:33:57.852,innodb_rwlock_x_os_waits,0,0,0.000000,enabled
1782984837.850,2026-07-02 09:33:57.852,innodb_rwlock_x_spin_rounds,0,0,0.000000,enabled
1782984837.850,2026-07-02 09:33:57.852,innodb_rwlock_x_spin_waits,0,0,0.000000,enabled
1782984837.850,2026-07-02 09:33:57.852,lock_deadlocks,0,0,0.000000,enabled
1782984837.850,2026-07-02 09:33:57.852,lock_deadlock_false_positives,0,0,0.000000,enabled
1782984837.850,2026-07-02 09:33:57.852,lock_deadlock_rounds,2651,2651,1.097991,enabled
1782984837.850,2026-07-02 09:33:57.852,lock_rec_grant_attempts,425,425,0.176026,enabled
1782984837.850,2026-07-02 09:33:57.852,lock_rec_release_attempts,41304674,41304674,17107.564465,enabled
1782984837.850,2026-07-02 09:33:57.852,lock_row_lock_current_waits,0,0,0.000000,enabled
1782984837.850,2026-07-02 09:33:57.852,lock_row_lock_time,323,323,0.133780,enabled
1782984837.850,2026-07-02 09:33:57.852,lock_row_lock_time_avg,0,0,0.000000,enabled
1782984837.850,2026-07-02 09:33:57.852,lock_row_lock_time_max,29,29,0.000000,enabled
1782984837.850,2026-07-02 09:33:57.852,lock_row_lock_waits,425,425,0.176026,enabled
1782984837.850,2026-07-02 09:33:57.852,lock_schedule_refreshes,2651,2651,1.097991,enabled
1782984837.850,2026-07-02 09:33:57.852,lock_threads_waiting,0,0,0.000000,enabled
1782984837.850,2026-07-02 09:33:57.852,lock_timeouts,0,0,0.000000,enabled
1782984837.850,2026-07-02 09:33:57.852,log_waits,0,0,0.000000,enabled
1782984837.850,2026-07-02 09:33:57.852,log_writes,206985108,206985108,85729.053104,enabled
1782984837.850,2026-07-02 09:33:57.852,log_write_requests,415719483,415719483,172182.617429,enabled
1782984837.850,2026-07-02 09:33:57.852,os_data_fsyncs,58298043,58298043,24145.873190,enabled
1782984837.850,2026-07-02 09:33:57.852,os_data_reads,81251051,81251051,33652.546060,enabled
1782984837.850,2026-07-02 09:33:57.852,os_data_writes,234826530,234826530,97260.410957,enabled
1782984837.850,2026-07-02 09:33:57.852,os_log_bytes_written,130663356416,130663356416,54118125.883184,enabled
1782984837.850,2026-07-02 09:33:57.852,os_log_fsyncs,50924332,50924332,21091.830818,enabled
1782984837.850,2026-07-02 09:33:57.852,os_log_pending_fsyncs,0,0,0.000000,enabled
1782984837.850,2026-07-02 09:33:57.852,os_log_pending_writes,0,0,0.000000,enabled
1782984837.850,2026-07-02 09:33:57.852,trx_rseg_history_len,75,75,0.000000,enabled
1782984838.922,2026-07-02 09:33:58.923,adaptive_hash_searches,0,0,0.000000,enabled
1782984838.922,2026-07-02 09:33:58.923,adaptive_hash_searches_btree,613628709,613628709,254040.042089,enabled
1782984838.922,2026-07-02 09:33:58.923,buffer_data_reads,1327250196992,1327250196992,549476797.713592,enabled
1782984838.922,2026-07-02 09:33:58.923,buffer_data_written,609983879168,609983879168,252531127.237005,enabled
1782984838.922,2026-07-02 09:33:58.923,buffer_pages0_read,7,7,0.002898,enabled
1782984838.922,2026-07-02 09:33:58.923,buffer_pages_created,1817616,1817616,752.486479,enabled
1782984838.922,2026-07-02 09:33:58.923,buffer_pages_read,81237463,81237463,33632.016940,enabled
1782984838.922,2026-07-02 09:33:58.923,buffer_pages_written,27045442,27045442,11196.715565,enabled
1782984838.922,2026-07-02 09:33:58.923,buffer_pool_bytes_data,12850937856,12850937856,0.000000,enabled
1782984838.922,2026-07-02 09:33:58.923,buffer_pool_bytes_dirty,4642177024,4642177024,0.000000,enabled
1782984838.922,2026-07-02 09:33:58.923,buffer_pool_pages_data,784359,784359,0.000000,enabled
1782984838.922,2026-07-02 09:33:58.923,buffer_pool_pages_dirty,283336,283336,0.000000,enabled
1782984838.922,2026-07-02 09:33:58.923,buffer_pool_pages_flushed,26988372,26988372,0.000000,enabled
1782984838.922,2026-07-02 09:33:58.923,buffer_pool_pages_free,1977,1977,0.000000,enabled
1782984838.922,2026-07-02 09:33:58.923,buffer_pool_pages_lru_flushed,0,0,0.000000,enabled
1782984838.922,2026-07-02 09:33:58.923,buffer_pool_pages_misc,97,97,0.000000,enabled
1782984838.922,2026-07-02 09:33:58.923,buffer_pool_pages_total,786432,786432,0.000000,enabled
1782984838.922,2026-07-02 09:33:58.923,buffer_pool_reads,80334630,80334630,33258.248436,enabled
1782984838.922,2026-07-02 09:33:58.923,buffer_pool_read_ahead,803715,803715,332.735121,enabled
1782984838.922,2026-07-02 09:33:58.923,buffer_pool_read_ahead_evicted,25,25,0.010350,enabled
1782984838.922,2026-07-02 09:33:58.923,buffer_pool_read_requests,2957748588,2957748588,1224497.291294,enabled
1782984838.922,2026-07-02 09:33:58.923,buffer_pool_size,12884901888,12884901888,0.000000,enabled
1782984838.922,2026-07-02 09:33:58.923,buffer_pool_wait_free,18945,18945,7.843162,enabled
1782984838.922,2026-07-02 09:33:58.923,buffer_pool_write_requests,616012466,616012466,255026.948026,enabled
1782984838.922,2026-07-02 09:33:58.923,dml_deletes,13594255,13594255,5627.971708,enabled
1782984838.922,2026-07-02 09:33:58.923,dml_inserts,113479663,113479663,46980.164292,enabled
1782984838.922,2026-07-02 09:33:58.923,dml_system_deletes,468,468,0.193750,enabled
1782984838.922,2026-07-02 09:33:58.923,dml_system_inserts,1202,1202,0.497624,enabled
1782984838.922,2026-07-02 09:33:58.923,dml_system_reads,7661,7661,3.171626,enabled
1782984838.922,2026-07-02 09:33:58.923,dml_system_updates,620,620,0.256678,enabled
1782984838.922,2026-07-02 09:33:58.923,dml_updates,27188637,27188637,11255.995983,enabled
1782984838.922,2026-07-02 09:33:58.923,file_num_open_files,35,35,0.000000,enabled
1782984838.922,2026-07-02 09:33:58.923,ibuf_merges,0,0,0.000000,enabled
1782984838.922,2026-07-02 09:33:58.923,ibuf_merges_delete,0,0,0.000000,enabled
1782984838.922,2026-07-02 09:33:58.923,ibuf_merges_delete_mark,0,0,0.000000,enabled
1782984838.922,2026-07-02 09:33:58.923,ibuf_merges_discard_delete,0,0,0.000000,enabled
1782984838.922,2026-07-02 09:33:58.923,ibuf_merges_discard_delete_mark,0,0,0.000000,enabled
1782984838.922,2026-07-02 09:33:58.923,ibuf_merges_discard_insert,0,0,0.000000,enabled
1782984838.922,2026-07-02 09:33:58.923,ibuf_merges_insert,0,0,0.000000,enabled
1782984838.922,2026-07-02 09:33:58.923,ibuf_size,1,1,0.000414,enabled
1782984838.922,2026-07-02 09:33:58.923,innodb_activity_count,18527124,18527124,7670.161501,enabled
1782984838.922,2026-07-02 09:33:58.923,innodb_dblwr_pages_written,26986082,26986082,11172.139065,enabled
1782984838.922,2026-07-02 09:33:58.923,innodb_dblwr_writes,555745,555745,230.076394,enabled
1782984838.922,2026-07-02 09:33:58.923,innodb_page_size,16384,16384,0.000000,enabled
1782984838.922,2026-07-02 09:33:58.923,innodb_rwlock_sx_os_waits,0,0,0.000000,enabled
1782984838.922,2026-07-02 09:33:58.923,innodb_rwlock_sx_spin_rounds,0,0,0.000000,enabled
1782984838.922,2026-07-02 09:33:58.923,innodb_rwlock_sx_spin_waits,0,0,0.000000,enabled
1782984838.922,2026-07-02 09:33:58.923,innodb_rwlock_s_os_waits,0,0,0.000000,enabled
1782984838.922,2026-07-02 09:33:58.923,innodb_rwlock_s_spin_rounds,0,0,0.000000,enabled
1782984838.922,2026-07-02 09:33:58.923,innodb_rwlock_s_spin_waits,0,0,0.000000,enabled
1782984838.922,2026-07-02 09:33:58.923,innodb_rwlock_x_os_waits,0,0,0.000000,enabled
1782984838.922,2026-07-02 09:33:58.923,innodb_rwlock_x_spin_rounds,0,0,0.000000,enabled
1782984838.922,2026-07-02 09:33:58.923,innodb_rwlock_x_spin_waits,0,0,0.000000,enabled
1782984838.922,2026-07-02 09:33:58.923,lock_deadlocks,0,0,0.000000,enabled
1782984838.922,2026-07-02 09:33:58.923,lock_deadlock_false_positives,0,0,0.000000,enabled
1782984838.922,2026-07-02 09:33:58.923,lock_deadlock_rounds,2652,2652,1.097918,enabled
1782984838.922,2026-07-02 09:33:58.923,lock_rec_grant_attempts,425,425,0.175948,enabled
1782984838.922,2026-07-02 09:33:58.923,lock_rec_release_attempts,41319435,41319435,17106.097981,enabled
1782984838.922,2026-07-02 09:33:58.923,lock_row_lock_current_waits,0,0,0.000000,enabled
1782984838.922,2026-07-02 09:33:58.923,lock_row_lock_time,323,323,0.133721,enabled
1782984838.922,2026-07-02 09:33:58.923,lock_row_lock_time_avg,0,0,0.000000,enabled
1782984838.922,2026-07-02 09:33:58.923,lock_row_lock_time_max,29,29,0.000000,enabled
1782984838.922,2026-07-02 09:33:58.923,lock_row_lock_waits,425,425,0.175948,enabled
1782984838.922,2026-07-02 09:33:58.923,lock_schedule_refreshes,2652,2652,1.097918,enabled
1782984838.922,2026-07-02 09:33:58.923,lock_threads_waiting,0,0,0.000000,enabled
1782984838.922,2026-07-02 09:33:58.923,lock_timeouts,0,0,0.000000,enabled
1782984838.922,2026-07-02 09:33:58.923,log_waits,0,0,0.000000,enabled
1782984838.922,2026-07-02 09:33:58.923,log_writes,207064886,207064886,85724.108522,enabled
1782984838.922,2026-07-02 09:33:58.923,log_write_requests,415802102,415802102,172140.555730,enabled
1782984838.922,2026-07-02 09:33:58.923,os_data_fsyncs,58332115,58332115,24149.283911,enabled
1782984838.922,2026-07-02 09:33:58.923,os_data_reads,81308140,81308140,33661.274926,enabled
1782984838.922,2026-07-02 09:33:58.923,os_data_writes,234922661,234922661,97257.129131,enabled
1782984838.922,2026-07-02 09:33:58.923,os_log_bytes_written,130704869888,130704869888,54111341.678198,enabled
1782984838.922,2026-07-02 09:33:58.923,os_log_fsyncs,50953509,50953509,21094.567747,enabled
1782984838.922,2026-07-02 09:33:58.923,os_log_pending_fsyncs,0,0,0.000000,enabled
1782984838.922,2026-07-02 09:33:58.923,os_log_pending_writes,1,1,0.000414,enabled
1782984838.922,2026-07-02 09:33:58.923,trx_rseg_history_len,96,96,0.000000,enabled
1782984839.992,2026-07-02 09:33:59.993,adaptive_hash_searches,0,0,0.000000,enabled
1782984839.992,2026-07-02 09:33:59.993,adaptive_hash_searches_btree,613797227,613797227,253997.110743,enabled
1782984839.992,2026-07-02 09:33:59.993,buffer_data_reads,1328181037568,1328181037568,549618303.550380,enabled
1782984839.992,2026-07-02 09:33:59.993,buffer_data_written,610290164224,610290164224,252545876.663563,enabled
1782984839.992,2026-07-02 09:33:59.993,buffer_pages0_read,7,7,0.002897,enabled
1782984839.992,2026-07-02 09:33:59.993,buffer_pages_created,1817643,1817643,752.163931,enabled
1782984839.992,2026-07-02 09:33:59.993,buffer_pages_read,81294432,81294432,33640.675947,enabled
1782984839.992,2026-07-02 09:33:59.993,buffer_pages_written,27061245,27061245,11198.289404,enabled
1782984839.992,2026-07-02 09:33:59.993,buffer_pool_bytes_data,12861964288,12861964288,0.000000,enabled
1782984839.992,2026-07-02 09:33:59.993,buffer_pool_bytes_dirty,4650844160,4650844160,0.000000,enabled
1782984839.992,2026-07-02 09:33:59.993,buffer_pool_pages_data,785032,785032,0.000000,enabled
1782984839.992,2026-07-02 09:33:59.993,buffer_pool_pages_dirty,283865,283865,0.000000,enabled
1782984839.992,2026-07-02 09:33:59.993,buffer_pool_pages_flushed,27004175,27004175,0.000000,enabled
1782984839.992,2026-07-02 09:33:59.993,buffer_pool_pages_free,1304,1304,0.000000,enabled
1782984839.992,2026-07-02 09:33:59.993,buffer_pool_pages_lru_flushed,0,0,0.000000,enabled
1782984839.992,2026-07-02 09:33:59.993,buffer_pool_pages_misc,96,96,0.000000,enabled
1782984839.992,2026-07-02 09:33:59.993,buffer_pool_pages_total,786432,786432,0.000000,enabled
1782984839.992,2026-07-02 09:33:59.993,buffer_pool_reads,80391547,80391547,33267.051635,enabled
1782984839.992,2026-07-02 09:33:59.993,buffer_pool_read_ahead,803715,803715,332.587556,enabled
1782984839.992,2026-07-02 09:33:59.993,buffer_pool_read_ahead_evicted,25,25,0.010345,enabled
1782984839.992,2026-07-02 09:33:59.993,buffer_pool_read_requests,2958583326,2958583326,1224299.661948,enabled
1782984839.992,2026-07-02 09:33:59.993,buffer_pool_size,12884901888,12884901888,0.000000,enabled
1782984839.992,2026-07-02 09:33:59.993,buffer_pool_wait_free,18945,18945,7.839684,enabled
1782984839.992,2026-07-02 09:33:59.993,buffer_pool_write_requests,616125768,616125768,254960.731467,enabled
1782984839.992,2026-07-02 09:33:59.993,dml_deletes,13599121,13599121,5627.489334,enabled
1782984839.992,2026-07-02 09:33:59.993,dml_inserts,113484529,113484529,46961.342357,enabled
1782984839.992,2026-07-02 09:33:59.993,dml_system_deletes,468,468,0.193664,enabled
1782984839.992,2026-07-02 09:33:59.993,dml_system_inserts,1202,1202,0.497403,enabled
1782984839.992,2026-07-02 09:33:59.993,dml_system_reads,7661,7661,3.170219,enabled
1782984839.992,2026-07-02 09:33:59.993,dml_system_updates,620,620,0.256564,enabled
1782984839.992,2026-07-02 09:33:59.993,dml_updates,27198366,27198366,11255.029972,enabled
1782984839.992,2026-07-02 09:33:59.993,file_num_open_files,35,35,0.000000,enabled
1782984839.992,2026-07-02 09:33:59.993,ibuf_merges,0,0,0.000000,enabled
1782984839.992,2026-07-02 09:33:59.993,ibuf_merges_delete,0,0,0.000000,enabled
1782984839.992,2026-07-02 09:33:59.993,ibuf_merges_delete_mark,0,0,0.000000,enabled
1782984839.992,2026-07-02 09:33:59.993,ibuf_merges_discard_delete,0,0,0.000000,enabled
1782984839.992,2026-07-02 09:33:59.993,ibuf_merges_discard_delete_mark,0,0,0.000000,enabled
1782984839.992,2026-07-02 09:33:59.993,ibuf_merges_discard_insert,0,0,0.000000,enabled
1782984839.992,2026-07-02 09:33:59.993,ibuf_merges_insert,0,0,0.000000,enabled
1782984839.992,2026-07-02 09:33:59.993,ibuf_size,1,1,0.000414,enabled
1782984839.992,2026-07-02 09:33:59.993,innodb_activity_count,18532718,18532718,7669.074679,enabled
1782984839.992,2026-07-02 09:33:59.993,innodb_dblwr_pages_written,27001885,27001885,11173.723744,enabled
1782984839.992,2026-07-02 09:33:59.993,innodb_dblwr_writes,556098,556098,230.120432,enabled
1782984839.992,2026-07-02 09:33:59.993,innodb_page_size,16384,16384,0.000000,enabled
1782984839.992,2026-07-02 09:33:59.993,innodb_rwlock_sx_os_waits,0,0,0.000000,enabled
1782984839.992,2026-07-02 09:33:59.993,innodb_rwlock_sx_spin_rounds,0,0,0.000000,enabled
1782984839.992,2026-07-02 09:33:59.993,innodb_rwlock_sx_spin_waits,0,0,0.000000,enabled
1782984839.992,2026-07-02 09:33:59.993,innodb_rwlock_s_os_waits,0,0,0.000000,enabled
1782984839.992,2026-07-02 09:33:59.993,innodb_rwlock_s_spin_rounds,0,0,0.000000,enabled
1782984839.992,2026-07-02 09:33:59.993,innodb_rwlock_s_spin_waits,0,0,0.000000,enabled
1782984839.992,2026-07-02 09:33:59.993,innodb_rwlock_x_os_waits,0,0,0.000000,enabled
1782984839.992,2026-07-02 09:33:59.993,innodb_rwlock_x_spin_rounds,0,0,0.000000,enabled
1782984839.992,2026-07-02 09:33:59.993,innodb_rwlock_x_spin_waits,0,0,0.000000,enabled
1782984839.992,2026-07-02 09:33:59.993,lock_deadlocks,0,0,0.000000,enabled
1782984839.992,2026-07-02 09:33:59.993,lock_deadlock_false_positives,0,0,0.000000,enabled
1782984839.992,2026-07-02 09:33:59.993,lock_deadlock_rounds,2653,2653,1.097845,enabled
1782984839.992,2026-07-02 09:33:59.993,lock_rec_grant_attempts,425,425,0.175870,enabled
1782984839.992,2026-07-02 09:33:59.993,lock_rec_release_attempts,41334202,41334202,17104.622311,enabled
1782984839.992,2026-07-02 09:33:59.993,lock_row_lock_current_waits,0,0,0.000000,enabled
1782984839.992,2026-07-02 09:33:59.993,lock_row_lock_time,323,323,0.133662,enabled
1782984839.992,2026-07-02 09:33:59.993,lock_row_lock_time_avg,0,0,0.000000,enabled
1782984839.992,2026-07-02 09:33:59.993,lock_row_lock_time_max,29,29,0.000000,enabled
1782984839.992,2026-07-02 09:33:59.993,lock_row_lock_waits,425,425,0.175870,enabled
1782984839.992,2026-07-02 09:33:59.993,lock_schedule_refreshes,2653,2653,1.097845,enabled
1782984839.992,2026-07-02 09:33:59.993,lock_threads_waiting,0,0,0.000000,enabled
1782984839.992,2026-07-02 09:33:59.993,lock_timeouts,0,0,0.000000,enabled
1782984839.992,2026-07-02 09:33:59.993,log_waits,0,0,0.000000,enabled
1782984839.992,2026-07-02 09:33:59.993,log_writes,207144584,207144584,85719.070372,enabled
1782984839.992,2026-07-02 09:33:59.993,log_write_requests,415884820,415884820,172098.442028,enabled
1782984839.992,2026-07-02 09:33:59.993,os_data_fsyncs,58366032,58366032,24152.609112,enabled
1782984839.992,2026-07-02 09:33:59.993,os_data_reads,81364952,81364952,33669.855850,enabled
1782984839.992,2026-07-02 09:33:59.993,os_data_writes,235018428,235018428,97253.625709,enabled
1782984839.992,2026-07-02 09:33:59.993,os_log_bytes_written,130746220544,130746220544,54104454.998930,enabled
1782984839.992,2026-07-02 09:33:59.993,os_log_fsyncs,50982480,50982480,21097.200982,enabled
1782984839.992,2026-07-02 09:33:59.993,os_log_pending_fsyncs,1,1,0.000414,enabled
1782984839.992,2026-07-02 09:33:59.993,os_log_pending_writes,0,0,0.000000,enabled
1782984839.992,2026-07-02 09:33:59.993,trx_rseg_history_len,142,142,0.000000,enabled
1782984841.064,2026-07-02 09:34:01.065,adaptive_hash_searches,0,0,0.000000,enabled
1782984841.064,2026-07-02 09:34:01.065,adaptive_hash_searches_btree,613964869,613964869,253953.852934,enabled
1782984841.064,2026-07-02 09:34:01.065,buffer_data_reads,1329109928448,1329109928448,549758865.170412,enabled
1782984841.064,2026-07-02 09:34:01.065,buffer_data_written,610596573184,610596573184,252560658.625828,enabled
1782984841.064,2026-07-02 09:34:01.065,buffer_pages0_read,7,7,0.002895,enabled
1782984841.064,2026-07-02 09:34:01.065,buffer_pages_created,1817670,1817670,751.841652,enabled
1782984841.064,2026-07-02 09:34:01.065,buffer_pages_read,81351284,81351284,33649.278127,enabled
1782984841.064,2026-07-02 09:34:01.065,buffer_pages_written,27077188,27077188,11199.919507,enabled
1782984841.064,2026-07-02 09:34:01.065,buffer_pool_bytes_data,12857966592,12857966592,0.000000,enabled
1782984841.064,2026-07-02 09:34:01.065,buffer_pool_bytes_dirty,4655693824,4655693824,0.000000,enabled
1782984841.064,2026-07-02 09:34:01.065,buffer_pool_pages_data,784788,784788,0.000000,enabled
1782984841.064,2026-07-02 09:34:01.065,buffer_pool_pages_dirty,284161,284161,0.000000,enabled
1782984841.064,2026-07-02 09:34:01.065,buffer_pool_pages_flushed,27020068,27020068,0.000000,enabled
1782984841.064,2026-07-02 09:34:01.065,buffer_pool_pages_free,1549,1549,0.000000,enabled
1782984841.064,2026-07-02 09:34:01.065,buffer_pool_pages_lru_flushed,0,0,0.000000,enabled
1782984841.064,2026-07-02 09:34:01.065,buffer_pool_pages_misc,96,96,0.000000,enabled
1782984841.064,2026-07-02 09:34:01.065,buffer_pool_pages_total,786432,786432,0.000000,enabled
1782984841.064,2026-07-02 09:34:01.065,buffer_pool_reads,80448345,80448345,33275.797092,enabled
1782984841.064,2026-07-02 09:34:01.065,buffer_pool_read_ahead,803715,803715,332.440114,enabled
1782984841.064,2026-07-02 09:34:01.065,buffer_pool_read_ahead_evicted,25,25,0.010341,enabled
1782984841.064,2026-07-02 09:34:01.065,buffer_pool_read_requests,2959413280,2959413280,1224100.201801,enabled
1782984841.064,2026-07-02 09:34:01.065,buffer_pool_size,12884901888,12884901888,0.000000,enabled
1782984841.064,2026-07-02 09:34:01.065,buffer_pool_wait_free,18945,18945,7.836208,enabled
1782984841.064,2026-07-02 09:34:01.065,buffer_pool_write_requests,616238524,616238524,254894.342131,enabled
1782984841.064,2026-07-02 09:34:01.065,dml_deletes,13603966,13603966,5626.998644,enabled
1782984841.064,2026-07-02 09:34:01.065,dml_inserts,113489375,113489375,46942.528359,enabled
1782984841.064,2026-07-02 09:34:01.065,dml_system_deletes,468,468,0.193579,enabled
1782984841.064,2026-07-02 09:34:01.065,dml_system_inserts,1202,1202,0.497182,enabled
1782984841.064,2026-07-02 09:34:01.065,dml_system_reads,7661,7661,3.168814,enabled
1782984841.064,2026-07-02 09:34:01.065,dml_system_updates,620,620,0.256450,enabled
1782984841.064,2026-07-02 09:34:01.065,dml_updates,27208057,27208057,11254.048983,enabled
1782984841.064,2026-07-02 09:34:01.065,file_num_open_files,35,35,0.000000,enabled
1782984841.064,2026-07-02 09:34:01.065,ibuf_merges,0,0,0.000000,enabled
1782984841.064,2026-07-02 09:34:01.065,ibuf_merges_delete,0,0,0.000000,enabled
1782984841.064,2026-07-02 09:34:01.065,ibuf_merges_delete_mark,0,0,0.000000,enabled
1782984841.064,2026-07-02 09:34:01.065,ibuf_merges_discard_delete,0,0,0.000000,enabled
1782984841.064,2026-07-02 09:34:01.065,ibuf_merges_discard_delete_mark,0,0,0.000000,enabled
1782984841.064,2026-07-02 09:34:01.065,ibuf_merges_discard_insert,0,0,0.000000,enabled
1782984841.064,2026-07-02 09:34:01.065,ibuf_merges_insert,0,0,0.000000,enabled
1782984841.064,2026-07-02 09:34:01.065,ibuf_size,1,1,0.000414,enabled
1782984841.064,2026-07-02 09:34:01.065,innodb_activity_count,18538287,18538287,7667.978397,enabled
1782984841.064,2026-07-02 09:34:01.065,innodb_dblwr_pages_written,27017844,27017844,11175.371425,enabled
1782984841.064,2026-07-02 09:34:01.065,innodb_dblwr_writes,556459,556459,230.167737,enabled
1782984841.064,2026-07-02 09:34:01.065,innodb_page_size,16384,16384,0.000000,enabled
1782984841.064,2026-07-02 09:34:01.065,innodb_rwlock_sx_os_waits,0,0,0.000000,enabled
1782984841.064,2026-07-02 09:34:01.065,innodb_rwlock_sx_spin_rounds,0,0,0.000000,enabled
1782984841.064,2026-07-02 09:34:01.065,innodb_rwlock_sx_spin_waits,0,0,0.000000,enabled
1782984841.064,2026-07-02 09:34:01.065,innodb_rwlock_s_os_waits,0,0,0.000000,enabled
1782984841.064,2026-07-02 09:34:01.065,innodb_rwlock_s_spin_rounds,0,0,0.000000,enabled
1782984841.064,2026-07-02 09:34:01.065,innodb_rwlock_s_spin_waits,0,0,0.000000,enabled
1782984841.064,2026-07-02 09:34:01.065,innodb_rwlock_x_os_waits,0,0,0.000000,enabled
1782984841.064,2026-07-02 09:34:01.065,innodb_rwlock_x_spin_rounds,0,0,0.000000,enabled
1782984841.064,2026-07-02 09:34:01.065,innodb_rwlock_x_spin_waits,0,0,0.000000,enabled
1782984841.064,2026-07-02 09:34:01.065,lock_deadlocks,0,0,0.000000,enabled
1782984841.064,2026-07-02 09:34:01.065,lock_deadlock_false_positives,0,0,0.000000,enabled
1782984841.064,2026-07-02 09:34:01.065,lock_deadlock_rounds,2654,2654,1.097772,enabled
1782984841.064,2026-07-02 09:34:01.065,lock_rec_grant_attempts,425,425,0.175792,enabled
1782984841.064,2026-07-02 09:34:01.065,lock_rec_release_attempts,41348923,41348923,17103.128567,enabled
1782984841.064,2026-07-02 09:34:01.065,lock_row_lock_current_waits,0,0,0.000000,enabled
1782984841.064,2026-07-02 09:34:01.065,lock_row_lock_time,323,323,0.133602,enabled
1782984841.064,2026-07-02 09:34:01.065,lock_row_lock_time_avg,0,0,0.000000,enabled
1782984841.064,2026-07-02 09:34:01.065,lock_row_lock_time_max,29,29,0.000000,enabled
1782984841.064,2026-07-02 09:34:01.065,lock_row_lock_waits,425,425,0.175792,enabled
1782984841.064,2026-07-02 09:34:01.065,lock_schedule_refreshes,2654,2654,1.097772,enabled
1782984841.064,2026-07-02 09:34:01.065,lock_threads_waiting,0,0,0.000000,enabled
1782984841.064,2026-07-02 09:34:01.065,lock_timeouts,0,0,0.000000,enabled
1782984841.064,2026-07-02 09:34:01.065,log_waits,0,0,0.000000,enabled
1782984841.064,2026-07-02 09:34:01.065,log_writes,207220101,207220101,85712.306345,enabled
1782984841.064,2026-07-02 09:34:01.065,log_write_requests,415967208,415967208,172056.227228,enabled
1782984841.064,2026-07-02 09:34:01.065,os_data_fsyncs,58397784,58397784,24155.035542,enabled
1782984841.064,2026-07-02 09:34:01.065,os_data_reads,81421646,81421646,33678.379907,enabled
1782984841.064,2026-07-02 09:34:01.065,os_data_writes,235110172,235110172,97248.460049,enabled
1782984841.064,2026-07-02 09:34:01.065,os_log_bytes_written,130785588736,130785588736,54096753.715487,enabled
1782984841.064,2026-07-02 09:34:01.065,os_log_fsyncs,51009400,51009400,21098.983257,enabled
1782984841.064,2026-07-02 09:34:01.065,os_log_pending_fsyncs,1,1,0.000414,enabled
1782984841.064,2026-07-02 09:34:01.065,os_log_pending_writes,0,0,0.000000,enabled
1782984841.064,2026-07-02 09:34:01.065,trx_rseg_history_len,187,187,0.000000,enabled
1782984842.135,2026-07-02 09:34:02.137,adaptive_hash_searches,0,0,0.000000,enabled
1782984842.135,2026-07-02 09:34:02.137,adaptive_hash_searches_btree,614131959,614131959,253910.399331,enabled
1782984842.135,2026-07-02 09:34:02.137,buffer_data_reads,1330039900672,1330039900672,549899728.352650,enabled
1782984842.135,2026-07-02 09:34:02.137,buffer_data_written,610906348032,610906348032,252576809.471632,enabled
1782984842.135,2026-07-02 09:34:02.137,buffer_pages0_read,7,7,0.002894,enabled
1782984842.135,2026-07-02 09:34:02.137,buffer_pages_created,1817706,1817706,751.523352,enabled
1782984842.135,2026-07-02 09:34:02.137,buffer_pages_read,81408208,81408208,33657.901178,enabled
1782984842.135,2026-07-02 09:34:02.137,buffer_pages_written,27093200,27093200,11201.576274,enabled
1782984842.135,2026-07-02 09:34:02.137,buffer_pool_bytes_data,12852477952,12852477952,0.000000,enabled
1782984842.135,2026-07-02 09:34:02.137,buffer_pool_bytes_dirty,4659200000,4659200000,0.000000,enabled
1782984842.135,2026-07-02 09:34:02.137,buffer_pool_pages_data,784453,784453,0.000000,enabled
1782984842.135,2026-07-02 09:34:02.137,buffer_pool_pages_dirty,284375,284375,0.000000,enabled
1782984842.135,2026-07-02 09:34:02.137,buffer_pool_pages_flushed,27036130,27036130,0.000000,enabled
1782984842.135,2026-07-02 09:34:02.137,buffer_pool_pages_free,1883,1883,0.000000,enabled
1782984842.135,2026-07-02 09:34:02.137,buffer_pool_pages_lru_flushed,0,0,0.000000,enabled
1782984842.135,2026-07-02 09:34:02.137,buffer_pool_pages_misc,96,96,0.000000,enabled
1782984842.135,2026-07-02 09:34:02.137,buffer_pool_pages_total,786432,786432,0.000000,enabled
1782984842.135,2026-07-02 09:34:02.137,buffer_pool_reads,80505201,80505201,33284.557572,enabled
1782984842.135,2026-07-02 09:34:02.137,buffer_pool_read_ahead,803715,803715,332.292791,enabled
1782984842.135,2026-07-02 09:34:02.137,buffer_pool_read_ahead_evicted,25,25,0.010336,enabled
1782984842.135,2026-07-02 09:34:02.137,buffer_pool_read_requests,2960241248,2960241248,1223900.053057,enabled
1782984842.135,2026-07-02 09:34:02.137,buffer_pool_size,12884901888,12884901888,0.000000,enabled
1782984842.135,2026-07-02 09:34:02.137,buffer_pool_wait_free,18945,18945,7.832735,enabled
1782984842.135,2026-07-02 09:34:02.137,buffer_pool_write_requests,616351117,616351117,254827.934989,enabled
1782984842.135,2026-07-02 09:34:02.137,dml_deletes,13608793,13608793,5626.500831,enabled
1782984842.135,2026-07-02 09:34:02.137,dml_inserts,113494201,113494201,46923.721806,enabled
1782984842.135,2026-07-02 09:34:02.137,dml_system_deletes,468,468,0.193493,enabled
1782984842.135,2026-07-02 09:34:02.137,dml_system_inserts,1202,1202,0.496962,enabled
1782984842.135,2026-07-02 09:34:02.137,dml_system_reads,7661,7661,3.167410,enabled
1782984842.135,2026-07-02 09:34:02.137,dml_system_updates,620,620,0.256337,enabled
1782984842.135,2026-07-02 09:34:02.137,dml_updates,27217712,27217712,11253.053746,enabled
1782984842.135,2026-07-02 09:34:02.137,file_num_open_files,35,35,0.000000,enabled
1782984842.135,2026-07-02 09:34:02.137,ibuf_merges,0,0,0.000000,enabled
1782984842.135,2026-07-02 09:34:02.137,ibuf_merges_delete,0,0,0.000000,enabled
1782984842.135,2026-07-02 09:34:02.137,ibuf_merges_delete_mark,0,0,0.000000,enabled
1782984842.135,2026-07-02 09:34:02.137,ibuf_merges_discard_delete,0,0,0.000000,enabled
1782984842.135,2026-07-02 09:34:02.137,ibuf_merges_discard_delete_mark,0,0,0.000000,enabled
1782984842.135,2026-07-02 09:34:02.137,ibuf_merges_discard_insert,0,0,0.000000,enabled
1782984842.135,2026-07-02 09:34:02.137,ibuf_merges_insert,0,0,0.000000,enabled
1782984842.135,2026-07-02 09:34:02.137,ibuf_size,1,1,0.000413,enabled
1782984842.135,2026-07-02 09:34:02.137,innodb_activity_count,18543831,18543831,7666.872589,enabled
1782984842.135,2026-07-02 09:34:02.137,innodb_dblwr_pages_written,27033840,27033840,11177.032709,enabled
1782984842.135,2026-07-02 09:34:02.137,innodb_dblwr_writes,556840,556840,230.223265,enabled
1782984842.135,2026-07-02 09:34:02.137,innodb_page_size,16384,16384,0.000000,enabled
1782984842.135,2026-07-02 09:34:02.137,innodb_rwlock_sx_os_waits,0,0,0.000000,enabled
1782984842.135,2026-07-02 09:34:02.137,innodb_rwlock_sx_spin_rounds,0,0,0.000000,enabled
1782984842.135,2026-07-02 09:34:02.137,innodb_rwlock_sx_spin_waits,0,0,0.000000,enabled
1782984842.135,2026-07-02 09:34:02.137,innodb_rwlock_s_os_waits,0,0,0.000000,enabled
1782984842.135,2026-07-02 09:34:02.137,innodb_rwlock_s_spin_rounds,0,0,0.000000,enabled
1782984842.135,2026-07-02 09:34:02.137,innodb_rwlock_s_spin_waits,0,0,0.000000,enabled
1782984842.135,2026-07-02 09:34:02.137,innodb_rwlock_x_os_waits,0,0,0.000000,enabled
1782984842.135,2026-07-02 09:34:02.137,innodb_rwlock_x_spin_rounds,0,0,0.000000,enabled
1782984842.135,2026-07-02 09:34:02.137,innodb_rwlock_x_spin_waits,0,0,0.000000,enabled
1782984842.135,2026-07-02 09:34:02.137,lock_deadlocks,0,0,0.000000,enabled
1782984842.135,2026-07-02 09:34:02.137,lock_deadlock_false_positives,0,0,0.000000,enabled
1782984842.135,2026-07-02 09:34:02.137,lock_deadlock_rounds,2655,2655,1.097699,enabled
1782984842.135,2026-07-02 09:34:02.137,lock_rec_grant_attempts,425,425,0.175715,enabled
1782984842.135,2026-07-02 09:34:02.137,lock_rec_release_attempts,41363585,41363585,17101.611105,enabled
1782984842.135,2026-07-02 09:34:02.137,lock_row_lock_current_waits,0,0,0.000000,enabled
1782984842.135,2026-07-02 09:34:02.137,lock_row_lock_time,323,323,0.133543,enabled
1782984842.135,2026-07-02 09:34:02.137,lock_row_lock_time_avg,0,0,0.000000,enabled
1782984842.135,2026-07-02 09:34:02.137,lock_row_lock_time_max,29,29,0.000000,enabled
1782984842.135,2026-07-02 09:34:02.137,lock_row_lock_waits,425,425,0.175715,enabled
1782984842.135,2026-07-02 09:34:02.137,lock_schedule_refreshes,2655,2655,1.097699,enabled
1782984842.135,2026-07-02 09:34:02.137,lock_threads_waiting,0,0,0.000000,enabled
1782984842.135,2026-07-02 09:34:02.137,lock_timeouts,0,0,0.000000,enabled
1782984842.135,2026-07-02 09:34:02.137,log_waits,0,0,0.000000,enabled
1782984842.135,2026-07-02 09:34:02.137,log_writes,207299495,207299495,85707.148425,enabled
1782984842.135,2026-07-02 09:34:02.137,log_write_requests,416049314,416049314,172013.927612,enabled
1782984842.135,2026-07-02 09:34:02.137,os_data_fsyncs,58432041,58432041,24158.494652,enabled
1782984842.135,2026-07-02 09:34:02.137,os_data_reads,81478421,81478421,33686.928726,enabled
1782984842.135,2026-07-02 09:34:02.137,os_data_writes,235205853,235205853,97244.923302,enabled
1782984842.135,2026-07-02 09:34:02.137,os_log_bytes_written,130827087872,130827087872,54089938.399965,enabled
1782984842.135,2026-07-02 09:34:02.137,os_log_fsyncs,51038508,51038508,21101.667833,enabled
1782984842.135,2026-07-02 09:34:02.137,os_log_pending_fsyncs,1,1,0.000413,enabled
1782984842.135,2026-07-02 09:34:02.137,os_log_pending_writes,0,0,0.000000,enabled
1782984842.135,2026-07-02 09:34:02.137,trx_rseg_history_len,175,175,0.000000,enabled
1782984843.207,2026-07-02 09:34:03.209,adaptive_hash_searches,0,0,0.000000,enabled
1782984843.207,2026-07-02 09:34:03.209,adaptive_hash_searches_btree,614300505,614300505,253868.005101,enabled
1782984843.207,2026-07-02 09:34:03.209,buffer_data_reads,1330970544640,1330970544640,550041675.611722,enabled
1782984843.207,2026-07-02 09:34:03.209,buffer_data_written,611215380480,611215380480,252593066.853262,enabled
1782984843.207,2026-07-02 09:34:03.209,buffer_pages0_read,7,7,0.002893,enabled
1782984843.207,2026-07-02 09:34:03.209,buffer_pages_created,1817738,1817738,751.204951,enabled
1782984843.207,2026-07-02 09:34:03.209,buffer_pages_read,81465153,81465153,33666.582272,enabled
1782984843.207,2026-07-02 09:34:03.209,buffer_pages_written,27109123,27109123,11203.213755,enabled
1782984843.207,2026-07-02 09:34:03.209,buffer_pool_bytes_data,12849627136,12849627136,0.000000,enabled
1782984843.207,2026-07-02 09:34:03.209,buffer_pool_bytes_dirty,4665982976,4665982976,0.000000,enabled
1782984843.207,2026-07-02 09:34:03.209,buffer_pool_pages_data,784279,784279,0.000000,enabled
1782984843.207,2026-07-02 09:34:03.209,buffer_pool_pages_dirty,284789,284789,0.000000,enabled
1782984843.207,2026-07-02 09:34:03.209,buffer_pool_pages_flushed,27052053,27052053,0.000000,enabled
1782984843.207,2026-07-02 09:34:03.209,buffer_pool_pages_free,2056,2056,0.000000,enabled
1782984843.207,2026-07-02 09:34:03.209,buffer_pool_pages_lru_flushed,0,0,0.000000,enabled
1782984843.207,2026-07-02 09:34:03.209,buffer_pool_pages_misc,96,96,0.000000,enabled
1782984843.207,2026-07-02 09:34:03.209,buffer_pool_pages_total,786432,786432,0.000000,enabled
1782984843.207,2026-07-02 09:34:03.209,buffer_pool_reads,80562076,80562076,33293.374488,enabled
1782984843.207,2026-07-02 09:34:03.209,buffer_pool_read_ahead,803715,803715,332.146160,enabled
1782984843.207,2026-07-02 09:34:03.209,buffer_pool_read_ahead_evicted,25,25,0.010332,enabled
1782984843.207,2026-07-02 09:34:03.209,buffer_pool_read_requests,2961075286,2961075286,1223704.660998,enabled
1782984843.207,2026-07-02 09:34:03.209,buffer_pool_size,12884901888,12884901888,0.000000,enabled
1782984843.207,2026-07-02 09:34:03.209,buffer_pool_wait_free,18945,18945,7.829279,enabled
1782984843.207,2026-07-02 09:34:03.209,buffer_pool_write_requests,616463886,616463886,254762.090513,enabled
1782984843.207,2026-07-02 09:34:03.209,dml_deletes,13613667,13613667,5626.032143,enabled
1782984843.207,2026-07-02 09:34:03.209,dml_inserts,113499076,113499076,46905.029361,enabled
1782984843.207,2026-07-02 09:34:03.209,dml_system_deletes,468,468,0.193407,enabled
1782984843.207,2026-07-02 09:34:03.209,dml_system_inserts,1202,1202,0.496743,enabled
1782984843.207,2026-07-02 09:34:03.209,dml_system_reads,7661,7661,3.166012,enabled
1782984843.207,2026-07-02 09:34:03.209,dml_system_updates,620,620,0.256223,enabled
1782984843.207,2026-07-02 09:34:03.209,dml_updates,27227455,27227455,11252.114280,enabled
1782984843.207,2026-07-02 09:34:03.209,file_num_open_files,35,35,0.000000,enabled
1782984843.207,2026-07-02 09:34:03.209,ibuf_merges,0,0,0.000000,enabled
1782984843.207,2026-07-02 09:34:03.209,ibuf_merges_delete,0,0,0.000000,enabled
1782984843.207,2026-07-02 09:34:03.209,ibuf_merges_delete_mark,0,0,0.000000,enabled
1782984843.207,2026-07-02 09:34:03.209,ibuf_merges_discard_delete,0,0,0.000000,enabled
1782984843.207,2026-07-02 09:34:03.209,ibuf_merges_discard_delete_mark,0,0,0.000000,enabled
1782984843.207,2026-07-02 09:34:03.209,ibuf_merges_discard_insert,0,0,0.000000,enabled
1782984843.207,2026-07-02 09:34:03.209,ibuf_merges_insert,0,0,0.000000,enabled
1782984843.207,2026-07-02 09:34:03.209,ibuf_size,1,1,0.000413,enabled
1782984843.207,2026-07-02 09:34:03.209,innodb_activity_count,18549429,18549429,7665.802710,enabled
1782984843.207,2026-07-02 09:34:03.209,innodb_dblwr_pages_written,27049763,27049763,11178.680768,enabled
1782984843.207,2026-07-02 09:34:03.209,innodb_dblwr_writes,557210,557210,230.274576,enabled
1782984843.207,2026-07-02 09:34:03.209,innodb_page_size,16384,16384,0.000000,enabled
1782984843.207,2026-07-02 09:34:03.209,innodb_rwlock_sx_os_waits,0,0,0.000000,enabled
1782984843.207,2026-07-02 09:34:03.209,innodb_rwlock_sx_spin_rounds,0,0,0.000000,enabled
1782984843.207,2026-07-02 09:34:03.209,innodb_rwlock_sx_spin_waits,0,0,0.000000,enabled
1782984843.207,2026-07-02 09:34:03.209,innodb_rwlock_s_os_waits,0,0,0.000000,enabled
1782984843.207,2026-07-02 09:34:03.209,innodb_rwlock_s_spin_rounds,0,0,0.000000,enabled
1782984843.207,2026-07-02 09:34:03.209,innodb_rwlock_s_spin_waits,0,0,0.000000,enabled
1782984843.207,2026-07-02 09:34:03.209,innodb_rwlock_x_os_waits,0,0,0.000000,enabled
1782984843.207,2026-07-02 09:34:03.209,innodb_rwlock_x_spin_rounds,0,0,0.000000,enabled
1782984843.207,2026-07-02 09:34:03.209,innodb_rwlock_x_spin_waits,0,0,0.000000,enabled
1782984843.207,2026-07-02 09:34:03.209,lock_deadlocks,0,0,0.000000,enabled
1782984843.207,2026-07-02 09:34:03.209,lock_deadlock_false_positives,0,0,0.000000,enabled
1782984843.207,2026-07-02 09:34:03.209,lock_deadlock_rounds,2657,2657,1.098041,enabled
1782984843.207,2026-07-02 09:34:03.209,lock_rec_grant_attempts,425,425,0.175637,enabled
1782984843.207,2026-07-02 09:34:03.209,lock_rec_release_attempts,41378397,41378397,17100.185995,enabled
1782984843.207,2026-07-02 09:34:03.209,lock_row_lock_current_waits,0,0,0.000000,enabled
1782984843.207,2026-07-02 09:34:03.209,lock_row_lock_time,323,323,0.133484,enabled
1782984843.207,2026-07-02 09:34:03.209,lock_row_lock_time_avg,0,0,0.000000,enabled
1782984843.207,2026-07-02 09:34:03.209,lock_row_lock_time_max,29,29,0.000000,enabled
1782984843.207,2026-07-02 09:34:03.209,lock_row_lock_waits,425,425,0.175637,enabled
1782984843.207,2026-07-02 09:34:03.209,lock_schedule_refreshes,2657,2657,1.098041,enabled
1782984843.207,2026-07-02 09:34:03.209,lock_threads_waiting,0,0,0.000000,enabled
1782984843.207,2026-07-02 09:34:03.209,lock_timeouts,0,0,0.000000,enabled
1782984843.207,2026-07-02 09:34:03.209,log_waits,0,0,0.000000,enabled
1782984843.207,2026-07-02 09:34:03.209,log_writes,207380164,207380164,85702.664685,enabled
1782984843.207,2026-07-02 09:34:03.209,log_write_requests,416132100,416132100,171972.232910,enabled
1782984843.207,2026-07-02 09:34:03.209,os_data_fsyncs,58466577,58466577,24162.106450,enabled
1782984843.207,2026-07-02 09:34:03.209,os_data_reads,81535202,81535202,33695.528871,enabled
1782984843.207,2026-07-02 09:34:03.209,os_data_writes,235302739,235302739,97242.050480,enabled
1782984843.207,2026-07-02 09:34:03.209,os_log_bytes_written,130869148672,130869148672,54083451.735356,enabled
1782984843.207,2026-07-02 09:34:03.209,os_log_fsyncs,51067998,51067998,21104.543207,enabled
1782984843.207,2026-07-02 09:34:03.209,os_log_pending_fsyncs,1,1,0.000413,enabled
1782984843.207,2026-07-02 09:34:03.209,os_log_pending_writes,0,0,0.000000,enabled
1782984843.207,2026-07-02 09:34:03.209,trx_rseg_history_len,250,250,0.000000,enabled
1782984844.275,2026-07-02 09:34:04.276,adaptive_hash_searches,0,0,0.000000,enabled
1782984844.275,2026-07-02 09:34:04.276,adaptive_hash_searches_btree,614468987,614468987,253825.379538,enabled
1782984844.275,2026-07-02 09:34:04.276,buffer_data_reads,1331907889664,1331907889664,550185722.296831,enabled
1782984844.275,2026-07-02 09:34:04.276,buffer_data_written,611526996992,611526996992,252610127.876021,enabled
1782984844.275,2026-07-02 09:34:04.276,buffer_pages0_read,7,7,0.002892,enabled
1782984844.275,2026-07-02 09:34:04.276,buffer_pages_created,1817761,1817761,750.882373,enabled
1782984844.275,2026-07-02 09:34:04.276,buffer_pages_read,81522535,81522535,33675.402950,enabled
1782984844.275,2026-07-02 09:34:04.276,buffer_pages_written,27125216,27125216,11204.908946,enabled
1782984844.275,2026-07-02 09:34:04.276,buffer_pool_bytes_data,12856524800,12856524800,0.000000,enabled
1782984844.275,2026-07-02 09:34:04.276,buffer_pool_bytes_dirty,4669702144,4669702144,0.000000,enabled
1782984844.275,2026-07-02 09:34:04.276,buffer_pool_pages_data,784700,784700,0.000000,enabled
1782984844.275,2026-07-02 09:34:04.276,buffer_pool_pages_dirty,285016,285016,0.000000,enabled
1782984844.275,2026-07-02 09:34:04.276,buffer_pool_pages_flushed,27068146,27068146,0.000000,enabled
1782984844.275,2026-07-02 09:34:04.276,buffer_pool_pages_free,1636,1636,0.000000,enabled
1782984844.275,2026-07-02 09:34:04.276,buffer_pool_pages_lru_flushed,0,0,0.000000,enabled
1782984844.275,2026-07-02 09:34:04.276,buffer_pool_pages_misc,96,96,0.000000,enabled
1782984844.275,2026-07-02 09:34:04.276,buffer_pool_pages_total,786432,786432,0.000000,enabled
1782984844.275,2026-07-02 09:34:04.276,buffer_pool_reads,80619396,80619396,33302.334540,enabled
1782984844.275,2026-07-02 09:34:04.276,buffer_pool_read_ahead,803715,803715,331.999331,enabled
1782984844.275,2026-07-02 09:34:04.276,buffer_pool_read_ahead_evicted,25,25,0.010327,enabled
1782984844.275,2026-07-02 09:34:04.276,buffer_pool_read_requests,2961909873,2961909873,1223508.458845,enabled
1782984844.275,2026-07-02 09:34:04.276,buffer_pool_size,12884901888,12884901888,0.000000,enabled
1782984844.275,2026-07-02 09:34:04.276,buffer_pool_wait_free,18945,18945,7.825818,enabled
1782984844.275,2026-07-02 09:34:04.276,buffer_pool_write_requests,616576524,616576524,254695.998350,enabled
1782984844.275,2026-07-02 09:34:04.276,dml_deletes,13618538,13618538,5625.557264,enabled
1782984844.275,2026-07-02 09:34:04.276,dml_inserts,113503947,113503947,46886.307043,enabled
1782984844.275,2026-07-02 09:34:04.276,dml_system_deletes,468,468,0.193322,enabled
1782984844.275,2026-07-02 09:34:04.276,dml_system_inserts,1202,1202,0.496523,enabled
1782984844.275,2026-07-02 09:34:04.276,dml_system_reads,7661,7661,3.164612,enabled
1782984844.275,2026-07-02 09:34:04.276,dml_system_updates,620,620,0.256110,enabled
1782984844.275,2026-07-02 09:34:04.276,dml_updates,27237198,27237198,11251.164913,enabled
1782984844.275,2026-07-02 09:34:04.276,file_num_open_files,35,35,0.000000,enabled
1782984844.275,2026-07-02 09:34:04.276,ibuf_merges,0,0,0.000000,enabled
1782984844.275,2026-07-02 09:34:04.276,ibuf_merges_delete,0,0,0.000000,enabled
1782984844.275,2026-07-02 09:34:04.276,ibuf_merges_delete_mark,0,0,0.000000,enabled
1782984844.275,2026-07-02 09:34:04.276,ibuf_merges_discard_delete,0,0,0.000000,enabled
1782984844.275,2026-07-02 09:34:04.276,ibuf_merges_discard_delete_mark,0,0,0.000000,enabled
1782984844.275,2026-07-02 09:34:04.276,ibuf_merges_discard_insert,0,0,0.000000,enabled
1782984844.275,2026-07-02 09:34:04.276,ibuf_merges_insert,0,0,0.000000,enabled
1782984844.275,2026-07-02 09:34:04.276,ibuf_size,1,1,0.000413,enabled
1782984844.275,2026-07-02 09:34:04.276,innodb_activity_count,18555030,18555030,7664.727711,enabled
1782984844.275,2026-07-02 09:34:04.276,innodb_dblwr_pages_written,27065728,27065728,11180.334062,enabled
1782984844.275,2026-07-02 09:34:04.276,innodb_dblwr_writes,557552,557552,230.314057,enabled
1782984844.275,2026-07-02 09:34:04.276,innodb_page_size,16384,16384,0.000000,enabled
1782984844.275,2026-07-02 09:34:04.276,innodb_rwlock_sx_os_waits,0,0,0.000000,enabled
1782984844.275,2026-07-02 09:34:04.276,innodb_rwlock_sx_spin_rounds,0,0,0.000000,enabled
1782984844.275,2026-07-02 09:34:04.276,innodb_rwlock_sx_spin_waits,0,0,0.000000,enabled
1782984844.275,2026-07-02 09:34:04.276,innodb_rwlock_s_os_waits,0,0,0.000000,enabled
1782984844.275,2026-07-02 09:34:04.276,innodb_rwlock_s_spin_rounds,0,0,0.000000,enabled
1782984844.275,2026-07-02 09:34:04.276,innodb_rwlock_s_spin_waits,0,0,0.000000,enabled
1782984844.275,2026-07-02 09:34:04.276,innodb_rwlock_x_os_waits,0,0,0.000000,enabled
1782984844.275,2026-07-02 09:34:04.276,innodb_rwlock_x_spin_rounds,0,0,0.000000,enabled
1782984844.275,2026-07-02 09:34:04.276,innodb_rwlock_x_spin_waits,0,0,0.000000,enabled
1782984844.275,2026-07-02 09:34:04.276,lock_deadlocks,0,0,0.000000,enabled
1782984844.275,2026-07-02 09:34:04.276,lock_deadlock_false_positives,0,0,0.000000,enabled
1782984844.275,2026-07-02 09:34:04.276,lock_deadlock_rounds,2658,2658,1.097969,enabled
1782984844.275,2026-07-02 09:34:04.276,lock_rec_grant_attempts,425,425,0.175559,enabled
1782984844.275,2026-07-02 09:34:04.276,lock_rec_release_attempts,41393202,41393202,17098.742275,enabled
1782984844.275,2026-07-02 09:34:04.276,lock_row_lock_current_waits,0,0,0.000000,enabled
1782984844.275,2026-07-02 09:34:04.276,lock_row_lock_time,323,323,0.133425,enabled
1782984844.275,2026-07-02 09:34:04.276,lock_row_lock_time_avg,0,0,0.000000,enabled
1782984844.275,2026-07-02 09:34:04.276,lock_row_lock_time_max,29,29,0.000000,enabled
1782984844.275,2026-07-02 09:34:04.276,lock_row_lock_waits,425,425,0.175559,enabled
1782984844.275,2026-07-02 09:34:04.276,lock_schedule_refreshes,2658,2658,1.097969,enabled
1782984844.275,2026-07-02 09:34:04.276,lock_threads_waiting,0,0,0.000000,enabled
1782984844.275,2026-07-02 09:34:04.276,lock_timeouts,0,0,0.000000,enabled
1782984844.275,2026-07-02 09:34:04.276,log_waits,0,0,0.000000,enabled
1782984844.275,2026-07-02 09:34:04.276,log_writes,207460621,207460621,85698.015037,enabled
1782984844.275,2026-07-02 09:34:04.276,log_write_requests,416214867,416214867,171930.401951,enabled
1782984844.275,2026-07-02 09:34:04.276,os_data_fsyncs,58500536,58500536,24165.453348,enabled
1782984844.275,2026-07-02 09:34:04.276,os_data_reads,81592418,81592418,33704.268509,enabled
1782984844.275,2026-07-02 09:34:04.276,os_data_writes,235399539,235399539,97239.050618,enabled
1782984844.275,2026-07-02 09:34:04.276,os_log_bytes_written,130910989824,130910989824,54076827.809272,enabled
1782984844.275,2026-07-02 09:34:04.276,os_log_fsyncs,51097246,51097246,21107.295688,enabled
1782984844.275,2026-07-02 09:34:04.276,os_log_pending_fsyncs,0,0,0.000000,enabled
1782984844.275,2026-07-02 09:34:04.276,os_log_pending_writes,0,0,0.000000,enabled
1782984844.275,2026-07-02 09:34:04.276,trx_rseg_history_len,342,342,0.000000,enabled
1782984845.345,2026-07-02 09:34:05.347,adaptive_hash_searches,0,0,0.000000,enabled
1782984845.345,2026-07-02 09:34:05.347,adaptive_hash_searches_btree,614638067,614638067,253782.864548,enabled
1782984845.345,2026-07-02 09:34:05.347,buffer_data_reads,1332840303104,1332840303104,550327230.492653,enabled
1782984845.345,2026-07-02 09:34:05.347,buffer_data_written,611837065728,611837065728,252626362.554269,enabled
1782984845.345,2026-07-02 09:34:05.347,buffer_pages0_read,7,7,0.002890,enabled
1782984845.345,2026-07-02 09:34:05.347,buffer_pages_created,1817799,1817799,750.565761,enabled
1782984845.345,2026-07-02 09:34:05.347,buffer_pages_read,81579621,81579621,33684.070665,enabled
1782984845.345,2026-07-02 09:34:05.347,buffer_pages_written,27141202,27141202,11206.550823,enabled
1782984845.345,2026-07-02 09:34:05.347,buffer_pool_bytes_data,12857131008,12857131008,0.000000,enabled
1782984845.345,2026-07-02 09:34:05.347,buffer_pool_bytes_dirty,4676632576,4676632576,0.000000,enabled
1782984845.345,2026-07-02 09:34:05.347,buffer_pool_pages_data,784735,784735,0.000000,enabled
1782984845.345,2026-07-02 09:34:05.347,buffer_pool_pages_dirty,285439,285439,0.000000,enabled
1782984845.345,2026-07-02 09:34:05.347,buffer_pool_pages_flushed,27084132,27084132,0.000000,enabled
1782984845.345,2026-07-02 09:34:05.347,buffer_pool_pages_free,1599,1599,0.000000,enabled
1782984845.345,2026-07-02 09:34:05.347,buffer_pool_pages_lru_flushed,0,0,0.000000,enabled
1782984845.345,2026-07-02 09:34:05.347,buffer_pool_pages_misc,99,99,0.000000,enabled
1782984845.345,2026-07-02 09:34:05.347,buffer_pool_pages_total,786432,786432,0.000000,enabled
1782984845.345,2026-07-02 09:34:05.347,buffer_pool_reads,80676428,80676428,33311.145014,enabled
1782984845.345,2026-07-02 09:34:05.347,buffer_pool_read_ahead,803715,803715,331.852405,enabled
1782984845.345,2026-07-02 09:34:05.347,buffer_pool_read_ahead_evicted,25,25,0.010322,enabled
1782984845.345,2026-07-02 09:34:05.347,buffer_pool_read_requests,2962746884,2962746884,1223312.597129,enabled
1782984845.345,2026-07-02 09:34:05.347,buffer_pool_size,12884901888,12884901888,0.000000,enabled
1782984845.345,2026-07-02 09:34:05.347,buffer_pool_wait_free,18945,18945,7.822355,enabled
1782984845.345,2026-07-02 09:34:05.347,buffer_pool_write_requests,616690258,616690258,254630.243525,enabled
1782984845.345,2026-07-02 09:34:05.347,dml_deletes,13623427,13623427,5625.086419,enabled
1782984845.345,2026-07-02 09:34:05.347,dml_inserts,113508835,113508835,46867.576481,enabled
1782984845.345,2026-07-02 09:34:05.347,dml_system_deletes,468,468,0.193236,enabled
1782984845.345,2026-07-02 09:34:05.347,dml_system_inserts,1202,1202,0.496303,enabled
1782984845.345,2026-07-02 09:34:05.347,dml_system_reads,7661,7661,3.163212,enabled
1782984845.345,2026-07-02 09:34:05.347,dml_system_updates,620,620,0.255997,enabled
1782984845.345,2026-07-02 09:34:05.347,dml_updates,27246976,27246976,11250.223203,enabled
1782984845.345,2026-07-02 09:34:05.347,file_num_open_files,35,35,0.000000,enabled
1782984845.345,2026-07-02 09:34:05.347,ibuf_merges,0,0,0.000000,enabled
1782984845.345,2026-07-02 09:34:05.347,ibuf_merges_delete,0,0,0.000000,enabled
1782984845.345,2026-07-02 09:34:05.347,ibuf_merges_delete_mark,0,0,0.000000,enabled
1782984845.345,2026-07-02 09:34:05.347,ibuf_merges_discard_delete,0,0,0.000000,enabled
1782984845.345,2026-07-02 09:34:05.347,ibuf_merges_discard_delete_mark,0,0,0.000000,enabled
1782984845.345,2026-07-02 09:34:05.347,ibuf_merges_discard_insert,0,0,0.000000,enabled
1782984845.345,2026-07-02 09:34:05.347,ibuf_merges_insert,0,0,0.000000,enabled
1782984845.345,2026-07-02 09:34:05.347,ibuf_size,1,1,0.000413,enabled
1782984845.345,2026-07-02 09:34:05.347,innodb_activity_count,18560641,18560641,7663.652552,enabled
1782984845.345,2026-07-02 09:34:05.347,innodb_dblwr_pages_written,27081714,27081714,11181.986947,enabled
1782984845.345,2026-07-02 09:34:05.347,innodb_dblwr_writes,557889,557889,230.351281,enabled
1782984845.345,2026-07-02 09:34:05.347,innodb_page_size,16384,16384,0.000000,enabled
1782984845.345,2026-07-02 09:34:05.347,innodb_rwlock_sx_os_waits,0,0,0.000000,enabled
1782984845.345,2026-07-02 09:34:05.347,innodb_rwlock_sx_spin_rounds,0,0,0.000000,enabled
1782984845.345,2026-07-02 09:34:05.347,innodb_rwlock_sx_spin_waits,0,0,0.000000,enabled
1782984845.345,2026-07-02 09:34:05.347,innodb_rwlock_s_os_waits,0,0,0.000000,enabled
1782984845.345,2026-07-02 09:34:05.347,innodb_rwlock_s_spin_rounds,0,0,0.000000,enabled
1782984845.345,2026-07-02 09:34:05.347,innodb_rwlock_s_spin_waits,0,0,0.000000,enabled
1782984845.345,2026-07-02 09:34:05.347,innodb_rwlock_x_os_waits,0,0,0.000000,enabled
1782984845.345,2026-07-02 09:34:05.347,innodb_rwlock_x_spin_rounds,0,0,0.000000,enabled
1782984845.345,2026-07-02 09:34:05.347,innodb_rwlock_x_spin_waits,0,0,0.000000,enabled
1782984845.345,2026-07-02 09:34:05.347,lock_deadlocks,0,0,0.000000,enabled
1782984845.345,2026-07-02 09:34:05.347,lock_deadlock_false_positives,0,0,0.000000,enabled
1782984845.345,2026-07-02 09:34:05.347,lock_deadlock_rounds,2659,2659,1.097896,enabled
1782984845.345,2026-07-02 09:34:05.347,lock_rec_grant_attempts,425,425,0.175482,enabled
1782984845.345,2026-07-02 09:34:05.347,lock_rec_release_attempts,41408056,41408056,17097.308441,enabled
1782984845.345,2026-07-02 09:34:05.347,lock_row_lock_current_waits,0,0,0.000000,enabled
1782984845.345,2026-07-02 09:34:05.347,lock_row_lock_time,323,323,0.133366,enabled
1782984845.345,2026-07-02 09:34:05.347,lock_row_lock_time_avg,0,0,0.000000,enabled
1782984845.345,2026-07-02 09:34:05.347,lock_row_lock_time_max,29,29,0.000000,enabled
1782984845.345,2026-07-02 09:34:05.347,lock_row_lock_waits,425,425,0.175482,enabled
1782984845.345,2026-07-02 09:34:05.347,lock_schedule_refreshes,2659,2659,1.097896,enabled
1782984845.345,2026-07-02 09:34:05.347,lock_threads_waiting,0,0,0.000000,enabled
1782984845.345,2026-07-02 09:34:05.347,lock_timeouts,0,0,0.000000,enabled
1782984845.345,2026-07-02 09:34:05.347,log_waits,0,0,0.000000,enabled
1782984845.345,2026-07-02 09:34:05.347,log_writes,207540622,207540622,85693.122203,enabled
1782984845.345,2026-07-02 09:34:05.347,log_write_requests,416297919,416297919,171888.607273,enabled
1782984845.345,2026-07-02 09:34:05.347,os_data_fsyncs,58534346,58534346,24168.719077,enabled
1782984845.345,2026-07-02 09:34:05.347,os_data_reads,81649334,81649334,33712.853284,enabled
1782984845.345,2026-07-02 09:34:05.347,os_data_writes,235495757,235495757,97235.745972,enabled
1782984845.345,2026-07-02 09:34:05.347,os_log_bytes_written,130952817152,130952817152,54070166.683000,enabled
1782984845.345,2026-07-02 09:34:05.347,os_log_fsyncs,51126341,51126341,21109.967989,enabled
1782984845.345,2026-07-02 09:34:05.347,os_log_pending_fsyncs,1,1,0.000413,enabled
1782984845.345,2026-07-02 09:34:05.347,os_log_pending_writes,0,0,0.000000,enabled
1782984845.345,2026-07-02 09:34:05.347,trx_rseg_history_len,394,394,0.000000,enabled
1782984846.417,2026-07-02 09:34:06.419,adaptive_hash_searches,0,0,0.000000,enabled
1782984846.417,2026-07-02 09:34:06.419,adaptive_hash_searches_btree,614802461,614802461,253738.548677,enabled
1782984846.417,2026-07-02 09:34:06.419,buffer_data_reads,1333756430848,1333756430848,550462113.109683,enabled
1782984846.417,2026-07-02 09:34:06.419,buffer_data_written,612197595136,612197595136,252663510.220483,enabled
1782984846.417,2026-07-02 09:34:06.419,buffer_pages0_read,7,7,0.002889,enabled
1782984846.417,2026-07-02 09:34:06.419,buffer_pages_created,1817831,1817831,750.247255,enabled
1782984846.417,2026-07-02 09:34:06.419,buffer_pages_read,81635672,81635672,33692.317097,enabled
1782984846.417,2026-07-02 09:34:06.419,buffer_pages_written,27160326,27160326,11209.490856,enabled
1782984846.417,2026-07-02 09:34:06.419,buffer_pool_bytes_data,12848349184,12848349184,0.000000,enabled
1782984846.417,2026-07-02 09:34:06.419,buffer_pool_bytes_dirty,4624482304,4624482304,0.000000,enabled
1782984846.417,2026-07-02 09:34:06.419,buffer_pool_pages_data,784201,784201,0.000000,enabled
1782984846.417,2026-07-02 09:34:06.419,buffer_pool_pages_dirty,282256,282256,0.000000,enabled
1782984846.417,2026-07-02 09:34:06.419,buffer_pool_pages_flushed,27100104,27100104,0.000000,enabled
1782984846.417,2026-07-02 09:34:06.419,buffer_pool_pages_free,2134,2134,0.000000,enabled
1782984846.417,2026-07-02 09:34:06.419,buffer_pool_pages_lru_flushed,0,0,0.000000,enabled
1782984846.417,2026-07-02 09:34:06.419,buffer_pool_pages_misc,96,96,0.000000,enabled
1782984846.417,2026-07-02 09:34:06.419,buffer_pool_pages_total,786432,786432,0.000000,enabled
1782984846.417,2026-07-02 09:34:06.419,buffer_pool_reads,80732428,80732428,33319.535233,enabled
1782984846.417,2026-07-02 09:34:06.419,buffer_pool_read_ahead,803715,803715,331.705743,enabled
1782984846.417,2026-07-02 09:34:06.419,buffer_pool_read_ahead_evicted,25,25,0.010318,enabled
1782984846.417,2026-07-02 09:34:06.419,buffer_pool_read_requests,2963561527,2963561527,1223108.169573,enabled
1782984846.417,2026-07-02 09:34:06.419,buffer_pool_size,12884901888,12884901888,0.000000,enabled
1782984846.417,2026-07-02 09:34:06.419,buffer_pool_wait_free,18945,18945,7.818898,enabled
1782984846.417,2026-07-02 09:34:06.419,buffer_pool_write_requests,616800581,616800581,254563.241609,enabled
1782984846.417,2026-07-02 09:34:06.419,dml_deletes,13628187,13628187,5624.564822,enabled
1782984846.417,2026-07-02 09:34:06.419,dml_inserts,113513595,113513595,46848.826902,enabled
1782984846.417,2026-07-02 09:34:06.419,dml_system_deletes,468,468,0.193151,enabled
1782984846.417,2026-07-02 09:34:06.419,dml_system_inserts,1202,1202,0.496084,enabled
1782984846.417,2026-07-02 09:34:06.419,dml_system_reads,7661,7661,3.161814,enabled
1782984846.417,2026-07-02 09:34:06.419,dml_system_updates,620,620,0.255884,enabled
1782984846.417,2026-07-02 09:34:06.419,dml_updates,27256496,27256496,11249.179984,enabled
1782984846.417,2026-07-02 09:34:06.419,file_num_open_files,35,35,0.000000,enabled
1782984846.417,2026-07-02 09:34:06.419,ibuf_merges,0,0,0.000000,enabled
1782984846.417,2026-07-02 09:34:06.419,ibuf_merges_delete,0,0,0.000000,enabled
1782984846.417,2026-07-02 09:34:06.419,ibuf_merges_delete_mark,0,0,0.000000,enabled
1782984846.417,2026-07-02 09:34:06.419,ibuf_merges_discard_delete,0,0,0.000000,enabled
1782984846.417,2026-07-02 09:34:06.419,ibuf_merges_discard_delete_mark,0,0,0.000000,enabled
1782984846.417,2026-07-02 09:34:06.419,ibuf_merges_discard_insert,0,0,0.000000,enabled
1782984846.417,2026-07-02 09:34:06.419,ibuf_merges_insert,0,0,0.000000,enabled
1782984846.417,2026-07-02 09:34:06.419,ibuf_size,1,1,0.000413,enabled
1782984846.417,2026-07-02 09:34:06.419,innodb_activity_count,18566109,18566109,7662.522184,enabled
1782984846.417,2026-07-02 09:34:06.419,innodb_dblwr_pages_written,27100644,27100644,11184.857551,enabled
1782984846.417,2026-07-02 09:34:06.419,innodb_dblwr_writes,558294,558294,230.416623,enabled
1782984846.417,2026-07-02 09:34:06.419,innodb_page_size,16384,16384,0.000000,enabled
1782984846.417,2026-07-02 09:34:06.419,innodb_rwlock_sx_os_waits,0,0,0.000000,enabled
1782984846.417,2026-07-02 09:34:06.419,innodb_rwlock_sx_spin_rounds,0,0,0.000000,enabled
1782984846.417,2026-07-02 09:34:06.419,innodb_rwlock_sx_spin_waits,0,0,0.000000,enabled
1782984846.417,2026-07-02 09:34:06.419,innodb_rwlock_s_os_waits,0,0,0.000000,enabled
1782984846.417,2026-07-02 09:34:06.419,innodb_rwlock_s_spin_rounds,0,0,0.000000,enabled
1782984846.417,2026-07-02 09:34:06.419,innodb_rwlock_s_spin_waits,0,0,0.000000,enabled
1782984846.417,2026-07-02 09:34:06.419,innodb_rwlock_x_os_waits,0,0,0.000000,enabled
1782984846.417,2026-07-02 09:34:06.419,innodb_rwlock_x_spin_rounds,0,0,0.000000,enabled
1782984846.417,2026-07-02 09:34:06.419,innodb_rwlock_x_spin_waits,0,0,0.000000,enabled
1782984846.417,2026-07-02 09:34:06.419,lock_deadlocks,0,0,0.000000,enabled
1782984846.417,2026-07-02 09:34:06.419,lock_deadlock_false_positives,0,0,0.000000,enabled
1782984846.417,2026-07-02 09:34:06.419,lock_deadlock_rounds,2660,2660,1.097824,enabled
1782984846.417,2026-07-02 09:34:06.419,lock_rec_grant_attempts,425,425,0.175404,enabled
1782984846.417,2026-07-02 09:34:06.419,lock_rec_release_attempts,41422496,41422496,17095.711913,enabled
1782984846.417,2026-07-02 09:34:06.419,lock_row_lock_current_waits,0,0,0.000000,enabled
1782984846.417,2026-07-02 09:34:06.419,lock_row_lock_time,323,323,0.133307,enabled
1782984846.417,2026-07-02 09:34:06.419,lock_row_lock_time_avg,0,0,0.000000,enabled
1782984846.417,2026-07-02 09:34:06.419,lock_row_lock_time_max,29,29,0.000000,enabled
1782984846.417,2026-07-02 09:34:06.419,lock_row_lock_waits,425,425,0.175404,enabled
1782984846.417,2026-07-02 09:34:06.419,lock_schedule_refreshes,2660,2660,1.097824,enabled
1782984846.417,2026-07-02 09:34:06.419,lock_threads_waiting,0,0,0.000000,enabled
1782984846.417,2026-07-02 09:34:06.419,lock_timeouts,0,0,0.000000,enabled
1782984846.417,2026-07-02 09:34:06.419,log_waits,0,0,0.000000,enabled
1782984846.417,2026-07-02 09:34:06.419,log_writes,207617774,207617774,85687.090864,enabled
1782984846.417,2026-07-02 09:34:06.419,log_write_requests,416378867,416378867,171846.047417,enabled
1782984846.417,2026-07-02 09:34:06.419,os_data_fsyncs,58567308,58567308,24171.641441,enabled
1782984846.417,2026-07-02 09:34:06.419,os_data_reads,81705230,81705230,33721.022764,enabled
1782984846.417,2026-07-02 09:34:06.419,os_data_writes,235592354,235592354,97232.638919,enabled
1782984846.417,2026-07-02 09:34:06.419,os_log_bytes_written,130992995328,130992995328,54062852.077156,enabled
1782984846.417,2026-07-02 09:34:06.419,os_log_fsyncs,51154231,51154231,21112.148896,enabled
1782984846.417,2026-07-02 09:34:06.419,os_log_pending_fsyncs,1,1,0.000413,enabled
1782984846.417,2026-07-02 09:34:06.419,os_log_pending_writes,0,0,0.000000,enabled
1782984846.417,2026-07-02 09:34:06.419,trx_rseg_history_len,327,327,0.000000,enabled
1782984847.488,2026-07-02 09:34:07.489,adaptive_hash_searches,0,0,0.000000,enabled
1782984847.488,2026-07-02 09:34:07.489,adaptive_hash_searches_btree,614972134,614972134,253696.442236,enabled
1782984847.488,2026-07-02 09:34:07.489,buffer_data_reads,1334692399616,1334692399616,550605037.314787,enabled
1782984847.488,2026-07-02 09:34:07.489,buffer_data_written,612513222144,612513222144,252682090.203638,enabled
1782984847.488,2026-07-02 09:34:07.489,buffer_pages0_read,7,7,0.002888,enabled
1782984847.488,2026-07-02 09:34:07.489,buffer_pages_created,1817862,1817862,749.928585,enabled
1782984847.488,2026-07-02 09:34:07.489,buffer_pages_read,81692951,81692951,33701.061335,enabled
1782984847.488,2026-07-02 09:34:07.489,buffer_pages_written,27176804,27176804,11211.336232,enabled
1782984847.488,2026-07-02 09:34:07.489,buffer_pool_bytes_data,12853182464,12853182464,0.000000,enabled
1782984847.488,2026-07-02 09:34:07.489,buffer_pool_bytes_dirty,4623876096,4623876096,0.000000,enabled
1782984847.488,2026-07-02 09:34:07.489,buffer_pool_pages_data,784496,784496,0.000000,enabled
1782984847.488,2026-07-02 09:34:07.489,buffer_pool_pages_dirty,282219,282219,0.000000,enabled
1782984847.488,2026-07-02 09:34:07.489,buffer_pool_pages_flushed,27119734,27119734,0.000000,enabled
1782984847.488,2026-07-02 09:34:07.489,buffer_pool_pages_free,1846,1846,0.000000,enabled
1782984847.488,2026-07-02 09:34:07.489,buffer_pool_pages_lru_flushed,0,0,0.000000,enabled
1782984847.488,2026-07-02 09:34:07.489,buffer_pool_pages_misc,98,98,0.000000,enabled
1782984847.488,2026-07-02 09:34:07.489,buffer_pool_pages_total,786432,786432,0.000000,enabled
1782984847.488,2026-07-02 09:34:07.489,buffer_pool_reads,80789631,80789631,33328.412944,enabled
1782984847.488,2026-07-02 09:34:07.489,buffer_pool_read_ahead,803715,803715,331.559196,enabled
1782984847.488,2026-07-02 09:34:07.489,buffer_pool_read_ahead_evicted,25,25,0.010313,enabled
1782984847.488,2026-07-02 09:34:07.489,buffer_pool_read_requests,2964401514,2964401514,1222914.327908,enabled
1782984847.488,2026-07-02 09:34:07.489,buffer_pool_size,12884901888,12884901888,0.000000,enabled
1782984847.488,2026-07-02 09:34:07.489,buffer_pool_wait_free,18945,18945,7.815443,enabled
1782984847.488,2026-07-02 09:34:07.489,buffer_pool_write_requests,616914957,616914957,254497.960466,enabled
1782984847.488,2026-07-02 09:34:07.489,dml_deletes,13633092,13633092,5624.103355,enabled
1782984847.488,2026-07-02 09:34:07.489,dml_inserts,113518500,113518500,46830.152483,enabled
1782984847.488,2026-07-02 09:34:07.489,dml_system_deletes,468,468,0.193066,enabled
1782984847.488,2026-07-02 09:34:07.489,dml_system_inserts,1202,1202,0.495865,enabled
1782984847.488,2026-07-02 09:34:07.489,dml_system_reads,7661,7661,3.160417,enabled
1782984847.488,2026-07-02 09:34:07.489,dml_system_updates,620,620,0.255771,enabled
1782984847.488,2026-07-02 09:34:07.489,dml_updates,27266305,27266305,11248.256616,enabled
1782984847.488,2026-07-02 09:34:07.489,file_num_open_files,35,35,0.000000,enabled
1782984847.488,2026-07-02 09:34:07.489,ibuf_merges,0,0,0.000000,enabled
1782984847.488,2026-07-02 09:34:07.489,ibuf_merges_delete,0,0,0.000000,enabled
1782984847.488,2026-07-02 09:34:07.489,ibuf_merges_delete_mark,0,0,0.000000,enabled
1782984847.488,2026-07-02 09:34:07.489,ibuf_merges_discard_delete,0,0,0.000000,enabled
1782984847.488,2026-07-02 09:34:07.489,ibuf_merges_discard_delete_mark,0,0,0.000000,enabled
1782984847.488,2026-07-02 09:34:07.489,ibuf_merges_discard_insert,0,0,0.000000,enabled
1782984847.488,2026-07-02 09:34:07.489,ibuf_merges_insert,0,0,0.000000,enabled
1782984847.488,2026-07-02 09:34:07.489,ibuf_size,1,1,0.000413,enabled
1782984847.488,2026-07-02 09:34:07.489,innodb_activity_count,18571746,18571746,7661.462315,enabled
1782984847.488,2026-07-02 09:34:07.489,innodb_dblwr_pages_written,27117316,27117316,11186.793813,enabled
1782984847.488,2026-07-02 09:34:07.489,innodb_dblwr_writes,558667,558667,230.468699,enabled
1782984847.488,2026-07-02 09:34:07.489,innodb_page_size,16384,16384,0.000000,enabled
1782984847.488,2026-07-02 09:34:07.489,innodb_rwlock_sx_os_waits,0,0,0.000000,enabled
1782984847.488,2026-07-02 09:34:07.489,innodb_rwlock_sx_spin_rounds,0,0,0.000000,enabled
1782984847.488,2026-07-02 09:34:07.489,innodb_rwlock_sx_spin_waits,0,0,0.000000,enabled
1782984847.488,2026-07-02 09:34:07.489,innodb_rwlock_s_os_waits,0,0,0.000000,enabled
1782984847.488,2026-07-02 09:34:07.489,innodb_rwlock_s_spin_rounds,0,0,0.000000,enabled
1782984847.488,2026-07-02 09:34:07.489,innodb_rwlock_s_spin_waits,0,0,0.000000,enabled
1782984847.488,2026-07-02 09:34:07.489,innodb_rwlock_x_os_waits,0,0,0.000000,enabled
1782984847.488,2026-07-02 09:34:07.489,innodb_rwlock_x_spin_rounds,0,0,0.000000,enabled
1782984847.488,2026-07-02 09:34:07.489,innodb_rwlock_x_spin_waits,0,0,0.000000,enabled
1782984847.488,2026-07-02 09:34:07.489,lock_deadlocks,0,0,0.000000,enabled
1782984847.488,2026-07-02 09:34:07.489,lock_deadlock_false_positives,0,0,0.000000,enabled
1782984847.488,2026-07-02 09:34:07.489,lock_deadlock_rounds,2661,2661,1.097751,enabled
1782984847.488,2026-07-02 09:34:07.489,lock_rec_grant_attempts,425,425,0.175327,enabled
1782984847.488,2026-07-02 09:34:07.489,lock_rec_release_attempts,41437407,41437407,17094.310461,enabled
1782984847.488,2026-07-02 09:34:07.489,lock_row_lock_current_waits,0,0,0.000000,enabled
1782984847.488,2026-07-02 09:34:07.489,lock_row_lock_time,323,323,0.133248,enabled
1782984847.488,2026-07-02 09:34:07.489,lock_row_lock_time_avg,0,0,0.000000,enabled
1782984847.488,2026-07-02 09:34:07.489,lock_row_lock_time_max,29,29,0.000000,enabled
1782984847.488,2026-07-02 09:34:07.489,lock_row_lock_waits,425,425,0.175327,enabled
1782984847.488,2026-07-02 09:34:07.489,lock_schedule_refreshes,2661,2661,1.097751,enabled
1782984847.488,2026-07-02 09:34:07.489,lock_threads_waiting,0,0,0.000000,enabled
1782984847.488,2026-07-02 09:34:07.489,lock_timeouts,0,0,0.000000,enabled
1782984847.488,2026-07-02 09:34:07.489,log_waits,0,0,0.000000,enabled
1782984847.488,2026-07-02 09:34:07.489,log_writes,207695203,207695203,85681.176203,enabled
1782984847.488,2026-07-02 09:34:07.489,log_write_requests,416462297,416462297,171804.543180,enabled
1782984847.488,2026-07-02 09:34:07.489,os_data_fsyncs,58600867,58600867,24174.806602,enabled
1782984847.488,2026-07-02 09:34:07.489,os_data_reads,81762348,81762348,33729.687868,enabled
1782984847.488,2026-07-02 09:34:07.489,os_data_writes,235686524,235686524,97228.529745,enabled
1782984847.488,2026-07-02 09:34:07.489,os_log_bytes_written,131033572864,131033572864,54055706.664737,enabled
1782984847.488,2026-07-02 09:34:07.489,os_log_fsyncs,51182733,51182733,21114.579561,enabled
1782984847.488,2026-07-02 09:34:07.489,os_log_pending_fsyncs,1,1,0.000413,enabled
1782984847.488,2026-07-02 09:34:07.489,os_log_pending_writes,0,0,0.000000,enabled
1782984847.488,2026-07-02 09:34:07.489,trx_rseg_history_len,293,293,0.000000,enabled
1782984848.559,2026-07-02 09:34:08.560,adaptive_hash_searches,0,0,0.000000,enabled
1782984848.559,2026-07-02 09:34:08.560,adaptive_hash_searches_btree,615140657,615140657,253653.799674,enabled
1782984848.559,2026-07-02 09:34:08.560,buffer_data_reads,1335624632832,1335624632832,550746077.129949,enabled
1782984848.559,2026-07-02 09:34:08.560,buffer_data_written,612827612160,612827612160,252700043.708364,enabled
1782984848.559,2026-07-02 09:34:08.560,buffer_pages0_read,7,7,0.002886,enabled
1782984848.559,2026-07-02 09:34:08.560,buffer_pages_created,1817889,1817889,749.608252,enabled
1782984848.559,2026-07-02 09:34:08.560,buffer_pages_read,81750013,81750013,33709.695025,enabled
1782984848.559,2026-07-02 09:34:08.560,buffer_pages_written,27193120,27193120,11213.108771,enabled
1782984848.559,2026-07-02 09:34:08.560,buffer_pool_bytes_data,12855738368,12855738368,0.000000,enabled
1782984848.559,2026-07-02 09:34:08.560,buffer_pool_bytes_dirty,4625760256,4625760256,0.000000,enabled
1782984848.559,2026-07-02 09:34:08.560,buffer_pool_pages_data,784652,784652,0.000000,enabled
1782984848.559,2026-07-02 09:34:08.560,buffer_pool_pages_dirty,282334,282334,0.000000,enabled
1782984848.559,2026-07-02 09:34:08.560,buffer_pool_pages_flushed,27136050,27136050,0.000000,enabled
1782984848.559,2026-07-02 09:34:08.560,buffer_pool_pages_free,1684,1684,0.000000,enabled
1782984848.559,2026-07-02 09:34:08.560,buffer_pool_pages_lru_flushed,0,0,0.000000,enabled
1782984848.559,2026-07-02 09:34:08.560,buffer_pool_pages_misc,96,96,0.000000,enabled
1782984848.559,2026-07-02 09:34:08.560,buffer_pool_pages_total,786432,786432,0.000000,enabled
1782984848.559,2026-07-02 09:34:08.560,buffer_pool_reads,80846632,80846632,33337.186130,enabled
1782984848.559,2026-07-02 09:34:08.560,buffer_pool_read_ahead,803715,803715,331.412647,enabled
1782984848.559,2026-07-02 09:34:08.560,buffer_pool_read_ahead_evicted,25,25,0.010309,enabled
1782984848.559,2026-07-02 09:34:08.560,buffer_pool_read_requests,2965235942,2965235942,1222717.874460,enabled
1782984848.559,2026-07-02 09:34:08.560,buffer_pool_size,12884901888,12884901888,0.000000,enabled
1782984848.559,2026-07-02 09:34:08.560,buffer_pool_wait_free,18945,18945,7.811989,enabled
1782984848.559,2026-07-02 09:34:08.560,buffer_pool_write_requests,617028384,617028384,254432.243669,enabled
1782984848.559,2026-07-02 09:34:08.560,dml_deletes,13637958,13637958,5623.624024,enabled
1782984848.559,2026-07-02 09:34:08.560,dml_inserts,113523365,113523365,46811.459848,enabled
1782984848.559,2026-07-02 09:34:08.560,dml_system_deletes,468,468,0.192980,enabled
1782984848.559,2026-07-02 09:34:08.560,dml_system_inserts,1202,1202,0.495646,enabled
1782984848.559,2026-07-02 09:34:08.560,dml_system_reads,7661,7661,3.159020,enabled
1782984848.559,2026-07-02 09:34:08.560,dml_system_updates,620,620,0.255658,enabled
1782984848.559,2026-07-02 09:34:08.560,dml_updates,27276040,27276040,11247.299171,enabled
1782984848.559,2026-07-02 09:34:08.560,file_num_open_files,35,35,0.000000,enabled
1782984848.559,2026-07-02 09:34:08.560,ibuf_merges,0,0,0.000000,enabled
1782984848.559,2026-07-02 09:34:08.560,ibuf_merges_delete,0,0,0.000000,enabled
1782984848.559,2026-07-02 09:34:08.560,ibuf_merges_delete_mark,0,0,0.000000,enabled
1782984848.559,2026-07-02 09:34:08.560,ibuf_merges_discard_delete,0,0,0.000000,enabled
1782984848.559,2026-07-02 09:34:08.560,ibuf_merges_discard_delete_mark,0,0,0.000000,enabled
1782984848.559,2026-07-02 09:34:08.560,ibuf_merges_discard_insert,0,0,0.000000,enabled
1782984848.559,2026-07-02 09:34:08.560,ibuf_merges_insert,0,0,0.000000,enabled
1782984848.559,2026-07-02 09:34:08.560,ibuf_size,1,1,0.000412,enabled
1782984848.559,2026-07-02 09:34:08.560,innodb_activity_count,18577338,18577338,7660.381845,enabled
1782984848.559,2026-07-02 09:34:08.560,innodb_dblwr_pages_written,27133632,27133632,11188.577213,enabled
1782984848.559,2026-07-02 09:34:08.560,innodb_dblwr_writes,559003,559003,230.505383,enabled
1782984848.559,2026-07-02 09:34:08.560,innodb_page_size,16384,16384,0.000000,enabled
1782984848.559,2026-07-02 09:34:08.560,innodb_rwlock_sx_os_waits,0,0,0.000000,enabled
1782984848.559,2026-07-02 09:34:08.560,innodb_rwlock_sx_spin_rounds,0,0,0.000000,enabled
1782984848.559,2026-07-02 09:34:08.560,innodb_rwlock_sx_spin_waits,0,0,0.000000,enabled
1782984848.559,2026-07-02 09:34:08.560,innodb_rwlock_s_os_waits,0,0,0.000000,enabled
1782984848.559,2026-07-02 09:34:08.560,innodb_rwlock_s_spin_rounds,0,0,0.000000,enabled
1782984848.559,2026-07-02 09:34:08.560,innodb_rwlock_s_spin_waits,0,0,0.000000,enabled
1782984848.559,2026-07-02 09:34:08.560,innodb_rwlock_x_os_waits,0,0,0.000000,enabled
1782984848.559,2026-07-02 09:34:08.560,innodb_rwlock_x_spin_rounds,0,0,0.000000,enabled
1782984848.559,2026-07-02 09:34:08.560,innodb_rwlock_x_spin_waits,0,0,0.000000,enabled
1782984848.559,2026-07-02 09:34:08.560,lock_deadlocks,0,0,0.000000,enabled
1782984848.559,2026-07-02 09:34:08.560,lock_deadlock_false_positives,0,0,0.000000,enabled
1782984848.559,2026-07-02 09:34:08.560,lock_deadlock_rounds,2662,2662,1.097678,enabled
1782984848.559,2026-07-02 09:34:08.560,lock_rec_grant_attempts,425,425,0.175249,enabled
1782984848.559,2026-07-02 09:34:08.560,lock_rec_release_attempts,41452179,41452179,17092.845841,enabled
1782984848.559,2026-07-02 09:34:08.560,lock_row_lock_current_waits,0,0,0.000000,enabled
1782984848.559,2026-07-02 09:34:08.560,lock_row_lock_time,323,323,0.133189,enabled
1782984848.559,2026-07-02 09:34:08.560,lock_row_lock_time_avg,0,0,0.000000,enabled
1782984848.559,2026-07-02 09:34:08.560,lock_row_lock_time_max,29,29,0.000000,enabled
1782984848.559,2026-07-02 09:34:08.560,lock_row_lock_waits,425,425,0.175249,enabled
1782984848.559,2026-07-02 09:34:08.560,lock_schedule_refreshes,2662,2662,1.097678,enabled
1782984848.559,2026-07-02 09:34:08.560,lock_threads_waiting,0,0,0.000000,enabled
1782984848.559,2026-07-02 09:34:08.560,lock_timeouts,0,0,0.000000,enabled
1782984848.559,2026-07-02 09:34:08.560,log_waits,0,0,0.000000,enabled
1782984848.559,2026-07-02 09:34:08.560,log_writes,207773774,207773774,85675.703947,enabled
1782984848.559,2026-07-02 09:34:08.560,log_write_requests,416545034,416545034,171762.722243,enabled
1782984848.559,2026-07-02 09:34:08.560,os_data_fsyncs,58634266,58634266,24177.893389,enabled
1782984848.559,2026-07-02 09:34:08.560,os_data_reads,81819229,81819229,33738.234204,enabled
1782984848.559,2026-07-02 09:34:08.560,os_data_writes,235781649,235781649,97224.779394,enabled
1782984848.559,2026-07-02 09:34:08.560,os_log_bytes_written,131074548736,131074548736,54048710.348193,enabled
1782984848.559,2026-07-02 09:34:08.560,os_log_fsyncs,51211357,51211357,21117.049996,enabled
1782984848.559,2026-07-02 09:34:08.560,os_log_pending_fsyncs,1,1,0.000412,enabled
1782984848.559,2026-07-02 09:34:08.560,os_log_pending_writes,0,0,0.000000,enabled
1782984848.559,2026-07-02 09:34:08.560,trx_rseg_history_len,339,339,0.000000,enabled
1782984849.631,2026-07-02 09:34:09.632,adaptive_hash_searches,0,0,0.000000,enabled
1782984849.631,2026-07-02 09:34:09.632,adaptive_hash_searches_btree,615307354,615307354,253610.707594,enabled
1782984849.631,2026-07-02 09:34:09.632,buffer_data_reads,1336551393792,1336551393792,550885313.190634,enabled
1782984849.631,2026-07-02 09:34:09.632,buffer_data_written,613138375168,613138375168,252716750.872405,enabled
1782984849.631,2026-07-02 09:34:09.632,buffer_pages0_read,7,7,0.002885,enabled
1782984849.631,2026-07-02 09:34:09.632,buffer_pages_created,1817927,1817927,749.293516,enabled
1782984849.631,2026-07-02 09:34:09.632,buffer_pages_read,81806742,81806742,33718.219127,enabled
1782984849.631,2026-07-02 09:34:09.632,buffer_pages_written,27209220,27209220,11214.802383,enabled
1782984849.631,2026-07-02 09:34:09.632,buffer_pool_bytes_data,12850610176,12850610176,0.000000,enabled
1782984849.631,2026-07-02 09:34:09.632,buffer_pool_bytes_dirty,4626644992,4626644992,0.000000,enabled
1782984849.631,2026-07-02 09:34:09.632,buffer_pool_pages_data,784338,784338,0.000000,enabled
1782984849.631,2026-07-02 09:34:09.632,buffer_pool_pages_dirty,282388,282388,0.000000,enabled
1782984849.631,2026-07-02 09:34:09.632,buffer_pool_pages_flushed,27152150,27152150,0.000000,enabled
1782984849.631,2026-07-02 09:34:09.632,buffer_pool_pages_free,1996,1996,0.000000,enabled
1782984849.631,2026-07-02 09:34:09.632,buffer_pool_pages_lru_flushed,0,0,0.000000,enabled
1782984849.631,2026-07-02 09:34:09.632,buffer_pool_pages_misc,98,98,0.000000,enabled
1782984849.631,2026-07-02 09:34:09.632,buffer_pool_pages_total,786432,786432,0.000000,enabled
1782984849.631,2026-07-02 09:34:09.632,buffer_pool_reads,80903297,80903297,33345.848112,enabled
1782984849.631,2026-07-02 09:34:09.632,buffer_pool_read_ahead,803715,803715,331.266574,enabled
1782984849.631,2026-07-02 09:34:09.632,buffer_pool_read_ahead_evicted,25,25,0.010304,enabled
1782984849.631,2026-07-02 09:34:09.632,buffer_pool_read_requests,2966062129,2966062129,1222519.482150,enabled
1782984849.631,2026-07-02 09:34:09.632,buffer_pool_size,12884901888,12884901888,0.000000,enabled
1782984849.631,2026-07-02 09:34:09.632,buffer_pool_wait_free,18945,18945,7.808546,enabled
1782984849.631,2026-07-02 09:34:09.632,buffer_pool_write_requests,617140484,617140484,254366.305057,enabled
1782984849.631,2026-07-02 09:34:09.632,dml_deletes,13642776,13642776,5623.131212,enabled
1782984849.631,2026-07-02 09:34:09.632,dml_inserts,113528182,113528182,46792.812853,enabled
1782984849.631,2026-07-02 09:34:09.632,dml_system_deletes,468,468,0.192895,enabled
1782984849.631,2026-07-02 09:34:09.632,dml_system_inserts,1202,1202,0.495427,enabled
1782984849.631,2026-07-02 09:34:09.632,dml_system_reads,7661,7661,3.157628,enabled
1782984849.631,2026-07-02 09:34:09.632,dml_system_updates,620,620,0.255545,enabled
1782984849.631,2026-07-02 09:34:09.632,dml_updates,27285675,27285675,11246.313111,enabled
1782984849.631,2026-07-02 09:34:09.632,file_num_open_files,35,35,0.000000,enabled
1782984849.631,2026-07-02 09:34:09.632,ibuf_merges,0,0,0.000000,enabled
1782984849.631,2026-07-02 09:34:09.632,ibuf_merges_delete,0,0,0.000000,enabled
1782984849.631,2026-07-02 09:34:09.632,ibuf_merges_delete_mark,0,0,0.000000,enabled
1782984849.631,2026-07-02 09:34:09.632,ibuf_merges_discard_delete,0,0,0.000000,enabled
1782984849.631,2026-07-02 09:34:09.632,ibuf_merges_discard_delete_mark,0,0,0.000000,enabled
1782984849.631,2026-07-02 09:34:09.632,ibuf_merges_discard_insert,0,0,0.000000,enabled
1782984849.631,2026-07-02 09:34:09.632,ibuf_merges_insert,0,0,0.000000,enabled
1782984849.631,2026-07-02 09:34:09.632,ibuf_size,1,1,0.000412,enabled
1782984849.631,2026-07-02 09:34:09.632,innodb_activity_count,18582875,18582875,7659.287664,enabled
1782984849.631,2026-07-02 09:34:09.632,innodb_dblwr_pages_written,27149732,27149732,11190.281706,enabled
1782984849.631,2026-07-02 09:34:09.632,innodb_dblwr_writes,559382,559382,230.559998,enabled
1782984849.631,2026-07-02 09:34:09.632,innodb_page_size,16384,16384,0.000000,enabled
1782984849.631,2026-07-02 09:34:09.632,innodb_rwlock_sx_os_waits,0,0,0.000000,enabled
1782984849.631,2026-07-02 09:34:09.632,innodb_rwlock_sx_spin_rounds,0,0,0.000000,enabled
1782984849.631,2026-07-02 09:34:09.632,innodb_rwlock_sx_spin_waits,0,0,0.000000,enabled
1782984849.631,2026-07-02 09:34:09.632,innodb_rwlock_s_os_waits,0,0,0.000000,enabled
1782984849.631,2026-07-02 09:34:09.632,innodb_rwlock_s_spin_rounds,0,0,0.000000,enabled
1782984849.631,2026-07-02 09:34:09.632,innodb_rwlock_s_spin_waits,0,0,0.000000,enabled
1782984849.631,2026-07-02 09:34:09.632,innodb_rwlock_x_os_waits,0,0,0.000000,enabled
1782984849.631,2026-07-02 09:34:09.632,innodb_rwlock_x_spin_rounds,0,0,0.000000,enabled
1782984849.631,2026-07-02 09:34:09.632,innodb_rwlock_x_spin_waits,0,0,0.000000,enabled
1782984849.631,2026-07-02 09:34:09.632,lock_deadlocks,0,0,0.000000,enabled
1782984849.631,2026-07-02 09:34:09.632,lock_deadlock_false_positives,0,0,0.000000,enabled
1782984849.631,2026-07-02 09:34:09.632,lock_deadlock_rounds,2663,2663,1.097607,enabled
1782984849.631,2026-07-02 09:34:09.632,lock_rec_grant_attempts,425,425,0.175172,enabled
1782984849.631,2026-07-02 09:34:09.632,lock_rec_release_attempts,41466817,41466817,17091.345457,enabled
1782984849.631,2026-07-02 09:34:09.632,lock_row_lock_current_waits,0,0,0.000000,enabled
1782984849.631,2026-07-02 09:34:09.632,lock_row_lock_time,323,323,0.133131,enabled
1782984849.631,2026-07-02 09:34:09.632,lock_row_lock_time_avg,0,0,0.000000,enabled
1782984849.631,2026-07-02 09:34:09.632,lock_row_lock_time_max,29,29,0.000000,enabled
1782984849.631,2026-07-02 09:34:09.632,lock_row_lock_waits,425,425,0.175172,enabled
1782984849.631,2026-07-02 09:34:09.632,lock_schedule_refreshes,2663,2663,1.097607,enabled
1782984849.631,2026-07-02 09:34:09.632,lock_threads_waiting,0,0,0.000000,enabled
1782984849.631,2026-07-02 09:34:09.632,lock_timeouts,0,0,0.000000,enabled
1782984849.631,2026-07-02 09:34:09.632,log_waits,0,0,0.000000,enabled
1782984849.631,2026-07-02 09:34:09.632,log_writes,207851976,207851976,85670.174059,enabled
1782984849.631,2026-07-02 09:34:09.632,log_write_requests,416627006,416627006,171720.802625,enabled
1782984849.631,2026-07-02 09:34:09.632,os_data_fsyncs,58668219,58668219,24181.231180,enabled
1782984849.631,2026-07-02 09:34:09.632,os_data_reads,81875789,81875789,33746.676115,enabled
1782984849.631,2026-07-02 09:34:09.632,os_data_writes,235876235,235876235,97220.912269,enabled
1782984849.631,2026-07-02 09:34:09.632,os_log_bytes_written,131115500544,131115500544,54041767.036598,enabled
1782984849.631,2026-07-02 09:34:09.632,os_log_fsyncs,51240149,51240149,21119.609668,enabled
1782984849.631,2026-07-02 09:34:09.632,os_log_pending_fsyncs,1,1,0.000412,enabled
1782984849.631,2026-07-02 09:34:09.632,os_log_pending_writes,1,1,0.000412,enabled
1782984849.631,2026-07-02 09:34:09.632,trx_rseg_history_len,357,357,0.000000,enabled
1782984850.700,2026-07-02 09:34:10.701,adaptive_hash_searches,0,0,0.000000,enabled
1782984850.700,2026-07-02 09:34:10.701,adaptive_hash_searches_btree,615472460,615472460,253566.781249,enabled
1782984850.700,2026-07-02 09:34:10.701,buffer_data_reads,1337468717568,1337468717568,551020077.876666,enabled
1782984850.700,2026-07-02 09:34:10.701,buffer_data_written,613446924800,613446924800,252732320.060758,enabled
1782984850.700,2026-07-02 09:34:10.701,buffer_pages0_read,7,7,0.002884,enabled
1782984850.700,2026-07-02 09:34:10.701,buffer_pages_created,1817960,1817960,748.976372,enabled
1782984850.700,2026-07-02 09:34:10.701,buffer_pages_read,81862883,81862883,33726.465261,enabled
1782984850.700,2026-07-02 09:34:10.701,buffer_pages_written,27225164,27225164,11216.420886,enabled
1782984850.700,2026-07-02 09:34:10.701,buffer_pool_bytes_data,12854509568,12854509568,0.000000,enabled
1782984850.700,2026-07-02 09:34:10.701,buffer_pool_bytes_dirty,4628512768,4628512768,0.000000,enabled
1782984850.700,2026-07-02 09:34:10.701,buffer_pool_pages_data,784577,784577,0.000000,enabled
1782984850.700,2026-07-02 09:34:10.701,buffer_pool_pages_dirty,282502,282502,0.000000,enabled
1782984850.700,2026-07-02 09:34:10.701,buffer_pool_pages_flushed,27168094,27168094,0.000000,enabled
1782984850.700,2026-07-02 09:34:10.701,buffer_pool_pages_free,1759,1759,0.000000,enabled
1782984850.700,2026-07-02 09:34:10.701,buffer_pool_pages_lru_flushed,0,0,0.000000,enabled
1782984850.700,2026-07-02 09:34:10.701,buffer_pool_pages_misc,97,97,0.000000,enabled
1782984850.700,2026-07-02 09:34:10.701,buffer_pool_pages_total,786432,786432,0.000000,enabled
1782984850.700,2026-07-02 09:34:10.701,buffer_pool_reads,80959379,80959379,33354.234195,enabled
1782984850.700,2026-07-02 09:34:10.701,buffer_pool_read_ahead,803715,803715,331.120352,enabled
1782984850.700,2026-07-02 09:34:10.701,buffer_pool_read_ahead_evicted,25,25,0.010300,enabled
1782984850.700,2026-07-02 09:34:10.701,buffer_pool_read_requests,2966880179,2966880179,1222316.883647,enabled
1782984850.700,2026-07-02 09:34:10.701,buffer_pool_size,12884901888,12884901888,0.000000,enabled
1782984850.700,2026-07-02 09:34:10.701,buffer_pool_wait_free,18945,18945,7.805099,enabled
1782984850.700,2026-07-02 09:34:10.701,buffer_pool_write_requests,617251694,617251694,254299.843914,enabled
1782984850.700,2026-07-02 09:34:10.701,dml_deletes,13647552,13647552,5622.616711,enabled
1782984850.700,2026-07-02 09:34:10.701,dml_inserts,113532960,113532960,46774.126145,enabled
1782984850.700,2026-07-02 09:34:10.701,dml_system_deletes,468,468,0.192810,enabled
1782984850.700,2026-07-02 09:34:10.701,dml_system_inserts,1202,1202,0.495209,enabled
1782984850.700,2026-07-02 09:34:10.701,dml_system_reads,7661,7661,3.156234,enabled
1782984850.700,2026-07-02 09:34:10.701,dml_system_updates,620,620,0.255432,enabled
1782984850.700,2026-07-02 09:34:10.701,dml_updates,27295232,27295232,11245.286148,enabled
1782984850.700,2026-07-02 09:34:10.701,file_num_open_files,35,35,0.000000,enabled
1782984850.700,2026-07-02 09:34:10.701,ibuf_merges,0,0,0.000000,enabled
1782984850.700,2026-07-02 09:34:10.701,ibuf_merges_delete,0,0,0.000000,enabled
1782984850.700,2026-07-02 09:34:10.701,ibuf_merges_delete_mark,0,0,0.000000,enabled
1782984850.700,2026-07-02 09:34:10.701,ibuf_merges_discard_delete,0,0,0.000000,enabled
1782984850.700,2026-07-02 09:34:10.701,ibuf_merges_discard_delete_mark,0,0,0.000000,enabled
1782984850.700,2026-07-02 09:34:10.701,ibuf_merges_discard_insert,0,0,0.000000,enabled
1782984850.700,2026-07-02 09:34:10.701,ibuf_merges_insert,0,0,0.000000,enabled
1782984850.700,2026-07-02 09:34:10.701,ibuf_size,1,1,0.000412,enabled
1782984850.700,2026-07-02 09:34:10.701,innodb_activity_count,18588366,18588366,7658.168945,enabled
1782984850.700,2026-07-02 09:34:10.701,innodb_dblwr_pages_written,27165676,27165676,11191.910842,enabled
1782984850.700,2026-07-02 09:34:10.701,innodb_dblwr_writes,559725,559725,230.599537,enabled
1782984850.700,2026-07-02 09:34:10.701,innodb_page_size,16384,16384,0.000000,enabled
1782984850.700,2026-07-02 09:34:10.701,innodb_rwlock_sx_os_waits,0,0,0.000000,enabled
1782984850.700,2026-07-02 09:34:10.701,innodb_rwlock_sx_spin_rounds,0,0,0.000000,enabled
1782984850.700,2026-07-02 09:34:10.701,innodb_rwlock_sx_spin_waits,0,0,0.000000,enabled
1782984850.700,2026-07-02 09:34:10.701,innodb_rwlock_s_os_waits,0,0,0.000000,enabled
1782984850.700,2026-07-02 09:34:10.701,innodb_rwlock_s_spin_rounds,0,0,0.000000,enabled
1782984850.700,2026-07-02 09:34:10.701,innodb_rwlock_s_spin_waits,0,0,0.000000,enabled
1782984850.700,2026-07-02 09:34:10.701,innodb_rwlock_x_os_waits,0,0,0.000000,enabled
1782984850.700,2026-07-02 09:34:10.701,innodb_rwlock_x_spin_rounds,0,0,0.000000,enabled
1782984850.700,2026-07-02 09:34:10.701,innodb_rwlock_x_spin_waits,0,0,0.000000,enabled
1782984850.700,2026-07-02 09:34:10.701,lock_deadlocks,0,0,0.000000,enabled
1782984850.700,2026-07-02 09:34:10.701,lock_deadlock_false_positives,0,0,0.000000,enabled
1782984850.700,2026-07-02 09:34:10.701,lock_deadlock_rounds,2664,2664,1.097534,enabled
1782984850.700,2026-07-02 09:34:10.701,lock_rec_grant_attempts,425,425,0.175095,enabled
1782984850.700,2026-07-02 09:34:10.701,lock_rec_release_attempts,41481339,41481339,17089.784129,enabled
1782984850.700,2026-07-02 09:34:10.701,lock_row_lock_current_waits,0,0,0.000000,enabled
1782984850.700,2026-07-02 09:34:10.701,lock_row_lock_time,323,323,0.133072,enabled
1782984850.700,2026-07-02 09:34:10.701,lock_row_lock_time_avg,0,0,0.000000,enabled
1782984850.700,2026-07-02 09:34:10.701,lock_row_lock_time_max,29,29,0.000000,enabled
1782984850.700,2026-07-02 09:34:10.701,lock_row_lock_waits,425,425,0.175095,enabled
1782984850.700,2026-07-02 09:34:10.701,lock_schedule_refreshes,2664,2664,1.097534,enabled
1782984850.700,2026-07-02 09:34:10.701,lock_threads_waiting,0,0,0.000000,enabled
1782984850.700,2026-07-02 09:34:10.701,lock_timeouts,0,0,0.000000,enabled
1782984850.700,2026-07-02 09:34:10.701,log_waits,0,0,0.000000,enabled
1782984850.700,2026-07-02 09:34:10.701,log_writes,207930961,207930961,85664.899126,enabled
1782984850.700,2026-07-02 09:34:10.701,log_write_requests,416708248,416708248,171678.473879,enabled
1782984850.700,2026-07-02 09:34:10.701,os_data_fsyncs,58700191,58700191,24183.729529,enabled
1782984850.700,2026-07-02 09:34:10.701,os_data_reads,81931773,81931773,33754.844878,enabled
1782984850.700,2026-07-02 09:34:10.701,os_data_writes,235971435,235971435,97217.219717,enabled
1782984850.700,2026-07-02 09:34:10.701,os_log_bytes_written,131156779008,131156779008,54034918.948687,enabled
1782984850.700,2026-07-02 09:34:10.701,os_log_fsyncs,51267259,51267259,21121.456348,enabled
1782984850.700,2026-07-02 09:34:10.701,os_log_pending_fsyncs,1,1,0.000412,enabled
1782984850.700,2026-07-02 09:34:10.701,os_log_pending_writes,1,1,0.000412,enabled
1782984850.700,2026-07-02 09:34:10.701,trx_rseg_history_len,304,304,0.000000,enabled
1782984851.771,2026-07-02 09:34:11.773,adaptive_hash_searches,0,0,0.000000,enabled
1782984851.771,2026-07-02 09:34:11.773,adaptive_hash_searches_btree,615636866,615636866,253522.476265,enabled
1782984851.771,2026-07-02 09:34:11.773,buffer_data_reads,1338385517056,1338385517056,551154211.156745,enabled
1782984851.771,2026-07-02 09:34:11.773,buffer_data_written,613758701056,613758701056,252749068.247456,enabled
1782984851.771,2026-07-02 09:34:11.773,buffer_pages0_read,7,7,0.002883,enabled
1782984851.771,2026-07-02 09:34:11.773,buffer_pages_created,1818003,1818003,748.663225,enabled
1782984851.771,2026-07-02 09:34:11.773,buffer_pages_read,81918995,81918995,33734.674038,enabled
1782984851.771,2026-07-02 09:34:11.773,buffer_pages_written,27241320,27241320,11218.119233,enabled
1782984851.771,2026-07-02 09:34:11.773,buffer_pool_bytes_data,12853149696,12853149696,0.000000,enabled
1782984851.771,2026-07-02 09:34:11.773,buffer_pool_bytes_dirty,4623712256,4623712256,0.000000,enabled
1782984851.771,2026-07-02 09:34:11.773,buffer_pool_pages_data,784494,784494,0.000000,enabled
1782984851.771,2026-07-02 09:34:11.773,buffer_pool_pages_dirty,282209,282209,0.000000,enabled
1782984851.771,2026-07-02 09:34:11.773,buffer_pool_pages_flushed,27184250,27184250,0.000000,enabled
1782984851.771,2026-07-02 09:34:11.773,buffer_pool_pages_free,1842,1842,0.000000,enabled
1782984851.771,2026-07-02 09:34:11.773,buffer_pool_pages_lru_flushed,0,0,0.000000,enabled
1782984851.771,2026-07-02 09:34:11.773,buffer_pool_pages_misc,97,97,0.000000,enabled
1782984851.771,2026-07-02 09:34:11.773,buffer_pool_pages_total,786432,786432,0.000000,enabled
1782984851.771,2026-07-02 09:34:11.773,buffer_pool_reads,81015429,81015429,33362.581857,enabled
1782984851.771,2026-07-02 09:34:11.773,buffer_pool_read_ahead,803715,803715,330.974082,enabled
1782984851.771,2026-07-02 09:34:11.773,buffer_pool_read_ahead_evicted,25,25,0.010295,enabled
1782984851.771,2026-07-02 09:34:11.773,buffer_pool_read_requests,2967695644,2967695644,1222112.745673,enabled
1782984851.771,2026-07-02 09:34:11.773,buffer_pool_size,12884901888,12884901888,0.000000,enabled
1782984851.771,2026-07-02 09:34:11.773,buffer_pool_wait_free,18945,18945,7.801651,enabled
1782984851.771,2026-07-02 09:34:11.773,buffer_pool_write_requests,617362290,617362290,254233.052590,enabled
1782984851.771,2026-07-02 09:34:11.773,dml_deletes,13652304,13652304,5622.089925,enabled
1782984851.771,2026-07-02 09:34:11.773,dml_inserts,113537712,113537712,46755.421457,enabled
1782984851.771,2026-07-02 09:34:11.773,dml_system_deletes,468,468,0.192725,enabled
1782984851.771,2026-07-02 09:34:11.773,dml_system_inserts,1202,1202,0.494990,enabled
1782984851.771,2026-07-02 09:34:11.773,dml_system_reads,7661,7661,3.154840,enabled
1782984851.771,2026-07-02 09:34:11.773,dml_system_updates,620,620,0.255319,enabled
1782984851.771,2026-07-02 09:34:11.773,dml_updates,27304729,27304729,11244.229671,enabled
1782984851.771,2026-07-02 09:34:11.773,file_num_open_files,35,35,0.000000,enabled
1782984851.771,2026-07-02 09:34:11.773,ibuf_merges,0,0,0.000000,enabled
1782984851.771,2026-07-02 09:34:11.773,ibuf_merges_delete,0,0,0.000000,enabled
1782984851.771,2026-07-02 09:34:11.773,ibuf_merges_delete_mark,0,0,0.000000,enabled
1782984851.771,2026-07-02 09:34:11.773,ibuf_merges_discard_delete,0,0,0.000000,enabled
1782984851.771,2026-07-02 09:34:11.773,ibuf_merges_discard_delete_mark,0,0,0.000000,enabled
1782984851.771,2026-07-02 09:34:11.773,ibuf_merges_discard_insert,0,0,0.000000,enabled
1782984851.771,2026-07-02 09:34:11.773,ibuf_merges_insert,0,0,0.000000,enabled
1782984851.771,2026-07-02 09:34:11.773,ibuf_size,1,1,0.000412,enabled
1782984851.771,2026-07-02 09:34:11.773,innodb_activity_count,18593833,18593833,7657.037436,enabled
1782984851.771,2026-07-02 09:34:11.773,innodb_dblwr_pages_written,27181832,27181832,11193.620155,enabled
1782984851.771,2026-07-02 09:34:11.773,innodb_dblwr_writes,560078,560078,230.643041,enabled
1782984851.771,2026-07-02 09:34:11.773,innodb_page_size,16384,16384,0.000000,enabled
1782984851.771,2026-07-02 09:34:11.773,innodb_rwlock_sx_os_waits,0,0,0.000000,enabled
1782984851.771,2026-07-02 09:34:11.773,innodb_rwlock_sx_spin_rounds,0,0,0.000000,enabled
1782984851.771,2026-07-02 09:34:11.773,innodb_rwlock_sx_spin_waits,0,0,0.000000,enabled
1782984851.771,2026-07-02 09:34:11.773,innodb_rwlock_s_os_waits,0,0,0.000000,enabled
1782984851.771,2026-07-02 09:34:11.773,innodb_rwlock_s_spin_rounds,0,0,0.000000,enabled
1782984851.771,2026-07-02 09:34:11.773,innodb_rwlock_s_spin_waits,0,0,0.000000,enabled
1782984851.771,2026-07-02 09:34:11.773,innodb_rwlock_x_os_waits,0,0,0.000000,enabled
1782984851.771,2026-07-02 09:34:11.773,innodb_rwlock_x_spin_rounds,0,0,0.000000,enabled
1782984851.771,2026-07-02 09:34:11.773,innodb_rwlock_x_spin_waits,0,0,0.000000,enabled
1782984851.771,2026-07-02 09:34:11.773,lock_deadlocks,0,0,0.000000,enabled
1782984851.771,2026-07-02 09:34:11.773,lock_deadlock_false_positives,0,0,0.000000,enabled
1782984851.771,2026-07-02 09:34:11.773,lock_deadlock_rounds,2665,2665,1.097461,enabled
1782984851.771,2026-07-02 09:34:11.773,lock_rec_grant_attempts,425,425,0.175017,enabled
1782984851.771,2026-07-02 09:34:11.773,lock_rec_release_attempts,41495808,41495808,17088.193217,enabled
1782984851.771,2026-07-02 09:34:11.773,lock_row_lock_current_waits,0,0,0.000000,enabled
1782984851.771,2026-07-02 09:34:11.773,lock_row_lock_time,323,323,0.133013,enabled
1782984851.771,2026-07-02 09:34:11.773,lock_row_lock_time_avg,0,0,0.000000,enabled
1782984851.771,2026-07-02 09:34:11.773,lock_row_lock_time_max,29,29,0.000000,enabled
1782984851.771,2026-07-02 09:34:11.773,lock_row_lock_waits,425,425,0.175017,enabled
1782984851.771,2026-07-02 09:34:11.773,lock_schedule_refreshes,2665,2665,1.097461,enabled
1782984851.771,2026-07-02 09:34:11.773,lock_threads_waiting,0,0,0.000000,enabled
1782984851.771,2026-07-02 09:34:11.773,lock_timeouts,0,0,0.000000,enabled
1782984851.771,2026-07-02 09:34:11.773,log_waits,0,0,0.000000,enabled
1782984851.771,2026-07-02 09:34:11.773,log_writes,208009389,208009389,85659.355284,enabled
1782984851.771,2026-07-02 09:34:11.773,log_write_requests,416789146,416789146,171635.952268,enabled
1782984851.771,2026-07-02 09:34:11.773,os_data_fsyncs,58731877,58731877,24186.095103,enabled
1782984851.771,2026-07-02 09:34:11.773,os_data_reads,81987748,81987748,33762.984844,enabled
1782984851.771,2026-07-02 09:34:11.773,os_data_writes,236066300,236066300,97213.340994,enabled
1782984851.771,2026-07-02 09:34:11.773,os_log_bytes_written,131197850624,131197850624,54027963.148881,enabled
1782984851.771,2026-07-02 09:34:11.773,os_log_fsyncs,51294058,51294058,21123.162156,enabled
1782984851.771,2026-07-02 09:34:11.773,os_log_pending_fsyncs,1,1,0.000412,enabled
1782984851.771,2026-07-02 09:34:11.773,os_log_pending_writes,0,0,0.000000,enabled
1782984851.771,2026-07-02 09:34:11.773,trx_rseg_history_len,265,265,0.000000,enabled
1782984852.844,2026-07-02 09:34:12.846,adaptive_hash_searches,0,0,0.000000,enabled
1782984852.844,2026-07-02 09:34:12.846,adaptive_hash_searches_btree,615802057,615802057,253478.597595,enabled
1782984852.844,2026-07-02 09:34:12.846,buffer_data_reads,1339304331776,1339304331776,551289193.965514,enabled
1782984852.844,2026-07-02 09:34:12.846,buffer_data_written,614065614336,614065614336,252763863.518816,enabled
1782984852.844,2026-07-02 09:34:12.846,buffer_pages0_read,7,7,0.002881,enabled
1782984852.844,2026-07-02 09:34:12.846,buffer_pages_created,1818028,1818028,748.343132,enabled
1782984852.844,2026-07-02 09:34:12.846,buffer_pages_read,81975238,81975238,33742.937940,enabled
1782984852.844,2026-07-02 09:34:12.846,buffer_pages_written,27257198,27257198,11219.704458,enabled
1782984852.844,2026-07-02 09:34:12.846,buffer_pool_bytes_data,12853706752,12853706752,0.000000,enabled
1782984852.844,2026-07-02 09:34:12.846,buffer_pool_bytes_dirty,4628463616,4628463616,0.000000,enabled
1782984852.844,2026-07-02 09:34:12.846,buffer_pool_pages_data,784528,784528,0.000000,enabled
1782984852.844,2026-07-02 09:34:12.846,buffer_pool_pages_dirty,282499,282499,0.000000,enabled
1782984852.844,2026-07-02 09:34:12.846,buffer_pool_pages_flushed,27200128,27200128,0.000000,enabled
1782984852.844,2026-07-02 09:34:12.846,buffer_pool_pages_free,1808,1808,0.000000,enabled
1782984852.844,2026-07-02 09:34:12.846,buffer_pool_pages_lru_flushed,0,0,0.000000,enabled
1782984852.844,2026-07-02 09:34:12.846,buffer_pool_pages_misc,96,96,0.000000,enabled
1782984852.844,2026-07-02 09:34:12.846,buffer_pool_pages_total,786432,786432,0.000000,enabled
1782984852.844,2026-07-02 09:34:12.846,buffer_pool_reads,81071614,81071614,33370.986118,enabled
1782984852.844,2026-07-02 09:34:12.846,buffer_pool_read_ahead,803715,803715,330.828024,enabled
1782984852.844,2026-07-02 09:34:12.846,buffer_pool_read_ahead_evicted,25,25,0.010291,enabled
1782984852.844,2026-07-02 09:34:12.846,buffer_pool_read_requests,2968514063,2968514063,1221910.311526,enabled
1782984852.844,2026-07-02 09:34:12.846,buffer_pool_size,12884901888,12884901888,0.000000,enabled
1782984852.844,2026-07-02 09:34:12.846,buffer_pool_wait_free,18945,18945,7.798208,enabled
1782984852.844,2026-07-02 09:34:12.846,buffer_pool_write_requests,617473240,617473240,254166.529956,enabled
1782984852.844,2026-07-02 09:34:12.846,dml_deletes,13657079,13657079,5621.574514,enabled
1782984852.844,2026-07-02 09:34:12.846,dml_inserts,113542487,113542487,46736.754737,enabled
1782984852.844,2026-07-02 09:34:12.846,dml_system_deletes,468,468,0.192640,enabled
1782984852.844,2026-07-02 09:34:12.846,dml_system_inserts,1202,1202,0.494771,enabled
1782984852.844,2026-07-02 09:34:12.846,dml_system_reads,7661,7661,3.153448,enabled
1782984852.844,2026-07-02 09:34:12.846,dml_system_updates,620,620,0.255207,enabled
1782984852.844,2026-07-02 09:34:12.846,dml_updates,27314279,27314279,11243.198824,enabled
1782984852.844,2026-07-02 09:34:12.846,file_num_open_files,35,35,0.000000,enabled
1782984852.844,2026-07-02 09:34:12.846,ibuf_merges,0,0,0.000000,enabled
1782984852.844,2026-07-02 09:34:12.846,ibuf_merges_delete,0,0,0.000000,enabled
1782984852.844,2026-07-02 09:34:12.846,ibuf_merges_delete_mark,0,0,0.000000,enabled
1782984852.844,2026-07-02 09:34:12.846,ibuf_merges_discard_delete,0,0,0.000000,enabled
1782984852.844,2026-07-02 09:34:12.846,ibuf_merges_discard_delete_mark,0,0,0.000000,enabled
1782984852.844,2026-07-02 09:34:12.846,ibuf_merges_discard_insert,0,0,0.000000,enabled
1782984852.844,2026-07-02 09:34:12.846,ibuf_merges_insert,0,0,0.000000,enabled
1782984852.844,2026-07-02 09:34:12.846,ibuf_size,1,1,0.000412,enabled
1782984852.844,2026-07-02 09:34:12.846,innodb_activity_count,18599319,18599319,7655.916689,enabled
1782984852.844,2026-07-02 09:34:12.846,innodb_dblwr_pages_written,27197710,27197710,11195.216379,enabled
1782984852.844,2026-07-02 09:34:12.846,innodb_dblwr_writes,560455,560455,230.696445,enabled
1782984852.844,2026-07-02 09:34:12.846,innodb_page_size,16384,16384,0.000000,enabled
1782984852.844,2026-07-02 09:34:12.846,innodb_rwlock_sx_os_waits,0,0,0.000000,enabled
1782984852.844,2026-07-02 09:34:12.846,innodb_rwlock_sx_spin_rounds,0,0,0.000000,enabled
1782984852.844,2026-07-02 09:34:12.846,innodb_rwlock_sx_spin_waits,0,0,0.000000,enabled
1782984852.844,2026-07-02 09:34:12.846,innodb_rwlock_s_os_waits,0,0,0.000000,enabled
1782984852.844,2026-07-02 09:34:12.846,innodb_rwlock_s_spin_rounds,0,0,0.000000,enabled
1782984852.844,2026-07-02 09:34:12.846,innodb_rwlock_s_spin_waits,0,0,0.000000,enabled
1782984852.844,2026-07-02 09:34:12.846,innodb_rwlock_x_os_waits,0,0,0.000000,enabled
1782984852.844,2026-07-02 09:34:12.846,innodb_rwlock_x_spin_rounds,0,0,0.000000,enabled
1782984852.844,2026-07-02 09:34:12.846,innodb_rwlock_x_spin_waits,0,0,0.000000,enabled
1782984852.844,2026-07-02 09:34:12.846,lock_deadlocks,0,0,0.000000,enabled
1782984852.844,2026-07-02 09:34:12.846,lock_deadlock_false_positives,0,0,0.000000,enabled
1782984852.844,2026-07-02 09:34:12.846,lock_deadlock_rounds,2666,2666,1.097388,enabled
1782984852.844,2026-07-02 09:34:12.846,lock_rec_grant_attempts,425,425,0.174940,enabled
1782984852.844,2026-07-02 09:34:12.846,lock_rec_release_attempts,41510315,41510315,17086.623691,enabled
1782984852.844,2026-07-02 09:34:12.846,lock_row_lock_current_waits,0,0,0.000000,enabled
1782984852.844,2026-07-02 09:34:12.846,lock_row_lock_time,323,323,0.132954,enabled
1782984852.844,2026-07-02 09:34:12.846,lock_row_lock_time_avg,0,0,0.000000,enabled
1782984852.844,2026-07-02 09:34:12.846,lock_row_lock_time_max,29,29,0.000000,enabled
1782984852.844,2026-07-02 09:34:12.846,lock_row_lock_waits,425,425,0.174940,enabled
1782984852.844,2026-07-02 09:34:12.846,lock_schedule_refreshes,2666,2666,1.097388,enabled
1782984852.844,2026-07-02 09:34:12.846,lock_threads_waiting,0,0,0.000000,enabled
1782984852.844,2026-07-02 09:34:12.846,lock_timeouts,0,0,0.000000,enabled
1782984852.844,2026-07-02 09:34:12.846,log_waits,0,0,0.000000,enabled
1782984852.844,2026-07-02 09:34:12.846,log_writes,208088444,208088444,85654.095806,enabled
1782984852.844,2026-07-02 09:34:12.846,log_write_requests,416870375,416870375,171593.647264,enabled
1782984852.844,2026-07-02 09:34:12.846,os_data_fsyncs,58763966,58763966,24188.630598,enabled
1782984852.844,2026-07-02 09:34:12.846,os_data_reads,82043836,82043836,33771.172706,enabled
1782984852.844,2026-07-02 09:34:12.846,os_data_writes,236161511,236161511,97209.632785,enabled
1782984852.844,2026-07-02 09:34:12.846,os_log_bytes_written,131238963200,131238963200,54021044.054660,enabled
1782984852.844,2026-07-02 09:34:12.846,os_log_fsyncs,51321114,51321114,21124.977604,enabled
1782984852.844,2026-07-02 09:34:12.846,os_log_pending_fsyncs,1,1,0.000412,enabled
1782984852.844,2026-07-02 09:34:12.846,os_log_pending_writes,1,1,0.000412,enabled
1782984852.844,2026-07-02 09:34:12.846,trx_rseg_history_len,205,205,0.000000,enabled
1782984853.916,2026-07-02 09:34:13.918,adaptive_hash_searches,0,0,0.000000,enabled
1782984853.916,2026-07-02 09:34:13.918,adaptive_hash_searches_btree,615968012,615968012,253435.106756,enabled
1782984853.916,2026-07-02 09:34:13.918,buffer_data_reads,1340221360640,1340221360640,551423415.056018,enabled
1782984853.916,2026-07-02 09:34:13.918,buffer_data_written,614372523520,614372523520,252778686.234395,enabled
1782984853.916,2026-07-02 09:34:13.918,buffer_pages0_read,7,7,0.002880,enabled
1782984853.916,2026-07-02 09:34:13.918,buffer_pages_created,1818055,1818055,748.024270,enabled
1782984853.916,2026-07-02 09:34:13.918,buffer_pages_read,82031375,82031375,33751.156606,enabled
1782984853.916,2026-07-02 09:34:13.918,buffer_pages_written,27273059,27273059,11221.283179,enabled
1782984853.916,2026-07-02 09:34:13.918,buffer_pool_bytes_data,12856983552,12856983552,0.000000,enabled
1782984853.916,2026-07-02 09:34:13.918,buffer_pool_bytes_dirty,4631379968,4631379968,0.000000,enabled
1782984853.916,2026-07-02 09:34:13.918,buffer_pool_pages_data,784727,784727,0.000000,enabled
1782984853.916,2026-07-02 09:34:13.918,buffer_pool_pages_dirty,282677,282677,0.000000,enabled
1782984853.916,2026-07-02 09:34:13.918,buffer_pool_pages_flushed,27215989,27215989,0.000000,enabled
1782984853.916,2026-07-02 09:34:13.918,buffer_pool_pages_free,1608,1608,0.000000,enabled
1782984853.916,2026-07-02 09:34:13.918,buffer_pool_pages_lru_flushed,0,0,0.000000,enabled
1782984853.916,2026-07-02 09:34:13.918,buffer_pool_pages_misc,97,97,0.000000,enabled
1782984853.916,2026-07-02 09:34:13.918,buffer_pool_pages_total,786432,786432,0.000000,enabled
1782984853.916,2026-07-02 09:34:13.918,buffer_pool_reads,81127695,81127695,33379.345683,enabled
1782984853.916,2026-07-02 09:34:13.918,buffer_pool_read_ahead,803715,803715,330.682150,enabled
1782984853.916,2026-07-02 09:34:13.918,buffer_pool_read_ahead_evicted,25,25,0.010286,enabled
1782984853.916,2026-07-02 09:34:13.918,buffer_pool_read_requests,2969336257,2969336257,1221709.810918,enabled
1782984853.916,2026-07-02 09:34:13.918,buffer_pool_size,12884901888,12884901888,0.000000,enabled
1782984853.916,2026-07-02 09:34:13.918,buffer_pool_wait_free,18945,18945,7.794770,enabled
1782984853.916,2026-07-02 09:34:13.918,buffer_pool_write_requests,617584982,617584982,254100.433844,enabled
1782984853.916,2026-07-02 09:34:13.918,dml_deletes,13661873,13661873,5621.068102,enabled
1782984853.916,2026-07-02 09:34:13.918,dml_inserts,113547281,113547281,46718.118361,enabled
1782984853.916,2026-07-02 09:34:13.918,dml_system_deletes,468,468,0.192555,enabled
1782984853.916,2026-07-02 09:34:13.918,dml_system_inserts,1202,1202,0.494553,enabled
1782984853.916,2026-07-02 09:34:13.918,dml_system_reads,7661,7661,3.152057,enabled
1782984853.916,2026-07-02 09:34:13.918,dml_system_updates,620,620,0.255094,enabled
1782984853.916,2026-07-02 09:34:13.918,dml_updates,27323866,27323866,11242.185567,enabled
1782984853.916,2026-07-02 09:34:13.918,file_num_open_files,35,35,0.000000,enabled
1782984853.916,2026-07-02 09:34:13.918,ibuf_merges,0,0,0.000000,enabled
1782984853.916,2026-07-02 09:34:13.918,ibuf_merges_delete,0,0,0.000000,enabled
1782984853.916,2026-07-02 09:34:13.918,ibuf_merges_delete_mark,0,0,0.000000,enabled
1782984853.916,2026-07-02 09:34:13.918,ibuf_merges_discard_delete,0,0,0.000000,enabled
1782984853.916,2026-07-02 09:34:13.918,ibuf_merges_discard_delete_mark,0,0,0.000000,enabled
1782984853.916,2026-07-02 09:34:13.918,ibuf_merges_discard_insert,0,0,0.000000,enabled
1782984853.916,2026-07-02 09:34:13.918,ibuf_merges_insert,0,0,0.000000,enabled
1782984853.916,2026-07-02 09:34:13.918,ibuf_size,1,1,0.000411,enabled
1782984853.916,2026-07-02 09:34:13.918,innodb_activity_count,18604827,18604827,7654.807014,enabled
1782984853.916,2026-07-02 09:34:13.918,innodb_dblwr_pages_written,27213571,27213571,11196.805688,enabled
1782984853.916,2026-07-02 09:34:13.918,innodb_dblwr_writes,560816,560816,230.743249,enabled
1782984853.916,2026-07-02 09:34:13.918,innodb_page_size,16384,16384,0.000000,enabled
1782984853.916,2026-07-02 09:34:13.918,innodb_rwlock_sx_os_waits,0,0,0.000000,enabled
1782984853.916,2026-07-02 09:34:13.918,innodb_rwlock_sx_spin_rounds,0,0,0.000000,enabled
1782984853.916,2026-07-02 09:34:13.918,innodb_rwlock_sx_spin_waits,0,0,0.000000,enabled
1782984853.916,2026-07-02 09:34:13.918,innodb_rwlock_s_os_waits,0,0,0.000000,enabled
1782984853.916,2026-07-02 09:34:13.918,innodb_rwlock_s_spin_rounds,0,0,0.000000,enabled
1782984853.916,2026-07-02 09:34:13.918,innodb_rwlock_s_spin_waits,0,0,0.000000,enabled
1782984853.916,2026-07-02 09:34:13.918,innodb_rwlock_x_os_waits,0,0,0.000000,enabled
1782984853.916,2026-07-02 09:34:13.918,innodb_rwlock_x_spin_rounds,0,0,0.000000,enabled
1782984853.916,2026-07-02 09:34:13.918,innodb_rwlock_x_spin_waits,0,0,0.000000,enabled
1782984853.916,2026-07-02 09:34:13.918,lock_deadlocks,0,0,0.000000,enabled
1782984853.916,2026-07-02 09:34:13.918,lock_deadlock_false_positives,0,0,0.000000,enabled
1782984853.916,2026-07-02 09:34:13.918,lock_deadlock_rounds,2667,2667,1.097316,enabled
1782984853.916,2026-07-02 09:34:13.918,lock_rec_grant_attempts,425,425,0.174863,enabled
1782984853.916,2026-07-02 09:34:13.918,lock_rec_release_attempts,41524923,41524923,17085.099886,enabled
1782984853.916,2026-07-02 09:34:13.918,lock_row_lock_current_waits,0,0,0.000000,enabled
1782984853.916,2026-07-02 09:34:13.918,lock_row_lock_time,323,323,0.132896,enabled
1782984853.916,2026-07-02 09:34:13.918,lock_row_lock_time_avg,0,0,0.000000,enabled
1782984853.916,2026-07-02 09:34:13.918,lock_row_lock_time_max,29,29,0.000000,enabled
1782984853.916,2026-07-02 09:34:13.918,lock_row_lock_waits,425,425,0.174863,enabled
1782984853.916,2026-07-02 09:34:13.918,lock_schedule_refreshes,2667,2667,1.097316,enabled
1782984853.916,2026-07-02 09:34:13.918,lock_threads_waiting,0,0,0.000000,enabled
1782984853.916,2026-07-02 09:34:13.918,lock_timeouts,0,0,0.000000,enabled
1782984853.916,2026-07-02 09:34:13.918,log_waits,0,0,0.000000,enabled
1782984853.916,2026-07-02 09:34:13.918,log_writes,208167403,208167403,85648.814013,enabled
1782984853.916,2026-07-02 09:34:13.918,log_write_requests,416951962,416951962,171551.552056,enabled
1782984853.916,2026-07-02 09:34:13.918,os_data_fsyncs,58795469,58795469,24190.926480,enabled
1782984853.916,2026-07-02 09:34:13.918,os_data_reads,82099815,82099815,33779.313702,enabled
1782984853.916,2026-07-02 09:34:13.918,os_data_writes,236256614,236256614,97205.898362,enabled
1782984853.916,2026-07-02 09:34:13.918,os_log_bytes_written,131280059392,131280059392,54014132.601188,enabled
1782984853.916,2026-07-02 09:34:13.918,os_log_fsyncs,51347770,51347770,21126.630109,enabled
1782984853.916,2026-07-02 09:34:13.918,os_log_pending_fsyncs,0,0,0.000000,enabled
1782984853.916,2026-07-02 09:34:13.918,os_log_pending_writes,0,0,0.000000,enabled
1782984853.916,2026-07-02 09:34:13.918,trx_rseg_history_len,199,199,0.000000,enabled
1782984854.988,2026-07-02 09:34:14.989,adaptive_hash_searches,0,0,0.000000,enabled
1782984854.988,2026-07-02 09:34:14.989,adaptive_hash_searches_btree,616136707,616136707,253392.721967,enabled
1782984854.988,2026-07-02 09:34:14.989,buffer_data_reads,1341162703360,1341162703360,551567380.744043,enabled
1782984854.988,2026-07-02 09:34:14.989,buffer_data_written,614685929984,614685929984,252796105.416204,enabled
1782984854.988,2026-07-02 09:34:14.989,buffer_pages0_read,7,7,0.002879,enabled
1782984854.988,2026-07-02 09:34:14.989,buffer_pages_created,1818078,1818078,747.703859,enabled
1782984854.988,2026-07-02 09:34:14.989,buffer_pages_read,82088993,82088993,33759.968731,enabled
1782984854.988,2026-07-02 09:34:14.989,buffer_pages_written,27289328,27289328,11223.025513,enabled
1782984854.988,2026-07-02 09:34:14.989,buffer_pool_bytes_data,12855361536,12855361536,0.000000,enabled
1782984854.988,2026-07-02 09:34:14.989,buffer_pool_bytes_dirty,4635459584,4635459584,0.000000,enabled
1782984854.988,2026-07-02 09:34:14.989,buffer_pool_pages_data,784629,784629,0.000000,enabled
1782984854.988,2026-07-02 09:34:14.989,buffer_pool_pages_dirty,282926,282926,0.000000,enabled
1782984854.988,2026-07-02 09:34:14.989,buffer_pool_pages_flushed,27232258,27232258,0.000000,enabled
1782984854.988,2026-07-02 09:34:14.989,buffer_pool_pages_free,1706,1706,0.000000,enabled
1782984854.988,2026-07-02 09:34:14.989,buffer_pool_pages_lru_flushed,0,0,0.000000,enabled
1782984854.988,2026-07-02 09:34:14.989,buffer_pool_pages_misc,96,96,0.000000,enabled
1782984854.988,2026-07-02 09:34:14.989,buffer_pool_pages_total,786432,786432,0.000000,enabled
1782984854.988,2026-07-02 09:34:14.989,buffer_pool_reads,81185242,81185242,33388.292612,enabled
1782984854.988,2026-07-02 09:34:14.989,buffer_pool_read_ahead,803715,803715,330.536323,enabled
1782984854.988,2026-07-02 09:34:14.989,buffer_pool_read_ahead_evicted,25,25,0.010282,enabled
1782984854.988,2026-07-02 09:34:14.989,buffer_pool_read_requests,2970171940,2970171940,1221514.734942,enabled
1782984854.988,2026-07-02 09:34:14.989,buffer_pool_size,12884901888,12884901888,0.000000,enabled
1782984854.988,2026-07-02 09:34:14.989,buffer_pool_wait_free,18945,18945,7.791332,enabled
1782984854.988,2026-07-02 09:34:14.989,buffer_pool_write_requests,617697448,617697448,254034.631402,enabled
1782984854.988,2026-07-02 09:34:14.989,dml_deletes,13666759,13666759,5620.598681,enabled
1782984854.988,2026-07-02 09:34:14.989,dml_inserts,113552166,113552166,46699.525114,enabled
1782984854.988,2026-07-02 09:34:14.989,dml_system_deletes,468,468,0.192470,enabled
1782984854.988,2026-07-02 09:34:14.989,dml_system_inserts,1202,1202,0.494335,enabled
1782984854.988,2026-07-02 09:34:14.989,dml_system_reads,7661,7661,3.150667,enabled
1782984854.988,2026-07-02 09:34:14.989,dml_system_updates,620,620,0.254982,enabled
1782984854.988,2026-07-02 09:34:14.989,dml_updates,27333643,27333643,11241.248759,enabled
1782984854.988,2026-07-02 09:34:14.989,file_num_open_files,35,35,0.000000,enabled
1782984854.988,2026-07-02 09:34:14.989,ibuf_merges,0,0,0.000000,enabled
1782984854.988,2026-07-02 09:34:14.989,ibuf_merges_delete,0,0,0.000000,enabled
1782984854.988,2026-07-02 09:34:14.989,ibuf_merges_delete_mark,0,0,0.000000,enabled
1782984854.988,2026-07-02 09:34:14.989,ibuf_merges_discard_delete,0,0,0.000000,enabled
1782984854.988,2026-07-02 09:34:14.989,ibuf_merges_discard_delete_mark,0,0,0.000000,enabled
1782984854.988,2026-07-02 09:34:14.989,ibuf_merges_discard_insert,0,0,0.000000,enabled
1782984854.988,2026-07-02 09:34:14.989,ibuf_merges_insert,0,0,0.000000,enabled
1782984854.988,2026-07-02 09:34:14.989,ibuf_size,1,1,0.000411,enabled
1782984854.988,2026-07-02 09:34:14.989,innodb_activity_count,18610438,18610438,7653.738901,enabled
1782984854.988,2026-07-02 09:34:14.989,innodb_dblwr_pages_written,27229840,27229840,11198.558799,enabled
1782984854.988,2026-07-02 09:34:14.989,innodb_dblwr_writes,561159,561159,230.782556,enabled
1782984854.988,2026-07-02 09:34:14.989,innodb_page_size,16384,16384,0.000000,enabled
1782984854.988,2026-07-02 09:34:14.989,innodb_rwlock_sx_os_waits,0,0,0.000000,enabled
1782984854.988,2026-07-02 09:34:14.989,innodb_rwlock_sx_spin_rounds,0,0,0.000000,enabled
1782984854.988,2026-07-02 09:34:14.989,innodb_rwlock_sx_spin_waits,0,0,0.000000,enabled
1782984854.988,2026-07-02 09:34:14.989,innodb_rwlock_s_os_waits,0,0,0.000000,enabled
1782984854.988,2026-07-02 09:34:14.989,innodb_rwlock_s_spin_rounds,0,0,0.000000,enabled
1782984854.988,2026-07-02 09:34:14.989,innodb_rwlock_s_spin_waits,0,0,0.000000,enabled
1782984854.988,2026-07-02 09:34:14.989,innodb_rwlock_x_os_waits,0,0,0.000000,enabled
1782984854.988,2026-07-02 09:34:14.989,innodb_rwlock_x_spin_rounds,0,0,0.000000,enabled
1782984854.988,2026-07-02 09:34:14.989,innodb_rwlock_x_spin_waits,0,0,0.000000,enabled
1782984854.988,2026-07-02 09:34:14.989,lock_deadlocks,0,0,0.000000,enabled
1782984854.988,2026-07-02 09:34:14.989,lock_deadlock_false_positives,0,0,0.000000,enabled
1782984854.988,2026-07-02 09:34:14.989,lock_deadlock_rounds,2668,2668,1.097243,enabled
1782984854.988,2026-07-02 09:34:14.989,lock_rec_grant_attempts,425,425,0.174786,enabled
1782984854.988,2026-07-02 09:34:14.989,lock_rec_release_attempts,41539776,41539776,17083.674024,enabled
1782984854.988,2026-07-02 09:34:14.989,lock_row_lock_current_waits,0,0,0.000000,enabled
1782984854.988,2026-07-02 09:34:14.989,lock_row_lock_time,323,323,0.132837,enabled
1782984854.988,2026-07-02 09:34:14.989,lock_row_lock_time_avg,0,0,0.000000,enabled
1782984854.988,2026-07-02 09:34:14.989,lock_row_lock_time_max,29,29,0.000000,enabled
1782984854.988,2026-07-02 09:34:14.989,lock_row_lock_waits,425,425,0.174786,enabled
1782984854.988,2026-07-02 09:34:14.989,lock_schedule_refreshes,2668,2668,1.097243,enabled
1782984854.988,2026-07-02 09:34:14.989,lock_threads_waiting,0,0,0.000000,enabled
1782984854.988,2026-07-02 09:34:14.989,lock_timeouts,0,0,0.000000,enabled
1782984854.988,2026-07-02 09:34:14.989,log_waits,0,0,0.000000,enabled
1782984854.988,2026-07-02 09:34:14.989,log_writes,208246518,208246518,85643.580658,enabled
1782984854.988,2026-07-02 09:34:14.989,log_write_requests,417035000,417035000,171510.049876,enabled
1782984854.988,2026-07-02 09:34:14.989,os_data_fsyncs,58829226,58829226,24194.141500,enabled
1782984854.988,2026-07-02 09:34:14.989,os_data_reads,82157255,82157255,33788.040243,enabled
1782984854.988,2026-07-02 09:34:14.989,os_data_writes,236352244,236352244,97202.360588,enabled
1782984854.988,2026-07-02 09:34:14.989,os_log_bytes_written,131321174016,131321174016,54007221.859277,enabled
1782984854.988,2026-07-02 09:34:14.989,os_log_fsyncs,51376686,51376686,21129.205538,enabled
1782984854.988,2026-07-02 09:34:14.989,os_log_pending_fsyncs,1,1,0.000411,enabled
1782984854.988,2026-07-02 09:34:14.989,os_log_pending_writes,0,0,0.000000,enabled
1782984854.988,2026-07-02 09:34:14.989,trx_rseg_history_len,263,263,0.000000,enabled
1782984856.060,2026-07-02 09:34:16.061,adaptive_hash_searches,0,0,0.000000,enabled
1782984856.060,2026-07-02 09:34:16.061,adaptive_hash_searches_btree,616305354,616305354,253350.364547,enabled
1782984856.060,2026-07-02 09:34:16.061,buffer_data_reads,1342103472640,1342103472640,551711007.831292,enabled
1782984856.060,2026-07-02 09:34:16.061,buffer_data_written,614997418496,614997418496,252812731.892590,enabled
1782984856.060,2026-07-02 09:34:16.061,buffer_pages0_read,7,7,0.002878,enabled
1782984856.060,2026-07-02 09:34:16.061,buffer_pages_created,1818111,1818111,747.387873,enabled
1782984856.060,2026-07-02 09:34:16.061,buffer_pages_read,82146579,82146579,33768.761413,enabled
1782984856.060,2026-07-02 09:34:16.061,buffer_pages_written,27305450,27305450,11224.706377,enabled
1782984856.060,2026-07-02 09:34:16.061,buffer_pool_bytes_data,12856639488,12856639488,0.000000,enabled
1782984856.060,2026-07-02 09:34:16.061,buffer_pool_bytes_dirty,4639621120,4639621120,0.000000,enabled
1782984856.060,2026-07-02 09:34:16.061,buffer_pool_pages_data,784707,784707,0.000000,enabled
1782984856.060,2026-07-02 09:34:16.061,buffer_pool_pages_dirty,283180,283180,0.000000,enabled
1782984856.060,2026-07-02 09:34:16.061,buffer_pool_pages_flushed,27248380,27248380,0.000000,enabled
1782984856.060,2026-07-02 09:34:16.061,buffer_pool_pages_free,1627,1627,0.000000,enabled
1782984856.060,2026-07-02 09:34:16.061,buffer_pool_pages_lru_flushed,0,0,0.000000,enabled
1782984856.060,2026-07-02 09:34:16.061,buffer_pool_pages_misc,96,96,0.000000,enabled
1782984856.060,2026-07-02 09:34:16.061,buffer_pool_pages_total,786432,786432,0.000000,enabled
1782984856.060,2026-07-02 09:34:16.061,buffer_pool_reads,81242764,81242764,33397.222725,enabled
1782984856.060,2026-07-02 09:34:16.061,buffer_pool_read_ahead,803715,803715,330.390638,enabled
1782984856.060,2026-07-02 09:34:16.061,buffer_pool_read_ahead_evicted,25,25,0.010277,enabled
1782984856.060,2026-07-02 09:34:16.061,buffer_pool_read_requests,2971008063,2971008063,1221320.060399,enabled
1782984856.060,2026-07-02 09:34:16.061,buffer_pool_size,12884901888,12884901888,0.000000,enabled
1782984856.060,2026-07-02 09:34:16.061,buffer_pool_wait_free,18945,18945,7.787898,enabled
1782984856.060,2026-07-02 09:34:16.061,buffer_pool_write_requests,617810847,617810847,253969.280629,enabled
1782984856.060,2026-07-02 09:34:16.061,dml_deletes,13671633,13671633,5620.124961,enabled
1782984856.060,2026-07-02 09:34:16.061,dml_inserts,113557041,113557041,46680.945960,enabled
1782984856.060,2026-07-02 09:34:16.061,dml_system_deletes,468,468,0.192385,enabled
1782984856.060,2026-07-02 09:34:16.061,dml_system_inserts,1202,1202,0.494117,enabled
1782984856.060,2026-07-02 09:34:16.061,dml_system_reads,7661,7661,3.149278,enabled
1782984856.060,2026-07-02 09:34:16.061,dml_system_updates,620,620,0.254869,enabled
1782984856.060,2026-07-02 09:34:16.061,dml_updates,27343388,27343388,11240.300065,enabled
1782984856.060,2026-07-02 09:34:16.061,file_num_open_files,35,35,0.000000,enabled
1782984856.060,2026-07-02 09:34:16.061,ibuf_merges,0,0,0.000000,enabled
1782984856.060,2026-07-02 09:34:16.061,ibuf_merges_delete,0,0,0.000000,enabled
1782984856.060,2026-07-02 09:34:16.061,ibuf_merges_delete_mark,0,0,0.000000,enabled
1782984856.060,2026-07-02 09:34:16.061,ibuf_merges_discard_delete,0,0,0.000000,enabled
1782984856.060,2026-07-02 09:34:16.061,ibuf_merges_discard_delete_mark,0,0,0.000000,enabled
1782984856.060,2026-07-02 09:34:16.061,ibuf_merges_discard_insert,0,0,0.000000,enabled
1782984856.060,2026-07-02 09:34:16.061,ibuf_merges_insert,0,0,0.000000,enabled
1782984856.060,2026-07-02 09:34:16.061,ibuf_size,1,1,0.000411,enabled
1782984856.060,2026-07-02 09:34:16.061,innodb_activity_count,18616037,18616037,7652.667086,enabled
1782984856.060,2026-07-02 09:34:16.061,innodb_dblwr_pages_written,27245962,27245962,11200.250364,enabled
1782984856.060,2026-07-02 09:34:16.061,innodb_dblwr_writes,561523,561523,230.830469,enabled
1782984856.060,2026-07-02 09:34:16.061,innodb_page_size,16384,16384,0.000000,enabled
1782984856.060,2026-07-02 09:34:16.061,innodb_rwlock_sx_os_waits,0,0,0.000000,enabled
1782984856.060,2026-07-02 09:34:16.061,innodb_rwlock_sx_spin_rounds,0,0,0.000000,enabled
1782984856.060,2026-07-02 09:34:16.061,innodb_rwlock_sx_spin_waits,0,0,0.000000,enabled
1782984856.060,2026-07-02 09:34:16.061,innodb_rwlock_s_os_waits,0,0,0.000000,enabled
1782984856.060,2026-07-02 09:34:16.061,innodb_rwlock_s_spin_rounds,0,0,0.000000,enabled
1782984856.060,2026-07-02 09:34:16.061,innodb_rwlock_s_spin_waits,0,0,0.000000,enabled
1782984856.060,2026-07-02 09:34:16.061,innodb_rwlock_x_os_waits,0,0,0.000000,enabled
1782984856.060,2026-07-02 09:34:16.061,innodb_rwlock_x_spin_rounds,0,0,0.000000,enabled
1782984856.060,2026-07-02 09:34:16.061,innodb_rwlock_x_spin_waits,0,0,0.000000,enabled
1782984856.060,2026-07-02 09:34:16.061,lock_deadlocks,0,0,0.000000,enabled
1782984856.060,2026-07-02 09:34:16.061,lock_deadlock_false_positives,0,0,0.000000,enabled
1782984856.060,2026-07-02 09:34:16.061,lock_deadlock_rounds,2669,2669,1.097171,enabled
1782984856.060,2026-07-02 09:34:16.061,lock_rec_grant_attempts,425,425,0.174709,enabled
1782984856.060,2026-07-02 09:34:16.061,lock_rec_release_attempts,41554617,41554617,17082.245157,enabled
1782984856.060,2026-07-02 09:34:16.061,lock_row_lock_current_waits,0,0,0.000000,enabled
1782984856.060,2026-07-02 09:34:16.061,lock_row_lock_time,323,323,0.132779,enabled
1782984856.060,2026-07-02 09:34:16.061,lock_row_lock_time_avg,0,0,0.000000,enabled
1782984856.060,2026-07-02 09:34:16.061,lock_row_lock_time_max,29,29,0.000000,enabled
1782984856.060,2026-07-02 09:34:16.061,lock_row_lock_waits,425,425,0.174709,enabled
1782984856.060,2026-07-02 09:34:16.061,lock_schedule_refreshes,2669,2669,1.097171,enabled
1782984856.060,2026-07-02 09:34:16.061,lock_threads_waiting,0,0,0.000000,enabled
1782984856.060,2026-07-02 09:34:16.061,lock_timeouts,0,0,0.000000,enabled
1782984856.060,2026-07-02 09:34:16.061,log_waits,0,0,0.000000,enabled
1782984856.060,2026-07-02 09:34:16.061,log_writes,208326001,208326001,85638.507005,enabled
1782984856.060,2026-07-02 09:34:16.061,log_write_requests,417117913,417117913,171468.540505,enabled
1782984856.060,2026-07-02 09:34:16.061,os_data_fsyncs,58863195,58863195,24197.441875,enabled
1782984856.060,2026-07-02 09:34:16.061,os_data_reads,82214670,82214670,33796.750272,enabled
1782984856.060,2026-07-02 09:34:16.061,os_data_writes,236448143,236448143,97198.940717,enabled
1782984856.060,2026-07-02 09:34:16.061,os_log_bytes_written,131362672640,131362672640,54000477.370877,enabled
1782984856.060,2026-07-02 09:34:16.061,os_log_fsyncs,51405749,51405749,21131.840026,enabled
1782984856.060,2026-07-02 09:34:16.061,os_log_pending_fsyncs,1,1,0.000411,enabled
1782984856.060,2026-07-02 09:34:16.061,os_log_pending_writes,0,0,0.000000,enabled
1782984856.060,2026-07-02 09:34:16.061,trx_rseg_history_len,283,283,0.000000,enabled
1782984857.133,2026-07-02 09:34:17.135,adaptive_hash_searches,0,0,0.000000,enabled
1782984857.133,2026-07-02 09:34:17.135,adaptive_hash_searches_btree,616473132,616473132,253307.815304,enabled
1782984857.133,2026-07-02 09:34:17.135,buffer_data_reads,1343034952192,1343034952192,551850963.246528,enabled
1782984857.133,2026-07-02 09:34:17.135,buffer_data_written,615310971392,615310971392,252830316.429011,enabled
1782984857.133,2026-07-02 09:34:17.135,buffer_pages0_read,7,7,0.002876,enabled
1782984857.133,2026-07-02 09:34:17.135,buffer_pages_created,1818150,1818150,747.075000,enabled
1782984857.133,2026-07-02 09:34:17.135,buffer_pages_read,82203580,82203580,33777.322631,enabled
1782984857.133,2026-07-02 09:34:17.135,buffer_pages_written,27321680,27321680,11226.435676,enabled
1782984857.133,2026-07-02 09:34:17.135,buffer_pool_bytes_data,12852051968,12852051968,0.000000,enabled
1782984857.133,2026-07-02 09:34:17.135,buffer_pool_bytes_dirty,4642488320,4642488320,0.000000,enabled
1782984857.133,2026-07-02 09:34:17.135,buffer_pool_pages_data,784427,784427,0.000000,enabled
1782984857.133,2026-07-02 09:34:17.135,buffer_pool_pages_dirty,283355,283355,0.000000,enabled
1782984857.133,2026-07-02 09:34:17.135,buffer_pool_pages_flushed,27264570,27264570,0.000000,enabled
1782984857.133,2026-07-02 09:34:17.135,buffer_pool_pages_free,1908,1908,0.000000,enabled
1782984857.133,2026-07-02 09:34:17.135,buffer_pool_pages_lru_flushed,0,0,0.000000,enabled
1782984857.133,2026-07-02 09:34:17.135,buffer_pool_pages_misc,97,97,0.000000,enabled
1782984857.133,2026-07-02 09:34:17.135,buffer_pool_pages_total,786432,786432,0.000000,enabled
1782984857.133,2026-07-02 09:34:17.135,buffer_pool_reads,81299706,81299706,33405.923321,enabled
1782984857.133,2026-07-02 09:34:17.135,buffer_pool_read_ahead,803715,803715,330.245246,enabled
1782984857.133,2026-07-02 09:34:17.135,buffer_pool_read_ahead_evicted,25,25,0.010272,enabled
1782984857.133,2026-07-02 09:34:17.135,buffer_pool_read_requests,2971839285,2971839285,1221124.155233,enabled
1782984857.133,2026-07-02 09:34:17.135,buffer_pool_size,12884901888,12884901888,0.000000,enabled
1782984857.133,2026-07-02 09:34:17.135,buffer_pool_wait_free,18945,18945,7.784471,enabled
1782984857.133,2026-07-02 09:34:17.135,buffer_pool_write_requests,617923714,617923714,253903.895960,enabled
1782984857.133,2026-07-02 09:34:17.135,dml_deletes,13676486,13676486,5619.645852,enabled
1782984857.133,2026-07-02 09:34:17.135,dml_inserts,113561893,113561893,46662.397166,enabled
1782984857.133,2026-07-02 09:34:17.135,dml_system_deletes,468,468,0.192300,enabled
1782984857.133,2026-07-02 09:34:17.135,dml_system_inserts,1202,1202,0.493900,enabled
1782984857.133,2026-07-02 09:34:17.135,dml_system_reads,7661,7661,3.147892,enabled
1782984857.133,2026-07-02 09:34:17.135,dml_system_updates,620,620,0.254757,enabled
1782984857.133,2026-07-02 09:34:17.135,dml_updates,27353093,27353093,11239.341412,enabled
1782984857.133,2026-07-02 09:34:17.135,file_num_open_files,35,35,0.000000,enabled
1782984857.133,2026-07-02 09:34:17.135,ibuf_merges,0,0,0.000000,enabled
1782984857.133,2026-07-02 09:34:17.135,ibuf_merges_delete,0,0,0.000000,enabled
1782984857.133,2026-07-02 09:34:17.135,ibuf_merges_delete_mark,0,0,0.000000,enabled
1782984857.133,2026-07-02 09:34:17.135,ibuf_merges_discard_delete,0,0,0.000000,enabled
1782984857.133,2026-07-02 09:34:17.135,ibuf_merges_discard_delete_mark,0,0,0.000000,enabled
1782984857.133,2026-07-02 09:34:17.135,ibuf_merges_discard_insert,0,0,0.000000,enabled
1782984857.133,2026-07-02 09:34:17.135,ibuf_merges_insert,0,0,0.000000,enabled
1782984857.133,2026-07-02 09:34:17.135,ibuf_size,1,1,0.000411,enabled
1782984857.133,2026-07-02 09:34:17.135,innodb_activity_count,18621604,18621604,7651.586912,enabled
1782984857.133,2026-07-02 09:34:17.135,innodb_dblwr_pages_written,27262206,27262206,11201.996200,enabled
1782984857.133,2026-07-02 09:34:17.135,innodb_dblwr_writes,561880,561880,230.875580,enabled
1782984857.133,2026-07-02 09:34:17.135,innodb_page_size,16384,16384,0.000000,enabled
1782984857.133,2026-07-02 09:34:17.135,innodb_rwlock_sx_os_waits,0,0,0.000000,enabled
1782984857.133,2026-07-02 09:34:17.135,innodb_rwlock_sx_spin_rounds,0,0,0.000000,enabled
1782984857.133,2026-07-02 09:34:17.135,innodb_rwlock_sx_spin_waits,0,0,0.000000,enabled
1782984857.133,2026-07-02 09:34:17.135,innodb_rwlock_s_os_waits,0,0,0.000000,enabled
1782984857.133,2026-07-02 09:34:17.135,innodb_rwlock_s_spin_rounds,0,0,0.000000,enabled
1782984857.133,2026-07-02 09:34:17.135,innodb_rwlock_s_spin_waits,0,0,0.000000,enabled
1782984857.133,2026-07-02 09:34:17.135,innodb_rwlock_x_os_waits,0,0,0.000000,enabled
1782984857.133,2026-07-02 09:34:17.135,innodb_rwlock_x_spin_rounds,0,0,0.000000,enabled
1782984857.133,2026-07-02 09:34:17.135,innodb_rwlock_x_spin_waits,0,0,0.000000,enabled
1782984857.133,2026-07-02 09:34:17.135,lock_deadlocks,0,0,0.000000,enabled
1782984857.133,2026-07-02 09:34:17.135,lock_deadlock_false_positives,0,0,0.000000,enabled
1782984857.133,2026-07-02 09:34:17.135,lock_deadlock_rounds,2670,2670,1.097099,enabled
1782984857.133,2026-07-02 09:34:17.135,lock_rec_grant_attempts,425,425,0.174632,enabled
1782984857.133,2026-07-02 09:34:17.135,lock_rec_release_attempts,41569369,41569369,17080.789559,enabled
1782984857.133,2026-07-02 09:34:17.135,lock_row_lock_current_waits,0,0,0.000000,enabled
1782984857.133,2026-07-02 09:34:17.135,lock_row_lock_time,323,323,0.132720,enabled
1782984857.133,2026-07-02 09:34:17.135,lock_row_lock_time_avg,0,0,0.000000,enabled
1782984857.133,2026-07-02 09:34:17.135,lock_row_lock_time_max,29,29,0.000000,enabled
1782984857.133,2026-07-02 09:34:17.135,lock_row_lock_waits,425,425,0.174632,enabled
1782984857.133,2026-07-02 09:34:17.135,lock_schedule_refreshes,2670,2670,1.097099,enabled
1782984857.133,2026-07-02 09:34:17.135,lock_threads_waiting,0,0,0.000000,enabled
1782984857.133,2026-07-02 09:34:17.135,lock_timeouts,0,0,0.000000,enabled
1782984857.133,2026-07-02 09:34:17.135,log_waits,0,0,0.000000,enabled
1782984857.133,2026-07-02 09:34:17.135,log_writes,208405661,208405661,85633.552571,enabled
1782984857.133,2026-07-02 09:34:17.135,log_write_requests,417200398,417200398,171426.975975,enabled
1782984857.133,2026-07-02 09:34:17.135,os_data_fsyncs,58897317,58897317,24200.814031,enabled
1782984857.133,2026-07-02 09:34:17.135,os_data_reads,82271479,82271479,33805.220132,enabled
1782984857.133,2026-07-02 09:34:17.135,os_data_writes,236544315,236544315,97195.683498,enabled
1782984857.133,2026-07-02 09:34:17.135,os_log_bytes_written,131404193792,131404193792,53993774.467636,enabled
1782984857.133,2026-07-02 09:34:17.135,os_log_fsyncs,51435050,51435050,21134.580309,enabled
1782984857.133,2026-07-02 09:34:17.135,os_log_pending_fsyncs,1,1,0.000411,enabled
1782984857.133,2026-07-02 09:34:17.135,os_log_pending_writes,0,0,0.000000,enabled
1782984857.133,2026-07-02 09:34:17.135,trx_rseg_history_len,304,304,0.000000,enabled
1782984858.203,2026-07-02 09:34:18.205,adaptive_hash_searches,0,0,0.000000,enabled
1782984858.203,2026-07-02 09:34:18.205,adaptive_hash_searches_btree,616640279,616640279,253264.916058,enabled
1782984858.203,2026-07-02 09:34:18.205,buffer_data_reads,1343964170752,1343964170752,551989586.480236,enabled
1782984858.203,2026-07-02 09:34:18.205,buffer_data_written,615621254144,615621254144,252846414.056829,enabled
1782984858.203,2026-07-02 09:34:18.205,buffer_pages0_read,7,7,0.002875,enabled
1782984858.203,2026-07-02 09:34:18.205,buffer_pages_created,1818185,1818185,746.760380,enabled
1782984858.203,2026-07-02 09:34:18.205,buffer_pages_read,82260473,82260473,33785.814782,enabled
1782984858.203,2026-07-02 09:34:18.205,buffer_pages_written,27337723,27337723,11228.080941,enabled
1782984858.203,2026-07-02 09:34:18.205,buffer_pool_bytes_data,12854525952,12854525952,0.000000,enabled
1782984858.203,2026-07-02 09:34:18.205,buffer_pool_bytes_dirty,4648075264,4648075264,0.000000,enabled
1782984858.203,2026-07-02 09:34:18.205,buffer_pool_pages_data,784578,784578,0.000000,enabled
1782984858.203,2026-07-02 09:34:18.205,buffer_pool_pages_dirty,283696,283696,0.000000,enabled
1782984858.203,2026-07-02 09:34:18.205,buffer_pool_pages_flushed,27280653,27280653,0.000000,enabled
1782984858.203,2026-07-02 09:34:18.205,buffer_pool_pages_free,1758,1758,0.000000,enabled
1782984858.203,2026-07-02 09:34:18.205,buffer_pool_pages_lru_flushed,0,0,0.000000,enabled
1782984858.203,2026-07-02 09:34:18.205,buffer_pool_pages_misc,96,96,0.000000,enabled
1782984858.203,2026-07-02 09:34:18.205,buffer_pool_pages_total,786432,786432,0.000000,enabled
1782984858.203,2026-07-02 09:34:18.205,buffer_pool_reads,81356545,81356545,33414.556940,enabled
1782984858.203,2026-07-02 09:34:18.205,buffer_pool_read_ahead,803715,803715,330.099813,enabled
1782984858.203,2026-07-02 09:34:18.205,buffer_pool_read_ahead_evicted,25,25,0.010268,enabled
1782984858.203,2026-07-02 09:34:18.205,buffer_pool_read_requests,2972667277,2972667277,1220926.470723,enabled
1782984858.203,2026-07-02 09:34:18.205,buffer_pool_size,12884901888,12884901888,0.000000,enabled
1782984858.203,2026-07-02 09:34:18.205,buffer_pool_wait_free,18945,18945,7.781043,enabled
1782984858.203,2026-07-02 09:34:18.205,buffer_pool_write_requests,618035792,618035792,253838.114831,enabled
1782984858.203,2026-07-02 09:34:18.205,dml_deletes,13681324,13681324,5619.158209,enabled
1782984858.203,2026-07-02 09:34:18.205,dml_inserts,113566731,113566731,46643.835737,enabled
1782984858.203,2026-07-02 09:34:18.205,dml_system_deletes,468,468,0.192216,enabled
1782984858.203,2026-07-02 09:34:18.205,dml_system_inserts,1202,1202,0.493682,enabled
1782984858.203,2026-07-02 09:34:18.205,dml_system_reads,7661,7661,3.146506,enabled
1782984858.203,2026-07-02 09:34:18.205,dml_system_updates,620,620,0.254645,enabled
1782984858.203,2026-07-02 09:34:18.205,dml_updates,27362769,27362769,11238.366104,enabled
1782984858.203,2026-07-02 09:34:18.205,file_num_open_files,35,35,0.000000,enabled
1782984858.203,2026-07-02 09:34:18.205,ibuf_merges,0,0,0.000000,enabled
1782984858.203,2026-07-02 09:34:18.205,ibuf_merges_delete,0,0,0.000000,enabled
1782984858.203,2026-07-02 09:34:18.205,ibuf_merges_delete_mark,0,0,0.000000,enabled
1782984858.203,2026-07-02 09:34:18.205,ibuf_merges_discard_delete,0,0,0.000000,enabled
1782984858.203,2026-07-02 09:34:18.205,ibuf_merges_discard_delete_mark,0,0,0.000000,enabled
1782984858.203,2026-07-02 09:34:18.205,ibuf_merges_discard_insert,0,0,0.000000,enabled
1782984858.203,2026-07-02 09:34:18.205,ibuf_merges_insert,0,0,0.000000,enabled
1782984858.203,2026-07-02 09:34:18.205,ibuf_size,1,1,0.000411,enabled
1782984858.203,2026-07-02 09:34:18.205,innodb_activity_count,18627158,18627158,7650.498541,enabled
1782984858.203,2026-07-02 09:34:18.205,innodb_dblwr_pages_written,27278235,27278235,11203.646624,enabled
1782984858.203,2026-07-02 09:34:18.205,innodb_dblwr_writes,562218,562218,230.912733,enabled
1782984858.203,2026-07-02 09:34:18.205,innodb_page_size,16384,16384,0.000000,enabled
1782984858.203,2026-07-02 09:34:18.205,innodb_rwlock_sx_os_waits,0,0,0.000000,enabled
1782984858.203,2026-07-02 09:34:18.205,innodb_rwlock_sx_spin_rounds,0,0,0.000000,enabled
1782984858.203,2026-07-02 09:34:18.205,innodb_rwlock_sx_spin_waits,0,0,0.000000,enabled
1782984858.203,2026-07-02 09:34:18.205,innodb_rwlock_s_os_waits,0,0,0.000000,enabled
1782984858.203,2026-07-02 09:34:18.205,innodb_rwlock_s_spin_rounds,0,0,0.000000,enabled
1782984858.203,2026-07-02 09:34:18.205,innodb_rwlock_s_spin_waits,0,0,0.000000,enabled
1782984858.203,2026-07-02 09:34:18.205,innodb_rwlock_x_os_waits,0,0,0.000000,enabled
1782984858.203,2026-07-02 09:34:18.205,innodb_rwlock_x_spin_rounds,0,0,0.000000,enabled
1782984858.203,2026-07-02 09:34:18.205,innodb_rwlock_x_spin_waits,0,0,0.000000,enabled
1782984858.203,2026-07-02 09:34:18.205,lock_deadlocks,0,0,0.000000,enabled
1782984858.203,2026-07-02 09:34:18.205,lock_deadlock_false_positives,0,0,0.000000,enabled
1782984858.203,2026-07-02 09:34:18.205,lock_deadlock_rounds,2672,2672,1.097437,enabled
1782984858.203,2026-07-02 09:34:18.205,lock_rec_grant_attempts,425,425,0.174555,enabled
1782984858.203,2026-07-02 09:34:18.205,lock_rec_release_attempts,41584089,41584089,17079.313366,enabled
1782984858.203,2026-07-02 09:34:18.205,lock_row_lock_current_waits,0,0,0.000000,enabled
1782984858.203,2026-07-02 09:34:18.205,lock_row_lock_time,323,323,0.132662,enabled
1782984858.203,2026-07-02 09:34:18.205,lock_row_lock_time_avg,0,0,0.000000,enabled
1782984858.203,2026-07-02 09:34:18.205,lock_row_lock_time_max,29,29,0.000000,enabled
1782984858.203,2026-07-02 09:34:18.205,lock_row_lock_waits,425,425,0.174555,enabled
1782984858.203,2026-07-02 09:34:18.205,lock_schedule_refreshes,2672,2672,1.097437,enabled
1782984858.203,2026-07-02 09:34:18.205,lock_threads_waiting,0,0,0.000000,enabled
1782984858.203,2026-07-02 09:34:18.205,lock_timeouts,0,0,0.000000,enabled
1782984858.203,2026-07-02 09:34:18.205,log_waits,0,0,0.000000,enabled
1782984858.203,2026-07-02 09:34:18.205,log_writes,208485165,208485165,85628.495428,enabled
1782984858.203,2026-07-02 09:34:18.205,log_write_requests,417282654,417282654,171385.267887,enabled
1782984858.203,2026-07-02 09:34:18.205,os_data_fsyncs,58930463,58930463,24203.770186,enabled
1782984858.203,2026-07-02 09:34:18.205,os_data_reads,82328211,82328211,33813.633899,enabled
1782984858.203,2026-07-02 09:34:18.205,os_data_writes,236640081,236640081,97192.213487,enabled
1782984858.203,2026-07-02 09:34:18.205,os_log_bytes_written,131445727232,131445727232,53987055.356945,enabled
1782984858.203,2026-07-02 09:34:18.205,os_log_fsyncs,51463482,51463482,21136.950651,enabled
1782984858.203,2026-07-02 09:34:18.205,os_log_pending_fsyncs,0,0,0.000000,enabled
1782984858.203,2026-07-02 09:34:18.205,os_log_pending_writes,0,0,0.000000,enabled
1782984858.203,2026-07-02 09:34:18.205,trx_rseg_history_len,295,295,0.000000,enabled
1782984859.275,2026-07-02 09:34:19.277,adaptive_hash_searches,0,0,0.000000,enabled
1782984859.275,2026-07-02 09:34:19.277,adaptive_hash_searches_btree,616807771,616807771,253222.206629,enabled
1782984859.275,2026-07-02 09:34:19.277,buffer_data_reads,1344892750336,1344892750336,552127857.850405,enabled
1782984859.275,2026-07-02 09:34:19.277,buffer_data_written,615932736512,615932736512,252863004.934062,enabled
1782984859.275,2026-07-02 09:34:19.277,buffer_pages0_read,7,7,0.002874,enabled
1782984859.275,2026-07-02 09:34:19.277,buffer_pages_created,1818218,1818218,746.445259,enabled
1782984859.275,2026-07-02 09:34:19.277,buffer_pages_read,82317289,82317289,33794.269847,enabled
1782984859.275,2026-07-02 09:34:19.277,buffer_pages_written,27353803,27353803,11229.740607,enabled
1782984859.275,2026-07-02 09:34:19.277,buffer_pool_bytes_data,12853936128,12853936128,0.000000,enabled
1782984859.275,2026-07-02 09:34:19.277,buffer_pool_bytes_dirty,4654940160,4654940160,0.000000,enabled
1782984859.275,2026-07-02 09:34:19.277,buffer_pool_pages_data,784542,784542,0.000000,enabled
1782984859.275,2026-07-02 09:34:19.277,buffer_pool_pages_dirty,284115,284115,0.000000,enabled
1782984859.275,2026-07-02 09:34:19.277,buffer_pool_pages_flushed,27296690,27296690,0.000000,enabled
1782984859.275,2026-07-02 09:34:19.277,buffer_pool_pages_free,1794,1794,0.000000,enabled
1782984859.275,2026-07-02 09:34:19.277,buffer_pool_pages_lru_flushed,0,0,0.000000,enabled
1782984859.275,2026-07-02 09:34:19.277,buffer_pool_pages_misc,96,96,0.000000,enabled
1782984859.275,2026-07-02 09:34:19.277,buffer_pool_pages_total,786432,786432,0.000000,enabled
1782984859.275,2026-07-02 09:34:19.277,buffer_pool_reads,81413288,81413288,33423.145318,enabled
1782984859.275,2026-07-02 09:34:19.277,buffer_pool_read_ahead,803715,803715,329.954528,enabled
1782984859.275,2026-07-02 09:34:19.277,buffer_pool_read_ahead_evicted,25,25,0.010263,enabled
1782984859.275,2026-07-02 09:34:19.277,buffer_pool_read_requests,2973497075,2973497075,1220729.770508,enabled
1782984859.275,2026-07-02 09:34:19.277,buffer_pool_size,12884901888,12884901888,0.000000,enabled
1782984859.275,2026-07-02 09:34:19.277,buffer_pool_wait_free,18945,18945,7.777618,enabled
1782984859.275,2026-07-02 09:34:19.277,buffer_pool_write_requests,618149056,618149056,253772.892841,enabled
1782984859.275,2026-07-02 09:34:19.277,dml_deletes,13686155,13686155,5618.668309,enabled
1782984859.275,2026-07-02 09:34:19.277,dml_inserts,113571563,113571563,46625.289747,enabled
1782984859.275,2026-07-02 09:34:19.277,dml_system_deletes,468,468,0.192131,enabled
1782984859.275,2026-07-02 09:34:19.277,dml_system_inserts,1202,1202,0.493465,enabled
1782984859.275,2026-07-02 09:34:19.277,dml_system_reads,7661,7661,3.145121,enabled
1782984859.275,2026-07-02 09:34:19.277,dml_system_updates,620,620,0.254533,enabled
1782984859.275,2026-07-02 09:34:19.277,dml_updates,27372435,27372435,11237.387924,enabled
1782984859.275,2026-07-02 09:34:19.277,file_num_open_files,35,35,0.000000,enabled
1782984859.275,2026-07-02 09:34:19.277,ibuf_merges,0,0,0.000000,enabled
1782984859.275,2026-07-02 09:34:19.277,ibuf_merges_delete,0,0,0.000000,enabled
1782984859.275,2026-07-02 09:34:19.277,ibuf_merges_delete_mark,0,0,0.000000,enabled
1782984859.275,2026-07-02 09:34:19.277,ibuf_merges_discard_delete,0,0,0.000000,enabled
1782984859.275,2026-07-02 09:34:19.277,ibuf_merges_discard_delete_mark,0,0,0.000000,enabled
1782984859.275,2026-07-02 09:34:19.277,ibuf_merges_discard_insert,0,0,0.000000,enabled
1782984859.275,2026-07-02 09:34:19.277,ibuf_merges_insert,0,0,0.000000,enabled
1782984859.275,2026-07-02 09:34:19.277,ibuf_size,1,1,0.000411,enabled
1782984859.275,2026-07-02 09:34:19.277,innodb_activity_count,18632708,18632708,7649.409756,enabled
1782984859.275,2026-07-02 09:34:19.277,innodb_dblwr_pages_written,27294330,27294330,11205.323075,enabled
1782984859.275,2026-07-02 09:34:19.277,innodb_dblwr_writes,562574,562574,230.957251,enabled
1782984859.275,2026-07-02 09:34:19.277,innodb_page_size,16384,16384,0.000000,enabled
1782984859.275,2026-07-02 09:34:19.277,innodb_rwlock_sx_os_waits,0,0,0.000000,enabled
1782984859.275,2026-07-02 09:34:19.277,innodb_rwlock_sx_spin_rounds,0,0,0.000000,enabled
1782984859.275,2026-07-02 09:34:19.277,innodb_rwlock_sx_spin_waits,0,0,0.000000,enabled
1782984859.275,2026-07-02 09:34:19.277,innodb_rwlock_s_os_waits,0,0,0.000000,enabled
1782984859.275,2026-07-02 09:34:19.277,innodb_rwlock_s_spin_rounds,0,0,0.000000,enabled
1782984859.275,2026-07-02 09:34:19.277,innodb_rwlock_s_spin_waits,0,0,0.000000,enabled
1782984859.275,2026-07-02 09:34:19.277,innodb_rwlock_x_os_waits,0,0,0.000000,enabled
1782984859.275,2026-07-02 09:34:19.277,innodb_rwlock_x_spin_rounds,0,0,0.000000,enabled
1782984859.275,2026-07-02 09:34:19.277,innodb_rwlock_x_spin_waits,0,0,0.000000,enabled
1782984859.275,2026-07-02 09:34:19.277,lock_deadlocks,0,0,0.000000,enabled
1782984859.275,2026-07-02 09:34:19.277,lock_deadlock_false_positives,0,0,0.000000,enabled
1782984859.275,2026-07-02 09:34:19.277,lock_deadlock_rounds,2673,2673,1.097365,enabled
1782984859.275,2026-07-02 09:34:19.277,lock_rec_grant_attempts,425,425,0.174478,enabled
1782984859.275,2026-07-02 09:34:19.277,lock_rec_release_attempts,41598790,41598790,17077.831579,enabled
1782984859.275,2026-07-02 09:34:19.277,lock_row_lock_current_waits,0,0,0.000000,enabled
1782984859.275,2026-07-02 09:34:19.277,lock_row_lock_time,323,323,0.132603,enabled
1782984859.275,2026-07-02 09:34:19.277,lock_row_lock_time_avg,0,0,0.000000,enabled
1782984859.275,2026-07-02 09:34:19.277,lock_row_lock_time_max,29,29,0.000000,enabled
1782984859.275,2026-07-02 09:34:19.277,lock_row_lock_waits,425,425,0.174478,enabled
1782984859.275,2026-07-02 09:34:19.277,lock_schedule_refreshes,2673,2673,1.097365,enabled
1782984859.275,2026-07-02 09:34:19.277,lock_threads_waiting,0,0,0.000000,enabled
1782984859.275,2026-07-02 09:34:19.277,lock_timeouts,0,0,0.000000,enabled
1782984859.275,2026-07-02 09:34:19.277,log_waits,0,0,0.000000,enabled
1782984859.275,2026-07-02 09:34:19.277,log_writes,208565299,208565299,85623.705488,enabled
1782984859.275,2026-07-02 09:34:19.277,log_write_requests,417364896,417364896,171343.599006,enabled
1782984859.275,2026-07-02 09:34:19.277,os_data_fsyncs,58963764,58963764,24206.788677,enabled
1782984859.275,2026-07-02 09:34:19.277,os_data_reads,82384887,82384887,33822.019108,enabled
1782984859.275,2026-07-02 09:34:19.277,os_data_writes,236736579,236736579,97189.052319,enabled
1782984859.275,2026-07-02 09:34:19.277,os_log_bytes_written,131487754240,131487754240,53980547.676608,enabled
1782984859.275,2026-07-02 09:34:19.277,os_log_fsyncs,51491946,51491946,21139.333163,enabled
1782984859.275,2026-07-02 09:34:19.277,os_log_pending_fsyncs,1,1,0.000411,enabled
1782984859.275,2026-07-02 09:34:19.277,os_log_pending_writes,0,0,0.000000,enabled
1782984859.275,2026-07-02 09:34:19.277,trx_rseg_history_len,282,282,0.000000,enabled
1782984860.348,2026-07-02 09:34:20.350,adaptive_hash_searches,0,0,0.000000,enabled
1782984860.348,2026-07-02 09:34:20.350,adaptive_hash_searches_btree,616975599,616975599,253179.604980,enabled
1782984860.348,2026-07-02 09:34:20.350,buffer_data_reads,1345829423616,1345829423616,552269176.256671,enabled
1782984860.348,2026-07-02 09:34:20.350,buffer_data_written,616247109632,616247109632,252880697.516237,enabled
1782984860.348,2026-07-02 09:34:20.350,buffer_pages0_read,7,7,0.002872,enabled
1782984860.348,2026-07-02 09:34:20.350,buffer_pages_created,1818251,1818251,746.130210,enabled
1782984860.348,2026-07-02 09:34:20.350,buffer_pages_read,82374639,82374639,33802.927259,enabled
1782984860.348,2026-07-02 09:34:20.350,buffer_pages_written,27370140,27370140,11231.501171,enabled
1782984860.348,2026-07-02 09:34:20.350,buffer_pool_bytes_data,12851707904,12851707904,0.000000,enabled
1782984860.348,2026-07-02 09:34:20.350,buffer_pool_bytes_dirty,4656676864,4656676864,0.000000,enabled
1782984860.348,2026-07-02 09:34:20.350,buffer_pool_pages_data,784406,784406,0.000000,enabled
1782984860.348,2026-07-02 09:34:20.350,buffer_pool_pages_dirty,284221,284221,0.000000,enabled
1782984860.348,2026-07-02 09:34:20.350,buffer_pool_pages_flushed,27313070,27313070,0.000000,enabled
1782984860.348,2026-07-02 09:34:20.350,buffer_pool_pages_free,1929,1929,0.000000,enabled
1782984860.348,2026-07-02 09:34:20.350,buffer_pool_pages_lru_flushed,0,0,0.000000,enabled
1782984860.348,2026-07-02 09:34:20.350,buffer_pool_pages_misc,96,96,0.000000,enabled
1782984860.348,2026-07-02 09:34:20.350,buffer_pool_pages_total,786432,786432,0.000000,enabled
1782984860.348,2026-07-02 09:34:20.350,buffer_pool_reads,81470581,81470581,33431.942757,enabled
1782984860.348,2026-07-02 09:34:20.350,buffer_pool_read_ahead,803715,803715,329.809279,enabled
1782984860.348,2026-07-02 09:34:20.350,buffer_pool_read_ahead_evicted,25,25,0.010259,enabled
1782984860.348,2026-07-02 09:34:20.350,buffer_pool_read_requests,2974329185,2974329185,1220533.858387,enabled
1782984860.348,2026-07-02 09:34:20.350,buffer_pool_size,12884901888,12884901888,0.000000,enabled
1782984860.348,2026-07-02 09:34:20.350,buffer_pool_wait_free,18945,18945,7.774195,enabled
1782984860.348,2026-07-02 09:34:20.350,buffer_pool_write_requests,618262241,618262241,253707.626499,enabled
1782984860.348,2026-07-02 09:34:20.350,dml_deletes,13691014,13691014,5618.188823,enabled
1782984860.348,2026-07-02 09:34:20.350,dml_inserts,113576419,113576419,46606.757423,enabled
1782984860.348,2026-07-02 09:34:20.350,dml_system_deletes,468,468,0.192047,enabled
1782984860.348,2026-07-02 09:34:20.350,dml_system_inserts,1202,1202,0.493248,enabled
1782984860.348,2026-07-02 09:34:20.350,dml_system_reads,7661,7661,3.143737,enabled
1782984860.348,2026-07-02 09:34:20.350,dml_system_updates,620,620,0.254421,enabled
1782984860.348,2026-07-02 09:34:20.350,dml_updates,27382149,27382149,11236.427288,enabled
1782984860.348,2026-07-02 09:34:20.350,file_num_open_files,35,35,0.000000,enabled
1782984860.348,2026-07-02 09:34:20.350,ibuf_merges,0,0,0.000000,enabled
1782984860.348,2026-07-02 09:34:20.350,ibuf_merges_delete,0,0,0.000000,enabled
1782984860.348,2026-07-02 09:34:20.350,ibuf_merges_delete_mark,0,0,0.000000,enabled
1782984860.348,2026-07-02 09:34:20.350,ibuf_merges_discard_delete,0,0,0.000000,enabled
1782984860.348,2026-07-02 09:34:20.350,ibuf_merges_discard_delete_mark,0,0,0.000000,enabled
1782984860.348,2026-07-02 09:34:20.350,ibuf_merges_discard_insert,0,0,0.000000,enabled
1782984860.348,2026-07-02 09:34:20.350,ibuf_merges_insert,0,0,0.000000,enabled
1782984860.348,2026-07-02 09:34:20.350,ibuf_size,1,1,0.000410,enabled
1782984860.348,2026-07-02 09:34:20.350,innodb_activity_count,18638289,18638289,7648.332599,enabled
1782984860.348,2026-07-02 09:34:20.350,innodb_dblwr_pages_written,27310652,27310652,11207.088189,enabled
1782984860.348,2026-07-02 09:34:20.350,innodb_dblwr_writes,562958,562958,231.013158,enabled
1782984860.348,2026-07-02 09:34:20.350,innodb_page_size,16384,16384,0.000000,enabled
1782984860.348,2026-07-02 09:34:20.350,innodb_rwlock_sx_os_waits,0,0,0.000000,enabled
1782984860.348,2026-07-02 09:34:20.350,innodb_rwlock_sx_spin_rounds,0,0,0.000000,enabled
1782984860.348,2026-07-02 09:34:20.350,innodb_rwlock_sx_spin_waits,0,0,0.000000,enabled
1782984860.348,2026-07-02 09:34:20.350,innodb_rwlock_s_os_waits,0,0,0.000000,enabled
1782984860.348,2026-07-02 09:34:20.350,innodb_rwlock_s_spin_rounds,0,0,0.000000,enabled
1782984860.348,2026-07-02 09:34:20.350,innodb_rwlock_s_spin_waits,0,0,0.000000,enabled
1782984860.348,2026-07-02 09:34:20.350,innodb_rwlock_x_os_waits,0,0,0.000000,enabled
1782984860.348,2026-07-02 09:34:20.350,innodb_rwlock_x_spin_rounds,0,0,0.000000,enabled
1782984860.348,2026-07-02 09:34:20.350,innodb_rwlock_x_spin_waits,0,0,0.000000,enabled
1782984860.348,2026-07-02 09:34:20.350,lock_deadlocks,0,0,0.000000,enabled
1782984860.348,2026-07-02 09:34:20.350,lock_deadlock_false_positives,0,0,0.000000,enabled
1782984860.348,2026-07-02 09:34:20.350,lock_deadlock_rounds,2674,2674,1.097292,enabled
1782984860.348,2026-07-02 09:34:20.350,lock_rec_grant_attempts,425,425,0.174401,enabled
1782984860.348,2026-07-02 09:34:20.350,lock_rec_release_attempts,41613538,41613538,17076.365719,enabled
1782984860.348,2026-07-02 09:34:20.350,lock_row_lock_current_waits,0,0,0.000000,enabled
1782984860.348,2026-07-02 09:34:20.350,lock_row_lock_time,323,323,0.132545,enabled
1782984860.348,2026-07-02 09:34:20.350,lock_row_lock_time_avg,0,0,0.000000,enabled
1782984860.348,2026-07-02 09:34:20.350,lock_row_lock_time_max,29,29,0.000000,enabled
1782984860.348,2026-07-02 09:34:20.350,lock_row_lock_waits,425,425,0.174401,enabled
1782984860.348,2026-07-02 09:34:20.350,lock_schedule_refreshes,2674,2674,1.097292,enabled
1782984860.348,2026-07-02 09:34:20.350,lock_threads_waiting,0,0,0.000000,enabled
1782984860.348,2026-07-02 09:34:20.350,lock_timeouts,0,0,0.000000,enabled
1782984860.348,2026-07-02 09:34:20.350,log_waits,0,0,0.000000,enabled
1782984860.348,2026-07-02 09:34:20.350,log_writes,208643635,208643635,85618.159274,enabled
1782984860.348,2026-07-02 09:34:20.350,log_write_requests,417447389,417447389,171302.024498,enabled
1782984860.348,2026-07-02 09:34:20.350,os_data_fsyncs,58997424,58997424,24209.945340,enabled
1782984860.348,2026-07-02 09:34:20.350,os_data_reads,82442071,82442071,33830.596322,enabled
1782984860.348,2026-07-02 09:34:20.350,os_data_writes,236831566,236831566,97185.247819,enabled
1782984860.348,2026-07-02 09:34:20.350,os_log_bytes_written,131528613376,131528613376,53973552.042975,enabled
1782984860.348,2026-07-02 09:34:20.350,os_log_fsyncs,51520433,51520433,21141.717368,enabled
1782984860.348,2026-07-02 09:34:20.350,os_log_pending_fsyncs,1,1,0.000410,enabled
1782984860.348,2026-07-02 09:34:20.350,os_log_pending_writes,0,0,0.000000,enabled
1782984860.348,2026-07-02 09:34:20.350,trx_rseg_history_len,312,312,0.000000,enabled
1782984861.421,2026-07-02 09:34:21.422,adaptive_hash_searches,0,0,0.000000,enabled
1782984861.421,2026-07-02 09:34:21.422,adaptive_hash_searches_btree,617139975,617139975,253135.900318,enabled
1782984861.421,2026-07-02 09:34:21.422,buffer_data_reads,1346744715776,1346744715776,552402198.443405,enabled
1782984861.421,2026-07-02 09:34:21.422,buffer_data_written,616605048320,616605048320,252916517.890880,enabled
1782984861.421,2026-07-02 09:34:21.422,buffer_pages0_read,7,7,0.002871,enabled
1782984861.421,2026-07-02 09:34:21.422,buffer_pages_created,1818285,1818285,745.816655,enabled
1782984861.421,2026-07-02 09:34:21.422,buffer_pages_read,82430679,82430679,33811.076322,enabled
1782984861.421,2026-07-02 09:34:21.422,buffer_pages_written,27388991,27388991,11234.303528,enabled
1782984861.421,2026-07-02 09:34:21.422,buffer_pool_bytes_data,12848381952,12848381952,0.000000,enabled
1782984861.421,2026-07-02 09:34:21.422,buffer_pool_bytes_dirty,4613160960,4613160960,0.000000,enabled
1782984861.421,2026-07-02 09:34:21.422,buffer_pool_pages_data,784203,784203,0.000000,enabled
1782984861.421,2026-07-02 09:34:21.422,buffer_pool_pages_dirty,281566,281566,0.000000,enabled
1782984861.421,2026-07-02 09:34:21.422,buffer_pool_pages_flushed,27328900,27328900,0.000000,enabled
1782984861.421,2026-07-02 09:34:21.422,buffer_pool_pages_free,2133,2133,0.000000,enabled
1782984861.421,2026-07-02 09:34:21.422,buffer_pool_pages_lru_flushed,0,0,0.000000,enabled
1782984861.421,2026-07-02 09:34:21.422,buffer_pool_pages_misc,97,97,0.000000,enabled
1782984861.421,2026-07-02 09:34:21.422,buffer_pool_pages_total,786432,786432,0.000000,enabled
1782984861.421,2026-07-02 09:34:21.422,buffer_pool_reads,81526573,81526573,33440.234891,enabled
1782984861.421,2026-07-02 09:34:21.422,buffer_pool_read_ahead,803715,803715,329.664515,enabled
1782984861.421,2026-07-02 09:34:21.422,buffer_pool_read_ahead_evicted,25,25,0.010254,enabled
1782984861.421,2026-07-02 09:34:21.422,buffer_pool_read_requests,2975143890,2975143890,1220332.296562,enabled
1782984861.421,2026-07-02 09:34:21.422,buffer_pool_size,12884901888,12884901888,0.000000,enabled
1782984861.421,2026-07-02 09:34:21.422,buffer_pool_wait_free,18945,18945,7.770782,enabled
1782984861.421,2026-07-02 09:34:21.422,buffer_pool_write_requests,618373129,618373129,253641.749058,enabled
1782984861.421,2026-07-02 09:34:21.422,dml_deletes,13695760,13695760,5617.669539,enabled
1782984861.421,2026-07-02 09:34:21.422,dml_inserts,113581168,113581168,46588.248369,enabled
1782984861.421,2026-07-02 09:34:21.422,dml_system_deletes,468,468,0.191962,enabled
1782984861.421,2026-07-02 09:34:21.422,dml_system_inserts,1202,1202,0.493031,enabled
1782984861.421,2026-07-02 09:34:21.422,dml_system_reads,7661,7661,3.142357,enabled
1782984861.421,2026-07-02 09:34:21.422,dml_system_updates,620,620,0.254309,enabled
1782984861.421,2026-07-02 09:34:21.422,dml_updates,27391644,27391644,11235.389930,enabled
1782984861.421,2026-07-02 09:34:21.422,file_num_open_files,35,35,0.000000,enabled
1782984861.421,2026-07-02 09:34:21.422,ibuf_merges,0,0,0.000000,enabled
1782984861.421,2026-07-02 09:34:21.422,ibuf_merges_delete,0,0,0.000000,enabled
1782984861.421,2026-07-02 09:34:21.422,ibuf_merges_delete_mark,0,0,0.000000,enabled
1782984861.421,2026-07-02 09:34:21.422,ibuf_merges_discard_delete,0,0,0.000000,enabled
1782984861.421,2026-07-02 09:34:21.422,ibuf_merges_discard_delete_mark,0,0,0.000000,enabled
1782984861.421,2026-07-02 09:34:21.422,ibuf_merges_discard_insert,0,0,0.000000,enabled
1782984861.421,2026-07-02 09:34:21.422,ibuf_merges_insert,0,0,0.000000,enabled
1782984861.421,2026-07-02 09:34:21.422,ibuf_size,1,1,0.000410,enabled
1782984861.421,2026-07-02 09:34:21.422,innodb_activity_count,18643750,18643750,7647.215506,enabled
1782984861.421,2026-07-02 09:34:21.422,innodb_dblwr_pages_written,27328950,27328950,11209.674491,enabled
1782984861.421,2026-07-02 09:34:21.422,innodb_dblwr_writes,563360,563360,231.076650,enabled
1782984861.421,2026-07-02 09:34:21.422,innodb_page_size,16384,16384,0.000000,enabled
1782984861.421,2026-07-02 09:34:21.422,innodb_rwlock_sx_os_waits,0,0,0.000000,enabled
1782984861.421,2026-07-02 09:34:21.422,innodb_rwlock_sx_spin_rounds,0,0,0.000000,enabled
1782984861.421,2026-07-02 09:34:21.422,innodb_rwlock_sx_spin_waits,0,0,0.000000,enabled
1782984861.421,2026-07-02 09:34:21.422,innodb_rwlock_s_os_waits,0,0,0.000000,enabled
1782984861.421,2026-07-02 09:34:21.422,innodb_rwlock_s_spin_rounds,0,0,0.000000,enabled
1782984861.421,2026-07-02 09:34:21.422,innodb_rwlock_s_spin_waits,0,0,0.000000,enabled
1782984861.421,2026-07-02 09:34:21.422,innodb_rwlock_x_os_waits,0,0,0.000000,enabled
1782984861.421,2026-07-02 09:34:21.422,innodb_rwlock_x_spin_rounds,0,0,0.000000,enabled
1782984861.421,2026-07-02 09:34:21.422,innodb_rwlock_x_spin_waits,0,0,0.000000,enabled
1782984861.421,2026-07-02 09:34:21.422,lock_deadlocks,0,0,0.000000,enabled
1782984861.421,2026-07-02 09:34:21.422,lock_deadlock_false_positives,0,0,0.000000,enabled
1782984861.421,2026-07-02 09:34:21.422,lock_deadlock_rounds,2675,2675,1.097221,enabled
1782984861.421,2026-07-02 09:34:21.422,lock_rec_grant_attempts,425,425,0.174325,enabled
1782984861.421,2026-07-02 09:34:21.422,lock_rec_release_attempts,41627992,41627992,17074.798998,enabled
1782984861.421,2026-07-02 09:34:21.422,lock_row_lock_current_waits,0,0,0.000000,enabled
1782984861.421,2026-07-02 09:34:21.422,lock_row_lock_time,323,323,0.132487,enabled
1782984861.421,2026-07-02 09:34:21.422,lock_row_lock_time_avg,0,0,0.000000,enabled
1782984861.421,2026-07-02 09:34:21.422,lock_row_lock_time_max,29,29,0.000000,enabled
1782984861.421,2026-07-02 09:34:21.422,lock_row_lock_waits,425,425,0.174325,enabled
1782984861.421,2026-07-02 09:34:21.422,lock_schedule_refreshes,2675,2675,1.097221,enabled
1782984861.421,2026-07-02 09:34:21.422,lock_threads_waiting,0,0,0.000000,enabled
1782984861.421,2026-07-02 09:34:21.422,lock_timeouts,0,0,0.000000,enabled
1782984861.421,2026-07-02 09:34:21.422,log_waits,0,0,0.000000,enabled
1782984861.421,2026-07-02 09:34:21.422,log_writes,208721254,208721254,85612.415927,enabled
1782984861.421,2026-07-02 09:34:21.422,log_write_requests,417528116,417528116,171259.946325,enabled
1782984861.421,2026-07-02 09:34:21.422,os_data_fsyncs,59030042,59030042,24212.697980,enabled
1782984861.421,2026-07-02 09:34:21.422,os_data_reads,82497947,82497947,33838.666046,enabled
1782984861.421,2026-07-02 09:34:21.422,os_data_writes,236928394,236928394,97182.306793,enabled
1782984861.421,2026-07-02 09:34:21.422,os_log_bytes_written,131569242624,131569242624,53966526.558779,enabled
1782984861.421,2026-07-02 09:34:21.422,os_log_fsyncs,51547818,51547818,21143.670292,enabled
1782984861.421,2026-07-02 09:34:21.422,os_log_pending_fsyncs,1,1,0.000410,enabled
1782984861.421,2026-07-02 09:34:21.422,os_log_pending_writes,0,0,0.000000,enabled
1782984861.421,2026-07-02 09:34:21.422,trx_rseg_history_len,263,263,0.000000,enabled
1782984862.490,2026-07-02 09:34:22.492,adaptive_hash_searches,0,0,0.000000,enabled
1782984862.490,2026-07-02 09:34:22.492,adaptive_hash_searches_btree,617309202,617309202,253094.037270,enabled
1782984862.490,2026-07-02 09:34:22.492,buffer_data_reads,1347682241024,1347682241024,552543816.958289,enabled
1782984862.490,2026-07-02 09:34:22.492,buffer_data_written,616925907968,616925907968,252936920.398060,enabled
1782984862.490,2026-07-02 09:34:22.492,buffer_pages0_read,7,7,0.002870,enabled
1782984862.490,2026-07-02 09:34:22.492,buffer_pages_created,1818319,1818319,745.502834,enabled
1782984862.490,2026-07-02 09:34:22.492,buffer_pages_read,82488080,82488080,33819.751631,enabled
1782984862.490,2026-07-02 09:34:22.492,buffer_pages_written,27405800,27405800,11236.258045,enabled
1782984862.490,2026-07-02 09:34:22.492,buffer_pool_bytes_data,12855574528,12855574528,0.000000,enabled
1782984862.490,2026-07-02 09:34:22.492,buffer_pool_bytes_dirty,4607950848,4607950848,0.000000,enabled
1782984862.490,2026-07-02 09:34:22.492,buffer_pool_pages_data,784642,784642,0.000000,enabled
1782984862.490,2026-07-02 09:34:22.492,buffer_pool_pages_dirty,281247,281247,0.000000,enabled
1782984862.490,2026-07-02 09:34:22.492,buffer_pool_pages_flushed,27348730,27348730,0.000000,enabled
1782984862.490,2026-07-02 09:34:22.492,buffer_pool_pages_free,1693,1693,0.000000,enabled
1782984862.490,2026-07-02 09:34:22.492,buffer_pool_pages_lru_flushed,0,0,0.000000,enabled
1782984862.490,2026-07-02 09:34:22.492,buffer_pool_pages_misc,96,96,0.000000,enabled
1782984862.490,2026-07-02 09:34:22.492,buffer_pool_pages_total,786432,786432,0.000000,enabled
1782984862.490,2026-07-02 09:34:22.492,buffer_pool_reads,81583912,81583912,33449.047821,enabled
1782984862.490,2026-07-02 09:34:22.492,buffer_pool_read_ahead,803715,803715,329.519639,enabled
1782984862.490,2026-07-02 09:34:22.492,buffer_pool_read_ahead_evicted,25,25,0.010250,enabled
1782984862.490,2026-07-02 09:34:22.492,buffer_pool_read_requests,2975982267,2975982267,1220139.734296,enabled
1782984862.490,2026-07-02 09:34:22.492,buffer_pool_size,12884901888,12884901888,0.000000,enabled
1782984862.490,2026-07-02 09:34:22.492,buffer_pool_wait_free,18945,18945,7.767367,enabled
1782984862.490,2026-07-02 09:34:22.492,buffer_pool_write_requests,618487160,618487160,253577.034697,enabled
1782984862.490,2026-07-02 09:34:22.492,dml_deletes,13700648,13700648,5617.204787,enabled
1782984862.490,2026-07-02 09:34:22.492,dml_inserts,113586055,113586055,46569.777764,enabled
1782984862.490,2026-07-02 09:34:22.492,dml_system_deletes,468,468,0.191878,enabled
1782984862.490,2026-07-02 09:34:22.492,dml_system_inserts,1202,1202,0.492815,enabled
1782984862.490,2026-07-02 09:34:22.492,dml_system_reads,7661,7661,3.140976,enabled
1782984862.490,2026-07-02 09:34:22.492,dml_system_updates,620,620,0.254197,enabled
1782984862.490,2026-07-02 09:34:22.492,dml_updates,27401415,27401415,11234.458352,enabled
1782984862.490,2026-07-02 09:34:22.492,file_num_open_files,35,35,0.000000,enabled
1782984862.490,2026-07-02 09:34:22.492,ibuf_merges,0,0,0.000000,enabled
1782984862.490,2026-07-02 09:34:22.492,ibuf_merges_delete,0,0,0.000000,enabled
1782984862.490,2026-07-02 09:34:22.492,ibuf_merges_delete_mark,0,0,0.000000,enabled
1782984862.490,2026-07-02 09:34:22.492,ibuf_merges_discard_delete,0,0,0.000000,enabled
1782984862.490,2026-07-02 09:34:22.492,ibuf_merges_discard_delete_mark,0,0,0.000000,enabled
1782984862.490,2026-07-02 09:34:22.492,ibuf_merges_discard_insert,0,0,0.000000,enabled
1782984862.490,2026-07-02 09:34:22.492,ibuf_merges_insert,0,0,0.000000,enabled
1782984862.490,2026-07-02 09:34:22.492,ibuf_size,1,1,0.000410,enabled
1782984862.490,2026-07-02 09:34:22.492,innodb_activity_count,18649361,18649361,7646.155259,enabled
1782984862.490,2026-07-02 09:34:22.492,innodb_dblwr_pages_written,27346312,27346312,11211.866497,enabled
1782984862.490,2026-07-02 09:34:22.492,innodb_dblwr_writes,563699,563699,231.114087,enabled
1782984862.490,2026-07-02 09:34:22.492,innodb_page_size,16384,16384,0.000000,enabled
1782984862.490,2026-07-02 09:34:22.492,innodb_rwlock_sx_os_waits,0,0,0.000000,enabled
1782984862.490,2026-07-02 09:34:22.492,innodb_rwlock_sx_spin_rounds,0,0,0.000000,enabled
1782984862.490,2026-07-02 09:34:22.492,innodb_rwlock_sx_spin_waits,0,0,0.000000,enabled
1782984862.490,2026-07-02 09:34:22.492,innodb_rwlock_s_os_waits,0,0,0.000000,enabled
1782984862.490,2026-07-02 09:34:22.492,innodb_rwlock_s_spin_rounds,0,0,0.000000,enabled
1782984862.490,2026-07-02 09:34:22.492,innodb_rwlock_s_spin_waits,0,0,0.000000,enabled
1782984862.490,2026-07-02 09:34:22.492,innodb_rwlock_x_os_waits,0,0,0.000000,enabled
1782984862.490,2026-07-02 09:34:22.492,innodb_rwlock_x_spin_rounds,0,0,0.000000,enabled
1782984862.490,2026-07-02 09:34:22.492,innodb_rwlock_x_spin_waits,0,0,0.000000,enabled
1782984862.490,2026-07-02 09:34:22.492,lock_deadlocks,0,0,0.000000,enabled
1782984862.490,2026-07-02 09:34:22.492,lock_deadlock_false_positives,0,0,0.000000,enabled
1782984862.490,2026-07-02 09:34:22.492,lock_deadlock_rounds,2676,2676,1.097148,enabled
1782984862.490,2026-07-02 09:34:22.492,lock_rec_grant_attempts,425,425,0.174248,enabled
1782984862.490,2026-07-02 09:34:22.492,lock_rec_release_attempts,41642845,41642845,17073.384885,enabled
1782984862.490,2026-07-02 09:34:22.492,lock_row_lock_current_waits,0,0,0.000000,enabled
1782984862.490,2026-07-02 09:34:22.492,lock_row_lock_time,323,323,0.132429,enabled
1782984862.490,2026-07-02 09:34:22.492,lock_row_lock_time_avg,0,0,0.000000,enabled
1782984862.490,2026-07-02 09:34:22.492,lock_row_lock_time_max,29,29,0.000000,enabled
1782984862.490,2026-07-02 09:34:22.492,lock_row_lock_waits,425,425,0.174248,enabled
1782984862.490,2026-07-02 09:34:22.492,lock_schedule_refreshes,2676,2676,1.097148,enabled
1782984862.490,2026-07-02 09:34:22.492,lock_threads_waiting,0,0,0.000000,enabled
1782984862.490,2026-07-02 09:34:22.492,lock_timeouts,0,0,0.000000,enabled
1782984862.490,2026-07-02 09:34:22.492,log_waits,0,0,0.000000,enabled
1782984862.490,2026-07-02 09:34:22.492,log_writes,208801827,208801827,85607.826991,enabled
1782984862.490,2026-07-02 09:34:22.492,log_write_requests,417611238,417611238,171218.763486,enabled
1782984862.490,2026-07-02 09:34:22.492,os_data_fsyncs,59063752,59063752,24215.878207,enabled
1782984862.490,2026-07-02 09:34:22.492,os_data_reads,82555180,82555180,33847.260275,enabled
1782984862.490,2026-07-02 09:34:22.492,os_data_writes,237025995,237025995,97179.614166,enabled
1782984862.490,2026-07-02 09:34:22.492,os_log_bytes_written,131611319808,131611319808,53960061.412255,enabled
1782984862.490,2026-07-02 09:34:22.492,os_log_fsyncs,51576669,51576669,21146.207096,enabled
1782984862.490,2026-07-02 09:34:22.492,os_log_pending_fsyncs,0,0,0.000000,enabled
1782984862.490,2026-07-02 09:34:22.492,os_log_pending_writes,0,0,0.000000,enabled
1782984862.490,2026-07-02 09:34:22.492,trx_rseg_history_len,317,317,0.000000,enabled
1782984863.562,2026-07-02 09:34:23.564,adaptive_hash_searches,0,0,0.000000,enabled
1782984863.562,2026-07-02 09:34:23.564,adaptive_hash_searches_btree,617478657,617478657,253052.756729,enabled
1782984863.562,2026-07-02 09:34:23.564,buffer_data_reads,1348623452672,1348623452672,552687806.876254,enabled
1782984863.562,2026-07-02 09:34:23.564,buffer_data_written,617237941248,617237941248,252954138.638008,enabled
1782984863.562,2026-07-02 09:34:23.564,buffer_pages0_read,7,7,0.002869,enabled
1782984863.562,2026-07-02 09:34:23.564,buffer_pages_created,1818357,1818357,745.192254,enabled
1782984863.562,2026-07-02 09:34:23.564,buffer_pages_read,82545680,82545680,33828.561148,enabled
1782984863.562,2026-07-02 09:34:23.564,buffer_pages_written,27421991,27421991,11237.977593,enabled
1782984863.562,2026-07-02 09:34:23.564,buffer_pool_bytes_data,12855640064,12855640064,0.000000,enabled
1782984863.562,2026-07-02 09:34:23.564,buffer_pool_bytes_dirty,4615176192,4615176192,0.000000,enabled
1782984863.562,2026-07-02 09:34:23.564,buffer_pool_pages_data,784646,784646,0.000000,enabled
1782984863.562,2026-07-02 09:34:23.564,buffer_pool_pages_dirty,281689,281689,0.000000,enabled
1782984863.562,2026-07-02 09:34:23.564,buffer_pool_pages_flushed,27364902,27364902,0.000000,enabled
1782984863.562,2026-07-02 09:34:23.564,buffer_pool_pages_free,1691,1691,0.000000,enabled
1782984863.562,2026-07-02 09:34:23.564,buffer_pool_pages_lru_flushed,0,0,0.000000,enabled
1782984863.562,2026-07-02 09:34:23.564,buffer_pool_pages_misc,96,96,0.000000,enabled
1782984863.562,2026-07-02 09:34:23.564,buffer_pool_pages_total,786432,786432,0.000000,enabled
1782984863.562,2026-07-02 09:34:23.564,buffer_pool_reads,81641463,81641463,33457.999398,enabled
1782984863.562,2026-07-02 09:34:23.564,buffer_pool_read_ahead,803715,803715,329.375476,enabled
1782984863.562,2026-07-02 09:34:23.564,buffer_pool_read_ahead_evicted,25,25,0.010245,enabled
1782984863.562,2026-07-02 09:34:23.564,buffer_pool_read_requests,2976821873,2976821873,1219950.014718,enabled
1782984863.562,2026-07-02 09:34:23.564,buffer_pool_size,12884901888,12884901888,0.000000,enabled
1782984863.562,2026-07-02 09:34:23.564,buffer_pool_wait_free,18945,18945,7.763969,enabled
1782984863.562,2026-07-02 09:34:23.564,buffer_pool_write_requests,618601098,618601098,253512.789927,enabled
1782984863.562,2026-07-02 09:34:23.564,dml_deletes,13705541,13705541,5616.752540,enabled
1782984863.562,2026-07-02 09:34:23.564,dml_inserts,113590949,113590949,46551.409531,enabled
1782984863.562,2026-07-02 09:34:23.564,dml_system_deletes,468,468,0.191794,enabled
1782984863.562,2026-07-02 09:34:23.564,dml_system_inserts,1202,1202,0.492599,enabled
1782984863.562,2026-07-02 09:34:23.564,dml_system_reads,7661,7661,3.139602,enabled
1782984863.562,2026-07-02 09:34:23.564,dml_system_updates,620,620,0.254086,enabled
1782984863.562,2026-07-02 09:34:23.564,dml_updates,27411209,27411209,11233.557119,enabled
1782984863.562,2026-07-02 09:34:23.564,file_num_open_files,35,35,0.000000,enabled
1782984863.562,2026-07-02 09:34:23.564,ibuf_merges,0,0,0.000000,enabled
1782984863.562,2026-07-02 09:34:23.564,ibuf_merges_delete,0,0,0.000000,enabled
1782984863.562,2026-07-02 09:34:23.564,ibuf_merges_delete_mark,0,0,0.000000,enabled
1782984863.562,2026-07-02 09:34:23.564,ibuf_merges_discard_delete,0,0,0.000000,enabled
1782984863.562,2026-07-02 09:34:23.564,ibuf_merges_discard_delete_mark,0,0,0.000000,enabled
1782984863.562,2026-07-02 09:34:23.564,ibuf_merges_discard_insert,0,0,0.000000,enabled
1782984863.562,2026-07-02 09:34:23.564,ibuf_merges_insert,0,0,0.000000,enabled
1782984863.562,2026-07-02 09:34:23.564,ibuf_size,1,1,0.000410,enabled
1782984863.562,2026-07-02 09:34:23.564,innodb_activity_count,18654986,18654986,7645.115383,enabled
1782984863.562,2026-07-02 09:34:23.564,innodb_dblwr_pages_written,27362484,27362484,11213.589007,enabled
1782984863.562,2026-07-02 09:34:23.564,innodb_dblwr_writes,564034,564034,231.150266,enabled
1782984863.562,2026-07-02 09:34:23.564,innodb_page_size,16384,16384,0.000000,enabled
1782984863.562,2026-07-02 09:34:23.564,innodb_rwlock_sx_os_waits,0,0,0.000000,enabled
1782984863.562,2026-07-02 09:34:23.564,innodb_rwlock_sx_spin_rounds,0,0,0.000000,enabled
1782984863.562,2026-07-02 09:34:23.564,innodb_rwlock_sx_spin_waits,0,0,0.000000,enabled
1782984863.562,2026-07-02 09:34:23.564,innodb_rwlock_s_os_waits,0,0,0.000000,enabled
1782984863.562,2026-07-02 09:34:23.564,innodb_rwlock_s_spin_rounds,0,0,0.000000,enabled
1782984863.562,2026-07-02 09:34:23.564,innodb_rwlock_s_spin_waits,0,0,0.000000,enabled
1782984863.562,2026-07-02 09:34:23.564,innodb_rwlock_x_os_waits,0,0,0.000000,enabled
1782984863.562,2026-07-02 09:34:23.564,innodb_rwlock_x_spin_rounds,0,0,0.000000,enabled
1782984863.562,2026-07-02 09:34:23.564,innodb_rwlock_x_spin_waits,0,0,0.000000,enabled
1782984863.562,2026-07-02 09:34:23.564,lock_deadlocks,0,0,0.000000,enabled
1782984863.562,2026-07-02 09:34:23.564,lock_deadlock_false_positives,0,0,0.000000,enabled
1782984863.562,2026-07-02 09:34:23.564,lock_deadlock_rounds,2677,2677,1.097078,enabled
1782984863.562,2026-07-02 09:34:23.564,lock_rec_grant_attempts,425,425,0.174172,enabled
1782984863.562,2026-07-02 09:34:23.564,lock_rec_release_attempts,41657743,41657743,17072.020818,enabled
1782984863.562,2026-07-02 09:34:23.564,lock_row_lock_current_waits,0,0,0.000000,enabled
1782984863.562,2026-07-02 09:34:23.564,lock_row_lock_time,323,323,0.132371,enabled
1782984863.562,2026-07-02 09:34:23.564,lock_row_lock_time_avg,0,0,0.000000,enabled
1782984863.562,2026-07-02 09:34:23.564,lock_row_lock_time_max,29,29,0.000000,enabled
1782984863.562,2026-07-02 09:34:23.564,lock_row_lock_waits,425,425,0.174172,enabled
1782984863.562,2026-07-02 09:34:23.564,lock_schedule_refreshes,2677,2677,1.097078,enabled
1782984863.562,2026-07-02 09:34:23.564,lock_threads_waiting,0,0,0.000000,enabled
1782984863.562,2026-07-02 09:34:23.564,lock_timeouts,0,0,0.000000,enabled
1782984863.562,2026-07-02 09:34:23.564,log_waits,0,0,0.000000,enabled
1782984863.562,2026-07-02 09:34:23.564,log_writes,208879917,208879917,85602.376521,enabled
1782984863.562,2026-07-02 09:34:23.564,log_write_requests,417694411,417694411,171177.941767,enabled
1782984863.562,2026-07-02 09:34:23.564,os_data_fsyncs,59097213,59097213,24218.996818,enabled
1782984863.562,2026-07-02 09:34:23.564,os_data_reads,82612635,82612635,33855.998370,enabled
1782984863.562,2026-07-02 09:34:23.564,os_data_writes,237120571,237120571,97175.857668,enabled
1782984863.562,2026-07-02 09:34:23.564,os_log_bytes_written,131651955712,131651955712,53953107.571346,enabled
1782984863.562,2026-07-02 09:34:23.564,os_log_fsyncs,51605349,51605349,21148.709327,enabled
1782984863.562,2026-07-02 09:34:23.564,os_log_pending_fsyncs,1,1,0.000410,enabled
1782984863.562,2026-07-02 09:34:23.564,os_log_pending_writes,0,0,0.000000,enabled
1782984863.562,2026-07-02 09:34:23.564,trx_rseg_history_len,383,383,0.000000,enabled
1782984864.630,2026-07-02 09:34:24.632,adaptive_hash_searches,0,0,0.000000,enabled
1782984864.630,2026-07-02 09:34:24.632,adaptive_hash_searches_btree,617647612,617647612,253010.814204,enabled
1782984864.630,2026-07-02 09:34:24.632,buffer_data_reads,1349557881344,1349557881344,552827805.630236,enabled
1782984864.630,2026-07-02 09:34:24.632,buffer_data_written,617551930880,617551930880,252971645.985500,enabled
1782984864.630,2026-07-02 09:34:24.632,buffer_pages0_read,7,7,0.002867,enabled
1782984864.630,2026-07-02 09:34:24.632,buffer_pages_created,1818390,1818390,744.878434,enabled
1782984864.630,2026-07-02 09:34:24.632,buffer_pages_read,82602882,82602882,33837.133406,enabled
1782984864.630,2026-07-02 09:34:24.632,buffer_pages_written,27438327,27438327,11239.732942,enabled
1782984864.630,2026-07-02 09:34:24.632,buffer_pool_bytes_data,12854214656,12854214656,0.000000,enabled
1782984864.630,2026-07-02 09:34:24.632,buffer_pool_bytes_dirty,4617961472,4617961472,0.000000,enabled
1782984864.630,2026-07-02 09:34:24.632,buffer_pool_pages_data,784559,784559,0.000000,enabled
1782984864.630,2026-07-02 09:34:24.632,buffer_pool_pages_dirty,281858,281858,0.000000,enabled
1782984864.630,2026-07-02 09:34:24.632,buffer_pool_pages_flushed,27381257,27381257,0.000000,enabled
1782984864.630,2026-07-02 09:34:24.632,buffer_pool_pages_free,1775,1775,0.000000,enabled
1782984864.630,2026-07-02 09:34:24.632,buffer_pool_pages_lru_flushed,0,0,0.000000,enabled
1782984864.630,2026-07-02 09:34:24.632,buffer_pool_pages_misc,96,96,0.000000,enabled
1782984864.630,2026-07-02 09:34:24.632,buffer_pool_pages_total,786432,786432,0.000000,enabled
1782984864.630,2026-07-02 09:34:24.632,buffer_pool_reads,81698603,81698603,33466.708975,enabled
1782984864.630,2026-07-02 09:34:24.632,buffer_pool_read_ahead,803715,803715,329.230792,enabled
1782984864.630,2026-07-02 09:34:24.632,buffer_pool_read_ahead_evicted,25,25,0.010241,enabled
1782984864.630,2026-07-02 09:34:24.632,buffer_pool_read_requests,2977659046,2977659046,1219757.065789,enabled
1782984864.630,2026-07-02 09:34:24.632,buffer_pool_size,12884901888,12884901888,0.000000,enabled
1782984864.630,2026-07-02 09:34:24.632,buffer_pool_wait_free,18945,18945,7.760559,enabled
1782984864.630,2026-07-02 09:34:24.632,buffer_pool_write_requests,618714722,618714722,253447.974285,enabled
1782984864.630,2026-07-02 09:34:24.632,dml_deletes,13710425,13710425,5616.286117,enabled
1782984864.630,2026-07-02 09:34:24.632,dml_inserts,113595832,113595832,46532.962672,enabled
1782984864.630,2026-07-02 09:34:24.632,dml_system_deletes,468,468,0.191710,enabled
1782984864.630,2026-07-02 09:34:24.632,dml_system_inserts,1202,1202,0.492383,enabled
1782984864.630,2026-07-02 09:34:24.632,dml_system_reads,7661,7661,3.138223,enabled
1782984864.630,2026-07-02 09:34:24.632,dml_system_updates,620,620,0.253974,enabled
1782984864.630,2026-07-02 09:34:24.632,dml_updates,27420968,27420968,11232.620561,enabled
1782984864.630,2026-07-02 09:34:24.632,file_num_open_files,35,35,0.000000,enabled
1782984864.630,2026-07-02 09:34:24.632,ibuf_merges,0,0,0.000000,enabled
1782984864.630,2026-07-02 09:34:24.632,ibuf_merges_delete,0,0,0.000000,enabled
1782984864.630,2026-07-02 09:34:24.632,ibuf_merges_delete_mark,0,0,0.000000,enabled
1782984864.630,2026-07-02 09:34:24.632,ibuf_merges_discard_delete,0,0,0.000000,enabled
1782984864.630,2026-07-02 09:34:24.632,ibuf_merges_discard_delete_mark,0,0,0.000000,enabled
1782984864.630,2026-07-02 09:34:24.632,ibuf_merges_discard_insert,0,0,0.000000,enabled
1782984864.630,2026-07-02 09:34:24.632,ibuf_merges_insert,0,0,0.000000,enabled
1782984864.630,2026-07-02 09:34:24.632,ibuf_size,1,1,0.000410,enabled
1782984864.630,2026-07-02 09:34:24.632,innodb_activity_count,18660592,18660592,7644.053719,enabled
1782984864.630,2026-07-02 09:34:24.632,innodb_dblwr_pages_written,27378839,27378839,11215.363099,enabled
1782984864.630,2026-07-02 09:34:24.632,innodb_dblwr_writes,564417,564417,231.205626,enabled
1782984864.630,2026-07-02 09:34:24.632,innodb_page_size,16384,16384,0.000000,enabled
1782984864.630,2026-07-02 09:34:24.632,innodb_rwlock_sx_os_waits,0,0,0.000000,enabled
1782984864.630,2026-07-02 09:34:24.632,innodb_rwlock_sx_spin_rounds,0,0,0.000000,enabled
1782984864.630,2026-07-02 09:34:24.632,innodb_rwlock_sx_spin_waits,0,0,0.000000,enabled
1782984864.630,2026-07-02 09:34:24.632,innodb_rwlock_s_os_waits,0,0,0.000000,enabled
1782984864.630,2026-07-02 09:34:24.632,innodb_rwlock_s_spin_rounds,0,0,0.000000,enabled
1782984864.630,2026-07-02 09:34:24.632,innodb_rwlock_s_spin_waits,0,0,0.000000,enabled
1782984864.630,2026-07-02 09:34:24.632,innodb_rwlock_x_os_waits,0,0,0.000000,enabled
1782984864.630,2026-07-02 09:34:24.632,innodb_rwlock_x_spin_rounds,0,0,0.000000,enabled
1782984864.630,2026-07-02 09:34:24.632,innodb_rwlock_x_spin_waits,0,0,0.000000,enabled
1782984864.630,2026-07-02 09:34:24.632,lock_deadlocks,0,0,0.000000,enabled
1782984864.630,2026-07-02 09:34:24.632,lock_deadlock_false_positives,0,0,0.000000,enabled
1782984864.630,2026-07-02 09:34:24.632,lock_deadlock_rounds,2678,2678,1.097006,enabled
1782984864.630,2026-07-02 09:34:24.632,lock_rec_grant_attempts,425,425,0.174095,enabled
1782984864.630,2026-07-02 09:34:24.632,lock_rec_release_attempts,41672582,41672582,17070.600203,enabled
1782984864.630,2026-07-02 09:34:24.632,lock_row_lock_current_waits,0,0,0.000000,enabled
1782984864.630,2026-07-02 09:34:24.632,lock_row_lock_time,323,323,0.132313,enabled
1782984864.630,2026-07-02 09:34:24.632,lock_row_lock_time_avg,0,0,0.000000,enabled
1782984864.630,2026-07-02 09:34:24.632,lock_row_lock_time_max,29,29,0.000000,enabled
1782984864.630,2026-07-02 09:34:24.632,lock_row_lock_waits,425,425,0.174095,enabled
1782984864.630,2026-07-02 09:34:24.632,lock_schedule_refreshes,2678,2678,1.097006,enabled
1782984864.630,2026-07-02 09:34:24.632,lock_threads_waiting,0,0,0.000000,enabled
1782984864.630,2026-07-02 09:34:24.632,lock_timeouts,0,0,0.000000,enabled
1782984864.630,2026-07-02 09:34:24.632,log_waits,0,0,0.000000,enabled
1782984864.630,2026-07-02 09:34:24.632,log_writes,208957371,208957371,85596.503652,enabled
1782984864.630,2026-07-02 09:34:24.632,log_write_requests,417777452,417777452,171136.768460,enabled
1782984864.630,2026-07-02 09:34:24.632,os_data_fsyncs,59130777,59130777,24222.107468,enabled
1782984864.630,2026-07-02 09:34:24.632,os_data_reads,82669652,82669652,33864.483079,enabled
1782984864.630,2026-07-02 09:34:24.632,os_data_writes,237214659,237214659,97171.714254,enabled
1782984864.630,2026-07-02 09:34:24.632,os_log_bytes_written,131692449280,131692449280,53945995.909854,enabled
1782984864.630,2026-07-02 09:34:24.632,os_log_fsyncs,51633737,51633737,21151.048357,enabled
1782984864.630,2026-07-02 09:34:24.632,os_log_pending_fsyncs,1,1,0.000410,enabled
1782984864.630,2026-07-02 09:34:24.632,os_log_pending_writes,0,0,0.000000,enabled
1782984864.630,2026-07-02 09:34:24.632,trx_rseg_history_len,399,399,0.000000,enabled
1782984865.702,2026-07-02 09:34:25.704,adaptive_hash_searches,0,0,0.000000,enabled
1782984865.702,2026-07-02 09:34:25.704,adaptive_hash_searches_btree,617814915,617814915,252968.281706,enabled
1782984865.702,2026-07-02 09:34:25.704,buffer_data_reads,1350487951872,1350487951872,552966015.271811,enabled
1782984865.702,2026-07-02 09:34:25.704,buffer_data_written,617865529856,617865529856,252989032.087843,enabled
1782984865.702,2026-07-02 09:34:25.704,buffer_pages0_read,7,7,0.002866,enabled
1782984865.702,2026-07-02 09:34:25.704,buffer_pages_created,1818428,1818428,744.567096,enabled
1782984865.702,2026-07-02 09:34:25.704,buffer_pages_read,82659810,82659810,33845.593194,enabled
1782984865.702,2026-07-02 09:34:25.704,buffer_pages_written,27454580,27454580,11241.455175,enabled
1782984865.702,2026-07-02 09:34:25.704,buffer_pool_bytes_data,12850692096,12850692096,0.000000,enabled
1782984865.702,2026-07-02 09:34:25.704,buffer_pool_bytes_dirty,4619354112,4619354112,0.000000,enabled
1782984865.702,2026-07-02 09:34:25.704,buffer_pool_pages_data,784344,784344,0.000000,enabled
1782984865.702,2026-07-02 09:34:25.704,buffer_pool_pages_dirty,281943,281943,0.000000,enabled
1782984865.702,2026-07-02 09:34:25.704,buffer_pool_pages_flushed,27397510,27397510,0.000000,enabled
1782984865.702,2026-07-02 09:34:25.704,buffer_pool_pages_free,1992,1992,0.000000,enabled
1782984865.702,2026-07-02 09:34:25.704,buffer_pool_pages_lru_flushed,0,0,0.000000,enabled
1782984865.702,2026-07-02 09:34:25.704,buffer_pool_pages_misc,96,96,0.000000,enabled
1782984865.702,2026-07-02 09:34:25.704,buffer_pool_pages_total,786432,786432,0.000000,enabled
1782984865.702,2026-07-02 09:34:25.704,buffer_pool_reads,81755484,81755484,33475.312160,enabled
1782984865.702,2026-07-02 09:34:25.704,buffer_pool_read_ahead,803715,803715,329.086306,enabled
1782984865.702,2026-07-02 09:34:25.704,buffer_pool_read_ahead_evicted,25,25,0.010236,enabled
1782984865.702,2026-07-02 09:34:25.704,buffer_pool_read_requests,2978488389,2978488389,1219561.344530,enabled
1782984865.702,2026-07-02 09:34:25.704,buffer_pool_size,12884901888,12884901888,0.000000,enabled
1782984865.702,2026-07-02 09:34:25.704,buffer_pool_wait_free,18945,18945,7.757153,enabled
1782984865.702,2026-07-02 09:34:25.704,buffer_pool_write_requests,618827581,618827581,253382.957258,enabled
1782984865.702,2026-07-02 09:34:25.704,dml_deletes,13715259,13715259,5615.800686,enabled
1782984865.702,2026-07-02 09:34:25.704,dml_inserts,113600667,113600667,46514.521097,enabled
1782984865.702,2026-07-02 09:34:25.704,dml_system_deletes,468,468,0.191626,enabled
1782984865.702,2026-07-02 09:34:25.704,dml_system_inserts,1202,1202,0.492167,enabled
1782984865.702,2026-07-02 09:34:25.704,dml_system_reads,7661,7661,3.136846,enabled
1782984865.702,2026-07-02 09:34:25.704,dml_system_updates,620,620,0.253863,enabled
1782984865.702,2026-07-02 09:34:25.704,dml_updates,27430640,27430640,11231.651316,enabled
1782984865.702,2026-07-02 09:34:25.704,file_num_open_files,35,35,0.000000,enabled
1782984865.702,2026-07-02 09:34:25.704,ibuf_merges,0,0,0.000000,enabled
1782984865.702,2026-07-02 09:34:25.704,ibuf_merges_delete,0,0,0.000000,enabled
1782984865.702,2026-07-02 09:34:25.704,ibuf_merges_delete_mark,0,0,0.000000,enabled
1782984865.702,2026-07-02 09:34:25.704,ibuf_merges_discard_delete,0,0,0.000000,enabled
1782984865.702,2026-07-02 09:34:25.704,ibuf_merges_discard_delete_mark,0,0,0.000000,enabled
1782984865.702,2026-07-02 09:34:25.704,ibuf_merges_discard_insert,0,0,0.000000,enabled
1782984865.702,2026-07-02 09:34:25.704,ibuf_merges_insert,0,0,0.000000,enabled
1782984865.702,2026-07-02 09:34:25.704,ibuf_size,1,1,0.000409,enabled
1782984865.702,2026-07-02 09:34:25.704,innodb_activity_count,18666143,18666143,7642.971964,enabled
1782984865.702,2026-07-02 09:34:25.704,innodb_dblwr_pages_written,27395092,27395092,11217.096053,enabled
1782984865.702,2026-07-02 09:34:25.704,innodb_dblwr_writes,564772,564772,231.249516,enabled
1782984865.702,2026-07-02 09:34:25.704,innodb_page_size,16384,16384,0.000000,enabled
1782984865.702,2026-07-02 09:34:25.704,innodb_rwlock_sx_os_waits,0,0,0.000000,enabled
1782984865.702,2026-07-02 09:34:25.704,innodb_rwlock_sx_spin_rounds,0,0,0.000000,enabled
1782984865.702,2026-07-02 09:34:25.704,innodb_rwlock_sx_spin_waits,0,0,0.000000,enabled
1782984865.702,2026-07-02 09:34:25.704,innodb_rwlock_s_os_waits,0,0,0.000000,enabled
1782984865.702,2026-07-02 09:34:25.704,innodb_rwlock_s_spin_rounds,0,0,0.000000,enabled
1782984865.702,2026-07-02 09:34:25.704,innodb_rwlock_s_spin_waits,0,0,0.000000,enabled
1782984865.702,2026-07-02 09:34:25.704,innodb_rwlock_x_os_waits,0,0,0.000000,enabled
1782984865.702,2026-07-02 09:34:25.704,innodb_rwlock_x_spin_rounds,0,0,0.000000,enabled
1782984865.702,2026-07-02 09:34:25.704,innodb_rwlock_x_spin_waits,0,0,0.000000,enabled
1782984865.702,2026-07-02 09:34:25.704,lock_deadlocks,0,0,0.000000,enabled
1782984865.702,2026-07-02 09:34:25.704,lock_deadlock_false_positives,0,0,0.000000,enabled
1782984865.702,2026-07-02 09:34:25.704,lock_deadlock_rounds,2679,2679,1.096934,enabled
1782984865.702,2026-07-02 09:34:25.704,lock_rec_grant_attempts,425,425,0.174019,enabled
1782984865.702,2026-07-02 09:34:25.704,lock_rec_release_attempts,41687283,41687283,17069.128087,enabled
1782984865.702,2026-07-02 09:34:25.704,lock_row_lock_current_waits,0,0,0.000000,enabled
1782984865.702,2026-07-02 09:34:25.704,lock_row_lock_time,323,323,0.132254,enabled
1782984865.702,2026-07-02 09:34:25.704,lock_row_lock_time_avg,0,0,0.000000,enabled
1782984865.702,2026-07-02 09:34:25.704,lock_row_lock_time_max,29,29,0.000000,enabled
1782984865.702,2026-07-02 09:34:25.704,lock_row_lock_waits,425,425,0.174019,enabled
1782984865.702,2026-07-02 09:34:25.704,lock_schedule_refreshes,2679,2679,1.096934,enabled
1782984865.702,2026-07-02 09:34:25.704,lock_threads_waiting,0,0,0.000000,enabled
1782984865.702,2026-07-02 09:34:25.704,lock_timeouts,0,0,0.000000,enabled
1782984865.702,2026-07-02 09:34:25.704,log_waits,0,0,0.000000,enabled
1782984865.702,2026-07-02 09:34:25.704,log_writes,209036377,209036377,85591.288299,enabled
1782984865.702,2026-07-02 09:34:25.704,log_write_requests,417859650,417859650,171095.319909,enabled
1782984865.702,2026-07-02 09:34:25.704,os_data_fsyncs,59164785,59164785,24225.402172,enabled
1782984865.702,2026-07-02 09:34:25.704,os_data_reads,82726422,82726422,33872.866190,enabled
1782984865.702,2026-07-02 09:34:25.704,os_data_writes,237310187,237310187,97168.184134,enabled
1782984865.702,2026-07-02 09:34:25.704,os_log_bytes_written,131733726208,131733726208,53939222.333554,enabled
1782984865.702,2026-07-02 09:34:25.704,os_log_fsyncs,51662856,51662856,21153.688995,enabled
1782984865.702,2026-07-02 09:34:25.704,os_log_pending_fsyncs,1,1,0.000409,enabled
1782984865.702,2026-07-02 09:34:25.704,os_log_pending_writes,0,0,0.000000,enabled
1782984865.702,2026-07-02 09:34:25.704,trx_rseg_history_len,441,441,0.000000,enabled
1782984866.774,2026-07-02 09:34:26.775,adaptive_hash_searches,0,0,0.000000,enabled
1782984866.774,2026-07-02 09:34:26.775,adaptive_hash_searches_btree,617981893,617981893,252925.733945,enabled
1782984866.774,2026-07-02 09:34:26.775,buffer_data_reads,1351414925824,1351414925824,553103025.891358,enabled
1782984866.774,2026-07-02 09:34:26.775,buffer_data_written,618175379968,618175379968,253004955.338784,enabled
1782984866.774,2026-07-02 09:34:26.775,buffer_pages0_read,7,7,0.002865,enabled
1782984866.774,2026-07-02 09:34:26.775,buffer_pages_created,1818459,1818459,744.253422,enabled
1782984866.774,2026-07-02 09:34:26.775,buffer_pages_read,82716545,82716545,33853.978180,enabled
1782984866.774,2026-07-02 09:34:26.775,buffer_pages_written,27470632,27470632,11243.097487,enabled
1782984866.774,2026-07-02 09:34:26.775,buffer_pool_bytes_data,12849496064,12849496064,0.000000,enabled
1782984866.774,2026-07-02 09:34:26.775,buffer_pool_bytes_dirty,4623138816,4623138816,0.000000,enabled
1782984866.774,2026-07-02 09:34:26.775,buffer_pool_pages_data,784271,784271,0.000000,enabled
1782984866.774,2026-07-02 09:34:26.775,buffer_pool_pages_dirty,282174,282174,0.000000,enabled
1782984866.774,2026-07-02 09:34:26.775,buffer_pool_pages_flushed,27413562,27413562,0.000000,enabled
1782984866.774,2026-07-02 09:34:26.775,buffer_pool_pages_free,2063,2063,0.000000,enabled
1782984866.774,2026-07-02 09:34:26.775,buffer_pool_pages_lru_flushed,0,0,0.000000,enabled
1782984866.774,2026-07-02 09:34:26.775,buffer_pool_pages_misc,96,96,0.000000,enabled
1782984866.774,2026-07-02 09:34:26.775,buffer_pool_pages_total,786432,786432,0.000000,enabled
1782984866.774,2026-07-02 09:34:26.775,buffer_pool_reads,81812162,81812162,33483.836084,enabled
1782984866.774,2026-07-02 09:34:26.775,buffer_pool_read_ahead,803715,803715,328.942060,enabled
1782984866.774,2026-07-02 09:34:26.775,buffer_pool_read_ahead_evicted,25,25,0.010232,enabled
1782984866.774,2026-07-02 09:34:26.775,buffer_pool_read_requests,2979315129,2979315129,1219365.147397,enabled
1782984866.774,2026-07-02 09:34:26.775,buffer_pool_size,12884901888,12884901888,0.000000,enabled
1782984866.774,2026-07-02 09:34:26.775,buffer_pool_wait_free,18945,18945,7.753753,enabled
1782984866.774,2026-07-02 09:34:26.775,buffer_pool_write_requests,618939693,618939693,253317.778329,enabled
1782984866.774,2026-07-02 09:34:26.775,dml_deletes,13720092,13720092,5615.317023,enabled
1782984866.774,2026-07-02 09:34:26.775,dml_inserts,113605498,113605498,46496.108591,enabled
1782984866.774,2026-07-02 09:34:26.775,dml_system_deletes,468,468,0.191542,enabled
1782984866.774,2026-07-02 09:34:26.775,dml_system_inserts,1202,1202,0.491951,enabled
1782984866.774,2026-07-02 09:34:26.775,dml_system_reads,7661,7661,3.135470,enabled
1782984866.774,2026-07-02 09:34:26.775,dml_system_updates,620,620,0.253752,enabled
1782984866.774,2026-07-02 09:34:26.775,dml_updates,27440305,27440305,11230.683560,enabled
1782984866.774,2026-07-02 09:34:26.775,file_num_open_files,35,35,0.000000,enabled
1782984866.774,2026-07-02 09:34:26.775,ibuf_merges,0,0,0.000000,enabled
1782984866.774,2026-07-02 09:34:26.775,ibuf_merges_delete,0,0,0.000000,enabled
1782984866.774,2026-07-02 09:34:26.775,ibuf_merges_delete_mark,0,0,0.000000,enabled
1782984866.774,2026-07-02 09:34:26.775,ibuf_merges_discard_delete,0,0,0.000000,enabled
1782984866.774,2026-07-02 09:34:26.775,ibuf_merges_discard_delete_mark,0,0,0.000000,enabled
1782984866.774,2026-07-02 09:34:26.775,ibuf_merges_discard_insert,0,0,0.000000,enabled
1782984866.774,2026-07-02 09:34:26.775,ibuf_merges_insert,0,0,0.000000,enabled
1782984866.774,2026-07-02 09:34:26.775,ibuf_size,1,1,0.000409,enabled
1782984866.774,2026-07-02 09:34:26.775,innodb_activity_count,18671700,18671700,7641.896024,enabled
1782984866.774,2026-07-02 09:34:26.775,innodb_dblwr_pages_written,27411144,27411144,11218.748748,enabled
1782984866.774,2026-07-02 09:34:26.775,innodb_dblwr_writes,565137,565137,231.297534,enabled
1782984866.774,2026-07-02 09:34:26.775,innodb_page_size,16384,16384,0.000000,enabled
1782984866.774,2026-07-02 09:34:26.775,innodb_rwlock_sx_os_waits,0,0,0.000000,enabled
1782984866.774,2026-07-02 09:34:26.775,innodb_rwlock_sx_spin_rounds,0,0,0.000000,enabled
1782984866.774,2026-07-02 09:34:26.775,innodb_rwlock_sx_spin_waits,0,0,0.000000,enabled
1782984866.774,2026-07-02 09:34:26.775,innodb_rwlock_s_os_waits,0,0,0.000000,enabled
1782984866.774,2026-07-02 09:34:26.775,innodb_rwlock_s_spin_rounds,0,0,0.000000,enabled
1782984866.774,2026-07-02 09:34:26.775,innodb_rwlock_s_spin_waits,0,0,0.000000,enabled
1782984866.774,2026-07-02 09:34:26.775,innodb_rwlock_x_os_waits,0,0,0.000000,enabled
1782984866.774,2026-07-02 09:34:26.775,innodb_rwlock_x_spin_rounds,0,0,0.000000,enabled
1782984866.774,2026-07-02 09:34:26.775,innodb_rwlock_x_spin_waits,0,0,0.000000,enabled
1782984866.774,2026-07-02 09:34:26.775,lock_deadlocks,0,0,0.000000,enabled
1782984866.774,2026-07-02 09:34:26.775,lock_deadlock_false_positives,0,0,0.000000,enabled
1782984866.774,2026-07-02 09:34:26.775,lock_deadlock_rounds,2680,2680,1.096862,enabled
1782984866.774,2026-07-02 09:34:26.775,lock_rec_grant_attempts,425,425,0.173943,enabled
1782984866.774,2026-07-02 09:34:26.775,lock_rec_release_attempts,41701950,41701950,17067.649109,enabled
1782984866.774,2026-07-02 09:34:26.775,lock_row_lock_current_waits,0,0,0.000000,enabled
1782984866.774,2026-07-02 09:34:26.775,lock_row_lock_time,323,323,0.132196,enabled
1782984866.774,2026-07-02 09:34:26.775,lock_row_lock_time_avg,0,0,0.000000,enabled
1782984866.774,2026-07-02 09:34:26.775,lock_row_lock_time_max,29,29,0.000000,enabled
1782984866.774,2026-07-02 09:34:26.775,lock_row_lock_waits,425,425,0.173943,enabled
1782984866.774,2026-07-02 09:34:26.775,lock_schedule_refreshes,2680,2680,1.096862,enabled
1782984866.774,2026-07-02 09:34:26.775,lock_threads_waiting,0,0,0.000000,enabled
1782984866.774,2026-07-02 09:34:26.775,lock_timeouts,0,0,0.000000,enabled
1782984866.774,2026-07-02 09:34:26.775,log_waits,0,0,0.000000,enabled
1782984866.774,2026-07-02 09:34:26.775,log_writes,209114479,209114479,85585.735389,enabled
1782984866.774,2026-07-02 09:34:26.775,log_write_requests,417941724,417941724,171053.912628,enabled
1782984866.774,2026-07-02 09:34:26.775,os_data_fsyncs,59198546,59198546,24228.600882,enabled
1782984866.774,2026-07-02 09:34:26.775,os_data_reads,82782997,82782997,33881.173324,enabled
1782984866.774,2026-07-02 09:34:26.775,os_data_writes,237404635,237404635,97164.247121,enabled
1782984866.774,2026-07-02 09:34:26.775,os_log_bytes_written,131774652928,131774652928,53932329.103885,enabled
1782984866.774,2026-07-02 09:34:26.775,os_log_fsyncs,51691730,51691730,21156.233997,enabled
1782984866.774,2026-07-02 09:34:26.775,os_log_pending_fsyncs,1,1,0.000409,enabled
1782984866.774,2026-07-02 09:34:26.775,os_log_pending_writes,0,0,0.000000,enabled
1782984866.774,2026-07-02 09:34:26.775,trx_rseg_history_len,466,466,0.000000,enabled
1782984867.845,2026-07-02 09:34:27.847,adaptive_hash_searches,0,0,0.000000,enabled
1782984867.845,2026-07-02 09:34:27.847,adaptive_hash_searches_btree,618150321,618150321,252883.640208,enabled
1782984867.845,2026-07-02 09:34:27.847,buffer_data_reads,1352346421760,1352346421760,553241357.640804,enabled
1782984867.845,2026-07-02 09:34:27.847,buffer_data_written,618485827072,618485827072,253020921.910532,enabled
1782984867.845,2026-07-02 09:34:27.847,buffer_pages0_read,7,7,0.002864,enabled
1782984867.845,2026-07-02 09:34:27.847,buffer_pages_created,1818486,1818486,743.937837,enabled
1782984867.845,2026-07-02 09:34:27.847,buffer_pages_read,82773560,82773560,33862.445338,enabled
1782984867.845,2026-07-02 09:34:27.847,buffer_pages_written,27486645,27486645,11244.714099,enabled
1782984867.845,2026-07-02 09:34:27.847,buffer_pool_bytes_data,12848644096,12848644096,0.000000,enabled
1782984867.845,2026-07-02 09:34:27.847,buffer_pool_bytes_dirty,4626710528,4626710528,0.000000,enabled
1782984867.845,2026-07-02 09:34:27.847,buffer_pool_pages_data,784219,784219,0.000000,enabled
1782984867.845,2026-07-02 09:34:27.847,buffer_pool_pages_dirty,282392,282392,0.000000,enabled
1782984867.845,2026-07-02 09:34:27.847,buffer_pool_pages_flushed,27429575,27429575,0.000000,enabled
1782984867.845,2026-07-02 09:34:27.847,buffer_pool_pages_free,2117,2117,0.000000,enabled
1782984867.845,2026-07-02 09:34:27.847,buffer_pool_pages_lru_flushed,0,0,0.000000,enabled
1782984867.845,2026-07-02 09:34:27.847,buffer_pool_pages_misc,96,96,0.000000,enabled
1782984867.845,2026-07-02 09:34:27.847,buffer_pool_pages_total,786432,786432,0.000000,enabled
1782984867.845,2026-07-02 09:34:27.847,buffer_pool_reads,81869117,81869117,33492.441120,enabled
1782984867.845,2026-07-02 09:34:27.847,buffer_pool_read_ahead,803715,803715,328.797696,enabled
1782984867.845,2026-07-02 09:34:27.847,buffer_pool_read_ahead_evicted,25,25,0.010227,enabled
1782984867.845,2026-07-02 09:34:27.847,buffer_pool_read_requests,2980149358,2980149358,1219171.283225,enabled
1782984867.845,2026-07-02 09:34:27.847,buffer_pool_size,12884901888,12884901888,0.000000,enabled
1782984867.845,2026-07-02 09:34:27.847,buffer_pool_wait_free,18945,18945,7.750350,enabled
1782984867.845,2026-07-02 09:34:27.847,buffer_pool_write_requests,619052996,619052996,253252.956217,enabled
1782984867.845,2026-07-02 09:34:27.847,dml_deletes,13724959,13724959,5614.843823,enabled
1782984867.845,2026-07-02 09:34:27.847,dml_inserts,113610367,113610367,46477.695700,enabled
1782984867.845,2026-07-02 09:34:27.847,dml_system_deletes,468,468,0.191458,enabled
1782984867.845,2026-07-02 09:34:27.847,dml_system_inserts,1202,1202,0.491735,enabled
1782984867.845,2026-07-02 09:34:27.847,dml_system_reads,7661,7661,3.134094,enabled
1782984867.845,2026-07-02 09:34:27.847,dml_system_updates,620,620,0.253640,enabled
1782984867.845,2026-07-02 09:34:27.847,dml_updates,27450040,27450040,11229.737546,enabled
1782984867.845,2026-07-02 09:34:27.847,file_num_open_files,35,35,0.000000,enabled
1782984867.845,2026-07-02 09:34:27.847,ibuf_merges,0,0,0.000000,enabled
1782984867.845,2026-07-02 09:34:27.847,ibuf_merges_delete,0,0,0.000000,enabled
1782984867.845,2026-07-02 09:34:27.847,ibuf_merges_delete_mark,0,0,0.000000,enabled
1782984867.845,2026-07-02 09:34:27.847,ibuf_merges_discard_delete,0,0,0.000000,enabled
1782984867.845,2026-07-02 09:34:27.847,ibuf_merges_discard_delete_mark,0,0,0.000000,enabled
1782984867.845,2026-07-02 09:34:27.847,ibuf_merges_discard_insert,0,0,0.000000,enabled
1782984867.845,2026-07-02 09:34:27.847,ibuf_merges_insert,0,0,0.000000,enabled
1782984867.845,2026-07-02 09:34:27.847,ibuf_size,1,1,0.000409,enabled
1782984867.845,2026-07-02 09:34:27.847,innodb_activity_count,18677300,18677300,7640.833312,enabled
1782984867.845,2026-07-02 09:34:27.847,innodb_dblwr_pages_written,27427157,27427157,11220.376271,enabled
1782984867.845,2026-07-02 09:34:27.847,innodb_dblwr_writes,565513,565513,231.349850,enabled
1782984867.845,2026-07-02 09:34:27.847,innodb_page_size,16384,16384,0.000000,enabled
1782984867.845,2026-07-02 09:34:27.847,innodb_rwlock_sx_os_waits,0,0,0.000000,enabled
1782984867.845,2026-07-02 09:34:27.847,innodb_rwlock_sx_spin_rounds,0,0,0.000000,enabled
1782984867.845,2026-07-02 09:34:27.847,innodb_rwlock_sx_spin_waits,0,0,0.000000,enabled
1782984867.845,2026-07-02 09:34:27.847,innodb_rwlock_s_os_waits,0,0,0.000000,enabled
1782984867.845,2026-07-02 09:34:27.847,innodb_rwlock_s_spin_rounds,0,0,0.000000,enabled
1782984867.845,2026-07-02 09:34:27.847,innodb_rwlock_s_spin_waits,0,0,0.000000,enabled
1782984867.845,2026-07-02 09:34:27.847,innodb_rwlock_x_os_waits,0,0,0.000000,enabled
1782984867.845,2026-07-02 09:34:27.847,innodb_rwlock_x_spin_rounds,0,0,0.000000,enabled
1782984867.845,2026-07-02 09:34:27.847,innodb_rwlock_x_spin_waits,0,0,0.000000,enabled
1782984867.845,2026-07-02 09:34:27.847,lock_deadlocks,0,0,0.000000,enabled
1782984867.845,2026-07-02 09:34:27.847,lock_deadlock_false_positives,0,0,0.000000,enabled
1782984867.845,2026-07-02 09:34:27.847,lock_deadlock_rounds,2681,2681,1.096790,enabled
1782984867.845,2026-07-02 09:34:27.847,lock_rec_grant_attempts,425,425,0.173866,enabled
1782984867.845,2026-07-02 09:34:27.847,lock_rec_release_attempts,41716730,41716730,17066.205040,enabled
1782984867.845,2026-07-02 09:34:27.847,lock_row_lock_current_waits,0,0,0.000000,enabled
1782984867.845,2026-07-02 09:34:27.847,lock_row_lock_time,323,323,0.132138,enabled
1782984867.845,2026-07-02 09:34:27.847,lock_row_lock_time_avg,0,0,0.000000,enabled
1782984867.845,2026-07-02 09:34:27.847,lock_row_lock_time_max,29,29,0.000000,enabled
1782984867.845,2026-07-02 09:34:27.847,lock_row_lock_waits,425,425,0.173866,enabled
1782984867.845,2026-07-02 09:34:27.847,lock_schedule_refreshes,2681,2681,1.096790,enabled
1782984867.845,2026-07-02 09:34:27.847,lock_threads_waiting,0,0,0.000000,enabled
1782984867.845,2026-07-02 09:34:27.847,lock_timeouts,0,0,0.000000,enabled
1782984867.845,2026-07-02 09:34:27.847,log_waits,0,0,0.000000,enabled
1782984867.845,2026-07-02 09:34:27.847,log_writes,209194376,209194376,85580.861050,enabled
1782984867.845,2026-07-02 09:34:27.847,log_write_requests,418024467,418024467,171012.694206,enabled
1782984867.845,2026-07-02 09:34:27.847,os_data_fsyncs,59232852,59232852,24232.002317,enabled
1782984867.845,2026-07-02 09:34:27.847,os_data_reads,82839845,82839845,33889.560460,enabled
1782984867.845,2026-07-02 09:34:27.847,os_data_writes,237500849,237500849,97160.966146,enabled
1782984867.845,2026-07-02 09:34:27.847,os_log_bytes_written,131816329216,131816329216,53925709.846241,enabled
1782984867.845,2026-07-02 09:34:27.847,os_log_fsyncs,51720999,51720999,21158.923172,enabled
1782984867.845,2026-07-02 09:34:27.847,os_log_pending_fsyncs,0,0,0.000000,enabled
1782984867.845,2026-07-02 09:34:27.847,os_log_pending_writes,0,0,0.000000,enabled
1782984867.845,2026-07-02 09:34:27.847,trx_rseg_history_len,507,507,0.000000,enabled
1782984868.918,2026-07-02 09:34:28.920,adaptive_hash_searches,0,0,0.000000,enabled
1782984868.918,2026-07-02 09:34:28.920,adaptive_hash_searches_btree,618316719,618316719,252840.709193,enabled
1782984868.918,2026-07-02 09:34:28.920,buffer_data_reads,1353272609280,1353272609280,553377312.462916,enabled
1782984868.918,2026-07-02 09:34:28.920,buffer_data_written,618797316096,618797316096,253037261.775506,enabled
1782984868.918,2026-07-02 09:34:28.920,buffer_pages0_read,7,7,0.002862,enabled
1782984868.918,2026-07-02 09:34:28.920,buffer_pages_created,1818520,1818520,743.625276,enabled
1782984868.918,2026-07-02 09:34:28.920,buffer_pages_read,82830272,82830272,33870.775977,enabled
1782984868.918,2026-07-02 09:34:28.920,buffer_pages_written,27502773,27502773,11246.374583,enabled
1782984868.918,2026-07-02 09:34:28.920,buffer_pool_bytes_data,12843319296,12843319296,0.000000,enabled
1782984868.918,2026-07-02 09:34:28.920,buffer_pool_bytes_dirty,4626743296,4626743296,0.000000,enabled
1782984868.918,2026-07-02 09:34:28.920,buffer_pool_pages_data,783894,783894,0.000000,enabled
1782984868.918,2026-07-02 09:34:28.920,buffer_pool_pages_dirty,282394,282394,0.000000,enabled
1782984868.918,2026-07-02 09:34:28.920,buffer_pool_pages_flushed,27445703,27445703,0.000000,enabled
1782984868.918,2026-07-02 09:34:28.920,buffer_pool_pages_free,2442,2442,0.000000,enabled
1782984868.918,2026-07-02 09:34:28.920,buffer_pool_pages_lru_flushed,0,0,0.000000,enabled
1782984868.918,2026-07-02 09:34:28.920,buffer_pool_pages_misc,96,96,0.000000,enabled
1782984868.918,2026-07-02 09:34:28.920,buffer_pool_pages_total,786432,786432,0.000000,enabled
1782984868.918,2026-07-02 09:34:28.920,buffer_pool_reads,81925757,81925757,33500.904675,enabled
1782984868.918,2026-07-02 09:34:28.920,buffer_pool_read_ahead,803715,803715,328.653409,enabled
1782984868.918,2026-07-02 09:34:28.920,buffer_pool_read_ahead_evicted,25,25,0.010223,enabled
1782984868.918,2026-07-02 09:34:28.920,buffer_pool_read_requests,2980974378,2980974378,1218973.637205,enabled
1782984868.918,2026-07-02 09:34:28.920,buffer_pool_size,12884901888,12884901888,0.000000,enabled
1782984868.918,2026-07-02 09:34:28.920,buffer_pool_wait_free,18945,18945,7.746949,enabled
1782984868.918,2026-07-02 09:34:28.920,buffer_pool_write_requests,619165253,619165253,253187.724639,enabled
1782984868.918,2026-07-02 09:34:28.920,dml_deletes,13729772,13729772,5614.347932,enabled
1782984868.918,2026-07-02 09:34:28.920,dml_inserts,113615176,113615176,46459.265965,enabled
1782984868.918,2026-07-02 09:34:28.920,dml_system_deletes,468,468,0.191374,enabled
1782984868.918,2026-07-02 09:34:28.920,dml_system_inserts,1202,1202,0.491519,enabled
1782984868.918,2026-07-02 09:34:28.920,dml_system_reads,7661,7661,3.132719,enabled
1782984868.918,2026-07-02 09:34:28.920,dml_system_updates,620,620,0.253529,enabled
1782984868.918,2026-07-02 09:34:28.920,dml_updates,27459664,27459664,11228.744920,enabled
1782984868.918,2026-07-02 09:34:28.920,file_num_open_files,35,35,0.000000,enabled
1782984868.918,2026-07-02 09:34:28.920,ibuf_merges,0,0,0.000000,enabled
1782984868.918,2026-07-02 09:34:28.920,ibuf_merges_delete,0,0,0.000000,enabled
1782984868.918,2026-07-02 09:34:28.920,ibuf_merges_delete_mark,0,0,0.000000,enabled
1782984868.918,2026-07-02 09:34:28.920,ibuf_merges_discard_delete,0,0,0.000000,enabled
1782984868.918,2026-07-02 09:34:28.920,ibuf_merges_discard_delete_mark,0,0,0.000000,enabled
1782984868.918,2026-07-02 09:34:28.920,ibuf_merges_discard_insert,0,0,0.000000,enabled
1782984868.918,2026-07-02 09:34:28.920,ibuf_merges_insert,0,0,0.000000,enabled
1782984868.918,2026-07-02 09:34:28.920,ibuf_size,1,1,0.000409,enabled
1782984868.918,2026-07-02 09:34:28.920,innodb_activity_count,18682826,18682826,7639.739914,enabled
1782984868.918,2026-07-02 09:34:28.920,innodb_dblwr_pages_written,27443285,27443285,11222.047371,enabled
1782984868.918,2026-07-02 09:34:28.920,innodb_dblwr_writes,565859,565859,231.389810,enabled
1782984868.918,2026-07-02 09:34:28.920,innodb_page_size,16384,16384,0.000000,enabled
1782984868.918,2026-07-02 09:34:28.920,innodb_rwlock_sx_os_waits,0,0,0.000000,enabled
1782984868.918,2026-07-02 09:34:28.920,innodb_rwlock_sx_spin_rounds,0,0,0.000000,enabled
1782984868.918,2026-07-02 09:34:28.920,innodb_rwlock_sx_spin_waits,0,0,0.000000,enabled
1782984868.918,2026-07-02 09:34:28.920,innodb_rwlock_s_os_waits,0,0,0.000000,enabled
1782984868.918,2026-07-02 09:34:28.920,innodb_rwlock_s_spin_rounds,0,0,0.000000,enabled
1782984868.918,2026-07-02 09:34:28.920,innodb_rwlock_s_spin_waits,0,0,0.000000,enabled
1782984868.918,2026-07-02 09:34:28.920,innodb_rwlock_x_os_waits,0,0,0.000000,enabled
1782984868.918,2026-07-02 09:34:28.920,innodb_rwlock_x_spin_rounds,0,0,0.000000,enabled
1782984868.918,2026-07-02 09:34:28.920,innodb_rwlock_x_spin_waits,0,0,0.000000,enabled
1782984868.918,2026-07-02 09:34:28.920,lock_deadlocks,0,0,0.000000,enabled
1782984868.918,2026-07-02 09:34:28.920,lock_deadlock_false_positives,0,0,0.000000,enabled
1782984868.918,2026-07-02 09:34:28.920,lock_deadlock_rounds,2682,2682,1.096718,enabled
1782984868.918,2026-07-02 09:34:28.920,lock_rec_grant_attempts,425,425,0.173790,enabled
1782984868.918,2026-07-02 09:34:28.920,lock_rec_release_attempts,41731336,41731336,17064.688516,enabled
1782984868.918,2026-07-02 09:34:28.920,lock_row_lock_current_waits,0,0,0.000000,enabled
1782984868.918,2026-07-02 09:34:28.920,lock_row_lock_time,323,323,0.132080,enabled
1782984868.918,2026-07-02 09:34:28.920,lock_row_lock_time_avg,0,0,0.000000,enabled
1782984868.918,2026-07-02 09:34:28.920,lock_row_lock_time_max,29,29,0.000000,enabled
1782984868.918,2026-07-02 09:34:28.920,lock_row_lock_waits,425,425,0.173790,enabled
1782984868.918,2026-07-02 09:34:28.920,lock_schedule_refreshes,2682,2682,1.096718,enabled
1782984868.918,2026-07-02 09:34:28.920,lock_threads_waiting,0,0,0.000000,enabled
1782984868.918,2026-07-02 09:34:28.920,lock_timeouts,0,0,0.000000,enabled
1782984868.918,2026-07-02 09:34:28.920,log_waits,0,0,0.000000,enabled
1782984868.918,2026-07-02 09:34:28.920,log_writes,209273700,209273700,85575.742498,enabled
1782984868.918,2026-07-02 09:34:28.920,log_write_requests,418106306,418106306,170971.113930,enabled
1782984868.918,2026-07-02 09:34:28.920,os_data_fsyncs,59265835,59265835,24234.855969,enabled
1782984868.918,2026-07-02 09:34:28.920,os_data_reads,82896385,82896385,33897.808976,enabled
1782984868.918,2026-07-02 09:34:28.920,os_data_writes,237596540,237596540,97157.458930,enabled
1782984868.918,2026-07-02 09:34:28.920,os_log_bytes_written,131857866240,131857866240,53919030.953489,enabled
1782984868.918,2026-07-02 09:34:28.920,os_log_fsyncs,51749235,51749235,21161.184247,enabled
1782984868.918,2026-07-02 09:34:28.920,os_log_pending_fsyncs,1,1,0.000409,enabled
1782984868.918,2026-07-02 09:34:28.920,os_log_pending_writes,1,1,0.000409,enabled
1782984868.918,2026-07-02 09:34:28.920,trx_rseg_history_len,498,498,0.000000,enabled
1782984869.991,2026-07-02 09:34:29.993,adaptive_hash_searches,0,0,0.000000,enabled
1782984869.991,2026-07-02 09:34:29.993,adaptive_hash_searches_btree,618480513,618480513,252796.877720,enabled
1782984869.991,2026-07-02 09:34:29.993,buffer_data_reads,1354182248960,1354182248960,553506670.836778,enabled
1782984869.991,2026-07-02 09:34:29.993,buffer_data_written,619099745280,619099745280,253050015.211215,enabled
1782984869.991,2026-07-02 09:34:29.993,buffer_pages0_read,7,7,0.002861,enabled
1782984869.991,2026-07-02 09:34:29.993,buffer_pages_created,1818561,1818561,743.316236,enabled
1782984869.991,2026-07-02 09:34:29.993,buffer_pages_read,82885944,82885944,33878.691768,enabled
1782984869.991,2026-07-02 09:34:29.993,buffer_pages_written,27518365,27518365,11247.820361,enabled
1782984869.991,2026-07-02 09:34:29.993,buffer_pool_bytes_data,12851150848,12851150848,0.000000,enabled
1782984869.991,2026-07-02 09:34:29.993,buffer_pool_bytes_dirty,4632936448,4632936448,0.000000,enabled
1782984869.991,2026-07-02 09:34:29.993,buffer_pool_pages_data,784373,784373,0.000000,enabled
1782984869.991,2026-07-02 09:34:29.993,buffer_pool_pages_dirty,282772,282772,0.000000,enabled
1782984869.991,2026-07-02 09:34:29.993,buffer_pool_pages_flushed,27461295,27461295,0.000000,enabled
1782984869.991,2026-07-02 09:34:29.993,buffer_pool_pages_free,1969,1969,0.000000,enabled
1782984869.991,2026-07-02 09:34:29.993,buffer_pool_pages_lru_flushed,0,0,0.000000,enabled
1782984869.991,2026-07-02 09:34:29.993,buffer_pool_pages_misc,97,97,0.000000,enabled
1782984869.991,2026-07-02 09:34:29.993,buffer_pool_pages_total,786432,786432,0.000000,enabled
1782984869.991,2026-07-02 09:34:29.993,buffer_pool_reads,81981366,81981366,33508.956889,enabled
1782984869.991,2026-07-02 09:34:29.993,buffer_pool_read_ahead,803715,803715,328.509420,enabled
1782984869.991,2026-07-02 09:34:29.993,buffer_pool_read_ahead_evicted,25,25,0.010218,enabled
1782984869.991,2026-07-02 09:34:29.993,buffer_pool_read_requests,2981785642,2981785642,1218771.176352,enabled
1782984869.991,2026-07-02 09:34:29.993,buffer_pool_size,12884901888,12884901888,0.000000,enabled
1782984869.991,2026-07-02 09:34:29.993,buffer_pool_wait_free,18945,18945,7.743555,enabled
1782984869.991,2026-07-02 09:34:29.993,buffer_pool_write_requests,619275278,619275278,253121.769644,enabled
1782984869.991,2026-07-02 09:34:29.993,dml_deletes,13734507,13734507,5613.823438,enabled
1782984869.991,2026-07-02 09:34:29.993,dml_inserts,113619912,113619912,46440.846074,enabled
1782984869.991,2026-07-02 09:34:29.993,dml_system_deletes,468,468,0.191290,enabled
1782984869.991,2026-07-02 09:34:29.993,dml_system_inserts,1202,1202,0.491304,enabled
1782984869.991,2026-07-02 09:34:29.993,dml_system_reads,7661,7661,3.131347,enabled
1782984869.991,2026-07-02 09:34:29.993,dml_system_updates,620,620,0.253418,enabled
1782984869.991,2026-07-02 09:34:29.993,dml_updates,27469135,27469135,11227.696325,enabled
1782984869.991,2026-07-02 09:34:29.993,file_num_open_files,35,35,0.000000,enabled
1782984869.991,2026-07-02 09:34:29.993,ibuf_merges,0,0,0.000000,enabled
1782984869.991,2026-07-02 09:34:29.993,ibuf_merges_delete,0,0,0.000000,enabled
1782984869.991,2026-07-02 09:34:29.993,ibuf_merges_delete_mark,0,0,0.000000,enabled
1782984869.991,2026-07-02 09:34:29.993,ibuf_merges_discard_delete,0,0,0.000000,enabled
1782984869.991,2026-07-02 09:34:29.993,ibuf_merges_discard_delete_mark,0,0,0.000000,enabled
1782984869.991,2026-07-02 09:34:29.993,ibuf_merges_discard_insert,0,0,0.000000,enabled
1782984869.991,2026-07-02 09:34:29.993,ibuf_merges_insert,0,0,0.000000,enabled
1782984869.991,2026-07-02 09:34:29.993,ibuf_size,1,1,0.000409,enabled
1782984869.991,2026-07-02 09:34:29.993,innodb_activity_count,18688277,18688277,7638.620660,enabled
1782984869.991,2026-07-02 09:34:29.993,innodb_dblwr_pages_written,27458877,27458877,11223.503587,enabled
1782984869.991,2026-07-02 09:34:29.993,innodb_dblwr_writes,566232,566232,231.440888,enabled
1782984869.991,2026-07-02 09:34:29.993,innodb_page_size,16384,16384,0.000000,enabled
1782984869.991,2026-07-02 09:34:29.993,innodb_rwlock_sx_os_waits,0,0,0.000000,enabled
1782984869.991,2026-07-02 09:34:29.993,innodb_rwlock_sx_spin_rounds,0,0,0.000000,enabled
1782984869.991,2026-07-02 09:34:29.993,innodb_rwlock_sx_spin_waits,0,0,0.000000,enabled
1782984869.991,2026-07-02 09:34:29.993,innodb_rwlock_s_os_waits,0,0,0.000000,enabled
1782984869.991,2026-07-02 09:34:29.993,innodb_rwlock_s_spin_rounds,0,0,0.000000,enabled
1782984869.991,2026-07-02 09:34:29.993,innodb_rwlock_s_spin_waits,0,0,0.000000,enabled
1782984869.991,2026-07-02 09:34:29.993,innodb_rwlock_x_os_waits,0,0,0.000000,enabled
1782984869.991,2026-07-02 09:34:29.993,innodb_rwlock_x_spin_rounds,0,0,0.000000,enabled
1782984869.991,2026-07-02 09:34:29.993,innodb_rwlock_x_spin_waits,0,0,0.000000,enabled
1782984869.991,2026-07-02 09:34:29.993,lock_deadlocks,0,0,0.000000,enabled
1782984869.991,2026-07-02 09:34:29.993,lock_deadlock_false_positives,0,0,0.000000,enabled
1782984869.991,2026-07-02 09:34:29.993,lock_deadlock_rounds,2683,2683,1.096646,enabled
1782984869.991,2026-07-02 09:34:29.993,lock_rec_grant_attempts,425,425,0.173714,enabled
1782984869.991,2026-07-02 09:34:29.993,lock_rec_release_attempts,41745742,41745742,17063.100494,enabled
1782984869.991,2026-07-02 09:34:29.993,lock_row_lock_current_waits,0,0,0.000000,enabled
1782984869.991,2026-07-02 09:34:29.993,lock_row_lock_time,323,323,0.132023,enabled
1782984869.991,2026-07-02 09:34:29.993,lock_row_lock_time_avg,0,0,0.000000,enabled
1782984869.991,2026-07-02 09:34:29.993,lock_row_lock_time_max,29,29,0.000000,enabled
1782984869.991,2026-07-02 09:34:29.993,lock_row_lock_waits,425,425,0.173714,enabled
1782984869.991,2026-07-02 09:34:29.993,lock_schedule_refreshes,2683,2683,1.096646,enabled
1782984869.991,2026-07-02 09:34:29.993,lock_threads_waiting,0,0,0.000000,enabled
1782984869.991,2026-07-02 09:34:29.993,lock_timeouts,0,0,0.000000,enabled
1782984869.991,2026-07-02 09:34:29.993,log_waits,0,0,0.000000,enabled
1782984869.991,2026-07-02 09:34:29.993,log_writes,209351826,209351826,85570.181391,enabled
1782984869.991,2026-07-02 09:34:29.993,log_write_requests,418186883,418186883,170929.139436,enabled
1782984869.991,2026-07-02 09:34:29.993,os_data_fsyncs,59297041,59297041,24236.992959,enabled
1782984869.991,2026-07-02 09:34:29.993,os_data_reads,82951906,82951906,33905.650786,enabled
1782984869.991,2026-07-02 09:34:29.993,os_data_writes,237690545,237690545,97153.314441,enabled
1782984869.991,2026-07-02 09:34:29.993,os_log_bytes_written,131898828288,131898828288,53912149.933136,enabled
1782984869.991,2026-07-02 09:34:29.993,os_log_fsyncs,51775475,51775475,21162.638095,enabled
1782984869.991,2026-07-02 09:34:29.993,os_log_pending_fsyncs,1,1,0.000409,enabled
1782984869.991,2026-07-02 09:34:29.993,os_log_pending_writes,0,0,0.000000,enabled
1782984869.991,2026-07-02 09:34:29.993,trx_rseg_history_len,423,423,0.000000,enabled
1782984871.063,2026-07-02 09:34:31.065,adaptive_hash_searches,0,0,0.000000,enabled
1782984871.063,2026-07-02 09:34:31.065,adaptive_hash_searches_btree,618646208,618646208,252754.091276,enabled
1782984871.063,2026-07-02 09:34:31.065,buffer_data_reads,1355105831424,1355105831424,553642107.193421,enabled
1782984871.063,2026-07-02 09:34:31.065,buffer_data_written,619408754688,619408754688,253065672.024780,enabled
1782984871.063,2026-07-02 09:34:31.065,buffer_pages0_read,7,7,0.002860,enabled
1782984871.063,2026-07-02 09:34:31.065,buffer_pages_created,1818598,1818598,743.006498,enabled
1782984871.063,2026-07-02 09:34:31.065,buffer_pages_read,82942493,82942493,33886.989212,enabled
1782984871.063,2026-07-02 09:34:31.065,buffer_pages_written,27534331,27534331,11249.427730,enabled
1782984871.063,2026-07-02 09:34:31.065,buffer_pool_bytes_data,12855476224,12855476224,0.000000,enabled
1782984871.063,2026-07-02 09:34:31.065,buffer_pool_bytes_dirty,4639162368,4639162368,0.000000,enabled
1782984871.063,2026-07-02 09:34:31.065,buffer_pool_pages_data,784636,784636,0.000000,enabled
1782984871.063,2026-07-02 09:34:31.065,buffer_pool_pages_dirty,283152,283152,0.000000,enabled
1782984871.063,2026-07-02 09:34:31.065,buffer_pool_pages_flushed,27477261,27477261,0.000000,enabled
1782984871.063,2026-07-02 09:34:31.065,buffer_pool_pages_free,1699,1699,0.000000,enabled
1782984871.063,2026-07-02 09:34:31.065,buffer_pool_pages_lru_flushed,0,0,0.000000,enabled
1782984871.063,2026-07-02 09:34:31.065,buffer_pool_pages_misc,96,96,0.000000,enabled
1782984871.063,2026-07-02 09:34:31.065,buffer_pool_pages_total,786432,786432,0.000000,enabled
1782984871.063,2026-07-02 09:34:31.065,buffer_pool_reads,82037855,82037855,33517.391475,enabled
1782984871.063,2026-07-02 09:34:31.065,buffer_pool_read_ahead,803715,803715,328.365850,enabled
1782984871.063,2026-07-02 09:34:31.065,buffer_pool_read_ahead_evicted,25,25,0.010214,enabled
1782984871.063,2026-07-02 09:34:31.065,buffer_pool_read_requests,2982606489,2982606489,1218573.898634,enabled
1782984871.063,2026-07-02 09:34:31.065,buffer_pool_size,12884901888,12884901888,0.000000,enabled
1782984871.063,2026-07-02 09:34:31.065,buffer_pool_wait_free,18945,18945,7.740170,enabled
1782984871.063,2026-07-02 09:34:31.065,buffer_pool_write_requests,619387181,619387181,253056.866219,enabled
1782984871.063,2026-07-02 09:34:31.065,dml_deletes,13739292,13739292,5613.324906,enabled
1782984871.063,2026-07-02 09:34:31.065,dml_inserts,113624700,113624700,46422.505545,enabled
1782984871.063,2026-07-02 09:34:31.065,dml_system_deletes,468,468,0.191206,enabled
1782984871.063,2026-07-02 09:34:31.065,dml_system_inserts,1202,1202,0.491089,enabled
1782984871.063,2026-07-02 09:34:31.065,dml_system_reads,7661,7661,3.129978,enabled
1782984871.063,2026-07-02 09:34:31.065,dml_system_updates,620,620,0.253307,enabled
1782984871.063,2026-07-02 09:34:31.065,dml_updates,27478705,27478705,11226.699238,enabled
1782984871.063,2026-07-02 09:34:31.065,file_num_open_files,35,35,0.000000,enabled
1782984871.063,2026-07-02 09:34:31.065,ibuf_merges,0,0,0.000000,enabled
1782984871.063,2026-07-02 09:34:31.065,ibuf_merges_delete,0,0,0.000000,enabled
1782984871.063,2026-07-02 09:34:31.065,ibuf_merges_delete_mark,0,0,0.000000,enabled
1782984871.063,2026-07-02 09:34:31.065,ibuf_merges_discard_delete,0,0,0.000000,enabled
1782984871.063,2026-07-02 09:34:31.065,ibuf_merges_discard_delete_mark,0,0,0.000000,enabled
1782984871.063,2026-07-02 09:34:31.065,ibuf_merges_discard_insert,0,0,0.000000,enabled
1782984871.063,2026-07-02 09:34:31.065,ibuf_merges_insert,0,0,0.000000,enabled
1782984871.063,2026-07-02 09:34:31.065,ibuf_size,1,1,0.000409,enabled
1782984871.063,2026-07-02 09:34:31.065,innodb_activity_count,18693781,18693781,7637.530965,enabled
1782984871.063,2026-07-02 09:34:31.065,innodb_dblwr_pages_written,27474843,27474843,11225.121486,enabled
1782984871.063,2026-07-02 09:34:31.065,innodb_dblwr_writes,566561,566561,231.474155,enabled
1782984871.063,2026-07-02 09:34:31.065,innodb_page_size,16384,16384,0.000000,enabled
1782984871.063,2026-07-02 09:34:31.065,innodb_rwlock_sx_os_waits,0,0,0.000000,enabled
1782984871.063,2026-07-02 09:34:31.065,innodb_rwlock_sx_spin_rounds,0,0,0.000000,enabled
1782984871.063,2026-07-02 09:34:31.065,innodb_rwlock_sx_spin_waits,0,0,0.000000,enabled
1782984871.063,2026-07-02 09:34:31.065,innodb_rwlock_s_os_waits,0,0,0.000000,enabled
1782984871.063,2026-07-02 09:34:31.065,innodb_rwlock_s_spin_rounds,0,0,0.000000,enabled
1782984871.063,2026-07-02 09:34:31.065,innodb_rwlock_s_spin_waits,0,0,0.000000,enabled
1782984871.063,2026-07-02 09:34:31.065,innodb_rwlock_x_os_waits,0,0,0.000000,enabled
1782984871.063,2026-07-02 09:34:31.065,innodb_rwlock_x_spin_rounds,0,0,0.000000,enabled
1782984871.063,2026-07-02 09:34:31.065,innodb_rwlock_x_spin_waits,0,0,0.000000,enabled
1782984871.063,2026-07-02 09:34:31.065,lock_deadlocks,0,0,0.000000,enabled
1782984871.063,2026-07-02 09:34:31.065,lock_deadlock_false_positives,0,0,0.000000,enabled
1782984871.063,2026-07-02 09:34:31.065,lock_deadlock_rounds,2684,2684,1.096575,enabled
1782984871.063,2026-07-02 09:34:31.065,lock_rec_grant_attempts,425,425,0.173638,enabled
1782984871.063,2026-07-02 09:34:31.065,lock_rec_release_attempts,41760300,41760300,17061.591149,enabled
1782984871.063,2026-07-02 09:34:31.065,lock_row_lock_current_waits,0,0,0.000000,enabled
1782984871.063,2026-07-02 09:34:31.065,lock_row_lock_time,323,323,0.131965,enabled
1782984871.063,2026-07-02 09:34:31.065,lock_row_lock_time_avg,0,0,0.000000,enabled
1782984871.063,2026-07-02 09:34:31.065,lock_row_lock_time_max,29,29,0.000000,enabled
1782984871.063,2026-07-02 09:34:31.065,lock_row_lock_waits,425,425,0.173638,enabled
1782984871.063,2026-07-02 09:34:31.065,lock_schedule_refreshes,2684,2684,1.096575,enabled
1782984871.063,2026-07-02 09:34:31.065,lock_threads_waiting,0,0,0.000000,enabled
1782984871.063,2026-07-02 09:34:31.065,lock_timeouts,0,0,0.000000,enabled
1782984871.063,2026-07-02 09:34:31.065,log_waits,0,0,0.000000,enabled
1782984871.063,2026-07-02 09:34:31.065,log_writes,209430912,209430912,85565.095184,enabled
1782984871.063,2026-07-02 09:34:31.065,log_write_requests,418268317,418268317,170887.707252,enabled
1782984871.063,2026-07-02 09:34:31.065,os_data_fsyncs,59329936,59329936,24239.839964,enabled
1782984871.063,2026-07-02 09:34:31.065,os_data_reads,83008285,83008285,33913.866814,enabled
1782984871.063,2026-07-02 09:34:31.065,os_data_writes,237785826,237785826,97149.782413,enabled
1782984871.063,2026-07-02 09:34:31.065,os_log_bytes_written,131940112384,131940112384,53905455.107586,enabled
1782984871.063,2026-07-02 09:34:31.065,os_log_fsyncs,51803512,51803512,21164.843940,enabled
1782984871.063,2026-07-02 09:34:31.065,os_log_pending_fsyncs,1,1,0.000409,enabled
1782984871.063,2026-07-02 09:34:31.065,os_log_pending_writes,0,0,0.000000,enabled
1782984871.063,2026-07-02 09:34:31.065,trx_rseg_history_len,401,401,0.000000,enabled
1782984872.133,2026-07-02 09:34:32.134,adaptive_hash_searches,0,0,0.000000,enabled
1782984872.133,2026-07-02 09:34:32.134,adaptive_hash_searches_btree,618810912,618810912,252711.100778,enabled
1782984872.133,2026-07-02 09:34:32.134,buffer_data_reads,1356019370496,1356019370496,553773667.369338,enabled
1782984872.133,2026-07-02 09:34:32.134,buffer_data_written,619718498816,619718498816,253081772.298252,enabled
1782984872.133,2026-07-02 09:34:32.134,buffer_pages0_read,7,7,0.002859,enabled
1782984872.133,2026-07-02 09:34:32.134,buffer_pages_created,1818632,1818632,742.696264,enabled
1782984872.133,2026-07-02 09:34:32.134,buffer_pages_read,82998405,82998405,33895.040296,enabled
1782984872.133,2026-07-02 09:34:32.134,buffer_pages_written,27550366,27550366,11251.068845,enabled
1782984872.133,2026-07-02 09:34:32.134,buffer_pool_bytes_data,12846399488,12846399488,0.000000,enabled
1782984872.133,2026-07-02 09:34:32.134,buffer_pool_bytes_dirty,4637687808,4637687808,0.000000,enabled
1782984872.133,2026-07-02 09:34:32.134,buffer_pool_pages_data,784082,784082,0.000000,enabled
1782984872.133,2026-07-02 09:34:32.134,buffer_pool_pages_dirty,283062,283062,0.000000,enabled
1782984872.133,2026-07-02 09:34:32.134,buffer_pool_pages_flushed,27493259,27493259,0.000000,enabled
1782984872.133,2026-07-02 09:34:32.134,buffer_pool_pages_free,2254,2254,0.000000,enabled
1782984872.133,2026-07-02 09:34:32.134,buffer_pool_pages_lru_flushed,0,0,0.000000,enabled
1782984872.133,2026-07-02 09:34:32.134,buffer_pool_pages_misc,96,96,0.000000,enabled
1782984872.133,2026-07-02 09:34:32.134,buffer_pool_pages_total,786432,786432,0.000000,enabled
1782984872.133,2026-07-02 09:34:32.134,buffer_pool_reads,82093704,82093704,33525.578012,enabled
1782984872.133,2026-07-02 09:34:32.134,buffer_pool_read_ahead,803715,803715,328.222609,enabled
1782984872.133,2026-07-02 09:34:32.134,buffer_pool_read_ahead_evicted,25,25,0.010210,enabled
1782984872.133,2026-07-02 09:34:32.134,buffer_pool_read_requests,2983422163,2983422163,1218375.431276,enabled
1782984872.133,2026-07-02 09:34:32.134,buffer_pool_size,12884901888,12884901888,0.000000,enabled
1782984872.133,2026-07-02 09:34:32.134,buffer_pool_wait_free,18945,18945,7.736794,enabled
1782984872.133,2026-07-02 09:34:32.134,buffer_pool_write_requests,619497725,619497725,252991.620364,enabled
1782984872.133,2026-07-02 09:34:32.134,dml_deletes,13744057,13744057,5612.822288,enabled
1782984872.133,2026-07-02 09:34:32.134,dml_inserts,113629464,113629464,46404.201379,enabled
1782984872.133,2026-07-02 09:34:32.134,dml_system_deletes,468,468,0.191123,enabled
1782984872.133,2026-07-02 09:34:32.134,dml_system_inserts,1202,1202,0.490875,enabled
1782984872.133,2026-07-02 09:34:32.134,dml_system_reads,7661,7661,3.128613,enabled
1782984872.133,2026-07-02 09:34:32.134,dml_system_updates,620,620,0.253197,enabled
1782984872.133,2026-07-02 09:34:32.134,dml_updates,27488236,27488236,11225.694389,enabled
1782984872.133,2026-07-02 09:34:32.134,file_num_open_files,35,35,0.000000,enabled
1782984872.133,2026-07-02 09:34:32.134,ibuf_merges,0,0,0.000000,enabled
1782984872.133,2026-07-02 09:34:32.134,ibuf_merges_delete,0,0,0.000000,enabled
1782984872.133,2026-07-02 09:34:32.134,ibuf_merges_delete_mark,0,0,0.000000,enabled
1782984872.133,2026-07-02 09:34:32.134,ibuf_merges_discard_delete,0,0,0.000000,enabled
1782984872.133,2026-07-02 09:34:32.134,ibuf_merges_discard_delete_mark,0,0,0.000000,enabled
1782984872.133,2026-07-02 09:34:32.134,ibuf_merges_discard_insert,0,0,0.000000,enabled
1782984872.133,2026-07-02 09:34:32.134,ibuf_merges_insert,0,0,0.000000,enabled
1782984872.133,2026-07-02 09:34:32.134,ibuf_size,1,1,0.000408,enabled
1782984872.133,2026-07-02 09:34:32.134,innodb_activity_count,18699259,18699259,7636.436553,enabled
1782984872.133,2026-07-02 09:34:32.134,innodb_dblwr_pages_written,27490894,27490894,11226.779976,enabled
1782984872.133,2026-07-02 09:34:32.134,innodb_dblwr_writes,566940,566940,231.527961,enabled
1782984872.133,2026-07-02 09:34:32.134,innodb_page_size,16384,16384,0.000000,enabled
1782984872.133,2026-07-02 09:34:32.134,innodb_rwlock_sx_os_waits,0,0,0.000000,enabled
1782984872.133,2026-07-02 09:34:32.134,innodb_rwlock_sx_spin_rounds,0,0,0.000000,enabled
1782984872.133,2026-07-02 09:34:32.134,innodb_rwlock_sx_spin_waits,0,0,0.000000,enabled
1782984872.133,2026-07-02 09:34:32.134,innodb_rwlock_s_os_waits,0,0,0.000000,enabled
1782984872.133,2026-07-02 09:34:32.134,innodb_rwlock_s_spin_rounds,0,0,0.000000,enabled
1782984872.133,2026-07-02 09:34:32.134,innodb_rwlock_s_spin_waits,0,0,0.000000,enabled
1782984872.133,2026-07-02 09:34:32.134,innodb_rwlock_x_os_waits,0,0,0.000000,enabled
1782984872.133,2026-07-02 09:34:32.134,innodb_rwlock_x_spin_rounds,0,0,0.000000,enabled
1782984872.133,2026-07-02 09:34:32.134,innodb_rwlock_x_spin_waits,0,0,0.000000,enabled
1782984872.133,2026-07-02 09:34:32.134,lock_deadlocks,0,0,0.000000,enabled
1782984872.133,2026-07-02 09:34:32.134,lock_deadlock_false_positives,0,0,0.000000,enabled
1782984872.133,2026-07-02 09:34:32.134,lock_deadlock_rounds,2685,2685,1.096505,enabled
1782984872.133,2026-07-02 09:34:32.134,lock_rec_grant_attempts,425,425,0.173562,enabled
1782984872.133,2026-07-02 09:34:32.134,lock_rec_release_attempts,41774772,41774772,17060.058500,enabled
1782984872.133,2026-07-02 09:34:32.134,lock_row_lock_current_waits,0,0,0.000000,enabled
1782984872.133,2026-07-02 09:34:32.134,lock_row_lock_time,323,323,0.131907,enabled
1782984872.133,2026-07-02 09:34:32.134,lock_row_lock_time_avg,0,0,0.000000,enabled
1782984872.133,2026-07-02 09:34:32.134,lock_row_lock_time_max,29,29,0.000000,enabled
1782984872.133,2026-07-02 09:34:32.134,lock_row_lock_waits,425,425,0.173562,enabled
1782984872.133,2026-07-02 09:34:32.134,lock_schedule_refreshes,2685,2685,1.096505,enabled
1782984872.133,2026-07-02 09:34:32.134,lock_threads_waiting,0,0,0.000000,enabled
1782984872.133,2026-07-02 09:34:32.134,lock_timeouts,0,0,0.000000,enabled
1782984872.133,2026-07-02 09:34:32.134,log_waits,0,0,0.000000,enabled
1782984872.133,2026-07-02 09:34:32.134,log_writes,209509281,209509281,85559.775543,enabled
1782984872.133,2026-07-02 09:34:32.134,log_write_requests,418349396,418349396,170846.276032,enabled
1782984872.133,2026-07-02 09:34:32.134,os_data_fsyncs,59362118,59362118,24242.408868,enabled
1782984872.133,2026-07-02 09:34:32.134,os_data_reads,83064013,83064013,33921.831570,enabled
1782984872.133,2026-07-02 09:34:32.134,os_data_writes,237880555,237880555,97146.090384,enabled
1782984872.133,2026-07-02 09:34:32.134,os_log_bytes_written,131981018112,131981018112,53898646.247957,enabled
1782984872.133,2026-07-02 09:34:32.134,os_log_fsyncs,51830719,51830719,21166.722505,enabled
1782984872.133,2026-07-02 09:34:32.134,os_log_pending_fsyncs,0,0,0.000000,enabled
1782984872.133,2026-07-02 09:34:32.134,os_log_pending_writes,0,0,0.000000,enabled
1782984872.133,2026-07-02 09:34:32.134,trx_rseg_history_len,357,357,0.000000,enabled
1782984873.200,2026-07-02 09:34:33.202,adaptive_hash_searches,0,0,0.000000,enabled
1782984873.200,2026-07-02 09:34:33.202,adaptive_hash_searches_btree,618979175,618979175,252669.445928,enabled
1782984873.200,2026-07-02 09:34:33.202,buffer_data_reads,1356951144960,1356951144960,553912232.875907,enabled
1782984873.200,2026-07-02 09:34:33.202,buffer_data_written,620025465344,620025465344,253096576.770277,enabled
1782984873.200,2026-07-02 09:34:33.202,buffer_pages0_read,7,7,0.002857,enabled
1782984873.200,2026-07-02 09:34:33.202,buffer_pages_created,1818670,1818670,742.387500,enabled
1782984873.200,2026-07-02 09:34:33.202,buffer_pages_read,83055448,83055448,33903.526229,enabled
1782984873.200,2026-07-02 09:34:33.202,buffer_pages_written,27566195,27566195,11252.617865,enabled
1782984873.200,2026-07-02 09:34:33.202,buffer_pool_bytes_data,12858818560,12858818560,0.000000,enabled
1782984873.200,2026-07-02 09:34:33.202,buffer_pool_bytes_dirty,4646174720,4646174720,0.000000,enabled
1782984873.200,2026-07-02 09:34:33.202,buffer_pool_pages_data,784840,784840,0.000000,enabled
1782984873.200,2026-07-02 09:34:33.202,buffer_pool_pages_dirty,283580,283580,0.000000,enabled
1782984873.200,2026-07-02 09:34:33.202,buffer_pool_pages_flushed,27509125,27509125,0.000000,enabled
1782984873.200,2026-07-02 09:34:33.202,buffer_pool_pages_free,1494,1494,0.000000,enabled
1782984873.200,2026-07-02 09:34:33.202,buffer_pool_pages_lru_flushed,0,0,0.000000,enabled
1782984873.200,2026-07-02 09:34:33.202,buffer_pool_pages_misc,96,96,0.000000,enabled
1782984873.200,2026-07-02 09:34:33.202,buffer_pool_pages_total,786432,786432,0.000000,enabled
1782984873.200,2026-07-02 09:34:33.202,buffer_pool_reads,82150678,82150678,33534.197069,enabled
1782984873.200,2026-07-02 09:34:33.202,buffer_pool_read_ahead,803715,803715,328.079300,enabled
1782984873.200,2026-07-02 09:34:33.202,buffer_pool_read_ahead_evicted,25,25,0.010205,enabled
1782984873.200,2026-07-02 09:34:33.202,buffer_pool_read_requests,2984254994,2984254994,1218183.429047,enabled
1782984873.200,2026-07-02 09:34:33.202,buffer_pool_size,12884901888,12884901888,0.000000,enabled
1782984873.200,2026-07-02 09:34:33.202,buffer_pool_wait_free,18945,18945,7.733416,enabled
1782984873.200,2026-07-02 09:34:33.202,buffer_pool_write_requests,619610187,619610187,252927.066624,enabled
1782984873.200,2026-07-02 09:34:33.202,dml_deletes,13748922,13748922,5612.357457,enabled
1782984873.200,2026-07-02 09:34:33.202,dml_inserts,113634329,113634329,46385.925704,enabled
1782984873.200,2026-07-02 09:34:33.202,dml_system_deletes,468,468,0.191039,enabled
1782984873.200,2026-07-02 09:34:33.202,dml_system_inserts,1202,1202,0.490661,enabled
1782984873.200,2026-07-02 09:34:33.202,dml_system_reads,7661,7661,3.127247,enabled
1782984873.200,2026-07-02 09:34:33.202,dml_system_updates,620,620,0.253086,enabled
1782984873.200,2026-07-02 09:34:33.202,dml_updates,27497967,27497967,11224.765114,enabled
1782984873.200,2026-07-02 09:34:33.202,file_num_open_files,35,35,0.000000,enabled
1782984873.200,2026-07-02 09:34:33.202,ibuf_merges,0,0,0.000000,enabled
1782984873.200,2026-07-02 09:34:33.202,ibuf_merges_delete,0,0,0.000000,enabled
1782984873.200,2026-07-02 09:34:33.202,ibuf_merges_delete_mark,0,0,0.000000,enabled
1782984873.200,2026-07-02 09:34:33.202,ibuf_merges_discard_delete,0,0,0.000000,enabled
1782984873.200,2026-07-02 09:34:33.202,ibuf_merges_discard_delete_mark,0,0,0.000000,enabled
1782984873.200,2026-07-02 09:34:33.202,ibuf_merges_discard_insert,0,0,0.000000,enabled
1782984873.200,2026-07-02 09:34:33.202,ibuf_merges_insert,0,0,0.000000,enabled
1782984873.200,2026-07-02 09:34:33.202,ibuf_size,1,1,0.000408,enabled
1782984873.200,2026-07-02 09:34:33.202,innodb_activity_count,18704847,18704847,7635.383289,enabled
1782984873.200,2026-07-02 09:34:33.202,innodb_dblwr_pages_written,27506707,27506707,11228.332924,enabled
1782984873.200,2026-07-02 09:34:33.202,innodb_dblwr_writes,567272,567272,231.562392,enabled
1782984873.200,2026-07-02 09:34:33.202,innodb_page_size,16384,16384,0.000000,enabled
1782984873.200,2026-07-02 09:34:33.202,innodb_rwlock_sx_os_waits,0,0,0.000000,enabled
1782984873.200,2026-07-02 09:34:33.202,innodb_rwlock_sx_spin_rounds,0,0,0.000000,enabled
1782984873.200,2026-07-02 09:34:33.202,innodb_rwlock_sx_spin_waits,0,0,0.000000,enabled
1782984873.200,2026-07-02 09:34:33.202,innodb_rwlock_s_os_waits,0,0,0.000000,enabled
1782984873.200,2026-07-02 09:34:33.202,innodb_rwlock_s_spin_rounds,0,0,0.000000,enabled
1782984873.200,2026-07-02 09:34:33.202,innodb_rwlock_s_spin_waits,0,0,0.000000,enabled
1782984873.200,2026-07-02 09:34:33.202,innodb_rwlock_x_os_waits,0,0,0.000000,enabled
1782984873.200,2026-07-02 09:34:33.202,innodb_rwlock_x_spin_rounds,0,0,0.000000,enabled
1782984873.200,2026-07-02 09:34:33.202,innodb_rwlock_x_spin_waits,0,0,0.000000,enabled
1782984873.200,2026-07-02 09:34:33.202,lock_deadlocks,0,0,0.000000,enabled
1782984873.200,2026-07-02 09:34:33.202,lock_deadlock_false_positives,0,0,0.000000,enabled
1782984873.200,2026-07-02 09:34:33.202,lock_deadlock_rounds,2687,2687,1.096843,enabled
1782984873.200,2026-07-02 09:34:33.202,lock_rec_grant_attempts,425,425,0.173487,enabled
1782984873.200,2026-07-02 09:34:33.202,lock_rec_release_attempts,41789556,41789556,17058.644645,enabled
1782984873.200,2026-07-02 09:34:33.202,lock_row_lock_current_waits,0,0,0.000000,enabled
1782984873.200,2026-07-02 09:34:33.202,lock_row_lock_time,323,323,0.131850,enabled
1782984873.200,2026-07-02 09:34:33.202,lock_row_lock_time_avg,0,0,0.000000,enabled
1782984873.200,2026-07-02 09:34:33.202,lock_row_lock_time_max,29,29,0.000000,enabled
1782984873.200,2026-07-02 09:34:33.202,lock_row_lock_waits,425,425,0.173487,enabled
1782984873.200,2026-07-02 09:34:33.202,lock_schedule_refreshes,2687,2687,1.096843,enabled
1782984873.200,2026-07-02 09:34:33.202,lock_threads_waiting,0,0,0.000000,enabled
1782984873.200,2026-07-02 09:34:33.202,lock_timeouts,0,0,0.000000,enabled
1782984873.200,2026-07-02 09:34:33.202,log_waits,0,0,0.000000,enabled
1782984873.200,2026-07-02 09:34:33.202,log_writes,209588356,209588356,85554.696515,enabled
1782984873.200,2026-07-02 09:34:33.202,log_write_requests,418432129,418432129,170805.451760,enabled
1782984873.200,2026-07-02 09:34:33.202,os_data_fsyncs,59395741,59395741,24245.549012,enabled
1782984873.200,2026-07-02 09:34:33.202,os_data_reads,83120898,83120898,33930.241057,enabled
1782984873.200,2026-07-02 09:34:33.202,os_data_writes,237975686,237975686,97142.506607,enabled
1782984873.200,2026-07-02 09:34:33.202,os_log_bytes_written,132022407168,132022407168,53892007.788902,enabled
1782984873.200,2026-07-02 09:34:33.202,os_log_fsyncs,51859620,51859620,21169.278008,enabled
1782984873.200,2026-07-02 09:34:33.202,os_log_pending_fsyncs,1,1,0.000408,enabled
1782984873.200,2026-07-02 09:34:33.202,os_log_pending_writes,1,1,0.000408,enabled
1782984873.200,2026-07-02 09:34:33.202,trx_rseg_history_len,416,416,0.000000,enabled
1782984874.270,2026-07-02 09:34:34.272,adaptive_hash_searches,0,0,0.000000,enabled
1782984874.270,2026-07-02 09:34:34.272,adaptive_hash_searches_btree,619147183,619147183,252627.362586,enabled
1782984874.270,2026-07-02 09:34:34.272,buffer_data_reads,1357885753856,1357885753856,554051038.151662,enabled
1782984874.270,2026-07-02 09:34:34.272,buffer_data_written,620338957312,620338957312,253113667.384027,enabled
1782984874.270,2026-07-02 09:34:34.272,buffer_pages0_read,7,7,0.002856,enabled
1782984874.270,2026-07-02 09:34:34.272,buffer_pages_created,1818703,1818703,742.075900,enabled
1782984874.270,2026-07-02 09:34:34.272,buffer_pages_read,83112646,83112646,33912.019293,enabled
1782984874.270,2026-07-02 09:34:34.272,buffer_pages_written,27582399,27582399,11254.302385,enabled
1782984874.270,2026-07-02 09:34:34.272,buffer_pool_bytes_data,12846137344,12846137344,0.000000,enabled
1782984874.270,2026-07-02 09:34:34.272,buffer_pool_bytes_dirty,4650614784,4650614784,0.000000,enabled
1782984874.270,2026-07-02 09:34:34.272,buffer_pool_pages_data,784066,784066,0.000000,enabled
1782984874.270,2026-07-02 09:34:34.272,buffer_pool_pages_dirty,283851,283851,0.000000,enabled
1782984874.270,2026-07-02 09:34:34.272,buffer_pool_pages_flushed,27525328,27525328,0.000000,enabled
1782984874.270,2026-07-02 09:34:34.272,buffer_pool_pages_free,2270,2270,0.000000,enabled
1782984874.270,2026-07-02 09:34:34.272,buffer_pool_pages_lru_flushed,0,0,0.000000,enabled
1782984874.270,2026-07-02 09:34:34.272,buffer_pool_pages_misc,96,96,0.000000,enabled
1782984874.270,2026-07-02 09:34:34.272,buffer_pool_pages_total,786432,786432,0.000000,enabled
1782984874.270,2026-07-02 09:34:34.272,buffer_pool_reads,82207825,82207825,33542.830968,enabled
1782984874.270,2026-07-02 09:34:34.272,buffer_pool_read_ahead,803715,803715,327.935645,enabled
1782984874.270,2026-07-02 09:34:34.272,buffer_pool_read_ahead_evicted,25,25,0.010201,enabled
1782984874.270,2026-07-02 09:34:34.272,buffer_pool_read_requests,2985088157,2985088157,1217989.978444,enabled
1782984874.270,2026-07-02 09:34:34.272,buffer_pool_size,12884901888,12884901888,0.000000,enabled
1782984874.270,2026-07-02 09:34:34.272,buffer_pool_wait_free,18945,18945,7.730030,enabled
1782984874.270,2026-07-02 09:34:34.272,buffer_pool_write_requests,619723218,619723218,252862.437776,enabled
1782984874.270,2026-07-02 09:34:34.272,dml_deletes,13753779,13753779,5611.881810,enabled
1782984874.270,2026-07-02 09:34:34.272,dml_inserts,113639187,113639187,46367.597380,enabled
1782984874.270,2026-07-02 09:34:34.272,dml_system_deletes,468,468,0.190956,enabled
1782984874.270,2026-07-02 09:34:34.272,dml_system_inserts,1202,1202,0.490446,enabled
1782984874.270,2026-07-02 09:34:34.272,dml_system_reads,7661,7661,3.125877,enabled
1782984874.270,2026-07-02 09:34:34.272,dml_system_updates,620,620,0.252975,enabled
1782984874.270,2026-07-02 09:34:34.272,dml_updates,27507680,27507680,11223.813389,enabled
1782984874.270,2026-07-02 09:34:34.272,file_num_open_files,35,35,0.000000,enabled
1782984874.270,2026-07-02 09:34:34.272,ibuf_merges,0,0,0.000000,enabled
1782984874.270,2026-07-02 09:34:34.272,ibuf_merges_delete,0,0,0.000000,enabled
1782984874.270,2026-07-02 09:34:34.272,ibuf_merges_delete_mark,0,0,0.000000,enabled
1782984874.270,2026-07-02 09:34:34.272,ibuf_merges_discard_delete,0,0,0.000000,enabled
1782984874.270,2026-07-02 09:34:34.272,ibuf_merges_discard_delete_mark,0,0,0.000000,enabled
1782984874.270,2026-07-02 09:34:34.272,ibuf_merges_discard_insert,0,0,0.000000,enabled
1782984874.270,2026-07-02 09:34:34.272,ibuf_merges_insert,0,0,0.000000,enabled
1782984874.270,2026-07-02 09:34:34.272,ibuf_size,1,1,0.000408,enabled
1782984874.270,2026-07-02 09:34:34.272,innodb_activity_count,18710424,18710424,7634.315621,enabled
1782984874.270,2026-07-02 09:34:34.272,innodb_dblwr_pages_written,27522930,27522930,11230.035884,enabled
1782984874.270,2026-07-02 09:34:34.272,innodb_dblwr_writes,567621,567621,231.603401,enabled
1782984874.270,2026-07-02 09:34:34.272,innodb_page_size,16384,16384,0.000000,enabled
1782984874.270,2026-07-02 09:34:34.272,innodb_rwlock_sx_os_waits,0,0,0.000000,enabled
1782984874.270,2026-07-02 09:34:34.272,innodb_rwlock_sx_spin_rounds,0,0,0.000000,enabled
1782984874.270,2026-07-02 09:34:34.272,innodb_rwlock_sx_spin_waits,0,0,0.000000,enabled
1782984874.270,2026-07-02 09:34:34.272,innodb_rwlock_s_os_waits,0,0,0.000000,enabled
1782984874.270,2026-07-02 09:34:34.272,innodb_rwlock_s_spin_rounds,0,0,0.000000,enabled
1782984874.270,2026-07-02 09:34:34.272,innodb_rwlock_s_spin_waits,0,0,0.000000,enabled
1782984874.270,2026-07-02 09:34:34.272,innodb_rwlock_x_os_waits,0,0,0.000000,enabled
1782984874.270,2026-07-02 09:34:34.272,innodb_rwlock_x_spin_rounds,0,0,0.000000,enabled
1782984874.270,2026-07-02 09:34:34.272,innodb_rwlock_x_spin_waits,0,0,0.000000,enabled
1782984874.270,2026-07-02 09:34:34.272,lock_deadlocks,0,0,0.000000,enabled
1782984874.270,2026-07-02 09:34:34.272,lock_deadlock_false_positives,0,0,0.000000,enabled
1782984874.270,2026-07-02 09:34:34.272,lock_deadlock_rounds,2688,2688,1.096771,enabled
1782984874.270,2026-07-02 09:34:34.272,lock_rec_grant_attempts,425,425,0.173411,enabled
1782984874.270,2026-07-02 09:34:34.272,lock_rec_release_attempts,41804297,41804297,17057.189918,enabled
1782984874.270,2026-07-02 09:34:34.272,lock_row_lock_current_waits,0,0,0.000000,enabled
1782984874.270,2026-07-02 09:34:34.272,lock_row_lock_time,323,323,0.131792,enabled
1782984874.270,2026-07-02 09:34:34.272,lock_row_lock_time_avg,0,0,0.000000,enabled
1782984874.270,2026-07-02 09:34:34.272,lock_row_lock_time_max,29,29,0.000000,enabled
1782984874.270,2026-07-02 09:34:34.272,lock_row_lock_waits,425,425,0.173411,enabled
1782984874.270,2026-07-02 09:34:34.272,lock_schedule_refreshes,2688,2688,1.096771,enabled
1782984874.270,2026-07-02 09:34:34.272,lock_threads_waiting,0,0,0.000000,enabled
1782984874.270,2026-07-02 09:34:34.272,lock_timeouts,0,0,0.000000,enabled
1782984874.270,2026-07-02 09:34:34.272,log_waits,0,0,0.000000,enabled
1782984874.270,2026-07-02 09:34:34.272,log_writes,209668457,209668457,85549.918433,enabled
1782984874.270,2026-07-02 09:34:34.272,log_write_requests,418514768,418514768,170764.381062,enabled
1782984874.270,2026-07-02 09:34:34.272,os_data_fsyncs,59429657,59429657,24248.771362,enabled
1782984874.270,2026-07-02 09:34:34.272,os_data_reads,83177913,83177913,33938.647796,enabled
1782984874.270,2026-07-02 09:34:34.272,os_data_writes,238072252,238072252,97139.372868,enabled
1782984874.270,2026-07-02 09:34:34.272,os_log_bytes_written,132064215040,132064215040,53885469.165436,enabled
1782984874.270,2026-07-02 09:34:34.272,os_log_fsyncs,51888824,51888824,21171.924754,enabled
1782984874.270,2026-07-02 09:34:34.272,os_log_pending_fsyncs,1,1,0.000408,enabled
1782984874.270,2026-07-02 09:34:34.272,os_log_pending_writes,1,1,0.000408,enabled
1782984874.270,2026-07-02 09:34:34.272,trx_rseg_history_len,373,373,0.000000,enabled
1782984875.344,2026-07-02 09:34:35.345,adaptive_hash_searches,0,0,0.000000,enabled
1782984875.344,2026-07-02 09:34:35.345,adaptive_hash_searches_btree,619314350,619314350,252585.093284,enabled
1782984875.344,2026-07-02 09:34:35.345,buffer_data_reads,1358813596160,1358813596160,554187224.689869,enabled
1782984875.344,2026-07-02 09:34:35.345,buffer_data_written,620648229376,620648229376,253129141.773206,enabled
1782984875.344,2026-07-02 09:34:35.345,buffer_pages0_read,7,7,0.002855,enabled
1782984875.344,2026-07-02 09:34:35.345,buffer_pages_created,1818730,1818730,741.762477,enabled
1782984875.344,2026-07-02 09:34:35.345,buffer_pages_read,83169439,83169439,33920.355810,enabled
1782984875.344,2026-07-02 09:34:35.345,buffer_pages_written,27598412,27598412,11255.912857,enabled
1782984875.344,2026-07-02 09:34:35.345,buffer_pool_bytes_data,12848873472,12848873472,0.000000,enabled
1782984875.344,2026-07-02 09:34:35.345,buffer_pool_bytes_dirty,4652957696,4652957696,0.000000,enabled
1782984875.344,2026-07-02 09:34:35.345,buffer_pool_pages_data,784234,784234,0.000000,enabled
1782984875.344,2026-07-02 09:34:35.345,buffer_pool_pages_dirty,283994,283994,0.000000,enabled
1782984875.344,2026-07-02 09:34:35.345,buffer_pool_pages_flushed,27541342,27541342,0.000000,enabled
1782984875.344,2026-07-02 09:34:35.345,buffer_pool_pages_free,2105,2105,0.000000,enabled
1782984875.344,2026-07-02 09:34:35.345,buffer_pool_pages_lru_flushed,0,0,0.000000,enabled
1782984875.344,2026-07-02 09:34:35.345,buffer_pool_pages_misc,97,97,0.000000,enabled
1782984875.344,2026-07-02 09:34:35.345,buffer_pool_pages_total,786432,786432,0.000000,enabled
1782984875.344,2026-07-02 09:34:35.345,buffer_pool_reads,82264556,82264556,33551.303592,enabled
1782984875.344,2026-07-02 09:34:35.345,buffer_pool_read_ahead,803715,803715,327.792272,enabled
1782984875.344,2026-07-02 09:34:35.345,buffer_pool_read_ahead_evicted,25,25,0.010196,enabled
1782984875.344,2026-07-02 09:34:35.345,buffer_pool_read_requests,2985916236,2985916236,1217795.203152,enabled
1782984875.344,2026-07-02 09:34:35.345,buffer_pool_size,12884901888,12884901888,0.000000,enabled
1782984875.344,2026-07-02 09:34:35.345,buffer_pool_wait_free,18945,18945,7.726650,enabled
1782984875.344,2026-07-02 09:34:35.345,buffer_pool_write_requests,619835344,619835344,252797.616719,enabled
1782984875.344,2026-07-02 09:34:35.345,dml_deletes,13758624,13758624,5611.404342,enabled
1782984875.344,2026-07-02 09:34:35.345,dml_inserts,113644032,113644032,46349.301736,enabled
1782984875.344,2026-07-02 09:34:35.345,dml_system_deletes,468,468,0.190872,enabled
1782984875.344,2026-07-02 09:34:35.345,dml_system_inserts,1202,1202,0.490231,enabled
1782984875.344,2026-07-02 09:34:35.345,dml_system_reads,7661,7661,3.124511,enabled
1782984875.344,2026-07-02 09:34:35.345,dml_system_updates,620,620,0.252865,enabled
1782984875.344,2026-07-02 09:34:35.345,dml_updates,27517370,27517370,11222.858433,enabled
1782984875.344,2026-07-02 09:34:35.345,file_num_open_files,35,35,0.000000,enabled
1782984875.344,2026-07-02 09:34:35.345,ibuf_merges,0,0,0.000000,enabled
1782984875.344,2026-07-02 09:34:35.345,ibuf_merges_delete,0,0,0.000000,enabled
1782984875.344,2026-07-02 09:34:35.345,ibuf_merges_delete_mark,0,0,0.000000,enabled
1782984875.344,2026-07-02 09:34:35.345,ibuf_merges_discard_delete,0,0,0.000000,enabled
1782984875.344,2026-07-02 09:34:35.345,ibuf_merges_discard_delete_mark,0,0,0.000000,enabled
1782984875.344,2026-07-02 09:34:35.345,ibuf_merges_discard_insert,0,0,0.000000,enabled
1782984875.344,2026-07-02 09:34:35.345,ibuf_merges_insert,0,0,0.000000,enabled
1782984875.344,2026-07-02 09:34:35.345,ibuf_size,1,1,0.000408,enabled
1782984875.344,2026-07-02 09:34:35.345,innodb_activity_count,18715984,18715984,7633.245554,enabled
1782984875.344,2026-07-02 09:34:35.345,innodb_dblwr_pages_written,27538930,27538930,11231.651711,enabled
1782984875.344,2026-07-02 09:34:35.345,innodb_dblwr_writes,567981,567981,231.648970,enabled
1782984875.344,2026-07-02 09:34:35.345,innodb_page_size,16384,16384,0.000000,enabled
1782984875.344,2026-07-02 09:34:35.345,innodb_rwlock_sx_os_waits,0,0,0.000000,enabled
1782984875.344,2026-07-02 09:34:35.345,innodb_rwlock_sx_spin_rounds,0,0,0.000000,enabled
1782984875.344,2026-07-02 09:34:35.345,innodb_rwlock_sx_spin_waits,0,0,0.000000,enabled
1782984875.344,2026-07-02 09:34:35.345,innodb_rwlock_s_os_waits,0,0,0.000000,enabled
1782984875.344,2026-07-02 09:34:35.345,innodb_rwlock_s_spin_rounds,0,0,0.000000,enabled
1782984875.344,2026-07-02 09:34:35.345,innodb_rwlock_s_spin_waits,0,0,0.000000,enabled
1782984875.344,2026-07-02 09:34:35.345,innodb_rwlock_x_os_waits,0,0,0.000000,enabled
1782984875.344,2026-07-02 09:34:35.345,innodb_rwlock_x_spin_rounds,0,0,0.000000,enabled
1782984875.344,2026-07-02 09:34:35.345,innodb_rwlock_x_spin_waits,0,0,0.000000,enabled
1782984875.344,2026-07-02 09:34:35.345,lock_deadlocks,0,0,0.000000,enabled
1782984875.344,2026-07-02 09:34:35.345,lock_deadlock_false_positives,0,0,0.000000,enabled
1782984875.344,2026-07-02 09:34:35.345,lock_deadlock_rounds,2689,2689,1.096699,enabled
1782984875.344,2026-07-02 09:34:35.345,lock_rec_grant_attempts,425,425,0.173335,enabled
1782984875.344,2026-07-02 09:34:35.345,lock_rec_release_attempts,41819024,41819024,17055.738883,enabled
1782984875.344,2026-07-02 09:34:35.345,lock_row_lock_current_waits,0,0,0.000000,enabled
1782984875.344,2026-07-02 09:34:35.345,lock_row_lock_time,323,323,0.131734,enabled
1782984875.344,2026-07-02 09:34:35.345,lock_row_lock_time_avg,0,0,0.000000,enabled
1782984875.344,2026-07-02 09:34:35.345,lock_row_lock_time_max,29,29,0.000000,enabled
1782984875.344,2026-07-02 09:34:35.345,lock_row_lock_waits,425,425,0.173335,enabled
1782984875.344,2026-07-02 09:34:35.345,lock_schedule_refreshes,2689,2689,1.096699,enabled
1782984875.344,2026-07-02 09:34:35.345,lock_threads_waiting,0,0,0.000000,enabled
1782984875.344,2026-07-02 09:34:35.345,lock_timeouts,0,0,0.000000,enabled
1782984875.344,2026-07-02 09:34:35.345,log_waits,0,0,0.000000,enabled
1782984875.344,2026-07-02 09:34:35.345,log_writes,209747106,209747106,85544.593248,enabled
1782984875.344,2026-07-02 09:34:35.345,log_write_requests,418596994,418596994,170723.259496,enabled
1782984875.344,2026-07-02 09:34:35.345,os_data_fsyncs,59463579,59463579,24252.004830,enabled
1782984875.344,2026-07-02 09:34:35.345,os_data_reads,83234555,83234555,33946.911148,enabled
1782984875.344,2026-07-02 09:34:35.345,os_data_writes,238167163,238167163,97135.612909,enabled
1782984875.344,2026-07-02 09:34:35.345,os_log_bytes_written,132105231360,132105231360,53878638.933601,enabled
1782984875.344,2026-07-02 09:34:35.345,os_log_fsyncs,51917741,51917741,21174.462139,enabled
1782984875.344,2026-07-02 09:34:35.345,os_log_pending_fsyncs,1,1,0.000408,enabled
1782984875.344,2026-07-02 09:34:35.345,os_log_pending_writes,1,1,0.000408,enabled
1782984875.344,2026-07-02 09:34:35.345,trx_rseg_history_len,401,401,0.000000,enabled
1782984876.415,2026-07-02 09:34:36.417,adaptive_hash_searches,0,0,0.000000,enabled
1782984876.415,2026-07-02 09:34:36.417,adaptive_hash_searches_btree,619476919,619476919,252541.233886,enabled
1782984876.415,2026-07-02 09:34:36.417,buffer_data_reads,1359715158528,1359715158528,554313123.243424,enabled
1782984876.415,2026-07-02 09:34:36.417,buffer_data_written,620995927040,620995927040,253160516.281904,enabled
1782984876.415,2026-07-02 09:34:36.417,buffer_pages0_read,7,7,0.002854,enabled
1782984876.415,2026-07-02 09:34:36.417,buffer_pages_created,1818759,1818759,741.450872,enabled
1782984876.415,2026-07-02 09:34:36.417,buffer_pages_read,83224603,83224603,33928.054279,enabled
1782984876.415,2026-07-02 09:34:36.417,buffer_pages_written,27616731,27616731,11258.473065,enabled
1782984876.415,2026-07-02 09:34:36.417,buffer_pool_bytes_data,12850757632,12850757632,0.000000,enabled
1782984876.415,2026-07-02 09:34:36.417,buffer_pool_bytes_dirty,4611801088,4611801088,0.000000,enabled
1782984876.415,2026-07-02 09:34:36.417,buffer_pool_pages_data,784348,784348,0.000000,enabled
1782984876.415,2026-07-02 09:34:36.417,buffer_pool_pages_dirty,281482,281482,0.000000,enabled
1782984876.415,2026-07-02 09:34:36.417,buffer_pool_pages_flushed,27557020,27557020,0.000000,enabled
1782984876.415,2026-07-02 09:34:36.417,buffer_pool_pages_free,1986,1986,0.000000,enabled
1782984876.415,2026-07-02 09:34:36.417,buffer_pool_pages_lru_flushed,0,0,0.000000,enabled
1782984876.415,2026-07-02 09:34:36.417,buffer_pool_pages_misc,96,96,0.000000,enabled
1782984876.415,2026-07-02 09:34:36.417,buffer_pool_pages_total,786432,786432,0.000000,enabled
1782984876.415,2026-07-02 09:34:36.417,buffer_pool_reads,82319669,82319669,33559.142207,enabled
1782984876.415,2026-07-02 09:34:36.417,buffer_pool_read_ahead,803715,803715,327.649346,enabled
1782984876.415,2026-07-02 09:34:36.417,buffer_pool_read_ahead_evicted,25,25,0.010192,enabled
1782984876.415,2026-07-02 09:34:36.417,buffer_pool_read_requests,2986722260,2986722260,1217592.803203,enabled
1782984876.415,2026-07-02 09:34:36.417,buffer_pool_size,12884901888,12884901888,0.000000,enabled
1782984876.415,2026-07-02 09:34:36.417,buffer_pool_wait_free,18945,18945,7.723281,enabled
1782984876.415,2026-07-02 09:34:36.417,buffer_pool_write_requests,619944739,619944739,252731.987188,enabled
1782984876.415,2026-07-02 09:34:36.417,dml_deletes,13763331,13763331,5610.876520,enabled
1782984876.415,2026-07-02 09:34:36.417,dml_inserts,113648737,113648737,46331.010322,enabled
1782984876.415,2026-07-02 09:34:36.417,dml_system_deletes,468,468,0.190789,enabled
1782984876.415,2026-07-02 09:34:36.417,dml_system_inserts,1202,1202,0.490018,enabled
1782984876.415,2026-07-02 09:34:36.417,dml_system_reads,7661,7661,3.123148,enabled
1782984876.415,2026-07-02 09:34:36.417,dml_system_updates,620,620,0.252754,enabled
1782984876.415,2026-07-02 09:34:36.417,dml_updates,27526782,27526782,11221.801952,enabled
1782984876.415,2026-07-02 09:34:36.417,file_num_open_files,35,35,0.000000,enabled
1782984876.415,2026-07-02 09:34:36.417,ibuf_merges,0,0,0.000000,enabled
1782984876.415,2026-07-02 09:34:36.417,ibuf_merges_delete,0,0,0.000000,enabled
1782984876.415,2026-07-02 09:34:36.417,ibuf_merges_delete_mark,0,0,0.000000,enabled
1782984876.415,2026-07-02 09:34:36.417,ibuf_merges_discard_delete,0,0,0.000000,enabled
1782984876.415,2026-07-02 09:34:36.417,ibuf_merges_discard_delete_mark,0,0,0.000000,enabled
1782984876.415,2026-07-02 09:34:36.417,ibuf_merges_discard_insert,0,0,0.000000,enabled
1782984876.415,2026-07-02 09:34:36.417,ibuf_merges_insert,0,0,0.000000,enabled
1782984876.415,2026-07-02 09:34:36.417,ibuf_size,1,1,0.000408,enabled
1782984876.415,2026-07-02 09:34:36.417,innodb_activity_count,18721387,18721387,7632.119895,enabled
1782984876.415,2026-07-02 09:34:36.417,innodb_dblwr_pages_written,27556522,27556522,11233.926122,enabled
1782984876.415,2026-07-02 09:34:36.417,innodb_dblwr_writes,568367,568367,231.705325,enabled
1782984876.415,2026-07-02 09:34:36.417,innodb_page_size,16384,16384,0.000000,enabled
1782984876.415,2026-07-02 09:34:36.417,innodb_rwlock_sx_os_waits,0,0,0.000000,enabled
1782984876.415,2026-07-02 09:34:36.417,innodb_rwlock_sx_spin_rounds,0,0,0.000000,enabled
1782984876.415,2026-07-02 09:34:36.417,innodb_rwlock_sx_spin_waits,0,0,0.000000,enabled
1782984876.415,2026-07-02 09:34:36.417,innodb_rwlock_s_os_waits,0,0,0.000000,enabled
1782984876.415,2026-07-02 09:34:36.417,innodb_rwlock_s_spin_rounds,0,0,0.000000,enabled
1782984876.415,2026-07-02 09:34:36.417,innodb_rwlock_s_spin_waits,0,0,0.000000,enabled
1782984876.415,2026-07-02 09:34:36.417,innodb_rwlock_x_os_waits,0,0,0.000000,enabled
1782984876.415,2026-07-02 09:34:36.417,innodb_rwlock_x_spin_rounds,0,0,0.000000,enabled
1782984876.415,2026-07-02 09:34:36.417,innodb_rwlock_x_spin_waits,0,0,0.000000,enabled
1782984876.415,2026-07-02 09:34:36.417,lock_deadlocks,0,0,0.000000,enabled
1782984876.415,2026-07-02 09:34:36.417,lock_deadlock_false_positives,0,0,0.000000,enabled
1782984876.415,2026-07-02 09:34:36.417,lock_deadlock_rounds,2690,2690,1.096628,enabled
1782984876.415,2026-07-02 09:34:36.417,lock_rec_grant_attempts,425,425,0.173259,enabled
1782984876.415,2026-07-02 09:34:36.417,lock_rec_release_attempts,41833343,41833343,17054.139553,enabled
1782984876.415,2026-07-02 09:34:36.417,lock_row_lock_current_waits,0,0,0.000000,enabled
1782984876.415,2026-07-02 09:34:36.417,lock_row_lock_time,323,323,0.131677,enabled
1782984876.415,2026-07-02 09:34:36.417,lock_row_lock_time_avg,0,0,0.000000,enabled
1782984876.415,2026-07-02 09:34:36.417,lock_row_lock_time_max,29,29,0.000000,enabled
1782984876.415,2026-07-02 09:34:36.417,lock_row_lock_waits,425,425,0.173259,enabled
1782984876.415,2026-07-02 09:34:36.417,lock_schedule_refreshes,2690,2690,1.096628,enabled
1782984876.415,2026-07-02 09:34:36.417,lock_threads_waiting,0,0,0.000000,enabled
1782984876.415,2026-07-02 09:34:36.417,lock_timeouts,0,0,0.000000,enabled
1782984876.415,2026-07-02 09:34:36.417,log_waits,0,0,0.000000,enabled
1782984876.415,2026-07-02 09:34:36.417,log_writes,209823882,209823882,85538.592380,enabled
1782984876.415,2026-07-02 09:34:36.417,log_write_requests,418677100,418677100,170681.475708,enabled
1782984876.415,2026-07-02 09:34:36.417,os_data_fsyncs,59496880,59496880,24255.005983,enabled
1782984876.415,2026-07-02 09:34:36.417,os_data_reads,83289558,83289558,33954.532238,enabled
1782984876.415,2026-07-02 09:34:36.417,os_data_writes,238262536,238262536,97132.139359,enabled
1782984876.415,2026-07-02 09:34:36.417,os_log_bytes_written,132145332736,132145332736,53871494.286072,enabled
1782984876.415,2026-07-02 09:34:36.417,os_log_fsyncs,51945896,51945896,21176.707340,enabled
1782984876.415,2026-07-02 09:34:36.417,os_log_pending_fsyncs,1,1,0.000408,enabled
1782984876.415,2026-07-02 09:34:36.417,os_log_pending_writes,0,0,0.000000,enabled
1782984876.415,2026-07-02 09:34:36.417,trx_rseg_history_len,258,258,0.000000,enabled
1782984877.485,2026-07-02 09:34:37.486,adaptive_hash_searches,0,0,0.000000,enabled
1782984877.485,2026-07-02 09:34:37.486,adaptive_hash_searches_btree,619642765,619642765,252498.893457,enabled
1782984877.485,2026-07-02 09:34:37.486,buffer_data_reads,1360634890752,1360634890752,554446624.876229,enabled
1782984877.485,2026-07-02 09:34:37.486,buffer_data_written,621319142912,621319142912,253182028.384167,enabled
1782984877.485,2026-07-02 09:34:37.486,buffer_pages0_read,7,7,0.002852,enabled
1782984877.485,2026-07-02 09:34:37.486,buffer_pages_created,1818803,1818803,741.146063,enabled
1782984877.485,2026-07-02 09:34:37.486,buffer_pages_read,83280912,83280912,33936.231509,enabled
1782984877.485,2026-07-02 09:34:37.486,buffer_pages_written,27633713,27633713,11260.492496,enabled
1782984877.485,2026-07-02 09:34:37.486,buffer_pool_bytes_data,12857786368,12857786368,0.000000,enabled
1782984877.485,2026-07-02 09:34:37.486,buffer_pool_bytes_dirty,4597448704,4597448704,0.000000,enabled
1782984877.485,2026-07-02 09:34:37.486,buffer_pool_pages_data,784779,784779,0.000000,enabled
1782984877.485,2026-07-02 09:34:37.486,buffer_pool_pages_dirty,280606,280606,0.000000,enabled
1782984877.485,2026-07-02 09:34:37.486,buffer_pool_pages_flushed,27576643,27576643,0.000000,enabled
1782984877.485,2026-07-02 09:34:37.486,buffer_pool_pages_free,1559,1559,0.000000,enabled
1782984877.485,2026-07-02 09:34:37.486,buffer_pool_pages_lru_flushed,0,0,0.000000,enabled
1782984877.485,2026-07-02 09:34:37.486,buffer_pool_pages_misc,97,97,0.000000,enabled
1782984877.485,2026-07-02 09:34:37.486,buffer_pool_pages_total,786432,786432,0.000000,enabled
1782984877.485,2026-07-02 09:34:37.486,buffer_pool_reads,82375919,82375919,33567.455947,enabled
1782984877.485,2026-07-02 09:34:37.486,buffer_pool_read_ahead,803715,803715,327.506727,enabled
1782984877.485,2026-07-02 09:34:37.486,buffer_pool_read_ahead_evicted,25,25,0.010187,enabled
1782984877.485,2026-07-02 09:34:37.486,buffer_pool_read_requests,2987544374,2987544374,1217397.813998,enabled
1782984877.485,2026-07-02 09:34:37.486,buffer_pool_size,12884901888,12884901888,0.000000,enabled
1782984877.485,2026-07-02 09:34:37.486,buffer_pool_wait_free,18945,18945,7.719919,enabled
1782984877.485,2026-07-02 09:34:37.486,buffer_pool_write_requests,620057026,620057026,252667.734104,enabled
1782984877.485,2026-07-02 09:34:37.486,dml_deletes,13768110,13768110,5610.381747,enabled
1782984877.485,2026-07-02 09:34:37.486,dml_inserts,113653517,113653517,46312.792226,enabled
1782984877.485,2026-07-02 09:34:37.486,dml_system_deletes,468,468,0.190706,enabled
1782984877.485,2026-07-02 09:34:37.486,dml_system_inserts,1202,1202,0.489804,enabled
1782984877.485,2026-07-02 09:34:37.486,dml_system_reads,7661,7661,3.121789,enabled
1782984877.485,2026-07-02 09:34:37.486,dml_system_updates,620,620,0.252644,enabled
1782984877.485,2026-07-02 09:34:37.486,dml_updates,27536345,27536345,11220.814423,enabled
1782984877.485,2026-07-02 09:34:37.486,file_num_open_files,35,35,0.000000,enabled
1782984877.485,2026-07-02 09:34:37.486,ibuf_merges,0,0,0.000000,enabled
1782984877.485,2026-07-02 09:34:37.486,ibuf_merges_delete,0,0,0.000000,enabled
1782984877.485,2026-07-02 09:34:37.486,ibuf_merges_delete_mark,0,0,0.000000,enabled
1782984877.485,2026-07-02 09:34:37.486,ibuf_merges_discard_delete,0,0,0.000000,enabled
1782984877.485,2026-07-02 09:34:37.486,ibuf_merges_discard_delete_mark,0,0,0.000000,enabled
1782984877.485,2026-07-02 09:34:37.486,ibuf_merges_discard_insert,0,0,0.000000,enabled
1782984877.485,2026-07-02 09:34:37.486,ibuf_merges_insert,0,0,0.000000,enabled
1782984877.485,2026-07-02 09:34:37.486,ibuf_size,1,1,0.000407,enabled
1782984877.485,2026-07-02 09:34:37.486,innodb_activity_count,18726888,18726888,7631.039553,enabled
1782984877.485,2026-07-02 09:34:37.486,innodb_dblwr_pages_written,27574225,27574225,11236.250279,enabled
1782984877.485,2026-07-02 09:34:37.486,innodb_dblwr_writes,568733,568733,231.753615,enabled
1782984877.485,2026-07-02 09:34:37.486,innodb_page_size,16384,16384,0.000000,enabled
1782984877.485,2026-07-02 09:34:37.486,innodb_rwlock_sx_os_waits,0,0,0.000000,enabled
1782984877.485,2026-07-02 09:34:37.486,innodb_rwlock_sx_spin_rounds,0,0,0.000000,enabled
1782984877.485,2026-07-02 09:34:37.486,innodb_rwlock_sx_spin_waits,0,0,0.000000,enabled
1782984877.485,2026-07-02 09:34:37.486,innodb_rwlock_s_os_waits,0,0,0.000000,enabled
1782984877.485,2026-07-02 09:34:37.486,innodb_rwlock_s_spin_rounds,0,0,0.000000,enabled
1782984877.485,2026-07-02 09:34:37.486,innodb_rwlock_s_spin_waits,0,0,0.000000,enabled
1782984877.485,2026-07-02 09:34:37.486,innodb_rwlock_x_os_waits,0,0,0.000000,enabled
1782984877.485,2026-07-02 09:34:37.486,innodb_rwlock_x_spin_rounds,0,0,0.000000,enabled
1782984877.485,2026-07-02 09:34:37.486,innodb_rwlock_x_spin_waits,0,0,0.000000,enabled
1782984877.485,2026-07-02 09:34:37.486,lock_deadlocks,0,0,0.000000,enabled
1782984877.485,2026-07-02 09:34:37.486,lock_deadlock_false_positives,0,0,0.000000,enabled
1782984877.485,2026-07-02 09:34:37.486,lock_deadlock_rounds,2691,2691,1.096559,enabled
1782984877.485,2026-07-02 09:34:37.486,lock_rec_grant_attempts,425,425,0.173184,enabled
1782984877.485,2026-07-02 09:34:37.486,lock_rec_release_attempts,41847881,41847881,17052.640302,enabled
1782984877.485,2026-07-02 09:34:37.486,lock_row_lock_current_waits,0,0,0.000000,enabled
1782984877.485,2026-07-02 09:34:37.486,lock_row_lock_time,323,323,0.131620,enabled
1782984877.485,2026-07-02 09:34:37.486,lock_row_lock_time_avg,0,0,0.000000,enabled
1782984877.485,2026-07-02 09:34:37.486,lock_row_lock_time_max,29,29,0.000000,enabled
1782984877.485,2026-07-02 09:34:37.486,lock_row_lock_waits,425,425,0.173184,enabled
1782984877.485,2026-07-02 09:34:37.486,lock_schedule_refreshes,2691,2691,1.096559,enabled
1782984877.485,2026-07-02 09:34:37.486,lock_threads_waiting,0,0,0.000000,enabled
1782984877.485,2026-07-02 09:34:37.486,lock_timeouts,0,0,0.000000,enabled
1782984877.485,2026-07-02 09:34:37.486,log_waits,0,0,0.000000,enabled
1782984877.485,2026-07-02 09:34:37.486,log_writes,209902358,209902358,85533.338797,enabled
1782984877.485,2026-07-02 09:34:37.486,log_write_requests,418758515,418758515,170640.360127,enabled
1782984877.485,2026-07-02 09:34:37.486,os_data_fsyncs,59530684,59530684,24258.223407,enabled
1782984877.485,2026-07-02 09:34:37.486,os_data_reads,83345677,83345677,33962.620947,enabled
1782984877.485,2026-07-02 09:34:37.486,os_data_writes,238358237,238358237,97128.858245,enabled
1782984877.485,2026-07-02 09:34:37.486,os_log_bytes_written,132186268160,132186268160,53864726.627238,enabled
1782984877.485,2026-07-02 09:34:37.486,os_log_fsyncs,51974793,51974793,21179.265089,enabled
1782984877.485,2026-07-02 09:34:37.486,os_log_pending_fsyncs,0,0,0.000000,enabled
1782984877.485,2026-07-02 09:34:37.486,os_log_pending_writes,0,0,0.000000,enabled
1782984877.485,2026-07-02 09:34:37.486,trx_rseg_history_len,199,199,0.000000,enabled
1782984878.553,2026-07-02 09:34:38.555,adaptive_hash_searches,0,0,0.000000,enabled
1782984878.553,2026-07-02 09:34:38.555,adaptive_hash_searches_btree,619811885,619811885,252457.513878,enabled
1782984878.553,2026-07-02 09:34:38.555,buffer_data_reads,1361572284928,1361572284928,554586324.771357,enabled
1782984878.553,2026-07-02 09:34:38.555,buffer_data_written,621634436096,621634436096,253199893.143626,enabled
1782984878.553,2026-07-02 09:34:38.555,buffer_pages0_read,7,7,0.002851,enabled
1782984878.553,2026-07-02 09:34:38.555,buffer_pages_created,1818828,1818828,740.832606,enabled
1782984878.553,2026-07-02 09:34:38.555,buffer_pages_read,83338265,83338265,33944.773037,enabled
1782984878.553,2026-07-02 09:34:38.555,buffer_pages_written,27650026,27650026,11262.219824,enabled
1782984878.553,2026-07-02 09:34:38.555,buffer_pool_bytes_data,12850479104,12850479104,0.000000,enabled
1782984878.553,2026-07-02 09:34:38.555,buffer_pool_bytes_dirty,4602626048,4602626048,0.000000,enabled
1782984878.553,2026-07-02 09:34:38.555,buffer_pool_pages_data,784331,784331,0.000000,enabled
1782984878.553,2026-07-02 09:34:38.555,buffer_pool_pages_dirty,280922,280922,0.000000,enabled
1782984878.553,2026-07-02 09:34:38.555,buffer_pool_pages_flushed,27592945,27592945,0.000000,enabled
1782984878.553,2026-07-02 09:34:38.555,buffer_pool_pages_free,2005,2005,0.000000,enabled
1782984878.553,2026-07-02 09:34:38.555,buffer_pool_pages_lru_flushed,0,0,0.000000,enabled
1782984878.553,2026-07-02 09:34:38.555,buffer_pool_pages_misc,96,96,0.000000,enabled
1782984878.553,2026-07-02 09:34:38.555,buffer_pool_pages_total,786432,786432,0.000000,enabled
1782984878.553,2026-07-02 09:34:38.555,buffer_pool_reads,82433213,82433213,33576.134548,enabled
1782984878.553,2026-07-02 09:34:38.555,buffer_pool_read_ahead,803715,803715,327.363713,enabled
1782984878.553,2026-07-02 09:34:38.555,buffer_pool_read_ahead_evicted,25,25,0.010183,enabled
1782984878.553,2026-07-02 09:34:38.555,buffer_pool_read_requests,2988381494,2988381494,1217207.178196,enabled
1782984878.553,2026-07-02 09:34:38.555,buffer_pool_size,12884901888,12884901888,0.000000,enabled
1782984878.553,2026-07-02 09:34:38.555,buffer_pool_wait_free,18945,18945,7.716548,enabled
1782984878.553,2026-07-02 09:34:38.555,buffer_pool_write_requests,620170249,620170249,252603.517931,enabled
1782984878.553,2026-07-02 09:34:38.555,dml_deletes,13773001,13773001,5609.923877,enabled
1782984878.553,2026-07-02 09:34:38.555,dml_inserts,113658409,113658409,46294.560132,enabled
1782984878.553,2026-07-02 09:34:38.555,dml_system_deletes,468,468,0.190623,enabled
1782984878.553,2026-07-02 09:34:38.555,dml_system_inserts,1202,1202,0.489590,enabled
1782984878.553,2026-07-02 09:34:38.555,dml_system_reads,7661,7661,3.120426,enabled
1782984878.553,2026-07-02 09:34:38.555,dml_system_updates,620,620,0.252534,enabled
1782984878.553,2026-07-02 09:34:38.555,dml_updates,27546124,27546124,11219.897433,enabled
1782984878.553,2026-07-02 09:34:38.555,file_num_open_files,35,35,0.000000,enabled
1782984878.553,2026-07-02 09:34:38.555,ibuf_merges,0,0,0.000000,enabled
1782984878.553,2026-07-02 09:34:38.555,ibuf_merges_delete,0,0,0.000000,enabled
1782984878.553,2026-07-02 09:34:38.555,ibuf_merges_delete_mark,0,0,0.000000,enabled
1782984878.553,2026-07-02 09:34:38.555,ibuf_merges_discard_delete,0,0,0.000000,enabled
1782984878.553,2026-07-02 09:34:38.555,ibuf_merges_discard_delete_mark,0,0,0.000000,enabled
1782984878.553,2026-07-02 09:34:38.555,ibuf_merges_discard_insert,0,0,0.000000,enabled
1782984878.553,2026-07-02 09:34:38.555,ibuf_merges_insert,0,0,0.000000,enabled
1782984878.553,2026-07-02 09:34:38.555,ibuf_size,1,1,0.000407,enabled
1782984878.553,2026-07-02 09:34:38.555,innodb_activity_count,18732508,18732508,7629.996227,enabled
1782984878.553,2026-07-02 09:34:38.555,innodb_dblwr_pages_written,27590527,27590527,11237.983482,enabled
1782984878.553,2026-07-02 09:34:38.555,innodb_dblwr_writes,569100,569100,231.801894,enabled
1782984878.553,2026-07-02 09:34:38.555,innodb_page_size,16384,16384,0.000000,enabled
1782984878.553,2026-07-02 09:34:38.555,innodb_rwlock_sx_os_waits,0,0,0.000000,enabled
1782984878.553,2026-07-02 09:34:38.555,innodb_rwlock_sx_spin_rounds,0,0,0.000000,enabled
1782984878.553,2026-07-02 09:34:38.555,innodb_rwlock_sx_spin_waits,0,0,0.000000,enabled
1782984878.553,2026-07-02 09:34:38.555,innodb_rwlock_s_os_waits,0,0,0.000000,enabled
1782984878.553,2026-07-02 09:34:38.555,innodb_rwlock_s_spin_rounds,0,0,0.000000,enabled
1782984878.553,2026-07-02 09:34:38.555,innodb_rwlock_s_spin_waits,0,0,0.000000,enabled
1782984878.553,2026-07-02 09:34:38.555,innodb_rwlock_x_os_waits,0,0,0.000000,enabled
1782984878.553,2026-07-02 09:34:38.555,innodb_rwlock_x_spin_rounds,0,0,0.000000,enabled
1782984878.553,2026-07-02 09:34:38.555,innodb_rwlock_x_spin_waits,0,0,0.000000,enabled
1782984878.553,2026-07-02 09:34:38.555,lock_deadlocks,0,0,0.000000,enabled
1782984878.553,2026-07-02 09:34:38.555,lock_deadlock_false_positives,0,0,0.000000,enabled
1782984878.553,2026-07-02 09:34:38.555,lock_deadlock_rounds,2692,2692,1.096487,enabled
1782984878.553,2026-07-02 09:34:38.555,lock_rec_grant_attempts,425,425,0.173108,enabled
1782984878.553,2026-07-02 09:34:38.555,lock_rec_release_attempts,41862741,41862741,17051.246557,enabled
1782984878.553,2026-07-02 09:34:38.555,lock_row_lock_current_waits,0,0,0.000000,enabled
1782984878.553,2026-07-02 09:34:38.555,lock_row_lock_time,323,323,0.131562,enabled
1782984878.553,2026-07-02 09:34:38.555,lock_row_lock_time_avg,0,0,0.000000,enabled
1782984878.553,2026-07-02 09:34:38.555,lock_row_lock_time_max,29,29,0.000000,enabled
1782984878.553,2026-07-02 09:34:38.555,lock_row_lock_waits,425,425,0.173108,enabled
1782984878.553,2026-07-02 09:34:38.555,lock_schedule_refreshes,2692,2692,1.096487,enabled
1782984878.553,2026-07-02 09:34:38.555,lock_threads_waiting,0,0,0.000000,enabled
1782984878.553,2026-07-02 09:34:38.555,lock_timeouts,0,0,0.000000,enabled
1782984878.553,2026-07-02 09:34:38.555,log_waits,0,0,0.000000,enabled
1782984878.553,2026-07-02 09:34:38.555,log_writes,209982718,209982718,85528.719167,enabled
1782984878.553,2026-07-02 09:34:38.555,log_write_requests,418841663,418841663,170599.710949,enabled
1782984878.553,2026-07-02 09:34:38.555,os_data_fsyncs,59565601,59565601,24261.852398,enabled
1782984878.553,2026-07-02 09:34:38.555,os_data_reads,83402866,83402866,33971.083867,enabled
1782984878.553,2026-07-02 09:34:38.555,os_data_writes,238455187,238455187,97125.932721,enabled
1782984878.553,2026-07-02 09:34:38.555,os_log_bytes_written,132228078080,132228078080,53858234.514389,enabled
1782984878.553,2026-07-02 09:34:38.555,os_log_fsyncs,52004699,52004699,21182.197557,enabled
1782984878.553,2026-07-02 09:34:38.555,os_log_pending_fsyncs,1,1,0.000407,enabled
1782984878.553,2026-07-02 09:34:38.555,os_log_pending_writes,0,0,0.000000,enabled
1782984878.553,2026-07-02 09:34:38.555,trx_rseg_history_len,242,242,0.000000,enabled
1782984879.625,2026-07-02 09:34:39.627,adaptive_hash_searches,0,0,0.000000,enabled
1782984879.625,2026-07-02 09:34:39.627,adaptive_hash_searches_btree,619980075,619980075,252415.871488,enabled
1782984879.625,2026-07-02 09:34:39.627,buffer_data_reads,1362506746368,1362506746368,554724875.320439,enabled
1782984879.625,2026-07-02 09:34:39.627,buffer_data_written,621943838720,621943838720,253215420.048191,enabled
1782984879.625,2026-07-02 09:34:39.627,buffer_pages0_read,7,7,0.002850,enabled
1782984879.625,2026-07-02 09:34:39.627,buffer_pages_created,1818856,1818856,740.520867,enabled
1782984879.625,2026-07-02 09:34:39.627,buffer_pages_read,83395480,83395480,33953.261119,enabled
1782984879.625,2026-07-02 09:34:39.627,buffer_pages_written,27666055,27666055,11263.833398,enabled
1782984879.625,2026-07-02 09:34:39.627,buffer_pool_bytes_data,12863225856,12863225856,0.000000,enabled
1782984879.625,2026-07-02 09:34:39.627,buffer_pool_bytes_dirty,4608278528,4608278528,0.000000,enabled
1782984879.625,2026-07-02 09:34:39.627,buffer_pool_pages_data,785109,785109,0.000000,enabled
1782984879.625,2026-07-02 09:34:39.627,buffer_pool_pages_dirty,281267,281267,0.000000,enabled
1782984879.625,2026-07-02 09:34:39.627,buffer_pool_pages_flushed,27608985,27608985,0.000000,enabled
1782984879.625,2026-07-02 09:34:39.627,buffer_pool_pages_free,1227,1227,0.000000,enabled
1782984879.625,2026-07-02 09:34:39.627,buffer_pool_pages_lru_flushed,0,0,0.000000,enabled
1782984879.625,2026-07-02 09:34:39.627,buffer_pool_pages_misc,96,96,0.000000,enabled
1782984879.625,2026-07-02 09:34:39.627,buffer_pool_pages_total,786432,786432,0.000000,enabled
1782984879.625,2026-07-02 09:34:39.627,buffer_pool_reads,82490351,82490351,33584.752045,enabled
1782984879.625,2026-07-02 09:34:39.627,buffer_pool_read_ahead,803715,803715,327.220922,enabled
1782984879.625,2026-07-02 09:34:39.627,buffer_pool_read_ahead_evicted,25,25,0.010178,enabled
1782984879.625,2026-07-02 09:34:39.627,buffer_pool_read_requests,2989214751,2989214751,1217015.500197,enabled
1782984879.625,2026-07-02 09:34:39.627,buffer_pool_size,12884901888,12884901888,0.000000,enabled
1782984879.625,2026-07-02 09:34:39.627,buffer_pool_wait_free,18945,18945,7.713182,enabled
1782984879.625,2026-07-02 09:34:39.627,buffer_pool_write_requests,620282604,620282604,252539.079910,enabled
1782984879.625,2026-07-02 09:34:39.627,dml_deletes,13777874,13777874,5609.460906,enabled
1782984879.625,2026-07-02 09:34:39.627,dml_inserts,113663282,113663282,46276.351293,enabled
1782984879.625,2026-07-02 09:34:39.627,dml_system_deletes,468,468,0.190539,enabled
1782984879.625,2026-07-02 09:34:39.627,dml_system_inserts,1202,1202,0.489377,enabled
1782984879.625,2026-07-02 09:34:39.627,dml_system_reads,7661,7661,3.119065,enabled
1782984879.625,2026-07-02 09:34:39.627,dml_system_updates,620,620,0.252424,enabled
1782984879.625,2026-07-02 09:34:39.627,dml_updates,27555871,27555871,11218.971881,enabled
1782984879.625,2026-07-02 09:34:39.627,file_num_open_files,35,35,0.000000,enabled
1782984879.625,2026-07-02 09:34:39.627,ibuf_merges,0,0,0.000000,enabled
1782984879.625,2026-07-02 09:34:39.627,ibuf_merges_delete,0,0,0.000000,enabled
1782984879.625,2026-07-02 09:34:39.627,ibuf_merges_delete_mark,0,0,0.000000,enabled
1782984879.625,2026-07-02 09:34:39.627,ibuf_merges_discard_delete,0,0,0.000000,enabled
1782984879.625,2026-07-02 09:34:39.627,ibuf_merges_discard_delete_mark,0,0,0.000000,enabled
1782984879.625,2026-07-02 09:34:39.627,ibuf_merges_discard_insert,0,0,0.000000,enabled
1782984879.625,2026-07-02 09:34:39.627,ibuf_merges_insert,0,0,0.000000,enabled
1782984879.625,2026-07-02 09:34:39.627,ibuf_size,1,1,0.000407,enabled
1782984879.625,2026-07-02 09:34:39.627,innodb_activity_count,18738102,18738102,7628.945656,enabled
1782984879.625,2026-07-02 09:34:39.627,innodb_dblwr_pages_written,27606567,27606567,11239.612113,enabled
1782984879.625,2026-07-02 09:34:39.627,innodb_dblwr_writes,569461,569461,231.847761,enabled
1782984879.625,2026-07-02 09:34:39.627,innodb_page_size,16384,16384,0.000000,enabled
1782984879.625,2026-07-02 09:34:39.627,innodb_rwlock_sx_os_waits,0,0,0.000000,enabled
1782984879.625,2026-07-02 09:34:39.627,innodb_rwlock_sx_spin_rounds,0,0,0.000000,enabled
1782984879.625,2026-07-02 09:34:39.627,innodb_rwlock_sx_spin_waits,0,0,0.000000,enabled
1782984879.625,2026-07-02 09:34:39.627,innodb_rwlock_s_os_waits,0,0,0.000000,enabled
1782984879.625,2026-07-02 09:34:39.627,innodb_rwlock_s_spin_rounds,0,0,0.000000,enabled
1782984879.625,2026-07-02 09:34:39.627,innodb_rwlock_s_spin_waits,0,0,0.000000,enabled
1782984879.625,2026-07-02 09:34:39.627,innodb_rwlock_x_os_waits,0,0,0.000000,enabled
1782984879.625,2026-07-02 09:34:39.627,innodb_rwlock_x_spin_rounds,0,0,0.000000,enabled
1782984879.625,2026-07-02 09:34:39.627,innodb_rwlock_x_spin_waits,0,0,0.000000,enabled
1782984879.625,2026-07-02 09:34:39.627,lock_deadlocks,0,0,0.000000,enabled
1782984879.625,2026-07-02 09:34:39.627,lock_deadlock_false_positives,0,0,0.000000,enabled
1782984879.625,2026-07-02 09:34:39.627,lock_deadlock_rounds,2693,2693,1.096416,enabled
1782984879.625,2026-07-02 09:34:39.627,lock_rec_grant_attempts,425,425,0.173033,enabled
1782984879.625,2026-07-02 09:34:39.627,lock_rec_release_attempts,41877536,41877536,17049.832633,enabled
1782984879.625,2026-07-02 09:34:39.627,lock_row_lock_current_waits,0,0,0.000000,enabled
1782984879.625,2026-07-02 09:34:39.627,lock_row_lock_time,323,323,0.131505,enabled
1782984879.625,2026-07-02 09:34:39.627,lock_row_lock_time_avg,0,0,0.000000,enabled
1782984879.625,2026-07-02 09:34:39.627,lock_row_lock_time_max,29,29,0.000000,enabled
1782984879.625,2026-07-02 09:34:39.627,lock_row_lock_waits,425,425,0.173033,enabled
1782984879.625,2026-07-02 09:34:39.627,lock_schedule_refreshes,2693,2693,1.096416,enabled
1782984879.625,2026-07-02 09:34:39.627,lock_threads_waiting,0,0,0.000000,enabled
1782984879.625,2026-07-02 09:34:39.627,lock_timeouts,0,0,0.000000,enabled
1782984879.625,2026-07-02 09:34:39.627,log_waits,0,0,0.000000,enabled
1782984879.625,2026-07-02 09:34:39.627,log_writes,210061165,210061165,85523.351085,enabled
1782984879.625,2026-07-02 09:34:39.627,log_write_requests,418924404,418924404,170558.984123,enabled
1782984879.625,2026-07-02 09:34:39.627,os_data_fsyncs,59599539,59599539,24265.086995,enabled
1782984879.625,2026-07-02 09:34:39.627,os_data_reads,83459897,83459897,33979.485386,enabled
1782984879.625,2026-07-02 09:34:39.627,os_data_writes,238549900,238549900,97122.128422,enabled
1782984879.625,2026-07-02 09:34:39.627,os_log_bytes_written,132268840448,132268840448,53851337.932060,enabled
1782984879.625,2026-07-02 09:34:39.627,os_log_fsyncs,52033781,52033781,21184.798424,enabled
1782984879.625,2026-07-02 09:34:39.627,os_log_pending_fsyncs,1,1,0.000407,enabled
1782984879.625,2026-07-02 09:34:39.627,os_log_pending_writes,1,1,0.000407,enabled
1782984879.625,2026-07-02 09:34:39.627,trx_rseg_history_len,285,285,0.000000,enabled
1782984880.697,2026-07-02 09:34:40.698,adaptive_hash_searches,0,0,0.000000,enabled
1782984880.697,2026-07-02 09:34:40.698,adaptive_hash_searches_btree,620148490,620148490,252374.613534,enabled
1782984880.697,2026-07-02 09:34:40.698,buffer_data_reads,1363439979008,1363439979008,554863362.323024,enabled
1782984880.697,2026-07-02 09:34:40.698,buffer_data_written,622254488064,622254488064,253231695.220582,enabled
1782984880.697,2026-07-02 09:34:40.698,buffer_pages0_read,7,7,0.002849,enabled
1782984880.697,2026-07-02 09:34:40.698,buffer_pages_created,1818877,1818877,740.207292,enabled
1782984880.697,2026-07-02 09:34:40.698,buffer_pages_read,83452592,83452592,33961.733976,enabled
1782984880.697,2026-07-02 09:34:40.698,buffer_pages_written,27682108,27682108,11265.466633,enabled
1782984880.697,2026-07-02 09:34:40.698,buffer_pool_bytes_data,12857278464,12857278464,0.000000,enabled
1782984880.697,2026-07-02 09:34:40.698,buffer_pool_bytes_dirty,4615323648,4615323648,0.000000,enabled
1782984880.697,2026-07-02 09:34:40.698,buffer_pool_pages_data,784746,784746,0.000000,enabled
1782984880.697,2026-07-02 09:34:40.698,buffer_pool_pages_dirty,281697,281697,0.000000,enabled
1782984880.697,2026-07-02 09:34:40.698,buffer_pool_pages_flushed,27625038,27625038,0.000000,enabled
1782984880.697,2026-07-02 09:34:40.698,buffer_pool_pages_free,1589,1589,0.000000,enabled
1782984880.697,2026-07-02 09:34:40.698,buffer_pool_pages_lru_flushed,0,0,0.000000,enabled
1782984880.697,2026-07-02 09:34:40.698,buffer_pool_pages_misc,96,96,0.000000,enabled
1782984880.697,2026-07-02 09:34:40.698,buffer_pool_pages_total,786432,786432,0.000000,enabled
1782984880.697,2026-07-02 09:34:40.698,buffer_pool_reads,82547401,82547401,33593.359891,enabled
1782984880.697,2026-07-02 09:34:40.698,buffer_pool_read_ahead,803715,803715,327.078584,enabled
1782984880.697,2026-07-02 09:34:40.698,buffer_pool_read_ahead_evicted,25,25,0.010174,enabled
1782984880.697,2026-07-02 09:34:40.698,buffer_pool_read_requests,2990049059,2990049059,1216825.635570,enabled
1782984880.697,2026-07-02 09:34:40.698,buffer_pool_size,12884901888,12884901888,0.000000,enabled
1782984880.697,2026-07-02 09:34:40.698,buffer_pool_wait_free,18945,18945,7.709827,enabled
1782984880.697,2026-07-02 09:34:40.698,buffer_pool_write_requests,620395472,620395472,252475.159827,enabled
1782984880.697,2026-07-02 09:34:40.698,dml_deletes,13782743,13782743,5609.002369,enabled
1782984880.697,2026-07-02 09:34:40.698,dml_inserts,113668151,113668151,46258.203374,enabled
1782984880.697,2026-07-02 09:34:40.698,dml_system_deletes,468,468,0.190457,enabled
1782984880.697,2026-07-02 09:34:40.698,dml_system_inserts,1202,1202,0.489164,enabled
1782984880.697,2026-07-02 09:34:40.698,dml_system_reads,7661,7661,3.117708,enabled
1782984880.697,2026-07-02 09:34:40.698,dml_system_updates,620,620,0.252314,enabled
1782984880.697,2026-07-02 09:34:40.698,dml_updates,27565619,27565619,11218.058855,enabled
1782984880.697,2026-07-02 09:34:40.698,file_num_open_files,35,35,0.000000,enabled
1782984880.697,2026-07-02 09:34:40.698,ibuf_merges,0,0,0.000000,enabled
1782984880.697,2026-07-02 09:34:40.698,ibuf_merges_delete,0,0,0.000000,enabled
1782984880.697,2026-07-02 09:34:40.698,ibuf_merges_delete_mark,0,0,0.000000,enabled
1782984880.697,2026-07-02 09:34:40.698,ibuf_merges_discard_delete,0,0,0.000000,enabled
1782984880.697,2026-07-02 09:34:40.698,ibuf_merges_discard_delete_mark,0,0,0.000000,enabled
1782984880.697,2026-07-02 09:34:40.698,ibuf_merges_discard_insert,0,0,0.000000,enabled
1782984880.697,2026-07-02 09:34:40.698,ibuf_merges_insert,0,0,0.000000,enabled
1782984880.697,2026-07-02 09:34:40.698,ibuf_size,1,1,0.000407,enabled
1782984880.697,2026-07-02 09:34:40.698,innodb_activity_count,18743705,18743705,7627.907395,enabled
1782984880.697,2026-07-02 09:34:40.698,innodb_dblwr_pages_written,27622620,27622620,11241.255992,enabled
1782984880.697,2026-07-02 09:34:40.698,innodb_dblwr_writes,569818,569818,231.892196,enabled
1782984880.697,2026-07-02 09:34:40.698,innodb_page_size,16384,16384,0.000000,enabled
1782984880.697,2026-07-02 09:34:40.698,innodb_rwlock_sx_os_waits,0,0,0.000000,enabled
1782984880.697,2026-07-02 09:34:40.698,innodb_rwlock_sx_spin_rounds,0,0,0.000000,enabled
1782984880.697,2026-07-02 09:34:40.698,innodb_rwlock_sx_spin_waits,0,0,0.000000,enabled
1782984880.697,2026-07-02 09:34:40.698,innodb_rwlock_s_os_waits,0,0,0.000000,enabled
1782984880.697,2026-07-02 09:34:40.698,innodb_rwlock_s_spin_rounds,0,0,0.000000,enabled
1782984880.697,2026-07-02 09:34:40.698,innodb_rwlock_s_spin_waits,0,0,0.000000,enabled
1782984880.697,2026-07-02 09:34:40.698,innodb_rwlock_x_os_waits,0,0,0.000000,enabled
1782984880.697,2026-07-02 09:34:40.698,innodb_rwlock_x_spin_rounds,0,0,0.000000,enabled
1782984880.697,2026-07-02 09:34:40.698,innodb_rwlock_x_spin_waits,0,0,0.000000,enabled
1782984880.697,2026-07-02 09:34:40.698,lock_deadlocks,0,0,0.000000,enabled
1782984880.697,2026-07-02 09:34:40.698,lock_deadlock_false_positives,0,0,0.000000,enabled
1782984880.697,2026-07-02 09:34:40.698,lock_deadlock_rounds,2694,2694,1.096346,enabled
1782984880.697,2026-07-02 09:34:40.698,lock_rec_grant_attempts,425,425,0.172957,enabled
1782984880.697,2026-07-02 09:34:40.698,lock_rec_release_attempts,41892361,41892361,17048.449217,enabled
1782984880.697,2026-07-02 09:34:40.698,lock_row_lock_current_waits,0,0,0.000000,enabled
1782984880.697,2026-07-02 09:34:40.698,lock_row_lock_time,323,323,0.131448,enabled
1782984880.697,2026-07-02 09:34:40.698,lock_row_lock_time_avg,0,0,0.000000,enabled
1782984880.697,2026-07-02 09:34:40.698,lock_row_lock_time_max,29,29,0.000000,enabled
1782984880.697,2026-07-02 09:34:40.698,lock_row_lock_waits,425,425,0.172957,enabled
1782984880.697,2026-07-02 09:34:40.698,lock_schedule_refreshes,2694,2694,1.096346,enabled
1782984880.697,2026-07-02 09:34:40.698,lock_threads_waiting,0,0,0.000000,enabled
1782984880.697,2026-07-02 09:34:40.698,lock_timeouts,0,0,0.000000,enabled
1782984880.697,2026-07-02 09:34:40.698,log_waits,0,0,0.000000,enabled
1782984880.697,2026-07-02 09:34:40.698,log_writes,210140886,210140886,85518.593199,enabled
1782984880.697,2026-07-02 09:34:40.698,log_write_requests,419007210,419007210,170518.492847,enabled
1782984880.697,2026-07-02 09:34:40.698,os_data_fsyncs,59633889,59633889,24268.511239,enabled
1782984880.697,2026-07-02 09:34:40.698,os_data_reads,83516838,83516838,33987.877667,enabled
1782984880.697,2026-07-02 09:34:40.698,os_data_writes,238645949,238645949,97118.970367,enabled
1782984880.697,2026-07-02 09:34:40.698,os_log_bytes_written,132310365696,132310365696,53844812.831344,enabled
1782984880.697,2026-07-02 09:34:40.698,os_log_fsyncs,52063140,52063140,21187.531391,enabled
1782984880.697,2026-07-02 09:34:40.698,os_log_pending_fsyncs,1,1,0.000407,enabled
1782984880.697,2026-07-02 09:34:40.698,os_log_pending_writes,0,0,0.000000,enabled
1782984880.697,2026-07-02 09:34:40.698,trx_rseg_history_len,336,336,0.000000,enabled
1782984881.765,2026-07-02 09:34:41.767,adaptive_hash_searches,0,0,0.000000,enabled
1782984881.765,2026-07-02 09:34:41.767,adaptive_hash_searches_btree,620316672,620316672,252332.999025,enabled
1782984881.765,2026-07-02 09:34:41.767,buffer_data_reads,1364373195264,1364373195264,555001068.865914,enabled
1782984881.765,2026-07-02 09:34:41.767,buffer_data_written,622568401920,622568401920,253248986.030719,enabled
1782984881.765,2026-07-02 09:34:41.767,buffer_pages0_read,7,7,0.002847,enabled
1782984881.765,2026-07-02 09:34:41.767,buffer_pages_created,1818904,1818904,739.895562,enabled
1782984881.765,2026-07-02 09:34:41.767,buffer_pages_read,83509721,83509721,33970.166414,enabled
1782984881.765,2026-07-02 09:34:41.767,buffer_pages_written,27698327,27698327,11267.152722,enabled
1782984881.765,2026-07-02 09:34:41.767,buffer_pool_bytes_data,12849545216,12849545216,0.000000,enabled
1782984881.765,2026-07-02 09:34:41.767,buffer_pool_bytes_dirty,4616683520,4616683520,0.000000,enabled
1782984881.765,2026-07-02 09:34:41.767,buffer_pool_pages_data,784274,784274,0.000000,enabled
1782984881.765,2026-07-02 09:34:41.767,buffer_pool_pages_dirty,281780,281780,0.000000,enabled
1782984881.765,2026-07-02 09:34:41.767,buffer_pool_pages_flushed,27641235,27641235,0.000000,enabled
1782984881.765,2026-07-02 09:34:41.767,buffer_pool_pages_free,2062,2062,0.000000,enabled
1782984881.765,2026-07-02 09:34:41.767,buffer_pool_pages_lru_flushed,0,0,0.000000,enabled
1782984881.765,2026-07-02 09:34:41.767,buffer_pool_pages_misc,96,96,0.000000,enabled
1782984881.765,2026-07-02 09:34:41.767,buffer_pool_pages_total,786432,786432,0.000000,enabled
1782984881.765,2026-07-02 09:34:41.767,buffer_pool_reads,82604477,82604477,33601.931492,enabled
1782984881.765,2026-07-02 09:34:41.767,buffer_pool_read_ahead,803715,803715,326.935985,enabled
1782984881.765,2026-07-02 09:34:41.767,buffer_pool_read_ahead_evicted,25,25,0.010170,enabled
1782984881.765,2026-07-02 09:34:41.767,buffer_pool_read_requests,2990882200,2990882200,1216634.035777,enabled
1782984881.765,2026-07-02 09:34:41.767,buffer_pool_size,12884901888,12884901888,0.000000,enabled
1782984881.765,2026-07-02 09:34:41.767,buffer_pool_wait_free,18945,18945,7.706466,enabled
1782984881.765,2026-07-02 09:34:41.767,buffer_pool_write_requests,620508280,620508280,252410.975023,enabled
1782984881.765,2026-07-02 09:34:41.767,dml_deletes,13787612,13787612,5608.537639,enabled
1782984881.765,2026-07-02 09:34:41.767,dml_inserts,113673020,113673020,46240.016887,enabled
1782984881.765,2026-07-02 09:34:41.767,dml_system_deletes,468,468,0.190373,enabled
1782984881.765,2026-07-02 09:34:41.767,dml_system_inserts,1202,1202,0.488951,enabled
1782984881.765,2026-07-02 09:34:41.767,dml_system_reads,7661,7661,3.116349,enabled
1782984881.765,2026-07-02 09:34:41.767,dml_system_updates,620,620,0.252204,enabled
1782984881.765,2026-07-02 09:34:41.767,dml_updates,27575349,27575349,11217.126117,enabled
1782984881.765,2026-07-02 09:34:41.767,file_num_open_files,35,35,0.000000,enabled
1782984881.765,2026-07-02 09:34:41.767,ibuf_merges,0,0,0.000000,enabled
1782984881.765,2026-07-02 09:34:41.767,ibuf_merges_delete,0,0,0.000000,enabled
1782984881.765,2026-07-02 09:34:41.767,ibuf_merges_delete_mark,0,0,0.000000,enabled
1782984881.765,2026-07-02 09:34:41.767,ibuf_merges_discard_delete,0,0,0.000000,enabled
1782984881.765,2026-07-02 09:34:41.767,ibuf_merges_discard_delete_mark,0,0,0.000000,enabled
1782984881.765,2026-07-02 09:34:41.767,ibuf_merges_discard_insert,0,0,0.000000,enabled
1782984881.765,2026-07-02 09:34:41.767,ibuf_merges_insert,0,0,0.000000,enabled
1782984881.765,2026-07-02 09:34:41.767,ibuf_size,1,1,0.000407,enabled
1782984881.765,2026-07-02 09:34:41.767,innodb_activity_count,18749295,18749295,7626.855768,enabled
1782984881.765,2026-07-02 09:34:41.767,innodb_dblwr_pages_written,27638817,27638817,11242.943784,enabled
1782984881.765,2026-07-02 09:34:41.767,innodb_dblwr_writes,570198,570198,231.945675,enabled
1782984881.765,2026-07-02 09:34:41.767,innodb_page_size,16384,16384,0.000000,enabled
1782984881.765,2026-07-02 09:34:41.767,innodb_rwlock_sx_os_waits,0,0,0.000000,enabled
1782984881.765,2026-07-02 09:34:41.767,innodb_rwlock_sx_spin_rounds,0,0,0.000000,enabled
1782984881.765,2026-07-02 09:34:41.767,innodb_rwlock_sx_spin_waits,0,0,0.000000,enabled
1782984881.765,2026-07-02 09:34:41.767,innodb_rwlock_s_os_waits,0,0,0.000000,enabled
1782984881.765,2026-07-02 09:34:41.767,innodb_rwlock_s_spin_rounds,0,0,0.000000,enabled
1782984881.765,2026-07-02 09:34:41.767,innodb_rwlock_s_spin_waits,0,0,0.000000,enabled
1782984881.765,2026-07-02 09:34:41.767,innodb_rwlock_x_os_waits,0,0,0.000000,enabled
1782984881.765,2026-07-02 09:34:41.767,innodb_rwlock_x_spin_rounds,0,0,0.000000,enabled
1782984881.765,2026-07-02 09:34:41.767,innodb_rwlock_x_spin_waits,0,0,0.000000,enabled
1782984881.765,2026-07-02 09:34:41.767,lock_deadlocks,0,0,0.000000,enabled
1782984881.765,2026-07-02 09:34:41.767,lock_deadlock_false_positives,0,0,0.000000,enabled
1782984881.765,2026-07-02 09:34:41.767,lock_deadlock_rounds,2695,2695,1.096275,enabled
1782984881.765,2026-07-02 09:34:41.767,lock_rec_grant_attempts,425,425,0.172882,enabled
1782984881.765,2026-07-02 09:34:41.767,lock_rec_release_attempts,41907179,41907179,17047.044235,enabled
1782984881.765,2026-07-02 09:34:41.767,lock_row_lock_current_waits,0,0,0.000000,enabled
1782984881.765,2026-07-02 09:34:41.767,lock_row_lock_time,323,323,0.131390,enabled
1782984881.765,2026-07-02 09:34:41.767,lock_row_lock_time_avg,0,0,0.000000,enabled
1782984881.765,2026-07-02 09:34:41.767,lock_row_lock_time_max,29,29,0.000000,enabled
1782984881.765,2026-07-02 09:34:41.767,lock_row_lock_waits,425,425,0.172882,enabled
1782984881.765,2026-07-02 09:34:41.767,lock_schedule_refreshes,2695,2695,1.096275,enabled
1782984881.765,2026-07-02 09:34:41.767,lock_threads_waiting,0,0,0.000000,enabled
1782984881.765,2026-07-02 09:34:41.767,lock_timeouts,0,0,0.000000,enabled
1782984881.765,2026-07-02 09:34:41.767,log_waits,0,0,0.000000,enabled
1782984881.765,2026-07-02 09:34:41.767,log_writes,210221236,210221236,85513.994344,enabled
1782984881.765,2026-07-02 09:34:41.767,log_write_requests,419089966,419089966,170477.815113,enabled
1782984881.765,2026-07-02 09:34:41.767,os_data_fsyncs,59668524,59668524,24272.019571,enabled
1782984881.765,2026-07-02 09:34:41.767,os_data_reads,83573808,83573808,33996.234027,enabled
1782984881.765,2026-07-02 09:34:41.767,os_data_writes,238742822,238742822,97116.034774,enabled
1782984881.765,2026-07-02 09:34:41.767,os_log_bytes_written,132352287232,132352287232,53838390.580165,enabled
1782984881.765,2026-07-02 09:34:41.767,os_log_fsyncs,52092592,52092592,21190.274614,enabled
1782984881.765,2026-07-02 09:34:41.767,os_log_pending_fsyncs,1,1,0.000407,enabled
1782984881.765,2026-07-02 09:34:41.767,os_log_pending_writes,0,0,0.000000,enabled
1782984881.765,2026-07-02 09:34:41.767,trx_rseg_history_len,336,336,0.000000,enabled
1782984882.837,2026-07-02 09:34:42.839,adaptive_hash_searches,0,0,0.000000,enabled
1782984882.837,2026-07-02 09:34:42.839,adaptive_hash_searches_btree,620485121,620485121,252291.530262,enabled
1782984882.837,2026-07-02 09:34:42.839,buffer_data_reads,1365304396288,1365304396288,555137848.347054,enabled
1782984882.837,2026-07-02 09:34:42.839,buffer_data_written,622878611968,622878611968,253264761.397557,enabled
1782984882.837,2026-07-02 09:34:42.839,buffer_pages0_read,7,7,0.002846,enabled
1782984882.837,2026-07-02 09:34:42.839,buffer_pages_created,1818947,1818947,739.590625,enabled
1782984882.837,2026-07-02 09:34:42.839,buffer_pages_read,83566741,83566741,33978.547933,enabled
1782984882.837,2026-07-02 09:34:42.839,buffer_pages_written,27714332,27714332,11268.750583,enabled
1782984882.837,2026-07-02 09:34:42.839,buffer_pool_bytes_data,12850364416,12850364416,0.000000,enabled
1782984882.837,2026-07-02 09:34:42.839,buffer_pool_bytes_dirty,4622270464,4622270464,0.000000,enabled
1782984882.837,2026-07-02 09:34:42.839,buffer_pool_pages_data,784325,784325,0.000000,enabled
1782984882.837,2026-07-02 09:34:42.839,buffer_pool_pages_dirty,282122,282122,0.000000,enabled
1782984882.837,2026-07-02 09:34:42.839,buffer_pool_pages_flushed,27657248,27657248,0.000000,enabled
1782984882.837,2026-07-02 09:34:42.839,buffer_pool_pages_free,2014,2014,0.000000,enabled
1782984882.837,2026-07-02 09:34:42.839,buffer_pool_pages_lru_flushed,0,0,0.000000,enabled
1782984882.837,2026-07-02 09:34:42.839,buffer_pool_pages_misc,96,96,0.000000,enabled
1782984882.837,2026-07-02 09:34:42.839,buffer_pool_pages_total,786432,786432,0.000000,enabled
1782984882.837,2026-07-02 09:34:42.839,buffer_pool_reads,82661433,82661433,33610.447415,enabled
1782984882.837,2026-07-02 09:34:42.839,buffer_pool_read_ahead,803715,803715,326.793518,enabled
1782984882.837,2026-07-02 09:34:42.839,buffer_pool_read_ahead_evicted,25,25,0.010165,enabled
1782984882.837,2026-07-02 09:34:42.839,buffer_pool_read_requests,2991717206,2991717206,1216443.385163,enabled
1782984882.837,2026-07-02 09:34:42.839,buffer_pool_size,12884901888,12884901888,0.000000,enabled
1782984882.837,2026-07-02 09:34:42.839,buffer_pool_wait_free,18945,18945,7.703108,enabled
1782984882.837,2026-07-02 09:34:42.839,buffer_pool_write_requests,620622021,620622021,252347.230574,enabled
1782984882.837,2026-07-02 09:34:42.839,dml_deletes,13792478,13792478,5608.072104,enabled
1782984882.837,2026-07-02 09:34:42.839,dml_inserts,113677887,113677887,46221.845519,enabled
1782984882.837,2026-07-02 09:34:42.839,dml_system_deletes,468,468,0.190291,enabled
1782984882.837,2026-07-02 09:34:42.839,dml_system_inserts,1202,1202,0.488738,enabled
1782984882.837,2026-07-02 09:34:42.839,dml_system_reads,7661,7661,3.114991,enabled
1782984882.837,2026-07-02 09:34:42.839,dml_system_updates,620,620,0.252094,enabled
1782984882.837,2026-07-02 09:34:42.839,dml_updates,27585082,27585082,11216.195430,enabled
1782984882.837,2026-07-02 09:34:42.839,file_num_open_files,35,35,0.000000,enabled
1782984882.837,2026-07-02 09:34:42.839,ibuf_merges,0,0,0.000000,enabled
1782984882.837,2026-07-02 09:34:42.839,ibuf_merges_delete,0,0,0.000000,enabled
1782984882.837,2026-07-02 09:34:42.839,ibuf_merges_delete_mark,0,0,0.000000,enabled
1782984882.837,2026-07-02 09:34:42.839,ibuf_merges_discard_delete,0,0,0.000000,enabled
1782984882.837,2026-07-02 09:34:42.839,ibuf_merges_discard_delete_mark,0,0,0.000000,enabled
1782984882.837,2026-07-02 09:34:42.839,ibuf_merges_discard_insert,0,0,0.000000,enabled
1782984882.837,2026-07-02 09:34:42.839,ibuf_merges_insert,0,0,0.000000,enabled
1782984882.837,2026-07-02 09:34:42.839,ibuf_size,1,1,0.000407,enabled
1782984882.837,2026-07-02 09:34:42.839,innodb_activity_count,18754889,18754889,7625.806704,enabled
1782984882.837,2026-07-02 09:34:42.839,innodb_dblwr_pages_written,27654830,27654830,11244.555322,enabled
1782984882.837,2026-07-02 09:34:42.839,innodb_dblwr_writes,570558,570558,231.990976,enabled
1782984882.837,2026-07-02 09:34:42.839,innodb_page_size,16384,16384,0.000000,enabled
1782984882.837,2026-07-02 09:34:42.839,innodb_rwlock_sx_os_waits,0,0,0.000000,enabled
1782984882.837,2026-07-02 09:34:42.839,innodb_rwlock_sx_spin_rounds,0,0,0.000000,enabled
1782984882.837,2026-07-02 09:34:42.839,innodb_rwlock_sx_spin_waits,0,0,0.000000,enabled
1782984882.837,2026-07-02 09:34:42.839,innodb_rwlock_s_os_waits,0,0,0.000000,enabled
1782984882.837,2026-07-02 09:34:42.839,innodb_rwlock_s_spin_rounds,0,0,0.000000,enabled
1782984882.837,2026-07-02 09:34:42.839,innodb_rwlock_s_spin_waits,0,0,0.000000,enabled
1782984882.837,2026-07-02 09:34:42.839,innodb_rwlock_x_os_waits,0,0,0.000000,enabled
1782984882.837,2026-07-02 09:34:42.839,innodb_rwlock_x_spin_rounds,0,0,0.000000,enabled
1782984882.837,2026-07-02 09:34:42.839,innodb_rwlock_x_spin_waits,0,0,0.000000,enabled
1782984882.837,2026-07-02 09:34:42.839,lock_deadlocks,0,0,0.000000,enabled
1782984882.837,2026-07-02 09:34:42.839,lock_deadlock_false_positives,0,0,0.000000,enabled
1782984882.837,2026-07-02 09:34:42.839,lock_deadlock_rounds,2696,2696,1.096204,enabled
1782984882.837,2026-07-02 09:34:42.839,lock_rec_grant_attempts,425,425,0.172807,enabled
1782984882.837,2026-07-02 09:34:42.839,lock_rec_release_attempts,41921960,41921960,17045.625713,enabled
1782984882.837,2026-07-02 09:34:42.839,lock_row_lock_current_waits,0,0,0.000000,enabled
1782984882.837,2026-07-02 09:34:42.839,lock_row_lock_time,323,323,0.131333,enabled
1782984882.837,2026-07-02 09:34:42.839,lock_row_lock_time_avg,0,0,0.000000,enabled
1782984882.837,2026-07-02 09:34:42.839,lock_row_lock_time_max,29,29,0.000000,enabled
1782984882.837,2026-07-02 09:34:42.839,lock_row_lock_waits,425,425,0.172807,enabled
1782984882.837,2026-07-02 09:34:42.839,lock_schedule_refreshes,2696,2696,1.096204,enabled
1782984882.837,2026-07-02 09:34:42.839,lock_threads_waiting,0,0,0.000000,enabled
1782984882.837,2026-07-02 09:34:42.839,lock_timeouts,0,0,0.000000,enabled
1782984882.837,2026-07-02 09:34:42.839,log_waits,0,0,0.000000,enabled
1782984882.837,2026-07-02 09:34:42.839,log_writes,210301101,210301101,85509.202771,enabled
1782984882.837,2026-07-02 09:34:42.839,log_write_requests,419172712,419172712,170437.169759,enabled
1782984882.837,2026-07-02 09:34:42.839,os_data_fsyncs,59702507,59702507,24275.260085,enabled
1782984882.837,2026-07-02 09:34:42.839,os_data_reads,83630660,83630660,34004.535620,enabled
1782984882.837,2026-07-02 09:34:42.839,os_data_writes,238838946,238838946,97112.798598,enabled
1782984882.837,2026-07-02 09:34:42.839,os_log_bytes_written,132394125824,132394125824,53831940.978531,enabled
1782984882.837,2026-07-02 09:34:42.839,os_log_fsyncs,52121752,52121752,21192.897026,enabled
1782984882.837,2026-07-02 09:34:42.839,os_log_pending_fsyncs,1,1,0.000407,enabled
1782984882.837,2026-07-02 09:34:42.839,os_log_pending_writes,0,0,0.000000,enabled
1782984882.837,2026-07-02 09:34:42.839,trx_rseg_history_len,388,388,0.000000,enabled
1782984883.909,2026-07-02 09:34:43.910,adaptive_hash_searches,0,0,0.000000,enabled
1782984883.909,2026-07-02 09:34:43.910,adaptive_hash_searches_btree,620652669,620652669,252250.211372,enabled
1782984883.909,2026-07-02 09:34:43.910,buffer_data_reads,1366235154944,1366235154944,555275384.243117,enabled
1782984883.909,2026-07-02 09:34:43.910,buffer_data_written,623185933824,623185933824,253279830.616107,enabled
1782984883.909,2026-07-02 09:34:43.910,buffer_pages0_read,7,7,0.002845,enabled
1782984883.909,2026-07-02 09:34:43.910,buffer_pages_created,1818982,1818982,739.284107,enabled
1782984883.909,2026-07-02 09:34:43.910,buffer_pages_read,83623719,83623719,33986.969678,enabled
1782984883.909,2026-07-02 09:34:43.910,buffer_pages_written,27730218,27730218,11270.320103,enabled
1782984883.909,2026-07-02 09:34:43.910,buffer_pool_bytes_data,12856049664,12856049664,0.000000,enabled
1782984883.909,2026-07-02 09:34:43.910,buffer_pool_bytes_dirty,4627726336,4627726336,0.000000,enabled
1782984883.909,2026-07-02 09:34:43.910,buffer_pool_pages_data,784671,784671,0.000000,enabled
1782984883.909,2026-07-02 09:34:43.910,buffer_pool_pages_dirty,282454,282454,0.000000,enabled
1782984883.909,2026-07-02 09:34:43.910,buffer_pool_pages_flushed,27673148,27673148,0.000000,enabled
1782984883.909,2026-07-02 09:34:43.910,buffer_pool_pages_free,1664,1664,0.000000,enabled
1782984883.909,2026-07-02 09:34:43.910,buffer_pool_pages_lru_flushed,0,0,0.000000,enabled
1782984883.909,2026-07-02 09:34:43.910,buffer_pool_pages_misc,97,97,0.000000,enabled
1782984883.909,2026-07-02 09:34:43.910,buffer_pool_pages_total,786432,786432,0.000000,enabled
1782984883.909,2026-07-02 09:34:43.910,buffer_pool_reads,82718337,82718337,33618.998759,enabled
1782984883.909,2026-07-02 09:34:43.910,buffer_pool_read_ahead,803715,803715,326.651796,enabled
1782984883.909,2026-07-02 09:34:43.910,buffer_pool_read_ahead_evicted,25,25,0.010161,enabled
1782984883.909,2026-07-02 09:34:43.910,buffer_pool_read_requests,2992546719,2992546719,1216252.980679,enabled
1782984883.909,2026-07-02 09:34:43.910,buffer_pool_size,12884901888,12884901888,0.000000,enabled
1782984883.909,2026-07-02 09:34:43.910,buffer_pool_wait_free,18945,18945,7.699767,enabled
1782984883.909,2026-07-02 09:34:43.910,buffer_pool_write_requests,620734654,620734654,252283.570962,enabled
1782984883.909,2026-07-02 09:34:43.910,dml_deletes,13797318,13797318,5607.607047,enabled
1782984883.909,2026-07-02 09:34:43.910,dml_inserts,113682724,113682724,46203.765462,enabled
1782984883.909,2026-07-02 09:34:43.910,dml_system_deletes,468,468,0.190208,enabled
1782984883.909,2026-07-02 09:34:43.910,dml_system_inserts,1202,1202,0.488526,enabled
1782984883.909,2026-07-02 09:34:43.910,dml_system_reads,7661,7661,3.113640,enabled
1782984883.909,2026-07-02 09:34:43.910,dml_system_updates,620,620,0.251985,enabled
1782984883.909,2026-07-02 09:34:43.910,dml_updates,27594760,27594760,11215.264482,enabled
1782984883.909,2026-07-02 09:34:43.910,file_num_open_files,35,35,0.000000,enabled
1782984883.909,2026-07-02 09:34:43.910,ibuf_merges,0,0,0.000000,enabled
1782984883.909,2026-07-02 09:34:43.910,ibuf_merges_delete,0,0,0.000000,enabled
1782984883.909,2026-07-02 09:34:43.910,ibuf_merges_delete_mark,0,0,0.000000,enabled
1782984883.909,2026-07-02 09:34:43.910,ibuf_merges_discard_delete,0,0,0.000000,enabled
1782984883.909,2026-07-02 09:34:43.910,ibuf_merges_discard_delete_mark,0,0,0.000000,enabled
1782984883.909,2026-07-02 09:34:43.910,ibuf_merges_discard_insert,0,0,0.000000,enabled
1782984883.909,2026-07-02 09:34:43.910,ibuf_merges_insert,0,0,0.000000,enabled
1782984883.909,2026-07-02 09:34:43.910,ibuf_size,1,1,0.000406,enabled
1782984883.909,2026-07-02 09:34:43.910,innodb_activity_count,18760447,18760447,7624.758416,enabled
1782984883.909,2026-07-02 09:34:43.910,innodb_dblwr_pages_written,27670730,27670730,11246.140885,enabled
1782984883.909,2026-07-02 09:34:43.910,innodb_dblwr_writes,570902,570902,232.030175,enabled
1782984883.909,2026-07-02 09:34:43.910,innodb_page_size,16384,16384,0.000000,enabled
1782984883.909,2026-07-02 09:34:43.910,innodb_rwlock_sx_os_waits,0,0,0.000000,enabled
1782984883.909,2026-07-02 09:34:43.910,innodb_rwlock_sx_spin_rounds,0,0,0.000000,enabled
1782984883.909,2026-07-02 09:34:43.910,innodb_rwlock_sx_spin_waits,0,0,0.000000,enabled
1782984883.909,2026-07-02 09:34:43.910,innodb_rwlock_s_os_waits,0,0,0.000000,enabled
1782984883.909,2026-07-02 09:34:43.910,innodb_rwlock_s_spin_rounds,0,0,0.000000,enabled
1782984883.909,2026-07-02 09:34:43.910,innodb_rwlock_s_spin_waits,0,0,0.000000,enabled
1782984883.909,2026-07-02 09:34:43.910,innodb_rwlock_x_os_waits,0,0,0.000000,enabled
1782984883.909,2026-07-02 09:34:43.910,innodb_rwlock_x_spin_rounds,0,0,0.000000,enabled
1782984883.909,2026-07-02 09:34:43.910,innodb_rwlock_x_spin_waits,0,0,0.000000,enabled
1782984883.909,2026-07-02 09:34:43.910,lock_deadlocks,0,0,0.000000,enabled
1782984883.909,2026-07-02 09:34:43.910,lock_deadlock_false_positives,0,0,0.000000,enabled
1782984883.909,2026-07-02 09:34:43.910,lock_deadlock_rounds,2697,2697,1.096135,enabled
1782984883.909,2026-07-02 09:34:43.910,lock_rec_grant_attempts,425,425,0.172732,enabled
1782984883.909,2026-07-02 09:34:43.910,lock_rec_release_attempts,41936656,41936656,17044.206315,enabled
1782984883.909,2026-07-02 09:34:43.910,lock_row_lock_current_waits,0,0,0.000000,enabled
1782984883.909,2026-07-02 09:34:43.910,lock_row_lock_time,323,323,0.131276,enabled
1782984883.909,2026-07-02 09:34:43.910,lock_row_lock_time_avg,0,0,0.000000,enabled
1782984883.909,2026-07-02 09:34:43.910,lock_row_lock_time_max,29,29,0.000000,enabled
1782984883.909,2026-07-02 09:34:43.910,lock_row_lock_waits,425,425,0.172732,enabled
1782984883.909,2026-07-02 09:34:43.910,lock_schedule_refreshes,2697,2697,1.096135,enabled
1782984883.909,2026-07-02 09:34:43.910,lock_threads_waiting,0,0,0.000000,enabled
1782984883.909,2026-07-02 09:34:43.910,lock_timeouts,0,0,0.000000,enabled
1782984883.909,2026-07-02 09:34:43.910,log_waits,0,0,0.000000,enabled
1782984883.909,2026-07-02 09:34:43.910,log_writes,210380326,210380326,85504.318374,enabled
1782984883.909,2026-07-02 09:34:43.910,log_write_requests,419255049,419255049,170396.718616,enabled
1782984883.909,2026-07-02 09:34:43.910,os_data_fsyncs,59736744,59736744,24278.647309,enabled
1782984883.909,2026-07-02 09:34:43.910,os_data_reads,83687464,83687464,34012.875325,enabled
1782984883.909,2026-07-02 09:34:43.910,os_data_writes,238934270,238934270,97109.425253,enabled
1782984883.909,2026-07-02 09:34:43.910,os_log_bytes_written,132435471872,132435471872,53825399.415473,enabled
1782984883.909,2026-07-02 09:34:43.910,os_log_fsyncs,52151037,52151037,21195.608357,enabled
1782984883.909,2026-07-02 09:34:43.910,os_log_pending_fsyncs,1,1,0.000406,enabled
1782984883.909,2026-07-02 09:34:43.910,os_log_pending_writes,0,0,0.000000,enabled
1782984883.909,2026-07-02 09:34:43.910,trx_rseg_history_len,417,417,0.000000,enabled
1782984884.976,2026-07-02 09:34:44.978,adaptive_hash_searches,0,0,0.000000,enabled
1782984884.976,2026-07-02 09:34:44.978,adaptive_hash_searches_btree,620820888,620820888,252208.614623,enabled
1782984884.976,2026-07-02 09:34:44.978,buffer_data_reads,1367167289856,1367167289856,555412063.380297,enabled
1782984884.976,2026-07-02 09:34:44.978,buffer_data_written,623498047488,623498047488,253296242.005411,enabled
1782984884.976,2026-07-02 09:34:44.978,buffer_pages0_read,7,7,0.002844,enabled
1782984884.976,2026-07-02 09:34:44.978,buffer_pages_created,1819014,1819014,738.974912,enabled
1782984884.976,2026-07-02 09:34:44.978,buffer_pages_read,83680746,83680746,33995.324655,enabled
1782984884.976,2026-07-02 09:34:44.978,buffer_pages_written,27746366,27746366,11271.968381,enabled
1782984884.976,2026-07-02 09:34:44.978,buffer_pool_bytes_data,12850184192,12850184192,0.000000,enabled
1782984884.976,2026-07-02 09:34:44.978,buffer_pool_bytes_dirty,4630839296,4630839296,0.000000,enabled
1782984884.976,2026-07-02 09:34:44.978,buffer_pool_pages_data,784312,784312,0.000000,enabled
1782984884.976,2026-07-02 09:34:44.978,buffer_pool_pages_dirty,282644,282644,0.000000,enabled
1782984884.976,2026-07-02 09:34:44.978,buffer_pool_pages_flushed,27689296,27689296,0.000000,enabled
1782984884.976,2026-07-02 09:34:44.978,buffer_pool_pages_free,2023,2023,0.000000,enabled
1782984884.976,2026-07-02 09:34:44.978,buffer_pool_pages_lru_flushed,0,0,0.000000,enabled
1782984884.976,2026-07-02 09:34:44.978,buffer_pool_pages_misc,97,97,0.000000,enabled
1782984884.976,2026-07-02 09:34:44.978,buffer_pool_pages_total,786432,786432,0.000000,enabled
1782984884.976,2026-07-02 09:34:44.978,buffer_pool_reads,82775289,82775289,33627.483593,enabled
1782984884.976,2026-07-02 09:34:44.978,buffer_pool_read_ahead,803715,803715,326.509434,enabled
1782984884.976,2026-07-02 09:34:44.978,buffer_pool_read_ahead_evicted,25,25,0.010156,enabled
1782984884.976,2026-07-02 09:34:44.978,buffer_pool_read_requests,2993379529,2993379529,1216061.239326,enabled
1782984884.976,2026-07-02 09:34:44.978,buffer_pool_size,12884901888,12884901888,0.000000,enabled
1782984884.976,2026-07-02 09:34:44.978,buffer_pool_wait_free,18945,18945,7.696411,enabled
1782984884.976,2026-07-02 09:34:44.978,buffer_pool_write_requests,620847726,620847726,252219.555581,enabled
1782984884.976,2026-07-02 09:34:44.978,dml_deletes,13802179,13802179,5607.137924,enabled
1782984884.976,2026-07-02 09:34:44.978,dml_inserts,113687585,113687585,46185.603733,enabled
1782984884.976,2026-07-02 09:34:44.978,dml_system_deletes,468,468,0.190125,enabled
1782984884.976,2026-07-02 09:34:44.978,dml_system_inserts,1202,1202,0.488313,enabled
1782984884.976,2026-07-02 09:34:44.978,dml_system_reads,7661,7661,3.112283,enabled
1782984884.976,2026-07-02 09:34:44.978,dml_system_updates,620,620,0.251875,enabled
1782984884.976,2026-07-02 09:34:44.978,dml_updates,27604482,27604482,11214.326211,enabled
1782984884.976,2026-07-02 09:34:44.978,file_num_open_files,35,35,0.000000,enabled
1782984884.976,2026-07-02 09:34:44.978,ibuf_merges,0,0,0.000000,enabled
1782984884.976,2026-07-02 09:34:44.978,ibuf_merges_delete,0,0,0.000000,enabled
1782984884.976,2026-07-02 09:34:44.978,ibuf_merges_delete_mark,0,0,0.000000,enabled
1782984884.976,2026-07-02 09:34:44.978,ibuf_merges_discard_delete,0,0,0.000000,enabled
1782984884.976,2026-07-02 09:34:44.978,ibuf_merges_discard_delete_mark,0,0,0.000000,enabled
1782984884.976,2026-07-02 09:34:44.978,ibuf_merges_discard_insert,0,0,0.000000,enabled
1782984884.976,2026-07-02 09:34:44.978,ibuf_merges_insert,0,0,0.000000,enabled
1782984884.976,2026-07-02 09:34:44.978,ibuf_size,1,1,0.000406,enabled
1782984884.976,2026-07-02 09:34:44.978,innodb_activity_count,18766027,18766027,7623.702269,enabled
1782984884.976,2026-07-02 09:34:44.978,innodb_dblwr_pages_written,27686878,27686878,11247.799722,enabled
1782984884.976,2026-07-02 09:34:44.978,innodb_dblwr_writes,571279,571279,232.082208,enabled
1782984884.976,2026-07-02 09:34:44.978,innodb_page_size,16384,16384,0.000000,enabled
1782984884.976,2026-07-02 09:34:44.978,innodb_rwlock_sx_os_waits,0,0,0.000000,enabled
1782984884.976,2026-07-02 09:34:44.978,innodb_rwlock_sx_spin_rounds,0,0,0.000000,enabled
1782984884.976,2026-07-02 09:34:44.978,innodb_rwlock_sx_spin_waits,0,0,0.000000,enabled
1782984884.976,2026-07-02 09:34:44.978,innodb_rwlock_s_os_waits,0,0,0.000000,enabled
1782984884.976,2026-07-02 09:34:44.978,innodb_rwlock_s_spin_rounds,0,0,0.000000,enabled
1782984884.976,2026-07-02 09:34:44.978,innodb_rwlock_s_spin_waits,0,0,0.000000,enabled
1782984884.976,2026-07-02 09:34:44.978,innodb_rwlock_x_os_waits,0,0,0.000000,enabled
1782984884.976,2026-07-02 09:34:44.978,innodb_rwlock_x_spin_rounds,0,0,0.000000,enabled
1782984884.976,2026-07-02 09:34:44.978,innodb_rwlock_x_spin_waits,0,0,0.000000,enabled
1782984884.976,2026-07-02 09:34:44.978,lock_deadlocks,0,0,0.000000,enabled
1782984884.976,2026-07-02 09:34:44.978,lock_deadlock_false_positives,0,0,0.000000,enabled
1782984884.976,2026-07-02 09:34:44.978,lock_deadlock_rounds,2698,2698,1.096063,enabled
1782984884.976,2026-07-02 09:34:44.978,lock_rec_grant_attempts,425,425,0.172656,enabled
1782984884.976,2026-07-02 09:34:44.978,lock_rec_release_attempts,41951475,41951475,17042.798287,enabled
1782984884.976,2026-07-02 09:34:44.978,lock_row_lock_current_waits,0,0,0.000000,enabled
1782984884.976,2026-07-02 09:34:44.978,lock_row_lock_time,323,323,0.131219,enabled
1782984884.976,2026-07-02 09:34:44.978,lock_row_lock_time_avg,0,0,0.000000,enabled
1782984884.976,2026-07-02 09:34:44.978,lock_row_lock_time_max,29,29,0.000000,enabled
1782984884.976,2026-07-02 09:34:44.978,lock_row_lock_waits,425,425,0.172656,enabled
1782984884.976,2026-07-02 09:34:44.978,lock_schedule_refreshes,2698,2698,1.096063,enabled
1782984884.976,2026-07-02 09:34:44.978,lock_threads_waiting,0,0,0.000000,enabled
1782984884.976,2026-07-02 09:34:44.978,lock_timeouts,0,0,0.000000,enabled
1782984884.976,2026-07-02 09:34:44.978,log_waits,0,0,0.000000,enabled
1782984884.976,2026-07-02 09:34:44.978,log_writes,210459750,210459750,85499.319753,enabled
1782984884.976,2026-07-02 09:34:44.978,log_write_requests,419337661,419337661,170356.017166,enabled
1782984884.976,2026-07-02 09:34:44.978,os_data_fsyncs,59771059,59771059,24282.006581,enabled
1782984884.976,2026-07-02 09:34:44.978,os_data_reads,83744325,83744325,34021.151504,enabled
1782984884.976,2026-07-02 09:34:44.978,os_data_writes,239030130,239030130,97106.045821,enabled
1782984884.976,2026-07-02 09:34:44.978,os_log_bytes_written,132477039616,132477039616,53818827.964400,enabled
1782984884.976,2026-07-02 09:34:44.978,os_log_fsyncs,52180240,52180240,21198.234547,enabled
1782984884.976,2026-07-02 09:34:44.978,os_log_pending_fsyncs,1,1,0.000406,enabled
1782984884.976,2026-07-02 09:34:44.978,os_log_pending_writes,0,0,0.000000,enabled
1782984884.976,2026-07-02 09:34:44.978,trx_rseg_history_len,446,446,0.000000,enabled
1782984886.049,2026-07-02 09:34:46.051,adaptive_hash_searches,0,0,0.000000,enabled
1782984886.049,2026-07-02 09:34:46.051,adaptive_hash_searches_btree,620988952,620988952,252167.278976,enabled
1782984886.049,2026-07-02 09:34:46.051,buffer_data_reads,1368097704448,1368097704448,555548554.437130,enabled
1782984886.049,2026-07-02 09:34:46.051,buffer_data_written,623806896128,623806896128,253311600.508976,enabled
1782984886.049,2026-07-02 09:34:46.051,buffer_pages0_read,7,7,0.002843,enabled
1782984886.049,2026-07-02 09:34:46.051,buffer_pages_created,1819048,1819048,738.667634,enabled
1782984886.049,2026-07-02 09:34:46.051,buffer_pages_read,83737700,83737700,34003.681262,enabled
1782984886.049,2026-07-02 09:34:46.051,buffer_pages_written,27762310,27762310,11273.545169,enabled
1782984886.049,2026-07-02 09:34:46.051,buffer_pool_bytes_data,12849807360,12849807360,0.000000,enabled
1782984886.049,2026-07-02 09:34:46.051,buffer_pool_bytes_dirty,4633690112,4633690112,0.000000,enabled
1782984886.049,2026-07-02 09:34:46.051,buffer_pool_pages_data,784290,784290,0.000000,enabled
1782984886.049,2026-07-02 09:34:46.051,buffer_pool_pages_dirty,282819,282819,0.000000,enabled
1782984886.049,2026-07-02 09:34:46.051,buffer_pool_pages_flushed,27705234,27705234,0.000000,enabled
1782984886.049,2026-07-02 09:34:46.051,buffer_pool_pages_free,2046,2046,0.000000,enabled
1782984886.049,2026-07-02 09:34:46.051,buffer_pool_pages_lru_flushed,0,0,0.000000,enabled
1782984886.049,2026-07-02 09:34:46.051,buffer_pool_pages_misc,96,96,0.000000,enabled
1782984886.049,2026-07-02 09:34:46.051,buffer_pool_pages_total,786432,786432,0.000000,enabled
1782984886.049,2026-07-02 09:34:46.051,buffer_pool_reads,82832187,82832187,33635.977351,enabled
1782984886.049,2026-07-02 09:34:46.051,buffer_pool_read_ahead,803715,803715,326.367566,enabled
1782984886.049,2026-07-02 09:34:46.051,buffer_pool_read_ahead_evicted,25,25,0.010152,enabled
1782984886.049,2026-07-02 09:34:46.051,buffer_pool_read_requests,2994212145,2994212145,1215870.968096,enabled
1782984886.049,2026-07-02 09:34:46.051,buffer_pool_size,12884901888,12884901888,0.000000,enabled
1782984886.049,2026-07-02 09:34:46.051,buffer_pool_wait_free,18945,18945,7.693067,enabled
1782984886.049,2026-07-02 09:34:46.051,buffer_pool_write_requests,620961131,620961131,252156.017795,enabled
1782984886.049,2026-07-02 09:34:46.051,dml_deletes,13807040,13807040,5606.675635,enabled
1782984886.049,2026-07-02 09:34:46.051,dml_inserts,113692446,113692446,46167.510733,enabled
1782984886.049,2026-07-02 09:34:46.051,dml_system_deletes,468,468,0.190042,enabled
1782984886.049,2026-07-02 09:34:46.051,dml_system_inserts,1202,1202,0.488101,enabled
1782984886.049,2026-07-02 09:34:46.051,dml_system_reads,7661,7661,3.110931,enabled
1782984886.049,2026-07-02 09:34:46.051,dml_system_updates,620,620,0.251766,enabled
1782984886.049,2026-07-02 09:34:46.051,dml_updates,27614209,27614209,11213.403646,enabled
1782984886.049,2026-07-02 09:34:46.051,file_num_open_files,35,35,0.000000,enabled
1782984886.049,2026-07-02 09:34:46.051,ibuf_merges,0,0,0.000000,enabled
1782984886.049,2026-07-02 09:34:46.051,ibuf_merges_delete,0,0,0.000000,enabled
1782984886.049,2026-07-02 09:34:46.051,ibuf_merges_delete_mark,0,0,0.000000,enabled
1782984886.049,2026-07-02 09:34:46.051,ibuf_merges_discard_delete,0,0,0.000000,enabled
1782984886.049,2026-07-02 09:34:46.051,ibuf_merges_discard_delete_mark,0,0,0.000000,enabled
1782984886.049,2026-07-02 09:34:46.051,ibuf_merges_discard_insert,0,0,0.000000,enabled
1782984886.049,2026-07-02 09:34:46.051,ibuf_merges_insert,0,0,0.000000,enabled
1782984886.049,2026-07-02 09:34:46.051,ibuf_size,1,1,0.000406,enabled
1782984886.049,2026-07-02 09:34:46.051,innodb_activity_count,18771609,18771609,7622.656571,enabled
1782984886.049,2026-07-02 09:34:46.051,innodb_dblwr_pages_written,27702833,27702833,11249.391613,enabled
1782984886.049,2026-07-02 09:34:46.051,innodb_dblwr_writes,571660,571660,232.136086,enabled
1782984886.049,2026-07-02 09:34:46.051,innodb_page_size,16384,16384,0.000000,enabled
1782984886.049,2026-07-02 09:34:46.051,innodb_rwlock_sx_os_waits,0,0,0.000000,enabled
1782984886.049,2026-07-02 09:34:46.051,innodb_rwlock_sx_spin_rounds,0,0,0.000000,enabled
1782984886.049,2026-07-02 09:34:46.051,innodb_rwlock_sx_spin_waits,0,0,0.000000,enabled
1782984886.049,2026-07-02 09:34:46.051,innodb_rwlock_s_os_waits,0,0,0.000000,enabled
1782984886.049,2026-07-02 09:34:46.051,innodb_rwlock_s_spin_rounds,0,0,0.000000,enabled
1782984886.049,2026-07-02 09:34:46.051,innodb_rwlock_s_spin_waits,0,0,0.000000,enabled
1782984886.049,2026-07-02 09:34:46.051,innodb_rwlock_x_os_waits,0,0,0.000000,enabled
1782984886.049,2026-07-02 09:34:46.051,innodb_rwlock_x_spin_rounds,0,0,0.000000,enabled
1782984886.049,2026-07-02 09:34:46.051,innodb_rwlock_x_spin_waits,0,0,0.000000,enabled
1782984886.049,2026-07-02 09:34:46.051,lock_deadlocks,0,0,0.000000,enabled
1782984886.049,2026-07-02 09:34:46.051,lock_deadlock_false_positives,0,0,0.000000,enabled
1782984886.049,2026-07-02 09:34:46.051,lock_deadlock_rounds,2699,2699,1.095993,enabled
1782984886.049,2026-07-02 09:34:46.051,lock_rec_grant_attempts,425,425,0.172581,enabled
1782984886.049,2026-07-02 09:34:46.051,lock_rec_release_attempts,41966254,41966254,17041.394637,enabled
1782984886.049,2026-07-02 09:34:46.051,lock_row_lock_current_waits,0,0,0.000000,enabled
1782984886.049,2026-07-02 09:34:46.051,lock_row_lock_time,323,323,0.131162,enabled
1782984886.049,2026-07-02 09:34:46.051,lock_row_lock_time_avg,0,0,0.000000,enabled
1782984886.049,2026-07-02 09:34:46.051,lock_row_lock_time_max,29,29,0.000000,enabled
1782984886.049,2026-07-02 09:34:46.051,lock_row_lock_waits,425,425,0.172581,enabled
1782984886.049,2026-07-02 09:34:46.051,lock_schedule_refreshes,2699,2699,1.095993,enabled
1782984886.049,2026-07-02 09:34:46.051,lock_threads_waiting,0,0,0.000000,enabled
1782984886.049,2026-07-02 09:34:46.051,lock_timeouts,0,0,0.000000,enabled
1782984886.049,2026-07-02 09:34:46.051,log_waits,0,0,0.000000,enabled
1782984886.049,2026-07-02 09:34:46.051,log_writes,210538615,210538615,85494.195926,enabled
1782984886.049,2026-07-02 09:34:46.051,log_write_requests,419420347,419420347,170315.575338,enabled
1782984886.049,2026-07-02 09:34:46.051,os_data_fsyncs,59804998,59804998,24285.237916,enabled
1782984886.049,2026-07-02 09:34:46.051,os_data_reads,83801100,83801100,34029.424337,enabled
1782984886.049,2026-07-02 09:34:46.051,os_data_writes,239125240,239125240,97102.475454,enabled
1782984886.049,2026-07-02 09:34:46.051,os_log_bytes_written,132518441984,132518441984,53812256.389388,enabled
1782984886.049,2026-07-02 09:34:46.051,os_log_fsyncs,52209062,52209062,21200.727882,enabled
1782984886.049,2026-07-02 09:34:46.051,os_log_pending_fsyncs,1,1,0.000406,enabled
1782984886.049,2026-07-02 09:34:46.051,os_log_pending_writes,0,0,0.000000,enabled
1782984886.049,2026-07-02 09:34:46.051,trx_rseg_history_len,486,486,0.000000,enabled
1782984887.119,2026-07-02 09:34:47.120,adaptive_hash_searches,0,0,0.000000,enabled
1782984887.119,2026-07-02 09:34:47.120,adaptive_hash_searches_btree,621157490,621157490,252125.900834,enabled
1782984887.119,2026-07-02 09:34:47.120,buffer_data_reads,1369028971008,1369028971008,555684691.568366,enabled
1782984887.119,2026-07-02 09:34:47.120,buffer_data_written,624114742272,624114742272,253326273.693947,enabled
1782984887.119,2026-07-02 09:34:47.120,buffer_pages0_read,7,7,0.002841,enabled
1782984887.119,2026-07-02 09:34:47.120,buffer_pages_created,1819081,1819081,738.359446,enabled
1782984887.119,2026-07-02 09:34:47.120,buffer_pages_read,83794694,83794694,34012.011250,enabled
1782984887.119,2026-07-02 09:34:47.120,buffer_pages_written,27778276,27778276,11275.117714,enabled
1782984887.119,2026-07-02 09:34:47.120,buffer_pool_bytes_data,12852641792,12852641792,0.000000,enabled
1782984887.119,2026-07-02 09:34:47.120,buffer_pool_bytes_dirty,4638228480,4638228480,0.000000,enabled
1782984887.119,2026-07-02 09:34:47.120,buffer_pool_pages_data,784463,784463,0.000000,enabled
1782984887.119,2026-07-02 09:34:47.120,buffer_pool_pages_dirty,283095,283095,0.000000,enabled
1782984887.119,2026-07-02 09:34:47.120,buffer_pool_pages_flushed,27721150,27721150,0.000000,enabled
1782984887.119,2026-07-02 09:34:47.120,buffer_pool_pages_free,1874,1874,0.000000,enabled
1782984887.119,2026-07-02 09:34:47.120,buffer_pool_pages_lru_flushed,0,0,0.000000,enabled
1782984887.119,2026-07-02 09:34:47.120,buffer_pool_pages_misc,96,96,0.000000,enabled
1782984887.119,2026-07-02 09:34:47.120,buffer_pool_pages_total,786432,786432,0.000000,enabled
1782984887.119,2026-07-02 09:34:47.120,buffer_pool_reads,82889138,82889138,33644.449900,enabled
1782984887.119,2026-07-02 09:34:47.120,buffer_pool_read_ahead,803715,803715,326.225480,enabled
1782984887.119,2026-07-02 09:34:47.120,buffer_pool_read_ahead_evicted,25,25,0.010147,enabled
1782984887.119,2026-07-02 09:34:47.120,buffer_pool_read_requests,2995046424,2995046424,1215680.260337,enabled
1782984887.119,2026-07-02 09:34:47.120,buffer_pool_size,12884901888,12884901888,0.000000,enabled
1782984887.119,2026-07-02 09:34:47.120,buffer_pool_wait_free,18945,18945,7.689718,enabled
1782984887.119,2026-07-02 09:34:47.120,buffer_pool_write_requests,621073737,621073737,252091.946118,enabled
1782984887.119,2026-07-02 09:34:47.120,dml_deletes,13811913,13811913,5606.212534,enabled
1782984887.119,2026-07-02 09:34:47.120,dml_inserts,113697320,113697320,46149.388658,enabled
1782984887.119,2026-07-02 09:34:47.120,dml_system_deletes,468,468,0.189960,enabled
1782984887.119,2026-07-02 09:34:47.120,dml_system_inserts,1202,1202,0.487888,enabled
1782984887.119,2026-07-02 09:34:47.120,dml_system_reads,7661,7661,3.109576,enabled
1782984887.119,2026-07-02 09:34:47.120,dml_system_updates,620,620,0.251656,enabled
1782984887.119,2026-07-02 09:34:47.120,dml_updates,27623952,27623952,11212.476201,enabled
1782984887.119,2026-07-02 09:34:47.120,file_num_open_files,35,35,0.000000,enabled
1782984887.119,2026-07-02 09:34:47.120,ibuf_merges,0,0,0.000000,enabled
1782984887.119,2026-07-02 09:34:47.120,ibuf_merges_delete,0,0,0.000000,enabled
1782984887.119,2026-07-02 09:34:47.120,ibuf_merges_delete_mark,0,0,0.000000,enabled
1782984887.119,2026-07-02 09:34:47.120,ibuf_merges_discard_delete,0,0,0.000000,enabled
1782984887.119,2026-07-02 09:34:47.120,ibuf_merges_discard_delete_mark,0,0,0.000000,enabled
1782984887.119,2026-07-02 09:34:47.120,ibuf_merges_discard_insert,0,0,0.000000,enabled
1782984887.119,2026-07-02 09:34:47.120,ibuf_merges_insert,0,0,0.000000,enabled
1782984887.119,2026-07-02 09:34:47.120,ibuf_size,1,1,0.000406,enabled
1782984887.119,2026-07-02 09:34:47.120,innodb_activity_count,18777206,18777206,7621.609648,enabled
1782984887.119,2026-07-02 09:34:47.120,innodb_dblwr_pages_written,27718816,27718816,11250.981321,enabled
1782984887.119,2026-07-02 09:34:47.120,innodb_dblwr_writes,572012,572012,232.177894,enabled
1782984887.119,2026-07-02 09:34:47.120,innodb_page_size,16384,16384,0.000000,enabled
1782984887.119,2026-07-02 09:34:47.120,innodb_rwlock_sx_os_waits,0,0,0.000000,enabled
1782984887.119,2026-07-02 09:34:47.120,innodb_rwlock_sx_spin_rounds,0,0,0.000000,enabled
1782984887.119,2026-07-02 09:34:47.120,innodb_rwlock_sx_spin_waits,0,0,0.000000,enabled
1782984887.119,2026-07-02 09:34:47.120,innodb_rwlock_s_os_waits,0,0,0.000000,enabled
1782984887.119,2026-07-02 09:34:47.120,innodb_rwlock_s_spin_rounds,0,0,0.000000,enabled
1782984887.119,2026-07-02 09:34:47.120,innodb_rwlock_s_spin_waits,0,0,0.000000,enabled
1782984887.119,2026-07-02 09:34:47.120,innodb_rwlock_x_os_waits,0,0,0.000000,enabled
1782984887.119,2026-07-02 09:34:47.120,innodb_rwlock_x_spin_rounds,0,0,0.000000,enabled
1782984887.119,2026-07-02 09:34:47.120,innodb_rwlock_x_spin_waits,0,0,0.000000,enabled
1782984887.119,2026-07-02 09:34:47.120,lock_deadlocks,0,0,0.000000,enabled
1782984887.119,2026-07-02 09:34:47.120,lock_deadlock_false_positives,0,0,0.000000,enabled
1782984887.119,2026-07-02 09:34:47.120,lock_deadlock_rounds,2700,2700,1.095922,enabled
1782984887.119,2026-07-02 09:34:47.120,lock_rec_grant_attempts,425,425,0.172506,enabled
1782984887.119,2026-07-02 09:34:47.120,lock_rec_release_attempts,41981080,41981080,17039.993339,enabled
1782984887.119,2026-07-02 09:34:47.120,lock_row_lock_current_waits,0,0,0.000000,enabled
1782984887.119,2026-07-02 09:34:47.120,lock_row_lock_time,323,323,0.131105,enabled
1782984887.119,2026-07-02 09:34:47.120,lock_row_lock_time_avg,0,0,0.000000,enabled
1782984887.119,2026-07-02 09:34:47.120,lock_row_lock_time_max,29,29,0.000000,enabled
1782984887.119,2026-07-02 09:34:47.120,lock_row_lock_waits,425,425,0.172506,enabled
1782984887.119,2026-07-02 09:34:47.120,lock_schedule_refreshes,2700,2700,1.095922,enabled
1782984887.119,2026-07-02 09:34:47.120,lock_threads_waiting,0,0,0.000000,enabled
1782984887.119,2026-07-02 09:34:47.120,lock_timeouts,0,0,0.000000,enabled
1782984887.119,2026-07-02 09:34:47.120,log_waits,0,0,0.000000,enabled
1782984887.119,2026-07-02 09:34:47.120,log_writes,210614749,210614749,85487.877582,enabled
1782984887.119,2026-07-02 09:34:47.120,log_write_requests,419503164,419503164,170275.041624,enabled
1782984887.119,2026-07-02 09:34:47.120,os_data_fsyncs,59837891,59837891,24288.016340,enabled
1782984887.119,2026-07-02 09:34:47.120,os_data_reads,83857940,83857940,34037.680573,enabled
1782984887.119,2026-07-02 09:34:47.120,os_data_writes,239217608,239217608,97097.693109,enabled
1782984887.119,2026-07-02 09:34:47.120,os_log_bytes_written,132558359040,132558359040,53805031.061802,enabled
1782984887.119,2026-07-02 09:34:47.120,os_log_fsyncs,52237054,52237054,21202.859865,enabled
1782984887.119,2026-07-02 09:34:47.120,os_log_pending_fsyncs,1,1,0.000406,enabled
1782984887.119,2026-07-02 09:34:47.120,os_log_pending_writes,1,1,0.000406,enabled
1782984887.119,2026-07-02 09:34:47.120,trx_rseg_history_len,583,583,0.000000,enabled
1782984888.191,2026-07-02 09:34:48.193,adaptive_hash_searches,0,0,0.000000,enabled
1782984888.191,2026-07-02 09:34:48.193,adaptive_hash_searches_btree,621322673,621322673,252083.172950,enabled
1782984888.191,2026-07-02 09:34:48.193,buffer_data_reads,1369951980032,1369951980032,555817285.863514,enabled
1782984888.191,2026-07-02 09:34:48.193,buffer_data_written,624419454976,624419454976,253339629.078556,enabled
1782984888.191,2026-07-02 09:34:48.193,buffer_pages0_read,7,7,0.002840,enabled
1782984888.191,2026-07-02 09:34:48.193,buffer_pages_created,1819112,1819112,738.050615,enabled
1782984888.191,2026-07-02 09:34:48.193,buffer_pages_read,83851205,83851205,34020.133500,enabled
1782984888.191,2026-07-02 09:34:48.193,buffer_pages_written,27794066,27794066,11276.615984,enabled
1782984888.191,2026-07-02 09:34:48.193,buffer_pool_bytes_data,12860424192,12860424192,0.000000,enabled
1782984888.191,2026-07-02 09:34:48.193,buffer_pool_bytes_dirty,4643651584,4643651584,0.000000,enabled
1782984888.191,2026-07-02 09:34:48.193,buffer_pool_pages_data,784938,784938,0.000000,enabled
1782984888.191,2026-07-02 09:34:48.193,buffer_pool_pages_dirty,283426,283426,0.000000,enabled
1782984888.191,2026-07-02 09:34:48.193,buffer_pool_pages_flushed,27736996,27736996,0.000000,enabled
1782984888.191,2026-07-02 09:34:48.193,buffer_pool_pages_free,1398,1398,0.000000,enabled
1782984888.191,2026-07-02 09:34:48.193,buffer_pool_pages_lru_flushed,0,0,0.000000,enabled
1782984888.191,2026-07-02 09:34:48.193,buffer_pool_pages_misc,96,96,0.000000,enabled
1782984888.191,2026-07-02 09:34:48.193,buffer_pool_pages_total,786432,786432,0.000000,enabled
1782984888.191,2026-07-02 09:34:48.193,buffer_pool_reads,82945591,82945591,33652.708626,enabled
1782984888.191,2026-07-02 09:34:48.193,buffer_pool_read_ahead,803715,803715,326.083474,enabled
1782984888.191,2026-07-02 09:34:48.193,buffer_pool_read_ahead_evicted,25,25,0.010143,enabled
1782984888.191,2026-07-02 09:34:48.193,buffer_pool_read_requests,2995865370,2995865370,1215483.338754,enabled
1782984888.191,2026-07-02 09:34:48.193,buffer_pool_size,12884901888,12884901888,0.000000,enabled
1782984888.191,2026-07-02 09:34:48.193,buffer_pool_wait_free,18945,18945,7.686371,enabled
1782984888.191,2026-07-02 09:34:48.193,buffer_pool_write_requests,621184414,621184414,252027.114573,enabled
1782984888.191,2026-07-02 09:34:48.193,dml_deletes,13816700,13816700,5605.714437,enabled
1782984888.191,2026-07-02 09:34:48.193,dml_inserts,113702107,113702107,46131.242865,enabled
1782984888.191,2026-07-02 09:34:48.193,dml_system_deletes,468,468,0.189877,enabled
1782984888.191,2026-07-02 09:34:48.193,dml_system_inserts,1202,1202,0.487676,enabled
1782984888.191,2026-07-02 09:34:48.193,dml_system_reads,7661,7661,3.108223,enabled
1782984888.191,2026-07-02 09:34:48.193,dml_system_updates,620,620,0.251547,enabled
1782984888.191,2026-07-02 09:34:48.193,dml_updates,27633520,27633520,11211.477548,enabled
1782984888.191,2026-07-02 09:34:48.193,file_num_open_files,35,35,0.000000,enabled
1782984888.191,2026-07-02 09:34:48.193,ibuf_merges,0,0,0.000000,enabled
1782984888.191,2026-07-02 09:34:48.193,ibuf_merges_delete,0,0,0.000000,enabled
1782984888.191,2026-07-02 09:34:48.193,ibuf_merges_delete_mark,0,0,0.000000,enabled
1782984888.191,2026-07-02 09:34:48.193,ibuf_merges_discard_delete,0,0,0.000000,enabled
1782984888.191,2026-07-02 09:34:48.193,ibuf_merges_discard_delete_mark,0,0,0.000000,enabled
1782984888.191,2026-07-02 09:34:48.193,ibuf_merges_discard_insert,0,0,0.000000,enabled
1782984888.191,2026-07-02 09:34:48.193,ibuf_merges_insert,0,0,0.000000,enabled
1782984888.191,2026-07-02 09:34:48.193,ibuf_size,1,1,0.000406,enabled
1782984888.191,2026-07-02 09:34:48.193,innodb_activity_count,18782710,18782710,7620.525196,enabled
1782984888.191,2026-07-02 09:34:48.193,innodb_dblwr_pages_written,27734578,27734578,11252.478970,enabled
1782984888.191,2026-07-02 09:34:48.193,innodb_dblwr_writes,572357,572357,232.216806,enabled
1782984888.191,2026-07-02 09:34:48.193,innodb_page_size,16384,16384,0.000000,enabled
1782984888.191,2026-07-02 09:34:48.193,innodb_rwlock_sx_os_waits,0,0,0.000000,enabled
1782984888.191,2026-07-02 09:34:48.193,innodb_rwlock_sx_spin_rounds,0,0,0.000000,enabled
1782984888.191,2026-07-02 09:34:48.193,innodb_rwlock_sx_spin_waits,0,0,0.000000,enabled
1782984888.191,2026-07-02 09:34:48.193,innodb_rwlock_s_os_waits,0,0,0.000000,enabled
1782984888.191,2026-07-02 09:34:48.193,innodb_rwlock_s_spin_rounds,0,0,0.000000,enabled
1782984888.191,2026-07-02 09:34:48.193,innodb_rwlock_s_spin_waits,0,0,0.000000,enabled
1782984888.191,2026-07-02 09:34:48.193,innodb_rwlock_x_os_waits,0,0,0.000000,enabled
1782984888.191,2026-07-02 09:34:48.193,innodb_rwlock_x_spin_rounds,0,0,0.000000,enabled
1782984888.191,2026-07-02 09:34:48.193,innodb_rwlock_x_spin_waits,0,0,0.000000,enabled
1782984888.191,2026-07-02 09:34:48.193,lock_deadlocks,0,0,0.000000,enabled
1782984888.191,2026-07-02 09:34:48.193,lock_deadlock_false_positives,0,0,0.000000,enabled
1782984888.191,2026-07-02 09:34:48.193,lock_deadlock_rounds,2702,2702,1.096256,enabled
1782984888.191,2026-07-02 09:34:48.193,lock_rec_grant_attempts,425,425,0.172431,enabled
1782984888.191,2026-07-02 09:34:48.193,lock_rec_release_attempts,41995655,41995655,17038.489196,enabled
1782984888.191,2026-07-02 09:34:48.193,lock_row_lock_current_waits,0,0,0.000000,enabled
1782984888.191,2026-07-02 09:34:48.193,lock_row_lock_time,323,323,0.131048,enabled
1782984888.191,2026-07-02 09:34:48.193,lock_row_lock_time_avg,0,0,0.000000,enabled
1782984888.191,2026-07-02 09:34:48.193,lock_row_lock_time_max,29,29,0.000000,enabled
1782984888.191,2026-07-02 09:34:48.193,lock_row_lock_waits,425,425,0.172431,enabled
1782984888.191,2026-07-02 09:34:48.193,lock_schedule_refreshes,2702,2702,1.096256,enabled
1782984888.191,2026-07-02 09:34:48.193,lock_threads_waiting,0,0,0.000000,enabled
1782984888.191,2026-07-02 09:34:48.193,lock_timeouts,0,0,0.000000,enabled
1782984888.191,2026-07-02 09:34:48.193,log_waits,0,0,0.000000,enabled
1782984888.191,2026-07-02 09:34:48.193,log_writes,210692044,210692044,85482.025357,enabled
1782984888.191,2026-07-02 09:34:48.193,log_write_requests,419584488,419584488,170233.916687,enabled
1782984888.191,2026-07-02 09:34:48.193,os_data_fsyncs,59870114,59870114,24290.517348,enabled
1782984888.191,2026-07-02 09:34:48.193,os_data_reads,83914284,83914284,34045.723946,enabled
1782984888.191,2026-07-02 09:34:48.193,os_data_writes,239310938,239310938,97093.292567,enabled
1782984888.191,2026-07-02 09:34:48.193,os_log_bytes_written,132598578688,132598578688,53797927.802195,enabled
1782984888.191,2026-07-02 09:34:48.193,os_log_fsyncs,52264493,52264493,21204.762878,enabled
1782984888.191,2026-07-02 09:34:48.193,os_log_pending_fsyncs,0,0,0.000000,enabled
1782984888.191,2026-07-02 09:34:48.193,os_log_pending_writes,0,0,0.000000,enabled
1782984888.191,2026-07-02 09:34:48.193,trx_rseg_history_len,543,543,0.000000,enabled
1782984889.264,2026-07-02 09:34:49.266,adaptive_hash_searches,0,0,0.000000,enabled
1782984889.264,2026-07-02 09:34:49.266,adaptive_hash_searches_btree,621483974,621483974,252038.957403,enabled
1782984889.264,2026-07-02 09:34:49.266,buffer_data_reads,1370847398400,1370847398400,555938706.714863,enabled
1782984889.264,2026-07-02 09:34:49.266,buffer_data_written,624720970752,624720970752,253351736.081035,enabled
1782984889.264,2026-07-02 09:34:49.266,buffer_pages0_read,7,7,0.002839,enabled
1782984889.264,2026-07-02 09:34:49.266,buffer_pages_created,1819152,1819152,737.745879,enabled
1782984889.264,2026-07-02 09:34:49.266,buffer_pages_read,83905992,83905992,34027.557574,enabled
1782984889.264,2026-07-02 09:34:49.266,buffer_pages_written,27809678,27809678,11278.043439,enabled
1782984889.264,2026-07-02 09:34:49.266,buffer_pool_bytes_data,12850380800,12850380800,0.000000,enabled
1782984889.264,2026-07-02 09:34:49.266,buffer_pool_bytes_dirty,4643684352,4643684352,0.000000,enabled
1782984889.264,2026-07-02 09:34:49.266,buffer_pool_pages_data,784326,784326,0.000000,enabled
1782984889.264,2026-07-02 09:34:49.266,buffer_pool_pages_dirty,283428,283428,0.000000,enabled
1782984889.264,2026-07-02 09:34:49.266,buffer_pool_pages_flushed,27752563,27752563,0.000000,enabled
1782984889.264,2026-07-02 09:34:49.266,buffer_pool_pages_free,2011,2011,0.000000,enabled
1782984889.264,2026-07-02 09:34:49.266,buffer_pool_pages_lru_flushed,0,0,0.000000,enabled
1782984889.264,2026-07-02 09:34:49.266,buffer_pool_pages_misc,96,96,0.000000,enabled
1782984889.264,2026-07-02 09:34:49.266,buffer_pool_pages_total,786432,786432,0.000000,enabled
1782984889.264,2026-07-02 09:34:49.266,buffer_pool_reads,83000317,83000317,33660.267910,enabled
1782984889.264,2026-07-02 09:34:49.266,buffer_pool_read_ahead,803715,803715,325.941670,enabled
1782984889.264,2026-07-02 09:34:49.266,buffer_pool_read_ahead_evicted,25,25,0.010139,enabled
1782984889.264,2026-07-02 09:34:49.266,buffer_pool_read_requests,2996665024,2996665024,1215279.056125,enabled
1782984889.264,2026-07-02 09:34:49.266,buffer_pool_size,12884901888,12884901888,0.000000,enabled
1782984889.264,2026-07-02 09:34:49.266,buffer_pool_wait_free,18945,18945,7.683028,enabled
1782984889.264,2026-07-02 09:34:49.266,buffer_pool_write_requests,621293457,621293457,251961.737239,enabled
1782984889.264,2026-07-02 09:34:49.266,dml_deletes,13821358,13821358,5605.165538,enabled
1782984889.264,2026-07-02 09:34:49.266,dml_inserts,113706765,113706765,46113.069443,enabled
1782984889.264,2026-07-02 09:34:49.266,dml_system_deletes,468,468,0.189794,enabled
1782984889.264,2026-07-02 09:34:49.266,dml_system_inserts,1202,1202,0.487464,enabled
1782984889.264,2026-07-02 09:34:49.266,dml_system_reads,7661,7661,3.106871,enabled
1782984889.264,2026-07-02 09:34:49.266,dml_system_updates,620,620,0.251437,enabled
1782984889.264,2026-07-02 09:34:49.266,dml_updates,27642837,27642837,11210.380137,enabled
1782984889.264,2026-07-02 09:34:49.266,file_num_open_files,35,35,0.000000,enabled
1782984889.264,2026-07-02 09:34:49.266,ibuf_merges,0,0,0.000000,enabled
1782984889.264,2026-07-02 09:34:49.266,ibuf_merges_delete,0,0,0.000000,enabled
1782984889.264,2026-07-02 09:34:49.266,ibuf_merges_delete_mark,0,0,0.000000,enabled
1782984889.264,2026-07-02 09:34:49.266,ibuf_merges_discard_delete,0,0,0.000000,enabled
1782984889.264,2026-07-02 09:34:49.266,ibuf_merges_discard_delete_mark,0,0,0.000000,enabled
1782984889.264,2026-07-02 09:34:49.266,ibuf_merges_discard_insert,0,0,0.000000,enabled
1782984889.264,2026-07-02 09:34:49.266,ibuf_merges_insert,0,0,0.000000,enabled
1782984889.264,2026-07-02 09:34:49.266,ibuf_size,1,1,0.000406,enabled
1782984889.264,2026-07-02 09:34:49.266,innodb_activity_count,18788066,18788066,7619.383119,enabled
1782984889.264,2026-07-02 09:34:49.266,innodb_dblwr_pages_written,27750212,27750212,11253.925514,enabled
1782984889.264,2026-07-02 09:34:49.266,innodb_dblwr_writes,572712,572712,232.259782,enabled
1782984889.264,2026-07-02 09:34:49.266,innodb_page_size,16384,16384,0.000000,enabled
1782984889.264,2026-07-02 09:34:49.266,innodb_rwlock_sx_os_waits,0,0,0.000000,enabled
1782984889.264,2026-07-02 09:34:49.266,innodb_rwlock_sx_spin_rounds,0,0,0.000000,enabled
1782984889.264,2026-07-02 09:34:49.266,innodb_rwlock_sx_spin_waits,0,0,0.000000,enabled
1782984889.264,2026-07-02 09:34:49.266,innodb_rwlock_s_os_waits,0,0,0.000000,enabled
1782984889.264,2026-07-02 09:34:49.266,innodb_rwlock_s_spin_rounds,0,0,0.000000,enabled
1782984889.264,2026-07-02 09:34:49.266,innodb_rwlock_s_spin_waits,0,0,0.000000,enabled
1782984889.264,2026-07-02 09:34:49.266,innodb_rwlock_x_os_waits,0,0,0.000000,enabled
1782984889.264,2026-07-02 09:34:49.266,innodb_rwlock_x_spin_rounds,0,0,0.000000,enabled
1782984889.264,2026-07-02 09:34:49.266,innodb_rwlock_x_spin_waits,0,0,0.000000,enabled
1782984889.264,2026-07-02 09:34:49.266,lock_deadlocks,0,0,0.000000,enabled
1782984889.264,2026-07-02 09:34:49.266,lock_deadlock_false_positives,0,0,0.000000,enabled
1782984889.264,2026-07-02 09:34:49.266,lock_deadlock_rounds,2703,2703,1.096185,enabled
1782984889.264,2026-07-02 09:34:49.266,lock_rec_grant_attempts,425,425,0.172356,enabled
1782984889.264,2026-07-02 09:34:49.266,lock_rec_release_attempts,42009819,42009819,17036.823823,enabled
1782984889.264,2026-07-02 09:34:49.266,lock_row_lock_current_waits,0,0,0.000000,enabled
1782984889.264,2026-07-02 09:34:49.266,lock_row_lock_time,323,323,0.130991,enabled
1782984889.264,2026-07-02 09:34:49.266,lock_row_lock_time_avg,0,0,0.000000,enabled
1782984889.264,2026-07-02 09:34:49.266,lock_row_lock_time_max,29,29,0.000000,enabled
1782984889.264,2026-07-02 09:34:49.266,lock_row_lock_waits,425,425,0.172356,enabled
1782984889.264,2026-07-02 09:34:49.266,lock_schedule_refreshes,2703,2703,1.096185,enabled
1782984889.264,2026-07-02 09:34:49.266,lock_threads_waiting,0,0,0.000000,enabled
1782984889.264,2026-07-02 09:34:49.266,lock_timeouts,0,0,0.000000,enabled
1782984889.264,2026-07-02 09:34:49.266,log_waits,0,0,0.000000,enabled
1782984889.264,2026-07-02 09:34:49.266,log_writes,210767576,210767576,85475.481530,enabled
1782984889.264,2026-07-02 09:34:49.266,log_write_requests,419663918,419663918,170192.095860,enabled
1782984889.264,2026-07-02 09:34:49.266,os_data_fsyncs,59898841,59898841,24291.603824,enabled
1782984889.264,2026-07-02 09:34:49.266,os_data_reads,83968922,83968922,34053.076085,enabled
1782984889.264,2026-07-02 09:34:49.266,os_data_writes,239402361,239402361,97088.144198,enabled
1782984889.264,2026-07-02 09:34:49.266,os_log_bytes_written,132638027264,132638027264,53790529.992458,enabled
1782984889.264,2026-07-02 09:34:49.266,os_log_fsyncs,52288589,52288589,21205.313213,enabled
1782984889.264,2026-07-02 09:34:49.266,os_log_pending_fsyncs,1,1,0.000406,enabled
1782984889.264,2026-07-02 09:34:49.266,os_log_pending_writes,0,0,0.000000,enabled
1782984889.264,2026-07-02 09:34:49.266,trx_rseg_history_len,391,391,0.000000,enabled
1782984890.336,2026-07-02 09:34:50.338,adaptive_hash_searches,0,0,0.000000,enabled
1782984890.336,2026-07-02 09:34:50.338,adaptive_hash_searches_btree,621651046,621651046,251997.289864,enabled
1782984890.336,2026-07-02 09:34:50.338,buffer_data_reads,1371773504000,1371773504000,556072821.272293,enabled
1782984890.336,2026-07-02 09:34:50.338,buffer_data_written,625029805056,625029805056,253366963.070386,enabled
1782984890.336,2026-07-02 09:34:50.338,buffer_pages0_read,7,7,0.002838,enabled
1782984890.336,2026-07-02 09:34:50.338,buffer_pages_created,1819182,1819182,737.437830,enabled
1782984890.336,2026-07-02 09:34:50.338,buffer_pages_read,83962684,83962684,34035.769413,enabled
1782984890.336,2026-07-02 09:34:50.338,buffer_pages_written,27825633,27825633,11279.615978,enabled
1782984890.336,2026-07-02 09:34:50.338,buffer_pool_bytes_data,12851331072,12851331072,0.000000,enabled
1782984890.336,2026-07-02 09:34:50.338,buffer_pool_bytes_dirty,4647501824,4647501824,0.000000,enabled
1782984890.336,2026-07-02 09:34:50.338,buffer_pool_pages_data,784383,784383,0.000000,enabled
1782984890.336,2026-07-02 09:34:50.338,buffer_pool_pages_dirty,283661,283661,0.000000,enabled
1782984890.336,2026-07-02 09:34:50.338,buffer_pool_pages_flushed,27768563,27768563,0.000000,enabled
1782984890.336,2026-07-02 09:34:50.338,buffer_pool_pages_free,1953,1953,0.000000,enabled
1782984890.336,2026-07-02 09:34:50.338,buffer_pool_pages_lru_flushed,0,0,0.000000,enabled
1782984890.336,2026-07-02 09:34:50.338,buffer_pool_pages_misc,96,96,0.000000,enabled
1782984890.336,2026-07-02 09:34:50.338,buffer_pool_pages_total,786432,786432,0.000000,enabled
1782984890.336,2026-07-02 09:34:50.338,buffer_pool_reads,83056963,83056963,33668.620481,enabled
1782984890.336,2026-07-02 09:34:50.338,buffer_pool_read_ahead,803715,803715,325.800199,enabled
1782984890.336,2026-07-02 09:34:50.338,buffer_pool_read_ahead_evicted,25,25,0.010134,enabled
1782984890.336,2026-07-02 09:34:50.338,buffer_pool_read_requests,2997492477,2997492477,1215087.001264,enabled
1782984890.336,2026-07-02 09:34:50.338,buffer_pool_size,12884901888,12884901888,0.000000,enabled
1782984890.336,2026-07-02 09:34:50.338,buffer_pool_wait_free,18945,18945,7.679693,enabled
1782984890.336,2026-07-02 09:34:50.338,buffer_pool_write_requests,621405522,621405522,251897.803735,enabled
1782984890.336,2026-07-02 09:34:50.338,dml_deletes,13826184,13826184,5604.689039,enabled
1782984890.336,2026-07-02 09:34:50.338,dml_inserts,113711591,113711591,46095.011336,enabled
1782984890.336,2026-07-02 09:34:50.338,dml_system_deletes,468,468,0.189712,enabled
1782984890.336,2026-07-02 09:34:50.338,dml_system_inserts,1202,1202,0.487252,enabled
1782984890.336,2026-07-02 09:34:50.338,dml_system_reads,7661,7661,3.105522,enabled
1782984890.336,2026-07-02 09:34:50.338,dml_system_updates,620,620,0.251328,enabled
1782984890.336,2026-07-02 09:34:50.338,dml_updates,27652488,27652488,11209.426711,enabled
1782984890.336,2026-07-02 09:34:50.338,file_num_open_files,35,35,0.000000,enabled
1782984890.336,2026-07-02 09:34:50.338,ibuf_merges,0,0,0.000000,enabled
1782984890.336,2026-07-02 09:34:50.338,ibuf_merges_delete,0,0,0.000000,enabled
1782984890.336,2026-07-02 09:34:50.338,ibuf_merges_delete_mark,0,0,0.000000,enabled
1782984890.336,2026-07-02 09:34:50.338,ibuf_merges_discard_delete,0,0,0.000000,enabled
1782984890.336,2026-07-02 09:34:50.338,ibuf_merges_discard_delete_mark,0,0,0.000000,enabled
1782984890.336,2026-07-02 09:34:50.338,ibuf_merges_discard_insert,0,0,0.000000,enabled
1782984890.336,2026-07-02 09:34:50.338,ibuf_merges_insert,0,0,0.000000,enabled
1782984890.336,2026-07-02 09:34:50.338,ibuf_size,1,1,0.000405,enabled
1782984890.336,2026-07-02 09:34:50.338,innodb_activity_count,18793620,18793620,7618.327490,enabled
1782984890.336,2026-07-02 09:34:50.338,innodb_dblwr_pages_written,27766145,27766145,11255.499711,enabled
1782984890.336,2026-07-02 09:34:50.338,innodb_dblwr_writes,573069,573069,232.303691,enabled
1782984890.336,2026-07-02 09:34:50.338,innodb_page_size,16384,16384,0.000000,enabled
1782984890.336,2026-07-02 09:34:50.338,innodb_rwlock_sx_os_waits,0,0,0.000000,enabled
1782984890.336,2026-07-02 09:34:50.338,innodb_rwlock_sx_spin_rounds,0,0,0.000000,enabled
1782984890.336,2026-07-02 09:34:50.338,innodb_rwlock_sx_spin_waits,0,0,0.000000,enabled
1782984890.336,2026-07-02 09:34:50.338,innodb_rwlock_s_os_waits,0,0,0.000000,enabled
1782984890.336,2026-07-02 09:34:50.338,innodb_rwlock_s_spin_rounds,0,0,0.000000,enabled
1782984890.336,2026-07-02 09:34:50.338,innodb_rwlock_s_spin_waits,0,0,0.000000,enabled
1782984890.336,2026-07-02 09:34:50.338,innodb_rwlock_x_os_waits,0,0,0.000000,enabled
1782984890.336,2026-07-02 09:34:50.338,innodb_rwlock_x_spin_rounds,0,0,0.000000,enabled
1782984890.336,2026-07-02 09:34:50.338,innodb_rwlock_x_spin_waits,0,0,0.000000,enabled
1782984890.336,2026-07-02 09:34:50.338,lock_deadlocks,0,0,0.000000,enabled
1782984890.336,2026-07-02 09:34:50.338,lock_deadlock_false_positives,0,0,0.000000,enabled
1782984890.336,2026-07-02 09:34:50.338,lock_deadlock_rounds,2704,2704,1.096115,enabled
1782984890.336,2026-07-02 09:34:50.338,lock_rec_grant_attempts,425,425,0.172281,enabled
1782984890.336,2026-07-02 09:34:50.338,lock_rec_release_attempts,42024482,42024482,17035.373108,enabled
1782984890.336,2026-07-02 09:34:50.338,lock_row_lock_current_waits,0,0,0.000000,enabled
1782984890.336,2026-07-02 09:34:50.338,lock_row_lock_time,323,323,0.130934,enabled
1782984890.336,2026-07-02 09:34:50.338,lock_row_lock_time_avg,0,0,0.000000,enabled
1782984890.336,2026-07-02 09:34:50.338,lock_row_lock_time_max,29,29,0.000000,enabled
1782984890.336,2026-07-02 09:34:50.338,lock_row_lock_waits,425,425,0.172281,enabled
1782984890.336,2026-07-02 09:34:50.338,lock_schedule_refreshes,2704,2704,1.096115,enabled
1782984890.336,2026-07-02 09:34:50.338,lock_threads_waiting,0,0,0.000000,enabled
1782984890.336,2026-07-02 09:34:50.338,lock_timeouts,0,0,0.000000,enabled
1782984890.336,2026-07-02 09:34:50.338,log_waits,0,0,0.000000,enabled
1782984890.336,2026-07-02 09:34:50.338,log_writes,210847021,210847021,85470.586786,enabled
1782984890.336,2026-07-02 09:34:50.338,log_write_requests,419746012,419746012,170151.505133,enabled
1782984890.336,2026-07-02 09:34:50.338,os_data_fsyncs,59932234,59932234,24294.596832,enabled
1782984890.336,2026-07-02 09:34:50.338,os_data_reads,84025444,84025444,34061.208021,enabled
1782984890.336,2026-07-02 09:34:50.338,os_data_writes,239498018,239498018,97084.780699,enabled
1782984890.336,2026-07-02 09:34:50.338,os_log_bytes_written,132679544832,132679544832,53784012.835976,enabled
1782984890.336,2026-07-02 09:34:50.338,os_log_fsyncs,52317016,52317016,21207.632732,enabled
1782984890.336,2026-07-02 09:34:50.338,os_log_pending_fsyncs,1,1,0.000405,enabled
1782984890.336,2026-07-02 09:34:50.338,os_log_pending_writes,0,0,0.000000,enabled
1782984890.336,2026-07-02 09:34:50.338,trx_rseg_history_len,411,411,0.000000,enabled
1782984891.407,2026-07-02 09:34:51.409,adaptive_hash_searches,0,0,0.000000,enabled
1782984891.407,2026-07-02 09:34:51.409,adaptive_hash_searches_btree,621814576,621814576,251954.517121,enabled
1782984891.407,2026-07-02 09:34:51.409,buffer_data_reads,1372685027840,1372685027840,556201555.057939,enabled
1782984891.407,2026-07-02 09:34:51.409,buffer_data_written,625372132352,625372132352,253396041.480698,enabled
1782984891.407,2026-07-02 09:34:51.409,buffer_pages0_read,7,7,0.002836,enabled
1782984891.407,2026-07-02 09:34:51.409,buffer_pages_created,1819231,1819231,737.138600,enabled
1782984891.407,2026-07-02 09:34:51.409,buffer_pages_read,84018458,84018458,34043.641575,enabled
1782984891.407,2026-07-02 09:34:51.409,buffer_pages_written,27843570,27843570,11282.003295,enabled
1782984891.407,2026-07-02 09:34:51.409,buffer_pool_bytes_data,12849889280,12849889280,0.000000,enabled
1782984891.407,2026-07-02 09:34:51.409,buffer_pool_bytes_dirty,4616044544,4616044544,0.000000,enabled
1782984891.407,2026-07-02 09:34:51.409,buffer_pool_pages_data,784295,784295,0.000000,enabled
1782984891.407,2026-07-02 09:34:51.409,buffer_pool_pages_dirty,281741,281741,0.000000,enabled
1782984891.407,2026-07-02 09:34:51.409,buffer_pool_pages_flushed,27784103,27784103,0.000000,enabled
1782984891.407,2026-07-02 09:34:51.409,buffer_pool_pages_free,2041,2041,0.000000,enabled
1782984891.407,2026-07-02 09:34:51.409,buffer_pool_pages_lru_flushed,0,0,0.000000,enabled
1782984891.407,2026-07-02 09:34:51.409,buffer_pool_pages_misc,97,97,0.000000,enabled
1782984891.407,2026-07-02 09:34:51.409,buffer_pool_pages_total,786432,786432,0.000000,enabled
1782984891.407,2026-07-02 09:34:51.409,buffer_pool_reads,83112687,83112687,33676.631068,enabled
1782984891.407,2026-07-02 09:34:51.409,buffer_pool_read_ahead,803715,803715,325.659226,enabled
1782984891.407,2026-07-02 09:34:51.409,buffer_pool_read_ahead_evicted,25,25,0.010130,enabled
1782984891.407,2026-07-02 09:34:51.409,buffer_pool_read_requests,2998303574,2998303574,1214889.886022,enabled
1782984891.407,2026-07-02 09:34:51.409,buffer_pool_size,12884901888,12884901888,0.000000,enabled
1782984891.407,2026-07-02 09:34:51.409,buffer_pool_wait_free,18945,18945,7.676370,enabled
1782984891.407,2026-07-02 09:34:51.409,buffer_pool_write_requests,621516052,621516052,251833.594008,enabled
1782984891.407,2026-07-02 09:34:51.409,dml_deletes,13830916,13830916,5604.181381,enabled
1782984891.407,2026-07-02 09:34:51.409,dml_inserts,113716323,113716323,46076.984388,enabled
1782984891.407,2026-07-02 09:34:51.409,dml_system_deletes,468,468,0.189630,enabled
1782984891.407,2026-07-02 09:34:51.409,dml_system_inserts,1202,1202,0.487041,enabled
1782984891.407,2026-07-02 09:34:51.409,dml_system_reads,7661,7661,3.104179,enabled
1782984891.407,2026-07-02 09:34:51.409,dml_system_updates,620,620,0.251219,enabled
1782984891.407,2026-07-02 09:34:51.409,dml_updates,27661958,27661958,11208.413807,enabled
1782984891.407,2026-07-02 09:34:51.409,file_num_open_files,35,35,0.000000,enabled
1782984891.407,2026-07-02 09:34:51.409,ibuf_merges,0,0,0.000000,enabled
1782984891.407,2026-07-02 09:34:51.409,ibuf_merges_delete,0,0,0.000000,enabled
1782984891.407,2026-07-02 09:34:51.409,ibuf_merges_delete_mark,0,0,0.000000,enabled
1782984891.407,2026-07-02 09:34:51.409,ibuf_merges_discard_delete,0,0,0.000000,enabled
1782984891.407,2026-07-02 09:34:51.409,ibuf_merges_discard_delete_mark,0,0,0.000000,enabled
1782984891.407,2026-07-02 09:34:51.409,ibuf_merges_discard_insert,0,0,0.000000,enabled
1782984891.407,2026-07-02 09:34:51.409,ibuf_merges_insert,0,0,0.000000,enabled
1782984891.407,2026-07-02 09:34:51.409,ibuf_size,1,1,0.000405,enabled
1782984891.407,2026-07-02 09:34:51.409,innodb_activity_count,18799056,18799056,7617.233828,enabled
1782984891.407,2026-07-02 09:34:51.409,innodb_dblwr_pages_written,27783221,27783221,11257.548756,enabled
1782984891.407,2026-07-02 09:34:51.409,innodb_dblwr_writes,573449,573449,232.357151,enabled
1782984891.407,2026-07-02 09:34:51.409,innodb_page_size,16384,16384,0.000000,enabled
1782984891.407,2026-07-02 09:34:51.409,innodb_rwlock_sx_os_waits,0,0,0.000000,enabled
1782984891.407,2026-07-02 09:34:51.409,innodb_rwlock_sx_spin_rounds,0,0,0.000000,enabled
1782984891.407,2026-07-02 09:34:51.409,innodb_rwlock_sx_spin_waits,0,0,0.000000,enabled
1782984891.407,2026-07-02 09:34:51.409,innodb_rwlock_s_os_waits,0,0,0.000000,enabled
1782984891.407,2026-07-02 09:34:51.409,innodb_rwlock_s_spin_rounds,0,0,0.000000,enabled
1782984891.407,2026-07-02 09:34:51.409,innodb_rwlock_s_spin_waits,0,0,0.000000,enabled
1782984891.407,2026-07-02 09:34:51.409,innodb_rwlock_x_os_waits,0,0,0.000000,enabled
1782984891.407,2026-07-02 09:34:51.409,innodb_rwlock_x_spin_rounds,0,0,0.000000,enabled
1782984891.407,2026-07-02 09:34:51.409,innodb_rwlock_x_spin_waits,0,0,0.000000,enabled
1782984891.407,2026-07-02 09:34:51.409,lock_deadlocks,0,0,0.000000,enabled
1782984891.407,2026-07-02 09:34:51.409,lock_deadlock_false_positives,0,0,0.000000,enabled
1782984891.407,2026-07-02 09:34:51.409,lock_deadlock_rounds,2705,2705,1.096046,enabled
1782984891.407,2026-07-02 09:34:51.409,lock_rec_grant_attempts,425,425,0.172207,enabled
1782984891.407,2026-07-02 09:34:51.409,lock_rec_release_attempts,42038878,42038878,17033.835053,enabled
1782984891.407,2026-07-02 09:34:51.409,lock_row_lock_current_waits,0,0,0.000000,enabled
1782984891.407,2026-07-02 09:34:51.409,lock_row_lock_time,323,323,0.130877,enabled
1782984891.407,2026-07-02 09:34:51.409,lock_row_lock_time_avg,0,0,0.000000,enabled
1782984891.407,2026-07-02 09:34:51.409,lock_row_lock_time_max,29,29,0.000000,enabled
1782984891.407,2026-07-02 09:34:51.409,lock_row_lock_waits,425,425,0.172207,enabled
1782984891.407,2026-07-02 09:34:51.409,lock_schedule_refreshes,2705,2705,1.096046,enabled
1782984891.407,2026-07-02 09:34:51.409,lock_threads_waiting,0,0,0.000000,enabled
1782984891.407,2026-07-02 09:34:51.409,lock_timeouts,0,0,0.000000,enabled
1782984891.407,2026-07-02 09:34:51.409,log_waits,0,0,0.000000,enabled
1782984891.407,2026-07-02 09:34:51.409,log_writes,210925391,210925391,85465.360149,enabled
1782984891.407,2026-07-02 09:34:51.409,log_write_requests,419826495,419826495,170110.494773,enabled
1782984891.407,2026-07-02 09:34:51.409,os_data_fsyncs,59965298,59965298,24297.482227,enabled
1782984891.407,2026-07-02 09:34:51.409,os_data_reads,84081058,84081058,34069.004627,enabled
1782984891.407,2026-07-02 09:34:51.409,os_data_writes,239594620,239594620,97081.916025,enabled
1782984891.407,2026-07-02 09:34:51.409,os_log_bytes_written,132720649728,132720649728,53777396.740510,enabled
1782984891.407,2026-07-02 09:34:51.409,os_log_fsyncs,52345215,52345215,21209.882549,enabled
1782984891.407,2026-07-02 09:34:51.409,os_log_pending_fsyncs,1,1,0.000405,enabled
1782984891.407,2026-07-02 09:34:51.409,os_log_pending_writes,0,0,0.000000,enabled
1782984891.407,2026-07-02 09:34:51.409,trx_rseg_history_len,330,330,0.000000,enabled
1782984892.475,2026-07-02 09:34:52.476,adaptive_hash_searches,0,0,0.000000,enabled
1782984892.475,2026-07-02 09:34:52.476,adaptive_hash_searches_btree,621980839,621980839,251912.055391,enabled
1782984892.475,2026-07-02 09:34:52.476,buffer_data_reads,1373606676992,1373606676992,556332457.051267,enabled
1782984892.475,2026-07-02 09:34:52.476,buffer_data_written,625703332352,625703332352,253419758.249550,enabled
1782984892.475,2026-07-02 09:34:52.476,buffer_pages0_read,7,7,0.002835,enabled
1782984892.475,2026-07-02 09:34:52.476,buffer_pages_created,1819256,1819256,736.827497,enabled
1782984892.475,2026-07-02 09:34:52.476,buffer_pages_read,84074846,84074846,34051.644138,enabled
1782984892.475,2026-07-02 09:34:52.476,buffer_pages_written,27860991,27860991,11284.142629,enabled
1782984892.475,2026-07-02 09:34:52.476,buffer_pool_bytes_data,12852658176,12852658176,0.000000,enabled
1782984892.475,2026-07-02 09:34:52.476,buffer_pool_bytes_dirty,4597399552,4597399552,0.000000,enabled
1782984892.475,2026-07-02 09:34:52.476,buffer_pool_pages_data,784464,784464,0.000000,enabled
1782984892.475,2026-07-02 09:34:52.476,buffer_pool_pages_dirty,280603,280603,0.000000,enabled
1782984892.475,2026-07-02 09:34:52.476,buffer_pool_pages_flushed,27803921,27803921,0.000000,enabled
1782984892.475,2026-07-02 09:34:52.476,buffer_pool_pages_free,1873,1873,0.000000,enabled
1782984892.475,2026-07-02 09:34:52.476,buffer_pool_pages_lru_flushed,0,0,0.000000,enabled
1782984892.475,2026-07-02 09:34:52.476,buffer_pool_pages_misc,96,96,0.000000,enabled
1782984892.475,2026-07-02 09:34:52.476,buffer_pool_pages_total,786432,786432,0.000000,enabled
1782984892.475,2026-07-02 09:34:52.476,buffer_pool_reads,83169021,83169021,33684.771791,enabled
1782984892.475,2026-07-02 09:34:52.476,buffer_pool_read_ahead,803715,803715,325.517311,enabled
1782984892.475,2026-07-02 09:34:52.476,buffer_pool_read_ahead_evicted,25,25,0.010125,enabled
1782984892.475,2026-07-02 09:34:52.476,buffer_pool_read_requests,2999126721,2999126721,1214693.854518,enabled
1782984892.475,2026-07-02 09:34:52.476,buffer_pool_size,12884901888,12884901888,0.000000,enabled
1782984892.475,2026-07-02 09:34:52.476,buffer_pool_wait_free,18945,18945,7.673025,enabled
1782984892.475,2026-07-02 09:34:52.476,buffer_pool_write_requests,621627996,621627996,251769.190242,enabled
1782984892.475,2026-07-02 09:34:52.476,dml_deletes,13835718,13835718,5603.683959,enabled
1782984892.475,2026-07-02 09:34:52.476,dml_inserts,113721125,113721125,46058.848882,enabled
1782984892.475,2026-07-02 09:34:52.476,dml_system_deletes,468,468,0.189547,enabled
1782984892.475,2026-07-02 09:34:52.476,dml_system_inserts,1202,1202,0.486829,enabled
1782984892.475,2026-07-02 09:34:52.476,dml_system_reads,7661,7661,3.102826,enabled
1782984892.475,2026-07-02 09:34:52.476,dml_system_updates,620,620,0.251110,enabled
1782984892.475,2026-07-02 09:34:52.476,dml_updates,27671562,27671562,11207.418939,enabled
1782984892.475,2026-07-02 09:34:52.476,file_num_open_files,35,35,0.000000,enabled
1782984892.475,2026-07-02 09:34:52.476,ibuf_merges,0,0,0.000000,enabled
1782984892.475,2026-07-02 09:34:52.476,ibuf_merges_delete,0,0,0.000000,enabled
1782984892.475,2026-07-02 09:34:52.476,ibuf_merges_delete_mark,0,0,0.000000,enabled
1782984892.475,2026-07-02 09:34:52.476,ibuf_merges_discard_delete,0,0,0.000000,enabled
1782984892.475,2026-07-02 09:34:52.476,ibuf_merges_discard_delete_mark,0,0,0.000000,enabled
1782984892.475,2026-07-02 09:34:52.476,ibuf_merges_discard_insert,0,0,0.000000,enabled
1782984892.475,2026-07-02 09:34:52.476,ibuf_merges_insert,0,0,0.000000,enabled
1782984892.475,2026-07-02 09:34:52.476,ibuf_size,1,1,0.000405,enabled
1782984892.475,2026-07-02 09:34:52.476,innodb_activity_count,18804574,18804574,7616.149123,enabled
1782984892.475,2026-07-02 09:34:52.476,innodb_dblwr_pages_written,27801503,27801503,11260.047219,enabled
1782984892.475,2026-07-02 09:34:52.476,innodb_dblwr_writes,573831,573831,232.410606,enabled
1782984892.475,2026-07-02 09:34:52.476,innodb_page_size,16384,16384,0.000000,enabled
1782984892.475,2026-07-02 09:34:52.476,innodb_rwlock_sx_os_waits,0,0,0.000000,enabled
1782984892.475,2026-07-02 09:34:52.476,innodb_rwlock_sx_spin_rounds,0,0,0.000000,enabled
1782984892.475,2026-07-02 09:34:52.476,innodb_rwlock_sx_spin_waits,0,0,0.000000,enabled
1782984892.475,2026-07-02 09:34:52.476,innodb_rwlock_s_os_waits,0,0,0.000000,enabled
1782984892.475,2026-07-02 09:34:52.476,innodb_rwlock_s_spin_rounds,0,0,0.000000,enabled
1782984892.475,2026-07-02 09:34:52.476,innodb_rwlock_s_spin_waits,0,0,0.000000,enabled
1782984892.475,2026-07-02 09:34:52.476,innodb_rwlock_x_os_waits,0,0,0.000000,enabled
1782984892.475,2026-07-02 09:34:52.476,innodb_rwlock_x_spin_rounds,0,0,0.000000,enabled
1782984892.475,2026-07-02 09:34:52.476,innodb_rwlock_x_spin_waits,0,0,0.000000,enabled
1782984892.475,2026-07-02 09:34:52.476,lock_deadlocks,0,0,0.000000,enabled
1782984892.475,2026-07-02 09:34:52.476,lock_deadlock_false_positives,0,0,0.000000,enabled
1782984892.475,2026-07-02 09:34:52.476,lock_deadlock_rounds,2706,2706,1.095973,enabled
1782984892.475,2026-07-02 09:34:52.476,lock_rec_grant_attempts,425,425,0.172132,enabled
1782984892.475,2026-07-02 09:34:52.476,lock_rec_release_attempts,42053484,42053484,17032.327795,enabled
1782984892.475,2026-07-02 09:34:52.476,lock_row_lock_current_waits,0,0,0.000000,enabled
1782984892.475,2026-07-02 09:34:52.476,lock_row_lock_time,323,323,0.130820,enabled
1782984892.475,2026-07-02 09:34:52.476,lock_row_lock_time_avg,0,0,0.000000,enabled
1782984892.475,2026-07-02 09:34:52.476,lock_row_lock_time_max,29,29,0.000000,enabled
1782984892.475,2026-07-02 09:34:52.476,lock_row_lock_waits,425,425,0.172132,enabled
1782984892.475,2026-07-02 09:34:52.476,lock_schedule_refreshes,2706,2706,1.095973,enabled
1782984892.475,2026-07-02 09:34:52.476,lock_threads_waiting,0,0,0.000000,enabled
1782984892.475,2026-07-02 09:34:52.476,lock_timeouts,0,0,0.000000,enabled
1782984892.475,2026-07-02 09:34:52.476,log_waits,0,0,0.000000,enabled
1782984892.475,2026-07-02 09:34:52.476,log_writes,211003864,211003864,85459.897927,enabled
1782984892.475,2026-07-02 09:34:52.476,log_write_requests,419908348,419908348,170069.513935,enabled
1782984892.475,2026-07-02 09:34:52.476,os_data_fsyncs,59998860,59998860,24300.486882,enabled
1782984892.475,2026-07-02 09:34:52.476,os_data_reads,84137295,84137295,34076.934739,enabled
1782984892.475,2026-07-02 09:34:52.476,os_data_writes,239690772,239690772,97078.552248,enabled
1782984892.475,2026-07-02 09:34:52.476,os_log_bytes_written,132761572864,132761572864,53770535.868573,enabled
1782984892.475,2026-07-02 09:34:52.476,os_log_fsyncs,52373466,52373466,21212.081695,enabled
1782984892.475,2026-07-02 09:34:52.476,os_log_pending_fsyncs,1,1,0.000405,enabled
1782984892.475,2026-07-02 09:34:52.476,os_log_pending_writes,0,0,0.000000,enabled
1782984892.475,2026-07-02 09:34:52.476,trx_rseg_history_len,193,193,0.000000,enabled
1782984893.551,2026-07-02 09:34:53.552,adaptive_hash_searches,0,0,0.000000,enabled
1782984893.551,2026-07-02 09:34:53.552,adaptive_hash_searches_btree,622146805,622146805,251870.243996,enabled
1782984893.551,2026-07-02 09:34:53.552,buffer_data_reads,1374530603520,1374530603520,556465772.323387,enabled
1782984893.551,2026-07-02 09:34:53.552,buffer_data_written,626014315520,626014315520,253436000.895096,enabled
1782984893.551,2026-07-02 09:34:53.552,buffer_pages0_read,7,7,0.002834,enabled
1782984893.551,2026-07-02 09:34:53.552,buffer_pages_created,1819288,1819288,736.521624,enabled
1782984893.551,2026-07-02 09:34:53.552,buffer_pages_read,84131417,84131417,34059.812068,enabled
1782984893.551,2026-07-02 09:34:53.552,buffer_pages_written,27877079,27877079,11285.773015,enabled
1782984893.551,2026-07-02 09:34:53.552,buffer_pool_bytes_data,12855820288,12855820288,0.000000,enabled
1782984893.551,2026-07-02 09:34:53.552,buffer_pool_bytes_dirty,4597465088,4597465088,0.000000,enabled
1782984893.551,2026-07-02 09:34:53.552,buffer_pool_pages_data,784657,784657,0.000000,enabled
1782984893.551,2026-07-02 09:34:53.552,buffer_pool_pages_dirty,280607,280607,0.000000,enabled
1782984893.551,2026-07-02 09:34:53.552,buffer_pool_pages_flushed,27820009,27820009,0.000000,enabled
1782984893.551,2026-07-02 09:34:53.552,buffer_pool_pages_free,1677,1677,0.000000,enabled
1782984893.551,2026-07-02 09:34:53.552,buffer_pool_pages_lru_flushed,0,0,0.000000,enabled
1782984893.551,2026-07-02 09:34:53.552,buffer_pool_pages_misc,96,96,0.000000,enabled
1782984893.551,2026-07-02 09:34:53.552,buffer_pool_pages_total,786432,786432,0.000000,enabled
1782984893.551,2026-07-02 09:34:53.552,buffer_pool_reads,83225522,83225522,33693.070224,enabled
1782984893.551,2026-07-02 09:34:53.552,buffer_pool_read_ahead,803715,803715,325.376459,enabled
1782984893.551,2026-07-02 09:34:53.552,buffer_pool_read_ahead_evicted,25,25,0.010121,enabled
1782984893.551,2026-07-02 09:34:53.552,buffer_pool_read_requests,2999949080,2999949080,1214501.177878,enabled
1782984893.551,2026-07-02 09:34:53.552,buffer_pool_size,12884901888,12884901888,0.000000,enabled
1782984893.551,2026-07-02 09:34:53.552,buffer_pool_wait_free,18945,18945,7.669705,enabled
1782984893.551,2026-07-02 09:34:53.552,buffer_pool_write_requests,621738996,621738996,251705.186393,enabled
1782984893.551,2026-07-02 09:34:53.552,dml_deletes,13840522,13840522,5603.204129,enabled
1782984893.551,2026-07-02 09:34:53.552,dml_inserts,113725929,113725929,46040.864364,enabled
1782984893.551,2026-07-02 09:34:53.552,dml_system_deletes,468,468,0.189465,enabled
1782984893.551,2026-07-02 09:34:53.552,dml_system_inserts,1202,1202,0.486618,enabled
1782984893.551,2026-07-02 09:34:53.552,dml_system_reads,7661,7661,3.101483,enabled
1782984893.551,2026-07-02 09:34:53.552,dml_system_updates,620,620,0.251001,enabled
1782984893.551,2026-07-02 09:34:53.552,dml_updates,27681166,27681166,11206.457637,enabled
1782984893.551,2026-07-02 09:34:53.552,file_num_open_files,35,35,0.000000,enabled
1782984893.551,2026-07-02 09:34:53.552,ibuf_merges,0,0,0.000000,enabled
1782984893.551,2026-07-02 09:34:53.552,ibuf_merges_delete,0,0,0.000000,enabled
1782984893.551,2026-07-02 09:34:53.552,ibuf_merges_delete_mark,0,0,0.000000,enabled
1782984893.551,2026-07-02 09:34:53.552,ibuf_merges_discard_delete,0,0,0.000000,enabled
1782984893.551,2026-07-02 09:34:53.552,ibuf_merges_discard_delete_mark,0,0,0.000000,enabled
1782984893.551,2026-07-02 09:34:53.552,ibuf_merges_discard_insert,0,0,0.000000,enabled
1782984893.551,2026-07-02 09:34:53.552,ibuf_merges_insert,0,0,0.000000,enabled
1782984893.551,2026-07-02 09:34:53.552,ibuf_size,1,1,0.000405,enabled
1782984893.551,2026-07-02 09:34:53.552,innodb_activity_count,18810094,18810094,7615.088380,enabled
1782984893.551,2026-07-02 09:34:53.552,innodb_dblwr_pages_written,27817591,27817591,11261.688137,enabled
1782984893.551,2026-07-02 09:34:53.552,innodb_dblwr_writes,574180,574180,232.451333,enabled
1782984893.551,2026-07-02 09:34:53.552,innodb_page_size,16384,16384,0.000000,enabled
1782984893.551,2026-07-02 09:34:53.552,innodb_rwlock_sx_os_waits,0,0,0.000000,enabled
1782984893.551,2026-07-02 09:34:53.552,innodb_rwlock_sx_spin_rounds,0,0,0.000000,enabled
1782984893.551,2026-07-02 09:34:53.552,innodb_rwlock_sx_spin_waits,0,0,0.000000,enabled
1782984893.551,2026-07-02 09:34:53.552,innodb_rwlock_s_os_waits,0,0,0.000000,enabled
1782984893.551,2026-07-02 09:34:53.552,innodb_rwlock_s_spin_rounds,0,0,0.000000,enabled
1782984893.551,2026-07-02 09:34:53.552,innodb_rwlock_s_spin_waits,0,0,0.000000,enabled
1782984893.551,2026-07-02 09:34:53.552,innodb_rwlock_x_os_waits,0,0,0.000000,enabled
1782984893.551,2026-07-02 09:34:53.552,innodb_rwlock_x_spin_rounds,0,0,0.000000,enabled
1782984893.551,2026-07-02 09:34:53.552,innodb_rwlock_x_spin_waits,0,0,0.000000,enabled
1782984893.551,2026-07-02 09:34:53.552,lock_deadlocks,0,0,0.000000,enabled
1782984893.551,2026-07-02 09:34:53.552,lock_deadlock_false_positives,0,0,0.000000,enabled
1782984893.551,2026-07-02 09:34:53.552,lock_deadlock_rounds,2707,2707,1.095904,enabled
1782984893.551,2026-07-02 09:34:53.552,lock_rec_grant_attempts,425,425,0.172057,enabled
1782984893.551,2026-07-02 09:34:53.552,lock_rec_release_attempts,42068092,42068092,17030.871789,enabled
1782984893.551,2026-07-02 09:34:53.552,lock_row_lock_current_waits,0,0,0.000000,enabled
1782984893.551,2026-07-02 09:34:53.552,lock_row_lock_time,323,323,0.130764,enabled
1782984893.551,2026-07-02 09:34:53.552,lock_row_lock_time_avg,0,0,0.000000,enabled
1782984893.551,2026-07-02 09:34:53.552,lock_row_lock_time_max,29,29,0.000000,enabled
1782984893.551,2026-07-02 09:34:53.552,lock_row_lock_waits,425,425,0.172057,enabled
1782984893.551,2026-07-02 09:34:53.552,lock_schedule_refreshes,2707,2707,1.095904,enabled
1782984893.551,2026-07-02 09:34:53.552,lock_threads_waiting,0,0,0.000000,enabled
1782984893.551,2026-07-02 09:34:53.552,lock_timeouts,0,0,0.000000,enabled
1782984893.551,2026-07-02 09:34:53.552,log_waits,0,0,0.000000,enabled
1782984893.551,2026-07-02 09:34:53.552,log_writes,211083004,211083004,85454.958538,enabled
1782984893.551,2026-07-02 09:34:53.552,log_write_requests,419990103,419990103,170029.022619,enabled
1782984893.551,2026-07-02 09:34:53.552,os_data_fsyncs,60032372,60032372,24303.538957,enabled
1782984893.551,2026-07-02 09:34:53.552,os_data_reads,84193673,84193673,34085.013581,enabled
1782984893.551,2026-07-02 09:34:53.552,os_data_writes,239786254,239786254,97075.200863,enabled
1782984893.551,2026-07-02 09:34:53.552,os_log_bytes_written,132802884096,132802884096,53763993.549318,enabled
1782984893.551,2026-07-02 09:34:53.552,os_log_fsyncs,52402116,52402116,21214.501802,enabled
1782984893.551,2026-07-02 09:34:53.552,os_log_pending_fsyncs,1,1,0.000405,enabled
1782984893.551,2026-07-02 09:34:53.552,os_log_pending_writes,1,1,0.000405,enabled
1782984893.551,2026-07-02 09:34:53.552,trx_rseg_history_len,166,166,0.000000,enabled
1782984894.620,2026-07-02 09:34:54.621,adaptive_hash_searches,0,0,0.000000,enabled
1782984894.620,2026-07-02 09:34:54.621,adaptive_hash_searches_btree,622316161,622316161,251829.561303,enabled
1782984894.620,2026-07-02 09:34:54.621,buffer_data_reads,1375475288576,1375475288576,556606750.354149,enabled
1782984894.620,2026-07-02 09:34:54.621,buffer_data_written,626325137920,626325137920,253451881.218308,enabled
1782984894.620,2026-07-02 09:34:54.621,buffer_pages0_read,7,7,0.002833,enabled
1782984894.620,2026-07-02 09:34:54.621,buffer_pages_created,1819327,1819327,736.218023,enabled
1782984894.620,2026-07-02 09:34:54.621,buffer_pages_read,84189248,84189248,34068.444722,enabled
1782984894.620,2026-07-02 09:34:54.621,buffer_pages_written,27893252,27893252,11287.423743,enabled
1782984894.620,2026-07-02 09:34:54.621,buffer_pool_bytes_data,12852494336,12852494336,0.000000,enabled
1782984894.620,2026-07-02 09:34:54.621,buffer_pool_bytes_dirty,4602773504,4602773504,0.000000,enabled
1782984894.620,2026-07-02 09:34:54.621,buffer_pool_pages_data,784454,784454,0.000000,enabled
1782984894.620,2026-07-02 09:34:54.621,buffer_pool_pages_dirty,280931,280931,0.000000,enabled
1782984894.620,2026-07-02 09:34:54.621,buffer_pool_pages_flushed,27836182,27836182,0.000000,enabled
1782984894.620,2026-07-02 09:34:54.621,buffer_pool_pages_free,1882,1882,0.000000,enabled
1782984894.620,2026-07-02 09:34:54.621,buffer_pool_pages_lru_flushed,0,0,0.000000,enabled
1782984894.620,2026-07-02 09:34:54.621,buffer_pool_pages_misc,96,96,0.000000,enabled
1782984894.620,2026-07-02 09:34:54.621,buffer_pool_pages_total,786432,786432,0.000000,enabled
1782984894.620,2026-07-02 09:34:54.621,buffer_pool_reads,83283305,83283305,33701.842289,enabled
1782984894.620,2026-07-02 09:34:54.621,buffer_pool_read_ahead,803715,803715,325.235363,enabled
1782984894.620,2026-07-02 09:34:54.621,buffer_pool_read_ahead_evicted,25,25,0.010117,enabled
1782984894.620,2026-07-02 09:34:54.621,buffer_pool_read_requests,3000788643,3000788643,1214314.263016,enabled
1782984894.620,2026-07-02 09:34:54.621,buffer_pool_size,12884901888,12884901888,0.000000,enabled
1782984894.620,2026-07-02 09:34:54.621,buffer_pool_wait_free,18945,18945,7.666379,enabled
1782984894.620,2026-07-02 09:34:54.621,buffer_pool_write_requests,621852395,621852395,251641.925553,enabled
1782984894.620,2026-07-02 09:34:54.621,dml_deletes,13845425,13845425,5602.758589,enabled
1782984894.620,2026-07-02 09:34:54.621,dml_inserts,113730831,113730831,46022.884147,enabled
1782984894.620,2026-07-02 09:34:54.621,dml_system_deletes,468,468,0.189383,enabled
1782984894.620,2026-07-02 09:34:54.621,dml_system_inserts,1202,1202,0.486407,enabled
1782984894.620,2026-07-02 09:34:54.621,dml_system_reads,7661,7661,3.100138,enabled
1782984894.620,2026-07-02 09:34:54.621,dml_system_updates,620,620,0.250892,enabled
1782984894.620,2026-07-02 09:34:54.621,dml_updates,27690974,27690974,11205.567348,enabled
1782984894.620,2026-07-02 09:34:54.621,file_num_open_files,35,35,0.000000,enabled
1782984894.620,2026-07-02 09:34:54.621,ibuf_merges,0,0,0.000000,enabled
1782984894.620,2026-07-02 09:34:54.621,ibuf_merges_delete,0,0,0.000000,enabled
1782984894.620,2026-07-02 09:34:54.621,ibuf_merges_delete_mark,0,0,0.000000,enabled
1782984894.620,2026-07-02 09:34:54.621,ibuf_merges_discard_delete,0,0,0.000000,enabled
1782984894.620,2026-07-02 09:34:54.621,ibuf_merges_discard_delete_mark,0,0,0.000000,enabled
1782984894.620,2026-07-02 09:34:54.621,ibuf_merges_discard_insert,0,0,0.000000,enabled
1782984894.620,2026-07-02 09:34:54.621,ibuf_merges_insert,0,0,0.000000,enabled
1782984894.620,2026-07-02 09:34:54.621,ibuf_size,1,1,0.000405,enabled
1782984894.620,2026-07-02 09:34:54.621,innodb_activity_count,18815728,18815728,7614.066244,enabled
1782984894.620,2026-07-02 09:34:54.621,innodb_dblwr_pages_written,27833752,27833752,11263.344703,enabled
1782984894.620,2026-07-02 09:34:54.621,innodb_dblwr_writes,574543,574543,232.497432,enabled
1782984894.620,2026-07-02 09:34:54.621,innodb_page_size,16384,16384,0.000000,enabled
1782984894.620,2026-07-02 09:34:54.621,innodb_rwlock_sx_os_waits,0,0,0.000000,enabled
1782984894.620,2026-07-02 09:34:54.621,innodb_rwlock_sx_spin_rounds,0,0,0.000000,enabled
1782984894.620,2026-07-02 09:34:54.621,innodb_rwlock_sx_spin_waits,0,0,0.000000,enabled
1782984894.620,2026-07-02 09:34:54.621,innodb_rwlock_s_os_waits,0,0,0.000000,enabled
1782984894.620,2026-07-02 09:34:54.621,innodb_rwlock_s_spin_rounds,0,0,0.000000,enabled
1782984894.620,2026-07-02 09:34:54.621,innodb_rwlock_s_spin_waits,0,0,0.000000,enabled
1782984894.620,2026-07-02 09:34:54.621,innodb_rwlock_x_os_waits,0,0,0.000000,enabled
1782984894.620,2026-07-02 09:34:54.621,innodb_rwlock_x_spin_rounds,0,0,0.000000,enabled
1782984894.620,2026-07-02 09:34:54.621,innodb_rwlock_x_spin_waits,0,0,0.000000,enabled
1782984894.620,2026-07-02 09:34:54.621,lock_deadlocks,0,0,0.000000,enabled
1782984894.620,2026-07-02 09:34:54.621,lock_deadlock_false_positives,0,0,0.000000,enabled
1782984894.620,2026-07-02 09:34:54.621,lock_deadlock_rounds,2708,2708,1.095833,enabled
1782984894.620,2026-07-02 09:34:54.621,lock_rec_grant_attempts,425,425,0.171983,enabled
1782984894.620,2026-07-02 09:34:54.621,lock_rec_release_attempts,42083004,42083004,17029.520826,enabled
1782984894.620,2026-07-02 09:34:54.621,lock_row_lock_current_waits,0,0,0.000000,enabled
1782984894.620,2026-07-02 09:34:54.621,lock_row_lock_time,323,323,0.130707,enabled
1782984894.620,2026-07-02 09:34:54.621,lock_row_lock_time_avg,0,0,0.000000,enabled
1782984894.620,2026-07-02 09:34:54.621,lock_row_lock_time_max,29,29,0.000000,enabled
1782984894.620,2026-07-02 09:34:54.621,lock_row_lock_waits,425,425,0.171983,enabled
1782984894.620,2026-07-02 09:34:54.621,lock_schedule_refreshes,2708,2708,1.095833,enabled
1782984894.620,2026-07-02 09:34:54.621,lock_threads_waiting,0,0,0.000000,enabled
1782984894.620,2026-07-02 09:34:54.621,lock_timeouts,0,0,0.000000,enabled
1782984894.620,2026-07-02 09:34:54.621,log_waits,0,0,0.000000,enabled
1782984894.620,2026-07-02 09:34:54.621,log_writes,211159116,211159116,85448.703378,enabled
1782984894.620,2026-07-02 09:34:54.621,log_write_requests,420073350,420073350,169988.981688,enabled
1782984894.620,2026-07-02 09:34:54.621,os_data_fsyncs,60065138,60065138,24306.259639,enabled
1782984894.620,2026-07-02 09:34:54.621,os_data_reads,84251325,84251325,34093.563275,enabled
1782984894.620,2026-07-02 09:34:54.621,os_data_writes,239878822,239878822,97070.565841,enabled
1782984894.620,2026-07-02 09:34:54.621,os_log_bytes_written,132842671616,132842671616,53756780.879858,enabled
1782984894.620,2026-07-02 09:34:54.621,os_log_fsyncs,52430012,52430012,21216.591253,enabled
1782984894.620,2026-07-02 09:34:54.621,os_log_pending_fsyncs,0,0,0.000000,enabled
1782984894.620,2026-07-02 09:34:54.621,os_log_pending_writes,0,0,0.000000,enabled
1782984894.620,2026-07-02 09:34:54.621,trx_rseg_history_len,255,255,0.000000,enabled
1782984895.691,2026-07-02 09:34:55.693,adaptive_hash_searches,0,0,0.000000,enabled
1782984895.691,2026-07-02 09:34:55.693,adaptive_hash_searches_btree,622484209,622484209,251788.407581,enabled
1782984895.691,2026-07-02 09:34:55.693,buffer_data_reads,1376410159616,1376410159616,556743702.671164,enabled
1782984895.691,2026-07-02 09:34:55.693,buffer_data_written,626634007040,626634007040,253466987.758343,enabled
1782984895.691,2026-07-02 09:34:55.693,buffer_pages0_read,7,7,0.002831,enabled
1782984895.691,2026-07-02 09:34:55.693,buffer_pages_created,1819342,1819342,735.905067,enabled
1782984895.691,2026-07-02 09:34:55.693,buffer_pages_read,84246453,84246453,34076.820737,enabled
1782984895.691,2026-07-02 09:34:55.693,buffer_pages_written,27909260,27909260,11289.007660,enabled
1782984895.691,2026-07-02 09:34:55.693,buffer_pool_bytes_data,12857491456,12857491456,0.000000,enabled
1782984895.691,2026-07-02 09:34:55.693,buffer_pool_bytes_dirty,4612079616,4612079616,0.000000,enabled
1782984895.691,2026-07-02 09:34:55.693,buffer_pool_pages_data,784759,784759,0.000000,enabled
1782984895.691,2026-07-02 09:34:55.693,buffer_pool_pages_dirty,281499,281499,0.000000,enabled
1782984895.691,2026-07-02 09:34:55.693,buffer_pool_pages_flushed,27852186,27852186,0.000000,enabled
1782984895.691,2026-07-02 09:34:55.693,buffer_pool_pages_free,1577,1577,0.000000,enabled
1782984895.691,2026-07-02 09:34:55.693,buffer_pool_pages_lru_flushed,0,0,0.000000,enabled
1782984895.691,2026-07-02 09:34:55.693,buffer_pool_pages_misc,96,96,0.000000,enabled
1782984895.691,2026-07-02 09:34:55.693,buffer_pool_pages_total,786432,786432,0.000000,enabled
1782984895.691,2026-07-02 09:34:55.693,buffer_pool_reads,83340462,83340462,33710.357914,enabled
1782984895.691,2026-07-02 09:34:55.693,buffer_pool_read_ahead,803715,803715,325.094430,enabled
1782984895.691,2026-07-02 09:34:55.693,buffer_pool_read_ahead_evicted,25,25,0.010112,enabled
1782984895.691,2026-07-02 09:34:55.693,buffer_pool_read_requests,3001620935,3001620935,1214124.724761,enabled
1782984895.691,2026-07-02 09:34:55.693,buffer_pool_size,12884901888,12884901888,0.000000,enabled
1782984895.691,2026-07-02 09:34:55.693,buffer_pool_wait_free,18945,18945,7.663057,enabled
1782984895.691,2026-07-02 09:34:55.693,buffer_pool_write_requests,621964863,621964863,251578.375083,enabled
1782984895.691,2026-07-02 09:34:55.693,dml_deletes,13850281,13850281,5602.294886,enabled
1782984895.691,2026-07-02 09:34:55.693,dml_inserts,113735688,113735688,46004.905164,enabled
1782984895.691,2026-07-02 09:34:55.693,dml_system_deletes,468,468,0.189301,enabled
1782984895.691,2026-07-02 09:34:55.693,dml_system_inserts,1202,1202,0.486197,enabled
1782984895.691,2026-07-02 09:34:55.693,dml_system_reads,7661,7661,3.098795,enabled
1782984895.691,2026-07-02 09:34:55.693,dml_system_updates,620,620,0.250784,enabled
1782984895.691,2026-07-02 09:34:55.693,dml_updates,27700684,27700684,11204.639111,enabled
1782984895.691,2026-07-02 09:34:55.693,file_num_open_files,35,35,0.000000,enabled
1782984895.691,2026-07-02 09:34:55.693,ibuf_merges,0,0,0.000000,enabled
1782984895.691,2026-07-02 09:34:55.693,ibuf_merges_delete,0,0,0.000000,enabled
1782984895.691,2026-07-02 09:34:55.693,ibuf_merges_delete_mark,0,0,0.000000,enabled
1782984895.691,2026-07-02 09:34:55.693,ibuf_merges_discard_delete,0,0,0.000000,enabled
1782984895.691,2026-07-02 09:34:55.693,ibuf_merges_discard_delete_mark,0,0,0.000000,enabled
1782984895.691,2026-07-02 09:34:55.693,ibuf_merges_discard_insert,0,0,0.000000,enabled
1782984895.691,2026-07-02 09:34:55.693,ibuf_merges_insert,0,0,0.000000,enabled
1782984895.691,2026-07-02 09:34:55.693,ibuf_size,1,1,0.000404,enabled
1782984895.691,2026-07-02 09:34:55.693,innodb_activity_count,18821318,18821318,7613.027872,enabled
1782984895.691,2026-07-02 09:34:55.693,innodb_dblwr_pages_written,27849756,27849756,11264.937301,enabled
1782984895.691,2026-07-02 09:34:55.693,innodb_dblwr_writes,574896,574896,232.539466,enabled
1782984895.691,2026-07-02 09:34:55.693,innodb_page_size,16384,16384,0.000000,enabled
1782984895.691,2026-07-02 09:34:55.693,innodb_rwlock_sx_os_waits,0,0,0.000000,enabled
1782984895.691,2026-07-02 09:34:55.693,innodb_rwlock_sx_spin_rounds,0,0,0.000000,enabled
1782984895.691,2026-07-02 09:34:55.693,innodb_rwlock_sx_spin_waits,0,0,0.000000,enabled
1782984895.691,2026-07-02 09:34:55.693,innodb_rwlock_s_os_waits,0,0,0.000000,enabled
1782984895.691,2026-07-02 09:34:55.693,innodb_rwlock_s_spin_rounds,0,0,0.000000,enabled
1782984895.691,2026-07-02 09:34:55.693,innodb_rwlock_s_spin_waits,0,0,0.000000,enabled
1782984895.691,2026-07-02 09:34:55.693,innodb_rwlock_x_os_waits,0,0,0.000000,enabled
1782984895.691,2026-07-02 09:34:55.693,innodb_rwlock_x_spin_rounds,0,0,0.000000,enabled
1782984895.691,2026-07-02 09:34:55.693,innodb_rwlock_x_spin_waits,0,0,0.000000,enabled
1782984895.691,2026-07-02 09:34:55.693,lock_deadlocks,0,0,0.000000,enabled
1782984895.691,2026-07-02 09:34:55.693,lock_deadlock_false_positives,0,0,0.000000,enabled
1782984895.691,2026-07-02 09:34:55.693,lock_deadlock_rounds,2709,2709,1.095763,enabled
1782984895.691,2026-07-02 09:34:55.693,lock_rec_grant_attempts,425,425,0.171908,enabled
1782984895.691,2026-07-02 09:34:55.693,lock_rec_release_attempts,42097788,42097788,17028.121552,enabled
1782984895.691,2026-07-02 09:34:55.693,lock_row_lock_current_waits,0,0,0.000000,enabled
1782984895.691,2026-07-02 09:34:55.693,lock_row_lock_time,323,323,0.130650,enabled
1782984895.691,2026-07-02 09:34:55.693,lock_row_lock_time_avg,0,0,0.000000,enabled
1782984895.691,2026-07-02 09:34:55.693,lock_row_lock_time_max,29,29,0.000000,enabled
1782984895.691,2026-07-02 09:34:55.693,lock_row_lock_waits,425,425,0.171908,enabled
1782984895.691,2026-07-02 09:34:55.693,lock_schedule_refreshes,2709,2709,1.095763,enabled
1782984895.691,2026-07-02 09:34:55.693,lock_threads_waiting,0,0,0.000000,enabled
1782984895.691,2026-07-02 09:34:55.693,lock_timeouts,0,0,0.000000,enabled
1782984895.691,2026-07-02 09:34:55.693,log_waits,0,0,0.000000,enabled
1782984895.691,2026-07-02 09:34:55.693,log_writes,211237026,211237026,85443.189275,enabled
1782984895.691,2026-07-02 09:34:55.693,log_write_requests,420155935,420155935,169948.724388,enabled
1782984895.691,2026-07-02 09:34:55.693,os_data_fsyncs,60098598,60098598,24309.261177,enabled
1782984895.691,2026-07-02 09:34:55.693,os_data_reads,84308367,84308367,34101.862339,enabled
1782984895.691,2026-07-02 09:34:55.693,os_data_writes,239973010,239973010,97066.600123,enabled
1782984895.691,2026-07-02 09:34:55.693,os_log_bytes_written,132883074048,132883074048,53749828.684502,enabled
1782984895.691,2026-07-02 09:34:55.693,os_log_fsyncs,52458728,52458728,21219.012737,enabled
1782984895.691,2026-07-02 09:34:55.693,os_log_pending_fsyncs,1,1,0.000404,enabled
1782984895.691,2026-07-02 09:34:55.693,os_log_pending_writes,0,0,0.000000,enabled
1782984895.691,2026-07-02 09:34:55.693,trx_rseg_history_len,291,291,0.000000,enabled
1782984896.763,2026-07-02 09:34:56.764,adaptive_hash_searches,0,0,0.000000,enabled
1782984896.763,2026-07-02 09:34:56.764,adaptive_hash_searches_btree,622651335,622651335,251746.777701,enabled
1782984896.763,2026-07-02 09:34:56.764,buffer_data_reads,1377342228992,1377342228992,556879095.347769,enabled
1782984896.763,2026-07-02 09:34:56.764,buffer_data_written,626944640512,626944640512,253482654.177100,enabled
1782984896.763,2026-07-02 09:34:56.764,buffer_pages0_read,7,7,0.002830,enabled
1782984896.763,2026-07-02 09:34:56.764,buffer_pages_created,1819377,1819377,735.600060,enabled
1782984896.763,2026-07-02 09:34:56.764,buffer_pages_read,84303503,84303503,34085.107956,enabled
1782984896.763,2026-07-02 09:34:56.764,buffer_pages_written,27925371,27925371,11290.625591,enabled
1782984896.763,2026-07-02 09:34:56.764,buffer_pool_bytes_data,12851281920,12851281920,0.000000,enabled
1782984896.763,2026-07-02 09:34:56.764,buffer_pool_bytes_dirty,4615405568,4615405568,0.000000,enabled
1782984896.763,2026-07-02 09:34:56.764,buffer_pool_pages_data,784380,784380,0.000000,enabled
1782984896.763,2026-07-02 09:34:56.764,buffer_pool_pages_dirty,281702,281702,0.000000,enabled
1782984896.763,2026-07-02 09:34:56.764,buffer_pool_pages_flushed,27868301,27868301,0.000000,enabled
1782984896.763,2026-07-02 09:34:56.764,buffer_pool_pages_free,1957,1957,0.000000,enabled
1782984896.763,2026-07-02 09:34:56.764,buffer_pool_pages_lru_flushed,0,0,0.000000,enabled
1782984896.763,2026-07-02 09:34:56.764,buffer_pool_pages_misc,96,96,0.000000,enabled
1782984896.763,2026-07-02 09:34:56.764,buffer_pool_pages_total,786432,786432,0.000000,enabled
1782984896.763,2026-07-02 09:34:56.764,buffer_pool_reads,83397453,83397453,33718.780130,enabled
1782984896.763,2026-07-02 09:34:56.764,buffer_pool_read_ahead,803715,803715,324.953438,enabled
1782984896.763,2026-07-02 09:34:56.764,buffer_pool_read_ahead_evicted,25,25,0.010108,enabled
1782984896.763,2026-07-02 09:34:56.764,buffer_pool_read_requests,3002449124,3002449124,1213933.012643,enabled
1782984896.763,2026-07-02 09:34:56.764,buffer_pool_size,12884901888,12884901888,0.000000,enabled
1782984896.763,2026-07-02 09:34:56.764,buffer_pool_wait_free,18945,18945,7.659734,enabled
1782984896.763,2026-07-02 09:34:56.764,buffer_pool_write_requests,622076836,622076836,251514.538926,enabled
1782984896.763,2026-07-02 09:34:56.764,dml_deletes,13855120,13855120,5601.821635,enabled
1782984896.763,2026-07-02 09:34:56.764,dml_inserts,113740526,113740526,45986.908805,enabled
1782984896.763,2026-07-02 09:34:56.764,dml_system_deletes,468,468,0.189219,enabled
1782984896.763,2026-07-02 09:34:56.764,dml_system_inserts,1202,1202,0.485986,enabled
1782984896.763,2026-07-02 09:34:56.764,dml_system_reads,7661,7661,3.097451,enabled
1782984896.763,2026-07-02 09:34:56.764,dml_system_updates,620,620,0.250675,enabled
1782984896.763,2026-07-02 09:34:56.764,dml_updates,27710364,27710364,11203.693397,enabled
1782984896.763,2026-07-02 09:34:56.764,file_num_open_files,35,35,0.000000,enabled
1782984896.763,2026-07-02 09:34:56.764,ibuf_merges,0,0,0.000000,enabled
1782984896.763,2026-07-02 09:34:56.764,ibuf_merges_delete,0,0,0.000000,enabled
1782984896.763,2026-07-02 09:34:56.764,ibuf_merges_delete_mark,0,0,0.000000,enabled
1782984896.763,2026-07-02 09:34:56.764,ibuf_merges_discard_delete,0,0,0.000000,enabled
1782984896.763,2026-07-02 09:34:56.764,ibuf_merges_discard_delete_mark,0,0,0.000000,enabled
1782984896.763,2026-07-02 09:34:56.764,ibuf_merges_discard_insert,0,0,0.000000,enabled
1782984896.763,2026-07-02 09:34:56.764,ibuf_merges_insert,0,0,0.000000,enabled
1782984896.763,2026-07-02 09:34:56.764,ibuf_size,1,1,0.000404,enabled
1782984896.763,2026-07-02 09:34:56.764,innodb_activity_count,18826879,18826879,7611.974469,enabled
1782984896.763,2026-07-02 09:34:56.764,innodb_dblwr_pages_written,27865871,27865871,11266.567192,enabled
1782984896.763,2026-07-02 09:34:56.764,innodb_dblwr_writes,575262,575262,232.586592,enabled
1782984896.763,2026-07-02 09:34:56.764,innodb_page_size,16384,16384,0.000000,enabled
1782984896.763,2026-07-02 09:34:56.764,innodb_rwlock_sx_os_waits,0,0,0.000000,enabled
1782984896.763,2026-07-02 09:34:56.764,innodb_rwlock_sx_spin_rounds,0,0,0.000000,enabled
1782984896.763,2026-07-02 09:34:56.764,innodb_rwlock_sx_spin_waits,0,0,0.000000,enabled
1782984896.763,2026-07-02 09:34:56.764,innodb_rwlock_s_os_waits,0,0,0.000000,enabled
1782984896.763,2026-07-02 09:34:56.764,innodb_rwlock_s_spin_rounds,0,0,0.000000,enabled
1782984896.763,2026-07-02 09:34:56.764,innodb_rwlock_s_spin_waits,0,0,0.000000,enabled
1782984896.763,2026-07-02 09:34:56.764,innodb_rwlock_x_os_waits,0,0,0.000000,enabled
1782984896.763,2026-07-02 09:34:56.764,innodb_rwlock_x_spin_rounds,0,0,0.000000,enabled
1782984896.763,2026-07-02 09:34:56.764,innodb_rwlock_x_spin_waits,0,0,0.000000,enabled
1782984896.763,2026-07-02 09:34:56.764,lock_deadlocks,0,0,0.000000,enabled
1782984896.763,2026-07-02 09:34:56.764,lock_deadlock_false_positives,0,0,0.000000,enabled
1782984896.763,2026-07-02 09:34:56.764,lock_deadlock_rounds,2710,2710,1.095692,enabled
1782984896.763,2026-07-02 09:34:56.764,lock_rec_grant_attempts,425,425,0.171834,enabled
1782984896.763,2026-07-02 09:34:56.764,lock_rec_release_attempts,42112495,42112495,17026.682748,enabled
1782984896.763,2026-07-02 09:34:56.764,lock_row_lock_current_waits,0,0,0.000000,enabled
1782984896.763,2026-07-02 09:34:56.764,lock_row_lock_time,323,323,0.130594,enabled
1782984896.763,2026-07-02 09:34:56.764,lock_row_lock_time_avg,0,0,0.000000,enabled
1782984896.763,2026-07-02 09:34:56.764,lock_row_lock_time_max,29,29,0.000000,enabled
1782984896.763,2026-07-02 09:34:56.764,lock_row_lock_waits,425,425,0.171834,enabled
1782984896.763,2026-07-02 09:34:56.764,lock_schedule_refreshes,2710,2710,1.095692,enabled
1782984896.763,2026-07-02 09:34:56.764,lock_threads_waiting,0,0,0.000000,enabled
1782984896.763,2026-07-02 09:34:56.764,lock_timeouts,0,0,0.000000,enabled
1782984896.763,2026-07-02 09:34:56.764,log_waits,0,0,0.000000,enabled
1782984896.763,2026-07-02 09:34:56.764,log_writes,211315215,211315215,85437.745269,enabled
1782984896.763,2026-07-02 09:34:56.764,log_write_requests,420238082,420238082,169908.230377,enabled
1782984896.763,2026-07-02 09:34:56.764,os_data_fsyncs,60132844,60132844,24312.564359,enabled
1782984896.763,2026-07-02 09:34:56.764,os_data_reads,84365237,84365237,34110.065662,enabled
1782984896.763,2026-07-02 09:34:56.764,os_data_writes,240067546,240067546,97062.724431,enabled
1782984896.763,2026-07-02 09:34:56.764,os_log_bytes_written,132923777024,132923777024,53742974.106299,enabled
1782984896.763,2026-07-02 09:34:56.764,os_log_fsyncs,52487676,52487676,21221.514113,enabled
1782984896.763,2026-07-02 09:34:56.764,os_log_pending_fsyncs,1,1,0.000404,enabled
1782984896.763,2026-07-02 09:34:56.764,os_log_pending_writes,0,0,0.000000,enabled
1782984896.763,2026-07-02 09:34:56.764,trx_rseg_history_len,327,327,0.000000,enabled
1782984897.836,2026-07-02 09:34:57.837,adaptive_hash_searches,0,0,0.000000,enabled
1782984897.836,2026-07-02 09:34:57.837,adaptive_hash_searches_btree,622819697,622819697,251705.700467,enabled
1782984897.836,2026-07-02 09:34:57.837,buffer_data_reads,1378276297216,1378276297216,557015202.633275,enabled
1782984897.836,2026-07-02 09:34:57.837,buffer_data_written,627257050112,627257050112,253499035.932063,enabled
1782984897.836,2026-07-02 09:34:57.837,buffer_pages0_read,7,7,0.002829,enabled
1782984897.836,2026-07-02 09:34:57.837,buffer_pages_created,1819412,1819412,735.295350,enabled
1782984897.836,2026-07-02 09:34:57.837,buffer_pages_read,84360668,84360668,34093.435944,enabled
1782984897.836,2026-07-02 09:34:57.837,buffer_pages_written,27941558,27941558,11292.273325,enabled
1782984897.836,2026-07-02 09:34:57.837,buffer_pool_bytes_data,12853362688,12853362688,0.000000,enabled
1782984897.836,2026-07-02 09:34:57.837,buffer_pool_bytes_dirty,4619386880,4619386880,0.000000,enabled
1782984897.836,2026-07-02 09:34:57.837,buffer_pool_pages_data,784507,784507,0.000000,enabled
1782984897.836,2026-07-02 09:34:57.837,buffer_pool_pages_dirty,281945,281945,0.000000,enabled
1782984897.836,2026-07-02 09:34:57.837,buffer_pool_pages_flushed,27884488,27884488,0.000000,enabled
1782984897.836,2026-07-02 09:34:57.837,buffer_pool_pages_free,1828,1828,0.000000,enabled
1782984897.836,2026-07-02 09:34:57.837,buffer_pool_pages_lru_flushed,0,0,0.000000,enabled
1782984897.836,2026-07-02 09:34:57.837,buffer_pool_pages_misc,96,96,0.000000,enabled
1782984897.836,2026-07-02 09:34:57.837,buffer_pool_pages_total,786432,786432,0.000000,enabled
1782984897.836,2026-07-02 09:34:57.837,buffer_pool_reads,83454554,83454554,33727.240977,enabled
1782984897.836,2026-07-02 09:34:57.837,buffer_pool_read_ahead,803715,803715,324.812583,enabled
1782984897.836,2026-07-02 09:34:57.837,buffer_pool_read_ahead_evicted,25,25,0.010103,enabled
1782984897.836,2026-07-02 09:34:57.837,buffer_pool_read_requests,3003282725,3003282725,1213743.706945,enabled
1782984897.836,2026-07-02 09:34:57.837,buffer_pool_size,12884901888,12884901888,0.000000,enabled
1782984897.836,2026-07-02 09:34:57.837,buffer_pool_wait_free,18945,18945,7.656414,enabled
1782984897.836,2026-07-02 09:34:57.837,buffer_pool_write_requests,622189965,622189965,251451.236214,enabled
1782984897.836,2026-07-02 09:34:57.837,dml_deletes,13859988,13859988,5601.360900,enabled
1782984897.836,2026-07-02 09:34:57.837,dml_inserts,113745394,113745394,45968.943335,enabled
1782984897.836,2026-07-02 09:34:57.837,dml_system_deletes,468,468,0.189137,enabled
1782984897.836,2026-07-02 09:34:57.837,dml_system_inserts,1202,1202,0.485775,enabled
1782984897.836,2026-07-02 09:34:57.837,dml_system_reads,7661,7661,3.096108,enabled
1782984897.836,2026-07-02 09:34:57.837,dml_system_updates,620,620,0.250566,enabled
1782984897.836,2026-07-02 09:34:57.837,dml_updates,27720101,27720101,11202.772305,enabled
1782984897.836,2026-07-02 09:34:57.837,file_num_open_files,35,35,0.000000,enabled
1782984897.836,2026-07-02 09:34:57.837,ibuf_merges,0,0,0.000000,enabled
1782984897.836,2026-07-02 09:34:57.837,ibuf_merges_delete,0,0,0.000000,enabled
1782984897.836,2026-07-02 09:34:57.837,ibuf_merges_delete_mark,0,0,0.000000,enabled
1782984897.836,2026-07-02 09:34:57.837,ibuf_merges_discard_delete,0,0,0.000000,enabled
1782984897.836,2026-07-02 09:34:57.837,ibuf_merges_discard_delete_mark,0,0,0.000000,enabled
1782984897.836,2026-07-02 09:34:57.837,ibuf_merges_discard_insert,0,0,0.000000,enabled
1782984897.836,2026-07-02 09:34:57.837,ibuf_merges_insert,0,0,0.000000,enabled
1782984897.836,2026-07-02 09:34:57.837,ibuf_size,1,1,0.000404,enabled
1782984897.836,2026-07-02 09:34:57.837,innodb_activity_count,18832468,18832468,7610.933822,enabled
1782984897.836,2026-07-02 09:34:57.837,innodb_dblwr_pages_written,27882058,27882058,11268.225545,enabled
1782984897.836,2026-07-02 09:34:57.837,innodb_dblwr_writes,575637,575637,232.637331,enabled
1782984897.836,2026-07-02 09:34:57.837,innodb_page_size,16384,16384,0.000000,enabled
1782984897.836,2026-07-02 09:34:57.837,innodb_rwlock_sx_os_waits,0,0,0.000000,enabled
1782984897.836,2026-07-02 09:34:57.837,innodb_rwlock_sx_spin_rounds,0,0,0.000000,enabled
1782984897.836,2026-07-02 09:34:57.837,innodb_rwlock_sx_spin_waits,0,0,0.000000,enabled
1782984897.836,2026-07-02 09:34:57.837,innodb_rwlock_s_os_waits,0,0,0.000000,enabled
1782984897.836,2026-07-02 09:34:57.837,innodb_rwlock_s_spin_rounds,0,0,0.000000,enabled
1782984897.836,2026-07-02 09:34:57.837,innodb_rwlock_s_spin_waits,0,0,0.000000,enabled
1782984897.836,2026-07-02 09:34:57.837,innodb_rwlock_x_os_waits,0,0,0.000000,enabled
1782984897.836,2026-07-02 09:34:57.837,innodb_rwlock_x_spin_rounds,0,0,0.000000,enabled
1782984897.836,2026-07-02 09:34:57.837,innodb_rwlock_x_spin_waits,0,0,0.000000,enabled
1782984897.836,2026-07-02 09:34:57.837,lock_deadlocks,0,0,0.000000,enabled
1782984897.836,2026-07-02 09:34:57.837,lock_deadlock_false_positives,0,0,0.000000,enabled
1782984897.836,2026-07-02 09:34:57.837,lock_deadlock_rounds,2711,2711,1.095621,enabled
1782984897.836,2026-07-02 09:34:57.837,lock_rec_grant_attempts,425,425,0.171759,enabled
1782984897.836,2026-07-02 09:34:57.837,lock_rec_release_attempts,42127299,42127299,17025.285177,enabled
1782984897.836,2026-07-02 09:34:57.837,lock_row_lock_current_waits,0,0,0.000000,enabled
1782984897.836,2026-07-02 09:34:57.837,lock_row_lock_time,323,323,0.130537,enabled
1782984897.836,2026-07-02 09:34:57.837,lock_row_lock_time_avg,0,0,0.000000,enabled
1782984897.836,2026-07-02 09:34:57.837,lock_row_lock_time_max,29,29,0.000000,enabled
1782984897.836,2026-07-02 09:34:57.837,lock_row_lock_waits,425,425,0.171759,enabled
1782984897.836,2026-07-02 09:34:57.837,lock_schedule_refreshes,2711,2711,1.095621,enabled
1782984897.836,2026-07-02 09:34:57.837,lock_threads_waiting,0,0,0.000000,enabled
1782984897.836,2026-07-02 09:34:57.837,lock_timeouts,0,0,0.000000,enabled
1782984897.836,2026-07-02 09:34:57.837,log_waits,0,0,0.000000,enabled
1782984897.836,2026-07-02 09:34:57.837,log_writes,211394321,211394321,85432.682115,enabled
1782984897.836,2026-07-02 09:34:57.837,log_write_requests,420320791,420320791,169868.009577,enabled
1782984897.836,2026-07-02 09:34:57.837,os_data_fsyncs,60167275,60167275,24315.940953,enabled
1782984897.836,2026-07-02 09:34:57.837,os_data_reads,84422230,84422230,34118.313693,enabled
1782984897.836,2026-07-02 09:34:57.837,os_data_writes,240163119,240163119,97059.277225,enabled
1782984897.836,2026-07-02 09:34:57.837,os_log_bytes_written,132965068288,132965068288,53736366.539926,enabled
1782984897.836,2026-07-02 09:34:57.837,os_log_fsyncs,52517045,52517045,21224.184774,enabled
1782984897.836,2026-07-02 09:34:57.837,os_log_pending_fsyncs,1,1,0.000404,enabled
1782984897.836,2026-07-02 09:34:57.837,os_log_pending_writes,1,1,0.000404,enabled
1782984897.836,2026-07-02 09:34:57.837,trx_rseg_history_len,409,409,0.000000,enabled
1782984898.908,2026-07-02 09:34:58.909,adaptive_hash_searches,0,0,0.000000,enabled
1782984898.908,2026-07-02 09:34:58.909,adaptive_hash_searches_btree,622987717,622987717,251665.051735,enabled
1782984898.908,2026-07-02 09:34:58.909,buffer_data_reads,1379206416896,1379206416896,557150779.865512,enabled
1782984898.908,2026-07-02 09:34:58.909,buffer_data_written,627564065792,627564065792,253513762.828910,enabled
1782984898.908,2026-07-02 09:34:58.909,buffer_pages0_read,7,7,0.002828,enabled
1782984898.908,2026-07-02 09:34:58.909,buffer_pages_created,1819448,1819448,734.992868,enabled
1782984898.908,2026-07-02 09:34:58.909,buffer_pages_read,84417585,84417585,34101.728951,enabled
1782984898.908,2026-07-02 09:34:58.909,buffer_pages_written,27957445,27957445,11293.822428,enabled
1782984898.908,2026-07-02 09:34:58.909,buffer_pool_bytes_data,12855853056,12855853056,0.000000,enabled
1782984898.908,2026-07-02 09:34:58.909,buffer_pool_bytes_dirty,4628086784,4628086784,0.000000,enabled
1782984898.908,2026-07-02 09:34:58.909,buffer_pool_pages_data,784659,784659,0.000000,enabled
1782984898.908,2026-07-02 09:34:58.909,buffer_pool_pages_dirty,282476,282476,0.000000,enabled
1782984898.908,2026-07-02 09:34:58.909,buffer_pool_pages_flushed,27900375,27900375,0.000000,enabled
1782984898.908,2026-07-02 09:34:58.909,buffer_pool_pages_free,1676,1676,0.000000,enabled
1782984898.908,2026-07-02 09:34:58.909,buffer_pool_pages_lru_flushed,0,0,0.000000,enabled
1782984898.908,2026-07-02 09:34:58.909,buffer_pool_pages_misc,96,96,0.000000,enabled
1782984898.908,2026-07-02 09:34:58.909,buffer_pool_pages_total,786432,786432,0.000000,enabled
1782984898.908,2026-07-02 09:34:58.909,buffer_pool_reads,83511414,83511414,33735.668862,enabled
1782984898.908,2026-07-02 09:34:58.909,buffer_pool_read_ahead,803715,803715,324.672539,enabled
1782984898.908,2026-07-02 09:34:58.909,buffer_pool_read_ahead_evicted,25,25,0.010099,enabled
1782984898.908,2026-07-02 09:34:58.909,buffer_pool_read_requests,3004114225,3004114225,1213556.296219,enabled
1782984898.908,2026-07-02 09:34:58.909,buffer_pool_size,12884901888,12884901888,0.000000,enabled
1782984898.908,2026-07-02 09:34:58.909,buffer_pool_wait_free,18945,18945,7.653112,enabled
1782984898.908,2026-07-02 09:34:58.909,buffer_pool_write_requests,622302700,622302700,251388.363669,enabled
1782984898.908,2026-07-02 09:34:58.909,dml_deletes,13864841,13864841,5600.906302,enabled
1782984898.908,2026-07-02 09:34:58.909,dml_inserts,113750247,113750247,45951.084174,enabled
1782984898.908,2026-07-02 09:34:58.909,dml_system_deletes,468,468,0.189055,enabled
1782984898.908,2026-07-02 09:34:58.909,dml_system_inserts,1202,1202,0.485566,enabled
1782984898.908,2026-07-02 09:34:58.909,dml_system_reads,7661,7661,3.094774,enabled
1782984898.908,2026-07-02 09:34:58.909,dml_system_updates,620,620,0.250458,enabled
1782984898.908,2026-07-02 09:34:58.909,dml_updates,27729804,27729804,11201.861879,enabled
1782984898.908,2026-07-02 09:34:58.909,file_num_open_files,35,35,0.000000,enabled
1782984898.908,2026-07-02 09:34:58.909,ibuf_merges,0,0,0.000000,enabled
1782984898.908,2026-07-02 09:34:58.909,ibuf_merges_delete,0,0,0.000000,enabled
1782984898.908,2026-07-02 09:34:58.909,ibuf_merges_delete_mark,0,0,0.000000,enabled
1782984898.908,2026-07-02 09:34:58.909,ibuf_merges_discard_delete,0,0,0.000000,enabled
1782984898.908,2026-07-02 09:34:58.909,ibuf_merges_discard_delete_mark,0,0,0.000000,enabled
1782984898.908,2026-07-02 09:34:58.909,ibuf_merges_discard_insert,0,0,0.000000,enabled
1782984898.908,2026-07-02 09:34:58.909,ibuf_merges_insert,0,0,0.000000,enabled
1782984898.908,2026-07-02 09:34:58.909,ibuf_size,1,1,0.000404,enabled
1782984898.908,2026-07-02 09:34:58.909,innodb_activity_count,18838055,18838055,7609.909314,enabled
1782984898.908,2026-07-02 09:34:58.909,innodb_dblwr_pages_written,27897945,27897945,11269.785022,enabled
1782984898.908,2026-07-02 09:34:58.909,innodb_dblwr_writes,575984,575984,232.677205,enabled
1782984898.908,2026-07-02 09:34:58.909,innodb_page_size,16384,16384,0.000000,enabled
1782984898.908,2026-07-02 09:34:58.909,innodb_rwlock_sx_os_waits,0,0,0.000000,enabled
1782984898.908,2026-07-02 09:34:58.909,innodb_rwlock_sx_spin_rounds,0,0,0.000000,enabled
1782984898.908,2026-07-02 09:34:58.909,innodb_rwlock_sx_spin_waits,0,0,0.000000,enabled
1782984898.908,2026-07-02 09:34:58.909,innodb_rwlock_s_os_waits,0,0,0.000000,enabled
1782984898.908,2026-07-02 09:34:58.909,innodb_rwlock_s_spin_rounds,0,0,0.000000,enabled
1782984898.908,2026-07-02 09:34:58.909,innodb_rwlock_s_spin_waits,0,0,0.000000,enabled
1782984898.908,2026-07-02 09:34:58.909,innodb_rwlock_x_os_waits,0,0,0.000000,enabled
1782984898.908,2026-07-02 09:34:58.909,innodb_rwlock_x_spin_rounds,0,0,0.000000,enabled
1782984898.908,2026-07-02 09:34:58.909,innodb_rwlock_x_spin_waits,0,0,0.000000,enabled
1782984898.908,2026-07-02 09:34:58.909,lock_deadlocks,0,0,0.000000,enabled
1782984898.908,2026-07-02 09:34:58.909,lock_deadlock_false_positives,0,0,0.000000,enabled
1782984898.908,2026-07-02 09:34:58.909,lock_deadlock_rounds,2712,2712,1.095552,enabled
1782984898.908,2026-07-02 09:34:58.909,lock_rec_grant_attempts,425,425,0.171685,enabled
1782984898.908,2026-07-02 09:34:58.909,lock_rec_release_attempts,42142074,42142074,17023.913255,enabled
1782984898.908,2026-07-02 09:34:58.909,lock_row_lock_current_waits,0,0,0.000000,enabled
1782984898.908,2026-07-02 09:34:58.909,lock_row_lock_time,323,323,0.130481,enabled
1782984898.908,2026-07-02 09:34:58.909,lock_row_lock_time_avg,0,0,0.000000,enabled
1782984898.908,2026-07-02 09:34:58.909,lock_row_lock_time_max,29,29,0.000000,enabled
1782984898.908,2026-07-02 09:34:58.909,lock_row_lock_waits,425,425,0.171685,enabled
1782984898.908,2026-07-02 09:34:58.909,lock_schedule_refreshes,2712,2712,1.095552,enabled
1782984898.908,2026-07-02 09:34:58.909,lock_threads_waiting,0,0,0.000000,enabled
1782984898.908,2026-07-02 09:34:58.909,lock_timeouts,0,0,0.000000,enabled
1782984898.908,2026-07-02 09:34:58.909,log_waits,0,0,0.000000,enabled
1782984898.908,2026-07-02 09:34:58.909,log_writes,211471968,211471968,85427.214789,enabled
1782984898.908,2026-07-02 09:34:58.909,log_write_requests,420403325,420403325,169828.112475,enabled
1782984898.908,2026-07-02 09:34:58.909,os_data_fsyncs,60200514,60200514,24318.884554,enabled
1782984898.908,2026-07-02 09:34:58.909,os_data_reads,84478996,84478996,34126.535088,enabled
1782984898.908,2026-07-02 09:34:58.909,os_data_writes,240256897,240256897,97055.313258,enabled
1782984898.908,2026-07-02 09:34:58.909,os_log_bytes_written,133005673472,133005673472,53729601.260368,enabled
1782984898.908,2026-07-02 09:34:58.909,os_log_fsyncs,52545440,52545440,21226.504580,enabled
1782984898.908,2026-07-02 09:34:58.909,os_log_pending_fsyncs,0,0,0.000000,enabled
1782984898.908,2026-07-02 09:34:58.909,os_log_pending_writes,0,0,0.000000,enabled
1782984898.908,2026-07-02 09:34:58.909,trx_rseg_history_len,462,462,0.000000,enabled
1782984899.975,2026-07-02 09:34:59.977,adaptive_hash_searches,0,0,0.000000,enabled
1782984899.975,2026-07-02 09:34:59.977,adaptive_hash_searches_btree,623155218,623155218,251624.062211,enabled
1782984899.975,2026-07-02 09:34:59.977,buffer_data_reads,1380137028096,1380137028096,557286076.832317,enabled
1782984899.975,2026-07-02 09:34:59.977,buffer_data_written,627880110592,627880110592,253531958.207240,enabled
1782984899.975,2026-07-02 09:34:59.977,buffer_pages0_read,7,7,0.002827,enabled
1782984899.975,2026-07-02 09:34:59.977,buffer_pages_created,1819473,1819473,734.685728,enabled
1782984899.975,2026-07-02 09:34:59.977,buffer_pages_read,84474511,84474511,34109.996288,enabled
1782984899.975,2026-07-02 09:34:59.977,buffer_pages_written,27973832,27973832,11295.564750,enabled
1782984899.975,2026-07-02 09:34:59.977,buffer_pool_bytes_data,12848103424,12848103424,0.000000,enabled
1782984899.975,2026-07-02 09:34:59.977,buffer_pool_bytes_dirty,4627529728,4627529728,0.000000,enabled
1782984899.975,2026-07-02 09:34:59.977,buffer_pool_pages_data,784186,784186,0.000000,enabled
1782984899.975,2026-07-02 09:34:59.977,buffer_pool_pages_dirty,282442,282442,0.000000,enabled
1782984899.975,2026-07-02 09:34:59.977,buffer_pool_pages_flushed,27916762,27916762,0.000000,enabled
1782984899.975,2026-07-02 09:34:59.977,buffer_pool_pages_free,2151,2151,0.000000,enabled
1782984899.975,2026-07-02 09:34:59.977,buffer_pool_pages_lru_flushed,0,0,0.000000,enabled
1782984899.975,2026-07-02 09:34:59.977,buffer_pool_pages_misc,97,97,0.000000,enabled
1782984899.975,2026-07-02 09:34:59.977,buffer_pool_pages_total,786432,786432,0.000000,enabled
1782984899.975,2026-07-02 09:34:59.977,buffer_pool_reads,83568285,83568285,33744.072025,enabled
1782984899.975,2026-07-02 09:34:59.977,buffer_pool_read_ahead,803715,803715,324.532406,enabled
1782984899.975,2026-07-02 09:34:59.977,buffer_pool_read_ahead_evicted,25,25,0.010095,enabled
1782984899.975,2026-07-02 09:34:59.977,buffer_pool_read_requests,3004944135,3004944135,1213367.617418,enabled
1782984899.975,2026-07-02 09:34:59.977,buffer_pool_size,12884901888,12884901888,0.000000,enabled
1782984899.975,2026-07-02 09:34:59.977,buffer_pool_wait_free,18945,18945,7.649809,enabled
1782984899.975,2026-07-02 09:34:59.977,buffer_pool_write_requests,622414955,622414955,251325.188226,enabled
1782984899.975,2026-07-02 09:34:59.977,dml_deletes,13869687,13869687,5600.445546,enabled
1782984899.975,2026-07-02 09:34:59.977,dml_inserts,113755093,113755093,45933.207035,enabled
1782984899.975,2026-07-02 09:34:59.977,dml_system_deletes,468,468,0.188974,enabled
1782984899.975,2026-07-02 09:34:59.977,dml_system_inserts,1202,1202,0.485356,enabled
1782984899.975,2026-07-02 09:34:59.977,dml_system_reads,7661,7661,3.093438,enabled
1782984899.975,2026-07-02 09:34:59.977,dml_system_updates,620,620,0.250350,enabled
1782984899.975,2026-07-02 09:34:59.977,dml_updates,27739501,27739501,11200.942363,enabled
1782984899.975,2026-07-02 09:34:59.977,file_num_open_files,35,35,0.000000,enabled
1782984899.975,2026-07-02 09:34:59.977,ibuf_merges,0,0,0.000000,enabled
1782984899.975,2026-07-02 09:34:59.977,ibuf_merges_delete,0,0,0.000000,enabled
1782984899.975,2026-07-02 09:34:59.977,ibuf_merges_delete_mark,0,0,0.000000,enabled
1782984899.975,2026-07-02 09:34:59.977,ibuf_merges_discard_delete,0,0,0.000000,enabled
1782984899.975,2026-07-02 09:34:59.977,ibuf_merges_discard_delete_mark,0,0,0.000000,enabled
1782984899.975,2026-07-02 09:34:59.977,ibuf_merges_discard_insert,0,0,0.000000,enabled
1782984899.975,2026-07-02 09:34:59.977,ibuf_merges_insert,0,0,0.000000,enabled
1782984899.975,2026-07-02 09:34:59.977,ibuf_size,1,1,0.000404,enabled
1782984899.975,2026-07-02 09:34:59.977,innodb_activity_count,18843626,18843626,7608.874163,enabled
1782984899.975,2026-07-02 09:34:59.977,innodb_dblwr_pages_written,27914332,27914332,11271.537547,enabled
1782984899.975,2026-07-02 09:34:59.977,innodb_dblwr_writes,576344,576344,232.722139,enabled
1782984899.975,2026-07-02 09:34:59.977,innodb_page_size,16384,16384,0.000000,enabled
1782984899.975,2026-07-02 09:34:59.977,innodb_rwlock_sx_os_waits,0,0,0.000000,enabled
1782984899.975,2026-07-02 09:34:59.977,innodb_rwlock_sx_spin_rounds,0,0,0.000000,enabled
1782984899.975,2026-07-02 09:34:59.977,innodb_rwlock_sx_spin_waits,0,0,0.000000,enabled
1782984899.975,2026-07-02 09:34:59.977,innodb_rwlock_s_os_waits,0,0,0.000000,enabled
1782984899.975,2026-07-02 09:34:59.977,innodb_rwlock_s_spin_rounds,0,0,0.000000,enabled
1782984899.975,2026-07-02 09:34:59.977,innodb_rwlock_s_spin_waits,0,0,0.000000,enabled
1782984899.975,2026-07-02 09:34:59.977,innodb_rwlock_x_os_waits,0,0,0.000000,enabled
1782984899.975,2026-07-02 09:34:59.977,innodb_rwlock_x_spin_rounds,0,0,0.000000,enabled
1782984899.975,2026-07-02 09:34:59.977,innodb_rwlock_x_spin_waits,0,0,0.000000,enabled
1782984899.975,2026-07-02 09:34:59.977,lock_deadlocks,0,0,0.000000,enabled
1782984899.975,2026-07-02 09:34:59.977,lock_deadlock_false_positives,0,0,0.000000,enabled
1782984899.975,2026-07-02 09:34:59.977,lock_deadlock_rounds,2713,2713,1.095483,enabled
1782984899.975,2026-07-02 09:34:59.977,lock_rec_grant_attempts,425,425,0.171611,enabled
1782984899.975,2026-07-02 09:34:59.977,lock_rec_release_attempts,42156845,42156845,17022.529896,enabled
1782984899.975,2026-07-02 09:34:59.977,lock_row_lock_current_waits,0,0,0.000000,enabled
1782984899.975,2026-07-02 09:34:59.977,lock_row_lock_time,323,323,0.130424,enabled
1782984899.975,2026-07-02 09:34:59.977,lock_row_lock_time_avg,0,0,0.000000,enabled
1782984899.975,2026-07-02 09:34:59.977,lock_row_lock_time_max,29,29,0.000000,enabled
1782984899.975,2026-07-02 09:34:59.977,lock_row_lock_waits,425,425,0.171611,enabled
1782984899.975,2026-07-02 09:34:59.977,lock_schedule_refreshes,2713,2713,1.095483,enabled
1782984899.975,2026-07-02 09:34:59.977,lock_threads_waiting,0,0,0.000000,enabled
1782984899.975,2026-07-02 09:34:59.977,lock_timeouts,0,0,0.000000,enabled
1782984899.975,2026-07-02 09:34:59.977,log_waits,0,0,0.000000,enabled
1782984899.975,2026-07-02 09:34:59.977,log_writes,211551778,211551778,85422.568818,enabled
1782984899.975,2026-07-02 09:34:59.977,log_write_requests,420485643,420485643,169788.049723,enabled
1782984899.975,2026-07-02 09:34:59.977,os_data_fsyncs,60234772,60234772,24322.221039,enabled
1782984899.975,2026-07-02 09:34:59.977,os_data_reads,84535772,84535772,34134.730931,enabled
1782984899.975,2026-07-02 09:34:59.977,os_data_writes,240353328,240353328,97052.359971,enabled
1782984899.975,2026-07-02 09:34:59.977,os_log_bytes_written,133047262720,133047262720,53723203.716595,enabled
1782984899.975,2026-07-02 09:34:59.977,os_log_fsyncs,52574633,52574633,21229.130605,enabled
1782984899.975,2026-07-02 09:34:59.977,os_log_pending_fsyncs,1,1,0.000404,enabled
1782984899.975,2026-07-02 09:34:59.977,os_log_pending_writes,1,1,0.000404,enabled
1782984899.975,2026-07-02 09:34:59.977,trx_rseg_history_len,506,506,0.000000,enabled
1782984901.044,2026-07-02 09:35:01.046,adaptive_hash_searches,0,0,0.000000,enabled
1782984901.044,2026-07-02 09:35:01.046,adaptive_hash_searches_btree,623323602,623323602,251583.185352,enabled
1782984901.044,2026-07-02 09:35:01.046,buffer_data_reads,1381073472000,1381073472000,557422992.089948,enabled
1782984901.044,2026-07-02 09:35:01.046,buffer_data_written,628189004288,628189004288,253546969.981317,enabled
1782984901.044,2026-07-02 09:35:01.046,buffer_pages0_read,7,7,0.002825,enabled
1782984901.044,2026-07-02 09:35:01.046,buffer_pages_created,1819505,1819505,734.380864,enabled
1782984901.044,2026-07-02 09:35:01.046,buffer_pages_read,84531806,84531806,34118.367538,enabled
1782984901.044,2026-07-02 09:35:01.046,buffer_pages_written,27989729,27989729,11297.095252,enabled
1782984901.044,2026-07-02 09:35:01.046,buffer_pool_bytes_data,12857180160,12857180160,0.000000,enabled
1782984901.044,2026-07-02 09:35:01.046,buffer_pool_bytes_dirty,4633640960,4633640960,0.000000,enabled
1782984901.044,2026-07-02 09:35:01.046,buffer_pool_pages_data,784740,784740,0.000000,enabled
1782984901.044,2026-07-02 09:35:01.046,buffer_pool_pages_dirty,282815,282815,0.000000,enabled
1782984901.044,2026-07-02 09:35:01.046,buffer_pool_pages_flushed,27932659,27932659,0.000000,enabled
1782984901.044,2026-07-02 09:35:01.046,buffer_pool_pages_free,1595,1595,0.000000,enabled
1782984901.044,2026-07-02 09:35:01.046,buffer_pool_pages_lru_flushed,0,0,0.000000,enabled
1782984901.044,2026-07-02 09:35:01.046,buffer_pool_pages_misc,97,97,0.000000,enabled
1782984901.044,2026-07-02 09:35:01.046,buffer_pool_pages_total,786432,786432,0.000000,enabled
1782984901.044,2026-07-02 09:35:01.046,buffer_pool_reads,83625520,83625520,33752.577325,enabled
1782984901.044,2026-07-02 09:35:01.046,buffer_pool_read_ahead,803715,803715,324.392033,enabled
1782984901.044,2026-07-02 09:35:01.046,buffer_pool_read_ahead_evicted,25,25,0.010090,enabled
1782984901.044,2026-07-02 09:35:01.046,buffer_pool_read_requests,3005778532,3005778532,1213179.563773,enabled
1782984901.044,2026-07-02 09:35:01.046,buffer_pool_size,12884901888,12884901888,0.000000,enabled
1782984901.044,2026-07-02 09:35:01.046,buffer_pool_wait_free,18945,18945,7.646500,enabled
1782984901.044,2026-07-02 09:35:01.046,buffer_pool_write_requests,622528139,622528139,251262.163029,enabled
1782984901.044,2026-07-02 09:35:01.046,dml_deletes,13874556,13874556,5599.988329,enabled
1782984901.044,2026-07-02 09:35:01.046,dml_inserts,113759962,113759962,45915.304248,enabled
1782984901.044,2026-07-02 09:35:01.046,dml_system_deletes,468,468,0.188892,enabled
1782984901.044,2026-07-02 09:35:01.046,dml_system_inserts,1202,1202,0.485146,enabled
1782984901.044,2026-07-02 09:35:01.046,dml_system_reads,7661,7661,3.092100,enabled
1782984901.044,2026-07-02 09:35:01.046,dml_system_updates,620,620,0.250242,enabled
1782984901.044,2026-07-02 09:35:01.046,dml_updates,27749239,27749239,11200.027907,enabled
1782984901.044,2026-07-02 09:35:01.046,file_num_open_files,35,35,0.000000,enabled
1782984901.044,2026-07-02 09:35:01.046,ibuf_merges,0,0,0.000000,enabled
1782984901.044,2026-07-02 09:35:01.046,ibuf_merges_delete,0,0,0.000000,enabled
1782984901.044,2026-07-02 09:35:01.046,ibuf_merges_delete_mark,0,0,0.000000,enabled
1782984901.044,2026-07-02 09:35:01.046,ibuf_merges_discard_delete,0,0,0.000000,enabled
1782984901.044,2026-07-02 09:35:01.046,ibuf_merges_discard_delete_mark,0,0,0.000000,enabled
1782984901.044,2026-07-02 09:35:01.046,ibuf_merges_discard_insert,0,0,0.000000,enabled
1782984901.044,2026-07-02 09:35:01.046,ibuf_merges_insert,0,0,0.000000,enabled
1782984901.044,2026-07-02 09:35:01.046,ibuf_size,1,1,0.000404,enabled
1782984901.044,2026-07-02 09:35:01.046,innodb_activity_count,18849210,18849210,7607.836796,enabled
1782984901.044,2026-07-02 09:35:01.046,innodb_dblwr_pages_written,27930229,27930229,11273.078423,enabled
1782984901.044,2026-07-02 09:35:01.046,innodb_dblwr_writes,576690,576690,232.761128,enabled
1782984901.044,2026-07-02 09:35:01.046,innodb_page_size,16384,16384,0.000000,enabled
1782984901.044,2026-07-02 09:35:01.046,innodb_rwlock_sx_os_waits,0,0,0.000000,enabled
1782984901.044,2026-07-02 09:35:01.046,innodb_rwlock_sx_spin_rounds,0,0,0.000000,enabled
1782984901.044,2026-07-02 09:35:01.046,innodb_rwlock_sx_spin_waits,0,0,0.000000,enabled
1782984901.044,2026-07-02 09:35:01.046,innodb_rwlock_s_os_waits,0,0,0.000000,enabled
1782984901.044,2026-07-02 09:35:01.046,innodb_rwlock_s_spin_rounds,0,0,0.000000,enabled
1782984901.044,2026-07-02 09:35:01.046,innodb_rwlock_s_spin_waits,0,0,0.000000,enabled
1782984901.044,2026-07-02 09:35:01.046,innodb_rwlock_x_os_waits,0,0,0.000000,enabled
1782984901.044,2026-07-02 09:35:01.046,innodb_rwlock_x_spin_rounds,0,0,0.000000,enabled
1782984901.044,2026-07-02 09:35:01.046,innodb_rwlock_x_spin_waits,0,0,0.000000,enabled
1782984901.044,2026-07-02 09:35:01.046,lock_deadlocks,0,0,0.000000,enabled
1782984901.044,2026-07-02 09:35:01.046,lock_deadlock_false_positives,0,0,0.000000,enabled
1782984901.044,2026-07-02 09:35:01.046,lock_deadlock_rounds,2714,2714,1.095413,enabled
1782984901.044,2026-07-02 09:35:01.046,lock_rec_grant_attempts,425,425,0.171537,enabled
1782984901.044,2026-07-02 09:35:01.046,lock_rec_release_attempts,42171648,42171648,17021.141698,enabled
1782984901.044,2026-07-02 09:35:01.046,lock_row_lock_current_waits,0,0,0.000000,enabled
1782984901.044,2026-07-02 09:35:01.046,lock_row_lock_time,323,323,0.130368,enabled
1782984901.044,2026-07-02 09:35:01.046,lock_row_lock_time_avg,0,0,0.000000,enabled
1782984901.044,2026-07-02 09:35:01.046,lock_row_lock_time_max,29,29,0.000000,enabled
1782984901.044,2026-07-02 09:35:01.046,lock_row_lock_waits,425,425,0.171537,enabled
1782984901.044,2026-07-02 09:35:01.046,lock_schedule_refreshes,2714,2714,1.095413,enabled
1782984901.044,2026-07-02 09:35:01.046,lock_threads_waiting,0,0,0.000000,enabled
1782984901.044,2026-07-02 09:35:01.046,lock_timeouts,0,0,0.000000,enabled
1782984901.044,2026-07-02 09:35:01.046,log_waits,0,0,0.000000,enabled
1782984901.044,2026-07-02 09:35:01.046,log_writes,211632613,211632613,85418.245698,enabled
1782984901.044,2026-07-02 09:35:01.046,log_write_requests,420568531,420568531,169748.063062,enabled
1782984901.044,2026-07-02 09:35:01.046,os_data_fsyncs,60268505,60268505,24325.315749,enabled
1782984901.044,2026-07-02 09:35:01.046,os_data_reads,84592916,84592916,34143.030339,enabled
1782984901.044,2026-07-02 09:35:01.046,os_data_writes,240450284,240450284,97049.513403,enabled
1782984901.044,2026-07-02 09:35:01.046,os_log_bytes_written,133089338368,133089338368,53716948.388395,enabled
1782984901.044,2026-07-02 09:35:01.046,os_log_fsyncs,52603551,52603551,21231.619804,enabled
1782984901.044,2026-07-02 09:35:01.046,os_log_pending_fsyncs,1,1,0.000404,enabled
1782984901.044,2026-07-02 09:35:01.046,os_log_pending_writes,0,0,0.000000,enabled
1782984901.044,2026-07-02 09:35:01.046,trx_rseg_history_len,457,457,0.000000,enabled
1782984902.116,2026-07-02 09:35:02.118,adaptive_hash_searches,0,0,0.000000,enabled
1782984902.116,2026-07-02 09:35:02.118,adaptive_hash_searches_btree,623491281,623491281,251542.228787,enabled
1782984902.116,2026-07-02 09:35:02.118,buffer_data_reads,1382006852096,1382006852096,557558912.286779,enabled
1782984902.116,2026-07-02 09:35:02.118,buffer_data_written,628503423488,628503423488,253564361.399171,enabled
1782984902.116,2026-07-02 09:35:02.118,buffer_pages0_read,7,7,0.002824,enabled
1782984902.116,2026-07-02 09:35:02.118,buffer_pages_created,1819545,1819545,734.079963,enabled
1782984902.116,2026-07-02 09:35:02.118,buffer_pages_read,84588921,84588921,34126.680920,enabled
1782984902.116,2026-07-02 09:35:02.118,buffer_pages_written,28005997,28005997,11298.781388,enabled
1782984902.116,2026-07-02 09:35:02.118,buffer_pool_bytes_data,12852559872,12852559872,0.000000,enabled
1782984902.116,2026-07-02 09:35:02.118,buffer_pool_bytes_dirty,4637818880,4637818880,0.000000,enabled
1782984902.116,2026-07-02 09:35:02.118,buffer_pool_pages_data,784458,784458,0.000000,enabled
1782984902.116,2026-07-02 09:35:02.118,buffer_pool_pages_dirty,283070,283070,0.000000,enabled
1782984902.116,2026-07-02 09:35:02.118,buffer_pool_pages_flushed,27948927,27948927,0.000000,enabled
1782984902.116,2026-07-02 09:35:02.118,buffer_pool_pages_free,1878,1878,0.000000,enabled
1782984902.116,2026-07-02 09:35:02.118,buffer_pool_pages_lru_flushed,0,0,0.000000,enabled
1782984902.116,2026-07-02 09:35:02.118,buffer_pool_pages_misc,98,98,0.000000,enabled
1782984902.116,2026-07-02 09:35:02.118,buffer_pool_pages_total,786432,786432,0.000000,enabled
1782984902.116,2026-07-02 09:35:02.118,buffer_pool_reads,83682587,83682587,33761.029210,enabled
1782984902.116,2026-07-02 09:35:02.118,buffer_pool_read_ahead,803715,803715,324.251990,enabled
1782984902.116,2026-07-02 09:35:02.118,buffer_pool_read_ahead_evicted,25,25,0.010086,enabled
1782984902.116,2026-07-02 09:35:02.118,buffer_pool_read_requests,3006609597,3006609597,1212991.108652,enabled
1782984902.116,2026-07-02 09:35:02.118,buffer_pool_size,12884901888,12884901888,0.000000,enabled
1782984902.116,2026-07-02 09:35:02.118,buffer_pool_wait_free,18945,18945,7.643199,enabled
1782984902.116,2026-07-02 09:35:02.118,buffer_pool_write_requests,622641334,622641334,251199.358335,enabled
1782984902.116,2026-07-02 09:35:02.118,dml_deletes,13879405,13879405,5599.527182,enabled
1782984902.116,2026-07-02 09:35:02.118,dml_inserts,113764812,113764812,45897.439969,enabled
1782984902.116,2026-07-02 09:35:02.118,dml_system_deletes,468,468,0.188811,enabled
1782984902.116,2026-07-02 09:35:02.118,dml_system_inserts,1202,1202,0.484937,enabled
1782984902.116,2026-07-02 09:35:02.118,dml_system_reads,7661,7661,3.090765,enabled
1782984902.116,2026-07-02 09:35:02.118,dml_system_updates,620,620,0.250134,enabled
1782984902.116,2026-07-02 09:35:02.118,dml_updates,27758936,27758936,11199.105189,enabled
1782984902.116,2026-07-02 09:35:02.118,file_num_open_files,35,35,0.000000,enabled
1782984902.116,2026-07-02 09:35:02.118,ibuf_merges,0,0,0.000000,enabled
1782984902.116,2026-07-02 09:35:02.118,ibuf_merges_delete,0,0,0.000000,enabled
1782984902.116,2026-07-02 09:35:02.118,ibuf_merges_delete_mark,0,0,0.000000,enabled
1782984902.116,2026-07-02 09:35:02.118,ibuf_merges_discard_delete,0,0,0.000000,enabled
1782984902.116,2026-07-02 09:35:02.118,ibuf_merges_discard_delete_mark,0,0,0.000000,enabled
1782984902.116,2026-07-02 09:35:02.118,ibuf_merges_discard_insert,0,0,0.000000,enabled
1782984902.116,2026-07-02 09:35:02.118,ibuf_merges_insert,0,0,0.000000,enabled
1782984902.116,2026-07-02 09:35:02.118,ibuf_size,1,1,0.000403,enabled
1782984902.116,2026-07-02 09:35:02.118,innodb_activity_count,18854783,18854783,7606.800976,enabled
1782984902.116,2026-07-02 09:35:02.118,innodb_dblwr_pages_written,27946497,27946497,11274.775177,enabled
1782984902.116,2026-07-02 09:35:02.118,innodb_dblwr_writes,577066,577066,232.812342,enabled
1782984902.116,2026-07-02 09:35:02.118,innodb_page_size,16384,16384,0.000000,enabled
1782984902.116,2026-07-02 09:35:02.118,innodb_rwlock_sx_os_waits,0,0,0.000000,enabled
1782984902.116,2026-07-02 09:35:02.118,innodb_rwlock_sx_spin_rounds,0,0,0.000000,enabled
1782984902.116,2026-07-02 09:35:02.118,innodb_rwlock_sx_spin_waits,0,0,0.000000,enabled
1782984902.116,2026-07-02 09:35:02.118,innodb_rwlock_s_os_waits,0,0,0.000000,enabled
1782984902.116,2026-07-02 09:35:02.118,innodb_rwlock_s_spin_rounds,0,0,0.000000,enabled
1782984902.116,2026-07-02 09:35:02.118,innodb_rwlock_s_spin_waits,0,0,0.000000,enabled
1782984902.116,2026-07-02 09:35:02.118,innodb_rwlock_x_os_waits,0,0,0.000000,enabled
1782984902.116,2026-07-02 09:35:02.118,innodb_rwlock_x_spin_rounds,0,0,0.000000,enabled
1782984902.116,2026-07-02 09:35:02.118,innodb_rwlock_x_spin_waits,0,0,0.000000,enabled
1782984902.116,2026-07-02 09:35:02.118,lock_deadlocks,0,0,0.000000,enabled
1782984902.116,2026-07-02 09:35:02.118,lock_deadlock_false_positives,0,0,0.000000,enabled
1782984902.116,2026-07-02 09:35:02.118,lock_deadlock_rounds,2715,2715,1.095344,enabled
1782984902.116,2026-07-02 09:35:02.118,lock_rec_grant_attempts,425,425,0.171463,enabled
1782984902.116,2026-07-02 09:35:02.118,lock_rec_release_attempts,42186389,42186389,17019.740629,enabled
1782984902.116,2026-07-02 09:35:02.118,lock_row_lock_current_waits,0,0,0.000000,enabled
1782984902.116,2026-07-02 09:35:02.118,lock_row_lock_time,323,323,0.130312,enabled
1782984902.116,2026-07-02 09:35:02.118,lock_row_lock_time_avg,0,0,0.000000,enabled
1782984902.116,2026-07-02 09:35:02.118,lock_row_lock_time_max,29,29,0.000000,enabled
1782984902.116,2026-07-02 09:35:02.118,lock_row_lock_waits,425,425,0.171463,enabled
1782984902.116,2026-07-02 09:35:02.118,lock_schedule_refreshes,2715,2715,1.095344,enabled
1782984902.116,2026-07-02 09:35:02.118,lock_threads_waiting,0,0,0.000000,enabled
1782984902.116,2026-07-02 09:35:02.118,lock_timeouts,0,0,0.000000,enabled
1782984902.116,2026-07-02 09:35:02.118,log_waits,0,0,0.000000,enabled
1782984902.116,2026-07-02 09:35:02.118,log_writes,211712075,211712075,85413.429582,enabled
1782984902.116,2026-07-02 09:35:02.118,log_write_requests,420650944,420650944,169708.032976,enabled
1782984902.116,2026-07-02 09:35:02.118,os_data_fsyncs,60302896,60302896,24328.689342,enabled
1782984902.116,2026-07-02 09:35:02.118,os_data_reads,84649861,84649861,34151.264868,enabled
1782984902.116,2026-07-02 09:35:02.118,os_data_writes,240546328,240546328,97046.365562,enabled
1782984902.116,2026-07-02 09:35:02.118,os_log_bytes_written,133131010560,133131010560,53710571.237818,enabled
1782984902.116,2026-07-02 09:35:02.118,os_log_fsyncs,52632682,52632682,21234.206831,enabled
1782984902.116,2026-07-02 09:35:02.118,os_log_pending_fsyncs,0,0,0.000000,enabled
1782984902.116,2026-07-02 09:35:02.118,os_log_pending_writes,0,0,0.000000,enabled
1782984902.116,2026-07-02 09:35:02.118,trx_rseg_history_len,474,474,0.000000,enabled
1782984903.186,2026-07-02 09:35:03.188,adaptive_hash_searches,0,0,0.000000,enabled
1782984903.186,2026-07-02 09:35:03.188,adaptive_hash_searches_btree,623660380,623660380,251501.624405,enabled
1782984903.186,2026-07-02 09:35:03.188,buffer_data_reads,1382945606144,1382945606144,557696335.762135,enabled
1782984903.186,2026-07-02 09:35:03.188,buffer_data_written,628813389312,628813389312,253579693.424206,enabled
1782984903.186,2026-07-02 09:35:03.188,buffer_pages0_read,7,7,0.002823,enabled
1782984903.186,2026-07-02 09:35:03.188,buffer_pages_created,1819571,1819571,733.772958,enabled
1782984903.186,2026-07-02 09:35:03.188,buffer_pages_read,84646411,84646411,34135.104892,enabled
1782984903.186,2026-07-02 09:35:03.188,buffer_pages_written,28021964,28021964,11300.333616,enabled
1782984903.186,2026-07-02 09:35:03.188,buffer_pool_bytes_data,12859555840,12859555840,0.000000,enabled
1782984903.186,2026-07-02 09:35:03.188,buffer_pool_bytes_dirty,4646502400,4646502400,0.000000,enabled
1782984903.186,2026-07-02 09:35:03.188,buffer_pool_pages_data,784885,784885,0.000000,enabled
1782984903.186,2026-07-02 09:35:03.188,buffer_pool_pages_dirty,283600,283600,0.000000,enabled
1782984903.186,2026-07-02 09:35:03.188,buffer_pool_pages_flushed,27964894,27964894,0.000000,enabled
1782984903.186,2026-07-02 09:35:03.188,buffer_pool_pages_free,1451,1451,0.000000,enabled
1782984903.186,2026-07-02 09:35:03.188,buffer_pool_pages_lru_flushed,0,0,0.000000,enabled
1782984903.186,2026-07-02 09:35:03.188,buffer_pool_pages_misc,96,96,0.000000,enabled
1782984903.186,2026-07-02 09:35:03.188,buffer_pool_pages_total,786432,786432,0.000000,enabled
1782984903.186,2026-07-02 09:35:03.188,buffer_pool_reads,83740011,83740011,33769.584827,enabled
1782984903.186,2026-07-02 09:35:03.188,buffer_pool_read_ahead,803715,803715,324.111751,enabled
1782984903.186,2026-07-02 09:35:03.188,buffer_pool_read_ahead_evicted,25,25,0.010082,enabled
1782984903.186,2026-07-02 09:35:03.188,buffer_pool_read_requests,3007446898,3007446898,1212804.147363,enabled
1782984903.186,2026-07-02 09:35:03.188,buffer_pool_size,12884901888,12884901888,0.000000,enabled
1782984903.186,2026-07-02 09:35:03.188,buffer_pool_wait_free,18945,18945,7.639894,enabled
1782984903.186,2026-07-02 09:35:03.188,buffer_pool_write_requests,622754570,622754570,251136.379220,enabled
1782984903.186,2026-07-02 09:35:03.188,dml_deletes,13884299,13884299,5599.078874,enabled
1782984903.186,2026-07-02 09:35:03.188,dml_inserts,113769706,113769706,45879.562079,enabled
1782984903.186,2026-07-02 09:35:03.188,dml_system_deletes,468,468,0.188729,enabled
1782984903.186,2026-07-02 09:35:03.188,dml_system_inserts,1202,1202,0.484727,enabled
1782984903.186,2026-07-02 09:35:03.188,dml_system_reads,7661,7661,3.089428,enabled
1782984903.186,2026-07-02 09:35:03.188,dml_system_updates,620,620,0.250026,enabled
1782984903.186,2026-07-02 09:35:03.188,dml_updates,27768718,27768718,11198.206132,enabled
1782984903.186,2026-07-02 09:35:03.188,file_num_open_files,35,35,0.000000,enabled
1782984903.186,2026-07-02 09:35:03.188,ibuf_merges,0,0,0.000000,enabled
1782984903.186,2026-07-02 09:35:03.188,ibuf_merges_delete,0,0,0.000000,enabled
1782984903.186,2026-07-02 09:35:03.188,ibuf_merges_delete_mark,0,0,0.000000,enabled
1782984903.186,2026-07-02 09:35:03.188,ibuf_merges_discard_delete,0,0,0.000000,enabled
1782984903.186,2026-07-02 09:35:03.188,ibuf_merges_discard_delete_mark,0,0,0.000000,enabled
1782984903.186,2026-07-02 09:35:03.188,ibuf_merges_discard_insert,0,0,0.000000,enabled
1782984903.186,2026-07-02 09:35:03.188,ibuf_merges_insert,0,0,0.000000,enabled
1782984903.186,2026-07-02 09:35:03.188,ibuf_size,1,1,0.000403,enabled
1782984903.186,2026-07-02 09:35:03.188,innodb_activity_count,18860402,18860402,7605.776857,enabled
1782984903.186,2026-07-02 09:35:03.188,innodb_dblwr_pages_written,27962464,27962464,11276.337598,enabled
1782984903.186,2026-07-02 09:35:03.188,innodb_dblwr_writes,577441,577441,232.862872,enabled
1782984903.186,2026-07-02 09:35:03.188,innodb_page_size,16384,16384,0.000000,enabled
1782984903.186,2026-07-02 09:35:03.188,innodb_rwlock_sx_os_waits,0,0,0.000000,enabled
1782984903.186,2026-07-02 09:35:03.188,innodb_rwlock_sx_spin_rounds,0,0,0.000000,enabled
1782984903.186,2026-07-02 09:35:03.188,innodb_rwlock_sx_spin_waits,0,0,0.000000,enabled
1782984903.186,2026-07-02 09:35:03.188,innodb_rwlock_s_os_waits,0,0,0.000000,enabled
1782984903.186,2026-07-02 09:35:03.188,innodb_rwlock_s_spin_rounds,0,0,0.000000,enabled
1782984903.186,2026-07-02 09:35:03.188,innodb_rwlock_s_spin_waits,0,0,0.000000,enabled
1782984903.186,2026-07-02 09:35:03.188,innodb_rwlock_x_os_waits,0,0,0.000000,enabled
1782984903.186,2026-07-02 09:35:03.188,innodb_rwlock_x_spin_rounds,0,0,0.000000,enabled
1782984903.186,2026-07-02 09:35:03.188,innodb_rwlock_x_spin_waits,0,0,0.000000,enabled
1782984903.186,2026-07-02 09:35:03.188,lock_deadlocks,0,0,0.000000,enabled
1782984903.186,2026-07-02 09:35:03.188,lock_deadlock_false_positives,0,0,0.000000,enabled
1782984903.186,2026-07-02 09:35:03.188,lock_deadlock_rounds,2717,2717,1.095677,enabled
1782984903.186,2026-07-02 09:35:03.188,lock_rec_grant_attempts,425,425,0.171388,enabled
1782984903.186,2026-07-02 09:35:03.188,lock_rec_release_attempts,42201264,42201264,17018.378260,enabled
1782984903.186,2026-07-02 09:35:03.188,lock_row_lock_current_waits,0,0,0.000000,enabled
1782984903.186,2026-07-02 09:35:03.188,lock_row_lock_time,323,323,0.130255,enabled
1782984903.186,2026-07-02 09:35:03.188,lock_row_lock_time_avg,0,0,0.000000,enabled
1782984903.186,2026-07-02 09:35:03.188,lock_row_lock_time_max,29,29,0.000000,enabled
1782984903.186,2026-07-02 09:35:03.188,lock_row_lock_waits,425,425,0.171388,enabled
1782984903.186,2026-07-02 09:35:03.188,lock_schedule_refreshes,2717,2717,1.095677,enabled
1782984903.186,2026-07-02 09:35:03.188,lock_threads_waiting,0,0,0.000000,enabled
1782984903.186,2026-07-02 09:35:03.188,lock_timeouts,0,0,0.000000,enabled
1782984903.186,2026-07-02 09:35:03.188,log_waits,0,0,0.000000,enabled
1782984903.186,2026-07-02 09:35:03.188,log_writes,211793342,211793342,85409.259413,enabled
1782984903.186,2026-07-02 09:35:03.188,log_write_requests,420734088,420734088,169668.161185,enabled
1782984903.186,2026-07-02 09:35:03.188,os_data_fsyncs,60337455,60337455,24332.103391,enabled
1782984903.186,2026-07-02 09:35:03.188,os_data_reads,84707196,84707196,34159.615342,enabled
1782984903.186,2026-07-02 09:35:03.188,os_data_writes,240643857,240643857,97043.722057,enabled
1782984903.186,2026-07-02 09:35:03.188,os_log_bytes_written,133173175296,133173175296,53704344.419004,enabled
1782984903.186,2026-07-02 09:35:03.188,os_log_fsyncs,52662261,52662261,21236.951017,enabled
1782984903.186,2026-07-02 09:35:03.188,os_log_pending_fsyncs,0,0,0.000000,enabled
1782984903.186,2026-07-02 09:35:03.188,os_log_pending_writes,0,0,0.000000,enabled
1782984903.186,2026-07-02 09:35:03.188,trx_rseg_history_len,552,552,0.000000,enabled
1782984904.258,2026-07-02 09:35:04.260,adaptive_hash_searches,0,0,0.000000,enabled
1782984904.258,2026-07-02 09:35:04.260,adaptive_hash_searches_btree,623828508,623828508,251460.667161,enabled
1782984904.258,2026-07-02 09:35:04.260,buffer_data_reads,1383874742784,1383874742784,557829765.285180,enabled
1782984904.258,2026-07-02 09:35:04.260,buffer_data_written,629125489664,629125489664,253595873.282744,enabled
1782984904.258,2026-07-02 09:35:04.260,buffer_pages0_read,7,7,0.002822,enabled
1782984904.258,2026-07-02 09:35:04.260,buffer_pages_created,1819614,1819614,733.473072,enabled
1782984904.258,2026-07-02 09:35:04.260,buffer_pages_read,84703259,84703259,34143.262915,enabled
1782984904.258,2026-07-02 09:35:04.260,buffer_pages_written,28038127,28038127,11301.963541,enabled
1782984904.258,2026-07-02 09:35:04.260,buffer_pool_bytes_data,12852985856,12852985856,0.000000,enabled
1782984904.258,2026-07-02 09:35:04.260,buffer_pool_bytes_dirty,4648386560,4648386560,0.000000,enabled
1782984904.258,2026-07-02 09:35:04.260,buffer_pool_pages_data,784483,784483,0.000000,enabled
1782984904.258,2026-07-02 09:35:04.260,buffer_pool_pages_dirty,283715,283715,0.000000,enabled
1782984904.258,2026-07-02 09:35:04.260,buffer_pool_pages_flushed,27981057,27981057,0.000000,enabled
1782984904.258,2026-07-02 09:35:04.260,buffer_pool_pages_free,1849,1849,0.000000,enabled
1782984904.258,2026-07-02 09:35:04.260,buffer_pool_pages_lru_flushed,0,0,0.000000,enabled
1782984904.258,2026-07-02 09:35:04.260,buffer_pool_pages_misc,97,97,0.000000,enabled
1782984904.258,2026-07-02 09:35:04.260,buffer_pool_pages_total,786432,786432,0.000000,enabled
1782984904.258,2026-07-02 09:35:04.260,buffer_pool_reads,83796800,83796800,33777.877163,enabled
1782984904.258,2026-07-02 09:35:04.260,buffer_pool_read_ahead,803715,803715,323.971634,enabled
1782984904.258,2026-07-02 09:35:04.260,buffer_pool_read_ahead_evicted,25,25,0.010077,enabled
1782984904.258,2026-07-02 09:35:04.260,buffer_pool_read_requests,3008279063,3008279063,1212615.280619,enabled
1782984904.258,2026-07-02 09:35:04.260,buffer_pool_size,12884901888,12884901888,0.000000,enabled
1782984904.258,2026-07-02 09:35:04.260,buffer_pool_wait_free,18945,18945,7.636591,enabled
1782984904.258,2026-07-02 09:35:04.260,buffer_pool_write_requests,622867178,622867178,251073.202054,enabled
1782984904.258,2026-07-02 09:35:04.260,dml_deletes,13889150,13889150,5598.613671,enabled
1782984904.258,2026-07-02 09:35:04.260,dml_inserts,113774557,113774557,45861.682749,enabled
1782984904.258,2026-07-02 09:35:04.260,dml_system_deletes,468,468,0.188647,enabled
1782984904.258,2026-07-02 09:35:04.260,dml_system_inserts,1202,1202,0.484517,enabled
1782984904.258,2026-07-02 09:35:04.260,dml_system_reads,7661,7661,3.088092,enabled
1782984904.258,2026-07-02 09:35:04.260,dml_system_updates,620,620,0.249917,enabled
1782984904.258,2026-07-02 09:35:04.260,dml_updates,27778420,27778420,11197.275703,enabled
1782984904.258,2026-07-02 09:35:04.260,file_num_open_files,35,35,0.000000,enabled
1782984904.258,2026-07-02 09:35:04.260,ibuf_merges,0,0,0.000000,enabled
1782984904.258,2026-07-02 09:35:04.260,ibuf_merges_delete,0,0,0.000000,enabled
1782984904.258,2026-07-02 09:35:04.260,ibuf_merges_delete_mark,0,0,0.000000,enabled
1782984904.258,2026-07-02 09:35:04.260,ibuf_merges_discard_delete,0,0,0.000000,enabled
1782984904.258,2026-07-02 09:35:04.260,ibuf_merges_discard_delete_mark,0,0,0.000000,enabled
1782984904.258,2026-07-02 09:35:04.260,ibuf_merges_discard_insert,0,0,0.000000,enabled
1782984904.258,2026-07-02 09:35:04.260,ibuf_merges_insert,0,0,0.000000,enabled
1782984904.258,2026-07-02 09:35:04.260,ibuf_size,1,1,0.000403,enabled
1782984904.258,2026-07-02 09:35:04.260,innodb_activity_count,18865975,18865975,7604.735169,enabled
1782984904.258,2026-07-02 09:35:04.260,innodb_dblwr_pages_written,27978627,27978627,11277.977800,enabled
1782984904.258,2026-07-02 09:35:04.260,innodb_dblwr_writes,577814,577814,232.912554,enabled
1782984904.258,2026-07-02 09:35:04.260,innodb_page_size,16384,16384,0.000000,enabled
1782984904.258,2026-07-02 09:35:04.260,innodb_rwlock_sx_os_waits,0,0,0.000000,enabled
1782984904.258,2026-07-02 09:35:04.260,innodb_rwlock_sx_spin_rounds,0,0,0.000000,enabled
1782984904.258,2026-07-02 09:35:04.260,innodb_rwlock_sx_spin_waits,0,0,0.000000,enabled
1782984904.258,2026-07-02 09:35:04.260,innodb_rwlock_s_os_waits,0,0,0.000000,enabled
1782984904.258,2026-07-02 09:35:04.260,innodb_rwlock_s_spin_rounds,0,0,0.000000,enabled
1782984904.258,2026-07-02 09:35:04.260,innodb_rwlock_s_spin_waits,0,0,0.000000,enabled
1782984904.258,2026-07-02 09:35:04.260,innodb_rwlock_x_os_waits,0,0,0.000000,enabled
1782984904.258,2026-07-02 09:35:04.260,innodb_rwlock_x_spin_rounds,0,0,0.000000,enabled
1782984904.258,2026-07-02 09:35:04.260,innodb_rwlock_x_spin_waits,0,0,0.000000,enabled
1782984904.258,2026-07-02 09:35:04.260,lock_deadlocks,0,0,0.000000,enabled
1782984904.258,2026-07-02 09:35:04.260,lock_deadlock_false_positives,0,0,0.000000,enabled
1782984904.258,2026-07-02 09:35:04.260,lock_deadlock_rounds,2718,2718,1.095606,enabled
1782984904.258,2026-07-02 09:35:04.260,lock_rec_grant_attempts,425,425,0.171314,enabled
1782984904.258,2026-07-02 09:35:04.260,lock_rec_release_attempts,42216022,42216022,17016.969923,enabled
1782984904.258,2026-07-02 09:35:04.260,lock_row_lock_current_waits,0,0,0.000000,enabled
1782984904.258,2026-07-02 09:35:04.260,lock_row_lock_time,323,323,0.130199,enabled
1782984904.258,2026-07-02 09:35:04.260,lock_row_lock_time_avg,0,0,0.000000,enabled
1782984904.258,2026-07-02 09:35:04.260,lock_row_lock_time_max,29,29,0.000000,enabled
1782984904.258,2026-07-02 09:35:04.260,lock_row_lock_waits,425,425,0.171314,enabled
1782984904.258,2026-07-02 09:35:04.260,lock_schedule_refreshes,2718,2718,1.095606,enabled
1782984904.258,2026-07-02 09:35:04.260,lock_threads_waiting,0,0,0.000000,enabled
1782984904.258,2026-07-02 09:35:04.260,lock_timeouts,0,0,0.000000,enabled
1782984904.258,2026-07-02 09:35:04.260,log_waits,0,0,0.000000,enabled
1782984904.258,2026-07-02 09:35:04.260,log_writes,211872165,211872165,85404.108711,enabled
1782984904.258,2026-07-02 09:35:04.260,log_write_requests,420816540,420816540,169628.046973,enabled
1782984904.258,2026-07-02 09:35:04.260,os_data_fsyncs,60371517,60371517,24335.314487,enabled
1782984904.258,2026-07-02 09:35:04.260,os_data_reads,84763880,84763880,34167.696672,enabled
1782984904.258,2026-07-02 09:35:04.260,os_data_writes,240739112,240739112,97040.165561,enabled
1782984904.258,2026-07-02 09:35:04.260,os_log_bytes_written,133214437888,133214437888,53697760.065526,enabled
1782984904.258,2026-07-02 09:35:04.260,os_log_fsyncs,52691169,52691169,21239.422644,enabled
1782984904.258,2026-07-02 09:35:04.260,os_log_pending_fsyncs,1,1,0.000403,enabled
1782984904.258,2026-07-02 09:35:04.260,os_log_pending_writes,1,1,0.000403,enabled
1782984904.258,2026-07-02 09:35:04.260,trx_rseg_history_len,613,613,0.000000,enabled
1782984905.331,2026-07-02 09:35:05.333,adaptive_hash_searches,0,0,0.000000,enabled
1782984905.331,2026-07-02 09:35:05.333,adaptive_hash_searches_btree,623997187,623997187,251419.962029,enabled
1782984905.331,2026-07-02 09:35:05.333,buffer_data_reads,1384814889472,1384814889472,557967508.297345,enabled
1782984905.331,2026-07-02 09:35:05.333,buffer_data_written,629435726336,629435726336,253611284.978037,enabled
1782984905.331,2026-07-02 09:35:05.333,buffer_pages0_read,7,7,0.002820,enabled
1782984905.331,2026-07-02 09:35:05.333,buffer_pages_created,1819642,1819642,733.167392,enabled
1782984905.331,2026-07-02 09:35:05.333,buffer_pages_read,84760791,84760791,34151.689020,enabled
1782984905.331,2026-07-02 09:35:05.333,buffer_pages_written,28054155,28054155,11303.537508,enabled
1782984905.331,2026-07-02 09:35:05.333,buffer_pool_bytes_data,12848676864,12848676864,0.000000,enabled
1782984905.331,2026-07-02 09:35:05.333,buffer_pool_bytes_dirty,4656037888,4656037888,0.000000,enabled
1782984905.331,2026-07-02 09:35:05.333,buffer_pool_pages_data,784220,784220,0.000000,enabled
1782984905.331,2026-07-02 09:35:05.333,buffer_pool_pages_dirty,284182,284182,0.000000,enabled
1782984905.331,2026-07-02 09:35:05.333,buffer_pool_pages_flushed,27997085,27997085,0.000000,enabled
1782984905.331,2026-07-02 09:35:05.333,buffer_pool_pages_free,2114,2114,0.000000,enabled
1782984905.331,2026-07-02 09:35:05.333,buffer_pool_pages_lru_flushed,0,0,0.000000,enabled
1782984905.331,2026-07-02 09:35:05.333,buffer_pool_pages_misc,99,99,0.000000,enabled
1782984905.331,2026-07-02 09:35:05.333,buffer_pool_pages_total,786432,786432,0.000000,enabled
1782984905.331,2026-07-02 09:35:05.333,buffer_pool_reads,83854263,83854263,33786.433314,enabled
1782984905.331,2026-07-02 09:35:05.333,buffer_pool_read_ahead,803715,803715,323.831634,enabled
1782984905.331,2026-07-02 09:35:05.333,buffer_pool_read_ahead_evicted,25,25,0.010073,enabled
1782984905.331,2026-07-02 09:35:05.333,buffer_pool_read_requests,3009115605,3009115605,1212428.319961,enabled
1782984905.331,2026-07-02 09:35:05.333,buffer_pool_size,12884901888,12884901888,0.000000,enabled
1782984905.331,2026-07-02 09:35:05.333,buffer_pool_wait_free,18945,18945,7.633291,enabled
1782984905.331,2026-07-02 09:35:05.333,buffer_pool_write_requests,622980961,622980961,251010.548731,enabled
1782984905.331,2026-07-02 09:35:05.333,dml_deletes,13894035,13894035,5598.162479,enabled
1782984905.331,2026-07-02 09:35:05.333,dml_inserts,113779442,113779442,45843.831814,enabled
1782984905.331,2026-07-02 09:35:05.333,dml_system_deletes,468,468,0.188566,enabled
1782984905.331,2026-07-02 09:35:05.333,dml_system_inserts,1202,1202,0.484308,enabled
1782984905.331,2026-07-02 09:35:05.333,dml_system_reads,7661,7661,3.086758,enabled
1782984905.331,2026-07-02 09:35:05.333,dml_system_updates,620,620,0.249809,enabled
1782984905.331,2026-07-02 09:35:05.333,dml_updates,27788196,27788196,11196.375714,enabled
1782984905.331,2026-07-02 09:35:05.333,file_num_open_files,35,35,0.000000,enabled
1782984905.331,2026-07-02 09:35:05.333,ibuf_merges,0,0,0.000000,enabled
1782984905.331,2026-07-02 09:35:05.333,ibuf_merges_delete,0,0,0.000000,enabled
1782984905.331,2026-07-02 09:35:05.333,ibuf_merges_delete_mark,0,0,0.000000,enabled
1782984905.331,2026-07-02 09:35:05.333,ibuf_merges_discard_delete,0,0,0.000000,enabled
1782984905.331,2026-07-02 09:35:05.333,ibuf_merges_discard_delete_mark,0,0,0.000000,enabled
1782984905.331,2026-07-02 09:35:05.333,ibuf_merges_discard_insert,0,0,0.000000,enabled
1782984905.331,2026-07-02 09:35:05.333,ibuf_merges_insert,0,0,0.000000,enabled
1782984905.331,2026-07-02 09:35:05.333,ibuf_size,1,1,0.000403,enabled
1782984905.331,2026-07-02 09:35:05.333,innodb_activity_count,18871581,18871581,7603.707529,enabled
1782984905.331,2026-07-02 09:35:05.333,innodb_dblwr_pages_written,27994655,27994655,11279.561973,enabled
1782984905.331,2026-07-02 09:35:05.333,innodb_dblwr_writes,578175,578175,232.957354,enabled
1782984905.331,2026-07-02 09:35:05.333,innodb_page_size,16384,16384,0.000000,enabled
1782984905.331,2026-07-02 09:35:05.333,innodb_rwlock_sx_os_waits,0,0,0.000000,enabled
1782984905.331,2026-07-02 09:35:05.333,innodb_rwlock_sx_spin_rounds,0,0,0.000000,enabled
1782984905.331,2026-07-02 09:35:05.333,innodb_rwlock_sx_spin_waits,0,0,0.000000,enabled
1782984905.331,2026-07-02 09:35:05.333,innodb_rwlock_s_os_waits,0,0,0.000000,enabled
1782984905.331,2026-07-02 09:35:05.333,innodb_rwlock_s_spin_rounds,0,0,0.000000,enabled
1782984905.331,2026-07-02 09:35:05.333,innodb_rwlock_s_spin_waits,0,0,0.000000,enabled
1782984905.331,2026-07-02 09:35:05.333,innodb_rwlock_x_os_waits,0,0,0.000000,enabled
1782984905.331,2026-07-02 09:35:05.333,innodb_rwlock_x_spin_rounds,0,0,0.000000,enabled
1782984905.331,2026-07-02 09:35:05.333,innodb_rwlock_x_spin_waits,0,0,0.000000,enabled
1782984905.331,2026-07-02 09:35:05.333,lock_deadlocks,0,0,0.000000,enabled
1782984905.331,2026-07-02 09:35:05.333,lock_deadlock_false_positives,0,0,0.000000,enabled
1782984905.331,2026-07-02 09:35:05.333,lock_deadlock_rounds,2719,2719,1.095535,enabled
1782984905.331,2026-07-02 09:35:05.333,lock_rec_grant_attempts,425,425,0.171240,enabled
1782984905.331,2026-07-02 09:35:05.333,lock_rec_release_attempts,42230876,42230876,17015.601160,enabled
1782984905.331,2026-07-02 09:35:05.333,lock_row_lock_current_waits,0,0,0.000000,enabled
1782984905.331,2026-07-02 09:35:05.333,lock_row_lock_time,323,323,0.130143,enabled
1782984905.331,2026-07-02 09:35:05.333,lock_row_lock_time_avg,0,0,0.000000,enabled
1782984905.331,2026-07-02 09:35:05.333,lock_row_lock_time_max,29,29,0.000000,enabled
1782984905.331,2026-07-02 09:35:05.333,lock_row_lock_waits,425,425,0.171240,enabled
1782984905.331,2026-07-02 09:35:05.333,lock_schedule_refreshes,2719,2719,1.095535,enabled
1782984905.331,2026-07-02 09:35:05.333,lock_threads_waiting,0,0,0.000000,enabled
1782984905.331,2026-07-02 09:35:05.333,lock_timeouts,0,0,0.000000,enabled
1782984905.331,2026-07-02 09:35:05.333,log_waits,0,0,0.000000,enabled
1782984905.331,2026-07-02 09:35:05.333,log_writes,211951996,211951996,85399.366842,enabled
1782984905.331,2026-07-02 09:35:05.333,log_write_requests,420899636,420899636,169588.223394,enabled
1782984905.331,2026-07-02 09:35:05.333,os_data_fsyncs,60405378,60405378,24338.441294,enabled
1782984905.331,2026-07-02 09:35:05.333,os_data_reads,84821256,84821256,34176.049082,enabled
1782984905.331,2026-07-02 09:35:05.333,os_data_writes,240835234,240835234,97036.959351,enabled
1782984905.331,2026-07-02 09:35:05.333,os_log_bytes_written,133256072192,133256072192,53691329.982174,enabled
1782984905.331,2026-07-02 09:35:05.333,os_log_fsyncs,52720143,52720143,21241.918251,enabled
1782984905.331,2026-07-02 09:35:05.333,os_log_pending_fsyncs,1,1,0.000403,enabled
1782984905.331,2026-07-02 09:35:05.333,os_log_pending_writes,0,0,0.000000,enabled
1782984905.331,2026-07-02 09:35:05.333,trx_rseg_history_len,618,618,0.000000,enabled
1782984906.403,2026-07-02 09:35:06.405,adaptive_hash_searches,0,0,0.000000,enabled
1782984906.403,2026-07-02 09:35:06.405,adaptive_hash_searches_btree,624161815,624161815,251377.838838,enabled
1782984906.403,2026-07-02 09:35:06.405,buffer_data_reads,1385727691264,1385727691264,558094497.072592,enabled
1782984906.403,2026-07-02 09:35:06.405,buffer_data_written,629775410688,629775410688,253638714.904255,enabled
1782984906.403,2026-07-02 09:35:06.405,buffer_pages0_read,7,7,0.002819,enabled
1782984906.403,2026-07-02 09:35:06.405,buffer_pages_created,1819671,1819671,732.862874,enabled
1782984906.403,2026-07-02 09:35:06.405,buffer_pages_read,84816658,84816658,34159.460378,enabled
1782984906.403,2026-07-02 09:35:06.405,buffer_pages_written,28071604,28071604,11305.690061,enabled
1782984906.403,2026-07-02 09:35:06.405,buffer_pool_bytes_data,12848594944,12848594944,0.000000,enabled
1782984906.403,2026-07-02 09:35:06.405,buffer_pool_bytes_dirty,4633280512,4633280512,0.000000,enabled
1782984906.403,2026-07-02 09:35:06.405,buffer_pool_pages_data,784216,784216,0.000000,enabled
1782984906.403,2026-07-02 09:35:06.405,buffer_pool_pages_dirty,282793,282793,0.000000,enabled
1782984906.403,2026-07-02 09:35:06.405,buffer_pool_pages_flushed,28012696,28012696,0.000000,enabled
1782984906.403,2026-07-02 09:35:06.405,buffer_pool_pages_free,2120,2120,0.000000,enabled
1782984906.403,2026-07-02 09:35:06.405,buffer_pool_pages_lru_flushed,0,0,0.000000,enabled
1782984906.403,2026-07-02 09:35:06.405,buffer_pool_pages_misc,96,96,0.000000,enabled
1782984906.403,2026-07-02 09:35:06.405,buffer_pool_pages_total,786432,786432,0.000000,enabled
1782984906.403,2026-07-02 09:35:06.405,buffer_pool_reads,83910073,83910073,33794.339093,enabled
1782984906.403,2026-07-02 09:35:06.405,buffer_pool_read_ahead,803715,803715,323.691972,enabled
1782984906.403,2026-07-02 09:35:06.405,buffer_pool_read_ahead_evicted,25,25,0.010069,enabled
1782984906.403,2026-07-02 09:35:06.405,buffer_pool_read_requests,3009931068,3009931068,1212233.848392,enabled
1782984906.403,2026-07-02 09:35:06.405,buffer_pool_size,12884901888,12884901888,0.000000,enabled
1782984906.403,2026-07-02 09:35:06.405,buffer_pool_wait_free,18945,18945,7.629999,enabled
1782984906.403,2026-07-02 09:35:06.405,buffer_pool_write_requests,623091616,623091616,250946.858903,enabled
1782984906.403,2026-07-02 09:35:06.405,dml_deletes,13898794,13898794,5597.664917,enabled
1782984906.403,2026-07-02 09:35:06.405,dml_inserts,113784200,113784200,45825.977788,enabled
1782984906.403,2026-07-02 09:35:06.405,dml_system_deletes,468,468,0.188484,enabled
1782984906.403,2026-07-02 09:35:06.405,dml_system_inserts,1202,1202,0.484099,enabled
1782984906.403,2026-07-02 09:35:06.405,dml_system_reads,7661,7661,3.085427,enabled
1782984906.403,2026-07-02 09:35:06.405,dml_system_updates,620,620,0.249702,enabled
1782984906.403,2026-07-02 09:35:06.405,dml_updates,27797710,27797710,11195.378956,enabled
1782984906.403,2026-07-02 09:35:06.405,file_num_open_files,35,35,0.000000,enabled
1782984906.403,2026-07-02 09:35:06.405,ibuf_merges,0,0,0.000000,enabled
1782984906.403,2026-07-02 09:35:06.405,ibuf_merges_delete,0,0,0.000000,enabled
1782984906.403,2026-07-02 09:35:06.405,ibuf_merges_delete_mark,0,0,0.000000,enabled
1782984906.403,2026-07-02 09:35:06.405,ibuf_merges_discard_delete,0,0,0.000000,enabled
1782984906.403,2026-07-02 09:35:06.405,ibuf_merges_discard_delete_mark,0,0,0.000000,enabled
1782984906.403,2026-07-02 09:35:06.405,ibuf_merges_discard_insert,0,0,0.000000,enabled
1782984906.403,2026-07-02 09:35:06.405,ibuf_merges_insert,0,0,0.000000,enabled
1782984906.403,2026-07-02 09:35:06.405,ibuf_size,1,1,0.000403,enabled
1782984906.403,2026-07-02 09:35:06.405,innodb_activity_count,18877052,18877052,7602.631818,enabled
1782984906.403,2026-07-02 09:35:06.405,innodb_dblwr_pages_written,28011418,28011418,11281.448836,enabled
1782984906.403,2026-07-02 09:35:06.405,innodb_dblwr_writes,578541,578541,233.004295,enabled
1782984906.403,2026-07-02 09:35:06.405,innodb_page_size,16384,16384,0.000000,enabled
1782984906.403,2026-07-02 09:35:06.405,innodb_rwlock_sx_os_waits,0,0,0.000000,enabled
1782984906.403,2026-07-02 09:35:06.405,innodb_rwlock_sx_spin_rounds,0,0,0.000000,enabled
1782984906.403,2026-07-02 09:35:06.405,innodb_rwlock_sx_spin_waits,0,0,0.000000,enabled
1782984906.403,2026-07-02 09:35:06.405,innodb_rwlock_s_os_waits,0,0,0.000000,enabled
1782984906.403,2026-07-02 09:35:06.405,innodb_rwlock_s_spin_rounds,0,0,0.000000,enabled
1782984906.403,2026-07-02 09:35:06.405,innodb_rwlock_s_spin_waits,0,0,0.000000,enabled
1782984906.403,2026-07-02 09:35:06.405,innodb_rwlock_x_os_waits,0,0,0.000000,enabled
1782984906.403,2026-07-02 09:35:06.405,innodb_rwlock_x_spin_rounds,0,0,0.000000,enabled
1782984906.403,2026-07-02 09:35:06.405,innodb_rwlock_x_spin_waits,0,0,0.000000,enabled
1782984906.403,2026-07-02 09:35:06.405,lock_deadlocks,0,0,0.000000,enabled
1782984906.403,2026-07-02 09:35:06.405,lock_deadlock_false_positives,0,0,0.000000,enabled
1782984906.403,2026-07-02 09:35:06.405,lock_deadlock_rounds,2720,2720,1.095466,enabled
1782984906.403,2026-07-02 09:35:06.405,lock_rec_grant_attempts,425,425,0.171167,enabled
1782984906.403,2026-07-02 09:35:06.405,lock_rec_release_attempts,42245332,42245332,17014.084724,enabled
1782984906.403,2026-07-02 09:35:06.405,lock_row_lock_current_waits,0,0,0.000000,enabled
1782984906.403,2026-07-02 09:35:06.405,lock_row_lock_time,323,323,0.130087,enabled
1782984906.403,2026-07-02 09:35:06.405,lock_row_lock_time_avg,0,0,0.000000,enabled
1782984906.403,2026-07-02 09:35:06.405,lock_row_lock_time_max,29,29,0.000000,enabled
1782984906.403,2026-07-02 09:35:06.405,lock_row_lock_waits,425,425,0.171167,enabled
1782984906.403,2026-07-02 09:35:06.405,lock_schedule_refreshes,2720,2720,1.095466,enabled
1782984906.403,2026-07-02 09:35:06.405,lock_threads_waiting,0,0,0.000000,enabled
1782984906.403,2026-07-02 09:35:06.405,lock_timeouts,0,0,0.000000,enabled
1782984906.403,2026-07-02 09:35:06.405,log_waits,0,0,0.000000,enabled
1782984906.403,2026-07-02 09:35:06.405,log_writes,212030433,212030433,85394.128003,enabled
1782984906.403,2026-07-02 09:35:06.405,log_write_requests,420980617,420980617,169547.702227,enabled
1782984906.403,2026-07-02 09:35:06.405,os_data_fsyncs,60437950,60437950,24341.063247,enabled
1782984906.403,2026-07-02 09:35:06.405,os_data_reads,84876961,84876961,34183.745124,enabled
1782984906.403,2026-07-02 09:35:06.405,os_data_writes,240931448,240931448,97033.860643,enabled
1782984906.403,2026-07-02 09:35:06.405,os_log_bytes_written,133296985088,133296985088,53684652.434878,enabled
1782984906.403,2026-07-02 09:35:06.405,os_log_fsyncs,52747918,52747918,21243.943669,enabled
1782984906.403,2026-07-02 09:35:06.405,os_log_pending_fsyncs,0,0,0.000000,enabled
1782984906.403,2026-07-02 09:35:06.405,os_log_pending_writes,0,0,0.000000,enabled
1782984906.403,2026-07-02 09:35:06.405,trx_rseg_history_len,554,554,0.000000,enabled
1782984907.474,2026-07-02 09:35:07.475,adaptive_hash_searches,0,0,0.000000,enabled
1782984907.474,2026-07-02 09:35:07.475,adaptive_hash_searches_btree,624321896,624321896,251334.371316,enabled
1782984907.474,2026-07-02 09:35:07.475,buffer_data_reads,1386624797184,1386624797184,558216067.110328,enabled
1782984907.474,2026-07-02 09:35:07.475,buffer_data_written,630101252608,630101252608,253661007.330362,enabled
1782984907.474,2026-07-02 09:35:07.475,buffer_pages0_read,7,7,0.002818,enabled
1782984907.474,2026-07-02 09:35:07.475,buffer_pages_created,1819701,1819701,732.560348,enabled
1782984907.474,2026-07-02 09:35:07.475,buffer_pages_read,84871551,84871551,34166.894748,enabled
1782984907.474,2026-07-02 09:35:07.475,buffer_pages_written,28089118,28089118,11307.887393,enabled
1782984907.474,2026-07-02 09:35:07.475,buffer_pool_bytes_data,12855132160,12855132160,0.000000,enabled
1782984907.474,2026-07-02 09:35:07.475,buffer_pool_bytes_dirty,4600954880,4600954880,0.000000,enabled
1782984907.474,2026-07-02 09:35:07.475,buffer_pool_pages_data,784615,784615,0.000000,enabled
1782984907.474,2026-07-02 09:35:07.475,buffer_pool_pages_dirty,280820,280820,0.000000,enabled
1782984907.474,2026-07-02 09:35:07.475,buffer_pool_pages_flushed,28032048,28032048,0.000000,enabled
1782984907.474,2026-07-02 09:35:07.475,buffer_pool_pages_free,1722,1722,0.000000,enabled
1782984907.474,2026-07-02 09:35:07.475,buffer_pool_pages_lru_flushed,0,0,0.000000,enabled
1782984907.474,2026-07-02 09:35:07.475,buffer_pool_pages_misc,96,96,0.000000,enabled
1782984907.474,2026-07-02 09:35:07.475,buffer_pool_pages_total,786432,786432,0.000000,enabled
1782984907.474,2026-07-02 09:35:07.475,buffer_pool_reads,83964920,83964920,33801.911975,enabled
1782984907.474,2026-07-02 09:35:07.475,buffer_pool_read_ahead,803715,803715,323.553018,enabled
1782984907.474,2026-07-02 09:35:07.475,buffer_pool_read_ahead_evicted,25,25,0.010064,enabled
1782984907.474,2026-07-02 09:35:07.475,buffer_pool_read_requests,3010725306,3010725306,1212033.202438,enabled
1782984907.474,2026-07-02 09:35:07.475,buffer_pool_size,12884901888,12884901888,0.000000,enabled
1782984907.474,2026-07-02 09:35:07.475,buffer_pool_wait_free,18945,18945,7.626723,enabled
1782984907.474,2026-07-02 09:35:07.475,buffer_pool_write_requests,623199676,623199676,250882.635121,enabled
1782984907.474,2026-07-02 09:35:07.475,dml_deletes,13903418,13903418,5597.123458,enabled
1782984907.474,2026-07-02 09:35:07.475,dml_inserts,113788825,113788825,45808.167643,enabled
1782984907.474,2026-07-02 09:35:07.475,dml_system_deletes,468,468,0.188404,enabled
1782984907.474,2026-07-02 09:35:07.475,dml_system_inserts,1202,1202,0.483891,enabled
1782984907.474,2026-07-02 09:35:07.475,dml_system_reads,7661,7661,3.084102,enabled
1782984907.474,2026-07-02 09:35:07.475,dml_system_updates,620,620,0.249594,enabled
1782984907.474,2026-07-02 09:35:07.475,dml_updates,27806957,27806957,11194.295617,enabled
1782984907.474,2026-07-02 09:35:07.475,file_num_open_files,35,35,0.000000,enabled
1782984907.474,2026-07-02 09:35:07.475,ibuf_merges,0,0,0.000000,enabled
1782984907.474,2026-07-02 09:35:07.475,ibuf_merges_delete,0,0,0.000000,enabled
1782984907.474,2026-07-02 09:35:07.475,ibuf_merges_delete_mark,0,0,0.000000,enabled
1782984907.474,2026-07-02 09:35:07.475,ibuf_merges_discard_delete,0,0,0.000000,enabled
1782984907.474,2026-07-02 09:35:07.475,ibuf_merges_discard_delete_mark,0,0,0.000000,enabled
1782984907.474,2026-07-02 09:35:07.475,ibuf_merges_discard_insert,0,0,0.000000,enabled
1782984907.474,2026-07-02 09:35:07.475,ibuf_merges_insert,0,0,0.000000,enabled
1782984907.474,2026-07-02 09:35:07.475,ibuf_size,1,1,0.000403,enabled
1782984907.474,2026-07-02 09:35:07.475,innodb_activity_count,18882369,18882369,7601.508640,enabled
1782984907.474,2026-07-02 09:35:07.475,innodb_dblwr_pages_written,28029618,28029618,11283.932763,enabled
1782984907.474,2026-07-02 09:35:07.475,innodb_dblwr_writes,578918,578918,233.056041,enabled
1782984907.474,2026-07-02 09:35:07.475,innodb_page_size,16384,16384,0.000000,enabled
1782984907.474,2026-07-02 09:35:07.475,innodb_rwlock_sx_os_waits,0,0,0.000000,enabled
1782984907.474,2026-07-02 09:35:07.475,innodb_rwlock_sx_spin_rounds,0,0,0.000000,enabled
1782984907.474,2026-07-02 09:35:07.475,innodb_rwlock_sx_spin_waits,0,0,0.000000,enabled
1782984907.474,2026-07-02 09:35:07.475,innodb_rwlock_s_os_waits,0,0,0.000000,enabled
1782984907.474,2026-07-02 09:35:07.475,innodb_rwlock_s_spin_rounds,0,0,0.000000,enabled
1782984907.474,2026-07-02 09:35:07.475,innodb_rwlock_s_spin_waits,0,0,0.000000,enabled
1782984907.474,2026-07-02 09:35:07.475,innodb_rwlock_x_os_waits,0,0,0.000000,enabled
1782984907.474,2026-07-02 09:35:07.475,innodb_rwlock_x_spin_rounds,0,0,0.000000,enabled
1782984907.474,2026-07-02 09:35:07.475,innodb_rwlock_x_spin_waits,0,0,0.000000,enabled
1782984907.474,2026-07-02 09:35:07.475,lock_deadlocks,0,0,0.000000,enabled
1782984907.474,2026-07-02 09:35:07.475,lock_deadlock_false_positives,0,0,0.000000,enabled
1782984907.474,2026-07-02 09:35:07.475,lock_deadlock_rounds,2721,2721,1.095398,enabled
1782984907.474,2026-07-02 09:35:07.475,lock_rec_grant_attempts,425,425,0.171093,enabled
1782984907.474,2026-07-02 09:35:07.475,lock_rec_release_attempts,42259426,42259426,17012.454921,enabled
1782984907.474,2026-07-02 09:35:07.475,lock_row_lock_current_waits,0,0,0.000000,enabled
1782984907.474,2026-07-02 09:35:07.475,lock_row_lock_time,323,323,0.130031,enabled
1782984907.474,2026-07-02 09:35:07.475,lock_row_lock_time_avg,0,0,0.000000,enabled
1782984907.474,2026-07-02 09:35:07.475,lock_row_lock_time_max,29,29,0.000000,enabled
1782984907.474,2026-07-02 09:35:07.475,lock_row_lock_waits,425,425,0.171093,enabled
1782984907.474,2026-07-02 09:35:07.475,lock_schedule_refreshes,2721,2721,1.095398,enabled
1782984907.474,2026-07-02 09:35:07.475,lock_threads_waiting,0,0,0.000000,enabled
1782984907.474,2026-07-02 09:35:07.475,lock_timeouts,0,0,0.000000,enabled
1782984907.474,2026-07-02 09:35:07.475,log_waits,0,0,0.000000,enabled
1782984907.474,2026-07-02 09:35:07.475,log_writes,212106890,212106890,85388.249001,enabled
1782984907.474,2026-07-02 09:35:07.475,log_write_requests,421059505,421059505,169506.676011,enabled
1782984907.474,2026-07-02 09:35:07.475,os_data_fsyncs,60469675,60469675,24343.385618,enabled
1782984907.474,2026-07-02 09:35:07.475,os_data_reads,84931709,84931709,34191.110620,enabled
1782984907.474,2026-07-02 09:35:07.475,os_data_writes,241025665,241025665,97030.134736,enabled
1782984907.474,2026-07-02 09:35:07.475,os_log_bytes_written,133336935936,133336935936,53677689.569980,enabled
1782984907.474,2026-07-02 09:35:07.475,os_log_fsyncs,52774422,52774422,21245.493751,enabled
1782984907.474,2026-07-02 09:35:07.475,os_log_pending_fsyncs,1,1,0.000403,enabled
1782984907.474,2026-07-02 09:35:07.475,os_log_pending_writes,0,0,0.000000,enabled
1782984907.474,2026-07-02 09:35:07.475,trx_rseg_history_len,379,379,0.000000,enabled
1782984908.541,2026-07-02 09:35:08.542,adaptive_hash_searches,0,0,0.000000,enabled
1782984908.541,2026-07-02 09:35:08.542,adaptive_hash_searches_btree,624486759,624486759,251292.258417,enabled
1782984908.541,2026-07-02 09:35:08.542,buffer_data_reads,1387536321024,1387536321024,558341987.432144,enabled
1782984908.541,2026-07-02 09:35:08.542,buffer_data_written,630407430144,630407430144,253674755.652063,enabled
1782984908.541,2026-07-02 09:35:08.542,buffer_pages0_read,7,7,0.002817,enabled
1782984908.541,2026-07-02 09:35:08.542,buffer_pages_created,1819734,1819734,732.257521,enabled
1782984908.541,2026-07-02 09:35:08.542,buffer_pages_read,84927345,84927345,34174.602833,enabled
1782984908.541,2026-07-02 09:35:08.542,buffer_pages_written,28104992,28104992,11309.395603,enabled
1782984908.541,2026-07-02 09:35:08.542,buffer_pool_bytes_data,12855574528,12855574528,0.000000,enabled
1782984908.541,2026-07-02 09:35:08.542,buffer_pool_bytes_dirty,4604608512,4604608512,0.000000,enabled
1782984908.541,2026-07-02 09:35:08.542,buffer_pool_pages_data,784642,784642,0.000000,enabled
1782984908.541,2026-07-02 09:35:08.542,buffer_pool_pages_dirty,281043,281043,0.000000,enabled
1782984908.541,2026-07-02 09:35:08.542,buffer_pool_pages_flushed,28047922,28047922,0.000000,enabled
1782984908.541,2026-07-02 09:35:08.542,buffer_pool_pages_free,1691,1691,0.000000,enabled
1782984908.541,2026-07-02 09:35:08.542,buffer_pool_pages_lru_flushed,0,0,0.000000,enabled
1782984908.541,2026-07-02 09:35:08.542,buffer_pool_pages_misc,96,96,0.000000,enabled
1782984908.541,2026-07-02 09:35:08.542,buffer_pool_pages_total,786432,786432,0.000000,enabled
1782984908.541,2026-07-02 09:35:08.542,buffer_pool_reads,84020647,84020647,33809.750332,enabled
1782984908.541,2026-07-02 09:35:08.542,buffer_pool_read_ahead,803715,803715,323.413402,enabled
1782984908.541,2026-07-02 09:35:08.542,buffer_pool_read_ahead_evicted,25,25,0.010060,enabled
1782984908.541,2026-07-02 09:35:08.542,buffer_pool_read_requests,3011541379,3011541379,1211838.581487,enabled
1782984908.541,2026-07-02 09:35:08.542,buffer_pool_size,12884901888,12884901888,0.000000,enabled
1782984908.541,2026-07-02 09:35:08.542,buffer_pool_wait_free,18945,18945,7.623432,enabled
1782984908.541,2026-07-02 09:35:08.542,buffer_pool_write_requests,623310156,623310156,250818.833169,enabled
1782984908.541,2026-07-02 09:35:08.542,dml_deletes,13908192,13908192,5596.629284,enabled
1782984908.541,2026-07-02 09:35:08.542,dml_inserts,113793599,113793599,45790.321926,enabled
1782984908.541,2026-07-02 09:35:08.542,dml_system_deletes,468,468,0.188322,enabled
1782984908.541,2026-07-02 09:35:08.542,dml_system_inserts,1202,1202,0.483682,enabled
1782984908.541,2026-07-02 09:35:08.542,dml_system_reads,7661,7661,3.082771,enabled
1782984908.541,2026-07-02 09:35:08.542,dml_system_updates,620,620,0.249487,enabled
1782984908.541,2026-07-02 09:35:08.542,dml_updates,27816510,27816510,11193.309261,enabled
1782984908.541,2026-07-02 09:35:08.542,file_num_open_files,35,35,0.000000,enabled
1782984908.541,2026-07-02 09:35:08.542,ibuf_merges,0,0,0.000000,enabled
1782984908.541,2026-07-02 09:35:08.542,ibuf_merges_delete,0,0,0.000000,enabled
1782984908.541,2026-07-02 09:35:08.542,ibuf_merges_delete_mark,0,0,0.000000,enabled
1782984908.541,2026-07-02 09:35:08.542,ibuf_merges_discard_delete,0,0,0.000000,enabled
1782984908.541,2026-07-02 09:35:08.542,ibuf_merges_discard_delete_mark,0,0,0.000000,enabled
1782984908.541,2026-07-02 09:35:08.542,ibuf_merges_discard_insert,0,0,0.000000,enabled
1782984908.541,2026-07-02 09:35:08.542,ibuf_merges_insert,0,0,0.000000,enabled
1782984908.541,2026-07-02 09:35:08.542,ibuf_size,1,1,0.000402,enabled
1782984908.541,2026-07-02 09:35:08.542,innodb_activity_count,18887860,18887860,7600.438076,enabled
1782984908.541,2026-07-02 09:35:08.542,innodb_dblwr_pages_written,28045492,28045492,11285.451281,enabled
1782984908.541,2026-07-02 09:35:08.542,innodb_dblwr_writes,579267,579267,233.095911,enabled
1782984908.541,2026-07-02 09:35:08.542,innodb_page_size,16384,16384,0.000000,enabled
1782984908.541,2026-07-02 09:35:08.542,innodb_rwlock_sx_os_waits,0,0,0.000000,enabled
1782984908.541,2026-07-02 09:35:08.542,innodb_rwlock_sx_spin_rounds,0,0,0.000000,enabled
1782984908.541,2026-07-02 09:35:08.542,innodb_rwlock_sx_spin_waits,0,0,0.000000,enabled
1782984908.541,2026-07-02 09:35:08.542,innodb_rwlock_s_os_waits,0,0,0.000000,enabled
1782984908.541,2026-07-02 09:35:08.542,innodb_rwlock_s_spin_rounds,0,0,0.000000,enabled
1782984908.541,2026-07-02 09:35:08.542,innodb_rwlock_s_spin_waits,0,0,0.000000,enabled
1782984908.541,2026-07-02 09:35:08.542,innodb_rwlock_x_os_waits,0,0,0.000000,enabled
1782984908.541,2026-07-02 09:35:08.542,innodb_rwlock_x_spin_rounds,0,0,0.000000,enabled
1782984908.541,2026-07-02 09:35:08.542,innodb_rwlock_x_spin_waits,0,0,0.000000,enabled
1782984908.541,2026-07-02 09:35:08.542,lock_deadlocks,0,0,0.000000,enabled
1782984908.541,2026-07-02 09:35:08.542,lock_deadlock_false_positives,0,0,0.000000,enabled
1782984908.541,2026-07-02 09:35:08.542,lock_deadlock_rounds,2722,2722,1.095328,enabled
1782984908.541,2026-07-02 09:35:08.542,lock_rec_grant_attempts,425,425,0.171019,enabled
1782984908.541,2026-07-02 09:35:08.542,lock_rec_release_attempts,42273956,42273956,17010.960584,enabled
1782984908.541,2026-07-02 09:35:08.542,lock_row_lock_current_waits,0,0,0.000000,enabled
1782984908.541,2026-07-02 09:35:08.542,lock_row_lock_time,323,323,0.129975,enabled
1782984908.541,2026-07-02 09:35:08.542,lock_row_lock_time_avg,0,0,0.000000,enabled
1782984908.541,2026-07-02 09:35:08.542,lock_row_lock_time_max,29,29,0.000000,enabled
1782984908.541,2026-07-02 09:35:08.542,lock_row_lock_waits,425,425,0.171019,enabled
1782984908.541,2026-07-02 09:35:08.542,lock_schedule_refreshes,2722,2722,1.095328,enabled
1782984908.541,2026-07-02 09:35:08.542,lock_threads_waiting,0,0,0.000000,enabled
1782984908.541,2026-07-02 09:35:08.542,lock_timeouts,0,0,0.000000,enabled
1782984908.541,2026-07-02 09:35:08.542,log_waits,0,0,0.000000,enabled
1782984908.541,2026-07-02 09:35:08.542,log_writes,212183688,212183688,85382.306398,enabled
1782984908.541,2026-07-02 09:35:08.542,log_write_requests,421140715,421140715,169466.210754,enabled
1782984908.541,2026-07-02 09:35:08.542,os_data_fsyncs,60501072,60501072,24345.515295,enabled
1782984908.541,2026-07-02 09:35:08.542,os_data_reads,84987350,84987350,34198.746627,enabled
1782984908.541,2026-07-02 09:35:08.542,os_data_writes,241118579,241118579,97025.653642,enabled
1782984908.541,2026-07-02 09:35:08.542,os_log_bytes_written,133376997376,133376997376,53670647.725165,enabled
1782984908.541,2026-07-02 09:35:08.542,os_log_fsyncs,52801133,52801133,21247.074552,enabled
1782984908.541,2026-07-02 09:35:08.542,os_log_pending_fsyncs,0,0,0.000000,enabled
1782984908.541,2026-07-02 09:35:08.542,os_log_pending_writes,0,0,0.000000,enabled
1782984908.541,2026-07-02 09:35:08.542,trx_rseg_history_len,327,327,0.000000,enabled
1782984909.613,2026-07-02 09:35:09.614,adaptive_hash_searches,0,0,0.000000,enabled
1782984909.613,2026-07-02 09:35:09.614,adaptive_hash_searches_btree,624650859,624650859,251250.128500,enabled
1782984909.613,2026-07-02 09:35:09.614,buffer_data_reads,1388446927360,1388446927360,558467981.829887,enabled
1782984909.613,2026-07-02 09:35:09.614,buffer_data_written,630711041024,630711041024,253687710.379812,enabled
1782984909.613,2026-07-02 09:35:09.614,buffer_pages0_read,7,7,0.002816,enabled
1782984909.613,2026-07-02 09:35:09.614,buffer_pages_created,1819763,1819763,731.954069,enabled
1782984909.613,2026-07-02 09:35:09.614,buffer_pages_read,84983084,84983084,34182.315903,enabled
1782984909.613,2026-07-02 09:35:09.614,buffer_pages_written,28120704,28120704,11310.848525,enabled
1782984909.613,2026-07-02 09:35:09.614,buffer_pool_bytes_data,12853886976,12853886976,0.000000,enabled
1782984909.613,2026-07-02 09:35:09.614,buffer_pool_bytes_dirty,4609490944,4609490944,0.000000,enabled
1782984909.613,2026-07-02 09:35:09.614,buffer_pool_pages_data,784541,784541,0.000000,enabled
1782984909.613,2026-07-02 09:35:09.614,buffer_pool_pages_dirty,281341,281341,0.000000,enabled
1782984909.613,2026-07-02 09:35:09.614,buffer_pool_pages_flushed,28063634,28063634,0.000000,enabled
1782984909.613,2026-07-02 09:35:09.614,buffer_pool_pages_free,1797,1797,0.000000,enabled
1782984909.613,2026-07-02 09:35:09.614,buffer_pool_pages_lru_flushed,0,0,0.000000,enabled
1782984909.613,2026-07-02 09:35:09.614,buffer_pool_pages_misc,96,96,0.000000,enabled
1782984909.613,2026-07-02 09:35:09.614,buffer_pool_pages_total,786432,786432,0.000000,enabled
1782984909.613,2026-07-02 09:35:09.614,buffer_pool_reads,84076333,84076333,33817.599081,enabled
1782984909.613,2026-07-02 09:35:09.614,buffer_pool_read_ahead,803715,803715,323.274225,enabled
1782984909.613,2026-07-02 09:35:09.614,buffer_pool_read_ahead_evicted,25,25,0.010056,enabled
1782984909.613,2026-07-02 09:35:09.614,buffer_pool_read_requests,3012354231,3012354231,1211644.032283,enabled
1782984909.613,2026-07-02 09:35:09.614,buffer_pool_size,12884901888,12884901888,0.000000,enabled
1782984909.613,2026-07-02 09:35:09.614,buffer_pool_wait_free,18945,18945,7.620152,enabled
1782984909.613,2026-07-02 09:35:09.614,buffer_pool_write_requests,623420081,623420081,250755.111207,enabled
1782984909.613,2026-07-02 09:35:09.614,dml_deletes,13912947,13912947,5596.133567,enabled
1782984909.613,2026-07-02 09:35:09.614,dml_inserts,113798354,113798354,45772.530375,enabled
1782984909.613,2026-07-02 09:35:09.614,dml_system_deletes,468,468,0.188241,enabled
1782984909.613,2026-07-02 09:35:09.614,dml_system_inserts,1202,1202,0.483474,enabled
1782984909.613,2026-07-02 09:35:09.614,dml_system_reads,7661,7661,3.081445,enabled
1782984909.613,2026-07-02 09:35:09.614,dml_system_updates,620,620,0.249379,enabled
1782984909.613,2026-07-02 09:35:09.614,dml_updates,27826016,27826016,11192.316197,enabled
1782984909.613,2026-07-02 09:35:09.614,file_num_open_files,35,35,0.000000,enabled
1782984909.613,2026-07-02 09:35:09.614,ibuf_merges,0,0,0.000000,enabled
1782984909.613,2026-07-02 09:35:09.614,ibuf_merges_delete,0,0,0.000000,enabled
1782984909.613,2026-07-02 09:35:09.614,ibuf_merges_delete_mark,0,0,0.000000,enabled
1782984909.613,2026-07-02 09:35:09.614,ibuf_merges_discard_delete,0,0,0.000000,enabled
1782984909.613,2026-07-02 09:35:09.614,ibuf_merges_discard_delete_mark,0,0,0.000000,enabled
1782984909.613,2026-07-02 09:35:09.614,ibuf_merges_discard_insert,0,0,0.000000,enabled
1782984909.613,2026-07-02 09:35:09.614,ibuf_merges_insert,0,0,0.000000,enabled
1782984909.613,2026-07-02 09:35:09.614,ibuf_size,1,1,0.000402,enabled
1782984909.613,2026-07-02 09:35:09.614,innodb_activity_count,18893324,18893324,7599.365256,enabled
1782984909.613,2026-07-02 09:35:09.614,innodb_dblwr_pages_written,28061204,28061204,11286.914758,enabled
1782984909.613,2026-07-02 09:35:09.614,innodb_dblwr_writes,579614,579614,233.135179,enabled
1782984909.613,2026-07-02 09:35:09.614,innodb_page_size,16384,16384,0.000000,enabled
1782984909.613,2026-07-02 09:35:09.614,innodb_rwlock_sx_os_waits,0,0,0.000000,enabled
1782984909.613,2026-07-02 09:35:09.614,innodb_rwlock_sx_spin_rounds,0,0,0.000000,enabled
1782984909.613,2026-07-02 09:35:09.614,innodb_rwlock_sx_spin_waits,0,0,0.000000,enabled
1782984909.613,2026-07-02 09:35:09.614,innodb_rwlock_s_os_waits,0,0,0.000000,enabled
1782984909.613,2026-07-02 09:35:09.614,innodb_rwlock_s_spin_rounds,0,0,0.000000,enabled
1782984909.613,2026-07-02 09:35:09.614,innodb_rwlock_s_spin_waits,0,0,0.000000,enabled
1782984909.613,2026-07-02 09:35:09.614,innodb_rwlock_x_os_waits,0,0,0.000000,enabled
1782984909.613,2026-07-02 09:35:09.614,innodb_rwlock_x_spin_rounds,0,0,0.000000,enabled
1782984909.613,2026-07-02 09:35:09.614,innodb_rwlock_x_spin_waits,0,0,0.000000,enabled
1782984909.613,2026-07-02 09:35:09.614,lock_deadlocks,0,0,0.000000,enabled
1782984909.613,2026-07-02 09:35:09.614,lock_deadlock_false_positives,0,0,0.000000,enabled
1782984909.613,2026-07-02 09:35:09.614,lock_deadlock_rounds,2723,2723,1.095259,enabled
1782984909.613,2026-07-02 09:35:09.614,lock_rec_grant_attempts,425,425,0.170946,enabled
1782984909.613,2026-07-02 09:35:09.614,lock_rec_release_attempts,42288402,42288402,17009.450682,enabled
1782984909.613,2026-07-02 09:35:09.614,lock_row_lock_current_waits,0,0,0.000000,enabled
1782984909.613,2026-07-02 09:35:09.614,lock_row_lock_time,323,323,0.129919,enabled
1782984909.613,2026-07-02 09:35:09.614,lock_row_lock_time_avg,0,0,0.000000,enabled
1782984909.613,2026-07-02 09:35:09.614,lock_row_lock_time_max,29,29,0.000000,enabled
1782984909.613,2026-07-02 09:35:09.614,lock_row_lock_waits,425,425,0.170946,enabled
1782984909.613,2026-07-02 09:35:09.614,lock_schedule_refreshes,2723,2723,1.095259,enabled
1782984909.613,2026-07-02 09:35:09.614,lock_threads_waiting,0,0,0.000000,enabled
1782984909.613,2026-07-02 09:35:09.614,lock_timeouts,0,0,0.000000,enabled
1782984909.613,2026-07-02 09:35:09.614,log_waits,0,0,0.000000,enabled
1782984909.613,2026-07-02 09:35:09.614,log_writes,212260661,212260661,85376.525115,enabled
1782984909.613,2026-07-02 09:35:09.614,log_write_requests,421221575,421221575,169425.809902,enabled
1782984909.613,2026-07-02 09:35:09.614,os_data_fsyncs,60532792,60532792,24347.797395,enabled
1782984909.613,2026-07-02 09:35:09.614,os_data_reads,85042903,85042903,34206.374862,enabled
1782984909.613,2026-07-02 09:35:09.614,os_data_writes,241211512,241211512,97021.281079,enabled
1782984909.613,2026-07-02 09:35:09.614,os_log_bytes_written,133417225216,133417225216,53663732.596485,enabled
1782984909.613,2026-07-02 09:35:09.614,os_log_fsyncs,52828092,52828092,21248.775006,enabled
1782984909.613,2026-07-02 09:35:09.614,os_log_pending_fsyncs,0,0,0.000000,enabled
1782984909.613,2026-07-02 09:35:09.614,os_log_pending_writes,0,0,0.000000,enabled
1782984909.613,2026-07-02 09:35:09.614,trx_rseg_history_len,257,257,0.000000,enabled
1782984910.683,2026-07-02 09:35:10.685,adaptive_hash_searches,0,0,0.000000,enabled
1782984910.683,2026-07-02 09:35:10.685,adaptive_hash_searches_btree,624817302,624817302,251208.708976,enabled
1782984910.683,2026-07-02 09:35:10.685,buffer_data_reads,1389368232448,1389368232448,558597585.827246,enabled
1782984910.683,2026-07-02 09:35:10.685,buffer_data_written,631020893184,631020893184,253702898.228902,enabled
1782984910.683,2026-07-02 09:35:10.685,buffer_pages0_read,7,7,0.002814,enabled
1782984910.683,2026-07-02 09:35:10.685,buffer_pages_created,1819790,1819790,731.649310,enabled
1782984910.683,2026-07-02 09:35:10.685,buffer_pages_read,85039468,85039468,34190.245962,enabled
1782984910.683,2026-07-02 09:35:10.685,buffer_pages_written,28136743,28136743,11312.419858,enabled
1782984910.683,2026-07-02 09:35:10.685,buffer_pool_bytes_data,12853657600,12853657600,0.000000,enabled
1782984910.683,2026-07-02 09:35:10.685,buffer_pool_bytes_dirty,4613160960,4613160960,0.000000,enabled
1782984910.683,2026-07-02 09:35:10.685,buffer_pool_pages_data,784525,784525,0.000000,enabled
1782984910.683,2026-07-02 09:35:10.685,buffer_pool_pages_dirty,281565,281565,0.000000,enabled
1782984910.683,2026-07-02 09:35:10.685,buffer_pool_pages_flushed,28079646,28079646,0.000000,enabled
1782984910.683,2026-07-02 09:35:10.685,buffer_pool_pages_free,1811,1811,0.000000,enabled
1782984910.683,2026-07-02 09:35:10.685,buffer_pool_pages_lru_flushed,0,0,0.000000,enabled
1782984910.683,2026-07-02 09:35:10.685,buffer_pool_pages_misc,96,96,0.000000,enabled
1782984910.683,2026-07-02 09:35:10.685,buffer_pool_pages_total,786432,786432,0.000000,enabled
1782984910.683,2026-07-02 09:35:10.685,buffer_pool_reads,84132654,84132654,33825.661011,enabled
1782984910.683,2026-07-02 09:35:10.685,buffer_pool_read_ahead,803715,803715,323.134831,enabled
1782984910.683,2026-07-02 09:35:10.685,buffer_pool_read_ahead_evicted,25,25,0.010051,enabled
1782984910.683,2026-07-02 09:35:10.685,buffer_pool_read_requests,3013178614,3013178614,1211453.021800,enabled
1782984910.683,2026-07-02 09:35:10.685,buffer_pool_size,12884901888,12884901888,0.000000,enabled
1782984910.683,2026-07-02 09:35:10.685,buffer_pool_wait_free,18945,18945,7.616866,enabled
1782984910.683,2026-07-02 09:35:10.685,buffer_pool_write_requests,623531810,623531810,250691.907694,enabled
1782984910.683,2026-07-02 09:35:10.685,dml_deletes,13917753,13917753,5595.652795,enabled
1782984910.683,2026-07-02 09:35:10.685,dml_inserts,113803158,113803158,45754.724899,enabled
1782984910.683,2026-07-02 09:35:10.685,dml_system_deletes,468,468,0.188160,enabled
1782984910.683,2026-07-02 09:35:10.685,dml_system_inserts,1202,1202,0.483266,enabled
1782984910.683,2026-07-02 09:35:10.685,dml_system_reads,7661,7661,3.080116,enabled
1782984910.683,2026-07-02 09:35:10.685,dml_system_updates,620,620,0.249272,enabled
1782984910.683,2026-07-02 09:35:10.685,dml_updates,27835632,27835632,11191.356240,enabled
1782984910.683,2026-07-02 09:35:10.685,file_num_open_files,35,35,0.000000,enabled
1782984910.683,2026-07-02 09:35:10.685,ibuf_merges,0,0,0.000000,enabled
1782984910.683,2026-07-02 09:35:10.685,ibuf_merges_delete,0,0,0.000000,enabled
1782984910.683,2026-07-02 09:35:10.685,ibuf_merges_delete_mark,0,0,0.000000,enabled
1782984910.683,2026-07-02 09:35:10.685,ibuf_merges_discard_delete,0,0,0.000000,enabled
1782984910.683,2026-07-02 09:35:10.685,ibuf_merges_discard_delete_mark,0,0,0.000000,enabled
1782984910.683,2026-07-02 09:35:10.685,ibuf_merges_discard_insert,0,0,0.000000,enabled
1782984910.683,2026-07-02 09:35:10.685,ibuf_merges_insert,0,0,0.000000,enabled
1782984910.683,2026-07-02 09:35:10.685,ibuf_size,1,1,0.000402,enabled
1782984910.683,2026-07-02 09:35:10.685,innodb_activity_count,18898843,18898843,7598.307358,enabled
1782984910.683,2026-07-02 09:35:10.685,innodb_dblwr_pages_written,28077247,28077247,11288.497996,enabled
1782984910.683,2026-07-02 09:35:10.685,innodb_dblwr_writes,579969,579969,233.177380,enabled
1782984910.683,2026-07-02 09:35:10.685,innodb_page_size,16384,16384,0.000000,enabled
1782984910.683,2026-07-02 09:35:10.685,innodb_rwlock_sx_os_waits,0,0,0.000000,enabled
1782984910.683,2026-07-02 09:35:10.685,innodb_rwlock_sx_spin_rounds,0,0,0.000000,enabled
1782984910.683,2026-07-02 09:35:10.685,innodb_rwlock_sx_spin_waits,0,0,0.000000,enabled
1782984910.683,2026-07-02 09:35:10.685,innodb_rwlock_s_os_waits,0,0,0.000000,enabled
1782984910.683,2026-07-02 09:35:10.685,innodb_rwlock_s_spin_rounds,0,0,0.000000,enabled
1782984910.683,2026-07-02 09:35:10.685,innodb_rwlock_s_spin_waits,0,0,0.000000,enabled
1782984910.683,2026-07-02 09:35:10.685,innodb_rwlock_x_os_waits,0,0,0.000000,enabled
1782984910.683,2026-07-02 09:35:10.685,innodb_rwlock_x_spin_rounds,0,0,0.000000,enabled
1782984910.683,2026-07-02 09:35:10.685,innodb_rwlock_x_spin_waits,0,0,0.000000,enabled
1782984910.683,2026-07-02 09:35:10.685,lock_deadlocks,0,0,0.000000,enabled
1782984910.683,2026-07-02 09:35:10.685,lock_deadlock_false_positives,0,0,0.000000,enabled
1782984910.683,2026-07-02 09:35:10.685,lock_deadlock_rounds,2724,2724,1.095188,enabled
1782984910.683,2026-07-02 09:35:10.685,lock_rec_grant_attempts,425,425,0.170872,enabled
1782984910.683,2026-07-02 09:35:10.685,lock_rec_release_attempts,42303013,42303013,17007.990634,enabled
1782984910.683,2026-07-02 09:35:10.685,lock_row_lock_current_waits,0,0,0.000000,enabled
1782984910.683,2026-07-02 09:35:10.685,lock_row_lock_time,323,323,0.129863,enabled
1782984910.683,2026-07-02 09:35:10.685,lock_row_lock_time_avg,0,0,0.000000,enabled
1782984910.683,2026-07-02 09:35:10.685,lock_row_lock_time_max,29,29,0.000000,enabled
1782984910.683,2026-07-02 09:35:10.685,lock_row_lock_waits,425,425,0.170872,enabled
1782984910.683,2026-07-02 09:35:10.685,lock_schedule_refreshes,2724,2724,1.095188,enabled
1782984910.683,2026-07-02 09:35:10.685,lock_threads_waiting,0,0,0.000000,enabled
1782984910.683,2026-07-02 09:35:10.685,lock_timeouts,0,0,0.000000,enabled
1782984910.683,2026-07-02 09:35:10.685,log_waits,0,0,0.000000,enabled
1782984910.683,2026-07-02 09:35:10.685,log_writes,212339343,212339343,85371.345674,enabled
1782984910.683,2026-07-02 09:35:10.685,log_write_requests,421303400,421303400,169385.652718,enabled
1782984910.683,2026-07-02 09:35:10.685,os_data_fsyncs,60565431,60565431,24350.421355,enabled
1782984910.683,2026-07-02 09:35:10.685,os_data_reads,85099121,85099121,34214.227840,enabled
1782984910.683,2026-07-02 09:35:10.685,os_data_writes,241306518,241306518,97017.643477,enabled
1782984910.683,2026-07-02 09:35:10.685,os_log_bytes_written,133458348544,133458348544,53657126.866113,enabled
1782984910.683,2026-07-02 09:35:10.685,os_log_fsyncs,52855894,52855894,21250.790522,enabled
1782984910.683,2026-07-02 09:35:10.685,os_log_pending_fsyncs,1,1,0.000402,enabled
1782984910.683,2026-07-02 09:35:10.685,os_log_pending_writes,0,0,0.000000,enabled
1782984910.683,2026-07-02 09:35:10.685,trx_rseg_history_len,235,235,0.000000,enabled
1782984911.755,2026-07-02 09:35:11.757,adaptive_hash_searches,0,0,0.000000,enabled
1782984911.755,2026-07-02 09:35:11.757,adaptive_hash_searches_btree,624985634,624985634,251167.844457,enabled
1782984911.755,2026-07-02 09:35:11.757,buffer_data_reads,1390300006912,1390300006912,558730755.864465,enabled
1782984911.755,2026-07-02 09:35:11.757,buffer_data_written,631331138560,631331138560,253717990.512466,enabled
1782984911.755,2026-07-02 09:35:11.757,buffer_pages0_read,7,7,0.002813,enabled
1782984911.755,2026-07-02 09:35:11.757,buffer_pages_created,1819827,1819827,731.348140,enabled
1782984911.755,2026-07-02 09:35:11.757,buffer_pages_read,85096506,85096506,34198.399601,enabled
1782984911.755,2026-07-02 09:35:11.757,buffer_pages_written,28152784,28152784,11313.979928,enabled
1782984911.755,2026-07-02 09:35:11.757,buffer_pool_bytes_data,12851937280,12851937280,0.000000,enabled
1782984911.755,2026-07-02 09:35:11.757,buffer_pool_bytes_dirty,4619976704,4619976704,0.000000,enabled
1782984911.755,2026-07-02 09:35:11.757,buffer_pool_pages_data,784420,784420,0.000000,enabled
1782984911.755,2026-07-02 09:35:11.757,buffer_pool_pages_dirty,281981,281981,0.000000,enabled
1782984911.755,2026-07-02 09:35:11.757,buffer_pool_pages_flushed,28095714,28095714,0.000000,enabled
1782984911.755,2026-07-02 09:35:11.757,buffer_pool_pages_free,1913,1913,0.000000,enabled
1782984911.755,2026-07-02 09:35:11.757,buffer_pool_pages_lru_flushed,0,0,0.000000,enabled
1782984911.755,2026-07-02 09:35:11.757,buffer_pool_pages_misc,97,97,0.000000,enabled
1782984911.755,2026-07-02 09:35:11.757,buffer_pool_pages_total,786432,786432,0.000000,enabled
1782984911.755,2026-07-02 09:35:11.757,buffer_pool_reads,84189621,84189621,33833.943728,enabled
1782984911.755,2026-07-02 09:35:11.757,buffer_pool_read_ahead,803715,803715,322.995252,enabled
1782984911.755,2026-07-02 09:35:11.757,buffer_pool_read_ahead_evicted,25,25,0.010047,enabled
1782984911.755,2026-07-02 09:35:11.757,buffer_pool_read_requests,3014011691,3014011691,1211264.527566,enabled
1782984911.755,2026-07-02 09:35:11.757,buffer_pool_size,12884901888,12884901888,0.000000,enabled
1782984911.755,2026-07-02 09:35:11.757,buffer_pool_wait_free,18945,18945,7.613576,enabled
1782984911.755,2026-07-02 09:35:11.757,buffer_pool_write_requests,623644591,623644591,250628.944978,enabled
1782984911.755,2026-07-02 09:35:11.757,dml_deletes,13922626,13922626,5595.194020,enabled
1782984911.755,2026-07-02 09:35:11.757,dml_inserts,113808032,113808032,45736.919214,enabled
1782984911.755,2026-07-02 09:35:11.757,dml_system_deletes,468,468,0.188079,enabled
1782984911.755,2026-07-02 09:35:11.757,dml_system_inserts,1202,1202,0.483057,enabled
1782984911.755,2026-07-02 09:35:11.757,dml_system_reads,7661,7661,3.078786,enabled
1782984911.755,2026-07-02 09:35:11.757,dml_system_updates,620,620,0.249164,enabled
1782984911.755,2026-07-02 09:35:11.757,dml_updates,27845379,27845379,11190.439070,enabled
1782984911.755,2026-07-02 09:35:11.757,file_num_open_files,35,35,0.000000,enabled
1782984911.755,2026-07-02 09:35:11.757,ibuf_merges,0,0,0.000000,enabled
1782984911.755,2026-07-02 09:35:11.757,ibuf_merges_delete,0,0,0.000000,enabled
1782984911.755,2026-07-02 09:35:11.757,ibuf_merges_delete_mark,0,0,0.000000,enabled
1782984911.755,2026-07-02 09:35:11.757,ibuf_merges_discard_delete,0,0,0.000000,enabled
1782984911.755,2026-07-02 09:35:11.757,ibuf_merges_discard_delete_mark,0,0,0.000000,enabled
1782984911.755,2026-07-02 09:35:11.757,ibuf_merges_discard_insert,0,0,0.000000,enabled
1782984911.755,2026-07-02 09:35:11.757,ibuf_merges_insert,0,0,0.000000,enabled
1782984911.755,2026-07-02 09:35:11.757,ibuf_size,1,1,0.000402,enabled
1782984911.755,2026-07-02 09:35:11.757,innodb_activity_count,18904438,18904438,7597.273661,enabled
1782984911.755,2026-07-02 09:35:11.757,innodb_dblwr_pages_written,28093284,28093284,11290.066676,enabled
1782984911.755,2026-07-02 09:35:11.757,innodb_dblwr_writes,580333,580333,233.222939,enabled
1782984911.755,2026-07-02 09:35:11.757,innodb_page_size,16384,16384,0.000000,enabled
1782984911.755,2026-07-02 09:35:11.757,innodb_rwlock_sx_os_waits,0,0,0.000000,enabled
1782984911.755,2026-07-02 09:35:11.757,innodb_rwlock_sx_spin_rounds,0,0,0.000000,enabled
1782984911.755,2026-07-02 09:35:11.757,innodb_rwlock_sx_spin_waits,0,0,0.000000,enabled
1782984911.755,2026-07-02 09:35:11.757,innodb_rwlock_s_os_waits,0,0,0.000000,enabled
1782984911.755,2026-07-02 09:35:11.757,innodb_rwlock_s_spin_rounds,0,0,0.000000,enabled
1782984911.755,2026-07-02 09:35:11.757,innodb_rwlock_s_spin_waits,0,0,0.000000,enabled
1782984911.755,2026-07-02 09:35:11.757,innodb_rwlock_x_os_waits,0,0,0.000000,enabled
1782984911.755,2026-07-02 09:35:11.757,innodb_rwlock_x_spin_rounds,0,0,0.000000,enabled
1782984911.755,2026-07-02 09:35:11.757,innodb_rwlock_x_spin_waits,0,0,0.000000,enabled
1782984911.755,2026-07-02 09:35:11.757,lock_deadlocks,0,0,0.000000,enabled
1782984911.755,2026-07-02 09:35:11.757,lock_deadlock_false_positives,0,0,0.000000,enabled
1782984911.755,2026-07-02 09:35:11.757,lock_deadlock_rounds,2725,2725,1.095117,enabled
1782984911.755,2026-07-02 09:35:11.757,lock_rec_grant_attempts,425,425,0.170798,enabled
1782984911.755,2026-07-02 09:35:11.757,lock_rec_release_attempts,42317829,42317829,17006.598259,enabled
1782984911.755,2026-07-02 09:35:11.757,lock_row_lock_current_waits,0,0,0.000000,enabled
1782984911.755,2026-07-02 09:35:11.757,lock_row_lock_time,323,323,0.129807,enabled
1782984911.755,2026-07-02 09:35:11.757,lock_row_lock_time_avg,0,0,0.000000,enabled
1782984911.755,2026-07-02 09:35:11.757,lock_row_lock_time_max,29,29,0.000000,enabled
1782984911.755,2026-07-02 09:35:11.757,lock_row_lock_waits,425,425,0.170798,enabled
1782984911.755,2026-07-02 09:35:11.757,lock_schedule_refreshes,2725,2725,1.095117,enabled
1782984911.755,2026-07-02 09:35:11.757,lock_threads_waiting,0,0,0.000000,enabled
1782984911.755,2026-07-02 09:35:11.757,lock_timeouts,0,0,0.000000,enabled
1782984911.755,2026-07-02 09:35:11.757,log_waits,0,0,0.000000,enabled
1782984911.755,2026-07-02 09:35:11.757,log_writes,212419062,212419062,85366.505149,enabled
1782984911.755,2026-07-02 09:35:11.757,log_write_requests,421386193,421386193,169345.755954,enabled
1782984911.755,2026-07-02 09:35:11.757,os_data_fsyncs,60599677,60599677,24353.665529,enabled
1782984911.755,2026-07-02 09:35:11.757,os_data_reads,85156006,85156006,34222.309318,enabled
1782984911.755,2026-07-02 09:35:11.757,os_data_writes,241402547,241402547,97014.327173,enabled
1782984911.755,2026-07-02 09:35:11.757,os_log_bytes_written,133499941376,133499941376,53650664.085029,enabled
1782984911.755,2026-07-02 09:35:11.757,os_log_fsyncs,52885068,52885068,21253.335299,enabled
1782984911.755,2026-07-02 09:35:11.757,os_log_pending_fsyncs,0,0,0.000000,enabled
1782984911.755,2026-07-02 09:35:11.757,os_log_pending_writes,0,0,0.000000,enabled
1782984911.755,2026-07-02 09:35:11.757,trx_rseg_history_len,283,283,0.000000,enabled
1782984912.830,2026-07-02 09:35:12.831,adaptive_hash_searches,0,0,0.000000,enabled
1782984912.830,2026-07-02 09:35:12.831,adaptive_hash_searches_btree,625155102,625155102,251127.729791,enabled
1782984912.830,2026-07-02 09:35:12.831,buffer_data_reads,1391240120832,1391240120832,558867724.666166,enabled
1782984912.830,2026-07-02 09:35:12.831,buffer_data_written,631638927360,631638927360,253732338.967741,enabled
1782984912.830,2026-07-02 09:35:12.831,buffer_pages0_read,7,7,0.002812,enabled
1782984912.830,2026-07-02 09:35:12.831,buffer_pages_created,1819866,1819866,731.048769,enabled
1782984912.830,2026-07-02 09:35:12.831,buffer_pages_read,85154051,85154051,34206.784360,enabled
1782984912.830,2026-07-02 09:35:12.831,buffer_pages_written,28168662,28168662,11315.484562,enabled
1782984912.830,2026-07-02 09:35:12.831,buffer_pool_bytes_data,12855902208,12855902208,0.000000,enabled
1782984912.830,2026-07-02 09:35:12.831,buffer_pool_bytes_dirty,4629774336,4629774336,0.000000,enabled
1782984912.830,2026-07-02 09:35:12.831,buffer_pool_pages_data,784662,784662,0.000000,enabled
1782984912.830,2026-07-02 09:35:12.831,buffer_pool_pages_dirty,282579,282579,0.000000,enabled
1782984912.830,2026-07-02 09:35:12.831,buffer_pool_pages_flushed,28111592,28111592,0.000000,enabled
1782984912.830,2026-07-02 09:35:12.831,buffer_pool_pages_free,1673,1673,0.000000,enabled
1782984912.830,2026-07-02 09:35:12.831,buffer_pool_pages_lru_flushed,0,0,0.000000,enabled
1782984912.830,2026-07-02 09:35:12.831,buffer_pool_pages_misc,96,96,0.000000,enabled
1782984912.830,2026-07-02 09:35:12.831,buffer_pool_pages_total,786432,786432,0.000000,enabled
1782984912.830,2026-07-02 09:35:12.831,buffer_pool_reads,84247104,84247104,33842.460477,enabled
1782984912.830,2026-07-02 09:35:12.831,buffer_pool_read_ahead,803715,803715,322.856117,enabled
1782984912.830,2026-07-02 09:35:12.831,buffer_pool_read_ahead_evicted,25,25,0.010043,enabled
1782984912.830,2026-07-02 09:35:12.831,buffer_pool_read_requests,3014851602,3014851602,1211080.154261,enabled
1782984912.830,2026-07-02 09:35:12.831,buffer_pool_size,12884901888,12884901888,0.000000,enabled
1782984912.830,2026-07-02 09:35:12.831,buffer_pool_wait_free,18945,18945,7.610296,enabled
1782984912.830,2026-07-02 09:35:12.831,buffer_pool_write_requests,623758544,623758544,250566.758480,enabled
1782984912.830,2026-07-02 09:35:12.831,dml_deletes,13927523,13927523,5594.751031,enabled
1782984912.830,2026-07-02 09:35:12.831,dml_inserts,113812929,113812929,45719.185121,enabled
1782984912.830,2026-07-02 09:35:12.831,dml_system_deletes,468,468,0.187998,enabled
1782984912.830,2026-07-02 09:35:12.831,dml_system_inserts,1202,1202,0.482849,enabled
1782984912.830,2026-07-02 09:35:12.831,dml_system_reads,7661,7661,3.077459,enabled
1782984912.830,2026-07-02 09:35:12.831,dml_system_updates,620,620,0.249057,enabled
1782984912.830,2026-07-02 09:35:12.831,dml_updates,27855170,27855170,11189.551865,enabled
1782984912.830,2026-07-02 09:35:12.831,file_num_open_files,35,35,0.000000,enabled
1782984912.830,2026-07-02 09:35:12.831,ibuf_merges,0,0,0.000000,enabled
1782984912.830,2026-07-02 09:35:12.831,ibuf_merges_delete,0,0,0.000000,enabled
1782984912.830,2026-07-02 09:35:12.831,ibuf_merges_delete_mark,0,0,0.000000,enabled
1782984912.830,2026-07-02 09:35:12.831,ibuf_merges_discard_delete,0,0,0.000000,enabled
1782984912.830,2026-07-02 09:35:12.831,ibuf_merges_discard_delete_mark,0,0,0.000000,enabled
1782984912.830,2026-07-02 09:35:12.831,ibuf_merges_discard_insert,0,0,0.000000,enabled
1782984912.830,2026-07-02 09:35:12.831,ibuf_merges_insert,0,0,0.000000,enabled
1782984912.830,2026-07-02 09:35:12.831,ibuf_size,1,1,0.000402,enabled
1782984912.830,2026-07-02 09:35:12.831,innodb_activity_count,18910064,18910064,7596.261118,enabled
1782984912.830,2026-07-02 09:35:12.831,innodb_dblwr_pages_written,28109162,28109162,11291.581732,enabled
1782984912.830,2026-07-02 09:35:12.831,innodb_dblwr_writes,580702,580702,233.270707,enabled
1782984912.830,2026-07-02 09:35:12.831,innodb_page_size,16384,16384,0.000000,enabled
1782984912.830,2026-07-02 09:35:12.831,innodb_rwlock_sx_os_waits,0,0,0.000000,enabled
1782984912.830,2026-07-02 09:35:12.831,innodb_rwlock_sx_spin_rounds,0,0,0.000000,enabled
1782984912.830,2026-07-02 09:35:12.831,innodb_rwlock_sx_spin_waits,0,0,0.000000,enabled
1782984912.830,2026-07-02 09:35:12.831,innodb_rwlock_s_os_waits,0,0,0.000000,enabled
1782984912.830,2026-07-02 09:35:12.831,innodb_rwlock_s_spin_rounds,0,0,0.000000,enabled
1782984912.830,2026-07-02 09:35:12.831,innodb_rwlock_s_spin_waits,0,0,0.000000,enabled
1782984912.830,2026-07-02 09:35:12.831,innodb_rwlock_x_os_waits,0,0,0.000000,enabled
1782984912.830,2026-07-02 09:35:12.831,innodb_rwlock_x_spin_rounds,0,0,0.000000,enabled
1782984912.830,2026-07-02 09:35:12.831,innodb_rwlock_x_spin_waits,0,0,0.000000,enabled
1782984912.830,2026-07-02 09:35:12.831,lock_deadlocks,0,0,0.000000,enabled
1782984912.830,2026-07-02 09:35:12.831,lock_deadlock_false_positives,0,0,0.000000,enabled
1782984912.830,2026-07-02 09:35:12.831,lock_deadlock_rounds,2726,2726,1.095047,enabled
1782984912.830,2026-07-02 09:35:12.831,lock_rec_grant_attempts,425,425,0.170725,enabled
1782984912.830,2026-07-02 09:35:12.831,lock_rec_release_attempts,42332738,42332738,17005.261414,enabled
1782984912.830,2026-07-02 09:35:12.831,lock_row_lock_current_waits,0,0,0.000000,enabled
1782984912.830,2026-07-02 09:35:12.831,lock_row_lock_time,323,323,0.129751,enabled
1782984912.830,2026-07-02 09:35:12.831,lock_row_lock_time_avg,0,0,0.000000,enabled
1782984912.830,2026-07-02 09:35:12.831,lock_row_lock_time_max,29,29,0.000000,enabled
1782984912.830,2026-07-02 09:35:12.831,lock_row_lock_waits,425,425,0.170725,enabled
1782984912.830,2026-07-02 09:35:12.831,lock_schedule_refreshes,2726,2726,1.095047,enabled
1782984912.830,2026-07-02 09:35:12.831,lock_threads_waiting,0,0,0.000000,enabled
1782984912.830,2026-07-02 09:35:12.831,lock_timeouts,0,0,0.000000,enabled
1782984912.830,2026-07-02 09:35:12.831,log_waits,0,0,0.000000,enabled
1782984912.830,2026-07-02 09:35:12.831,log_writes,212498800,212498800,85361.764561,enabled
1782984912.830,2026-07-02 09:35:12.831,log_write_requests,421469460,421469460,169306.258830,enabled
1782984912.830,2026-07-02 09:35:12.831,os_data_fsyncs,60634165,60634165,24357.029045,enabled
1782984912.830,2026-07-02 09:35:12.831,os_data_reads,85213368,85213368,34230.610444,enabled
1782984912.830,2026-07-02 09:35:12.831,os_data_writes,241498439,241498439,97011.057981,enabled
1782984912.830,2026-07-02 09:35:12.831,os_log_bytes_written,133541735424,133541735424,53644342.649560,enabled
1782984912.830,2026-07-02 09:35:12.831,os_log_fsyncs,52914576,52914576,21256.033819,enabled
1782984912.830,2026-07-02 09:35:12.831,os_log_pending_fsyncs,0,0,0.000000,enabled
1782984912.830,2026-07-02 09:35:12.831,os_log_pending_writes,1,1,0.000402,enabled
1782984912.830,2026-07-02 09:35:12.831,trx_rseg_history_len,359,359,0.000000,enabled
1782984913.902,2026-07-02 09:35:13.904,adaptive_hash_searches,0,0,0.000000,enabled
1782984913.902,2026-07-02 09:35:13.904,adaptive_hash_searches_btree,625323177,625323177,251087.086701,enabled
1782984913.902,2026-07-02 09:35:13.904,buffer_data_reads,1392174238208,1392174238208,559002170.089183,enabled
1782984913.902,2026-07-02 09:35:13.904,buffer_data_written,631949477888,631949477888,253747785.003540,enabled
1782984913.902,2026-07-02 09:35:13.904,buffer_pages0_read,7,7,0.002811,enabled
1782984913.902,2026-07-02 09:35:13.904,buffer_pages_created,1819891,1819891,730.744039,enabled
1782984913.902,2026-07-02 09:35:13.904,buffer_pages_read,85211225,85211225,34215.013083,enabled
1782984913.902,2026-07-02 09:35:13.904,buffer_pages_written,28184713,28184713,11317.057429,enabled
1782984913.902,2026-07-02 09:35:13.904,buffer_pool_bytes_data,12848218112,12848218112,0.000000,enabled
1782984913.902,2026-07-02 09:35:13.904,buffer_pool_bytes_dirty,4633493504,4633493504,0.000000,enabled
1782984913.902,2026-07-02 09:35:13.904,buffer_pool_pages_data,784192,784192,0.000000,enabled
1782984913.902,2026-07-02 09:35:13.904,buffer_pool_pages_dirty,282806,282806,0.000000,enabled
1782984913.902,2026-07-02 09:35:13.904,buffer_pool_pages_flushed,28127637,28127637,0.000000,enabled
1782984913.902,2026-07-02 09:35:13.904,buffer_pool_pages_free,2143,2143,0.000000,enabled
1782984913.902,2026-07-02 09:35:13.904,buffer_pool_pages_lru_flushed,0,0,0.000000,enabled
1782984913.902,2026-07-02 09:35:13.904,buffer_pool_pages_misc,96,96,0.000000,enabled
1782984913.902,2026-07-02 09:35:13.904,buffer_pool_pages_total,786432,786432,0.000000,enabled
1782984913.902,2026-07-02 09:35:13.904,buffer_pool_reads,84304230,84304230,33850.826789,enabled
1782984913.902,2026-07-02 09:35:13.904,buffer_pool_read_ahead,803715,803715,322.717105,enabled
1782984913.902,2026-07-02 09:35:13.904,buffer_pool_read_ahead_evicted,25,25,0.010038,enabled
1782984913.902,2026-07-02 09:35:13.904,buffer_pool_read_requests,3015683743,3015683743,1210892.829326,enabled
1782984913.902,2026-07-02 09:35:13.904,buffer_pool_size,12884901888,12884901888,0.000000,enabled
1782984913.902,2026-07-02 09:35:13.904,buffer_pool_wait_free,18945,18945,7.607019,enabled
1782984913.902,2026-07-02 09:35:13.904,buffer_pool_write_requests,623871273,623871273,250504.135979,enabled
1782984913.902,2026-07-02 09:35:13.904,dml_deletes,13932384,13932384,5594.293844,enabled
1782984913.902,2026-07-02 09:35:13.904,dml_inserts,113817791,113817791,45701.451252,enabled
1782984913.902,2026-07-02 09:35:13.904,dml_system_deletes,468,468,0.187917,enabled
1782984913.902,2026-07-02 09:35:13.904,dml_system_inserts,1202,1202,0.482641,enabled
1782984913.902,2026-07-02 09:35:13.904,dml_system_reads,7661,7661,3.076134,enabled
1782984913.902,2026-07-02 09:35:13.904,dml_system_updates,620,620,0.248950,enabled
1782984913.902,2026-07-02 09:35:13.904,dml_updates,27864895,27864895,11188.638671,enabled
1782984913.902,2026-07-02 09:35:13.904,file_num_open_files,35,35,0.000000,enabled
1782984913.902,2026-07-02 09:35:13.904,ibuf_merges,0,0,0.000000,enabled
1782984913.902,2026-07-02 09:35:13.904,ibuf_merges_delete,0,0,0.000000,enabled
1782984913.902,2026-07-02 09:35:13.904,ibuf_merges_delete_mark,0,0,0.000000,enabled
1782984913.902,2026-07-02 09:35:13.904,ibuf_merges_discard_delete,0,0,0.000000,enabled
1782984913.902,2026-07-02 09:35:13.904,ibuf_merges_discard_delete_mark,0,0,0.000000,enabled
1782984913.902,2026-07-02 09:35:13.904,ibuf_merges_discard_insert,0,0,0.000000,enabled
1782984913.902,2026-07-02 09:35:13.904,ibuf_merges_insert,0,0,0.000000,enabled
1782984913.902,2026-07-02 09:35:13.904,ibuf_size,1,1,0.000402,enabled
1782984913.902,2026-07-02 09:35:13.904,innodb_activity_count,18915656,18915656,7595.235661,enabled
1782984913.902,2026-07-02 09:35:13.904,innodb_dblwr_pages_written,28125207,28125207,11293.162320,enabled
1782984913.902,2026-07-02 09:35:13.904,innodb_dblwr_writes,581045,581045,233.307990,enabled
1782984913.902,2026-07-02 09:35:13.904,innodb_page_size,16384,16384,0.000000,enabled
1782984913.902,2026-07-02 09:35:13.904,innodb_rwlock_sx_os_waits,0,0,0.000000,enabled
1782984913.902,2026-07-02 09:35:13.904,innodb_rwlock_sx_spin_rounds,0,0,0.000000,enabled
1782984913.902,2026-07-02 09:35:13.904,innodb_rwlock_sx_spin_waits,0,0,0.000000,enabled
1782984913.902,2026-07-02 09:35:13.904,innodb_rwlock_s_os_waits,0,0,0.000000,enabled
1782984913.902,2026-07-02 09:35:13.904,innodb_rwlock_s_spin_rounds,0,0,0.000000,enabled
1782984913.902,2026-07-02 09:35:13.904,innodb_rwlock_s_spin_waits,0,0,0.000000,enabled
1782984913.902,2026-07-02 09:35:13.904,innodb_rwlock_x_os_waits,0,0,0.000000,enabled
1782984913.902,2026-07-02 09:35:13.904,innodb_rwlock_x_spin_rounds,0,0,0.000000,enabled
1782984913.902,2026-07-02 09:35:13.904,innodb_rwlock_x_spin_waits,0,0,0.000000,enabled
1782984913.902,2026-07-02 09:35:13.904,lock_deadlocks,0,0,0.000000,enabled
1782984913.902,2026-07-02 09:35:13.904,lock_deadlock_false_positives,0,0,0.000000,enabled
1782984913.902,2026-07-02 09:35:13.904,lock_deadlock_rounds,2727,2727,1.094977,enabled
1782984913.902,2026-07-02 09:35:13.904,lock_rec_grant_attempts,425,425,0.170651,enabled
1782984913.902,2026-07-02 09:35:13.904,lock_rec_release_attempts,42347500,42347500,17003.866855,enabled
1782984913.902,2026-07-02 09:35:13.904,lock_row_lock_current_waits,0,0,0.000000,enabled
1782984913.902,2026-07-02 09:35:13.904,lock_row_lock_time,323,323,0.129695,enabled
1782984913.902,2026-07-02 09:35:13.904,lock_row_lock_time_avg,0,0,0.000000,enabled
1782984913.902,2026-07-02 09:35:13.904,lock_row_lock_time_max,29,29,0.000000,enabled
1782984913.902,2026-07-02 09:35:13.904,lock_row_lock_waits,425,425,0.170651,enabled
1782984913.902,2026-07-02 09:35:13.904,lock_schedule_refreshes,2727,2727,1.094977,enabled
1782984913.902,2026-07-02 09:35:13.904,lock_threads_waiting,0,0,0.000000,enabled
1782984913.902,2026-07-02 09:35:13.904,lock_timeouts,0,0,0.000000,enabled
1782984913.902,2026-07-02 09:35:13.904,log_waits,0,0,0.000000,enabled
1782984913.902,2026-07-02 09:35:13.904,log_writes,212578519,212578519,85357.019419,enabled
1782984913.902,2026-07-02 09:35:13.904,log_write_requests,421552125,421552125,169266.552029,enabled
1782984913.902,2026-07-02 09:35:13.904,os_data_fsyncs,60668135,60668135,24360.181516,enabled
1782984913.902,2026-07-02 09:35:13.904,os_data_reads,85270393,85270393,34238.768897,enabled
1782984913.902,2026-07-02 09:35:13.904,os_data_writes,241594469,241594469,97007.846395,enabled
1782984913.902,2026-07-02 09:35:13.904,os_log_bytes_written,133583215616,133583215616,53637900.262075,enabled
1782984913.902,2026-07-02 09:35:13.904,os_log_fsyncs,52943849,52943849,21258.635506,enabled
1782984913.902,2026-07-02 09:35:13.904,os_log_pending_fsyncs,1,1,0.000402,enabled
1782984913.902,2026-07-02 09:35:13.904,os_log_pending_writes,0,0,0.000000,enabled
1782984913.902,2026-07-02 09:35:13.904,trx_rseg_history_len,395,395,0.000000,enabled
1782984914.975,2026-07-02 09:35:14.977,adaptive_hash_searches,0,0,0.000000,enabled
1782984914.975,2026-07-02 09:35:14.977,adaptive_hash_searches_btree,625490507,625490507,251046.492491,enabled
1782984914.975,2026-07-02 09:35:14.977,buffer_data_reads,1393104620032,1393104620032,559135688.319869,enabled
1782984914.975,2026-07-02 09:35:14.977,buffer_data_written,632259968512,632259968512,253763505.902093,enabled
1782984914.975,2026-07-02 09:35:14.977,buffer_pages0_read,7,7,0.002810,enabled
1782984914.975,2026-07-02 09:35:14.977,buffer_pages_created,1819925,1819925,730.444082,enabled
1782984914.975,2026-07-02 09:35:14.977,buffer_pages_read,85268183,85268183,34223.190124,enabled
1782984914.975,2026-07-02 09:35:14.977,buffer_pages_written,28200772,28200772,11318.646071,enabled
1782984914.975,2026-07-02 09:35:14.977,buffer_pool_bytes_data,12856508416,12856508416,0.000000,enabled
1782984914.975,2026-07-02 09:35:14.977,buffer_pool_bytes_dirty,4637868032,4637868032,0.000000,enabled
1782984914.975,2026-07-02 09:35:14.977,buffer_pool_pages_data,784699,784699,0.000000,enabled
1782984914.975,2026-07-02 09:35:14.977,buffer_pool_pages_dirty,283073,283073,0.000000,enabled
1782984914.975,2026-07-02 09:35:14.977,buffer_pool_pages_flushed,28143683,28143683,0.000000,enabled
1782984914.975,2026-07-02 09:35:14.977,buffer_pool_pages_free,1636,1636,0.000000,enabled
1782984914.975,2026-07-02 09:35:14.977,buffer_pool_pages_lru_flushed,0,0,0.000000,enabled
1782984914.975,2026-07-02 09:35:14.977,buffer_pool_pages_misc,96,96,0.000000,enabled
1782984914.975,2026-07-02 09:35:14.977,buffer_pool_pages_total,786432,786432,0.000000,enabled
1782984914.975,2026-07-02 09:35:14.977,buffer_pool_reads,84361134,84361134,33859.138435,enabled
1782984914.975,2026-07-02 09:35:14.977,buffer_pool_read_ahead,803715,803715,322.578608,enabled
1782984914.975,2026-07-02 09:35:14.977,buffer_pool_read_ahead_evicted,25,25,0.010034,enabled
1782984914.975,2026-07-02 09:35:14.977,buffer_pool_read_requests,3016512944,3016512944,1210705.973966,enabled
1782984914.975,2026-07-02 09:35:14.977,buffer_pool_size,12884901888,12884901888,0.000000,enabled
1782984914.975,2026-07-02 09:35:14.977,buffer_pool_wait_free,18945,18945,7.603755,enabled
1782984914.975,2026-07-02 09:35:14.977,buffer_pool_write_requests,623983514,623983514,250441.679371,enabled
1782984914.975,2026-07-02 09:35:14.977,dml_deletes,13937226,13937226,5593.836473,enabled
1782984914.975,2026-07-02 09:35:14.977,dml_inserts,113822633,113822633,45683.782161,enabled
1782984914.975,2026-07-02 09:35:14.977,dml_system_deletes,468,468,0.187836,enabled
1782984914.975,2026-07-02 09:35:14.977,dml_system_inserts,1202,1202,0.482434,enabled
1782984914.975,2026-07-02 09:35:14.977,dml_system_reads,7661,7661,3.074814,enabled
1782984914.975,2026-07-02 09:35:14.977,dml_system_updates,620,620,0.248843,enabled
1782984914.975,2026-07-02 09:35:14.977,dml_updates,27874577,27874577,11187.723108,enabled
1782984914.975,2026-07-02 09:35:14.977,file_num_open_files,35,35,0.000000,enabled
1782984914.975,2026-07-02 09:35:14.977,ibuf_merges,0,0,0.000000,enabled
1782984914.975,2026-07-02 09:35:14.977,ibuf_merges_delete,0,0,0.000000,enabled
1782984914.975,2026-07-02 09:35:14.977,ibuf_merges_delete_mark,0,0,0.000000,enabled
1782984914.975,2026-07-02 09:35:14.977,ibuf_merges_discard_delete,0,0,0.000000,enabled
1782984914.975,2026-07-02 09:35:14.977,ibuf_merges_discard_delete_mark,0,0,0.000000,enabled
1782984914.975,2026-07-02 09:35:14.977,ibuf_merges_discard_insert,0,0,0.000000,enabled
1782984914.975,2026-07-02 09:35:14.977,ibuf_merges_insert,0,0,0.000000,enabled
1782984914.975,2026-07-02 09:35:14.977,ibuf_size,1,1,0.000401,enabled
1782984914.975,2026-07-02 09:35:14.977,innodb_activity_count,18921224,18921224,7594.210963,enabled
1782984914.975,2026-07-02 09:35:14.977,innodb_dblwr_pages_written,28141287,28141287,11294.769775,enabled
1782984914.975,2026-07-02 09:35:14.977,innodb_dblwr_writes,581398,581398,233.349547,enabled
1782984914.975,2026-07-02 09:35:14.977,innodb_page_size,16384,16384,0.000000,enabled
1782984914.975,2026-07-02 09:35:14.977,innodb_rwlock_sx_os_waits,0,0,0.000000,enabled
1782984914.975,2026-07-02 09:35:14.977,innodb_rwlock_sx_spin_rounds,0,0,0.000000,enabled
1782984914.975,2026-07-02 09:35:14.977,innodb_rwlock_sx_spin_waits,0,0,0.000000,enabled
1782984914.975,2026-07-02 09:35:14.977,innodb_rwlock_s_os_waits,0,0,0.000000,enabled
1782984914.975,2026-07-02 09:35:14.977,innodb_rwlock_s_spin_rounds,0,0,0.000000,enabled
1782984914.975,2026-07-02 09:35:14.977,innodb_rwlock_s_spin_waits,0,0,0.000000,enabled
1782984914.975,2026-07-02 09:35:14.977,innodb_rwlock_x_os_waits,0,0,0.000000,enabled
1782984914.975,2026-07-02 09:35:14.977,innodb_rwlock_x_spin_rounds,0,0,0.000000,enabled
1782984914.975,2026-07-02 09:35:14.977,innodb_rwlock_x_spin_waits,0,0,0.000000,enabled
1782984914.975,2026-07-02 09:35:14.977,lock_deadlocks,0,0,0.000000,enabled
1782984914.975,2026-07-02 09:35:14.977,lock_deadlock_false_positives,0,0,0.000000,enabled
1782984914.975,2026-07-02 09:35:14.977,lock_deadlock_rounds,2728,2728,1.094909,enabled
1782984914.975,2026-07-02 09:35:14.977,lock_rec_grant_attempts,425,425,0.170578,enabled
1782984914.975,2026-07-02 09:35:14.977,lock_rec_release_attempts,42362227,42362227,17002.480337,enabled
1782984914.975,2026-07-02 09:35:14.977,lock_row_lock_current_waits,0,0,0.000000,enabled
1782984914.975,2026-07-02 09:35:14.977,lock_row_lock_time,323,323,0.129639,enabled
1782984914.975,2026-07-02 09:35:14.977,lock_row_lock_time_avg,0,0,0.000000,enabled
1782984914.975,2026-07-02 09:35:14.977,lock_row_lock_time_max,29,29,0.000000,enabled
1782984914.975,2026-07-02 09:35:14.977,lock_row_lock_waits,425,425,0.170578,enabled
1782984914.975,2026-07-02 09:35:14.977,lock_schedule_refreshes,2728,2728,1.094909,enabled
1782984914.975,2026-07-02 09:35:14.977,lock_threads_waiting,0,0,0.000000,enabled
1782984914.975,2026-07-02 09:35:14.977,lock_timeouts,0,0,0.000000,enabled
1782984914.975,2026-07-02 09:35:14.977,log_waits,0,0,0.000000,enabled
1782984914.975,2026-07-02 09:35:14.977,log_writes,212657758,212657758,85352.191824,enabled
1782984914.975,2026-07-02 09:35:14.977,log_write_requests,421634377,421634377,169226.924015,enabled
1782984914.975,2026-07-02 09:35:14.977,os_data_fsyncs,60702150,60702150,24363.379622,enabled
1782984914.975,2026-07-02 09:35:14.977,os_data_reads,85327185,85327185,34246.869384,enabled
1782984914.975,2026-07-02 09:35:14.977,os_data_writes,241690039,241690039,97004.573547,enabled
1782984914.975,2026-07-02 09:35:14.977,os_log_bytes_written,133624555520,133624555520,53631473.811323,enabled
1782984914.975,2026-07-02 09:35:14.977,os_log_fsyncs,52972934,52972934,21261.185937,enabled
1782984914.975,2026-07-02 09:35:14.977,os_log_pending_fsyncs,1,1,0.000401,enabled
1782984914.975,2026-07-02 09:35:14.977,os_log_pending_writes,0,0,0.000000,enabled
1782984914.975,2026-07-02 09:35:14.977,trx_rseg_history_len,433,433,0.000000,enabled
1782984916.044,2026-07-02 09:35:16.045,adaptive_hash_searches,0,0,0.000000,enabled
1782984916.044,2026-07-02 09:35:16.045,adaptive_hash_searches_btree,625658131,625658131,251005.930618,enabled
1782984916.044,2026-07-02 09:35:16.045,buffer_data_reads,1394032495104,1394032495104,559267831.076859,enabled
1782984916.044,2026-07-02 09:35:16.045,buffer_data_written,632571571712,632571571712,253779543.803528,enabled
1782984916.044,2026-07-02 09:35:16.045,buffer_pages0_read,7,7,0.002808,enabled
1782984916.044,2026-07-02 09:35:16.045,buffer_pages_created,1819955,1819955,730.142445,enabled
1782984916.044,2026-07-02 09:35:16.045,buffer_pages_read,85324973,85324973,34231.277139,enabled
1782984916.044,2026-07-02 09:35:16.045,buffer_pages_written,28216921,28216921,11320.264302,enabled
1782984916.044,2026-07-02 09:35:16.045,buffer_pool_bytes_data,12852133888,12852133888,0.000000,enabled
1782984916.044,2026-07-02 09:35:16.045,buffer_pool_bytes_dirty,4638064640,4638064640,0.000000,enabled
1782984916.044,2026-07-02 09:35:16.045,buffer_pool_pages_data,784432,784432,0.000000,enabled
1782984916.044,2026-07-02 09:35:16.045,buffer_pool_pages_dirty,283085,283085,0.000000,enabled
1782984916.044,2026-07-02 09:35:16.045,buffer_pool_pages_flushed,28159851,28159851,0.000000,enabled
1782984916.044,2026-07-02 09:35:16.045,buffer_pool_pages_free,1904,1904,0.000000,enabled
1782984916.044,2026-07-02 09:35:16.045,buffer_pool_pages_lru_flushed,0,0,0.000000,enabled
1782984916.044,2026-07-02 09:35:16.045,buffer_pool_pages_misc,96,96,0.000000,enabled
1782984916.044,2026-07-02 09:35:16.045,buffer_pool_pages_total,786432,786432,0.000000,enabled
1782984916.044,2026-07-02 09:35:16.045,buffer_pool_reads,84417850,84417850,33867.352217,enabled
1782984916.044,2026-07-02 09:35:16.045,buffer_pool_read_ahead,803715,803715,322.440085,enabled
1782984916.044,2026-07-02 09:35:16.045,buffer_pool_read_ahead_evicted,25,25,0.010030,enabled
1782984916.044,2026-07-02 09:35:16.045,buffer_pool_read_requests,3017343348,3017343348,1210519.214591,enabled
1782984916.044,2026-07-02 09:35:16.045,buffer_pool_size,12884901888,12884901888,0.000000,enabled
1782984916.044,2026-07-02 09:35:16.045,buffer_pool_wait_free,18945,18945,7.600490,enabled
1782984916.044,2026-07-02 09:35:16.045,buffer_pool_write_requests,624096065,624096065,250379.287555,enabled
1782984916.044,2026-07-02 09:35:16.045,dml_deletes,13942075,13942075,5593.379577,enabled
1782984916.044,2026-07-02 09:35:16.045,dml_inserts,113827481,113827481,45666.108384,enabled
1782984916.044,2026-07-02 09:35:16.045,dml_system_deletes,468,468,0.187756,enabled
1782984916.044,2026-07-02 09:35:16.045,dml_system_inserts,1202,1202,0.482227,enabled
1782984916.044,2026-07-02 09:35:16.045,dml_system_reads,7661,7661,3.073494,enabled
1782984916.044,2026-07-02 09:35:16.045,dml_system_updates,620,620,0.248736,enabled
1782984916.044,2026-07-02 09:35:16.045,dml_updates,27884274,27884274,11186.808886,enabled
1782984916.044,2026-07-02 09:35:16.045,file_num_open_files,35,35,0.000000,enabled
1782984916.044,2026-07-02 09:35:16.045,ibuf_merges,0,0,0.000000,enabled
1782984916.044,2026-07-02 09:35:16.045,ibuf_merges_delete,0,0,0.000000,enabled
1782984916.044,2026-07-02 09:35:16.045,ibuf_merges_delete_mark,0,0,0.000000,enabled
1782984916.044,2026-07-02 09:35:16.045,ibuf_merges_discard_delete,0,0,0.000000,enabled
1782984916.044,2026-07-02 09:35:16.045,ibuf_merges_discard_delete_mark,0,0,0.000000,enabled
1782984916.044,2026-07-02 09:35:16.045,ibuf_merges_discard_insert,0,0,0.000000,enabled
1782984916.044,2026-07-02 09:35:16.045,ibuf_merges_insert,0,0,0.000000,enabled
1782984916.044,2026-07-02 09:35:16.045,ibuf_size,1,1,0.000401,enabled
1782984916.044,2026-07-02 09:35:16.045,innodb_activity_count,18926799,18926799,7593.186282,enabled
1782984916.044,2026-07-02 09:35:16.045,innodb_dblwr_pages_written,28157421,28157421,11296.392039,enabled
1782984916.044,2026-07-02 09:35:16.045,innodb_dblwr_writes,581758,581758,233.393763,enabled
1782984916.044,2026-07-02 09:35:16.045,innodb_page_size,16384,16384,0.000000,enabled
1782984916.044,2026-07-02 09:35:16.045,innodb_rwlock_sx_os_waits,0,0,0.000000,enabled
1782984916.044,2026-07-02 09:35:16.045,innodb_rwlock_sx_spin_rounds,0,0,0.000000,enabled
1782984916.044,2026-07-02 09:35:16.045,innodb_rwlock_sx_spin_waits,0,0,0.000000,enabled
1782984916.044,2026-07-02 09:35:16.045,innodb_rwlock_s_os_waits,0,0,0.000000,enabled
1782984916.044,2026-07-02 09:35:16.045,innodb_rwlock_s_spin_rounds,0,0,0.000000,enabled
1782984916.044,2026-07-02 09:35:16.045,innodb_rwlock_s_spin_waits,0,0,0.000000,enabled
1782984916.044,2026-07-02 09:35:16.045,innodb_rwlock_x_os_waits,0,0,0.000000,enabled
1782984916.044,2026-07-02 09:35:16.045,innodb_rwlock_x_spin_rounds,0,0,0.000000,enabled
1782984916.044,2026-07-02 09:35:16.045,innodb_rwlock_x_spin_waits,0,0,0.000000,enabled
1782984916.044,2026-07-02 09:35:16.045,lock_deadlocks,0,0,0.000000,enabled
1782984916.044,2026-07-02 09:35:16.045,lock_deadlock_false_positives,0,0,0.000000,enabled
1782984916.044,2026-07-02 09:35:16.045,lock_deadlock_rounds,2729,2729,1.094840,enabled
1782984916.044,2026-07-02 09:35:16.045,lock_rec_grant_attempts,425,425,0.170505,enabled
1782984916.044,2026-07-02 09:35:16.045,lock_rec_release_attempts,42376938,42376938,17001.080943,enabled
1782984916.044,2026-07-02 09:35:16.045,lock_row_lock_current_waits,0,0,0.000000,enabled
1782984916.044,2026-07-02 09:35:16.045,lock_row_lock_time,323,323,0.129583,enabled
1782984916.044,2026-07-02 09:35:16.045,lock_row_lock_time_avg,0,0,0.000000,enabled
1782984916.044,2026-07-02 09:35:16.045,lock_row_lock_time_max,29,29,0.000000,enabled
1782984916.044,2026-07-02 09:35:16.045,lock_row_lock_waits,425,425,0.170505,enabled
1782984916.044,2026-07-02 09:35:16.045,lock_schedule_refreshes,2729,2729,1.094840,enabled
1782984916.044,2026-07-02 09:35:16.045,lock_threads_waiting,0,0,0.000000,enabled
1782984916.044,2026-07-02 09:35:16.045,lock_timeouts,0,0,0.000000,enabled
1782984916.044,2026-07-02 09:35:16.045,log_waits,0,0,0.000000,enabled
1782984916.044,2026-07-02 09:35:16.045,log_writes,212736776,212736776,85347.239036,enabled
1782984916.044,2026-07-02 09:35:16.045,log_write_requests,421716878,421716878,169187.349236,enabled
1782984916.044,2026-07-02 09:35:16.045,os_data_fsyncs,60736156,60736156,24366.559794,enabled
1782984916.044,2026-07-02 09:35:16.045,os_data_reads,85383827,85383827,34254.886477,enabled
1782984916.044,2026-07-02 09:35:16.045,os_data_writes,241785448,241785448,97001.192829,enabled
1782984916.044,2026-07-02 09:35:16.045,os_log_bytes_written,133665701888,133665701888,53624949.715549,enabled
1782984916.044,2026-07-02 09:35:16.045,os_log_fsyncs,53001969,53001969,21263.704003,enabled
1782984916.044,2026-07-02 09:35:16.045,os_log_pending_fsyncs,0,0,0.000000,enabled
1782984916.044,2026-07-02 09:35:16.045,os_log_pending_writes,0,0,0.000000,enabled
1782984916.044,2026-07-02 09:35:16.045,trx_rseg_history_len,405,405,0.000000,enabled
1782984917.114,2026-07-02 09:35:17.116,adaptive_hash_searches,0,0,0.000000,enabled
1782984917.114,2026-07-02 09:35:17.116,adaptive_hash_searches_btree,625826156,625826156,250965.361936,enabled
1782984917.114,2026-07-02 09:35:17.116,buffer_data_reads,1394964990464,1394964990464,559401243.463903,enabled
1782984917.114,2026-07-02 09:35:17.116,buffer_data_written,632881545728,632881545728,253794701.560905,enabled
1782984917.114,2026-07-02 09:35:17.116,buffer_pages0_read,7,7,0.002807,enabled
1782984917.114,2026-07-02 09:35:17.116,buffer_pages_created,1819987,1819987,729.841254,enabled
1782984917.114,2026-07-02 09:35:17.116,buffer_pages_read,85382026,85382026,34239.433907,enabled
1782984917.114,2026-07-02 09:35:17.116,buffer_pages_written,28232942,28232942,11321.820290,enabled
1782984917.114,2026-07-02 09:35:17.116,buffer_pool_bytes_data,12846137344,12846137344,0.000000,enabled
1782984917.114,2026-07-02 09:35:17.116,buffer_pool_bytes_dirty,4642111488,4642111488,0.000000,enabled
1782984917.114,2026-07-02 09:35:17.116,buffer_pool_pages_data,784066,784066,0.000000,enabled
1782984917.114,2026-07-02 09:35:17.116,buffer_pool_pages_dirty,283332,283332,0.000000,enabled
1782984917.114,2026-07-02 09:35:17.116,buffer_pool_pages_flushed,28175751,28175751,0.000000,enabled
1782984917.114,2026-07-02 09:35:17.116,buffer_pool_pages_free,2270,2270,0.000000,enabled
1782984917.114,2026-07-02 09:35:17.116,buffer_pool_pages_lru_flushed,0,0,0.000000,enabled
1782984917.114,2026-07-02 09:35:17.116,buffer_pool_pages_misc,96,96,0.000000,enabled
1782984917.114,2026-07-02 09:35:17.116,buffer_pool_pages_total,786432,786432,0.000000,enabled
1782984917.114,2026-07-02 09:35:17.116,buffer_pool_reads,84474849,84474849,33875.643735,enabled
1782984917.114,2026-07-02 09:35:17.116,buffer_pool_read_ahead,803715,803715,322.301408,enabled
1782984917.114,2026-07-02 09:35:17.116,buffer_pool_read_ahead_evicted,25,25,0.010025,enabled
1782984917.114,2026-07-02 09:35:17.116,buffer_pool_read_requests,3018175607,3018175607,1210332.333364,enabled
1782984917.114,2026-07-02 09:35:17.116,buffer_pool_size,12884901888,12884901888,0.000000,enabled
1782984917.114,2026-07-02 09:35:17.116,buffer_pool_wait_free,18945,18945,7.597221,enabled
1782984917.114,2026-07-02 09:35:17.116,buffer_pool_write_requests,624208658,624208658,250316.754035,enabled
1782984917.114,2026-07-02 09:35:17.116,dml_deletes,13946939,13946939,5592.924615,enabled
1782984917.114,2026-07-02 09:35:17.116,dml_inserts,113832346,113832346,45648.420084,enabled
1782984917.114,2026-07-02 09:35:17.116,dml_system_deletes,468,468,0.187675,enabled
1782984917.114,2026-07-02 09:35:17.116,dml_system_inserts,1202,1202,0.482019,enabled
1782984917.114,2026-07-02 09:35:17.116,dml_system_reads,7661,7661,3.072172,enabled
1782984917.114,2026-07-02 09:35:17.116,dml_system_updates,620,620,0.248629,enabled
1782984917.114,2026-07-02 09:35:17.116,dml_updates,27894001,27894001,11185.898547,enabled
1782984917.114,2026-07-02 09:35:17.116,file_num_open_files,35,35,0.000000,enabled
1782984917.114,2026-07-02 09:35:17.116,ibuf_merges,0,0,0.000000,enabled
1782984917.114,2026-07-02 09:35:17.116,ibuf_merges_delete,0,0,0.000000,enabled
1782984917.114,2026-07-02 09:35:17.116,ibuf_merges_delete_mark,0,0,0.000000,enabled
1782984917.114,2026-07-02 09:35:17.116,ibuf_merges_discard_delete,0,0,0.000000,enabled
1782984917.114,2026-07-02 09:35:17.116,ibuf_merges_discard_delete_mark,0,0,0.000000,enabled
1782984917.114,2026-07-02 09:35:17.116,ibuf_merges_discard_insert,0,0,0.000000,enabled
1782984917.114,2026-07-02 09:35:17.116,ibuf_merges_insert,0,0,0.000000,enabled
1782984917.114,2026-07-02 09:35:17.116,ibuf_size,1,1,0.000401,enabled
1782984917.114,2026-07-02 09:35:17.116,innodb_activity_count,18932401,18932401,7592.167210,enabled
1782984917.114,2026-07-02 09:35:17.116,innodb_dblwr_pages_written,28173321,28173321,11297.910010,enabled
1782984917.114,2026-07-02 09:35:17.116,innodb_dblwr_writes,582123,582123,233.439759,enabled
1782984917.114,2026-07-02 09:35:17.116,innodb_page_size,16384,16384,0.000000,enabled
1782984917.114,2026-07-02 09:35:17.116,innodb_rwlock_sx_os_waits,0,0,0.000000,enabled
1782984917.114,2026-07-02 09:35:17.116,innodb_rwlock_sx_spin_rounds,0,0,0.000000,enabled
1782984917.114,2026-07-02 09:35:17.116,innodb_rwlock_sx_spin_waits,0,0,0.000000,enabled
1782984917.114,2026-07-02 09:35:17.116,innodb_rwlock_s_os_waits,0,0,0.000000,enabled
1782984917.114,2026-07-02 09:35:17.116,innodb_rwlock_s_spin_rounds,0,0,0.000000,enabled
1782984917.114,2026-07-02 09:35:17.116,innodb_rwlock_s_spin_waits,0,0,0.000000,enabled
1782984917.114,2026-07-02 09:35:17.116,innodb_rwlock_x_os_waits,0,0,0.000000,enabled
1782984917.114,2026-07-02 09:35:17.116,innodb_rwlock_x_spin_rounds,0,0,0.000000,enabled
1782984917.114,2026-07-02 09:35:17.116,innodb_rwlock_x_spin_waits,0,0,0.000000,enabled
1782984917.114,2026-07-02 09:35:17.116,lock_deadlocks,0,0,0.000000,enabled
1782984917.114,2026-07-02 09:35:17.116,lock_deadlock_false_positives,0,0,0.000000,enabled
1782984917.114,2026-07-02 09:35:17.116,lock_deadlock_rounds,2730,2730,1.094770,enabled
1782984917.114,2026-07-02 09:35:17.116,lock_rec_grant_attempts,425,425,0.170431,enabled
1782984917.114,2026-07-02 09:35:17.116,lock_rec_release_attempts,42391712,42391712,16999.693574,enabled
1782984917.114,2026-07-02 09:35:17.116,lock_row_lock_current_waits,0,0,0.000000,enabled
1782984917.114,2026-07-02 09:35:17.116,lock_row_lock_time,323,323,0.129528,enabled
1782984917.114,2026-07-02 09:35:17.116,lock_row_lock_time_avg,0,0,0.000000,enabled
1782984917.114,2026-07-02 09:35:17.116,lock_row_lock_time_max,29,29,0.000000,enabled
1782984917.114,2026-07-02 09:35:17.116,lock_row_lock_waits,425,425,0.170431,enabled
1782984917.114,2026-07-02 09:35:17.116,lock_schedule_refreshes,2730,2730,1.094770,enabled
1782984917.114,2026-07-02 09:35:17.116,lock_threads_waiting,0,0,0.000000,enabled
1782984917.114,2026-07-02 09:35:17.116,lock_timeouts,0,0,0.000000,enabled
1782984917.114,2026-07-02 09:35:17.116,log_waits,0,0,0.000000,enabled
1782984917.114,2026-07-02 09:35:17.116,log_writes,212814425,212814425,85341.672191,enabled
1782984917.114,2026-07-02 09:35:17.116,log_write_requests,421799541,421799541,169147.736024,enabled
1782984917.114,2026-07-02 09:35:17.116,os_data_fsyncs,60769493,60769493,24369.449052,enabled
1782984917.114,2026-07-02 09:35:17.116,os_data_reads,85440719,85440719,34262.968941,enabled
1782984917.114,2026-07-02 09:35:17.116,os_data_writes,241879425,241879425,96997.161508,enabled
1782984917.114,2026-07-02 09:35:17.116,os_log_bytes_written,133706328576,133706328576,53618179.067370,enabled
1782984917.114,2026-07-02 09:35:17.116,os_log_fsyncs,53030400,53030400,21265.960342,enabled
1782984917.114,2026-07-02 09:35:17.116,os_log_pending_fsyncs,0,0,0.000000,enabled
1782984917.114,2026-07-02 09:35:17.116,os_log_pending_writes,1,1,0.000401,enabled
1782984917.114,2026-07-02 09:35:17.116,trx_rseg_history_len,437,437,0.000000,enabled
1782984918.189,2026-07-02 09:35:18.191,adaptive_hash_searches,0,0,0.000000,enabled
1782984918.189,2026-07-02 09:35:18.191,adaptive_hash_searches_btree,625995838,625995838,250925.526276,enabled
1782984918.189,2026-07-02 09:35:18.191,buffer_data_reads,1395908790784,1395908790784,559539167.296620,enabled
1782984918.189,2026-07-02 09:35:18.191,buffer_data_written,633191631872,633191631872,253809934.082940,enabled
1782984918.189,2026-07-02 09:35:18.191,buffer_pages0_read,7,7,0.002806,enabled
1782984918.189,2026-07-02 09:35:18.191,buffer_pages_created,1820008,1820008,729.536039,enabled
1782984918.189,2026-07-02 09:35:18.191,buffer_pages_read,85439816,85439816,34247.884898,enabled
1782984918.189,2026-07-02 09:35:18.191,buffer_pages_written,28248977,28248977,11323.382484,enabled
1782984918.189,2026-07-02 09:35:18.191,buffer_pool_bytes_data,12849676288,12849676288,0.000000,enabled
1782984918.189,2026-07-02 09:35:18.191,buffer_pool_bytes_dirty,4649041920,4649041920,0.000000,enabled
1782984918.189,2026-07-02 09:35:18.191,buffer_pool_pages_data,784282,784282,0.000000,enabled
1782984918.189,2026-07-02 09:35:18.191,buffer_pool_pages_dirty,283754,283754,0.000000,enabled
1782984918.189,2026-07-02 09:35:18.191,buffer_pool_pages_flushed,28191907,28191907,0.000000,enabled
1782984918.189,2026-07-02 09:35:18.191,buffer_pool_pages_free,2057,2057,0.000000,enabled
1782984918.189,2026-07-02 09:35:18.191,buffer_pool_pages_lru_flushed,0,0,0.000000,enabled
1782984918.189,2026-07-02 09:35:18.191,buffer_pool_pages_misc,96,96,0.000000,enabled
1782984918.189,2026-07-02 09:35:18.191,buffer_pool_pages_total,786432,786432,0.000000,enabled
1782984918.189,2026-07-02 09:35:18.191,buffer_pool_reads,84532573,84532573,33884.224687,enabled
1782984918.189,2026-07-02 09:35:18.191,buffer_pool_read_ahead,803715,803715,322.162906,enabled
1782984918.189,2026-07-02 09:35:18.191,buffer_pool_read_ahead_evicted,25,25,0.010021,enabled
1782984918.189,2026-07-02 09:35:18.191,buffer_pool_read_requests,3019015624,3019015624,1210148.935830,enabled
1782984918.189,2026-07-02 09:35:18.191,buffer_pool_size,12884901888,12884901888,0.000000,enabled
1782984918.189,2026-07-02 09:35:18.191,buffer_pool_wait_free,18945,18945,7.593956,enabled
1782984918.189,2026-07-02 09:35:18.191,buffer_pool_write_requests,624322242,624322242,250254.715552,enabled
1782984918.189,2026-07-02 09:35:18.191,dml_deletes,13951844,13951844,5592.487192,enabled
1782984918.189,2026-07-02 09:35:18.191,dml_inserts,113837249,113837249,45630.768058,enabled
1782984918.189,2026-07-02 09:35:18.191,dml_system_deletes,468,468,0.187594,enabled
1782984918.189,2026-07-02 09:35:18.191,dml_system_inserts,1202,1202,0.481812,enabled
1782984918.189,2026-07-02 09:35:18.191,dml_system_reads,7661,7661,3.070852,enabled
1782984918.189,2026-07-02 09:35:18.191,dml_system_updates,620,620,0.248522,enabled
1782984918.189,2026-07-02 09:35:18.191,dml_updates,27903810,27903810,11185.023279,enabled
1782984918.189,2026-07-02 09:35:18.191,file_num_open_files,35,35,0.000000,enabled
1782984918.189,2026-07-02 09:35:18.191,ibuf_merges,0,0,0.000000,enabled
1782984918.189,2026-07-02 09:35:18.191,ibuf_merges_delete,0,0,0.000000,enabled
1782984918.189,2026-07-02 09:35:18.191,ibuf_merges_delete_mark,0,0,0.000000,enabled
1782984918.189,2026-07-02 09:35:18.191,ibuf_merges_discard_delete,0,0,0.000000,enabled
1782984918.189,2026-07-02 09:35:18.191,ibuf_merges_discard_delete_mark,0,0,0.000000,enabled
1782984918.189,2026-07-02 09:35:18.191,ibuf_merges_discard_insert,0,0,0.000000,enabled
1782984918.189,2026-07-02 09:35:18.191,ibuf_merges_insert,0,0,0.000000,enabled
1782984918.189,2026-07-02 09:35:18.191,ibuf_size,1,1,0.000401,enabled
1782984918.189,2026-07-02 09:35:18.191,innodb_activity_count,18938031,18938031,7591.161236,enabled
1782984918.189,2026-07-02 09:35:18.191,innodb_dblwr_pages_written,28189477,28189477,11299.530757,enabled
1782984918.189,2026-07-02 09:35:18.191,innodb_dblwr_writes,582504,582504,233.492160,enabled
1782984918.189,2026-07-02 09:35:18.191,innodb_page_size,16384,16384,0.000000,enabled
1782984918.189,2026-07-02 09:35:18.191,innodb_rwlock_sx_os_waits,0,0,0.000000,enabled
1782984918.189,2026-07-02 09:35:18.191,innodb_rwlock_sx_spin_rounds,0,0,0.000000,enabled
1782984918.189,2026-07-02 09:35:18.191,innodb_rwlock_sx_spin_waits,0,0,0.000000,enabled
1782984918.189,2026-07-02 09:35:18.191,innodb_rwlock_s_os_waits,0,0,0.000000,enabled
1782984918.189,2026-07-02 09:35:18.191,innodb_rwlock_s_spin_rounds,0,0,0.000000,enabled
1782984918.189,2026-07-02 09:35:18.191,innodb_rwlock_s_spin_waits,0,0,0.000000,enabled
1782984918.189,2026-07-02 09:35:18.191,innodb_rwlock_x_os_waits,0,0,0.000000,enabled
1782984918.189,2026-07-02 09:35:18.191,innodb_rwlock_x_spin_rounds,0,0,0.000000,enabled
1782984918.189,2026-07-02 09:35:18.191,innodb_rwlock_x_spin_waits,0,0,0.000000,enabled
1782984918.189,2026-07-02 09:35:18.191,lock_deadlocks,0,0,0.000000,enabled
1782984918.189,2026-07-02 09:35:18.191,lock_deadlock_false_positives,0,0,0.000000,enabled
1782984918.189,2026-07-02 09:35:18.191,lock_deadlock_rounds,2732,2732,1.095101,enabled
1782984918.189,2026-07-02 09:35:18.191,lock_rec_grant_attempts,425,425,0.170358,enabled
1782984918.189,2026-07-02 09:35:18.191,lock_rec_release_attempts,42406632,42406632,16998.368934,enabled
1782984918.189,2026-07-02 09:35:18.191,lock_row_lock_current_waits,0,0,0.000000,enabled
1782984918.189,2026-07-02 09:35:18.191,lock_row_lock_time,323,323,0.129472,enabled
1782984918.189,2026-07-02 09:35:18.191,lock_row_lock_time_avg,0,0,0.000000,enabled
1782984918.189,2026-07-02 09:35:18.191,lock_row_lock_time_max,29,29,0.000000,enabled
1782984918.189,2026-07-02 09:35:18.191,lock_row_lock_waits,425,425,0.170358,enabled
1782984918.189,2026-07-02 09:35:18.191,lock_schedule_refreshes,2732,2732,1.095101,enabled
1782984918.189,2026-07-02 09:35:18.191,lock_threads_waiting,0,0,0.000000,enabled
1782984918.189,2026-07-02 09:35:18.191,lock_timeouts,0,0,0.000000,enabled
1782984918.189,2026-07-02 09:35:18.191,log_waits,0,0,0.000000,enabled
1782984918.189,2026-07-02 09:35:18.191,log_writes,212895142,212895142,85337.352200,enabled
1782984918.189,2026-07-02 09:35:18.191,log_write_requests,421882885,421882885,169108.454217,enabled
1782984918.189,2026-07-02 09:35:18.191,os_data_fsyncs,60803876,60803876,24372.758752,enabled
1782984918.189,2026-07-02 09:35:18.191,os_data_reads,85498328,85498328,34271.336987,enabled
1782984918.189,2026-07-02 09:35:18.191,os_data_writes,241976434,241976434,96994.363532,enabled
1782984918.189,2026-07-02 09:35:18.191,os_log_bytes_written,133748251136,133748251136,53611941.646233,enabled
1782984918.189,2026-07-02 09:35:18.191,os_log_fsyncs,53059776,53059776,21268.596700,enabled
1782984918.189,2026-07-02 09:35:18.191,os_log_pending_fsyncs,1,1,0.000401,enabled
1782984918.189,2026-07-02 09:35:18.191,os_log_pending_writes,0,0,0.000000,enabled
1782984918.189,2026-07-02 09:35:18.191,trx_rseg_history_len,513,513,0.000000,enabled
1782984919.260,2026-07-02 09:35:19.261,adaptive_hash_searches,0,0,0.000000,enabled
1782984919.260,2026-07-02 09:35:19.261,adaptive_hash_searches_btree,626164408,626164408,250885.092001,enabled
1782984919.260,2026-07-02 09:35:19.261,buffer_data_reads,1396847020544,1396847020544,559674311.993955,enabled
1782984919.260,2026-07-02 09:35:19.261,buffer_data_written,633502080512,633502080512,253825104.362218,enabled
1782984919.260,2026-07-02 09:35:19.261,buffer_pages0_read,7,7,0.002805,enabled
1782984919.260,2026-07-02 09:35:19.261,buffer_pages_created,1820052,1820052,729.239741,enabled
1782984919.260,2026-07-02 09:35:19.261,buffer_pages_read,85497265,85497265,34256.165746,enabled
1782984919.260,2026-07-02 09:35:19.261,buffer_pages_written,28265039,28265039,11324.945470,enabled
1782984919.260,2026-07-02 09:35:19.261,buffer_pool_bytes_data,12854034432,12854034432,0.000000,enabled
1782984919.260,2026-07-02 09:35:19.261,buffer_pool_bytes_dirty,4655464448,4655464448,0.000000,enabled
1782984919.260,2026-07-02 09:35:19.261,buffer_pool_pages_data,784548,784548,0.000000,enabled
1782984919.260,2026-07-02 09:35:19.261,buffer_pool_pages_dirty,284147,284147,0.000000,enabled
1782984919.260,2026-07-02 09:35:19.261,buffer_pool_pages_flushed,28207967,28207967,0.000000,enabled
1782984919.260,2026-07-02 09:35:19.261,buffer_pool_pages_free,1788,1788,0.000000,enabled
1782984919.260,2026-07-02 09:35:19.261,buffer_pool_pages_lru_flushed,0,0,0.000000,enabled
1782984919.260,2026-07-02 09:35:19.261,buffer_pool_pages_misc,96,96,0.000000,enabled
1782984919.260,2026-07-02 09:35:19.261,buffer_pool_pages_total,786432,786432,0.000000,enabled
1782984919.260,2026-07-02 09:35:19.261,buffer_pool_reads,84589954,84589954,33892.634775,enabled
1782984919.260,2026-07-02 09:35:19.261,buffer_pool_read_ahead,803715,803715,322.024276,enabled
1782984919.260,2026-07-02 09:35:19.261,buffer_pool_read_ahead_evicted,25,25,0.010017,enabled
1782984919.260,2026-07-02 09:35:19.261,buffer_pool_read_requests,3019850578,3019850578,1209962.736421,enabled
1782984919.260,2026-07-02 09:35:19.261,buffer_pool_size,12884901888,12884901888,0.000000,enabled
1782984919.260,2026-07-02 09:35:19.261,buffer_pool_wait_free,18945,18945,7.590688,enabled
1782984919.260,2026-07-02 09:35:19.261,buffer_pool_write_requests,624435228,624435228,250192.298250,enabled
1782984919.260,2026-07-02 09:35:19.261,dml_deletes,13956714,13956714,5592.031955,enabled
1782984919.260,2026-07-02 09:35:19.261,dml_inserts,113842121,113842121,45613.084782,enabled
1782984919.260,2026-07-02 09:35:19.261,dml_system_deletes,468,468,0.187513,enabled
1782984919.260,2026-07-02 09:35:19.261,dml_system_inserts,1202,1202,0.481605,enabled
1782984919.260,2026-07-02 09:35:19.261,dml_system_reads,7661,7661,3.069530,enabled
1782984919.260,2026-07-02 09:35:19.261,dml_system_updates,620,620,0.248415,enabled
1782984919.260,2026-07-02 09:35:19.261,dml_updates,27913552,27913552,11184.113581,enabled
1782984919.260,2026-07-02 09:35:19.261,file_num_open_files,35,35,0.000000,enabled
1782984919.260,2026-07-02 09:35:19.261,ibuf_merges,0,0,0.000000,enabled
1782984919.260,2026-07-02 09:35:19.261,ibuf_merges_delete,0,0,0.000000,enabled
1782984919.260,2026-07-02 09:35:19.261,ibuf_merges_delete_mark,0,0,0.000000,enabled
1782984919.260,2026-07-02 09:35:19.261,ibuf_merges_discard_delete,0,0,0.000000,enabled
1782984919.260,2026-07-02 09:35:19.261,ibuf_merges_discard_delete_mark,0,0,0.000000,enabled
1782984919.260,2026-07-02 09:35:19.261,ibuf_merges_discard_insert,0,0,0.000000,enabled
1782984919.260,2026-07-02 09:35:19.261,ibuf_merges_insert,0,0,0.000000,enabled
1782984919.260,2026-07-02 09:35:19.261,ibuf_size,1,1,0.000401,enabled
1782984919.260,2026-07-02 09:35:19.261,innodb_activity_count,18943631,18943631,7590.138452,enabled
1782984919.260,2026-07-02 09:35:19.261,innodb_dblwr_pages_written,28205544,28205544,11301.106036,enabled
1782984919.260,2026-07-02 09:35:19.261,innodb_dblwr_writes,582827,582827,233.521103,enabled
1782984919.260,2026-07-02 09:35:19.261,innodb_page_size,16384,16384,0.000000,enabled
1782984919.260,2026-07-02 09:35:19.261,innodb_rwlock_sx_os_waits,0,0,0.000000,enabled
1782984919.260,2026-07-02 09:35:19.261,innodb_rwlock_sx_spin_rounds,0,0,0.000000,enabled
1782984919.260,2026-07-02 09:35:19.261,innodb_rwlock_sx_spin_waits,0,0,0.000000,enabled
1782984919.260,2026-07-02 09:35:19.261,innodb_rwlock_s_os_waits,0,0,0.000000,enabled
1782984919.260,2026-07-02 09:35:19.261,innodb_rwlock_s_spin_rounds,0,0,0.000000,enabled
1782984919.260,2026-07-02 09:35:19.261,innodb_rwlock_s_spin_waits,0,0,0.000000,enabled
1782984919.260,2026-07-02 09:35:19.261,innodb_rwlock_x_os_waits,0,0,0.000000,enabled
1782984919.260,2026-07-02 09:35:19.261,innodb_rwlock_x_spin_rounds,0,0,0.000000,enabled
1782984919.260,2026-07-02 09:35:19.261,innodb_rwlock_x_spin_waits,0,0,0.000000,enabled
1782984919.260,2026-07-02 09:35:19.261,lock_deadlocks,0,0,0.000000,enabled
1782984919.260,2026-07-02 09:35:19.261,lock_deadlock_false_positives,0,0,0.000000,enabled
1782984919.260,2026-07-02 09:35:19.261,lock_deadlock_rounds,2733,2733,1.095030,enabled
1782984919.260,2026-07-02 09:35:19.261,lock_rec_grant_attempts,425,425,0.170285,enabled
1782984919.260,2026-07-02 09:35:19.261,lock_rec_release_attempts,42421461,42421461,16996.995897,enabled
1782984919.260,2026-07-02 09:35:19.261,lock_row_lock_current_waits,0,0,0.000000,enabled
1782984919.260,2026-07-02 09:35:19.261,lock_row_lock_time,323,323,0.129416,enabled
1782984919.260,2026-07-02 09:35:19.261,lock_row_lock_time_avg,0,0,0.000000,enabled
1782984919.260,2026-07-02 09:35:19.261,lock_row_lock_time_max,29,29,0.000000,enabled
1782984919.260,2026-07-02 09:35:19.261,lock_row_lock_waits,425,425,0.170285,enabled
1782984919.260,2026-07-02 09:35:19.261,lock_schedule_refreshes,2733,2733,1.095030,enabled
1782984919.260,2026-07-02 09:35:19.261,lock_threads_waiting,0,0,0.000000,enabled
1782984919.260,2026-07-02 09:35:19.261,lock_timeouts,0,0,0.000000,enabled
1782984919.260,2026-07-02 09:35:19.261,log_waits,0,0,0.000000,enabled
1782984919.260,2026-07-02 09:35:19.261,log_writes,212973825,212973825,85332.156554,enabled
1782984919.260,2026-07-02 09:35:19.261,log_write_requests,421965686,421965686,169068.860958,enabled
1782984919.260,2026-07-02 09:35:19.261,os_data_fsyncs,60837302,60837302,24375.663675,enabled
1782984919.260,2026-07-02 09:35:19.261,os_data_reads,85555609,85555609,34279.540431,enabled
1782984919.260,2026-07-02 09:35:19.261,os_data_writes,242071416,242071416,96990.682226,enabled
1782984919.260,2026-07-02 09:35:19.261,os_log_bytes_written,133789357568,133789357568,53605341.963607,enabled
1782984919.260,2026-07-02 09:35:19.261,os_log_fsyncs,53088689,53088689,21271.029158,enabled
1782984919.260,2026-07-02 09:35:19.261,os_log_pending_fsyncs,1,1,0.000401,enabled
1782984919.260,2026-07-02 09:35:19.261,os_log_pending_writes,0,0,0.000000,enabled
1782984919.260,2026-07-02 09:35:19.261,trx_rseg_history_len,557,557,0.000000,enabled
1782984920.333,2026-07-02 09:35:20.335,adaptive_hash_searches,0,0,0.000000,enabled
1782984920.333,2026-07-02 09:35:20.335,adaptive_hash_searches_btree,626332360,626332360,250844.793409,enabled
1782984920.333,2026-07-02 09:35:20.335,buffer_data_reads,1397781776896,1397781776896,559808720.906171,enabled
1782984920.333,2026-07-02 09:35:20.335,buffer_data_written,633811147264,633811147264,253840058.022908,enabled
1782984920.333,2026-07-02 09:35:20.335,buffer_pages0_read,7,7,0.002803,enabled
1782984920.333,2026-07-02 09:35:20.335,buffer_pages_created,1820089,1820089,728.941902,enabled
1782984920.333,2026-07-02 09:35:20.335,buffer_pages_read,85554484,85554484,34264.394586,enabled
1782984920.333,2026-07-02 09:35:20.335,buffer_pages_written,28281006,28281006,11326.484674,enabled
1782984920.333,2026-07-02 09:35:20.335,buffer_pool_bytes_data,12856868864,12856868864,0.000000,enabled
1782984920.333,2026-07-02 09:35:20.335,buffer_pool_bytes_dirty,4660314112,4660314112,0.000000,enabled
1782984920.333,2026-07-02 09:35:20.335,buffer_pool_pages_data,784721,784721,0.000000,enabled
1782984920.333,2026-07-02 09:35:20.335,buffer_pool_pages_dirty,284443,284443,0.000000,enabled
1782984920.333,2026-07-02 09:35:20.335,buffer_pool_pages_flushed,28223936,28223936,0.000000,enabled
1782984920.333,2026-07-02 09:35:20.335,buffer_pool_pages_free,1615,1615,0.000000,enabled
1782984920.333,2026-07-02 09:35:20.335,buffer_pool_pages_lru_flushed,0,0,0.000000,enabled
1782984920.333,2026-07-02 09:35:20.335,buffer_pool_pages_misc,96,96,0.000000,enabled
1782984920.333,2026-07-02 09:35:20.335,buffer_pool_pages_total,786432,786432,0.000000,enabled
1782984920.333,2026-07-02 09:35:20.335,buffer_pool_reads,84647118,84647118,33900.997535,enabled
1782984920.333,2026-07-02 09:35:20.335,buffer_pool_read_ahead,803715,803715,321.886210,enabled
1782984920.333,2026-07-02 09:35:20.335,buffer_pool_read_ahead_evicted,25,25,0.010012,enabled
1782984920.333,2026-07-02 09:35:20.335,buffer_pool_read_requests,3020682538,3020682538,1209777.168512,enabled
1782984920.333,2026-07-02 09:35:20.335,buffer_pool_size,12884901888,12884901888,0.000000,enabled
1782984920.333,2026-07-02 09:35:20.335,buffer_pool_wait_free,18945,18945,7.587434,enabled
1782984920.333,2026-07-02 09:35:20.335,buffer_pool_write_requests,624547761,624547761,250130.098696,enabled
1782984920.333,2026-07-02 09:35:20.335,dml_deletes,13961574,13961574,5591.580906,enabled
1782984920.333,2026-07-02 09:35:20.335,dml_inserts,113846981,113846981,45595.475529,enabled
1782984920.333,2026-07-02 09:35:20.335,dml_system_deletes,468,468,0.187433,enabled
1782984920.333,2026-07-02 09:35:20.335,dml_system_inserts,1202,1202,0.481398,enabled
1782984920.333,2026-07-02 09:35:20.335,dml_system_reads,7661,7661,3.068214,enabled
1782984920.333,2026-07-02 09:35:20.335,dml_system_updates,620,620,0.248309,enabled
1782984920.333,2026-07-02 09:35:20.335,dml_updates,27923270,27923270,11183.210664,enabled
1782984920.333,2026-07-02 09:35:20.335,file_num_open_files,35,35,0.000000,enabled
1782984920.333,2026-07-02 09:35:20.335,ibuf_merges,0,0,0.000000,enabled
1782984920.333,2026-07-02 09:35:20.335,ibuf_merges_delete,0,0,0.000000,enabled
1782984920.333,2026-07-02 09:35:20.335,ibuf_merges_delete_mark,0,0,0.000000,enabled
1782984920.333,2026-07-02 09:35:20.335,ibuf_merges_discard_delete,0,0,0.000000,enabled
1782984920.333,2026-07-02 09:35:20.335,ibuf_merges_discard_delete_mark,0,0,0.000000,enabled
1782984920.333,2026-07-02 09:35:20.335,ibuf_merges_discard_insert,0,0,0.000000,enabled
1782984920.333,2026-07-02 09:35:20.335,ibuf_merges_insert,0,0,0.000000,enabled
1782984920.333,2026-07-02 09:35:20.335,ibuf_size,1,1,0.000400,enabled
1782984920.333,2026-07-02 09:35:20.335,innodb_activity_count,18949212,18949212,7589.119490,enabled
1782984920.333,2026-07-02 09:35:20.335,innodb_dblwr_pages_written,28221506,28221506,11302.653646,enabled
1782984920.333,2026-07-02 09:35:20.335,innodb_dblwr_writes,583170,583170,233.558355,enabled
1782984920.333,2026-07-02 09:35:20.335,innodb_page_size,16384,16384,0.000000,enabled
1782984920.333,2026-07-02 09:35:20.335,innodb_rwlock_sx_os_waits,0,0,0.000000,enabled
1782984920.333,2026-07-02 09:35:20.335,innodb_rwlock_sx_spin_rounds,0,0,0.000000,enabled
1782984920.333,2026-07-02 09:35:20.335,innodb_rwlock_sx_spin_waits,0,0,0.000000,enabled
1782984920.333,2026-07-02 09:35:20.335,innodb_rwlock_s_os_waits,0,0,0.000000,enabled
1782984920.333,2026-07-02 09:35:20.335,innodb_rwlock_s_spin_rounds,0,0,0.000000,enabled
1782984920.333,2026-07-02 09:35:20.335,innodb_rwlock_s_spin_waits,0,0,0.000000,enabled
1782984920.333,2026-07-02 09:35:20.335,innodb_rwlock_x_os_waits,0,0,0.000000,enabled
1782984920.333,2026-07-02 09:35:20.335,innodb_rwlock_x_spin_rounds,0,0,0.000000,enabled
1782984920.333,2026-07-02 09:35:20.335,innodb_rwlock_x_spin_waits,0,0,0.000000,enabled
1782984920.333,2026-07-02 09:35:20.335,lock_deadlocks,0,0,0.000000,enabled
1782984920.333,2026-07-02 09:35:20.335,lock_deadlock_false_positives,0,0,0.000000,enabled
1782984920.333,2026-07-02 09:35:20.335,lock_deadlock_rounds,2734,2734,1.094961,enabled
1782984920.333,2026-07-02 09:35:20.335,lock_rec_grant_attempts,425,425,0.170212,enabled
1782984920.333,2026-07-02 09:35:20.335,lock_rec_release_attempts,42436223,42436223,16995.620652,enabled
1782984920.333,2026-07-02 09:35:20.335,lock_row_lock_current_waits,0,0,0.000000,enabled
1782984920.333,2026-07-02 09:35:20.335,lock_row_lock_time,323,323,0.129361,enabled
1782984920.333,2026-07-02 09:35:20.335,lock_row_lock_time_avg,0,0,0.000000,enabled
1782984920.333,2026-07-02 09:35:20.335,lock_row_lock_time_max,29,29,0.000000,enabled
1782984920.333,2026-07-02 09:35:20.335,lock_row_lock_waits,425,425,0.170212,enabled
1782984920.333,2026-07-02 09:35:20.335,lock_schedule_refreshes,2734,2734,1.094961,enabled
1782984920.333,2026-07-02 09:35:20.335,lock_threads_waiting,0,0,0.000000,enabled
1782984920.333,2026-07-02 09:35:20.335,lock_timeouts,0,0,0.000000,enabled
1782984920.333,2026-07-02 09:35:20.335,log_waits,0,0,0.000000,enabled
1782984920.333,2026-07-02 09:35:20.335,log_writes,213053390,213053390,85327.437020,enabled
1782984920.333,2026-07-02 09:35:20.335,log_write_requests,422048294,422048294,169029.458983,enabled
1782984920.333,2026-07-02 09:35:20.335,os_data_fsyncs,60871250,60871250,24378.808897,enabled
1782984920.333,2026-07-02 09:35:20.335,os_data_reads,85612680,85612680,34287.700143,enabled
1782984920.333,2026-07-02 09:35:20.335,os_data_writes,242167195,242167195,96987.457480,enabled
1782984920.333,2026-07-02 09:35:20.335,os_log_bytes_written,133830828032,133830828032,53598967.929948,enabled
1782984920.333,2026-07-02 09:35:20.335,os_log_fsyncs,53117680,53117680,21273.520212,enabled
1782984920.333,2026-07-02 09:35:20.335,os_log_pending_fsyncs,1,1,0.000400,enabled
1782984920.333,2026-07-02 09:35:20.335,os_log_pending_writes,0,0,0.000000,enabled
1782984920.333,2026-07-02 09:35:20.335,trx_rseg_history_len,574,574,0.000000,enabled
1782984921.404,2026-07-02 09:35:21.405,adaptive_hash_searches,0,0,0.000000,enabled
1782984921.404,2026-07-02 09:35:21.405,adaptive_hash_searches_btree,626497891,626497891,250803.847954,enabled
1782984921.404,2026-07-02 09:35:21.405,buffer_data_reads,1398698543616,1398698543616,559936472.024912,enabled
1782984921.404,2026-07-02 09:35:21.405,buffer_data_written,634152737280,634152737280,253868317.665127,enabled
1782984921.404,2026-07-02 09:35:21.405,buffer_pages0_read,7,7,0.002802,enabled
1782984921.404,2026-07-02 09:35:21.405,buffer_pages_created,1820118,1820118,728.641969,enabled
1782984921.404,2026-07-02 09:35:21.405,buffer_pages_read,85610559,85610559,34272.198747,enabled
1782984921.404,2026-07-02 09:35:21.405,buffer_pages_written,28298956,28298956,11328.829748,enabled
1782984921.404,2026-07-02 09:35:21.405,buffer_pool_bytes_data,12848709632,12848709632,0.000000,enabled
1782984921.404,2026-07-02 09:35:21.405,buffer_pool_bytes_dirty,4628742144,4628742144,0.000000,enabled
1782984921.404,2026-07-02 09:35:21.405,buffer_pool_pages_data,784223,784223,0.000000,enabled
1782984921.404,2026-07-02 09:35:21.405,buffer_pool_pages_dirty,282516,282516,0.000000,enabled
1782984921.404,2026-07-02 09:35:21.405,buffer_pool_pages_flushed,28239608,28239608,0.000000,enabled
1782984921.404,2026-07-02 09:35:21.405,buffer_pool_pages_free,2112,2112,0.000000,enabled
1782984921.404,2026-07-02 09:35:21.405,buffer_pool_pages_lru_flushed,0,0,0.000000,enabled
1782984921.404,2026-07-02 09:35:21.405,buffer_pool_pages_misc,96,96,0.000000,enabled
1782984921.404,2026-07-02 09:35:21.405,buffer_pool_pages_total,786432,786432,0.000000,enabled
1782984921.404,2026-07-02 09:35:21.405,buffer_pool_reads,84703139,84703139,33908.935436,enabled
1782984921.404,2026-07-02 09:35:21.405,buffer_pool_read_ahead,803715,803715,321.748639,enabled
1782984921.404,2026-07-02 09:35:21.405,buffer_pool_read_ahead_evicted,25,25,0.010008,enabled
1782984921.404,2026-07-02 09:35:21.405,buffer_pool_read_requests,3021501896,3021501896,1209588.136856,enabled
1782984921.404,2026-07-02 09:35:21.405,buffer_pool_size,12884901888,12884901888,0.000000,enabled
1782984921.404,2026-07-02 09:35:21.405,buffer_pool_wait_free,18945,18945,7.584191,enabled
1782984921.404,2026-07-02 09:35:21.405,buffer_pool_write_requests,624658395,624658395,250067.486126,enabled
1782984921.404,2026-07-02 09:35:21.405,dml_deletes,13966367,13966367,5591.109792,enabled
1782984921.404,2026-07-02 09:35:21.405,dml_inserts,113851774,113851774,45577.906479,enabled
1782984921.404,2026-07-02 09:35:21.405,dml_system_deletes,468,468,0.187353,enabled
1782984921.404,2026-07-02 09:35:21.405,dml_system_inserts,1202,1202,0.481193,enabled
1782984921.404,2026-07-02 09:35:21.405,dml_system_reads,7661,7661,3.066903,enabled
1782984921.404,2026-07-02 09:35:21.405,dml_system_updates,620,620,0.248203,enabled
1782984921.404,2026-07-02 09:35:21.405,dml_updates,27932859,27932859,11182.269615,enabled
1782984921.404,2026-07-02 09:35:21.405,file_num_open_files,35,35,0.000000,enabled
1782984921.404,2026-07-02 09:35:21.405,ibuf_merges,0,0,0.000000,enabled
1782984921.404,2026-07-02 09:35:21.405,ibuf_merges_delete,0,0,0.000000,enabled
1782984921.404,2026-07-02 09:35:21.405,ibuf_merges_delete_mark,0,0,0.000000,enabled
1782984921.404,2026-07-02 09:35:21.405,ibuf_merges_discard_delete,0,0,0.000000,enabled
1782984921.404,2026-07-02 09:35:21.405,ibuf_merges_discard_delete_mark,0,0,0.000000,enabled
1782984921.404,2026-07-02 09:35:21.405,ibuf_merges_discard_insert,0,0,0.000000,enabled
1782984921.404,2026-07-02 09:35:21.405,ibuf_merges_insert,0,0,0.000000,enabled
1782984921.404,2026-07-02 09:35:21.405,ibuf_size,1,1,0.000400,enabled
1782984921.404,2026-07-02 09:35:21.405,innodb_activity_count,18954719,18954719,7588.080465,enabled
1782984921.404,2026-07-02 09:35:21.405,innodb_dblwr_pages_written,28238882,28238882,11304.778903,enabled
1782984921.404,2026-07-02 09:35:21.405,innodb_dblwr_writes,583557,583557,233.613458,enabled
1782984921.404,2026-07-02 09:35:21.405,innodb_page_size,16384,16384,0.000000,enabled
1782984921.404,2026-07-02 09:35:21.405,innodb_rwlock_sx_os_waits,0,0,0.000000,enabled
1782984921.404,2026-07-02 09:35:21.405,innodb_rwlock_sx_spin_rounds,0,0,0.000000,enabled
1782984921.404,2026-07-02 09:35:21.405,innodb_rwlock_sx_spin_waits,0,0,0.000000,enabled
1782984921.404,2026-07-02 09:35:21.405,innodb_rwlock_s_os_waits,0,0,0.000000,enabled
1782984921.404,2026-07-02 09:35:21.405,innodb_rwlock_s_spin_rounds,0,0,0.000000,enabled
1782984921.404,2026-07-02 09:35:21.405,innodb_rwlock_s_spin_waits,0,0,0.000000,enabled
1782984921.404,2026-07-02 09:35:21.405,innodb_rwlock_x_os_waits,0,0,0.000000,enabled
1782984921.404,2026-07-02 09:35:21.405,innodb_rwlock_x_spin_rounds,0,0,0.000000,enabled
1782984921.404,2026-07-02 09:35:21.405,innodb_rwlock_x_spin_waits,0,0,0.000000,enabled
1782984921.404,2026-07-02 09:35:21.405,lock_deadlocks,0,0,0.000000,enabled
1782984921.404,2026-07-02 09:35:21.405,lock_deadlock_false_positives,0,0,0.000000,enabled
1782984921.404,2026-07-02 09:35:21.405,lock_deadlock_rounds,2735,2735,1.094894,enabled
1782984921.404,2026-07-02 09:35:21.405,lock_rec_grant_attempts,425,425,0.170139,enabled
1782984921.404,2026-07-02 09:35:21.405,lock_rec_release_attempts,42450803,42450803,16994.193753,enabled
1782984921.404,2026-07-02 09:35:21.405,lock_row_lock_current_waits,0,0,0.000000,enabled
1782984921.404,2026-07-02 09:35:21.405,lock_row_lock_time,323,323,0.129306,enabled
1782984921.404,2026-07-02 09:35:21.405,lock_row_lock_time_avg,0,0,0.000000,enabled
1782984921.404,2026-07-02 09:35:21.405,lock_row_lock_time_max,29,29,0.000000,enabled
1782984921.404,2026-07-02 09:35:21.405,lock_row_lock_waits,425,425,0.170139,enabled
1782984921.404,2026-07-02 09:35:21.405,lock_schedule_refreshes,2735,2735,1.094894,enabled
1782984921.404,2026-07-02 09:35:21.405,lock_threads_waiting,0,0,0.000000,enabled
1782984921.404,2026-07-02 09:35:21.405,lock_timeouts,0,0,0.000000,enabled
1782984921.404,2026-07-02 09:35:21.405,log_waits,0,0,0.000000,enabled
1782984921.404,2026-07-02 09:35:21.405,log_writes,213132769,213132769,85322.745691,enabled
1782984921.404,2026-07-02 09:35:21.405,log_write_requests,422129749,422129749,168989.824565,enabled
1782984921.404,2026-07-02 09:35:21.405,os_data_fsyncs,60904254,60904254,24381.601920,enabled
1782984921.404,2026-07-02 09:35:21.405,os_data_reads,85668630,85668630,34295.444071,enabled
1782984921.404,2026-07-02 09:35:21.405,os_data_writes,242264817,242264817,96985.086323,enabled
1782984921.404,2026-07-02 09:35:21.405,os_log_bytes_written,133872215040,133872215040,53592628.346417,enabled
1782984921.404,2026-07-02 09:35:21.405,os_log_fsyncs,53145737,53145737,21275.659986,enabled
1782984921.404,2026-07-02 09:35:21.405,os_log_pending_fsyncs,1,1,0.000400,enabled
1782984921.404,2026-07-02 09:35:21.405,os_log_pending_writes,1,1,0.000400,enabled
1782984921.404,2026-07-02 09:35:21.405,trx_rseg_history_len,548,548,0.000000,enabled
1782984922.471,2026-07-02 09:35:22.472,adaptive_hash_searches,0,0,0.000000,enabled
1782984922.471,2026-07-02 09:35:22.472,adaptive_hash_searches_btree,626663853,626663853,250762.818967,enabled
1782984922.471,2026-07-02 09:35:22.472,buffer_data_reads,1399617653248,1399617653248,560064386.908716,enabled
1782984922.471,2026-07-02 09:35:22.472,buffer_data_written,634480261120,634480261120,253890623.146898,enabled
1782984922.471,2026-07-02 09:35:22.472,buffer_pages0_read,7,7,0.002801,enabled
1782984922.471,2026-07-02 09:35:22.472,buffer_pages_created,1820146,1820146,728.341029,enabled
1782984922.471,2026-07-02 09:35:22.472,buffer_pages_read,85666809,85666809,34280.025574,enabled
1782984922.471,2026-07-02 09:35:22.472,buffer_pages_written,28316123,28316123,11330.846043,enabled
1782984922.471,2026-07-02 09:35:22.472,buffer_pool_bytes_data,12858081280,12858081280,0.000000,enabled
1782984922.471,2026-07-02 09:35:22.472,buffer_pool_bytes_dirty,4611637248,4611637248,0.000000,enabled
1782984922.471,2026-07-02 09:35:22.472,buffer_pool_pages_data,784795,784795,0.000000,enabled
1782984922.471,2026-07-02 09:35:22.472,buffer_pool_pages_dirty,281472,281472,0.000000,enabled
1782984922.471,2026-07-02 09:35:22.472,buffer_pool_pages_flushed,28259053,28259053,0.000000,enabled
1782984922.471,2026-07-02 09:35:22.472,buffer_pool_pages_free,1541,1541,0.000000,enabled
1782984922.471,2026-07-02 09:35:22.472,buffer_pool_pages_lru_flushed,0,0,0.000000,enabled
1782984922.471,2026-07-02 09:35:22.472,buffer_pool_pages_misc,96,96,0.000000,enabled
1782984922.471,2026-07-02 09:35:22.472,buffer_pool_pages_total,786432,786432,0.000000,enabled
1782984922.471,2026-07-02 09:35:22.472,buffer_pool_reads,84759331,84759331,33916.894702,enabled
1782984922.471,2026-07-02 09:35:22.472,buffer_pool_read_ahead,803715,803715,321.610805,enabled
1782984922.471,2026-07-02 09:35:22.472,buffer_pool_read_ahead_evicted,25,25,0.010004,enabled
1782984922.471,2026-07-02 09:35:22.472,buffer_pool_read_requests,3022323736,3022323736,1209398.824609,enabled
1782984922.471,2026-07-02 09:35:22.472,buffer_pool_size,12884901888,12884901888,0.000000,enabled
1782984922.471,2026-07-02 09:35:22.472,buffer_pool_wait_free,18945,18945,7.580942,enabled
1782984922.471,2026-07-02 09:35:22.472,buffer_pool_write_requests,624769774,624769774,250004.928569,enabled
1782984922.471,2026-07-02 09:35:22.472,dml_deletes,13971160,13971160,5590.632605,enabled
1782984922.471,2026-07-02 09:35:22.472,dml_inserts,113856566,113856566,45560.299271,enabled
1782984922.471,2026-07-02 09:35:22.472,dml_system_deletes,468,468,0.187273,enabled
1782984922.471,2026-07-02 09:35:22.472,dml_system_inserts,1202,1202,0.480987,enabled
1782984922.471,2026-07-02 09:35:22.472,dml_system_reads,7661,7661,3.065589,enabled
1782984922.471,2026-07-02 09:35:22.472,dml_system_updates,620,620,0.248096,enabled
1782984922.471,2026-07-02 09:35:22.472,dml_updates,27942445,27942445,11181.315221,enabled
1782984922.471,2026-07-02 09:35:22.472,file_num_open_files,35,35,0.000000,enabled
1782984922.471,2026-07-02 09:35:22.472,ibuf_merges,0,0,0.000000,enabled
1782984922.471,2026-07-02 09:35:22.472,ibuf_merges_delete,0,0,0.000000,enabled
1782984922.471,2026-07-02 09:35:22.472,ibuf_merges_delete_mark,0,0,0.000000,enabled
1782984922.471,2026-07-02 09:35:22.472,ibuf_merges_discard_delete,0,0,0.000000,enabled
1782984922.471,2026-07-02 09:35:22.472,ibuf_merges_discard_delete_mark,0,0,0.000000,enabled
1782984922.471,2026-07-02 09:35:22.472,ibuf_merges_discard_insert,0,0,0.000000,enabled
1782984922.471,2026-07-02 09:35:22.472,ibuf_merges_insert,0,0,0.000000,enabled
1782984922.471,2026-07-02 09:35:22.472,ibuf_size,1,1,0.000400,enabled
1782984922.471,2026-07-02 09:35:22.472,innodb_activity_count,18960230,18960230,7587.035124,enabled
1782984922.471,2026-07-02 09:35:22.472,innodb_dblwr_pages_written,28256623,28256623,11307.035296,enabled
1782984922.471,2026-07-02 09:35:22.472,innodb_dblwr_writes,583955,583955,233.672644,enabled
1782984922.471,2026-07-02 09:35:22.472,innodb_page_size,16384,16384,0.000000,enabled
1782984922.471,2026-07-02 09:35:22.472,innodb_rwlock_sx_os_waits,0,0,0.000000,enabled
1782984922.471,2026-07-02 09:35:22.472,innodb_rwlock_sx_spin_rounds,0,0,0.000000,enabled
1782984922.471,2026-07-02 09:35:22.472,innodb_rwlock_sx_spin_waits,0,0,0.000000,enabled
1782984922.471,2026-07-02 09:35:22.472,innodb_rwlock_s_os_waits,0,0,0.000000,enabled
1782984922.471,2026-07-02 09:35:22.472,innodb_rwlock_s_spin_rounds,0,0,0.000000,enabled
1782984922.471,2026-07-02 09:35:22.472,innodb_rwlock_s_spin_waits,0,0,0.000000,enabled
1782984922.471,2026-07-02 09:35:22.472,innodb_rwlock_x_os_waits,0,0,0.000000,enabled
1782984922.471,2026-07-02 09:35:22.472,innodb_rwlock_x_spin_rounds,0,0,0.000000,enabled
1782984922.471,2026-07-02 09:35:22.472,innodb_rwlock_x_spin_waits,0,0,0.000000,enabled
1782984922.471,2026-07-02 09:35:22.472,lock_deadlocks,0,0,0.000000,enabled
1782984922.471,2026-07-02 09:35:22.472,lock_deadlock_false_positives,0,0,0.000000,enabled
1782984922.471,2026-07-02 09:35:22.472,lock_deadlock_rounds,2736,2736,1.094825,enabled
1782984922.471,2026-07-02 09:35:22.472,lock_rec_grant_attempts,425,425,0.170066,enabled
1782984922.471,2026-07-02 09:35:22.472,lock_rec_release_attempts,42465406,42465406,16992.757044,enabled
1782984922.471,2026-07-02 09:35:22.472,lock_row_lock_current_waits,0,0,0.000000,enabled
1782984922.471,2026-07-02 09:35:22.472,lock_row_lock_time,323,323,0.129250,enabled
1782984922.471,2026-07-02 09:35:22.472,lock_row_lock_time_avg,0,0,0.000000,enabled
1782984922.471,2026-07-02 09:35:22.472,lock_row_lock_time_max,29,29,0.000000,enabled
1782984922.471,2026-07-02 09:35:22.472,lock_row_lock_waits,425,425,0.170066,enabled
1782984922.471,2026-07-02 09:35:22.472,lock_schedule_refreshes,2736,2736,1.094825,enabled
1782984922.471,2026-07-02 09:35:22.472,lock_threads_waiting,0,0,0.000000,enabled
1782984922.471,2026-07-02 09:35:22.472,lock_timeouts,0,0,0.000000,enabled
1782984922.471,2026-07-02 09:35:22.472,log_waits,0,0,0.000000,enabled
1782984922.471,2026-07-02 09:35:22.472,log_writes,213211183,213211183,85317.572661,enabled
1782984922.471,2026-07-02 09:35:22.472,log_write_requests,422211354,422211354,168950.086888,enabled
1782984922.471,2026-07-02 09:35:22.472,os_data_fsyncs,60937539,60937539,24384.476345,enabled
1782984922.471,2026-07-02 09:35:22.472,os_data_reads,85724741,85724741,34303.205485,enabled
1782984922.471,2026-07-02 09:35:22.472,os_data_writes,242360687,242360687,96981.902127,enabled
1782984922.471,2026-07-02 09:35:22.472,os_log_bytes_written,133913195008,133913195008,53586068.364264,enabled
1782984922.471,2026-07-02 09:35:22.472,os_log_fsyncs,53173855,53173855,21277.797361,enabled
1782984922.471,2026-07-02 09:35:22.472,os_log_pending_fsyncs,1,1,0.000400,enabled
1782984922.471,2026-07-02 09:35:22.472,os_log_pending_writes,0,0,0.000000,enabled
1782984922.471,2026-07-02 09:35:22.472,trx_rseg_history_len,514,514,0.000000,enabled
1782984923.541,2026-07-02 09:35:23.543,adaptive_hash_searches,0,0,0.000000,enabled
1782984923.541,2026-07-02 09:35:23.543,adaptive_hash_searches_btree,626823473,626823473,250719.778755,enabled
1782984923.541,2026-07-02 09:35:23.543,buffer_data_reads,1400499882496,1400499882496,560178537.458060,enabled
1782984923.541,2026-07-02 09:35:23.543,buffer_data_written,634781516800,634781516800,253902899.896053,enabled
1782984923.541,2026-07-02 09:35:23.543,buffer_pages0_read,7,7,0.002800,enabled
1782984923.541,2026-07-02 09:35:23.543,buffer_pages_created,1820175,1820175,728.042172,enabled
1782984923.541,2026-07-02 09:35:23.543,buffer_pages_read,85720826,85720826,34287.019662,enabled
1782984923.541,2026-07-02 09:35:23.543,buffer_pages_written,28331749,28331749,11332.266418,enabled
1782984923.541,2026-07-02 09:35:23.543,buffer_pool_bytes_data,12840173568,12840173568,0.000000,enabled
1782984923.541,2026-07-02 09:35:23.543,buffer_pool_bytes_dirty,4609605632,4609605632,0.000000,enabled
1782984923.541,2026-07-02 09:35:23.543,buffer_pool_pages_data,783702,783702,0.000000,enabled
1782984923.541,2026-07-02 09:35:23.543,buffer_pool_pages_dirty,281348,281348,0.000000,enabled
1782984923.541,2026-07-02 09:35:23.543,buffer_pool_pages_flushed,28274679,28274679,0.000000,enabled
1782984923.541,2026-07-02 09:35:23.543,buffer_pool_pages_free,2634,2634,0.000000,enabled
1782984923.541,2026-07-02 09:35:23.543,buffer_pool_pages_lru_flushed,0,0,0.000000,enabled
1782984923.541,2026-07-02 09:35:23.543,buffer_pool_pages_misc,96,96,0.000000,enabled
1782984923.541,2026-07-02 09:35:23.543,buffer_pool_pages_total,786432,786432,0.000000,enabled
1782984923.541,2026-07-02 09:35:23.543,buffer_pool_reads,84813297,84813297,33924.022899,enabled
1782984923.541,2026-07-02 09:35:23.543,buffer_pool_read_ahead,803715,803715,321.473717,enabled
1782984923.541,2026-07-02 09:35:23.543,buffer_pool_read_ahead_evicted,25,25,0.010000,enabled
1782984923.541,2026-07-02 09:35:23.543,buffer_pool_read_requests,3023116096,3023116096,1209200.241773,enabled
1782984923.541,2026-07-02 09:35:23.543,buffer_pool_size,12884901888,12884901888,0.000000,enabled
1782984923.541,2026-07-02 09:35:23.543,buffer_pool_wait_free,18945,18945,7.577710,enabled
1782984923.541,2026-07-02 09:35:23.543,buffer_pool_write_requests,624878849,624878849,249941.990552,enabled
1782984923.541,2026-07-02 09:35:23.543,dml_deletes,13975777,13975777,5590.096400,enabled
1782984923.541,2026-07-02 09:35:23.543,dml_inserts,113861184,113861184,45542.726906,enabled
1782984923.541,2026-07-02 09:35:23.543,dml_system_deletes,468,468,0.187193,enabled
1782984923.541,2026-07-02 09:35:23.543,dml_system_inserts,1202,1202,0.480782,enabled
1782984923.541,2026-07-02 09:35:23.543,dml_system_reads,7661,7661,3.064282,enabled
1782984923.541,2026-07-02 09:35:23.543,dml_system_updates,620,620,0.247990,enabled
1782984923.541,2026-07-02 09:35:23.543,dml_updates,27951674,27951674,11180.240789,enabled
1782984923.541,2026-07-02 09:35:23.543,file_num_open_files,35,35,0.000000,enabled
1782984923.541,2026-07-02 09:35:23.543,ibuf_merges,0,0,0.000000,enabled
1782984923.541,2026-07-02 09:35:23.543,ibuf_merges_delete,0,0,0.000000,enabled
1782984923.541,2026-07-02 09:35:23.543,ibuf_merges_delete_mark,0,0,0.000000,enabled
1782984923.541,2026-07-02 09:35:23.543,ibuf_merges_discard_delete,0,0,0.000000,enabled
1782984923.541,2026-07-02 09:35:23.543,ibuf_merges_discard_delete_mark,0,0,0.000000,enabled
1782984923.541,2026-07-02 09:35:23.543,ibuf_merges_discard_insert,0,0,0.000000,enabled
1782984923.541,2026-07-02 09:35:23.543,ibuf_merges_insert,0,0,0.000000,enabled
1782984923.541,2026-07-02 09:35:23.543,ibuf_size,1,1,0.000400,enabled
1782984923.541,2026-07-02 09:35:23.543,innodb_activity_count,18965536,18965536,7585.923546,enabled
1782984923.541,2026-07-02 09:35:23.543,innodb_dblwr_pages_written,28272249,28272249,11308.465961,enabled
1782984923.541,2026-07-02 09:35:23.543,innodb_dblwr_writes,584329,584329,233.722638,enabled
1782984923.541,2026-07-02 09:35:23.543,innodb_page_size,16384,16384,0.000000,enabled
1782984923.541,2026-07-02 09:35:23.543,innodb_rwlock_sx_os_waits,0,0,0.000000,enabled
1782984923.541,2026-07-02 09:35:23.543,innodb_rwlock_sx_spin_rounds,0,0,0.000000,enabled
1782984923.541,2026-07-02 09:35:23.543,innodb_rwlock_sx_spin_waits,0,0,0.000000,enabled
1782984923.541,2026-07-02 09:35:23.543,innodb_rwlock_s_os_waits,0,0,0.000000,enabled
1782984923.541,2026-07-02 09:35:23.543,innodb_rwlock_s_spin_rounds,0,0,0.000000,enabled
1782984923.541,2026-07-02 09:35:23.543,innodb_rwlock_s_spin_waits,0,0,0.000000,enabled
1782984923.541,2026-07-02 09:35:23.543,innodb_rwlock_x_os_waits,0,0,0.000000,enabled
1782984923.541,2026-07-02 09:35:23.543,innodb_rwlock_x_spin_rounds,0,0,0.000000,enabled
1782984923.541,2026-07-02 09:35:23.543,innodb_rwlock_x_spin_waits,0,0,0.000000,enabled
1782984923.541,2026-07-02 09:35:23.543,lock_deadlocks,0,0,0.000000,enabled
1782984923.541,2026-07-02 09:35:23.543,lock_deadlock_false_positives,0,0,0.000000,enabled
1782984923.541,2026-07-02 09:35:23.543,lock_deadlock_rounds,2737,2737,1.094758,enabled
1782984923.541,2026-07-02 09:35:23.543,lock_rec_grant_attempts,425,425,0.169994,enabled
1782984923.541,2026-07-02 09:35:23.543,lock_rec_release_attempts,42479447,42479447,16991.129897,enabled
1782984923.541,2026-07-02 09:35:23.543,lock_row_lock_current_waits,0,0,0.000000,enabled
1782984923.541,2026-07-02 09:35:23.543,lock_row_lock_time,323,323,0.129195,enabled
1782984923.541,2026-07-02 09:35:23.543,lock_row_lock_time_avg,0,0,0.000000,enabled
1782984923.541,2026-07-02 09:35:23.543,lock_row_lock_time_max,29,29,0.000000,enabled
1782984923.541,2026-07-02 09:35:23.543,lock_row_lock_waits,425,425,0.169994,enabled
1782984923.541,2026-07-02 09:35:23.543,lock_schedule_refreshes,2737,2737,1.094758,enabled
1782984923.541,2026-07-02 09:35:23.543,lock_threads_waiting,0,0,0.000000,enabled
1782984923.541,2026-07-02 09:35:23.543,lock_timeouts,0,0,0.000000,enabled
1782984923.541,2026-07-02 09:35:23.543,log_waits,0,0,0.000000,enabled
1782984923.541,2026-07-02 09:35:23.543,log_writes,213286616,213286616,85311.378492,enabled
1782984923.541,2026-07-02 09:35:23.543,log_write_requests,422290195,422290195,168909.607906,enabled
1782984923.541,2026-07-02 09:35:23.543,os_data_fsyncs,60970304,60970304,24387.188076,enabled
1782984923.541,2026-07-02 09:35:23.543,os_data_reads,85778599,85778599,34310.126269,enabled
1782984923.541,2026-07-02 09:35:23.543,os_data_writes,242452035,242452035,96977.101836,enabled
1782984923.541,2026-07-02 09:35:23.543,os_log_bytes_written,133952640000,133952640000,53579004.962857,enabled
1782984923.541,2026-07-02 09:35:23.543,os_log_fsyncs,53201629,53201629,21279.836982,enabled
1782984923.541,2026-07-02 09:35:23.543,os_log_pending_fsyncs,0,0,0.000000,enabled
1782984923.541,2026-07-02 09:35:23.543,os_log_pending_writes,0,0,0.000000,enabled
1782984923.541,2026-07-02 09:35:23.543,trx_rseg_history_len,258,258,0.000000,enabled
1782984924.606,2026-07-02 09:35:24.608,adaptive_hash_searches,0,0,0.000000,enabled
1782984924.606,2026-07-02 09:35:24.608,adaptive_hash_searches_btree,626983840,626983840,250676.682778,enabled
1782984924.606,2026-07-02 09:35:24.608,buffer_data_reads,1401389566464,1401389566464,560294711.463390,enabled
1782984924.606,2026-07-02 09:35:24.608,buffer_data_written,635076154880,635076154880,253912130.668801,enabled
1782984924.606,2026-07-02 09:35:24.608,buffer_pages0_read,7,7,0.002799,enabled
1782984924.606,2026-07-02 09:35:24.608,buffer_pages_created,1820207,1820207,727.743654,enabled
1782984924.606,2026-07-02 09:35:24.608,buffer_pages_read,85775262,85775262,34294.122709,enabled
1782984924.606,2026-07-02 09:35:24.608,buffer_pages_written,28346954,28346954,11333.499885,enabled
1782984924.606,2026-07-02 09:35:24.608,buffer_pool_bytes_data,12853755904,12853755904,0.000000,enabled
1782984924.606,2026-07-02 09:35:24.608,buffer_pool_bytes_dirty,4615290880,4615290880,0.000000,enabled
1782984924.606,2026-07-02 09:35:24.608,buffer_pool_pages_data,784531,784531,0.000000,enabled
1782984924.606,2026-07-02 09:35:24.608,buffer_pool_pages_dirty,281695,281695,0.000000,enabled
1782984924.606,2026-07-02 09:35:24.608,buffer_pool_pages_flushed,28289884,28289884,0.000000,enabled
1782984924.606,2026-07-02 09:35:24.608,buffer_pool_pages_free,1807,1807,0.000000,enabled
1782984924.606,2026-07-02 09:35:24.608,buffer_pool_pages_lru_flushed,0,0,0.000000,enabled
1782984924.606,2026-07-02 09:35:24.608,buffer_pool_pages_misc,96,96,0.000000,enabled
1782984924.606,2026-07-02 09:35:24.608,buffer_pool_pages_total,786432,786432,0.000000,enabled
1782984924.606,2026-07-02 09:35:24.608,buffer_pool_reads,84867683,84867683,33931.261248,enabled
1782984924.606,2026-07-02 09:35:24.608,buffer_pool_read_ahead,803715,803715,321.336255,enabled
1782984924.606,2026-07-02 09:35:24.608,buffer_pool_read_ahead_evicted,25,25,0.009995,enabled
1782984924.606,2026-07-02 09:35:24.608,buffer_pool_read_requests,3023909089,3023909089,1209000.236689,enabled
1782984924.606,2026-07-02 09:35:24.608,buffer_pool_size,12884901888,12884901888,0.000000,enabled
1782984924.606,2026-07-02 09:35:24.608,buffer_pool_wait_free,18945,18945,7.574470,enabled
1782984924.606,2026-07-02 09:35:24.608,buffer_pool_write_requests,624985396,624985396,249877.714239,enabled
1782984924.606,2026-07-02 09:35:24.608,dml_deletes,13980411,13980411,5589.558678,enabled
1782984924.606,2026-07-02 09:35:24.608,dml_inserts,113865818,113865818,45525.104492,enabled
1782984924.606,2026-07-02 09:35:24.608,dml_system_deletes,468,468,0.187113,enabled
1782984924.606,2026-07-02 09:35:24.608,dml_system_inserts,1202,1202,0.480576,enabled
1782984924.606,2026-07-02 09:35:24.608,dml_system_reads,7661,7661,3.062972,enabled
1782984924.606,2026-07-02 09:35:24.608,dml_system_updates,620,620,0.247884,enabled
1782984924.606,2026-07-02 09:35:24.608,dml_updates,27960948,27960948,11179.167723,enabled
1782984924.606,2026-07-02 09:35:24.608,file_num_open_files,35,35,0.000000,enabled
1782984924.606,2026-07-02 09:35:24.608,ibuf_merges,0,0,0.000000,enabled
1782984924.606,2026-07-02 09:35:24.608,ibuf_merges_delete,0,0,0.000000,enabled
1782984924.606,2026-07-02 09:35:24.608,ibuf_merges_delete_mark,0,0,0.000000,enabled
1782984924.606,2026-07-02 09:35:24.608,ibuf_merges_discard_delete,0,0,0.000000,enabled
1782984924.606,2026-07-02 09:35:24.608,ibuf_merges_discard_delete_mark,0,0,0.000000,enabled
1782984924.606,2026-07-02 09:35:24.608,ibuf_merges_discard_insert,0,0,0.000000,enabled
1782984924.606,2026-07-02 09:35:24.608,ibuf_merges_insert,0,0,0.000000,enabled
1782984924.606,2026-07-02 09:35:24.608,ibuf_size,1,1,0.000400,enabled
1782984924.606,2026-07-02 09:35:24.608,innodb_activity_count,18970861,18970861,7584.808649,enabled
1782984924.606,2026-07-02 09:35:24.608,innodb_dblwr_pages_written,28287454,28287454,11309.709374,enabled
1782984924.606,2026-07-02 09:35:24.608,innodb_dblwr_writes,584669,584669,233.758629,enabled
1782984924.606,2026-07-02 09:35:24.608,innodb_page_size,16384,16384,0.000000,enabled
1782984924.606,2026-07-02 09:35:24.608,innodb_rwlock_sx_os_waits,0,0,0.000000,enabled
1782984924.606,2026-07-02 09:35:24.608,innodb_rwlock_sx_spin_rounds,0,0,0.000000,enabled
1782984924.606,2026-07-02 09:35:24.608,innodb_rwlock_sx_spin_waits,0,0,0.000000,enabled
1782984924.606,2026-07-02 09:35:24.608,innodb_rwlock_s_os_waits,0,0,0.000000,enabled
1782984924.606,2026-07-02 09:35:24.608,innodb_rwlock_s_spin_rounds,0,0,0.000000,enabled
1782984924.606,2026-07-02 09:35:24.608,innodb_rwlock_s_spin_waits,0,0,0.000000,enabled
1782984924.606,2026-07-02 09:35:24.608,innodb_rwlock_x_os_waits,0,0,0.000000,enabled
1782984924.606,2026-07-02 09:35:24.608,innodb_rwlock_x_spin_rounds,0,0,0.000000,enabled
1782984924.606,2026-07-02 09:35:24.608,innodb_rwlock_x_spin_waits,0,0,0.000000,enabled
1782984924.606,2026-07-02 09:35:24.608,lock_deadlocks,0,0,0.000000,enabled
1782984924.606,2026-07-02 09:35:24.608,lock_deadlock_false_positives,0,0,0.000000,enabled
1782984924.606,2026-07-02 09:35:24.608,lock_deadlock_rounds,2738,2738,1.094690,enabled
1782984924.606,2026-07-02 09:35:24.608,lock_rec_grant_attempts,425,425,0.169921,enabled
1782984924.606,2026-07-02 09:35:24.608,lock_rec_release_attempts,42493513,42493513,16989.488292,enabled
1782984924.606,2026-07-02 09:35:24.608,lock_row_lock_current_waits,0,0,0.000000,enabled
1782984924.606,2026-07-02 09:35:24.608,lock_row_lock_time,323,323,0.129140,enabled
1782984924.606,2026-07-02 09:35:24.608,lock_row_lock_time_avg,0,0,0.000000,enabled
1782984924.606,2026-07-02 09:35:24.608,lock_row_lock_time_max,29,29,0.000000,enabled
1782984924.606,2026-07-02 09:35:24.608,lock_row_lock_waits,425,425,0.169921,enabled
1782984924.606,2026-07-02 09:35:24.608,lock_schedule_refreshes,2738,2738,1.094690,enabled
1782984924.606,2026-07-02 09:35:24.608,lock_threads_waiting,0,0,0.000000,enabled
1782984924.606,2026-07-02 09:35:24.608,lock_timeouts,0,0,0.000000,enabled
1782984924.606,2026-07-02 09:35:24.608,log_waits,0,0,0.000000,enabled
1782984924.606,2026-07-02 09:35:24.608,log_writes,213362504,213362504,85305.239084,enabled
1782984924.606,2026-07-02 09:35:24.608,log_write_requests,422368861,422368861,168868.831283,enabled
1782984924.606,2026-07-02 09:35:24.608,os_data_fsyncs,61002565,61002565,24389.658212,enabled
1782984924.606,2026-07-02 09:35:24.608,os_data_reads,85832891,85832891,34317.161543,enabled
1782984924.606,2026-07-02 09:35:24.608,os_data_writes,242543355,242543355,96972.144264,enabled
1782984924.606,2026-07-02 09:35:24.608,os_log_bytes_written,133992326656,133992326656,53571961.193349,enabled
1782984924.606,2026-07-02 09:35:24.608,os_log_fsyncs,53229312,53229312,21281.805505,enabled
1782984924.606,2026-07-02 09:35:24.608,os_log_pending_fsyncs,1,1,0.000400,enabled
1782984924.606,2026-07-02 09:35:24.608,os_log_pending_writes,1,1,0.000400,enabled
1782984924.606,2026-07-02 09:35:24.608,trx_rseg_history_len,357,357,0.000000,enabled
1782984925.677,2026-07-02 09:35:25.678,adaptive_hash_searches,0,0,0.000000,enabled
1782984925.677,2026-07-02 09:35:25.678,adaptive_hash_searches_btree,627149533,627149533,250635.586235,enabled
1782984925.677,2026-07-02 09:35:25.678,buffer_data_reads,1402308626944,1402308626944,560422142.795886,enabled
1782984925.677,2026-07-02 09:35:25.678,buffer_data_written,635383605248,635383605248,253926300.141127,enabled
1782984925.677,2026-07-02 09:35:25.678,buffer_pages0_read,7,7,0.002797,enabled
1782984925.677,2026-07-02 09:35:25.678,buffer_pages_created,1820241,1820241,727.445692,enabled
1782984925.677,2026-07-02 09:35:25.678,buffer_pages_read,85831495,85831495,34301.914371,enabled
1782984925.677,2026-07-02 09:35:25.678,buffer_pages_written,28362824,28362824,11334.990299,enabled
1782984925.677,2026-07-02 09:35:25.678,buffer_pool_bytes_data,12854935552,12854935552,0.000000,enabled
1782984925.677,2026-07-02 09:35:25.678,buffer_pool_bytes_dirty,4619714560,4619714560,0.000000,enabled
1782984925.677,2026-07-02 09:35:25.678,buffer_pool_pages_data,784603,784603,0.000000,enabled
1782984925.677,2026-07-02 09:35:25.678,buffer_pool_pages_dirty,281965,281965,0.000000,enabled
1782984925.677,2026-07-02 09:35:25.678,buffer_pool_pages_flushed,28305754,28305754,0.000000,enabled
1782984925.677,2026-07-02 09:35:25.678,buffer_pool_pages_free,1732,1732,0.000000,enabled
1782984925.677,2026-07-02 09:35:25.678,buffer_pool_pages_lru_flushed,0,0,0.000000,enabled
1782984925.677,2026-07-02 09:35:25.678,buffer_pool_pages_misc,97,97,0.000000,enabled
1782984925.677,2026-07-02 09:35:25.678,buffer_pool_pages_total,786432,786432,0.000000,enabled
1782984925.677,2026-07-02 09:35:25.678,buffer_pool_reads,84923872,84923872,33939.190697,enabled
1782984925.677,2026-07-02 09:35:25.678,buffer_pool_read_ahead,803715,803715,321.198690,enabled
1782984925.677,2026-07-02 09:35:25.678,buffer_pool_read_ahead_evicted,25,25,0.009991,enabled
1782984925.677,2026-07-02 09:35:25.678,buffer_pool_read_requests,3024727894,3024727894,1208809.889563,enabled
1782984925.677,2026-07-02 09:35:25.678,buffer_pool_size,12884901888,12884901888,0.000000,enabled
1782984925.677,2026-07-02 09:35:25.678,buffer_pool_wait_free,18945,18945,7.571228,enabled
1782984925.677,2026-07-02 09:35:25.678,buffer_pool_write_requests,625095341,625095341,249814.679546,enabled
1782984925.677,2026-07-02 09:35:25.678,dml_deletes,13985205,13985205,5589.081669,enabled
1782984925.677,2026-07-02 09:35:25.678,dml_inserts,113870612,113870612,45507.531044,enabled
1782984925.677,2026-07-02 09:35:25.678,dml_system_deletes,468,468,0.187033,enabled
1782984925.677,2026-07-02 09:35:25.678,dml_system_inserts,1202,1202,0.480370,enabled
1782984925.677,2026-07-02 09:35:25.678,dml_system_reads,7661,7661,3.061661,enabled
1782984925.677,2026-07-02 09:35:25.678,dml_system_updates,620,620,0.247778,enabled
1782984925.677,2026-07-02 09:35:25.678,dml_updates,27970534,27970534,11178.212885,enabled
1782984925.677,2026-07-02 09:35:25.678,file_num_open_files,35,35,0.000000,enabled
1782984925.677,2026-07-02 09:35:25.678,ibuf_merges,0,0,0.000000,enabled
1782984925.677,2026-07-02 09:35:25.678,ibuf_merges_delete,0,0,0.000000,enabled
1782984925.677,2026-07-02 09:35:25.678,ibuf_merges_delete_mark,0,0,0.000000,enabled
1782984925.677,2026-07-02 09:35:25.678,ibuf_merges_discard_delete,0,0,0.000000,enabled
1782984925.677,2026-07-02 09:35:25.678,ibuf_merges_discard_delete_mark,0,0,0.000000,enabled
1782984925.677,2026-07-02 09:35:25.678,ibuf_merges_discard_insert,0,0,0.000000,enabled
1782984925.677,2026-07-02 09:35:25.678,ibuf_merges_insert,0,0,0.000000,enabled
1782984925.677,2026-07-02 09:35:25.678,ibuf_size,1,1,0.000400,enabled
1782984925.677,2026-07-02 09:35:25.678,innodb_activity_count,18976360,18976360,7583.759229,enabled
1782984925.677,2026-07-02 09:35:25.678,innodb_dblwr_pages_written,28303324,28303324,11311.210008,enabled
1782984925.677,2026-07-02 09:35:25.678,innodb_dblwr_writes,585012,585012,233.795635,enabled
1782984925.677,2026-07-02 09:35:25.678,innodb_page_size,16384,16384,0.000000,enabled
1782984925.677,2026-07-02 09:35:25.678,innodb_rwlock_sx_os_waits,0,0,0.000000,enabled
1782984925.677,2026-07-02 09:35:25.678,innodb_rwlock_sx_spin_rounds,0,0,0.000000,enabled
1782984925.677,2026-07-02 09:35:25.678,innodb_rwlock_sx_spin_waits,0,0,0.000000,enabled
1782984925.677,2026-07-02 09:35:25.678,innodb_rwlock_s_os_waits,0,0,0.000000,enabled
1782984925.677,2026-07-02 09:35:25.678,innodb_rwlock_s_spin_rounds,0,0,0.000000,enabled
1782984925.677,2026-07-02 09:35:25.678,innodb_rwlock_s_spin_waits,0,0,0.000000,enabled
1782984925.677,2026-07-02 09:35:25.678,innodb_rwlock_x_os_waits,0,0,0.000000,enabled
1782984925.677,2026-07-02 09:35:25.678,innodb_rwlock_x_spin_rounds,0,0,0.000000,enabled
1782984925.677,2026-07-02 09:35:25.678,innodb_rwlock_x_spin_waits,0,0,0.000000,enabled
1782984925.677,2026-07-02 09:35:25.678,lock_deadlocks,0,0,0.000000,enabled
1782984925.677,2026-07-02 09:35:25.678,lock_deadlock_false_positives,0,0,0.000000,enabled
1782984925.677,2026-07-02 09:35:25.678,lock_deadlock_rounds,2739,2739,1.094621,enabled
1782984925.677,2026-07-02 09:35:25.678,lock_rec_grant_attempts,425,425,0.169848,enabled
1782984925.677,2026-07-02 09:35:25.678,lock_rec_release_attempts,42508088,42508088,16988.039830,enabled
1782984925.677,2026-07-02 09:35:25.678,lock_row_lock_current_waits,0,0,0.000000,enabled
1782984925.677,2026-07-02 09:35:25.678,lock_row_lock_time,323,323,0.129085,enabled
1782984925.677,2026-07-02 09:35:25.678,lock_row_lock_time_avg,0,0,0.000000,enabled
1782984925.677,2026-07-02 09:35:25.678,lock_row_lock_time_max,29,29,0.000000,enabled
1782984925.677,2026-07-02 09:35:25.678,lock_row_lock_waits,425,425,0.169848,enabled
1782984925.677,2026-07-02 09:35:25.678,lock_schedule_refreshes,2739,2739,1.094621,enabled
1782984925.677,2026-07-02 09:35:25.678,lock_threads_waiting,0,0,0.000000,enabled
1782984925.677,2026-07-02 09:35:25.678,lock_timeouts,0,0,0.000000,enabled
1782984925.677,2026-07-02 09:35:25.678,log_waits,0,0,0.000000,enabled
1782984925.677,2026-07-02 09:35:25.678,log_writes,213441446,213441446,85300.268803,enabled
1782984925.677,2026-07-02 09:35:25.678,log_write_requests,422449522,422449522,168828.774726,enabled
1782984925.677,2026-07-02 09:35:25.678,os_data_fsyncs,61034671,61034671,24392.047923,enabled
1782984925.677,2026-07-02 09:35:25.678,os_data_reads,85888972,85888972,34324.882722,enabled
1782984925.677,2026-07-02 09:35:25.678,os_data_writes,242638456,242638456,96968.636909,enabled
1782984925.677,2026-07-02 09:35:25.678,os_log_bytes_written,134033584640,134033584640,53565515.486505,enabled
1782984925.677,2026-07-02 09:35:25.678,os_log_fsyncs,53256603,53256603,21283.601408,enabled
1782984925.677,2026-07-02 09:35:25.678,os_log_pending_fsyncs,1,1,0.000400,enabled
1782984925.677,2026-07-02 09:35:25.678,os_log_pending_writes,0,0,0.000000,enabled
1782984925.677,2026-07-02 09:35:25.678,trx_rseg_history_len,1152,1152,0.000000,enabled
1782984926.749,2026-07-02 09:35:26.750,adaptive_hash_searches,0,0,0.000000,enabled
1782984926.749,2026-07-02 09:35:26.750,adaptive_hash_searches_btree,627313545,627313545,250594.008766,enabled
1782984926.749,2026-07-02 09:35:26.750,buffer_data_reads,1403222084096,1403222084096,560547578.104287,enabled
1782984926.749,2026-07-02 09:35:26.750,buffer_data_written,635691575296,635691575296,253940824.277001,enabled
1782984926.749,2026-07-02 09:35:26.750,buffer_pages0_read,7,7,0.002796,enabled
1782984926.749,2026-07-02 09:35:26.750,buffer_pages_created,1820255,1820255,727.140452,enabled
1782984926.749,2026-07-02 09:35:26.750,buffer_pages_read,85887404,85887404,34309.591435,enabled
1782984926.749,2026-07-02 09:35:26.750,buffer_pages_written,28378786,28378786,11336.523297,enabled
1782984926.749,2026-07-02 09:35:26.750,buffer_pool_bytes_data,12849430528,12849430528,0.000000,enabled
1782984926.749,2026-07-02 09:35:26.750,buffer_pool_bytes_dirty,4618125312,4618125312,0.000000,enabled
1782984926.749,2026-07-02 09:35:26.750,buffer_pool_pages_data,784267,784267,0.000000,enabled
1782984926.749,2026-07-02 09:35:26.750,buffer_pool_pages_dirty,281868,281868,0.000000,enabled
1782984926.749,2026-07-02 09:35:26.750,buffer_pool_pages_flushed,28321716,28321716,0.000000,enabled
1782984926.749,2026-07-02 09:35:26.750,buffer_pool_pages_free,2069,2069,0.000000,enabled
1782984926.749,2026-07-02 09:35:26.750,buffer_pool_pages_lru_flushed,0,0,0.000000,enabled
1782984926.749,2026-07-02 09:35:26.750,buffer_pool_pages_misc,96,96,0.000000,enabled
1782984926.749,2026-07-02 09:35:26.750,buffer_pool_pages_total,786432,786432,0.000000,enabled
1782984926.749,2026-07-02 09:35:26.750,buffer_pool_reads,84979722,84979722,33946.999277,enabled
1782984926.749,2026-07-02 09:35:26.750,buffer_pool_read_ahead,803715,803715,321.061444,enabled
1782984926.749,2026-07-02 09:35:26.750,buffer_pool_read_ahead_evicted,25,25,0.009987,enabled
1782984926.749,2026-07-02 09:35:26.750,buffer_pool_read_requests,3025540858,3025540858,1208618.131126,enabled
1782984926.749,2026-07-02 09:35:26.750,buffer_pool_size,12884901888,12884901888,0.000000,enabled
1782984926.749,2026-07-02 09:35:26.750,buffer_pool_wait_free,18945,18945,7.567992,enabled
1782984926.749,2026-07-02 09:35:26.750,buffer_pool_write_requests,625205512,625205512,249751.945942,enabled
1782984926.749,2026-07-02 09:35:26.750,dml_deletes,13989945,13989945,5588.586993,enabled
1782984926.749,2026-07-02 09:35:26.750,dml_inserts,113875351,113875351,45489.979115,enabled
1782984926.749,2026-07-02 09:35:26.750,dml_system_deletes,468,468,0.186953,enabled
1782984926.749,2026-07-02 09:35:26.750,dml_system_inserts,1202,1202,0.480165,enabled
1782984926.749,2026-07-02 09:35:26.750,dml_system_reads,7661,7661,3.060353,enabled
1782984926.749,2026-07-02 09:35:26.750,dml_system_updates,620,620,0.247672,enabled
1782984926.749,2026-07-02 09:35:26.750,dml_updates,27980012,27980012,11177.222713,enabled
1782984926.749,2026-07-02 09:35:26.750,file_num_open_files,35,35,0.000000,enabled
1782984926.749,2026-07-02 09:35:26.750,ibuf_merges,0,0,0.000000,enabled
1782984926.749,2026-07-02 09:35:26.750,ibuf_merges_delete,0,0,0.000000,enabled
1782984926.749,2026-07-02 09:35:26.750,ibuf_merges_delete_mark,0,0,0.000000,enabled
1782984926.749,2026-07-02 09:35:26.750,ibuf_merges_discard_delete,0,0,0.000000,enabled
1782984926.749,2026-07-02 09:35:26.750,ibuf_merges_discard_delete_mark,0,0,0.000000,enabled
1782984926.749,2026-07-02 09:35:26.750,ibuf_merges_discard_insert,0,0,0.000000,enabled
1782984926.749,2026-07-02 09:35:26.750,ibuf_merges_insert,0,0,0.000000,enabled
1782984926.749,2026-07-02 09:35:26.750,ibuf_size,1,1,0.000399,enabled
1782984926.749,2026-07-02 09:35:26.750,innodb_activity_count,18981804,18981804,7582.693452,enabled
1782984926.749,2026-07-02 09:35:26.750,innodb_dblwr_pages_written,28319286,28319286,11312.753169,enabled
1782984926.749,2026-07-02 09:35:26.750,innodb_dblwr_writes,585392,585392,233.847534,enabled
1782984926.749,2026-07-02 09:35:26.750,innodb_page_size,16384,16384,0.000000,enabled
1782984926.749,2026-07-02 09:35:26.750,innodb_rwlock_sx_os_waits,0,0,0.000000,enabled
1782984926.749,2026-07-02 09:35:26.750,innodb_rwlock_sx_spin_rounds,0,0,0.000000,enabled
1782984926.749,2026-07-02 09:35:26.750,innodb_rwlock_sx_spin_waits,0,0,0.000000,enabled
1782984926.749,2026-07-02 09:35:26.750,innodb_rwlock_s_os_waits,0,0,0.000000,enabled
1782984926.749,2026-07-02 09:35:26.750,innodb_rwlock_s_spin_rounds,0,0,0.000000,enabled
1782984926.749,2026-07-02 09:35:26.750,innodb_rwlock_s_spin_waits,0,0,0.000000,enabled
1782984926.749,2026-07-02 09:35:26.750,innodb_rwlock_x_os_waits,0,0,0.000000,enabled
1782984926.749,2026-07-02 09:35:26.750,innodb_rwlock_x_spin_rounds,0,0,0.000000,enabled
1782984926.749,2026-07-02 09:35:26.750,innodb_rwlock_x_spin_waits,0,0,0.000000,enabled
1782984926.749,2026-07-02 09:35:26.750,lock_deadlocks,0,0,0.000000,enabled
1782984926.749,2026-07-02 09:35:26.750,lock_deadlock_false_positives,0,0,0.000000,enabled
1782984926.749,2026-07-02 09:35:26.750,lock_deadlock_rounds,2740,2740,1.094553,enabled
1782984926.749,2026-07-02 09:35:26.750,lock_rec_grant_attempts,425,425,0.169776,enabled
1782984926.749,2026-07-02 09:35:26.750,lock_rec_release_attempts,42522485,42522485,16986.532211,enabled
1782984926.749,2026-07-02 09:35:26.750,lock_row_lock_current_waits,0,0,0.000000,enabled
1782984926.749,2026-07-02 09:35:26.750,lock_row_lock_time,323,323,0.129029,enabled
1782984926.749,2026-07-02 09:35:26.750,lock_row_lock_time_avg,0,0,0.000000,enabled
1782984926.749,2026-07-02 09:35:26.750,lock_row_lock_time_max,29,29,0.000000,enabled
1782984926.749,2026-07-02 09:35:26.750,lock_row_lock_waits,425,425,0.169775,enabled
1782984926.749,2026-07-02 09:35:26.750,lock_schedule_refreshes,2740,2740,1.094553,enabled
1782984926.749,2026-07-02 09:35:26.750,lock_threads_waiting,0,0,0.000000,enabled
1782984926.749,2026-07-02 09:35:26.750,lock_timeouts,0,0,0.000000,enabled
1782984926.749,2026-07-02 09:35:26.750,log_waits,0,0,0.000000,enabled
1782984926.749,2026-07-02 09:35:26.750,log_writes,213519537,213519537,85295.015048,enabled
1782984926.749,2026-07-02 09:35:26.750,log_write_requests,422530274,422530274,168788.892145,enabled
1782984926.749,2026-07-02 09:35:26.750,os_data_fsyncs,61067682,61067682,24394.812194,enabled
1782984926.749,2026-07-02 09:35:26.750,os_data_reads,85944700,85944700,34332.477509,enabled
1782984926.749,2026-07-02 09:35:26.750,os_data_writes,242732793,242732793,96964.887310,enabled
1782984926.749,2026-07-02 09:35:26.750,os_log_bytes_written,134074149376,134074149376,53558831.473234,enabled
1782984926.749,2026-07-02 09:35:26.750,os_log_fsyncs,53284507,53284507,21285.653807,enabled
1782984926.749,2026-07-02 09:35:26.750,os_log_pending_fsyncs,0,0,0.000000,enabled
1782984926.749,2026-07-02 09:35:26.750,os_log_pending_writes,0,0,0.000000,enabled
1782984926.749,2026-07-02 09:35:26.750,trx_rseg_history_len,1025,1025,0.000000,enabled
1782984927.818,2026-07-02 09:35:27.819,adaptive_hash_searches,0,0,0.000000,enabled
1782984927.818,2026-07-02 09:35:27.819,adaptive_hash_searches_btree,627478630,627478630,250552.542326,enabled
1782984927.818,2026-07-02 09:35:27.819,buffer_data_reads,1404141619712,1404141619712,560674534.179638,enabled
1782984927.818,2026-07-02 09:35:27.819,buffer_data_written,635994235904,635994235904,253952853.972057,enabled
1782984927.818,2026-07-02 09:35:27.819,buffer_pages0_read,7,7,0.002795,enabled
1782984927.818,2026-07-02 09:35:27.819,buffer_pages_created,1820281,1820281,726.839227,enabled
1782984927.818,2026-07-02 09:35:27.819,buffer_pages_read,85943662,85943662,34317.352360,enabled
1782984927.818,2026-07-02 09:35:27.819,buffer_pages_written,28394421,28394421,11337.908238,enabled
1782984927.818,2026-07-02 09:35:27.819,buffer_pool_bytes_data,12855820288,12855820288,0.000000,enabled
1782984927.818,2026-07-02 09:35:27.819,buffer_pool_bytes_dirty,4627562496,4627562496,0.000000,enabled
1782984927.818,2026-07-02 09:35:27.819,buffer_pool_pages_data,784657,784657,0.000000,enabled
1782984927.818,2026-07-02 09:35:27.819,buffer_pool_pages_dirty,282444,282444,0.000000,enabled
1782984927.818,2026-07-02 09:35:27.819,buffer_pool_pages_flushed,28337351,28337351,0.000000,enabled
1782984927.818,2026-07-02 09:35:27.819,buffer_pool_pages_free,1678,1678,0.000000,enabled
1782984927.818,2026-07-02 09:35:27.819,buffer_pool_pages_lru_flushed,0,0,0.000000,enabled
1782984927.818,2026-07-02 09:35:27.819,buffer_pool_pages_misc,97,97,0.000000,enabled
1782984927.818,2026-07-02 09:35:27.819,buffer_pool_pages_total,786432,786432,0.000000,enabled
1782984927.818,2026-07-02 09:35:27.819,buffer_pool_reads,85035919,85035919,33954.891088,enabled
1782984927.818,2026-07-02 09:35:27.819,buffer_pool_read_ahead,803715,803715,320.923856,enabled
1782984927.818,2026-07-02 09:35:27.819,buffer_pool_read_ahead_evicted,25,25,0.009983,enabled
1782984927.818,2026-07-02 09:35:27.819,buffer_pool_read_requests,3026359100,3026359100,1208426.914078,enabled
1782984927.818,2026-07-02 09:35:27.819,buffer_pool_size,12884901888,12884901888,0.000000,enabled
1782984927.818,2026-07-02 09:35:27.819,buffer_pool_wait_free,18945,18945,7.564749,enabled
1782984927.818,2026-07-02 09:35:27.819,buffer_pool_write_requests,625316800,625316800,249689.354587,enabled
1782984927.818,2026-07-02 09:35:27.819,dml_deletes,13994710,13994710,5588.094821,enabled
1782984927.818,2026-07-02 09:35:27.819,dml_inserts,113880116,113880116,45472.388277,enabled
1782984927.818,2026-07-02 09:35:27.819,dml_system_deletes,468,468,0.186873,enabled
1782984927.818,2026-07-02 09:35:27.819,dml_system_inserts,1202,1202,0.479959,enabled
1782984927.818,2026-07-02 09:35:27.819,dml_system_reads,7661,7661,3.059041,enabled
1782984927.818,2026-07-02 09:35:27.819,dml_system_updates,620,620,0.247566,enabled
1782984927.818,2026-07-02 09:35:27.819,dml_updates,27989541,27989541,11176.237950,enabled
1782984927.818,2026-07-02 09:35:27.819,file_num_open_files,35,35,0.000000,enabled
1782984927.818,2026-07-02 09:35:27.819,ibuf_merges,0,0,0.000000,enabled
1782984927.818,2026-07-02 09:35:27.819,ibuf_merges_delete,0,0,0.000000,enabled
1782984927.818,2026-07-02 09:35:27.819,ibuf_merges_delete_mark,0,0,0.000000,enabled
1782984927.818,2026-07-02 09:35:27.819,ibuf_merges_discard_delete,0,0,0.000000,enabled
1782984927.818,2026-07-02 09:35:27.819,ibuf_merges_discard_delete_mark,0,0,0.000000,enabled
1782984927.818,2026-07-02 09:35:27.819,ibuf_merges_discard_insert,0,0,0.000000,enabled
1782984927.818,2026-07-02 09:35:27.819,ibuf_merges_insert,0,0,0.000000,enabled
1782984927.818,2026-07-02 09:35:27.819,ibuf_size,1,1,0.000399,enabled
1782984927.818,2026-07-02 09:35:27.819,innodb_activity_count,18987284,18987284,7581.632257,enabled
1782984927.818,2026-07-02 09:35:27.819,innodb_dblwr_pages_written,28334921,28334921,11314.148453,enabled
1782984927.818,2026-07-02 09:35:27.819,innodb_dblwr_writes,585738,585738,233.885483,enabled
1782984927.818,2026-07-02 09:35:27.819,innodb_page_size,16384,16384,0.000000,enabled
1782984927.818,2026-07-02 09:35:27.819,innodb_rwlock_sx_os_waits,0,0,0.000000,enabled
1782984927.818,2026-07-02 09:35:27.819,innodb_rwlock_sx_spin_rounds,0,0,0.000000,enabled
1782984927.818,2026-07-02 09:35:27.819,innodb_rwlock_sx_spin_waits,0,0,0.000000,enabled
1782984927.818,2026-07-02 09:35:27.819,innodb_rwlock_s_os_waits,0,0,0.000000,enabled
1782984927.818,2026-07-02 09:35:27.819,innodb_rwlock_s_spin_rounds,0,0,0.000000,enabled
1782984927.818,2026-07-02 09:35:27.819,innodb_rwlock_s_spin_waits,0,0,0.000000,enabled
1782984927.818,2026-07-02 09:35:27.819,innodb_rwlock_x_os_waits,0,0,0.000000,enabled
1782984927.818,2026-07-02 09:35:27.819,innodb_rwlock_x_spin_rounds,0,0,0.000000,enabled
1782984927.818,2026-07-02 09:35:27.819,innodb_rwlock_x_spin_waits,0,0,0.000000,enabled
1782984927.818,2026-07-02 09:35:27.819,lock_deadlocks,0,0,0.000000,enabled
1782984927.818,2026-07-02 09:35:27.819,lock_deadlock_false_positives,0,0,0.000000,enabled
1782984927.818,2026-07-02 09:35:27.819,lock_deadlock_rounds,2741,2741,1.094483,enabled
1782984927.818,2026-07-02 09:35:27.819,lock_rec_grant_attempts,425,425,0.169703,enabled
1782984927.818,2026-07-02 09:35:27.819,lock_rec_release_attempts,42536978,42536978,16985.039823,enabled
1782984927.818,2026-07-02 09:35:27.819,lock_row_lock_current_waits,0,0,0.000000,enabled
1782984927.818,2026-07-02 09:35:27.819,lock_row_lock_time,323,323,0.128974,enabled
1782984927.818,2026-07-02 09:35:27.819,lock_row_lock_time_avg,0,0,0.000000,enabled
1782984927.818,2026-07-02 09:35:27.819,lock_row_lock_time_max,29,29,0.000000,enabled
1782984927.818,2026-07-02 09:35:27.819,lock_row_lock_waits,425,425,0.169703,enabled
1782984927.818,2026-07-02 09:35:27.819,lock_schedule_refreshes,2741,2741,1.094483,enabled
1782984927.818,2026-07-02 09:35:27.819,lock_threads_waiting,0,0,0.000000,enabled
1782984927.818,2026-07-02 09:35:27.819,lock_timeouts,0,0,0.000000,enabled
1782984927.818,2026-07-02 09:35:27.819,log_waits,0,0,0.000000,enabled
1782984927.818,2026-07-02 09:35:27.819,log_writes,213596931,213596931,85289.367644,enabled
1782984927.818,2026-07-02 09:35:27.819,log_write_requests,422611410,422611410,168748.959884,enabled
1782984927.818,2026-07-02 09:35:27.819,os_data_fsyncs,61099167,61099167,24396.930371,enabled
1782984927.818,2026-07-02 09:35:27.819,os_data_reads,86000798,86000798,34340.165111,enabled
1782984927.818,2026-07-02 09:35:27.819,os_data_writes,242826083,242826083,96960.586098,enabled
1782984927.818,2026-07-02 09:35:27.819,os_log_bytes_written,134114588672,134114588672,53552027.585973,enabled
1782984927.818,2026-07-02 09:35:27.819,os_log_fsyncs,53311213,53311213,21287.196089,enabled
1782984927.818,2026-07-02 09:35:27.819,os_log_pending_fsyncs,0,0,0.000000,enabled
1782984927.818,2026-07-02 09:35:27.819,os_log_pending_writes,0,0,0.000000,enabled
1782984927.818,2026-07-02 09:35:27.819,trx_rseg_history_len,976,976,0.000000,enabled
1782984928.891,2026-07-02 09:35:28.893,adaptive_hash_searches,0,0,0.000000,enabled
1782984928.891,2026-07-02 09:35:28.893,adaptive_hash_searches_btree,627641956,627641956,250510.504861,enabled
1782984928.891,2026-07-02 09:35:28.893,buffer_data_reads,1405049047552,1405049047552,560796781.621618,enabled
1782984928.891,2026-07-02 09:35:28.893,buffer_data_written,636298203648,636298203648,253965500.428879,enabled
1782984928.891,2026-07-02 09:35:28.893,buffer_pages0_read,7,7,0.002794,enabled
1782984928.891,2026-07-02 09:35:28.893,buffer_pages_created,1820310,1820310,726.539761,enabled
1782984928.891,2026-07-02 09:35:28.893,buffer_pages_read,85999185,85999185,34324.827557,enabled
1782984928.891,2026-07-02 09:35:28.893,buffer_pages_written,28410201,28410201,11339.354595,enabled
1782984928.891,2026-07-02 09:35:28.893,buffer_pool_bytes_data,12856262656,12856262656,0.000000,enabled
1782984928.891,2026-07-02 09:35:28.893,buffer_pool_bytes_dirty,4632002560,4632002560,0.000000,enabled
1782984928.891,2026-07-02 09:35:28.893,buffer_pool_pages_data,784683,784683,0.000000,enabled
1782984928.891,2026-07-02 09:35:28.893,buffer_pool_pages_dirty,282715,282715,0.000000,enabled
1782984928.891,2026-07-02 09:35:28.893,buffer_pool_pages_flushed,28353131,28353131,0.000000,enabled
1782984928.891,2026-07-02 09:35:28.893,buffer_pool_pages_free,1652,1652,0.000000,enabled
1782984928.891,2026-07-02 09:35:28.893,buffer_pool_pages_lru_flushed,0,0,0.000000,enabled
1782984928.891,2026-07-02 09:35:28.893,buffer_pool_pages_misc,97,97,0.000000,enabled
1782984928.891,2026-07-02 09:35:28.893,buffer_pool_pages_total,786432,786432,0.000000,enabled
1782984928.891,2026-07-02 09:35:28.893,buffer_pool_reads,85091383,85091383,33962.498007,enabled
1782984928.891,2026-07-02 09:35:28.893,buffer_pool_read_ahead,803715,803715,320.786522,enabled
1782984928.891,2026-07-02 09:35:28.893,buffer_pool_read_ahead_evicted,25,25,0.009978,enabled
1782984928.891,2026-07-02 09:35:28.893,buffer_pool_read_requests,3027168323,3027168323,1208232.772519,enabled
1782984928.891,2026-07-02 09:35:28.893,buffer_pool_size,12884901888,12884901888,0.000000,enabled
1782984928.891,2026-07-02 09:35:28.893,buffer_pool_wait_free,18945,18945,7.561512,enabled
1782984928.891,2026-07-02 09:35:28.893,buffer_pool_write_requests,625426734,625426734,249626.382031,enabled
1782984928.891,2026-07-02 09:35:28.893,dml_deletes,13999438,13999438,5587.590428,enabled
1782984928.891,2026-07-02 09:35:28.893,dml_inserts,113884845,113884845,45454.815427,enabled
1782984928.891,2026-07-02 09:35:28.893,dml_system_deletes,468,468,0.186793,enabled
1782984928.891,2026-07-02 09:35:28.893,dml_system_inserts,1202,1202,0.479754,enabled
1782984928.891,2026-07-02 09:35:28.893,dml_system_reads,7661,7661,3.057732,enabled
1782984928.891,2026-07-02 09:35:28.893,dml_system_updates,620,620,0.247460,enabled
1782984928.891,2026-07-02 09:35:28.893,dml_updates,27999001,27999001,11175.230738,enabled
1782984928.891,2026-07-02 09:35:28.893,file_num_open_files,35,35,0.000000,enabled
1782984928.891,2026-07-02 09:35:28.893,ibuf_merges,0,0,0.000000,enabled
1782984928.891,2026-07-02 09:35:28.893,ibuf_merges_delete,0,0,0.000000,enabled
1782984928.891,2026-07-02 09:35:28.893,ibuf_merges_delete_mark,0,0,0.000000,enabled
1782984928.891,2026-07-02 09:35:28.893,ibuf_merges_discard_delete,0,0,0.000000,enabled
1782984928.891,2026-07-02 09:35:28.893,ibuf_merges_discard_delete_mark,0,0,0.000000,enabled
1782984928.891,2026-07-02 09:35:28.893,ibuf_merges_discard_insert,0,0,0.000000,enabled
1782984928.891,2026-07-02 09:35:28.893,ibuf_merges_insert,0,0,0.000000,enabled
1782984928.891,2026-07-02 09:35:28.893,ibuf_size,1,1,0.000399,enabled
1782984928.891,2026-07-02 09:35:28.893,innodb_activity_count,18992717,18992717,7580.556117,enabled
1782984928.891,2026-07-02 09:35:28.893,innodb_dblwr_pages_written,28350701,28350701,11315.604741,enabled
1782984928.891,2026-07-02 09:35:28.893,innodb_dblwr_writes,586082,586082,233.922691,enabled
1782984928.891,2026-07-02 09:35:28.893,innodb_page_size,16384,16384,0.000000,enabled
1782984928.891,2026-07-02 09:35:28.893,innodb_rwlock_sx_os_waits,0,0,0.000000,enabled
1782984928.891,2026-07-02 09:35:28.893,innodb_rwlock_sx_spin_rounds,0,0,0.000000,enabled
1782984928.891,2026-07-02 09:35:28.893,innodb_rwlock_sx_spin_waits,0,0,0.000000,enabled
1782984928.891,2026-07-02 09:35:28.893,innodb_rwlock_s_os_waits,0,0,0.000000,enabled
1782984928.891,2026-07-02 09:35:28.893,innodb_rwlock_s_spin_rounds,0,0,0.000000,enabled
1782984928.891,2026-07-02 09:35:28.893,innodb_rwlock_s_spin_waits,0,0,0.000000,enabled
1782984928.891,2026-07-02 09:35:28.893,innodb_rwlock_x_os_waits,0,0,0.000000,enabled
1782984928.891,2026-07-02 09:35:28.893,innodb_rwlock_x_spin_rounds,0,0,0.000000,enabled
1782984928.891,2026-07-02 09:35:28.893,innodb_rwlock_x_spin_waits,0,0,0.000000,enabled
1782984928.891,2026-07-02 09:35:28.893,lock_deadlocks,0,0,0.000000,enabled
1782984928.891,2026-07-02 09:35:28.893,lock_deadlock_false_positives,0,0,0.000000,enabled
1782984928.891,2026-07-02 09:35:28.893,lock_deadlock_rounds,2742,2742,1.094414,enabled
1782984928.891,2026-07-02 09:35:28.893,lock_rec_grant_attempts,425,425,0.169630,enabled
1782984928.891,2026-07-02 09:35:28.893,lock_rec_release_attempts,42551348,42551348,16983.506866,enabled
1782984928.891,2026-07-02 09:35:28.893,lock_row_lock_current_waits,0,0,0.000000,enabled
1782984928.891,2026-07-02 09:35:28.893,lock_row_lock_time,323,323,0.128919,enabled
1782984928.891,2026-07-02 09:35:28.893,lock_row_lock_time_avg,0,0,0.000000,enabled
1782984928.891,2026-07-02 09:35:28.893,lock_row_lock_time_max,29,29,0.000000,enabled
1782984928.891,2026-07-02 09:35:28.893,lock_row_lock_waits,425,425,0.169630,enabled
1782984928.891,2026-07-02 09:35:28.893,lock_schedule_refreshes,2742,2742,1.094414,enabled
1782984928.891,2026-07-02 09:35:28.893,lock_threads_waiting,0,0,0.000000,enabled
1782984928.891,2026-07-02 09:35:28.893,lock_timeouts,0,0,0.000000,enabled
1782984928.891,2026-07-02 09:35:28.893,log_waits,0,0,0.000000,enabled
1782984928.891,2026-07-02 09:35:28.893,log_writes,213672732,213672732,85283.122194,enabled
1782984928.891,2026-07-02 09:35:28.893,log_write_requests,422691943,422691943,168708.886307,enabled
1782984928.891,2026-07-02 09:35:28.893,os_data_fsyncs,61129707,61129707,24398.679118,enabled
1782984928.891,2026-07-02 09:35:28.893,os_data_reads,86056188,86056188,34347.577037,enabled
1782984928.891,2026-07-02 09:35:28.893,os_data_writes,242917934,242917934,96955.752280,enabled
1782984928.891,2026-07-02 09:35:28.893,os_log_bytes_written,134154156032,134154156032,53544902.475780,enabled
1782984928.891,2026-07-02 09:35:28.893,os_log_fsyncs,53336982,53336982,21288.371394,enabled
1782984928.891,2026-07-02 09:35:28.893,os_log_pending_fsyncs,1,1,0.000399,enabled
1782984928.891,2026-07-02 09:35:28.893,os_log_pending_writes,1,1,0.000399,enabled
1782984928.891,2026-07-02 09:35:28.893,trx_rseg_history_len,873,873,0.000000,enabled
1782984929.963,2026-07-02 09:35:29.965,adaptive_hash_searches,0,0,0.000000,enabled
1782984929.963,2026-07-02 09:35:29.965,adaptive_hash_searches_btree,627808957,627808957,250469.963572,enabled
1782984929.963,2026-07-02 09:35:29.965,buffer_data_reads,1405976545792,1405976545792,560926900.777866,enabled
1782984929.963,2026-07-02 09:35:29.965,buffer_data_written,636609674240,636609674240,253981115.382160,enabled
1782984929.963,2026-07-02 09:35:29.965,buffer_pages0_read,7,7,0.002793,enabled
1782984929.963,2026-07-02 09:35:29.965,buffer_pages_created,1820338,1820338,726.240110,enabled
1782984929.963,2026-07-02 09:35:29.965,buffer_pages_read,86055972,86055972,34332.798719,enabled
1782984929.963,2026-07-02 09:35:29.965,buffer_pages_written,28426307,28426307,11340.929130,enabled
1782984929.963,2026-07-02 09:35:29.965,buffer_pool_bytes_data,12856672256,12856672256,0.000000,enabled
1782984929.963,2026-07-02 09:35:29.965,buffer_pool_bytes_dirty,4633886720,4633886720,0.000000,enabled
1782984929.963,2026-07-02 09:35:29.965,buffer_pool_pages_data,784709,784709,0.000000,enabled
1782984929.963,2026-07-02 09:35:29.965,buffer_pool_pages_dirty,282830,282830,0.000000,enabled
1782984929.963,2026-07-02 09:35:29.965,buffer_pool_pages_flushed,28369237,28369237,0.000000,enabled
1782984929.963,2026-07-02 09:35:29.965,buffer_pool_pages_free,1626,1626,0.000000,enabled
1782984929.963,2026-07-02 09:35:29.965,buffer_pool_pages_lru_flushed,0,0,0.000000,enabled
1782984929.963,2026-07-02 09:35:29.965,buffer_pool_pages_misc,96,96,0.000000,enabled
1782984929.963,2026-07-02 09:35:29.965,buffer_pool_pages_total,786432,786432,0.000000,enabled
1782984929.963,2026-07-02 09:35:29.965,buffer_pool_reads,85148127,85148127,33970.606945,enabled
1782984929.963,2026-07-02 09:35:29.965,buffer_pool_read_ahead,803715,803715,320.649286,enabled
1782984929.963,2026-07-02 09:35:29.965,buffer_pool_read_ahead_evicted,25,25,0.009974,enabled
1782984929.963,2026-07-02 09:35:29.965,buffer_pool_read_requests,3027995320,3027995320,1208045.813438,enabled
1782984929.963,2026-07-02 09:35:29.965,buffer_pool_size,12884901888,12884901888,0.000000,enabled
1782984929.963,2026-07-02 09:35:29.965,buffer_pool_wait_free,18945,18945,7.558277,enabled
1782984929.963,2026-07-02 09:35:29.965,buffer_pool_write_requests,625538298,625538298,249564.098225,enabled
1782984929.963,2026-07-02 09:35:29.965,dml_deletes,14004271,14004271,5587.128258,enabled
1782984929.963,2026-07-02 09:35:29.965,dml_inserts,113889678,113889678,45437.298297,enabled
1782984929.963,2026-07-02 09:35:29.965,dml_system_deletes,468,468,0.186713,enabled
1782984929.963,2026-07-02 09:35:29.965,dml_system_inserts,1202,1202,0.479549,enabled
1782984929.963,2026-07-02 09:35:29.965,dml_system_reads,7661,7661,3.056424,enabled
1782984929.963,2026-07-02 09:35:29.965,dml_system_updates,620,620,0.247355,enabled
1782984929.963,2026-07-02 09:35:29.965,dml_updates,28008674,28008674,11174.309170,enabled
1782984929.963,2026-07-02 09:35:29.965,file_num_open_files,35,35,0.000000,enabled
1782984929.963,2026-07-02 09:35:29.965,ibuf_merges,0,0,0.000000,enabled
1782984929.963,2026-07-02 09:35:29.965,ibuf_merges_delete,0,0,0.000000,enabled
1782984929.963,2026-07-02 09:35:29.965,ibuf_merges_delete_mark,0,0,0.000000,enabled
1782984929.963,2026-07-02 09:35:29.965,ibuf_merges_discard_delete,0,0,0.000000,enabled
1782984929.963,2026-07-02 09:35:29.965,ibuf_merges_discard_delete_mark,0,0,0.000000,enabled
1782984929.963,2026-07-02 09:35:29.965,ibuf_merges_discard_insert,0,0,0.000000,enabled
1782984929.963,2026-07-02 09:35:29.965,ibuf_merges_insert,0,0,0.000000,enabled
1782984929.963,2026-07-02 09:35:29.965,ibuf_size,1,1,0.000399,enabled
1782984929.963,2026-07-02 09:35:29.965,innodb_activity_count,18998269,18998269,7579.528203,enabled
1782984929.963,2026-07-02 09:35:29.965,innodb_dblwr_pages_written,28366807,28366807,11317.189607,enabled
1782984929.963,2026-07-02 09:35:29.965,innodb_dblwr_writes,586448,586448,233.968639,enabled
1782984929.963,2026-07-02 09:35:29.965,innodb_page_size,16384,16384,0.000000,enabled
1782984929.963,2026-07-02 09:35:29.965,innodb_rwlock_sx_os_waits,0,0,0.000000,enabled
1782984929.963,2026-07-02 09:35:29.965,innodb_rwlock_sx_spin_rounds,0,0,0.000000,enabled
1782984929.963,2026-07-02 09:35:29.965,innodb_rwlock_sx_spin_waits,0,0,0.000000,enabled
1782984929.963,2026-07-02 09:35:29.965,innodb_rwlock_s_os_waits,0,0,0.000000,enabled
1782984929.963,2026-07-02 09:35:29.965,innodb_rwlock_s_spin_rounds,0,0,0.000000,enabled
1782984929.963,2026-07-02 09:35:29.965,innodb_rwlock_s_spin_waits,0,0,0.000000,enabled
1782984929.963,2026-07-02 09:35:29.965,innodb_rwlock_x_os_waits,0,0,0.000000,enabled
1782984929.963,2026-07-02 09:35:29.965,innodb_rwlock_x_spin_rounds,0,0,0.000000,enabled
1782984929.963,2026-07-02 09:35:29.965,innodb_rwlock_x_spin_waits,0,0,0.000000,enabled
1782984929.963,2026-07-02 09:35:29.965,lock_deadlocks,0,0,0.000000,enabled
1782984929.963,2026-07-02 09:35:29.965,lock_deadlock_false_positives,0,0,0.000000,enabled
1782984929.963,2026-07-02 09:35:29.965,lock_deadlock_rounds,2743,2743,1.094344,enabled
1782984929.963,2026-07-02 09:35:29.965,lock_rec_grant_attempts,425,425,0.169558,enabled
1782984929.963,2026-07-02 09:35:29.965,lock_rec_release_attempts,42566042,42566042,16982.103399,enabled
1782984929.963,2026-07-02 09:35:29.965,lock_row_lock_current_waits,0,0,0.000000,enabled
1782984929.963,2026-07-02 09:35:29.965,lock_row_lock_time,323,323,0.128864,enabled
1782984929.963,2026-07-02 09:35:29.965,lock_row_lock_time_avg,0,0,0.000000,enabled
1782984929.963,2026-07-02 09:35:29.965,lock_row_lock_time_max,29,29,0.000000,enabled
1782984929.963,2026-07-02 09:35:29.965,lock_row_lock_waits,425,425,0.169558,enabled
1782984929.963,2026-07-02 09:35:29.965,lock_schedule_refreshes,2743,2743,1.094344,enabled
1782984929.963,2026-07-02 09:35:29.965,lock_threads_waiting,0,0,0.000000,enabled
1782984929.963,2026-07-02 09:35:29.965,lock_timeouts,0,0,0.000000,enabled
1782984929.963,2026-07-02 09:35:29.965,log_waits,0,0,0.000000,enabled
1782984929.963,2026-07-02 09:35:29.965,log_writes,213752380,213752380,85278.414195,enabled
1782984929.963,2026-07-02 09:35:29.965,log_write_requests,422774045,422774045,168669.467650,enabled
1782984929.963,2026-07-02 09:35:29.965,os_data_fsyncs,61163664,61163664,24401.788660,enabled
1782984929.963,2026-07-02 09:35:29.965,os_data_reads,86112815,86112815,34355.474777,enabled
1782984929.963,2026-07-02 09:35:29.965,os_data_writes,243013996,243013996,96952.598785,enabled
1782984929.963,2026-07-02 09:35:29.965,os_log_bytes_written,134195673600,134195673600,53538559.445396,enabled
1782984929.963,2026-07-02 09:35:29.965,os_log_fsyncs,53366015,53366015,21290.847073,enabled
1782984929.963,2026-07-02 09:35:29.965,os_log_pending_fsyncs,0,0,0.000000,enabled
1782984929.963,2026-07-02 09:35:29.965,os_log_pending_writes,0,0,0.000000,enabled
1782984929.963,2026-07-02 09:35:29.965,trx_rseg_history_len,910,910,0.000000,enabled
1782984931.035,2026-07-02 09:35:31.037,adaptive_hash_searches,0,0,0.000000,enabled
1782984931.035,2026-07-02 09:35:31.037,adaptive_hash_searches_btree,627977861,627977861,250430.001085,enabled
1782984931.035,2026-07-02 09:35:31.037,buffer_data_reads,1406909991424,1406909991424,561058814.292720,enabled
1782984931.035,2026-07-02 09:35:31.037,buffer_data_written,636920827392,636920827392,253996379.360083,enabled
1782984931.035,2026-07-02 09:35:31.037,buffer_pages0_read,7,7,0.002792,enabled
1782984931.035,2026-07-02 09:35:31.037,buffer_pages_created,1820363,1820363,725.938916,enabled
1782984931.035,2026-07-02 09:35:31.037,buffer_pages_read,86113113,86113113,34340.875712,enabled
1782984931.035,2026-07-02 09:35:31.037,buffer_pages_written,28442382,28442382,11342.480536,enabled
1782984931.035,2026-07-02 09:35:31.037,buffer_pool_bytes_data,12854329344,12854329344,0.000000,enabled
1782984931.035,2026-07-02 09:35:31.037,buffer_pool_bytes_dirty,4639129600,4639129600,0.000000,enabled
1782984931.035,2026-07-02 09:35:31.037,buffer_pool_pages_data,784566,784566,0.000000,enabled
1782984931.035,2026-07-02 09:35:31.037,buffer_pool_pages_dirty,283150,283150,0.000000,enabled
1782984931.035,2026-07-02 09:35:31.037,buffer_pool_pages_flushed,28385312,28385312,0.000000,enabled
1782984931.035,2026-07-02 09:35:31.037,buffer_pool_pages_free,1766,1766,0.000000,enabled
1782984931.035,2026-07-02 09:35:31.037,buffer_pool_pages_lru_flushed,0,0,0.000000,enabled
1782984931.035,2026-07-02 09:35:31.037,buffer_pool_pages_misc,96,96,0.000000,enabled
1782984931.035,2026-07-02 09:35:31.037,buffer_pool_pages_total,786432,786432,0.000000,enabled
1782984931.035,2026-07-02 09:35:31.037,buffer_pool_reads,85205210,85205210,33978.816115,enabled
1782984931.035,2026-07-02 09:35:31.037,buffer_pool_read_ahead,803715,803715,320.511902,enabled
1782984931.035,2026-07-02 09:35:31.037,buffer_pool_read_ahead_evicted,25,25,0.009970,enabled
1782984931.035,2026-07-02 09:35:31.037,buffer_pool_read_requests,3028831675,3028831675,1207861.748063,enabled
1782984931.035,2026-07-02 09:35:31.037,buffer_pool_size,12884901888,12884901888,0.000000,enabled
1782984931.035,2026-07-02 09:35:31.037,buffer_pool_wait_free,18945,18945,7.555039,enabled
1782984931.035,2026-07-02 09:35:31.037,buffer_pool_write_requests,625651628,625651628,249502.365782,enabled
1782984931.035,2026-07-02 09:35:31.037,dml_deletes,14009158,14009158,5586.683160,enabled
1782984931.035,2026-07-02 09:35:31.037,dml_inserts,113894564,113894564,45419.777791,enabled
1782984931.035,2026-07-02 09:35:31.037,dml_system_deletes,468,468,0.186633,enabled
1782984931.035,2026-07-02 09:35:31.037,dml_system_inserts,1202,1202,0.479343,enabled
1782984931.035,2026-07-02 09:35:31.037,dml_system_reads,7661,7661,3.055114,enabled
1782984931.035,2026-07-02 09:35:31.037,dml_system_updates,620,620,0.247249,enabled
1782984931.035,2026-07-02 09:35:31.037,dml_updates,28018439,28018439,11173.415361,enabled
1782984931.035,2026-07-02 09:35:31.037,file_num_open_files,35,35,0.000000,enabled
1782984931.035,2026-07-02 09:35:31.037,ibuf_merges,0,0,0.000000,enabled
1782984931.035,2026-07-02 09:35:31.037,ibuf_merges_delete,0,0,0.000000,enabled
1782984931.035,2026-07-02 09:35:31.037,ibuf_merges_delete_mark,0,0,0.000000,enabled
1782984931.035,2026-07-02 09:35:31.037,ibuf_merges_discard_delete,0,0,0.000000,enabled
1782984931.035,2026-07-02 09:35:31.037,ibuf_merges_discard_delete_mark,0,0,0.000000,enabled
1782984931.035,2026-07-02 09:35:31.037,ibuf_merges_discard_insert,0,0,0.000000,enabled
1782984931.035,2026-07-02 09:35:31.037,ibuf_merges_insert,0,0,0.000000,enabled
1782984931.035,2026-07-02 09:35:31.037,ibuf_size,1,1,0.000399,enabled
1782984931.035,2026-07-02 09:35:31.037,innodb_activity_count,19003886,19003886,7578.520549,enabled
1782984931.035,2026-07-02 09:35:31.037,innodb_dblwr_pages_written,28382882,28382882,11318.750962,enabled
1782984931.035,2026-07-02 09:35:31.037,innodb_dblwr_writes,586830,586830,234.020725,enabled
1782984931.035,2026-07-02 09:35:31.037,innodb_page_size,16384,16384,0.000000,enabled
1782984931.035,2026-07-02 09:35:31.037,innodb_rwlock_sx_os_waits,0,0,0.000000,enabled
1782984931.035,2026-07-02 09:35:31.037,innodb_rwlock_sx_spin_rounds,0,0,0.000000,enabled
1782984931.035,2026-07-02 09:35:31.037,innodb_rwlock_sx_spin_waits,0,0,0.000000,enabled
1782984931.035,2026-07-02 09:35:31.037,innodb_rwlock_s_os_waits,0,0,0.000000,enabled
1782984931.035,2026-07-02 09:35:31.037,innodb_rwlock_s_spin_rounds,0,0,0.000000,enabled
1782984931.035,2026-07-02 09:35:31.037,innodb_rwlock_s_spin_waits,0,0,0.000000,enabled
1782984931.035,2026-07-02 09:35:31.037,innodb_rwlock_x_os_waits,0,0,0.000000,enabled
1782984931.035,2026-07-02 09:35:31.037,innodb_rwlock_x_spin_rounds,0,0,0.000000,enabled
1782984931.035,2026-07-02 09:35:31.037,innodb_rwlock_x_spin_waits,0,0,0.000000,enabled
1782984931.035,2026-07-02 09:35:31.037,lock_deadlocks,0,0,0.000000,enabled
1782984931.035,2026-07-02 09:35:31.037,lock_deadlock_false_positives,0,0,0.000000,enabled
1782984931.035,2026-07-02 09:35:31.037,lock_deadlock_rounds,2744,2744,1.094274,enabled
1782984931.035,2026-07-02 09:35:31.037,lock_rec_grant_attempts,425,425,0.169485,enabled
1782984931.035,2026-07-02 09:35:31.037,lock_rec_release_attempts,42580890,42580890,16980.748571,enabled
1782984931.035,2026-07-02 09:35:31.037,lock_row_lock_current_waits,0,0,0.000000,enabled
1782984931.035,2026-07-02 09:35:31.037,lock_row_lock_time,323,323,0.128809,enabled
1782984931.035,2026-07-02 09:35:31.037,lock_row_lock_time_avg,0,0,0.000000,enabled
1782984931.035,2026-07-02 09:35:31.037,lock_row_lock_time_max,29,29,0.000000,enabled
1782984931.035,2026-07-02 09:35:31.037,lock_row_lock_waits,425,425,0.169485,enabled
1782984931.035,2026-07-02 09:35:31.037,lock_schedule_refreshes,2744,2744,1.094274,enabled
1782984931.035,2026-07-02 09:35:31.037,lock_threads_waiting,0,0,0.000000,enabled
1782984931.035,2026-07-02 09:35:31.037,lock_timeouts,0,0,0.000000,enabled
1782984931.035,2026-07-02 09:35:31.037,log_waits,0,0,0.000000,enabled
1782984931.035,2026-07-02 09:35:31.037,log_writes,213832576,213832576,85273.856642,enabled
1782984931.035,2026-07-02 09:35:31.037,log_write_requests,422857066,422857066,168630.306590,enabled
1782984931.035,2026-07-02 09:35:31.037,os_data_fsyncs,61197907,61197907,24404.989216,enabled
1782984931.035,2026-07-02 09:35:31.037,os_data_reads,86169783,86169783,34363.473044,enabled
1782984931.035,2026-07-02 09:35:31.037,os_data_writes,243110547,243110547,96949.562045,enabled
1782984931.035,2026-07-02 09:35:31.037,os_log_bytes_written,134237451776,134237451776,53532281.048571,enabled
1782984931.035,2026-07-02 09:35:31.037,os_log_fsyncs,53395213,53395213,21293.368648,enabled
1782984931.035,2026-07-02 09:35:31.037,os_log_pending_fsyncs,1,1,0.000399,enabled
1782984931.035,2026-07-02 09:35:31.037,os_log_pending_writes,0,0,0.000000,enabled
1782984931.035,2026-07-02 09:35:31.037,trx_rseg_history_len,977,977,0.000000,enabled
1782984932.110,2026-07-02 09:35:32.111,adaptive_hash_searches,0,0,0.000000,enabled
1782984932.110,2026-07-02 09:35:32.111,adaptive_hash_searches_btree,628145541,628145541,250389.903563,enabled
1782984932.110,2026-07-02 09:35:32.111,buffer_data_reads,1407841815040,1407841815040,561190670.037522,enabled
1782984932.110,2026-07-02 09:35:32.111,buffer_data_written,637232900096,637232900096,254012314.526912,enabled
1782984932.110,2026-07-02 09:35:32.111,buffer_pages0_read,7,7,0.002790,enabled
1782984932.110,2026-07-02 09:35:32.111,buffer_pages_created,1820396,1820396,725.642077,enabled
1782984932.110,2026-07-02 09:35:32.111,buffer_pages_read,86170148,86170148,34348.946495,enabled
1782984932.110,2026-07-02 09:35:32.111,buffer_pages_written,28458506,28458506,11344.064342,enabled
1782984932.110,2026-07-02 09:35:32.111,buffer_pool_bytes_data,12848431104,12848431104,0.000000,enabled
1782984932.110,2026-07-02 09:35:32.111,buffer_pool_bytes_dirty,4641521664,4641521664,0.000000,enabled
1782984932.110,2026-07-02 09:35:32.111,buffer_pool_pages_data,784206,784206,0.000000,enabled
1782984932.110,2026-07-02 09:35:32.111,buffer_pool_pages_dirty,283296,283296,0.000000,enabled
1782984932.110,2026-07-02 09:35:32.111,buffer_pool_pages_flushed,28401436,28401436,0.000000,enabled
1782984932.110,2026-07-02 09:35:32.111,buffer_pool_pages_free,2129,2129,0.000000,enabled
1782984932.110,2026-07-02 09:35:32.111,buffer_pool_pages_lru_flushed,0,0,0.000000,enabled
1782984932.110,2026-07-02 09:35:32.111,buffer_pool_pages_misc,96,96,0.000000,enabled
1782984932.110,2026-07-02 09:35:32.111,buffer_pool_pages_total,786432,786432,0.000000,enabled
1782984932.110,2026-07-02 09:35:32.111,buffer_pool_reads,85262187,85262187,33987.018279,enabled
1782984932.110,2026-07-02 09:35:32.111,buffer_pool_read_ahead,803715,803715,320.375035,enabled
1782984932.110,2026-07-02 09:35:32.111,buffer_pool_read_ahead_evicted,25,25,0.009965,enabled
1782984932.110,2026-07-02 09:35:32.111,buffer_pool_read_requests,3029662404,3029662404,1207677.102373,enabled
1782984932.110,2026-07-02 09:35:32.111,buffer_pool_size,12884901888,12884901888,0.000000,enabled
1782984932.110,2026-07-02 09:35:32.111,buffer_pool_wait_free,18945,18945,7.551813,enabled
1782984932.110,2026-07-02 09:35:32.111,buffer_pool_write_requests,625764310,625764310,249440.738691,enabled
1782984932.110,2026-07-02 09:35:32.111,dml_deletes,14014003,14014003,5586.228892,enabled
1782984932.110,2026-07-02 09:35:32.111,dml_inserts,113899409,113899409,45402.314378,enabled
1782984932.110,2026-07-02 09:35:32.111,dml_system_deletes,468,468,0.186553,enabled
1782984932.110,2026-07-02 09:35:32.111,dml_system_inserts,1202,1202,0.479138,enabled
1782984932.110,2026-07-02 09:35:32.111,dml_system_reads,7661,7661,3.053810,enabled
1782984932.110,2026-07-02 09:35:32.111,dml_system_updates,620,620,0.247143,enabled
1782984932.110,2026-07-02 09:35:32.111,dml_updates,28028136,28028136,11172.509593,enabled
1782984932.110,2026-07-02 09:35:32.111,file_num_open_files,35,35,0.000000,enabled
1782984932.110,2026-07-02 09:35:32.111,ibuf_merges,0,0,0.000000,enabled
1782984932.110,2026-07-02 09:35:32.111,ibuf_merges_delete,0,0,0.000000,enabled
1782984932.110,2026-07-02 09:35:32.111,ibuf_merges_delete_mark,0,0,0.000000,enabled
1782984932.110,2026-07-02 09:35:32.111,ibuf_merges_discard_delete,0,0,0.000000,enabled
1782984932.110,2026-07-02 09:35:32.111,ibuf_merges_discard_delete_mark,0,0,0.000000,enabled
1782984932.110,2026-07-02 09:35:32.111,ibuf_merges_discard_insert,0,0,0.000000,enabled
1782984932.110,2026-07-02 09:35:32.111,ibuf_merges_insert,0,0,0.000000,enabled
1782984932.110,2026-07-02 09:35:32.111,ibuf_size,1,1,0.000399,enabled
1782984932.110,2026-07-02 09:35:32.111,innodb_activity_count,19009454,19009454,7577.503922,enabled
1782984932.110,2026-07-02 09:35:32.111,innodb_dblwr_pages_written,28399006,28399006,11320.345027,enabled
1782984932.110,2026-07-02 09:35:32.111,innodb_dblwr_writes,587191,587191,234.064697,enabled
1782984932.110,2026-07-02 09:35:32.111,innodb_page_size,16384,16384,0.000000,enabled
1782984932.110,2026-07-02 09:35:32.111,innodb_rwlock_sx_os_waits,0,0,0.000000,enabled
1782984932.110,2026-07-02 09:35:32.111,innodb_rwlock_sx_spin_rounds,0,0,0.000000,enabled
1782984932.110,2026-07-02 09:35:32.111,innodb_rwlock_sx_spin_waits,0,0,0.000000,enabled
1782984932.110,2026-07-02 09:35:32.111,innodb_rwlock_s_os_waits,0,0,0.000000,enabled
1782984932.110,2026-07-02 09:35:32.111,innodb_rwlock_s_spin_rounds,0,0,0.000000,enabled
1782984932.110,2026-07-02 09:35:32.111,innodb_rwlock_s_spin_waits,0,0,0.000000,enabled
1782984932.110,2026-07-02 09:35:32.111,innodb_rwlock_x_os_waits,0,0,0.000000,enabled
1782984932.110,2026-07-02 09:35:32.111,innodb_rwlock_x_spin_rounds,0,0,0.000000,enabled
1782984932.110,2026-07-02 09:35:32.111,innodb_rwlock_x_spin_waits,0,0,0.000000,enabled
1782984932.110,2026-07-02 09:35:32.111,lock_deadlocks,0,0,0.000000,enabled
1782984932.110,2026-07-02 09:35:32.111,lock_deadlock_false_positives,0,0,0.000000,enabled
1782984932.110,2026-07-02 09:35:32.111,lock_deadlock_rounds,2745,2745,1.094206,enabled
1782984932.110,2026-07-02 09:35:32.111,lock_rec_grant_attempts,425,425,0.169413,enabled
1782984932.110,2026-07-02 09:35:32.111,lock_rec_release_attempts,42595641,42595641,16979.377297,enabled
1782984932.110,2026-07-02 09:35:32.111,lock_row_lock_current_waits,0,0,0.000000,enabled
1782984932.110,2026-07-02 09:35:32.111,lock_row_lock_time,323,323,0.128754,enabled
1782984932.110,2026-07-02 09:35:32.111,lock_row_lock_time_avg,0,0,0.000000,enabled
1782984932.110,2026-07-02 09:35:32.111,lock_row_lock_time_max,29,29,0.000000,enabled
1782984932.110,2026-07-02 09:35:32.111,lock_row_lock_waits,425,425,0.169413,enabled
1782984932.110,2026-07-02 09:35:32.111,lock_schedule_refreshes,2745,2745,1.094206,enabled
1782984932.110,2026-07-02 09:35:32.111,lock_threads_waiting,0,0,0.000000,enabled
1782984932.110,2026-07-02 09:35:32.111,lock_timeouts,0,0,0.000000,enabled
1782984932.110,2026-07-02 09:35:32.111,log_waits,0,0,0.000000,enabled
1782984932.110,2026-07-02 09:35:32.111,log_writes,213912965,213912965,85269.487393,enabled
1782984932.110,2026-07-02 09:35:32.111,log_write_requests,422939526,422939526,168591.167931,enabled
1782984932.110,2026-07-02 09:35:32.111,os_data_fsyncs,61232030,61232030,24408.169754,enabled
1782984932.110,2026-07-02 09:35:32.111,os_data_reads,86226661,86226661,34371.471624,enabled
1782984932.110,2026-07-02 09:35:32.111,os_data_writes,243207333,243207333,96946.742962,enabled
1782984932.110,2026-07-02 09:35:32.111,os_log_bytes_written,134279415808,134279415808,53526149.129676,enabled
1782984932.110,2026-07-02 09:35:32.111,os_log_fsyncs,53424385,53424385,21295.904360,enabled
1782984932.110,2026-07-02 09:35:32.111,os_log_pending_fsyncs,0,0,0.000000,enabled
1782984932.110,2026-07-02 09:35:32.111,os_log_pending_writes,0,0,0.000000,enabled
1782984932.110,2026-07-02 09:35:32.111,trx_rseg_history_len,1005,1005,0.000000,enabled
1782984933.182,2026-07-02 09:35:33.183,adaptive_hash_searches,0,0,0.000000,enabled
1782984933.182,2026-07-02 09:35:33.183,adaptive_hash_searches_btree,628314325,628314325,250350.121049,enabled
1782984933.182,2026-07-02 09:35:33.183,buffer_data_reads,1408778144256,1408778144256,561323849.998502,enabled
1782984933.182,2026-07-02 09:35:33.183,buffer_data_written,637544442880,637544442880,254027862.683091,enabled
1782984933.182,2026-07-02 09:35:33.183,buffer_pages0_read,7,7,0.002789,enabled
1782984933.182,2026-07-02 09:35:33.183,buffer_pages_created,1820430,1820430,725.345427,enabled
1782984933.182,2026-07-02 09:35:33.183,buffer_pages_read,86227459,86227459,34357.098409,enabled
1782984933.182,2026-07-02 09:35:33.183,buffer_pages_written,28474599,28474599,11345.627189,enabled
1782984933.182,2026-07-02 09:35:33.183,buffer_pool_bytes_data,12856868864,12856868864,0.000000,enabled
1782984933.182,2026-07-02 09:35:33.183,buffer_pool_bytes_dirty,4648075264,4648075264,0.000000,enabled
1782984933.182,2026-07-02 09:35:33.183,buffer_pool_pages_data,784721,784721,0.000000,enabled
1782984933.182,2026-07-02 09:35:33.183,buffer_pool_pages_dirty,283696,283696,0.000000,enabled
1782984933.182,2026-07-02 09:35:33.183,buffer_pool_pages_flushed,28417529,28417529,0.000000,enabled
1782984933.182,2026-07-02 09:35:33.183,buffer_pool_pages_free,1615,1615,0.000000,enabled
1782984933.182,2026-07-02 09:35:33.183,buffer_pool_pages_lru_flushed,0,0,0.000000,enabled
1782984933.182,2026-07-02 09:35:33.183,buffer_pool_pages_misc,96,96,0.000000,enabled
1782984933.182,2026-07-02 09:35:33.183,buffer_pool_pages_total,786432,786432,0.000000,enabled
1782984933.182,2026-07-02 09:35:33.183,buffer_pool_reads,85319446,85319446,33995.304157,enabled
1782984933.182,2026-07-02 09:35:33.183,buffer_pool_read_ahead,803715,803715,320.238081,enabled
1782984933.182,2026-07-02 09:35:33.183,buffer_pool_read_ahead_evicted,25,25,0.009961,enabled
1782984933.182,2026-07-02 09:35:33.183,buffer_pool_read_requests,3030498221,3030498221,1207493.872944,enabled
1782984933.182,2026-07-02 09:35:33.183,buffer_pool_size,12884901888,12884901888,0.000000,enabled
1782984933.182,2026-07-02 09:35:33.183,buffer_pool_wait_free,18945,18945,7.548584,enabled
1782984933.182,2026-07-02 09:35:33.183,buffer_pool_write_requests,625877343,625877343,249379.145365,enabled
1782984933.182,2026-07-02 09:35:33.183,dml_deletes,14018884,14018884,5585.785784,enabled
1782984933.182,2026-07-02 09:35:33.183,dml_inserts,113904290,113904290,45384.851208,enabled
1782984933.182,2026-07-02 09:35:33.183,dml_system_deletes,468,468,0.186473,enabled
1782984933.182,2026-07-02 09:35:33.183,dml_system_inserts,1202,1202,0.478934,enabled
1782984933.182,2026-07-02 09:35:33.183,dml_system_reads,7661,7661,3.052504,enabled
1782984933.182,2026-07-02 09:35:33.183,dml_system_updates,620,620,0.247037,enabled
1782984933.182,2026-07-02 09:35:33.183,dml_updates,28037893,28037893,11171.621366,enabled
1782984933.182,2026-07-02 09:35:33.183,file_num_open_files,35,35,0.000000,enabled
1782984933.182,2026-07-02 09:35:33.183,ibuf_merges,0,0,0.000000,enabled
1782984933.182,2026-07-02 09:35:33.183,ibuf_merges_delete,0,0,0.000000,enabled
1782984933.182,2026-07-02 09:35:33.183,ibuf_merges_delete_mark,0,0,0.000000,enabled
1782984933.182,2026-07-02 09:35:33.183,ibuf_merges_discard_delete,0,0,0.000000,enabled
1782984933.182,2026-07-02 09:35:33.183,ibuf_merges_discard_delete_mark,0,0,0.000000,enabled
1782984933.182,2026-07-02 09:35:33.183,ibuf_merges_discard_insert,0,0,0.000000,enabled
1782984933.182,2026-07-02 09:35:33.183,ibuf_merges_insert,0,0,0.000000,enabled
1782984933.182,2026-07-02 09:35:33.183,ibuf_size,1,1,0.000398,enabled
1782984933.182,2026-07-02 09:35:33.183,innodb_activity_count,19015061,19015061,7576.498872,enabled
1782984933.182,2026-07-02 09:35:33.183,innodb_dblwr_pages_written,28415099,28415099,11321.918157,enabled
1782984933.182,2026-07-02 09:35:33.183,innodb_dblwr_writes,587524,587524,234.097324,enabled
1782984933.182,2026-07-02 09:35:33.183,innodb_page_size,16384,16384,0.000000,enabled
1782984933.182,2026-07-02 09:35:33.183,innodb_rwlock_sx_os_waits,0,0,0.000000,enabled
1782984933.182,2026-07-02 09:35:33.183,innodb_rwlock_sx_spin_rounds,0,0,0.000000,enabled
1782984933.182,2026-07-02 09:35:33.183,innodb_rwlock_sx_spin_waits,0,0,0.000000,enabled
1782984933.182,2026-07-02 09:35:33.183,innodb_rwlock_s_os_waits,0,0,0.000000,enabled
1782984933.182,2026-07-02 09:35:33.183,innodb_rwlock_s_spin_rounds,0,0,0.000000,enabled
1782984933.182,2026-07-02 09:35:33.183,innodb_rwlock_s_spin_waits,0,0,0.000000,enabled
1782984933.182,2026-07-02 09:35:33.183,innodb_rwlock_x_os_waits,0,0,0.000000,enabled
1782984933.182,2026-07-02 09:35:33.183,innodb_rwlock_x_spin_rounds,0,0,0.000000,enabled
1782984933.182,2026-07-02 09:35:33.183,innodb_rwlock_x_spin_waits,0,0,0.000000,enabled
1782984933.182,2026-07-02 09:35:33.183,lock_deadlocks,0,0,0.000000,enabled
1782984933.182,2026-07-02 09:35:33.183,lock_deadlock_false_positives,0,0,0.000000,enabled
1782984933.182,2026-07-02 09:35:33.183,lock_deadlock_rounds,2747,2747,1.094535,enabled
1782984933.182,2026-07-02 09:35:33.183,lock_rec_grant_attempts,425,425,0.169340,enabled
1782984933.182,2026-07-02 09:35:33.183,lock_rec_release_attempts,42610467,42610467,16978.026366,enabled
1782984933.182,2026-07-02 09:35:33.183,lock_row_lock_current_waits,0,0,0.000000,enabled
1782984933.182,2026-07-02 09:35:33.183,lock_row_lock_time,323,323,0.128698,enabled
1782984933.182,2026-07-02 09:35:33.183,lock_row_lock_time_avg,0,0,0.000000,enabled
1782984933.182,2026-07-02 09:35:33.183,lock_row_lock_time_max,29,29,0.000000,enabled
1782984933.182,2026-07-02 09:35:33.183,lock_row_lock_waits,425,425,0.169340,enabled
1782984933.182,2026-07-02 09:35:33.183,lock_schedule_refreshes,2747,2747,1.094535,enabled
1782984933.182,2026-07-02 09:35:33.183,lock_threads_waiting,0,0,0.000000,enabled
1782984933.182,2026-07-02 09:35:33.183,lock_timeouts,0,0,0.000000,enabled
1782984933.182,2026-07-02 09:35:33.183,log_waits,0,0,0.000000,enabled
1782984933.182,2026-07-02 09:35:33.183,log_writes,213992859,213992859,85264.870508,enabled
1782984933.182,2026-07-02 09:35:33.183,log_write_requests,423022489,423022489,168552.156069,enabled
1782984933.182,2026-07-02 09:35:33.183,os_data_fsyncs,61266282,61266282,24411.383444,enabled
1782984933.182,2026-07-02 09:35:33.183,os_data_reads,86283800,86283800,34379.545493,enabled
1782984933.182,2026-07-02 09:35:33.183,os_data_writes,243303576,243303576,96943.648223,enabled
1782984933.182,2026-07-02 09:35:33.183,os_log_bytes_written,134321305088,134321305088,53519958.617654,enabled
1782984933.182,2026-07-02 09:35:33.183,os_log_fsyncs,53453694,53453694,21298.478951,enabled
1782984933.182,2026-07-02 09:35:33.183,os_log_pending_fsyncs,1,1,0.000398,enabled
1782984933.182,2026-07-02 09:35:33.183,os_log_pending_writes,1,1,0.000398,enabled
1782984933.182,2026-07-02 09:35:33.183,trx_rseg_history_len,1047,1047,0.000000,enabled
1782984934.254,2026-07-02 09:35:34.256,adaptive_hash_searches,0,0,0.000000,enabled
1782984934.254,2026-07-02 09:35:34.256,adaptive_hash_searches_btree,628484632,628484632,250310.752488,enabled
1782984934.254,2026-07-02 09:35:34.256,buffer_data_reads,1409722878464,1409722878464,561459769.146941,enabled
1782984934.254,2026-07-02 09:35:34.256,buffer_data_written,637858832896,637858832896,254044307.745541,enabled
1782984934.254,2026-07-02 09:35:34.256,buffer_pages0_read,7,7,0.002788,enabled
1782984934.254,2026-07-02 09:35:34.256,buffer_pages_created,1820467,1820467,725.049587,enabled
1782984934.254,2026-07-02 09:35:34.256,buffer_pages_read,86285316,86285316,34365.430564,enabled
1782984934.254,2026-07-02 09:35:34.256,buffer_pages_written,28490847,28490847,11347.240445,enabled
1782984934.254,2026-07-02 09:35:34.256,buffer_pool_bytes_data,12852035584,12852035584,0.000000,enabled
1782984934.254,2026-07-02 09:35:34.256,buffer_pool_bytes_dirty,4655366144,4655366144,0.000000,enabled
1782984934.254,2026-07-02 09:35:34.256,buffer_pool_pages_data,784427,784427,0.000000,enabled
1782984934.254,2026-07-02 09:35:34.256,buffer_pool_pages_dirty,284141,284141,0.000000,enabled
1782984934.254,2026-07-02 09:35:34.256,buffer_pool_pages_flushed,28433777,28433777,0.000000,enabled
1782984934.254,2026-07-02 09:35:34.256,buffer_pool_pages_free,1913,1913,0.000000,enabled
1782984934.254,2026-07-02 09:35:34.256,buffer_pool_pages_lru_flushed,0,0,0.000000,enabled
1782984934.254,2026-07-02 09:35:34.256,buffer_pool_pages_misc,97,97,0.000000,enabled
1782984934.254,2026-07-02 09:35:34.256,buffer_pool_pages_total,786432,786432,0.000000,enabled
1782984934.254,2026-07-02 09:35:34.256,buffer_pool_reads,85377246,85377246,34003.768552,enabled
1782984934.254,2026-07-02 09:35:34.256,buffer_pool_read_ahead,803715,803715,320.100962,enabled
1782984934.254,2026-07-02 09:35:34.256,buffer_pool_read_ahead_evicted,25,25,0.009957,enabled
1782984934.254,2026-07-02 09:35:34.256,buffer_pool_read_requests,3031341672,3031341672,1207312.778783,enabled
1782984934.254,2026-07-02 09:35:34.256,buffer_pool_size,12884901888,12884901888,0.000000,enabled
1782984934.254,2026-07-02 09:35:34.256,buffer_pool_wait_free,18945,18945,7.545352,enabled
1782984934.254,2026-07-02 09:35:34.256,buffer_pool_write_requests,625991827,625991827,249317.963264,enabled
1782984934.254,2026-07-02 09:35:34.256,dml_deletes,14023803,14023803,5585.353099,enabled
1782984934.254,2026-07-02 09:35:34.256,dml_inserts,113909210,113909210,45367.377138,enabled
1782984934.254,2026-07-02 09:35:34.256,dml_system_deletes,468,468,0.186393,enabled
1782984934.254,2026-07-02 09:35:34.256,dml_system_inserts,1202,1202,0.478729,enabled
1782984934.254,2026-07-02 09:35:34.256,dml_system_reads,7661,7661,3.051197,enabled
1782984934.254,2026-07-02 09:35:34.256,dml_system_updates,620,620,0.246932,enabled
1782984934.254,2026-07-02 09:35:34.256,dml_updates,28047728,28047728,11170.754778,enabled
1782984934.254,2026-07-02 09:35:34.256,file_num_open_files,35,35,0.000000,enabled
1782984934.254,2026-07-02 09:35:34.256,ibuf_merges,0,0,0.000000,enabled
1782984934.254,2026-07-02 09:35:34.256,ibuf_merges_delete,0,0,0.000000,enabled
1782984934.254,2026-07-02 09:35:34.256,ibuf_merges_delete_mark,0,0,0.000000,enabled
1782984934.254,2026-07-02 09:35:34.256,ibuf_merges_discard_delete,0,0,0.000000,enabled
1782984934.254,2026-07-02 09:35:34.256,ibuf_merges_discard_delete_mark,0,0,0.000000,enabled
1782984934.254,2026-07-02 09:35:34.256,ibuf_merges_discard_insert,0,0,0.000000,enabled
1782984934.254,2026-07-02 09:35:34.256,ibuf_merges_insert,0,0,0.000000,enabled
1782984934.254,2026-07-02 09:35:34.256,ibuf_size,1,1,0.000398,enabled
1782984934.254,2026-07-02 09:35:34.256,innodb_activity_count,19020718,19020718,7575.507715,enabled
1782984934.254,2026-07-02 09:35:34.256,innodb_dblwr_pages_written,28431347,28431347,11323.541374,enabled
1782984934.254,2026-07-02 09:35:34.256,innodb_dblwr_writes,587910,587910,234.150820,enabled
1782984934.254,2026-07-02 09:35:34.256,innodb_page_size,16384,16384,0.000000,enabled
1782984934.254,2026-07-02 09:35:34.256,innodb_rwlock_sx_os_waits,0,0,0.000000,enabled
1782984934.254,2026-07-02 09:35:34.256,innodb_rwlock_sx_spin_rounds,0,0,0.000000,enabled
1782984934.254,2026-07-02 09:35:34.256,innodb_rwlock_sx_spin_waits,0,0,0.000000,enabled
1782984934.254,2026-07-02 09:35:34.256,innodb_rwlock_s_os_waits,0,0,0.000000,enabled
1782984934.254,2026-07-02 09:35:34.256,innodb_rwlock_s_spin_rounds,0,0,0.000000,enabled
1782984934.254,2026-07-02 09:35:34.256,innodb_rwlock_s_spin_waits,0,0,0.000000,enabled
1782984934.254,2026-07-02 09:35:34.256,innodb_rwlock_x_os_waits,0,0,0.000000,enabled
1782984934.254,2026-07-02 09:35:34.256,innodb_rwlock_x_spin_rounds,0,0,0.000000,enabled
1782984934.254,2026-07-02 09:35:34.256,innodb_rwlock_x_spin_waits,0,0,0.000000,enabled
1782984934.254,2026-07-02 09:35:34.256,lock_deadlocks,0,0,0.000000,enabled
1782984934.254,2026-07-02 09:35:34.256,lock_deadlock_false_positives,0,0,0.000000,enabled
1782984934.254,2026-07-02 09:35:34.256,lock_deadlock_rounds,2748,2748,1.094464,enabled
1782984934.254,2026-07-02 09:35:34.256,lock_rec_grant_attempts,425,425,0.169268,enabled
1782984934.254,2026-07-02 09:35:34.256,lock_rec_release_attempts,42625419,42625419,16976.711772,enabled
1782984934.254,2026-07-02 09:35:34.256,lock_row_lock_current_waits,0,0,0.000000,enabled
1782984934.254,2026-07-02 09:35:34.256,lock_row_lock_time,323,323,0.128643,enabled
1782984934.254,2026-07-02 09:35:34.256,lock_row_lock_time_avg,0,0,0.000000,enabled
1782984934.254,2026-07-02 09:35:34.256,lock_row_lock_time_max,29,29,0.000000,enabled
1782984934.254,2026-07-02 09:35:34.256,lock_row_lock_waits,425,425,0.169268,enabled
1782984934.254,2026-07-02 09:35:34.256,lock_schedule_refreshes,2748,2748,1.094464,enabled
1782984934.254,2026-07-02 09:35:34.256,lock_threads_waiting,0,0,0.000000,enabled
1782984934.254,2026-07-02 09:35:34.256,lock_timeouts,0,0,0.000000,enabled
1782984934.254,2026-07-02 09:35:34.256,log_waits,0,0,0.000000,enabled
1782984934.254,2026-07-02 09:35:34.256,log_writes,214073952,214073952,85260.658867,enabled
1782984934.254,2026-07-02 09:35:34.256,log_write_requests,423106035,423106035,168513.259097,enabled
1782984934.254,2026-07-02 09:35:34.256,os_data_fsyncs,61300375,61300375,24414.509403,enabled
1782984934.254,2026-07-02 09:35:34.256,os_data_reads,86341474,86341474,34387.795046,enabled
1782984934.254,2026-07-02 09:35:34.256,os_data_writes,243401197,243401197,96941.018982,enabled
1782984934.254,2026-07-02 09:35:34.256,os_log_bytes_written,134363479552,134363479552,53513839.500561,enabled
1782984934.254,2026-07-02 09:35:34.256,os_log_fsyncs,53482643,53482643,21300.889059,enabled
1782984934.254,2026-07-02 09:35:34.256,os_log_pending_fsyncs,0,0,0.000000,enabled
1782984934.254,2026-07-02 09:35:34.256,os_log_pending_writes,0,0,0.000000,enabled
1782984934.254,2026-07-02 09:35:34.256,trx_rseg_history_len,1181,1181,0.000000,enabled
1782984935.329,2026-07-02 09:35:35.331,adaptive_hash_searches,0,0,0.000000,enabled
1782984935.329,2026-07-02 09:35:35.331,adaptive_hash_searches_btree,628652068,628652068,250270.589457,enabled
1782984935.329,2026-07-02 09:35:35.331,buffer_data_reads,1410657094144,1410657094144,561592073.934843,enabled
1782984935.329,2026-07-02 09:35:35.331,buffer_data_written,638166533120,638166533120,254058387.458714,enabled
1782984935.329,2026-07-02 09:35:35.331,buffer_pages0_read,7,7,0.002787,enabled
1782984935.329,2026-07-02 09:35:35.331,buffer_pages_created,1820495,1820495,724.751305,enabled
1782984935.329,2026-07-02 09:35:35.331,buffer_pages_read,86342491,86342491,34373.526257,enabled
1782984935.329,2026-07-02 09:35:35.331,buffer_pages_written,28506724,28506724,11348.718545,enabled
1782984935.329,2026-07-02 09:35:35.331,buffer_pool_bytes_data,12851036160,12851036160,0.000000,enabled
1782984935.329,2026-07-02 09:35:35.331,buffer_pool_bytes_dirty,4666081280,4666081280,0.000000,enabled
1782984935.329,2026-07-02 09:35:35.331,buffer_pool_pages_data,784365,784365,0.000000,enabled
1782984935.329,2026-07-02 09:35:35.331,buffer_pool_pages_dirty,284795,284795,0.000000,enabled
1782984935.329,2026-07-02 09:35:35.331,buffer_pool_pages_flushed,28449654,28449654,0.000000,enabled
1782984935.329,2026-07-02 09:35:35.331,buffer_pool_pages_free,1970,1970,0.000000,enabled
1782984935.329,2026-07-02 09:35:35.331,buffer_pool_pages_lru_flushed,0,0,0.000000,enabled
1782984935.329,2026-07-02 09:35:35.331,buffer_pool_pages_misc,97,97,0.000000,enabled
1782984935.329,2026-07-02 09:35:35.331,buffer_pool_pages_total,786432,786432,0.000000,enabled
1782984935.329,2026-07-02 09:35:35.331,buffer_pool_reads,85434351,85434351,34011.990668,enabled
1782984935.329,2026-07-02 09:35:35.331,buffer_pool_read_ahead,803715,803715,319.964353,enabled
1782984935.329,2026-07-02 09:35:35.331,buffer_pool_read_ahead_evicted,25,25,0.009953,enabled
1782984935.329,2026-07-02 09:35:35.331,buffer_pool_read_requests,3032171609,3032171609,1207127.938549,enabled
1782984935.329,2026-07-02 09:35:35.331,buffer_pool_size,12884901888,12884901888,0.000000,enabled
1782984935.329,2026-07-02 09:35:35.331,buffer_pool_wait_free,18945,18945,7.542132,enabled
1782984935.329,2026-07-02 09:35:35.331,buffer_pool_write_requests,626104139,626104139,249256.274227,enabled
1782984935.329,2026-07-02 09:35:35.331,dml_deletes,14028648,14028648,5584.898390,enabled
1782984935.329,2026-07-02 09:35:35.331,dml_inserts,113914055,113914055,45349.945543,enabled
1782984935.329,2026-07-02 09:35:35.331,dml_system_deletes,468,468,0.186314,enabled
1782984935.329,2026-07-02 09:35:35.331,dml_system_inserts,1202,1202,0.478524,enabled
1782984935.329,2026-07-02 09:35:35.331,dml_system_reads,7661,7661,3.049895,enabled
1782984935.329,2026-07-02 09:35:35.331,dml_system_updates,620,620,0.246826,enabled
1782984935.329,2026-07-02 09:35:35.331,dml_updates,28057420,28057420,11169.846136,enabled
1782984935.329,2026-07-02 09:35:35.331,file_num_open_files,35,35,0.000000,enabled
1782984935.329,2026-07-02 09:35:35.331,ibuf_merges,0,0,0.000000,enabled
1782984935.329,2026-07-02 09:35:35.331,ibuf_merges_delete,0,0,0.000000,enabled
1782984935.329,2026-07-02 09:35:35.331,ibuf_merges_delete_mark,0,0,0.000000,enabled
1782984935.329,2026-07-02 09:35:35.331,ibuf_merges_discard_delete,0,0,0.000000,enabled
1782984935.329,2026-07-02 09:35:35.331,ibuf_merges_discard_delete_mark,0,0,0.000000,enabled
1782984935.329,2026-07-02 09:35:35.331,ibuf_merges_discard_insert,0,0,0.000000,enabled
1782984935.329,2026-07-02 09:35:35.331,ibuf_merges_insert,0,0,0.000000,enabled
1782984935.329,2026-07-02 09:35:35.331,ibuf_size,1,1,0.000398,enabled
1782984935.329,2026-07-02 09:35:35.331,innodb_activity_count,19026285,19026285,7574.491131,enabled
1782984935.329,2026-07-02 09:35:35.331,innodb_dblwr_pages_written,28447224,28447224,11325.029804,enabled
1782984935.329,2026-07-02 09:35:35.331,innodb_dblwr_writes,588259,588259,234.189836,enabled
1782984935.329,2026-07-02 09:35:35.331,innodb_page_size,16384,16384,0.000000,enabled
1782984935.329,2026-07-02 09:35:35.331,innodb_rwlock_sx_os_waits,0,0,0.000000,enabled
1782984935.329,2026-07-02 09:35:35.331,innodb_rwlock_sx_spin_rounds,0,0,0.000000,enabled
1782984935.329,2026-07-02 09:35:35.331,innodb_rwlock_sx_spin_waits,0,0,0.000000,enabled
1782984935.329,2026-07-02 09:35:35.331,innodb_rwlock_s_os_waits,0,0,0.000000,enabled
1782984935.329,2026-07-02 09:35:35.331,innodb_rwlock_s_spin_rounds,0,0,0.000000,enabled
1782984935.329,2026-07-02 09:35:35.331,innodb_rwlock_s_spin_waits,0,0,0.000000,enabled
1782984935.329,2026-07-02 09:35:35.331,innodb_rwlock_x_os_waits,0,0,0.000000,enabled
1782984935.329,2026-07-02 09:35:35.331,innodb_rwlock_x_spin_rounds,0,0,0.000000,enabled
1782984935.329,2026-07-02 09:35:35.331,innodb_rwlock_x_spin_waits,0,0,0.000000,enabled
1782984935.329,2026-07-02 09:35:35.331,lock_deadlocks,0,0,0.000000,enabled
1782984935.329,2026-07-02 09:35:35.331,lock_deadlock_false_positives,0,0,0.000000,enabled
1782984935.329,2026-07-02 09:35:35.331,lock_deadlock_rounds,2749,2749,1.094395,enabled
1782984935.329,2026-07-02 09:35:35.331,lock_rec_grant_attempts,425,425,0.169195,enabled
1782984935.329,2026-07-02 09:35:35.331,lock_rec_release_attempts,42640131,42640131,16975.323579,enabled
1782984935.329,2026-07-02 09:35:35.331,lock_row_lock_current_waits,0,0,0.000000,enabled
1782984935.329,2026-07-02 09:35:35.331,lock_row_lock_time,323,323,0.128588,enabled
1782984935.329,2026-07-02 09:35:35.331,lock_row_lock_time_avg,0,0,0.000000,enabled
1782984935.329,2026-07-02 09:35:35.331,lock_row_lock_time_max,29,29,0.000000,enabled
1782984935.329,2026-07-02 09:35:35.331,lock_row_lock_waits,425,425,0.169195,enabled
1782984935.329,2026-07-02 09:35:35.331,lock_schedule_refreshes,2749,2749,1.094395,enabled
1782984935.329,2026-07-02 09:35:35.331,lock_threads_waiting,0,0,0.000000,enabled
1782984935.329,2026-07-02 09:35:35.331,lock_timeouts,0,0,0.000000,enabled
1782984935.329,2026-07-02 09:35:35.331,log_waits,0,0,0.000000,enabled
1782984935.329,2026-07-02 09:35:35.331,log_writes,214153809,214153809,85256.064766,enabled
1782984935.329,2026-07-02 09:35:35.331,log_write_requests,423188355,423188355,168474.116773,enabled
1782984935.329,2026-07-02 09:35:35.331,os_data_fsyncs,61334194,61334194,24417.553787,enabled
1782984935.329,2026-07-02 09:35:35.331,os_data_reads,86398490,86398490,34395.818094,enabled
1782984935.329,2026-07-02 09:35:35.331,os_data_writes,243497202,243497202,96937.868482,enabled
1782984935.329,2026-07-02 09:35:35.331,os_log_bytes_written,134405003776,134405003776,53507532.899605,enabled
1782984935.329,2026-07-02 09:35:35.331,os_log_fsyncs,53511539,53511539,21303.302342,enabled
1782984935.329,2026-07-02 09:35:35.331,os_log_pending_fsyncs,1,1,0.000398,enabled
1782984935.329,2026-07-02 09:35:35.331,os_log_pending_writes,0,0,0.000000,enabled
1782984935.329,2026-07-02 09:35:35.331,trx_rseg_history_len,1194,1194,0.000000,enabled
1782984936.401,2026-07-02 09:35:36.402,adaptive_hash_searches,0,0,0.000000,enabled
1782984936.401,2026-07-02 09:35:36.402,adaptive_hash_searches_btree,628817197,628817197,250229.785371,enabled
1782984936.401,2026-07-02 09:35:36.402,buffer_data_reads,1411567651328,1411567651328,561715404.317388,enabled
1782984936.401,2026-07-02 09:35:36.402,buffer_data_written,638504031744,638504031744,254084563.219778,enabled
1782984936.401,2026-07-02 09:35:36.402,buffer_pages0_read,7,7,0.002786,enabled
1782984936.401,2026-07-02 09:35:36.402,buffer_pages_created,1820532,1820532,724.457574,enabled
1782984936.401,2026-07-02 09:35:36.402,buffer_pages_read,86398222,86398222,34381.074287,enabled
1782984936.401,2026-07-02 09:35:36.402,buffer_pages_written,28524125,28524125,11350.813024,enabled
1782984936.401,2026-07-02 09:35:36.402,buffer_pool_bytes_data,12847972352,12847972352,0.000000,enabled
1782984936.401,2026-07-02 09:35:36.402,buffer_pool_bytes_dirty,4643454976,4643454976,0.000000,enabled
1782984936.401,2026-07-02 09:35:36.402,buffer_pool_pages_data,784178,784178,0.000000,enabled
1782984936.401,2026-07-02 09:35:36.402,buffer_pool_pages_dirty,283414,283414,0.000000,enabled
1782984936.401,2026-07-02 09:35:36.402,buffer_pool_pages_flushed,28465423,28465423,0.000000,enabled
1782984936.401,2026-07-02 09:35:36.402,buffer_pool_pages_free,2157,2157,0.000000,enabled
1782984936.401,2026-07-02 09:35:36.402,buffer_pool_pages_lru_flushed,0,0,0.000000,enabled
1782984936.401,2026-07-02 09:35:36.402,buffer_pool_pages_misc,96,96,0.000000,enabled
1782984936.401,2026-07-02 09:35:36.402,buffer_pool_pages_total,786432,786432,0.000000,enabled
1782984936.401,2026-07-02 09:35:36.402,buffer_pool_reads,85490026,85490026,34019.670389,enabled
1782984936.401,2026-07-02 09:35:36.402,buffer_pool_read_ahead,803715,803715,319.828177,enabled
1782984936.401,2026-07-02 09:35:36.402,buffer_pool_read_ahead_evicted,25,25,0.009948,enabled
1782984936.401,2026-07-02 09:35:36.402,buffer_pool_read_requests,3032989979,3032989979,1206939.847091,enabled
1782984936.401,2026-07-02 09:35:36.402,buffer_pool_size,12884901888,12884901888,0.000000,enabled
1782984936.401,2026-07-02 09:35:36.402,buffer_pool_wait_free,18945,18945,7.538922,enabled
1782984936.401,2026-07-02 09:35:36.402,buffer_pool_write_requests,626215416,626215416,249194.472494,enabled
1782984936.401,2026-07-02 09:35:36.402,dml_deletes,14033431,14033431,5584.424785,enabled
1782984936.401,2026-07-02 09:35:36.402,dml_inserts,113918838,113918838,45332.547894,enabled
1782984936.401,2026-07-02 09:35:36.402,dml_system_deletes,468,468,0.186235,enabled
1782984936.401,2026-07-02 09:35:36.402,dml_system_inserts,1202,1202,0.478321,enabled
1782984936.401,2026-07-02 09:35:36.402,dml_system_reads,7661,7661,3.048597,enabled
1782984936.401,2026-07-02 09:35:36.402,dml_system_updates,620,620,0.246721,enabled
1782984936.401,2026-07-02 09:35:36.402,dml_updates,28066984,28066984,11168.898111,enabled
1782984936.401,2026-07-02 09:35:36.402,file_num_open_files,35,35,0.000000,enabled
1782984936.401,2026-07-02 09:35:36.402,ibuf_merges,0,0,0.000000,enabled
1782984936.401,2026-07-02 09:35:36.402,ibuf_merges_delete,0,0,0.000000,enabled
1782984936.401,2026-07-02 09:35:36.402,ibuf_merges_delete_mark,0,0,0.000000,enabled
1782984936.401,2026-07-02 09:35:36.402,ibuf_merges_discard_delete,0,0,0.000000,enabled
1782984936.401,2026-07-02 09:35:36.402,ibuf_merges_discard_delete_mark,0,0,0.000000,enabled
1782984936.401,2026-07-02 09:35:36.402,ibuf_merges_discard_insert,0,0,0.000000,enabled
1782984936.401,2026-07-02 09:35:36.402,ibuf_merges_insert,0,0,0.000000,enabled
1782984936.401,2026-07-02 09:35:36.402,ibuf_size,1,1,0.000398,enabled
1782984936.401,2026-07-02 09:35:36.402,innodb_activity_count,19031775,19031775,7573.452099,enabled
1782984936.401,2026-07-02 09:35:36.402,innodb_dblwr_pages_written,28464017,28464017,11326.892424,enabled
1782984936.401,2026-07-02 09:35:36.402,innodb_dblwr_writes,588614,588614,234.231432,enabled
1782984936.401,2026-07-02 09:35:36.402,innodb_page_size,16384,16384,0.000000,enabled
1782984936.401,2026-07-02 09:35:36.402,innodb_rwlock_sx_os_waits,0,0,0.000000,enabled
1782984936.401,2026-07-02 09:35:36.402,innodb_rwlock_sx_spin_rounds,0,0,0.000000,enabled
1782984936.401,2026-07-02 09:35:36.402,innodb_rwlock_sx_spin_waits,0,0,0.000000,enabled
1782984936.401,2026-07-02 09:35:36.402,innodb_rwlock_s_os_waits,0,0,0.000000,enabled
1782984936.401,2026-07-02 09:35:36.402,innodb_rwlock_s_spin_rounds,0,0,0.000000,enabled
1782984936.401,2026-07-02 09:35:36.402,innodb_rwlock_s_spin_waits,0,0,0.000000,enabled
1782984936.401,2026-07-02 09:35:36.402,innodb_rwlock_x_os_waits,0,0,0.000000,enabled
1782984936.401,2026-07-02 09:35:36.402,innodb_rwlock_x_spin_rounds,0,0,0.000000,enabled
1782984936.401,2026-07-02 09:35:36.402,innodb_rwlock_x_spin_waits,0,0,0.000000,enabled
1782984936.401,2026-07-02 09:35:36.402,lock_deadlocks,0,0,0.000000,enabled
1782984936.401,2026-07-02 09:35:36.402,lock_deadlock_false_positives,0,0,0.000000,enabled
1782984936.401,2026-07-02 09:35:36.402,lock_deadlock_rounds,2750,2750,1.094328,enabled
1782984936.401,2026-07-02 09:35:36.402,lock_rec_grant_attempts,425,425,0.169123,enabled
1782984936.401,2026-07-02 09:35:36.402,lock_rec_release_attempts,42654677,42654677,16973.887300,enabled
1782984936.401,2026-07-02 09:35:36.402,lock_row_lock_current_waits,0,0,0.000000,enabled
1782984936.401,2026-07-02 09:35:36.402,lock_row_lock_time,323,323,0.128534,enabled
1782984936.401,2026-07-02 09:35:36.402,lock_row_lock_time_avg,0,0,0.000000,enabled
1782984936.401,2026-07-02 09:35:36.402,lock_row_lock_time_max,29,29,0.000000,enabled
1782984936.401,2026-07-02 09:35:36.402,lock_row_lock_waits,425,425,0.169123,enabled
1782984936.401,2026-07-02 09:35:36.402,lock_schedule_refreshes,2750,2750,1.094328,enabled
1782984936.401,2026-07-02 09:35:36.402,lock_threads_waiting,0,0,0.000000,enabled
1782984936.401,2026-07-02 09:35:36.402,lock_timeouts,0,0,0.000000,enabled
1782984936.401,2026-07-02 09:35:36.402,log_waits,0,0,0.000000,enabled
1782984936.401,2026-07-02 09:35:36.402,log_writes,214233039,214233039,85251.308331,enabled
1782984936.401,2026-07-02 09:35:36.402,log_write_requests,423269670,423269670,168434.772394,enabled
1782984936.401,2026-07-02 09:35:36.402,os_data_fsyncs,61366253,61366253,24419.919155,enabled
1782984936.401,2026-07-02 09:35:36.402,os_data_reads,86454074,86454074,34403.298178,enabled
1782984936.401,2026-07-02 09:35:36.402,os_data_writes,243594090,243594090,96935.167082,enabled
1782984936.401,2026-07-02 09:35:36.402,os_log_bytes_written,134446348800,134446348800,53501212.841303,enabled
1782984936.401,2026-07-02 09:35:36.402,os_log_fsyncs,53538844,53538844,21305.101338,enabled
1782984936.401,2026-07-02 09:35:36.402,os_log_pending_fsyncs,0,0,0.000000,enabled
1782984936.401,2026-07-02 09:35:36.402,os_log_pending_writes,0,0,0.000000,enabled
1782984936.401,2026-07-02 09:35:36.402,trx_rseg_history_len,1168,1168,0.000000,enabled
1782984937.470,2026-07-02 09:35:37.471,adaptive_hash_searches,0,0,0.000000,enabled
1782984937.470,2026-07-02 09:35:37.471,adaptive_hash_searches_btree,628983191,628983191,250189.096985,enabled
1782984937.470,2026-07-02 09:35:37.471,buffer_data_reads,1412488333824,1412488333824,561842081.740776,enabled
1782984937.470,2026-07-02 09:35:37.471,buffer_data_written,638837260800,638837260800,254108758.007571,enabled
1782984937.470,2026-07-02 09:35:37.471,buffer_pages0_read,7,7,0.002784,enabled
1782984937.470,2026-07-02 09:35:37.471,buffer_pages_created,1820568,1820568,724.162953,enabled
1782984937.470,2026-07-02 09:35:37.471,buffer_pages_read,86454573,86454573,34388.827283,enabled
1782984937.470,2026-07-02 09:35:37.471,buffer_pages_written,28541875,28541875,11353.032914,enabled
1782984937.470,2026-07-02 09:35:37.471,buffer_pool_bytes_data,12851380224,12851380224,0.000000,enabled
1782984937.470,2026-07-02 09:35:37.471,buffer_pool_bytes_dirty,4617535488,4617535488,0.000000,enabled
1782984937.470,2026-07-02 09:35:37.471,buffer_pool_pages_data,784386,784386,0.000000,enabled
1782984937.470,2026-07-02 09:35:37.471,buffer_pool_pages_dirty,281832,281832,0.000000,enabled
1782984937.470,2026-07-02 09:35:37.471,buffer_pool_pages_flushed,28484729,28484729,0.000000,enabled
1782984937.470,2026-07-02 09:35:37.471,buffer_pool_pages_free,1950,1950,0.000000,enabled
1782984937.470,2026-07-02 09:35:37.471,buffer_pool_pages_lru_flushed,0,0,0.000000,enabled
1782984937.470,2026-07-02 09:35:37.471,buffer_pool_pages_misc,96,96,0.000000,enabled
1782984937.470,2026-07-02 09:35:37.471,buffer_pool_pages_total,786432,786432,0.000000,enabled
1782984937.470,2026-07-02 09:35:37.471,buffer_pool_reads,85546306,85546306,34027.549177,enabled
1782984937.470,2026-07-02 09:35:37.471,buffer_pool_read_ahead,803715,803715,319.691787,enabled
1782984937.470,2026-07-02 09:35:37.471,buffer_pool_read_ahead_evicted,25,25,0.009944,enabled
1782984937.470,2026-07-02 09:35:37.471,buffer_pool_read_requests,3033813025,3033813025,1206752.532604,enabled
1782984937.470,2026-07-02 09:35:37.471,buffer_pool_size,12884901888,12884901888,0.000000,enabled
1782984937.470,2026-07-02 09:35:37.471,buffer_pool_wait_free,18945,18945,7.535707,enabled
1782984937.470,2026-07-02 09:35:37.471,buffer_pool_write_requests,626327418,626327418,249132.755093,enabled
1782984937.470,2026-07-02 09:35:37.471,dml_deletes,14038223,14038223,5583.949300,enabled
1782984937.470,2026-07-02 09:35:37.471,dml_inserts,113923630,113923630,45315.121041,enabled
1782984937.470,2026-07-02 09:35:37.471,dml_system_deletes,468,468,0.186155,enabled
1782984937.470,2026-07-02 09:35:37.471,dml_system_inserts,1202,1202,0.478117,enabled
1782984937.470,2026-07-02 09:35:37.471,dml_system_reads,7661,7661,3.047297,enabled
1782984937.470,2026-07-02 09:35:37.471,dml_system_updates,620,620,0.246616,enabled
1782984937.470,2026-07-02 09:35:37.471,dml_updates,28076569,28076569,11167.947514,enabled
1782984937.470,2026-07-02 09:35:37.471,file_num_open_files,35,35,0.000000,enabled
1782984937.470,2026-07-02 09:35:37.471,ibuf_merges,0,0,0.000000,enabled
1782984937.470,2026-07-02 09:35:37.471,ibuf_merges_delete,0,0,0.000000,enabled
1782984937.470,2026-07-02 09:35:37.471,ibuf_merges_delete_mark,0,0,0.000000,enabled
1782984937.470,2026-07-02 09:35:37.471,ibuf_merges_discard_delete,0,0,0.000000,enabled
1782984937.470,2026-07-02 09:35:37.471,ibuf_merges_discard_delete_mark,0,0,0.000000,enabled
1782984937.470,2026-07-02 09:35:37.471,ibuf_merges_discard_insert,0,0,0.000000,enabled
1782984937.470,2026-07-02 09:35:37.471,ibuf_merges_insert,0,0,0.000000,enabled
1782984937.470,2026-07-02 09:35:37.471,ibuf_size,1,1,0.000398,enabled
1782984937.470,2026-07-02 09:35:37.471,innodb_activity_count,19037278,19037278,7572.411168,enabled
1782984937.470,2026-07-02 09:35:37.471,innodb_dblwr_pages_written,28482362,28482362,11329.358891,enabled
1782984937.470,2026-07-02 09:35:37.471,innodb_dblwr_writes,589022,589022,234.293829,enabled
1782984937.470,2026-07-02 09:35:37.471,innodb_page_size,16384,16384,0.000000,enabled
1782984937.470,2026-07-02 09:35:37.471,innodb_rwlock_sx_os_waits,0,0,0.000000,enabled
1782984937.470,2026-07-02 09:35:37.471,innodb_rwlock_sx_spin_rounds,0,0,0.000000,enabled
1782984937.470,2026-07-02 09:35:37.471,innodb_rwlock_sx_spin_waits,0,0,0.000000,enabled
1782984937.470,2026-07-02 09:35:37.471,innodb_rwlock_s_os_waits,0,0,0.000000,enabled
1782984937.470,2026-07-02 09:35:37.471,innodb_rwlock_s_spin_rounds,0,0,0.000000,enabled
1782984937.470,2026-07-02 09:35:37.471,innodb_rwlock_s_spin_waits,0,0,0.000000,enabled
1782984937.470,2026-07-02 09:35:37.471,innodb_rwlock_x_os_waits,0,0,0.000000,enabled
1782984937.470,2026-07-02 09:35:37.471,innodb_rwlock_x_spin_rounds,0,0,0.000000,enabled
1782984937.470,2026-07-02 09:35:37.471,innodb_rwlock_x_spin_waits,0,0,0.000000,enabled
1782984937.470,2026-07-02 09:35:37.471,lock_deadlocks,0,0,0.000000,enabled
1782984937.470,2026-07-02 09:35:37.471,lock_deadlock_false_positives,0,0,0.000000,enabled
1782984937.470,2026-07-02 09:35:37.471,lock_deadlock_rounds,2751,2751,1.094259,enabled
1782984937.470,2026-07-02 09:35:37.471,lock_rec_grant_attempts,425,425,0.169051,enabled
1782984937.470,2026-07-02 09:35:37.471,lock_rec_release_attempts,42669259,42669259,16972.449119,enabled
1782984937.470,2026-07-02 09:35:37.471,lock_row_lock_current_waits,0,0,0.000000,enabled
1782984937.470,2026-07-02 09:35:37.471,lock_row_lock_time,323,323,0.128479,enabled
1782984937.470,2026-07-02 09:35:37.471,lock_row_lock_time_avg,0,0,0.000000,enabled
1782984937.470,2026-07-02 09:35:37.471,lock_row_lock_time_max,29,29,0.000000,enabled
1782984937.470,2026-07-02 09:35:37.471,lock_row_lock_waits,425,425,0.169051,enabled
1782984937.470,2026-07-02 09:35:37.471,lock_schedule_refreshes,2751,2751,1.094259,enabled
1782984937.470,2026-07-02 09:35:37.471,lock_threads_waiting,0,0,0.000000,enabled
1782984937.470,2026-07-02 09:35:37.471,lock_timeouts,0,0,0.000000,enabled
1782984937.470,2026-07-02 09:35:37.471,log_waits,0,0,0.000000,enabled
1782984937.470,2026-07-02 09:35:37.471,log_writes,214312565,214312565,85246.584487,enabled
1782984937.470,2026-07-02 09:35:37.471,log_write_requests,423351276,423351276,168395.401119,enabled
1782984937.470,2026-07-02 09:35:37.471,os_data_fsyncs,61400194,61400194,24423.005696,enabled
1782984937.470,2026-07-02 09:35:37.471,os_data_reads,86510273,86510273,34410.980761,enabled
1782984937.470,2026-07-02 09:35:37.471,os_data_writes,243691671,243691671,96932.642826,enabled
1782984937.470,2026-07-02 09:35:37.471,os_log_bytes_written,134487861248,134487861248,53494909.031865,enabled
1782984937.470,2026-07-02 09:35:37.471,os_log_fsyncs,53567284,53567284,21307.328067,enabled
1782984937.470,2026-07-02 09:35:37.471,os_log_pending_fsyncs,1,1,0.000398,enabled
1782984937.470,2026-07-02 09:35:37.471,os_log_pending_writes,0,0,0.000000,enabled
1782984937.470,2026-07-02 09:35:37.471,trx_rseg_history_len,1116,1116,0.000000,enabled
1782984938.543,2026-07-02 09:35:38.544,adaptive_hash_searches,0,0,0.000000,enabled
1782984938.543,2026-07-02 09:35:38.544,adaptive_hash_searches_btree,629150840,629150840,250149.282957,enabled
1782984938.543,2026-07-02 09:35:38.544,buffer_data_reads,1413420780032,1413420780032,561973716.672433,enabled
1782984938.543,2026-07-02 09:35:38.544,buffer_data_written,639150484480,639150484480,254125153.746410,enabled
1782984938.543,2026-07-02 09:35:38.544,buffer_pages0_read,7,7,0.002783,enabled
1782984938.543,2026-07-02 09:35:38.544,buffer_pages_created,1820598,1820598,723.866698,enabled
1782984938.543,2026-07-02 09:35:38.544,buffer_pages_read,86511675,86511675,34396.896028,enabled
1782984938.543,2026-07-02 09:35:38.544,buffer_pages_written,28558069,28558069,11354.640088,enabled
1782984938.543,2026-07-02 09:35:38.544,buffer_pool_bytes_data,12851871744,12851871744,0.000000,enabled
1782984938.543,2026-07-02 09:35:38.544,buffer_pool_bytes_dirty,4621615104,4621615104,0.000000,enabled
1782984938.543,2026-07-02 09:35:38.544,buffer_pool_pages_data,784416,784416,0.000000,enabled
1782984938.543,2026-07-02 09:35:38.544,buffer_pool_pages_dirty,282081,282081,0.000000,enabled
1782984938.543,2026-07-02 09:35:38.544,buffer_pool_pages_flushed,28500999,28500999,0.000000,enabled
1782984938.543,2026-07-02 09:35:38.544,buffer_pool_pages_free,1919,1919,0.000000,enabled
1782984938.543,2026-07-02 09:35:38.544,buffer_pool_pages_lru_flushed,0,0,0.000000,enabled
1782984938.543,2026-07-02 09:35:38.544,buffer_pool_pages_misc,98,98,0.000000,enabled
1782984938.543,2026-07-02 09:35:38.544,buffer_pool_pages_total,786432,786432,0.000000,enabled
1782984938.543,2026-07-02 09:35:38.544,buffer_pool_reads,85603355,85603355,34035.750627,enabled
1782984938.543,2026-07-02 09:35:38.544,buffer_pool_read_ahead,803715,803715,319.555735,enabled
1782984938.543,2026-07-02 09:35:38.544,buffer_pool_read_ahead_evicted,25,25,0.009940,enabled
1782984938.543,2026-07-02 09:35:38.544,buffer_pool_read_requests,3034642922,3034642922,1206568.938498,enabled
1782984938.543,2026-07-02 09:35:38.544,buffer_pool_size,12884901888,12884901888,0.000000,enabled
1782984938.543,2026-07-02 09:35:38.544,buffer_pool_wait_free,18945,18945,7.532500,enabled
1782984938.543,2026-07-02 09:35:38.544,buffer_pool_write_requests,626439675,626439675,249071.364409,enabled
1782984938.543,2026-07-02 09:35:38.544,dml_deletes,14043072,14043072,5583.500926,enabled
1782984938.543,2026-07-02 09:35:38.544,dml_inserts,113928478,113928478,45297.764122,enabled
1782984938.543,2026-07-02 09:35:38.544,dml_system_deletes,468,468,0.186076,enabled
1782984938.543,2026-07-02 09:35:38.544,dml_system_inserts,1202,1202,0.477913,enabled
1782984938.543,2026-07-02 09:35:38.544,dml_system_reads,7661,7661,3.046000,enabled
1782984938.543,2026-07-02 09:35:38.544,dml_system_updates,620,620,0.246511,enabled
1782984938.543,2026-07-02 09:35:38.544,dml_updates,28086266,28086266,11167.050351,enabled
1782984938.543,2026-07-02 09:35:38.544,file_num_open_files,35,35,0.000000,enabled
1782984938.543,2026-07-02 09:35:38.544,ibuf_merges,0,0,0.000000,enabled
1782984938.543,2026-07-02 09:35:38.544,ibuf_merges_delete,0,0,0.000000,enabled
1782984938.543,2026-07-02 09:35:38.544,ibuf_merges_delete_mark,0,0,0.000000,enabled
1782984938.543,2026-07-02 09:35:38.544,ibuf_merges_discard_delete,0,0,0.000000,enabled
1782984938.543,2026-07-02 09:35:38.544,ibuf_merges_discard_delete_mark,0,0,0.000000,enabled
1782984938.543,2026-07-02 09:35:38.544,ibuf_merges_discard_insert,0,0,0.000000,enabled
1782984938.543,2026-07-02 09:35:38.544,ibuf_merges_insert,0,0,0.000000,enabled
1782984938.543,2026-07-02 09:35:38.544,ibuf_size,1,1,0.000398,enabled
1782984938.543,2026-07-02 09:35:38.544,innodb_activity_count,19042845,19042845,7571.402062,enabled
1782984938.543,2026-07-02 09:35:38.544,innodb_dblwr_pages_written,28498569,28498569,11330.981411,enabled
1782984938.543,2026-07-02 09:35:38.544,innodb_dblwr_writes,589365,589365,234.330498,enabled
1782984938.543,2026-07-02 09:35:38.544,innodb_page_size,16384,16384,0.000000,enabled
1782984938.543,2026-07-02 09:35:38.544,innodb_rwlock_sx_os_waits,0,0,0.000000,enabled
1782984938.543,2026-07-02 09:35:38.544,innodb_rwlock_sx_spin_rounds,0,0,0.000000,enabled
1782984938.543,2026-07-02 09:35:38.544,innodb_rwlock_sx_spin_waits,0,0,0.000000,enabled
1782984938.543,2026-07-02 09:35:38.544,innodb_rwlock_s_os_waits,0,0,0.000000,enabled
1782984938.543,2026-07-02 09:35:38.544,innodb_rwlock_s_spin_rounds,0,0,0.000000,enabled
1782984938.543,2026-07-02 09:35:38.544,innodb_rwlock_s_spin_waits,0,0,0.000000,enabled
1782984938.543,2026-07-02 09:35:38.544,innodb_rwlock_x_os_waits,0,0,0.000000,enabled
1782984938.543,2026-07-02 09:35:38.544,innodb_rwlock_x_spin_rounds,0,0,0.000000,enabled
1782984938.543,2026-07-02 09:35:38.544,innodb_rwlock_x_spin_waits,0,0,0.000000,enabled
1782984938.543,2026-07-02 09:35:38.544,lock_deadlocks,0,0,0.000000,enabled
1782984938.543,2026-07-02 09:35:38.544,lock_deadlock_false_positives,0,0,0.000000,enabled
1782984938.543,2026-07-02 09:35:38.544,lock_deadlock_rounds,2752,2752,1.094191,enabled
1782984938.543,2026-07-02 09:35:38.544,lock_rec_grant_attempts,425,425,0.168979,enabled
1782984938.543,2026-07-02 09:35:38.544,lock_rec_release_attempts,42684025,42684025,16971.097049,enabled
1782984938.543,2026-07-02 09:35:38.544,lock_row_lock_current_waits,0,0,0.000000,enabled
1782984938.543,2026-07-02 09:35:38.544,lock_row_lock_time,323,323,0.128424,enabled
1782984938.543,2026-07-02 09:35:38.544,lock_row_lock_time_avg,0,0,0.000000,enabled
1782984938.543,2026-07-02 09:35:38.544,lock_row_lock_time_max,29,29,0.000000,enabled
1782984938.543,2026-07-02 09:35:38.544,lock_row_lock_waits,425,425,0.168979,enabled
1782984938.543,2026-07-02 09:35:38.544,lock_schedule_refreshes,2752,2752,1.094191,enabled
1782984938.543,2026-07-02 09:35:38.544,lock_threads_waiting,0,0,0.000000,enabled
1782984938.543,2026-07-02 09:35:38.544,lock_timeouts,0,0,0.000000,enabled
1782984938.543,2026-07-02 09:35:38.544,log_waits,0,0,0.000000,enabled
1782984938.543,2026-07-02 09:35:38.544,log_writes,214392866,214392866,85242.234296,enabled
1782984938.543,2026-07-02 09:35:38.544,log_write_requests,423433703,423433703,168356.511176,enabled
1782984938.543,2026-07-02 09:35:38.544,os_data_fsyncs,61434041,61434041,24426.069584,enabled
1782984938.543,2026-07-02 09:35:38.544,os_data_reads,86567192,86567192,34418.967464,enabled
1782984938.543,2026-07-02 09:35:38.544,os_data_writes,243788410,243788410,96929.854750,enabled
1782984938.543,2026-07-02 09:35:38.544,os_log_bytes_written,134529731584,134529731584,53488791.004052,enabled
1782984938.543,2026-07-02 09:35:38.544,os_log_fsyncs,53596286,53596286,21309.791553,enabled
1782984938.543,2026-07-02 09:35:38.544,os_log_pending_fsyncs,1,1,0.000398,enabled
1782984938.543,2026-07-02 09:35:38.544,os_log_pending_writes,0,0,0.000000,enabled
1782984938.543,2026-07-02 09:35:38.544,trx_rseg_history_len,1144,1144,0.000000,enabled
1782984939.613,2026-07-02 09:35:39.614,adaptive_hash_searches,0,0,0.000000,enabled
1782984939.613,2026-07-02 09:35:39.614,adaptive_hash_searches_btree,629318300,629318300,250109.279967,enabled
1782984939.613,2026-07-02 09:35:39.614,buffer_data_reads,1414352636416,1414352636416,562104669.402729,enabled
1782984939.613,2026-07-02 09:35:39.614,buffer_data_written,639461529088,639461529088,254140517.650972,enabled
1782984939.613,2026-07-02 09:35:39.614,buffer_pages0_read,7,7,0.002782,enabled
1782984939.613,2026-07-02 09:35:39.614,buffer_pages_created,1820637,1820637,723.573839,enabled
1782984939.613,2026-07-02 09:35:39.614,buffer_pages_read,86568715,86568715,34404.912724,enabled
1782984939.613,2026-07-02 09:35:39.614,buffer_pages_written,28574109,28574109,11356.177913,enabled
1782984939.613,2026-07-02 09:35:39.614,buffer_pool_bytes_data,12856033280,12856033280,0.000000,enabled
1782984939.613,2026-07-02 09:35:39.614,buffer_pool_bytes_dirty,4625973248,4625973248,0.000000,enabled
1782984939.613,2026-07-02 09:35:39.614,buffer_pool_pages_data,784670,784670,0.000000,enabled
1782984939.613,2026-07-02 09:35:39.614,buffer_pool_pages_dirty,282347,282347,0.000000,enabled
1782984939.613,2026-07-02 09:35:39.614,buffer_pool_pages_flushed,28517026,28517026,0.000000,enabled
1782984939.613,2026-07-02 09:35:39.614,buffer_pool_pages_free,1665,1665,0.000000,enabled
1782984939.613,2026-07-02 09:35:39.614,buffer_pool_pages_lru_flushed,0,0,0.000000,enabled
1782984939.613,2026-07-02 09:35:39.614,buffer_pool_pages_misc,97,97,0.000000,enabled
1782984939.613,2026-07-02 09:35:39.614,buffer_pool_pages_total,786432,786432,0.000000,enabled
1782984939.613,2026-07-02 09:35:39.614,buffer_pool_reads,85660343,85660343,34043.900548,enabled
1782984939.613,2026-07-02 09:35:39.614,buffer_pool_read_ahead,803715,803715,319.419608,enabled
1782984939.613,2026-07-02 09:35:39.614,buffer_pool_read_ahead_evicted,25,25,0.009936,enabled
1782984939.613,2026-07-02 09:35:39.614,buffer_pool_read_requests,3035472740,3035472740,1206384.751157,enabled
1782984939.613,2026-07-02 09:35:39.614,buffer_pool_size,12884901888,12884901888,0.000000,enabled
1782984939.613,2026-07-02 09:35:39.614,buffer_pool_wait_free,18945,18945,7.529291,enabled
1782984939.613,2026-07-02 09:35:39.614,buffer_pool_write_requests,626551752,626551752,249009.806272,enabled
1782984939.613,2026-07-02 09:35:39.614,dml_deletes,14047917,14047917,5583.048076,enabled
1782984939.613,2026-07-02 09:35:39.614,dml_inserts,113933324,113933324,45280.394660,enabled
1782984939.613,2026-07-02 09:35:39.614,dml_system_deletes,468,468,0.185997,enabled
1782984939.613,2026-07-02 09:35:39.614,dml_system_inserts,1202,1202,0.477710,enabled
1782984939.613,2026-07-02 09:35:39.614,dml_system_reads,7661,7661,3.044703,enabled
1782984939.613,2026-07-02 09:35:39.614,dml_system_updates,620,620,0.246406,enabled
1782984939.613,2026-07-02 09:35:39.614,dml_updates,28095958,28095958,11166.145424,enabled
1782984939.613,2026-07-02 09:35:39.614,file_num_open_files,35,35,0.000000,enabled
1782984939.613,2026-07-02 09:35:39.614,ibuf_merges,0,0,0.000000,enabled
1782984939.613,2026-07-02 09:35:39.614,ibuf_merges_delete,0,0,0.000000,enabled
1782984939.613,2026-07-02 09:35:39.614,ibuf_merges_delete_mark,0,0,0.000000,enabled
1782984939.613,2026-07-02 09:35:39.614,ibuf_merges_discard_delete,0,0,0.000000,enabled
1782984939.613,2026-07-02 09:35:39.614,ibuf_merges_discard_delete_mark,0,0,0.000000,enabled
1782984939.613,2026-07-02 09:35:39.614,ibuf_merges_discard_insert,0,0,0.000000,enabled
1782984939.613,2026-07-02 09:35:39.614,ibuf_merges_insert,0,0,0.000000,enabled
1782984939.613,2026-07-02 09:35:39.614,ibuf_size,1,1,0.000397,enabled
1782984939.613,2026-07-02 09:35:39.614,innodb_activity_count,19048416,19048416,7570.390949,enabled
1782984939.613,2026-07-02 09:35:39.614,innodb_dblwr_pages_written,28514596,28514596,11332.524363,enabled
1782984939.613,2026-07-02 09:35:39.614,innodb_dblwr_writes,589700,589700,234.363819,enabled
1782984939.613,2026-07-02 09:35:39.614,innodb_page_size,16384,16384,0.000000,enabled
1782984939.613,2026-07-02 09:35:39.614,innodb_rwlock_sx_os_waits,0,0,0.000000,enabled
1782984939.613,2026-07-02 09:35:39.614,innodb_rwlock_sx_spin_rounds,0,0,0.000000,enabled
1782984939.613,2026-07-02 09:35:39.614,innodb_rwlock_sx_spin_waits,0,0,0.000000,enabled
1782984939.613,2026-07-02 09:35:39.614,innodb_rwlock_s_os_waits,0,0,0.000000,enabled
1782984939.613,2026-07-02 09:35:39.614,innodb_rwlock_s_spin_rounds,0,0,0.000000,enabled
1782984939.613,2026-07-02 09:35:39.614,innodb_rwlock_s_spin_waits,0,0,0.000000,enabled
1782984939.613,2026-07-02 09:35:39.614,innodb_rwlock_x_os_waits,0,0,0.000000,enabled
1782984939.613,2026-07-02 09:35:39.614,innodb_rwlock_x_spin_rounds,0,0,0.000000,enabled
1782984939.613,2026-07-02 09:35:39.614,innodb_rwlock_x_spin_waits,0,0,0.000000,enabled
1782984939.613,2026-07-02 09:35:39.614,lock_deadlocks,0,0,0.000000,enabled
1782984939.613,2026-07-02 09:35:39.614,lock_deadlock_false_positives,0,0,0.000000,enabled
1782984939.613,2026-07-02 09:35:39.614,lock_deadlock_rounds,2753,2753,1.094122,enabled
1782984939.613,2026-07-02 09:35:39.614,lock_rec_grant_attempts,425,425,0.168907,enabled
1782984939.613,2026-07-02 09:35:39.614,lock_rec_release_attempts,42698748,42698748,16969.718947,enabled
1782984939.613,2026-07-02 09:35:39.614,lock_row_lock_current_waits,0,0,0.000000,enabled
1782984939.613,2026-07-02 09:35:39.614,lock_row_lock_time,323,323,0.128370,enabled
1782984939.613,2026-07-02 09:35:39.614,lock_row_lock_time_avg,0,0,0.000000,enabled
1782984939.613,2026-07-02 09:35:39.614,lock_row_lock_time_max,29,29,0.000000,enabled
1782984939.613,2026-07-02 09:35:39.614,lock_row_lock_waits,425,425,0.168907,enabled
1782984939.613,2026-07-02 09:35:39.614,lock_schedule_refreshes,2753,2753,1.094122,enabled
1782984939.613,2026-07-02 09:35:39.614,lock_threads_waiting,0,0,0.000000,enabled
1782984939.613,2026-07-02 09:35:39.614,lock_timeouts,0,0,0.000000,enabled
1782984939.613,2026-07-02 09:35:39.614,log_waits,0,0,0.000000,enabled
1782984939.613,2026-07-02 09:35:39.614,log_writes,214473564,214473564,85237.994895,enabled
1782984939.613,2026-07-02 09:35:39.614,log_write_requests,423516085,423516085,168317.536369,enabled
1782984939.613,2026-07-02 09:35:39.614,os_data_fsyncs,61467468,61467468,24428.949444,enabled
1782984939.613,2026-07-02 09:35:39.614,os_data_reads,86624062,86624062,34426.907478,enabled
1782984939.613,2026-07-02 09:35:39.614,os_data_writes,243885415,243885415,96927.117224,enabled
1782984939.613,2026-07-02 09:35:39.614,os_log_bytes_written,134571722752,134571722752,53482694.404675,enabled
1782984939.613,2026-07-02 09:35:39.614,os_log_fsyncs,53625024,53625024,21312.135347,enabled
1782984939.613,2026-07-02 09:35:39.614,os_log_pending_fsyncs,1,1,0.000397,enabled
1782984939.613,2026-07-02 09:35:39.614,os_log_pending_writes,0,0,0.000000,enabled
1782984939.613,2026-07-02 09:35:39.614,trx_rseg_history_len,1157,1157,0.000000,enabled
1782984940.685,2026-07-02 09:35:40.687,adaptive_hash_searches,0,0,0.000000,enabled
1782984940.685,2026-07-02 09:35:40.687,adaptive_hash_searches_btree,629485082,629485082,250069.265246,enabled
1782984940.685,2026-07-02 09:35:40.687,buffer_data_reads,1415285475840,1415285475840,562236415.382135,enabled
1782984940.685,2026-07-02 09:35:40.687,buffer_data_written,639771721728,639771721728,254155762.483846,enabled
1782984940.685,2026-07-02 09:35:40.687,buffer_pages0_read,7,7,0.002781,enabled
1782984940.685,2026-07-02 09:35:40.687,buffer_pages_created,1820667,1820667,723.278317,enabled
1782984940.685,2026-07-02 09:35:40.687,buffer_pages_read,86625812,86625812,34412.976705,enabled
1782984940.685,2026-07-02 09:35:40.687,buffer_pages_written,28590163,28590163,11357.730378,enabled
1782984940.685,2026-07-02 09:35:40.687,buffer_pool_bytes_data,12855394304,12855394304,0.000000,enabled
1782984940.685,2026-07-02 09:35:40.687,buffer_pool_bytes_dirty,4629544960,4629544960,0.000000,enabled
1782984940.685,2026-07-02 09:35:40.687,buffer_pool_pages_data,784631,784631,0.000000,enabled
1782984940.685,2026-07-02 09:35:40.687,buffer_pool_pages_dirty,282565,282565,0.000000,enabled
1782984940.685,2026-07-02 09:35:40.687,buffer_pool_pages_flushed,28533093,28533093,0.000000,enabled
1782984940.685,2026-07-02 09:35:40.687,buffer_pool_pages_free,1705,1705,0.000000,enabled
1782984940.685,2026-07-02 09:35:40.687,buffer_pool_pages_lru_flushed,0,0,0.000000,enabled
1782984940.685,2026-07-02 09:35:40.687,buffer_pool_pages_misc,96,96,0.000000,enabled
1782984940.685,2026-07-02 09:35:40.687,buffer_pool_pages_total,786432,786432,0.000000,enabled
1782984940.685,2026-07-02 09:35:40.687,buffer_pool_reads,85717382,85717382,34052.094807,enabled
1782984940.685,2026-07-02 09:35:40.687,buffer_pool_read_ahead,803715,803715,319.283890,enabled
1782984940.685,2026-07-02 09:35:40.687,buffer_pool_read_ahead_evicted,25,25,0.009932,enabled
1782984940.685,2026-07-02 09:35:40.687,buffer_pool_read_requests,3036300113,3036300113,1206200.847918,enabled
1782984940.685,2026-07-02 09:35:40.687,buffer_pool_size,12884901888,12884901888,0.000000,enabled
1782984940.685,2026-07-02 09:35:40.687,buffer_pool_wait_free,18945,18945,7.526092,enabled
1782984940.685,2026-07-02 09:35:40.687,buffer_pool_write_requests,626664542,626664542,248948.810467,enabled
1782984940.685,2026-07-02 09:35:40.687,dml_deletes,14052736,14052736,5582.590259,enabled
1782984940.685,2026-07-02 09:35:40.687,dml_inserts,113938143,113938143,45263.069604,enabled
1782984940.685,2026-07-02 09:35:40.687,dml_system_deletes,468,468,0.185918,enabled
1782984940.685,2026-07-02 09:35:40.687,dml_system_inserts,1202,1202,0.477507,enabled
1782984940.685,2026-07-02 09:35:40.687,dml_system_reads,7661,7661,3.043409,enabled
1782984940.685,2026-07-02 09:35:40.687,dml_system_updates,620,620,0.246301,enabled
1782984940.685,2026-07-02 09:35:40.687,dml_updates,28105603,28105603,11165.232549,enabled
1782984940.685,2026-07-02 09:35:40.687,file_num_open_files,35,35,0.000000,enabled
1782984940.685,2026-07-02 09:35:40.687,ibuf_merges,0,0,0.000000,enabled
1782984940.685,2026-07-02 09:35:40.687,ibuf_merges_delete,0,0,0.000000,enabled
1782984940.685,2026-07-02 09:35:40.687,ibuf_merges_delete_mark,0,0,0.000000,enabled
1782984940.685,2026-07-02 09:35:40.687,ibuf_merges_discard_delete,0,0,0.000000,enabled
1782984940.685,2026-07-02 09:35:40.687,ibuf_merges_discard_delete_mark,0,0,0.000000,enabled
1782984940.685,2026-07-02 09:35:40.687,ibuf_merges_discard_insert,0,0,0.000000,enabled
1782984940.685,2026-07-02 09:35:40.687,ibuf_merges_insert,0,0,0.000000,enabled
1782984940.685,2026-07-02 09:35:40.687,ibuf_size,1,1,0.000397,enabled
1782984940.685,2026-07-02 09:35:40.687,innodb_activity_count,19053962,19053962,7569.377523,enabled
1782984940.685,2026-07-02 09:35:40.687,innodb_dblwr_pages_written,28530663,28530663,11334.091989,enabled
1782984940.685,2026-07-02 09:35:40.687,innodb_dblwr_writes,590080,590080,234.415198,enabled
1782984940.685,2026-07-02 09:35:40.687,innodb_page_size,16384,16384,0.000000,enabled
1782984940.685,2026-07-02 09:35:40.687,innodb_rwlock_sx_os_waits,0,0,0.000000,enabled
1782984940.685,2026-07-02 09:35:40.687,innodb_rwlock_sx_spin_rounds,0,0,0.000000,enabled
1782984940.685,2026-07-02 09:35:40.687,innodb_rwlock_sx_spin_waits,0,0,0.000000,enabled
1782984940.685,2026-07-02 09:35:40.687,innodb_rwlock_s_os_waits,0,0,0.000000,enabled
1782984940.685,2026-07-02 09:35:40.687,innodb_rwlock_s_spin_rounds,0,0,0.000000,enabled
1782984940.685,2026-07-02 09:35:40.687,innodb_rwlock_s_spin_waits,0,0,0.000000,enabled
1782984940.685,2026-07-02 09:35:40.687,innodb_rwlock_x_os_waits,0,0,0.000000,enabled
1782984940.685,2026-07-02 09:35:40.687,innodb_rwlock_x_spin_rounds,0,0,0.000000,enabled
1782984940.685,2026-07-02 09:35:40.687,innodb_rwlock_x_spin_waits,0,0,0.000000,enabled
1782984940.685,2026-07-02 09:35:40.687,lock_deadlocks,0,0,0.000000,enabled
1782984940.685,2026-07-02 09:35:40.687,lock_deadlock_false_positives,0,0,0.000000,enabled
1782984940.685,2026-07-02 09:35:40.687,lock_deadlock_rounds,2754,2754,1.094054,enabled
1782984940.685,2026-07-02 09:35:40.687,lock_rec_grant_attempts,425,425,0.168836,enabled
1782984940.685,2026-07-02 09:35:40.687,lock_rec_release_attempts,42713400,42713400,16968.329258,enabled
1782984940.685,2026-07-02 09:35:40.687,lock_row_lock_current_waits,0,0,0.000000,enabled
1782984940.685,2026-07-02 09:35:40.687,lock_row_lock_time,323,323,0.128315,enabled
1782984940.685,2026-07-02 09:35:40.687,lock_row_lock_time_avg,0,0,0.000000,enabled
1782984940.685,2026-07-02 09:35:40.687,lock_row_lock_time_max,29,29,0.000000,enabled
1782984940.685,2026-07-02 09:35:40.687,lock_row_lock_waits,425,425,0.168836,enabled
1782984940.685,2026-07-02 09:35:40.687,lock_schedule_refreshes,2754,2754,1.094054,enabled
1782984940.685,2026-07-02 09:35:40.687,lock_threads_waiting,0,0,0.000000,enabled
1782984940.685,2026-07-02 09:35:40.687,lock_timeouts,0,0,0.000000,enabled
1782984940.685,2026-07-02 09:35:40.687,log_waits,0,0,0.000000,enabled
1782984940.685,2026-07-02 09:35:40.687,log_writes,214552705,214552705,85233.217115,enabled
1782984940.685,2026-07-02 09:35:40.687,log_write_requests,423598050,423598050,168278.580260,enabled
1782984940.685,2026-07-02 09:35:40.687,os_data_fsyncs,61500822,61500822,24431.819903,enabled
1782984940.685,2026-07-02 09:35:40.687,os_data_reads,86681014,86681014,34434.904388,enabled
1782984940.685,2026-07-02 09:35:40.687,os_data_writes,243980890,243980890,96923.861726,enabled
1782984940.685,2026-07-02 09:35:40.687,os_log_bytes_written,134612924416,134612924416,53476337.600726,enabled
1782984940.685,2026-07-02 09:35:40.687,os_log_fsyncs,53653236,53653236,21314.287410,enabled
1782984940.685,2026-07-02 09:35:40.687,os_log_pending_fsyncs,1,1,0.000397,enabled
1782984940.685,2026-07-02 09:35:40.687,os_log_pending_writes,1,1,0.000397,enabled
1782984940.685,2026-07-02 09:35:40.687,trx_rseg_history_len,1149,1149,0.000000,enabled
1782984941.755,2026-07-02 09:35:41.756,adaptive_hash_searches,0,0,0.000000,enabled
1782984941.755,2026-07-02 09:35:41.756,adaptive_hash_searches_btree,629653657,629653657,250029.656717,enabled
1782984941.755,2026-07-02 09:35:41.756,buffer_data_reads,1416221428224,1416221428224,562368518.447686,enabled
1782984941.755,2026-07-02 09:35:41.756,buffer_data_written,640083271168,640083271168,254171186.405715,enabled
1782984941.755,2026-07-02 09:35:41.756,buffer_pages0_read,7,7,0.002780,enabled
1782984941.755,2026-07-02 09:35:41.756,buffer_pages_created,1820701,1820701,722.983648,enabled
1782984941.755,2026-07-02 09:35:41.756,buffer_pages_read,86683093,86683093,34421.059940,enabled
1782984941.755,2026-07-02 09:35:41.756,buffer_pages_written,28606276,28606276,11359.289455,enabled
1782984941.755,2026-07-02 09:35:41.756,buffer_pool_bytes_data,12857589760,12857589760,0.000000,enabled
1782984941.755,2026-07-02 09:35:41.756,buffer_pool_bytes_dirty,4633788416,4633788416,0.000000,enabled
1782984941.755,2026-07-02 09:35:41.756,buffer_pool_pages_data,784765,784765,0.000000,enabled
1782984941.755,2026-07-02 09:35:41.756,buffer_pool_pages_dirty,282824,282824,0.000000,enabled
1782984941.755,2026-07-02 09:35:41.756,buffer_pool_pages_flushed,28549206,28549206,0.000000,enabled
1782984941.755,2026-07-02 09:35:41.756,buffer_pool_pages_free,1571,1571,0.000000,enabled
1782984941.755,2026-07-02 09:35:41.756,buffer_pool_pages_lru_flushed,0,0,0.000000,enabled
1782984941.755,2026-07-02 09:35:41.756,buffer_pool_pages_misc,96,96,0.000000,enabled
1782984941.755,2026-07-02 09:35:41.756,buffer_pool_pages_total,786432,786432,0.000000,enabled
1782984941.755,2026-07-02 09:35:41.756,buffer_pool_reads,85774603,85774603,34060.308066,enabled
1782984941.755,2026-07-02 09:35:41.756,buffer_pool_read_ahead,803715,803715,319.147851,enabled
1782984941.755,2026-07-02 09:35:41.756,buffer_pool_read_ahead_evicted,25,25,0.009927,enabled
1782984941.755,2026-07-02 09:35:41.756,buffer_pool_read_requests,3037135118,3037135118,1206018.491195,enabled
1782984941.755,2026-07-02 09:35:41.756,buffer_pool_size,12884901888,12884901888,0.000000,enabled
1782984941.755,2026-07-02 09:35:41.756,buffer_pool_wait_free,18945,18945,7.522886,enabled
1782984941.755,2026-07-02 09:35:41.756,buffer_pool_write_requests,626778160,626778160,248887.856807,enabled
1782984941.755,2026-07-02 09:35:41.756,dml_deletes,14057606,14057606,5582.145495,enabled
1782984941.755,2026-07-02 09:35:41.756,dml_inserts,113943011,113943011,45245.717224,enabled
1782984941.755,2026-07-02 09:35:41.756,dml_system_deletes,468,468,0.185838,enabled
1782984941.755,2026-07-02 09:35:41.756,dml_system_inserts,1202,1202,0.477303,enabled
1782984941.755,2026-07-02 09:35:41.756,dml_system_reads,7661,7661,3.042112,enabled
1782984941.755,2026-07-02 09:35:41.756,dml_system_updates,620,620,0.246196,enabled
1782984941.755,2026-07-02 09:35:41.756,dml_updates,28115337,28115337,11164.340616,enabled
1782984941.755,2026-07-02 09:35:41.756,file_num_open_files,35,35,0.000000,enabled
1782984941.755,2026-07-02 09:35:41.756,ibuf_merges,0,0,0.000000,enabled
1782984941.755,2026-07-02 09:35:41.756,ibuf_merges_delete,0,0,0.000000,enabled
1782984941.755,2026-07-02 09:35:41.756,ibuf_merges_delete_mark,0,0,0.000000,enabled
1782984941.755,2026-07-02 09:35:41.756,ibuf_merges_discard_delete,0,0,0.000000,enabled
1782984941.755,2026-07-02 09:35:41.756,ibuf_merges_discard_delete_mark,0,0,0.000000,enabled
1782984941.755,2026-07-02 09:35:41.756,ibuf_merges_discard_insert,0,0,0.000000,enabled
1782984941.755,2026-07-02 09:35:41.756,ibuf_merges_insert,0,0,0.000000,enabled
1782984941.755,2026-07-02 09:35:41.756,ibuf_size,1,1,0.000397,enabled
1782984941.755,2026-07-02 09:35:41.756,innodb_activity_count,19059561,19059561,7568.375717,enabled
1782984941.755,2026-07-02 09:35:41.756,innodb_dblwr_pages_written,28546776,28546776,11335.661150,enabled
1782984941.755,2026-07-02 09:35:41.756,innodb_dblwr_writes,590470,590470,234.470185,enabled
1782984941.755,2026-07-02 09:35:41.756,innodb_page_size,16384,16384,0.000000,enabled
1782984941.755,2026-07-02 09:35:41.756,innodb_rwlock_sx_os_waits,0,0,0.000000,enabled
1782984941.755,2026-07-02 09:35:41.756,innodb_rwlock_sx_spin_rounds,0,0,0.000000,enabled
1782984941.755,2026-07-02 09:35:41.756,innodb_rwlock_sx_spin_waits,0,0,0.000000,enabled
1782984941.755,2026-07-02 09:35:41.756,innodb_rwlock_s_os_waits,0,0,0.000000,enabled
1782984941.755,2026-07-02 09:35:41.756,innodb_rwlock_s_spin_rounds,0,0,0.000000,enabled
1782984941.755,2026-07-02 09:35:41.756,innodb_rwlock_s_spin_waits,0,0,0.000000,enabled
1782984941.755,2026-07-02 09:35:41.756,innodb_rwlock_x_os_waits,0,0,0.000000,enabled
1782984941.755,2026-07-02 09:35:41.756,innodb_rwlock_x_spin_rounds,0,0,0.000000,enabled
1782984941.755,2026-07-02 09:35:41.756,innodb_rwlock_x_spin_waits,0,0,0.000000,enabled
1782984941.755,2026-07-02 09:35:41.756,lock_deadlocks,0,0,0.000000,enabled
1782984941.755,2026-07-02 09:35:41.756,lock_deadlock_false_positives,0,0,0.000000,enabled
1782984941.755,2026-07-02 09:35:41.756,lock_deadlock_rounds,2755,2755,1.093985,enabled
1782984941.755,2026-07-02 09:35:41.756,lock_rec_grant_attempts,425,425,0.168764,enabled
1782984941.755,2026-07-02 09:35:41.756,lock_rec_release_attempts,42728213,42728213,16966.981619,enabled
1782984941.755,2026-07-02 09:35:41.756,lock_row_lock_current_waits,0,0,0.000000,enabled
1782984941.755,2026-07-02 09:35:41.756,lock_row_lock_time,323,323,0.128260,enabled
1782984941.755,2026-07-02 09:35:41.756,lock_row_lock_time_avg,0,0,0.000000,enabled
1782984941.755,2026-07-02 09:35:41.756,lock_row_lock_time_max,29,29,0.000000,enabled
1782984941.755,2026-07-02 09:35:41.756,lock_row_lock_waits,425,425,0.168764,enabled
1782984941.755,2026-07-02 09:35:41.756,lock_schedule_refreshes,2755,2755,1.093985,enabled
1782984941.755,2026-07-02 09:35:41.756,lock_threads_waiting,0,0,0.000000,enabled
1782984941.755,2026-07-02 09:35:41.756,lock_timeouts,0,0,0.000000,enabled
1782984941.755,2026-07-02 09:35:41.756,log_waits,0,0,0.000000,enabled
1782984941.755,2026-07-02 09:35:41.756,log_writes,214632055,214632055,85228.410586,enabled
1782984941.755,2026-07-02 09:35:41.756,log_write_requests,423680878,423680878,168239.771314,enabled
1782984941.755,2026-07-02 09:35:41.756,os_data_fsyncs,61534591,61534591,24434.819492,enabled
1782984941.755,2026-07-02 09:35:41.756,os_data_reads,86738157,86738157,34442.923521,enabled
1782984941.755,2026-07-02 09:35:41.756,os_data_writes,244076678,244076678,96920.601498,enabled
1782984941.755,2026-07-02 09:35:41.756,os_log_bytes_written,134654397440,134654397440,53470021.282042,enabled
1782984941.755,2026-07-02 09:35:41.756,os_log_fsyncs,53681967,53681967,21316.614763,enabled
1782984941.755,2026-07-02 09:35:41.756,os_log_pending_fsyncs,1,1,0.000397,enabled
1782984941.755,2026-07-02 09:35:41.756,os_log_pending_writes,1,1,0.000397,enabled
1782984941.755,2026-07-02 09:35:41.756,trx_rseg_history_len,1188,1188,0.000000,enabled
1782984942.827,2026-07-02 09:35:42.829,adaptive_hash_searches,0,0,0.000000,enabled
1782984942.827,2026-07-02 09:35:42.829,adaptive_hash_searches_btree,629822426,629822426,249990.269855,enabled
1782984942.827,2026-07-02 09:35:42.829,buffer_data_reads,1417160624640,1417160624640,562502052.732359,enabled
1782984942.827,2026-07-02 09:35:42.829,buffer_data_written,640396395520,640396395520,254187338.007881,enabled
1782984942.827,2026-07-02 09:35:42.829,buffer_pages0_read,7,7,0.002778,enabled
1782984942.827,2026-07-02 09:35:42.829,buffer_pages_created,1820734,1820734,722.689160,enabled
1782984942.827,2026-07-02 09:35:42.829,buffer_pages_read,86740592,86740592,34429.238497,enabled
1782984942.827,2026-07-02 09:35:42.829,buffer_pages_written,28622433,28622433,11360.869837,enabled
1782984942.827,2026-07-02 09:35:42.829,buffer_pool_bytes_data,12854427648,12854427648,0.000000,enabled
1782984942.827,2026-07-02 09:35:42.829,buffer_pool_bytes_dirty,4637868032,4637868032,0.000000,enabled
1782984942.827,2026-07-02 09:35:42.829,buffer_pool_pages_data,784572,784572,0.000000,enabled
1782984942.827,2026-07-02 09:35:42.829,buffer_pool_pages_dirty,283073,283073,0.000000,enabled
1782984942.827,2026-07-02 09:35:42.829,buffer_pool_pages_flushed,28565363,28565363,0.000000,enabled
1782984942.827,2026-07-02 09:35:42.829,buffer_pool_pages_free,1764,1764,0.000000,enabled
1782984942.827,2026-07-02 09:35:42.829,buffer_pool_pages_lru_flushed,0,0,0.000000,enabled
1782984942.827,2026-07-02 09:35:42.829,buffer_pool_pages_misc,96,96,0.000000,enabled
1782984942.827,2026-07-02 09:35:42.829,buffer_pool_pages_total,786432,786432,0.000000,enabled
1782984942.827,2026-07-02 09:35:42.829,buffer_pool_reads,85832037,85832037,34068.614263,enabled
1782984942.827,2026-07-02 09:35:42.829,buffer_pool_read_ahead,803715,803715,319.012073,enabled
1782984942.827,2026-07-02 09:35:42.829,buffer_pool_read_ahead_evicted,25,25,0.009923,enabled
1782984942.827,2026-07-02 09:35:42.829,buffer_pool_read_requests,3037974340,3037974340,1205838.508115,enabled
1782984942.827,2026-07-02 09:35:42.829,buffer_pool_size,12884901888,12884901888,0.000000,enabled
1782984942.827,2026-07-02 09:35:42.829,buffer_pool_wait_free,18945,18945,7.519685,enabled
1782984942.827,2026-07-02 09:35:42.829,buffer_pool_write_requests,626893543,626893543,248827.767953,enabled
1782984942.827,2026-07-02 09:35:42.829,dml_deletes,14062489,14062489,5581.708734,enabled
1782984942.827,2026-07-02 09:35:42.829,dml_inserts,113947896,113947896,45228.406349,enabled
1782984942.827,2026-07-02 09:35:42.829,dml_system_deletes,468,468,0.185759,enabled
1782984942.827,2026-07-02 09:35:42.829,dml_system_inserts,1202,1202,0.477100,enabled
1782984942.827,2026-07-02 09:35:42.829,dml_system_reads,7661,7661,3.040818,enabled
1782984942.827,2026-07-02 09:35:42.829,dml_system_updates,620,620,0.246092,enabled
1782984942.827,2026-07-02 09:35:42.829,dml_updates,28125107,28125107,11163.468662,enabled
1782984942.827,2026-07-02 09:35:42.829,file_num_open_files,35,35,0.000000,enabled
1782984942.827,2026-07-02 09:35:42.829,ibuf_merges,0,0,0.000000,enabled
1782984942.827,2026-07-02 09:35:42.829,ibuf_merges_delete,0,0,0.000000,enabled
1782984942.827,2026-07-02 09:35:42.829,ibuf_merges_delete_mark,0,0,0.000000,enabled
1782984942.827,2026-07-02 09:35:42.829,ibuf_merges_discard_delete,0,0,0.000000,enabled
1782984942.827,2026-07-02 09:35:42.829,ibuf_merges_discard_delete_mark,0,0,0.000000,enabled
1782984942.827,2026-07-02 09:35:42.829,ibuf_merges_discard_insert,0,0,0.000000,enabled
1782984942.827,2026-07-02 09:35:42.829,ibuf_merges_insert,0,0,0.000000,enabled
1782984942.827,2026-07-02 09:35:42.829,ibuf_size,1,1,0.000397,enabled
1782984942.827,2026-07-02 09:35:42.829,innodb_activity_count,19065179,19065179,7567.385652,enabled
1782984942.827,2026-07-02 09:35:42.829,innodb_dblwr_pages_written,28562933,28562933,11337.251445,enabled
1782984942.827,2026-07-02 09:35:42.829,innodb_dblwr_writes,590842,590842,234.518084,enabled
1782984942.827,2026-07-02 09:35:42.829,innodb_page_size,16384,16384,0.000000,enabled
1782984942.827,2026-07-02 09:35:42.829,innodb_rwlock_sx_os_waits,0,0,0.000000,enabled
1782984942.827,2026-07-02 09:35:42.829,innodb_rwlock_sx_spin_rounds,0,0,0.000000,enabled
1782984942.827,2026-07-02 09:35:42.829,innodb_rwlock_sx_spin_waits,0,0,0.000000,enabled
1782984942.827,2026-07-02 09:35:42.829,innodb_rwlock_s_os_waits,0,0,0.000000,enabled
1782984942.827,2026-07-02 09:35:42.829,innodb_rwlock_s_spin_rounds,0,0,0.000000,enabled
1782984942.827,2026-07-02 09:35:42.829,innodb_rwlock_s_spin_waits,0,0,0.000000,enabled
1782984942.827,2026-07-02 09:35:42.829,innodb_rwlock_x_os_waits,0,0,0.000000,enabled
1782984942.827,2026-07-02 09:35:42.829,innodb_rwlock_x_spin_rounds,0,0,0.000000,enabled
1782984942.827,2026-07-02 09:35:42.829,innodb_rwlock_x_spin_waits,0,0,0.000000,enabled
1782984942.827,2026-07-02 09:35:42.829,lock_deadlocks,0,0,0.000000,enabled
1782984942.827,2026-07-02 09:35:42.829,lock_deadlock_false_positives,0,0,0.000000,enabled
1782984942.827,2026-07-02 09:35:42.829,lock_deadlock_rounds,2756,2756,1.093917,enabled
1782984942.827,2026-07-02 09:35:42.829,lock_rec_grant_attempts,425,425,0.168692,enabled
1782984942.827,2026-07-02 09:35:42.829,lock_rec_release_attempts,42743043,42743043,16965.649554,enabled
1782984942.827,2026-07-02 09:35:42.829,lock_row_lock_current_waits,0,0,0.000000,enabled
1782984942.827,2026-07-02 09:35:42.829,lock_row_lock_time,323,323,0.128206,enabled
1782984942.827,2026-07-02 09:35:42.829,lock_row_lock_time_avg,0,0,0.000000,enabled
1782984942.827,2026-07-02 09:35:42.829,lock_row_lock_time_max,29,29,0.000000,enabled
1782984942.827,2026-07-02 09:35:42.829,lock_row_lock_waits,425,425,0.168692,enabled
1782984942.827,2026-07-02 09:35:42.829,lock_schedule_refreshes,2756,2756,1.093917,enabled
1782984942.827,2026-07-02 09:35:42.829,lock_threads_waiting,0,0,0.000000,enabled
1782984942.827,2026-07-02 09:35:42.829,lock_timeouts,0,0,0.000000,enabled
1782984942.827,2026-07-02 09:35:42.829,log_waits,0,0,0.000000,enabled
1782984942.827,2026-07-02 09:35:42.829,log_writes,214713435,214713435,85224.452203,enabled
1782984942.827,2026-07-02 09:35:42.829,log_write_requests,423765081,423765081,168201.616801,enabled
1782984942.827,2026-07-02 09:35:42.829,os_data_fsyncs,61568199,61568199,24437.763643,enabled
1782984942.827,2026-07-02 09:35:42.829,os_data_reads,86795473,86795473,34451.020040,enabled
1782984942.827,2026-07-02 09:35:42.829,os_data_writes,244174492,244174492,96918.191935,enabled
1782984942.827,2026-07-02 09:35:42.829,os_log_bytes_written,134696690176,134696690176,53464059.789321,enabled
1782984942.827,2026-07-02 09:35:42.829,os_log_fsyncs,53710623,53710623,21318.919961,enabled
1782984942.827,2026-07-02 09:35:42.829,os_log_pending_fsyncs,1,1,0.000397,enabled
1782984942.827,2026-07-02 09:35:42.829,os_log_pending_writes,1,1,0.000397,enabled
1782984942.827,2026-07-02 09:35:42.829,trx_rseg_history_len,63,63,0.000000,enabled
1782984943.899,2026-07-02 09:35:43.901,adaptive_hash_searches,0,0,0.000000,enabled
1782984943.899,2026-07-02 09:35:43.901,adaptive_hash_searches_btree,629985845,629985845,249948.952788,enabled
1782984943.899,2026-07-02 09:35:43.901,buffer_data_reads,1418070624768,1418070624768,562624233.316200,enabled
1782984943.899,2026-07-02 09:35:43.901,buffer_data_written,640699404288,640699404288,254199617.831710,enabled
1782984943.899,2026-07-02 09:35:43.901,buffer_pages0_read,7,7,0.002777,enabled
1782984943.899,2026-07-02 09:35:43.901,buffer_pages_created,1820760,1820760,722.392587,enabled
1782984943.899,2026-07-02 09:35:43.901,buffer_pages_read,86796300,86796300,34436.720543,enabled
1782984943.899,2026-07-02 09:35:43.901,buffer_pages_written,28638125,28638125,11362.271326,enabled
1782984943.899,2026-07-02 09:35:43.901,buffer_pool_bytes_data,12853510144,12853510144,0.000000,enabled
1782984943.899,2026-07-02 09:35:43.901,buffer_pool_bytes_dirty,4642750464,4642750464,0.000000,enabled
1782984943.899,2026-07-02 09:35:43.901,buffer_pool_pages_data,784516,784516,0.000000,enabled
1782984943.899,2026-07-02 09:35:43.901,buffer_pool_pages_dirty,283372,283372,0.000000,enabled
1782984943.899,2026-07-02 09:35:43.901,buffer_pool_pages_flushed,28581048,28581048,0.000000,enabled
1782984943.899,2026-07-02 09:35:43.901,buffer_pool_pages_free,1818,1818,0.000000,enabled
1782984943.899,2026-07-02 09:35:43.901,buffer_pool_pages_lru_flushed,0,0,0.000000,enabled
1782984943.899,2026-07-02 09:35:43.901,buffer_pool_pages_misc,96,96,0.000000,enabled
1782984943.899,2026-07-02 09:35:43.901,buffer_pool_pages_total,786432,786432,0.000000,enabled
1782984943.899,2026-07-02 09:35:43.901,buffer_pool_reads,85887690,85887690,34076.227710,enabled
1782984943.899,2026-07-02 09:35:43.901,buffer_pool_read_ahead,803715,803715,318.876606,enabled
1782984943.899,2026-07-02 09:35:43.901,buffer_pool_read_ahead_evicted,25,25,0.009919,enabled
1782984943.899,2026-07-02 09:35:43.901,buffer_pool_read_requests,3038780597,3038780597,1205646.339941,enabled
1782984943.899,2026-07-02 09:35:43.901,buffer_pool_size,12884901888,12884901888,0.000000,enabled
1782984943.899,2026-07-02 09:35:43.901,buffer_pool_wait_free,18945,18945,7.516492,enabled
1782984943.899,2026-07-02 09:35:43.901,buffer_pool_write_requests,627000291,627000291,248764.457110,enabled
1782984943.899,2026-07-02 09:35:43.901,dml_deletes,14067220,14067220,5581.215581,enabled
1782984943.899,2026-07-02 09:35:43.901,dml_inserts,113952626,113952626,45211.077417,enabled
1782984943.899,2026-07-02 09:35:43.901,dml_system_deletes,468,468,0.185681,enabled
1782984943.899,2026-07-02 09:35:43.901,dml_system_inserts,1202,1202,0.476897,enabled
1782984943.899,2026-07-02 09:35:43.901,dml_system_reads,7661,7661,3.039527,enabled
1782984943.899,2026-07-02 09:35:43.901,dml_system_updates,620,620,0.245987,enabled
1782984943.899,2026-07-02 09:35:43.901,dml_updates,28134566,28134566,11162.481144,enabled
1782984943.899,2026-07-02 09:35:43.901,file_num_open_files,35,35,0.000000,enabled
1782984943.899,2026-07-02 09:35:43.901,ibuf_merges,0,0,0.000000,enabled
1782984943.899,2026-07-02 09:35:43.901,ibuf_merges_delete,0,0,0.000000,enabled
1782984943.899,2026-07-02 09:35:43.901,ibuf_merges_delete_mark,0,0,0.000000,enabled
1782984943.899,2026-07-02 09:35:43.901,ibuf_merges_discard_delete,0,0,0.000000,enabled
1782984943.899,2026-07-02 09:35:43.901,ibuf_merges_discard_delete_mark,0,0,0.000000,enabled
1782984943.899,2026-07-02 09:35:43.901,ibuf_merges_discard_insert,0,0,0.000000,enabled
1782984943.899,2026-07-02 09:35:43.901,ibuf_merges_insert,0,0,0.000000,enabled
1782984943.899,2026-07-02 09:35:43.901,ibuf_size,1,1,0.000397,enabled
1782984943.899,2026-07-02 09:35:43.901,innodb_activity_count,19070607,19070607,7566.325865,enabled
1782984943.899,2026-07-02 09:35:43.901,innodb_dblwr_pages_written,28578618,28578618,11338.660339,enabled
1782984943.899,2026-07-02 09:35:43.901,innodb_dblwr_writes,591177,591177,234.551412,enabled
1782984943.899,2026-07-02 09:35:43.901,innodb_page_size,16384,16384,0.000000,enabled
1782984943.899,2026-07-02 09:35:43.901,innodb_rwlock_sx_os_waits,0,0,0.000000,enabled
1782984943.899,2026-07-02 09:35:43.901,innodb_rwlock_sx_spin_rounds,0,0,0.000000,enabled
1782984943.899,2026-07-02 09:35:43.901,innodb_rwlock_sx_spin_waits,0,0,0.000000,enabled
1782984943.899,2026-07-02 09:35:43.901,innodb_rwlock_s_os_waits,0,0,0.000000,enabled
1782984943.899,2026-07-02 09:35:43.901,innodb_rwlock_s_spin_rounds,0,0,0.000000,enabled
1782984943.899,2026-07-02 09:35:43.901,innodb_rwlock_s_spin_waits,0,0,0.000000,enabled
1782984943.899,2026-07-02 09:35:43.901,innodb_rwlock_x_os_waits,0,0,0.000000,enabled
1782984943.899,2026-07-02 09:35:43.901,innodb_rwlock_x_spin_rounds,0,0,0.000000,enabled
1782984943.899,2026-07-02 09:35:43.901,innodb_rwlock_x_spin_waits,0,0,0.000000,enabled
1782984943.899,2026-07-02 09:35:43.901,lock_deadlocks,0,0,0.000000,enabled
1782984943.899,2026-07-02 09:35:43.901,lock_deadlock_false_positives,0,0,0.000000,enabled
1782984943.899,2026-07-02 09:35:43.901,lock_deadlock_rounds,2757,2757,1.093849,enabled
1782984943.899,2026-07-02 09:35:43.901,lock_rec_grant_attempts,425,425,0.168620,enabled
1782984943.899,2026-07-02 09:35:43.901,lock_rec_release_attempts,42757420,42757420,16964.149273,enabled
1782984943.899,2026-07-02 09:35:43.901,lock_row_lock_current_waits,0,0,0.000000,enabled
1782984943.899,2026-07-02 09:35:43.901,lock_row_lock_time,323,323,0.128151,enabled
1782984943.899,2026-07-02 09:35:43.901,lock_row_lock_time_avg,0,0,0.000000,enabled
1782984943.899,2026-07-02 09:35:43.901,lock_row_lock_time_max,29,29,0.000000,enabled
1782984943.899,2026-07-02 09:35:43.901,lock_row_lock_waits,425,425,0.168620,enabled
1782984943.899,2026-07-02 09:35:43.901,lock_schedule_refreshes,2757,2757,1.093849,enabled
1782984943.899,2026-07-02 09:35:43.901,lock_threads_waiting,0,0,0.000000,enabled
1782984943.899,2026-07-02 09:35:43.901,lock_timeouts,0,0,0.000000,enabled
1782984943.899,2026-07-02 09:35:43.901,log_waits,0,0,0.000000,enabled
1782984943.899,2026-07-02 09:35:43.901,log_writes,214790341,214790341,85218.775319,enabled
1782984943.899,2026-07-02 09:35:43.901,log_write_requests,423844377,423844377,168161.652841,enabled
1782984943.899,2026-07-02 09:35:43.901,os_data_fsyncs,61599140,61599140,24439.662301,enabled
1782984943.899,2026-07-02 09:35:43.901,os_data_reads,86851045,86851045,34458.439076,enabled
1782984943.899,2026-07-02 09:35:43.901,os_data_writes,244267360,244267360,96913.882135,enabled
1782984943.899,2026-07-02 09:35:43.901,os_log_bytes_written,134736779776,134736779776,53457262.429864,enabled
1782984943.899,2026-07-02 09:35:43.901,os_log_fsyncs,53736975,53736975,21320.322319,enabled
1782984943.899,2026-07-02 09:35:43.901,os_log_pending_fsyncs,1,1,0.000397,enabled
1782984943.899,2026-07-02 09:35:43.901,os_log_pending_writes,0,0,0.000000,enabled
1782984943.899,2026-07-02 09:35:43.901,trx_rseg_history_len,1172,1172,0.000000,enabled
1782984944.969,2026-07-02 09:35:44.971,adaptive_hash_searches,0,0,0.000000,enabled
1782984944.969,2026-07-02 09:35:44.971,adaptive_hash_searches_btree,630149820,630149820,249907.922835,enabled
1782984944.969,2026-07-02 09:35:44.971,buffer_data_reads,1418978642432,1418978642432,562745614.845813,enabled
1782984944.969,2026-07-02 09:35:44.971,buffer_data_written,641008033280,641008033280,254214157.113488,enabled
1782984944.969,2026-07-02 09:35:44.971,buffer_pages0_read,7,7,0.002776,enabled
1782984944.969,2026-07-02 09:35:44.971,buffer_pages_created,1820788,1820788,722.097176,enabled
1782984944.969,2026-07-02 09:35:44.971,buffer_pages_read,86851902,86851902,34444.159784,enabled
1782984944.969,2026-07-02 09:35:44.971,buffer_pages_written,28654112,28654112,11363.790460,enabled
1782984944.969,2026-07-02 09:35:44.971,buffer_pool_bytes_data,12850937856,12850937856,0.000000,enabled
1782984944.969,2026-07-02 09:35:44.971,buffer_pool_bytes_dirty,4643241984,4643241984,0.000000,enabled
1782984944.969,2026-07-02 09:35:44.971,buffer_pool_pages_data,784358,784358,0.000000,enabled
1782984944.969,2026-07-02 09:35:44.971,buffer_pool_pages_dirty,283401,283401,0.000000,enabled
1782984944.969,2026-07-02 09:35:44.971,buffer_pool_pages_flushed,28597042,28597042,0.000000,enabled
1782984944.969,2026-07-02 09:35:44.971,buffer_pool_pages_free,1976,1976,0.000000,enabled
1782984944.969,2026-07-02 09:35:44.971,buffer_pool_pages_lru_flushed,0,0,0.000000,enabled
1782984944.969,2026-07-02 09:35:44.971,buffer_pool_pages_misc,96,96,0.000000,enabled
1782984944.969,2026-07-02 09:35:44.971,buffer_pool_pages_total,786432,786432,0.000000,enabled
1782984944.969,2026-07-02 09:35:44.971,buffer_pool_reads,85943245,85943245,34083.801075,enabled
1782984944.969,2026-07-02 09:35:44.971,buffer_pool_read_ahead,803715,803715,318.741303,enabled
1782984944.969,2026-07-02 09:35:44.971,buffer_pool_read_ahead_evicted,25,25,0.009915,enabled
1782984944.969,2026-07-02 09:35:44.971,buffer_pool_read_requests,3039592452,3039592452,1205456.740978,enabled
1782984944.969,2026-07-02 09:35:44.971,buffer_pool_size,12884901888,12884901888,0.000000,enabled
1782984944.969,2026-07-02 09:35:44.971,buffer_pool_wait_free,18945,18945,7.513303,enabled
1782984944.969,2026-07-02 09:35:44.971,buffer_pool_write_requests,627110369,627110369,248702.558991,enabled
1782984944.969,2026-07-02 09:35:44.971,dml_deletes,14071963,14071963,5580.728332,enabled
1782984944.969,2026-07-02 09:35:44.971,dml_inserts,113957368,113957368,45193.773799,enabled
1782984944.969,2026-07-02 09:35:44.971,dml_system_deletes,468,468,0.185602,enabled
1782984944.969,2026-07-02 09:35:44.971,dml_system_inserts,1202,1202,0.476695,enabled
1782984944.969,2026-07-02 09:35:44.971,dml_system_reads,7661,7661,3.038237,enabled
1782984944.969,2026-07-02 09:35:44.971,dml_system_updates,620,620,0.245883,enabled
1782984944.969,2026-07-02 09:35:44.971,dml_updates,28144050,28144050,11161.505831,enabled
1782984944.969,2026-07-02 09:35:44.971,file_num_open_files,35,35,0.000000,enabled
1782984944.969,2026-07-02 09:35:44.971,ibuf_merges,0,0,0.000000,enabled
1782984944.969,2026-07-02 09:35:44.971,ibuf_merges_delete,0,0,0.000000,enabled
1782984944.969,2026-07-02 09:35:44.971,ibuf_merges_delete_mark,0,0,0.000000,enabled
1782984944.969,2026-07-02 09:35:44.971,ibuf_merges_discard_delete,0,0,0.000000,enabled
1782984944.969,2026-07-02 09:35:44.971,ibuf_merges_discard_delete_mark,0,0,0.000000,enabled
1782984944.969,2026-07-02 09:35:44.971,ibuf_merges_discard_insert,0,0,0.000000,enabled
1782984944.969,2026-07-02 09:35:44.971,ibuf_merges_insert,0,0,0.000000,enabled
1782984944.969,2026-07-02 09:35:44.971,ibuf_size,1,1,0.000397,enabled
1782984944.969,2026-07-02 09:35:44.971,innodb_activity_count,19076058,19076058,7565.277061,enabled
1782984944.969,2026-07-02 09:35:44.971,innodb_dblwr_pages_written,28594612,28594612,11340.192029,enabled
1782984944.969,2026-07-02 09:35:44.971,innodb_dblwr_writes,591539,591539,234.595450,enabled
1782984944.969,2026-07-02 09:35:44.971,innodb_page_size,16384,16384,0.000000,enabled
1782984944.969,2026-07-02 09:35:44.971,innodb_rwlock_sx_os_waits,0,0,0.000000,enabled
1782984944.969,2026-07-02 09:35:44.971,innodb_rwlock_sx_spin_rounds,0,0,0.000000,enabled
1782984944.969,2026-07-02 09:35:44.971,innodb_rwlock_sx_spin_waits,0,0,0.000000,enabled
1782984944.969,2026-07-02 09:35:44.971,innodb_rwlock_s_os_waits,0,0,0.000000,enabled
1782984944.969,2026-07-02 09:35:44.971,innodb_rwlock_s_spin_rounds,0,0,0.000000,enabled
1782984944.969,2026-07-02 09:35:44.971,innodb_rwlock_s_spin_waits,0,0,0.000000,enabled
1782984944.969,2026-07-02 09:35:44.971,innodb_rwlock_x_os_waits,0,0,0.000000,enabled
1782984944.969,2026-07-02 09:35:44.971,innodb_rwlock_x_spin_rounds,0,0,0.000000,enabled
1782984944.969,2026-07-02 09:35:44.971,innodb_rwlock_x_spin_waits,0,0,0.000000,enabled
1782984944.969,2026-07-02 09:35:44.971,lock_deadlocks,0,0,0.000000,enabled
1782984944.969,2026-07-02 09:35:44.971,lock_deadlock_false_positives,0,0,0.000000,enabled
1782984944.969,2026-07-02 09:35:44.971,lock_deadlock_rounds,2758,2758,1.093781,enabled
1782984944.969,2026-07-02 09:35:44.971,lock_rec_grant_attempts,425,425,0.168549,enabled
1782984944.969,2026-07-02 09:35:44.971,lock_rec_release_attempts,42771818,42771818,16962.661255,enabled
1782984944.969,2026-07-02 09:35:44.971,lock_row_lock_current_waits,0,0,0.000000,enabled
1782984944.969,2026-07-02 09:35:44.971,lock_row_lock_time,323,323,0.128097,enabled
1782984944.969,2026-07-02 09:35:44.971,lock_row_lock_time_avg,0,0,0.000000,enabled
1782984944.969,2026-07-02 09:35:44.971,lock_row_lock_time_max,29,29,0.000000,enabled
1782984944.969,2026-07-02 09:35:44.971,lock_row_lock_waits,425,425,0.168549,enabled
1782984944.969,2026-07-02 09:35:44.971,lock_schedule_refreshes,2758,2758,1.093781,enabled
1782984944.969,2026-07-02 09:35:44.971,lock_threads_waiting,0,0,0.000000,enabled
1782984944.969,2026-07-02 09:35:44.971,lock_timeouts,0,0,0.000000,enabled
1782984944.969,2026-07-02 09:35:44.971,log_waits,0,0,0.000000,enabled
1782984944.969,2026-07-02 09:35:44.971,log_writes,214868746,214868746,85213.709350,enabled
1782984944.969,2026-07-02 09:35:44.971,log_write_requests,423925099,423925099,168122.311249,enabled
1782984944.969,2026-07-02 09:35:44.971,os_data_fsyncs,61630759,61630759,24441.831743,enabled
1782984944.969,2026-07-02 09:35:44.971,os_data_reads,86906473,86906473,34465.799668,enabled
1782984944.969,2026-07-02 09:35:44.971,os_data_writes,244362024,244362024,96910.302188,enabled
1782984944.969,2026-07-02 09:35:44.971,os_log_bytes_written,134777633280,134777633280,53450781.439978,enabled
1782984944.969,2026-07-02 09:35:44.971,os_log_fsyncs,53763733,53763733,21321.887543,enabled
1782984944.969,2026-07-02 09:35:44.971,os_log_pending_fsyncs,1,1,0.000397,enabled
1782984944.969,2026-07-02 09:35:44.971,os_log_pending_writes,0,0,0.000000,enabled
1782984944.969,2026-07-02 09:35:44.971,trx_rseg_history_len,1099,1099,0.000000,enabled
1782984946.039,2026-07-02 09:35:46.041,adaptive_hash_searches,0,0,0.000000,enabled
1782984946.039,2026-07-02 09:35:46.041,adaptive_hash_searches_btree,630313142,630313142,249866.633408,enabled
1782984946.039,2026-07-02 09:35:46.041,buffer_data_reads,1419887004160,1419887004160,562866930.369843,enabled
1782984946.039,2026-07-02 09:35:46.041,buffer_data_written,641312684032,641312684032,254227062.117036,enabled
1782984946.039,2026-07-02 09:35:46.041,buffer_pages0_read,7,7,0.002775,enabled
1782984946.039,2026-07-02 09:35:46.041,buffer_pages_created,1820818,1820818,721.802681,enabled
1782984946.039,2026-07-02 09:35:46.041,buffer_pages_read,86907486,86907486,34451.579466,enabled
1782984946.039,2026-07-02 09:35:46.041,buffer_pages_written,28669847,28669847,11365.206391,enabled
1782984946.039,2026-07-02 09:35:46.041,buffer_pool_bytes_data,12857524224,12857524224,0.000000,enabled
1782984946.039,2026-07-02 09:35:46.041,buffer_pool_bytes_dirty,4646699008,4646699008,0.000000,enabled
1782984946.039,2026-07-02 09:35:46.041,buffer_pool_pages_data,784760,784760,0.000000,enabled
1782984946.039,2026-07-02 09:35:46.041,buffer_pool_pages_dirty,283612,283612,0.000000,enabled
1782984946.039,2026-07-02 09:35:46.041,buffer_pool_pages_flushed,28612777,28612777,0.000000,enabled
1782984946.039,2026-07-02 09:35:46.041,buffer_pool_pages_free,1575,1575,0.000000,enabled
1782984946.039,2026-07-02 09:35:46.041,buffer_pool_pages_lru_flushed,0,0,0.000000,enabled
1782984946.039,2026-07-02 09:35:46.041,buffer_pool_pages_misc,97,97,0.000000,enabled
1782984946.039,2026-07-02 09:35:46.041,buffer_pool_pages_total,786432,786432,0.000000,enabled
1782984946.039,2026-07-02 09:35:46.041,buffer_pool_reads,85998775,85998775,34091.352406,enabled
1782984946.039,2026-07-02 09:35:46.041,buffer_pool_read_ahead,803715,803715,318.606062,enabled
1782984946.039,2026-07-02 09:35:46.041,buffer_pool_read_ahead_evicted,25,25,0.009910,enabled
1782984946.039,2026-07-02 09:35:46.041,buffer_pool_read_requests,3040402304,3040402304,1205266.305315,enabled
1782984946.039,2026-07-02 09:35:46.041,buffer_pool_size,12884901888,12884901888,0.000000,enabled
1782984946.039,2026-07-02 09:35:46.041,buffer_pool_wait_free,18945,18945,7.510115,enabled
1782984946.039,2026-07-02 09:35:46.041,buffer_pool_write_requests,627221288,627221288,248641.004783,enabled
1782984946.039,2026-07-02 09:35:46.041,dml_deletes,14076676,14076676,5580.228822,enabled
1782984946.039,2026-07-02 09:35:46.041,dml_inserts,113962083,113962083,45176.467837,enabled
1782984946.039,2026-07-02 09:35:46.041,dml_system_deletes,468,468,0.185523,enabled
1782984946.039,2026-07-02 09:35:46.041,dml_system_inserts,1202,1202,0.476493,enabled
1782984946.039,2026-07-02 09:35:46.041,dml_system_reads,7661,7661,3.036948,enabled
1782984946.039,2026-07-02 09:35:46.041,dml_system_updates,620,620,0.245778,enabled
1782984946.039,2026-07-02 09:35:46.041,dml_updates,28153477,28153477,11160.507185,enabled
1782984946.039,2026-07-02 09:35:46.041,file_num_open_files,35,35,0.000000,enabled
1782984946.039,2026-07-02 09:35:46.041,ibuf_merges,0,0,0.000000,enabled
1782984946.039,2026-07-02 09:35:46.041,ibuf_merges_delete,0,0,0.000000,enabled
1782984946.039,2026-07-02 09:35:46.041,ibuf_merges_delete_mark,0,0,0.000000,enabled
1782984946.039,2026-07-02 09:35:46.041,ibuf_merges_discard_delete,0,0,0.000000,enabled
1782984946.039,2026-07-02 09:35:46.041,ibuf_merges_discard_delete_mark,0,0,0.000000,enabled
1782984946.039,2026-07-02 09:35:46.041,ibuf_merges_discard_insert,0,0,0.000000,enabled
1782984946.039,2026-07-02 09:35:46.041,ibuf_merges_insert,0,0,0.000000,enabled
1782984946.039,2026-07-02 09:35:46.041,ibuf_size,1,1,0.000396,enabled
1782984946.039,2026-07-02 09:35:46.041,innodb_activity_count,19081479,19081479,7564.216187,enabled
1782984946.039,2026-07-02 09:35:46.041,innodb_dblwr_pages_written,28610347,28610347,11341.618156,enabled
1782984946.039,2026-07-02 09:35:46.041,innodb_dblwr_writes,591875,591875,234.629110,enabled
1782984946.039,2026-07-02 09:35:46.041,innodb_page_size,16384,16384,0.000000,enabled
1782984946.039,2026-07-02 09:35:46.041,innodb_rwlock_sx_os_waits,0,0,0.000000,enabled
1782984946.039,2026-07-02 09:35:46.041,innodb_rwlock_sx_spin_rounds,0,0,0.000000,enabled
1782984946.039,2026-07-02 09:35:46.041,innodb_rwlock_sx_spin_waits,0,0,0.000000,enabled
1782984946.039,2026-07-02 09:35:46.041,innodb_rwlock_s_os_waits,0,0,0.000000,enabled
1782984946.039,2026-07-02 09:35:46.041,innodb_rwlock_s_spin_rounds,0,0,0.000000,enabled
1782984946.039,2026-07-02 09:35:46.041,innodb_rwlock_s_spin_waits,0,0,0.000000,enabled
1782984946.039,2026-07-02 09:35:46.041,innodb_rwlock_x_os_waits,0,0,0.000000,enabled
1782984946.039,2026-07-02 09:35:46.041,innodb_rwlock_x_spin_rounds,0,0,0.000000,enabled
1782984946.039,2026-07-02 09:35:46.041,innodb_rwlock_x_spin_waits,0,0,0.000000,enabled
1782984946.039,2026-07-02 09:35:46.041,lock_deadlocks,0,0,0.000000,enabled
1782984946.039,2026-07-02 09:35:46.041,lock_deadlock_false_positives,0,0,0.000000,enabled
1782984946.039,2026-07-02 09:35:46.041,lock_deadlock_rounds,2759,2759,1.093714,enabled
1782984946.039,2026-07-02 09:35:46.041,lock_rec_grant_attempts,425,425,0.168477,enabled
1782984946.039,2026-07-02 09:35:46.041,lock_rec_release_attempts,42786160,42786160,16961.149460,enabled
1782984946.039,2026-07-02 09:35:46.041,lock_row_lock_current_waits,0,0,0.000000,enabled
1782984946.039,2026-07-02 09:35:46.041,lock_row_lock_time,323,323,0.128043,enabled
1782984946.039,2026-07-02 09:35:46.041,lock_row_lock_time_avg,0,0,0.000000,enabled
1782984946.039,2026-07-02 09:35:46.041,lock_row_lock_time_max,29,29,0.000000,enabled
1782984946.039,2026-07-02 09:35:46.041,lock_row_lock_waits,425,425,0.168477,enabled
1782984946.039,2026-07-02 09:35:46.041,lock_schedule_refreshes,2759,2759,1.093714,enabled
1782984946.039,2026-07-02 09:35:46.041,lock_threads_waiting,0,0,0.000000,enabled
1782984946.039,2026-07-02 09:35:46.041,lock_timeouts,0,0,0.000000,enabled
1782984946.039,2026-07-02 09:35:46.041,log_waits,0,0,0.000000,enabled
1782984946.039,2026-07-02 09:35:46.041,log_writes,214947181,214947181,85208.646737,enabled
1782984946.039,2026-07-02 09:35:46.041,log_write_requests,424005356,424005356,168082.793405,enabled
1782984946.039,2026-07-02 09:35:46.041,os_data_fsyncs,61662045,61662045,24443.863486,enabled
1782984946.039,2026-07-02 09:35:46.041,os_data_reads,86961906,86961906,34473.150574,enabled
1782984946.039,2026-07-02 09:35:46.041,os_data_writes,244456447,244456447,96906.614495,enabled
1782984946.039,2026-07-02 09:35:46.041,os_log_bytes_written,134818522112,134818522112,53444311.553517,enabled
1782984946.039,2026-07-02 09:35:46.041,os_log_fsyncs,53790229,53790229,21323.344227,enabled
1782984946.039,2026-07-02 09:35:46.041,os_log_pending_fsyncs,1,1,0.000396,enabled
1782984946.039,2026-07-02 09:35:46.041,os_log_pending_writes,0,0,0.000000,enabled
1782984946.039,2026-07-02 09:35:46.041,trx_rseg_history_len,1014,1014,0.000000,enabled
1782984947.110,2026-07-02 09:35:47.112,adaptive_hash_searches,0,0,0.000000,enabled
1782984947.110,2026-07-02 09:35:47.112,adaptive_hash_searches_btree,630476334,630476334,249825.179131,enabled
1782984947.110,2026-07-02 09:35:47.112,buffer_data_reads,1420794694144,1420794694144,562987552.031379,enabled
1782984947.110,2026-07-02 09:35:47.112,buffer_data_written,641617437184,641617437184,254239850.110127,enabled
1782984947.110,2026-07-02 09:35:47.112,buffer_pages0_read,7,7,0.002774,enabled
1782984947.110,2026-07-02 09:35:47.112,buffer_pages_created,1820851,1820851,721.509208,enabled
1782984947.110,2026-07-02 09:35:47.112,buffer_pages_read,86963052,86963052,34458.965846,enabled
1782984947.110,2026-07-02 09:35:47.112,buffer_pages_written,28685595,28685595,11366.619715,enabled
1782984947.110,2026-07-02 09:35:47.112,buffer_pool_bytes_data,12856426496,12856426496,0.000000,enabled
1782984947.110,2026-07-02 09:35:47.112,buffer_pool_bytes_dirty,4649877504,4649877504,0.000000,enabled
1782984947.110,2026-07-02 09:35:47.112,buffer_pool_pages_data,784694,784694,0.000000,enabled
1782984947.110,2026-07-02 09:35:47.112,buffer_pool_pages_dirty,283806,283806,0.000000,enabled
1782984947.110,2026-07-02 09:35:47.112,buffer_pool_pages_flushed,28628525,28628525,0.000000,enabled
1782984947.110,2026-07-02 09:35:47.112,buffer_pool_pages_free,1641,1641,0.000000,enabled
1782984947.110,2026-07-02 09:35:47.112,buffer_pool_pages_lru_flushed,0,0,0.000000,enabled
1782984947.110,2026-07-02 09:35:47.112,buffer_pool_pages_misc,96,96,0.000000,enabled
1782984947.110,2026-07-02 09:35:47.112,buffer_pool_pages_total,786432,786432,0.000000,enabled
1782984947.110,2026-07-02 09:35:47.112,buffer_pool_reads,86054264,86054264,34098.861181,enabled
1782984947.110,2026-07-02 09:35:47.112,buffer_pool_read_ahead,803715,803715,318.470749,enabled
1782984947.110,2026-07-02 09:35:47.112,buffer_pool_read_ahead_evicted,25,25,0.009906,enabled
1782984947.110,2026-07-02 09:35:47.112,buffer_pool_read_requests,3041211072,3041211072,1205074.899917,enabled
1782984947.110,2026-07-02 09:35:47.112,buffer_pool_size,12884901888,12884901888,0.000000,enabled
1782984947.110,2026-07-02 09:35:47.112,buffer_pool_wait_free,18945,18945,7.506925,enabled
1782984947.110,2026-07-02 09:35:47.112,buffer_pool_write_requests,627330950,627330950,248578.859976,enabled
1782984947.110,2026-07-02 09:35:47.112,dml_deletes,14081394,14081394,5579.728377,enabled
1782984947.110,2026-07-02 09:35:47.112,dml_inserts,113966800,113966800,45159.150336,enabled
1782984947.110,2026-07-02 09:35:47.112,dml_system_deletes,468,468,0.185444,enabled
1782984947.110,2026-07-02 09:35:47.112,dml_system_inserts,1202,1202,0.476290,enabled
1782984947.110,2026-07-02 09:35:47.112,dml_system_reads,7661,7661,3.035658,enabled
1782984947.110,2026-07-02 09:35:47.112,dml_system_updates,620,620,0.245674,enabled
1782984947.110,2026-07-02 09:35:47.112,dml_updates,28162910,28162910,11159.505089,enabled
1782984947.110,2026-07-02 09:35:47.112,file_num_open_files,35,35,0.000000,enabled
1782984947.110,2026-07-02 09:35:47.112,ibuf_merges,0,0,0.000000,enabled
1782984947.110,2026-07-02 09:35:47.112,ibuf_merges_delete,0,0,0.000000,enabled
1782984947.110,2026-07-02 09:35:47.112,ibuf_merges_delete_mark,0,0,0.000000,enabled
1782984947.110,2026-07-02 09:35:47.112,ibuf_merges_discard_delete,0,0,0.000000,enabled
1782984947.110,2026-07-02 09:35:47.112,ibuf_merges_discard_delete_mark,0,0,0.000000,enabled
1782984947.110,2026-07-02 09:35:47.112,ibuf_merges_discard_insert,0,0,0.000000,enabled
1782984947.110,2026-07-02 09:35:47.112,ibuf_merges_insert,0,0,0.000000,enabled
1782984947.110,2026-07-02 09:35:47.112,ibuf_size,1,1,0.000396,enabled
1782984947.110,2026-07-02 09:35:47.112,innodb_activity_count,19086905,19086905,7563.153686,enabled
1782984947.110,2026-07-02 09:35:47.112,innodb_dblwr_pages_written,28626095,28626095,11343.041451,enabled
1782984947.110,2026-07-02 09:35:47.112,innodb_dblwr_writes,592244,592244,234.675678,enabled
1782984947.110,2026-07-02 09:35:47.112,innodb_page_size,16384,16384,0.000000,enabled
1782984947.110,2026-07-02 09:35:47.112,innodb_rwlock_sx_os_waits,0,0,0.000000,enabled
1782984947.110,2026-07-02 09:35:47.112,innodb_rwlock_sx_spin_rounds,0,0,0.000000,enabled
1782984947.110,2026-07-02 09:35:47.112,innodb_rwlock_sx_spin_waits,0,0,0.000000,enabled
1782984947.110,2026-07-02 09:35:47.112,innodb_rwlock_s_os_waits,0,0,0.000000,enabled
1782984947.110,2026-07-02 09:35:47.112,innodb_rwlock_s_spin_rounds,0,0,0.000000,enabled
1782984947.110,2026-07-02 09:35:47.112,innodb_rwlock_s_spin_waits,0,0,0.000000,enabled
1782984947.110,2026-07-02 09:35:47.112,innodb_rwlock_x_os_waits,0,0,0.000000,enabled
1782984947.110,2026-07-02 09:35:47.112,innodb_rwlock_x_spin_rounds,0,0,0.000000,enabled
1782984947.110,2026-07-02 09:35:47.112,innodb_rwlock_x_spin_waits,0,0,0.000000,enabled
1782984947.110,2026-07-02 09:35:47.112,lock_deadlocks,0,0,0.000000,enabled
1782984947.110,2026-07-02 09:35:47.112,lock_deadlock_false_positives,0,0,0.000000,enabled
1782984947.110,2026-07-02 09:35:47.112,lock_deadlock_rounds,2760,2760,1.093645,enabled
1782984947.110,2026-07-02 09:35:47.112,lock_rec_grant_attempts,425,425,0.168406,enabled
1782984947.110,2026-07-02 09:35:47.112,lock_rec_release_attempts,42800498,42800498,16959.627457,enabled
1782984947.110,2026-07-02 09:35:47.112,lock_row_lock_current_waits,0,0,0.000000,enabled
1782984947.110,2026-07-02 09:35:47.112,lock_row_lock_time,323,323,0.127988,enabled
1782984947.110,2026-07-02 09:35:47.112,lock_row_lock_time_avg,0,0,0.000000,enabled
1782984947.110,2026-07-02 09:35:47.112,lock_row_lock_time_max,29,29,0.000000,enabled
1782984947.110,2026-07-02 09:35:47.112,lock_row_lock_waits,425,425,0.168406,enabled
1782984947.110,2026-07-02 09:35:47.112,lock_schedule_refreshes,2760,2760,1.093645,enabled
1782984947.110,2026-07-02 09:35:47.112,lock_threads_waiting,0,0,0.000000,enabled
1782984947.110,2026-07-02 09:35:47.112,lock_timeouts,0,0,0.000000,enabled
1782984947.110,2026-07-02 09:35:47.112,log_waits,0,0,0.000000,enabled
1782984947.110,2026-07-02 09:35:47.112,log_writes,215025637,215025637,85203.546822,enabled
1782984947.110,2026-07-02 09:35:47.112,log_write_requests,424085732,424085732,168043.257768,enabled
1782984947.110,2026-07-02 09:35:47.112,os_data_fsyncs,61693191,61693191,24445.823805,enabled
1782984947.110,2026-07-02 09:35:47.112,os_data_reads,87017333,87017333,34480.472792,enabled
1782984947.110,2026-07-02 09:35:47.112,os_data_writes,244550931,244550931,96902.897681,enabled
1782984947.110,2026-07-02 09:35:47.112,os_log_bytes_written,134859403776,134859403776,53437813.199431,enabled
1782984947.110,2026-07-02 09:35:47.112,os_log_fsyncs,53816238,53816238,21324.594282,enabled
1782984947.110,2026-07-02 09:35:47.112,os_log_pending_fsyncs,1,1,0.000396,enabled
1782984947.110,2026-07-02 09:35:47.112,os_log_pending_writes,0,0,0.000000,enabled
1782984947.110,2026-07-02 09:35:47.112,trx_rseg_history_len,912,912,0.000000,enabled
1782984948.182,2026-07-02 09:35:48.184,adaptive_hash_searches,0,0,0.000000,enabled
1782984948.182,2026-07-02 09:35:48.184,adaptive_hash_searches_btree,630644146,630644146,249785.545205,enabled
1782984948.182,2026-07-02 09:35:48.184,buffer_data_reads,1421721111040,1421721111040,563115380.229759,enabled
1782984948.182,2026-07-02 09:35:48.184,buffer_data_written,641929644032,641929644032,254255530.533431,enabled
1782984948.182,2026-07-02 09:35:48.184,buffer_pages0_read,7,7,0.002773,enabled
1782984948.182,2026-07-02 09:35:48.184,buffer_pages_created,1820887,1820887,721.217035,enabled
1782984948.182,2026-07-02 09:35:48.184,buffer_pages_read,87019753,87019753,34466.788876,enabled
1782984948.182,2026-07-02 09:35:48.184,buffer_pages_written,28701719,28701719,11368.178584,enabled
1782984948.182,2026-07-02 09:35:48.184,buffer_pool_bytes_data,12850774016,12850774016,0.000000,enabled
1782984948.182,2026-07-02 09:35:48.184,buffer_pool_bytes_dirty,4651253760,4651253760,0.000000,enabled
1782984948.182,2026-07-02 09:35:48.184,buffer_pool_pages_data,784349,784349,0.000000,enabled
1782984948.182,2026-07-02 09:35:48.184,buffer_pool_pages_dirty,283890,283890,0.000000,enabled
1782984948.182,2026-07-02 09:35:48.184,buffer_pool_pages_flushed,28644649,28644649,0.000000,enabled
1782984948.182,2026-07-02 09:35:48.184,buffer_pool_pages_free,1987,1987,0.000000,enabled
1782984948.182,2026-07-02 09:35:48.184,buffer_pool_pages_lru_flushed,0,0,0.000000,enabled
1782984948.182,2026-07-02 09:35:48.184,buffer_pool_pages_misc,97,97,0.000000,enabled
1782984948.182,2026-07-02 09:35:48.184,buffer_pool_pages_total,786432,786432,0.000000,enabled
1782984948.182,2026-07-02 09:35:48.184,buffer_pool_reads,86110909,86110909,34106.814993,enabled
1782984948.182,2026-07-02 09:35:48.184,buffer_pool_read_ahead,803715,803715,318.335492,enabled
1782984948.182,2026-07-02 09:35:48.184,buffer_pool_read_ahead_evicted,25,25,0.009902,enabled
1782984948.182,2026-07-02 09:35:48.184,buffer_pool_read_requests,3042041413,3042041413,1204891.974396,enabled
1782984948.182,2026-07-02 09:35:48.184,buffer_pool_size,12884901888,12884901888,0.000000,enabled
1782984948.182,2026-07-02 09:35:48.184,buffer_pool_wait_free,18945,18945,7.503737,enabled
1782984948.182,2026-07-02 09:35:48.184,buffer_pool_write_requests,627443369,627443369,248517.813052,enabled
1782984948.182,2026-07-02 09:35:48.184,dml_deletes,14086246,14086246,5579.280443,enabled
1782984948.182,2026-07-02 09:35:48.184,dml_inserts,113971652,113971652,45141.892993,enabled
1782984948.182,2026-07-02 09:35:48.184,dml_system_deletes,468,468,0.185365,enabled
1782984948.182,2026-07-02 09:35:48.184,dml_system_inserts,1202,1202,0.476088,enabled
1782984948.182,2026-07-02 09:35:48.184,dml_system_reads,7661,7661,3.034369,enabled
1782984948.182,2026-07-02 09:35:48.184,dml_system_updates,620,620,0.245570,enabled
1782984948.182,2026-07-02 09:35:48.184,dml_updates,28172613,28172613,11158.608803,enabled
1782984948.182,2026-07-02 09:35:48.184,file_num_open_files,35,35,0.000000,enabled
1782984948.182,2026-07-02 09:35:48.184,ibuf_merges,0,0,0.000000,enabled
1782984948.182,2026-07-02 09:35:48.184,ibuf_merges_delete,0,0,0.000000,enabled
1782984948.182,2026-07-02 09:35:48.184,ibuf_merges_delete_mark,0,0,0.000000,enabled
1782984948.182,2026-07-02 09:35:48.184,ibuf_merges_discard_delete,0,0,0.000000,enabled
1782984948.182,2026-07-02 09:35:48.184,ibuf_merges_discard_delete_mark,0,0,0.000000,enabled
1782984948.182,2026-07-02 09:35:48.184,ibuf_merges_discard_insert,0,0,0.000000,enabled
1782984948.182,2026-07-02 09:35:48.184,ibuf_merges_insert,0,0,0.000000,enabled
1782984948.182,2026-07-02 09:35:48.184,ibuf_size,1,1,0.000396,enabled
1782984948.182,2026-07-02 09:35:48.184,innodb_activity_count,19092478,19092478,7562.148970,enabled
1782984948.182,2026-07-02 09:35:48.184,innodb_dblwr_pages_written,28642219,28642219,11344.610460,enabled
1782984948.182,2026-07-02 09:35:48.184,innodb_dblwr_writes,592621,592621,234.725333,enabled
1782984948.182,2026-07-02 09:35:48.184,innodb_page_size,16384,16384,0.000000,enabled
1782984948.182,2026-07-02 09:35:48.184,innodb_rwlock_sx_os_waits,0,0,0.000000,enabled
1782984948.182,2026-07-02 09:35:48.184,innodb_rwlock_sx_spin_rounds,0,0,0.000000,enabled
1782984948.182,2026-07-02 09:35:48.184,innodb_rwlock_sx_spin_waits,0,0,0.000000,enabled
1782984948.182,2026-07-02 09:35:48.184,innodb_rwlock_s_os_waits,0,0,0.000000,enabled
1782984948.182,2026-07-02 09:35:48.184,innodb_rwlock_s_spin_rounds,0,0,0.000000,enabled
1782984948.182,2026-07-02 09:35:48.184,innodb_rwlock_s_spin_waits,0,0,0.000000,enabled
1782984948.182,2026-07-02 09:35:48.184,innodb_rwlock_x_os_waits,0,0,0.000000,enabled
1782984948.182,2026-07-02 09:35:48.184,innodb_rwlock_x_spin_rounds,0,0,0.000000,enabled
1782984948.182,2026-07-02 09:35:48.184,innodb_rwlock_x_spin_waits,0,0,0.000000,enabled
1782984948.182,2026-07-02 09:35:48.184,lock_deadlocks,0,0,0.000000,enabled
1782984948.182,2026-07-02 09:35:48.184,lock_deadlock_false_positives,0,0,0.000000,enabled
1782984948.182,2026-07-02 09:35:48.184,lock_deadlock_rounds,2762,2762,1.093973,enabled
1782984948.182,2026-07-02 09:35:48.184,lock_rec_grant_attempts,425,425,0.168334,enabled
1782984948.182,2026-07-02 09:35:48.184,lock_rec_release_attempts,42815246,42815246,16958.265865,enabled
1782984948.182,2026-07-02 09:35:48.184,lock_row_lock_current_waits,0,0,0.000000,enabled
1782984948.182,2026-07-02 09:35:48.184,lock_row_lock_time,323,323,0.127934,enabled
1782984948.182,2026-07-02 09:35:48.184,lock_row_lock_time_avg,0,0,0.000000,enabled
1782984948.182,2026-07-02 09:35:48.184,lock_row_lock_time_max,29,29,0.000000,enabled
1782984948.182,2026-07-02 09:35:48.184,lock_row_lock_waits,425,425,0.168334,enabled
1782984948.182,2026-07-02 09:35:48.184,lock_schedule_refreshes,2762,2762,1.093973,enabled
1782984948.182,2026-07-02 09:35:48.184,lock_threads_waiting,0,0,0.000000,enabled
1782984948.182,2026-07-02 09:35:48.184,lock_timeouts,0,0,0.000000,enabled
1782984948.182,2026-07-02 09:35:48.184,log_waits,0,0,0.000000,enabled
1782984948.182,2026-07-02 09:35:48.184,log_writes,215105995,215105995,85199.188761,enabled
1782984948.182,2026-07-02 09:35:48.184,log_write_requests,424168171,424168171,168004.541633,enabled
1782984948.182,2026-07-02 09:35:48.184,os_data_fsyncs,61726488,61726488,24448.629762,enabled
1782984948.182,2026-07-02 09:35:48.184,os_data_reads,87073855,87073855,34488.215907,enabled
1782984948.182,2026-07-02 09:35:48.184,os_data_writes,244647680,244647680,96900.062646,enabled
1782984948.182,2026-07-02 09:35:48.184,os_log_bytes_written,134901362176,134901362176,53431736.678468,enabled
1782984948.182,2026-07-02 09:35:48.184,os_log_fsyncs,53844463,53844463,21326.716947,enabled
1782984948.182,2026-07-02 09:35:48.184,os_log_pending_fsyncs,1,1,0.000396,enabled
1782984948.182,2026-07-02 09:35:48.184,os_log_pending_writes,1,1,0.000396,enabled
1782984948.182,2026-07-02 09:35:48.184,trx_rseg_history_len,941,941,0.000000,enabled
1782984949.254,2026-07-02 09:35:49.255,adaptive_hash_searches,0,0,0.000000,enabled
1782984949.254,2026-07-02 09:35:49.255,adaptive_hash_searches_btree,630812438,630812438,249746.342835,enabled
1782984949.254,2026-07-02 09:35:49.255,buffer_data_reads,1422654392832,1422654392832,563246304.561546,enabled
1782984949.254,2026-07-02 09:35:49.255,buffer_data_written,642243183616,642243183616,254271944.919742,enabled
1782984949.254,2026-07-02 09:35:49.255,buffer_pages0_read,7,7,0.002771,enabled
1782984949.254,2026-07-02 09:35:49.255,buffer_pages_created,1820922,1820922,720.925337,enabled
1782984949.254,2026-07-02 09:35:49.255,buffer_pages_read,87076890,87076890,34474.807705,enabled
1782984949.254,2026-07-02 09:35:49.255,buffer_pages_written,28717929,28717929,11369.780011,enabled
1782984949.254,2026-07-02 09:35:49.255,buffer_pool_bytes_data,12850151424,12850151424,0.000000,enabled
1782984949.254,2026-07-02 09:35:49.255,buffer_pool_bytes_dirty,4655120384,4655120384,0.000000,enabled
1782984949.254,2026-07-02 09:35:49.255,buffer_pool_pages_data,784311,784311,0.000000,enabled
1782984949.254,2026-07-02 09:35:49.255,buffer_pool_pages_dirty,284126,284126,0.000000,enabled
1782984949.254,2026-07-02 09:35:49.255,buffer_pool_pages_flushed,28660859,28660859,0.000000,enabled
1782984949.254,2026-07-02 09:35:49.255,buffer_pool_pages_free,2025,2025,0.000000,enabled
1782984949.254,2026-07-02 09:35:49.255,buffer_pool_pages_lru_flushed,0,0,0.000000,enabled
1782984949.254,2026-07-02 09:35:49.255,buffer_pool_pages_misc,96,96,0.000000,enabled
1782984949.254,2026-07-02 09:35:49.255,buffer_pool_pages_total,786432,786432,0.000000,enabled
1782984949.254,2026-07-02 09:35:49.255,buffer_pool_reads,86167982,86167982,34114.961035,enabled
1782984949.254,2026-07-02 09:35:49.255,buffer_pool_read_ahead,803715,803715,318.200624,enabled
1782984949.254,2026-07-02 09:35:49.255,buffer_pool_read_ahead_evicted,25,25,0.009898,enabled
1782984949.254,2026-07-02 09:35:49.255,buffer_pool_read_requests,3042875197,3042875197,1204711.609860,enabled
1782984949.254,2026-07-02 09:35:49.255,buffer_pool_size,12884901888,12884901888,0.000000,enabled
1782984949.254,2026-07-02 09:35:49.255,buffer_pool_wait_free,18945,18945,7.500558,enabled
1782984949.254,2026-07-02 09:35:49.255,buffer_pool_write_requests,627556467,627556467,248457.301717,enabled
1782984949.254,2026-07-02 09:35:49.255,dml_deletes,14091115,14091115,5578.844250,enabled
1782984949.254,2026-07-02 09:35:49.255,dml_inserts,113976520,113976520,45124.694094,enabled
1782984949.254,2026-07-02 09:35:49.255,dml_system_deletes,468,468,0.185287,enabled
1782984949.254,2026-07-02 09:35:49.255,dml_system_inserts,1202,1202,0.475886,enabled
1782984949.254,2026-07-02 09:35:49.255,dml_system_reads,7661,7661,3.033083,enabled
1782984949.254,2026-07-02 09:35:49.255,dml_system_updates,620,620,0.245466,enabled
1782984949.254,2026-07-02 09:35:49.255,dml_updates,28182359,28182359,11157.739566,enabled
1782984949.254,2026-07-02 09:35:49.255,file_num_open_files,35,35,0.000000,enabled
1782984949.254,2026-07-02 09:35:49.255,ibuf_merges,0,0,0.000000,enabled
1782984949.254,2026-07-02 09:35:49.255,ibuf_merges_delete,0,0,0.000000,enabled
1782984949.254,2026-07-02 09:35:49.255,ibuf_merges_delete_mark,0,0,0.000000,enabled
1782984949.254,2026-07-02 09:35:49.255,ibuf_merges_discard_delete,0,0,0.000000,enabled
1782984949.254,2026-07-02 09:35:49.255,ibuf_merges_discard_delete_mark,0,0,0.000000,enabled
1782984949.254,2026-07-02 09:35:49.255,ibuf_merges_discard_insert,0,0,0.000000,enabled
1782984949.254,2026-07-02 09:35:49.255,ibuf_merges_insert,0,0,0.000000,enabled
1782984949.254,2026-07-02 09:35:49.255,ibuf_size,1,1,0.000396,enabled
1782984949.254,2026-07-02 09:35:49.255,innodb_activity_count,19098070,19098070,7561.158900,enabled
1782984949.254,2026-07-02 09:35:49.255,innodb_dblwr_pages_written,28658429,28658429,11346.221589,enabled
1782984949.254,2026-07-02 09:35:49.255,innodb_dblwr_writes,592965,592965,234.762076,enabled
1782984949.254,2026-07-02 09:35:49.255,innodb_page_size,16384,16384,0.000000,enabled
1782984949.254,2026-07-02 09:35:49.255,innodb_rwlock_sx_os_waits,0,0,0.000000,enabled
1782984949.254,2026-07-02 09:35:49.255,innodb_rwlock_sx_spin_rounds,0,0,0.000000,enabled
1782984949.254,2026-07-02 09:35:49.255,innodb_rwlock_sx_spin_waits,0,0,0.000000,enabled
1782984949.254,2026-07-02 09:35:49.255,innodb_rwlock_s_os_waits,0,0,0.000000,enabled
1782984949.254,2026-07-02 09:35:49.255,innodb_rwlock_s_spin_rounds,0,0,0.000000,enabled
1782984949.254,2026-07-02 09:35:49.255,innodb_rwlock_s_spin_waits,0,0,0.000000,enabled
1782984949.254,2026-07-02 09:35:49.255,innodb_rwlock_x_os_waits,0,0,0.000000,enabled
1782984949.254,2026-07-02 09:35:49.255,innodb_rwlock_x_spin_rounds,0,0,0.000000,enabled
1782984949.254,2026-07-02 09:35:49.255,innodb_rwlock_x_spin_waits,0,0,0.000000,enabled
1782984949.254,2026-07-02 09:35:49.255,lock_deadlocks,0,0,0.000000,enabled
1782984949.254,2026-07-02 09:35:49.255,lock_deadlock_false_positives,0,0,0.000000,enabled
1782984949.254,2026-07-02 09:35:49.255,lock_deadlock_rounds,2763,2763,1.093906,enabled
1782984949.254,2026-07-02 09:35:49.255,lock_rec_grant_attempts,425,425,0.168263,enabled
1782984949.254,2026-07-02 09:35:49.255,lock_rec_release_attempts,42830034,42830034,16956.936029,enabled
1782984949.254,2026-07-02 09:35:49.255,lock_row_lock_current_waits,0,0,0.000000,enabled
1782984949.254,2026-07-02 09:35:49.255,lock_row_lock_time,323,323,0.127880,enabled
1782984949.254,2026-07-02 09:35:49.255,lock_row_lock_time_avg,0,0,0.000000,enabled
1782984949.254,2026-07-02 09:35:49.255,lock_row_lock_time_max,29,29,0.000000,enabled
1782984949.254,2026-07-02 09:35:49.255,lock_row_lock_waits,425,425,0.168263,enabled
1782984949.254,2026-07-02 09:35:49.255,lock_schedule_refreshes,2763,2763,1.093906,enabled
1782984949.254,2026-07-02 09:35:49.255,lock_threads_waiting,0,0,0.000000,enabled
1782984949.254,2026-07-02 09:35:49.255,lock_timeouts,0,0,0.000000,enabled
1782984949.254,2026-07-02 09:35:49.255,log_waits,0,0,0.000000,enabled
1782984949.254,2026-07-02 09:35:49.255,log_writes,215186441,215186441,85194.940981,enabled
1782984949.254,2026-07-02 09:35:49.255,log_write_requests,424250930,424250930,167966.126475,enabled
1782984949.254,2026-07-02 09:35:49.255,os_data_fsyncs,61760139,61760139,24451.594266,enabled
1782984949.254,2026-07-02 09:35:49.255,os_data_reads,87130836,87130836,34496.163507,enabled
1782984949.254,2026-07-02 09:35:49.255,os_data_writes,244744603,244744603,96897.381285,enabled
1782984949.254,2026-07-02 09:35:49.255,os_log_bytes_written,134943405056,134943405056,53425744.119614,enabled
1782984949.254,2026-07-02 09:35:49.255,os_log_fsyncs,53873199,53873199,21329.058216,enabled
1782984949.254,2026-07-02 09:35:49.255,os_log_pending_fsyncs,1,1,0.000396,enabled
1782984949.254,2026-07-02 09:35:49.255,os_log_pending_writes,0,0,0.000000,enabled
1782984949.254,2026-07-02 09:35:49.255,trx_rseg_history_len,970,970,0.000000,enabled
1782984950.325,2026-07-02 09:35:50.326,adaptive_hash_searches,0,0,0.000000,enabled
1782984950.325,2026-07-02 09:35:50.326,adaptive_hash_searches_btree,630982501,630982501,249707.581747,enabled
1782984950.325,2026-07-02 09:35:50.326,buffer_data_reads,1423600486912,1423600486912,563381508.132308,enabled
1782984950.325,2026-07-02 09:35:50.326,buffer_data_written,642555347456,642555347456,254287494.119440,enabled
1782984950.325,2026-07-02 09:35:50.326,buffer_pages0_read,7,7,0.002770,enabled
1782984950.325,2026-07-02 09:35:50.326,buffer_pages_created,1820958,1820958,720.633409,enabled
1782984950.325,2026-07-02 09:35:50.326,buffer_pages_read,87134772,87134772,34483.072880,enabled
1782984950.325,2026-07-02 09:35:50.326,buffer_pages_written,28734071,28734071,11371.339418,enabled
1782984950.325,2026-07-02 09:35:50.326,buffer_pool_bytes_data,12852707328,12852707328,0.000000,enabled
1782984950.325,2026-07-02 09:35:50.326,buffer_pool_bytes_dirty,4661690368,4661690368,0.000000,enabled
1782984950.325,2026-07-02 09:35:50.326,buffer_pool_pages_data,784467,784467,0.000000,enabled
1782984950.325,2026-07-02 09:35:50.326,buffer_pool_pages_dirty,284527,284527,0.000000,enabled
1782984950.325,2026-07-02 09:35:50.326,buffer_pool_pages_flushed,28677001,28677001,0.000000,enabled
1782984950.325,2026-07-02 09:35:50.326,buffer_pool_pages_free,1868,1868,0.000000,enabled
1782984950.325,2026-07-02 09:35:50.326,buffer_pool_pages_lru_flushed,0,0,0.000000,enabled
1782984950.325,2026-07-02 09:35:50.326,buffer_pool_pages_misc,97,97,0.000000,enabled
1782984950.325,2026-07-02 09:35:50.326,buffer_pool_pages_total,786432,786432,0.000000,enabled
1782984950.325,2026-07-02 09:35:50.326,buffer_pool_reads,86225806,86225806,34123.355953,enabled
1782984950.325,2026-07-02 09:35:50.326,buffer_pool_read_ahead,803715,803715,318.065485,enabled
1782984950.325,2026-07-02 09:35:50.326,buffer_pool_read_ahead_evicted,25,25,0.009894,enabled
1782984950.325,2026-07-02 09:35:50.326,buffer_pool_read_requests,3043716787,3043716787,1204533.024017,enabled
1782984950.325,2026-07-02 09:35:50.326,buffer_pool_size,12884901888,12884901888,0.000000,enabled
1782984950.325,2026-07-02 09:35:50.326,buffer_pool_wait_free,18945,18945,7.497372,enabled
1782984950.325,2026-07-02 09:35:50.326,buffer_pool_write_requests,627669548,627669548,248396.533291,enabled
1782984950.325,2026-07-02 09:35:50.326,dml_deletes,14096039,14096039,5578.423660,enabled
1782984950.325,2026-07-02 09:35:50.326,dml_inserts,113981444,113981444,45107.479104,enabled
1782984950.325,2026-07-02 09:35:50.326,dml_system_deletes,468,468,0.185208,enabled
1782984950.325,2026-07-02 09:35:50.326,dml_system_inserts,1202,1202,0.475684,enabled
1782984950.325,2026-07-02 09:35:50.326,dml_system_reads,7661,7661,3.031795,enabled
1782984950.325,2026-07-02 09:35:50.326,dml_system_updates,620,620,0.245361,enabled
1782984950.325,2026-07-02 09:35:50.326,dml_updates,28192204,28192204,11156.897174,enabled
1782984950.325,2026-07-02 09:35:50.326,file_num_open_files,35,35,0.000000,enabled
1782984950.325,2026-07-02 09:35:50.326,ibuf_merges,0,0,0.000000,enabled
1782984950.325,2026-07-02 09:35:50.326,ibuf_merges_delete,0,0,0.000000,enabled
1782984950.325,2026-07-02 09:35:50.326,ibuf_merges_delete_mark,0,0,0.000000,enabled
1782984950.325,2026-07-02 09:35:50.326,ibuf_merges_discard_delete,0,0,0.000000,enabled
1782984950.325,2026-07-02 09:35:50.326,ibuf_merges_discard_delete_mark,0,0,0.000000,enabled
1782984950.325,2026-07-02 09:35:50.326,ibuf_merges_discard_insert,0,0,0.000000,enabled
1782984950.325,2026-07-02 09:35:50.326,ibuf_merges_insert,0,0,0.000000,enabled
1782984950.325,2026-07-02 09:35:50.326,ibuf_size,1,1,0.000396,enabled
1782984950.325,2026-07-02 09:35:50.326,innodb_activity_count,19103736,19103736,7560.190105,enabled
1782984950.325,2026-07-02 09:35:50.326,innodb_dblwr_pages_written,28674571,28674571,11347.791162,enabled
1782984950.325,2026-07-02 09:35:50.326,innodb_dblwr_writes,593336,593336,234.809198,enabled
1782984950.325,2026-07-02 09:35:50.326,innodb_page_size,16384,16384,0.000000,enabled
1782984950.325,2026-07-02 09:35:50.326,innodb_rwlock_sx_os_waits,0,0,0.000000,enabled
1782984950.325,2026-07-02 09:35:50.326,innodb_rwlock_sx_spin_rounds,0,0,0.000000,enabled
1782984950.325,2026-07-02 09:35:50.326,innodb_rwlock_sx_spin_waits,0,0,0.000000,enabled
1782984950.325,2026-07-02 09:35:50.326,innodb_rwlock_s_os_waits,0,0,0.000000,enabled
1782984950.325,2026-07-02 09:35:50.326,innodb_rwlock_s_spin_rounds,0,0,0.000000,enabled
1782984950.325,2026-07-02 09:35:50.326,innodb_rwlock_s_spin_waits,0,0,0.000000,enabled
1782984950.325,2026-07-02 09:35:50.326,innodb_rwlock_x_os_waits,0,0,0.000000,enabled
1782984950.325,2026-07-02 09:35:50.326,innodb_rwlock_x_spin_rounds,0,0,0.000000,enabled
1782984950.325,2026-07-02 09:35:50.326,innodb_rwlock_x_spin_waits,0,0,0.000000,enabled
1782984950.325,2026-07-02 09:35:50.326,lock_deadlocks,0,0,0.000000,enabled
1782984950.325,2026-07-02 09:35:50.326,lock_deadlock_false_positives,0,0,0.000000,enabled
1782984950.325,2026-07-02 09:35:50.326,lock_deadlock_rounds,2764,2764,1.093837,enabled
1782984950.325,2026-07-02 09:35:50.326,lock_rec_grant_attempts,425,425,0.168191,enabled
1782984950.325,2026-07-02 09:35:50.326,lock_rec_release_attempts,42844999,42844999,16955.656723,enabled
1782984950.325,2026-07-02 09:35:50.326,lock_row_lock_current_waits,0,0,0.000000,enabled
1782984950.325,2026-07-02 09:35:50.326,lock_row_lock_time,323,323,0.127825,enabled
1782984950.325,2026-07-02 09:35:50.326,lock_row_lock_time_avg,0,0,0.000000,enabled
1782984950.325,2026-07-02 09:35:50.326,lock_row_lock_time_max,29,29,0.000000,enabled
1782984950.325,2026-07-02 09:35:50.326,lock_row_lock_waits,425,425,0.168191,enabled
1782984950.325,2026-07-02 09:35:50.326,lock_schedule_refreshes,2764,2764,1.093837,enabled
1782984950.325,2026-07-02 09:35:50.326,lock_threads_waiting,0,0,0.000000,enabled
1782984950.325,2026-07-02 09:35:50.326,lock_timeouts,0,0,0.000000,enabled
1782984950.325,2026-07-02 09:35:50.326,log_waits,0,0,0.000000,enabled
1782984950.325,2026-07-02 09:35:50.326,log_writes,215266696,215266696,85190.520496,enabled
1782984950.325,2026-07-02 09:35:50.326,log_write_requests,424334584,424334584,167927.899527,enabled
1782984950.325,2026-07-02 09:35:50.326,os_data_fsyncs,61794598,61794598,24454.846947,enabled
1782984950.325,2026-07-02 09:35:50.326,os_data_reads,87188564,87188564,34504.358955,enabled
1782984950.325,2026-07-02 09:35:50.326,os_data_writes,244841294,244841294,96894.495135,enabled
1782984950.325,2026-07-02 09:35:50.326,os_log_bytes_written,134985247744,134985247744,53419613.941230,enabled
1782984950.325,2026-07-02 09:35:50.326,os_log_fsyncs,53902504,53902504,21331.597344,enabled
1782984950.325,2026-07-02 09:35:50.326,os_log_pending_fsyncs,0,0,0.000000,enabled
1782984950.325,2026-07-02 09:35:50.326,os_log_pending_writes,0,0,0.000000,enabled
1782984950.325,2026-07-02 09:35:50.326,trx_rseg_history_len,1052,1052,0.000000,enabled
1782984951.397,2026-07-02 09:35:51.399,adaptive_hash_searches,0,0,0.000000,enabled
1782984951.397,2026-07-02 09:35:51.399,adaptive_hash_searches_btree,631147660,631147660,249667.154438,enabled
1782984951.397,2026-07-02 09:35:51.399,buffer_data_reads,1424522398208,1424522398208,563507578.261756,enabled
1782984951.397,2026-07-02 09:35:51.399,buffer_data_written,642895992832,642895992832,254314543.769218,enabled
1782984951.397,2026-07-02 09:35:51.399,buffer_pages0_read,7,7,0.002769,enabled
1782984951.397,2026-07-02 09:35:51.399,buffer_pages_created,1820999,1820999,720.344408,enabled
1782984951.397,2026-07-02 09:35:51.399,buffer_pages_read,87191180,87191180,34490.781487,enabled
1782984951.397,2026-07-02 09:35:51.399,buffer_pages_written,28751940,28751940,11373.591717,enabled
1782984951.397,2026-07-02 09:35:51.399,buffer_pool_bytes_data,12849987584,12849987584,0.000000,enabled
1782984951.397,2026-07-02 09:35:51.399,buffer_pool_bytes_dirty,4635230208,4635230208,0.000000,enabled
1782984951.397,2026-07-02 09:35:51.399,buffer_pool_pages_data,784301,784301,0.000000,enabled
1782984951.397,2026-07-02 09:35:51.399,buffer_pool_pages_dirty,282912,282912,0.000000,enabled
1782984951.397,2026-07-02 09:35:51.399,buffer_pool_pages_flushed,28693020,28693020,0.000000,enabled
1782984951.397,2026-07-02 09:35:51.399,buffer_pool_pages_free,2033,2033,0.000000,enabled
1782984951.397,2026-07-02 09:35:51.399,buffer_pool_pages_lru_flushed,0,0,0.000000,enabled
1782984951.397,2026-07-02 09:35:51.399,buffer_pool_pages_misc,96,96,0.000000,enabled
1782984951.397,2026-07-02 09:35:51.399,buffer_pool_pages_total,786432,786432,0.000000,enabled
1782984951.397,2026-07-02 09:35:51.399,buffer_pool_reads,86282150,86282150,34131.191596,enabled
1782984951.397,2026-07-02 09:35:51.399,buffer_pool_read_ahead,803715,803715,317.930770,enabled
1782984951.397,2026-07-02 09:35:51.399,buffer_pool_read_ahead_evicted,25,25,0.009889,enabled
1782984951.397,2026-07-02 09:35:51.399,buffer_pool_read_requests,3044535547,3044535547,1204346.735001,enabled
1782984951.397,2026-07-02 09:35:51.399,buffer_pool_size,12884901888,12884901888,0.000000,enabled
1782984951.397,2026-07-02 09:35:51.399,buffer_pool_wait_free,18945,18945,7.494197,enabled
1782984951.397,2026-07-02 09:35:51.399,buffer_pool_write_requests,627780363,627780363,248335.162584,enabled
1782984951.397,2026-07-02 09:35:51.399,dml_deletes,14100823,14100823,5577.953459,enabled
1782984951.397,2026-07-02 09:35:51.399,dml_inserts,113986229,113986229,45090.267488,enabled
1782984951.397,2026-07-02 09:35:51.399,dml_system_deletes,468,468,0.185130,enabled
1782984951.397,2026-07-02 09:35:51.399,dml_system_inserts,1202,1202,0.475483,enabled
1782984951.397,2026-07-02 09:35:51.399,dml_system_reads,7661,7661,3.030511,enabled
1782984951.397,2026-07-02 09:35:51.399,dml_system_updates,620,620,0.245257,enabled
1782984951.397,2026-07-02 09:35:51.399,dml_updates,28201771,28201771,11155.956357,enabled
1782984951.397,2026-07-02 09:35:51.399,file_num_open_files,35,35,0.000000,enabled
1782984951.397,2026-07-02 09:35:51.399,ibuf_merges,0,0,0.000000,enabled
1782984951.397,2026-07-02 09:35:51.399,ibuf_merges_delete,0,0,0.000000,enabled
1782984951.397,2026-07-02 09:35:51.399,ibuf_merges_delete_mark,0,0,0.000000,enabled
1782984951.397,2026-07-02 09:35:51.399,ibuf_merges_discard_delete,0,0,0.000000,enabled
1782984951.397,2026-07-02 09:35:51.399,ibuf_merges_discard_delete_mark,0,0,0.000000,enabled
1782984951.397,2026-07-02 09:35:51.399,ibuf_merges_discard_insert,0,0,0.000000,enabled
1782984951.397,2026-07-02 09:35:51.399,ibuf_merges_insert,0,0,0.000000,enabled
1782984951.397,2026-07-02 09:35:51.399,ibuf_size,1,1,0.000396,enabled
1782984951.397,2026-07-02 09:35:51.399,innodb_activity_count,19109236,19109236,7559.163773,enabled
1782984951.397,2026-07-02 09:35:51.399,innodb_dblwr_pages_written,28691614,28691614,11349.726806,enabled
1782984951.397,2026-07-02 09:35:51.399,innodb_dblwr_writes,593724,593724,234.863232,enabled
1782984951.397,2026-07-02 09:35:51.399,innodb_page_size,16384,16384,0.000000,enabled
1782984951.397,2026-07-02 09:35:51.399,innodb_rwlock_sx_os_waits,0,0,0.000000,enabled
1782984951.397,2026-07-02 09:35:51.399,innodb_rwlock_sx_spin_rounds,0,0,0.000000,enabled
1782984951.397,2026-07-02 09:35:51.399,innodb_rwlock_sx_spin_waits,0,0,0.000000,enabled
1782984951.397,2026-07-02 09:35:51.399,innodb_rwlock_s_os_waits,0,0,0.000000,enabled
1782984951.397,2026-07-02 09:35:51.399,innodb_rwlock_s_spin_rounds,0,0,0.000000,enabled
1782984951.397,2026-07-02 09:35:51.399,innodb_rwlock_s_spin_waits,0,0,0.000000,enabled
1782984951.397,2026-07-02 09:35:51.399,innodb_rwlock_x_os_waits,0,0,0.000000,enabled
1782984951.397,2026-07-02 09:35:51.399,innodb_rwlock_x_spin_rounds,0,0,0.000000,enabled
1782984951.397,2026-07-02 09:35:51.399,innodb_rwlock_x_spin_waits,0,0,0.000000,enabled
1782984951.397,2026-07-02 09:35:51.399,lock_deadlocks,0,0,0.000000,enabled
1782984951.397,2026-07-02 09:35:51.399,lock_deadlock_false_positives,0,0,0.000000,enabled
1782984951.397,2026-07-02 09:35:51.399,lock_deadlock_rounds,2765,2765,1.093769,enabled
1782984951.397,2026-07-02 09:35:51.399,lock_rec_grant_attempts,425,425,0.168120,enabled
1782984951.397,2026-07-02 09:35:51.399,lock_rec_release_attempts,42859560,42859560,16954.235230,enabled
1782984951.397,2026-07-02 09:35:51.399,lock_row_lock_current_waits,0,0,0.000000,enabled
1782984951.397,2026-07-02 09:35:51.399,lock_row_lock_time,323,323,0.127771,enabled
1782984951.397,2026-07-02 09:35:51.399,lock_row_lock_time_avg,0,0,0.000000,enabled
1782984951.397,2026-07-02 09:35:51.399,lock_row_lock_time_max,29,29,0.000000,enabled
1782984951.397,2026-07-02 09:35:51.399,lock_row_lock_waits,425,425,0.168120,enabled
1782984951.397,2026-07-02 09:35:51.399,lock_schedule_refreshes,2765,2765,1.093769,enabled
1782984951.397,2026-07-02 09:35:51.399,lock_threads_waiting,0,0,0.000000,enabled
1782984951.397,2026-07-02 09:35:51.399,lock_timeouts,0,0,0.000000,enabled
1782984951.397,2026-07-02 09:35:51.399,log_waits,0,0,0.000000,enabled
1782984951.397,2026-07-02 09:35:51.399,log_writes,215345567,215345567,85185.638385,enabled
1782984951.397,2026-07-02 09:35:51.399,log_write_requests,424415895,424415895,167888.940001,enabled
1782984951.397,2026-07-02 09:35:51.399,os_data_fsyncs,61827221,61827221,24457.394209,enabled
1782984951.397,2026-07-02 09:35:51.399,os_data_reads,87244834,87244834,34512.004040,enabled
1782984951.397,2026-07-02 09:35:51.399,os_data_writes,244938379,244938379,96891.860882,enabled
1782984951.397,2026-07-02 09:35:51.399,os_log_bytes_written,135026371584,135026371584,53413256.176551,enabled
1782984951.397,2026-07-02 09:35:51.399,os_log_fsyncs,53930072,53930072,21333.467792,enabled
1782984951.397,2026-07-02 09:35:51.399,os_log_pending_fsyncs,1,1,0.000396,enabled
1782984951.397,2026-07-02 09:35:51.399,os_log_pending_writes,0,0,0.000000,enabled
1782984951.397,2026-07-02 09:35:51.399,trx_rseg_history_len,1033,1033,0.000000,enabled
1782984952.468,2026-07-02 09:35:52.470,adaptive_hash_searches,0,0,0.000000,enabled
1782984952.468,2026-07-02 09:35:52.470,adaptive_hash_searches_btree,631314846,631314846,249627.428019,enabled
1782984952.468,2026-07-02 09:35:52.470,buffer_data_reads,1425446930944,1425446930944,563634288.893431,enabled
1782984952.468,2026-07-02 09:35:52.470,buffer_data_written,643230720512,643230720512,254339099.962607,enabled
1782984952.468,2026-07-02 09:35:52.470,buffer_pages0_read,7,7,0.002768,enabled
1782984952.468,2026-07-02 09:35:52.470,buffer_pages_created,1821037,1821037,720.054097,enabled
1782984952.468,2026-07-02 09:35:52.470,buffer_pages_read,87247763,87247763,34498.535078,enabled
1782984952.468,2026-07-02 09:35:52.470,buffer_pages_written,28769509,28769509,11375.717662,enabled
1782984952.468,2026-07-02 09:35:52.470,buffer_pool_bytes_data,12852641792,12852641792,0.000000,enabled
1782984952.468,2026-07-02 09:35:52.470,buffer_pool_bytes_dirty,4612358144,4612358144,0.000000,enabled
1782984952.468,2026-07-02 09:35:52.470,buffer_pool_pages_data,784463,784463,0.000000,enabled
1782984952.468,2026-07-02 09:35:52.470,buffer_pool_pages_dirty,281516,281516,0.000000,enabled
1782984952.468,2026-07-02 09:35:52.470,buffer_pool_pages_flushed,28712386,28712386,0.000000,enabled
1782984952.468,2026-07-02 09:35:52.470,buffer_pool_pages_free,1873,1873,0.000000,enabled
1782984952.468,2026-07-02 09:35:52.470,buffer_pool_pages_lru_flushed,0,0,0.000000,enabled
1782984952.468,2026-07-02 09:35:52.470,buffer_pool_pages_misc,97,97,0.000000,enabled
1782984952.468,2026-07-02 09:35:52.470,buffer_pool_pages_total,786432,786432,0.000000,enabled
1782984952.468,2026-07-02 09:35:52.470,buffer_pool_reads,86338688,86338688,34139.079864,enabled
1782984952.468,2026-07-02 09:35:52.470,buffer_pool_read_ahead,803715,803715,317.796007,enabled
1782984952.468,2026-07-02 09:35:52.470,buffer_pool_read_ahead_evicted,25,25,0.009885,enabled
1782984952.468,2026-07-02 09:35:52.470,buffer_pool_read_requests,3045363502,3045363502,1204163.622819,enabled
1782984952.468,2026-07-02 09:35:52.470,buffer_pool_size,12884901888,12884901888,0.000000,enabled
1782984952.468,2026-07-02 09:35:52.470,buffer_pool_wait_free,18945,18945,7.491020,enabled
1782984952.468,2026-07-02 09:35:52.470,buffer_pool_write_requests,627892812,627892812,248274.362680,enabled
1782984952.468,2026-07-02 09:35:52.470,dml_deletes,14105658,14105658,5577.500764,enabled
1782984952.468,2026-07-02 09:35:52.470,dml_inserts,113991065,113991065,45073.065901,enabled
1782984952.468,2026-07-02 09:35:52.470,dml_system_deletes,468,468,0.185051,enabled
1782984952.468,2026-07-02 09:35:52.470,dml_system_inserts,1202,1202,0.475281,enabled
1782984952.468,2026-07-02 09:35:52.470,dml_system_reads,7661,7661,3.029227,enabled
1782984952.468,2026-07-02 09:35:52.470,dml_system_updates,620,620,0.245153,enabled
1782984952.468,2026-07-02 09:35:52.470,dml_updates,28211437,28211437,11155.049363,enabled
1782984952.468,2026-07-02 09:35:52.470,file_num_open_files,35,35,0.000000,enabled
1782984952.468,2026-07-02 09:35:52.470,ibuf_merges,0,0,0.000000,enabled
1782984952.468,2026-07-02 09:35:52.470,ibuf_merges_delete,0,0,0.000000,enabled
1782984952.468,2026-07-02 09:35:52.470,ibuf_merges_delete_mark,0,0,0.000000,enabled
1782984952.468,2026-07-02 09:35:52.470,ibuf_merges_discard_delete,0,0,0.000000,enabled
1782984952.468,2026-07-02 09:35:52.470,ibuf_merges_discard_delete_mark,0,0,0.000000,enabled
1782984952.468,2026-07-02 09:35:52.470,ibuf_merges_discard_insert,0,0,0.000000,enabled
1782984952.468,2026-07-02 09:35:52.470,ibuf_merges_insert,0,0,0.000000,enabled
1782984952.468,2026-07-02 09:35:52.470,ibuf_size,1,1,0.000395,enabled
1782984952.468,2026-07-02 09:35:52.470,innodb_activity_count,19114789,19114789,7558.155160,enabled
1782984952.468,2026-07-02 09:35:52.470,innodb_dblwr_pages_written,28710022,28710022,11352.194348,enabled
1782984952.468,2026-07-02 09:35:52.470,innodb_dblwr_writes,594118,594118,234.919465,enabled
1782984952.468,2026-07-02 09:35:52.470,innodb_page_size,16384,16384,0.000000,enabled
1782984952.468,2026-07-02 09:35:52.470,innodb_rwlock_sx_os_waits,0,0,0.000000,enabled
1782984952.468,2026-07-02 09:35:52.470,innodb_rwlock_sx_spin_rounds,0,0,0.000000,enabled
1782984952.468,2026-07-02 09:35:52.470,innodb_rwlock_sx_spin_waits,0,0,0.000000,enabled
1782984952.468,2026-07-02 09:35:52.470,innodb_rwlock_s_os_waits,0,0,0.000000,enabled
1782984952.468,2026-07-02 09:35:52.470,innodb_rwlock_s_spin_rounds,0,0,0.000000,enabled
1782984952.468,2026-07-02 09:35:52.470,innodb_rwlock_s_spin_waits,0,0,0.000000,enabled
1782984952.468,2026-07-02 09:35:52.470,innodb_rwlock_x_os_waits,0,0,0.000000,enabled
1782984952.468,2026-07-02 09:35:52.470,innodb_rwlock_x_spin_rounds,0,0,0.000000,enabled
1782984952.468,2026-07-02 09:35:52.470,innodb_rwlock_x_spin_waits,0,0,0.000000,enabled
1782984952.468,2026-07-02 09:35:52.470,lock_deadlocks,0,0,0.000000,enabled
1782984952.468,2026-07-02 09:35:52.470,lock_deadlock_false_positives,0,0,0.000000,enabled
1782984952.468,2026-07-02 09:35:52.470,lock_deadlock_rounds,2766,2766,1.093701,enabled
1782984952.468,2026-07-02 09:35:52.470,lock_rec_grant_attempts,425,425,0.168049,enabled
1782984952.468,2026-07-02 09:35:52.470,lock_rec_release_attempts,42874258,42874258,16952.860506,enabled
1782984952.468,2026-07-02 09:35:52.470,lock_row_lock_current_waits,0,0,0.000000,enabled
1782984952.468,2026-07-02 09:35:52.470,lock_row_lock_time,323,323,0.127717,enabled
1782984952.468,2026-07-02 09:35:52.470,lock_row_lock_time_avg,0,0,0.000000,enabled
1782984952.468,2026-07-02 09:35:52.470,lock_row_lock_time_max,29,29,0.000000,enabled
1782984952.468,2026-07-02 09:35:52.470,lock_row_lock_waits,425,425,0.168049,enabled
1782984952.468,2026-07-02 09:35:52.470,lock_schedule_refreshes,2766,2766,1.093701,enabled
1782984952.468,2026-07-02 09:35:52.470,lock_threads_waiting,0,0,0.000000,enabled
1782984952.468,2026-07-02 09:35:52.470,lock_timeouts,0,0,0.000000,enabled
1782984952.468,2026-07-02 09:35:52.470,log_waits,0,0,0.000000,enabled
1782984952.468,2026-07-02 09:35:52.470,log_writes,215425187,215425187,85181.011159,enabled
1782984952.468,2026-07-02 09:35:52.470,log_write_requests,424498122,424498122,167850.286194,enabled
1782984952.468,2026-07-02 09:35:52.470,os_data_fsyncs,61860910,61860910,24460.347953,enabled
1782984952.468,2026-07-02 09:35:52.470,os_data_reads,87301261,87301261,34519.686570,enabled
1782984952.468,2026-07-02 09:35:52.470,os_data_writes,245035871,245035871,96889.338849,enabled
1782984952.468,2026-07-02 09:35:52.470,os_log_bytes_written,135068066304,135068066304,53407101.393783,enabled
1782984952.468,2026-07-02 09:35:52.470,os_log_fsyncs,53958482,53958482,21335.658352,enabled
1782984952.468,2026-07-02 09:35:52.470,os_log_pending_fsyncs,1,1,0.000395,enabled
1782984952.468,2026-07-02 09:35:52.470,os_log_pending_writes,0,0,0.000000,enabled
1782984952.468,2026-07-02 09:35:52.470,trx_rseg_history_len,1054,1054,0.000000,enabled
1782984953.540,2026-07-02 09:35:53.542,adaptive_hash_searches,0,0,0.000000,enabled
1782984953.540,2026-07-02 09:35:53.542,adaptive_hash_searches_btree,631482572,631482572,249587.946374,enabled
1782984953.540,2026-07-02 09:35:53.542,buffer_data_reads,1426380655104,1426380655104,563764497.560881,enabled
1782984953.540,2026-07-02 09:35:53.542,buffer_data_written,643544372736,643544372736,254355293.147269,enabled
1782984953.540,2026-07-02 09:35:53.542,buffer_pages0_read,7,7,0.002767,enabled
1782984953.540,2026-07-02 09:35:53.542,buffer_pages_created,1821068,1821068,719.761229,enabled
1782984953.540,2026-07-02 09:35:53.542,buffer_pages_read,87304925,87304925,34506.509236,enabled
1782984953.540,2026-07-02 09:35:53.542,buffer_pages_written,28785762,28785762,11377.321098,enabled
1782984953.540,2026-07-02 09:35:53.542,buffer_pool_bytes_data,12851920896,12851920896,0.000000,enabled
1782984953.540,2026-07-02 09:35:53.542,buffer_pool_bytes_dirty,4612751360,4612751360,0.000000,enabled
1782984953.540,2026-07-02 09:35:53.542,buffer_pool_pages_data,784419,784419,0.000000,enabled
1782984953.540,2026-07-02 09:35:53.542,buffer_pool_pages_dirty,281540,281540,0.000000,enabled
1782984953.540,2026-07-02 09:35:53.542,buffer_pool_pages_flushed,28728692,28728692,0.000000,enabled
1782984953.540,2026-07-02 09:35:53.542,buffer_pool_pages_free,1917,1917,0.000000,enabled
1782984953.540,2026-07-02 09:35:53.542,buffer_pool_pages_lru_flushed,0,0,0.000000,enabled
1782984953.540,2026-07-02 09:35:53.542,buffer_pool_pages_misc,96,96,0.000000,enabled
1782984953.540,2026-07-02 09:35:53.542,buffer_pool_pages_total,786432,786432,0.000000,enabled
1782984953.540,2026-07-02 09:35:53.542,buffer_pool_reads,86395789,86395789,34147.182165,enabled
1782984953.540,2026-07-02 09:35:53.542,buffer_pool_read_ahead,803715,803715,317.661342,enabled
1782984953.540,2026-07-02 09:35:53.542,buffer_pool_read_ahead_evicted,25,25,0.009881,enabled
1782984953.540,2026-07-02 09:35:53.542,buffer_pool_read_requests,3046194415,3046194415,1203981.771954,enabled
1782984953.540,2026-07-02 09:35:53.542,buffer_pool_size,12884901888,12884901888,0.000000,enabled
1782984953.540,2026-07-02 09:35:53.542,buffer_pool_wait_free,18945,18945,7.487846,enabled
1782984953.540,2026-07-02 09:35:53.542,buffer_pool_write_requests,628005315,628005315,248213.622770,enabled
1782984953.540,2026-07-02 09:35:53.542,dml_deletes,14110502,14110502,5577.051988,enabled
1782984953.540,2026-07-02 09:35:53.542,dml_inserts,113995909,113995909,45055.881885,enabled
1782984953.540,2026-07-02 09:35:53.542,dml_system_deletes,468,468,0.184973,enabled
1782984953.540,2026-07-02 09:35:53.542,dml_system_inserts,1202,1202,0.475080,enabled
1782984953.540,2026-07-02 09:35:53.542,dml_system_reads,7661,7661,3.027943,enabled
1782984953.540,2026-07-02 09:35:53.542,dml_system_updates,620,620,0.245050,enabled
1782984953.540,2026-07-02 09:35:53.542,dml_updates,28221126,28221126,11154.152186,enabled
1782984953.540,2026-07-02 09:35:53.542,file_num_open_files,35,35,0.000000,enabled
1782984953.540,2026-07-02 09:35:53.542,ibuf_merges,0,0,0.000000,enabled
1782984953.540,2026-07-02 09:35:53.542,ibuf_merges_delete,0,0,0.000000,enabled
1782984953.540,2026-07-02 09:35:53.542,ibuf_merges_delete_mark,0,0,0.000000,enabled
1782984953.540,2026-07-02 09:35:53.542,ibuf_merges_discard_delete,0,0,0.000000,enabled
1782984953.540,2026-07-02 09:35:53.542,ibuf_merges_discard_delete_mark,0,0,0.000000,enabled
1782984953.540,2026-07-02 09:35:53.542,ibuf_merges_discard_insert,0,0,0.000000,enabled
1782984953.540,2026-07-02 09:35:53.542,ibuf_merges_insert,0,0,0.000000,enabled
1782984953.540,2026-07-02 09:35:53.542,ibuf_size,1,1,0.000395,enabled
1782984953.540,2026-07-02 09:35:53.542,innodb_activity_count,19120364,19120364,7557.156044,enabled
1782984953.540,2026-07-02 09:35:53.542,innodb_dblwr_pages_written,28726262,28726262,11353.802846,enabled
1782984953.540,2026-07-02 09:35:53.542,innodb_dblwr_writes,594454,594454,234.952725,enabled
1782984953.540,2026-07-02 09:35:53.542,innodb_page_size,16384,16384,0.000000,enabled
1782984953.540,2026-07-02 09:35:53.542,innodb_rwlock_sx_os_waits,0,0,0.000000,enabled
1782984953.540,2026-07-02 09:35:53.542,innodb_rwlock_sx_spin_rounds,0,0,0.000000,enabled
1782984953.540,2026-07-02 09:35:53.542,innodb_rwlock_sx_spin_waits,0,0,0.000000,enabled
1782984953.540,2026-07-02 09:35:53.542,innodb_rwlock_s_os_waits,0,0,0.000000,enabled
1782984953.540,2026-07-02 09:35:53.542,innodb_rwlock_s_spin_rounds,0,0,0.000000,enabled
1782984953.540,2026-07-02 09:35:53.542,innodb_rwlock_s_spin_waits,0,0,0.000000,enabled
1782984953.540,2026-07-02 09:35:53.542,innodb_rwlock_x_os_waits,0,0,0.000000,enabled
1782984953.540,2026-07-02 09:35:53.542,innodb_rwlock_x_spin_rounds,0,0,0.000000,enabled
1782984953.540,2026-07-02 09:35:53.542,innodb_rwlock_x_spin_waits,0,0,0.000000,enabled
1782984953.540,2026-07-02 09:35:53.542,lock_deadlocks,0,0,0.000000,enabled
1782984953.540,2026-07-02 09:35:53.542,lock_deadlock_false_positives,0,0,0.000000,enabled
1782984953.540,2026-07-02 09:35:53.542,lock_deadlock_rounds,2767,2767,1.093633,enabled
1782984953.540,2026-07-02 09:35:53.542,lock_rec_grant_attempts,425,425,0.167978,enabled
1782984953.540,2026-07-02 09:35:53.542,lock_rec_release_attempts,42888997,42888997,16951.502211,enabled
1782984953.540,2026-07-02 09:35:53.542,lock_row_lock_current_waits,0,0,0.000000,enabled
1782984953.540,2026-07-02 09:35:53.542,lock_row_lock_time,323,323,0.127663,enabled
1782984953.540,2026-07-02 09:35:53.542,lock_row_lock_time_avg,0,0,0.000000,enabled
1782984953.540,2026-07-02 09:35:53.542,lock_row_lock_time_max,29,29,0.000000,enabled
1782984953.540,2026-07-02 09:35:53.542,lock_row_lock_waits,425,425,0.167978,enabled
1782984953.540,2026-07-02 09:35:53.542,lock_schedule_refreshes,2767,2767,1.093633,enabled
1782984953.540,2026-07-02 09:35:53.542,lock_threads_waiting,0,0,0.000000,enabled
1782984953.540,2026-07-02 09:35:53.542,lock_timeouts,0,0,0.000000,enabled
1782984953.540,2026-07-02 09:35:53.542,log_waits,0,0,0.000000,enabled
1782984953.540,2026-07-02 09:35:53.542,log_writes,215504685,215504685,85176.338424,enabled
1782984953.540,2026-07-02 09:35:53.542,log_write_requests,424580534,424580534,167811.735855,enabled
1782984953.540,2026-07-02 09:35:53.542,os_data_fsyncs,61894693,61894693,24463.335662,enabled
1782984953.540,2026-07-02 09:35:53.542,os_data_reads,87358260,87358260,34527.587685,enabled
1782984953.540,2026-07-02 09:35:53.542,os_data_writes,245131874,245131874,96886.227681,enabled
1782984953.540,2026-07-02 09:35:53.542,os_log_bytes_written,135109514752,135109514752,53400853.057560,enabled
1782984953.540,2026-07-02 09:35:53.542,os_log_fsyncs,53987253,53987253,21337.989171,enabled
1782984953.540,2026-07-02 09:35:53.542,os_log_pending_fsyncs,1,1,0.000395,enabled
1782984953.540,2026-07-02 09:35:53.542,os_log_pending_writes,0,0,0.000000,enabled
1782984953.540,2026-07-02 09:35:53.542,trx_rseg_history_len,1067,1067,0.000000,enabled
1782984954.612,2026-07-02 09:35:54.614,adaptive_hash_searches,0,0,0.000000,enabled
1782984954.612,2026-07-02 09:35:54.614,adaptive_hash_searches_btree,631650212,631650212,249548.430256,enabled
1782984954.612,2026-07-02 09:35:54.614,buffer_data_reads,1427312822784,1427312822784,563893926.556631,enabled
1782984954.612,2026-07-02 09:35:54.614,buffer_data_written,643854862848,643854862848,254370198.787303,enabled
1782984954.612,2026-07-02 09:35:54.614,buffer_pages0_read,7,7,0.002766,enabled
1782984954.612,2026-07-02 09:35:54.614,buffer_pages_created,1821095,1821095,719.466961,enabled
1782984954.612,2026-07-02 09:35:54.614,buffer_pages_read,87361971,87361971,34514.427508,enabled
1782984954.612,2026-07-02 09:35:54.614,buffer_pages_written,28801796,28801796,11378.835570,enabled
1782984954.612,2026-07-02 09:35:54.614,buffer_pool_bytes_data,12850987008,12850987008,0.000000,enabled
1782984954.612,2026-07-02 09:35:54.614,buffer_pool_bytes_dirty,4616404992,4616404992,0.000000,enabled
1782984954.612,2026-07-02 09:35:54.614,buffer_pool_pages_data,784362,784362,0.000000,enabled
1782984954.612,2026-07-02 09:35:54.614,buffer_pool_pages_dirty,281763,281763,0.000000,enabled
1782984954.612,2026-07-02 09:35:54.614,buffer_pool_pages_flushed,28744726,28744726,0.000000,enabled
1782984954.612,2026-07-02 09:35:54.614,buffer_pool_pages_free,1972,1972,0.000000,enabled
1782984954.612,2026-07-02 09:35:54.614,buffer_pool_pages_lru_flushed,0,0,0.000000,enabled
1782984954.612,2026-07-02 09:35:54.614,buffer_pool_pages_misc,96,96,0.000000,enabled
1782984954.612,2026-07-02 09:35:54.614,buffer_pool_pages_total,786432,786432,0.000000,enabled
1782984954.612,2026-07-02 09:35:54.614,buffer_pool_reads,86452784,86452784,34155.232604,enabled
1782984954.612,2026-07-02 09:35:54.614,buffer_pool_read_ahead,803715,803715,317.526761,enabled
1782984954.612,2026-07-02 09:35:54.614,buffer_pool_read_ahead_evicted,25,25,0.009877,enabled
1782984954.612,2026-07-02 09:35:54.614,buffer_pool_read_requests,3047024912,3047024912,1203799.800430,enabled
1782984954.612,2026-07-02 09:35:54.614,buffer_pool_size,12884901888,12884901888,0.000000,enabled
1782984954.612,2026-07-02 09:35:54.614,buffer_pool_wait_free,18945,18945,7.484674,enabled
1782984954.612,2026-07-02 09:35:54.614,buffer_pool_write_requests,628117312,628117312,248152.711627,enabled
1782984954.612,2026-07-02 09:35:54.614,dml_deletes,14115353,14115353,5576.605569,enabled
1782984954.612,2026-07-02 09:35:54.614,dml_inserts,114000759,114000759,45038.708423,enabled
1782984954.612,2026-07-02 09:35:54.614,dml_system_deletes,468,468,0.184895,enabled
1782984954.612,2026-07-02 09:35:54.614,dml_system_inserts,1202,1202,0.474879,enabled
1782984954.612,2026-07-02 09:35:54.614,dml_system_reads,7661,7661,3.026660,enabled
1782984954.612,2026-07-02 09:35:54.614,dml_system_updates,620,620,0.244946,enabled
1782984954.612,2026-07-02 09:35:54.614,dml_updates,28230830,28230830,11153.260120,enabled
1782984954.612,2026-07-02 09:35:54.614,file_num_open_files,35,35,0.000000,enabled
1782984954.612,2026-07-02 09:35:54.614,ibuf_merges,0,0,0.000000,enabled
1782984954.612,2026-07-02 09:35:54.614,ibuf_merges_delete,0,0,0.000000,enabled
1782984954.612,2026-07-02 09:35:54.614,ibuf_merges_delete_mark,0,0,0.000000,enabled
1782984954.612,2026-07-02 09:35:54.614,ibuf_merges_discard_delete,0,0,0.000000,enabled
1782984954.612,2026-07-02 09:35:54.614,ibuf_merges_discard_delete_mark,0,0,0.000000,enabled
1782984954.612,2026-07-02 09:35:54.614,ibuf_merges_discard_insert,0,0,0.000000,enabled
1782984954.612,2026-07-02 09:35:54.614,ibuf_merges_insert,0,0,0.000000,enabled
1782984954.612,2026-07-02 09:35:54.614,ibuf_size,1,1,0.000395,enabled
1782984954.612,2026-07-02 09:35:54.614,innodb_activity_count,19125940,19125940,7556.157124,enabled
1782984954.612,2026-07-02 09:35:54.614,innodb_dblwr_pages_written,28742296,28742296,11355.327022,enabled
1782984954.612,2026-07-02 09:35:54.614,innodb_dblwr_writes,594807,594807,234.992640,enabled
1782984954.612,2026-07-02 09:35:54.614,innodb_page_size,16384,16384,0.000000,enabled
1782984954.612,2026-07-02 09:35:54.614,innodb_rwlock_sx_os_waits,0,0,0.000000,enabled
1782984954.612,2026-07-02 09:35:54.614,innodb_rwlock_sx_spin_rounds,0,0,0.000000,enabled
1782984954.612,2026-07-02 09:35:54.614,innodb_rwlock_sx_spin_waits,0,0,0.000000,enabled
1782984954.612,2026-07-02 09:35:54.614,innodb_rwlock_s_os_waits,0,0,0.000000,enabled
1782984954.612,2026-07-02 09:35:54.614,innodb_rwlock_s_spin_rounds,0,0,0.000000,enabled
1782984954.612,2026-07-02 09:35:54.614,innodb_rwlock_s_spin_waits,0,0,0.000000,enabled
1782984954.612,2026-07-02 09:35:54.614,innodb_rwlock_x_os_waits,0,0,0.000000,enabled
1782984954.612,2026-07-02 09:35:54.614,innodb_rwlock_x_spin_rounds,0,0,0.000000,enabled
1782984954.612,2026-07-02 09:35:54.614,innodb_rwlock_x_spin_waits,0,0,0.000000,enabled
1782984954.612,2026-07-02 09:35:54.614,lock_deadlocks,0,0,0.000000,enabled
1782984954.612,2026-07-02 09:35:54.614,lock_deadlock_false_positives,0,0,0.000000,enabled
1782984954.612,2026-07-02 09:35:54.614,lock_deadlock_rounds,2768,2768,1.093564,enabled
1782984954.612,2026-07-02 09:35:54.614,lock_rec_grant_attempts,425,425,0.167906,enabled
1782984954.612,2026-07-02 09:35:54.614,lock_rec_release_attempts,42903752,42903752,16950.149869,enabled
1782984954.612,2026-07-02 09:35:54.614,lock_row_lock_current_waits,0,0,0.000000,enabled
1782984954.612,2026-07-02 09:35:54.614,lock_row_lock_time,323,323,0.127609,enabled
1782984954.612,2026-07-02 09:35:54.614,lock_row_lock_time_avg,0,0,0.000000,enabled
1782984954.612,2026-07-02 09:35:54.614,lock_row_lock_time_max,29,29,0.000000,enabled
1782984954.612,2026-07-02 09:35:54.614,lock_row_lock_waits,425,425,0.167906,enabled
1782984954.612,2026-07-02 09:35:54.614,lock_schedule_refreshes,2768,2768,1.093564,enabled
1782984954.612,2026-07-02 09:35:54.614,lock_threads_waiting,0,0,0.000000,enabled
1782984954.612,2026-07-02 09:35:54.614,lock_timeouts,0,0,0.000000,enabled
1782984954.612,2026-07-02 09:35:54.614,log_waits,0,0,0.000000,enabled
1782984954.612,2026-07-02 09:35:54.614,log_writes,215584753,215584753,85171.883658,enabled
1782984954.612,2026-07-02 09:35:54.614,log_write_requests,424663050,424663050,167773.237241,enabled
1782984954.612,2026-07-02 09:35:54.614,os_data_fsyncs,61928015,61928015,24466.135931,enabled
1782984954.612,2026-07-02 09:35:54.614,os_data_reads,87415129,87415129,34535.426839,enabled
1782984954.612,2026-07-02 09:35:54.614,os_data_writes,245228243,245228243,96883.252775,enabled
1782984954.612,2026-07-02 09:35:54.614,os_log_bytes_written,135151169536,135151169536,53394685.421344,enabled
1782984954.612,2026-07-02 09:35:54.614,os_log_fsyncs,54015589,54015589,21340.143710,enabled
1782984954.612,2026-07-02 09:35:54.614,os_log_pending_fsyncs,0,0,0.000000,enabled
1782984954.612,2026-07-02 09:35:54.614,os_log_pending_writes,0,0,0.000000,enabled
1782984954.612,2026-07-02 09:35:54.614,trx_rseg_history_len,1093,1093,0.000000,enabled
1782984955.685,2026-07-02 09:35:55.686,adaptive_hash_searches,0,0,0.000000,enabled
1782984955.685,2026-07-02 09:35:55.686,adaptive_hash_searches_btree,631818430,631818430,249509.139544,enabled
1782984955.685,2026-07-02 09:35:55.686,buffer_data_reads,1428248807936,1428248807936,564024653.276849,enabled
1782984955.685,2026-07-02 09:35:55.686,buffer_data_written,644165964288,644165964288,254385288.078173,enabled
1782984955.685,2026-07-02 09:35:55.686,buffer_pages0_read,7,7,0.002764,enabled
1782984955.685,2026-07-02 09:35:55.686,buffer_pages_created,1821133,1821133,719.177156,enabled
1782984955.685,2026-07-02 09:35:55.686,buffer_pages_read,87419244,87419244,34522.422551,enabled
1782984955.685,2026-07-02 09:35:55.686,buffer_pages_written,28817897,28817897,11380.373183,enabled
1782984955.685,2026-07-02 09:35:55.686,buffer_pool_bytes_data,12852903936,12852903936,0.000000,enabled
1782984955.685,2026-07-02 09:35:55.686,buffer_pool_bytes_dirty,4622073856,4622073856,0.000000,enabled
1782984955.685,2026-07-02 09:35:55.686,buffer_pool_pages_data,784479,784479,0.000000,enabled
1782984955.685,2026-07-02 09:35:55.686,buffer_pool_pages_dirty,282109,282109,0.000000,enabled
1782984955.685,2026-07-02 09:35:55.686,buffer_pool_pages_flushed,28760827,28760827,0.000000,enabled
1782984955.685,2026-07-02 09:35:55.686,buffer_pool_pages_free,1855,1855,0.000000,enabled
1782984955.685,2026-07-02 09:35:55.686,buffer_pool_pages_lru_flushed,0,0,0.000000,enabled
1782984955.685,2026-07-02 09:35:55.686,buffer_pool_pages_misc,96,96,0.000000,enabled
1782984955.685,2026-07-02 09:35:55.686,buffer_pool_pages_total,786432,786432,0.000000,enabled
1782984955.685,2026-07-02 09:35:55.686,buffer_pool_reads,86510003,86510003,34163.358367,enabled
1782984955.685,2026-07-02 09:35:55.686,buffer_pool_read_ahead,803715,803715,317.392237,enabled
1782984955.685,2026-07-02 09:35:55.686,buffer_pool_read_ahead_evicted,25,25,0.009873,enabled
1782984955.685,2026-07-02 09:35:55.686,buffer_pool_read_requests,3047858153,3047858153,1203618.844767,enabled
1782984955.685,2026-07-02 09:35:55.686,buffer_pool_size,12884901888,12884901888,0.000000,enabled
1782984955.685,2026-07-02 09:35:55.686,buffer_pool_wait_free,18945,18945,7.481503,enabled
1782984955.685,2026-07-02 09:35:55.686,buffer_pool_write_requests,628229930,628229930,248092.051606,enabled
1782984955.685,2026-07-02 09:35:55.686,dml_deletes,14120222,14120222,5576.165860,enabled
1782984955.685,2026-07-02 09:35:55.686,dml_inserts,114005629,114005629,45021.551141,enabled
1782984955.685,2026-07-02 09:35:55.686,dml_system_deletes,468,468,0.184816,enabled
1782984955.685,2026-07-02 09:35:55.686,dml_system_inserts,1202,1202,0.474677,enabled
1782984955.685,2026-07-02 09:35:55.686,dml_system_reads,7661,7661,3.025378,enabled
1782984955.685,2026-07-02 09:35:55.686,dml_system_updates,620,620,0.244842,enabled
1782984955.685,2026-07-02 09:35:55.686,dml_updates,28240568,28240568,11152.380680,enabled
1782984955.685,2026-07-02 09:35:55.686,file_num_open_files,35,35,0.000000,enabled
1782984955.685,2026-07-02 09:35:55.686,ibuf_merges,0,0,0.000000,enabled
1782984955.685,2026-07-02 09:35:55.686,ibuf_merges_delete,0,0,0.000000,enabled
1782984955.685,2026-07-02 09:35:55.686,ibuf_merges_delete_mark,0,0,0.000000,enabled
1782984955.685,2026-07-02 09:35:55.686,ibuf_merges_discard_delete,0,0,0.000000,enabled
1782984955.685,2026-07-02 09:35:55.686,ibuf_merges_discard_delete_mark,0,0,0.000000,enabled
1782984955.685,2026-07-02 09:35:55.686,ibuf_merges_discard_insert,0,0,0.000000,enabled
1782984955.685,2026-07-02 09:35:55.686,ibuf_merges_insert,0,0,0.000000,enabled
1782984955.685,2026-07-02 09:35:55.686,ibuf_size,1,1,0.000395,enabled
1782984955.685,2026-07-02 09:35:55.686,innodb_activity_count,19131539,19131539,7555.167050,enabled
1782984955.685,2026-07-02 09:35:55.686,innodb_dblwr_pages_written,28758397,28758397,11356.874755,enabled
1782984955.685,2026-07-02 09:35:55.686,innodb_dblwr_writes,595190,595190,235.044335,enabled
1782984955.685,2026-07-02 09:35:55.686,innodb_page_size,16384,16384,0.000000,enabled
1782984955.685,2026-07-02 09:35:55.686,innodb_rwlock_sx_os_waits,0,0,0.000000,enabled
1782984955.685,2026-07-02 09:35:55.686,innodb_rwlock_sx_spin_rounds,0,0,0.000000,enabled
1782984955.685,2026-07-02 09:35:55.686,innodb_rwlock_sx_spin_waits,0,0,0.000000,enabled
1782984955.685,2026-07-02 09:35:55.686,innodb_rwlock_s_os_waits,0,0,0.000000,enabled
1782984955.685,2026-07-02 09:35:55.686,innodb_rwlock_s_spin_rounds,0,0,0.000000,enabled
1782984955.685,2026-07-02 09:35:55.686,innodb_rwlock_s_spin_waits,0,0,0.000000,enabled
1782984955.685,2026-07-02 09:35:55.686,innodb_rwlock_x_os_waits,0,0,0.000000,enabled
1782984955.685,2026-07-02 09:35:55.686,innodb_rwlock_x_spin_rounds,0,0,0.000000,enabled
1782984955.685,2026-07-02 09:35:55.686,innodb_rwlock_x_spin_waits,0,0,0.000000,enabled
1782984955.685,2026-07-02 09:35:55.686,lock_deadlocks,0,0,0.000000,enabled
1782984955.685,2026-07-02 09:35:55.686,lock_deadlock_false_positives,0,0,0.000000,enabled
1782984955.685,2026-07-02 09:35:55.686,lock_deadlock_rounds,2769,2769,1.093496,enabled
1782984955.685,2026-07-02 09:35:55.686,lock_rec_grant_attempts,425,425,0.167835,enabled
1782984955.685,2026-07-02 09:35:55.686,lock_rec_release_attempts,42918583,42918583,16948.825478,enabled
1782984955.685,2026-07-02 09:35:55.686,lock_row_lock_current_waits,0,0,0.000000,enabled
1782984955.685,2026-07-02 09:35:55.686,lock_row_lock_time,323,323,0.127555,enabled
1782984955.685,2026-07-02 09:35:55.686,lock_row_lock_time_avg,0,0,0.000000,enabled
1782984955.685,2026-07-02 09:35:55.686,lock_row_lock_time_max,29,29,0.000000,enabled
1782984955.685,2026-07-02 09:35:55.686,lock_row_lock_waits,425,425,0.167835,enabled
1782984955.685,2026-07-02 09:35:55.686,lock_schedule_refreshes,2769,2769,1.093496,enabled
1782984955.685,2026-07-02 09:35:55.686,lock_threads_waiting,0,0,0.000000,enabled
1782984955.685,2026-07-02 09:35:55.686,lock_timeouts,0,0,0.000000,enabled
1782984955.685,2026-07-02 09:35:55.686,log_waits,0,0,0.000000,enabled
1782984955.685,2026-07-02 09:35:55.686,log_writes,215664124,215664124,85167.144435,enabled
1782984955.685,2026-07-02 09:35:55.686,log_write_requests,424745732,424745732,167734.811235,enabled
1782984955.685,2026-07-02 09:35:55.686,os_data_fsyncs,61961620,61961620,24469.041433,enabled
1782984955.685,2026-07-02 09:35:55.686,os_data_reads,87472266,87472266,34543.359323,enabled
1782984955.685,2026-07-02 09:35:55.686,os_data_writes,245324007,245324007,96880.025004,enabled
1782984955.685,2026-07-02 09:35:55.686,os_log_bytes_written,135192507392,135192507392,53388388.805753,enabled
1782984955.685,2026-07-02 09:35:55.686,os_log_fsyncs,54044093,54044093,21342.359150,enabled
1782984955.685,2026-07-02 09:35:55.686,os_log_pending_fsyncs,0,0,0.000000,enabled
1782984955.685,2026-07-02 09:35:55.686,os_log_pending_writes,0,0,0.000000,enabled
1782984955.685,2026-07-02 09:35:55.686,trx_rseg_history_len,1131,1131,0.000000,enabled
1782984956.757,2026-07-02 09:35:56.759,adaptive_hash_searches,0,0,0.000000,enabled
1782984956.757,2026-07-02 09:35:56.759,adaptive_hash_searches_btree,631986399,631986399,249469.850918,enabled
1782984956.757,2026-07-02 09:35:56.759,buffer_data_reads,1429182908928,1429182908928,564154690.124780,enabled
1782984956.757,2026-07-02 09:35:56.759,buffer_data_written,644478237184,644478237184,254400901.172350,enabled
1782984956.757,2026-07-02 09:35:56.759,buffer_pages0_read,7,7,0.002763,enabled
1782984956.757,2026-07-02 09:35:56.759,buffer_pages_created,1821166,1821166,718.885835,enabled
1782984956.757,2026-07-02 09:35:56.759,buffer_pages_read,87476410,87476410,34530.378688,enabled
1782984956.757,2026-07-02 09:35:56.759,buffer_pages_written,28834044,28834044,11381.930984,enabled
1782984956.757,2026-07-02 09:35:56.759,buffer_pool_bytes_data,12850954240,12850954240,0.000000,enabled
1782984956.757,2026-07-02 09:35:56.759,buffer_pool_bytes_dirty,4625793024,4625793024,0.000000,enabled
1782984956.757,2026-07-02 09:35:56.759,buffer_pool_pages_data,784360,784360,0.000000,enabled
1782984956.757,2026-07-02 09:35:56.759,buffer_pool_pages_dirty,282336,282336,0.000000,enabled
1782984956.757,2026-07-02 09:35:56.759,buffer_pool_pages_flushed,28776974,28776974,0.000000,enabled
1782984956.757,2026-07-02 09:35:56.759,buffer_pool_pages_free,1972,1972,0.000000,enabled
1782984956.757,2026-07-02 09:35:56.759,buffer_pool_pages_lru_flushed,0,0,0.000000,enabled
1782984956.757,2026-07-02 09:35:56.759,buffer_pool_pages_misc,96,96,0.000000,enabled
1782984956.757,2026-07-02 09:35:56.759,buffer_pool_pages_total,786432,786432,0.000000,enabled
1782984956.757,2026-07-02 09:35:56.759,buffer_pool_reads,86567097,86567097,34171.438210,enabled
1782984956.757,2026-07-02 09:35:56.759,buffer_pool_read_ahead,803715,803715,317.257921,enabled
1782984956.757,2026-07-02 09:35:56.759,buffer_pool_read_ahead_evicted,25,25,0.009868,enabled
1782984956.757,2026-07-02 09:35:56.759,buffer_pool_read_requests,3048690076,3048690076,1203437.884567,enabled
1782984956.757,2026-07-02 09:35:56.759,buffer_pool_size,12884901888,12884901888,0.000000,enabled
1782984956.757,2026-07-02 09:35:56.759,buffer_pool_wait_free,18945,18945,7.478337,enabled
1782984956.757,2026-07-02 09:35:56.759,buffer_pool_write_requests,628342249,628342249,248031.399524,enabled
1782984956.757,2026-07-02 09:35:56.759,dml_deletes,14125082,14125082,5575.724433,enabled
1782984956.757,2026-07-02 09:35:56.759,dml_inserts,114010489,114010489,45004.416231,enabled
1782984956.757,2026-07-02 09:35:56.759,dml_system_deletes,468,468,0.184738,enabled
1782984956.757,2026-07-02 09:35:56.759,dml_system_inserts,1202,1202,0.474477,enabled
1782984956.757,2026-07-02 09:35:56.759,dml_system_reads,7661,7661,3.024097,enabled
1782984956.757,2026-07-02 09:35:56.759,dml_system_updates,620,620,0.244738,enabled
1782984956.757,2026-07-02 09:35:56.759,dml_updates,28250286,28250286,11151.497012,enabled
1782984956.757,2026-07-02 09:35:56.759,file_num_open_files,35,35,0.000000,enabled
1782984956.757,2026-07-02 09:35:56.759,ibuf_merges,0,0,0.000000,enabled
1782984956.757,2026-07-02 09:35:56.759,ibuf_merges_delete,0,0,0.000000,enabled
1782984956.757,2026-07-02 09:35:56.759,ibuf_merges_delete_mark,0,0,0.000000,enabled
1782984956.757,2026-07-02 09:35:56.759,ibuf_merges_discard_delete,0,0,0.000000,enabled
1782984956.757,2026-07-02 09:35:56.759,ibuf_merges_discard_delete_mark,0,0,0.000000,enabled
1782984956.757,2026-07-02 09:35:56.759,ibuf_merges_discard_insert,0,0,0.000000,enabled
1782984956.757,2026-07-02 09:35:56.759,ibuf_merges_insert,0,0,0.000000,enabled
1782984956.757,2026-07-02 09:35:56.759,ibuf_size,1,1,0.000395,enabled
1782984956.757,2026-07-02 09:35:56.759,innodb_activity_count,19137119,19137119,7554.172327,enabled
1782984956.757,2026-07-02 09:35:56.759,innodb_dblwr_pages_written,28774544,28774544,11358.442337,enabled
1782984956.757,2026-07-02 09:35:56.759,innodb_dblwr_writes,595574,595574,235.096443,enabled
1782984956.757,2026-07-02 09:35:56.759,innodb_page_size,16384,16384,0.000000,enabled
1782984956.757,2026-07-02 09:35:56.759,innodb_rwlock_sx_os_waits,0,0,0.000000,enabled
1782984956.757,2026-07-02 09:35:56.759,innodb_rwlock_sx_spin_rounds,0,0,0.000000,enabled
1782984956.757,2026-07-02 09:35:56.759,innodb_rwlock_sx_spin_waits,0,0,0.000000,enabled
1782984956.757,2026-07-02 09:35:56.759,innodb_rwlock_s_os_waits,0,0,0.000000,enabled
1782984956.757,2026-07-02 09:35:56.759,innodb_rwlock_s_spin_rounds,0,0,0.000000,enabled
1782984956.757,2026-07-02 09:35:56.759,innodb_rwlock_s_spin_waits,0,0,0.000000,enabled
1782984956.757,2026-07-02 09:35:56.759,innodb_rwlock_x_os_waits,0,0,0.000000,enabled
1782984956.757,2026-07-02 09:35:56.759,innodb_rwlock_x_spin_rounds,0,0,0.000000,enabled
1782984956.757,2026-07-02 09:35:56.759,innodb_rwlock_x_spin_waits,0,0,0.000000,enabled
1782984956.757,2026-07-02 09:35:56.759,lock_deadlocks,0,0,0.000000,enabled
1782984956.757,2026-07-02 09:35:56.759,lock_deadlock_false_positives,0,0,0.000000,enabled
1782984956.757,2026-07-02 09:35:56.759,lock_deadlock_rounds,2770,2770,1.093428,enabled
1782984956.757,2026-07-02 09:35:56.759,lock_rec_grant_attempts,425,425,0.167764,enabled
1782984956.757,2026-07-02 09:35:56.759,lock_rec_release_attempts,42933375,42933375,16947.492021,enabled
1782984956.757,2026-07-02 09:35:56.759,lock_row_lock_current_waits,0,0,0.000000,enabled
1782984956.757,2026-07-02 09:35:56.759,lock_row_lock_time,323,323,0.127501,enabled
1782984956.757,2026-07-02 09:35:56.759,lock_row_lock_time_avg,0,0,0.000000,enabled
1782984956.757,2026-07-02 09:35:56.759,lock_row_lock_time_max,29,29,0.000000,enabled
1782984956.757,2026-07-02 09:35:56.759,lock_row_lock_waits,425,425,0.167764,enabled
1782984956.757,2026-07-02 09:35:56.759,lock_schedule_refreshes,2770,2770,1.093428,enabled
1782984956.757,2026-07-02 09:35:56.759,lock_threads_waiting,0,0,0.000000,enabled
1782984956.757,2026-07-02 09:35:56.759,lock_timeouts,0,0,0.000000,enabled
1782984956.757,2026-07-02 09:35:56.759,log_waits,0,0,0.000000,enabled
1782984956.757,2026-07-02 09:35:56.759,log_writes,215743683,215743683,85162.507282,enabled
1782984956.757,2026-07-02 09:35:56.759,log_write_requests,424828329,424828329,167696.431162,enabled
1782984956.757,2026-07-02 09:35:56.759,os_data_fsyncs,61995761,61995761,24472.163129,enabled
1782984956.757,2026-07-02 09:35:56.759,os_data_reads,87529269,87529269,34551.242188,enabled
1782984956.757,2026-07-02 09:35:56.759,os_data_writes,245420007,245420007,96876.921178,enabled
1782984956.757,2026-07-02 09:35:56.759,os_log_bytes_written,135234094080,135234094080,53382211.148981,enabled
1782984956.757,2026-07-02 09:35:56.759,os_log_fsyncs,54073004,54073004,21344.739539,enabled
1782984956.757,2026-07-02 09:35:56.759,os_log_pending_fsyncs,1,1,0.000395,enabled
1782984956.757,2026-07-02 09:35:56.759,os_log_pending_writes,1,1,0.000395,enabled
1782984956.757,2026-07-02 09:35:56.759,trx_rseg_history_len,1185,1185,0.000000,enabled
1782984957.829,2026-07-02 09:35:57.830,adaptive_hash_searches,0,0,0.000000,enabled
1782984957.829,2026-07-02 09:35:57.830,adaptive_hash_searches_btree,632155921,632155921,249431.386988,enabled
1782984957.829,2026-07-02 09:35:57.830,buffer_data_reads,1430123481600,1430123481600,564287554.022263,enabled
1782984957.829,2026-07-02 09:35:57.830,buffer_data_written,644789677056,644789677056,254416345.297619,enabled
1782984957.829,2026-07-02 09:35:57.830,buffer_pages0_read,7,7,0.002762,enabled
1782984957.829,2026-07-02 09:35:57.830,buffer_pages_created,1821214,1821214,718.601165,enabled
1782984957.829,2026-07-02 09:35:57.830,buffer_pages_read,87533978,87533978,34538.510172,enabled
1782984957.829,2026-07-02 09:35:57.830,buffer_pages_written,28850087,28850087,11383.454161,enabled
1782984957.829,2026-07-02 09:35:57.830,buffer_pool_bytes_data,12853788672,12853788672,0.000000,enabled
1782984957.829,2026-07-02 09:35:57.830,buffer_pool_bytes_dirty,4634640384,4634640384,0.000000,enabled
1782984957.829,2026-07-02 09:35:57.830,buffer_pool_pages_data,784533,784533,0.000000,enabled
1782984957.829,2026-07-02 09:35:57.830,buffer_pool_pages_dirty,282876,282876,0.000000,enabled
1782984957.829,2026-07-02 09:35:57.830,buffer_pool_pages_flushed,28793017,28793017,0.000000,enabled
1782984957.829,2026-07-02 09:35:57.830,buffer_pool_pages_free,1801,1801,0.000000,enabled
1782984957.829,2026-07-02 09:35:57.830,buffer_pool_pages_lru_flushed,0,0,0.000000,enabled
1782984957.829,2026-07-02 09:35:57.830,buffer_pool_pages_misc,97,97,0.000000,enabled
1782984957.829,2026-07-02 09:35:57.830,buffer_pool_pages_total,786432,786432,0.000000,enabled
1782984957.829,2026-07-02 09:35:57.830,buffer_pool_reads,86624614,86624614,34179.701133,enabled
1782984957.829,2026-07-02 09:35:57.830,buffer_pool_read_ahead,803715,803715,317.123933,enabled
1782984957.829,2026-07-02 09:35:57.830,buffer_pool_read_ahead_evicted,25,25,0.009864,enabled
1782984957.829,2026-07-02 09:35:57.830,buffer_pool_read_requests,3049533523,3049533523,1203262.434831,enabled
1782984957.829,2026-07-02 09:35:57.830,buffer_pool_size,12884901888,12884901888,0.000000,enabled
1782984957.829,2026-07-02 09:35:57.830,buffer_pool_wait_free,18945,18945,7.475178,enabled
1782984957.829,2026-07-02 09:35:57.830,buffer_pool_write_requests,628459506,628459506,247972.914275,enabled
1782984957.829,2026-07-02 09:35:57.830,dml_deletes,14129980,14129980,5575.302409,enabled
1782984957.829,2026-07-02 09:35:57.830,dml_inserts,114015387,114015387,44987.343383,enabled
1782984957.829,2026-07-02 09:35:57.830,dml_system_deletes,468,468,0.184660,enabled
1782984957.829,2026-07-02 09:35:57.830,dml_system_inserts,1202,1202,0.474276,enabled
1782984957.829,2026-07-02 09:35:57.830,dml_system_reads,7661,7661,3.022820,enabled
1782984957.829,2026-07-02 09:35:57.830,dml_system_updates,620,620,0.244635,enabled
1782984957.829,2026-07-02 09:35:57.830,dml_updates,28260083,28260083,11150.653342,enabled
1782984957.829,2026-07-02 09:35:57.830,file_num_open_files,35,35,0.000000,enabled
1782984957.829,2026-07-02 09:35:57.830,ibuf_merges,0,0,0.000000,enabled
1782984957.829,2026-07-02 09:35:57.830,ibuf_merges_delete,0,0,0.000000,enabled
1782984957.829,2026-07-02 09:35:57.830,ibuf_merges_delete_mark,0,0,0.000000,enabled
1782984957.829,2026-07-02 09:35:57.830,ibuf_merges_discard_delete,0,0,0.000000,enabled
1782984957.829,2026-07-02 09:35:57.830,ibuf_merges_discard_delete_mark,0,0,0.000000,enabled
1782984957.829,2026-07-02 09:35:57.830,ibuf_merges_discard_insert,0,0,0.000000,enabled
1782984957.829,2026-07-02 09:35:57.830,ibuf_merges_insert,0,0,0.000000,enabled
1782984957.829,2026-07-02 09:35:57.830,ibuf_size,1,1,0.000395,enabled
1782984957.829,2026-07-02 09:35:57.830,innodb_activity_count,19142759,19142759,7553.207558,enabled
1782984957.829,2026-07-02 09:35:57.830,innodb_dblwr_pages_written,28790587,28790587,11359.975757,enabled
1782984957.829,2026-07-02 09:35:57.830,innodb_dblwr_writes,595949,595949,235.145126,enabled
1782984957.829,2026-07-02 09:35:57.830,innodb_page_size,16384,16384,0.000000,enabled
1782984957.829,2026-07-02 09:35:57.830,innodb_rwlock_sx_os_waits,0,0,0.000000,enabled
1782984957.829,2026-07-02 09:35:57.830,innodb_rwlock_sx_spin_rounds,0,0,0.000000,enabled
1782984957.829,2026-07-02 09:35:57.830,innodb_rwlock_sx_spin_waits,0,0,0.000000,enabled
1782984957.829,2026-07-02 09:35:57.830,innodb_rwlock_s_os_waits,0,0,0.000000,enabled
1782984957.829,2026-07-02 09:35:57.830,innodb_rwlock_s_spin_rounds,0,0,0.000000,enabled
1782984957.829,2026-07-02 09:35:57.830,innodb_rwlock_s_spin_waits,0,0,0.000000,enabled
1782984957.829,2026-07-02 09:35:57.830,innodb_rwlock_x_os_waits,0,0,0.000000,enabled
1782984957.829,2026-07-02 09:35:57.830,innodb_rwlock_x_spin_rounds,0,0,0.000000,enabled
1782984957.829,2026-07-02 09:35:57.830,innodb_rwlock_x_spin_waits,0,0,0.000000,enabled
1782984957.829,2026-07-02 09:35:57.830,lock_deadlocks,0,0,0.000000,enabled
1782984957.829,2026-07-02 09:35:57.830,lock_deadlock_false_positives,0,0,0.000000,enabled
1782984957.829,2026-07-02 09:35:57.830,lock_deadlock_rounds,2771,2771,1.093361,enabled
1782984957.829,2026-07-02 09:35:57.830,lock_rec_grant_attempts,425,425,0.167693,enabled
1782984957.829,2026-07-02 09:35:57.830,lock_rec_release_attempts,42948272,42948272,16946.212479,enabled
1782984957.829,2026-07-02 09:35:57.830,lock_row_lock_current_waits,0,0,0.000000,enabled
1782984957.829,2026-07-02 09:35:57.830,lock_row_lock_time,323,323,0.127447,enabled
1782984957.829,2026-07-02 09:35:57.830,lock_row_lock_time_avg,0,0,0.000000,enabled
1782984957.829,2026-07-02 09:35:57.830,lock_row_lock_time_max,29,29,0.000000,enabled
1782984957.829,2026-07-02 09:35:57.830,lock_row_lock_waits,425,425,0.167693,enabled
1782984957.829,2026-07-02 09:35:57.830,lock_schedule_refreshes,2771,2771,1.093361,enabled
1782984957.829,2026-07-02 09:35:57.830,lock_threads_waiting,0,0,0.000000,enabled
1782984957.829,2026-07-02 09:35:57.830,lock_timeouts,0,0,0.000000,enabled
1782984957.829,2026-07-02 09:35:57.830,log_waits,0,0,0.000000,enabled
1782984957.829,2026-07-02 09:35:57.830,log_writes,215824927,215824927,85158.598475,enabled
1782984957.829,2026-07-02 09:35:57.830,log_write_requests,424912763,424912763,167658.925667,enabled
1782984957.829,2026-07-02 09:35:57.830,os_data_fsyncs,62029703,62029703,24475.220609,enabled
1782984957.829,2026-07-02 09:35:57.830,os_data_reads,87586663,87586663,34559.296564,enabled
1782984957.829,2026-07-02 09:35:57.830,os_data_writes,245517594,245517594,96874.513157,enabled
1782984957.829,2026-07-02 09:35:57.830,os_log_bytes_written,135276594688,135276594688,53376436.345516,enabled
1782984957.829,2026-07-02 09:35:57.830,os_log_fsyncs,54102034,54102034,21347.179668,enabled
1782984957.829,2026-07-02 09:35:57.830,os_log_pending_fsyncs,1,1,0.000395,enabled
1782984957.829,2026-07-02 09:35:57.830,os_log_pending_writes,0,0,0.000000,enabled
1782984957.829,2026-07-02 09:35:57.830,trx_rseg_history_len,71,71,0.000000,enabled
1782984958.900,2026-07-02 09:35:58.902,adaptive_hash_searches,0,0,0.000000,enabled
1782984958.900,2026-07-02 09:35:58.902,adaptive_hash_searches_btree,632325786,632325786,249392.799002,enabled
1782984958.900,2026-07-02 09:35:58.902,buffer_data_reads,1431067052544,1431067052544,564420855.856895,enabled
1782984958.900,2026-07-02 09:35:58.902,buffer_data_written,645102523392,645102523392,254432045.992122,enabled
1782984958.900,2026-07-02 09:35:58.902,buffer_pages0_read,7,7,0.002761,enabled
1782984958.900,2026-07-02 09:35:58.902,buffer_pages_created,1821252,1821252,718.311988,enabled
1782984958.900,2026-07-02 09:35:58.902,buffer_pages_read,87591725,87591725,34546.666688,enabled
1782984958.900,2026-07-02 09:35:58.902,buffer_pages_written,28866208,28866208,11384.994064,enabled
1782984958.900,2026-07-02 09:35:58.902,buffer_pool_bytes_data,12847104000,12847104000,0.000000,enabled
1782984958.900,2026-07-02 09:35:58.902,buffer_pool_bytes_dirty,4639883264,4639883264,0.000000,enabled
1782984958.900,2026-07-02 09:35:58.902,buffer_pool_pages_data,784125,784125,0.000000,enabled
1782984958.900,2026-07-02 09:35:58.902,buffer_pool_pages_dirty,283196,283196,0.000000,enabled
1782984958.900,2026-07-02 09:35:58.902,buffer_pool_pages_flushed,28809138,28809138,0.000000,enabled
1782984958.900,2026-07-02 09:35:58.902,buffer_pool_pages_free,2210,2210,0.000000,enabled
1782984958.900,2026-07-02 09:35:58.902,buffer_pool_pages_lru_flushed,0,0,0.000000,enabled
1782984958.900,2026-07-02 09:35:58.902,buffer_pool_pages_misc,96,96,0.000000,enabled
1782984958.900,2026-07-02 09:35:58.902,buffer_pool_pages_total,786432,786432,0.000000,enabled
1782984958.900,2026-07-02 09:35:58.902,buffer_pool_reads,86682318,86682318,34187.992551,enabled
1782984958.900,2026-07-02 09:35:58.902,buffer_pool_read_ahead,803715,803715,316.989702,enabled
1782984958.900,2026-07-02 09:35:58.902,buffer_pool_read_ahead_evicted,25,25,0.009860,enabled
1782984958.900,2026-07-02 09:35:58.902,buffer_pool_read_requests,3050374776,3050374776,1203084.919973,enabled
1782984958.900,2026-07-02 09:35:58.902,buffer_pool_size,12884901888,12884901888,0.000000,enabled
1782984958.900,2026-07-02 09:35:58.902,buffer_pool_wait_free,18945,18945,7.472014,enabled
1782984958.900,2026-07-02 09:35:58.902,buffer_pool_write_requests,628573067,628573067,247912.742840,enabled
1782984958.900,2026-07-02 09:35:58.902,dml_deletes,14134885,14134885,5574.876934,enabled
1782984958.900,2026-07-02 09:35:58.902,dml_inserts,114020292,114020292,44970.234733,enabled
1782984958.900,2026-07-02 09:35:58.902,dml_system_deletes,468,468,0.184582,enabled
1782984958.900,2026-07-02 09:35:58.902,dml_system_inserts,1202,1202,0.474075,enabled
1782984958.900,2026-07-02 09:35:58.902,dml_system_reads,7661,7661,3.021541,enabled
1782984958.900,2026-07-02 09:35:58.902,dml_system_updates,620,620,0.244531,enabled
1782984958.900,2026-07-02 09:35:58.902,dml_updates,28269896,28269896,11149.803552,enabled
1782984958.900,2026-07-02 09:35:58.902,file_num_open_files,35,35,0.000000,enabled
1782984958.900,2026-07-02 09:35:58.902,ibuf_merges,0,0,0.000000,enabled
1782984958.900,2026-07-02 09:35:58.902,ibuf_merges_delete,0,0,0.000000,enabled
1782984958.900,2026-07-02 09:35:58.902,ibuf_merges_delete_mark,0,0,0.000000,enabled
1782984958.900,2026-07-02 09:35:58.902,ibuf_merges_discard_delete,0,0,0.000000,enabled
1782984958.900,2026-07-02 09:35:58.902,ibuf_merges_discard_delete_mark,0,0,0.000000,enabled
1782984958.900,2026-07-02 09:35:58.902,ibuf_merges_discard_insert,0,0,0.000000,enabled
1782984958.900,2026-07-02 09:35:58.902,ibuf_merges_insert,0,0,0.000000,enabled
1782984958.900,2026-07-02 09:35:58.902,ibuf_size,1,1,0.000394,enabled
1782984958.900,2026-07-02 09:35:58.902,innodb_activity_count,19148402,19148402,7552.235927,enabled
1782984958.900,2026-07-02 09:35:58.902,innodb_dblwr_pages_written,28806708,28806708,11361.525298,enabled
1782984958.900,2026-07-02 09:35:58.902,innodb_dblwr_writes,596296,596296,235.182448,enabled
1782984958.900,2026-07-02 09:35:58.902,innodb_page_size,16384,16384,0.000000,enabled
1782984958.900,2026-07-02 09:35:58.902,innodb_rwlock_sx_os_waits,0,0,0.000000,enabled
1782984958.900,2026-07-02 09:35:58.902,innodb_rwlock_sx_spin_rounds,0,0,0.000000,enabled
1782984958.900,2026-07-02 09:35:58.902,innodb_rwlock_sx_spin_waits,0,0,0.000000,enabled
1782984958.900,2026-07-02 09:35:58.902,innodb_rwlock_s_os_waits,0,0,0.000000,enabled
1782984958.900,2026-07-02 09:35:58.902,innodb_rwlock_s_spin_rounds,0,0,0.000000,enabled
1782984958.900,2026-07-02 09:35:58.902,innodb_rwlock_s_spin_waits,0,0,0.000000,enabled
1782984958.900,2026-07-02 09:35:58.902,innodb_rwlock_x_os_waits,0,0,0.000000,enabled
1782984958.900,2026-07-02 09:35:58.902,innodb_rwlock_x_spin_rounds,0,0,0.000000,enabled
1782984958.900,2026-07-02 09:35:58.902,innodb_rwlock_x_spin_waits,0,0,0.000000,enabled
1782984958.900,2026-07-02 09:35:58.902,lock_deadlocks,0,0,0.000000,enabled
1782984958.900,2026-07-02 09:35:58.902,lock_deadlock_false_positives,0,0,0.000000,enabled
1782984958.900,2026-07-02 09:35:58.902,lock_deadlock_rounds,2772,2772,1.093292,enabled
1782984958.900,2026-07-02 09:35:58.902,lock_rec_grant_attempts,425,425,0.167622,enabled
1782984958.900,2026-07-02 09:35:58.902,lock_rec_release_attempts,42963192,42963192,16944.924156,enabled
1782984958.900,2026-07-02 09:35:58.902,lock_row_lock_current_waits,0,0,0.000000,enabled
1782984958.900,2026-07-02 09:35:58.902,lock_row_lock_time,323,323,0.127393,enabled
1782984958.900,2026-07-02 09:35:58.902,lock_row_lock_time_avg,0,0,0.000000,enabled
1782984958.900,2026-07-02 09:35:58.902,lock_row_lock_time_max,29,29,0.000000,enabled
1782984958.900,2026-07-02 09:35:58.902,lock_row_lock_waits,425,425,0.167622,enabled
1782984958.900,2026-07-02 09:35:58.902,lock_schedule_refreshes,2772,2772,1.093292,enabled
1782984958.900,2026-07-02 09:35:58.902,lock_threads_waiting,0,0,0.000000,enabled
1782984958.900,2026-07-02 09:35:58.902,lock_timeouts,0,0,0.000000,enabled
1782984958.900,2026-07-02 09:35:58.902,log_waits,0,0,0.000000,enabled
1782984958.900,2026-07-02 09:35:58.902,log_writes,215906264,215906264,85154.631303,enabled
1782984958.900,2026-07-02 09:35:58.902,log_write_requests,424996162,424996162,167620.850049,enabled
1782984958.900,2026-07-02 09:35:58.902,os_data_fsyncs,62063389,62063389,24478.146526,enabled
1782984958.900,2026-07-02 09:35:58.902,os_data_reads,87644257,87644257,34567.383486,enabled
1782984958.900,2026-07-02 09:35:58.902,os_data_writes,245615321,245615321,96872.051579,enabled
1782984958.900,2026-07-02 09:35:58.902,os_log_bytes_written,135318985216,135318985216,53370561.850492,enabled
1782984958.900,2026-07-02 09:35:58.902,os_log_fsyncs,54130890,54130890,21349.524650,enabled
1782984958.900,2026-07-02 09:35:58.902,os_log_pending_fsyncs,0,0,0.000000,enabled
1782984958.900,2026-07-02 09:35:58.902,os_log_pending_writes,0,0,0.000000,enabled
1782984958.900,2026-07-02 09:35:58.902,trx_rseg_history_len,155,155,0.000000,enabled
1782984959.972,2026-07-02 09:35:59.974,adaptive_hash_searches,0,0,0.000000,enabled
1782984959.972,2026-07-02 09:35:59.974,adaptive_hash_searches_btree,632493289,632493289,249353.882636,enabled
1782984959.972,2026-07-02 09:35:59.974,buffer_data_reads,1431997352448,1431997352448,564550092.789592,enabled
1782984959.972,2026-07-02 09:35:59.974,buffer_data_written,645413214208,645413214208,254447460.402087,enabled
1782984959.972,2026-07-02 09:35:59.974,buffer_pages0_read,7,7,0.002760,enabled
1782984959.972,2026-07-02 09:35:59.974,buffer_pages_created,1821282,1821282,718.021531,enabled
1782984959.972,2026-07-02 09:35:59.974,buffer_pages_read,87648650,87648650,34554.570575,enabled
1782984959.972,2026-07-02 09:35:59.974,buffer_pages_written,28882226,28882226,11386.517879,enabled
1782984959.972,2026-07-02 09:35:59.974,buffer_pool_bytes_data,12848463872,12848463872,0.000000,enabled
1782984959.972,2026-07-02 09:35:59.974,buffer_pool_bytes_dirty,4644061184,4644061184,0.000000,enabled
1782984959.972,2026-07-02 09:35:59.974,buffer_pool_pages_data,784208,784208,0.000000,enabled
1782984959.972,2026-07-02 09:35:59.974,buffer_pool_pages_dirty,283451,283451,0.000000,enabled
1782984959.972,2026-07-02 09:35:59.974,buffer_pool_pages_flushed,28825156,28825156,0.000000,enabled
1782984959.972,2026-07-02 09:35:59.974,buffer_pool_pages_free,2128,2128,0.000000,enabled
1782984959.972,2026-07-02 09:35:59.974,buffer_pool_pages_lru_flushed,0,0,0.000000,enabled
1782984959.972,2026-07-02 09:35:59.974,buffer_pool_pages_misc,96,96,0.000000,enabled
1782984959.972,2026-07-02 09:35:59.974,buffer_pool_pages_total,786432,786432,0.000000,enabled
1782984959.972,2026-07-02 09:35:59.974,buffer_pool_reads,86739177,86739177,34196.021437,enabled
1782984959.972,2026-07-02 09:35:59.974,buffer_pool_read_ahead,803715,803715,316.856305,enabled
1782984959.972,2026-07-02 09:35:59.974,buffer_pool_read_ahead_evicted,25,25,0.009856,enabled
1782984959.972,2026-07-02 09:35:59.974,buffer_pool_read_requests,3051205187,3051205187,1202906.011803,enabled
1782984959.972,2026-07-02 09:35:59.974,buffer_pool_size,12884901888,12884901888,0.000000,enabled
1782984959.972,2026-07-02 09:35:59.974,buffer_pool_wait_free,18945,18945,7.468870,enabled
1782984959.972,2026-07-02 09:35:59.974,buffer_pool_write_requests,628686005,628686005,247852.939419,enabled
1782984959.972,2026-07-02 09:35:59.974,dml_deletes,14139732,14139732,5574.441725,enabled
1782984959.972,2026-07-02 09:35:59.974,dml_inserts,114025137,114025137,44953.219906,enabled
1782984959.972,2026-07-02 09:35:59.974,dml_system_deletes,468,468,0.184504,enabled
1782984959.972,2026-07-02 09:35:59.974,dml_system_inserts,1202,1202,0.473876,enabled
1782984959.972,2026-07-02 09:35:59.974,dml_system_reads,7661,7661,3.020269,enabled
1782984959.972,2026-07-02 09:35:59.974,dml_system_updates,620,620,0.244429,enabled
1782984959.972,2026-07-02 09:35:59.974,dml_updates,28279591,28279591,11148.933509,enabled
1782984959.972,2026-07-02 09:35:59.974,file_num_open_files,35,35,0.000000,enabled
1782984959.972,2026-07-02 09:35:59.974,ibuf_merges,0,0,0.000000,enabled
1782984959.972,2026-07-02 09:35:59.974,ibuf_merges_delete,0,0,0.000000,enabled
1782984959.972,2026-07-02 09:35:59.974,ibuf_merges_delete_mark,0,0,0.000000,enabled
1782984959.972,2026-07-02 09:35:59.974,ibuf_merges_discard_delete,0,0,0.000000,enabled
1782984959.972,2026-07-02 09:35:59.974,ibuf_merges_discard_delete_mark,0,0,0.000000,enabled
1782984959.972,2026-07-02 09:35:59.974,ibuf_merges_discard_insert,0,0,0.000000,enabled
1782984959.972,2026-07-02 09:35:59.974,ibuf_merges_insert,0,0,0.000000,enabled
1782984959.972,2026-07-02 09:35:59.974,ibuf_size,1,1,0.000394,enabled
1782984959.972,2026-07-02 09:35:59.974,innodb_activity_count,19153963,19153963,7551.250063,enabled
1782984959.972,2026-07-02 09:35:59.974,innodb_dblwr_pages_written,28822726,28822726,11363.058920,enabled
1782984959.972,2026-07-02 09:35:59.974,innodb_dblwr_writes,596656,596656,235.225401,enabled
1782984959.972,2026-07-02 09:35:59.974,innodb_page_size,16384,16384,0.000000,enabled
1782984959.972,2026-07-02 09:35:59.974,innodb_rwlock_sx_os_waits,0,0,0.000000,enabled
1782984959.972,2026-07-02 09:35:59.974,innodb_rwlock_sx_spin_rounds,0,0,0.000000,enabled
1782984959.972,2026-07-02 09:35:59.974,innodb_rwlock_sx_spin_waits,0,0,0.000000,enabled
1782984959.972,2026-07-02 09:35:59.974,innodb_rwlock_s_os_waits,0,0,0.000000,enabled
1782984959.972,2026-07-02 09:35:59.974,innodb_rwlock_s_spin_rounds,0,0,0.000000,enabled
1782984959.972,2026-07-02 09:35:59.974,innodb_rwlock_s_spin_waits,0,0,0.000000,enabled
1782984959.972,2026-07-02 09:35:59.974,innodb_rwlock_x_os_waits,0,0,0.000000,enabled
1782984959.972,2026-07-02 09:35:59.974,innodb_rwlock_x_spin_rounds,0,0,0.000000,enabled
1782984959.972,2026-07-02 09:35:59.974,innodb_rwlock_x_spin_waits,0,0,0.000000,enabled
1782984959.972,2026-07-02 09:35:59.974,lock_deadlocks,0,0,0.000000,enabled
1782984959.972,2026-07-02 09:35:59.974,lock_deadlock_false_positives,0,0,0.000000,enabled
1782984959.972,2026-07-02 09:35:59.974,lock_deadlock_rounds,2773,2773,1.093227,enabled
1782984959.972,2026-07-02 09:35:59.974,lock_rec_grant_attempts,425,425,0.167552,enabled
1782984959.972,2026-07-02 09:35:59.974,lock_rec_release_attempts,42977914,42977914,16943.597299,enabled
1782984959.972,2026-07-02 09:35:59.974,lock_row_lock_current_waits,0,0,0.000000,enabled
1782984959.972,2026-07-02 09:35:59.974,lock_row_lock_time,323,323,0.127339,enabled
1782984959.972,2026-07-02 09:35:59.974,lock_row_lock_time_avg,0,0,0.000000,enabled
1782984959.972,2026-07-02 09:35:59.974,lock_row_lock_time_max,29,29,0.000000,enabled
1782984959.972,2026-07-02 09:35:59.974,lock_row_lock_waits,425,425,0.167552,enabled
1782984959.972,2026-07-02 09:35:59.974,lock_schedule_refreshes,2773,2773,1.093227,enabled
1782984959.972,2026-07-02 09:35:59.974,lock_threads_waiting,0,0,0.000000,enabled
1782984959.972,2026-07-02 09:35:59.974,lock_timeouts,0,0,0.000000,enabled
1782984959.972,2026-07-02 09:35:59.974,log_waits,0,0,0.000000,enabled
1782984959.972,2026-07-02 09:35:59.974,log_writes,215986382,215986382,85150.381371,enabled
1782984959.972,2026-07-02 09:35:59.974,log_write_requests,425078594,425078594,167582.808156,enabled
1782984959.972,2026-07-02 09:35:59.974,os_data_fsyncs,62097010,62097010,24481.100159,enabled
1782984959.972,2026-07-02 09:35:59.974,os_data_reads,87701030,87701030,34575.218725,enabled
1782984959.972,2026-07-02 09:35:59.974,os_data_writes,245711723,245711723,96869.290578,enabled
1782984959.972,2026-07-02 09:35:59.974,os_log_bytes_written,135360950784,135360950784,53364646.511121,enabled
1782984959.972,2026-07-02 09:35:59.974,os_log_fsyncs,54159514,54159514,21351.824888,enabled
1782984959.972,2026-07-02 09:35:59.974,os_log_pending_fsyncs,0,0,0.000000,enabled
1782984959.972,2026-07-02 09:35:59.974,os_log_pending_writes,0,0,0.000000,enabled
1782984959.972,2026-07-02 09:35:59.974,trx_rseg_history_len,121,121,0.000000,enabled
1782984961.039,2026-07-02 09:36:01.041,adaptive_hash_searches,0,0,0.000000,enabled
1782984961.039,2026-07-02 09:36:01.041,adaptive_hash_searches_btree,632662110,632662110,249314.864610,enabled
1782984961.039,2026-07-02 09:36:01.041,buffer_data_reads,1432934500864,1432934500864,564680431.242449,enabled
1782984961.039,2026-07-02 09:36:01.041,buffer_data_written,645723316736,645723316736,254461959.370156,enabled
1782984961.039,2026-07-02 09:36:01.041,buffer_pages0_read,7,7,0.002759,enabled
1782984961.039,2026-07-02 09:36:01.041,buffer_pages_created,1821314,1821314,717.730212,enabled
1782984961.039,2026-07-02 09:36:01.041,buffer_pages_read,87706034,87706034,34562.557586,enabled
1782984961.039,2026-07-02 09:36:01.041,buffer_pages_written,28898230,28898230,11388.004860,enabled
1782984961.039,2026-07-02 09:36:01.041,buffer_pool_bytes_data,12854345728,12854345728,0.000000,enabled
1782984961.039,2026-07-02 09:36:01.041,buffer_pool_bytes_dirty,4647813120,4647813120,0.000000,enabled
1782984961.039,2026-07-02 09:36:01.041,buffer_pool_pages_data,784567,784567,0.000000,enabled
1782984961.039,2026-07-02 09:36:01.041,buffer_pool_pages_dirty,283680,283680,0.000000,enabled
1782984961.039,2026-07-02 09:36:01.041,buffer_pool_pages_flushed,28841160,28841160,0.000000,enabled
1782984961.039,2026-07-02 09:36:01.041,buffer_pool_pages_free,1766,1766,0.000000,enabled
1782984961.039,2026-07-02 09:36:01.041,buffer_pool_pages_lru_flushed,0,0,0.000000,enabled
1782984961.039,2026-07-02 09:36:01.041,buffer_pool_pages_misc,96,96,0.000000,enabled
1782984961.039,2026-07-02 09:36:01.041,buffer_pool_pages_total,786432,786432,0.000000,enabled
1782984961.039,2026-07-02 09:36:01.041,buffer_pool_reads,86796496,86796496,34204.134521,enabled
1782984961.039,2026-07-02 09:36:01.041,buffer_pool_read_ahead,803715,803715,316.722183,enabled
1782984961.039,2026-07-02 09:36:01.041,buffer_pool_read_ahead_evicted,25,25,0.009852,enabled
1782984961.039,2026-07-02 09:36:01.041,buffer_pool_read_requests,3052040960,3052040960,1202726.191804,enabled
1782984961.039,2026-07-02 09:36:01.041,buffer_pool_size,12884901888,12884901888,0.000000,enabled
1782984961.039,2026-07-02 09:36:01.041,buffer_pool_wait_free,18945,18945,7.465708,enabled
1782984961.039,2026-07-02 09:36:01.041,buffer_pool_write_requests,628799116,628799116,247792.600257,enabled
1782984961.039,2026-07-02 09:36:01.041,dml_deletes,14144617,14144617,5574.007252,enabled
1782984961.039,2026-07-02 09:36:01.041,dml_inserts,114030023,114030023,44936.117793,enabled
1782984961.039,2026-07-02 09:36:01.041,dml_system_deletes,468,468,0.184426,enabled
1782984961.039,2026-07-02 09:36:01.041,dml_system_inserts,1202,1202,0.473675,enabled
1782984961.039,2026-07-02 09:36:01.041,dml_system_reads,7661,7661,3.018991,enabled
1782984961.039,2026-07-02 09:36:01.041,dml_system_updates,620,620,0.244325,enabled
1782984961.039,2026-07-02 09:36:01.041,dml_updates,28289354,28289354,11148.061783,enabled
1782984961.039,2026-07-02 09:36:01.041,file_num_open_files,35,35,0.000000,enabled
1782984961.039,2026-07-02 09:36:01.041,ibuf_merges,0,0,0.000000,enabled
1782984961.039,2026-07-02 09:36:01.041,ibuf_merges_delete,0,0,0.000000,enabled
1782984961.039,2026-07-02 09:36:01.041,ibuf_merges_delete_mark,0,0,0.000000,enabled
1782984961.039,2026-07-02 09:36:01.041,ibuf_merges_discard_delete,0,0,0.000000,enabled
1782984961.039,2026-07-02 09:36:01.041,ibuf_merges_discard_delete_mark,0,0,0.000000,enabled
1782984961.039,2026-07-02 09:36:01.041,ibuf_merges_discard_insert,0,0,0.000000,enabled
1782984961.039,2026-07-02 09:36:01.041,ibuf_merges_insert,0,0,0.000000,enabled
1782984961.039,2026-07-02 09:36:01.041,ibuf_size,1,1,0.000394,enabled
1782984961.039,2026-07-02 09:36:01.041,innodb_activity_count,19159576,19159576,7550.265729,enabled
1782984961.039,2026-07-02 09:36:01.041,innodb_dblwr_pages_written,28838730,28838730,11364.555954,enabled
1782984961.039,2026-07-02 09:36:01.041,innodb_dblwr_writes,597015,597015,235.267308,enabled
1782984961.039,2026-07-02 09:36:01.041,innodb_page_size,16384,16384,0.000000,enabled
1782984961.039,2026-07-02 09:36:01.041,innodb_rwlock_sx_os_waits,0,0,0.000000,enabled
1782984961.039,2026-07-02 09:36:01.041,innodb_rwlock_sx_spin_rounds,0,0,0.000000,enabled
1782984961.039,2026-07-02 09:36:01.041,innodb_rwlock_sx_spin_waits,0,0,0.000000,enabled
1782984961.039,2026-07-02 09:36:01.041,innodb_rwlock_s_os_waits,0,0,0.000000,enabled
1782984961.039,2026-07-02 09:36:01.041,innodb_rwlock_s_spin_rounds,0,0,0.000000,enabled
1782984961.039,2026-07-02 09:36:01.041,innodb_rwlock_s_spin_waits,0,0,0.000000,enabled
1782984961.039,2026-07-02 09:36:01.041,innodb_rwlock_x_os_waits,0,0,0.000000,enabled
1782984961.039,2026-07-02 09:36:01.041,innodb_rwlock_x_spin_rounds,0,0,0.000000,enabled
1782984961.039,2026-07-02 09:36:01.041,innodb_rwlock_x_spin_waits,0,0,0.000000,enabled
1782984961.039,2026-07-02 09:36:01.041,lock_deadlocks,0,0,0.000000,enabled
1782984961.039,2026-07-02 09:36:01.041,lock_deadlock_false_positives,0,0,0.000000,enabled
1782984961.039,2026-07-02 09:36:01.041,lock_deadlock_rounds,2774,2774,1.093158,enabled
1782984961.039,2026-07-02 09:36:01.041,lock_rec_grant_attempts,425,425,0.167481,enabled
1782984961.039,2026-07-02 09:36:01.041,lock_rec_release_attempts,42992719,42992719,16942.259506,enabled
1782984961.039,2026-07-02 09:36:01.041,lock_row_lock_current_waits,0,0,0.000000,enabled
1782984961.039,2026-07-02 09:36:01.041,lock_row_lock_time,323,323,0.127286,enabled
1782984961.039,2026-07-02 09:36:01.041,lock_row_lock_time_avg,0,0,0.000000,enabled
1782984961.039,2026-07-02 09:36:01.041,lock_row_lock_time_max,29,29,0.000000,enabled
1782984961.039,2026-07-02 09:36:01.041,lock_row_lock_waits,425,425,0.167481,enabled
1782984961.039,2026-07-02 09:36:01.041,lock_schedule_refreshes,2774,2774,1.093158,enabled
1782984961.039,2026-07-02 09:36:01.041,lock_threads_waiting,0,0,0.000000,enabled
1782984961.039,2026-07-02 09:36:01.041,lock_timeouts,0,0,0.000000,enabled
1782984961.039,2026-07-02 09:36:01.041,log_waits,0,0,0.000000,enabled
1782984961.039,2026-07-02 09:36:01.041,log_writes,216066177,216066177,85145.783598,enabled
1782984961.039,2026-07-02 09:36:01.041,log_write_requests,425161582,425161582,167544.576299,enabled
1782984961.039,2026-07-02 09:36:01.041,os_data_fsyncs,62130667,62130667,24484.000945,enabled
1782984961.039,2026-07-02 09:36:01.041,os_data_reads,87758243,87758243,34583.129577,enabled
1782984961.039,2026-07-02 09:36:01.041,os_data_writes,245807811,245807811,96866.152760,enabled
1782984961.039,2026-07-02 09:36:01.041,os_log_bytes_written,135402729472,135402729472,53358521.829492,enabled
1782984961.039,2026-07-02 09:36:01.041,os_log_fsyncs,54188216,54188216,21354.097628,enabled
1782984961.039,2026-07-02 09:36:01.041,os_log_pending_fsyncs,0,0,0.000000,enabled
1782984961.039,2026-07-02 09:36:01.041,os_log_pending_writes,0,0,0.000000,enabled
1782984961.039,2026-07-02 09:36:01.041,trx_rseg_history_len,184,184,0.000000,enabled
1782984962.115,2026-07-02 09:36:02.116,adaptive_hash_searches,0,0,0.000000,enabled
1782984962.115,2026-07-02 09:36:02.116,adaptive_hash_searches_btree,632823848,632823848,249273.208292,enabled
1782984962.115,2026-07-02 09:36:02.116,buffer_data_reads,1433830377984,1433830377984,564794682.684887,enabled
1782984962.115,2026-07-02 09:36:02.116,buffer_data_written,646025318912,646025318912,254473381.465902,enabled
1782984962.115,2026-07-02 09:36:02.116,buffer_pages0_read,7,7,0.002757,enabled
1782984962.115,2026-07-02 09:36:02.116,buffer_pages_created,1821348,1821348,717.440284,enabled
1782984962.115,2026-07-02 09:36:02.116,buffer_pages_read,87760859,87760859,34569.546985,enabled
1782984962.115,2026-07-02 09:36:02.116,buffer_pages_written,28913871,28913871,11389.353254,enabled
1782984962.115,2026-07-02 09:36:02.116,buffer_pool_bytes_data,12852559872,12852559872,0.000000,enabled
1782984962.115,2026-07-02 09:36:02.116,buffer_pool_bytes_dirty,4648714240,4648714240,0.000000,enabled
1782984962.115,2026-07-02 09:36:02.116,buffer_pool_pages_data,784457,784457,0.000000,enabled
1782984962.115,2026-07-02 09:36:02.116,buffer_pool_pages_dirty,283735,283735,0.000000,enabled
1782984962.115,2026-07-02 09:36:02.116,buffer_pool_pages_flushed,28856801,28856801,0.000000,enabled
1782984962.115,2026-07-02 09:36:02.116,buffer_pool_pages_free,1877,1877,0.000000,enabled
1782984962.115,2026-07-02 09:36:02.116,buffer_pool_pages_lru_flushed,0,0,0.000000,enabled
1782984962.115,2026-07-02 09:36:02.116,buffer_pool_pages_misc,97,97,0.000000,enabled
1782984962.115,2026-07-02 09:36:02.116,buffer_pool_pages_total,786432,786432,0.000000,enabled
1782984962.115,2026-07-02 09:36:02.116,buffer_pool_reads,86851260,86851260,34211.251395,enabled
1782984962.115,2026-07-02 09:36:02.116,buffer_pool_read_ahead,803715,803715,316.588333,enabled
1782984962.115,2026-07-02 09:36:02.116,buffer_pool_read_ahead_evicted,25,25,0.009848,enabled
1782984962.115,2026-07-02 09:36:02.116,buffer_pool_read_requests,3052842155,3052842155,1202533.502772,enabled
1782984962.115,2026-07-02 09:36:02.116,buffer_pool_size,12884901888,12884901888,0.000000,enabled
1782984962.115,2026-07-02 09:36:02.116,buffer_pool_wait_free,18945,18945,7.462553,enabled
1782984962.115,2026-07-02 09:36:02.116,buffer_pool_write_requests,628907938,628907938,247730.746168,enabled
1782984962.115,2026-07-02 09:36:02.116,dml_deletes,14149291,14149291,5573.492633,enabled
1782984962.115,2026-07-02 09:36:02.116,dml_inserts,114034698,114034698,44918.968012,enabled
1782984962.115,2026-07-02 09:36:02.116,dml_system_deletes,468,468,0.184348,enabled
1782984962.115,2026-07-02 09:36:02.116,dml_system_inserts,1202,1202,0.473475,enabled
1782984962.115,2026-07-02 09:36:02.116,dml_system_reads,7661,7661,3.017715,enabled
1782984962.115,2026-07-02 09:36:02.116,dml_system_updates,620,620,0.244222,enabled
1782984962.115,2026-07-02 09:36:02.116,dml_updates,28298705,28298705,11147.033705,enabled
1782984962.115,2026-07-02 09:36:02.116,file_num_open_files,35,35,0.000000,enabled
1782984962.115,2026-07-02 09:36:02.116,ibuf_merges,0,0,0.000000,enabled
1782984962.115,2026-07-02 09:36:02.116,ibuf_merges_delete,0,0,0.000000,enabled
1782984962.115,2026-07-02 09:36:02.116,ibuf_merges_delete_mark,0,0,0.000000,enabled
1782984962.115,2026-07-02 09:36:02.116,ibuf_merges_discard_delete,0,0,0.000000,enabled
1782984962.115,2026-07-02 09:36:02.116,ibuf_merges_discard_delete_mark,0,0,0.000000,enabled
1782984962.115,2026-07-02 09:36:02.116,ibuf_merges_discard_insert,0,0,0.000000,enabled
1782984962.115,2026-07-02 09:36:02.116,ibuf_merges_insert,0,0,0.000000,enabled
1782984962.115,2026-07-02 09:36:02.116,ibuf_size,1,1,0.000394,enabled
1782984962.115,2026-07-02 09:36:02.116,innodb_activity_count,19164949,19164949,7549.191259,enabled
1782984962.115,2026-07-02 09:36:02.116,innodb_dblwr_pages_written,28854371,28854371,11365.914090,enabled
1782984962.115,2026-07-02 09:36:02.116,innodb_dblwr_writes,597372,597372,235.308503,enabled
1782984962.115,2026-07-02 09:36:02.116,innodb_page_size,16384,16384,0.000000,enabled
1782984962.115,2026-07-02 09:36:02.116,innodb_rwlock_sx_os_waits,0,0,0.000000,enabled
1782984962.115,2026-07-02 09:36:02.116,innodb_rwlock_sx_spin_rounds,0,0,0.000000,enabled
1782984962.115,2026-07-02 09:36:02.116,innodb_rwlock_sx_spin_waits,0,0,0.000000,enabled
1782984962.115,2026-07-02 09:36:02.116,innodb_rwlock_s_os_waits,0,0,0.000000,enabled
1782984962.115,2026-07-02 09:36:02.116,innodb_rwlock_s_spin_rounds,0,0,0.000000,enabled
1782984962.115,2026-07-02 09:36:02.116,innodb_rwlock_s_spin_waits,0,0,0.000000,enabled
1782984962.115,2026-07-02 09:36:02.116,innodb_rwlock_x_os_waits,0,0,0.000000,enabled
1782984962.115,2026-07-02 09:36:02.116,innodb_rwlock_x_spin_rounds,0,0,0.000000,enabled
1782984962.115,2026-07-02 09:36:02.116,innodb_rwlock_x_spin_waits,0,0,0.000000,enabled
1782984962.115,2026-07-02 09:36:02.116,lock_deadlocks,0,0,0.000000,enabled
1782984962.115,2026-07-02 09:36:02.116,lock_deadlock_false_positives,0,0,0.000000,enabled
1782984962.115,2026-07-02 09:36:02.116,lock_deadlock_rounds,2775,2775,1.093090,enabled
1782984962.115,2026-07-02 09:36:02.116,lock_rec_grant_attempts,425,425,0.167410,enabled
1782984962.115,2026-07-02 09:36:02.116,lock_rec_release_attempts,43006928,43006928,16940.696582,enabled
1782984962.115,2026-07-02 09:36:02.116,lock_row_lock_current_waits,0,0,0.000000,enabled
1782984962.115,2026-07-02 09:36:02.116,lock_row_lock_time,323,323,0.127232,enabled
1782984962.115,2026-07-02 09:36:02.116,lock_row_lock_time_avg,0,0,0.000000,enabled
1782984962.115,2026-07-02 09:36:02.116,lock_row_lock_time_max,29,29,0.000000,enabled
1782984962.115,2026-07-02 09:36:02.116,lock_row_lock_waits,425,425,0.167410,enabled
1782984962.115,2026-07-02 09:36:02.116,lock_schedule_refreshes,2775,2775,1.093090,enabled
1782984962.115,2026-07-02 09:36:02.116,lock_threads_waiting,0,0,0.000000,enabled
1782984962.115,2026-07-02 09:36:02.116,lock_timeouts,0,0,0.000000,enabled
1782984962.115,2026-07-02 09:36:02.116,log_waits,0,0,0.000000,enabled
1782984962.115,2026-07-02 09:36:02.116,log_writes,216142216,216142216,85139.752231,enabled
1782984962.115,2026-07-02 09:36:02.116,log_write_requests,425241254,425241254,167505.153304,enabled
1782984962.115,2026-07-02 09:36:02.116,os_data_fsyncs,62159850,62159850,24485.149089,enabled
1782984962.115,2026-07-02 09:36:02.116,os_data_reads,87812926,87812926,34590.054327,enabled
1782984962.115,2026-07-02 09:36:02.116,os_data_writes,245899777,245899777,96861.441993,enabled
1782984962.115,2026-07-02 09:36:02.116,os_log_bytes_written,135442631680,135442631680,53351689.616707,enabled
1782984962.115,2026-07-02 09:36:02.116,os_log_fsyncs,54212666,54212666,21354.704142,enabled
1782984962.115,2026-07-02 09:36:02.116,os_log_pending_fsyncs,0,0,0.000000,enabled
1782984962.115,2026-07-02 09:36:02.116,os_log_pending_writes,0,0,0.000000,enabled
1782984962.115,2026-07-02 09:36:02.116,trx_rseg_history_len,54,54,0.000000,enabled
1782984963.187,2026-07-02 09:36:03.189,adaptive_hash_searches,0,0,0.000000,enabled
1782984963.187,2026-07-02 09:36:03.189,adaptive_hash_searches_btree,632988603,632988603,249232.830975,enabled
1782984963.187,2026-07-02 09:36:03.189,buffer_data_reads,1434743704064,1434743704064,564915812.818765,enabled
1782984963.187,2026-07-02 09:36:03.189,buffer_data_written,646329531904,646329531904,254485711.667977,enabled
1782984963.187,2026-07-02 09:36:03.189,buffer_pages0_read,7,7,0.002756,enabled
1782984963.187,2026-07-02 09:36:03.189,buffer_pages_created,1821382,1821382,717.150734,enabled
1782984963.187,2026-07-02 09:36:03.189,buffer_pages_read,87816769,87816769,34576.964076,enabled
1782984963.187,2026-07-02 09:36:03.189,buffer_pages_written,28929615,28929615,11390.743168,enabled
1782984963.187,2026-07-02 09:36:03.189,buffer_pool_bytes_data,12852281344,12852281344,0.000000,enabled
1782984963.187,2026-07-02 09:36:03.189,buffer_pool_bytes_dirty,4654219264,4654219264,0.000000,enabled
1782984963.187,2026-07-02 09:36:03.189,buffer_pool_pages_data,784441,784441,0.000000,enabled
1782984963.187,2026-07-02 09:36:03.189,buffer_pool_pages_dirty,284071,284071,0.000000,enabled
1782984963.187,2026-07-02 09:36:03.189,buffer_pool_pages_flushed,28872545,28872545,0.000000,enabled
1782984963.187,2026-07-02 09:36:03.189,buffer_pool_pages_free,1895,1895,0.000000,enabled
1782984963.187,2026-07-02 09:36:03.189,buffer_pool_pages_lru_flushed,0,0,0.000000,enabled
1782984963.187,2026-07-02 09:36:03.189,buffer_pool_pages_misc,96,96,0.000000,enabled
1782984963.187,2026-07-02 09:36:03.189,buffer_pool_pages_total,786432,786432,0.000000,enabled
1782984963.187,2026-07-02 09:36:03.189,buffer_pool_reads,86907107,86907107,34218.795115,enabled
1782984963.187,2026-07-02 09:36:03.189,buffer_pool_read_ahead,803715,803715,316.454655,enabled
1782984963.187,2026-07-02 09:36:03.189,buffer_pool_read_ahead_evicted,25,25,0.009843,enabled
1782984963.187,2026-07-02 09:36:03.189,buffer_pool_read_requests,3053654955,3053654955,1202345.767990,enabled
1782984963.187,2026-07-02 09:36:03.189,buffer_pool_size,12884901888,12884901888,0.000000,enabled
1782984963.187,2026-07-02 09:36:03.189,buffer_pool_wait_free,18945,18945,7.459402,enabled
1782984963.187,2026-07-02 09:36:03.189,buffer_pool_write_requests,629015667,629015667,247668.559727,enabled
1782984963.187,2026-07-02 09:36:03.189,dml_deletes,14154060,14154060,5573.017177,enabled
1782984963.187,2026-07-02 09:36:03.189,dml_inserts,114039467,114039467,44901.880373,enabled
1782984963.187,2026-07-02 09:36:03.189,dml_system_deletes,468,468,0.184270,enabled
1782984963.187,2026-07-02 09:36:03.189,dml_system_inserts,1202,1202,0.473275,enabled
1782984963.187,2026-07-02 09:36:03.189,dml_system_reads,7661,7661,3.016441,enabled
1782984963.187,2026-07-02 09:36:03.189,dml_system_updates,620,620,0.244119,enabled
1782984963.187,2026-07-02 09:36:03.189,dml_updates,28308245,28308245,11146.083561,enabled
1782984963.187,2026-07-02 09:36:03.189,file_num_open_files,35,35,0.000000,enabled
1782984963.187,2026-07-02 09:36:03.189,ibuf_merges,0,0,0.000000,enabled
1782984963.187,2026-07-02 09:36:03.189,ibuf_merges_delete,0,0,0.000000,enabled
1782984963.187,2026-07-02 09:36:03.189,ibuf_merges_delete_mark,0,0,0.000000,enabled
1782984963.187,2026-07-02 09:36:03.189,ibuf_merges_discard_delete,0,0,0.000000,enabled
1782984963.187,2026-07-02 09:36:03.189,ibuf_merges_discard_delete_mark,0,0,0.000000,enabled
1782984963.187,2026-07-02 09:36:03.189,ibuf_merges_discard_insert,0,0,0.000000,enabled
1782984963.187,2026-07-02 09:36:03.189,ibuf_merges_insert,0,0,0.000000,enabled
1782984963.187,2026-07-02 09:36:03.189,ibuf_size,1,1,0.000394,enabled
1782984963.187,2026-07-02 09:36:03.189,innodb_activity_count,19170421,19170421,7548.158407,enabled
1782984963.187,2026-07-02 09:36:03.189,innodb_dblwr_pages_written,28870115,28870115,11367.314251,enabled
1782984963.187,2026-07-02 09:36:03.189,innodb_dblwr_writes,597723,597723,235.347354,enabled
1782984963.187,2026-07-02 09:36:03.189,innodb_page_size,16384,16384,0.000000,enabled
1782984963.187,2026-07-02 09:36:03.189,innodb_rwlock_sx_os_waits,0,0,0.000000,enabled
1782984963.187,2026-07-02 09:36:03.189,innodb_rwlock_sx_spin_rounds,0,0,0.000000,enabled
1782984963.187,2026-07-02 09:36:03.189,innodb_rwlock_sx_spin_waits,0,0,0.000000,enabled
1782984963.187,2026-07-02 09:36:03.189,innodb_rwlock_s_os_waits,0,0,0.000000,enabled
1782984963.187,2026-07-02 09:36:03.189,innodb_rwlock_s_spin_rounds,0,0,0.000000,enabled
1782984963.187,2026-07-02 09:36:03.189,innodb_rwlock_s_spin_waits,0,0,0.000000,enabled
1782984963.187,2026-07-02 09:36:03.189,innodb_rwlock_x_os_waits,0,0,0.000000,enabled
1782984963.187,2026-07-02 09:36:03.189,innodb_rwlock_x_spin_rounds,0,0,0.000000,enabled
1782984963.187,2026-07-02 09:36:03.189,innodb_rwlock_x_spin_waits,0,0,0.000000,enabled
1782984963.187,2026-07-02 09:36:03.189,lock_deadlocks,0,0,0.000000,enabled
1782984963.187,2026-07-02 09:36:03.189,lock_deadlock_false_positives,0,0,0.000000,enabled
1782984963.187,2026-07-02 09:36:03.189,lock_deadlock_rounds,2777,2777,1.093416,enabled
1782984963.187,2026-07-02 09:36:03.189,lock_rec_grant_attempts,425,425,0.167339,enabled
1782984963.187,2026-07-02 09:36:03.189,lock_rec_release_attempts,43021416,43021416,16939.247967,enabled
1782984963.187,2026-07-02 09:36:03.189,lock_row_lock_current_waits,0,0,0.000000,enabled
1782984963.187,2026-07-02 09:36:03.189,lock_row_lock_time,323,323,0.127178,enabled
1782984963.187,2026-07-02 09:36:03.189,lock_row_lock_time_avg,0,0,0.000000,enabled
1782984963.187,2026-07-02 09:36:03.189,lock_row_lock_time_max,29,29,0.000000,enabled
1782984963.187,2026-07-02 09:36:03.189,lock_row_lock_waits,425,425,0.167339,enabled
1782984963.187,2026-07-02 09:36:03.189,lock_schedule_refreshes,2777,2777,1.093416,enabled
1782984963.187,2026-07-02 09:36:03.189,lock_threads_waiting,0,0,0.000000,enabled
1782984963.187,2026-07-02 09:36:03.189,lock_timeouts,0,0,0.000000,enabled
1782984963.187,2026-07-02 09:36:03.189,log_waits,0,0,0.000000,enabled
1782984963.187,2026-07-02 09:36:03.189,log_writes,216219664,216219664,85134.298025,enabled
1782984963.187,2026-07-02 09:36:03.189,log_write_requests,425321186,425321186,167465.899992,enabled
1782984963.187,2026-07-02 09:36:03.189,os_data_fsyncs,62191035,62191035,24487.089394,enabled
1782984963.187,2026-07-02 09:36:03.189,os_data_reads,87868672,87868672,34597.398628,enabled
1782984963.187,2026-07-02 09:36:03.189,os_data_writes,245993238,245993238,96857.343082,enabled
1782984963.187,2026-07-02 09:36:03.189,os_log_bytes_written,135483061760,135483061760,53345081.640644,enabled
1782984963.187,2026-07-02 09:36:03.189,os_log_fsyncs,54239082,54239082,21356.088485,enabled
1782984963.187,2026-07-02 09:36:03.189,os_log_pending_fsyncs,1,1,0.000394,enabled
1782984963.187,2026-07-02 09:36:03.189,os_log_pending_writes,1,1,0.000394,enabled
1782984963.187,2026-07-02 09:36:03.189,trx_rseg_history_len,1206,1206,0.000000,enabled
1782984964.260,2026-07-02 09:36:04.262,adaptive_hash_searches,0,0,0.000000,enabled
1782984964.260,2026-07-02 09:36:04.262,adaptive_hash_searches_btree,633153244,633153244,249192.448139,enabled
1782984964.260,2026-07-02 09:36:04.262,buffer_data_reads,1435658226176,1435658226176,565037351.295892,enabled
1782984964.260,2026-07-02 09:36:04.262,buffer_data_written,646636208640,646636208640,254499019.057675,enabled
1782984964.260,2026-07-02 09:36:04.262,buffer_pages0_read,7,7,0.002755,enabled
1782984964.260,2026-07-02 09:36:04.262,buffer_pages_created,1821423,1821423,716.864235,enabled
1782984964.260,2026-07-02 09:36:04.262,buffer_pages_read,87872742,87872742,34584.402177,enabled
1782984964.260,2026-07-02 09:36:04.262,buffer_pages_written,28945454,28945454,11392.170120,enabled
1782984964.260,2026-07-02 09:36:04.262,buffer_pool_bytes_data,12851838976,12851838976,0.000000,enabled
1782984964.260,2026-07-02 09:36:04.262,buffer_pool_bytes_dirty,4656168960,4656168960,0.000000,enabled
1782984964.260,2026-07-02 09:36:04.262,buffer_pool_pages_data,784414,784414,0.000000,enabled
1782984964.260,2026-07-02 09:36:04.262,buffer_pool_pages_dirty,284190,284190,0.000000,enabled
1782984964.260,2026-07-02 09:36:04.262,buffer_pool_pages_flushed,28888384,28888384,0.000000,enabled
1782984964.260,2026-07-02 09:36:04.262,buffer_pool_pages_free,1922,1922,0.000000,enabled
1782984964.260,2026-07-02 09:36:04.262,buffer_pool_pages_lru_flushed,0,0,0.000000,enabled
1782984964.260,2026-07-02 09:36:04.262,buffer_pool_pages_misc,96,96,0.000000,enabled
1782984964.260,2026-07-02 09:36:04.262,buffer_pool_pages_total,786432,786432,0.000000,enabled
1782984964.260,2026-07-02 09:36:04.262,buffer_pool_reads,86963019,86963019,34226.360191,enabled
1782984964.260,2026-07-02 09:36:04.262,buffer_pool_read_ahead,803715,803715,316.321111,enabled
1782984964.260,2026-07-02 09:36:04.262,buffer_pool_read_ahead_evicted,25,25,0.009839,enabled
1782984964.260,2026-07-02 09:36:04.262,buffer_pool_read_requests,3054470552,3054470552,1202159.377519,enabled
1782984964.260,2026-07-02 09:36:04.262,buffer_pool_size,12884901888,12884901888,0.000000,enabled
1782984964.260,2026-07-02 09:36:04.262,buffer_pool_wait_free,18945,18945,7.456254,enabled
1782984964.260,2026-07-02 09:36:04.262,buffer_pool_write_requests,629126544,629126544,247607.682251,enabled
1782984964.260,2026-07-02 09:36:04.262,dml_deletes,14158822,14158822,5572.539431,enabled
1782984964.260,2026-07-02 09:36:04.262,dml_inserts,114044227,114044227,44884.804141,enabled
1782984964.260,2026-07-02 09:36:04.262,dml_system_deletes,468,468,0.184192,enabled
1782984964.260,2026-07-02 09:36:04.262,dml_system_inserts,1202,1202,0.473076,enabled
1782984964.260,2026-07-02 09:36:04.262,dml_system_reads,7661,7661,3.015168,enabled
1782984964.260,2026-07-02 09:36:04.262,dml_system_updates,620,620,0.244016,enabled
1782984964.260,2026-07-02 09:36:04.262,dml_updates,28317770,28317770,11145.128444,enabled
1782984964.260,2026-07-02 09:36:04.262,file_num_open_files,35,35,0.000000,enabled
1782984964.260,2026-07-02 09:36:04.262,ibuf_merges,0,0,0.000000,enabled
1782984964.260,2026-07-02 09:36:04.262,ibuf_merges_delete,0,0,0.000000,enabled
1782984964.260,2026-07-02 09:36:04.262,ibuf_merges_delete_mark,0,0,0.000000,enabled
1782984964.260,2026-07-02 09:36:04.262,ibuf_merges_discard_delete,0,0,0.000000,enabled
1782984964.260,2026-07-02 09:36:04.262,ibuf_merges_discard_delete_mark,0,0,0.000000,enabled
1782984964.260,2026-07-02 09:36:04.262,ibuf_merges_discard_insert,0,0,0.000000,enabled
1782984964.260,2026-07-02 09:36:04.262,ibuf_merges_insert,0,0,0.000000,enabled
1782984964.260,2026-07-02 09:36:04.262,ibuf_size,1,1,0.000394,enabled
1782984964.260,2026-07-02 09:36:04.262,innodb_activity_count,19175891,19175891,7547.125770,enabled
1782984964.260,2026-07-02 09:36:04.262,innodb_dblwr_pages_written,28885954,28885954,11368.750812,enabled
1782984964.260,2026-07-02 09:36:04.262,innodb_dblwr_writes,598086,598086,235.390900,enabled
1782984964.260,2026-07-02 09:36:04.262,innodb_page_size,16384,16384,0.000000,enabled
1782984964.260,2026-07-02 09:36:04.262,innodb_rwlock_sx_os_waits,0,0,0.000000,enabled
1782984964.260,2026-07-02 09:36:04.262,innodb_rwlock_sx_spin_rounds,0,0,0.000000,enabled
1782984964.260,2026-07-02 09:36:04.262,innodb_rwlock_sx_spin_waits,0,0,0.000000,enabled
1782984964.260,2026-07-02 09:36:04.262,innodb_rwlock_s_os_waits,0,0,0.000000,enabled
1782984964.260,2026-07-02 09:36:04.262,innodb_rwlock_s_spin_rounds,0,0,0.000000,enabled
1782984964.260,2026-07-02 09:36:04.262,innodb_rwlock_s_spin_waits,0,0,0.000000,enabled
1782984964.260,2026-07-02 09:36:04.262,innodb_rwlock_x_os_waits,0,0,0.000000,enabled
1782984964.260,2026-07-02 09:36:04.262,innodb_rwlock_x_spin_rounds,0,0,0.000000,enabled
1782984964.260,2026-07-02 09:36:04.262,innodb_rwlock_x_spin_waits,0,0,0.000000,enabled
1782984964.260,2026-07-02 09:36:04.262,lock_deadlocks,0,0,0.000000,enabled
1782984964.260,2026-07-02 09:36:04.262,lock_deadlock_false_positives,0,0,0.000000,enabled
1782984964.260,2026-07-02 09:36:04.262,lock_deadlock_rounds,2778,2778,1.093348,enabled
1782984964.260,2026-07-02 09:36:04.262,lock_rec_grant_attempts,425,425,0.167269,enabled
1782984964.260,2026-07-02 09:36:04.262,lock_rec_release_attempts,43035862,43035862,16937.785142,enabled
1782984964.260,2026-07-02 09:36:04.262,lock_row_lock_current_waits,0,0,0.000000,enabled
1782984964.260,2026-07-02 09:36:04.262,lock_row_lock_time,323,323,0.127124,enabled
1782984964.260,2026-07-02 09:36:04.262,lock_row_lock_time_avg,0,0,0.000000,enabled
1782984964.260,2026-07-02 09:36:04.262,lock_row_lock_time_max,29,29,0.000000,enabled
1782984964.260,2026-07-02 09:36:04.262,lock_row_lock_waits,425,425,0.167269,enabled
1782984964.260,2026-07-02 09:36:04.262,lock_schedule_refreshes,2778,2778,1.093348,enabled
1782984964.260,2026-07-02 09:36:04.262,lock_threads_waiting,0,0,0.000000,enabled
1782984964.260,2026-07-02 09:36:04.262,lock_timeouts,0,0,0.000000,enabled
1782984964.260,2026-07-02 09:36:04.262,log_waits,0,0,0.000000,enabled
1782984964.260,2026-07-02 09:36:04.262,log_writes,216298396,216298396,85129.357006,enabled
1782984964.260,2026-07-02 09:36:04.262,log_write_requests,425402276,425402276,167427.141964,enabled
1782984964.260,2026-07-02 09:36:04.262,os_data_fsyncs,62223657,62223657,24489.594779,enabled
1782984964.260,2026-07-02 09:36:04.262,os_data_reads,87924496,87924496,34604.769078,enabled
1782984964.260,2026-07-02 09:36:04.262,os_data_writes,246088097,246088097,96853.802422,enabled
1782984964.260,2026-07-02 09:36:04.262,os_log_bytes_written,135524361728,135524361728,53338824.100889,enabled
1782984964.260,2026-07-02 09:36:04.262,os_log_fsyncs,54266894,54266894,21358.022088,enabled
1782984964.260,2026-07-02 09:36:04.262,os_log_pending_fsyncs,1,1,0.000394,enabled
1782984964.260,2026-07-02 09:36:04.262,os_log_pending_writes,0,0,0.000000,enabled
1782984964.260,2026-07-02 09:36:04.262,trx_rseg_history_len,1113,1113,0.000000,enabled
1782984965.332,2026-07-02 09:36:05.334,adaptive_hash_searches,0,0,0.000000,enabled
1782984965.332,2026-07-02 09:36:05.334,adaptive_hash_searches_btree,633321351,633321351,249153.541393,enabled
1782984965.332,2026-07-02 09:36:05.334,buffer_data_reads,1436591213056,1436591213056,565166207.892344,enabled
1782984965.332,2026-07-02 09:36:05.334,buffer_data_written,646949278720,646949278720,254514900.982609,enabled
1782984965.332,2026-07-02 09:36:05.334,buffer_pages0_read,7,7,0.002754,enabled
1782984965.332,2026-07-02 09:36:05.334,buffer_pages_created,1821457,1821457,716.575421,enabled
1782984965.332,2026-07-02 09:36:05.334,buffer_pages_read,87929859,87929859,34592.293623,enabled
1782984965.332,2026-07-02 09:36:05.334,buffer_pages_written,28961644,28961644,11393.737093,enabled
1782984965.332,2026-07-02 09:36:05.334,buffer_pool_bytes_data,12852805632,12852805632,0.000000,enabled
1782984965.332,2026-07-02 09:36:05.334,buffer_pool_bytes_dirty,4659740672,4659740672,0.000000,enabled
1782984965.332,2026-07-02 09:36:05.334,buffer_pool_pages_data,784473,784473,0.000000,enabled
1782984965.332,2026-07-02 09:36:05.334,buffer_pool_pages_dirty,284408,284408,0.000000,enabled
1782984965.332,2026-07-02 09:36:05.334,buffer_pool_pages_flushed,28904574,28904574,0.000000,enabled
1782984965.332,2026-07-02 09:36:05.334,buffer_pool_pages_free,1862,1862,0.000000,enabled
1782984965.332,2026-07-02 09:36:05.334,buffer_pool_pages_lru_flushed,0,0,0.000000,enabled
1782984965.332,2026-07-02 09:36:05.334,buffer_pool_pages_misc,97,97,0.000000,enabled
1782984965.332,2026-07-02 09:36:05.334,buffer_pool_pages_total,786432,786432,0.000000,enabled
1782984965.332,2026-07-02 09:36:05.334,buffer_pool_reads,87020070,87020070,34234.376576,enabled
1782984965.332,2026-07-02 09:36:05.334,buffer_pool_read_ahead,803715,803715,316.187768,enabled
1782984965.332,2026-07-02 09:36:05.334,buffer_pool_read_ahead_evicted,25,25,0.009835,enabled
1782984965.332,2026-07-02 09:36:05.334,buffer_pool_read_requests,3055303255,3055303255,1201980.206544,enabled
1782984965.332,2026-07-02 09:36:05.334,buffer_pool_size,12884901888,12884901888,0.000000,enabled
1782984965.332,2026-07-02 09:36:05.334,buffer_pool_wait_free,18945,18945,7.453111,enabled
1782984965.332,2026-07-02 09:36:05.334,buffer_pool_write_requests,629239278,629239278,247547.655237,enabled
1782984965.332,2026-07-02 09:36:05.334,dml_deletes,14163691,14163691,5572.105991,enabled
1782984965.332,2026-07-02 09:36:05.334,dml_inserts,114049097,114049097,44867.800146,enabled
1782984965.332,2026-07-02 09:36:05.334,dml_system_deletes,468,468,0.184115,enabled
1782984965.332,2026-07-02 09:36:05.334,dml_system_inserts,1202,1202,0.472876,enabled
1782984965.332,2026-07-02 09:36:05.334,dml_system_reads,7661,7661,3.013897,enabled
1782984965.332,2026-07-02 09:36:05.334,dml_system_updates,620,620,0.243913,enabled
1782984965.332,2026-07-02 09:36:05.334,dml_updates,28327505,28327505,11144.260362,enabled
1782984965.332,2026-07-02 09:36:05.334,file_num_open_files,35,35,0.000000,enabled
1782984965.332,2026-07-02 09:36:05.334,ibuf_merges,0,0,0.000000,enabled
1782984965.332,2026-07-02 09:36:05.334,ibuf_merges_delete,0,0,0.000000,enabled
1782984965.332,2026-07-02 09:36:05.334,ibuf_merges_delete_mark,0,0,0.000000,enabled
1782984965.332,2026-07-02 09:36:05.334,ibuf_merges_discard_delete,0,0,0.000000,enabled
1782984965.332,2026-07-02 09:36:05.334,ibuf_merges_discard_delete_mark,0,0,0.000000,enabled
1782984965.332,2026-07-02 09:36:05.334,ibuf_merges_discard_insert,0,0,0.000000,enabled
1782984965.332,2026-07-02 09:36:05.334,ibuf_merges_insert,0,0,0.000000,enabled
1782984965.332,2026-07-02 09:36:05.334,ibuf_size,1,1,0.000393,enabled
1782984965.332,2026-07-02 09:36:05.334,innodb_activity_count,19181488,19181488,7546.146376,enabled
1782984965.332,2026-07-02 09:36:05.334,innodb_dblwr_pages_written,28902144,28902144,11370.327898,enabled
1782984965.332,2026-07-02 09:36:05.334,innodb_dblwr_writes,598439,598439,235.430550,enabled
1782984965.332,2026-07-02 09:36:05.334,innodb_page_size,16384,16384,0.000000,enabled
1782984965.332,2026-07-02 09:36:05.334,innodb_rwlock_sx_os_waits,0,0,0.000000,enabled
1782984965.332,2026-07-02 09:36:05.334,innodb_rwlock_sx_spin_rounds,0,0,0.000000,enabled
1782984965.332,2026-07-02 09:36:05.334,innodb_rwlock_sx_spin_waits,0,0,0.000000,enabled
1782984965.332,2026-07-02 09:36:05.334,innodb_rwlock_s_os_waits,0,0,0.000000,enabled
1782984965.332,2026-07-02 09:36:05.334,innodb_rwlock_s_spin_rounds,0,0,0.000000,enabled
1782984965.332,2026-07-02 09:36:05.334,innodb_rwlock_s_spin_waits,0,0,0.000000,enabled
1782984965.332,2026-07-02 09:36:05.334,innodb_rwlock_x_os_waits,0,0,0.000000,enabled
1782984965.332,2026-07-02 09:36:05.334,innodb_rwlock_x_spin_rounds,0,0,0.000000,enabled
1782984965.332,2026-07-02 09:36:05.334,innodb_rwlock_x_spin_waits,0,0,0.000000,enabled
1782984965.332,2026-07-02 09:36:05.334,lock_deadlocks,0,0,0.000000,enabled
1782984965.332,2026-07-02 09:36:05.334,lock_deadlock_false_positives,0,0,0.000000,enabled
1782984965.332,2026-07-02 09:36:05.334,lock_deadlock_rounds,2779,2779,1.093280,enabled
1782984965.332,2026-07-02 09:36:05.334,lock_rec_grant_attempts,425,425,0.167198,enabled
1782984965.332,2026-07-02 09:36:05.334,lock_rec_release_attempts,43050665,43050665,16936.468711,enabled
1782984965.332,2026-07-02 09:36:05.334,lock_row_lock_current_waits,0,0,0.000000,enabled
1782984965.332,2026-07-02 09:36:05.334,lock_row_lock_time,323,323,0.127071,enabled
1782984965.332,2026-07-02 09:36:05.334,lock_row_lock_time_avg,0,0,0.000000,enabled
1782984965.332,2026-07-02 09:36:05.334,lock_row_lock_time_max,29,29,0.000000,enabled
1782984965.332,2026-07-02 09:36:05.334,lock_row_lock_waits,425,425,0.167198,enabled
1782984965.332,2026-07-02 09:36:05.334,lock_schedule_refreshes,2779,2779,1.093280,enabled
1782984965.332,2026-07-02 09:36:05.334,lock_threads_waiting,0,0,0.000000,enabled
1782984965.332,2026-07-02 09:36:05.334,lock_timeouts,0,0,0.000000,enabled
1782984965.332,2026-07-02 09:36:05.334,log_waits,0,0,0.000000,enabled
1782984965.332,2026-07-02 09:36:05.334,log_writes,216378732,216378732,85125.076958,enabled
1782984965.332,2026-07-02 09:36:05.334,log_write_requests,425484977,425484977,167389.101023,enabled
1782984965.332,2026-07-02 09:36:05.334,os_data_fsyncs,62257571,62257571,24492.613574,enabled
1782984965.332,2026-07-02 09:36:05.334,os_data_reads,87981438,87981438,34612.583342,enabled
1782984965.332,2026-07-02 09:36:05.334,os_data_writes,246184910,246184910,96851.062043,enabled
1782984965.332,2026-07-02 09:36:05.334,os_log_bytes_written,135566171136,135566171136,53332788.057587,enabled
1782984965.332,2026-07-02 09:36:05.334,os_log_fsyncs,54295911,54295911,21360.434449,enabled
1782984965.332,2026-07-02 09:36:05.334,os_log_pending_fsyncs,1,1,0.000393,enabled
1782984965.332,2026-07-02 09:36:05.334,os_log_pending_writes,0,0,0.000000,enabled
1782984965.332,2026-07-02 09:36:05.334,trx_rseg_history_len,1151,1151,0.000000,enabled
1782984966.403,2026-07-02 09:36:06.405,adaptive_hash_searches,0,0,0.000000,enabled
1782984966.403,2026-07-02 09:36:06.405,adaptive_hash_searches_btree,633487923,633487923,249114.164209,enabled
1782984966.403,2026-07-02 09:36:06.405,buffer_data_reads,1437516483072,1437516483072,565292162.867900,enabled
1782984966.403,2026-07-02 09:36:06.405,buffer_data_written,647295246336,647295246336,254543814.922578,enabled
1782984966.403,2026-07-02 09:36:06.405,buffer_pages0_read,7,7,0.002753,enabled
1782984966.403,2026-07-02 09:36:06.405,buffer_pages_created,1821492,1821492,716.287550,enabled
1782984966.403,2026-07-02 09:36:06.405,buffer_pages_read,87986499,87986499,34600.005626,enabled
1782984966.403,2026-07-02 09:36:06.405,buffer_pages_written,28979557,28979557,11395.985175,enabled
1782984966.403,2026-07-02 09:36:06.405,buffer_pool_bytes_data,12847415296,12847415296,0.000000,enabled
1782984966.403,2026-07-02 09:36:06.405,buffer_pool_bytes_dirty,4633018368,4633018368,0.000000,enabled
1782984966.403,2026-07-02 09:36:06.405,buffer_pool_pages_data,784143,784143,0.000000,enabled
1782984966.403,2026-07-02 09:36:06.405,buffer_pool_pages_dirty,282777,282777,0.000000,enabled
1782984966.403,2026-07-02 09:36:06.405,buffer_pool_pages_flushed,28920674,28920674,0.000000,enabled
1782984966.403,2026-07-02 09:36:06.405,buffer_pool_pages_free,2192,2192,0.000000,enabled
1782984966.403,2026-07-02 09:36:06.405,buffer_pool_pages_lru_flushed,0,0,0.000000,enabled
1782984966.403,2026-07-02 09:36:06.405,buffer_pool_pages_misc,98,98,0.000000,enabled
1782984966.403,2026-07-02 09:36:06.405,buffer_pool_pages_total,786432,786432,0.000000,enabled
1782984966.403,2026-07-02 09:36:06.405,buffer_pool_reads,87076660,87076660,34242.219569,enabled
1782984966.403,2026-07-02 09:36:06.405,buffer_pool_read_ahead,803715,803715,316.054672,enabled
1782984966.403,2026-07-02 09:36:06.405,buffer_pool_read_ahead_evicted,25,25,0.009831,enabled
1782984966.403,2026-07-02 09:36:06.405,buffer_pool_read_requests,3056129220,3056129220,1201799.050368,enabled
1782984966.403,2026-07-02 09:36:06.405,buffer_pool_size,12884901888,12884901888,0.000000,enabled
1782984966.403,2026-07-02 09:36:06.405,buffer_pool_wait_free,18945,18945,7.449974,enabled
1782984966.403,2026-07-02 09:36:06.405,buffer_pool_write_requests,629351719,629351719,247487.669287,enabled
1782984966.403,2026-07-02 09:36:06.405,dml_deletes,14168510,14168510,5571.655448,enabled
1782984966.403,2026-07-02 09:36:06.405,dml_inserts,114053914,114053914,44850.807306,enabled
1782984966.403,2026-07-02 09:36:06.405,dml_system_deletes,468,468,0.184037,enabled
1782984966.403,2026-07-02 09:36:06.405,dml_system_inserts,1202,1202,0.472677,enabled
1782984966.403,2026-07-02 09:36:06.405,dml_system_reads,7661,7661,3.012628,enabled
1782984966.403,2026-07-02 09:36:06.405,dml_system_updates,620,620,0.243810,enabled
1782984966.403,2026-07-02 09:36:06.405,dml_updates,28337142,28337142,11143.358863,enabled
1782984966.403,2026-07-02 09:36:06.405,file_num_open_files,35,35,0.000000,enabled
1782984966.403,2026-07-02 09:36:06.405,ibuf_merges,0,0,0.000000,enabled
1782984966.403,2026-07-02 09:36:06.405,ibuf_merges_delete,0,0,0.000000,enabled
1782984966.403,2026-07-02 09:36:06.405,ibuf_merges_delete_mark,0,0,0.000000,enabled
1782984966.403,2026-07-02 09:36:06.405,ibuf_merges_discard_delete,0,0,0.000000,enabled
1782984966.403,2026-07-02 09:36:06.405,ibuf_merges_discard_delete_mark,0,0,0.000000,enabled
1782984966.403,2026-07-02 09:36:06.405,ibuf_merges_discard_insert,0,0,0.000000,enabled
1782984966.403,2026-07-02 09:36:06.405,ibuf_merges_insert,0,0,0.000000,enabled
1782984966.403,2026-07-02 09:36:06.405,ibuf_size,1,1,0.000393,enabled
1782984966.403,2026-07-02 09:36:06.405,innodb_activity_count,19187022,19187022,7545.146048,enabled
1782984966.403,2026-07-02 09:36:06.405,innodb_dblwr_pages_written,28919396,28919396,11372.325790,enabled
1782984966.403,2026-07-02 09:36:06.405,innodb_dblwr_writes,598819,598819,235.480878,enabled
1782984966.403,2026-07-02 09:36:06.405,innodb_page_size,16384,16384,0.000000,enabled
1782984966.403,2026-07-02 09:36:06.405,innodb_rwlock_sx_os_waits,0,0,0.000000,enabled
1782984966.403,2026-07-02 09:36:06.405,innodb_rwlock_sx_spin_rounds,0,0,0.000000,enabled
1782984966.403,2026-07-02 09:36:06.405,innodb_rwlock_sx_spin_waits,0,0,0.000000,enabled
1782984966.403,2026-07-02 09:36:06.405,innodb_rwlock_s_os_waits,0,0,0.000000,enabled
1782984966.403,2026-07-02 09:36:06.405,innodb_rwlock_s_spin_rounds,0,0,0.000000,enabled
1782984966.403,2026-07-02 09:36:06.405,innodb_rwlock_s_spin_waits,0,0,0.000000,enabled
1782984966.403,2026-07-02 09:36:06.405,innodb_rwlock_x_os_waits,0,0,0.000000,enabled
1782984966.403,2026-07-02 09:36:06.405,innodb_rwlock_x_spin_rounds,0,0,0.000000,enabled
1782984966.403,2026-07-02 09:36:06.405,innodb_rwlock_x_spin_waits,0,0,0.000000,enabled
1782984966.403,2026-07-02 09:36:06.405,lock_deadlocks,0,0,0.000000,enabled
1782984966.403,2026-07-02 09:36:06.405,lock_deadlock_false_positives,0,0,0.000000,enabled
1782984966.403,2026-07-02 09:36:06.405,lock_deadlock_rounds,2780,2780,1.093213,enabled
1782984966.403,2026-07-02 09:36:06.405,lock_rec_grant_attempts,425,425,0.167128,enabled
1782984966.403,2026-07-02 09:36:06.405,lock_rec_release_attempts,43065301,43065301,16935.094992,enabled
1782984966.403,2026-07-02 09:36:06.405,lock_row_lock_current_waits,0,0,0.000000,enabled
1782984966.403,2026-07-02 09:36:06.405,lock_row_lock_time,323,323,0.127017,enabled
1782984966.403,2026-07-02 09:36:06.405,lock_row_lock_time_avg,0,0,0.000000,enabled
1782984966.403,2026-07-02 09:36:06.405,lock_row_lock_time_max,29,29,0.000000,enabled
1782984966.403,2026-07-02 09:36:06.405,lock_row_lock_waits,425,425,0.167128,enabled
1782984966.403,2026-07-02 09:36:06.405,lock_schedule_refreshes,2780,2780,1.093213,enabled
1782984966.403,2026-07-02 09:36:06.405,lock_threads_waiting,0,0,0.000000,enabled
1782984966.403,2026-07-02 09:36:06.405,lock_timeouts,0,0,0.000000,enabled
1782984966.403,2026-07-02 09:36:06.405,log_waits,0,0,0.000000,enabled
1782984966.403,2026-07-02 09:36:06.405,log_writes,216458191,216458191,85120.490760,enabled
1782984966.403,2026-07-02 09:36:06.405,log_write_requests,425566820,425566820,167350.823836,enabled
1782984966.403,2026-07-02 09:36:06.405,os_data_fsyncs,62290620,62290620,24495.299844,enabled
1782984966.403,2026-07-02 09:36:06.405,os_data_reads,88037915,88037915,34620.222565,enabled
1782984966.403,2026-07-02 09:36:06.405,os_data_writes,246282601,246282601,96848.709504,enabled
1782984966.403,2026-07-02 09:36:06.405,os_log_bytes_written,135607587328,135607587328,53326624.564470,enabled
1782984966.403,2026-07-02 09:36:06.405,os_log_fsyncs,54323974,54323974,21362.478468,enabled
1782984966.403,2026-07-02 09:36:06.405,os_log_pending_fsyncs,0,0,0.000000,enabled
1782984966.403,2026-07-02 09:36:06.405,os_log_pending_writes,0,0,0.000000,enabled
1782984966.403,2026-07-02 09:36:06.405,trx_rseg_history_len,1146,1146,0.000000,enabled
1782984967.474,2026-07-02 09:36:07.475,adaptive_hash_searches,0,0,0.000000,enabled
1782984967.474,2026-07-02 09:36:07.475,adaptive_hash_searches_btree,633652807,633652807,249074.411342,enabled
1782984967.474,2026-07-02 09:36:07.475,buffer_data_reads,1438435592704,1438435592704,565416156.712806,enabled
1782984967.474,2026-07-02 09:36:07.475,buffer_data_written,647629528576,647629528576,254568366.195216,enabled
1782984967.474,2026-07-02 09:36:07.475,buffer_pages0_read,7,7,0.002752,enabled
1782984967.474,2026-07-02 09:36:07.475,buffer_pages_created,1821525,1821525,715.999853,enabled
1782984967.474,2026-07-02 09:36:07.475,buffer_pages_read,88042756,88042756,34607.595262,enabled
1782984967.474,2026-07-02 09:36:07.475,buffer_pages_written,28997397,28997397,11398.214091,enabled
1782984967.474,2026-07-02 09:36:07.475,buffer_pool_bytes_data,12852297728,12852297728,0.000000,enabled
1782984967.474,2026-07-02 09:36:07.475,buffer_pool_bytes_dirty,4603691008,4603691008,0.000000,enabled
1782984967.474,2026-07-02 09:36:07.475,buffer_pool_pages_data,784442,784442,0.000000,enabled
1782984967.474,2026-07-02 09:36:07.475,buffer_pool_pages_dirty,280987,280987,0.000000,enabled
1782984967.474,2026-07-02 09:36:07.475,buffer_pool_pages_flushed,28940327,28940327,0.000000,enabled
1782984967.474,2026-07-02 09:36:07.475,buffer_pool_pages_free,1893,1893,0.000000,enabled
1782984967.474,2026-07-02 09:36:07.475,buffer_pool_pages_lru_flushed,0,0,0.000000,enabled
1782984967.474,2026-07-02 09:36:07.475,buffer_pool_pages_misc,96,96,0.000000,enabled
1782984967.474,2026-07-02 09:36:07.475,buffer_pool_pages_total,786432,786432,0.000000,enabled
1782984967.474,2026-07-02 09:36:07.475,buffer_pool_reads,87132854,87132854,34249.934633,enabled
1782984967.474,2026-07-02 09:36:07.475,buffer_pool_read_ahead,803715,803715,315.922005,enabled
1782984967.474,2026-07-02 09:36:07.475,buffer_pool_read_ahead_evicted,25,25,0.009827,enabled
1782984967.474,2026-07-02 09:36:07.475,buffer_pool_read_requests,3056945926,3056945926,1201615.610989,enabled
1782984967.474,2026-07-02 09:36:07.475,buffer_pool_size,12884901888,12884901888,0.000000,enabled
1782984967.474,2026-07-02 09:36:07.475,buffer_pool_wait_free,18945,18945,7.446847,enabled
1782984967.474,2026-07-02 09:36:07.475,buffer_pool_write_requests,629462152,629462152,247427.192415,enabled
1782984967.474,2026-07-02 09:36:07.475,dml_deletes,14173272,14173272,5571.188600,enabled
1782984967.474,2026-07-02 09:36:07.475,dml_inserts,114058677,114058677,44833.853570,enabled
1782984967.474,2026-07-02 09:36:07.475,dml_system_deletes,468,468,0.183960,enabled
1782984967.474,2026-07-02 09:36:07.475,dml_system_inserts,1202,1202,0.472479,enabled
1782984967.474,2026-07-02 09:36:07.475,dml_system_reads,7661,7661,3.011364,enabled
1782984967.474,2026-07-02 09:36:07.475,dml_system_updates,620,620,0.243708,enabled
1782984967.474,2026-07-02 09:36:07.475,dml_updates,28346672,28346672,11142.427505,enabled
1782984967.474,2026-07-02 09:36:07.475,file_num_open_files,35,35,0.000000,enabled
1782984967.474,2026-07-02 09:36:07.475,ibuf_merges,0,0,0.000000,enabled
1782984967.474,2026-07-02 09:36:07.475,ibuf_merges_delete,0,0,0.000000,enabled
1782984967.474,2026-07-02 09:36:07.475,ibuf_merges_delete_mark,0,0,0.000000,enabled
1782984967.474,2026-07-02 09:36:07.475,ibuf_merges_discard_delete,0,0,0.000000,enabled
1782984967.474,2026-07-02 09:36:07.475,ibuf_merges_discard_delete_mark,0,0,0.000000,enabled
1782984967.474,2026-07-02 09:36:07.475,ibuf_merges_discard_insert,0,0,0.000000,enabled
1782984967.474,2026-07-02 09:36:07.475,ibuf_merges_insert,0,0,0.000000,enabled
1782984967.474,2026-07-02 09:36:07.475,ibuf_size,1,1,0.000393,enabled
1782984967.474,2026-07-02 09:36:07.475,innodb_activity_count,19192495,19192495,7544.130303,enabled
1782984967.474,2026-07-02 09:36:07.475,innodb_dblwr_pages_written,28937897,28937897,11374.824607,enabled
1782984967.474,2026-07-02 09:36:07.475,innodb_dblwr_writes,599181,599181,235.524329,enabled
1782984967.474,2026-07-02 09:36:07.475,innodb_page_size,16384,16384,0.000000,enabled
1782984967.474,2026-07-02 09:36:07.475,innodb_rwlock_sx_os_waits,0,0,0.000000,enabled
1782984967.474,2026-07-02 09:36:07.475,innodb_rwlock_sx_spin_rounds,0,0,0.000000,enabled
1782984967.474,2026-07-02 09:36:07.475,innodb_rwlock_sx_spin_waits,0,0,0.000000,enabled
1782984967.474,2026-07-02 09:36:07.475,innodb_rwlock_s_os_waits,0,0,0.000000,enabled
1782984967.474,2026-07-02 09:36:07.475,innodb_rwlock_s_spin_rounds,0,0,0.000000,enabled
1782984967.474,2026-07-02 09:36:07.475,innodb_rwlock_s_spin_waits,0,0,0.000000,enabled
1782984967.474,2026-07-02 09:36:07.475,innodb_rwlock_x_os_waits,0,0,0.000000,enabled
1782984967.474,2026-07-02 09:36:07.475,innodb_rwlock_x_spin_rounds,0,0,0.000000,enabled
1782984967.474,2026-07-02 09:36:07.475,innodb_rwlock_x_spin_waits,0,0,0.000000,enabled
1782984967.474,2026-07-02 09:36:07.475,lock_deadlocks,0,0,0.000000,enabled
1782984967.474,2026-07-02 09:36:07.475,lock_deadlock_false_positives,0,0,0.000000,enabled
1782984967.474,2026-07-02 09:36:07.475,lock_deadlock_rounds,2781,2781,1.093148,enabled
1782984967.474,2026-07-02 09:36:07.475,lock_rec_grant_attempts,425,425,0.167058,enabled
1782984967.474,2026-07-02 09:36:07.475,lock_rec_release_attempts,43079775,43079775,16933.675705,enabled
1782984967.474,2026-07-02 09:36:07.475,lock_row_lock_current_waits,0,0,0.000000,enabled
1782984967.474,2026-07-02 09:36:07.475,lock_row_lock_time,323,323,0.126964,enabled
1782984967.474,2026-07-02 09:36:07.475,lock_row_lock_time_avg,0,0,0.000000,enabled
1782984967.474,2026-07-02 09:36:07.475,lock_row_lock_time_max,29,29,0.000000,enabled
1782984967.474,2026-07-02 09:36:07.475,lock_row_lock_waits,425,425,0.167058,enabled
1782984967.474,2026-07-02 09:36:07.475,lock_schedule_refreshes,2781,2781,1.093148,enabled
1782984967.474,2026-07-02 09:36:07.475,lock_threads_waiting,0,0,0.000000,enabled
1782984967.474,2026-07-02 09:36:07.475,lock_timeouts,0,0,0.000000,enabled
1782984967.474,2026-07-02 09:36:07.475,log_waits,0,0,0.000000,enabled
1782984967.474,2026-07-02 09:36:07.475,log_writes,216537260,216537260,85115.841723,enabled
1782984967.474,2026-07-02 09:36:07.475,log_write_requests,425647998,425647998,167312.487679,enabled
1782984967.474,2026-07-02 09:36:07.475,os_data_fsyncs,62323402,62323402,24497.903717,enabled
1782984967.474,2026-07-02 09:36:07.475,os_data_reads,88093993,88093993,34627.733593,enabled
1782984967.474,2026-07-02 09:36:07.475,os_data_writes,246379745,246379745,96846.242031,enabled
1782984967.474,2026-07-02 09:36:07.475,os_log_bytes_written,135648794112,135648794112,53320438.000684,enabled
1782984967.474,2026-07-02 09:36:07.475,os_log_fsyncs,54351798,54351798,21364.448484,enabled
1782984967.474,2026-07-02 09:36:07.475,os_log_pending_fsyncs,1,1,0.000393,enabled
1782984967.474,2026-07-02 09:36:07.475,os_log_pending_writes,0,0,0.000000,enabled
1782984967.474,2026-07-02 09:36:07.475,trx_rseg_history_len,1064,1064,0.000000,enabled
1782984968.542,2026-07-02 09:36:08.543,adaptive_hash_searches,0,0,0.000000,enabled
1782984968.542,2026-07-02 09:36:08.543,adaptive_hash_searches_btree,633821232,633821232,249035.600534,enabled
1782984968.542,2026-07-02 09:36:08.543,buffer_data_reads,1439372823040,1439372823040,565546077.651845,enabled
1782984968.542,2026-07-02 09:36:08.543,buffer_data_written,647940178432,647940178432,254583121.482574,enabled
1782984968.542,2026-07-02 09:36:08.543,buffer_pages0_read,7,7,0.002750,enabled
1782984968.542,2026-07-02 09:36:08.543,buffer_pages_created,1821562,1821562,715.712591,enabled
1782984968.542,2026-07-02 09:36:08.543,buffer_pages_read,88100124,88100124,34615.548419,enabled
1782984968.542,2026-07-02 09:36:08.543,buffer_pages_written,29013446,29013446,11399.715485,enabled
1782984968.542,2026-07-02 09:36:08.543,buffer_pool_bytes_data,12853248000,12853248000,0.000000,enabled
1782984968.542,2026-07-02 09:36:08.543,buffer_pool_bytes_dirty,4608081920,4608081920,0.000000,enabled
1782984968.542,2026-07-02 09:36:08.543,buffer_pool_pages_data,784500,784500,0.000000,enabled
1782984968.542,2026-07-02 09:36:08.543,buffer_pool_pages_dirty,281255,281255,0.000000,enabled
1782984968.542,2026-07-02 09:36:08.543,buffer_pool_pages_flushed,28956376,28956376,0.000000,enabled
1782984968.542,2026-07-02 09:36:08.543,buffer_pool_pages_free,1835,1835,0.000000,enabled
1782984968.542,2026-07-02 09:36:08.543,buffer_pool_pages_lru_flushed,0,0,0.000000,enabled
1782984968.542,2026-07-02 09:36:08.543,buffer_pool_pages_misc,96,96,0.000000,enabled
1782984968.542,2026-07-02 09:36:08.543,buffer_pool_pages_total,786432,786432,0.000000,enabled
1782984968.542,2026-07-02 09:36:08.543,buffer_pool_reads,87190168,87190168,34258.017301,enabled
1782984968.542,2026-07-02 09:36:08.543,buffer_pool_read_ahead,803715,803715,315.788841,enabled
1782984968.542,2026-07-02 09:36:08.543,buffer_pool_read_ahead_evicted,25,25,0.009823,enabled
1782984968.542,2026-07-02 09:36:08.543,buffer_pool_read_requests,3057780638,3057780638,1201437.087612,enabled
1782984968.542,2026-07-02 09:36:08.543,buffer_pool_size,12884901888,12884901888,0.000000,enabled
1782984968.542,2026-07-02 09:36:08.543,buffer_pool_wait_free,18945,18945,7.443708,enabled
1782984968.542,2026-07-02 09:36:08.543,buffer_pool_write_requests,629575394,629575394,247367.393825,enabled
1782984968.542,2026-07-02 09:36:08.543,dml_deletes,14178142,14178142,5570.753784,enabled
1782984968.542,2026-07-02 09:36:08.543,dml_inserts,114063548,114063548,44816.869668,enabled
1782984968.542,2026-07-02 09:36:08.543,dml_system_deletes,468,468,0.183883,enabled
1782984968.542,2026-07-02 09:36:08.543,dml_system_inserts,1202,1202,0.472280,enabled
1782984968.542,2026-07-02 09:36:08.543,dml_system_reads,7661,7661,3.010094,enabled
1782984968.542,2026-07-02 09:36:08.543,dml_system_updates,620,620,0.243605,enabled
1782984968.542,2026-07-02 09:36:08.543,dml_updates,28356410,28356410,11141.557066,enabled
1782984968.542,2026-07-02 09:36:08.543,file_num_open_files,35,35,0.000000,enabled
1782984968.542,2026-07-02 09:36:08.543,ibuf_merges,0,0,0.000000,enabled
1782984968.542,2026-07-02 09:36:08.543,ibuf_merges_delete,0,0,0.000000,enabled
1782984968.542,2026-07-02 09:36:08.543,ibuf_merges_delete_mark,0,0,0.000000,enabled
1782984968.542,2026-07-02 09:36:08.543,ibuf_merges_discard_delete,0,0,0.000000,enabled
1782984968.542,2026-07-02 09:36:08.543,ibuf_merges_discard_delete_mark,0,0,0.000000,enabled
1782984968.542,2026-07-02 09:36:08.543,ibuf_merges_discard_insert,0,0,0.000000,enabled
1782984968.542,2026-07-02 09:36:08.543,ibuf_merges_insert,0,0,0.000000,enabled
1782984968.542,2026-07-02 09:36:08.543,ibuf_size,1,1,0.000393,enabled
1782984968.542,2026-07-02 09:36:08.543,innodb_activity_count,19198088,19198088,7543.147951,enabled
1782984968.542,2026-07-02 09:36:08.543,innodb_dblwr_pages_written,28953946,28953946,11376.335877,enabled
1782984968.542,2026-07-02 09:36:08.543,innodb_dblwr_writes,599536,599536,235.564538,enabled
1782984968.542,2026-07-02 09:36:08.543,innodb_page_size,16384,16384,0.000000,enabled
1782984968.542,2026-07-02 09:36:08.543,innodb_rwlock_sx_os_waits,0,0,0.000000,enabled
1782984968.542,2026-07-02 09:36:08.543,innodb_rwlock_sx_spin_rounds,0,0,0.000000,enabled
1782984968.542,2026-07-02 09:36:08.543,innodb_rwlock_sx_spin_waits,0,0,0.000000,enabled
1782984968.542,2026-07-02 09:36:08.543,innodb_rwlock_s_os_waits,0,0,0.000000,enabled
1782984968.542,2026-07-02 09:36:08.543,innodb_rwlock_s_spin_rounds,0,0,0.000000,enabled
1782984968.542,2026-07-02 09:36:08.543,innodb_rwlock_s_spin_waits,0,0,0.000000,enabled
1782984968.542,2026-07-02 09:36:08.543,innodb_rwlock_x_os_waits,0,0,0.000000,enabled
1782984968.542,2026-07-02 09:36:08.543,innodb_rwlock_x_spin_rounds,0,0,0.000000,enabled
1782984968.542,2026-07-02 09:36:08.543,innodb_rwlock_x_spin_waits,0,0,0.000000,enabled
1782984968.542,2026-07-02 09:36:08.543,lock_deadlocks,0,0,0.000000,enabled
1782984968.542,2026-07-02 09:36:08.543,lock_deadlock_false_positives,0,0,0.000000,enabled
1782984968.542,2026-07-02 09:36:08.543,lock_deadlock_rounds,2782,2782,1.093080,enabled
1782984968.542,2026-07-02 09:36:08.543,lock_rec_grant_attempts,425,425,0.166987,enabled
1782984968.542,2026-07-02 09:36:08.543,lock_rec_release_attempts,43094583,43094583,16932.356232,enabled
1782984968.542,2026-07-02 09:36:08.543,lock_row_lock_current_waits,0,0,0.000000,enabled
1782984968.542,2026-07-02 09:36:08.543,lock_row_lock_time,323,323,0.126910,enabled
1782984968.542,2026-07-02 09:36:08.543,lock_row_lock_time_avg,0,0,0.000000,enabled
1782984968.542,2026-07-02 09:36:08.543,lock_row_lock_time_max,29,29,0.000000,enabled
1782984968.542,2026-07-02 09:36:08.543,lock_row_lock_waits,425,425,0.166987,enabled
1782984968.542,2026-07-02 09:36:08.543,lock_schedule_refreshes,2782,2782,1.093080,enabled
1782984968.542,2026-07-02 09:36:08.543,lock_threads_waiting,0,0,0.000000,enabled
1782984968.542,2026-07-02 09:36:08.543,lock_timeouts,0,0,0.000000,enabled
1782984968.542,2026-07-02 09:36:08.543,log_waits,0,0,0.000000,enabled
1782984968.542,2026-07-02 09:36:08.543,log_writes,216617008,216617008,85111.298438,enabled
1782984968.542,2026-07-02 09:36:08.543,log_write_requests,425730771,425730771,167274.486246,enabled
1782984968.542,2026-07-02 09:36:08.543,os_data_fsyncs,62357124,62357124,24500.827372,enabled
1782984968.542,2026-07-02 09:36:08.543,os_data_reads,88151180,88151180,34635.607092,enabled
1782984968.542,2026-07-02 09:36:08.543,os_data_writes,246475811,246475811,96843.165827,enabled
1782984968.542,2026-07-02 09:36:08.543,os_log_bytes_written,135690407936,135690407936,53314313.476127,enabled
1782984968.542,2026-07-02 09:36:08.543,os_log_fsyncs,54380467,54380467,21366.707545,enabled
1782984968.542,2026-07-02 09:36:08.543,os_log_pending_fsyncs,1,1,0.000393,enabled
1782984968.542,2026-07-02 09:36:08.543,os_log_pending_writes,0,0,0.000000,enabled
1782984968.542,2026-07-02 09:36:08.543,trx_rseg_history_len,1128,1128,0.000000,enabled
1782984969.614,2026-07-02 09:36:09.616,adaptive_hash_searches,0,0,0.000000,enabled
1782984969.614,2026-07-02 09:36:09.616,adaptive_hash_searches_btree,633989520,633989520,248997.080320,enabled
1782984969.614,2026-07-02 09:36:09.616,buffer_data_reads,1440304679424,1440304679424,565674494.783242,enabled
1782984969.614,2026-07-02 09:36:09.616,buffer_data_written,648251607040,648251607040,254598492.404286,enabled
1782984969.614,2026-07-02 09:36:09.616,buffer_pages0_read,7,7,0.002749,enabled
1782984969.614,2026-07-02 09:36:09.616,buffer_pages_created,1821601,1821601,715.427262,enabled
1782984969.614,2026-07-02 09:36:09.616,buffer_pages_read,88157180,88157180,34623.416183,enabled
1782984969.614,2026-07-02 09:36:09.616,buffer_pages_written,29029510,29029510,11401.235946,enabled
1782984969.614,2026-07-02 09:36:09.616,buffer_pool_bytes_data,12852445184,12852445184,0.000000,enabled
1782984969.614,2026-07-02 09:36:09.616,buffer_pool_bytes_dirty,4612980736,4612980736,0.000000,enabled
1782984969.614,2026-07-02 09:36:09.616,buffer_pool_pages_data,784451,784451,0.000000,enabled
1782984969.614,2026-07-02 09:36:09.616,buffer_pool_pages_dirty,281554,281554,0.000000,enabled
1782984969.614,2026-07-02 09:36:09.616,buffer_pool_pages_flushed,28972440,28972440,0.000000,enabled
1782984969.614,2026-07-02 09:36:09.616,buffer_pool_pages_free,1885,1885,0.000000,enabled
1782984969.614,2026-07-02 09:36:09.616,buffer_pool_pages_lru_flushed,0,0,0.000000,enabled
1782984969.614,2026-07-02 09:36:09.616,buffer_pool_pages_misc,96,96,0.000000,enabled
1782984969.614,2026-07-02 09:36:09.616,buffer_pool_pages_total,786432,786432,0.000000,enabled
1782984969.614,2026-07-02 09:36:09.616,buffer_pool_reads,87247152,87247152,34266.007005,enabled
1782984969.614,2026-07-02 09:36:09.616,buffer_pool_read_ahead,803715,803715,315.656190,enabled
1782984969.614,2026-07-02 09:36:09.616,buffer_pool_read_ahead_evicted,25,25,0.009819,enabled
1782984969.614,2026-07-02 09:36:09.616,buffer_pool_read_requests,3058614028,3058614028,1201259.718865,enabled
1782984969.614,2026-07-02 09:36:09.616,buffer_pool_size,12884901888,12884901888,0.000000,enabled
1782984969.614,2026-07-02 09:36:09.616,buffer_pool_wait_free,18945,18945,7.440581,enabled
1782984969.614,2026-07-02 09:36:09.616,buffer_pool_write_requests,629688393,629688393,247307.863764,enabled
1782984969.614,2026-07-02 09:36:09.616,dml_deletes,14183005,14183005,5570.323537,enabled
1782984969.614,2026-07-02 09:36:09.616,dml_inserts,114068412,114068412,44799.953233,enabled
1782984969.614,2026-07-02 09:36:09.616,dml_system_deletes,468,468,0.183805,enabled
1782984969.614,2026-07-02 09:36:09.616,dml_system_inserts,1202,1202,0.472081,enabled
1782984969.614,2026-07-02 09:36:09.616,dml_system_reads,7661,7661,3.008830,enabled
1782984969.614,2026-07-02 09:36:09.616,dml_system_updates,620,620,0.243503,enabled
1782984969.614,2026-07-02 09:36:09.616,dml_updates,28366133,28366133,11140.695372,enabled
1782984969.614,2026-07-02 09:36:09.616,file_num_open_files,35,35,0.000000,enabled
1782984969.614,2026-07-02 09:36:09.616,ibuf_merges,0,0,0.000000,enabled
1782984969.614,2026-07-02 09:36:09.616,ibuf_merges_delete,0,0,0.000000,enabled
1782984969.614,2026-07-02 09:36:09.616,ibuf_merges_delete_mark,0,0,0.000000,enabled
1782984969.614,2026-07-02 09:36:09.616,ibuf_merges_discard_delete,0,0,0.000000,enabled
1782984969.614,2026-07-02 09:36:09.616,ibuf_merges_discard_delete_mark,0,0,0.000000,enabled
1782984969.614,2026-07-02 09:36:09.616,ibuf_merges_discard_insert,0,0,0.000000,enabled
1782984969.614,2026-07-02 09:36:09.616,ibuf_merges_insert,0,0,0.000000,enabled
1782984969.614,2026-07-02 09:36:09.616,ibuf_size,1,1,0.000393,enabled
1782984969.614,2026-07-02 09:36:09.616,innodb_activity_count,19203676,19203676,7542.173885,enabled
1782984969.614,2026-07-02 09:36:09.616,innodb_dblwr_pages_written,28970010,28970010,11377.865964,enabled
1782984969.614,2026-07-02 09:36:09.616,innodb_dblwr_writes,599905,599905,235.610505,enabled
1782984969.614,2026-07-02 09:36:09.616,innodb_page_size,16384,16384,0.000000,enabled
1782984969.614,2026-07-02 09:36:09.616,innodb_rwlock_sx_os_waits,0,0,0.000000,enabled
1782984969.614,2026-07-02 09:36:09.616,innodb_rwlock_sx_spin_rounds,0,0,0.000000,enabled
1782984969.614,2026-07-02 09:36:09.616,innodb_rwlock_sx_spin_waits,0,0,0.000000,enabled
1782984969.614,2026-07-02 09:36:09.616,innodb_rwlock_s_os_waits,0,0,0.000000,enabled
1782984969.614,2026-07-02 09:36:09.616,innodb_rwlock_s_spin_rounds,0,0,0.000000,enabled
1782984969.614,2026-07-02 09:36:09.616,innodb_rwlock_s_spin_waits,0,0,0.000000,enabled
1782984969.614,2026-07-02 09:36:09.616,innodb_rwlock_x_os_waits,0,0,0.000000,enabled
1782984969.614,2026-07-02 09:36:09.616,innodb_rwlock_x_spin_rounds,0,0,0.000000,enabled
1782984969.614,2026-07-02 09:36:09.616,innodb_rwlock_x_spin_waits,0,0,0.000000,enabled
1782984969.614,2026-07-02 09:36:09.616,lock_deadlocks,0,0,0.000000,enabled
1782984969.614,2026-07-02 09:36:09.616,lock_deadlock_false_positives,0,0,0.000000,enabled
1782984969.614,2026-07-02 09:36:09.616,lock_deadlock_rounds,2783,2783,1.093013,enabled
1782984969.614,2026-07-02 09:36:09.616,lock_rec_grant_attempts,425,425,0.166917,enabled
1782984969.614,2026-07-02 09:36:09.616,lock_rec_release_attempts,43109366,43109366,16931.049539,enabled
1782984969.614,2026-07-02 09:36:09.616,lock_row_lock_current_waits,0,0,0.000000,enabled
1782984969.614,2026-07-02 09:36:09.616,lock_row_lock_time,323,323,0.126857,enabled
1782984969.614,2026-07-02 09:36:09.616,lock_row_lock_time_avg,0,0,0.000000,enabled
1782984969.614,2026-07-02 09:36:09.616,lock_row_lock_time_max,29,29,0.000000,enabled
1782984969.614,2026-07-02 09:36:09.616,lock_row_lock_waits,425,425,0.166917,enabled
1782984969.614,2026-07-02 09:36:09.616,lock_schedule_refreshes,2783,2783,1.093013,enabled
1782984969.614,2026-07-02 09:36:09.616,lock_threads_waiting,0,0,0.000000,enabled
1782984969.614,2026-07-02 09:36:09.616,lock_timeouts,0,0,0.000000,enabled
1782984969.614,2026-07-02 09:36:09.616,log_waits,0,0,0.000000,enabled
1782984969.614,2026-07-02 09:36:09.616,log_writes,216697493,216697493,85107.155481,enabled
1782984969.614,2026-07-02 09:36:09.616,log_write_requests,425813527,425813527,167236.720530,enabled
1782984969.614,2026-07-02 09:36:09.616,os_data_fsyncs,62391268,62391268,24503.945217,enabled
1782984969.614,2026-07-02 09:36:09.616,os_data_reads,88208070,88208070,34643.401030,enabled
1782984969.614,2026-07-02 09:36:09.616,os_data_writes,246572622,246572622,96840.507010,enabled
1782984969.614,2026-07-02 09:36:09.616,os_log_bytes_written,135732447744,135732447744,53308428.622274,enabled
1782984969.614,2026-07-02 09:36:09.616,os_log_fsyncs,54409529,54409529,21369.145988,enabled
1782984969.614,2026-07-02 09:36:09.616,os_log_pending_fsyncs,0,0,0.000000,enabled
1782984969.614,2026-07-02 09:36:09.616,os_log_pending_writes,0,0,0.000000,enabled
1782984969.614,2026-07-02 09:36:09.616,trx_rseg_history_len,1156,1156,0.000000,enabled
1782984970.684,2026-07-02 09:36:10.685,adaptive_hash_searches,0,0,0.000000,enabled
1782984970.684,2026-07-02 09:36:10.685,adaptive_hash_searches_btree,634158597,634158597,248958.592469,enabled
1782984970.684,2026-07-02 09:36:10.685,buffer_data_reads,1441239255552,1441239255552,565803160.555009,enabled
1782984970.684,2026-07-02 09:36:10.685,buffer_data_written,648563473920,648563473920,254613702.571420,enabled
1782984970.684,2026-07-02 09:36:10.685,buffer_pages0_read,7,7,0.002748,enabled
1782984970.684,2026-07-02 09:36:10.685,buffer_pages_created,1821625,1821625,715.135385,enabled
1782984970.684,2026-07-02 09:36:10.685,buffer_pages_read,88214379,88214379,34631.289940,enabled
1782984970.684,2026-07-02 09:36:10.685,buffer_pages_written,29045600,29045600,11402.750996,enabled
1782984970.684,2026-07-02 09:36:10.685,buffer_pool_bytes_data,12858228736,12858228736,0.000000,enabled
1782984970.684,2026-07-02 09:36:10.685,buffer_pool_bytes_dirty,4618518528,4618518528,0.000000,enabled
1782984970.684,2026-07-02 09:36:10.685,buffer_pool_pages_data,784804,784804,0.000000,enabled
1782984970.684,2026-07-02 09:36:10.685,buffer_pool_pages_dirty,281892,281892,0.000000,enabled
1782984970.684,2026-07-02 09:36:10.685,buffer_pool_pages_flushed,28988530,28988530,0.000000,enabled
1782984970.684,2026-07-02 09:36:10.685,buffer_pool_pages_free,1532,1532,0.000000,enabled
1782984970.684,2026-07-02 09:36:10.685,buffer_pool_pages_lru_flushed,0,0,0.000000,enabled
1782984970.684,2026-07-02 09:36:10.685,buffer_pool_pages_misc,96,96,0.000000,enabled
1782984970.684,2026-07-02 09:36:10.685,buffer_pool_pages_total,786432,786432,0.000000,enabled
1782984970.684,2026-07-02 09:36:10.685,buffer_pool_reads,87304307,87304307,34274.013990,enabled
1782984970.684,2026-07-02 09:36:10.685,buffer_pool_read_ahead,803715,803715,315.523253,enabled
1782984970.684,2026-07-02 09:36:10.685,buffer_pool_read_ahead_evicted,25,25,0.009815,enabled
1782984970.684,2026-07-02 09:36:10.685,buffer_pool_read_requests,3059451370,3059451370,1201082.537605,enabled
1782984970.684,2026-07-02 09:36:10.685,buffer_pool_size,12884901888,12884901888,0.000000,enabled
1782984970.684,2026-07-02 09:36:10.685,buffer_pool_wait_free,18945,18945,7.437447,enabled
1782984970.684,2026-07-02 09:36:10.685,buffer_pool_write_requests,629801910,629801910,247248.275657,enabled
1782984970.684,2026-07-02 09:36:10.685,dml_deletes,14187903,14187903,5569.900459,enabled
1782984970.684,2026-07-02 09:36:10.685,dml_inserts,114073310,114073310,44783.008617,enabled
1782984970.684,2026-07-02 09:36:10.685,dml_system_deletes,468,468,0.183728,enabled
1782984970.684,2026-07-02 09:36:10.685,dml_system_inserts,1202,1202,0.471882,enabled
1782984970.684,2026-07-02 09:36:10.685,dml_system_reads,7661,7661,3.007563,enabled
1782984970.684,2026-07-02 09:36:10.685,dml_system_updates,620,620,0.243400,enabled
1782984970.684,2026-07-02 09:36:10.685,dml_updates,28375928,28375928,11139.848803,enabled
1782984970.684,2026-07-02 09:36:10.685,file_num_open_files,35,35,0.000000,enabled
1782984970.684,2026-07-02 09:36:10.685,ibuf_merges,0,0,0.000000,enabled
1782984970.684,2026-07-02 09:36:10.685,ibuf_merges_delete,0,0,0.000000,enabled
1782984970.684,2026-07-02 09:36:10.685,ibuf_merges_delete_mark,0,0,0.000000,enabled
1782984970.684,2026-07-02 09:36:10.685,ibuf_merges_discard_delete,0,0,0.000000,enabled
1782984970.684,2026-07-02 09:36:10.685,ibuf_merges_discard_delete_mark,0,0,0.000000,enabled
1782984970.684,2026-07-02 09:36:10.685,ibuf_merges_discard_insert,0,0,0.000000,enabled
1782984970.684,2026-07-02 09:36:10.685,ibuf_merges_insert,0,0,0.000000,enabled
1782984970.684,2026-07-02 09:36:10.685,ibuf_size,1,1,0.000393,enabled
1782984970.684,2026-07-02 09:36:10.685,innodb_activity_count,19209296,19209296,7541.203823,enabled
1782984970.684,2026-07-02 09:36:10.685,innodb_dblwr_pages_written,28986100,28986100,11379.390826,enabled
1782984970.684,2026-07-02 09:36:10.685,innodb_dblwr_writes,600275,600275,235.656533,enabled
1782984970.684,2026-07-02 09:36:10.685,innodb_page_size,16384,16384,0.000000,enabled
1782984970.684,2026-07-02 09:36:10.685,innodb_rwlock_sx_os_waits,0,0,0.000000,enabled
1782984970.684,2026-07-02 09:36:10.685,innodb_rwlock_sx_spin_rounds,0,0,0.000000,enabled
1782984970.684,2026-07-02 09:36:10.685,innodb_rwlock_sx_spin_waits,0,0,0.000000,enabled
1782984970.684,2026-07-02 09:36:10.685,innodb_rwlock_s_os_waits,0,0,0.000000,enabled
1782984970.684,2026-07-02 09:36:10.685,innodb_rwlock_s_spin_rounds,0,0,0.000000,enabled
1782984970.684,2026-07-02 09:36:10.685,innodb_rwlock_s_spin_waits,0,0,0.000000,enabled
1782984970.684,2026-07-02 09:36:10.685,innodb_rwlock_x_os_waits,0,0,0.000000,enabled
1782984970.684,2026-07-02 09:36:10.685,innodb_rwlock_x_spin_rounds,0,0,0.000000,enabled
1782984970.684,2026-07-02 09:36:10.685,innodb_rwlock_x_spin_waits,0,0,0.000000,enabled
1782984970.684,2026-07-02 09:36:10.685,lock_deadlocks,0,0,0.000000,enabled
1782984970.684,2026-07-02 09:36:10.685,lock_deadlock_false_positives,0,0,0.000000,enabled
1782984970.684,2026-07-02 09:36:10.685,lock_deadlock_rounds,2784,2784,1.092946,enabled
1782984970.684,2026-07-02 09:36:10.685,lock_rec_grant_attempts,425,425,0.166847,enabled
1782984970.684,2026-07-02 09:36:10.685,lock_rec_release_attempts,43124252,43124252,16929.763046,enabled
1782984970.684,2026-07-02 09:36:10.685,lock_row_lock_current_waits,0,0,0.000000,enabled
1782984970.684,2026-07-02 09:36:10.685,lock_row_lock_time,323,323,0.126804,enabled
1782984970.684,2026-07-02 09:36:10.685,lock_row_lock_time_avg,0,0,0.000000,enabled
1782984970.684,2026-07-02 09:36:10.685,lock_row_lock_time_max,29,29,0.000000,enabled
1782984970.684,2026-07-02 09:36:10.685,lock_row_lock_waits,425,425,0.166847,enabled
1782984970.684,2026-07-02 09:36:10.685,lock_schedule_refreshes,2784,2784,1.092946,enabled
1782984970.684,2026-07-02 09:36:10.685,lock_threads_waiting,0,0,0.000000,enabled
1782984970.684,2026-07-02 09:36:10.685,lock_timeouts,0,0,0.000000,enabled
1782984970.684,2026-07-02 09:36:10.685,log_waits,0,0,0.000000,enabled
1782984970.684,2026-07-02 09:36:10.685,log_writes,216777974,216777974,85102.908426,enabled
1782984970.684,2026-07-02 09:36:10.685,log_write_requests,425896744,425896744,167198.959204,enabled
1782984970.684,2026-07-02 09:36:10.685,os_data_fsyncs,62425286,62425286,24506.980378,enabled
1782984970.684,2026-07-02 09:36:10.685,os_data_reads,88265115,88265115,34651.205988,enabled
1782984970.684,2026-07-02 09:36:10.685,os_data_writes,246669497,246669497,96837.754599,enabled
1782984970.684,2026-07-02 09:36:10.685,os_log_bytes_written,135774328832,135774328832,53302419.897828,enabled
1782984970.684,2026-07-02 09:36:10.685,os_log_fsyncs,54438613,54438613,21371.564358,enabled
1782984970.684,2026-07-02 09:36:10.685,os_log_pending_fsyncs,1,1,0.000393,enabled
1782984970.684,2026-07-02 09:36:10.685,os_log_pending_writes,1,1,0.000393,enabled
1782984970.684,2026-07-02 09:36:10.685,trx_rseg_history_len,1120,1120,0.000000,enabled
1782984971.757,2026-07-02 09:36:11.758,adaptive_hash_searches,0,0,0.000000,enabled
1782984971.757,2026-07-02 09:36:11.758,adaptive_hash_searches_btree,634326833,634326833,248919.888302,enabled
1782984971.757,2026-07-02 09:36:11.758,buffer_data_reads,1442168375808,1442168375808,565929755.682001,enabled
1782984971.757,2026-07-02 09:36:11.758,buffer_data_written,648873398272,648873398272,254628217.943723,enabled
1782984971.757,2026-07-02 09:36:11.758,buffer_pages0_read,7,7,0.002747,enabled
1782984971.757,2026-07-02 09:36:11.758,buffer_pages_created,1821650,1821650,714.844372,enabled
1782984971.757,2026-07-02 09:36:11.758,buffer_pages_read,88271256,88271256,34639.041637,enabled
1782984971.757,2026-07-02 09:36:11.758,buffer_pages_written,29061620,29061620,11404.240903,enabled
1782984971.757,2026-07-02 09:36:11.758,buffer_pool_bytes_data,12853067776,12853067776,0.000000,enabled
1782984971.757,2026-07-02 09:36:11.758,buffer_pool_bytes_dirty,4623515648,4623515648,0.000000,enabled
1782984971.757,2026-07-02 09:36:11.758,buffer_pool_pages_data,784489,784489,0.000000,enabled
1782984971.757,2026-07-02 09:36:11.758,buffer_pool_pages_dirty,282197,282197,0.000000,enabled
1782984971.757,2026-07-02 09:36:11.758,buffer_pool_pages_flushed,29004550,29004550,0.000000,enabled
1782984971.757,2026-07-02 09:36:11.758,buffer_pool_pages_free,1846,1846,0.000000,enabled
1782984971.757,2026-07-02 09:36:11.758,buffer_pool_pages_lru_flushed,0,0,0.000000,enabled
1782984971.757,2026-07-02 09:36:11.758,buffer_pool_pages_misc,97,97,0.000000,enabled
1782984971.757,2026-07-02 09:36:11.758,buffer_pool_pages_total,786432,786432,0.000000,enabled
1782984971.757,2026-07-02 09:36:11.758,buffer_pool_reads,87361131,87361131,34281.895164,enabled
1782984971.757,2026-07-02 09:36:11.758,buffer_pool_read_ahead,803715,803715,315.390527,enabled
1782984971.757,2026-07-02 09:36:11.758,buffer_pool_read_ahead_evicted,25,25,0.009810,enabled
1782984971.757,2026-07-02 09:36:11.758,buffer_pool_read_requests,3060283908,3060283908,1200903.999829,enabled
1782984971.757,2026-07-02 09:36:11.758,buffer_pool_size,12884901888,12884901888,0.000000,enabled
1782984971.757,2026-07-02 09:36:11.758,buffer_pool_wait_free,18945,18945,7.434319,enabled
1782984971.757,2026-07-02 09:36:11.758,buffer_pool_write_requests,629914657,629914657,247188.513688,enabled
1782984971.757,2026-07-02 09:36:11.758,dml_deletes,14192761,14192761,5569.463906,enabled
1782984971.757,2026-07-02 09:36:11.758,dml_inserts,114078168,114078168,44766.077553,enabled
1782984971.757,2026-07-02 09:36:11.758,dml_system_deletes,468,468,0.183651,enabled
1782984971.757,2026-07-02 09:36:11.758,dml_system_inserts,1202,1202,0.471684,enabled
1782984971.757,2026-07-02 09:36:11.758,dml_system_reads,7661,7661,3.006298,enabled
1782984971.757,2026-07-02 09:36:11.758,dml_system_updates,620,620,0.243298,enabled
1782984971.757,2026-07-02 09:36:11.758,dml_updates,28385651,28385651,11138.978426,enabled
1782984971.757,2026-07-02 09:36:11.758,file_num_open_files,35,35,0.000000,enabled
1782984971.757,2026-07-02 09:36:11.758,ibuf_merges,0,0,0.000000,enabled
1782984971.757,2026-07-02 09:36:11.758,ibuf_merges_delete,0,0,0.000000,enabled
1782984971.757,2026-07-02 09:36:11.758,ibuf_merges_delete_mark,0,0,0.000000,enabled
1782984971.757,2026-07-02 09:36:11.758,ibuf_merges_discard_delete,0,0,0.000000,enabled
1782984971.757,2026-07-02 09:36:11.758,ibuf_merges_discard_delete_mark,0,0,0.000000,enabled
1782984971.757,2026-07-02 09:36:11.758,ibuf_merges_discard_insert,0,0,0.000000,enabled
1782984971.757,2026-07-02 09:36:11.758,ibuf_merges_insert,0,0,0.000000,enabled
1782984971.757,2026-07-02 09:36:11.758,ibuf_size,1,1,0.000392,enabled
1782984971.757,2026-07-02 09:36:11.758,innodb_activity_count,19214884,19214884,7540.224508,enabled
1782984971.757,2026-07-02 09:36:11.758,innodb_dblwr_pages_written,29002120,29002120,11380.890709,enabled
1782984971.757,2026-07-02 09:36:11.758,innodb_dblwr_writes,600642,600642,235.701423,enabled
1782984971.757,2026-07-02 09:36:11.758,innodb_page_size,16384,16384,0.000000,enabled
1782984971.757,2026-07-02 09:36:11.758,innodb_rwlock_sx_os_waits,0,0,0.000000,enabled
1782984971.757,2026-07-02 09:36:11.758,innodb_rwlock_sx_spin_rounds,0,0,0.000000,enabled
1782984971.757,2026-07-02 09:36:11.758,innodb_rwlock_sx_spin_waits,0,0,0.000000,enabled
1782984971.757,2026-07-02 09:36:11.758,innodb_rwlock_s_os_waits,0,0,0.000000,enabled
1782984971.757,2026-07-02 09:36:11.758,innodb_rwlock_s_spin_rounds,0,0,0.000000,enabled
1782984971.757,2026-07-02 09:36:11.758,innodb_rwlock_s_spin_waits,0,0,0.000000,enabled
1782984971.757,2026-07-02 09:36:11.758,innodb_rwlock_x_os_waits,0,0,0.000000,enabled
1782984971.757,2026-07-02 09:36:11.758,innodb_rwlock_x_spin_rounds,0,0,0.000000,enabled
1782984971.757,2026-07-02 09:36:11.758,innodb_rwlock_x_spin_waits,0,0,0.000000,enabled
1782984971.757,2026-07-02 09:36:11.758,lock_deadlocks,0,0,0.000000,enabled
1782984971.757,2026-07-02 09:36:11.758,lock_deadlock_false_positives,0,0,0.000000,enabled
1782984971.757,2026-07-02 09:36:11.758,lock_deadlock_rounds,2785,2785,1.092878,enabled
1782984971.757,2026-07-02 09:36:11.758,lock_rec_grant_attempts,425,425,0.166777,enabled
1782984971.757,2026-07-02 09:36:11.758,lock_rec_release_attempts,43139021,43139021,16928.437089,enabled
1782984971.757,2026-07-02 09:36:11.758,lock_row_lock_current_waits,0,0,0.000000,enabled
1782984971.757,2026-07-02 09:36:11.758,lock_row_lock_time,323,323,0.126750,enabled
1782984971.757,2026-07-02 09:36:11.758,lock_row_lock_time_avg,0,0,0.000000,enabled
1782984971.757,2026-07-02 09:36:11.758,lock_row_lock_time_max,29,29,0.000000,enabled
1782984971.757,2026-07-02 09:36:11.758,lock_row_lock_waits,425,425,0.166777,enabled
1782984971.757,2026-07-02 09:36:11.758,lock_schedule_refreshes,2785,2785,1.092878,enabled
1782984971.757,2026-07-02 09:36:11.758,lock_threads_waiting,0,0,0.000000,enabled
1782984971.757,2026-07-02 09:36:11.758,lock_timeouts,0,0,0.000000,enabled
1782984971.757,2026-07-02 09:36:11.758,log_waits,0,0,0.000000,enabled
1782984971.757,2026-07-02 09:36:11.758,log_writes,216857528,216857528,85098.328414,enabled
1782984971.757,2026-07-02 09:36:11.758,log_write_requests,425979406,425979406,167161.065361,enabled
1782984971.757,2026-07-02 09:36:11.758,os_data_fsyncs,62458589,62458589,24509.740155,enabled
1782984971.757,2026-07-02 09:36:11.758,os_data_reads,88321818,88321818,34658.881132,enabled
1782984971.757,2026-07-02 09:36:11.758,os_data_writes,246765341,246765341,96834.630555,enabled
1782984971.757,2026-07-02 09:36:11.758,os_log_bytes_written,135815740416,135815740416,53296248.827579,enabled
1782984971.757,2026-07-02 09:36:11.758,os_log_fsyncs,54467196,54467196,21373.790845,enabled
1782984971.757,2026-07-02 09:36:11.758,os_log_pending_fsyncs,1,1,0.000392,enabled
1782984971.757,2026-07-02 09:36:11.758,os_log_pending_writes,0,0,0.000000,enabled
1782984971.757,2026-07-02 09:36:11.758,trx_rseg_history_len,1140,1140,0.000000,enabled
1782984972.829,2026-07-02 09:36:12.830,adaptive_hash_searches,0,0,0.000000,enabled
1782984972.829,2026-07-02 09:36:12.830,adaptive_hash_searches_btree,634495002,634495002,248881.358313,enabled
1782984972.829,2026-07-02 09:36:12.830,buffer_data_reads,1443105573376,1443105573376,566059796.241488,enabled
1782984972.829,2026-07-02 09:36:12.830,buffer_data_written,649181929984,649181929984,254642347.433576,enabled
1782984972.829,2026-07-02 09:36:12.830,buffer_pages0_read,7,7,0.002746,enabled
1782984972.829,2026-07-02 09:36:12.830,buffer_pages_created,1821674,1821674,714.553696,enabled
1782984972.829,2026-07-02 09:36:12.830,buffer_pages_read,88328619,88328619,34647.000931,enabled
1782984972.829,2026-07-02 09:36:12.830,buffer_pages_written,29077535,29077535,11405.696099,enabled
1782984972.829,2026-07-02 09:36:12.830,buffer_pool_bytes_data,12860260352,12860260352,0.000000,enabled
1782984972.829,2026-07-02 09:36:12.830,buffer_pool_bytes_dirty,4632969216,4632969216,0.000000,enabled
1782984972.829,2026-07-02 09:36:12.830,buffer_pool_pages_data,784928,784928,0.000000,enabled
1782984972.829,2026-07-02 09:36:12.830,buffer_pool_pages_dirty,282774,282774,0.000000,enabled
1782984972.829,2026-07-02 09:36:12.830,buffer_pool_pages_flushed,29020462,29020462,0.000000,enabled
1782984972.829,2026-07-02 09:36:12.830,buffer_pool_pages_free,1408,1408,0.000000,enabled
1782984972.829,2026-07-02 09:36:12.830,buffer_pool_pages_lru_flushed,0,0,0.000000,enabled
1782984972.829,2026-07-02 09:36:12.830,buffer_pool_pages_misc,96,96,0.000000,enabled
1782984972.829,2026-07-02 09:36:12.830,buffer_pool_pages_total,786432,786432,0.000000,enabled
1782984972.829,2026-07-02 09:36:12.830,buffer_pool_reads,87418436,87418436,34289.981602,enabled
1782984972.829,2026-07-02 09:36:12.830,buffer_pool_read_ahead,803715,803715,315.258126,enabled
1782984972.829,2026-07-02 09:36:12.830,buffer_pool_read_ahead_evicted,25,25,0.009806,enabled
1782984972.829,2026-07-02 09:36:12.830,buffer_pool_read_requests,3061116879,3061116879,1200726.594805,enabled
1782984972.829,2026-07-02 09:36:12.830,buffer_pool_size,12884901888,12884901888,0.000000,enabled
1782984972.829,2026-07-02 09:36:12.830,buffer_pool_wait_free,18945,18945,7.431198,enabled
1782984972.829,2026-07-02 09:36:12.830,buffer_pool_write_requests,630027328,630027328,247128.939416,enabled
1782984972.829,2026-07-02 09:36:12.830,dml_deletes,14197623,14197623,5569.033007,enabled
1782984972.829,2026-07-02 09:36:12.830,dml_inserts,114083030,114083030,44749.192187,enabled
1782984972.829,2026-07-02 09:36:12.830,dml_system_deletes,468,468,0.183574,enabled
1782984972.829,2026-07-02 09:36:12.830,dml_system_inserts,1202,1202,0.471486,enabled
1782984972.829,2026-07-02 09:36:12.830,dml_system_reads,7661,7661,3.005036,enabled
1782984972.829,2026-07-02 09:36:12.830,dml_system_updates,620,620,0.243196,enabled
1782984972.829,2026-07-02 09:36:12.830,dml_updates,28395373,28395373,11138.115822,enabled
1782984972.829,2026-07-02 09:36:12.830,file_num_open_files,35,35,0.000000,enabled
1782984972.829,2026-07-02 09:36:12.830,ibuf_merges,0,0,0.000000,enabled
1782984972.829,2026-07-02 09:36:12.830,ibuf_merges_delete,0,0,0.000000,enabled
1782984972.829,2026-07-02 09:36:12.830,ibuf_merges_delete_mark,0,0,0.000000,enabled
1782984972.829,2026-07-02 09:36:12.830,ibuf_merges_discard_delete,0,0,0.000000,enabled
1782984972.829,2026-07-02 09:36:12.830,ibuf_merges_discard_delete_mark,0,0,0.000000,enabled
1782984972.829,2026-07-02 09:36:12.830,ibuf_merges_discard_insert,0,0,0.000000,enabled
1782984972.829,2026-07-02 09:36:12.830,ibuf_merges_insert,0,0,0.000000,enabled
1782984972.829,2026-07-02 09:36:12.830,ibuf_size,1,1,0.000392,enabled
1782984972.829,2026-07-02 09:36:12.830,innodb_activity_count,19220473,19220473,7539.251469,enabled
1782984972.829,2026-07-02 09:36:12.830,innodb_dblwr_pages_written,29018032,29018032,11382.354591,enabled
1782984972.829,2026-07-02 09:36:12.830,innodb_dblwr_writes,601001,601001,235.743296,enabled
1782984972.829,2026-07-02 09:36:12.830,innodb_page_size,16384,16384,0.000000,enabled
1782984972.829,2026-07-02 09:36:12.830,innodb_rwlock_sx_os_waits,0,0,0.000000,enabled
1782984972.829,2026-07-02 09:36:12.830,innodb_rwlock_sx_spin_rounds,0,0,0.000000,enabled
1782984972.829,2026-07-02 09:36:12.830,innodb_rwlock_sx_spin_waits,0,0,0.000000,enabled
1782984972.829,2026-07-02 09:36:12.830,innodb_rwlock_s_os_waits,0,0,0.000000,enabled
1782984972.829,2026-07-02 09:36:12.830,innodb_rwlock_s_spin_rounds,0,0,0.000000,enabled
1782984972.829,2026-07-02 09:36:12.830,innodb_rwlock_s_spin_waits,0,0,0.000000,enabled
1782984972.829,2026-07-02 09:36:12.830,innodb_rwlock_x_os_waits,0,0,0.000000,enabled
1782984972.829,2026-07-02 09:36:12.830,innodb_rwlock_x_spin_rounds,0,0,0.000000,enabled
1782984972.829,2026-07-02 09:36:12.830,innodb_rwlock_x_spin_waits,0,0,0.000000,enabled
1782984972.829,2026-07-02 09:36:12.830,lock_deadlocks,0,0,0.000000,enabled
1782984972.829,2026-07-02 09:36:12.830,lock_deadlock_false_positives,0,0,0.000000,enabled
1782984972.829,2026-07-02 09:36:12.830,lock_deadlock_rounds,2786,2786,1.092812,enabled
1782984972.829,2026-07-02 09:36:12.830,lock_rec_grant_attempts,425,425,0.166707,enabled
1782984972.829,2026-07-02 09:36:12.830,lock_rec_release_attempts,43153799,43153799,16927.127226,enabled
1782984972.829,2026-07-02 09:36:12.830,lock_row_lock_current_waits,0,0,0.000000,enabled
1782984972.829,2026-07-02 09:36:12.830,lock_row_lock_time,323,323,0.126697,enabled
1782984972.829,2026-07-02 09:36:12.830,lock_row_lock_time_avg,0,0,0.000000,enabled
1782984972.829,2026-07-02 09:36:12.830,lock_row_lock_time_max,29,29,0.000000,enabled
1782984972.829,2026-07-02 09:36:12.830,lock_row_lock_waits,425,425,0.166707,enabled
1782984972.829,2026-07-02 09:36:12.830,lock_schedule_refreshes,2786,2786,1.092812,enabled
1782984972.829,2026-07-02 09:36:12.830,lock_threads_waiting,0,0,0.000000,enabled
1782984972.829,2026-07-02 09:36:12.830,lock_timeouts,0,0,0.000000,enabled
1782984972.829,2026-07-02 09:36:12.830,log_waits,0,0,0.000000,enabled
1782984972.829,2026-07-02 09:36:12.830,log_writes,216937310,216937310,85093.899399,enabled
1782984972.829,2026-07-02 09:36:12.830,log_write_requests,426062091,426062091,167123.325764,enabled
1782984972.829,2026-07-02 09:36:12.830,os_data_fsyncs,62492058,62492058,24512.579395,enabled
1782984972.829,2026-07-02 09:36:12.830,os_data_reads,88379013,88379013,34666.766388,enabled
1782984972.829,2026-07-02 09:36:12.830,os_data_writes,246861312,246861312,96831.624809,enabled
1782984972.829,2026-07-02 09:36:12.830,os_log_bytes_written,135857184256,135857184256,53290131.859828,enabled
1782984972.829,2026-07-02 09:36:12.830,os_log_fsyncs,54495671,54495671,21375.987641,enabled
1782984972.829,2026-07-02 09:36:12.830,os_log_pending_fsyncs,1,1,0.000392,enabled
1782984972.829,2026-07-02 09:36:12.830,os_log_pending_writes,0,0,0.000000,enabled
1782984972.829,2026-07-02 09:36:12.830,trx_rseg_history_len,1166,1166,0.000000,enabled
1782984973.899,2026-07-02 09:36:13.900,adaptive_hash_searches,0,0,0.000000,enabled
1782984973.899,2026-07-02 09:36:13.900,adaptive_hash_searches_btree,634664698,634664698,248843.289982,enabled
1782984973.899,2026-07-02 09:36:13.900,buffer_data_reads,1444045801984,1444045801984,566190538.563118,enabled
1782984973.899,2026-07-02 09:36:13.900,buffer_data_written,649496892416,649496892416,254658816.592668,enabled
1782984973.899,2026-07-02 09:36:13.900,buffer_pages0_read,7,7,0.002745,enabled
1782984973.899,2026-07-02 09:36:13.900,buffer_pages_created,1821704,1821704,714.265140,enabled
1782984973.899,2026-07-02 09:36:13.900,buffer_pages_read,88386194,88386194,34655.013571,enabled
1782984973.899,2026-07-02 09:36:13.900,buffer_pages_written,29093797,29093797,11407.278532,enabled
1782984973.899,2026-07-02 09:36:13.900,buffer_pool_bytes_data,12859129856,12859129856,0.000000,enabled
1782984973.899,2026-07-02 09:36:13.900,buffer_pool_bytes_dirty,4638015488,4638015488,0.000000,enabled
1782984973.899,2026-07-02 09:36:13.900,buffer_pool_pages_data,784859,784859,0.000000,enabled
1782984973.899,2026-07-02 09:36:13.900,buffer_pool_pages_dirty,283082,283082,0.000000,enabled
1782984973.899,2026-07-02 09:36:13.900,buffer_pool_pages_flushed,29036721,29036721,0.000000,enabled
1782984973.899,2026-07-02 09:36:13.900,buffer_pool_pages_free,1477,1477,0.000000,enabled
1782984973.899,2026-07-02 09:36:13.900,buffer_pool_pages_lru_flushed,0,0,0.000000,enabled
1782984973.899,2026-07-02 09:36:13.900,buffer_pool_pages_misc,96,96,0.000000,enabled
1782984973.899,2026-07-02 09:36:13.900,buffer_pool_pages_total,786432,786432,0.000000,enabled
1782984973.899,2026-07-02 09:36:13.900,buffer_pool_reads,87475964,87475964,34298.126074,enabled
1782984973.899,2026-07-02 09:36:13.900,buffer_pool_read_ahead,803715,803715,315.125628,enabled
1782984973.899,2026-07-02 09:36:13.900,buffer_pool_read_ahead_evicted,25,25,0.009802,enabled
1782984973.899,2026-07-02 09:36:13.900,buffer_pool_read_requests,3061960326,3061960326,1200552.654105,enabled
1782984973.899,2026-07-02 09:36:13.900,buffer_pool_size,12884901888,12884901888,0.000000,enabled
1782984973.899,2026-07-02 09:36:13.900,buffer_pool_wait_free,18945,18945,7.428075,enabled
1782984973.899,2026-07-02 09:36:13.900,buffer_pool_write_requests,630144140,630144140,247070.875720,enabled
1782984973.899,2026-07-02 09:36:13.900,dml_deletes,14202529,14202529,5568.615940,enabled
1782984973.899,2026-07-02 09:36:13.900,dml_inserts,114087935,114087935,44732.307459,enabled
1782984973.899,2026-07-02 09:36:13.900,dml_system_deletes,468,468,0.183496,enabled
1782984973.899,2026-07-02 09:36:13.900,dml_system_inserts,1202,1202,0.471288,enabled
1782984973.899,2026-07-02 09:36:13.900,dml_system_reads,7661,7661,3.003773,enabled
1782984973.899,2026-07-02 09:36:13.900,dml_system_updates,620,620,0.243093,enabled
1782984973.899,2026-07-02 09:36:13.900,dml_updates,28405182,28405182,11137.280487,enabled
1782984973.899,2026-07-02 09:36:13.900,file_num_open_files,35,35,0.000000,enabled
1782984973.899,2026-07-02 09:36:13.900,ibuf_merges,0,0,0.000000,enabled
1782984973.899,2026-07-02 09:36:13.900,ibuf_merges_delete,0,0,0.000000,enabled
1782984973.899,2026-07-02 09:36:13.900,ibuf_merges_delete_mark,0,0,0.000000,enabled
1782984973.899,2026-07-02 09:36:13.900,ibuf_merges_discard_delete,0,0,0.000000,enabled
1782984973.899,2026-07-02 09:36:13.900,ibuf_merges_discard_delete_mark,0,0,0.000000,enabled
1782984973.899,2026-07-02 09:36:13.900,ibuf_merges_discard_insert,0,0,0.000000,enabled
1782984973.899,2026-07-02 09:36:13.900,ibuf_merges_insert,0,0,0.000000,enabled
1782984973.899,2026-07-02 09:36:13.900,ibuf_size,1,1,0.000392,enabled
1782984973.899,2026-07-02 09:36:13.900,innodb_activity_count,19226110,19226110,7538.292942,enabled
1782984973.899,2026-07-02 09:36:13.900,innodb_dblwr_pages_written,29034298,29034298,11383.948312,enabled
1782984973.899,2026-07-02 09:36:13.900,innodb_dblwr_writes,601357,601357,235.783796,enabled
1782984973.899,2026-07-02 09:36:13.900,innodb_page_size,16384,16384,0.000000,enabled
1782984973.899,2026-07-02 09:36:13.900,innodb_rwlock_sx_os_waits,0,0,0.000000,enabled
1782984973.899,2026-07-02 09:36:13.900,innodb_rwlock_sx_spin_rounds,0,0,0.000000,enabled
1782984973.899,2026-07-02 09:36:13.900,innodb_rwlock_sx_spin_waits,0,0,0.000000,enabled
1782984973.899,2026-07-02 09:36:13.900,innodb_rwlock_s_os_waits,0,0,0.000000,enabled
1782984973.899,2026-07-02 09:36:13.900,innodb_rwlock_s_spin_rounds,0,0,0.000000,enabled
1782984973.899,2026-07-02 09:36:13.900,innodb_rwlock_s_spin_waits,0,0,0.000000,enabled
1782984973.899,2026-07-02 09:36:13.900,innodb_rwlock_x_os_waits,0,0,0.000000,enabled
1782984973.899,2026-07-02 09:36:13.900,innodb_rwlock_x_spin_rounds,0,0,0.000000,enabled
1782984973.899,2026-07-02 09:36:13.900,innodb_rwlock_x_spin_waits,0,0,0.000000,enabled
1782984973.899,2026-07-02 09:36:13.900,lock_deadlocks,0,0,0.000000,enabled
1782984973.899,2026-07-02 09:36:13.900,lock_deadlock_false_positives,0,0,0.000000,enabled
1782984973.899,2026-07-02 09:36:13.900,lock_deadlock_rounds,2787,2787,1.092745,enabled
1782984973.899,2026-07-02 09:36:13.900,lock_rec_grant_attempts,425,425,0.166637,enabled
1782984973.899,2026-07-02 09:36:13.900,lock_rec_release_attempts,43168707,43168707,16925.858291,enabled
1782984973.899,2026-07-02 09:36:13.900,lock_row_lock_current_waits,0,0,0.000000,enabled
1782984973.899,2026-07-02 09:36:13.900,lock_row_lock_time,323,323,0.126644,enabled
1782984973.899,2026-07-02 09:36:13.900,lock_row_lock_time_avg,0,0,0.000000,enabled
1782984973.899,2026-07-02 09:36:13.900,lock_row_lock_time_max,29,29,0.000000,enabled
1782984973.899,2026-07-02 09:36:13.900,lock_row_lock_waits,425,425,0.166637,enabled
1782984973.899,2026-07-02 09:36:13.900,lock_schedule_refreshes,2787,2787,1.092744,enabled
1782984973.899,2026-07-02 09:36:13.900,lock_threads_waiting,0,0,0.000000,enabled
1782984973.899,2026-07-02 09:36:13.900,lock_timeouts,0,0,0.000000,enabled
1782984973.899,2026-07-02 09:36:13.900,log_waits,0,0,0.000000,enabled
1782984973.899,2026-07-02 09:36:13.900,log_writes,217018128,217018128,85089.822454,enabled
1782984973.899,2026-07-02 09:36:13.900,log_write_requests,426146635,426146635,167086.233159,enabled
1782984973.899,2026-07-02 09:36:13.900,os_data_fsyncs,62525901,62525901,24515.546244,enabled
1782984973.899,2026-07-02 09:36:13.900,os_data_reads,88436407,88436407,34674.699502,enabled
1782984973.899,2026-07-02 09:36:13.900,os_data_writes,246958642,246958642,96829.088670,enabled
1782984973.899,2026-07-02 09:36:13.900,os_log_bytes_written,135899535360,135899535360,53284339.525957,enabled
1782984973.899,2026-07-02 09:36:13.900,os_log_fsyncs,54524552,54524552,21378.327244,enabled
1782984973.899,2026-07-02 09:36:13.900,os_log_pending_fsyncs,1,1,0.000392,enabled
1782984973.899,2026-07-02 09:36:13.900,os_log_pending_writes,0,0,0.000000,enabled
1782984973.899,2026-07-02 09:36:13.900,trx_rseg_history_len,45,45,0.000000,enabled
1782984974.971,2026-07-02 09:36:14.973,adaptive_hash_searches,0,0,0.000000,enabled
1782984974.971,2026-07-02 09:36:14.973,adaptive_hash_searches_btree,634833219,634833219,248804.786163,enabled
1782984974.971,2026-07-02 09:36:14.973,buffer_data_reads,1444980279808,1444980279808,566318903.961340,enabled
1782984974.971,2026-07-02 09:36:14.973,buffer_data_written,649809481216,649809481216,254674335.724246,enabled
1782984974.971,2026-07-02 09:36:14.973,buffer_pages0_read,7,7,0.002743,enabled
1782984974.971,2026-07-02 09:36:14.973,buffer_pages_created,1821743,1821743,713.980337,enabled
1782984974.971,2026-07-02 09:36:14.973,buffer_pages_read,88443390,88443390,34662.870122,enabled
1782984974.971,2026-07-02 09:36:14.973,buffer_pages_written,29109965,29109965,11408.822514,enabled
1782984974.971,2026-07-02 09:36:14.973,buffer_pool_bytes_data,12855803904,12855803904,0.000000,enabled
1782984974.971,2026-07-02 09:36:14.973,buffer_pool_bytes_dirty,4641423360,4641423360,0.000000,enabled
1782984974.971,2026-07-02 09:36:14.973,buffer_pool_pages_data,784656,784656,0.000000,enabled
1782984974.971,2026-07-02 09:36:14.973,buffer_pool_pages_dirty,283290,283290,0.000000,enabled
1782984974.971,2026-07-02 09:36:14.973,buffer_pool_pages_flushed,29052895,29052895,0.000000,enabled
1782984974.971,2026-07-02 09:36:14.973,buffer_pool_pages_free,1680,1680,0.000000,enabled
1782984974.971,2026-07-02 09:36:14.973,buffer_pool_pages_lru_flushed,0,0,0.000000,enabled
1782984974.971,2026-07-02 09:36:14.973,buffer_pool_pages_misc,96,96,0.000000,enabled
1782984974.971,2026-07-02 09:36:14.973,buffer_pool_pages_total,786432,786432,0.000000,enabled
1782984974.971,2026-07-02 09:36:14.973,buffer_pool_reads,87533096,87533096,34306.107350,enabled
1782984974.971,2026-07-02 09:36:14.973,buffer_pool_read_ahead,803715,803715,314.993232,enabled
1782984974.971,2026-07-02 09:36:14.973,buffer_pool_read_ahead_evicted,25,25,0.009798,enabled
1782984974.971,2026-07-02 09:36:14.973,buffer_pool_read_requests,3062795543,3062795543,1200375.595158,enabled
1782984974.971,2026-07-02 09:36:14.973,buffer_pool_size,12884901888,12884901888,0.000000,enabled
1782984974.971,2026-07-02 09:36:14.973,buffer_pool_wait_free,18945,18945,7.424954,enabled
1782984974.971,2026-07-02 09:36:14.973,buffer_pool_write_requests,630257930,630257930,247011.668488,enabled
1782984974.971,2026-07-02 09:36:14.973,dml_deletes,14207400,14207400,5568.185343,enabled
1782984974.971,2026-07-02 09:36:14.973,dml_inserts,114092804,114092804,44715.421506,enabled
1782984974.971,2026-07-02 09:36:14.973,dml_system_deletes,468,468,0.183419,enabled
1782984974.971,2026-07-02 09:36:14.973,dml_system_inserts,1202,1202,0.471090,enabled
1782984974.971,2026-07-02 09:36:14.973,dml_system_reads,7661,7661,3.002511,enabled
1782984974.971,2026-07-02 09:36:14.973,dml_system_updates,620,620,0.242991,enabled
1782984974.971,2026-07-02 09:36:14.973,dml_updates,28414921,28414921,11136.418099,enabled
1782984974.971,2026-07-02 09:36:14.973,file_num_open_files,35,35,0.000000,enabled
1782984974.971,2026-07-02 09:36:14.973,ibuf_merges,0,0,0.000000,enabled
1782984974.971,2026-07-02 09:36:14.973,ibuf_merges_delete,0,0,0.000000,enabled
1782984974.971,2026-07-02 09:36:14.973,ibuf_merges_delete_mark,0,0,0.000000,enabled
1782984974.971,2026-07-02 09:36:14.973,ibuf_merges_discard_delete,0,0,0.000000,enabled
1782984974.971,2026-07-02 09:36:14.973,ibuf_merges_discard_delete_mark,0,0,0.000000,enabled
1782984974.971,2026-07-02 09:36:14.973,ibuf_merges_discard_insert,0,0,0.000000,enabled
1782984974.971,2026-07-02 09:36:14.973,ibuf_merges_insert,0,0,0.000000,enabled
1782984974.971,2026-07-02 09:36:14.973,ibuf_size,1,1,0.000392,enabled
1782984974.971,2026-07-02 09:36:14.973,innodb_activity_count,19231706,19231706,7537.318940,enabled
1782984974.971,2026-07-02 09:36:14.973,innodb_dblwr_pages_written,29050465,29050465,11385.501562,enabled
1782984974.971,2026-07-02 09:36:14.973,innodb_dblwr_writes,601697,601697,235.817986,enabled
1782984974.971,2026-07-02 09:36:14.973,innodb_page_size,16384,16384,0.000000,enabled
1782984974.971,2026-07-02 09:36:14.973,innodb_rwlock_sx_os_waits,0,0,0.000000,enabled
1782984974.971,2026-07-02 09:36:14.973,innodb_rwlock_sx_spin_rounds,0,0,0.000000,enabled
1782984974.971,2026-07-02 09:36:14.973,innodb_rwlock_sx_spin_waits,0,0,0.000000,enabled
1782984974.971,2026-07-02 09:36:14.973,innodb_rwlock_s_os_waits,0,0,0.000000,enabled
1782984974.971,2026-07-02 09:36:14.973,innodb_rwlock_s_spin_rounds,0,0,0.000000,enabled
1782984974.971,2026-07-02 09:36:14.973,innodb_rwlock_s_spin_waits,0,0,0.000000,enabled
1782984974.971,2026-07-02 09:36:14.973,innodb_rwlock_x_os_waits,0,0,0.000000,enabled
1782984974.971,2026-07-02 09:36:14.973,innodb_rwlock_x_spin_rounds,0,0,0.000000,enabled
1782984974.971,2026-07-02 09:36:14.973,innodb_rwlock_x_spin_waits,0,0,0.000000,enabled
1782984974.971,2026-07-02 09:36:14.973,lock_deadlocks,0,0,0.000000,enabled
1782984974.971,2026-07-02 09:36:14.973,lock_deadlock_false_positives,0,0,0.000000,enabled
1782984974.971,2026-07-02 09:36:14.973,lock_deadlock_rounds,2788,2788,1.092677,enabled
1782984974.971,2026-07-02 09:36:14.973,lock_rec_grant_attempts,425,425,0.166567,enabled
1782984974.971,2026-07-02 09:36:14.973,lock_rec_release_attempts,43183493,43183493,16924.542051,enabled
1782984974.971,2026-07-02 09:36:14.973,lock_row_lock_current_waits,0,0,0.000000,enabled
1782984974.971,2026-07-02 09:36:14.973,lock_row_lock_time,323,323,0.126591,enabled
1782984974.971,2026-07-02 09:36:14.973,lock_row_lock_time_avg,0,0,0.000000,enabled
1782984974.971,2026-07-02 09:36:14.973,lock_row_lock_time_max,29,29,0.000000,enabled
1782984974.971,2026-07-02 09:36:14.973,lock_row_lock_waits,425,425,0.166567,enabled
1782984974.971,2026-07-02 09:36:14.973,lock_schedule_refreshes,2788,2788,1.092677,enabled
1782984974.971,2026-07-02 09:36:14.973,lock_threads_waiting,0,0,0.000000,enabled
1782984974.971,2026-07-02 09:36:14.973,lock_timeouts,0,0,0.000000,enabled
1782984974.971,2026-07-02 09:36:14.973,log_waits,0,0,0.000000,enabled
1782984974.971,2026-07-02 09:36:14.973,log_writes,217097301,217097301,85085.102027,enabled
1782984974.971,2026-07-02 09:36:14.973,log_write_requests,426229392,426229392,167048.467055,enabled
1782984974.971,2026-07-02 09:36:14.973,os_data_fsyncs,62559434,62559434,24518.388596,enabled
1782984974.971,2026-07-02 09:36:14.973,os_data_reads,88493431,88493431,34682.480227,enabled
1782984974.971,2026-07-02 09:36:14.973,os_data_writes,247054232,247054232,96825.870715,enabled
1782984974.971,2026-07-02 09:36:14.973,os_log_bytes_written,135940999168,135940999168,53278203.215238,enabled
1782984974.971,2026-07-02 09:36:14.973,os_log_fsyncs,54553394,54553394,21380.649161,enabled
1782984974.971,2026-07-02 09:36:14.973,os_log_pending_fsyncs,1,1,0.000392,enabled
1782984974.971,2026-07-02 09:36:14.973,os_log_pending_writes,0,0,0.000000,enabled
1782984974.971,2026-07-02 09:36:14.973,trx_rseg_history_len,76,76,0.000000,enabled
1782984976.043,2026-07-02 09:36:16.044,adaptive_hash_searches,0,0,0.000000,enabled
1782984976.043,2026-07-02 09:36:16.044,adaptive_hash_searches_btree,635001291,635001291,248766.427730,enabled
1782984976.043,2026-07-02 09:36:16.044,buffer_data_reads,1445910120960,1445910120960,566445995.343128,enabled
1782984976.043,2026-07-02 09:36:16.044,buffer_data_written,650123946496,650123946496,254690869.371216,enabled
1782984976.043,2026-07-02 09:36:16.044,buffer_pages0_read,7,7,0.002742,enabled
1782984976.043,2026-07-02 09:36:16.044,buffer_pages_created,1821763,1821763,713.689149,enabled
1782984976.043,2026-07-02 09:36:16.044,buffer_pages_read,88500305,88500305,34670.649790,enabled
1782984976.043,2026-07-02 09:36:16.044,buffer_pages_written,29126247,29126247,11410.422962,enabled
1782984976.043,2026-07-02 09:36:16.044,buffer_pool_bytes_data,12851527680,12851527680,0.000000,enabled
1782984976.043,2026-07-02 09:36:16.044,buffer_pool_bytes_dirty,4643618816,4643618816,0.000000,enabled
1782984976.043,2026-07-02 09:36:16.044,buffer_pool_pages_data,784394,784394,0.000000,enabled
1782984976.043,2026-07-02 09:36:16.044,buffer_pool_pages_dirty,283424,283424,0.000000,enabled
1782984976.043,2026-07-02 09:36:16.044,buffer_pool_pages_flushed,29069177,29069177,0.000000,enabled
1782984976.043,2026-07-02 09:36:16.044,buffer_pool_pages_free,1941,1941,0.000000,enabled
1782984976.043,2026-07-02 09:36:16.044,buffer_pool_pages_lru_flushed,0,0,0.000000,enabled
1782984976.043,2026-07-02 09:36:16.044,buffer_pool_pages_misc,97,97,0.000000,enabled
1782984976.043,2026-07-02 09:36:16.044,buffer_pool_pages_total,786432,786432,0.000000,enabled
1782984976.043,2026-07-02 09:36:16.044,buffer_pool_reads,87589955,87589955,34314.014470,enabled
1782984976.043,2026-07-02 09:36:16.044,buffer_pool_read_ahead,803715,803715,314.861309,enabled
1782984976.043,2026-07-02 09:36:16.044,buffer_pool_read_ahead_evicted,25,25,0.009794,enabled
1782984976.043,2026-07-02 09:36:16.044,buffer_pool_read_requests,3063628154,3063628154,1200199.044597,enabled
1782984976.043,2026-07-02 09:36:16.044,buffer_pool_size,12884901888,12884901888,0.000000,enabled
1782984976.043,2026-07-02 09:36:16.044,buffer_pool_wait_free,18945,18945,7.421844,enabled
1782984976.043,2026-07-02 09:36:16.044,buffer_pool_write_requests,630370649,630370649,246952.375475,enabled
1782984976.043,2026-07-02 09:36:16.044,dml_deletes,14212264,14212264,5567.758842,enabled
1782984976.043,2026-07-02 09:36:16.044,dml_inserts,114097670,114097670,44698.600559,enabled
1782984976.043,2026-07-02 09:36:16.044,dml_system_deletes,468,468,0.183342,enabled
1782984976.043,2026-07-02 09:36:16.044,dml_system_inserts,1202,1202,0.470892,enabled
1782984976.043,2026-07-02 09:36:16.044,dml_system_reads,7661,7661,3.001253,enabled
1782984976.043,2026-07-02 09:36:16.044,dml_system_updates,620,620,0.242890,enabled
1782984976.043,2026-07-02 09:36:16.044,dml_updates,28424650,28424650,11135.565468,enabled
1782984976.043,2026-07-02 09:36:16.044,file_num_open_files,35,35,0.000000,enabled
1782984976.043,2026-07-02 09:36:16.044,ibuf_merges,0,0,0.000000,enabled
1782984976.043,2026-07-02 09:36:16.044,ibuf_merges_delete,0,0,0.000000,enabled
1782984976.043,2026-07-02 09:36:16.044,ibuf_merges_delete_mark,0,0,0.000000,enabled
1782984976.043,2026-07-02 09:36:16.044,ibuf_merges_discard_delete,0,0,0.000000,enabled
1782984976.043,2026-07-02 09:36:16.044,ibuf_merges_discard_delete_mark,0,0,0.000000,enabled
1782984976.043,2026-07-02 09:36:16.044,ibuf_merges_discard_insert,0,0,0.000000,enabled
1782984976.043,2026-07-02 09:36:16.044,ibuf_merges_insert,0,0,0.000000,enabled
1782984976.043,2026-07-02 09:36:16.044,ibuf_size,1,1,0.000392,enabled
1782984976.043,2026-07-02 09:36:16.044,innodb_activity_count,19237297,19237297,7536.352547,enabled
1782984976.043,2026-07-02 09:36:16.044,innodb_dblwr_pages_written,29066747,29066747,11387.111789,enabled
1782984976.043,2026-07-02 09:36:16.044,innodb_dblwr_writes,602083,602083,235.870441,enabled
1782984976.043,2026-07-02 09:36:16.044,innodb_page_size,16384,16384,0.000000,enabled
1782984976.043,2026-07-02 09:36:16.044,innodb_rwlock_sx_os_waits,0,0,0.000000,enabled
1782984976.043,2026-07-02 09:36:16.044,innodb_rwlock_sx_spin_rounds,0,0,0.000000,enabled
1782984976.043,2026-07-02 09:36:16.044,innodb_rwlock_sx_spin_waits,0,0,0.000000,enabled
1782984976.043,2026-07-02 09:36:16.044,innodb_rwlock_s_os_waits,0,0,0.000000,enabled
1782984976.043,2026-07-02 09:36:16.044,innodb_rwlock_s_spin_rounds,0,0,0.000000,enabled
1782984976.043,2026-07-02 09:36:16.044,innodb_rwlock_s_spin_waits,0,0,0.000000,enabled
1782984976.043,2026-07-02 09:36:16.044,innodb_rwlock_x_os_waits,0,0,0.000000,enabled
1782984976.043,2026-07-02 09:36:16.044,innodb_rwlock_x_spin_rounds,0,0,0.000000,enabled
1782984976.043,2026-07-02 09:36:16.044,innodb_rwlock_x_spin_waits,0,0,0.000000,enabled
1782984976.043,2026-07-02 09:36:16.044,lock_deadlocks,0,0,0.000000,enabled
1782984976.043,2026-07-02 09:36:16.044,lock_deadlock_false_positives,0,0,0.000000,enabled
1782984976.043,2026-07-02 09:36:16.044,lock_deadlock_rounds,2789,2789,1.092611,enabled
1782984976.043,2026-07-02 09:36:16.044,lock_rec_grant_attempts,425,425,0.166497,enabled
1782984976.043,2026-07-02 09:36:16.044,lock_rec_release_attempts,43198265,43198265,16923.240859,enabled
1782984976.043,2026-07-02 09:36:16.044,lock_row_lock_current_waits,0,0,0.000000,enabled
1782984976.043,2026-07-02 09:36:16.044,lock_row_lock_time,323,323,0.126538,enabled
1782984976.043,2026-07-02 09:36:16.044,lock_row_lock_time_avg,0,0,0.000000,enabled
1782984976.043,2026-07-02 09:36:16.044,lock_row_lock_time_max,29,29,0.000000,enabled
1782984976.043,2026-07-02 09:36:16.044,lock_row_lock_waits,425,425,0.166497,enabled
1782984976.043,2026-07-02 09:36:16.044,lock_schedule_refreshes,2789,2789,1.092611,enabled
1782984976.043,2026-07-02 09:36:16.044,lock_threads_waiting,0,0,0.000000,enabled
1782984976.043,2026-07-02 09:36:16.044,lock_timeouts,0,0,0.000000,enabled
1782984976.043,2026-07-02 09:36:16.044,log_waits,0,0,0.000000,enabled
1782984976.043,2026-07-02 09:36:16.044,log_writes,217177200,217177200,85080.768569,enabled
1782984976.043,2026-07-02 09:36:16.044,log_write_requests,426312073,426312073,167010.896395,enabled
1782984976.043,2026-07-02 09:36:16.044,os_data_fsyncs,62593292,62593292,24521.384133,enabled
1782984976.043,2026-07-02 09:36:16.044,os_data_reads,88550177,88550177,34690.185465,enabled
1782984976.043,2026-07-02 09:36:16.044,os_data_writes,247150711,247150711,96823.115284,enabled
1782984976.043,2026-07-02 09:36:16.044,os_log_bytes_written,135982647296,135982647296,53272205.655759,enabled
1782984976.043,2026-07-02 09:36:16.044,os_log_fsyncs,54582078,54582078,21382.931868,enabled
1782984976.043,2026-07-02 09:36:16.044,os_log_pending_fsyncs,1,1,0.000392,enabled
1782984976.043,2026-07-02 09:36:16.044,os_log_pending_writes,0,0,0.000000,enabled
1782984976.043,2026-07-02 09:36:16.044,trx_rseg_history_len,124,124,0.000000,enabled
1782984977.112,2026-07-02 09:36:17.113,adaptive_hash_searches,0,0,0.000000,enabled
1782984977.112,2026-07-02 09:36:17.113,adaptive_hash_searches_btree,635171064,635171064,248728.499822,enabled
1782984977.112,2026-07-02 09:36:17.113,buffer_data_reads,1446843304448,1446843304448,566573673.019181,enabled
1782984977.112,2026-07-02 09:36:17.113,buffer_data_written,650437250560,650437250560,254706657.432906,enabled
1782984977.112,2026-07-02 09:36:17.113,buffer_pages0_read,7,7,0.002741,enabled
1782984977.112,2026-07-02 09:36:17.113,buffer_pages_created,1821808,1821808,713.407219,enabled
1782984977.112,2026-07-02 09:36:17.113,buffer_pages_read,88557425,88557425,34678.465509,enabled
1782984977.112,2026-07-02 09:36:17.113,buffer_pages_written,29142435,29142435,11411.972851,enabled
1782984977.112,2026-07-02 09:36:17.113,buffer_pool_bytes_data,12851298304,12851298304,0.000000,enabled
1782984977.112,2026-07-02 09:36:17.113,buffer_pool_bytes_dirty,4647845888,4647845888,0.000000,enabled
1782984977.112,2026-07-02 09:36:17.113,buffer_pool_pages_data,784381,784381,0.000000,enabled
1782984977.112,2026-07-02 09:36:17.113,buffer_pool_pages_dirty,283682,283682,0.000000,enabled
1782984977.112,2026-07-02 09:36:17.113,buffer_pool_pages_flushed,29085365,29085365,0.000000,enabled
1782984977.112,2026-07-02 09:36:17.113,buffer_pool_pages_free,1955,1955,0.000000,enabled
1782984977.112,2026-07-02 09:36:17.113,buffer_pool_pages_lru_flushed,0,0,0.000000,enabled
1782984977.112,2026-07-02 09:36:17.113,buffer_pool_pages_misc,97,97,0.000000,enabled
1782984977.112,2026-07-02 09:36:17.113,buffer_pool_pages_total,786432,786432,0.000000,enabled
1782984977.112,2026-07-02 09:36:17.113,buffer_pool_reads,87647013,87647013,34321.955524,enabled
1782984977.112,2026-07-02 09:36:17.113,buffer_pool_read_ahead,803715,803715,314.729154,enabled
1782984977.112,2026-07-02 09:36:17.113,buffer_pool_read_ahead_evicted,25,25,0.009790,enabled
1782984977.112,2026-07-02 09:36:17.113,buffer_pool_read_requests,3064468745,3064468745,1200024.460780,enabled
1782984977.112,2026-07-02 09:36:17.113,buffer_pool_size,12884901888,12884901888,0.000000,enabled
1782984977.112,2026-07-02 09:36:17.113,buffer_pool_wait_free,18945,18945,7.418729,enabled
1782984977.112,2026-07-02 09:36:17.113,buffer_pool_write_requests,630484905,630484905,246893.465286,enabled
1782984977.112,2026-07-02 09:36:17.113,dml_deletes,14217171,14217171,5567.343525,enabled
1782984977.112,2026-07-02 09:36:17.113,dml_inserts,114102576,114102576,44681.761114,enabled
1782984977.112,2026-07-02 09:36:17.113,dml_system_deletes,468,468,0.183265,enabled
1782984977.112,2026-07-02 09:36:17.113,dml_system_inserts,1202,1202,0.470695,enabled
1782984977.112,2026-07-02 09:36:17.113,dml_system_reads,7661,7661,2.999993,enabled
1782984977.112,2026-07-02 09:36:17.113,dml_system_updates,620,620,0.242788,enabled
1782984977.112,2026-07-02 09:36:17.113,dml_updates,28434466,28434466,11134.735598,enabled
1782984977.112,2026-07-02 09:36:17.113,file_num_open_files,35,35,0.000000,enabled
1782984977.112,2026-07-02 09:36:17.113,ibuf_merges,0,0,0.000000,enabled
1782984977.112,2026-07-02 09:36:17.113,ibuf_merges_delete,0,0,0.000000,enabled
1782984977.112,2026-07-02 09:36:17.113,ibuf_merges_delete_mark,0,0,0.000000,enabled
1782984977.112,2026-07-02 09:36:17.113,ibuf_merges_discard_delete,0,0,0.000000,enabled
1782984977.112,2026-07-02 09:36:17.113,ibuf_merges_discard_delete_mark,0,0,0.000000,enabled
1782984977.112,2026-07-02 09:36:17.113,ibuf_merges_discard_insert,0,0,0.000000,enabled
1782984977.112,2026-07-02 09:36:17.113,ibuf_merges_insert,0,0,0.000000,enabled
1782984977.112,2026-07-02 09:36:17.113,ibuf_size,1,1,0.000392,enabled
1782984977.112,2026-07-02 09:36:17.113,innodb_activity_count,19242932,19242932,7535.396082,enabled
1782984977.112,2026-07-02 09:36:17.113,innodb_dblwr_pages_written,29082935,29082935,11388.671590,enabled
1782984977.112,2026-07-02 09:36:17.113,innodb_dblwr_writes,602444,602444,235.912808,enabled
1782984977.112,2026-07-02 09:36:17.113,innodb_page_size,16384,16384,0.000000,enabled
1782984977.112,2026-07-02 09:36:17.113,innodb_rwlock_sx_os_waits,0,0,0.000000,enabled
1782984977.112,2026-07-02 09:36:17.113,innodb_rwlock_sx_spin_rounds,0,0,0.000000,enabled
1782984977.112,2026-07-02 09:36:17.113,innodb_rwlock_sx_spin_waits,0,0,0.000000,enabled
1782984977.112,2026-07-02 09:36:17.113,innodb_rwlock_s_os_waits,0,0,0.000000,enabled
1782984977.112,2026-07-02 09:36:17.113,innodb_rwlock_s_spin_rounds,0,0,0.000000,enabled
1782984977.112,2026-07-02 09:36:17.113,innodb_rwlock_s_spin_waits,0,0,0.000000,enabled
1782984977.112,2026-07-02 09:36:17.113,innodb_rwlock_x_os_waits,0,0,0.000000,enabled
1782984977.112,2026-07-02 09:36:17.113,innodb_rwlock_x_spin_rounds,0,0,0.000000,enabled
1782984977.112,2026-07-02 09:36:17.113,innodb_rwlock_x_spin_waits,0,0,0.000000,enabled
1782984977.112,2026-07-02 09:36:17.113,lock_deadlocks,0,0,0.000000,enabled
1782984977.112,2026-07-02 09:36:17.113,lock_deadlock_false_positives,0,0,0.000000,enabled
1782984977.112,2026-07-02 09:36:17.113,lock_deadlock_rounds,2790,2790,1.092544,enabled
1782984977.112,2026-07-02 09:36:17.113,lock_rec_grant_attempts,425,425,0.166427,enabled
1782984977.112,2026-07-02 09:36:17.113,lock_rec_release_attempts,43213203,43213203,16921.987331,enabled
1782984977.112,2026-07-02 09:36:17.113,lock_row_lock_current_waits,0,0,0.000000,enabled
1782984977.112,2026-07-02 09:36:17.113,lock_row_lock_time,323,323,0.126485,enabled
1782984977.112,2026-07-02 09:36:17.113,lock_row_lock_time_avg,0,0,0.000000,enabled
1782984977.112,2026-07-02 09:36:17.113,lock_row_lock_time_max,29,29,0.000000,enabled
1782984977.112,2026-07-02 09:36:17.113,lock_row_lock_waits,425,425,0.166427,enabled
1782984977.112,2026-07-02 09:36:17.113,lock_schedule_refreshes,2790,2790,1.092544,enabled
1782984977.112,2026-07-02 09:36:17.113,lock_threads_waiting,0,0,0.000000,enabled
1782984977.112,2026-07-02 09:36:17.113,lock_timeouts,0,0,0.000000,enabled
1782984977.112,2026-07-02 09:36:17.113,log_waits,0,0,0.000000,enabled
1782984977.112,2026-07-02 09:36:17.113,log_writes,217257713,217257713,85076.587625,enabled
1782984977.112,2026-07-02 09:36:17.113,log_write_requests,426395491,426395491,166973.466101,enabled
1782984977.112,2026-07-02 09:36:17.113,os_data_fsyncs,62627005,62627005,24524.293952,enabled
1782984977.112,2026-07-02 09:36:17.113,os_data_reads,88607149,88607149,34697.935350,enabled
1782984977.112,2026-07-02 09:36:17.113,os_data_writes,247247698,247247698,96820.456733,enabled
1782984977.112,2026-07-02 09:36:17.113,os_log_bytes_written,136024795648,136024795648,53266351.600997,enabled
1782984977.112,2026-07-02 09:36:17.113,os_log_fsyncs,54610854,54610854,21385.225648,enabled
1782984977.112,2026-07-02 09:36:17.113,os_log_pending_fsyncs,0,0,0.000000,enabled
1782984977.112,2026-07-02 09:36:17.113,os_log_pending_writes,0,0,0.000000,enabled
1782984977.112,2026-07-02 09:36:17.113,trx_rseg_history_len,184,184,0.000000,enabled
1782984978.184,2026-07-02 09:36:18.185,adaptive_hash_searches,0,0,0.000000,enabled
1782984978.184,2026-07-02 09:36:18.185,adaptive_hash_searches_btree,635338791,635338791,248690.042716,enabled
1782984978.184,2026-07-02 09:36:18.185,buffer_data_reads,1447776684544,1447776684544,566701877.499096,enabled
1782984978.184,2026-07-02 09:36:18.185,buffer_data_written,650750112768,650750112768,254722509.626402,enabled
1782984978.184,2026-07-02 09:36:18.185,buffer_pages0_read,7,7,0.002740,enabled
1782984978.184,2026-07-02 09:36:18.185,buffer_pages_created,1821840,1821840,713.121138,enabled
1782984978.184,2026-07-02 09:36:18.185,buffer_pages_read,88614562,88614562,34686.315428,enabled
1782984978.184,2026-07-02 09:36:18.185,buffer_pages_written,29158614,29158614,11413.529140,enabled
1782984978.184,2026-07-02 09:36:18.185,buffer_pool_bytes_data,12854951936,12854951936,0.000000,enabled
1782984978.184,2026-07-02 09:36:18.185,buffer_pool_bytes_dirty,4650991616,4650991616,0.000000,enabled
1782984978.184,2026-07-02 09:36:18.185,buffer_pool_pages_data,784604,784604,0.000000,enabled
1782984978.184,2026-07-02 09:36:18.185,buffer_pool_pages_dirty,283874,283874,0.000000,enabled
1782984978.184,2026-07-02 09:36:18.185,buffer_pool_pages_flushed,29101544,29101544,0.000000,enabled
1782984978.184,2026-07-02 09:36:18.185,buffer_pool_pages_free,1731,1731,0.000000,enabled
1782984978.184,2026-07-02 09:36:18.185,buffer_pool_pages_lru_flushed,0,0,0.000000,enabled
1782984978.184,2026-07-02 09:36:18.185,buffer_pool_pages_misc,97,97,0.000000,enabled
1782984978.184,2026-07-02 09:36:18.185,buffer_pool_pages_total,786432,786432,0.000000,enabled
1782984978.184,2026-07-02 09:36:18.185,buffer_pool_reads,87704091,87704091,34329.931653,enabled
1782984978.184,2026-07-02 09:36:18.185,buffer_pool_read_ahead,803715,803715,314.597420,enabled
1782984978.184,2026-07-02 09:36:18.185,buffer_pool_read_ahead_evicted,25,25,0.009786,enabled
1782984978.184,2026-07-02 09:36:18.185,buffer_pool_read_requests,3065299736,3065299736,1199847.450426,enabled
1782984978.184,2026-07-02 09:36:18.185,buffer_pool_size,12884901888,12884901888,0.000000,enabled
1782984978.184,2026-07-02 09:36:18.185,buffer_pool_wait_free,18945,18945,7.415624,enabled
1782984978.184,2026-07-02 09:36:18.185,buffer_pool_write_requests,630597404,630597404,246834.160465,enabled
1782984978.184,2026-07-02 09:36:18.185,dml_deletes,14222018,14222018,5566.910483,enabled
1782984978.184,2026-07-02 09:36:18.185,dml_inserts,114107424,114107424,44664.956501,enabled
1782984978.184,2026-07-02 09:36:18.185,dml_system_deletes,468,468,0.183189,enabled
1782984978.184,2026-07-02 09:36:18.185,dml_system_inserts,1202,1202,0.470498,enabled
1782984978.184,2026-07-02 09:36:18.185,dml_system_reads,7661,7661,2.998738,enabled
1782984978.184,2026-07-02 09:36:18.185,dml_system_updates,620,620,0.242686,enabled
1782984978.184,2026-07-02 09:36:18.185,dml_updates,28444157,28444157,11133.868319,enabled
1782984978.184,2026-07-02 09:36:18.185,file_num_open_files,35,35,0.000000,enabled
1782984978.184,2026-07-02 09:36:18.185,ibuf_merges,0,0,0.000000,enabled
1782984978.184,2026-07-02 09:36:18.185,ibuf_merges_delete,0,0,0.000000,enabled
1782984978.184,2026-07-02 09:36:18.185,ibuf_merges_delete_mark,0,0,0.000000,enabled
1782984978.184,2026-07-02 09:36:18.185,ibuf_merges_discard_delete,0,0,0.000000,enabled
1782984978.184,2026-07-02 09:36:18.185,ibuf_merges_discard_delete_mark,0,0,0.000000,enabled
1782984978.184,2026-07-02 09:36:18.185,ibuf_merges_discard_insert,0,0,0.000000,enabled
1782984978.184,2026-07-02 09:36:18.185,ibuf_merges_insert,0,0,0.000000,enabled
1782984978.184,2026-07-02 09:36:18.185,ibuf_size,1,1,0.000391,enabled
1782984978.184,2026-07-02 09:36:18.185,innodb_activity_count,19248506,19248506,7534.423832,enabled
1782984978.184,2026-07-02 09:36:18.185,innodb_dblwr_pages_written,29099114,29099114,11390.237596,enabled
1782984978.184,2026-07-02 09:36:18.185,innodb_dblwr_writes,602783,602783,235.946757,enabled
1782984978.184,2026-07-02 09:36:18.185,innodb_page_size,16384,16384,0.000000,enabled
1782984978.184,2026-07-02 09:36:18.185,innodb_rwlock_sx_os_waits,0,0,0.000000,enabled
1782984978.184,2026-07-02 09:36:18.185,innodb_rwlock_sx_spin_rounds,0,0,0.000000,enabled
1782984978.184,2026-07-02 09:36:18.185,innodb_rwlock_sx_spin_waits,0,0,0.000000,enabled
1782984978.184,2026-07-02 09:36:18.185,innodb_rwlock_s_os_waits,0,0,0.000000,enabled
1782984978.184,2026-07-02 09:36:18.185,innodb_rwlock_s_spin_rounds,0,0,0.000000,enabled
1782984978.184,2026-07-02 09:36:18.185,innodb_rwlock_s_spin_waits,0,0,0.000000,enabled
1782984978.184,2026-07-02 09:36:18.185,innodb_rwlock_x_os_waits,0,0,0.000000,enabled
1782984978.184,2026-07-02 09:36:18.185,innodb_rwlock_x_spin_rounds,0,0,0.000000,enabled
1782984978.184,2026-07-02 09:36:18.185,innodb_rwlock_x_spin_waits,0,0,0.000000,enabled
1782984978.184,2026-07-02 09:36:18.185,lock_deadlocks,0,0,0.000000,enabled
1782984978.184,2026-07-02 09:36:18.185,lock_deadlock_false_positives,0,0,0.000000,enabled
1782984978.184,2026-07-02 09:36:18.185,lock_deadlock_rounds,2792,2792,1.092870,enabled
1782984978.184,2026-07-02 09:36:18.185,lock_rec_grant_attempts,425,425,0.166357,enabled
1782984978.184,2026-07-02 09:36:18.185,lock_rec_release_attempts,43227962,43227962,16920.681573,enabled
1782984978.184,2026-07-02 09:36:18.185,lock_row_lock_current_waits,0,0,0.000000,enabled
1782984978.184,2026-07-02 09:36:18.185,lock_row_lock_time,323,323,0.126432,enabled
1782984978.184,2026-07-02 09:36:18.185,lock_row_lock_time_avg,0,0,0.000000,enabled
1782984978.184,2026-07-02 09:36:18.185,lock_row_lock_time_max,29,29,0.000000,enabled
1782984978.184,2026-07-02 09:36:18.185,lock_row_lock_waits,425,425,0.166357,enabled
1782984978.184,2026-07-02 09:36:18.185,lock_schedule_refreshes,2792,2792,1.092870,enabled
1782984978.184,2026-07-02 09:36:18.185,lock_threads_waiting,0,0,0.000000,enabled
1782984978.184,2026-07-02 09:36:18.185,lock_timeouts,0,0,0.000000,enabled
1782984978.184,2026-07-02 09:36:18.185,log_waits,0,0,0.000000,enabled
1782984978.184,2026-07-02 09:36:18.185,log_writes,217338005,217338005,85072.405628,enabled
1782984978.184,2026-07-02 09:36:18.185,log_write_requests,426477946,426477946,166935.851066,enabled
1782984978.184,2026-07-02 09:36:18.185,os_data_fsyncs,62660566,62660566,24527.165548,enabled
1782984978.184,2026-07-02 09:36:18.185,os_data_reads,88664122,88664122,34705.712701,enabled
1782984978.184,2026-07-02 09:36:18.185,os_data_writes,247344404,247344404,96817.784070,enabled
1782984978.184,2026-07-02 09:36:18.185,os_log_bytes_written,136066738176,136066738176,53260473.381315,enabled
1782984978.184,2026-07-02 09:36:18.185,os_log_fsyncs,54639616,54639616,21387.532696,enabled
1782984978.184,2026-07-02 09:36:18.185,os_log_pending_fsyncs,1,1,0.000391,enabled
1782984978.184,2026-07-02 09:36:18.185,os_log_pending_writes,0,0,0.000000,enabled
1782984978.184,2026-07-02 09:36:18.185,trx_rseg_history_len,200,200,0.000000,enabled
1782984979.253,2026-07-02 09:36:19.255,adaptive_hash_searches,0,0,0.000000,enabled
1782984979.253,2026-07-02 09:36:19.255,adaptive_hash_searches_btree,635505488,635505488,248651.477084,enabled
1782984979.253,2026-07-02 09:36:19.255,buffer_data_reads,1448702839296,1448702839296,566827746.308495,enabled
1782984979.253,2026-07-02 09:36:19.255,buffer_data_written,651061533184,651061533184,254738053.497023,enabled
1782984979.253,2026-07-02 09:36:19.255,buffer_pages0_read,7,7,0.002739,enabled
1782984979.253,2026-07-02 09:36:19.255,buffer_pages_created,1821867,1821867,712.834092,enabled
1782984979.253,2026-07-02 09:36:19.255,buffer_pages_read,88671264,88671264,34694.025201,enabled
1782984979.253,2026-07-02 09:36:19.255,buffer_pages_written,29174781,29174781,11415.091480,enabled
1782984979.253,2026-07-02 09:36:19.255,buffer_pool_bytes_data,12849561600,12849561600,0.000000,enabled
1782984979.253,2026-07-02 09:36:19.255,buffer_pool_bytes_dirty,4651761664,4651761664,0.000000,enabled
1782984979.253,2026-07-02 09:36:19.255,buffer_pool_pages_data,784275,784275,0.000000,enabled
1782984979.253,2026-07-02 09:36:19.255,buffer_pool_pages_dirty,283921,283921,0.000000,enabled
1782984979.253,2026-07-02 09:36:19.255,buffer_pool_pages_flushed,29117711,29117711,0.000000,enabled
1782984979.253,2026-07-02 09:36:19.255,buffer_pool_pages_free,2060,2060,0.000000,enabled
1782984979.253,2026-07-02 09:36:19.255,buffer_pool_pages_lru_flushed,0,0,0.000000,enabled
1782984979.253,2026-07-02 09:36:19.255,buffer_pool_pages_misc,96,96,0.000000,enabled
1782984979.253,2026-07-02 09:36:19.255,buffer_pool_pages_total,786432,786432,0.000000,enabled
1782984979.253,2026-07-02 09:36:19.255,buffer_pool_reads,87760733,87760733,34337.766648,enabled
1782984979.253,2026-07-02 09:36:19.255,buffer_pool_read_ahead,803715,803715,314.466128,enabled
1782984979.253,2026-07-02 09:36:19.255,buffer_pool_read_ahead_evicted,25,25,0.009782,enabled
1782984979.253,2026-07-02 09:36:19.255,buffer_pool_read_requests,3066124773,3066124773,1199669.520979,enabled
1782984979.253,2026-07-02 09:36:19.255,buffer_pool_size,12884901888,12884901888,0.000000,enabled
1782984979.253,2026-07-02 09:36:19.255,buffer_pool_wait_free,18945,18945,7.412529,enabled
1782984979.253,2026-07-02 09:36:19.255,buffer_pool_write_requests,630709094,630709094,246774.848452,enabled
1782984979.253,2026-07-02 09:36:19.255,dml_deletes,14226840,14226840,5566.473864,enabled
1782984979.253,2026-07-02 09:36:19.255,dml_inserts,114112247,114112247,44648.203039,enabled
1782984979.253,2026-07-02 09:36:19.255,dml_system_deletes,468,468,0.183112,enabled
1782984979.253,2026-07-02 09:36:19.255,dml_system_inserts,1202,1202,0.470301,enabled
1782984979.253,2026-07-02 09:36:19.255,dml_system_reads,7661,7661,2.997486,enabled
1782984979.253,2026-07-02 09:36:19.255,dml_system_updates,620,620,0.242585,enabled
1782984979.253,2026-07-02 09:36:19.255,dml_updates,28453804,28453804,11132.996236,enabled
1782984979.253,2026-07-02 09:36:19.255,file_num_open_files,35,35,0.000000,enabled
1782984979.253,2026-07-02 09:36:19.255,ibuf_merges,0,0,0.000000,enabled
1782984979.253,2026-07-02 09:36:19.255,ibuf_merges_delete,0,0,0.000000,enabled
1782984979.253,2026-07-02 09:36:19.255,ibuf_merges_delete_mark,0,0,0.000000,enabled
1782984979.253,2026-07-02 09:36:19.255,ibuf_merges_discard_delete,0,0,0.000000,enabled
1782984979.253,2026-07-02 09:36:19.255,ibuf_merges_discard_delete_mark,0,0,0.000000,enabled
1782984979.253,2026-07-02 09:36:19.255,ibuf_merges_discard_insert,0,0,0.000000,enabled
1782984979.253,2026-07-02 09:36:19.255,ibuf_merges_insert,0,0,0.000000,enabled
1782984979.253,2026-07-02 09:36:19.255,ibuf_size,1,1,0.000391,enabled
1782984979.253,2026-07-02 09:36:19.255,innodb_activity_count,19254054,19254054,7533.450150,enabled
1782984979.253,2026-07-02 09:36:19.255,innodb_dblwr_pages_written,29115281,29115281,11391.809573,enabled
1782984979.253,2026-07-02 09:36:19.255,innodb_dblwr_writes,603163,603163,235.996968,enabled
1782984979.253,2026-07-02 09:36:19.255,innodb_page_size,16384,16384,0.000000,enabled
1782984979.253,2026-07-02 09:36:19.255,innodb_rwlock_sx_os_waits,0,0,0.000000,enabled
1782984979.253,2026-07-02 09:36:19.255,innodb_rwlock_sx_spin_rounds,0,0,0.000000,enabled
1782984979.253,2026-07-02 09:36:19.255,innodb_rwlock_sx_spin_waits,0,0,0.000000,enabled
1782984979.253,2026-07-02 09:36:19.255,innodb_rwlock_s_os_waits,0,0,0.000000,enabled
1782984979.253,2026-07-02 09:36:19.255,innodb_rwlock_s_spin_rounds,0,0,0.000000,enabled
1782984979.253,2026-07-02 09:36:19.255,innodb_rwlock_s_spin_waits,0,0,0.000000,enabled
1782984979.253,2026-07-02 09:36:19.255,innodb_rwlock_x_os_waits,0,0,0.000000,enabled
1782984979.253,2026-07-02 09:36:19.255,innodb_rwlock_x_spin_rounds,0,0,0.000000,enabled
1782984979.253,2026-07-02 09:36:19.255,innodb_rwlock_x_spin_waits,0,0,0.000000,enabled
1782984979.253,2026-07-02 09:36:19.255,lock_deadlocks,0,0,0.000000,enabled
1782984979.253,2026-07-02 09:36:19.255,lock_deadlock_false_positives,0,0,0.000000,enabled
1782984979.253,2026-07-02 09:36:19.255,lock_deadlock_rounds,2793,2793,1.092805,enabled
1782984979.253,2026-07-02 09:36:19.255,lock_rec_grant_attempts,425,425,0.166288,enabled
1782984979.253,2026-07-02 09:36:19.255,lock_rec_release_attempts,43242598,43242598,16919.346536,enabled
1782984979.253,2026-07-02 09:36:19.255,lock_row_lock_current_waits,0,0,0.000000,enabled
1782984979.253,2026-07-02 09:36:19.255,lock_row_lock_time,323,323,0.126379,enabled
1782984979.253,2026-07-02 09:36:19.255,lock_row_lock_time_avg,0,0,0.000000,enabled
1782984979.253,2026-07-02 09:36:19.255,lock_row_lock_time_max,29,29,0.000000,enabled
1782984979.253,2026-07-02 09:36:19.255,lock_row_lock_waits,425,425,0.166288,enabled
1782984979.253,2026-07-02 09:36:19.255,lock_schedule_refreshes,2793,2793,1.092805,enabled
1782984979.253,2026-07-02 09:36:19.255,lock_threads_waiting,0,0,0.000000,enabled
1782984979.253,2026-07-02 09:36:19.255,lock_timeouts,0,0,0.000000,enabled
1782984979.253,2026-07-02 09:36:19.255,log_waits,0,0,0.000000,enabled
1782984979.253,2026-07-02 09:36:19.255,log_writes,217416108,217416108,85067.460732,enabled
1782984979.253,2026-07-02 09:36:19.255,log_write_requests,426559840,426559840,166898.224777,enabled
1782984979.253,2026-07-02 09:36:19.255,os_data_fsyncs,62693238,62693238,24529.712966,enabled
1782984979.253,2026-07-02 09:36:19.255,os_data_reads,88720651,88720651,34713.346700,enabled
1782984979.253,2026-07-02 09:36:19.255,os_data_writes,247438988,247438988,96814.386219,enabled
1782984979.253,2026-07-02 09:36:19.255,os_log_bytes_written,136107484160,136107484160,53254188.486021,enabled
1782984979.253,2026-07-02 09:36:19.255,os_log_fsyncs,54667220,54667220,21389.407447,enabled
1782984979.253,2026-07-02 09:36:19.255,os_log_pending_fsyncs,0,0,0.000000,enabled
1782984979.253,2026-07-02 09:36:19.255,os_log_pending_writes,0,0,0.000000,enabled
1782984979.253,2026-07-02 09:36:19.255,trx_rseg_history_len,245,245,0.000000,enabled
1782984980.319,2026-07-02 09:36:20.321,adaptive_hash_searches,0,0,0.000000,enabled
1782984980.319,2026-07-02 09:36:20.321,adaptive_hash_searches_btree,635670039,635670039,248611.849475,enabled
1782984980.319,2026-07-02 09:36:20.321,buffer_data_reads,1449622129152,1449622129152,566950240.679916,enabled
1782984980.319,2026-07-02 09:36:20.321,buffer_data_written,651369186304,651369186304,254751848.255111,enabled
1782984980.319,2026-07-02 09:36:20.321,buffer_pages0_read,7,7,0.002738,enabled
1782984980.319,2026-07-02 09:36:20.321,buffer_pages_created,1821896,1821896,712.547335,enabled
1782984980.319,2026-07-02 09:36:20.321,buffer_pages_read,88727526,88727526,34701.520700,enabled
1782984980.319,2026-07-02 09:36:20.321,buffer_pages_written,29190761,29190761,11416.567632,enabled
1782984980.319,2026-07-02 09:36:20.321,buffer_pool_bytes_data,12849233920,12849233920,0.000000,enabled
1782984980.319,2026-07-02 09:36:20.321,buffer_pool_bytes_dirty,4652957696,4652957696,0.000000,enabled
1782984980.319,2026-07-02 09:36:20.321,buffer_pool_pages_data,784255,784255,0.000000,enabled
1782984980.319,2026-07-02 09:36:20.321,buffer_pool_pages_dirty,283994,283994,0.000000,enabled
1782984980.319,2026-07-02 09:36:20.321,buffer_pool_pages_flushed,29133691,29133691,0.000000,enabled
1782984980.319,2026-07-02 09:36:20.321,buffer_pool_pages_free,2081,2081,0.000000,enabled
1782984980.319,2026-07-02 09:36:20.321,buffer_pool_pages_lru_flushed,0,0,0.000000,enabled
1782984980.319,2026-07-02 09:36:20.321,buffer_pool_pages_misc,96,96,0.000000,enabled
1782984980.319,2026-07-02 09:36:20.321,buffer_pool_pages_total,786432,786432,0.000000,enabled
1782984980.319,2026-07-02 09:36:20.321,buffer_pool_reads,87816949,87816949,34345.393327,enabled
1782984980.319,2026-07-02 09:36:20.321,buffer_pool_read_ahead,803715,803715,314.334623,enabled
1782984980.319,2026-07-02 09:36:20.321,buffer_pool_read_ahead_evicted,25,25,0.009778,enabled
1782984980.319,2026-07-02 09:36:20.321,buffer_pool_read_requests,3066940460,3066940460,1199486.853131,enabled
1782984980.319,2026-07-02 09:36:20.321,buffer_pool_size,12884901888,12884901888,0.000000,enabled
1782984980.319,2026-07-02 09:36:20.321,buffer_pool_wait_free,18945,18945,7.409429,enabled
1782984980.319,2026-07-02 09:36:20.321,buffer_pool_write_requests,630820195,630820195,246715.102532,enabled
1782984980.319,2026-07-02 09:36:20.321,dml_deletes,14231595,14231595,5566.005695,enabled
1782984980.319,2026-07-02 09:36:20.321,dml_inserts,114117001,114117001,44631.390803,enabled
1782984980.319,2026-07-02 09:36:20.321,dml_system_deletes,468,468,0.183036,enabled
1782984980.319,2026-07-02 09:36:20.321,dml_system_inserts,1202,1202,0.470105,enabled
1782984980.319,2026-07-02 09:36:20.321,dml_system_reads,7661,7661,2.996233,enabled
1782984980.319,2026-07-02 09:36:20.321,dml_system_updates,620,620,0.242483,enabled
1782984980.319,2026-07-02 09:36:20.321,dml_updates,28463313,28463313,11132.059486,enabled
1782984980.319,2026-07-02 09:36:20.321,file_num_open_files,35,35,0.000000,enabled
1782984980.319,2026-07-02 09:36:20.321,ibuf_merges,0,0,0.000000,enabled
1782984980.319,2026-07-02 09:36:20.321,ibuf_merges_delete,0,0,0.000000,enabled
1782984980.319,2026-07-02 09:36:20.321,ibuf_merges_delete_mark,0,0,0.000000,enabled
1782984980.319,2026-07-02 09:36:20.321,ibuf_merges_discard_delete,0,0,0.000000,enabled
1782984980.319,2026-07-02 09:36:20.321,ibuf_merges_discard_delete_mark,0,0,0.000000,enabled
1782984980.319,2026-07-02 09:36:20.321,ibuf_merges_discard_insert,0,0,0.000000,enabled
1782984980.319,2026-07-02 09:36:20.321,ibuf_merges_insert,0,0,0.000000,enabled
1782984980.319,2026-07-02 09:36:20.321,ibuf_size,1,1,0.000391,enabled
1782984980.319,2026-07-02 09:36:20.321,innodb_activity_count,19259517,19259517,7532.436318,enabled
1782984980.319,2026-07-02 09:36:20.321,innodb_dblwr_pages_written,29131261,29131261,11393.295420,enabled
1782984980.319,2026-07-02 09:36:20.321,innodb_dblwr_writes,603507,603507,236.032815,enabled
1782984980.319,2026-07-02 09:36:20.321,innodb_page_size,16384,16384,0.000000,enabled
1782984980.319,2026-07-02 09:36:20.321,innodb_rwlock_sx_os_waits,0,0,0.000000,enabled
1782984980.319,2026-07-02 09:36:20.321,innodb_rwlock_sx_spin_rounds,0,0,0.000000,enabled
1782984980.319,2026-07-02 09:36:20.321,innodb_rwlock_sx_spin_waits,0,0,0.000000,enabled
1782984980.319,2026-07-02 09:36:20.321,innodb_rwlock_s_os_waits,0,0,0.000000,enabled
1782984980.319,2026-07-02 09:36:20.321,innodb_rwlock_s_spin_rounds,0,0,0.000000,enabled
1782984980.319,2026-07-02 09:36:20.321,innodb_rwlock_s_spin_waits,0,0,0.000000,enabled
1782984980.319,2026-07-02 09:36:20.321,innodb_rwlock_x_os_waits,0,0,0.000000,enabled
1782984980.319,2026-07-02 09:36:20.321,innodb_rwlock_x_spin_rounds,0,0,0.000000,enabled
1782984980.319,2026-07-02 09:36:20.321,innodb_rwlock_x_spin_waits,0,0,0.000000,enabled
1782984980.319,2026-07-02 09:36:20.321,lock_deadlocks,0,0,0.000000,enabled
1782984980.319,2026-07-02 09:36:20.321,lock_deadlock_false_positives,0,0,0.000000,enabled
1782984980.319,2026-07-02 09:36:20.321,lock_deadlock_rounds,2794,2794,1.092739,enabled
1782984980.319,2026-07-02 09:36:20.321,lock_rec_grant_attempts,425,425,0.166218,enabled
1782984980.319,2026-07-02 09:36:20.321,lock_rec_release_attempts,43257042,43257042,16917.920225,enabled
1782984980.319,2026-07-02 09:36:20.321,lock_row_lock_current_waits,0,0,0.000000,enabled
1782984980.319,2026-07-02 09:36:20.321,lock_row_lock_time,323,323,0.126326,enabled
1782984980.319,2026-07-02 09:36:20.321,lock_row_lock_time_avg,0,0,0.000000,enabled
1782984980.319,2026-07-02 09:36:20.321,lock_row_lock_time_max,29,29,0.000000,enabled
1782984980.319,2026-07-02 09:36:20.321,lock_row_lock_waits,425,425,0.166218,enabled
1782984980.319,2026-07-02 09:36:20.321,lock_schedule_refreshes,2794,2794,1.092739,enabled
1782984980.319,2026-07-02 09:36:20.321,lock_threads_waiting,0,0,0.000000,enabled
1782984980.319,2026-07-02 09:36:20.321,lock_timeouts,0,0,0.000000,enabled
1782984980.319,2026-07-02 09:36:20.321,log_waits,0,0,0.000000,enabled
1782984980.319,2026-07-02 09:36:20.321,log_writes,217493270,217493270,85062.064284,enabled
1782984980.319,2026-07-02 09:36:20.321,log_write_requests,426640815,426640815,166860.098484,enabled
1782984980.319,2026-07-02 09:36:20.321,os_data_fsyncs,62725151,62725151,24531.936020,enabled
1782984980.319,2026-07-02 09:36:20.321,os_data_reads,88776751,88776751,34720.770618,enabled
1782984980.319,2026-07-02 09:36:20.321,os_data_writes,247532411,247532411,96810.436932,enabled
1782984980.319,2026-07-02 09:36:20.321,os_log_bytes_written,136147755520,136147755520,53247668.104033,enabled
1782984980.319,2026-07-02 09:36:20.321,os_log_fsyncs,54694249,54694249,21391.033621,enabled
1782984980.319,2026-07-02 09:36:20.321,os_log_pending_fsyncs,0,0,0.000000,enabled
1782984980.319,2026-07-02 09:36:20.321,os_log_pending_writes,0,0,0.000000,enabled
1782984980.319,2026-07-02 09:36:20.321,trx_rseg_history_len,177,177,0.000000,enabled
1782984981.389,2026-07-02 09:36:21.391,adaptive_hash_searches,0,0,0.000000,enabled
1782984981.389,2026-07-02 09:36:21.391,adaptive_hash_searches_btree,635832226,635832226,248571.222532,enabled
1782984981.389,2026-07-02 09:36:21.391,buffer_data_reads,1450524887552,1450524887552,567065922.888743,enabled
1782984981.389,2026-07-02 09:36:21.391,buffer_data_written,651685322240,651685322240,254768836.835215,enabled
1782984981.389,2026-07-02 09:36:21.391,buffer_pages0_read,7,7,0.002737,enabled
1782984981.389,2026-07-02 09:36:21.391,buffer_pages_created,1821925,1821925,712.260505,enabled
1782984981.389,2026-07-02 09:36:21.391,buffer_pages_read,88782772,88782772,34708.597595,enabled
1782984981.389,2026-07-02 09:36:21.391,buffer_pages_written,29207171,29207171,11418.205642,enabled
1782984981.389,2026-07-02 09:36:21.391,buffer_pool_bytes_data,12850331648,12850331648,0.000000,enabled
1782984981.389,2026-07-02 09:36:21.391,buffer_pool_bytes_dirty,4641112064,4641112064,0.000000,enabled
1782984981.389,2026-07-02 09:36:21.391,buffer_pool_pages_data,784322,784322,0.000000,enabled
1782984981.389,2026-07-02 09:36:21.391,buffer_pool_pages_dirty,283271,283271,0.000000,enabled
1782984981.389,2026-07-02 09:36:21.391,buffer_pool_pages_flushed,29148971,29148971,0.000000,enabled
1782984981.389,2026-07-02 09:36:21.391,buffer_pool_pages_free,2014,2014,0.000000,enabled
1782984981.389,2026-07-02 09:36:21.391,buffer_pool_pages_lru_flushed,0,0,0.000000,enabled
1782984981.389,2026-07-02 09:36:21.391,buffer_pool_pages_misc,96,96,0.000000,enabled
1782984981.389,2026-07-02 09:36:21.391,buffer_pool_pages_total,786432,786432,0.000000,enabled
1782984981.389,2026-07-02 09:36:21.391,buffer_pool_reads,87872150,87872150,34352.601535,enabled
1782984981.389,2026-07-02 09:36:21.391,buffer_pool_read_ahead,803715,803715,314.203088,enabled
1782984981.389,2026-07-02 09:36:21.391,buffer_pool_read_ahead_evicted,25,25,0.009773,enabled
1782984981.389,2026-07-02 09:36:21.391,buffer_pool_read_requests,3067740311,3067740311,1199297.616272,enabled
1782984981.389,2026-07-02 09:36:21.391,buffer_pool_size,12884901888,12884901888,0.000000,enabled
1782984981.389,2026-07-02 09:36:21.391,buffer_pool_wait_free,18945,18945,7.406329,enabled
1782984981.389,2026-07-02 09:36:21.391,buffer_pool_write_requests,630926100,630926100,246653.266072,enabled
1782984981.389,2026-07-02 09:36:21.391,dml_deletes,14236289,14236289,5565.511668,enabled
1782984981.389,2026-07-02 09:36:21.391,dml_inserts,114121696,114121696,44614.550261,enabled
1782984981.389,2026-07-02 09:36:21.391,dml_system_deletes,468,468,0.182959,enabled
1782984981.389,2026-07-02 09:36:21.391,dml_system_inserts,1202,1202,0.469908,enabled
1782984981.389,2026-07-02 09:36:21.391,dml_system_reads,7661,7661,2.994979,enabled
1782984981.389,2026-07-02 09:36:21.391,dml_system_updates,620,620,0.242382,enabled
1782984981.389,2026-07-02 09:36:21.391,dml_updates,28472701,28472701,11131.071412,enabled
1782984981.389,2026-07-02 09:36:21.391,file_num_open_files,35,35,0.000000,enabled
1782984981.389,2026-07-02 09:36:21.391,ibuf_merges,0,0,0.000000,enabled
1782984981.389,2026-07-02 09:36:21.391,ibuf_merges_delete,0,0,0.000000,enabled
1782984981.389,2026-07-02 09:36:21.391,ibuf_merges_delete_mark,0,0,0.000000,enabled
1782984981.389,2026-07-02 09:36:21.391,ibuf_merges_discard_delete,0,0,0.000000,enabled
1782984981.389,2026-07-02 09:36:21.391,ibuf_merges_discard_delete_mark,0,0,0.000000,enabled
1782984981.389,2026-07-02 09:36:21.391,ibuf_merges_discard_insert,0,0,0.000000,enabled
1782984981.389,2026-07-02 09:36:21.391,ibuf_merges_insert,0,0,0.000000,enabled
1782984981.389,2026-07-02 09:36:21.391,ibuf_size,1,1,0.000391,enabled
1782984981.389,2026-07-02 09:36:21.391,innodb_activity_count,19264901,19264901,7531.389167,enabled
1782984981.389,2026-07-02 09:36:21.391,innodb_dblwr_pages_written,29146541,29146541,11394.501424,enabled
1782984981.389,2026-07-02 09:36:21.391,innodb_dblwr_writes,603851,603851,236.068530,enabled
1782984981.389,2026-07-02 09:36:21.391,innodb_page_size,16384,16384,0.000000,enabled
1782984981.389,2026-07-02 09:36:21.391,innodb_rwlock_sx_os_waits,0,0,0.000000,enabled
1782984981.389,2026-07-02 09:36:21.391,innodb_rwlock_sx_spin_rounds,0,0,0.000000,enabled
1782984981.389,2026-07-02 09:36:21.391,innodb_rwlock_sx_spin_waits,0,0,0.000000,enabled
1782984981.389,2026-07-02 09:36:21.391,innodb_rwlock_s_os_waits,0,0,0.000000,enabled
1782984981.389,2026-07-02 09:36:21.391,innodb_rwlock_s_spin_rounds,0,0,0.000000,enabled
1782984981.389,2026-07-02 09:36:21.391,innodb_rwlock_s_spin_waits,0,0,0.000000,enabled
1782984981.389,2026-07-02 09:36:21.391,innodb_rwlock_x_os_waits,0,0,0.000000,enabled
1782984981.389,2026-07-02 09:36:21.391,innodb_rwlock_x_spin_rounds,0,0,0.000000,enabled
1782984981.389,2026-07-02 09:36:21.391,innodb_rwlock_x_spin_waits,0,0,0.000000,enabled
1782984981.389,2026-07-02 09:36:21.391,lock_deadlocks,0,0,0.000000,enabled
1782984981.389,2026-07-02 09:36:21.391,lock_deadlock_false_positives,0,0,0.000000,enabled
1782984981.389,2026-07-02 09:36:21.391,lock_deadlock_rounds,2795,2795,1.092673,enabled
1782984981.389,2026-07-02 09:36:21.391,lock_rec_grant_attempts,425,425,0.166149,enabled
1782984981.389,2026-07-02 09:36:21.391,lock_rec_release_attempts,43271315,43271315,16916.420715,enabled
1782984981.389,2026-07-02 09:36:21.391,lock_row_lock_current_waits,0,0,0.000000,enabled
1782984981.389,2026-07-02 09:36:21.391,lock_row_lock_time,323,323,0.126273,enabled
1782984981.389,2026-07-02 09:36:21.391,lock_row_lock_time_avg,0,0,0.000000,enabled
1782984981.389,2026-07-02 09:36:21.391,lock_row_lock_time_max,29,29,0.000000,enabled
1782984981.389,2026-07-02 09:36:21.391,lock_row_lock_waits,425,425,0.166149,enabled
1782984981.389,2026-07-02 09:36:21.391,lock_schedule_refreshes,2795,2795,1.092673,enabled
1782984981.389,2026-07-02 09:36:21.391,lock_threads_waiting,0,0,0.000000,enabled
1782984981.389,2026-07-02 09:36:21.391,lock_timeouts,0,0,0.000000,enabled
1782984981.389,2026-07-02 09:36:21.391,log_waits,0,0,0.000000,enabled
1782984981.389,2026-07-02 09:36:21.391,log_writes,217569478,217569478,85056.262541,enabled
1782984981.389,2026-07-02 09:36:21.391,log_write_requests,426719510,426719510,166821.040491,enabled
1782984981.389,2026-07-02 09:36:21.391,os_data_fsyncs,62755699,62755699,24533.613047,enabled
1782984981.389,2026-07-02 09:36:21.391,os_data_reads,88831866,88831866,34727.788306,enabled
1782984981.389,2026-07-02 09:36:21.391,os_data_writes,247625324,247625324,96806.249965,enabled
1782984981.389,2026-07-02 09:36:21.391,os_log_bytes_written,136187561984,136187561984,53240948.551704,enabled
1782984981.389,2026-07-02 09:36:21.391,os_log_fsyncs,54720177,54720177,21392.218821,enabled
1782984981.389,2026-07-02 09:36:21.391,os_log_pending_fsyncs,0,0,0.000000,enabled
1782984981.389,2026-07-02 09:36:21.391,os_log_pending_writes,0,0,0.000000,enabled
1782984981.389,2026-07-02 09:36:21.391,trx_rseg_history_len,1249,1249,0.000000,enabled
1782984982.460,2026-07-02 09:36:22.461,adaptive_hash_searches,0,0,0.000000,enabled
1782984982.460,2026-07-02 09:36:22.461,adaptive_hash_searches_btree,635993572,635993572,248530.458665,enabled
1782984982.460,2026-07-02 09:36:22.461,buffer_data_reads,1451420011008,1451420011008,567178880.748419,enabled
1782984982.460,2026-07-02 09:36:22.461,buffer_data_written,652027651072,652027651072,254796206.682329,enabled
1782984982.460,2026-07-02 09:36:22.461,buffer_pages0_read,7,7,0.002735,enabled
1782984982.460,2026-07-02 09:36:22.461,buffer_pages_created,1821946,1821946,711.971237,enabled
1782984982.460,2026-07-02 09:36:22.461,buffer_pages_read,88837552,88837552,34715.508270,enabled
1782984982.460,2026-07-02 09:36:22.461,buffer_pages_written,29225445,29225445,11420.577873,enabled
1782984982.460,2026-07-02 09:36:22.461,buffer_pool_bytes_data,12853329920,12853329920,0.000000,enabled
1782984982.460,2026-07-02 09:36:22.461,buffer_pool_bytes_dirty,4598611968,4598611968,0.000000,enabled
1782984982.460,2026-07-02 09:36:22.461,buffer_pool_pages_data,784505,784505,0.000000,enabled
1782984982.460,2026-07-02 09:36:22.461,buffer_pool_pages_dirty,280677,280677,0.000000,enabled
1782984982.460,2026-07-02 09:36:22.461,buffer_pool_pages_flushed,29168375,29168375,0.000000,enabled
1782984982.460,2026-07-02 09:36:22.461,buffer_pool_pages_free,1831,1831,0.000000,enabled
1782984982.460,2026-07-02 09:36:22.461,buffer_pool_pages_lru_flushed,0,0,0.000000,enabled
1782984982.460,2026-07-02 09:36:22.461,buffer_pool_pages_misc,96,96,0.000000,enabled
1782984982.460,2026-07-02 09:36:22.461,buffer_pool_pages_total,786432,786432,0.000000,enabled
1782984982.460,2026-07-02 09:36:22.461,buffer_pool_reads,87926869,87926869,34359.637001,enabled
1782984982.460,2026-07-02 09:36:22.461,buffer_pool_read_ahead,803715,803715,314.071861,enabled
1782984982.460,2026-07-02 09:36:22.461,buffer_pool_read_ahead_evicted,25,25,0.009769,enabled
1782984982.460,2026-07-02 09:36:22.461,buffer_pool_read_requests,3068540602,3068540602,1199109.463566,enabled
1782984982.460,2026-07-02 09:36:22.461,buffer_pool_size,12884901888,12884901888,0.000000,enabled
1782984982.460,2026-07-02 09:36:22.461,buffer_pool_wait_free,18945,18945,7.403236,enabled
1782984982.460,2026-07-02 09:36:22.461,buffer_pool_write_requests,631035143,631035143,246592.862675,enabled
1782984982.460,2026-07-02 09:36:22.461,dml_deletes,14240949,14240949,5565.008273,enabled
1782984982.460,2026-07-02 09:36:22.461,dml_inserts,114126355,114126355,44597.737854,enabled
1782984982.460,2026-07-02 09:36:22.461,dml_system_deletes,468,468,0.182883,enabled
1782984982.460,2026-07-02 09:36:22.461,dml_system_inserts,1202,1202,0.469712,enabled
1782984982.460,2026-07-02 09:36:22.461,dml_system_reads,7661,7661,2.993728,enabled
1782984982.460,2026-07-02 09:36:22.461,dml_system_updates,620,620,0.242281,enabled
1782984982.460,2026-07-02 09:36:22.461,dml_updates,28482026,28482026,11130.066557,enabled
1782984982.460,2026-07-02 09:36:22.461,file_num_open_files,35,35,0.000000,enabled
1782984982.460,2026-07-02 09:36:22.461,ibuf_merges,0,0,0.000000,enabled
1782984982.460,2026-07-02 09:36:22.461,ibuf_merges_delete,0,0,0.000000,enabled
1782984982.460,2026-07-02 09:36:22.461,ibuf_merges_delete_mark,0,0,0.000000,enabled
1782984982.460,2026-07-02 09:36:22.461,ibuf_merges_discard_delete,0,0,0.000000,enabled
1782984982.460,2026-07-02 09:36:22.461,ibuf_merges_discard_delete_mark,0,0,0.000000,enabled
1782984982.460,2026-07-02 09:36:22.461,ibuf_merges_discard_insert,0,0,0.000000,enabled
1782984982.460,2026-07-02 09:36:22.461,ibuf_merges_insert,0,0,0.000000,enabled
1782984982.460,2026-07-02 09:36:22.461,ibuf_size,1,1,0.000391,enabled
1782984982.460,2026-07-02 09:36:22.461,innodb_activity_count,19270252,19270252,7530.334773,enabled
1782984982.460,2026-07-02 09:36:22.461,innodb_dblwr_pages_written,29165945,29165945,11397.325180,enabled
1782984982.460,2026-07-02 09:36:22.461,innodb_dblwr_writes,604250,604250,236.125857,enabled
1782984982.460,2026-07-02 09:36:22.461,innodb_page_size,16384,16384,0.000000,enabled
1782984982.460,2026-07-02 09:36:22.461,innodb_rwlock_sx_os_waits,0,0,0.000000,enabled
1782984982.460,2026-07-02 09:36:22.461,innodb_rwlock_sx_spin_rounds,0,0,0.000000,enabled
1782984982.460,2026-07-02 09:36:22.461,innodb_rwlock_sx_spin_waits,0,0,0.000000,enabled
1782984982.460,2026-07-02 09:36:22.461,innodb_rwlock_s_os_waits,0,0,0.000000,enabled
1782984982.460,2026-07-02 09:36:22.461,innodb_rwlock_s_spin_rounds,0,0,0.000000,enabled
1782984982.460,2026-07-02 09:36:22.461,innodb_rwlock_s_spin_waits,0,0,0.000000,enabled
1782984982.460,2026-07-02 09:36:22.461,innodb_rwlock_x_os_waits,0,0,0.000000,enabled
1782984982.460,2026-07-02 09:36:22.461,innodb_rwlock_x_spin_rounds,0,0,0.000000,enabled
1782984982.460,2026-07-02 09:36:22.461,innodb_rwlock_x_spin_waits,0,0,0.000000,enabled
1782984982.460,2026-07-02 09:36:22.461,lock_deadlocks,0,0,0.000000,enabled
1782984982.460,2026-07-02 09:36:22.461,lock_deadlock_false_positives,0,0,0.000000,enabled
1782984982.460,2026-07-02 09:36:22.461,lock_deadlock_rounds,2796,2796,1.092607,enabled
1782984982.460,2026-07-02 09:36:22.461,lock_rec_grant_attempts,425,425,0.166079,enabled
1782984982.460,2026-07-02 09:36:22.461,lock_rec_release_attempts,43285485,43285485,16914.892851,enabled
1782984982.460,2026-07-02 09:36:22.461,lock_row_lock_current_waits,0,0,0.000000,enabled
1782984982.460,2026-07-02 09:36:22.461,lock_row_lock_time,323,323,0.126220,enabled
1782984982.460,2026-07-02 09:36:22.461,lock_row_lock_time_avg,0,0,0.000000,enabled
1782984982.460,2026-07-02 09:36:22.461,lock_row_lock_time_max,29,29,0.000000,enabled
1782984982.460,2026-07-02 09:36:22.461,lock_row_lock_waits,425,425,0.166079,enabled
1782984982.460,2026-07-02 09:36:22.461,lock_schedule_refreshes,2796,2796,1.092607,enabled
1782984982.460,2026-07-02 09:36:22.461,lock_threads_waiting,0,0,0.000000,enabled
1782984982.460,2026-07-02 09:36:22.461,lock_timeouts,0,0,0.000000,enabled
1782984982.460,2026-07-02 09:36:22.461,log_waits,0,0,0.000000,enabled
1782984982.460,2026-07-02 09:36:22.461,log_writes,217645729,217645729,85050.536427,enabled
1782984982.460,2026-07-02 09:36:22.461,log_write_requests,426799151,426799151,166782.490644,enabled
1782984982.460,2026-07-02 09:36:22.461,os_data_fsyncs,62786952,62786952,24535.579567,enabled
1782984982.460,2026-07-02 09:36:22.461,os_data_reads,88886494,88886494,34734.631631,enabled
1782984982.460,2026-07-02 09:36:22.461,os_data_writes,247720111,247720111,96802.859586,enabled
1782984982.460,2026-07-02 09:36:22.461,os_log_bytes_written,136227192832,136227192832,53234199.415572,enabled
1782984982.460,2026-07-02 09:36:22.461,os_log_fsyncs,54746118,54746118,21393.421535,enabled
1782984982.460,2026-07-02 09:36:22.461,os_log_pending_fsyncs,1,1,0.000391,enabled
1782984982.460,2026-07-02 09:36:22.461,os_log_pending_writes,0,0,0.000000,enabled
1782984982.460,2026-07-02 09:36:22.461,trx_rseg_history_len,925,925,0.000000,enabled
1782984983.528,2026-07-02 09:36:23.530,adaptive_hash_searches,0,0,0.000000,enabled
1782984983.528,2026-07-02 09:36:23.530,adaptive_hash_searches_btree,636158618,636158618,248490.905736,enabled
1782984983.528,2026-07-02 09:36:23.530,buffer_data_reads,1452330977792,1452330977792,567297325.917787,enabled
1782984983.528,2026-07-02 09:36:23.530,buffer_data_written,652330558976,652330558976,254807882.690974,enabled
1782984983.528,2026-07-02 09:36:23.530,buffer_pages0_read,7,7,0.002734,enabled
1782984983.528,2026-07-02 09:36:23.530,buffer_pages_created,1821975,1821975,711.684574,enabled
1782984983.528,2026-07-02 09:36:23.530,buffer_pages_read,88893310,88893310,34722.758045,enabled
1782984983.528,2026-07-02 09:36:23.530,buffer_pages_written,29241091,29241091,11421.909373,enabled
1782984983.528,2026-07-02 09:36:23.530,buffer_pool_bytes_data,12858949632,12858949632,0.000000,enabled
1782984983.528,2026-07-02 09:36:23.530,buffer_pool_bytes_dirty,4607311872,4607311872,0.000000,enabled
1782984983.528,2026-07-02 09:36:23.530,buffer_pool_pages_data,784848,784848,0.000000,enabled
1782984983.528,2026-07-02 09:36:23.530,buffer_pool_pages_dirty,281208,281208,0.000000,enabled
1782984983.528,2026-07-02 09:36:23.530,buffer_pool_pages_flushed,29184021,29184021,0.000000,enabled
1782984983.528,2026-07-02 09:36:23.530,buffer_pool_pages_free,1488,1488,0.000000,enabled
1782984983.528,2026-07-02 09:36:23.530,buffer_pool_pages_lru_flushed,0,0,0.000000,enabled
1782984983.528,2026-07-02 09:36:23.530,buffer_pool_pages_misc,97,97,0.000000,enabled
1782984983.528,2026-07-02 09:36:23.530,buffer_pool_pages_total,786432,786432,0.000000,enabled
1782984983.528,2026-07-02 09:36:23.530,buffer_pool_reads,87982561,87982561,34367.010028,enabled
1782984983.528,2026-07-02 09:36:23.530,buffer_pool_read_ahead,803715,803715,313.940409,enabled
1782984983.528,2026-07-02 09:36:23.530,buffer_pool_read_ahead_evicted,25,25,0.009765,enabled
1782984983.528,2026-07-02 09:36:23.530,buffer_pool_read_requests,3069358327,3069358327,1198926.999213,enabled
1782984983.528,2026-07-02 09:36:23.530,buffer_pool_size,12884901888,12884901888,0.000000,enabled
1782984983.528,2026-07-02 09:36:23.530,buffer_pool_wait_free,18945,18945,7.400137,enabled
1782984983.528,2026-07-02 09:36:23.530,buffer_pool_write_requests,631146528,631146528,246533.161567,enabled
1782984983.528,2026-07-02 09:36:23.530,dml_deletes,14245718,14245718,5564.541880,enabled
1782984983.528,2026-07-02 09:36:23.530,dml_inserts,114131124,114131124,44580.934421,enabled
1782984983.528,2026-07-02 09:36:23.530,dml_system_deletes,468,468,0.182806,enabled
1782984983.528,2026-07-02 09:36:23.530,dml_system_inserts,1202,1202,0.469515,enabled
1782984983.528,2026-07-02 09:36:23.530,dml_system_reads,7661,7661,2.992475,enabled
1782984983.528,2026-07-02 09:36:23.530,dml_system_updates,620,620,0.242179,enabled
1782984983.528,2026-07-02 09:36:23.530,dml_updates,28491563,28491563,11129.133357,enabled
1782984983.528,2026-07-02 09:36:23.530,file_num_open_files,35,35,0.000000,enabled
1782984983.528,2026-07-02 09:36:23.530,ibuf_merges,0,0,0.000000,enabled
1782984983.528,2026-07-02 09:36:23.530,ibuf_merges_delete,0,0,0.000000,enabled
1782984983.528,2026-07-02 09:36:23.530,ibuf_merges_delete_mark,0,0,0.000000,enabled
1782984983.528,2026-07-02 09:36:23.530,ibuf_merges_discard_delete,0,0,0.000000,enabled
1782984983.528,2026-07-02 09:36:23.530,ibuf_merges_discard_delete_mark,0,0,0.000000,enabled
1782984983.528,2026-07-02 09:36:23.530,ibuf_merges_discard_insert,0,0,0.000000,enabled
1782984983.528,2026-07-02 09:36:23.530,ibuf_merges_insert,0,0,0.000000,enabled
1782984983.528,2026-07-02 09:36:23.530,ibuf_size,1,1,0.000391,enabled
1782984983.528,2026-07-02 09:36:23.530,innodb_activity_count,19275727,19275727,7529.321568,enabled
1782984983.528,2026-07-02 09:36:23.530,innodb_dblwr_pages_written,29181591,29181591,11398.666371,enabled
1782984983.528,2026-07-02 09:36:23.530,innodb_dblwr_writes,604600,604600,236.163741,enabled
1782984983.528,2026-07-02 09:36:23.530,innodb_page_size,16384,16384,0.000000,enabled
1782984983.528,2026-07-02 09:36:23.530,innodb_rwlock_sx_os_waits,0,0,0.000000,enabled
1782984983.528,2026-07-02 09:36:23.530,innodb_rwlock_sx_spin_rounds,0,0,0.000000,enabled
1782984983.528,2026-07-02 09:36:23.530,innodb_rwlock_sx_spin_waits,0,0,0.000000,enabled
1782984983.528,2026-07-02 09:36:23.530,innodb_rwlock_s_os_waits,0,0,0.000000,enabled
1782984983.528,2026-07-02 09:36:23.530,innodb_rwlock_s_spin_rounds,0,0,0.000000,enabled
1782984983.528,2026-07-02 09:36:23.530,innodb_rwlock_s_spin_waits,0,0,0.000000,enabled
1782984983.528,2026-07-02 09:36:23.530,innodb_rwlock_x_os_waits,0,0,0.000000,enabled
1782984983.528,2026-07-02 09:36:23.530,innodb_rwlock_x_spin_rounds,0,0,0.000000,enabled
1782984983.528,2026-07-02 09:36:23.530,innodb_rwlock_x_spin_waits,0,0,0.000000,enabled
1782984983.528,2026-07-02 09:36:23.530,lock_deadlocks,0,0,0.000000,enabled
1782984983.528,2026-07-02 09:36:23.530,lock_deadlock_false_positives,0,0,0.000000,enabled
1782984983.528,2026-07-02 09:36:23.530,lock_deadlock_rounds,2797,2797,1.092541,enabled
1782984983.528,2026-07-02 09:36:23.530,lock_rec_grant_attempts,425,425,0.166010,enabled
1782984983.528,2026-07-02 09:36:23.530,lock_rec_release_attempts,43299971,43299971,16913.471742,enabled
1782984983.528,2026-07-02 09:36:23.530,lock_row_lock_current_waits,0,0,0.000000,enabled
1782984983.528,2026-07-02 09:36:23.530,lock_row_lock_time,323,323,0.126168,enabled
1782984983.528,2026-07-02 09:36:23.530,lock_row_lock_time_avg,0,0,0.000000,enabled
1782984983.528,2026-07-02 09:36:23.530,lock_row_lock_time_max,29,29,0.000000,enabled
1782984983.528,2026-07-02 09:36:23.530,lock_row_lock_waits,425,425,0.166010,enabled
1782984983.528,2026-07-02 09:36:23.530,lock_schedule_refreshes,2797,2797,1.092541,enabled
1782984983.528,2026-07-02 09:36:23.530,lock_threads_waiting,0,0,0.000000,enabled
1782984983.528,2026-07-02 09:36:23.530,lock_timeouts,0,0,0.000000,enabled
1782984983.528,2026-07-02 09:36:23.530,log_waits,0,0,0.000000,enabled
1782984983.528,2026-07-02 09:36:23.530,log_writes,217724075,217724075,85045.541846,enabled
1782984983.528,2026-07-02 09:36:23.530,log_write_requests,426880262,426880262,166744.367682,enabled
1782984983.528,2026-07-02 09:36:23.530,os_data_fsyncs,62818586,62818586,24537.666962,enabled
1782984983.528,2026-07-02 09:36:23.530,os_data_reads,88942085,88942085,34741.808157,enabled
1782984983.528,2026-07-02 09:36:23.530,os_data_writes,247814378,247814378,96799.165128,enabled
1782984983.528,2026-07-02 09:36:23.530,os_log_bytes_written,136267998208,136267998208,53227857.627272,enabled
1782984983.528,2026-07-02 09:36:23.530,os_log_fsyncs,54773062,54773062,21394.992088,enabled
1782984983.528,2026-07-02 09:36:23.530,os_log_pending_fsyncs,0,0,0.000000,enabled
1782984983.528,2026-07-02 09:36:23.530,os_log_pending_writes,0,0,0.000000,enabled
1782984983.528,2026-07-02 09:36:23.530,trx_rseg_history_len,909,909,0.000000,enabled
1782984984.600,2026-07-02 09:36:24.601,adaptive_hash_searches,0,0,0.000000,enabled
1782984984.600,2026-07-02 09:36:24.601,adaptive_hash_searches_btree,636327072,636327072,248452.643106,enabled
1782984984.600,2026-07-02 09:36:24.601,buffer_data_reads,1453262785024,1453262785024,567423631.864401,enabled
1782984984.600,2026-07-02 09:36:24.601,buffer_data_written,652642227712,652642227712,254822890.003970,enabled
1782984984.600,2026-07-02 09:36:24.601,buffer_pages0_read,7,7,0.002733,enabled
1782984984.600,2026-07-02 09:36:24.601,buffer_pages_created,1822011,1822011,711.400662,enabled
1782984984.600,2026-07-02 09:36:24.601,buffer_pages_read,88950338,88950338,34730.486783,enabled
1782984984.600,2026-07-02 09:36:24.601,buffer_pages_written,29257187,29257187,11423.411899,enabled
1782984984.600,2026-07-02 09:36:24.601,buffer_pool_bytes_data,12854001664,12854001664,0.000000,enabled
1782984984.600,2026-07-02 09:36:24.601,buffer_pool_bytes_dirty,4613816320,4613816320,0.000000,enabled
1782984984.600,2026-07-02 09:36:24.601,buffer_pool_pages_data,784546,784546,0.000000,enabled
1782984984.600,2026-07-02 09:36:24.601,buffer_pool_pages_dirty,281605,281605,0.000000,enabled
1782984984.600,2026-07-02 09:36:24.601,buffer_pool_pages_flushed,29200117,29200117,0.000000,enabled
1782984984.600,2026-07-02 09:36:24.601,buffer_pool_pages_free,1789,1789,0.000000,enabled
1782984984.600,2026-07-02 09:36:24.601,buffer_pool_pages_lru_flushed,0,0,0.000000,enabled
1782984984.600,2026-07-02 09:36:24.601,buffer_pool_pages_misc,96,96,0.000000,enabled
1782984984.600,2026-07-02 09:36:24.601,buffer_pool_pages_total,786432,786432,0.000000,enabled
1782984984.600,2026-07-02 09:36:24.601,buffer_pool_reads,88039539,88039539,34374.868164,enabled
1782984984.600,2026-07-02 09:36:24.601,buffer_pool_read_ahead,803715,803715,313.808968,enabled
1782984984.600,2026-07-02 09:36:24.601,buffer_pool_read_ahead_evicted,25,25,0.009761,enabled
1782984984.600,2026-07-02 09:36:24.601,buffer_pool_read_requests,3070192789,3070192789,1198750.845854,enabled
1782984984.600,2026-07-02 09:36:24.601,buffer_pool_size,12884901888,12884901888,0.000000,enabled
1782984984.600,2026-07-02 09:36:24.601,buffer_pool_wait_free,18945,18945,7.397039,enabled
1782984984.600,2026-07-02 09:36:24.601,buffer_pool_write_requests,631259388,631259388,246474.008927,enabled
1782984984.600,2026-07-02 09:36:24.601,dml_deletes,14250595,14250595,5564.116423,enabled
1782984984.600,2026-07-02 09:36:24.601,dml_inserts,114136001,114136001,44564.174219,enabled
1782984984.600,2026-07-02 09:36:24.601,dml_system_deletes,468,468,0.182730,enabled
1782984984.600,2026-07-02 09:36:24.601,dml_system_inserts,1202,1202,0.469319,enabled
1782984984.600,2026-07-02 09:36:24.601,dml_system_reads,7661,7661,2.991222,enabled
1782984984.600,2026-07-02 09:36:24.601,dml_system_updates,620,620,0.242078,enabled
1782984984.600,2026-07-02 09:36:24.601,dml_updates,28501316,28501316,11128.282035,enabled
1782984984.600,2026-07-02 09:36:24.601,file_num_open_files,35,35,0.000000,enabled
1782984984.600,2026-07-02 09:36:24.601,ibuf_merges,0,0,0.000000,enabled
1782984984.600,2026-07-02 09:36:24.601,ibuf_merges_delete,0,0,0.000000,enabled
1782984984.600,2026-07-02 09:36:24.601,ibuf_merges_delete_mark,0,0,0.000000,enabled
1782984984.600,2026-07-02 09:36:24.601,ibuf_merges_discard_delete,0,0,0.000000,enabled
1782984984.600,2026-07-02 09:36:24.601,ibuf_merges_discard_delete_mark,0,0,0.000000,enabled
1782984984.600,2026-07-02 09:36:24.601,ibuf_merges_discard_insert,0,0,0.000000,enabled
1782984984.600,2026-07-02 09:36:24.601,ibuf_merges_insert,0,0,0.000000,enabled
1782984984.600,2026-07-02 09:36:24.601,ibuf_size,1,1,0.000390,enabled
1782984984.600,2026-07-02 09:36:24.601,innodb_activity_count,19281327,19281327,7528.355809,enabled
1782984984.600,2026-07-02 09:36:24.601,innodb_dblwr_pages_written,29197687,29197687,11400.178802,enabled
1782984984.600,2026-07-02 09:36:24.601,innodb_dblwr_writes,604978,604978,236.212457,enabled
1782984984.600,2026-07-02 09:36:24.601,innodb_page_size,16384,16384,0.000000,enabled
1782984984.600,2026-07-02 09:36:24.601,innodb_rwlock_sx_os_waits,0,0,0.000000,enabled
1782984984.600,2026-07-02 09:36:24.601,innodb_rwlock_sx_spin_rounds,0,0,0.000000,enabled
1782984984.600,2026-07-02 09:36:24.601,innodb_rwlock_sx_spin_waits,0,0,0.000000,enabled
1782984984.600,2026-07-02 09:36:24.601,innodb_rwlock_s_os_waits,0,0,0.000000,enabled
1782984984.600,2026-07-02 09:36:24.601,innodb_rwlock_s_spin_rounds,0,0,0.000000,enabled
1782984984.600,2026-07-02 09:36:24.601,innodb_rwlock_s_spin_waits,0,0,0.000000,enabled
1782984984.600,2026-07-02 09:36:24.601,innodb_rwlock_x_os_waits,0,0,0.000000,enabled
1782984984.600,2026-07-02 09:36:24.601,innodb_rwlock_x_spin_rounds,0,0,0.000000,enabled
1782984984.600,2026-07-02 09:36:24.601,innodb_rwlock_x_spin_waits,0,0,0.000000,enabled
1782984984.600,2026-07-02 09:36:24.601,lock_deadlocks,0,0,0.000000,enabled
1782984984.600,2026-07-02 09:36:24.601,lock_deadlock_false_positives,0,0,0.000000,enabled
1782984984.600,2026-07-02 09:36:24.601,lock_deadlock_rounds,2798,2798,1.092474,enabled
1782984984.600,2026-07-02 09:36:24.601,lock_rec_grant_attempts,425,425,0.165940,enabled
1782984984.600,2026-07-02 09:36:24.601,lock_rec_release_attempts,43314794,43314794,16912.177925,enabled
1782984984.600,2026-07-02 09:36:24.601,lock_row_lock_current_waits,0,0,0.000000,enabled
1782984984.600,2026-07-02 09:36:24.601,lock_row_lock_time,323,323,0.126115,enabled
1782984984.600,2026-07-02 09:36:24.601,lock_row_lock_time_avg,0,0,0.000000,enabled
1782984984.600,2026-07-02 09:36:24.601,lock_row_lock_time_max,29,29,0.000000,enabled
1782984984.600,2026-07-02 09:36:24.601,lock_row_lock_waits,425,425,0.165940,enabled
1782984984.600,2026-07-02 09:36:24.601,lock_schedule_refreshes,2798,2798,1.092474,enabled
1782984984.600,2026-07-02 09:36:24.601,lock_threads_waiting,0,0,0.000000,enabled
1782984984.600,2026-07-02 09:36:24.601,lock_timeouts,0,0,0.000000,enabled
1782984984.600,2026-07-02 09:36:24.601,log_waits,0,0,0.000000,enabled
1782984984.600,2026-07-02 09:36:24.601,log_writes,217804171,217804171,85041.208834,enabled
1782984984.600,2026-07-02 09:36:24.601,log_write_requests,426963160,426963160,166706.923498,enabled
1782984984.600,2026-07-02 09:36:24.601,os_data_fsyncs,62852315,62852315,24540.562973,enabled
1782984984.600,2026-07-02 09:36:24.601,os_data_reads,88998946,88998946,34749.463745,enabled
1782984984.600,2026-07-02 09:36:24.601,os_data_writes,247910861,247910861,96796.308927,enabled
1782984984.600,2026-07-02 09:36:24.601,os_log_bytes_written,136309779456,136309779456,53221885.645374,enabled
1782984984.600,2026-07-02 09:36:24.601,os_log_fsyncs,54801830,54801830,21397.266866,enabled
1782984984.600,2026-07-02 09:36:24.601,os_log_pending_fsyncs,0,0,0.000000,enabled
1782984984.600,2026-07-02 09:36:24.601,os_log_pending_writes,0,0,0.000000,enabled
1782984984.600,2026-07-02 09:36:24.601,trx_rseg_history_len,953,953,0.000000,enabled
1782984985.672,2026-07-02 09:36:25.674,adaptive_hash_searches,0,0,0.000000,enabled
1782984985.672,2026-07-02 09:36:25.674,adaptive_hash_searches_btree,636494951,636494951,248414.129159,enabled
1782984985.672,2026-07-02 09:36:25.674,buffer_data_reads,1454202374656,1454202374656,567552740.994208,enabled
1782984985.672,2026-07-02 09:36:25.674,buffer_data_written,652950693888,652950693888,254836577.245090,enabled
1782984985.672,2026-07-02 09:36:25.674,buffer_pages0_read,7,7,0.002732,enabled
1782984985.672,2026-07-02 09:36:25.674,buffer_pages_created,1822051,1822051,711.118388,enabled
1782984985.672,2026-07-02 09:36:25.674,buffer_pages_read,89007835,89007835,34738.384221,enabled
1782984985.672,2026-07-02 09:36:25.674,buffer_pages_written,29273102,29273102,11424.839936,enabled
1782984985.672,2026-07-02 09:36:25.674,buffer_pool_bytes_data,12855083008,12855083008,0.000000,enabled
1782984985.672,2026-07-02 09:36:25.674,buffer_pool_bytes_dirty,4620779520,4620779520,0.000000,enabled
1782984985.672,2026-07-02 09:36:25.674,buffer_pool_pages_data,784612,784612,0.000000,enabled
1782984985.672,2026-07-02 09:36:25.674,buffer_pool_pages_dirty,282030,282030,0.000000,enabled
1782984985.672,2026-07-02 09:36:25.674,buffer_pool_pages_flushed,29216030,29216030,0.000000,enabled
1782984985.672,2026-07-02 09:36:25.674,buffer_pool_pages_free,1724,1724,0.000000,enabled
1782984985.672,2026-07-02 09:36:25.674,buffer_pool_pages_lru_flushed,0,0,0.000000,enabled
1782984985.672,2026-07-02 09:36:25.674,buffer_pool_pages_misc,96,96,0.000000,enabled
1782984985.672,2026-07-02 09:36:25.674,buffer_pool_pages_total,786432,786432,0.000000,enabled
1782984985.672,2026-07-02 09:36:25.674,buffer_pool_reads,88096985,88096985,34382.894692,enabled
1782984985.672,2026-07-02 09:36:25.674,buffer_pool_read_ahead,803715,803715,313.677567,enabled
1782984985.672,2026-07-02 09:36:25.674,buffer_pool_read_ahead_evicted,25,25,0.009757,enabled
1782984985.672,2026-07-02 09:36:25.674,buffer_pool_read_requests,3071025352,3071025352,1198573.830190,enabled
1782984985.672,2026-07-02 09:36:25.674,buffer_pool_size,12884901888,12884901888,0.000000,enabled
1782984985.672,2026-07-02 09:36:25.674,buffer_pool_wait_free,18945,18945,7.393941,enabled
1782984985.672,2026-07-02 09:36:25.674,buffer_pool_write_requests,631372355,631372355,246414.892243,enabled
1782984985.672,2026-07-02 09:36:25.674,dml_deletes,14255450,14255450,5563.681386,enabled
1782984985.672,2026-07-02 09:36:25.674,dml_inserts,114140856,114140856,44547.408630,enabled
1782984985.672,2026-07-02 09:36:25.674,dml_system_deletes,468,468,0.182653,enabled
1782984985.672,2026-07-02 09:36:25.674,dml_system_inserts,1202,1202,0.469122,enabled
1782984985.672,2026-07-02 09:36:25.674,dml_system_reads,7661,7661,2.989970,enabled
1782984985.672,2026-07-02 09:36:25.674,dml_system_updates,620,620,0.241976,enabled
1782984985.672,2026-07-02 09:36:25.674,dml_updates,28511025,28511025,11127.411548,enabled
1782984985.672,2026-07-02 09:36:25.674,file_num_open_files,35,35,0.000000,enabled
1782984985.672,2026-07-02 09:36:25.674,ibuf_merges,0,0,0.000000,enabled
1782984985.672,2026-07-02 09:36:25.674,ibuf_merges_delete,0,0,0.000000,enabled
1782984985.672,2026-07-02 09:36:25.674,ibuf_merges_delete_mark,0,0,0.000000,enabled
1782984985.672,2026-07-02 09:36:25.674,ibuf_merges_discard_delete,0,0,0.000000,enabled
1782984985.672,2026-07-02 09:36:25.674,ibuf_merges_discard_delete_mark,0,0,0.000000,enabled
1782984985.672,2026-07-02 09:36:25.674,ibuf_merges_discard_insert,0,0,0.000000,enabled
1782984985.672,2026-07-02 09:36:25.674,ibuf_merges_insert,0,0,0.000000,enabled
1782984985.672,2026-07-02 09:36:25.674,ibuf_size,1,1,0.000390,enabled
1782984985.672,2026-07-02 09:36:25.674,innodb_activity_count,19286914,19286914,7527.383973,enabled
1782984985.672,2026-07-02 09:36:25.674,innodb_dblwr_pages_written,29213600,29213600,11401.615790,enabled
1782984985.672,2026-07-02 09:36:25.674,innodb_dblwr_writes,605335,605335,236.252879,enabled
1782984985.672,2026-07-02 09:36:25.674,innodb_page_size,16384,16384,0.000000,enabled
1782984985.672,2026-07-02 09:36:25.674,innodb_rwlock_sx_os_waits,0,0,0.000000,enabled
1782984985.672,2026-07-02 09:36:25.674,innodb_rwlock_sx_spin_rounds,0,0,0.000000,enabled
1782984985.672,2026-07-02 09:36:25.674,innodb_rwlock_sx_spin_waits,0,0,0.000000,enabled
1782984985.672,2026-07-02 09:36:25.674,innodb_rwlock_s_os_waits,0,0,0.000000,enabled
1782984985.672,2026-07-02 09:36:25.674,innodb_rwlock_s_spin_rounds,0,0,0.000000,enabled
1782984985.672,2026-07-02 09:36:25.674,innodb_rwlock_s_spin_waits,0,0,0.000000,enabled
1782984985.672,2026-07-02 09:36:25.674,innodb_rwlock_x_os_waits,0,0,0.000000,enabled
1782984985.672,2026-07-02 09:36:25.674,innodb_rwlock_x_spin_rounds,0,0,0.000000,enabled
1782984985.672,2026-07-02 09:36:25.674,innodb_rwlock_x_spin_waits,0,0,0.000000,enabled
1782984985.672,2026-07-02 09:36:25.674,lock_deadlocks,0,0,0.000000,enabled
1782984985.672,2026-07-02 09:36:25.674,lock_deadlock_false_positives,0,0,0.000000,enabled
1782984985.672,2026-07-02 09:36:25.674,lock_deadlock_rounds,2799,2799,1.092407,enabled
1782984985.672,2026-07-02 09:36:25.674,lock_rec_grant_attempts,425,425,0.165871,enabled
1782984985.672,2026-07-02 09:36:25.674,lock_rec_release_attempts,43329586,43329586,16910.869408,enabled
1782984985.672,2026-07-02 09:36:25.674,lock_row_lock_current_waits,0,0,0.000000,enabled
1782984985.672,2026-07-02 09:36:25.674,lock_row_lock_time,323,323,0.126062,enabled
1782984985.672,2026-07-02 09:36:25.674,lock_row_lock_time_avg,0,0,0.000000,enabled
1782984985.672,2026-07-02 09:36:25.674,lock_row_lock_time_max,29,29,0.000000,enabled
1782984985.672,2026-07-02 09:36:25.674,lock_row_lock_waits,425,425,0.165871,enabled
1782984985.672,2026-07-02 09:36:25.674,lock_schedule_refreshes,2799,2799,1.092407,enabled
1782984985.672,2026-07-02 09:36:25.674,lock_threads_waiting,0,0,0.000000,enabled
1782984985.672,2026-07-02 09:36:25.674,lock_timeouts,0,0,0.000000,enabled
1782984985.672,2026-07-02 09:36:25.674,log_waits,0,0,0.000000,enabled
1782984985.672,2026-07-02 09:36:25.674,log_writes,217883255,217883255,85036.464836,enabled
1782984985.672,2026-07-02 09:36:25.674,log_write_requests,427045689,427045689,166669.328214,enabled
1782984985.672,2026-07-02 09:36:25.674,os_data_fsyncs,62886125,62886125,24543.482714,enabled
1782984985.672,2026-07-02 09:36:25.674,os_data_reads,89056277,89056277,34757.288636,enabled
1782984985.672,2026-07-02 09:36:25.674,os_data_writes,248006145,248006145,96792.965645,enabled
1782984985.672,2026-07-02 09:36:25.674,os_log_bytes_written,136351283712,136351283712,53215798.696306,enabled
1782984985.672,2026-07-02 09:36:25.674,os_log_fsyncs,54830877,54830877,21399.643854,enabled
1782984985.672,2026-07-02 09:36:25.674,os_log_pending_fsyncs,1,1,0.000390,enabled
1782984985.672,2026-07-02 09:36:25.674,os_log_pending_writes,0,0,0.000000,enabled
1782984985.672,2026-07-02 09:36:25.674,trx_rseg_history_len,961,961,0.000000,enabled
1782984986.745,2026-07-02 09:36:26.747,adaptive_hash_searches,0,0,0.000000,enabled
1782984986.745,2026-07-02 09:36:26.747,adaptive_hash_searches_btree,636663552,636663552,248375.932026,enabled
1782984986.745,2026-07-02 09:36:26.747,buffer_data_reads,1455141767680,1455141767680,567681681.196174,enabled
1782984986.745,2026-07-02 09:36:26.747,buffer_data_written,653260856320,653260856320,254850921.857864,enabled
1782984986.745,2026-07-02 09:36:26.747,buffer_pages0_read,7,7,0.002731,enabled
1782984986.745,2026-07-02 09:36:26.747,buffer_pages_created,1822081,1822081,710.832468,enabled
1782984986.745,2026-07-02 09:36:26.747,buffer_pages_read,89065356,89065356,34746.285365,enabled
1782984986.745,2026-07-02 09:36:26.747,buffer_pages_written,29289141,29289141,11426.315460,enabled
1782984986.745,2026-07-02 09:36:26.747,buffer_pool_bytes_data,12852625408,12852625408,0.000000,enabled
1782984986.745,2026-07-02 09:36:26.747,buffer_pool_bytes_dirty,4629938176,4629938176,0.000000,enabled
1782984986.745,2026-07-02 09:36:26.747,buffer_pool_pages_data,784462,784462,0.000000,enabled
1782984986.745,2026-07-02 09:36:26.747,buffer_pool_pages_dirty,282589,282589,0.000000,enabled
1782984986.745,2026-07-02 09:36:26.747,buffer_pool_pages_flushed,29232071,29232071,0.000000,enabled
1782984986.745,2026-07-02 09:36:26.747,buffer_pool_pages_free,1873,1873,0.000000,enabled
1782984986.745,2026-07-02 09:36:26.747,buffer_pool_pages_lru_flushed,0,0,0.000000,enabled
1782984986.745,2026-07-02 09:36:26.747,buffer_pool_pages_misc,96,96,0.000000,enabled
1782984986.745,2026-07-02 09:36:26.747,buffer_pool_pages_total,786432,786432,0.000000,enabled
1782984986.745,2026-07-02 09:36:26.747,buffer_pool_reads,88154442,88154442,34390.919663,enabled
1782984986.745,2026-07-02 09:36:26.747,buffer_pool_read_ahead,803715,803715,313.546284,enabled
1782984986.745,2026-07-02 09:36:26.747,buffer_pool_read_ahead_evicted,25,25,0.009753,enabled
1782984986.745,2026-07-02 09:36:26.747,buffer_pool_read_requests,3071860534,3071860534,1198398.014718,enabled
1782984986.745,2026-07-02 09:36:26.747,buffer_pool_size,12884901888,12884901888,0.000000,enabled
1782984986.745,2026-07-02 09:36:26.747,buffer_pool_wait_free,18945,18945,7.390847,enabled
1782984986.745,2026-07-02 09:36:26.747,buffer_pool_write_requests,631485529,631485529,246355.912052,enabled
1782984986.745,2026-07-02 09:36:26.747,dml_deletes,14260322,14260322,5563.253397,enabled
1782984986.745,2026-07-02 09:36:26.747,dml_inserts,114145727,114145727,44530.663755,enabled
1782984986.745,2026-07-02 09:36:26.747,dml_system_deletes,468,468,0.182577,enabled
1782984986.745,2026-07-02 09:36:26.747,dml_system_inserts,1202,1202,0.468926,enabled
1782984986.745,2026-07-02 09:36:26.747,dml_system_reads,7661,7661,2.988718,enabled
1782984986.745,2026-07-02 09:36:26.747,dml_system_updates,620,620,0.241875,enabled
1782984986.745,2026-07-02 09:36:26.747,dml_updates,28520772,28520772,11126.556718,enabled
1782984986.745,2026-07-02 09:36:26.747,file_num_open_files,35,35,0.000000,enabled
1782984986.745,2026-07-02 09:36:26.747,ibuf_merges,0,0,0.000000,enabled
1782984986.745,2026-07-02 09:36:26.747,ibuf_merges_delete,0,0,0.000000,enabled
1782984986.745,2026-07-02 09:36:26.747,ibuf_merges_delete_mark,0,0,0.000000,enabled
1782984986.745,2026-07-02 09:36:26.747,ibuf_merges_discard_delete,0,0,0.000000,enabled
1782984986.745,2026-07-02 09:36:26.747,ibuf_merges_discard_delete_mark,0,0,0.000000,enabled
1782984986.745,2026-07-02 09:36:26.747,ibuf_merges_discard_insert,0,0,0.000000,enabled
1782984986.745,2026-07-02 09:36:26.747,ibuf_merges_insert,0,0,0.000000,enabled
1782984986.745,2026-07-02 09:36:26.747,ibuf_size,1,1,0.000390,enabled
1782984986.745,2026-07-02 09:36:26.747,innodb_activity_count,19292504,19292504,7526.414210,enabled
1782984986.745,2026-07-02 09:36:26.747,innodb_dblwr_pages_written,29229641,29229641,11403.101638,enabled
1782984986.745,2026-07-02 09:36:26.747,innodb_dblwr_writes,605712,605712,236.301072,enabled
1782984986.745,2026-07-02 09:36:26.747,innodb_page_size,16384,16384,0.000000,enabled
1782984986.745,2026-07-02 09:36:26.747,innodb_rwlock_sx_os_waits,0,0,0.000000,enabled
1782984986.745,2026-07-02 09:36:26.747,innodb_rwlock_sx_spin_rounds,0,0,0.000000,enabled
1782984986.745,2026-07-02 09:36:26.747,innodb_rwlock_sx_spin_waits,0,0,0.000000,enabled
1782984986.745,2026-07-02 09:36:26.747,innodb_rwlock_s_os_waits,0,0,0.000000,enabled
1782984986.745,2026-07-02 09:36:26.747,innodb_rwlock_s_spin_rounds,0,0,0.000000,enabled
1782984986.745,2026-07-02 09:36:26.747,innodb_rwlock_s_spin_waits,0,0,0.000000,enabled
1782984986.745,2026-07-02 09:36:26.747,innodb_rwlock_x_os_waits,0,0,0.000000,enabled
1782984986.745,2026-07-02 09:36:26.747,innodb_rwlock_x_spin_rounds,0,0,0.000000,enabled
1782984986.745,2026-07-02 09:36:26.747,innodb_rwlock_x_spin_waits,0,0,0.000000,enabled
1782984986.745,2026-07-02 09:36:26.747,lock_deadlocks,0,0,0.000000,enabled
1782984986.745,2026-07-02 09:36:26.747,lock_deadlock_false_positives,0,0,0.000000,enabled
1782984986.745,2026-07-02 09:36:26.747,lock_deadlock_rounds,2800,2800,1.092339,enabled
1782984986.745,2026-07-02 09:36:26.747,lock_rec_grant_attempts,425,425,0.165802,enabled
1782984986.745,2026-07-02 09:36:26.747,lock_rec_release_attempts,43344362,43344362,16909.556235,enabled
1782984986.745,2026-07-02 09:36:26.747,lock_row_lock_current_waits,0,0,0.000000,enabled
1782984986.745,2026-07-02 09:36:26.747,lock_row_lock_time,323,323,0.126009,enabled
1782984986.745,2026-07-02 09:36:26.747,lock_row_lock_time_avg,0,0,0.000000,enabled
1782984986.745,2026-07-02 09:36:26.747,lock_row_lock_time_max,29,29,0.000000,enabled
1782984986.745,2026-07-02 09:36:26.747,lock_row_lock_waits,425,425,0.165802,enabled
1782984986.745,2026-07-02 09:36:26.747,lock_schedule_refreshes,2800,2800,1.092339,enabled
1782984986.745,2026-07-02 09:36:26.747,lock_threads_waiting,0,0,0.000000,enabled
1782984986.745,2026-07-02 09:36:26.747,lock_timeouts,0,0,0.000000,enabled
1782984986.745,2026-07-02 09:36:26.747,log_waits,0,0,0.000000,enabled
1782984986.745,2026-07-02 09:36:26.747,log_writes,217963145,217963145,85032.040422,enabled
1782984986.745,2026-07-02 09:36:26.747,log_write_requests,427128470,427128470,166631.865001,enabled
1782984986.745,2026-07-02 09:36:26.747,os_data_fsyncs,62920739,62920739,24546.713963,enabled
1782984986.745,2026-07-02 09:36:26.747,os_data_reads,89113613,89113613,34765.109355,enabled
1782984986.745,2026-07-02 09:36:26.747,os_data_writes,248102336,248102336,96789.980175,enabled
1782984986.745,2026-07-02 09:36:26.747,os_log_bytes_written,136392842240,136392842240,53209738.673292,enabled
1782984986.745,2026-07-02 09:36:26.747,os_log_fsyncs,54860447,54860447,21402.223153,enabled
1782984986.745,2026-07-02 09:36:26.747,os_log_pending_fsyncs,0,0,0.000000,enabled
1782984986.745,2026-07-02 09:36:26.747,os_log_pending_writes,0,0,0.000000,enabled
1782984986.745,2026-07-02 09:36:26.747,trx_rseg_history_len,1027,1027,0.000000,enabled
1782984987.818,2026-07-02 09:36:27.819,adaptive_hash_searches,0,0,0.000000,enabled
1782984987.818,2026-07-02 09:36:27.819,adaptive_hash_searches_btree,636832513,636832513,248337.943004,enabled
1782984987.818,2026-07-02 09:36:27.819,buffer_data_reads,1456078981632,1456078981632,567809739.826647,enabled
1782984987.818,2026-07-02 09:36:27.819,buffer_data_written,653572143616,653572143616,254865727.223754,enabled
1782984987.818,2026-07-02 09:36:27.819,buffer_pages0_read,7,7,0.002730,enabled
1782984987.818,2026-07-02 09:36:27.819,buffer_pages_created,1822115,1822115,710.548443,enabled
1782984987.818,2026-07-02 09:36:27.819,buffer_pages_read,89122720,89122720,34754.123357,enabled
1782984987.818,2026-07-02 09:36:27.819,buffer_pages_written,29305215,29305215,11427.804947,enabled
1782984987.818,2026-07-02 09:36:27.819,buffer_pool_bytes_data,12859588608,12859588608,0.000000,enabled
1782984987.818,2026-07-02 09:36:27.819,buffer_pool_bytes_dirty,4636033024,4636033024,0.000000,enabled
1782984987.818,2026-07-02 09:36:27.819,buffer_pool_pages_data,784886,784886,0.000000,enabled
1782984987.818,2026-07-02 09:36:27.819,buffer_pool_pages_dirty,282961,282961,0.000000,enabled
1782984987.818,2026-07-02 09:36:27.819,buffer_pool_pages_flushed,29248145,29248145,0.000000,enabled
1782984987.818,2026-07-02 09:36:27.819,buffer_pool_pages_free,1449,1449,0.000000,enabled
1782984987.818,2026-07-02 09:36:27.819,buffer_pool_pages_lru_flushed,0,0,0.000000,enabled
1782984987.818,2026-07-02 09:36:27.819,buffer_pool_pages_misc,97,97,0.000000,enabled
1782984987.818,2026-07-02 09:36:27.819,buffer_pool_pages_total,786432,786432,0.000000,enabled
1782984987.818,2026-07-02 09:36:27.819,buffer_pool_reads,88211738,88211738,34398.879695,enabled
1782984987.818,2026-07-02 09:36:27.819,buffer_pool_read_ahead,803715,803715,313.415153,enabled
1782984987.818,2026-07-02 09:36:27.819,buffer_pool_read_ahead_evicted,25,25,0.009749,enabled
1782984987.818,2026-07-02 09:36:27.819,buffer_pool_read_requests,3072697515,3072697515,1198223.208082,enabled
1782984987.818,2026-07-02 09:36:27.819,buffer_pool_size,12884901888,12884901888,0.000000,enabled
1782984987.818,2026-07-02 09:36:27.819,buffer_pool_wait_free,18945,18945,7.387756,enabled
1782984987.818,2026-07-02 09:36:27.819,buffer_pool_write_requests,631599038,631599038,246297.144898,enabled
1782984987.818,2026-07-02 09:36:27.819,dml_deletes,14265205,14265205,5562.830874,enabled
1782984987.818,2026-07-02 09:36:27.819,dml_inserts,114150612,114150612,44513.944910,enabled
1782984987.818,2026-07-02 09:36:27.819,dml_system_deletes,468,468,0.182500,enabled
1782984987.818,2026-07-02 09:36:27.819,dml_system_inserts,1202,1202,0.468730,enabled
1782984987.818,2026-07-02 09:36:27.819,dml_system_reads,7661,7661,2.987468,enabled
1782984987.818,2026-07-02 09:36:27.819,dml_system_updates,620,620,0.241774,enabled
1782984987.818,2026-07-02 09:36:27.819,dml_updates,28530536,28530536,11125.710873,enabled
1782984987.818,2026-07-02 09:36:27.819,file_num_open_files,35,35,0.000000,enabled
1782984987.818,2026-07-02 09:36:27.819,ibuf_merges,0,0,0.000000,enabled
1782984987.818,2026-07-02 09:36:27.819,ibuf_merges_delete,0,0,0.000000,enabled
1782984987.818,2026-07-02 09:36:27.819,ibuf_merges_delete_mark,0,0,0.000000,enabled
1782984987.818,2026-07-02 09:36:27.819,ibuf_merges_discard_delete,0,0,0.000000,enabled
1782984987.818,2026-07-02 09:36:27.819,ibuf_merges_discard_delete_mark,0,0,0.000000,enabled
1782984987.818,2026-07-02 09:36:27.819,ibuf_merges_discard_insert,0,0,0.000000,enabled
1782984987.818,2026-07-02 09:36:27.819,ibuf_merges_insert,0,0,0.000000,enabled
1782984987.818,2026-07-02 09:36:27.819,ibuf_size,1,1,0.000390,enabled
1782984987.818,2026-07-02 09:36:27.819,innodb_activity_count,19298110,19298110,7525.452587,enabled
1782984987.818,2026-07-02 09:36:27.819,innodb_dblwr_pages_written,29245715,29245715,11404.600771,enabled
1782984987.818,2026-07-02 09:36:27.819,innodb_dblwr_writes,606077,606077,236.344580,enabled
1782984987.818,2026-07-02 09:36:27.819,innodb_page_size,16384,16384,0.000000,enabled
1782984987.818,2026-07-02 09:36:27.819,innodb_rwlock_sx_os_waits,0,0,0.000000,enabled
1782984987.818,2026-07-02 09:36:27.819,innodb_rwlock_sx_spin_rounds,0,0,0.000000,enabled
1782984987.818,2026-07-02 09:36:27.819,innodb_rwlock_sx_spin_waits,0,0,0.000000,enabled
1782984987.818,2026-07-02 09:36:27.819,innodb_rwlock_s_os_waits,0,0,0.000000,enabled
1782984987.818,2026-07-02 09:36:27.819,innodb_rwlock_s_spin_rounds,0,0,0.000000,enabled
1782984987.818,2026-07-02 09:36:27.819,innodb_rwlock_s_spin_waits,0,0,0.000000,enabled
1782984987.818,2026-07-02 09:36:27.819,innodb_rwlock_x_os_waits,0,0,0.000000,enabled
1782984987.818,2026-07-02 09:36:27.819,innodb_rwlock_x_spin_rounds,0,0,0.000000,enabled
1782984987.818,2026-07-02 09:36:27.819,innodb_rwlock_x_spin_waits,0,0,0.000000,enabled
1782984987.818,2026-07-02 09:36:27.819,lock_deadlocks,0,0,0.000000,enabled
1782984987.818,2026-07-02 09:36:27.819,lock_deadlock_false_positives,0,0,0.000000,enabled
1782984987.818,2026-07-02 09:36:27.819,lock_deadlock_rounds,2801,2801,1.092273,enabled
1782984987.818,2026-07-02 09:36:27.819,lock_rec_grant_attempts,425,425,0.165732,enabled
1782984987.818,2026-07-02 09:36:27.819,lock_rec_release_attempts,43359228,43359228,16908.281340,enabled
1782984987.818,2026-07-02 09:36:27.819,lock_row_lock_current_waits,0,0,0.000000,enabled
1782984987.818,2026-07-02 09:36:27.819,lock_row_lock_time,323,323,0.125956,enabled
1782984987.818,2026-07-02 09:36:27.819,lock_row_lock_time_avg,0,0,0.000000,enabled
1782984987.818,2026-07-02 09:36:27.819,lock_row_lock_time_max,29,29,0.000000,enabled
1782984987.818,2026-07-02 09:36:27.819,lock_row_lock_waits,425,425,0.165732,enabled
1782984987.818,2026-07-02 09:36:27.819,lock_schedule_refreshes,2801,2801,1.092273,enabled
1782984987.818,2026-07-02 09:36:27.819,lock_threads_waiting,0,0,0.000000,enabled
1782984987.818,2026-07-02 09:36:27.819,lock_timeouts,0,0,0.000000,enabled
1782984987.818,2026-07-02 09:36:27.819,log_waits,0,0,0.000000,enabled
1782984987.818,2026-07-02 09:36:27.819,log_writes,218043389,218043389,85027.769983,enabled
1782984987.818,2026-07-02 09:36:27.819,log_write_requests,427211482,427211482,166594.547181,enabled
1782984987.818,2026-07-02 09:36:27.819,os_data_fsyncs,62955245,62955245,24549.903902,enabled
1782984987.818,2026-07-02 09:36:27.819,os_data_reads,89170802,89170802,34772.871157,enabled
1782984987.818,2026-07-02 09:36:27.819,os_data_writes,248198913,248198913,96787.161521,enabled
1782984987.818,2026-07-02 09:36:27.819,os_log_bytes_written,136434688512,136434688512,53203803.512306,enabled
1782984987.818,2026-07-02 09:36:27.819,os_log_fsyncs,54889955,54889955,21404.779166,enabled
1782984987.818,2026-07-02 09:36:27.819,os_log_pending_fsyncs,1,1,0.000390,enabled
1782984987.818,2026-07-02 09:36:27.819,os_log_pending_writes,1,1,0.000390,enabled
1782984987.818,2026-07-02 09:36:27.819,trx_rseg_history_len,1080,1080,0.000000,enabled
1782984988.890,2026-07-02 09:36:28.891,adaptive_hash_searches,0,0,0.000000,enabled
1782984988.890,2026-07-02 09:36:28.891,adaptive_hash_searches_btree,636999866,636999866,248299.774945,enabled
1782984988.890,2026-07-02 09:36:28.891,buffer_data_reads,1457009232384,1457009232384,567935915.199238,enabled
1782984988.890,2026-07-02 09:36:28.891,buffer_data_written,653884624384,653884624384,254881406.435042,enabled
1782984988.890,2026-07-02 09:36:28.891,buffer_pages0_read,7,7,0.002729,enabled
1782984988.890,2026-07-02 09:36:28.891,buffer_pages_created,1822142,1822142,710.263098,enabled
1782984988.890,2026-07-02 09:36:28.891,buffer_pages_read,89179634,89179634,34761.836786,enabled
1782984988.890,2026-07-02 09:36:28.891,buffer_pages_written,29321392,29321392,11429.352200,enabled
1782984988.890,2026-07-02 09:36:28.891,buffer_pool_bytes_data,12851183616,12851183616,0.000000,enabled
1782984988.890,2026-07-02 09:36:28.891,buffer_pool_bytes_dirty,4638113792,4638113792,0.000000,enabled
1782984988.890,2026-07-02 09:36:28.891,buffer_pool_pages_data,784374,784374,0.000000,enabled
1782984988.890,2026-07-02 09:36:28.891,buffer_pool_pages_dirty,283088,283088,0.000000,enabled
1782984988.890,2026-07-02 09:36:28.891,buffer_pool_pages_flushed,29264322,29264322,0.000000,enabled
1782984988.890,2026-07-02 09:36:28.891,buffer_pool_pages_free,1961,1961,0.000000,enabled
1782984988.890,2026-07-02 09:36:28.891,buffer_pool_pages_lru_flushed,0,0,0.000000,enabled
1782984988.890,2026-07-02 09:36:28.891,buffer_pool_pages_misc,96,96,0.000000,enabled
1782984988.890,2026-07-02 09:36:28.891,buffer_pool_pages_total,786432,786432,0.000000,enabled
1782984988.890,2026-07-02 09:36:28.891,buffer_pool_reads,88268602,88268602,34406.721429,enabled
1782984988.890,2026-07-02 09:36:28.891,buffer_pool_read_ahead,803715,803715,313.284648,enabled
1782984988.890,2026-07-02 09:36:28.891,buffer_pool_read_ahead_evicted,25,25,0.009745,enabled
1782984988.890,2026-07-02 09:36:28.891,buffer_pool_read_requests,3073526930,3073526930,1198047.573488,enabled
1782984988.890,2026-07-02 09:36:28.891,buffer_pool_size,12884901888,12884901888,0.000000,enabled
1782984988.890,2026-07-02 09:36:28.891,buffer_pool_wait_free,18945,18945,7.384679,enabled
1782984988.890,2026-07-02 09:36:28.891,buffer_pool_write_requests,631711414,631711414,246238.391092,enabled
1782984988.890,2026-07-02 09:36:28.891,dml_deletes,14270046,14270046,5562.401687,enabled
1782984988.890,2026-07-02 09:36:28.891,dml_inserts,114155453,114155453,44497.297685,enabled
1782984988.890,2026-07-02 09:36:28.891,dml_system_deletes,468,468,0.182424,enabled
1782984988.890,2026-07-02 09:36:28.891,dml_system_inserts,1202,1202,0.468534,enabled
1782984988.890,2026-07-02 09:36:28.891,dml_system_reads,7661,7661,2.986224,enabled
1782984988.890,2026-07-02 09:36:28.891,dml_system_updates,620,620,0.241673,enabled
1782984988.890,2026-07-02 09:36:28.891,dml_updates,28540219,28540219,11124.852870,enabled
1782984988.890,2026-07-02 09:36:28.891,file_num_open_files,35,35,0.000000,enabled
1782984988.890,2026-07-02 09:36:28.891,ibuf_merges,0,0,0.000000,enabled
1782984988.890,2026-07-02 09:36:28.891,ibuf_merges_delete,0,0,0.000000,enabled
1782984988.890,2026-07-02 09:36:28.891,ibuf_merges_delete_mark,0,0,0.000000,enabled
1782984988.890,2026-07-02 09:36:28.891,ibuf_merges_discard_delete,0,0,0.000000,enabled
1782984988.890,2026-07-02 09:36:28.891,ibuf_merges_discard_delete_mark,0,0,0.000000,enabled
1782984988.890,2026-07-02 09:36:28.891,ibuf_merges_discard_insert,0,0,0.000000,enabled
1782984988.890,2026-07-02 09:36:28.891,ibuf_merges_insert,0,0,0.000000,enabled
1782984988.890,2026-07-02 09:36:28.891,ibuf_size,1,1,0.000390,enabled
1782984988.890,2026-07-02 09:36:28.891,innodb_activity_count,19303680,19303680,7524.490361,enabled
1782984988.890,2026-07-02 09:36:28.891,innodb_dblwr_pages_written,29261892,29261892,11406.157953,enabled
1782984988.890,2026-07-02 09:36:28.891,innodb_dblwr_writes,606442,606442,236.388448,enabled
1782984988.890,2026-07-02 09:36:28.891,innodb_page_size,16384,16384,0.000000,enabled
1782984988.890,2026-07-02 09:36:28.891,innodb_rwlock_sx_os_waits,0,0,0.000000,enabled
1782984988.890,2026-07-02 09:36:28.891,innodb_rwlock_sx_spin_rounds,0,0,0.000000,enabled
1782984988.890,2026-07-02 09:36:28.891,innodb_rwlock_sx_spin_waits,0,0,0.000000,enabled
1782984988.890,2026-07-02 09:36:28.891,innodb_rwlock_s_os_waits,0,0,0.000000,enabled
1782984988.890,2026-07-02 09:36:28.891,innodb_rwlock_s_spin_rounds,0,0,0.000000,enabled
1782984988.890,2026-07-02 09:36:28.891,innodb_rwlock_s_spin_waits,0,0,0.000000,enabled
1782984988.890,2026-07-02 09:36:28.891,innodb_rwlock_x_os_waits,0,0,0.000000,enabled
1782984988.890,2026-07-02 09:36:28.891,innodb_rwlock_x_spin_rounds,0,0,0.000000,enabled
1782984988.890,2026-07-02 09:36:28.891,innodb_rwlock_x_spin_waits,0,0,0.000000,enabled
1782984988.890,2026-07-02 09:36:28.891,lock_deadlocks,0,0,0.000000,enabled
1782984988.890,2026-07-02 09:36:28.891,lock_deadlock_false_positives,0,0,0.000000,enabled
1782984988.890,2026-07-02 09:36:28.891,lock_deadlock_rounds,2802,2802,1.092208,enabled
1782984988.890,2026-07-02 09:36:28.891,lock_rec_grant_attempts,425,425,0.165663,enabled
1782984988.890,2026-07-02 09:36:28.891,lock_rec_release_attempts,43373966,43373966,16906.985567,enabled
1782984988.890,2026-07-02 09:36:28.891,lock_row_lock_current_waits,0,0,0.000000,enabled
1782984988.890,2026-07-02 09:36:28.891,lock_row_lock_time,323,323,0.125904,enabled
1782984988.890,2026-07-02 09:36:28.891,lock_row_lock_time_avg,0,0,0.000000,enabled
1782984988.890,2026-07-02 09:36:28.891,lock_row_lock_time_max,29,29,0.000000,enabled
1782984988.890,2026-07-02 09:36:28.891,lock_row_lock_waits,425,425,0.165663,enabled
1782984988.890,2026-07-02 09:36:28.891,lock_schedule_refreshes,2802,2802,1.092208,enabled
1782984988.890,2026-07-02 09:36:28.891,lock_threads_waiting,0,0,0.000000,enabled
1782984988.890,2026-07-02 09:36:28.891,lock_timeouts,0,0,0.000000,enabled
1782984988.890,2026-07-02 09:36:28.891,log_waits,0,0,0.000000,enabled
1782984988.890,2026-07-02 09:36:28.891,log_writes,218122951,218122951,85023.379087,enabled
1782984988.890,2026-07-02 09:36:28.891,log_write_requests,427293762,427293762,166557.252976,enabled
1782984988.890,2026-07-02 09:36:28.891,os_data_fsyncs,62988414,62988414,24552.610921,enabled
1782984988.890,2026-07-02 09:36:28.891,os_data_reads,89227545,89227545,34780.510555,enabled
1782984988.890,2026-07-02 09:36:28.891,os_data_writes,248294928,248294928,96784.287406,enabled
1782984988.890,2026-07-02 09:36:28.891,os_log_bytes_written,136476118016,136476118016,53197799.523724,enabled
1782984988.890,2026-07-02 09:36:28.891,os_log_fsyncs,54918209,54918209,21406.879924,enabled
1782984988.890,2026-07-02 09:36:28.891,os_log_pending_fsyncs,1,1,0.000390,enabled
1782984988.890,2026-07-02 09:36:28.891,os_log_pending_writes,0,0,0.000000,enabled
1782984988.890,2026-07-02 09:36:28.891,trx_rseg_history_len,1104,1104,0.000000,enabled
1782984989.959,2026-07-02 09:36:29.960,adaptive_hash_searches,0,0,0.000000,enabled
1782984989.959,2026-07-02 09:36:29.960,adaptive_hash_searches_btree,637170049,637170049,248262.572428,enabled
1782984989.959,2026-07-02 09:36:29.960,buffer_data_reads,1457952360960,1457952360960,568066627.849047,enabled
1782984989.959,2026-07-02 09:36:29.960,buffer_data_written,654193886208,654193886208,254895649.951922,enabled
1782984989.959,2026-07-02 09:36:29.960,buffer_pages0_read,7,7,0.002727,enabled
1782984989.959,2026-07-02 09:36:29.960,buffer_pages_created,1822182,1822182,709.982589,enabled
1782984989.959,2026-07-02 09:36:29.960,buffer_pages_read,89237360,89237360,34769.837211,enabled
1782984989.959,2026-07-02 09:36:29.960,buffer_pages_written,29337321,29337321,11430.793990,enabled
1782984989.959,2026-07-02 09:36:29.960,buffer_pool_bytes_data,12861816832,12861816832,0.000000,enabled
1782984989.959,2026-07-02 09:36:29.960,buffer_pool_bytes_dirty,4647796736,4647796736,0.000000,enabled
1782984989.959,2026-07-02 09:36:29.960,buffer_pool_pages_data,785025,785025,0.000000,enabled
1782984989.959,2026-07-02 09:36:29.960,buffer_pool_pages_dirty,283679,283679,0.000000,enabled
1782984989.959,2026-07-02 09:36:29.960,buffer_pool_pages_flushed,29280251,29280251,0.000000,enabled
1782984989.959,2026-07-02 09:36:29.960,buffer_pool_pages_free,1313,1313,0.000000,enabled
1782984989.959,2026-07-02 09:36:29.960,buffer_pool_pages_lru_flushed,0,0,0.000000,enabled
1782984989.959,2026-07-02 09:36:29.960,buffer_pool_pages_misc,96,96,0.000000,enabled
1782984989.959,2026-07-02 09:36:29.960,buffer_pool_pages_total,786432,786432,0.000000,enabled
1782984989.959,2026-07-02 09:36:29.960,buffer_pool_reads,88326273,88326273,34414.848504,enabled
1782984989.959,2026-07-02 09:36:29.960,buffer_pool_read_ahead,803715,803715,313.154046,enabled
1782984989.959,2026-07-02 09:36:29.960,buffer_pool_read_ahead_evicted,25,25,0.009741,enabled
1782984989.959,2026-07-02 09:36:29.960,buffer_pool_read_requests,3074369582,3074369582,1197876.456809,enabled
1782984989.959,2026-07-02 09:36:29.960,buffer_pool_size,12884901888,12884901888,0.000000,enabled
1782984989.959,2026-07-02 09:36:29.960,buffer_pool_wait_free,18945,18945,7.381601,enabled
1782984989.959,2026-07-02 09:36:29.960,buffer_pool_write_requests,631825577,631825577,246180.220931,enabled
1782984989.959,2026-07-02 09:36:29.960,dml_deletes,14274962,14274962,5561.998255,enabled
1782984989.959,2026-07-02 09:36:29.960,dml_inserts,114160368,114160368,44480.662589,enabled
1782984989.959,2026-07-02 09:36:29.960,dml_system_deletes,468,468,0.182348,enabled
1782984989.959,2026-07-02 09:36:29.960,dml_system_inserts,1202,1202,0.468339,enabled
1782984989.959,2026-07-02 09:36:29.960,dml_system_reads,7661,7661,2.984979,enabled
1782984989.959,2026-07-02 09:36:29.960,dml_system_updates,620,620,0.241573,enabled
1782984989.959,2026-07-02 09:36:29.960,dml_updates,28550055,28550055,11124.047542,enabled
1782984989.959,2026-07-02 09:36:29.960,file_num_open_files,35,35,0.000000,enabled
1782984989.959,2026-07-02 09:36:29.960,ibuf_merges,0,0,0.000000,enabled
1782984989.959,2026-07-02 09:36:29.960,ibuf_merges_delete,0,0,0.000000,enabled
1782984989.959,2026-07-02 09:36:29.960,ibuf_merges_delete_mark,0,0,0.000000,enabled
1782984989.959,2026-07-02 09:36:29.960,ibuf_merges_discard_delete,0,0,0.000000,enabled
1782984989.959,2026-07-02 09:36:29.960,ibuf_merges_discard_delete_mark,0,0,0.000000,enabled
1782984989.959,2026-07-02 09:36:29.960,ibuf_merges_discard_insert,0,0,0.000000,enabled
1782984989.959,2026-07-02 09:36:29.960,ibuf_merges_insert,0,0,0.000000,enabled
1782984989.959,2026-07-02 09:36:29.960,ibuf_size,1,1,0.000390,enabled
1782984989.959,2026-07-02 09:36:29.960,innodb_activity_count,19309328,19309328,7523.554190,enabled
1782984989.959,2026-07-02 09:36:29.960,innodb_dblwr_pages_written,29277821,29277821,11407.609400,enabled
1782984989.959,2026-07-02 09:36:29.960,innodb_dblwr_writes,606797,606797,236.428222,enabled
1782984989.959,2026-07-02 09:36:29.960,innodb_page_size,16384,16384,0.000000,enabled
1782984989.959,2026-07-02 09:36:29.960,innodb_rwlock_sx_os_waits,0,0,0.000000,enabled
1782984989.959,2026-07-02 09:36:29.960,innodb_rwlock_sx_spin_rounds,0,0,0.000000,enabled
1782984989.959,2026-07-02 09:36:29.960,innodb_rwlock_sx_spin_waits,0,0,0.000000,enabled
1782984989.959,2026-07-02 09:36:29.960,innodb_rwlock_s_os_waits,0,0,0.000000,enabled
1782984989.959,2026-07-02 09:36:29.960,innodb_rwlock_s_spin_rounds,0,0,0.000000,enabled
1782984989.959,2026-07-02 09:36:29.960,innodb_rwlock_s_spin_waits,0,0,0.000000,enabled
1782984989.959,2026-07-02 09:36:29.960,innodb_rwlock_x_os_waits,0,0,0.000000,enabled
1782984989.959,2026-07-02 09:36:29.960,innodb_rwlock_x_spin_rounds,0,0,0.000000,enabled
1782984989.959,2026-07-02 09:36:29.960,innodb_rwlock_x_spin_waits,0,0,0.000000,enabled
1782984989.959,2026-07-02 09:36:29.960,lock_deadlocks,0,0,0.000000,enabled
1782984989.959,2026-07-02 09:36:29.960,lock_deadlock_false_positives,0,0,0.000000,enabled
1782984989.959,2026-07-02 09:36:29.960,lock_deadlock_rounds,2803,2803,1.092142,enabled
1782984989.959,2026-07-02 09:36:29.960,lock_rec_grant_attempts,425,425,0.165594,enabled
1782984989.959,2026-07-02 09:36:29.960,lock_rec_release_attempts,43388894,43388894,16905.753843,enabled
1782984989.959,2026-07-02 09:36:29.960,lock_row_lock_current_waits,0,0,0.000000,enabled
1782984989.959,2026-07-02 09:36:29.960,lock_row_lock_time,323,323,0.125852,enabled
1782984989.959,2026-07-02 09:36:29.960,lock_row_lock_time_avg,0,0,0.000000,enabled
1782984989.959,2026-07-02 09:36:29.960,lock_row_lock_time_max,29,29,0.000000,enabled
1782984989.959,2026-07-02 09:36:29.960,lock_row_lock_waits,425,425,0.165594,enabled
1782984989.959,2026-07-02 09:36:29.960,lock_schedule_refreshes,2803,2803,1.092142,enabled
1782984989.959,2026-07-02 09:36:29.960,lock_threads_waiting,0,0,0.000000,enabled
1782984989.959,2026-07-02 09:36:29.960,lock_timeouts,0,0,0.000000,enabled
1782984989.959,2026-07-02 09:36:29.960,log_waits,0,0,0.000000,enabled
1782984989.959,2026-07-02 09:36:29.960,log_writes,218203658,218203658,85019.381022,enabled
1782984989.959,2026-07-02 09:36:29.960,log_write_requests,427377251,427377251,166520.349381,enabled
1782984989.959,2026-07-02 09:36:29.960,os_data_fsyncs,63022950,63022950,24555.831819,enabled
1782984989.959,2026-07-02 09:36:29.960,os_data_reads,89285087,89285087,34788.431567,enabled
1782984989.959,2026-07-02 09:36:29.960,os_data_writes,248391822,248391822,96781.693180,enabled
1782984989.959,2026-07-02 09:36:29.960,os_log_bytes_written,136518291456,136518291456,53192054.651117,enabled
1782984989.959,2026-07-02 09:36:29.960,os_log_fsyncs,54947749,54947749,21409.465608,enabled
1782984989.959,2026-07-02 09:36:29.960,os_log_pending_fsyncs,1,1,0.000390,enabled
1782984989.959,2026-07-02 09:36:29.960,os_log_pending_writes,1,1,0.000390,enabled
1782984989.959,2026-07-02 09:36:29.960,trx_rseg_history_len,1206,1206,0.000000,enabled
1782984991.029,2026-07-02 09:36:31.030,adaptive_hash_searches,0,0,0.000000,enabled
1782984991.029,2026-07-02 09:36:31.030,adaptive_hash_searches_btree,637337699,637337699,248224.290425,enabled
1782984991.029,2026-07-02 09:36:31.030,buffer_data_reads,1458885773824,1458885773824,568193174.864451,enabled
1782984991.029,2026-07-02 09:36:31.030,buffer_data_written,654501839360,654501839360,254909249.528469,enabled
1782984991.029,2026-07-02 09:36:31.030,buffer_pages0_read,7,7,0.002726,enabled
1782984991.029,2026-07-02 09:36:31.030,buffer_pages_created,1822216,1822216,709.699636,enabled
1782984991.029,2026-07-02 09:36:31.030,buffer_pages_read,89294467,89294467,34777.573206,enabled
1782984991.029,2026-07-02 09:36:31.030,buffer_pages_written,29353287,29353287,11432.243508,enabled
1782984991.029,2026-07-02 09:36:31.030,buffer_pool_bytes_data,12853411840,12853411840,0.000000,enabled
1782984991.029,2026-07-02 09:36:31.030,buffer_pool_bytes_dirty,4653350912,4653350912,0.000000,enabled
1782984991.029,2026-07-02 09:36:31.030,buffer_pool_pages_data,784510,784510,0.000000,enabled
1782984991.029,2026-07-02 09:36:31.030,buffer_pool_pages_dirty,284018,284018,0.000000,enabled
1782984991.029,2026-07-02 09:36:31.030,buffer_pool_pages_flushed,29296217,29296217,0.000000,enabled
1782984991.029,2026-07-02 09:36:31.030,buffer_pool_pages_free,1826,1826,0.000000,enabled
1782984991.029,2026-07-02 09:36:31.030,buffer_pool_pages_lru_flushed,0,0,0.000000,enabled
1782984991.029,2026-07-02 09:36:31.030,buffer_pool_pages_misc,96,96,0.000000,enabled
1782984991.029,2026-07-02 09:36:31.030,buffer_pool_pages_total,786432,786432,0.000000,enabled
1782984991.029,2026-07-02 09:36:31.030,buffer_pool_reads,88383329,88383329,34422.712786,enabled
1782984991.029,2026-07-02 09:36:31.030,buffer_pool_read_ahead,803715,803715,313.023402,enabled
1782984991.029,2026-07-02 09:36:31.030,buffer_pool_read_ahead_evicted,25,25,0.009737,enabled
1782984991.029,2026-07-02 09:36:31.030,buffer_pool_read_requests,3075200338,3075200338,1197700.275843,enabled
1782984991.029,2026-07-02 09:36:31.030,buffer_pool_size,12884901888,12884901888,0.000000,enabled
1782984991.029,2026-07-02 09:36:31.030,buffer_pool_wait_free,18945,18945,7.378521,enabled
1782984991.029,2026-07-02 09:36:31.030,buffer_pool_write_requests,631938605,631938605,246121.539336,enabled
1782984991.029,2026-07-02 09:36:31.030,dml_deletes,14279808,14279808,5561.565116,enabled
1782984991.029,2026-07-02 09:36:31.030,dml_inserts,114165215,114165215,44463.992633,enabled
1782984991.029,2026-07-02 09:36:31.030,dml_system_deletes,468,468,0.182272,enabled
1782984991.029,2026-07-02 09:36:31.030,dml_system_inserts,1202,1202,0.468144,enabled
1782984991.029,2026-07-02 09:36:31.030,dml_system_reads,7661,7661,2.983734,enabled
1782984991.029,2026-07-02 09:36:31.030,dml_system_updates,620,620,0.241472,enabled
1782984991.029,2026-07-02 09:36:31.030,dml_updates,28559749,28559749,11123.182021,enabled
1782984991.029,2026-07-02 09:36:31.030,file_num_open_files,35,35,0.000000,enabled
1782984991.029,2026-07-02 09:36:31.030,ibuf_merges,0,0,0.000000,enabled
1782984991.029,2026-07-02 09:36:31.030,ibuf_merges_delete,0,0,0.000000,enabled
1782984991.029,2026-07-02 09:36:31.030,ibuf_merges_delete_mark,0,0,0.000000,enabled
1782984991.029,2026-07-02 09:36:31.030,ibuf_merges_discard_delete,0,0,0.000000,enabled
1782984991.029,2026-07-02 09:36:31.030,ibuf_merges_discard_delete_mark,0,0,0.000000,enabled
1782984991.029,2026-07-02 09:36:31.030,ibuf_merges_discard_insert,0,0,0.000000,enabled
1782984991.029,2026-07-02 09:36:31.030,ibuf_merges_insert,0,0,0.000000,enabled
1782984991.029,2026-07-02 09:36:31.030,ibuf_size,1,1,0.000389,enabled
1782984991.029,2026-07-02 09:36:31.030,innodb_activity_count,19314893,19314893,7522.582710,enabled
1782984991.029,2026-07-02 09:36:31.030,innodb_dblwr_pages_written,29293787,29293787,11409.068338,enabled
1782984991.029,2026-07-02 09:36:31.030,innodb_dblwr_writes,607167,607167,236.473686,enabled
1782984991.029,2026-07-02 09:36:31.030,innodb_page_size,16384,16384,0.000000,enabled
1782984991.029,2026-07-02 09:36:31.030,innodb_rwlock_sx_os_waits,0,0,0.000000,enabled
1782984991.029,2026-07-02 09:36:31.030,innodb_rwlock_sx_spin_rounds,0,0,0.000000,enabled
1782984991.029,2026-07-02 09:36:31.030,innodb_rwlock_sx_spin_waits,0,0,0.000000,enabled
1782984991.029,2026-07-02 09:36:31.030,innodb_rwlock_s_os_waits,0,0,0.000000,enabled
1782984991.029,2026-07-02 09:36:31.030,innodb_rwlock_s_spin_rounds,0,0,0.000000,enabled
1782984991.029,2026-07-02 09:36:31.030,innodb_rwlock_s_spin_waits,0,0,0.000000,enabled
1782984991.029,2026-07-02 09:36:31.030,innodb_rwlock_x_os_waits,0,0,0.000000,enabled
1782984991.029,2026-07-02 09:36:31.030,innodb_rwlock_x_spin_rounds,0,0,0.000000,enabled
1782984991.029,2026-07-02 09:36:31.030,innodb_rwlock_x_spin_waits,0,0,0.000000,enabled
1782984991.029,2026-07-02 09:36:31.030,lock_deadlocks,0,0,0.000000,enabled
1782984991.029,2026-07-02 09:36:31.030,lock_deadlock_false_positives,0,0,0.000000,enabled
1782984991.029,2026-07-02 09:36:31.030,lock_deadlock_rounds,2804,2804,1.092076,enabled
1782984991.029,2026-07-02 09:36:31.030,lock_rec_grant_attempts,425,425,0.165525,enabled
1782984991.029,2026-07-02 09:36:31.030,lock_rec_release_attempts,43403641,43403641,16904.444562,enabled
1782984991.029,2026-07-02 09:36:31.030,lock_row_lock_current_waits,0,0,0.000000,enabled
1782984991.029,2026-07-02 09:36:31.030,lock_row_lock_time,323,323,0.125799,enabled
1782984991.029,2026-07-02 09:36:31.030,lock_row_lock_time_avg,0,0,0.000000,enabled
1782984991.029,2026-07-02 09:36:31.030,lock_row_lock_time_max,29,29,0.000000,enabled
1782984991.029,2026-07-02 09:36:31.030,lock_row_lock_waits,425,425,0.165525,enabled
1782984991.029,2026-07-02 09:36:31.030,lock_schedule_refreshes,2804,2804,1.092076,enabled
1782984991.029,2026-07-02 09:36:31.030,lock_threads_waiting,0,0,0.000000,enabled
1782984991.029,2026-07-02 09:36:31.030,lock_timeouts,0,0,0.000000,enabled
1782984991.029,2026-07-02 09:36:31.030,log_waits,0,0,0.000000,enabled
1782984991.029,2026-07-02 09:36:31.030,log_writes,218280359,218280359,85013.783106,enabled
1782984991.029,2026-07-02 09:36:31.030,log_write_requests,427459680,427459680,166482.979562,enabled
1782984991.029,2026-07-02 09:36:31.030,os_data_fsyncs,63055744,63055744,24558.359368,enabled
1782984991.029,2026-07-02 09:36:31.030,os_data_reads,89342029,89342029,34796.094999,enabled
1782984991.029,2026-07-02 09:36:31.030,os_data_writes,248484788,248484788,96777.523170,enabled
1782984991.029,2026-07-02 09:36:31.030,os_log_bytes_written,136558440960,136558440960,53185499.822113,enabled
1782984991.029,2026-07-02 09:36:31.030,os_log_fsyncs,54975519,54975519,21411.349116,enabled
1782984991.029,2026-07-02 09:36:31.030,os_log_pending_fsyncs,1,1,0.000389,enabled
1782984991.029,2026-07-02 09:36:31.030,os_log_pending_writes,0,0,0.000000,enabled
1782984991.029,2026-07-02 09:36:31.030,trx_rseg_history_len,1208,1208,0.000000,enabled
1782984992.100,2026-07-02 09:36:32.101,adaptive_hash_searches,0,0,0.000000,enabled
1782984992.100,2026-07-02 09:36:32.101,adaptive_hash_searches_btree,637505826,637505826,248186.047383,enabled
1782984992.100,2026-07-02 09:36:32.101,buffer_data_reads,1459820202496,1459820202496,568319581.756055,enabled
1782984992.100,2026-07-02 09:36:32.101,buffer_data_written,654814620160,654814620160,254924524.363264,enabled
1782984992.100,2026-07-02 09:36:32.101,buffer_pages0_read,7,7,0.002725,enabled
1782984992.100,2026-07-02 09:36:32.101,buffer_pages_created,1822252,1822252,709.417163,enabled
1782984992.100,2026-07-02 09:36:32.101,buffer_pages_read,89351649,89351649,34785.305608,enabled
1782984992.100,2026-07-02 09:36:32.101,buffer_pages_written,29369440,29369440,11433.755961,enabled
1782984992.100,2026-07-02 09:36:32.101,buffer_pool_bytes_data,12852035584,12852035584,0.000000,enabled
1782984992.100,2026-07-02 09:36:32.101,buffer_pool_bytes_dirty,4659101696,4659101696,0.000000,enabled
1782984992.100,2026-07-02 09:36:32.101,buffer_pool_pages_data,784426,784426,0.000000,enabled
1782984992.100,2026-07-02 09:36:32.101,buffer_pool_pages_dirty,284369,284369,0.000000,enabled
1782984992.100,2026-07-02 09:36:32.101,buffer_pool_pages_flushed,29312347,29312347,0.000000,enabled
1782984992.100,2026-07-02 09:36:32.101,buffer_pool_pages_free,1911,1911,0.000000,enabled
1782984992.100,2026-07-02 09:36:32.101,buffer_pool_pages_lru_flushed,0,0,0.000000,enabled
1782984992.100,2026-07-02 09:36:32.101,buffer_pool_pages_misc,96,96,0.000000,enabled
1782984992.100,2026-07-02 09:36:32.101,buffer_pool_pages_total,786432,786432,0.000000,enabled
1782984992.100,2026-07-02 09:36:32.101,buffer_pool_reads,88440443,88440443,34430.567106,enabled
1782984992.100,2026-07-02 09:36:32.101,buffer_pool_read_ahead,803715,803715,312.892632,enabled
1782984992.100,2026-07-02 09:36:32.101,buffer_pool_read_ahead_evicted,25,25,0.009733,enabled
1782984992.100,2026-07-02 09:36:32.101,buffer_pool_read_requests,3076033580,3076033580,1197524.305144,enabled
1782984992.100,2026-07-02 09:36:32.101,buffer_pool_size,12884901888,12884901888,0.000000,enabled
1782984992.100,2026-07-02 09:36:32.101,buffer_pool_wait_free,18945,18945,7.375439,enabled
1782984992.100,2026-07-02 09:36:32.101,buffer_pool_write_requests,632051561,632051561,246062.692806,enabled
1782984992.100,2026-07-02 09:36:32.101,dml_deletes,14284673,14284673,5561.135763,enabled
1782984992.100,2026-07-02 09:36:32.101,dml_inserts,114170081,114170081,44447.312240,enabled
1782984992.100,2026-07-02 09:36:32.101,dml_system_deletes,468,468,0.182196,enabled
1782984992.100,2026-07-02 09:36:32.101,dml_system_inserts,1202,1202,0.467948,enabled
1782984992.100,2026-07-02 09:36:32.101,dml_system_reads,7661,7661,2.982488,enabled
1782984992.100,2026-07-02 09:36:32.101,dml_system_updates,620,620,0.241371,enabled
1782984992.100,2026-07-02 09:36:32.101,dml_updates,28569475,28569475,11122.321736,enabled
1782984992.100,2026-07-02 09:36:32.101,file_num_open_files,35,35,0.000000,enabled
1782984992.100,2026-07-02 09:36:32.101,ibuf_merges,0,0,0.000000,enabled
1782984992.100,2026-07-02 09:36:32.101,ibuf_merges_delete,0,0,0.000000,enabled
1782984992.100,2026-07-02 09:36:32.101,ibuf_merges_delete_mark,0,0,0.000000,enabled
1782984992.100,2026-07-02 09:36:32.101,ibuf_merges_discard_delete,0,0,0.000000,enabled
1782984992.100,2026-07-02 09:36:32.101,ibuf_merges_discard_delete_mark,0,0,0.000000,enabled
1782984992.100,2026-07-02 09:36:32.101,ibuf_merges_discard_insert,0,0,0.000000,enabled
1782984992.100,2026-07-02 09:36:32.101,ibuf_merges_insert,0,0,0.000000,enabled
1782984992.100,2026-07-02 09:36:32.101,ibuf_size,1,1,0.000389,enabled
1782984992.100,2026-07-02 09:36:32.101,innodb_activity_count,19320489,19320489,7521.618713,enabled
1782984992.100,2026-07-02 09:36:32.101,innodb_dblwr_pages_written,29309917,29309917,11410.581738,enabled
1782984992.100,2026-07-02 09:36:32.101,innodb_dblwr_writes,607536,607536,236.518554,enabled
1782984992.100,2026-07-02 09:36:32.101,innodb_page_size,16384,16384,0.000000,enabled
1782984992.100,2026-07-02 09:36:32.101,innodb_rwlock_sx_os_waits,0,0,0.000000,enabled
1782984992.100,2026-07-02 09:36:32.101,innodb_rwlock_sx_spin_rounds,0,0,0.000000,enabled
1782984992.100,2026-07-02 09:36:32.101,innodb_rwlock_sx_spin_waits,0,0,0.000000,enabled
1782984992.100,2026-07-02 09:36:32.101,innodb_rwlock_s_os_waits,0,0,0.000000,enabled
1782984992.100,2026-07-02 09:36:32.101,innodb_rwlock_s_spin_rounds,0,0,0.000000,enabled
1782984992.100,2026-07-02 09:36:32.101,innodb_rwlock_s_spin_waits,0,0,0.000000,enabled
1782984992.100,2026-07-02 09:36:32.101,innodb_rwlock_x_os_waits,0,0,0.000000,enabled
1782984992.100,2026-07-02 09:36:32.101,innodb_rwlock_x_spin_rounds,0,0,0.000000,enabled
1782984992.100,2026-07-02 09:36:32.101,innodb_rwlock_x_spin_waits,0,0,0.000000,enabled
1782984992.100,2026-07-02 09:36:32.101,lock_deadlocks,0,0,0.000000,enabled
1782984992.100,2026-07-02 09:36:32.101,lock_deadlock_false_positives,0,0,0.000000,enabled
1782984992.100,2026-07-02 09:36:32.101,lock_deadlock_rounds,2805,2805,1.092009,enabled
1782984992.100,2026-07-02 09:36:32.101,lock_rec_grant_attempts,425,425,0.165456,enabled
1782984992.100,2026-07-02 09:36:32.101,lock_rec_release_attempts,43418437,43418437,16903.142660,enabled
1782984992.100,2026-07-02 09:36:32.101,lock_row_lock_current_waits,0,0,0.000000,enabled
1782984992.100,2026-07-02 09:36:32.101,lock_row_lock_time,323,323,0.125746,enabled
1782984992.100,2026-07-02 09:36:32.101,lock_row_lock_time_avg,0,0,0.000000,enabled
1782984992.100,2026-07-02 09:36:32.101,lock_row_lock_time_max,29,29,0.000000,enabled
1782984992.100,2026-07-02 09:36:32.101,lock_row_lock_waits,425,425,0.165456,enabled
1782984992.100,2026-07-02 09:36:32.101,lock_schedule_refreshes,2805,2805,1.092009,enabled
1782984992.100,2026-07-02 09:36:32.101,lock_threads_waiting,0,0,0.000000,enabled
1782984992.100,2026-07-02 09:36:32.101,lock_timeouts,0,0,0.000000,enabled
1782984992.100,2026-07-02 09:36:32.101,log_waits,0,0,0.000000,enabled
1782984992.100,2026-07-02 09:36:32.101,log_writes,218360447,218360447,85009.446820,enabled
1782984992.100,2026-07-02 09:36:32.101,log_write_requests,427542355,427542355,166445.616004,enabled
1782984992.100,2026-07-02 09:36:32.101,os_data_fsyncs,63089940,63089940,24561.412650,enabled
1782984992.100,2026-07-02 09:36:32.101,os_data_reads,89399033,89399033,34803.750692,enabled
1782984992.100,2026-07-02 09:36:32.101,os_data_writes,248581337,248581337,96774.680702,enabled
1782984992.100,2026-07-02 09:36:32.101,os_log_bytes_written,136600291328,136600291328,53179573.761367,enabled
1782984992.100,2026-07-02 09:36:32.101,os_log_fsyncs,55004698,55004698,21413.763935,enabled
1782984992.100,2026-07-02 09:36:32.101,os_log_pending_fsyncs,0,0,0.000000,enabled
1782984992.100,2026-07-02 09:36:32.101,os_log_pending_writes,0,0,0.000000,enabled
1782984992.100,2026-07-02 09:36:32.101,trx_rseg_history_len,1219,1219,0.000000,enabled
1782984993.173,2026-07-02 09:36:33.174,adaptive_hash_searches,0,0,0.000000,enabled
1782984993.173,2026-07-02 09:36:33.174,adaptive_hash_searches_btree,637673708,637673708,248147.888716,enabled
1782984993.173,2026-07-02 09:36:33.174,buffer_data_reads,1460754450944,1460754450944,568446165.705742,enabled
1782984993.173,2026-07-02 09:36:33.174,buffer_data_written,655125915648,655125915648,254939366.633262,enabled
1782984993.173,2026-07-02 09:36:33.174,buffer_pages0_read,7,7,0.002724,enabled
1782984993.173,2026-07-02 09:36:33.174,buffer_pages_created,1822281,1822281,709.132636,enabled
1782984993.173,2026-07-02 09:36:33.174,buffer_pages_read,89408854,89408854,34793.062099,enabled
1782984993.173,2026-07-02 09:36:33.174,buffer_pages_written,29385512,29385512,11435.242720,enabled
1782984993.173,2026-07-02 09:36:33.174,buffer_pool_bytes_data,12852658176,12852658176,0.000000,enabled
1782984993.173,2026-07-02 09:36:33.174,buffer_pool_bytes_dirty,4663459840,4663459840,0.000000,enabled
1782984993.173,2026-07-02 09:36:33.174,buffer_pool_pages_data,784464,784464,0.000000,enabled
1782984993.173,2026-07-02 09:36:33.174,buffer_pool_pages_dirty,284635,284635,0.000000,enabled
1782984993.173,2026-07-02 09:36:33.174,buffer_pool_pages_flushed,29328442,29328442,0.000000,enabled
1782984993.173,2026-07-02 09:36:33.174,buffer_pool_pages_free,1872,1872,0.000000,enabled
1782984993.173,2026-07-02 09:36:33.174,buffer_pool_pages_lru_flushed,0,0,0.000000,enabled
1782984993.173,2026-07-02 09:36:33.174,buffer_pool_pages_misc,96,96,0.000000,enabled
1782984993.173,2026-07-02 09:36:33.174,buffer_pool_pages_total,786432,786432,0.000000,enabled
1782984993.173,2026-07-02 09:36:33.174,buffer_pool_reads,88497590,88497590,34438.448776,enabled
1782984993.173,2026-07-02 09:36:33.174,buffer_pool_read_ahead,803715,803715,312.762162,enabled
1782984993.173,2026-07-02 09:36:33.174,buffer_pool_read_ahead_evicted,25,25,0.009729,enabled
1782984993.173,2026-07-02 09:36:33.174,buffer_pool_read_requests,3076868736,3076868736,1197349.960432,enabled
1782984993.173,2026-07-02 09:36:33.174,buffer_pool_size,12884901888,12884901888,0.000000,enabled
1782984993.173,2026-07-02 09:36:33.174,buffer_pool_wait_free,18945,18945,7.372364,enabled
1782984993.173,2026-07-02 09:36:33.174,buffer_pool_write_requests,632166846,632166846,246004.952590,enabled
1782984993.173,2026-07-02 09:36:33.174,dml_deletes,14289533,14289533,5560.708103,enabled
1782984993.173,2026-07-02 09:36:33.174,dml_inserts,114174940,114174940,44430.669251,enabled
1782984993.173,2026-07-02 09:36:33.174,dml_system_deletes,468,468,0.182120,enabled
1782984993.173,2026-07-02 09:36:33.174,dml_system_inserts,1202,1202,0.467753,enabled
1782984993.173,2026-07-02 09:36:33.174,dml_system_reads,7661,7661,2.981244,enabled
1782984993.173,2026-07-02 09:36:33.174,dml_system_updates,620,620,0.241270,enabled
1782984993.173,2026-07-02 09:36:33.174,dml_updates,28579193,28579193,11121.465617,enabled
1782984993.173,2026-07-02 09:36:33.174,file_num_open_files,35,35,0.000000,enabled
1782984993.173,2026-07-02 09:36:33.174,ibuf_merges,0,0,0.000000,enabled
1782984993.173,2026-07-02 09:36:33.174,ibuf_merges_delete,0,0,0.000000,enabled
1782984993.173,2026-07-02 09:36:33.174,ibuf_merges_delete_mark,0,0,0.000000,enabled
1782984993.173,2026-07-02 09:36:33.174,ibuf_merges_discard_delete,0,0,0.000000,enabled
1782984993.173,2026-07-02 09:36:33.174,ibuf_merges_discard_delete_mark,0,0,0.000000,enabled
1782984993.173,2026-07-02 09:36:33.174,ibuf_merges_discard_insert,0,0,0.000000,enabled
1782984993.173,2026-07-02 09:36:33.174,ibuf_merges_insert,0,0,0.000000,enabled
1782984993.173,2026-07-02 09:36:33.174,ibuf_size,1,1,0.000389,enabled
1782984993.173,2026-07-02 09:36:33.174,innodb_activity_count,19326081,19326081,7520.658425,enabled
1782984993.173,2026-07-02 09:36:33.174,innodb_dblwr_pages_written,29326012,29326012,11412.087010,enabled
1782984993.173,2026-07-02 09:36:33.174,innodb_dblwr_writes,607863,607863,236.547180,enabled
1782984993.173,2026-07-02 09:36:33.174,innodb_page_size,16384,16384,0.000000,enabled
1782984993.173,2026-07-02 09:36:33.174,innodb_rwlock_sx_os_waits,0,0,0.000000,enabled
1782984993.173,2026-07-02 09:36:33.174,innodb_rwlock_sx_spin_rounds,0,0,0.000000,enabled
1782984993.173,2026-07-02 09:36:33.174,innodb_rwlock_sx_spin_waits,0,0,0.000000,enabled
1782984993.173,2026-07-02 09:36:33.174,innodb_rwlock_s_os_waits,0,0,0.000000,enabled
1782984993.173,2026-07-02 09:36:33.174,innodb_rwlock_s_spin_rounds,0,0,0.000000,enabled
1782984993.173,2026-07-02 09:36:33.174,innodb_rwlock_s_spin_waits,0,0,0.000000,enabled
1782984993.173,2026-07-02 09:36:33.174,innodb_rwlock_x_os_waits,0,0,0.000000,enabled
1782984993.173,2026-07-02 09:36:33.174,innodb_rwlock_x_spin_rounds,0,0,0.000000,enabled
1782984993.173,2026-07-02 09:36:33.174,innodb_rwlock_x_spin_waits,0,0,0.000000,enabled
1782984993.173,2026-07-02 09:36:33.174,lock_deadlocks,0,0,0.000000,enabled
1782984993.173,2026-07-02 09:36:33.174,lock_deadlock_false_positives,0,0,0.000000,enabled
1782984993.173,2026-07-02 09:36:33.174,lock_deadlock_rounds,2807,2807,1.092332,enabled
1782984993.173,2026-07-02 09:36:33.174,lock_rec_grant_attempts,425,425,0.165387,enabled
1782984993.173,2026-07-02 09:36:33.174,lock_rec_release_attempts,43433195,43433195,16901.837512,enabled
1782984993.173,2026-07-02 09:36:33.174,lock_row_lock_current_waits,0,0,0.000000,enabled
1782984993.173,2026-07-02 09:36:33.174,lock_row_lock_time,323,323,0.125694,enabled
1782984993.173,2026-07-02 09:36:33.174,lock_row_lock_time_avg,0,0,0.000000,enabled
1782984993.173,2026-07-02 09:36:33.174,lock_row_lock_time_max,29,29,0.000000,enabled
1782984993.173,2026-07-02 09:36:33.174,lock_row_lock_waits,425,425,0.165387,enabled
1782984993.173,2026-07-02 09:36:33.174,lock_schedule_refreshes,2807,2807,1.092332,enabled
1782984993.173,2026-07-02 09:36:33.174,lock_threads_waiting,0,0,0.000000,enabled
1782984993.173,2026-07-02 09:36:33.174,lock_timeouts,0,0,0.000000,enabled
1782984993.173,2026-07-02 09:36:33.174,log_waits,0,0,0.000000,enabled
1782984993.173,2026-07-02 09:36:33.174,log_writes,218441214,218441214,85005.429888,enabled
1782984993.173,2026-07-02 09:36:33.174,log_write_requests,427626126,427626126,166408.810998,enabled
1782984993.173,2026-07-02 09:36:33.174,os_data_fsyncs,63123493,63123493,24564.228109,enabled
1782984993.173,2026-07-02 09:36:33.174,os_data_reads,89456076,89456076,34811.436355,enabled
1782984993.173,2026-07-02 09:36:33.174,os_data_writes,248678373,248678373,96772.089017,enabled
1782984993.173,2026-07-02 09:36:33.174,os_log_bytes_written,136642312192,136642312192,53173751.332400,enabled
1782984993.173,2026-07-02 09:36:33.174,os_log_fsyncs,55033452,55033452,21416.024383,enabled
1782984993.173,2026-07-02 09:36:33.174,os_log_pending_fsyncs,0,0,0.000000,enabled
1782984993.173,2026-07-02 09:36:33.174,os_log_pending_writes,1,1,0.000389,enabled
1782984993.173,2026-07-02 09:36:33.174,trx_rseg_history_len,60,60,0.000000,enabled
1782984994.244,2026-07-02 09:36:34.245,adaptive_hash_searches,0,0,0.000000,enabled
1782984994.244,2026-07-02 09:36:34.245,adaptive_hash_searches_btree,637841294,637841294,248109.850685,enabled
1782984994.244,2026-07-02 09:36:34.245,buffer_data_reads,1461686028800,1461686028800,568572073.954286,enabled
1782984994.244,2026-07-02 09:36:34.245,buffer_data_written,655438276608,655438276608,254954821.141946,enabled
1782984994.244,2026-07-02 09:36:34.245,buffer_pages0_read,7,7,0.002723,enabled
1782984994.244,2026-07-02 09:36:34.245,buffer_pages_created,1822308,1822308,708.848157,enabled
1782984994.244,2026-07-02 09:36:34.245,buffer_pages_read,89465852,89465852,34800.760300,enabled
1782984994.244,2026-07-02 09:36:34.245,buffer_pages_written,29401673,29401673,11436.772300,enabled
1782984994.244,2026-07-02 09:36:34.245,buffer_pool_bytes_data,12854476800,12854476800,0.000000,enabled
1782984994.244,2026-07-02 09:36:34.245,buffer_pool_bytes_dirty,4664655872,4664655872,0.000000,enabled
1782984994.244,2026-07-02 09:36:34.245,buffer_pool_pages_data,784576,784576,0.000000,enabled
1782984994.244,2026-07-02 09:36:34.245,buffer_pool_pages_dirty,284708,284708,0.000000,enabled
1782984994.244,2026-07-02 09:36:34.245,buffer_pool_pages_flushed,29344603,29344603,0.000000,enabled
1782984994.244,2026-07-02 09:36:34.245,buffer_pool_pages_free,1759,1759,0.000000,enabled
1782984994.244,2026-07-02 09:36:34.245,buffer_pool_pages_lru_flushed,0,0,0.000000,enabled
1782984994.244,2026-07-02 09:36:34.245,buffer_pool_pages_misc,96,96,0.000000,enabled
1782984994.244,2026-07-02 09:36:34.245,buffer_pool_pages_total,786432,786432,0.000000,enabled
1782984994.244,2026-07-02 09:36:34.245,buffer_pool_reads,88554543,88554543,34446.277250,enabled
1782984994.244,2026-07-02 09:36:34.245,buffer_pool_read_ahead,803715,803715,312.632062,enabled
1782984994.244,2026-07-02 09:36:34.245,buffer_pool_read_ahead_evicted,25,25,0.009725,enabled
1782984994.244,2026-07-02 09:36:34.245,buffer_pool_read_requests,3077698877,3077698877,1197174.810211,enabled
1782984994.244,2026-07-02 09:36:34.245,buffer_pool_size,12884901888,12884901888,0.000000,enabled
1782984994.244,2026-07-02 09:36:34.245,buffer_pool_wait_free,18945,18945,7.369297,enabled
1782984994.244,2026-07-02 09:36:34.245,buffer_pool_write_requests,632279160,632279160,245946.310198,enabled
1782984994.244,2026-07-02 09:36:34.245,dml_deletes,14294384,14294384,5560.281865,enabled
1782984994.244,2026-07-02 09:36:34.245,dml_inserts,114179791,114179791,44414.073529,enabled
1782984994.244,2026-07-02 09:36:34.245,dml_system_deletes,468,468,0.182044,enabled
1782984994.244,2026-07-02 09:36:34.245,dml_system_inserts,1202,1202,0.467558,enabled
1782984994.244,2026-07-02 09:36:34.245,dml_system_reads,7661,7661,2.980004,enabled
1782984994.244,2026-07-02 09:36:34.245,dml_system_updates,620,620,0.241170,enabled
1782984994.244,2026-07-02 09:36:34.245,dml_updates,28588895,28588895,11120.613122,enabled
1782984994.244,2026-07-02 09:36:34.245,file_num_open_files,35,35,0.000000,enabled
1782984994.244,2026-07-02 09:36:34.245,ibuf_merges,0,0,0.000000,enabled
1782984994.244,2026-07-02 09:36:34.245,ibuf_merges_delete,0,0,0.000000,enabled
1782984994.244,2026-07-02 09:36:34.245,ibuf_merges_delete_mark,0,0,0.000000,enabled
1782984994.244,2026-07-02 09:36:34.245,ibuf_merges_discard_delete,0,0,0.000000,enabled
1782984994.244,2026-07-02 09:36:34.245,ibuf_merges_discard_delete_mark,0,0,0.000000,enabled
1782984994.244,2026-07-02 09:36:34.245,ibuf_merges_discard_insert,0,0,0.000000,enabled
1782984994.244,2026-07-02 09:36:34.245,ibuf_merges_insert,0,0,0.000000,enabled
1782984994.244,2026-07-02 09:36:34.245,ibuf_size,1,1,0.000389,enabled
1782984994.244,2026-07-02 09:36:34.245,innodb_activity_count,19331648,19331648,7519.695393,enabled
1782984994.244,2026-07-02 09:36:34.245,innodb_dblwr_pages_written,29342173,29342173,11413.626080,enabled
1782984994.244,2026-07-02 09:36:34.245,innodb_dblwr_writes,608217,608217,236.586480,enabled
1782984994.244,2026-07-02 09:36:34.245,innodb_page_size,16384,16384,0.000000,enabled
1782984994.244,2026-07-02 09:36:34.245,innodb_rwlock_sx_os_waits,0,0,0.000000,enabled
1782984994.244,2026-07-02 09:36:34.245,innodb_rwlock_sx_spin_rounds,0,0,0.000000,enabled
1782984994.244,2026-07-02 09:36:34.245,innodb_rwlock_sx_spin_waits,0,0,0.000000,enabled
1782984994.244,2026-07-02 09:36:34.245,innodb_rwlock_s_os_waits,0,0,0.000000,enabled
1782984994.244,2026-07-02 09:36:34.245,innodb_rwlock_s_spin_rounds,0,0,0.000000,enabled
1782984994.244,2026-07-02 09:36:34.245,innodb_rwlock_s_spin_waits,0,0,0.000000,enabled
1782984994.244,2026-07-02 09:36:34.245,innodb_rwlock_x_os_waits,0,0,0.000000,enabled
1782984994.244,2026-07-02 09:36:34.245,innodb_rwlock_x_spin_rounds,0,0,0.000000,enabled
1782984994.244,2026-07-02 09:36:34.245,innodb_rwlock_x_spin_waits,0,0,0.000000,enabled
1782984994.244,2026-07-02 09:36:34.245,lock_deadlocks,0,0,0.000000,enabled
1782984994.244,2026-07-02 09:36:34.245,lock_deadlock_false_positives,0,0,0.000000,enabled
1782984994.244,2026-07-02 09:36:34.245,lock_deadlock_rounds,2808,2808,1.092266,enabled
1782984994.244,2026-07-02 09:36:34.245,lock_rec_grant_attempts,425,425,0.165318,enabled
1782984994.244,2026-07-02 09:36:34.245,lock_rec_release_attempts,43447947,43447947,16900.545056,enabled
1782984994.244,2026-07-02 09:36:34.245,lock_row_lock_current_waits,0,0,0.000000,enabled
1782984994.244,2026-07-02 09:36:34.245,lock_row_lock_time,323,323,0.125642,enabled
1782984994.244,2026-07-02 09:36:34.245,lock_row_lock_time_avg,0,0,0.000000,enabled
1782984994.244,2026-07-02 09:36:34.245,lock_row_lock_time_max,29,29,0.000000,enabled
1782984994.244,2026-07-02 09:36:34.245,lock_row_lock_waits,425,425,0.165318,enabled
1782984994.244,2026-07-02 09:36:34.245,lock_schedule_refreshes,2808,2808,1.092266,enabled
1782984994.244,2026-07-02 09:36:34.245,lock_threads_waiting,0,0,0.000000,enabled
1782984994.244,2026-07-02 09:36:34.245,lock_timeouts,0,0,0.000000,enabled
1782984994.244,2026-07-02 09:36:34.245,log_waits,0,0,0.000000,enabled
1782984994.244,2026-07-02 09:36:34.245,log_writes,218520668,218520668,85000.975259,enabled
1782984994.244,2026-07-02 09:36:34.245,log_write_requests,427708478,427708478,166371.621146,enabled
1782984994.244,2026-07-02 09:36:34.245,os_data_fsyncs,63157367,63157367,24567.186261,enabled
1782984994.244,2026-07-02 09:36:34.245,os_data_reads,89512913,89512913,34819.064088,enabled
1782984994.244,2026-07-02 09:36:34.245,os_data_writes,248774250,248774250,96769.128141,enabled
1782984994.244,2026-07-02 09:36:34.245,os_log_bytes_written,136683745792,136683745792,53167748.983477,enabled
1782984994.244,2026-07-02 09:36:34.245,os_log_fsyncs,55062284,55062284,21418.330868,enabled
1782984994.244,2026-07-02 09:36:34.245,os_log_pending_fsyncs,1,1,0.000389,enabled
1782984994.244,2026-07-02 09:36:34.245,os_log_pending_writes,0,0,0.000000,enabled
1782984994.244,2026-07-02 09:36:34.245,trx_rseg_history_len,97,97,0.000000,enabled
1782984995.314,2026-07-02 09:36:35.315,adaptive_hash_searches,0,0,0.000000,enabled
1782984995.314,2026-07-02 09:36:35.315,adaptive_hash_searches_btree,638009899,638009899,248071.962339,enabled
1782984995.314,2026-07-02 09:36:35.315,buffer_data_reads,1462622636544,1462622636544,568699180.334847,enabled
1782984995.314,2026-07-02 09:36:35.315,buffer_data_written,655748188672,655748188672,254969017.833375,enabled
1782984995.314,2026-07-02 09:36:35.315,buffer_pages0_read,7,7,0.002722,enabled
1782984995.314,2026-07-02 09:36:35.315,buffer_pages_created,1822335,1822335,708.563100,enabled
1782984995.314,2026-07-02 09:36:35.315,buffer_pages_read,89523150,89523150,34808.528770,enabled
1782984995.314,2026-07-02 09:36:35.315,buffer_pages_written,29417733,29417733,11438.248194,enabled
1782984995.314,2026-07-02 09:36:35.315,buffer_pool_bytes_data,12852150272,12852150272,0.000000,enabled
1782984995.314,2026-07-02 09:36:35.315,buffer_pool_bytes_dirty,4669472768,4669472768,0.000000,enabled
1782984995.314,2026-07-02 09:36:35.315,buffer_pool_pages_data,784433,784433,0.000000,enabled
1782984995.314,2026-07-02 09:36:35.315,buffer_pool_pages_dirty,285002,285002,0.000000,enabled
1782984995.314,2026-07-02 09:36:35.315,buffer_pool_pages_flushed,29360663,29360663,0.000000,enabled
1782984995.314,2026-07-02 09:36:35.315,buffer_pool_pages_free,1902,1902,0.000000,enabled
1782984995.314,2026-07-02 09:36:35.315,buffer_pool_pages_lru_flushed,0,0,0.000000,enabled
1782984995.314,2026-07-02 09:36:35.315,buffer_pool_pages_misc,96,96,0.000000,enabled
1782984995.314,2026-07-02 09:36:35.315,buffer_pool_pages_total,786432,786432,0.000000,enabled
1782984995.314,2026-07-02 09:36:35.315,buffer_pool_reads,88611780,88611780,34454.169577,enabled
1782984995.314,2026-07-02 09:36:35.315,buffer_pool_read_ahead,803715,803715,312.501709,enabled
1782984995.314,2026-07-02 09:36:35.315,buffer_pool_read_ahead_evicted,25,25,0.009721,enabled
1782984995.314,2026-07-02 09:36:35.315,buffer_pool_read_requests,3078533351,3078533351,1197000.100951,enabled
1782984995.314,2026-07-02 09:36:35.315,buffer_pool_size,12884901888,12884901888,0.000000,enabled
1782984995.314,2026-07-02 09:36:35.315,buffer_pool_wait_free,18945,18945,7.366224,enabled
1782984995.314,2026-07-02 09:36:35.315,buffer_pool_write_requests,632392059,632392059,245887.658708,enabled
1782984995.314,2026-07-02 09:36:35.315,dml_deletes,14299258,14299258,5559.858731,enabled
1782984995.314,2026-07-02 09:36:35.315,dml_inserts,114184665,114184665,44397.451053,enabled
1782984995.314,2026-07-02 09:36:35.315,dml_system_deletes,468,468,0.181968,enabled
1782984995.314,2026-07-02 09:36:35.315,dml_system_inserts,1202,1202,0.467363,enabled
1782984995.314,2026-07-02 09:36:35.315,dml_system_reads,7661,7661,2.978761,enabled
1782984995.314,2026-07-02 09:36:35.315,dml_system_updates,620,620,0.241069,enabled
1782984995.314,2026-07-02 09:36:35.315,dml_updates,28598642,28598642,11119.766442,enabled
1782984995.314,2026-07-02 09:36:35.315,file_num_open_files,35,35,0.000000,enabled
1782984995.314,2026-07-02 09:36:35.315,ibuf_merges,0,0,0.000000,enabled
1782984995.314,2026-07-02 09:36:35.315,ibuf_merges_delete,0,0,0.000000,enabled
1782984995.314,2026-07-02 09:36:35.315,ibuf_merges_delete_mark,0,0,0.000000,enabled
1782984995.314,2026-07-02 09:36:35.315,ibuf_merges_discard_delete,0,0,0.000000,enabled
1782984995.314,2026-07-02 09:36:35.315,ibuf_merges_discard_delete_mark,0,0,0.000000,enabled
1782984995.314,2026-07-02 09:36:35.315,ibuf_merges_discard_insert,0,0,0.000000,enabled
1782984995.314,2026-07-02 09:36:35.315,ibuf_merges_insert,0,0,0.000000,enabled
1782984995.314,2026-07-02 09:36:35.315,ibuf_size,1,1,0.000389,enabled
1782984995.314,2026-07-02 09:36:35.315,innodb_activity_count,19337251,19337251,7518.738753,enabled
1782984995.314,2026-07-02 09:36:35.315,innodb_dblwr_pages_written,29358233,29358233,11415.111843,enabled
1782984995.314,2026-07-02 09:36:35.315,innodb_dblwr_writes,608593,608593,236.634036,enabled
1782984995.314,2026-07-02 09:36:35.315,innodb_page_size,16384,16384,0.000000,enabled
1782984995.314,2026-07-02 09:36:35.315,innodb_rwlock_sx_os_waits,0,0,0.000000,enabled
1782984995.314,2026-07-02 09:36:35.315,innodb_rwlock_sx_spin_rounds,0,0,0.000000,enabled
1782984995.314,2026-07-02 09:36:35.315,innodb_rwlock_sx_spin_waits,0,0,0.000000,enabled
1782984995.314,2026-07-02 09:36:35.315,innodb_rwlock_s_os_waits,0,0,0.000000,enabled
1782984995.314,2026-07-02 09:36:35.315,innodb_rwlock_s_spin_rounds,0,0,0.000000,enabled
1782984995.314,2026-07-02 09:36:35.315,innodb_rwlock_s_spin_waits,0,0,0.000000,enabled
1782984995.314,2026-07-02 09:36:35.315,innodb_rwlock_x_os_waits,0,0,0.000000,enabled
1782984995.314,2026-07-02 09:36:35.315,innodb_rwlock_x_spin_rounds,0,0,0.000000,enabled
1782984995.314,2026-07-02 09:36:35.315,innodb_rwlock_x_spin_waits,0,0,0.000000,enabled
1782984995.314,2026-07-02 09:36:35.315,lock_deadlocks,0,0,0.000000,enabled
1782984995.314,2026-07-02 09:36:35.315,lock_deadlock_false_positives,0,0,0.000000,enabled
1782984995.314,2026-07-02 09:36:35.315,lock_deadlock_rounds,2809,2809,1.092200,enabled
1782984995.314,2026-07-02 09:36:35.315,lock_rec_grant_attempts,425,425,0.165249,enabled
1782984995.314,2026-07-02 09:36:35.315,lock_rec_release_attempts,43462769,43462769,16899.261354,enabled
1782984995.314,2026-07-02 09:36:35.315,lock_row_lock_current_waits,0,0,0.000000,enabled
1782984995.314,2026-07-02 09:36:35.315,lock_row_lock_time,323,323,0.125589,enabled
1782984995.314,2026-07-02 09:36:35.315,lock_row_lock_time_avg,0,0,0.000000,enabled
1782984995.314,2026-07-02 09:36:35.315,lock_row_lock_time_max,29,29,0.000000,enabled
1782984995.314,2026-07-02 09:36:35.315,lock_row_lock_waits,425,425,0.165249,enabled
1782984995.314,2026-07-02 09:36:35.315,lock_schedule_refreshes,2809,2809,1.092200,enabled
1782984995.314,2026-07-02 09:36:35.315,lock_threads_waiting,0,0,0.000000,enabled
1782984995.314,2026-07-02 09:36:35.315,lock_timeouts,0,0,0.000000,enabled
1782984995.314,2026-07-02 09:36:35.315,log_waits,0,0,0.000000,enabled
1782984995.314,2026-07-02 09:36:35.315,log_writes,218598833,218598833,84995.927131,enabled
1782984995.314,2026-07-02 09:36:35.315,log_write_requests,427791319,427791319,166334.464363,enabled
1782984995.314,2026-07-02 09:36:35.315,os_data_fsyncs,63190693,63190693,24569.900987,enabled
1782984995.314,2026-07-02 09:36:35.315,os_data_reads,89570074,89570074,34826.771921,enabled
1782984995.314,2026-07-02 09:36:35.315,os_data_writes,248868758,248868758,96765.527590,enabled
1782984995.314,2026-07-02 09:36:35.315,os_log_bytes_written,136724493312,136724493312,53161424.539957,enabled
1782984995.314,2026-07-02 09:36:35.315,os_log_fsyncs,55090600,55090600,21420.410502,enabled
1782984995.314,2026-07-02 09:36:35.315,os_log_pending_fsyncs,0,0,0.000000,enabled
1782984995.314,2026-07-02 09:36:35.315,os_log_pending_writes,0,0,0.000000,enabled
1782984995.314,2026-07-02 09:36:35.315,trx_rseg_history_len,150,150,0.000000,enabled
1782984996.386,2026-07-02 09:36:36.387,adaptive_hash_searches,0,0,0.000000,enabled
1782984996.386,2026-07-02 09:36:36.387,adaptive_hash_searches_btree,638176128,638176128,248033.408263,enabled
1782984996.386,2026-07-02 09:36:36.387,buffer_data_reads,1463542680064,1463542680064,568820276.268824,enabled
1782984996.386,2026-07-02 09:36:36.387,buffer_data_written,656075556352,656075556352,254990226.153524,enabled
1782984996.386,2026-07-02 09:36:36.387,buffer_pages0_read,7,7,0.002721,enabled
1782984996.386,2026-07-02 09:36:36.387,buffer_pages_created,1822374,1822374,708.283608,enabled
1782984996.386,2026-07-02 09:36:36.387,buffer_pages_read,89579474,89579474,34815.944846,enabled
1782984996.386,2026-07-02 09:36:36.387,buffer_pages_written,29434497,29434497,11440.007194,enabled
1782984996.386,2026-07-02 09:36:36.387,buffer_pool_bytes_data,12846350336,12846350336,0.000000,enabled
1782984996.386,2026-07-02 09:36:36.387,buffer_pool_bytes_dirty,4660150272,4660150272,0.000000,enabled
1782984996.386,2026-07-02 09:36:36.387,buffer_pool_pages_data,784079,784079,0.000000,enabled
1782984996.386,2026-07-02 09:36:36.387,buffer_pool_pages_dirty,284433,284433,0.000000,enabled
1782984996.386,2026-07-02 09:36:36.387,buffer_pool_pages_flushed,29376584,29376584,0.000000,enabled
1782984996.386,2026-07-02 09:36:36.387,buffer_pool_pages_free,2257,2257,0.000000,enabled
1782984996.386,2026-07-02 09:36:36.387,buffer_pool_pages_lru_flushed,0,0,0.000000,enabled
1782984996.386,2026-07-02 09:36:36.387,buffer_pool_pages_misc,96,96,0.000000,enabled
1782984996.386,2026-07-02 09:36:36.387,buffer_pool_pages_total,786432,786432,0.000000,enabled
1782984996.386,2026-07-02 09:36:36.387,buffer_pool_reads,88668055,88668055,34461.713908,enabled
1782984996.386,2026-07-02 09:36:36.387,buffer_pool_read_ahead,803715,803715,312.371757,enabled
1782984996.386,2026-07-02 09:36:36.387,buffer_pool_read_ahead_evicted,25,25,0.009716,enabled
1782984996.386,2026-07-02 09:36:36.387,buffer_pool_read_requests,3079356282,3079356282,1196822.178732,enabled
1782984996.386,2026-07-02 09:36:36.387,buffer_pool_size,12884901888,12884901888,0.000000,enabled
1782984996.386,2026-07-02 09:36:36.387,buffer_pool_wait_free,18945,18945,7.363161,enabled
1782984996.386,2026-07-02 09:36:36.387,buffer_pool_write_requests,632503522,632503522,245828.729610,enabled
1782984996.386,2026-07-02 09:36:36.387,dml_deletes,14304066,14304066,5559.415348,enabled
1782984996.386,2026-07-02 09:36:36.387,dml_inserts,114189471,114189471,44380.856336,enabled
1782984996.386,2026-07-02 09:36:36.387,dml_system_deletes,468,468,0.181893,enabled
1782984996.386,2026-07-02 09:36:36.387,dml_system_inserts,1202,1202,0.467169,enabled
1782984996.386,2026-07-02 09:36:36.387,dml_system_reads,7661,7661,2.977523,enabled
1782984996.386,2026-07-02 09:36:36.387,dml_system_updates,620,620,0.240969,enabled
1782984996.386,2026-07-02 09:36:36.387,dml_updates,28608261,28608261,11118.880825,enabled
1782984996.386,2026-07-02 09:36:36.387,file_num_open_files,35,35,0.000000,enabled
1782984996.386,2026-07-02 09:36:36.387,ibuf_merges,0,0,0.000000,enabled
1782984996.386,2026-07-02 09:36:36.387,ibuf_merges_delete,0,0,0.000000,enabled
1782984996.386,2026-07-02 09:36:36.387,ibuf_merges_delete_mark,0,0,0.000000,enabled
1782984996.386,2026-07-02 09:36:36.387,ibuf_merges_discard_delete,0,0,0.000000,enabled
1782984996.386,2026-07-02 09:36:36.387,ibuf_merges_discard_delete_mark,0,0,0.000000,enabled
1782984996.386,2026-07-02 09:36:36.387,ibuf_merges_discard_insert,0,0,0.000000,enabled
1782984996.386,2026-07-02 09:36:36.387,ibuf_merges_insert,0,0,0.000000,enabled
1782984996.386,2026-07-02 09:36:36.387,ibuf_size,1,1,0.000389,enabled
1782984996.386,2026-07-02 09:36:36.387,innodb_activity_count,19342773,19342773,7517.758271,enabled
1782984996.386,2026-07-02 09:36:36.387,innodb_dblwr_pages_written,29374154,29374154,11416.552734,enabled
1782984996.386,2026-07-02 09:36:36.387,innodb_dblwr_writes,608966,608966,236.680602,enabled
1782984996.386,2026-07-02 09:36:36.387,innodb_page_size,16384,16384,0.000000,enabled
1782984996.386,2026-07-02 09:36:36.387,innodb_rwlock_sx_os_waits,0,0,0.000000,enabled
1782984996.386,2026-07-02 09:36:36.387,innodb_rwlock_sx_spin_rounds,0,0,0.000000,enabled
1782984996.386,2026-07-02 09:36:36.387,innodb_rwlock_sx_spin_waits,0,0,0.000000,enabled
1782984996.386,2026-07-02 09:36:36.387,innodb_rwlock_s_os_waits,0,0,0.000000,enabled
1782984996.386,2026-07-02 09:36:36.387,innodb_rwlock_s_spin_rounds,0,0,0.000000,enabled
1782984996.386,2026-07-02 09:36:36.387,innodb_rwlock_s_spin_waits,0,0,0.000000,enabled
1782984996.386,2026-07-02 09:36:36.387,innodb_rwlock_x_os_waits,0,0,0.000000,enabled
1782984996.386,2026-07-02 09:36:36.387,innodb_rwlock_x_spin_rounds,0,0,0.000000,enabled
1782984996.386,2026-07-02 09:36:36.387,innodb_rwlock_x_spin_waits,0,0,0.000000,enabled
1782984996.386,2026-07-02 09:36:36.387,lock_deadlocks,0,0,0.000000,enabled
1782984996.386,2026-07-02 09:36:36.387,lock_deadlock_false_positives,0,0,0.000000,enabled
1782984996.386,2026-07-02 09:36:36.387,lock_deadlock_rounds,2810,2810,1.092134,enabled
1782984996.386,2026-07-02 09:36:36.387,lock_rec_grant_attempts,425,425,0.165180,enabled
1782984996.386,2026-07-02 09:36:36.387,lock_rec_release_attempts,43477379,43477379,16897.912235,enabled
1782984996.386,2026-07-02 09:36:36.387,lock_row_lock_current_waits,0,0,0.000000,enabled
1782984996.386,2026-07-02 09:36:36.387,lock_row_lock_time,323,323,0.125537,enabled
1782984996.386,2026-07-02 09:36:36.387,lock_row_lock_time_avg,0,0,0.000000,enabled
1782984996.386,2026-07-02 09:36:36.387,lock_row_lock_time_max,29,29,0.000000,enabled
1782984996.386,2026-07-02 09:36:36.387,lock_row_lock_waits,425,425,0.165180,enabled
1782984996.386,2026-07-02 09:36:36.387,lock_schedule_refreshes,2810,2810,1.092134,enabled
1782984996.386,2026-07-02 09:36:36.387,lock_threads_waiting,0,0,0.000000,enabled
1782984996.386,2026-07-02 09:36:36.387,lock_timeouts,0,0,0.000000,enabled
1782984996.386,2026-07-02 09:36:36.387,log_waits,0,0,0.000000,enabled
1782984996.386,2026-07-02 09:36:36.387,log_writes,218677224,218677224,84991.049358,enabled
1782984996.386,2026-07-02 09:36:36.387,log_write_requests,427873102,427873102,166297.080663,enabled
1782984996.386,2026-07-02 09:36:36.387,os_data_fsyncs,63223677,63223677,24572.503293,enabled
1782984996.386,2026-07-02 09:36:36.387,os_data_reads,89626227,89626227,34834.113823,enabled
1782984996.386,2026-07-02 09:36:36.387,os_data_writes,248964224,248964224,96762.392005,enabled
1782984996.386,2026-07-02 09:36:36.387,os_log_bytes_written,136765386240,136765386240,53155211.081878,enabled
1782984996.386,2026-07-02 09:36:36.387,os_log_fsyncs,55118834,55118834,21422.476360,enabled
1782984996.386,2026-07-02 09:36:36.387,os_log_pending_fsyncs,1,1,0.000389,enabled
1782984996.386,2026-07-02 09:36:36.387,os_log_pending_writes,0,0,0.000000,enabled
1782984996.386,2026-07-02 09:36:36.387,trx_rseg_history_len,141,141,0.000000,enabled
1782984997.456,2026-07-02 09:36:37.457,adaptive_hash_searches,0,0,0.000000,enabled
1782984997.456,2026-07-02 09:36:37.457,adaptive_hash_searches_btree,638341119,638341119,247994.286570,enabled
1782984997.456,2026-07-02 09:36:37.457,buffer_data_reads,1464458971648,1464458971648,568939539.544375,enabled
1782984997.456,2026-07-02 09:36:37.457,buffer_data_written,656424455680,656424455680,255019658.806660,enabled
1782984997.456,2026-07-02 09:36:37.457,buffer_pages0_read,7,7,0.002719,enabled
1782984997.456,2026-07-02 09:36:37.457,buffer_pages_created,1822418,1822418,708.005950,enabled
1782984997.456,2026-07-02 09:36:37.457,buffer_pages_read,89635557,89635557,34823.244347,enabled
1782984997.456,2026-07-02 09:36:37.457,buffer_pages_written,29453312,29453312,11442.556032,enabled
1782984997.456,2026-07-02 09:36:37.457,buffer_pool_bytes_data,12850446336,12850446336,0.000000,enabled
1782984997.456,2026-07-02 09:36:37.457,buffer_pool_bytes_dirty,4614668288,4614668288,0.000000,enabled
1782984997.456,2026-07-02 09:36:37.457,buffer_pool_pages_data,784329,784329,0.000000,enabled
1782984997.456,2026-07-02 09:36:37.457,buffer_pool_pages_dirty,281657,281657,0.000000,enabled
1782984997.456,2026-07-02 09:36:37.457,buffer_pool_pages_flushed,29396243,29396243,0.000000,enabled
1782984997.456,2026-07-02 09:36:37.457,buffer_pool_pages_free,2007,2007,0.000000,enabled
1782984997.456,2026-07-02 09:36:37.457,buffer_pool_pages_lru_flushed,0,0,0.000000,enabled
1782984997.456,2026-07-02 09:36:37.457,buffer_pool_pages_misc,96,96,0.000000,enabled
1782984997.456,2026-07-02 09:36:37.457,buffer_pool_pages_total,786432,786432,0.000000,enabled
1782984997.456,2026-07-02 09:36:37.457,buffer_pool_reads,88724075,88724075,34469.136322,enabled
1782984997.456,2026-07-02 09:36:37.457,buffer_pool_read_ahead,803715,803715,312.241764,enabled
1782984997.456,2026-07-02 09:36:37.457,buffer_pool_read_ahead_evicted,25,25,0.009712,enabled
1782984997.456,2026-07-02 09:36:37.457,buffer_pool_read_requests,3080173985,3080173985,1196641.796538,enabled
1782984997.456,2026-07-02 09:36:37.457,buffer_pool_size,12884901888,12884901888,0.000000,enabled
1782984997.456,2026-07-02 09:36:37.457,buffer_pool_wait_free,18945,18945,7.360097,enabled
1782984997.456,2026-07-02 09:36:37.457,buffer_pool_write_requests,632614479,632614479,245769.534412,enabled
1782984997.456,2026-07-02 09:36:37.457,dml_deletes,14308835,14308835,5558.954485,enabled
1782984997.456,2026-07-02 09:36:37.457,dml_inserts,114194241,114194241,44364.239902,enabled
1782984997.456,2026-07-02 09:36:37.457,dml_system_deletes,468,468,0.181817,enabled
1782984997.456,2026-07-02 09:36:37.457,dml_system_inserts,1202,1202,0.466975,enabled
1782984997.456,2026-07-02 09:36:37.457,dml_system_reads,7661,7661,2.976284,enabled
1782984997.456,2026-07-02 09:36:37.457,dml_system_updates,620,620,0.240869,enabled
1782984997.456,2026-07-02 09:36:37.457,dml_updates,28617800,28617800,11117.959464,enabled
1782984997.456,2026-07-02 09:36:37.457,file_num_open_files,35,35,0.000000,enabled
1782984997.456,2026-07-02 09:36:37.457,ibuf_merges,0,0,0.000000,enabled
1782984997.456,2026-07-02 09:36:37.457,ibuf_merges_delete,0,0,0.000000,enabled
1782984997.456,2026-07-02 09:36:37.457,ibuf_merges_delete_mark,0,0,0.000000,enabled
1782984997.456,2026-07-02 09:36:37.457,ibuf_merges_discard_delete,0,0,0.000000,enabled
1782984997.456,2026-07-02 09:36:37.457,ibuf_merges_discard_delete_mark,0,0,0.000000,enabled
1782984997.456,2026-07-02 09:36:37.457,ibuf_merges_discard_insert,0,0,0.000000,enabled
1782984997.456,2026-07-02 09:36:37.457,ibuf_merges_insert,0,0,0.000000,enabled
1782984997.456,2026-07-02 09:36:37.457,ibuf_size,1,1,0.000388,enabled
1782984997.456,2026-07-02 09:36:37.457,innodb_activity_count,19348256,19348256,7516.759837,enabled
1782984997.456,2026-07-02 09:36:37.457,innodb_dblwr_pages_written,29393813,29393813,11419.439120,enabled
1782984997.456,2026-07-02 09:36:37.457,innodb_dblwr_writes,609315,609315,236.717691,enabled
1782984997.456,2026-07-02 09:36:37.457,innodb_page_size,16384,16384,0.000000,enabled
1782984997.456,2026-07-02 09:36:37.457,innodb_rwlock_sx_os_waits,0,0,0.000000,enabled
1782984997.456,2026-07-02 09:36:37.457,innodb_rwlock_sx_spin_rounds,0,0,0.000000,enabled
1782984997.456,2026-07-02 09:36:37.457,innodb_rwlock_sx_spin_waits,0,0,0.000000,enabled
1782984997.456,2026-07-02 09:36:37.457,innodb_rwlock_s_os_waits,0,0,0.000000,enabled
1782984997.456,2026-07-02 09:36:37.457,innodb_rwlock_s_spin_rounds,0,0,0.000000,enabled
1782984997.456,2026-07-02 09:36:37.457,innodb_rwlock_s_spin_waits,0,0,0.000000,enabled
1782984997.456,2026-07-02 09:36:37.457,innodb_rwlock_x_os_waits,0,0,0.000000,enabled
1782984997.456,2026-07-02 09:36:37.457,innodb_rwlock_x_spin_rounds,0,0,0.000000,enabled
1782984997.456,2026-07-02 09:36:37.457,innodb_rwlock_x_spin_waits,0,0,0.000000,enabled
1782984997.456,2026-07-02 09:36:37.457,lock_deadlocks,0,0,0.000000,enabled
1782984997.456,2026-07-02 09:36:37.457,lock_deadlock_false_positives,0,0,0.000000,enabled
1782984997.456,2026-07-02 09:36:37.457,lock_deadlock_rounds,2811,2811,1.092068,enabled
1782984997.456,2026-07-02 09:36:37.457,lock_rec_grant_attempts,425,425,0.165112,enabled
1782984997.456,2026-07-02 09:36:37.457,lock_rec_release_attempts,43491906,43491906,16896.523888,enabled
1782984997.456,2026-07-02 09:36:37.457,lock_row_lock_current_waits,0,0,0.000000,enabled
1782984997.456,2026-07-02 09:36:37.457,lock_row_lock_time,323,323,0.125485,enabled
1782984997.456,2026-07-02 09:36:37.457,lock_row_lock_time_avg,0,0,0.000000,enabled
1782984997.456,2026-07-02 09:36:37.457,lock_row_lock_time_max,29,29,0.000000,enabled
1782984997.456,2026-07-02 09:36:37.457,lock_row_lock_waits,425,425,0.165112,enabled
1782984997.456,2026-07-02 09:36:37.457,lock_schedule_refreshes,2811,2811,1.092068,enabled
1782984997.456,2026-07-02 09:36:37.457,lock_threads_waiting,0,0,0.000000,enabled
1782984997.456,2026-07-02 09:36:37.457,lock_timeouts,0,0,0.000000,enabled
1782984997.456,2026-07-02 09:36:37.457,log_waits,0,0,0.000000,enabled
1782984997.456,2026-07-02 09:36:37.457,log_writes,218755138,218755138,84985.949399,enabled
1782984997.456,2026-07-02 09:36:37.457,log_write_requests,427954279,427954279,166259.412493,enabled
1782984997.456,2026-07-02 09:36:37.457,os_data_fsyncs,63257086,63257086,24575.256707,enabled
1782984997.456,2026-07-02 09:36:37.457,os_data_reads,89682148,89682148,34841.342707,enabled
1782984997.456,2026-07-02 09:36:37.457,os_data_writes,249061173,249061173,96759.788561,enabled
1782984997.456,2026-07-02 09:36:37.457,os_log_bytes_written,136806010880,136806010880,53148873.000753,enabled
1782984997.456,2026-07-02 09:36:37.457,os_log_fsyncs,55147026,55147026,21424.513880,enabled
1782984997.456,2026-07-02 09:36:37.457,os_log_pending_fsyncs,0,0,0.000000,enabled
1782984997.456,2026-07-02 09:36:37.457,os_log_pending_writes,0,0,0.000000,enabled
1782984997.456,2026-07-02 09:36:37.457,trx_rseg_history_len,73,73,0.000000,enabled
1782984998.527,2026-07-02 09:36:38.528,adaptive_hash_searches,0,0,0.000000,enabled
1782984998.527,2026-07-02 09:36:38.528,adaptive_hash_searches_btree,638505321,638505321,247954.832537,enabled
1782984998.527,2026-07-02 09:36:38.528,buffer_data_reads,1465375705600,1465375705600,569058724.930964,enabled
1782984998.527,2026-07-02 09:36:38.528,buffer_data_written,656731476992,656731476992,255032736.840134,enabled
1782984998.527,2026-07-02 09:36:38.528,buffer_pages0_read,7,7,0.002718,enabled
1782984998.527,2026-07-02 09:36:38.528,buffer_pages_created,1822443,1822443,707.720958,enabled
1782984998.527,2026-07-02 09:36:38.528,buffer_pages_read,89691657,89691657,34830.535173,enabled
1782984998.527,2026-07-02 09:36:38.528,buffer_pages_written,29469248,29469248,11443.981707,enabled
1782984998.527,2026-07-02 09:36:38.528,buffer_pool_bytes_data,12851085312,12851085312,0.000000,enabled
1782984998.527,2026-07-02 09:36:38.528,buffer_pool_bytes_dirty,4612669440,4612669440,0.000000,enabled
1782984998.527,2026-07-02 09:36:38.528,buffer_pool_pages_data,784368,784368,0.000000,enabled
1782984998.527,2026-07-02 09:36:38.528,buffer_pool_pages_dirty,281535,281535,0.000000,enabled
1782984998.527,2026-07-02 09:36:38.528,buffer_pool_pages_flushed,29412120,29412120,0.000000,enabled
1782984998.527,2026-07-02 09:36:38.528,buffer_pool_pages_free,1968,1968,0.000000,enabled
1782984998.527,2026-07-02 09:36:38.528,buffer_pool_pages_lru_flushed,0,0,0.000000,enabled
1782984998.527,2026-07-02 09:36:38.528,buffer_pool_pages_misc,96,96,0.000000,enabled
1782984998.527,2026-07-02 09:36:38.528,buffer_pool_pages_total,786432,786432,0.000000,enabled
1782984998.527,2026-07-02 09:36:38.528,buffer_pool_reads,88780101,88780101,34476.545863,enabled
1782984998.527,2026-07-02 09:36:38.528,buffer_pool_read_ahead,803715,803715,312.111796,enabled
1782984998.527,2026-07-02 09:36:38.528,buffer_pool_read_ahead_evicted,25,25,0.009708,enabled
1782984998.527,2026-07-02 09:36:38.528,buffer_pool_read_requests,3080984568,3080984568,1196458.486091,enabled
1782984998.527,2026-07-02 09:36:38.528,buffer_pool_size,12884901888,12884901888,0.000000,enabled
1782984998.527,2026-07-02 09:36:38.528,buffer_pool_wait_free,18945,18945,7.357033,enabled
1782984998.527,2026-07-02 09:36:38.528,buffer_pool_write_requests,632721683,632721683,245708.866666,enabled
1782984998.527,2026-07-02 09:36:38.528,dml_deletes,14313585,14313585,5558.485380,enabled
1782984998.527,2026-07-02 09:36:38.528,dml_inserts,114198990,114198990,44347.619188,enabled
1782984998.527,2026-07-02 09:36:38.528,dml_system_deletes,468,468,0.181741,enabled
1782984998.527,2026-07-02 09:36:38.528,dml_system_inserts,1202,1202,0.466780,enabled
1782984998.527,2026-07-02 09:36:38.528,dml_system_reads,7661,7661,2.975045,enabled
1782984998.527,2026-07-02 09:36:38.528,dml_system_updates,620,620,0.240769,enabled
1782984998.527,2026-07-02 09:36:38.528,dml_updates,28627297,28627297,11117.020071,enabled
1782984998.527,2026-07-02 09:36:38.528,file_num_open_files,35,35,0.000000,enabled
1782984998.527,2026-07-02 09:36:38.528,ibuf_merges,0,0,0.000000,enabled
1782984998.527,2026-07-02 09:36:38.528,ibuf_merges_delete,0,0,0.000000,enabled
1782984998.527,2026-07-02 09:36:38.528,ibuf_merges_delete_mark,0,0,0.000000,enabled
1782984998.527,2026-07-02 09:36:38.528,ibuf_merges_discard_delete,0,0,0.000000,enabled
1782984998.527,2026-07-02 09:36:38.528,ibuf_merges_discard_delete_mark,0,0,0.000000,enabled
1782984998.527,2026-07-02 09:36:38.528,ibuf_merges_discard_insert,0,0,0.000000,enabled
1782984998.527,2026-07-02 09:36:38.528,ibuf_merges_insert,0,0,0.000000,enabled
1782984998.527,2026-07-02 09:36:38.528,ibuf_size,1,1,0.000388,enabled
1782984998.527,2026-07-02 09:36:38.528,innodb_activity_count,19353702,19353702,7515.746126,enabled
1782984998.527,2026-07-02 09:36:38.528,innodb_dblwr_pages_written,29409690,29409690,11420.851810,enabled
1782984998.527,2026-07-02 09:36:38.528,innodb_dblwr_writes,609676,609676,236.759356,enabled
1782984998.527,2026-07-02 09:36:38.528,innodb_page_size,16384,16384,0.000000,enabled
1782984998.527,2026-07-02 09:36:38.528,innodb_rwlock_sx_os_waits,0,0,0.000000,enabled
1782984998.527,2026-07-02 09:36:38.528,innodb_rwlock_sx_spin_rounds,0,0,0.000000,enabled
1782984998.527,2026-07-02 09:36:38.528,innodb_rwlock_sx_spin_waits,0,0,0.000000,enabled
1782984998.527,2026-07-02 09:36:38.528,innodb_rwlock_s_os_waits,0,0,0.000000,enabled
1782984998.527,2026-07-02 09:36:38.528,innodb_rwlock_s_spin_rounds,0,0,0.000000,enabled
1782984998.527,2026-07-02 09:36:38.528,innodb_rwlock_s_spin_waits,0,0,0.000000,enabled
1782984998.527,2026-07-02 09:36:38.528,innodb_rwlock_x_os_waits,0,0,0.000000,enabled
1782984998.527,2026-07-02 09:36:38.528,innodb_rwlock_x_spin_rounds,0,0,0.000000,enabled
1782984998.527,2026-07-02 09:36:38.528,innodb_rwlock_x_spin_waits,0,0,0.000000,enabled
1782984998.527,2026-07-02 09:36:38.528,lock_deadlocks,0,0,0.000000,enabled
1782984998.527,2026-07-02 09:36:38.528,lock_deadlock_false_positives,0,0,0.000000,enabled
1782984998.527,2026-07-02 09:36:38.528,lock_deadlock_rounds,2812,2812,1.092002,enabled
1782984998.527,2026-07-02 09:36:38.528,lock_rec_grant_attempts,425,425,0.165043,enabled
1782984998.527,2026-07-02 09:36:38.528,lock_rec_release_attempts,43506351,43506351,16895.100409,enabled
1782984998.527,2026-07-02 09:36:38.528,lock_row_lock_current_waits,0,0,0.000000,enabled
1782984998.527,2026-07-02 09:36:38.528,lock_row_lock_time,323,323,0.125433,enabled
1782984998.527,2026-07-02 09:36:38.528,lock_row_lock_time_avg,0,0,0.000000,enabled
1782984998.527,2026-07-02 09:36:38.528,lock_row_lock_time_max,29,29,0.000000,enabled
1782984998.527,2026-07-02 09:36:38.528,lock_row_lock_waits,425,425,0.165043,enabled
1782984998.527,2026-07-02 09:36:38.528,lock_schedule_refreshes,2812,2812,1.092002,enabled
1782984998.527,2026-07-02 09:36:38.528,lock_threads_waiting,0,0,0.000000,enabled
1782984998.527,2026-07-02 09:36:38.528,lock_timeouts,0,0,0.000000,enabled
1782984998.527,2026-07-02 09:36:38.528,log_waits,0,0,0.000000,enabled
1782984998.527,2026-07-02 09:36:38.528,log_writes,218832149,218832149,84980.482420,enabled
1782984998.527,2026-07-02 09:36:38.528,log_write_requests,428034016,428034016,166221.176162,enabled
1782984998.527,2026-07-02 09:36:38.528,os_data_fsyncs,63288694,63288694,24577.302292,enabled
1782984998.527,2026-07-02 09:36:38.528,os_data_reads,89738061,89738061,34848.553763,enabled
1782984998.527,2026-07-02 09:36:38.528,os_data_writes,249154397,249154397,96755.716538,enabled
1782984998.527,2026-07-02 09:36:38.528,os_log_bytes_written,136846175232,136846175232,53142348.163738,enabled
1782984998.527,2026-07-02 09:36:38.528,os_log_fsyncs,55173878,55173878,21426.023982,enabled
1782984998.527,2026-07-02 09:36:38.528,os_log_pending_fsyncs,1,1,0.000388,enabled
1782984998.527,2026-07-02 09:36:38.528,os_log_pending_writes,0,0,0.000000,enabled
1782984998.527,2026-07-02 09:36:38.528,trx_rseg_history_len,1137,1137,0.000000,enabled
1782984999.598,2026-07-02 09:36:39.600,adaptive_hash_searches,0,0,0.000000,enabled
1782984999.598,2026-07-02 09:36:39.600,adaptive_hash_searches_btree,638669071,638669071,247915.256328,enabled
1782984999.598,2026-07-02 09:36:39.600,buffer_data_reads,1466280184320,1466280184320,569173118.209468,enabled
1782984999.598,2026-07-02 09:36:39.600,buffer_data_written,657035868672,657035868672,255044811.879808,enabled
1782984999.598,2026-07-02 09:36:39.600,buffer_pages0_read,7,7,0.002717,enabled
1782984999.598,2026-07-02 09:36:39.600,buffer_pages_created,1822471,1822471,707.437447,enabled
1782984999.598,2026-07-02 09:36:39.600,buffer_pages_read,89747034,89747034,34837.543212,enabled
1782984999.598,2026-07-02 09:36:39.600,buffer_pages_written,29484990,29484990,11445.332179,enabled
1782984999.598,2026-07-02 09:36:39.600,buffer_pool_bytes_data,12850790400,12850790400,0.000000,enabled
1782984999.598,2026-07-02 09:36:39.600,buffer_pool_bytes_dirty,4616323072,4616323072,0.000000,enabled
1782984999.598,2026-07-02 09:36:39.600,buffer_pool_pages_data,784350,784350,0.000000,enabled
1782984999.598,2026-07-02 09:36:39.600,buffer_pool_pages_dirty,281758,281758,0.000000,enabled
1782984999.598,2026-07-02 09:36:39.600,buffer_pool_pages_flushed,29427920,29427920,0.000000,enabled
1782984999.598,2026-07-02 09:36:39.600,buffer_pool_pages_free,1986,1986,0.000000,enabled
1782984999.598,2026-07-02 09:36:39.600,buffer_pool_pages_lru_flushed,0,0,0.000000,enabled
1782984999.598,2026-07-02 09:36:39.600,buffer_pool_pages_misc,96,96,0.000000,enabled
1782984999.598,2026-07-02 09:36:39.600,buffer_pool_pages_total,786432,786432,0.000000,enabled
1782984999.598,2026-07-02 09:36:39.600,buffer_pool_reads,88835425,88835425,34483.680563,enabled
1782984999.598,2026-07-02 09:36:39.600,buffer_pool_read_ahead,803715,803715,311.981972,enabled
1782984999.598,2026-07-02 09:36:39.600,buffer_pool_read_ahead_evicted,25,25,0.009704,enabled
1782984999.598,2026-07-02 09:36:39.600,buffer_pool_read_requests,3081795143,3081795143,1196275.458241,enabled
1782984999.598,2026-07-02 09:36:39.600,buffer_pool_size,12884901888,12884901888,0.000000,enabled
1782984999.598,2026-07-02 09:36:39.600,buffer_pool_wait_free,18945,18945,7.353973,enabled
1782984999.598,2026-07-02 09:36:39.600,buffer_pool_write_requests,632831690,632831690,245649.364814,enabled
1782984999.598,2026-07-02 09:36:39.600,dml_deletes,14318321,14318321,5558.011648,enabled
1782984999.598,2026-07-02 09:36:39.600,dml_inserts,114203728,114203728,44331.011366,enabled
1782984999.598,2026-07-02 09:36:39.600,dml_system_deletes,468,468,0.181666,enabled
1782984999.598,2026-07-02 09:36:39.600,dml_system_inserts,1202,1202,0.466586,enabled
1782984999.598,2026-07-02 09:36:39.600,dml_system_reads,7661,7661,2.973807,enabled
1782984999.598,2026-07-02 09:36:39.600,dml_system_updates,620,620,0.240668,enabled
1782984999.598,2026-07-02 09:36:39.600,dml_updates,28636767,28636767,11116.071809,enabled
1782984999.598,2026-07-02 09:36:39.600,file_num_open_files,35,35,0.000000,enabled
1782984999.598,2026-07-02 09:36:39.600,ibuf_merges,0,0,0.000000,enabled
1782984999.598,2026-07-02 09:36:39.600,ibuf_merges_delete,0,0,0.000000,enabled
1782984999.598,2026-07-02 09:36:39.600,ibuf_merges_delete_mark,0,0,0.000000,enabled
1782984999.598,2026-07-02 09:36:39.600,ibuf_merges_discard_delete,0,0,0.000000,enabled
1782984999.598,2026-07-02 09:36:39.600,ibuf_merges_discard_delete_mark,0,0,0.000000,enabled
1782984999.598,2026-07-02 09:36:39.600,ibuf_merges_discard_insert,0,0,0.000000,enabled
1782984999.598,2026-07-02 09:36:39.600,ibuf_merges_insert,0,0,0.000000,enabled
1782984999.598,2026-07-02 09:36:39.600,ibuf_size,1,1,0.000388,enabled
1782984999.598,2026-07-02 09:36:39.600,innodb_activity_count,19359140,19359140,7514.730749,enabled
1782984999.598,2026-07-02 09:36:39.600,innodb_dblwr_pages_written,29425490,29425490,11422.234318,enabled
1782984999.598,2026-07-02 09:36:39.600,innodb_dblwr_writes,610061,610061,236.810320,enabled
1782984999.598,2026-07-02 09:36:39.600,innodb_page_size,16384,16384,0.000000,enabled
1782984999.598,2026-07-02 09:36:39.600,innodb_rwlock_sx_os_waits,0,0,0.000000,enabled
1782984999.598,2026-07-02 09:36:39.600,innodb_rwlock_sx_spin_rounds,0,0,0.000000,enabled
1782984999.598,2026-07-02 09:36:39.600,innodb_rwlock_sx_spin_waits,0,0,0.000000,enabled
1782984999.598,2026-07-02 09:36:39.600,innodb_rwlock_s_os_waits,0,0,0.000000,enabled
1782984999.598,2026-07-02 09:36:39.600,innodb_rwlock_s_spin_rounds,0,0,0.000000,enabled
1782984999.598,2026-07-02 09:36:39.600,innodb_rwlock_s_spin_waits,0,0,0.000000,enabled
1782984999.598,2026-07-02 09:36:39.600,innodb_rwlock_x_os_waits,0,0,0.000000,enabled
1782984999.598,2026-07-02 09:36:39.600,innodb_rwlock_x_spin_rounds,0,0,0.000000,enabled
1782984999.598,2026-07-02 09:36:39.600,innodb_rwlock_x_spin_waits,0,0,0.000000,enabled
1782984999.598,2026-07-02 09:36:39.600,lock_deadlocks,0,0,0.000000,enabled
1782984999.598,2026-07-02 09:36:39.600,lock_deadlock_false_positives,0,0,0.000000,enabled
1782984999.598,2026-07-02 09:36:39.600,lock_deadlock_rounds,2813,2813,1.091936,enabled
1782984999.598,2026-07-02 09:36:39.600,lock_rec_grant_attempts,425,425,0.164974,enabled
1782984999.598,2026-07-02 09:36:39.600,lock_rec_release_attempts,43520752,43520752,16893.662908,enabled
1782984999.598,2026-07-02 09:36:39.600,lock_row_lock_current_waits,0,0,0.000000,enabled
1782984999.598,2026-07-02 09:36:39.600,lock_row_lock_time,323,323,0.125380,enabled
1782984999.598,2026-07-02 09:36:39.600,lock_row_lock_time_avg,0,0,0.000000,enabled
1782984999.598,2026-07-02 09:36:39.600,lock_row_lock_time_max,29,29,0.000000,enabled
1782984999.598,2026-07-02 09:36:39.600,lock_row_lock_waits,425,425,0.164974,enabled
1782984999.598,2026-07-02 09:36:39.600,lock_schedule_refreshes,2813,2813,1.091936,enabled
1782984999.598,2026-07-02 09:36:39.600,lock_threads_waiting,0,0,0.000000,enabled
1782984999.598,2026-07-02 09:36:39.600,lock_timeouts,0,0,0.000000,enabled
1782984999.598,2026-07-02 09:36:39.600,log_waits,0,0,0.000000,enabled
1782984999.598,2026-07-02 09:36:39.600,log_writes,218910244,218910244,84975.448448,enabled
1782984999.598,2026-07-02 09:36:39.600,log_write_requests,428114655,428114655,166183.336838,enabled
1782984999.598,2026-07-02 09:36:39.600,os_data_fsyncs,63319933,63319933,24579.205396,enabled
1782984999.598,2026-07-02 09:36:39.600,os_data_reads,89793249,89793249,34855.480862,enabled
1782984999.598,2026-07-02 09:36:39.600,os_data_writes,249248547,249248547,96752.017013,enabled
1782984999.598,2026-07-02 09:36:39.600,os_log_bytes_written,136886907904,136886907904,53136054.647573,enabled
1782984999.598,2026-07-02 09:36:39.600,os_log_fsyncs,55200063,55200063,21427.276044,enabled
1782984999.598,2026-07-02 09:36:39.600,os_log_pending_fsyncs,0,0,0.000000,enabled
1782984999.598,2026-07-02 09:36:39.600,os_log_pending_writes,0,0,0.000000,enabled
1782984999.598,2026-07-02 09:36:39.600,trx_rseg_history_len,1043,1043,0.000000,enabled
1782985000.670,2026-07-02 09:36:40.672,adaptive_hash_searches,0,0,0.000000,enabled
1782985000.670,2026-07-02 09:36:40.672,adaptive_hash_searches_btree,638831369,638831369,247875.097746,enabled
1782985000.670,2026-07-02 09:36:40.672,buffer_data_reads,1467181468160,1467181468160,569286058.750387,enabled
1782985000.670,2026-07-02 09:36:40.672,buffer_data_written,657339000320,657339000320,255056335.286228,enabled
1782985000.670,2026-07-02 09:36:40.672,buffer_pages0_read,7,7,0.002716,enabled
1782985000.670,2026-07-02 09:36:40.672,buffer_pages_created,1822500,1822500,707.154413,enabled
1782985000.670,2026-07-02 09:36:40.672,buffer_pages_read,89802184,89802184,34844.450127,enabled
1782985000.670,2026-07-02 09:36:40.672,buffer_pages_written,29500699,29500699,11446.666351,enabled
1782985000.670,2026-07-02 09:36:40.672,buffer_pool_bytes_data,12852641792,12852641792,0.000000,enabled
1782985000.670,2026-07-02 09:36:40.672,buffer_pool_bytes_dirty,4618551296,4618551296,0.000000,enabled
1782985000.670,2026-07-02 09:36:40.672,buffer_pool_pages_data,784462,784462,0.000000,enabled
1782985000.670,2026-07-02 09:36:40.672,buffer_pool_pages_dirty,281894,281894,0.000000,enabled
1782985000.670,2026-07-02 09:36:40.672,buffer_pool_pages_flushed,29443629,29443629,0.000000,enabled
1782985000.670,2026-07-02 09:36:40.672,buffer_pool_pages_free,1873,1873,0.000000,enabled
1782985000.670,2026-07-02 09:36:40.672,buffer_pool_pages_lru_flushed,0,0,0.000000,enabled
1782985000.670,2026-07-02 09:36:40.672,buffer_pool_pages_misc,97,97,0.000000,enabled
1782985000.670,2026-07-02 09:36:40.672,buffer_pool_pages_total,786432,786432,0.000000,enabled
1782985000.670,2026-07-02 09:36:40.672,buffer_pool_reads,88890522,88890522,34490.714093,enabled
1782985000.670,2026-07-02 09:36:40.672,buffer_pool_read_ahead,803715,803715,311.852191,enabled
1782985000.670,2026-07-02 09:36:40.672,buffer_pool_read_ahead_evicted,25,25,0.009700,enabled
1782985000.670,2026-07-02 09:36:40.672,buffer_pool_read_requests,3082599633,3082599633,1196089.973799,enabled
1782985000.670,2026-07-02 09:36:40.672,buffer_pool_size,12884901888,12884901888,0.000000,enabled
1782985000.670,2026-07-02 09:36:40.672,buffer_pool_wait_free,18945,18945,7.350914,enabled
1782985000.670,2026-07-02 09:36:40.672,buffer_pool_write_requests,632941211,632941211,245589.673014,enabled
1782985000.670,2026-07-02 09:36:40.672,dml_deletes,14323017,14323017,5557.521641,enabled
1782985000.670,2026-07-02 09:36:40.672,dml_inserts,114208421,114208421,44314.390734,enabled
1782985000.670,2026-07-02 09:36:40.672,dml_system_deletes,468,468,0.181590,enabled
1782985000.670,2026-07-02 09:36:40.672,dml_system_inserts,1202,1202,0.466392,enabled
1782985000.670,2026-07-02 09:36:40.672,dml_system_reads,7661,7661,2.972570,enabled
1782985000.670,2026-07-02 09:36:40.672,dml_system_updates,620,620,0.240568,enabled
1782985000.670,2026-07-02 09:36:40.672,dml_updates,28646160,28646160,11115.092165,enabled
1782985000.670,2026-07-02 09:36:40.672,file_num_open_files,35,35,0.000000,enabled
1782985000.670,2026-07-02 09:36:40.672,ibuf_merges,0,0,0.000000,enabled
1782985000.670,2026-07-02 09:36:40.672,ibuf_merges_delete,0,0,0.000000,enabled
1782985000.670,2026-07-02 09:36:40.672,ibuf_merges_delete_mark,0,0,0.000000,enabled
1782985000.670,2026-07-02 09:36:40.672,ibuf_merges_discard_delete,0,0,0.000000,enabled
1782985000.670,2026-07-02 09:36:40.672,ibuf_merges_discard_delete_mark,0,0,0.000000,enabled
1782985000.670,2026-07-02 09:36:40.672,ibuf_merges_discard_insert,0,0,0.000000,enabled
1782985000.670,2026-07-02 09:36:40.672,ibuf_merges_insert,0,0,0.000000,enabled
1782985000.670,2026-07-02 09:36:40.672,ibuf_size,1,1,0.000388,enabled
1782985000.670,2026-07-02 09:36:40.672,innodb_activity_count,19364534,19364534,7513.697580,enabled
1782985000.670,2026-07-02 09:36:40.672,innodb_dblwr_pages_written,29441199,29441199,11423.577993,enabled
1782985000.670,2026-07-02 09:36:40.672,innodb_dblwr_writes,610397,610397,236.842180,enabled
1782985000.670,2026-07-02 09:36:40.672,innodb_page_size,16384,16384,0.000000,enabled
1782985000.670,2026-07-02 09:36:40.672,innodb_rwlock_sx_os_waits,0,0,0.000000,enabled
1782985000.670,2026-07-02 09:36:40.672,innodb_rwlock_sx_spin_rounds,0,0,0.000000,enabled
1782985000.670,2026-07-02 09:36:40.672,innodb_rwlock_sx_spin_waits,0,0,0.000000,enabled
1782985000.670,2026-07-02 09:36:40.672,innodb_rwlock_s_os_waits,0,0,0.000000,enabled
1782985000.670,2026-07-02 09:36:40.672,innodb_rwlock_s_spin_rounds,0,0,0.000000,enabled
1782985000.670,2026-07-02 09:36:40.672,innodb_rwlock_s_spin_waits,0,0,0.000000,enabled
1782985000.670,2026-07-02 09:36:40.672,innodb_rwlock_x_os_waits,0,0,0.000000,enabled
1782985000.670,2026-07-02 09:36:40.672,innodb_rwlock_x_spin_rounds,0,0,0.000000,enabled
1782985000.670,2026-07-02 09:36:40.672,innodb_rwlock_x_spin_waits,0,0,0.000000,enabled
1782985000.670,2026-07-02 09:36:40.672,lock_deadlocks,0,0,0.000000,enabled
1782985000.670,2026-07-02 09:36:40.672,lock_deadlock_false_positives,0,0,0.000000,enabled
1782985000.670,2026-07-02 09:36:40.672,lock_deadlock_rounds,2814,2814,1.091870,enabled
1782985000.670,2026-07-02 09:36:40.672,lock_rec_grant_attempts,425,425,0.164906,enabled
1782985000.670,2026-07-02 09:36:40.672,lock_rec_release_attempts,43535020,43535020,16892.171528,enabled
1782985000.670,2026-07-02 09:36:40.672,lock_row_lock_current_waits,0,0,0.000000,enabled
1782985000.670,2026-07-02 09:36:40.672,lock_row_lock_time,323,323,0.125328,enabled
1782985000.670,2026-07-02 09:36:40.672,lock_row_lock_time_avg,0,0,0.000000,enabled
1782985000.670,2026-07-02 09:36:40.672,lock_row_lock_time_max,29,29,0.000000,enabled
1782985000.670,2026-07-02 09:36:40.672,lock_row_lock_waits,425,425,0.164906,enabled
1782985000.670,2026-07-02 09:36:40.672,lock_schedule_refreshes,2814,2814,1.091870,enabled
1782985000.670,2026-07-02 09:36:40.672,lock_threads_waiting,0,0,0.000000,enabled
1782985000.670,2026-07-02 09:36:40.672,lock_timeouts,0,0,0.000000,enabled
1782985000.670,2026-07-02 09:36:40.672,log_waits,0,0,0.000000,enabled
1782985000.670,2026-07-02 09:36:40.672,log_writes,218987051,218987051,84969.900995,enabled
1782985000.670,2026-07-02 09:36:40.672,log_write_requests,428194567,428194567,166145.211888,enabled
1782985000.670,2026-07-02 09:36:40.672,os_data_fsyncs,63350299,63350299,24580.762960,enabled
1782985000.670,2026-07-02 09:36:40.672,os_data_reads,89848234,89848234,34862.316039,enabled
1782985000.670,2026-07-02 09:36:40.672,os_data_writes,249341302,249341302,96747.758749,enabled
1782985000.670,2026-07-02 09:36:40.672,os_log_bytes_written,136926938624,136926938624,53129482.703739,enabled
1782985000.670,2026-07-02 09:36:40.672,os_log_fsyncs,55225864,55225864,21428.373509,enabled
1782985000.670,2026-07-02 09:36:40.672,os_log_pending_fsyncs,1,1,0.000388,enabled
1782985000.670,2026-07-02 09:36:40.672,os_log_pending_writes,0,0,0.000000,enabled
1782985000.670,2026-07-02 09:36:40.672,trx_rseg_history_len,906,906,0.000000,enabled
1782985001.742,2026-07-02 09:36:41.744,adaptive_hash_searches,0,0,0.000000,enabled
1782985001.742,2026-07-02 09:36:41.744,adaptive_hash_searches_btree,638992893,638992893,247835.092159,enabled
1782985001.742,2026-07-02 09:36:41.744,buffer_data_reads,1468075657728,1468075657728,569397103.667896,enabled
1782985001.742,2026-07-02 09:36:41.744,buffer_data_written,657642402304,657642402304,255068379.419496,enabled
1782985001.742,2026-07-02 09:36:41.744,buffer_pages0_read,7,7,0.002715,enabled
1782985001.742,2026-07-02 09:36:41.744,buffer_pages_created,1822533,1822533,706.874346,enabled
1782985001.742,2026-07-02 09:36:41.744,buffer_pages_read,89856912,89856912,34851.245753,enabled
1782985001.742,2026-07-02 09:36:41.744,buffer_pages_written,29516392,29516392,11448.012317,enabled
1782985001.742,2026-07-02 09:36:41.744,buffer_pool_bytes_data,12847022080,12847022080,0.000000,enabled
1782985001.742,2026-07-02 09:36:41.744,buffer_pool_bytes_dirty,4620091392,4620091392,0.000000,enabled
1782985001.742,2026-07-02 09:36:41.744,buffer_pool_pages_data,784120,784120,0.000000,enabled
1782985001.742,2026-07-02 09:36:41.744,buffer_pool_pages_dirty,281988,281988,0.000000,enabled
1782985001.742,2026-07-02 09:36:41.744,buffer_pool_pages_flushed,29459322,29459322,0.000000,enabled
1782985001.742,2026-07-02 09:36:41.744,buffer_pool_pages_free,2216,2216,0.000000,enabled
1782985001.742,2026-07-02 09:36:41.744,buffer_pool_pages_lru_flushed,0,0,0.000000,enabled
1782985001.742,2026-07-02 09:36:41.744,buffer_pool_pages_misc,97,97,0.000000,enabled
1782985001.742,2026-07-02 09:36:41.744,buffer_pool_pages_total,786432,786432,0.000000,enabled
1782985001.742,2026-07-02 09:36:41.744,buffer_pool_reads,88945190,88945190,34497.633036,enabled
1782985001.742,2026-07-02 09:36:41.744,buffer_pool_read_ahead,803715,803715,311.723038,enabled
1782985001.742,2026-07-02 09:36:41.744,buffer_pool_read_ahead_evicted,25,25,0.009696,enabled
1782985001.742,2026-07-02 09:36:41.744,buffer_pool_read_requests,3083398776,3083398776,1195904.567639,enabled
1782985001.742,2026-07-02 09:36:41.744,buffer_pool_size,12884901888,12884901888,0.000000,enabled
1782985001.742,2026-07-02 09:36:41.744,buffer_pool_wait_free,18945,18945,7.347870,enabled
1782985001.742,2026-07-02 09:36:41.744,buffer_pool_write_requests,633049363,633049363,245529.910090,enabled
1782985001.742,2026-07-02 09:36:41.744,dml_deletes,14327687,14327687,5557.031331,enabled
1782985001.742,2026-07-02 09:36:41.744,dml_inserts,114213092,114213092,44297.850103,enabled
1782985001.742,2026-07-02 09:36:41.744,dml_system_deletes,468,468,0.181515,enabled
1782985001.742,2026-07-02 09:36:41.744,dml_system_inserts,1202,1202,0.466199,enabled
1782985001.742,2026-07-02 09:36:41.744,dml_system_reads,7661,7661,2.971339,enabled
1782985001.742,2026-07-02 09:36:41.744,dml_system_updates,620,620,0.240469,enabled
1782985001.742,2026-07-02 09:36:41.744,dml_updates,28655502,28655502,11114.112299,enabled
1782985001.742,2026-07-02 09:36:41.744,file_num_open_files,35,35,0.000000,enabled
1782985001.742,2026-07-02 09:36:41.744,ibuf_merges,0,0,0.000000,enabled
1782985001.742,2026-07-02 09:36:41.744,ibuf_merges_delete,0,0,0.000000,enabled
1782985001.742,2026-07-02 09:36:41.744,ibuf_merges_delete_mark,0,0,0.000000,enabled
1782985001.742,2026-07-02 09:36:41.744,ibuf_merges_discard_delete,0,0,0.000000,enabled
1782985001.742,2026-07-02 09:36:41.744,ibuf_merges_discard_delete_mark,0,0,0.000000,enabled
1782985001.742,2026-07-02 09:36:41.744,ibuf_merges_discard_insert,0,0,0.000000,enabled
1782985001.742,2026-07-02 09:36:41.744,ibuf_merges_insert,0,0,0.000000,enabled
1782985001.742,2026-07-02 09:36:41.744,ibuf_size,1,1,0.000388,enabled
1782985001.742,2026-07-02 09:36:41.744,innodb_activity_count,19369903,19369903,7512.668287,enabled
1782985001.742,2026-07-02 09:36:41.744,innodb_dblwr_pages_written,29456892,29456892,11424.933629,enabled
1782985001.742,2026-07-02 09:36:41.744,innodb_dblwr_writes,610760,610760,236.884885,enabled
1782985001.742,2026-07-02 09:36:41.744,innodb_page_size,16384,16384,0.000000,enabled
1782985001.742,2026-07-02 09:36:41.744,innodb_rwlock_sx_os_waits,0,0,0.000000,enabled
1782985001.742,2026-07-02 09:36:41.744,innodb_rwlock_sx_spin_rounds,0,0,0.000000,enabled
1782985001.742,2026-07-02 09:36:41.744,innodb_rwlock_sx_spin_waits,0,0,0.000000,enabled
1782985001.742,2026-07-02 09:36:41.744,innodb_rwlock_s_os_waits,0,0,0.000000,enabled
1782985001.742,2026-07-02 09:36:41.744,innodb_rwlock_s_spin_rounds,0,0,0.000000,enabled
1782985001.742,2026-07-02 09:36:41.744,innodb_rwlock_s_spin_waits,0,0,0.000000,enabled
1782985001.742,2026-07-02 09:36:41.744,innodb_rwlock_x_os_waits,0,0,0.000000,enabled
1782985001.742,2026-07-02 09:36:41.744,innodb_rwlock_x_spin_rounds,0,0,0.000000,enabled
1782985001.742,2026-07-02 09:36:41.744,innodb_rwlock_x_spin_waits,0,0,0.000000,enabled
1782985001.742,2026-07-02 09:36:41.744,lock_deadlocks,0,0,0.000000,enabled
1782985001.742,2026-07-02 09:36:41.744,lock_deadlock_false_positives,0,0,0.000000,enabled
1782985001.742,2026-07-02 09:36:41.744,lock_deadlock_rounds,2815,2815,1.091805,enabled
1782985001.742,2026-07-02 09:36:41.744,lock_rec_grant_attempts,425,425,0.164837,enabled
1782985001.742,2026-07-02 09:36:41.744,lock_rec_release_attempts,43549209,43549209,16890.678918,enabled
1782985001.742,2026-07-02 09:36:41.744,lock_row_lock_current_waits,0,0,0.000000,enabled
1782985001.742,2026-07-02 09:36:41.744,lock_row_lock_time,323,323,0.125276,enabled
1782985001.742,2026-07-02 09:36:41.744,lock_row_lock_time_avg,0,0,0.000000,enabled
1782985001.742,2026-07-02 09:36:41.744,lock_row_lock_time_max,29,29,0.000000,enabled
1782985001.742,2026-07-02 09:36:41.744,lock_row_lock_waits,425,425,0.164837,enabled
1782985001.742,2026-07-02 09:36:41.744,lock_schedule_refreshes,2815,2815,1.091805,enabled
1782985001.742,2026-07-02 09:36:41.744,lock_threads_waiting,0,0,0.000000,enabled
1782985001.742,2026-07-02 09:36:41.744,lock_timeouts,0,0,0.000000,enabled
1782985001.742,2026-07-02 09:36:41.744,log_waits,0,0,0.000000,enabled
1782985001.742,2026-07-02 09:36:41.744,log_writes,219064633,219064633,84964.802509,enabled
1782985001.742,2026-07-02 09:36:41.744,log_write_requests,428274171,428274171,166107.280208,enabled
1782985001.742,2026-07-02 09:36:41.744,os_data_fsyncs,63380917,63380917,24582.458400,enabled
1782985001.742,2026-07-02 09:36:41.744,os_data_reads,89902812,89902812,34869.046441,enabled
1782985001.742,2026-07-02 09:36:41.744,os_data_writes,249434864,249434864,96743.980068,enabled
1782985001.742,2026-07-02 09:36:41.744,os_log_bytes_written,136967366656,136967366656,53123159.893909,enabled
1782985001.742,2026-07-02 09:36:41.744,os_log_fsyncs,55251586,55251586,21429.475557,enabled
1782985001.742,2026-07-02 09:36:41.744,os_log_pending_fsyncs,0,0,0.000000,enabled
1782985001.742,2026-07-02 09:36:41.744,os_log_pending_writes,1,1,0.000388,enabled
1782985001.742,2026-07-02 09:36:41.744,trx_rseg_history_len,766,766,0.000000,enabled
1782985002.810,2026-07-02 09:36:42.812,adaptive_hash_searches,0,0,0.000000,enabled
1782985002.810,2026-07-02 09:36:42.812,adaptive_hash_searches_btree,639155920,639155920,247795.321194,enabled
1782985002.810,2026-07-02 09:36:42.812,buffer_data_reads,1468980955648,1468980955648,569511504.037366,enabled
1782985002.810,2026-07-02 09:36:42.812,buffer_data_written,657946639360,657946639360,255080352.412570,enabled
1782985002.810,2026-07-02 09:36:42.812,buffer_pages0_read,7,7,0.002714,enabled
1782985002.810,2026-07-02 09:36:42.812,buffer_pages_created,1822563,1822563,706.592280,enabled
1782985002.810,2026-07-02 09:36:42.812,buffer_pages_read,89912322,89912322,34858.247566,enabled
1782985002.810,2026-07-02 09:36:42.812,buffer_pages_written,29532127,29532127,11449.356153,enabled
1782985002.810,2026-07-02 09:36:42.812,buffer_pool_bytes_data,12849135616,12849135616,0.000000,enabled
1782985002.810,2026-07-02 09:36:42.812,buffer_pool_bytes_dirty,4620566528,4620566528,0.000000,enabled
1782985002.810,2026-07-02 09:36:42.812,buffer_pool_pages_data,784249,784249,0.000000,enabled
1782985002.810,2026-07-02 09:36:42.812,buffer_pool_pages_dirty,282017,282017,0.000000,enabled
1782985002.810,2026-07-02 09:36:42.812,buffer_pool_pages_flushed,29475057,29475057,0.000000,enabled
1782985002.810,2026-07-02 09:36:42.812,buffer_pool_pages_free,2087,2087,0.000000,enabled
1782985002.810,2026-07-02 09:36:42.812,buffer_pool_pages_lru_flushed,0,0,0.000000,enabled
1782985002.810,2026-07-02 09:36:42.812,buffer_pool_pages_misc,96,96,0.000000,enabled
1782985002.810,2026-07-02 09:36:42.812,buffer_pool_pages_total,786432,786432,0.000000,enabled
1782985002.810,2026-07-02 09:36:42.812,buffer_pool_reads,89000539,89000539,34504.758093,enabled
1782985002.810,2026-07-02 09:36:42.812,buffer_pool_read_ahead,803715,803715,311.593522,enabled
1782985002.810,2026-07-02 09:36:42.812,buffer_pool_read_ahead_evicted,25,25,0.009692,enabled
1782985002.810,2026-07-02 09:36:42.812,buffer_pool_read_requests,3084206970,3084206970,1195721.015955,enabled
1782985002.810,2026-07-02 09:36:42.812,buffer_pool_size,12884901888,12884901888,0.000000,enabled
1782985002.810,2026-07-02 09:36:42.812,buffer_pool_wait_free,18945,18945,7.344817,enabled
1782985002.810,2026-07-02 09:36:42.812,buffer_pool_write_requests,633159097,633159097,245470.438759,enabled
1782985002.810,2026-07-02 09:36:42.812,dml_deletes,14332403,14332403,5556.550762,enabled
1782985002.810,2026-07-02 09:36:42.812,dml_inserts,114217810,114217810,44281.273681,enabled
1782985002.810,2026-07-02 09:36:42.812,dml_system_deletes,468,468,0.181440,enabled
1782985002.810,2026-07-02 09:36:42.812,dml_system_inserts,1202,1202,0.466005,enabled
1782985002.810,2026-07-02 09:36:42.812,dml_system_reads,7661,7661,2.970105,enabled
1782985002.810,2026-07-02 09:36:42.812,dml_system_updates,620,620,0.240369,enabled
1782985002.810,2026-07-02 09:36:42.812,dml_updates,28664932,28664932,11113.150364,enabled
1782985002.810,2026-07-02 09:36:42.812,file_num_open_files,35,35,0.000000,enabled
1782985002.810,2026-07-02 09:36:42.812,ibuf_merges,0,0,0.000000,enabled
1782985002.810,2026-07-02 09:36:42.812,ibuf_merges_delete,0,0,0.000000,enabled
1782985002.810,2026-07-02 09:36:42.812,ibuf_merges_delete_mark,0,0,0.000000,enabled
1782985002.810,2026-07-02 09:36:42.812,ibuf_merges_discard_delete,0,0,0.000000,enabled
1782985002.810,2026-07-02 09:36:42.812,ibuf_merges_discard_delete_mark,0,0,0.000000,enabled
1782985002.810,2026-07-02 09:36:42.812,ibuf_merges_discard_insert,0,0,0.000000,enabled
1782985002.810,2026-07-02 09:36:42.812,ibuf_merges_insert,0,0,0.000000,enabled
1782985002.810,2026-07-02 09:36:42.812,ibuf_size,1,1,0.000388,enabled
1782985002.810,2026-07-02 09:36:42.812,innodb_activity_count,19375319,19375319,7511.646518,enabled
1782985002.810,2026-07-02 09:36:42.812,innodb_dblwr_pages_written,29472627,29472627,11426.286952,enabled
1782985002.810,2026-07-02 09:36:42.812,innodb_dblwr_writes,611122,611122,236.926805,enabled
1782985002.810,2026-07-02 09:36:42.812,innodb_page_size,16384,16384,0.000000,enabled
1782985002.810,2026-07-02 09:36:42.812,innodb_rwlock_sx_os_waits,0,0,0.000000,enabled
1782985002.810,2026-07-02 09:36:42.812,innodb_rwlock_sx_spin_rounds,0,0,0.000000,enabled
1782985002.810,2026-07-02 09:36:42.812,innodb_rwlock_sx_spin_waits,0,0,0.000000,enabled
1782985002.810,2026-07-02 09:36:42.812,innodb_rwlock_s_os_waits,0,0,0.000000,enabled
1782985002.810,2026-07-02 09:36:42.812,innodb_rwlock_s_spin_rounds,0,0,0.000000,enabled
1782985002.810,2026-07-02 09:36:42.812,innodb_rwlock_s_spin_waits,0,0,0.000000,enabled
1782985002.810,2026-07-02 09:36:42.812,innodb_rwlock_x_os_waits,0,0,0.000000,enabled
1782985002.810,2026-07-02 09:36:42.812,innodb_rwlock_x_spin_rounds,0,0,0.000000,enabled
1782985002.810,2026-07-02 09:36:42.812,innodb_rwlock_x_spin_waits,0,0,0.000000,enabled
1782985002.810,2026-07-02 09:36:42.812,lock_deadlocks,0,0,0.000000,enabled
1782985002.810,2026-07-02 09:36:42.812,lock_deadlock_false_positives,0,0,0.000000,enabled
1782985002.810,2026-07-02 09:36:42.812,lock_deadlock_rounds,2816,2816,1.091739,enabled
1782985002.810,2026-07-02 09:36:42.812,lock_rec_grant_attempts,425,425,0.164769,enabled
1782985002.810,2026-07-02 09:36:42.812,lock_rec_release_attempts,43563556,43563556,16889.223311,enabled
1782985002.810,2026-07-02 09:36:42.812,lock_row_lock_current_waits,0,0,0.000000,enabled
1782985002.810,2026-07-02 09:36:42.812,lock_row_lock_time,323,323,0.125224,enabled
1782985002.810,2026-07-02 09:36:42.812,lock_row_lock_time_avg,0,0,0.000000,enabled
1782985002.810,2026-07-02 09:36:42.812,lock_row_lock_time_max,29,29,0.000000,enabled
1782985002.810,2026-07-02 09:36:42.812,lock_row_lock_waits,425,425,0.164769,enabled
1782985002.810,2026-07-02 09:36:42.812,lock_schedule_refreshes,2816,2816,1.091739,enabled
1782985002.810,2026-07-02 09:36:42.812,lock_threads_waiting,0,0,0.000000,enabled
1782985002.810,2026-07-02 09:36:42.812,lock_timeouts,0,0,0.000000,enabled
1782985002.810,2026-07-02 09:36:42.812,log_waits,0,0,0.000000,enabled
1782985002.810,2026-07-02 09:36:42.812,log_writes,219142608,219142608,84959.730222,enabled
1782985002.810,2026-07-02 09:36:42.812,log_write_requests,428354398,428354398,166069.366652,enabled
1782985002.810,2026-07-02 09:36:42.812,os_data_fsyncs,63411948,63411948,24584.275037,enabled
1782985002.810,2026-07-02 09:36:42.812,os_data_reads,89958056,89958056,34875.976261,enabled
1782985002.810,2026-07-02 09:36:42.812,os_data_writes,249528833,249528833,96740.214691,enabled
1782985002.810,2026-07-02 09:36:42.812,os_log_bytes_written,137007971328,137007971328,53116829.706087,enabled
1782985002.810,2026-07-02 09:36:42.812,os_log_fsyncs,55277750,55277750,21430.715330,enabled
1782985002.810,2026-07-02 09:36:42.812,os_log_pending_fsyncs,1,1,0.000388,enabled
1782985002.810,2026-07-02 09:36:42.812,os_log_pending_writes,0,0,0.000000,enabled
1782985002.810,2026-07-02 09:36:42.812,trx_rseg_history_len,662,662,0.000000,enabled
1782985003.882,2026-07-02 09:36:43.883,adaptive_hash_searches,0,0,0.000000,enabled
1782985003.882,2026-07-02 09:36:43.883,adaptive_hash_searches_btree,639320241,639320241,247756.048534,enabled
1782985003.882,2026-07-02 09:36:43.883,buffer_data_reads,1469896559104,1469896559104,569629703.401401,enabled
1782985003.882,2026-07-02 09:36:43.883,buffer_data_written,658251583488,658251583488,255092544.910485,enabled
1782985003.882,2026-07-02 09:36:43.883,buffer_pages0_read,7,7,0.002713,enabled
1782985003.882,2026-07-02 09:36:43.883,buffer_pages_created,1822596,1822596,706.311488,enabled
1782985003.882,2026-07-02 09:36:43.883,buffer_pages_read,89968355,89968355,34865.478895,enabled
1782985003.882,2026-07-02 09:36:43.883,buffer_pages_written,29547896,29547896,11450.710055,enabled
1782985003.882,2026-07-02 09:36:43.883,buffer_pool_bytes_data,12852674560,12852674560,0.000000,enabled
1782985003.882,2026-07-02 09:36:43.883,buffer_pool_bytes_dirty,4624351232,4624351232,0.000000,enabled
1782985003.882,2026-07-02 09:36:43.883,buffer_pool_pages_data,784465,784465,0.000000,enabled
1782985003.882,2026-07-02 09:36:43.883,buffer_pool_pages_dirty,282248,282248,0.000000,enabled
1782985003.882,2026-07-02 09:36:43.883,buffer_pool_pages_flushed,29490826,29490826,0.000000,enabled
1782985003.882,2026-07-02 09:36:43.883,buffer_pool_pages_free,1871,1871,0.000000,enabled
1782985003.882,2026-07-02 09:36:43.883,buffer_pool_pages_lru_flushed,0,0,0.000000,enabled
1782985003.882,2026-07-02 09:36:43.883,buffer_pool_pages_misc,96,96,0.000000,enabled
1782985003.882,2026-07-02 09:36:43.883,buffer_pool_pages_total,786432,786432,0.000000,enabled
1782985003.882,2026-07-02 09:36:43.883,buffer_pool_reads,89056507,89056507,34512.110993,enabled
1782985003.882,2026-07-02 09:36:43.883,buffer_pool_read_ahead,803715,803715,311.464058,enabled
1782985003.882,2026-07-02 09:36:43.883,buffer_pool_read_ahead_evicted,25,25,0.009688,enabled
1782985003.882,2026-07-02 09:36:43.883,buffer_pool_read_requests,3085021418,3085021418,1195539.829036,enabled
1782985003.882,2026-07-02 09:36:43.883,buffer_pool_size,12884901888,12884901888,0.000000,enabled
1782985003.882,2026-07-02 09:36:43.883,buffer_pool_wait_free,18945,18945,7.341765,enabled
1782985003.882,2026-07-02 09:36:43.883,buffer_pool_write_requests,633269570,633269570,245411.259884,enabled
1782985003.882,2026-07-02 09:36:43.883,dml_deletes,14337154,14337154,5556.083347,enabled
1782985003.882,2026-07-02 09:36:43.883,dml_inserts,114222561,114222561,44264.717349,enabled
1782985003.882,2026-07-02 09:36:43.883,dml_system_deletes,468,468,0.181364,enabled
1782985003.882,2026-07-02 09:36:43.883,dml_system_inserts,1202,1202,0.465812,enabled
1782985003.882,2026-07-02 09:36:43.883,dml_system_reads,7661,7661,2.968871,enabled
1782985003.882,2026-07-02 09:36:43.883,dml_system_updates,620,620,0.240269,enabled
1782985003.882,2026-07-02 09:36:43.883,dml_updates,28674440,28674440,11112.217839,enabled
1782985003.882,2026-07-02 09:36:43.883,file_num_open_files,35,35,0.000000,enabled
1782985003.882,2026-07-02 09:36:43.883,ibuf_merges,0,0,0.000000,enabled
1782985003.882,2026-07-02 09:36:43.883,ibuf_merges_delete,0,0,0.000000,enabled
1782985003.882,2026-07-02 09:36:43.883,ibuf_merges_delete_mark,0,0,0.000000,enabled
1782985003.882,2026-07-02 09:36:43.883,ibuf_merges_discard_delete,0,0,0.000000,enabled
1782985003.882,2026-07-02 09:36:43.883,ibuf_merges_discard_delete_mark,0,0,0.000000,enabled
1782985003.882,2026-07-02 09:36:43.883,ibuf_merges_discard_insert,0,0,0.000000,enabled
1782985003.882,2026-07-02 09:36:43.883,ibuf_merges_insert,0,0,0.000000,enabled
1782985003.882,2026-07-02 09:36:43.883,ibuf_size,1,1,0.000388,enabled
1782985003.882,2026-07-02 09:36:43.883,innodb_activity_count,19380789,19380789,7510.645442,enabled
1782985003.882,2026-07-02 09:36:43.883,innodb_dblwr_pages_written,29488396,29488396,11427.650641,enabled
1782985003.882,2026-07-02 09:36:43.883,innodb_dblwr_writes,611479,611479,236.966717,enabled
1782985003.882,2026-07-02 09:36:43.883,innodb_page_size,16384,16384,0.000000,enabled
1782985003.882,2026-07-02 09:36:43.883,innodb_rwlock_sx_os_waits,0,0,0.000000,enabled
1782985003.882,2026-07-02 09:36:43.883,innodb_rwlock_sx_spin_rounds,0,0,0.000000,enabled
1782985003.882,2026-07-02 09:36:43.883,innodb_rwlock_sx_spin_waits,0,0,0.000000,enabled
1782985003.882,2026-07-02 09:36:43.883,innodb_rwlock_s_os_waits,0,0,0.000000,enabled
1782985003.882,2026-07-02 09:36:43.883,innodb_rwlock_s_spin_rounds,0,0,0.000000,enabled
1782985003.882,2026-07-02 09:36:43.883,innodb_rwlock_s_spin_waits,0,0,0.000000,enabled
1782985003.882,2026-07-02 09:36:43.883,innodb_rwlock_x_os_waits,0,0,0.000000,enabled
1782985003.882,2026-07-02 09:36:43.883,innodb_rwlock_x_spin_rounds,0,0,0.000000,enabled
1782985003.882,2026-07-02 09:36:43.883,innodb_rwlock_x_spin_waits,0,0,0.000000,enabled
1782985003.882,2026-07-02 09:36:43.883,lock_deadlocks,0,0,0.000000,enabled
1782985003.882,2026-07-02 09:36:43.883,lock_deadlock_false_positives,0,0,0.000000,enabled
1782985003.882,2026-07-02 09:36:43.883,lock_deadlock_rounds,2817,2817,1.091673,enabled
1782985003.882,2026-07-02 09:36:43.883,lock_rec_grant_attempts,425,425,0.164700,enabled
1782985003.882,2026-07-02 09:36:43.883,lock_rec_release_attempts,43578003,43578003,16887.804622,enabled
1782985003.882,2026-07-02 09:36:43.883,lock_row_lock_current_waits,0,0,0.000000,enabled
1782985003.882,2026-07-02 09:36:43.883,lock_row_lock_time,323,323,0.125172,enabled
1782985003.882,2026-07-02 09:36:43.883,lock_row_lock_time_avg,0,0,0.000000,enabled
1782985003.882,2026-07-02 09:36:43.883,lock_row_lock_time_max,29,29,0.000000,enabled
1782985003.882,2026-07-02 09:36:43.883,lock_row_lock_waits,425,425,0.164700,enabled
1782985003.882,2026-07-02 09:36:43.883,lock_schedule_refreshes,2817,2817,1.091673,enabled
1782985003.882,2026-07-02 09:36:43.883,lock_threads_waiting,0,0,0.000000,enabled
1782985003.882,2026-07-02 09:36:43.883,lock_timeouts,0,0,0.000000,enabled
1782985003.882,2026-07-02 09:36:43.883,log_waits,0,0,0.000000,enabled
1782985003.882,2026-07-02 09:36:43.883,log_writes,219220765,219220765,84954.719685,enabled
1782985003.882,2026-07-02 09:36:43.883,log_write_requests,428435330,428435330,166031.732359,enabled
1782985003.882,2026-07-02 09:36:43.883,os_data_fsyncs,63443727,63443727,24586.376130,enabled
1782985003.882,2026-07-02 09:36:43.883,os_data_reads,90013910,90013910,34883.131166,enabled
1782985003.882,2026-07-02 09:36:43.883,os_data_writes,249623022,249623022,96736.522324,enabled
1782985003.882,2026-07-02 09:36:43.883,os_log_bytes_written,137048666624,137048666624,53110531.496647,enabled
1782985003.882,2026-07-02 09:36:43.883,os_log_fsyncs,55304746,55304746,21432.273112,enabled
1782985003.882,2026-07-02 09:36:43.883,os_log_pending_fsyncs,1,1,0.000388,enabled
1782985003.882,2026-07-02 09:36:43.883,os_log_pending_writes,1,1,0.000388,enabled
1782985003.882,2026-07-02 09:36:43.883,trx_rseg_history_len,606,606,0.000000,enabled
1782985004.954,2026-07-02 09:36:44.956,adaptive_hash_searches,0,0,0.000000,enabled
1782985004.954,2026-07-02 09:36:44.956,adaptive_hash_searches_btree,639484542,639484542,247717.156277,enabled
1782985004.954,2026-07-02 09:36:44.956,buffer_data_reads,1470807083520,1470807083520,569746666.215192,enabled
1782985004.954,2026-07-02 09:36:44.956,buffer_data_written,658558159872,658558159872,255105730.737671,enabled
1782985004.954,2026-07-02 09:36:44.956,buffer_pages0_read,7,7,0.002712,enabled
1782985004.954,2026-07-02 09:36:44.956,buffer_pages_created,1822632,1822632,706.033120,enabled
1782985004.954,2026-07-02 09:36:44.956,buffer_pages_read,90024063,90024063,34872.629080,enabled
1782985004.954,2026-07-02 09:36:44.956,buffer_pages_written,29563771,29563771,11452.120568,enabled
1782985004.954,2026-07-02 09:36:44.956,buffer_pool_bytes_data,12849840128,12849840128,0.000000,enabled
1782985004.954,2026-07-02 09:36:44.956,buffer_pool_bytes_dirty,4625252352,4625252352,0.000000,enabled
1782985004.954,2026-07-02 09:36:44.956,buffer_pool_pages_data,784292,784292,0.000000,enabled
1782985004.954,2026-07-02 09:36:44.956,buffer_pool_pages_dirty,282303,282303,0.000000,enabled
1782985004.954,2026-07-02 09:36:44.956,buffer_pool_pages_flushed,29506701,29506701,0.000000,enabled
1782985004.954,2026-07-02 09:36:44.956,buffer_pool_pages_free,2044,2044,0.000000,enabled
1782985004.954,2026-07-02 09:36:44.956,buffer_pool_pages_lru_flushed,0,0,0.000000,enabled
1782985004.954,2026-07-02 09:36:44.956,buffer_pool_pages_misc,96,96,0.000000,enabled
1782985004.954,2026-07-02 09:36:44.956,buffer_pool_pages_total,786432,786432,0.000000,enabled
1782985004.954,2026-07-02 09:36:44.956,buffer_pool_reads,89112160,89112160,34519.386245,enabled
1782985004.954,2026-07-02 09:36:44.956,buffer_pool_read_ahead,803715,803715,311.335156,enabled
1782985004.954,2026-07-02 09:36:44.956,buffer_pool_read_ahead_evicted,25,25,0.009684,enabled
1782985004.954,2026-07-02 09:36:44.956,buffer_pool_read_requests,3085834997,3085834997,1195360.202899,enabled
1782985004.954,2026-07-02 09:36:44.956,buffer_pool_size,12884901888,12884901888,0.000000,enabled
1782985004.954,2026-07-02 09:36:44.956,buffer_pool_wait_free,18945,18945,7.338726,enabled
1782985004.954,2026-07-02 09:36:44.956,buffer_pool_write_requests,633379468,633379468,245352.265942,enabled
1782985004.954,2026-07-02 09:36:44.956,dml_deletes,14341906,14341906,5555.624656,enabled
1782985004.954,2026-07-02 09:36:44.956,dml_inserts,114227313,114227313,44248.238493,enabled
1782985004.954,2026-07-02 09:36:44.956,dml_system_deletes,468,468,0.181289,enabled
1782985004.954,2026-07-02 09:36:44.956,dml_system_inserts,1202,1202,0.465619,enabled
1782985004.954,2026-07-02 09:36:44.956,dml_system_reads,7661,7661,2.967642,enabled
1782985004.954,2026-07-02 09:36:44.956,dml_system_updates,620,620,0.240169,enabled
1782985004.954,2026-07-02 09:36:44.956,dml_updates,28683945,28683945,11111.300824,enabled
1782985004.954,2026-07-02 09:36:44.956,file_num_open_files,35,35,0.000000,enabled
1782985004.954,2026-07-02 09:36:44.956,ibuf_merges,0,0,0.000000,enabled
1782985004.954,2026-07-02 09:36:44.956,ibuf_merges_delete,0,0,0.000000,enabled
1782985004.954,2026-07-02 09:36:44.956,ibuf_merges_delete_mark,0,0,0.000000,enabled
1782985004.954,2026-07-02 09:36:44.956,ibuf_merges_discard_delete,0,0,0.000000,enabled
1782985004.954,2026-07-02 09:36:44.956,ibuf_merges_discard_delete_mark,0,0,0.000000,enabled
1782985004.954,2026-07-02 09:36:44.956,ibuf_merges_discard_insert,0,0,0.000000,enabled
1782985004.954,2026-07-02 09:36:44.956,ibuf_merges_insert,0,0,0.000000,enabled
1782985004.954,2026-07-02 09:36:44.956,ibuf_size,1,1,0.000387,enabled
1782985004.954,2026-07-02 09:36:44.956,innodb_activity_count,19386252,19386252,7509.653248,enabled
1782985004.954,2026-07-02 09:36:44.956,innodb_dblwr_pages_written,29504271,29504271,11429.070631,enabled
1782985004.954,2026-07-02 09:36:44.956,innodb_dblwr_writes,611829,611829,237.004224,enabled
1782985004.954,2026-07-02 09:36:44.956,innodb_page_size,16384,16384,0.000000,enabled
1782985004.954,2026-07-02 09:36:44.956,innodb_rwlock_sx_os_waits,0,0,0.000000,enabled
1782985004.954,2026-07-02 09:36:44.956,innodb_rwlock_sx_spin_rounds,0,0,0.000000,enabled
1782985004.954,2026-07-02 09:36:44.956,innodb_rwlock_sx_spin_waits,0,0,0.000000,enabled
1782985004.954,2026-07-02 09:36:44.956,innodb_rwlock_s_os_waits,0,0,0.000000,enabled
1782985004.954,2026-07-02 09:36:44.956,innodb_rwlock_s_spin_rounds,0,0,0.000000,enabled
1782985004.954,2026-07-02 09:36:44.956,innodb_rwlock_s_spin_waits,0,0,0.000000,enabled
1782985004.954,2026-07-02 09:36:44.956,innodb_rwlock_x_os_waits,0,0,0.000000,enabled
1782985004.954,2026-07-02 09:36:44.956,innodb_rwlock_x_spin_rounds,0,0,0.000000,enabled
1782985004.954,2026-07-02 09:36:44.956,innodb_rwlock_x_spin_waits,0,0,0.000000,enabled
1782985004.954,2026-07-02 09:36:44.956,lock_deadlocks,0,0,0.000000,enabled
1782985004.954,2026-07-02 09:36:44.956,lock_deadlock_false_positives,0,0,0.000000,enabled
1782985004.954,2026-07-02 09:36:44.956,lock_deadlock_rounds,2818,2818,1.091609,enabled
1782985004.954,2026-07-02 09:36:44.956,lock_rec_grant_attempts,425,425,0.164632,enabled
1782985004.954,2026-07-02 09:36:44.956,lock_rec_release_attempts,43592450,43592450,16886.411865,enabled
1782985004.954,2026-07-02 09:36:44.956,lock_row_lock_current_waits,0,0,0.000000,enabled
1782985004.954,2026-07-02 09:36:44.956,lock_row_lock_time,323,323,0.125121,enabled
1782985004.954,2026-07-02 09:36:44.956,lock_row_lock_time_avg,0,0,0.000000,enabled
1782985004.954,2026-07-02 09:36:44.956,lock_row_lock_time_max,29,29,0.000000,enabled
1782985004.954,2026-07-02 09:36:44.956,lock_row_lock_waits,425,425,0.164632,enabled
1782985004.954,2026-07-02 09:36:44.956,lock_schedule_refreshes,2818,2818,1.091609,enabled
1782985004.954,2026-07-02 09:36:44.956,lock_threads_waiting,0,0,0.000000,enabled
1782985004.954,2026-07-02 09:36:44.956,lock_timeouts,0,0,0.000000,enabled
1782985004.954,2026-07-02 09:36:44.956,log_waits,0,0,0.000000,enabled
1782985004.954,2026-07-02 09:36:44.956,log_writes,219298499,219298499,84949.671681,enabled
1782985004.954,2026-07-02 09:36:44.956,log_write_requests,428516153,428516153,165994.326004,enabled
1782985004.954,2026-07-02 09:36:44.956,os_data_fsyncs,63475599,63475599,24588.546909,enabled
1782985004.954,2026-07-02 09:36:44.956,os_data_reads,90069459,90069459,34890.212228,enabled
1782985004.954,2026-07-02 09:36:44.956,os_data_writes,249716906,249716906,96732.854165,enabled
1782985004.954,2026-07-02 09:36:44.956,os_log_bytes_written,137089228288,137089228288,53104263.191021,enabled
1782985004.954,2026-07-02 09:36:44.956,os_log_fsyncs,55331943,55331943,21433.938310,enabled
1782985004.954,2026-07-02 09:36:44.956,os_log_pending_fsyncs,1,1,0.000387,enabled
1782985004.954,2026-07-02 09:36:44.956,os_log_pending_writes,0,0,0.000000,enabled
1782985004.954,2026-07-02 09:36:44.956,trx_rseg_history_len,558,558,0.000000,enabled
1782985006.023,2026-07-02 09:36:46.024,adaptive_hash_searches,0,0,0.000000,enabled
1782985006.023,2026-07-02 09:36:46.024,adaptive_hash_searches_btree,639650353,639650353,247678.593844,enabled
1782985006.023,2026-07-02 09:36:46.024,buffer_data_reads,1471726864896,1471726864896,569866459.199539,enabled
1782985006.023,2026-07-02 09:36:46.024,buffer_data_written,658863776256,658863776256,255118239.614447,enabled
1782985006.023,2026-07-02 09:36:46.024,buffer_pages0_read,7,7,0.002710,enabled
1782985006.023,2026-07-02 09:36:46.024,buffer_pages_created,1822656,1822656,705.749521,enabled
1782985006.023,2026-07-02 09:36:46.024,buffer_pages_read,90080364,90080364,34879.962711,enabled
1782985006.023,2026-07-02 09:36:46.024,buffer_pages_written,29579540,29579540,11453.475651,enabled
1782985006.023,2026-07-02 09:36:46.024,buffer_pool_bytes_data,12855377920,12855377920,0.000000,enabled
1782985006.023,2026-07-02 09:36:46.024,buffer_pool_bytes_dirty,4631691264,4631691264,0.000000,enabled
1782985006.023,2026-07-02 09:36:46.024,buffer_pool_pages_data,784630,784630,0.000000,enabled
1782985006.023,2026-07-02 09:36:46.024,buffer_pool_pages_dirty,282696,282696,0.000000,enabled
1782985006.023,2026-07-02 09:36:46.024,buffer_pool_pages_flushed,29522470,29522470,0.000000,enabled
1782985006.023,2026-07-02 09:36:46.024,buffer_pool_pages_free,1704,1704,0.000000,enabled
1782985006.023,2026-07-02 09:36:46.024,buffer_pool_pages_lru_flushed,0,0,0.000000,enabled
1782985006.023,2026-07-02 09:36:46.024,buffer_pool_pages_misc,96,96,0.000000,enabled
1782985006.023,2026-07-02 09:36:46.024,buffer_pool_pages_total,786432,786432,0.000000,enabled
1782985006.023,2026-07-02 09:36:46.024,buffer_pool_reads,89168382,89168382,34526.835869,enabled
1782985006.023,2026-07-02 09:36:46.024,buffer_pool_read_ahead,803715,803715,311.206002,enabled
1782985006.023,2026-07-02 09:36:46.024,buffer_pool_read_ahead_evicted,25,25,0.009680,enabled
1782985006.023,2026-07-02 09:36:46.024,buffer_pool_read_requests,3086656496,3086656496,1195182.410352,enabled
1782985006.023,2026-07-02 09:36:46.024,buffer_pool_size,12884901888,12884901888,0.000000,enabled
1782985006.023,2026-07-02 09:36:46.024,buffer_pool_wait_free,18945,18945,7.335682,enabled
1782985006.023,2026-07-02 09:36:46.024,buffer_pool_write_requests,633491061,633491061,245293.693547,enabled
1782985006.023,2026-07-02 09:36:46.024,dml_deletes,14346698,14346698,5555.175383,enabled
1782985006.023,2026-07-02 09:36:46.024,dml_inserts,114232104,114232104,44231.736997,enabled
1782985006.023,2026-07-02 09:36:46.024,dml_system_deletes,468,468,0.181214,enabled
1782985006.023,2026-07-02 09:36:46.024,dml_system_inserts,1202,1202,0.465426,enabled
1782985006.023,2026-07-02 09:36:46.024,dml_system_reads,7661,7661,2.966411,enabled
1782985006.023,2026-07-02 09:36:46.024,dml_system_updates,620,620,0.240070,enabled
1782985006.023,2026-07-02 09:36:46.024,dml_updates,28693529,28693529,11110.402255,enabled
1782985006.023,2026-07-02 09:36:46.024,file_num_open_files,35,35,0.000000,enabled
1782985006.023,2026-07-02 09:36:46.024,ibuf_merges,0,0,0.000000,enabled
1782985006.023,2026-07-02 09:36:46.024,ibuf_merges_delete,0,0,0.000000,enabled
1782985006.023,2026-07-02 09:36:46.024,ibuf_merges_delete_mark,0,0,0.000000,enabled
1782985006.023,2026-07-02 09:36:46.024,ibuf_merges_discard_delete,0,0,0.000000,enabled
1782985006.023,2026-07-02 09:36:46.024,ibuf_merges_discard_delete_mark,0,0,0.000000,enabled
1782985006.023,2026-07-02 09:36:46.024,ibuf_merges_discard_insert,0,0,0.000000,enabled
1782985006.023,2026-07-02 09:36:46.024,ibuf_merges_insert,0,0,0.000000,enabled
1782985006.023,2026-07-02 09:36:46.024,ibuf_size,1,1,0.000387,enabled
1782985006.023,2026-07-02 09:36:46.024,innodb_activity_count,19391762,19391762,7508.671367,enabled
1782985006.023,2026-07-02 09:36:46.024,innodb_dblwr_pages_written,29520040,29520040,11430.435142,enabled
1782985006.023,2026-07-02 09:36:46.024,innodb_dblwr_writes,612215,612215,237.055365,enabled
1782985006.023,2026-07-02 09:36:46.024,innodb_page_size,16384,16384,0.000000,enabled
1782985006.023,2026-07-02 09:36:46.024,innodb_rwlock_sx_os_waits,0,0,0.000000,enabled
1782985006.023,2026-07-02 09:36:46.024,innodb_rwlock_sx_spin_rounds,0,0,0.000000,enabled
1782985006.023,2026-07-02 09:36:46.024,innodb_rwlock_sx_spin_waits,0,0,0.000000,enabled
1782985006.023,2026-07-02 09:36:46.024,innodb_rwlock_s_os_waits,0,0,0.000000,enabled
1782985006.023,2026-07-02 09:36:46.024,innodb_rwlock_s_spin_rounds,0,0,0.000000,enabled
1782985006.023,2026-07-02 09:36:46.024,innodb_rwlock_s_spin_waits,0,0,0.000000,enabled
1782985006.023,2026-07-02 09:36:46.024,innodb_rwlock_x_os_waits,0,0,0.000000,enabled
1782985006.023,2026-07-02 09:36:46.024,innodb_rwlock_x_spin_rounds,0,0,0.000000,enabled
1782985006.023,2026-07-02 09:36:46.024,innodb_rwlock_x_spin_waits,0,0,0.000000,enabled
1782985006.023,2026-07-02 09:36:46.024,lock_deadlocks,0,0,0.000000,enabled
1782985006.023,2026-07-02 09:36:46.024,lock_deadlock_false_positives,0,0,0.000000,enabled
1782985006.023,2026-07-02 09:36:46.024,lock_deadlock_rounds,2819,2819,1.091543,enabled
1782985006.023,2026-07-02 09:36:46.024,lock_rec_grant_attempts,425,425,0.164564,enabled
1782985006.023,2026-07-02 09:36:46.024,lock_rec_release_attempts,43607018,43607018,16885.047544,enabled
1782985006.023,2026-07-02 09:36:46.024,lock_row_lock_current_waits,0,0,0.000000,enabled
1782985006.023,2026-07-02 09:36:46.024,lock_row_lock_time,323,323,0.125069,enabled
1782985006.023,2026-07-02 09:36:46.024,lock_row_lock_time_avg,0,0,0.000000,enabled
1782985006.023,2026-07-02 09:36:46.024,lock_row_lock_time_max,29,29,0.000000,enabled
1782985006.023,2026-07-02 09:36:46.024,lock_row_lock_waits,425,425,0.164564,enabled
1782985006.023,2026-07-02 09:36:46.024,lock_schedule_refreshes,2819,2819,1.091543,enabled
1782985006.023,2026-07-02 09:36:46.024,lock_threads_waiting,0,0,0.000000,enabled
1782985006.023,2026-07-02 09:36:46.024,lock_timeouts,0,0,0.000000,enabled
1782985006.023,2026-07-02 09:36:46.024,log_waits,0,0,0.000000,enabled
1782985006.023,2026-07-02 09:36:46.024,log_writes,219377701,219377701,84945.098117,enabled
1782985006.023,2026-07-02 09:36:46.024,log_write_requests,428597630,428597630,165957.011999,enabled
1782985006.023,2026-07-02 09:36:46.024,os_data_fsyncs,63507228,63507228,24590.593477,enabled
1782985006.023,2026-07-02 09:36:46.024,os_data_reads,90125602,90125602,34897.477241,enabled
1782985006.023,2026-07-02 09:36:46.024,os_data_writes,249812149,249812149,96729.603848,enabled
1782985006.023,2026-07-02 09:36:46.024,os_log_bytes_written,137130556928,137130556928,53098235.887828,enabled
1782985006.023,2026-07-02 09:36:46.024,os_log_fsyncs,55358599,55358599,21435.367957,enabled
1782985006.023,2026-07-02 09:36:46.024,os_log_pending_fsyncs,1,1,0.000387,enabled
1782985006.023,2026-07-02 09:36:46.024,os_log_pending_writes,0,0,0.000000,enabled
1782985006.023,2026-07-02 09:36:46.024,trx_rseg_history_len,541,541,0.000000,enabled
1782985007.094,2026-07-02 09:36:47.095,adaptive_hash_searches,0,0,0.000000,enabled
1782985007.094,2026-07-02 09:36:47.095,adaptive_hash_searches_btree,639813581,639813581,247639.087316,enabled
1782985007.094,2026-07-02 09:36:47.095,buffer_data_reads,1472635472384,1472635472384,569981878.445327,enabled
1782985007.094,2026-07-02 09:36:47.095,buffer_data_written,659167110144,659167110144,255129877.292840,enabled
1782985007.094,2026-07-02 09:36:47.095,buffer_pages0_read,7,7,0.002709,enabled
1782985007.094,2026-07-02 09:36:47.095,buffer_pages_created,1822688,1822688,705.469315,enabled
1782985007.094,2026-07-02 09:36:47.095,buffer_pages_read,90135998,90135998,34887.035194,enabled
1782985007.094,2026-07-02 09:36:47.095,buffer_pages_written,29595210,29595210,11454.792304,enabled
1782985007.094,2026-07-02 09:36:47.095,buffer_pool_bytes_data,12857360384,12857360384,0.000000,enabled
1782985007.094,2026-07-02 09:36:47.095,buffer_pool_bytes_dirty,4635787264,4635787264,0.000000,enabled
1782985007.094,2026-07-02 09:36:47.095,buffer_pool_pages_data,784751,784751,0.000000,enabled
1782985007.094,2026-07-02 09:36:47.095,buffer_pool_pages_dirty,282946,282946,0.000000,enabled
1782985007.094,2026-07-02 09:36:47.095,buffer_pool_pages_flushed,29538140,29538140,0.000000,enabled
1782985007.094,2026-07-02 09:36:47.095,buffer_pool_pages_free,1584,1584,0.000000,enabled
1782985007.094,2026-07-02 09:36:47.095,buffer_pool_pages_lru_flushed,0,0,0.000000,enabled
1782985007.094,2026-07-02 09:36:47.095,buffer_pool_pages_misc,96,96,0.000000,enabled
1782985007.094,2026-07-02 09:36:47.095,buffer_pool_pages_total,786432,786432,0.000000,enabled
1782985007.094,2026-07-02 09:36:47.095,buffer_pool_reads,89223961,89223961,34534.033462,enabled
1782985007.094,2026-07-02 09:36:47.095,buffer_pool_read_ahead,803715,803715,311.076981,enabled
1782985007.094,2026-07-02 09:36:47.095,buffer_pool_read_ahead_evicted,25,25,0.009676,enabled
1782985007.094,2026-07-02 09:36:47.095,buffer_pool_read_requests,3087465817,3087465817,1195000.156194,enabled
1782985007.094,2026-07-02 09:36:47.095,buffer_pool_size,12884901888,12884901888,0.000000,enabled
1782985007.094,2026-07-02 09:36:47.095,buffer_pool_wait_free,18945,18945,7.332641,enabled
1782985007.094,2026-07-02 09:36:47.095,buffer_pool_write_requests,633601356,633601356,245234.688809,enabled
1782985007.094,2026-07-02 09:36:47.095,dml_deletes,14351414,14351414,5554.697623,enabled
1782985007.094,2026-07-02 09:36:47.095,dml_inserts,114236818,114236818,44215.223813,enabled
1782985007.094,2026-07-02 09:36:47.095,dml_system_deletes,468,468,0.181139,enabled
1782985007.094,2026-07-02 09:36:47.095,dml_system_inserts,1202,1202,0.465233,enabled
1782985007.094,2026-07-02 09:36:47.095,dml_system_reads,7661,7661,2.965181,enabled
1782985007.094,2026-07-02 09:36:47.095,dml_system_updates,620,620,0.239970,enabled
1782985007.094,2026-07-02 09:36:47.095,dml_updates,28702954,28702954,11109.444005,enabled
1782985007.094,2026-07-02 09:36:47.095,file_num_open_files,35,35,0.000000,enabled
1782985007.094,2026-07-02 09:36:47.095,ibuf_merges,0,0,0.000000,enabled
1782985007.094,2026-07-02 09:36:47.095,ibuf_merges_delete,0,0,0.000000,enabled
1782985007.094,2026-07-02 09:36:47.095,ibuf_merges_delete_mark,0,0,0.000000,enabled
1782985007.094,2026-07-02 09:36:47.095,ibuf_merges_discard_delete,0,0,0.000000,enabled
1782985007.094,2026-07-02 09:36:47.095,ibuf_merges_discard_delete_mark,0,0,0.000000,enabled
1782985007.094,2026-07-02 09:36:47.095,ibuf_merges_discard_insert,0,0,0.000000,enabled
1782985007.094,2026-07-02 09:36:47.095,ibuf_merges_insert,0,0,0.000000,enabled
1782985007.094,2026-07-02 09:36:47.095,ibuf_size,1,1,0.000387,enabled
1782985007.094,2026-07-02 09:36:47.095,innodb_activity_count,19397179,19397179,7507.655034,enabled
1782985007.094,2026-07-02 09:36:47.095,innodb_dblwr_pages_written,29535710,29535710,11431.761322,enabled
1782985007.094,2026-07-02 09:36:47.095,innodb_dblwr_writes,612560,612560,237.090617,enabled
1782985007.094,2026-07-02 09:36:47.095,innodb_page_size,16384,16384,0.000000,enabled
1782985007.094,2026-07-02 09:36:47.095,innodb_rwlock_sx_os_waits,0,0,0.000000,enabled
1782985007.094,2026-07-02 09:36:47.095,innodb_rwlock_sx_spin_rounds,0,0,0.000000,enabled
1782985007.094,2026-07-02 09:36:47.095,innodb_rwlock_sx_spin_waits,0,0,0.000000,enabled
1782985007.094,2026-07-02 09:36:47.095,innodb_rwlock_s_os_waits,0,0,0.000000,enabled
1782985007.094,2026-07-02 09:36:47.095,innodb_rwlock_s_spin_rounds,0,0,0.000000,enabled
1782985007.094,2026-07-02 09:36:47.095,innodb_rwlock_s_spin_waits,0,0,0.000000,enabled
1782985007.094,2026-07-02 09:36:47.095,innodb_rwlock_x_os_waits,0,0,0.000000,enabled
1782985007.094,2026-07-02 09:36:47.095,innodb_rwlock_x_spin_rounds,0,0,0.000000,enabled
1782985007.094,2026-07-02 09:36:47.095,innodb_rwlock_x_spin_waits,0,0,0.000000,enabled
1782985007.094,2026-07-02 09:36:47.095,lock_deadlocks,0,0,0.000000,enabled
1782985007.094,2026-07-02 09:36:47.095,lock_deadlock_false_positives,0,0,0.000000,enabled
1782985007.094,2026-07-02 09:36:47.095,lock_deadlock_rounds,2820,2820,1.091478,enabled
1782985007.094,2026-07-02 09:36:47.095,lock_rec_grant_attempts,425,425,0.164496,enabled
1782985007.094,2026-07-02 09:36:47.095,lock_rec_release_attempts,43621342,43621342,16883.591410,enabled
1782985007.094,2026-07-02 09:36:47.095,lock_row_lock_current_waits,0,0,0.000000,enabled
1782985007.094,2026-07-02 09:36:47.095,lock_row_lock_time,323,323,0.125017,enabled
1782985007.094,2026-07-02 09:36:47.095,lock_row_lock_time_avg,0,0,0.000000,enabled
1782985007.094,2026-07-02 09:36:47.095,lock_row_lock_time_max,29,29,0.000000,enabled
1782985007.094,2026-07-02 09:36:47.095,lock_row_lock_waits,425,425,0.164496,enabled
1782985007.094,2026-07-02 09:36:47.095,lock_schedule_refreshes,2820,2820,1.091478,enabled
1782985007.094,2026-07-02 09:36:47.095,lock_threads_waiting,0,0,0.000000,enabled
1782985007.094,2026-07-02 09:36:47.095,lock_timeouts,0,0,0.000000,enabled
1782985007.094,2026-07-02 09:36:47.095,log_waits,0,0,0.000000,enabled
1782985007.094,2026-07-02 09:36:47.095,log_writes,219455785,219455785,84940.103684,enabled
1782985007.094,2026-07-02 09:36:47.095,log_write_requests,428677989,428677989,165919.311994,enabled
1782985007.094,2026-07-02 09:36:47.095,os_data_fsyncs,63538102,63538102,24592.348398,enabled
1782985007.094,2026-07-02 09:36:47.095,os_data_reads,90181084,90181084,34904.483610,enabled
1782985007.094,2026-07-02 09:36:47.095,os_data_writes,249906161,249906161,96725.888700,enabled
1782985007.094,2026-07-02 09:36:47.095,os_log_bytes_written,137171334144,137171334144,53092005.070236,enabled
1782985007.094,2026-07-02 09:36:47.095,os_log_fsyncs,55384693,55384693,21436.580887,enabled
1782985007.094,2026-07-02 09:36:47.095,os_log_pending_fsyncs,0,0,0.000000,enabled
1782985007.094,2026-07-02 09:36:47.095,os_log_pending_writes,0,0,0.000000,enabled
1782985007.094,2026-07-02 09:36:47.095,trx_rseg_history_len,433,433,0.000000,enabled
1782985008.165,2026-07-02 09:36:48.166,adaptive_hash_searches,0,0,0.000000,enabled
1782985008.165,2026-07-02 09:36:48.166,adaptive_hash_searches_btree,639979474,639979474,247600.624270,enabled
1782985008.165,2026-07-02 09:36:48.166,buffer_data_reads,1473558432256,1473558432256,570102701.030608,enabled
1782985008.165,2026-07-02 09:36:48.166,buffer_data_written,659477375488,659477375488,255144162.967674,enabled
1782985008.165,2026-07-02 09:36:48.166,buffer_pages0_read,7,7,0.002708,enabled
1782985008.165,2026-07-02 09:36:48.166,buffer_pages_created,1822709,1822709,705.185019,enabled
1782985008.165,2026-07-02 09:36:48.166,buffer_pages_read,90192465,90192465,34894.420797,enabled
1782985008.165,2026-07-02 09:36:48.166,buffer_pages_written,29611294,29611294,11456.266951,enabled
1782985008.165,2026-07-02 09:36:48.166,buffer_pool_bytes_data,12853133312,12853133312,0.000000,enabled
1782985008.165,2026-07-02 09:36:48.166,buffer_pool_bytes_dirty,4639555584,4639555584,0.000000,enabled
1782985008.165,2026-07-02 09:36:48.166,buffer_pool_pages_data,784492,784492,0.000000,enabled
1782985008.165,2026-07-02 09:36:48.166,buffer_pool_pages_dirty,283176,283176,0.000000,enabled
1782985008.165,2026-07-02 09:36:48.166,buffer_pool_pages_flushed,29554224,29554224,0.000000,enabled
1782985008.165,2026-07-02 09:36:48.166,buffer_pool_pages_free,1843,1843,0.000000,enabled
1782985008.165,2026-07-02 09:36:48.166,buffer_pool_pages_lru_flushed,0,0,0.000000,enabled
1782985008.165,2026-07-02 09:36:48.166,buffer_pool_pages_misc,97,97,0.000000,enabled
1782985008.165,2026-07-02 09:36:48.166,buffer_pool_pages_total,786432,786432,0.000000,enabled
1782985008.165,2026-07-02 09:36:48.166,buffer_pool_reads,89280373,89280373,34541.543974,enabled
1782985008.165,2026-07-02 09:36:48.166,buffer_pool_read_ahead,803715,803715,310.948037,enabled
1782985008.165,2026-07-02 09:36:48.166,buffer_pool_read_ahead_evicted,25,25,0.009672,enabled
1782985008.165,2026-07-02 09:36:48.166,buffer_pool_read_requests,3088288145,3088288145,1194822.968836,enabled
1782985008.165,2026-07-02 09:36:48.166,buffer_pool_size,12884901888,12884901888,0.000000,enabled
1782985008.165,2026-07-02 09:36:48.166,buffer_pool_wait_free,18945,18945,7.329601,enabled
1782985008.165,2026-07-02 09:36:48.166,buffer_pool_write_requests,633712403,633712403,245175.999994,enabled
1782985008.165,2026-07-02 09:36:48.166,dml_deletes,14356217,14356217,5554.253453,enabled
1782985008.165,2026-07-02 09:36:48.166,dml_inserts,114241624,114241624,44198.756195,enabled
1782985008.165,2026-07-02 09:36:48.166,dml_system_deletes,468,468,0.181064,enabled
1782985008.165,2026-07-02 09:36:48.166,dml_system_inserts,1202,1202,0.465040,enabled
1782985008.165,2026-07-02 09:36:48.166,dml_system_reads,7661,7661,2.963952,enabled
1782985008.165,2026-07-02 09:36:48.166,dml_system_updates,620,620,0.239871,enabled
1782985008.165,2026-07-02 09:36:48.166,dml_updates,28712560,28712560,11108.555643,enabled
1782985008.165,2026-07-02 09:36:48.166,file_num_open_files,35,35,0.000000,enabled
1782985008.165,2026-07-02 09:36:48.166,ibuf_merges,0,0,0.000000,enabled
1782985008.165,2026-07-02 09:36:48.166,ibuf_merges_delete,0,0,0.000000,enabled
1782985008.165,2026-07-02 09:36:48.166,ibuf_merges_delete_mark,0,0,0.000000,enabled
1782985008.165,2026-07-02 09:36:48.166,ibuf_merges_discard_delete,0,0,0.000000,enabled
1782985008.165,2026-07-02 09:36:48.166,ibuf_merges_discard_delete_mark,0,0,0.000000,enabled
1782985008.165,2026-07-02 09:36:48.166,ibuf_merges_discard_insert,0,0,0.000000,enabled
1782985008.165,2026-07-02 09:36:48.166,ibuf_merges_insert,0,0,0.000000,enabled
1782985008.165,2026-07-02 09:36:48.166,ibuf_size,1,1,0.000387,enabled
1782985008.165,2026-07-02 09:36:48.166,innodb_activity_count,19402700,19402700,7506.679161,enabled
1782985008.165,2026-07-02 09:36:48.166,innodb_dblwr_pages_written,29551794,29551794,11433.245622,enabled
1782985008.165,2026-07-02 09:36:48.166,innodb_dblwr_writes,612904,612904,237.125434,enabled
1782985008.165,2026-07-02 09:36:48.166,innodb_page_size,16384,16384,0.000000,enabled
1782985008.165,2026-07-02 09:36:48.166,innodb_rwlock_sx_os_waits,0,0,0.000000,enabled
1782985008.165,2026-07-02 09:36:48.166,innodb_rwlock_sx_spin_rounds,0,0,0.000000,enabled
1782985008.165,2026-07-02 09:36:48.166,innodb_rwlock_sx_spin_waits,0,0,0.000000,enabled
1782985008.165,2026-07-02 09:36:48.166,innodb_rwlock_s_os_waits,0,0,0.000000,enabled
1782985008.165,2026-07-02 09:36:48.166,innodb_rwlock_s_spin_rounds,0,0,0.000000,enabled
1782985008.165,2026-07-02 09:36:48.166,innodb_rwlock_s_spin_waits,0,0,0.000000,enabled
1782985008.165,2026-07-02 09:36:48.166,innodb_rwlock_x_os_waits,0,0,0.000000,enabled
1782985008.165,2026-07-02 09:36:48.166,innodb_rwlock_x_spin_rounds,0,0,0.000000,enabled
1782985008.165,2026-07-02 09:36:48.166,innodb_rwlock_x_spin_waits,0,0,0.000000,enabled
1782985008.165,2026-07-02 09:36:48.166,lock_deadlocks,0,0,0.000000,enabled
1782985008.165,2026-07-02 09:36:48.166,lock_deadlock_false_positives,0,0,0.000000,enabled
1782985008.165,2026-07-02 09:36:48.166,lock_deadlock_rounds,2822,2822,1.091799,enabled
1782985008.165,2026-07-02 09:36:48.166,lock_rec_grant_attempts,425,425,0.164428,enabled
1782985008.165,2026-07-02 09:36:48.166,lock_rec_release_attempts,43635938,43635938,16882.240040,enabled
1782985008.165,2026-07-02 09:36:48.166,lock_row_lock_current_waits,0,0,0.000000,enabled
1782985008.165,2026-07-02 09:36:48.166,lock_row_lock_time,323,323,0.124965,enabled
1782985008.165,2026-07-02 09:36:48.166,lock_row_lock_time_avg,0,0,0.000000,enabled
1782985008.165,2026-07-02 09:36:48.166,lock_row_lock_time_max,29,29,0.000000,enabled
1782985008.165,2026-07-02 09:36:48.166,lock_row_lock_waits,425,425,0.164428,enabled
1782985008.165,2026-07-02 09:36:48.166,lock_schedule_refreshes,2822,2822,1.091799,enabled
1782985008.165,2026-07-02 09:36:48.166,lock_threads_waiting,0,0,0.000000,enabled
1782985008.165,2026-07-02 09:36:48.166,lock_timeouts,0,0,0.000000,enabled
1782985008.165,2026-07-02 09:36:48.166,log_waits,0,0,0.000000,enabled
1782985008.165,2026-07-02 09:36:48.166,log_writes,219534520,219534520,84935.358289,enabled
1782985008.165,2026-07-02 09:36:48.166,log_write_requests,428759638,428759638,165882.128675,enabled
1782985008.165,2026-07-02 09:36:48.166,os_data_fsyncs,63569928,63569928,24594.468106,enabled
1782985008.165,2026-07-02 09:36:48.166,os_data_reads,90237405,90237405,34911.805814,enabled
1782985008.165,2026-07-02 09:36:48.166,os_data_writes,250001244,250001244,96722.582820,enabled
1782985008.165,2026-07-02 09:36:48.166,os_log_bytes_written,137212376064,137212376064,53085877.369008,enabled
1782985008.165,2026-07-02 09:36:48.166,os_log_fsyncs,55411716,55411716,21438.150428,enabled
1782985008.165,2026-07-02 09:36:48.166,os_log_pending_fsyncs,1,1,0.000387,enabled
1782985008.165,2026-07-02 09:36:48.166,os_log_pending_writes,0,0,0.000000,enabled
1782985008.165,2026-07-02 09:36:48.166,trx_rseg_history_len,423,423,0.000000,enabled
1782985009.236,2026-07-02 09:36:49.238,adaptive_hash_searches,0,0,0.000000,enabled
1782985009.236,2026-07-02 09:36:49.238,adaptive_hash_searches_btree,640145216,640145216,247562.155074,enabled
1782985009.236,2026-07-02 09:36:49.238,buffer_data_reads,1474481457664,1474481457664,570223506.181695,enabled
1782985009.236,2026-07-02 09:36:49.238,buffer_data_written,659786064896,659786064896,255157852.969279,enabled
1782985009.236,2026-07-02 09:36:49.238,buffer_pages0_read,7,7,0.002707,enabled
1782985009.236,2026-07-02 09:36:49.238,buffer_pages_created,1822744,1822744,704.906445,enabled
1782985009.236,2026-07-02 09:36:49.238,buffer_pages_read,90248946,90248946,34901.809204,enabled
1782985009.236,2026-07-02 09:36:49.238,buffer_pages_written,29627291,29627291,11457.707897,enabled
1782985009.236,2026-07-02 09:36:49.238,buffer_pool_bytes_data,12853477376,12853477376,0.000000,enabled
1782985009.236,2026-07-02 09:36:49.238,buffer_pool_bytes_dirty,4641701888,4641701888,0.000000,enabled
1782985009.236,2026-07-02 09:36:49.238,buffer_pool_pages_data,784514,784514,0.000000,enabled
1782985009.236,2026-07-02 09:36:49.238,buffer_pool_pages_dirty,283307,283307,0.000000,enabled
1782985009.236,2026-07-02 09:36:49.238,buffer_pool_pages_flushed,29570221,29570221,0.000000,enabled
1782985009.236,2026-07-02 09:36:49.238,buffer_pool_pages_free,1821,1821,0.000000,enabled
1782985009.236,2026-07-02 09:36:49.238,buffer_pool_pages_lru_flushed,0,0,0.000000,enabled
1782985009.236,2026-07-02 09:36:49.238,buffer_pool_pages_misc,97,97,0.000000,enabled
1782985009.236,2026-07-02 09:36:49.238,buffer_pool_pages_total,786432,786432,0.000000,enabled
1782985009.236,2026-07-02 09:36:49.238,buffer_pool_reads,89336799,89336799,34549.057358,enabled
1782985009.236,2026-07-02 09:36:49.238,buffer_pool_read_ahead,803715,803715,310.819233,enabled
1782985009.236,2026-07-02 09:36:49.238,buffer_pool_read_ahead_evicted,25,25,0.009668,enabled
1782985009.236,2026-07-02 09:36:49.238,buffer_pool_read_requests,3089109407,3089109407,1194645.641522,enabled
1782985009.236,2026-07-02 09:36:49.238,buffer_pool_size,12884901888,12884901888,0.000000,enabled
1782985009.236,2026-07-02 09:36:49.238,buffer_pool_wait_free,18945,18945,7.326565,enabled
1782985009.236,2026-07-02 09:36:49.238,buffer_pool_write_requests,633823743,633823743,245117.498847,enabled
1782985009.236,2026-07-02 09:36:49.238,dml_deletes,14361011,14361011,5553.806610,enabled
1782985009.236,2026-07-02 09:36:49.238,dml_inserts,114246418,114246418,44182.301101,enabled
1782985009.236,2026-07-02 09:36:49.238,dml_system_deletes,468,468,0.180989,enabled
1782985009.236,2026-07-02 09:36:49.238,dml_system_inserts,1202,1202,0.464847,enabled
1782985009.236,2026-07-02 09:36:49.238,dml_system_reads,7661,7661,2.962724,enabled
1782985009.236,2026-07-02 09:36:49.238,dml_system_updates,620,620,0.239771,enabled
1782985009.236,2026-07-02 09:36:49.238,dml_updates,28722151,28722151,11107.663096,enabled
1782985009.236,2026-07-02 09:36:49.238,file_num_open_files,35,35,0.000000,enabled
1782985009.236,2026-07-02 09:36:49.238,ibuf_merges,0,0,0.000000,enabled
1782985009.236,2026-07-02 09:36:49.238,ibuf_merges_delete,0,0,0.000000,enabled
1782985009.236,2026-07-02 09:36:49.238,ibuf_merges_delete_mark,0,0,0.000000,enabled
1782985009.236,2026-07-02 09:36:49.238,ibuf_merges_discard_delete,0,0,0.000000,enabled
1782985009.236,2026-07-02 09:36:49.238,ibuf_merges_discard_delete_mark,0,0,0.000000,enabled
1782985009.236,2026-07-02 09:36:49.238,ibuf_merges_discard_insert,0,0,0.000000,enabled
1782985009.236,2026-07-02 09:36:49.238,ibuf_merges_insert,0,0,0.000000,enabled
1782985009.236,2026-07-02 09:36:49.238,ibuf_size,1,1,0.000387,enabled
1782985009.236,2026-07-02 09:36:49.238,innodb_activity_count,19408210,19408210,7505.700449,enabled
1782985009.236,2026-07-02 09:36:49.238,innodb_dblwr_pages_written,29567791,29567791,11434.695975,enabled
1782985009.236,2026-07-02 09:36:49.238,innodb_dblwr_writes,613238,613238,237.156374,enabled
1782985009.236,2026-07-02 09:36:49.238,innodb_page_size,16384,16384,0.000000,enabled
1782985009.236,2026-07-02 09:36:49.238,innodb_rwlock_sx_os_waits,0,0,0.000000,enabled
1782985009.236,2026-07-02 09:36:49.238,innodb_rwlock_sx_spin_rounds,0,0,0.000000,enabled
1782985009.236,2026-07-02 09:36:49.238,innodb_rwlock_sx_spin_waits,0,0,0.000000,enabled
1782985009.236,2026-07-02 09:36:49.238,innodb_rwlock_s_os_waits,0,0,0.000000,enabled
1782985009.236,2026-07-02 09:36:49.238,innodb_rwlock_s_spin_rounds,0,0,0.000000,enabled
1782985009.236,2026-07-02 09:36:49.238,innodb_rwlock_s_spin_waits,0,0,0.000000,enabled
1782985009.236,2026-07-02 09:36:49.238,innodb_rwlock_x_os_waits,0,0,0.000000,enabled
1782985009.236,2026-07-02 09:36:49.238,innodb_rwlock_x_spin_rounds,0,0,0.000000,enabled
1782985009.236,2026-07-02 09:36:49.238,innodb_rwlock_x_spin_waits,0,0,0.000000,enabled
1782985009.236,2026-07-02 09:36:49.238,lock_deadlocks,0,0,0.000000,enabled
1782985009.236,2026-07-02 09:36:49.238,lock_deadlock_false_positives,0,0,0.000000,enabled
1782985009.236,2026-07-02 09:36:49.238,lock_deadlock_rounds,2823,2823,1.091734,enabled
1782985009.236,2026-07-02 09:36:49.238,lock_rec_grant_attempts,425,425,0.164359,enabled
1782985009.236,2026-07-02 09:36:49.238,lock_rec_release_attempts,43650523,43650523,16880.887339,enabled
1782985009.236,2026-07-02 09:36:49.238,lock_row_lock_current_waits,0,0,0.000000,enabled
1782985009.236,2026-07-02 09:36:49.238,lock_row_lock_time,323,323,0.124913,enabled
1782985009.236,2026-07-02 09:36:49.238,lock_row_lock_time_avg,0,0,0.000000,enabled
1782985009.236,2026-07-02 09:36:49.238,lock_row_lock_time_max,29,29,0.000000,enabled
1782985009.236,2026-07-02 09:36:49.238,lock_row_lock_waits,425,425,0.164359,enabled
1782985009.236,2026-07-02 09:36:49.238,lock_schedule_refreshes,2823,2823,1.091734,enabled
1782985009.236,2026-07-02 09:36:49.238,lock_threads_waiting,0,0,0.000000,enabled
1782985009.236,2026-07-02 09:36:49.238,lock_timeouts,0,0,0.000000,enabled
1782985009.236,2026-07-02 09:36:49.238,log_waits,0,0,0.000000,enabled
1782985009.236,2026-07-02 09:36:49.238,log_writes,219613299,219613299,84930.640468,enabled
1782985009.236,2026-07-02 09:36:49.238,log_write_requests,428841215,428841215,165844.961275,enabled
1782985009.236,2026-07-02 09:36:49.238,os_data_fsyncs,63602228,63602228,24596.771373,enabled
1782985009.236,2026-07-02 09:36:49.238,os_data_reads,90293757,90293757,34919.136802,enabled
1782985009.236,2026-07-02 09:36:49.238,os_data_writes,250096285,250096285,96719.271339,enabled
1782985009.236,2026-07-02 09:36:49.238,os_log_bytes_written,137253401088,137253401088,53079752.505058,enabled
1782985009.236,2026-07-02 09:36:49.238,os_log_fsyncs,55439403,55439403,21439.977186,enabled
1782985009.236,2026-07-02 09:36:49.238,os_log_pending_fsyncs,1,1,0.000387,enabled
1782985009.236,2026-07-02 09:36:49.238,os_log_pending_writes,0,0,0.000000,enabled
1782985009.236,2026-07-02 09:36:49.238,trx_rseg_history_len,375,375,0.000000,enabled
1782985010.307,2026-07-02 09:36:50.309,adaptive_hash_searches,0,0,0.000000,enabled
1782985010.307,2026-07-02 09:36:50.309,adaptive_hash_searches_btree,640310035,640310035,247523.643417,enabled
1782985010.307,2026-07-02 09:36:50.309,buffer_data_reads,1475398240768,1475398240768,570342434.520863,enabled
1782985010.307,2026-07-02 09:36:50.309,buffer_data_written,660094608896,660094608896,255171760.153453,enabled
1782985010.307,2026-07-02 09:36:50.309,buffer_pages0_read,7,7,0.002706,enabled
1782985010.307,2026-07-02 09:36:50.309,buffer_pages_created,1822770,1822770,704.625408,enabled
1782985010.307,2026-07-02 09:36:50.309,buffer_pages_read,90305063,90305063,34909.089728,enabled
1782985010.307,2026-07-02 09:36:50.309,buffer_pages_written,29643271,29643271,11459.153846,enabled
1782985010.307,2026-07-02 09:36:50.309,buffer_pool_bytes_data,12851101696,12851101696,0.000000,enabled
1782985010.307,2026-07-02 09:36:50.309,buffer_pool_bytes_dirty,4643061760,4643061760,0.000000,enabled
1782985010.307,2026-07-02 09:36:50.309,buffer_pool_pages_data,784369,784369,0.000000,enabled
1782985010.307,2026-07-02 09:36:50.309,buffer_pool_pages_dirty,283390,283390,0.000000,enabled
1782985010.307,2026-07-02 09:36:50.309,buffer_pool_pages_flushed,29586201,29586201,0.000000,enabled
1782985010.307,2026-07-02 09:36:50.309,buffer_pool_pages_free,1966,1966,0.000000,enabled
1782985010.307,2026-07-02 09:36:50.309,buffer_pool_pages_lru_flushed,0,0,0.000000,enabled
1782985010.307,2026-07-02 09:36:50.309,buffer_pool_pages_misc,97,97,0.000000,enabled
1782985010.307,2026-07-02 09:36:50.309,buffer_pool_pages_total,786432,786432,0.000000,enabled
1782985010.307,2026-07-02 09:36:50.309,buffer_pool_reads,89392864,89392864,34556.463384,enabled
1782985010.307,2026-07-02 09:36:50.309,buffer_pool_read_ahead,803715,803715,310.690882,enabled
1782985010.307,2026-07-02 09:36:50.309,buffer_pool_read_ahead_evicted,25,25,0.009664,enabled
1782985010.307,2026-07-02 09:36:50.309,buffer_pool_read_requests,3089926168,3089926168,1194468.050816,enabled
1782985010.307,2026-07-02 09:36:50.309,buffer_pool_size,12884901888,12884901888,0.000000,enabled
1782985010.307,2026-07-02 09:36:50.309,buffer_pool_wait_free,18945,18945,7.323540,enabled
1782985010.307,2026-07-02 09:36:50.309,buffer_pool_write_requests,633934207,633934207,245058.980338,enabled
1782985010.307,2026-07-02 09:36:50.309,dml_deletes,14365781,14365781,5553.357247,enabled
1782985010.307,2026-07-02 09:36:50.309,dml_inserts,114251187,114251187,44165.900755,enabled
1782985010.307,2026-07-02 09:36:50.309,dml_system_deletes,468,468,0.180914,enabled
1782985010.307,2026-07-02 09:36:50.309,dml_system_inserts,1202,1202,0.464655,enabled
1782985010.307,2026-07-02 09:36:50.309,dml_system_reads,7661,7661,2.961501,enabled
1782985010.307,2026-07-02 09:36:50.309,dml_system_updates,620,620,0.239672,enabled
1782985010.307,2026-07-02 09:36:50.309,dml_updates,28731694,28731694,11106.765512,enabled
1782985010.307,2026-07-02 09:36:50.309,file_num_open_files,35,35,0.000000,enabled
1782985010.307,2026-07-02 09:36:50.309,ibuf_merges,0,0,0.000000,enabled
1782985010.307,2026-07-02 09:36:50.309,ibuf_merges_delete,0,0,0.000000,enabled
1782985010.307,2026-07-02 09:36:50.309,ibuf_merges_delete_mark,0,0,0.000000,enabled
1782985010.307,2026-07-02 09:36:50.309,ibuf_merges_discard_delete,0,0,0.000000,enabled
1782985010.307,2026-07-02 09:36:50.309,ibuf_merges_discard_delete_mark,0,0,0.000000,enabled
1782985010.307,2026-07-02 09:36:50.309,ibuf_merges_discard_insert,0,0,0.000000,enabled
1782985010.307,2026-07-02 09:36:50.309,ibuf_merges_insert,0,0,0.000000,enabled
1782985010.307,2026-07-02 09:36:50.309,ibuf_size,1,1,0.000387,enabled
1782985010.307,2026-07-02 09:36:50.309,innodb_activity_count,19413687,19413687,7504.718383,enabled
1782985010.307,2026-07-02 09:36:50.309,innodb_dblwr_pages_written,29583771,29583771,11436.151663,enabled
1782985010.307,2026-07-02 09:36:50.309,innodb_dblwr_writes,613601,613601,237.198770,enabled
1782985010.307,2026-07-02 09:36:50.309,innodb_page_size,16384,16384,0.000000,enabled
1782985010.307,2026-07-02 09:36:50.309,innodb_rwlock_sx_os_waits,0,0,0.000000,enabled
1782985010.307,2026-07-02 09:36:50.309,innodb_rwlock_sx_spin_rounds,0,0,0.000000,enabled
1782985010.307,2026-07-02 09:36:50.309,innodb_rwlock_sx_spin_waits,0,0,0.000000,enabled
1782985010.307,2026-07-02 09:36:50.309,innodb_rwlock_s_os_waits,0,0,0.000000,enabled
1782985010.307,2026-07-02 09:36:50.309,innodb_rwlock_s_spin_rounds,0,0,0.000000,enabled
1782985010.307,2026-07-02 09:36:50.309,innodb_rwlock_s_spin_waits,0,0,0.000000,enabled
1782985010.307,2026-07-02 09:36:50.309,innodb_rwlock_x_os_waits,0,0,0.000000,enabled
1782985010.307,2026-07-02 09:36:50.309,innodb_rwlock_x_spin_rounds,0,0,0.000000,enabled
1782985010.307,2026-07-02 09:36:50.309,innodb_rwlock_x_spin_waits,0,0,0.000000,enabled
1782985010.307,2026-07-02 09:36:50.309,lock_deadlocks,0,0,0.000000,enabled
1782985010.307,2026-07-02 09:36:50.309,lock_deadlock_false_positives,0,0,0.000000,enabled
1782985010.307,2026-07-02 09:36:50.309,lock_deadlock_rounds,2824,2824,1.091669,enabled
1782985010.307,2026-07-02 09:36:50.309,lock_rec_grant_attempts,425,425,0.164292,enabled
1782985010.307,2026-07-02 09:36:50.309,lock_rec_release_attempts,43665047,43665047,16879.530942,enabled
1782985010.307,2026-07-02 09:36:50.309,lock_row_lock_current_waits,0,0,0.000000,enabled
1782985010.307,2026-07-02 09:36:50.309,lock_row_lock_time,323,323,0.124862,enabled
1782985010.307,2026-07-02 09:36:50.309,lock_row_lock_time_avg,0,0,0.000000,enabled
1782985010.307,2026-07-02 09:36:50.309,lock_row_lock_time_max,29,29,0.000000,enabled
1782985010.307,2026-07-02 09:36:50.309,lock_row_lock_waits,425,425,0.164292,enabled
1782985010.307,2026-07-02 09:36:50.309,lock_schedule_refreshes,2824,2824,1.091669,enabled
1782985010.307,2026-07-02 09:36:50.309,lock_threads_waiting,0,0,0.000000,enabled
1782985010.307,2026-07-02 09:36:50.309,lock_timeouts,0,0,0.000000,enabled
1782985010.307,2026-07-02 09:36:50.309,log_waits,0,0,0.000000,enabled
1782985010.307,2026-07-02 09:36:50.309,log_writes,219691762,219691762,84925.901263,enabled
1782985010.307,2026-07-02 09:36:50.309,log_write_requests,428922383,428922383,165807.855691,enabled
1782985010.307,2026-07-02 09:36:50.309,os_data_fsyncs,63634630,63634630,24599.140116,enabled
1782985010.307,2026-07-02 09:36:50.309,os_data_reads,90349709,90349709,34926.346771,enabled
1782985010.307,2026-07-02 09:36:50.309,os_data_writes,250191007,250191007,96715.949185,enabled
1782985010.307,2026-07-02 09:36:50.309,os_log_bytes_written,137294287872,137294287872,53073639.612488,enabled
1782985010.307,2026-07-02 09:36:50.309,os_log_fsyncs,55466689,55466689,21441.671801,enabled
1782985010.307,2026-07-02 09:36:50.309,os_log_pending_fsyncs,1,1,0.000387,enabled
1782985010.307,2026-07-02 09:36:50.309,os_log_pending_writes,0,0,0.000000,enabled
1782985010.307,2026-07-02 09:36:50.309,trx_rseg_history_len,306,306,0.000000,enabled
1782985011.376,2026-07-02 09:36:51.377,adaptive_hash_searches,0,0,0.000000,enabled
1782985011.376,2026-07-02 09:36:51.377,adaptive_hash_searches_btree,640474060,640474060,247484.629138,enabled
1782985011.376,2026-07-02 09:36:51.377,buffer_data_reads,1476314991104,1476314991104,570460746.787291,enabled
1782985011.376,2026-07-02 09:36:51.377,buffer_data_written,660410709504,660410709504,255188349.714846,enabled
1782985011.376,2026-07-02 09:36:51.377,buffer_pages0_read,7,7,0.002705,enabled
1782985011.376,2026-07-02 09:36:51.377,buffer_pages_created,1822800,1822800,704.345525,enabled
1782985011.376,2026-07-02 09:36:51.377,buffer_pages_read,90361192,90361192,34916.337960,enabled
1782985011.376,2026-07-02 09:36:51.377,buffer_pages_written,29659163,29659163,11460.554462,enabled
1782985011.376,2026-07-02 09:36:51.377,buffer_pool_bytes_data,12844105728,12844105728,0.000000,enabled
1782985011.376,2026-07-02 09:36:51.377,buffer_pool_bytes_dirty,4648288256,4648288256,0.000000,enabled
1782985011.376,2026-07-02 09:36:51.377,buffer_pool_pages_data,783942,783942,0.000000,enabled
1782985011.376,2026-07-02 09:36:51.377,buffer_pool_pages_dirty,283709,283709,0.000000,enabled
1782985011.376,2026-07-02 09:36:51.377,buffer_pool_pages_flushed,29602072,29602072,0.000000,enabled
1782985011.376,2026-07-02 09:36:51.377,buffer_pool_pages_free,2394,2394,0.000000,enabled
1782985011.376,2026-07-02 09:36:51.377,buffer_pool_pages_lru_flushed,0,0,0.000000,enabled
1782985011.376,2026-07-02 09:36:51.377,buffer_pool_pages_misc,96,96,0.000000,enabled
1782985011.376,2026-07-02 09:36:51.377,buffer_pool_pages_total,786432,786432,0.000000,enabled
1782985011.376,2026-07-02 09:36:51.377,buffer_pool_reads,89448930,89448930,34563.833176,enabled
1782985011.376,2026-07-02 09:36:51.377,buffer_pool_read_ahead,803715,803715,310.562361,enabled
1782985011.376,2026-07-02 09:36:51.377,buffer_pool_read_ahead_evicted,25,25,0.009660,enabled
1782985011.376,2026-07-02 09:36:51.377,buffer_pool_read_requests,3090740117,3090740117,1194288.464401,enabled
1782985011.376,2026-07-02 09:36:51.377,buffer_pool_size,12884901888,12884901888,0.000000,enabled
1782985011.376,2026-07-02 09:36:51.377,buffer_pool_wait_free,18945,18945,7.320510,enabled
1782985011.376,2026-07-02 09:36:51.377,buffer_pool_write_requests,634044812,634044812,245000.348045,enabled
1782985011.376,2026-07-02 09:36:51.377,dml_deletes,14370528,14370528,5552.894193,enabled
1782985011.376,2026-07-02 09:36:51.377,dml_inserts,114255936,114255936,44149.465076,enabled
1782985011.376,2026-07-02 09:36:51.377,dml_system_deletes,468,468,0.180839,enabled
1782985011.376,2026-07-02 09:36:51.377,dml_system_inserts,1202,1202,0.464463,enabled
1782985011.376,2026-07-02 09:36:51.377,dml_system_reads,7661,7661,2.960276,enabled
1782985011.376,2026-07-02 09:36:51.377,dml_system_updates,620,620,0.239573,enabled
1782985011.376,2026-07-02 09:36:51.377,dml_updates,28741184,28741184,11105.837836,enabled
1782985011.376,2026-07-02 09:36:51.377,file_num_open_files,35,35,0.000000,enabled
1782985011.376,2026-07-02 09:36:51.377,ibuf_merges,0,0,0.000000,enabled
1782985011.376,2026-07-02 09:36:51.377,ibuf_merges_delete,0,0,0.000000,enabled
1782985011.376,2026-07-02 09:36:51.377,ibuf_merges_delete_mark,0,0,0.000000,enabled
1782985011.376,2026-07-02 09:36:51.377,ibuf_merges_discard_delete,0,0,0.000000,enabled
1782985011.376,2026-07-02 09:36:51.377,ibuf_merges_discard_delete_mark,0,0,0.000000,enabled
1782985011.376,2026-07-02 09:36:51.377,ibuf_merges_discard_insert,0,0,0.000000,enabled
1782985011.376,2026-07-02 09:36:51.377,ibuf_merges_insert,0,0,0.000000,enabled
1782985011.376,2026-07-02 09:36:51.377,ibuf_size,1,1,0.000386,enabled
1782985011.376,2026-07-02 09:36:51.377,innodb_activity_count,19419147,19419147,7503.723606,enabled
1782985011.376,2026-07-02 09:36:51.377,innodb_dblwr_pages_written,29599642,29599642,11437.553408,enabled
1782985011.376,2026-07-02 09:36:51.377,innodb_dblwr_writes,613979,613979,237.246708,enabled
1782985011.376,2026-07-02 09:36:51.377,innodb_page_size,16384,16384,0.000000,enabled
1782985011.376,2026-07-02 09:36:51.377,innodb_rwlock_sx_os_waits,0,0,0.000000,enabled
1782985011.376,2026-07-02 09:36:51.377,innodb_rwlock_sx_spin_rounds,0,0,0.000000,enabled
1782985011.376,2026-07-02 09:36:51.377,innodb_rwlock_sx_spin_waits,0,0,0.000000,enabled
1782985011.376,2026-07-02 09:36:51.377,innodb_rwlock_s_os_waits,0,0,0.000000,enabled
1782985011.376,2026-07-02 09:36:51.377,innodb_rwlock_s_spin_rounds,0,0,0.000000,enabled
1782985011.376,2026-07-02 09:36:51.377,innodb_rwlock_s_spin_waits,0,0,0.000000,enabled
1782985011.376,2026-07-02 09:36:51.377,innodb_rwlock_x_os_waits,0,0,0.000000,enabled
1782985011.376,2026-07-02 09:36:51.377,innodb_rwlock_x_spin_rounds,0,0,0.000000,enabled
1782985011.376,2026-07-02 09:36:51.377,innodb_rwlock_x_spin_waits,0,0,0.000000,enabled
1782985011.376,2026-07-02 09:36:51.377,lock_deadlocks,0,0,0.000000,enabled
1782985011.376,2026-07-02 09:36:51.377,lock_deadlock_false_positives,0,0,0.000000,enabled
1782985011.376,2026-07-02 09:36:51.377,lock_deadlock_rounds,2825,2825,1.091604,enabled
1782985011.376,2026-07-02 09:36:51.377,lock_rec_grant_attempts,425,425,0.164224,enabled
1782985011.376,2026-07-02 09:36:51.377,lock_rec_release_attempts,43679490,43679490,16878.129477,enabled
1782985011.376,2026-07-02 09:36:51.377,lock_row_lock_current_waits,0,0,0.000000,enabled
1782985011.376,2026-07-02 09:36:51.377,lock_row_lock_time,323,323,0.124810,enabled
1782985011.376,2026-07-02 09:36:51.377,lock_row_lock_time_avg,0,0,0.000000,enabled
1782985011.376,2026-07-02 09:36:51.377,lock_row_lock_time_max,29,29,0.000000,enabled
1782985011.376,2026-07-02 09:36:51.377,lock_row_lock_waits,425,425,0.164224,enabled
1782985011.376,2026-07-02 09:36:51.377,lock_schedule_refreshes,2825,2825,1.091604,enabled
1782985011.376,2026-07-02 09:36:51.377,lock_threads_waiting,0,0,0.000000,enabled
1782985011.376,2026-07-02 09:36:51.377,lock_timeouts,0,0,0.000000,enabled
1782985011.376,2026-07-02 09:36:51.377,log_waits,0,0,0.000000,enabled
1782985011.376,2026-07-02 09:36:51.377,log_writes,219769404,219769404,84920.771123,enabled
1782985011.376,2026-07-02 09:36:51.377,log_write_requests,429003225,429003225,165770.503264,enabled
1782985011.376,2026-07-02 09:36:51.377,os_data_fsyncs,63666888,63666888,24601.428918,enabled
1782985011.376,2026-07-02 09:36:51.377,os_data_reads,90405674,90405674,34933.524094,enabled
1782985011.376,2026-07-02 09:36:51.377,os_data_writes,250284862,250284862,96712.206931,enabled
1782985011.376,2026-07-02 09:36:51.377,os_log_bytes_written,137334751744,137334751744,53067320.143103,enabled
1782985011.376,2026-07-02 09:36:51.377,os_log_fsyncs,55494053,55494053,21443.375671,enabled
1782985011.376,2026-07-02 09:36:51.377,os_log_pending_fsyncs,0,0,0.000000,enabled
1782985011.376,2026-07-02 09:36:51.377,os_log_pending_writes,0,0,0.000000,enabled
1782985011.376,2026-07-02 09:36:51.377,trx_rseg_history_len,238,238,0.000000,enabled
1782985012.446,2026-07-02 09:36:52.447,adaptive_hash_searches,0,0,0.000000,enabled
1782985012.446,2026-07-02 09:36:52.447,adaptive_hash_searches_btree,640636524,640636524,247445.201829,enabled
1782985012.446,2026-07-02 09:36:52.447,buffer_data_reads,1477211965952,1477211965952,570571680.872907,enabled
1782985012.446,2026-07-02 09:36:52.447,buffer_data_written,660759714816,660759714816,255217795.108567,enabled
1782985012.446,2026-07-02 09:36:52.447,buffer_pages0_read,7,7,0.002704,enabled
1782985012.446,2026-07-02 09:36:52.447,buffer_pages_created,1822832,1822832,704.067088,enabled
1782985012.446,2026-07-02 09:36:52.447,buffer_pages_read,90416097,90416097,34923.129331,enabled
1782985012.446,2026-07-02 09:36:52.447,buffer_pages_written,29678270,29678270,11463.202900,enabled
1782985012.446,2026-07-02 09:36:52.447,buffer_pool_bytes_data,12851003392,12851003392,0.000000,enabled
1782985012.446,2026-07-02 09:36:52.447,buffer_pool_bytes_dirty,4593991680,4593991680,0.000000,enabled
1782985012.446,2026-07-02 09:36:52.447,buffer_pool_pages_data,784363,784363,0.000000,enabled
1782985012.446,2026-07-02 09:36:52.447,buffer_pool_pages_dirty,280396,280396,0.000000,enabled
1782985012.446,2026-07-02 09:36:52.447,buffer_pool_pages_flushed,29621167,29621167,0.000000,enabled
1782985012.446,2026-07-02 09:36:52.447,buffer_pool_pages_free,1974,1974,0.000000,enabled
1782985012.446,2026-07-02 09:36:52.447,buffer_pool_pages_lru_flushed,0,0,0.000000,enabled
1782985012.446,2026-07-02 09:36:52.447,buffer_pool_pages_misc,96,96,0.000000,enabled
1782985012.446,2026-07-02 09:36:52.447,buffer_pool_pages_total,786432,786432,0.000000,enabled
1782985012.446,2026-07-02 09:36:52.447,buffer_pool_reads,89503761,89503761,34570.741666,enabled
1782985012.446,2026-07-02 09:36:52.447,buffer_pool_read_ahead,803715,803715,310.434143,enabled
1782985012.446,2026-07-02 09:36:52.447,buffer_pool_read_ahead_evicted,25,25,0.009656,enabled
1782985012.446,2026-07-02 09:36:52.447,buffer_pool_read_requests,3091542775,3091542775,1194105.419130,enabled
1782985012.446,2026-07-02 09:36:52.447,buffer_pool_size,12884901888,12884901888,0.000000,enabled
1782985012.446,2026-07-02 09:36:52.447,buffer_pool_wait_free,18945,18945,7.317488,enabled
1782985012.446,2026-07-02 09:36:52.447,buffer_pool_write_requests,634152453,634152453,244940.773970,enabled
1782985012.446,2026-07-02 09:36:52.447,dml_deletes,14375223,14375223,5552.415024,enabled
1782985012.446,2026-07-02 09:36:52.447,dml_inserts,114260630,114260630,44133.050262,enabled
1782985012.446,2026-07-02 09:36:52.447,dml_system_deletes,468,468,0.180765,enabled
1782985012.446,2026-07-02 09:36:52.447,dml_system_inserts,1202,1202,0.464271,enabled
1782985012.446,2026-07-02 09:36:52.447,dml_system_reads,7661,7661,2.959053,enabled
1782985012.446,2026-07-02 09:36:52.447,dml_system_updates,620,620,0.239474,enabled
1782985012.446,2026-07-02 09:36:52.447,dml_updates,28750578,28750578,11104.881021,enabled
1782985012.446,2026-07-02 09:36:52.447,file_num_open_files,35,35,0.000000,enabled
1782985012.446,2026-07-02 09:36:52.447,ibuf_merges,0,0,0.000000,enabled
1782985012.446,2026-07-02 09:36:52.447,ibuf_merges_delete,0,0,0.000000,enabled
1782985012.446,2026-07-02 09:36:52.447,ibuf_merges_delete_mark,0,0,0.000000,enabled
1782985012.446,2026-07-02 09:36:52.447,ibuf_merges_discard_delete,0,0,0.000000,enabled
1782985012.446,2026-07-02 09:36:52.447,ibuf_merges_discard_delete_mark,0,0,0.000000,enabled
1782985012.446,2026-07-02 09:36:52.447,ibuf_merges_discard_insert,0,0,0.000000,enabled
1782985012.446,2026-07-02 09:36:52.447,ibuf_merges_insert,0,0,0.000000,enabled
1782985012.446,2026-07-02 09:36:52.447,ibuf_size,1,1,0.000386,enabled
1782985012.446,2026-07-02 09:36:52.447,innodb_activity_count,19424533,19424533,7502.705905,enabled
1782985012.446,2026-07-02 09:36:52.447,innodb_dblwr_pages_written,29618787,29618787,11440.225966,enabled
1782985012.446,2026-07-02 09:36:52.447,innodb_dblwr_writes,614364,614364,237.297462,enabled
1782985012.446,2026-07-02 09:36:52.447,innodb_page_size,16384,16384,0.000000,enabled
1782985012.446,2026-07-02 09:36:52.447,innodb_rwlock_sx_os_waits,0,0,0.000000,enabled
1782985012.446,2026-07-02 09:36:52.447,innodb_rwlock_sx_spin_rounds,0,0,0.000000,enabled
1782985012.446,2026-07-02 09:36:52.447,innodb_rwlock_sx_spin_waits,0,0,0.000000,enabled
1782985012.446,2026-07-02 09:36:52.447,innodb_rwlock_s_os_waits,0,0,0.000000,enabled
1782985012.446,2026-07-02 09:36:52.447,innodb_rwlock_s_spin_rounds,0,0,0.000000,enabled
1782985012.446,2026-07-02 09:36:52.447,innodb_rwlock_s_spin_waits,0,0,0.000000,enabled
1782985012.446,2026-07-02 09:36:52.447,innodb_rwlock_x_os_waits,0,0,0.000000,enabled
1782985012.446,2026-07-02 09:36:52.447,innodb_rwlock_x_spin_rounds,0,0,0.000000,enabled
1782985012.446,2026-07-02 09:36:52.447,innodb_rwlock_x_spin_waits,0,0,0.000000,enabled
1782985012.446,2026-07-02 09:36:52.447,lock_deadlocks,0,0,0.000000,enabled
1782985012.446,2026-07-02 09:36:52.447,lock_deadlock_false_positives,0,0,0.000000,enabled
1782985012.446,2026-07-02 09:36:52.447,lock_deadlock_rounds,2826,2826,1.091540,enabled
1782985012.446,2026-07-02 09:36:52.447,lock_rec_grant_attempts,425,425,0.164156,enabled
1782985012.446,2026-07-02 09:36:52.447,lock_rec_release_attempts,43693768,43693768,16876.676093,enabled
1782985012.446,2026-07-02 09:36:52.447,lock_row_lock_current_waits,0,0,0.000000,enabled
1782985012.446,2026-07-02 09:36:52.447,lock_row_lock_time,323,323,0.124758,enabled
1782985012.446,2026-07-02 09:36:52.447,lock_row_lock_time_avg,0,0,0.000000,enabled
1782985012.446,2026-07-02 09:36:52.447,lock_row_lock_time_max,29,29,0.000000,enabled
1782985012.446,2026-07-02 09:36:52.447,lock_row_lock_waits,425,425,0.164156,enabled
1782985012.446,2026-07-02 09:36:52.447,lock_schedule_refreshes,2826,2826,1.091540,enabled
1782985012.446,2026-07-02 09:36:52.447,lock_threads_waiting,0,0,0.000000,enabled
1782985012.446,2026-07-02 09:36:52.447,lock_timeouts,0,0,0.000000,enabled
1782985012.446,2026-07-02 09:36:52.447,log_waits,0,0,0.000000,enabled
1782985012.446,2026-07-02 09:36:52.447,log_writes,219845599,219845599,84915.140249,enabled
1782985012.446,2026-07-02 09:36:52.447,log_write_requests,429082771,429082771,165732.786410,enabled
1782985012.446,2026-07-02 09:36:52.447,os_data_fsyncs,63697496,63697496,24603.094154,enabled
1782985012.446,2026-07-02 09:36:52.447,os_data_reads,90460430,90460430,34940.250714,enabled
1782985012.446,2026-07-02 09:36:52.447,os_data_writes,250380413,250380413,96709.184309,enabled
1782985012.446,2026-07-02 09:36:52.447,os_log_bytes_written,137374530048,137374530048,53060774.800983,enabled
1782985012.446,2026-07-02 09:36:52.447,os_log_fsyncs,55519747,55519747,21444.446717,enabled
1782985012.446,2026-07-02 09:36:52.447,os_log_pending_fsyncs,1,1,0.000386,enabled
1782985012.446,2026-07-02 09:36:52.447,os_log_pending_writes,1,1,0.000386,enabled
1782985012.446,2026-07-02 09:36:52.447,trx_rseg_history_len,576,576,0.000000,enabled
1782985013.515,2026-07-02 09:36:53.516,adaptive_hash_searches,0,0,0.000000,enabled
1782985013.515,2026-07-02 09:36:53.516,adaptive_hash_searches_btree,640803931,640803931,247407.381116,enabled
1782985013.515,2026-07-02 09:36:53.516,buffer_data_reads,1478147639808,1478147639808,570696684.903896,enabled
1782985013.515,2026-07-02 09:36:53.516,buffer_data_written,661070899712,661070899712,255232265.340684,enabled
1782985013.515,2026-07-02 09:36:53.516,buffer_pages0_read,7,7,0.002703,enabled
1782985013.515,2026-07-02 09:36:53.516,buffer_pages_created,1822863,1822863,703.787534,enabled
1782985013.515,2026-07-02 09:36:53.516,buffer_pages_read,90473362,90473362,34930.778535,enabled
1782985013.515,2026-07-02 09:36:53.516,buffer_pages_written,29694345,29694345,11464.662882,enabled
1782985013.515,2026-07-02 09:36:53.516,buffer_pool_bytes_data,12856770560,12856770560,0.000000,enabled
1782985013.515,2026-07-02 09:36:53.516,buffer_pool_bytes_dirty,4598693888,4598693888,0.000000,enabled
1782985013.515,2026-07-02 09:36:53.516,buffer_pool_pages_data,784715,784715,0.000000,enabled
1782985013.515,2026-07-02 09:36:53.516,buffer_pool_pages_dirty,280682,280682,0.000000,enabled
1782985013.515,2026-07-02 09:36:53.516,buffer_pool_pages_flushed,29637275,29637275,0.000000,enabled
1782985013.515,2026-07-02 09:36:53.516,buffer_pool_pages_free,1621,1621,0.000000,enabled
1782985013.515,2026-07-02 09:36:53.516,buffer_pool_pages_lru_flushed,0,0,0.000000,enabled
1782985013.515,2026-07-02 09:36:53.516,buffer_pool_pages_misc,96,96,0.000000,enabled
1782985013.515,2026-07-02 09:36:53.516,buffer_pool_pages_total,786432,786432,0.000000,enabled
1782985013.515,2026-07-02 09:36:53.516,buffer_pool_reads,89560975,89560975,34578.516979,enabled
1782985013.515,2026-07-02 09:36:53.516,buffer_pool_read_ahead,803715,803715,310.305605,enabled
1782985013.515,2026-07-02 09:36:53.516,buffer_pool_read_ahead_evicted,25,25,0.009652,enabled
1782985013.515,2026-07-02 09:36:53.516,buffer_pool_read_requests,3092373702,3092373702,1193931.799833,enabled
1782985013.515,2026-07-02 09:36:53.516,buffer_pool_size,12884901888,12884901888,0.000000,enabled
1782985013.515,2026-07-02 09:36:53.516,buffer_pool_wait_free,18945,18945,7.314458,enabled
1782985013.515,2026-07-02 09:36:53.516,buffer_pool_write_requests,634265943,634265943,244883.171065,enabled
1782985013.515,2026-07-02 09:36:53.516,dml_deletes,14380064,14380064,5551.985109,enabled
1782985013.515,2026-07-02 09:36:53.516,dml_inserts,114265472,114265472,44116.646457,enabled
1782985013.515,2026-07-02 09:36:53.516,dml_system_deletes,468,468,0.180690,enabled
1782985013.515,2026-07-02 09:36:53.516,dml_system_inserts,1202,1202,0.464079,enabled
1782985013.515,2026-07-02 09:36:53.516,dml_system_reads,7661,7661,2.957828,enabled
1782985013.515,2026-07-02 09:36:53.516,dml_system_updates,620,620,0.239375,enabled
1782985013.515,2026-07-02 09:36:53.516,dml_updates,28760264,28760264,11104.022718,enabled
1782985013.515,2026-07-02 09:36:53.516,file_num_open_files,35,35,0.000000,enabled
1782985013.515,2026-07-02 09:36:53.516,ibuf_merges,0,0,0.000000,enabled
1782985013.515,2026-07-02 09:36:53.516,ibuf_merges_delete,0,0,0.000000,enabled
1782985013.515,2026-07-02 09:36:53.516,ibuf_merges_delete_mark,0,0,0.000000,enabled
1782985013.515,2026-07-02 09:36:53.516,ibuf_merges_discard_delete,0,0,0.000000,enabled
1782985013.515,2026-07-02 09:36:53.516,ibuf_merges_discard_delete_mark,0,0,0.000000,enabled
1782985013.515,2026-07-02 09:36:53.516,ibuf_merges_discard_insert,0,0,0.000000,enabled
1782985013.515,2026-07-02 09:36:53.516,ibuf_merges_insert,0,0,0.000000,enabled
1782985013.515,2026-07-02 09:36:53.516,ibuf_size,1,1,0.000386,enabled
1782985013.515,2026-07-02 09:36:53.516,innodb_activity_count,19430097,19430097,7501.747613,enabled
1782985013.515,2026-07-02 09:36:53.516,innodb_dblwr_pages_written,29634845,29634845,11441.688960,enabled
1782985013.515,2026-07-02 09:36:53.516,innodb_dblwr_writes,614683,614683,237.322372,enabled
1782985013.515,2026-07-02 09:36:53.516,innodb_page_size,16384,16384,0.000000,enabled
1782985013.515,2026-07-02 09:36:53.516,innodb_rwlock_sx_os_waits,0,0,0.000000,enabled
1782985013.515,2026-07-02 09:36:53.516,innodb_rwlock_sx_spin_rounds,0,0,0.000000,enabled
1782985013.515,2026-07-02 09:36:53.516,innodb_rwlock_sx_spin_waits,0,0,0.000000,enabled
1782985013.515,2026-07-02 09:36:53.516,innodb_rwlock_s_os_waits,0,0,0.000000,enabled
1782985013.515,2026-07-02 09:36:53.516,innodb_rwlock_s_spin_rounds,0,0,0.000000,enabled
1782985013.515,2026-07-02 09:36:53.516,innodb_rwlock_s_spin_waits,0,0,0.000000,enabled
1782985013.515,2026-07-02 09:36:53.516,innodb_rwlock_x_os_waits,0,0,0.000000,enabled
1782985013.515,2026-07-02 09:36:53.516,innodb_rwlock_x_spin_rounds,0,0,0.000000,enabled
1782985013.515,2026-07-02 09:36:53.516,innodb_rwlock_x_spin_waits,0,0,0.000000,enabled
1782985013.515,2026-07-02 09:36:53.516,lock_deadlocks,0,0,0.000000,enabled
1782985013.515,2026-07-02 09:36:53.516,lock_deadlock_false_positives,0,0,0.000000,enabled
1782985013.515,2026-07-02 09:36:53.516,lock_deadlock_rounds,2827,2827,1.091474,enabled
1782985013.515,2026-07-02 09:36:53.516,lock_rec_grant_attempts,425,425,0.164088,enabled
1782985013.515,2026-07-02 09:36:53.516,lock_rec_release_attempts,43708466,43708466,16875.362852,enabled
1782985013.515,2026-07-02 09:36:53.516,lock_row_lock_current_waits,0,0,0.000000,enabled
1782985013.515,2026-07-02 09:36:53.516,lock_row_lock_time,323,323,0.124707,enabled
1782985013.515,2026-07-02 09:36:53.516,lock_row_lock_time_avg,0,0,0.000000,enabled
1782985013.515,2026-07-02 09:36:53.516,lock_row_lock_time_max,29,29,0.000000,enabled
1782985013.515,2026-07-02 09:36:53.516,lock_row_lock_waits,425,425,0.164088,enabled
1782985013.515,2026-07-02 09:36:53.516,lock_schedule_refreshes,2827,2827,1.091474,enabled
1782985013.515,2026-07-02 09:36:53.516,lock_threads_waiting,0,0,0.000000,enabled
1782985013.515,2026-07-02 09:36:53.516,lock_timeouts,0,0,0.000000,enabled
1782985013.515,2026-07-02 09:36:53.516,log_waits,0,0,0.000000,enabled
1782985013.515,2026-07-02 09:36:53.516,log_writes,219925977,219925977,84911.014178,enabled
1782985013.515,2026-07-02 09:36:53.516,log_write_requests,429165577,429165577,165696.135193,enabled
1782985013.515,2026-07-02 09:36:53.516,os_data_fsyncs,63730372,63730372,24605.600249,enabled
1782985013.515,2026-07-02 09:36:53.516,os_data_reads,90517529,90517529,34947.828913,enabled
1782985013.515,2026-07-02 09:36:53.516,os_data_writes,250477101,250477101,96706.471814,enabled
1782985013.515,2026-07-02 09:36:53.516,os_log_bytes_written,137416538624,137416538624,53055023.925652,enabled
1782985013.515,2026-07-02 09:36:53.516,os_log_fsyncs,55547943,55547943,21446.453769,enabled
1782985013.515,2026-07-02 09:36:53.516,os_log_pending_fsyncs,1,1,0.000386,enabled
1782985013.515,2026-07-02 09:36:53.516,os_log_pending_writes,0,0,0.000000,enabled
1782985013.515,2026-07-02 09:36:53.516,trx_rseg_history_len,67,67,0.000000,enabled
1782985014.588,2026-07-02 09:36:54.590,adaptive_hash_searches,0,0,0.000000,enabled
1782985014.588,2026-07-02 09:36:54.590,adaptive_hash_searches_btree,640970262,640970262,247369.119434,enabled
1782985014.588,2026-07-02 09:36:54.590,buffer_data_reads,1479073483264,1479073483264,570817658.842319,enabled
1782985014.588,2026-07-02 09:36:54.590,buffer_data_written,661375299584,661375299584,255244045.780493,enabled
1782985014.588,2026-07-02 09:36:54.590,buffer_pages0_read,7,7,0.002702,enabled
1782985014.588,2026-07-02 09:36:54.590,buffer_pages_created,1822894,1822894,703.508044,enabled
1782985014.588,2026-07-02 09:36:54.590,buffer_pages_read,90530024,90530024,34938.180571,enabled
1782985014.588,2026-07-02 09:36:54.590,buffer_pages_written,29710057,29710057,11465.978839,enabled
1782985014.588,2026-07-02 09:36:54.590,buffer_pool_bytes_data,12862144512,12862144512,0.000000,enabled
1782985014.588,2026-07-02 09:36:54.590,buffer_pool_bytes_dirty,4608704512,4608704512,0.000000,enabled
1782985014.588,2026-07-02 09:36:54.590,buffer_pool_pages_data,785043,785043,0.000000,enabled
1782985014.588,2026-07-02 09:36:54.590,buffer_pool_pages_dirty,281293,281293,0.000000,enabled
1782985014.588,2026-07-02 09:36:54.590,buffer_pool_pages_flushed,29652987,29652987,0.000000,enabled
1782985014.588,2026-07-02 09:36:54.590,buffer_pool_pages_free,1293,1293,0.000000,enabled
1782985014.588,2026-07-02 09:36:54.590,buffer_pool_pages_lru_flushed,0,0,0.000000,enabled
1782985014.588,2026-07-02 09:36:54.590,buffer_pool_pages_misc,96,96,0.000000,enabled
1782985014.588,2026-07-02 09:36:54.590,buffer_pool_pages_total,786432,786432,0.000000,enabled
1782985014.588,2026-07-02 09:36:54.590,buffer_pool_reads,89617582,89617582,34586.043712,enabled
1782985014.588,2026-07-02 09:36:54.590,buffer_pool_read_ahead,803715,803715,310.177102,enabled
1782985014.588,2026-07-02 09:36:54.590,buffer_pool_read_ahead_evicted,25,25,0.009648,enabled
1782985014.588,2026-07-02 09:36:54.590,buffer_pool_read_requests,3093197589,3093197589,1193755.332805,enabled
1782985014.588,2026-07-02 09:36:54.590,buffer_pool_size,12884901888,12884901888,0.000000,enabled
1782985014.588,2026-07-02 09:36:54.590,buffer_pool_wait_free,18945,18945,7.311429,enabled
1782985014.588,2026-07-02 09:36:54.590,buffer_pool_write_requests,634377708,634377708,244824.893855,enabled
1782985014.588,2026-07-02 09:36:54.590,dml_deletes,14384875,14384875,5551.542684,enabled
1782985014.588,2026-07-02 09:36:54.590,dml_inserts,114270283,114270283,44100.234035,enabled
1782985014.588,2026-07-02 09:36:54.590,dml_system_deletes,468,468,0.180615,enabled
1782985014.588,2026-07-02 09:36:54.590,dml_system_inserts,1202,1202,0.463887,enabled
1782985014.588,2026-07-02 09:36:54.590,dml_system_reads,7661,7661,2.956603,enabled
1782985014.588,2026-07-02 09:36:54.590,dml_system_updates,620,620,0.239276,enabled
1782985014.588,2026-07-02 09:36:54.590,dml_updates,28769882,28769882,11103.136298,enabled
1782985014.588,2026-07-02 09:36:54.590,file_num_open_files,35,35,0.000000,enabled
1782985014.588,2026-07-02 09:36:54.590,ibuf_merges,0,0,0.000000,enabled
1782985014.588,2026-07-02 09:36:54.590,ibuf_merges_delete,0,0,0.000000,enabled
1782985014.588,2026-07-02 09:36:54.590,ibuf_merges_delete_mark,0,0,0.000000,enabled
1782985014.588,2026-07-02 09:36:54.590,ibuf_merges_discard_delete,0,0,0.000000,enabled
1782985014.588,2026-07-02 09:36:54.590,ibuf_merges_discard_delete_mark,0,0,0.000000,enabled
1782985014.588,2026-07-02 09:36:54.590,ibuf_merges_discard_insert,0,0,0.000000,enabled
1782985014.588,2026-07-02 09:36:54.590,ibuf_merges_insert,0,0,0.000000,enabled
1782985014.588,2026-07-02 09:36:54.590,ibuf_size,1,1,0.000386,enabled
1782985014.588,2026-07-02 09:36:54.590,innodb_activity_count,19435621,19435621,7500.772938,enabled
1782985014.588,2026-07-02 09:36:54.590,innodb_dblwr_pages_written,29650557,29650557,11443.014571,enabled
1782985014.588,2026-07-02 09:36:54.590,innodb_dblwr_writes,615044,615044,237.363415,enabled
1782985014.588,2026-07-02 09:36:54.590,innodb_page_size,16384,16384,0.000000,enabled
1782985014.588,2026-07-02 09:36:54.590,innodb_rwlock_sx_os_waits,0,0,0.000000,enabled
1782985014.588,2026-07-02 09:36:54.590,innodb_rwlock_sx_spin_rounds,0,0,0.000000,enabled
1782985014.588,2026-07-02 09:36:54.590,innodb_rwlock_sx_spin_waits,0,0,0.000000,enabled
1782985014.588,2026-07-02 09:36:54.590,innodb_rwlock_s_os_waits,0,0,0.000000,enabled
1782985014.588,2026-07-02 09:36:54.590,innodb_rwlock_s_spin_rounds,0,0,0.000000,enabled
1782985014.588,2026-07-02 09:36:54.590,innodb_rwlock_s_spin_waits,0,0,0.000000,enabled
1782985014.588,2026-07-02 09:36:54.590,innodb_rwlock_x_os_waits,0,0,0.000000,enabled
1782985014.588,2026-07-02 09:36:54.590,innodb_rwlock_x_spin_rounds,0,0,0.000000,enabled
1782985014.588,2026-07-02 09:36:54.590,innodb_rwlock_x_spin_waits,0,0,0.000000,enabled
1782985014.588,2026-07-02 09:36:54.590,lock_deadlocks,0,0,0.000000,enabled
1782985014.588,2026-07-02 09:36:54.590,lock_deadlock_false_positives,0,0,0.000000,enabled
1782985014.588,2026-07-02 09:36:54.590,lock_deadlock_rounds,2828,2828,1.091408,enabled
1782985014.588,2026-07-02 09:36:54.590,lock_rec_grant_attempts,425,425,0.164020,enabled
1782985014.588,2026-07-02 09:36:54.590,lock_rec_release_attempts,43723072,43723072,16874.011345,enabled
1782985014.588,2026-07-02 09:36:54.590,lock_row_lock_current_waits,0,0,0.000000,enabled
1782985014.588,2026-07-02 09:36:54.590,lock_row_lock_time,323,323,0.124655,enabled
1782985014.588,2026-07-02 09:36:54.590,lock_row_lock_time_avg,0,0,0.000000,enabled
1782985014.588,2026-07-02 09:36:54.590,lock_row_lock_time_max,29,29,0.000000,enabled
1782985014.588,2026-07-02 09:36:54.590,lock_row_lock_waits,425,425,0.164020,enabled
1782985014.588,2026-07-02 09:36:54.590,lock_schedule_refreshes,2828,2828,1.091408,enabled
1782985014.588,2026-07-02 09:36:54.590,lock_threads_waiting,0,0,0.000000,enabled
1782985014.588,2026-07-02 09:36:54.590,lock_timeouts,0,0,0.000000,enabled
1782985014.588,2026-07-02 09:36:54.590,log_waits,0,0,0.000000,enabled
1782985014.588,2026-07-02 09:36:54.590,log_writes,220005286,220005286,84906.459340,enabled
1782985014.588,2026-07-02 09:36:54.590,log_write_requests,429247365,429247365,165659.083141,enabled
1782985014.588,2026-07-02 09:36:54.590,os_data_fsyncs,63762820,63762820,24607.933410,enabled
1782985014.588,2026-07-02 09:36:54.590,os_data_reads,90574018,90574018,34955.157350,enabled
1782985014.588,2026-07-02 09:36:54.590,os_data_writes,250572395,250572395,96703.201239,enabled
1782985014.588,2026-07-02 09:36:54.590,os_log_bytes_written,137457804288,137457804288,53048978.851180,enabled
1782985014.588,2026-07-02 09:36:54.590,os_log_fsyncs,55575599,55575599,21448.245806,enabled
1782985014.588,2026-07-02 09:36:54.590,os_log_pending_fsyncs,1,1,0.000386,enabled
1782985014.588,2026-07-02 09:36:54.590,os_log_pending_writes,0,0,0.000000,enabled
1782985014.588,2026-07-02 09:36:54.590,trx_rseg_history_len,54,54,0.000000,enabled
1782985015.661,2026-07-02 09:36:55.662,adaptive_hash_searches,0,0,0.000000,enabled
1782985015.661,2026-07-02 09:36:55.662,adaptive_hash_searches_btree,641134302,641134302,247330.288869,enabled
1782985015.661,2026-07-02 09:36:55.662,buffer_data_reads,1479984400896,1479984400896,570933434.902375,enabled
1782985015.661,2026-07-02 09:36:55.662,buffer_data_written,661683038720,661683038720,255257399.786153,enabled
1782985015.661,2026-07-02 09:36:55.662,buffer_pages0_read,7,7,0.002700,enabled
1782985015.661,2026-07-02 09:36:55.662,buffer_pages_created,1822935,1822935,703.233459,enabled
1782985015.661,2026-07-02 09:36:55.662,buffer_pages_read,90585790,90585790,34945.271249,enabled
1782985015.661,2026-07-02 09:36:55.662,buffer_pages_written,29726008,29726008,11467.399199,enabled
1782985015.661,2026-07-02 09:36:55.662,buffer_pool_bytes_data,12860424192,12860424192,0.000000,enabled
1782985015.661,2026-07-02 09:36:55.662,buffer_pool_bytes_dirty,4608147456,4608147456,0.000000,enabled
1782985015.661,2026-07-02 09:36:55.662,buffer_pool_pages_data,784938,784938,0.000000,enabled
1782985015.661,2026-07-02 09:36:55.662,buffer_pool_pages_dirty,281259,281259,0.000000,enabled
1782985015.661,2026-07-02 09:36:55.662,buffer_pool_pages_flushed,29668938,29668938,0.000000,enabled
1782985015.661,2026-07-02 09:36:55.662,buffer_pool_pages_free,1398,1398,0.000000,enabled
1782985015.661,2026-07-02 09:36:55.662,buffer_pool_pages_lru_flushed,0,0,0.000000,enabled
1782985015.661,2026-07-02 09:36:55.662,buffer_pool_pages_misc,96,96,0.000000,enabled
1782985015.661,2026-07-02 09:36:55.662,buffer_pool_pages_total,786432,786432,0.000000,enabled
1782985015.661,2026-07-02 09:36:55.662,buffer_pool_reads,89673287,89673287,34593.256125,enabled
1782985015.661,2026-07-02 09:36:55.662,buffer_pool_read_ahead,803715,803715,310.049062,enabled
1782985015.661,2026-07-02 09:36:55.662,buffer_pool_read_ahead_evicted,25,25,0.009644,enabled
1782985015.661,2026-07-02 09:36:55.662,buffer_pool_read_requests,3094007334,3094007334,1193574.933318,enabled
1782985015.661,2026-07-02 09:36:55.662,buffer_pool_size,12884901888,12884901888,0.000000,enabled
1782985015.661,2026-07-02 09:36:55.662,buffer_pool_wait_free,18945,18945,7.308411,enabled
1782985015.661,2026-07-02 09:36:55.662,buffer_pool_write_requests,634484928,634484928,244765.193931,enabled
1782985015.661,2026-07-02 09:36:55.662,dml_deletes,14389621,14389621,5551.081903,enabled
1782985015.661,2026-07-02 09:36:55.662,dml_inserts,114275027,114275027,44083.859807,enabled
1782985015.661,2026-07-02 09:36:55.662,dml_system_deletes,468,468,0.180540,enabled
1782985015.661,2026-07-02 09:36:55.662,dml_system_inserts,1202,1202,0.463695,enabled
1782985015.661,2026-07-02 09:36:55.662,dml_system_reads,7661,7661,2.955383,enabled
1782985015.661,2026-07-02 09:36:55.662,dml_system_updates,620,620,0.239177,enabled
1782985015.661,2026-07-02 09:36:55.662,dml_updates,28779368,28779368,11102.212403,enabled
1782985015.661,2026-07-02 09:36:55.662,file_num_open_files,35,35,0.000000,enabled
1782985015.661,2026-07-02 09:36:55.662,ibuf_merges,0,0,0.000000,enabled
1782985015.661,2026-07-02 09:36:55.662,ibuf_merges_delete,0,0,0.000000,enabled
1782985015.661,2026-07-02 09:36:55.662,ibuf_merges_delete_mark,0,0,0.000000,enabled
1782985015.661,2026-07-02 09:36:55.662,ibuf_merges_discard_delete,0,0,0.000000,enabled
1782985015.661,2026-07-02 09:36:55.662,ibuf_merges_discard_delete_mark,0,0,0.000000,enabled
1782985015.661,2026-07-02 09:36:55.662,ibuf_merges_discard_insert,0,0,0.000000,enabled
1782985015.661,2026-07-02 09:36:55.662,ibuf_merges_insert,0,0,0.000000,enabled
1782985015.661,2026-07-02 09:36:55.662,ibuf_size,1,1,0.000386,enabled
1782985015.661,2026-07-02 09:36:55.662,innodb_activity_count,19441063,19441063,7499.776031,enabled
1782985015.661,2026-07-02 09:36:55.662,innodb_dblwr_pages_written,29666508,29666508,11444.444380,enabled
1782985015.661,2026-07-02 09:36:55.662,innodb_dblwr_writes,615411,615411,237.407010,enabled
1782985015.661,2026-07-02 09:36:55.662,innodb_page_size,16384,16384,0.000000,enabled
1782985015.661,2026-07-02 09:36:55.662,innodb_rwlock_sx_os_waits,0,0,0.000000,enabled
1782985015.661,2026-07-02 09:36:55.662,innodb_rwlock_sx_spin_rounds,0,0,0.000000,enabled
1782985015.661,2026-07-02 09:36:55.662,innodb_rwlock_sx_spin_waits,0,0,0.000000,enabled
1782985015.661,2026-07-02 09:36:55.662,innodb_rwlock_s_os_waits,0,0,0.000000,enabled
1782985015.661,2026-07-02 09:36:55.662,innodb_rwlock_s_spin_rounds,0,0,0.000000,enabled
1782985015.661,2026-07-02 09:36:55.662,innodb_rwlock_s_spin_waits,0,0,0.000000,enabled
1782985015.661,2026-07-02 09:36:55.662,innodb_rwlock_x_os_waits,0,0,0.000000,enabled
1782985015.661,2026-07-02 09:36:55.662,innodb_rwlock_x_spin_rounds,0,0,0.000000,enabled
1782985015.661,2026-07-02 09:36:55.662,innodb_rwlock_x_spin_waits,0,0,0.000000,enabled
1782985015.661,2026-07-02 09:36:55.662,lock_deadlocks,0,0,0.000000,enabled
1782985015.661,2026-07-02 09:36:55.662,lock_deadlock_false_positives,0,0,0.000000,enabled
1782985015.661,2026-07-02 09:36:55.662,lock_deadlock_rounds,2829,2829,1.091343,enabled
1782985015.661,2026-07-02 09:36:55.662,lock_rec_grant_attempts,425,425,0.163952,enabled
1782985015.661,2026-07-02 09:36:55.662,lock_rec_release_attempts,43737515,43737515,16872.617604,enabled
1782985015.661,2026-07-02 09:36:55.662,lock_row_lock_current_waits,0,0,0.000000,enabled
1782985015.661,2026-07-02 09:36:55.662,lock_row_lock_time,323,323,0.124604,enabled
1782985015.661,2026-07-02 09:36:55.662,lock_row_lock_time_avg,0,0,0.000000,enabled
1782985015.661,2026-07-02 09:36:55.662,lock_row_lock_time_max,29,29,0.000000,enabled
1782985015.661,2026-07-02 09:36:55.662,lock_row_lock_waits,425,425,0.163952,enabled
1782985015.661,2026-07-02 09:36:55.662,lock_schedule_refreshes,2829,2829,1.091343,enabled
1782985015.661,2026-07-02 09:36:55.662,lock_threads_waiting,0,0,0.000000,enabled
1782985015.661,2026-07-02 09:36:55.662,lock_timeouts,0,0,0.000000,enabled
1782985015.661,2026-07-02 09:36:55.662,log_waits,0,0,0.000000,enabled
1782985015.661,2026-07-02 09:36:55.662,log_writes,220082896,220082896,84901.350224,enabled
1782985015.661,2026-07-02 09:36:55.662,log_write_requests,429326950,429326950,165621.401889,enabled
1782985015.661,2026-07-02 09:36:55.662,os_data_fsyncs,63794219,63794219,24609.888274,enabled
1782985015.661,2026-07-02 09:36:55.662,os_data_reads,90629616,90629616,34962.176229,enabled
1782985015.661,2026-07-02 09:36:55.662,os_data_writes,250666243,250666243,96699.486798,enabled
1782985015.661,2026-07-02 09:36:55.662,os_log_bytes_written,137498266624,137498266624,53042689.871960,enabled
1782985015.661,2026-07-02 09:36:55.662,os_log_fsyncs,55602248,55602248,21449.672545,enabled
1782985015.661,2026-07-02 09:36:55.662,os_log_pending_fsyncs,1,1,0.000386,enabled
1782985015.661,2026-07-02 09:36:55.662,os_log_pending_writes,0,0,0.000000,enabled
1782985015.661,2026-07-02 09:36:55.662,trx_rseg_history_len,1203,1203,0.000000,enabled
1782985016.730,2026-07-02 09:36:56.732,adaptive_hash_searches,0,0,0.000000,enabled
1782985016.730,2026-07-02 09:36:56.732,adaptive_hash_searches_btree,641299217,641299217,247292.058990,enabled
1782985016.730,2026-07-02 09:36:56.732,buffer_data_reads,1480902412800,1480902412800,571052390.639301,enabled
1782985016.730,2026-07-02 09:36:56.732,buffer_data_written,661991098368,661991098368,255271107.464870,enabled
1782985016.730,2026-07-02 09:36:56.732,buffer_pages0_read,7,7,0.002699,enabled
1782985016.730,2026-07-02 09:36:56.732,buffer_pages_created,1822962,1822962,702.954366,enabled
1782985016.730,2026-07-02 09:36:56.732,buffer_pages_read,90641984,90641984,34952.554131,enabled
1782985016.730,2026-07-02 09:36:56.732,buffer_pages_written,29741908,29741908,11468.809561,enabled
1782985016.730,2026-07-02 09:36:56.732,buffer_pool_bytes_data,12855934976,12855934976,0.000000,enabled
1782985016.730,2026-07-02 09:36:56.732,buffer_pool_bytes_dirty,4609687552,4609687552,0.000000,enabled
1782985016.730,2026-07-02 09:36:56.732,buffer_pool_pages_data,784664,784664,0.000000,enabled
1782985016.730,2026-07-02 09:36:56.732,buffer_pool_pages_dirty,281353,281353,0.000000,enabled
1782985016.730,2026-07-02 09:36:56.732,buffer_pool_pages_flushed,29684838,29684838,0.000000,enabled
1782985016.730,2026-07-02 09:36:56.732,buffer_pool_pages_free,1671,1671,0.000000,enabled
1782985016.730,2026-07-02 09:36:56.732,buffer_pool_pages_lru_flushed,0,0,0.000000,enabled
1782985016.730,2026-07-02 09:36:56.732,buffer_pool_pages_misc,96,96,0.000000,enabled
1782985016.730,2026-07-02 09:36:56.732,buffer_pool_pages_total,786432,786432,0.000000,enabled
1782985016.730,2026-07-02 09:36:56.732,buffer_pool_reads,89729425,89729425,34600.662406,enabled
1782985016.730,2026-07-02 09:36:56.732,buffer_pool_read_ahead,803715,803715,309.921423,enabled
1782985016.730,2026-07-02 09:36:56.732,buffer_pool_read_ahead_evicted,25,25,0.009640,enabled
1782985016.730,2026-07-02 09:36:56.732,buffer_pool_read_requests,3094824181,3094824181,1193398.554755,enabled
1782985016.730,2026-07-02 09:36:56.732,buffer_pool_size,12884901888,12884901888,0.000000,enabled
1782985016.730,2026-07-02 09:36:56.732,buffer_pool_wait_free,18945,18945,7.305402,enabled
1782985016.730,2026-07-02 09:36:56.732,buffer_pool_write_requests,634595151,634595151,244706.933626,enabled
1782985016.730,2026-07-02 09:36:56.732,dml_deletes,14394398,14394398,5550.638658,enabled
1782985016.730,2026-07-02 09:36:56.732,dml_inserts,114279805,114279805,44067.553508,enabled
1782985016.730,2026-07-02 09:36:56.732,dml_system_deletes,468,468,0.180466,enabled
1782985016.730,2026-07-02 09:36:56.732,dml_system_inserts,1202,1202,0.463504,enabled
1782985016.730,2026-07-02 09:36:56.732,dml_system_reads,7661,7661,2.954166,enabled
1782985016.730,2026-07-02 09:36:56.732,dml_system_updates,620,620,0.239079,enabled
1782985016.730,2026-07-02 09:36:56.732,dml_updates,28788927,28788927,11101.327823,enabled
1782985016.730,2026-07-02 09:36:56.732,file_num_open_files,35,35,0.000000,enabled
1782985016.730,2026-07-02 09:36:56.732,ibuf_merges,0,0,0.000000,enabled
1782985016.730,2026-07-02 09:36:56.732,ibuf_merges_delete,0,0,0.000000,enabled
1782985016.730,2026-07-02 09:36:56.732,ibuf_merges_delete_mark,0,0,0.000000,enabled
1782985016.730,2026-07-02 09:36:56.732,ibuf_merges_discard_delete,0,0,0.000000,enabled
1782985016.730,2026-07-02 09:36:56.732,ibuf_merges_discard_delete_mark,0,0,0.000000,enabled
1782985016.730,2026-07-02 09:36:56.732,ibuf_merges_discard_insert,0,0,0.000000,enabled
1782985016.730,2026-07-02 09:36:56.732,ibuf_merges_insert,0,0,0.000000,enabled
1782985016.730,2026-07-02 09:36:56.732,ibuf_size,1,1,0.000386,enabled
1782985016.730,2026-07-02 09:36:56.732,innodb_activity_count,19446559,19446559,7498.807782,enabled
1782985016.730,2026-07-02 09:36:56.732,innodb_dblwr_pages_written,29682408,29682408,11445.864062,enabled
1782985016.730,2026-07-02 09:36:56.732,innodb_dblwr_writes,615764,615764,237.445393,enabled
1782985016.730,2026-07-02 09:36:56.732,innodb_page_size,16384,16384,0.000000,enabled
1782985016.730,2026-07-02 09:36:56.732,innodb_rwlock_sx_os_waits,0,0,0.000000,enabled
1782985016.730,2026-07-02 09:36:56.732,innodb_rwlock_sx_spin_rounds,0,0,0.000000,enabled
1782985016.730,2026-07-02 09:36:56.732,innodb_rwlock_sx_spin_waits,0,0,0.000000,enabled
1782985016.730,2026-07-02 09:36:56.732,innodb_rwlock_s_os_waits,0,0,0.000000,enabled
1782985016.730,2026-07-02 09:36:56.732,innodb_rwlock_s_spin_rounds,0,0,0.000000,enabled
1782985016.730,2026-07-02 09:36:56.732,innodb_rwlock_s_spin_waits,0,0,0.000000,enabled
1782985016.730,2026-07-02 09:36:56.732,innodb_rwlock_x_os_waits,0,0,0.000000,enabled
1782985016.730,2026-07-02 09:36:56.732,innodb_rwlock_x_spin_rounds,0,0,0.000000,enabled
1782985016.730,2026-07-02 09:36:56.732,innodb_rwlock_x_spin_waits,0,0,0.000000,enabled
1782985016.730,2026-07-02 09:36:56.732,lock_deadlocks,0,0,0.000000,enabled
1782985016.730,2026-07-02 09:36:56.732,lock_deadlock_false_positives,0,0,0.000000,enabled
1782985016.730,2026-07-02 09:36:56.732,lock_deadlock_rounds,2830,2830,1.091279,enabled
1782985016.730,2026-07-02 09:36:56.732,lock_rec_grant_attempts,425,425,0.163885,enabled
1782985016.730,2026-07-02 09:36:56.732,lock_rec_release_attempts,43752050,43752050,16871.276378,enabled
1782985016.730,2026-07-02 09:36:56.732,lock_row_lock_current_waits,0,0,0.000000,enabled
1782985016.730,2026-07-02 09:36:56.732,lock_row_lock_time,323,323,0.124552,enabled
1782985016.730,2026-07-02 09:36:56.732,lock_row_lock_time_avg,0,0,0.000000,enabled
1782985016.730,2026-07-02 09:36:56.732,lock_row_lock_time_max,29,29,0.000000,enabled
1782985016.730,2026-07-02 09:36:56.732,lock_row_lock_waits,425,425,0.163885,enabled
1782985016.730,2026-07-02 09:36:56.732,lock_schedule_refreshes,2830,2830,1.091279,enabled
1782985016.730,2026-07-02 09:36:56.732,lock_threads_waiting,0,0,0.000000,enabled
1782985016.730,2026-07-02 09:36:56.732,lock_timeouts,0,0,0.000000,enabled
1782985016.730,2026-07-02 09:36:56.732,log_waits,0,0,0.000000,enabled
1782985016.730,2026-07-02 09:36:56.732,log_writes,220162679,220162679,84897.162752,enabled
1782985016.730,2026-07-02 09:36:56.732,log_write_requests,429408199,429408199,165584.548430,enabled
1782985016.730,2026-07-02 09:36:56.732,os_data_fsyncs,63826379,63826379,24612.157999,enabled
1782985016.730,2026-07-02 09:36:56.732,os_data_reads,90685650,90685650,34969.390159,enabled
1782985016.730,2026-07-02 09:36:56.732,os_data_writes,250762194,250762194,96696.676839,enabled
1782985016.730,2026-07-02 09:36:56.732,os_log_bytes_written,137539840512,137539840512,53036884.298433,enabled
1782985016.730,2026-07-02 09:36:56.732,os_log_fsyncs,55629617,55629617,21451.395806,enabled
1782985016.730,2026-07-02 09:36:56.732,os_log_pending_fsyncs,0,0,0.000000,enabled
1782985016.730,2026-07-02 09:36:56.732,os_log_pending_writes,0,0,0.000000,enabled
1782985016.730,2026-07-02 09:36:56.732,trx_rseg_history_len,1156,1156,0.000000,enabled
1782985017.798,2026-07-02 09:36:57.800,adaptive_hash_searches,0,0,0.000000,enabled
1782985017.798,2026-07-02 09:36:57.800,adaptive_hash_searches_btree,641464092,641464092,247253.531282,enabled
1782985017.798,2026-07-02 09:36:57.800,buffer_data_reads,1481817229824,1481817229824,571169274.188528,enabled
1782985017.798,2026-07-02 09:36:57.800,buffer_data_written,662298138112,662298138112,255284078.880142,enabled
1782985017.798,2026-07-02 09:36:57.800,buffer_pages0_read,7,7,0.002698,enabled
1782985017.798,2026-07-02 09:36:57.800,buffer_pages_created,1823006,1823006,702.681141,enabled
1782985017.798,2026-07-02 09:36:57.800,buffer_pages_read,90697973,90697973,34959.706530,enabled
1782985017.798,2026-07-02 09:36:57.800,buffer_pages_written,29757757,29757757,11470.184179,enabled
1782985017.798,2026-07-02 09:36:57.800,buffer_pool_bytes_data,12853477376,12853477376,0.000000,enabled
1782985017.798,2026-07-02 09:36:57.800,buffer_pool_bytes_dirty,4613636096,4613636096,0.000000,enabled
1782985017.798,2026-07-02 09:36:57.800,buffer_pool_pages_data,784514,784514,0.000000,enabled
1782985017.798,2026-07-02 09:36:57.800,buffer_pool_pages_dirty,281594,281594,0.000000,enabled
1782985017.798,2026-07-02 09:36:57.800,buffer_pool_pages_flushed,29700626,29700626,0.000000,enabled
1782985017.798,2026-07-02 09:36:57.800,buffer_pool_pages_free,1822,1822,0.000000,enabled
1782985017.798,2026-07-02 09:36:57.800,buffer_pool_pages_lru_flushed,0,0,0.000000,enabled
1782985017.798,2026-07-02 09:36:57.800,buffer_pool_pages_misc,97,97,0.000000,enabled
1782985017.798,2026-07-02 09:36:57.800,buffer_pool_pages_total,786432,786432,0.000000,enabled
1782985017.798,2026-07-02 09:36:57.800,buffer_pool_reads,89785362,89785362,34607.939934,enabled
1782985017.798,2026-07-02 09:36:57.800,buffer_pool_read_ahead,803715,803715,309.793485,enabled
1782985017.798,2026-07-02 09:36:57.800,buffer_pool_read_ahead_evicted,25,25,0.009636,enabled
1782985017.798,2026-07-02 09:36:57.800,buffer_pool_read_requests,3095641130,3095641130,1193220.803959,enabled
1782985017.798,2026-07-02 09:36:57.800,buffer_pool_size,12884901888,12884901888,0.000000,enabled
1782985017.798,2026-07-02 09:36:57.800,buffer_pool_wait_free,18945,18945,7.302387,enabled
1782985017.798,2026-07-02 09:36:57.800,buffer_pool_write_requests,634706091,634706091,244648.678537,enabled
1782985017.798,2026-07-02 09:36:57.800,dml_deletes,14399159,14399159,5550.182580,enabled
1782985017.798,2026-07-02 09:36:57.800,dml_inserts,114284567,114284567,44051.198650,enabled
1782985017.798,2026-07-02 09:36:57.800,dml_system_deletes,468,468,0.180391,enabled
1782985017.798,2026-07-02 09:36:57.800,dml_system_inserts,1202,1202,0.463313,enabled
1782985017.798,2026-07-02 09:36:57.800,dml_system_reads,7661,7661,2.952947,enabled
1782985017.798,2026-07-02 09:36:57.800,dml_system_updates,620,620,0.238980,enabled
1782985017.798,2026-07-02 09:36:57.800,dml_updates,28798455,28798455,11100.417959,enabled
1782985017.798,2026-07-02 09:36:57.800,file_num_open_files,35,35,0.000000,enabled
1782985017.798,2026-07-02 09:36:57.800,ibuf_merges,0,0,0.000000,enabled
1782985017.798,2026-07-02 09:36:57.800,ibuf_merges_delete,0,0,0.000000,enabled
1782985017.798,2026-07-02 09:36:57.800,ibuf_merges_delete_mark,0,0,0.000000,enabled
1782985017.798,2026-07-02 09:36:57.800,ibuf_merges_discard_delete,0,0,0.000000,enabled
1782985017.798,2026-07-02 09:36:57.800,ibuf_merges_discard_delete_mark,0,0,0.000000,enabled
1782985017.798,2026-07-02 09:36:57.800,ibuf_merges_discard_insert,0,0,0.000000,enabled
1782985017.798,2026-07-02 09:36:57.800,ibuf_merges_insert,0,0,0.000000,enabled
1782985017.798,2026-07-02 09:36:57.800,ibuf_size,1,1,0.000385,enabled
1782985017.798,2026-07-02 09:36:57.800,innodb_activity_count,19452037,19452037,7497.823887,enabled
1782985017.798,2026-07-02 09:36:57.800,innodb_dblwr_pages_written,29698258,29698258,11447.248792,enabled
1782985017.798,2026-07-02 09:36:57.800,innodb_dblwr_writes,616121,616121,237.484986,enabled
1782985017.798,2026-07-02 09:36:57.800,innodb_page_size,16384,16384,0.000000,enabled
1782985017.798,2026-07-02 09:36:57.800,innodb_rwlock_sx_os_waits,0,0,0.000000,enabled
1782985017.798,2026-07-02 09:36:57.800,innodb_rwlock_sx_spin_rounds,0,0,0.000000,enabled
1782985017.798,2026-07-02 09:36:57.800,innodb_rwlock_sx_spin_waits,0,0,0.000000,enabled
1782985017.798,2026-07-02 09:36:57.800,innodb_rwlock_s_os_waits,0,0,0.000000,enabled
1782985017.798,2026-07-02 09:36:57.800,innodb_rwlock_s_spin_rounds,0,0,0.000000,enabled
1782985017.798,2026-07-02 09:36:57.800,innodb_rwlock_s_spin_waits,0,0,0.000000,enabled
1782985017.798,2026-07-02 09:36:57.800,innodb_rwlock_x_os_waits,0,0,0.000000,enabled
1782985017.798,2026-07-02 09:36:57.800,innodb_rwlock_x_spin_rounds,0,0,0.000000,enabled
1782985017.798,2026-07-02 09:36:57.800,innodb_rwlock_x_spin_waits,0,0,0.000000,enabled
1782985017.798,2026-07-02 09:36:57.800,lock_deadlocks,0,0,0.000000,enabled
1782985017.798,2026-07-02 09:36:57.800,lock_deadlock_false_positives,0,0,0.000000,enabled
1782985017.798,2026-07-02 09:36:57.800,lock_deadlock_rounds,2831,2831,1.091214,enabled
1782985017.798,2026-07-02 09:36:57.800,lock_rec_grant_attempts,425,425,0.163817,enabled
1782985017.798,2026-07-02 09:36:57.800,lock_rec_release_attempts,43766516,43766516,16869.887676,enabled
1782985017.798,2026-07-02 09:36:57.800,lock_row_lock_current_waits,0,0,0.000000,enabled
1782985017.798,2026-07-02 09:36:57.800,lock_row_lock_time,323,323,0.124501,enabled
1782985017.798,2026-07-02 09:36:57.800,lock_row_lock_time_avg,0,0,0.000000,enabled
1782985017.798,2026-07-02 09:36:57.800,lock_row_lock_time_max,29,29,0.000000,enabled
1782985017.798,2026-07-02 09:36:57.800,lock_row_lock_waits,425,425,0.163817,enabled
1782985017.798,2026-07-02 09:36:57.800,lock_schedule_refreshes,2831,2831,1.091214,enabled
1782985017.798,2026-07-02 09:36:57.800,lock_threads_waiting,0,0,0.000000,enabled
1782985017.798,2026-07-02 09:36:57.800,lock_timeouts,0,0,0.000000,enabled
1782985017.798,2026-07-02 09:36:57.800,log_waits,0,0,0.000000,enabled
1782985017.798,2026-07-02 09:36:57.800,log_writes,220241634,220241634,84892.551002,enabled
1782985017.798,2026-07-02 09:36:57.800,log_write_requests,429489280,429489280,165547.448816,enabled
1782985017.798,2026-07-02 09:36:57.800,os_data_fsyncs,63857968,63857968,24614.174221,enabled
1782985017.798,2026-07-02 09:36:57.800,os_data_reads,90741514,90741514,34976.487781,enabled
1782985017.798,2026-07-02 09:36:57.800,os_data_writes,250857262,250857262,96693.404894,enabled
1782985017.798,2026-07-02 09:36:57.800,os_log_bytes_written,137581273088,137581273088,53030961.147629,enabled
1782985017.798,2026-07-02 09:36:57.800,os_log_fsyncs,55656341,55656341,21452.841575,enabled
1782985017.798,2026-07-02 09:36:57.800,os_log_pending_fsyncs,1,1,0.000385,enabled
1782985017.798,2026-07-02 09:36:57.800,os_log_pending_writes,0,0,0.000000,enabled
1782985017.798,2026-07-02 09:36:57.800,trx_rseg_history_len,1108,1108,0.000000,enabled
1782985018.870,2026-07-02 09:36:58.871,adaptive_hash_searches,0,0,0.000000,enabled
1782985018.870,2026-07-02 09:36:58.871,adaptive_hash_searches_btree,641629946,641629946,247215.311440,enabled
1782985018.870,2026-07-02 09:36:58.871,buffer_data_reads,1482738502144,1482738502144,571288333.428264,enabled
1782985018.870,2026-07-02 09:36:58.871,buffer_data_written,662606039040,662606039040,255297275.251018,enabled
1782985018.870,2026-07-02 09:36:58.871,buffer_pages0_read,7,7,0.002697,enabled
1782985018.870,2026-07-02 09:36:58.871,buffer_pages_created,1823032,1823032,702.400942,enabled
1782985018.870,2026-07-02 09:36:58.871,buffer_pages_read,90754373,90754373,34966.998234,enabled
1782985018.870,2026-07-02 09:36:58.871,buffer_pages_written,29773646,29773646,11471.568760,enabled
1782985018.870,2026-07-02 09:36:58.871,buffer_pool_bytes_data,12851560448,12851560448,0.000000,enabled
1782985018.870,2026-07-02 09:36:58.871,buffer_pool_bytes_dirty,4616847360,4616847360,0.000000,enabled
1782985018.870,2026-07-02 09:36:58.871,buffer_pool_pages_data,784397,784397,0.000000,enabled
1782985018.870,2026-07-02 09:36:58.871,buffer_pool_pages_dirty,281790,281790,0.000000,enabled
1782985018.870,2026-07-02 09:36:58.871,buffer_pool_pages_flushed,29716576,29716576,0.000000,enabled
1782985018.870,2026-07-02 09:36:58.871,buffer_pool_pages_free,1938,1938,0.000000,enabled
1782985018.870,2026-07-02 09:36:58.871,buffer_pool_pages_lru_flushed,0,0,0.000000,enabled
1782985018.870,2026-07-02 09:36:58.871,buffer_pool_pages_misc,96,96,0.000000,enabled
1782985018.870,2026-07-02 09:36:58.871,buffer_pool_pages_total,786432,786432,0.000000,enabled
1782985018.870,2026-07-02 09:36:58.871,buffer_pool_reads,89841702,89841702,34615.353877,enabled
1782985018.870,2026-07-02 09:36:58.871,buffer_pool_read_ahead,803715,803715,309.665537,enabled
1782985018.870,2026-07-02 09:36:58.871,buffer_pool_read_ahead_evicted,25,25,0.009632,enabled
1782985018.870,2026-07-02 09:36:58.871,buffer_pool_read_requests,3096462855,3096462855,1193044.594767,enabled
1782985018.870,2026-07-02 09:36:58.871,buffer_pool_size,12884901888,12884901888,0.000000,enabled
1782985018.870,2026-07-02 09:36:58.871,buffer_pool_wait_free,18945,18945,7.299371,enabled
1782985018.870,2026-07-02 09:36:58.871,buffer_pool_write_requests,634817612,634817612,244590.604058,enabled
1782985018.870,2026-07-02 09:36:58.871,dml_deletes,14403961,14403961,5549.740368,enabled
1782985018.870,2026-07-02 09:36:58.871,dml_inserts,114289368,114289368,44034.854018,enabled
1782985018.870,2026-07-02 09:36:58.871,dml_system_deletes,468,468,0.180317,enabled
1782985018.870,2026-07-02 09:36:58.871,dml_system_inserts,1202,1202,0.463122,enabled
1782985018.870,2026-07-02 09:36:58.871,dml_system_reads,7661,7661,2.951727,enabled
1782985018.870,2026-07-02 09:36:58.871,dml_system_updates,620,620,0.238881,enabled
1782985018.870,2026-07-02 09:36:58.871,dml_updates,28808053,28808053,11099.531200,enabled
1782985018.870,2026-07-02 09:36:58.871,file_num_open_files,35,35,0.000000,enabled
1782985018.870,2026-07-02 09:36:58.871,ibuf_merges,0,0,0.000000,enabled
1782985018.870,2026-07-02 09:36:58.871,ibuf_merges_delete,0,0,0.000000,enabled
1782985018.870,2026-07-02 09:36:58.871,ibuf_merges_delete_mark,0,0,0.000000,enabled
1782985018.870,2026-07-02 09:36:58.871,ibuf_merges_discard_delete,0,0,0.000000,enabled
1782985018.870,2026-07-02 09:36:58.871,ibuf_merges_discard_delete_mark,0,0,0.000000,enabled
1782985018.870,2026-07-02 09:36:58.871,ibuf_merges_discard_insert,0,0,0.000000,enabled
1782985018.870,2026-07-02 09:36:58.871,ibuf_merges_insert,0,0,0.000000,enabled
1782985018.870,2026-07-02 09:36:58.871,ibuf_size,1,1,0.000385,enabled
1782985018.870,2026-07-02 09:36:58.871,innodb_activity_count,19457565,19457565,7496.856978,enabled
1782985018.870,2026-07-02 09:36:58.871,innodb_dblwr_pages_written,29714146,29714146,11448.642279,enabled
1782985018.870,2026-07-02 09:36:58.871,innodb_dblwr_writes,616472,616472,237.522135,enabled
1782985018.870,2026-07-02 09:36:58.871,innodb_page_size,16384,16384,0.000000,enabled
1782985018.870,2026-07-02 09:36:58.871,innodb_rwlock_sx_os_waits,0,0,0.000000,enabled
1782985018.870,2026-07-02 09:36:58.871,innodb_rwlock_sx_spin_rounds,0,0,0.000000,enabled
1782985018.870,2026-07-02 09:36:58.871,innodb_rwlock_sx_spin_waits,0,0,0.000000,enabled
1782985018.870,2026-07-02 09:36:58.871,innodb_rwlock_s_os_waits,0,0,0.000000,enabled
1782985018.870,2026-07-02 09:36:58.871,innodb_rwlock_s_spin_rounds,0,0,0.000000,enabled
1782985018.870,2026-07-02 09:36:58.871,innodb_rwlock_s_spin_waits,0,0,0.000000,enabled
1782985018.870,2026-07-02 09:36:58.871,innodb_rwlock_x_os_waits,0,0,0.000000,enabled
1782985018.870,2026-07-02 09:36:58.871,innodb_rwlock_x_spin_rounds,0,0,0.000000,enabled
1782985018.870,2026-07-02 09:36:58.871,innodb_rwlock_x_spin_waits,0,0,0.000000,enabled
1782985018.870,2026-07-02 09:36:58.871,lock_deadlocks,0,0,0.000000,enabled
1782985018.870,2026-07-02 09:36:58.871,lock_deadlock_false_positives,0,0,0.000000,enabled
1782985018.870,2026-07-02 09:36:58.871,lock_deadlock_rounds,2832,2832,1.091149,enabled
1782985018.870,2026-07-02 09:36:58.871,lock_rec_grant_attempts,425,425,0.163749,enabled
1782985018.870,2026-07-02 09:36:58.871,lock_rec_release_attempts,43781113,43781113,16868.544353,enabled
1782985018.870,2026-07-02 09:36:58.871,lock_row_lock_current_waits,0,0,0.000000,enabled
1782985018.870,2026-07-02 09:36:58.871,lock_row_lock_time,323,323,0.124450,enabled
1782985018.870,2026-07-02 09:36:58.871,lock_row_lock_time_avg,0,0,0.000000,enabled
1782985018.870,2026-07-02 09:36:58.871,lock_row_lock_time_max,29,29,0.000000,enabled
1782985018.870,2026-07-02 09:36:58.871,lock_row_lock_waits,425,425,0.163749,enabled
1782985018.870,2026-07-02 09:36:58.871,lock_schedule_refreshes,2832,2832,1.091149,enabled
1782985018.870,2026-07-02 09:36:58.871,lock_threads_waiting,0,0,0.000000,enabled
1782985018.870,2026-07-02 09:36:58.871,lock_timeouts,0,0,0.000000,enabled
1782985018.870,2026-07-02 09:36:58.871,log_waits,0,0,0.000000,enabled
1782985018.870,2026-07-02 09:36:58.871,log_writes,220321492,220321492,84888.257191,enabled
1782985018.870,2026-07-02 09:36:58.871,log_write_requests,429570874,429570874,165510.511611,enabled
1782985018.870,2026-07-02 09:36:58.871,os_data_fsyncs,63890590,63890590,24616.577100,enabled
1782985018.870,2026-07-02 09:36:58.871,os_data_reads,90797759,90797759,34983.712600,enabled
1782985018.870,2026-07-02 09:36:58.871,os_data_writes,250953267,250953267,96690.458648,enabled
1782985018.870,2026-07-02 09:36:58.871,os_log_bytes_written,137622870528,137622870528,53025085.483237,enabled
1782985018.870,2026-07-02 09:36:58.871,os_log_fsyncs,55684032,55684032,21454.650257,enabled
1782985018.870,2026-07-02 09:36:58.871,os_log_pending_fsyncs,0,0,0.000000,enabled
1782985018.870,2026-07-02 09:36:58.871,os_log_pending_writes,0,0,0.000000,enabled
1782985018.870,2026-07-02 09:36:58.871,trx_rseg_history_len,1098,1098,0.000000,enabled
1782985019.941,2026-07-02 09:36:59.943,adaptive_hash_searches,0,0,0.000000,enabled
1782985019.941,2026-07-02 09:36:59.943,adaptive_hash_searches_btree,641793570,641793570,247176.479425,enabled
1782985019.941,2026-07-02 09:36:59.943,buffer_data_reads,1483642079744,1483642079744,571400970.074316,enabled
1782985019.941,2026-07-02 09:36:59.943,buffer_data_written,662910134272,662910134272,255309214.232483,enabled
1782985019.941,2026-07-02 09:36:59.943,buffer_pages0_read,7,7,0.002696,enabled
1782985019.941,2026-07-02 09:36:59.943,buffer_pages_created,1823070,1823070,702.126199,enabled
1782985019.941,2026-07-02 09:36:59.943,buffer_pages_read,90809672,90809672,34973.889904,enabled
1782985019.941,2026-07-02 09:36:59.943,buffer_pages_written,29789314,29789314,11472.876932,enabled
1782985019.941,2026-07-02 09:36:59.943,buffer_pool_bytes_data,12851970048,12851970048,0.000000,enabled
1782985019.941,2026-07-02 09:36:59.943,buffer_pool_bytes_dirty,4622090240,4622090240,0.000000,enabled
1782985019.941,2026-07-02 09:36:59.943,buffer_pool_pages_data,784422,784422,0.000000,enabled
1782985019.941,2026-07-02 09:36:59.943,buffer_pool_pages_dirty,282110,282110,0.000000,enabled
1782985019.941,2026-07-02 09:36:59.943,buffer_pool_pages_flushed,29732244,29732244,0.000000,enabled
1782985019.941,2026-07-02 09:36:59.943,buffer_pool_pages_free,1914,1914,0.000000,enabled
1782985019.941,2026-07-02 09:36:59.943,buffer_pool_pages_lru_flushed,0,0,0.000000,enabled
1782985019.941,2026-07-02 09:36:59.943,buffer_pool_pages_misc,96,96,0.000000,enabled
1782985019.941,2026-07-02 09:36:59.943,buffer_pool_pages_total,786432,786432,0.000000,enabled
1782985019.941,2026-07-02 09:36:59.943,buffer_pool_reads,89896943,89896943,34622.367939,enabled
1782985019.941,2026-07-02 09:36:59.943,buffer_pool_read_ahead,803715,803715,309.537959,enabled
1782985019.941,2026-07-02 09:36:59.943,buffer_pool_read_ahead_evicted,25,25,0.009628,enabled
1782985019.941,2026-07-02 09:36:59.943,buffer_pool_read_requests,3097272587,3097272587,1192864.930650,enabled
1782985019.941,2026-07-02 09:36:59.943,buffer_pool_size,12884901888,12884901888,0.000000,enabled
1782985019.941,2026-07-02 09:36:59.943,buffer_pool_wait_free,18945,18945,7.296363,enabled
1782985019.941,2026-07-02 09:36:59.943,buffer_pool_write_requests,634927437,634927437,244532.133116,enabled
1782985019.941,2026-07-02 09:36:59.943,dml_deletes,14408688,14408688,5549.274466,enabled
1782985019.941,2026-07-02 09:36:59.943,dml_inserts,114294096,114294096,44018.533069,enabled
1782985019.941,2026-07-02 09:36:59.943,dml_system_deletes,468,468,0.180243,enabled
1782985019.941,2026-07-02 09:36:59.943,dml_system_inserts,1202,1202,0.462931,enabled
1782985019.941,2026-07-02 09:36:59.943,dml_system_reads,7661,7661,2.950511,enabled
1782985019.941,2026-07-02 09:36:59.943,dml_system_updates,620,620,0.238783,enabled
1782985019.941,2026-07-02 09:36:59.943,dml_updates,28817505,28817505,11098.598605,enabled
1782985019.941,2026-07-02 09:36:59.943,file_num_open_files,35,35,0.000000,enabled
1782985019.941,2026-07-02 09:36:59.943,ibuf_merges,0,0,0.000000,enabled
1782985019.941,2026-07-02 09:36:59.943,ibuf_merges_delete,0,0,0.000000,enabled
1782985019.941,2026-07-02 09:36:59.943,ibuf_merges_delete_mark,0,0,0.000000,enabled
1782985019.941,2026-07-02 09:36:59.943,ibuf_merges_discard_delete,0,0,0.000000,enabled
1782985019.941,2026-07-02 09:36:59.943,ibuf_merges_discard_delete_mark,0,0,0.000000,enabled
1782985019.941,2026-07-02 09:36:59.943,ibuf_merges_discard_insert,0,0,0.000000,enabled
1782985019.941,2026-07-02 09:36:59.943,ibuf_merges_insert,0,0,0.000000,enabled
1782985019.941,2026-07-02 09:36:59.943,ibuf_size,1,1,0.000385,enabled
1782985019.941,2026-07-02 09:36:59.943,innodb_activity_count,19463001,19463001,7495.861958,enabled
1782985019.941,2026-07-02 09:36:59.943,innodb_dblwr_pages_written,29729814,29729814,11449.959861,enabled
1782985019.941,2026-07-02 09:36:59.943,innodb_dblwr_writes,616832,616832,237.562927,enabled
1782985019.941,2026-07-02 09:36:59.943,innodb_page_size,16384,16384,0.000000,enabled
1782985019.941,2026-07-02 09:36:59.943,innodb_rwlock_sx_os_waits,0,0,0.000000,enabled
1782985019.941,2026-07-02 09:36:59.943,innodb_rwlock_sx_spin_rounds,0,0,0.000000,enabled
1782985019.941,2026-07-02 09:36:59.943,innodb_rwlock_sx_spin_waits,0,0,0.000000,enabled
1782985019.941,2026-07-02 09:36:59.943,innodb_rwlock_s_os_waits,0,0,0.000000,enabled
1782985019.941,2026-07-02 09:36:59.943,innodb_rwlock_s_spin_rounds,0,0,0.000000,enabled
1782985019.941,2026-07-02 09:36:59.943,innodb_rwlock_s_spin_waits,0,0,0.000000,enabled
1782985019.941,2026-07-02 09:36:59.943,innodb_rwlock_x_os_waits,0,0,0.000000,enabled
1782985019.941,2026-07-02 09:36:59.943,innodb_rwlock_x_spin_rounds,0,0,0.000000,enabled
1782985019.941,2026-07-02 09:36:59.943,innodb_rwlock_x_spin_waits,0,0,0.000000,enabled
1782985019.941,2026-07-02 09:36:59.943,lock_deadlocks,0,0,0.000000,enabled
1782985019.941,2026-07-02 09:36:59.943,lock_deadlock_false_positives,0,0,0.000000,enabled
1782985019.941,2026-07-02 09:36:59.943,lock_deadlock_rounds,2833,2833,1.091085,enabled
1782985019.941,2026-07-02 09:36:59.943,lock_rec_grant_attempts,425,425,0.163682,enabled
1782985019.941,2026-07-02 09:36:59.943,lock_rec_release_attempts,43795487,43795487,16867.130620,enabled
1782985019.941,2026-07-02 09:36:59.943,lock_row_lock_current_waits,0,0,0.000000,enabled
1782985019.941,2026-07-02 09:36:59.943,lock_row_lock_time,323,323,0.124398,enabled
1782985019.941,2026-07-02 09:36:59.943,lock_row_lock_time_avg,0,0,0.000000,enabled
1782985019.941,2026-07-02 09:36:59.943,lock_row_lock_time_max,29,29,0.000000,enabled
1782985019.941,2026-07-02 09:36:59.943,lock_row_lock_waits,425,425,0.163682,enabled
1782985019.941,2026-07-02 09:36:59.943,lock_schedule_refreshes,2833,2833,1.091085,enabled
1782985019.941,2026-07-02 09:36:59.943,lock_threads_waiting,0,0,0.000000,enabled
1782985019.941,2026-07-02 09:36:59.943,lock_timeouts,0,0,0.000000,enabled
1782985019.941,2026-07-02 09:36:59.943,log_waits,0,0,0.000000,enabled
1782985019.941,2026-07-02 09:36:59.943,log_writes,220400749,220400749,84883.809164,enabled
1782985019.941,2026-07-02 09:36:59.943,log_write_requests,429651338,429651338,165473.313364,enabled
1782985019.941,2026-07-02 09:36:59.943,os_data_fsyncs,63920812,63920812,24618.075016,enabled
1782985019.941,2026-07-02 09:36:59.943,os_data_reads,90852908,90852908,34990.539661,enabled
1782985019.941,2026-07-02 09:36:59.943,os_data_writes,251048489,251048489,96687.297063,enabled
1782985019.941,2026-07-02 09:36:59.943,os_log_bytes_written,137664259072,137664259072,53019180.193082,enabled
1782985019.941,2026-07-02 09:36:59.943,os_log_fsyncs,55709330,55709330,21455.554431,enabled
1782985019.941,2026-07-02 09:36:59.943,os_log_pending_fsyncs,1,1,0.000385,enabled
1782985019.941,2026-07-02 09:36:59.943,os_log_pending_writes,0,0,0.000000,enabled
1782985019.941,2026-07-02 09:36:59.943,trx_rseg_history_len,1042,1042,0.000000,enabled
1782985021.011,2026-07-02 09:37:01.012,adaptive_hash_searches,0,0,0.000000,enabled
1782985021.011,2026-07-02 09:37:01.012,adaptive_hash_searches_btree,641957167,641957167,247137.834319,enabled
1782985021.011,2026-07-02 09:37:01.012,buffer_data_reads,1484548246016,1484548246016,571514890.245446,enabled
1782985021.011,2026-07-02 09:37:01.012,buffer_data_written,663212500480,663212500480,255320647.298361,enabled
1782985021.011,2026-07-02 09:37:01.012,buffer_pages0_read,7,7,0.002695,enabled
1782985021.011,2026-07-02 09:37:01.012,buffer_pages_created,1823097,1823097,701.847914,enabled
1782985021.011,2026-07-02 09:37:01.012,buffer_pages_read,90865148,90865148,34980.867285,enabled
1782985021.011,2026-07-02 09:37:01.012,buffer_pages_written,29804950,29804950,11474.179333,enabled
1782985021.011,2026-07-02 09:37:01.012,buffer_pool_bytes_data,12856639488,12856639488,0.000000,enabled
1782985021.011,2026-07-02 09:37:01.012,buffer_pool_bytes_dirty,4627709952,4627709952,0.000000,enabled
1782985021.011,2026-07-02 09:37:01.012,buffer_pool_pages_data,784707,784707,0.000000,enabled
1782985021.011,2026-07-02 09:37:01.012,buffer_pool_pages_dirty,282453,282453,0.000000,enabled
1782985021.011,2026-07-02 09:37:01.012,buffer_pool_pages_flushed,29747880,29747880,0.000000,enabled
1782985021.011,2026-07-02 09:37:01.012,buffer_pool_pages_free,1628,1628,0.000000,enabled
1782985021.011,2026-07-02 09:37:01.012,buffer_pool_pages_lru_flushed,0,0,0.000000,enabled
1782985021.011,2026-07-02 09:37:01.012,buffer_pool_pages_misc,96,96,0.000000,enabled
1782985021.011,2026-07-02 09:37:01.012,buffer_pool_pages_total,786432,786432,0.000000,enabled
1782985021.011,2026-07-02 09:37:01.012,buffer_pool_reads,89952365,89952365,34629.469122,enabled
1782985021.011,2026-07-02 09:37:01.012,buffer_pool_read_ahead,803715,803715,309.410692,enabled
1782985021.011,2026-07-02 09:37:01.012,buffer_pool_read_ahead_evicted,25,25,0.009624,enabled
1782985021.011,2026-07-02 09:37:01.012,buffer_pool_read_requests,3098083012,3098083012,1192686.479695,enabled
1782985021.011,2026-07-02 09:37:01.012,buffer_pool_size,12884901888,12884901888,0.000000,enabled
1782985021.011,2026-07-02 09:37:01.012,buffer_pool_wait_free,18945,18945,7.293363,enabled
1782985021.011,2026-07-02 09:37:01.012,buffer_pool_write_requests,635037284,635037284,244473.882483,enabled
1782985021.011,2026-07-02 09:37:01.012,dml_deletes,14413421,14413421,5548.815005,enabled
1782985021.011,2026-07-02 09:37:01.012,dml_inserts,114298829,114298829,44002.257199,enabled
1782985021.011,2026-07-02 09:37:01.012,dml_system_deletes,468,468,0.180169,enabled
1782985021.011,2026-07-02 09:37:01.012,dml_system_inserts,1202,1202,0.462741,enabled
1782985021.011,2026-07-02 09:37:01.012,dml_system_reads,7661,7661,2.949298,enabled
1782985021.011,2026-07-02 09:37:01.012,dml_system_updates,620,620,0.238685,enabled
1782985021.011,2026-07-02 09:37:01.012,dml_updates,28826977,28826977,11097.681973,enabled
1782985021.011,2026-07-02 09:37:01.012,file_num_open_files,35,35,0.000000,enabled
1782985021.011,2026-07-02 09:37:01.012,ibuf_merges,0,0,0.000000,enabled
1782985021.011,2026-07-02 09:37:01.012,ibuf_merges_delete,0,0,0.000000,enabled
1782985021.011,2026-07-02 09:37:01.012,ibuf_merges_delete_mark,0,0,0.000000,enabled
1782985021.011,2026-07-02 09:37:01.012,ibuf_merges_discard_delete,0,0,0.000000,enabled
1782985021.011,2026-07-02 09:37:01.012,ibuf_merges_discard_delete_mark,0,0,0.000000,enabled
1782985021.011,2026-07-02 09:37:01.012,ibuf_merges_discard_insert,0,0,0.000000,enabled
1782985021.011,2026-07-02 09:37:01.012,ibuf_merges_insert,0,0,0.000000,enabled
1782985021.011,2026-07-02 09:37:01.012,ibuf_size,1,1,0.000385,enabled
1782985021.011,2026-07-02 09:37:01.012,innodb_activity_count,19468436,19468436,7494.872405,enabled
1782985021.011,2026-07-02 09:37:01.012,innodb_dblwr_pages_written,29745450,29745450,11451.271743,enabled
1782985021.011,2026-07-02 09:37:01.012,innodb_dblwr_writes,617176,617176,237.597686,enabled
1782985021.011,2026-07-02 09:37:01.012,innodb_page_size,16384,16384,0.000000,enabled
1782985021.011,2026-07-02 09:37:01.012,innodb_rwlock_sx_os_waits,0,0,0.000000,enabled
1782985021.011,2026-07-02 09:37:01.012,innodb_rwlock_sx_spin_rounds,0,0,0.000000,enabled
1782985021.011,2026-07-02 09:37:01.012,innodb_rwlock_sx_spin_waits,0,0,0.000000,enabled
1782985021.011,2026-07-02 09:37:01.012,innodb_rwlock_s_os_waits,0,0,0.000000,enabled
1782985021.011,2026-07-02 09:37:01.012,innodb_rwlock_s_spin_rounds,0,0,0.000000,enabled
1782985021.011,2026-07-02 09:37:01.012,innodb_rwlock_s_spin_waits,0,0,0.000000,enabled
1782985021.011,2026-07-02 09:37:01.012,innodb_rwlock_x_os_waits,0,0,0.000000,enabled
1782985021.011,2026-07-02 09:37:01.012,innodb_rwlock_x_spin_rounds,0,0,0.000000,enabled
1782985021.011,2026-07-02 09:37:01.012,innodb_rwlock_x_spin_waits,0,0,0.000000,enabled
1782985021.011,2026-07-02 09:37:01.012,lock_deadlocks,0,0,0.000000,enabled
1782985021.011,2026-07-02 09:37:01.012,lock_deadlock_false_positives,0,0,0.000000,enabled
1782985021.011,2026-07-02 09:37:01.012,lock_deadlock_rounds,2834,2834,1.091021,enabled
1782985021.011,2026-07-02 09:37:01.012,lock_rec_grant_attempts,425,425,0.163615,enabled
1782985021.011,2026-07-02 09:37:01.012,lock_rec_release_attempts,43809885,43809885,16865.738613,enabled
1782985021.011,2026-07-02 09:37:01.012,lock_row_lock_current_waits,0,0,0.000000,enabled
1782985021.011,2026-07-02 09:37:01.012,lock_row_lock_time,323,323,0.124347,enabled
1782985021.011,2026-07-02 09:37:01.012,lock_row_lock_time_avg,0,0,0.000000,enabled
1782985021.011,2026-07-02 09:37:01.012,lock_row_lock_time_max,29,29,0.000000,enabled
1782985021.011,2026-07-02 09:37:01.012,lock_row_lock_waits,425,425,0.163615,enabled
1782985021.011,2026-07-02 09:37:01.012,lock_schedule_refreshes,2834,2834,1.091021,enabled
1782985021.011,2026-07-02 09:37:01.012,lock_threads_waiting,0,0,0.000000,enabled
1782985021.011,2026-07-02 09:37:01.012,lock_timeouts,0,0,0.000000,enabled
1782985021.011,2026-07-02 09:37:01.012,log_waits,0,0,0.000000,enabled
1782985021.011,2026-07-02 09:37:01.012,log_writes,220478620,220478620,84878.887699,enabled
1782985021.011,2026-07-02 09:37:01.012,log_write_requests,429731870,429731870,165436.282009,enabled
1782985021.011,2026-07-02 09:37:01.012,os_data_fsyncs,63952053,63952053,24619.980264,enabled
1782985021.011,2026-07-02 09:37:01.012,os_data_reads,90908231,90908231,34997.451228,enabled
1782985021.011,2026-07-02 09:37:01.012,os_data_writes,251142233,251142233,96683.633035,enabled
1782985021.011,2026-07-02 09:37:01.012,os_log_bytes_written,137704851456,137704851456,53013008.344671,enabled
1782985021.011,2026-07-02 09:37:01.012,os_log_fsyncs,55735892,55735892,21456.958668,enabled
1782985021.011,2026-07-02 09:37:01.012,os_log_pending_fsyncs,1,1,0.000385,enabled
1782985021.011,2026-07-02 09:37:01.012,os_log_pending_writes,1,1,0.000385,enabled
1782985021.011,2026-07-02 09:37:01.012,trx_rseg_history_len,943,943,0.000000,enabled
1782985022.079,2026-07-02 09:37:02.080,adaptive_hash_searches,0,0,0.000000,enabled
1782985022.079,2026-07-02 09:37:02.080,adaptive_hash_searches_btree,642122743,642122743,247099.573802,enabled
1782985022.079,2026-07-02 09:37:02.080,buffer_data_reads,1485466765824,1485466765824,571632526.693161,enabled
1782985022.079,2026-07-02 09:37:02.080,buffer_data_written,663518848512,663518848512,255333181.688106,enabled
1782985022.079,2026-07-02 09:37:02.080,buffer_pages0_read,7,7,0.002694,enabled
1782985022.079,2026-07-02 09:37:02.080,buffer_pages_created,1823129,1823129,701.570623,enabled
1782985022.079,2026-07-02 09:37:02.080,buffer_pages_read,90921364,90921364,34988.065917,enabled
1782985022.079,2026-07-02 09:37:02.080,buffer_pages_written,29820759,29820759,11475.528287,enabled
1782985022.079,2026-07-02 09:37:02.080,buffer_pool_bytes_data,12860850176,12860850176,0.000000,enabled
1782985022.079,2026-07-02 09:37:02.080,buffer_pool_bytes_dirty,4632903680,4632903680,0.000000,enabled
1782985022.079,2026-07-02 09:37:02.080,buffer_pool_pages_data,784964,784964,0.000000,enabled
1782985022.079,2026-07-02 09:37:02.080,buffer_pool_pages_dirty,282770,282770,0.000000,enabled
1782985022.079,2026-07-02 09:37:02.080,buffer_pool_pages_flushed,29763689,29763689,0.000000,enabled
1782985022.079,2026-07-02 09:37:02.080,buffer_pool_pages_free,1372,1372,0.000000,enabled
1782985022.079,2026-07-02 09:37:02.080,buffer_pool_pages_lru_flushed,0,0,0.000000,enabled
1782985022.079,2026-07-02 09:37:02.080,buffer_pool_pages_misc,97,97,0.000000,enabled
1782985022.079,2026-07-02 09:37:02.080,buffer_pool_pages_total,786432,786432,0.000000,enabled
1782985022.079,2026-07-02 09:37:02.080,buffer_pool_reads,90008531,90008531,34636.793531,enabled
1782985022.079,2026-07-02 09:37:02.080,buffer_pool_read_ahead,803715,803715,309.283020,enabled
1782985022.079,2026-07-02 09:37:02.080,buffer_pool_read_ahead_evicted,25,25,0.009620,enabled
1782985022.079,2026-07-02 09:37:02.080,buffer_pool_read_requests,3098903177,3098903177,1192509.952469,enabled
1782985022.079,2026-07-02 09:37:02.080,buffer_pool_size,12884901888,12884901888,0.000000,enabled
1782985022.079,2026-07-02 09:37:02.080,buffer_pool_wait_free,18945,18945,7.290354,enabled
1782985022.079,2026-07-02 09:37:02.080,buffer_pool_write_requests,635148405,635148405,244415.765968,enabled
1782985022.079,2026-07-02 09:37:02.080,dml_deletes,14418208,14418208,5548.367498,enabled
1782985022.079,2026-07-02 09:37:02.080,dml_inserts,114303616,114303616,43985.942537,enabled
1782985022.079,2026-07-02 09:37:02.080,dml_system_deletes,468,468,0.180094,enabled
1782985022.079,2026-07-02 09:37:02.080,dml_system_inserts,1202,1202,0.462550,enabled
1782985022.079,2026-07-02 09:37:02.080,dml_system_reads,7661,7661,2.948081,enabled
1782985022.079,2026-07-02 09:37:02.080,dml_system_updates,620,620,0.238586,enabled
1782985022.079,2026-07-02 09:37:02.080,dml_updates,28836542,28836542,11096.783472,enabled
1782985022.079,2026-07-02 09:37:02.080,file_num_open_files,35,35,0.000000,enabled
1782985022.079,2026-07-02 09:37:02.080,ibuf_merges,0,0,0.000000,enabled
1782985022.079,2026-07-02 09:37:02.080,ibuf_merges_delete,0,0,0.000000,enabled
1782985022.079,2026-07-02 09:37:02.080,ibuf_merges_delete_mark,0,0,0.000000,enabled
1782985022.079,2026-07-02 09:37:02.080,ibuf_merges_discard_delete,0,0,0.000000,enabled
1782985022.079,2026-07-02 09:37:02.080,ibuf_merges_discard_delete_mark,0,0,0.000000,enabled
1782985022.079,2026-07-02 09:37:02.080,ibuf_merges_discard_insert,0,0,0.000000,enabled
1782985022.079,2026-07-02 09:37:02.080,ibuf_merges_insert,0,0,0.000000,enabled
1782985022.079,2026-07-02 09:37:02.080,ibuf_size,1,1,0.000385,enabled
1782985022.079,2026-07-02 09:37:02.080,innodb_activity_count,19473938,19473938,7493.897043,enabled
1782985022.079,2026-07-02 09:37:02.080,innodb_dblwr_pages_written,29761259,29761259,11452.630141,enabled
1782985022.079,2026-07-02 09:37:02.080,innodb_dblwr_writes,617524,617524,237.633562,enabled
1782985022.079,2026-07-02 09:37:02.080,innodb_page_size,16384,16384,0.000000,enabled
1782985022.079,2026-07-02 09:37:02.080,innodb_rwlock_sx_os_waits,0,0,0.000000,enabled
1782985022.079,2026-07-02 09:37:02.080,innodb_rwlock_sx_spin_rounds,0,0,0.000000,enabled
1782985022.079,2026-07-02 09:37:02.080,innodb_rwlock_sx_spin_waits,0,0,0.000000,enabled
1782985022.079,2026-07-02 09:37:02.080,innodb_rwlock_s_os_waits,0,0,0.000000,enabled
1782985022.079,2026-07-02 09:37:02.080,innodb_rwlock_s_spin_rounds,0,0,0.000000,enabled
1782985022.079,2026-07-02 09:37:02.080,innodb_rwlock_s_spin_waits,0,0,0.000000,enabled
1782985022.079,2026-07-02 09:37:02.080,innodb_rwlock_x_os_waits,0,0,0.000000,enabled
1782985022.079,2026-07-02 09:37:02.080,innodb_rwlock_x_spin_rounds,0,0,0.000000,enabled
1782985022.079,2026-07-02 09:37:02.080,innodb_rwlock_x_spin_waits,0,0,0.000000,enabled
1782985022.079,2026-07-02 09:37:02.080,lock_deadlocks,0,0,0.000000,enabled
1782985022.079,2026-07-02 09:37:02.080,lock_deadlock_false_positives,0,0,0.000000,enabled
1782985022.079,2026-07-02 09:37:02.080,lock_deadlock_rounds,2835,2835,1.090956,enabled
1782985022.079,2026-07-02 09:37:02.080,lock_rec_grant_attempts,425,425,0.163547,enabled
1782985022.079,2026-07-02 09:37:02.080,lock_rec_release_attempts,43824436,43824436,16864.378750,enabled
1782985022.079,2026-07-02 09:37:02.080,lock_row_lock_current_waits,0,0,0.000000,enabled
1782985022.079,2026-07-02 09:37:02.080,lock_row_lock_time,323,323,0.124296,enabled
1782985022.079,2026-07-02 09:37:02.080,lock_row_lock_time_avg,0,0,0.000000,enabled
1782985022.079,2026-07-02 09:37:02.080,lock_row_lock_time_max,29,29,0.000000,enabled
1782985022.079,2026-07-02 09:37:02.080,lock_row_lock_waits,425,425,0.163547,enabled
1782985022.079,2026-07-02 09:37:02.080,lock_schedule_refreshes,2835,2835,1.090956,enabled
1782985022.079,2026-07-02 09:37:02.080,lock_threads_waiting,0,0,0.000000,enabled
1782985022.079,2026-07-02 09:37:02.080,lock_timeouts,0,0,0.000000,enabled
1782985022.079,2026-07-02 09:37:02.080,log_waits,0,0,0.000000,enabled
1782985022.079,2026-07-02 09:37:02.080,log_writes,220558098,220558098,84874.448353,enabled
1782985022.079,2026-07-02 09:37:02.080,log_write_requests,429813352,429813352,165399.373242,enabled
1782985022.079,2026-07-02 09:37:02.080,os_data_fsyncs,63984802,63984802,24622.423628,enabled
1782985022.079,2026-07-02 09:37:02.080,os_data_reads,90964280,90964280,35004.578748,enabled
1782985022.079,2026-07-02 09:37:02.080,os_data_writes,251237795,251237795,96680.512104,enabled
1782985022.079,2026-07-02 09:37:02.080,os_log_bytes_written,137746343936,137746343936,53007100.466861,enabled
1782985022.079,2026-07-02 09:37:02.080,os_log_fsyncs,55763728,55763728,21458.816590,enabled
1782985022.079,2026-07-02 09:37:02.080,os_log_pending_fsyncs,1,1,0.000385,enabled
1782985022.079,2026-07-02 09:37:02.080,os_log_pending_writes,0,0,0.000000,enabled
1782985022.079,2026-07-02 09:37:02.080,trx_rseg_history_len,923,923,0.000000,enabled
1782985023.152,2026-07-02 09:37:03.153,adaptive_hash_searches,0,0,0.000000,enabled
1782985023.152,2026-07-02 09:37:03.153,adaptive_hash_searches_btree,642286927,642286927,247061.145212,enabled
1782985023.152,2026-07-02 09:37:03.153,buffer_data_reads,1486379387392,1486379387392,571748565.391947,enabled
1782985023.152,2026-07-02 09:37:03.153,buffer_data_written,663826934272,663826934272,255346717.191509,enabled
1782985023.152,2026-07-02 09:37:03.153,buffer_pages0_read,7,7,0.002693,enabled
1782985023.152,2026-07-02 09:37:03.153,buffer_pages_created,1823167,1823167,701.296811,enabled
1782985023.152,2026-07-02 09:37:03.153,buffer_pages_read,90977234,90977234,34995.172524,enabled
1782985023.152,2026-07-02 09:37:03.153,buffer_pages_written,29836708,29836708,11476.945398,enabled
1782985023.152,2026-07-02 09:37:03.153,buffer_pool_bytes_data,12857245696,12857245696,0.000000,enabled
1782985023.152,2026-07-02 09:37:03.153,buffer_pool_bytes_dirty,4633313280,4633313280,0.000000,enabled
1782985023.152,2026-07-02 09:37:03.153,buffer_pool_pages_data,784744,784744,0.000000,enabled
1782985023.152,2026-07-02 09:37:03.153,buffer_pool_pages_dirty,282795,282795,0.000000,enabled
1782985023.152,2026-07-02 09:37:03.153,buffer_pool_pages_flushed,29779638,29779638,0.000000,enabled
1782985023.152,2026-07-02 09:37:03.153,buffer_pool_pages_free,1592,1592,0.000000,enabled
1782985023.152,2026-07-02 09:37:03.153,buffer_pool_pages_lru_flushed,0,0,0.000000,enabled
1782985023.152,2026-07-02 09:37:03.153,buffer_pool_pages_misc,96,96,0.000000,enabled
1782985023.152,2026-07-02 09:37:03.153,buffer_pool_pages_total,786432,786432,0.000000,enabled
1782985023.152,2026-07-02 09:37:03.153,buffer_pool_reads,90064344,90064344,34644.022584,enabled
1782985023.152,2026-07-02 09:37:03.153,buffer_pool_read_ahead,803715,803715,309.155867,enabled
1782985023.152,2026-07-02 09:37:03.153,buffer_pool_read_ahead_evicted,25,25,0.009616,enabled
1782985023.152,2026-07-02 09:37:03.153,buffer_pool_read_requests,3099716808,3099716808,1192332.657298,enabled
1782985023.152,2026-07-02 09:37:03.153,buffer_pool_size,12884901888,12884901888,0.000000,enabled
1782985023.152,2026-07-02 09:37:03.153,buffer_pool_wait_free,18945,18945,7.287357,enabled
1782985023.152,2026-07-02 09:37:03.153,buffer_pool_write_requests,635258762,635258762,244357.731378,enabled
1782985023.152,2026-07-02 09:37:03.153,dml_deletes,14422962,14422962,5547.915240,enabled
1782985023.152,2026-07-02 09:37:03.153,dml_inserts,114308369,114308369,43969.688263,enabled
1782985023.152,2026-07-02 09:37:03.153,dml_system_deletes,468,468,0.180020,enabled
1782985023.152,2026-07-02 09:37:03.153,dml_system_inserts,1202,1202,0.462360,enabled
1782985023.152,2026-07-02 09:37:03.153,dml_system_reads,7661,7661,2.946869,enabled
1782985023.152,2026-07-02 09:37:03.153,dml_system_updates,620,620,0.238488,enabled
1782985023.152,2026-07-02 09:37:03.153,dml_updates,28846057,28846057,11095.881633,enabled
1782985023.152,2026-07-02 09:37:03.153,file_num_open_files,35,35,0.000000,enabled
1782985023.152,2026-07-02 09:37:03.153,ibuf_merges,0,0,0.000000,enabled
1782985023.152,2026-07-02 09:37:03.153,ibuf_merges_delete,0,0,0.000000,enabled
1782985023.152,2026-07-02 09:37:03.153,ibuf_merges_delete_mark,0,0,0.000000,enabled
1782985023.152,2026-07-02 09:37:03.153,ibuf_merges_discard_delete,0,0,0.000000,enabled
1782985023.152,2026-07-02 09:37:03.153,ibuf_merges_discard_delete_mark,0,0,0.000000,enabled
1782985023.152,2026-07-02 09:37:03.153,ibuf_merges_discard_insert,0,0,0.000000,enabled
1782985023.152,2026-07-02 09:37:03.153,ibuf_merges_insert,0,0,0.000000,enabled
1782985023.152,2026-07-02 09:37:03.153,ibuf_size,1,1,0.000385,enabled
1782985023.152,2026-07-02 09:37:03.153,innodb_activity_count,19479401,19479401,7492.917684,enabled
1782985023.152,2026-07-02 09:37:03.153,innodb_dblwr_pages_written,29777208,29777208,11454.056895,enabled
1782985023.152,2026-07-02 09:37:03.153,innodb_dblwr_writes,617907,617907,237.683195,enabled
1782985023.152,2026-07-02 09:37:03.153,innodb_page_size,16384,16384,0.000000,enabled
1782985023.152,2026-07-02 09:37:03.153,innodb_rwlock_sx_os_waits,0,0,0.000000,enabled
1782985023.152,2026-07-02 09:37:03.153,innodb_rwlock_sx_spin_rounds,0,0,0.000000,enabled
1782985023.152,2026-07-02 09:37:03.153,innodb_rwlock_sx_spin_waits,0,0,0.000000,enabled
1782985023.152,2026-07-02 09:37:03.153,innodb_rwlock_s_os_waits,0,0,0.000000,enabled
1782985023.152,2026-07-02 09:37:03.153,innodb_rwlock_s_spin_rounds,0,0,0.000000,enabled
1782985023.152,2026-07-02 09:37:03.153,innodb_rwlock_s_spin_waits,0,0,0.000000,enabled
1782985023.152,2026-07-02 09:37:03.153,innodb_rwlock_x_os_waits,0,0,0.000000,enabled
1782985023.152,2026-07-02 09:37:03.153,innodb_rwlock_x_spin_rounds,0,0,0.000000,enabled
1782985023.152,2026-07-02 09:37:03.153,innodb_rwlock_x_spin_waits,0,0,0.000000,enabled
1782985023.152,2026-07-02 09:37:03.153,lock_deadlocks,0,0,0.000000,enabled
1782985023.152,2026-07-02 09:37:03.153,lock_deadlock_false_positives,0,0,0.000000,enabled
1782985023.152,2026-07-02 09:37:03.153,lock_deadlock_rounds,2836,2836,1.090892,enabled
1782985023.152,2026-07-02 09:37:03.153,lock_rec_grant_attempts,425,425,0.163480,enabled
1782985023.152,2026-07-02 09:37:03.153,lock_rec_release_attempts,43838867,43838867,16862.996463,enabled
1782985023.152,2026-07-02 09:37:03.153,lock_row_lock_current_waits,0,0,0.000000,enabled
1782985023.152,2026-07-02 09:37:03.153,lock_row_lock_time,323,323,0.124245,enabled
1782985023.152,2026-07-02 09:37:03.153,lock_row_lock_time_avg,0,0,0.000000,enabled
1782985023.152,2026-07-02 09:37:03.153,lock_row_lock_time_max,29,29,0.000000,enabled
1782985023.152,2026-07-02 09:37:03.153,lock_row_lock_waits,425,425,0.163480,enabled
1782985023.152,2026-07-02 09:37:03.153,lock_schedule_refreshes,2836,2836,1.090892,enabled
1782985023.152,2026-07-02 09:37:03.153,lock_threads_waiting,0,0,0.000000,enabled
1782985023.152,2026-07-02 09:37:03.153,lock_timeouts,0,0,0.000000,enabled
1782985023.152,2026-07-02 09:37:03.153,log_waits,0,0,0.000000,enabled
1782985023.152,2026-07-02 09:37:03.153,log_writes,220636890,220636890,84869.863874,enabled
1782985023.152,2026-07-02 09:37:03.153,log_write_requests,429894207,429894207,165362.477908,enabled
1782985023.152,2026-07-02 09:37:03.153,os_data_fsyncs,64017684,64017684,24624.949411,enabled
1782985023.152,2026-07-02 09:37:03.153,os_data_reads,91019975,91019975,35011.611513,enabled
1782985023.152,2026-07-02 09:37:03.153,os_data_writes,251332832,251332832,96677.322412,enabled
1782985023.152,2026-07-02 09:37:03.153,os_log_bytes_written,137787429376,137787429376,53001112.524616,enabled
1782985023.152,2026-07-02 09:37:03.153,os_log_fsyncs,55791406,55791406,21460.641215,enabled
1782985023.152,2026-07-02 09:37:03.153,os_log_pending_fsyncs,1,1,0.000385,enabled
1782985023.152,2026-07-02 09:37:03.153,os_log_pending_writes,0,0,0.000000,enabled
1782985023.152,2026-07-02 09:37:03.153,trx_rseg_history_len,872,872,0.000000,enabled
1782985024.220,2026-07-02 09:37:04.221,adaptive_hash_searches,0,0,0.000000,enabled
1782985024.220,2026-07-02 09:37:04.221,adaptive_hash_searches_btree,642453692,642453692,247023.741849,enabled
1782985024.220,2026-07-02 09:37:04.221,buffer_data_reads,1487306476032,1487306476032,571870102.536623,enabled
1782985024.220,2026-07-02 09:37:04.221,buffer_data_written,664138779136,664138779136,255361700.897683,enabled
1782985024.220,2026-07-02 09:37:04.221,buffer_pages0_read,7,7,0.002692,enabled
1782985024.220,2026-07-02 09:37:04.221,buffer_pages_created,1823195,1823195,701.019418,enabled
1782985024.220,2026-07-02 09:37:04.221,buffer_pages_read,91033962,91033962,35002.605119,enabled
1782985024.220,2026-07-02 09:37:04.221,buffer_pages_written,29852875,29852875,11478.445798,enabled
1782985024.220,2026-07-02 09:37:04.221,buffer_pool_bytes_data,12852854784,12852854784,0.000000,enabled
1782985024.220,2026-07-02 09:37:04.221,buffer_pool_bytes_dirty,4634542080,4634542080,0.000000,enabled
1782985024.220,2026-07-02 09:37:04.221,buffer_pool_pages_data,784476,784476,0.000000,enabled
1782985024.220,2026-07-02 09:37:04.221,buffer_pool_pages_dirty,282869,282869,0.000000,enabled
1782985024.220,2026-07-02 09:37:04.221,buffer_pool_pages_flushed,29795800,29795800,0.000000,enabled
1782985024.220,2026-07-02 09:37:04.221,buffer_pool_pages_free,1859,1859,0.000000,enabled
1782985024.220,2026-07-02 09:37:04.221,buffer_pool_pages_lru_flushed,0,0,0.000000,enabled
1782985024.220,2026-07-02 09:37:04.221,buffer_pool_pages_misc,96,96,0.000000,enabled
1782985024.220,2026-07-02 09:37:04.221,buffer_pool_pages_total,786432,786432,0.000000,enabled
1782985024.220,2026-07-02 09:37:04.221,buffer_pool_reads,90121015,90121015,34651.577793,enabled
1782985024.220,2026-07-02 09:37:04.221,buffer_pool_read_ahead,803715,803715,309.028838,enabled
1782985024.220,2026-07-02 09:37:04.221,buffer_pool_read_ahead_evicted,25,25,0.009613,enabled
1782985024.220,2026-07-02 09:37:04.221,buffer_pool_read_requests,3100542748,3100542748,1192160.316287,enabled
1782985024.220,2026-07-02 09:37:04.221,buffer_pool_size,12884901888,12884901888,0.000000,enabled
1782985024.220,2026-07-02 09:37:04.221,buffer_pool_wait_free,18945,18945,7.284362,enabled
1782985024.220,2026-07-02 09:37:04.221,buffer_pool_write_requests,635370761,635370761,244300.391392,enabled
1782985024.220,2026-07-02 09:37:04.221,dml_deletes,14427776,14427776,5547.486387,enabled
1782985024.220,2026-07-02 09:37:04.221,dml_inserts,114313182,114313182,43953.470133,enabled
1782985024.220,2026-07-02 09:37:04.221,dml_system_deletes,468,468,0.179946,enabled
1782985024.220,2026-07-02 09:37:04.221,dml_system_inserts,1202,1202,0.462170,enabled
1782985024.220,2026-07-02 09:37:04.221,dml_system_reads,7661,7661,2.945658,enabled
1782985024.220,2026-07-02 09:37:04.221,dml_system_updates,620,620,0.238390,enabled
1782985024.220,2026-07-02 09:37:04.221,dml_updates,28855688,28855688,11095.025056,enabled
1782985024.220,2026-07-02 09:37:04.221,file_num_open_files,35,35,0.000000,enabled
1782985024.220,2026-07-02 09:37:04.221,ibuf_merges,0,0,0.000000,enabled
1782985024.220,2026-07-02 09:37:04.221,ibuf_merges_delete,0,0,0.000000,enabled
1782985024.220,2026-07-02 09:37:04.221,ibuf_merges_delete_mark,0,0,0.000000,enabled
1782985024.220,2026-07-02 09:37:04.221,ibuf_merges_discard_delete,0,0,0.000000,enabled
1782985024.220,2026-07-02 09:37:04.221,ibuf_merges_discard_delete_mark,0,0,0.000000,enabled
1782985024.220,2026-07-02 09:37:04.221,ibuf_merges_discard_insert,0,0,0.000000,enabled
1782985024.220,2026-07-02 09:37:04.221,ibuf_merges_insert,0,0,0.000000,enabled
1782985024.220,2026-07-02 09:37:04.221,ibuf_size,1,1,0.000385,enabled
1782985024.220,2026-07-02 09:37:04.221,innodb_activity_count,19484939,19484939,7491.967966,enabled
1782985024.220,2026-07-02 09:37:04.221,innodb_dblwr_pages_written,29793389,29793389,11455.571632,enabled
1782985024.220,2026-07-02 09:37:04.221,innodb_dblwr_writes,618260,618260,237.721252,enabled
1782985024.220,2026-07-02 09:37:04.221,innodb_page_size,16384,16384,0.000000,enabled
1782985024.220,2026-07-02 09:37:04.221,innodb_rwlock_sx_os_waits,0,0,0.000000,enabled
1782985024.220,2026-07-02 09:37:04.221,innodb_rwlock_sx_spin_rounds,0,0,0.000000,enabled
1782985024.220,2026-07-02 09:37:04.221,innodb_rwlock_sx_spin_waits,0,0,0.000000,enabled
1782985024.220,2026-07-02 09:37:04.221,innodb_rwlock_s_os_waits,0,0,0.000000,enabled
1782985024.220,2026-07-02 09:37:04.221,innodb_rwlock_s_spin_rounds,0,0,0.000000,enabled
1782985024.220,2026-07-02 09:37:04.221,innodb_rwlock_s_spin_waits,0,0,0.000000,enabled
1782985024.220,2026-07-02 09:37:04.221,innodb_rwlock_x_os_waits,0,0,0.000000,enabled
1782985024.220,2026-07-02 09:37:04.221,innodb_rwlock_x_spin_rounds,0,0,0.000000,enabled
1782985024.220,2026-07-02 09:37:04.221,innodb_rwlock_x_spin_waits,0,0,0.000000,enabled
1782985024.220,2026-07-02 09:37:04.221,lock_deadlocks,0,0,0.000000,enabled
1782985024.220,2026-07-02 09:37:04.221,lock_deadlock_false_positives,0,0,0.000000,enabled
1782985024.220,2026-07-02 09:37:04.221,lock_deadlock_rounds,2838,2838,1.091213,enabled
1782985024.220,2026-07-02 09:37:04.221,lock_rec_grant_attempts,425,425,0.163413,enabled
1782985024.220,2026-07-02 09:37:04.221,lock_rec_release_attempts,43853511,43853511,16861.698294,enabled
1782985024.220,2026-07-02 09:37:04.221,lock_row_lock_current_waits,0,0,0.000000,enabled
1782985024.220,2026-07-02 09:37:04.221,lock_row_lock_time,323,323,0.124194,enabled
1782985024.220,2026-07-02 09:37:04.221,lock_row_lock_time_avg,0,0,0.000000,enabled
1782985024.220,2026-07-02 09:37:04.221,lock_row_lock_time_max,29,29,0.000000,enabled
1782985024.220,2026-07-02 09:37:04.221,lock_row_lock_waits,425,425,0.163413,enabled
1782985024.220,2026-07-02 09:37:04.221,lock_schedule_refreshes,2838,2838,1.091212,enabled
1782985024.220,2026-07-02 09:37:04.221,lock_threads_waiting,0,0,0.000000,enabled
1782985024.220,2026-07-02 09:37:04.221,lock_timeouts,0,0,0.000000,enabled
1782985024.220,2026-07-02 09:37:04.221,log_waits,0,0,0.000000,enabled
1782985024.220,2026-07-02 09:37:04.221,log_writes,220715003,220715003,84865.023682,enabled
1782985024.220,2026-07-02 09:37:04.221,log_write_requests,429976133,429976133,165326.027877,enabled
1782985024.220,2026-07-02 09:37:04.221,os_data_fsyncs,64051566,64051566,24627.858399,enabled
1782985024.220,2026-07-02 09:37:04.221,os_data_reads,91076559,91076559,35018.981466,enabled
1782985024.220,2026-07-02 09:37:04.221,os_data_writes,251427371,251427371,96673.947010,enabled
1782985024.220,2026-07-02 09:37:04.221,os_log_bytes_written,137828152320,137828152320,52994991.755762,enabled
1782985024.220,2026-07-02 09:37:04.221,os_log_fsyncs,55820393,55820393,21462.968301,enabled
1782985024.220,2026-07-02 09:37:04.221,os_log_pending_fsyncs,1,1,0.000385,enabled
1782985024.220,2026-07-02 09:37:04.221,os_log_pending_writes,0,0,0.000000,enabled
1782985024.220,2026-07-02 09:37:04.221,trx_rseg_history_len,885,885,0.000000,enabled
1782985025.288,2026-07-02 09:37:05.290,adaptive_hash_searches,0,0,0.000000,enabled
1782985025.288,2026-07-02 09:37:05.290,adaptive_hash_searches_btree,642622314,642622314,246986.795413,enabled
1782985025.288,2026-07-02 09:37:05.290,buffer_data_reads,1488238250496,1488238250496,571992640.568819,enabled
1782985025.288,2026-07-02 09:37:05.290,buffer_data_written,664449251328,664449251328,255375832.066854,enabled
1782985025.288,2026-07-02 09:37:05.290,buffer_pages0_read,7,7,0.002690,enabled
1782985025.288,2026-07-02 09:37:05.290,buffer_pages_created,1823227,1823227,700.742931,enabled
1782985025.288,2026-07-02 09:37:05.290,buffer_pages_read,91090984,91090984,35010.101724,enabled
1782985025.288,2026-07-02 09:37:05.290,buffer_pages_written,29868924,29868924,11479.885545,enabled
1782985025.288,2026-07-02 09:37:05.290,buffer_pool_bytes_data,12852166656,12852166656,0.000000,enabled
1782985025.288,2026-07-02 09:37:05.290,buffer_pool_bytes_dirty,4642357248,4642357248,0.000000,enabled
1782985025.288,2026-07-02 09:37:05.290,buffer_pool_pages_data,784434,784434,0.000000,enabled
1782985025.288,2026-07-02 09:37:05.290,buffer_pool_pages_dirty,283347,283347,0.000000,enabled
1782985025.288,2026-07-02 09:37:05.290,buffer_pool_pages_flushed,29811854,29811854,0.000000,enabled
1782985025.288,2026-07-02 09:37:05.290,buffer_pool_pages_free,1901,1901,0.000000,enabled
1782985025.288,2026-07-02 09:37:05.290,buffer_pool_pages_lru_flushed,0,0,0.000000,enabled
1782985025.288,2026-07-02 09:37:05.290,buffer_pool_pages_misc,96,96,0.000000,enabled
1782985025.288,2026-07-02 09:37:05.290,buffer_pool_pages_total,786432,786432,0.000000,enabled
1782985025.288,2026-07-02 09:37:05.290,buffer_pool_reads,90177969,90177969,34659.192592,enabled
1782985025.288,2026-07-02 09:37:05.290,buffer_pool_read_ahead,803715,803715,308.901532,enabled
1782985025.288,2026-07-02 09:37:05.290,buffer_pool_read_ahead_evicted,25,25,0.009609,enabled
1782985025.288,2026-07-02 09:37:05.290,buffer_pool_read_requests,3101377438,3101377438,1191990.002087,enabled
1782985025.288,2026-07-02 09:37:05.290,buffer_pool_size,12884901888,12884901888,0.000000,enabled
1782985025.288,2026-07-02 09:37:05.290,buffer_pool_wait_free,18945,18945,7.281362,enabled
1782985025.288,2026-07-02 09:37:05.290,buffer_pool_write_requests,635483658,635483658,244243.140844,enabled
1782985025.288,2026-07-02 09:37:05.290,dml_deletes,14432661,14432661,5547.078773,enabled
1782985025.288,2026-07-02 09:37:05.290,dml_inserts,114318066,114318066,43937.241921,enabled
1782985025.288,2026-07-02 09:37:05.290,dml_system_deletes,468,468,0.179872,enabled
1782985025.288,2026-07-02 09:37:05.290,dml_system_inserts,1202,1202,0.461979,enabled
1782985025.288,2026-07-02 09:37:05.290,dml_system_reads,7661,7661,2.944445,enabled
1782985025.288,2026-07-02 09:37:05.290,dml_system_updates,620,620,0.238292,enabled
1782985025.288,2026-07-02 09:37:05.290,dml_updates,28865452,28865452,11094.207503,enabled
1782985025.288,2026-07-02 09:37:05.290,file_num_open_files,35,35,0.000000,enabled
1782985025.288,2026-07-02 09:37:05.290,ibuf_merges,0,0,0.000000,enabled
1782985025.288,2026-07-02 09:37:05.290,ibuf_merges_delete,0,0,0.000000,enabled
1782985025.288,2026-07-02 09:37:05.290,ibuf_merges_delete_mark,0,0,0.000000,enabled
1782985025.288,2026-07-02 09:37:05.290,ibuf_merges_discard_delete,0,0,0.000000,enabled
1782985025.288,2026-07-02 09:37:05.290,ibuf_merges_discard_delete_mark,0,0,0.000000,enabled
1782985025.288,2026-07-02 09:37:05.290,ibuf_merges_discard_insert,0,0,0.000000,enabled
1782985025.288,2026-07-02 09:37:05.290,ibuf_merges_insert,0,0,0.000000,enabled
1782985025.288,2026-07-02 09:37:05.290,ibuf_size,1,1,0.000384,enabled
1782985025.288,2026-07-02 09:37:05.290,innodb_activity_count,19490546,19490546,7491.036865,enabled
1782985025.288,2026-07-02 09:37:05.290,innodb_dblwr_pages_written,29809424,29809424,11457.015759,enabled
1782985025.288,2026-07-02 09:37:05.290,innodb_dblwr_writes,618624,618624,237.763230,enabled
1782985025.288,2026-07-02 09:37:05.290,innodb_page_size,16384,16384,0.000000,enabled
1782985025.288,2026-07-02 09:37:05.290,innodb_rwlock_sx_os_waits,0,0,0.000000,enabled
1782985025.288,2026-07-02 09:37:05.290,innodb_rwlock_sx_spin_rounds,0,0,0.000000,enabled
1782985025.288,2026-07-02 09:37:05.290,innodb_rwlock_sx_spin_waits,0,0,0.000000,enabled
1782985025.288,2026-07-02 09:37:05.290,innodb_rwlock_s_os_waits,0,0,0.000000,enabled
1782985025.288,2026-07-02 09:37:05.290,innodb_rwlock_s_spin_rounds,0,0,0.000000,enabled
1782985025.288,2026-07-02 09:37:05.290,innodb_rwlock_s_spin_waits,0,0,0.000000,enabled
1782985025.288,2026-07-02 09:37:05.290,innodb_rwlock_x_os_waits,0,0,0.000000,enabled
1782985025.288,2026-07-02 09:37:05.290,innodb_rwlock_x_spin_rounds,0,0,0.000000,enabled
1782985025.288,2026-07-02 09:37:05.290,innodb_rwlock_x_spin_waits,0,0,0.000000,enabled
1782985025.288,2026-07-02 09:37:05.290,lock_deadlocks,0,0,0.000000,enabled
1782985025.288,2026-07-02 09:37:05.290,lock_deadlock_false_positives,0,0,0.000000,enabled
1782985025.288,2026-07-02 09:37:05.290,lock_deadlock_rounds,2839,2839,1.091147,enabled
1782985025.288,2026-07-02 09:37:05.290,lock_rec_grant_attempts,425,425,0.163345,enabled
1782985025.288,2026-07-02 09:37:05.290,lock_rec_release_attempts,43868357,43868357,16860.457892,enabled
1782985025.288,2026-07-02 09:37:05.290,lock_row_lock_current_waits,0,0,0.000000,enabled
1782985025.288,2026-07-02 09:37:05.290,lock_row_lock_time,323,323,0.124143,enabled
1782985025.288,2026-07-02 09:37:05.290,lock_row_lock_time_avg,0,0,0.000000,enabled
1782985025.288,2026-07-02 09:37:05.290,lock_row_lock_time_max,29,29,0.000000,enabled
1782985025.288,2026-07-02 09:37:05.290,lock_row_lock_waits,425,425,0.163345,enabled
1782985025.288,2026-07-02 09:37:05.290,lock_schedule_refreshes,2839,2839,1.091147,enabled
1782985025.288,2026-07-02 09:37:05.290,lock_threads_waiting,0,0,0.000000,enabled
1782985025.288,2026-07-02 09:37:05.290,lock_timeouts,0,0,0.000000,enabled
1782985025.288,2026-07-02 09:37:05.290,log_waits,0,0,0.000000,enabled
1782985025.288,2026-07-02 09:37:05.290,log_writes,220794563,220794563,84860.643335,enabled
1782985025.288,2026-07-02 09:37:05.290,log_write_requests,430059021,430059021,165289.782136,enabled
1782985025.288,2026-07-02 09:37:05.290,os_data_fsyncs,64085892,64085892,24630.906139,enabled
1782985025.288,2026-07-02 09:37:05.290,os_data_reads,91133407,91133407,35026.404962,enabled
1782985025.288,2026-07-02 09:37:05.290,os_data_writes,251523230,251523230,96670.965791,enabled
1782985025.288,2026-07-02 09:37:05.290,os_log_bytes_written,137869727744,137869727744,52989140.230969,enabled
1782985025.288,2026-07-02 09:37:05.290,os_log_fsyncs,55849704,55849704,21465.392321,enabled
1782985025.288,2026-07-02 09:37:05.290,os_log_pending_fsyncs,1,1,0.000384,enabled
1782985025.288,2026-07-02 09:37:05.290,os_log_pending_writes,0,0,0.000000,enabled
1782985025.288,2026-07-02 09:37:05.290,trx_rseg_history_len,968,968,0.000000,enabled
1782985026.360,2026-07-02 09:37:06.362,adaptive_hash_searches,0,0,0.000000,enabled
1782985026.360,2026-07-02 09:37:06.362,adaptive_hash_searches_btree,642790065,642790065,246949.874727,enabled
1782985026.360,2026-07-02 09:37:06.362,buffer_data_reads,1489170762240,1489170762240,572116147.070041,enabled
1782985026.360,2026-07-02 09:37:06.362,buffer_data_written,664760145408,664760145408,255390464.577608,enabled
1782985026.360,2026-07-02 09:37:06.362,buffer_pages0_read,7,7,0.002689,enabled
1782985026.360,2026-07-02 09:37:06.362,buffer_pages_created,1823263,1823263,700.469172,enabled
1782985026.360,2026-07-02 09:37:06.362,buffer_pages_read,91148045,91148045,35017.655282,enabled
1782985026.360,2026-07-02 09:37:06.362,buffer_pages_written,29884970,29884970,11481.338747,enabled
1782985026.360,2026-07-02 09:37:06.362,buffer_pool_bytes_data,12846792704,12846792704,0.000000,enabled
1782985026.360,2026-07-02 09:37:06.362,buffer_pool_bytes_dirty,4646273024,4646273024,0.000000,enabled
1782985026.360,2026-07-02 09:37:06.362,buffer_pool_pages_data,784106,784106,0.000000,enabled
1782985026.360,2026-07-02 09:37:06.362,buffer_pool_pages_dirty,283586,283586,0.000000,enabled
1782985026.360,2026-07-02 09:37:06.362,buffer_pool_pages_flushed,29827896,29827896,0.000000,enabled
1782985026.360,2026-07-02 09:37:06.362,buffer_pool_pages_free,2230,2230,0.000000,enabled
1782985026.360,2026-07-02 09:37:06.362,buffer_pool_pages_lru_flushed,0,0,0.000000,enabled
1782985026.360,2026-07-02 09:37:06.362,buffer_pool_pages_misc,96,96,0.000000,enabled
1782985026.360,2026-07-02 09:37:06.362,buffer_pool_pages_total,786432,786432,0.000000,enabled
1782985026.360,2026-07-02 09:37:06.362,buffer_pool_reads,90234976,90234976,34666.869561,enabled
1782985026.360,2026-07-02 09:37:06.362,buffer_pool_read_ahead,803715,803715,308.774757,enabled
1782985026.360,2026-07-02 09:37:06.362,buffer_pool_read_ahead_evicted,25,25,0.009605,enabled
1782985026.360,2026-07-02 09:37:06.362,buffer_pool_read_requests,3102208641,3102208641,1191820.139757,enabled
1782985026.360,2026-07-02 09:37:06.362,buffer_pool_size,12884901888,12884901888,0.000000,enabled
1782985026.360,2026-07-02 09:37:06.362,buffer_pool_wait_free,18945,18945,7.278373,enabled
1782985026.360,2026-07-02 09:37:06.362,buffer_pool_write_requests,635595836,635595836,244185.999466,enabled
1782985026.360,2026-07-02 09:37:06.362,dml_deletes,14437511,14437511,5546.665434,enabled
1782985026.360,2026-07-02 09:37:06.362,dml_inserts,114322917,114322917,43921.072861,enabled
1782985026.360,2026-07-02 09:37:06.362,dml_system_deletes,468,468,0.179798,enabled
1782985026.360,2026-07-02 09:37:06.362,dml_system_inserts,1202,1202,0.461790,enabled
1782985026.360,2026-07-02 09:37:06.362,dml_system_reads,7661,7661,2.943236,enabled
1782985026.360,2026-07-02 09:37:06.362,dml_system_updates,620,620,0.238194,enabled
1782985026.360,2026-07-02 09:37:06.362,dml_updates,28875151,28875151,11093.380416,enabled
1782985026.360,2026-07-02 09:37:06.362,file_num_open_files,35,35,0.000000,enabled
1782985026.360,2026-07-02 09:37:06.362,ibuf_merges,0,0,0.000000,enabled
1782985026.360,2026-07-02 09:37:06.362,ibuf_merges_delete,0,0,0.000000,enabled
1782985026.360,2026-07-02 09:37:06.362,ibuf_merges_delete_mark,0,0,0.000000,enabled
1782985026.360,2026-07-02 09:37:06.362,ibuf_merges_discard_delete,0,0,0.000000,enabled
1782985026.360,2026-07-02 09:37:06.362,ibuf_merges_discard_delete_mark,0,0,0.000000,enabled
1782985026.360,2026-07-02 09:37:06.362,ibuf_merges_discard_insert,0,0,0.000000,enabled
1782985026.360,2026-07-02 09:37:06.362,ibuf_merges_insert,0,0,0.000000,enabled
1782985026.360,2026-07-02 09:37:06.362,ibuf_size,1,1,0.000384,enabled
1782985026.360,2026-07-02 09:37:06.362,innodb_activity_count,19496120,19496120,7490.103839,enabled
1782985026.360,2026-07-02 09:37:06.362,innodb_dblwr_pages_written,29825466,29825466,11458.476659,enabled
1782985026.360,2026-07-02 09:37:06.362,innodb_dblwr_writes,618970,618970,237.798575,enabled
1782985026.360,2026-07-02 09:37:06.362,innodb_page_size,16384,16384,0.000000,enabled
1782985026.360,2026-07-02 09:37:06.362,innodb_rwlock_sx_os_waits,0,0,0.000000,enabled
1782985026.360,2026-07-02 09:37:06.362,innodb_rwlock_sx_spin_rounds,0,0,0.000000,enabled
1782985026.360,2026-07-02 09:37:06.362,innodb_rwlock_sx_spin_waits,0,0,0.000000,enabled
1782985026.360,2026-07-02 09:37:06.362,innodb_rwlock_s_os_waits,0,0,0.000000,enabled
1782985026.360,2026-07-02 09:37:06.362,innodb_rwlock_s_spin_rounds,0,0,0.000000,enabled
1782985026.360,2026-07-02 09:37:06.362,innodb_rwlock_s_spin_waits,0,0,0.000000,enabled
1782985026.360,2026-07-02 09:37:06.362,innodb_rwlock_x_os_waits,0,0,0.000000,enabled
1782985026.360,2026-07-02 09:37:06.362,innodb_rwlock_x_spin_rounds,0,0,0.000000,enabled
1782985026.360,2026-07-02 09:37:06.362,innodb_rwlock_x_spin_waits,0,0,0.000000,enabled
1782985026.360,2026-07-02 09:37:06.362,lock_deadlocks,0,0,0.000000,enabled
1782985026.360,2026-07-02 09:37:06.362,lock_deadlock_false_positives,0,0,0.000000,enabled
1782985026.360,2026-07-02 09:37:06.362,lock_deadlock_rounds,2840,2840,1.091084,enabled
1782985026.360,2026-07-02 09:37:06.362,lock_rec_grant_attempts,425,425,0.163278,enabled
1782985026.360,2026-07-02 09:37:06.362,lock_rec_release_attempts,43883084,43883084,16859.196190,enabled
1782985026.360,2026-07-02 09:37:06.362,lock_row_lock_current_waits,0,0,0.000000,enabled
1782985026.360,2026-07-02 09:37:06.362,lock_row_lock_time,323,323,0.124092,enabled
1782985026.360,2026-07-02 09:37:06.362,lock_row_lock_time_avg,0,0,0.000000,enabled
1782985026.360,2026-07-02 09:37:06.362,lock_row_lock_time_max,29,29,0.000000,enabled
1782985026.360,2026-07-02 09:37:06.362,lock_row_lock_waits,425,425,0.163278,enabled
1782985026.360,2026-07-02 09:37:06.362,lock_schedule_refreshes,2840,2840,1.091084,enabled
1782985026.360,2026-07-02 09:37:06.362,lock_threads_waiting,0,0,0.000000,enabled
1782985026.360,2026-07-02 09:37:06.362,lock_timeouts,0,0,0.000000,enabled
1782985026.360,2026-07-02 09:37:06.362,log_waits,0,0,0.000000,enabled
1782985026.360,2026-07-02 09:37:06.362,log_writes,220873887,220873887,84856.290250,enabled
1782985026.360,2026-07-02 09:37:06.362,log_write_requests,430141504,430141504,165253.633333,enabled
1782985026.360,2026-07-02 09:37:06.362,os_data_fsyncs,64119755,64119755,24633.806955,enabled
1782985026.360,2026-07-02 09:37:06.362,os_data_reads,91190300,91190300,35033.886976,enabled
1782985026.360,2026-07-02 09:37:06.362,os_data_writes,251618849,251618849,96668.026214,enabled
1782985026.360,2026-07-02 09:37:06.362,os_log_bytes_written,137911219712,137911219712,52983333.414989,enabled
1782985026.360,2026-07-02 09:37:06.362,os_log_fsyncs,55878756,55878756,21467.743985,enabled
1782985026.360,2026-07-02 09:37:06.362,os_log_pending_fsyncs,1,1,0.000384,enabled
1782985026.360,2026-07-02 09:37:06.362,os_log_pending_writes,0,0,0.000000,enabled
1782985026.360,2026-07-02 09:37:06.362,trx_rseg_history_len,1004,1004,0.000000,enabled
1782985027.429,2026-07-02 09:37:07.430,adaptive_hash_searches,0,0,0.000000,enabled
1782985027.429,2026-07-02 09:37:07.430,adaptive_hash_searches_btree,642954708,642954708,246911.647242,enabled
1782985027.429,2026-07-02 09:37:07.430,buffer_data_reads,1490084317696,1490084317696,572231934.137225,enabled
1782985027.429,2026-07-02 09:37:07.430,buffer_data_written,665118555648,665118555648,255423181.602663,enabled
1782985027.429,2026-07-02 09:37:07.430,buffer_pages0_read,7,7,0.002688,enabled
1782985027.429,2026-07-02 09:37:07.430,buffer_pages_created,1823287,1823287,700.190615,enabled
1782985027.429,2026-07-02 09:37:07.430,buffer_pages_read,91203943,91203943,35024.735293,enabled
1782985027.429,2026-07-02 09:37:07.430,buffer_pages_written,29903970,29903970,11483.918370,enabled
1782985027.429,2026-07-02 09:37:07.430,buffer_pool_bytes_data,12849135616,12849135616,0.000000,enabled
1782985027.429,2026-07-02 09:37:07.430,buffer_pool_bytes_dirty,4598333440,4598333440,0.000000,enabled
1782985027.429,2026-07-02 09:37:07.430,buffer_pool_pages_data,784249,784249,0.000000,enabled
1782985027.429,2026-07-02 09:37:07.430,buffer_pool_pages_dirty,280660,280660,0.000000,enabled
1782985027.429,2026-07-02 09:37:07.430,buffer_pool_pages_flushed,29843796,29843796,0.000000,enabled
1782985027.429,2026-07-02 09:37:07.430,buffer_pool_pages_free,2087,2087,0.000000,enabled
1782985027.429,2026-07-02 09:37:07.430,buffer_pool_pages_lru_flushed,0,0,0.000000,enabled
1782985027.429,2026-07-02 09:37:07.430,buffer_pool_pages_misc,96,96,0.000000,enabled
1782985027.429,2026-07-02 09:37:07.430,buffer_pool_pages_total,786432,786432,0.000000,enabled
1782985027.429,2026-07-02 09:37:07.430,buffer_pool_reads,90290809,90290809,34674.068582,enabled
1782985027.429,2026-07-02 09:37:07.430,buffer_pool_read_ahead,803715,803715,308.647902,enabled
1782985027.429,2026-07-02 09:37:07.430,buffer_pool_read_ahead_evicted,25,25,0.009601,enabled
1782985027.429,2026-07-02 09:37:07.430,buffer_pool_read_requests,3103024335,3103024335,1191643.749177,enabled
1782985027.429,2026-07-02 09:37:07.430,buffer_pool_size,12884901888,12884901888,0.000000,enabled
1782985027.429,2026-07-02 09:37:07.430,buffer_pool_wait_free,18945,18945,7.275383,enabled
1782985027.429,2026-07-02 09:37:07.430,buffer_pool_write_requests,635706496,635706496,244128.176263,enabled
1782985027.429,2026-07-02 09:37:07.430,dml_deletes,14442280,14442280,5546.218121,enabled
1782985027.429,2026-07-02 09:37:07.430,dml_inserts,114327686,114327686,43904.860197,enabled
1782985027.429,2026-07-02 09:37:07.430,dml_system_deletes,468,468,0.179724,enabled
1782985027.429,2026-07-02 09:37:07.430,dml_system_inserts,1202,1202,0.461600,enabled
1782985027.429,2026-07-02 09:37:07.430,dml_system_reads,7661,7661,2.942027,enabled
1782985027.429,2026-07-02 09:37:07.430,dml_system_updates,620,620,0.238096,enabled
1782985027.429,2026-07-02 09:37:07.430,dml_updates,28884688,28884688,11092.485389,enabled
1782985027.429,2026-07-02 09:37:07.430,file_num_open_files,35,35,0.000000,enabled
1782985027.429,2026-07-02 09:37:07.430,ibuf_merges,0,0,0.000000,enabled
1782985027.429,2026-07-02 09:37:07.430,ibuf_merges_delete,0,0,0.000000,enabled
1782985027.429,2026-07-02 09:37:07.430,ibuf_merges_delete_mark,0,0,0.000000,enabled
1782985027.429,2026-07-02 09:37:07.430,ibuf_merges_discard_delete,0,0,0.000000,enabled
1782985027.429,2026-07-02 09:37:07.430,ibuf_merges_discard_delete_mark,0,0,0.000000,enabled
1782985027.429,2026-07-02 09:37:07.430,ibuf_merges_discard_insert,0,0,0.000000,enabled
1782985027.429,2026-07-02 09:37:07.430,ibuf_merges_insert,0,0,0.000000,enabled
1782985027.429,2026-07-02 09:37:07.430,ibuf_size,1,1,0.000384,enabled
1782985027.429,2026-07-02 09:37:07.430,innodb_activity_count,19501601,19501601,7489.131524,enabled
1782985027.429,2026-07-02 09:37:07.430,innodb_dblwr_pages_written,29843956,29843956,11460.869823,enabled
1782985027.429,2026-07-02 09:37:07.430,innodb_dblwr_writes,619365,619365,237.852570,enabled
1782985027.429,2026-07-02 09:37:07.430,innodb_page_size,16384,16384,0.000000,enabled
1782985027.429,2026-07-02 09:37:07.430,innodb_rwlock_sx_os_waits,0,0,0.000000,enabled
1782985027.429,2026-07-02 09:37:07.430,innodb_rwlock_sx_spin_rounds,0,0,0.000000,enabled
1782985027.429,2026-07-02 09:37:07.430,innodb_rwlock_sx_spin_waits,0,0,0.000000,enabled
1782985027.429,2026-07-02 09:37:07.430,innodb_rwlock_s_os_waits,0,0,0.000000,enabled
1782985027.429,2026-07-02 09:37:07.430,innodb_rwlock_s_spin_rounds,0,0,0.000000,enabled
1782985027.429,2026-07-02 09:37:07.430,innodb_rwlock_s_spin_waits,0,0,0.000000,enabled
1782985027.429,2026-07-02 09:37:07.430,innodb_rwlock_x_os_waits,0,0,0.000000,enabled
1782985027.429,2026-07-02 09:37:07.430,innodb_rwlock_x_spin_rounds,0,0,0.000000,enabled
1782985027.429,2026-07-02 09:37:07.430,innodb_rwlock_x_spin_waits,0,0,0.000000,enabled
1782985027.429,2026-07-02 09:37:07.430,lock_deadlocks,0,0,0.000000,enabled
1782985027.429,2026-07-02 09:37:07.430,lock_deadlock_false_positives,0,0,0.000000,enabled
1782985027.429,2026-07-02 09:37:07.430,lock_deadlock_rounds,2841,2841,1.091019,enabled
1782985027.429,2026-07-02 09:37:07.430,lock_rec_grant_attempts,425,425,0.163211,enabled
1782985027.429,2026-07-02 09:37:07.430,lock_rec_release_attempts,43897568,43897568,16857.832116,enabled
1782985027.429,2026-07-02 09:37:07.430,lock_row_lock_current_waits,0,0,0.000000,enabled
1782985027.429,2026-07-02 09:37:07.430,lock_row_lock_time,323,323,0.124041,enabled
1782985027.429,2026-07-02 09:37:07.430,lock_row_lock_time_avg,0,0,0.000000,enabled
1782985027.429,2026-07-02 09:37:07.430,lock_row_lock_time_max,29,29,0.000000,enabled
1782985027.429,2026-07-02 09:37:07.430,lock_row_lock_waits,425,425,0.163211,enabled
1782985027.429,2026-07-02 09:37:07.430,lock_schedule_refreshes,2841,2841,1.091019,enabled
1782985027.429,2026-07-02 09:37:07.430,lock_threads_waiting,0,0,0.000000,enabled
1782985027.429,2026-07-02 09:37:07.430,lock_timeouts,0,0,0.000000,enabled
1782985027.429,2026-07-02 09:37:07.430,log_waits,0,0,0.000000,enabled
1782985027.429,2026-07-02 09:37:07.430,log_writes,220952490,220952490,84851.614251,enabled
1782985027.429,2026-07-02 09:37:07.430,log_write_requests,430222529,430222529,165216.857670,enabled
1782985027.429,2026-07-02 09:37:07.430,os_data_fsyncs,64152987,64152987,24636.448562,enabled
1782985027.429,2026-07-02 09:37:07.430,os_data_reads,91246040,91246040,35040.899553,enabled
1782985027.429,2026-07-02 09:37:07.430,os_data_writes,251716737,251716737,96665.903439,enabled
1782985027.429,2026-07-02 09:37:07.430,os_log_bytes_written,137952275456,137952275456,52977332.641641,enabled
1782985027.429,2026-07-02 09:37:07.430,os_log_fsyncs,55906798,55906798,21469.693217,enabled
1782985027.429,2026-07-02 09:37:07.430,os_log_pending_fsyncs,1,1,0.000384,enabled
1782985027.429,2026-07-02 09:37:07.430,os_log_pending_writes,0,0,0.000000,enabled
1782985027.429,2026-07-02 09:37:07.430,trx_rseg_history_len,961,961,0.000000,enabled
1782985028.498,2026-07-02 09:37:08.500,adaptive_hash_searches,0,0,0.000000,enabled
1782985028.498,2026-07-02 09:37:08.500,adaptive_hash_searches_btree,643123009,643123009,246874.598130,enabled
1782985028.498,2026-07-02 09:37:08.500,buffer_data_reads,1491018729984,1491018729984,572355026.281434,enabled
1782985028.498,2026-07-02 09:37:08.500,buffer_data_written,665436780032,665436780032,255440175.094700,enabled
1782985028.498,2026-07-02 09:37:08.500,buffer_pages0_read,7,7,0.002687,enabled
1782985028.498,2026-07-02 09:37:08.500,buffer_pages_created,1823311,1823311,699.911545,enabled
1782985028.498,2026-07-02 09:37:08.500,buffer_pages_read,91261157,91261157,35032.277561,enabled
1782985028.498,2026-07-02 09:37:08.500,buffer_pages_written,29920525,29920525,11485.545154,enabled
1782985028.498,2026-07-02 09:37:08.500,buffer_pool_bytes_data,12857098240,12857098240,0.000000,enabled
1782985028.498,2026-07-02 09:37:08.500,buffer_pool_bytes_dirty,4597432320,4597432320,0.000000,enabled
1782985028.498,2026-07-02 09:37:08.500,buffer_pool_pages_data,784736,784736,0.000000,enabled
1782985028.498,2026-07-02 09:37:08.500,buffer_pool_pages_dirty,280605,280605,0.000000,enabled
1782985028.498,2026-07-02 09:37:08.500,buffer_pool_pages_flushed,29863455,29863455,0.000000,enabled
1782985028.498,2026-07-02 09:37:08.500,buffer_pool_pages_free,1607,1607,0.000000,enabled
1782985028.498,2026-07-02 09:37:08.500,buffer_pool_pages_lru_flushed,0,0,0.000000,enabled
1782985028.498,2026-07-02 09:37:08.500,buffer_pool_pages_misc,97,97,0.000000,enabled
1782985028.498,2026-07-02 09:37:08.500,buffer_pool_pages_total,786432,786432,0.000000,enabled
1782985028.498,2026-07-02 09:37:08.500,buffer_pool_reads,90347960,90347960,34681.731122,enabled
1782985028.498,2026-07-02 09:37:08.500,buffer_pool_read_ahead,803715,803715,308.520826,enabled
1782985028.498,2026-07-02 09:37:08.500,buffer_pool_read_ahead_evicted,25,25,0.009597,enabled
1782985028.498,2026-07-02 09:37:08.500,buffer_pool_read_requests,3103857859,3103857859,1191473.090887,enabled
1782985028.498,2026-07-02 09:37:08.500,buffer_pool_size,12884901888,12884901888,0.000000,enabled
1782985028.498,2026-07-02 09:37:08.500,buffer_pool_wait_free,18945,18945,7.272388,enabled
1782985028.498,2026-07-02 09:37:08.500,buffer_pool_write_requests,635819135,635819135,244070.902697,enabled
1782985028.498,2026-07-02 09:37:08.500,dml_deletes,14447145,14447145,5545.802246,enabled
1782985028.498,2026-07-02 09:37:08.500,dml_inserts,114332551,114332551,43888.651963,enabled
1782985028.498,2026-07-02 09:37:08.500,dml_system_deletes,468,468,0.179650,enabled
1782985028.498,2026-07-02 09:37:08.500,dml_system_inserts,1202,1202,0.461410,enabled
1782985028.498,2026-07-02 09:37:08.500,dml_system_reads,7661,7661,2.940816,enabled
1782985028.498,2026-07-02 09:37:08.500,dml_system_updates,620,620,0.237998,enabled
1782985028.498,2026-07-02 09:37:08.500,dml_updates,28894420,28894420,11091.654385,enabled
1782985028.498,2026-07-02 09:37:08.500,file_num_open_files,35,35,0.000000,enabled
1782985028.498,2026-07-02 09:37:08.500,ibuf_merges,0,0,0.000000,enabled
1782985028.498,2026-07-02 09:37:08.500,ibuf_merges_delete,0,0,0.000000,enabled
1782985028.498,2026-07-02 09:37:08.500,ibuf_merges_delete_mark,0,0,0.000000,enabled
1782985028.498,2026-07-02 09:37:08.500,ibuf_merges_discard_delete,0,0,0.000000,enabled
1782985028.498,2026-07-02 09:37:08.500,ibuf_merges_discard_delete_mark,0,0,0.000000,enabled
1782985028.498,2026-07-02 09:37:08.500,ibuf_merges_discard_insert,0,0,0.000000,enabled
1782985028.498,2026-07-02 09:37:08.500,ibuf_merges_insert,0,0,0.000000,enabled
1782985028.498,2026-07-02 09:37:08.500,ibuf_size,1,1,0.000384,enabled
1782985028.498,2026-07-02 09:37:08.500,innodb_activity_count,19507197,19507197,7488.196352,enabled
1782985028.498,2026-07-02 09:37:08.500,innodb_dblwr_pages_written,29861025,29861025,11462.703596,enabled
1782985028.498,2026-07-02 09:37:08.500,innodb_dblwr_writes,619731,619731,237.895141,enabled
1782985028.498,2026-07-02 09:37:08.500,innodb_page_size,16384,16384,0.000000,enabled
1782985028.498,2026-07-02 09:37:08.500,innodb_rwlock_sx_os_waits,0,0,0.000000,enabled
1782985028.498,2026-07-02 09:37:08.500,innodb_rwlock_sx_spin_rounds,0,0,0.000000,enabled
1782985028.498,2026-07-02 09:37:08.500,innodb_rwlock_sx_spin_waits,0,0,0.000000,enabled
1782985028.498,2026-07-02 09:37:08.500,innodb_rwlock_s_os_waits,0,0,0.000000,enabled
1782985028.498,2026-07-02 09:37:08.500,innodb_rwlock_s_spin_rounds,0,0,0.000000,enabled
1782985028.498,2026-07-02 09:37:08.500,innodb_rwlock_s_spin_waits,0,0,0.000000,enabled
1782985028.498,2026-07-02 09:37:08.500,innodb_rwlock_x_os_waits,0,0,0.000000,enabled
1782985028.498,2026-07-02 09:37:08.500,innodb_rwlock_x_spin_rounds,0,0,0.000000,enabled
1782985028.498,2026-07-02 09:37:08.500,innodb_rwlock_x_spin_waits,0,0,0.000000,enabled
1782985028.498,2026-07-02 09:37:08.500,lock_deadlocks,0,0,0.000000,enabled
1782985028.498,2026-07-02 09:37:08.500,lock_deadlock_false_positives,0,0,0.000000,enabled
1782985028.498,2026-07-02 09:37:08.500,lock_deadlock_rounds,2842,2842,1.090954,enabled
1782985028.498,2026-07-02 09:37:08.500,lock_rec_grant_attempts,425,425,0.163144,enabled
1782985028.498,2026-07-02 09:37:08.500,lock_rec_release_attempts,43912358,43912358,16856.568857,enabled
1782985028.498,2026-07-02 09:37:08.500,lock_row_lock_current_waits,0,0,0.000000,enabled
1782985028.498,2026-07-02 09:37:08.500,lock_row_lock_time,323,323,0.123990,enabled
1782985028.498,2026-07-02 09:37:08.500,lock_row_lock_time_avg,0,0,0.000000,enabled
1782985028.498,2026-07-02 09:37:08.500,lock_row_lock_time_max,29,29,0.000000,enabled
1782985028.498,2026-07-02 09:37:08.500,lock_row_lock_waits,425,425,0.163144,enabled
1782985028.498,2026-07-02 09:37:08.500,lock_schedule_refreshes,2842,2842,1.090954,enabled
1782985028.498,2026-07-02 09:37:08.500,lock_threads_waiting,0,0,0.000000,enabled
1782985028.498,2026-07-02 09:37:08.500,lock_timeouts,0,0,0.000000,enabled
1782985028.498,2026-07-02 09:37:08.500,log_waits,0,0,0.000000,enabled
1782985028.498,2026-07-02 09:37:08.500,log_writes,221031836,221031836,84847.138636,enabled
1782985028.498,2026-07-02 09:37:08.500,log_write_requests,430305270,430305270,165180.598361,enabled
1782985028.498,2026-07-02 09:37:08.500,os_data_fsyncs,64186972,64186972,24639.351232,enabled
1782985028.498,2026-07-02 09:37:08.500,os_data_reads,91303088,91303088,35048.371753,enabled
1782985028.498,2026-07-02 09:37:08.500,os_data_writes,251812875,251812875,96663.009363,enabled
1782985028.498,2026-07-02 09:37:08.500,os_log_bytes_written,137993652224,137993652224,52971404.544065,enabled
1782985028.498,2026-07-02 09:37:08.500,os_log_fsyncs,55935826,55935826,21471.996848,enabled
1782985028.498,2026-07-02 09:37:08.500,os_log_pending_fsyncs,0,0,0.000000,enabled
1782985028.498,2026-07-02 09:37:08.500,os_log_pending_writes,0,0,0.000000,enabled
1782985028.498,2026-07-02 09:37:08.500,trx_rseg_history_len,998,998,0.000000,enabled
1782985029.572,2026-07-02 09:37:09.573,adaptive_hash_searches,0,0,0.000000,enabled
1782985029.572,2026-07-02 09:37:09.573,adaptive_hash_searches_btree,643292529,643292529,246838.353094,enabled
1782985029.572,2026-07-02 09:37:09.573,buffer_data_reads,1491959630336,1491959630336,572481225.685770,enabled
1782985029.572,2026-07-02 09:37:09.573,buffer_data_written,665752332288,665752332288,255456450.174862,enabled
1782985029.572,2026-07-02 09:37:09.573,buffer_pages0_read,7,7,0.002686,enabled
1782985029.572,2026-07-02 09:37:09.573,buffer_pages_created,1823334,1823334,699.633200,enabled
1782985029.572,2026-07-02 09:37:09.573,buffer_pages_read,91318741,91318741,35039.999607,enabled
1782985029.572,2026-07-02 09:37:09.573,buffer_pages_written,29936875,29936875,11487.106367,enabled
1782985029.572,2026-07-02 09:37:09.573,buffer_pool_bytes_data,12850872320,12850872320,0.000000,enabled
1782985029.572,2026-07-02 09:37:09.573,buffer_pool_bytes_dirty,4599136256,4599136256,0.000000,enabled
1782985029.572,2026-07-02 09:37:09.573,buffer_pool_pages_data,784354,784354,0.000000,enabled
1782985029.572,2026-07-02 09:37:09.573,buffer_pool_pages_dirty,280709,280709,0.000000,enabled
1782985029.572,2026-07-02 09:37:09.573,buffer_pool_pages_flushed,29879805,29879805,0.000000,enabled
1782985029.572,2026-07-02 09:37:09.573,buffer_pool_pages_free,1981,1981,0.000000,enabled
1782985029.572,2026-07-02 09:37:09.573,buffer_pool_pages_lru_flushed,0,0,0.000000,enabled
1782985029.572,2026-07-02 09:37:09.573,buffer_pool_pages_misc,97,97,0.000000,enabled
1782985029.572,2026-07-02 09:37:09.573,buffer_pool_pages_total,786432,786432,0.000000,enabled
1782985029.572,2026-07-02 09:37:09.573,buffer_pool_reads,90405503,90405503,34689.581174,enabled
1782985029.572,2026-07-02 09:37:09.573,buffer_pool_read_ahead,803715,803715,308.394241,enabled
1782985029.572,2026-07-02 09:37:09.573,buffer_pool_read_ahead_evicted,25,25,0.009593,enabled
1782985029.572,2026-07-02 09:37:09.573,buffer_pool_read_requests,3104696547,3104696547,1191306.047493,enabled
1782985029.572,2026-07-02 09:37:09.573,buffer_pool_size,12884901888,12884901888,0.000000,enabled
1782985029.572,2026-07-02 09:37:09.573,buffer_pool_wait_free,18945,18945,7.269404,enabled
1782985029.572,2026-07-02 09:37:09.573,buffer_pool_write_requests,635932060,635932060,244014.091848,enabled
1782985029.572,2026-07-02 09:37:09.573,dml_deletes,14452052,14452052,5545.409703,enabled
1782985029.572,2026-07-02 09:37:09.573,dml_inserts,114337456,114337456,43872.526782,enabled
1782985029.572,2026-07-02 09:37:09.573,dml_system_deletes,468,468,0.179577,enabled
1782985029.572,2026-07-02 09:37:09.573,dml_system_inserts,1202,1202,0.461220,enabled
1782985029.572,2026-07-02 09:37:09.573,dml_system_reads,7661,7661,2.939609,enabled
1782985029.572,2026-07-02 09:37:09.573,dml_system_updates,620,620,0.237901,enabled
1782985029.572,2026-07-02 09:37:09.573,dml_updates,28904233,28904233,11090.868894,enabled
1782985029.572,2026-07-02 09:37:09.573,file_num_open_files,35,35,0.000000,enabled
1782985029.572,2026-07-02 09:37:09.573,ibuf_merges,0,0,0.000000,enabled
1782985029.572,2026-07-02 09:37:09.573,ibuf_merges_delete,0,0,0.000000,enabled
1782985029.572,2026-07-02 09:37:09.573,ibuf_merges_delete_mark,0,0,0.000000,enabled
1782985029.572,2026-07-02 09:37:09.573,ibuf_merges_discard_delete,0,0,0.000000,enabled
1782985029.572,2026-07-02 09:37:09.573,ibuf_merges_discard_delete_mark,0,0,0.000000,enabled
1782985029.572,2026-07-02 09:37:09.573,ibuf_merges_discard_insert,0,0,0.000000,enabled
1782985029.572,2026-07-02 09:37:09.573,ibuf_merges_insert,0,0,0.000000,enabled
1782985029.572,2026-07-02 09:37:09.573,ibuf_size,1,1,0.000384,enabled
1782985029.572,2026-07-02 09:37:09.573,innodb_activity_count,19512826,19512826,7487.283884,enabled
1782985029.572,2026-07-02 09:37:09.573,innodb_dblwr_pages_written,29877375,29877375,11464.274175,enabled
1782985029.572,2026-07-02 09:37:09.573,innodb_dblwr_writes,620081,620081,237.931833,enabled
1782985029.572,2026-07-02 09:37:09.573,innodb_page_size,16384,16384,0.000000,enabled
1782985029.572,2026-07-02 09:37:09.573,innodb_rwlock_sx_os_waits,0,0,0.000000,enabled
1782985029.572,2026-07-02 09:37:09.573,innodb_rwlock_sx_spin_rounds,0,0,0.000000,enabled
1782985029.572,2026-07-02 09:37:09.573,innodb_rwlock_sx_spin_waits,0,0,0.000000,enabled
1782985029.572,2026-07-02 09:37:09.573,innodb_rwlock_s_os_waits,0,0,0.000000,enabled
1782985029.572,2026-07-02 09:37:09.573,innodb_rwlock_s_spin_rounds,0,0,0.000000,enabled
1782985029.572,2026-07-02 09:37:09.573,innodb_rwlock_s_spin_waits,0,0,0.000000,enabled
1782985029.572,2026-07-02 09:37:09.573,innodb_rwlock_x_os_waits,0,0,0.000000,enabled
1782985029.572,2026-07-02 09:37:09.573,innodb_rwlock_x_spin_rounds,0,0,0.000000,enabled
1782985029.572,2026-07-02 09:37:09.573,innodb_rwlock_x_spin_waits,0,0,0.000000,enabled
1782985029.572,2026-07-02 09:37:09.573,lock_deadlocks,0,0,0.000000,enabled
1782985029.572,2026-07-02 09:37:09.573,lock_deadlock_false_positives,0,0,0.000000,enabled
1782985029.572,2026-07-02 09:37:09.573,lock_deadlock_rounds,2843,2843,1.090890,enabled
1782985029.572,2026-07-02 09:37:09.573,lock_rec_grant_attempts,425,425,0.163077,enabled
1782985029.572,2026-07-02 09:37:09.573,lock_rec_release_attempts,43927258,43927258,16855.369932,enabled
1782985029.572,2026-07-02 09:37:09.573,lock_row_lock_current_waits,0,0,0.000000,enabled
1782985029.572,2026-07-02 09:37:09.573,lock_row_lock_time,323,323,0.123939,enabled
1782985029.572,2026-07-02 09:37:09.573,lock_row_lock_time_avg,0,0,0.000000,enabled
1782985029.572,2026-07-02 09:37:09.573,lock_row_lock_time_max,29,29,0.000000,enabled
1782985029.572,2026-07-02 09:37:09.573,lock_row_lock_waits,425,425,0.163077,enabled
1782985029.572,2026-07-02 09:37:09.573,lock_schedule_refreshes,2843,2843,1.090890,enabled
1782985029.572,2026-07-02 09:37:09.573,lock_threads_waiting,0,0,0.000000,enabled
1782985029.572,2026-07-02 09:37:09.573,lock_timeouts,0,0,0.000000,enabled
1782985029.572,2026-07-02 09:37:09.573,log_waits,0,0,0.000000,enabled
1782985029.572,2026-07-02 09:37:09.573,log_writes,221111760,221111760,84842.994130,enabled
1782985029.572,2026-07-02 09:37:09.573,log_write_requests,430388564,430388564,165144.786637,enabled
1782985029.572,2026-07-02 09:37:09.573,os_data_fsyncs,64221187,64221187,24642.370553,enabled
1782985029.572,2026-07-02 09:37:09.573,os_data_reads,91360521,91360521,35056.029327,enabled
1782985029.572,2026-07-02 09:37:09.573,os_data_writes,251909420,251909420,96660.394605,enabled
1782985029.572,2026-07-02 09:37:09.573,os_log_bytes_written,138035239424,138035239424,52965628.209223,enabled
1782985029.572,2026-07-02 09:37:09.573,os_log_fsyncs,55965151,55965151,21474.439360,enabled
1782985029.572,2026-07-02 09:37:09.573,os_log_pending_fsyncs,1,1,0.000384,enabled
1782985029.572,2026-07-02 09:37:09.573,os_log_pending_writes,0,0,0.000000,enabled
1782985029.572,2026-07-02 09:37:09.573,trx_rseg_history_len,1056,1056,0.000000,enabled
1782985030.641,2026-07-02 09:37:10.642,adaptive_hash_searches,0,0,0.000000,enabled
1782985030.641,2026-07-02 09:37:10.642,adaptive_hash_searches_btree,643461564,643461564,246801.646977,enabled
1782985030.641,2026-07-02 09:37:10.642,buffer_data_reads,1492894517760,1492894517760,572604307.049818,enabled
1782985030.641,2026-07-02 09:37:10.642,buffer_data_written,666062306304,666062306304,255470256.309576,enabled
1782985030.641,2026-07-02 09:37:10.642,buffer_pages0_read,7,7,0.002685,enabled
1782985030.641,2026-07-02 09:37:10.642,buffer_pages_created,1823374,1823374,699.360739,enabled
1782985030.641,2026-07-02 09:37:10.642,buffer_pages_read,91375952,91375952,35047.528900,enabled
1782985030.641,2026-07-02 09:37:10.642,buffer_pages_written,29952901,29952901,11488.527817,enabled
1782985030.641,2026-07-02 09:37:10.642,buffer_pool_bytes_data,12854116352,12854116352,0.000000,enabled
1782985030.641,2026-07-02 09:37:10.642,buffer_pool_bytes_dirty,4607180800,4607180800,0.000000,enabled
1782985030.641,2026-07-02 09:37:10.642,buffer_pool_pages_data,784553,784553,0.000000,enabled
1782985030.641,2026-07-02 09:37:10.642,buffer_pool_pages_dirty,281200,281200,0.000000,enabled
1782985030.641,2026-07-02 09:37:10.642,buffer_pool_pages_flushed,29895831,29895831,0.000000,enabled
1782985030.641,2026-07-02 09:37:10.642,buffer_pool_pages_free,1782,1782,0.000000,enabled
1782985030.641,2026-07-02 09:37:10.642,buffer_pool_pages_lru_flushed,0,0,0.000000,enabled
1782985030.641,2026-07-02 09:37:10.642,buffer_pool_pages_misc,96,96,0.000000,enabled
1782985030.641,2026-07-02 09:37:10.642,buffer_pool_pages_total,786432,786432,0.000000,enabled
1782985030.641,2026-07-02 09:37:10.642,buffer_pool_reads,90462656,90462656,34697.232379,enabled
1782985030.641,2026-07-02 09:37:10.642,buffer_pool_read_ahead,803715,803715,308.267379,enabled
1782985030.641,2026-07-02 09:37:10.642,buffer_pool_read_ahead_evicted,25,25,0.009589,enabled
1782985030.641,2026-07-02 09:37:10.642,buffer_pool_read_requests,3105533246,3105533246,1191136.906567,enabled
1782985030.641,2026-07-02 09:37:10.642,buffer_pool_size,12884901888,12884901888,0.000000,enabled
1782985030.641,2026-07-02 09:37:10.642,buffer_pool_wait_free,18945,18945,7.266413,enabled
1782985030.641,2026-07-02 09:37:10.642,buffer_pool_write_requests,636045962,636045962,243957.400885,enabled
1782985030.641,2026-07-02 09:37:10.642,dml_deletes,14456936,14456936,5545.001808,enabled
1782985030.641,2026-07-02 09:37:10.642,dml_inserts,114342342,114342342,43856.353363,enabled
1782985030.641,2026-07-02 09:37:10.642,dml_system_deletes,468,468,0.179503,enabled
1782985030.641,2026-07-02 09:37:10.642,dml_system_inserts,1202,1202,0.461031,enabled
1782985030.641,2026-07-02 09:37:10.642,dml_system_reads,7661,7661,2.938400,enabled
1782985030.641,2026-07-02 09:37:10.642,dml_system_updates,620,620,0.237803,enabled
1782985030.641,2026-07-02 09:37:10.642,dml_updates,28914002,28914002,11090.053470,enabled
1782985030.641,2026-07-02 09:37:10.642,file_num_open_files,35,35,0.000000,enabled
1782985030.641,2026-07-02 09:37:10.642,ibuf_merges,0,0,0.000000,enabled
1782985030.641,2026-07-02 09:37:10.642,ibuf_merges_delete,0,0,0.000000,enabled
1782985030.641,2026-07-02 09:37:10.642,ibuf_merges_delete_mark,0,0,0.000000,enabled
1782985030.641,2026-07-02 09:37:10.642,ibuf_merges_discard_delete,0,0,0.000000,enabled
1782985030.641,2026-07-02 09:37:10.642,ibuf_merges_discard_delete_mark,0,0,0.000000,enabled
1782985030.641,2026-07-02 09:37:10.642,ibuf_merges_discard_insert,0,0,0.000000,enabled
1782985030.641,2026-07-02 09:37:10.642,ibuf_merges_insert,0,0,0.000000,enabled
1782985030.641,2026-07-02 09:37:10.642,ibuf_size,1,1,0.000384,enabled
1782985030.641,2026-07-02 09:37:10.642,innodb_activity_count,19518433,19518433,7486.354482,enabled
1782985030.641,2026-07-02 09:37:10.642,innodb_dblwr_pages_written,29893401,29893401,11465.705031,enabled
1782985030.641,2026-07-02 09:37:10.642,innodb_dblwr_writes,620442,620442,237.972420,enabled
1782985030.641,2026-07-02 09:37:10.642,innodb_page_size,16384,16384,0.000000,enabled
1782985030.641,2026-07-02 09:37:10.642,innodb_rwlock_sx_os_waits,0,0,0.000000,enabled
1782985030.641,2026-07-02 09:37:10.642,innodb_rwlock_sx_spin_rounds,0,0,0.000000,enabled
1782985030.641,2026-07-02 09:37:10.642,innodb_rwlock_sx_spin_waits,0,0,0.000000,enabled
1782985030.641,2026-07-02 09:37:10.642,innodb_rwlock_s_os_waits,0,0,0.000000,enabled
1782985030.641,2026-07-02 09:37:10.642,innodb_rwlock_s_spin_rounds,0,0,0.000000,enabled
1782985030.641,2026-07-02 09:37:10.642,innodb_rwlock_s_spin_waits,0,0,0.000000,enabled
1782985030.641,2026-07-02 09:37:10.642,innodb_rwlock_x_os_waits,0,0,0.000000,enabled
1782985030.641,2026-07-02 09:37:10.642,innodb_rwlock_x_spin_rounds,0,0,0.000000,enabled
1782985030.641,2026-07-02 09:37:10.642,innodb_rwlock_x_spin_waits,0,0,0.000000,enabled
1782985030.641,2026-07-02 09:37:10.642,lock_deadlocks,0,0,0.000000,enabled
1782985030.641,2026-07-02 09:37:10.642,lock_deadlock_false_positives,0,0,0.000000,enabled
1782985030.641,2026-07-02 09:37:10.642,lock_deadlock_rounds,2844,2844,1.090825,enabled
1782985030.641,2026-07-02 09:37:10.642,lock_rec_grant_attempts,425,425,0.163010,enabled
1782985030.641,2026-07-02 09:37:10.642,lock_rec_release_attempts,43942108,43942108,16854.132028,enabled
1782985030.641,2026-07-02 09:37:10.642,lock_row_lock_current_waits,0,0,0.000000,enabled
1782985030.641,2026-07-02 09:37:10.642,lock_row_lock_time,323,323,0.123888,enabled
1782985030.641,2026-07-02 09:37:10.642,lock_row_lock_time_avg,0,0,0.000000,enabled
1782985030.641,2026-07-02 09:37:10.642,lock_row_lock_time_max,29,29,0.000000,enabled
1782985030.641,2026-07-02 09:37:10.642,lock_row_lock_waits,425,425,0.163010,enabled
1782985030.641,2026-07-02 09:37:10.642,lock_schedule_refreshes,2844,2844,1.090825,enabled
1782985030.641,2026-07-02 09:37:10.642,lock_threads_waiting,0,0,0.000000,enabled
1782985030.641,2026-07-02 09:37:10.642,lock_timeouts,0,0,0.000000,enabled
1782985030.641,2026-07-02 09:37:10.642,log_waits,0,0,0.000000,enabled
1782985030.641,2026-07-02 09:37:10.642,log_writes,221191197,221191197,84838.560868,enabled
1782985030.641,2026-07-02 09:37:10.642,log_write_requests,430471749,430471749,165108.757468,enabled
1782985030.641,2026-07-02 09:37:10.642,os_data_fsyncs,64255038,64255038,24645.217165,enabled
1782985030.641,2026-07-02 09:37:10.642,os_data_reads,91417564,91417564,35063.487483,enabled
1782985030.641,2026-07-02 09:37:10.642,os_data_writes,252005155,252005155,96657.351227,enabled
1782985030.641,2026-07-02 09:37:10.642,os_log_bytes_written,138076672000,138076672000,52959731.520621,enabled
1782985030.641,2026-07-02 09:37:10.642,os_log_fsyncs,55994078,55994078,21476.700535,enabled
1782985030.641,2026-07-02 09:37:10.642,os_log_pending_fsyncs,0,0,0.000000,enabled
1782985030.641,2026-07-02 09:37:10.642,os_log_pending_writes,0,0,0.000000,enabled
1782985030.641,2026-07-02 09:37:10.642,trx_rseg_history_len,967,967,0.000000,enabled
1782985031.713,2026-07-02 09:37:11.714,adaptive_hash_searches,0,0,0.000000,enabled
1782985031.713,2026-07-02 09:37:11.714,adaptive_hash_searches_btree,643629075,643629075,246764.432554,enabled
1782985031.713,2026-07-02 09:37:11.714,buffer_data_reads,1493829503488,1493829503488,572727440.888332,enabled
1782985031.713,2026-07-02 09:37:11.714,buffer_data_written,666373962752,666373962752,255484747.911443,enabled
1782985031.713,2026-07-02 09:37:11.714,buffer_pages0_read,7,7,0.002684,enabled
1782985031.713,2026-07-02 09:37:11.714,buffer_pages_created,1823409,1823409,699.086727,enabled
1782985031.713,2026-07-02 09:37:11.714,buffer_pages_read,91433191,91433191,35055.069841,enabled
1782985031.713,2026-07-02 09:37:11.714,buffer_pages_written,29969011,29969011,11489.982633,enabled
1782985031.713,2026-07-02 09:37:11.714,buffer_pool_bytes_data,12854263808,12854263808,0.000000,enabled
1782985031.713,2026-07-02 09:37:11.714,buffer_pool_bytes_dirty,4612784128,4612784128,0.000000,enabled
1782985031.713,2026-07-02 09:37:11.714,buffer_pool_pages_data,784562,784562,0.000000,enabled
1782985031.713,2026-07-02 09:37:11.714,buffer_pool_pages_dirty,281542,281542,0.000000,enabled
1782985031.713,2026-07-02 09:37:11.714,buffer_pool_pages_flushed,29911941,29911941,0.000000,enabled
1782985031.713,2026-07-02 09:37:11.714,buffer_pool_pages_free,1774,1774,0.000000,enabled
1782985031.713,2026-07-02 09:37:11.714,buffer_pool_pages_lru_flushed,0,0,0.000000,enabled
1782985031.713,2026-07-02 09:37:11.714,buffer_pool_pages_misc,96,96,0.000000,enabled
1782985031.713,2026-07-02 09:37:11.714,buffer_pool_pages_total,786432,786432,0.000000,enabled
1782985031.713,2026-07-02 09:37:11.714,buffer_pool_reads,90519837,90519837,34704.895123,enabled
1782985031.713,2026-07-02 09:37:11.714,buffer_pool_read_ahead,803715,803715,308.140685,enabled
1782985031.713,2026-07-02 09:37:11.714,buffer_pool_read_ahead_evicted,25,25,0.009585,enabled
1782985031.713,2026-07-02 09:37:11.714,buffer_pool_read_requests,3106363391,3106363391,1190965.635761,enabled
1782985031.713,2026-07-02 09:37:11.714,buffer_pool_size,12884901888,12884901888,0.000000,enabled
1782985031.713,2026-07-02 09:37:11.714,buffer_pool_wait_free,18945,18945,7.263427,enabled
1782985031.713,2026-07-02 09:37:11.714,buffer_pool_write_requests,636158157,636158157,243900.152046,enabled
1782985031.713,2026-07-02 09:37:11.714,dml_deletes,14461781,14461781,5544.580291,enabled
1782985031.713,2026-07-02 09:37:11.714,dml_inserts,114347187,114347187,43840.185371,enabled
1782985031.713,2026-07-02 09:37:11.714,dml_system_deletes,468,468,0.179429,enabled
1782985031.713,2026-07-02 09:37:11.714,dml_system_inserts,1202,1202,0.460841,enabled
1782985031.713,2026-07-02 09:37:11.714,dml_system_reads,7661,7661,2.937192,enabled
1782985031.713,2026-07-02 09:37:11.714,dml_system_updates,620,620,0.237705,enabled
1782985031.713,2026-07-02 09:37:11.714,dml_updates,28923688,28923688,11089.208880,enabled
1782985031.713,2026-07-02 09:37:11.714,file_num_open_files,35,35,0.000000,enabled
1782985031.713,2026-07-02 09:37:11.714,ibuf_merges,0,0,0.000000,enabled
1782985031.713,2026-07-02 09:37:11.714,ibuf_merges_delete,0,0,0.000000,enabled
1782985031.713,2026-07-02 09:37:11.714,ibuf_merges_delete_mark,0,0,0.000000,enabled
1782985031.713,2026-07-02 09:37:11.714,ibuf_merges_discard_delete,0,0,0.000000,enabled
1782985031.713,2026-07-02 09:37:11.714,ibuf_merges_discard_delete_mark,0,0,0.000000,enabled
1782985031.713,2026-07-02 09:37:11.714,ibuf_merges_discard_insert,0,0,0.000000,enabled
1782985031.713,2026-07-02 09:37:11.714,ibuf_merges_insert,0,0,0.000000,enabled
1782985031.713,2026-07-02 09:37:11.714,ibuf_size,1,1,0.000383,enabled
1782985031.713,2026-07-02 09:37:11.714,innodb_activity_count,19524010,19524010,7485.415708,enabled
1782985031.713,2026-07-02 09:37:11.714,innodb_dblwr_pages_written,29909511,29909511,11467.168987,enabled
1782985031.713,2026-07-02 09:37:11.714,innodb_dblwr_writes,620821,620821,238.019917,enabled
1782985031.713,2026-07-02 09:37:11.714,innodb_page_size,16384,16384,0.000000,enabled
1782985031.713,2026-07-02 09:37:11.714,innodb_rwlock_sx_os_waits,0,0,0.000000,enabled
1782985031.713,2026-07-02 09:37:11.714,innodb_rwlock_sx_spin_rounds,0,0,0.000000,enabled
1782985031.713,2026-07-02 09:37:11.714,innodb_rwlock_sx_spin_waits,0,0,0.000000,enabled
1782985031.713,2026-07-02 09:37:11.714,innodb_rwlock_s_os_waits,0,0,0.000000,enabled
1782985031.713,2026-07-02 09:37:11.714,innodb_rwlock_s_spin_rounds,0,0,0.000000,enabled
1782985031.713,2026-07-02 09:37:11.714,innodb_rwlock_s_spin_waits,0,0,0.000000,enabled
1782985031.713,2026-07-02 09:37:11.714,innodb_rwlock_x_os_waits,0,0,0.000000,enabled
1782985031.713,2026-07-02 09:37:11.714,innodb_rwlock_x_spin_rounds,0,0,0.000000,enabled
1782985031.713,2026-07-02 09:37:11.714,innodb_rwlock_x_spin_waits,0,0,0.000000,enabled
1782985031.713,2026-07-02 09:37:11.714,lock_deadlocks,0,0,0.000000,enabled
1782985031.713,2026-07-02 09:37:11.714,lock_deadlock_false_positives,0,0,0.000000,enabled
1782985031.713,2026-07-02 09:37:11.714,lock_deadlock_rounds,2845,2845,1.090760,enabled
1782985031.713,2026-07-02 09:37:11.714,lock_rec_grant_attempts,425,425,0.162943,enabled
1782985031.713,2026-07-02 09:37:11.714,lock_rec_release_attempts,43956836,43956836,16852.851818,enabled
1782985031.713,2026-07-02 09:37:11.714,lock_row_lock_current_waits,0,0,0.000000,enabled
1782985031.713,2026-07-02 09:37:11.714,lock_row_lock_time,323,323,0.123837,enabled
1782985031.713,2026-07-02 09:37:11.714,lock_row_lock_time_avg,0,0,0.000000,enabled
1782985031.713,2026-07-02 09:37:11.714,lock_row_lock_time_max,29,29,0.000000,enabled
1782985031.713,2026-07-02 09:37:11.714,lock_row_lock_waits,425,425,0.162943,enabled
1782985031.713,2026-07-02 09:37:11.714,lock_schedule_refreshes,2845,2845,1.090760,enabled
1782985031.713,2026-07-02 09:37:11.714,lock_threads_waiting,0,0,0.000000,enabled
1782985031.713,2026-07-02 09:37:11.714,lock_timeouts,0,0,0.000000,enabled
1782985031.713,2026-07-02 09:37:11.714,log_waits,0,0,0.000000,enabled
1782985031.713,2026-07-02 09:37:11.714,log_writes,221270680,221270680,84834.165658,enabled
1782985031.713,2026-07-02 09:37:11.714,log_write_requests,430554149,430554149,165072.489602,enabled
1782985031.713,2026-07-02 09:37:11.714,os_data_fsyncs,64289138,64289138,24648.161870,enabled
1782985031.713,2026-07-02 09:37:11.714,os_data_reads,91474622,91474622,35070.952312,enabled
1782985031.713,2026-07-02 09:37:11.714,os_data_writes,252101036,252101036,96654.385793,enabled
1782985031.713,2026-07-02 09:37:11.714,os_log_bytes_written,138118326784,138118326784,52953935.541579,enabled
1782985031.713,2026-07-02 09:37:11.714,os_log_fsyncs,56023057,56023057,21478.984116,enabled
1782985031.713,2026-07-02 09:37:11.714,os_log_pending_fsyncs,0,0,0.000000,enabled
1782985031.713,2026-07-02 09:37:11.714,os_log_pending_writes,1,1,0.000383,enabled
1782985031.713,2026-07-02 09:37:11.714,trx_rseg_history_len,988,988,0.000000,enabled
1782985032.785,2026-07-02 09:37:12.787,adaptive_hash_searches,0,0,0.000000,enabled
1782985032.785,2026-07-02 09:37:12.787,adaptive_hash_searches_btree,643795724,643795724,246726.876235,enabled
1782985032.785,2026-07-02 09:37:12.787,buffer_data_reads,1494757198336,1494757198336,572847565.498893,enabled
1782985032.785,2026-07-02 09:37:12.787,buffer_data_written,666684314112,666684314112,255498676.623207,enabled
1782985032.785,2026-07-02 09:37:12.787,buffer_pages0_read,7,7,0.002683,enabled
1782985032.785,2026-07-02 09:37:12.787,buffer_pages_created,1823437,1823437,698.810118,enabled
1782985032.785,2026-07-02 09:37:12.787,buffer_pages_read,91489976,91489976,35062.423618,enabled
1782985032.785,2026-07-02 09:37:12.787,buffer_pages_written,29985068,29985068,11491.413652,enabled
1782985032.785,2026-07-02 09:37:12.787,buffer_pool_bytes_data,12847693824,12847693824,0.000000,enabled
1782985032.785,2026-07-02 09:37:12.787,buffer_pool_bytes_dirty,4615520256,4615520256,0.000000,enabled
1782985032.785,2026-07-02 09:37:12.787,buffer_pool_pages_data,784161,784161,0.000000,enabled
1782985032.785,2026-07-02 09:37:12.787,buffer_pool_pages_dirty,281709,281709,0.000000,enabled
1782985032.785,2026-07-02 09:37:12.787,buffer_pool_pages_flushed,29927901,29927901,0.000000,enabled
1782985032.785,2026-07-02 09:37:12.787,buffer_pool_pages_free,2176,2176,0.000000,enabled
1782985032.785,2026-07-02 09:37:12.787,buffer_pool_pages_lru_flushed,0,0,0.000000,enabled
1782985032.785,2026-07-02 09:37:12.787,buffer_pool_pages_misc,96,96,0.000000,enabled
1782985032.785,2026-07-02 09:37:12.787,buffer_pool_pages_total,786432,786432,0.000000,enabled
1782985032.785,2026-07-02 09:37:12.787,buffer_pool_reads,90576573,90576573,34712.373980,enabled
1782985032.785,2026-07-02 09:37:12.787,buffer_pool_read_ahead,803715,803715,308.014032,enabled
1782985032.785,2026-07-02 09:37:12.787,buffer_pool_read_ahead_evicted,25,25,0.009581,enabled
1782985032.785,2026-07-02 09:37:12.787,buffer_pool_read_requests,3107189171,3107189171,1190792.591354,enabled
1782985032.785,2026-07-02 09:37:12.787,buffer_pool_size,12884901888,12884901888,0.000000,enabled
1782985032.785,2026-07-02 09:37:12.787,buffer_pool_wait_free,18945,18945,7.260442,enabled
1782985032.785,2026-07-02 09:37:12.787,buffer_pool_write_requests,636270169,636270169,243842.830669,enabled
1782985032.785,2026-07-02 09:37:12.787,dml_deletes,14466598,14466598,5544.147497,enabled
1782985032.785,2026-07-02 09:37:12.787,dml_inserts,114352004,114352004,43824.012901,enabled
1782985032.785,2026-07-02 09:37:12.787,dml_system_deletes,468,468,0.179355,enabled
1782985032.785,2026-07-02 09:37:12.787,dml_system_inserts,1202,1202,0.460652,enabled
1782985032.785,2026-07-02 09:37:12.787,dml_system_reads,7661,7661,2.935985,enabled
1782985032.785,2026-07-02 09:37:12.787,dml_system_updates,620,620,0.237607,enabled
1782985032.785,2026-07-02 09:37:12.787,dml_updates,28933328,28933328,11088.345574,enabled
1782985032.785,2026-07-02 09:37:12.787,file_num_open_files,35,35,0.000000,enabled
1782985032.785,2026-07-02 09:37:12.787,ibuf_merges,0,0,0.000000,enabled
1782985032.785,2026-07-02 09:37:12.787,ibuf_merges_delete,0,0,0.000000,enabled
1782985032.785,2026-07-02 09:37:12.787,ibuf_merges_delete_mark,0,0,0.000000,enabled
1782985032.785,2026-07-02 09:37:12.787,ibuf_merges_discard_delete,0,0,0.000000,enabled
1782985032.785,2026-07-02 09:37:12.787,ibuf_merges_discard_delete_mark,0,0,0.000000,enabled
1782985032.785,2026-07-02 09:37:12.787,ibuf_merges_discard_insert,0,0,0.000000,enabled
1782985032.785,2026-07-02 09:37:12.787,ibuf_merges_insert,0,0,0.000000,enabled
1782985032.785,2026-07-02 09:37:12.787,ibuf_size,1,1,0.000383,enabled
1782985032.785,2026-07-02 09:37:12.787,innodb_activity_count,19529543,19529543,7484.459606,enabled
1782985032.785,2026-07-02 09:37:12.787,innodb_dblwr_pages_written,29925471,29925471,11468.572388,enabled
1782985032.785,2026-07-02 09:37:12.787,innodb_dblwr_writes,621172,621172,238.056606,enabled
1782985032.785,2026-07-02 09:37:12.787,innodb_page_size,16384,16384,0.000000,enabled
1782985032.785,2026-07-02 09:37:12.787,innodb_rwlock_sx_os_waits,0,0,0.000000,enabled
1782985032.785,2026-07-02 09:37:12.787,innodb_rwlock_sx_spin_rounds,0,0,0.000000,enabled
1782985032.785,2026-07-02 09:37:12.787,innodb_rwlock_sx_spin_waits,0,0,0.000000,enabled
1782985032.785,2026-07-02 09:37:12.787,innodb_rwlock_s_os_waits,0,0,0.000000,enabled
1782985032.785,2026-07-02 09:37:12.787,innodb_rwlock_s_spin_rounds,0,0,0.000000,enabled
1782985032.785,2026-07-02 09:37:12.787,innodb_rwlock_s_spin_waits,0,0,0.000000,enabled
1782985032.785,2026-07-02 09:37:12.787,innodb_rwlock_x_os_waits,0,0,0.000000,enabled
1782985032.785,2026-07-02 09:37:12.787,innodb_rwlock_x_spin_rounds,0,0,0.000000,enabled
1782985032.785,2026-07-02 09:37:12.787,innodb_rwlock_x_spin_waits,0,0,0.000000,enabled
1782985032.785,2026-07-02 09:37:12.787,lock_deadlocks,0,0,0.000000,enabled
1782985032.785,2026-07-02 09:37:12.787,lock_deadlock_false_positives,0,0,0.000000,enabled
1782985032.785,2026-07-02 09:37:12.787,lock_deadlock_rounds,2846,2846,1.090695,enabled
1782985032.785,2026-07-02 09:37:12.787,lock_rec_grant_attempts,425,425,0.162876,enabled
1782985032.785,2026-07-02 09:37:12.787,lock_rec_release_attempts,43971512,43971512,16851.549275,enabled
1782985032.785,2026-07-02 09:37:12.787,lock_row_lock_current_waits,0,0,0.000000,enabled
1782985032.785,2026-07-02 09:37:12.787,lock_row_lock_time,323,323,0.123786,enabled
1782985032.785,2026-07-02 09:37:12.787,lock_row_lock_time_avg,0,0,0.000000,enabled
1782985032.785,2026-07-02 09:37:12.787,lock_row_lock_time_max,29,29,0.000000,enabled
1782985032.785,2026-07-02 09:37:12.787,lock_row_lock_waits,425,425,0.162876,enabled
1782985032.785,2026-07-02 09:37:12.787,lock_schedule_refreshes,2846,2846,1.090695,enabled
1782985032.785,2026-07-02 09:37:12.787,lock_threads_waiting,0,0,0.000000,enabled
1782985032.785,2026-07-02 09:37:12.787,lock_timeouts,0,0,0.000000,enabled
1782985032.785,2026-07-02 09:37:12.787,log_waits,0,0,0.000000,enabled
1782985032.785,2026-07-02 09:37:12.787,log_writes,221349828,221349828,84829.630225,enabled
1782985032.785,2026-07-02 09:37:12.787,log_write_requests,430636110,430636110,165036.053214,enabled
1782985032.785,2026-07-02 09:37:12.787,os_data_fsyncs,64322946,64322946,24650.987566,enabled
1782985032.785,2026-07-02 09:37:12.787,os_data_reads,91531271,91531271,35078.247605,enabled
1782985032.785,2026-07-02 09:37:12.787,os_data_writes,252196536,252196536,96651.258430,enabled
1782985032.785,2026-07-02 09:37:12.787,os_log_bytes_written,138159557120,138159557120,52947971.631222,enabled
1782985032.785,2026-07-02 09:37:12.787,os_log_fsyncs,56052056,56052056,21481.269409,enabled
1782985032.785,2026-07-02 09:37:12.787,os_log_pending_fsyncs,0,0,0.000000,enabled
1782985032.785,2026-07-02 09:37:12.787,os_log_pending_writes,0,0,0.000000,enabled
1782985032.785,2026-07-02 09:37:12.787,trx_rseg_history_len,964,964,0.000000,enabled
1782985033.857,2026-07-02 09:37:13.859,adaptive_hash_searches,0,0,0.000000,enabled
1782985033.857,2026-07-02 09:37:13.859,adaptive_hash_searches_btree,643962715,643962715,246689.607734,enabled
1782985033.857,2026-07-02 09:37:13.859,buffer_data_reads,1495687924224,1495687924224,572969059.749330,enabled
1782985033.857,2026-07-02 09:37:13.859,buffer_data_written,666992204288,666992204288,255511788.063896,enabled
1782985033.857,2026-07-02 09:37:13.859,buffer_pages0_read,7,7,0.002682,enabled
1782985033.857,2026-07-02 09:37:13.859,buffer_pages_created,1823459,1823459,698.531812,enabled
1782985033.857,2026-07-02 09:37:13.859,buffer_pages_read,91546959,91546959,35069.866021,enabled
1782985033.857,2026-07-02 09:37:13.859,buffer_pages_written,30000997,30000997,11492.800634,enabled
1782985033.857,2026-07-02 09:37:13.859,buffer_pool_bytes_data,12853428224,12853428224,0.000000,enabled
1782985033.857,2026-07-02 09:37:13.859,buffer_pool_bytes_dirty,4619337728,4619337728,0.000000,enabled
1782985033.857,2026-07-02 09:37:13.859,buffer_pool_pages_data,784511,784511,0.000000,enabled
1782985033.857,2026-07-02 09:37:13.859,buffer_pool_pages_dirty,281942,281942,0.000000,enabled
1782985033.857,2026-07-02 09:37:13.859,buffer_pool_pages_flushed,29943927,29943927,0.000000,enabled
1782985033.857,2026-07-02 09:37:13.859,buffer_pool_pages_free,1824,1824,0.000000,enabled
1782985033.857,2026-07-02 09:37:13.859,buffer_pool_pages_lru_flushed,0,0,0.000000,enabled
1782985033.857,2026-07-02 09:37:13.859,buffer_pool_pages_misc,96,96,0.000000,enabled
1782985033.857,2026-07-02 09:37:13.859,buffer_pool_pages_total,786432,786432,0.000000,enabled
1782985033.857,2026-07-02 09:37:13.859,buffer_pool_reads,90633489,90633489,34719.934408,enabled
1782985033.857,2026-07-02 09:37:13.859,buffer_pool_read_ahead,803715,803715,307.887649,enabled
1782985033.857,2026-07-02 09:37:13.859,buffer_pool_read_ahead_evicted,25,25,0.009577,enabled
1782985033.857,2026-07-02 09:37:13.859,buffer_pool_read_requests,3108016399,3108016399,1190620.886407,enabled
1782985033.857,2026-07-02 09:37:13.859,buffer_pool_size,12884901888,12884901888,0.000000,enabled
1782985033.857,2026-07-02 09:37:13.859,buffer_pool_wait_free,18945,18945,7.257463,enabled
1782985033.857,2026-07-02 09:37:13.859,buffer_pool_write_requests,636382219,636382219,243785.702434,enabled
1782985033.857,2026-07-02 09:37:13.859,dml_deletes,14471428,14471428,5543.722817,enabled
1782985033.857,2026-07-02 09:37:13.859,dml_inserts,114356834,114356834,43807.880642,enabled
1782985033.857,2026-07-02 09:37:13.859,dml_system_deletes,468,468,0.179282,enabled
1782985033.857,2026-07-02 09:37:13.859,dml_system_inserts,1202,1202,0.460463,enabled
1782985033.857,2026-07-02 09:37:13.859,dml_system_reads,7661,7661,2.934780,enabled
1782985033.857,2026-07-02 09:37:13.859,dml_system_updates,620,620,0.237510,enabled
1782985033.857,2026-07-02 09:37:13.859,dml_updates,28942981,28942981,11087.493509,enabled
1782985033.857,2026-07-02 09:37:13.859,file_num_open_files,35,35,0.000000,enabled
1782985033.857,2026-07-02 09:37:13.859,ibuf_merges,0,0,0.000000,enabled
1782985033.857,2026-07-02 09:37:13.859,ibuf_merges_delete,0,0,0.000000,enabled
1782985033.857,2026-07-02 09:37:13.859,ibuf_merges_delete_mark,0,0,0.000000,enabled
1782985033.857,2026-07-02 09:37:13.859,ibuf_merges_discard_delete,0,0,0.000000,enabled
1782985033.857,2026-07-02 09:37:13.859,ibuf_merges_discard_delete_mark,0,0,0.000000,enabled
1782985033.857,2026-07-02 09:37:13.859,ibuf_merges_discard_insert,0,0,0.000000,enabled
1782985033.857,2026-07-02 09:37:13.859,ibuf_merges_insert,0,0,0.000000,enabled
1782985033.857,2026-07-02 09:37:13.859,ibuf_size,1,1,0.000383,enabled
1782985033.857,2026-07-02 09:37:13.859,innodb_activity_count,19535097,19535097,7483.516121,enabled
1782985033.857,2026-07-02 09:37:13.859,innodb_dblwr_pages_written,29941497,29941497,11470.005701,enabled
1782985033.857,2026-07-02 09:37:13.859,innodb_dblwr_writes,621515,621515,238.090320,enabled
1782985033.857,2026-07-02 09:37:13.859,innodb_page_size,16384,16384,0.000000,enabled
1782985033.857,2026-07-02 09:37:13.859,innodb_rwlock_sx_os_waits,0,0,0.000000,enabled
1782985033.857,2026-07-02 09:37:13.859,innodb_rwlock_sx_spin_rounds,0,0,0.000000,enabled
1782985033.857,2026-07-02 09:37:13.859,innodb_rwlock_sx_spin_waits,0,0,0.000000,enabled
1782985033.857,2026-07-02 09:37:13.859,innodb_rwlock_s_os_waits,0,0,0.000000,enabled
1782985033.857,2026-07-02 09:37:13.859,innodb_rwlock_s_spin_rounds,0,0,0.000000,enabled
1782985033.857,2026-07-02 09:37:13.859,innodb_rwlock_s_spin_waits,0,0,0.000000,enabled
1782985033.857,2026-07-02 09:37:13.859,innodb_rwlock_x_os_waits,0,0,0.000000,enabled
1782985033.857,2026-07-02 09:37:13.859,innodb_rwlock_x_spin_rounds,0,0,0.000000,enabled
1782985033.857,2026-07-02 09:37:13.859,innodb_rwlock_x_spin_waits,0,0,0.000000,enabled
1782985033.857,2026-07-02 09:37:13.859,lock_deadlocks,0,0,0.000000,enabled
1782985033.857,2026-07-02 09:37:13.859,lock_deadlock_false_positives,0,0,0.000000,enabled
1782985033.857,2026-07-02 09:37:13.859,lock_deadlock_rounds,2847,2847,1.090631,enabled
1782985033.857,2026-07-02 09:37:13.859,lock_rec_grant_attempts,425,425,0.162809,enabled
1782985033.857,2026-07-02 09:37:13.859,lock_rec_release_attempts,43986210,43986210,16850.265385,enabled
1782985033.857,2026-07-02 09:37:13.859,lock_row_lock_current_waits,0,0,0.000000,enabled
1782985033.857,2026-07-02 09:37:13.859,lock_row_lock_time,323,323,0.123735,enabled
1782985033.857,2026-07-02 09:37:13.859,lock_row_lock_time_avg,0,0,0.000000,enabled
1782985033.857,2026-07-02 09:37:13.859,lock_row_lock_time_max,29,29,0.000000,enabled
1782985033.857,2026-07-02 09:37:13.859,lock_row_lock_waits,425,425,0.162809,enabled
1782985033.857,2026-07-02 09:37:13.859,lock_schedule_refreshes,2847,2847,1.090631,enabled
1782985033.857,2026-07-02 09:37:13.859,lock_threads_waiting,0,0,0.000000,enabled
1782985033.857,2026-07-02 09:37:13.859,lock_timeouts,0,0,0.000000,enabled
1782985033.857,2026-07-02 09:37:13.859,log_waits,0,0,0.000000,enabled
1782985033.857,2026-07-02 09:37:13.859,log_writes,221428876,221428876,84825.103811,enabled
1782985033.857,2026-07-02 09:37:13.859,log_write_requests,430718270,430718270,164999.807847,enabled
1782985033.857,2026-07-02 09:37:13.859,os_data_fsyncs,64356896,64356896,24653.878271,enabled
1782985033.857,2026-07-02 09:37:13.859,os_data_reads,91588079,91588079,35085.616221,enabled
1782985033.857,2026-07-02 09:37:13.859,os_data_writes,252291716,252291716,96648.061781,enabled
1782985033.857,2026-07-02 09:37:13.859,os_log_bytes_written,138200930816,138200930816,52942095.282375,enabled
1782985033.857,2026-07-02 09:37:13.859,os_log_fsyncs,56081195,56081195,21483.617661,enabled
1782985033.857,2026-07-02 09:37:13.859,os_log_pending_fsyncs,1,1,0.000383,enabled
1782985033.857,2026-07-02 09:37:13.859,os_log_pending_writes,0,0,0.000000,enabled
1782985033.857,2026-07-02 09:37:13.859,trx_rseg_history_len,966,966,0.000000,enabled
1782985034.928,2026-07-02 09:37:14.930,adaptive_hash_searches,0,0,0.000000,enabled
1782985034.928,2026-07-02 09:37:14.930,adaptive_hash_searches_btree,644131240,644131240,246652.806585,enabled
1782985034.928,2026-07-02 09:37:14.930,buffer_data_reads,1496621713920,1496621713920,573091258.163912,enabled
1782985034.928,2026-07-02 09:37:14.930,buffer_data_written,667301521920,667301521920,255525270.634485,enabled
1782985034.928,2026-07-02 09:37:14.930,buffer_pages0_read,7,7,0.002680,enabled
1782985034.928,2026-07-02 09:37:14.930,buffer_pages_created,1823480,1823480,698.252902,enabled
1782985034.928,2026-07-02 09:37:14.930,buffer_pages_read,91604123,91604123,35077.349001,enabled
1782985034.928,2026-07-02 09:37:14.930,buffer_pages_written,30016970,30016970,11494.195909,enabled
1782985034.928,2026-07-02 09:37:14.930,buffer_pool_bytes_data,12858671104,12858671104,0.000000,enabled
1782985034.928,2026-07-02 09:37:14.930,buffer_pool_bytes_dirty,4625891328,4625891328,0.000000,enabled
1782985034.928,2026-07-02 09:37:14.930,buffer_pool_pages_data,784831,784831,0.000000,enabled
1782985034.928,2026-07-02 09:37:14.930,buffer_pool_pages_dirty,282342,282342,0.000000,enabled
1782985034.928,2026-07-02 09:37:14.930,buffer_pool_pages_flushed,29959900,29959900,0.000000,enabled
1782985034.928,2026-07-02 09:37:14.930,buffer_pool_pages_free,1505,1505,0.000000,enabled
1782985034.928,2026-07-02 09:37:14.930,buffer_pool_pages_lru_flushed,0,0,0.000000,enabled
1782985034.928,2026-07-02 09:37:14.930,buffer_pool_pages_misc,96,96,0.000000,enabled
1782985034.928,2026-07-02 09:37:14.930,buffer_pool_pages_total,786432,786432,0.000000,enabled
1782985034.928,2026-07-02 09:37:14.930,buffer_pool_reads,90690597,90690597,34727.539691,enabled
1782985034.928,2026-07-02 09:37:14.930,buffer_pool_read_ahead,803715,803715,307.761171,enabled
1782985034.928,2026-07-02 09:37:14.930,buffer_pool_read_ahead_evicted,25,25,0.009573,enabled
1782985034.928,2026-07-02 09:37:14.930,buffer_pool_read_requests,3108850439,3108850439,1190451.161833,enabled
1782985034.928,2026-07-02 09:37:14.930,buffer_pool_size,12884901888,12884901888,0.000000,enabled
1782985034.928,2026-07-02 09:37:14.930,buffer_pool_wait_free,18945,18945,7.254481,enabled
1782985034.928,2026-07-02 09:37:14.930,buffer_pool_write_requests,636494789,636494789,243728.662892,enabled
1782985034.928,2026-07-02 09:37:14.930,dml_deletes,14476297,14476297,5543.310082,enabled
1782985034.928,2026-07-02 09:37:14.930,dml_inserts,114361702,114361702,43791.749795,enabled
1782985034.928,2026-07-02 09:37:14.930,dml_system_deletes,468,468,0.179208,enabled
1782985034.928,2026-07-02 09:37:14.930,dml_system_inserts,1202,1202,0.460274,enabled
1782985034.928,2026-07-02 09:37:14.930,dml_system_reads,7661,7661,2.933575,enabled
1782985034.928,2026-07-02 09:37:14.930,dml_system_updates,620,620,0.237412,enabled
1782985034.928,2026-07-02 09:37:14.930,dml_updates,28952725,28952725,11086.670318,enabled
1782985034.928,2026-07-02 09:37:14.930,file_num_open_files,35,35,0.000000,enabled
1782985034.928,2026-07-02 09:37:14.930,ibuf_merges,0,0,0.000000,enabled
1782985034.928,2026-07-02 09:37:14.930,ibuf_merges_delete,0,0,0.000000,enabled
1782985034.928,2026-07-02 09:37:14.930,ibuf_merges_delete_mark,0,0,0.000000,enabled
1782985034.928,2026-07-02 09:37:14.930,ibuf_merges_discard_delete,0,0,0.000000,enabled
1782985034.928,2026-07-02 09:37:14.930,ibuf_merges_discard_delete_mark,0,0,0.000000,enabled
1782985034.928,2026-07-02 09:37:14.930,ibuf_merges_discard_insert,0,0,0.000000,enabled
1782985034.928,2026-07-02 09:37:14.930,ibuf_merges_insert,0,0,0.000000,enabled
1782985034.928,2026-07-02 09:37:14.930,ibuf_size,1,1,0.000383,enabled
1782985034.928,2026-07-02 09:37:14.930,innodb_activity_count,19540692,19540692,7482.584564,enabled
1782985034.928,2026-07-02 09:37:14.930,innodb_dblwr_pages_written,29957470,29957470,11471.410600,enabled
1782985034.928,2026-07-02 09:37:14.930,innodb_dblwr_writes,621879,621879,238.131904,enabled
1782985034.928,2026-07-02 09:37:14.930,innodb_page_size,16384,16384,0.000000,enabled
1782985034.928,2026-07-02 09:37:14.930,innodb_rwlock_sx_os_waits,0,0,0.000000,enabled
1782985034.928,2026-07-02 09:37:14.930,innodb_rwlock_sx_spin_rounds,0,0,0.000000,enabled
1782985034.928,2026-07-02 09:37:14.930,innodb_rwlock_sx_spin_waits,0,0,0.000000,enabled
1782985034.928,2026-07-02 09:37:14.930,innodb_rwlock_s_os_waits,0,0,0.000000,enabled
1782985034.928,2026-07-02 09:37:14.930,innodb_rwlock_s_spin_rounds,0,0,0.000000,enabled
1782985034.928,2026-07-02 09:37:14.930,innodb_rwlock_s_spin_waits,0,0,0.000000,enabled
1782985034.928,2026-07-02 09:37:14.930,innodb_rwlock_x_os_waits,0,0,0.000000,enabled
1782985034.928,2026-07-02 09:37:14.930,innodb_rwlock_x_spin_rounds,0,0,0.000000,enabled
1782985034.928,2026-07-02 09:37:14.930,innodb_rwlock_x_spin_waits,0,0,0.000000,enabled
1782985034.928,2026-07-02 09:37:14.930,lock_deadlocks,0,0,0.000000,enabled
1782985034.928,2026-07-02 09:37:14.930,lock_deadlock_false_positives,0,0,0.000000,enabled
1782985034.928,2026-07-02 09:37:14.930,lock_deadlock_rounds,2848,2848,1.090565,enabled
1782985034.928,2026-07-02 09:37:14.930,lock_rec_grant_attempts,425,425,0.162742,enabled
1782985034.928,2026-07-02 09:37:14.930,lock_rec_release_attempts,44001027,44001027,16849.017185,enabled
1782985034.928,2026-07-02 09:37:14.930,lock_row_lock_current_waits,0,0,0.000000,enabled
1782985034.928,2026-07-02 09:37:14.930,lock_row_lock_time,323,323,0.123684,enabled
1782985034.928,2026-07-02 09:37:14.930,lock_row_lock_time_avg,0,0,0.000000,enabled
1782985034.928,2026-07-02 09:37:14.930,lock_row_lock_time_max,29,29,0.000000,enabled
1782985034.928,2026-07-02 09:37:14.930,lock_row_lock_waits,425,425,0.162742,enabled
1782985034.928,2026-07-02 09:37:14.930,lock_schedule_refreshes,2848,2848,1.090565,enabled
1782985034.928,2026-07-02 09:37:14.930,lock_threads_waiting,0,0,0.000000,enabled
1782985034.928,2026-07-02 09:37:14.930,lock_timeouts,0,0,0.000000,enabled
1782985034.928,2026-07-02 09:37:14.930,log_waits,0,0,0.000000,enabled
1782985034.928,2026-07-02 09:37:14.930,log_writes,221509054,221509054,84820.961635,enabled
1782985034.928,2026-07-02 09:37:14.930,log_write_requests,430801070,430801070,164963.735751,enabled
1782985034.928,2026-07-02 09:37:14.930,os_data_fsyncs,64391079,64391079,24656.840319,enabled
1782985034.928,2026-07-02 09:37:14.930,os_data_reads,91645056,91645056,35093.021419,enabled
1782985034.928,2026-07-02 09:37:14.930,os_data_writes,252388141,252388141,96645.283648,enabled
1782985034.928,2026-07-02 09:37:14.930,os_log_bytes_written,138242625024,138242625024,52936313.203120,enabled
1782985034.928,2026-07-02 09:37:14.930,os_log_fsyncs,56110447,56110447,21485.993875,enabled
1782985034.928,2026-07-02 09:37:14.930,os_log_pending_fsyncs,0,0,0.000000,enabled
1782985034.928,2026-07-02 09:37:14.930,os_log_pending_writes,0,0,0.000000,enabled
1782985034.928,2026-07-02 09:37:14.930,trx_rseg_history_len,1022,1022,0.000000,enabled
1782985036.001,2026-07-02 09:37:16.003,adaptive_hash_searches,0,0,0.000000,enabled
1782985036.001,2026-07-02 09:37:16.003,adaptive_hash_searches_btree,644298885,644298885,246616.139024,enabled
1782985036.001,2026-07-02 09:37:16.003,buffer_data_reads,1497553324544,1497553324544,573213555.304141,enabled
1782985036.001,2026-07-02 09:37:16.003,buffer_data_written,667614093824,667614093824,255540448.368129,enabled
1782985036.001,2026-07-02 09:37:16.003,buffer_pages0_read,7,7,0.002679,enabled
1782985036.001,2026-07-02 09:37:16.003,buffer_pages_created,1823510,1823510,697.978924,enabled
1782985036.001,2026-07-02 09:37:16.003,buffer_pages_read,91661156,91661156,35084.838946,enabled
1782985036.001,2026-07-02 09:37:16.003,buffer_pages_written,30033129,30033129,11495.681960,enabled
1782985036.001,2026-07-02 09:37:16.003,buffer_pool_bytes_data,12850397184,12850397184,0.000000,enabled
1782985036.001,2026-07-02 09:37:16.003,buffer_pool_bytes_dirty,4627562496,4627562496,0.000000,enabled
1782985036.001,2026-07-02 09:37:16.003,buffer_pool_pages_data,784326,784326,0.000000,enabled
1782985036.001,2026-07-02 09:37:16.003,buffer_pool_pages_dirty,282444,282444,0.000000,enabled
1782985036.001,2026-07-02 09:37:16.003,buffer_pool_pages_flushed,29976059,29976059,0.000000,enabled
1782985036.001,2026-07-02 09:37:16.003,buffer_pool_pages_free,2010,2010,0.000000,enabled
1782985036.001,2026-07-02 09:37:16.003,buffer_pool_pages_lru_flushed,0,0,0.000000,enabled
1782985036.001,2026-07-02 09:37:16.003,buffer_pool_pages_misc,96,96,0.000000,enabled
1782985036.001,2026-07-02 09:37:16.003,buffer_pool_pages_total,786432,786432,0.000000,enabled
1782985036.001,2026-07-02 09:37:16.003,buffer_pool_reads,90747576,90747576,34735.152027,enabled
1782985036.001,2026-07-02 09:37:16.003,buffer_pool_read_ahead,803715,803715,307.635352,enabled
1782985036.001,2026-07-02 09:37:16.003,buffer_pool_read_ahead_evicted,25,25,0.009569,enabled
1782985036.001,2026-07-02 09:37:16.003,buffer_pool_read_requests,3109680464,3109680464,1190282.186545,enabled
1782985036.001,2026-07-02 09:37:16.003,buffer_pool_size,12884901888,12884901888,0.000000,enabled
1782985036.001,2026-07-02 09:37:16.003,buffer_pool_wait_free,18945,18945,7.251515,enabled
1782985036.001,2026-07-02 09:37:16.003,buffer_pool_write_requests,636606988,636606988,243671.967556,enabled
1782985036.001,2026-07-02 09:37:16.003,dml_deletes,14481151,14481151,5542.901817,enabled
1782985036.001,2026-07-02 09:37:16.003,dml_inserts,114366557,114366557,43775.705192,enabled
1782985036.001,2026-07-02 09:37:16.003,dml_system_deletes,468,468,0.179135,enabled
1782985036.001,2026-07-02 09:37:16.003,dml_system_inserts,1202,1202,0.460086,enabled
1782985036.001,2026-07-02 09:37:16.003,dml_system_reads,7661,7661,2.932375,enabled
1782985036.001,2026-07-02 09:37:16.003,dml_system_updates,620,620,0.237315,enabled
1782985036.001,2026-07-02 09:37:16.003,dml_updates,28962428,28962428,11085.851853,enabled
1782985036.001,2026-07-02 09:37:16.003,file_num_open_files,35,35,0.000000,enabled
1782985036.001,2026-07-02 09:37:16.003,ibuf_merges,0,0,0.000000,enabled
1782985036.001,2026-07-02 09:37:16.003,ibuf_merges_delete,0,0,0.000000,enabled
1782985036.001,2026-07-02 09:37:16.003,ibuf_merges_delete_mark,0,0,0.000000,enabled
1782985036.001,2026-07-02 09:37:16.003,ibuf_merges_discard_delete,0,0,0.000000,enabled
1782985036.001,2026-07-02 09:37:16.003,ibuf_merges_discard_delete_mark,0,0,0.000000,enabled
1782985036.001,2026-07-02 09:37:16.003,ibuf_merges_discard_insert,0,0,0.000000,enabled
1782985036.001,2026-07-02 09:37:16.003,ibuf_merges_insert,0,0,0.000000,enabled
1782985036.001,2026-07-02 09:37:16.003,ibuf_size,1,1,0.000383,enabled
1782985036.001,2026-07-02 09:37:16.003,innodb_activity_count,19546271,19546271,7481.661001,enabled
1782985036.001,2026-07-02 09:37:16.003,innodb_dblwr_pages_written,29973629,29973629,11472.906008,enabled
1782985036.001,2026-07-02 09:37:16.003,innodb_dblwr_writes,622251,622251,238.176940,enabled
1782985036.001,2026-07-02 09:37:16.003,innodb_page_size,16384,16384,0.000000,enabled
1782985036.001,2026-07-02 09:37:16.003,innodb_rwlock_sx_os_waits,0,0,0.000000,enabled
1782985036.001,2026-07-02 09:37:16.003,innodb_rwlock_sx_spin_rounds,0,0,0.000000,enabled
1782985036.001,2026-07-02 09:37:16.003,innodb_rwlock_sx_spin_waits,0,0,0.000000,enabled
1782985036.001,2026-07-02 09:37:16.003,innodb_rwlock_s_os_waits,0,0,0.000000,enabled
1782985036.001,2026-07-02 09:37:16.003,innodb_rwlock_s_spin_rounds,0,0,0.000000,enabled
1782985036.001,2026-07-02 09:37:16.003,innodb_rwlock_s_spin_waits,0,0,0.000000,enabled
1782985036.001,2026-07-02 09:37:16.003,innodb_rwlock_x_os_waits,0,0,0.000000,enabled
1782985036.001,2026-07-02 09:37:16.003,innodb_rwlock_x_spin_rounds,0,0,0.000000,enabled
1782985036.001,2026-07-02 09:37:16.003,innodb_rwlock_x_spin_waits,0,0,0.000000,enabled
1782985036.001,2026-07-02 09:37:16.003,lock_deadlocks,0,0,0.000000,enabled
1782985036.001,2026-07-02 09:37:16.003,lock_deadlock_false_positives,0,0,0.000000,enabled
1782985036.001,2026-07-02 09:37:16.003,lock_deadlock_rounds,2849,2849,1.090502,enabled
1782985036.001,2026-07-02 09:37:16.003,lock_rec_grant_attempts,425,425,0.162676,enabled
1782985036.001,2026-07-02 09:37:16.003,lock_rec_release_attempts,44015789,44015789,16847.779375,enabled
1782985036.001,2026-07-02 09:37:16.003,lock_row_lock_current_waits,0,0,0.000000,enabled
1782985036.001,2026-07-02 09:37:16.003,lock_row_lock_time,323,323,0.123634,enabled
1782985036.001,2026-07-02 09:37:16.003,lock_row_lock_time_avg,0,0,0.000000,enabled
1782985036.001,2026-07-02 09:37:16.003,lock_row_lock_time_max,29,29,0.000000,enabled
1782985036.001,2026-07-02 09:37:16.003,lock_row_lock_waits,425,425,0.162676,enabled
1782985036.001,2026-07-02 09:37:16.003,lock_schedule_refreshes,2849,2849,1.090502,enabled
1782985036.001,2026-07-02 09:37:16.003,lock_threads_waiting,0,0,0.000000,enabled
1782985036.001,2026-07-02 09:37:16.003,lock_timeouts,0,0,0.000000,enabled
1782985036.001,2026-07-02 09:37:16.003,log_waits,0,0,0.000000,enabled
1782985036.001,2026-07-02 09:37:16.003,log_writes,221589418,221589418,84817.045774,enabled
1782985036.001,2026-07-02 09:37:16.003,log_write_requests,430883556,430883556,164927.868135,enabled
1782985036.001,2026-07-02 09:37:16.003,os_data_fsyncs,64425027,64425027,24659.754267,enabled
1782985036.001,2026-07-02 09:37:16.003,os_data_reads,91701925,91701925,35100.442241,enabled
1782985036.001,2026-07-02 09:37:16.003,os_data_writes,252484910,252484910,96642.813056,enabled
1782985036.001,2026-07-02 09:37:16.003,os_log_bytes_written,138284411392,138284411392,52930666.204450,enabled
1782985036.001,2026-07-02 09:37:16.003,os_log_fsyncs,56139347,56139347,21488.271926,enabled
1782985036.001,2026-07-02 09:37:16.003,os_log_pending_fsyncs,0,0,0.000000,enabled
1782985036.001,2026-07-02 09:37:16.003,os_log_pending_writes,1,1,0.000383,enabled
1782985036.001,2026-07-02 09:37:16.003,trx_rseg_history_len,1033,1033,0.000000,enabled
1782985037.069,2026-07-02 09:37:17.071,adaptive_hash_searches,0,0,0.000000,enabled
1782985037.069,2026-07-02 09:37:17.071,adaptive_hash_searches_btree,644468862,644468862,246580.122191,enabled
1782985037.069,2026-07-02 09:37:17.071,buffer_data_reads,1498494110208,1498494110208,573338643.056877,enabled
1782985037.069,2026-07-02 09:37:17.071,buffer_data_written,667924544512,667924544512,255554525.781473,enabled
1782985037.069,2026-07-02 09:37:17.071,buffer_pages0_read,7,7,0.002678,enabled
1782985037.069,2026-07-02 09:37:17.071,buffer_pages_created,1823548,1823548,697.707476,enabled
1782985037.069,2026-07-02 09:37:17.071,buffer_pages_read,91718720,91718720,35092.487977,enabled
1782985037.069,2026-07-02 09:37:17.071,buffer_pages_written,30049141,30049141,11497.098110,enabled
1782985037.069,2026-07-02 09:37:17.071,buffer_pool_bytes_data,12852527104,12852527104,0.000000,enabled
1782985037.069,2026-07-02 09:37:17.071,buffer_pool_bytes_dirty,4635869184,4635869184,0.000000,enabled
1782985037.069,2026-07-02 09:37:17.071,buffer_pool_pages_data,784456,784456,0.000000,enabled
1782985037.069,2026-07-02 09:37:17.071,buffer_pool_pages_dirty,282951,282951,0.000000,enabled
1782985037.069,2026-07-02 09:37:17.071,buffer_pool_pages_flushed,29992071,29992071,0.000000,enabled
1782985037.069,2026-07-02 09:37:17.071,buffer_pool_pages_free,1878,1878,0.000000,enabled
1782985037.069,2026-07-02 09:37:17.071,buffer_pool_pages_lru_flushed,0,0,0.000000,enabled
1782985037.069,2026-07-02 09:37:17.071,buffer_pool_pages_misc,98,98,0.000000,enabled
1782985037.069,2026-07-02 09:37:17.071,buffer_pool_pages_total,786432,786432,0.000000,enabled
1782985037.069,2026-07-02 09:37:17.071,buffer_pool_reads,90805091,90805091,34742.925577,enabled
1782985037.069,2026-07-02 09:37:17.071,buffer_pool_read_ahead,803715,803715,307.509302,enabled
1782985037.069,2026-07-02 09:37:17.071,buffer_pool_read_ahead_evicted,25,25,0.009565,enabled
1782985037.069,2026-07-02 09:37:17.071,buffer_pool_read_requests,3110522116,3110522116,1190116.509001,enabled
1782985037.069,2026-07-02 09:37:17.071,buffer_pool_size,12884901888,12884901888,0.000000,enabled
1782985037.069,2026-07-02 09:37:17.071,buffer_pool_wait_free,18945,18945,7.248544,enabled
1782985037.069,2026-07-02 09:37:17.071,buffer_pool_write_requests,636721023,636721023,243615.757203,enabled
1782985037.069,2026-07-02 09:37:17.071,dml_deletes,14486062,14486062,5542.509588,enabled
1782985037.069,2026-07-02 09:37:17.071,dml_inserts,114371467,114371467,43759.646550,enabled
1782985037.069,2026-07-02 09:37:17.071,dml_system_deletes,468,468,0.179061,enabled
1782985037.069,2026-07-02 09:37:17.071,dml_system_inserts,1202,1202,0.459897,enabled
1782985037.069,2026-07-02 09:37:17.071,dml_system_reads,7661,7661,2.931174,enabled
1782985037.069,2026-07-02 09:37:17.071,dml_system_updates,620,620,0.237218,enabled
1782985037.069,2026-07-02 09:37:17.071,dml_updates,28972251,28972251,11085.067758,enabled
1782985037.069,2026-07-02 09:37:17.071,file_num_open_files,35,35,0.000000,enabled
1782985037.069,2026-07-02 09:37:17.071,ibuf_merges,0,0,0.000000,enabled
1782985037.069,2026-07-02 09:37:17.071,ibuf_merges_delete,0,0,0.000000,enabled
1782985037.069,2026-07-02 09:37:17.071,ibuf_merges_delete_mark,0,0,0.000000,enabled
1782985037.069,2026-07-02 09:37:17.071,ibuf_merges_discard_delete,0,0,0.000000,enabled
1782985037.069,2026-07-02 09:37:17.071,ibuf_merges_discard_delete_mark,0,0,0.000000,enabled
1782985037.069,2026-07-02 09:37:17.071,ibuf_merges_discard_insert,0,0,0.000000,enabled
1782985037.069,2026-07-02 09:37:17.071,ibuf_merges_insert,0,0,0.000000,enabled
1782985037.069,2026-07-02 09:37:17.071,ibuf_size,1,1,0.000383,enabled
1782985037.069,2026-07-02 09:37:17.071,innodb_activity_count,19551910,19551910,7480.752891,enabled
1782985037.069,2026-07-02 09:37:17.071,innodb_dblwr_pages_written,29989641,29989641,11474.331268,enabled
1782985037.069,2026-07-02 09:37:17.071,innodb_dblwr_writes,622617,622617,238.219381,enabled
1782985037.069,2026-07-02 09:37:17.071,innodb_page_size,16384,16384,0.000000,enabled
1782985037.069,2026-07-02 09:37:17.071,innodb_rwlock_sx_os_waits,0,0,0.000000,enabled
1782985037.069,2026-07-02 09:37:17.071,innodb_rwlock_sx_spin_rounds,0,0,0.000000,enabled
1782985037.069,2026-07-02 09:37:17.071,innodb_rwlock_sx_spin_waits,0,0,0.000000,enabled
1782985037.069,2026-07-02 09:37:17.071,innodb_rwlock_s_os_waits,0,0,0.000000,enabled
1782985037.069,2026-07-02 09:37:17.071,innodb_rwlock_s_spin_rounds,0,0,0.000000,enabled
1782985037.069,2026-07-02 09:37:17.071,innodb_rwlock_s_spin_waits,0,0,0.000000,enabled
1782985037.069,2026-07-02 09:37:17.071,innodb_rwlock_x_os_waits,0,0,0.000000,enabled
1782985037.069,2026-07-02 09:37:17.071,innodb_rwlock_x_spin_rounds,0,0,0.000000,enabled
1782985037.069,2026-07-02 09:37:17.071,innodb_rwlock_x_spin_waits,0,0,0.000000,enabled
1782985037.069,2026-07-02 09:37:17.071,lock_deadlocks,0,0,0.000000,enabled
1782985037.069,2026-07-02 09:37:17.071,lock_deadlock_false_positives,0,0,0.000000,enabled
1782985037.069,2026-07-02 09:37:17.071,lock_deadlock_rounds,2850,2850,1.090438,enabled
1782985037.069,2026-07-02 09:37:17.071,lock_rec_grant_attempts,425,425,0.162609,enabled
1782985037.069,2026-07-02 09:37:17.071,lock_rec_release_attempts,44030715,44030715,16846.587066,enabled
1782985037.069,2026-07-02 09:37:17.071,lock_row_lock_current_waits,0,0,0.000000,enabled
1782985037.069,2026-07-02 09:37:17.071,lock_row_lock_time,323,323,0.123583,enabled
1782985037.069,2026-07-02 09:37:17.071,lock_row_lock_time_avg,0,0,0.000000,enabled
1782985037.069,2026-07-02 09:37:17.071,lock_row_lock_time_max,29,29,0.000000,enabled
1782985037.069,2026-07-02 09:37:17.071,lock_row_lock_waits,425,425,0.162609,enabled
1782985037.069,2026-07-02 09:37:17.071,lock_schedule_refreshes,2850,2850,1.090438,enabled
1782985037.069,2026-07-02 09:37:17.071,lock_threads_waiting,0,0,0.000000,enabled
1782985037.069,2026-07-02 09:37:17.071,lock_timeouts,0,0,0.000000,enabled
1782985037.069,2026-07-02 09:37:17.071,log_waits,0,0,0.000000,enabled
1782985037.069,2026-07-02 09:37:17.071,log_writes,221669788,221669788,84813.042609,enabled
1782985037.069,2026-07-02 09:37:17.071,log_write_requests,430966937,430966937,164892.191900,enabled
1782985037.069,2026-07-02 09:37:17.071,os_data_fsyncs,64458858,64458858,24662.594176,enabled
1782985037.069,2026-07-02 09:37:17.071,os_data_reads,91759321,91759321,35108.020357,enabled
1782985037.069,2026-07-02 09:37:17.071,os_data_writes,252581573,252581573,96640.198557,enabled
1782985037.069,2026-07-02 09:37:17.071,os_log_bytes_written,138326583296,138326583296,52925113.590196,enabled
1782985037.069,2026-07-02 09:37:17.071,os_log_fsyncs,56168319,56168319,21490.552215,enabled
1782985037.069,2026-07-02 09:37:17.071,os_log_pending_fsyncs,1,1,0.000383,enabled
1782985037.069,2026-07-02 09:37:17.071,os_log_pending_writes,0,0,0.000000,enabled
1782985037.069,2026-07-02 09:37:17.071,trx_rseg_history_len,1140,1140,0.000000,enabled
1782985038.140,2026-07-02 09:37:18.142,adaptive_hash_searches,0,0,0.000000,enabled
1782985038.140,2026-07-02 09:37:18.142,adaptive_hash_searches_btree,644637230,644637230,246543.498177,enabled
1782985038.140,2026-07-02 09:37:18.142,buffer_data_reads,1499429227008,1499429227008,573461403.514543,enabled
1782985038.140,2026-07-02 09:37:18.142,buffer_data_written,668239459840,668239459840,255570273.843766,enabled
1782985038.140,2026-07-02 09:37:18.142,buffer_pages0_read,7,7,0.002677,enabled
1782985038.140,2026-07-02 09:37:18.142,buffer_pages_created,1823582,1823582,697.434652,enabled
1782985038.140,2026-07-02 09:37:18.142,buffer_pages_read,91775943,91775943,35099.996863,enabled
1782985038.140,2026-07-02 09:37:18.142,buffer_pages_written,30065383,30065383,11498.599931,enabled
1782985038.140,2026-07-02 09:37:18.142,buffer_pool_bytes_data,12848676864,12848676864,0.000000,enabled
1782985038.140,2026-07-02 09:37:18.142,buffer_pool_bytes_dirty,4637917184,4637917184,0.000000,enabled
1782985038.140,2026-07-02 09:37:18.142,buffer_pool_pages_data,784222,784222,0.000000,enabled
1782985038.140,2026-07-02 09:37:18.142,buffer_pool_pages_dirty,283076,283076,0.000000,enabled
1782985038.140,2026-07-02 09:37:18.142,buffer_pool_pages_flushed,30008269,30008269,0.000000,enabled
1782985038.140,2026-07-02 09:37:18.142,buffer_pool_pages_free,2116,2116,0.000000,enabled
1782985038.140,2026-07-02 09:37:18.142,buffer_pool_pages_lru_flushed,0,0,0.000000,enabled
1782985038.140,2026-07-02 09:37:18.142,buffer_pool_pages_misc,96,96,0.000000,enabled
1782985038.140,2026-07-02 09:37:18.142,buffer_pool_pages_total,786432,786432,0.000000,enabled
1782985038.140,2026-07-02 09:37:18.142,buffer_pool_reads,90862272,90862272,34750.561601,enabled
1782985038.140,2026-07-02 09:37:18.142,buffer_pool_read_ahead,803715,803715,307.383326,enabled
1782985038.140,2026-07-02 09:37:18.142,buffer_pool_read_ahead_evicted,25,25,0.009561,enabled
1782985038.140,2026-07-02 09:37:18.142,buffer_pool_read_requests,3111356221,3111356221,1189947.963111,enabled
1782985038.140,2026-07-02 09:37:18.142,buffer_pool_size,12884901888,12884901888,0.000000,enabled
1782985038.140,2026-07-02 09:37:18.142,buffer_pool_wait_free,18945,18945,7.245575,enabled
1782985038.140,2026-07-02 09:37:18.142,buffer_pool_write_requests,636833918,636833918,243559.132806,enabled
1782985038.140,2026-07-02 09:37:18.142,dml_deletes,14490935,14490935,5542.102672,enabled
1782985038.140,2026-07-02 09:37:18.142,dml_inserts,114376340,114376340,43743.583157,enabled
1782985038.140,2026-07-02 09:37:18.142,dml_system_deletes,468,468,0.178988,enabled
1782985038.140,2026-07-02 09:37:18.142,dml_system_inserts,1202,1202,0.459709,enabled
1782985038.140,2026-07-02 09:37:18.142,dml_system_reads,7661,7661,2.929973,enabled
1782985038.140,2026-07-02 09:37:18.142,dml_system_updates,620,620,0.237121,enabled
1782985038.140,2026-07-02 09:37:18.142,dml_updates,28982003,28982003,11084.256203,enabled
1782985038.140,2026-07-02 09:37:18.142,file_num_open_files,35,35,0.000000,enabled
1782985038.140,2026-07-02 09:37:18.142,ibuf_merges,0,0,0.000000,enabled
1782985038.140,2026-07-02 09:37:18.142,ibuf_merges_delete,0,0,0.000000,enabled
1782985038.140,2026-07-02 09:37:18.142,ibuf_merges_delete_mark,0,0,0.000000,enabled
1782985038.140,2026-07-02 09:37:18.142,ibuf_merges_discard_delete,0,0,0.000000,enabled
1782985038.140,2026-07-02 09:37:18.142,ibuf_merges_discard_delete_mark,0,0,0.000000,enabled
1782985038.140,2026-07-02 09:37:18.142,ibuf_merges_discard_insert,0,0,0.000000,enabled
1782985038.140,2026-07-02 09:37:18.142,ibuf_merges_insert,0,0,0.000000,enabled
1782985038.140,2026-07-02 09:37:18.142,ibuf_size,1,1,0.000382,enabled
1782985038.140,2026-07-02 09:37:18.142,innodb_activity_count,19557509,19557509,7479.829594,enabled
1782985038.140,2026-07-02 09:37:18.142,innodb_dblwr_pages_written,30005839,30005839,11475.825536,enabled
1782985038.140,2026-07-02 09:37:18.142,innodb_dblwr_writes,622960,622960,238.252971,enabled
1782985038.140,2026-07-02 09:37:18.142,innodb_page_size,16384,16384,0.000000,enabled
1782985038.140,2026-07-02 09:37:18.142,innodb_rwlock_sx_os_waits,0,0,0.000000,enabled
1782985038.140,2026-07-02 09:37:18.142,innodb_rwlock_sx_spin_rounds,0,0,0.000000,enabled
1782985038.140,2026-07-02 09:37:18.142,innodb_rwlock_sx_spin_waits,0,0,0.000000,enabled
1782985038.140,2026-07-02 09:37:18.142,innodb_rwlock_s_os_waits,0,0,0.000000,enabled
1782985038.140,2026-07-02 09:37:18.142,innodb_rwlock_s_spin_rounds,0,0,0.000000,enabled
1782985038.140,2026-07-02 09:37:18.142,innodb_rwlock_s_spin_waits,0,0,0.000000,enabled
1782985038.140,2026-07-02 09:37:18.142,innodb_rwlock_x_os_waits,0,0,0.000000,enabled
1782985038.140,2026-07-02 09:37:18.142,innodb_rwlock_x_spin_rounds,0,0,0.000000,enabled
1782985038.140,2026-07-02 09:37:18.142,innodb_rwlock_x_spin_waits,0,0,0.000000,enabled
1782985038.140,2026-07-02 09:37:18.142,lock_deadlocks,0,0,0.000000,enabled
1782985038.140,2026-07-02 09:37:18.142,lock_deadlock_false_positives,0,0,0.000000,enabled
1782985038.140,2026-07-02 09:37:18.142,lock_deadlock_rounds,2851,2851,1.090374,enabled
1782985038.140,2026-07-02 09:37:18.142,lock_rec_grant_attempts,425,425,0.162543,enabled
1782985038.140,2026-07-02 09:37:18.142,lock_rec_release_attempts,44045530,44045530,16845.351601,enabled
1782985038.140,2026-07-02 09:37:18.142,lock_row_lock_current_waits,0,0,0.000000,enabled
1782985038.140,2026-07-02 09:37:18.142,lock_row_lock_time,323,323,0.123532,enabled
1782985038.140,2026-07-02 09:37:18.142,lock_row_lock_time_avg,0,0,0.000000,enabled
1782985038.140,2026-07-02 09:37:18.142,lock_row_lock_time_max,29,29,0.000000,enabled
1782985038.140,2026-07-02 09:37:18.142,lock_row_lock_waits,425,425,0.162543,enabled
1782985038.140,2026-07-02 09:37:18.142,lock_schedule_refreshes,2851,2851,1.090374,enabled
1782985038.140,2026-07-02 09:37:18.142,lock_threads_waiting,0,0,0.000000,enabled
1782985038.140,2026-07-02 09:37:18.142,lock_timeouts,0,0,0.000000,enabled
1782985038.140,2026-07-02 09:37:18.142,log_waits,0,0,0.000000,enabled
1782985038.140,2026-07-02 09:37:18.142,log_writes,221750191,221750191,84809.047781,enabled
1782985038.140,2026-07-02 09:37:18.142,log_write_requests,431049724,431049724,164856.302946,enabled
1782985038.140,2026-07-02 09:37:18.142,os_data_fsyncs,64492900,64492900,24665.510179,enabled
1782985038.140,2026-07-02 09:37:18.142,os_data_reads,91816398,91816398,35115.467011,enabled
1782985038.140,2026-07-02 09:37:18.142,os_data_writes,252678509,252678509,96637.681658,enabled
1782985038.140,2026-07-02 09:37:18.142,os_log_bytes_written,138368648704,138368648704,52919519.932895,enabled
1782985038.140,2026-07-02 09:37:18.142,os_log_fsyncs,56197628,56197628,21492.957552,enabled
1782985038.140,2026-07-02 09:37:18.142,os_log_pending_fsyncs,1,1,0.000382,enabled
1782985038.140,2026-07-02 09:37:18.142,os_log_pending_writes,0,0,0.000000,enabled
1782985038.140,2026-07-02 09:37:18.142,trx_rseg_history_len,1198,1198,0.000000,enabled
1782985039.211,2026-07-02 09:37:19.213,adaptive_hash_searches,0,0,0.000000,enabled
1782985039.211,2026-07-02 09:37:19.213,adaptive_hash_searches_btree,644806232,644806232,246506.991129,enabled
1782985039.211,2026-07-02 09:37:19.213,buffer_data_reads,1500362476032,1500362476032,573582976.955491,enabled
1782985039.211,2026-07-02 09:37:19.213,buffer_data_written,668549637120,668549637120,255584031.813417,enabled
1782985039.211,2026-07-02 09:37:19.213,buffer_pages0_read,7,7,0.002676,enabled
1782985039.211,2026-07-02 09:37:19.213,buffer_pages_created,1823611,1823611,697.159687,enabled
1782985039.211,2026-07-02 09:37:19.213,buffer_pages_read,91833094,91833094,35107.449282,enabled
1782985039.211,2026-07-02 09:37:19.213,buffer_pages_written,30081429,30081429,11500.018134,enabled
1782985039.211,2026-07-02 09:37:19.213,buffer_pool_bytes_data,12852314112,12852314112,0.000000,enabled
1782985039.211,2026-07-02 09:37:19.213,buffer_pool_bytes_dirty,4642488320,4642488320,0.000000,enabled
1782985039.211,2026-07-02 09:37:19.213,buffer_pool_pages_data,784442,784442,0.000000,enabled
1782985039.211,2026-07-02 09:37:19.213,buffer_pool_pages_dirty,283355,283355,0.000000,enabled
1782985039.211,2026-07-02 09:37:19.213,buffer_pool_pages_flushed,30024359,30024359,0.000000,enabled
1782985039.211,2026-07-02 09:37:19.213,buffer_pool_pages_free,1893,1893,0.000000,enabled
1782985039.211,2026-07-02 09:37:19.213,buffer_pool_pages_lru_flushed,0,0,0.000000,enabled
1782985039.211,2026-07-02 09:37:19.213,buffer_pool_pages_misc,97,97,0.000000,enabled
1782985039.211,2026-07-02 09:37:19.213,buffer_pool_pages_total,786432,786432,0.000000,enabled
1782985039.211,2026-07-02 09:37:19.213,buffer_pool_reads,90919351,90919351,34758.129867,enabled
1782985039.211,2026-07-02 09:37:19.213,buffer_pool_read_ahead,803715,803715,307.257254,enabled
1782985039.211,2026-07-02 09:37:19.213,buffer_pool_read_ahead_evicted,25,25,0.009557,enabled
1782985039.211,2026-07-02 09:37:19.213,buffer_pool_read_requests,3112192728,3112192728,1189779.703904,enabled
1782985039.211,2026-07-02 09:37:19.213,buffer_pool_size,12884901888,12884901888,0.000000,enabled
1782985039.211,2026-07-02 09:37:19.213,buffer_pool_wait_free,18945,18945,7.242603,enabled
1782985039.211,2026-07-02 09:37:19.213,buffer_pool_write_requests,636947211,636947211,243502.549441,enabled
1782985039.211,2026-07-02 09:37:19.213,dml_deletes,14495817,14495817,5541.696055,enabled
1782985039.211,2026-07-02 09:37:19.213,dml_inserts,114381223,114381223,43727.509305,enabled
1782985039.211,2026-07-02 09:37:19.213,dml_system_deletes,468,468,0.178915,enabled
1782985039.211,2026-07-02 09:37:19.213,dml_system_inserts,1202,1202,0.459520,enabled
1782985039.211,2026-07-02 09:37:19.213,dml_system_reads,7661,7661,2.928771,enabled
1782985039.211,2026-07-02 09:37:19.213,dml_system_updates,620,620,0.237024,enabled
1782985039.211,2026-07-02 09:37:19.213,dml_updates,28991763,28991763,11083.441418,enabled
1782985039.211,2026-07-02 09:37:19.213,file_num_open_files,35,35,0.000000,enabled
1782985039.211,2026-07-02 09:37:19.213,ibuf_merges,0,0,0.000000,enabled
1782985039.211,2026-07-02 09:37:19.213,ibuf_merges_delete,0,0,0.000000,enabled
1782985039.211,2026-07-02 09:37:19.213,ibuf_merges_delete_mark,0,0,0.000000,enabled
1782985039.211,2026-07-02 09:37:19.213,ibuf_merges_discard_delete,0,0,0.000000,enabled
1782985039.211,2026-07-02 09:37:19.213,ibuf_merges_discard_delete_mark,0,0,0.000000,enabled
1782985039.211,2026-07-02 09:37:19.213,ibuf_merges_discard_insert,0,0,0.000000,enabled
1782985039.211,2026-07-02 09:37:19.213,ibuf_merges_insert,0,0,0.000000,enabled
1782985039.211,2026-07-02 09:37:19.213,ibuf_size,1,1,0.000382,enabled
1782985039.211,2026-07-02 09:37:19.213,innodb_activity_count,19563123,19563123,7478.908081,enabled
1782985039.211,2026-07-02 09:37:19.213,innodb_dblwr_pages_written,30021929,30021929,11477.270079,enabled
1782985039.211,2026-07-02 09:37:19.213,innodb_dblwr_writes,623308,623308,238.288295,enabled
1782985039.211,2026-07-02 09:37:19.213,innodb_page_size,16384,16384,0.000000,enabled
1782985039.211,2026-07-02 09:37:19.213,innodb_rwlock_sx_os_waits,0,0,0.000000,enabled
1782985039.211,2026-07-02 09:37:19.213,innodb_rwlock_sx_spin_rounds,0,0,0.000000,enabled
1782985039.211,2026-07-02 09:37:19.213,innodb_rwlock_sx_spin_waits,0,0,0.000000,enabled
1782985039.211,2026-07-02 09:37:19.213,innodb_rwlock_s_os_waits,0,0,0.000000,enabled
1782985039.211,2026-07-02 09:37:19.213,innodb_rwlock_s_spin_rounds,0,0,0.000000,enabled
1782985039.211,2026-07-02 09:37:19.213,innodb_rwlock_s_spin_waits,0,0,0.000000,enabled
1782985039.211,2026-07-02 09:37:19.213,innodb_rwlock_x_os_waits,0,0,0.000000,enabled
1782985039.211,2026-07-02 09:37:19.213,innodb_rwlock_x_spin_rounds,0,0,0.000000,enabled
1782985039.211,2026-07-02 09:37:19.213,innodb_rwlock_x_spin_waits,0,0,0.000000,enabled
1782985039.211,2026-07-02 09:37:19.213,lock_deadlocks,0,0,0.000000,enabled
1782985039.211,2026-07-02 09:37:19.213,lock_deadlock_false_positives,0,0,0.000000,enabled
1782985039.211,2026-07-02 09:37:19.213,lock_deadlock_rounds,2853,2853,1.090691,enabled
1782985039.211,2026-07-02 09:37:19.213,lock_rec_grant_attempts,425,425,0.162476,enabled
1782985039.211,2026-07-02 09:37:19.213,lock_rec_release_attempts,44060398,44060398,16844.126521,enabled
1782985039.211,2026-07-02 09:37:19.213,lock_row_lock_current_waits,0,0,0.000000,enabled
1782985039.211,2026-07-02 09:37:19.213,lock_row_lock_time,323,323,0.123482,enabled
1782985039.211,2026-07-02 09:37:19.213,lock_row_lock_time_avg,0,0,0.000000,enabled
1782985039.211,2026-07-02 09:37:19.213,lock_row_lock_time_max,29,29,0.000000,enabled
1782985039.211,2026-07-02 09:37:19.213,lock_row_lock_waits,425,425,0.162476,enabled
1782985039.211,2026-07-02 09:37:19.213,lock_schedule_refreshes,2853,2853,1.090691,enabled
1782985039.211,2026-07-02 09:37:19.213,lock_threads_waiting,0,0,0.000000,enabled
1782985039.211,2026-07-02 09:37:19.213,lock_timeouts,0,0,0.000000,enabled
1782985039.211,2026-07-02 09:37:19.213,log_waits,0,0,0.000000,enabled
1782985039.211,2026-07-02 09:37:19.213,log_writes,221830592,221830592,84805.001088,enabled
1782985039.211,2026-07-02 09:37:19.213,log_write_requests,431132774,431132774,164820.438253,enabled
1782985039.211,2026-07-02 09:37:19.213,os_data_fsyncs,64527114,64527114,24668.473701,enabled
1782985039.211,2026-07-02 09:37:19.213,os_data_reads,91873376,91873376,35122.847161,enabled
1782985039.211,2026-07-02 09:37:19.213,os_data_writes,252775163,252775163,96634.996953,enabled
1782985039.211,2026-07-02 09:37:19.213,os_log_bytes_written,138410602496,138410602496,52913854.185130,enabled
1782985039.211,2026-07-02 09:37:19.213,os_log_fsyncs,56227057,56227057,21495.392979,enabled
1782985039.211,2026-07-02 09:37:19.213,os_log_pending_fsyncs,1,1,0.000382,enabled
1782985039.211,2026-07-02 09:37:19.213,os_log_pending_writes,0,0,0.000000,enabled
1782985039.211,2026-07-02 09:37:19.213,trx_rseg_history_len,1226,1226,0.000000,enabled
1782985040.284,2026-07-02 09:37:20.286,adaptive_hash_searches,0,0,0.000000,enabled
1782985040.284,2026-07-02 09:37:20.286,adaptive_hash_searches_btree,644973099,644973099,246469.826288,enabled
1782985040.284,2026-07-02 09:37:20.286,buffer_data_reads,1501293070848,1501293070848,573703748.808540,enabled
1782985040.284,2026-07-02 09:37:20.286,buffer_data_written,668857777152,668857777152,255597139.162292,enabled
1782985040.284,2026-07-02 09:37:20.286,buffer_pages0_read,7,7,0.002675,enabled
1782985040.284,2026-07-02 09:37:20.286,buffer_pages_created,1823637,1823637,696.884180,enabled
1782985040.284,2026-07-02 09:37:20.286,buffer_pages_read,91890047,91890047,35114.839030,enabled
1782985040.284,2026-07-02 09:37:20.286,buffer_pages_written,30097330,30097330,11501.386013,enabled
1782985040.284,2026-07-02 09:37:20.286,buffer_pool_bytes_data,12857638912,12857638912,0.000000,enabled
1782985040.284,2026-07-02 09:37:20.286,buffer_pool_bytes_dirty,4648828928,4648828928,0.000000,enabled
1782985040.284,2026-07-02 09:37:20.286,buffer_pool_pages_data,784768,784768,0.000000,enabled
1782985040.284,2026-07-02 09:37:20.286,buffer_pool_pages_dirty,283742,283742,0.000000,enabled
1782985040.284,2026-07-02 09:37:20.286,buffer_pool_pages_flushed,30040260,30040260,0.000000,enabled
1782985040.284,2026-07-02 09:37:20.286,buffer_pool_pages_free,1568,1568,0.000000,enabled
1782985040.284,2026-07-02 09:37:20.286,buffer_pool_pages_lru_flushed,0,0,0.000000,enabled
1782985040.284,2026-07-02 09:37:20.286,buffer_pool_pages_misc,96,96,0.000000,enabled
1782985040.284,2026-07-02 09:37:20.286,buffer_pool_pages_total,786432,786432,0.000000,enabled
1782985040.284,2026-07-02 09:37:20.286,buffer_pool_reads,90976254,90976254,34765.643492,enabled
1782985040.284,2026-07-02 09:37:20.286,buffer_pool_read_ahead,803715,803715,307.131451,enabled
1782985040.284,2026-07-02 09:37:20.286,buffer_pool_read_ahead_evicted,25,25,0.009553,enabled
1782985040.284,2026-07-02 09:37:20.286,buffer_pool_read_requests,3113023387,3113023387,1189609.991917,enabled
1782985040.284,2026-07-02 09:37:20.286,buffer_pool_size,12884901888,12884901888,0.000000,enabled
1782985040.284,2026-07-02 09:37:20.286,buffer_pool_wait_free,18945,18945,7.239638,enabled
1782985040.284,2026-07-02 09:37:20.286,buffer_pool_write_requests,637062385,637062385,243446.863051,enabled
1782985040.284,2026-07-02 09:37:20.286,dml_deletes,14500643,14500643,5541.271223,enabled
1782985040.284,2026-07-02 09:37:20.286,dml_inserts,114386049,114386049,43711.449355,enabled
1782985040.284,2026-07-02 09:37:20.286,dml_system_deletes,468,468,0.178841,enabled
1782985040.284,2026-07-02 09:37:20.286,dml_system_inserts,1202,1202,0.459332,enabled
1782985040.284,2026-07-02 09:37:20.286,dml_system_reads,7661,7661,2.927572,enabled
1782985040.284,2026-07-02 09:37:20.286,dml_system_updates,620,620,0.236927,enabled
1782985040.284,2026-07-02 09:37:20.286,dml_updates,29001413,29001413,11082.590968,enabled
1782985040.284,2026-07-02 09:37:20.286,file_num_open_files,35,35,0.000000,enabled
1782985040.284,2026-07-02 09:37:20.286,ibuf_merges,0,0,0.000000,enabled
1782985040.284,2026-07-02 09:37:20.286,ibuf_merges_delete,0,0,0.000000,enabled
1782985040.284,2026-07-02 09:37:20.286,ibuf_merges_delete_mark,0,0,0.000000,enabled
1782985040.284,2026-07-02 09:37:20.286,ibuf_merges_discard_delete,0,0,0.000000,enabled
1782985040.284,2026-07-02 09:37:20.286,ibuf_merges_discard_delete_mark,0,0,0.000000,enabled
1782985040.284,2026-07-02 09:37:20.286,ibuf_merges_discard_insert,0,0,0.000000,enabled
1782985040.284,2026-07-02 09:37:20.286,ibuf_merges_insert,0,0,0.000000,enabled
1782985040.284,2026-07-02 09:37:20.286,ibuf_size,1,1,0.000382,enabled
1782985040.284,2026-07-02 09:37:20.286,innodb_activity_count,19568667,19568667,7477.964448,enabled
1782985040.284,2026-07-02 09:37:20.286,innodb_dblwr_pages_written,30037830,30037830,11478.647143,enabled
1782985040.284,2026-07-02 09:37:20.286,innodb_dblwr_writes,623689,623689,238.336323,enabled
1782985040.284,2026-07-02 09:37:20.286,innodb_page_size,16384,16384,0.000000,enabled
1782985040.284,2026-07-02 09:37:20.286,innodb_rwlock_sx_os_waits,0,0,0.000000,enabled
1782985040.284,2026-07-02 09:37:20.286,innodb_rwlock_sx_spin_rounds,0,0,0.000000,enabled
1782985040.284,2026-07-02 09:37:20.286,innodb_rwlock_sx_spin_waits,0,0,0.000000,enabled
1782985040.284,2026-07-02 09:37:20.286,innodb_rwlock_s_os_waits,0,0,0.000000,enabled
1782985040.284,2026-07-02 09:37:20.286,innodb_rwlock_s_spin_rounds,0,0,0.000000,enabled
1782985040.284,2026-07-02 09:37:20.286,innodb_rwlock_s_spin_waits,0,0,0.000000,enabled
1782985040.284,2026-07-02 09:37:20.286,innodb_rwlock_x_os_waits,0,0,0.000000,enabled
1782985040.284,2026-07-02 09:37:20.286,innodb_rwlock_x_spin_rounds,0,0,0.000000,enabled
1782985040.284,2026-07-02 09:37:20.286,innodb_rwlock_x_spin_waits,0,0,0.000000,enabled
1782985040.284,2026-07-02 09:37:20.286,lock_deadlocks,0,0,0.000000,enabled
1782985040.284,2026-07-02 09:37:20.286,lock_deadlock_false_positives,0,0,0.000000,enabled
1782985040.284,2026-07-02 09:37:20.286,lock_deadlock_rounds,2854,2854,1.090627,enabled
1782985040.284,2026-07-02 09:37:20.286,lock_rec_grant_attempts,425,425,0.162409,enabled
1782985040.284,2026-07-02 09:37:20.286,lock_rec_release_attempts,44075048,44075048,16842.828234,enabled
1782985040.284,2026-07-02 09:37:20.286,lock_row_lock_current_waits,0,0,0.000000,enabled
1782985040.284,2026-07-02 09:37:20.286,lock_row_lock_time,323,323,0.123431,enabled
1782985040.284,2026-07-02 09:37:20.286,lock_row_lock_time_avg,0,0,0.000000,enabled
1782985040.284,2026-07-02 09:37:20.286,lock_row_lock_time_max,29,29,0.000000,enabled
1782985040.284,2026-07-02 09:37:20.286,lock_row_lock_waits,425,425,0.162409,enabled
1782985040.284,2026-07-02 09:37:20.286,lock_schedule_refreshes,2854,2854,1.090627,enabled
1782985040.284,2026-07-02 09:37:20.286,lock_threads_waiting,0,0,0.000000,enabled
1782985040.284,2026-07-02 09:37:20.286,lock_timeouts,0,0,0.000000,enabled
1782985040.284,2026-07-02 09:37:20.286,log_waits,0,0,0.000000,enabled
1782985040.284,2026-07-02 09:37:20.286,log_writes,221909879,221909879,84800.577048,enabled
1782985040.284,2026-07-02 09:37:20.286,log_write_requests,431215899,431215899,164784.719156,enabled
1782985040.284,2026-07-02 09:37:20.286,os_data_fsyncs,64560996,64560996,24671.321050,enabled
1782985040.284,2026-07-02 09:37:20.286,os_data_reads,91930176,91930176,35130.171925,enabled
1782985040.284,2026-07-02 09:37:20.286,os_data_writes,252870650,252870650,96631.919898,enabled
1782985040.284,2026-07-02 09:37:20.286,os_log_bytes_written,138451990016,138451990016,52908004.843953,enabled
1782985040.284,2026-07-02 09:37:20.286,os_log_fsyncs,56255876,56255876,21497.604747,enabled
1782985040.284,2026-07-02 09:37:20.286,os_log_pending_fsyncs,0,0,0.000000,enabled
1782985040.284,2026-07-02 09:37:20.286,os_log_pending_writes,0,0,0.000000,enabled
1782985040.284,2026-07-02 09:37:20.286,trx_rseg_history_len,62,62,0.000000,enabled
1782985041.355,2026-07-02 09:37:21.357,adaptive_hash_searches,0,0,0.000000,enabled
1782985041.355,2026-07-02 09:37:21.357,adaptive_hash_searches_btree,645140190,645140190,246433.036673,enabled
1782985041.355,2026-07-02 09:37:21.357,buffer_data_reads,1502223616512,1502223616512,573824996.690657,enabled
1782985041.355,2026-07-02 09:37:21.357,buffer_data_written,669166798848,669166798848,255610836.918277,enabled
1782985041.355,2026-07-02 09:37:21.357,buffer_pages0_read,7,7,0.002674,enabled
1782985041.355,2026-07-02 09:37:21.357,buffer_pages_created,1823670,1823670,696.612294,enabled
1782985041.355,2026-07-02 09:37:21.357,buffer_pages_read,91947007,91947007,35122.261754,enabled
1782985041.355,2026-07-02 09:37:21.357,buffer_pages_written,30113295,30113295,11502.789126,enabled
1782985041.355,2026-07-02 09:37:21.357,buffer_pool_bytes_data,12852215808,12852215808,0.000000,enabled
1782985041.355,2026-07-02 09:37:21.357,buffer_pool_bytes_dirty,4652056576,4652056576,0.000000,enabled
1782985041.355,2026-07-02 09:37:21.357,buffer_pool_pages_data,784437,784437,0.000000,enabled
1782985041.355,2026-07-02 09:37:21.357,buffer_pool_pages_dirty,283939,283939,0.000000,enabled
1782985041.355,2026-07-02 09:37:21.357,buffer_pool_pages_flushed,30056225,30056225,0.000000,enabled
1782985041.355,2026-07-02 09:37:21.357,buffer_pool_pages_free,1899,1899,0.000000,enabled
1782985041.355,2026-07-02 09:37:21.357,buffer_pool_pages_lru_flushed,0,0,0.000000,enabled
1782985041.355,2026-07-02 09:37:21.357,buffer_pool_pages_misc,96,96,0.000000,enabled
1782985041.355,2026-07-02 09:37:21.357,buffer_pool_pages_total,786432,786432,0.000000,enabled
1782985041.355,2026-07-02 09:37:21.357,buffer_pool_reads,91033142,91033142,34773.181214,enabled
1782985041.355,2026-07-02 09:37:21.357,buffer_pool_read_ahead,803715,803715,307.006069,enabled
1782985041.355,2026-07-02 09:37:21.357,buffer_pool_read_ahead_evicted,25,25,0.009550,enabled
1782985041.355,2026-07-02 09:37:21.357,buffer_pool_read_requests,3113851304,3113851304,1189440.601352,enabled
1782985041.355,2026-07-02 09:37:21.357,buffer_pool_size,12884901888,12884901888,0.000000,enabled
1782985041.355,2026-07-02 09:37:21.357,buffer_pool_wait_free,18945,18945,7.236682,enabled
1782985041.355,2026-07-02 09:37:21.357,buffer_pool_write_requests,637174291,637174291,243390.225582,enabled
1782985041.355,2026-07-02 09:37:21.357,dml_deletes,14505478,14505478,5540.856028,enabled
1782985041.355,2026-07-02 09:37:21.357,dml_inserts,114390884,114390884,43695.452140,enabled
1782985041.355,2026-07-02 09:37:21.357,dml_system_deletes,468,468,0.178768,enabled
1782985041.355,2026-07-02 09:37:21.357,dml_system_inserts,1202,1202,0.459144,enabled
1782985041.355,2026-07-02 09:37:21.357,dml_system_reads,7661,7661,2.926377,enabled
1782985041.355,2026-07-02 09:37:21.357,dml_system_updates,620,620,0.236830,enabled
1782985041.355,2026-07-02 09:37:21.357,dml_updates,29011089,29011089,11081.762852,enabled
1782985041.355,2026-07-02 09:37:21.357,file_num_open_files,35,35,0.000000,enabled
1782985041.355,2026-07-02 09:37:21.357,ibuf_merges,0,0,0.000000,enabled
1782985041.355,2026-07-02 09:37:21.357,ibuf_merges_delete,0,0,0.000000,enabled
1782985041.355,2026-07-02 09:37:21.357,ibuf_merges_delete_mark,0,0,0.000000,enabled
1782985041.355,2026-07-02 09:37:21.357,ibuf_merges_discard_delete,0,0,0.000000,enabled
1782985041.355,2026-07-02 09:37:21.357,ibuf_merges_discard_delete_mark,0,0,0.000000,enabled
1782985041.355,2026-07-02 09:37:21.357,ibuf_merges_discard_insert,0,0,0.000000,enabled
1782985041.355,2026-07-02 09:37:21.357,ibuf_merges_insert,0,0,0.000000,enabled
1782985041.355,2026-07-02 09:37:21.357,ibuf_size,1,1,0.000382,enabled
1782985041.355,2026-07-02 09:37:21.357,innodb_activity_count,19574222,19574222,7477.033666,enabled
1782985041.355,2026-07-02 09:37:21.357,innodb_dblwr_pages_written,30053795,30053795,11480.059633,enabled
1782985041.355,2026-07-02 09:37:21.357,innodb_dblwr_writes,624078,624078,238.387620,enabled
1782985041.355,2026-07-02 09:37:21.357,innodb_page_size,16384,16384,0.000000,enabled
1782985041.355,2026-07-02 09:37:21.357,innodb_rwlock_sx_os_waits,0,0,0.000000,enabled
1782985041.355,2026-07-02 09:37:21.357,innodb_rwlock_sx_spin_rounds,0,0,0.000000,enabled
1782985041.355,2026-07-02 09:37:21.357,innodb_rwlock_sx_spin_waits,0,0,0.000000,enabled
1782985041.355,2026-07-02 09:37:21.357,innodb_rwlock_s_os_waits,0,0,0.000000,enabled
1782985041.355,2026-07-02 09:37:21.357,innodb_rwlock_s_spin_rounds,0,0,0.000000,enabled
1782985041.355,2026-07-02 09:37:21.357,innodb_rwlock_s_spin_waits,0,0,0.000000,enabled
1782985041.355,2026-07-02 09:37:21.357,innodb_rwlock_x_os_waits,0,0,0.000000,enabled
1782985041.355,2026-07-02 09:37:21.357,innodb_rwlock_x_spin_rounds,0,0,0.000000,enabled
1782985041.355,2026-07-02 09:37:21.357,innodb_rwlock_x_spin_waits,0,0,0.000000,enabled
1782985041.355,2026-07-02 09:37:21.357,lock_deadlocks,0,0,0.000000,enabled
1782985041.355,2026-07-02 09:37:21.357,lock_deadlock_false_positives,0,0,0.000000,enabled
1782985041.355,2026-07-02 09:37:21.357,lock_deadlock_rounds,2855,2855,1.090564,enabled
1782985041.355,2026-07-02 09:37:21.357,lock_rec_grant_attempts,425,425,0.162343,enabled
1782985041.355,2026-07-02 09:37:21.357,lock_rec_release_attempts,44089753,44089753,16841.569497,enabled
1782985041.355,2026-07-02 09:37:21.357,lock_row_lock_current_waits,0,0,0.000000,enabled
1782985041.355,2026-07-02 09:37:21.357,lock_row_lock_time,323,323,0.123381,enabled
1782985041.355,2026-07-02 09:37:21.357,lock_row_lock_time_avg,0,0,0.000000,enabled
1782985041.355,2026-07-02 09:37:21.357,lock_row_lock_time_max,29,29,0.000000,enabled
1782985041.355,2026-07-02 09:37:21.357,lock_row_lock_waits,425,425,0.162343,enabled
1782985041.355,2026-07-02 09:37:21.357,lock_schedule_refreshes,2855,2855,1.090564,enabled
1782985041.355,2026-07-02 09:37:21.357,lock_threads_waiting,0,0,0.000000,enabled
1782985041.355,2026-07-02 09:37:21.357,lock_timeouts,0,0,0.000000,enabled
1782985041.355,2026-07-02 09:37:21.357,log_waits,0,0,0.000000,enabled
1782985041.355,2026-07-02 09:37:21.357,log_writes,221989420,221989420,84796.342362,enabled
1782985041.355,2026-07-02 09:37:21.357,log_write_requests,431298060,431298060,164748.833426,enabled
1782985041.355,2026-07-02 09:37:21.357,os_data_fsyncs,64594788,64594788,24674.157437,enabled
1782985041.355,2026-07-02 09:37:21.357,os_data_reads,91986981,91986981,35137.529276,enabled
1782985041.355,2026-07-02 09:37:21.357,os_data_writes,252966455,252966455,96629.067671,enabled
1782985041.355,2026-07-02 09:37:21.357,os_log_bytes_written,138493372416,138493372416,52902213.550444,enabled
1782985041.355,2026-07-02 09:37:21.357,os_log_fsyncs,56284576,56284576,21499.791688,enabled
1782985041.355,2026-07-02 09:37:21.357,os_log_pending_fsyncs,1,1,0.000382,enabled
1782985041.355,2026-07-02 09:37:21.357,os_log_pending_writes,1,1,0.000382,enabled
1782985041.355,2026-07-02 09:37:21.357,trx_rseg_history_len,89,89,0.000000,enabled
1782985042.425,2026-07-02 09:37:22.426,adaptive_hash_searches,0,0,0.000000,enabled
1782985042.425,2026-07-02 09:37:22.426,adaptive_hash_searches_btree,645304536,645304536,246395.012374,enabled
1782985042.425,2026-07-02 09:37:22.426,buffer_data_reads,1503136532992,1503136532992,573938913.426381,enabled
1782985042.425,2026-07-02 09:37:22.426,buffer_data_written,669519713792,669519713792,255641060.123858,enabled
1782985042.425,2026-07-02 09:37:22.426,buffer_pages0_read,7,7,0.002673,enabled
1782985042.425,2026-07-02 09:37:22.426,buffer_pages_created,1823701,1823701,696.339258,enabled
1782985042.425,2026-07-02 09:37:22.426,buffer_pages_read,92002884,92002884,35129.234233,enabled
1782985042.425,2026-07-02 09:37:22.426,buffer_pages_written,30131861,30131861,11505.174183,enabled
1782985042.425,2026-07-02 09:37:22.426,buffer_pool_bytes_data,12846776320,12846776320,0.000000,enabled
1782985042.425,2026-07-02 09:37:22.426,buffer_pool_bytes_dirty,4610228224,4610228224,0.000000,enabled
1782985042.425,2026-07-02 09:37:22.426,buffer_pool_pages_data,784105,784105,0.000000,enabled
1782985042.425,2026-07-02 09:37:22.426,buffer_pool_pages_dirty,281386,281386,0.000000,enabled
1782985042.425,2026-07-02 09:37:22.426,buffer_pool_pages_flushed,30072002,30072002,0.000000,enabled
1782985042.425,2026-07-02 09:37:22.426,buffer_pool_pages_free,2231,2231,0.000000,enabled
1782985042.425,2026-07-02 09:37:22.426,buffer_pool_pages_lru_flushed,0,0,0.000000,enabled
1782985042.425,2026-07-02 09:37:22.426,buffer_pool_pages_misc,96,96,0.000000,enabled
1782985042.425,2026-07-02 09:37:22.426,buffer_pool_pages_total,786432,786432,0.000000,enabled
1782985042.425,2026-07-02 09:37:22.426,buffer_pool_reads,91088965,91088965,34780.275792,enabled
1782985042.425,2026-07-02 09:37:22.426,buffer_pool_read_ahead,803715,803715,306.880522,enabled
1782985042.425,2026-07-02 09:37:22.426,buffer_pool_read_ahead_evicted,25,25,0.009546,enabled
1782985042.425,2026-07-02 09:37:22.426,buffer_pool_read_requests,3114661873,3114661873,1189263.687999,enabled
1782985042.425,2026-07-02 09:37:22.426,buffer_pool_size,12884901888,12884901888,0.000000,enabled
1782985042.425,2026-07-02 09:37:22.426,buffer_pool_wait_free,18945,18945,7.233723,enabled
1782985042.425,2026-07-02 09:37:22.426,buffer_pool_write_requests,637281621,637281621,243331.674939,enabled
1782985042.425,2026-07-02 09:37:22.426,dml_deletes,14510231,14510231,5540.404974,enabled
1782985042.425,2026-07-02 09:37:22.426,dml_inserts,114395637,114395637,43679.398124,enabled
1782985042.425,2026-07-02 09:37:22.426,dml_system_deletes,468,468,0.178695,enabled
1782985042.425,2026-07-02 09:37:22.426,dml_system_inserts,1202,1202,0.458957,enabled
1782985042.425,2026-07-02 09:37:22.426,dml_system_reads,7661,7661,2.925180,enabled
1782985042.425,2026-07-02 09:37:22.426,dml_system_updates,620,620,0.236733,enabled
1782985042.425,2026-07-02 09:37:22.426,dml_updates,29020592,29020592,11080.859578,enabled
1782985042.425,2026-07-02 09:37:22.426,file_num_open_files,35,35,0.000000,enabled
1782985042.425,2026-07-02 09:37:22.426,ibuf_merges,0,0,0.000000,enabled
1782985042.425,2026-07-02 09:37:22.426,ibuf_merges_delete,0,0,0.000000,enabled
1782985042.425,2026-07-02 09:37:22.426,ibuf_merges_delete_mark,0,0,0.000000,enabled
1782985042.425,2026-07-02 09:37:22.426,ibuf_merges_discard_delete,0,0,0.000000,enabled
1782985042.425,2026-07-02 09:37:22.426,ibuf_merges_discard_delete_mark,0,0,0.000000,enabled
1782985042.425,2026-07-02 09:37:22.426,ibuf_merges_discard_insert,0,0,0.000000,enabled
1782985042.425,2026-07-02 09:37:22.426,ibuf_merges_insert,0,0,0.000000,enabled
1782985042.425,2026-07-02 09:37:22.426,ibuf_size,1,1,0.000382,enabled
1782985042.425,2026-07-02 09:37:22.426,innodb_activity_count,19579677,19579677,7476.058879,enabled
1782985042.425,2026-07-02 09:37:22.426,innodb_dblwr_pages_written,30071620,30071620,11482.171048,enabled
1782985042.425,2026-07-02 09:37:22.426,innodb_dblwr_writes,624471,624471,238.440192,enabled
1782985042.425,2026-07-02 09:37:22.426,innodb_page_size,16384,16384,0.000000,enabled
1782985042.425,2026-07-02 09:37:22.426,innodb_rwlock_sx_os_waits,0,0,0.000000,enabled
1782985042.425,2026-07-02 09:37:22.426,innodb_rwlock_sx_spin_rounds,0,0,0.000000,enabled
1782985042.425,2026-07-02 09:37:22.426,innodb_rwlock_sx_spin_waits,0,0,0.000000,enabled
1782985042.425,2026-07-02 09:37:22.426,innodb_rwlock_s_os_waits,0,0,0.000000,enabled
1782985042.425,2026-07-02 09:37:22.426,innodb_rwlock_s_spin_rounds,0,0,0.000000,enabled
1782985042.425,2026-07-02 09:37:22.426,innodb_rwlock_s_spin_waits,0,0,0.000000,enabled
1782985042.425,2026-07-02 09:37:22.426,innodb_rwlock_x_os_waits,0,0,0.000000,enabled
1782985042.425,2026-07-02 09:37:22.426,innodb_rwlock_x_spin_rounds,0,0,0.000000,enabled
1782985042.425,2026-07-02 09:37:22.426,innodb_rwlock_x_spin_waits,0,0,0.000000,enabled
1782985042.425,2026-07-02 09:37:22.426,lock_deadlocks,0,0,0.000000,enabled
1782985042.425,2026-07-02 09:37:22.426,lock_deadlock_false_positives,0,0,0.000000,enabled
1782985042.425,2026-07-02 09:37:22.426,lock_deadlock_rounds,2856,2856,1.090499,enabled
1782985042.425,2026-07-02 09:37:22.426,lock_rec_grant_attempts,425,425,0.162277,enabled
1782985042.425,2026-07-02 09:37:22.426,lock_rec_release_attempts,44104197,44104197,16840.197383,enabled
1782985042.425,2026-07-02 09:37:22.426,lock_row_lock_current_waits,0,0,0.000000,enabled
1782985042.425,2026-07-02 09:37:22.426,lock_row_lock_time,323,323,0.123330,enabled
1782985042.425,2026-07-02 09:37:22.426,lock_row_lock_time_avg,0,0,0.000000,enabled
1782985042.425,2026-07-02 09:37:22.426,lock_row_lock_time_max,29,29,0.000000,enabled
1782985042.425,2026-07-02 09:37:22.426,lock_row_lock_waits,425,425,0.162277,enabled
1782985042.425,2026-07-02 09:37:22.426,lock_schedule_refreshes,2856,2856,1.090499,enabled
1782985042.425,2026-07-02 09:37:22.426,lock_threads_waiting,0,0,0.000000,enabled
1782985042.425,2026-07-02 09:37:22.426,lock_timeouts,0,0,0.000000,enabled
1782985042.425,2026-07-02 09:37:22.426,log_waits,0,0,0.000000,enabled
1782985042.425,2026-07-02 09:37:22.426,log_writes,222066871,222066871,84791.239220,enabled
1782985042.425,2026-07-02 09:37:22.426,log_write_requests,431377785,431377785,164711.903359,enabled
1782985042.425,2026-07-02 09:37:22.426,os_data_fsyncs,64627894,64627894,24676.708131,enabled
1782985042.425,2026-07-02 09:37:22.426,os_data_reads,92042691,92042691,35144.431984,enabled
1782985042.425,2026-07-02 09:37:22.426,os_data_writes,253062812,253062812,96626.344592,enabled
1782985042.425,2026-07-02 09:37:22.426,os_log_bytes_written,138533772800,138533772800,52896006.063688,enabled
1782985042.425,2026-07-02 09:37:22.426,os_log_fsyncs,56312639,56312639,21501.714939,enabled
1782985042.425,2026-07-02 09:37:22.426,os_log_pending_fsyncs,1,1,0.000382,enabled
1782985042.425,2026-07-02 09:37:22.426,os_log_pending_writes,0,0,0.000000,enabled
1782985042.425,2026-07-02 09:37:22.426,trx_rseg_history_len,1245,1245,0.000000,enabled
1782985043.495,2026-07-02 09:37:23.496,adaptive_hash_searches,0,0,0.000000,enabled
1782985043.495,2026-07-02 09:37:23.496,adaptive_hash_searches_btree,645471913,645471913,246358.189768,enabled
1782985043.495,2026-07-02 09:37:23.496,buffer_data_reads,1504066734592,1504066734592,574059361.531035,enabled
1782985043.495,2026-07-02 09:37:23.496,buffer_data_written,669838598656,669838598656,255658282.423641,enabled
1782985043.495,2026-07-02 09:37:23.496,buffer_pages0_read,7,7,0.002672,enabled
1782985043.495,2026-07-02 09:37:23.496,buffer_pages_created,1823733,1823733,696.066860,enabled
1782985043.495,2026-07-02 09:37:23.496,buffer_pages_read,92059831,92059831,35136.611081,enabled
1782985043.495,2026-07-02 09:37:23.496,buffer_pages_written,30148541,30148541,11506.838012,enabled
1782985043.495,2026-07-02 09:37:23.496,buffer_pool_bytes_data,12857114624,12857114624,0.000000,enabled
1782985043.495,2026-07-02 09:37:23.496,buffer_pool_bytes_dirty,4605542400,4605542400,0.000000,enabled
1782985043.495,2026-07-02 09:37:23.496,buffer_pool_pages_data,784737,784737,0.000000,enabled
1782985043.495,2026-07-02 09:37:23.496,buffer_pool_pages_dirty,281101,281101,0.000000,enabled
1782985043.495,2026-07-02 09:37:23.496,buffer_pool_pages_flushed,30091452,30091452,0.000000,enabled
1782985043.495,2026-07-02 09:37:23.496,buffer_pool_pages_free,1598,1598,0.000000,enabled
1782985043.495,2026-07-02 09:37:23.496,buffer_pool_pages_lru_flushed,0,0,0.000000,enabled
1782985043.495,2026-07-02 09:37:23.496,buffer_pool_pages_misc,96,96,0.000000,enabled
1782985043.495,2026-07-02 09:37:23.496,buffer_pool_pages_total,786432,786432,0.000000,enabled
1782985043.495,2026-07-02 09:37:23.496,buffer_pool_reads,91145839,91145839,34787.767397,enabled
1782985043.495,2026-07-02 09:37:23.496,buffer_pool_read_ahead,803715,803715,306.755092,enabled
1782985043.495,2026-07-02 09:37:23.496,buffer_pool_read_ahead_evicted,25,25,0.009542,enabled
1782985043.495,2026-07-02 09:37:23.496,buffer_pool_read_requests,3115494462,3115494462,1189095.381950,enabled
1782985043.495,2026-07-02 09:37:23.496,buffer_pool_size,12884901888,12884901888,0.000000,enabled
1782985043.495,2026-07-02 09:37:23.496,buffer_pool_wait_free,18945,18945,7.230766,enabled
1782985043.495,2026-07-02 09:37:23.496,buffer_pool_write_requests,637396761,637396761,243276.164894,enabled
1782985043.495,2026-07-02 09:37:23.496,dml_deletes,14515073,14515073,5539.988575,enabled
1782985043.495,2026-07-02 09:37:23.496,dml_inserts,114400476,114400476,43663.392561,enabled
1782985043.495,2026-07-02 09:37:23.496,dml_system_deletes,468,468,0.178622,enabled
1782985043.495,2026-07-02 09:37:23.496,dml_system_inserts,1202,1202,0.458769,enabled
1782985043.495,2026-07-02 09:37:23.496,dml_system_reads,7661,7661,2.923985,enabled
1782985043.495,2026-07-02 09:37:23.496,dml_system_updates,620,620,0.236636,enabled
1782985043.495,2026-07-02 09:37:23.496,dml_updates,29030274,29030274,11080.025994,enabled
1782985043.495,2026-07-02 09:37:23.496,file_num_open_files,35,35,0.000000,enabled
1782985043.495,2026-07-02 09:37:23.496,ibuf_merges,0,0,0.000000,enabled
1782985043.495,2026-07-02 09:37:23.496,ibuf_merges_delete,0,0,0.000000,enabled
1782985043.495,2026-07-02 09:37:23.496,ibuf_merges_delete_mark,0,0,0.000000,enabled
1782985043.495,2026-07-02 09:37:23.496,ibuf_merges_discard_delete,0,0,0.000000,enabled
1782985043.495,2026-07-02 09:37:23.496,ibuf_merges_discard_delete_mark,0,0,0.000000,enabled
1782985043.495,2026-07-02 09:37:23.496,ibuf_merges_discard_insert,0,0,0.000000,enabled
1782985043.495,2026-07-02 09:37:23.496,ibuf_merges_insert,0,0,0.000000,enabled
1782985043.495,2026-07-02 09:37:23.496,ibuf_size,1,1,0.000382,enabled
1782985043.495,2026-07-02 09:37:23.496,innodb_activity_count,19585242,19585242,7475.127291,enabled
1782985043.495,2026-07-02 09:37:23.496,innodb_dblwr_pages_written,30089022,30089022,11484.119944,enabled
1782985043.495,2026-07-02 09:37:23.496,innodb_dblwr_writes,624774,624774,238.458384,enabled
1782985043.495,2026-07-02 09:37:23.496,innodb_page_size,16384,16384,0.000000,enabled
1782985043.495,2026-07-02 09:37:23.496,innodb_rwlock_sx_os_waits,0,0,0.000000,enabled
1782985043.495,2026-07-02 09:37:23.496,innodb_rwlock_sx_spin_rounds,0,0,0.000000,enabled
1782985043.495,2026-07-02 09:37:23.496,innodb_rwlock_sx_spin_waits,0,0,0.000000,enabled
1782985043.495,2026-07-02 09:37:23.496,innodb_rwlock_s_os_waits,0,0,0.000000,enabled
1782985043.495,2026-07-02 09:37:23.496,innodb_rwlock_s_spin_rounds,0,0,0.000000,enabled
1782985043.495,2026-07-02 09:37:23.496,innodb_rwlock_s_spin_waits,0,0,0.000000,enabled
1782985043.495,2026-07-02 09:37:23.496,innodb_rwlock_x_os_waits,0,0,0.000000,enabled
1782985043.495,2026-07-02 09:37:23.496,innodb_rwlock_x_spin_rounds,0,0,0.000000,enabled
1782985043.495,2026-07-02 09:37:23.496,innodb_rwlock_x_spin_waits,0,0,0.000000,enabled
1782985043.495,2026-07-02 09:37:23.496,lock_deadlocks,0,0,0.000000,enabled
1782985043.495,2026-07-02 09:37:23.496,lock_deadlock_false_positives,0,0,0.000000,enabled
1782985043.495,2026-07-02 09:37:23.496,lock_deadlock_rounds,2857,2857,1.090435,enabled
1782985043.495,2026-07-02 09:37:23.496,lock_rec_grant_attempts,425,425,0.162210,enabled
1782985043.495,2026-07-02 09:37:23.496,lock_rec_release_attempts,44118928,44118928,16838.936777,enabled
1782985043.495,2026-07-02 09:37:23.496,lock_row_lock_current_waits,0,0,0.000000,enabled
1782985043.495,2026-07-02 09:37:23.496,lock_row_lock_time,323,323,0.123280,enabled
1782985043.495,2026-07-02 09:37:23.496,lock_row_lock_time_avg,0,0,0.000000,enabled
1782985043.495,2026-07-02 09:37:23.496,lock_row_lock_time_max,29,29,0.000000,enabled
1782985043.495,2026-07-02 09:37:23.496,lock_row_lock_waits,425,425,0.162210,enabled
1782985043.495,2026-07-02 09:37:23.496,lock_schedule_refreshes,2857,2857,1.090435,enabled
1782985043.495,2026-07-02 09:37:23.496,lock_threads_waiting,0,0,0.000000,enabled
1782985043.495,2026-07-02 09:37:23.496,lock_timeouts,0,0,0.000000,enabled
1782985043.495,2026-07-02 09:37:23.496,log_waits,0,0,0.000000,enabled
1782985043.495,2026-07-02 09:37:23.496,log_writes,222147043,222147043,84787.182259,enabled
1782985043.495,2026-07-02 09:37:23.496,log_write_requests,431461273,431461273,164676.446348,enabled
1782985043.495,2026-07-02 09:37:23.496,os_data_fsyncs,64661938,64661938,24679.615728,enabled
1782985043.495,2026-07-02 09:37:23.496,os_data_reads,92099484,92099484,35151.743778,enabled
1782985043.495,2026-07-02 09:37:23.496,os_data_writes,253159850,253159850,96623.887453,enabled
1782985043.495,2026-07-02 09:37:23.496,os_log_bytes_written,138575556608,138575556608,52890333.731429,enabled
1782985043.495,2026-07-02 09:37:23.496,os_log_fsyncs,56342152,56342152,21504.190877,enabled
1782985043.495,2026-07-02 09:37:23.496,os_log_pending_fsyncs,1,1,0.000382,enabled
1782985043.495,2026-07-02 09:37:23.496,os_log_pending_writes,0,0,0.000000,enabled
1782985043.495,2026-07-02 09:37:23.496,trx_rseg_history_len,48,48,0.000000,enabled
1782985044.566,2026-07-02 09:37:24.567,adaptive_hash_searches,0,0,0.000000,enabled
1782985044.566,2026-07-02 09:37:24.567,adaptive_hash_searches_btree,645640161,645640161,246321.652455,enabled
1782985044.566,2026-07-02 09:37:24.567,buffer_data_reads,1505002441216,1505002441216,574181638.228700,enabled
1782985044.566,2026-07-02 09:37:24.567,buffer_data_written,670150478336,670150478336,255672740.968438,enabled
1782985044.566,2026-07-02 09:37:24.567,buffer_pages0_read,7,7,0.002671,enabled
1782985044.566,2026-07-02 09:37:24.567,buffer_pages_created,1823766,1823766,695.794856,enabled
1782985044.566,2026-07-02 09:37:24.567,buffer_pages_read,92117071,92117071,35144.083079,enabled
1782985044.566,2026-07-02 09:37:24.567,buffer_pages_written,30164677,30164677,11508.289462,enabled
1782985044.566,2026-07-02 09:37:24.567,buffer_pool_bytes_data,12862455808,12862455808,0.000000,enabled
1782985044.566,2026-07-02 09:37:24.567,buffer_pool_bytes_dirty,4609802240,4609802240,0.000000,enabled
1782985044.566,2026-07-02 09:37:24.567,buffer_pool_pages_data,785063,785063,0.000000,enabled
1782985044.566,2026-07-02 09:37:24.567,buffer_pool_pages_dirty,281360,281360,0.000000,enabled
1782985044.566,2026-07-02 09:37:24.567,buffer_pool_pages_flushed,30107607,30107607,0.000000,enabled
1782985044.566,2026-07-02 09:37:24.567,buffer_pool_pages_free,1273,1273,0.000000,enabled
1782985044.566,2026-07-02 09:37:24.567,buffer_pool_pages_lru_flushed,0,0,0.000000,enabled
1782985044.566,2026-07-02 09:37:24.567,buffer_pool_pages_misc,97,97,0.000000,enabled
1782985044.566,2026-07-02 09:37:24.567,buffer_pool_pages_total,786432,786432,0.000000,enabled
1782985044.566,2026-07-02 09:37:24.567,buffer_pool_reads,91203009,91203009,34795.355326,enabled
1782985044.566,2026-07-02 09:37:24.567,buffer_pool_read_ahead,803715,803715,306.629672,enabled
1782985044.566,2026-07-02 09:37:24.567,buffer_pool_read_ahead_evicted,25,25,0.009538,enabled
1782985044.566,2026-07-02 09:37:24.567,buffer_pool_read_requests,3116327117,3116327117,1188926.879642,enabled
1782985044.566,2026-07-02 09:37:24.567,buffer_pool_size,12884901888,12884901888,0.000000,enabled
1782985044.566,2026-07-02 09:37:24.567,buffer_pool_wait_free,18945,18945,7.227810,enabled
1782985044.566,2026-07-02 09:37:24.567,buffer_pool_write_requests,637508879,637508879,243219.473858,enabled
1782985044.566,2026-07-02 09:37:24.567,dml_deletes,14519946,14519946,5539.582623,enabled
1782985044.566,2026-07-02 09:37:24.567,dml_inserts,114405352,114405352,43647.400639,enabled
1782985044.566,2026-07-02 09:37:24.567,dml_system_deletes,468,468,0.178549,enabled
1782985044.566,2026-07-02 09:37:24.567,dml_system_inserts,1202,1202,0.458581,enabled
1782985044.566,2026-07-02 09:37:24.567,dml_system_reads,7661,7661,2.922789,enabled
1782985044.566,2026-07-02 09:37:24.567,dml_system_updates,620,620,0.236540,enabled
1782985044.566,2026-07-02 09:37:24.567,dml_updates,29040018,29040018,11079.213308,enabled
1782985044.566,2026-07-02 09:37:24.567,file_num_open_files,35,35,0.000000,enabled
1782985044.566,2026-07-02 09:37:24.567,ibuf_merges,0,0,0.000000,enabled
1782985044.566,2026-07-02 09:37:24.567,ibuf_merges_delete,0,0,0.000000,enabled
1782985044.566,2026-07-02 09:37:24.567,ibuf_merges_delete_mark,0,0,0.000000,enabled
1782985044.566,2026-07-02 09:37:24.567,ibuf_merges_discard_delete,0,0,0.000000,enabled
1782985044.566,2026-07-02 09:37:24.567,ibuf_merges_discard_delete_mark,0,0,0.000000,enabled
1782985044.566,2026-07-02 09:37:24.567,ibuf_merges_discard_insert,0,0,0.000000,enabled
1782985044.566,2026-07-02 09:37:24.567,ibuf_merges_insert,0,0,0.000000,enabled
1782985044.566,2026-07-02 09:37:24.567,ibuf_size,1,1,0.000382,enabled
1782985044.566,2026-07-02 09:37:24.567,innodb_activity_count,19590847,19590847,7474.209399,enabled
1782985044.566,2026-07-02 09:37:24.567,innodb_dblwr_pages_written,30105177,30105177,11485.587928,enabled
1782985044.566,2026-07-02 09:37:24.567,innodb_dblwr_writes,625133,625133,238.497852,enabled
1782985044.566,2026-07-02 09:37:24.567,innodb_page_size,16384,16384,0.000000,enabled
1782985044.566,2026-07-02 09:37:24.567,innodb_rwlock_sx_os_waits,0,0,0.000000,enabled
1782985044.566,2026-07-02 09:37:24.567,innodb_rwlock_sx_spin_rounds,0,0,0.000000,enabled
1782985044.566,2026-07-02 09:37:24.567,innodb_rwlock_sx_spin_waits,0,0,0.000000,enabled
1782985044.566,2026-07-02 09:37:24.567,innodb_rwlock_s_os_waits,0,0,0.000000,enabled
1782985044.566,2026-07-02 09:37:24.567,innodb_rwlock_s_spin_rounds,0,0,0.000000,enabled
1782985044.566,2026-07-02 09:37:24.567,innodb_rwlock_s_spin_waits,0,0,0.000000,enabled
1782985044.566,2026-07-02 09:37:24.567,innodb_rwlock_x_os_waits,0,0,0.000000,enabled
1782985044.566,2026-07-02 09:37:24.567,innodb_rwlock_x_spin_rounds,0,0,0.000000,enabled
1782985044.566,2026-07-02 09:37:24.567,innodb_rwlock_x_spin_waits,0,0,0.000000,enabled
1782985044.566,2026-07-02 09:37:24.567,lock_deadlocks,0,0,0.000000,enabled
1782985044.566,2026-07-02 09:37:24.567,lock_deadlock_false_positives,0,0,0.000000,enabled
1782985044.566,2026-07-02 09:37:24.567,lock_deadlock_rounds,2858,2858,1.090371,enabled
1782985044.566,2026-07-02 09:37:24.567,lock_rec_grant_attempts,425,425,0.162144,enabled
1782985044.566,2026-07-02 09:37:24.567,lock_rec_release_attempts,44133766,44133766,16837.712923,enabled
1782985044.566,2026-07-02 09:37:24.567,lock_row_lock_current_waits,0,0,0.000000,enabled
1782985044.566,2026-07-02 09:37:24.567,lock_row_lock_time,323,323,0.123229,enabled
1782985044.566,2026-07-02 09:37:24.567,lock_row_lock_time_avg,0,0,0.000000,enabled
1782985044.566,2026-07-02 09:37:24.567,lock_row_lock_time_max,29,29,0.000000,enabled
1782985044.566,2026-07-02 09:37:24.567,lock_row_lock_waits,425,425,0.162144,enabled
1782985044.566,2026-07-02 09:37:24.567,lock_schedule_refreshes,2858,2858,1.090371,enabled
1782985044.566,2026-07-02 09:37:24.567,lock_threads_waiting,0,0,0.000000,enabled
1782985044.566,2026-07-02 09:37:24.567,lock_timeouts,0,0,0.000000,enabled
1782985044.566,2026-07-02 09:37:24.567,log_waits,0,0,0.000000,enabled
1782985044.566,2026-07-02 09:37:24.567,log_writes,222227018,222227018,84783.027664,enabled
1782985044.566,2026-07-02 09:37:24.567,log_write_requests,431544009,431544009,164640.681424,enabled
1782985044.566,2026-07-02 09:37:24.567,os_data_fsyncs,64695924,64695924,24682.491378,enabled
1782985044.566,2026-07-02 09:37:24.567,os_data_reads,92156552,92156552,35159.143921,enabled
1782985044.566,2026-07-02 09:37:24.567,os_data_writes,253256209,253256209,96621.144151,enabled
1782985044.566,2026-07-02 09:37:24.567,os_log_bytes_written,138617184768,138617184768,52884590.730784,enabled
1782985044.566,2026-07-02 09:37:24.567,os_log_fsyncs,56371290,56371290,21506.515255,enabled
1782985044.566,2026-07-02 09:37:24.567,os_log_pending_fsyncs,1,1,0.000382,enabled
1782985044.566,2026-07-02 09:37:24.567,os_log_pending_writes,0,0,0.000000,enabled
1782985044.566,2026-07-02 09:37:24.567,trx_rseg_history_len,98,98,0.000000,enabled
1782985045.638,2026-07-02 09:37:25.640,adaptive_hash_searches,0,0,0.000000,enabled
1782985045.638,2026-07-02 09:37:25.640,adaptive_hash_searches_btree,645809503,645809503,246285.707563,enabled
1782985045.638,2026-07-02 09:37:25.640,buffer_data_reads,1505943276032,1505943276032,574306107.062972,enabled
1782985045.638,2026-07-02 09:37:25.640,buffer_data_written,670465590784,670465590784,255688570.222241,enabled
1782985045.638,2026-07-02 09:37:25.640,buffer_pages0_read,7,7,0.002670,enabled
1782985045.638,2026-07-02 09:37:25.640,buffer_pages_created,1823800,1823800,695.523863,enabled
1782985045.638,2026-07-02 09:37:25.640,buffer_pages_read,92174659,92174659,35151.702260,enabled
1782985045.638,2026-07-02 09:37:25.640,buffer_pages_written,30180946,30180946,11509.797184,enabled
1782985045.638,2026-07-02 09:37:25.640,buffer_pool_bytes_data,12852215808,12852215808,0.000000,enabled
1782985045.638,2026-07-02 09:37:25.640,buffer_pool_bytes_dirty,4613226496,4613226496,0.000000,enabled
1782985045.638,2026-07-02 09:37:25.640,buffer_pool_pages_data,784437,784437,0.000000,enabled
1782985045.638,2026-07-02 09:37:25.640,buffer_pool_pages_dirty,281569,281569,0.000000,enabled
1782985045.638,2026-07-02 09:37:25.640,buffer_pool_pages_flushed,30123876,30123876,0.000000,enabled
1782985045.638,2026-07-02 09:37:25.640,buffer_pool_pages_free,1899,1899,0.000000,enabled
1782985045.638,2026-07-02 09:37:25.640,buffer_pool_pages_lru_flushed,0,0,0.000000,enabled
1782985045.638,2026-07-02 09:37:25.640,buffer_pool_pages_misc,96,96,0.000000,enabled
1782985045.638,2026-07-02 09:37:25.640,buffer_pool_pages_total,786432,786432,0.000000,enabled
1782985045.638,2026-07-02 09:37:25.640,buffer_pool_reads,91260541,91260541,34803.095511,enabled
1782985045.638,2026-07-02 09:37:25.640,buffer_pool_read_ahead,803715,803715,306.504534,enabled
1782985045.638,2026-07-02 09:37:25.640,buffer_pool_read_ahead_evicted,25,25,0.009534,enabled
1782985045.638,2026-07-02 09:37:25.640,buffer_pool_read_requests,3117165975,3117165975,1188761.576304,enabled
1782985045.638,2026-07-02 09:37:25.640,buffer_pool_size,12884901888,12884901888,0.000000,enabled
1782985045.638,2026-07-02 09:37:25.640,buffer_pool_wait_free,18945,18945,7.224860,enabled
1782985045.638,2026-07-02 09:37:25.640,buffer_pool_write_requests,637622380,637622380,243163.498865,enabled
1782985045.638,2026-07-02 09:37:25.640,dml_deletes,14524839,14524839,5539.187864,enabled
1782985045.638,2026-07-02 09:37:25.640,dml_inserts,114410244,114410244,43631.453374,enabled
1782985045.638,2026-07-02 09:37:25.640,dml_system_deletes,468,468,0.178476,enabled
1782985045.638,2026-07-02 09:37:25.640,dml_system_inserts,1202,1202,0.458394,enabled
1782985045.638,2026-07-02 09:37:25.640,dml_system_reads,7661,7661,2.921596,enabled
1782985045.638,2026-07-02 09:37:25.640,dml_system_updates,620,620,0.236443,enabled
1782985045.638,2026-07-02 09:37:25.640,dml_updates,29049808,29049808,11078.425294,enabled
1782985045.638,2026-07-02 09:37:25.640,file_num_open_files,35,35,0.000000,enabled
1782985045.638,2026-07-02 09:37:25.640,ibuf_merges,0,0,0.000000,enabled
1782985045.638,2026-07-02 09:37:25.640,ibuf_merges_delete,0,0,0.000000,enabled
1782985045.638,2026-07-02 09:37:25.640,ibuf_merges_delete_mark,0,0,0.000000,enabled
1782985045.638,2026-07-02 09:37:25.640,ibuf_merges_discard_delete,0,0,0.000000,enabled
1782985045.638,2026-07-02 09:37:25.640,ibuf_merges_discard_delete_mark,0,0,0.000000,enabled
1782985045.638,2026-07-02 09:37:25.640,ibuf_merges_discard_insert,0,0,0.000000,enabled
1782985045.638,2026-07-02 09:37:25.640,ibuf_merges_insert,0,0,0.000000,enabled
1782985045.638,2026-07-02 09:37:25.640,ibuf_size,1,1,0.000381,enabled
1782985045.638,2026-07-02 09:37:25.640,innodb_activity_count,19596467,19596467,7473.302370,enabled
1782985045.638,2026-07-02 09:37:25.640,innodb_dblwr_pages_written,30121446,30121446,11487.104918,enabled
1782985045.638,2026-07-02 09:37:25.640,innodb_dblwr_writes,625510,625510,238.544292,enabled
1782985045.638,2026-07-02 09:37:25.640,innodb_page_size,16384,16384,0.000000,enabled
1782985045.638,2026-07-02 09:37:25.640,innodb_rwlock_sx_os_waits,0,0,0.000000,enabled
1782985045.638,2026-07-02 09:37:25.640,innodb_rwlock_sx_spin_rounds,0,0,0.000000,enabled
1782985045.638,2026-07-02 09:37:25.640,innodb_rwlock_sx_spin_waits,0,0,0.000000,enabled
1782985045.638,2026-07-02 09:37:25.640,innodb_rwlock_s_os_waits,0,0,0.000000,enabled
1782985045.638,2026-07-02 09:37:25.640,innodb_rwlock_s_spin_rounds,0,0,0.000000,enabled
1782985045.638,2026-07-02 09:37:25.640,innodb_rwlock_s_spin_waits,0,0,0.000000,enabled
1782985045.638,2026-07-02 09:37:25.640,innodb_rwlock_x_os_waits,0,0,0.000000,enabled
1782985045.638,2026-07-02 09:37:25.640,innodb_rwlock_x_spin_rounds,0,0,0.000000,enabled
1782985045.638,2026-07-02 09:37:25.640,innodb_rwlock_x_spin_waits,0,0,0.000000,enabled
1782985045.638,2026-07-02 09:37:25.640,lock_deadlocks,0,0,0.000000,enabled
1782985045.638,2026-07-02 09:37:25.640,lock_deadlock_false_positives,0,0,0.000000,enabled
1782985045.638,2026-07-02 09:37:25.640,lock_deadlock_rounds,2859,2859,1.090307,enabled
1782985045.638,2026-07-02 09:37:25.640,lock_rec_grant_attempts,425,425,0.162078,enabled
1782985045.638,2026-07-02 09:37:25.640,lock_rec_release_attempts,44148637,44148637,16836.512592,enabled
1782985045.638,2026-07-02 09:37:25.640,lock_row_lock_current_waits,0,0,0.000000,enabled
1782985045.638,2026-07-02 09:37:25.640,lock_row_lock_time,323,323,0.123179,enabled
1782985045.638,2026-07-02 09:37:25.640,lock_row_lock_time_avg,0,0,0.000000,enabled
1782985045.638,2026-07-02 09:37:25.640,lock_row_lock_time_max,29,29,0.000000,enabled
1782985045.638,2026-07-02 09:37:25.640,lock_row_lock_waits,425,425,0.162078,enabled
1782985045.638,2026-07-02 09:37:25.640,lock_schedule_refreshes,2859,2859,1.090307,enabled
1782985045.638,2026-07-02 09:37:25.640,lock_threads_waiting,0,0,0.000000,enabled
1782985045.638,2026-07-02 09:37:25.640,lock_timeouts,0,0,0.000000,enabled
1782985045.638,2026-07-02 09:37:25.640,log_waits,0,0,0.000000,enabled
1782985045.638,2026-07-02 09:37:25.640,log_writes,222308027,222308027,84779.320959,enabled
1782985045.638,2026-07-02 09:37:25.640,log_write_requests,431627183,431627183,164605.210143,enabled
1782985045.638,2026-07-02 09:37:25.640,os_data_fsyncs,64730291,64730291,24685.524505,enabled
1782985045.638,2026-07-02 09:37:25.640,os_data_reads,92213978,92213978,35166.695232,enabled
1782985045.638,2026-07-02 09:37:25.640,os_data_writes,253353758,253353758,96618.913775,enabled
1782985045.638,2026-07-02 09:37:25.640,os_log_bytes_written,138659521024,138659521024,52879153.584845,enabled
1782985045.638,2026-07-02 09:37:25.640,os_log_fsyncs,56400584,56400584,21508.909880,enabled
1782985045.638,2026-07-02 09:37:25.640,os_log_pending_fsyncs,1,1,0.000381,enabled
1782985045.638,2026-07-02 09:37:25.640,os_log_pending_writes,0,0,0.000000,enabled
1782985045.638,2026-07-02 09:37:25.640,trx_rseg_history_len,157,157,0.000000,enabled
1782985046.708,2026-07-02 09:37:26.710,adaptive_hash_searches,0,0,0.000000,enabled
1782985046.708,2026-07-02 09:37:26.710,adaptive_hash_searches_btree,645977330,645977330,246249.289937,enabled
1782985046.708,2026-07-02 09:37:26.710,buffer_data_reads,1506878917120,1506878917120,574428677.282864,enabled
1782985046.708,2026-07-02 09:37:26.710,buffer_data_written,670775576064,670775576064,255702513.499098,enabled
1782985046.708,2026-07-02 09:37:26.710,buffer_pages0_read,7,7,0.002668,enabled
1782985046.708,2026-07-02 09:37:26.710,buffer_pages_created,1823832,1823832,695.252551,enabled
1782985046.708,2026-07-02 09:37:26.710,buffer_pages_read,92231910,92231910,35159.197959,enabled
1782985046.708,2026-07-02 09:37:26.710,buffer_pages_written,30196959,30196959,11511.209758,enabled
1782985046.708,2026-07-02 09:37:26.710,buffer_pool_bytes_data,12854231040,12854231040,0.000000,enabled
1782985046.708,2026-07-02 09:37:26.710,buffer_pool_bytes_dirty,4620632064,4620632064,0.000000,enabled
1782985046.708,2026-07-02 09:37:26.710,buffer_pool_pages_data,784560,784560,0.000000,enabled
1782985046.708,2026-07-02 09:37:26.710,buffer_pool_pages_dirty,282021,282021,0.000000,enabled
1782985046.708,2026-07-02 09:37:26.710,buffer_pool_pages_flushed,30139889,30139889,0.000000,enabled
1782985046.708,2026-07-02 09:37:26.710,buffer_pool_pages_free,1776,1776,0.000000,enabled
1782985046.708,2026-07-02 09:37:26.710,buffer_pool_pages_lru_flushed,0,0,0.000000,enabled
1782985046.708,2026-07-02 09:37:26.710,buffer_pool_pages_misc,96,96,0.000000,enabled
1782985046.708,2026-07-02 09:37:26.710,buffer_pool_pages_total,786432,786432,0.000000,enabled
1782985046.708,2026-07-02 09:37:26.710,buffer_pool_reads,91317740,91317740,34810.713452,enabled
1782985046.708,2026-07-02 09:37:26.710,buffer_pool_read_ahead,803715,803715,306.379596,enabled
1782985046.708,2026-07-02 09:37:26.710,buffer_pool_read_ahead_evicted,25,25,0.009530,enabled
1782985046.708,2026-07-02 09:37:26.710,buffer_pool_read_requests,3117997039,3117997039,1188593.814964,enabled
1782985046.708,2026-07-02 09:37:26.710,buffer_pool_size,12884901888,12884901888,0.000000,enabled
1782985046.708,2026-07-02 09:37:26.710,buffer_pool_wait_free,18945,18945,7.221915,enabled
1782985046.708,2026-07-02 09:37:26.710,buffer_pool_write_requests,637734854,637734854,243107.255430,enabled
1782985046.708,2026-07-02 09:37:26.710,dml_deletes,14529697,14529697,5538.781804,enabled
1782985046.708,2026-07-02 09:37:26.710,dml_inserts,114415102,114415102,43615.519694,enabled
1782985046.708,2026-07-02 09:37:26.710,dml_system_deletes,468,468,0.178404,enabled
1782985046.708,2026-07-02 09:37:26.710,dml_system_inserts,1202,1202,0.458207,enabled
1782985046.708,2026-07-02 09:37:26.710,dml_system_reads,7661,7661,2.920406,enabled
1782985046.708,2026-07-02 09:37:26.710,dml_system_updates,620,620,0.236347,enabled
1782985046.708,2026-07-02 09:37:26.710,dml_updates,29059519,29059519,11077.611250,enabled
1782985046.708,2026-07-02 09:37:26.710,file_num_open_files,35,35,0.000000,enabled
1782985046.708,2026-07-02 09:37:26.710,ibuf_merges,0,0,0.000000,enabled
1782985046.708,2026-07-02 09:37:26.710,ibuf_merges_delete,0,0,0.000000,enabled
1782985046.708,2026-07-02 09:37:26.710,ibuf_merges_delete_mark,0,0,0.000000,enabled
1782985046.708,2026-07-02 09:37:26.710,ibuf_merges_discard_delete,0,0,0.000000,enabled
1782985046.708,2026-07-02 09:37:26.710,ibuf_merges_discard_delete_mark,0,0,0.000000,enabled
1782985046.708,2026-07-02 09:37:26.710,ibuf_merges_discard_insert,0,0,0.000000,enabled
1782985046.708,2026-07-02 09:37:26.710,ibuf_merges_insert,0,0,0.000000,enabled
1782985046.708,2026-07-02 09:37:26.710,ibuf_size,1,1,0.000381,enabled
1782985046.708,2026-07-02 09:37:26.710,innodb_activity_count,19602045,19602045,7472.382368,enabled
1782985046.708,2026-07-02 09:37:26.710,innodb_dblwr_pages_written,30137459,30137459,11488.526627,enabled
1782985046.708,2026-07-02 09:37:26.710,innodb_dblwr_writes,625877,625877,238.586955,enabled
1782985046.708,2026-07-02 09:37:26.710,innodb_page_size,16384,16384,0.000000,enabled
1782985046.708,2026-07-02 09:37:26.710,innodb_rwlock_sx_os_waits,0,0,0.000000,enabled
1782985046.708,2026-07-02 09:37:26.710,innodb_rwlock_sx_spin_rounds,0,0,0.000000,enabled
1782985046.708,2026-07-02 09:37:26.710,innodb_rwlock_sx_spin_waits,0,0,0.000000,enabled
1782985046.708,2026-07-02 09:37:26.710,innodb_rwlock_s_os_waits,0,0,0.000000,enabled
1782985046.708,2026-07-02 09:37:26.710,innodb_rwlock_s_spin_rounds,0,0,0.000000,enabled
1782985046.708,2026-07-02 09:37:26.710,innodb_rwlock_s_spin_waits,0,0,0.000000,enabled
1782985046.708,2026-07-02 09:37:26.710,innodb_rwlock_x_os_waits,0,0,0.000000,enabled
1782985046.708,2026-07-02 09:37:26.710,innodb_rwlock_x_spin_rounds,0,0,0.000000,enabled
1782985046.708,2026-07-02 09:37:26.710,innodb_rwlock_x_spin_waits,0,0,0.000000,enabled
1782985046.708,2026-07-02 09:37:26.710,lock_deadlocks,0,0,0.000000,enabled
1782985046.708,2026-07-02 09:37:26.710,lock_deadlock_false_positives,0,0,0.000000,enabled
1782985046.708,2026-07-02 09:37:26.710,lock_deadlock_rounds,2860,2860,1.090244,enabled
1782985046.708,2026-07-02 09:37:26.710,lock_rec_grant_attempts,425,425,0.162012,enabled
1782985046.708,2026-07-02 09:37:26.710,lock_rec_release_attempts,44163393,44163393,16835.274666,enabled
1782985046.708,2026-07-02 09:37:26.710,lock_row_lock_current_waits,0,0,0.000000,enabled
1782985046.708,2026-07-02 09:37:26.710,lock_row_lock_time,323,323,0.123129,enabled
1782985046.708,2026-07-02 09:37:26.710,lock_row_lock_time_avg,0,0,0.000000,enabled
1782985046.708,2026-07-02 09:37:26.710,lock_row_lock_time_max,29,29,0.000000,enabled
1782985046.708,2026-07-02 09:37:26.710,lock_row_lock_waits,425,425,0.162012,enabled
1782985046.708,2026-07-02 09:37:26.710,lock_schedule_refreshes,2860,2860,1.090244,enabled
1782985046.708,2026-07-02 09:37:26.710,lock_threads_waiting,0,0,0.000000,enabled
1782985046.708,2026-07-02 09:37:26.710,lock_timeouts,0,0,0.000000,enabled
1782985046.708,2026-07-02 09:37:26.710,log_waits,0,0,0.000000,enabled
1782985046.708,2026-07-02 09:37:26.710,log_writes,222387535,222387535,84775.071358,enabled
1782985046.708,2026-07-02 09:37:26.710,log_write_requests,431709641,431709641,164569.545894,enabled
1782985046.708,2026-07-02 09:37:26.710,os_data_fsyncs,64763774,64763774,24688.225907,enabled
1782985046.708,2026-07-02 09:37:26.710,os_data_reads,92271081,92271081,35174.128291,enabled
1782985046.708,2026-07-02 09:37:26.710,os_data_writes,253449536,253449536,96616.040384,enabled
1782985046.708,2026-07-02 09:37:26.710,os_log_bytes_written,138700901376,138700901376,52873373.022160,enabled
1782985046.708,2026-07-02 09:37:26.710,os_log_fsyncs,56428978,56428978,21510.966198,enabled
1782985046.708,2026-07-02 09:37:26.710,os_log_pending_fsyncs,0,0,0.000000,enabled
1782985046.708,2026-07-02 09:37:26.710,os_log_pending_writes,0,0,0.000000,enabled
1782985046.708,2026-07-02 09:37:26.710,trx_rseg_history_len,218,218,0.000000,enabled
1782985047.777,2026-07-02 09:37:27.779,adaptive_hash_searches,0,0,0.000000,enabled
1782985047.777,2026-07-02 09:37:27.779,adaptive_hash_searches_btree,646145553,646145553,246212.790169,enabled
1782985047.777,2026-07-02 09:37:27.779,buffer_data_reads,1507809298944,1507809298944,574548524.227981,enabled
1782985047.777,2026-07-02 09:37:27.779,buffer_data_written,671085530624,671085530624,255716158.073219,enabled
1782985047.777,2026-07-02 09:37:27.779,buffer_pages0_read,7,7,0.002667,enabled
1782985047.777,2026-07-02 09:37:27.779,buffer_pages_created,1823864,1823864,694.980710,enabled
1782985047.777,2026-07-02 09:37:27.779,buffer_pages_read,92288871,92288871,35166.539135,enabled
1782985047.777,2026-07-02 09:37:27.779,buffer_pages_written,30212978,30212978,11512.611052,enabled
1782985047.777,2026-07-02 09:37:27.779,buffer_pool_bytes_data,12847448064,12847448064,0.000000,enabled
1782985047.777,2026-07-02 09:37:27.779,buffer_pool_bytes_dirty,4629151744,4629151744,0.000000,enabled
1782985047.777,2026-07-02 09:37:27.779,buffer_pool_pages_data,784146,784146,0.000000,enabled
1782985047.777,2026-07-02 09:37:27.779,buffer_pool_pages_dirty,282541,282541,0.000000,enabled
1782985047.777,2026-07-02 09:37:27.779,buffer_pool_pages_flushed,30155908,30155908,0.000000,enabled
1782985047.777,2026-07-02 09:37:27.779,buffer_pool_pages_free,2189,2189,0.000000,enabled
1782985047.777,2026-07-02 09:37:27.779,buffer_pool_pages_lru_flushed,0,0,0.000000,enabled
1782985047.777,2026-07-02 09:37:27.779,buffer_pool_pages_misc,98,98,0.000000,enabled
1782985047.777,2026-07-02 09:37:27.779,buffer_pool_pages_total,786432,786432,0.000000,enabled
1782985047.777,2026-07-02 09:37:27.779,buffer_pool_reads,91374637,91374637,34818.172692,enabled
1782985047.777,2026-07-02 09:37:27.779,buffer_pool_read_ahead,803715,803715,306.254430,enabled
1782985047.777,2026-07-02 09:37:27.779,buffer_pool_read_ahead_evicted,25,25,0.009526,enabled
1782985047.777,2026-07-02 09:37:27.779,buffer_pool_read_requests,3118830246,3118830246,1188425.728200,enabled
1782985047.777,2026-07-02 09:37:27.779,buffer_pool_size,12884901888,12884901888,0.000000,enabled
1782985047.777,2026-07-02 09:37:27.779,buffer_pool_wait_free,18945,18945,7.218965,enabled
1782985047.777,2026-07-02 09:37:27.779,buffer_pool_write_requests,637847774,637847774,243050.966222,enabled
1782985047.777,2026-07-02 09:37:27.779,dml_deletes,14534561,14534561,5538.372450,enabled
1782985047.777,2026-07-02 09:37:27.779,dml_inserts,114419966,114419966,43599.554739,enabled
1782985047.777,2026-07-02 09:37:27.779,dml_system_deletes,468,468,0.178331,enabled
1782985047.777,2026-07-02 09:37:27.779,dml_system_inserts,1202,1202,0.458020,enabled
1782985047.777,2026-07-02 09:37:27.779,dml_system_reads,7661,7661,2.919212,enabled
1782985047.777,2026-07-02 09:37:27.779,dml_system_updates,620,620,0.236250,enabled
1782985047.777,2026-07-02 09:37:27.779,dml_updates,29069251,29069251,11076.794047,enabled
1782985047.777,2026-07-02 09:37:27.779,file_num_open_files,35,35,0.000000,enabled
1782985047.777,2026-07-02 09:37:27.779,ibuf_merges,0,0,0.000000,enabled
1782985047.777,2026-07-02 09:37:27.779,ibuf_merges_delete,0,0,0.000000,enabled
1782985047.777,2026-07-02 09:37:27.779,ibuf_merges_delete_mark,0,0,0.000000,enabled
1782985047.777,2026-07-02 09:37:27.779,ibuf_merges_discard_delete,0,0,0.000000,enabled
1782985047.777,2026-07-02 09:37:27.779,ibuf_merges_discard_delete_mark,0,0,0.000000,enabled
1782985047.777,2026-07-02 09:37:27.779,ibuf_merges_discard_insert,0,0,0.000000,enabled
1782985047.777,2026-07-02 09:37:27.779,ibuf_merges_insert,0,0,0.000000,enabled
1782985047.777,2026-07-02 09:37:27.779,ibuf_size,1,1,0.000381,enabled
1782985047.777,2026-07-02 09:37:27.779,innodb_activity_count,19607640,19607640,7471.461623,enabled
1782985047.777,2026-07-02 09:37:27.779,innodb_dblwr_pages_written,30153478,30153478,11489.937209,enabled
1782985047.777,2026-07-02 09:37:27.779,innodb_dblwr_writes,626226,626226,238.622471,enabled
1782985047.777,2026-07-02 09:37:27.779,innodb_page_size,16384,16384,0.000000,enabled
1782985047.777,2026-07-02 09:37:27.779,innodb_rwlock_sx_os_waits,0,0,0.000000,enabled
1782985047.777,2026-07-02 09:37:27.779,innodb_rwlock_sx_spin_rounds,0,0,0.000000,enabled
1782985047.777,2026-07-02 09:37:27.779,innodb_rwlock_sx_spin_waits,0,0,0.000000,enabled
1782985047.777,2026-07-02 09:37:27.779,innodb_rwlock_s_os_waits,0,0,0.000000,enabled
1782985047.777,2026-07-02 09:37:27.779,innodb_rwlock_s_spin_rounds,0,0,0.000000,enabled
1782985047.777,2026-07-02 09:37:27.779,innodb_rwlock_s_spin_waits,0,0,0.000000,enabled
1782985047.777,2026-07-02 09:37:27.779,innodb_rwlock_x_os_waits,0,0,0.000000,enabled
1782985047.777,2026-07-02 09:37:27.779,innodb_rwlock_x_spin_rounds,0,0,0.000000,enabled
1782985047.777,2026-07-02 09:37:27.779,innodb_rwlock_x_spin_waits,0,0,0.000000,enabled
1782985047.777,2026-07-02 09:37:27.779,lock_deadlocks,0,0,0.000000,enabled
1782985047.777,2026-07-02 09:37:27.779,lock_deadlock_false_positives,0,0,0.000000,enabled
1782985047.777,2026-07-02 09:37:27.779,lock_deadlock_rounds,2861,2861,1.090180,enabled
1782985047.777,2026-07-02 09:37:27.779,lock_rec_grant_attempts,425,425,0.161946,enabled
1782985047.777,2026-07-02 09:37:27.779,lock_rec_release_attempts,44178192,44178192,16834.036064,enabled
1782985047.777,2026-07-02 09:37:27.779,lock_row_lock_current_waits,0,0,0.000000,enabled
1782985047.777,2026-07-02 09:37:27.779,lock_row_lock_time,323,323,0.123079,enabled
1782985047.777,2026-07-02 09:37:27.779,lock_row_lock_time_avg,0,0,0.000000,enabled
1782985047.777,2026-07-02 09:37:27.779,lock_row_lock_time_max,29,29,0.000000,enabled
1782985047.777,2026-07-02 09:37:27.779,lock_row_lock_waits,425,425,0.161946,enabled
1782985047.777,2026-07-02 09:37:27.779,lock_schedule_refreshes,2861,2861,1.090180,enabled
1782985047.777,2026-07-02 09:37:27.779,lock_threads_waiting,0,0,0.000000,enabled
1782985047.777,2026-07-02 09:37:27.779,lock_timeouts,0,0,0.000000,enabled
1782985047.777,2026-07-02 09:37:27.779,log_waits,0,0,0.000000,enabled
1782985047.777,2026-07-02 09:37:27.779,log_writes,222466674,222466674,84770.593644,enabled
1782985047.777,2026-07-02 09:37:27.779,log_write_requests,431792410,431792410,164533.852597,enabled
1782985047.777,2026-07-02 09:37:27.779,os_data_fsyncs,64797358,64797358,24690.937025,enabled
1782985047.777,2026-07-02 09:37:27.779,os_data_reads,92327874,92327874,35181.399298,enabled
1782985047.777,2026-07-02 09:37:27.779,os_data_writes,253544954,253544954,96612.928203,enabled
1782985047.777,2026-07-02 09:37:27.779,os_log_bytes_written,138742142464,138742142464,52867487.232085,enabled
1782985047.777,2026-07-02 09:37:27.779,os_log_fsyncs,56457611,56457611,21513.088769,enabled
1782985047.777,2026-07-02 09:37:27.779,os_log_pending_fsyncs,0,0,0.000000,enabled
1782985047.777,2026-07-02 09:37:27.779,os_log_pending_writes,0,0,0.000000,enabled
1782985047.777,2026-07-02 09:37:27.779,trx_rseg_history_len,250,250,0.000000,enabled
1782985048.850,2026-07-02 09:37:28.851,adaptive_hash_searches,0,0,0.000000,enabled
1782985048.850,2026-07-02 09:37:28.851,adaptive_hash_searches_btree,646313577,646313577,246176.284248,enabled
1782985048.850,2026-07-02 09:37:28.851,buffer_data_reads,1508738812416,1508738812416,574668041.025093,enabled
1782985048.850,2026-07-02 09:37:28.851,buffer_data_written,671390069248,671390069248,255727772.375752,enabled
1782985048.850,2026-07-02 09:37:28.851,buffer_pages0_read,7,7,0.002666,enabled
1782985048.850,2026-07-02 09:37:28.851,buffer_pages_created,1823903,1823903,694.711877,enabled
1782985048.850,2026-07-02 09:37:28.851,buffer_pages_read,92345749,92345749,35173.848734,enabled
1782985048.850,2026-07-02 09:37:28.851,buffer_pages_written,30228633,30228633,11513.874536,enabled
1782985048.850,2026-07-02 09:37:28.851,buffer_pool_bytes_data,12852166656,12852166656,0.000000,enabled
1782985048.850,2026-07-02 09:37:28.851,buffer_pool_bytes_dirty,4639457280,4639457280,0.000000,enabled
1782985048.850,2026-07-02 09:37:28.851,buffer_pool_pages_data,784434,784434,0.000000,enabled
1782985048.850,2026-07-02 09:37:28.851,buffer_pool_pages_dirty,283170,283170,0.000000,enabled
1782985048.850,2026-07-02 09:37:28.851,buffer_pool_pages_flushed,30171563,30171563,0.000000,enabled
1782985048.850,2026-07-02 09:37:28.851,buffer_pool_pages_free,1902,1902,0.000000,enabled
1782985048.850,2026-07-02 09:37:28.851,buffer_pool_pages_lru_flushed,0,0,0.000000,enabled
1782985048.850,2026-07-02 09:37:28.851,buffer_pool_pages_misc,96,96,0.000000,enabled
1782985048.850,2026-07-02 09:37:28.851,buffer_pool_pages_total,786432,786432,0.000000,enabled
1782985048.850,2026-07-02 09:37:28.851,buffer_pool_reads,91431466,91431466,34825.605793,enabled
1782985048.850,2026-07-02 09:37:28.851,buffer_pool_read_ahead,803715,803715,306.129418,enabled
1782985048.850,2026-07-02 09:37:28.851,buffer_pool_read_ahead_evicted,25,25,0.009522,enabled
1782985048.850,2026-07-02 09:37:28.851,buffer_pool_read_requests,3119662169,3119662169,1188257.491528,enabled
1782985048.850,2026-07-02 09:37:28.851,buffer_pool_size,12884901888,12884901888,0.000000,enabled
1782985048.850,2026-07-02 09:37:28.851,buffer_pool_wait_free,18945,18945,7.216018,enabled
1782985048.850,2026-07-02 09:37:28.851,buffer_pool_write_requests,637960404,637960404,242994.653831,enabled
1782985048.850,2026-07-02 09:37:28.851,dml_deletes,14539421,14539421,5537.962799,enabled
1782985048.850,2026-07-02 09:37:28.851,dml_inserts,114424825,114424825,43583.607953,enabled
1782985048.850,2026-07-02 09:37:28.851,dml_system_deletes,468,468,0.178258,enabled
1782985048.850,2026-07-02 09:37:28.851,dml_system_inserts,1202,1202,0.457833,enabled
1782985048.850,2026-07-02 09:37:28.851,dml_system_reads,7661,7661,2.918021,enabled
1782985048.850,2026-07-02 09:37:28.851,dml_system_updates,620,620,0.236154,enabled
1782985048.850,2026-07-02 09:37:28.851,dml_updates,29078971,29078971,11075.974726,enabled
1782985048.850,2026-07-02 09:37:28.851,file_num_open_files,35,35,0.000000,enabled
1782985048.850,2026-07-02 09:37:28.851,ibuf_merges,0,0,0.000000,enabled
1782985048.850,2026-07-02 09:37:28.851,ibuf_merges_delete,0,0,0.000000,enabled
1782985048.850,2026-07-02 09:37:28.851,ibuf_merges_delete_mark,0,0,0.000000,enabled
1782985048.850,2026-07-02 09:37:28.851,ibuf_merges_discard_delete,0,0,0.000000,enabled
1782985048.850,2026-07-02 09:37:28.851,ibuf_merges_discard_delete_mark,0,0,0.000000,enabled
1782985048.850,2026-07-02 09:37:28.851,ibuf_merges_discard_insert,0,0,0.000000,enabled
1782985048.850,2026-07-02 09:37:28.851,ibuf_merges_insert,0,0,0.000000,enabled
1782985048.850,2026-07-02 09:37:28.851,ibuf_size,1,1,0.000381,enabled
1782985048.850,2026-07-02 09:37:28.851,innodb_activity_count,19613230,19613230,7470.540928,enabled
1782985048.850,2026-07-02 09:37:28.851,innodb_dblwr_pages_written,30169133,30169133,11491.209837,enabled
1782985048.850,2026-07-02 09:37:28.851,innodb_dblwr_writes,626576,626576,238.658376,enabled
1782985048.850,2026-07-02 09:37:28.851,innodb_page_size,16384,16384,0.000000,enabled
1782985048.850,2026-07-02 09:37:28.851,innodb_rwlock_sx_os_waits,0,0,0.000000,enabled
1782985048.850,2026-07-02 09:37:28.851,innodb_rwlock_sx_spin_rounds,0,0,0.000000,enabled
1782985048.850,2026-07-02 09:37:28.851,innodb_rwlock_sx_spin_waits,0,0,0.000000,enabled
1782985048.850,2026-07-02 09:37:28.851,innodb_rwlock_s_os_waits,0,0,0.000000,enabled
1782985048.850,2026-07-02 09:37:28.851,innodb_rwlock_s_spin_rounds,0,0,0.000000,enabled
1782985048.850,2026-07-02 09:37:28.851,innodb_rwlock_s_spin_waits,0,0,0.000000,enabled
1782985048.850,2026-07-02 09:37:28.851,innodb_rwlock_x_os_waits,0,0,0.000000,enabled
1782985048.850,2026-07-02 09:37:28.851,innodb_rwlock_x_spin_rounds,0,0,0.000000,enabled
1782985048.850,2026-07-02 09:37:28.851,innodb_rwlock_x_spin_waits,0,0,0.000000,enabled
1782985048.850,2026-07-02 09:37:28.851,lock_deadlocks,0,0,0.000000,enabled
1782985048.850,2026-07-02 09:37:28.851,lock_deadlock_false_positives,0,0,0.000000,enabled
1782985048.850,2026-07-02 09:37:28.851,lock_deadlock_rounds,2862,2862,1.090116,enabled
1782985048.850,2026-07-02 09:37:28.851,lock_rec_grant_attempts,425,425,0.161880,enabled
1782985048.850,2026-07-02 09:37:28.851,lock_rec_release_attempts,44192957,44192957,16832.788438,enabled
1782985048.850,2026-07-02 09:37:28.851,lock_row_lock_current_waits,0,0,0.000000,enabled
1782985048.850,2026-07-02 09:37:28.851,lock_row_lock_time,323,323,0.123028,enabled
1782985048.850,2026-07-02 09:37:28.851,lock_row_lock_time_avg,0,0,0.000000,enabled
1782985048.850,2026-07-02 09:37:28.851,lock_row_lock_time_max,29,29,0.000000,enabled
1782985048.850,2026-07-02 09:37:28.851,lock_row_lock_waits,425,425,0.161880,enabled
1782985048.850,2026-07-02 09:37:28.851,lock_schedule_refreshes,2862,2862,1.090116,enabled
1782985048.850,2026-07-02 09:37:28.851,lock_threads_waiting,0,0,0.000000,enabled
1782985048.850,2026-07-02 09:37:28.851,lock_timeouts,0,0,0.000000,enabled
1782985048.850,2026-07-02 09:37:28.851,log_waits,0,0,0.000000,enabled
1782985048.850,2026-07-02 09:37:28.851,log_writes,222546548,222546548,84766.413393,enabled
1782985048.850,2026-07-02 09:37:28.851,log_write_requests,431875014,431875014,164498.152497,enabled
1782985048.850,2026-07-02 09:37:28.851,os_data_fsyncs,64830917,64830917,24693.640547,enabled
1782985048.850,2026-07-02 09:37:28.851,os_data_reads,92384577,92384577,35188.635996,enabled
1782985048.850,2026-07-02 09:37:28.851,os_data_writes,253640769,253640769,96609.985979,enabled
1782985048.850,2026-07-02 09:37:28.851,os_log_bytes_written,138783872000,138783872000,52861801.156988,enabled
1782985048.850,2026-07-02 09:37:28.851,os_log_fsyncs,56486224,56486224,21515.205590,enabled
1782985048.850,2026-07-02 09:37:28.851,os_log_pending_fsyncs,1,1,0.000381,enabled
1782985048.850,2026-07-02 09:37:28.851,os_log_pending_writes,0,0,0.000000,enabled
1782985048.850,2026-07-02 09:37:28.851,trx_rseg_history_len,300,300,0.000000,enabled
1782985049.921,2026-07-02 09:37:29.922,adaptive_hash_searches,0,0,0.000000,enabled
1782985049.921,2026-07-02 09:37:29.922,adaptive_hash_searches_btree,646480231,646480231,246139.411468,enabled
1782985049.921,2026-07-02 09:37:29.922,buffer_data_reads,1509662345728,1509662345728,574785475.166977,enabled
1782985049.921,2026-07-02 09:37:29.922,buffer_data_written,671701330432,671701330432,255742066.540291,enabled
1782985049.921,2026-07-02 09:37:29.922,buffer_pages0_read,7,7,0.002665,enabled
1782985049.921,2026-07-02 09:37:29.922,buffer_pages_created,1823932,1823932,694.439808,enabled
1782985049.921,2026-07-02 09:37:29.922,buffer_pages_read,92402268,92402268,35181.033530,enabled
1782985049.921,2026-07-02 09:37:29.922,buffer_pages_written,30244749,30244749,11515.318345,enabled
1782985049.921,2026-07-02 09:37:29.922,buffer_pool_bytes_data,12851281920,12851281920,0.000000,enabled
1782985049.921,2026-07-02 09:37:29.922,buffer_pool_bytes_dirty,4642504704,4642504704,0.000000,enabled
1782985049.921,2026-07-02 09:37:29.922,buffer_pool_pages_data,784382,784382,0.000000,enabled
1782985049.921,2026-07-02 09:37:29.922,buffer_pool_pages_dirty,283356,283356,0.000000,enabled
1782985049.921,2026-07-02 09:37:29.922,buffer_pool_pages_flushed,30187679,30187679,0.000000,enabled
1782985049.921,2026-07-02 09:37:29.922,buffer_pool_pages_free,1959,1959,0.000000,enabled
1782985049.921,2026-07-02 09:37:29.922,buffer_pool_pages_lru_flushed,0,0,0.000000,enabled
1782985049.921,2026-07-02 09:37:29.922,buffer_pool_pages_misc,96,96,0.000000,enabled
1782985049.921,2026-07-02 09:37:29.922,buffer_pool_pages_total,786432,786432,0.000000,enabled
1782985049.921,2026-07-02 09:37:29.922,buffer_pool_reads,91487928,91487928,34832.910834,enabled
1782985049.921,2026-07-02 09:37:29.922,buffer_pool_read_ahead,803715,803715,306.004664,enabled
1782985049.921,2026-07-02 09:37:29.922,buffer_pool_read_ahead_evicted,25,25,0.009518,enabled
1782985049.921,2026-07-02 09:37:29.922,buffer_pool_read_requests,3120487215,3120487215,1188087.376207,enabled
1782985049.921,2026-07-02 09:37:29.922,buffer_pool_size,12884901888,12884901888,0.000000,enabled
1782985049.921,2026-07-02 09:37:29.922,buffer_pool_wait_free,18945,18945,7.213077,enabled
1782985049.921,2026-07-02 09:37:29.922,buffer_pool_write_requests,638071383,638071383,242937.881957,enabled
1782985049.921,2026-07-02 09:37:29.922,dml_deletes,14544254,14544254,5537.546012,enabled
1782985049.921,2026-07-02 09:37:29.922,dml_inserts,114429659,114429659,43567.686758,enabled
1782985049.921,2026-07-02 09:37:29.922,dml_system_deletes,468,468,0.178185,enabled
1782985049.921,2026-07-02 09:37:29.922,dml_system_inserts,1202,1202,0.457647,enabled
1782985049.921,2026-07-02 09:37:29.922,dml_system_reads,7661,7661,2.916832,enabled
1782985049.921,2026-07-02 09:37:29.922,dml_system_updates,620,620,0.236057,enabled
1782985049.921,2026-07-02 09:37:29.922,dml_updates,29088637,29088637,11075.141128,enabled
1782985049.921,2026-07-02 09:37:29.922,file_num_open_files,35,35,0.000000,enabled
1782985049.921,2026-07-02 09:37:29.922,ibuf_merges,0,0,0.000000,enabled
1782985049.921,2026-07-02 09:37:29.922,ibuf_merges_delete,0,0,0.000000,enabled
1782985049.921,2026-07-02 09:37:29.922,ibuf_merges_delete_mark,0,0,0.000000,enabled
1782985049.921,2026-07-02 09:37:29.922,ibuf_merges_discard_delete,0,0,0.000000,enabled
1782985049.921,2026-07-02 09:37:29.922,ibuf_merges_discard_delete_mark,0,0,0.000000,enabled
1782985049.921,2026-07-02 09:37:29.922,ibuf_merges_discard_insert,0,0,0.000000,enabled
1782985049.921,2026-07-02 09:37:29.922,ibuf_merges_insert,0,0,0.000000,enabled
1782985049.921,2026-07-02 09:37:29.922,ibuf_size,1,1,0.000381,enabled
1782985049.921,2026-07-02 09:37:29.922,innodb_activity_count,19618786,19618786,7469.611834,enabled
1782985049.921,2026-07-02 09:37:29.922,innodb_dblwr_pages_written,30185249,30185249,11492.662785,enabled
1782985049.921,2026-07-02 09:37:29.922,innodb_dblwr_writes,626920,626920,238.692090,enabled
1782985049.921,2026-07-02 09:37:29.922,innodb_page_size,16384,16384,0.000000,enabled
1782985049.921,2026-07-02 09:37:29.922,innodb_rwlock_sx_os_waits,0,0,0.000000,enabled
1782985049.921,2026-07-02 09:37:29.922,innodb_rwlock_sx_spin_rounds,0,0,0.000000,enabled
1782985049.921,2026-07-02 09:37:29.922,innodb_rwlock_sx_spin_waits,0,0,0.000000,enabled
1782985049.921,2026-07-02 09:37:29.922,innodb_rwlock_s_os_waits,0,0,0.000000,enabled
1782985049.921,2026-07-02 09:37:29.922,innodb_rwlock_s_spin_rounds,0,0,0.000000,enabled
1782985049.921,2026-07-02 09:37:29.922,innodb_rwlock_s_spin_waits,0,0,0.000000,enabled
1782985049.921,2026-07-02 09:37:29.922,innodb_rwlock_x_os_waits,0,0,0.000000,enabled
1782985049.921,2026-07-02 09:37:29.922,innodb_rwlock_x_spin_rounds,0,0,0.000000,enabled
1782985049.921,2026-07-02 09:37:29.922,innodb_rwlock_x_spin_waits,0,0,0.000000,enabled
1782985049.921,2026-07-02 09:37:29.922,lock_deadlocks,0,0,0.000000,enabled
1782985049.921,2026-07-02 09:37:29.922,lock_deadlock_false_positives,0,0,0.000000,enabled
1782985049.921,2026-07-02 09:37:29.922,lock_deadlock_rounds,2863,2863,1.090052,enabled
1782985049.921,2026-07-02 09:37:29.922,lock_rec_grant_attempts,425,425,0.161814,enabled
1782985049.921,2026-07-02 09:37:29.922,lock_rec_release_attempts,44207654,44207654,16831.524342,enabled
1782985049.921,2026-07-02 09:37:29.922,lock_row_lock_current_waits,0,0,0.000000,enabled
1782985049.921,2026-07-02 09:37:29.922,lock_row_lock_time,323,323,0.122978,enabled
1782985049.921,2026-07-02 09:37:29.922,lock_row_lock_time_avg,0,0,0.000000,enabled
1782985049.921,2026-07-02 09:37:29.922,lock_row_lock_time_max,29,29,0.000000,enabled
1782985049.921,2026-07-02 09:37:29.922,lock_row_lock_waits,425,425,0.161814,enabled
1782985049.921,2026-07-02 09:37:29.922,lock_schedule_refreshes,2863,2863,1.090052,enabled
1782985049.921,2026-07-02 09:37:29.922,lock_threads_waiting,0,0,0.000000,enabled
1782985049.921,2026-07-02 09:37:29.922,lock_timeouts,0,0,0.000000,enabled
1782985049.921,2026-07-02 09:37:29.922,log_waits,0,0,0.000000,enabled
1782985049.921,2026-07-02 09:37:29.922,log_writes,222626644,222626644,84762.364248,enabled
1782985049.921,2026-07-02 09:37:29.922,log_write_requests,431957104,431957104,164462.369631,enabled
1782985049.921,2026-07-02 09:37:29.922,os_data_fsyncs,64864175,64864175,24696.239784,enabled
1782985049.921,2026-07-02 09:37:29.922,os_data_reads,92440930,92440930,35195.751382,enabled
1782985049.921,2026-07-02 09:37:29.922,os_data_writes,253737217,253737217,96607.336146,enabled
1782985049.921,2026-07-02 09:37:29.922,os_log_bytes_written,138825577984,138825577984,52856137.554038,enabled
1782985049.921,2026-07-02 09:37:29.922,os_log_fsyncs,56514706,56514706,21517.281725,enabled
1782985049.921,2026-07-02 09:37:29.922,os_log_pending_fsyncs,0,0,0.000000,enabled
1782985049.921,2026-07-02 09:37:29.922,os_log_pending_writes,0,0,0.000000,enabled
1782985049.921,2026-07-02 09:37:29.922,trx_rseg_history_len,320,320,0.000000,enabled
1782985050.992,2026-07-02 09:37:30.993,adaptive_hash_searches,0,0,0.000000,enabled
1782985050.992,2026-07-02 09:37:30.993,adaptive_hash_searches_btree,646646954,646646954,246102.761756,enabled
1782985050.992,2026-07-02 09:37:30.993,buffer_data_reads,1510586632704,1510586632704,574903469.304333,enabled
1782985050.992,2026-07-02 09:37:30.993,buffer_data_written,672008826880,672008826880,255755080.441678,enabled
1782985050.992,2026-07-02 09:37:30.993,buffer_pages0_read,7,7,0.002664,enabled
1782985050.992,2026-07-02 09:37:30.993,buffer_pages_created,1823966,1823966,694.170309,enabled
1782985050.992,2026-07-02 09:37:30.993,buffer_pages_read,92458837,92458837,35188.254081,enabled
1782985050.992,2026-07-02 09:37:30.993,buffer_pages_written,30260616,30260616,11516.673604,enabled
1782985050.992,2026-07-02 09:37:30.993,buffer_pool_bytes_data,12860489728,12860489728,0.000000,enabled
1782985050.992,2026-07-02 09:37:30.993,buffer_pool_bytes_dirty,4647452672,4647452672,0.000000,enabled
1782985050.992,2026-07-02 09:37:30.993,buffer_pool_pages_data,784943,784943,0.000000,enabled
1782985050.992,2026-07-02 09:37:30.993,buffer_pool_pages_dirty,283658,283658,0.000000,enabled
1782985050.992,2026-07-02 09:37:30.993,buffer_pool_pages_flushed,30203484,30203484,0.000000,enabled
1782985050.992,2026-07-02 09:37:30.993,buffer_pool_pages_free,1393,1393,0.000000,enabled
1782985050.992,2026-07-02 09:37:30.993,buffer_pool_pages_lru_flushed,0,0,0.000000,enabled
1782985050.992,2026-07-02 09:37:30.993,buffer_pool_pages_misc,98,98,0.000000,enabled
1782985050.992,2026-07-02 09:37:30.993,buffer_pool_pages_total,786432,786432,0.000000,enabled
1782985050.992,2026-07-02 09:37:30.993,buffer_pool_reads,91544450,91544450,34840.255021,enabled
1782985050.992,2026-07-02 09:37:30.993,buffer_pool_read_ahead,803715,803715,305.880207,enabled
1782985050.992,2026-07-02 09:37:30.993,buffer_pool_read_ahead_evicted,25,25,0.009515,enabled
1782985050.992,2026-07-02 09:37:30.993,buffer_pool_read_requests,3121312998,3121312998,1187918.441731,enabled
1782985050.992,2026-07-02 09:37:30.993,buffer_pool_size,12884901888,12884901888,0.000000,enabled
1782985050.992,2026-07-02 09:37:30.993,buffer_pool_wait_free,18945,18945,7.210144,enabled
1782985050.992,2026-07-02 09:37:30.993,buffer_pool_write_requests,638183107,638183107,242881.595678,enabled
1782985050.992,2026-07-02 09:37:30.993,dml_deletes,14549064,14549064,5537.124593,enabled
1782985050.992,2026-07-02 09:37:30.993,dml_inserts,114434468,114434468,43551.798769,enabled
1782985050.992,2026-07-02 09:37:30.993,dml_system_deletes,468,468,0.178113,enabled
1782985050.992,2026-07-02 09:37:30.993,dml_system_inserts,1202,1202,0.457461,enabled
1782985050.992,2026-07-02 09:37:30.993,dml_system_reads,7661,7661,2.915645,enabled
1782985050.992,2026-07-02 09:37:30.993,dml_system_updates,620,620,0.235961,enabled
1782985050.992,2026-07-02 09:37:30.993,dml_updates,29098260,29098260,11074.299414,enabled
1782985050.992,2026-07-02 09:37:30.993,file_num_open_files,35,35,0.000000,enabled
1782985050.992,2026-07-02 09:37:30.993,ibuf_merges,0,0,0.000000,enabled
1782985050.992,2026-07-02 09:37:30.993,ibuf_merges_delete,0,0,0.000000,enabled
1782985050.992,2026-07-02 09:37:30.993,ibuf_merges_delete_mark,0,0,0.000000,enabled
1782985050.992,2026-07-02 09:37:30.993,ibuf_merges_discard_delete,0,0,0.000000,enabled
1782985050.992,2026-07-02 09:37:30.993,ibuf_merges_discard_delete_mark,0,0,0.000000,enabled
1782985050.992,2026-07-02 09:37:30.993,ibuf_merges_discard_insert,0,0,0.000000,enabled
1782985050.992,2026-07-02 09:37:30.993,ibuf_merges_insert,0,0,0.000000,enabled
1782985050.992,2026-07-02 09:37:30.993,ibuf_size,1,1,0.000381,enabled
1782985050.992,2026-07-02 09:37:30.993,innodb_activity_count,19624308,19624308,7468.675634,enabled
1782985050.992,2026-07-02 09:37:30.993,innodb_dblwr_pages_written,30201117,30201117,11494.027993,enabled
1782985050.992,2026-07-02 09:37:30.993,innodb_dblwr_writes,627271,627271,238.728602,enabled
1782985050.992,2026-07-02 09:37:30.993,innodb_page_size,16384,16384,0.000000,enabled
1782985050.992,2026-07-02 09:37:30.993,innodb_rwlock_sx_os_waits,0,0,0.000000,enabled
1782985050.992,2026-07-02 09:37:30.993,innodb_rwlock_sx_spin_rounds,0,0,0.000000,enabled
1782985050.992,2026-07-02 09:37:30.993,innodb_rwlock_sx_spin_waits,0,0,0.000000,enabled
1782985050.992,2026-07-02 09:37:30.993,innodb_rwlock_s_os_waits,0,0,0.000000,enabled
1782985050.992,2026-07-02 09:37:30.993,innodb_rwlock_s_spin_rounds,0,0,0.000000,enabled
1782985050.992,2026-07-02 09:37:30.993,innodb_rwlock_s_spin_waits,0,0,0.000000,enabled
1782985050.992,2026-07-02 09:37:30.993,innodb_rwlock_x_os_waits,0,0,0.000000,enabled
1782985050.992,2026-07-02 09:37:30.993,innodb_rwlock_x_spin_rounds,0,0,0.000000,enabled
1782985050.992,2026-07-02 09:37:30.993,innodb_rwlock_x_spin_waits,0,0,0.000000,enabled
1782985050.992,2026-07-02 09:37:30.993,lock_deadlocks,0,0,0.000000,enabled
1782985050.992,2026-07-02 09:37:30.993,lock_deadlock_false_positives,0,0,0.000000,enabled
1782985050.992,2026-07-02 09:37:30.993,lock_deadlock_rounds,2864,2864,1.089990,enabled
1782985050.992,2026-07-02 09:37:30.993,lock_rec_grant_attempts,425,425,0.161748,enabled
1782985050.992,2026-07-02 09:37:30.993,lock_rec_release_attempts,44222296,44222296,16830.251137,enabled
1782985050.992,2026-07-02 09:37:30.993,lock_row_lock_current_waits,0,0,0.000000,enabled
1782985050.992,2026-07-02 09:37:30.993,lock_row_lock_time,323,323,0.122928,enabled
1782985050.992,2026-07-02 09:37:30.993,lock_row_lock_time_avg,0,0,0.000000,enabled
1782985050.992,2026-07-02 09:37:30.993,lock_row_lock_time_max,29,29,0.000000,enabled
1782985050.992,2026-07-02 09:37:30.993,lock_row_lock_waits,425,425,0.161748,enabled
1782985050.992,2026-07-02 09:37:30.993,lock_schedule_refreshes,2864,2864,1.089990,enabled
1782985050.992,2026-07-02 09:37:30.993,lock_threads_waiting,0,0,0.000000,enabled
1782985050.992,2026-07-02 09:37:30.993,lock_timeouts,0,0,0.000000,enabled
1782985050.992,2026-07-02 09:37:30.993,log_waits,0,0,0.000000,enabled
1782985050.992,2026-07-02 09:37:30.993,log_writes,222706251,222706251,84758.189091,enabled
1782985050.992,2026-07-02 09:37:30.993,log_write_requests,432038969,432038969,164426.640401,enabled
1782985050.992,2026-07-02 09:37:30.993,os_data_fsyncs,64897467,64897467,24698.866252,enabled
1782985050.992,2026-07-02 09:37:30.993,os_data_reads,92497344,92497344,35202.907543,enabled
1782985050.992,2026-07-02 09:37:30.993,os_data_writes,253832963,253832963,96604.485459,enabled
1782985050.992,2026-07-02 09:37:30.993,os_log_bytes_written,138866963456,138866963456,52850391.715525,enabled
1782985050.992,2026-07-02 09:37:30.993,os_log_fsyncs,56543126,56543126,21519.346877,enabled
1782985050.992,2026-07-02 09:37:30.993,os_log_pending_fsyncs,1,1,0.000381,enabled
1782985050.992,2026-07-02 09:37:30.993,os_log_pending_writes,0,0,0.000000,enabled
1782985050.992,2026-07-02 09:37:30.993,trx_rseg_history_len,347,347,0.000000,enabled
1782985052.060,2026-07-02 09:37:32.061,adaptive_hash_searches,0,0,0.000000,enabled
1782985052.060,2026-07-02 09:37:32.061,adaptive_hash_searches_btree,646813393,646813393,246065.729800,enabled
1782985052.060,2026-07-02 09:37:32.061,buffer_data_reads,1511516178944,1511516178944,575022676.776161,enabled
1782985052.060,2026-07-02 09:37:32.061,buffer_data_written,672321212928,672321212928,255769636.240541,enabled
1782985052.060,2026-07-02 09:37:32.061,buffer_pages0_read,7,7,0.002663,enabled
1782985052.060,2026-07-02 09:37:32.061,buffer_pages_created,1823993,1823993,693.897531,enabled
1782985052.060,2026-07-02 09:37:32.061,buffer_pages_read,92515726,92515726,35195.548172,enabled
1782985052.060,2026-07-02 09:37:32.061,buffer_pages_written,30276810,30276810,11518.138309,enabled
1782985052.060,2026-07-02 09:37:32.061,buffer_pool_bytes_data,12853460992,12853460992,0.000000,enabled
1782985052.060,2026-07-02 09:37:32.061,buffer_pool_bytes_dirty,4649631744,4649631744,0.000000,enabled
1782985052.060,2026-07-02 09:37:32.061,buffer_pool_pages_data,784514,784514,0.000000,enabled
1782985052.060,2026-07-02 09:37:32.061,buffer_pool_pages_dirty,283791,283791,0.000000,enabled
1782985052.060,2026-07-02 09:37:32.061,buffer_pool_pages_flushed,30219740,30219740,0.000000,enabled
1782985052.060,2026-07-02 09:37:32.061,buffer_pool_pages_free,1826,1826,0.000000,enabled
1782985052.060,2026-07-02 09:37:32.061,buffer_pool_pages_lru_flushed,0,0,0.000000,enabled
1782985052.060,2026-07-02 09:37:32.061,buffer_pool_pages_misc,96,96,0.000000,enabled
1782985052.060,2026-07-02 09:37:32.061,buffer_pool_pages_total,786432,786432,0.000000,enabled
1782985052.060,2026-07-02 09:37:32.061,buffer_pool_reads,91601288,91601288,34847.671670,enabled
1782985052.060,2026-07-02 09:37:32.061,buffer_pool_read_ahead,803715,803715,305.755484,enabled
1782985052.060,2026-07-02 09:37:32.061,buffer_pool_read_ahead_evicted,25,25,0.009511,enabled
1782985052.060,2026-07-02 09:37:32.061,buffer_pool_read_requests,3122137466,3122137466,1187747.718177,enabled
1782985052.060,2026-07-02 09:37:32.061,buffer_pool_size,12884901888,12884901888,0.000000,enabled
1782985052.060,2026-07-02 09:37:32.061,buffer_pool_wait_free,18945,18945,7.207204,enabled
1782985052.060,2026-07-02 09:37:32.061,buffer_pool_write_requests,638294767,638294767,242825.039160,enabled
1782985052.060,2026-07-02 09:37:32.061,dml_deletes,14553885,14553885,5536.700834,enabled
1782985052.060,2026-07-02 09:37:32.061,dml_inserts,114439290,114439290,43535.874635,enabled
1782985052.060,2026-07-02 09:37:32.061,dml_system_deletes,468,468,0.178040,enabled
1782985052.060,2026-07-02 09:37:32.061,dml_system_inserts,1202,1202,0.457274,enabled
1782985052.060,2026-07-02 09:37:32.061,dml_system_reads,7661,7661,2.914457,enabled
1782985052.060,2026-07-02 09:37:32.061,dml_system_updates,620,620,0.235865,enabled
1782985052.060,2026-07-02 09:37:32.061,dml_updates,29107901,29107901,11073.451495,enabled
1782985052.060,2026-07-02 09:37:32.061,file_num_open_files,35,35,0.000000,enabled
1782985052.060,2026-07-02 09:37:32.061,ibuf_merges,0,0,0.000000,enabled
1782985052.060,2026-07-02 09:37:32.061,ibuf_merges_delete,0,0,0.000000,enabled
1782985052.060,2026-07-02 09:37:32.061,ibuf_merges_delete_mark,0,0,0.000000,enabled
1782985052.060,2026-07-02 09:37:32.061,ibuf_merges_discard_delete,0,0,0.000000,enabled
1782985052.060,2026-07-02 09:37:32.061,ibuf_merges_discard_delete_mark,0,0,0.000000,enabled
1782985052.060,2026-07-02 09:37:32.061,ibuf_merges_discard_insert,0,0,0.000000,enabled
1782985052.060,2026-07-02 09:37:32.061,ibuf_merges_insert,0,0,0.000000,enabled
1782985052.060,2026-07-02 09:37:32.061,ibuf_size,1,1,0.000380,enabled
1782985052.060,2026-07-02 09:37:32.061,innodb_activity_count,19629854,19629854,7467.740082,enabled
1782985052.060,2026-07-02 09:37:32.061,innodb_dblwr_pages_written,30217310,30217310,11495.501489,enabled
1782985052.060,2026-07-02 09:37:32.061,innodb_dblwr_writes,627654,627654,238.776962,enabled
1782985052.060,2026-07-02 09:37:32.061,innodb_page_size,16384,16384,0.000000,enabled
1782985052.060,2026-07-02 09:37:32.061,innodb_rwlock_sx_os_waits,0,0,0.000000,enabled
1782985052.060,2026-07-02 09:37:32.061,innodb_rwlock_sx_spin_rounds,0,0,0.000000,enabled
1782985052.060,2026-07-02 09:37:32.061,innodb_rwlock_sx_spin_waits,0,0,0.000000,enabled
1782985052.060,2026-07-02 09:37:32.061,innodb_rwlock_s_os_waits,0,0,0.000000,enabled
1782985052.060,2026-07-02 09:37:32.061,innodb_rwlock_s_spin_rounds,0,0,0.000000,enabled
1782985052.060,2026-07-02 09:37:32.061,innodb_rwlock_s_spin_waits,0,0,0.000000,enabled
1782985052.060,2026-07-02 09:37:32.061,innodb_rwlock_x_os_waits,0,0,0.000000,enabled
1782985052.060,2026-07-02 09:37:32.061,innodb_rwlock_x_spin_rounds,0,0,0.000000,enabled
1782985052.060,2026-07-02 09:37:32.061,innodb_rwlock_x_spin_waits,0,0,0.000000,enabled
1782985052.060,2026-07-02 09:37:32.061,lock_deadlocks,0,0,0.000000,enabled
1782985052.060,2026-07-02 09:37:32.061,lock_deadlock_false_positives,0,0,0.000000,enabled
1782985052.060,2026-07-02 09:37:32.061,lock_deadlock_rounds,2865,2865,1.089926,enabled
1782985052.060,2026-07-02 09:37:32.061,lock_rec_grant_attempts,425,425,0.161682,enabled
1782985052.060,2026-07-02 09:37:32.061,lock_rec_release_attempts,44236943,44236943,16828.960745,enabled
1782985052.060,2026-07-02 09:37:32.061,lock_row_lock_current_waits,0,0,0.000000,enabled
1782985052.060,2026-07-02 09:37:32.061,lock_row_lock_time,323,323,0.122878,enabled
1782985052.060,2026-07-02 09:37:32.061,lock_row_lock_time_avg,0,0,0.000000,enabled
1782985052.060,2026-07-02 09:37:32.061,lock_row_lock_time_max,29,29,0.000000,enabled
1782985052.060,2026-07-02 09:37:32.061,lock_row_lock_waits,425,425,0.161682,enabled
1782985052.060,2026-07-02 09:37:32.061,lock_schedule_refreshes,2865,2865,1.089925,enabled
1782985052.060,2026-07-02 09:37:32.061,lock_threads_waiting,0,0,0.000000,enabled
1782985052.060,2026-07-02 09:37:32.061,lock_timeouts,0,0,0.000000,enabled
1782985052.060,2026-07-02 09:37:32.061,log_waits,0,0,0.000000,enabled
1782985052.060,2026-07-02 09:37:32.061,log_writes,222785304,222785304,84753.702396,enabled
1782985052.060,2026-07-02 09:37:32.061,log_write_requests,432120828,432120828,164390.735955,enabled
1782985052.060,2026-07-02 09:37:32.061,os_data_fsyncs,64931406,64931406,24701.706537,enabled
1782985052.060,2026-07-02 09:37:32.061,os_data_reads,92554055,92554055,35210.127870,enabled
1782985052.060,2026-07-02 09:37:32.061,os_data_writes,253928489,253928489,96601.435371,enabled
1782985052.060,2026-07-02 09:37:32.061,os_log_bytes_written,138908084224,138908084224,52844485.262133,enabled
1782985052.060,2026-07-02 09:37:32.061,os_log_fsyncs,56571864,56571864,21521.505015,enabled
1782985052.060,2026-07-02 09:37:32.061,os_log_pending_fsyncs,0,0,0.000000,enabled
1782985052.060,2026-07-02 09:37:32.061,os_log_pending_writes,1,1,0.000380,enabled
1782985052.060,2026-07-02 09:37:32.061,trx_rseg_history_len,330,330,0.000000,enabled
1782985053.132,2026-07-02 09:37:33.134,adaptive_hash_searches,0,0,0.000000,enabled
1782985053.132,2026-07-02 09:37:33.134,adaptive_hash_searches_btree,646981829,646981829,246029.405887,enabled
1782985053.132,2026-07-02 09:37:33.134,buffer_data_reads,1512454408704,1512454408704,575144896.296101,enabled
1782985053.132,2026-07-02 09:37:33.134,buffer_data_written,672634977280,672634977280,255784618.563059,enabled
1782985053.132,2026-07-02 09:37:33.134,buffer_pages0_read,7,7,0.002662,enabled
1782985053.132,2026-07-02 09:37:33.134,buffer_pages_created,1824025,1824025,693.626645,enabled
1782985053.132,2026-07-02 09:37:33.134,buffer_pages_read,92573147,92573147,35203.026821,enabled
1782985053.132,2026-07-02 09:37:33.134,buffer_pages_written,30293025,30293025,11519.605946,enabled
1782985053.132,2026-07-02 09:37:33.134,buffer_pool_bytes_data,12851986432,12851986432,0.000000,enabled
1782985053.132,2026-07-02 09:37:33.134,buffer_pool_bytes_dirty,4654678016,4654678016,0.000000,enabled
1782985053.132,2026-07-02 09:37:33.134,buffer_pool_pages_data,784423,784423,0.000000,enabled
1782985053.132,2026-07-02 09:37:33.134,buffer_pool_pages_dirty,284099,284099,0.000000,enabled
1782985053.132,2026-07-02 09:37:33.134,buffer_pool_pages_flushed,30235955,30235955,0.000000,enabled
1782985053.132,2026-07-02 09:37:33.134,buffer_pool_pages_free,1915,1915,0.000000,enabled
1782985053.132,2026-07-02 09:37:33.134,buffer_pool_pages_lru_flushed,0,0,0.000000,enabled
1782985053.132,2026-07-02 09:37:33.134,buffer_pool_pages_misc,96,96,0.000000,enabled
1782985053.132,2026-07-02 09:37:33.134,buffer_pool_pages_total,786432,786432,0.000000,enabled
1782985053.132,2026-07-02 09:37:33.134,buffer_pool_reads,91658640,91658640,34855.265962,enabled
1782985053.132,2026-07-02 09:37:33.134,buffer_pool_read_ahead,803715,803715,305.630760,enabled
1782985053.132,2026-07-02 09:37:33.134,buffer_pool_read_ahead_evicted,25,25,0.009507,enabled
1782985053.132,2026-07-02 09:37:33.134,buffer_pool_read_requests,3122971591,3122971591,1187580.405088,enabled
1782985053.132,2026-07-02 09:37:33.134,buffer_pool_size,12884901888,12884901888,0.000000,enabled
1782985053.132,2026-07-02 09:37:33.134,buffer_pool_wait_free,18945,18945,7.204264,enabled
1782985053.132,2026-07-02 09:37:33.134,buffer_pool_write_requests,638407892,638407892,242769.003928,enabled
1782985053.132,2026-07-02 09:37:33.134,dml_deletes,14558748,14558748,5536.291566,enabled
1782985053.132,2026-07-02 09:37:33.134,dml_inserts,114444153,114444153,43519.964735,enabled
1782985053.132,2026-07-02 09:37:33.134,dml_system_deletes,468,468,0.177968,enabled
1782985053.132,2026-07-02 09:37:33.134,dml_system_inserts,1202,1202,0.457088,enabled
1782985053.132,2026-07-02 09:37:33.134,dml_system_reads,7661,7661,2.913268,enabled
1782985053.132,2026-07-02 09:37:33.134,dml_system_updates,620,620,0.235769,enabled
1782985053.132,2026-07-02 09:37:33.134,dml_updates,29117628,29117628,11072.633320,enabled
1782985053.132,2026-07-02 09:37:33.134,file_num_open_files,35,35,0.000000,enabled
1782985053.132,2026-07-02 09:37:33.134,ibuf_merges,0,0,0.000000,enabled
1782985053.132,2026-07-02 09:37:33.134,ibuf_merges_delete,0,0,0.000000,enabled
1782985053.132,2026-07-02 09:37:33.134,ibuf_merges_delete_mark,0,0,0.000000,enabled
1782985053.132,2026-07-02 09:37:33.134,ibuf_merges_discard_delete,0,0,0.000000,enabled
1782985053.132,2026-07-02 09:37:33.134,ibuf_merges_discard_delete_mark,0,0,0.000000,enabled
1782985053.132,2026-07-02 09:37:33.134,ibuf_merges_discard_insert,0,0,0.000000,enabled
1782985053.132,2026-07-02 09:37:33.134,ibuf_merges_insert,0,0,0.000000,enabled
1782985053.132,2026-07-02 09:37:33.134,ibuf_size,1,1,0.000380,enabled
1782985053.132,2026-07-02 09:37:33.134,innodb_activity_count,19635441,19635441,7466.818418,enabled
1782985053.132,2026-07-02 09:37:33.134,innodb_dblwr_pages_written,30233525,30233525,11496.978353,enabled
1782985053.132,2026-07-02 09:37:33.134,innodb_dblwr_writes,628012,628012,238.815698,enabled
1782985053.132,2026-07-02 09:37:33.134,innodb_page_size,16384,16384,0.000000,enabled
1782985053.132,2026-07-02 09:37:33.134,innodb_rwlock_sx_os_waits,0,0,0.000000,enabled
1782985053.132,2026-07-02 09:37:33.134,innodb_rwlock_sx_spin_rounds,0,0,0.000000,enabled
1782985053.132,2026-07-02 09:37:33.134,innodb_rwlock_sx_spin_waits,0,0,0.000000,enabled
1782985053.132,2026-07-02 09:37:33.134,innodb_rwlock_s_os_waits,0,0,0.000000,enabled
1782985053.132,2026-07-02 09:37:33.134,innodb_rwlock_s_spin_rounds,0,0,0.000000,enabled
1782985053.132,2026-07-02 09:37:33.134,innodb_rwlock_s_spin_waits,0,0,0.000000,enabled
1782985053.132,2026-07-02 09:37:33.134,innodb_rwlock_x_os_waits,0,0,0.000000,enabled
1782985053.132,2026-07-02 09:37:33.134,innodb_rwlock_x_spin_rounds,0,0,0.000000,enabled
1782985053.132,2026-07-02 09:37:33.134,innodb_rwlock_x_spin_waits,0,0,0.000000,enabled
1782985053.132,2026-07-02 09:37:33.134,lock_deadlocks,0,0,0.000000,enabled
1782985053.132,2026-07-02 09:37:33.134,lock_deadlock_false_positives,0,0,0.000000,enabled
1782985053.132,2026-07-02 09:37:33.134,lock_deadlock_rounds,2866,2866,1.089861,enabled
1782985053.132,2026-07-02 09:37:33.134,lock_rec_grant_attempts,425,425,0.161616,enabled
1782985053.132,2026-07-02 09:37:33.134,lock_rec_release_attempts,44251729,44251729,16827.718653,enabled
1782985053.132,2026-07-02 09:37:33.134,lock_row_lock_current_waits,0,0,0.000000,enabled
1782985053.132,2026-07-02 09:37:33.134,lock_row_lock_time,323,323,0.122828,enabled
1782985053.132,2026-07-02 09:37:33.134,lock_row_lock_time_avg,0,0,0.000000,enabled
1782985053.132,2026-07-02 09:37:33.134,lock_row_lock_time_max,29,29,0.000000,enabled
1782985053.132,2026-07-02 09:37:33.134,lock_row_lock_waits,425,425,0.161616,enabled
1782985053.132,2026-07-02 09:37:33.134,lock_schedule_refreshes,2866,2866,1.089861,enabled
1782985053.132,2026-07-02 09:37:33.134,lock_threads_waiting,0,0,0.000000,enabled
1782985053.132,2026-07-02 09:37:33.134,lock_timeouts,0,0,0.000000,enabled
1782985053.132,2026-07-02 09:37:33.134,log_waits,0,0,0.000000,enabled
1782985053.132,2026-07-02 09:37:33.134,log_writes,222865918,222865918,84749.785008,enabled
1782985053.132,2026-07-02 09:37:33.134,log_write_requests,432203519,432203519,164355.122889,enabled
1782985053.132,2026-07-02 09:37:33.134,os_data_fsyncs,64965217,64965217,24704.487592,enabled
1782985053.132,2026-07-02 09:37:33.134,os_data_reads,92611309,92611309,35217.537051,enabled
1782985053.132,2026-07-02 09:37:33.134,os_data_writes,254025598,254025598,96598.957517,enabled
1782985053.132,2026-07-02 09:37:33.134,os_log_bytes_written,138950206976,138950206976,52838947.023524,enabled
1782985053.132,2026-07-02 09:37:33.134,os_log_fsyncs,56600891,56600891,21523.764119,enabled
1782985053.132,2026-07-02 09:37:33.134,os_log_pending_fsyncs,1,1,0.000380,enabled
1782985053.132,2026-07-02 09:37:33.134,os_log_pending_writes,0,0,0.000000,enabled
1782985053.132,2026-07-02 09:37:33.134,trx_rseg_history_len,373,373,0.000000,enabled
1782985054.205,2026-07-02 09:37:34.206,adaptive_hash_searches,0,0,0.000000,enabled
1782985054.205,2026-07-02 09:37:34.206,adaptive_hash_searches_btree,647151191,647151191,245993.491493,enabled
1782985054.205,2026-07-02 09:37:34.206,buffer_data_reads,1513397619200,1513397619200,575268984.057213,enabled
1782985054.205,2026-07-02 09:37:34.206,buffer_data_written,672946119680,672946119680,255798625.166114,enabled
1782985054.205,2026-07-02 09:37:34.206,buffer_pages0_read,7,7,0.002661,enabled
1782985054.205,2026-07-02 09:37:34.206,buffer_pages_created,1824060,1824060,693.357210,enabled
1782985054.205,2026-07-02 09:37:34.206,buffer_pages_read,92630894,92630894,35210.627860,enabled
1782985054.205,2026-07-02 09:37:34.206,buffer_pages_written,30309150,30309150,11521.039672,enabled
1782985054.205,2026-07-02 09:37:34.206,buffer_pool_bytes_data,12858867712,12858867712,0.000000,enabled
1782985054.205,2026-07-02 09:37:34.206,buffer_pool_bytes_dirty,4660559872,4660559872,0.000000,enabled
1782985054.205,2026-07-02 09:37:34.206,buffer_pool_pages_data,784843,784843,0.000000,enabled
1782985054.205,2026-07-02 09:37:34.206,buffer_pool_pages_dirty,284458,284458,0.000000,enabled
1782985054.205,2026-07-02 09:37:34.206,buffer_pool_pages_flushed,30252080,30252080,0.000000,enabled
1782985054.205,2026-07-02 09:37:34.206,buffer_pool_pages_free,1492,1492,0.000000,enabled
1782985054.205,2026-07-02 09:37:34.206,buffer_pool_pages_lru_flushed,0,0,0.000000,enabled
1782985054.205,2026-07-02 09:37:34.206,buffer_pool_pages_misc,96,96,0.000000,enabled
1782985054.205,2026-07-02 09:37:34.206,buffer_pool_pages_total,786432,786432,0.000000,enabled
1782985054.205,2026-07-02 09:37:34.206,buffer_pool_reads,91716334,91716334,34862.988601,enabled
1782985054.205,2026-07-02 09:37:34.206,buffer_pool_read_ahead,803715,803715,305.506178,enabled
1782985054.205,2026-07-02 09:37:34.206,buffer_pool_read_ahead_evicted,25,25,0.009503,enabled
1782985054.205,2026-07-02 09:37:34.206,buffer_pool_read_requests,3123810529,3123810529,1187415.214437,enabled
1782985054.205,2026-07-02 09:37:34.206,buffer_pool_size,12884901888,12884901888,0.000000,enabled
1782985054.205,2026-07-02 09:37:34.206,buffer_pool_wait_free,18945,18945,7.201327,enabled
1782985054.205,2026-07-02 09:37:34.206,buffer_pool_write_requests,638521207,638521207,242713.118578,enabled
1782985054.205,2026-07-02 09:37:34.206,dml_deletes,14563651,14563651,5535.898439,enabled
1782985054.205,2026-07-02 09:37:34.206,dml_inserts,114449055,114449055,43504.087367,enabled
1782985054.205,2026-07-02 09:37:34.206,dml_system_deletes,468,468,0.177895,enabled
1782985054.205,2026-07-02 09:37:34.206,dml_system_inserts,1202,1202,0.456901,enabled
1782985054.205,2026-07-02 09:37:34.206,dml_system_reads,7661,7661,2.912080,enabled
1782985054.205,2026-07-02 09:37:34.206,dml_system_updates,620,620,0.235673,enabled
1782985054.205,2026-07-02 09:37:34.206,dml_updates,29127429,29127429,11071.845146,enabled
1782985054.205,2026-07-02 09:37:34.206,file_num_open_files,35,35,0.000000,enabled
1782985054.205,2026-07-02 09:37:34.206,ibuf_merges,0,0,0.000000,enabled
1782985054.205,2026-07-02 09:37:34.206,ibuf_merges_delete,0,0,0.000000,enabled
1782985054.205,2026-07-02 09:37:34.206,ibuf_merges_delete_mark,0,0,0.000000,enabled
1782985054.205,2026-07-02 09:37:34.206,ibuf_merges_discard_delete,0,0,0.000000,enabled
1782985054.205,2026-07-02 09:37:34.206,ibuf_merges_discard_delete_mark,0,0,0.000000,enabled
1782985054.205,2026-07-02 09:37:34.206,ibuf_merges_discard_insert,0,0,0.000000,enabled
1782985054.205,2026-07-02 09:37:34.206,ibuf_merges_insert,0,0,0.000000,enabled
1782985054.205,2026-07-02 09:37:34.206,ibuf_size,1,1,0.000380,enabled
1782985054.205,2026-07-02 09:37:34.206,innodb_activity_count,19641080,19641080,7465.918106,enabled
1782985054.205,2026-07-02 09:37:34.206,innodb_dblwr_pages_written,30249650,30249650,11498.421080,enabled
1782985054.205,2026-07-02 09:37:34.206,innodb_dblwr_writes,628388,628388,238.861271,enabled
1782985054.205,2026-07-02 09:37:34.206,innodb_page_size,16384,16384,0.000000,enabled
1782985054.205,2026-07-02 09:37:34.206,innodb_rwlock_sx_os_waits,0,0,0.000000,enabled
1782985054.205,2026-07-02 09:37:34.206,innodb_rwlock_sx_spin_rounds,0,0,0.000000,enabled
1782985054.205,2026-07-02 09:37:34.206,innodb_rwlock_sx_spin_waits,0,0,0.000000,enabled
1782985054.205,2026-07-02 09:37:34.206,innodb_rwlock_s_os_waits,0,0,0.000000,enabled
1782985054.205,2026-07-02 09:37:34.206,innodb_rwlock_s_spin_rounds,0,0,0.000000,enabled
1782985054.205,2026-07-02 09:37:34.206,innodb_rwlock_s_spin_waits,0,0,0.000000,enabled
1782985054.205,2026-07-02 09:37:34.206,innodb_rwlock_x_os_waits,0,0,0.000000,enabled
1782985054.205,2026-07-02 09:37:34.206,innodb_rwlock_x_spin_rounds,0,0,0.000000,enabled
1782985054.205,2026-07-02 09:37:34.206,innodb_rwlock_x_spin_waits,0,0,0.000000,enabled
1782985054.205,2026-07-02 09:37:34.206,lock_deadlocks,0,0,0.000000,enabled
1782985054.205,2026-07-02 09:37:34.206,lock_deadlock_false_positives,0,0,0.000000,enabled
1782985054.205,2026-07-02 09:37:34.206,lock_deadlock_rounds,2868,2868,1.090177,enabled
1782985054.205,2026-07-02 09:37:34.206,lock_rec_grant_attempts,425,425,0.161550,enabled
1782985054.205,2026-07-02 09:37:34.206,lock_rec_release_attempts,44266625,44266625,16826.521412,enabled
1782985054.205,2026-07-02 09:37:34.206,lock_row_lock_current_waits,0,0,0.000000,enabled
1782985054.205,2026-07-02 09:37:34.206,lock_row_lock_time,323,323,0.122778,enabled
1782985054.205,2026-07-02 09:37:34.206,lock_row_lock_time_avg,0,0,0.000000,enabled
1782985054.205,2026-07-02 09:37:34.206,lock_row_lock_time_max,29,29,0.000000,enabled
1782985054.205,2026-07-02 09:37:34.206,lock_row_lock_waits,425,425,0.161550,enabled
1782985054.205,2026-07-02 09:37:34.206,lock_schedule_refreshes,2868,2868,1.090177,enabled
1782985054.205,2026-07-02 09:37:34.206,lock_threads_waiting,0,0,0.000000,enabled
1782985054.205,2026-07-02 09:37:34.206,lock_timeouts,0,0,0.000000,enabled
1782985054.205,2026-07-02 09:37:34.206,log_waits,0,0,0.000000,enabled
1782985054.205,2026-07-02 09:37:34.206,log_writes,222943959,222943959,84744.902359,enabled
1782985054.205,2026-07-02 09:37:34.206,log_write_requests,432286751,432286751,164319.763124,enabled
1782985054.205,2026-07-02 09:37:34.206,os_data_fsyncs,64998836,64998836,24707.196397,enabled
1782985054.205,2026-07-02 09:37:34.206,os_data_reads,92668885,92668885,35225.066872,enabled
1782985054.205,2026-07-02 09:37:34.206,os_data_writes,254120030,254120030,96595.475852,enabled
1782985054.205,2026-07-02 09:37:34.206,os_log_bytes_written,138990951936,138990951936,52832895.964442,enabled
1782985054.205,2026-07-02 09:37:34.206,os_log_fsyncs,56629378,56629378,21525.818713,enabled
1782985054.205,2026-07-02 09:37:34.206,os_log_pending_fsyncs,1,1,0.000380,enabled
1782985054.205,2026-07-02 09:37:34.206,os_log_pending_writes,1,1,0.000380,enabled
1782985054.205,2026-07-02 09:37:34.206,trx_rseg_history_len,494,494,0.000000,enabled
1782985055.277,2026-07-02 09:37:35.279,adaptive_hash_searches,0,0,0.000000,enabled
1782985055.277,2026-07-02 09:37:35.279,adaptive_hash_searches_btree,647318886,647318886,245957.111588,enabled
1782985055.277,2026-07-02 09:37:35.279,buffer_data_reads,1514332539392,1514332539392,575390131.751593,enabled
1782985055.277,2026-07-02 09:37:35.279,buffer_data_written,673259153920,673259153920,255813477.485085,enabled
1782985055.277,2026-07-02 09:37:35.279,buffer_pages0_read,7,7,0.002660,enabled
1782985055.277,2026-07-02 09:37:35.279,buffer_pages_created,1824085,1824085,693.084570,enabled
1782985055.277,2026-07-02 09:37:35.279,buffer_pages_read,92688117,92688117,35218.042636,enabled
1782985055.277,2026-07-02 09:37:35.279,buffer_pages_written,30325368,30325368,11522.513789,enabled
1782985055.277,2026-07-02 09:37:35.279,buffer_pool_bytes_data,12852150272,12852150272,0.000000,enabled
1782985055.277,2026-07-02 09:37:35.279,buffer_pool_bytes_dirty,4663787520,4663787520,0.000000,enabled
1782985055.277,2026-07-02 09:37:35.279,buffer_pool_pages_data,784433,784433,0.000000,enabled
1782985055.277,2026-07-02 09:37:35.279,buffer_pool_pages_dirty,284655,284655,0.000000,enabled
1782985055.277,2026-07-02 09:37:35.279,buffer_pool_pages_flushed,30268298,30268298,0.000000,enabled
1782985055.277,2026-07-02 09:37:35.279,buffer_pool_pages_free,1903,1903,0.000000,enabled
1782985055.277,2026-07-02 09:37:35.279,buffer_pool_pages_lru_flushed,0,0,0.000000,enabled
1782985055.277,2026-07-02 09:37:35.279,buffer_pool_pages_misc,96,96,0.000000,enabled
1782985055.277,2026-07-02 09:37:35.279,buffer_pool_pages_total,786432,786432,0.000000,enabled
1782985055.277,2026-07-02 09:37:35.279,buffer_pool_reads,91773493,91773493,34870.520555,enabled
1782985055.277,2026-07-02 09:37:35.279,buffer_pool_read_ahead,803715,803715,305.381862,enabled
1782985055.277,2026-07-02 09:37:35.279,buffer_pool_read_ahead_evicted,25,25,0.009499,enabled
1782985055.277,2026-07-02 09:37:35.279,buffer_pool_read_requests,3124641661,3124641661,1187247.832879,enabled
1782985055.277,2026-07-02 09:37:35.279,buffer_pool_size,12884901888,12884901888,0.000000,enabled
1782985055.277,2026-07-02 09:37:35.279,buffer_pool_wait_free,18945,18945,7.198397,enabled
1782985055.277,2026-07-02 09:37:35.279,buffer_pool_write_requests,638633245,638633245,242656.924509,enabled
1782985055.277,2026-07-02 09:37:35.279,dml_deletes,14568501,14568501,5535.488623,enabled
1782985055.277,2026-07-02 09:37:35.279,dml_inserts,114453905,114453905,43488.227775,enabled
1782985055.277,2026-07-02 09:37:35.279,dml_system_deletes,468,468,0.177823,enabled
1782985055.277,2026-07-02 09:37:35.279,dml_system_inserts,1202,1202,0.456715,enabled
1782985055.277,2026-07-02 09:37:35.279,dml_system_reads,7661,7661,2.910895,enabled
1782985055.277,2026-07-02 09:37:35.279,dml_system_updates,620,620,0.235577,enabled
1782985055.277,2026-07-02 09:37:35.279,dml_updates,29137130,29137130,11071.025873,enabled
1782985055.277,2026-07-02 09:37:35.279,file_num_open_files,35,35,0.000000,enabled
1782985055.277,2026-07-02 09:37:35.279,ibuf_merges,0,0,0.000000,enabled
1782985055.277,2026-07-02 09:37:35.279,ibuf_merges_delete,0,0,0.000000,enabled
1782985055.277,2026-07-02 09:37:35.279,ibuf_merges_delete_mark,0,0,0.000000,enabled
1782985055.277,2026-07-02 09:37:35.279,ibuf_merges_discard_delete,0,0,0.000000,enabled
1782985055.277,2026-07-02 09:37:35.279,ibuf_merges_discard_delete_mark,0,0,0.000000,enabled
1782985055.277,2026-07-02 09:37:35.279,ibuf_merges_discard_insert,0,0,0.000000,enabled
1782985055.277,2026-07-02 09:37:35.279,ibuf_merges_insert,0,0,0.000000,enabled
1782985055.277,2026-07-02 09:37:35.279,ibuf_size,1,1,0.000380,enabled
1782985055.277,2026-07-02 09:37:35.279,innodb_activity_count,19646656,19646656,7464.998797,enabled
1782985055.277,2026-07-02 09:37:35.279,innodb_dblwr_pages_written,30265868,30265868,11499.904452,enabled
1782985055.277,2026-07-02 09:37:35.279,innodb_dblwr_writes,628743,628743,238.898961,enabled
1782985055.277,2026-07-02 09:37:35.279,innodb_page_size,16384,16384,0.000000,enabled
1782985055.277,2026-07-02 09:37:35.279,innodb_rwlock_sx_os_waits,0,0,0.000000,enabled
1782985055.277,2026-07-02 09:37:35.279,innodb_rwlock_sx_spin_rounds,0,0,0.000000,enabled
1782985055.277,2026-07-02 09:37:35.279,innodb_rwlock_sx_spin_waits,0,0,0.000000,enabled
1782985055.277,2026-07-02 09:37:35.279,innodb_rwlock_s_os_waits,0,0,0.000000,enabled
1782985055.277,2026-07-02 09:37:35.279,innodb_rwlock_s_spin_rounds,0,0,0.000000,enabled
1782985055.277,2026-07-02 09:37:35.279,innodb_rwlock_s_spin_waits,0,0,0.000000,enabled
1782985055.277,2026-07-02 09:37:35.279,innodb_rwlock_x_os_waits,0,0,0.000000,enabled
1782985055.277,2026-07-02 09:37:35.279,innodb_rwlock_x_spin_rounds,0,0,0.000000,enabled
1782985055.277,2026-07-02 09:37:35.279,innodb_rwlock_x_spin_waits,0,0,0.000000,enabled
1782985055.277,2026-07-02 09:37:35.279,lock_deadlocks,0,0,0.000000,enabled
1782985055.277,2026-07-02 09:37:35.279,lock_deadlock_false_positives,0,0,0.000000,enabled
1782985055.277,2026-07-02 09:37:35.279,lock_deadlock_rounds,2869,2869,1.090114,enabled
1782985055.277,2026-07-02 09:37:35.279,lock_rec_grant_attempts,425,425,0.161484,enabled
1782985055.277,2026-07-02 09:37:35.279,lock_rec_release_attempts,44281401,44281401,16825.288753,enabled
1782985055.277,2026-07-02 09:37:35.279,lock_row_lock_current_waits,0,0,0.000000,enabled
1782985055.277,2026-07-02 09:37:35.279,lock_row_lock_time,323,323,0.122728,enabled
1782985055.277,2026-07-02 09:37:35.279,lock_row_lock_time_avg,0,0,0.000000,enabled
1782985055.277,2026-07-02 09:37:35.279,lock_row_lock_time_max,29,29,0.000000,enabled
1782985055.277,2026-07-02 09:37:35.279,lock_row_lock_waits,425,425,0.161484,enabled
1782985055.277,2026-07-02 09:37:35.279,lock_schedule_refreshes,2869,2869,1.090113,enabled
1782985055.277,2026-07-02 09:37:35.279,lock_threads_waiting,0,0,0.000000,enabled
1782985055.277,2026-07-02 09:37:35.279,lock_timeouts,0,0,0.000000,enabled
1782985055.277,2026-07-02 09:37:35.279,log_waits,0,0,0.000000,enabled
1782985055.277,2026-07-02 09:37:35.279,log_writes,223023330,223023330,84740.576668,enabled
1782985055.277,2026-07-02 09:37:35.279,log_write_requests,432369145,432369145,164284.206050,enabled
1782985055.277,2026-07-02 09:37:35.279,os_data_fsyncs,65032760,65032760,24710.032523,enabled
1782985055.277,2026-07-02 09:37:35.279,os_data_reads,92725952,92725952,35232.416597,enabled
1782985055.277,2026-07-02 09:37:35.279,os_data_writes,254215869,254215869,96592.584949,enabled
1782985055.277,2026-07-02 09:37:35.279,os_log_bytes_written,139032359936,139032359936,52827130.967036,enabled
1782985055.277,2026-07-02 09:37:35.279,os_log_fsyncs,56658307,56658307,21528.051482,enabled
1782985055.277,2026-07-02 09:37:35.279,os_log_pending_fsyncs,1,1,0.000380,enabled
1782985055.277,2026-07-02 09:37:35.279,os_log_pending_writes,1,1,0.000380,enabled
1782985055.277,2026-07-02 09:37:35.279,trx_rseg_history_len,543,543,0.000000,enabled
1782985056.348,2026-07-02 09:37:36.349,adaptive_hash_searches,0,0,0.000000,enabled
1782985056.348,2026-07-02 09:37:36.349,adaptive_hash_searches_btree,647487743,647487743,245921.235472,enabled
1782985056.348,2026-07-02 09:37:36.349,buffer_data_reads,1515271801344,1515271801344,575512912.733816,enabled
1782985056.348,2026-07-02 09:37:36.349,buffer_data_written,673570572800,673570572800,255827741.027960,enabled
1782985056.348,2026-07-02 09:37:36.349,buffer_pages0_read,7,7,0.002659,enabled
1782985056.348,2026-07-02 09:37:36.349,buffer_pages_created,1824120,1824120,692.816049,enabled
1782985056.348,2026-07-02 09:37:36.349,buffer_pages_read,92745610,92745610,35225.559000,enabled
1782985056.348,2026-07-02 09:37:36.349,buffer_pages_written,30341427,30341427,11523.927981,enabled
1782985056.348,2026-07-02 09:37:36.349,buffer_pool_bytes_data,12856164352,12856164352,0.000000,enabled
1782985056.348,2026-07-02 09:37:36.349,buffer_pool_bytes_dirty,4669751296,4669751296,0.000000,enabled
1782985056.348,2026-07-02 09:37:36.349,buffer_pool_pages_data,784678,784678,0.000000,enabled
1782985056.348,2026-07-02 09:37:36.349,buffer_pool_pages_dirty,285019,285019,0.000000,enabled
1782985056.348,2026-07-02 09:37:36.349,buffer_pool_pages_flushed,30284350,30284350,0.000000,enabled
1782985056.348,2026-07-02 09:37:36.349,buffer_pool_pages_free,1658,1658,0.000000,enabled
1782985056.348,2026-07-02 09:37:36.349,buffer_pool_pages_lru_flushed,0,0,0.000000,enabled
1782985056.348,2026-07-02 09:37:36.349,buffer_pool_pages_misc,96,96,0.000000,enabled
1782985056.348,2026-07-02 09:37:36.349,buffer_pool_pages_total,786432,786432,0.000000,enabled
1782985056.348,2026-07-02 09:37:36.349,buffer_pool_reads,91830938,91830938,34878.160062,enabled
1782985056.348,2026-07-02 09:37:36.349,buffer_pool_read_ahead,803715,803715,305.257691,enabled
1782985056.348,2026-07-02 09:37:36.349,buffer_pool_read_ahead_evicted,25,25,0.009495,enabled
1782985056.348,2026-07-02 09:37:36.349,buffer_pool_read_requests,3125477823,3125477823,1187082.671352,enabled
1782985056.348,2026-07-02 09:37:36.349,buffer_pool_size,12884901888,12884901888,0.000000,enabled
1782985056.348,2026-07-02 09:37:36.349,buffer_pool_wait_free,18945,18945,7.195470,enabled
1782985056.348,2026-07-02 09:37:36.349,buffer_pool_write_requests,638746411,638746411,242601.239939,enabled
1782985056.348,2026-07-02 09:37:36.349,dml_deletes,14573378,14573378,5535.090160,enabled
1782985056.348,2026-07-02 09:37:36.349,dml_inserts,114458782,114458782,43472.397308,enabled
1782985056.348,2026-07-02 09:37:36.349,dml_system_deletes,468,468,0.177750,enabled
1782985056.348,2026-07-02 09:37:36.349,dml_system_inserts,1202,1202,0.456530,enabled
1782985056.348,2026-07-02 09:37:36.349,dml_system_reads,7661,7661,2.909712,enabled
1782985056.348,2026-07-02 09:37:36.349,dml_system_updates,620,620,0.235481,enabled
1782985056.348,2026-07-02 09:37:36.349,dml_updates,29146889,29146889,11070.230824,enabled
1782985056.348,2026-07-02 09:37:36.349,file_num_open_files,35,35,0.000000,enabled
1782985056.348,2026-07-02 09:37:36.349,ibuf_merges,0,0,0.000000,enabled
1782985056.348,2026-07-02 09:37:36.349,ibuf_merges_delete,0,0,0.000000,enabled
1782985056.348,2026-07-02 09:37:36.349,ibuf_merges_delete_mark,0,0,0.000000,enabled
1782985056.348,2026-07-02 09:37:36.349,ibuf_merges_discard_delete,0,0,0.000000,enabled
1782985056.348,2026-07-02 09:37:36.349,ibuf_merges_discard_delete_mark,0,0,0.000000,enabled
1782985056.348,2026-07-02 09:37:36.349,ibuf_merges_discard_insert,0,0,0.000000,enabled
1782985056.348,2026-07-02 09:37:36.349,ibuf_merges_insert,0,0,0.000000,enabled
1782985056.348,2026-07-02 09:37:36.349,ibuf_size,1,1,0.000380,enabled
1782985056.348,2026-07-02 09:37:36.349,innodb_activity_count,19652267,19652267,7464.094544,enabled
1782985056.348,2026-07-02 09:37:36.349,innodb_dblwr_pages_written,30281920,30281920,11501.325138,enabled
1782985056.348,2026-07-02 09:37:36.349,innodb_dblwr_writes,629072,629072,238.926779,enabled
1782985056.348,2026-07-02 09:37:36.349,innodb_page_size,16384,16384,0.000000,enabled
1782985056.348,2026-07-02 09:37:36.349,innodb_rwlock_sx_os_waits,0,0,0.000000,enabled
1782985056.348,2026-07-02 09:37:36.349,innodb_rwlock_sx_spin_rounds,0,0,0.000000,enabled
1782985056.348,2026-07-02 09:37:36.349,innodb_rwlock_sx_spin_waits,0,0,0.000000,enabled
1782985056.348,2026-07-02 09:37:36.349,innodb_rwlock_s_os_waits,0,0,0.000000,enabled
1782985056.348,2026-07-02 09:37:36.349,innodb_rwlock_s_spin_rounds,0,0,0.000000,enabled
1782985056.348,2026-07-02 09:37:36.349,innodb_rwlock_s_spin_waits,0,0,0.000000,enabled
1782985056.348,2026-07-02 09:37:36.349,innodb_rwlock_x_os_waits,0,0,0.000000,enabled
1782985056.348,2026-07-02 09:37:36.349,innodb_rwlock_x_spin_rounds,0,0,0.000000,enabled
1782985056.348,2026-07-02 09:37:36.349,innodb_rwlock_x_spin_waits,0,0,0.000000,enabled
1782985056.348,2026-07-02 09:37:36.349,lock_deadlocks,0,0,0.000000,enabled
1782985056.348,2026-07-02 09:37:36.349,lock_deadlock_false_positives,0,0,0.000000,enabled
1782985056.348,2026-07-02 09:37:36.349,lock_deadlock_rounds,2870,2870,1.090050,enabled
1782985056.348,2026-07-02 09:37:36.349,lock_rec_grant_attempts,425,425,0.161419,enabled
1782985056.348,2026-07-02 09:37:36.349,lock_rec_release_attempts,44296243,44296243,16824.084609,enabled
1782985056.348,2026-07-02 09:37:36.349,lock_row_lock_current_waits,0,0,0.000000,enabled
1782985056.348,2026-07-02 09:37:36.349,lock_row_lock_time,323,323,0.122678,enabled
1782985056.348,2026-07-02 09:37:36.349,lock_row_lock_time_avg,0,0,0.000000,enabled
1782985056.348,2026-07-02 09:37:36.349,lock_row_lock_time_max,29,29,0.000000,enabled
1782985056.348,2026-07-02 09:37:36.349,lock_row_lock_waits,425,425,0.161419,enabled
1782985056.348,2026-07-02 09:37:36.349,lock_schedule_refreshes,2870,2870,1.090050,enabled
1782985056.348,2026-07-02 09:37:36.349,lock_threads_waiting,0,0,0.000000,enabled
1782985056.348,2026-07-02 09:37:36.349,lock_timeouts,0,0,0.000000,enabled
1782985056.348,2026-07-02 09:37:36.349,log_waits,0,0,0.000000,enabled
1782985056.348,2026-07-02 09:37:36.349,log_writes,223103122,223103122,84736.425616,enabled
1782985056.348,2026-07-02 09:37:36.349,log_write_requests,432452042,432452042,164248.890738,enabled
1782985056.348,2026-07-02 09:37:36.349,os_data_fsyncs,65066576,65066576,24712.828663,enabled
1782985056.348,2026-07-02 09:37:36.349,os_data_reads,92783246,92783246,35239.851324,enabled
1782985056.348,2026-07-02 09:37:36.349,os_data_writes,254311969,254311969,96589.808585,enabled
1782985056.348,2026-07-02 09:37:36.349,os_log_bytes_written,139074027520,139074027520,52821476.384501,enabled
1782985056.348,2026-07-02 09:37:36.349,os_log_fsyncs,56687336,56687336,21530.323316,enabled
1782985056.348,2026-07-02 09:37:36.349,os_log_pending_fsyncs,1,1,0.000380,enabled
1782985056.348,2026-07-02 09:37:36.349,os_log_pending_writes,1,1,0.000380,enabled
1782985056.348,2026-07-02 09:37:36.349,trx_rseg_history_len,606,606,0.000000,enabled
1782985057.418,2026-07-02 09:37:37.420,adaptive_hash_searches,0,0,0.000000,enabled
1782985057.418,2026-07-02 09:37:37.420,adaptive_hash_searches_btree,647652265,647652265,245883.891513,enabled
1782985057.418,2026-07-02 09:37:37.420,buffer_data_reads,1516179655168,1516179655168,575624019.750679,enabled
1782985057.418,2026-07-02 09:37:37.420,buffer_data_written,673921729536,673921729536,255857235.192160,enabled
1782985057.418,2026-07-02 09:37:37.420,buffer_pages0_read,7,7,0.002658,enabled
1782985057.418,2026-07-02 09:37:37.420,buffer_pages_created,1824156,1824156,692.548548,enabled
1782985057.418,2026-07-02 09:37:37.420,buffer_pages_read,92801169,92801169,35232.356437,enabled
1782985057.418,2026-07-02 09:37:37.420,buffer_pages_written,30359849,30359849,11526.245156,enabled
1782985057.418,2026-07-02 09:37:37.420,buffer_pool_bytes_data,12849299456,12849299456,0.000000,enabled
1782985057.418,2026-07-02 09:37:37.420,buffer_pool_bytes_dirty,4631117824,4631117824,0.000000,enabled
1782985057.418,2026-07-02 09:37:37.420,buffer_pool_pages_data,784259,784259,0.000000,enabled
1782985057.418,2026-07-02 09:37:37.420,buffer_pool_pages_dirty,282662,282662,0.000000,enabled
1782985057.418,2026-07-02 09:37:37.420,buffer_pool_pages_flushed,30300514,30300514,0.000000,enabled
1782985057.418,2026-07-02 09:37:37.420,buffer_pool_pages_free,2077,2077,0.000000,enabled
1782985057.418,2026-07-02 09:37:37.420,buffer_pool_pages_lru_flushed,0,0,0.000000,enabled
1782985057.418,2026-07-02 09:37:37.420,buffer_pool_pages_misc,96,96,0.000000,enabled
1782985057.418,2026-07-02 09:37:37.420,buffer_pool_pages_total,786432,786432,0.000000,enabled
1782985057.418,2026-07-02 09:37:37.420,buffer_pool_reads,91886444,91886444,34885.078396,enabled
1782985057.418,2026-07-02 09:37:37.420,buffer_pool_read_ahead,803715,803715,305.133807,enabled
1782985057.418,2026-07-02 09:37:37.420,buffer_pool_read_ahead_evicted,25,25,0.009491,enabled
1782985057.418,2026-07-02 09:37:37.420,buffer_pool_read_requests,3126292971,3126292971,1186910.387414,enabled
1782985057.418,2026-07-02 09:37:37.420,buffer_pool_size,12884901888,12884901888,0.000000,enabled
1782985057.418,2026-07-02 09:37:37.420,buffer_pool_wait_free,18945,18945,7.192550,enabled
1782985057.418,2026-07-02 09:37:37.420,buffer_pool_write_requests,638857713,638857713,242545.040428,enabled
1782985057.418,2026-07-02 09:37:37.420,dml_deletes,14578131,14578131,5534.648274,enabled
1782985057.418,2026-07-02 09:37:37.420,dml_inserts,114463535,114463535,43456.558796,enabled
1782985057.418,2026-07-02 09:37:37.420,dml_system_deletes,468,468,0.177678,enabled
1782985057.418,2026-07-02 09:37:37.420,dml_system_inserts,1202,1202,0.456344,enabled
1782985057.418,2026-07-02 09:37:37.420,dml_system_reads,7661,7661,2.908531,enabled
1782985057.418,2026-07-02 09:37:37.420,dml_system_updates,620,620,0.235386,enabled
1782985057.418,2026-07-02 09:37:37.420,dml_updates,29156397,29156397,11069.347792,enabled
1782985057.418,2026-07-02 09:37:37.420,file_num_open_files,35,35,0.000000,enabled
1782985057.418,2026-07-02 09:37:37.420,ibuf_merges,0,0,0.000000,enabled
1782985057.418,2026-07-02 09:37:37.420,ibuf_merges_delete,0,0,0.000000,enabled
1782985057.418,2026-07-02 09:37:37.420,ibuf_merges_delete_mark,0,0,0.000000,enabled
1782985057.418,2026-07-02 09:37:37.420,ibuf_merges_discard_delete,0,0,0.000000,enabled
1782985057.418,2026-07-02 09:37:37.420,ibuf_merges_discard_delete_mark,0,0,0.000000,enabled
1782985057.418,2026-07-02 09:37:37.420,ibuf_merges_discard_insert,0,0,0.000000,enabled
1782985057.418,2026-07-02 09:37:37.420,ibuf_merges_insert,0,0,0.000000,enabled
1782985057.418,2026-07-02 09:37:37.420,ibuf_size,1,1,0.000380,enabled
1782985057.418,2026-07-02 09:37:37.420,innodb_activity_count,19657733,19657733,7463.140479,enabled
1782985057.418,2026-07-02 09:37:37.420,innodb_dblwr_pages_written,30299492,30299492,11503.328687,enabled
1782985057.418,2026-07-02 09:37:37.420,innodb_dblwr_writes,629477,629477,238.983572,enabled
1782985057.418,2026-07-02 09:37:37.420,innodb_page_size,16384,16384,0.000000,enabled
1782985057.418,2026-07-02 09:37:37.420,innodb_rwlock_sx_os_waits,0,0,0.000000,enabled
1782985057.418,2026-07-02 09:37:37.420,innodb_rwlock_sx_spin_rounds,0,0,0.000000,enabled
1782985057.418,2026-07-02 09:37:37.420,innodb_rwlock_sx_spin_waits,0,0,0.000000,enabled
1782985057.418,2026-07-02 09:37:37.420,innodb_rwlock_s_os_waits,0,0,0.000000,enabled
1782985057.418,2026-07-02 09:37:37.420,innodb_rwlock_s_spin_rounds,0,0,0.000000,enabled
1782985057.418,2026-07-02 09:37:37.420,innodb_rwlock_s_spin_waits,0,0,0.000000,enabled
1782985057.418,2026-07-02 09:37:37.420,innodb_rwlock_x_os_waits,0,0,0.000000,enabled
1782985057.418,2026-07-02 09:37:37.420,innodb_rwlock_x_spin_rounds,0,0,0.000000,enabled
1782985057.418,2026-07-02 09:37:37.420,innodb_rwlock_x_spin_waits,0,0,0.000000,enabled
1782985057.418,2026-07-02 09:37:37.420,lock_deadlocks,0,0,0.000000,enabled
1782985057.418,2026-07-02 09:37:37.420,lock_deadlock_false_positives,0,0,0.000000,enabled
1782985057.418,2026-07-02 09:37:37.420,lock_deadlock_rounds,2871,2871,1.089987,enabled
1782985057.418,2026-07-02 09:37:37.420,lock_rec_grant_attempts,425,425,0.161353,enabled
1782985057.418,2026-07-02 09:37:37.420,lock_rec_release_attempts,44310680,44310680,16822.737881,enabled
1782985057.418,2026-07-02 09:37:37.420,lock_row_lock_current_waits,0,0,0.000000,enabled
1782985057.418,2026-07-02 09:37:37.420,lock_row_lock_time,323,323,0.122628,enabled
1782985057.418,2026-07-02 09:37:37.420,lock_row_lock_time_avg,0,0,0.000000,enabled
1782985057.418,2026-07-02 09:37:37.420,lock_row_lock_time_max,29,29,0.000000,enabled
1782985057.418,2026-07-02 09:37:37.420,lock_row_lock_waits,425,425,0.161353,enabled
1782985057.418,2026-07-02 09:37:37.420,lock_schedule_refreshes,2871,2871,1.089987,enabled
1782985057.418,2026-07-02 09:37:37.420,lock_threads_waiting,0,0,0.000000,enabled
1782985057.418,2026-07-02 09:37:37.420,lock_timeouts,0,0,0.000000,enabled
1782985057.418,2026-07-02 09:37:37.420,log_waits,0,0,0.000000,enabled
1782985057.418,2026-07-02 09:37:37.420,log_writes,223181495,223181495,84731.790875,enabled
1782985057.418,2026-07-02 09:37:37.420,log_write_requests,432532889,432532889,164212.926024,enabled
1782985057.418,2026-07-02 09:37:37.420,os_data_fsyncs,65100043,65100043,24715.505196,enabled
1782985057.418,2026-07-02 09:37:37.420,os_data_reads,92838632,92838632,35246.577252,enabled
1782985057.418,2026-07-02 09:37:37.420,os_data_writes,254409051,254409051,96587.466556,enabled
1782985057.418,2026-07-02 09:37:37.420,os_log_bytes_written,139115004416,139115004416,52815596.577087,enabled
1782985057.418,2026-07-02 09:37:37.420,os_log_fsyncs,56715642,56715642,21532.332030,enabled
1782985057.418,2026-07-02 09:37:37.420,os_log_pending_fsyncs,1,1,0.000380,enabled
1782985057.418,2026-07-02 09:37:37.420,os_log_pending_writes,0,0,0.000000,enabled
1782985057.418,2026-07-02 09:37:37.420,trx_rseg_history_len,546,546,0.000000,enabled
1782985058.487,2026-07-02 09:37:38.488,adaptive_hash_searches,0,0,0.000000,enabled
1782985058.487,2026-07-02 09:37:38.488,adaptive_hash_searches_btree,647817866,647817866,245846.764637,enabled
1782985058.487,2026-07-02 09:37:38.488,buffer_data_reads,1517095176704,1517095176704,575737414.775462,enabled
1782985058.487,2026-07-02 09:37:38.488,buffer_data_written,674246537728,674246537728,255876469.871501,enabled
1782985058.487,2026-07-02 09:37:38.488,buffer_pages0_read,7,7,0.002656,enabled
1782985058.487,2026-07-02 09:37:38.488,buffer_pages_created,1824198,1824198,692.282900,enabled
1782985058.487,2026-07-02 09:37:38.488,buffer_pages_read,92857214,92857214,35239.300234,enabled
1782985058.487,2026-07-02 09:37:38.488,buffer_pages_written,30376961,30376961,11528.052652,enabled
1782985058.487,2026-07-02 09:37:38.488,buffer_pool_bytes_data,12848922624,12848922624,0.000000,enabled
1782985058.487,2026-07-02 09:37:38.488,buffer_pool_bytes_dirty,4614914048,4614914048,0.000000,enabled
1782985058.487,2026-07-02 09:37:38.488,buffer_pool_pages_data,784236,784236,0.000000,enabled
1782985058.487,2026-07-02 09:37:38.488,buffer_pool_pages_dirty,281672,281672,0.000000,enabled
1782985058.487,2026-07-02 09:37:38.488,buffer_pool_pages_flushed,30319891,30319891,0.000000,enabled
1782985058.487,2026-07-02 09:37:38.488,buffer_pool_pages_free,2099,2099,0.000000,enabled
1782985058.487,2026-07-02 09:37:38.488,buffer_pool_pages_lru_flushed,0,0,0.000000,enabled
1782985058.487,2026-07-02 09:37:38.488,buffer_pool_pages_misc,96,96,0.000000,enabled
1782985058.487,2026-07-02 09:37:38.488,buffer_pool_pages_total,786432,786432,0.000000,enabled
1782985058.487,2026-07-02 09:37:38.488,buffer_pool_reads,91942443,91942443,34892.145873,enabled
1782985058.487,2026-07-02 09:37:38.488,buffer_pool_read_ahead,803715,803715,305.009742,enabled
1782985058.487,2026-07-02 09:37:38.488,buffer_pool_read_ahead_evicted,25,25,0.009487,enabled
1782985058.487,2026-07-02 09:37:38.488,buffer_pool_read_requests,3127113013,3127113013,1186739.000888,enabled
1782985058.487,2026-07-02 09:37:38.488,buffer_pool_size,12884901888,12884901888,0.000000,enabled
1782985058.487,2026-07-02 09:37:38.488,buffer_pool_wait_free,18945,18945,7.189625,enabled
1782985058.487,2026-07-02 09:37:38.488,buffer_pool_write_requests,638968919,638968919,242488.625408,enabled
1782985058.487,2026-07-02 09:37:38.488,dml_deletes,14582923,14582923,5534.216541,enabled
1782985058.487,2026-07-02 09:37:38.488,dml_inserts,114468327,114468327,43440.708651,enabled
1782985058.487,2026-07-02 09:37:38.488,dml_system_deletes,468,468,0.177606,enabled
1782985058.487,2026-07-02 09:37:38.488,dml_system_inserts,1202,1202,0.456159,enabled
1782985058.487,2026-07-02 09:37:38.488,dml_system_reads,7661,7661,2.907348,enabled
1782985058.487,2026-07-02 09:37:38.488,dml_system_updates,620,620,0.235290,enabled
1782985058.487,2026-07-02 09:37:38.488,dml_updates,29165974,29165974,11068.481649,enabled
1782985058.487,2026-07-02 09:37:38.488,file_num_open_files,35,35,0.000000,enabled
1782985058.487,2026-07-02 09:37:38.488,ibuf_merges,0,0,0.000000,enabled
1782985058.487,2026-07-02 09:37:38.488,ibuf_merges_delete,0,0,0.000000,enabled
1782985058.487,2026-07-02 09:37:38.488,ibuf_merges_delete_mark,0,0,0.000000,enabled
1782985058.487,2026-07-02 09:37:38.488,ibuf_merges_discard_delete,0,0,0.000000,enabled
1782985058.487,2026-07-02 09:37:38.488,ibuf_merges_discard_delete_mark,0,0,0.000000,enabled
1782985058.487,2026-07-02 09:37:38.488,ibuf_merges_discard_insert,0,0,0.000000,enabled
1782985058.487,2026-07-02 09:37:38.488,ibuf_merges_insert,0,0,0.000000,enabled
1782985058.487,2026-07-02 09:37:38.488,ibuf_size,1,1,0.000379,enabled
1782985058.487,2026-07-02 09:37:38.488,innodb_activity_count,19663236,19663236,7462.194476,enabled
1782985058.487,2026-07-02 09:37:38.488,innodb_dblwr_pages_written,30317461,30317461,11505.470854,enabled
1782985058.487,2026-07-02 09:37:38.488,innodb_dblwr_writes,629846,629846,239.026441,enabled
1782985058.487,2026-07-02 09:37:38.488,innodb_page_size,16384,16384,0.000000,enabled
1782985058.487,2026-07-02 09:37:38.488,innodb_rwlock_sx_os_waits,0,0,0.000000,enabled
1782985058.487,2026-07-02 09:37:38.488,innodb_rwlock_sx_spin_rounds,0,0,0.000000,enabled
1782985058.487,2026-07-02 09:37:38.488,innodb_rwlock_sx_spin_waits,0,0,0.000000,enabled
1782985058.487,2026-07-02 09:37:38.488,innodb_rwlock_s_os_waits,0,0,0.000000,enabled
1782985058.487,2026-07-02 09:37:38.488,innodb_rwlock_s_spin_rounds,0,0,0.000000,enabled
1782985058.487,2026-07-02 09:37:38.488,innodb_rwlock_s_spin_waits,0,0,0.000000,enabled
1782985058.487,2026-07-02 09:37:38.488,innodb_rwlock_x_os_waits,0,0,0.000000,enabled
1782985058.487,2026-07-02 09:37:38.488,innodb_rwlock_x_spin_rounds,0,0,0.000000,enabled
1782985058.487,2026-07-02 09:37:38.488,innodb_rwlock_x_spin_waits,0,0,0.000000,enabled
1782985058.487,2026-07-02 09:37:38.488,lock_deadlocks,0,0,0.000000,enabled
1782985058.487,2026-07-02 09:37:38.488,lock_deadlock_false_positives,0,0,0.000000,enabled
1782985058.487,2026-07-02 09:37:38.488,lock_deadlock_rounds,2872,2872,1.089924,enabled
1782985058.487,2026-07-02 09:37:38.488,lock_rec_grant_attempts,425,425,0.161287,enabled
1782985058.487,2026-07-02 09:37:38.488,lock_rec_release_attempts,44325243,44325243,16821.424477,enabled
1782985058.487,2026-07-02 09:37:38.488,lock_row_lock_current_waits,0,0,0.000000,enabled
1782985058.487,2026-07-02 09:37:38.488,lock_row_lock_time,323,323,0.122578,enabled
1782985058.487,2026-07-02 09:37:38.488,lock_row_lock_time_avg,0,0,0.000000,enabled
1782985058.487,2026-07-02 09:37:38.488,lock_row_lock_time_max,29,29,0.000000,enabled
1782985058.487,2026-07-02 09:37:38.488,lock_row_lock_waits,425,425,0.161287,enabled
1782985058.487,2026-07-02 09:37:38.488,lock_schedule_refreshes,2872,2872,1.089924,enabled
1782985058.487,2026-07-02 09:37:38.488,lock_threads_waiting,0,0,0.000000,enabled
1782985058.487,2026-07-02 09:37:38.488,lock_timeouts,0,0,0.000000,enabled
1782985058.487,2026-07-02 09:37:38.488,log_waits,0,0,0.000000,enabled
1782985058.487,2026-07-02 09:37:38.488,log_writes,223260429,223260429,84727.295552,enabled
1782985058.487,2026-07-02 09:37:38.488,log_write_requests,432614386,432614386,164177.087434,enabled
1782985058.487,2026-07-02 09:37:38.488,os_data_fsyncs,65133316,65133316,24718.083282,enabled
1782985058.487,2026-07-02 09:37:38.488,os_data_reads,92894506,92894506,35253.450617,enabled
1782985058.487,2026-07-02 09:37:38.488,os_data_writes,254505362,254505362,96584.745329,enabled
1782985058.487,2026-07-02 09:37:38.488,os_log_bytes_written,139156342272,139156342272,52809810.137027,enabled
1782985058.487,2026-07-02 09:37:38.488,os_log_fsyncs,56743963,56743963,21534.325071,enabled
1782985058.487,2026-07-02 09:37:38.488,os_log_pending_fsyncs,0,0,0.000000,enabled
1782985058.487,2026-07-02 09:37:38.488,os_log_pending_writes,0,0,0.000000,enabled
1782985058.487,2026-07-02 09:37:38.488,trx_rseg_history_len,526,526,0.000000,enabled
1782985059.559,2026-07-02 09:37:39.560,adaptive_hash_searches,0,0,0.000000,enabled
1782985059.559,2026-07-02 09:37:39.560,adaptive_hash_searches_btree,647985394,647985394,245810.409119,enabled
1782985059.559,2026-07-02 09:37:39.560,buffer_data_reads,1518027737600,1518027737600,575857199.803166,enabled
1782985059.559,2026-07-02 09:37:39.560,buffer_data_written,674558431744,674558431744,255890798.106802,enabled
1782985059.559,2026-07-02 09:37:39.560,buffer_pages0_read,7,7,0.002655,enabled
1782985059.559,2026-07-02 09:37:39.560,buffer_pages_created,1824232,1824232,692.014456,enabled
1782985059.559,2026-07-02 09:37:39.560,buffer_pages_read,92914275,92914275,35246.624927,enabled
1782985059.559,2026-07-02 09:37:39.560,buffer_pages_written,30393083,30393083,11529.483492,enabled
1782985059.559,2026-07-02 09:37:39.560,buffer_pool_bytes_data,12853624832,12853624832,0.000000,enabled
1782985059.559,2026-07-02 09:37:39.560,buffer_pool_bytes_dirty,4619124736,4619124736,0.000000,enabled
1782985059.559,2026-07-02 09:37:39.560,buffer_pool_pages_data,784522,784522,0.000000,enabled
1782985059.559,2026-07-02 09:37:39.560,buffer_pool_pages_dirty,281929,281929,0.000000,enabled
1782985059.559,2026-07-02 09:37:39.560,buffer_pool_pages_flushed,30336013,30336013,0.000000,enabled
1782985059.559,2026-07-02 09:37:39.560,buffer_pool_pages_free,1812,1812,0.000000,enabled
1782985059.559,2026-07-02 09:37:39.560,buffer_pool_pages_lru_flushed,0,0,0.000000,enabled
1782985059.559,2026-07-02 09:37:39.560,buffer_pool_pages_misc,97,97,0.000000,enabled
1782985059.559,2026-07-02 09:37:39.560,buffer_pool_pages_total,786432,786432,0.000000,enabled
1782985059.559,2026-07-02 09:37:39.560,buffer_pool_reads,91999447,91999447,34899.589893,enabled
1782985059.559,2026-07-02 09:37:39.560,buffer_pool_read_ahead,803715,803715,304.885785,enabled
1782985059.559,2026-07-02 09:37:39.560,buffer_pool_read_ahead_evicted,25,25,0.009484,enabled
1782985059.559,2026-07-02 09:37:39.560,buffer_pool_read_requests,3127942512,3127942512,1186571.375808,enabled
1782985059.559,2026-07-02 09:37:39.560,buffer_pool_size,12884901888,12884901888,0.000000,enabled
1782985059.559,2026-07-02 09:37:39.560,buffer_pool_wait_free,18945,18945,7.186703,enabled
1782985059.559,2026-07-02 09:37:39.560,buffer_pool_write_requests,639081306,639081306,242432.711342,enabled
1782985059.559,2026-07-02 09:37:39.560,dml_deletes,14587764,14587764,5533.803992,enabled
1782985059.559,2026-07-02 09:37:39.560,dml_inserts,114473166,114473166,43424.891123,enabled
1782985059.559,2026-07-02 09:37:39.560,dml_system_deletes,468,468,0.177534,enabled
1782985059.559,2026-07-02 09:37:39.560,dml_system_inserts,1202,1202,0.455973,enabled
1782985059.559,2026-07-02 09:37:39.560,dml_system_reads,7661,7661,2.906167,enabled
1782985059.559,2026-07-02 09:37:39.560,dml_system_updates,620,620,0.235194,enabled
1782985059.559,2026-07-02 09:37:39.560,dml_updates,29175657,29175657,11067.656912,enabled
1782985059.559,2026-07-02 09:37:39.560,file_num_open_files,35,35,0.000000,enabled
1782985059.559,2026-07-02 09:37:39.560,ibuf_merges,0,0,0.000000,enabled
1782985059.559,2026-07-02 09:37:39.560,ibuf_merges_delete,0,0,0.000000,enabled
1782985059.559,2026-07-02 09:37:39.560,ibuf_merges_delete_mark,0,0,0.000000,enabled
1782985059.559,2026-07-02 09:37:39.560,ibuf_merges_discard_delete,0,0,0.000000,enabled
1782985059.559,2026-07-02 09:37:39.560,ibuf_merges_discard_delete_mark,0,0,0.000000,enabled
1782985059.559,2026-07-02 09:37:39.560,ibuf_merges_discard_insert,0,0,0.000000,enabled
1782985059.559,2026-07-02 09:37:39.560,ibuf_merges_insert,0,0,0.000000,enabled
1782985059.559,2026-07-02 09:37:39.560,ibuf_size,1,1,0.000379,enabled
1782985059.559,2026-07-02 09:37:39.560,innodb_activity_count,19668807,19668807,7461.275352,enabled
1782985059.559,2026-07-02 09:37:39.560,innodb_dblwr_pages_written,30333583,30333583,11506.911123,enabled
1782985059.559,2026-07-02 09:37:39.560,innodb_dblwr_writes,630175,630175,239.054111,enabled
1782985059.559,2026-07-02 09:37:39.560,innodb_page_size,16384,16384,0.000000,enabled
1782985059.559,2026-07-02 09:37:39.560,innodb_rwlock_sx_os_waits,0,0,0.000000,enabled
1782985059.559,2026-07-02 09:37:39.560,innodb_rwlock_sx_spin_rounds,0,0,0.000000,enabled
1782985059.559,2026-07-02 09:37:39.560,innodb_rwlock_sx_spin_waits,0,0,0.000000,enabled
1782985059.559,2026-07-02 09:37:39.560,innodb_rwlock_s_os_waits,0,0,0.000000,enabled
1782985059.559,2026-07-02 09:37:39.560,innodb_rwlock_s_spin_rounds,0,0,0.000000,enabled
1782985059.559,2026-07-02 09:37:39.560,innodb_rwlock_s_spin_waits,0,0,0.000000,enabled
1782985059.559,2026-07-02 09:37:39.560,innodb_rwlock_x_os_waits,0,0,0.000000,enabled
1782985059.559,2026-07-02 09:37:39.560,innodb_rwlock_x_spin_rounds,0,0,0.000000,enabled
1782985059.559,2026-07-02 09:37:39.560,innodb_rwlock_x_spin_waits,0,0,0.000000,enabled
1782985059.559,2026-07-02 09:37:39.560,lock_deadlocks,0,0,0.000000,enabled
1782985059.559,2026-07-02 09:37:39.560,lock_deadlock_false_positives,0,0,0.000000,enabled
1782985059.559,2026-07-02 09:37:39.560,lock_deadlock_rounds,2873,2873,1.089860,enabled
1782985059.559,2026-07-02 09:37:39.560,lock_rec_grant_attempts,425,425,0.161222,enabled
1782985059.559,2026-07-02 09:37:39.560,lock_rec_release_attempts,44339982,44339982,16820.179383,enabled
1782985059.559,2026-07-02 09:37:39.560,lock_row_lock_current_waits,0,0,0.000000,enabled
1782985059.559,2026-07-02 09:37:39.560,lock_row_lock_time,323,323,0.122529,enabled
1782985059.559,2026-07-02 09:37:39.560,lock_row_lock_time_avg,0,0,0.000000,enabled
1782985059.559,2026-07-02 09:37:39.560,lock_row_lock_time_max,29,29,0.000000,enabled
1782985059.559,2026-07-02 09:37:39.560,lock_row_lock_waits,425,425,0.161222,enabled
1782985059.559,2026-07-02 09:37:39.560,lock_schedule_refreshes,2873,2873,1.089860,enabled
1782985059.559,2026-07-02 09:37:39.560,lock_threads_waiting,0,0,0.000000,enabled
1782985059.559,2026-07-02 09:37:39.560,lock_timeouts,0,0,0.000000,enabled
1782985059.559,2026-07-02 09:37:39.560,log_waits,0,0,0.000000,enabled
1782985059.559,2026-07-02 09:37:39.560,log_writes,223339859,223339859,84722.995257,enabled
1782985059.559,2026-07-02 09:37:39.560,log_write_requests,432696786,432696786,164141.626726,enabled
1782985059.559,2026-07-02 09:37:39.560,os_data_fsyncs,65166972,65166972,24720.805394,enabled
1782985059.559,2026-07-02 09:37:39.560,os_data_reads,92951425,92951425,35260.715988,enabled
1782985059.559,2026-07-02 09:37:39.560,os_data_writes,254601139,254601139,96581.826967,enabled
1782985059.559,2026-07-02 09:37:39.560,os_log_bytes_written,139197911040,139197911040,52804117.789770,enabled
1782985059.559,2026-07-02 09:37:39.560,os_log_fsyncs,56772904,56772904,21536.552423,enabled
1782985059.559,2026-07-02 09:37:39.560,os_log_pending_fsyncs,0,0,0.000000,enabled
1782985059.559,2026-07-02 09:37:39.560,os_log_pending_writes,0,0,0.000000,enabled
1782985059.559,2026-07-02 09:37:39.560,trx_rseg_history_len,539,539,0.000000,enabled
1782985060.630,2026-07-02 09:37:40.632,adaptive_hash_searches,0,0,0.000000,enabled
1782985060.630,2026-07-02 09:37:40.632,adaptive_hash_searches_btree,648153354,648153354,245774.528585,enabled
1782985060.630,2026-07-02 09:37:40.632,buffer_data_reads,1518964673024,1518964673024,575979227.173805,enabled
1782985060.630,2026-07-02 09:37:40.632,buffer_data_written,674870137856,674870137856,255905345.986583,enabled
1782985060.630,2026-07-02 09:37:40.632,buffer_pages0_read,7,7,0.002654,enabled
1782985060.630,2026-07-02 09:37:40.632,buffer_pages_created,1824258,1824258,691.744014,enabled
1782985060.630,2026-07-02 09:37:40.632,buffer_pages_read,92971630,92971630,35254.096841,enabled
1782985060.630,2026-07-02 09:37:40.632,buffer_pages_written,30409198,30409198,11530.924156,enabled
1782985060.630,2026-07-02 09:37:40.632,buffer_pool_bytes_data,12856311808,12856311808,0.000000,enabled
1782985060.630,2026-07-02 09:37:40.632,buffer_pool_bytes_dirty,4621795328,4621795328,0.000000,enabled
1782985060.630,2026-07-02 09:37:40.632,buffer_pool_pages_data,784686,784686,0.000000,enabled
1782985060.630,2026-07-02 09:37:40.632,buffer_pool_pages_dirty,282092,282092,0.000000,enabled
1782985060.630,2026-07-02 09:37:40.632,buffer_pool_pages_flushed,30352128,30352128,0.000000,enabled
1782985060.630,2026-07-02 09:37:40.632,buffer_pool_pages_free,1648,1648,0.000000,enabled
1782985060.630,2026-07-02 09:37:40.632,buffer_pool_pages_lru_flushed,0,0,0.000000,enabled
1782985060.630,2026-07-02 09:37:40.632,buffer_pool_pages_misc,98,98,0.000000,enabled
1782985060.630,2026-07-02 09:37:40.632,buffer_pool_pages_total,786432,786432,0.000000,enabled
1782985060.630,2026-07-02 09:37:40.632,buffer_pool_reads,92056733,92056733,34907.176223,enabled
1782985060.630,2026-07-02 09:37:40.632,buffer_pool_read_ahead,803715,803715,304.762292,enabled
1782985060.630,2026-07-02 09:37:40.632,buffer_pool_read_ahead_evicted,25,25,0.009480,enabled
1782985060.630,2026-07-02 09:37:40.632,buffer_pool_read_requests,3128774476,3128774476,1186406.230051,enabled
1782985060.630,2026-07-02 09:37:40.632,buffer_pool_size,12884901888,12884901888,0.000000,enabled
1782985060.630,2026-07-02 09:37:40.632,buffer_pool_wait_free,18945,18945,7.183792,enabled
1782985060.630,2026-07-02 09:37:40.632,buffer_pool_write_requests,639193606,639193606,242377.097387,enabled
1782985060.630,2026-07-02 09:37:40.632,dml_deletes,14592623,14592623,5533.404911,enabled
1782985060.630,2026-07-02 09:37:40.632,dml_inserts,114478028,114478028,43409.144671,enabled
1782985060.630,2026-07-02 09:37:40.632,dml_system_deletes,468,468,0.177462,enabled
1782985060.630,2026-07-02 09:37:40.632,dml_system_inserts,1202,1202,0.455789,enabled
1782985060.630,2026-07-02 09:37:40.632,dml_system_reads,7661,7661,2.904989,enabled
1782985060.630,2026-07-02 09:37:40.632,dml_system_updates,620,620,0.235099,enabled
1782985060.630,2026-07-02 09:37:40.632,dml_updates,29185372,29185372,11066.857589,enabled
1782985060.630,2026-07-02 09:37:40.632,file_num_open_files,35,35,0.000000,enabled
1782985060.630,2026-07-02 09:37:40.632,ibuf_merges,0,0,0.000000,enabled
1782985060.630,2026-07-02 09:37:40.632,ibuf_merges_delete,0,0,0.000000,enabled
1782985060.630,2026-07-02 09:37:40.632,ibuf_merges_delete_mark,0,0,0.000000,enabled
1782985060.630,2026-07-02 09:37:40.632,ibuf_merges_discard_delete,0,0,0.000000,enabled
1782985060.630,2026-07-02 09:37:40.632,ibuf_merges_discard_delete_mark,0,0,0.000000,enabled
1782985060.630,2026-07-02 09:37:40.632,ibuf_merges_discard_insert,0,0,0.000000,enabled
1782985060.630,2026-07-02 09:37:40.632,ibuf_merges_insert,0,0,0.000000,enabled
1782985060.630,2026-07-02 09:37:40.632,ibuf_size,1,1,0.000379,enabled
1782985060.630,2026-07-02 09:37:40.632,innodb_activity_count,19674396,19674396,7460.372336,enabled
1782985060.630,2026-07-02 09:37:40.632,innodb_dblwr_pages_written,30349698,30349698,11508.360719,enabled
1782985060.630,2026-07-02 09:37:40.632,innodb_dblwr_writes,630532,630532,239.092649,enabled
1782985060.630,2026-07-02 09:37:40.632,innodb_page_size,16384,16384,0.000000,enabled
1782985060.630,2026-07-02 09:37:40.632,innodb_rwlock_sx_os_waits,0,0,0.000000,enabled
1782985060.630,2026-07-02 09:37:40.632,innodb_rwlock_sx_spin_rounds,0,0,0.000000,enabled
1782985060.630,2026-07-02 09:37:40.632,innodb_rwlock_sx_spin_waits,0,0,0.000000,enabled
1782985060.630,2026-07-02 09:37:40.632,innodb_rwlock_s_os_waits,0,0,0.000000,enabled
1782985060.630,2026-07-02 09:37:40.632,innodb_rwlock_s_spin_rounds,0,0,0.000000,enabled
1782985060.630,2026-07-02 09:37:40.632,innodb_rwlock_s_spin_waits,0,0,0.000000,enabled
1782985060.630,2026-07-02 09:37:40.632,innodb_rwlock_x_os_waits,0,0,0.000000,enabled
1782985060.630,2026-07-02 09:37:40.632,innodb_rwlock_x_spin_rounds,0,0,0.000000,enabled
1782985060.630,2026-07-02 09:37:40.632,innodb_rwlock_x_spin_waits,0,0,0.000000,enabled
1782985060.630,2026-07-02 09:37:40.632,lock_deadlocks,0,0,0.000000,enabled
1782985060.630,2026-07-02 09:37:40.632,lock_deadlock_false_positives,0,0,0.000000,enabled
1782985060.630,2026-07-02 09:37:40.632,lock_deadlock_rounds,2874,2874,1.089798,enabled
1782985060.630,2026-07-02 09:37:40.632,lock_rec_grant_attempts,425,425,0.161157,enabled
1782985060.630,2026-07-02 09:37:40.632,lock_rec_release_attempts,44354770,44354770,16818.973885,enabled
1782985060.630,2026-07-02 09:37:40.632,lock_row_lock_current_waits,0,0,0.000000,enabled
1782985060.630,2026-07-02 09:37:40.632,lock_row_lock_time,323,323,0.122479,enabled
1782985060.630,2026-07-02 09:37:40.632,lock_row_lock_time_avg,0,0,0.000000,enabled
1782985060.630,2026-07-02 09:37:40.632,lock_row_lock_time_max,29,29,0.000000,enabled
1782985060.630,2026-07-02 09:37:40.632,lock_row_lock_waits,425,425,0.161157,enabled
1782985060.630,2026-07-02 09:37:40.632,lock_schedule_refreshes,2874,2874,1.089798,enabled
1782985060.630,2026-07-02 09:37:40.632,lock_threads_waiting,0,0,0.000000,enabled
1782985060.630,2026-07-02 09:37:40.632,lock_timeouts,0,0,0.000000,enabled
1782985060.630,2026-07-02 09:37:40.632,log_waits,0,0,0.000000,enabled
1782985060.630,2026-07-02 09:37:40.632,log_writes,223419458,223419458,84718.860436,enabled
1782985060.630,2026-07-02 09:37:40.632,log_write_requests,432779286,432779286,164106.422411,enabled
1782985060.630,2026-07-02 09:37:40.632,os_data_fsyncs,65201394,65201394,24723.844597,enabled
1782985060.630,2026-07-02 09:37:40.632,os_data_reads,93008588,93008588,35268.109127,enabled
1782985060.630,2026-07-02 09:37:40.632,os_data_writes,254697120,254697120,96579.101035,enabled
1782985060.630,2026-07-02 09:37:40.632,os_log_bytes_written,139239409152,139239409152,52798464.834403,enabled
1782985060.630,2026-07-02 09:37:40.632,os_log_fsyncs,56802465,56802465,21539.038173,enabled
1782985060.630,2026-07-02 09:37:40.632,os_log_pending_fsyncs,1,1,0.000379,enabled
1782985060.630,2026-07-02 09:37:40.632,os_log_pending_writes,0,0,0.000000,enabled
1782985060.630,2026-07-02 09:37:40.632,trx_rseg_history_len,591,591,0.000000,enabled
1782985061.698,2026-07-02 09:37:41.700,adaptive_hash_searches,0,0,0.000000,enabled
1782985061.698,2026-07-02 09:37:41.700,adaptive_hash_searches_btree,648322595,648322595,245738.834745,enabled
1782985061.698,2026-07-02 09:37:41.700,buffer_data_reads,1519907883520,1519907883520,576102746.976436,enabled
1782985061.698,2026-07-02 09:37:41.700,buffer_data_written,675184935424,675184935424,255920704.163094,enabled
1782985061.698,2026-07-02 09:37:41.700,buffer_pages0_read,7,7,0.002653,enabled
1782985061.698,2026-07-02 09:37:41.700,buffer_pages_created,1824287,1824287,691.473984,enabled
1782985061.698,2026-07-02 09:37:41.700,buffer_pages_read,93029384,93029384,35261.665746,enabled
1782985061.698,2026-07-02 09:37:41.700,buffer_pages_written,30425504,30425504,11532.420290,enabled
1782985061.698,2026-07-02 09:37:41.700,buffer_pool_bytes_data,12856426496,12856426496,0.000000,enabled
1782985061.698,2026-07-02 09:37:41.700,buffer_pool_bytes_dirty,4626726912,4626726912,0.000000,enabled
1782985061.698,2026-07-02 09:37:41.700,buffer_pool_pages_data,784694,784694,0.000000,enabled
1782985061.698,2026-07-02 09:37:41.700,buffer_pool_pages_dirty,282393,282393,0.000000,enabled
1782985061.698,2026-07-02 09:37:41.700,buffer_pool_pages_flushed,30368434,30368434,0.000000,enabled
1782985061.698,2026-07-02 09:37:41.700,buffer_pool_pages_free,1642,1642,0.000000,enabled
1782985061.698,2026-07-02 09:37:41.700,buffer_pool_pages_lru_flushed,0,0,0.000000,enabled
1782985061.698,2026-07-02 09:37:41.700,buffer_pool_pages_misc,96,96,0.000000,enabled
1782985061.698,2026-07-02 09:37:41.700,buffer_pool_pages_total,786432,786432,0.000000,enabled
1782985061.698,2026-07-02 09:37:41.700,buffer_pool_reads,92114426,92114426,34914.862986,enabled
1782985061.698,2026-07-02 09:37:41.700,buffer_pool_read_ahead,803715,803715,304.638482,enabled
1782985061.698,2026-07-02 09:37:41.700,buffer_pool_read_ahead_evicted,25,25,0.009476,enabled
1782985061.698,2026-07-02 09:37:41.700,buffer_pool_read_requests,3129612037,3129612037,1186241.718905,enabled
1782985061.698,2026-07-02 09:37:41.700,buffer_pool_size,12884901888,12884901888,0.000000,enabled
1782985061.698,2026-07-02 09:37:41.700,buffer_pool_wait_free,18945,18945,7.180874,enabled
1782985061.698,2026-07-02 09:37:41.700,buffer_pool_write_requests,639306418,639306418,242321.391494,enabled
1782985061.698,2026-07-02 09:37:41.700,dml_deletes,14597518,14597518,5533.012445,enabled
1782985061.698,2026-07-02 09:37:41.700,dml_inserts,114482922,114482922,43393.365414,enabled
1782985061.698,2026-07-02 09:37:41.700,dml_system_deletes,468,468,0.177390,enabled
1782985061.698,2026-07-02 09:37:41.700,dml_system_inserts,1202,1202,0.455604,enabled
1782985061.698,2026-07-02 09:37:41.700,dml_system_reads,7661,7661,2.903809,enabled
1782985061.698,2026-07-02 09:37:41.700,dml_system_updates,620,620,0.235003,enabled
1782985061.698,2026-07-02 09:37:41.700,dml_updates,29195160,29195160,11066.071883,enabled
1782985061.698,2026-07-02 09:37:41.700,file_num_open_files,35,35,0.000000,enabled
1782985061.698,2026-07-02 09:37:41.700,ibuf_merges,0,0,0.000000,enabled
1782985061.698,2026-07-02 09:37:41.700,ibuf_merges_delete,0,0,0.000000,enabled
1782985061.698,2026-07-02 09:37:41.700,ibuf_merges_delete_mark,0,0,0.000000,enabled
1782985061.698,2026-07-02 09:37:41.700,ibuf_merges_discard_delete,0,0,0.000000,enabled
1782985061.698,2026-07-02 09:37:41.700,ibuf_merges_discard_delete_mark,0,0,0.000000,enabled
1782985061.698,2026-07-02 09:37:41.700,ibuf_merges_discard_insert,0,0,0.000000,enabled
1782985061.698,2026-07-02 09:37:41.700,ibuf_merges_insert,0,0,0.000000,enabled
1782985061.698,2026-07-02 09:37:41.700,ibuf_size,1,1,0.000379,enabled
1782985061.698,2026-07-02 09:37:41.700,innodb_activity_count,19680019,19680019,7459.472999,enabled
1782985061.698,2026-07-02 09:37:41.700,innodb_dblwr_pages_written,30366004,30366004,11509.866213,enabled
1782985061.698,2026-07-02 09:37:41.700,innodb_dblwr_writes,630918,630918,239.141830,enabled
1782985061.698,2026-07-02 09:37:41.700,innodb_page_size,16384,16384,0.000000,enabled
1782985061.698,2026-07-02 09:37:41.700,innodb_rwlock_sx_os_waits,0,0,0.000000,enabled
1782985061.698,2026-07-02 09:37:41.700,innodb_rwlock_sx_spin_rounds,0,0,0.000000,enabled
1782985061.698,2026-07-02 09:37:41.700,innodb_rwlock_sx_spin_waits,0,0,0.000000,enabled
1782985061.698,2026-07-02 09:37:41.700,innodb_rwlock_s_os_waits,0,0,0.000000,enabled
1782985061.698,2026-07-02 09:37:41.700,innodb_rwlock_s_spin_rounds,0,0,0.000000,enabled
1782985061.698,2026-07-02 09:37:41.700,innodb_rwlock_s_spin_waits,0,0,0.000000,enabled
1782985061.698,2026-07-02 09:37:41.700,innodb_rwlock_x_os_waits,0,0,0.000000,enabled
1782985061.698,2026-07-02 09:37:41.700,innodb_rwlock_x_spin_rounds,0,0,0.000000,enabled
1782985061.698,2026-07-02 09:37:41.700,innodb_rwlock_x_spin_waits,0,0,0.000000,enabled
1782985061.698,2026-07-02 09:37:41.700,lock_deadlocks,0,0,0.000000,enabled
1782985061.698,2026-07-02 09:37:41.700,lock_deadlock_false_positives,0,0,0.000000,enabled
1782985061.698,2026-07-02 09:37:41.700,lock_deadlock_rounds,2875,2875,1.089734,enabled
1782985061.698,2026-07-02 09:37:41.700,lock_rec_grant_attempts,425,425,0.161091,enabled
1782985061.698,2026-07-02 09:37:41.700,lock_rec_release_attempts,44369657,44369657,16817.783881,enabled
1782985061.698,2026-07-02 09:37:41.700,lock_row_lock_current_waits,0,0,0.000000,enabled
1782985061.698,2026-07-02 09:37:41.700,lock_row_lock_time,323,323,0.122429,enabled
1782985061.698,2026-07-02 09:37:41.700,lock_row_lock_time_avg,0,0,0.000000,enabled
1782985061.698,2026-07-02 09:37:41.700,lock_row_lock_time_max,29,29,0.000000,enabled
1782985061.698,2026-07-02 09:37:41.700,lock_row_lock_waits,425,425,0.161091,enabled
1782985061.698,2026-07-02 09:37:41.700,lock_schedule_refreshes,2875,2875,1.089734,enabled
1782985061.698,2026-07-02 09:37:41.700,lock_threads_waiting,0,0,0.000000,enabled
1782985061.698,2026-07-02 09:37:41.700,lock_timeouts,0,0,0.000000,enabled
1782985061.698,2026-07-02 09:37:41.700,log_waits,0,0,0.000000,enabled
1782985061.698,2026-07-02 09:37:41.700,log_writes,223499146,223499146,84714.648952,enabled
1782985061.698,2026-07-02 09:37:41.700,log_write_requests,432862367,432862367,164071.246526,enabled
1782985061.698,2026-07-02 09:37:41.700,os_data_fsyncs,65235948,65235948,24726.897895,enabled
1782985061.698,2026-07-02 09:37:41.700,os_data_reads,93066157,93066157,35275.602407,enabled
1782985061.698,2026-07-02 09:37:41.700,os_data_writes,254793381,254793381,96576.352664,enabled
1782985061.698,2026-07-02 09:37:41.700,os_log_bytes_written,139280914432,139280914432,52792747.721551,enabled
1782985061.698,2026-07-02 09:37:41.700,os_log_fsyncs,56831940,56831940,21541.460157,enabled
1782985061.698,2026-07-02 09:37:41.700,os_log_pending_fsyncs,1,1,0.000379,enabled
1782985061.698,2026-07-02 09:37:41.700,os_log_pending_writes,0,0,0.000000,enabled
1782985061.698,2026-07-02 09:37:41.700,trx_rseg_history_len,682,682,0.000000,enabled
1782985062.770,2026-07-02 09:37:42.771,adaptive_hash_searches,0,0,0.000000,enabled
1782985062.770,2026-07-02 09:37:42.771,adaptive_hash_searches_btree,648490840,648490840,245702.785795,enabled
1782985062.770,2026-07-02 09:37:42.771,buffer_data_reads,1520839035392,1520839035392,576221600.590658,enabled
1782985062.770,2026-07-02 09:37:42.771,buffer_data_written,675495624704,675495624704,255934494.460039,enabled
1782985062.770,2026-07-02 09:37:42.771,buffer_pages0_read,7,7,0.002652,enabled
1782985062.770,2026-07-02 09:37:42.771,buffer_pages_created,1824324,1824324,691.207208,enabled
1782985062.770,2026-07-02 09:37:42.771,buffer_pages_read,93086358,93086358,35268.933158,enabled
1782985062.770,2026-07-02 09:37:42.771,buffer_pages_written,30441548,30441548,11533.815996,enabled
1782985062.770,2026-07-02 09:37:42.771,buffer_pool_bytes_data,12855197696,12855197696,0.000000,enabled
1782985062.770,2026-07-02 09:37:42.771,buffer_pool_bytes_dirty,4633116672,4633116672,0.000000,enabled
1782985062.770,2026-07-02 09:37:42.771,buffer_pool_pages_data,784619,784619,0.000000,enabled
1782985062.770,2026-07-02 09:37:42.771,buffer_pool_pages_dirty,282782,282782,0.000000,enabled
1782985062.770,2026-07-02 09:37:42.771,buffer_pool_pages_flushed,30384478,30384478,0.000000,enabled
1782985062.770,2026-07-02 09:37:42.771,buffer_pool_pages_free,1717,1717,0.000000,enabled
1782985062.770,2026-07-02 09:37:42.771,buffer_pool_pages_lru_flushed,0,0,0.000000,enabled
1782985062.770,2026-07-02 09:37:42.771,buffer_pool_pages_misc,96,96,0.000000,enabled
1782985062.770,2026-07-02 09:37:42.771,buffer_pool_pages_total,786432,786432,0.000000,enabled
1782985062.770,2026-07-02 09:37:42.771,buffer_pool_reads,92171342,92171342,34922.249262,enabled
1782985062.770,2026-07-02 09:37:42.771,buffer_pool_read_ahead,803715,803715,304.514773,enabled
1782985062.770,2026-07-02 09:37:42.771,buffer_pool_read_ahead_evicted,25,25,0.009472,enabled
1782985062.770,2026-07-02 09:37:42.771,buffer_pool_read_requests,3130444744,3130444744,1186075.507010,enabled
1782985062.770,2026-07-02 09:37:42.771,buffer_pool_size,12884901888,12884901888,0.000000,enabled
1782985062.770,2026-07-02 09:37:42.771,buffer_pool_wait_free,18945,18945,7.177958,enabled
1782985062.770,2026-07-02 09:37:42.771,buffer_pool_write_requests,639418957,639418957,242265.628411,enabled
1782985062.770,2026-07-02 09:37:42.771,dml_deletes,14602386,14602386,5532.609880,enabled
1782985062.770,2026-07-02 09:37:42.771,dml_inserts,114487790,114487790,43377.587642,enabled
1782985062.770,2026-07-02 09:37:42.771,dml_system_deletes,468,468,0.177318,enabled
1782985062.770,2026-07-02 09:37:42.771,dml_system_inserts,1202,1202,0.455419,enabled
1782985062.770,2026-07-02 09:37:42.771,dml_system_reads,7661,7661,2.902630,enabled
1782985062.770,2026-07-02 09:37:42.771,dml_system_updates,620,620,0.234908,enabled
1782985062.770,2026-07-02 09:37:42.771,dml_updates,29204904,29204904,11065.269761,enabled
1782985062.770,2026-07-02 09:37:42.771,file_num_open_files,35,35,0.000000,enabled
1782985062.770,2026-07-02 09:37:42.771,ibuf_merges,0,0,0.000000,enabled
1782985062.770,2026-07-02 09:37:42.771,ibuf_merges_delete,0,0,0.000000,enabled
1782985062.770,2026-07-02 09:37:42.771,ibuf_merges_delete_mark,0,0,0.000000,enabled
1782985062.770,2026-07-02 09:37:42.771,ibuf_merges_discard_delete,0,0,0.000000,enabled
1782985062.770,2026-07-02 09:37:42.771,ibuf_merges_discard_delete_mark,0,0,0.000000,enabled
1782985062.770,2026-07-02 09:37:42.771,ibuf_merges_discard_insert,0,0,0.000000,enabled
1782985062.770,2026-07-02 09:37:42.771,ibuf_merges_insert,0,0,0.000000,enabled
1782985062.770,2026-07-02 09:37:42.771,ibuf_size,1,1,0.000379,enabled
1782985062.770,2026-07-02 09:37:42.771,innodb_activity_count,19685613,19685613,7458.563176,enabled
1782985062.770,2026-07-02 09:37:42.771,innodb_dblwr_pages_written,30382048,30382048,11511.270849,enabled
1782985062.770,2026-07-02 09:37:42.771,innodb_dblwr_writes,631283,631283,239.183007,enabled
1782985062.770,2026-07-02 09:37:42.771,innodb_page_size,16384,16384,0.000000,enabled
1782985062.770,2026-07-02 09:37:42.771,innodb_rwlock_sx_os_waits,0,0,0.000000,enabled
1782985062.770,2026-07-02 09:37:42.771,innodb_rwlock_sx_spin_rounds,0,0,0.000000,enabled
1782985062.770,2026-07-02 09:37:42.771,innodb_rwlock_sx_spin_waits,0,0,0.000000,enabled
1782985062.770,2026-07-02 09:37:42.771,innodb_rwlock_s_os_waits,0,0,0.000000,enabled
1782985062.770,2026-07-02 09:37:42.771,innodb_rwlock_s_spin_rounds,0,0,0.000000,enabled
1782985062.770,2026-07-02 09:37:42.771,innodb_rwlock_s_spin_waits,0,0,0.000000,enabled
1782985062.770,2026-07-02 09:37:42.771,innodb_rwlock_x_os_waits,0,0,0.000000,enabled
1782985062.770,2026-07-02 09:37:42.771,innodb_rwlock_x_spin_rounds,0,0,0.000000,enabled
1782985062.770,2026-07-02 09:37:42.771,innodb_rwlock_x_spin_waits,0,0,0.000000,enabled
1782985062.770,2026-07-02 09:37:42.771,lock_deadlocks,0,0,0.000000,enabled
1782985062.770,2026-07-02 09:37:42.771,lock_deadlock_false_positives,0,0,0.000000,enabled
1782985062.770,2026-07-02 09:37:42.771,lock_deadlock_rounds,2876,2876,1.089670,enabled
1782985062.770,2026-07-02 09:37:42.771,lock_rec_grant_attempts,425,425,0.161026,enabled
1782985062.770,2026-07-02 09:37:42.771,lock_rec_release_attempts,44384468,44384468,16816.566168,enabled
1782985062.770,2026-07-02 09:37:42.771,lock_row_lock_current_waits,0,0,0.000000,enabled
1782985062.770,2026-07-02 09:37:42.771,lock_row_lock_time,323,323,0.122380,enabled
1782985062.770,2026-07-02 09:37:42.771,lock_row_lock_time_avg,0,0,0.000000,enabled
1782985062.770,2026-07-02 09:37:42.771,lock_row_lock_time_max,29,29,0.000000,enabled
1782985062.770,2026-07-02 09:37:42.771,lock_row_lock_waits,425,425,0.161026,enabled
1782985062.770,2026-07-02 09:37:42.771,lock_schedule_refreshes,2876,2876,1.089670,enabled
1782985062.770,2026-07-02 09:37:42.771,lock_threads_waiting,0,0,0.000000,enabled
1782985062.770,2026-07-02 09:37:42.771,lock_timeouts,0,0,0.000000,enabled
1782985062.770,2026-07-02 09:37:42.771,log_waits,0,0,0.000000,enabled
1782985062.770,2026-07-02 09:37:42.771,log_writes,223578862,223578862,84710.450033,enabled
1782985062.770,2026-07-02 09:37:42.771,log_write_requests,432945129,432945129,164035.975525,enabled
1782985062.770,2026-07-02 09:37:42.771,os_data_fsyncs,65270259,65270259,24729.856483,enabled
1782985062.770,2026-07-02 09:37:42.771,os_data_reads,93122969,93122969,35282.802566,enabled
1782985062.770,2026-07-02 09:37:42.771,os_data_writes,254889416,254889416,96573.520271,enabled
1782985062.770,2026-07-02 09:37:42.771,os_log_bytes_written,139322534400,139322534400,52787078.330390,enabled
1782985062.770,2026-07-02 09:37:42.771,os_log_fsyncs,56861342,56861342,21543.852364,enabled
1782985062.770,2026-07-02 09:37:42.771,os_log_pending_fsyncs,1,1,0.000379,enabled
1782985062.770,2026-07-02 09:37:42.771,os_log_pending_writes,1,1,0.000379,enabled
1782985062.770,2026-07-02 09:37:42.771,trx_rseg_history_len,732,732,0.000000,enabled
1782985063.842,2026-07-02 09:37:43.844,adaptive_hash_searches,0,0,0.000000,enabled
1782985063.842,2026-07-02 09:37:43.844,adaptive_hash_searches_btree,648658264,648658264,245666.826550,enabled
1782985063.842,2026-07-02 09:37:43.844,buffer_data_reads,1521768237568,1521768237568,576340472.196937,enabled
1782985063.842,2026-07-02 09:37:43.844,buffer_data_written,675805681152,675805681152,255948412.860492,enabled
1782985063.842,2026-07-02 09:37:43.844,buffer_pages0_read,7,7,0.002651,enabled
1782985063.842,2026-07-02 09:37:43.844,buffer_pages_created,1824350,1824350,690.937504,enabled
1782985063.842,2026-07-02 09:37:43.844,buffer_pages_read,93143223,93143223,35276.205594,enabled
1782985063.842,2026-07-02 09:37:43.844,buffer_pages_written,30457548,30457548,11535.210975,enabled
1782985063.842,2026-07-02 09:37:43.844,buffer_pool_bytes_data,12855492608,12855492608,0.000000,enabled
1782985063.842,2026-07-02 09:37:43.844,buffer_pool_bytes_dirty,4637425664,4637425664,0.000000,enabled
1782985063.842,2026-07-02 09:37:43.844,buffer_pool_pages_data,784637,784637,0.000000,enabled
1782985063.842,2026-07-02 09:37:43.844,buffer_pool_pages_dirty,283046,283046,0.000000,enabled
1782985063.842,2026-07-02 09:37:43.844,buffer_pool_pages_flushed,30400478,30400478,0.000000,enabled
1782985063.842,2026-07-02 09:37:43.844,buffer_pool_pages_free,1698,1698,0.000000,enabled
1782985063.842,2026-07-02 09:37:43.844,buffer_pool_pages_lru_flushed,0,0,0.000000,enabled
1782985063.842,2026-07-02 09:37:43.844,buffer_pool_pages_misc,96,96,0.000000,enabled
1782985063.842,2026-07-02 09:37:43.844,buffer_pool_pages_total,786432,786432,0.000000,enabled
1782985063.842,2026-07-02 09:37:43.844,buffer_pool_reads,92228158,92228158,34929.643323,enabled
1782985063.842,2026-07-02 09:37:43.844,buffer_pool_read_ahead,803715,803715,304.391616,enabled
1782985063.842,2026-07-02 09:37:43.844,buffer_pool_read_ahead_evicted,25,25,0.009468,enabled
1782985063.842,2026-07-02 09:37:43.844,buffer_pool_read_requests,3131274072,3131274072,1185909.904074,enabled
1782985063.842,2026-07-02 09:37:43.844,buffer_pool_size,12884901888,12884901888,0.000000,enabled
1782985063.842,2026-07-02 09:37:43.844,buffer_pool_wait_free,18945,18945,7.175055,enabled
1782985063.842,2026-07-02 09:37:43.844,buffer_pool_write_requests,639530841,639530841,242210.020707,enabled
1782985063.842,2026-07-02 09:37:43.844,dml_deletes,14607230,14607230,5532.206949,enabled
1782985063.842,2026-07-02 09:37:43.844,dml_inserts,114492635,114492635,43361.879796,enabled
1782985063.842,2026-07-02 09:37:43.844,dml_system_deletes,468,468,0.177246,enabled
1782985063.842,2026-07-02 09:37:43.844,dml_system_inserts,1202,1202,0.455234,enabled
1782985063.842,2026-07-02 09:37:43.844,dml_system_reads,7661,7661,2.901456,enabled
1782985063.842,2026-07-02 09:37:43.844,dml_system_updates,620,620,0.234813,enabled
1782985063.842,2026-07-02 09:37:43.844,dml_updates,29214589,29214589,11064.462747,enabled
1782985063.842,2026-07-02 09:37:43.844,file_num_open_files,35,35,0.000000,enabled
1782985063.842,2026-07-02 09:37:43.844,ibuf_merges,0,0,0.000000,enabled
1782985063.842,2026-07-02 09:37:43.844,ibuf_merges_delete,0,0,0.000000,enabled
1782985063.842,2026-07-02 09:37:43.844,ibuf_merges_delete_mark,0,0,0.000000,enabled
1782985063.842,2026-07-02 09:37:43.844,ibuf_merges_discard_delete,0,0,0.000000,enabled
1782985063.842,2026-07-02 09:37:43.844,ibuf_merges_discard_delete_mark,0,0,0.000000,enabled
1782985063.842,2026-07-02 09:37:43.844,ibuf_merges_discard_insert,0,0,0.000000,enabled
1782985063.842,2026-07-02 09:37:43.844,ibuf_merges_insert,0,0,0.000000,enabled
1782985063.842,2026-07-02 09:37:43.844,ibuf_size,1,1,0.000379,enabled
1782985063.842,2026-07-02 09:37:43.844,innodb_activity_count,19691175,19691175,7457.653268,enabled
1782985063.842,2026-07-02 09:37:43.844,innodb_dblwr_pages_written,30398048,30398048,11512.675137,enabled
1782985063.842,2026-07-02 09:37:43.844,innodb_dblwr_writes,631641,631641,239.221862,enabled
1782985063.842,2026-07-02 09:37:43.844,innodb_page_size,16384,16384,0.000000,enabled
1782985063.842,2026-07-02 09:37:43.844,innodb_rwlock_sx_os_waits,0,0,0.000000,enabled
1782985063.842,2026-07-02 09:37:43.844,innodb_rwlock_sx_spin_rounds,0,0,0.000000,enabled
1782985063.842,2026-07-02 09:37:43.844,innodb_rwlock_sx_spin_waits,0,0,0.000000,enabled
1782985063.842,2026-07-02 09:37:43.844,innodb_rwlock_s_os_waits,0,0,0.000000,enabled
1782985063.842,2026-07-02 09:37:43.844,innodb_rwlock_s_spin_rounds,0,0,0.000000,enabled
1782985063.842,2026-07-02 09:37:43.844,innodb_rwlock_s_spin_waits,0,0,0.000000,enabled
1782985063.842,2026-07-02 09:37:43.844,innodb_rwlock_x_os_waits,0,0,0.000000,enabled
1782985063.842,2026-07-02 09:37:43.844,innodb_rwlock_x_spin_rounds,0,0,0.000000,enabled
1782985063.842,2026-07-02 09:37:43.844,innodb_rwlock_x_spin_waits,0,0,0.000000,enabled
1782985063.842,2026-07-02 09:37:43.844,lock_deadlocks,0,0,0.000000,enabled
1782985063.842,2026-07-02 09:37:43.844,lock_deadlock_false_positives,0,0,0.000000,enabled
1782985063.842,2026-07-02 09:37:43.844,lock_deadlock_rounds,2877,2877,1.089609,enabled
1782985063.842,2026-07-02 09:37:43.844,lock_rec_grant_attempts,425,425,0.160961,enabled
1782985063.842,2026-07-02 09:37:43.844,lock_rec_release_attempts,44399209,44399209,16815.347738,enabled
1782985063.842,2026-07-02 09:37:43.844,lock_row_lock_current_waits,0,0,0.000000,enabled
1782985063.842,2026-07-02 09:37:43.844,lock_row_lock_time,323,323,0.122330,enabled
1782985063.842,2026-07-02 09:37:43.844,lock_row_lock_time_avg,0,0,0.000000,enabled
1782985063.842,2026-07-02 09:37:43.844,lock_row_lock_time_max,29,29,0.000000,enabled
1782985063.842,2026-07-02 09:37:43.844,lock_row_lock_waits,425,425,0.160961,enabled
1782985063.842,2026-07-02 09:37:43.844,lock_schedule_refreshes,2877,2877,1.089608,enabled
1782985063.842,2026-07-02 09:37:43.844,lock_threads_waiting,0,0,0.000000,enabled
1782985063.842,2026-07-02 09:37:43.844,lock_timeouts,0,0,0.000000,enabled
1782985063.842,2026-07-02 09:37:43.844,log_waits,0,0,0.000000,enabled
1782985063.842,2026-07-02 09:37:43.844,log_writes,223659063,223659063,84706.565293,enabled
1782985063.842,2026-07-02 09:37:43.844,log_write_requests,433027538,433027538,164000.845556,enabled
1782985063.842,2026-07-02 09:37:43.844,os_data_fsyncs,65304582,65304582,24732.854123,enabled
1782985063.842,2026-07-02 09:37:43.844,os_data_reads,93179675,93179675,35290.009382,enabled
1782985063.842,2026-07-02 09:37:43.844,os_data_writes,254985883,254985883,96570.997899,enabled
1782985063.842,2026-07-02 09:37:43.844,os_log_bytes_written,139364296704,139364296704,52781546.251854,enabled
1782985063.842,2026-07-02 09:37:43.844,os_log_fsyncs,56890680,56890680,21546.250559,enabled
1782985063.842,2026-07-02 09:37:43.844,os_log_pending_fsyncs,1,1,0.000379,enabled
1782985063.842,2026-07-02 09:37:43.844,os_log_pending_writes,0,0,0.000000,enabled
1782985063.842,2026-07-02 09:37:43.844,trx_rseg_history_len,745,745,0.000000,enabled
1782985064.909,2026-07-02 09:37:44.911,adaptive_hash_searches,0,0,0.000000,enabled
1782985064.909,2026-07-02 09:37:44.911,adaptive_hash_searches_btree,648826448,648826448,245630.823259,enabled
1782985064.909,2026-07-02 09:37:44.911,buffer_data_reads,1522703895040,1522703895040,576460866.513408,enabled
1782985064.909,2026-07-02 09:37:44.911,buffer_data_written,676116912128,676116912128,255962398.227905,enabled
1782985064.909,2026-07-02 09:37:44.911,buffer_pages0_read,7,7,0.002650,enabled
1782985064.909,2026-07-02 09:37:44.911,buffer_pages_created,1824380,1824380,690.668545,enabled
1782985064.909,2026-07-02 09:37:44.911,buffer_pages_read,93200469,93200469,35283.565890,enabled
1782985064.909,2026-07-02 09:37:44.911,buffer_pages_written,30473665,30473665,11536.632615,enabled
1782985064.909,2026-07-02 09:37:44.911,buffer_pool_bytes_data,12851888128,12851888128,0.000000,enabled
1782985064.909,2026-07-02 09:37:44.911,buffer_pool_bytes_dirty,4642603008,4642603008,0.000000,enabled
1782985064.909,2026-07-02 09:37:44.911,buffer_pool_pages_data,784417,784417,0.000000,enabled
1782985064.909,2026-07-02 09:37:44.911,buffer_pool_pages_dirty,283362,283362,0.000000,enabled
1782985064.909,2026-07-02 09:37:44.911,buffer_pool_pages_flushed,30416595,30416595,0.000000,enabled
1782985064.909,2026-07-02 09:37:44.911,buffer_pool_pages_free,1918,1918,0.000000,enabled
1782985064.909,2026-07-02 09:37:44.911,buffer_pool_pages_lru_flushed,0,0,0.000000,enabled
1782985064.909,2026-07-02 09:37:44.911,buffer_pool_pages_misc,97,97,0.000000,enabled
1782985064.909,2026-07-02 09:37:44.911,buffer_pool_pages_total,786432,786432,0.000000,enabled
1782985064.909,2026-07-02 09:37:44.911,buffer_pool_reads,92285347,92285347,34937.122755,enabled
1782985064.909,2026-07-02 09:37:44.911,buffer_pool_read_ahead,803715,803715,304.268123,enabled
1782985064.909,2026-07-02 09:37:44.911,buffer_pool_read_ahead_evicted,25,25,0.009464,enabled
1782985064.909,2026-07-02 09:37:44.911,buffer_pool_read_requests,3132106563,3132106563,1185743.940084,enabled
1782985064.909,2026-07-02 09:37:44.911,buffer_pool_size,12884901888,12884901888,0.000000,enabled
1782985064.909,2026-07-02 09:37:44.911,buffer_pool_wait_free,18945,18945,7.172144,enabled
1782985064.909,2026-07-02 09:37:44.911,buffer_pool_write_requests,639642878,639642878,242154.170210,enabled
1782985064.909,2026-07-02 09:37:44.911,dml_deletes,14612099,14612099,5531.805664,enabled
1782985064.909,2026-07-02 09:37:44.911,dml_inserts,114497504,114497504,43346.129924,enabled
1782985064.909,2026-07-02 09:37:44.911,dml_system_deletes,468,468,0.177174,enabled
1782985064.909,2026-07-02 09:37:44.911,dml_system_inserts,1202,1202,0.455050,enabled
1782985064.909,2026-07-02 09:37:44.911,dml_system_reads,7661,7661,2.900279,enabled
1782985064.909,2026-07-02 09:37:44.911,dml_system_updates,620,620,0.234718,enabled
1782985064.909,2026-07-02 09:37:44.911,dml_updates,29224331,29224331,11063.661669,enabled
1782985064.909,2026-07-02 09:37:44.911,file_num_open_files,35,35,0.000000,enabled
1782985064.909,2026-07-02 09:37:44.911,ibuf_merges,0,0,0.000000,enabled
1782985064.909,2026-07-02 09:37:44.911,ibuf_merges_delete,0,0,0.000000,enabled
1782985064.909,2026-07-02 09:37:44.911,ibuf_merges_delete_mark,0,0,0.000000,enabled
1782985064.909,2026-07-02 09:37:44.911,ibuf_merges_discard_delete,0,0,0.000000,enabled
1782985064.909,2026-07-02 09:37:44.911,ibuf_merges_discard_delete_mark,0,0,0.000000,enabled
1782985064.909,2026-07-02 09:37:44.911,ibuf_merges_discard_insert,0,0,0.000000,enabled
1782985064.909,2026-07-02 09:37:44.911,ibuf_merges_insert,0,0,0.000000,enabled
1782985064.909,2026-07-02 09:37:44.911,ibuf_size,1,1,0.000379,enabled
1782985064.909,2026-07-02 09:37:44.911,innodb_activity_count,19696777,19696777,7456.748280,enabled
1782985064.909,2026-07-02 09:37:44.911,innodb_dblwr_pages_written,30414165,30414165,11514.105645,enabled
1782985064.909,2026-07-02 09:37:44.911,innodb_dblwr_writes,632014,632014,239.266012,enabled
1782985064.909,2026-07-02 09:37:44.911,innodb_page_size,16384,16384,0.000000,enabled
1782985064.909,2026-07-02 09:37:44.911,innodb_rwlock_sx_os_waits,0,0,0.000000,enabled
1782985064.909,2026-07-02 09:37:44.911,innodb_rwlock_sx_spin_rounds,0,0,0.000000,enabled
1782985064.909,2026-07-02 09:37:44.911,innodb_rwlock_sx_spin_waits,0,0,0.000000,enabled
1782985064.909,2026-07-02 09:37:44.911,innodb_rwlock_s_os_waits,0,0,0.000000,enabled
1782985064.909,2026-07-02 09:37:44.911,innodb_rwlock_s_spin_rounds,0,0,0.000000,enabled
1782985064.909,2026-07-02 09:37:44.911,innodb_rwlock_s_spin_waits,0,0,0.000000,enabled
1782985064.909,2026-07-02 09:37:44.911,innodb_rwlock_x_os_waits,0,0,0.000000,enabled
1782985064.909,2026-07-02 09:37:44.911,innodb_rwlock_x_spin_rounds,0,0,0.000000,enabled
1782985064.909,2026-07-02 09:37:44.911,innodb_rwlock_x_spin_waits,0,0,0.000000,enabled
1782985064.909,2026-07-02 09:37:44.911,lock_deadlocks,0,0,0.000000,enabled
1782985064.909,2026-07-02 09:37:44.911,lock_deadlock_false_positives,0,0,0.000000,enabled
1782985064.909,2026-07-02 09:37:44.911,lock_deadlock_rounds,2878,2878,1.089545,enabled
1782985064.909,2026-07-02 09:37:44.911,lock_rec_grant_attempts,425,425,0.160895,enabled
1782985064.909,2026-07-02 09:37:44.911,lock_rec_release_attempts,44414007,44414007,16814.127976,enabled
1782985064.909,2026-07-02 09:37:44.911,lock_row_lock_current_waits,0,0,0.000000,enabled
1782985064.909,2026-07-02 09:37:44.911,lock_row_lock_time,323,323,0.122280,enabled
1782985064.909,2026-07-02 09:37:44.911,lock_row_lock_time_avg,0,0,0.000000,enabled
1782985064.909,2026-07-02 09:37:44.911,lock_row_lock_time_max,29,29,0.000000,enabled
1782985064.909,2026-07-02 09:37:44.911,lock_row_lock_waits,425,425,0.160895,enabled
1782985064.909,2026-07-02 09:37:44.911,lock_schedule_refreshes,2878,2878,1.089545,enabled
1782985064.909,2026-07-02 09:37:44.911,lock_threads_waiting,0,0,0.000000,enabled
1782985064.909,2026-07-02 09:37:44.911,lock_timeouts,0,0,0.000000,enabled
1782985064.909,2026-07-02 09:37:44.911,log_waits,0,0,0.000000,enabled
1782985064.909,2026-07-02 09:37:44.911,log_writes,223737929,223737929,84702.054651,enabled
1782985064.909,2026-07-02 09:37:44.911,log_write_requests,433110232,433110232,163965.612513,enabled
1782985064.909,2026-07-02 09:37:44.911,os_data_fsyncs,65338856,65338856,24735.794826,enabled
1782985064.909,2026-07-02 09:37:44.911,os_data_reads,93236735,93236735,35297.293090,enabled
1782985064.909,2026-07-02 09:37:44.911,os_data_writes,255081144,255081144,96567.880626,enabled
1782985064.909,2026-07-02 09:37:44.911,os_log_bytes_written,139405414912,139405414912,52775698.055869,enabled
1782985064.909,2026-07-02 09:37:44.911,os_log_fsyncs,56919831,56919831,21548.544681,enabled
1782985064.909,2026-07-02 09:37:44.911,os_log_pending_fsyncs,1,1,0.000379,enabled
1782985064.909,2026-07-02 09:37:44.911,os_log_pending_writes,0,0,0.000000,enabled
1782985064.909,2026-07-02 09:37:44.911,trx_rseg_history_len,792,792,0.000000,enabled
1782985065.981,2026-07-02 09:37:45.982,adaptive_hash_searches,0,0,0.000000,enabled
1782985065.981,2026-07-02 09:37:45.982,adaptive_hash_searches_btree,648994334,648994334,245594.789080,enabled
1782985065.981,2026-07-02 09:37:45.982,buffer_data_reads,1523635849728,1523635849728,576579868.290947,enabled
1782985065.981,2026-07-02 09:37:45.982,buffer_data_written,676425206784,676425206784,255975308.328231,enabled
1782985065.981,2026-07-02 09:37:45.982,buffer_pages0_read,7,7,0.002649,enabled
1782985065.981,2026-07-02 09:37:45.982,buffer_pages_created,1824412,1824412,690.400688,enabled
1782985065.981,2026-07-02 09:37:45.982,buffer_pages_read,93257520,93257520,35290.852930,enabled
1782985065.981,2026-07-02 09:37:45.982,buffer_pages_written,30489553,30489553,11537.968560,enabled
1782985065.981,2026-07-02 09:37:45.982,buffer_pool_bytes_data,12852232192,12852232192,0.000000,enabled
1782985065.981,2026-07-02 09:37:45.982,buffer_pool_bytes_dirty,4650221568,4650221568,0.000000,enabled
1782985065.981,2026-07-02 09:37:45.982,buffer_pool_pages_data,784438,784438,0.000000,enabled
1782985065.981,2026-07-02 09:37:45.982,buffer_pool_pages_dirty,283827,283827,0.000000,enabled
1782985065.981,2026-07-02 09:37:45.982,buffer_pool_pages_flushed,30432483,30432483,0.000000,enabled
1782985065.981,2026-07-02 09:37:45.982,buffer_pool_pages_free,1897,1897,0.000000,enabled
1782985065.981,2026-07-02 09:37:45.982,buffer_pool_pages_lru_flushed,0,0,0.000000,enabled
1782985065.981,2026-07-02 09:37:45.982,buffer_pool_pages_misc,97,97,0.000000,enabled
1782985065.981,2026-07-02 09:37:45.982,buffer_pool_pages_total,786432,786432,0.000000,enabled
1782985065.981,2026-07-02 09:37:45.982,buffer_pool_reads,92342347,92342347,34944.530950,enabled
1782985065.981,2026-07-02 09:37:45.982,buffer_pool_read_ahead,803715,803715,304.144786,enabled
1782985065.981,2026-07-02 09:37:45.982,buffer_pool_read_ahead_evicted,25,25,0.009461,enabled
1782985065.981,2026-07-02 09:37:45.982,buffer_pool_read_requests,3132938452,3132938452,1185578.097582,enabled
1782985065.981,2026-07-02 09:37:45.982,buffer_pool_size,12884901888,12884901888,0.000000,enabled
1782985065.981,2026-07-02 09:37:45.982,buffer_pool_wait_free,18945,18945,7.169237,enabled
1782985065.981,2026-07-02 09:37:45.982,buffer_pool_write_requests,639755693,639755693,242098.703365,enabled
1782985065.981,2026-07-02 09:37:45.982,dml_deletes,14616954,14616954,5531.400595,enabled
1782985065.981,2026-07-02 09:37:45.982,dml_inserts,114502358,114502358,43330.396444,enabled
1782985065.981,2026-07-02 09:37:45.982,dml_system_deletes,468,468,0.177102,enabled
1782985065.981,2026-07-02 09:37:45.982,dml_system_inserts,1202,1202,0.454865,enabled
1782985065.981,2026-07-02 09:37:45.982,dml_system_reads,7661,7661,2.899103,enabled
1782985065.981,2026-07-02 09:37:45.982,dml_system_updates,620,620,0.234623,enabled
1782985065.981,2026-07-02 09:37:45.982,dml_updates,29234034,29234034,11062.848861,enabled
1782985065.981,2026-07-02 09:37:45.982,file_num_open_files,35,35,0.000000,enabled
1782985065.981,2026-07-02 09:37:45.982,ibuf_merges,0,0,0.000000,enabled
1782985065.981,2026-07-02 09:37:45.982,ibuf_merges_delete,0,0,0.000000,enabled
1782985065.981,2026-07-02 09:37:45.982,ibuf_merges_delete_mark,0,0,0.000000,enabled
1782985065.981,2026-07-02 09:37:45.982,ibuf_merges_discard_delete,0,0,0.000000,enabled
1782985065.981,2026-07-02 09:37:45.982,ibuf_merges_discard_delete_mark,0,0,0.000000,enabled
1782985065.981,2026-07-02 09:37:45.982,ibuf_merges_discard_insert,0,0,0.000000,enabled
1782985065.981,2026-07-02 09:37:45.982,ibuf_merges_insert,0,0,0.000000,enabled
1782985065.981,2026-07-02 09:37:45.982,ibuf_size,1,1,0.000378,enabled
1782985065.981,2026-07-02 09:37:45.982,innodb_activity_count,19702353,19702353,7455.835776,enabled
1782985065.981,2026-07-02 09:37:45.982,innodb_dblwr_pages_written,30430053,30430053,11515.450798,enabled
1782985065.981,2026-07-02 09:37:45.982,innodb_dblwr_writes,632376,632376,239.306015,enabled
1782985065.981,2026-07-02 09:37:45.982,innodb_page_size,16384,16384,0.000000,enabled
1782985065.981,2026-07-02 09:37:45.982,innodb_rwlock_sx_os_waits,0,0,0.000000,enabled
1782985065.981,2026-07-02 09:37:45.982,innodb_rwlock_sx_spin_rounds,0,0,0.000000,enabled
1782985065.981,2026-07-02 09:37:45.982,innodb_rwlock_sx_spin_waits,0,0,0.000000,enabled
1782985065.981,2026-07-02 09:37:45.982,innodb_rwlock_s_os_waits,0,0,0.000000,enabled
1782985065.981,2026-07-02 09:37:45.982,innodb_rwlock_s_spin_rounds,0,0,0.000000,enabled
1782985065.981,2026-07-02 09:37:45.982,innodb_rwlock_s_spin_waits,0,0,0.000000,enabled
1782985065.981,2026-07-02 09:37:45.982,innodb_rwlock_x_os_waits,0,0,0.000000,enabled
1782985065.981,2026-07-02 09:37:45.982,innodb_rwlock_x_spin_rounds,0,0,0.000000,enabled
1782985065.981,2026-07-02 09:37:45.982,innodb_rwlock_x_spin_waits,0,0,0.000000,enabled
1782985065.981,2026-07-02 09:37:45.982,lock_deadlocks,0,0,0.000000,enabled
1782985065.981,2026-07-02 09:37:45.982,lock_deadlock_false_positives,0,0,0.000000,enabled
1782985065.981,2026-07-02 09:37:45.982,lock_deadlock_rounds,2879,2879,1.089482,enabled
1782985065.981,2026-07-02 09:37:45.982,lock_rec_grant_attempts,425,425,0.160830,enabled
1782985065.981,2026-07-02 09:37:45.982,lock_rec_release_attempts,44428764,44428764,16812.896703,enabled
1782985065.981,2026-07-02 09:37:45.982,lock_row_lock_current_waits,0,0,0.000000,enabled
1782985065.981,2026-07-02 09:37:45.982,lock_row_lock_time,323,323,0.122231,enabled
1782985065.981,2026-07-02 09:37:45.982,lock_row_lock_time_avg,0,0,0.000000,enabled
1782985065.981,2026-07-02 09:37:45.982,lock_row_lock_time_max,29,29,0.000000,enabled
1782985065.981,2026-07-02 09:37:45.982,lock_row_lock_waits,425,425,0.160830,enabled
1782985065.981,2026-07-02 09:37:45.982,lock_schedule_refreshes,2879,2879,1.089482,enabled
1782985065.981,2026-07-02 09:37:45.982,lock_threads_waiting,0,0,0.000000,enabled
1782985065.981,2026-07-02 09:37:45.982,lock_timeouts,0,0,0.000000,enabled
1782985065.981,2026-07-02 09:37:45.982,log_waits,0,0,0.000000,enabled
1782985065.981,2026-07-02 09:37:45.982,log_writes,223818199,223818199,84698.096869,enabled
1782985065.981,2026-07-02 09:37:45.982,log_write_requests,433192767,433192767,163930.382479,enabled
1782985065.981,2026-07-02 09:37:45.982,os_data_fsyncs,65373090,65373090,24738.723207,enabled
1782985065.981,2026-07-02 09:37:45.982,os_data_reads,93293603,93293603,35304.505639,enabled
1782985065.981,2026-07-02 09:37:45.982,os_data_writes,255177574,255177574,96565.228534,enabled
1782985065.981,2026-07-02 09:37:45.982,os_log_bytes_written,139447279616,139447279616,52770148.181567,enabled
1782985065.981,2026-07-02 09:37:45.982,os_log_fsyncs,56949031,56949031,21550.860016,enabled
1782985065.981,2026-07-02 09:37:45.982,os_log_pending_fsyncs,1,1,0.000378,enabled
1782985065.981,2026-07-02 09:37:45.982,os_log_pending_writes,0,0,0.000000,enabled
1782985065.981,2026-07-02 09:37:45.982,trx_rseg_history_len,821,821,0.000000,enabled
1782985067.052,2026-07-02 09:37:47.054,adaptive_hash_searches,0,0,0.000000,enabled
1782985067.052,2026-07-02 09:37:47.054,adaptive_hash_searches_btree,649160629,649160629,245558.484538,enabled
1782985067.052,2026-07-02 09:37:47.054,buffer_data_reads,1524561758720,1524561758720,576697206.134721,enabled
1782985067.052,2026-07-02 09:37:47.054,buffer_data_written,676733666816,676733666816,255988589.815382,enabled
1782985067.052,2026-07-02 09:37:47.054,buffer_pages0_read,7,7,0.002648,enabled
1782985067.052,2026-07-02 09:37:47.054,buffer_pages_created,1824439,1824439,690.132017,enabled
1782985067.052,2026-07-02 09:37:47.054,buffer_pages_read,93314197,93314197,35298.036626,enabled
1782985067.052,2026-07-02 09:37:47.054,buffer_pages_written,30505495,30505495,11539.338251,enabled
1782985067.052,2026-07-02 09:37:47.054,buffer_pool_bytes_data,12859736064,12859736064,0.000000,enabled
1782985067.052,2026-07-02 09:37:47.054,buffer_pool_bytes_dirty,4653056000,4653056000,0.000000,enabled
1782985067.052,2026-07-02 09:37:47.054,buffer_pool_pages_data,784896,784896,0.000000,enabled
1782985067.052,2026-07-02 09:37:47.054,buffer_pool_pages_dirty,284000,284000,0.000000,enabled
1782985067.052,2026-07-02 09:37:47.054,buffer_pool_pages_flushed,30448419,30448419,0.000000,enabled
1782985067.052,2026-07-02 09:37:47.054,buffer_pool_pages_free,1440,1440,0.000000,enabled
1782985067.052,2026-07-02 09:37:47.054,buffer_pool_pages_lru_flushed,0,0,0.000000,enabled
1782985067.052,2026-07-02 09:37:47.054,buffer_pool_pages_misc,96,96,0.000000,enabled
1782985067.052,2026-07-02 09:37:47.054,buffer_pool_pages_total,786432,786432,0.000000,enabled
1782985067.052,2026-07-02 09:37:47.054,buffer_pool_reads,92398964,92398964,34951.831733,enabled
1782985067.052,2026-07-02 09:37:47.054,buffer_pool_read_ahead,803715,803715,304.021928,enabled
1782985067.052,2026-07-02 09:37:47.054,buffer_pool_read_ahead_evicted,25,25,0.009457,enabled
1782985067.052,2026-07-02 09:37:47.054,buffer_pool_read_requests,3133761848,3133761848,1185410.653776,enabled
1782985067.052,2026-07-02 09:37:47.054,buffer_pool_size,12884901888,12884901888,0.000000,enabled
1782985067.052,2026-07-02 09:37:47.054,buffer_pool_wait_free,18945,18945,7.166341,enabled
1782985067.052,2026-07-02 09:37:47.054,buffer_pool_write_requests,639867089,639867089,242043.046220,enabled
1782985067.052,2026-07-02 09:37:47.054,dml_deletes,14621766,14621766,5530.986377,enabled
1782985067.052,2026-07-02 09:37:47.054,dml_inserts,114507170,114507170,43314.713008,enabled
1782985067.052,2026-07-02 09:37:47.054,dml_system_deletes,468,468,0.177031,enabled
1782985067.052,2026-07-02 09:37:47.054,dml_system_inserts,1202,1202,0.454681,enabled
1782985067.052,2026-07-02 09:37:47.054,dml_system_reads,7661,7661,2.897932,enabled
1782985067.052,2026-07-02 09:37:47.054,dml_system_updates,620,620,0.234528,enabled
1782985067.052,2026-07-02 09:37:47.054,dml_updates,29243661,29243661,11062.021542,enabled
1782985067.052,2026-07-02 09:37:47.054,file_num_open_files,35,35,0.000000,enabled
1782985067.052,2026-07-02 09:37:47.054,ibuf_merges,0,0,0.000000,enabled
1782985067.052,2026-07-02 09:37:47.054,ibuf_merges_delete,0,0,0.000000,enabled
1782985067.052,2026-07-02 09:37:47.054,ibuf_merges_delete_mark,0,0,0.000000,enabled
1782985067.052,2026-07-02 09:37:47.054,ibuf_merges_discard_delete,0,0,0.000000,enabled
1782985067.052,2026-07-02 09:37:47.054,ibuf_merges_discard_delete_mark,0,0,0.000000,enabled
1782985067.052,2026-07-02 09:37:47.054,ibuf_merges_discard_insert,0,0,0.000000,enabled
1782985067.052,2026-07-02 09:37:47.054,ibuf_merges_insert,0,0,0.000000,enabled
1782985067.052,2026-07-02 09:37:47.054,ibuf_size,1,1,0.000378,enabled
1782985067.052,2026-07-02 09:37:47.054,innodb_activity_count,19707883,19707883,7454.915788,enabled
1782985067.052,2026-07-02 09:37:47.054,innodb_dblwr_pages_written,30446026,30446026,11516.841172,enabled
1782985067.052,2026-07-02 09:37:47.054,innodb_dblwr_writes,632695,632695,239.330014,enabled
1782985067.052,2026-07-02 09:37:47.054,innodb_page_size,16384,16384,0.000000,enabled
1782985067.052,2026-07-02 09:37:47.054,innodb_rwlock_sx_os_waits,0,0,0.000000,enabled
1782985067.052,2026-07-02 09:37:47.054,innodb_rwlock_sx_spin_rounds,0,0,0.000000,enabled
1782985067.052,2026-07-02 09:37:47.054,innodb_rwlock_sx_spin_waits,0,0,0.000000,enabled
1782985067.052,2026-07-02 09:37:47.054,innodb_rwlock_s_os_waits,0,0,0.000000,enabled
1782985067.052,2026-07-02 09:37:47.054,innodb_rwlock_s_spin_rounds,0,0,0.000000,enabled
1782985067.052,2026-07-02 09:37:47.054,innodb_rwlock_s_spin_waits,0,0,0.000000,enabled
1782985067.052,2026-07-02 09:37:47.054,innodb_rwlock_x_os_waits,0,0,0.000000,enabled
1782985067.052,2026-07-02 09:37:47.054,innodb_rwlock_x_spin_rounds,0,0,0.000000,enabled
1782985067.052,2026-07-02 09:37:47.054,innodb_rwlock_x_spin_waits,0,0,0.000000,enabled
1782985067.052,2026-07-02 09:37:47.054,lock_deadlocks,0,0,0.000000,enabled
1782985067.052,2026-07-02 09:37:47.054,lock_deadlock_false_positives,0,0,0.000000,enabled
1782985067.052,2026-07-02 09:37:47.054,lock_deadlock_rounds,2880,2880,1.089420,enabled
1782985067.052,2026-07-02 09:37:47.054,lock_rec_grant_attempts,425,425,0.160765,enabled
1782985067.052,2026-07-02 09:37:47.054,lock_rec_release_attempts,44443373,44443373,16811.631256,enabled
1782985067.052,2026-07-02 09:37:47.054,lock_row_lock_current_waits,0,0,0.000000,enabled
1782985067.052,2026-07-02 09:37:47.054,lock_row_lock_time,323,323,0.122181,enabled
1782985067.052,2026-07-02 09:37:47.054,lock_row_lock_time_avg,0,0,0.000000,enabled
1782985067.052,2026-07-02 09:37:47.054,lock_row_lock_time_max,29,29,0.000000,enabled
1782985067.052,2026-07-02 09:37:47.054,lock_row_lock_waits,425,425,0.160765,enabled
1782985067.052,2026-07-02 09:37:47.054,lock_schedule_refreshes,2880,2880,1.089420,enabled
1782985067.052,2026-07-02 09:37:47.054,lock_threads_waiting,0,0,0.000000,enabled
1782985067.052,2026-07-02 09:37:47.054,lock_timeouts,0,0,0.000000,enabled
1782985067.052,2026-07-02 09:37:47.054,log_waits,0,0,0.000000,enabled
1782985067.052,2026-07-02 09:37:47.054,log_writes,223897786,223897786,84693.988507,enabled
1782985067.052,2026-07-02 09:37:47.054,log_write_requests,433274518,433274518,163895.086840,enabled
1782985067.052,2026-07-02 09:37:47.054,os_data_fsyncs,65406302,65406302,24741.293125,enabled
1782985067.052,2026-07-02 09:37:47.054,os_data_reads,93350137,93350137,35311.629542,enabled
1782985067.052,2026-07-02 09:37:47.054,os_data_writes,255273335,255273335,96562.444580,enabled
1782985067.052,2026-07-02 09:37:47.054,os_log_bytes_written,139488604672,139488604672,52764463.723433,enabled
1782985067.052,2026-07-02 09:37:47.054,os_log_fsyncs,56977730,56977730,21553.010529,enabled
1782985067.052,2026-07-02 09:37:47.054,os_log_pending_fsyncs,1,1,0.000378,enabled
1782985067.052,2026-07-02 09:37:47.054,os_log_pending_writes,0,0,0.000000,enabled
1782985067.052,2026-07-02 09:37:47.054,trx_rseg_history_len,799,799,0.000000,enabled
1782985068.120,2026-07-02 09:37:48.122,adaptive_hash_searches,0,0,0.000000,enabled
1782985068.120,2026-07-02 09:37:48.122,adaptive_hash_searches_btree,649327459,649327459,245522.171243,enabled
1782985068.120,2026-07-02 09:37:48.122,buffer_data_reads,1525492582912,1525492582912,576815723.885846,enabled
1782985068.120,2026-07-02 09:37:48.122,buffer_data_written,677042959872,677042959872,256001916.431394,enabled
1782985068.120,2026-07-02 09:37:48.122,buffer_pages0_read,7,7,0.002647,enabled
1782985068.120,2026-07-02 09:37:48.122,buffer_pages_created,1824462,1824462,689.861354,enabled
1782985068.120,2026-07-02 09:37:48.122,buffer_pages_read,93371169,93371169,35305.290330,enabled
1782985068.120,2026-07-02 09:37:48.122,buffer_pages_written,30521501,30521501,11540.719360,enabled
1782985068.120,2026-07-02 09:37:48.122,buffer_pool_bytes_data,12855132160,12855132160,0.000000,enabled
1782985068.120,2026-07-02 09:37:48.122,buffer_pool_bytes_dirty,4658118656,4658118656,0.000000,enabled
1782985068.120,2026-07-02 09:37:48.122,buffer_pool_pages_data,784614,784614,0.000000,enabled
1782985068.120,2026-07-02 09:37:48.122,buffer_pool_pages_dirty,284309,284309,0.000000,enabled
1782985068.120,2026-07-02 09:37:48.122,buffer_pool_pages_flushed,30464431,30464431,0.000000,enabled
1782985068.120,2026-07-02 09:37:48.122,buffer_pool_pages_free,1721,1721,0.000000,enabled
1782985068.120,2026-07-02 09:37:48.122,buffer_pool_pages_lru_flushed,0,0,0.000000,enabled
1782985068.120,2026-07-02 09:37:48.122,buffer_pool_pages_misc,97,97,0.000000,enabled
1782985068.120,2026-07-02 09:37:48.122,buffer_pool_pages_total,786432,786432,0.000000,enabled
1782985068.120,2026-07-02 09:37:48.122,buffer_pool_reads,92455887,92455887,34959.207088,enabled
1782985068.120,2026-07-02 09:37:48.122,buffer_pool_read_ahead,803715,803715,303.898862,enabled
1782985068.120,2026-07-02 09:37:48.122,buffer_pool_read_ahead_evicted,25,25,0.009453,enabled
1782985068.120,2026-07-02 09:37:48.122,buffer_pool_read_requests,3134588848,3134588848,1185243.511521,enabled
1782985068.120,2026-07-02 09:37:48.122,buffer_pool_size,12884901888,12884901888,0.000000,enabled
1782985068.120,2026-07-02 09:37:48.122,buffer_pool_wait_free,18945,18945,7.163440,enabled
1782985068.120,2026-07-02 09:37:48.122,buffer_pool_write_requests,639978887,639978887,241987.341740,enabled
1782985068.120,2026-07-02 09:37:48.122,dml_deletes,14626588,14626588,5530.570920,enabled
1782985068.120,2026-07-02 09:37:48.122,dml_inserts,114511993,114511993,43299.004459,enabled
1782985068.120,2026-07-02 09:37:48.122,dml_system_deletes,468,468,0.176959,enabled
1782985068.120,2026-07-02 09:37:48.122,dml_system_inserts,1202,1202,0.454497,enabled
1782985068.120,2026-07-02 09:37:48.122,dml_system_reads,7661,7661,2.896759,enabled
1782985068.120,2026-07-02 09:37:48.122,dml_system_updates,620,620,0.234433,enabled
1782985068.120,2026-07-02 09:37:48.122,dml_updates,29253304,29253304,11061.190231,enabled
1782985068.120,2026-07-02 09:37:48.122,file_num_open_files,35,35,0.000000,enabled
1782985068.120,2026-07-02 09:37:48.122,ibuf_merges,0,0,0.000000,enabled
1782985068.120,2026-07-02 09:37:48.122,ibuf_merges_delete,0,0,0.000000,enabled
1782985068.120,2026-07-02 09:37:48.122,ibuf_merges_delete_mark,0,0,0.000000,enabled
1782985068.120,2026-07-02 09:37:48.122,ibuf_merges_discard_delete,0,0,0.000000,enabled
1782985068.120,2026-07-02 09:37:48.122,ibuf_merges_discard_delete_mark,0,0,0.000000,enabled
1782985068.120,2026-07-02 09:37:48.122,ibuf_merges_discard_insert,0,0,0.000000,enabled
1782985068.120,2026-07-02 09:37:48.122,ibuf_merges_insert,0,0,0.000000,enabled
1782985068.120,2026-07-02 09:37:48.122,ibuf_size,1,1,0.000378,enabled
1782985068.120,2026-07-02 09:37:48.122,innodb_activity_count,19713421,19713421,7453.992301,enabled
1782985068.120,2026-07-02 09:37:48.122,innodb_dblwr_pages_written,30462001,30462001,11518.219982,enabled
1782985068.120,2026-07-02 09:37:48.122,innodb_dblwr_writes,633065,633065,239.373045,enabled
1782985068.120,2026-07-02 09:37:48.122,innodb_page_size,16384,16384,0.000000,enabled
1782985068.120,2026-07-02 09:37:48.122,innodb_rwlock_sx_os_waits,0,0,0.000000,enabled
1782985068.120,2026-07-02 09:37:48.122,innodb_rwlock_sx_spin_rounds,0,0,0.000000,enabled
1782985068.120,2026-07-02 09:37:48.122,innodb_rwlock_sx_spin_waits,0,0,0.000000,enabled
1782985068.120,2026-07-02 09:37:48.122,innodb_rwlock_s_os_waits,0,0,0.000000,enabled
1782985068.120,2026-07-02 09:37:48.122,innodb_rwlock_s_spin_rounds,0,0,0.000000,enabled
1782985068.120,2026-07-02 09:37:48.122,innodb_rwlock_s_spin_waits,0,0,0.000000,enabled
1782985068.120,2026-07-02 09:37:48.122,innodb_rwlock_x_os_waits,0,0,0.000000,enabled
1782985068.120,2026-07-02 09:37:48.122,innodb_rwlock_x_spin_rounds,0,0,0.000000,enabled
1782985068.120,2026-07-02 09:37:48.122,innodb_rwlock_x_spin_waits,0,0,0.000000,enabled
1782985068.120,2026-07-02 09:37:48.122,lock_deadlocks,0,0,0.000000,enabled
1782985068.120,2026-07-02 09:37:48.122,lock_deadlock_false_positives,0,0,0.000000,enabled
1782985068.120,2026-07-02 09:37:48.122,lock_deadlock_rounds,2881,2881,1.089357,enabled
1782985068.120,2026-07-02 09:37:48.122,lock_rec_grant_attempts,425,425,0.160700,enabled
1782985068.120,2026-07-02 09:37:48.122,lock_rec_release_attempts,44458065,44458065,16810.381330,enabled
1782985068.120,2026-07-02 09:37:48.122,lock_row_lock_current_waits,0,0,0.000000,enabled
1782985068.120,2026-07-02 09:37:48.122,lock_row_lock_time,323,323,0.122132,enabled
1782985068.120,2026-07-02 09:37:48.122,lock_row_lock_time_avg,0,0,0.000000,enabled
1782985068.120,2026-07-02 09:37:48.122,lock_row_lock_time_max,29,29,0.000000,enabled
1782985068.120,2026-07-02 09:37:48.122,lock_row_lock_waits,425,425,0.160700,enabled
1782985068.120,2026-07-02 09:37:48.122,lock_schedule_refreshes,2881,2881,1.089357,enabled
1782985068.120,2026-07-02 09:37:48.122,lock_threads_waiting,0,0,0.000000,enabled
1782985068.120,2026-07-02 09:37:48.122,lock_timeouts,0,0,0.000000,enabled
1782985068.120,2026-07-02 09:37:48.122,log_waits,0,0,0.000000,enabled
1782985068.120,2026-07-02 09:37:48.122,log_writes,223976976,223976976,84689.649293,enabled
1782985068.120,2026-07-02 09:37:48.122,log_write_requests,433356695,433356695,163859.818064,enabled
1782985068.120,2026-07-02 09:37:48.122,os_data_fsyncs,65440362,65440362,24744.156913,enabled
1782985068.120,2026-07-02 09:37:48.122,os_data_reads,93406931,93406931,35318.810740,enabled
1782985068.120,2026-07-02 09:37:48.122,os_data_writes,255368802,255368802,96559.455332,enabled
1782985068.120,2026-07-02 09:37:48.122,os_log_bytes_written,139529909760,139529909760,52758723.675804,enabled
1782985068.120,2026-07-02 09:37:48.122,os_log_fsyncs,57006719,57006719,21555.247464,enabled
1782985068.120,2026-07-02 09:37:48.122,os_log_pending_fsyncs,1,1,0.000378,enabled
1782985068.120,2026-07-02 09:37:48.122,os_log_pending_writes,0,0,0.000000,enabled
1782985068.120,2026-07-02 09:37:48.122,trx_rseg_history_len,683,683,0.000000,enabled
1782985069.191,2026-07-02 09:37:49.193,adaptive_hash_searches,0,0,0.000000,enabled
1782985069.191,2026-07-02 09:37:49.193,adaptive_hash_searches_btree,649497433,649497433,245486.906163,enabled
1782985069.191,2026-07-02 09:37:49.193,buffer_data_reads,1526436776448,1526436776448,576938820.922609,enabled
1782985069.191,2026-07-02 09:37:49.193,buffer_data_written,677353620480,677353620480,256015581.462269,enabled
1782985069.191,2026-07-02 09:37:49.193,buffer_pages0_read,7,7,0.002646,enabled
1782985069.191,2026-07-02 09:37:49.193,buffer_pages_created,1824497,1824497,689.594991,enabled
1782985069.191,2026-07-02 09:37:49.193,buffer_pages_read,93428948,93428948,35312.820036,enabled
1782985069.191,2026-07-02 09:37:49.193,buffer_pages_written,30537606,30537606,11542.129193,enabled
1782985069.191,2026-07-02 09:37:49.193,buffer_pool_bytes_data,12850774016,12850774016,0.000000,enabled
1782985069.191,2026-07-02 09:37:49.193,buffer_pool_bytes_dirty,4664803328,4664803328,0.000000,enabled
1782985069.191,2026-07-02 09:37:49.193,buffer_pool_pages_data,784349,784349,0.000000,enabled
1782985069.191,2026-07-02 09:37:49.193,buffer_pool_pages_dirty,284717,284717,0.000000,enabled
1782985069.191,2026-07-02 09:37:49.193,buffer_pool_pages_flushed,30480536,30480536,0.000000,enabled
1782985069.191,2026-07-02 09:37:49.193,buffer_pool_pages_free,1987,1987,0.000000,enabled
1782985069.191,2026-07-02 09:37:49.193,buffer_pool_pages_lru_flushed,0,0,0.000000,enabled
1782985069.191,2026-07-02 09:37:49.193,buffer_pool_pages_misc,96,96,0.000000,enabled
1782985069.191,2026-07-02 09:37:49.193,buffer_pool_pages_total,786432,786432,0.000000,enabled
1782985069.191,2026-07-02 09:37:49.193,buffer_pool_reads,92513614,92513614,34966.857349,enabled
1782985069.191,2026-07-02 09:37:49.193,buffer_pool_read_ahead,803715,803715,303.775696,enabled
1782985069.191,2026-07-02 09:37:49.193,buffer_pool_read_ahead_evicted,25,25,0.009449,enabled
1782985069.191,2026-07-02 09:37:49.193,buffer_pool_read_requests,3135430297,3135430297,1185081.186716,enabled
1782985069.191,2026-07-02 09:37:49.193,buffer_pool_size,12884901888,12884901888,0.000000,enabled
1782985069.191,2026-07-02 09:37:49.193,buffer_pool_wait_free,18945,18945,7.160536,enabled
1782985069.191,2026-07-02 09:37:49.193,buffer_pool_write_requests,640092798,640092798,241932.321989,enabled
1782985069.191,2026-07-02 09:37:49.193,dml_deletes,14631498,14631498,5530.185207,enabled
1782985069.191,2026-07-02 09:37:49.193,dml_inserts,114516903,114516903,43283.311345,enabled
1782985069.191,2026-07-02 09:37:49.193,dml_system_deletes,468,468,0.176887,enabled
1782985069.191,2026-07-02 09:37:49.193,dml_system_inserts,1202,1202,0.454313,enabled
1782985069.191,2026-07-02 09:37:49.193,dml_system_reads,7661,7661,2.895585,enabled
1782985069.191,2026-07-02 09:37:49.193,dml_system_updates,620,620,0.234338,enabled
1782985069.191,2026-07-02 09:37:49.193,dml_updates,29263127,29263127,11060.419921,enabled
1782985069.191,2026-07-02 09:37:49.193,file_num_open_files,35,35,0.000000,enabled
1782985069.191,2026-07-02 09:37:49.193,ibuf_merges,0,0,0.000000,enabled
1782985069.191,2026-07-02 09:37:49.193,ibuf_merges_delete,0,0,0.000000,enabled
1782985069.191,2026-07-02 09:37:49.193,ibuf_merges_delete_mark,0,0,0.000000,enabled
1782985069.191,2026-07-02 09:37:49.193,ibuf_merges_discard_delete,0,0,0.000000,enabled
1782985069.191,2026-07-02 09:37:49.193,ibuf_merges_discard_delete_mark,0,0,0.000000,enabled
1782985069.191,2026-07-02 09:37:49.193,ibuf_merges_discard_insert,0,0,0.000000,enabled
1782985069.191,2026-07-02 09:37:49.193,ibuf_merges_insert,0,0,0.000000,enabled
1782985069.191,2026-07-02 09:37:49.193,ibuf_size,1,1,0.000378,enabled
1782985069.191,2026-07-02 09:37:49.193,innodb_activity_count,19719062,19719062,7453.103320,enabled
1782985069.191,2026-07-02 09:37:49.193,innodb_dblwr_pages_written,30478106,30478106,11519.638806,enabled
1782985069.191,2026-07-02 09:37:49.193,innodb_dblwr_writes,633454,633454,239.423056,enabled
1782985069.191,2026-07-02 09:37:49.193,innodb_page_size,16384,16384,0.000000,enabled
1782985069.191,2026-07-02 09:37:49.193,innodb_rwlock_sx_os_waits,0,0,0.000000,enabled
1782985069.191,2026-07-02 09:37:49.193,innodb_rwlock_sx_spin_rounds,0,0,0.000000,enabled
1782985069.191,2026-07-02 09:37:49.193,innodb_rwlock_sx_spin_waits,0,0,0.000000,enabled
1782985069.191,2026-07-02 09:37:49.193,innodb_rwlock_s_os_waits,0,0,0.000000,enabled
1782985069.191,2026-07-02 09:37:49.193,innodb_rwlock_s_spin_rounds,0,0,0.000000,enabled
1782985069.191,2026-07-02 09:37:49.193,innodb_rwlock_s_spin_waits,0,0,0.000000,enabled
1782985069.191,2026-07-02 09:37:49.193,innodb_rwlock_x_os_waits,0,0,0.000000,enabled
1782985069.191,2026-07-02 09:37:49.193,innodb_rwlock_x_spin_rounds,0,0,0.000000,enabled
1782985069.191,2026-07-02 09:37:49.193,innodb_rwlock_x_spin_waits,0,0,0.000000,enabled
1782985069.191,2026-07-02 09:37:49.193,lock_deadlocks,0,0,0.000000,enabled
1782985069.191,2026-07-02 09:37:49.193,lock_deadlock_false_positives,0,0,0.000000,enabled
1782985069.191,2026-07-02 09:37:49.193,lock_deadlock_rounds,2883,2883,1.089672,enabled
1782985069.191,2026-07-02 09:37:49.193,lock_rec_grant_attempts,425,425,0.160635,enabled
1782985069.191,2026-07-02 09:37:49.193,lock_rec_release_attempts,44472978,44472978,16809.204911,enabled
1782985069.191,2026-07-02 09:37:49.193,lock_row_lock_current_waits,0,0,0.000000,enabled
1782985069.191,2026-07-02 09:37:49.193,lock_row_lock_time,323,323,0.122083,enabled
1782985069.191,2026-07-02 09:37:49.193,lock_row_lock_time_avg,0,0,0.000000,enabled
1782985069.191,2026-07-02 09:37:49.193,lock_row_lock_time_max,29,29,0.000000,enabled
1782985069.191,2026-07-02 09:37:49.193,lock_row_lock_waits,425,425,0.160635,enabled
1782985069.191,2026-07-02 09:37:49.193,lock_schedule_refreshes,2883,2883,1.089672,enabled
1782985069.191,2026-07-02 09:37:49.193,lock_threads_waiting,0,0,0.000000,enabled
1782985069.191,2026-07-02 09:37:49.193,lock_timeouts,0,0,0.000000,enabled
1782985069.191,2026-07-02 09:37:49.193,log_waits,0,0,0.000000,enabled
1782985069.191,2026-07-02 09:37:49.193,log_writes,224055069,224055069,84684.841523,enabled
1782985069.191,2026-07-02 09:37:49.193,log_write_requests,433440191,433440191,163824.965302,enabled
1782985069.191,2026-07-02 09:37:49.193,os_data_fsyncs,65474104,65474104,24746.881697,enabled
1782985069.191,2026-07-02 09:37:49.193,os_data_reads,93464553,93464553,35326.275545,enabled
1782985069.191,2026-07-02 09:37:49.193,os_data_writes,255463295,255463295,96556.036017,enabled
1782985069.191,2026-07-02 09:37:49.193,os_log_bytes_written,139570644480,139570644480,52752737.507037,enabled
1782985069.191,2026-07-02 09:37:49.193,os_log_fsyncs,57035217,57035217,21557.282619,enabled
1782985069.191,2026-07-02 09:37:49.193,os_log_pending_fsyncs,1,1,0.000378,enabled
1782985069.191,2026-07-02 09:37:49.193,os_log_pending_writes,0,0,0.000000,enabled
1782985069.191,2026-07-02 09:37:49.193,trx_rseg_history_len,752,752,0.000000,enabled
1782985070.264,2026-07-02 09:37:50.265,adaptive_hash_searches,0,0,0.000000,enabled
1782985070.264,2026-07-02 09:37:50.265,adaptive_hash_searches_btree,649665331,649665331,245450.939634,enabled
1782985070.264,2026-07-02 09:37:50.265,buffer_data_reads,1527369550336,1527369550336,577057620.552698,enabled
1782985070.264,2026-07-02 09:37:50.265,buffer_data_written,677662534144,677662534144,256028627.207764,enabled
1782985070.264,2026-07-02 09:37:50.265,buffer_pages0_read,7,7,0.002645,enabled
1782985070.264,2026-07-02 09:37:50.265,buffer_pages_created,1824529,1824529,689.327852,enabled
1782985070.264,2026-07-02 09:37:50.265,buffer_pages_read,93486073,93486073,35320.103721,enabled
1782985070.264,2026-07-02 09:37:50.265,buffer_pages_written,30553596,30553596,11543.496781,enabled
1782985070.264,2026-07-02 09:37:50.265,buffer_pool_bytes_data,12852740096,12852740096,0.000000,enabled
1782985070.264,2026-07-02 09:37:50.265,buffer_pool_bytes_dirty,4671406080,4671406080,0.000000,enabled
1782985070.264,2026-07-02 09:37:50.265,buffer_pool_pages_data,784469,784469,0.000000,enabled
1782985070.264,2026-07-02 09:37:50.265,buffer_pool_pages_dirty,285119,285119,0.000000,enabled
1782985070.264,2026-07-02 09:37:50.265,buffer_pool_pages_flushed,30496526,30496526,0.000000,enabled
1782985070.264,2026-07-02 09:37:50.265,buffer_pool_pages_free,1867,1867,0.000000,enabled
1782985070.264,2026-07-02 09:37:50.265,buffer_pool_pages_lru_flushed,0,0,0.000000,enabled
1782985070.264,2026-07-02 09:37:50.265,buffer_pool_pages_misc,96,96,0.000000,enabled
1782985070.264,2026-07-02 09:37:50.265,buffer_pool_pages_total,786432,786432,0.000000,enabled
1782985070.264,2026-07-02 09:37:50.265,buffer_pool_reads,92570670,92570670,34974.255068,enabled
1782985070.264,2026-07-02 09:37:50.265,buffer_pool_read_ahead,803715,803715,303.652692,enabled
1782985070.264,2026-07-02 09:37:50.265,buffer_pool_read_ahead_evicted,25,25,0.009445,enabled
1782985070.264,2026-07-02 09:37:50.265,buffer_pool_read_requests,3136262493,3136262493,1184915.739684,enabled
1782985070.264,2026-07-02 09:37:50.265,buffer_pool_size,12884901888,12884901888,0.000000,enabled
1782985070.264,2026-07-02 09:37:50.265,buffer_pool_wait_free,18945,18945,7.157637,enabled
1782985070.264,2026-07-02 09:37:50.265,buffer_pool_write_requests,640205132,640205132,241876.800409,enabled
1782985070.264,2026-07-02 09:37:50.265,dml_deletes,14636364,14636364,5529.784409,enabled
1782985070.264,2026-07-02 09:37:50.265,dml_inserts,114521768,114521768,43267.623552,enabled
1782985070.264,2026-07-02 09:37:50.265,dml_system_deletes,468,468,0.176816,enabled
1782985070.264,2026-07-02 09:37:50.265,dml_system_inserts,1202,1202,0.454129,enabled
1782985070.264,2026-07-02 09:37:50.265,dml_system_reads,7661,7661,2.894413,enabled
1782985070.264,2026-07-02 09:37:50.265,dml_system_updates,620,620,0.234243,enabled
1782985070.264,2026-07-02 09:37:50.265,dml_updates,29272858,29272858,11059.617927,enabled
1782985070.264,2026-07-02 09:37:50.265,file_num_open_files,35,35,0.000000,enabled
1782985070.264,2026-07-02 09:37:50.265,ibuf_merges,0,0,0.000000,enabled
1782985070.264,2026-07-02 09:37:50.265,ibuf_merges_delete,0,0,0.000000,enabled
1782985070.264,2026-07-02 09:37:50.265,ibuf_merges_delete_mark,0,0,0.000000,enabled
1782985070.264,2026-07-02 09:37:50.265,ibuf_merges_discard_delete,0,0,0.000000,enabled
1782985070.264,2026-07-02 09:37:50.265,ibuf_merges_discard_delete_mark,0,0,0.000000,enabled
1782985070.264,2026-07-02 09:37:50.265,ibuf_merges_discard_insert,0,0,0.000000,enabled
1782985070.264,2026-07-02 09:37:50.265,ibuf_merges_insert,0,0,0.000000,enabled
1782985070.264,2026-07-02 09:37:50.265,ibuf_size,1,1,0.000378,enabled
1782985070.264,2026-07-02 09:37:50.265,innodb_activity_count,19724652,19724652,7452.197444,enabled
1782985070.264,2026-07-02 09:37:50.265,innodb_dblwr_pages_written,30494096,30494096,11521.015589,enabled
1782985070.264,2026-07-02 09:37:50.265,innodb_dblwr_writes,633840,633840,239.471946,enabled
1782985070.264,2026-07-02 09:37:50.265,innodb_page_size,16384,16384,0.000000,enabled
1782985070.264,2026-07-02 09:37:50.265,innodb_rwlock_sx_os_waits,0,0,0.000000,enabled
1782985070.264,2026-07-02 09:37:50.265,innodb_rwlock_sx_spin_rounds,0,0,0.000000,enabled
1782985070.264,2026-07-02 09:37:50.265,innodb_rwlock_sx_spin_waits,0,0,0.000000,enabled
1782985070.264,2026-07-02 09:37:50.265,innodb_rwlock_s_os_waits,0,0,0.000000,enabled
1782985070.264,2026-07-02 09:37:50.265,innodb_rwlock_s_spin_rounds,0,0,0.000000,enabled
1782985070.264,2026-07-02 09:37:50.265,innodb_rwlock_s_spin_waits,0,0,0.000000,enabled
1782985070.264,2026-07-02 09:37:50.265,innodb_rwlock_x_os_waits,0,0,0.000000,enabled
1782985070.264,2026-07-02 09:37:50.265,innodb_rwlock_x_spin_rounds,0,0,0.000000,enabled
1782985070.264,2026-07-02 09:37:50.265,innodb_rwlock_x_spin_waits,0,0,0.000000,enabled
1782985070.264,2026-07-02 09:37:50.265,lock_deadlocks,0,0,0.000000,enabled
1782985070.264,2026-07-02 09:37:50.265,lock_deadlock_false_positives,0,0,0.000000,enabled
1782985070.264,2026-07-02 09:37:50.265,lock_deadlock_rounds,2884,2884,1.089608,enabled
1782985070.264,2026-07-02 09:37:50.265,lock_rec_grant_attempts,425,425,0.160570,enabled
1782985070.264,2026-07-02 09:37:50.265,lock_rec_release_attempts,44487793,44487793,16807.995849,enabled
1782985070.264,2026-07-02 09:37:50.265,lock_row_lock_current_waits,0,0,0.000000,enabled
1782985070.264,2026-07-02 09:37:50.265,lock_row_lock_time,323,323,0.122033,enabled
1782985070.264,2026-07-02 09:37:50.265,lock_row_lock_time_avg,0,0,0.000000,enabled
1782985070.264,2026-07-02 09:37:50.265,lock_row_lock_time_max,29,29,0.000000,enabled
1782985070.264,2026-07-02 09:37:50.265,lock_row_lock_waits,425,425,0.160570,enabled
1782985070.264,2026-07-02 09:37:50.265,lock_schedule_refreshes,2884,2884,1.089608,enabled
1782985070.264,2026-07-02 09:37:50.265,lock_threads_waiting,0,0,0.000000,enabled
1782985070.264,2026-07-02 09:37:50.265,lock_timeouts,0,0,0.000000,enabled
1782985070.264,2026-07-02 09:37:50.265,log_waits,0,0,0.000000,enabled
1782985070.264,2026-07-02 09:37:50.265,log_writes,224133331,224133331,84680.119893,enabled
1782985070.264,2026-07-02 09:37:50.265,log_write_requests,433522766,433522766,163789.828382,enabled
1782985070.264,2026-07-02 09:37:50.265,os_data_fsyncs,65507647,65507647,24749.534185,enabled
1782985070.264,2026-07-02 09:37:50.265,os_data_reads,93521488,93521488,35333.482017,enabled
1782985070.264,2026-07-02 09:37:50.265,os_data_writes,255557854,255557854,96552.664274,enabled
1782985070.264,2026-07-02 09:37:50.265,os_log_bytes_written,139611506688,139611506688,52746815.222809,enabled
1782985070.264,2026-07-02 09:37:50.265,os_log_fsyncs,57063768,57063768,21559.340603,enabled
1782985070.264,2026-07-02 09:37:50.265,os_log_pending_fsyncs,0,0,0.000000,enabled
1782985070.264,2026-07-02 09:37:50.265,os_log_pending_writes,0,0,0.000000,enabled
1782985070.264,2026-07-02 09:37:50.265,trx_rseg_history_len,799,799,0.000000,enabled
1782985071.335,2026-07-02 09:37:51.337,adaptive_hash_searches,0,0,0.000000,enabled
1782985071.335,2026-07-02 09:37:51.337,adaptive_hash_searches_btree,649833205,649833205,245415.228218,enabled
1782985071.335,2026-07-02 09:37:51.337,buffer_data_reads,1528306059776,1528306059776,577178298.103124,enabled
1782985071.335,2026-07-02 09:37:51.337,buffer_data_written,677974378496,677974378496,256043019.136508,enabled
1782985071.335,2026-07-02 09:37:51.337,buffer_pages0_read,7,7,0.002644,enabled
1782985071.335,2026-07-02 09:37:51.337,buffer_pages_created,1824549,1824549,689.057069,enabled
1782985071.335,2026-07-02 09:37:51.337,buffer_pages_read,93543412,93543412,35327.496787,enabled
1782985071.335,2026-07-02 09:37:51.337,buffer_pages_written,30569723,30569723,11544.926265,enabled
1782985071.335,2026-07-02 09:37:51.337,buffer_pool_bytes_data,12853624832,12853624832,0.000000,enabled
1782985071.335,2026-07-02 09:37:51.337,buffer_pool_bytes_dirty,4674633728,4674633728,0.000000,enabled
1782985071.335,2026-07-02 09:37:51.337,buffer_pool_pages_data,784523,784523,0.000000,enabled
1782985071.335,2026-07-02 09:37:51.337,buffer_pool_pages_dirty,285317,285317,0.000000,enabled
1782985071.335,2026-07-02 09:37:51.337,buffer_pool_pages_flushed,30512653,30512653,0.000000,enabled
1782985071.335,2026-07-02 09:37:51.337,buffer_pool_pages_free,1813,1813,0.000000,enabled
1782985071.335,2026-07-02 09:37:51.337,buffer_pool_pages_lru_flushed,0,0,0.000000,enabled
1782985071.335,2026-07-02 09:37:51.337,buffer_pool_pages_misc,96,96,0.000000,enabled
1782985071.335,2026-07-02 09:37:51.337,buffer_pool_pages_total,786432,786432,0.000000,enabled
1782985071.335,2026-07-02 09:37:51.337,buffer_pool_reads,92627957,92627957,34981.768198,enabled
1782985071.335,2026-07-02 09:37:51.337,buffer_pool_read_ahead,803715,803715,303.530084,enabled
1782985071.335,2026-07-02 09:37:51.337,buffer_pool_read_ahead_evicted,25,25,0.009441,enabled
1782985071.335,2026-07-02 09:37:51.337,buffer_pool_read_requests,3137094753,3137094753,1184751.607869,enabled
1782985071.335,2026-07-02 09:37:51.337,buffer_pool_size,12884901888,12884901888,0.000000,enabled
1782985071.335,2026-07-02 09:37:51.337,buffer_pool_wait_free,18945,18945,7.154747,enabled
1782985071.335,2026-07-02 09:37:51.337,buffer_pool_write_requests,640317459,640317459,241821.557303,enabled
1782985071.335,2026-07-02 09:37:51.337,dml_deletes,14641217,14641217,5529.384298,enabled
1782985071.335,2026-07-02 09:37:51.337,dml_inserts,114526621,114526621,43251.985169,enabled
1782985071.335,2026-07-02 09:37:51.337,dml_system_deletes,468,468,0.176744,enabled
1782985071.335,2026-07-02 09:37:51.337,dml_system_inserts,1202,1202,0.453946,enabled
1782985071.335,2026-07-02 09:37:51.337,dml_system_reads,7661,7661,2.893244,enabled
1782985071.335,2026-07-02 09:37:51.337,dml_system_updates,620,620,0.234148,enabled
1782985071.335,2026-07-02 09:37:51.337,dml_updates,29282559,29282559,11058.815792,enabled
1782985071.335,2026-07-02 09:37:51.337,file_num_open_files,35,35,0.000000,enabled
1782985071.335,2026-07-02 09:37:51.337,ibuf_merges,0,0,0.000000,enabled
1782985071.335,2026-07-02 09:37:51.337,ibuf_merges_delete,0,0,0.000000,enabled
1782985071.335,2026-07-02 09:37:51.337,ibuf_merges_delete_mark,0,0,0.000000,enabled
1782985071.335,2026-07-02 09:37:51.337,ibuf_merges_discard_delete,0,0,0.000000,enabled
1782985071.335,2026-07-02 09:37:51.337,ibuf_merges_discard_delete_mark,0,0,0.000000,enabled
1782985071.335,2026-07-02 09:37:51.337,ibuf_merges_discard_insert,0,0,0.000000,enabled
1782985071.335,2026-07-02 09:37:51.337,ibuf_merges_insert,0,0,0.000000,enabled
1782985071.335,2026-07-02 09:37:51.337,ibuf_size,1,1,0.000378,enabled
1782985071.335,2026-07-02 09:37:51.337,innodb_activity_count,19730229,19730229,7451.294521,enabled
1782985071.335,2026-07-02 09:37:51.337,innodb_dblwr_pages_written,30510223,30510223,11522.454007,enabled
1782985071.335,2026-07-02 09:37:51.337,innodb_dblwr_writes,634182,634182,239.504409,enabled
1782985071.335,2026-07-02 09:37:51.337,innodb_page_size,16384,16384,0.000000,enabled
1782985071.335,2026-07-02 09:37:51.337,innodb_rwlock_sx_os_waits,0,0,0.000000,enabled
1782985071.335,2026-07-02 09:37:51.337,innodb_rwlock_sx_spin_rounds,0,0,0.000000,enabled
1782985071.335,2026-07-02 09:37:51.337,innodb_rwlock_sx_spin_waits,0,0,0.000000,enabled
1782985071.335,2026-07-02 09:37:51.337,innodb_rwlock_s_os_waits,0,0,0.000000,enabled
1782985071.335,2026-07-02 09:37:51.337,innodb_rwlock_s_spin_rounds,0,0,0.000000,enabled
1782985071.335,2026-07-02 09:37:51.337,innodb_rwlock_s_spin_waits,0,0,0.000000,enabled
1782985071.335,2026-07-02 09:37:51.337,innodb_rwlock_x_os_waits,0,0,0.000000,enabled
1782985071.335,2026-07-02 09:37:51.337,innodb_rwlock_x_spin_rounds,0,0,0.000000,enabled
1782985071.335,2026-07-02 09:37:51.337,innodb_rwlock_x_spin_waits,0,0,0.000000,enabled
1782985071.335,2026-07-02 09:37:51.337,lock_deadlocks,0,0,0.000000,enabled
1782985071.335,2026-07-02 09:37:51.337,lock_deadlock_false_positives,0,0,0.000000,enabled
1782985071.335,2026-07-02 09:37:51.337,lock_deadlock_rounds,2885,2885,1.089546,enabled
1782985071.335,2026-07-02 09:37:51.337,lock_rec_grant_attempts,425,425,0.160505,enabled
1782985071.335,2026-07-02 09:37:51.337,lock_rec_release_attempts,44502552,44502552,16806.783010,enabled
1782985071.335,2026-07-02 09:37:51.337,lock_row_lock_current_waits,0,0,0.000000,enabled
1782985071.335,2026-07-02 09:37:51.337,lock_row_lock_time,323,323,0.121984,enabled
1782985071.335,2026-07-02 09:37:51.337,lock_row_lock_time_avg,0,0,0.000000,enabled
1782985071.335,2026-07-02 09:37:51.337,lock_row_lock_time_max,29,29,0.000000,enabled
1782985071.335,2026-07-02 09:37:51.337,lock_row_lock_waits,425,425,0.160505,enabled
1782985071.335,2026-07-02 09:37:51.337,lock_schedule_refreshes,2885,2885,1.089546,enabled
1782985071.335,2026-07-02 09:37:51.337,lock_threads_waiting,0,0,0.000000,enabled
1782985071.335,2026-07-02 09:37:51.337,lock_timeouts,0,0,0.000000,enabled
1782985071.335,2026-07-02 09:37:51.337,log_waits,0,0,0.000000,enabled
1782985071.335,2026-07-02 09:37:51.337,log_writes,224213341,224213341,84676.144141,enabled
1782985071.335,2026-07-02 09:37:51.337,log_write_requests,433605239,433605239,163754.839812,enabled
1782985071.335,2026-07-02 09:37:51.337,os_data_fsyncs,65541544,65541544,24752.342337,enabled
1782985071.335,2026-07-02 09:37:51.337,os_data_reads,93578652,93578652,35340.803583,enabled
1782985071.335,2026-07-02 09:37:51.337,os_data_writes,255654227,255654227,96550.074415,enabled
1782985071.335,2026-07-02 09:37:51.337,os_log_bytes_written,139653094400,139653094400,52741223.113866,enabled
1782985071.335,2026-07-02 09:37:51.337,os_log_fsyncs,57092960,57092960,21561.660001,enabled
1782985071.335,2026-07-02 09:37:51.337,os_log_pending_fsyncs,0,0,0.000000,enabled
1782985071.335,2026-07-02 09:37:51.337,os_log_pending_writes,0,0,0.000000,enabled
1782985071.335,2026-07-02 09:37:51.337,trx_rseg_history_len,854,854,0.000000,enabled
1782985072.404,2026-07-02 09:37:52.406,adaptive_hash_searches,0,0,0.000000,enabled
1782985072.404,2026-07-02 09:37:52.406,adaptive_hash_searches_btree,649999237,649999237,245378.844231,enabled
1782985072.404,2026-07-02 09:37:52.406,buffer_data_reads,1529226299904,1529226299904,577292719.016604,enabled
1782985072.404,2026-07-02 09:37:52.406,buffer_data_written,678315374080,678315374080,256068396.348611,enabled
1782985072.404,2026-07-02 09:37:52.406,buffer_pages0_read,7,7,0.002643,enabled
1782985072.404,2026-07-02 09:37:52.406,buffer_pages_created,1824581,1824581,688.791015,enabled
1782985072.404,2026-07-02 09:37:52.406,buffer_pages_read,93599726,93599726,35334.495890,enabled
1782985072.404,2026-07-02 09:37:52.406,buffer_pages_written,30587438,30587438,11546.953738,enabled
1782985072.404,2026-07-02 09:37:52.406,buffer_pool_bytes_data,12845072384,12845072384,0.000000,enabled
1782985072.404,2026-07-02 09:37:52.406,buffer_pool_bytes_dirty,4647370752,4647370752,0.000000,enabled
1782985072.404,2026-07-02 09:37:52.406,buffer_pool_pages_data,784001,784001,0.000000,enabled
1782985072.404,2026-07-02 09:37:52.406,buffer_pool_pages_dirty,283654,283654,0.000000,enabled
1782985072.404,2026-07-02 09:37:52.406,buffer_pool_pages_flushed,30528713,30528713,0.000000,enabled
1782985072.404,2026-07-02 09:37:52.406,buffer_pool_pages_free,2336,2336,0.000000,enabled
1782985072.404,2026-07-02 09:37:52.406,buffer_pool_pages_lru_flushed,0,0,0.000000,enabled
1782985072.404,2026-07-02 09:37:52.406,buffer_pool_pages_misc,96,96,0.000000,enabled
1782985072.404,2026-07-02 09:37:52.406,buffer_pool_pages_total,786432,786432,0.000000,enabled
1782985072.404,2026-07-02 09:37:52.406,buffer_pool_reads,92684212,92684212,34988.884579,enabled
1782985072.404,2026-07-02 09:37:52.406,buffer_pool_read_ahead,803715,803715,303.407565,enabled
1782985072.404,2026-07-02 09:37:52.406,buffer_pool_read_ahead_evicted,25,25,0.009438,enabled
1782985072.404,2026-07-02 09:37:52.406,buffer_pool_read_requests,3137917080,3137917080,1184583.821434,enabled
1782985072.404,2026-07-02 09:37:52.406,buffer_pool_size,12884901888,12884901888,0.000000,enabled
1782985072.404,2026-07-02 09:37:52.406,buffer_pool_wait_free,18945,18945,7.151859,enabled
1782985072.404,2026-07-02 09:37:52.406,buffer_pool_write_requests,640428878,640428878,241766.008385,enabled
1782985072.404,2026-07-02 09:37:52.406,dml_deletes,14646021,14646021,5528.965898,enabled
1782985072.404,2026-07-02 09:37:52.406,dml_inserts,114531426,114531426,43236.340386,enabled
1782985072.404,2026-07-02 09:37:52.406,dml_system_deletes,468,468,0.176673,enabled
1782985072.404,2026-07-02 09:37:52.406,dml_system_inserts,1202,1202,0.453763,enabled
1782985072.404,2026-07-02 09:37:52.406,dml_system_reads,7661,7661,2.892076,enabled
1782985072.404,2026-07-02 09:37:52.406,dml_system_updates,620,620,0.234054,enabled
1782985072.404,2026-07-02 09:37:52.406,dml_updates,29292174,29292174,11057.981619,enabled
1782985072.404,2026-07-02 09:37:52.406,file_num_open_files,35,35,0.000000,enabled
1782985072.404,2026-07-02 09:37:52.406,ibuf_merges,0,0,0.000000,enabled
1782985072.404,2026-07-02 09:37:52.406,ibuf_merges_delete,0,0,0.000000,enabled
1782985072.404,2026-07-02 09:37:52.406,ibuf_merges_delete_mark,0,0,0.000000,enabled
1782985072.404,2026-07-02 09:37:52.406,ibuf_merges_discard_delete,0,0,0.000000,enabled
1782985072.404,2026-07-02 09:37:52.406,ibuf_merges_discard_delete_mark,0,0,0.000000,enabled
1782985072.404,2026-07-02 09:37:52.406,ibuf_merges_discard_insert,0,0,0.000000,enabled
1782985072.404,2026-07-02 09:37:52.406,ibuf_merges_insert,0,0,0.000000,enabled
1782985072.404,2026-07-02 09:37:52.406,ibuf_size,1,1,0.000378,enabled
1782985072.404,2026-07-02 09:37:52.406,innodb_activity_count,19735751,19735751,7450.371390,enabled
1782985072.404,2026-07-02 09:37:52.406,innodb_dblwr_pages_written,30526934,30526934,11524.111465,enabled
1782985072.404,2026-07-02 09:37:52.406,innodb_dblwr_writes,634545,634545,239.544768,enabled
1782985072.404,2026-07-02 09:37:52.406,innodb_page_size,16384,16384,0.000000,enabled
1782985072.404,2026-07-02 09:37:52.406,innodb_rwlock_sx_os_waits,0,0,0.000000,enabled
1782985072.404,2026-07-02 09:37:52.406,innodb_rwlock_sx_spin_rounds,0,0,0.000000,enabled
1782985072.404,2026-07-02 09:37:52.406,innodb_rwlock_sx_spin_waits,0,0,0.000000,enabled
1782985072.404,2026-07-02 09:37:52.406,innodb_rwlock_s_os_waits,0,0,0.000000,enabled
1782985072.404,2026-07-02 09:37:52.406,innodb_rwlock_s_spin_rounds,0,0,0.000000,enabled
1782985072.404,2026-07-02 09:37:52.406,innodb_rwlock_s_spin_waits,0,0,0.000000,enabled
1782985072.404,2026-07-02 09:37:52.406,innodb_rwlock_x_os_waits,0,0,0.000000,enabled
1782985072.404,2026-07-02 09:37:52.406,innodb_rwlock_x_spin_rounds,0,0,0.000000,enabled
1782985072.404,2026-07-02 09:37:52.406,innodb_rwlock_x_spin_waits,0,0,0.000000,enabled
1782985072.404,2026-07-02 09:37:52.406,lock_deadlocks,0,0,0.000000,enabled
1782985072.404,2026-07-02 09:37:52.406,lock_deadlock_false_positives,0,0,0.000000,enabled
1782985072.404,2026-07-02 09:37:52.406,lock_deadlock_rounds,2886,2886,1.089484,enabled
1782985072.404,2026-07-02 09:37:52.406,lock_rec_grant_attempts,425,425,0.160440,enabled
1782985072.404,2026-07-02 09:37:52.406,lock_rec_release_attempts,44517183,44517183,16805.522305,enabled
1782985072.404,2026-07-02 09:37:52.406,lock_row_lock_current_waits,0,0,0.000000,enabled
1782985072.404,2026-07-02 09:37:52.406,lock_row_lock_time,323,323,0.121935,enabled
1782985072.404,2026-07-02 09:37:52.406,lock_row_lock_time_avg,0,0,0.000000,enabled
1782985072.404,2026-07-02 09:37:52.406,lock_row_lock_time_max,29,29,0.000000,enabled
1782985072.404,2026-07-02 09:37:52.406,lock_row_lock_waits,425,425,0.160440,enabled
1782985072.404,2026-07-02 09:37:52.406,lock_schedule_refreshes,2886,2886,1.089484,enabled
1782985072.404,2026-07-02 09:37:52.406,lock_threads_waiting,0,0,0.000000,enabled
1782985072.404,2026-07-02 09:37:52.406,lock_timeouts,0,0,0.000000,enabled
1782985072.404,2026-07-02 09:37:52.406,log_waits,0,0,0.000000,enabled
1782985072.404,2026-07-02 09:37:52.406,log_writes,224292765,224292765,84671.947183,enabled
1782985072.404,2026-07-02 09:37:52.406,log_write_requests,433686930,433686930,163719.578116,enabled
1782985072.404,2026-07-02 09:37:52.406,os_data_fsyncs,65575405,65575405,24755.133713,enabled
1782985072.404,2026-07-02 09:37:52.406,os_data_reads,93634792,93634792,35347.731353,enabled
1782985072.404,2026-07-02 09:37:52.406,os_data_writes,255751679,255751679,96547.890407,enabled
1782985072.404,2026-07-02 09:37:52.406,os_log_bytes_written,139694464000,139694464000,52735551.209648,enabled
1782985072.404,2026-07-02 09:37:52.406,os_log_fsyncs,57121853,57121853,21563.863846,enabled
1782985072.404,2026-07-02 09:37:52.406,os_log_pending_fsyncs,1,1,0.000378,enabled
1782985072.404,2026-07-02 09:37:52.406,os_log_pending_writes,0,0,0.000000,enabled
1782985072.404,2026-07-02 09:37:52.406,trx_rseg_history_len,853,853,0.000000,enabled
1782985073.473,2026-07-02 09:37:53.475,adaptive_hash_searches,0,0,0.000000,enabled
1782985073.473,2026-07-02 09:37:53.475,adaptive_hash_searches_btree,650165621,650165621,245342.418709,enabled
1782985073.473,2026-07-02 09:37:53.475,buffer_data_reads,1530146621952,1530146621952,577406593.143779,enabled
1782985073.473,2026-07-02 09:37:53.475,buffer_data_written,678655406592,678655406592,256093174.510130,enabled
1782985073.473,2026-07-02 09:37:53.475,buffer_pages0_read,7,7,0.002641,enabled
1782985073.473,2026-07-02 09:37:53.475,buffer_pages_created,1824608,1824608,688.522709,enabled
1782985073.473,2026-07-02 09:37:53.475,buffer_pages_read,93656075,93656075,35341.472842,enabled
1782985073.473,2026-07-02 09:37:53.475,buffer_pages_written,30605508,30605508,11549.103818,enabled
1782985073.473,2026-07-02 09:37:53.475,buffer_pool_bytes_data,12857278464,12857278464,0.000000,enabled
1782985073.473,2026-07-02 09:37:53.475,buffer_pool_bytes_dirty,4613931008,4613931008,0.000000,enabled
1782985073.473,2026-07-02 09:37:53.475,buffer_pool_pages_data,784746,784746,0.000000,enabled
1782985073.473,2026-07-02 09:37:53.475,buffer_pool_pages_dirty,281612,281612,0.000000,enabled
1782985073.473,2026-07-02 09:37:53.475,buffer_pool_pages_flushed,30548438,30548438,0.000000,enabled
1782985073.473,2026-07-02 09:37:53.475,buffer_pool_pages_free,1589,1589,0.000000,enabled
1782985073.473,2026-07-02 09:37:53.475,buffer_pool_pages_lru_flushed,0,0,0.000000,enabled
1782985073.473,2026-07-02 09:37:53.475,buffer_pool_pages_misc,97,97,0.000000,enabled
1782985073.473,2026-07-02 09:37:53.475,buffer_pool_pages_total,786432,786432,0.000000,enabled
1782985073.473,2026-07-02 09:37:53.475,buffer_pool_reads,92740495,92740495,34995.976462,enabled
1782985073.473,2026-07-02 09:37:53.475,buffer_pool_read_ahead,803715,803715,303.284891,enabled
1782985073.473,2026-07-02 09:37:53.475,buffer_pool_read_ahead_evicted,25,25,0.009434,enabled
1782985073.473,2026-07-02 09:37:53.475,buffer_pool_read_requests,3138740444,3138740444,1184415.567985,enabled
1782985073.473,2026-07-02 09:37:53.475,buffer_pool_size,12884901888,12884901888,0.000000,enabled
1782985073.473,2026-07-02 09:37:53.475,buffer_pool_wait_free,18945,18945,7.148967,enabled
1782985073.473,2026-07-02 09:37:53.475,buffer_pool_write_requests,640540136,640540136,241710.240784,enabled
1782985073.473,2026-07-02 09:37:53.475,dml_deletes,14650833,14650833,5528.546258,enabled
1782985073.473,2026-07-02 09:37:53.475,dml_inserts,114536238,114536238,43220.674937,enabled
1782985073.473,2026-07-02 09:37:53.475,dml_system_deletes,468,468,0.176602,enabled
1782985073.473,2026-07-02 09:37:53.475,dml_system_inserts,1202,1202,0.453579,enabled
1782985073.473,2026-07-02 09:37:53.475,dml_system_reads,7661,7661,2.890907,enabled
1782985073.473,2026-07-02 09:37:53.475,dml_system_updates,620,620,0.233959,enabled
1782985073.473,2026-07-02 09:37:53.475,dml_updates,29301794,29301794,11057.140809,enabled
1782985073.473,2026-07-02 09:37:53.475,file_num_open_files,35,35,0.000000,enabled
1782985073.473,2026-07-02 09:37:53.475,ibuf_merges,0,0,0.000000,enabled
1782985073.473,2026-07-02 09:37:53.475,ibuf_merges_delete,0,0,0.000000,enabled
1782985073.473,2026-07-02 09:37:53.475,ibuf_merges_delete_mark,0,0,0.000000,enabled
1782985073.473,2026-07-02 09:37:53.475,ibuf_merges_discard_delete,0,0,0.000000,enabled
1782985073.473,2026-07-02 09:37:53.475,ibuf_merges_discard_delete_mark,0,0,0.000000,enabled
1782985073.473,2026-07-02 09:37:53.475,ibuf_merges_discard_insert,0,0,0.000000,enabled
1782985073.473,2026-07-02 09:37:53.475,ibuf_merges_insert,0,0,0.000000,enabled
1782985073.473,2026-07-02 09:37:53.475,ibuf_size,1,1,0.000377,enabled
1782985073.473,2026-07-02 09:37:53.475,innodb_activity_count,19741272,19741272,7449.442436,enabled
1782985073.473,2026-07-02 09:37:53.475,innodb_dblwr_pages_written,30546008,30546008,11526.649689,enabled
1782985073.473,2026-07-02 09:37:53.475,innodb_dblwr_writes,634936,634936,239.595461,enabled
1782985073.473,2026-07-02 09:37:53.475,innodb_page_size,16384,16384,0.000000,enabled
1782985073.473,2026-07-02 09:37:53.475,innodb_rwlock_sx_os_waits,0,0,0.000000,enabled
1782985073.473,2026-07-02 09:37:53.475,innodb_rwlock_sx_spin_rounds,0,0,0.000000,enabled
1782985073.473,2026-07-02 09:37:53.475,innodb_rwlock_sx_spin_waits,0,0,0.000000,enabled
1782985073.473,2026-07-02 09:37:53.475,innodb_rwlock_s_os_waits,0,0,0.000000,enabled
1782985073.473,2026-07-02 09:37:53.475,innodb_rwlock_s_spin_rounds,0,0,0.000000,enabled
1782985073.473,2026-07-02 09:37:53.475,innodb_rwlock_s_spin_waits,0,0,0.000000,enabled
1782985073.473,2026-07-02 09:37:53.475,innodb_rwlock_x_os_waits,0,0,0.000000,enabled
1782985073.473,2026-07-02 09:37:53.475,innodb_rwlock_x_spin_rounds,0,0,0.000000,enabled
1782985073.473,2026-07-02 09:37:53.475,innodb_rwlock_x_spin_waits,0,0,0.000000,enabled
1782985073.473,2026-07-02 09:37:53.475,lock_deadlocks,0,0,0.000000,enabled
1782985073.473,2026-07-02 09:37:53.475,lock_deadlock_false_positives,0,0,0.000000,enabled
1782985073.473,2026-07-02 09:37:53.475,lock_deadlock_rounds,2887,2887,1.089420,enabled
1782985073.473,2026-07-02 09:37:53.475,lock_rec_grant_attempts,425,425,0.160375,enabled
1782985073.473,2026-07-02 09:37:53.475,lock_rec_release_attempts,44531792,44531792,16804.240288,enabled
1782985073.473,2026-07-02 09:37:53.475,lock_row_lock_current_waits,0,0,0.000000,enabled
1782985073.473,2026-07-02 09:37:53.475,lock_row_lock_time,323,323,0.121885,enabled
1782985073.473,2026-07-02 09:37:53.475,lock_row_lock_time_avg,0,0,0.000000,enabled
1782985073.473,2026-07-02 09:37:53.475,lock_row_lock_time_max,29,29,0.000000,enabled
1782985073.473,2026-07-02 09:37:53.475,lock_row_lock_waits,425,425,0.160375,enabled
1782985073.473,2026-07-02 09:37:53.475,lock_schedule_refreshes,2887,2887,1.089420,enabled
1782985073.473,2026-07-02 09:37:53.475,lock_threads_waiting,0,0,0.000000,enabled
1782985073.473,2026-07-02 09:37:53.475,lock_timeouts,0,0,0.000000,enabled
1782985073.473,2026-07-02 09:37:53.475,log_waits,0,0,0.000000,enabled
1782985073.473,2026-07-02 09:37:53.475,log_writes,224372393,224372393,84667.760730,enabled
1782985073.473,2026-07-02 09:37:53.475,log_write_requests,433768725,433768725,163684.248998,enabled
1782985073.473,2026-07-02 09:37:53.475,os_data_fsyncs,65609157,65609157,24757.861170,enabled
1782985073.473,2026-07-02 09:37:53.475,os_data_reads,93690962,93690962,35354.635526,enabled
1782985073.473,2026-07-02 09:37:53.475,os_data_writes,255849633,255849633,96545.817504,enabled
1782985073.473,2026-07-02 09:37:53.475,os_log_bytes_written,139735931392,139735931392,52729877.087967,enabled
1782985073.473,2026-07-02 09:37:53.475,os_log_fsyncs,57150350,57150350,21565.898614,enabled
1782985073.473,2026-07-02 09:37:53.475,os_log_pending_fsyncs,1,1,0.000377,enabled
1782985073.473,2026-07-02 09:37:53.475,os_log_pending_writes,0,0,0.000000,enabled
1782985073.473,2026-07-02 09:37:53.475,trx_rseg_history_len,857,857,0.000000,enabled
1782985074.545,2026-07-02 09:37:54.547,adaptive_hash_searches,0,0,0.000000,enabled
1782985074.545,2026-07-02 09:37:54.547,adaptive_hash_searches_btree,650333705,650333705,245306.728587,enabled
1782985074.545,2026-07-02 09:37:54.547,buffer_data_reads,1531079641600,1531079641600,577525312.837126,enabled
1782985074.545,2026-07-02 09:37:54.547,buffer_data_written,678963575808,678963575808,256105979.465803,enabled
1782985074.545,2026-07-02 09:37:54.547,buffer_pages0_read,7,7,0.002640,enabled
1782985074.545,2026-07-02 09:37:54.547,buffer_pages_created,1824640,1824640,688.256683,enabled
1782985074.545,2026-07-02 09:37:54.547,buffer_pages_read,93713207,93713207,35348.748561,enabled
1782985074.545,2026-07-02 09:37:54.547,buffer_pages_written,30621384,30621384,11550.427544,enabled
1782985074.545,2026-07-02 09:37:54.547,buffer_pool_bytes_data,12854870016,12854870016,0.000000,enabled
1782985074.545,2026-07-02 09:37:54.547,buffer_pool_bytes_dirty,4622123008,4622123008,0.000000,enabled
1782985074.545,2026-07-02 09:37:54.547,buffer_pool_pages_data,784599,784599,0.000000,enabled
1782985074.545,2026-07-02 09:37:54.547,buffer_pool_pages_dirty,282112,282112,0.000000,enabled
1782985074.545,2026-07-02 09:37:54.547,buffer_pool_pages_flushed,30564314,30564314,0.000000,enabled
1782985074.545,2026-07-02 09:37:54.547,buffer_pool_pages_free,1736,1736,0.000000,enabled
1782985074.545,2026-07-02 09:37:54.547,buffer_pool_pages_lru_flushed,0,0,0.000000,enabled
1782985074.545,2026-07-02 09:37:54.547,buffer_pool_pages_misc,96,96,0.000000,enabled
1782985074.545,2026-07-02 09:37:54.547,buffer_pool_pages_total,786432,786432,0.000000,enabled
1782985074.545,2026-07-02 09:37:54.547,buffer_pool_reads,92797573,92797573,35003.371258,enabled
1782985074.545,2026-07-02 09:37:54.547,buffer_pool_read_ahead,803715,803715,303.162393,enabled
1782985074.545,2026-07-02 09:37:54.547,buffer_pool_read_ahead_evicted,25,25,0.009430,enabled
1782985074.545,2026-07-02 09:37:54.547,buffer_pool_read_requests,3139572906,3139572906,1184251.182167,enabled
1782985074.545,2026-07-02 09:37:54.547,buffer_pool_size,12884901888,12884901888,0.000000,enabled
1782985074.545,2026-07-02 09:37:54.547,buffer_pool_wait_free,18945,18945,7.146080,enabled
1782985074.545,2026-07-02 09:37:54.547,buffer_pool_write_requests,640653033,640653033,241655.197647,enabled
1782985074.545,2026-07-02 09:37:54.547,dml_deletes,14655692,14655692,5528.146167,enabled
1782985074.545,2026-07-02 09:37:54.547,dml_inserts,114541097,114541097,43205.051458,enabled
1782985074.545,2026-07-02 09:37:54.547,dml_system_deletes,468,468,0.176530,enabled
1782985074.545,2026-07-02 09:37:54.547,dml_system_inserts,1202,1202,0.453396,enabled
1782985074.545,2026-07-02 09:37:54.547,dml_system_reads,7661,7661,2.889739,enabled
1782985074.545,2026-07-02 09:37:54.547,dml_system_updates,620,620,0.233865,enabled
1782985074.545,2026-07-02 09:37:54.547,dml_updates,29311513,29311513,11056.340985,enabled
1782985074.545,2026-07-02 09:37:54.547,file_num_open_files,35,35,0.000000,enabled
1782985074.545,2026-07-02 09:37:54.547,ibuf_merges,0,0,0.000000,enabled
1782985074.545,2026-07-02 09:37:54.547,ibuf_merges_delete,0,0,0.000000,enabled
1782985074.545,2026-07-02 09:37:54.547,ibuf_merges_delete_mark,0,0,0.000000,enabled
1782985074.545,2026-07-02 09:37:54.547,ibuf_merges_discard_delete,0,0,0.000000,enabled
1782985074.545,2026-07-02 09:37:54.547,ibuf_merges_discard_delete_mark,0,0,0.000000,enabled
1782985074.545,2026-07-02 09:37:54.547,ibuf_merges_discard_insert,0,0,0.000000,enabled
1782985074.545,2026-07-02 09:37:54.547,ibuf_merges_insert,0,0,0.000000,enabled
1782985074.545,2026-07-02 09:37:54.547,ibuf_size,1,1,0.000377,enabled
1782985074.545,2026-07-02 09:37:54.547,innodb_activity_count,19746856,19746856,7448.539976,enabled
1782985074.545,2026-07-02 09:37:54.547,innodb_dblwr_pages_written,30561884,30561884,11527.982657,enabled
1782985074.545,2026-07-02 09:37:54.547,innodb_dblwr_writes,635295,635295,239.634106,enabled
1782985074.545,2026-07-02 09:37:54.547,innodb_page_size,16384,16384,0.000000,enabled
1782985074.545,2026-07-02 09:37:54.547,innodb_rwlock_sx_os_waits,0,0,0.000000,enabled
1782985074.545,2026-07-02 09:37:54.547,innodb_rwlock_sx_spin_rounds,0,0,0.000000,enabled
1782985074.545,2026-07-02 09:37:54.547,innodb_rwlock_sx_spin_waits,0,0,0.000000,enabled
1782985074.545,2026-07-02 09:37:54.547,innodb_rwlock_s_os_waits,0,0,0.000000,enabled
1782985074.545,2026-07-02 09:37:54.547,innodb_rwlock_s_spin_rounds,0,0,0.000000,enabled
1782985074.545,2026-07-02 09:37:54.547,innodb_rwlock_s_spin_waits,0,0,0.000000,enabled
1782985074.545,2026-07-02 09:37:54.547,innodb_rwlock_x_os_waits,0,0,0.000000,enabled
1782985074.545,2026-07-02 09:37:54.547,innodb_rwlock_x_spin_rounds,0,0,0.000000,enabled
1782985074.545,2026-07-02 09:37:54.547,innodb_rwlock_x_spin_waits,0,0,0.000000,enabled
1782985074.545,2026-07-02 09:37:54.547,lock_deadlocks,0,0,0.000000,enabled
1782985074.545,2026-07-02 09:37:54.547,lock_deadlock_false_positives,0,0,0.000000,enabled
1782985074.545,2026-07-02 09:37:54.547,lock_deadlock_rounds,2888,2888,1.089358,enabled
1782985074.545,2026-07-02 09:37:54.547,lock_rec_grant_attempts,425,425,0.160311,enabled
1782985074.545,2026-07-02 09:37:54.547,lock_rec_release_attempts,44546567,44546567,16803.026073,enabled
1782985074.545,2026-07-02 09:37:54.547,lock_row_lock_current_waits,0,0,0.000000,enabled
1782985074.545,2026-07-02 09:37:54.547,lock_row_lock_time,323,323,0.121836,enabled
1782985074.545,2026-07-02 09:37:54.547,lock_row_lock_time_avg,0,0,0.000000,enabled
1782985074.545,2026-07-02 09:37:54.547,lock_row_lock_time_max,29,29,0.000000,enabled
1782985074.545,2026-07-02 09:37:54.547,lock_row_lock_waits,425,425,0.160311,enabled
1782985074.545,2026-07-02 09:37:54.547,lock_schedule_refreshes,2888,2888,1.089358,enabled
1782985074.545,2026-07-02 09:37:54.547,lock_threads_waiting,0,0,0.000000,enabled
1782985074.545,2026-07-02 09:37:54.547,lock_timeouts,0,0,0.000000,enabled
1782985074.545,2026-07-02 09:37:54.547,log_waits,0,0,0.000000,enabled
1782985074.545,2026-07-02 09:37:54.547,log_writes,224452837,224452837,84663.907342,enabled
1782985074.545,2026-07-02 09:37:54.547,log_write_requests,433851289,433851289,163649.280825,enabled
1782985074.545,2026-07-02 09:37:54.547,os_data_fsyncs,65643688,65643688,24760.886657,enabled
1782985074.545,2026-07-02 09:37:54.547,os_data_reads,93747917,93747917,35361.839373,enabled
1782985074.545,2026-07-02 09:37:54.547,os_data_writes,255946229,255946229,96543.258993,enabled
1782985074.545,2026-07-02 09:37:54.547,os_log_bytes_written,139777876480,139777876480,52724401.337233,enabled
1782985074.545,2026-07-02 09:37:54.547,os_log_fsyncs,57179693,57179693,21568.256407,enabled
1782985074.545,2026-07-02 09:37:54.547,os_log_pending_fsyncs,0,0,0.000000,enabled
1782985074.545,2026-07-02 09:37:54.547,os_log_pending_writes,0,0,0.000000,enabled
1782985074.545,2026-07-02 09:37:54.547,trx_rseg_history_len,897,897,0.000000,enabled
1782985075.616,2026-07-02 09:37:55.617,adaptive_hash_searches,0,0,0.000000,enabled
1782985075.616,2026-07-02 09:37:55.617,adaptive_hash_searches_btree,650501036,650501036,245270.708086,enabled
1782985075.616,2026-07-02 09:37:55.617,buffer_data_reads,1532011284992,1532011284992,577643255.397965,enabled
1782985075.616,2026-07-02 09:37:55.617,buffer_data_written,679273720320,679273720320,256119446.799875,enabled
1782985075.616,2026-07-02 09:37:55.617,buffer_pages0_read,7,7,0.002639,enabled
1782985075.616,2026-07-02 09:37:55.617,buffer_pages_created,1824665,1824665,687.988039,enabled
1782985075.616,2026-07-02 09:37:55.617,buffer_pages_read,93770238,93770238,35355.970392,enabled
1782985075.616,2026-07-02 09:37:55.617,buffer_pages_written,30637409,30637409,11551.803131,enabled
1782985075.616,2026-07-02 09:37:55.617,buffer_pool_bytes_data,12853608448,12853608448,0.000000,enabled
1782985075.616,2026-07-02 09:37:55.617,buffer_pool_bytes_dirty,4627611648,4627611648,0.000000,enabled
1782985075.616,2026-07-02 09:37:55.617,buffer_pool_pages_data,784522,784522,0.000000,enabled
1782985075.616,2026-07-02 09:37:55.617,buffer_pool_pages_dirty,282447,282447,0.000000,enabled
1782985075.616,2026-07-02 09:37:55.617,buffer_pool_pages_flushed,30580302,30580302,0.000000,enabled
1782985075.616,2026-07-02 09:37:55.617,buffer_pool_pages_free,1812,1812,0.000000,enabled
1782985075.616,2026-07-02 09:37:55.617,buffer_pool_pages_lru_flushed,0,0,0.000000,enabled
1782985075.616,2026-07-02 09:37:55.617,buffer_pool_pages_misc,96,96,0.000000,enabled
1782985075.616,2026-07-02 09:37:55.617,buffer_pool_pages_total,786432,786432,0.000000,enabled
1782985075.616,2026-07-02 09:37:55.617,buffer_pool_reads,92854549,92854549,35010.711937,enabled
1782985075.616,2026-07-02 09:37:55.617,buffer_pool_read_ahead,803715,803715,303.039909,enabled
1782985075.616,2026-07-02 09:37:55.617,buffer_pool_read_ahead_evicted,25,25,0.009426,enabled
1782985075.616,2026-07-02 09:37:55.617,buffer_pool_read_requests,3140402191,3140402191,1184085.402067,enabled
1782985075.616,2026-07-02 09:37:55.617,buffer_pool_size,12884901888,12884901888,0.000000,enabled
1782985075.616,2026-07-02 09:37:55.617,buffer_pool_wait_free,18945,18945,7.143193,enabled
1782985075.616,2026-07-02 09:37:55.617,buffer_pool_write_requests,640765654,640765654,241600.027741,enabled
1782985075.616,2026-07-02 09:37:55.617,dml_deletes,14660534,14660534,5527.738246,enabled
1782985075.616,2026-07-02 09:37:55.617,dml_inserts,114545939,114545939,43189.420557,enabled
1782985075.616,2026-07-02 09:37:55.617,dml_system_deletes,468,468,0.176459,enabled
1782985075.616,2026-07-02 09:37:55.617,dml_system_inserts,1202,1202,0.453213,enabled
1782985075.616,2026-07-02 09:37:55.617,dml_system_reads,7661,7661,2.888572,enabled
1782985075.616,2026-07-02 09:37:55.617,dml_system_updates,620,620,0.233770,enabled
1782985075.616,2026-07-02 09:37:55.617,dml_updates,29321192,29321192,11055.523237,enabled
1782985075.616,2026-07-02 09:37:55.617,file_num_open_files,35,35,0.000000,enabled
1782985075.616,2026-07-02 09:37:55.617,ibuf_merges,0,0,0.000000,enabled
1782985075.616,2026-07-02 09:37:55.617,ibuf_merges_delete,0,0,0.000000,enabled
1782985075.616,2026-07-02 09:37:55.617,ibuf_merges_delete_mark,0,0,0.000000,enabled
1782985075.616,2026-07-02 09:37:55.617,ibuf_merges_discard_delete,0,0,0.000000,enabled
1782985075.616,2026-07-02 09:37:55.617,ibuf_merges_discard_delete_mark,0,0,0.000000,enabled
1782985075.616,2026-07-02 09:37:55.617,ibuf_merges_discard_insert,0,0,0.000000,enabled
1782985075.616,2026-07-02 09:37:55.617,ibuf_merges_insert,0,0,0.000000,enabled
1782985075.616,2026-07-02 09:37:55.617,ibuf_size,1,1,0.000377,enabled
1782985075.616,2026-07-02 09:37:55.617,innodb_activity_count,19752410,19752410,7447.624618,enabled
1782985075.616,2026-07-02 09:37:55.617,innodb_dblwr_pages_written,30577933,30577933,11529.376168,enabled
1782985075.616,2026-07-02 09:37:55.617,innodb_dblwr_writes,635662,635662,239.675662,enabled
1782985075.616,2026-07-02 09:37:55.617,innodb_page_size,16384,16384,0.000000,enabled
1782985075.616,2026-07-02 09:37:55.617,innodb_rwlock_sx_os_waits,0,0,0.000000,enabled
1782985075.616,2026-07-02 09:37:55.617,innodb_rwlock_sx_spin_rounds,0,0,0.000000,enabled
1782985075.616,2026-07-02 09:37:55.617,innodb_rwlock_sx_spin_waits,0,0,0.000000,enabled
1782985075.616,2026-07-02 09:37:55.617,innodb_rwlock_s_os_waits,0,0,0.000000,enabled
1782985075.616,2026-07-02 09:37:55.617,innodb_rwlock_s_spin_rounds,0,0,0.000000,enabled
1782985075.616,2026-07-02 09:37:55.617,innodb_rwlock_s_spin_waits,0,0,0.000000,enabled
1782985075.616,2026-07-02 09:37:55.617,innodb_rwlock_x_os_waits,0,0,0.000000,enabled
1782985075.616,2026-07-02 09:37:55.617,innodb_rwlock_x_spin_rounds,0,0,0.000000,enabled
1782985075.616,2026-07-02 09:37:55.617,innodb_rwlock_x_spin_waits,0,0,0.000000,enabled
1782985075.616,2026-07-02 09:37:55.617,lock_deadlocks,0,0,0.000000,enabled
1782985075.616,2026-07-02 09:37:55.617,lock_deadlock_false_positives,0,0,0.000000,enabled
1782985075.616,2026-07-02 09:37:55.617,lock_deadlock_rounds,2889,2889,1.089294,enabled
1782985075.616,2026-07-02 09:37:55.617,lock_rec_grant_attempts,425,425,0.160246,enabled
1782985075.616,2026-07-02 09:37:55.617,lock_rec_release_attempts,44561287,44561287,16801.787487,enabled
1782985075.616,2026-07-02 09:37:55.617,lock_row_lock_current_waits,0,0,0.000000,enabled
1782985075.616,2026-07-02 09:37:55.617,lock_row_lock_time,323,323,0.121787,enabled
1782985075.616,2026-07-02 09:37:55.617,lock_row_lock_time_avg,0,0,0.000000,enabled
1782985075.616,2026-07-02 09:37:55.617,lock_row_lock_time_max,29,29,0.000000,enabled
1782985075.616,2026-07-02 09:37:55.617,lock_row_lock_waits,425,425,0.160246,enabled
1782985075.616,2026-07-02 09:37:55.617,lock_schedule_refreshes,2889,2889,1.089294,enabled
1782985075.616,2026-07-02 09:37:55.617,lock_threads_waiting,0,0,0.000000,enabled
1782985075.616,2026-07-02 09:37:55.617,lock_timeouts,0,0,0.000000,enabled
1782985075.616,2026-07-02 09:37:55.617,log_waits,0,0,0.000000,enabled
1782985075.616,2026-07-02 09:37:55.617,log_writes,224532381,224532381,84659.692819,enabled
1782985075.616,2026-07-02 09:37:55.617,log_write_requests,433933624,433933624,163614.206422,enabled
1782985075.616,2026-07-02 09:37:55.617,os_data_fsyncs,65678034,65678034,24763.832764,enabled
1782985075.616,2026-07-02 09:37:55.617,os_data_reads,93804809,93804809,35369.003360,enabled
1782985075.616,2026-07-02 09:37:55.617,os_data_writes,256042094,256042094,96540.398884,enabled
1782985075.616,2026-07-02 09:37:55.617,os_log_bytes_written,139819336704,139819336704,52718731.887369,enabled
1782985075.616,2026-07-02 09:37:55.617,os_log_fsyncs,57209087,57209087,21570.625266,enabled
1782985075.616,2026-07-02 09:37:55.617,os_log_pending_fsyncs,0,0,0.000000,enabled
1782985075.616,2026-07-02 09:37:55.617,os_log_pending_writes,0,0,0.000000,enabled
1782985075.616,2026-07-02 09:37:55.617,trx_rseg_history_len,863,863,0.000000,enabled
1782985076.688,2026-07-02 09:37:56.690,adaptive_hash_searches,0,0,0.000000,enabled
1782985076.688,2026-07-02 09:37:56.690,adaptive_hash_searches_btree,650669879,650669879,245235.071551,enabled
1782985076.688,2026-07-02 09:37:56.690,buffer_data_reads,1532950383104,1532950383104,577763395.670047,enabled
1782985076.688,2026-07-02 09:37:56.690,buffer_data_written,679585856000,679585856000,256133424.747413,enabled
1782985076.688,2026-07-02 09:37:56.690,buffer_pages0_read,7,7,0.002638,enabled
1782985076.688,2026-07-02 09:37:56.690,buffer_pages_created,1824698,1824698,687.722011,enabled
1782985076.688,2026-07-02 09:37:56.690,buffer_pages_read,93827716,93827716,35363.323231,enabled
1782985076.688,2026-07-02 09:37:56.690,buffer_pages_written,30653541,30653541,11553.207599,enabled
1782985076.688,2026-07-02 09:37:56.690,buffer_pool_bytes_data,12856262656,12856262656,0.000000,enabled
1782985076.688,2026-07-02 09:37:56.690,buffer_pool_bytes_dirty,4632854528,4632854528,0.000000,enabled
1782985076.688,2026-07-02 09:37:56.690,buffer_pool_pages_data,784684,784684,0.000000,enabled
1782985076.688,2026-07-02 09:37:56.690,buffer_pool_pages_dirty,282767,282767,0.000000,enabled
1782985076.688,2026-07-02 09:37:56.690,buffer_pool_pages_flushed,30596471,30596471,0.000000,enabled
1782985076.688,2026-07-02 09:37:56.690,buffer_pool_pages_free,1651,1651,0.000000,enabled
1782985076.688,2026-07-02 09:37:56.690,buffer_pool_pages_lru_flushed,0,0,0.000000,enabled
1782985076.688,2026-07-02 09:37:56.690,buffer_pool_pages_misc,96,96,0.000000,enabled
1782985076.688,2026-07-02 09:37:56.690,buffer_pool_pages_total,786432,786432,0.000000,enabled
1782985076.688,2026-07-02 09:37:56.690,buffer_pool_reads,92911966,92911966,35018.181455,enabled
1782985076.688,2026-07-02 09:37:56.690,buffer_pool_read_ahead,803715,803715,302.917253,enabled
1782985076.688,2026-07-02 09:37:56.690,buffer_pool_read_ahead_evicted,25,25,0.009422,enabled
1782985076.688,2026-07-02 09:37:56.690,buffer_pool_read_requests,3141238040,3141238040,1183921.167172,enabled
1782985076.688,2026-07-02 09:37:56.690,buffer_pool_size,12884901888,12884901888,0.000000,enabled
1782985076.688,2026-07-02 09:37:56.690,buffer_pool_wait_free,18945,18945,7.140301,enabled
1782985076.688,2026-07-02 09:37:56.690,buffer_pool_write_requests,640878485,640878485,241544.764794,enabled
1782985076.688,2026-07-02 09:37:56.690,dml_deletes,14665415,14665415,5527.340532,enabled
1782985076.688,2026-07-02 09:37:56.690,dml_inserts,114550820,114550820,43173.779327,enabled
1782985076.688,2026-07-02 09:37:56.690,dml_system_deletes,468,468,0.176387,enabled
1782985076.688,2026-07-02 09:37:56.690,dml_system_inserts,1202,1202,0.453029,enabled
1782985076.688,2026-07-02 09:37:56.690,dml_system_reads,7661,7661,2.887402,enabled
1782985076.688,2026-07-02 09:37:56.690,dml_system_updates,620,620,0.233676,enabled
1782985076.688,2026-07-02 09:37:56.690,dml_updates,29330953,29330953,11054.727412,enabled
1782985076.688,2026-07-02 09:37:56.690,file_num_open_files,35,35,0.000000,enabled
1782985076.688,2026-07-02 09:37:56.690,ibuf_merges,0,0,0.000000,enabled
1782985076.688,2026-07-02 09:37:56.690,ibuf_merges_delete,0,0,0.000000,enabled
1782985076.688,2026-07-02 09:37:56.690,ibuf_merges_delete_mark,0,0,0.000000,enabled
1782985076.688,2026-07-02 09:37:56.690,ibuf_merges_discard_delete,0,0,0.000000,enabled
1782985076.688,2026-07-02 09:37:56.690,ibuf_merges_discard_delete_mark,0,0,0.000000,enabled
1782985076.688,2026-07-02 09:37:56.690,ibuf_merges_discard_insert,0,0,0.000000,enabled
1782985076.688,2026-07-02 09:37:56.690,ibuf_merges_insert,0,0,0.000000,enabled
1782985076.688,2026-07-02 09:37:56.690,ibuf_size,1,1,0.000377,enabled
1782985076.688,2026-07-02 09:37:56.690,innodb_activity_count,19758020,19758020,7446.724579,enabled
1782985076.688,2026-07-02 09:37:56.690,innodb_dblwr_pages_written,30594041,30594041,11530.780703,enabled
1782985076.688,2026-07-02 09:37:56.690,innodb_dblwr_writes,636003,636003,239.707175,enabled
1782985076.688,2026-07-02 09:37:56.690,innodb_page_size,16384,16384,0.000000,enabled
1782985076.688,2026-07-02 09:37:56.690,innodb_rwlock_sx_os_waits,0,0,0.000000,enabled
1782985076.688,2026-07-02 09:37:56.690,innodb_rwlock_sx_spin_rounds,0,0,0.000000,enabled
1782985076.688,2026-07-02 09:37:56.690,innodb_rwlock_sx_spin_waits,0,0,0.000000,enabled
1782985076.688,2026-07-02 09:37:56.690,innodb_rwlock_s_os_waits,0,0,0.000000,enabled
1782985076.688,2026-07-02 09:37:56.690,innodb_rwlock_s_spin_rounds,0,0,0.000000,enabled
1782985076.688,2026-07-02 09:37:56.690,innodb_rwlock_s_spin_waits,0,0,0.000000,enabled
1782985076.688,2026-07-02 09:37:56.690,innodb_rwlock_x_os_waits,0,0,0.000000,enabled
1782985076.688,2026-07-02 09:37:56.690,innodb_rwlock_x_spin_rounds,0,0,0.000000,enabled
1782985076.688,2026-07-02 09:37:56.690,innodb_rwlock_x_spin_waits,0,0,0.000000,enabled
1782985076.688,2026-07-02 09:37:56.690,lock_deadlocks,0,0,0.000000,enabled
1782985076.688,2026-07-02 09:37:56.690,lock_deadlock_false_positives,0,0,0.000000,enabled
1782985076.688,2026-07-02 09:37:56.690,lock_deadlock_rounds,2890,2890,1.089230,enabled
1782985076.688,2026-07-02 09:37:56.690,lock_rec_grant_attempts,425,425,0.160181,enabled
1782985076.688,2026-07-02 09:37:56.690,lock_rec_release_attempts,44576134,44576134,16800.582650,enabled
1782985076.688,2026-07-02 09:37:56.690,lock_row_lock_current_waits,0,0,0.000000,enabled
1782985076.688,2026-07-02 09:37:56.690,lock_row_lock_time,323,323,0.121738,enabled
1782985076.688,2026-07-02 09:37:56.690,lock_row_lock_time_avg,0,0,0.000000,enabled
1782985076.688,2026-07-02 09:37:56.690,lock_row_lock_time_max,29,29,0.000000,enabled
1782985076.688,2026-07-02 09:37:56.690,lock_row_lock_waits,425,425,0.160181,enabled
1782985076.688,2026-07-02 09:37:56.690,lock_schedule_refreshes,2890,2890,1.089230,enabled
1782985076.688,2026-07-02 09:37:56.690,lock_threads_waiting,0,0,0.000000,enabled
1782985076.688,2026-07-02 09:37:56.690,lock_timeouts,0,0,0.000000,enabled
1782985076.688,2026-07-02 09:37:56.690,log_waits,0,0,0.000000,enabled
1782985076.688,2026-07-02 09:37:56.690,log_writes,224612331,224612331,84655.559505,enabled
1782985076.688,2026-07-02 09:37:56.690,log_write_requests,434016622,434016622,163579.264888,enabled
1782985076.688,2026-07-02 09:37:56.690,os_data_fsyncs,65712333,65712333,24766.736726,enabled
1782985076.688,2026-07-02 09:37:56.690,os_data_reads,93862156,93862156,35376.301571,enabled
1782985076.688,2026-07-02 09:37:56.690,os_data_writes,256138418,256138418,96537.628150,enabled
1782985076.688,2026-07-02 09:37:56.690,os_log_bytes_written,139861064192,139861064192,52713120.830543,enabled
1782985076.688,2026-07-02 09:37:56.690,os_log_fsyncs,57238485,57238485,21572.974520,enabled
1782985076.688,2026-07-02 09:37:56.690,os_log_pending_fsyncs,1,1,0.000377,enabled
1782985076.688,2026-07-02 09:37:56.690,os_log_pending_writes,0,0,0.000000,enabled
1782985076.688,2026-07-02 09:37:56.690,trx_rseg_history_len,928,928,0.000000,enabled
1782985077.762,2026-07-02 09:37:57.763,adaptive_hash_searches,0,0,0.000000,enabled
1782985077.762,2026-07-02 09:37:57.763,adaptive_hash_searches_btree,650838922,650838922,245199.649654,enabled
1782985077.762,2026-07-02 09:37:57.763,buffer_data_reads,1533887662592,1533887662592,577883007.659530,enabled
1782985077.762,2026-07-02 09:37:57.763,buffer_data_written,679898786816,679898786816,256147803.481322,enabled
1782985077.762,2026-07-02 09:37:57.763,buffer_pages0_read,7,7,0.002637,enabled
1782985077.762,2026-07-02 09:37:57.763,buffer_pages_created,1824727,1824727,687.454994,enabled
1782985077.762,2026-07-02 09:37:57.763,buffer_pages_read,93885079,93885079,35370.642345,enabled
1782985077.762,2026-07-02 09:37:57.763,buffer_pages_written,30669722,30669722,11554.634476,enabled
1782985077.762,2026-07-02 09:37:57.763,buffer_pool_bytes_data,12848349184,12848349184,0.000000,enabled
1782985077.762,2026-07-02 09:37:57.763,buffer_pool_bytes_dirty,4636327936,4636327936,0.000000,enabled
1782985077.762,2026-07-02 09:37:57.763,buffer_pool_pages_data,784201,784201,0.000000,enabled
1782985077.762,2026-07-02 09:37:57.763,buffer_pool_pages_dirty,282979,282979,0.000000,enabled
1782985077.762,2026-07-02 09:37:57.763,buffer_pool_pages_flushed,30612652,30612652,0.000000,enabled
1782985077.762,2026-07-02 09:37:57.763,buffer_pool_pages_free,2135,2135,0.000000,enabled
1782985077.762,2026-07-02 09:37:57.763,buffer_pool_pages_lru_flushed,0,0,0.000000,enabled
1782985077.762,2026-07-02 09:37:57.763,buffer_pool_pages_misc,96,96,0.000000,enabled
1782985077.762,2026-07-02 09:37:57.763,buffer_pool_pages_total,786432,786432,0.000000,enabled
1782985077.762,2026-07-02 09:37:57.763,buffer_pool_reads,92969278,92969278,35025.620770,enabled
1782985077.762,2026-07-02 09:37:57.763,buffer_pool_read_ahead,803715,803715,302.794828,enabled
1782985077.762,2026-07-02 09:37:57.763,buffer_pool_read_ahead_evicted,25,25,0.009419,enabled
1782985077.762,2026-07-02 09:37:57.763,buffer_pool_read_requests,3142075411,3142075411,1183758.157789,enabled
1782985077.762,2026-07-02 09:37:57.763,buffer_pool_size,12884901888,12884901888,0.000000,enabled
1782985077.762,2026-07-02 09:37:57.763,buffer_pool_wait_free,18945,18945,7.137416,enabled
1782985077.762,2026-07-02 09:37:57.763,buffer_pool_write_requests,640991789,640991789,241489.830629,enabled
1782985077.762,2026-07-02 09:37:57.763,dml_deletes,14670307,14670307,5526.949795,enabled
1782985077.762,2026-07-02 09:37:57.763,dml_inserts,114555710,114555710,43158.173744,enabled
1782985077.762,2026-07-02 09:37:57.763,dml_system_deletes,468,468,0.176316,enabled
1782985077.762,2026-07-02 09:37:57.763,dml_system_inserts,1202,1202,0.452846,enabled
1782985077.762,2026-07-02 09:37:57.763,dml_system_reads,7661,7661,2.886236,enabled
1782985077.762,2026-07-02 09:37:57.763,dml_system_updates,620,620,0.233581,enabled
1782985077.762,2026-07-02 09:37:57.763,dml_updates,29340745,29340745,11053.948934,enabled
1782985077.762,2026-07-02 09:37:57.763,file_num_open_files,35,35,0.000000,enabled
1782985077.762,2026-07-02 09:37:57.763,ibuf_merges,0,0,0.000000,enabled
1782985077.762,2026-07-02 09:37:57.763,ibuf_merges_delete,0,0,0.000000,enabled
1782985077.762,2026-07-02 09:37:57.763,ibuf_merges_delete_mark,0,0,0.000000,enabled
1782985077.762,2026-07-02 09:37:57.763,ibuf_merges_discard_delete,0,0,0.000000,enabled
1782985077.762,2026-07-02 09:37:57.763,ibuf_merges_discard_delete_mark,0,0,0.000000,enabled
1782985077.762,2026-07-02 09:37:57.763,ibuf_merges_discard_insert,0,0,0.000000,enabled
1782985077.762,2026-07-02 09:37:57.763,ibuf_merges_insert,0,0,0.000000,enabled
1782985077.762,2026-07-02 09:37:57.763,ibuf_size,1,1,0.000377,enabled
1782985077.762,2026-07-02 09:37:57.763,innodb_activity_count,19763642,19763642,7445.833182,enabled
1782985077.762,2026-07-02 09:37:57.763,innodb_dblwr_pages_written,30610222,30610222,11532.216854,enabled
1782985077.762,2026-07-02 09:37:57.763,innodb_dblwr_writes,636361,636361,239.745176,enabled
1782985077.762,2026-07-02 09:37:57.763,innodb_page_size,16384,16384,0.000000,enabled
1782985077.762,2026-07-02 09:37:57.763,innodb_rwlock_sx_os_waits,0,0,0.000000,enabled
1782985077.762,2026-07-02 09:37:57.763,innodb_rwlock_sx_spin_rounds,0,0,0.000000,enabled
1782985077.762,2026-07-02 09:37:57.763,innodb_rwlock_sx_spin_waits,0,0,0.000000,enabled
1782985077.762,2026-07-02 09:37:57.763,innodb_rwlock_s_os_waits,0,0,0.000000,enabled
1782985077.762,2026-07-02 09:37:57.763,innodb_rwlock_s_spin_rounds,0,0,0.000000,enabled
1782985077.762,2026-07-02 09:37:57.763,innodb_rwlock_s_spin_waits,0,0,0.000000,enabled
1782985077.762,2026-07-02 09:37:57.763,innodb_rwlock_x_os_waits,0,0,0.000000,enabled
1782985077.762,2026-07-02 09:37:57.763,innodb_rwlock_x_spin_rounds,0,0,0.000000,enabled
1782985077.762,2026-07-02 09:37:57.763,innodb_rwlock_x_spin_waits,0,0,0.000000,enabled
1782985077.762,2026-07-02 09:37:57.763,lock_deadlocks,0,0,0.000000,enabled
1782985077.762,2026-07-02 09:37:57.763,lock_deadlock_false_positives,0,0,0.000000,enabled
1782985077.762,2026-07-02 09:37:57.763,lock_deadlock_rounds,2891,2891,1.089167,enabled
1782985077.762,2026-07-02 09:37:57.763,lock_rec_grant_attempts,425,425,0.160116,enabled
1782985077.762,2026-07-02 09:37:57.763,lock_rec_release_attempts,44590999,44590999,16799.392968,enabled
1782985077.762,2026-07-02 09:37:57.763,lock_row_lock_current_waits,0,0,0.000000,enabled
1782985077.762,2026-07-02 09:37:57.763,lock_row_lock_time,323,323,0.121688,enabled
1782985077.762,2026-07-02 09:37:57.763,lock_row_lock_time_avg,0,0,0.000000,enabled
1782985077.762,2026-07-02 09:37:57.763,lock_row_lock_time_max,29,29,0.000000,enabled
1782985077.762,2026-07-02 09:37:57.763,lock_row_lock_waits,425,425,0.160116,enabled
1782985077.762,2026-07-02 09:37:57.763,lock_schedule_refreshes,2891,2891,1.089167,enabled
1782985077.762,2026-07-02 09:37:57.763,lock_threads_waiting,0,0,0.000000,enabled
1782985077.762,2026-07-02 09:37:57.763,lock_timeouts,0,0,0.000000,enabled
1782985077.762,2026-07-02 09:37:57.763,log_waits,0,0,0.000000,enabled
1782985077.762,2026-07-02 09:37:57.763,log_writes,224692050,224692050,84651.380683,enabled
1782985077.762,2026-07-02 09:37:57.763,log_write_requests,434099734,434099734,163544.468361,enabled
1782985077.762,2026-07-02 09:37:57.763,os_data_fsyncs,65746418,65746418,24769.568826,enabled
1782985077.762,2026-07-02 09:37:57.763,os_data_reads,93919336,93919336,35383.546826,enabled
1782985077.762,2026-07-02 09:37:57.763,os_data_writes,256234577,256234577,96534.840793,enabled
1782985077.762,2026-07-02 09:37:57.763,os_log_bytes_written,139902545920,139902545920,52707445.370788,enabled
1782985077.762,2026-07-02 09:37:57.763,os_log_fsyncs,57267801,57267801,21575.300657,enabled
1782985077.762,2026-07-02 09:37:57.763,os_log_pending_fsyncs,1,1,0.000377,enabled
1782985077.762,2026-07-02 09:37:57.763,os_log_pending_writes,1,1,0.000377,enabled
1782985077.762,2026-07-02 09:37:57.763,trx_rseg_history_len,1020,1020,0.000000,enabled
1782985078.834,2026-07-02 09:37:58.836,adaptive_hash_searches,0,0,0.000000,enabled
1782985078.834,2026-07-02 09:37:58.836,adaptive_hash_searches_btree,651008260,651008260,245164.380032,enabled
1782985078.834,2026-07-02 09:37:58.836,buffer_data_reads,1534822255104,1534822255104,578001560.191623,enabled
1782985078.834,2026-07-02 09:37:58.836,buffer_data_written,680211656192,680211656192,256162169.236735,enabled
1782985078.834,2026-07-02 09:37:58.836,buffer_pages0_read,7,7,0.002636,enabled
1782985078.834,2026-07-02 09:37:58.836,buffer_pages_created,1824752,1824752,687.186746,enabled
1782985078.834,2026-07-02 09:37:58.836,buffer_pages_read,93942289,93942289,35377.900939,enabled
1782985078.834,2026-07-02 09:37:58.836,buffer_pages_written,30685901,30685901,11556.060436,enabled
1782985078.834,2026-07-02 09:37:58.836,buffer_pool_bytes_data,12848496640,12848496640,0.000000,enabled
1782985078.834,2026-07-02 09:37:58.836,buffer_pool_bytes_dirty,4640833536,4640833536,0.000000,enabled
1782985078.834,2026-07-02 09:37:58.836,buffer_pool_pages_data,784211,784211,0.000000,enabled
1782985078.834,2026-07-02 09:37:58.836,buffer_pool_pages_dirty,283254,283254,0.000000,enabled
1782985078.834,2026-07-02 09:37:58.836,buffer_pool_pages_flushed,30628831,30628831,0.000000,enabled
1782985078.834,2026-07-02 09:37:58.836,buffer_pool_pages_free,2125,2125,0.000000,enabled
1782985078.834,2026-07-02 09:37:58.836,buffer_pool_pages_lru_flushed,0,0,0.000000,enabled
1782985078.834,2026-07-02 09:37:58.836,buffer_pool_pages_misc,96,96,0.000000,enabled
1782985078.834,2026-07-02 09:37:58.836,buffer_pool_pages_total,786432,786432,0.000000,enabled
1782985078.834,2026-07-02 09:37:58.836,buffer_pool_reads,93026442,93026442,35033.001544,enabled
1782985078.834,2026-07-02 09:37:58.836,buffer_pool_read_ahead,803715,803715,302.672530,enabled
1782985078.834,2026-07-02 09:37:58.836,buffer_pool_read_ahead_evicted,25,25,0.009415,enabled
1782985078.834,2026-07-02 09:37:58.836,buffer_pool_read_requests,3142913101,3142913101,1183595.509434,enabled
1782985078.834,2026-07-02 09:37:58.836,buffer_pool_size,12884901888,12884901888,0.000000,enabled
1782985078.834,2026-07-02 09:37:58.836,buffer_pool_wait_free,18945,18945,7.134533,enabled
1782985078.834,2026-07-02 09:37:58.836,buffer_pool_write_requests,641104932,641104932,241434.902479,enabled
1782985078.834,2026-07-02 09:37:58.836,dml_deletes,14675202,14675202,5526.560785,enabled
1782985078.834,2026-07-02 09:37:58.836,dml_inserts,114560606,114560606,43142.585231,enabled
1782985078.834,2026-07-02 09:37:58.836,dml_system_deletes,468,468,0.176245,enabled
1782985078.834,2026-07-02 09:37:58.836,dml_system_inserts,1202,1202,0.452663,enabled
1782985078.834,2026-07-02 09:37:58.836,dml_system_reads,7661,7661,2.885070,enabled
1782985078.834,2026-07-02 09:37:58.836,dml_system_updates,620,620,0.233487,enabled
1782985078.834,2026-07-02 09:37:58.836,dml_updates,29350529,29350529,11053.168637,enabled
1782985078.834,2026-07-02 09:37:58.836,file_num_open_files,35,35,0.000000,enabled
1782985078.834,2026-07-02 09:37:58.836,ibuf_merges,0,0,0.000000,enabled
1782985078.834,2026-07-02 09:37:58.836,ibuf_merges_delete,0,0,0.000000,enabled
1782985078.834,2026-07-02 09:37:58.836,ibuf_merges_delete_mark,0,0,0.000000,enabled
1782985078.834,2026-07-02 09:37:58.836,ibuf_merges_discard_delete,0,0,0.000000,enabled
1782985078.834,2026-07-02 09:37:58.836,ibuf_merges_discard_delete_mark,0,0,0.000000,enabled
1782985078.834,2026-07-02 09:37:58.836,ibuf_merges_discard_insert,0,0,0.000000,enabled
1782985078.834,2026-07-02 09:37:58.836,ibuf_merges_insert,0,0,0.000000,enabled
1782985078.834,2026-07-02 09:37:58.836,ibuf_size,1,1,0.000377,enabled
1782985078.834,2026-07-02 09:37:58.836,innodb_activity_count,19769265,19769265,7444.943247,enabled
1782985078.834,2026-07-02 09:37:58.836,innodb_dblwr_pages_written,30626405,30626405,11533.653172,enabled
1782985078.834,2026-07-02 09:37:58.836,innodb_dblwr_writes,636727,636727,239.786171,enabled
1782985078.834,2026-07-02 09:37:58.836,innodb_page_size,16384,16384,0.000000,enabled
1782985078.834,2026-07-02 09:37:58.836,innodb_rwlock_sx_os_waits,0,0,0.000000,enabled
1782985078.834,2026-07-02 09:37:58.836,innodb_rwlock_sx_spin_rounds,0,0,0.000000,enabled
1782985078.834,2026-07-02 09:37:58.836,innodb_rwlock_sx_spin_waits,0,0,0.000000,enabled
1782985078.834,2026-07-02 09:37:58.836,innodb_rwlock_s_os_waits,0,0,0.000000,enabled
1782985078.834,2026-07-02 09:37:58.836,innodb_rwlock_s_spin_rounds,0,0,0.000000,enabled
1782985078.834,2026-07-02 09:37:58.836,innodb_rwlock_s_spin_waits,0,0,0.000000,enabled
1782985078.834,2026-07-02 09:37:58.836,innodb_rwlock_x_os_waits,0,0,0.000000,enabled
1782985078.834,2026-07-02 09:37:58.836,innodb_rwlock_x_spin_rounds,0,0,0.000000,enabled
1782985078.834,2026-07-02 09:37:58.836,innodb_rwlock_x_spin_waits,0,0,0.000000,enabled
1782985078.834,2026-07-02 09:37:58.836,lock_deadlocks,0,0,0.000000,enabled
1782985078.834,2026-07-02 09:37:58.836,lock_deadlock_false_positives,0,0,0.000000,enabled
1782985078.834,2026-07-02 09:37:58.836,lock_deadlock_rounds,2892,2892,1.089104,enabled
1782985078.834,2026-07-02 09:37:58.836,lock_rec_grant_attempts,425,425,0.160052,enabled
1782985078.834,2026-07-02 09:37:58.836,lock_rec_release_attempts,44605899,44605899,16798.218980,enabled
1782985078.834,2026-07-02 09:37:58.836,lock_row_lock_current_waits,0,0,0.000000,enabled
1782985078.834,2026-07-02 09:37:58.836,lock_row_lock_time,323,323,0.121639,enabled
1782985078.834,2026-07-02 09:37:58.836,lock_row_lock_time_avg,0,0,0.000000,enabled
1782985078.834,2026-07-02 09:37:58.836,lock_row_lock_time_max,29,29,0.000000,enabled
1782985078.834,2026-07-02 09:37:58.836,lock_row_lock_waits,425,425,0.160052,enabled
1782985078.834,2026-07-02 09:37:58.836,lock_schedule_refreshes,2892,2892,1.089104,enabled
1782985078.834,2026-07-02 09:37:58.836,lock_threads_waiting,0,0,0.000000,enabled
1782985078.834,2026-07-02 09:37:58.836,lock_timeouts,0,0,0.000000,enabled
1782985078.834,2026-07-02 09:37:58.836,log_waits,0,0,0.000000,enabled
1782985078.834,2026-07-02 09:37:58.836,log_writes,224772058,224772058,84647.318764,enabled
1782985078.834,2026-07-02 09:37:58.836,log_write_requests,434182835,434182835,163509.704819,enabled
1782985078.834,2026-07-02 09:37:58.836,os_data_fsyncs,65781274,65781274,24772.690506,enabled
1782985078.834,2026-07-02 09:37:58.836,os_data_reads,93976371,93976371,35390.733788,enabled
1782985078.834,2026-07-02 09:37:58.836,os_data_writes,256331033,256331033,96532.173443,enabled
1782985078.834,2026-07-02 09:37:58.836,os_log_bytes_written,139944146944,139944146944,52701822.628031,enabled
1782985078.834,2026-07-02 09:37:58.836,os_log_fsyncs,57297588,57297588,21577.803600,enabled
1782985078.834,2026-07-02 09:37:58.836,os_log_pending_fsyncs,1,1,0.000377,enabled
1782985078.834,2026-07-02 09:37:58.836,os_log_pending_writes,1,1,0.000377,enabled
1782985078.834,2026-07-02 09:37:58.836,trx_rseg_history_len,1089,1089,0.000000,enabled
1782985079.906,2026-07-02 09:37:59.908,adaptive_hash_searches,0,0,0.000000,enabled
1782985079.906,2026-07-02 09:37:59.908,adaptive_hash_searches_btree,651176295,651176295,245128.696058,enabled
1782985079.906,2026-07-02 09:37:59.908,buffer_data_reads,1535758764544,1535758764544,578120841.004924,enabled
1782985079.906,2026-07-02 09:37:59.908,buffer_data_written,680522431488,680522431488,256175780.466737,enabled
1782985079.906,2026-07-02 09:37:59.908,buffer_pages0_read,7,7,0.002635,enabled
1782985079.906,2026-07-02 09:37:59.908,buffer_pages_created,1824792,1824792,686.924482,enabled
1782985079.906,2026-07-02 09:37:59.908,buffer_pages_read,93999602,93999602,35385.198713,enabled
1782985079.906,2026-07-02 09:37:59.908,buffer_pages_written,30701938,30701938,11557.433831,enabled
1782985079.906,2026-07-02 09:37:59.908,buffer_pool_bytes_data,12852166656,12852166656,0.000000,enabled
1782985079.906,2026-07-02 09:37:59.908,buffer_pool_bytes_dirty,4644896768,4644896768,0.000000,enabled
1782985079.906,2026-07-02 09:37:59.908,buffer_pool_pages_data,784434,784434,0.000000,enabled
1782985079.906,2026-07-02 09:37:59.908,buffer_pool_pages_dirty,283502,283502,0.000000,enabled
1782985079.906,2026-07-02 09:37:59.908,buffer_pool_pages_flushed,30644868,30644868,0.000000,enabled
1782985079.906,2026-07-02 09:37:59.908,buffer_pool_pages_free,1901,1901,0.000000,enabled
1782985079.906,2026-07-02 09:37:59.908,buffer_pool_pages_lru_flushed,0,0,0.000000,enabled
1782985079.906,2026-07-02 09:37:59.908,buffer_pool_pages_misc,96,96,0.000000,enabled
1782985079.906,2026-07-02 09:37:59.908,buffer_pool_pages_total,786432,786432,0.000000,enabled
1782985079.906,2026-07-02 09:37:59.908,buffer_pool_reads,93083692,93083692,35040.414777,enabled
1782985079.906,2026-07-02 09:37:59.908,buffer_pool_read_ahead,803715,803715,302.550383,enabled
1782985079.906,2026-07-02 09:37:59.908,buffer_pool_read_ahead_evicted,25,25,0.009411,enabled
1782985079.906,2026-07-02 09:37:59.908,buffer_pool_read_requests,3143745988,3143745988,1183431.388453,enabled
1782985079.906,2026-07-02 09:37:59.908,buffer_pool_size,12884901888,12884901888,0.000000,enabled
1782985079.906,2026-07-02 09:37:59.908,buffer_pool_wait_free,18945,18945,7.131654,enabled
1782985079.906,2026-07-02 09:37:59.908,buffer_pool_write_requests,641217698,641217698,241379.918411,enabled
1782985079.906,2026-07-02 09:37:59.908,dml_deletes,14680057,14680057,5526.158061,enabled
1782985079.906,2026-07-02 09:37:59.908,dml_inserts,114565462,114565462,43127.002290,enabled
1782985079.906,2026-07-02 09:37:59.908,dml_system_deletes,468,468,0.176174,enabled
1782985079.906,2026-07-02 09:37:59.908,dml_system_inserts,1202,1202,0.452481,enabled
1782985079.906,2026-07-02 09:37:59.908,dml_system_reads,7661,7661,2.883905,enabled
1782985079.906,2026-07-02 09:37:59.908,dml_system_updates,620,620,0.233393,enabled
1782985079.906,2026-07-02 09:37:59.908,dml_updates,29360246,29360246,11052.365801,enabled
1782985079.906,2026-07-02 09:37:59.908,file_num_open_files,35,35,0.000000,enabled
1782985079.906,2026-07-02 09:37:59.908,ibuf_merges,0,0,0.000000,enabled
1782985079.906,2026-07-02 09:37:59.908,ibuf_merges_delete,0,0,0.000000,enabled
1782985079.906,2026-07-02 09:37:59.908,ibuf_merges_delete_mark,0,0,0.000000,enabled
1782985079.906,2026-07-02 09:37:59.908,ibuf_merges_discard_delete,0,0,0.000000,enabled
1782985079.906,2026-07-02 09:37:59.908,ibuf_merges_discard_delete_mark,0,0,0.000000,enabled
1782985079.906,2026-07-02 09:37:59.908,ibuf_merges_discard_insert,0,0,0.000000,enabled
1782985079.906,2026-07-02 09:37:59.908,ibuf_merges_insert,0,0,0.000000,enabled
1782985079.906,2026-07-02 09:37:59.908,ibuf_size,1,1,0.000376,enabled
1782985079.906,2026-07-02 09:37:59.908,innodb_activity_count,19774841,19774841,7444.037766,enabled
1782985079.906,2026-07-02 09:37:59.908,innodb_dblwr_pages_written,30642438,30642438,11535.034044,enabled
1782985079.906,2026-07-02 09:37:59.908,innodb_dblwr_writes,637099,637099,239.829437,enabled
1782985079.906,2026-07-02 09:37:59.908,innodb_page_size,16384,16384,0.000000,enabled
1782985079.906,2026-07-02 09:37:59.908,innodb_rwlock_sx_os_waits,0,0,0.000000,enabled
1782985079.906,2026-07-02 09:37:59.908,innodb_rwlock_sx_spin_rounds,0,0,0.000000,enabled
1782985079.906,2026-07-02 09:37:59.908,innodb_rwlock_sx_spin_waits,0,0,0.000000,enabled
1782985079.906,2026-07-02 09:37:59.908,innodb_rwlock_s_os_waits,0,0,0.000000,enabled
1782985079.906,2026-07-02 09:37:59.908,innodb_rwlock_s_spin_rounds,0,0,0.000000,enabled
1782985079.906,2026-07-02 09:37:59.908,innodb_rwlock_s_spin_waits,0,0,0.000000,enabled
1782985079.906,2026-07-02 09:37:59.908,innodb_rwlock_x_os_waits,0,0,0.000000,enabled
1782985079.906,2026-07-02 09:37:59.908,innodb_rwlock_x_spin_rounds,0,0,0.000000,enabled
1782985079.906,2026-07-02 09:37:59.908,innodb_rwlock_x_spin_waits,0,0,0.000000,enabled
1782985079.906,2026-07-02 09:37:59.908,lock_deadlocks,0,0,0.000000,enabled
1782985079.906,2026-07-02 09:37:59.908,lock_deadlock_false_positives,0,0,0.000000,enabled
1782985079.906,2026-07-02 09:37:59.908,lock_deadlock_rounds,2893,2893,1.089041,enabled
1782985079.906,2026-07-02 09:37:59.908,lock_rec_grant_attempts,425,425,0.159987,enabled
1782985079.906,2026-07-02 09:37:59.908,lock_rec_release_attempts,44620688,44620688,16797.007056,enabled
1782985079.906,2026-07-02 09:37:59.908,lock_row_lock_current_waits,0,0,0.000000,enabled
1782985079.906,2026-07-02 09:37:59.908,lock_row_lock_time,323,323,0.121590,enabled
1782985079.906,2026-07-02 09:37:59.908,lock_row_lock_time_avg,0,0,0.000000,enabled
1782985079.906,2026-07-02 09:37:59.908,lock_row_lock_time_max,29,29,0.000000,enabled
1782985079.906,2026-07-02 09:37:59.908,lock_row_lock_waits,425,425,0.159987,enabled
1782985079.906,2026-07-02 09:37:59.908,lock_schedule_refreshes,2893,2893,1.089041,enabled
1782985079.906,2026-07-02 09:37:59.908,lock_threads_waiting,0,0,0.000000,enabled
1782985079.906,2026-07-02 09:37:59.908,lock_timeouts,0,0,0.000000,enabled
1782985079.906,2026-07-02 09:37:59.908,log_waits,0,0,0.000000,enabled
1782985079.906,2026-07-02 09:37:59.908,log_writes,224851838,224851838,84643.191029,enabled
1782985079.906,2026-07-02 09:37:59.908,log_write_requests,434265403,434265403,163474.801079,enabled
1782985079.906,2026-07-02 09:37:59.908,os_data_fsyncs,65815845,65815845,24775.707164,enabled
1782985079.906,2026-07-02 09:37:59.908,os_data_reads,94033521,94033521,35397.965096,enabled
1782985079.906,2026-07-02 09:37:59.908,os_data_writes,256427115,256427115,96529.386122,enabled
1782985079.906,2026-07-02 09:37:59.908,os_log_bytes_written,139985986048,139985986048,52696304.236327,enabled
1782985079.906,2026-07-02 09:37:59.908,os_log_fsyncs,57327042,57327042,21580.183338,enabled
1782985079.906,2026-07-02 09:37:59.908,os_log_pending_fsyncs,1,1,0.000376,enabled
1782985079.906,2026-07-02 09:37:59.908,os_log_pending_writes,0,0,0.000000,enabled
1782985079.906,2026-07-02 09:37:59.908,trx_rseg_history_len,1132,1132,0.000000,enabled
1782985080.978,2026-07-02 09:38:00.980,adaptive_hash_searches,0,0,0.000000,enabled
1782985080.978,2026-07-02 09:38:00.980,adaptive_hash_searches_btree,651345090,651345090,245093.303667,enabled
1782985080.978,2026-07-02 09:38:00.980,buffer_data_reads,1536695470592,1536695470592,578240030.762594,enabled
1782985080.978,2026-07-02 09:38:00.980,buffer_data_written,680836004352,680836004352,256190402.943749,enabled
1782985080.978,2026-07-02 09:38:00.980,buffer_pages0_read,7,7,0.002634,enabled
1782985080.978,2026-07-02 09:38:00.980,buffer_pages_created,1824821,1824821,686.658208,enabled
1782985080.978,2026-07-02 09:38:00.980,buffer_pages_read,94056916,94056916,35392.486748,enabled
1782985080.978,2026-07-02 09:38:00.980,buffer_pages_written,30718145,30718145,11558.868704,enabled
1782985080.978,2026-07-02 09:38:00.980,buffer_pool_bytes_data,12845727744,12845727744,0.000000,enabled
1782985080.978,2026-07-02 09:38:00.980,buffer_pool_bytes_dirty,4647780352,4647780352,0.000000,enabled
1782985080.978,2026-07-02 09:38:00.980,buffer_pool_pages_data,784041,784041,0.000000,enabled
1782985080.978,2026-07-02 09:38:00.980,buffer_pool_pages_dirty,283678,283678,0.000000,enabled
1782985080.978,2026-07-02 09:38:00.980,buffer_pool_pages_flushed,30661075,30661075,0.000000,enabled
1782985080.978,2026-07-02 09:38:00.980,buffer_pool_pages_free,2293,2293,0.000000,enabled
1782985080.978,2026-07-02 09:38:00.980,buffer_pool_pages_lru_flushed,0,0,0.000000,enabled
1782985080.978,2026-07-02 09:38:00.980,buffer_pool_pages_misc,96,96,0.000000,enabled
1782985080.978,2026-07-02 09:38:00.980,buffer_pool_pages_total,786432,786432,0.000000,enabled
1782985080.978,2026-07-02 09:38:00.980,buffer_pool_reads,93140941,93140941,35047.817360,enabled
1782985080.978,2026-07-02 09:38:00.980,buffer_pool_read_ahead,803715,803715,302.428298,enabled
1782985080.978,2026-07-02 09:38:00.980,buffer_pool_read_ahead_evicted,25,25,0.009407,enabled
1782985080.978,2026-07-02 09:38:00.980,buffer_pool_read_requests,3144582132,3144582132,1183268.480926,enabled
1782985080.978,2026-07-02 09:38:00.980,buffer_pool_size,12884901888,12884901888,0.000000,enabled
1782985080.978,2026-07-02 09:38:00.980,buffer_pool_wait_free,18945,18945,7.128776,enabled
1782985080.978,2026-07-02 09:38:00.980,buffer_pool_write_requests,641330704,641330704,241325.039565,enabled
1782985080.978,2026-07-02 09:38:00.980,dml_deletes,14684940,14684940,5525.765738,enabled
1782985080.978,2026-07-02 09:38:00.980,dml_inserts,114570344,114570344,43111.438112,enabled
1782985080.978,2026-07-02 09:38:00.980,dml_system_deletes,468,468,0.176103,enabled
1782985080.978,2026-07-02 09:38:00.980,dml_system_inserts,1202,1202,0.452298,enabled
1782985080.978,2026-07-02 09:38:00.980,dml_system_reads,7661,7661,2.882742,enabled
1782985080.978,2026-07-02 09:38:00.980,dml_system_updates,620,620,0.233299,enabled
1782985080.978,2026-07-02 09:38:00.980,dml_updates,29370005,29370005,11051.578506,enabled
1782985080.978,2026-07-02 09:38:00.980,file_num_open_files,35,35,0.000000,enabled
1782985080.978,2026-07-02 09:38:00.980,ibuf_merges,0,0,0.000000,enabled
1782985080.978,2026-07-02 09:38:00.980,ibuf_merges_delete,0,0,0.000000,enabled
1782985080.978,2026-07-02 09:38:00.980,ibuf_merges_delete_mark,0,0,0.000000,enabled
1782985080.978,2026-07-02 09:38:00.980,ibuf_merges_discard_delete,0,0,0.000000,enabled
1782985080.978,2026-07-02 09:38:00.980,ibuf_merges_discard_delete_mark,0,0,0.000000,enabled
1782985080.978,2026-07-02 09:38:00.980,ibuf_merges_discard_insert,0,0,0.000000,enabled
1782985080.978,2026-07-02 09:38:00.980,ibuf_merges_insert,0,0,0.000000,enabled
1782985080.978,2026-07-02 09:38:00.980,ibuf_size,1,1,0.000376,enabled
1782985080.978,2026-07-02 09:38:00.980,innodb_activity_count,19780454,19780454,7443.146266,enabled
1782985080.978,2026-07-02 09:38:00.980,innodb_dblwr_pages_written,30658645,30658645,11536.478278,enabled
1782985080.978,2026-07-02 09:38:00.980,innodb_dblwr_writes,637480,637480,239.876034,enabled
1782985080.978,2026-07-02 09:38:00.980,innodb_page_size,16384,16384,0.000000,enabled
1782985080.978,2026-07-02 09:38:00.980,innodb_rwlock_sx_os_waits,0,0,0.000000,enabled
1782985080.978,2026-07-02 09:38:00.980,innodb_rwlock_sx_spin_rounds,0,0,0.000000,enabled
1782985080.978,2026-07-02 09:38:00.980,innodb_rwlock_sx_spin_waits,0,0,0.000000,enabled
1782985080.978,2026-07-02 09:38:00.980,innodb_rwlock_s_os_waits,0,0,0.000000,enabled
1782985080.978,2026-07-02 09:38:00.980,innodb_rwlock_s_spin_rounds,0,0,0.000000,enabled
1782985080.978,2026-07-02 09:38:00.980,innodb_rwlock_s_spin_waits,0,0,0.000000,enabled
1782985080.978,2026-07-02 09:38:00.980,innodb_rwlock_x_os_waits,0,0,0.000000,enabled
1782985080.978,2026-07-02 09:38:00.980,innodb_rwlock_x_spin_rounds,0,0,0.000000,enabled
1782985080.978,2026-07-02 09:38:00.980,innodb_rwlock_x_spin_waits,0,0,0.000000,enabled
1782985080.978,2026-07-02 09:38:00.980,lock_deadlocks,0,0,0.000000,enabled
1782985080.978,2026-07-02 09:38:00.980,lock_deadlock_false_positives,0,0,0.000000,enabled
1782985080.978,2026-07-02 09:38:00.980,lock_deadlock_rounds,2894,2894,1.088977,enabled
1782985080.978,2026-07-02 09:38:00.980,lock_rec_grant_attempts,425,425,0.159922,enabled
1782985080.978,2026-07-02 09:38:00.980,lock_rec_release_attempts,44635513,44635513,16795.807564,enabled
1782985080.978,2026-07-02 09:38:00.980,lock_row_lock_current_waits,0,0,0.000000,enabled
1782985080.978,2026-07-02 09:38:00.980,lock_row_lock_time,323,323,0.121541,enabled
1782985080.978,2026-07-02 09:38:00.980,lock_row_lock_time_avg,0,0,0.000000,enabled
1782985080.978,2026-07-02 09:38:00.980,lock_row_lock_time_max,29,29,0.000000,enabled
1782985080.978,2026-07-02 09:38:00.980,lock_row_lock_waits,425,425,0.159922,enabled
1782985080.978,2026-07-02 09:38:00.980,lock_schedule_refreshes,2894,2894,1.088977,enabled
1782985080.978,2026-07-02 09:38:00.980,lock_threads_waiting,0,0,0.000000,enabled
1782985080.978,2026-07-02 09:38:00.980,lock_timeouts,0,0,0.000000,enabled
1782985080.978,2026-07-02 09:38:00.980,log_waits,0,0,0.000000,enabled
1782985080.978,2026-07-02 09:38:00.980,log_writes,224932549,224932549,84639.408076,enabled
1782985080.978,2026-07-02 09:38:00.980,log_write_requests,434348390,434348390,163440.065969,enabled
1782985080.978,2026-07-02 09:38:00.980,os_data_fsyncs,65850581,65850581,24778.780807,enabled
1782985080.978,2026-07-02 09:38:00.980,os_data_reads,94090687,94090687,35405.192728,enabled
1782985080.978,2026-07-02 09:38:00.980,os_data_writes,256524316,256524316,96527.011677,enabled
1782985080.978,2026-07-02 09:38:00.980,os_log_bytes_written,140027927552,140027927552,52690823.169314,enabled
1782985080.978,2026-07-02 09:38:00.980,os_log_fsyncs,57356629,57356629,21582.608891,enabled
1782985080.978,2026-07-02 09:38:00.980,os_log_pending_fsyncs,0,0,0.000000,enabled
1782985080.978,2026-07-02 09:38:00.980,os_log_pending_writes,0,0,0.000000,enabled
1782985080.978,2026-07-02 09:38:00.980,trx_rseg_history_len,1202,1202,0.000000,enabled
1782985082.051,2026-07-02 09:38:02.052,adaptive_hash_searches,0,0,0.000000,enabled
1782985082.051,2026-07-02 09:38:02.052,adaptive_hash_searches_btree,651513549,651513549,245057.897215,enabled
1782985082.051,2026-07-02 09:38:02.052,buffer_data_reads,1537630571008,1537630571008,578358744.175292,enabled
1782985082.051,2026-07-02 09:38:02.052,buffer_data_written,681148550144,681148550144,256204726.424426,enabled
1782985082.051,2026-07-02 09:38:02.052,buffer_pages0_read,7,7,0.002633,enabled
1782985082.051,2026-07-02 09:38:02.052,buffer_pages_created,1824855,1824855,686.394296,enabled
1782985082.051,2026-07-02 09:38:02.052,buffer_pages_read,94114150,94114150,35399.752534,enabled
1782985082.051,2026-07-02 09:38:02.052,buffer_pages_written,30734271,30734271,11560.276437,enabled
1782985082.051,2026-07-02 09:38:02.052,buffer_pool_bytes_data,12851167232,12851167232,0.000000,enabled
1782985082.051,2026-07-02 09:38:02.052,buffer_pool_bytes_dirty,4651237376,4651237376,0.000000,enabled
1782985082.051,2026-07-02 09:38:02.052,buffer_pool_pages_data,784373,784373,0.000000,enabled
1782985082.051,2026-07-02 09:38:02.052,buffer_pool_pages_dirty,283889,283889,0.000000,enabled
1782985082.051,2026-07-02 09:38:02.052,buffer_pool_pages_flushed,30677201,30677201,0.000000,enabled
1782985082.051,2026-07-02 09:38:02.052,buffer_pool_pages_free,1962,1962,0.000000,enabled
1782985082.051,2026-07-02 09:38:02.052,buffer_pool_pages_lru_flushed,0,0,0.000000,enabled
1782985082.051,2026-07-02 09:38:02.052,buffer_pool_pages_misc,97,97,0.000000,enabled
1782985082.051,2026-07-02 09:38:02.052,buffer_pool_pages_total,786432,786432,0.000000,enabled
1782985082.051,2026-07-02 09:38:02.052,buffer_pool_reads,93198119,93198119,35055.201009,enabled
1782985082.051,2026-07-02 09:38:02.052,buffer_pool_read_ahead,803715,803715,302.306430,enabled
1782985082.051,2026-07-02 09:38:02.052,buffer_pool_read_ahead_evicted,25,25,0.009403,enabled
1782985082.051,2026-07-02 09:38:02.052,buffer_pool_read_requests,3145419859,3145419859,1183106.763467,enabled
1782985082.051,2026-07-02 09:38:02.052,buffer_pool_size,12884901888,12884901888,0.000000,enabled
1782985082.051,2026-07-02 09:38:02.052,buffer_pool_wait_free,18945,18945,7.125903,enabled
1782985082.051,2026-07-02 09:38:02.052,buffer_pool_write_requests,641446125,641446125,241271.207793,enabled
1782985082.051,2026-07-02 09:38:02.052,dml_deletes,14689814,14689814,5525.372175,enabled
1782985082.051,2026-07-02 09:38:02.052,dml_inserts,114575219,114575219,43095.898128,enabled
1782985082.051,2026-07-02 09:38:02.052,dml_system_deletes,468,468,0.176032,enabled
1782985082.051,2026-07-02 09:38:02.052,dml_system_inserts,1202,1202,0.452116,enabled
1782985082.051,2026-07-02 09:38:02.052,dml_system_reads,7661,7661,2.881580,enabled
1782985082.051,2026-07-02 09:38:02.052,dml_system_updates,620,620,0.233205,enabled
1782985082.051,2026-07-02 09:38:02.052,dml_updates,29379757,29379757,11050.792864,enabled
1782985082.051,2026-07-02 09:38:02.052,file_num_open_files,35,35,0.000000,enabled
1782985082.051,2026-07-02 09:38:02.052,ibuf_merges,0,0,0.000000,enabled
1782985082.051,2026-07-02 09:38:02.052,ibuf_merges_delete,0,0,0.000000,enabled
1782985082.051,2026-07-02 09:38:02.052,ibuf_merges_delete_mark,0,0,0.000000,enabled
1782985082.051,2026-07-02 09:38:02.052,ibuf_merges_discard_delete,0,0,0.000000,enabled
1782985082.051,2026-07-02 09:38:02.052,ibuf_merges_discard_delete_mark,0,0,0.000000,enabled
1782985082.051,2026-07-02 09:38:02.052,ibuf_merges_discard_insert,0,0,0.000000,enabled
1782985082.051,2026-07-02 09:38:02.052,ibuf_merges_insert,0,0,0.000000,enabled
1782985082.051,2026-07-02 09:38:02.052,ibuf_size,1,1,0.000376,enabled
1782985082.051,2026-07-02 09:38:02.052,innodb_activity_count,19786066,19786066,7442.257609,enabled
1782985082.051,2026-07-02 09:38:02.052,innodb_dblwr_pages_written,30674771,30674771,11537.894732,enabled
1782985082.051,2026-07-02 09:38:02.052,innodb_dblwr_writes,637854,637854,239.920041,enabled
1782985082.051,2026-07-02 09:38:02.052,innodb_page_size,16384,16384,0.000000,enabled
1782985082.051,2026-07-02 09:38:02.052,innodb_rwlock_sx_os_waits,0,0,0.000000,enabled
1782985082.051,2026-07-02 09:38:02.052,innodb_rwlock_sx_spin_rounds,0,0,0.000000,enabled
1782985082.051,2026-07-02 09:38:02.052,innodb_rwlock_sx_spin_waits,0,0,0.000000,enabled
1782985082.051,2026-07-02 09:38:02.052,innodb_rwlock_s_os_waits,0,0,0.000000,enabled
1782985082.051,2026-07-02 09:38:02.052,innodb_rwlock_s_spin_rounds,0,0,0.000000,enabled
1782985082.051,2026-07-02 09:38:02.052,innodb_rwlock_s_spin_waits,0,0,0.000000,enabled
1782985082.051,2026-07-02 09:38:02.052,innodb_rwlock_x_os_waits,0,0,0.000000,enabled
1782985082.051,2026-07-02 09:38:02.052,innodb_rwlock_x_spin_rounds,0,0,0.000000,enabled
1782985082.051,2026-07-02 09:38:02.052,innodb_rwlock_x_spin_waits,0,0,0.000000,enabled
1782985082.051,2026-07-02 09:38:02.052,lock_deadlocks,0,0,0.000000,enabled
1782985082.051,2026-07-02 09:38:02.052,lock_deadlock_false_positives,0,0,0.000000,enabled
1782985082.051,2026-07-02 09:38:02.052,lock_deadlock_rounds,2895,2895,1.088915,enabled
1782985082.051,2026-07-02 09:38:02.052,lock_rec_grant_attempts,425,425,0.159858,enabled
1782985082.051,2026-07-02 09:38:02.052,lock_rec_release_attempts,44650332,44650332,16794.613417,enabled
1782985082.051,2026-07-02 09:38:02.052,lock_row_lock_current_waits,0,0,0.000000,enabled
1782985082.051,2026-07-02 09:38:02.052,lock_row_lock_time,323,323,0.121492,enabled
1782985082.051,2026-07-02 09:38:02.052,lock_row_lock_time_avg,0,0,0.000000,enabled
1782985082.051,2026-07-02 09:38:02.052,lock_row_lock_time_max,29,29,0.000000,enabled
1782985082.051,2026-07-02 09:38:02.052,lock_row_lock_waits,425,425,0.159858,enabled
1782985082.051,2026-07-02 09:38:02.052,lock_schedule_refreshes,2895,2895,1.088915,enabled
1782985082.051,2026-07-02 09:38:02.052,lock_threads_waiting,0,0,0.000000,enabled
1782985082.051,2026-07-02 09:38:02.052,lock_timeouts,0,0,0.000000,enabled
1782985082.051,2026-07-02 09:38:02.052,log_waits,0,0,0.000000,enabled
1782985082.051,2026-07-02 09:38:02.052,log_writes,225013306,225013306,84635.675454,enabled
1782985082.051,2026-07-02 09:38:02.052,log_write_requests,434432388,434432388,163405.797092,enabled
1782985082.051,2026-07-02 09:38:02.052,os_data_fsyncs,65885439,65885439,24781.906896,enabled
1782985082.051,2026-07-02 09:38:02.052,os_data_reads,94147786,94147786,35412.402279,enabled
1782985082.051,2026-07-02 09:38:02.052,os_data_writes,256621501,256621501,96524.668355,enabled
1782985082.051,2026-07-02 09:38:02.052,os_log_bytes_written,140070132224,140070132224,52685464.661531,enabled
1782985082.051,2026-07-02 09:38:02.052,os_log_fsyncs,57386616,57386616,21585.190783,enabled
1782985082.051,2026-07-02 09:38:02.052,os_log_pending_fsyncs,1,1,0.000376,enabled
1782985082.051,2026-07-02 09:38:02.052,os_log_pending_writes,0,0,0.000000,enabled
1782985082.051,2026-07-02 09:38:02.052,trx_rseg_history_len,62,62,0.000000,enabled
1782985083.122,2026-07-02 09:38:03.124,adaptive_hash_searches,0,0,0.000000,enabled
1782985083.122,2026-07-02 09:38:03.124,adaptive_hash_searches_btree,651681588,651681588,245022.460001,enabled
1782985083.122,2026-07-02 09:38:03.124,buffer_data_reads,1538565032448,1538565032448,578477345.219189,enabled
1782985083.122,2026-07-02 09:38:03.124,buffer_data_written,681461493248,681461493248,256219286.749492,enabled
1782985083.122,2026-07-02 09:38:03.124,buffer_pages0_read,7,7,0.002632,enabled
1782985083.122,2026-07-02 09:38:03.124,buffer_pages_created,1824888,1824888,686.130487,enabled
1782985083.122,2026-07-02 09:38:03.124,buffer_pages_read,94171345,94171345,35407.011466,enabled
1782985083.122,2026-07-02 09:38:03.124,buffer_pages_written,30750466,30750466,11561.713451,enabled
1782985083.122,2026-07-02 09:38:03.124,buffer_pool_bytes_data,12846546944,12846546944,0.000000,enabled
1782985083.122,2026-07-02 09:38:03.124,buffer_pool_bytes_dirty,4655480832,4655480832,0.000000,enabled
1782985083.122,2026-07-02 09:38:03.124,buffer_pool_pages_data,784090,784090,0.000000,enabled
1782985083.122,2026-07-02 09:38:03.124,buffer_pool_pages_dirty,284148,284148,0.000000,enabled
1782985083.122,2026-07-02 09:38:03.124,buffer_pool_pages_flushed,30693396,30693396,0.000000,enabled
1782985083.122,2026-07-02 09:38:03.124,buffer_pool_pages_free,2244,2244,0.000000,enabled
1782985083.122,2026-07-02 09:38:03.124,buffer_pool_pages_lru_flushed,0,0,0.000000,enabled
1782985083.122,2026-07-02 09:38:03.124,buffer_pool_pages_misc,96,96,0.000000,enabled
1782985083.122,2026-07-02 09:38:03.124,buffer_pool_pages_total,786432,786432,0.000000,enabled
1782985083.122,2026-07-02 09:38:03.124,buffer_pool_reads,93255255,93255255,35062.576475,enabled
1782985083.122,2026-07-02 09:38:03.124,buffer_pool_read_ahead,803715,803715,302.184777,enabled
1782985083.122,2026-07-02 09:38:03.124,buffer_pool_read_ahead_evicted,25,25,0.009400,enabled
1782985083.122,2026-07-02 09:38:03.124,buffer_pool_read_requests,3146252341,3146252341,1182943.662011,enabled
1782985083.122,2026-07-02 09:38:03.124,buffer_pool_size,12884901888,12884901888,0.000000,enabled
1782985083.122,2026-07-02 09:38:03.124,buffer_pool_wait_free,18945,18945,7.123036,enabled
1782985083.122,2026-07-02 09:38:03.124,buffer_pool_write_requests,641558765,641558765,241216.467097,enabled
1782985083.122,2026-07-02 09:38:03.124,dml_deletes,14694680,14694680,5524.978178,enabled
1782985083.122,2026-07-02 09:38:03.124,dml_inserts,114580084,114580084,43080.384489,enabled
1782985083.122,2026-07-02 09:38:03.124,dml_system_deletes,468,468,0.175961,enabled
1782985083.122,2026-07-02 09:38:03.124,dml_system_inserts,1202,1202,0.451934,enabled
1782985083.122,2026-07-02 09:38:03.124,dml_system_reads,7661,7661,2.880421,enabled
1782985083.122,2026-07-02 09:38:03.124,dml_system_updates,620,620,0.233111,enabled
1782985083.122,2026-07-02 09:38:03.124,dml_updates,29389490,29389490,11050.005226,enabled
1782985083.122,2026-07-02 09:38:03.124,file_num_open_files,35,35,0.000000,enabled
1782985083.122,2026-07-02 09:38:03.124,ibuf_merges,0,0,0.000000,enabled
1782985083.122,2026-07-02 09:38:03.124,ibuf_merges_delete,0,0,0.000000,enabled
1782985083.122,2026-07-02 09:38:03.124,ibuf_merges_delete_mark,0,0,0.000000,enabled
1782985083.122,2026-07-02 09:38:03.124,ibuf_merges_discard_delete,0,0,0.000000,enabled
1782985083.122,2026-07-02 09:38:03.124,ibuf_merges_discard_delete_mark,0,0,0.000000,enabled
1782985083.122,2026-07-02 09:38:03.124,ibuf_merges_discard_insert,0,0,0.000000,enabled
1782985083.122,2026-07-02 09:38:03.124,ibuf_merges_insert,0,0,0.000000,enabled
1782985083.122,2026-07-02 09:38:03.124,ibuf_size,1,1,0.000376,enabled
1782985083.122,2026-07-02 09:38:03.124,innodb_activity_count,19791655,19791655,7441.364052,enabled
1782985083.122,2026-07-02 09:38:03.124,innodb_dblwr_pages_written,30690966,30690966,11539.340682,enabled
1782985083.122,2026-07-02 09:38:03.124,innodb_dblwr_writes,638216,638216,239.959598,enabled
1782985083.122,2026-07-02 09:38:03.124,innodb_page_size,16384,16384,0.000000,enabled
1782985083.122,2026-07-02 09:38:03.124,innodb_rwlock_sx_os_waits,0,0,0.000000,enabled
1782985083.122,2026-07-02 09:38:03.124,innodb_rwlock_sx_spin_rounds,0,0,0.000000,enabled
1782985083.122,2026-07-02 09:38:03.124,innodb_rwlock_sx_spin_waits,0,0,0.000000,enabled
1782985083.122,2026-07-02 09:38:03.124,innodb_rwlock_s_os_waits,0,0,0.000000,enabled
1782985083.122,2026-07-02 09:38:03.124,innodb_rwlock_s_spin_rounds,0,0,0.000000,enabled
1782985083.122,2026-07-02 09:38:03.124,innodb_rwlock_s_spin_waits,0,0,0.000000,enabled
1782985083.122,2026-07-02 09:38:03.124,innodb_rwlock_x_os_waits,0,0,0.000000,enabled
1782985083.122,2026-07-02 09:38:03.124,innodb_rwlock_x_spin_rounds,0,0,0.000000,enabled
1782985083.122,2026-07-02 09:38:03.124,innodb_rwlock_x_spin_waits,0,0,0.000000,enabled
1782985083.122,2026-07-02 09:38:03.124,lock_deadlocks,0,0,0.000000,enabled
1782985083.122,2026-07-02 09:38:03.124,lock_deadlock_false_positives,0,0,0.000000,enabled
1782985083.122,2026-07-02 09:38:03.124,lock_deadlock_rounds,2896,2896,1.088853,enabled
1782985083.122,2026-07-02 09:38:03.124,lock_rec_grant_attempts,425,425,0.159794,enabled
1782985083.122,2026-07-02 09:38:03.124,lock_rec_release_attempts,44665095,44665095,16793.405637,enabled
1782985083.122,2026-07-02 09:38:03.124,lock_row_lock_current_waits,0,0,0.000000,enabled
1782985083.122,2026-07-02 09:38:03.124,lock_row_lock_time,323,323,0.121443,enabled
1782985083.122,2026-07-02 09:38:03.124,lock_row_lock_time_avg,0,0,0.000000,enabled
1782985083.122,2026-07-02 09:38:03.124,lock_row_lock_time_max,29,29,0.000000,enabled
1782985083.122,2026-07-02 09:38:03.124,lock_row_lock_waits,425,425,0.159794,enabled
1782985083.122,2026-07-02 09:38:03.124,lock_schedule_refreshes,2896,2896,1.088853,enabled
1782985083.122,2026-07-02 09:38:03.124,lock_threads_waiting,0,0,0.000000,enabled
1782985083.122,2026-07-02 09:38:03.124,lock_timeouts,0,0,0.000000,enabled
1782985083.122,2026-07-02 09:38:03.124,log_waits,0,0,0.000000,enabled
1782985083.122,2026-07-02 09:38:03.124,log_writes,225093012,225093012,84631.584116,enabled
1782985083.122,2026-07-02 09:38:03.124,log_write_requests,434515088,434515088,163371.132295,enabled
1782985083.122,2026-07-02 09:38:03.124,os_data_fsyncs,65919850,65919850,24784.872019,enabled
1782985083.122,2026-07-02 09:38:03.124,os_data_reads,94204836,94204836,35419.601340,enabled
1782985083.122,2026-07-02 09:38:03.124,os_data_writes,256717676,256717676,96521.984646,enabled
1782985083.122,2026-07-02 09:38:03.124,os_log_bytes_written,140111680000,140111680000,52679883.993487,enabled
1782985083.122,2026-07-02 09:38:03.124,os_log_fsyncs,57416210,57416210,21587.631238,enabled
1782985083.122,2026-07-02 09:38:03.124,os_log_pending_fsyncs,1,1,0.000376,enabled
1782985083.122,2026-07-02 09:38:03.124,os_log_pending_writes,0,0,0.000000,enabled
1782985083.122,2026-07-02 09:38:03.124,trx_rseg_history_len,72,72,0.000000,enabled
1782985084.193,2026-07-02 09:38:04.194,adaptive_hash_searches,0,0,0.000000,enabled
1782985084.193,2026-07-02 09:38:04.194,adaptive_hash_searches_btree,651849594,651849594,244986.836383,enabled
1782985084.193,2026-07-02 09:38:04.194,buffer_data_reads,1539503327744,1539503327744,578596795.725672,enabled
1782985084.193,2026-07-02 09:38:04.194,buffer_data_written,681772680704,681772680704,256232955.827072,enabled
1782985084.193,2026-07-02 09:38:04.194,buffer_pages0_read,7,7,0.002631,enabled
1782985084.193,2026-07-02 09:38:04.194,buffer_pages_created,1824913,1824913,685.863293,enabled
1782985084.193,2026-07-02 09:38:04.194,buffer_pages_read,94228764,94228764,35414.318378,enabled
1782985084.193,2026-07-02 09:38:04.194,buffer_pages_written,30766569,30766569,11563.104798,enabled
1782985084.193,2026-07-02 09:38:04.194,buffer_pool_bytes_data,12854083584,12854083584,0.000000,enabled
1782985084.193,2026-07-02 09:38:04.194,buffer_pool_bytes_dirty,4660035584,4660035584,0.000000,enabled
1782985084.193,2026-07-02 09:38:04.194,buffer_pool_pages_data,784550,784550,0.000000,enabled
1782985084.193,2026-07-02 09:38:04.194,buffer_pool_pages_dirty,284426,284426,0.000000,enabled
1782985084.193,2026-07-02 09:38:04.194,buffer_pool_pages_flushed,30709499,30709499,0.000000,enabled
1782985084.193,2026-07-02 09:38:04.194,buffer_pool_pages_free,1783,1783,0.000000,enabled
1782985084.193,2026-07-02 09:38:04.194,buffer_pool_pages_lru_flushed,0,0,0.000000,enabled
1782985084.193,2026-07-02 09:38:04.194,buffer_pool_pages_misc,97,97,0.000000,enabled
1782985084.193,2026-07-02 09:38:04.194,buffer_pool_pages_total,786432,786432,0.000000,enabled
1782985084.193,2026-07-02 09:38:04.194,buffer_pool_reads,93312620,93312620,35070.001944,enabled
1782985084.193,2026-07-02 09:38:04.194,buffer_pool_read_ahead,803715,803715,302.062962,enabled
1782985084.193,2026-07-02 09:38:04.194,buffer_pool_read_ahead_evicted,25,25,0.009396,enabled
1782985084.193,2026-07-02 09:38:04.194,buffer_pool_read_requests,3147085017,3147085017,1182779.748223,enabled
1782985084.193,2026-07-02 09:38:04.194,buffer_pool_size,12884901888,12884901888,0.000000,enabled
1782985084.193,2026-07-02 09:38:04.194,buffer_pool_wait_free,18945,18945,7.120164,enabled
1782985084.193,2026-07-02 09:38:04.194,buffer_pool_write_requests,641671146,641671146,241161.465896,enabled
1782985084.193,2026-07-02 09:38:04.194,dml_deletes,14699542,14699542,5524.578442,enabled
1782985084.193,2026-07-02 09:38:04.194,dml_inserts,114584947,114584947,43064.847084,enabled
1782985084.193,2026-07-02 09:38:04.194,dml_system_deletes,468,468,0.175890,enabled
1782985084.193,2026-07-02 09:38:04.194,dml_system_inserts,1202,1202,0.451752,enabled
1782985084.193,2026-07-02 09:38:04.194,dml_system_reads,7661,7661,2.879259,enabled
1782985084.193,2026-07-02 09:38:04.194,dml_system_updates,620,620,0.233017,enabled
1782985084.193,2026-07-02 09:38:04.194,dml_updates,29399215,29399215,11049.206110,enabled
1782985084.193,2026-07-02 09:38:04.194,file_num_open_files,35,35,0.000000,enabled
1782985084.193,2026-07-02 09:38:04.194,ibuf_merges,0,0,0.000000,enabled
1782985084.193,2026-07-02 09:38:04.194,ibuf_merges_delete,0,0,0.000000,enabled
1782985084.193,2026-07-02 09:38:04.194,ibuf_merges_delete_mark,0,0,0.000000,enabled
1782985084.193,2026-07-02 09:38:04.194,ibuf_merges_discard_delete,0,0,0.000000,enabled
1782985084.193,2026-07-02 09:38:04.194,ibuf_merges_discard_delete_mark,0,0,0.000000,enabled
1782985084.193,2026-07-02 09:38:04.194,ibuf_merges_discard_insert,0,0,0.000000,enabled
1782985084.193,2026-07-02 09:38:04.194,ibuf_merges_insert,0,0,0.000000,enabled
1782985084.193,2026-07-02 09:38:04.194,ibuf_size,1,1,0.000376,enabled
1782985084.193,2026-07-02 09:38:04.194,innodb_activity_count,19797246,19797246,7440.465816,enabled
1782985084.193,2026-07-02 09:38:04.194,innodb_dblwr_pages_written,30707069,30707069,11540.741378,enabled
1782985084.193,2026-07-02 09:38:04.194,innodb_dblwr_writes,638545,638545,239.986523,enabled
1782985084.193,2026-07-02 09:38:04.194,innodb_page_size,16384,16384,0.000000,enabled
1782985084.193,2026-07-02 09:38:04.194,innodb_rwlock_sx_os_waits,0,0,0.000000,enabled
1782985084.193,2026-07-02 09:38:04.194,innodb_rwlock_sx_spin_rounds,0,0,0.000000,enabled
1782985084.193,2026-07-02 09:38:04.194,innodb_rwlock_sx_spin_waits,0,0,0.000000,enabled
1782985084.193,2026-07-02 09:38:04.194,innodb_rwlock_s_os_waits,0,0,0.000000,enabled
1782985084.193,2026-07-02 09:38:04.194,innodb_rwlock_s_spin_rounds,0,0,0.000000,enabled
1782985084.193,2026-07-02 09:38:04.194,innodb_rwlock_s_spin_waits,0,0,0.000000,enabled
1782985084.193,2026-07-02 09:38:04.194,innodb_rwlock_x_os_waits,0,0,0.000000,enabled
1782985084.193,2026-07-02 09:38:04.194,innodb_rwlock_x_spin_rounds,0,0,0.000000,enabled
1782985084.193,2026-07-02 09:38:04.194,innodb_rwlock_x_spin_waits,0,0,0.000000,enabled
1782985084.193,2026-07-02 09:38:04.194,lock_deadlocks,0,0,0.000000,enabled
1782985084.193,2026-07-02 09:38:04.194,lock_deadlock_false_positives,0,0,0.000000,enabled
1782985084.193,2026-07-02 09:38:04.194,lock_deadlock_rounds,2898,2898,1.089165,enabled
1782985084.193,2026-07-02 09:38:04.194,lock_rec_grant_attempts,425,425,0.159729,enabled
1782985084.193,2026-07-02 09:38:04.194,lock_rec_release_attempts,44679876,44679876,16792.191171,enabled
1782985084.193,2026-07-02 09:38:04.194,lock_row_lock_current_waits,0,0,0.000000,enabled
1782985084.193,2026-07-02 09:38:04.194,lock_row_lock_time,323,323,0.121394,enabled
1782985084.193,2026-07-02 09:38:04.194,lock_row_lock_time_avg,0,0,0.000000,enabled
1782985084.193,2026-07-02 09:38:04.194,lock_row_lock_time_max,29,29,0.000000,enabled
1782985084.193,2026-07-02 09:38:04.194,lock_row_lock_waits,425,425,0.159729,enabled
1782985084.193,2026-07-02 09:38:04.194,lock_schedule_refreshes,2898,2898,1.089165,enabled
1782985084.193,2026-07-02 09:38:04.194,lock_threads_waiting,0,0,0.000000,enabled
1782985084.193,2026-07-02 09:38:04.194,lock_timeouts,0,0,0.000000,enabled
1782985084.193,2026-07-02 09:38:04.194,log_waits,0,0,0.000000,enabled
1782985084.193,2026-07-02 09:38:04.194,log_writes,225172779,225172779,84627.448815,enabled
1782985084.193,2026-07-02 09:38:04.194,log_write_requests,434597735,434597735,163336.340039,enabled
1782985084.193,2026-07-02 09:38:04.194,os_data_fsyncs,65954002,65954002,24787.716718,enabled
1782985084.193,2026-07-02 09:38:04.194,os_data_reads,94262080,94262080,35426.837914,enabled
1782985084.193,2026-07-02 09:38:04.194,os_data_writes,256813763,256813763,96519.189382,enabled
1782985084.193,2026-07-02 09:38:04.194,os_log_bytes_written,140153242112,140153242112,52674269.218845,enabled
1782985084.193,2026-07-02 09:38:04.194,os_log_fsyncs,57445567,57445567,21589.962629,enabled
1782985084.193,2026-07-02 09:38:04.194,os_log_pending_fsyncs,1,1,0.000376,enabled
1782985084.193,2026-07-02 09:38:04.194,os_log_pending_writes,0,0,0.000000,enabled
1782985084.193,2026-07-02 09:38:04.194,trx_rseg_history_len,78,78,0.000000,enabled
1782985085.266,2026-07-02 09:38:05.267,adaptive_hash_searches,0,0,0.000000,enabled
1782985085.266,2026-07-02 09:38:05.267,adaptive_hash_searches_btree,652017703,652017703,244951.500462,enabled
1782985085.266,2026-07-02 09:38:05.267,buffer_data_reads,1540435659264,1540435659264,578714444.345216,enabled
1782985085.266,2026-07-02 09:38:05.267,buffer_data_written,682081476096,682081476096,256245952.085009,enabled
1782985085.266,2026-07-02 09:38:05.267,buffer_pages0_read,7,7,0.002630,enabled
1782985085.266,2026-07-02 09:38:05.267,buffer_pages_created,1824947,1824947,685.600331,enabled
1782985085.266,2026-07-02 09:38:05.267,buffer_pages_read,94285812,94285812,35421.512778,enabled
1782985085.266,2026-07-02 09:38:05.267,buffer_pages_written,30782653,30782653,11564.498592,enabled
1782985085.266,2026-07-02 09:38:05.267,buffer_pool_bytes_data,12849217536,12849217536,0.000000,enabled
1782985085.266,2026-07-02 09:38:05.267,buffer_pool_bytes_dirty,4662919168,4662919168,0.000000,enabled
1782985085.266,2026-07-02 09:38:05.267,buffer_pool_pages_data,784256,784256,0.000000,enabled
1782985085.266,2026-07-02 09:38:05.267,buffer_pool_pages_dirty,284602,284602,0.000000,enabled
1782985085.266,2026-07-02 09:38:05.267,buffer_pool_pages_flushed,30725583,30725583,0.000000,enabled
1782985085.266,2026-07-02 09:38:05.267,buffer_pool_pages_free,2084,2084,0.000000,enabled
1782985085.266,2026-07-02 09:38:05.267,buffer_pool_pages_lru_flushed,0,0,0.000000,enabled
1782985085.266,2026-07-02 09:38:05.267,buffer_pool_pages_misc,96,96,0.000000,enabled
1782985085.266,2026-07-02 09:38:05.267,buffer_pool_pages_total,786432,786432,0.000000,enabled
1782985085.266,2026-07-02 09:38:05.267,buffer_pool_reads,93369615,93369615,35077.314925,enabled
1782985085.266,2026-07-02 09:38:05.267,buffer_pool_read_ahead,803715,803715,301.941524,enabled
1782985085.266,2026-07-02 09:38:05.267,buffer_pool_read_ahead_evicted,25,25,0.009392,enabled
1782985085.266,2026-07-02 09:38:05.267,buffer_pool_read_requests,3147916759,3147916759,1182616.710863,enabled
1782985085.266,2026-07-02 09:38:05.267,buffer_pool_size,12884901888,12884901888,0.000000,enabled
1782985085.266,2026-07-02 09:38:05.267,buffer_pool_wait_free,18945,18945,7.117302,enabled
1782985085.266,2026-07-02 09:38:05.267,buffer_pool_write_requests,641783455,641783455,241106.705244,enabled
1782985085.266,2026-07-02 09:38:05.267,dml_deletes,14704412,14704412,5524.186960,enabled
1782985085.266,2026-07-02 09:38:05.267,dml_inserts,114589817,114589817,43049.363239,enabled
1782985085.266,2026-07-02 09:38:05.267,dml_system_deletes,468,468,0.175819,enabled
1782985085.266,2026-07-02 09:38:05.267,dml_system_inserts,1202,1202,0.451570,enabled
1782985085.266,2026-07-02 09:38:05.267,dml_system_reads,7661,7661,2.878102,enabled
1782985085.266,2026-07-02 09:38:05.267,dml_system_updates,620,620,0.232923,enabled
1782985085.266,2026-07-02 09:38:05.267,dml_updates,29408948,29408948,11048.420497,enabled
1782985085.266,2026-07-02 09:38:05.267,file_num_open_files,35,35,0.000000,enabled
1782985085.266,2026-07-02 09:38:05.267,ibuf_merges,0,0,0.000000,enabled
1782985085.266,2026-07-02 09:38:05.267,ibuf_merges_delete,0,0,0.000000,enabled
1782985085.266,2026-07-02 09:38:05.267,ibuf_merges_delete_mark,0,0,0.000000,enabled
1782985085.266,2026-07-02 09:38:05.267,ibuf_merges_discard_delete,0,0,0.000000,enabled
1782985085.266,2026-07-02 09:38:05.267,ibuf_merges_discard_delete_mark,0,0,0.000000,enabled
1782985085.266,2026-07-02 09:38:05.267,ibuf_merges_discard_insert,0,0,0.000000,enabled
1782985085.266,2026-07-02 09:38:05.267,ibuf_merges_insert,0,0,0.000000,enabled
1782985085.266,2026-07-02 09:38:05.267,ibuf_size,1,1,0.000376,enabled
1782985085.266,2026-07-02 09:38:05.267,innodb_activity_count,19802841,19802841,7439.576485,enabled
1782985085.266,2026-07-02 09:38:05.267,innodb_dblwr_pages_written,30723153,30723153,11542.144150,enabled
1782985085.266,2026-07-02 09:38:05.267,innodb_dblwr_writes,638922,638922,240.031674,enabled
1782985085.266,2026-07-02 09:38:05.267,innodb_page_size,16384,16384,0.000000,enabled
1782985085.266,2026-07-02 09:38:05.267,innodb_rwlock_sx_os_waits,0,0,0.000000,enabled
1782985085.266,2026-07-02 09:38:05.267,innodb_rwlock_sx_spin_rounds,0,0,0.000000,enabled
1782985085.266,2026-07-02 09:38:05.267,innodb_rwlock_sx_spin_waits,0,0,0.000000,enabled
1782985085.266,2026-07-02 09:38:05.267,innodb_rwlock_s_os_waits,0,0,0.000000,enabled
1782985085.266,2026-07-02 09:38:05.267,innodb_rwlock_s_spin_rounds,0,0,0.000000,enabled
1782985085.266,2026-07-02 09:38:05.267,innodb_rwlock_s_spin_waits,0,0,0.000000,enabled
1782985085.266,2026-07-02 09:38:05.267,innodb_rwlock_x_os_waits,0,0,0.000000,enabled
1782985085.266,2026-07-02 09:38:05.267,innodb_rwlock_x_spin_rounds,0,0,0.000000,enabled
1782985085.266,2026-07-02 09:38:05.267,innodb_rwlock_x_spin_waits,0,0,0.000000,enabled
1782985085.266,2026-07-02 09:38:05.267,lock_deadlocks,0,0,0.000000,enabled
1782985085.266,2026-07-02 09:38:05.267,lock_deadlock_false_positives,0,0,0.000000,enabled
1782985085.266,2026-07-02 09:38:05.267,lock_deadlock_rounds,2899,2899,1.089103,enabled
1782985085.266,2026-07-02 09:38:05.267,lock_rec_grant_attempts,425,425,0.159665,enabled
1782985085.266,2026-07-02 09:38:05.267,lock_rec_release_attempts,44694682,44694682,16791.002644,enabled
1782985085.266,2026-07-02 09:38:05.267,lock_row_lock_current_waits,0,0,0.000000,enabled
1782985085.266,2026-07-02 09:38:05.267,lock_row_lock_time,323,323,0.121345,enabled
1782985085.266,2026-07-02 09:38:05.267,lock_row_lock_time_avg,0,0,0.000000,enabled
1782985085.266,2026-07-02 09:38:05.267,lock_row_lock_time_max,29,29,0.000000,enabled
1782985085.266,2026-07-02 09:38:05.267,lock_row_lock_waits,425,425,0.159665,enabled
1782985085.266,2026-07-02 09:38:05.267,lock_schedule_refreshes,2899,2899,1.089103,enabled
1782985085.266,2026-07-02 09:38:05.267,lock_threads_waiting,0,0,0.000000,enabled
1782985085.266,2026-07-02 09:38:05.267,lock_timeouts,0,0,0.000000,enabled
1782985085.266,2026-07-02 09:38:05.267,log_waits,0,0,0.000000,enabled
1782985085.266,2026-07-02 09:38:05.267,log_writes,225248069,225248069,84621.711324,enabled
1782985085.266,2026-07-02 09:38:05.267,log_write_requests,434680453,434680453,163301.749911,enabled
1782985085.266,2026-07-02 09:38:05.267,os_data_fsyncs,65986883,65986883,24790.104201,enabled
1782985085.266,2026-07-02 09:38:05.267,os_data_reads,94318970,94318970,35433.967955,enabled
1782985085.266,2026-07-02 09:38:05.267,os_data_writes,256905416,256905416,96514.818499,enabled
1782985085.266,2026-07-02 09:38:05.267,os_log_bytes_written,140192530432,140192530432,52667852.683375,enabled
1782985085.266,2026-07-02 09:38:05.267,os_log_fsyncs,57473396,57473396,21591.737751,enabled
1782985085.266,2026-07-02 09:38:05.267,os_log_pending_fsyncs,1,1,0.000376,enabled
1782985085.266,2026-07-02 09:38:05.267,os_log_pending_writes,0,0,0.000000,enabled
1782985085.266,2026-07-02 09:38:05.267,trx_rseg_history_len,94,94,0.000000,enabled
1782985086.335,2026-07-02 09:38:06.337,adaptive_hash_searches,0,0,0.000000,enabled
1782985086.335,2026-07-02 09:38:06.337,adaptive_hash_searches_btree,652185519,652185519,244915.783699,enabled
1782985086.335,2026-07-02 09:38:06.337,buffer_data_reads,1541370038784,1541370038784,578832072.165992,enabled
1782985086.335,2026-07-02 09:38:06.337,buffer_data_written,682392156160,682392156160,256259337.848372,enabled
1782985086.335,2026-07-02 09:38:06.337,buffer_pages0_read,7,7,0.002629,enabled
1782985086.335,2026-07-02 09:38:06.337,buffer_pages_created,1824979,1824979,685.336007,enabled
1782985086.335,2026-07-02 09:38:06.337,buffer_pages_read,94343013,94343013,35428.716293,enabled
1782985086.335,2026-07-02 09:38:06.337,buffer_pages_written,30798734,30798734,11565.876274,enabled
1782985086.335,2026-07-02 09:38:06.337,buffer_pool_bytes_data,12855492608,12855492608,0.000000,enabled
1782985086.335,2026-07-02 09:38:06.337,buffer_pool_bytes_dirty,4666097664,4666097664,0.000000,enabled
1782985086.335,2026-07-02 09:38:06.337,buffer_pool_pages_data,784637,784637,0.000000,enabled
1782985086.335,2026-07-02 09:38:06.337,buffer_pool_pages_dirty,284796,284796,0.000000,enabled
1782985086.335,2026-07-02 09:38:06.337,buffer_pool_pages_flushed,30741664,30741664,0.000000,enabled
1782985086.335,2026-07-02 09:38:06.337,buffer_pool_pages_free,1699,1699,0.000000,enabled
1782985086.335,2026-07-02 09:38:06.337,buffer_pool_pages_lru_flushed,0,0,0.000000,enabled
1782985086.335,2026-07-02 09:38:06.337,buffer_pool_pages_misc,96,96,0.000000,enabled
1782985086.335,2026-07-02 09:38:06.337,buffer_pool_pages_total,786432,786432,0.000000,enabled
1782985086.335,2026-07-02 09:38:06.337,buffer_pool_reads,93426773,93426773,35084.641005,enabled
1782985086.335,2026-07-02 09:38:06.337,buffer_pool_read_ahead,803715,803715,301.819822,enabled
1782985086.335,2026-07-02 09:38:06.337,buffer_pool_read_ahead_evicted,25,25,0.009388,enabled
1782985086.335,2026-07-02 09:38:06.337,buffer_pool_read_requests,3148748916,3148748916,1182452.538158,enabled
1782985086.335,2026-07-02 09:38:06.337,buffer_pool_size,12884901888,12884901888,0.000000,enabled
1782985086.335,2026-07-02 09:38:06.337,buffer_pool_wait_free,18945,18945,7.114433,enabled
1782985086.335,2026-07-02 09:38:06.337,buffer_pool_write_requests,641896393,641896393,241051.934857,enabled
1782985086.335,2026-07-02 09:38:06.337,dml_deletes,14709256,14709256,5523.779307,enabled
1782985086.335,2026-07-02 09:38:06.337,dml_inserts,114594659,114594659,43033.828941,enabled
1782985086.335,2026-07-02 09:38:06.337,dml_system_deletes,468,468,0.175748,enabled
1782985086.335,2026-07-02 09:38:06.337,dml_system_inserts,1202,1202,0.451388,enabled
1782985086.335,2026-07-02 09:38:06.337,dml_system_reads,7661,7661,2.876942,enabled
1782985086.335,2026-07-02 09:38:06.337,dml_system_updates,620,620,0.232829,enabled
1782985086.335,2026-07-02 09:38:06.337,dml_updates,29418643,29418643,11047.607801,enabled
1782985086.335,2026-07-02 09:38:06.337,file_num_open_files,35,35,0.000000,enabled
1782985086.335,2026-07-02 09:38:06.337,ibuf_merges,0,0,0.000000,enabled
1782985086.335,2026-07-02 09:38:06.337,ibuf_merges_delete,0,0,0.000000,enabled
1782985086.335,2026-07-02 09:38:06.337,ibuf_merges_delete_mark,0,0,0.000000,enabled
1782985086.335,2026-07-02 09:38:06.337,ibuf_merges_discard_delete,0,0,0.000000,enabled
1782985086.335,2026-07-02 09:38:06.337,ibuf_merges_discard_delete_mark,0,0,0.000000,enabled
1782985086.335,2026-07-02 09:38:06.337,ibuf_merges_discard_insert,0,0,0.000000,enabled
1782985086.335,2026-07-02 09:38:06.337,ibuf_merges_insert,0,0,0.000000,enabled
1782985086.335,2026-07-02 09:38:06.337,ibuf_size,1,1,0.000376,enabled
1782985086.335,2026-07-02 09:38:06.337,innodb_activity_count,19808403,19808403,7438.666380,enabled
1782985086.335,2026-07-02 09:38:06.337,innodb_dblwr_pages_written,30739234,30739234,11543.530552,enabled
1782985086.335,2026-07-02 09:38:06.337,innodb_dblwr_writes,639292,639292,240.073866,enabled
1782985086.335,2026-07-02 09:38:06.337,innodb_page_size,16384,16384,0.000000,enabled
1782985086.335,2026-07-02 09:38:06.337,innodb_rwlock_sx_os_waits,0,0,0.000000,enabled
1782985086.335,2026-07-02 09:38:06.337,innodb_rwlock_sx_spin_rounds,0,0,0.000000,enabled
1782985086.335,2026-07-02 09:38:06.337,innodb_rwlock_sx_spin_waits,0,0,0.000000,enabled
1782985086.335,2026-07-02 09:38:06.337,innodb_rwlock_s_os_waits,0,0,0.000000,enabled
1782985086.335,2026-07-02 09:38:06.337,innodb_rwlock_s_spin_rounds,0,0,0.000000,enabled
1782985086.335,2026-07-02 09:38:06.337,innodb_rwlock_s_spin_waits,0,0,0.000000,enabled
1782985086.335,2026-07-02 09:38:06.337,innodb_rwlock_x_os_waits,0,0,0.000000,enabled
1782985086.335,2026-07-02 09:38:06.337,innodb_rwlock_x_spin_rounds,0,0,0.000000,enabled
1782985086.335,2026-07-02 09:38:06.337,innodb_rwlock_x_spin_waits,0,0,0.000000,enabled
1782985086.335,2026-07-02 09:38:06.337,lock_deadlocks,0,0,0.000000,enabled
1782985086.335,2026-07-02 09:38:06.337,lock_deadlock_false_positives,0,0,0.000000,enabled
1782985086.335,2026-07-02 09:38:06.337,lock_deadlock_rounds,2900,2900,1.089040,enabled
1782985086.335,2026-07-02 09:38:06.337,lock_rec_grant_attempts,425,425,0.159601,enabled
1782985086.335,2026-07-02 09:38:06.337,lock_rec_release_attempts,44709402,44709402,16789.762566,enabled
1782985086.335,2026-07-02 09:38:06.337,lock_row_lock_current_waits,0,0,0.000000,enabled
1782985086.335,2026-07-02 09:38:06.337,lock_row_lock_time,323,323,0.121296,enabled
1782985086.335,2026-07-02 09:38:06.337,lock_row_lock_time_avg,0,0,0.000000,enabled
1782985086.335,2026-07-02 09:38:06.337,lock_row_lock_time_max,29,29,0.000000,enabled
1782985086.335,2026-07-02 09:38:06.337,lock_row_lock_waits,425,425,0.159601,enabled
1782985086.335,2026-07-02 09:38:06.337,lock_schedule_refreshes,2900,2900,1.089040,enabled
1782985086.335,2026-07-02 09:38:06.337,lock_threads_waiting,0,0,0.000000,enabled
1782985086.335,2026-07-02 09:38:06.337,lock_timeouts,0,0,0.000000,enabled
1782985086.335,2026-07-02 09:38:06.337,log_waits,0,0,0.000000,enabled
1782985086.335,2026-07-02 09:38:06.337,log_writes,225327104,225327104,84617.281884,enabled
1782985086.335,2026-07-02 09:38:06.337,log_write_requests,434762900,434762900,163266.887270,enabled
1782985086.335,2026-07-02 09:38:06.337,os_data_fsyncs,66021429,66021429,24793.084991,enabled
1782985086.335,2026-07-02 09:38:06.337,os_data_reads,94376017,94376017,35441.108285,enabled
1782985086.335,2026-07-02 09:38:06.337,os_data_writes,257000812,257000812,96511.739843,enabled
1782985086.335,2026-07-02 09:38:06.337,os_log_bytes_written,140233776640,140233776640,52662112.715620,enabled
1782985086.335,2026-07-02 09:38:06.337,os_log_fsyncs,57502876,57502876,21594.105268,enabled
1782985086.335,2026-07-02 09:38:06.337,os_log_pending_fsyncs,1,1,0.000376,enabled
1782985086.335,2026-07-02 09:38:06.337,os_log_pending_writes,0,0,0.000000,enabled
1782985086.335,2026-07-02 09:38:06.337,trx_rseg_history_len,108,108,0.000000,enabled
1782985087.409,2026-07-02 09:38:07.410,adaptive_hash_searches,0,0,0.000000,enabled
1782985087.409,2026-07-02 09:38:07.410,adaptive_hash_searches_btree,652349867,652349867,244879.417875,enabled
1782985087.409,2026-07-02 09:38:07.410,buffer_data_reads,1542283938304,1542283938304,578943367.164813,enabled
1782985087.409,2026-07-02 09:38:07.410,buffer_data_written,682729676288,682729676288,256283429.771859,enabled
1782985087.409,2026-07-02 09:38:07.410,buffer_pages0_read,7,7,0.002628,enabled
1782985087.409,2026-07-02 09:38:07.410,buffer_pages_created,1825007,1825007,685.072105,enabled
1782985087.409,2026-07-02 09:38:07.410,buffer_pages_read,94398931,94398931,35435.521109,enabled
1782985087.409,2026-07-02 09:38:07.410,buffer_pages_written,30816386,30816386,11567.871457,enabled
1782985087.409,2026-07-02 09:38:07.410,buffer_pool_bytes_data,12849446912,12849446912,0.000000,enabled
1782985087.409,2026-07-02 09:38:07.410,buffer_pool_bytes_dirty,4640473088,4640473088,0.000000,enabled
1782985087.409,2026-07-02 09:38:07.410,buffer_pool_pages_data,784268,784268,0.000000,enabled
1782985087.409,2026-07-02 09:38:07.410,buffer_pool_pages_dirty,283232,283232,0.000000,enabled
1782985087.409,2026-07-02 09:38:07.410,buffer_pool_pages_flushed,30757702,30757702,0.000000,enabled
1782985087.409,2026-07-02 09:38:07.410,buffer_pool_pages_free,2068,2068,0.000000,enabled
1782985087.409,2026-07-02 09:38:07.410,buffer_pool_pages_lru_flushed,0,0,0.000000,enabled
1782985087.409,2026-07-02 09:38:07.410,buffer_pool_pages_misc,96,96,0.000000,enabled
1782985087.409,2026-07-02 09:38:07.410,buffer_pool_pages_total,786432,786432,0.000000,enabled
1782985087.409,2026-07-02 09:38:07.410,buffer_pool_reads,93482622,93482622,35091.557503,enabled
1782985087.409,2026-07-02 09:38:07.410,buffer_pool_read_ahead,803715,803715,301.698971,enabled
1782985087.409,2026-07-02 09:38:07.410,buffer_pool_read_ahead_evicted,25,25,0.009385,enabled
1782985087.409,2026-07-02 09:38:07.410,buffer_pool_read_requests,3149560057,3149560057,1182283.562399,enabled
1782985087.409,2026-07-02 09:38:07.410,buffer_pool_size,12884901888,12884901888,0.000000,enabled
1782985087.409,2026-07-02 09:38:07.410,buffer_pool_wait_free,18945,18945,7.111584,enabled
1782985087.409,2026-07-02 09:38:07.410,buffer_pool_write_requests,642003823,642003823,240995.743130,enabled
1782985087.409,2026-07-02 09:38:07.410,dml_deletes,14714017,14714017,5523.354908,enabled
1782985087.409,2026-07-02 09:38:07.410,dml_inserts,114599422,114599422,43018.387185,enabled
1782985087.409,2026-07-02 09:38:07.410,dml_system_deletes,468,468,0.175678,enabled
1782985087.409,2026-07-02 09:38:07.410,dml_system_inserts,1202,1202,0.451207,enabled
1782985087.409,2026-07-02 09:38:07.410,dml_system_reads,7661,7661,2.875790,enabled
1782985087.409,2026-07-02 09:38:07.410,dml_system_updates,620,620,0.232736,enabled
1782985087.409,2026-07-02 09:38:07.410,dml_updates,29428159,29428159,11046.756729,enabled
1782985087.409,2026-07-02 09:38:07.410,file_num_open_files,35,35,0.000000,enabled
1782985087.409,2026-07-02 09:38:07.410,ibuf_merges,0,0,0.000000,enabled
1782985087.409,2026-07-02 09:38:07.410,ibuf_merges_delete,0,0,0.000000,enabled
1782985087.409,2026-07-02 09:38:07.410,ibuf_merges_delete_mark,0,0,0.000000,enabled
1782985087.409,2026-07-02 09:38:07.410,ibuf_merges_discard_delete,0,0,0.000000,enabled
1782985087.409,2026-07-02 09:38:07.410,ibuf_merges_discard_delete_mark,0,0,0.000000,enabled
1782985087.409,2026-07-02 09:38:07.410,ibuf_merges_discard_insert,0,0,0.000000,enabled
1782985087.409,2026-07-02 09:38:07.410,ibuf_merges_insert,0,0,0.000000,enabled
1782985087.409,2026-07-02 09:38:07.410,ibuf_size,1,1,0.000375,enabled
1782985087.409,2026-07-02 09:38:07.410,innodb_activity_count,19813875,19813875,7437.742192,enabled
1782985087.409,2026-07-02 09:38:07.410,innodb_dblwr_pages_written,30756296,30756296,11545.313535,enabled
1782985087.409,2026-07-02 09:38:07.410,innodb_dblwr_writes,639682,639682,240.124144,enabled
1782985087.409,2026-07-02 09:38:07.410,innodb_page_size,16384,16384,0.000000,enabled
1782985087.409,2026-07-02 09:38:07.410,innodb_rwlock_sx_os_waits,0,0,0.000000,enabled
1782985087.409,2026-07-02 09:38:07.410,innodb_rwlock_sx_spin_rounds,0,0,0.000000,enabled
1782985087.409,2026-07-02 09:38:07.410,innodb_rwlock_sx_spin_waits,0,0,0.000000,enabled
1782985087.409,2026-07-02 09:38:07.410,innodb_rwlock_s_os_waits,0,0,0.000000,enabled
1782985087.409,2026-07-02 09:38:07.410,innodb_rwlock_s_spin_rounds,0,0,0.000000,enabled
1782985087.409,2026-07-02 09:38:07.410,innodb_rwlock_s_spin_waits,0,0,0.000000,enabled
1782985087.409,2026-07-02 09:38:07.410,innodb_rwlock_x_os_waits,0,0,0.000000,enabled
1782985087.409,2026-07-02 09:38:07.410,innodb_rwlock_x_spin_rounds,0,0,0.000000,enabled
1782985087.409,2026-07-02 09:38:07.410,innodb_rwlock_x_spin_waits,0,0,0.000000,enabled
1782985087.409,2026-07-02 09:38:07.410,lock_deadlocks,0,0,0.000000,enabled
1782985087.409,2026-07-02 09:38:07.410,lock_deadlock_false_positives,0,0,0.000000,enabled
1782985087.409,2026-07-02 09:38:07.410,lock_deadlock_rounds,2901,2901,1.088979,enabled
1782985087.409,2026-07-02 09:38:07.410,lock_rec_grant_attempts,425,425,0.159537,enabled
1782985087.409,2026-07-02 09:38:07.410,lock_rec_release_attempts,44723873,44723873,16788.471930,enabled
1782985087.409,2026-07-02 09:38:07.410,lock_row_lock_current_waits,0,0,0.000000,enabled
1782985087.409,2026-07-02 09:38:07.410,lock_row_lock_time,323,323,0.121248,enabled
1782985087.409,2026-07-02 09:38:07.410,lock_row_lock_time_avg,0,0,0.000000,enabled
1782985087.409,2026-07-02 09:38:07.410,lock_row_lock_time_max,29,29,0.000000,enabled
1782985087.409,2026-07-02 09:38:07.410,lock_row_lock_waits,425,425,0.159537,enabled
1782985087.409,2026-07-02 09:38:07.410,lock_schedule_refreshes,2901,2901,1.088979,enabled
1782985087.409,2026-07-02 09:38:07.410,lock_threads_waiting,0,0,0.000000,enabled
1782985087.409,2026-07-02 09:38:07.410,lock_timeouts,0,0,0.000000,enabled
1782985087.409,2026-07-02 09:38:07.410,log_waits,0,0,0.000000,enabled
1782985087.409,2026-07-02 09:38:07.410,log_writes,225404590,225404590,84612.489243,enabled
1782985087.409,2026-07-02 09:38:07.410,log_write_requests,434842693,434842693,163231.470595,enabled
1782985087.409,2026-07-02 09:38:07.410,os_data_fsyncs,66054998,66054998,24795.759190,enabled
1782985087.409,2026-07-02 09:38:07.410,os_data_reads,94431770,94431770,35447.846526,enabled
1782985087.409,2026-07-02 09:38:07.410,os_data_writes,257096284,257096284,96508.935641,enabled
1782985087.409,2026-07-02 09:38:07.410,os_log_bytes_written,140274180608,140274180608,52656194.136368,enabled
1782985087.409,2026-07-02 09:38:07.410,os_log_fsyncs,57531278,57531278,21596.120744,enabled
1782985087.409,2026-07-02 09:38:07.410,os_log_pending_fsyncs,1,1,0.000375,enabled
1782985087.409,2026-07-02 09:38:07.410,os_log_pending_writes,0,0,0.000000,enabled
1782985087.409,2026-07-02 09:38:07.410,trx_rseg_history_len,1233,1233,0.000000,enabled
1782985088.474,2026-07-02 09:38:08.476,adaptive_hash_searches,0,0,0.000000,enabled
1782985088.474,2026-07-02 09:38:08.476,adaptive_hash_searches_btree,652516422,652516422,244843.519290,enabled
1782985088.474,2026-07-02 09:38:08.476,buffer_data_reads,1543205554688,1543205554688,579056564.749760,enabled
1782985088.474,2026-07-02 09:38:08.476,buffer_data_written,683066158592,683066158592,256306712.887887,enabled
1782985088.474,2026-07-02 09:38:08.476,buffer_pages0_read,7,7,0.002627,enabled
1782985088.474,2026-07-02 09:38:08.476,buffer_pages_created,1825039,1825039,684.808850,enabled
1782985088.474,2026-07-02 09:38:08.476,buffer_pages_read,94455322,94455322,35442.442646,enabled
1782985088.474,2026-07-02 09:38:08.476,buffer_pages_written,30834154,30834154,11569.890556,enabled
1782985088.474,2026-07-02 09:38:08.476,buffer_pool_bytes_data,12856737792,12856737792,0.000000,enabled
1782985088.474,2026-07-02 09:38:08.476,buffer_pool_bytes_dirty,4615569408,4615569408,0.000000,enabled
1782985088.474,2026-07-02 09:38:08.476,buffer_pool_pages_data,784713,784713,0.000000,enabled
1782985088.474,2026-07-02 09:38:08.476,buffer_pool_pages_dirty,281712,281712,0.000000,enabled
1782985088.474,2026-07-02 09:38:08.476,buffer_pool_pages_flushed,30777084,30777084,0.000000,enabled
1782985088.474,2026-07-02 09:38:08.476,buffer_pool_pages_free,1623,1623,0.000000,enabled
1782985088.474,2026-07-02 09:38:08.476,buffer_pool_pages_lru_flushed,0,0,0.000000,enabled
1782985088.474,2026-07-02 09:38:08.476,buffer_pool_pages_misc,97,97,0.000000,enabled
1782985088.474,2026-07-02 09:38:08.476,buffer_pool_pages_total,786432,786432,0.000000,enabled
1782985088.474,2026-07-02 09:38:08.476,buffer_pool_reads,93538949,93538949,35098.593336,enabled
1782985088.474,2026-07-02 09:38:08.476,buffer_pool_read_ahead,803715,803715,301.577749,enabled
1782985088.474,2026-07-02 09:38:08.476,buffer_pool_read_ahead_evicted,25,25,0.009381,enabled
1782985088.474,2026-07-02 09:38:08.476,buffer_pool_read_requests,3150387766,3150387766,1182119.103923,enabled
1782985088.474,2026-07-02 09:38:08.476,buffer_pool_size,12884901888,12884901888,0.000000,enabled
1782985088.474,2026-07-02 09:38:08.476,buffer_pool_wait_free,18945,18945,7.108727,enabled
1782985088.474,2026-07-02 09:38:08.476,buffer_pool_write_requests,642118179,642118179,240941.821210,enabled
1782985088.474,2026-07-02 09:38:08.476,dml_deletes,14718834,14718834,5522.943042,enabled
1782985088.474,2026-07-02 09:38:08.476,dml_inserts,114604238,114604238,43002.909018,enabled
1782985088.474,2026-07-02 09:38:08.476,dml_system_deletes,468,468,0.175607,enabled
1782985088.474,2026-07-02 09:38:08.476,dml_system_inserts,1202,1202,0.451026,enabled
1782985088.474,2026-07-02 09:38:08.476,dml_system_reads,7661,7661,2.874634,enabled
1782985088.474,2026-07-02 09:38:08.476,dml_system_updates,620,620,0.232642,enabled
1782985088.474,2026-07-02 09:38:08.476,dml_updates,29437791,29437791,11045.932228,enabled
1782985088.474,2026-07-02 09:38:08.476,file_num_open_files,35,35,0.000000,enabled
1782985088.474,2026-07-02 09:38:08.476,ibuf_merges,0,0,0.000000,enabled
1782985088.474,2026-07-02 09:38:08.476,ibuf_merges_delete,0,0,0.000000,enabled
1782985088.474,2026-07-02 09:38:08.476,ibuf_merges_delete_mark,0,0,0.000000,enabled
1782985088.474,2026-07-02 09:38:08.476,ibuf_merges_discard_delete,0,0,0.000000,enabled
1782985088.474,2026-07-02 09:38:08.476,ibuf_merges_discard_delete_mark,0,0,0.000000,enabled
1782985088.474,2026-07-02 09:38:08.476,ibuf_merges_discard_insert,0,0,0.000000,enabled
1782985088.474,2026-07-02 09:38:08.476,ibuf_merges_insert,0,0,0.000000,enabled
1782985088.474,2026-07-02 09:38:08.476,ibuf_size,1,1,0.000375,enabled
1782985088.474,2026-07-02 09:38:08.476,innodb_activity_count,19819407,19819407,7436.829399,enabled
1782985088.474,2026-07-02 09:38:08.476,innodb_dblwr_pages_written,30774654,30774654,11547.562972,enabled
1782985088.474,2026-07-02 09:38:08.476,innodb_dblwr_writes,640028,640028,240.157489,enabled
1782985088.474,2026-07-02 09:38:08.476,innodb_page_size,16384,16384,0.000000,enabled
1782985088.474,2026-07-02 09:38:08.476,innodb_rwlock_sx_os_waits,0,0,0.000000,enabled
1782985088.474,2026-07-02 09:38:08.476,innodb_rwlock_sx_spin_rounds,0,0,0.000000,enabled
1782985088.474,2026-07-02 09:38:08.476,innodb_rwlock_sx_spin_waits,0,0,0.000000,enabled
1782985088.474,2026-07-02 09:38:08.476,innodb_rwlock_s_os_waits,0,0,0.000000,enabled
1782985088.474,2026-07-02 09:38:08.476,innodb_rwlock_s_spin_rounds,0,0,0.000000,enabled
1782985088.474,2026-07-02 09:38:08.476,innodb_rwlock_s_spin_waits,0,0,0.000000,enabled
1782985088.474,2026-07-02 09:38:08.476,innodb_rwlock_x_os_waits,0,0,0.000000,enabled
1782985088.474,2026-07-02 09:38:08.476,innodb_rwlock_x_spin_rounds,0,0,0.000000,enabled
1782985088.474,2026-07-02 09:38:08.476,innodb_rwlock_x_spin_waits,0,0,0.000000,enabled
1782985088.474,2026-07-02 09:38:08.476,lock_deadlocks,0,0,0.000000,enabled
1782985088.474,2026-07-02 09:38:08.476,lock_deadlock_false_positives,0,0,0.000000,enabled
1782985088.474,2026-07-02 09:38:08.476,lock_deadlock_rounds,2902,2902,1.088917,enabled
1782985088.474,2026-07-02 09:38:08.476,lock_rec_grant_attempts,425,425,0.159473,enabled
1782985088.474,2026-07-02 09:38:08.476,lock_rec_release_attempts,44738491,44738491,16787.211482,enabled
1782985088.474,2026-07-02 09:38:08.476,lock_row_lock_current_waits,0,0,0.000000,enabled
1782985088.474,2026-07-02 09:38:08.476,lock_row_lock_time,323,323,0.121199,enabled
1782985088.474,2026-07-02 09:38:08.476,lock_row_lock_time_avg,0,0,0.000000,enabled
1782985088.474,2026-07-02 09:38:08.476,lock_row_lock_time_max,29,29,0.000000,enabled
1782985088.474,2026-07-02 09:38:08.476,lock_row_lock_waits,425,425,0.159473,enabled
1782985088.474,2026-07-02 09:38:08.476,lock_schedule_refreshes,2902,2902,1.088917,enabled
1782985088.474,2026-07-02 09:38:08.476,lock_threads_waiting,0,0,0.000000,enabled
1782985088.474,2026-07-02 09:38:08.476,lock_timeouts,0,0,0.000000,enabled
1782985088.474,2026-07-02 09:38:08.476,log_waits,0,0,0.000000,enabled
1782985088.474,2026-07-02 09:38:08.476,log_writes,225484190,225484190,84608.359602,enabled
1782985088.474,2026-07-02 09:38:08.476,log_write_requests,434925740,434925740,163197.044688,enabled
1782985088.474,2026-07-02 09:38:08.476,os_data_fsyncs,66088844,66088844,24798.496154,enabled
1782985088.474,2026-07-02 09:38:08.476,os_data_reads,94488000,94488000,35454.702573,enabled
1782985088.474,2026-07-02 09:38:08.476,os_data_writes,257193876,257193876,96506.777283,enabled
1782985088.474,2026-07-02 09:38:08.476,os_log_bytes_written,140315712000,140315712000,52650620.409384,enabled
1782985088.474,2026-07-02 09:38:08.476,os_log_fsyncs,57560170,57560170,21598.284442,enabled
1782985088.474,2026-07-02 09:38:08.476,os_log_pending_fsyncs,0,0,0.000000,enabled
1782985088.474,2026-07-02 09:38:08.476,os_log_pending_writes,0,0,0.000000,enabled
1782985088.474,2026-07-02 09:38:08.476,trx_rseg_history_len,88,88,0.000000,enabled
1782985089.546,2026-07-02 09:38:09.548,adaptive_hash_searches,0,0,0.000000,enabled
1782985089.546,2026-07-02 09:38:09.548,adaptive_hash_searches_btree,652684945,652684945,244808.406826,enabled
1782985089.546,2026-07-02 09:38:09.548,buffer_data_reads,1544143194624,1544143194624,579175724.265766,enabled
1782985089.546,2026-07-02 09:38:09.548,buffer_data_written,683377168384,683377168384,256320442.020975,enabled
1782985089.546,2026-07-02 09:38:09.548,buffer_pages0_read,7,7,0.002626,enabled
1782985089.546,2026-07-02 09:38:09.548,buffer_pages_created,1825073,1825073,684.546607,enabled
1782985089.546,2026-07-02 09:38:09.548,buffer_pages_read,94512702,94512702,35449.732194,enabled
1782985089.546,2026-07-02 09:38:09.548,buffer_pages_written,30850233,30850233,11571.275373,enabled
1782985089.546,2026-07-02 09:38:09.548,buffer_pool_bytes_data,12853592064,12853592064,0.000000,enabled
1782985089.546,2026-07-02 09:38:09.548,buffer_pool_bytes_dirty,4621500416,4621500416,0.000000,enabled
1782985089.546,2026-07-02 09:38:09.548,buffer_pool_pages_data,784521,784521,0.000000,enabled
1782985089.546,2026-07-02 09:38:09.548,buffer_pool_pages_dirty,282074,282074,0.000000,enabled
1782985089.546,2026-07-02 09:38:09.548,buffer_pool_pages_flushed,30793163,30793163,0.000000,enabled
1782985089.546,2026-07-02 09:38:09.548,buffer_pool_pages_free,1815,1815,0.000000,enabled
1782985089.546,2026-07-02 09:38:09.548,buffer_pool_pages_lru_flushed,0,0,0.000000,enabled
1782985089.546,2026-07-02 09:38:09.548,buffer_pool_pages_misc,96,96,0.000000,enabled
1782985089.546,2026-07-02 09:38:09.548,buffer_pool_pages_total,786432,786432,0.000000,enabled
1782985089.546,2026-07-02 09:38:09.548,buffer_pool_reads,93596274,93596274,35106.000302,enabled
1782985089.546,2026-07-02 09:38:09.548,buffer_pool_read_ahead,803715,803715,301.456645,enabled
1782985089.546,2026-07-02 09:38:09.548,buffer_pool_read_ahead_evicted,25,25,0.009377,enabled
1782985089.546,2026-07-02 09:38:09.548,buffer_pool_read_requests,3151222619,3151222619,1181957.538073,enabled
1782985089.546,2026-07-02 09:38:09.548,buffer_pool_size,12884901888,12884901888,0.000000,enabled
1782985089.546,2026-07-02 09:38:09.548,buffer_pool_wait_free,18945,18945,7.105872,enabled
1782985089.546,2026-07-02 09:38:09.548,buffer_pool_write_requests,642231166,642231166,240887.445637,enabled
1782985089.546,2026-07-02 09:38:09.548,dml_deletes,14723700,14723700,5522.550322,enabled
1782985089.546,2026-07-02 09:38:09.548,dml_inserts,114609105,114609105,42987.465803,enabled
1782985089.546,2026-07-02 09:38:09.548,dml_system_deletes,468,468,0.175537,enabled
1782985089.546,2026-07-02 09:38:09.548,dml_system_inserts,1202,1202,0.450845,enabled
1782985089.546,2026-07-02 09:38:09.548,dml_system_reads,7661,7661,2.873480,enabled
1782985089.546,2026-07-02 09:38:09.548,dml_system_updates,620,620,0.232549,enabled
1782985089.546,2026-07-02 09:38:09.548,dml_updates,29447527,29447527,11045.148272,enabled
1782985089.546,2026-07-02 09:38:09.548,file_num_open_files,35,35,0.000000,enabled
1782985089.546,2026-07-02 09:38:09.548,ibuf_merges,0,0,0.000000,enabled
1782985089.546,2026-07-02 09:38:09.548,ibuf_merges_delete,0,0,0.000000,enabled
1782985089.546,2026-07-02 09:38:09.548,ibuf_merges_delete_mark,0,0,0.000000,enabled
1782985089.546,2026-07-02 09:38:09.548,ibuf_merges_discard_delete,0,0,0.000000,enabled
1782985089.546,2026-07-02 09:38:09.548,ibuf_merges_discard_delete_mark,0,0,0.000000,enabled
1782985089.546,2026-07-02 09:38:09.548,ibuf_merges_discard_insert,0,0,0.000000,enabled
1782985089.546,2026-07-02 09:38:09.548,ibuf_merges_insert,0,0,0.000000,enabled
1782985089.546,2026-07-02 09:38:09.548,ibuf_size,1,1,0.000375,enabled
1782985089.546,2026-07-02 09:38:09.548,innodb_activity_count,19825007,19825007,7435.943428,enabled
1782985089.546,2026-07-02 09:38:09.548,innodb_dblwr_pages_written,30790733,30790733,11548.956698,enabled
1782985089.546,2026-07-02 09:38:09.548,innodb_dblwr_writes,640396,640396,240.199078,enabled
1782985089.546,2026-07-02 09:38:09.548,innodb_page_size,16384,16384,0.000000,enabled
1782985089.546,2026-07-02 09:38:09.548,innodb_rwlock_sx_os_waits,0,0,0.000000,enabled
1782985089.546,2026-07-02 09:38:09.548,innodb_rwlock_sx_spin_rounds,0,0,0.000000,enabled
1782985089.546,2026-07-02 09:38:09.548,innodb_rwlock_sx_spin_waits,0,0,0.000000,enabled
1782985089.546,2026-07-02 09:38:09.548,innodb_rwlock_s_os_waits,0,0,0.000000,enabled
1782985089.546,2026-07-02 09:38:09.548,innodb_rwlock_s_spin_rounds,0,0,0.000000,enabled
1782985089.546,2026-07-02 09:38:09.548,innodb_rwlock_s_spin_waits,0,0,0.000000,enabled
1782985089.546,2026-07-02 09:38:09.548,innodb_rwlock_x_os_waits,0,0,0.000000,enabled
1782985089.546,2026-07-02 09:38:09.548,innodb_rwlock_x_spin_rounds,0,0,0.000000,enabled
1782985089.546,2026-07-02 09:38:09.548,innodb_rwlock_x_spin_waits,0,0,0.000000,enabled
1782985089.546,2026-07-02 09:38:09.548,lock_deadlocks,0,0,0.000000,enabled
1782985089.546,2026-07-02 09:38:09.548,lock_deadlock_false_positives,0,0,0.000000,enabled
1782985089.546,2026-07-02 09:38:09.548,lock_deadlock_rounds,2903,2903,1.088854,enabled
1782985089.546,2026-07-02 09:38:09.548,lock_rec_grant_attempts,425,425,0.159409,enabled
1782985089.546,2026-07-02 09:38:09.548,lock_rec_release_attempts,44753281,44753281,16786.017757,enabled
1782985089.546,2026-07-02 09:38:09.548,lock_row_lock_current_waits,0,0,0.000000,enabled
1782985089.546,2026-07-02 09:38:09.548,lock_row_lock_time,323,323,0.121151,enabled
1782985089.546,2026-07-02 09:38:09.548,lock_row_lock_time_avg,0,0,0.000000,enabled
1782985089.546,2026-07-02 09:38:09.548,lock_row_lock_time_max,29,29,0.000000,enabled
1782985089.546,2026-07-02 09:38:09.548,lock_row_lock_waits,425,425,0.159409,enabled
1782985089.546,2026-07-02 09:38:09.548,lock_schedule_refreshes,2903,2903,1.088854,enabled
1782985089.546,2026-07-02 09:38:09.548,lock_threads_waiting,0,0,0.000000,enabled
1782985089.546,2026-07-02 09:38:09.548,lock_timeouts,0,0,0.000000,enabled
1782985089.546,2026-07-02 09:38:09.548,log_waits,0,0,0.000000,enabled
1782985089.546,2026-07-02 09:38:09.548,log_writes,225563291,225563291,84604.052698,enabled
1782985089.546,2026-07-02 09:38:09.548,log_write_requests,435008478,435008478,163162.543226,enabled
1782985089.546,2026-07-02 09:38:09.548,os_data_fsyncs,66122966,66122966,24801.336346,enabled
1782985089.546,2026-07-02 09:38:09.548,os_data_reads,94545194,94545194,35461.917405,enabled
1782985089.546,2026-07-02 09:38:09.548,os_data_writes,257289339,257289339,96503.829518,enabled
1782985089.546,2026-07-02 09:38:09.548,os_log_bytes_written,140356982784,140356982784,52644957.467630,enabled
1782985089.546,2026-07-02 09:38:09.548,os_log_fsyncs,57589255,57589255,21600.520459,enabled
1782985089.546,2026-07-02 09:38:09.548,os_log_pending_fsyncs,0,0,0.000000,enabled
1782985089.546,2026-07-02 09:38:09.548,os_log_pending_writes,0,0,0.000000,enabled
1782985089.546,2026-07-02 09:38:09.548,trx_rseg_history_len,154,154,0.000000,enabled
1782985090.616,2026-07-02 09:38:10.618,adaptive_hash_searches,0,0,0.000000,enabled
1782985090.616,2026-07-02 09:38:10.618,adaptive_hash_searches_btree,652852578,652852578,244773.127014,enabled
1782985090.616,2026-07-02 09:38:10.618,buffer_data_reads,1545075509760,1545075509760,579293116.425535,enabled
1782985090.616,2026-07-02 09:38:10.618,buffer_data_written,683691357696,683691357696,256335495.949427,enabled
1782985090.616,2026-07-02 09:38:10.618,buffer_pages0_read,7,7,0.002625,enabled
1782985090.616,2026-07-02 09:38:10.618,buffer_pages_created,1825100,1825100,684.282333,enabled
1782985090.616,2026-07-02 09:38:10.618,buffer_pages_read,94569772,94569772,35456.919538,enabled
1782985090.616,2026-07-02 09:38:10.618,buffer_pages_written,30866522,30866522,11572.744302,enabled
1782985090.616,2026-07-02 09:38:10.618,buffer_pool_bytes_data,12849070080,12849070080,0.000000,enabled
1782985090.616,2026-07-02 09:38:10.618,buffer_pool_bytes_dirty,4621942784,4621942784,0.000000,enabled
1782985090.616,2026-07-02 09:38:10.618,buffer_pool_pages_data,784245,784245,0.000000,enabled
1782985090.616,2026-07-02 09:38:10.618,buffer_pool_pages_dirty,282101,282101,0.000000,enabled
1782985090.616,2026-07-02 09:38:10.618,buffer_pool_pages_flushed,30809405,30809405,0.000000,enabled
1782985090.616,2026-07-02 09:38:10.618,buffer_pool_pages_free,2090,2090,0.000000,enabled
1782985090.616,2026-07-02 09:38:10.618,buffer_pool_pages_lru_flushed,0,0,0.000000,enabled
1782985090.616,2026-07-02 09:38:10.618,buffer_pool_pages_misc,97,97,0.000000,enabled
1782985090.616,2026-07-02 09:38:10.618,buffer_pool_pages_total,786432,786432,0.000000,enabled
1782985090.616,2026-07-02 09:38:10.618,buffer_pool_reads,93653287,93653287,35113.304019,enabled
1782985090.616,2026-07-02 09:38:10.618,buffer_pool_read_ahead,803715,803715,301.335808,enabled
1782985090.616,2026-07-02 09:38:10.618,buffer_pool_read_ahead_evicted,25,25,0.009373,enabled
1782985090.616,2026-07-02 09:38:10.618,buffer_pool_read_requests,3152053490,3152053490,1181795.274391,enabled
1782985090.616,2026-07-02 09:38:10.618,buffer_pool_size,12884901888,12884901888,0.000000,enabled
1782985090.616,2026-07-02 09:38:10.618,buffer_pool_wait_free,18945,18945,7.103024,enabled
1782985090.616,2026-07-02 09:38:10.618,buffer_pool_write_requests,642343505,642343505,240833.006383,enabled
1782985090.616,2026-07-02 09:38:10.618,dml_deletes,14728553,14728553,5522.156159,enabled
1782985090.616,2026-07-02 09:38:10.618,dml_inserts,114613958,114613958,42972.053989,enabled
1782985090.616,2026-07-02 09:38:10.618,dml_system_deletes,468,468,0.175467,enabled
1782985090.616,2026-07-02 09:38:10.618,dml_system_inserts,1202,1202,0.450664,enabled
1782985090.616,2026-07-02 09:38:10.618,dml_system_reads,7661,7661,2.872328,enabled
1782985090.616,2026-07-02 09:38:10.618,dml_system_updates,620,620,0.232456,enabled
1782985090.616,2026-07-02 09:38:10.618,dml_updates,29457234,29457234,11044.360299,enabled
1782985090.616,2026-07-02 09:38:10.618,file_num_open_files,35,35,0.000000,enabled
1782985090.616,2026-07-02 09:38:10.618,ibuf_merges,0,0,0.000000,enabled
1782985090.616,2026-07-02 09:38:10.618,ibuf_merges_delete,0,0,0.000000,enabled
1782985090.616,2026-07-02 09:38:10.618,ibuf_merges_delete_mark,0,0,0.000000,enabled
1782985090.616,2026-07-02 09:38:10.618,ibuf_merges_discard_delete,0,0,0.000000,enabled
1782985090.616,2026-07-02 09:38:10.618,ibuf_merges_discard_delete_mark,0,0,0.000000,enabled
1782985090.616,2026-07-02 09:38:10.618,ibuf_merges_discard_insert,0,0,0.000000,enabled
1782985090.616,2026-07-02 09:38:10.618,ibuf_merges_insert,0,0,0.000000,enabled
1782985090.616,2026-07-02 09:38:10.618,ibuf_size,1,1,0.000375,enabled
1782985090.616,2026-07-02 09:38:10.618,innodb_activity_count,19830579,19830579,7435.051873,enabled
1782985090.616,2026-07-02 09:38:10.618,innodb_dblwr_pages_written,30807032,30807032,11550.438325,enabled
1782985090.616,2026-07-02 09:38:10.618,innodb_dblwr_writes,640778,640778,240.246018,enabled
1782985090.616,2026-07-02 09:38:10.618,innodb_page_size,16384,16384,0.000000,enabled
1782985090.616,2026-07-02 09:38:10.618,innodb_rwlock_sx_os_waits,0,0,0.000000,enabled
1782985090.616,2026-07-02 09:38:10.618,innodb_rwlock_sx_spin_rounds,0,0,0.000000,enabled
1782985090.616,2026-07-02 09:38:10.618,innodb_rwlock_sx_spin_waits,0,0,0.000000,enabled
1782985090.616,2026-07-02 09:38:10.618,innodb_rwlock_s_os_waits,0,0,0.000000,enabled
1782985090.616,2026-07-02 09:38:10.618,innodb_rwlock_s_spin_rounds,0,0,0.000000,enabled
1782985090.616,2026-07-02 09:38:10.618,innodb_rwlock_s_spin_waits,0,0,0.000000,enabled
1782985090.616,2026-07-02 09:38:10.618,innodb_rwlock_x_os_waits,0,0,0.000000,enabled
1782985090.616,2026-07-02 09:38:10.618,innodb_rwlock_x_spin_rounds,0,0,0.000000,enabled
1782985090.616,2026-07-02 09:38:10.618,innodb_rwlock_x_spin_waits,0,0,0.000000,enabled
1782985090.616,2026-07-02 09:38:10.618,lock_deadlocks,0,0,0.000000,enabled
1782985090.616,2026-07-02 09:38:10.618,lock_deadlock_false_positives,0,0,0.000000,enabled
1782985090.616,2026-07-02 09:38:10.618,lock_deadlock_rounds,2904,2904,1.088793,enabled
1782985090.616,2026-07-02 09:38:10.618,lock_rec_grant_attempts,425,425,0.159345,enabled
1782985090.616,2026-07-02 09:38:10.618,lock_rec_release_attempts,44768031,44768031,16784.819282,enabled
1782985090.616,2026-07-02 09:38:10.618,lock_row_lock_current_waits,0,0,0.000000,enabled
1782985090.616,2026-07-02 09:38:10.618,lock_row_lock_time,323,323,0.121102,enabled
1782985090.616,2026-07-02 09:38:10.618,lock_row_lock_time_avg,0,0,0.000000,enabled
1782985090.616,2026-07-02 09:38:10.618,lock_row_lock_time_max,29,29,0.000000,enabled
1782985090.616,2026-07-02 09:38:10.618,lock_row_lock_waits,425,425,0.159345,enabled
1782985090.616,2026-07-02 09:38:10.618,lock_schedule_refreshes,2904,2904,1.088793,enabled
1782985090.616,2026-07-02 09:38:10.618,lock_threads_waiting,0,0,0.000000,enabled
1782985090.616,2026-07-02 09:38:10.618,lock_timeouts,0,0,0.000000,enabled
1782985090.616,2026-07-02 09:38:10.618,log_waits,0,0,0.000000,enabled
1782985090.616,2026-07-02 09:38:10.618,log_writes,225642557,225642557,84599.858674,enabled
1782985090.616,2026-07-02 09:38:10.618,log_write_requests,435090904,435090904,163128.044194,enabled
1782985090.616,2026-07-02 09:38:10.618,os_data_fsyncs,66157533,66157533,24804.355014,enabled
1782985090.616,2026-07-02 09:38:10.618,os_data_reads,94602074,94602074,35469.028624,enabled
1782985090.616,2026-07-02 09:38:10.618,os_data_writes,257385168,257385168,96501.075507,enabled
1782985090.616,2026-07-02 09:38:10.618,os_log_bytes_written,140398222848,140398222848,52639317.098829,enabled
1782985090.616,2026-07-02 09:38:10.618,os_log_fsyncs,57618568,57618568,21602.852288,enabled
1782985090.616,2026-07-02 09:38:10.618,os_log_pending_fsyncs,0,0,0.000000,enabled
1782985090.616,2026-07-02 09:38:10.618,os_log_pending_writes,0,0,0.000000,enabled
1782985090.616,2026-07-02 09:38:10.618,trx_rseg_history_len,187,187,0.000000,enabled
1782985091.686,2026-07-02 09:38:11.687,adaptive_hash_searches,0,0,0.000000,enabled
1782985091.686,2026-07-02 09:38:11.687,adaptive_hash_searches_btree,653020324,653020324,244738.041033,enabled
1782985091.686,2026-07-02 09:38:11.687,buffer_data_reads,1546006710784,1546006710784,579410291.303078,enabled
1782985091.686,2026-07-02 09:38:11.687,buffer_data_written,684003015680,684003015680,256349719.261495,enabled
1782985091.686,2026-07-02 09:38:11.687,buffer_pages0_read,7,7,0.002623,enabled
1782985091.686,2026-07-02 09:38:11.687,buffer_pages_created,1825135,1825135,684.021617,enabled
1782985091.686,2026-07-02 09:38:11.687,buffer_pages_read,94626779,94626779,35464.095525,enabled
1782985091.686,2026-07-02 09:38:11.687,buffer_pages_written,30882636,30882636,11574.152347,enabled
1782985091.686,2026-07-02 09:38:11.687,buffer_pool_bytes_data,12849299456,12849299456,0.000000,enabled
1782985091.686,2026-07-02 09:38:11.687,buffer_pool_bytes_dirty,4627464192,4627464192,0.000000,enabled
1782985091.686,2026-07-02 09:38:11.687,buffer_pool_pages_data,784259,784259,0.000000,enabled
1782985091.686,2026-07-02 09:38:11.687,buffer_pool_pages_dirty,282438,282438,0.000000,enabled
1782985091.686,2026-07-02 09:38:11.687,buffer_pool_pages_flushed,30825566,30825566,0.000000,enabled
1782985091.686,2026-07-02 09:38:11.687,buffer_pool_pages_free,2075,2075,0.000000,enabled
1782985091.686,2026-07-02 09:38:11.687,buffer_pool_pages_lru_flushed,0,0,0.000000,enabled
1782985091.686,2026-07-02 09:38:11.687,buffer_pool_pages_misc,97,97,0.000000,enabled
1782985091.686,2026-07-02 09:38:11.687,buffer_pool_pages_total,786432,786432,0.000000,enabled
1782985091.686,2026-07-02 09:38:11.687,buffer_pool_reads,93710235,93710235,35120.595425,enabled
1782985091.686,2026-07-02 09:38:11.687,buffer_pool_read_ahead,803715,803715,301.215221,enabled
1782985091.686,2026-07-02 09:38:11.687,buffer_pool_read_ahead_evicted,25,25,0.009369,enabled
1782985091.686,2026-07-02 09:38:11.687,buffer_pool_read_requests,3152884436,3152884436,1181633.769516,enabled
1782985091.686,2026-07-02 09:38:11.687,buffer_pool_size,12884901888,12884901888,0.000000,enabled
1782985091.686,2026-07-02 09:38:11.687,buffer_pool_wait_free,18945,18945,7.100181,enabled
1782985091.686,2026-07-02 09:38:11.687,buffer_pool_write_requests,642455957,642455957,240778.775464,enabled
1782985091.686,2026-07-02 09:38:11.687,dml_deletes,14733403,14733403,5521.763976,enabled
1782985091.686,2026-07-02 09:38:11.687,dml_inserts,114618808,114618808,42956.675078,enabled
1782985091.686,2026-07-02 09:38:11.687,dml_system_deletes,468,468,0.175396,enabled
1782985091.686,2026-07-02 09:38:11.687,dml_system_inserts,1202,1202,0.450484,enabled
1782985091.686,2026-07-02 09:38:11.687,dml_system_reads,7661,7661,2.871179,enabled
1782985091.686,2026-07-02 09:38:11.687,dml_system_updates,620,620,0.232363,enabled
1782985091.686,2026-07-02 09:38:11.687,dml_updates,29466942,29466942,11043.578912,enabled
1782985091.686,2026-07-02 09:38:11.687,file_num_open_files,35,35,0.000000,enabled
1782985091.686,2026-07-02 09:38:11.687,ibuf_merges,0,0,0.000000,enabled
1782985091.686,2026-07-02 09:38:11.687,ibuf_merges_delete,0,0,0.000000,enabled
1782985091.686,2026-07-02 09:38:11.687,ibuf_merges_delete_mark,0,0,0.000000,enabled
1782985091.686,2026-07-02 09:38:11.687,ibuf_merges_discard_delete,0,0,0.000000,enabled
1782985091.686,2026-07-02 09:38:11.687,ibuf_merges_discard_delete_mark,0,0,0.000000,enabled
1782985091.686,2026-07-02 09:38:11.687,ibuf_merges_discard_insert,0,0,0.000000,enabled
1782985091.686,2026-07-02 09:38:11.687,ibuf_merges_insert,0,0,0.000000,enabled
1782985091.686,2026-07-02 09:38:11.687,ibuf_size,1,1,0.000375,enabled
1782985091.686,2026-07-02 09:38:11.687,innodb_activity_count,19836155,19836155,7434.166267,enabled
1782985091.686,2026-07-02 09:38:11.687,innodb_dblwr_pages_written,30823136,30823136,11551.851482,enabled
1782985091.686,2026-07-02 09:38:11.687,innodb_dblwr_writes,641151,641151,240.289669,enabled
1782985091.686,2026-07-02 09:38:11.687,innodb_page_size,16384,16384,0.000000,enabled
1782985091.686,2026-07-02 09:38:11.687,innodb_rwlock_sx_os_waits,0,0,0.000000,enabled
1782985091.686,2026-07-02 09:38:11.687,innodb_rwlock_sx_spin_rounds,0,0,0.000000,enabled
1782985091.686,2026-07-02 09:38:11.687,innodb_rwlock_sx_spin_waits,0,0,0.000000,enabled
1782985091.686,2026-07-02 09:38:11.687,innodb_rwlock_s_os_waits,0,0,0.000000,enabled
1782985091.686,2026-07-02 09:38:11.687,innodb_rwlock_s_spin_rounds,0,0,0.000000,enabled
1782985091.686,2026-07-02 09:38:11.687,innodb_rwlock_s_spin_waits,0,0,0.000000,enabled
1782985091.686,2026-07-02 09:38:11.687,innodb_rwlock_x_os_waits,0,0,0.000000,enabled
1782985091.686,2026-07-02 09:38:11.687,innodb_rwlock_x_spin_rounds,0,0,0.000000,enabled
1782985091.686,2026-07-02 09:38:11.687,innodb_rwlock_x_spin_waits,0,0,0.000000,enabled
1782985091.686,2026-07-02 09:38:11.687,lock_deadlocks,0,0,0.000000,enabled
1782985091.686,2026-07-02 09:38:11.687,lock_deadlock_false_positives,0,0,0.000000,enabled
1782985091.686,2026-07-02 09:38:11.687,lock_deadlock_rounds,2905,2905,1.088732,enabled
1782985091.686,2026-07-02 09:38:11.687,lock_rec_grant_attempts,425,425,0.159281,enabled
1782985091.686,2026-07-02 09:38:11.687,lock_rec_release_attempts,44782800,44782800,16783.637531,enabled
1782985091.686,2026-07-02 09:38:11.687,lock_row_lock_current_waits,0,0,0.000000,enabled
1782985091.686,2026-07-02 09:38:11.687,lock_row_lock_time,323,323,0.121054,enabled
1782985091.686,2026-07-02 09:38:11.687,lock_row_lock_time_avg,0,0,0.000000,enabled
1782985091.686,2026-07-02 09:38:11.687,lock_row_lock_time_max,29,29,0.000000,enabled
1782985091.686,2026-07-02 09:38:11.687,lock_row_lock_waits,425,425,0.159281,enabled
1782985091.686,2026-07-02 09:38:11.687,lock_schedule_refreshes,2905,2905,1.088732,enabled
1782985091.686,2026-07-02 09:38:11.687,lock_threads_waiting,0,0,0.000000,enabled
1782985091.686,2026-07-02 09:38:11.687,lock_timeouts,0,0,0.000000,enabled
1782985091.686,2026-07-02 09:38:11.687,log_waits,0,0,0.000000,enabled
1782985091.686,2026-07-02 09:38:11.687,log_writes,225721860,225721860,84595.724447,enabled
1782985091.686,2026-07-02 09:38:11.687,log_write_requests,435173453,435173453,163093.700963,enabled
1782985091.686,2026-07-02 09:38:11.687,os_data_fsyncs,66191465,66191465,24807.145765,enabled
1782985091.686,2026-07-02 09:38:11.687,os_data_reads,94658895,94658895,35476.129878,enabled
1782985091.686,2026-07-02 09:38:11.687,os_data_writes,257480848,257480848,96498.316395,enabled
1782985091.686,2026-07-02 09:38:11.687,os_log_bytes_written,140439778816,140439778816,52633826.096504,enabled
1782985091.686,2026-07-02 09:38:11.687,os_log_fsyncs,57647516,57647516,21605.056311,enabled
1782985091.686,2026-07-02 09:38:11.687,os_log_pending_fsyncs,0,0,0.000000,enabled
1782985091.686,2026-07-02 09:38:11.687,os_log_pending_writes,0,0,0.000000,enabled
1782985091.686,2026-07-02 09:38:11.687,trx_rseg_history_len,194,194,0.000000,enabled
1782985092.754,2026-07-02 09:38:12.755,adaptive_hash_searches,0,0,0.000000,enabled
1782985092.754,2026-07-02 09:38:12.755,adaptive_hash_searches_btree,653190170,653190170,244703.285813,enabled
1782985092.754,2026-07-02 09:38:12.755,buffer_data_reads,1546949118464,1546949118464,579530412.050205,enabled
1782985092.754,2026-07-02 09:38:12.755,buffer_data_written,684316915200,684316915200,256364258.380454,enabled
1782985092.754,2026-07-02 09:38:12.755,buffer_pages0_read,7,7,0.002622,enabled
1782985092.754,2026-07-02 09:38:12.755,buffer_pages_created,1825162,1825162,683.756745,enabled
1782985092.754,2026-07-02 09:38:12.755,buffer_pages_read,94684476,94684476,35471.453339,enabled
1782985092.754,2026-07-02 09:38:12.755,buffer_pages_written,30898841,30898841,11575.570211,enabled
1782985092.754,2026-07-02 09:38:12.755,buffer_pool_bytes_data,12853608448,12853608448,0.000000,enabled
1782985092.754,2026-07-02 09:38:12.755,buffer_pool_bytes_dirty,4630626304,4630626304,0.000000,enabled
1782985092.754,2026-07-02 09:38:12.755,buffer_pool_pages_data,784522,784522,0.000000,enabled
1782985092.754,2026-07-02 09:38:12.755,buffer_pool_pages_dirty,282631,282631,0.000000,enabled
1782985092.754,2026-07-02 09:38:12.755,buffer_pool_pages_flushed,30841771,30841771,0.000000,enabled
1782985092.754,2026-07-02 09:38:12.755,buffer_pool_pages_free,1814,1814,0.000000,enabled
1782985092.754,2026-07-02 09:38:12.755,buffer_pool_pages_lru_flushed,0,0,0.000000,enabled
1782985092.754,2026-07-02 09:38:12.755,buffer_pool_pages_misc,96,96,0.000000,enabled
1782985092.754,2026-07-02 09:38:12.755,buffer_pool_pages_total,786432,786432,0.000000,enabled
1782985092.754,2026-07-02 09:38:12.755,buffer_pool_reads,93767877,93767877,35128.070747,enabled
1782985092.754,2026-07-02 09:38:12.755,buffer_pool_read_ahead,803715,803715,301.094127,enabled
1782985092.754,2026-07-02 09:38:12.755,buffer_pool_read_ahead_evicted,25,25,0.009366,enabled
1782985092.754,2026-07-02 09:38:12.755,buffer_pool_read_requests,3153724636,3153724636,1181473.496675,enabled
1782985092.754,2026-07-02 09:38:12.755,buffer_pool_size,12884901888,12884901888,0.000000,enabled
1782985092.754,2026-07-02 09:38:12.755,buffer_pool_wait_free,18945,18945,7.097327,enabled
1782985092.754,2026-07-02 09:38:12.755,buffer_pool_write_requests,642568900,642568900,240724.290244,enabled
1782985092.754,2026-07-02 09:38:12.755,dml_deletes,14738326,14738326,5521.388531,enabled
1782985092.754,2026-07-02 09:38:12.755,dml_inserts,114623731,114623731,42941.250872,enabled
1782985092.754,2026-07-02 09:38:12.755,dml_system_deletes,468,468,0.175326,enabled
1782985092.754,2026-07-02 09:38:12.755,dml_system_inserts,1202,1202,0.450303,enabled
1782985092.754,2026-07-02 09:38:12.755,dml_system_reads,7661,7661,2.870025,enabled
1782985092.754,2026-07-02 09:38:12.755,dml_system_updates,620,620,0.232269,enabled
1782985092.754,2026-07-02 09:38:12.755,dml_updates,29476778,29476778,11042.824256,enabled
1782985092.754,2026-07-02 09:38:12.755,file_num_open_files,35,35,0.000000,enabled
1782985092.754,2026-07-02 09:38:12.755,ibuf_merges,0,0,0.000000,enabled
1782985092.754,2026-07-02 09:38:12.755,ibuf_merges_delete,0,0,0.000000,enabled
1782985092.754,2026-07-02 09:38:12.755,ibuf_merges_delete_mark,0,0,0.000000,enabled
1782985092.754,2026-07-02 09:38:12.755,ibuf_merges_discard_delete,0,0,0.000000,enabled
1782985092.754,2026-07-02 09:38:12.755,ibuf_merges_discard_delete_mark,0,0,0.000000,enabled
1782985092.754,2026-07-02 09:38:12.755,ibuf_merges_discard_insert,0,0,0.000000,enabled
1782985092.754,2026-07-02 09:38:12.755,ibuf_merges_insert,0,0,0.000000,enabled
1782985092.754,2026-07-02 09:38:12.755,ibuf_size,1,1,0.000375,enabled
1782985092.754,2026-07-02 09:38:12.755,innodb_activity_count,19841812,19841812,7433.297016,enabled
1782985092.754,2026-07-02 09:38:12.755,innodb_dblwr_pages_written,30839341,30839341,11553.278506,enabled
1782985092.754,2026-07-02 09:38:12.755,innodb_dblwr_writes,641502,641502,240.324567,enabled
1782985092.754,2026-07-02 09:38:12.755,innodb_page_size,16384,16384,0.000000,enabled
1782985092.754,2026-07-02 09:38:12.755,innodb_rwlock_sx_os_waits,0,0,0.000000,enabled
1782985092.754,2026-07-02 09:38:12.755,innodb_rwlock_sx_spin_rounds,0,0,0.000000,enabled
1782985092.754,2026-07-02 09:38:12.755,innodb_rwlock_sx_spin_waits,0,0,0.000000,enabled
1782985092.754,2026-07-02 09:38:12.755,innodb_rwlock_s_os_waits,0,0,0.000000,enabled
1782985092.754,2026-07-02 09:38:12.755,innodb_rwlock_s_spin_rounds,0,0,0.000000,enabled
1782985092.754,2026-07-02 09:38:12.755,innodb_rwlock_s_spin_waits,0,0,0.000000,enabled
1782985092.754,2026-07-02 09:38:12.755,innodb_rwlock_x_os_waits,0,0,0.000000,enabled
1782985092.754,2026-07-02 09:38:12.755,innodb_rwlock_x_spin_rounds,0,0,0.000000,enabled
1782985092.754,2026-07-02 09:38:12.755,innodb_rwlock_x_spin_waits,0,0,0.000000,enabled
1782985092.754,2026-07-02 09:38:12.755,lock_deadlocks,0,0,0.000000,enabled
1782985092.754,2026-07-02 09:38:12.755,lock_deadlock_false_positives,0,0,0.000000,enabled
1782985092.754,2026-07-02 09:38:12.755,lock_deadlock_rounds,2906,2906,1.088669,enabled
1782985092.754,2026-07-02 09:38:12.755,lock_rec_grant_attempts,425,425,0.159217,enabled
1782985092.754,2026-07-02 09:38:12.755,lock_rec_release_attempts,44797737,44797737,16782.486115,enabled
1782985092.754,2026-07-02 09:38:12.755,lock_row_lock_current_waits,0,0,0.000000,enabled
1782985092.754,2026-07-02 09:38:12.755,lock_row_lock_time,323,323,0.121005,enabled
1782985092.754,2026-07-02 09:38:12.755,lock_row_lock_time_avg,0,0,0.000000,enabled
1782985092.754,2026-07-02 09:38:12.755,lock_row_lock_time_max,29,29,0.000000,enabled
1782985092.754,2026-07-02 09:38:12.755,lock_row_lock_waits,425,425,0.159217,enabled
1782985092.754,2026-07-02 09:38:12.755,lock_schedule_refreshes,2906,2906,1.088669,enabled
1782985092.754,2026-07-02 09:38:12.755,lock_threads_waiting,0,0,0.000000,enabled
1782985092.754,2026-07-02 09:38:12.755,lock_timeouts,0,0,0.000000,enabled
1782985092.754,2026-07-02 09:38:12.755,log_waits,0,0,0.000000,enabled
1782985092.754,2026-07-02 09:38:12.755,log_writes,225803110,225803110,84592.155307,enabled
1782985092.754,2026-07-02 09:38:12.755,log_write_requests,435256976,435256976,163059.427001,enabled
1782985092.754,2026-07-02 09:38:12.755,os_data_fsyncs,66226183,66226183,24810.179474,enabled
1782985092.754,2026-07-02 09:38:12.755,os_data_reads,94716428,94716428,35483.421733,enabled
1782985092.754,2026-07-02 09:38:12.755,os_data_writes,257578518,257578518,96496.113402,enabled
1782985092.754,2026-07-02 09:38:12.755,os_log_bytes_written,140482039296,140482039296,52628498.958807,enabled
1782985092.754,2026-07-02 09:38:12.755,os_log_fsyncs,57677229,57677229,21607.502282,enabled
1782985092.754,2026-07-02 09:38:12.755,os_log_pending_fsyncs,1,1,0.000375,enabled
1782985092.754,2026-07-02 09:38:12.755,os_log_pending_writes,0,0,0.000000,enabled
1782985092.754,2026-07-02 09:38:12.755,trx_rseg_history_len,316,316,0.000000,enabled
1782985093.826,2026-07-02 09:38:13.828,adaptive_hash_searches,0,0,0.000000,enabled
1782985093.826,2026-07-02 09:38:13.828,adaptive_hash_searches_btree,653357217,653357217,244667.641807,enabled
1782985093.826,2026-07-02 09:38:13.828,buffer_data_reads,1547883661824,1547883661824,579647823.647056,enabled
1782985093.826,2026-07-02 09:38:13.828,buffer_data_written,684630086144,684630086144,256378660.050957,enabled
1782985093.826,2026-07-02 09:38:13.828,buffer_pages0_read,7,7,0.002621,enabled
1782985093.826,2026-07-02 09:38:13.828,buffer_pages_created,1825201,1825201,683.496971,enabled
1782985093.826,2026-07-02 09:38:13.828,buffer_pages_read,94741646,94741646,35478.628245,enabled
1782985093.826,2026-07-02 09:38:13.828,buffer_pages_written,30915048,30915048,11576.994325,enabled
1782985093.826,2026-07-02 09:38:13.828,buffer_pool_bytes_data,12852674560,12852674560,0.000000,enabled
1782985093.826,2026-07-02 09:38:13.828,buffer_pool_bytes_dirty,4633149440,4633149440,0.000000,enabled
1782985093.826,2026-07-02 09:38:13.828,buffer_pool_pages_data,784464,784464,0.000000,enabled
1782985093.826,2026-07-02 09:38:13.828,buffer_pool_pages_dirty,282785,282785,0.000000,enabled
1782985093.826,2026-07-02 09:38:13.828,buffer_pool_pages_flushed,30857978,30857978,0.000000,enabled
1782985093.826,2026-07-02 09:38:13.828,buffer_pool_pages_free,1870,1870,0.000000,enabled
1782985093.826,2026-07-02 09:38:13.828,buffer_pool_pages_lru_flushed,0,0,0.000000,enabled
1782985093.826,2026-07-02 09:38:13.828,buffer_pool_pages_misc,96,96,0.000000,enabled
1782985093.826,2026-07-02 09:38:13.828,buffer_pool_pages_total,786432,786432,0.000000,enabled
1782985093.826,2026-07-02 09:38:13.828,buffer_pool_reads,93824983,93824983,35135.359531,enabled
1782985093.826,2026-07-02 09:38:13.828,buffer_pool_read_ahead,803715,803715,300.973305,enabled
1782985093.826,2026-07-02 09:38:13.828,buffer_pool_read_ahead_evicted,25,25,0.009362,enabled
1782985093.826,2026-07-02 09:38:13.828,buffer_pool_read_requests,3154552885,3154552885,1181309.558619,enabled
1782985093.826,2026-07-02 09:38:13.828,buffer_pool_size,12884901888,12884901888,0.000000,enabled
1782985093.826,2026-07-02 09:38:13.828,buffer_pool_wait_free,18945,18945,7.094479,enabled
1782985093.826,2026-07-02 09:38:13.828,buffer_pool_write_requests,642681326,642681326,240669.794004,enabled
1782985093.826,2026-07-02 09:38:13.828,dml_deletes,14743151,14743151,5520.979616,enabled
1782985093.826,2026-07-02 09:38:13.828,dml_inserts,114628556,114628556,42925.825126,enabled
1782985093.826,2026-07-02 09:38:13.828,dml_system_deletes,468,468,0.175256,enabled
1782985093.826,2026-07-02 09:38:13.828,dml_system_inserts,1202,1202,0.450122,enabled
1782985093.826,2026-07-02 09:38:13.828,dml_system_reads,7661,7661,2.868873,enabled
1782985093.826,2026-07-02 09:38:13.828,dml_system_updates,620,620,0.232176,enabled
1782985093.826,2026-07-02 09:38:13.828,dml_updates,29486430,29486430,11042.007158,enabled
1782985093.826,2026-07-02 09:38:13.828,file_num_open_files,35,35,0.000000,enabled
1782985093.826,2026-07-02 09:38:13.828,ibuf_merges,0,0,0.000000,enabled
1782985093.826,2026-07-02 09:38:13.828,ibuf_merges_delete,0,0,0.000000,enabled
1782985093.826,2026-07-02 09:38:13.828,ibuf_merges_delete_mark,0,0,0.000000,enabled
1782985093.826,2026-07-02 09:38:13.828,ibuf_merges_discard_delete,0,0,0.000000,enabled
1782985093.826,2026-07-02 09:38:13.828,ibuf_merges_discard_delete_mark,0,0,0.000000,enabled
1782985093.826,2026-07-02 09:38:13.828,ibuf_merges_discard_insert,0,0,0.000000,enabled
1782985093.826,2026-07-02 09:38:13.828,ibuf_merges_insert,0,0,0.000000,enabled
1782985093.826,2026-07-02 09:38:13.828,ibuf_size,1,1,0.000374,enabled
1782985093.826,2026-07-02 09:38:13.828,innodb_activity_count,19847359,19847359,7432.391230,enabled
1782985093.826,2026-07-02 09:38:13.828,innodb_dblwr_pages_written,30855548,30855548,11554.711277,enabled
1782985093.826,2026-07-02 09:38:13.828,innodb_dblwr_writes,641885,641885,240.371549,enabled
1782985093.826,2026-07-02 09:38:13.828,innodb_page_size,16384,16384,0.000000,enabled
1782985093.826,2026-07-02 09:38:13.828,innodb_rwlock_sx_os_waits,0,0,0.000000,enabled
1782985093.826,2026-07-02 09:38:13.828,innodb_rwlock_sx_spin_rounds,0,0,0.000000,enabled
1782985093.826,2026-07-02 09:38:13.828,innodb_rwlock_sx_spin_waits,0,0,0.000000,enabled
1782985093.826,2026-07-02 09:38:13.828,innodb_rwlock_s_os_waits,0,0,0.000000,enabled
1782985093.826,2026-07-02 09:38:13.828,innodb_rwlock_s_spin_rounds,0,0,0.000000,enabled
1782985093.826,2026-07-02 09:38:13.828,innodb_rwlock_s_spin_waits,0,0,0.000000,enabled
1782985093.826,2026-07-02 09:38:13.828,innodb_rwlock_x_os_waits,0,0,0.000000,enabled
1782985093.826,2026-07-02 09:38:13.828,innodb_rwlock_x_spin_rounds,0,0,0.000000,enabled
1782985093.826,2026-07-02 09:38:13.828,innodb_rwlock_x_spin_waits,0,0,0.000000,enabled
1782985093.826,2026-07-02 09:38:13.828,lock_deadlocks,0,0,0.000000,enabled
1782985093.826,2026-07-02 09:38:13.828,lock_deadlock_false_positives,0,0,0.000000,enabled
1782985093.826,2026-07-02 09:38:13.828,lock_deadlock_rounds,2907,2907,1.088607,enabled
1782985093.826,2026-07-02 09:38:13.828,lock_rec_grant_attempts,425,425,0.159153,enabled
1782985093.826,2026-07-02 09:38:13.828,lock_rec_release_attempts,44812406,44812406,16781.244843,enabled
1782985093.826,2026-07-02 09:38:13.828,lock_row_lock_current_waits,0,0,0.000000,enabled
1782985093.826,2026-07-02 09:38:13.828,lock_row_lock_time,323,323,0.120956,enabled
1782985093.826,2026-07-02 09:38:13.828,lock_row_lock_time_avg,0,0,0.000000,enabled
1782985093.826,2026-07-02 09:38:13.828,lock_row_lock_time_max,29,29,0.000000,enabled
1782985093.826,2026-07-02 09:38:13.828,lock_row_lock_waits,425,425,0.159153,enabled
1782985093.826,2026-07-02 09:38:13.828,lock_schedule_refreshes,2907,2907,1.088607,enabled
1782985093.826,2026-07-02 09:38:13.828,lock_threads_waiting,0,0,0.000000,enabled
1782985093.826,2026-07-02 09:38:13.828,lock_timeouts,0,0,0.000000,enabled
1782985093.826,2026-07-02 09:38:13.828,log_waits,0,0,0.000000,enabled
1782985093.826,2026-07-02 09:38:13.828,log_writes,225883021,225883021,84588.133889,enabled
1782985093.826,2026-07-02 09:38:13.828,log_write_requests,435339011,435339011,163024.712570,enabled
1782985093.826,2026-07-02 09:38:13.828,os_data_fsyncs,66260349,66260349,24813.017855,enabled
1782985093.826,2026-07-02 09:38:13.828,os_data_reads,94773463,94773463,35490.541005,enabled
1782985093.826,2026-07-02 09:38:13.828,os_data_writes,257674907,257674907,96493.486206,enabled
1782985093.826,2026-07-02 09:38:13.828,os_log_bytes_written,140523704320,140523704320,52622982.391440,enabled
1782985093.826,2026-07-02 09:38:13.828,os_log_fsyncs,57706379,57706379,21609.747468,enabled
1782985093.826,2026-07-02 09:38:13.828,os_log_pending_fsyncs,1,1,0.000374,enabled
1782985093.826,2026-07-02 09:38:13.828,os_log_pending_writes,0,0,0.000000,enabled
1782985093.826,2026-07-02 09:38:13.828,trx_rseg_history_len,320,320,0.000000,enabled
1782985094.898,2026-07-02 09:38:14.900,adaptive_hash_searches,0,0,0.000000,enabled
1782985094.898,2026-07-02 09:38:14.900,adaptive_hash_searches_btree,653525430,653525430,244632.784984,enabled
1782985094.898,2026-07-02 09:38:14.900,buffer_data_reads,1548811635200,1548811635200,579763429.850432,enabled
1782985094.898,2026-07-02 09:38:14.900,buffer_data_written,684937290752,684937290752,256391147.660881,enabled
1782985094.898,2026-07-02 09:38:14.900,buffer_pages0_read,7,7,0.002620,enabled
1782985094.898,2026-07-02 09:38:14.900,buffer_pages_created,1825229,1825229,683.234171,enabled
1782985094.898,2026-07-02 09:38:14.900,buffer_pages_read,94798457,94798457,35485.708793,enabled
1782985094.898,2026-07-02 09:38:14.900,buffer_pages_written,30930859,30930859,11578.284006,enabled
1782985094.898,2026-07-02 09:38:14.900,buffer_pool_bytes_data,12860604416,12860604416,0.000000,enabled
1782985094.898,2026-07-02 09:38:14.900,buffer_pool_bytes_dirty,4643913728,4643913728,0.000000,enabled
1782985094.898,2026-07-02 09:38:14.900,buffer_pool_pages_data,784949,784949,0.000000,enabled
1782985094.898,2026-07-02 09:38:14.900,buffer_pool_pages_dirty,283442,283442,0.000000,enabled
1782985094.898,2026-07-02 09:38:14.900,buffer_pool_pages_flushed,30873745,30873745,0.000000,enabled
1782985094.898,2026-07-02 09:38:14.900,buffer_pool_pages_free,1387,1387,0.000000,enabled
1782985094.898,2026-07-02 09:38:14.900,buffer_pool_pages_lru_flushed,0,0,0.000000,enabled
1782985094.898,2026-07-02 09:38:14.900,buffer_pool_pages_misc,96,96,0.000000,enabled
1782985094.898,2026-07-02 09:38:14.900,buffer_pool_pages_total,786432,786432,0.000000,enabled
1782985094.898,2026-07-02 09:38:14.900,buffer_pool_reads,93881747,93881747,35142.559684,enabled
1782985094.898,2026-07-02 09:38:14.900,buffer_pool_read_ahead,803715,803715,300.852967,enabled
1782985094.898,2026-07-02 09:38:14.900,buffer_pool_read_ahead_evicted,25,25,0.009358,enabled
1782985094.898,2026-07-02 09:38:14.900,buffer_pool_read_requests,3155385367,3155385367,1181148.856542,enabled
1782985094.898,2026-07-02 09:38:14.900,buffer_pool_size,12884901888,12884901888,0.000000,enabled
1782985094.898,2026-07-02 09:38:14.900,buffer_pool_wait_free,18945,18945,7.091643,enabled
1782985094.898,2026-07-02 09:38:14.900,buffer_pool_write_requests,642794196,642794196,240615.817345,enabled
1782985094.898,2026-07-02 09:38:14.900,dml_deletes,14748011,14748011,5520.591484,enabled
1782985094.898,2026-07-02 09:38:14.900,dml_inserts,114633416,114633416,42910.482001,enabled
1782985094.898,2026-07-02 09:38:14.900,dml_system_deletes,468,468,0.175185,enabled
1782985094.898,2026-07-02 09:38:14.900,dml_system_inserts,1202,1202,0.449942,enabled
1782985094.898,2026-07-02 09:38:14.900,dml_system_reads,7661,7661,2.867726,enabled
1782985094.898,2026-07-02 09:38:14.900,dml_system_updates,620,620,0.232083,enabled
1782985094.898,2026-07-02 09:38:14.900,dml_updates,29496149,29496149,11041.230498,enabled
1782985094.898,2026-07-02 09:38:14.900,file_num_open_files,35,35,0.000000,enabled
1782985094.898,2026-07-02 09:38:14.900,ibuf_merges,0,0,0.000000,enabled
1782985094.898,2026-07-02 09:38:14.900,ibuf_merges_delete,0,0,0.000000,enabled
1782985094.898,2026-07-02 09:38:14.900,ibuf_merges_delete_mark,0,0,0.000000,enabled
1782985094.898,2026-07-02 09:38:14.900,ibuf_merges_discard_delete,0,0,0.000000,enabled
1782985094.898,2026-07-02 09:38:14.900,ibuf_merges_discard_delete_mark,0,0,0.000000,enabled
1782985094.898,2026-07-02 09:38:14.900,ibuf_merges_discard_insert,0,0,0.000000,enabled
1782985094.898,2026-07-02 09:38:14.900,ibuf_merges_insert,0,0,0.000000,enabled
1782985094.898,2026-07-02 09:38:14.900,ibuf_size,1,1,0.000374,enabled
1782985094.898,2026-07-02 09:38:14.900,innodb_activity_count,19852945,19852945,7431.510622,enabled
1782985094.898,2026-07-02 09:38:14.900,innodb_dblwr_pages_written,30871359,30871359,11556.010012,enabled
1782985094.898,2026-07-02 09:38:14.900,innodb_dblwr_writes,642229,642229,240.404213,enabled
1782985094.898,2026-07-02 09:38:14.900,innodb_page_size,16384,16384,0.000000,enabled
1782985094.898,2026-07-02 09:38:14.900,innodb_rwlock_sx_os_waits,0,0,0.000000,enabled
1782985094.898,2026-07-02 09:38:14.900,innodb_rwlock_sx_spin_rounds,0,0,0.000000,enabled
1782985094.898,2026-07-02 09:38:14.900,innodb_rwlock_sx_spin_waits,0,0,0.000000,enabled
1782985094.898,2026-07-02 09:38:14.900,innodb_rwlock_s_os_waits,0,0,0.000000,enabled
1782985094.898,2026-07-02 09:38:14.900,innodb_rwlock_s_spin_rounds,0,0,0.000000,enabled
1782985094.898,2026-07-02 09:38:14.900,innodb_rwlock_s_spin_waits,0,0,0.000000,enabled
1782985094.898,2026-07-02 09:38:14.900,innodb_rwlock_x_os_waits,0,0,0.000000,enabled
1782985094.898,2026-07-02 09:38:14.900,innodb_rwlock_x_spin_rounds,0,0,0.000000,enabled
1782985094.898,2026-07-02 09:38:14.900,innodb_rwlock_x_spin_waits,0,0,0.000000,enabled
1782985094.898,2026-07-02 09:38:14.900,lock_deadlocks,0,0,0.000000,enabled
1782985094.898,2026-07-02 09:38:14.900,lock_deadlock_false_positives,0,0,0.000000,enabled
1782985094.898,2026-07-02 09:38:14.900,lock_deadlock_rounds,2908,2908,1.088546,enabled
1782985094.898,2026-07-02 09:38:14.900,lock_rec_grant_attempts,425,425,0.159089,enabled
1782985094.898,2026-07-02 09:38:14.900,lock_rec_release_attempts,44827209,44827209,16780.076353,enabled
1782985094.898,2026-07-02 09:38:14.900,lock_row_lock_current_waits,0,0,0.000000,enabled
1782985094.898,2026-07-02 09:38:14.900,lock_row_lock_time,323,323,0.120908,enabled
1782985094.898,2026-07-02 09:38:14.900,lock_row_lock_time_avg,0,0,0.000000,enabled
1782985094.898,2026-07-02 09:38:14.900,lock_row_lock_time_max,29,29,0.000000,enabled
1782985094.898,2026-07-02 09:38:14.900,lock_row_lock_waits,425,425,0.159089,enabled
1782985094.898,2026-07-02 09:38:14.900,lock_schedule_refreshes,2908,2908,1.088546,enabled
1782985094.898,2026-07-02 09:38:14.900,lock_threads_waiting,0,0,0.000000,enabled
1782985094.898,2026-07-02 09:38:14.900,lock_timeouts,0,0,0.000000,enabled
1782985094.898,2026-07-02 09:38:14.900,log_waits,0,0,0.000000,enabled
1782985094.898,2026-07-02 09:38:14.900,log_writes,225963716,225963716,84584.519839,enabled
1782985094.898,2026-07-02 09:38:14.900,log_write_requests,435421612,435421612,162990.451108,enabled
1782985094.898,2026-07-02 09:38:14.900,os_data_fsyncs,66294561,66294561,24815.903529,enabled
1782985094.898,2026-07-02 09:38:14.900,os_data_reads,94830113,94830113,35497.556714,enabled
1782985094.898,2026-07-02 09:38:14.900,os_data_writes,257771672,257771672,96491.127668,enabled
1782985094.898,2026-07-02 09:38:14.900,os_log_bytes_written,140565787648,140565787648,52617695.438907,enabled
1782985094.898,2026-07-02 09:38:14.900,os_log_fsyncs,57735733,57735733,21612.095401,enabled
1782985094.898,2026-07-02 09:38:14.900,os_log_pending_fsyncs,1,1,0.000374,enabled
1782985094.898,2026-07-02 09:38:14.900,os_log_pending_writes,0,0,0.000000,enabled
1782985094.898,2026-07-02 09:38:14.900,trx_rseg_history_len,361,361,0.000000,enabled
1782985095.966,2026-07-02 09:38:15.968,adaptive_hash_searches,0,0,0.000000,enabled
1782985095.966,2026-07-02 09:38:15.968,adaptive_hash_searches_btree,653692892,653692892,244597.281619,enabled
1782985095.966,2026-07-02 09:38:15.968,buffer_data_reads,1549740149248,1549740149248,579878221.393247,enabled
1782985095.966,2026-07-02 09:38:15.968,buffer_data_written,685249740800,685249740800,256405179.177071,enabled
1782985095.966,2026-07-02 09:38:15.968,buffer_pages0_read,7,7,0.002619,enabled
1782985095.966,2026-07-02 09:38:15.968,buffer_pages_created,1825259,1825259,682.971241,enabled
1782985095.966,2026-07-02 09:38:15.968,buffer_pages_read,94855271,94855271,35492.728288,enabled
1782985095.966,2026-07-02 09:38:15.968,buffer_pages_written,30946999,30946999,11579.677316,enabled
1782985095.966,2026-07-02 09:38:15.968,buffer_pool_bytes_data,12855017472,12855017472,0.000000,enabled
1782985095.966,2026-07-02 09:38:15.968,buffer_pool_bytes_dirty,4647583744,4647583744,0.000000,enabled
1782985095.966,2026-07-02 09:38:15.968,buffer_pool_pages_data,784608,784608,0.000000,enabled
1782985095.966,2026-07-02 09:38:15.968,buffer_pool_pages_dirty,283667,283667,0.000000,enabled
1782985095.966,2026-07-02 09:38:15.968,buffer_pool_pages_flushed,30889857,30889857,0.000000,enabled
1782985095.966,2026-07-02 09:38:15.968,buffer_pool_pages_free,1727,1727,0.000000,enabled
1782985095.966,2026-07-02 09:38:15.968,buffer_pool_pages_lru_flushed,0,0,0.000000,enabled
1782985095.966,2026-07-02 09:38:15.968,buffer_pool_pages_misc,96,96,0.000000,enabled
1782985095.966,2026-07-02 09:38:15.968,buffer_pool_pages_total,786432,786432,0.000000,enabled
1782985095.966,2026-07-02 09:38:15.968,buffer_pool_reads,93938507,93938507,35149.696784,enabled
1782985095.966,2026-07-02 09:38:15.968,buffer_pool_read_ahead,803715,803715,300.732246,enabled
1782985095.966,2026-07-02 09:38:15.968,buffer_pool_read_ahead_evicted,25,25,0.009354,enabled
1782985095.966,2026-07-02 09:38:15.968,buffer_pool_read_requests,3156215095,3156215095,1180985.372369,enabled
1782985095.966,2026-07-02 09:38:15.968,buffer_pool_size,12884901888,12884901888,0.000000,enabled
1782985095.966,2026-07-02 09:38:15.968,buffer_pool_wait_free,18945,18945,7.088797,enabled
1782985095.966,2026-07-02 09:38:15.968,buffer_pool_write_requests,642906717,642906717,240561.370247,enabled
1782985095.966,2026-07-02 09:38:15.968,dml_deletes,14752854,14752854,5520.188355,enabled
1782985095.966,2026-07-02 09:38:15.968,dml_inserts,114638259,114638259,42895.075280,enabled
1782985095.966,2026-07-02 09:38:15.968,dml_system_deletes,468,468,0.175115,enabled
1782985095.966,2026-07-02 09:38:15.968,dml_system_inserts,1202,1202,0.449762,enabled
1782985095.966,2026-07-02 09:38:15.968,dml_system_reads,7661,7661,2.866575,enabled
1782985095.966,2026-07-02 09:38:15.968,dml_system_updates,620,620,0.231990,enabled
1782985095.966,2026-07-02 09:38:15.968,dml_updates,29505834,29505834,11040.423849,enabled
1782985095.966,2026-07-02 09:38:15.968,file_num_open_files,35,35,0.000000,enabled
1782985095.966,2026-07-02 09:38:15.968,ibuf_merges,0,0,0.000000,enabled
1782985095.966,2026-07-02 09:38:15.968,ibuf_merges_delete,0,0,0.000000,enabled
1782985095.966,2026-07-02 09:38:15.968,ibuf_merges_delete_mark,0,0,0.000000,enabled
1782985095.966,2026-07-02 09:38:15.968,ibuf_merges_discard_delete,0,0,0.000000,enabled
1782985095.966,2026-07-02 09:38:15.968,ibuf_merges_discard_delete_mark,0,0,0.000000,enabled
1782985095.966,2026-07-02 09:38:15.968,ibuf_merges_discard_insert,0,0,0.000000,enabled
1782985095.966,2026-07-02 09:38:15.968,ibuf_merges_insert,0,0,0.000000,enabled
1782985095.966,2026-07-02 09:38:15.968,ibuf_size,1,1,0.000374,enabled
1782985095.966,2026-07-02 09:38:15.968,innodb_activity_count,19858504,19858504,7430.608628,enabled
1782985095.966,2026-07-02 09:38:15.968,innodb_dblwr_pages_written,30887471,30887471,11557.401657,enabled
1782985095.966,2026-07-02 09:38:15.968,innodb_dblwr_writes,642590,642590,240.442823,enabled
1782985095.966,2026-07-02 09:38:15.968,innodb_page_size,16384,16384,0.000000,enabled
1782985095.966,2026-07-02 09:38:15.968,innodb_rwlock_sx_os_waits,0,0,0.000000,enabled
1782985095.966,2026-07-02 09:38:15.968,innodb_rwlock_sx_spin_rounds,0,0,0.000000,enabled
1782985095.966,2026-07-02 09:38:15.968,innodb_rwlock_sx_spin_waits,0,0,0.000000,enabled
1782985095.966,2026-07-02 09:38:15.968,innodb_rwlock_s_os_waits,0,0,0.000000,enabled
1782985095.966,2026-07-02 09:38:15.968,innodb_rwlock_s_spin_rounds,0,0,0.000000,enabled
1782985095.966,2026-07-02 09:38:15.968,innodb_rwlock_s_spin_waits,0,0,0.000000,enabled
1782985095.966,2026-07-02 09:38:15.968,innodb_rwlock_x_os_waits,0,0,0.000000,enabled
1782985095.966,2026-07-02 09:38:15.968,innodb_rwlock_x_spin_rounds,0,0,0.000000,enabled
1782985095.966,2026-07-02 09:38:15.968,innodb_rwlock_x_spin_waits,0,0,0.000000,enabled
1782985095.966,2026-07-02 09:38:15.968,lock_deadlocks,0,0,0.000000,enabled
1782985095.966,2026-07-02 09:38:15.968,lock_deadlock_false_positives,0,0,0.000000,enabled
1782985095.966,2026-07-02 09:38:15.968,lock_deadlock_rounds,2909,2909,1.088483,enabled
1782985095.966,2026-07-02 09:38:15.968,lock_rec_grant_attempts,425,425,0.159026,enabled
1782985095.966,2026-07-02 09:38:15.968,lock_rec_release_attempts,44841934,44841934,16778.852991,enabled
1782985095.966,2026-07-02 09:38:15.968,lock_row_lock_current_waits,0,0,0.000000,enabled
1782985095.966,2026-07-02 09:38:15.968,lock_row_lock_time,323,323,0.120859,enabled
1782985095.966,2026-07-02 09:38:15.968,lock_row_lock_time_avg,0,0,0.000000,enabled
1782985095.966,2026-07-02 09:38:15.968,lock_row_lock_time_max,29,29,0.000000,enabled
1782985095.966,2026-07-02 09:38:15.968,lock_row_lock_waits,425,425,0.159026,enabled
1782985095.966,2026-07-02 09:38:15.968,lock_schedule_refreshes,2909,2909,1.088483,enabled
1782985095.966,2026-07-02 09:38:15.968,lock_threads_waiting,0,0,0.000000,enabled
1782985095.966,2026-07-02 09:38:15.968,lock_timeouts,0,0,0.000000,enabled
1782985095.966,2026-07-02 09:38:15.968,log_waits,0,0,0.000000,enabled
1782985095.966,2026-07-02 09:38:15.968,log_writes,226043502,226043502,84580.432947,enabled
1782985095.966,2026-07-02 09:38:15.968,log_write_requests,435503918,435503918,162955.845386,enabled
1782985095.966,2026-07-02 09:38:15.968,os_data_fsyncs,66328548,66328548,24818.662846,enabled
1782985095.966,2026-07-02 09:38:15.968,os_data_reads,94886782,94886782,35504.516913,enabled
1782985095.966,2026-07-02 09:38:15.968,os_data_writes,257867895,257867895,96488.413237,enabled
1782985095.966,2026-07-02 09:38:15.968,os_log_bytes_written,140607377408,140607377408,52612143.526022,enabled
1782985095.966,2026-07-02 09:38:15.968,os_log_fsyncs,57764712,57764712,21614.266426,enabled
1782985095.966,2026-07-02 09:38:15.968,os_log_pending_fsyncs,1,1,0.000374,enabled
1782985095.966,2026-07-02 09:38:15.968,os_log_pending_writes,0,0,0.000000,enabled
1782985095.966,2026-07-02 09:38:15.968,trx_rseg_history_len,373,373,0.000000,enabled
1782985097.039,2026-07-02 09:38:17.040,adaptive_hash_searches,0,0,0.000000,enabled
1782985097.039,2026-07-02 09:38:17.040,adaptive_hash_searches_btree,653860177,653860177,244561.747789,enabled
1782985097.039,2026-07-02 09:38:17.040,buffer_data_reads,1550669580800,1550669580800,579993272.785082,enabled
1782985097.039,2026-07-02 09:38:17.040,buffer_data_written,685558116352,685558116352,256417679.288980,enabled
1782985097.039,2026-07-02 09:38:17.040,buffer_pages0_read,7,7,0.002618,enabled
1782985097.039,2026-07-02 09:38:17.040,buffer_pages_created,1825290,1825290,682.708903,enabled
1782985097.039,2026-07-02 09:38:17.040,buffer_pages_read,94912174,94912174,35499.775830,enabled
1782985097.039,2026-07-02 09:38:17.040,buffer_pages_written,30962924,30962924,11580.989221,enabled
1782985097.039,2026-07-02 09:38:17.040,buffer_pool_bytes_data,12853313536,12853313536,0.000000,enabled
1782985097.039,2026-07-02 09:38:17.040,buffer_pool_bytes_dirty,4654268416,4654268416,0.000000,enabled
1782985097.039,2026-07-02 09:38:17.040,buffer_pool_pages_data,784504,784504,0.000000,enabled
1782985097.039,2026-07-02 09:38:17.040,buffer_pool_pages_dirty,284074,284074,0.000000,enabled
1782985097.039,2026-07-02 09:38:17.040,buffer_pool_pages_flushed,30905810,30905810,0.000000,enabled
1782985097.039,2026-07-02 09:38:17.040,buffer_pool_pages_free,1830,1830,0.000000,enabled
1782985097.039,2026-07-02 09:38:17.040,buffer_pool_pages_lru_flushed,0,0,0.000000,enabled
1782985097.039,2026-07-02 09:38:17.040,buffer_pool_pages_misc,97,97,0.000000,enabled
1782985097.039,2026-07-02 09:38:17.040,buffer_pool_pages_total,786432,786432,0.000000,enabled
1782985097.039,2026-07-02 09:38:17.040,buffer_pool_reads,93995355,93995355,35156.861154,enabled
1782985097.039,2026-07-02 09:38:17.040,buffer_pool_read_ahead,803715,803715,300.611625,enabled
1782985097.039,2026-07-02 09:38:17.040,buffer_pool_read_ahead_evicted,25,25,0.009351,enabled
1782985097.039,2026-07-02 09:38:17.040,buffer_pool_read_requests,3157043759,3157043759,1180821.633634,enabled
1782985097.039,2026-07-02 09:38:17.040,buffer_pool_size,12884901888,12884901888,0.000000,enabled
1782985097.039,2026-07-02 09:38:17.040,buffer_pool_wait_free,18945,18945,7.085954,enabled
1782985097.039,2026-07-02 09:38:17.040,buffer_pool_write_requests,643019181,643019181,240506.948041,enabled
1782985097.039,2026-07-02 09:38:17.040,dml_deletes,14757687,14757687,5519.782005,enabled
1782985097.039,2026-07-02 09:38:17.040,dml_inserts,114643092,114643092,42879.678692,enabled
1782985097.039,2026-07-02 09:38:17.040,dml_system_deletes,468,468,0.175045,enabled
1782985097.039,2026-07-02 09:38:17.040,dml_system_inserts,1202,1202,0.449581,enabled
1782985097.039,2026-07-02 09:38:17.040,dml_system_reads,7661,7661,2.865425,enabled
1782985097.039,2026-07-02 09:38:17.040,dml_system_updates,620,620,0.231897,enabled
1782985097.039,2026-07-02 09:38:17.040,dml_updates,29515505,29515505,11039.612996,enabled
1782985097.039,2026-07-02 09:38:17.040,file_num_open_files,35,35,0.000000,enabled
1782985097.039,2026-07-02 09:38:17.040,ibuf_merges,0,0,0.000000,enabled
1782985097.039,2026-07-02 09:38:17.040,ibuf_merges_delete,0,0,0.000000,enabled
1782985097.039,2026-07-02 09:38:17.040,ibuf_merges_delete_mark,0,0,0.000000,enabled
1782985097.039,2026-07-02 09:38:17.040,ibuf_merges_discard_delete,0,0,0.000000,enabled
1782985097.039,2026-07-02 09:38:17.040,ibuf_merges_discard_delete_mark,0,0,0.000000,enabled
1782985097.039,2026-07-02 09:38:17.040,ibuf_merges_discard_insert,0,0,0.000000,enabled
1782985097.039,2026-07-02 09:38:17.040,ibuf_merges_insert,0,0,0.000000,enabled
1782985097.039,2026-07-02 09:38:17.040,ibuf_size,1,1,0.000374,enabled
1782985097.039,2026-07-02 09:38:17.040,innodb_activity_count,19864059,19864059,7429.706087,enabled
1782985097.039,2026-07-02 09:38:17.040,innodb_dblwr_pages_written,30903424,30903424,11558.733090,enabled
1782985097.039,2026-07-02 09:38:17.040,innodb_dblwr_writes,642956,642956,240.483281,enabled
1782985097.039,2026-07-02 09:38:17.040,innodb_page_size,16384,16384,0.000000,enabled
1782985097.039,2026-07-02 09:38:17.040,innodb_rwlock_sx_os_waits,0,0,0.000000,enabled
1782985097.039,2026-07-02 09:38:17.040,innodb_rwlock_sx_spin_rounds,0,0,0.000000,enabled
1782985097.039,2026-07-02 09:38:17.040,innodb_rwlock_sx_spin_waits,0,0,0.000000,enabled
1782985097.039,2026-07-02 09:38:17.040,innodb_rwlock_s_os_waits,0,0,0.000000,enabled
1782985097.039,2026-07-02 09:38:17.040,innodb_rwlock_s_spin_rounds,0,0,0.000000,enabled
1782985097.039,2026-07-02 09:38:17.040,innodb_rwlock_s_spin_waits,0,0,0.000000,enabled
1782985097.039,2026-07-02 09:38:17.040,innodb_rwlock_x_os_waits,0,0,0.000000,enabled
1782985097.039,2026-07-02 09:38:17.040,innodb_rwlock_x_spin_rounds,0,0,0.000000,enabled
1782985097.039,2026-07-02 09:38:17.040,innodb_rwlock_x_spin_waits,0,0,0.000000,enabled
1782985097.039,2026-07-02 09:38:17.040,lock_deadlocks,0,0,0.000000,enabled
1782985097.039,2026-07-02 09:38:17.040,lock_deadlock_false_positives,0,0,0.000000,enabled
1782985097.039,2026-07-02 09:38:17.040,lock_deadlock_rounds,2910,2910,1.088420,enabled
1782985097.039,2026-07-02 09:38:17.040,lock_rec_grant_attempts,425,425,0.158962,enabled
1782985097.039,2026-07-02 09:38:17.040,lock_rec_release_attempts,44856630,44856630,16777.619779,enabled
1782985097.039,2026-07-02 09:38:17.040,lock_row_lock_current_waits,0,0,0.000000,enabled
1782985097.039,2026-07-02 09:38:17.040,lock_row_lock_time,323,323,0.120811,enabled
1782985097.039,2026-07-02 09:38:17.040,lock_row_lock_time_avg,0,0,0.000000,enabled
1782985097.039,2026-07-02 09:38:17.040,lock_row_lock_time_max,29,29,0.000000,enabled
1782985097.039,2026-07-02 09:38:17.040,lock_row_lock_waits,425,425,0.158962,enabled
1782985097.039,2026-07-02 09:38:17.040,lock_schedule_refreshes,2910,2910,1.088420,enabled
1782985097.039,2026-07-02 09:38:17.040,lock_threads_waiting,0,0,0.000000,enabled
1782985097.039,2026-07-02 09:38:17.040,lock_timeouts,0,0,0.000000,enabled
1782985097.039,2026-07-02 09:38:17.040,log_waits,0,0,0.000000,enabled
1782985097.039,2026-07-02 09:38:17.040,log_writes,226122709,226122709,84576.134832,enabled
1782985097.039,2026-07-02 09:38:17.040,log_write_requests,435586114,435586114,162921.230226,enabled
1782985097.039,2026-07-02 09:38:17.040,os_data_fsyncs,66362412,66362412,24821.374570,enabled
1782985097.039,2026-07-02 09:38:17.040,os_data_reads,94943521,94943521,35511.498604,enabled
1782985097.039,2026-07-02 09:38:17.040,os_data_writes,257963275,257963275,96485.388132,enabled
1782985097.039,2026-07-02 09:38:17.040,os_log_bytes_written,140648882688,140648882688,52606565.807782,enabled
1782985097.039,2026-07-02 09:38:17.040,os_log_fsyncs,57793661,57793661,21616.425034,enabled
1782985097.039,2026-07-02 09:38:17.040,os_log_pending_fsyncs,0,0,0.000000,enabled
1782985097.039,2026-07-02 09:38:17.040,os_log_pending_writes,0,0,0.000000,enabled
1782985097.039,2026-07-02 09:38:17.040,trx_rseg_history_len,362,362,0.000000,enabled
1782985098.111,2026-07-02 09:38:18.113,adaptive_hash_searches,0,0,0.000000,enabled
1782985098.111,2026-07-02 09:38:18.113,adaptive_hash_searches_btree,654028279,654028279,244526.585720,enabled
1782985098.111,2026-07-02 09:38:18.113,buffer_data_reads,1551603403264,1551603403264,580109960.243788,enabled
1782985098.111,2026-07-02 09:38:18.113,buffer_data_written,685869520896,685869520896,256431340.261351,enabled
1782985098.111,2026-07-02 09:38:18.113,buffer_pages0_read,7,7,0.002617,enabled
1782985098.111,2026-07-02 09:38:18.113,buffer_pages_created,1825332,1825332,682.450992,enabled
1782985098.111,2026-07-02 09:38:18.113,buffer_pages_read,94969355,94969355,35506.927044,enabled
1782985098.111,2026-07-02 09:38:18.113,buffer_pages_written,30979003,30979003,11582.359415,enabled
1782985098.111,2026-07-02 09:38:18.113,buffer_pool_bytes_data,12856803328,12856803328,0.000000,enabled
1782985098.111,2026-07-02 09:38:18.113,buffer_pool_bytes_dirty,4660887552,4660887552,0.000000,enabled
1782985098.111,2026-07-02 09:38:18.113,buffer_pool_pages_data,784717,784717,0.000000,enabled
1782985098.111,2026-07-02 09:38:18.113,buffer_pool_pages_dirty,284478,284478,0.000000,enabled
1782985098.111,2026-07-02 09:38:18.113,buffer_pool_pages_flushed,30921889,30921889,0.000000,enabled
1782985098.111,2026-07-02 09:38:18.113,buffer_pool_pages_free,1619,1619,0.000000,enabled
1782985098.111,2026-07-02 09:38:18.113,buffer_pool_pages_lru_flushed,0,0,0.000000,enabled
1782985098.111,2026-07-02 09:38:18.113,buffer_pool_pages_misc,96,96,0.000000,enabled
1782985098.111,2026-07-02 09:38:18.113,buffer_pool_pages_total,786432,786432,0.000000,enabled
1782985098.111,2026-07-02 09:38:18.113,buffer_pool_reads,94052474,94052474,35164.126809,enabled
1782985098.111,2026-07-02 09:38:18.113,buffer_pool_read_ahead,803715,803715,300.491148,enabled
1782985098.111,2026-07-02 09:38:18.113,buffer_pool_read_ahead_evicted,25,25,0.009347,enabled
1782985098.111,2026-07-02 09:38:18.113,buffer_pool_read_requests,3157876602,3157876602,1180659.774336,enabled
1782985098.111,2026-07-02 09:38:18.113,buffer_pool_size,12884901888,12884901888,0.000000,enabled
1782985098.111,2026-07-02 09:38:18.113,buffer_pool_wait_free,18945,18945,7.083114,enabled
1782985098.111,2026-07-02 09:38:18.113,buffer_pool_write_requests,643131779,643131779,240452.657314,enabled
1782985098.111,2026-07-02 09:38:18.113,dml_deletes,14762557,14762557,5519.390675,enabled
1782985098.111,2026-07-02 09:38:18.113,dml_inserts,114647961,114647961,42864.314581,enabled
1782985098.111,2026-07-02 09:38:18.113,dml_system_deletes,468,468,0.174975,enabled
1782985098.111,2026-07-02 09:38:18.113,dml_system_inserts,1202,1202,0.449401,enabled
1782985098.111,2026-07-02 09:38:18.113,dml_system_reads,7661,7661,2.864277,enabled
1782985098.111,2026-07-02 09:38:18.113,dml_system_updates,620,620,0.231804,enabled
1782985098.111,2026-07-02 09:38:18.113,dml_updates,29525244,29525244,11038.829945,enabled
1782985098.111,2026-07-02 09:38:18.113,file_num_open_files,35,35,0.000000,enabled
1782985098.111,2026-07-02 09:38:18.113,ibuf_merges,0,0,0.000000,enabled
1782985098.111,2026-07-02 09:38:18.113,ibuf_merges_delete,0,0,0.000000,enabled
1782985098.111,2026-07-02 09:38:18.113,ibuf_merges_delete_mark,0,0,0.000000,enabled
1782985098.111,2026-07-02 09:38:18.113,ibuf_merges_discard_delete,0,0,0.000000,enabled
1782985098.111,2026-07-02 09:38:18.113,ibuf_merges_discard_delete_mark,0,0,0.000000,enabled
1782985098.111,2026-07-02 09:38:18.113,ibuf_merges_discard_insert,0,0,0.000000,enabled
1782985098.111,2026-07-02 09:38:18.113,ibuf_merges_insert,0,0,0.000000,enabled
1782985098.111,2026-07-02 09:38:18.113,ibuf_size,1,1,0.000374,enabled
1782985098.111,2026-07-02 09:38:18.113,innodb_activity_count,19869655,19869655,7428.820753,enabled
1782985098.111,2026-07-02 09:38:18.113,innodb_dblwr_pages_written,30919503,30919503,11560.112363,enabled
1782985098.111,2026-07-02 09:38:18.113,innodb_dblwr_writes,643316,643316,240.521500,enabled
1782985098.111,2026-07-02 09:38:18.113,innodb_page_size,16384,16384,0.000000,enabled
1782985098.111,2026-07-02 09:38:18.113,innodb_rwlock_sx_os_waits,0,0,0.000000,enabled
1782985098.111,2026-07-02 09:38:18.113,innodb_rwlock_sx_spin_rounds,0,0,0.000000,enabled
1782985098.111,2026-07-02 09:38:18.113,innodb_rwlock_sx_spin_waits,0,0,0.000000,enabled
1782985098.111,2026-07-02 09:38:18.113,innodb_rwlock_s_os_waits,0,0,0.000000,enabled
1782985098.111,2026-07-02 09:38:18.113,innodb_rwlock_s_spin_rounds,0,0,0.000000,enabled
1782985098.111,2026-07-02 09:38:18.113,innodb_rwlock_s_spin_waits,0,0,0.000000,enabled
1782985098.111,2026-07-02 09:38:18.113,innodb_rwlock_x_os_waits,0,0,0.000000,enabled
1782985098.111,2026-07-02 09:38:18.113,innodb_rwlock_x_spin_rounds,0,0,0.000000,enabled
1782985098.111,2026-07-02 09:38:18.113,innodb_rwlock_x_spin_waits,0,0,0.000000,enabled
1782985098.111,2026-07-02 09:38:18.113,lock_deadlocks,0,0,0.000000,enabled
1782985098.111,2026-07-02 09:38:18.113,lock_deadlock_false_positives,0,0,0.000000,enabled
1782985098.111,2026-07-02 09:38:18.113,lock_deadlock_rounds,2911,2911,1.088358,enabled
1782985098.111,2026-07-02 09:38:18.113,lock_rec_grant_attempts,425,425,0.158898,enabled
1782985098.111,2026-07-02 09:38:18.113,lock_rec_release_attempts,44871432,44871432,16776.429969,enabled
1782985098.111,2026-07-02 09:38:18.113,lock_row_lock_current_waits,0,0,0.000000,enabled
1782985098.111,2026-07-02 09:38:18.113,lock_row_lock_time,323,323,0.120763,enabled
1782985098.111,2026-07-02 09:38:18.113,lock_row_lock_time_avg,0,0,0.000000,enabled
1782985098.111,2026-07-02 09:38:18.113,lock_row_lock_time_max,29,29,0.000000,enabled
1782985098.111,2026-07-02 09:38:18.113,lock_row_lock_waits,425,425,0.158898,enabled
1782985098.111,2026-07-02 09:38:18.113,lock_schedule_refreshes,2911,2911,1.088358,enabled
1782985098.111,2026-07-02 09:38:18.113,lock_threads_waiting,0,0,0.000000,enabled
1782985098.111,2026-07-02 09:38:18.113,lock_timeouts,0,0,0.000000,enabled
1782985098.111,2026-07-02 09:38:18.113,log_waits,0,0,0.000000,enabled
1782985098.111,2026-07-02 09:38:18.113,log_writes,226202643,226202643,84572.124921,enabled
1782985098.111,2026-07-02 09:38:18.113,log_write_requests,435668827,435668827,162886.861063,enabled
1782985098.111,2026-07-02 09:38:18.113,os_data_fsyncs,66396654,66396654,24824.229189,enabled
1782985098.111,2026-07-02 09:38:18.113,os_data_reads,95000536,95000536,35518.583230,enabled
1782985098.111,2026-07-02 09:38:18.113,os_data_writes,258059549,258059549,96482.714208,enabled
1782985098.111,2026-07-02 09:38:18.113,os_log_bytes_written,140690644992,140690644992,52601096.598974,enabled
1782985098.111,2026-07-02 09:38:18.113,os_log_fsyncs,57823032,57823032,21618.742950,enabled
1782985098.111,2026-07-02 09:38:18.113,os_log_pending_fsyncs,0,0,0.000000,enabled
1782985098.111,2026-07-02 09:38:18.113,os_log_pending_writes,0,0,0.000000,enabled
1782985098.111,2026-07-02 09:38:18.113,trx_rseg_history_len,371,371,0.000000,enabled
1782985099.182,2026-07-02 09:38:19.184,adaptive_hash_searches,0,0,0.000000,enabled
1782985099.182,2026-07-02 09:38:19.184,adaptive_hash_searches_btree,654196476,654196476,244491.475402,enabled
1782985099.182,2026-07-02 09:38:19.184,buffer_data_reads,1552534931968,1552534931968,580225692.390980,enabled
1782985099.182,2026-07-02 09:38:19.184,buffer_data_written,686182973440,686182973440,256445753.525952,enabled
1782985099.182,2026-07-02 09:38:19.184,buffer_pages0_read,7,7,0.002616,enabled
1782985099.182,2026-07-02 09:38:19.184,buffer_pages_created,1825367,1825367,682.190666,enabled
1782985099.182,2026-07-02 09:38:19.184,buffer_pages_read,95026367,95026367,35514.009097,enabled
1782985099.182,2026-07-02 09:38:19.184,buffer_pages_written,30995211,30995211,11583.776625,enabled
1782985099.182,2026-07-02 09:38:19.184,buffer_pool_bytes_data,12852019200,12852019200,0.000000,enabled
1782985099.182,2026-07-02 09:38:19.184,buffer_pool_bytes_dirty,4662542336,4662542336,0.000000,enabled
1782985099.182,2026-07-02 09:38:19.184,buffer_pool_pages_data,784425,784425,0.000000,enabled
1782985099.182,2026-07-02 09:38:19.184,buffer_pool_pages_dirty,284579,284579,0.000000,enabled
1782985099.182,2026-07-02 09:38:19.184,buffer_pool_pages_flushed,30938097,30938097,0.000000,enabled
1782985099.182,2026-07-02 09:38:19.184,buffer_pool_pages_free,1909,1909,0.000000,enabled
1782985099.182,2026-07-02 09:38:19.184,buffer_pool_pages_lru_flushed,0,0,0.000000,enabled
1782985099.182,2026-07-02 09:38:19.184,buffer_pool_pages_misc,97,97,0.000000,enabled
1782985099.182,2026-07-02 09:38:19.184,buffer_pool_pages_total,786432,786432,0.000000,enabled
1782985099.182,2026-07-02 09:38:19.184,buffer_pool_reads,94109437,94109437,35171.327836,enabled
1782985099.182,2026-07-02 09:38:19.184,buffer_pool_read_ahead,803715,803715,300.370764,enabled
1782985099.182,2026-07-02 09:38:19.184,buffer_pool_read_ahead_evicted,25,25,0.009343,enabled
1782985099.182,2026-07-02 09:38:19.184,buffer_pool_read_requests,3158709367,3158709367,1180498.000297,enabled
1782985099.182,2026-07-02 09:38:19.184,buffer_pool_size,12884901888,12884901888,0.000000,enabled
1782985099.182,2026-07-02 09:38:19.184,buffer_pool_wait_free,18945,18945,7.080276,enabled
1782985099.182,2026-07-02 09:38:19.184,buffer_pool_write_requests,643244221,643244221,240398.348786,enabled
1782985099.182,2026-07-02 09:38:19.184,dml_deletes,14767427,14767427,5518.999352,enabled
1782985099.182,2026-07-02 09:38:19.184,dml_inserts,114652832,114652832,42848.961160,enabled
1782985099.182,2026-07-02 09:38:19.184,dml_system_deletes,468,468,0.174905,enabled
1782985099.182,2026-07-02 09:38:19.184,dml_system_inserts,1202,1202,0.449221,enabled
1782985099.182,2026-07-02 09:38:19.184,dml_system_reads,7661,7661,2.863129,enabled
1782985099.182,2026-07-02 09:38:19.184,dml_system_updates,620,620,0.231711,enabled
1782985099.182,2026-07-02 09:38:19.184,dml_updates,29534983,29534983,11038.046906,enabled
1782985099.182,2026-07-02 09:38:19.184,file_num_open_files,35,35,0.000000,enabled
1782985099.182,2026-07-02 09:38:19.184,ibuf_merges,0,0,0.000000,enabled
1782985099.182,2026-07-02 09:38:19.184,ibuf_merges_delete,0,0,0.000000,enabled
1782985099.182,2026-07-02 09:38:19.184,ibuf_merges_delete_mark,0,0,0.000000,enabled
1782985099.182,2026-07-02 09:38:19.184,ibuf_merges_discard_delete,0,0,0.000000,enabled
1782985099.182,2026-07-02 09:38:19.184,ibuf_merges_discard_delete_mark,0,0,0.000000,enabled
1782985099.182,2026-07-02 09:38:19.184,ibuf_merges_discard_insert,0,0,0.000000,enabled
1782985099.182,2026-07-02 09:38:19.184,ibuf_merges_insert,0,0,0.000000,enabled
1782985099.182,2026-07-02 09:38:19.184,ibuf_size,1,1,0.000374,enabled
1782985099.182,2026-07-02 09:38:19.184,innodb_activity_count,19875256,19875256,7427.937615,enabled
1782985099.182,2026-07-02 09:38:19.184,innodb_dblwr_pages_written,30935711,30935711,11561.538129,enabled
1782985099.182,2026-07-02 09:38:19.184,innodb_dblwr_writes,643655,643655,240.551828,enabled
1782985099.182,2026-07-02 09:38:19.184,innodb_page_size,16384,16384,0.000000,enabled
1782985099.182,2026-07-02 09:38:19.184,innodb_rwlock_sx_os_waits,0,0,0.000000,enabled
1782985099.182,2026-07-02 09:38:19.184,innodb_rwlock_sx_spin_rounds,0,0,0.000000,enabled
1782985099.182,2026-07-02 09:38:19.184,innodb_rwlock_sx_spin_waits,0,0,0.000000,enabled
1782985099.182,2026-07-02 09:38:19.184,innodb_rwlock_s_os_waits,0,0,0.000000,enabled
1782985099.182,2026-07-02 09:38:19.184,innodb_rwlock_s_spin_rounds,0,0,0.000000,enabled
1782985099.182,2026-07-02 09:38:19.184,innodb_rwlock_s_spin_waits,0,0,0.000000,enabled
1782985099.182,2026-07-02 09:38:19.184,innodb_rwlock_x_os_waits,0,0,0.000000,enabled
1782985099.182,2026-07-02 09:38:19.184,innodb_rwlock_x_spin_rounds,0,0,0.000000,enabled
1782985099.182,2026-07-02 09:38:19.184,innodb_rwlock_x_spin_waits,0,0,0.000000,enabled
1782985099.182,2026-07-02 09:38:19.184,lock_deadlocks,0,0,0.000000,enabled
1782985099.182,2026-07-02 09:38:19.184,lock_deadlock_false_positives,0,0,0.000000,enabled
1782985099.182,2026-07-02 09:38:19.184,lock_deadlock_rounds,2913,2913,1.088670,enabled
1782985099.182,2026-07-02 09:38:19.184,lock_rec_grant_attempts,425,425,0.158834,enabled
1782985099.182,2026-07-02 09:38:19.184,lock_rec_release_attempts,44886225,44886225,16775.237446,enabled
1782985099.182,2026-07-02 09:38:19.184,lock_row_lock_current_waits,0,0,0.000000,enabled
1782985099.182,2026-07-02 09:38:19.184,lock_row_lock_time,323,323,0.120714,enabled
1782985099.182,2026-07-02 09:38:19.184,lock_row_lock_time_avg,0,0,0.000000,enabled
1782985099.182,2026-07-02 09:38:19.184,lock_row_lock_time_max,29,29,0.000000,enabled
1782985099.182,2026-07-02 09:38:19.184,lock_row_lock_waits,425,425,0.158834,enabled
1782985099.182,2026-07-02 09:38:19.184,lock_schedule_refreshes,2913,2913,1.088670,enabled
1782985099.182,2026-07-02 09:38:19.184,lock_threads_waiting,0,0,0.000000,enabled
1782985099.182,2026-07-02 09:38:19.184,lock_timeouts,0,0,0.000000,enabled
1782985099.182,2026-07-02 09:38:19.184,log_waits,0,0,0.000000,enabled
1782985099.182,2026-07-02 09:38:19.184,log_writes,226282330,226282330,84568.022602,enabled
1782985099.182,2026-07-02 09:38:19.184,log_write_requests,435751589,435751589,162852.531411,enabled
1782985099.182,2026-07-02 09:38:19.184,os_data_fsyncs,66430690,66430690,24827.003797,enabled
1782985099.182,2026-07-02 09:38:19.184,os_data_reads,95057388,95057388,35525.600235,enabled
1782985099.182,2026-07-02 09:38:19.184,os_data_writes,258155704,258155704,96479.995143,enabled
1782985099.182,2026-07-02 09:38:19.184,os_log_bytes_written,140732231168,140732231168,52595564.352317,enabled
1782985099.182,2026-07-02 09:38:19.184,os_log_fsyncs,57852126,57852126,21620.954832,enabled
1782985099.182,2026-07-02 09:38:19.184,os_log_pending_fsyncs,1,1,0.000374,enabled
1782985099.182,2026-07-02 09:38:19.184,os_log_pending_writes,0,0,0.000000,enabled
1782985099.182,2026-07-02 09:38:19.184,trx_rseg_history_len,404,404,0.000000,enabled
1782985100.255,2026-07-02 09:38:20.257,adaptive_hash_searches,0,0,0.000000,enabled
1782985100.255,2026-07-02 09:38:20.257,adaptive_hash_searches_btree,654364326,654364326,244456.591805,enabled
1782985100.255,2026-07-02 09:38:20.257,buffer_data_reads,1553469622784,1553469622784,580343261.288529,enabled
1782985100.255,2026-07-02 09:38:20.257,buffer_data_written,686494085120,686494085120,256459611.529326,enabled
1782985100.255,2026-07-02 09:38:20.257,buffer_pages0_read,7,7,0.002615,enabled
1782985100.255,2026-07-02 09:38:20.257,buffer_pages_created,1825396,1825396,681.929186,enabled
1782985100.255,2026-07-02 09:38:20.257,buffer_pages_read,95083571,95083571,35521.202966,enabled
1782985100.255,2026-07-02 09:38:20.257,buffer_pages_written,31011319,31011319,11585.170267,enabled
1782985100.255,2026-07-02 09:38:20.257,buffer_pool_bytes_data,12851888128,12851888128,0.000000,enabled
1782985100.255,2026-07-02 09:38:20.257,buffer_pool_bytes_dirty,4665589760,4665589760,0.000000,enabled
1782985100.255,2026-07-02 09:38:20.257,buffer_pool_pages_data,784417,784417,0.000000,enabled
1782985100.255,2026-07-02 09:38:20.257,buffer_pool_pages_dirty,284765,284765,0.000000,enabled
1782985100.255,2026-07-02 09:38:20.257,buffer_pool_pages_flushed,30954166,30954166,0.000000,enabled
1782985100.255,2026-07-02 09:38:20.257,buffer_pool_pages_free,1919,1919,0.000000,enabled
1782985100.255,2026-07-02 09:38:20.257,buffer_pool_pages_lru_flushed,0,0,0.000000,enabled
1782985100.255,2026-07-02 09:38:20.257,buffer_pool_pages_misc,96,96,0.000000,enabled
1782985100.255,2026-07-02 09:38:20.257,buffer_pool_pages_total,786432,786432,0.000000,enabled
1782985100.255,2026-07-02 09:38:20.257,buffer_pool_reads,94166592,94166592,35178.640037,enabled
1782985100.255,2026-07-02 09:38:20.257,buffer_pool_read_ahead,803715,803715,300.250862,enabled
1782985100.255,2026-07-02 09:38:20.257,buffer_pool_read_ahead_evicted,25,25,0.009339,enabled
1782985100.255,2026-07-02 09:38:20.257,buffer_pool_read_requests,3159540988,3159540988,1180337.445421,enabled
1782985100.255,2026-07-02 09:38:20.257,buffer_pool_size,12884901888,12884901888,0.000000,enabled
1782985100.255,2026-07-02 09:38:20.257,buffer_pool_wait_free,18945,18945,7.077450,enabled
1782985100.255,2026-07-02 09:38:20.257,buffer_pool_write_requests,643356625,643356625,240344.378411,enabled
1782985100.255,2026-07-02 09:38:20.257,dml_deletes,14772276,14772276,5518.607945,enabled
1782985100.255,2026-07-02 09:38:20.257,dml_inserts,114657681,114657681,42833.669617,enabled
1782985100.255,2026-07-02 09:38:20.257,dml_system_deletes,468,468,0.174835,enabled
1782985100.255,2026-07-02 09:38:20.257,dml_system_inserts,1202,1202,0.449042,enabled
1782985100.255,2026-07-02 09:38:20.257,dml_system_reads,7661,7661,2.861987,enabled
1782985100.255,2026-07-02 09:38:20.257,dml_system_updates,620,620,0.231619,enabled
1782985100.255,2026-07-02 09:38:20.257,dml_updates,29544681,29544681,11037.264072,enabled
1782985100.255,2026-07-02 09:38:20.257,file_num_open_files,35,35,0.000000,enabled
1782985100.255,2026-07-02 09:38:20.257,ibuf_merges,0,0,0.000000,enabled
1782985100.255,2026-07-02 09:38:20.257,ibuf_merges_delete,0,0,0.000000,enabled
1782985100.255,2026-07-02 09:38:20.257,ibuf_merges_delete_mark,0,0,0.000000,enabled
1782985100.255,2026-07-02 09:38:20.257,ibuf_merges_discard_delete,0,0,0.000000,enabled
1782985100.255,2026-07-02 09:38:20.257,ibuf_merges_discard_delete_mark,0,0,0.000000,enabled
1782985100.255,2026-07-02 09:38:20.257,ibuf_merges_discard_insert,0,0,0.000000,enabled
1782985100.255,2026-07-02 09:38:20.257,ibuf_merges_insert,0,0,0.000000,enabled
1782985100.255,2026-07-02 09:38:20.257,ibuf_size,1,1,0.000374,enabled
1782985100.255,2026-07-02 09:38:20.257,innodb_activity_count,19880834,19880834,7427.056585,enabled
1782985100.255,2026-07-02 09:38:20.257,innodb_dblwr_pages_written,30951832,30951832,11562.945827,enabled
1782985100.255,2026-07-02 09:38:20.257,innodb_dblwr_writes,644017,644017,240.591048,enabled
1782985100.255,2026-07-02 09:38:20.257,innodb_page_size,16384,16384,0.000000,enabled
1782985100.255,2026-07-02 09:38:20.257,innodb_rwlock_sx_os_waits,0,0,0.000000,enabled
1782985100.255,2026-07-02 09:38:20.257,innodb_rwlock_sx_spin_rounds,0,0,0.000000,enabled
1782985100.255,2026-07-02 09:38:20.257,innodb_rwlock_sx_spin_waits,0,0,0.000000,enabled
1782985100.255,2026-07-02 09:38:20.257,innodb_rwlock_s_os_waits,0,0,0.000000,enabled
1782985100.255,2026-07-02 09:38:20.257,innodb_rwlock_s_spin_rounds,0,0,0.000000,enabled
1782985100.255,2026-07-02 09:38:20.257,innodb_rwlock_s_spin_waits,0,0,0.000000,enabled
1782985100.255,2026-07-02 09:38:20.257,innodb_rwlock_x_os_waits,0,0,0.000000,enabled
1782985100.255,2026-07-02 09:38:20.257,innodb_rwlock_x_spin_rounds,0,0,0.000000,enabled
1782985100.255,2026-07-02 09:38:20.257,innodb_rwlock_x_spin_waits,0,0,0.000000,enabled
1782985100.255,2026-07-02 09:38:20.257,lock_deadlocks,0,0,0.000000,enabled
1782985100.255,2026-07-02 09:38:20.257,lock_deadlock_false_positives,0,0,0.000000,enabled
1782985100.255,2026-07-02 09:38:20.257,lock_deadlock_rounds,2914,2914,1.088609,enabled
1782985100.255,2026-07-02 09:38:20.257,lock_rec_grant_attempts,425,425,0.158771,enabled
1782985100.255,2026-07-02 09:38:20.257,lock_rec_release_attempts,44900969,44900969,16774.049117,enabled
1782985100.255,2026-07-02 09:38:20.257,lock_row_lock_current_waits,0,0,0.000000,enabled
1782985100.255,2026-07-02 09:38:20.257,lock_row_lock_time,323,323,0.120666,enabled
1782985100.255,2026-07-02 09:38:20.257,lock_row_lock_time_avg,0,0,0.000000,enabled
1782985100.255,2026-07-02 09:38:20.257,lock_row_lock_time_max,29,29,0.000000,enabled
1782985100.255,2026-07-02 09:38:20.257,lock_row_lock_waits,425,425,0.158771,enabled
1782985100.255,2026-07-02 09:38:20.257,lock_schedule_refreshes,2914,2914,1.088609,enabled
1782985100.255,2026-07-02 09:38:20.257,lock_threads_waiting,0,0,0.000000,enabled
1782985100.255,2026-07-02 09:38:20.257,lock_timeouts,0,0,0.000000,enabled
1782985100.255,2026-07-02 09:38:20.257,log_waits,0,0,0.000000,enabled
1782985100.255,2026-07-02 09:38:20.257,log_writes,226361142,226361142,84563.709270,enabled
1782985100.255,2026-07-02 09:38:20.257,log_write_requests,435834079,435834079,162818.344356,enabled
1782985100.255,2026-07-02 09:38:20.257,os_data_fsyncs,66464775,66464775,24829.827179,enabled
1782985100.255,2026-07-02 09:38:20.257,os_data_reads,95114408,95114408,35532.721141,enabled
1782985100.255,2026-07-02 09:38:20.257,os_data_writes,258250896,258250896,96477.045485,enabled
1782985100.255,2026-07-02 09:38:20.257,os_log_bytes_written,140773286912,140773286912,52589907.659749,enabled
1782985100.255,2026-07-02 09:38:20.257,os_log_fsyncs,57881147,57881147,21623.166161,enabled
1782985100.255,2026-07-02 09:38:20.257,os_log_pending_fsyncs,1,1,0.000374,enabled
1782985100.255,2026-07-02 09:38:20.257,os_log_pending_writes,0,0,0.000000,enabled
1782985100.255,2026-07-02 09:38:20.257,trx_rseg_history_len,433,433,0.000000,enabled
1782985101.323,2026-07-02 09:38:21.325,adaptive_hash_searches,0,0,0.000000,enabled
1782985101.323,2026-07-02 09:38:21.325,adaptive_hash_searches_btree,654532485,654532485,244421.440580,enabled
1782985101.323,2026-07-02 09:38:21.325,buffer_data_reads,1554404870656,1554404870656,580459988.654436,enabled
1782985101.323,2026-07-02 09:38:21.325,buffer_data_written,686806886400,686806886400,256473667.024427,enabled
1782985101.323,2026-07-02 09:38:21.325,buffer_pages0_read,7,7,0.002614,enabled
1782985101.323,2026-07-02 09:38:21.325,buffer_pages_created,1825431,1825431,681.669033,enabled
1782985101.323,2026-07-02 09:38:21.325,buffer_pages_read,95140839,95140839,35528.356517,enabled
1782985101.323,2026-07-02 09:38:21.325,buffer_pages_written,31027519,31027519,11586.578087,enabled
1782985101.323,2026-07-02 09:38:21.325,buffer_pool_bytes_data,12857147392,12857147392,0.000000,enabled
1782985101.323,2026-07-02 09:38:21.325,buffer_pool_bytes_dirty,4670750720,4670750720,0.000000,enabled
1782985101.323,2026-07-02 09:38:21.325,buffer_pool_pages_data,784738,784738,0.000000,enabled
1782985101.323,2026-07-02 09:38:21.325,buffer_pool_pages_dirty,285080,285080,0.000000,enabled
1782985101.323,2026-07-02 09:38:21.325,buffer_pool_pages_flushed,30970405,30970405,0.000000,enabled
1782985101.323,2026-07-02 09:38:21.325,buffer_pool_pages_free,1598,1598,0.000000,enabled
1782985101.323,2026-07-02 09:38:21.325,buffer_pool_pages_lru_flushed,0,0,0.000000,enabled
1782985101.323,2026-07-02 09:38:21.325,buffer_pool_pages_misc,96,96,0.000000,enabled
1782985101.323,2026-07-02 09:38:21.325,buffer_pool_pages_total,786432,786432,0.000000,enabled
1782985101.323,2026-07-02 09:38:21.325,buffer_pool_reads,94223812,94223812,35185.913062,enabled
1782985101.323,2026-07-02 09:38:21.325,buffer_pool_read_ahead,803715,803715,300.130564,enabled
1782985101.323,2026-07-02 09:38:21.325,buffer_pool_read_ahead_evicted,25,25,0.009336,enabled
1782985101.323,2026-07-02 09:38:21.325,buffer_pool_read_requests,3160373952,3160373952,1180175.586818,enabled
1782985101.323,2026-07-02 09:38:21.325,buffer_pool_size,12884901888,12884901888,0.000000,enabled
1782985101.323,2026-07-02 09:38:21.325,buffer_pool_wait_free,18945,18945,7.074614,enabled
1782985101.323,2026-07-02 09:38:21.325,buffer_pool_write_requests,643469185,643469185,240290.115673,enabled
1782985101.323,2026-07-02 09:38:21.325,dml_deletes,14777148,14777148,5518.216126,enabled
1782985101.323,2026-07-02 09:38:21.325,dml_inserts,114662553,114662553,42818.326614,enabled
1782985101.323,2026-07-02 09:38:21.325,dml_system_deletes,468,468,0.174765,enabled
1782985101.323,2026-07-02 09:38:21.325,dml_system_inserts,1202,1202,0.448862,enabled
1782985101.323,2026-07-02 09:38:21.325,dml_system_reads,7661,7661,2.860840,enabled
1782985101.323,2026-07-02 09:38:21.325,dml_system_updates,620,620,0.231526,enabled
1782985101.323,2026-07-02 09:38:21.325,dml_updates,29554423,29554423,11036.479667,enabled
1782985101.323,2026-07-02 09:38:21.325,file_num_open_files,35,35,0.000000,enabled
1782985101.323,2026-07-02 09:38:21.325,ibuf_merges,0,0,0.000000,enabled
1782985101.323,2026-07-02 09:38:21.325,ibuf_merges_delete,0,0,0.000000,enabled
1782985101.323,2026-07-02 09:38:21.325,ibuf_merges_delete_mark,0,0,0.000000,enabled
1782985101.323,2026-07-02 09:38:21.325,ibuf_merges_discard_delete,0,0,0.000000,enabled
1782985101.323,2026-07-02 09:38:21.325,ibuf_merges_discard_delete_mark,0,0,0.000000,enabled
1782985101.323,2026-07-02 09:38:21.325,ibuf_merges_discard_insert,0,0,0.000000,enabled
1782985101.323,2026-07-02 09:38:21.325,ibuf_merges_insert,0,0,0.000000,enabled
1782985101.323,2026-07-02 09:38:21.325,ibuf_size,1,1,0.000373,enabled
1782985101.323,2026-07-02 09:38:21.325,innodb_activity_count,19886426,19886426,7426.168975,enabled
1782985101.323,2026-07-02 09:38:21.325,innodb_dblwr_pages_written,30968019,30968019,11564.357553,enabled
1782985101.323,2026-07-02 09:38:21.325,innodb_dblwr_writes,644396,644396,240.636179,enabled
1782985101.323,2026-07-02 09:38:21.325,innodb_page_size,16384,16384,0.000000,enabled
1782985101.323,2026-07-02 09:38:21.325,innodb_rwlock_sx_os_waits,0,0,0.000000,enabled
1782985101.323,2026-07-02 09:38:21.325,innodb_rwlock_sx_spin_rounds,0,0,0.000000,enabled
1782985101.323,2026-07-02 09:38:21.325,innodb_rwlock_sx_spin_waits,0,0,0.000000,enabled
1782985101.323,2026-07-02 09:38:21.325,innodb_rwlock_s_os_waits,0,0,0.000000,enabled
1782985101.323,2026-07-02 09:38:21.325,innodb_rwlock_s_spin_rounds,0,0,0.000000,enabled
1782985101.323,2026-07-02 09:38:21.325,innodb_rwlock_s_spin_waits,0,0,0.000000,enabled
1782985101.323,2026-07-02 09:38:21.325,innodb_rwlock_x_os_waits,0,0,0.000000,enabled
1782985101.323,2026-07-02 09:38:21.325,innodb_rwlock_x_spin_rounds,0,0,0.000000,enabled
1782985101.323,2026-07-02 09:38:21.325,innodb_rwlock_x_spin_waits,0,0,0.000000,enabled
1782985101.323,2026-07-02 09:38:21.325,lock_deadlocks,0,0,0.000000,enabled
1782985101.323,2026-07-02 09:38:21.325,lock_deadlock_false_positives,0,0,0.000000,enabled
1782985101.323,2026-07-02 09:38:21.325,lock_deadlock_rounds,2915,2915,1.088546,enabled
1782985101.323,2026-07-02 09:38:21.325,lock_rec_grant_attempts,425,425,0.158707,enabled
1782985101.323,2026-07-02 09:38:21.325,lock_rec_release_attempts,44915775,44915775,16772.857472,enabled
1782985101.323,2026-07-02 09:38:21.325,lock_row_lock_current_waits,0,0,0.000000,enabled
1782985101.323,2026-07-02 09:38:21.325,lock_row_lock_time,323,323,0.120618,enabled
1782985101.323,2026-07-02 09:38:21.325,lock_row_lock_time_avg,0,0,0.000000,enabled
1782985101.323,2026-07-02 09:38:21.325,lock_row_lock_time_max,29,29,0.000000,enabled
1782985101.323,2026-07-02 09:38:21.325,lock_row_lock_waits,425,425,0.158707,enabled
1782985101.323,2026-07-02 09:38:21.325,lock_schedule_refreshes,2915,2915,1.088546,enabled
1782985101.323,2026-07-02 09:38:21.325,lock_threads_waiting,0,0,0.000000,enabled
1782985101.323,2026-07-02 09:38:21.325,lock_timeouts,0,0,0.000000,enabled
1782985101.323,2026-07-02 09:38:21.325,log_waits,0,0,0.000000,enabled
1782985101.323,2026-07-02 09:38:21.325,log_writes,226440484,226440484,84559.455841,enabled
1782985101.323,2026-07-02 09:38:21.325,log_write_requests,435916773,435916773,162783.988465,enabled
1782985101.323,2026-07-02 09:38:21.325,os_data_fsyncs,66499448,66499448,24832.826628,enabled
1782985101.323,2026-07-02 09:38:21.325,os_data_reads,95171494,95171494,35539.801988,enabled
1782985101.323,2026-07-02 09:38:21.325,os_data_writes,258346731,258346731,96474.178040,enabled
1782985101.323,2026-07-02 09:38:21.325,os_log_bytes_written,140814675968,140814675968,52584292.565281,enabled
1782985101.323,2026-07-02 09:38:21.325,os_log_fsyncs,57910815,57910815,21625.581392,enabled
1782985101.323,2026-07-02 09:38:21.325,os_log_pending_fsyncs,0,0,0.000000,enabled
1782985101.323,2026-07-02 09:38:21.325,os_log_pending_writes,0,0,0.000000,enabled
1782985101.323,2026-07-02 09:38:21.325,trx_rseg_history_len,471,471,0.000000,enabled
1782985102.396,2026-07-02 09:38:22.398,adaptive_hash_searches,0,0,0.000000,enabled
1782985102.396,2026-07-02 09:38:22.398,adaptive_hash_searches_btree,654699338,654699338,244385.920590,enabled
1782985102.396,2026-07-02 09:38:22.398,buffer_data_reads,1555327552000,1555327552000,580572141.998597,enabled
1782985102.396,2026-07-02 09:38:22.398,buffer_data_written,687137874432,687137874432,256494592.954810,enabled
1782985102.396,2026-07-02 09:38:22.398,buffer_pages0_read,7,7,0.002613,enabled
1782985102.396,2026-07-02 09:38:22.398,buffer_pages_created,1825453,1825453,681.404483,enabled
1782985102.396,2026-07-02 09:38:22.398,buffer_pages_read,95197294,95197294,35535.213734,enabled
1782985102.396,2026-07-02 09:38:22.398,buffer_pages_written,31044721,31044721,11588.362996,enabled
1782985102.396,2026-07-02 09:38:22.398,buffer_pool_bytes_data,12848758784,12848758784,0.000000,enabled
1782985102.396,2026-07-02 09:38:22.398,buffer_pool_bytes_dirty,4654825472,4654825472,0.000000,enabled
1782985102.396,2026-07-02 09:38:22.398,buffer_pool_pages_data,784226,784226,0.000000,enabled
1782985102.396,2026-07-02 09:38:22.398,buffer_pool_pages_dirty,284108,284108,0.000000,enabled
1782985102.396,2026-07-02 09:38:22.398,buffer_pool_pages_flushed,30986515,30986515,0.000000,enabled
1782985102.396,2026-07-02 09:38:22.398,buffer_pool_pages_free,2109,2109,0.000000,enabled
1782985102.396,2026-07-02 09:38:22.398,buffer_pool_pages_lru_flushed,0,0,0.000000,enabled
1782985102.396,2026-07-02 09:38:22.398,buffer_pool_pages_misc,96,96,0.000000,enabled
1782985102.396,2026-07-02 09:38:22.398,buffer_pool_pages_total,786432,786432,0.000000,enabled
1782985102.396,2026-07-02 09:38:22.398,buffer_pool_reads,94280205,94280205,35192.884053,enabled
1782985102.396,2026-07-02 09:38:22.398,buffer_pool_read_ahead,803715,803715,300.010469,enabled
1782985102.396,2026-07-02 09:38:22.398,buffer_pool_read_ahead_evicted,25,25,0.009332,enabled
1782985102.396,2026-07-02 09:38:22.398,buffer_pool_read_requests,3161200181,3161200181,1180011.763581,enabled
1782985102.396,2026-07-02 09:38:22.398,buffer_pool_size,12884901888,12884901888,0.000000,enabled
1782985102.396,2026-07-02 09:38:22.398,buffer_pool_wait_free,18945,18945,7.071783,enabled
1782985102.396,2026-07-02 09:38:22.398,buffer_pool_write_requests,643580872,643580872,240235.656005,enabled
1782985102.396,2026-07-02 09:38:22.398,dml_deletes,14781973,14781973,5517.809144,enabled
1782985102.396,2026-07-02 09:38:22.398,dml_inserts,114667377,114667377,42802.994007,enabled
1782985102.396,2026-07-02 09:38:22.398,dml_system_deletes,468,468,0.174695,enabled
1782985102.396,2026-07-02 09:38:22.398,dml_system_inserts,1202,1202,0.448682,enabled
1782985102.396,2026-07-02 09:38:22.398,dml_system_reads,7661,7661,2.859695,enabled
1782985102.396,2026-07-02 09:38:22.398,dml_system_updates,620,620,0.231433,enabled
1782985102.396,2026-07-02 09:38:22.398,dml_updates,29564071,29564071,11035.664940,enabled
1782985102.396,2026-07-02 09:38:22.398,file_num_open_files,35,35,0.000000,enabled
1782985102.396,2026-07-02 09:38:22.398,ibuf_merges,0,0,0.000000,enabled
1782985102.396,2026-07-02 09:38:22.398,ibuf_merges_delete,0,0,0.000000,enabled
1782985102.396,2026-07-02 09:38:22.398,ibuf_merges_delete_mark,0,0,0.000000,enabled
1782985102.396,2026-07-02 09:38:22.398,ibuf_merges_discard_delete,0,0,0.000000,enabled
1782985102.396,2026-07-02 09:38:22.398,ibuf_merges_discard_delete_mark,0,0,0.000000,enabled
1782985102.396,2026-07-02 09:38:22.398,ibuf_merges_discard_insert,0,0,0.000000,enabled
1782985102.396,2026-07-02 09:38:22.398,ibuf_merges_insert,0,0,0.000000,enabled
1782985102.396,2026-07-02 09:38:22.398,ibuf_size,1,1,0.000373,enabled
1782985102.396,2026-07-02 09:38:22.398,innodb_activity_count,19891965,19891965,7425.265072,enabled
1782985102.396,2026-07-02 09:38:22.398,innodb_dblwr_pages_written,30984513,30984513,11565.887076,enabled
1782985102.396,2026-07-02 09:38:22.398,innodb_dblwr_writes,644753,644753,240.673152,enabled
1782985102.396,2026-07-02 09:38:22.398,innodb_page_size,16384,16384,0.000000,enabled
1782985102.396,2026-07-02 09:38:22.398,innodb_rwlock_sx_os_waits,0,0,0.000000,enabled
1782985102.396,2026-07-02 09:38:22.398,innodb_rwlock_sx_spin_rounds,0,0,0.000000,enabled
1782985102.396,2026-07-02 09:38:22.398,innodb_rwlock_sx_spin_waits,0,0,0.000000,enabled
1782985102.396,2026-07-02 09:38:22.398,innodb_rwlock_s_os_waits,0,0,0.000000,enabled
1782985102.396,2026-07-02 09:38:22.398,innodb_rwlock_s_spin_rounds,0,0,0.000000,enabled
1782985102.396,2026-07-02 09:38:22.398,innodb_rwlock_s_spin_waits,0,0,0.000000,enabled
1782985102.396,2026-07-02 09:38:22.398,innodb_rwlock_x_os_waits,0,0,0.000000,enabled
1782985102.396,2026-07-02 09:38:22.398,innodb_rwlock_x_spin_rounds,0,0,0.000000,enabled
1782985102.396,2026-07-02 09:38:22.398,innodb_rwlock_x_spin_waits,0,0,0.000000,enabled
1782985102.396,2026-07-02 09:38:22.398,lock_deadlocks,0,0,0.000000,enabled
1782985102.396,2026-07-02 09:38:22.398,lock_deadlock_false_positives,0,0,0.000000,enabled
1782985102.396,2026-07-02 09:38:22.398,lock_deadlock_rounds,2916,2916,1.088484,enabled
1782985102.396,2026-07-02 09:38:22.398,lock_rec_grant_attempts,425,425,0.158644,enabled
1782985102.396,2026-07-02 09:38:22.398,lock_rec_release_attempts,44930455,44930455,16771.625701,enabled
1782985102.396,2026-07-02 09:38:22.398,lock_row_lock_current_waits,0,0,0.000000,enabled
1782985102.396,2026-07-02 09:38:22.398,lock_row_lock_time,323,323,0.120569,enabled
1782985102.396,2026-07-02 09:38:22.398,lock_row_lock_time_avg,0,0,0.000000,enabled
1782985102.396,2026-07-02 09:38:22.398,lock_row_lock_time_max,29,29,0.000000,enabled
1782985102.396,2026-07-02 09:38:22.398,lock_row_lock_waits,425,425,0.158644,enabled
1782985102.396,2026-07-02 09:38:22.398,lock_schedule_refreshes,2916,2916,1.088484,enabled
1782985102.396,2026-07-02 09:38:22.398,lock_threads_waiting,0,0,0.000000,enabled
1782985102.396,2026-07-02 09:38:22.398,lock_timeouts,0,0,0.000000,enabled
1782985102.396,2026-07-02 09:38:22.398,log_waits,0,0,0.000000,enabled
1782985102.396,2026-07-02 09:38:22.398,log_writes,226519461,226519461,84555.100804,enabled
1782985102.396,2026-07-02 09:38:22.398,log_write_requests,435998827,435998827,162749.481332,enabled
1782985102.396,2026-07-02 09:38:22.398,os_data_fsyncs,66532991,66532991,24835.411049,enabled
1782985102.396,2026-07-02 09:38:22.398,os_data_reads,95227816,95227816,35546.605086,enabled
1782985102.396,2026-07-02 09:38:22.398,os_data_writes,258443181,258443181,96471.578090,enabled
1782985102.396,2026-07-02 09:38:22.398,os_log_bytes_written,140855948800,140855948800,52578658.013735,enabled
1782985102.396,2026-07-02 09:38:22.398,os_log_fsyncs,57939359,57939359,21627.583118,enabled
1782985102.396,2026-07-02 09:38:22.398,os_log_pending_fsyncs,1,1,0.000373,enabled
1782985102.396,2026-07-02 09:38:22.398,os_log_pending_writes,0,0,0.000000,enabled
1782985102.396,2026-07-02 09:38:22.398,trx_rseg_history_len,499,499,0.000000,enabled
1782985103.468,2026-07-02 09:38:23.469,adaptive_hash_searches,0,0,0.000000,enabled
1782985103.468,2026-07-02 09:38:23.469,adaptive_hash_searches_btree,654863105,654863105,244349.649617,enabled
1782985103.468,2026-07-02 09:38:23.469,buffer_data_reads,1556231293440,1556231293440,580678017.167087,enabled
1782985103.468,2026-07-02 09:38:23.469,buffer_data_written,687484364800,687484364800,256521674.598295,enabled
1782985103.468,2026-07-02 09:38:23.469,buffer_pages0_read,7,7,0.002612,enabled
1782985103.468,2026-07-02 09:38:23.469,buffer_pages_created,1825489,1825489,681.146398,enabled
1782985103.468,2026-07-02 09:38:23.469,buffer_pages_read,95252624,95252624,35541.699459,enabled
1782985103.468,2026-07-02 09:38:23.469,buffer_pages_written,31063148,31063148,11590.621100,enabled
1782985103.468,2026-07-02 09:38:23.469,buffer_pool_bytes_data,12846219264,12846219264,0.000000,enabled
1782985103.468,2026-07-02 09:38:23.469,buffer_pool_bytes_dirty,4611358720,4611358720,0.000000,enabled
1782985103.468,2026-07-02 09:38:23.469,buffer_pool_pages_data,784072,784072,0.000000,enabled
1782985103.468,2026-07-02 09:38:23.469,buffer_pool_pages_dirty,281455,281455,0.000000,enabled
1782985103.468,2026-07-02 09:38:23.469,buffer_pool_pages_flushed,31006000,31006000,0.000000,enabled
1782985103.468,2026-07-02 09:38:23.469,buffer_pool_pages_free,2266,2266,0.000000,enabled
1782985103.468,2026-07-02 09:38:23.469,buffer_pool_pages_lru_flushed,0,0,0.000000,enabled
1782985103.468,2026-07-02 09:38:23.469,buffer_pool_pages_misc,96,96,0.000000,enabled
1782985103.468,2026-07-02 09:38:23.469,buffer_pool_pages_total,786432,786432,0.000000,enabled
1782985103.468,2026-07-02 09:38:23.469,buffer_pool_reads,94335474,94335474,35199.483433,enabled
1782985103.468,2026-07-02 09:38:23.469,buffer_pool_read_ahead,803715,803715,299.890925,enabled
1782985103.468,2026-07-02 09:38:23.469,buffer_pool_read_ahead_evicted,25,25,0.009328,enabled
1782985103.468,2026-07-02 09:38:23.469,buffer_pool_read_requests,3162010977,3162010977,1179844.101258,enabled
1782985103.468,2026-07-02 09:38:23.469,buffer_pool_size,12884901888,12884901888,0.000000,enabled
1782985103.468,2026-07-02 09:38:23.469,buffer_pool_wait_free,18945,18945,7.068965,enabled
1782985103.468,2026-07-02 09:38:23.469,buffer_pool_write_requests,643690964,643690964,240181.008855,enabled
1782985103.468,2026-07-02 09:38:23.469,dml_deletes,14786712,14786712,5517.378805,enabled
1782985103.468,2026-07-02 09:38:23.469,dml_inserts,114672117,114672117,42787.707521,enabled
1782985103.468,2026-07-02 09:38:23.469,dml_system_deletes,468,468,0.174625,enabled
1782985103.468,2026-07-02 09:38:23.469,dml_system_inserts,1202,1202,0.448503,enabled
1782985103.468,2026-07-02 09:38:23.469,dml_system_reads,7661,7661,2.858556,enabled
1782985103.468,2026-07-02 09:38:23.469,dml_system_updates,620,620,0.231341,enabled
1782985103.468,2026-07-02 09:38:23.469,dml_updates,29573549,29573549,11034.804241,enabled
1782985103.468,2026-07-02 09:38:23.469,file_num_open_files,35,35,0.000000,enabled
1782985103.468,2026-07-02 09:38:23.469,ibuf_merges,0,0,0.000000,enabled
1782985103.468,2026-07-02 09:38:23.469,ibuf_merges_delete,0,0,0.000000,enabled
1782985103.468,2026-07-02 09:38:23.469,ibuf_merges_delete_mark,0,0,0.000000,enabled
1782985103.468,2026-07-02 09:38:23.469,ibuf_merges_discard_delete,0,0,0.000000,enabled
1782985103.468,2026-07-02 09:38:23.469,ibuf_merges_discard_delete_mark,0,0,0.000000,enabled
1782985103.468,2026-07-02 09:38:23.469,ibuf_merges_discard_insert,0,0,0.000000,enabled
1782985103.468,2026-07-02 09:38:23.469,ibuf_merges_insert,0,0,0.000000,enabled
1782985103.468,2026-07-02 09:38:23.469,ibuf_size,1,1,0.000373,enabled
1782985103.468,2026-07-02 09:38:23.469,innodb_activity_count,19897406,19897406,7424.336626,enabled
1782985103.468,2026-07-02 09:38:23.469,innodb_dblwr_pages_written,31003528,31003528,11568.373653,enabled
1782985103.468,2026-07-02 09:38:23.469,innodb_dblwr_writes,645135,645135,240.719790,enabled
1782985103.468,2026-07-02 09:38:23.469,innodb_page_size,16384,16384,0.000000,enabled
1782985103.468,2026-07-02 09:38:23.469,innodb_rwlock_sx_os_waits,0,0,0.000000,enabled
1782985103.468,2026-07-02 09:38:23.469,innodb_rwlock_sx_spin_rounds,0,0,0.000000,enabled
1782985103.468,2026-07-02 09:38:23.469,innodb_rwlock_sx_spin_waits,0,0,0.000000,enabled
1782985103.468,2026-07-02 09:38:23.469,innodb_rwlock_s_os_waits,0,0,0.000000,enabled
1782985103.468,2026-07-02 09:38:23.469,innodb_rwlock_s_spin_rounds,0,0,0.000000,enabled
1782985103.468,2026-07-02 09:38:23.469,innodb_rwlock_s_spin_waits,0,0,0.000000,enabled
1782985103.468,2026-07-02 09:38:23.469,innodb_rwlock_x_os_waits,0,0,0.000000,enabled
1782985103.468,2026-07-02 09:38:23.469,innodb_rwlock_x_spin_rounds,0,0,0.000000,enabled
1782985103.468,2026-07-02 09:38:23.469,innodb_rwlock_x_spin_waits,0,0,0.000000,enabled
1782985103.468,2026-07-02 09:38:23.469,lock_deadlocks,0,0,0.000000,enabled
1782985103.468,2026-07-02 09:38:23.469,lock_deadlock_false_positives,0,0,0.000000,enabled
1782985103.468,2026-07-02 09:38:23.469,lock_deadlock_rounds,2917,2917,1.088423,enabled
1782985103.468,2026-07-02 09:38:23.469,lock_rec_grant_attempts,425,425,0.158581,enabled
1782985103.468,2026-07-02 09:38:23.469,lock_rec_release_attempts,44944876,44944876,16770.323679,enabled
1782985103.468,2026-07-02 09:38:23.469,lock_row_lock_current_waits,0,0,0.000000,enabled
1782985103.468,2026-07-02 09:38:23.469,lock_row_lock_time,323,323,0.120521,enabled
1782985103.468,2026-07-02 09:38:23.469,lock_row_lock_time_avg,0,0,0.000000,enabled
1782985103.468,2026-07-02 09:38:23.469,lock_row_lock_time_max,29,29,0.000000,enabled
1782985103.468,2026-07-02 09:38:23.469,lock_row_lock_waits,425,425,0.158581,enabled
1782985103.468,2026-07-02 09:38:23.469,lock_schedule_refreshes,2917,2917,1.088423,enabled
1782985103.468,2026-07-02 09:38:23.469,lock_threads_waiting,0,0,0.000000,enabled
1782985103.468,2026-07-02 09:38:23.469,lock_timeouts,0,0,0.000000,enabled
1782985103.468,2026-07-02 09:38:23.469,log_waits,0,0,0.000000,enabled
1782985103.468,2026-07-02 09:38:23.469,log_writes,226596824,226596824,84550.275805,enabled
1782985103.468,2026-07-02 09:38:23.469,log_write_requests,436079433,436079433,162714.709340,enabled
1782985103.468,2026-07-02 09:38:23.469,os_data_fsyncs,66565470,66565470,24837.634008,enabled
1782985103.468,2026-07-02 09:38:23.469,os_data_reads,95282981,95282981,35553.024891,enabled
1782985103.468,2026-07-02 09:38:23.469,os_data_writes,258539247,258539247,96468.983044,enabled
1782985103.468,2026-07-02 09:38:23.469,os_log_bytes_written,140896383488,140896383488,52572794.885421,enabled
1782985103.468,2026-07-02 09:38:23.469,os_log_fsyncs,57966780,57966780,21629.196986,enabled
1782985103.468,2026-07-02 09:38:23.469,os_log_pending_fsyncs,1,1,0.000373,enabled
1782985103.468,2026-07-02 09:38:23.469,os_log_pending_writes,0,0,0.000000,enabled
1782985103.468,2026-07-02 09:38:23.469,trx_rseg_history_len,416,416,0.000000,enabled
1782985104.536,2026-07-02 09:38:24.538,adaptive_hash_searches,0,0,0.000000,enabled
1782985104.536,2026-07-02 09:38:24.538,adaptive_hash_searches_btree,655030342,655030342,244314.619700,enabled
1782985104.536,2026-07-02 09:38:24.538,buffer_data_reads,1557159905792,1557159905792,580792894.315926,enabled
1782985104.536,2026-07-02 09:38:24.538,buffer_data_written,687794363904,687794363904,256535040.184798,enabled
1782985104.536,2026-07-02 09:38:24.538,buffer_pages0_read,7,7,0.002611,enabled
1782985104.536,2026-07-02 09:38:24.538,buffer_pages_created,1825517,1825517,680.885313,enabled
1782985104.536,2026-07-02 09:38:24.538,buffer_pages_read,95309456,95309456,35548.728615,enabled
1782985104.536,2026-07-02 09:38:24.538,buffer_pages_written,31079204,31079204,11591.989277,enabled
1782985104.536,2026-07-02 09:38:24.538,buffer_pool_bytes_data,12853985280,12853985280,0.000000,enabled
1782985104.536,2026-07-02 09:38:24.538,buffer_pool_bytes_dirty,4614717440,4614717440,0.000000,enabled
1782985104.536,2026-07-02 09:38:24.538,buffer_pool_pages_data,784545,784545,0.000000,enabled
1782985104.536,2026-07-02 09:38:24.538,buffer_pool_pages_dirty,281660,281660,0.000000,enabled
1782985104.536,2026-07-02 09:38:24.538,buffer_pool_pages_flushed,31022090,31022090,0.000000,enabled
1782985104.536,2026-07-02 09:38:24.538,buffer_pool_pages_free,1791,1791,0.000000,enabled
1782985104.536,2026-07-02 09:38:24.538,buffer_pool_pages_lru_flushed,0,0,0.000000,enabled
1782985104.536,2026-07-02 09:38:24.538,buffer_pool_pages_misc,97,97,0.000000,enabled
1782985104.536,2026-07-02 09:38:24.538,buffer_pool_pages_total,786432,786432,0.000000,enabled
1782985104.536,2026-07-02 09:38:24.538,buffer_pool_reads,94392240,94392240,35206.624461,enabled
1782985104.536,2026-07-02 09:38:24.538,buffer_pool_read_ahead,803715,803715,299.771379,enabled
1782985104.536,2026-07-02 09:38:24.538,buffer_pool_read_ahead_evicted,25,25,0.009325,enabled
1782985104.536,2026-07-02 09:38:24.538,buffer_pool_read_requests,3162839267,3162839267,1179682.713670,enabled
1782985104.536,2026-07-02 09:38:24.538,buffer_pool_size,12884901888,12884901888,0.000000,enabled
1782985104.536,2026-07-02 09:38:24.538,buffer_pool_wait_free,18945,18945,7.066148,enabled
1782985104.536,2026-07-02 09:38:24.538,buffer_pool_write_requests,643803440,643803440,240127.216291,enabled
1782985104.536,2026-07-02 09:38:24.538,dml_deletes,14791542,14791542,5516.980879,enabled
1782985104.536,2026-07-02 09:38:24.538,dml_inserts,114676946,114676946,42772.451904,enabled
1782985104.536,2026-07-02 09:38:24.538,dml_system_deletes,468,468,0.174556,enabled
1782985104.536,2026-07-02 09:38:24.538,dml_system_inserts,1202,1202,0.448325,enabled
1782985104.536,2026-07-02 09:38:24.538,dml_system_reads,7661,7661,2.857416,enabled
1782985104.536,2026-07-02 09:38:24.538,dml_system_updates,620,620,0.231249,enabled
1782985104.536,2026-07-02 09:38:24.538,dml_updates,29583210,29583210,11034.008745,enabled
1782985104.536,2026-07-02 09:38:24.538,file_num_open_files,35,35,0.000000,enabled
1782985104.536,2026-07-02 09:38:24.538,ibuf_merges,0,0,0.000000,enabled
1782985104.536,2026-07-02 09:38:24.538,ibuf_merges_delete,0,0,0.000000,enabled
1782985104.536,2026-07-02 09:38:24.538,ibuf_merges_delete_mark,0,0,0.000000,enabled
1782985104.536,2026-07-02 09:38:24.538,ibuf_merges_discard_delete,0,0,0.000000,enabled
1782985104.536,2026-07-02 09:38:24.538,ibuf_merges_discard_delete_mark,0,0,0.000000,enabled
1782985104.536,2026-07-02 09:38:24.538,ibuf_merges_discard_insert,0,0,0.000000,enabled
1782985104.536,2026-07-02 09:38:24.538,ibuf_merges_insert,0,0,0.000000,enabled
1782985104.536,2026-07-02 09:38:24.538,ibuf_size,1,1,0.000373,enabled
1782985104.536,2026-07-02 09:38:24.538,innodb_activity_count,19902956,19902956,7423.447073,enabled
1782985104.536,2026-07-02 09:38:24.538,innodb_dblwr_pages_written,31019576,31019576,11569.747698,enabled
1782985104.536,2026-07-02 09:38:24.538,innodb_dblwr_writes,645466,645466,240.747287,enabled
1782985104.536,2026-07-02 09:38:24.538,innodb_page_size,16384,16384,0.000000,enabled
1782985104.536,2026-07-02 09:38:24.538,innodb_rwlock_sx_os_waits,0,0,0.000000,enabled
1782985104.536,2026-07-02 09:38:24.538,innodb_rwlock_sx_spin_rounds,0,0,0.000000,enabled
1782985104.536,2026-07-02 09:38:24.538,innodb_rwlock_sx_spin_waits,0,0,0.000000,enabled
1782985104.536,2026-07-02 09:38:24.538,innodb_rwlock_s_os_waits,0,0,0.000000,enabled
1782985104.536,2026-07-02 09:38:24.538,innodb_rwlock_s_spin_rounds,0,0,0.000000,enabled
1782985104.536,2026-07-02 09:38:24.538,innodb_rwlock_s_spin_waits,0,0,0.000000,enabled
1782985104.536,2026-07-02 09:38:24.538,innodb_rwlock_x_os_waits,0,0,0.000000,enabled
1782985104.536,2026-07-02 09:38:24.538,innodb_rwlock_x_spin_rounds,0,0,0.000000,enabled
1782985104.536,2026-07-02 09:38:24.538,innodb_rwlock_x_spin_waits,0,0,0.000000,enabled
1782985104.536,2026-07-02 09:38:24.538,lock_deadlocks,0,0,0.000000,enabled
1782985104.536,2026-07-02 09:38:24.538,lock_deadlock_false_positives,0,0,0.000000,enabled
1782985104.536,2026-07-02 09:38:24.538,lock_deadlock_rounds,2918,2918,1.088362,enabled
1782985104.536,2026-07-02 09:38:24.538,lock_rec_grant_attempts,425,425,0.158517,enabled
1782985104.536,2026-07-02 09:38:24.538,lock_rec_release_attempts,44959578,44959578,16769.122055,enabled
1782985104.536,2026-07-02 09:38:24.538,lock_row_lock_current_waits,0,0,0.000000,enabled
1782985104.536,2026-07-02 09:38:24.538,lock_row_lock_time,323,323,0.120473,enabled
1782985104.536,2026-07-02 09:38:24.538,lock_row_lock_time_avg,0,0,0.000000,enabled
1782985104.536,2026-07-02 09:38:24.538,lock_row_lock_time_max,29,29,0.000000,enabled
1782985104.536,2026-07-02 09:38:24.538,lock_row_lock_waits,425,425,0.158517,enabled
1782985104.536,2026-07-02 09:38:24.538,lock_schedule_refreshes,2918,2918,1.088362,enabled
1782985104.536,2026-07-02 09:38:24.538,lock_threads_waiting,0,0,0.000000,enabled
1782985104.536,2026-07-02 09:38:24.538,lock_timeouts,0,0,0.000000,enabled
1782985104.536,2026-07-02 09:38:24.538,log_waits,0,0,0.000000,enabled
1782985104.536,2026-07-02 09:38:24.538,log_writes,226675952,226675952,84546.084163,enabled
1782985104.536,2026-07-02 09:38:24.538,log_write_requests,436161606,436161606,162680.494111,enabled
1782985104.536,2026-07-02 09:38:24.538,os_data_fsyncs,66599376,66599376,24840.379102,enabled
1782985104.536,2026-07-02 09:38:24.538,os_data_reads,95339650,95339650,35559.988614,enabled
1782985104.536,2026-07-02 09:38:24.538,os_data_writes,258634676,258634676,96466.120113,enabled
1782985104.536,2026-07-02 09:38:24.538,os_log_bytes_written,140937546752,140937546752,52567190.502190,enabled
1782985104.536,2026-07-02 09:38:24.538,os_log_fsyncs,57995955,57995955,21631.456509,enabled
1782985104.536,2026-07-02 09:38:24.538,os_log_pending_fsyncs,1,1,0.000373,enabled
1782985104.536,2026-07-02 09:38:24.538,os_log_pending_writes,0,0,0.000000,enabled
1782985104.536,2026-07-02 09:38:24.538,trx_rseg_history_len,411,411,0.000000,enabled
1782985105.604,2026-07-02 09:38:25.606,adaptive_hash_searches,0,0,0.000000,enabled
1782985105.604,2026-07-02 09:38:25.606,adaptive_hash_searches_btree,655197426,655197426,244279.510581,enabled
1782985105.604,2026-07-02 09:38:25.606,buffer_data_reads,1558089550336,1558089550336,580907960.328896,enabled
1782985105.604,2026-07-02 09:38:25.606,buffer_data_written,688105697792,688105697792,256548846.622796,enabled
1782985105.604,2026-07-02 09:38:25.606,buffer_pages0_read,7,7,0.002610,enabled
1782985105.604,2026-07-02 09:38:25.606,buffer_pages_created,1825547,1825547,680.625059,enabled
1782985105.604,2026-07-02 09:38:25.606,buffer_pages_read,95366375,95366375,35555.778203,enabled
1782985105.604,2026-07-02 09:38:25.606,buffer_pages_written,31095321,31095321,11593.377015,enabled
1782985105.604,2026-07-02 09:38:25.606,buffer_pool_bytes_data,12854378496,12854378496,0.000000,enabled
1782985105.604,2026-07-02 09:38:25.606,buffer_pool_bytes_dirty,4619108352,4619108352,0.000000,enabled
1782985105.604,2026-07-02 09:38:25.606,buffer_pool_pages_data,784569,784569,0.000000,enabled
1782985105.604,2026-07-02 09:38:25.606,buffer_pool_pages_dirty,281928,281928,0.000000,enabled
1782985105.604,2026-07-02 09:38:25.606,buffer_pool_pages_flushed,31038207,31038207,0.000000,enabled
1782985105.604,2026-07-02 09:38:25.606,buffer_pool_pages_free,1767,1767,0.000000,enabled
1782985105.604,2026-07-02 09:38:25.606,buffer_pool_pages_lru_flushed,0,0,0.000000,enabled
1782985105.604,2026-07-02 09:38:25.606,buffer_pool_pages_misc,96,96,0.000000,enabled
1782985105.604,2026-07-02 09:38:25.606,buffer_pool_pages_total,786432,786432,0.000000,enabled
1782985105.604,2026-07-02 09:38:25.606,buffer_pool_reads,94449114,94449114,35213.793712,enabled
1782985105.604,2026-07-02 09:38:25.606,buffer_pool_read_ahead,803715,803715,299.651873,enabled
1782985105.604,2026-07-02 09:38:25.606,buffer_pool_read_ahead_evicted,25,25,0.009321,enabled
1782985105.604,2026-07-02 09:38:25.606,buffer_pool_read_requests,3163666698,3163666698,1179520.920340,enabled
1782985105.604,2026-07-02 09:38:25.606,buffer_pool_size,12884901888,12884901888,0.000000,enabled
1782985105.604,2026-07-02 09:38:25.606,buffer_pool_wait_free,18945,18945,7.063331,enabled
1782985105.604,2026-07-02 09:38:25.606,buffer_pool_write_requests,643915401,643915401,240073.230989,enabled
1782985105.604,2026-07-02 09:38:25.606,dml_deletes,14796380,14796380,5516.585126,enabled
1782985105.604,2026-07-02 09:38:25.606,dml_inserts,114681785,114681785,42757.203446,enabled
1782985105.604,2026-07-02 09:38:25.606,dml_system_deletes,468,468,0.174486,enabled
1782985105.604,2026-07-02 09:38:25.606,dml_system_inserts,1202,1202,0.448146,enabled
1782985105.604,2026-07-02 09:38:25.606,dml_system_reads,7661,7661,2.856277,enabled
1782985105.604,2026-07-02 09:38:25.606,dml_system_updates,620,620,0.231157,enabled
1782985105.604,2026-07-02 09:38:25.606,dml_updates,29592883,29592883,11033.216103,enabled
1782985105.604,2026-07-02 09:38:25.606,file_num_open_files,35,35,0.000000,enabled
1782985105.604,2026-07-02 09:38:25.606,ibuf_merges,0,0,0.000000,enabled
1782985105.604,2026-07-02 09:38:25.606,ibuf_merges_delete,0,0,0.000000,enabled
1782985105.604,2026-07-02 09:38:25.606,ibuf_merges_delete_mark,0,0,0.000000,enabled
1782985105.604,2026-07-02 09:38:25.606,ibuf_merges_discard_delete,0,0,0.000000,enabled
1782985105.604,2026-07-02 09:38:25.606,ibuf_merges_discard_delete_mark,0,0,0.000000,enabled
1782985105.604,2026-07-02 09:38:25.606,ibuf_merges_discard_insert,0,0,0.000000,enabled
1782985105.604,2026-07-02 09:38:25.606,ibuf_merges_insert,0,0,0.000000,enabled
1782985105.604,2026-07-02 09:38:25.606,ibuf_size,1,1,0.000373,enabled
1782985105.604,2026-07-02 09:38:25.606,innodb_activity_count,19908515,19908515,7422.560064,enabled
1782985105.604,2026-07-02 09:38:25.606,innodb_dblwr_pages_written,31035693,31035693,11571.144008,enabled
1782985105.604,2026-07-02 09:38:25.606,innodb_dblwr_writes,645809,645809,240.779188,enabled
1782985105.604,2026-07-02 09:38:25.606,innodb_page_size,16384,16384,0.000000,enabled
1782985105.604,2026-07-02 09:38:25.606,innodb_rwlock_sx_os_waits,0,0,0.000000,enabled
1782985105.604,2026-07-02 09:38:25.606,innodb_rwlock_sx_spin_rounds,0,0,0.000000,enabled
1782985105.604,2026-07-02 09:38:25.606,innodb_rwlock_sx_spin_waits,0,0,0.000000,enabled
1782985105.604,2026-07-02 09:38:25.606,innodb_rwlock_s_os_waits,0,0,0.000000,enabled
1782985105.604,2026-07-02 09:38:25.606,innodb_rwlock_s_spin_rounds,0,0,0.000000,enabled
1782985105.604,2026-07-02 09:38:25.606,innodb_rwlock_s_spin_waits,0,0,0.000000,enabled
1782985105.604,2026-07-02 09:38:25.606,innodb_rwlock_x_os_waits,0,0,0.000000,enabled
1782985105.604,2026-07-02 09:38:25.606,innodb_rwlock_x_spin_rounds,0,0,0.000000,enabled
1782985105.604,2026-07-02 09:38:25.606,innodb_rwlock_x_spin_waits,0,0,0.000000,enabled
1782985105.604,2026-07-02 09:38:25.606,lock_deadlocks,0,0,0.000000,enabled
1782985105.604,2026-07-02 09:38:25.606,lock_deadlock_false_positives,0,0,0.000000,enabled
1782985105.604,2026-07-02 09:38:25.606,lock_deadlock_rounds,2919,2919,1.088301,enabled
1782985105.604,2026-07-02 09:38:25.606,lock_rec_grant_attempts,425,425,0.158454,enabled
1782985105.604,2026-07-02 09:38:25.606,lock_rec_release_attempts,44974283,44974283,16767.919511,enabled
1782985105.604,2026-07-02 09:38:25.606,lock_row_lock_current_waits,0,0,0.000000,enabled
1782985105.604,2026-07-02 09:38:25.606,lock_row_lock_time,323,323,0.120425,enabled
1782985105.604,2026-07-02 09:38:25.606,lock_row_lock_time_avg,0,0,0.000000,enabled
1782985105.604,2026-07-02 09:38:25.606,lock_row_lock_time_max,29,29,0.000000,enabled
1782985105.604,2026-07-02 09:38:25.606,lock_row_lock_waits,425,425,0.158454,enabled
1782985105.604,2026-07-02 09:38:25.606,lock_schedule_refreshes,2919,2919,1.088301,enabled
1782985105.604,2026-07-02 09:38:25.606,lock_threads_waiting,0,0,0.000000,enabled
1782985105.604,2026-07-02 09:38:25.606,lock_timeouts,0,0,0.000000,enabled
1782985105.604,2026-07-02 09:38:25.606,log_waits,0,0,0.000000,enabled
1782985105.604,2026-07-02 09:38:25.606,log_writes,226754771,226754771,84541.764139,enabled
1782985105.604,2026-07-02 09:38:25.606,log_write_requests,436243785,436243785,162646.276599,enabled
1782985105.604,2026-07-02 09:38:25.606,os_data_fsyncs,66633044,66633044,24843.028683,enabled
1782985105.604,2026-07-02 09:38:25.606,os_data_reads,95396394,95396394,35566.968195,enabled
1782985105.604,2026-07-02 09:38:25.606,os_data_writes,258729864,258729864,96463.151787,enabled
1782985105.604,2026-07-02 09:38:25.606,os_log_bytes_written,140978734592,140978734592,52561590.017841,enabled
1782985105.604,2026-07-02 09:38:25.606,os_log_fsyncs,58024753,58024753,21633.569661,enabled
1782985105.604,2026-07-02 09:38:25.606,os_log_pending_fsyncs,1,1,0.000373,enabled
1782985105.604,2026-07-02 09:38:25.606,os_log_pending_writes,0,0,0.000000,enabled
1782985105.604,2026-07-02 09:38:25.606,trx_rseg_history_len,402,402,0.000000,enabled
1782985106.675,2026-07-02 09:38:26.676,adaptive_hash_searches,0,0,0.000000,enabled
1782985106.675,2026-07-02 09:38:26.676,adaptive_hash_searches_btree,655365411,655365411,244244.404635,enabled
1782985106.675,2026-07-02 09:38:26.676,buffer_data_reads,1559027173888,1559027173888,581025024.453119,enabled
1782985106.675,2026-07-02 09:38:26.676,buffer_data_written,688416123392,688416123392,256561913.349776,enabled
1782985106.675,2026-07-02 09:38:26.676,buffer_pages0_read,7,7,0.002609,enabled
1782985106.675,2026-07-02 09:38:26.676,buffer_pages_created,1825581,1825581,680.365468,enabled
1782985106.675,2026-07-02 09:38:26.676,buffer_pages_read,95423776,95423776,35562.947710,enabled
1782985106.675,2026-07-02 09:38:26.676,buffer_pages_written,31111486,31111486,11594.763898,enabled
1782985106.675,2026-07-02 09:38:26.676,buffer_pool_bytes_data,12854345728,12854345728,0.000000,enabled
1782985106.675,2026-07-02 09:38:26.676,buffer_pool_bytes_dirty,4622893056,4622893056,0.000000,enabled
1782985106.675,2026-07-02 09:38:26.676,buffer_pool_pages_data,784567,784567,0.000000,enabled
1782985106.675,2026-07-02 09:38:26.676,buffer_pool_pages_dirty,282159,282159,0.000000,enabled
1782985106.675,2026-07-02 09:38:26.676,buffer_pool_pages_flushed,31054359,31054359,0.000000,enabled
1782985106.675,2026-07-02 09:38:26.676,buffer_pool_pages_free,1768,1768,0.000000,enabled
1782985106.675,2026-07-02 09:38:26.676,buffer_pool_pages_lru_flushed,0,0,0.000000,enabled
1782985106.675,2026-07-02 09:38:26.676,buffer_pool_pages_misc,96,96,0.000000,enabled
1782985106.675,2026-07-02 09:38:26.676,buffer_pool_pages_total,786432,786432,0.000000,enabled
1782985106.675,2026-07-02 09:38:26.676,buffer_pool_reads,94506450,94506450,35221.075699,enabled
1782985106.675,2026-07-02 09:38:26.676,buffer_pool_read_ahead,803715,803715,299.532007,enabled
1782985106.675,2026-07-02 09:38:26.676,buffer_pool_read_ahead_evicted,25,25,0.009317,enabled
1782985106.675,2026-07-02 09:38:26.676,buffer_pool_read_requests,3164498740,3164498740,1179359.178000,enabled
1782985106.675,2026-07-02 09:38:26.676,buffer_pool_size,12884901888,12884901888,0.000000,enabled
1782985106.675,2026-07-02 09:38:26.676,buffer_pool_wait_free,18945,18945,7.060505,enabled
1782985106.675,2026-07-02 09:38:26.676,buffer_pool_write_requests,644027890,644027890,240019.119891,enabled
1782985106.675,2026-07-02 09:38:26.676,dml_deletes,14801232,14801232,5516.186787,enabled
1782985106.675,2026-07-02 09:38:26.676,dml_inserts,114686635,114686635,42741.908322,enabled
1782985106.675,2026-07-02 09:38:26.676,dml_system_deletes,468,468,0.174416,enabled
1782985106.675,2026-07-02 09:38:26.676,dml_system_inserts,1202,1202,0.447967,enabled
1782985106.675,2026-07-02 09:38:26.676,dml_system_reads,7661,7661,2.855134,enabled
1782985106.675,2026-07-02 09:38:26.676,dml_system_updates,620,620,0.231064,enabled
1782985106.675,2026-07-02 09:38:26.676,dml_updates,29602591,29602591,11032.420898,enabled
1782985106.675,2026-07-02 09:38:26.676,file_num_open_files,35,35,0.000000,enabled
1782985106.675,2026-07-02 09:38:26.676,ibuf_merges,0,0,0.000000,enabled
1782985106.675,2026-07-02 09:38:26.676,ibuf_merges_delete,0,0,0.000000,enabled
1782985106.675,2026-07-02 09:38:26.676,ibuf_merges_delete_mark,0,0,0.000000,enabled
1782985106.675,2026-07-02 09:38:26.676,ibuf_merges_discard_delete,0,0,0.000000,enabled
1782985106.675,2026-07-02 09:38:26.676,ibuf_merges_discard_delete_mark,0,0,0.000000,enabled
1782985106.675,2026-07-02 09:38:26.676,ibuf_merges_discard_insert,0,0,0.000000,enabled
1782985106.675,2026-07-02 09:38:26.676,ibuf_merges_insert,0,0,0.000000,enabled
1782985106.675,2026-07-02 09:38:26.676,ibuf_size,1,1,0.000373,enabled
1782985106.675,2026-07-02 09:38:26.676,innodb_activity_count,19914095,19914095,7421.670645,enabled
1782985106.675,2026-07-02 09:38:26.676,innodb_dblwr_pages_written,31051859,31051859,11572.540419,enabled
1782985106.675,2026-07-02 09:38:26.676,innodb_dblwr_writes,646192,646192,240.825615,enabled
1782985106.675,2026-07-02 09:38:26.676,innodb_page_size,16384,16384,0.000000,enabled
1782985106.675,2026-07-02 09:38:26.676,innodb_rwlock_sx_os_waits,0,0,0.000000,enabled
1782985106.675,2026-07-02 09:38:26.676,innodb_rwlock_sx_spin_rounds,0,0,0.000000,enabled
1782985106.675,2026-07-02 09:38:26.676,innodb_rwlock_sx_spin_waits,0,0,0.000000,enabled
1782985106.675,2026-07-02 09:38:26.676,innodb_rwlock_s_os_waits,0,0,0.000000,enabled
1782985106.675,2026-07-02 09:38:26.676,innodb_rwlock_s_spin_rounds,0,0,0.000000,enabled
1782985106.675,2026-07-02 09:38:26.676,innodb_rwlock_s_spin_waits,0,0,0.000000,enabled
1782985106.675,2026-07-02 09:38:26.676,innodb_rwlock_x_os_waits,0,0,0.000000,enabled
1782985106.675,2026-07-02 09:38:26.676,innodb_rwlock_x_spin_rounds,0,0,0.000000,enabled
1782985106.675,2026-07-02 09:38:26.676,innodb_rwlock_x_spin_waits,0,0,0.000000,enabled
1782985106.675,2026-07-02 09:38:26.676,lock_deadlocks,0,0,0.000000,enabled
1782985106.675,2026-07-02 09:38:26.676,lock_deadlock_false_positives,0,0,0.000000,enabled
1782985106.675,2026-07-02 09:38:26.676,lock_deadlock_rounds,2920,2920,1.088238,enabled
1782985106.675,2026-07-02 09:38:26.676,lock_rec_grant_attempts,425,425,0.158391,enabled
1782985106.675,2026-07-02 09:38:26.676,lock_rec_release_attempts,44989038,44989038,16766.710941,enabled
1782985106.675,2026-07-02 09:38:26.676,lock_row_lock_current_waits,0,0,0.000000,enabled
1782985106.675,2026-07-02 09:38:26.676,lock_row_lock_time,323,323,0.120377,enabled
1782985106.675,2026-07-02 09:38:26.676,lock_row_lock_time_avg,0,0,0.000000,enabled
1782985106.675,2026-07-02 09:38:26.676,lock_row_lock_time_max,29,29,0.000000,enabled
1782985106.675,2026-07-02 09:38:26.676,lock_row_lock_waits,425,425,0.158391,enabled
1782985106.675,2026-07-02 09:38:26.676,lock_schedule_refreshes,2920,2920,1.088238,enabled
1782985106.675,2026-07-02 09:38:26.676,lock_threads_waiting,0,0,0.000000,enabled
1782985106.675,2026-07-02 09:38:26.676,lock_timeouts,0,0,0.000000,enabled
1782985106.675,2026-07-02 09:38:26.676,log_waits,0,0,0.000000,enabled
1782985106.675,2026-07-02 09:38:26.676,log_writes,226830898,226830898,84536.318595,enabled
1782985106.675,2026-07-02 09:38:26.676,log_write_requests,436326277,436326277,162611.961206,enabled
1782985106.675,2026-07-02 09:38:26.676,os_data_fsyncs,66666208,66666208,24845.450918,enabled
1782985106.675,2026-07-02 09:38:26.676,os_data_reads,95453606,95453606,35574.063045,enabled
1782985106.675,2026-07-02 09:38:26.676,os_data_writes,258822448,258822448,96459.070134,enabled
1782985106.675,2026-07-02 09:38:26.676,os_log_bytes_written,141018433536,141018433536,52555360.040436,enabled
1782985106.675,2026-07-02 09:38:26.676,os_log_fsyncs,58052749,58052749,21635.349692,enabled
1782985106.675,2026-07-02 09:38:26.676,os_log_pending_fsyncs,1,1,0.000373,enabled
1782985106.675,2026-07-02 09:38:26.676,os_log_pending_writes,0,0,0.000000,enabled
1782985106.675,2026-07-02 09:38:26.676,trx_rseg_history_len,464,464,0.000000,enabled
1782985107.748,2026-07-02 09:38:27.749,adaptive_hash_searches,0,0,0.000000,enabled
1782985107.748,2026-07-02 09:38:27.749,adaptive_hash_searches_btree,655534043,655534043,244209.780421,enabled
1782985107.748,2026-07-02 09:38:27.749,buffer_data_reads,1559964404224,1559964404224,581142373.117138,enabled
1782985107.748,2026-07-02 09:38:27.749,buffer_data_written,688727603712,688727603712,256575594.027692,enabled
1782985107.748,2026-07-02 09:38:27.749,buffer_pages0_read,7,7,0.002608,enabled
1782985107.748,2026-07-02 09:38:27.749,buffer_pages_created,1825611,1825611,680.105210,enabled
1782985107.748,2026-07-02 09:38:27.749,buffer_pages_read,95481147,95481147,35570.132435,enabled
1782985107.748,2026-07-02 09:38:27.749,buffer_pages_written,31127600,31127600,11596.141163,enabled
1782985107.748,2026-07-02 09:38:27.749,buffer_pool_bytes_data,12856836096,12856836096,0.000000,enabled
1782985107.748,2026-07-02 09:38:27.749,buffer_pool_bytes_dirty,4628463616,4628463616,0.000000,enabled
1782985107.748,2026-07-02 09:38:27.749,buffer_pool_pages_data,784719,784719,0.000000,enabled
1782985107.748,2026-07-02 09:38:27.749,buffer_pool_pages_dirty,282499,282499,0.000000,enabled
1782985107.748,2026-07-02 09:38:27.749,buffer_pool_pages_flushed,31070486,31070486,0.000000,enabled
1782985107.748,2026-07-02 09:38:27.749,buffer_pool_pages_free,1617,1617,0.000000,enabled
1782985107.748,2026-07-02 09:38:27.749,buffer_pool_pages_lru_flushed,0,0,0.000000,enabled
1782985107.748,2026-07-02 09:38:27.749,buffer_pool_pages_misc,97,97,0.000000,enabled
1782985107.748,2026-07-02 09:38:27.749,buffer_pool_pages_total,786432,786432,0.000000,enabled
1782985107.748,2026-07-02 09:38:27.749,buffer_pool_reads,94563756,94563756,35228.372788,enabled
1782985107.748,2026-07-02 09:38:27.749,buffer_pool_read_ahead,803715,803715,299.412508,enabled
1782985107.748,2026-07-02 09:38:27.749,buffer_pool_read_ahead_evicted,25,25,0.009313,enabled
1782985107.748,2026-07-02 09:38:27.749,buffer_pool_read_requests,3165333714,3165333714,1179199.730645,enabled
1782985107.748,2026-07-02 09:38:27.749,buffer_pool_size,12884901888,12884901888,0.000000,enabled
1782985107.748,2026-07-02 09:38:27.749,buffer_pool_wait_free,18945,18945,7.057688,enabled
1782985107.748,2026-07-02 09:38:27.749,buffer_pool_write_requests,644140526,644140526,239965.325230,enabled
1782985107.748,2026-07-02 09:38:27.749,dml_deletes,14806108,14806108,5515.802459,enabled
1782985107.748,2026-07-02 09:38:27.749,dml_inserts,114691512,114691512,42726.672298,enabled
1782985107.748,2026-07-02 09:38:27.749,dml_system_deletes,468,468,0.174347,enabled
1782985107.748,2026-07-02 09:38:27.749,dml_system_inserts,1202,1202,0.447788,enabled
1782985107.748,2026-07-02 09:38:27.749,dml_system_reads,7661,7661,2.853995,enabled
1782985107.748,2026-07-02 09:38:27.749,dml_system_updates,620,620,0.230972,enabled
1782985107.748,2026-07-02 09:38:27.749,dml_updates,29612343,29612343,11031.652222,enabled
1782985107.748,2026-07-02 09:38:27.749,file_num_open_files,35,35,0.000000,enabled
1782985107.748,2026-07-02 09:38:27.749,ibuf_merges,0,0,0.000000,enabled
1782985107.748,2026-07-02 09:38:27.749,ibuf_merges_delete,0,0,0.000000,enabled
1782985107.748,2026-07-02 09:38:27.749,ibuf_merges_delete_mark,0,0,0.000000,enabled
1782985107.748,2026-07-02 09:38:27.749,ibuf_merges_discard_delete,0,0,0.000000,enabled
1782985107.748,2026-07-02 09:38:27.749,ibuf_merges_discard_delete_mark,0,0,0.000000,enabled
1782985107.748,2026-07-02 09:38:27.749,ibuf_merges_discard_insert,0,0,0.000000,enabled
1782985107.748,2026-07-02 09:38:27.749,ibuf_merges_insert,0,0,0.000000,enabled
1782985107.748,2026-07-02 09:38:27.749,ibuf_size,1,1,0.000373,enabled
1782985107.748,2026-07-02 09:38:27.749,innodb_activity_count,19919700,19919700,7420.797678,enabled
1782985107.748,2026-07-02 09:38:27.749,innodb_dblwr_pages_written,31067972,31067972,11573.925962,enabled
1782985107.748,2026-07-02 09:38:27.749,innodb_dblwr_writes,646562,646562,240.867371,enabled
1782985107.748,2026-07-02 09:38:27.749,innodb_page_size,16384,16384,0.000000,enabled
1782985107.748,2026-07-02 09:38:27.749,innodb_rwlock_sx_os_waits,0,0,0.000000,enabled
1782985107.748,2026-07-02 09:38:27.749,innodb_rwlock_sx_spin_rounds,0,0,0.000000,enabled
1782985107.748,2026-07-02 09:38:27.749,innodb_rwlock_sx_spin_waits,0,0,0.000000,enabled
1782985107.748,2026-07-02 09:38:27.749,innodb_rwlock_s_os_waits,0,0,0.000000,enabled
1782985107.748,2026-07-02 09:38:27.749,innodb_rwlock_s_spin_rounds,0,0,0.000000,enabled
1782985107.748,2026-07-02 09:38:27.749,innodb_rwlock_s_spin_waits,0,0,0.000000,enabled
1782985107.748,2026-07-02 09:38:27.749,innodb_rwlock_x_os_waits,0,0,0.000000,enabled
1782985107.748,2026-07-02 09:38:27.749,innodb_rwlock_x_spin_rounds,0,0,0.000000,enabled
1782985107.748,2026-07-02 09:38:27.749,innodb_rwlock_x_spin_waits,0,0,0.000000,enabled
1782985107.748,2026-07-02 09:38:27.749,lock_deadlocks,0,0,0.000000,enabled
1782985107.748,2026-07-02 09:38:27.749,lock_deadlock_false_positives,0,0,0.000000,enabled
1782985107.748,2026-07-02 09:38:27.749,lock_deadlock_rounds,2921,2921,1.088177,enabled
1782985107.748,2026-07-02 09:38:27.749,lock_rec_grant_attempts,425,425,0.158328,enabled
1782985107.748,2026-07-02 09:38:27.749,lock_rec_release_attempts,45003874,45003874,16765.548813,enabled
1782985107.748,2026-07-02 09:38:27.749,lock_row_lock_current_waits,0,0,0.000000,enabled
1782985107.748,2026-07-02 09:38:27.749,lock_row_lock_time,323,323,0.120329,enabled
1782985107.748,2026-07-02 09:38:27.749,lock_row_lock_time_avg,0,0,0.000000,enabled
1782985107.748,2026-07-02 09:38:27.749,lock_row_lock_time_max,29,29,0.000000,enabled
1782985107.748,2026-07-02 09:38:27.749,lock_row_lock_waits,425,425,0.158328,enabled
1782985107.748,2026-07-02 09:38:27.749,lock_schedule_refreshes,2921,2921,1.088177,enabled
1782985107.748,2026-07-02 09:38:27.749,lock_threads_waiting,0,0,0.000000,enabled
1782985107.748,2026-07-02 09:38:27.749,lock_timeouts,0,0,0.000000,enabled
1782985107.748,2026-07-02 09:38:27.749,log_waits,0,0,0.000000,enabled
1782985107.748,2026-07-02 09:38:27.749,log_writes,226910556,226910556,84532.267134,enabled
1782985107.748,2026-07-02 09:38:27.749,log_write_requests,436409130,436409130,162577.950676,enabled
1782985107.748,2026-07-02 09:38:27.749,os_data_fsyncs,66700728,66700728,24848.398539,enabled
1782985107.748,2026-07-02 09:38:27.749,os_data_reads,95510818,95510818,35581.183973,enabled
1782985107.748,2026-07-02 09:38:27.749,os_data_writes,258918496,258918496,96456.368261,enabled
1782985107.748,2026-07-02 09:38:27.749,os_log_bytes_written,141059928064,141059928064,52549850.795004,enabled
1782985107.748,2026-07-02 09:38:27.749,os_log_fsyncs,58082132,58082132,21637.664288,enabled
1782985107.748,2026-07-02 09:38:27.749,os_log_pending_fsyncs,0,0,0.000000,enabled
1782985107.748,2026-07-02 09:38:27.749,os_log_pending_writes,0,0,0.000000,enabled
1782985107.748,2026-07-02 09:38:27.749,trx_rseg_history_len,538,538,0.000000,enabled
1782985108.819,2026-07-02 09:38:28.820,adaptive_hash_searches,0,0,0.000000,enabled
1782985108.819,2026-07-02 09:38:28.820,adaptive_hash_searches_btree,655704323,655704323,244175.672057,enabled
1782985108.819,2026-07-02 09:38:28.820,buffer_data_reads,1560909318656,1560909318656,581262180.439363,enabled
1782985108.819,2026-07-02 09:38:28.820,buffer_data_written,689041968640,689041968640,256590201.667793,enabled
1782985108.819,2026-07-02 09:38:28.820,buffer_pages0_read,7,7,0.002607,enabled
1782985108.819,2026-07-02 09:38:28.820,buffer_pages_created,1825640,1825640,679.844423,enabled
1782985108.819,2026-07-02 09:38:28.820,buffer_pages_read,95538983,95538983,35577.465641,enabled
1782985108.819,2026-07-02 09:38:28.820,buffer_pages_written,31143811,31143811,11597.547242,enabled
1782985108.819,2026-07-02 09:38:28.820,buffer_pool_bytes_data,12853493760,12853493760,0.000000,enabled
1782985108.819,2026-07-02 09:38:28.820,buffer_pool_bytes_dirty,4634656768,4634656768,0.000000,enabled
1782985108.819,2026-07-02 09:38:28.820,buffer_pool_pages_data,784515,784515,0.000000,enabled
1782985108.819,2026-07-02 09:38:28.820,buffer_pool_pages_dirty,282877,282877,0.000000,enabled
1782985108.819,2026-07-02 09:38:28.820,buffer_pool_pages_flushed,31086697,31086697,0.000000,enabled
1782985108.819,2026-07-02 09:38:28.820,buffer_pool_pages_free,1821,1821,0.000000,enabled
1782985108.819,2026-07-02 09:38:28.820,buffer_pool_pages_lru_flushed,0,0,0.000000,enabled
1782985108.819,2026-07-02 09:38:28.820,buffer_pool_pages_misc,96,96,0.000000,enabled
1782985108.819,2026-07-02 09:38:28.820,buffer_pool_pages_total,786432,786432,0.000000,enabled
1782985108.819,2026-07-02 09:38:28.820,buffer_pool_reads,94621542,94621542,35235.823645,enabled
1782985108.819,2026-07-02 09:38:28.820,buffer_pool_read_ahead,803715,803715,299.292943,enabled
1782985108.819,2026-07-02 09:38:28.820,buffer_pool_read_ahead_evicted,25,25,0.009310,enabled
1782985108.819,2026-07-02 09:38:28.820,buffer_pool_read_requests,3166176748,3166176748,1179042.770564,enabled
1782985108.819,2026-07-02 09:38:28.820,buffer_pool_size,12884901888,12884901888,0.000000,enabled
1782985108.819,2026-07-02 09:38:28.820,buffer_pool_wait_free,18945,18945,7.054870,enabled
1782985108.819,2026-07-02 09:38:28.820,buffer_pool_write_requests,644254369,644254369,239911.892538,enabled
1782985108.819,2026-07-02 09:38:28.820,dml_deletes,14811041,14811041,5515.436874,enabled
1782985108.819,2026-07-02 09:38:28.820,dml_inserts,114696444,114696444,42711.447295,enabled
1782985108.819,2026-07-02 09:38:28.820,dml_system_deletes,468,468,0.174277,enabled
1782985108.819,2026-07-02 09:38:28.820,dml_system_inserts,1202,1202,0.447609,enabled
1782985108.819,2026-07-02 09:38:28.820,dml_system_reads,7661,7661,2.852856,enabled
1782985108.819,2026-07-02 09:38:28.820,dml_system_updates,620,620,0.230880,enabled
1782985108.819,2026-07-02 09:38:28.820,dml_updates,29622209,29622209,11030.921034,enabled
1782985108.819,2026-07-02 09:38:28.820,file_num_open_files,35,35,0.000000,enabled
1782985108.819,2026-07-02 09:38:28.820,ibuf_merges,0,0,0.000000,enabled
1782985108.819,2026-07-02 09:38:28.820,ibuf_merges_delete,0,0,0.000000,enabled
1782985108.819,2026-07-02 09:38:28.820,ibuf_merges_delete_mark,0,0,0.000000,enabled
1782985108.819,2026-07-02 09:38:28.820,ibuf_merges_discard_delete,0,0,0.000000,enabled
1782985108.819,2026-07-02 09:38:28.820,ibuf_merges_discard_delete_mark,0,0,0.000000,enabled
1782985108.819,2026-07-02 09:38:28.820,ibuf_merges_discard_insert,0,0,0.000000,enabled
1782985108.819,2026-07-02 09:38:28.820,ibuf_merges_insert,0,0,0.000000,enabled
1782985108.819,2026-07-02 09:38:28.820,ibuf_size,1,1,0.000372,enabled
1782985108.819,2026-07-02 09:38:28.820,innodb_activity_count,19925369,19925369,7419.945462,enabled
1782985108.819,2026-07-02 09:38:28.820,innodb_dblwr_pages_written,31084183,31084183,11575.341026,enabled
1782985108.819,2026-07-02 09:38:28.820,innodb_dblwr_writes,646948,646948,240.914929,enabled
1782985108.819,2026-07-02 09:38:28.820,innodb_page_size,16384,16384,0.000000,enabled
1782985108.819,2026-07-02 09:38:28.820,innodb_rwlock_sx_os_waits,0,0,0.000000,enabled
1782985108.819,2026-07-02 09:38:28.820,innodb_rwlock_sx_spin_rounds,0,0,0.000000,enabled
1782985108.819,2026-07-02 09:38:28.820,innodb_rwlock_sx_spin_waits,0,0,0.000000,enabled
1782985108.819,2026-07-02 09:38:28.820,innodb_rwlock_s_os_waits,0,0,0.000000,enabled
1782985108.819,2026-07-02 09:38:28.820,innodb_rwlock_s_spin_rounds,0,0,0.000000,enabled
1782985108.819,2026-07-02 09:38:28.820,innodb_rwlock_s_spin_waits,0,0,0.000000,enabled
1782985108.819,2026-07-02 09:38:28.820,innodb_rwlock_x_os_waits,0,0,0.000000,enabled
1782985108.819,2026-07-02 09:38:28.820,innodb_rwlock_x_spin_rounds,0,0,0.000000,enabled
1782985108.819,2026-07-02 09:38:28.820,innodb_rwlock_x_spin_waits,0,0,0.000000,enabled
1782985108.819,2026-07-02 09:38:28.820,lock_deadlocks,0,0,0.000000,enabled
1782985108.819,2026-07-02 09:38:28.820,lock_deadlock_false_positives,0,0,0.000000,enabled
1782985108.819,2026-07-02 09:38:28.820,lock_deadlock_rounds,2922,2922,1.088115,enabled
1782985108.819,2026-07-02 09:38:28.820,lock_rec_grant_attempts,425,425,0.158264,enabled
1782985108.819,2026-07-02 09:38:28.820,lock_rec_release_attempts,45018867,45018867,16764.436944,enabled
1782985108.819,2026-07-02 09:38:28.820,lock_row_lock_current_waits,0,0,0.000000,enabled
1782985108.819,2026-07-02 09:38:28.820,lock_row_lock_time,323,323,0.120281,enabled
1782985108.819,2026-07-02 09:38:28.820,lock_row_lock_time_avg,0,0,0.000000,enabled
1782985108.819,2026-07-02 09:38:28.820,lock_row_lock_time_max,29,29,0.000000,enabled
1782985108.819,2026-07-02 09:38:28.820,lock_row_lock_waits,425,425,0.158264,enabled
1782985108.819,2026-07-02 09:38:28.820,lock_schedule_refreshes,2922,2922,1.088115,enabled
1782985108.819,2026-07-02 09:38:28.820,lock_threads_waiting,0,0,0.000000,enabled
1782985108.819,2026-07-02 09:38:28.820,lock_timeouts,0,0,0.000000,enabled
1782985108.819,2026-07-02 09:38:28.820,log_waits,0,0,0.000000,enabled
1782985108.819,2026-07-02 09:38:28.820,log_writes,226992029,226992029,84528.850720,enabled
1782985108.819,2026-07-02 09:38:28.820,log_write_requests,436492808,436492808,162544.189747,enabled
1782985108.819,2026-07-02 09:38:28.820,os_data_fsyncs,66735584,66735584,24851.455819,enabled
1782985108.819,2026-07-02 09:38:28.820,os_data_reads,95568470,95568470,35588.444284,enabled
1782985108.819,2026-07-02 09:38:28.820,os_data_writes,259016457,259016457,96454.329997,enabled
1782985108.819,2026-07-02 09:38:28.820,os_log_bytes_written,141102514688,141102514688,52544724.924017,enabled
1782985108.819,2026-07-02 09:38:28.820,os_log_fsyncs,58111862,58111862,21640.094851,enabled
1782985108.819,2026-07-02 09:38:28.820,os_log_pending_fsyncs,1,1,0.000372,enabled
1782985108.819,2026-07-02 09:38:28.820,os_log_pending_writes,1,1,0.000372,enabled
1782985108.819,2026-07-02 09:38:28.820,trx_rseg_history_len,667,667,0.000000,enabled
1782985109.891,2026-07-02 09:38:29.893,adaptive_hash_searches,0,0,0.000000,enabled
1782985109.891,2026-07-02 09:38:29.893,adaptive_hash_searches_btree,655872318,655872318,244140.771821,enabled
1782985109.891,2026-07-02 09:38:29.893,buffer_data_reads,1561844763136,1561844763136,581378438.909119,enabled
1782985109.891,2026-07-02 09:38:29.893,buffer_data_written,689356847616,689356847616,256605020.659078,enabled
1782985109.891,2026-07-02 09:38:29.893,buffer_pages0_read,7,7,0.002606,enabled
1782985109.891,2026-07-02 09:38:29.893,buffer_pages_created,1825678,1825678,679.587279,enabled
1782985109.891,2026-07-02 09:38:29.893,buffer_pages_read,95596241,95596241,35584.582250,enabled
1782985109.891,2026-07-02 09:38:29.893,buffer_pages_written,31160110,31160110,11598.986409,enabled
1782985109.891,2026-07-02 09:38:29.893,buffer_pool_bytes_data,12847792128,12847792128,0.000000,enabled
1782985109.891,2026-07-02 09:38:29.893,buffer_pool_bytes_dirty,4634427392,4634427392,0.000000,enabled
1782985109.891,2026-07-02 09:38:29.893,buffer_pool_pages_data,784167,784167,0.000000,enabled
1782985109.891,2026-07-02 09:38:29.893,buffer_pool_pages_dirty,282863,282863,0.000000,enabled
1782985109.891,2026-07-02 09:38:29.893,buffer_pool_pages_flushed,31102996,31102996,0.000000,enabled
1782985109.891,2026-07-02 09:38:29.893,buffer_pool_pages_free,2169,2169,0.000000,enabled
1782985109.891,2026-07-02 09:38:29.893,buffer_pool_pages_lru_flushed,0,0,0.000000,enabled
1782985109.891,2026-07-02 09:38:29.893,buffer_pool_pages_misc,96,96,0.000000,enabled
1782985109.891,2026-07-02 09:38:29.893,buffer_pool_pages_total,786432,786432,0.000000,enabled
1782985109.891,2026-07-02 09:38:29.893,buffer_pool_reads,94678733,94678733,35243.051593,enabled
1782985109.891,2026-07-02 09:38:29.893,buffer_pool_read_ahead,803715,803715,299.173511,enabled
1782985109.891,2026-07-02 09:38:29.893,buffer_pool_read_ahead_evicted,25,25,0.009306,enabled
1782985109.891,2026-07-02 09:38:29.893,buffer_pool_read_requests,3167009497,3167009497,1178882.258603,enabled
1782985109.891,2026-07-02 09:38:29.893,buffer_pool_size,12884901888,12884901888,0.000000,enabled
1782985109.891,2026-07-02 09:38:29.893,buffer_pool_wait_free,18945,18945,7.052055,enabled
1782985109.891,2026-07-02 09:38:29.893,buffer_pool_write_requests,644367044,644367044,239858.098455,enabled
1782985109.891,2026-07-02 09:38:29.893,dml_deletes,14815897,14815897,5515.043619,enabled
1782985109.891,2026-07-02 09:38:29.893,dml_inserts,114701300,114701300,42696.211582,enabled
1782985109.891,2026-07-02 09:38:29.893,dml_system_deletes,468,468,0.174208,enabled
1782985109.891,2026-07-02 09:38:29.893,dml_system_inserts,1202,1202,0.447430,enabled
1782985109.891,2026-07-02 09:38:29.893,dml_system_reads,7661,7661,2.851717,enabled
1782985109.891,2026-07-02 09:38:29.893,dml_system_updates,620,620,0.230788,enabled
1782985109.891,2026-07-02 09:38:29.893,dml_updates,29631923,29631923,11030.135248,enabled
1782985109.891,2026-07-02 09:38:29.893,file_num_open_files,35,35,0.000000,enabled
1782985109.891,2026-07-02 09:38:29.893,ibuf_merges,0,0,0.000000,enabled
1782985109.891,2026-07-02 09:38:29.893,ibuf_merges_delete,0,0,0.000000,enabled
1782985109.891,2026-07-02 09:38:29.893,ibuf_merges_delete_mark,0,0,0.000000,enabled
1782985109.891,2026-07-02 09:38:29.893,ibuf_merges_discard_delete,0,0,0.000000,enabled
1782985109.891,2026-07-02 09:38:29.893,ibuf_merges_discard_delete_mark,0,0,0.000000,enabled
1782985109.891,2026-07-02 09:38:29.893,ibuf_merges_discard_insert,0,0,0.000000,enabled
1782985109.891,2026-07-02 09:38:29.893,ibuf_merges_insert,0,0,0.000000,enabled
1782985109.891,2026-07-02 09:38:29.893,ibuf_size,1,1,0.000372,enabled
1782985109.891,2026-07-02 09:38:29.893,innodb_activity_count,19930948,19930948,7419.061370,enabled
1782985109.891,2026-07-02 09:38:29.893,innodb_dblwr_pages_written,31100482,31100482,11576.789187,enabled
1782985109.891,2026-07-02 09:38:29.893,innodb_dblwr_writes,647301,647301,240.950196,enabled
1782985109.891,2026-07-02 09:38:29.893,innodb_page_size,16384,16384,0.000000,enabled
1782985109.891,2026-07-02 09:38:29.893,innodb_rwlock_sx_os_waits,0,0,0.000000,enabled
1782985109.891,2026-07-02 09:38:29.893,innodb_rwlock_sx_spin_rounds,0,0,0.000000,enabled
1782985109.891,2026-07-02 09:38:29.893,innodb_rwlock_sx_spin_waits,0,0,0.000000,enabled
1782985109.891,2026-07-02 09:38:29.893,innodb_rwlock_s_os_waits,0,0,0.000000,enabled
1782985109.891,2026-07-02 09:38:29.893,innodb_rwlock_s_spin_rounds,0,0,0.000000,enabled
1782985109.891,2026-07-02 09:38:29.893,innodb_rwlock_s_spin_waits,0,0,0.000000,enabled
1782985109.891,2026-07-02 09:38:29.893,innodb_rwlock_x_os_waits,0,0,0.000000,enabled
1782985109.891,2026-07-02 09:38:29.893,innodb_rwlock_x_spin_rounds,0,0,0.000000,enabled
1782985109.891,2026-07-02 09:38:29.893,innodb_rwlock_x_spin_waits,0,0,0.000000,enabled
1782985109.891,2026-07-02 09:38:29.893,lock_deadlocks,0,0,0.000000,enabled
1782985109.891,2026-07-02 09:38:29.893,lock_deadlock_false_positives,0,0,0.000000,enabled
1782985109.891,2026-07-02 09:38:29.893,lock_deadlock_rounds,2923,2923,1.088053,enabled
1782985109.891,2026-07-02 09:38:29.893,lock_rec_grant_attempts,425,425,0.158201,enabled
1782985109.891,2026-07-02 09:38:29.893,lock_rec_release_attempts,45033671,45033671,16763.257746,enabled
1782985109.891,2026-07-02 09:38:29.893,lock_row_lock_current_waits,0,0,0.000000,enabled
1782985109.891,2026-07-02 09:38:29.893,lock_row_lock_time,323,323,0.120233,enabled
1782985109.891,2026-07-02 09:38:29.893,lock_row_lock_time_avg,0,0,0.000000,enabled
1782985109.891,2026-07-02 09:38:29.893,lock_row_lock_time_max,29,29,0.000000,enabled
1782985109.891,2026-07-02 09:38:29.893,lock_row_lock_waits,425,425,0.158201,enabled
1782985109.891,2026-07-02 09:38:29.893,lock_schedule_refreshes,2923,2923,1.088053,enabled
1782985109.891,2026-07-02 09:38:29.893,lock_threads_waiting,0,0,0.000000,enabled
1782985109.891,2026-07-02 09:38:29.893,lock_timeouts,0,0,0.000000,enabled
1782985109.891,2026-07-02 09:38:29.893,log_waits,0,0,0.000000,enabled
1782985109.891,2026-07-02 09:38:29.893,log_writes,227072331,227072331,84525.012383,enabled
1782985109.891,2026-07-02 09:38:29.893,log_write_requests,436575399,436575399,162510.072726,enabled
1782985109.891,2026-07-02 09:38:29.893,os_data_fsyncs,66769560,66769560,24854.186326,enabled
1782985109.891,2026-07-02 09:38:29.893,os_data_reads,95625557,95625557,35595.493122,enabled
1782985109.891,2026-07-02 09:38:29.893,os_data_writes,259113325,259113325,96451.899074,enabled
1782985109.891,2026-07-02 09:38:29.893,os_log_bytes_written,141144412160,141144412160,52539353.470373,enabled
1782985109.891,2026-07-02 09:38:29.893,os_log_fsyncs,58141046,58141046,21642.323054,enabled
1782985109.891,2026-07-02 09:38:29.893,os_log_pending_fsyncs,1,1,0.000372,enabled
1782985109.891,2026-07-02 09:38:29.893,os_log_pending_writes,0,0,0.000000,enabled
1782985109.891,2026-07-02 09:38:29.893,trx_rseg_history_len,718,718,0.000000,enabled
1782985110.963,2026-07-02 09:38:30.965,adaptive_hash_searches,0,0,0.000000,enabled
1782985110.963,2026-07-02 09:38:30.965,adaptive_hash_searches_btree,656040041,656040041,244106.088478,enabled
1782985110.963,2026-07-02 09:38:30.965,buffer_data_reads,1562772326912,1562772326912,581492377.982601,enabled
1782985110.963,2026-07-02 09:38:30.965,buffer_data_written,689667381248,689667381248,256618522.329115,enabled
1782985110.963,2026-07-02 09:38:30.965,buffer_pages0_read,7,7,0.002605,enabled
1782985110.963,2026-07-02 09:38:30.965,buffer_pages_created,1825706,1825706,679.327444,enabled
1782985110.963,2026-07-02 09:38:30.965,buffer_pages_read,95653046,95653046,35591.567823,enabled
1782985110.963,2026-07-02 09:38:30.965,buffer_pages_written,31176147,31176147,11600.341025,enabled
1782985110.963,2026-07-02 09:38:30.965,buffer_pool_bytes_data,12851560448,12851560448,0.000000,enabled
1782985110.963,2026-07-02 09:38:30.965,buffer_pool_bytes_dirty,4639260672,4639260672,0.000000,enabled
1782985110.963,2026-07-02 09:38:30.965,buffer_pool_pages_data,784398,784398,0.000000,enabled
1782985110.963,2026-07-02 09:38:30.965,buffer_pool_pages_dirty,283158,283158,0.000000,enabled
1782985110.963,2026-07-02 09:38:30.965,buffer_pool_pages_flushed,31119019,31119019,0.000000,enabled
1782985110.963,2026-07-02 09:38:30.965,buffer_pool_pages_free,1939,1939,0.000000,enabled
1782985110.963,2026-07-02 09:38:30.965,buffer_pool_pages_lru_flushed,0,0,0.000000,enabled
1782985110.963,2026-07-02 09:38:30.965,buffer_pool_pages_misc,96,96,0.000000,enabled
1782985110.963,2026-07-02 09:38:30.965,buffer_pool_pages_total,786432,786432,0.000000,enabled
1782985110.963,2026-07-02 09:38:30.965,buffer_pool_reads,94735479,94735479,35250.151146,enabled
1782985110.963,2026-07-02 09:38:30.965,buffer_pool_read_ahead,803715,803715,299.054539,enabled
1782985110.963,2026-07-02 09:38:30.965,buffer_pool_read_ahead_evicted,25,25,0.009302,enabled
1782985110.963,2026-07-02 09:38:30.965,buffer_pool_read_requests,3167839832,3167839832,1178722.412598,enabled
1782985110.963,2026-07-02 09:38:30.965,buffer_pool_size,12884901888,12884901888,0.000000,enabled
1782985110.963,2026-07-02 09:38:30.965,buffer_pool_wait_free,18945,18945,7.049250,enabled
1782985110.963,2026-07-02 09:38:30.965,buffer_pool_write_requests,644479666,644479666,239804.619714,enabled
1782985110.963,2026-07-02 09:38:30.965,dml_deletes,14820742,14820742,5514.653128,enabled
1782985110.963,2026-07-02 09:38:30.965,dml_inserts,114706146,114706146,42681.034949,enabled
1782985110.963,2026-07-02 09:38:30.965,dml_system_deletes,468,468,0.174138,enabled
1782985110.963,2026-07-02 09:38:30.965,dml_system_inserts,1202,1202,0.447252,enabled
1782985110.963,2026-07-02 09:38:30.965,dml_system_reads,7661,7661,2.850583,enabled
1782985110.963,2026-07-02 09:38:30.965,dml_system_updates,620,620,0.230696,enabled
1782985110.963,2026-07-02 09:38:30.965,dml_updates,29641614,29641614,11029.354619,enabled
1782985110.963,2026-07-02 09:38:30.965,file_num_open_files,35,35,0.000000,enabled
1782985110.963,2026-07-02 09:38:30.965,ibuf_merges,0,0,0.000000,enabled
1782985110.963,2026-07-02 09:38:30.965,ibuf_merges_delete,0,0,0.000000,enabled
1782985110.963,2026-07-02 09:38:30.965,ibuf_merges_delete_mark,0,0,0.000000,enabled
1782985110.963,2026-07-02 09:38:30.965,ibuf_merges_discard_delete,0,0,0.000000,enabled
1782985110.963,2026-07-02 09:38:30.965,ibuf_merges_discard_delete_mark,0,0,0.000000,enabled
1782985110.963,2026-07-02 09:38:30.965,ibuf_merges_discard_insert,0,0,0.000000,enabled
1782985110.963,2026-07-02 09:38:30.965,ibuf_merges_insert,0,0,0.000000,enabled
1782985110.963,2026-07-02 09:38:30.965,ibuf_size,1,1,0.000372,enabled
1782985110.963,2026-07-02 09:38:30.965,innodb_activity_count,19936516,19936516,7418.182701,enabled
1782985110.963,2026-07-02 09:38:30.965,innodb_dblwr_pages_written,31116505,31116505,11578.147245,enabled
1782985110.963,2026-07-02 09:38:30.965,innodb_dblwr_writes,647634,647634,240.978279,enabled
1782985110.963,2026-07-02 09:38:30.965,innodb_page_size,16384,16384,0.000000,enabled
1782985110.963,2026-07-02 09:38:30.965,innodb_rwlock_sx_os_waits,0,0,0.000000,enabled
1782985110.963,2026-07-02 09:38:30.965,innodb_rwlock_sx_spin_rounds,0,0,0.000000,enabled
1782985110.963,2026-07-02 09:38:30.965,innodb_rwlock_sx_spin_waits,0,0,0.000000,enabled
1782985110.963,2026-07-02 09:38:30.965,innodb_rwlock_s_os_waits,0,0,0.000000,enabled
1782985110.963,2026-07-02 09:38:30.965,innodb_rwlock_s_spin_rounds,0,0,0.000000,enabled
1782985110.963,2026-07-02 09:38:30.965,innodb_rwlock_s_spin_waits,0,0,0.000000,enabled
1782985110.963,2026-07-02 09:38:30.965,innodb_rwlock_x_os_waits,0,0,0.000000,enabled
1782985110.963,2026-07-02 09:38:30.965,innodb_rwlock_x_spin_rounds,0,0,0.000000,enabled
1782985110.963,2026-07-02 09:38:30.965,innodb_rwlock_x_spin_waits,0,0,0.000000,enabled
1782985110.963,2026-07-02 09:38:30.965,lock_deadlocks,0,0,0.000000,enabled
1782985110.963,2026-07-02 09:38:30.965,lock_deadlock_false_positives,0,0,0.000000,enabled
1782985110.963,2026-07-02 09:38:30.965,lock_deadlock_rounds,2924,2924,1.087992,enabled
1782985110.963,2026-07-02 09:38:30.965,lock_rec_grant_attempts,425,425,0.158138,enabled
1782985110.963,2026-07-02 09:38:30.965,lock_rec_release_attempts,45048397,45048397,16762.070951,enabled
1782985110.963,2026-07-02 09:38:30.965,lock_row_lock_current_waits,0,0,0.000000,enabled
1782985110.963,2026-07-02 09:38:30.965,lock_row_lock_time,323,323,0.120185,enabled
1782985110.963,2026-07-02 09:38:30.965,lock_row_lock_time_avg,0,0,0.000000,enabled
1782985110.963,2026-07-02 09:38:30.965,lock_row_lock_time_max,29,29,0.000000,enabled
1782985110.963,2026-07-02 09:38:30.965,lock_row_lock_waits,425,425,0.158138,enabled
1782985110.963,2026-07-02 09:38:30.965,lock_schedule_refreshes,2924,2924,1.087992,enabled
1782985110.963,2026-07-02 09:38:30.965,lock_threads_waiting,0,0,0.000000,enabled
1782985110.963,2026-07-02 09:38:30.965,lock_timeouts,0,0,0.000000,enabled
1782985110.963,2026-07-02 09:38:30.965,log_waits,0,0,0.000000,enabled
1782985110.963,2026-07-02 09:38:30.965,log_writes,227152072,227152072,84521.068808,enabled
1782985110.963,2026-07-02 09:38:30.965,log_write_requests,436657755,436657755,162476.088624,enabled
1782985110.963,2026-07-02 09:38:30.965,os_data_fsyncs,66803543,66803543,24856.946986,enabled
1782985110.963,2026-07-02 09:38:30.965,os_data_reads,95682196,95682196,35602.412236,enabled
1782985110.963,2026-07-02 09:38:30.965,os_data_writes,259209360,259209360,96449.275513,enabled
1782985110.963,2026-07-02 09:38:30.965,os_log_bytes_written,141186141184,141186141184,52533986.420264,enabled
1782985110.963,2026-07-02 09:38:30.965,os_log_fsyncs,58170200,58170200,21644.564185,enabled
1782985110.963,2026-07-02 09:38:30.965,os_log_pending_fsyncs,0,0,0.000000,enabled
1782985110.963,2026-07-02 09:38:30.965,os_log_pending_writes,0,0,0.000000,enabled
1782985110.963,2026-07-02 09:38:30.965,trx_rseg_history_len,742,742,0.000000,enabled
1782985112.031,2026-07-02 09:38:32.033,adaptive_hash_searches,0,0,0.000000,enabled
1782985112.031,2026-07-02 09:38:32.033,adaptive_hash_searches_btree,656204099,656204099,244069.998681,enabled
1782985112.031,2026-07-02 09:38:32.033,buffer_data_reads,1563685030400,1563685030400,581600525.292791,enabled
1782985112.031,2026-07-02 09:38:32.033,buffer_data_written,689971270144,689971270144,256629465.047110,enabled
1782985112.031,2026-07-02 09:38:32.033,buffer_pages0_read,7,7,0.002604,enabled
1782985112.031,2026-07-02 09:38:32.033,buffer_pages_created,1825740,1825740,679.069845,enabled
1782985112.031,2026-07-02 09:38:32.033,buffer_pages_read,95708911,95708911,35598.187560,enabled
1782985112.031,2026-07-02 09:38:32.033,buffer_pages_written,31191869,31191869,11601.573924,enabled
1782985112.031,2026-07-02 09:38:32.033,buffer_pool_bytes_data,12851986432,12851986432,0.000000,enabled
1782985112.031,2026-07-02 09:38:32.033,buffer_pool_bytes_dirty,4643733504,4643733504,0.000000,enabled
1782985112.031,2026-07-02 09:38:32.033,buffer_pool_pages_data,784423,784423,0.000000,enabled
1782985112.031,2026-07-02 09:38:32.033,buffer_pool_pages_dirty,283431,283431,0.000000,enabled
1782985112.031,2026-07-02 09:38:32.033,buffer_pool_pages_flushed,31134755,31134755,0.000000,enabled
1782985112.031,2026-07-02 09:38:32.033,buffer_pool_pages_free,1913,1913,0.000000,enabled
1782985112.031,2026-07-02 09:38:32.033,buffer_pool_pages_lru_flushed,0,0,0.000000,enabled
1782985112.031,2026-07-02 09:38:32.033,buffer_pool_pages_misc,96,96,0.000000,enabled
1782985112.031,2026-07-02 09:38:32.033,buffer_pool_pages_total,786432,786432,0.000000,enabled
1782985112.031,2026-07-02 09:38:32.033,buffer_pool_reads,94791282,94791282,35256.883606,enabled
1782985112.031,2026-07-02 09:38:32.033,buffer_pool_read_ahead,803715,803715,298.935570,enabled
1782985112.031,2026-07-02 09:38:32.033,buffer_pool_read_ahead_evicted,25,25,0.009299,enabled
1782985112.031,2026-07-02 09:38:32.033,buffer_pool_read_requests,3168652393,3168652393,1178555.725200,enabled
1782985112.031,2026-07-02 09:38:32.033,buffer_pool_size,12884901888,12884901888,0.000000,enabled
1782985112.031,2026-07-02 09:38:32.033,buffer_pool_wait_free,18945,18945,7.046446,enabled
1782985112.031,2026-07-02 09:38:32.033,buffer_pool_write_requests,644589693,644589693,239750.145592,enabled
1782985112.031,2026-07-02 09:38:32.033,dml_deletes,14825490,14825490,5514.225283,enabled
1782985112.031,2026-07-02 09:38:32.033,dml_inserts,114710894,114710894,42665.821669,enabled
1782985112.031,2026-07-02 09:38:32.033,dml_system_deletes,468,468,0.174069,enabled
1782985112.031,2026-07-02 09:38:32.033,dml_system_inserts,1202,1202,0.447075,enabled
1782985112.031,2026-07-02 09:38:32.033,dml_system_reads,7661,7661,2.849449,enabled
1782985112.031,2026-07-02 09:38:32.033,dml_system_updates,620,620,0.230604,enabled
1782985112.031,2026-07-02 09:38:32.033,dml_updates,29651104,29651104,11028.496678,enabled
1782985112.031,2026-07-02 09:38:32.033,file_num_open_files,35,35,0.000000,enabled
1782985112.031,2026-07-02 09:38:32.033,ibuf_merges,0,0,0.000000,enabled
1782985112.031,2026-07-02 09:38:32.033,ibuf_merges_delete,0,0,0.000000,enabled
1782985112.031,2026-07-02 09:38:32.033,ibuf_merges_delete_mark,0,0,0.000000,enabled
1782985112.031,2026-07-02 09:38:32.033,ibuf_merges_discard_delete,0,0,0.000000,enabled
1782985112.031,2026-07-02 09:38:32.033,ibuf_merges_discard_delete_mark,0,0,0.000000,enabled
1782985112.031,2026-07-02 09:38:32.033,ibuf_merges_discard_insert,0,0,0.000000,enabled
1782985112.031,2026-07-02 09:38:32.033,ibuf_merges_insert,0,0,0.000000,enabled
1782985112.031,2026-07-02 09:38:32.033,ibuf_size,1,1,0.000372,enabled
1782985112.031,2026-07-02 09:38:32.033,innodb_activity_count,19941975,19941975,7417.262043,enabled
1782985112.031,2026-07-02 09:38:32.033,innodb_dblwr_pages_written,31132241,31132241,11579.394124,enabled
1782985112.031,2026-07-02 09:38:32.033,innodb_dblwr_writes,647988,647988,241.014081,enabled
1782985112.031,2026-07-02 09:38:32.033,innodb_page_size,16384,16384,0.000000,enabled
1782985112.031,2026-07-02 09:38:32.033,innodb_rwlock_sx_os_waits,0,0,0.000000,enabled
1782985112.031,2026-07-02 09:38:32.033,innodb_rwlock_sx_spin_rounds,0,0,0.000000,enabled
1782985112.031,2026-07-02 09:38:32.033,innodb_rwlock_sx_spin_waits,0,0,0.000000,enabled
1782985112.031,2026-07-02 09:38:32.033,innodb_rwlock_s_os_waits,0,0,0.000000,enabled
1782985112.031,2026-07-02 09:38:32.033,innodb_rwlock_s_spin_rounds,0,0,0.000000,enabled
1782985112.031,2026-07-02 09:38:32.033,innodb_rwlock_s_spin_waits,0,0,0.000000,enabled
1782985112.031,2026-07-02 09:38:32.033,innodb_rwlock_x_os_waits,0,0,0.000000,enabled
1782985112.031,2026-07-02 09:38:32.033,innodb_rwlock_x_spin_rounds,0,0,0.000000,enabled
1782985112.031,2026-07-02 09:38:32.033,innodb_rwlock_x_spin_waits,0,0,0.000000,enabled
1782985112.031,2026-07-02 09:38:32.033,lock_deadlocks,0,0,0.000000,enabled
1782985112.031,2026-07-02 09:38:32.033,lock_deadlock_false_positives,0,0,0.000000,enabled
1782985112.031,2026-07-02 09:38:32.033,lock_deadlock_rounds,2925,2925,1.087931,enabled
1782985112.031,2026-07-02 09:38:32.033,lock_rec_grant_attempts,425,425,0.158075,enabled
1782985112.031,2026-07-02 09:38:32.033,lock_rec_release_attempts,45062839,45062839,16760.774339,enabled
1782985112.031,2026-07-02 09:38:32.033,lock_row_lock_current_waits,0,0,0.000000,enabled
1782985112.031,2026-07-02 09:38:32.033,lock_row_lock_time,323,323,0.120137,enabled
1782985112.031,2026-07-02 09:38:32.033,lock_row_lock_time_avg,0,0,0.000000,enabled
1782985112.031,2026-07-02 09:38:32.033,lock_row_lock_time_max,29,29,0.000000,enabled
1782985112.031,2026-07-02 09:38:32.033,lock_row_lock_waits,425,425,0.158075,enabled
1782985112.031,2026-07-02 09:38:32.033,lock_schedule_refreshes,2925,2925,1.087931,enabled
1782985112.031,2026-07-02 09:38:32.033,lock_threads_waiting,0,0,0.000000,enabled
1782985112.031,2026-07-02 09:38:32.033,lock_timeouts,0,0,0.000000,enabled
1782985112.031,2026-07-02 09:38:32.033,log_waits,0,0,0.000000,enabled
1782985112.031,2026-07-02 09:38:32.033,log_writes,227229736,227229736,84516.331555,enabled
1782985112.031,2026-07-02 09:38:32.033,log_write_requests,436738512,436738512,162441.490092,enabled
1782985112.031,2026-07-02 09:38:32.033,os_data_fsyncs,66835993,66835993,24859.128062,enabled
1782985112.031,2026-07-02 09:38:32.033,os_data_reads,95737933,95737933,35608.980028,enabled
1782985112.031,2026-07-02 09:38:32.033,os_data_writes,259303002,259303002,96445.736022,enabled
1782985112.031,2026-07-02 09:38:32.033,os_log_bytes_written,141226610176,141226610176,52528139.772388,enabled
1782985112.031,2026-07-02 09:38:32.033,os_log_fsyncs,58197785,58197785,21646.213691,enabled
1782985112.031,2026-07-02 09:38:32.033,os_log_pending_fsyncs,0,0,0.000000,enabled
1782985112.031,2026-07-02 09:38:32.033,os_log_pending_writes,0,0,0.000000,enabled
1782985112.031,2026-07-02 09:38:32.033,trx_rseg_history_len,668,668,0.000000,enabled
1782985113.102,2026-07-02 09:38:33.103,adaptive_hash_searches,0,0,0.000000,enabled
1782985113.102,2026-07-02 09:38:33.103,adaptive_hash_searches_btree,656367232,656367232,244033.546690,enabled
1782985113.102,2026-07-02 09:38:33.103,buffer_data_reads,1564595325440,1564595325440,581707567.517429,enabled
1782985113.102,2026-07-02 09:38:33.103,buffer_data_written,690275871744,690275871744,256640609.562724,enabled
1782985113.102,2026-07-02 09:38:33.103,buffer_pages0_read,7,7,0.002603,enabled
1782985113.102,2026-07-02 09:38:33.103,buffer_pages_created,1825773,1825773,678.811934,enabled
1782985113.102,2026-07-02 09:38:33.103,buffer_pages_read,95764630,95764630,35604.740185,enabled
1782985113.102,2026-07-02 09:38:33.103,buffer_pages_written,31207602,31207602,11602.807470,enabled
1782985113.102,2026-07-02 09:38:33.103,buffer_pool_bytes_data,12855115776,12855115776,0.000000,enabled
1782985113.102,2026-07-02 09:38:33.103,buffer_pool_bytes_dirty,4646207488,4646207488,0.000000,enabled
1782985113.102,2026-07-02 09:38:33.103,buffer_pool_pages_data,784616,784616,0.000000,enabled
1782985113.102,2026-07-02 09:38:33.103,buffer_pool_pages_dirty,283582,283582,0.000000,enabled
1782985113.102,2026-07-02 09:38:33.103,buffer_pool_pages_flushed,31150488,31150488,0.000000,enabled
1782985113.102,2026-07-02 09:38:33.103,buffer_pool_pages_free,1722,1722,0.000000,enabled
1782985113.102,2026-07-02 09:38:33.103,buffer_pool_pages_lru_flushed,0,0,0.000000,enabled
1782985113.102,2026-07-02 09:38:33.103,buffer_pool_pages_misc,96,96,0.000000,enabled
1782985113.102,2026-07-02 09:38:33.103,buffer_pool_pages_total,786432,786432,0.000000,enabled
1782985113.102,2026-07-02 09:38:33.103,buffer_pool_reads,94846945,94846945,35263.551152,enabled
1782985113.102,2026-07-02 09:38:33.103,buffer_pool_read_ahead,803715,803715,298.816633,enabled
1782985113.102,2026-07-02 09:38:33.103,buffer_pool_read_ahead_evicted,25,25,0.009295,enabled
1782985113.102,2026-07-02 09:38:33.103,buffer_pool_read_requests,3169460720,3169460720,1178387.346113,enabled
1782985113.102,2026-07-02 09:38:33.103,buffer_pool_size,12884901888,12884901888,0.000000,enabled
1782985113.102,2026-07-02 09:38:33.103,buffer_pool_wait_free,18945,18945,7.043643,enabled
1782985113.102,2026-07-02 09:38:33.103,buffer_pool_write_requests,644698773,644698773,239695.311871,enabled
1782985113.102,2026-07-02 09:38:33.103,dml_deletes,14830211,14830211,5513.786697,enabled
1782985113.102,2026-07-02 09:38:33.103,dml_inserts,114715615,114715615,42650.602367,enabled
1782985113.102,2026-07-02 09:38:33.103,dml_system_deletes,468,468,0.174000,enabled
1782985113.102,2026-07-02 09:38:33.103,dml_system_inserts,1202,1202,0.446897,enabled
1782985113.102,2026-07-02 09:38:33.103,dml_system_reads,7661,7661,2.848315,enabled
1782985113.102,2026-07-02 09:38:33.103,dml_system_updates,620,620,0.230512,enabled
1782985113.102,2026-07-02 09:38:33.103,dml_updates,29660550,29660550,11027.620976,enabled
1782985113.102,2026-07-02 09:38:33.103,file_num_open_files,35,35,0.000000,enabled
1782985113.102,2026-07-02 09:38:33.103,ibuf_merges,0,0,0.000000,enabled
1782985113.102,2026-07-02 09:38:33.103,ibuf_merges_delete,0,0,0.000000,enabled
1782985113.102,2026-07-02 09:38:33.103,ibuf_merges_delete_mark,0,0,0.000000,enabled
1782985113.102,2026-07-02 09:38:33.103,ibuf_merges_discard_delete,0,0,0.000000,enabled
1782985113.102,2026-07-02 09:38:33.103,ibuf_merges_discard_delete_mark,0,0,0.000000,enabled
1782985113.102,2026-07-02 09:38:33.103,ibuf_merges_discard_insert,0,0,0.000000,enabled
1782985113.102,2026-07-02 09:38:33.103,ibuf_merges_insert,0,0,0.000000,enabled
1782985113.102,2026-07-02 09:38:33.103,ibuf_size,1,1,0.000372,enabled
1782985113.102,2026-07-02 09:38:33.103,innodb_activity_count,19947404,19947404,7416.329553,enabled
1782985113.102,2026-07-02 09:38:33.103,innodb_dblwr_pages_written,31147974,31147974,11580.636705,enabled
1782985113.102,2026-07-02 09:38:33.103,innodb_dblwr_writes,648338,648338,241.048321,enabled
1782985113.102,2026-07-02 09:38:33.103,innodb_page_size,16384,16384,0.000000,enabled
1782985113.102,2026-07-02 09:38:33.103,innodb_rwlock_sx_os_waits,0,0,0.000000,enabled
1782985113.102,2026-07-02 09:38:33.103,innodb_rwlock_sx_spin_rounds,0,0,0.000000,enabled
1782985113.102,2026-07-02 09:38:33.103,innodb_rwlock_sx_spin_waits,0,0,0.000000,enabled
1782985113.102,2026-07-02 09:38:33.103,innodb_rwlock_s_os_waits,0,0,0.000000,enabled
1782985113.102,2026-07-02 09:38:33.103,innodb_rwlock_s_spin_rounds,0,0,0.000000,enabled
1782985113.102,2026-07-02 09:38:33.103,innodb_rwlock_s_spin_waits,0,0,0.000000,enabled
1782985113.102,2026-07-02 09:38:33.103,innodb_rwlock_x_os_waits,0,0,0.000000,enabled
1782985113.102,2026-07-02 09:38:33.103,innodb_rwlock_x_spin_rounds,0,0,0.000000,enabled
1782985113.102,2026-07-02 09:38:33.103,innodb_rwlock_x_spin_waits,0,0,0.000000,enabled
1782985113.102,2026-07-02 09:38:33.103,lock_deadlocks,0,0,0.000000,enabled
1782985113.102,2026-07-02 09:38:33.103,lock_deadlock_false_positives,0,0,0.000000,enabled
1782985113.102,2026-07-02 09:38:33.103,lock_deadlock_rounds,2926,2926,1.087870,enabled
1782985113.102,2026-07-02 09:38:33.103,lock_rec_grant_attempts,425,425,0.158013,enabled
1782985113.102,2026-07-02 09:38:33.103,lock_rec_release_attempts,45077179,45077179,16759.437236,enabled
1782985113.102,2026-07-02 09:38:33.103,lock_row_lock_current_waits,0,0,0.000000,enabled
1782985113.102,2026-07-02 09:38:33.103,lock_row_lock_time,323,323,0.120090,enabled
1782985113.102,2026-07-02 09:38:33.103,lock_row_lock_time_avg,0,0,0.000000,enabled
1782985113.102,2026-07-02 09:38:33.103,lock_row_lock_time_max,29,29,0.000000,enabled
1782985113.102,2026-07-02 09:38:33.103,lock_row_lock_waits,425,425,0.158013,enabled
1782985113.102,2026-07-02 09:38:33.103,lock_schedule_refreshes,2926,2926,1.087870,enabled
1782985113.102,2026-07-02 09:38:33.103,lock_threads_waiting,0,0,0.000000,enabled
1782985113.102,2026-07-02 09:38:33.103,lock_timeouts,0,0,0.000000,enabled
1782985113.102,2026-07-02 09:38:33.103,log_waits,0,0,0.000000,enabled
1782985113.102,2026-07-02 09:38:33.103,log_writes,227307868,227307868,84511.754822,enabled
1782985113.102,2026-07-02 09:38:33.103,log_write_requests,436818804,436818804,162406.713014,enabled
1782985113.102,2026-07-02 09:38:33.103,os_data_fsyncs,66867233,66867233,24860.852404,enabled
1782985113.102,2026-07-02 09:38:33.103,os_data_reads,95793487,95793487,35615.467214,enabled
1782985113.102,2026-07-02 09:38:33.103,os_data_writes,259397130,259397130,96442.360152,enabled
1782985113.102,2026-07-02 09:38:33.103,os_log_bytes_written,141267373056,141267373056,52522396.215344,enabled
1782985113.102,2026-07-02 09:38:33.103,os_log_fsyncs,58224087,58224087,21647.380416,enabled
1782985113.102,2026-07-02 09:38:33.103,os_log_pending_fsyncs,1,1,0.000372,enabled
1782985113.102,2026-07-02 09:38:33.103,os_log_pending_writes,1,1,0.000372,enabled
1782985113.102,2026-07-02 09:38:33.103,trx_rseg_history_len,609,609,0.000000,enabled
1782985114.171,2026-07-02 09:38:34.173,adaptive_hash_searches,0,0,0.000000,enabled
1782985114.171,2026-07-02 09:38:34.173,adaptive_hash_searches_btree,656529434,656529434,243996.687293,enabled
1782985114.171,2026-07-02 09:38:34.173,buffer_data_reads,1565492873728,1565492873728,581809586.524674,enabled
1782985114.171,2026-07-02 09:38:34.173,buffer_data_written,690577346560,690577346560,256650494.427996,enabled
1782985114.171,2026-07-02 09:38:34.173,buffer_pages0_read,7,7,0.002602,enabled
1782985114.171,2026-07-02 09:38:34.173,buffer_pages_created,1825814,1825814,678.556967,enabled
1782985114.171,2026-07-02 09:38:34.173,buffer_pages_read,95819569,95819569,35610.985435,enabled
1782985114.171,2026-07-02 09:38:34.173,buffer_pages_written,31223211,31223211,11603.989949,enabled
1782985114.171,2026-07-02 09:38:34.173,buffer_pool_bytes_data,12855951360,12855951360,0.000000,enabled
1782985114.171,2026-07-02 09:38:34.173,buffer_pool_bytes_dirty,4648108032,4648108032,0.000000,enabled
1782985114.171,2026-07-02 09:38:34.173,buffer_pool_pages_data,784666,784666,0.000000,enabled
1782985114.171,2026-07-02 09:38:34.173,buffer_pool_pages_dirty,283698,283698,0.000000,enabled
1782985114.171,2026-07-02 09:38:34.173,buffer_pool_pages_flushed,31166097,31166097,0.000000,enabled
1782985114.171,2026-07-02 09:38:34.173,buffer_pool_pages_free,1673,1673,0.000000,enabled
1782985114.171,2026-07-02 09:38:34.173,buffer_pool_pages_lru_flushed,0,0,0.000000,enabled
1782985114.171,2026-07-02 09:38:34.173,buffer_pool_pages_misc,96,96,0.000000,enabled
1782985114.171,2026-07-02 09:38:34.173,buffer_pool_pages_total,786432,786432,0.000000,enabled
1782985114.171,2026-07-02 09:38:34.173,buffer_pool_reads,94901816,94901816,35269.907054,enabled
1782985114.171,2026-07-02 09:38:34.173,buffer_pool_read_ahead,803715,803715,298.697689,enabled
1782985114.171,2026-07-02 09:38:34.173,buffer_pool_read_ahead_evicted,25,25,0.009291,enabled
1782985114.171,2026-07-02 09:38:34.173,buffer_pool_read_requests,3170264469,3170264469,1178216.997038,enabled
1782985114.171,2026-07-02 09:38:34.173,buffer_pool_size,12884901888,12884901888,0.000000,enabled
1782985114.171,2026-07-02 09:38:34.173,buffer_pool_wait_free,18945,18945,7.040839,enabled
1782985114.171,2026-07-02 09:38:34.173,buffer_pool_write_requests,644808165,644808165,239640.555712,enabled
1782985114.171,2026-07-02 09:38:34.173,dml_deletes,14834900,14834900,5513.334494,enabled
1782985114.171,2026-07-02 09:38:34.173,dml_inserts,114720304,114720304,42635.367256,enabled
1782985114.171,2026-07-02 09:38:34.173,dml_system_deletes,468,468,0.173930,enabled
1782985114.171,2026-07-02 09:38:34.173,dml_system_inserts,1202,1202,0.446719,enabled
1782985114.171,2026-07-02 09:38:34.173,dml_system_reads,7661,7661,2.847182,enabled
1782985114.171,2026-07-02 09:38:34.173,dml_system_updates,620,620,0.230421,enabled
1782985114.171,2026-07-02 09:38:34.173,dml_updates,29669931,29669931,11026.717665,enabled
1782985114.171,2026-07-02 09:38:34.173,file_num_open_files,35,35,0.000000,enabled
1782985114.171,2026-07-02 09:38:34.173,ibuf_merges,0,0,0.000000,enabled
1782985114.171,2026-07-02 09:38:34.173,ibuf_merges_delete,0,0,0.000000,enabled
1782985114.171,2026-07-02 09:38:34.173,ibuf_merges_delete_mark,0,0,0.000000,enabled
1782985114.171,2026-07-02 09:38:34.173,ibuf_merges_discard_delete,0,0,0.000000,enabled
1782985114.171,2026-07-02 09:38:34.173,ibuf_merges_discard_delete_mark,0,0,0.000000,enabled
1782985114.171,2026-07-02 09:38:34.173,ibuf_merges_discard_insert,0,0,0.000000,enabled
1782985114.171,2026-07-02 09:38:34.173,ibuf_merges_insert,0,0,0.000000,enabled
1782985114.171,2026-07-02 09:38:34.173,ibuf_size,1,1,0.000372,enabled
1782985114.171,2026-07-02 09:38:34.173,innodb_activity_count,19952796,19952796,7415.381288,enabled
1782985114.171,2026-07-02 09:38:34.173,innodb_dblwr_pages_written,31163583,31163583,11581.827879,enabled
1782985114.171,2026-07-02 09:38:34.173,innodb_dblwr_writes,648700,648700,241.086904,enabled
1782985114.171,2026-07-02 09:38:34.173,innodb_page_size,16384,16384,0.000000,enabled
1782985114.171,2026-07-02 09:38:34.173,innodb_rwlock_sx_os_waits,0,0,0.000000,enabled
1782985114.171,2026-07-02 09:38:34.173,innodb_rwlock_sx_spin_rounds,0,0,0.000000,enabled
1782985114.171,2026-07-02 09:38:34.173,innodb_rwlock_sx_spin_waits,0,0,0.000000,enabled
1782985114.171,2026-07-02 09:38:34.173,innodb_rwlock_s_os_waits,0,0,0.000000,enabled
1782985114.171,2026-07-02 09:38:34.173,innodb_rwlock_s_spin_rounds,0,0,0.000000,enabled
1782985114.171,2026-07-02 09:38:34.173,innodb_rwlock_s_spin_waits,0,0,0.000000,enabled
1782985114.171,2026-07-02 09:38:34.173,innodb_rwlock_x_os_waits,0,0,0.000000,enabled
1782985114.171,2026-07-02 09:38:34.173,innodb_rwlock_x_spin_rounds,0,0,0.000000,enabled
1782985114.171,2026-07-02 09:38:34.173,innodb_rwlock_x_spin_waits,0,0,0.000000,enabled
1782985114.171,2026-07-02 09:38:34.173,lock_deadlocks,0,0,0.000000,enabled
1782985114.171,2026-07-02 09:38:34.173,lock_deadlock_false_positives,0,0,0.000000,enabled
1782985114.171,2026-07-02 09:38:34.173,lock_deadlock_rounds,2928,2928,1.088180,enabled
1782985114.171,2026-07-02 09:38:34.173,lock_rec_grant_attempts,425,425,0.157950,enabled
1782985114.171,2026-07-02 09:38:34.173,lock_rec_release_attempts,45091448,45091448,16758.069183,enabled
1782985114.171,2026-07-02 09:38:34.173,lock_row_lock_current_waits,0,0,0.000000,enabled
1782985114.171,2026-07-02 09:38:34.173,lock_row_lock_time,323,323,0.120042,enabled
1782985114.171,2026-07-02 09:38:34.173,lock_row_lock_time_avg,0,0,0.000000,enabled
1782985114.171,2026-07-02 09:38:34.173,lock_row_lock_time_max,29,29,0.000000,enabled
1782985114.171,2026-07-02 09:38:34.173,lock_row_lock_waits,425,425,0.157950,enabled
1782985114.171,2026-07-02 09:38:34.173,lock_schedule_refreshes,2928,2928,1.088180,enabled
1782985114.171,2026-07-02 09:38:34.173,lock_threads_waiting,0,0,0.000000,enabled
1782985114.171,2026-07-02 09:38:34.173,lock_timeouts,0,0,0.000000,enabled
1782985114.171,2026-07-02 09:38:34.173,log_waits,0,0,0.000000,enabled
1782985114.171,2026-07-02 09:38:34.173,log_writes,227383402,227383402,84506.185756,enabled
1782985114.171,2026-07-02 09:38:34.173,log_write_requests,436898675,436898675,162371.748729,enabled
1782985114.171,2026-07-02 09:38:34.173,os_data_fsyncs,66897858,66897858,24862.337870,enabled
1782985114.171,2026-07-02 09:38:34.173,os_data_reads,95848274,95848274,35621.651386,enabled
1782985114.171,2026-07-02 09:38:34.173,os_data_writes,259488575,259488575,96437.955161,enabled
1782985114.171,2026-07-02 09:38:34.173,os_log_bytes_written,141307161088,141307161088,52516276.025318,enabled
1782985114.171,2026-07-02 09:38:34.173,os_log_fsyncs,58249827,58249827,21648.329549,enabled
1782985114.171,2026-07-02 09:38:34.173,os_log_pending_fsyncs,1,1,0.000372,enabled
1782985114.171,2026-07-02 09:38:34.173,os_log_pending_writes,0,0,0.000000,enabled
1782985114.171,2026-07-02 09:38:34.173,trx_rseg_history_len,498,498,0.000000,enabled
1782985115.243,2026-07-02 09:38:35.244,adaptive_hash_searches,0,0,0.000000,enabled
1782985115.243,2026-07-02 09:38:35.244,adaptive_hash_searches_btree,656692281,656692281,243959.987715,enabled
1782985115.243,2026-07-02 09:38:35.244,buffer_data_reads,1566397581824,1566397581824,581913911.709402,enabled
1782985115.243,2026-07-02 09:38:35.244,buffer_data_written,690881208832,690881208832,256661138.374443,enabled
1782985115.243,2026-07-02 09:38:35.244,buffer_pages0_read,7,7,0.002600,enabled
1782985115.243,2026-07-02 09:38:35.244,buffer_pages_created,1825850,1825850,678.300028,enabled
1782985115.243,2026-07-02 09:38:35.244,buffer_pages_read,95874951,95874951,35617.373584,enabled
1782985115.243,2026-07-02 09:38:35.244,buffer_pages_written,31238908,31238908,11605.198730,enabled
1782985115.243,2026-07-02 09:38:35.244,buffer_pool_bytes_data,12851183616,12851183616,0.000000,enabled
1782985115.243,2026-07-02 09:38:35.244,buffer_pool_bytes_dirty,4650139648,4650139648,0.000000,enabled
1782985115.243,2026-07-02 09:38:35.244,buffer_pool_pages_data,784374,784374,0.000000,enabled
1782985115.243,2026-07-02 09:38:35.244,buffer_pool_pages_dirty,283822,283822,0.000000,enabled
1782985115.243,2026-07-02 09:38:35.244,buffer_pool_pages_flushed,31181794,31181794,0.000000,enabled
1782985115.243,2026-07-02 09:38:35.244,buffer_pool_pages_free,1962,1962,0.000000,enabled
1782985115.243,2026-07-02 09:38:35.244,buffer_pool_pages_lru_flushed,0,0,0.000000,enabled
1782985115.243,2026-07-02 09:38:35.244,buffer_pool_pages_misc,96,96,0.000000,enabled
1782985115.243,2026-07-02 09:38:35.244,buffer_pool_pages_total,786432,786432,0.000000,enabled
1782985115.243,2026-07-02 09:38:35.244,buffer_pool_reads,94957132,94957132,35276.406501,enabled
1782985115.243,2026-07-02 09:38:35.244,buffer_pool_read_ahead,803715,803715,298.578698,enabled
1782985115.243,2026-07-02 09:38:35.244,buffer_pool_read_ahead_evicted,25,25,0.009287,enabled
1782985115.243,2026-07-02 09:38:35.244,buffer_pool_read_requests,3171071331,3171071331,1178047.382720,enabled
1782985115.243,2026-07-02 09:38:35.244,buffer_pool_size,12884901888,12884901888,0.000000,enabled
1782985115.243,2026-07-02 09:38:35.244,buffer_pool_wait_free,18945,18945,7.038034,enabled
1782985115.243,2026-07-02 09:38:35.244,buffer_pool_write_requests,644917904,644917904,239585.858879,enabled
1782985115.243,2026-07-02 09:38:35.244,dml_deletes,14839611,14839611,5512.888373,enabled
1782985115.243,2026-07-02 09:38:35.244,dml_inserts,114725015,114725015,42620.133489,enabled
1782985115.243,2026-07-02 09:38:35.244,dml_system_deletes,468,468,0.173861,enabled
1782985115.243,2026-07-02 09:38:35.244,dml_system_inserts,1202,1202,0.446541,enabled
1782985115.243,2026-07-02 09:38:35.244,dml_system_reads,7661,7661,2.846047,enabled
1782985115.243,2026-07-02 09:38:35.244,dml_system_updates,620,620,0.230329,enabled
1782985115.243,2026-07-02 09:38:35.244,dml_updates,29679345,29679345,11025.822431,enabled
1782985115.243,2026-07-02 09:38:35.244,file_num_open_files,35,35,0.000000,enabled
1782985115.243,2026-07-02 09:38:35.244,ibuf_merges,0,0,0.000000,enabled
1782985115.243,2026-07-02 09:38:35.244,ibuf_merges_delete,0,0,0.000000,enabled
1782985115.243,2026-07-02 09:38:35.244,ibuf_merges_delete_mark,0,0,0.000000,enabled
1782985115.243,2026-07-02 09:38:35.244,ibuf_merges_discard_delete,0,0,0.000000,enabled
1782985115.243,2026-07-02 09:38:35.244,ibuf_merges_discard_delete_mark,0,0,0.000000,enabled
1782985115.243,2026-07-02 09:38:35.244,ibuf_merges_discard_insert,0,0,0.000000,enabled
1782985115.243,2026-07-02 09:38:35.244,ibuf_merges_insert,0,0,0.000000,enabled
1782985115.243,2026-07-02 09:38:35.244,ibuf_size,1,1,0.000371,enabled
1782985115.243,2026-07-02 09:38:35.244,innodb_activity_count,19958212,19958212,7414.439381,enabled
1782985115.243,2026-07-02 09:38:35.244,innodb_dblwr_pages_written,31179280,31179280,11583.045632,enabled
1782985115.243,2026-07-02 09:38:35.244,innodb_dblwr_writes,649007,649007,241.104917,enabled
1782985115.243,2026-07-02 09:38:35.244,innodb_page_size,16384,16384,0.000000,enabled
1782985115.243,2026-07-02 09:38:35.244,innodb_rwlock_sx_os_waits,0,0,0.000000,enabled
1782985115.243,2026-07-02 09:38:35.244,innodb_rwlock_sx_spin_rounds,0,0,0.000000,enabled
1782985115.243,2026-07-02 09:38:35.244,innodb_rwlock_sx_spin_waits,0,0,0.000000,enabled
1782985115.243,2026-07-02 09:38:35.244,innodb_rwlock_s_os_waits,0,0,0.000000,enabled
1782985115.243,2026-07-02 09:38:35.244,innodb_rwlock_s_spin_rounds,0,0,0.000000,enabled
1782985115.243,2026-07-02 09:38:35.244,innodb_rwlock_s_spin_waits,0,0,0.000000,enabled
1782985115.243,2026-07-02 09:38:35.244,innodb_rwlock_x_os_waits,0,0,0.000000,enabled
1782985115.243,2026-07-02 09:38:35.244,innodb_rwlock_x_spin_rounds,0,0,0.000000,enabled
1782985115.243,2026-07-02 09:38:35.244,innodb_rwlock_x_spin_waits,0,0,0.000000,enabled
1782985115.243,2026-07-02 09:38:35.244,lock_deadlocks,0,0,0.000000,enabled
1782985115.243,2026-07-02 09:38:35.244,lock_deadlock_false_positives,0,0,0.000000,enabled
1782985115.243,2026-07-02 09:38:35.244,lock_deadlock_rounds,2929,2929,1.088118,enabled
1782985115.243,2026-07-02 09:38:35.244,lock_rec_grant_attempts,425,425,0.157887,enabled
1782985115.243,2026-07-02 09:38:35.244,lock_rec_release_attempts,45105756,45105756,16756.708702,enabled
1782985115.243,2026-07-02 09:38:35.244,lock_row_lock_current_waits,0,0,0.000000,enabled
1782985115.243,2026-07-02 09:38:35.244,lock_row_lock_time,323,323,0.119994,enabled
1782985115.243,2026-07-02 09:38:35.244,lock_row_lock_time_avg,0,0,0.000000,enabled
1782985115.243,2026-07-02 09:38:35.244,lock_row_lock_time_max,29,29,0.000000,enabled
1782985115.243,2026-07-02 09:38:35.244,lock_row_lock_waits,425,425,0.157887,enabled
1782985115.243,2026-07-02 09:38:35.244,lock_schedule_refreshes,2929,2929,1.088118,enabled
1782985115.243,2026-07-02 09:38:35.244,lock_threads_waiting,0,0,0.000000,enabled
1782985115.243,2026-07-02 09:38:35.244,lock_timeouts,0,0,0.000000,enabled
1782985115.243,2026-07-02 09:38:35.244,log_waits,0,0,0.000000,enabled
1782985115.243,2026-07-02 09:38:35.244,log_writes,227461213,227461213,84501.428897,enabled
1782985115.243,2026-07-02 09:38:35.244,log_write_requests,436978887,436978887,162336.865664,enabled
1782985115.243,2026-07-02 09:38:35.244,os_data_fsyncs,66927850,66927850,24863.575752,enabled
1782985115.243,2026-07-02 09:38:35.244,os_data_reads,95903507,95903507,35627.980198,enabled
1782985115.243,2026-07-02 09:38:35.244,os_data_writes,259582323,259582323,96434.365600,enabled
1782985115.243,2026-07-02 09:38:35.244,os_log_bytes_written,141347972096,141347972096,52510517.016327,enabled
1782985115.243,2026-07-02 09:38:35.244,os_log_fsyncs,58275441,58275441,21649.221344,enabled
1782985115.243,2026-07-02 09:38:35.244,os_log_pending_fsyncs,0,0,0.000000,enabled
1782985115.243,2026-07-02 09:38:35.244,os_log_pending_writes,0,0,0.000000,enabled
1782985115.243,2026-07-02 09:38:35.244,trx_rseg_history_len,379,379,0.000000,enabled
1782985116.315,2026-07-02 09:38:36.317,adaptive_hash_searches,0,0,0.000000,enabled
1782985116.315,2026-07-02 09:38:36.317,adaptive_hash_searches_btree,656855967,656855967,243923.758270,enabled
1782985116.315,2026-07-02 09:38:36.317,buffer_data_reads,1567309613568,1567309613568,582021182.863735,enabled
1782985116.315,2026-07-02 09:38:36.317,buffer_data_written,691188170752,691188170752,256673061.270682,enabled
1782985116.315,2026-07-02 09:38:36.317,buffer_pages0_read,7,7,0.002599,enabled
1782985116.315,2026-07-02 09:38:36.317,buffer_pages_created,1825884,1825884,678.042911,enabled
1782985116.315,2026-07-02 09:38:36.317,buffer_pages_read,95930773,95930773,35623.938996,enabled
1782985116.315,2026-07-02 09:38:36.317,buffer_pages_written,31254798,31254798,11606.484402,enabled
1782985116.315,2026-07-02 09:38:36.317,buffer_pool_bytes_data,12853870592,12853870592,0.000000,enabled
1782985116.315,2026-07-02 09:38:36.317,buffer_pool_bytes_dirty,4652154880,4652154880,0.000000,enabled
1782985116.315,2026-07-02 09:38:36.317,buffer_pool_pages_data,784538,784538,0.000000,enabled
1782985116.315,2026-07-02 09:38:36.317,buffer_pool_pages_dirty,283945,283945,0.000000,enabled
1782985116.315,2026-07-02 09:38:36.317,buffer_pool_pages_flushed,31197684,31197684,0.000000,enabled
1782985116.315,2026-07-02 09:38:36.317,buffer_pool_pages_free,1797,1797,0.000000,enabled
1782985116.315,2026-07-02 09:38:36.317,buffer_pool_pages_lru_flushed,0,0,0.000000,enabled
1782985116.315,2026-07-02 09:38:36.317,buffer_pool_pages_misc,97,97,0.000000,enabled
1782985116.315,2026-07-02 09:38:36.317,buffer_pool_pages_total,786432,786432,0.000000,enabled
1782985116.315,2026-07-02 09:38:36.317,buffer_pool_reads,95012876,95012876,35283.078559,enabled
1782985116.315,2026-07-02 09:38:36.317,buffer_pool_read_ahead,803715,803715,298.459961,enabled
1782985116.315,2026-07-02 09:38:36.317,buffer_pool_read_ahead_evicted,25,25,0.009284,enabled
1782985116.315,2026-07-02 09:38:36.317,buffer_pool_read_requests,3171882744,3171882744,1177880.222420,enabled
1782985116.315,2026-07-02 09:38:36.317,buffer_pool_size,12884901888,12884901888,0.000000,enabled
1782985116.315,2026-07-02 09:38:36.317,buffer_pool_wait_free,18945,18945,7.035235,enabled
1782985116.315,2026-07-02 09:38:36.317,buffer_pool_write_requests,645028456,645028456,239531.635313,enabled
1782985116.315,2026-07-02 09:38:36.317,dml_deletes,14844337,14844337,5512.451093,enabled
1782985116.315,2026-07-02 09:38:36.317,dml_inserts,114729740,114729740,42604.939586,enabled
1782985116.315,2026-07-02 09:38:36.317,dml_system_deletes,468,468,0.173792,enabled
1782985116.315,2026-07-02 09:38:36.317,dml_system_inserts,1202,1202,0.446363,enabled
1782985116.315,2026-07-02 09:38:36.317,dml_system_reads,7661,7661,2.844916,enabled
1782985116.315,2026-07-02 09:38:36.317,dml_system_updates,620,620,0.230237,enabled
1782985116.315,2026-07-02 09:38:36.317,dml_updates,29688802,29688802,11024.949711,enabled
1782985116.315,2026-07-02 09:38:36.317,file_num_open_files,35,35,0.000000,enabled
1782985116.315,2026-07-02 09:38:36.317,ibuf_merges,0,0,0.000000,enabled
1782985116.315,2026-07-02 09:38:36.317,ibuf_merges_delete,0,0,0.000000,enabled
1782985116.315,2026-07-02 09:38:36.317,ibuf_merges_delete_mark,0,0,0.000000,enabled
1782985116.315,2026-07-02 09:38:36.317,ibuf_merges_discard_delete,0,0,0.000000,enabled
1782985116.315,2026-07-02 09:38:36.317,ibuf_merges_discard_delete_mark,0,0,0.000000,enabled
1782985116.315,2026-07-02 09:38:36.317,ibuf_merges_discard_insert,0,0,0.000000,enabled
1782985116.315,2026-07-02 09:38:36.317,ibuf_merges_insert,0,0,0.000000,enabled
1782985116.315,2026-07-02 09:38:36.317,ibuf_size,1,1,0.000371,enabled
1782985116.315,2026-07-02 09:38:36.317,innodb_activity_count,19963645,19963645,7413.508465,enabled
1782985116.315,2026-07-02 09:38:36.317,innodb_dblwr_pages_written,31195170,31195170,11584.340221,enabled
1782985116.315,2026-07-02 09:38:36.317,innodb_dblwr_writes,649374,649374,241.145323,enabled
1782985116.315,2026-07-02 09:38:36.317,innodb_page_size,16384,16384,0.000000,enabled
1782985116.315,2026-07-02 09:38:36.317,innodb_rwlock_sx_os_waits,0,0,0.000000,enabled
1782985116.315,2026-07-02 09:38:36.317,innodb_rwlock_sx_spin_rounds,0,0,0.000000,enabled
1782985116.315,2026-07-02 09:38:36.317,innodb_rwlock_sx_spin_waits,0,0,0.000000,enabled
1782985116.315,2026-07-02 09:38:36.317,innodb_rwlock_s_os_waits,0,0,0.000000,enabled
1782985116.315,2026-07-02 09:38:36.317,innodb_rwlock_s_spin_rounds,0,0,0.000000,enabled
1782985116.315,2026-07-02 09:38:36.317,innodb_rwlock_s_spin_waits,0,0,0.000000,enabled
1782985116.315,2026-07-02 09:38:36.317,innodb_rwlock_x_os_waits,0,0,0.000000,enabled
1782985116.315,2026-07-02 09:38:36.317,innodb_rwlock_x_spin_rounds,0,0,0.000000,enabled
1782985116.315,2026-07-02 09:38:36.317,innodb_rwlock_x_spin_waits,0,0,0.000000,enabled
1782985116.315,2026-07-02 09:38:36.317,lock_deadlocks,0,0,0.000000,enabled
1782985116.315,2026-07-02 09:38:36.317,lock_deadlock_false_positives,0,0,0.000000,enabled
1782985116.315,2026-07-02 09:38:36.317,lock_deadlock_rounds,2930,2930,1.088057,enabled
1782985116.315,2026-07-02 09:38:36.317,lock_rec_grant_attempts,425,425,0.157824,enabled
1782985116.315,2026-07-02 09:38:36.317,lock_rec_release_attempts,45120120,45120120,16755.379119,enabled
1782985116.315,2026-07-02 09:38:36.317,lock_row_lock_current_waits,0,0,0.000000,enabled
1782985116.315,2026-07-02 09:38:36.317,lock_row_lock_time,323,323,0.119946,enabled
1782985116.315,2026-07-02 09:38:36.317,lock_row_lock_time_avg,0,0,0.000000,enabled
1782985116.315,2026-07-02 09:38:36.317,lock_row_lock_time_max,29,29,0.000000,enabled
1782985116.315,2026-07-02 09:38:36.317,lock_row_lock_waits,425,425,0.157824,enabled
1782985116.315,2026-07-02 09:38:36.317,lock_schedule_refreshes,2930,2930,1.088057,enabled
1782985116.315,2026-07-02 09:38:36.317,lock_threads_waiting,0,0,0.000000,enabled
1782985116.315,2026-07-02 09:38:36.317,lock_timeouts,0,0,0.000000,enabled
1782985116.315,2026-07-02 09:38:36.317,log_waits,0,0,0.000000,enabled
1782985116.315,2026-07-02 09:38:36.317,log_writes,227538931,227538931,84496.686242,enabled
1782985116.315,2026-07-02 09:38:36.317,log_write_requests,437059413,437059413,162302.213278,enabled
1782985116.315,2026-07-02 09:38:36.317,os_data_fsyncs,66958909,66958909,24865.222096,enabled
1782985116.315,2026-07-02 09:38:36.317,os_data_reads,95959141,95959141,35634.471818,enabled
1782985116.315,2026-07-02 09:38:36.317,os_data_writes,259676188,259676188,96430.873615,enabled
1782985116.315,2026-07-02 09:38:36.317,os_log_bytes_written,141388585984,141388585984,52504717.295520,enabled
1782985116.315,2026-07-02 09:38:36.317,os_log_fsyncs,58301640,58301640,21650.341167,enabled
1782985116.315,2026-07-02 09:38:36.317,os_log_pending_fsyncs,0,0,0.000000,enabled
1782985116.315,2026-07-02 09:38:36.317,os_log_pending_writes,0,0,0.000000,enabled
1782985116.315,2026-07-02 09:38:36.317,trx_rseg_history_len,275,275,0.000000,enabled
1782985117.385,2026-07-02 09:38:37.387,adaptive_hash_searches,0,0,0.000000,enabled
1782985117.385,2026-07-02 09:38:37.387,adaptive_hash_searches_btree,657019605,657019605,243887.694139,enabled
1782985117.385,2026-07-02 09:38:37.387,buffer_data_reads,1568220547584,1568220547584,582128347.399499,enabled
1782985117.385,2026-07-02 09:38:37.387,buffer_data_written,691510268928,691510268928,256690763.494229,enabled
1782985117.385,2026-07-02 09:38:37.387,buffer_pages0_read,7,7,0.002598,enabled
1782985117.385,2026-07-02 09:38:37.387,buffer_pages_created,1825918,1825918,677.786449,enabled
1782985117.385,2026-07-02 09:38:37.387,buffer_pages_read,95986527,95986527,35630.497588,enabled
1782985117.385,2026-07-02 09:38:37.387,buffer_pages_written,31270757,31270757,11607.802368,enabled
1782985117.385,2026-07-02 09:38:37.387,buffer_pool_bytes_data,12854345728,12854345728,0.000000,enabled
1782985117.385,2026-07-02 09:38:37.387,buffer_pool_bytes_dirty,4653023232,4653023232,0.000000,enabled
1782985117.385,2026-07-02 09:38:37.387,buffer_pool_pages_data,784567,784567,0.000000,enabled
1782985117.385,2026-07-02 09:38:37.387,buffer_pool_pages_dirty,283998,283998,0.000000,enabled
1782985117.385,2026-07-02 09:38:37.387,buffer_pool_pages_flushed,31213454,31213454,0.000000,enabled
1782985117.385,2026-07-02 09:38:37.387,buffer_pool_pages_free,1769,1769,0.000000,enabled
1782985117.385,2026-07-02 09:38:37.387,buffer_pool_pages_lru_flushed,0,0,0.000000,enabled
1782985117.385,2026-07-02 09:38:37.387,buffer_pool_pages_misc,96,96,0.000000,enabled
1782985117.385,2026-07-02 09:38:37.387,buffer_pool_pages_total,786432,786432,0.000000,enabled
1782985117.385,2026-07-02 09:38:37.387,buffer_pool_reads,95068571,95068571,35289.750479,enabled
1782985117.385,2026-07-02 09:38:37.387,buffer_pool_read_ahead,803715,803715,298.341516,enabled
1782985117.385,2026-07-02 09:38:37.387,buffer_pool_read_ahead_evicted,25,25,0.009280,enabled
1782985117.385,2026-07-02 09:38:37.387,buffer_pool_read_requests,3172693684,3172693684,1177713.799837,enabled
1782985117.385,2026-07-02 09:38:37.387,buffer_pool_size,12884901888,12884901888,0.000000,enabled
1782985117.385,2026-07-02 09:38:37.387,buffer_pool_wait_free,18945,18945,7.032443,enabled
1782985117.385,2026-07-02 09:38:37.387,buffer_pool_write_requests,645138694,645138694,239477.497038,enabled
1782985117.385,2026-07-02 09:38:37.387,dml_deletes,14849067,14849067,5512.019117,enabled
1782985117.385,2026-07-02 09:38:37.387,dml_inserts,114734471,114734471,42589.786821,enabled
1782985117.385,2026-07-02 09:38:37.387,dml_system_deletes,468,468,0.173723,enabled
1782985117.385,2026-07-02 09:38:37.387,dml_system_inserts,1202,1202,0.446186,enabled
1782985117.385,2026-07-02 09:38:37.387,dml_system_reads,7661,7661,2.843787,enabled
1782985117.385,2026-07-02 09:38:37.387,dml_system_updates,620,620,0.230146,enabled
1782985117.385,2026-07-02 09:38:37.387,dml_updates,29698263,29698263,11024.086110,enabled
1782985117.385,2026-07-02 09:38:37.387,file_num_open_files,35,35,0.000000,enabled
1782985117.385,2026-07-02 09:38:37.387,ibuf_merges,0,0,0.000000,enabled
1782985117.385,2026-07-02 09:38:37.387,ibuf_merges_delete,0,0,0.000000,enabled
1782985117.385,2026-07-02 09:38:37.387,ibuf_merges_delete_mark,0,0,0.000000,enabled
1782985117.385,2026-07-02 09:38:37.387,ibuf_merges_discard_delete,0,0,0.000000,enabled
1782985117.385,2026-07-02 09:38:37.387,ibuf_merges_discard_delete_mark,0,0,0.000000,enabled
1782985117.385,2026-07-02 09:38:37.387,ibuf_merges_discard_insert,0,0,0.000000,enabled
1782985117.385,2026-07-02 09:38:37.387,ibuf_merges_insert,0,0,0.000000,enabled
1782985117.385,2026-07-02 09:38:37.387,ibuf_size,1,1,0.000371,enabled
1782985117.385,2026-07-02 09:38:37.387,innodb_activity_count,19969087,19969087,7412.586312,enabled
1782985117.385,2026-07-02 09:38:37.387,innodb_dblwr_pages_written,31210940,31210940,11585.596544,enabled
1782985117.385,2026-07-02 09:38:37.387,innodb_dblwr_writes,649748,649748,241.188448,enabled
1782985117.385,2026-07-02 09:38:37.387,innodb_page_size,16384,16384,0.000000,enabled
1782985117.385,2026-07-02 09:38:37.387,innodb_rwlock_sx_os_waits,0,0,0.000000,enabled
1782985117.385,2026-07-02 09:38:37.387,innodb_rwlock_sx_spin_rounds,0,0,0.000000,enabled
1782985117.385,2026-07-02 09:38:37.387,innodb_rwlock_sx_spin_waits,0,0,0.000000,enabled
1782985117.385,2026-07-02 09:38:37.387,innodb_rwlock_s_os_waits,0,0,0.000000,enabled
1782985117.385,2026-07-02 09:38:37.387,innodb_rwlock_s_spin_rounds,0,0,0.000000,enabled
1782985117.385,2026-07-02 09:38:37.387,innodb_rwlock_s_spin_waits,0,0,0.000000,enabled
1782985117.385,2026-07-02 09:38:37.387,innodb_rwlock_x_os_waits,0,0,0.000000,enabled
1782985117.385,2026-07-02 09:38:37.387,innodb_rwlock_x_spin_rounds,0,0,0.000000,enabled
1782985117.385,2026-07-02 09:38:37.387,innodb_rwlock_x_spin_waits,0,0,0.000000,enabled
1782985117.385,2026-07-02 09:38:37.387,lock_deadlocks,0,0,0.000000,enabled
1782985117.385,2026-07-02 09:38:37.387,lock_deadlock_false_positives,0,0,0.000000,enabled
1782985117.385,2026-07-02 09:38:37.387,lock_deadlock_rounds,2931,2931,1.087996,enabled
1782985117.385,2026-07-02 09:38:37.387,lock_rec_grant_attempts,425,425,0.157761,enabled
1782985117.385,2026-07-02 09:38:37.387,lock_rec_release_attempts,45134504,45134504,16754.068998,enabled
1782985117.385,2026-07-02 09:38:37.387,lock_row_lock_current_waits,0,0,0.000000,enabled
1782985117.385,2026-07-02 09:38:37.387,lock_row_lock_time,323,323,0.119899,enabled
1782985117.385,2026-07-02 09:38:37.387,lock_row_lock_time_avg,0,0,0.000000,enabled
1782985117.385,2026-07-02 09:38:37.387,lock_row_lock_time_max,29,29,0.000000,enabled
1782985117.385,2026-07-02 09:38:37.387,lock_row_lock_waits,425,425,0.157761,enabled
1782985117.385,2026-07-02 09:38:37.387,lock_schedule_refreshes,2931,2931,1.087996,enabled
1782985117.385,2026-07-02 09:38:37.387,lock_threads_waiting,0,0,0.000000,enabled
1782985117.385,2026-07-02 09:38:37.387,lock_timeouts,0,0,0.000000,enabled
1782985117.385,2026-07-02 09:38:37.387,log_waits,0,0,0.000000,enabled
1782985117.385,2026-07-02 09:38:37.387,log_writes,227617202,227617202,84492.206522,enabled
1782985117.385,2026-07-02 09:38:37.387,log_write_requests,437139978,437139978,162267.706490,enabled
1782985117.385,2026-07-02 09:38:37.387,os_data_fsyncs,66989725,66989725,24866.792978,enabled
1782985117.385,2026-07-02 09:38:37.387,os_data_reads,96014726,96014726,35640.963107,enabled
1782985117.385,2026-07-02 09:38:37.387,os_data_writes,259770730,259770730,96427.697960,enabled
1782985117.385,2026-07-02 09:38:37.387,os_log_bytes_written,141429376512,141429376512,52499021.602600,enabled
1782985117.385,2026-07-02 09:38:37.387,os_log_fsyncs,58327540,58327540,21651.363075,enabled
1782985117.385,2026-07-02 09:38:37.387,os_log_pending_fsyncs,0,0,0.000000,enabled
1782985117.385,2026-07-02 09:38:37.387,os_log_pending_writes,1,1,0.000371,enabled
1782985117.385,2026-07-02 09:38:37.387,trx_rseg_history_len,182,182,0.000000,enabled
1782985118.454,2026-07-02 09:38:38.456,adaptive_hash_searches,0,0,0.000000,enabled
1782985118.454,2026-07-02 09:38:38.456,adaptive_hash_searches_btree,657178960,657178960,243850.182167,enabled
1782985118.454,2026-07-02 09:38:38.456,buffer_data_reads,1569105136128,1569105136128,582225905.708832,enabled
1782985118.454,2026-07-02 09:38:38.456,buffer_data_written,691851484160,691851484160,256715657.507116,enabled
1782985118.454,2026-07-02 09:38:38.456,buffer_pages0_read,7,7,0.002597,enabled
1782985118.454,2026-07-02 09:38:38.456,buffer_pages_created,1825951,1825951,677.530114,enabled
1782985118.454,2026-07-02 09:38:38.456,buffer_pages_read,96040668,96040668,35636.468021,enabled
1782985118.454,2026-07-02 09:38:38.456,buffer_pages_written,31289688,31289688,11610.227127,enabled
1782985118.454,2026-07-02 09:38:38.456,buffer_pool_bytes_data,12850495488,12850495488,0.000000,enabled
1782985118.454,2026-07-02 09:38:38.456,buffer_pool_bytes_dirty,4598333440,4598333440,0.000000,enabled
1782985118.454,2026-07-02 09:38:38.456,buffer_pool_pages_data,784332,784332,0.000000,enabled
1782985118.454,2026-07-02 09:38:38.456,buffer_pool_pages_dirty,280660,280660,0.000000,enabled
1782985118.454,2026-07-02 09:38:38.456,buffer_pool_pages_flushed,31232574,31232574,0.000000,enabled
1782985118.454,2026-07-02 09:38:38.456,buffer_pool_pages_free,2003,2003,0.000000,enabled
1782985118.454,2026-07-02 09:38:38.456,buffer_pool_pages_lru_flushed,0,0,0.000000,enabled
1782985118.454,2026-07-02 09:38:38.456,buffer_pool_pages_misc,96,96,0.000000,enabled
1782985118.454,2026-07-02 09:38:38.456,buffer_pool_pages_total,786432,786432,0.000000,enabled
1782985118.454,2026-07-02 09:38:38.456,buffer_pool_reads,95122655,95122655,35295.834823,enabled
1782985118.454,2026-07-02 09:38:38.456,buffer_pool_read_ahead,803715,803715,298.223295,enabled
1782985118.454,2026-07-02 09:38:38.456,buffer_pool_read_ahead_evicted,25,25,0.009276,enabled
1782985118.454,2026-07-02 09:38:38.456,buffer_pool_read_requests,3173479519,3173479519,1177538.709794,enabled
1782985118.454,2026-07-02 09:38:38.456,buffer_pool_size,12884901888,12884901888,0.000000,enabled
1782985118.454,2026-07-02 09:38:38.456,buffer_pool_wait_free,18945,18945,7.029656,enabled
1782985118.454,2026-07-02 09:38:38.456,buffer_pool_write_requests,645242322,645242322,239421.053863,enabled
1782985118.454,2026-07-02 09:38:38.456,dml_deletes,14853683,14853683,5511.547748,enabled
1782985118.454,2026-07-02 09:38:38.456,dml_inserts,114739087,114739087,42574.623213,enabled
1782985118.454,2026-07-02 09:38:38.456,dml_system_deletes,468,468,0.173654,enabled
1782985118.454,2026-07-02 09:38:38.456,dml_system_inserts,1202,1202,0.446009,enabled
1782985118.454,2026-07-02 09:38:38.456,dml_system_reads,7661,7661,2.842660,enabled
1782985118.454,2026-07-02 09:38:38.456,dml_system_updates,620,620,0.230055,enabled
1782985118.454,2026-07-02 09:38:38.456,dml_updates,29707495,29707495,11023.143355,enabled
1782985118.454,2026-07-02 09:38:38.456,file_num_open_files,35,35,0.000000,enabled
1782985118.454,2026-07-02 09:38:38.456,ibuf_merges,0,0,0.000000,enabled
1782985118.454,2026-07-02 09:38:38.456,ibuf_merges_delete,0,0,0.000000,enabled
1782985118.454,2026-07-02 09:38:38.456,ibuf_merges_delete_mark,0,0,0.000000,enabled
1782985118.454,2026-07-02 09:38:38.456,ibuf_merges_discard_delete,0,0,0.000000,enabled
1782985118.454,2026-07-02 09:38:38.456,ibuf_merges_discard_delete_mark,0,0,0.000000,enabled
1782985118.454,2026-07-02 09:38:38.456,ibuf_merges_discard_insert,0,0,0.000000,enabled
1782985118.454,2026-07-02 09:38:38.456,ibuf_merges_insert,0,0,0.000000,enabled
1782985118.454,2026-07-02 09:38:38.456,ibuf_size,1,1,0.000371,enabled
1782985118.454,2026-07-02 09:38:38.456,innodb_activity_count,19974390,19974390,7411.616751,enabled
1782985118.454,2026-07-02 09:38:38.456,innodb_dblwr_pages_written,31230060,31230060,11588.100289,enabled
1782985118.454,2026-07-02 09:38:38.456,innodb_dblwr_writes,650135,650135,241.236475,enabled
1782985118.454,2026-07-02 09:38:38.456,innodb_page_size,16384,16384,0.000000,enabled
1782985118.454,2026-07-02 09:38:38.456,innodb_rwlock_sx_os_waits,0,0,0.000000,enabled
1782985118.454,2026-07-02 09:38:38.456,innodb_rwlock_sx_spin_rounds,0,0,0.000000,enabled
1782985118.454,2026-07-02 09:38:38.456,innodb_rwlock_sx_spin_waits,0,0,0.000000,enabled
1782985118.454,2026-07-02 09:38:38.456,innodb_rwlock_s_os_waits,0,0,0.000000,enabled
1782985118.454,2026-07-02 09:38:38.456,innodb_rwlock_s_spin_rounds,0,0,0.000000,enabled
1782985118.454,2026-07-02 09:38:38.456,innodb_rwlock_s_spin_waits,0,0,0.000000,enabled
1782985118.454,2026-07-02 09:38:38.456,innodb_rwlock_x_os_waits,0,0,0.000000,enabled
1782985118.454,2026-07-02 09:38:38.456,innodb_rwlock_x_spin_rounds,0,0,0.000000,enabled
1782985118.454,2026-07-02 09:38:38.456,innodb_rwlock_x_spin_waits,0,0,0.000000,enabled
1782985118.454,2026-07-02 09:38:38.456,lock_deadlocks,0,0,0.000000,enabled
1782985118.454,2026-07-02 09:38:38.456,lock_deadlock_false_positives,0,0,0.000000,enabled
1782985118.454,2026-07-02 09:38:38.456,lock_deadlock_rounds,2932,2932,1.087936,enabled
1782985118.454,2026-07-02 09:38:38.456,lock_rec_grant_attempts,425,425,0.157699,enabled
1782985118.454,2026-07-02 09:38:38.456,lock_rec_release_attempts,45148513,45148513,16752.628220,enabled
1782985118.454,2026-07-02 09:38:38.456,lock_row_lock_current_waits,0,0,0.000000,enabled
1782985118.454,2026-07-02 09:38:38.456,lock_row_lock_time,323,323,0.119851,enabled
1782985118.454,2026-07-02 09:38:38.456,lock_row_lock_time_avg,0,0,0.000000,enabled
1782985118.454,2026-07-02 09:38:38.456,lock_row_lock_time_max,29,29,0.000000,enabled
1782985118.454,2026-07-02 09:38:38.456,lock_row_lock_waits,425,425,0.157699,enabled
1782985118.454,2026-07-02 09:38:38.456,lock_schedule_refreshes,2932,2932,1.087936,enabled
1782985118.454,2026-07-02 09:38:38.456,lock_threads_waiting,0,0,0.000000,enabled
1782985118.454,2026-07-02 09:38:38.456,lock_timeouts,0,0,0.000000,enabled
1782985118.454,2026-07-02 09:38:38.456,log_waits,0,0,0.000000,enabled
1782985118.454,2026-07-02 09:38:38.456,log_writes,227692758,227692758,84486.761545,enabled
1782985118.454,2026-07-02 09:38:38.456,log_write_requests,437217372,437217372,162232.124549,enabled
1782985118.454,2026-07-02 09:38:38.456,os_data_fsyncs,67019912,67019912,24868.140415,enabled
1782985118.454,2026-07-02 09:38:38.456,os_data_reads,96068708,96068708,35646.870479,enabled
1782985118.454,2026-07-02 09:38:38.456,os_data_writes,259865478,259865478,96424.644655,enabled
1782985118.454,2026-07-02 09:38:38.456,os_log_bytes_written,141468718080,141468718080,52492816.462573,enabled
1782985118.454,2026-07-02 09:38:38.456,os_log_fsyncs,58352763,58352763,21652.142734,enabled
1782985118.454,2026-07-02 09:38:38.456,os_log_pending_fsyncs,1,1,0.000371,enabled
1782985118.454,2026-07-02 09:38:38.456,os_log_pending_writes,0,0,0.000000,enabled
1782985118.454,2026-07-02 09:38:38.456,trx_rseg_history_len,1183,1183,0.000000,enabled
1782985119.522,2026-07-02 09:38:39.524,adaptive_hash_searches,0,0,0.000000,enabled
1782985119.522,2026-07-02 09:38:39.524,adaptive_hash_searches_btree,657342101,657342101,243813.757424,enabled
1782985119.522,2026-07-02 09:38:39.524,buffer_data_reads,1570012367360,1570012367360,582330964.746100,enabled
1782985119.522,2026-07-02 09:38:39.524,buffer_data_written,692155059200,692155059200,256726208.974719,enabled
1782985119.522,2026-07-02 09:38:39.524,buffer_pages0_read,7,7,0.002596,enabled
1782985119.522,2026-07-02 09:38:39.524,buffer_pages_created,1825981,1825981,677.271917,enabled
1782985119.522,2026-07-02 09:38:39.524,buffer_pages_read,96096195,96096195,35642.897604,enabled
1782985119.522,2026-07-02 09:38:39.524,buffer_pages_written,31305353,31305353,11611.422227,enabled
1782985119.522,2026-07-02 09:38:39.524,buffer_pool_bytes_data,12857147392,12857147392,0.000000,enabled
1782985119.522,2026-07-02 09:38:39.524,buffer_pool_bytes_dirty,4603822080,4603822080,0.000000,enabled
1782985119.522,2026-07-02 09:38:39.524,buffer_pool_pages_data,784738,784738,0.000000,enabled
1782985119.522,2026-07-02 09:38:39.524,buffer_pool_pages_dirty,280995,280995,0.000000,enabled
1782985119.522,2026-07-02 09:38:39.524,buffer_pool_pages_flushed,31248239,31248239,0.000000,enabled
1782985119.522,2026-07-02 09:38:39.524,buffer_pool_pages_free,1598,1598,0.000000,enabled
1782985119.522,2026-07-02 09:38:39.524,buffer_pool_pages_lru_flushed,0,0,0.000000,enabled
1782985119.522,2026-07-02 09:38:39.524,buffer_pool_pages_misc,96,96,0.000000,enabled
1782985119.522,2026-07-02 09:38:39.524,buffer_pool_pages_total,786432,786432,0.000000,enabled
1782985119.522,2026-07-02 09:38:39.524,buffer_pool_reads,95178136,95178136,35302.382690,enabled
1782985119.522,2026-07-02 09:38:39.524,buffer_pool_read_ahead,803715,803715,298.104748,enabled
1782985119.522,2026-07-02 09:38:39.524,buffer_pool_read_ahead_evicted,25,25,0.009273,enabled
1782985119.522,2026-07-02 09:38:39.524,buffer_pool_read_requests,3174287601,3174287601,1177370.349323,enabled
1782985119.522,2026-07-02 09:38:39.524,buffer_pool_size,12884901888,12884901888,0.000000,enabled
1782985119.522,2026-07-02 09:38:39.524,buffer_pool_wait_free,18945,18945,7.026862,enabled
1782985119.522,2026-07-02 09:38:39.524,buffer_pool_write_requests,645351974,645351974,239366.552166,enabled
1782985119.522,2026-07-02 09:38:39.524,dml_deletes,14858397,14858397,5511.105255,enabled
1782985119.522,2026-07-02 09:38:39.524,dml_inserts,114743801,114743801,42559.447376,enabled
1782985119.522,2026-07-02 09:38:39.524,dml_system_deletes,468,468,0.173585,enabled
1782985119.522,2026-07-02 09:38:39.524,dml_system_inserts,1202,1202,0.445832,enabled
1782985119.522,2026-07-02 09:38:39.524,dml_system_reads,7661,7661,2.841530,enabled
1782985119.522,2026-07-02 09:38:39.524,dml_system_updates,620,620,0.229963,enabled
1782985119.522,2026-07-02 09:38:39.524,dml_updates,29716919,29716919,11022.256864,enabled
1782985119.522,2026-07-02 09:38:39.524,file_num_open_files,35,35,0.000000,enabled
1782985119.522,2026-07-02 09:38:39.524,ibuf_merges,0,0,0.000000,enabled
1782985119.522,2026-07-02 09:38:39.524,ibuf_merges_delete,0,0,0.000000,enabled
1782985119.522,2026-07-02 09:38:39.524,ibuf_merges_delete_mark,0,0,0.000000,enabled
1782985119.522,2026-07-02 09:38:39.524,ibuf_merges_discard_delete,0,0,0.000000,enabled
1782985119.522,2026-07-02 09:38:39.524,ibuf_merges_discard_delete_mark,0,0,0.000000,enabled
1782985119.522,2026-07-02 09:38:39.524,ibuf_merges_discard_insert,0,0,0.000000,enabled
1782985119.522,2026-07-02 09:38:39.524,ibuf_merges_insert,0,0,0.000000,enabled
1782985119.522,2026-07-02 09:38:39.524,ibuf_size,1,1,0.000371,enabled
1782985119.522,2026-07-02 09:38:39.524,innodb_activity_count,19979808,19979808,7410.680071,enabled
1782985119.522,2026-07-02 09:38:39.524,innodb_dblwr_pages_written,31245725,31245725,11589.304071,enabled
1782985119.522,2026-07-02 09:38:39.524,innodb_dblwr_writes,650438,650438,241.252964,enabled
1782985119.522,2026-07-02 09:38:39.524,innodb_page_size,16384,16384,0.000000,enabled
1782985119.522,2026-07-02 09:38:39.524,innodb_rwlock_sx_os_waits,0,0,0.000000,enabled
1782985119.522,2026-07-02 09:38:39.524,innodb_rwlock_sx_spin_rounds,0,0,0.000000,enabled
1782985119.522,2026-07-02 09:38:39.524,innodb_rwlock_sx_spin_waits,0,0,0.000000,enabled
1782985119.522,2026-07-02 09:38:39.524,innodb_rwlock_s_os_waits,0,0,0.000000,enabled
1782985119.522,2026-07-02 09:38:39.524,innodb_rwlock_s_spin_rounds,0,0,0.000000,enabled
1782985119.522,2026-07-02 09:38:39.524,innodb_rwlock_s_spin_waits,0,0,0.000000,enabled
1782985119.522,2026-07-02 09:38:39.524,innodb_rwlock_x_os_waits,0,0,0.000000,enabled
1782985119.522,2026-07-02 09:38:39.524,innodb_rwlock_x_spin_rounds,0,0,0.000000,enabled
1782985119.522,2026-07-02 09:38:39.524,innodb_rwlock_x_spin_waits,0,0,0.000000,enabled
1782985119.522,2026-07-02 09:38:39.524,lock_deadlocks,0,0,0.000000,enabled
1782985119.522,2026-07-02 09:38:39.524,lock_deadlock_false_positives,0,0,0.000000,enabled
1782985119.522,2026-07-02 09:38:39.524,lock_deadlock_rounds,2933,2933,1.087875,enabled
1782985119.522,2026-07-02 09:38:39.524,lock_rec_grant_attempts,425,425,0.157636,enabled
1782985119.522,2026-07-02 09:38:39.524,lock_rec_release_attempts,45162859,45162859,16751.289892,enabled
1782985119.522,2026-07-02 09:38:39.524,lock_row_lock_current_waits,0,0,0.000000,enabled
1782985119.522,2026-07-02 09:38:39.524,lock_row_lock_time,323,323,0.119803,enabled
1782985119.522,2026-07-02 09:38:39.524,lock_row_lock_time_avg,0,0,0.000000,enabled
1782985119.522,2026-07-02 09:38:39.524,lock_row_lock_time_max,29,29,0.000000,enabled
1782985119.522,2026-07-02 09:38:39.524,lock_row_lock_waits,425,425,0.157636,enabled
1782985119.522,2026-07-02 09:38:39.524,lock_schedule_refreshes,2933,2933,1.087875,enabled
1782985119.522,2026-07-02 09:38:39.524,lock_threads_waiting,0,0,0.000000,enabled
1782985119.522,2026-07-02 09:38:39.524,lock_timeouts,0,0,0.000000,enabled
1782985119.522,2026-07-02 09:38:39.524,log_waits,0,0,0.000000,enabled
1782985119.522,2026-07-02 09:38:39.524,log_writes,227770984,227770984,84482.191306,enabled
1782985119.522,2026-07-02 09:38:39.524,log_write_requests,437297620,437297620,162197.399182,enabled
1782985119.522,2026-07-02 09:38:39.524,os_data_fsyncs,67050766,67050766,24869.698924,enabled
1782985119.522,2026-07-02 09:38:39.524,os_data_reads,96124082,96124082,35653.238949,enabled
1782985119.522,2026-07-02 09:38:39.524,os_data_writes,259959572,259959572,96421.214518,enabled
1782985119.522,2026-07-02 09:38:39.524,os_log_bytes_written,141509521920,141509521920,52487084.182590,enabled
1782985119.522,2026-07-02 09:38:39.524,os_log_fsyncs,58379195,58379195,21653.339497,enabled
1782985119.522,2026-07-02 09:38:39.524,os_log_pending_fsyncs,1,1,0.000371,enabled
1782985119.522,2026-07-02 09:38:39.524,os_log_pending_writes,0,0,0.000000,enabled
1782985119.522,2026-07-02 09:38:39.524,trx_rseg_history_len,1108,1108,0.000000,enabled
1782985120.594,2026-07-02 09:38:40.596,adaptive_hash_searches,0,0,0.000000,enabled
1782985120.594,2026-07-02 09:38:40.596,adaptive_hash_searches_btree,657503468,657503468,243777.220919,enabled
1782985120.594,2026-07-02 09:38:40.596,buffer_data_reads,1570911570432,1570911570432,582434190.331131,enabled
1782985120.594,2026-07-02 09:38:40.596,buffer_data_written,692459545600,692459545600,256737630.624122,enabled
1782985120.594,2026-07-02 09:38:40.596,buffer_pages0_read,7,7,0.002595,enabled
1782985120.594,2026-07-02 09:38:40.596,buffer_pages_created,1826009,1826009,677.014608,enabled
1782985120.594,2026-07-02 09:38:40.596,buffer_pages_read,96151245,96151245,35649.220280,enabled
1782985120.594,2026-07-02 09:38:40.596,buffer_pages_written,31321114,31321114,11612.676418,enabled
1782985120.594,2026-07-02 09:38:40.596,buffer_pool_bytes_data,12854394880,12854394880,0.000000,enabled
1782985120.594,2026-07-02 09:38:40.596,buffer_pool_bytes_dirty,4604542976,4604542976,0.000000,enabled
1782985120.594,2026-07-02 09:38:40.596,buffer_pool_pages_data,784569,784569,0.000000,enabled
1782985120.594,2026-07-02 09:38:40.596,buffer_pool_pages_dirty,281039,281039,0.000000,enabled
1782985120.594,2026-07-02 09:38:40.596,buffer_pool_pages_flushed,31264000,31264000,0.000000,enabled
1782985120.594,2026-07-02 09:38:40.596,buffer_pool_pages_free,1766,1766,0.000000,enabled
1782985120.594,2026-07-02 09:38:40.596,buffer_pool_pages_lru_flushed,0,0,0.000000,enabled
1782985120.594,2026-07-02 09:38:40.596,buffer_pool_pages_misc,97,97,0.000000,enabled
1782985120.594,2026-07-02 09:38:40.596,buffer_pool_pages_total,786432,786432,0.000000,enabled
1782985120.594,2026-07-02 09:38:40.596,buffer_pool_reads,95233138,95233138,35308.822151,enabled
1782985120.594,2026-07-02 09:38:40.596,buffer_pool_read_ahead,803715,803715,297.986923,enabled
1782985120.594,2026-07-02 09:38:40.596,buffer_pool_read_ahead_evicted,25,25,0.009269,enabled
1782985120.594,2026-07-02 09:38:40.596,buffer_pool_read_requests,3175087616,3175087616,1177201.610882,enabled
1782985120.594,2026-07-02 09:38:40.596,buffer_pool_size,12884901888,12884901888,0.000000,enabled
1782985120.594,2026-07-02 09:38:40.596,buffer_pool_wait_free,18945,18945,7.024085,enabled
1782985120.594,2026-07-02 09:38:40.596,buffer_pool_write_requests,645460619,645460619,239312.224345,enabled
1782985120.594,2026-07-02 09:38:40.596,dml_deletes,14863065,14863065,5510.657765,enabled
1782985120.594,2026-07-02 09:38:40.596,dml_inserts,114748469,114748469,42544.356923,enabled
1782985120.594,2026-07-02 09:38:40.596,dml_system_deletes,468,468,0.173517,enabled
1782985120.594,2026-07-02 09:38:40.596,dml_system_inserts,1202,1202,0.445656,enabled
1782985120.594,2026-07-02 09:38:40.596,dml_system_reads,7661,7661,2.840407,enabled
1782985120.594,2026-07-02 09:38:40.596,dml_system_updates,620,620,0.229872,enabled
1782985120.594,2026-07-02 09:38:40.596,dml_updates,29726253,29726253,11021.361125,enabled
1782985120.594,2026-07-02 09:38:40.596,file_num_open_files,35,35,0.000000,enabled
1782985120.594,2026-07-02 09:38:40.596,ibuf_merges,0,0,0.000000,enabled
1782985120.594,2026-07-02 09:38:40.596,ibuf_merges_delete,0,0,0.000000,enabled
1782985120.594,2026-07-02 09:38:40.596,ibuf_merges_delete_mark,0,0,0.000000,enabled
1782985120.594,2026-07-02 09:38:40.596,ibuf_merges_discard_delete,0,0,0.000000,enabled
1782985120.594,2026-07-02 09:38:40.596,ibuf_merges_discard_delete_mark,0,0,0.000000,enabled
1782985120.594,2026-07-02 09:38:40.596,ibuf_merges_discard_insert,0,0,0.000000,enabled
1782985120.594,2026-07-02 09:38:40.596,ibuf_merges_insert,0,0,0.000000,enabled
1782985120.594,2026-07-02 09:38:40.596,ibuf_size,1,1,0.000371,enabled
1782985120.594,2026-07-02 09:38:40.596,innodb_activity_count,19985176,19985176,7409.741317,enabled
1782985120.594,2026-07-02 09:38:40.596,innodb_dblwr_pages_written,31261486,31261486,11590.567084,enabled
1782985120.594,2026-07-02 09:38:40.596,innodb_dblwr_writes,650794,650794,241.289602,enabled
1782985120.594,2026-07-02 09:38:40.596,innodb_page_size,16384,16384,0.000000,enabled
1782985120.594,2026-07-02 09:38:40.596,innodb_rwlock_sx_os_waits,0,0,0.000000,enabled
1782985120.594,2026-07-02 09:38:40.596,innodb_rwlock_sx_spin_rounds,0,0,0.000000,enabled
1782985120.594,2026-07-02 09:38:40.596,innodb_rwlock_sx_spin_waits,0,0,0.000000,enabled
1782985120.594,2026-07-02 09:38:40.596,innodb_rwlock_s_os_waits,0,0,0.000000,enabled
1782985120.594,2026-07-02 09:38:40.596,innodb_rwlock_s_spin_rounds,0,0,0.000000,enabled
1782985120.594,2026-07-02 09:38:40.596,innodb_rwlock_s_spin_waits,0,0,0.000000,enabled
1782985120.594,2026-07-02 09:38:40.596,innodb_rwlock_x_os_waits,0,0,0.000000,enabled
1782985120.594,2026-07-02 09:38:40.596,innodb_rwlock_x_spin_rounds,0,0,0.000000,enabled
1782985120.594,2026-07-02 09:38:40.596,innodb_rwlock_x_spin_waits,0,0,0.000000,enabled
1782985120.594,2026-07-02 09:38:40.596,lock_deadlocks,0,0,0.000000,enabled
1782985120.594,2026-07-02 09:38:40.596,lock_deadlock_false_positives,0,0,0.000000,enabled
1782985120.594,2026-07-02 09:38:40.596,lock_deadlock_rounds,2934,2934,1.087816,enabled
1782985120.594,2026-07-02 09:38:40.596,lock_rec_grant_attempts,425,425,0.157574,enabled
1782985120.594,2026-07-02 09:38:40.596,lock_rec_release_attempts,45177073,45177073,16749.938987,enabled
1782985120.594,2026-07-02 09:38:40.596,lock_row_lock_current_waits,0,0,0.000000,enabled
1782985120.594,2026-07-02 09:38:40.596,lock_row_lock_time,323,323,0.119756,enabled
1782985120.594,2026-07-02 09:38:40.596,lock_row_lock_time_avg,0,0,0.000000,enabled
1782985120.594,2026-07-02 09:38:40.596,lock_row_lock_time_max,29,29,0.000000,enabled
1782985120.594,2026-07-02 09:38:40.596,lock_row_lock_waits,425,425,0.157574,enabled
1782985120.594,2026-07-02 09:38:40.596,lock_schedule_refreshes,2934,2934,1.087816,enabled
1782985120.594,2026-07-02 09:38:40.596,lock_threads_waiting,0,0,0.000000,enabled
1782985120.594,2026-07-02 09:38:40.596,lock_timeouts,0,0,0.000000,enabled
1782985120.594,2026-07-02 09:38:40.596,log_waits,0,0,0.000000,enabled
1782985120.594,2026-07-02 09:38:40.596,log_writes,227848896,227848896,84477.687043,enabled
1782985120.594,2026-07-02 09:38:40.596,log_write_requests,437377081,437377081,162162.752786,enabled
1782985120.594,2026-07-02 09:38:40.596,os_data_fsyncs,67081772,67081772,24871.365155,enabled
1782985120.594,2026-07-02 09:38:40.596,os_data_reads,96178963,96178963,35659.494989,enabled
1782985120.594,2026-07-02 09:38:40.596,os_data_writes,260053510,260053510,96417.933198,enabled
1782985120.594,2026-07-02 09:38:40.596,os_log_bytes_written,141550050816,141550050816,52481365.518264,enabled
1782985120.594,2026-07-02 09:38:40.596,os_log_fsyncs,58405184,58405184,21654.416866,enabled
1782985120.594,2026-07-02 09:38:40.596,os_log_pending_fsyncs,1,1,0.000371,enabled
1782985120.594,2026-07-02 09:38:40.596,os_log_pending_writes,0,0,0.000000,enabled
1782985120.594,2026-07-02 09:38:40.596,trx_rseg_history_len,992,992,0.000000,enabled
1782985121.660,2026-07-02 09:38:41.662,adaptive_hash_searches,0,0,0.000000,enabled
1782985121.660,2026-07-02 09:38:41.662,adaptive_hash_searches_btree,657667439,657667439,243741.202961,enabled
1782985121.660,2026-07-02 09:38:41.662,buffer_data_reads,1571816884736,1571816884736,582538460.569759,enabled
1782985121.660,2026-07-02 09:38:41.662,buffer_data_written,692764508160,692764508160,256748717.832191,enabled
1782985121.660,2026-07-02 09:38:41.662,buffer_pages0_read,7,7,0.002594,enabled
1782985121.660,2026-07-02 09:38:41.662,buffer_pages_created,1826025,1826025,676.751732,enabled
1782985121.660,2026-07-02 09:38:41.662,buffer_pages_read,96206661,96206661,35655.603921,enabled
1782985121.660,2026-07-02 09:38:41.662,buffer_pages_written,31336882,31336882,11613.909516,enabled
1782985121.660,2026-07-02 09:38:41.662,buffer_pool_bytes_data,12860194816,12860194816,0.000000,enabled
1782985121.660,2026-07-02 09:38:41.662,buffer_pool_bytes_dirty,4608622592,4608622592,0.000000,enabled
1782985121.660,2026-07-02 09:38:41.662,buffer_pool_pages_data,784924,784924,0.000000,enabled
1782985121.660,2026-07-02 09:38:41.662,buffer_pool_pages_dirty,281288,281288,0.000000,enabled
1782985121.660,2026-07-02 09:38:41.662,buffer_pool_pages_flushed,31279768,31279768,0.000000,enabled
1782985121.660,2026-07-02 09:38:41.662,buffer_pool_pages_free,1411,1411,0.000000,enabled
1782985121.660,2026-07-02 09:38:41.662,buffer_pool_pages_lru_flushed,0,0,0.000000,enabled
1782985121.660,2026-07-02 09:38:41.662,buffer_pool_pages_misc,97,97,0.000000,enabled
1782985121.660,2026-07-02 09:38:41.662,buffer_pool_pages_total,786432,786432,0.000000,enabled
1782985121.660,2026-07-02 09:38:41.662,buffer_pool_reads,95288494,95288494,35315.318787,enabled
1782985121.660,2026-07-02 09:38:41.662,buffer_pool_read_ahead,803715,803715,297.868609,enabled
1782985121.660,2026-07-02 09:38:41.662,buffer_pool_read_ahead_evicted,25,25,0.009265,enabled
1782985121.660,2026-07-02 09:38:41.662,buffer_pool_read_requests,3175899285,3175899285,1177035.027685,enabled
1782985121.660,2026-07-02 09:38:41.662,buffer_pool_size,12884901888,12884901888,0.000000,enabled
1782985121.660,2026-07-02 09:38:41.662,buffer_pool_wait_free,18945,18945,7.021296,enabled
1782985121.660,2026-07-02 09:38:41.662,buffer_pool_write_requests,645570281,645570281,239257.849461,enabled
1782985121.660,2026-07-02 09:38:41.662,dml_deletes,14867809,14867809,5510.228052,enabled
1782985121.660,2026-07-02 09:38:41.662,dml_inserts,114753212,114753212,42529.223255,enabled
1782985121.660,2026-07-02 09:38:41.662,dml_system_deletes,468,468,0.173448,enabled
1782985121.660,2026-07-02 09:38:41.662,dml_system_inserts,1202,1202,0.445479,enabled
1782985121.660,2026-07-02 09:38:41.662,dml_system_reads,7661,7661,2.839279,enabled
1782985121.660,2026-07-02 09:38:41.662,dml_system_updates,620,620,0.229781,enabled
1782985121.660,2026-07-02 09:38:41.662,dml_updates,29735744,29735744,11020.502794,enabled
1782985121.660,2026-07-02 09:38:41.662,file_num_open_files,35,35,0.000000,enabled
1782985121.660,2026-07-02 09:38:41.662,ibuf_merges,0,0,0.000000,enabled
1782985121.660,2026-07-02 09:38:41.662,ibuf_merges_delete,0,0,0.000000,enabled
1782985121.660,2026-07-02 09:38:41.662,ibuf_merges_delete_mark,0,0,0.000000,enabled
1782985121.660,2026-07-02 09:38:41.662,ibuf_merges_discard_delete,0,0,0.000000,enabled
1782985121.660,2026-07-02 09:38:41.662,ibuf_merges_discard_delete_mark,0,0,0.000000,enabled
1782985121.660,2026-07-02 09:38:41.662,ibuf_merges_discard_insert,0,0,0.000000,enabled
1782985121.660,2026-07-02 09:38:41.662,ibuf_merges_insert,0,0,0.000000,enabled
1782985121.660,2026-07-02 09:38:41.662,ibuf_size,1,1,0.000371,enabled
1782985121.660,2026-07-02 09:38:41.662,innodb_activity_count,19990631,19990631,7408.821103,enabled
1782985121.660,2026-07-02 09:38:41.662,innodb_dblwr_pages_written,31277254,31277254,11591.809100,enabled
1782985121.660,2026-07-02 09:38:41.662,innodb_dblwr_writes,651157,651157,241.328335,enabled
1782985121.660,2026-07-02 09:38:41.662,innodb_page_size,16384,16384,0.000000,enabled
1782985121.660,2026-07-02 09:38:41.662,innodb_rwlock_sx_os_waits,0,0,0.000000,enabled
1782985121.660,2026-07-02 09:38:41.662,innodb_rwlock_sx_spin_rounds,0,0,0.000000,enabled
1782985121.660,2026-07-02 09:38:41.662,innodb_rwlock_sx_spin_waits,0,0,0.000000,enabled
1782985121.660,2026-07-02 09:38:41.662,innodb_rwlock_s_os_waits,0,0,0.000000,enabled
1782985121.660,2026-07-02 09:38:41.662,innodb_rwlock_s_spin_rounds,0,0,0.000000,enabled
1782985121.660,2026-07-02 09:38:41.662,innodb_rwlock_s_spin_waits,0,0,0.000000,enabled
1782985121.660,2026-07-02 09:38:41.662,innodb_rwlock_x_os_waits,0,0,0.000000,enabled
1782985121.660,2026-07-02 09:38:41.662,innodb_rwlock_x_spin_rounds,0,0,0.000000,enabled
1782985121.660,2026-07-02 09:38:41.662,innodb_rwlock_x_spin_waits,0,0,0.000000,enabled
1782985121.660,2026-07-02 09:38:41.662,lock_deadlocks,0,0,0.000000,enabled
1782985121.660,2026-07-02 09:38:41.662,lock_deadlock_false_positives,0,0,0.000000,enabled
1782985121.660,2026-07-02 09:38:41.662,lock_deadlock_rounds,2935,2935,1.087754,enabled
1782985121.660,2026-07-02 09:38:41.662,lock_rec_grant_attempts,425,425,0.157511,enabled
1782985121.660,2026-07-02 09:38:41.662,lock_rec_release_attempts,45191504,45191504,16748.636894,enabled
1782985121.660,2026-07-02 09:38:41.662,lock_row_lock_current_waits,0,0,0.000000,enabled
1782985121.660,2026-07-02 09:38:41.662,lock_row_lock_time,323,323,0.119709,enabled
1782985121.660,2026-07-02 09:38:41.662,lock_row_lock_time_avg,0,0,0.000000,enabled
1782985121.660,2026-07-02 09:38:41.662,lock_row_lock_time_max,29,29,0.000000,enabled
1782985121.660,2026-07-02 09:38:41.662,lock_row_lock_waits,425,425,0.157511,enabled
1782985121.660,2026-07-02 09:38:41.662,lock_schedule_refreshes,2935,2935,1.087754,enabled
1782985121.660,2026-07-02 09:38:41.662,lock_threads_waiting,0,0,0.000000,enabled
1782985121.660,2026-07-02 09:38:41.662,lock_timeouts,0,0,0.000000,enabled
1782985121.660,2026-07-02 09:38:41.662,log_waits,0,0,0.000000,enabled
1782985121.660,2026-07-02 09:38:41.662,log_writes,227927551,227927551,84473.297051,enabled
1782985121.660,2026-07-02 09:38:41.662,log_write_requests,437457838,437457838,162128.298043,enabled
1782985121.660,2026-07-02 09:38:41.662,os_data_fsyncs,67113245,67113245,24873.154641,enabled
1782985121.660,2026-07-02 09:38:41.662,os_data_reads,96234232,96234232,35665.820316,enabled
1782985121.660,2026-07-02 09:38:41.662,os_data_writes,260148220,260148220,96414.752545,enabled
1782985121.660,2026-07-02 09:38:41.662,os_log_bytes_written,141590898176,141590898176,52475667.072555,enabled
1782985121.660,2026-07-02 09:38:41.662,os_log_fsyncs,58431805,58431805,21655.685377,enabled
1782985121.660,2026-07-02 09:38:41.662,os_log_pending_fsyncs,1,1,0.000371,enabled
1782985121.660,2026-07-02 09:38:41.662,os_log_pending_writes,1,1,0.000371,enabled
1782985121.660,2026-07-02 09:38:41.662,trx_rseg_history_len,920,920,0.000000,enabled
1782985122.732,2026-07-02 09:38:42.733,adaptive_hash_searches,0,0,0.000000,enabled
1782985122.732,2026-07-02 09:38:42.733,adaptive_hash_searches_btree,657831910,657831910,243705.741030,enabled
1782985122.732,2026-07-02 09:38:42.733,buffer_data_reads,1572728556032,1572728556032,582645830.602354,enabled
1782985122.732,2026-07-02 09:38:42.733,buffer_data_written,693074085888,693074085888,256761870.697984,enabled
1782985122.732,2026-07-02 09:38:42.733,buffer_pages0_read,7,7,0.002593,enabled
1782985122.732,2026-07-02 09:38:42.733,buffer_pages_created,1826060,1826060,676.497066,enabled
1782985122.732,2026-07-02 09:38:42.733,buffer_pages_read,96262452,96262452,35662.172076,enabled
1782985122.732,2026-07-02 09:38:42.733,buffer_pages_written,31352920,31352920,11615.258165,enabled
1782985122.732,2026-07-02 09:38:42.733,buffer_pool_bytes_data,12860342272,12860342272,0.000000,enabled
1782985122.732,2026-07-02 09:38:42.733,buffer_pool_bytes_dirty,4611719168,4611719168,0.000000,enabled
1782985122.732,2026-07-02 09:38:42.733,buffer_pool_pages_data,784933,784933,0.000000,enabled
1782985122.732,2026-07-02 09:38:42.733,buffer_pool_pages_dirty,281477,281477,0.000000,enabled
1782985122.732,2026-07-02 09:38:42.733,buffer_pool_pages_flushed,31295806,31295806,0.000000,enabled
1782985122.732,2026-07-02 09:38:42.733,buffer_pool_pages_free,1403,1403,0.000000,enabled
1782985122.732,2026-07-02 09:38:42.733,buffer_pool_pages_lru_flushed,0,0,0.000000,enabled
1782985122.732,2026-07-02 09:38:42.733,buffer_pool_pages_misc,96,96,0.000000,enabled
1782985122.732,2026-07-02 09:38:42.733,buffer_pool_pages_total,786432,786432,0.000000,enabled
1782985122.732,2026-07-02 09:38:42.733,buffer_pool_reads,95344235,95344235,35322.002959,enabled
1782985122.732,2026-07-02 09:38:42.733,buffer_pool_read_ahead,803715,803715,297.750812,enabled
1782985122.732,2026-07-02 09:38:42.733,buffer_pool_read_ahead_evicted,25,25,0.009262,enabled
1782985122.732,2026-07-02 09:38:42.733,buffer_pool_read_requests,3176714040,3176714040,1176871.388682,enabled
1782985122.732,2026-07-02 09:38:42.733,buffer_pool_size,12884901888,12884901888,0.000000,enabled
1782985122.732,2026-07-02 09:38:42.733,buffer_pool_wait_free,18945,18945,7.018519,enabled
1782985122.732,2026-07-02 09:38:42.733,buffer_pool_write_requests,645680962,645680962,239204.234418,enabled
1782985122.732,2026-07-02 09:38:42.733,dml_deletes,14872562,14872562,5509.809696,enabled
1782985122.732,2026-07-02 09:38:42.733,dml_inserts,114757966,114757966,42514.164962,enabled
1782985122.732,2026-07-02 09:38:42.733,dml_system_deletes,468,468,0.173379,enabled
1782985122.732,2026-07-02 09:38:42.733,dml_system_inserts,1202,1202,0.445303,enabled
1782985122.732,2026-07-02 09:38:42.733,dml_system_reads,7661,7661,2.838156,enabled
1782985122.732,2026-07-02 09:38:42.733,dml_system_updates,620,620,0.229690,enabled
1782985122.732,2026-07-02 09:38:42.733,dml_updates,29745249,29745249,11019.665691,enabled
1782985122.732,2026-07-02 09:38:42.733,file_num_open_files,35,35,0.000000,enabled
1782985122.732,2026-07-02 09:38:42.733,ibuf_merges,0,0,0.000000,enabled
1782985122.732,2026-07-02 09:38:42.733,ibuf_merges_delete,0,0,0.000000,enabled
1782985122.732,2026-07-02 09:38:42.733,ibuf_merges_delete_mark,0,0,0.000000,enabled
1782985122.732,2026-07-02 09:38:42.733,ibuf_merges_discard_delete,0,0,0.000000,enabled
1782985122.732,2026-07-02 09:38:42.733,ibuf_merges_discard_delete_mark,0,0,0.000000,enabled
1782985122.732,2026-07-02 09:38:42.733,ibuf_merges_discard_insert,0,0,0.000000,enabled
1782985122.732,2026-07-02 09:38:42.733,ibuf_merges_insert,0,0,0.000000,enabled
1782985122.732,2026-07-02 09:38:42.733,ibuf_size,1,1,0.000370,enabled
1782985122.732,2026-07-02 09:38:42.733,innodb_activity_count,19996091,19996091,7407.913831,enabled
1782985122.732,2026-07-02 09:38:42.733,innodb_dblwr_pages_written,31293292,31293292,11593.166346,enabled
1782985122.732,2026-07-02 09:38:42.733,innodb_dblwr_writes,651508,651508,241.362929,enabled
1782985122.732,2026-07-02 09:38:42.733,innodb_page_size,16384,16384,0.000000,enabled
1782985122.732,2026-07-02 09:38:42.733,innodb_rwlock_sx_os_waits,0,0,0.000000,enabled
1782985122.732,2026-07-02 09:38:42.733,innodb_rwlock_sx_spin_rounds,0,0,0.000000,enabled
1782985122.732,2026-07-02 09:38:42.733,innodb_rwlock_sx_spin_waits,0,0,0.000000,enabled
1782985122.732,2026-07-02 09:38:42.733,innodb_rwlock_s_os_waits,0,0,0.000000,enabled
1782985122.732,2026-07-02 09:38:42.733,innodb_rwlock_s_spin_rounds,0,0,0.000000,enabled
1782985122.732,2026-07-02 09:38:42.733,innodb_rwlock_s_spin_waits,0,0,0.000000,enabled
1782985122.732,2026-07-02 09:38:42.733,innodb_rwlock_x_os_waits,0,0,0.000000,enabled
1782985122.732,2026-07-02 09:38:42.733,innodb_rwlock_x_spin_rounds,0,0,0.000000,enabled
1782985122.732,2026-07-02 09:38:42.733,innodb_rwlock_x_spin_waits,0,0,0.000000,enabled
1782985122.732,2026-07-02 09:38:42.733,lock_deadlocks,0,0,0.000000,enabled
1782985122.732,2026-07-02 09:38:42.733,lock_deadlock_false_positives,0,0,0.000000,enabled
1782985122.732,2026-07-02 09:38:42.733,lock_deadlock_rounds,2936,2936,1.087695,enabled
1782985122.732,2026-07-02 09:38:42.733,lock_rec_grant_attempts,425,425,0.157449,enabled
1782985122.732,2026-07-02 09:38:42.733,lock_rec_release_attempts,45205978,45205978,16747.375495,enabled
1782985122.732,2026-07-02 09:38:42.733,lock_row_lock_current_waits,0,0,0.000000,enabled
1782985122.732,2026-07-02 09:38:42.733,lock_row_lock_time,323,323,0.119661,enabled
1782985122.732,2026-07-02 09:38:42.733,lock_row_lock_time_avg,0,0,0.000000,enabled
1782985122.732,2026-07-02 09:38:42.733,lock_row_lock_time_max,29,29,0.000000,enabled
1782985122.732,2026-07-02 09:38:42.733,lock_row_lock_waits,425,425,0.157449,enabled
1782985122.732,2026-07-02 09:38:42.733,lock_schedule_refreshes,2936,2936,1.087695,enabled
1782985122.732,2026-07-02 09:38:42.733,lock_threads_waiting,0,0,0.000000,enabled
1782985122.732,2026-07-02 09:38:42.733,lock_timeouts,0,0,0.000000,enabled
1782985122.732,2026-07-02 09:38:42.733,log_waits,0,0,0.000000,enabled
1782985122.732,2026-07-02 09:38:42.733,log_writes,228005721,228005721,84468.849735,enabled
1782985122.732,2026-07-02 09:38:42.733,log_write_requests,437538648,437538648,162094.118378,enabled
1782985122.732,2026-07-02 09:38:42.733,os_data_fsyncs,67145147,67145147,24875.136711,enabled
1782985122.732,2026-07-02 09:38:42.733,os_data_reads,96289866,96289866,35672.326160,enabled
1782985122.732,2026-07-02 09:38:42.733,os_data_writes,260242688,260242688,96411.620732,enabled
1782985122.732,2026-07-02 09:38:42.733,os_log_bytes_written,141631709696,141631709696,52470033.851292,enabled
1782985122.732,2026-07-02 09:38:42.733,os_log_fsyncs,58458918,58458918,21657.165689,enabled
1782985122.732,2026-07-02 09:38:42.733,os_log_pending_fsyncs,1,1,0.000370,enabled
1782985122.732,2026-07-02 09:38:42.733,os_log_pending_writes,0,0,0.000000,enabled
1782985122.732,2026-07-02 09:38:42.733,trx_rseg_history_len,892,892,0.000000,enabled
1782985123.799,2026-07-02 09:38:43.801,adaptive_hash_searches,0,0,0.000000,enabled
1782985123.799,2026-07-02 09:38:43.801,adaptive_hash_searches_btree,657996915,657996915,243670.175306,enabled
1782985123.799,2026-07-02 09:38:43.801,buffer_data_reads,1573644290560,1573644290560,582753833.314563,enabled
1782985123.799,2026-07-02 09:38:43.801,buffer_data_written,693381720576,693381720576,256773946.794130,enabled
1782985123.799,2026-07-02 09:38:43.801,buffer_pages0_read,7,7,0.002592,enabled
1782985123.799,2026-07-02 09:38:43.801,buffer_pages_created,1826092,1826092,676.240576,enabled
1782985123.799,2026-07-02 09:38:43.801,buffer_pages_read,96318508,96318508,35668.784989,enabled
1782985123.799,2026-07-02 09:38:43.801,buffer_pages_written,31368840,31368840,11616.546349,enabled
1782985123.799,2026-07-02 09:38:43.801,buffer_pool_bytes_data,12852183040,12852183040,0.000000,enabled
1782985123.799,2026-07-02 09:38:43.801,buffer_pool_bytes_dirty,4616028160,4616028160,0.000000,enabled
1782985123.799,2026-07-02 09:38:43.801,buffer_pool_pages_data,784435,784435,0.000000,enabled
1782985123.799,2026-07-02 09:38:43.801,buffer_pool_pages_dirty,281740,281740,0.000000,enabled
1782985123.799,2026-07-02 09:38:43.801,buffer_pool_pages_flushed,31311726,31311726,0.000000,enabled
1782985123.799,2026-07-02 09:38:43.801,buffer_pool_pages_free,1900,1900,0.000000,enabled
1782985123.799,2026-07-02 09:38:43.801,buffer_pool_pages_lru_flushed,0,0,0.000000,enabled
1782985123.799,2026-07-02 09:38:43.801,buffer_pool_pages_misc,96,96,0.000000,enabled
1782985123.799,2026-07-02 09:38:43.801,buffer_pool_pages_total,786432,786432,0.000000,enabled
1782985123.799,2026-07-02 09:38:43.801,buffer_pool_reads,95400248,95400248,35328.734913,enabled
1782985123.799,2026-07-02 09:38:43.801,buffer_pool_read_ahead,803715,803715,297.632705,enabled
1782985123.799,2026-07-02 09:38:43.801,buffer_pool_read_ahead_evicted,25,25,0.009258,enabled
1782985123.799,2026-07-02 09:38:43.801,buffer_pool_read_requests,3177532010,3177532010,1176707.481364,enabled
1782985123.799,2026-07-02 09:38:43.801,buffer_pool_size,12884901888,12884901888,0.000000,enabled
1782985123.799,2026-07-02 09:38:43.801,buffer_pool_wait_free,18945,18945,7.015735,enabled
1782985123.799,2026-07-02 09:38:43.801,buffer_pool_write_requests,645791824,645791824,239150.405947,enabled
1782985123.799,2026-07-02 09:38:43.801,dml_deletes,14877332,14877332,5509.390585,enabled
1782985123.799,2026-07-02 09:38:43.801,dml_inserts,114762735,114762735,42499.067190,enabled
1782985123.799,2026-07-02 09:38:43.801,dml_system_deletes,468,468,0.173310,enabled
1782985123.799,2026-07-02 09:38:43.801,dml_system_inserts,1202,1202,0.445126,enabled
1782985123.799,2026-07-02 09:38:43.801,dml_system_reads,7661,7661,2.837030,enabled
1782985123.799,2026-07-02 09:38:43.801,dml_system_updates,620,620,0.229599,enabled
1782985123.799,2026-07-02 09:38:43.801,dml_updates,29754794,29754794,11018.829303,enabled
1782985123.799,2026-07-02 09:38:43.801,file_num_open_files,35,35,0.000000,enabled
1782985123.799,2026-07-02 09:38:43.801,ibuf_merges,0,0,0.000000,enabled
1782985123.799,2026-07-02 09:38:43.801,ibuf_merges_delete,0,0,0.000000,enabled
1782985123.799,2026-07-02 09:38:43.801,ibuf_merges_delete_mark,0,0,0.000000,enabled
1782985123.799,2026-07-02 09:38:43.801,ibuf_merges_discard_delete,0,0,0.000000,enabled
1782985123.799,2026-07-02 09:38:43.801,ibuf_merges_discard_delete_mark,0,0,0.000000,enabled
1782985123.799,2026-07-02 09:38:43.801,ibuf_merges_discard_insert,0,0,0.000000,enabled
1782985123.799,2026-07-02 09:38:43.801,ibuf_merges_insert,0,0,0.000000,enabled
1782985123.799,2026-07-02 09:38:43.801,ibuf_size,1,1,0.000370,enabled
1782985123.799,2026-07-02 09:38:43.801,innodb_activity_count,20001578,20001578,7407.007323,enabled
1782985123.799,2026-07-02 09:38:43.801,innodb_dblwr_pages_written,31309212,31309212,11594.463255,enabled
1782985123.799,2026-07-02 09:38:43.801,innodb_dblwr_writes,651866,651866,241.399764,enabled
1782985123.799,2026-07-02 09:38:43.801,innodb_page_size,16384,16384,0.000000,enabled
1782985123.799,2026-07-02 09:38:43.801,innodb_rwlock_sx_os_waits,0,0,0.000000,enabled
1782985123.799,2026-07-02 09:38:43.801,innodb_rwlock_sx_spin_rounds,0,0,0.000000,enabled
1782985123.799,2026-07-02 09:38:43.801,innodb_rwlock_sx_spin_waits,0,0,0.000000,enabled
1782985123.799,2026-07-02 09:38:43.801,innodb_rwlock_s_os_waits,0,0,0.000000,enabled
1782985123.799,2026-07-02 09:38:43.801,innodb_rwlock_s_spin_rounds,0,0,0.000000,enabled
1782985123.799,2026-07-02 09:38:43.801,innodb_rwlock_s_spin_waits,0,0,0.000000,enabled
1782985123.799,2026-07-02 09:38:43.801,innodb_rwlock_x_os_waits,0,0,0.000000,enabled
1782985123.799,2026-07-02 09:38:43.801,innodb_rwlock_x_spin_rounds,0,0,0.000000,enabled
1782985123.799,2026-07-02 09:38:43.801,innodb_rwlock_x_spin_waits,0,0,0.000000,enabled
1782985123.799,2026-07-02 09:38:43.801,lock_deadlocks,0,0,0.000000,enabled
1782985123.799,2026-07-02 09:38:43.801,lock_deadlock_false_positives,0,0,0.000000,enabled
1782985123.799,2026-07-02 09:38:43.801,lock_deadlock_rounds,2937,2937,1.087633,enabled
1782985123.799,2026-07-02 09:38:43.801,lock_rec_grant_attempts,425,425,0.157387,enabled
1782985123.799,2026-07-02 09:38:43.801,lock_rec_release_attempts,45220465,45220465,16746.097324,enabled
1782985123.799,2026-07-02 09:38:43.801,lock_row_lock_current_waits,0,0,0.000000,enabled
1782985123.799,2026-07-02 09:38:43.801,lock_row_lock_time,323,323,0.119614,enabled
1782985123.799,2026-07-02 09:38:43.801,lock_row_lock_time_avg,0,0,0.000000,enabled
1782985123.799,2026-07-02 09:38:43.801,lock_row_lock_time_max,29,29,0.000000,enabled
1782985123.799,2026-07-02 09:38:43.801,lock_row_lock_waits,425,425,0.157387,enabled
1782985123.799,2026-07-02 09:38:43.801,lock_schedule_refreshes,2937,2937,1.087633,enabled
1782985123.799,2026-07-02 09:38:43.801,lock_threads_waiting,0,0,0.000000,enabled
1782985123.799,2026-07-02 09:38:43.801,lock_timeouts,0,0,0.000000,enabled
1782985123.799,2026-07-02 09:38:43.801,log_waits,0,0,0.000000,enabled
1782985123.799,2026-07-02 09:38:43.801,log_writes,228084409,228084409,84464.483558,enabled
1782985123.799,2026-07-02 09:38:43.801,log_write_requests,437619838,437619838,162059.887367,enabled
1782985123.799,2026-07-02 09:38:43.801,os_data_fsyncs,67177340,67177340,24877.191455,enabled
1782985123.799,2026-07-02 09:38:43.801,os_data_reads,96345757,96345757,35678.873941,enabled
1782985123.799,2026-07-02 09:38:43.801,os_data_writes,260337557,260337557,96408.509954,enabled
1782985123.799,2026-07-02 09:38:43.801,os_log_bytes_written,141672755200,141672755200,52464421.027084,enabled
1782985123.799,2026-07-02 09:38:43.801,os_log_fsyncs,58486280,58486280,21658.707858,enabled
1782985123.799,2026-07-02 09:38:43.801,os_log_pending_fsyncs,0,0,0.000000,enabled
1782985123.799,2026-07-02 09:38:43.801,os_log_pending_writes,0,0,0.000000,enabled
1782985123.799,2026-07-02 09:38:43.801,trx_rseg_history_len,826,826,0.000000,enabled
1782985124.870,2026-07-02 09:38:44.872,adaptive_hash_searches,0,0,0.000000,enabled
1782985124.870,2026-07-02 09:38:44.872,adaptive_hash_searches_btree,658163426,658163426,243635.135262,enabled
1782985124.870,2026-07-02 09:38:44.872,buffer_data_reads,1574573410816,1574573410816,582866553.436263,enabled
1782985124.870,2026-07-02 09:38:44.872,buffer_data_written,693694675968,693694675968,256787915.928020,enabled
1782985124.870,2026-07-02 09:38:44.872,buffer_pages0_read,7,7,0.002591,enabled
1782985124.870,2026-07-02 09:38:44.872,buffer_pages_created,1826121,1826121,675.983002,enabled
1782985124.870,2026-07-02 09:38:44.872,buffer_pages_read,96375371,96375371,35675.682084,enabled
1782985124.870,2026-07-02 09:38:44.872,buffer_pages_written,31385009,31385009,11617.922656,enabled
1782985124.870,2026-07-02 09:38:44.872,buffer_pool_bytes_data,12851560448,12851560448,0.000000,enabled
1782985124.870,2026-07-02 09:38:44.872,buffer_pool_bytes_dirty,4617486336,4617486336,0.000000,enabled
1782985124.870,2026-07-02 09:38:44.872,buffer_pool_pages_data,784397,784397,0.000000,enabled
1782985124.870,2026-07-02 09:38:44.872,buffer_pool_pages_dirty,281829,281829,0.000000,enabled
1782985124.870,2026-07-02 09:38:44.872,buffer_pool_pages_flushed,31327879,31327879,0.000000,enabled
1782985124.870,2026-07-02 09:38:44.872,buffer_pool_pages_free,1940,1940,0.000000,enabled
1782985124.870,2026-07-02 09:38:44.872,buffer_pool_pages_lru_flushed,0,0,0.000000,enabled
1782985124.870,2026-07-02 09:38:44.872,buffer_pool_pages_misc,96,96,0.000000,enabled
1782985124.870,2026-07-02 09:38:44.872,buffer_pool_pages_total,786432,786432,0.000000,enabled
1782985124.870,2026-07-02 09:38:44.872,buffer_pool_reads,95457062,95457062,35335.748770,enabled
1782985124.870,2026-07-02 09:38:44.872,buffer_pool_read_ahead,803715,803715,297.514615,enabled
1782985124.870,2026-07-02 09:38:44.872,buffer_pool_read_ahead_evicted,25,25,0.009254,enabled
1782985124.870,2026-07-02 09:38:44.872,buffer_pool_read_requests,3178356777,3178356777,1176545.911875,enabled
1782985124.870,2026-07-02 09:38:44.872,buffer_pool_size,12884901888,12884901888,0.000000,enabled
1782985124.870,2026-07-02 09:38:44.872,buffer_pool_wait_free,18945,18945,7.012952,enabled
1782985124.870,2026-07-02 09:38:44.872,buffer_pool_write_requests,645903342,645903342,239096.800408,enabled
1782985124.870,2026-07-02 09:38:44.872,dml_deletes,14882148,14882148,5508.987422,enabled
1782985124.870,2026-07-02 09:38:44.872,dml_inserts,114767552,114767552,42483.988263,enabled
1782985124.870,2026-07-02 09:38:44.872,dml_system_deletes,468,468,0.173242,enabled
1782985124.870,2026-07-02 09:38:44.872,dml_system_inserts,1202,1202,0.444949,enabled
1782985124.870,2026-07-02 09:38:44.872,dml_system_reads,7661,7661,2.835905,enabled
1782985124.870,2026-07-02 09:38:44.872,dml_system_updates,620,620,0.229508,enabled
1782985124.870,2026-07-02 09:38:44.872,dml_updates,29764421,29764421,11018.021106,enabled
1782985124.870,2026-07-02 09:38:44.872,file_num_open_files,35,35,0.000000,enabled
1782985124.870,2026-07-02 09:38:44.872,ibuf_merges,0,0,0.000000,enabled
1782985124.870,2026-07-02 09:38:44.872,ibuf_merges_delete,0,0,0.000000,enabled
1782985124.870,2026-07-02 09:38:44.872,ibuf_merges_delete_mark,0,0,0.000000,enabled
1782985124.870,2026-07-02 09:38:44.872,ibuf_merges_discard_delete,0,0,0.000000,enabled
1782985124.870,2026-07-02 09:38:44.872,ibuf_merges_discard_delete_mark,0,0,0.000000,enabled
1782985124.870,2026-07-02 09:38:44.872,ibuf_merges_discard_insert,0,0,0.000000,enabled
1782985124.870,2026-07-02 09:38:44.872,ibuf_merges_insert,0,0,0.000000,enabled
1782985124.870,2026-07-02 09:38:44.872,ibuf_size,1,1,0.000370,enabled
1782985124.870,2026-07-02 09:38:44.872,innodb_activity_count,20007116,20007116,7406.118542,enabled
1782985124.870,2026-07-02 09:38:44.872,innodb_dblwr_pages_written,31325386,31325386,11595.850232,enabled
1782985124.870,2026-07-02 09:38:44.872,innodb_dblwr_writes,652227,652227,241.437619,enabled
1782985124.870,2026-07-02 09:38:44.872,innodb_page_size,16384,16384,0.000000,enabled
1782985124.870,2026-07-02 09:38:44.872,innodb_rwlock_sx_os_waits,0,0,0.000000,enabled
1782985124.870,2026-07-02 09:38:44.872,innodb_rwlock_sx_spin_rounds,0,0,0.000000,enabled
1782985124.870,2026-07-02 09:38:44.872,innodb_rwlock_sx_spin_waits,0,0,0.000000,enabled
1782985124.870,2026-07-02 09:38:44.872,innodb_rwlock_s_os_waits,0,0,0.000000,enabled
1782985124.870,2026-07-02 09:38:44.872,innodb_rwlock_s_spin_rounds,0,0,0.000000,enabled
1782985124.870,2026-07-02 09:38:44.872,innodb_rwlock_s_spin_waits,0,0,0.000000,enabled
1782985124.870,2026-07-02 09:38:44.872,innodb_rwlock_x_os_waits,0,0,0.000000,enabled
1782985124.870,2026-07-02 09:38:44.872,innodb_rwlock_x_spin_rounds,0,0,0.000000,enabled
1782985124.870,2026-07-02 09:38:44.872,innodb_rwlock_x_spin_waits,0,0,0.000000,enabled
1782985124.870,2026-07-02 09:38:44.872,lock_deadlocks,0,0,0.000000,enabled
1782985124.870,2026-07-02 09:38:44.872,lock_deadlock_false_positives,0,0,0.000000,enabled
1782985124.870,2026-07-02 09:38:44.872,lock_deadlock_rounds,2938,2938,1.087572,enabled
1782985124.870,2026-07-02 09:38:44.872,lock_rec_grant_attempts,425,425,0.157324,enabled
1782985124.870,2026-07-02 09:38:44.872,lock_rec_release_attempts,45235112,45235112,16744.874983,enabled
1782985124.870,2026-07-02 09:38:44.872,lock_row_lock_current_waits,0,0,0.000000,enabled
1782985124.870,2026-07-02 09:38:44.872,lock_row_lock_time,323,323,0.119566,enabled
1782985124.870,2026-07-02 09:38:44.872,lock_row_lock_time_avg,0,0,0.000000,enabled
1782985124.870,2026-07-02 09:38:44.872,lock_row_lock_time_max,29,29,0.000000,enabled
1782985124.870,2026-07-02 09:38:44.872,lock_row_lock_waits,425,425,0.157324,enabled
1782985124.870,2026-07-02 09:38:44.872,lock_schedule_refreshes,2938,2938,1.087572,enabled
1782985124.870,2026-07-02 09:38:44.872,lock_threads_waiting,0,0,0.000000,enabled
1782985124.870,2026-07-02 09:38:44.872,lock_timeouts,0,0,0.000000,enabled
1782985124.870,2026-07-02 09:38:44.872,log_waits,0,0,0.000000,enabled
1782985124.870,2026-07-02 09:38:44.872,log_writes,228164692,228164692,84460.690235,enabled
1782985124.870,2026-07-02 09:38:44.872,log_write_requests,437701733,437701733,162025.904098,enabled
1782985124.870,2026-07-02 09:38:44.872,os_data_fsyncs,67209928,67209928,24879.384320,enabled
1782985124.870,2026-07-02 09:38:44.872,os_data_reads,96402483,96402483,35685.716365,enabled
1782985124.870,2026-07-02 09:38:44.872,os_data_writes,260434290,260434290,96406.066612,enabled
1782985124.870,2026-07-02 09:38:44.872,os_log_bytes_written,141714652160,141714652160,52459114.220111,enabled
1782985124.870,2026-07-02 09:38:44.872,os_log_fsyncs,58513999,58513999,21660.375327,enabled
1782985124.870,2026-07-02 09:38:44.872,os_log_pending_fsyncs,1,1,0.000370,enabled
1782985124.870,2026-07-02 09:38:44.872,os_log_pending_writes,0,0,0.000000,enabled
1782985124.870,2026-07-02 09:38:44.872,trx_rseg_history_len,768,768,0.000000,enabled
1782985125.942,2026-07-02 09:38:45.944,adaptive_hash_searches,0,0,0.000000,enabled
1782985125.942,2026-07-02 09:38:45.944,adaptive_hash_searches_btree,658327172,658327172,243599.053297,enabled
1782985125.942,2026-07-02 09:38:45.944,buffer_data_reads,1575486245376,1575486245376,582973041.379243,enabled
1782985125.942,2026-07-02 09:38:45.944,buffer_data_written,694000821760,694000821760,256799302.906586,enabled
1782985125.942,2026-07-02 09:38:45.944,buffer_pages0_read,7,7,0.002590,enabled
1782985125.942,2026-07-02 09:38:45.944,buffer_pages_created,1826152,1826152,675.726240,enabled
1782985125.942,2026-07-02 09:38:45.944,buffer_pages_read,96431246,96431246,35682.200978,enabled
1782985125.942,2026-07-02 09:38:45.944,buffer_pages_written,31400822,31400822,11619.163821,enabled
1782985125.942,2026-07-02 09:38:45.944,buffer_pool_bytes_data,12852609024,12852609024,0.000000,enabled
1782985125.942,2026-07-02 09:38:45.944,buffer_pool_bytes_dirty,4621221888,4621221888,0.000000,enabled
1782985125.942,2026-07-02 09:38:45.944,buffer_pool_pages_data,784461,784461,0.000000,enabled
1782985125.942,2026-07-02 09:38:45.944,buffer_pool_pages_dirty,282057,282057,0.000000,enabled
1782985125.942,2026-07-02 09:38:45.944,buffer_pool_pages_flushed,31343708,31343708,0.000000,enabled
1782985125.942,2026-07-02 09:38:45.944,buffer_pool_pages_free,1876,1876,0.000000,enabled
1782985125.942,2026-07-02 09:38:45.944,buffer_pool_pages_lru_flushed,0,0,0.000000,enabled
1782985125.942,2026-07-02 09:38:45.944,buffer_pool_pages_misc,96,96,0.000000,enabled
1782985125.942,2026-07-02 09:38:45.944,buffer_pool_pages_total,786432,786432,0.000000,enabled
1782985125.942,2026-07-02 09:38:45.944,buffer_pool_reads,95512891,95512891,35342.385644,enabled
1782985125.942,2026-07-02 09:38:45.944,buffer_pool_read_ahead,803715,803715,297.396560,enabled
1782985125.942,2026-07-02 09:38:45.944,buffer_pool_read_ahead_evicted,25,25,0.009251,enabled
1782985125.942,2026-07-02 09:38:45.944,buffer_pool_read_requests,3179168008,3179168008,1176379.230907,enabled
1782985125.942,2026-07-02 09:38:45.944,buffer_pool_size,12884901888,12884901888,0.000000,enabled
1782985125.942,2026-07-02 09:38:45.944,buffer_pool_wait_free,18945,18945,7.010169,enabled
1782985125.942,2026-07-02 09:38:45.944,buffer_pool_write_requests,646013297,646013297,239042.612125,enabled
1782985125.942,2026-07-02 09:38:45.944,dml_deletes,14886887,14886887,5508.555102,enabled
1782985125.942,2026-07-02 09:38:45.944,dml_inserts,114772290,114772290,42468.884472,enabled
1782985125.942,2026-07-02 09:38:45.944,dml_system_deletes,468,468,0.173173,enabled
1782985125.942,2026-07-02 09:38:45.944,dml_system_inserts,1202,1202,0.444773,enabled
1782985125.942,2026-07-02 09:38:45.944,dml_system_reads,7661,7661,2.834779,enabled
1782985125.942,2026-07-02 09:38:45.944,dml_system_updates,620,620,0.229417,enabled
1782985125.942,2026-07-02 09:38:45.944,dml_updates,29773900,29773900,11017.156821,enabled
1782985125.942,2026-07-02 09:38:45.944,file_num_open_files,35,35,0.000000,enabled
1782985125.942,2026-07-02 09:38:45.944,ibuf_merges,0,0,0.000000,enabled
1782985125.942,2026-07-02 09:38:45.944,ibuf_merges_delete,0,0,0.000000,enabled
1782985125.942,2026-07-02 09:38:45.944,ibuf_merges_delete_mark,0,0,0.000000,enabled
1782985125.942,2026-07-02 09:38:45.944,ibuf_merges_discard_delete,0,0,0.000000,enabled
1782985125.942,2026-07-02 09:38:45.944,ibuf_merges_discard_delete_mark,0,0,0.000000,enabled
1782985125.942,2026-07-02 09:38:45.944,ibuf_merges_discard_insert,0,0,0.000000,enabled
1782985125.942,2026-07-02 09:38:45.944,ibuf_merges_insert,0,0,0.000000,enabled
1782985125.942,2026-07-02 09:38:45.944,ibuf_size,1,1,0.000370,enabled
1782985125.942,2026-07-02 09:38:45.944,innodb_activity_count,20012560,20012560,7405.194302,enabled
1782985125.942,2026-07-02 09:38:45.944,innodb_dblwr_pages_written,31341194,31341194,11597.098528,enabled
1782985125.942,2026-07-02 09:38:45.944,innodb_dblwr_writes,652571,652571,241.469109,enabled
1782985125.942,2026-07-02 09:38:45.944,innodb_page_size,16384,16384,0.000000,enabled
1782985125.942,2026-07-02 09:38:45.944,innodb_rwlock_sx_os_waits,0,0,0.000000,enabled
1782985125.942,2026-07-02 09:38:45.944,innodb_rwlock_sx_spin_rounds,0,0,0.000000,enabled
1782985125.942,2026-07-02 09:38:45.944,innodb_rwlock_sx_spin_waits,0,0,0.000000,enabled
1782985125.942,2026-07-02 09:38:45.944,innodb_rwlock_s_os_waits,0,0,0.000000,enabled
1782985125.942,2026-07-02 09:38:45.944,innodb_rwlock_s_spin_rounds,0,0,0.000000,enabled
1782985125.942,2026-07-02 09:38:45.944,innodb_rwlock_s_spin_waits,0,0,0.000000,enabled
1782985125.942,2026-07-02 09:38:45.944,innodb_rwlock_x_os_waits,0,0,0.000000,enabled
1782985125.942,2026-07-02 09:38:45.944,innodb_rwlock_x_spin_rounds,0,0,0.000000,enabled
1782985125.942,2026-07-02 09:38:45.944,innodb_rwlock_x_spin_waits,0,0,0.000000,enabled
1782985125.942,2026-07-02 09:38:45.944,lock_deadlocks,0,0,0.000000,enabled
1782985125.942,2026-07-02 09:38:45.944,lock_deadlock_false_positives,0,0,0.000000,enabled
1782985125.942,2026-07-02 09:38:45.944,lock_deadlock_rounds,2939,2939,1.087511,enabled
1782985125.942,2026-07-02 09:38:45.944,lock_rec_grant_attempts,425,425,0.157262,enabled
1782985125.942,2026-07-02 09:38:45.944,lock_rec_release_attempts,45249481,45249481,16743.547451,enabled
1782985125.942,2026-07-02 09:38:45.944,lock_row_lock_current_waits,0,0,0.000000,enabled
1782985125.942,2026-07-02 09:38:45.944,lock_row_lock_time,323,323,0.119519,enabled
1782985125.942,2026-07-02 09:38:45.944,lock_row_lock_time_avg,0,0,0.000000,enabled
1782985125.942,2026-07-02 09:38:45.944,lock_row_lock_time_max,29,29,0.000000,enabled
1782985125.942,2026-07-02 09:38:45.944,lock_row_lock_waits,425,425,0.157262,enabled
1782985125.942,2026-07-02 09:38:45.944,lock_schedule_refreshes,2939,2939,1.087510,enabled
1782985125.942,2026-07-02 09:38:45.944,lock_threads_waiting,0,0,0.000000,enabled
1782985125.942,2026-07-02 09:38:45.944,lock_timeouts,0,0,0.000000,enabled
1782985125.942,2026-07-02 09:38:45.944,log_waits,0,0,0.000000,enabled
1782985125.942,2026-07-02 09:38:45.944,log_writes,228243791,228243791,84456.445177,enabled
1782985125.942,2026-07-02 09:38:45.944,log_write_requests,437782385,437782385,161991.455963,enabled
1782985125.942,2026-07-02 09:38:45.944,os_data_fsyncs,67241640,67241640,24881.246447,enabled
1782985125.942,2026-07-02 09:38:45.944,os_data_reads,96458190,96458190,35692.169317,enabled
1782985125.942,2026-07-02 09:38:45.944,os_data_writes,260529478,260529478,96403.034677,enabled
1782985125.942,2026-07-02 09:38:45.944,os_log_bytes_written,141755907584,141755907584,52453563.997740,enabled
1782985125.942,2026-07-02 09:38:45.944,os_log_fsyncs,58540990,58540990,21661.767860,enabled
1782985125.942,2026-07-02 09:38:45.944,os_log_pending_fsyncs,1,1,0.000370,enabled
1782985125.942,2026-07-02 09:38:45.944,os_log_pending_writes,0,0,0.000000,enabled
1782985125.942,2026-07-02 09:38:45.944,trx_rseg_history_len,697,697,0.000000,enabled
1782985127.015,2026-07-02 09:38:47.016,adaptive_hash_searches,0,0,0.000000,enabled
1782985127.015,2026-07-02 09:38:47.016,adaptive_hash_searches_btree,658491028,658491028,243563.251581,enabled
1782985127.015,2026-07-02 09:38:47.016,buffer_data_reads,1576398227968,1576398227968,583079647.674824,enabled
1782985127.015,2026-07-02 09:38:47.016,buffer_data_written,694304304128,694304304128,256809923.738254,enabled
1782985127.015,2026-07-02 09:38:47.016,buffer_pages0_read,7,7,0.002589,enabled
1782985127.015,2026-07-02 09:38:47.016,buffer_pages_created,1826194,1826194,675.474346,enabled
1782985127.015,2026-07-02 09:38:47.016,buffer_pages_read,96487052,96487052,35688.720903,enabled
1782985127.015,2026-07-02 09:38:47.016,buffer_pages_written,31416486,31416486,11620.359216,enabled
1782985127.015,2026-07-02 09:38:47.016,buffer_pool_bytes_data,12849020928,12849020928,0.000000,enabled
1782985127.015,2026-07-02 09:38:47.016,buffer_pool_bytes_dirty,4629413888,4629413888,0.000000,enabled
1782985127.015,2026-07-02 09:38:47.016,buffer_pool_pages_data,784242,784242,0.000000,enabled
1782985127.015,2026-07-02 09:38:47.016,buffer_pool_pages_dirty,282557,282557,0.000000,enabled
1782985127.015,2026-07-02 09:38:47.016,buffer_pool_pages_flushed,31359372,31359372,0.000000,enabled
1782985127.015,2026-07-02 09:38:47.016,buffer_pool_pages_free,2094,2094,0.000000,enabled
1782985127.015,2026-07-02 09:38:47.016,buffer_pool_pages_lru_flushed,0,0,0.000000,enabled
1782985127.015,2026-07-02 09:38:47.016,buffer_pool_pages_misc,96,96,0.000000,enabled
1782985127.015,2026-07-02 09:38:47.016,buffer_pool_pages_total,786432,786432,0.000000,enabled
1782985127.015,2026-07-02 09:38:47.016,buffer_pool_reads,95568634,95568634,35349.016711,enabled
1782985127.015,2026-07-02 09:38:47.016,buffer_pool_read_ahead,803715,803715,297.278861,enabled
1782985127.015,2026-07-02 09:38:47.016,buffer_pool_read_ahead_evicted,25,25,0.009247,enabled
1782985127.015,2026-07-02 09:38:47.016,buffer_pool_read_requests,3179980634,3179980634,1176214.238009,enabled
1782985127.015,2026-07-02 09:38:47.016,buffer_pool_size,12884901888,12884901888,0.000000,enabled
1782985127.015,2026-07-02 09:38:47.016,buffer_pool_wait_free,18945,18945,7.007394,enabled
1782985127.015,2026-07-02 09:38:47.016,buffer_pool_write_requests,646123955,646123955,238988.938071,enabled
1782985127.015,2026-07-02 09:38:47.016,dml_deletes,14891620,14891620,5508.125620,enabled
1782985127.015,2026-07-02 09:38:47.016,dml_inserts,114777023,114777023,42453.827151,enabled
1782985127.015,2026-07-02 09:38:47.016,dml_system_deletes,468,468,0.173104,enabled
1782985127.015,2026-07-02 09:38:47.016,dml_system_inserts,1202,1202,0.444597,enabled
1782985127.015,2026-07-02 09:38:47.016,dml_system_reads,7661,7661,2.833657,enabled
1782985127.015,2026-07-02 09:38:47.016,dml_system_updates,620,620,0.229326,enabled
1782985127.015,2026-07-02 09:38:47.016,dml_updates,29783366,29783366,11016.297837,enabled
1782985127.015,2026-07-02 09:38:47.016,file_num_open_files,35,35,0.000000,enabled
1782985127.015,2026-07-02 09:38:47.016,ibuf_merges,0,0,0.000000,enabled
1782985127.015,2026-07-02 09:38:47.016,ibuf_merges_delete,0,0,0.000000,enabled
1782985127.015,2026-07-02 09:38:47.016,ibuf_merges_delete_mark,0,0,0.000000,enabled
1782985127.015,2026-07-02 09:38:47.016,ibuf_merges_discard_delete,0,0,0.000000,enabled
1782985127.015,2026-07-02 09:38:47.016,ibuf_merges_discard_delete_mark,0,0,0.000000,enabled
1782985127.015,2026-07-02 09:38:47.016,ibuf_merges_discard_insert,0,0,0.000000,enabled
1782985127.015,2026-07-02 09:38:47.016,ibuf_merges_insert,0,0,0.000000,enabled
1782985127.015,2026-07-02 09:38:47.016,ibuf_size,1,1,0.000370,enabled
1782985127.015,2026-07-02 09:38:47.016,innodb_activity_count,20017999,20017999,7404.275337,enabled
1782985127.015,2026-07-02 09:38:47.016,innodb_dblwr_pages_written,31356858,31356858,11598.302559,enabled
1782985127.015,2026-07-02 09:38:47.016,innodb_dblwr_writes,652908,652908,241.498193,enabled
1782985127.015,2026-07-02 09:38:47.016,innodb_page_size,16384,16384,0.000000,enabled
1782985127.015,2026-07-02 09:38:47.016,innodb_rwlock_sx_os_waits,0,0,0.000000,enabled
1782985127.015,2026-07-02 09:38:47.016,innodb_rwlock_sx_spin_rounds,0,0,0.000000,enabled
1782985127.015,2026-07-02 09:38:47.016,innodb_rwlock_sx_spin_waits,0,0,0.000000,enabled
1782985127.015,2026-07-02 09:38:47.016,innodb_rwlock_s_os_waits,0,0,0.000000,enabled
1782985127.015,2026-07-02 09:38:47.016,innodb_rwlock_s_spin_rounds,0,0,0.000000,enabled
1782985127.015,2026-07-02 09:38:47.016,innodb_rwlock_s_spin_waits,0,0,0.000000,enabled
1782985127.015,2026-07-02 09:38:47.016,innodb_rwlock_x_os_waits,0,0,0.000000,enabled
1782985127.015,2026-07-02 09:38:47.016,innodb_rwlock_x_spin_rounds,0,0,0.000000,enabled
1782985127.015,2026-07-02 09:38:47.016,innodb_rwlock_x_spin_waits,0,0,0.000000,enabled
1782985127.015,2026-07-02 09:38:47.016,lock_deadlocks,0,0,0.000000,enabled
1782985127.015,2026-07-02 09:38:47.016,lock_deadlock_false_positives,0,0,0.000000,enabled
1782985127.015,2026-07-02 09:38:47.016,lock_deadlock_rounds,2940,2940,1.087450,enabled
1782985127.015,2026-07-02 09:38:47.016,lock_rec_grant_attempts,425,425,0.157199,enabled
1782985127.015,2026-07-02 09:38:47.016,lock_rec_release_attempts,45263885,45263885,16742.248750,enabled
1782985127.015,2026-07-02 09:38:47.016,lock_row_lock_current_waits,0,0,0.000000,enabled
1782985127.015,2026-07-02 09:38:47.016,lock_row_lock_time,323,323,0.119472,enabled
1782985127.015,2026-07-02 09:38:47.016,lock_row_lock_time_avg,0,0,0.000000,enabled
1782985127.015,2026-07-02 09:38:47.016,lock_row_lock_time_max,29,29,0.000000,enabled
1782985127.015,2026-07-02 09:38:47.016,lock_row_lock_waits,425,425,0.157199,enabled
1782985127.015,2026-07-02 09:38:47.016,lock_schedule_refreshes,2940,2940,1.087450,enabled
1782985127.015,2026-07-02 09:38:47.016,lock_threads_waiting,0,0,0.000000,enabled
1782985127.015,2026-07-02 09:38:47.016,lock_timeouts,0,0,0.000000,enabled
1782985127.015,2026-07-02 09:38:47.016,log_waits,0,0,0.000000,enabled
1782985127.015,2026-07-02 09:38:47.016,log_writes,228321506,228321506,84451.765380,enabled
1782985127.015,2026-07-02 09:38:47.016,log_write_requests,437862993,437862993,161957.160453,enabled
1782985127.015,2026-07-02 09:38:47.016,os_data_fsyncs,67273379,67273379,24883.138912,enabled
1782985127.015,2026-07-02 09:38:47.016,os_data_reads,96513824,96513824,35698.621480,enabled
1782985127.015,2026-07-02 09:38:47.016,os_data_writes,260623098,260623098,96399.509759,enabled
1782985127.015,2026-07-02 09:38:47.016,os_log_bytes_written,141796660736,141796660736,52447878.409545,enabled
1782985127.015,2026-07-02 09:38:47.016,os_log_fsyncs,58567991,58567991,21663.182000,enabled
1782985127.015,2026-07-02 09:38:47.016,os_log_pending_fsyncs,1,1,0.000370,enabled
1782985127.015,2026-07-02 09:38:47.016,os_log_pending_writes,0,0,0.000000,enabled
1782985127.015,2026-07-02 09:38:47.016,trx_rseg_history_len,605,605,0.000000,enabled
1782985128.084,2026-07-02 09:38:48.086,adaptive_hash_searches,0,0,0.000000,enabled
1782985128.084,2026-07-02 09:38:48.086,adaptive_hash_searches_btree,658656046,658656046,243528.160799,enabled
1782985128.084,2026-07-02 09:38:48.086,buffer_data_reads,1577313749504,1577313749504,583188092.290403,enabled
1782985128.084,2026-07-02 09:38:48.086,buffer_data_written,694610811904,694610811904,256821925.350165,enabled
1782985128.084,2026-07-02 09:38:48.086,buffer_pages0_read,7,7,0.002588,enabled
1782985128.084,2026-07-02 09:38:48.086,buffer_pages_created,1826219,1826219,675.217079,enabled
1782985128.084,2026-07-02 09:38:48.086,buffer_pages_read,96543087,96543087,35695.357912,enabled
1782985128.084,2026-07-02 09:38:48.086,buffer_pages_written,31432345,31432345,11621.637995,enabled
1782985128.084,2026-07-02 09:38:48.086,buffer_pool_bytes_data,12852461568,12852461568,0.000000,enabled
1782985128.084,2026-07-02 09:38:48.086,buffer_pool_bytes_dirty,4634542080,4634542080,0.000000,enabled
1782985128.084,2026-07-02 09:38:48.086,buffer_pool_pages_data,784452,784452,0.000000,enabled
1782985128.084,2026-07-02 09:38:48.086,buffer_pool_pages_dirty,282870,282870,0.000000,enabled
1782985128.084,2026-07-02 09:38:48.086,buffer_pool_pages_flushed,31375231,31375231,0.000000,enabled
1782985128.084,2026-07-02 09:38:48.086,buffer_pool_pages_free,1883,1883,0.000000,enabled
1782985128.084,2026-07-02 09:38:48.086,buffer_pool_pages_lru_flushed,0,0,0.000000,enabled
1782985128.084,2026-07-02 09:38:48.086,buffer_pool_pages_misc,97,97,0.000000,enabled
1782985128.084,2026-07-02 09:38:48.086,buffer_pool_pages_total,786432,786432,0.000000,enabled
1782985128.084,2026-07-02 09:38:48.086,buffer_pool_reads,95624616,95624616,35355.768143,enabled
1782985128.084,2026-07-02 09:38:48.086,buffer_pool_read_ahead,803715,803715,297.161569,enabled
1782985128.084,2026-07-02 09:38:48.086,buffer_pool_read_ahead_evicted,25,25,0.009243,enabled
1782985128.084,2026-07-02 09:38:48.086,buffer_pool_read_requests,3180797830,3180797830,1176052.304462,enabled
1782985128.084,2026-07-02 09:38:48.086,buffer_pool_size,12884901888,12884901888,0.000000,enabled
1782985128.084,2026-07-02 09:38:48.086,buffer_pool_wait_free,18945,18945,7.004630,enabled
1782985128.084,2026-07-02 09:38:48.086,buffer_pool_write_requests,646234389,646234389,238935.475449,enabled
1782985128.084,2026-07-02 09:38:48.086,dml_deletes,14896395,14896395,5507.717715,enabled
1782985128.084,2026-07-02 09:38:48.086,dml_inserts,114781798,114781798,42438.841265,enabled
1782985128.084,2026-07-02 09:38:48.086,dml_system_deletes,468,468,0.173036,enabled
1782985128.084,2026-07-02 09:38:48.086,dml_system_inserts,1202,1202,0.444421,enabled
1782985128.084,2026-07-02 09:38:48.086,dml_system_reads,7661,7661,2.832539,enabled
1782985128.084,2026-07-02 09:38:48.086,dml_system_updates,620,620,0.229236,enabled
1782985128.084,2026-07-02 09:38:48.086,dml_updates,29792917,29792917,11015.482378,enabled
1782985128.084,2026-07-02 09:38:48.086,file_num_open_files,35,35,0.000000,enabled
1782985128.084,2026-07-02 09:38:48.086,ibuf_merges,0,0,0.000000,enabled
1782985128.084,2026-07-02 09:38:48.086,ibuf_merges_delete,0,0,0.000000,enabled
1782985128.084,2026-07-02 09:38:48.086,ibuf_merges_delete_mark,0,0,0.000000,enabled
1782985128.084,2026-07-02 09:38:48.086,ibuf_merges_discard_delete,0,0,0.000000,enabled
1782985128.084,2026-07-02 09:38:48.086,ibuf_merges_discard_delete_mark,0,0,0.000000,enabled
1782985128.084,2026-07-02 09:38:48.086,ibuf_merges_discard_insert,0,0,0.000000,enabled
1782985128.084,2026-07-02 09:38:48.086,ibuf_merges_insert,0,0,0.000000,enabled
1782985128.084,2026-07-02 09:38:48.086,ibuf_size,1,1,0.000370,enabled
1782985128.084,2026-07-02 09:38:48.086,innodb_activity_count,20023486,20023486,7403.382519,enabled
1782985128.084,2026-07-02 09:38:48.086,innodb_dblwr_pages_written,31372717,31372717,11599.589755,enabled
1782985128.084,2026-07-02 09:38:48.086,innodb_dblwr_writes,653278,653278,241.539705,enabled
1782985128.084,2026-07-02 09:38:48.086,innodb_page_size,16384,16384,0.000000,enabled
1782985128.084,2026-07-02 09:38:48.086,innodb_rwlock_sx_os_waits,0,0,0.000000,enabled
1782985128.084,2026-07-02 09:38:48.086,innodb_rwlock_sx_spin_rounds,0,0,0.000000,enabled
1782985128.084,2026-07-02 09:38:48.086,innodb_rwlock_sx_spin_waits,0,0,0.000000,enabled
1782985128.084,2026-07-02 09:38:48.086,innodb_rwlock_s_os_waits,0,0,0.000000,enabled
1782985128.084,2026-07-02 09:38:48.086,innodb_rwlock_s_spin_rounds,0,0,0.000000,enabled
1782985128.084,2026-07-02 09:38:48.086,innodb_rwlock_s_spin_waits,0,0,0.000000,enabled
1782985128.084,2026-07-02 09:38:48.086,innodb_rwlock_x_os_waits,0,0,0.000000,enabled
1782985128.084,2026-07-02 09:38:48.086,innodb_rwlock_x_spin_rounds,0,0,0.000000,enabled
1782985128.084,2026-07-02 09:38:48.086,innodb_rwlock_x_spin_waits,0,0,0.000000,enabled
1782985128.084,2026-07-02 09:38:48.086,lock_deadlocks,0,0,0.000000,enabled
1782985128.084,2026-07-02 09:38:48.086,lock_deadlock_false_positives,0,0,0.000000,enabled
1782985128.084,2026-07-02 09:38:48.086,lock_deadlock_rounds,2941,2941,1.087391,enabled
1782985128.084,2026-07-02 09:38:48.086,lock_rec_grant_attempts,425,425,0.157137,enabled
1782985128.084,2026-07-02 09:38:48.086,lock_rec_release_attempts,45278397,45278397,16741.008710,enabled
1782985128.084,2026-07-02 09:38:48.086,lock_row_lock_current_waits,0,0,0.000000,enabled
1782985128.084,2026-07-02 09:38:48.086,lock_row_lock_time,323,323,0.119424,enabled
1782985128.084,2026-07-02 09:38:48.086,lock_row_lock_time_avg,0,0,0.000000,enabled
1782985128.084,2026-07-02 09:38:48.086,lock_row_lock_time_max,29,29,0.000000,enabled
1782985128.084,2026-07-02 09:38:48.086,lock_row_lock_waits,425,425,0.157137,enabled
1782985128.084,2026-07-02 09:38:48.086,lock_schedule_refreshes,2941,2941,1.087391,enabled
1782985128.084,2026-07-02 09:38:48.086,lock_threads_waiting,0,0,0.000000,enabled
1782985128.084,2026-07-02 09:38:48.086,lock_timeouts,0,0,0.000000,enabled
1782985128.084,2026-07-02 09:38:48.086,log_waits,0,0,0.000000,enabled
1782985128.084,2026-07-02 09:38:48.086,log_writes,228400051,228400051,84447.484290,enabled
1782985128.084,2026-07-02 09:38:48.086,log_write_requests,437944202,437944202,161923.283204,enabled
1782985128.084,2026-07-02 09:38:48.086,os_data_fsyncs,67305752,67305752,24885.290449,enabled
1782985128.084,2026-07-02 09:38:48.086,os_data_reads,96569695,96569695,35705.193697,enabled
1782985128.084,2026-07-02 09:38:48.086,os_data_writes,260717758,260717758,96396.473474,enabled
1782985128.084,2026-07-02 09:38:48.086,os_log_bytes_written,141837569536,141837569536,52442309.948585,enabled
1782985128.084,2026-07-02 09:38:48.086,os_log_fsyncs,58595529,58595529,21664.816320,enabled
1782985128.084,2026-07-02 09:38:48.086,os_log_pending_fsyncs,1,1,0.000370,enabled
1782985128.084,2026-07-02 09:38:48.086,os_log_pending_writes,0,0,0.000000,enabled
1782985128.084,2026-07-02 09:38:48.086,trx_rseg_history_len,531,531,0.000000,enabled
1782985129.152,2026-07-02 09:38:49.153,adaptive_hash_searches,0,0,0.000000,enabled
1782985129.152,2026-07-02 09:38:49.153,adaptive_hash_searches_btree,658820983,658820983,243492.892916,enabled
1782985129.152,2026-07-02 09:38:49.153,buffer_data_reads,1578232547840,1578232547840,583297224.255296,enabled
1782985129.152,2026-07-02 09:38:49.153,buffer_data_written,694915331584,694915331584,256832989.752355,enabled
1782985129.152,2026-07-02 09:38:49.153,buffer_pages0_read,7,7,0.002587,enabled
1782985129.152,2026-07-02 09:38:49.153,buffer_pages_created,1826259,1826259,674.965052,enabled
1782985129.152,2026-07-02 09:38:49.153,buffer_pages_read,96599332,96599332,35702.040486,enabled
1782985129.152,2026-07-02 09:38:49.153,buffer_pages_written,31448062,31448062,11622.854554,enabled
1782985129.152,2026-07-02 09:38:49.153,buffer_pool_bytes_data,12852707328,12852707328,0.000000,enabled
1782985129.152,2026-07-02 09:38:49.153,buffer_pool_bytes_dirty,4640784384,4640784384,0.000000,enabled
1782985129.152,2026-07-02 09:38:49.153,buffer_pool_pages_data,784467,784467,0.000000,enabled
1782985129.152,2026-07-02 09:38:49.153,buffer_pool_pages_dirty,283251,283251,0.000000,enabled
1782985129.152,2026-07-02 09:38:49.153,buffer_pool_pages_flushed,31390948,31390948,0.000000,enabled
1782985129.152,2026-07-02 09:38:49.153,buffer_pool_pages_free,1869,1869,0.000000,enabled
1782985129.152,2026-07-02 09:38:49.153,buffer_pool_pages_lru_flushed,0,0,0.000000,enabled
1782985129.152,2026-07-02 09:38:49.153,buffer_pool_pages_misc,96,96,0.000000,enabled
1782985129.152,2026-07-02 09:38:49.153,buffer_pool_pages_total,786432,786432,0.000000,enabled
1782985129.152,2026-07-02 09:38:49.153,buffer_pool_reads,95680788,95680788,35362.557829,enabled
1782985129.152,2026-07-02 09:38:49.153,buffer_pool_read_ahead,803715,803715,297.044146,enabled
1782985129.152,2026-07-02 09:38:49.153,buffer_pool_read_ahead_evicted,25,25,0.009240,enabled
1782985129.152,2026-07-02 09:38:49.153,buffer_pool_read_requests,3181615254,3181615254,1175889.698335,enabled
1782985129.152,2026-07-02 09:38:49.153,buffer_pool_size,12884901888,12884901888,0.000000,enabled
1782985129.152,2026-07-02 09:38:49.153,buffer_pool_wait_free,18945,18945,7.001862,enabled
1782985129.152,2026-07-02 09:38:49.153,buffer_pool_write_requests,646345336,646345336,238882.064929,enabled
1782985129.152,2026-07-02 09:38:49.153,dml_deletes,14901167,14901167,5507.305116,enabled
1782985129.152,2026-07-02 09:38:49.153,dml_inserts,114786571,114786571,42423.836344,enabled
1782985129.152,2026-07-02 09:38:49.153,dml_system_deletes,468,468,0.172968,enabled
1782985129.152,2026-07-02 09:38:49.153,dml_system_inserts,1202,1202,0.444246,enabled
1782985129.152,2026-07-02 09:38:49.153,dml_system_reads,7661,7661,2.831420,enabled
1782985129.152,2026-07-02 09:38:49.153,dml_system_updates,620,620,0.229145,enabled
1782985129.152,2026-07-02 09:38:49.153,dml_updates,29802462,29802462,11014.657532,enabled
1782985129.152,2026-07-02 09:38:49.153,file_num_open_files,35,35,0.000000,enabled
1782985129.152,2026-07-02 09:38:49.153,ibuf_merges,0,0,0.000000,enabled
1782985129.152,2026-07-02 09:38:49.153,ibuf_merges_delete,0,0,0.000000,enabled
1782985129.152,2026-07-02 09:38:49.153,ibuf_merges_delete_mark,0,0,0.000000,enabled
1782985129.152,2026-07-02 09:38:49.153,ibuf_merges_discard_delete,0,0,0.000000,enabled
1782985129.152,2026-07-02 09:38:49.153,ibuf_merges_discard_delete_mark,0,0,0.000000,enabled
1782985129.152,2026-07-02 09:38:49.153,ibuf_merges_discard_insert,0,0,0.000000,enabled
1782985129.152,2026-07-02 09:38:49.153,ibuf_merges_insert,0,0,0.000000,enabled
1782985129.152,2026-07-02 09:38:49.153,ibuf_size,1,1,0.000370,enabled
1782985129.152,2026-07-02 09:38:49.153,innodb_activity_count,20028974,20028974,7402.485491,enabled
1782985129.152,2026-07-02 09:38:49.153,innodb_dblwr_pages_written,31388434,31388434,11600.815191,enabled
1782985129.152,2026-07-02 09:38:49.153,innodb_dblwr_writes,653627,653627,241.573251,enabled
1782985129.152,2026-07-02 09:38:49.153,innodb_page_size,16384,16384,0.000000,enabled
1782985129.152,2026-07-02 09:38:49.153,innodb_rwlock_sx_os_waits,0,0,0.000000,enabled
1782985129.152,2026-07-02 09:38:49.153,innodb_rwlock_sx_spin_rounds,0,0,0.000000,enabled
1782985129.152,2026-07-02 09:38:49.153,innodb_rwlock_sx_spin_waits,0,0,0.000000,enabled
1782985129.152,2026-07-02 09:38:49.153,innodb_rwlock_s_os_waits,0,0,0.000000,enabled
1782985129.152,2026-07-02 09:38:49.153,innodb_rwlock_s_spin_rounds,0,0,0.000000,enabled
1782985129.152,2026-07-02 09:38:49.153,innodb_rwlock_s_spin_waits,0,0,0.000000,enabled
1782985129.152,2026-07-02 09:38:49.153,innodb_rwlock_x_os_waits,0,0,0.000000,enabled
1782985129.152,2026-07-02 09:38:49.153,innodb_rwlock_x_spin_rounds,0,0,0.000000,enabled
1782985129.152,2026-07-02 09:38:49.153,innodb_rwlock_x_spin_waits,0,0,0.000000,enabled
1782985129.152,2026-07-02 09:38:49.153,lock_deadlocks,0,0,0.000000,enabled
1782985129.152,2026-07-02 09:38:49.153,lock_deadlock_false_positives,0,0,0.000000,enabled
1782985129.152,2026-07-02 09:38:49.153,lock_deadlock_rounds,2942,2942,1.087331,enabled
1782985129.152,2026-07-02 09:38:49.153,lock_rec_grant_attempts,425,425,0.157075,enabled
1782985129.152,2026-07-02 09:38:49.153,lock_rec_release_attempts,45292918,45292918,16739.760216,enabled
1782985129.152,2026-07-02 09:38:49.153,lock_row_lock_current_waits,0,0,0.000000,enabled
1782985129.152,2026-07-02 09:38:49.153,lock_row_lock_time,323,323,0.119377,enabled
1782985129.152,2026-07-02 09:38:49.153,lock_row_lock_time_avg,0,0,0.000000,enabled
1782985129.152,2026-07-02 09:38:49.153,lock_row_lock_time_max,29,29,0.000000,enabled
1782985129.152,2026-07-02 09:38:49.153,lock_row_lock_waits,425,425,0.157075,enabled
1782985129.152,2026-07-02 09:38:49.153,lock_schedule_refreshes,2942,2942,1.087331,enabled
1782985129.152,2026-07-02 09:38:49.153,lock_threads_waiting,0,0,0.000000,enabled
1782985129.152,2026-07-02 09:38:49.153,lock_timeouts,0,0,0.000000,enabled
1782985129.152,2026-07-02 09:38:49.153,log_waits,0,0,0.000000,enabled
1782985129.152,2026-07-02 09:38:49.153,log_writes,228478671,228478671,84443.172878,enabled
1782985129.152,2026-07-02 09:38:49.153,log_write_requests,438025336,438025336,161889.287231,enabled
1782985129.152,2026-07-02 09:38:49.153,os_data_fsyncs,67338175,67338175,24887.440380,enabled
1782985129.152,2026-07-02 09:38:49.153,os_data_reads,96625766,96625766,35711.808250,enabled
1782985129.152,2026-07-02 09:38:49.153,os_data_writes,260812335,260812335,96393.337673,enabled
1782985129.152,2026-07-02 09:38:49.153,os_log_bytes_written,141878622720,141878622720,52436760.546585,enabled
1782985129.152,2026-07-02 09:38:49.153,os_log_fsyncs,58623227,58623227,21666.492498,enabled
1782985129.152,2026-07-02 09:38:49.153,os_log_pending_fsyncs,1,1,0.000370,enabled
1782985129.152,2026-07-02 09:38:49.153,os_log_pending_writes,0,0,0.000000,enabled
1782985129.152,2026-07-02 09:38:49.153,trx_rseg_history_len,505,505,0.000000,enabled
1782985130.221,2026-07-02 09:38:50.222,adaptive_hash_searches,0,0,0.000000,enabled
1782985130.221,2026-07-02 09:38:50.222,adaptive_hash_searches_btree,658986840,658986840,243457.725177,enabled
1782985130.221,2026-07-02 09:38:50.222,buffer_data_reads,1579153213952,1579153213952,583406326.946090,enabled
1782985130.221,2026-07-02 09:38:50.222,buffer_data_written,695222757888,695222757888,256844840.439517,enabled
1782985130.221,2026-07-02 09:38:50.222,buffer_pages0_read,7,7,0.002586,enabled
1782985130.221,2026-07-02 09:38:50.222,buffer_pages_created,1826289,1826289,674.708797,enabled
1782985130.221,2026-07-02 09:38:50.222,buffer_pages_read,96655689,96655689,35708.720399,enabled
1782985130.221,2026-07-02 09:38:50.222,buffer_pages_written,31463943,31463943,11624.118124,enabled
1782985130.221,2026-07-02 09:38:50.222,buffer_pool_bytes_data,12853362688,12853362688,0.000000,enabled
1782985130.221,2026-07-02 09:38:50.222,buffer_pool_bytes_dirty,4645388288,4645388288,0.000000,enabled
1782985130.221,2026-07-02 09:38:50.222,buffer_pool_pages_data,784507,784507,0.000000,enabled
1782985130.221,2026-07-02 09:38:50.222,buffer_pool_pages_dirty,283532,283532,0.000000,enabled
1782985130.221,2026-07-02 09:38:50.222,buffer_pool_pages_flushed,31406768,31406768,0.000000,enabled
1782985130.221,2026-07-02 09:38:50.222,buffer_pool_pages_free,1829,1829,0.000000,enabled
1782985130.221,2026-07-02 09:38:50.222,buffer_pool_pages_lru_flushed,0,0,0.000000,enabled
1782985130.221,2026-07-02 09:38:50.222,buffer_pool_pages_misc,96,96,0.000000,enabled
1782985130.221,2026-07-02 09:38:50.222,buffer_pool_pages_total,786432,786432,0.000000,enabled
1782985130.221,2026-07-02 09:38:50.222,buffer_pool_reads,95737062,95737062,35369.341495,enabled
1782985130.221,2026-07-02 09:38:50.222,buffer_pool_read_ahead,803715,803715,296.926493,enabled
1782985130.221,2026-07-02 09:38:50.222,buffer_pool_read_ahead_evicted,25,25,0.009236,enabled
1782985130.221,2026-07-02 09:38:50.222,buffer_pool_read_requests,3182436773,3182436773,1175727.458267,enabled
1782985130.221,2026-07-02 09:38:50.222,buffer_pool_size,12884901888,12884901888,0.000000,enabled
1782985130.221,2026-07-02 09:38:50.222,buffer_pool_wait_free,18945,18945,6.999089,enabled
1782985130.221,2026-07-02 09:38:50.222,buffer_pool_write_requests,646456142,646456142,238828.385431,enabled
1782985130.221,2026-07-02 09:38:50.222,dml_deletes,14905965,14905965,5506.896370,enabled
1782985130.221,2026-07-02 09:38:50.222,dml_inserts,114791368,114791368,42408.805352,enabled
1782985130.221,2026-07-02 09:38:50.222,dml_system_deletes,468,468,0.172899,enabled
1782985130.221,2026-07-02 09:38:50.222,dml_system_inserts,1202,1202,0.444070,enabled
1782985130.221,2026-07-02 09:38:50.222,dml_system_reads,7661,7661,2.830299,enabled
1782985130.221,2026-07-02 09:38:50.222,dml_system_updates,620,620,0.229054,enabled
1782985130.221,2026-07-02 09:38:50.222,dml_updates,29812057,29812057,11013.839650,enabled
1782985130.221,2026-07-02 09:38:50.222,file_num_open_files,35,35,0.000000,enabled
1782985130.221,2026-07-02 09:38:50.222,ibuf_merges,0,0,0.000000,enabled
1782985130.221,2026-07-02 09:38:50.222,ibuf_merges_delete,0,0,0.000000,enabled
1782985130.221,2026-07-02 09:38:50.222,ibuf_merges_delete_mark,0,0,0.000000,enabled
1782985130.221,2026-07-02 09:38:50.222,ibuf_merges_discard_delete,0,0,0.000000,enabled
1782985130.221,2026-07-02 09:38:50.222,ibuf_merges_discard_delete_mark,0,0,0.000000,enabled
1782985130.221,2026-07-02 09:38:50.222,ibuf_merges_discard_insert,0,0,0.000000,enabled
1782985130.221,2026-07-02 09:38:50.222,ibuf_merges_insert,0,0,0.000000,enabled
1782985130.221,2026-07-02 09:38:50.222,ibuf_size,1,1,0.000369,enabled
1782985130.221,2026-07-02 09:38:50.222,innodb_activity_count,20034488,20034488,7401.590630,enabled
1782985130.221,2026-07-02 09:38:50.222,innodb_dblwr_pages_written,31404318,31404318,11602.088582,enabled
1782985130.221,2026-07-02 09:38:50.222,innodb_dblwr_writes,653967,653967,241.603179,enabled
1782985130.221,2026-07-02 09:38:50.222,innodb_page_size,16384,16384,0.000000,enabled
1782985130.221,2026-07-02 09:38:50.222,innodb_rwlock_sx_os_waits,0,0,0.000000,enabled
1782985130.221,2026-07-02 09:38:50.222,innodb_rwlock_sx_spin_rounds,0,0,0.000000,enabled
1782985130.221,2026-07-02 09:38:50.222,innodb_rwlock_sx_spin_waits,0,0,0.000000,enabled
1782985130.221,2026-07-02 09:38:50.222,innodb_rwlock_s_os_waits,0,0,0.000000,enabled
1782985130.221,2026-07-02 09:38:50.222,innodb_rwlock_s_spin_rounds,0,0,0.000000,enabled
1782985130.221,2026-07-02 09:38:50.222,innodb_rwlock_s_spin_waits,0,0,0.000000,enabled
1782985130.221,2026-07-02 09:38:50.222,innodb_rwlock_x_os_waits,0,0,0.000000,enabled
1782985130.221,2026-07-02 09:38:50.222,innodb_rwlock_x_spin_rounds,0,0,0.000000,enabled
1782985130.221,2026-07-02 09:38:50.222,innodb_rwlock_x_spin_waits,0,0,0.000000,enabled
1782985130.221,2026-07-02 09:38:50.222,lock_deadlocks,0,0,0.000000,enabled
1782985130.221,2026-07-02 09:38:50.222,lock_deadlock_false_positives,0,0,0.000000,enabled
1782985130.221,2026-07-02 09:38:50.222,lock_deadlock_rounds,2944,2944,1.087639,enabled
1782985130.221,2026-07-02 09:38:50.222,lock_rec_grant_attempts,425,425,0.157013,enabled
1782985130.221,2026-07-02 09:38:50.222,lock_rec_release_attempts,45307519,45307519,16738.524174,enabled
1782985130.221,2026-07-02 09:38:50.222,lock_row_lock_current_waits,0,0,0.000000,enabled
1782985130.221,2026-07-02 09:38:50.222,lock_row_lock_time,323,323,0.119330,enabled
1782985130.221,2026-07-02 09:38:50.222,lock_row_lock_time_avg,0,0,0.000000,enabled
1782985130.221,2026-07-02 09:38:50.222,lock_row_lock_time_max,29,29,0.000000,enabled
1782985130.221,2026-07-02 09:38:50.222,lock_row_lock_waits,425,425,0.157013,enabled
1782985130.221,2026-07-02 09:38:50.222,lock_schedule_refreshes,2944,2944,1.087639,enabled
1782985130.221,2026-07-02 09:38:50.222,lock_threads_waiting,0,0,0.000000,enabled
1782985130.221,2026-07-02 09:38:50.222,lock_timeouts,0,0,0.000000,enabled
1782985130.221,2026-07-02 09:38:50.222,log_waits,0,0,0.000000,enabled
1782985130.221,2026-07-02 09:38:50.222,log_writes,228557588,228557588,84438.882026,enabled
1782985130.221,2026-07-02 09:38:50.222,log_write_requests,438106941,438106941,161855.314682,enabled
1782985130.221,2026-07-02 09:38:50.222,os_data_fsyncs,67370918,67370918,24889.679700,enabled
1782985130.221,2026-07-02 09:38:50.222,os_data_reads,96681978,96681978,35718.430742,enabled
1782985130.221,2026-07-02 09:38:50.222,os_data_writes,260907368,260907368,96390.267758,enabled
1782985130.221,2026-07-02 09:38:50.222,os_log_bytes_written,141919708672,141919708672,52431170.454862,enabled
1782985130.221,2026-07-02 09:38:50.222,os_log_fsyncs,58651115,58651115,21668.213911,enabled
1782985130.221,2026-07-02 09:38:50.222,os_log_pending_fsyncs,0,0,0.000000,enabled
1782985130.221,2026-07-02 09:38:50.222,os_log_pending_writes,0,0,0.000000,enabled
1782985130.221,2026-07-02 09:38:50.222,trx_rseg_history_len,482,482,0.000000,enabled
1782985131.293,2026-07-02 09:38:51.295,adaptive_hash_searches,0,0,0.000000,enabled
1782985131.293,2026-07-02 09:38:51.295,adaptive_hash_searches_btree,659151370,659151370,243422.124901,enabled
1782985131.293,2026-07-02 09:38:51.295,buffer_data_reads,1580068342272,1580068342272,583513356.802283,enabled
1782985131.293,2026-07-02 09:38:51.295,buffer_data_written,695527427584,695527427584,256855689.662811,enabled
1782985131.293,2026-07-02 09:38:51.295,buffer_pages0_read,7,7,0.002585,enabled
1782985131.293,2026-07-02 09:38:51.295,buffer_pages_created,1826320,1826320,674.453182,enabled
1782985131.293,2026-07-02 09:38:51.295,buffer_pages_read,96711712,96711712,35715.275274,enabled
1782985131.293,2026-07-02 09:38:51.295,buffer_pages_written,31479660,31479660,11625.321300,enabled
1782985131.293,2026-07-02 09:38:51.295,buffer_pool_bytes_data,12857196544,12857196544,0.000000,enabled
1782985131.293,2026-07-02 09:38:51.295,buffer_pool_bytes_dirty,4649107456,4649107456,0.000000,enabled
1782985131.293,2026-07-02 09:38:51.295,buffer_pool_pages_data,784740,784740,0.000000,enabled
1782985131.293,2026-07-02 09:38:51.295,buffer_pool_pages_dirty,283759,283759,0.000000,enabled
1782985131.293,2026-07-02 09:38:51.295,buffer_pool_pages_flushed,31422546,31422546,0.000000,enabled
1782985131.293,2026-07-02 09:38:51.295,buffer_pool_pages_free,1594,1594,0.000000,enabled
1782985131.293,2026-07-02 09:38:51.295,buffer_pool_pages_lru_flushed,0,0,0.000000,enabled
1782985131.293,2026-07-02 09:38:51.295,buffer_pool_pages_misc,96,96,0.000000,enabled
1782985131.293,2026-07-02 09:38:51.295,buffer_pool_pages_total,786432,786432,0.000000,enabled
1782985131.293,2026-07-02 09:38:51.295,buffer_pool_reads,95793030,95793030,35376.010479,enabled
1782985131.293,2026-07-02 09:38:51.295,buffer_pool_read_ahead,803715,803715,296.808964,enabled
1782985131.293,2026-07-02 09:38:51.295,buffer_pool_read_ahead_evicted,25,25,0.009232,enabled
1782985131.293,2026-07-02 09:38:51.295,buffer_pool_read_requests,3183252027,3183252027,1175563.154480,enabled
1782985131.293,2026-07-02 09:38:51.295,buffer_pool_size,12884901888,12884901888,0.000000,enabled
1782985131.293,2026-07-02 09:38:51.295,buffer_pool_wait_free,18945,18945,6.996318,enabled
1782985131.293,2026-07-02 09:38:51.295,buffer_pool_write_requests,646566864,646566864,238774.742034,enabled
1782985131.293,2026-07-02 09:38:51.295,dml_deletes,14910717,14910717,5506.471657,enabled
1782985131.293,2026-07-02 09:38:51.295,dml_inserts,114796121,114796121,42393.775361,enabled
1782985131.293,2026-07-02 09:38:51.295,dml_system_deletes,468,468,0.172831,enabled
1782985131.293,2026-07-02 09:38:51.295,dml_system_inserts,1202,1202,0.443894,enabled
1782985131.293,2026-07-02 09:38:51.295,dml_system_reads,7661,7661,2.829178,enabled
1782985131.293,2026-07-02 09:38:51.295,dml_system_updates,620,620,0.228964,enabled
1782985131.293,2026-07-02 09:38:51.295,dml_updates,29821559,29821559,11012.989468,enabled
1782985131.293,2026-07-02 09:38:51.295,file_num_open_files,35,35,0.000000,enabled
1782985131.293,2026-07-02 09:38:51.295,ibuf_merges,0,0,0.000000,enabled
1782985131.293,2026-07-02 09:38:51.295,ibuf_merges_delete,0,0,0.000000,enabled
1782985131.293,2026-07-02 09:38:51.295,ibuf_merges_delete_mark,0,0,0.000000,enabled
1782985131.293,2026-07-02 09:38:51.295,ibuf_merges_discard_delete,0,0,0.000000,enabled
1782985131.293,2026-07-02 09:38:51.295,ibuf_merges_discard_delete_mark,0,0,0.000000,enabled
1782985131.293,2026-07-02 09:38:51.295,ibuf_merges_discard_insert,0,0,0.000000,enabled
1782985131.293,2026-07-02 09:38:51.295,ibuf_merges_insert,0,0,0.000000,enabled
1782985131.293,2026-07-02 09:38:51.295,ibuf_size,1,1,0.000369,enabled
1782985131.293,2026-07-02 09:38:51.295,innodb_activity_count,20039950,20039950,7400.678184,enabled
1782985131.293,2026-07-02 09:38:51.295,innodb_dblwr_pages_written,31420032,31420032,11603.299613,enabled
1782985131.293,2026-07-02 09:38:51.295,innodb_dblwr_writes,654318,654318,241.637176,enabled
1782985131.293,2026-07-02 09:38:51.295,innodb_page_size,16384,16384,0.000000,enabled
1782985131.293,2026-07-02 09:38:51.295,innodb_rwlock_sx_os_waits,0,0,0.000000,enabled
1782985131.293,2026-07-02 09:38:51.295,innodb_rwlock_sx_spin_rounds,0,0,0.000000,enabled
1782985131.293,2026-07-02 09:38:51.295,innodb_rwlock_sx_spin_waits,0,0,0.000000,enabled
1782985131.293,2026-07-02 09:38:51.295,innodb_rwlock_s_os_waits,0,0,0.000000,enabled
1782985131.293,2026-07-02 09:38:51.295,innodb_rwlock_s_spin_rounds,0,0,0.000000,enabled
1782985131.293,2026-07-02 09:38:51.295,innodb_rwlock_s_spin_waits,0,0,0.000000,enabled
1782985131.293,2026-07-02 09:38:51.295,innodb_rwlock_x_os_waits,0,0,0.000000,enabled
1782985131.293,2026-07-02 09:38:51.295,innodb_rwlock_x_spin_rounds,0,0,0.000000,enabled
1782985131.293,2026-07-02 09:38:51.295,innodb_rwlock_x_spin_waits,0,0,0.000000,enabled
1782985131.293,2026-07-02 09:38:51.295,lock_deadlocks,0,0,0.000000,enabled
1782985131.293,2026-07-02 09:38:51.295,lock_deadlock_false_positives,0,0,0.000000,enabled
1782985131.293,2026-07-02 09:38:51.295,lock_deadlock_rounds,2945,2945,1.087578,enabled
1782985131.293,2026-07-02 09:38:51.295,lock_rec_grant_attempts,425,425,0.156951,enabled
1782985131.293,2026-07-02 09:38:51.295,lock_rec_release_attempts,45321999,45321999,16737.246186,enabled
1782985131.293,2026-07-02 09:38:51.295,lock_row_lock_current_waits,0,0,0.000000,enabled
1782985131.293,2026-07-02 09:38:51.295,lock_row_lock_time,323,323,0.119283,enabled
1782985131.293,2026-07-02 09:38:51.295,lock_row_lock_time_avg,0,0,0.000000,enabled
1782985131.293,2026-07-02 09:38:51.295,lock_row_lock_time_max,29,29,0.000000,enabled
1782985131.293,2026-07-02 09:38:51.295,lock_row_lock_waits,425,425,0.156951,enabled
1782985131.293,2026-07-02 09:38:51.295,lock_schedule_refreshes,2945,2945,1.087578,enabled
1782985131.293,2026-07-02 09:38:51.295,lock_threads_waiting,0,0,0.000000,enabled
1782985131.293,2026-07-02 09:38:51.295,lock_timeouts,0,0,0.000000,enabled
1782985131.293,2026-07-02 09:38:51.295,log_waits,0,0,0.000000,enabled
1782985131.293,2026-07-02 09:38:51.295,log_writes,228636783,228636783,84434.707085,enabled
1782985131.293,2026-07-02 09:38:51.295,log_write_requests,438187755,438187755,161821.095777,enabled
1782985131.293,2026-07-02 09:38:51.295,os_data_fsyncs,67402687,67402687,24891.560272,enabled
1782985131.293,2026-07-02 09:38:51.295,os_data_reads,96737847,96737847,35724.925203,enabled
1782985131.293,2026-07-02 09:38:51.295,os_data_writes,261002550,261002550,96387.265806,enabled
1782985131.293,2026-07-02 09:38:51.295,os_log_bytes_written,141961064448,141961064448,52425690.192949,enabled
1782985131.293,2026-07-02 09:38:51.295,os_log_fsyncs,58677999,58677999,21669.565573,enabled
1782985131.293,2026-07-02 09:38:51.295,os_log_pending_fsyncs,0,0,0.000000,enabled
1782985131.293,2026-07-02 09:38:51.295,os_log_pending_writes,0,0,0.000000,enabled
1782985131.293,2026-07-02 09:38:51.295,trx_rseg_history_len,466,466,0.000000,enabled
1782985132.365,2026-07-02 09:38:52.367,adaptive_hash_searches,0,0,0.000000,enabled
1782985132.365,2026-07-02 09:38:52.367,adaptive_hash_searches_btree,659315377,659315377,243386.753930,enabled
1782985132.365,2026-07-02 09:38:52.367,buffer_data_reads,1580982979072,1580982979072,583621086.603924,enabled
1782985132.365,2026-07-02 09:38:52.367,buffer_data_written,695832883200,695832883200,256867245.582105,enabled
1782985132.365,2026-07-02 09:38:52.367,buffer_pages0_read,7,7,0.002584,enabled
1782985132.365,2026-07-02 09:38:52.367,buffer_pages_created,1826347,1826347,674.197409,enabled
1782985132.365,2026-07-02 09:38:52.367,buffer_pages_read,96767696,96767696,35721.869710,enabled
1782985132.365,2026-07-02 09:38:52.367,buffer_pages_written,31495462,31495462,11626.574154,enabled
1782985132.365,2026-07-02 09:38:52.367,buffer_pool_bytes_data,12860096512,12860096512,0.000000,enabled
1782985132.365,2026-07-02 09:38:52.367,buffer_pool_bytes_dirty,4654514176,4654514176,0.000000,enabled
1782985132.365,2026-07-02 09:38:52.367,buffer_pool_pages_data,784917,784917,0.000000,enabled
1782985132.365,2026-07-02 09:38:52.367,buffer_pool_pages_dirty,284089,284089,0.000000,enabled
1782985132.365,2026-07-02 09:38:52.367,buffer_pool_pages_flushed,31438348,31438348,0.000000,enabled
1782985132.365,2026-07-02 09:38:52.367,buffer_pool_pages_free,1418,1418,0.000000,enabled
1782985132.365,2026-07-02 09:38:52.367,buffer_pool_pages_lru_flushed,0,0,0.000000,enabled
1782985132.365,2026-07-02 09:38:52.367,buffer_pool_pages_misc,97,97,0.000000,enabled
1782985132.365,2026-07-02 09:38:52.367,buffer_pool_pages_total,786432,786432,0.000000,enabled
1782985132.365,2026-07-02 09:38:52.367,buffer_pool_reads,95848960,95848960,35382.718651,enabled
1782985132.365,2026-07-02 09:38:52.367,buffer_pool_read_ahead,803715,803715,296.692019,enabled
1782985132.365,2026-07-02 09:38:52.367,buffer_pool_read_ahead_evicted,25,25,0.009229,enabled
1782985132.365,2026-07-02 09:38:52.367,buffer_pool_read_requests,3184065291,3184065291,1175400.191059,enabled
1782985132.365,2026-07-02 09:38:52.367,buffer_pool_size,12884901888,12884901888,0.000000,enabled
1782985132.365,2026-07-02 09:38:52.367,buffer_pool_wait_free,18945,18945,6.993562,enabled
1782985132.365,2026-07-02 09:38:52.367,buffer_pool_write_requests,646677216,646677216,238721.399632,enabled
1782985132.365,2026-07-02 09:38:52.367,dml_deletes,14915460,14915460,5506.052860,enabled
1782985132.365,2026-07-02 09:38:52.367,dml_inserts,114800864,114800864,42378.822103,enabled
1782985132.365,2026-07-02 09:38:52.367,dml_system_deletes,468,468,0.172763,enabled
1782985132.365,2026-07-02 09:38:52.367,dml_system_inserts,1202,1202,0.443719,enabled
1782985132.365,2026-07-02 09:38:52.367,dml_system_reads,7661,7661,2.828064,enabled
1782985132.365,2026-07-02 09:38:52.367,dml_system_updates,620,620,0.228873,enabled
1782985132.365,2026-07-02 09:38:52.367,dml_updates,29831055,29831055,11012.155548,enabled
1782985132.365,2026-07-02 09:38:52.367,file_num_open_files,35,35,0.000000,enabled
1782985132.365,2026-07-02 09:38:52.367,ibuf_merges,0,0,0.000000,enabled
1782985132.365,2026-07-02 09:38:52.367,ibuf_merges_delete,0,0,0.000000,enabled
1782985132.365,2026-07-02 09:38:52.367,ibuf_merges_delete_mark,0,0,0.000000,enabled
1782985132.365,2026-07-02 09:38:52.367,ibuf_merges_discard_delete,0,0,0.000000,enabled
1782985132.365,2026-07-02 09:38:52.367,ibuf_merges_discard_delete_mark,0,0,0.000000,enabled
1782985132.365,2026-07-02 09:38:52.367,ibuf_merges_discard_insert,0,0,0.000000,enabled
1782985132.365,2026-07-02 09:38:52.367,ibuf_merges_insert,0,0,0.000000,enabled
1782985132.365,2026-07-02 09:38:52.367,ibuf_size,1,1,0.000369,enabled
1782985132.365,2026-07-02 09:38:52.367,innodb_activity_count,20045405,20045405,7399.775857,enabled
1782985132.365,2026-07-02 09:38:52.367,innodb_dblwr_pages_written,31435834,31435834,11604.560964,enabled
1782985132.365,2026-07-02 09:38:52.367,innodb_dblwr_writes,654694,654694,241.680766,enabled
1782985132.365,2026-07-02 09:38:52.367,innodb_page_size,16384,16384,0.000000,enabled
1782985132.365,2026-07-02 09:38:52.367,innodb_rwlock_sx_os_waits,0,0,0.000000,enabled
1782985132.365,2026-07-02 09:38:52.367,innodb_rwlock_sx_spin_rounds,0,0,0.000000,enabled
1782985132.365,2026-07-02 09:38:52.367,innodb_rwlock_sx_spin_waits,0,0,0.000000,enabled
1782985132.365,2026-07-02 09:38:52.367,innodb_rwlock_s_os_waits,0,0,0.000000,enabled
1782985132.365,2026-07-02 09:38:52.367,innodb_rwlock_s_spin_rounds,0,0,0.000000,enabled
1782985132.365,2026-07-02 09:38:52.367,innodb_rwlock_s_spin_waits,0,0,0.000000,enabled
1782985132.365,2026-07-02 09:38:52.367,innodb_rwlock_x_os_waits,0,0,0.000000,enabled
1782985132.365,2026-07-02 09:38:52.367,innodb_rwlock_x_spin_rounds,0,0,0.000000,enabled
1782985132.365,2026-07-02 09:38:52.367,innodb_rwlock_x_spin_waits,0,0,0.000000,enabled
1782985132.365,2026-07-02 09:38:52.367,lock_deadlocks,0,0,0.000000,enabled
1782985132.365,2026-07-02 09:38:52.367,lock_deadlock_false_positives,0,0,0.000000,enabled
1782985132.365,2026-07-02 09:38:52.367,lock_deadlock_rounds,2946,2946,1.087518,enabled
1782985132.365,2026-07-02 09:38:52.367,lock_rec_grant_attempts,425,425,0.156889,enabled
1782985132.365,2026-07-02 09:38:52.367,lock_rec_release_attempts,45336428,45336428,16735.978068,enabled
1782985132.365,2026-07-02 09:38:52.367,lock_row_lock_current_waits,0,0,0.000000,enabled
1782985132.365,2026-07-02 09:38:52.367,lock_row_lock_time,323,323,0.119236,enabled
1782985132.365,2026-07-02 09:38:52.367,lock_row_lock_time_avg,0,0,0.000000,enabled
1782985132.365,2026-07-02 09:38:52.367,lock_row_lock_time_max,29,29,0.000000,enabled
1782985132.365,2026-07-02 09:38:52.367,lock_row_lock_waits,425,425,0.156889,enabled
1782985132.365,2026-07-02 09:38:52.367,lock_schedule_refreshes,2946,2946,1.087518,enabled
1782985132.365,2026-07-02 09:38:52.367,lock_threads_waiting,0,0,0.000000,enabled
1782985132.365,2026-07-02 09:38:52.367,lock_timeouts,0,0,0.000000,enabled
1782985132.365,2026-07-02 09:38:52.367,log_waits,0,0,0.000000,enabled
1782985132.365,2026-07-02 09:38:52.367,log_writes,228714767,228714767,84430.225829,enabled
1782985132.365,2026-07-02 09:38:52.367,log_write_requests,438268492,438268492,161787.138891,enabled
1782985132.365,2026-07-02 09:38:52.367,os_data_fsyncs,67434737,67434737,24893.583830,enabled
1782985132.365,2026-07-02 09:38:52.367,os_data_reads,96793687,96793687,35731.462331,enabled
1782985132.365,2026-07-02 09:38:52.367,os_data_writes,261096626,261096626,96384.015722,enabled
1782985132.365,2026-07-02 09:38:52.367,os_log_bytes_written,142001937408,142001937408,52420121.800205,enabled
1782985132.365,2026-07-02 09:38:52.367,os_log_fsyncs,58704967,58704967,21670.982624,enabled
1782985132.365,2026-07-02 09:38:52.367,os_log_pending_fsyncs,1,1,0.000369,enabled
1782985132.365,2026-07-02 09:38:52.367,os_log_pending_writes,0,0,0.000000,enabled
1782985132.365,2026-07-02 09:38:52.367,trx_rseg_history_len,414,414,0.000000,enabled
1782985133.432,2026-07-02 09:38:53.433,adaptive_hash_searches,0,0,0.000000,enabled
1782985133.432,2026-07-02 09:38:53.433,adaptive_hash_searches_btree,659475865,659475865,243349.863085,enabled
1782985133.432,2026-07-02 09:38:53.433,buffer_data_reads,1581874104832,1581874104832,583719446.583437,enabled
1782985133.432,2026-07-02 09:38:53.433,buffer_data_written,696177883136,696177883136,256893116.327173,enabled
1782985133.432,2026-07-02 09:38:53.433,buffer_pages0_read,7,7,0.002583,enabled
1782985133.432,2026-07-02 09:38:53.433,buffer_pages_created,1826375,1826375,673.941503,enabled
1782985133.432,2026-07-02 09:38:53.433,buffer_pages_read,96822244,96822244,35727.891741,enabled
1782985133.432,2026-07-02 09:38:53.433,buffer_pages_written,31513518,31513518,11628.645611,enabled
1782985133.432,2026-07-02 09:38:53.433,buffer_pool_bytes_data,12847038464,12847038464,0.000000,enabled
1782985133.432,2026-07-02 09:38:53.433,buffer_pool_bytes_dirty,4615847936,4615847936,0.000000,enabled
1782985133.432,2026-07-02 09:38:53.433,buffer_pool_pages_data,784121,784121,0.000000,enabled
1782985133.432,2026-07-02 09:38:53.433,buffer_pool_pages_dirty,281729,281729,0.000000,enabled
1782985133.432,2026-07-02 09:38:53.433,buffer_pool_pages_flushed,31453931,31453931,0.000000,enabled
1782985133.432,2026-07-02 09:38:53.433,buffer_pool_pages_free,2215,2215,0.000000,enabled
1782985133.432,2026-07-02 09:38:53.433,buffer_pool_pages_lru_flushed,0,0,0.000000,enabled
1782985133.432,2026-07-02 09:38:53.433,buffer_pool_pages_misc,97,97,0.000000,enabled
1782985133.432,2026-07-02 09:38:53.433,buffer_pool_pages_total,786432,786432,0.000000,enabled
1782985133.432,2026-07-02 09:38:53.433,buffer_pool_reads,95903460,95903460,35388.856847,enabled
1782985133.432,2026-07-02 09:38:53.433,buffer_pool_read_ahead,803715,803715,296.574856,enabled
1782985133.432,2026-07-02 09:38:53.433,buffer_pool_read_ahead_evicted,25,25,0.009225,enabled
1782985133.432,2026-07-02 09:38:53.433,buffer_pool_read_requests,3184860546,3184860546,1175229.480476,enabled
1782985133.432,2026-07-02 09:38:53.433,buffer_pool_size,12884901888,12884901888,0.000000,enabled
1782985133.432,2026-07-02 09:38:53.433,buffer_pool_wait_free,18945,18945,6.990800,enabled
1782985133.432,2026-07-02 09:38:53.433,buffer_pool_write_requests,646784767,646784767,238666.815780,enabled
1782985133.432,2026-07-02 09:38:53.433,dml_deletes,14920110,14920110,5505.594395,enabled
1782985133.432,2026-07-02 09:38:53.433,dml_inserts,114805514,114805514,42363.802600,enabled
1782985133.432,2026-07-02 09:38:53.433,dml_system_deletes,468,468,0.172694,enabled
1782985133.432,2026-07-02 09:38:53.433,dml_system_inserts,1202,1202,0.443544,enabled
1782985133.432,2026-07-02 09:38:53.433,dml_system_reads,7661,7661,2.826947,enabled
1782985133.432,2026-07-02 09:38:53.433,dml_system_updates,620,620,0.228783,enabled
1782985133.432,2026-07-02 09:38:53.433,dml_updates,29840351,29840351,11011.237120,enabled
1782985133.432,2026-07-02 09:38:53.433,file_num_open_files,35,35,0.000000,enabled
1782985133.432,2026-07-02 09:38:53.433,ibuf_merges,0,0,0.000000,enabled
1782985133.432,2026-07-02 09:38:53.433,ibuf_merges_delete,0,0,0.000000,enabled
1782985133.432,2026-07-02 09:38:53.433,ibuf_merges_delete_mark,0,0,0.000000,enabled
1782985133.432,2026-07-02 09:38:53.433,ibuf_merges_discard_delete,0,0,0.000000,enabled
1782985133.432,2026-07-02 09:38:53.433,ibuf_merges_discard_delete_mark,0,0,0.000000,enabled
1782985133.432,2026-07-02 09:38:53.433,ibuf_merges_discard_insert,0,0,0.000000,enabled
1782985133.432,2026-07-02 09:38:53.433,ibuf_merges_insert,0,0,0.000000,enabled
1782985133.432,2026-07-02 09:38:53.433,ibuf_size,1,1,0.000369,enabled
1782985133.432,2026-07-02 09:38:53.433,innodb_activity_count,20050755,20050755,7398.827878,enabled
1782985133.432,2026-07-02 09:38:53.433,innodb_dblwr_pages_written,31453081,31453081,11606.342566,enabled
1782985133.432,2026-07-02 09:38:53.433,innodb_dblwr_writes,655059,655059,241.720013,enabled
1782985133.432,2026-07-02 09:38:53.433,innodb_page_size,16384,16384,0.000000,enabled
1782985133.432,2026-07-02 09:38:53.433,innodb_rwlock_sx_os_waits,0,0,0.000000,enabled
1782985133.432,2026-07-02 09:38:53.433,innodb_rwlock_sx_spin_rounds,0,0,0.000000,enabled
1782985133.432,2026-07-02 09:38:53.433,innodb_rwlock_sx_spin_waits,0,0,0.000000,enabled
1782985133.432,2026-07-02 09:38:53.433,innodb_rwlock_s_os_waits,0,0,0.000000,enabled
1782985133.432,2026-07-02 09:38:53.433,innodb_rwlock_s_spin_rounds,0,0,0.000000,enabled
1782985133.432,2026-07-02 09:38:53.433,innodb_rwlock_s_spin_waits,0,0,0.000000,enabled
1782985133.432,2026-07-02 09:38:53.433,innodb_rwlock_x_os_waits,0,0,0.000000,enabled
1782985133.432,2026-07-02 09:38:53.433,innodb_rwlock_x_spin_rounds,0,0,0.000000,enabled
1782985133.432,2026-07-02 09:38:53.433,innodb_rwlock_x_spin_waits,0,0,0.000000,enabled
1782985133.432,2026-07-02 09:38:53.433,lock_deadlocks,0,0,0.000000,enabled
1782985133.432,2026-07-02 09:38:53.433,lock_deadlock_false_positives,0,0,0.000000,enabled
1782985133.432,2026-07-02 09:38:53.433,lock_deadlock_rounds,2947,2947,1.087458,enabled
1782985133.432,2026-07-02 09:38:53.433,lock_rec_grant_attempts,425,425,0.156827,enabled
1782985133.432,2026-07-02 09:38:53.433,lock_rec_release_attempts,45350549,45350549,16734.579778,enabled
1782985133.432,2026-07-02 09:38:53.433,lock_row_lock_current_waits,0,0,0.000000,enabled
1782985133.432,2026-07-02 09:38:53.433,lock_row_lock_time,323,323,0.119189,enabled
1782985133.432,2026-07-02 09:38:53.433,lock_row_lock_time_avg,0,0,0.000000,enabled
1782985133.432,2026-07-02 09:38:53.433,lock_row_lock_time_max,29,29,0.000000,enabled
1782985133.432,2026-07-02 09:38:53.433,lock_row_lock_waits,425,425,0.156827,enabled
1782985133.432,2026-07-02 09:38:53.433,lock_schedule_refreshes,2947,2947,1.087458,enabled
1782985133.432,2026-07-02 09:38:53.433,lock_threads_waiting,0,0,0.000000,enabled
1782985133.432,2026-07-02 09:38:53.433,lock_timeouts,0,0,0.000000,enabled
1782985133.432,2026-07-02 09:38:53.433,log_waits,0,0,0.000000,enabled
1782985133.432,2026-07-02 09:38:53.433,log_writes,228791682,228791682,84425.267019,enabled
1782985133.432,2026-07-02 09:38:53.433,log_write_requests,438347633,438347633,161752.453849,enabled
1782985133.432,2026-07-02 09:38:53.433,os_data_fsyncs,67465729,67465729,24895.189713,enabled
1782985133.432,2026-07-02 09:38:53.433,os_data_reads,96848073,96848073,35737.420896,enabled
1782985133.432,2026-07-02 09:38:53.433,os_data_writes,261191913,261191913,96381.115651,enabled
1782985133.432,2026-07-02 09:38:53.433,os_log_bytes_written,142041936384,142041936384,52414181.247601,enabled
1782985133.432,2026-07-02 09:38:53.433,os_log_fsyncs,58731101,58731101,21672.068467,enabled
1782985133.432,2026-07-02 09:38:53.433,os_log_pending_fsyncs,1,1,0.000369,enabled
1782985133.432,2026-07-02 09:38:53.433,os_log_pending_writes,0,0,0.000000,enabled
1782985133.432,2026-07-02 09:38:53.433,trx_rseg_history_len,246,246,0.000000,enabled
1782985134.502,2026-07-02 09:38:54.503,adaptive_hash_searches,0,0,0.000000,enabled
1782985134.502,2026-07-02 09:38:54.503,adaptive_hash_searches_btree,659639921,659639921,243314.685739,enabled
1782985134.502,2026-07-02 09:38:54.503,buffer_data_reads,1582782745088,1582782745088,583825080.494024,enabled
1782985134.502,2026-07-02 09:38:54.503,buffer_data_written,696499179008,696499179008,256910615.284747,enabled
1782985134.502,2026-07-02 09:38:54.503,buffer_pages0_read,7,7,0.002582,enabled
1782985134.502,2026-07-02 09:38:54.503,buffer_pages_created,1826401,1826401,673.686090,enabled
1782985134.502,2026-07-02 09:38:54.503,buffer_pages_read,96877864,96877864,35734.359008,enabled
1782985134.502,2026-07-02 09:38:54.503,buffer_pages_written,31530517,31530517,11630.343311,enabled
1782985134.502,2026-07-02 09:38:54.503,buffer_pool_bytes_data,12849987584,12849987584,0.000000,enabled
1782985134.502,2026-07-02 09:38:54.503,buffer_pool_bytes_dirty,4600414208,4600414208,0.000000,enabled
1782985134.502,2026-07-02 09:38:54.503,buffer_pool_pages_data,784301,784301,0.000000,enabled
1782985134.502,2026-07-02 09:38:54.503,buffer_pool_pages_dirty,280787,280787,0.000000,enabled
1782985134.502,2026-07-02 09:38:54.503,buffer_pool_pages_flushed,31473403,31473403,0.000000,enabled
1782985134.502,2026-07-02 09:38:54.503,buffer_pool_pages_free,2035,2035,0.000000,enabled
1782985134.502,2026-07-02 09:38:54.503,buffer_pool_pages_lru_flushed,0,0,0.000000,enabled
1782985134.502,2026-07-02 09:38:54.503,buffer_pool_pages_misc,96,96,0.000000,enabled
1782985134.502,2026-07-02 09:38:54.503,buffer_pool_pages_total,786432,786432,0.000000,enabled
1782985134.502,2026-07-02 09:38:54.503,buffer_pool_reads,95959009,95959009,35395.431437,enabled
1782985134.502,2026-07-02 09:38:54.503,buffer_pool_read_ahead,803715,803715,296.458240,enabled
1782985134.502,2026-07-02 09:38:54.503,buffer_pool_read_ahead_evicted,25,25,0.009221,enabled
1782985134.502,2026-07-02 09:38:54.503,buffer_pool_read_requests,3185672719,3185672719,1175066.947485,enabled
1782985134.502,2026-07-02 09:38:54.503,buffer_pool_size,12884901888,12884901888,0.000000,enabled
1782985134.502,2026-07-02 09:38:54.503,buffer_pool_wait_free,18945,18945,6.988051,enabled
1782985134.502,2026-07-02 09:38:54.503,buffer_pool_write_requests,646895039,646895039,238613.644688,enabled
1782985134.502,2026-07-02 09:38:54.503,dml_deletes,14924850,14924850,5505.177886,enabled
1782985134.502,2026-07-02 09:38:54.503,dml_inserts,114810256,114810256,42348.893488,enabled
1782985134.502,2026-07-02 09:38:54.503,dml_system_deletes,468,468,0.172626,enabled
1782985134.502,2026-07-02 09:38:54.503,dml_system_inserts,1202,1202,0.443370,enabled
1782985134.502,2026-07-02 09:38:54.503,dml_system_reads,7661,7661,2.825835,enabled
1782985134.502,2026-07-02 09:38:54.503,dml_system_updates,620,620,0.228693,enabled
1782985134.502,2026-07-02 09:38:54.503,dml_updates,29849834,29849834,11010.405192,enabled
1782985134.502,2026-07-02 09:38:54.503,file_num_open_files,35,35,0.000000,enabled
1782985134.502,2026-07-02 09:38:54.503,ibuf_merges,0,0,0.000000,enabled
1782985134.502,2026-07-02 09:38:54.503,ibuf_merges_delete,0,0,0.000000,enabled
1782985134.502,2026-07-02 09:38:54.503,ibuf_merges_delete_mark,0,0,0.000000,enabled
1782985134.502,2026-07-02 09:38:54.503,ibuf_merges_discard_delete,0,0,0.000000,enabled
1782985134.502,2026-07-02 09:38:54.503,ibuf_merges_discard_delete_mark,0,0,0.000000,enabled
1782985134.502,2026-07-02 09:38:54.503,ibuf_merges_discard_insert,0,0,0.000000,enabled
1782985134.502,2026-07-02 09:38:54.503,ibuf_merges_insert,0,0,0.000000,enabled
1782985134.502,2026-07-02 09:38:54.503,ibuf_size,1,1,0.000369,enabled
1782985134.502,2026-07-02 09:38:54.503,innodb_activity_count,20056209,20056209,7397.930275,enabled
1782985134.502,2026-07-02 09:38:54.503,innodb_dblwr_pages_written,31470889,31470889,11608.347386,enabled
1782985134.502,2026-07-02 09:38:54.503,innodb_dblwr_writes,655422,655422,241.758861,enabled
1782985134.502,2026-07-02 09:38:54.503,innodb_page_size,16384,16384,0.000000,enabled
1782985134.502,2026-07-02 09:38:54.503,innodb_rwlock_sx_os_waits,0,0,0.000000,enabled
1782985134.502,2026-07-02 09:38:54.503,innodb_rwlock_sx_spin_rounds,0,0,0.000000,enabled
1782985134.502,2026-07-02 09:38:54.503,innodb_rwlock_sx_spin_waits,0,0,0.000000,enabled
1782985134.502,2026-07-02 09:38:54.503,innodb_rwlock_s_os_waits,0,0,0.000000,enabled
1782985134.502,2026-07-02 09:38:54.503,innodb_rwlock_s_spin_rounds,0,0,0.000000,enabled
1782985134.502,2026-07-02 09:38:54.503,innodb_rwlock_s_spin_waits,0,0,0.000000,enabled
1782985134.502,2026-07-02 09:38:54.503,innodb_rwlock_x_os_waits,0,0,0.000000,enabled
1782985134.502,2026-07-02 09:38:54.503,innodb_rwlock_x_spin_rounds,0,0,0.000000,enabled
1782985134.502,2026-07-02 09:38:54.503,innodb_rwlock_x_spin_waits,0,0,0.000000,enabled
1782985134.502,2026-07-02 09:38:54.503,lock_deadlocks,0,0,0.000000,enabled
1782985134.502,2026-07-02 09:38:54.503,lock_deadlock_false_positives,0,0,0.000000,enabled
1782985134.502,2026-07-02 09:38:54.503,lock_deadlock_rounds,2948,2948,1.087399,enabled
1782985134.502,2026-07-02 09:38:54.503,lock_rec_grant_attempts,425,425,0.156765,enabled
1782985134.502,2026-07-02 09:38:54.503,lock_rec_release_attempts,45364962,45364962,16733.315987,enabled
1782985134.502,2026-07-02 09:38:54.503,lock_row_lock_current_waits,0,0,0.000000,enabled
1782985134.502,2026-07-02 09:38:54.503,lock_row_lock_time,323,323,0.119142,enabled
1782985134.502,2026-07-02 09:38:54.503,lock_row_lock_time_avg,0,0,0.000000,enabled
1782985134.502,2026-07-02 09:38:54.503,lock_row_lock_time_max,29,29,0.000000,enabled
1782985134.502,2026-07-02 09:38:54.503,lock_row_lock_waits,425,425,0.156765,enabled
1782985134.502,2026-07-02 09:38:54.503,lock_schedule_refreshes,2948,2948,1.087399,enabled
1782985134.502,2026-07-02 09:38:54.503,lock_threads_waiting,0,0,0.000000,enabled
1782985134.502,2026-07-02 09:38:54.503,lock_timeouts,0,0,0.000000,enabled
1782985134.502,2026-07-02 09:38:54.503,log_waits,0,0,0.000000,enabled
1782985134.502,2026-07-02 09:38:54.503,log_writes,228869183,228869183,84420.656418,enabled
1782985134.502,2026-07-02 09:38:54.503,log_write_requests,438428334,438428334,161718.617107,enabled
1782985134.502,2026-07-02 09:38:54.503,os_data_fsyncs,67498603,67498603,24897.526384,enabled
1782985134.502,2026-07-02 09:38:54.503,os_data_reads,96903506,96903506,35743.815324,enabled
1782985134.502,2026-07-02 09:38:54.503,os_data_writes,261286643,261286643,96378.158990,enabled
1782985134.502,2026-07-02 09:38:54.503,os_log_bytes_written,142082208256,142082208256,52408425.748017,enabled
1782985134.502,2026-07-02 09:38:54.503,os_log_fsyncs,58759167,58759167,21673.899054,enabled
1782985134.502,2026-07-02 09:38:54.503,os_log_pending_fsyncs,1,1,0.000369,enabled
1782985134.502,2026-07-02 09:38:54.503,os_log_pending_writes,0,0,0.000000,enabled
1782985134.502,2026-07-02 09:38:54.503,trx_rseg_history_len,183,183,0.000000,enabled
1782985135.568,2026-07-02 09:38:55.570,adaptive_hash_searches,0,0,0.000000,enabled
1782985135.568,2026-07-02 09:38:55.570,adaptive_hash_searches_btree,659807369,659807369,243280.277295,enabled
1782985135.568,2026-07-02 09:38:55.570,buffer_data_reads,1583711832576,1583711832576,583936930.328167,enabled
1782985135.568,2026-07-02 09:38:55.570,buffer_data_written,696809102848,696809102848,256923361.863722,enabled
1782985135.568,2026-07-02 09:38:55.570,buffer_pages0_read,7,7,0.002581,enabled
1782985135.568,2026-07-02 09:38:55.570,buffer_pages_created,1826428,1826428,673.429816,enabled
1782985135.568,2026-07-02 09:38:55.570,buffer_pages_read,96934736,96934736,35741.206893,enabled
1782985135.568,2026-07-02 09:38:55.570,buffer_pages_written,31546547,31546547,11631.657684,enabled
1782985135.568,2026-07-02 09:38:55.570,buffer_pool_bytes_data,12844466176,12844466176,0.000000,enabled
1782985135.568,2026-07-02 09:38:55.570,buffer_pool_bytes_dirty,4605607936,4605607936,0.000000,enabled
1782985135.568,2026-07-02 09:38:55.570,buffer_pool_pages_data,783964,783964,0.000000,enabled
1782985135.568,2026-07-02 09:38:55.570,buffer_pool_pages_dirty,281104,281104,0.000000,enabled
1782985135.568,2026-07-02 09:38:55.570,buffer_pool_pages_flushed,31489433,31489433,0.000000,enabled
1782985135.568,2026-07-02 09:38:55.570,buffer_pool_pages_free,2372,2372,0.000000,enabled
1782985135.568,2026-07-02 09:38:55.570,buffer_pool_pages_lru_flushed,0,0,0.000000,enabled
1782985135.568,2026-07-02 09:38:55.570,buffer_pool_pages_misc,96,96,0.000000,enabled
1782985135.568,2026-07-02 09:38:55.570,buffer_pool_pages_total,786432,786432,0.000000,enabled
1782985135.568,2026-07-02 09:38:55.570,buffer_pool_reads,96015815,96015815,35402.388821,enabled
1782985135.568,2026-07-02 09:38:55.570,buffer_pool_read_ahead,803715,803715,296.341084,enabled
1782985135.568,2026-07-02 09:38:55.570,buffer_pool_read_ahead_evicted,25,25,0.009218,enabled
1782985135.568,2026-07-02 09:38:55.570,buffer_pool_read_requests,3186501659,3186501659,1174908.219341,enabled
1782985135.568,2026-07-02 09:38:55.570,buffer_pool_size,12884901888,12884901888,0.000000,enabled
1782985135.568,2026-07-02 09:38:55.570,buffer_pool_wait_free,18945,18945,6.985289,enabled
1782985135.568,2026-07-02 09:38:55.570,buffer_pool_write_requests,647006834,647006834,238560.568304,enabled
1782985135.568,2026-07-02 09:38:55.570,dml_deletes,14929695,14929695,5504.788870,enabled
1782985135.568,2026-07-02 09:38:55.570,dml_inserts,114815100,114815100,42333.944873,enabled
1782985135.568,2026-07-02 09:38:55.570,dml_system_deletes,468,468,0.172558,enabled
1782985135.568,2026-07-02 09:38:55.570,dml_system_inserts,1202,1202,0.443194,enabled
1782985135.568,2026-07-02 09:38:55.570,dml_system_reads,7661,7661,2.824719,enabled
1782985135.568,2026-07-02 09:38:55.570,dml_system_updates,620,620,0.228603,enabled
1782985135.568,2026-07-02 09:38:55.570,dml_updates,29859520,29859520,11009.625665,enabled
1782985135.568,2026-07-02 09:38:55.570,file_num_open_files,35,35,0.000000,enabled
1782985135.568,2026-07-02 09:38:55.570,ibuf_merges,0,0,0.000000,enabled
1782985135.568,2026-07-02 09:38:55.570,ibuf_merges_delete,0,0,0.000000,enabled
1782985135.568,2026-07-02 09:38:55.570,ibuf_merges_delete_mark,0,0,0.000000,enabled
1782985135.568,2026-07-02 09:38:55.570,ibuf_merges_discard_delete,0,0,0.000000,enabled
1782985135.568,2026-07-02 09:38:55.570,ibuf_merges_discard_delete_mark,0,0,0.000000,enabled
1782985135.568,2026-07-02 09:38:55.570,ibuf_merges_discard_insert,0,0,0.000000,enabled
1782985135.568,2026-07-02 09:38:55.570,ibuf_merges_insert,0,0,0.000000,enabled
1782985135.568,2026-07-02 09:38:55.570,ibuf_size,1,1,0.000369,enabled
1782985135.568,2026-07-02 09:38:55.570,innodb_activity_count,20061770,20061770,7397.057314,enabled
1782985135.568,2026-07-02 09:38:55.570,innodb_dblwr_pages_written,31486919,31486919,11609.670698,enabled
1782985135.568,2026-07-02 09:38:55.570,innodb_dblwr_writes,655828,655828,241.813025,enabled
1782985135.568,2026-07-02 09:38:55.570,innodb_page_size,16384,16384,0.000000,enabled
1782985135.568,2026-07-02 09:38:55.570,innodb_rwlock_sx_os_waits,0,0,0.000000,enabled
1782985135.568,2026-07-02 09:38:55.570,innodb_rwlock_sx_spin_rounds,0,0,0.000000,enabled
1782985135.568,2026-07-02 09:38:55.570,innodb_rwlock_sx_spin_waits,0,0,0.000000,enabled
1782985135.568,2026-07-02 09:38:55.570,innodb_rwlock_s_os_waits,0,0,0.000000,enabled
1782985135.568,2026-07-02 09:38:55.570,innodb_rwlock_s_spin_rounds,0,0,0.000000,enabled
1782985135.568,2026-07-02 09:38:55.570,innodb_rwlock_s_spin_waits,0,0,0.000000,enabled
1782985135.568,2026-07-02 09:38:55.570,innodb_rwlock_x_os_waits,0,0,0.000000,enabled
1782985135.568,2026-07-02 09:38:55.570,innodb_rwlock_x_spin_rounds,0,0,0.000000,enabled
1782985135.568,2026-07-02 09:38:55.570,innodb_rwlock_x_spin_waits,0,0,0.000000,enabled
1782985135.568,2026-07-02 09:38:55.570,lock_deadlocks,0,0,0.000000,enabled
1782985135.568,2026-07-02 09:38:55.570,lock_deadlock_false_positives,0,0,0.000000,enabled
1782985135.568,2026-07-02 09:38:55.570,lock_deadlock_rounds,2949,2949,1.087338,enabled
1782985135.568,2026-07-02 09:38:55.570,lock_rec_grant_attempts,425,425,0.156704,enabled
1782985135.568,2026-07-02 09:38:55.570,lock_rec_release_attempts,45379714,45379714,16732.142451,enabled
1782985135.568,2026-07-02 09:38:55.570,lock_row_lock_current_waits,0,0,0.000000,enabled
1782985135.568,2026-07-02 09:38:55.570,lock_row_lock_time,323,323,0.119095,enabled
1782985135.568,2026-07-02 09:38:55.570,lock_row_lock_time_avg,0,0,0.000000,enabled
1782985135.568,2026-07-02 09:38:55.570,lock_row_lock_time_max,29,29,0.000000,enabled
1782985135.568,2026-07-02 09:38:55.570,lock_row_lock_waits,425,425,0.156704,enabled
1782985135.568,2026-07-02 09:38:55.570,lock_schedule_refreshes,2949,2949,1.087338,enabled
1782985135.568,2026-07-02 09:38:55.570,lock_threads_waiting,0,0,0.000000,enabled
1782985135.568,2026-07-02 09:38:55.570,lock_timeouts,0,0,0.000000,enabled
1782985135.568,2026-07-02 09:38:55.570,log_waits,0,0,0.000000,enabled
1782985135.568,2026-07-02 09:38:55.570,log_writes,228948304,228948304,84416.468852,enabled
1782985135.568,2026-07-02 09:38:55.570,log_write_requests,438510663,438510663,161685.066453,enabled
1782985135.568,2026-07-02 09:38:55.570,os_data_fsyncs,67532078,67532078,24900.030229,enabled
1782985135.568,2026-07-02 09:38:55.570,os_data_reads,96960207,96960207,35750.596745,enabled
1782985135.568,2026-07-02 09:38:55.570,os_data_writes,261382106,261382106,96375.271386,enabled
1782985135.568,2026-07-02 09:38:55.570,os_log_bytes_written,142123388928,142123388928,52402899.190247,enabled
1782985135.568,2026-07-02 09:38:55.570,os_log_fsyncs,58787342,58787342,21675.722609,enabled
1782985135.568,2026-07-02 09:38:55.570,os_log_pending_fsyncs,0,0,0.000000,enabled
1782985135.568,2026-07-02 09:38:55.570,os_log_pending_writes,0,0,0.000000,enabled
1782985135.568,2026-07-02 09:38:55.570,trx_rseg_history_len,219,219,0.000000,enabled
1782985136.640,2026-07-02 09:38:56.641,adaptive_hash_searches,0,0,0.000000,enabled
1782985136.640,2026-07-02 09:38:56.641,adaptive_hash_searches_btree,659977272,659977272,243246.885094,enabled
1782985136.640,2026-07-02 09:38:56.641,buffer_data_reads,1584655796736,1584655796736,584054399.372350,enabled
1782985136.640,2026-07-02 09:38:56.641,buffer_data_written,697122830848,697122830848,256937599.236171,enabled
1782985136.640,2026-07-02 09:38:56.641,buffer_pages0_read,7,7,0.002580,enabled
1782985136.640,2026-07-02 09:38:56.641,buffer_pages_created,1826461,1826461,673.176214,enabled
1782985136.640,2026-07-02 09:38:56.641,buffer_pages_read,96992507,96992507,35748.394462,enabled
1782985136.640,2026-07-02 09:38:56.641,buffer_pages_written,31562829,31562829,11633.068364,enabled
1782985136.640,2026-07-02 09:38:56.641,buffer_pool_bytes_data,12848234496,12848234496,0.000000,enabled
1782985136.640,2026-07-02 09:38:56.641,buffer_pool_bytes_dirty,4611276800,4611276800,0.000000,enabled
1782985136.640,2026-07-02 09:38:56.641,buffer_pool_pages_data,784194,784194,0.000000,enabled
1782985136.640,2026-07-02 09:38:56.641,buffer_pool_pages_dirty,281450,281450,0.000000,enabled
1782985136.640,2026-07-02 09:38:56.641,buffer_pool_pages_flushed,31505715,31505715,0.000000,enabled
1782985136.640,2026-07-02 09:38:56.641,buffer_pool_pages_free,2142,2142,0.000000,enabled
1782985136.640,2026-07-02 09:38:56.641,buffer_pool_pages_lru_flushed,0,0,0.000000,enabled
1782985136.640,2026-07-02 09:38:56.641,buffer_pool_pages_misc,96,96,0.000000,enabled
1782985136.640,2026-07-02 09:38:56.641,buffer_pool_pages_total,786432,786432,0.000000,enabled
1782985136.640,2026-07-02 09:38:56.641,buffer_pool_reads,96073524,96073524,35409.687154,enabled
1782985136.640,2026-07-02 09:38:56.641,buffer_pool_read_ahead,803715,803715,296.224134,enabled
1782985136.640,2026-07-02 09:38:56.641,buffer_pool_read_ahead_evicted,25,25,0.009214,enabled
1782985136.640,2026-07-02 09:38:56.641,buffer_pool_read_requests,3187342449,3187342449,1174754.435904,enabled
1782985136.640,2026-07-02 09:38:56.641,buffer_pool_size,12884901888,12884901888,0.000000,enabled
1782985136.640,2026-07-02 09:38:56.641,buffer_pool_wait_free,18945,18945,6.982533,enabled
1782985136.640,2026-07-02 09:38:56.641,buffer_pool_write_requests,647120251,647120251,238508.223402,enabled
1782985136.640,2026-07-02 09:38:56.641,dml_deletes,14934610,14934610,5504.427848,enabled
1782985136.640,2026-07-02 09:38:56.641,dml_inserts,114820017,114820017,42319.049488,enabled
1782985136.640,2026-07-02 09:38:56.641,dml_system_deletes,468,468,0.172490,enabled
1782985136.640,2026-07-02 09:38:56.641,dml_system_inserts,1202,1202,0.443019,enabled
1782985136.640,2026-07-02 09:38:56.641,dml_system_reads,7661,7661,2.823604,enabled
1782985136.640,2026-07-02 09:38:56.641,dml_system_updates,620,620,0.228513,enabled
1782985136.640,2026-07-02 09:38:56.641,dml_updates,29869354,29869354,11008.905076,enabled
1782985136.640,2026-07-02 09:38:56.641,file_num_open_files,35,35,0.000000,enabled
1782985136.640,2026-07-02 09:38:56.641,ibuf_merges,0,0,0.000000,enabled
1782985136.640,2026-07-02 09:38:56.641,ibuf_merges_delete,0,0,0.000000,enabled
1782985136.640,2026-07-02 09:38:56.641,ibuf_merges_delete_mark,0,0,0.000000,enabled
1782985136.640,2026-07-02 09:38:56.641,ibuf_merges_discard_delete,0,0,0.000000,enabled
1782985136.640,2026-07-02 09:38:56.641,ibuf_merges_discard_delete_mark,0,0,0.000000,enabled
1782985136.640,2026-07-02 09:38:56.641,ibuf_merges_discard_insert,0,0,0.000000,enabled
1782985136.640,2026-07-02 09:38:56.641,ibuf_merges_insert,0,0,0.000000,enabled
1782985136.640,2026-07-02 09:38:56.641,ibuf_size,1,1,0.000369,enabled
1782985136.640,2026-07-02 09:38:56.641,innodb_activity_count,20067425,20067425,7396.222234,enabled
1782985136.640,2026-07-02 09:38:56.641,innodb_dblwr_pages_written,31503201,31503201,11611.089830,enabled
1782985136.640,2026-07-02 09:38:56.641,innodb_dblwr_writes,656210,656210,241.858383,enabled
1782985136.640,2026-07-02 09:38:56.641,innodb_page_size,16384,16384,0.000000,enabled
1782985136.640,2026-07-02 09:38:56.641,innodb_rwlock_sx_os_waits,0,0,0.000000,enabled
1782985136.640,2026-07-02 09:38:56.641,innodb_rwlock_sx_spin_rounds,0,0,0.000000,enabled
1782985136.640,2026-07-02 09:38:56.641,innodb_rwlock_sx_spin_waits,0,0,0.000000,enabled
1782985136.640,2026-07-02 09:38:56.641,innodb_rwlock_s_os_waits,0,0,0.000000,enabled
1782985136.640,2026-07-02 09:38:56.641,innodb_rwlock_s_spin_rounds,0,0,0.000000,enabled
1782985136.640,2026-07-02 09:38:56.641,innodb_rwlock_s_spin_waits,0,0,0.000000,enabled
1782985136.640,2026-07-02 09:38:56.641,innodb_rwlock_x_os_waits,0,0,0.000000,enabled
1782985136.640,2026-07-02 09:38:56.641,innodb_rwlock_x_spin_rounds,0,0,0.000000,enabled
1782985136.640,2026-07-02 09:38:56.641,innodb_rwlock_x_spin_waits,0,0,0.000000,enabled
1782985136.640,2026-07-02 09:38:56.641,lock_deadlocks,0,0,0.000000,enabled
1782985136.640,2026-07-02 09:38:56.641,lock_deadlock_false_positives,0,0,0.000000,enabled
1782985136.640,2026-07-02 09:38:56.641,lock_deadlock_rounds,2950,2950,1.087277,enabled
1782985136.640,2026-07-02 09:38:56.641,lock_rec_grant_attempts,425,425,0.156642,enabled
1782985136.640,2026-07-02 09:38:56.641,lock_rec_release_attempts,45394684,45394684,16731.056667,enabled
1782985136.640,2026-07-02 09:38:56.641,lock_row_lock_current_waits,0,0,0.000000,enabled
1782985136.640,2026-07-02 09:38:56.641,lock_row_lock_time,323,323,0.119048,enabled
1782985136.640,2026-07-02 09:38:56.641,lock_row_lock_time_avg,0,0,0.000000,enabled
1782985136.640,2026-07-02 09:38:56.641,lock_row_lock_time_max,29,29,0.000000,enabled
1782985136.640,2026-07-02 09:38:56.641,lock_row_lock_waits,425,425,0.156642,enabled
1782985136.640,2026-07-02 09:38:56.641,lock_schedule_refreshes,2950,2950,1.087277,enabled
1782985136.640,2026-07-02 09:38:56.641,lock_threads_waiting,0,0,0.000000,enabled
1782985136.640,2026-07-02 09:38:56.641,lock_timeouts,0,0,0.000000,enabled
1782985136.640,2026-07-02 09:38:56.641,log_waits,0,0,0.000000,enabled
1782985136.640,2026-07-02 09:38:56.641,log_writes,229026815,229026815,84412.090232,enabled
1782985136.640,2026-07-02 09:38:56.641,log_write_requests,438594176,438594176,161652.037049,enabled
1782985136.640,2026-07-02 09:38:56.641,os_data_fsyncs,67566655,67566655,24902.947403,enabled
1782985136.640,2026-07-02 09:38:56.641,os_data_reads,97017821,97017821,35757.722463,enabled
1782985136.640,2026-07-02 09:38:56.641,os_data_writes,261477176,261477176,96372.276627,enabled
1782985136.640,2026-07-02 09:38:56.641,os_log_bytes_written,142164431360,142164431360,52397345.274016,enabled
1782985136.640,2026-07-02 09:38:56.641,os_log_fsyncs,58816765,58816765,21678.012651,enabled
1782985136.640,2026-07-02 09:38:56.641,os_log_pending_fsyncs,1,1,0.000369,enabled
1782985136.640,2026-07-02 09:38:56.641,os_log_pending_writes,1,1,0.000369,enabled
1782985136.640,2026-07-02 09:38:56.641,trx_rseg_history_len,299,299,0.000000,enabled
1782985137.711,2026-07-02 09:38:57.712,adaptive_hash_searches,0,0,0.000000,enabled
1782985137.711,2026-07-02 09:38:57.712,adaptive_hash_searches_btree,660146275,660146275,243213.417091,enabled
1782985137.711,2026-07-02 09:38:57.712,buffer_data_reads,1585596156416,1585596156416,584170985.082314,enabled
1782985137.711,2026-07-02 09:38:57.712,buffer_data_written,697435308032,697435308032,256951600.804990,enabled
1782985137.711,2026-07-02 09:38:57.712,buffer_pages0_read,7,7,0.002579,enabled
1782985137.711,2026-07-02 09:38:57.712,buffer_pages_created,1826491,1826491,672.922327,enabled
1782985137.711,2026-07-02 09:38:57.712,buffer_pages_read,97050044,97050044,35755.523035,enabled
1782985137.711,2026-07-02 09:38:57.712,buffer_pages_written,31579035,31579035,11634.460634,enabled
1782985137.711,2026-07-02 09:38:57.712,buffer_pool_bytes_data,12853559296,12853559296,0.000000,enabled
1782985137.711,2026-07-02 09:38:57.712,buffer_pool_bytes_dirty,4617240576,4617240576,0.000000,enabled
1782985137.711,2026-07-02 09:38:57.712,buffer_pool_pages_data,784519,784519,0.000000,enabled
1782985137.711,2026-07-02 09:38:57.712,buffer_pool_pages_dirty,281814,281814,0.000000,enabled
1782985137.711,2026-07-02 09:38:57.712,buffer_pool_pages_flushed,31521921,31521921,0.000000,enabled
1782985137.711,2026-07-02 09:38:57.712,buffer_pool_pages_free,1815,1815,0.000000,enabled
1782985137.711,2026-07-02 09:38:57.712,buffer_pool_pages_lru_flushed,0,0,0.000000,enabled
1782985137.711,2026-07-02 09:38:57.712,buffer_pool_pages_misc,97,97,0.000000,enabled
1782985137.711,2026-07-02 09:38:57.712,buffer_pool_pages_total,786432,786432,0.000000,enabled
1782985137.711,2026-07-02 09:38:57.712,buffer_pool_reads,96131006,96131006,35416.928815,enabled
1782985137.711,2026-07-02 09:38:57.712,buffer_pool_read_ahead,803715,803715,296.107550,enabled
1782985137.711,2026-07-02 09:38:57.712,buffer_pool_read_ahead_evicted,25,25,0.009211,enabled
1782985137.711,2026-07-02 09:38:57.712,buffer_pool_read_requests,3188179579,3188179579,1174600.510550,enabled
1782985137.711,2026-07-02 09:38:57.712,buffer_pool_size,12884901888,12884901888,0.000000,enabled
1782985137.711,2026-07-02 09:38:57.712,buffer_pool_wait_free,18945,18945,6.979785,enabled
1782985137.711,2026-07-02 09:38:57.712,buffer_pool_write_requests,647233332,647233332,238456.016299,enabled
1782985137.711,2026-07-02 09:38:57.712,dml_deletes,14939505,14939505,5504.064961,enabled
1782985137.711,2026-07-02 09:38:57.712,dml_inserts,114824909,114824909,42304.196743,enabled
1782985137.711,2026-07-02 09:38:57.712,dml_system_deletes,468,468,0.172422,enabled
1782985137.711,2026-07-02 09:38:57.712,dml_system_inserts,1202,1202,0.442845,enabled
1782985137.711,2026-07-02 09:38:57.712,dml_system_reads,7661,7661,2.822493,enabled
1782985137.711,2026-07-02 09:38:57.712,dml_system_updates,620,620,0.228423,enabled
1782985137.711,2026-07-02 09:38:57.712,dml_updates,29879140,29879140,11008.177808,enabled
1782985137.711,2026-07-02 09:38:57.712,file_num_open_files,35,35,0.000000,enabled
1782985137.711,2026-07-02 09:38:57.712,ibuf_merges,0,0,0.000000,enabled
1782985137.711,2026-07-02 09:38:57.712,ibuf_merges_delete,0,0,0.000000,enabled
1782985137.711,2026-07-02 09:38:57.712,ibuf_merges_delete_mark,0,0,0.000000,enabled
1782985137.711,2026-07-02 09:38:57.712,ibuf_merges_discard_delete,0,0,0.000000,enabled
1782985137.711,2026-07-02 09:38:57.712,ibuf_merges_discard_delete_mark,0,0,0.000000,enabled
1782985137.711,2026-07-02 09:38:57.712,ibuf_merges_discard_insert,0,0,0.000000,enabled
1782985137.711,2026-07-02 09:38:57.712,ibuf_merges_insert,0,0,0.000000,enabled
1782985137.711,2026-07-02 09:38:57.712,ibuf_size,1,1,0.000368,enabled
1782985137.711,2026-07-02 09:38:57.712,innodb_activity_count,20073041,20073041,7395.380434,enabled
1782985137.711,2026-07-02 09:38:57.712,innodb_dblwr_pages_written,31519407,31519407,11612.490833,enabled
1782985137.711,2026-07-02 09:38:57.712,innodb_dblwr_writes,656576,656576,241.898040,enabled
1782985137.711,2026-07-02 09:38:57.712,innodb_page_size,16384,16384,0.000000,enabled
1782985137.711,2026-07-02 09:38:57.712,innodb_rwlock_sx_os_waits,0,0,0.000000,enabled
1782985137.711,2026-07-02 09:38:57.712,innodb_rwlock_sx_spin_rounds,0,0,0.000000,enabled
1782985137.711,2026-07-02 09:38:57.712,innodb_rwlock_sx_spin_waits,0,0,0.000000,enabled
1782985137.711,2026-07-02 09:38:57.712,innodb_rwlock_s_os_waits,0,0,0.000000,enabled
1782985137.711,2026-07-02 09:38:57.712,innodb_rwlock_s_spin_rounds,0,0,0.000000,enabled
1782985137.711,2026-07-02 09:38:57.712,innodb_rwlock_s_spin_waits,0,0,0.000000,enabled
1782985137.711,2026-07-02 09:38:57.712,innodb_rwlock_x_os_waits,0,0,0.000000,enabled
1782985137.711,2026-07-02 09:38:57.712,innodb_rwlock_x_spin_rounds,0,0,0.000000,enabled
1782985137.711,2026-07-02 09:38:57.712,innodb_rwlock_x_spin_waits,0,0,0.000000,enabled
1782985137.711,2026-07-02 09:38:57.712,lock_deadlocks,0,0,0.000000,enabled
1782985137.711,2026-07-02 09:38:57.712,lock_deadlock_false_positives,0,0,0.000000,enabled
1782985137.711,2026-07-02 09:38:57.712,lock_deadlock_rounds,2951,2951,1.087218,enabled
1782985137.711,2026-07-02 09:38:57.712,lock_rec_grant_attempts,425,425,0.156580,enabled
1782985137.711,2026-07-02 09:38:57.712,lock_rec_release_attempts,45409564,45409564,16729.954041,enabled
1782985137.711,2026-07-02 09:38:57.712,lock_row_lock_current_waits,0,0,0.000000,enabled
1782985137.711,2026-07-02 09:38:57.712,lock_row_lock_time,323,323,0.119001,enabled
1782985137.711,2026-07-02 09:38:57.712,lock_row_lock_time_avg,0,0,0.000000,enabled
1782985137.711,2026-07-02 09:38:57.712,lock_row_lock_time_max,29,29,0.000000,enabled
1782985137.711,2026-07-02 09:38:57.712,lock_row_lock_waits,425,425,0.156580,enabled
1782985137.711,2026-07-02 09:38:57.712,lock_schedule_refreshes,2951,2951,1.087218,enabled
1782985137.711,2026-07-02 09:38:57.712,lock_threads_waiting,0,0,0.000000,enabled
1782985137.711,2026-07-02 09:38:57.712,lock_timeouts,0,0,0.000000,enabled
1782985137.711,2026-07-02 09:38:57.712,log_waits,0,0,0.000000,enabled
1782985137.711,2026-07-02 09:38:57.712,log_writes,229104802,229104802,84407.600661,enabled
1782985137.711,2026-07-02 09:38:57.712,log_write_requests,438677305,438677305,161619.042830,enabled
1782985137.711,2026-07-02 09:38:57.712,os_data_fsyncs,67601140,67601140,24905.851522,enabled
1782985137.711,2026-07-02 09:38:57.712,os_data_reads,97075188,97075188,35764.784761,enabled
1782985137.711,2026-07-02 09:38:57.712,os_data_writes,261571649,261571649,96369.153775,enabled
1782985137.711,2026-07-02 09:38:57.712,os_log_bytes_written,142205223936,142205223936,52391752.371460,enabled
1782985137.711,2026-07-02 09:38:57.712,os_log_fsyncs,58846039,58846039,21680.266140,enabled
1782985137.711,2026-07-02 09:38:57.712,os_log_pending_fsyncs,1,1,0.000368,enabled
1782985137.711,2026-07-02 09:38:57.712,os_log_pending_writes,1,1,0.000368,enabled
1782985137.711,2026-07-02 09:38:57.712,trx_rseg_history_len,322,322,0.000000,enabled
1782985138.779,2026-07-02 09:38:58.780,adaptive_hash_searches,0,0,0.000000,enabled
1782985138.779,2026-07-02 09:38:58.780,adaptive_hash_searches_btree,660317717,660317717,243180.384915,enabled
1782985138.779,2026-07-02 09:38:58.780,buffer_data_reads,1586547919360,1586547919360,584290510.997495,enabled
1782985138.779,2026-07-02 09:38:58.780,buffer_data_written,697751324160,697751324160,256966381.241044,enabled
1782985138.779,2026-07-02 09:38:58.780,buffer_pages0_read,7,7,0.002578,enabled
1782985138.779,2026-07-02 09:38:58.780,buffer_pages_created,1826520,1826520,672.666926,enabled
1782985138.779,2026-07-02 09:38:58.780,buffer_pages_read,97108307,97108307,35762.841906,enabled
1782985138.779,2026-07-02 09:38:58.780,buffer_pages_written,31595396,31595396,11635.885642,enabled
1782985138.779,2026-07-02 09:38:58.780,buffer_pool_bytes_data,12849233920,12849233920,0.000000,enabled
1782985138.779,2026-07-02 09:38:58.780,buffer_pool_bytes_dirty,4622270464,4622270464,0.000000,enabled
1782985138.779,2026-07-02 09:38:58.780,buffer_pool_pages_data,784254,784254,0.000000,enabled
1782985138.779,2026-07-02 09:38:58.780,buffer_pool_pages_dirty,282121,282121,0.000000,enabled
1782985138.779,2026-07-02 09:38:58.780,buffer_pool_pages_flushed,31538282,31538282,0.000000,enabled
1782985138.779,2026-07-02 09:38:58.780,buffer_pool_pages_free,2080,2080,0.000000,enabled
1782985138.779,2026-07-02 09:38:58.780,buffer_pool_pages_lru_flushed,0,0,0.000000,enabled
1782985138.779,2026-07-02 09:38:58.780,buffer_pool_pages_misc,98,98,0.000000,enabled
1782985138.779,2026-07-02 09:38:58.780,buffer_pool_pages_total,786432,786432,0.000000,enabled
1782985138.779,2026-07-02 09:38:58.780,buffer_pool_reads,96189218,96189218,35424.362791,enabled
1782985138.779,2026-07-02 09:38:58.780,buffer_pool_read_ahead,803715,803715,295.990467,enabled
1782985138.779,2026-07-02 09:38:58.780,buffer_pool_read_ahead_evicted,25,25,0.009207,enabled
1782985138.779,2026-07-02 09:38:58.780,buffer_pool_read_requests,3189028359,3189028359,1174448.648613,enabled
1782985138.779,2026-07-02 09:38:58.780,buffer_pool_size,12884901888,12884901888,0.000000,enabled
1782985138.779,2026-07-02 09:38:58.780,buffer_pool_wait_free,18945,18945,6.977025,enabled
1782985138.779,2026-07-02 09:38:58.780,buffer_pool_write_requests,647347760,647347760,238403.869740,enabled
1782985138.779,2026-07-02 09:38:58.780,dml_deletes,14944463,14944463,5503.714467,enabled
1782985138.779,2026-07-02 09:38:58.780,dml_inserts,114829870,114829870,42289.295859,enabled
1782985138.779,2026-07-02 09:38:58.780,dml_system_deletes,468,468,0.172354,enabled
1782985138.779,2026-07-02 09:38:58.780,dml_system_inserts,1202,1202,0.442670,enabled
1782985138.779,2026-07-02 09:38:58.780,dml_system_reads,7661,7661,2.821376,enabled
1782985138.779,2026-07-02 09:38:58.780,dml_system_updates,620,620,0.228332,enabled
1782985138.779,2026-07-02 09:38:58.780,dml_updates,29889056,29889056,11007.476802,enabled
1782985138.779,2026-07-02 09:38:58.780,file_num_open_files,35,35,0.000000,enabled
1782985138.779,2026-07-02 09:38:58.780,ibuf_merges,0,0,0.000000,enabled
1782985138.779,2026-07-02 09:38:58.780,ibuf_merges_delete,0,0,0.000000,enabled
1782985138.779,2026-07-02 09:38:58.780,ibuf_merges_delete_mark,0,0,0.000000,enabled
1782985138.779,2026-07-02 09:38:58.780,ibuf_merges_discard_delete,0,0,0.000000,enabled
1782985138.779,2026-07-02 09:38:58.780,ibuf_merges_discard_delete_mark,0,0,0.000000,enabled
1782985138.779,2026-07-02 09:38:58.780,ibuf_merges_discard_insert,0,0,0.000000,enabled
1782985138.779,2026-07-02 09:38:58.780,ibuf_merges_insert,0,0,0.000000,enabled
1782985138.779,2026-07-02 09:38:58.780,ibuf_size,1,1,0.000368,enabled
1782985138.779,2026-07-02 09:38:58.780,innodb_activity_count,20078738,20078738,7394.554251,enabled
1782985138.779,2026-07-02 09:38:58.780,innodb_dblwr_pages_written,31535768,31535768,11613.924439,enabled
1782985138.779,2026-07-02 09:38:58.780,innodb_dblwr_writes,656943,656943,241.937547,enabled
1782985138.779,2026-07-02 09:38:58.780,innodb_page_size,16384,16384,0.000000,enabled
1782985138.779,2026-07-02 09:38:58.780,innodb_rwlock_sx_os_waits,0,0,0.000000,enabled
1782985138.779,2026-07-02 09:38:58.780,innodb_rwlock_sx_spin_rounds,0,0,0.000000,enabled
1782985138.779,2026-07-02 09:38:58.780,innodb_rwlock_sx_spin_waits,0,0,0.000000,enabled
1782985138.779,2026-07-02 09:38:58.780,innodb_rwlock_s_os_waits,0,0,0.000000,enabled
1782985138.779,2026-07-02 09:38:58.780,innodb_rwlock_s_spin_rounds,0,0,0.000000,enabled
1782985138.779,2026-07-02 09:38:58.780,innodb_rwlock_s_spin_waits,0,0,0.000000,enabled
1782985138.779,2026-07-02 09:38:58.780,innodb_rwlock_x_os_waits,0,0,0.000000,enabled
1782985138.779,2026-07-02 09:38:58.780,innodb_rwlock_x_spin_rounds,0,0,0.000000,enabled
1782985138.779,2026-07-02 09:38:58.780,innodb_rwlock_x_spin_waits,0,0,0.000000,enabled
1782985138.779,2026-07-02 09:38:58.780,lock_deadlocks,0,0,0.000000,enabled
1782985138.779,2026-07-02 09:38:58.780,lock_deadlock_false_positives,0,0,0.000000,enabled
1782985138.779,2026-07-02 09:38:58.780,lock_deadlock_rounds,2952,2952,1.087156,enabled
1782985138.779,2026-07-02 09:38:58.780,lock_rec_grant_attempts,425,425,0.156518,enabled
1782985138.779,2026-07-02 09:38:58.780,lock_rec_release_attempts,45424648,45424648,16728.893938,enabled
1782985138.779,2026-07-02 09:38:58.780,lock_row_lock_current_waits,0,0,0.000000,enabled
1782985138.779,2026-07-02 09:38:58.780,lock_row_lock_time,323,323,0.118954,enabled
1782985138.779,2026-07-02 09:38:58.780,lock_row_lock_time_avg,0,0,0.000000,enabled
1782985138.779,2026-07-02 09:38:58.780,lock_row_lock_time_max,29,29,0.000000,enabled
1782985138.779,2026-07-02 09:38:58.780,lock_row_lock_waits,425,425,0.156518,enabled
1782985138.779,2026-07-02 09:38:58.780,lock_schedule_refreshes,2952,2952,1.087156,enabled
1782985138.779,2026-07-02 09:38:58.780,lock_threads_waiting,0,0,0.000000,enabled
1782985138.779,2026-07-02 09:38:58.780,lock_timeouts,0,0,0.000000,enabled
1782985138.779,2026-07-02 09:38:58.780,log_waits,0,0,0.000000,enabled
1782985138.779,2026-07-02 09:38:58.780,log_writes,229185657,229185657,84404.001998,enabled
1782985138.779,2026-07-02 09:38:58.780,log_write_requests,438761542,438761542,161586.159338,enabled
1782985138.779,2026-07-02 09:38:58.780,os_data_fsyncs,67636588,67636588,24909.058192,enabled
1782985138.779,2026-07-02 09:38:58.780,os_data_reads,97133255,97133255,35772.027769,enabled
1782985138.779,2026-07-02 09:38:58.780,os_data_writes,261669142,261669142,96366.952882,enabled
1782985138.779,2026-07-02 09:38:58.780,os_log_bytes_written,142247300608,142247300608,52386532.016926,enabled
1782985138.779,2026-07-02 09:38:58.780,os_log_fsyncs,58876381,58876381,21682.867818,enabled
1782985138.779,2026-07-02 09:38:58.780,os_log_pending_fsyncs,1,1,0.000368,enabled
1782985138.779,2026-07-02 09:38:58.780,os_log_pending_writes,0,0,0.000000,enabled
1782985138.779,2026-07-02 09:38:58.780,trx_rseg_history_len,426,426,0.000000,enabled
1782985139.853,2026-07-02 09:38:59.855,adaptive_hash_searches,0,0,0.000000,enabled
1782985139.853,2026-07-02 09:38:59.855,adaptive_hash_searches_btree,660489421,660489421,243147.642237,enabled
1782985139.853,2026-07-02 09:38:59.855,buffer_data_reads,1587502565888,1587502565888,584411391.994500,enabled
1782985139.853,2026-07-02 09:38:59.855,buffer_data_written,698068084224,698068084224,256981594.417635,enabled
1782985139.853,2026-07-02 09:38:59.855,buffer_pages0_read,7,7,0.002577,enabled
1782985139.853,2026-07-02 09:38:59.855,buffer_pages_created,1826546,1826546,672.411069,enabled
1782985139.853,2026-07-02 09:38:59.855,buffer_pages_read,97166729,97166729,35770.237259,enabled
1782985139.853,2026-07-02 09:38:59.855,buffer_pages_written,31611812,31611812,11637.337494,enabled
1782985139.853,2026-07-02 09:38:59.855,buffer_pool_bytes_data,12852330496,12852330496,0.000000,enabled
1782985139.853,2026-07-02 09:38:59.855,buffer_pool_bytes_dirty,4626104320,4626104320,0.000000,enabled
1782985139.853,2026-07-02 09:38:59.855,buffer_pool_pages_data,784444,784444,0.000000,enabled
1782985139.853,2026-07-02 09:38:59.855,buffer_pool_pages_dirty,282355,282355,0.000000,enabled
1782985139.853,2026-07-02 09:38:59.855,buffer_pool_pages_flushed,31554698,31554698,0.000000,enabled
1782985139.853,2026-07-02 09:38:59.855,buffer_pool_pages_free,1892,1892,0.000000,enabled
1782985139.853,2026-07-02 09:38:59.855,buffer_pool_pages_lru_flushed,0,0,0.000000,enabled
1782985139.853,2026-07-02 09:38:59.855,buffer_pool_pages_misc,97,97,0.000000,enabled
1782985139.853,2026-07-02 09:38:59.855,buffer_pool_pages_total,786432,786432,0.000000,enabled
1782985139.853,2026-07-02 09:38:59.855,buffer_pool_reads,96247582,96247582,35431.870427,enabled
1782985139.853,2026-07-02 09:38:59.855,buffer_pool_read_ahead,803715,803715,295.873672,enabled
1782985139.853,2026-07-02 09:38:59.855,buffer_pool_read_ahead_evicted,25,25,0.009203,enabled
1782985139.853,2026-07-02 09:38:59.855,buffer_pool_read_requests,3189878539,3189878539,1174298.202621,enabled
1782985139.853,2026-07-02 09:38:59.855,buffer_pool_size,12884901888,12884901888,0.000000,enabled
1782985139.853,2026-07-02 09:38:59.855,buffer_pool_wait_free,18945,18945,6.974272,enabled
1782985139.853,2026-07-02 09:38:59.855,buffer_pool_write_requests,647462057,647462057,238351.874559,enabled
1782985139.853,2026-07-02 09:38:59.855,dml_deletes,14949431,14949431,5503.371752,enabled
1782985139.853,2026-07-02 09:38:59.855,dml_inserts,114834836,114834836,42274.437941,enabled
1782985139.853,2026-07-02 09:38:59.855,dml_system_deletes,468,468,0.172286,enabled
1782985139.853,2026-07-02 09:38:59.855,dml_system_inserts,1202,1202,0.442495,enabled
1782985139.853,2026-07-02 09:38:59.855,dml_system_reads,7661,7661,2.820263,enabled
1782985139.853,2026-07-02 09:38:59.855,dml_system_updates,620,620,0.228242,enabled
1782985139.853,2026-07-02 09:38:59.855,dml_updates,29898997,29898997,11006.793194,enabled
1782985139.853,2026-07-02 09:38:59.855,file_num_open_files,35,35,0.000000,enabled
1782985139.853,2026-07-02 09:38:59.855,ibuf_merges,0,0,0.000000,enabled
1782985139.853,2026-07-02 09:38:59.855,ibuf_merges_delete,0,0,0.000000,enabled
1782985139.853,2026-07-02 09:38:59.855,ibuf_merges_delete_mark,0,0,0.000000,enabled
1782985139.853,2026-07-02 09:38:59.855,ibuf_merges_discard_delete,0,0,0.000000,enabled
1782985139.853,2026-07-02 09:38:59.855,ibuf_merges_discard_delete_mark,0,0,0.000000,enabled
1782985139.853,2026-07-02 09:38:59.855,ibuf_merges_discard_insert,0,0,0.000000,enabled
1782985139.853,2026-07-02 09:38:59.855,ibuf_merges_insert,0,0,0.000000,enabled
1782985139.853,2026-07-02 09:38:59.855,ibuf_size,1,1,0.000368,enabled
1782985139.853,2026-07-02 09:38:59.855,innodb_activity_count,20084446,20084446,7393.737870,enabled
1782985139.853,2026-07-02 09:38:59.855,innodb_dblwr_pages_written,31552184,31552184,11615.385184,enabled
1782985139.853,2026-07-02 09:38:59.855,innodb_dblwr_writes,657306,657306,241.975718,enabled
1782985139.853,2026-07-02 09:38:59.855,innodb_page_size,16384,16384,0.000000,enabled
1782985139.853,2026-07-02 09:38:59.855,innodb_rwlock_sx_os_waits,0,0,0.000000,enabled
1782985139.853,2026-07-02 09:38:59.855,innodb_rwlock_sx_spin_rounds,0,0,0.000000,enabled
1782985139.853,2026-07-02 09:38:59.855,innodb_rwlock_sx_spin_waits,0,0,0.000000,enabled
1782985139.853,2026-07-02 09:38:59.855,innodb_rwlock_s_os_waits,0,0,0.000000,enabled
1782985139.853,2026-07-02 09:38:59.855,innodb_rwlock_s_spin_rounds,0,0,0.000000,enabled
1782985139.853,2026-07-02 09:38:59.855,innodb_rwlock_s_spin_waits,0,0,0.000000,enabled
1782985139.853,2026-07-02 09:38:59.855,innodb_rwlock_x_os_waits,0,0,0.000000,enabled
1782985139.853,2026-07-02 09:38:59.855,innodb_rwlock_x_spin_rounds,0,0,0.000000,enabled
1782985139.853,2026-07-02 09:38:59.855,innodb_rwlock_x_spin_waits,0,0,0.000000,enabled
1782985139.853,2026-07-02 09:38:59.855,lock_deadlocks,0,0,0.000000,enabled
1782985139.853,2026-07-02 09:38:59.855,lock_deadlock_false_positives,0,0,0.000000,enabled
1782985139.853,2026-07-02 09:38:59.855,lock_deadlock_rounds,2953,2953,1.087096,enabled
1782985139.853,2026-07-02 09:38:59.855,lock_rec_grant_attempts,425,425,0.156456,enabled
1782985139.853,2026-07-02 09:38:59.855,lock_rec_release_attempts,45439759,45439759,16727.855763,enabled
1782985139.853,2026-07-02 09:38:59.855,lock_row_lock_current_waits,0,0,0.000000,enabled
1782985139.853,2026-07-02 09:38:59.855,lock_row_lock_time,323,323,0.118907,enabled
1782985139.853,2026-07-02 09:38:59.855,lock_row_lock_time_avg,0,0,0.000000,enabled
1782985139.853,2026-07-02 09:38:59.855,lock_row_lock_time_max,29,29,0.000000,enabled
1782985139.853,2026-07-02 09:38:59.855,lock_row_lock_waits,425,425,0.156456,enabled
1782985139.853,2026-07-02 09:38:59.855,lock_schedule_refreshes,2953,2953,1.087096,enabled
1782985139.853,2026-07-02 09:38:59.855,lock_threads_waiting,0,0,0.000000,enabled
1782985139.853,2026-07-02 09:38:59.855,lock_timeouts,0,0,0.000000,enabled
1782985139.853,2026-07-02 09:38:59.855,log_waits,0,0,0.000000,enabled
1782985139.853,2026-07-02 09:38:59.855,log_writes,229265505,229265505,84400.092651,enabled
1782985139.853,2026-07-02 09:38:59.855,log_write_requests,438845822,438845822,161553.427140,enabled
1782985139.853,2026-07-02 09:38:59.855,os_data_fsyncs,67671842,67671842,24912.207652,enabled
1782985139.853,2026-07-02 09:38:59.855,os_data_reads,97191509,97191509,35779.357930,enabled
1782985139.853,2026-07-02 09:38:59.855,os_data_writes,261765661,261765661,96364.459924,enabled
1782985139.853,2026-07-02 09:38:59.855,os_log_bytes_written,142288818176,142288818176,52381145.169091,enabled
1782985139.853,2026-07-02 09:38:59.855,os_log_fsyncs,58906583,58906583,21685.430474,enabled
1782985139.853,2026-07-02 09:38:59.855,os_log_pending_fsyncs,1,1,0.000368,enabled
1782985139.853,2026-07-02 09:38:59.855,os_log_pending_writes,0,0,0.000000,enabled
1782985139.853,2026-07-02 09:38:59.855,trx_rseg_history_len,552,552,0.000000,enabled
1782985140.925,2026-07-02 09:39:00.927,adaptive_hash_searches,0,0,0.000000,enabled
1782985140.925,2026-07-02 09:39:00.927,adaptive_hash_searches_btree,660662463,660662463,243115.353959,enabled
1782985140.925,2026-07-02 09:39:00.927,buffer_data_reads,1588457392640,1588457392640,584532105.319648,enabled
1782985140.925,2026-07-02 09:39:00.927,buffer_data_written,698387364352,698387364352,256997662.044477,enabled
1782985140.925,2026-07-02 09:39:00.927,buffer_pages0_read,7,7,0.002576,enabled
1782985140.925,2026-07-02 09:39:00.927,buffer_pages_created,1826576,1826576,672.156727,enabled
1782985140.925,2026-07-02 09:39:00.927,buffer_pages_read,97225179,97225179,35777.628605,enabled
1782985140.925,2026-07-02 09:39:00.927,buffer_pages_written,31628326,31628326,11638.821508,enabled
1782985140.925,2026-07-02 09:39:00.927,buffer_pool_bytes_data,12853608448,12853608448,0.000000,enabled
1782985140.925,2026-07-02 09:39:00.927,buffer_pool_bytes_dirty,4630839296,4630839296,0.000000,enabled
1782985140.925,2026-07-02 09:39:00.927,buffer_pool_pages_data,784522,784522,0.000000,enabled
1782985140.925,2026-07-02 09:39:00.927,buffer_pool_pages_dirty,282644,282644,0.000000,enabled
1782985140.925,2026-07-02 09:39:00.927,buffer_pool_pages_flushed,31571212,31571212,0.000000,enabled
1782985140.925,2026-07-02 09:39:00.927,buffer_pool_pages_free,1813,1813,0.000000,enabled
1782985140.925,2026-07-02 09:39:00.927,buffer_pool_pages_lru_flushed,0,0,0.000000,enabled
1782985140.925,2026-07-02 09:39:00.927,buffer_pool_pages_misc,96,96,0.000000,enabled
1782985140.925,2026-07-02 09:39:00.927,buffer_pool_pages_total,786432,786432,0.000000,enabled
1782985140.925,2026-07-02 09:39:00.927,buffer_pool_reads,96305978,96305978,35439.375424,enabled
1782985140.925,2026-07-02 09:39:00.927,buffer_pool_read_ahead,803715,803715,295.756898,enabled
1782985140.925,2026-07-02 09:39:00.927,buffer_pool_read_ahead_evicted,25,25,0.009200,enabled
1782985140.925,2026-07-02 09:39:00.927,buffer_pool_read_requests,3190734530,3190734530,1174149.732438,enabled
1782985140.925,2026-07-02 09:39:00.927,buffer_pool_size,12884901888,12884901888,0.000000,enabled
1782985140.925,2026-07-02 09:39:00.927,buffer_pool_wait_free,18945,18945,6.971519,enabled
1782985140.925,2026-07-02 09:39:00.927,buffer_pool_write_requests,647577662,647577662,238300.344608,enabled
1782985140.925,2026-07-02 09:39:00.927,dml_deletes,14954440,14954440,5503.042919,enabled
1782985140.925,2026-07-02 09:39:00.927,dml_inserts,114839847,114839847,42259.596967,enabled
1782985140.925,2026-07-02 09:39:00.927,dml_system_deletes,468,468,0.172218,enabled
1782985140.925,2026-07-02 09:39:00.927,dml_system_inserts,1202,1202,0.442321,enabled
1782985140.925,2026-07-02 09:39:00.927,dml_system_reads,7661,7661,2.819150,enabled
1782985140.925,2026-07-02 09:39:00.927,dml_system_updates,620,620,0.228152,enabled
1782985140.925,2026-07-02 09:39:00.927,dml_updates,29909013,29909013,11006.134771,enabled
1782985140.925,2026-07-02 09:39:00.927,file_num_open_files,35,35,0.000000,enabled
1782985140.925,2026-07-02 09:39:00.927,ibuf_merges,0,0,0.000000,enabled
1782985140.925,2026-07-02 09:39:00.927,ibuf_merges_delete,0,0,0.000000,enabled
1782985140.925,2026-07-02 09:39:00.927,ibuf_merges_delete_mark,0,0,0.000000,enabled
1782985140.925,2026-07-02 09:39:00.927,ibuf_merges_discard_delete,0,0,0.000000,enabled
1782985140.925,2026-07-02 09:39:00.927,ibuf_merges_discard_delete_mark,0,0,0.000000,enabled
1782985140.925,2026-07-02 09:39:00.927,ibuf_merges_discard_insert,0,0,0.000000,enabled
1782985140.925,2026-07-02 09:39:00.927,ibuf_merges_insert,0,0,0.000000,enabled
1782985140.925,2026-07-02 09:39:00.927,ibuf_size,1,1,0.000368,enabled
1782985140.925,2026-07-02 09:39:00.927,innodb_activity_count,20090203,20090203,7392.938204,enabled
1782985140.925,2026-07-02 09:39:00.927,innodb_dblwr_pages_written,31568698,31568698,11616.877751,enabled
1782985140.925,2026-07-02 09:39:00.927,innodb_dblwr_writes,657660,657660,242.010482,enabled
1782985140.925,2026-07-02 09:39:00.927,innodb_page_size,16384,16384,0.000000,enabled
1782985140.925,2026-07-02 09:39:00.927,innodb_rwlock_sx_os_waits,0,0,0.000000,enabled
1782985140.925,2026-07-02 09:39:00.927,innodb_rwlock_sx_spin_rounds,0,0,0.000000,enabled
1782985140.925,2026-07-02 09:39:00.927,innodb_rwlock_sx_spin_waits,0,0,0.000000,enabled
1782985140.925,2026-07-02 09:39:00.927,innodb_rwlock_s_os_waits,0,0,0.000000,enabled
1782985140.925,2026-07-02 09:39:00.927,innodb_rwlock_s_spin_rounds,0,0,0.000000,enabled
1782985140.925,2026-07-02 09:39:00.927,innodb_rwlock_s_spin_waits,0,0,0.000000,enabled
1782985140.925,2026-07-02 09:39:00.927,innodb_rwlock_x_os_waits,0,0,0.000000,enabled
1782985140.925,2026-07-02 09:39:00.927,innodb_rwlock_x_spin_rounds,0,0,0.000000,enabled
1782985140.925,2026-07-02 09:39:00.927,innodb_rwlock_x_spin_waits,0,0,0.000000,enabled
1782985140.925,2026-07-02 09:39:00.927,lock_deadlocks,0,0,0.000000,enabled
1782985140.925,2026-07-02 09:39:00.927,lock_deadlock_false_positives,0,0,0.000000,enabled
1782985140.925,2026-07-02 09:39:00.927,lock_deadlock_rounds,2954,2954,1.087034,enabled
1782985140.925,2026-07-02 09:39:00.927,lock_rec_grant_attempts,425,425,0.156395,enabled
1782985140.925,2026-07-02 09:39:00.927,lock_rec_release_attempts,45454998,45454998,16726.861485,enabled
1782985140.925,2026-07-02 09:39:00.927,lock_row_lock_current_waits,0,0,0.000000,enabled
1782985140.925,2026-07-02 09:39:00.927,lock_row_lock_time,323,323,0.118860,enabled
1782985140.925,2026-07-02 09:39:00.927,lock_row_lock_time_avg,0,0,0.000000,enabled
1782985140.925,2026-07-02 09:39:00.927,lock_row_lock_time_max,29,29,0.000000,enabled
1782985140.925,2026-07-02 09:39:00.927,lock_row_lock_waits,425,425,0.156395,enabled
1782985140.925,2026-07-02 09:39:00.927,lock_schedule_refreshes,2954,2954,1.087034,enabled
1782985140.925,2026-07-02 09:39:00.927,lock_threads_waiting,0,0,0.000000,enabled
1782985140.925,2026-07-02 09:39:00.927,lock_timeouts,0,0,0.000000,enabled
1782985140.925,2026-07-02 09:39:00.927,log_waits,0,0,0.000000,enabled
1782985140.925,2026-07-02 09:39:00.927,log_writes,229346450,229346450,84396.568549,enabled
1782985140.925,2026-07-02 09:39:00.927,log_write_requests,438930812,438930812,161520.940877,enabled
1782985140.925,2026-07-02 09:39:00.927,os_data_fsyncs,67707264,67707264,24915.410250,enabled
1782985140.925,2026-07-02 09:39:00.927,os_data_reads,97249766,97249766,35786.674531,enabled
1782985140.925,2026-07-02 09:39:00.927,os_data_writes,261863361,261863361,96362.379579,enabled
1782985140.925,2026-07-02 09:39:00.927,os_log_bytes_written,142331022336,142331022336,52376002.196195,enabled
1782985140.925,2026-07-02 09:39:00.927,os_log_fsyncs,58936898,58936898,21688.027291,enabled
1782985140.925,2026-07-02 09:39:00.927,os_log_pending_fsyncs,0,0,0.000000,enabled
1782985140.925,2026-07-02 09:39:00.927,os_log_pending_writes,0,0,0.000000,enabled
1782985140.925,2026-07-02 09:39:00.927,trx_rseg_history_len,716,716,0.000000,enabled
1782985141.997,2026-07-02 09:39:01.999,adaptive_hash_searches,0,0,0.000000,enabled
1782985141.997,2026-07-02 09:39:01.999,adaptive_hash_searches_btree,660833419,660833419,243082.341294,enabled
1782985141.997,2026-07-02 09:39:01.999,buffer_data_reads,1589408418304,1589408418304,584651368.194064,enabled
1782985141.997,2026-07-02 09:39:01.999,buffer_data_written,698700221440,698700221440,257011373.184962,enabled
1782985141.997,2026-07-02 09:39:01.999,buffer_pages0_read,7,7,0.002575,enabled
1782985141.997,2026-07-02 09:39:01.999,buffer_pages_created,1826607,1826607,671.903003,enabled
1782985141.997,2026-07-02 09:39:01.999,buffer_pages_read,97283387,97283387,35784.927741,enabled
1782985141.997,2026-07-02 09:39:01.999,buffer_pages_written,31644494,31644494,11640.177929,enabled
1782985141.997,2026-07-02 09:39:01.999,buffer_pool_bytes_data,12849692672,12849692672,0.000000,enabled
1782985141.997,2026-07-02 09:39:01.999,buffer_pool_bytes_dirty,4637491200,4637491200,0.000000,enabled
1782985141.997,2026-07-02 09:39:01.999,buffer_pool_pages_data,784283,784283,0.000000,enabled
1782985141.997,2026-07-02 09:39:01.999,buffer_pool_pages_dirty,283050,283050,0.000000,enabled
1782985141.997,2026-07-02 09:39:01.999,buffer_pool_pages_flushed,31587380,31587380,0.000000,enabled
1782985141.997,2026-07-02 09:39:01.999,buffer_pool_pages_free,2052,2052,0.000000,enabled
1782985141.997,2026-07-02 09:39:01.999,buffer_pool_pages_lru_flushed,0,0,0.000000,enabled
1782985141.997,2026-07-02 09:39:01.999,buffer_pool_pages_misc,97,97,0.000000,enabled
1782985141.997,2026-07-02 09:39:01.999,buffer_pool_pages_total,786432,786432,0.000000,enabled
1782985141.997,2026-07-02 09:39:01.999,buffer_pool_reads,96364120,96364120,35446.783679,enabled
1782985141.997,2026-07-02 09:39:01.999,buffer_pool_read_ahead,803715,803715,295.640239,enabled
1782985141.997,2026-07-02 09:39:01.999,buffer_pool_read_ahead_evicted,25,25,0.009196,enabled
1782985141.997,2026-07-02 09:39:01.999,buffer_pool_read_requests,3191580723,3191580723,1173997.863748,enabled
1782985141.997,2026-07-02 09:39:01.999,buffer_pool_size,12884901888,12884901888,0.000000,enabled
1782985141.997,2026-07-02 09:39:01.999,buffer_pool_wait_free,18945,18945,6.968769,enabled
1782985141.997,2026-07-02 09:39:01.999,buffer_pool_write_requests,647691571,647691571,238248.249439,enabled
1782985141.997,2026-07-02 09:39:01.999,dml_deletes,14959389,14959389,5502.692675,enabled
1782985141.997,2026-07-02 09:39:01.999,dml_inserts,114844795,114844795,42244.747615,enabled
1782985141.997,2026-07-02 09:39:01.999,dml_system_deletes,468,468,0.172150,enabled
1782985141.997,2026-07-02 09:39:01.999,dml_system_inserts,1202,1202,0.442146,enabled
1782985141.997,2026-07-02 09:39:01.999,dml_system_reads,7661,7661,2.818038,enabled
1782985141.997,2026-07-02 09:39:01.999,dml_system_updates,620,620,0.228062,enabled
1782985141.997,2026-07-02 09:39:01.999,dml_updates,29918908,29918908,11005.433161,enabled
1782985141.997,2026-07-02 09:39:01.999,file_num_open_files,35,35,0.000000,enabled
1782985141.997,2026-07-02 09:39:01.999,ibuf_merges,0,0,0.000000,enabled
1782985141.997,2026-07-02 09:39:01.999,ibuf_merges_delete,0,0,0.000000,enabled
1782985141.997,2026-07-02 09:39:01.999,ibuf_merges_delete_mark,0,0,0.000000,enabled
1782985141.997,2026-07-02 09:39:01.999,ibuf_merges_discard_delete,0,0,0.000000,enabled
1782985141.997,2026-07-02 09:39:01.999,ibuf_merges_discard_delete_mark,0,0,0.000000,enabled
1782985141.997,2026-07-02 09:39:01.999,ibuf_merges_discard_insert,0,0,0.000000,enabled
1782985141.997,2026-07-02 09:39:01.999,ibuf_merges_insert,0,0,0.000000,enabled
1782985141.997,2026-07-02 09:39:01.999,ibuf_size,1,1,0.000368,enabled
1782985141.997,2026-07-02 09:39:01.999,innodb_activity_count,20095889,20095889,7392.113591,enabled
1782985141.997,2026-07-02 09:39:01.999,innodb_dblwr_pages_written,31584866,31584866,11618.242710,enabled
1782985141.997,2026-07-02 09:39:01.999,innodb_dblwr_writes,658011,658011,242.044133,enabled
1782985141.997,2026-07-02 09:39:01.999,innodb_page_size,16384,16384,0.000000,enabled
1782985141.997,2026-07-02 09:39:01.999,innodb_rwlock_sx_os_waits,0,0,0.000000,enabled
1782985141.997,2026-07-02 09:39:01.999,innodb_rwlock_sx_spin_rounds,0,0,0.000000,enabled
1782985141.997,2026-07-02 09:39:01.999,innodb_rwlock_sx_spin_waits,0,0,0.000000,enabled
1782985141.997,2026-07-02 09:39:01.999,innodb_rwlock_s_os_waits,0,0,0.000000,enabled
1782985141.997,2026-07-02 09:39:01.999,innodb_rwlock_s_spin_rounds,0,0,0.000000,enabled
1782985141.997,2026-07-02 09:39:01.999,innodb_rwlock_s_spin_waits,0,0,0.000000,enabled
1782985141.997,2026-07-02 09:39:01.999,innodb_rwlock_x_os_waits,0,0,0.000000,enabled
1782985141.997,2026-07-02 09:39:01.999,innodb_rwlock_x_spin_rounds,0,0,0.000000,enabled
1782985141.997,2026-07-02 09:39:01.999,innodb_rwlock_x_spin_waits,0,0,0.000000,enabled
1782985141.997,2026-07-02 09:39:01.999,lock_deadlocks,0,0,0.000000,enabled
1782985141.997,2026-07-02 09:39:01.999,lock_deadlock_false_positives,0,0,0.000000,enabled
1782985141.997,2026-07-02 09:39:01.999,lock_deadlock_rounds,2955,2955,1.086974,enabled
1782985141.997,2026-07-02 09:39:01.999,lock_rec_grant_attempts,425,425,0.156333,enabled
1782985141.997,2026-07-02 09:39:01.999,lock_rec_release_attempts,45470062,45470062,16725.804864,enabled
1782985141.997,2026-07-02 09:39:01.999,lock_row_lock_current_waits,0,0,0.000000,enabled
1782985141.997,2026-07-02 09:39:01.999,lock_row_lock_time,323,323,0.118813,enabled
1782985141.997,2026-07-02 09:39:01.999,lock_row_lock_time_avg,0,0,0.000000,enabled
1782985141.997,2026-07-02 09:39:01.999,lock_row_lock_time_max,29,29,0.000000,enabled
1782985141.997,2026-07-02 09:39:01.999,lock_row_lock_waits,425,425,0.156333,enabled
1782985141.997,2026-07-02 09:39:01.999,lock_schedule_refreshes,2955,2955,1.086974,enabled
1782985141.997,2026-07-02 09:39:01.999,lock_threads_waiting,0,0,0.000000,enabled
1782985141.997,2026-07-02 09:39:01.999,lock_timeouts,0,0,0.000000,enabled
1782985141.997,2026-07-02 09:39:01.999,log_waits,0,0,0.000000,enabled
1782985141.997,2026-07-02 09:39:01.999,log_writes,229426343,229426343,84392.666220,enabled
1782985141.997,2026-07-02 09:39:01.999,log_write_requests,439014725,439014725,161488.095458,enabled
1782985141.997,2026-07-02 09:39:01.999,os_data_fsyncs,67742391,67742391,24918.503555,enabled
1782985141.997,2026-07-02 09:39:01.999,os_data_reads,97307804,97307804,35793.907297,enabled
1782985141.997,2026-07-02 09:39:01.999,os_data_writes,261959684,261959684,96359.801088,enabled
1782985141.997,2026-07-02 09:39:01.999,os_log_bytes_written,142372615680,142372615680,52370642.248962,enabled
1782985141.997,2026-07-02 09:39:01.999,os_log_fsyncs,58967092,58967092,21690.579066,enabled
1782985141.997,2026-07-02 09:39:01.999,os_log_pending_fsyncs,1,1,0.000368,enabled
1782985141.997,2026-07-02 09:39:01.999,os_log_pending_writes,1,1,0.000368,enabled
1782985141.997,2026-07-02 09:39:01.999,trx_rseg_history_len,825,825,0.000000,enabled
1782985143.070,2026-07-02 09:39:03.071,adaptive_hash_searches,0,0,0.000000,enabled
1782985143.070,2026-07-02 09:39:03.071,adaptive_hash_searches_btree,661003835,661003835,243049.363588,enabled
1782985143.070,2026-07-02 09:39:03.071,buffer_data_reads,1590357363200,1590357363200,584770267.421243,enabled
1782985143.070,2026-07-02 09:39:03.071,buffer_data_written,699013413376,699013413376,257025414.437801,enabled
1782985143.070,2026-07-02 09:39:03.071,buffer_pages0_read,7,7,0.002574,enabled
1782985143.070,2026-07-02 09:39:03.071,buffer_pages_created,1826647,1826647,671.653357,enabled
1782985143.070,2026-07-02 09:39:03.071,buffer_pages_read,97341471,97341471,35792.205847,enabled
1782985143.070,2026-07-02 09:39:03.071,buffer_pages_written,31660641,31660641,11641.535426,enabled
1782985143.070,2026-07-02 09:39:03.071,buffer_pool_bytes_data,12859179008,12859179008,0.000000,enabled
1782985143.070,2026-07-02 09:39:03.071,buffer_pool_bytes_dirty,4646273024,4646273024,0.000000,enabled
1782985143.070,2026-07-02 09:39:03.071,buffer_pool_pages_data,784862,784862,0.000000,enabled
1782985143.070,2026-07-02 09:39:03.071,buffer_pool_pages_dirty,283586,283586,0.000000,enabled
1782985143.070,2026-07-02 09:39:03.071,buffer_pool_pages_flushed,31603527,31603527,0.000000,enabled
1782985143.070,2026-07-02 09:39:03.071,buffer_pool_pages_free,1474,1474,0.000000,enabled
1782985143.070,2026-07-02 09:39:03.071,buffer_pool_pages_lru_flushed,0,0,0.000000,enabled
1782985143.070,2026-07-02 09:39:03.071,buffer_pool_pages_misc,96,96,0.000000,enabled
1782985143.070,2026-07-02 09:39:03.071,buffer_pool_pages_total,786432,786432,0.000000,enabled
1782985143.070,2026-07-02 09:39:03.071,buffer_pool_reads,96422150,96422150,35454.174945,enabled
1782985143.070,2026-07-02 09:39:03.071,buffer_pool_read_ahead,803715,803715,295.523922,enabled
1782985143.070,2026-07-02 09:39:03.071,buffer_pool_read_ahead_evicted,25,25,0.009192,enabled
1782985143.070,2026-07-02 09:39:03.071,buffer_pool_read_requests,3192425180,3192425180,1173846.469259,enabled
1782985143.070,2026-07-02 09:39:03.071,buffer_pool_size,12884901888,12884901888,0.000000,enabled
1782985143.070,2026-07-02 09:39:03.071,buffer_pool_wait_free,18945,18945,6.966027,enabled
1782985143.070,2026-07-02 09:39:03.071,buffer_pool_write_requests,647805676,647805676,238196.468895,enabled
1782985143.070,2026-07-02 09:39:03.071,dml_deletes,14964318,14964318,5502.340054,enabled
1782985143.070,2026-07-02 09:39:03.071,dml_inserts,114849723,114849723,42229.938683,enabled
1782985143.070,2026-07-02 09:39:03.071,dml_system_deletes,468,468,0.172082,enabled
1782985143.070,2026-07-02 09:39:03.071,dml_system_inserts,1202,1202,0.441972,enabled
1782985143.070,2026-07-02 09:39:03.071,dml_system_reads,7661,7661,2.816929,enabled
1782985143.070,2026-07-02 09:39:03.071,dml_system_updates,620,620,0.227972,enabled
1782985143.070,2026-07-02 09:39:03.071,dml_updates,29928767,29928767,11004.728269,enabled
1782985143.070,2026-07-02 09:39:03.071,file_num_open_files,35,35,0.000000,enabled
1782985143.070,2026-07-02 09:39:03.071,ibuf_merges,0,0,0.000000,enabled
1782985143.070,2026-07-02 09:39:03.071,ibuf_merges_delete,0,0,0.000000,enabled
1782985143.070,2026-07-02 09:39:03.071,ibuf_merges_delete_mark,0,0,0.000000,enabled
1782985143.070,2026-07-02 09:39:03.071,ibuf_merges_discard_delete,0,0,0.000000,enabled
1782985143.070,2026-07-02 09:39:03.071,ibuf_merges_discard_delete_mark,0,0,0.000000,enabled
1782985143.070,2026-07-02 09:39:03.071,ibuf_merges_discard_insert,0,0,0.000000,enabled
1782985143.070,2026-07-02 09:39:03.071,ibuf_merges_insert,0,0,0.000000,enabled
1782985143.070,2026-07-02 09:39:03.071,ibuf_size,1,1,0.000368,enabled
1782985143.070,2026-07-02 09:39:03.071,innodb_activity_count,20101554,20101554,7391.288217,enabled
1782985143.070,2026-07-02 09:39:03.071,innodb_dblwr_pages_written,31601013,31601013,11619.608795,enabled
1782985143.070,2026-07-02 09:39:03.071,innodb_dblwr_writes,658367,658367,242.079803,enabled
1782985143.070,2026-07-02 09:39:03.071,innodb_page_size,16384,16384,0.000000,enabled
1782985143.070,2026-07-02 09:39:03.071,innodb_rwlock_sx_os_waits,0,0,0.000000,enabled
1782985143.070,2026-07-02 09:39:03.071,innodb_rwlock_sx_spin_rounds,0,0,0.000000,enabled
1782985143.070,2026-07-02 09:39:03.071,innodb_rwlock_sx_spin_waits,0,0,0.000000,enabled
1782985143.070,2026-07-02 09:39:03.071,innodb_rwlock_s_os_waits,0,0,0.000000,enabled
1782985143.070,2026-07-02 09:39:03.071,innodb_rwlock_s_spin_rounds,0,0,0.000000,enabled
1782985143.070,2026-07-02 09:39:03.071,innodb_rwlock_s_spin_waits,0,0,0.000000,enabled
1782985143.070,2026-07-02 09:39:03.071,innodb_rwlock_x_os_waits,0,0,0.000000,enabled
1782985143.070,2026-07-02 09:39:03.071,innodb_rwlock_x_spin_rounds,0,0,0.000000,enabled
1782985143.070,2026-07-02 09:39:03.071,innodb_rwlock_x_spin_waits,0,0,0.000000,enabled
1782985143.070,2026-07-02 09:39:03.071,lock_deadlocks,0,0,0.000000,enabled
1782985143.070,2026-07-02 09:39:03.071,lock_deadlock_false_positives,0,0,0.000000,enabled
1782985143.070,2026-07-02 09:39:03.071,lock_deadlock_rounds,2956,2956,1.086914,enabled
1782985143.070,2026-07-02 09:39:03.071,lock_rec_grant_attempts,425,425,0.156271,enabled
1782985143.070,2026-07-02 09:39:03.071,lock_rec_release_attempts,45485021,45485021,16724.724640,enabled
1782985143.070,2026-07-02 09:39:03.071,lock_row_lock_current_waits,0,0,0.000000,enabled
1782985143.070,2026-07-02 09:39:03.071,lock_row_lock_time,323,323,0.118766,enabled
1782985143.070,2026-07-02 09:39:03.071,lock_row_lock_time_avg,0,0,0.000000,enabled
1782985143.070,2026-07-02 09:39:03.071,lock_row_lock_time_max,29,29,0.000000,enabled
1782985143.070,2026-07-02 09:39:03.071,lock_row_lock_waits,425,425,0.156271,enabled
1782985143.070,2026-07-02 09:39:03.071,lock_schedule_refreshes,2956,2956,1.086914,enabled
1782985143.070,2026-07-02 09:39:03.071,lock_threads_waiting,0,0,0.000000,enabled
1782985143.070,2026-07-02 09:39:03.071,lock_timeouts,0,0,0.000000,enabled
1782985143.070,2026-07-02 09:39:03.071,log_waits,0,0,0.000000,enabled
1782985143.070,2026-07-02 09:39:03.071,log_writes,229507312,229507312,84389.234566,enabled
1782985143.070,2026-07-02 09:39:03.071,log_write_requests,439098506,439098506,161455.365099,enabled
1782985143.070,2026-07-02 09:39:03.071,os_data_fsyncs,67777762,67777762,24921.705411,enabled
1782985143.070,2026-07-02 09:39:03.071,os_data_reads,97365702,97365702,35801.113442,enabled
1782985143.070,2026-07-02 09:39:03.071,os_data_writes,262057060,262057060,96357.694063,enabled
1782985143.070,2026-07-02 09:39:03.071,os_log_bytes_written,142415020032,142415020032,52365629.431273,enabled
1782985143.070,2026-07-02 09:39:03.071,os_log_fsyncs,58997445,58997445,21693.205809,enabled
1782985143.070,2026-07-02 09:39:03.071,os_log_pending_fsyncs,0,0,0.000000,enabled
1782985143.070,2026-07-02 09:39:03.071,os_log_pending_writes,0,0,0.000000,enabled
1782985143.070,2026-07-02 09:39:03.071,trx_rseg_history_len,902,902,0.000000,enabled
1782985144.139,2026-07-02 09:39:04.140,adaptive_hash_searches,0,0,0.000000,enabled
1782985144.139,2026-07-02 09:39:04.140,adaptive_hash_searches_btree,661175081,661175081,243016.560029,enabled
1782985144.139,2026-07-02 09:39:04.140,buffer_data_reads,1591308454400,1591308454400,584889479.576676,enabled
1782985144.139,2026-07-02 09:39:04.140,buffer_data_written,699327757312,699327757312,257039700.005680,enabled
1782985144.139,2026-07-02 09:39:04.140,buffer_pages0_read,7,7,0.002573,enabled
1782985144.139,2026-07-02 09:39:04.140,buffer_pages_created,1826672,1826672,671.397956,enabled
1782985144.139,2026-07-02 09:39:04.140,buffer_pages_read,97399686,97399686,35799.502980,enabled
1782985144.139,2026-07-02 09:39:04.140,buffer_pages_written,31676895,31676895,11642.923571,enabled
1782985144.139,2026-07-02 09:39:04.140,buffer_pool_bytes_data,12861587456,12861587456,0.000000,enabled
1782985144.139,2026-07-02 09:39:04.140,buffer_pool_bytes_dirty,4651548672,4651548672,0.000000,enabled
1782985144.139,2026-07-02 09:39:04.140,buffer_pool_pages_data,785009,785009,0.000000,enabled
1782985144.139,2026-07-02 09:39:04.140,buffer_pool_pages_dirty,283908,283908,0.000000,enabled
1782985144.139,2026-07-02 09:39:04.140,buffer_pool_pages_flushed,31619781,31619781,0.000000,enabled
1782985144.139,2026-07-02 09:39:04.140,buffer_pool_pages_free,1327,1327,0.000000,enabled
1782985144.139,2026-07-02 09:39:04.140,buffer_pool_pages_lru_flushed,0,0,0.000000,enabled
1782985144.139,2026-07-02 09:39:04.140,buffer_pool_pages_misc,96,96,0.000000,enabled
1782985144.139,2026-07-02 09:39:04.140,buffer_pool_pages_total,786432,786432,0.000000,enabled
1782985144.139,2026-07-02 09:39:04.140,buffer_pool_reads,96480315,96480315,35461.586844,enabled
1782985144.139,2026-07-02 09:39:04.140,buffer_pool_read_ahead,803715,803715,295.407504,enabled
1782985144.139,2026-07-02 09:39:04.140,buffer_pool_read_ahead_evicted,25,25,0.009189,enabled
1782985144.139,2026-07-02 09:39:04.140,buffer_pool_read_requests,3193273258,3193273258,1173695.758340,enabled
1782985144.139,2026-07-02 09:39:04.140,buffer_pool_size,12884901888,12884901888,0.000000,enabled
1782985144.139,2026-07-02 09:39:04.140,buffer_pool_wait_free,18945,18945,6.963283,enabled
1782985144.139,2026-07-02 09:39:04.140,buffer_pool_write_requests,647919988,647919988,238144.649639,enabled
1782985144.139,2026-07-02 09:39:04.140,dml_deletes,14969275,14969275,5501.994432,enabled
1782985144.139,2026-07-02 09:39:04.140,dml_inserts,114854682,114854682,42215.125409,enabled
1782985144.139,2026-07-02 09:39:04.140,dml_system_deletes,468,468,0.172015,enabled
1782985144.139,2026-07-02 09:39:04.140,dml_system_inserts,1202,1202,0.441798,enabled
1782985144.139,2026-07-02 09:39:04.140,dml_system_reads,7661,7661,2.815820,enabled
1782985144.139,2026-07-02 09:39:04.140,dml_system_updates,620,620,0.227883,enabled
1782985144.139,2026-07-02 09:39:04.140,dml_updates,29938683,29938683,11004.037740,enabled
1782985144.139,2026-07-02 09:39:04.140,file_num_open_files,35,35,0.000000,enabled
1782985144.139,2026-07-02 09:39:04.140,ibuf_merges,0,0,0.000000,enabled
1782985144.139,2026-07-02 09:39:04.140,ibuf_merges_delete,0,0,0.000000,enabled
1782985144.139,2026-07-02 09:39:04.140,ibuf_merges_delete_mark,0,0,0.000000,enabled
1782985144.139,2026-07-02 09:39:04.140,ibuf_merges_discard_delete,0,0,0.000000,enabled
1782985144.139,2026-07-02 09:39:04.140,ibuf_merges_discard_delete_mark,0,0,0.000000,enabled
1782985144.139,2026-07-02 09:39:04.140,ibuf_merges_discard_insert,0,0,0.000000,enabled
1782985144.139,2026-07-02 09:39:04.140,ibuf_merges_insert,0,0,0.000000,enabled
1782985144.139,2026-07-02 09:39:04.140,ibuf_size,1,1,0.000368,enabled
1782985144.139,2026-07-02 09:39:04.140,innodb_activity_count,20107246,20107246,7390.468618,enabled
1782985144.139,2026-07-02 09:39:04.140,innodb_dblwr_pages_written,31617267,31617267,11621.005589,enabled
1782985144.139,2026-07-02 09:39:04.140,innodb_dblwr_writes,658752,658752,242.125946,enabled
1782985144.139,2026-07-02 09:39:04.140,innodb_page_size,16384,16384,0.000000,enabled
1782985144.139,2026-07-02 09:39:04.140,innodb_rwlock_sx_os_waits,0,0,0.000000,enabled
1782985144.139,2026-07-02 09:39:04.140,innodb_rwlock_sx_spin_rounds,0,0,0.000000,enabled
1782985144.139,2026-07-02 09:39:04.140,innodb_rwlock_sx_spin_waits,0,0,0.000000,enabled
1782985144.139,2026-07-02 09:39:04.140,innodb_rwlock_s_os_waits,0,0,0.000000,enabled
1782985144.139,2026-07-02 09:39:04.140,innodb_rwlock_s_spin_rounds,0,0,0.000000,enabled
1782985144.139,2026-07-02 09:39:04.140,innodb_rwlock_s_spin_waits,0,0,0.000000,enabled
1782985144.139,2026-07-02 09:39:04.140,innodb_rwlock_x_os_waits,0,0,0.000000,enabled
1782985144.139,2026-07-02 09:39:04.140,innodb_rwlock_x_spin_rounds,0,0,0.000000,enabled
1782985144.139,2026-07-02 09:39:04.140,innodb_rwlock_x_spin_waits,0,0,0.000000,enabled
1782985144.139,2026-07-02 09:39:04.140,lock_deadlocks,0,0,0.000000,enabled
1782985144.139,2026-07-02 09:39:04.140,lock_deadlock_false_positives,0,0,0.000000,enabled
1782985144.139,2026-07-02 09:39:04.140,lock_deadlock_rounds,2957,2957,1.086853,enabled
1782985144.139,2026-07-02 09:39:04.140,lock_rec_grant_attempts,425,425,0.156210,enabled
1782985144.139,2026-07-02 09:39:04.140,lock_rec_release_attempts,45500101,45500101,16723.678802,enabled
1782985144.139,2026-07-02 09:39:04.140,lock_row_lock_current_waits,0,0,0.000000,enabled
1782985144.139,2026-07-02 09:39:04.140,lock_row_lock_time,323,323,0.118719,enabled
1782985144.139,2026-07-02 09:39:04.140,lock_row_lock_time_avg,0,0,0.000000,enabled
1782985144.139,2026-07-02 09:39:04.140,lock_row_lock_time_max,29,29,0.000000,enabled
1782985144.139,2026-07-02 09:39:04.140,lock_row_lock_waits,425,425,0.156210,enabled
1782985144.139,2026-07-02 09:39:04.140,lock_schedule_refreshes,2957,2957,1.086853,enabled
1782985144.139,2026-07-02 09:39:04.140,lock_threads_waiting,0,0,0.000000,enabled
1782985144.139,2026-07-02 09:39:04.140,lock_timeouts,0,0,0.000000,enabled
1782985144.139,2026-07-02 09:39:04.140,log_waits,0,0,0.000000,enabled
1782985144.139,2026-07-02 09:39:04.140,log_writes,229587899,229587899,84385.610731,enabled
1782985144.139,2026-07-02 09:39:04.140,log_write_requests,439182609,439182609,161422.674567,enabled
1782985144.139,2026-07-02 09:39:04.140,os_data_fsyncs,67813174,67813174,24924.903617,enabled
1782985144.139,2026-07-02 09:39:04.140,os_data_reads,97423747,97423747,35808.344664,enabled
1782985144.139,2026-07-02 09:39:04.140,os_data_writes,262154173,262154173,96355.429384,enabled
1782985144.139,2026-07-02 09:39:04.140,os_log_bytes_written,142456826368,142456826368,52360366.747104,enabled
1782985144.139,2026-07-02 09:39:04.140,os_log_fsyncs,59027542,59027542,21695.722304,enabled
1782985144.139,2026-07-02 09:39:04.140,os_log_pending_fsyncs,1,1,0.000368,enabled
1782985144.139,2026-07-02 09:39:04.140,os_log_pending_writes,1,1,0.000368,enabled
1782985144.139,2026-07-02 09:39:04.140,trx_rseg_history_len,1041,1041,0.000000,enabled
1782985145.211,2026-07-02 09:39:05.213,adaptive_hash_searches,0,0,0.000000,enabled
1782985145.211,2026-07-02 09:39:05.213,adaptive_hash_searches_btree,661345174,661345174,242983.515571,enabled
1782985145.211,2026-07-02 09:39:05.213,buffer_data_reads,1592253024768,1592253024768,585006585.786541,enabled
1782985145.211,2026-07-02 09:39:05.213,buffer_data_written,699640765440,699640765440,257053652.166826,enabled
1782985145.211,2026-07-02 09:39:05.213,buffer_pages0_read,7,7,0.002572,enabled
1782985145.211,2026-07-02 09:39:05.213,buffer_pages_created,1826702,1826702,671.145033,enabled
1782985145.211,2026-07-02 09:39:05.213,buffer_pages_read,97457506,97457506,35806.672719,enabled
1782985145.211,2026-07-02 09:39:05.213,buffer_pages_written,31693058,31693058,11644.284831,enabled
1782985145.211,2026-07-02 09:39:05.213,buffer_pool_bytes_data,12852789248,12852789248,0.000000,enabled
1782985145.211,2026-07-02 09:39:05.213,buffer_pool_bytes_dirty,4656840704,4656840704,0.000000,enabled
1782985145.211,2026-07-02 09:39:05.213,buffer_pool_pages_data,784472,784472,0.000000,enabled
1782985145.211,2026-07-02 09:39:05.213,buffer_pool_pages_dirty,284231,284231,0.000000,enabled
1782985145.211,2026-07-02 09:39:05.213,buffer_pool_pages_flushed,31635944,31635944,0.000000,enabled
1782985145.211,2026-07-02 09:39:05.213,buffer_pool_pages_free,1863,1863,0.000000,enabled
1782985145.211,2026-07-02 09:39:05.213,buffer_pool_pages_lru_flushed,0,0,0.000000,enabled
1782985145.211,2026-07-02 09:39:05.213,buffer_pool_pages_misc,96,96,0.000000,enabled
1782985145.211,2026-07-02 09:39:05.213,buffer_pool_pages_total,786432,786432,0.000000,enabled
1782985145.211,2026-07-02 09:39:05.213,buffer_pool_reads,96538074,96538074,35468.867042,enabled
1782985145.211,2026-07-02 09:39:05.213,buffer_pool_read_ahead,803715,803715,295.291371,enabled
1782985145.211,2026-07-02 09:39:05.213,buffer_pool_read_ahead_evicted,25,25,0.009185,enabled
1782985145.211,2026-07-02 09:39:05.213,buffer_pool_read_requests,3194115047,3194115047,1173543.626152,enabled
1782985145.211,2026-07-02 09:39:05.213,buffer_pool_size,12884901888,12884901888,0.000000,enabled
1782985145.211,2026-07-02 09:39:05.213,buffer_pool_wait_free,18945,18945,6.960546,enabled
1782985145.211,2026-07-02 09:39:05.213,buffer_pool_write_requests,648033560,648033560,238092.755614,enabled
1782985145.211,2026-07-02 09:39:05.213,dml_deletes,14974199,14974199,5501.640531,enabled
1782985145.211,2026-07-02 09:39:05.213,dml_inserts,114859606,114859606,42200.338344,enabled
1782985145.211,2026-07-02 09:39:05.213,dml_system_deletes,468,468,0.171947,enabled
1782985145.211,2026-07-02 09:39:05.213,dml_system_inserts,1202,1202,0.441624,enabled
1782985145.211,2026-07-02 09:39:05.213,dml_system_reads,7661,7661,2.814713,enabled
1782985145.211,2026-07-02 09:39:05.213,dml_system_updates,620,620,0.227793,enabled
1782985145.211,2026-07-02 09:39:05.213,dml_updates,29948525,29948525,11003.327714,enabled
1782985145.211,2026-07-02 09:39:05.213,file_num_open_files,35,35,0.000000,enabled
1782985145.211,2026-07-02 09:39:05.213,ibuf_merges,0,0,0.000000,enabled
1782985145.211,2026-07-02 09:39:05.213,ibuf_merges_delete,0,0,0.000000,enabled
1782985145.211,2026-07-02 09:39:05.213,ibuf_merges_delete_mark,0,0,0.000000,enabled
1782985145.211,2026-07-02 09:39:05.213,ibuf_merges_discard_delete,0,0,0.000000,enabled
1782985145.211,2026-07-02 09:39:05.213,ibuf_merges_discard_delete_mark,0,0,0.000000,enabled
1782985145.211,2026-07-02 09:39:05.213,ibuf_merges_discard_insert,0,0,0.000000,enabled
1782985145.211,2026-07-02 09:39:05.213,ibuf_merges_insert,0,0,0.000000,enabled
1782985145.211,2026-07-02 09:39:05.213,ibuf_size,1,1,0.000367,enabled
1782985145.211,2026-07-02 09:39:05.213,innodb_activity_count,20112908,20112908,7389.643436,enabled
1782985145.211,2026-07-02 09:39:05.213,innodb_dblwr_pages_written,31633430,31633430,11622.375393,enabled
1782985145.211,2026-07-02 09:39:05.213,innodb_dblwr_writes,659144,659144,242.174782,enabled
1782985145.211,2026-07-02 09:39:05.213,innodb_page_size,16384,16384,0.000000,enabled
1782985145.211,2026-07-02 09:39:05.213,innodb_rwlock_sx_os_waits,0,0,0.000000,enabled
1782985145.211,2026-07-02 09:39:05.213,innodb_rwlock_sx_spin_rounds,0,0,0.000000,enabled
1782985145.211,2026-07-02 09:39:05.213,innodb_rwlock_sx_spin_waits,0,0,0.000000,enabled
1782985145.211,2026-07-02 09:39:05.213,innodb_rwlock_s_os_waits,0,0,0.000000,enabled
1782985145.211,2026-07-02 09:39:05.213,innodb_rwlock_s_spin_rounds,0,0,0.000000,enabled
1782985145.211,2026-07-02 09:39:05.213,innodb_rwlock_s_spin_waits,0,0,0.000000,enabled
1782985145.211,2026-07-02 09:39:05.213,innodb_rwlock_x_os_waits,0,0,0.000000,enabled
1782985145.211,2026-07-02 09:39:05.213,innodb_rwlock_x_spin_rounds,0,0,0.000000,enabled
1782985145.211,2026-07-02 09:39:05.213,innodb_rwlock_x_spin_waits,0,0,0.000000,enabled
1782985145.211,2026-07-02 09:39:05.213,lock_deadlocks,0,0,0.000000,enabled
1782985145.211,2026-07-02 09:39:05.213,lock_deadlock_false_positives,0,0,0.000000,enabled
1782985145.211,2026-07-02 09:39:05.213,lock_deadlock_rounds,2959,2959,1.087160,enabled
1782985145.211,2026-07-02 09:39:05.213,lock_rec_grant_attempts,425,425,0.156148,enabled
1782985145.211,2026-07-02 09:39:05.213,lock_rec_release_attempts,45515055,45515055,16722.598479,enabled
1782985145.211,2026-07-02 09:39:05.213,lock_row_lock_current_waits,0,0,0.000000,enabled
1782985145.211,2026-07-02 09:39:05.213,lock_row_lock_time,323,323,0.118673,enabled
1782985145.211,2026-07-02 09:39:05.213,lock_row_lock_time_avg,0,0,0.000000,enabled
1782985145.211,2026-07-02 09:39:05.213,lock_row_lock_time_max,29,29,0.000000,enabled
1782985145.211,2026-07-02 09:39:05.213,lock_row_lock_waits,425,425,0.156148,enabled
1782985145.211,2026-07-02 09:39:05.213,lock_schedule_refreshes,2959,2959,1.087160,enabled
1782985145.211,2026-07-02 09:39:05.213,lock_threads_waiting,0,0,0.000000,enabled
1782985145.211,2026-07-02 09:39:05.213,lock_timeouts,0,0,0.000000,enabled
1782985145.211,2026-07-02 09:39:05.213,log_waits,0,0,0.000000,enabled
1782985145.211,2026-07-02 09:39:05.213,log_writes,229668397,229668397,84382.011499,enabled
1782985145.211,2026-07-02 09:39:05.213,log_write_requests,439266216,439266216,161389.931747,enabled
1782985145.211,2026-07-02 09:39:05.213,os_data_fsyncs,67848888,67848888,24928.226462,enabled
1782985145.211,2026-07-02 09:39:05.213,os_data_reads,97481378,97481378,35815.441362,enabled
1782985145.211,2026-07-02 09:39:05.213,os_data_writes,262251113,262251113,96353.165563,enabled
1782985145.211,2026-07-02 09:39:05.213,os_log_bytes_written,142498768896,142498768896,52355192.257758,enabled
1782985145.211,2026-07-02 09:39:05.213,os_log_fsyncs,59057969,59057969,21698.372155,enabled
1782985145.211,2026-07-02 09:39:05.213,os_log_pending_fsyncs,1,1,0.000367,enabled
1782985145.211,2026-07-02 09:39:05.213,os_log_pending_writes,0,0,0.000000,enabled
1782985145.211,2026-07-02 09:39:05.213,trx_rseg_history_len,1123,1123,0.000000,enabled
1782985146.281,2026-07-02 09:39:06.282,adaptive_hash_searches,0,0,0.000000,enabled
1782985146.281,2026-07-02 09:39:06.282,adaptive_hash_searches_btree,661515666,661515666,242950.762854,enabled
1782985146.281,2026-07-02 09:39:06.282,buffer_data_reads,1593197201920,1593197201920,585123734.883019,enabled
1782985146.281,2026-07-02 09:39:06.282,buffer_data_written,699955457536,699955457536,257068334.522027,enabled
1782985146.281,2026-07-02 09:39:06.282,buffer_pages0_read,7,7,0.002571,enabled
1782985146.281,2026-07-02 09:39:06.282,buffer_pages_created,1826729,1826729,670.891527,enabled
1782985146.281,2026-07-02 09:39:06.282,buffer_pages_read,97515294,97515294,35813.842162,enabled
1782985146.281,2026-07-02 09:39:06.282,buffer_pages_written,31709327,31709327,11645.689500,enabled
1782985146.281,2026-07-02 09:39:06.282,buffer_pool_bytes_data,12848480256,12848480256,0.000000,enabled
1782985146.281,2026-07-02 09:39:06.282,buffer_pool_bytes_dirty,4662345728,4662345728,0.000000,enabled
1782985146.281,2026-07-02 09:39:06.282,buffer_pool_pages_data,784209,784209,0.000000,enabled
1782985146.281,2026-07-02 09:39:06.282,buffer_pool_pages_dirty,284567,284567,0.000000,enabled
1782985146.281,2026-07-02 09:39:06.282,buffer_pool_pages_flushed,31652213,31652213,0.000000,enabled
1782985146.281,2026-07-02 09:39:06.282,buffer_pool_pages_free,2126,2126,0.000000,enabled
1782985146.281,2026-07-02 09:39:06.282,buffer_pool_pages_lru_flushed,0,0,0.000000,enabled
1782985146.281,2026-07-02 09:39:06.282,buffer_pool_pages_misc,96,96,0.000000,enabled
1782985146.281,2026-07-02 09:39:06.282,buffer_pool_pages_total,786432,786432,0.000000,enabled
1782985146.281,2026-07-02 09:39:06.282,buffer_pool_reads,96595783,96595783,35476.140054,enabled
1782985146.281,2026-07-02 09:39:06.282,buffer_pool_read_ahead,803715,803715,295.175470,enabled
1782985146.281,2026-07-02 09:39:06.282,buffer_pool_read_ahead_evicted,25,25,0.009182,enabled
1782985146.281,2026-07-02 09:39:06.282,buffer_pool_read_requests,3194959173,3194959173,1173393.031180,enabled
1782985146.281,2026-07-02 09:39:06.282,buffer_pool_size,12884901888,12884901888,0.000000,enabled
1782985146.281,2026-07-02 09:39:06.282,buffer_pool_wait_free,18945,18945,6.957814,enabled
1782985146.281,2026-07-02 09:39:06.282,buffer_pool_write_requests,648147843,648147843,238041.277059,enabled
1782985146.281,2026-07-02 09:39:06.282,dml_deletes,14979125,14979125,5501.290355,enabled
1782985146.281,2026-07-02 09:39:06.282,dml_inserts,114864532,114864532,42185.584440,enabled
1782985146.281,2026-07-02 09:39:06.282,dml_system_deletes,468,468,0.171879,enabled
1782985146.281,2026-07-02 09:39:06.282,dml_system_inserts,1202,1202,0.441451,enabled
1782985146.281,2026-07-02 09:39:06.282,dml_system_reads,7661,7661,2.813608,enabled
1782985146.281,2026-07-02 09:39:06.282,dml_system_updates,620,620,0.227704,enabled
1782985146.281,2026-07-02 09:39:06.282,dml_updates,29958383,29958383,11002.629546,enabled
1782985146.281,2026-07-02 09:39:06.282,file_num_open_files,35,35,0.000000,enabled
1782985146.281,2026-07-02 09:39:06.282,ibuf_merges,0,0,0.000000,enabled
1782985146.281,2026-07-02 09:39:06.282,ibuf_merges_delete,0,0,0.000000,enabled
1782985146.281,2026-07-02 09:39:06.282,ibuf_merges_delete_mark,0,0,0.000000,enabled
1782985146.281,2026-07-02 09:39:06.282,ibuf_merges_discard_delete,0,0,0.000000,enabled
1782985146.281,2026-07-02 09:39:06.282,ibuf_merges_discard_delete_mark,0,0,0.000000,enabled
1782985146.281,2026-07-02 09:39:06.282,ibuf_merges_discard_insert,0,0,0.000000,enabled
1782985146.281,2026-07-02 09:39:06.282,ibuf_merges_insert,0,0,0.000000,enabled
1782985146.281,2026-07-02 09:39:06.282,ibuf_size,1,1,0.000367,enabled
1782985146.281,2026-07-02 09:39:06.282,innodb_activity_count,20118570,20118570,7388.822556,enabled
1782985146.281,2026-07-02 09:39:06.282,innodb_dblwr_pages_written,31649699,31649699,11623.788793,enabled
1782985146.281,2026-07-02 09:39:06.282,innodb_dblwr_writes,659526,659526,242.220027,enabled
1782985146.281,2026-07-02 09:39:06.282,innodb_page_size,16384,16384,0.000000,enabled
1782985146.281,2026-07-02 09:39:06.282,innodb_rwlock_sx_os_waits,0,0,0.000000,enabled
1782985146.281,2026-07-02 09:39:06.282,innodb_rwlock_sx_spin_rounds,0,0,0.000000,enabled
1782985146.281,2026-07-02 09:39:06.282,innodb_rwlock_sx_spin_waits,0,0,0.000000,enabled
1782985146.281,2026-07-02 09:39:06.282,innodb_rwlock_s_os_waits,0,0,0.000000,enabled
1782985146.281,2026-07-02 09:39:06.282,innodb_rwlock_s_spin_rounds,0,0,0.000000,enabled
1782985146.281,2026-07-02 09:39:06.282,innodb_rwlock_s_spin_waits,0,0,0.000000,enabled
1782985146.281,2026-07-02 09:39:06.282,innodb_rwlock_x_os_waits,0,0,0.000000,enabled
1782985146.281,2026-07-02 09:39:06.282,innodb_rwlock_x_spin_rounds,0,0,0.000000,enabled
1782985146.281,2026-07-02 09:39:06.282,innodb_rwlock_x_spin_waits,0,0,0.000000,enabled
1782985146.281,2026-07-02 09:39:06.282,lock_deadlocks,0,0,0.000000,enabled
1782985146.281,2026-07-02 09:39:06.282,lock_deadlock_false_positives,0,0,0.000000,enabled
1782985146.281,2026-07-02 09:39:06.282,lock_deadlock_rounds,2960,2960,1.087101,enabled
1782985146.281,2026-07-02 09:39:06.282,lock_rec_grant_attempts,425,425,0.156087,enabled
1782985146.281,2026-07-02 09:39:06.282,lock_rec_release_attempts,45530029,45530029,16721.534315,enabled
1782985146.281,2026-07-02 09:39:06.282,lock_row_lock_current_waits,0,0,0.000000,enabled
1782985146.281,2026-07-02 09:39:06.282,lock_row_lock_time,323,323,0.118626,enabled
1782985146.281,2026-07-02 09:39:06.282,lock_row_lock_time_avg,0,0,0.000000,enabled
1782985146.281,2026-07-02 09:39:06.282,lock_row_lock_time_max,29,29,0.000000,enabled
1782985146.281,2026-07-02 09:39:06.282,lock_row_lock_waits,425,425,0.156087,enabled
1782985146.281,2026-07-02 09:39:06.282,lock_schedule_refreshes,2960,2960,1.087101,enabled
1782985146.281,2026-07-02 09:39:06.282,lock_threads_waiting,0,0,0.000000,enabled
1782985146.281,2026-07-02 09:39:06.282,lock_timeouts,0,0,0.000000,enabled
1782985146.281,2026-07-02 09:39:06.282,log_waits,0,0,0.000000,enabled
1782985146.281,2026-07-02 09:39:06.282,log_writes,229749046,229749046,84378.511942,enabled
1782985146.281,2026-07-02 09:39:06.282,log_write_requests,439349926,439349926,161357.331614,enabled
1782985146.281,2026-07-02 09:39:06.282,os_data_fsyncs,67884075,67884075,24931.365276,enabled
1782985146.281,2026-07-02 09:39:06.282,os_data_reads,97539014,97539014,35822.551756,enabled
1782985146.281,2026-07-02 09:39:06.282,os_data_writes,262348295,262348295,96351.039275,enabled
1782985146.281,2026-07-02 09:39:06.282,os_log_bytes_written,142540756480,142540756480,52350063.846130,enabled
1782985146.281,2026-07-02 09:39:06.282,os_log_fsyncs,59088131,59088131,21700.933156,enabled
1782985146.281,2026-07-02 09:39:06.282,os_log_pending_fsyncs,1,1,0.000367,enabled
1782985146.281,2026-07-02 09:39:06.282,os_log_pending_writes,1,1,0.000367,enabled
1782985146.281,2026-07-02 09:39:06.282,trx_rseg_history_len,1234,1234,0.000000,enabled
1782985147.350,2026-07-02 09:39:07.352,adaptive_hash_searches,0,0,0.000000,enabled
1782985147.350,2026-07-02 09:39:07.352,adaptive_hash_searches_btree,661686510,661686510,242918.097834,enabled
1782985147.350,2026-07-02 09:39:07.352,buffer_data_reads,1594149800448,1594149800448,585243719.406655,enabled
1782985147.350,2026-07-02 09:39:07.352,buffer_data_written,700265589248,700265589248,257081259.044826,enabled
1782985147.350,2026-07-02 09:39:07.352,buffer_pages0_read,7,7,0.002570,enabled
1782985147.350,2026-07-02 09:39:07.352,buffer_pages_created,1826756,1826756,670.638031,enabled
1782985147.350,2026-07-02 09:39:07.352,buffer_pages_read,97573601,97573601,35821.186460,enabled
1782985147.350,2026-07-02 09:39:07.352,buffer_pages_written,31725298,31725298,11646.980397,enabled
1782985147.350,2026-07-02 09:39:07.352,buffer_pool_bytes_data,12857327616,12857327616,0.000000,enabled
1782985147.350,2026-07-02 09:39:07.352,buffer_pool_bytes_dirty,4672241664,4672241664,0.000000,enabled
1782985147.350,2026-07-02 09:39:07.352,buffer_pool_pages_data,784749,784749,0.000000,enabled
1782985147.350,2026-07-02 09:39:07.352,buffer_pool_pages_dirty,285171,285171,0.000000,enabled
1782985147.350,2026-07-02 09:39:07.352,buffer_pool_pages_flushed,31668184,31668184,0.000000,enabled
1782985147.350,2026-07-02 09:39:07.352,buffer_pool_pages_free,1587,1587,0.000000,enabled
1782985147.350,2026-07-02 09:39:07.352,buffer_pool_pages_lru_flushed,0,0,0.000000,enabled
1782985147.350,2026-07-02 09:39:07.352,buffer_pool_pages_misc,96,96,0.000000,enabled
1782985147.350,2026-07-02 09:39:07.352,buffer_pool_pages_total,786432,786432,0.000000,enabled
1782985147.350,2026-07-02 09:39:07.352,buffer_pool_reads,96654023,96654023,35483.592278,enabled
1782985147.350,2026-07-02 09:39:07.352,buffer_pool_read_ahead,803715,803715,295.059577,enabled
1782985147.350,2026-07-02 09:39:07.352,buffer_pool_read_ahead_evicted,25,25,0.009178,enabled
1782985147.350,2026-07-02 09:39:07.352,buffer_pool_read_requests,3195809026,3195809026,1173244.324440,enabled
1782985147.350,2026-07-02 09:39:07.352,buffer_pool_size,12884901888,12884901888,0.000000,enabled
1782985147.350,2026-07-02 09:39:07.352,buffer_pool_wait_free,18945,18945,6.955082,enabled
1782985147.350,2026-07-02 09:39:07.352,buffer_pool_write_requests,648264898,648264898,237990.789058,enabled
1782985147.350,2026-07-02 09:39:07.352,dml_deletes,14984067,14984067,5500.944818,enabled
1782985147.350,2026-07-02 09:39:07.352,dml_inserts,114869472,114869472,42170.835673,enabled
1782985147.350,2026-07-02 09:39:07.352,dml_system_deletes,468,468,0.171812,enabled
1782985147.350,2026-07-02 09:39:07.352,dml_system_inserts,1202,1202,0.441278,enabled
1782985147.350,2026-07-02 09:39:07.352,dml_system_reads,7661,7661,2.812503,enabled
1782985147.350,2026-07-02 09:39:07.352,dml_system_updates,620,620,0.227614,enabled
1782985147.350,2026-07-02 09:39:07.352,dml_updates,29968271,29968271,11001.939925,enabled
1782985147.350,2026-07-02 09:39:07.352,file_num_open_files,35,35,0.000000,enabled
1782985147.350,2026-07-02 09:39:07.352,ibuf_merges,0,0,0.000000,enabled
1782985147.350,2026-07-02 09:39:07.352,ibuf_merges_delete,0,0,0.000000,enabled
1782985147.350,2026-07-02 09:39:07.352,ibuf_merges_delete_mark,0,0,0.000000,enabled
1782985147.350,2026-07-02 09:39:07.352,ibuf_merges_discard_delete,0,0,0.000000,enabled
1782985147.350,2026-07-02 09:39:07.352,ibuf_merges_discard_delete_mark,0,0,0.000000,enabled
1782985147.350,2026-07-02 09:39:07.352,ibuf_merges_discard_insert,0,0,0.000000,enabled
1782985147.350,2026-07-02 09:39:07.352,ibuf_merges_insert,0,0,0.000000,enabled
1782985147.350,2026-07-02 09:39:07.352,ibuf_size,1,1,0.000367,enabled
1782985147.350,2026-07-02 09:39:07.352,innodb_activity_count,20124253,20124253,7388.007979,enabled
1782985147.350,2026-07-02 09:39:07.352,innodb_dblwr_pages_written,31665670,31665670,11625.088470,enabled
1782985147.350,2026-07-02 09:39:07.352,innodb_dblwr_writes,659885,659885,242.256725,enabled
1782985147.350,2026-07-02 09:39:07.352,innodb_page_size,16384,16384,0.000000,enabled
1782985147.350,2026-07-02 09:39:07.352,innodb_rwlock_sx_os_waits,0,0,0.000000,enabled
1782985147.350,2026-07-02 09:39:07.352,innodb_rwlock_sx_spin_rounds,0,0,0.000000,enabled
1782985147.350,2026-07-02 09:39:07.352,innodb_rwlock_sx_spin_waits,0,0,0.000000,enabled
1782985147.350,2026-07-02 09:39:07.352,innodb_rwlock_s_os_waits,0,0,0.000000,enabled
1782985147.350,2026-07-02 09:39:07.352,innodb_rwlock_s_spin_rounds,0,0,0.000000,enabled
1782985147.350,2026-07-02 09:39:07.352,innodb_rwlock_s_spin_waits,0,0,0.000000,enabled
1782985147.350,2026-07-02 09:39:07.352,innodb_rwlock_x_os_waits,0,0,0.000000,enabled
1782985147.350,2026-07-02 09:39:07.352,innodb_rwlock_x_spin_rounds,0,0,0.000000,enabled
1782985147.350,2026-07-02 09:39:07.352,innodb_rwlock_x_spin_waits,0,0,0.000000,enabled
1782985147.350,2026-07-02 09:39:07.352,lock_deadlocks,0,0,0.000000,enabled
1782985147.350,2026-07-02 09:39:07.352,lock_deadlock_false_positives,0,0,0.000000,enabled
1782985147.350,2026-07-02 09:39:07.352,lock_deadlock_rounds,2961,2961,1.087041,enabled
1782985147.350,2026-07-02 09:39:07.352,lock_rec_grant_attempts,425,425,0.156026,enabled
1782985147.350,2026-07-02 09:39:07.352,lock_rec_release_attempts,45545052,45545052,16720.484283,enabled
1782985147.350,2026-07-02 09:39:07.352,lock_row_lock_current_waits,0,0,0.000000,enabled
1782985147.350,2026-07-02 09:39:07.352,lock_row_lock_time,323,323,0.118580,enabled
1782985147.350,2026-07-02 09:39:07.352,lock_row_lock_time_avg,0,0,0.000000,enabled
1782985147.350,2026-07-02 09:39:07.352,lock_row_lock_time_max,29,29,0.000000,enabled
1782985147.350,2026-07-02 09:39:07.352,lock_row_lock_waits,425,425,0.156026,enabled
1782985147.350,2026-07-02 09:39:07.352,lock_schedule_refreshes,2961,2961,1.087041,enabled
1782985147.350,2026-07-02 09:39:07.352,lock_threads_waiting,0,0,0.000000,enabled
1782985147.350,2026-07-02 09:39:07.352,lock_timeouts,0,0,0.000000,enabled
1782985147.350,2026-07-02 09:39:07.352,log_waits,0,0,0.000000,enabled
1782985147.350,2026-07-02 09:39:07.352,log_writes,229830361,229830361,84375.236016,enabled
1782985147.350,2026-07-02 09:39:07.352,log_write_requests,439434946,439434946,161325.192801,enabled
1782985147.350,2026-07-02 09:39:07.352,os_data_fsyncs,67919465,67919465,24934.569210,enabled
1782985147.350,2026-07-02 09:39:07.352,os_data_reads,97597131,97597131,35829.823168,enabled
1782985147.350,2026-07-02 09:39:07.352,os_data_writes,262445860,262445860,96349.028423,enabled
1782985147.350,2026-07-02 09:39:07.352,os_log_bytes_written,142583088640,142583088640,52345051.415412,enabled
1782985147.350,2026-07-02 09:39:07.352,os_log_fsyncs,59118597,59118597,21703.597719,enabled
1782985147.350,2026-07-02 09:39:07.352,os_log_pending_fsyncs,1,1,0.000367,enabled
1782985147.350,2026-07-02 09:39:07.352,os_log_pending_writes,0,0,0.000000,enabled
1782985147.350,2026-07-02 09:39:07.352,trx_rseg_history_len,191,191,0.000000,enabled
1782985148.420,2026-07-02 09:39:08.421,adaptive_hash_searches,0,0,0.000000,enabled
1782985148.420,2026-07-02 09:39:08.421,adaptive_hash_searches_btree,661855198,661855198,242884.655891,enabled
1782985148.420,2026-07-02 09:39:08.421,buffer_data_reads,1595087161856,1595087161856,585357994.814967,enabled
1782985148.420,2026-07-02 09:39:08.421,buffer_data_written,700622847488,700622847488,257111457.394891,enabled
1782985148.420,2026-07-02 09:39:08.421,buffer_pages0_read,7,7,0.002569,enabled
1782985148.420,2026-07-02 09:39:08.421,buffer_pages_created,1826787,1826787,670.386176,enabled
1782985148.420,2026-07-02 09:39:08.421,buffer_pages_read,97630958,97630958,35828.174953,enabled
1782985148.420,2026-07-02 09:39:08.421,buffer_pages_written,31744121,31744121,11649.316442,enabled
1782985148.420,2026-07-02 09:39:08.421,buffer_pool_bytes_data,12846809088,12846809088,0.000000,enabled
1782985148.420,2026-07-02 09:39:08.421,buffer_pool_bytes_dirty,4632559616,4632559616,0.000000,enabled
1782985148.420,2026-07-02 09:39:08.421,buffer_pool_pages_data,784107,784107,0.000000,enabled
1782985148.420,2026-07-02 09:39:08.421,buffer_pool_pages_dirty,282749,282749,0.000000,enabled
1782985148.420,2026-07-02 09:39:08.421,buffer_pool_pages_flushed,31684310,31684310,0.000000,enabled
1782985148.420,2026-07-02 09:39:08.421,buffer_pool_pages_free,2228,2228,0.000000,enabled
1782985148.420,2026-07-02 09:39:08.421,buffer_pool_pages_lru_flushed,0,0,0.000000,enabled
1782985148.420,2026-07-02 09:39:08.421,buffer_pool_pages_misc,96,96,0.000000,enabled
1782985148.420,2026-07-02 09:39:08.421,buffer_pool_pages_total,786432,786432,0.000000,enabled
1782985148.420,2026-07-02 09:39:08.421,buffer_pool_reads,96711299,96711299,35490.683611,enabled
1782985148.420,2026-07-02 09:39:08.421,buffer_pool_read_ahead,803715,803715,294.943764,enabled
1782985148.420,2026-07-02 09:39:08.421,buffer_pool_read_ahead_evicted,25,25,0.009174,enabled
1782985148.420,2026-07-02 09:39:08.421,buffer_pool_read_requests,3196644468,3196644468,1173090.405032,enabled
1782985148.420,2026-07-02 09:39:08.421,buffer_pool_size,12884901888,12884901888,0.000000,enabled
1782985148.420,2026-07-02 09:39:08.421,buffer_pool_wait_free,18945,18945,6.952352,enabled
1782985148.420,2026-07-02 09:39:08.421,buffer_pool_write_requests,648377807,648377807,237938.810940,enabled
1782985148.420,2026-07-02 09:39:08.421,dml_deletes,14988947,14988947,5500.576518,enabled
1782985148.420,2026-07-02 09:39:08.421,dml_inserts,114874351,114874351,42156.073939,enabled
1782985148.420,2026-07-02 09:39:08.421,dml_system_deletes,468,468,0.171745,enabled
1782985148.420,2026-07-02 09:39:08.421,dml_system_inserts,1202,1202,0.441105,enabled
1782985148.420,2026-07-02 09:39:08.421,dml_system_reads,7661,7661,2.811399,enabled
1782985148.420,2026-07-02 09:39:08.421,dml_system_updates,620,620,0.227525,enabled
1782985148.420,2026-07-02 09:39:08.421,dml_updates,29978026,29978026,11001.201469,enabled
1782985148.420,2026-07-02 09:39:08.421,file_num_open_files,35,35,0.000000,enabled
1782985148.420,2026-07-02 09:39:08.421,ibuf_merges,0,0,0.000000,enabled
1782985148.420,2026-07-02 09:39:08.421,ibuf_merges_delete,0,0,0.000000,enabled
1782985148.420,2026-07-02 09:39:08.421,ibuf_merges_delete_mark,0,0,0.000000,enabled
1782985148.420,2026-07-02 09:39:08.421,ibuf_merges_discard_delete,0,0,0.000000,enabled
1782985148.420,2026-07-02 09:39:08.421,ibuf_merges_discard_delete_mark,0,0,0.000000,enabled
1782985148.420,2026-07-02 09:39:08.421,ibuf_merges_discard_insert,0,0,0.000000,enabled
1782985148.420,2026-07-02 09:39:08.421,ibuf_merges_insert,0,0,0.000000,enabled
1782985148.420,2026-07-02 09:39:08.421,ibuf_size,1,1,0.000367,enabled
1782985148.420,2026-07-02 09:39:08.421,innodb_activity_count,20129859,20129859,7387.165420,enabled
1782985148.420,2026-07-02 09:39:08.421,innodb_dblwr_pages_written,31683528,31683528,11627.079022,enabled
1782985148.420,2026-07-02 09:39:08.421,innodb_dblwr_writes,660283,660283,242.307694,enabled
1782985148.420,2026-07-02 09:39:08.421,innodb_page_size,16384,16384,0.000000,enabled
1782985148.420,2026-07-02 09:39:08.421,innodb_rwlock_sx_os_waits,0,0,0.000000,enabled
1782985148.420,2026-07-02 09:39:08.421,innodb_rwlock_sx_spin_rounds,0,0,0.000000,enabled
1782985148.420,2026-07-02 09:39:08.421,innodb_rwlock_sx_spin_waits,0,0,0.000000,enabled
1782985148.420,2026-07-02 09:39:08.421,innodb_rwlock_s_os_waits,0,0,0.000000,enabled
1782985148.420,2026-07-02 09:39:08.421,innodb_rwlock_s_spin_rounds,0,0,0.000000,enabled
1782985148.420,2026-07-02 09:39:08.421,innodb_rwlock_s_spin_waits,0,0,0.000000,enabled
1782985148.420,2026-07-02 09:39:08.421,innodb_rwlock_x_os_waits,0,0,0.000000,enabled
1782985148.420,2026-07-02 09:39:08.421,innodb_rwlock_x_spin_rounds,0,0,0.000000,enabled
1782985148.420,2026-07-02 09:39:08.421,innodb_rwlock_x_spin_waits,0,0,0.000000,enabled
1782985148.420,2026-07-02 09:39:08.421,lock_deadlocks,0,0,0.000000,enabled
1782985148.420,2026-07-02 09:39:08.421,lock_deadlock_false_positives,0,0,0.000000,enabled
1782985148.420,2026-07-02 09:39:08.421,lock_deadlock_rounds,2962,2962,1.086982,enabled
1782985148.420,2026-07-02 09:39:08.421,lock_rec_grant_attempts,425,425,0.155965,enabled
1782985148.420,2026-07-02 09:39:08.421,lock_rec_release_attempts,45559914,45559914,16719.375333,enabled
1782985148.420,2026-07-02 09:39:08.421,lock_row_lock_current_waits,0,0,0.000000,enabled
1782985148.420,2026-07-02 09:39:08.421,lock_row_lock_time,323,323,0.118533,enabled
1782985148.420,2026-07-02 09:39:08.421,lock_row_lock_time_avg,0,0,0.000000,enabled
1782985148.420,2026-07-02 09:39:08.421,lock_row_lock_time_max,29,29,0.000000,enabled
1782985148.420,2026-07-02 09:39:08.421,lock_row_lock_waits,425,425,0.155965,enabled
1782985148.420,2026-07-02 09:39:08.421,lock_schedule_refreshes,2962,2962,1.086982,enabled
1782985148.420,2026-07-02 09:39:08.421,lock_threads_waiting,0,0,0.000000,enabled
1782985148.420,2026-07-02 09:39:08.421,lock_timeouts,0,0,0.000000,enabled
1782985148.420,2026-07-02 09:39:08.421,log_waits,0,0,0.000000,enabled
1782985148.420,2026-07-02 09:39:08.421,log_writes,229910704,229910704,84371.602259,enabled
1782985148.420,2026-07-02 09:39:08.421,log_write_requests,439517815,439517815,161292.282812,enabled
1782985148.420,2026-07-02 09:39:08.421,os_data_fsyncs,67954046,67954046,24937.472533,enabled
1782985148.420,2026-07-02 09:39:08.421,os_data_reads,97654336,97654336,35836.752451,enabled
1782985148.420,2026-07-02 09:39:08.421,os_data_writes,262545332,262545332,96347.714296,enabled
1782985148.420,2026-07-02 09:39:08.421,os_log_bytes_written,142624885248,142624885248,52339843.811265,enabled
1782985148.420,2026-07-02 09:39:08.421,os_log_fsyncs,59148008,59148008,21705.871969,enabled
1782985148.420,2026-07-02 09:39:08.421,os_log_pending_fsyncs,1,1,0.000367,enabled
1782985148.420,2026-07-02 09:39:08.421,os_log_pending_writes,0,0,0.000000,enabled
1782985148.420,2026-07-02 09:39:08.421,trx_rseg_history_len,231,231,0.000000,enabled
1782985149.489,2026-07-02 09:39:09.490,adaptive_hash_searches,0,0,0.000000,enabled
1782985149.489,2026-07-02 09:39:09.490,adaptive_hash_searches_btree,662025513,662025513,242851.873546,enabled
1782985149.489,2026-07-02 09:39:09.490,buffer_data_reads,1596032174592,1596032174592,585475092.814721,enabled
1782985149.489,2026-07-02 09:39:09.490,buffer_data_written,700949536768,700949536768,257130464.769615,enabled
1782985149.489,2026-07-02 09:39:09.490,buffer_pages0_read,7,7,0.002568,enabled
1782985149.489,2026-07-02 09:39:09.490,buffer_pages_created,1826813,1826813,670.132805,enabled
1782985149.489,2026-07-02 09:39:09.490,buffer_pages_read,97688802,97688802,35835.343057,enabled
1782985149.489,2026-07-02 09:39:09.490,buffer_pages_written,31761219,31761219,11651.019959,enabled
1782985149.489,2026-07-02 09:39:09.490,buffer_pool_bytes_data,12856918016,12856918016,0.000000,enabled
1782985149.489,2026-07-02 09:39:09.490,buffer_pool_bytes_dirty,4623073280,4623073280,0.000000,enabled
1782985149.489,2026-07-02 09:39:09.490,buffer_pool_pages_data,784724,784724,0.000000,enabled
1782985149.489,2026-07-02 09:39:09.490,buffer_pool_pages_dirty,282170,282170,0.000000,enabled
1782985149.489,2026-07-02 09:39:09.490,buffer_pool_pages_flushed,31704105,31704105,0.000000,enabled
1782985149.489,2026-07-02 09:39:09.490,buffer_pool_pages_free,1612,1612,0.000000,enabled
1782985149.489,2026-07-02 09:39:09.490,buffer_pool_pages_lru_flushed,0,0,0.000000,enabled
1782985149.489,2026-07-02 09:39:09.490,buffer_pool_pages_misc,96,96,0.000000,enabled
1782985149.489,2026-07-02 09:39:09.490,buffer_pool_pages_total,786432,786432,0.000000,enabled
1782985149.489,2026-07-02 09:39:09.490,buffer_pool_reads,96769083,96769083,35497.962025,enabled
1782985149.489,2026-07-02 09:39:09.490,buffer_pool_read_ahead,803715,803715,294.828094,enabled
1782985149.489,2026-07-02 09:39:09.490,buffer_pool_read_ahead_evicted,25,25,0.009171,enabled
1782985149.489,2026-07-02 09:39:09.490,buffer_pool_read_requests,3197487914,3197487914,1172939.750845,enabled
1782985149.489,2026-07-02 09:39:09.490,buffer_pool_size,12884901888,12884901888,0.000000,enabled
1782985149.489,2026-07-02 09:39:09.490,buffer_pool_wait_free,18945,18945,6.949626,enabled
1782985149.489,2026-07-02 09:39:09.490,buffer_pool_write_requests,648492126,648492126,237887.433086,enabled
1782985149.489,2026-07-02 09:39:09.490,dml_deletes,14993872,14993872,5500.225816,enabled
1782985149.489,2026-07-02 09:39:09.490,dml_inserts,114879278,114879278,42141.347548,enabled
1782985149.489,2026-07-02 09:39:09.490,dml_system_deletes,468,468,0.171677,enabled
1782985149.489,2026-07-02 09:39:09.490,dml_system_inserts,1202,1202,0.440932,enabled
1782985149.489,2026-07-02 09:39:09.490,dml_system_reads,7661,7661,2.810297,enabled
1782985149.489,2026-07-02 09:39:09.490,dml_system_updates,620,620,0.227436,enabled
1782985149.489,2026-07-02 09:39:09.490,dml_updates,29987876,29987876,11000.500045,enabled
1782985149.489,2026-07-02 09:39:09.490,file_num_open_files,35,35,0.000000,enabled
1782985149.489,2026-07-02 09:39:09.490,ibuf_merges,0,0,0.000000,enabled
1782985149.489,2026-07-02 09:39:09.490,ibuf_merges_delete,0,0,0.000000,enabled
1782985149.489,2026-07-02 09:39:09.490,ibuf_merges_delete_mark,0,0,0.000000,enabled
1782985149.489,2026-07-02 09:39:09.490,ibuf_merges_discard_delete,0,0,0.000000,enabled
1782985149.489,2026-07-02 09:39:09.490,ibuf_merges_discard_delete_mark,0,0,0.000000,enabled
1782985149.489,2026-07-02 09:39:09.490,ibuf_merges_discard_insert,0,0,0.000000,enabled
1782985149.489,2026-07-02 09:39:09.490,ibuf_merges_insert,0,0,0.000000,enabled
1782985149.489,2026-07-02 09:39:09.490,ibuf_size,1,1,0.000367,enabled
1782985149.489,2026-07-02 09:39:09.490,innodb_activity_count,20135525,20135525,7386.346630,enabled
1782985149.489,2026-07-02 09:39:09.490,innodb_dblwr_pages_written,31701591,31701591,11629.144931,enabled
1782985149.489,2026-07-02 09:39:09.490,innodb_dblwr_writes,660639,660639,242.343253,enabled
1782985149.489,2026-07-02 09:39:09.490,innodb_page_size,16384,16384,0.000000,enabled
1782985149.489,2026-07-02 09:39:09.490,innodb_rwlock_sx_os_waits,0,0,0.000000,enabled
1782985149.489,2026-07-02 09:39:09.490,innodb_rwlock_sx_spin_rounds,0,0,0.000000,enabled
1782985149.489,2026-07-02 09:39:09.490,innodb_rwlock_sx_spin_waits,0,0,0.000000,enabled
1782985149.489,2026-07-02 09:39:09.490,innodb_rwlock_s_os_waits,0,0,0.000000,enabled
1782985149.489,2026-07-02 09:39:09.490,innodb_rwlock_s_spin_rounds,0,0,0.000000,enabled
1782985149.489,2026-07-02 09:39:09.490,innodb_rwlock_s_spin_waits,0,0,0.000000,enabled
1782985149.489,2026-07-02 09:39:09.490,innodb_rwlock_x_os_waits,0,0,0.000000,enabled
1782985149.489,2026-07-02 09:39:09.490,innodb_rwlock_x_spin_rounds,0,0,0.000000,enabled
1782985149.489,2026-07-02 09:39:09.490,innodb_rwlock_x_spin_waits,0,0,0.000000,enabled
1782985149.489,2026-07-02 09:39:09.490,lock_deadlocks,0,0,0.000000,enabled
1782985149.489,2026-07-02 09:39:09.490,lock_deadlock_false_positives,0,0,0.000000,enabled
1782985149.489,2026-07-02 09:39:09.490,lock_deadlock_rounds,2963,2963,1.086922,enabled
1782985149.489,2026-07-02 09:39:09.490,lock_rec_grant_attempts,425,425,0.155903,enabled
1782985149.489,2026-07-02 09:39:09.490,lock_rec_release_attempts,45574871,45574871,16718.305136,enabled
1782985149.489,2026-07-02 09:39:09.490,lock_row_lock_current_waits,0,0,0.000000,enabled
1782985149.489,2026-07-02 09:39:09.490,lock_row_lock_time,323,323,0.118487,enabled
1782985149.489,2026-07-02 09:39:09.490,lock_row_lock_time_avg,0,0,0.000000,enabled
1782985149.489,2026-07-02 09:39:09.490,lock_row_lock_time_max,29,29,0.000000,enabled
1782985149.489,2026-07-02 09:39:09.490,lock_row_lock_waits,425,425,0.155903,enabled
1782985149.489,2026-07-02 09:39:09.490,lock_schedule_refreshes,2963,2963,1.086922,enabled
1782985149.489,2026-07-02 09:39:09.490,lock_threads_waiting,0,0,0.000000,enabled
1782985149.489,2026-07-02 09:39:09.490,lock_timeouts,0,0,0.000000,enabled
1782985149.489,2026-07-02 09:39:09.490,log_waits,0,0,0.000000,enabled
1782985149.489,2026-07-02 09:39:09.490,log_writes,229991953,229991953,84368.316905,enabled
1782985149.489,2026-07-02 09:39:09.490,log_write_requests,439601439,439601439,161259.700861,enabled
1782985149.489,2026-07-02 09:39:09.490,os_data_fsyncs,67989246,67989246,24940.604879,enabled
1782985149.489,2026-07-02 09:39:09.490,os_data_reads,97712010,97712010,35843.854429,enabled
1782985149.489,2026-07-02 09:39:09.490,os_data_writes,262643896,262643896,96346.084477,enabled
1782985149.489,2026-07-02 09:39:09.490,os_log_bytes_written,142667149824,142667149824,52334820.824640,enabled
1782985149.489,2026-07-02 09:39:09.490,os_log_fsyncs,59177950,59177950,21708.342894,enabled
1782985149.489,2026-07-02 09:39:09.490,os_log_pending_fsyncs,0,0,0.000000,enabled
1782985149.489,2026-07-02 09:39:09.490,os_log_pending_writes,0,0,0.000000,enabled
1782985149.489,2026-07-02 09:39:09.490,trx_rseg_history_len,301,301,0.000000,enabled
1782985150.558,2026-07-02 09:39:10.560,adaptive_hash_searches,0,0,0.000000,enabled
1782985150.558,2026-07-02 09:39:10.560,adaptive_hash_searches_btree,662196795,662196795,242819.190751,enabled
1782985150.558,2026-07-02 09:39:10.560,buffer_data_reads,1596979988992,1596979988992,585592435.921336,enabled
1782985150.558,2026-07-02 09:39:10.560,buffer_data_written,701262516224,701262516224,257144126.811548,enabled
1782985150.558,2026-07-02 09:39:10.560,buffer_pages0_read,7,7,0.002567,enabled
1782985150.558,2026-07-02 09:39:10.560,buffer_pages_created,1826854,1826854,669.884344,enabled
1782985150.558,2026-07-02 09:39:10.560,buffer_pages_read,97746816,97746816,35842.525619,enabled
1782985150.558,2026-07-02 09:39:10.560,buffer_pages_written,31777345,31777345,11652.351987,enabled
1782985150.558,2026-07-02 09:39:10.560,buffer_pool_bytes_data,12853362688,12853362688,0.000000,enabled
1782985150.558,2026-07-02 09:39:10.560,buffer_pool_bytes_dirty,4630872064,4630872064,0.000000,enabled
1782985150.558,2026-07-02 09:39:10.560,buffer_pool_pages_data,784507,784507,0.000000,enabled
1782985150.558,2026-07-02 09:39:10.560,buffer_pool_pages_dirty,282646,282646,0.000000,enabled
1782985150.558,2026-07-02 09:39:10.560,buffer_pool_pages_flushed,31720231,31720231,0.000000,enabled
1782985150.558,2026-07-02 09:39:10.560,buffer_pool_pages_free,1828,1828,0.000000,enabled
1782985150.558,2026-07-02 09:39:10.560,buffer_pool_pages_lru_flushed,0,0,0.000000,enabled
1782985150.558,2026-07-02 09:39:10.560,buffer_pool_pages_misc,96,96,0.000000,enabled
1782985150.558,2026-07-02 09:39:10.560,buffer_pool_pages_total,786432,786432,0.000000,enabled
1782985150.558,2026-07-02 09:39:10.560,buffer_pool_reads,96827037,96827037,35505.255289,enabled
1782985150.558,2026-07-02 09:39:10.560,buffer_pool_read_ahead,803715,803715,294.712168,enabled
1782985150.558,2026-07-02 09:39:10.560,buffer_pool_read_ahead_evicted,25,25,0.009167,enabled
1782985150.558,2026-07-02 09:39:10.560,buffer_pool_read_requests,3198335925,3198335925,1172789.507683,enabled
1782985150.558,2026-07-02 09:39:10.560,buffer_pool_size,12884901888,12884901888,0.000000,enabled
1782985150.558,2026-07-02 09:39:10.560,buffer_pool_wait_free,18945,18945,6.946893,enabled
1782985150.558,2026-07-02 09:39:10.560,buffer_pool_write_requests,648606524,648606524,237835.844390,enabled
1782985150.558,2026-07-02 09:39:10.560,dml_deletes,14998824,14998824,5499.878933,enabled
1782985150.558,2026-07-02 09:39:10.560,dml_inserts,114884229,114884229,42126.592815,enabled
1782985150.558,2026-07-02 09:39:10.560,dml_system_deletes,468,468,0.171610,enabled
1782985150.558,2026-07-02 09:39:10.560,dml_system_inserts,1202,1202,0.440758,enabled
1782985150.558,2026-07-02 09:39:10.560,dml_system_reads,7661,7661,2.809192,enabled
1782985150.558,2026-07-02 09:39:10.560,dml_system_updates,620,620,0.227346,enabled
1782985150.558,2026-07-02 09:39:10.560,dml_updates,29997780,29997780,10999.806258,enabled
1782985150.558,2026-07-02 09:39:10.560,file_num_open_files,35,35,0.000000,enabled
1782985150.558,2026-07-02 09:39:10.560,ibuf_merges,0,0,0.000000,enabled
1782985150.558,2026-07-02 09:39:10.560,ibuf_merges_delete,0,0,0.000000,enabled
1782985150.558,2026-07-02 09:39:10.560,ibuf_merges_delete_mark,0,0,0.000000,enabled
1782985150.558,2026-07-02 09:39:10.560,ibuf_merges_discard_delete,0,0,0.000000,enabled
1782985150.558,2026-07-02 09:39:10.560,ibuf_merges_discard_delete_mark,0,0,0.000000,enabled
1782985150.558,2026-07-02 09:39:10.560,ibuf_merges_discard_insert,0,0,0.000000,enabled
1782985150.558,2026-07-02 09:39:10.560,ibuf_merges_insert,0,0,0.000000,enabled
1782985150.558,2026-07-02 09:39:10.560,ibuf_size,1,1,0.000367,enabled
1782985150.558,2026-07-02 09:39:10.560,innodb_activity_count,20141222,20141222,7385.531310,enabled
1782985150.558,2026-07-02 09:39:10.560,innodb_dblwr_pages_written,31717717,31717717,11630.485502,enabled
1782985150.558,2026-07-02 09:39:10.560,innodb_dblwr_writes,660991,660991,242.377036,enabled
1782985150.558,2026-07-02 09:39:10.560,innodb_page_size,16384,16384,0.000000,enabled
1782985150.558,2026-07-02 09:39:10.560,innodb_rwlock_sx_os_waits,0,0,0.000000,enabled
1782985150.558,2026-07-02 09:39:10.560,innodb_rwlock_sx_spin_rounds,0,0,0.000000,enabled
1782985150.558,2026-07-02 09:39:10.560,innodb_rwlock_sx_spin_waits,0,0,0.000000,enabled
1782985150.558,2026-07-02 09:39:10.560,innodb_rwlock_s_os_waits,0,0,0.000000,enabled
1782985150.558,2026-07-02 09:39:10.560,innodb_rwlock_s_spin_rounds,0,0,0.000000,enabled
1782985150.558,2026-07-02 09:39:10.560,innodb_rwlock_s_spin_waits,0,0,0.000000,enabled
1782985150.558,2026-07-02 09:39:10.560,innodb_rwlock_x_os_waits,0,0,0.000000,enabled
1782985150.558,2026-07-02 09:39:10.560,innodb_rwlock_x_spin_rounds,0,0,0.000000,enabled
1782985150.558,2026-07-02 09:39:10.560,innodb_rwlock_x_spin_waits,0,0,0.000000,enabled
1782985150.558,2026-07-02 09:39:10.560,lock_deadlocks,0,0,0.000000,enabled
1782985150.558,2026-07-02 09:39:10.560,lock_deadlock_false_positives,0,0,0.000000,enabled
1782985150.558,2026-07-02 09:39:10.560,lock_deadlock_rounds,2964,2964,1.086861,enabled
1782985150.558,2026-07-02 09:39:10.560,lock_rec_grant_attempts,425,425,0.155842,enabled
1782985150.558,2026-07-02 09:39:10.560,lock_rec_release_attempts,45589901,45589901,16717.242842,enabled
1782985150.558,2026-07-02 09:39:10.560,lock_row_lock_current_waits,0,0,0.000000,enabled
1782985150.558,2026-07-02 09:39:10.560,lock_row_lock_time,323,323,0.118440,enabled
1782985150.558,2026-07-02 09:39:10.560,lock_row_lock_time_avg,0,0,0.000000,enabled
1782985150.558,2026-07-02 09:39:10.560,lock_row_lock_time_max,29,29,0.000000,enabled
1782985150.558,2026-07-02 09:39:10.560,lock_row_lock_waits,425,425,0.155842,enabled
1782985150.558,2026-07-02 09:39:10.560,lock_schedule_refreshes,2964,2964,1.086861,enabled
1782985150.558,2026-07-02 09:39:10.560,lock_threads_waiting,0,0,0.000000,enabled
1782985150.558,2026-07-02 09:39:10.560,lock_timeouts,0,0,0.000000,enabled
1782985150.558,2026-07-02 09:39:10.560,log_waits,0,0,0.000000,enabled
1782985150.558,2026-07-02 09:39:10.560,log_writes,230073203,230073203,84364.936812,enabled
1782985150.558,2026-07-02 09:39:10.560,log_write_requests,439685529,439685529,161227.128664,enabled
1782985150.558,2026-07-02 09:39:10.560,os_data_fsyncs,68024549,68024549,24943.743469,enabled
1782985150.558,2026-07-02 09:39:10.560,os_data_reads,97769858,97769858,35850.972859,enabled
1782985150.558,2026-07-02 09:39:10.560,os_data_writes,262741546,262741546,96344.008487,enabled
1782985150.558,2026-07-02 09:39:10.560,os_log_bytes_written,142709584896,142709584896,52329803.318714,enabled
1782985150.558,2026-07-02 09:39:10.560,os_log_fsyncs,59208320,59208320,21710.943525,enabled
1782985150.558,2026-07-02 09:39:10.560,os_log_pending_fsyncs,1,1,0.000367,enabled
1782985150.558,2026-07-02 09:39:10.560,os_log_pending_writes,0,0,0.000000,enabled
1782985150.558,2026-07-02 09:39:10.560,trx_rseg_history_len,465,465,0.000000,enabled
1782985151.630,2026-07-02 09:39:11.632,adaptive_hash_searches,0,0,0.000000,enabled
1782985151.630,2026-07-02 09:39:11.632,adaptive_hash_searches_btree,662366742,662366742,242786.061120,enabled
1782985151.630,2026-07-02 09:39:11.632,buffer_data_reads,1597927442944,1597927442944,585709588.067513,enabled
1782985151.630,2026-07-02 09:39:11.632,buffer_data_written,701573710848,701573710848,257157138.612793,enabled
1782985151.630,2026-07-02 09:39:11.632,buffer_pages0_read,7,7,0.002566,enabled
1782985151.630,2026-07-02 09:39:11.632,buffer_pages_created,1826882,1826882,669.631350,enabled
1782985151.630,2026-07-02 09:39:11.632,buffer_pages_read,97804792,97804792,35849.690649,enabled
1782985151.630,2026-07-02 09:39:11.632,buffer_pages_written,31793392,31793392,11653.654667,enabled
1782985151.630,2026-07-02 09:39:11.632,buffer_pool_bytes_data,12854460416,12854460416,0.000000,enabled
1782985151.630,2026-07-02 09:39:11.632,buffer_pool_bytes_dirty,4639604736,4639604736,0.000000,enabled
1782985151.630,2026-07-02 09:39:11.632,buffer_pool_pages_data,784574,784574,0.000000,enabled
1782985151.630,2026-07-02 09:39:11.632,buffer_pool_pages_dirty,283179,283179,0.000000,enabled
1782985151.630,2026-07-02 09:39:11.632,buffer_pool_pages_flushed,31736278,31736278,0.000000,enabled
1782985151.630,2026-07-02 09:39:11.632,buffer_pool_pages_free,1762,1762,0.000000,enabled
1782985151.630,2026-07-02 09:39:11.632,buffer_pool_pages_lru_flushed,0,0,0.000000,enabled
1782985151.630,2026-07-02 09:39:11.632,buffer_pool_pages_misc,96,96,0.000000,enabled
1782985151.630,2026-07-02 09:39:11.632,buffer_pool_pages_total,786432,786432,0.000000,enabled
1782985151.630,2026-07-02 09:39:11.632,buffer_pool_reads,96884950,96884950,35512.529700,enabled
1782985151.630,2026-07-02 09:39:11.632,buffer_pool_read_ahead,803715,803715,294.596349,enabled
1782985151.630,2026-07-02 09:39:11.632,buffer_pool_read_ahead_evicted,25,25,0.009164,enabled
1782985151.630,2026-07-02 09:39:11.632,buffer_pool_read_requests,3199177160,3199177160,1172636.962132,enabled
1782985151.630,2026-07-02 09:39:11.632,buffer_pool_size,12884901888,12884901888,0.000000,enabled
1782985151.630,2026-07-02 09:39:11.632,buffer_pool_wait_free,18945,18945,6.944163,enabled
1782985151.630,2026-07-02 09:39:11.632,buffer_pool_write_requests,648719982,648719982,237783.964585,enabled
1782985151.630,2026-07-02 09:39:11.632,dml_deletes,15003738,15003738,5499.518834,enabled
1782985151.630,2026-07-02 09:39:11.632,dml_inserts,114889144,114889144,42111.839847,enabled
1782985151.630,2026-07-02 09:39:11.632,dml_system_deletes,468,468,0.171542,enabled
1782985151.630,2026-07-02 09:39:11.632,dml_system_inserts,1202,1202,0.440585,enabled
1782985151.630,2026-07-02 09:39:11.632,dml_system_reads,7661,7661,2.808088,enabled
1782985151.630,2026-07-02 09:39:11.632,dml_system_updates,620,620,0.227257,enabled
1782985151.630,2026-07-02 09:39:11.632,dml_updates,30007610,30007610,10999.086779,enabled
1782985151.630,2026-07-02 09:39:11.632,file_num_open_files,35,35,0.000000,enabled
1782985151.630,2026-07-02 09:39:11.632,ibuf_merges,0,0,0.000000,enabled
1782985151.630,2026-07-02 09:39:11.632,ibuf_merges_delete,0,0,0.000000,enabled
1782985151.630,2026-07-02 09:39:11.632,ibuf_merges_delete_mark,0,0,0.000000,enabled
1782985151.630,2026-07-02 09:39:11.632,ibuf_merges_discard_delete,0,0,0.000000,enabled
1782985151.630,2026-07-02 09:39:11.632,ibuf_merges_discard_delete_mark,0,0,0.000000,enabled
1782985151.630,2026-07-02 09:39:11.632,ibuf_merges_discard_insert,0,0,0.000000,enabled
1782985151.630,2026-07-02 09:39:11.632,ibuf_merges_insert,0,0,0.000000,enabled
1782985151.630,2026-07-02 09:39:11.632,ibuf_size,1,1,0.000367,enabled
1782985151.630,2026-07-02 09:39:11.632,innodb_activity_count,20146864,20146864,7384.697025,enabled
1782985151.630,2026-07-02 09:39:11.632,innodb_dblwr_pages_written,31733764,31733764,11631.796958,enabled
1782985151.630,2026-07-02 09:39:11.632,innodb_dblwr_writes,661346,661346,242.411912,enabled
1782985151.630,2026-07-02 09:39:11.632,innodb_page_size,16384,16384,0.000000,enabled
1782985151.630,2026-07-02 09:39:11.632,innodb_rwlock_sx_os_waits,0,0,0.000000,enabled
1782985151.630,2026-07-02 09:39:11.632,innodb_rwlock_sx_spin_rounds,0,0,0.000000,enabled
1782985151.630,2026-07-02 09:39:11.632,innodb_rwlock_sx_spin_waits,0,0,0.000000,enabled
1782985151.630,2026-07-02 09:39:11.632,innodb_rwlock_s_os_waits,0,0,0.000000,enabled
1782985151.630,2026-07-02 09:39:11.632,innodb_rwlock_s_spin_rounds,0,0,0.000000,enabled
1782985151.630,2026-07-02 09:39:11.632,innodb_rwlock_s_spin_waits,0,0,0.000000,enabled
1782985151.630,2026-07-02 09:39:11.632,innodb_rwlock_x_os_waits,0,0,0.000000,enabled
1782985151.630,2026-07-02 09:39:11.632,innodb_rwlock_x_spin_rounds,0,0,0.000000,enabled
1782985151.630,2026-07-02 09:39:11.632,innodb_rwlock_x_spin_waits,0,0,0.000000,enabled
1782985151.630,2026-07-02 09:39:11.632,lock_deadlocks,0,0,0.000000,enabled
1782985151.630,2026-07-02 09:39:11.632,lock_deadlock_false_positives,0,0,0.000000,enabled
1782985151.630,2026-07-02 09:39:11.632,lock_deadlock_rounds,2965,2965,1.086801,enabled
1782985151.630,2026-07-02 09:39:11.632,lock_rec_grant_attempts,425,425,0.155781,enabled
1782985151.630,2026-07-02 09:39:11.632,lock_rec_release_attempts,45604861,45604861,16716.156600,enabled
1782985151.630,2026-07-02 09:39:11.632,lock_row_lock_current_waits,0,0,0.000000,enabled
1782985151.630,2026-07-02 09:39:11.632,lock_row_lock_time,323,323,0.118393,enabled
1782985151.630,2026-07-02 09:39:11.632,lock_row_lock_time_avg,0,0,0.000000,enabled
1782985151.630,2026-07-02 09:39:11.632,lock_row_lock_time_max,29,29,0.000000,enabled
1782985151.630,2026-07-02 09:39:11.632,lock_row_lock_waits,425,425,0.155781,enabled
1782985151.630,2026-07-02 09:39:11.632,lock_schedule_refreshes,2965,2965,1.086801,enabled
1782985151.630,2026-07-02 09:39:11.632,lock_threads_waiting,0,0,0.000000,enabled
1782985151.630,2026-07-02 09:39:11.632,lock_timeouts,0,0,0.000000,enabled
1782985151.630,2026-07-02 09:39:11.632,log_waits,0,0,0.000000,enabled
1782985151.630,2026-07-02 09:39:11.632,log_writes,230153755,230153755,84361.308593,enabled
1782985151.630,2026-07-02 09:39:11.632,log_write_requests,439769009,439769009,161194.368090,enabled
1782985151.630,2026-07-02 09:39:11.632,os_data_fsyncs,68059801,68059801,24946.862283,enabled
1782985151.630,2026-07-02 09:39:11.632,os_data_reads,97827695,97827695,35858.083666,enabled
1782985151.630,2026-07-02 09:39:11.632,os_data_writes,262838433,262838433,96341.659825,enabled
1782985151.630,2026-07-02 09:39:11.632,os_log_bytes_written,142751646208,142751646208,52324655.652322,enabled
1782985151.630,2026-07-02 09:39:11.632,os_log_fsyncs,59238527,59238527,21713.483570,enabled
1782985151.630,2026-07-02 09:39:11.632,os_log_pending_fsyncs,1,1,0.000367,enabled
1782985151.630,2026-07-02 09:39:11.632,os_log_pending_writes,0,0,0.000000,enabled
1782985151.630,2026-07-02 09:39:11.632,trx_rseg_history_len,522,522,0.000000,enabled
1782985152.702,2026-07-02 09:39:12.704,adaptive_hash_searches,0,0,0.000000,enabled
1782985152.702,2026-07-02 09:39:12.704,adaptive_hash_searches_btree,662537471,662537471,242753.253347,enabled
1782985152.702,2026-07-02 09:39:12.704,buffer_data_reads,1598872717824,1598872717824,585825877.079741,enabled
1782985152.702,2026-07-02 09:39:12.704,buffer_data_written,701888607744,701888607744,257171508.654579,enabled
1782985152.702,2026-07-02 09:39:12.704,buffer_pages0_read,7,7,0.002565,enabled
1782985152.702,2026-07-02 09:39:12.704,buffer_pages_created,1826909,1826909,669.378220,enabled
1782985152.702,2026-07-02 09:39:12.704,buffer_pages_read,97862645,97862645,35856.806665,enabled
1782985152.702,2026-07-02 09:39:12.704,buffer_pages_written,31809624,31809624,11655.024662,enabled
1782985152.702,2026-07-02 09:39:12.704,buffer_pool_bytes_data,12858015744,12858015744,0.000000,enabled
1782985152.702,2026-07-02 09:39:12.704,buffer_pool_bytes_dirty,4646895616,4646895616,0.000000,enabled
1782985152.702,2026-07-02 09:39:12.704,buffer_pool_pages_data,784791,784791,0.000000,enabled
1782985152.702,2026-07-02 09:39:12.704,buffer_pool_pages_dirty,283625,283625,0.000000,enabled
1782985152.702,2026-07-02 09:39:12.704,buffer_pool_pages_flushed,31752499,31752499,0.000000,enabled
1782985152.702,2026-07-02 09:39:12.704,buffer_pool_pages_free,1544,1544,0.000000,enabled
1782985152.702,2026-07-02 09:39:12.704,buffer_pool_pages_lru_flushed,0,0,0.000000,enabled
1782985152.702,2026-07-02 09:39:12.704,buffer_pool_pages_misc,96,96,0.000000,enabled
1782985152.702,2026-07-02 09:39:12.704,buffer_pool_pages_total,786432,786432,0.000000,enabled
1782985152.702,2026-07-02 09:39:12.704,buffer_pool_reads,96942749,96942749,35519.758394,enabled
1782985152.702,2026-07-02 09:39:12.704,buffer_pool_read_ahead,803715,803715,294.480636,enabled
1782985152.702,2026-07-02 09:39:12.704,buffer_pool_read_ahead_evicted,25,25,0.009160,enabled
1782985152.702,2026-07-02 09:39:12.704,buffer_pool_read_requests,3200022309,3200022309,1172486.028440,enabled
1782985152.702,2026-07-02 09:39:12.704,buffer_pool_size,12884901888,12884901888,0.000000,enabled
1782985152.702,2026-07-02 09:39:12.704,buffer_pool_wait_free,18945,18945,6.941435,enabled
1782985152.702,2026-07-02 09:39:12.704,buffer_pool_write_requests,648834045,648834045,237732.358909,enabled
1782985152.702,2026-07-02 09:39:12.704,dml_deletes,15008682,15008682,5499.170181,enabled
1782985152.702,2026-07-02 09:39:12.704,dml_inserts,114894088,114894088,42097.110398,enabled
1782985152.702,2026-07-02 09:39:12.704,dml_system_deletes,468,468,0.171475,enabled
1782985152.702,2026-07-02 09:39:12.704,dml_system_inserts,1202,1202,0.440412,enabled
1782985152.702,2026-07-02 09:39:12.704,dml_system_reads,7661,7661,2.806985,enabled
1782985152.702,2026-07-02 09:39:12.704,dml_system_updates,620,620,0.227168,enabled
1782985152.702,2026-07-02 09:39:12.704,dml_updates,30017500,30017500,10998.390184,enabled
1782985152.702,2026-07-02 09:39:12.704,file_num_open_files,35,35,0.000000,enabled
1782985152.702,2026-07-02 09:39:12.704,ibuf_merges,0,0,0.000000,enabled
1782985152.702,2026-07-02 09:39:12.704,ibuf_merges_delete,0,0,0.000000,enabled
1782985152.702,2026-07-02 09:39:12.704,ibuf_merges_delete_mark,0,0,0.000000,enabled
1782985152.702,2026-07-02 09:39:12.704,ibuf_merges_discard_delete,0,0,0.000000,enabled
1782985152.702,2026-07-02 09:39:12.704,ibuf_merges_discard_delete_mark,0,0,0.000000,enabled
1782985152.702,2026-07-02 09:39:12.704,ibuf_merges_discard_insert,0,0,0.000000,enabled
1782985152.702,2026-07-02 09:39:12.704,ibuf_merges_insert,0,0,0.000000,enabled
1782985152.702,2026-07-02 09:39:12.704,ibuf_size,1,1,0.000366,enabled
1782985152.702,2026-07-02 09:39:12.704,innodb_activity_count,20152538,20152538,7383.875375,enabled
1782985152.702,2026-07-02 09:39:12.704,innodb_dblwr_pages_written,31749985,31749985,11633.171519,enabled
1782985152.702,2026-07-02 09:39:12.704,innodb_dblwr_writes,661719,661719,242.453363,enabled
1782985152.702,2026-07-02 09:39:12.704,innodb_page_size,16384,16384,0.000000,enabled
1782985152.702,2026-07-02 09:39:12.704,innodb_rwlock_sx_os_waits,0,0,0.000000,enabled
1782985152.702,2026-07-02 09:39:12.704,innodb_rwlock_sx_spin_rounds,0,0,0.000000,enabled
1782985152.702,2026-07-02 09:39:12.704,innodb_rwlock_sx_spin_waits,0,0,0.000000,enabled
1782985152.702,2026-07-02 09:39:12.704,innodb_rwlock_s_os_waits,0,0,0.000000,enabled
1782985152.702,2026-07-02 09:39:12.704,innodb_rwlock_s_spin_rounds,0,0,0.000000,enabled
1782985152.702,2026-07-02 09:39:12.704,innodb_rwlock_s_spin_waits,0,0,0.000000,enabled
1782985152.702,2026-07-02 09:39:12.704,innodb_rwlock_x_os_waits,0,0,0.000000,enabled
1782985152.702,2026-07-02 09:39:12.704,innodb_rwlock_x_spin_rounds,0,0,0.000000,enabled
1782985152.702,2026-07-02 09:39:12.704,innodb_rwlock_x_spin_waits,0,0,0.000000,enabled
1782985152.702,2026-07-02 09:39:12.704,lock_deadlocks,0,0,0.000000,enabled
1782985152.702,2026-07-02 09:39:12.704,lock_deadlock_false_positives,0,0,0.000000,enabled
1782985152.702,2026-07-02 09:39:12.704,lock_deadlock_rounds,2966,2966,1.086740,enabled
1782985152.702,2026-07-02 09:39:12.704,lock_rec_grant_attempts,425,425,0.155720,enabled
1782985152.702,2026-07-02 09:39:12.704,lock_rec_release_attempts,45619902,45619902,16715.101751,enabled
1782985152.702,2026-07-02 09:39:12.704,lock_row_lock_current_waits,0,0,0.000000,enabled
1782985152.702,2026-07-02 09:39:12.704,lock_row_lock_time,323,323,0.118347,enabled
1782985152.702,2026-07-02 09:39:12.704,lock_row_lock_time_avg,0,0,0.000000,enabled
1782985152.702,2026-07-02 09:39:12.704,lock_row_lock_time_max,29,29,0.000000,enabled
1782985152.702,2026-07-02 09:39:12.704,lock_row_lock_waits,425,425,0.155720,enabled
1782985152.702,2026-07-02 09:39:12.704,lock_schedule_refreshes,2966,2966,1.086740,enabled
1782985152.702,2026-07-02 09:39:12.704,lock_threads_waiting,0,0,0.000000,enabled
1782985152.702,2026-07-02 09:39:12.704,lock_timeouts,0,0,0.000000,enabled
1782985152.702,2026-07-02 09:39:12.704,log_waits,0,0,0.000000,enabled
1782985152.702,2026-07-02 09:39:12.704,log_writes,230235109,230235109,84357.980659,enabled
1782985152.702,2026-07-02 09:39:12.704,log_write_requests,439852910,439852910,161161.794371,enabled
1782985152.702,2026-07-02 09:39:12.704,os_data_fsyncs,68095186,68095186,24950.028440,enabled
1782985152.702,2026-07-02 09:39:12.704,os_data_reads,97885398,97885398,35865.141290,enabled
1782985152.702,2026-07-02 09:39:12.704,os_data_writes,262936304,262936304,96339.677625,enabled
1782985152.702,2026-07-02 09:39:12.704,os_log_bytes_written,142794161152,142794161152,52319680.529200,enabled
1782985152.702,2026-07-02 09:39:12.704,os_log_fsyncs,59268670,59268670,21715.999115,enabled
1782985152.702,2026-07-02 09:39:12.704,os_log_pending_fsyncs,1,1,0.000366,enabled
1782985152.702,2026-07-02 09:39:12.704,os_log_pending_writes,0,0,0.000000,enabled
1782985152.702,2026-07-02 09:39:12.704,trx_rseg_history_len,614,614,0.000000,enabled
1782985153.775,2026-07-02 09:39:13.776,adaptive_hash_searches,0,0,0.000000,enabled
1782985153.775,2026-07-02 09:39:13.776,adaptive_hash_searches_btree,662708466,662708466,242720.586483,enabled
1782985153.775,2026-07-02 09:39:13.776,buffer_data_reads,1599817599488,1599817599488,585941977.470963,enabled
1782985153.775,2026-07-02 09:39:13.776,buffer_data_written,702208569856,702208569856,257187743.085223,enabled
1782985153.775,2026-07-02 09:39:13.776,buffer_pages0_read,7,7,0.002564,enabled
1782985153.775,2026-07-02 09:39:13.776,buffer_pages_created,1826942,1826942,669.127541,enabled
1782985153.775,2026-07-02 09:39:13.776,buffer_pages_read,97920479,97920479,35863.912992,enabled
1782985153.775,2026-07-02 09:39:13.776,buffer_pages_written,31826221,31826221,11656.528193,enabled
1782985153.775,2026-07-02 09:39:13.776,buffer_pool_bytes_data,12853739520,12853739520,0.000000,enabled
1782985153.775,2026-07-02 09:39:13.776,buffer_pool_bytes_dirty,4644716544,4644716544,0.000000,enabled
1782985153.775,2026-07-02 09:39:13.776,buffer_pool_pages_data,784530,784530,0.000000,enabled
1782985153.775,2026-07-02 09:39:13.776,buffer_pool_pages_dirty,283491,283491,0.000000,enabled
1782985153.775,2026-07-02 09:39:13.776,buffer_pool_pages_flushed,31769107,31769107,0.000000,enabled
1782985153.775,2026-07-02 09:39:13.776,buffer_pool_pages_free,1806,1806,0.000000,enabled
1782985153.775,2026-07-02 09:39:13.776,buffer_pool_pages_lru_flushed,0,0,0.000000,enabled
1782985153.775,2026-07-02 09:39:13.776,buffer_pool_pages_misc,96,96,0.000000,enabled
1782985153.775,2026-07-02 09:39:13.776,buffer_pool_pages_total,786432,786432,0.000000,enabled
1782985153.775,2026-07-02 09:39:13.776,buffer_pool_reads,97000518,97000518,35526.973259,enabled
1782985153.775,2026-07-02 09:39:13.776,buffer_pool_read_ahead,803715,803715,294.365037,enabled
1782985153.775,2026-07-02 09:39:13.776,buffer_pool_read_ahead_evicted,25,25,0.009156,enabled
1782985153.775,2026-07-02 09:39:13.776,buffer_pool_read_requests,3200868668,3200868668,1172335.750929,enabled
1782985153.775,2026-07-02 09:39:13.776,buffer_pool_size,12884901888,12884901888,0.000000,enabled
1782985153.775,2026-07-02 09:39:13.776,buffer_pool_wait_free,18945,18945,6.938710,enabled
1782985153.775,2026-07-02 09:39:13.776,buffer_pool_write_requests,648948272,648948272,237680.872957,enabled
1782985153.775,2026-07-02 09:39:13.776,dml_deletes,15013630,15013630,5498.823658,enabled
1782985153.775,2026-07-02 09:39:13.776,dml_inserts,114899035,114899035,42082.396622,enabled
1782985153.775,2026-07-02 09:39:13.776,dml_system_deletes,468,468,0.171408,enabled
1782985153.775,2026-07-02 09:39:13.776,dml_system_inserts,1202,1202,0.440239,enabled
1782985153.775,2026-07-02 09:39:13.776,dml_system_reads,7661,7661,2.805883,enabled
1782985153.775,2026-07-02 09:39:13.776,dml_system_updates,620,620,0.227078,enabled
1782985153.775,2026-07-02 09:39:13.776,dml_updates,30027388,30027388,10997.694188,enabled
1782985153.775,2026-07-02 09:39:13.776,file_num_open_files,35,35,0.000000,enabled
1782985153.775,2026-07-02 09:39:13.776,ibuf_merges,0,0,0.000000,enabled
1782985153.775,2026-07-02 09:39:13.776,ibuf_merges_delete,0,0,0.000000,enabled
1782985153.775,2026-07-02 09:39:13.776,ibuf_merges_delete_mark,0,0,0.000000,enabled
1782985153.775,2026-07-02 09:39:13.776,ibuf_merges_discard_delete,0,0,0.000000,enabled
1782985153.775,2026-07-02 09:39:13.776,ibuf_merges_discard_delete_mark,0,0,0.000000,enabled
1782985153.775,2026-07-02 09:39:13.776,ibuf_merges_discard_insert,0,0,0.000000,enabled
1782985153.775,2026-07-02 09:39:13.776,ibuf_merges_insert,0,0,0.000000,enabled
1782985153.775,2026-07-02 09:39:13.776,ibuf_size,1,1,0.000366,enabled
1782985153.775,2026-07-02 09:39:13.776,innodb_activity_count,20158229,20158229,7383.061129,enabled
1782985153.775,2026-07-02 09:39:13.776,innodb_dblwr_pages_written,31766593,31766593,11634.687585,enabled
1782985153.775,2026-07-02 09:39:13.776,innodb_dblwr_writes,662096,662096,242.496264,enabled
1782985153.775,2026-07-02 09:39:13.776,innodb_page_size,16384,16384,0.000000,enabled
1782985153.775,2026-07-02 09:39:13.776,innodb_rwlock_sx_os_waits,0,0,0.000000,enabled
1782985153.775,2026-07-02 09:39:13.776,innodb_rwlock_sx_spin_rounds,0,0,0.000000,enabled
1782985153.775,2026-07-02 09:39:13.776,innodb_rwlock_sx_spin_waits,0,0,0.000000,enabled
1782985153.775,2026-07-02 09:39:13.776,innodb_rwlock_s_os_waits,0,0,0.000000,enabled
1782985153.775,2026-07-02 09:39:13.776,innodb_rwlock_s_spin_rounds,0,0,0.000000,enabled
1782985153.775,2026-07-02 09:39:13.776,innodb_rwlock_s_spin_waits,0,0,0.000000,enabled
1782985153.775,2026-07-02 09:39:13.776,innodb_rwlock_x_os_waits,0,0,0.000000,enabled
1782985153.775,2026-07-02 09:39:13.776,innodb_rwlock_x_spin_rounds,0,0,0.000000,enabled
1782985153.775,2026-07-02 09:39:13.776,innodb_rwlock_x_spin_waits,0,0,0.000000,enabled
1782985153.775,2026-07-02 09:39:13.776,lock_deadlocks,0,0,0.000000,enabled
1782985153.775,2026-07-02 09:39:13.776,lock_deadlock_false_positives,0,0,0.000000,enabled
1782985153.775,2026-07-02 09:39:13.776,lock_deadlock_rounds,2967,2967,1.086680,enabled
1782985153.775,2026-07-02 09:39:13.776,lock_rec_grant_attempts,425,425,0.155659,enabled
1782985153.775,2026-07-02 09:39:13.776,lock_rec_release_attempts,45634945,45634945,16714.049788,enabled
1782985153.775,2026-07-02 09:39:13.776,lock_row_lock_current_waits,0,0,0.000000,enabled
1782985153.775,2026-07-02 09:39:13.776,lock_row_lock_time,323,323,0.118301,enabled
1782985153.775,2026-07-02 09:39:13.776,lock_row_lock_time_avg,0,0,0.000000,enabled
1782985153.775,2026-07-02 09:39:13.776,lock_row_lock_time_max,29,29,0.000000,enabled
1782985153.775,2026-07-02 09:39:13.776,lock_row_lock_waits,425,425,0.155659,enabled
1782985153.775,2026-07-02 09:39:13.776,lock_schedule_refreshes,2967,2967,1.086680,enabled
1782985153.775,2026-07-02 09:39:13.776,lock_threads_waiting,0,0,0.000000,enabled
1782985153.775,2026-07-02 09:39:13.776,lock_timeouts,0,0,0.000000,enabled
1782985153.775,2026-07-02 09:39:13.776,log_waits,0,0,0.000000,enabled
1782985153.775,2026-07-02 09:39:13.776,log_writes,230316297,230316297,84354.601061,enabled
1782985153.775,2026-07-02 09:39:13.776,log_write_requests,439936914,439936914,161129.296950,enabled
1782985153.775,2026-07-02 09:39:13.776,os_data_fsyncs,68130486,68130486,24953.163140,enabled
1782985153.775,2026-07-02 09:39:13.776,os_data_reads,97943090,97943090,35872.192461,enabled
1782985153.775,2026-07-02 09:39:13.776,os_data_writes,263034366,263034366,96337.775289,enabled
1782985153.775,2026-07-02 09:39:13.776,os_log_bytes_written,142836481024,142836481024,52314642.345888,enabled
1782985153.775,2026-07-02 09:39:13.776,os_log_fsyncs,59298834,59298834,21718.522242,enabled
1782985153.775,2026-07-02 09:39:13.776,os_log_pending_fsyncs,1,1,0.000366,enabled
1782985153.775,2026-07-02 09:39:13.776,os_log_pending_writes,0,0,0.000000,enabled
1782985153.775,2026-07-02 09:39:13.776,trx_rseg_history_len,730,730,0.000000,enabled
1782985154.846,2026-07-02 09:39:14.848,adaptive_hash_searches,0,0,0.000000,enabled
1782985154.846,2026-07-02 09:39:14.848,adaptive_hash_searches_btree,662878349,662878349,242687.505732,enabled
1782985154.846,2026-07-02 09:39:14.848,buffer_data_reads,1600757516800,1600757516800,586056088.529698,enabled
1782985154.846,2026-07-02 09:39:14.848,buffer_data_written,702525857280,702525857280,257202950.136662,enabled
1782985154.846,2026-07-02 09:39:14.848,buffer_pages0_read,7,7,0.002563,enabled
1782985154.846,2026-07-02 09:39:14.848,buffer_pages_created,1826976,1826976,668.877332,enabled
1782985154.846,2026-07-02 09:39:14.848,buffer_pages_read,97978008,97978008,35870.897130,enabled
1782985154.846,2026-07-02 09:39:14.848,buffer_pages_written,31842651,31842651,11657.967793,enabled
1782985154.846,2026-07-02 09:39:14.848,buffer_pool_bytes_data,12851200000,12851200000,0.000000,enabled
1782985154.846,2026-07-02 09:39:14.848,buffer_pool_bytes_dirty,4644519936,4644519936,0.000000,enabled
1782985154.846,2026-07-02 09:39:14.848,buffer_pool_pages_data,784375,784375,0.000000,enabled
1782985154.846,2026-07-02 09:39:14.848,buffer_pool_pages_dirty,283479,283479,0.000000,enabled
1782985154.846,2026-07-02 09:39:14.848,buffer_pool_pages_flushed,31785537,31785537,0.000000,enabled
1782985154.846,2026-07-02 09:39:14.848,buffer_pool_pages_free,1959,1959,0.000000,enabled
1782985154.846,2026-07-02 09:39:14.848,buffer_pool_pages_lru_flushed,0,0,0.000000,enabled
1782985154.846,2026-07-02 09:39:14.848,buffer_pool_pages_misc,96,96,0.000000,enabled
1782985154.846,2026-07-02 09:39:14.848,buffer_pool_pages_total,786432,786432,0.000000,enabled
1782985154.846,2026-07-02 09:39:14.848,buffer_pool_reads,97057984,97057984,35534.066711,enabled
1782985154.846,2026-07-02 09:39:14.848,buffer_pool_read_ahead,803715,803715,294.249488,enabled
1782985154.846,2026-07-02 09:39:14.848,buffer_pool_read_ahead_evicted,25,25,0.009153,enabled
1782985154.846,2026-07-02 09:39:14.848,buffer_pool_read_requests,3201709657,3201709657,1172183.465363,enabled
1782985154.846,2026-07-02 09:39:14.848,buffer_pool_size,12884901888,12884901888,0.000000,enabled
1782985154.846,2026-07-02 09:39:14.848,buffer_pool_wait_free,18945,18945,6.935987,enabled
1782985154.846,2026-07-02 09:39:14.848,buffer_pool_write_requests,649061978,649061978,237629.204258,enabled
1782985154.846,2026-07-02 09:39:14.848,dml_deletes,15018541,15018541,5498.463135,enabled
1782985154.846,2026-07-02 09:39:14.848,dml_inserts,114903947,114903947,42067.676022,enabled
1782985154.846,2026-07-02 09:39:14.848,dml_system_deletes,468,468,0.171340,enabled
1782985154.846,2026-07-02 09:39:14.848,dml_system_inserts,1202,1202,0.440066,enabled
1782985154.846,2026-07-02 09:39:14.848,dml_system_reads,7661,7661,2.804782,enabled
1782985154.846,2026-07-02 09:39:14.848,dml_system_updates,620,620,0.226989,enabled
1782985154.846,2026-07-02 09:39:14.848,dml_updates,30037209,30037209,10996.972755,enabled
1782985154.846,2026-07-02 09:39:14.848,file_num_open_files,35,35,0.000000,enabled
1782985154.846,2026-07-02 09:39:14.848,ibuf_merges,0,0,0.000000,enabled
1782985154.846,2026-07-02 09:39:14.848,ibuf_merges_delete,0,0,0.000000,enabled
1782985154.846,2026-07-02 09:39:14.848,ibuf_merges_delete_mark,0,0,0.000000,enabled
1782985154.846,2026-07-02 09:39:14.848,ibuf_merges_discard_delete,0,0,0.000000,enabled
1782985154.846,2026-07-02 09:39:14.848,ibuf_merges_discard_delete_mark,0,0,0.000000,enabled
1782985154.846,2026-07-02 09:39:14.848,ibuf_merges_discard_insert,0,0,0.000000,enabled
1782985154.846,2026-07-02 09:39:14.848,ibuf_merges_insert,0,0,0.000000,enabled
1782985154.846,2026-07-02 09:39:14.848,ibuf_size,1,1,0.000366,enabled
1782985154.846,2026-07-02 09:39:14.848,innodb_activity_count,20163870,20163870,7382.228231,enabled
1782985154.846,2026-07-02 09:39:14.848,innodb_dblwr_pages_written,31783023,31783023,11636.135737,enabled
1782985154.846,2026-07-02 09:39:14.848,innodb_dblwr_writes,662461,662461,242.534705,enabled
1782985154.846,2026-07-02 09:39:14.848,innodb_page_size,16384,16384,0.000000,enabled
1782985154.846,2026-07-02 09:39:14.848,innodb_rwlock_sx_os_waits,0,0,0.000000,enabled
1782985154.846,2026-07-02 09:39:14.848,innodb_rwlock_sx_spin_rounds,0,0,0.000000,enabled
1782985154.846,2026-07-02 09:39:14.848,innodb_rwlock_sx_spin_waits,0,0,0.000000,enabled
1782985154.846,2026-07-02 09:39:14.848,innodb_rwlock_s_os_waits,0,0,0.000000,enabled
1782985154.846,2026-07-02 09:39:14.848,innodb_rwlock_s_spin_rounds,0,0,0.000000,enabled
1782985154.846,2026-07-02 09:39:14.848,innodb_rwlock_s_spin_waits,0,0,0.000000,enabled
1782985154.846,2026-07-02 09:39:14.848,innodb_rwlock_x_os_waits,0,0,0.000000,enabled
1782985154.846,2026-07-02 09:39:14.848,innodb_rwlock_x_spin_rounds,0,0,0.000000,enabled
1782985154.846,2026-07-02 09:39:14.848,innodb_rwlock_x_spin_waits,0,0,0.000000,enabled
1782985154.846,2026-07-02 09:39:14.848,lock_deadlocks,0,0,0.000000,enabled
1782985154.846,2026-07-02 09:39:14.848,lock_deadlock_false_positives,0,0,0.000000,enabled
1782985154.846,2026-07-02 09:39:14.848,lock_deadlock_rounds,2968,2968,1.086620,enabled
1782985154.846,2026-07-02 09:39:14.848,lock_rec_grant_attempts,425,425,0.155597,enabled
1782985154.846,2026-07-02 09:39:14.848,lock_rec_release_attempts,45649879,45649879,16712.956472,enabled
1782985154.846,2026-07-02 09:39:14.848,lock_row_lock_current_waits,0,0,0.000000,enabled
1782985154.846,2026-07-02 09:39:14.848,lock_row_lock_time,323,323,0.118254,enabled
1782985154.846,2026-07-02 09:39:14.848,lock_row_lock_time_avg,0,0,0.000000,enabled
1782985154.846,2026-07-02 09:39:14.848,lock_row_lock_time_max,29,29,0.000000,enabled
1782985154.846,2026-07-02 09:39:14.848,lock_row_lock_waits,425,425,0.155597,enabled
1782985154.846,2026-07-02 09:39:14.848,lock_schedule_refreshes,2968,2968,1.086620,enabled
1782985154.846,2026-07-02 09:39:14.848,lock_threads_waiting,0,0,0.000000,enabled
1782985154.846,2026-07-02 09:39:14.848,lock_timeouts,0,0,0.000000,enabled
1782985154.846,2026-07-02 09:39:14.848,log_waits,0,0,0.000000,enabled
1782985154.846,2026-07-02 09:39:14.848,log_writes,230397146,230397146,84351.088446,enabled
1782985154.846,2026-07-02 09:39:14.848,log_write_requests,440020336,440020336,161096.588857,enabled
1782985154.846,2026-07-02 09:39:14.848,os_data_fsyncs,68165132,68165132,24956.052332,enabled
1782985154.846,2026-07-02 09:39:14.848,os_data_reads,98000458,98000458,35879.114283,enabled
1782985154.846,2026-07-02 09:39:14.848,os_data_writes,263131930,263131930,96335.678173,enabled
1782985154.846,2026-07-02 09:39:14.848,os_log_bytes_written,142878727680,142878727680,52309573.754484,enabled
1782985154.846,2026-07-02 09:39:14.848,os_log_fsyncs,59328484,59328484,21720.852067,enabled
1782985154.846,2026-07-02 09:39:14.848,os_log_pending_fsyncs,0,0,0.000000,enabled
1782985154.846,2026-07-02 09:39:14.848,os_log_pending_writes,0,0,0.000000,enabled
1782985154.846,2026-07-02 09:39:14.848,trx_rseg_history_len,830,830,0.000000,enabled
1782985155.919,2026-07-02 09:39:15.920,adaptive_hash_searches,0,0,0.000000,enabled
1782985155.919,2026-07-02 09:39:15.920,adaptive_hash_searches_btree,663050716,663050716,242655.050559,enabled
1782985155.919,2026-07-02 09:39:15.920,buffer_data_reads,1601713719808,1601713719808,586175319.255052,enabled
1782985155.919,2026-07-02 09:39:15.920,buffer_data_written,702844722176,702844722176,257218393.060097,enabled
1782985155.919,2026-07-02 09:39:15.920,buffer_pages0_read,7,7,0.002562,enabled
1782985155.919,2026-07-02 09:39:15.920,buffer_pages_created,1827006,1827006,668.624998,enabled
1782985155.919,2026-07-02 09:39:15.920,buffer_pages_read,98036542,98036542,35878.197644,enabled
1782985155.919,2026-07-02 09:39:15.920,buffer_pages_written,31859136,31859136,11659.411461,enabled
1782985155.919,2026-07-02 09:39:15.920,buffer_pool_bytes_data,12852346880,12852346880,0.000000,enabled
1782985155.919,2026-07-02 09:39:15.920,buffer_pool_bytes_dirty,4649025536,4649025536,0.000000,enabled
1782985155.919,2026-07-02 09:39:15.920,buffer_pool_pages_data,784445,784445,0.000000,enabled
1782985155.919,2026-07-02 09:39:15.920,buffer_pool_pages_dirty,283754,283754,0.000000,enabled
1782985155.919,2026-07-02 09:39:15.920,buffer_pool_pages_flushed,31801974,31801974,0.000000,enabled
1782985155.919,2026-07-02 09:39:15.920,buffer_pool_pages_free,1891,1891,0.000000,enabled
1782985155.919,2026-07-02 09:39:15.920,buffer_pool_pages_lru_flushed,0,0,0.000000,enabled
1782985155.919,2026-07-02 09:39:15.920,buffer_pool_pages_misc,97,97,0.000000,enabled
1782985155.919,2026-07-02 09:39:15.920,buffer_pool_pages_total,786432,786432,0.000000,enabled
1782985155.919,2026-07-02 09:39:15.920,buffer_pool_reads,97116451,97116451,35541.475145,enabled
1782985155.919,2026-07-02 09:39:15.920,buffer_pool_read_ahead,803715,803715,294.133653,enabled
1782985155.919,2026-07-02 09:39:15.920,buffer_pool_read_ahead_evicted,25,25,0.009149,enabled
1782985155.919,2026-07-02 09:39:15.920,buffer_pool_read_requests,3202562365,3202562365,1172034.079362,enabled
1782985155.919,2026-07-02 09:39:15.920,buffer_pool_size,12884901888,12884901888,0.000000,enabled
1782985155.919,2026-07-02 09:39:15.920,buffer_pool_wait_free,18945,18945,6.933256,enabled
1782985155.919,2026-07-02 09:39:15.920,buffer_pool_write_requests,649176789,649176789,237577.674702,enabled
1782985155.919,2026-07-02 09:39:15.920,dml_deletes,15023526,15023526,5498.122994,enabled
1782985155.919,2026-07-02 09:39:15.920,dml_inserts,114908932,114908932,42052.940289,enabled
1782985155.919,2026-07-02 09:39:15.920,dml_system_deletes,468,468,0.171273,enabled
1782985155.919,2026-07-02 09:39:15.920,dml_system_inserts,1202,1202,0.439893,enabled
1782985155.919,2026-07-02 09:39:15.920,dml_system_reads,7661,7661,2.803677,enabled
1782985155.919,2026-07-02 09:39:15.920,dml_system_updates,620,620,0.226900,enabled
1782985155.919,2026-07-02 09:39:15.920,dml_updates,30047183,30047183,10996.293923,enabled
1782985155.919,2026-07-02 09:39:15.920,file_num_open_files,35,35,0.000000,enabled
1782985155.919,2026-07-02 09:39:15.920,ibuf_merges,0,0,0.000000,enabled
1782985155.919,2026-07-02 09:39:15.920,ibuf_merges_delete,0,0,0.000000,enabled
1782985155.919,2026-07-02 09:39:15.920,ibuf_merges_delete_mark,0,0,0.000000,enabled
1782985155.919,2026-07-02 09:39:15.920,ibuf_merges_discard_delete,0,0,0.000000,enabled
1782985155.919,2026-07-02 09:39:15.920,ibuf_merges_discard_delete_mark,0,0,0.000000,enabled
1782985155.919,2026-07-02 09:39:15.920,ibuf_merges_discard_insert,0,0,0.000000,enabled
1782985155.919,2026-07-02 09:39:15.920,ibuf_merges_insert,0,0,0.000000,enabled
1782985155.919,2026-07-02 09:39:15.920,ibuf_size,1,1,0.000366,enabled
1782985155.919,2026-07-02 09:39:15.920,innodb_activity_count,20169601,20169601,7381.419534,enabled
1782985155.919,2026-07-02 09:39:15.920,innodb_dblwr_pages_written,31799525,31799525,11637.594314,enabled
1782985155.919,2026-07-02 09:39:15.920,innodb_dblwr_writes,662807,662807,242.565855,enabled
1782985155.919,2026-07-02 09:39:15.920,innodb_page_size,16384,16384,0.000000,enabled
1782985155.919,2026-07-02 09:39:15.920,innodb_rwlock_sx_os_waits,0,0,0.000000,enabled
1782985155.919,2026-07-02 09:39:15.920,innodb_rwlock_sx_spin_rounds,0,0,0.000000,enabled
1782985155.919,2026-07-02 09:39:15.920,innodb_rwlock_sx_spin_waits,0,0,0.000000,enabled
1782985155.919,2026-07-02 09:39:15.920,innodb_rwlock_s_os_waits,0,0,0.000000,enabled
1782985155.919,2026-07-02 09:39:15.920,innodb_rwlock_s_spin_rounds,0,0,0.000000,enabled
1782985155.919,2026-07-02 09:39:15.920,innodb_rwlock_s_spin_waits,0,0,0.000000,enabled
1782985155.919,2026-07-02 09:39:15.920,innodb_rwlock_x_os_waits,0,0,0.000000,enabled
1782985155.919,2026-07-02 09:39:15.920,innodb_rwlock_x_spin_rounds,0,0,0.000000,enabled
1782985155.919,2026-07-02 09:39:15.920,innodb_rwlock_x_spin_waits,0,0,0.000000,enabled
1782985155.919,2026-07-02 09:39:15.920,lock_deadlocks,0,0,0.000000,enabled
1782985155.919,2026-07-02 09:39:15.920,lock_deadlock_false_positives,0,0,0.000000,enabled
1782985155.919,2026-07-02 09:39:15.920,lock_deadlock_rounds,2969,2969,1.086558,enabled
1782985155.919,2026-07-02 09:39:15.920,lock_rec_grant_attempts,425,425,0.155536,enabled
1782985155.919,2026-07-02 09:39:15.920,lock_rec_release_attempts,45665032,45665032,16711.922641,enabled
1782985155.919,2026-07-02 09:39:15.920,lock_row_lock_current_waits,0,0,0.000000,enabled
1782985155.919,2026-07-02 09:39:15.920,lock_row_lock_time,323,323,0.118208,enabled
1782985155.919,2026-07-02 09:39:15.920,lock_row_lock_time_avg,0,0,0.000000,enabled
1782985155.919,2026-07-02 09:39:15.920,lock_row_lock_time_max,29,29,0.000000,enabled
1782985155.919,2026-07-02 09:39:15.920,lock_row_lock_waits,425,425,0.155536,enabled
1782985155.919,2026-07-02 09:39:15.920,lock_schedule_refreshes,2969,2969,1.086558,enabled
1782985155.919,2026-07-02 09:39:15.920,lock_threads_waiting,0,0,0.000000,enabled
1782985155.919,2026-07-02 09:39:15.920,lock_timeouts,0,0,0.000000,enabled
1782985155.919,2026-07-02 09:39:15.920,log_waits,0,0,0.000000,enabled
1782985155.919,2026-07-02 09:39:15.920,log_writes,230478729,230478729,84347.739411,enabled
1782985155.919,2026-07-02 09:39:15.920,log_write_requests,440104917,440104917,161064.125226,enabled
1782985155.919,2026-07-02 09:39:15.920,os_data_fsyncs,68200470,68200470,24959.160623,enabled
1782985155.919,2026-07-02 09:39:15.920,os_data_reads,98058839,98058839,35886.355578,enabled
1782985155.919,2026-07-02 09:39:15.920,os_data_writes,263230296,263230296,96333.753190,enabled
1782985155.919,2026-07-02 09:39:15.920,os_log_bytes_written,142921211392,142921211392,52304529.069128,enabled
1782985155.919,2026-07-02 09:39:15.920,os_log_fsyncs,59358892,59358892,21723.429706,enabled
1782985155.919,2026-07-02 09:39:15.920,os_log_pending_fsyncs,1,1,0.000366,enabled
1782985155.919,2026-07-02 09:39:15.920,os_log_pending_writes,1,1,0.000366,enabled
1782985155.919,2026-07-02 09:39:15.920,trx_rseg_history_len,989,989,0.000000,enabled
1782985156.995,2026-07-02 09:39:16.996,adaptive_hash_searches,0,0,0.000000,enabled
1782985156.995,2026-07-02 09:39:16.996,adaptive_hash_searches_btree,663221845,663221845,242622.836697,enabled
1782985156.995,2026-07-02 09:39:16.996,buffer_data_reads,1602666203648,1602666203648,586294718.563776,enabled
1782985156.995,2026-07-02 09:39:16.996,buffer_data_written,703162804736,703162804736,257234249.706768,enabled
1782985156.995,2026-07-02 09:39:16.996,buffer_pages0_read,7,7,0.002561,enabled
1782985156.995,2026-07-02 09:39:16.996,buffer_pages_created,1827043,1827043,668.377275,enabled
1782985156.995,2026-07-02 09:39:16.996,buffer_pages_read,98094829,98094829,35885.501374,enabled
1782985156.995,2026-07-02 09:39:16.996,buffer_pages_written,31875614,31875614,11660.883710,enabled
1782985156.995,2026-07-02 09:39:16.996,buffer_pool_bytes_data,12852084736,12852084736,0.000000,enabled
1782985156.995,2026-07-02 09:39:16.996,buffer_pool_bytes_dirty,4651876352,4651876352,0.000000,enabled
1782985156.995,2026-07-02 09:39:16.996,buffer_pool_pages_data,784429,784429,0.000000,enabled
1782985156.995,2026-07-02 09:39:16.996,buffer_pool_pages_dirty,283927,283927,0.000000,enabled
1782985156.995,2026-07-02 09:39:16.996,buffer_pool_pages_flushed,31818500,31818500,0.000000,enabled
1782985156.995,2026-07-02 09:39:16.996,buffer_pool_pages_free,1905,1905,0.000000,enabled
1782985156.995,2026-07-02 09:39:16.996,buffer_pool_pages_lru_flushed,0,0,0.000000,enabled
1782985156.995,2026-07-02 09:39:16.996,buffer_pool_pages_misc,96,96,0.000000,enabled
1782985156.995,2026-07-02 09:39:16.996,buffer_pool_pages_total,786432,786432,0.000000,enabled
1782985156.995,2026-07-02 09:39:16.996,buffer_pool_reads,97174681,97174681,35548.889745,enabled
1782985156.995,2026-07-02 09:39:16.996,buffer_pool_read_ahead,803715,803715,294.018724,enabled
1782985156.995,2026-07-02 09:39:16.996,buffer_pool_read_ahead_evicted,25,25,0.009146,enabled
1782985156.995,2026-07-02 09:39:16.996,buffer_pool_read_requests,3203409609,3203409609,1171886.064937,enabled
1782985156.995,2026-07-02 09:39:16.996,buffer_pool_size,12884901888,12884901888,0.000000,enabled
1782985156.995,2026-07-02 09:39:16.996,buffer_pool_wait_free,18945,18945,6.930547,enabled
1782985156.995,2026-07-02 09:39:16.996,buffer_pool_write_requests,649291114,649291114,237526.667158,enabled
1782985156.995,2026-07-02 09:39:16.996,dml_deletes,15028478,15028478,5497.786151,enabled
1782985156.995,2026-07-02 09:39:16.996,dml_inserts,114913883,114913883,42038.319186,enabled
1782985156.995,2026-07-02 09:39:16.996,dml_system_deletes,468,468,0.171206,enabled
1782985156.995,2026-07-02 09:39:16.996,dml_system_inserts,1202,1202,0.439721,enabled
1782985156.995,2026-07-02 09:39:16.996,dml_system_reads,7661,7661,2.802582,enabled
1782985156.995,2026-07-02 09:39:16.996,dml_system_updates,620,620,0.226811,enabled
1782985156.995,2026-07-02 09:39:16.996,dml_updates,30057091,30057091,10995.621679,enabled
1782985156.995,2026-07-02 09:39:16.996,file_num_open_files,35,35,0.000000,enabled
1782985156.995,2026-07-02 09:39:16.996,ibuf_merges,0,0,0.000000,enabled
1782985156.995,2026-07-02 09:39:16.996,ibuf_merges_delete,0,0,0.000000,enabled
1782985156.995,2026-07-02 09:39:16.996,ibuf_merges_delete_mark,0,0,0.000000,enabled
1782985156.995,2026-07-02 09:39:16.996,ibuf_merges_discard_delete,0,0,0.000000,enabled
1782985156.995,2026-07-02 09:39:16.996,ibuf_merges_discard_delete_mark,0,0,0.000000,enabled
1782985156.995,2026-07-02 09:39:16.996,ibuf_merges_discard_insert,0,0,0.000000,enabled
1782985156.995,2026-07-02 09:39:16.996,ibuf_merges_insert,0,0,0.000000,enabled
1782985156.995,2026-07-02 09:39:16.996,ibuf_size,1,1,0.000366,enabled
1782985156.995,2026-07-02 09:39:16.996,innodb_activity_count,20175288,20175288,7380.615690,enabled
1782985156.995,2026-07-02 09:39:16.996,innodb_dblwr_pages_written,31815986,31815986,11639.068744,enabled
1782985156.995,2026-07-02 09:39:16.996,innodb_dblwr_writes,663198,663198,242.614110,enabled
1782985156.995,2026-07-02 09:39:16.996,innodb_page_size,16384,16384,0.000000,enabled
1782985156.995,2026-07-02 09:39:16.996,innodb_rwlock_sx_os_waits,0,0,0.000000,enabled
1782985156.995,2026-07-02 09:39:16.996,innodb_rwlock_sx_spin_rounds,0,0,0.000000,enabled
1782985156.995,2026-07-02 09:39:16.996,innodb_rwlock_sx_spin_waits,0,0,0.000000,enabled
1782985156.995,2026-07-02 09:39:16.996,innodb_rwlock_s_os_waits,0,0,0.000000,enabled
1782985156.995,2026-07-02 09:39:16.996,innodb_rwlock_s_spin_rounds,0,0,0.000000,enabled
1782985156.995,2026-07-02 09:39:16.996,innodb_rwlock_s_spin_waits,0,0,0.000000,enabled
1782985156.995,2026-07-02 09:39:16.996,innodb_rwlock_x_os_waits,0,0,0.000000,enabled
1782985156.995,2026-07-02 09:39:16.996,innodb_rwlock_x_spin_rounds,0,0,0.000000,enabled
1782985156.995,2026-07-02 09:39:16.996,innodb_rwlock_x_spin_waits,0,0,0.000000,enabled
1782985156.995,2026-07-02 09:39:16.996,lock_deadlocks,0,0,0.000000,enabled
1782985156.995,2026-07-02 09:39:16.996,lock_deadlock_false_positives,0,0,0.000000,enabled
1782985156.995,2026-07-02 09:39:16.996,lock_deadlock_rounds,2970,2970,1.086499,enabled
1782985156.995,2026-07-02 09:39:16.996,lock_rec_grant_attempts,425,425,0.155475,enabled
1782985156.995,2026-07-02 09:39:16.996,lock_rec_release_attempts,45680101,45680101,16710.905287,enabled
1782985156.995,2026-07-02 09:39:16.996,lock_row_lock_current_waits,0,0,0.000000,enabled
1782985156.995,2026-07-02 09:39:16.996,lock_row_lock_time,323,323,0.118161,enabled
1782985156.995,2026-07-02 09:39:16.996,lock_row_lock_time_avg,0,0,0.000000,enabled
1782985156.995,2026-07-02 09:39:16.996,lock_row_lock_time_max,29,29,0.000000,enabled
1782985156.995,2026-07-02 09:39:16.996,lock_row_lock_waits,425,425,0.155475,enabled
1782985156.995,2026-07-02 09:39:16.996,lock_schedule_refreshes,2970,2970,1.086499,enabled
1782985156.995,2026-07-02 09:39:16.996,lock_threads_waiting,0,0,0.000000,enabled
1782985156.995,2026-07-02 09:39:16.996,lock_timeouts,0,0,0.000000,enabled
1782985156.995,2026-07-02 09:39:16.996,log_waits,0,0,0.000000,enabled
1782985156.995,2026-07-02 09:39:16.996,log_writes,230559281,230559281,84344.249268,enabled
1782985156.995,2026-07-02 09:39:16.996,log_write_requests,440188914,440188914,161031.919201,enabled
1782985156.995,2026-07-02 09:39:16.996,os_data_fsyncs,68236093,68236093,24962.439919,enabled
1782985156.995,2026-07-02 09:39:16.996,os_data_reads,98116973,98116973,35893.600282,enabled
1782985156.995,2026-07-02 09:39:16.996,os_data_writes,263327583,263327583,96331.701962,enabled
1782985156.995,2026-07-02 09:39:16.996,os_log_bytes_written,142963406848,142963406848,52299527.879670,enabled
1782985156.995,2026-07-02 09:39:16.996,os_log_fsyncs,59389271,59389271,21726.054944,enabled
1782985156.995,2026-07-02 09:39:16.996,os_log_pending_fsyncs,0,0,0.000000,enabled
1782985156.995,2026-07-02 09:39:16.996,os_log_pending_writes,0,0,0.000000,enabled
1782985156.995,2026-07-02 09:39:16.996,trx_rseg_history_len,1138,1138,0.000000,enabled
1782985158.062,2026-07-02 09:39:18.064,adaptive_hash_searches,0,0,0.000000,enabled
1782985158.062,2026-07-02 09:39:18.064,adaptive_hash_searches_btree,663392588,663392588,242590.359247,enabled
1782985158.062,2026-07-02 09:39:18.064,buffer_data_reads,1603613460992,1603613460992,586411751.626121,enabled
1782985158.062,2026-07-02 09:39:18.064,buffer_data_written,703480538624,703480538624,257249807.722773,enabled
1782985158.062,2026-07-02 09:39:18.064,buffer_pages0_read,7,7,0.002560,enabled
1782985158.062,2026-07-02 09:39:18.064,buffer_pages_created,1827071,1827071,668.126042,enabled
1782985158.062,2026-07-02 09:39:18.064,buffer_pages_read,98152796,98152796,35892.660257,enabled
1782985158.062,2026-07-02 09:39:18.064,buffer_pages_written,31892059,31892059,11662.335550,enabled
1782985158.062,2026-07-02 09:39:18.064,buffer_pool_bytes_data,12853592064,12853592064,0.000000,enabled
1782985158.062,2026-07-02 09:39:18.064,buffer_pool_bytes_dirty,4654645248,4654645248,0.000000,enabled
1782985158.062,2026-07-02 09:39:18.064,buffer_pool_pages_data,784520,784520,0.000000,enabled
1782985158.062,2026-07-02 09:39:18.064,buffer_pool_pages_dirty,284097,284097,0.000000,enabled
1782985158.062,2026-07-02 09:39:18.064,buffer_pool_pages_flushed,31834893,31834893,0.000000,enabled
1782985158.062,2026-07-02 09:39:18.064,buffer_pool_pages_free,1815,1815,0.000000,enabled
1782985158.062,2026-07-02 09:39:18.064,buffer_pool_pages_lru_flushed,0,0,0.000000,enabled
1782985158.062,2026-07-02 09:39:18.064,buffer_pool_pages_misc,97,97,0.000000,enabled
1782985158.062,2026-07-02 09:39:18.064,buffer_pool_pages_total,786432,786432,0.000000,enabled
1782985158.062,2026-07-02 09:39:18.064,buffer_pool_reads,97232602,97232602,35556.163484,enabled
1782985158.062,2026-07-02 09:39:18.064,buffer_pool_read_ahead,803715,803715,293.903702,enabled
1782985158.062,2026-07-02 09:39:18.064,buffer_pool_read_ahead_evicted,25,25,0.009142,enabled
1782985158.062,2026-07-02 09:39:18.064,buffer_pool_read_requests,3204258546,3204258546,1171738.057634,enabled
1782985158.062,2026-07-02 09:39:18.064,buffer_pool_size,12884901888,12884901888,0.000000,enabled
1782985158.062,2026-07-02 09:39:18.064,buffer_pool_wait_free,18945,18945,6.927836,enabled
1782985158.062,2026-07-02 09:39:18.064,buffer_pool_write_requests,649407965,649407965,237476.475763,enabled
1782985158.062,2026-07-02 09:39:18.064,dml_deletes,15033422,15033422,5497.443335,enabled
1782985158.062,2026-07-02 09:39:18.064,dml_inserts,114918828,114918828,42023.682010,enabled
1782985158.062,2026-07-02 09:39:18.064,dml_system_deletes,468,468,0.171139,enabled
1782985158.062,2026-07-02 09:39:18.064,dml_system_inserts,1202,1202,0.439549,enabled
1782985158.062,2026-07-02 09:39:18.064,dml_system_reads,7661,7661,2.801485,enabled
1782985158.062,2026-07-02 09:39:18.064,dml_system_updates,620,620,0.226722,enabled
1782985158.062,2026-07-02 09:39:18.064,dml_updates,30066973,30066973,10994.933833,enabled
1782985158.062,2026-07-02 09:39:18.064,file_num_open_files,35,35,0.000000,enabled
1782985158.062,2026-07-02 09:39:18.064,ibuf_merges,0,0,0.000000,enabled
1782985158.062,2026-07-02 09:39:18.064,ibuf_merges_delete,0,0,0.000000,enabled
1782985158.062,2026-07-02 09:39:18.064,ibuf_merges_delete_mark,0,0,0.000000,enabled
1782985158.062,2026-07-02 09:39:18.064,ibuf_merges_discard_delete,0,0,0.000000,enabled
1782985158.062,2026-07-02 09:39:18.064,ibuf_merges_discard_delete_mark,0,0,0.000000,enabled
1782985158.062,2026-07-02 09:39:18.064,ibuf_merges_discard_insert,0,0,0.000000,enabled
1782985158.062,2026-07-02 09:39:18.064,ibuf_merges_insert,0,0,0.000000,enabled
1782985158.062,2026-07-02 09:39:18.064,ibuf_size,1,1,0.000366,enabled
1782985158.062,2026-07-02 09:39:18.064,innodb_activity_count,20180974,20180974,7379.807637,enabled
1782985158.062,2026-07-02 09:39:18.064,innodb_dblwr_pages_written,31832444,31832444,11640.533908,enabled
1782985158.062,2026-07-02 09:39:18.064,innodb_dblwr_writes,663577,663577,242.657792,enabled
1782985158.062,2026-07-02 09:39:18.064,innodb_page_size,16384,16384,0.000000,enabled
1782985158.062,2026-07-02 09:39:18.064,innodb_rwlock_sx_os_waits,0,0,0.000000,enabled
1782985158.062,2026-07-02 09:39:18.064,innodb_rwlock_sx_spin_rounds,0,0,0.000000,enabled
1782985158.062,2026-07-02 09:39:18.064,innodb_rwlock_sx_spin_waits,0,0,0.000000,enabled
1782985158.062,2026-07-02 09:39:18.064,innodb_rwlock_s_os_waits,0,0,0.000000,enabled
1782985158.062,2026-07-02 09:39:18.064,innodb_rwlock_s_spin_rounds,0,0,0.000000,enabled
1782985158.062,2026-07-02 09:39:18.064,innodb_rwlock_s_spin_waits,0,0,0.000000,enabled
1782985158.062,2026-07-02 09:39:18.064,innodb_rwlock_x_os_waits,0,0,0.000000,enabled
1782985158.062,2026-07-02 09:39:18.064,innodb_rwlock_x_spin_rounds,0,0,0.000000,enabled
1782985158.062,2026-07-02 09:39:18.064,innodb_rwlock_x_spin_waits,0,0,0.000000,enabled
1782985158.062,2026-07-02 09:39:18.064,lock_deadlocks,0,0,0.000000,enabled
1782985158.062,2026-07-02 09:39:18.064,lock_deadlock_false_positives,0,0,0.000000,enabled
1782985158.062,2026-07-02 09:39:18.064,lock_deadlock_rounds,2971,2971,1.086440,enabled
1782985158.062,2026-07-02 09:39:18.064,lock_rec_grant_attempts,425,425,0.155415,enabled
1782985158.062,2026-07-02 09:39:18.064,lock_rec_release_attempts,45695127,45695127,16709.862649,enabled
1782985158.062,2026-07-02 09:39:18.064,lock_row_lock_current_waits,0,0,0.000000,enabled
1782985158.062,2026-07-02 09:39:18.064,lock_row_lock_time,323,323,0.118115,enabled
1782985158.062,2026-07-02 09:39:18.064,lock_row_lock_time_avg,0,0,0.000000,enabled
1782985158.062,2026-07-02 09:39:18.064,lock_row_lock_time_max,29,29,0.000000,enabled
1782985158.062,2026-07-02 09:39:18.064,lock_row_lock_waits,425,425,0.155415,enabled
1782985158.062,2026-07-02 09:39:18.064,lock_schedule_refreshes,2971,2971,1.086440,enabled
1782985158.062,2026-07-02 09:39:18.064,lock_threads_waiting,0,0,0.000000,enabled
1782985158.062,2026-07-02 09:39:18.064,lock_timeouts,0,0,0.000000,enabled
1782985158.062,2026-07-02 09:39:18.064,log_waits,0,0,0.000000,enabled
1782985158.062,2026-07-02 09:39:18.064,log_writes,230640097,230640097,84340.805912,enabled
1782985158.062,2026-07-02 09:39:18.064,log_write_requests,440273939,440273939,161000.014081,enabled
1782985158.062,2026-07-02 09:39:18.064,os_data_fsyncs,68271175,68271175,24965.503188,enabled
1782985158.062,2026-07-02 09:39:18.064,os_data_reads,98174780,98174780,35900.697274,enabled
1782985158.062,2026-07-02 09:39:18.064,os_data_writes,263425128,263425128,96329.686381,enabled
1782985158.062,2026-07-02 09:39:18.064,os_log_bytes_written,143005436416,143005436416,52294437.175275,enabled
1782985158.062,2026-07-02 09:39:18.064,os_log_fsyncs,59419093,59419093,21728.460831,enabled
1782985158.062,2026-07-02 09:39:18.064,os_log_pending_fsyncs,1,1,0.000366,enabled
1782985158.062,2026-07-02 09:39:18.064,os_log_pending_writes,1,1,0.000366,enabled
1782985158.062,2026-07-02 09:39:18.064,trx_rseg_history_len,72,72,0.000000,enabled
1782985159.132,2026-07-02 09:39:19.133,adaptive_hash_searches,0,0,0.000000,enabled
1782985159.132,2026-07-02 09:39:19.133,adaptive_hash_searches_btree,663563217,663563217,242557.627797,enabled
1782985159.132,2026-07-02 09:39:19.133,buffer_data_reads,1604567386624,1604567386624,586530544.376140,enabled
1782985159.132,2026-07-02 09:39:19.133,buffer_data_written,703799085056,703799085056,257265393.569107,enabled
1782985159.132,2026-07-02 09:39:19.133,buffer_pages0_read,7,7,0.002559,enabled
1782985159.132,2026-07-02 09:39:19.133,buffer_pages_created,1827106,1827106,667.876895,enabled
1782985159.132,2026-07-02 09:39:19.133,buffer_pages_read,98211202,98211202,35899.938102,enabled
1782985159.132,2026-07-02 09:39:19.133,buffer_pages_written,31908585,31908585,11663.804191,enabled
1782985159.132,2026-07-02 09:39:19.133,buffer_pool_bytes_data,12849856512,12849856512,0.000000,enabled
1782985159.132,2026-07-02 09:39:19.133,buffer_pool_bytes_dirty,4656414720,4656414720,0.000000,enabled
1782985159.132,2026-07-02 09:39:19.133,buffer_pool_pages_data,784293,784293,0.000000,enabled
1782985159.132,2026-07-02 09:39:19.133,buffer_pool_pages_dirty,284205,284205,0.000000,enabled
1782985159.132,2026-07-02 09:39:19.133,buffer_pool_pages_flushed,31851471,31851471,0.000000,enabled
1782985159.132,2026-07-02 09:39:19.133,buffer_pool_pages_free,2043,2043,0.000000,enabled
1782985159.132,2026-07-02 09:39:19.133,buffer_pool_pages_lru_flushed,0,0,0.000000,enabled
1782985159.132,2026-07-02 09:39:19.133,buffer_pool_pages_misc,97,97,0.000000,enabled
1782985159.132,2026-07-02 09:39:19.133,buffer_pool_pages_total,786432,786432,0.000000,enabled
1782985159.132,2026-07-02 09:39:19.133,buffer_pool_reads,97290934,97290934,35563.546187,enabled
1782985159.132,2026-07-02 09:39:19.133,buffer_pool_read_ahead,803715,803715,293.788476,enabled
1782985159.132,2026-07-02 09:39:19.133,buffer_pool_read_ahead_evicted,25,25,0.009138,enabled
1782985159.132,2026-07-02 09:39:19.133,buffer_pool_read_requests,3205103552,3205103552,1171587.557247,enabled
1782985159.132,2026-07-02 09:39:19.133,buffer_pool_size,12884901888,12884901888,0.000000,enabled
1782985159.132,2026-07-02 09:39:19.133,buffer_pool_wait_free,18945,18945,6.925120,enabled
1782985159.132,2026-07-02 09:39:19.133,buffer_pool_write_requests,649521427,649521427,237424.847365,enabled
1782985159.132,2026-07-02 09:39:19.133,dml_deletes,15038359,15038359,5497.092837,enabled
1782985159.132,2026-07-02 09:39:19.133,dml_inserts,114923766,114923766,42009.012513,enabled
1782985159.132,2026-07-02 09:39:19.133,dml_system_deletes,468,468,0.171072,enabled
1782985159.132,2026-07-02 09:39:19.133,dml_system_inserts,1202,1202,0.439377,enabled
1782985159.132,2026-07-02 09:39:19.133,dml_system_reads,7661,7661,2.800387,enabled
1782985159.132,2026-07-02 09:39:19.133,dml_system_updates,620,620,0.226634,enabled
1782985159.132,2026-07-02 09:39:19.133,dml_updates,30076855,30076855,10994.235747,enabled
1782985159.132,2026-07-02 09:39:19.133,file_num_open_files,35,35,0.000000,enabled
1782985159.132,2026-07-02 09:39:19.133,ibuf_merges,0,0,0.000000,enabled
1782985159.132,2026-07-02 09:39:19.133,ibuf_merges_delete,0,0,0.000000,enabled
1782985159.132,2026-07-02 09:39:19.133,ibuf_merges_delete_mark,0,0,0.000000,enabled
1782985159.132,2026-07-02 09:39:19.133,ibuf_merges_discard_delete,0,0,0.000000,enabled
1782985159.132,2026-07-02 09:39:19.133,ibuf_merges_discard_delete_mark,0,0,0.000000,enabled
1782985159.132,2026-07-02 09:39:19.133,ibuf_merges_discard_insert,0,0,0.000000,enabled
1782985159.132,2026-07-02 09:39:19.133,ibuf_merges_insert,0,0,0.000000,enabled
1782985159.132,2026-07-02 09:39:19.133,ibuf_size,1,1,0.000366,enabled
1782985159.132,2026-07-02 09:39:19.133,innodb_activity_count,20186653,20186653,7378.990417,enabled
1782985159.132,2026-07-02 09:39:19.133,innodb_dblwr_pages_written,31848957,31848957,11642.006599,enabled
1782985159.132,2026-07-02 09:39:19.133,innodb_dblwr_writes,663948,663948,242.698277,enabled
1782985159.132,2026-07-02 09:39:19.133,innodb_page_size,16384,16384,0.000000,enabled
1782985159.132,2026-07-02 09:39:19.133,innodb_rwlock_sx_os_waits,0,0,0.000000,enabled
1782985159.132,2026-07-02 09:39:19.133,innodb_rwlock_sx_spin_rounds,0,0,0.000000,enabled
1782985159.132,2026-07-02 09:39:19.133,innodb_rwlock_sx_spin_waits,0,0,0.000000,enabled
1782985159.132,2026-07-02 09:39:19.133,innodb_rwlock_s_os_waits,0,0,0.000000,enabled
1782985159.132,2026-07-02 09:39:19.133,innodb_rwlock_s_spin_rounds,0,0,0.000000,enabled
1782985159.132,2026-07-02 09:39:19.133,innodb_rwlock_s_spin_waits,0,0,0.000000,enabled
1782985159.132,2026-07-02 09:39:19.133,innodb_rwlock_x_os_waits,0,0,0.000000,enabled
1782985159.132,2026-07-02 09:39:19.133,innodb_rwlock_x_spin_rounds,0,0,0.000000,enabled
1782985159.132,2026-07-02 09:39:19.133,innodb_rwlock_x_spin_waits,0,0,0.000000,enabled
1782985159.132,2026-07-02 09:39:19.133,lock_deadlocks,0,0,0.000000,enabled
1782985159.132,2026-07-02 09:39:19.133,lock_deadlock_false_positives,0,0,0.000000,enabled
1782985159.132,2026-07-02 09:39:19.133,lock_deadlock_rounds,2972,2972,1.086379,enabled
1782985159.132,2026-07-02 09:39:19.133,lock_rec_grant_attempts,425,425,0.155354,enabled
1782985159.132,2026-07-02 09:39:19.133,lock_rec_release_attempts,45710163,45710163,16708.807705,enabled
1782985159.132,2026-07-02 09:39:19.133,lock_row_lock_current_waits,0,0,0.000000,enabled
1782985159.132,2026-07-02 09:39:19.133,lock_row_lock_time,323,323,0.118069,enabled
1782985159.132,2026-07-02 09:39:19.133,lock_row_lock_time_avg,0,0,0.000000,enabled
1782985159.132,2026-07-02 09:39:19.133,lock_row_lock_time_max,29,29,0.000000,enabled
1782985159.132,2026-07-02 09:39:19.133,lock_row_lock_waits,425,425,0.155354,enabled
1782985159.132,2026-07-02 09:39:19.133,lock_schedule_refreshes,2972,2972,1.086379,enabled
1782985159.132,2026-07-02 09:39:19.133,lock_threads_waiting,0,0,0.000000,enabled
1782985159.132,2026-07-02 09:39:19.133,lock_timeouts,0,0,0.000000,enabled
1782985159.132,2026-07-02 09:39:19.133,log_waits,0,0,0.000000,enabled
1782985159.132,2026-07-02 09:39:19.133,log_writes,230720048,230720048,84336.966582,enabled
1782985159.132,2026-07-02 09:39:19.133,log_write_requests,440357763,440357763,160967.537439,enabled
1782985159.132,2026-07-02 09:39:19.133,os_data_fsyncs,68306185,68306185,24968.513240,enabled
1782985159.132,2026-07-02 09:39:19.133,os_data_reads,98233024,98233024,35907.913221,enabled
1782985159.132,2026-07-02 09:39:19.133,os_data_writes,263521854,263521854,96327.278475,enabled
1782985159.132,2026-07-02 09:39:19.133,os_log_bytes_written,143047144448,143047144448,52289181.652814,enabled
1782985159.132,2026-07-02 09:39:19.133,os_log_fsyncs,59449092,59449092,21730.908233,enabled
1782985159.132,2026-07-02 09:39:19.133,os_log_pending_fsyncs,1,1,0.000366,enabled
1782985159.132,2026-07-02 09:39:19.133,os_log_pending_writes,1,1,0.000366,enabled
1782985159.132,2026-07-02 09:39:19.133,trx_rseg_history_len,195,195,0.000000,enabled
1782985160.204,2026-07-02 09:39:20.206,adaptive_hash_searches,0,0,0.000000,enabled
1782985160.204,2026-07-02 09:39:20.206,adaptive_hash_searches_btree,663734149,663734149,242525.426839,enabled
1782985160.204,2026-07-02 09:39:20.206,buffer_data_reads,1605514824192,1605514824192,586647842.798134,enabled
1782985160.204,2026-07-02 09:39:20.206,buffer_data_written,704113687040,704113687040,257279950.972286,enabled
1782985160.204,2026-07-02 09:39:20.206,buffer_pages0_read,7,7,0.002558,enabled
1782985160.204,2026-07-02 09:39:20.206,buffer_pages_created,1827130,1827130,667.625029,enabled
1782985160.204,2026-07-02 09:39:20.206,buffer_pages_read,98269176,98269176,35907.111759,enabled
1782985160.204,2026-07-02 09:39:20.206,buffer_pages_written,31924844,31924844,11665.193418,enabled
1782985160.204,2026-07-02 09:39:20.206,buffer_pool_bytes_data,12853133312,12853133312,0.000000,enabled
1782985160.204,2026-07-02 09:39:20.206,buffer_pool_bytes_dirty,4661886976,4661886976,0.000000,enabled
1782985160.204,2026-07-02 09:39:20.206,buffer_pool_pages_data,784493,784493,0.000000,enabled
1782985160.204,2026-07-02 09:39:20.206,buffer_pool_pages_dirty,284539,284539,0.000000,enabled
1782985160.204,2026-07-02 09:39:20.206,buffer_pool_pages_flushed,31867730,31867730,0.000000,enabled
1782985160.204,2026-07-02 09:39:20.206,buffer_pool_pages_free,1842,1842,0.000000,enabled
1782985160.204,2026-07-02 09:39:20.206,buffer_pool_pages_lru_flushed,0,0,0.000000,enabled
1782985160.204,2026-07-02 09:39:20.206,buffer_pool_pages_misc,96,96,0.000000,enabled
1782985160.204,2026-07-02 09:39:20.206,buffer_pool_pages_total,786432,786432,0.000000,enabled
1782985160.204,2026-07-02 09:39:20.206,buffer_pool_reads,97348822,97348822,35570.819743,enabled
1782985160.204,2026-07-02 09:39:20.206,buffer_pool_read_ahead,803715,803715,293.673826,enabled
1782985160.204,2026-07-02 09:39:20.206,buffer_pool_read_ahead_evicted,25,25,0.009135,enabled
1782985160.204,2026-07-02 09:39:20.206,buffer_pool_read_requests,3205949386,3205949386,1171439.412225,enabled
1782985160.204,2026-07-02 09:39:20.206,buffer_pool_size,12884901888,12884901888,0.000000,enabled
1782985160.204,2026-07-02 09:39:20.206,buffer_pool_wait_free,18945,18945,6.922417,enabled
1782985160.204,2026-07-02 09:39:20.206,buffer_pool_write_requests,649635171,649635171,237373.754454,enabled
1782985160.204,2026-07-02 09:39:20.206,dml_deletes,15043310,15043310,5496.756659,enabled
1782985160.204,2026-07-02 09:39:20.206,dml_inserts,114928713,114928713,41994.426022,enabled
1782985160.204,2026-07-02 09:39:20.206,dml_system_deletes,468,468,0.171005,enabled
1782985160.204,2026-07-02 09:39:20.206,dml_system_inserts,1202,1202,0.439205,enabled
1782985160.204,2026-07-02 09:39:20.206,dml_system_reads,7661,7661,2.799294,enabled
1782985160.204,2026-07-02 09:39:20.206,dml_system_updates,620,620,0.226545,enabled
1782985160.204,2026-07-02 09:39:20.206,dml_updates,30086751,30086751,10993.561176,enabled
1782985160.204,2026-07-02 09:39:20.206,file_num_open_files,35,35,0.000000,enabled
1782985160.204,2026-07-02 09:39:20.206,ibuf_merges,0,0,0.000000,enabled
1782985160.204,2026-07-02 09:39:20.206,ibuf_merges_delete,0,0,0.000000,enabled
1782985160.204,2026-07-02 09:39:20.206,ibuf_merges_delete_mark,0,0,0.000000,enabled
1782985160.204,2026-07-02 09:39:20.206,ibuf_merges_discard_delete,0,0,0.000000,enabled
1782985160.204,2026-07-02 09:39:20.206,ibuf_merges_discard_delete_mark,0,0,0.000000,enabled
1782985160.204,2026-07-02 09:39:20.206,ibuf_merges_discard_insert,0,0,0.000000,enabled
1782985160.204,2026-07-02 09:39:20.206,ibuf_merges_insert,0,0,0.000000,enabled
1782985160.204,2026-07-02 09:39:20.206,ibuf_size,1,1,0.000365,enabled
1782985160.204,2026-07-02 09:39:20.206,innodb_activity_count,20192335,20192335,7378.186927,enabled
1782985160.204,2026-07-02 09:39:20.206,innodb_dblwr_pages_written,31865216,31865216,11643.404241,enabled
1782985160.204,2026-07-02 09:39:20.206,innodb_dblwr_writes,664307,664307,242.734741,enabled
1782985160.204,2026-07-02 09:39:20.206,innodb_page_size,16384,16384,0.000000,enabled
1782985160.204,2026-07-02 09:39:20.206,innodb_rwlock_sx_os_waits,0,0,0.000000,enabled
1782985160.204,2026-07-02 09:39:20.206,innodb_rwlock_sx_spin_rounds,0,0,0.000000,enabled
1782985160.204,2026-07-02 09:39:20.206,innodb_rwlock_sx_spin_waits,0,0,0.000000,enabled
1782985160.204,2026-07-02 09:39:20.206,innodb_rwlock_s_os_waits,0,0,0.000000,enabled
1782985160.204,2026-07-02 09:39:20.206,innodb_rwlock_s_spin_rounds,0,0,0.000000,enabled
1782985160.204,2026-07-02 09:39:20.206,innodb_rwlock_s_spin_waits,0,0,0.000000,enabled
1782985160.204,2026-07-02 09:39:20.206,innodb_rwlock_x_os_waits,0,0,0.000000,enabled
1782985160.204,2026-07-02 09:39:20.206,innodb_rwlock_x_spin_rounds,0,0,0.000000,enabled
1782985160.204,2026-07-02 09:39:20.206,innodb_rwlock_x_spin_waits,0,0,0.000000,enabled
1782985160.204,2026-07-02 09:39:20.206,lock_deadlocks,0,0,0.000000,enabled
1782985160.204,2026-07-02 09:39:20.206,lock_deadlock_false_positives,0,0,0.000000,enabled
1782985160.204,2026-07-02 09:39:20.206,lock_deadlock_rounds,2974,2974,1.086686,enabled
1782985160.204,2026-07-02 09:39:20.206,lock_rec_grant_attempts,425,425,0.155293,enabled
1782985160.204,2026-07-02 09:39:20.206,lock_rec_release_attempts,45725220,45725220,16707.788948,enabled
1782985160.204,2026-07-02 09:39:20.206,lock_row_lock_current_waits,0,0,0.000000,enabled
1782985160.204,2026-07-02 09:39:20.206,lock_row_lock_time,323,323,0.118023,enabled
1782985160.204,2026-07-02 09:39:20.206,lock_row_lock_time_avg,0,0,0.000000,enabled
1782985160.204,2026-07-02 09:39:20.206,lock_row_lock_time_max,29,29,0.000000,enabled
1782985160.204,2026-07-02 09:39:20.206,lock_row_lock_waits,425,425,0.155293,enabled
1782985160.204,2026-07-02 09:39:20.206,lock_schedule_refreshes,2974,2974,1.086686,enabled
1782985160.204,2026-07-02 09:39:20.206,lock_threads_waiting,0,0,0.000000,enabled
1782985160.204,2026-07-02 09:39:20.206,lock_timeouts,0,0,0.000000,enabled
1782985160.204,2026-07-02 09:39:20.206,log_waits,0,0,0.000000,enabled
1782985160.204,2026-07-02 09:39:20.206,log_writes,230801010,230801010,84333.636983,enabled
1782985160.204,2026-07-02 09:39:20.206,log_write_requests,440441728,440441728,160935.399805,enabled
1782985160.204,2026-07-02 09:39:20.206,os_data_fsyncs,68341294,68341294,24971.597894,enabled
1782985160.204,2026-07-02 09:39:20.206,os_data_reads,98290817,98290817,35915.017379,enabled
1782985160.204,2026-07-02 09:39:20.206,os_data_writes,263619343,263619343,96325.308593,enabled
1782985160.204,2026-07-02 09:39:20.206,os_log_bytes_written,143089185792,143089185792,52284137.394926,enabled
1782985160.204,2026-07-02 09:39:20.206,os_log_fsyncs,59479253,59479253,21733.448385,enabled
1782985160.204,2026-07-02 09:39:20.206,os_log_pending_fsyncs,1,1,0.000365,enabled
1782985160.204,2026-07-02 09:39:20.206,os_log_pending_writes,0,0,0.000000,enabled
1782985160.204,2026-07-02 09:39:20.206,trx_rseg_history_len,312,312,0.000000,enabled
1782985161.272,2026-07-02 09:39:21.274,adaptive_hash_searches,0,0,0.000000,enabled
1782985161.272,2026-07-02 09:39:21.274,adaptive_hash_searches_btree,663904823,663904823,242492.842168,enabled
1782985161.272,2026-07-02 09:39:21.274,buffer_data_reads,1606462212608,1606462212608,586764273.302653,enabled
1782985161.272,2026-07-02 09:39:21.274,buffer_data_written,704425346048,704425346048,257293089.599452,enabled
1782985161.272,2026-07-02 09:39:21.274,buffer_pages0_read,7,7,0.002557,enabled
1782985161.272,2026-07-02 09:39:21.274,buffer_pages_created,1827156,1827156,667.373227,enabled
1782985161.272,2026-07-02 09:39:21.274,buffer_pages_read,98327154,98327154,35914.234837,enabled
1782985161.272,2026-07-02 09:39:21.274,buffer_pages_written,31940942,31940942,11666.507659,enabled
1782985161.272,2026-07-02 09:39:21.274,buffer_pool_bytes_data,12859916288,12859916288,0.000000,enabled
1782985161.272,2026-07-02 09:39:21.274,buffer_pool_bytes_dirty,4671389696,4671389696,0.000000,enabled
1782985161.272,2026-07-02 09:39:21.274,buffer_pool_pages_data,784907,784907,0.000000,enabled
1782985161.272,2026-07-02 09:39:21.274,buffer_pool_pages_dirty,285119,285119,0.000000,enabled
1782985161.272,2026-07-02 09:39:21.274,buffer_pool_pages_flushed,31883828,31883828,0.000000,enabled
1782985161.272,2026-07-02 09:39:21.274,buffer_pool_pages_free,1432,1432,0.000000,enabled
1782985161.272,2026-07-02 09:39:21.274,buffer_pool_pages_lru_flushed,0,0,0.000000,enabled
1782985161.272,2026-07-02 09:39:21.274,buffer_pool_pages_misc,96,96,0.000000,enabled
1782985161.272,2026-07-02 09:39:21.274,buffer_pool_pages_total,786432,786432,0.000000,enabled
1782985161.272,2026-07-02 09:39:21.274,buffer_pool_reads,97406733,97406733,35578.049799,enabled
1782985161.272,2026-07-02 09:39:21.274,buffer_pool_read_ahead,803715,803715,293.558886,enabled
1782985161.272,2026-07-02 09:39:21.274,buffer_pool_read_ahead_evicted,25,25,0.009131,enabled
1782985161.272,2026-07-02 09:39:21.274,buffer_pool_read_requests,3206794420,3206794420,1171289.577084,enabled
1782985161.272,2026-07-02 09:39:21.274,buffer_pool_size,12884901888,12884901888,0.000000,enabled
1782985161.272,2026-07-02 09:39:21.274,buffer_pool_wait_free,18945,18945,6.919708,enabled
1782985161.272,2026-07-02 09:39:21.274,buffer_pool_write_requests,649749152,649749152,237322.481379,enabled
1782985161.272,2026-07-02 09:39:21.274,dml_deletes,15048251,15048251,5496.409902,enabled
1782985161.272,2026-07-02 09:39:21.274,dml_inserts,114933657,114933657,41979.794916,enabled
1782985161.272,2026-07-02 09:39:21.274,dml_system_deletes,468,468,0.170938,enabled
1782985161.272,2026-07-02 09:39:21.274,dml_system_inserts,1202,1202,0.439033,enabled
1782985161.272,2026-07-02 09:39:21.274,dml_system_reads,7661,7661,2.798199,enabled
1782985161.272,2026-07-02 09:39:21.274,dml_system_updates,620,620,0.226456,enabled
1782985161.272,2026-07-02 09:39:21.274,dml_updates,30096635,30096635,10992.868373,enabled
1782985161.272,2026-07-02 09:39:21.274,file_num_open_files,35,35,0.000000,enabled
1782985161.272,2026-07-02 09:39:21.274,ibuf_merges,0,0,0.000000,enabled
1782985161.272,2026-07-02 09:39:21.274,ibuf_merges_delete,0,0,0.000000,enabled
1782985161.272,2026-07-02 09:39:21.274,ibuf_merges_delete_mark,0,0,0.000000,enabled
1782985161.272,2026-07-02 09:39:21.274,ibuf_merges_discard_delete,0,0,0.000000,enabled
1782985161.272,2026-07-02 09:39:21.274,ibuf_merges_discard_delete_mark,0,0,0.000000,enabled
1782985161.272,2026-07-02 09:39:21.274,ibuf_merges_discard_insert,0,0,0.000000,enabled
1782985161.272,2026-07-02 09:39:21.274,ibuf_merges_insert,0,0,0.000000,enabled
1782985161.272,2026-07-02 09:39:21.274,ibuf_size,1,1,0.000365,enabled
1782985161.272,2026-07-02 09:39:21.274,innodb_activity_count,20198000,20198000,7377.368257,enabled
1782985161.272,2026-07-02 09:39:21.274,innodb_dblwr_pages_written,31881314,31881314,11644.726831,enabled
1782985161.272,2026-07-02 09:39:21.274,innodb_dblwr_writes,664662,664662,242.769399,enabled
1782985161.272,2026-07-02 09:39:21.274,innodb_page_size,16384,16384,0.000000,enabled
1782985161.272,2026-07-02 09:39:21.274,innodb_rwlock_sx_os_waits,0,0,0.000000,enabled
1782985161.272,2026-07-02 09:39:21.274,innodb_rwlock_sx_spin_rounds,0,0,0.000000,enabled
1782985161.272,2026-07-02 09:39:21.274,innodb_rwlock_sx_spin_waits,0,0,0.000000,enabled
1782985161.272,2026-07-02 09:39:21.274,innodb_rwlock_s_os_waits,0,0,0.000000,enabled
1782985161.272,2026-07-02 09:39:21.274,innodb_rwlock_s_spin_rounds,0,0,0.000000,enabled
1782985161.272,2026-07-02 09:39:21.274,innodb_rwlock_s_spin_waits,0,0,0.000000,enabled
1782985161.272,2026-07-02 09:39:21.274,innodb_rwlock_x_os_waits,0,0,0.000000,enabled
1782985161.272,2026-07-02 09:39:21.274,innodb_rwlock_x_spin_rounds,0,0,0.000000,enabled
1782985161.272,2026-07-02 09:39:21.274,innodb_rwlock_x_spin_waits,0,0,0.000000,enabled
1782985161.272,2026-07-02 09:39:21.274,lock_deadlocks,0,0,0.000000,enabled
1782985161.272,2026-07-02 09:39:21.274,lock_deadlock_false_positives,0,0,0.000000,enabled
1782985161.272,2026-07-02 09:39:21.274,lock_deadlock_rounds,2975,2975,1.086626,enabled
1782985161.272,2026-07-02 09:39:21.274,lock_rec_grant_attempts,425,425,0.155232,enabled
1782985161.272,2026-07-02 09:39:21.274,lock_rec_release_attempts,45740258,45740258,16706.742355,enabled
1782985161.272,2026-07-02 09:39:21.274,lock_row_lock_current_waits,0,0,0.000000,enabled
1782985161.272,2026-07-02 09:39:21.274,lock_row_lock_time,323,323,0.117977,enabled
1782985161.272,2026-07-02 09:39:21.274,lock_row_lock_time_avg,0,0,0.000000,enabled
1782985161.272,2026-07-02 09:39:21.274,lock_row_lock_time_max,29,29,0.000000,enabled
1782985161.272,2026-07-02 09:39:21.274,lock_row_lock_waits,425,425,0.155232,enabled
1782985161.272,2026-07-02 09:39:21.274,lock_schedule_refreshes,2975,2975,1.086626,enabled
1782985161.272,2026-07-02 09:39:21.274,lock_threads_waiting,0,0,0.000000,enabled
1782985161.272,2026-07-02 09:39:21.274,lock_timeouts,0,0,0.000000,enabled
1782985161.272,2026-07-02 09:39:21.274,log_waits,0,0,0.000000,enabled
1782985161.272,2026-07-02 09:39:21.274,log_writes,230881840,230881840,84330.152956,enabled
1782985161.272,2026-07-02 09:39:21.274,log_write_requests,440525528,440525528,160903.019383,enabled
1782985161.272,2026-07-02 09:39:21.274,os_data_fsyncs,68376392,68376392,24974.643958,enabled
1782985161.272,2026-07-02 09:39:21.274,os_data_reads,98348641,98348641,35922.081051,enabled
1782985161.272,2026-07-02 09:39:21.274,os_data_writes,263716532,263716532,96323.106611,enabled
1782985161.272,2026-07-02 09:39:21.274,os_log_bytes_written,143131111424,143131111424,52278987.471116,enabled
1782985161.272,2026-07-02 09:39:21.274,os_log_fsyncs,59509315,59509315,21735.922402,enabled
1782985161.272,2026-07-02 09:39:21.274,os_log_pending_fsyncs,0,0,0.000000,enabled
1782985161.272,2026-07-02 09:39:21.274,os_log_pending_writes,1,1,0.000365,enabled
1782985161.272,2026-07-02 09:39:21.274,trx_rseg_history_len,398,398,0.000000,enabled
1782985162.345,2026-07-02 09:39:22.346,adaptive_hash_searches,0,0,0.000000,enabled
1782985162.345,2026-07-02 09:39:22.346,adaptive_hash_searches_btree,664075431,664075431,242460.249344,enabled
1782985162.345,2026-07-02 09:39:22.346,buffer_data_reads,1607412763136,1607412763136,586881737.128580,enabled
1782985162.345,2026-07-02 09:39:22.346,buffer_data_written,704741764608,704741764608,257307942.485338,enabled
1782985162.345,2026-07-02 09:39:22.346,buffer_pages0_read,7,7,0.002556,enabled
1782985162.345,2026-07-02 09:39:22.346,buffer_pages_created,1827200,1827200,667.128159,enabled
1782985162.345,2026-07-02 09:39:22.346,buffer_pages_read,98385346,98385346,35921.428639,enabled
1782985162.345,2026-07-02 09:39:22.346,buffer_pages_written,31957275,31957275,11667.906078,enabled
1782985162.345,2026-07-02 09:39:22.346,buffer_pool_bytes_data,12862013440,12862013440,0.000000,enabled
1782985162.345,2026-07-02 09:39:22.346,buffer_pool_bytes_dirty,4677943296,4677943296,0.000000,enabled
1782985162.345,2026-07-02 09:39:22.346,buffer_pool_pages_data,785035,785035,0.000000,enabled
1782985162.345,2026-07-02 09:39:22.346,buffer_pool_pages_dirty,285519,285519,0.000000,enabled
1782985162.345,2026-07-02 09:39:22.346,buffer_pool_pages_flushed,31900161,31900161,0.000000,enabled
1782985162.345,2026-07-02 09:39:22.346,buffer_pool_pages_free,1300,1300,0.000000,enabled
1782985162.345,2026-07-02 09:39:22.346,buffer_pool_pages_lru_flushed,0,0,0.000000,enabled
1782985162.345,2026-07-02 09:39:22.346,buffer_pool_pages_misc,96,96,0.000000,enabled
1782985162.345,2026-07-02 09:39:22.346,buffer_pool_pages_total,786432,786432,0.000000,enabled
1782985162.345,2026-07-02 09:39:22.346,buffer_pool_reads,97464853,97464853,35585.348877,enabled
1782985162.345,2026-07-02 09:39:22.346,buffer_pool_read_ahead,803715,803715,293.444022,enabled
1782985162.345,2026-07-02 09:39:22.346,buffer_pool_read_ahead_evicted,25,25,0.009128,enabled
1782985162.345,2026-07-02 09:39:22.346,buffer_pool_read_requests,3207639342,3207639342,1171139.760406,enabled
1782985162.345,2026-07-02 09:39:22.346,buffer_pool_size,12884901888,12884901888,0.000000,enabled
1782985162.345,2026-07-02 09:39:22.346,buffer_pool_wait_free,18945,18945,6.917000,enabled
1782985162.345,2026-07-02 09:39:22.346,buffer_pool_write_requests,649863161,649863161,237271.246882,enabled
1782985162.345,2026-07-02 09:39:22.346,dml_deletes,15053181,15053181,5496.059271,enabled
1782985162.345,2026-07-02 09:39:22.346,dml_inserts,114938588,114938588,41965.169538,enabled
1782985162.345,2026-07-02 09:39:22.346,dml_system_deletes,468,468,0.170871,enabled
1782985162.345,2026-07-02 09:39:22.346,dml_system_inserts,1202,1202,0.438862,enabled
1782985162.345,2026-07-02 09:39:22.346,dml_system_reads,7661,7661,2.797104,enabled
1782985162.345,2026-07-02 09:39:22.346,dml_system_updates,620,620,0.226368,enabled
1782985162.345,2026-07-02 09:39:22.346,dml_updates,30106502,30106502,10992.169648,enabled
1782985162.345,2026-07-02 09:39:22.346,file_num_open_files,35,35,0.000000,enabled
1782985162.345,2026-07-02 09:39:22.346,ibuf_merges,0,0,0.000000,enabled
1782985162.345,2026-07-02 09:39:22.346,ibuf_merges_delete,0,0,0.000000,enabled
1782985162.345,2026-07-02 09:39:22.346,ibuf_merges_delete_mark,0,0,0.000000,enabled
1782985162.345,2026-07-02 09:39:22.346,ibuf_merges_discard_delete,0,0,0.000000,enabled
1782985162.345,2026-07-02 09:39:22.346,ibuf_merges_discard_delete_mark,0,0,0.000000,enabled
1782985162.345,2026-07-02 09:39:22.346,ibuf_merges_discard_insert,0,0,0.000000,enabled
1782985162.345,2026-07-02 09:39:22.346,ibuf_merges_insert,0,0,0.000000,enabled
1782985162.345,2026-07-02 09:39:22.346,ibuf_size,1,1,0.000365,enabled
1782985162.345,2026-07-02 09:39:22.346,innodb_activity_count,20203668,20203668,7376.551065,enabled
1782985162.345,2026-07-02 09:39:22.346,innodb_dblwr_pages_written,31897647,31897647,11646.133794,enabled
1782985162.345,2026-07-02 09:39:22.346,innodb_dblwr_writes,665022,665022,242.805847,enabled
1782985162.345,2026-07-02 09:39:22.346,innodb_page_size,16384,16384,0.000000,enabled
1782985162.345,2026-07-02 09:39:22.346,innodb_rwlock_sx_os_waits,0,0,0.000000,enabled
1782985162.345,2026-07-02 09:39:22.346,innodb_rwlock_sx_spin_rounds,0,0,0.000000,enabled
1782985162.345,2026-07-02 09:39:22.346,innodb_rwlock_sx_spin_waits,0,0,0.000000,enabled
1782985162.345,2026-07-02 09:39:22.346,innodb_rwlock_s_os_waits,0,0,0.000000,enabled
1782985162.345,2026-07-02 09:39:22.346,innodb_rwlock_s_spin_rounds,0,0,0.000000,enabled
1782985162.345,2026-07-02 09:39:22.346,innodb_rwlock_s_spin_waits,0,0,0.000000,enabled
1782985162.345,2026-07-02 09:39:22.346,innodb_rwlock_x_os_waits,0,0,0.000000,enabled
1782985162.345,2026-07-02 09:39:22.346,innodb_rwlock_x_spin_rounds,0,0,0.000000,enabled
1782985162.345,2026-07-02 09:39:22.346,innodb_rwlock_x_spin_waits,0,0,0.000000,enabled
1782985162.345,2026-07-02 09:39:22.346,lock_deadlocks,0,0,0.000000,enabled
1782985162.345,2026-07-02 09:39:22.346,lock_deadlock_false_positives,0,0,0.000000,enabled
1782985162.345,2026-07-02 09:39:22.346,lock_deadlock_rounds,2976,2976,1.086566,enabled
1782985162.345,2026-07-02 09:39:22.346,lock_rec_grant_attempts,425,425,0.155172,enabled
1782985162.345,2026-07-02 09:39:22.346,lock_rec_release_attempts,45755245,45755245,16705.677193,enabled
1782985162.345,2026-07-02 09:39:22.346,lock_row_lock_current_waits,0,0,0.000000,enabled
1782985162.345,2026-07-02 09:39:22.346,lock_row_lock_time,323,323,0.117930,enabled
1782985162.345,2026-07-02 09:39:22.346,lock_row_lock_time_avg,0,0,0.000000,enabled
1782985162.345,2026-07-02 09:39:22.346,lock_row_lock_time_max,29,29,0.000000,enabled
1782985162.345,2026-07-02 09:39:22.346,lock_row_lock_waits,425,425,0.155172,enabled
1782985162.345,2026-07-02 09:39:22.346,lock_schedule_refreshes,2976,2976,1.086566,enabled
1782985162.345,2026-07-02 09:39:22.346,lock_threads_waiting,0,0,0.000000,enabled
1782985162.345,2026-07-02 09:39:22.346,lock_timeouts,0,0,0.000000,enabled
1782985162.345,2026-07-02 09:39:22.346,log_waits,0,0,0.000000,enabled
1782985162.345,2026-07-02 09:39:22.346,log_writes,230962929,230962929,84326.762247,enabled
1782985162.345,2026-07-02 09:39:22.346,log_write_requests,440609291,440609291,160870.643216,enabled
1782985162.345,2026-07-02 09:39:22.346,os_data_fsyncs,68411684,68411684,24977.757273,enabled
1782985162.345,2026-07-02 09:39:22.346,os_data_reads,98406663,98406663,35929.209773,enabled
1782985162.345,2026-07-02 09:39:22.346,os_data_writes,263814229,263814229,96321.087212,enabled
1782985162.345,2026-07-02 09:39:22.346,os_log_bytes_written,143173560832,143173560832,52274030.332554,enabled
1782985162.345,2026-07-02 09:39:22.346,os_log_fsyncs,59539572,59539572,21738.464646,enabled
1782985162.345,2026-07-02 09:39:22.346,os_log_pending_fsyncs,1,1,0.000365,enabled
1782985162.345,2026-07-02 09:39:22.346,os_log_pending_writes,0,0,0.000000,enabled
1782985162.345,2026-07-02 09:39:22.346,trx_rseg_history_len,495,495,0.000000,enabled
1782985163.416,2026-07-02 09:39:23.418,adaptive_hash_searches,0,0,0.000000,enabled
1782985163.416,2026-07-02 09:39:23.418,adaptive_hash_searches_btree,664242858,664242858,242426.779738,enabled
1782985163.416,2026-07-02 09:39:23.418,buffer_data_reads,1608339589632,1608339589632,586991077.288171,enabled
1782985163.416,2026-07-02 09:39:23.418,buffer_data_written,705093904384,705093904384,257336095.493046,enabled
1782985163.416,2026-07-02 09:39:23.418,buffer_pages0_read,7,7,0.002555,enabled
1782985163.416,2026-07-02 09:39:23.418,buffer_pages_created,1827218,1827218,666.874507,enabled
1782985163.416,2026-07-02 09:39:23.418,buffer_pages_read,98442056,98442056,35928.114295,enabled
1782985163.416,2026-07-02 09:39:23.418,buffer_pages_written,31975856,31975856,11670.136313,enabled
1782985163.416,2026-07-02 09:39:23.418,buffer_pool_bytes_data,12848873472,12848873472,0.000000,enabled
1782985163.416,2026-07-02 09:39:23.418,buffer_pool_bytes_dirty,4640587776,4640587776,0.000000,enabled
1782985163.416,2026-07-02 09:39:23.418,buffer_pool_pages_data,784233,784233,0.000000,enabled
1782985163.416,2026-07-02 09:39:23.418,buffer_pool_pages_dirty,283239,283239,0.000000,enabled
1782985163.416,2026-07-02 09:39:23.418,buffer_pool_pages_flushed,31916481,31916481,0.000000,enabled
1782985163.416,2026-07-02 09:39:23.418,buffer_pool_pages_free,2103,2103,0.000000,enabled
1782985163.416,2026-07-02 09:39:23.418,buffer_pool_pages_lru_flushed,0,0,0.000000,enabled
1782985163.416,2026-07-02 09:39:23.418,buffer_pool_pages_misc,96,96,0.000000,enabled
1782985163.416,2026-07-02 09:39:23.418,buffer_pool_pages_total,786432,786432,0.000000,enabled
1782985163.416,2026-07-02 09:39:23.418,buffer_pool_reads,97521522,97521522,35592.150761,enabled
1782985163.416,2026-07-02 09:39:23.418,buffer_pool_read_ahead,803715,803715,293.329560,enabled
1782985163.416,2026-07-02 09:39:23.418,buffer_pool_read_ahead_evicted,25,25,0.009124,enabled
1782985163.416,2026-07-02 09:39:23.418,buffer_pool_read_requests,3208468223,3208468223,1170985.455370,enabled
1782985163.416,2026-07-02 09:39:23.418,buffer_pool_size,12884901888,12884901888,0.000000,enabled
1782985163.416,2026-07-02 09:39:23.418,buffer_pool_wait_free,18945,18945,6.914302,enabled
1782985163.416,2026-07-02 09:39:23.418,buffer_pool_write_requests,649974599,649974599,237219.367121,enabled
1782985163.416,2026-07-02 09:39:23.418,dml_deletes,15058030,15058030,5495.685170,enabled
1782985163.416,2026-07-02 09:39:23.418,dml_inserts,114943436,114943436,41950.569715,enabled
1782985163.416,2026-07-02 09:39:23.418,dml_system_deletes,468,468,0.170805,enabled
1782985163.416,2026-07-02 09:39:23.418,dml_system_inserts,1202,1202,0.438690,enabled
1782985163.416,2026-07-02 09:39:23.418,dml_system_reads,7661,7661,2.796013,enabled
1782985163.416,2026-07-02 09:39:23.418,dml_system_updates,620,620,0.226280,enabled
1782985163.416,2026-07-02 09:39:23.418,dml_updates,30116191,30116191,10991.418142,enabled
1782985163.416,2026-07-02 09:39:23.418,file_num_open_files,35,35,0.000000,enabled
1782985163.416,2026-07-02 09:39:23.418,ibuf_merges,0,0,0.000000,enabled
1782985163.416,2026-07-02 09:39:23.418,ibuf_merges_delete,0,0,0.000000,enabled
1782985163.416,2026-07-02 09:39:23.418,ibuf_merges_delete_mark,0,0,0.000000,enabled
1782985163.416,2026-07-02 09:39:23.418,ibuf_merges_discard_delete,0,0,0.000000,enabled
1782985163.416,2026-07-02 09:39:23.418,ibuf_merges_discard_delete_mark,0,0,0.000000,enabled
1782985163.416,2026-07-02 09:39:23.418,ibuf_merges_discard_insert,0,0,0.000000,enabled
1782985163.416,2026-07-02 09:39:23.418,ibuf_merges_insert,0,0,0.000000,enabled
1782985163.416,2026-07-02 09:39:23.418,ibuf_size,1,1,0.000365,enabled
1782985163.416,2026-07-02 09:39:23.418,innodb_activity_count,20209239,20209239,7375.706969,enabled
1782985163.416,2026-07-02 09:39:23.418,innodb_dblwr_pages_written,31915631,31915631,11648.154616,enabled
1782985163.416,2026-07-02 09:39:23.418,innodb_dblwr_writes,665427,665427,242.858949,enabled
1782985163.416,2026-07-02 09:39:23.418,innodb_page_size,16384,16384,0.000000,enabled
1782985163.416,2026-07-02 09:39:23.418,innodb_rwlock_sx_os_waits,0,0,0.000000,enabled
1782985163.416,2026-07-02 09:39:23.418,innodb_rwlock_sx_spin_rounds,0,0,0.000000,enabled
1782985163.416,2026-07-02 09:39:23.418,innodb_rwlock_sx_spin_waits,0,0,0.000000,enabled
1782985163.416,2026-07-02 09:39:23.418,innodb_rwlock_s_os_waits,0,0,0.000000,enabled
1782985163.416,2026-07-02 09:39:23.418,innodb_rwlock_s_spin_rounds,0,0,0.000000,enabled
1782985163.416,2026-07-02 09:39:23.418,innodb_rwlock_s_spin_waits,0,0,0.000000,enabled
1782985163.416,2026-07-02 09:39:23.418,innodb_rwlock_x_os_waits,0,0,0.000000,enabled
1782985163.416,2026-07-02 09:39:23.418,innodb_rwlock_x_spin_rounds,0,0,0.000000,enabled
1782985163.416,2026-07-02 09:39:23.418,innodb_rwlock_x_spin_waits,0,0,0.000000,enabled
1782985163.416,2026-07-02 09:39:23.418,lock_deadlocks,0,0,0.000000,enabled
1782985163.416,2026-07-02 09:39:23.418,lock_deadlock_false_positives,0,0,0.000000,enabled
1782985163.416,2026-07-02 09:39:23.418,lock_deadlock_rounds,2977,2977,1.086507,enabled
1782985163.416,2026-07-02 09:39:23.418,lock_rec_grant_attempts,425,425,0.155111,enabled
1782985163.416,2026-07-02 09:39:23.418,lock_rec_release_attempts,45770001,45770001,16704.546433,enabled
1782985163.416,2026-07-02 09:39:23.418,lock_row_lock_current_waits,0,0,0.000000,enabled
1782985163.416,2026-07-02 09:39:23.418,lock_row_lock_time,323,323,0.117884,enabled
1782985163.416,2026-07-02 09:39:23.418,lock_row_lock_time_avg,0,0,0.000000,enabled
1782985163.416,2026-07-02 09:39:23.418,lock_row_lock_time_max,29,29,0.000000,enabled
1782985163.416,2026-07-02 09:39:23.418,lock_row_lock_waits,425,425,0.155111,enabled
1782985163.416,2026-07-02 09:39:23.418,lock_schedule_refreshes,2977,2977,1.086507,enabled
1782985163.416,2026-07-02 09:39:23.418,lock_threads_waiting,0,0,0.000000,enabled
1782985163.416,2026-07-02 09:39:23.418,lock_timeouts,0,0,0.000000,enabled
1782985163.416,2026-07-02 09:39:23.418,log_waits,0,0,0.000000,enabled
1782985163.416,2026-07-02 09:39:23.418,log_writes,231042605,231042605,84322.948605,enabled
1782985163.416,2026-07-02 09:39:23.418,log_write_requests,440691712,440691712,160837.974478,enabled
1782985163.416,2026-07-02 09:39:23.418,os_data_fsyncs,68446319,68446319,24980.654950,enabled
1782985163.416,2026-07-02 09:39:23.418,os_data_reads,98463222,98463222,35935.837210,enabled
1782985163.416,2026-07-02 09:39:23.418,os_data_writes,263912829,263912829,96319.501451,enabled
1782985163.416,2026-07-02 09:39:23.418,os_log_bytes_written,143214958080,143214958080,52268748.678136,enabled
1782985163.416,2026-07-02 09:39:23.418,os_log_fsyncs,59568911,59568911,21740.692993,enabled
1782985163.416,2026-07-02 09:39:23.418,os_log_pending_fsyncs,1,1,0.000365,enabled
1782985163.416,2026-07-02 09:39:23.418,os_log_pending_writes,0,0,0.000000,enabled
1782985163.416,2026-07-02 09:39:23.418,trx_rseg_history_len,481,481,0.000000,enabled
1782985164.484,2026-07-02 09:39:24.486,adaptive_hash_searches,0,0,0.000000,enabled
1782985164.484,2026-07-02 09:39:24.486,adaptive_hash_searches_btree,664413670,664413670,242394.336677,enabled
1782985164.484,2026-07-02 09:39:24.486,buffer_data_reads,1609290811904,1609290811904,587108663.074179,enabled
1782985164.484,2026-07-02 09:39:24.486,buffer_data_written,705433535488,705433535488,257359413.555272,enabled
1782985164.484,2026-07-02 09:39:24.486,buffer_pages0_read,7,7,0.002554,enabled
1782985164.484,2026-07-02 09:39:24.486,buffer_pages_created,1827250,1827250,666.625512,enabled
1782985164.484,2026-07-02 09:39:24.486,buffer_pages_read,98500267,98500267,35935.307487,enabled
1782985164.484,2026-07-02 09:39:24.486,buffer_pages_written,31993692,31993692,11672.081689,enabled
1782985164.484,2026-07-02 09:39:24.486,buffer_pool_bytes_data,12847677440,12847677440,0.000000,enabled
1782985164.484,2026-07-02 09:39:24.486,buffer_pool_bytes_dirty,4625334272,4625334272,0.000000,enabled
1782985164.484,2026-07-02 09:39:24.486,buffer_pool_pages_data,784160,784160,0.000000,enabled
1782985164.484,2026-07-02 09:39:24.486,buffer_pool_pages_dirty,282308,282308,0.000000,enabled
1782985164.484,2026-07-02 09:39:24.486,buffer_pool_pages_flushed,31936564,31936564,0.000000,enabled
1782985164.484,2026-07-02 09:39:24.486,buffer_pool_pages_free,2177,2177,0.000000,enabled
1782985164.484,2026-07-02 09:39:24.486,buffer_pool_pages_lru_flushed,0,0,0.000000,enabled
1782985164.484,2026-07-02 09:39:24.486,buffer_pool_pages_misc,96,96,0.000000,enabled
1782985164.484,2026-07-02 09:39:24.486,buffer_pool_pages_total,786432,786432,0.000000,enabled
1782985164.484,2026-07-02 09:39:24.486,buffer_pool_reads,97579669,97579669,35599.451770,enabled
1782985164.484,2026-07-02 09:39:24.486,buffer_pool_read_ahead,803715,803715,293.214903,enabled
1782985164.484,2026-07-02 09:39:24.486,buffer_pool_read_ahead_evicted,25,25,0.009121,enabled
1782985164.484,2026-07-02 09:39:24.486,buffer_pool_read_requests,3209313411,3209313411,1170836.083844,enabled
1782985164.484,2026-07-02 09:39:24.486,buffer_pool_size,12884901888,12884901888,0.000000,enabled
1782985164.484,2026-07-02 09:39:24.486,buffer_pool_wait_free,18945,18945,6.911600,enabled
1782985164.484,2026-07-02 09:39:24.486,buffer_pool_write_requests,650088205,650088205,237168.088673,enabled
1782985164.484,2026-07-02 09:39:24.486,dml_deletes,15062980,15062980,5495.342911,enabled
1782985164.484,2026-07-02 09:39:24.486,dml_inserts,114948386,114948386,41935.978060,enabled
1782985164.484,2026-07-02 09:39:24.486,dml_system_deletes,468,468,0.170738,enabled
1782985164.484,2026-07-02 09:39:24.486,dml_system_inserts,1202,1202,0.438519,enabled
1782985164.484,2026-07-02 09:39:24.486,dml_system_reads,7661,7661,2.794920,enabled
1782985164.484,2026-07-02 09:39:24.486,dml_system_updates,620,620,0.226191,enabled
1782985164.484,2026-07-02 09:39:24.486,dml_updates,30126097,30126097,10990.735794,enabled
1782985164.484,2026-07-02 09:39:24.486,file_num_open_files,35,35,0.000000,enabled
1782985164.484,2026-07-02 09:39:24.486,ibuf_merges,0,0,0.000000,enabled
1782985164.484,2026-07-02 09:39:24.486,ibuf_merges_delete,0,0,0.000000,enabled
1782985164.484,2026-07-02 09:39:24.486,ibuf_merges_delete_mark,0,0,0.000000,enabled
1782985164.484,2026-07-02 09:39:24.486,ibuf_merges_discard_delete,0,0,0.000000,enabled
1782985164.484,2026-07-02 09:39:24.486,ibuf_merges_discard_delete_mark,0,0,0.000000,enabled
1782985164.484,2026-07-02 09:39:24.486,ibuf_merges_discard_insert,0,0,0.000000,enabled
1782985164.484,2026-07-02 09:39:24.486,ibuf_merges_insert,0,0,0.000000,enabled
1782985164.484,2026-07-02 09:39:24.486,ibuf_size,1,1,0.000365,enabled
1782985164.484,2026-07-02 09:39:24.486,innodb_activity_count,20214931,20214931,7374.900545,enabled
1782985164.484,2026-07-02 09:39:24.486,innodb_dblwr_pages_written,31934050,31934050,11650.321309,enabled
1782985164.484,2026-07-02 09:39:24.486,innodb_dblwr_writes,665795,665795,242.898276,enabled
1782985164.484,2026-07-02 09:39:24.486,innodb_page_size,16384,16384,0.000000,enabled
1782985164.484,2026-07-02 09:39:24.486,innodb_rwlock_sx_os_waits,0,0,0.000000,enabled
1782985164.484,2026-07-02 09:39:24.486,innodb_rwlock_sx_spin_rounds,0,0,0.000000,enabled
1782985164.484,2026-07-02 09:39:24.486,innodb_rwlock_sx_spin_waits,0,0,0.000000,enabled
1782985164.484,2026-07-02 09:39:24.486,innodb_rwlock_s_os_waits,0,0,0.000000,enabled
1782985164.484,2026-07-02 09:39:24.486,innodb_rwlock_s_spin_rounds,0,0,0.000000,enabled
1782985164.484,2026-07-02 09:39:24.486,innodb_rwlock_s_spin_waits,0,0,0.000000,enabled
1782985164.484,2026-07-02 09:39:24.486,innodb_rwlock_x_os_waits,0,0,0.000000,enabled
1782985164.484,2026-07-02 09:39:24.486,innodb_rwlock_x_spin_rounds,0,0,0.000000,enabled
1782985164.484,2026-07-02 09:39:24.486,innodb_rwlock_x_spin_waits,0,0,0.000000,enabled
1782985164.484,2026-07-02 09:39:24.486,lock_deadlocks,0,0,0.000000,enabled
1782985164.484,2026-07-02 09:39:24.486,lock_deadlock_false_positives,0,0,0.000000,enabled
1782985164.484,2026-07-02 09:39:24.486,lock_deadlock_rounds,2978,2978,1.086447,enabled
1782985164.484,2026-07-02 09:39:24.486,lock_rec_grant_attempts,425,425,0.155050,enabled
1782985164.484,2026-07-02 09:39:24.486,lock_rec_release_attempts,45785038,45785038,16703.502726,enabled
1782985164.484,2026-07-02 09:39:24.486,lock_row_lock_current_waits,0,0,0.000000,enabled
1782985164.484,2026-07-02 09:39:24.486,lock_row_lock_time,323,323,0.117838,enabled
1782985164.484,2026-07-02 09:39:24.486,lock_row_lock_time_avg,0,0,0.000000,enabled
1782985164.484,2026-07-02 09:39:24.486,lock_row_lock_time_max,29,29,0.000000,enabled
1782985164.484,2026-07-02 09:39:24.486,lock_row_lock_waits,425,425,0.155050,enabled
1782985164.484,2026-07-02 09:39:24.486,lock_schedule_refreshes,2978,2978,1.086447,enabled
1782985164.484,2026-07-02 09:39:24.486,lock_threads_waiting,0,0,0.000000,enabled
1782985164.484,2026-07-02 09:39:24.486,lock_timeouts,0,0,0.000000,enabled
1782985164.484,2026-07-02 09:39:24.486,log_waits,0,0,0.000000,enabled
1782985164.484,2026-07-02 09:39:24.486,log_writes,231122928,231122928,84319.292324,enabled
1782985164.484,2026-07-02 09:39:24.486,log_write_requests,440775665,440775665,160805.734396,enabled
1782985164.484,2026-07-02 09:39:24.486,os_data_fsyncs,68481054,68481054,24983.562696,enabled
1782985164.484,2026-07-02 09:39:24.486,os_data_reads,98521282,98521282,35942.972334,enabled
1782985164.484,2026-07-02 09:39:24.486,os_data_writes,264011239,264011239,96317.754500,enabled
1782985164.484,2026-07-02 09:39:24.486,os_log_bytes_written,143256876032,143256876032,52263610.575040,enabled
1782985164.484,2026-07-02 09:39:24.486,os_log_fsyncs,59598510,59598510,21742.993436,enabled
1782985164.484,2026-07-02 09:39:24.486,os_log_pending_fsyncs,0,0,0.000000,enabled
1782985164.484,2026-07-02 09:39:24.486,os_log_pending_writes,0,0,0.000000,enabled
1782985164.484,2026-07-02 09:39:24.486,trx_rseg_history_len,613,613,0.000000,enabled
1782985165.556,2026-07-02 09:39:25.558,adaptive_hash_searches,0,0,0.000000,enabled
1782985165.556,2026-07-02 09:39:25.558,adaptive_hash_searches_btree,664585092,664585092,242362.037919,enabled
1782985165.556,2026-07-02 09:39:25.558,buffer_data_reads,1610245245440,1610245245440,587227080.137388,enabled
1782985165.556,2026-07-02 09:39:25.558,buffer_data_written,705747368960,705747368960,257373196.814290,enabled
1782985165.556,2026-07-02 09:39:25.558,buffer_pages0_read,7,7,0.002553,enabled
1782985165.556,2026-07-02 09:39:25.558,buffer_pages_created,1827281,1827281,666.376068,enabled
1782985165.556,2026-07-02 09:39:25.558,buffer_pages_read,98558684,98558684,35942.555024,enabled
1782985165.556,2026-07-02 09:39:25.558,buffer_pages_written,32009945,32009945,11673.443336,enabled
1782985165.556,2026-07-02 09:39:25.558,buffer_pool_bytes_data,12855017472,12855017472,0.000000,enabled
1782985165.556,2026-07-02 09:39:25.558,buffer_pool_bytes_dirty,4633034752,4633034752,0.000000,enabled
1782985165.556,2026-07-02 09:39:25.558,buffer_pool_pages_data,784609,784609,0.000000,enabled
1782985165.556,2026-07-02 09:39:25.558,buffer_pool_pages_dirty,282778,282778,0.000000,enabled
1782985165.556,2026-07-02 09:39:25.558,buffer_pool_pages_flushed,31952831,31952831,0.000000,enabled
1782985165.556,2026-07-02 09:39:25.558,buffer_pool_pages_free,1734,1734,0.000000,enabled
1782985165.556,2026-07-02 09:39:25.558,buffer_pool_pages_lru_flushed,0,0,0.000000,enabled
1782985165.556,2026-07-02 09:39:25.558,buffer_pool_pages_misc,96,96,0.000000,enabled
1782985165.556,2026-07-02 09:39:25.558,buffer_pool_pages_total,786432,786432,0.000000,enabled
1782985165.556,2026-07-02 09:39:25.558,buffer_pool_reads,97638024,97638024,35606.808318,enabled
1782985165.556,2026-07-02 09:39:25.558,buffer_pool_read_ahead,803715,803715,293.100213,enabled
1782985165.556,2026-07-02 09:39:25.558,buffer_pool_read_ahead_evicted,25,25,0.009117,enabled
1782985165.556,2026-07-02 09:39:25.558,buffer_pool_read_requests,3210162690,3210162690,1170687.836579,enabled
1782985165.556,2026-07-02 09:39:25.558,buffer_pool_size,12884901888,12884901888,0.000000,enabled
1782985165.556,2026-07-02 09:39:25.558,buffer_pool_wait_free,18945,18945,6.908896,enabled
1782985165.556,2026-07-02 09:39:25.558,buffer_pool_write_requests,650202749,650202749,237117.094224,enabled
1782985165.556,2026-07-02 09:39:25.558,dml_deletes,15067935,15067935,5495.000395,enabled
1782985165.556,2026-07-02 09:39:25.558,dml_inserts,114953342,114953342,41921.382076,enabled
1782985165.556,2026-07-02 09:39:25.558,dml_system_deletes,468,468,0.170671,enabled
1782985165.556,2026-07-02 09:39:25.558,dml_system_inserts,1202,1202,0.438347,enabled
1782985165.556,2026-07-02 09:39:25.558,dml_system_reads,7661,7661,2.793827,enabled
1782985165.556,2026-07-02 09:39:25.558,dml_system_updates,620,620,0.226103,enabled
1782985165.556,2026-07-02 09:39:25.558,dml_updates,30136002,30136002,10990.048918,enabled
1782985165.556,2026-07-02 09:39:25.558,file_num_open_files,35,35,0.000000,enabled
1782985165.556,2026-07-02 09:39:25.558,ibuf_merges,0,0,0.000000,enabled
1782985165.556,2026-07-02 09:39:25.558,ibuf_merges_delete,0,0,0.000000,enabled
1782985165.556,2026-07-02 09:39:25.558,ibuf_merges_delete_mark,0,0,0.000000,enabled
1782985165.556,2026-07-02 09:39:25.558,ibuf_merges_discard_delete,0,0,0.000000,enabled
1782985165.556,2026-07-02 09:39:25.558,ibuf_merges_discard_delete_mark,0,0,0.000000,enabled
1782985165.556,2026-07-02 09:39:25.558,ibuf_merges_discard_insert,0,0,0.000000,enabled
1782985165.556,2026-07-02 09:39:25.558,ibuf_merges_insert,0,0,0.000000,enabled
1782985165.556,2026-07-02 09:39:25.558,ibuf_size,1,1,0.000365,enabled
1782985165.556,2026-07-02 09:39:25.558,innodb_activity_count,20220619,20220619,7374.090141,enabled
1782985165.556,2026-07-02 09:39:25.558,innodb_dblwr_pages_written,31950317,31950317,11651.696531,enabled
1782985165.556,2026-07-02 09:39:25.558,innodb_dblwr_writes,666156,666156,242.934915,enabled
1782985165.556,2026-07-02 09:39:25.558,innodb_page_size,16384,16384,0.000000,enabled
1782985165.556,2026-07-02 09:39:25.558,innodb_rwlock_sx_os_waits,0,0,0.000000,enabled
1782985165.556,2026-07-02 09:39:25.558,innodb_rwlock_sx_spin_rounds,0,0,0.000000,enabled
1782985165.556,2026-07-02 09:39:25.558,innodb_rwlock_sx_spin_waits,0,0,0.000000,enabled
1782985165.556,2026-07-02 09:39:25.558,innodb_rwlock_s_os_waits,0,0,0.000000,enabled
1782985165.556,2026-07-02 09:39:25.558,innodb_rwlock_s_spin_rounds,0,0,0.000000,enabled
1782985165.556,2026-07-02 09:39:25.558,innodb_rwlock_s_spin_waits,0,0,0.000000,enabled
1782985165.556,2026-07-02 09:39:25.558,innodb_rwlock_x_os_waits,0,0,0.000000,enabled
1782985165.556,2026-07-02 09:39:25.558,innodb_rwlock_x_spin_rounds,0,0,0.000000,enabled
1782985165.556,2026-07-02 09:39:25.558,innodb_rwlock_x_spin_waits,0,0,0.000000,enabled
1782985165.556,2026-07-02 09:39:25.558,lock_deadlocks,0,0,0.000000,enabled
1782985165.556,2026-07-02 09:39:25.558,lock_deadlock_false_positives,0,0,0.000000,enabled
1782985165.556,2026-07-02 09:39:25.558,lock_deadlock_rounds,2979,2979,1.086387,enabled
1782985165.556,2026-07-02 09:39:25.558,lock_rec_grant_attempts,425,425,0.154990,enabled
1782985165.556,2026-07-02 09:39:25.558,lock_rec_release_attempts,45800131,45800131,16702.473448,enabled
1782985165.556,2026-07-02 09:39:25.558,lock_row_lock_current_waits,0,0,0.000000,enabled
1782985165.556,2026-07-02 09:39:25.558,lock_row_lock_time,323,323,0.117792,enabled
1782985165.556,2026-07-02 09:39:25.558,lock_row_lock_time_avg,0,0,0.000000,enabled
1782985165.556,2026-07-02 09:39:25.558,lock_row_lock_time_max,29,29,0.000000,enabled
1782985165.556,2026-07-02 09:39:25.558,lock_row_lock_waits,425,425,0.154990,enabled
1782985165.556,2026-07-02 09:39:25.558,lock_schedule_refreshes,2979,2979,1.086387,enabled
1782985165.556,2026-07-02 09:39:25.558,lock_threads_waiting,0,0,0.000000,enabled
1782985165.556,2026-07-02 09:39:25.558,lock_timeouts,0,0,0.000000,enabled
1782985165.556,2026-07-02 09:39:25.558,log_waits,0,0,0.000000,enabled
1782985165.556,2026-07-02 09:39:25.558,log_writes,231203361,231203361,84315.643051,enabled
1782985165.556,2026-07-02 09:39:25.558,log_write_requests,440859766,440859766,160773.504871,enabled
1782985165.556,2026-07-02 09:39:25.558,os_data_fsyncs,68516247,68516247,24986.624570,enabled
1782985165.556,2026-07-02 09:39:25.558,os_data_reads,98579534,98579534,35950.156606,enabled
1782985165.556,2026-07-02 09:39:25.558,os_data_writes,264108179,264108179,96315.431861,enabled
1782985165.556,2026-07-02 09:39:25.558,os_log_bytes_written,143298713600,143298713600,52258424.963368,enabled
1782985165.556,2026-07-02 09:39:25.558,os_log_fsyncs,59628746,59628746,21745.515143,enabled
1782985165.556,2026-07-02 09:39:25.558,os_log_pending_fsyncs,1,1,0.000365,enabled
1782985165.556,2026-07-02 09:39:25.558,os_log_pending_writes,0,0,0.000000,enabled
1782985165.556,2026-07-02 09:39:25.558,trx_rseg_history_len,765,765,0.000000,enabled
1782985166.628,2026-07-02 09:39:26.630,adaptive_hash_searches,0,0,0.000000,enabled
1782985166.628,2026-07-02 09:39:26.630,adaptive_hash_searches_btree,664756307,664756307,242329.737336,enabled
1782985166.628,2026-07-02 09:39:26.630,buffer_data_reads,1611193944576,1611193944576,587343418.741492,enabled
1782985166.628,2026-07-02 09:39:26.630,buffer_data_written,706064195584,706064195584,257388106.267098,enabled
1782985166.628,2026-07-02 09:39:26.630,buffer_pages0_read,7,7,0.002552,enabled
1782985166.628,2026-07-02 09:39:26.630,buffer_pages_created,1827309,1827309,666.125842,enabled
1782985166.628,2026-07-02 09:39:26.630,buffer_pages_read,98616737,98616737,35949.670570,enabled
1782985166.628,2026-07-02 09:39:26.630,buffer_pages_written,32026362,32026362,11674.865766,enabled
1782985166.628,2026-07-02 09:39:26.630,buffer_pool_bytes_data,12853395456,12853395456,0.000000,enabled
1782985166.628,2026-07-02 09:39:26.630,buffer_pool_bytes_dirty,4637097984,4637097984,0.000000,enabled
1782985166.628,2026-07-02 09:39:26.630,buffer_pool_pages_data,784509,784509,0.000000,enabled
1782985166.628,2026-07-02 09:39:26.630,buffer_pool_pages_dirty,283026,283026,0.000000,enabled
1782985166.628,2026-07-02 09:39:26.630,buffer_pool_pages_flushed,31969230,31969230,0.000000,enabled
1782985166.628,2026-07-02 09:39:26.630,buffer_pool_pages_free,1827,1827,0.000000,enabled
1782985166.628,2026-07-02 09:39:26.630,buffer_pool_pages_lru_flushed,0,0,0.000000,enabled
1782985166.628,2026-07-02 09:39:26.630,buffer_pool_pages_misc,96,96,0.000000,enabled
1782985166.628,2026-07-02 09:39:26.630,buffer_pool_pages_total,786432,786432,0.000000,enabled
1782985166.628,2026-07-02 09:39:26.630,buffer_pool_reads,97696022,97696022,35614.034838,enabled
1782985166.628,2026-07-02 09:39:26.630,buffer_pool_read_ahead,803715,803715,292.985663,enabled
1782985166.628,2026-07-02 09:39:26.630,buffer_pool_read_ahead_evicted,25,25,0.009113,enabled
1782985166.628,2026-07-02 09:39:26.630,buffer_pool_read_requests,3211010472,3211010472,1170539.352076,enabled
1782985166.628,2026-07-02 09:39:26.630,buffer_pool_size,12884901888,12884901888,0.000000,enabled
1782985166.628,2026-07-02 09:39:26.630,buffer_pool_wait_free,18945,18945,6.906196,enabled
1782985166.628,2026-07-02 09:39:26.630,buffer_pool_write_requests,650316967,650316967,237066.059857,enabled
1782985166.628,2026-07-02 09:39:26.630,dml_deletes,15072888,15072888,5494.658529,enabled
1782985166.628,2026-07-02 09:39:26.630,dml_inserts,114958295,114958295,41906.804896,enabled
1782985166.628,2026-07-02 09:39:26.630,dml_system_deletes,468,468,0.170604,enabled
1782985166.628,2026-07-02 09:39:26.630,dml_system_inserts,1202,1202,0.438176,enabled
1782985166.628,2026-07-02 09:39:26.630,dml_system_reads,7661,7661,2.792735,enabled
1782985166.628,2026-07-02 09:39:26.630,dml_system_updates,620,620,0.226014,enabled
1782985166.628,2026-07-02 09:39:26.630,dml_updates,30145914,30145914,10989.367356,enabled
1782985166.628,2026-07-02 09:39:26.630,file_num_open_files,35,35,0.000000,enabled
1782985166.628,2026-07-02 09:39:26.630,ibuf_merges,0,0,0.000000,enabled
1782985166.628,2026-07-02 09:39:26.630,ibuf_merges_delete,0,0,0.000000,enabled
1782985166.628,2026-07-02 09:39:26.630,ibuf_merges_delete_mark,0,0,0.000000,enabled
1782985166.628,2026-07-02 09:39:26.630,ibuf_merges_discard_delete,0,0,0.000000,enabled
1782985166.628,2026-07-02 09:39:26.630,ibuf_merges_discard_delete_mark,0,0,0.000000,enabled
1782985166.628,2026-07-02 09:39:26.630,ibuf_merges_discard_insert,0,0,0.000000,enabled
1782985166.628,2026-07-02 09:39:26.630,ibuf_merges_insert,0,0,0.000000,enabled
1782985166.628,2026-07-02 09:39:26.630,ibuf_size,1,1,0.000365,enabled
1782985166.628,2026-07-02 09:39:26.630,innodb_activity_count,20226313,20226313,7373.284044,enabled
1782985166.628,2026-07-02 09:39:26.630,innodb_dblwr_pages_written,31966716,31966716,11653.121152,enabled
1782985166.628,2026-07-02 09:39:26.630,innodb_dblwr_writes,666544,666544,242.981418,enabled
1782985166.628,2026-07-02 09:39:26.630,innodb_page_size,16384,16384,0.000000,enabled
1782985166.628,2026-07-02 09:39:26.630,innodb_rwlock_sx_os_waits,0,0,0.000000,enabled
1782985166.628,2026-07-02 09:39:26.630,innodb_rwlock_sx_spin_rounds,0,0,0.000000,enabled
1782985166.628,2026-07-02 09:39:26.630,innodb_rwlock_sx_spin_waits,0,0,0.000000,enabled
1782985166.628,2026-07-02 09:39:26.630,innodb_rwlock_s_os_waits,0,0,0.000000,enabled
1782985166.628,2026-07-02 09:39:26.630,innodb_rwlock_s_spin_rounds,0,0,0.000000,enabled
1782985166.628,2026-07-02 09:39:26.630,innodb_rwlock_s_spin_waits,0,0,0.000000,enabled
1782985166.628,2026-07-02 09:39:26.630,innodb_rwlock_x_os_waits,0,0,0.000000,enabled
1782985166.628,2026-07-02 09:39:26.630,innodb_rwlock_x_spin_rounds,0,0,0.000000,enabled
1782985166.628,2026-07-02 09:39:26.630,innodb_rwlock_x_spin_waits,0,0,0.000000,enabled
1782985166.628,2026-07-02 09:39:26.630,lock_deadlocks,0,0,0.000000,enabled
1782985166.628,2026-07-02 09:39:26.630,lock_deadlock_false_positives,0,0,0.000000,enabled
1782985166.628,2026-07-02 09:39:26.630,lock_deadlock_rounds,2980,2980,1.086327,enabled
1782985166.628,2026-07-02 09:39:26.630,lock_rec_grant_attempts,425,425,0.154929,enabled
1782985166.628,2026-07-02 09:39:26.630,lock_rec_release_attempts,45815213,45815213,16701.443652,enabled
1782985166.628,2026-07-02 09:39:26.630,lock_row_lock_current_waits,0,0,0.000000,enabled
1782985166.628,2026-07-02 09:39:26.630,lock_row_lock_time,323,323,0.117746,enabled
1782985166.628,2026-07-02 09:39:26.630,lock_row_lock_time_avg,0,0,0.000000,enabled
1782985166.628,2026-07-02 09:39:26.630,lock_row_lock_time_max,29,29,0.000000,enabled
1782985166.628,2026-07-02 09:39:26.630,lock_row_lock_waits,425,425,0.154929,enabled
1782985166.628,2026-07-02 09:39:26.630,lock_schedule_refreshes,2980,2980,1.086327,enabled
1782985166.628,2026-07-02 09:39:26.630,lock_threads_waiting,0,0,0.000000,enabled
1782985166.628,2026-07-02 09:39:26.630,lock_timeouts,0,0,0.000000,enabled
1782985166.628,2026-07-02 09:39:26.630,log_waits,0,0,0.000000,enabled
1782985166.628,2026-07-02 09:39:26.630,log_writes,231283841,231283841,84312.030162,enabled
1782985166.628,2026-07-02 09:39:26.630,log_write_requests,440943848,440943848,160741.324910,enabled
1782985166.628,2026-07-02 09:39:26.630,os_data_fsyncs,68551734,68551734,24989.795968,enabled
1782985166.628,2026-07-02 09:39:26.630,os_data_reads,98637438,98637438,35957.215222,enabled
1782985166.628,2026-07-02 09:39:26.630,os_data_writes,264205379,264205379,96313.224089,enabled
1782985166.628,2026-07-02 09:39:26.630,os_log_bytes_written,143340685824,143340685824,52253302.414439,enabled
1782985166.628,2026-07-02 09:39:26.630,os_log_fsyncs,59658868,59658868,21747.997445,enabled
1782985166.628,2026-07-02 09:39:26.630,os_log_pending_fsyncs,1,1,0.000365,enabled
1782985166.628,2026-07-02 09:39:26.630,os_log_pending_writes,0,0,0.000000,enabled
1782985166.628,2026-07-02 09:39:26.630,trx_rseg_history_len,873,873,0.000000,enabled
1782985167.701,2026-07-02 09:39:27.702,adaptive_hash_searches,0,0,0.000000,enabled
1782985167.701,2026-07-02 09:39:27.702,adaptive_hash_searches_btree,664927325,664927325,242297.363932,enabled
1782985167.701,2026-07-02 09:39:27.702,buffer_data_reads,1612146870784,1612146870784,587461153.683849,enabled
1782985167.701,2026-07-02 09:39:27.702,buffer_data_written,706380228608,706380228608,257402691.608282,enabled
1782985167.701,2026-07-02 09:39:27.702,buffer_pages0_read,7,7,0.002551,enabled
1782985167.701,2026-07-02 09:39:27.702,buffer_pages_created,1827347,1827347,665.879396,enabled
1782985167.701,2026-07-02 09:39:27.702,buffer_pages_read,98675066,98675066,35956.877902,enabled
1782985167.701,2026-07-02 09:39:27.702,buffer_pages_written,32042764,32042764,11676.280572,enabled
1782985167.701,2026-07-02 09:39:27.702,buffer_pool_bytes_data,12848939008,12848939008,0.000000,enabled
1782985167.701,2026-07-02 09:39:27.702,buffer_pool_bytes_dirty,4641062912,4641062912,0.000000,enabled
1782985167.701,2026-07-02 09:39:27.702,buffer_pool_pages_data,784237,784237,0.000000,enabled
1782985167.701,2026-07-02 09:39:27.702,buffer_pool_pages_dirty,283268,283268,0.000000,enabled
1782985167.701,2026-07-02 09:39:27.702,buffer_pool_pages_flushed,31985650,31985650,0.000000,enabled
1782985167.701,2026-07-02 09:39:27.702,buffer_pool_pages_free,2099,2099,0.000000,enabled
1782985167.701,2026-07-02 09:39:27.702,buffer_pool_pages_lru_flushed,0,0,0.000000,enabled
1782985167.701,2026-07-02 09:39:27.702,buffer_pool_pages_misc,96,96,0.000000,enabled
1782985167.701,2026-07-02 09:39:27.702,buffer_pool_pages_total,786432,786432,0.000000,enabled
1782985167.701,2026-07-02 09:39:27.702,buffer_pool_reads,97754285,97754285,35621.349242,enabled
1782985167.701,2026-07-02 09:39:27.702,buffer_pool_read_ahead,803715,803715,292.871177,enabled
1782985167.701,2026-07-02 09:39:27.702,buffer_pool_read_ahead_evicted,25,25,0.009110,enabled
1782985167.701,2026-07-02 09:39:27.702,buffer_pool_read_requests,3211857147,3211857147,1170390.481408,enabled
1782985167.701,2026-07-02 09:39:27.702,buffer_pool_size,12884901888,12884901888,0.000000,enabled
1782985167.701,2026-07-02 09:39:27.702,buffer_pool_wait_free,18945,18945,6.903497,enabled
1782985167.701,2026-07-02 09:39:27.702,buffer_pool_write_requests,650431060,650431060,237014.999771,enabled
1782985167.701,2026-07-02 09:39:27.702,dml_deletes,15077838,15077838,5494.315223,enabled
1782985167.701,2026-07-02 09:39:27.702,dml_inserts,114963244,114963244,41892.232962,enabled
1782985167.701,2026-07-02 09:39:27.702,dml_system_deletes,468,468,0.170538,enabled
1782985167.701,2026-07-02 09:39:27.702,dml_system_inserts,1202,1202,0.438005,enabled
1782985167.701,2026-07-02 09:39:27.702,dml_system_reads,7661,7661,2.791644,enabled
1782985167.701,2026-07-02 09:39:27.702,dml_system_updates,620,620,0.225926,enabled
1782985167.701,2026-07-02 09:39:27.702,dml_updates,30155809,30155809,10988.678903,enabled
1782985167.701,2026-07-02 09:39:27.702,file_num_open_files,35,35,0.000000,enabled
1782985167.701,2026-07-02 09:39:27.702,ibuf_merges,0,0,0.000000,enabled
1782985167.701,2026-07-02 09:39:27.702,ibuf_merges_delete,0,0,0.000000,enabled
1782985167.701,2026-07-02 09:39:27.702,ibuf_merges_delete_mark,0,0,0.000000,enabled
1782985167.701,2026-07-02 09:39:27.702,ibuf_merges_discard_delete,0,0,0.000000,enabled
1782985167.701,2026-07-02 09:39:27.702,ibuf_merges_discard_delete_mark,0,0,0.000000,enabled
1782985167.701,2026-07-02 09:39:27.702,ibuf_merges_discard_insert,0,0,0.000000,enabled
1782985167.701,2026-07-02 09:39:27.702,ibuf_merges_insert,0,0,0.000000,enabled
1782985167.701,2026-07-02 09:39:27.702,ibuf_size,1,1,0.000364,enabled
1782985167.701,2026-07-02 09:39:27.702,innodb_activity_count,20231993,20231993,7372.472665,enabled
1782985167.701,2026-07-02 09:39:27.702,innodb_dblwr_pages_written,31983136,31983136,11654.551024,enabled
1782985167.701,2026-07-02 09:39:27.702,innodb_dblwr_writes,666916,666916,243.022027,enabled
1782985167.701,2026-07-02 09:39:27.702,innodb_page_size,16384,16384,0.000000,enabled
1782985167.701,2026-07-02 09:39:27.702,innodb_rwlock_sx_os_waits,0,0,0.000000,enabled
1782985167.701,2026-07-02 09:39:27.702,innodb_rwlock_sx_spin_rounds,0,0,0.000000,enabled
1782985167.701,2026-07-02 09:39:27.702,innodb_rwlock_sx_spin_waits,0,0,0.000000,enabled
1782985167.701,2026-07-02 09:39:27.702,innodb_rwlock_s_os_waits,0,0,0.000000,enabled
1782985167.701,2026-07-02 09:39:27.702,innodb_rwlock_s_spin_rounds,0,0,0.000000,enabled
1782985167.701,2026-07-02 09:39:27.702,innodb_rwlock_s_spin_waits,0,0,0.000000,enabled
1782985167.701,2026-07-02 09:39:27.702,innodb_rwlock_x_os_waits,0,0,0.000000,enabled
1782985167.701,2026-07-02 09:39:27.702,innodb_rwlock_x_spin_rounds,0,0,0.000000,enabled
1782985167.701,2026-07-02 09:39:27.702,innodb_rwlock_x_spin_waits,0,0,0.000000,enabled
1782985167.701,2026-07-02 09:39:27.702,lock_deadlocks,0,0,0.000000,enabled
1782985167.701,2026-07-02 09:39:27.702,lock_deadlock_false_positives,0,0,0.000000,enabled
1782985167.701,2026-07-02 09:39:27.702,lock_deadlock_rounds,2981,2981,1.086267,enabled
1782985167.701,2026-07-02 09:39:27.702,lock_rec_grant_attempts,425,425,0.154869,enabled
1782985167.701,2026-07-02 09:39:27.702,lock_rec_release_attempts,45830269,45830269,16700.403819,enabled
1782985167.701,2026-07-02 09:39:27.702,lock_row_lock_current_waits,0,0,0.000000,enabled
1782985167.701,2026-07-02 09:39:27.702,lock_row_lock_time,323,323,0.117700,enabled
1782985167.701,2026-07-02 09:39:27.702,lock_row_lock_time_avg,0,0,0.000000,enabled
1782985167.701,2026-07-02 09:39:27.702,lock_row_lock_time_max,29,29,0.000000,enabled
1782985167.701,2026-07-02 09:39:27.702,lock_row_lock_waits,425,425,0.154869,enabled
1782985167.701,2026-07-02 09:39:27.702,lock_schedule_refreshes,2981,2981,1.086267,enabled
1782985167.701,2026-07-02 09:39:27.702,lock_threads_waiting,0,0,0.000000,enabled
1782985167.701,2026-07-02 09:39:27.702,lock_timeouts,0,0,0.000000,enabled
1782985167.701,2026-07-02 09:39:27.702,log_waits,0,0,0.000000,enabled
1782985167.701,2026-07-02 09:39:27.702,log_writes,231362708,231362708,84307.823663,enabled
1782985167.701,2026-07-02 09:39:27.702,log_write_requests,441027824,441027824,160709.114944,enabled
1782985167.701,2026-07-02 09:39:27.702,os_data_fsyncs,68586657,68586657,24992.756891,enabled
1782985167.701,2026-07-02 09:39:27.702,os_data_reads,98695603,98695603,35964.359867,enabled
1782985167.701,2026-07-02 09:39:27.702,os_data_writes,264300913,264300913,96310.401428,enabled
1782985167.701,2026-07-02 09:39:27.702,os_log_bytes_written,143381896704,143381896704,52247901.248643,enabled
1782985167.701,2026-07-02 09:39:27.702,os_log_fsyncs,59688565,59688565,21750.320784,enabled
1782985167.701,2026-07-02 09:39:27.702,os_log_pending_fsyncs,1,1,0.000364,enabled
1782985167.701,2026-07-02 09:39:27.702,os_log_pending_writes,0,0,0.000000,enabled
1782985167.701,2026-07-02 09:39:27.702,trx_rseg_history_len,1012,1012,0.000000,enabled
1782985168.773,2026-07-02 09:39:28.775,adaptive_hash_searches,0,0,0.000000,enabled
1782985168.773,2026-07-02 09:39:28.775,adaptive_hash_searches_btree,665098308,665098308,242265.379342,enabled
1782985168.773,2026-07-02 09:39:28.775,buffer_data_reads,1613089311232,1613089311232,587575892.208740,enabled
1782985168.773,2026-07-02 09:39:28.775,buffer_data_written,706691155968,706691155968,257415806.623592,enabled
1782985168.773,2026-07-02 09:39:28.775,buffer_pages0_read,7,7,0.002550,enabled
1782985168.773,2026-07-02 09:39:28.775,buffer_pages_created,1827388,1827388,665.635272,enabled
1782985168.773,2026-07-02 09:39:28.775,buffer_pages_read,98732773,98732773,35963.909053,enabled
1782985168.773,2026-07-02 09:39:28.775,buffer_pages_written,32058822,32058822,11677.587159,enabled
1782985168.773,2026-07-02 09:39:28.775,buffer_pool_bytes_data,12853542912,12853542912,0.000000,enabled
1782985168.773,2026-07-02 09:39:28.775,buffer_pool_bytes_dirty,4650680320,4650680320,0.000000,enabled
1782985168.773,2026-07-02 09:39:28.775,buffer_pool_pages_data,784518,784518,0.000000,enabled
1782985168.773,2026-07-02 09:39:28.775,buffer_pool_pages_dirty,283855,283855,0.000000,enabled
1782985168.773,2026-07-02 09:39:28.775,buffer_pool_pages_flushed,32001708,32001708,0.000000,enabled
1782985168.773,2026-07-02 09:39:28.775,buffer_pool_pages_free,1818,1818,0.000000,enabled
1782985168.773,2026-07-02 09:39:28.775,buffer_pool_pages_lru_flushed,0,0,0.000000,enabled
1782985168.773,2026-07-02 09:39:28.775,buffer_pool_pages_misc,96,96,0.000000,enabled
1782985168.773,2026-07-02 09:39:28.775,buffer_pool_pages_total,786432,786432,0.000000,enabled
1782985168.773,2026-07-02 09:39:28.775,buffer_pool_reads,97811935,97811935,35628.490245,enabled
1782985168.773,2026-07-02 09:39:28.775,buffer_pool_read_ahead,803715,803715,292.757236,enabled
1782985168.773,2026-07-02 09:39:28.775,buffer_pool_read_ahead_evicted,25,25,0.009106,enabled
1782985168.773,2026-07-02 09:39:28.775,buffer_pool_read_requests,3212703145,3212703145,1170243.305214,enabled
1782985168.773,2026-07-02 09:39:28.775,buffer_pool_size,12884901888,12884901888,0.000000,enabled
1782985168.773,2026-07-02 09:39:28.775,buffer_pool_wait_free,18945,18945,6.900812,enabled
1782985168.773,2026-07-02 09:39:28.775,buffer_pool_write_requests,650545413,650545413,236964.443774,enabled
1782985168.773,2026-07-02 09:39:28.775,dml_deletes,15082788,15082788,5493.980723,enabled
1782985168.773,2026-07-02 09:39:28.775,dml_inserts,114968194,114968194,41877.737860,enabled
1782985168.773,2026-07-02 09:39:28.775,dml_system_deletes,468,468,0.170471,enabled
1782985168.773,2026-07-02 09:39:28.775,dml_system_inserts,1202,1202,0.437834,enabled
1782985168.773,2026-07-02 09:39:28.775,dml_system_reads,7661,7661,2.790557,enabled
1782985168.773,2026-07-02 09:39:28.775,dml_system_updates,620,620,0.225838,enabled
1782985168.773,2026-07-02 09:39:28.775,dml_updates,30165713,30165713,10988.011342,enabled
1782985168.773,2026-07-02 09:39:28.775,file_num_open_files,35,35,0.000000,enabled
1782985168.773,2026-07-02 09:39:28.775,ibuf_merges,0,0,0.000000,enabled
1782985168.773,2026-07-02 09:39:28.775,ibuf_merges_delete,0,0,0.000000,enabled
1782985168.773,2026-07-02 09:39:28.775,ibuf_merges_delete_mark,0,0,0.000000,enabled
1782985168.773,2026-07-02 09:39:28.775,ibuf_merges_discard_delete,0,0,0.000000,enabled
1782985168.773,2026-07-02 09:39:28.775,ibuf_merges_discard_delete_mark,0,0,0.000000,enabled
1782985168.773,2026-07-02 09:39:28.775,ibuf_merges_discard_insert,0,0,0.000000,enabled
1782985168.773,2026-07-02 09:39:28.775,ibuf_merges_insert,0,0,0.000000,enabled
1782985168.773,2026-07-02 09:39:28.775,ibuf_size,1,1,0.000364,enabled
1782985168.773,2026-07-02 09:39:28.775,innodb_activity_count,20237682,20237682,7371.676643,enabled
1782985168.773,2026-07-02 09:39:28.775,innodb_dblwr_pages_written,31999194,31999194,11655.866021,enabled
1782985168.773,2026-07-02 09:39:28.775,innodb_dblwr_writes,667266,667266,243.054969,enabled
1782985168.773,2026-07-02 09:39:28.775,innodb_page_size,16384,16384,0.000000,enabled
1782985168.773,2026-07-02 09:39:28.775,innodb_rwlock_sx_os_waits,0,0,0.000000,enabled
1782985168.773,2026-07-02 09:39:28.775,innodb_rwlock_sx_spin_rounds,0,0,0.000000,enabled
1782985168.773,2026-07-02 09:39:28.775,innodb_rwlock_sx_spin_waits,0,0,0.000000,enabled
1782985168.773,2026-07-02 09:39:28.775,innodb_rwlock_s_os_waits,0,0,0.000000,enabled
1782985168.773,2026-07-02 09:39:28.775,innodb_rwlock_s_spin_rounds,0,0,0.000000,enabled
1782985168.773,2026-07-02 09:39:28.775,innodb_rwlock_s_spin_waits,0,0,0.000000,enabled
1782985168.773,2026-07-02 09:39:28.775,innodb_rwlock_x_os_waits,0,0,0.000000,enabled
1782985168.773,2026-07-02 09:39:28.775,innodb_rwlock_x_spin_rounds,0,0,0.000000,enabled
1782985168.773,2026-07-02 09:39:28.775,innodb_rwlock_x_spin_waits,0,0,0.000000,enabled
1782985168.773,2026-07-02 09:39:28.775,lock_deadlocks,0,0,0.000000,enabled
1782985168.773,2026-07-02 09:39:28.775,lock_deadlock_false_positives,0,0,0.000000,enabled
1782985168.773,2026-07-02 09:39:28.775,lock_deadlock_rounds,2982,2982,1.086209,enabled
1782985168.773,2026-07-02 09:39:28.775,lock_rec_grant_attempts,425,425,0.154808,enabled
1782985168.773,2026-07-02 09:39:28.775,lock_rec_release_attempts,45845280,45845280,16699.374433,enabled
1782985168.773,2026-07-02 09:39:28.775,lock_row_lock_current_waits,0,0,0.000000,enabled
1782985168.773,2026-07-02 09:39:28.775,lock_row_lock_time,323,323,0.117654,enabled
1782985168.773,2026-07-02 09:39:28.775,lock_row_lock_time_avg,0,0,0.000000,enabled
1782985168.773,2026-07-02 09:39:28.775,lock_row_lock_time_max,29,29,0.000000,enabled
1782985168.773,2026-07-02 09:39:28.775,lock_row_lock_waits,425,425,0.154808,enabled
1782985168.773,2026-07-02 09:39:28.775,lock_schedule_refreshes,2982,2982,1.086209,enabled
1782985168.773,2026-07-02 09:39:28.775,lock_threads_waiting,0,0,0.000000,enabled
1782985168.773,2026-07-02 09:39:28.775,lock_timeouts,0,0,0.000000,enabled
1782985168.773,2026-07-02 09:39:28.775,log_waits,0,0,0.000000,enabled
1782985168.773,2026-07-02 09:39:28.775,log_writes,231442579,231442579,84304.116971,enabled
1782985168.773,2026-07-02 09:39:28.775,log_write_requests,441111792,441111792,160677.176557,enabled
1782985168.773,2026-07-02 09:39:28.775,os_data_fsyncs,68621555,68621555,24995.745251,enabled
1782985168.773,2026-07-02 09:39:28.775,os_data_reads,98753116,98753116,35971.317365,enabled
1782985168.773,2026-07-02 09:39:28.775,os_data_writes,264397094,264397094,96307.966356,enabled
1782985168.773,2026-07-02 09:39:28.775,os_log_bytes_written,143423534592,143423534592,52242741.058936,enabled
1782985168.773,2026-07-02 09:39:28.775,os_log_fsyncs,59718490,59718490,21752.759173,enabled
1782985168.773,2026-07-02 09:39:28.775,os_log_pending_fsyncs,1,1,0.000364,enabled
1782985168.773,2026-07-02 09:39:28.775,os_log_pending_writes,0,0,0.000000,enabled
1782985168.773,2026-07-02 09:39:28.775,trx_rseg_history_len,1146,1146,0.000000,enabled
1782985169.841,2026-07-02 09:39:29.843,adaptive_hash_searches,0,0,0.000000,enabled
1782985169.841,2026-07-02 09:39:29.843,adaptive_hash_searches_btree,665268446,665268446,242232.973058,enabled
1782985169.841,2026-07-02 09:39:29.843,buffer_data_reads,1614034651648,1614034651648,587691264.832988,enabled
1782985169.841,2026-07-02 09:39:29.843,buffer_data_written,707005666816,707005666816,257430070.595256,enabled
1782985169.841,2026-07-02 09:39:29.843,buffer_pages0_read,7,7,0.002549,enabled
1782985169.841,2026-07-02 09:39:29.843,buffer_pages_created,1827416,1827416,665.386227,enabled
1782985169.841,2026-07-02 09:39:29.843,buffer_pages_read,98790652,98790652,35970.976987,enabled
1782985169.841,2026-07-02 09:39:29.843,buffer_pages_written,32075084,32075084,11678.960391,enabled
1782985169.841,2026-07-02 09:39:29.843,buffer_pool_bytes_data,12853182464,12853182464,0.000000,enabled
1782985169.841,2026-07-02 09:39:29.843,buffer_pool_bytes_dirty,4654923776,4654923776,0.000000,enabled
1782985169.841,2026-07-02 09:39:29.843,buffer_pool_pages_data,784495,784495,0.000000,enabled
1782985169.841,2026-07-02 09:39:29.843,buffer_pool_pages_dirty,284114,284114,0.000000,enabled
1782985169.841,2026-07-02 09:39:29.843,buffer_pool_pages_flushed,32017970,32017970,0.000000,enabled
1782985169.841,2026-07-02 09:39:29.843,buffer_pool_pages_free,1840,1840,0.000000,enabled
1782985169.841,2026-07-02 09:39:29.843,buffer_pool_pages_lru_flushed,0,0,0.000000,enabled
1782985169.841,2026-07-02 09:39:29.843,buffer_pool_pages_misc,97,97,0.000000,enabled
1782985169.841,2026-07-02 09:39:29.843,buffer_pool_pages_total,786432,786432,0.000000,enabled
1782985169.841,2026-07-02 09:39:29.843,buffer_pool_reads,97869758,97869758,35635.668352,enabled
1782985169.841,2026-07-02 09:39:29.843,buffer_pool_read_ahead,803715,803715,292.643218,enabled
1782985169.841,2026-07-02 09:39:29.843,buffer_pool_read_ahead_evicted,25,25,0.009103,enabled
1782985169.841,2026-07-02 09:39:29.843,buffer_pool_read_requests,3213545120,3213545120,1170094.112687,enabled
1782985169.841,2026-07-02 09:39:29.843,buffer_pool_size,12884901888,12884901888,0.000000,enabled
1782985169.841,2026-07-02 09:39:29.843,buffer_pool_wait_free,18945,18945,6.898124,enabled
1782985169.841,2026-07-02 09:39:29.843,buffer_pool_write_requests,650658510,650658510,236913.334950,enabled
1782985169.841,2026-07-02 09:39:29.843,dml_deletes,15087705,15087705,5493.631291,enabled
1782985169.841,2026-07-02 09:39:29.843,dml_inserts,114973111,114973111,41863.217810,enabled
1782985169.841,2026-07-02 09:39:29.843,dml_system_deletes,468,468,0.170405,enabled
1782985169.841,2026-07-02 09:39:29.843,dml_system_inserts,1202,1202,0.437664,enabled
1782985169.841,2026-07-02 09:39:29.843,dml_system_reads,7661,7661,2.789471,enabled
1782985169.841,2026-07-02 09:39:29.843,dml_system_updates,620,620,0.225750,enabled
1782985169.841,2026-07-02 09:39:29.843,dml_updates,30175541,30175541,10987.310269,enabled
1782985169.841,2026-07-02 09:39:29.843,file_num_open_files,35,35,0.000000,enabled
1782985169.841,2026-07-02 09:39:29.843,ibuf_merges,0,0,0.000000,enabled
1782985169.841,2026-07-02 09:39:29.843,ibuf_merges_delete,0,0,0.000000,enabled
1782985169.841,2026-07-02 09:39:29.843,ibuf_merges_delete_mark,0,0,0.000000,enabled
1782985169.841,2026-07-02 09:39:29.843,ibuf_merges_discard_delete,0,0,0.000000,enabled
1782985169.841,2026-07-02 09:39:29.843,ibuf_merges_discard_delete_mark,0,0,0.000000,enabled
1782985169.841,2026-07-02 09:39:29.843,ibuf_merges_discard_insert,0,0,0.000000,enabled
1782985169.841,2026-07-02 09:39:29.843,ibuf_merges_insert,0,0,0.000000,enabled
1782985169.841,2026-07-02 09:39:29.843,ibuf_size,1,1,0.000364,enabled
1782985169.841,2026-07-02 09:39:29.843,innodb_activity_count,20243332,20243332,7370.862805,enabled
1782985169.841,2026-07-02 09:39:29.843,innodb_dblwr_pages_written,32015456,32015456,11657.247558,enabled
1782985169.841,2026-07-02 09:39:29.843,innodb_dblwr_writes,667628,667628,243.092114,enabled
1782985169.841,2026-07-02 09:39:29.843,innodb_page_size,16384,16384,0.000000,enabled
1782985169.841,2026-07-02 09:39:29.843,innodb_rwlock_sx_os_waits,0,0,0.000000,enabled
1782985169.841,2026-07-02 09:39:29.843,innodb_rwlock_sx_spin_rounds,0,0,0.000000,enabled
1782985169.841,2026-07-02 09:39:29.843,innodb_rwlock_sx_spin_waits,0,0,0.000000,enabled
1782985169.841,2026-07-02 09:39:29.843,innodb_rwlock_s_os_waits,0,0,0.000000,enabled
1782985169.841,2026-07-02 09:39:29.843,innodb_rwlock_s_spin_rounds,0,0,0.000000,enabled
1782985169.841,2026-07-02 09:39:29.843,innodb_rwlock_s_spin_waits,0,0,0.000000,enabled
1782985169.841,2026-07-02 09:39:29.843,innodb_rwlock_x_os_waits,0,0,0.000000,enabled
1782985169.841,2026-07-02 09:39:29.843,innodb_rwlock_x_spin_rounds,0,0,0.000000,enabled
1782985169.841,2026-07-02 09:39:29.843,innodb_rwlock_x_spin_waits,0,0,0.000000,enabled
1782985169.841,2026-07-02 09:39:29.843,lock_deadlocks,0,0,0.000000,enabled
1782985169.841,2026-07-02 09:39:29.843,lock_deadlock_false_positives,0,0,0.000000,enabled
1782985169.841,2026-07-02 09:39:29.843,lock_deadlock_rounds,2983,2983,1.086150,enabled
1782985169.841,2026-07-02 09:39:29.843,lock_rec_grant_attempts,425,425,0.154748,enabled
1782985169.841,2026-07-02 09:39:29.843,lock_rec_release_attempts,45860230,45860230,16698.314134,enabled
1782985169.841,2026-07-02 09:39:29.843,lock_row_lock_current_waits,0,0,0.000000,enabled
1782985169.841,2026-07-02 09:39:29.843,lock_row_lock_time,323,323,0.117609,enabled
1782985169.841,2026-07-02 09:39:29.843,lock_row_lock_time_avg,0,0,0.000000,enabled
1782985169.841,2026-07-02 09:39:29.843,lock_row_lock_time_max,29,29,0.000000,enabled
1782985169.841,2026-07-02 09:39:29.843,lock_row_lock_waits,425,425,0.154748,enabled
1782985169.841,2026-07-02 09:39:29.843,lock_schedule_refreshes,2983,2983,1.086150,enabled
1782985169.841,2026-07-02 09:39:29.843,lock_threads_waiting,0,0,0.000000,enabled
1782985169.841,2026-07-02 09:39:29.843,lock_timeouts,0,0,0.000000,enabled
1782985169.841,2026-07-02 09:39:29.843,log_waits,0,0,0.000000,enabled
1782985169.841,2026-07-02 09:39:29.843,log_writes,231523371,231523371,84300.700618,enabled
1782985169.841,2026-07-02 09:39:29.843,log_write_requests,441195435,441195435,160645.053426,enabled
1782985169.841,2026-07-02 09:39:29.843,os_data_fsyncs,68656698,68656698,24998.806270,enabled
1782985169.841,2026-07-02 09:39:29.843,os_data_reads,98810832,98810832,35978.322905,enabled
1782985169.841,2026-07-02 09:39:29.843,os_data_writes,264494368,264494368,96305.876379,enabled
1782985169.841,2026-07-02 09:39:29.843,os_log_bytes_written,143465544192,143465544192,52237690.466193,enabled
1782985169.841,2026-07-02 09:39:29.843,os_log_fsyncs,59748552,59748552,21755.233150,enabled
1782985169.841,2026-07-02 09:39:29.843,os_log_pending_fsyncs,1,1,0.000364,enabled
1782985169.841,2026-07-02 09:39:29.843,os_log_pending_writes,1,1,0.000364,enabled
1782985169.841,2026-07-02 09:39:29.843,trx_rseg_history_len,1173,1173,0.000000,enabled
1782985170.911,2026-07-02 09:39:30.912,adaptive_hash_searches,0,0,0.000000,enabled
1782985170.911,2026-07-02 09:39:30.912,adaptive_hash_searches_btree,665438178,665438178,242200.198818,enabled
1782985170.911,2026-07-02 09:39:30.912,buffer_data_reads,1614977108480,1614977108480,587804899.467847,enabled
1782985170.911,2026-07-02 09:39:30.912,buffer_data_written,707317872640,707317872640,257443222.297540,enabled
1782985170.911,2026-07-02 09:39:30.912,buffer_pages0_read,7,7,0.002548,enabled
1782985170.911,2026-07-02 09:39:30.912,buffer_pages_created,1827448,1827448,665.138156,enabled
1782985170.911,2026-07-02 09:39:30.912,buffer_pages_read,98848353,98848353,35977.938007,enabled
1782985170.911,2026-07-02 09:39:30.912,buffer_pages_written,32091169,32091169,11680.256243,enabled
1782985170.911,2026-07-02 09:39:30.912,buffer_pool_bytes_data,12860620800,12860620800,0.000000,enabled
1782985170.911,2026-07-02 09:39:30.912,buffer_pool_bytes_dirty,4663050240,4663050240,0.000000,enabled
1782985170.911,2026-07-02 09:39:30.912,buffer_pool_pages_data,784950,784950,0.000000,enabled
1782985170.911,2026-07-02 09:39:30.912,buffer_pool_pages_dirty,284610,284610,0.000000,enabled
1782985170.911,2026-07-02 09:39:30.912,buffer_pool_pages_flushed,32034055,32034055,0.000000,enabled
1782985170.911,2026-07-02 09:39:30.912,buffer_pool_pages_free,1386,1386,0.000000,enabled
1782985170.911,2026-07-02 09:39:30.912,buffer_pool_pages_lru_flushed,0,0,0.000000,enabled
1782985170.911,2026-07-02 09:39:30.912,buffer_pool_pages_misc,96,96,0.000000,enabled
1782985170.911,2026-07-02 09:39:30.912,buffer_pool_pages_total,786432,786432,0.000000,enabled
1782985170.911,2026-07-02 09:39:30.912,buffer_pool_reads,97927395,97927395,35642.737032,enabled
1782985170.911,2026-07-02 09:39:30.912,buffer_pool_read_ahead,803715,803715,292.528992,enabled
1782985170.911,2026-07-02 09:39:30.912,buffer_pool_read_ahead_evicted,25,25,0.009099,enabled
1782985170.911,2026-07-02 09:39:30.912,buffer_pool_read_requests,3214388708,3214388708,1169944.435685,enabled
1782985170.911,2026-07-02 09:39:30.912,buffer_pool_size,12884901888,12884901888,0.000000,enabled
1782985170.911,2026-07-02 09:39:30.912,buffer_pool_wait_free,18945,18945,6.895432,enabled
1782985170.911,2026-07-02 09:39:30.912,buffer_pool_write_requests,650774979,650774979,236863.252771,enabled
1782985170.911,2026-07-02 09:39:30.912,dml_deletes,15092613,15092613,5493.273300,enabled
1782985170.911,2026-07-02 09:39:30.912,dml_inserts,114978020,114978020,41848.663840,enabled
1782985170.911,2026-07-02 09:39:30.912,dml_system_deletes,468,468,0.170338,enabled
1782985170.911,2026-07-02 09:39:30.912,dml_system_inserts,1202,1202,0.437493,enabled
1782985170.911,2026-07-02 09:39:30.912,dml_system_reads,7661,7661,2.788382,enabled
1782985170.911,2026-07-02 09:39:30.912,dml_system_updates,620,620,0.225662,enabled
1782985170.911,2026-07-02 09:39:30.912,dml_updates,30185363,30185363,10986.596456,enabled
1782985170.911,2026-07-02 09:39:30.912,file_num_open_files,35,35,0.000000,enabled
1782985170.911,2026-07-02 09:39:30.912,ibuf_merges,0,0,0.000000,enabled
1782985170.911,2026-07-02 09:39:30.912,ibuf_merges_delete,0,0,0.000000,enabled
1782985170.911,2026-07-02 09:39:30.912,ibuf_merges_delete_mark,0,0,0.000000,enabled
1782985170.911,2026-07-02 09:39:30.912,ibuf_merges_discard_delete,0,0,0.000000,enabled
1782985170.911,2026-07-02 09:39:30.912,ibuf_merges_discard_delete_mark,0,0,0.000000,enabled
1782985170.911,2026-07-02 09:39:30.912,ibuf_merges_discard_insert,0,0,0.000000,enabled
1782985170.911,2026-07-02 09:39:30.912,ibuf_merges_insert,0,0,0.000000,enabled
1782985170.911,2026-07-02 09:39:30.912,ibuf_size,1,1,0.000364,enabled
1782985170.911,2026-07-02 09:39:30.912,innodb_activity_count,20248973,20248973,7370.038860,enabled
1782985170.911,2026-07-02 09:39:30.912,innodb_dblwr_pages_written,32031541,32031541,11658.551795,enabled
1782985170.911,2026-07-02 09:39:30.912,innodb_dblwr_writes,667993,667993,243.130076,enabled
1782985170.911,2026-07-02 09:39:30.912,innodb_page_size,16384,16384,0.000000,enabled
1782985170.911,2026-07-02 09:39:30.912,innodb_rwlock_sx_os_waits,0,0,0.000000,enabled
1782985170.911,2026-07-02 09:39:30.912,innodb_rwlock_sx_spin_rounds,0,0,0.000000,enabled
1782985170.911,2026-07-02 09:39:30.912,innodb_rwlock_sx_spin_waits,0,0,0.000000,enabled
1782985170.911,2026-07-02 09:39:30.912,innodb_rwlock_s_os_waits,0,0,0.000000,enabled
1782985170.911,2026-07-02 09:39:30.912,innodb_rwlock_s_spin_rounds,0,0,0.000000,enabled
1782985170.911,2026-07-02 09:39:30.912,innodb_rwlock_s_spin_waits,0,0,0.000000,enabled
1782985170.911,2026-07-02 09:39:30.912,innodb_rwlock_x_os_waits,0,0,0.000000,enabled
1782985170.911,2026-07-02 09:39:30.912,innodb_rwlock_x_spin_rounds,0,0,0.000000,enabled
1782985170.911,2026-07-02 09:39:30.912,innodb_rwlock_x_spin_waits,0,0,0.000000,enabled
1782985170.911,2026-07-02 09:39:30.912,lock_deadlocks,0,0,0.000000,enabled
1782985170.911,2026-07-02 09:39:30.912,lock_deadlock_false_positives,0,0,0.000000,enabled
1782985170.911,2026-07-02 09:39:30.912,lock_deadlock_rounds,2984,2984,1.086090,enabled
1782985170.911,2026-07-02 09:39:30.912,lock_rec_grant_attempts,425,425,0.154688,enabled
1782985170.911,2026-07-02 09:39:30.912,lock_rec_release_attempts,45875181,45875181,16697.238096,enabled
1782985170.911,2026-07-02 09:39:30.912,lock_row_lock_current_waits,0,0,0.000000,enabled
1782985170.911,2026-07-02 09:39:30.912,lock_row_lock_time,323,323,0.117563,enabled
1782985170.911,2026-07-02 09:39:30.912,lock_row_lock_time_avg,0,0,0.000000,enabled
1782985170.911,2026-07-02 09:39:30.912,lock_row_lock_time_max,29,29,0.000000,enabled
1782985170.911,2026-07-02 09:39:30.912,lock_row_lock_waits,425,425,0.154688,enabled
1782985170.911,2026-07-02 09:39:30.912,lock_schedule_refreshes,2984,2984,1.086090,enabled
1782985170.911,2026-07-02 09:39:30.912,lock_threads_waiting,0,0,0.000000,enabled
1782985170.911,2026-07-02 09:39:30.912,lock_timeouts,0,0,0.000000,enabled
1782985170.911,2026-07-02 09:39:30.912,log_waits,0,0,0.000000,enabled
1782985170.911,2026-07-02 09:39:30.912,log_writes,231604644,231604644,84297.376367,enabled
1782985170.911,2026-07-02 09:39:30.912,log_write_requests,441279907,441279907,160613.093875,enabled
1782985170.911,2026-07-02 09:39:30.912,os_data_fsyncs,68691768,68691768,25001.812917,enabled
1782985170.911,2026-07-02 09:39:30.912,os_data_reads,98868337,98868337,35985.209586,enabled
1782985170.911,2026-07-02 09:39:30.912,os_data_writes,264592039,264592039,96303.834589,enabled
1782985170.911,2026-07-02 09:39:30.912,os_log_bytes_written,143507972608,143507972608,52232743.194596,enabled
1782985170.911,2026-07-02 09:39:30.912,os_log_fsyncs,59778537,59778537,21757.655080,enabled
1782985170.911,2026-07-02 09:39:30.912,os_log_pending_fsyncs,1,1,0.000364,enabled
1782985170.911,2026-07-02 09:39:30.912,os_log_pending_writes,0,0,0.000000,enabled
1782985170.911,2026-07-02 09:39:30.912,trx_rseg_history_len,120,120,0.000000,enabled
1782985171.984,2026-07-02 09:39:31.985,adaptive_hash_searches,0,0,0.000000,enabled
1782985171.984,2026-07-02 09:39:31.985,adaptive_hash_searches_btree,665608330,665608330,242167.705868,enabled
1782985171.984,2026-07-02 09:39:31.985,buffer_data_reads,1615923104256,1615923104256,587919968.216249,enabled
1782985171.984,2026-07-02 09:39:31.985,buffer_data_written,707634989568,707634989568,257458253.587050,enabled
1782985171.984,2026-07-02 09:39:31.985,buffer_pages0_read,7,7,0.002547,enabled
1782985171.984,2026-07-02 09:39:31.985,buffer_pages_created,1827482,1827482,664.891271,enabled
1782985171.984,2026-07-02 09:39:31.985,buffer_pages_read,98906253,98906253,35984.980382,enabled
1782985171.984,2026-07-02 09:39:31.985,buffer_pages_written,32107574,32107574,11681.672177,enabled
1782985171.984,2026-07-02 09:39:31.985,buffer_pool_bytes_data,12859392000,12859392000,0.000000,enabled
1782985171.984,2026-07-02 09:39:31.985,buffer_pool_bytes_dirty,4666900480,4666900480,0.000000,enabled
1782985171.984,2026-07-02 09:39:31.985,buffer_pool_pages_data,784875,784875,0.000000,enabled
1782985171.984,2026-07-02 09:39:31.985,buffer_pool_pages_dirty,284845,284845,0.000000,enabled
1782985171.984,2026-07-02 09:39:31.985,buffer_pool_pages_flushed,32050460,32050460,0.000000,enabled
1782985171.984,2026-07-02 09:39:31.985,buffer_pool_pages_free,1460,1460,0.000000,enabled
1782985171.984,2026-07-02 09:39:31.985,buffer_pool_pages_lru_flushed,0,0,0.000000,enabled
1782985171.984,2026-07-02 09:39:31.985,buffer_pool_pages_misc,97,97,0.000000,enabled
1782985171.984,2026-07-02 09:39:31.985,buffer_pool_pages_total,786432,786432,0.000000,enabled
1782985171.984,2026-07-02 09:39:31.985,buffer_pool_reads,97985244,97985244,35649.891379,enabled
1782985171.984,2026-07-02 09:39:31.985,buffer_pool_read_ahead,803715,803715,292.414970,enabled
1782985171.984,2026-07-02 09:39:31.985,buffer_pool_read_ahead_evicted,25,25,0.009096,enabled
1782985171.984,2026-07-02 09:39:31.985,buffer_pool_read_requests,3215231226,3215231226,1169794.949224,enabled
1782985171.984,2026-07-02 09:39:31.985,buffer_pool_size,12884901888,12884901888,0.000000,enabled
1782985171.984,2026-07-02 09:39:31.985,buffer_pool_wait_free,18945,18945,6.892744,enabled
1782985171.984,2026-07-02 09:39:31.985,buffer_pool_write_requests,650888424,650888424,236812.203200,enabled
1782985171.984,2026-07-02 09:39:31.985,dml_deletes,15097539,15097539,5492.924503,enabled
1782985171.984,2026-07-02 09:39:31.985,dml_inserts,114982945,114982945,41834.145054,enabled
1782985171.984,2026-07-02 09:39:31.985,dml_system_deletes,468,468,0.170272,enabled
1782985171.984,2026-07-02 09:39:31.985,dml_system_inserts,1202,1202,0.437323,enabled
1782985171.984,2026-07-02 09:39:31.985,dml_system_reads,7661,7661,2.787295,enabled
1782985171.984,2026-07-02 09:39:31.985,dml_system_updates,620,620,0.225574,enabled
1782985171.984,2026-07-02 09:39:31.985,dml_updates,30195210,30195210,10985.897024,enabled
1782985171.984,2026-07-02 09:39:31.985,file_num_open_files,35,35,0.000000,enabled
1782985171.984,2026-07-02 09:39:31.985,ibuf_merges,0,0,0.000000,enabled
1782985171.984,2026-07-02 09:39:31.985,ibuf_merges_delete,0,0,0.000000,enabled
1782985171.984,2026-07-02 09:39:31.985,ibuf_merges_delete_mark,0,0,0.000000,enabled
1782985171.984,2026-07-02 09:39:31.985,ibuf_merges_discard_delete,0,0,0.000000,enabled
1782985171.984,2026-07-02 09:39:31.985,ibuf_merges_discard_delete_mark,0,0,0.000000,enabled
1782985171.984,2026-07-02 09:39:31.985,ibuf_merges_discard_insert,0,0,0.000000,enabled
1782985171.984,2026-07-02 09:39:31.985,ibuf_merges_insert,0,0,0.000000,enabled
1782985171.984,2026-07-02 09:39:31.985,ibuf_size,1,1,0.000364,enabled
1782985171.984,2026-07-02 09:39:31.985,innodb_activity_count,20254625,20254625,7369.222711,enabled
1782985171.984,2026-07-02 09:39:31.985,innodb_dblwr_pages_written,32047946,32047946,11659.976442,enabled
1782985171.984,2026-07-02 09:39:31.985,innodb_dblwr_writes,668360,668360,243.168840,enabled
1782985171.984,2026-07-02 09:39:31.985,innodb_page_size,16384,16384,0.000000,enabled
1782985171.984,2026-07-02 09:39:31.985,innodb_rwlock_sx_os_waits,0,0,0.000000,enabled
1782985171.984,2026-07-02 09:39:31.985,innodb_rwlock_sx_spin_rounds,0,0,0.000000,enabled
1782985171.984,2026-07-02 09:39:31.985,innodb_rwlock_sx_spin_waits,0,0,0.000000,enabled
1782985171.984,2026-07-02 09:39:31.985,innodb_rwlock_s_os_waits,0,0,0.000000,enabled
1782985171.984,2026-07-02 09:39:31.985,innodb_rwlock_s_spin_rounds,0,0,0.000000,enabled
1782985171.984,2026-07-02 09:39:31.985,innodb_rwlock_s_spin_waits,0,0,0.000000,enabled
1782985171.984,2026-07-02 09:39:31.985,innodb_rwlock_x_os_waits,0,0,0.000000,enabled
1782985171.984,2026-07-02 09:39:31.985,innodb_rwlock_x_spin_rounds,0,0,0.000000,enabled
1782985171.984,2026-07-02 09:39:31.985,innodb_rwlock_x_spin_waits,0,0,0.000000,enabled
1782985171.984,2026-07-02 09:39:31.985,lock_deadlocks,0,0,0.000000,enabled
1782985171.984,2026-07-02 09:39:31.985,lock_deadlock_false_positives,0,0,0.000000,enabled
1782985171.984,2026-07-02 09:39:31.985,lock_deadlock_rounds,2985,2985,1.086030,enabled
1782985171.984,2026-07-02 09:39:31.985,lock_rec_grant_attempts,425,425,0.154627,enabled
1782985171.984,2026-07-02 09:39:31.985,lock_rec_release_attempts,45890149,45890149,16696.175615,enabled
1782985171.984,2026-07-02 09:39:31.985,lock_row_lock_current_waits,0,0,0.000000,enabled
1782985171.984,2026-07-02 09:39:31.985,lock_row_lock_time,323,323,0.117517,enabled
1782985171.984,2026-07-02 09:39:31.985,lock_row_lock_time_avg,0,0,0.000000,enabled
1782985171.984,2026-07-02 09:39:31.985,lock_row_lock_time_max,29,29,0.000000,enabled
1782985171.984,2026-07-02 09:39:31.985,lock_row_lock_waits,425,425,0.154627,enabled
1782985171.984,2026-07-02 09:39:31.985,lock_schedule_refreshes,2985,2985,1.086030,enabled
1782985171.984,2026-07-02 09:39:31.985,lock_threads_waiting,0,0,0.000000,enabled
1782985171.984,2026-07-02 09:39:31.985,lock_timeouts,0,0,0.000000,enabled
1782985171.984,2026-07-02 09:39:31.985,log_waits,0,0,0.000000,enabled
1782985171.984,2026-07-02 09:39:31.985,log_writes,231685942,231685942,84294.098794,enabled
1782985171.984,2026-07-02 09:39:31.985,log_write_requests,441363522,441363522,160580.914070,enabled
1782985171.984,2026-07-02 09:39:31.985,os_data_fsyncs,68726993,68726993,25004.883873,enabled
1782985171.984,2026-07-02 09:39:31.985,os_data_reads,98926072,98926072,35992.189342,enabled
1782985171.984,2026-07-02 09:39:31.985,os_data_writes,264690030,264690030,96301.950327,enabled
1782985171.984,2026-07-02 09:39:31.985,os_log_bytes_written,143550258688,143550258688,52227769.420731,enabled
1782985171.984,2026-07-02 09:39:31.985,os_log_fsyncs,59808601,59808601,21760.112793,enabled
1782985171.984,2026-07-02 09:39:31.985,os_log_pending_fsyncs,1,1,0.000364,enabled
1782985171.984,2026-07-02 09:39:31.985,os_log_pending_writes,1,1,0.000364,enabled
1782985171.984,2026-07-02 09:39:31.985,trx_rseg_history_len,170,170,0.000000,enabled
1782985173.055,2026-07-02 09:39:33.056,adaptive_hash_searches,0,0,0.000000,enabled
1782985173.055,2026-07-02 09:39:33.056,adaptive_hash_searches_btree,665779388,665779388,242135.477819,enabled
1782985173.055,2026-07-02 09:39:33.056,buffer_data_reads,1616874097152,1616874097152,588036570.107069,enabled
1782985173.055,2026-07-02 09:39:33.056,buffer_data_written,707953081856,707953081856,257473542.661501,enabled
1782985173.055,2026-07-02 09:39:33.056,buffer_pages0_read,7,7,0.002546,enabled
1782985173.055,2026-07-02 09:39:33.056,buffer_pages_created,1827520,1827520,664.645814,enabled
1782985173.055,2026-07-02 09:39:33.056,buffer_pages_read,98964455,98964455,35992.115200,enabled
1782985173.055,2026-07-02 09:39:33.056,buffer_pages_written,32123996,32123996,11683.089327,enabled
1782985173.055,2026-07-02 09:39:33.056,buffer_pool_bytes_data,12852166656,12852166656,0.000000,enabled
1782985173.055,2026-07-02 09:39:33.056,buffer_pool_bytes_dirty,4671045632,4671045632,0.000000,enabled
1782985173.055,2026-07-02 09:39:33.056,buffer_pool_pages_data,784434,784434,0.000000,enabled
1782985173.055,2026-07-02 09:39:33.056,buffer_pool_pages_dirty,285098,285098,0.000000,enabled
1782985173.055,2026-07-02 09:39:33.056,buffer_pool_pages_flushed,32066882,32066882,0.000000,enabled
1782985173.055,2026-07-02 09:39:33.056,buffer_pool_pages_free,1902,1902,0.000000,enabled
1782985173.055,2026-07-02 09:39:33.056,buffer_pool_pages_lru_flushed,0,0,0.000000,enabled
1782985173.055,2026-07-02 09:39:33.056,buffer_pool_pages_misc,96,96,0.000000,enabled
1782985173.055,2026-07-02 09:39:33.056,buffer_pool_pages_total,786432,786432,0.000000,enabled
1782985173.055,2026-07-02 09:39:33.056,buffer_pool_reads,98043393,98043393,35657.137671,enabled
1782985173.055,2026-07-02 09:39:33.056,buffer_pool_read_ahead,803715,803715,292.300942,enabled
1782985173.055,2026-07-02 09:39:33.056,buffer_pool_read_ahead_evicted,25,25,0.009092,enabled
1782985173.055,2026-07-02 09:39:33.056,buffer_pool_read_requests,3216077694,3216077694,1169646.633524,enabled
1782985173.055,2026-07-02 09:39:33.056,buffer_pool_size,12884901888,12884901888,0.000000,enabled
1782985173.055,2026-07-02 09:39:33.056,buffer_pool_wait_free,18945,18945,6.890056,enabled
1782985173.055,2026-07-02 09:39:33.056,buffer_pool_write_requests,651002575,651002575,236761.372744,enabled
1782985173.055,2026-07-02 09:39:33.056,dml_deletes,15102491,15102491,5492.583353,enabled
1782985173.055,2026-07-02 09:39:33.056,dml_inserts,114987898,114987898,41819.631942,enabled
1782985173.055,2026-07-02 09:39:33.056,dml_system_deletes,468,468,0.170206,enabled
1782985173.055,2026-07-02 09:39:33.056,dml_system_inserts,1202,1202,0.437152,enabled
1782985173.055,2026-07-02 09:39:33.056,dml_system_reads,7661,7661,2.786208,enabled
1782985173.055,2026-07-02 09:39:33.056,dml_system_updates,620,620,0.225486,enabled
1782985173.055,2026-07-02 09:39:33.056,dml_updates,30205116,30205116,10985.215432,enabled
1782985173.055,2026-07-02 09:39:33.056,file_num_open_files,35,35,0.000000,enabled
1782985173.055,2026-07-02 09:39:33.056,ibuf_merges,0,0,0.000000,enabled
1782985173.055,2026-07-02 09:39:33.056,ibuf_merges_delete,0,0,0.000000,enabled
1782985173.055,2026-07-02 09:39:33.056,ibuf_merges_delete_mark,0,0,0.000000,enabled
1782985173.055,2026-07-02 09:39:33.056,ibuf_merges_discard_delete,0,0,0.000000,enabled
1782985173.055,2026-07-02 09:39:33.056,ibuf_merges_discard_delete_mark,0,0,0.000000,enabled
1782985173.055,2026-07-02 09:39:33.056,ibuf_merges_discard_insert,0,0,0.000000,enabled
1782985173.055,2026-07-02 09:39:33.056,ibuf_merges_insert,0,0,0.000000,enabled
1782985173.055,2026-07-02 09:39:33.056,ibuf_size,1,1,0.000364,enabled
1782985173.055,2026-07-02 09:39:33.056,innodb_activity_count,20260318,20260318,7368.419352,enabled
1782985173.055,2026-07-02 09:39:33.056,innodb_dblwr_pages_written,32064368,32064368,11661.401777,enabled
1782985173.055,2026-07-02 09:39:33.056,innodb_dblwr_writes,668749,668749,243.215484,enabled
1782985173.055,2026-07-02 09:39:33.056,innodb_page_size,16384,16384,0.000000,enabled
1782985173.055,2026-07-02 09:39:33.056,innodb_rwlock_sx_os_waits,0,0,0.000000,enabled
1782985173.055,2026-07-02 09:39:33.056,innodb_rwlock_sx_spin_rounds,0,0,0.000000,enabled
1782985173.055,2026-07-02 09:39:33.056,innodb_rwlock_sx_spin_waits,0,0,0.000000,enabled
1782985173.055,2026-07-02 09:39:33.056,innodb_rwlock_s_os_waits,0,0,0.000000,enabled
1782985173.055,2026-07-02 09:39:33.056,innodb_rwlock_s_spin_rounds,0,0,0.000000,enabled
1782985173.055,2026-07-02 09:39:33.056,innodb_rwlock_s_spin_waits,0,0,0.000000,enabled
1782985173.055,2026-07-02 09:39:33.056,innodb_rwlock_x_os_waits,0,0,0.000000,enabled
1782985173.055,2026-07-02 09:39:33.056,innodb_rwlock_x_spin_rounds,0,0,0.000000,enabled
1782985173.055,2026-07-02 09:39:33.056,innodb_rwlock_x_spin_waits,0,0,0.000000,enabled
1782985173.055,2026-07-02 09:39:33.056,lock_deadlocks,0,0,0.000000,enabled
1782985173.055,2026-07-02 09:39:33.056,lock_deadlock_false_positives,0,0,0.000000,enabled
1782985173.055,2026-07-02 09:39:33.056,lock_deadlock_rounds,2986,2986,1.085970,enabled
1782985173.055,2026-07-02 09:39:33.056,lock_rec_grant_attempts,425,425,0.154567,enabled
1782985173.055,2026-07-02 09:39:33.056,lock_rec_release_attempts,45905216,45905216,16695.144604,enabled
1782985173.055,2026-07-02 09:39:33.056,lock_row_lock_current_waits,0,0,0.000000,enabled
1782985173.055,2026-07-02 09:39:33.056,lock_row_lock_time,323,323,0.117471,enabled
1782985173.055,2026-07-02 09:39:33.056,lock_row_lock_time_avg,0,0,0.000000,enabled
1782985173.055,2026-07-02 09:39:33.056,lock_row_lock_time_max,29,29,0.000000,enabled
1782985173.055,2026-07-02 09:39:33.056,lock_row_lock_waits,425,425,0.154567,enabled
1782985173.055,2026-07-02 09:39:33.056,lock_schedule_refreshes,2986,2986,1.085970,enabled
1782985173.055,2026-07-02 09:39:33.056,lock_threads_waiting,0,0,0.000000,enabled
1782985173.055,2026-07-02 09:39:33.056,lock_timeouts,0,0,0.000000,enabled
1782985173.055,2026-07-02 09:39:33.056,log_waits,0,0,0.000000,enabled
1782985173.055,2026-07-02 09:39:33.056,log_writes,231767785,231767785,84290.992164,enabled
1782985173.055,2026-07-02 09:39:33.056,log_write_requests,441447563,441447563,160548.857538,enabled
1782985173.055,2026-07-02 09:39:33.056,os_data_fsyncs,68762377,68762377,25008.001637,enabled
1782985173.055,2026-07-02 09:39:33.056,os_data_reads,98984108,98984108,35999.260731,enabled
1782985173.055,2026-07-02 09:39:33.056,os_data_writes,264788604,264788604,96300.246376,enabled
1782985173.055,2026-07-02 09:39:33.056,os_log_bytes_written,143592979456,143592979456,52222939.575452,enabled
1782985173.055,2026-07-02 09:39:33.056,os_log_fsyncs,59838800,59838800,21762.610168,enabled
1782985173.055,2026-07-02 09:39:33.056,os_log_pending_fsyncs,0,0,0.000000,enabled
1782985173.055,2026-07-02 09:39:33.056,os_log_pending_writes,0,0,0.000000,enabled
1782985173.055,2026-07-02 09:39:33.056,trx_rseg_history_len,298,298,0.000000,enabled
1782985174.127,2026-07-02 09:39:34.129,adaptive_hash_searches,0,0,0.000000,enabled
1782985174.127,2026-07-02 09:39:34.129,adaptive_hash_searches_btree,665949359,665949359,242102.878482,enabled
1782985174.127,2026-07-02 09:39:34.129,buffer_data_reads,1617817864704,1617817864704,588150431.456482,enabled
1782985174.127,2026-07-02 09:39:34.129,buffer_data_written,708269662720,708269662720,257488260.294488,enabled
1782985174.127,2026-07-02 09:39:34.129,buffer_pages0_read,7,7,0.002545,enabled
1782985174.127,2026-07-02 09:39:34.129,buffer_pages_created,1827547,1827547,664.396523,enabled
1782985174.127,2026-07-02 09:39:34.129,buffer_pages_read,99022219,99022219,35999.083819,enabled
1782985174.127,2026-07-02 09:39:34.129,buffer_pages_written,32140421,32140421,11684.506009,enabled
1782985174.127,2026-07-02 09:39:34.129,buffer_pool_bytes_data,12850511872,12850511872,0.000000,enabled
1782985174.127,2026-07-02 09:39:34.129,buffer_pool_bytes_dirty,4672651264,4672651264,0.000000,enabled
1782985174.127,2026-07-02 09:39:34.129,buffer_pool_pages_data,784333,784333,0.000000,enabled
1782985174.127,2026-07-02 09:39:34.129,buffer_pool_pages_dirty,285196,285196,0.000000,enabled
1782985174.127,2026-07-02 09:39:34.129,buffer_pool_pages_flushed,32083307,32083307,0.000000,enabled
1782985174.127,2026-07-02 09:39:34.129,buffer_pool_pages_free,2003,2003,0.000000,enabled
1782985174.127,2026-07-02 09:39:34.129,buffer_pool_pages_lru_flushed,0,0,0.000000,enabled
1782985174.127,2026-07-02 09:39:34.129,buffer_pool_pages_misc,96,96,0.000000,enabled
1782985174.127,2026-07-02 09:39:34.129,buffer_pool_pages_total,786432,786432,0.000000,enabled
1782985174.127,2026-07-02 09:39:34.129,buffer_pool_reads,98101103,98101103,35664.217260,enabled
1782985174.127,2026-07-02 09:39:34.129,buffer_pool_read_ahead,803715,803715,292.186991,enabled
1782985174.127,2026-07-02 09:39:34.129,buffer_pool_read_ahead_evicted,25,25,0.009089,enabled
1782985174.127,2026-07-02 09:39:34.129,buffer_pool_read_requests,3216918810,3216918810,1169496.441579,enabled
1782985174.127,2026-07-02 09:39:34.129,buffer_pool_size,12884901888,12884901888,0.000000,enabled
1782985174.127,2026-07-02 09:39:34.129,buffer_pool_wait_free,18945,18945,6.887370,enabled
1782985174.127,2026-07-02 09:39:34.129,buffer_pool_write_requests,651115753,651115753,236710.218862,enabled
1782985174.127,2026-07-02 09:39:34.129,dml_deletes,15107414,15107414,5492.231923,enabled
1782985174.127,2026-07-02 09:39:34.129,dml_inserts,114992820,114992820,41805.118835,enabled
1782985174.127,2026-07-02 09:39:34.129,dml_system_deletes,468,468,0.170139,enabled
1782985174.127,2026-07-02 09:39:34.129,dml_system_inserts,1202,1202,0.436982,enabled
1782985174.127,2026-07-02 09:39:34.129,dml_system_reads,7661,7661,2.785122,enabled
1782985174.127,2026-07-02 09:39:34.129,dml_system_updates,620,620,0.225398,enabled
1782985174.127,2026-07-02 09:39:34.129,dml_updates,30214958,30214958,10984.511099,enabled
1782985174.127,2026-07-02 09:39:34.129,file_num_open_files,35,35,0.000000,enabled
1782985174.127,2026-07-02 09:39:34.129,ibuf_merges,0,0,0.000000,enabled
1782985174.127,2026-07-02 09:39:34.129,ibuf_merges_delete,0,0,0.000000,enabled
1782985174.127,2026-07-02 09:39:34.129,ibuf_merges_delete_mark,0,0,0.000000,enabled
1782985174.127,2026-07-02 09:39:34.129,ibuf_merges_discard_delete,0,0,0.000000,enabled
1782985174.127,2026-07-02 09:39:34.129,ibuf_merges_discard_delete_mark,0,0,0.000000,enabled
1782985174.127,2026-07-02 09:39:34.129,ibuf_merges_discard_insert,0,0,0.000000,enabled
1782985174.127,2026-07-02 09:39:34.129,ibuf_merges_insert,0,0,0.000000,enabled
1782985174.127,2026-07-02 09:39:34.129,ibuf_size,1,1,0.000364,enabled
1782985174.127,2026-07-02 09:39:34.129,innodb_activity_count,20265968,20265968,7367.600957,enabled
1782985174.127,2026-07-02 09:39:34.129,innodb_dblwr_pages_written,32080793,32080793,11662.827060,enabled
1782985174.127,2026-07-02 09:39:34.129,innodb_dblwr_writes,669113,669113,243.253002,enabled
1782985174.127,2026-07-02 09:39:34.129,innodb_page_size,16384,16384,0.000000,enabled
1782985174.127,2026-07-02 09:39:34.129,innodb_rwlock_sx_os_waits,0,0,0.000000,enabled
1782985174.127,2026-07-02 09:39:34.129,innodb_rwlock_sx_spin_rounds,0,0,0.000000,enabled
1782985174.127,2026-07-02 09:39:34.129,innodb_rwlock_sx_spin_waits,0,0,0.000000,enabled
1782985174.127,2026-07-02 09:39:34.129,innodb_rwlock_s_os_waits,0,0,0.000000,enabled
1782985174.127,2026-07-02 09:39:34.129,innodb_rwlock_s_spin_rounds,0,0,0.000000,enabled
1782985174.127,2026-07-02 09:39:34.129,innodb_rwlock_s_spin_waits,0,0,0.000000,enabled
1782985174.127,2026-07-02 09:39:34.129,innodb_rwlock_x_os_waits,0,0,0.000000,enabled
1782985174.127,2026-07-02 09:39:34.129,innodb_rwlock_x_spin_rounds,0,0,0.000000,enabled
1782985174.127,2026-07-02 09:39:34.129,innodb_rwlock_x_spin_waits,0,0,0.000000,enabled
1782985174.127,2026-07-02 09:39:34.129,lock_deadlocks,0,0,0.000000,enabled
1782985174.127,2026-07-02 09:39:34.129,lock_deadlock_false_positives,0,0,0.000000,enabled
1782985174.127,2026-07-02 09:39:34.129,lock_deadlock_rounds,2987,2987,1.085911,enabled
1782985174.127,2026-07-02 09:39:34.129,lock_rec_grant_attempts,425,425,0.154507,enabled
1782985174.127,2026-07-02 09:39:34.129,lock_rec_release_attempts,45920149,45920149,16694.064960,enabled
1782985174.127,2026-07-02 09:39:34.129,lock_row_lock_current_waits,0,0,0.000000,enabled
1782985174.127,2026-07-02 09:39:34.129,lock_row_lock_time,323,323,0.117425,enabled
1782985174.127,2026-07-02 09:39:34.129,lock_row_lock_time_avg,0,0,0.000000,enabled
1782985174.127,2026-07-02 09:39:34.129,lock_row_lock_time_max,29,29,0.000000,enabled
1782985174.127,2026-07-02 09:39:34.129,lock_row_lock_waits,425,425,0.154507,enabled
1782985174.127,2026-07-02 09:39:34.129,lock_schedule_refreshes,2987,2987,1.085910,enabled
1782985174.127,2026-07-02 09:39:34.129,lock_threads_waiting,0,0,0.000000,enabled
1782985174.127,2026-07-02 09:39:34.129,lock_timeouts,0,0,0.000000,enabled
1782985174.127,2026-07-02 09:39:34.129,log_waits,0,0,0.000000,enabled
1782985174.127,2026-07-02 09:39:34.129,log_writes,231847554,231847554,84287.132256,enabled
1782985174.127,2026-07-02 09:39:34.129,log_write_requests,441531124,441531124,160516.648219,enabled
1782985174.127,2026-07-02 09:39:34.129,os_data_fsyncs,68797182,68797182,25010.905766,enabled
1782985174.127,2026-07-02 09:39:34.129,os_data_reads,99041687,99041687,36006.159436,enabled
1782985174.127,2026-07-02 09:39:34.129,os_data_writes,264885038,264885038,96297.763026,enabled
1782985174.127,2026-07-02 09:39:34.129,os_log_bytes_written,143634417152,143634417152,52217645.575921,enabled
1782985174.127,2026-07-02 09:39:34.129,os_log_fsyncs,59868634,59868634,21764.972292,enabled
1782985174.127,2026-07-02 09:39:34.129,os_log_pending_fsyncs,1,1,0.000364,enabled
1782985174.127,2026-07-02 09:39:34.129,os_log_pending_writes,0,0,0.000000,enabled
1782985174.127,2026-07-02 09:39:34.129,trx_rseg_history_len,366,366,0.000000,enabled
1782985175.199,2026-07-02 09:39:35.201,adaptive_hash_searches,0,0,0.000000,enabled
1782985175.199,2026-07-02 09:39:35.201,adaptive_hash_searches_btree,666119825,666119825,242070.585737,enabled
1782985175.199,2026-07-02 09:39:35.201,buffer_data_reads,1618764761600,1618764761600,588265585.693146,enabled
1782985175.199,2026-07-02 09:39:35.201,buffer_data_written,708587487744,708587487744,257503525.576381,enabled
1782985175.199,2026-07-02 09:39:35.201,buffer_pages0_read,7,7,0.002544,enabled
1782985175.199,2026-07-02 09:39:35.201,buffer_pages_created,1827581,1827581,664.150247,enabled
1782985175.199,2026-07-02 09:39:35.201,buffer_pages_read,99080172,99080172,36006.130655,enabled
1782985175.199,2026-07-02 09:39:35.201,buffer_pages_written,32156895,32156895,11685.944253,enabled
1782985175.199,2026-07-02 09:39:35.201,buffer_pool_bytes_data,12843597824,12843597824,0.000000,enabled
1782985175.199,2026-07-02 09:39:35.201,buffer_pool_bytes_dirty,4675256320,4675256320,0.000000,enabled
1782985175.199,2026-07-02 09:39:35.201,buffer_pool_pages_data,783911,783911,0.000000,enabled
1782985175.199,2026-07-02 09:39:35.201,buffer_pool_pages_dirty,285355,285355,0.000000,enabled
1782985175.199,2026-07-02 09:39:35.201,buffer_pool_pages_flushed,32099781,32099781,0.000000,enabled
1782985175.199,2026-07-02 09:39:35.201,buffer_pool_pages_free,2424,2424,0.000000,enabled
1782985175.199,2026-07-02 09:39:35.201,buffer_pool_pages_lru_flushed,0,0,0.000000,enabled
1782985175.199,2026-07-02 09:39:35.201,buffer_pool_pages_misc,96,96,0.000000,enabled
1782985175.199,2026-07-02 09:39:35.201,buffer_pool_pages_total,786432,786432,0.000000,enabled
1782985175.199,2026-07-02 09:39:35.201,buffer_pool_reads,98159004,98159004,35671.375538,enabled
1782985175.199,2026-07-02 09:39:35.201,buffer_pool_read_ahead,803715,803715,292.073250,enabled
1782985175.199,2026-07-02 09:39:35.201,buffer_pool_read_ahead_evicted,25,25,0.009085,enabled
1782985175.199,2026-07-02 09:39:35.201,buffer_pool_read_requests,3217762386,3217762386,1169347.745022,enabled
1782985175.199,2026-07-02 09:39:35.201,buffer_pool_size,12884901888,12884901888,0.000000,enabled
1782985175.199,2026-07-02 09:39:35.201,buffer_pool_wait_free,18945,18945,6.884689,enabled
1782985175.199,2026-07-02 09:39:35.201,buffer_pool_write_requests,651228699,651228699,236659.118630,enabled
1782985175.199,2026-07-02 09:39:35.201,dml_deletes,15112349,15112349,5491.887439,enabled
1782985175.199,2026-07-02 09:39:35.201,dml_inserts,114997754,114997754,41790.638980,enabled
1782985175.199,2026-07-02 09:39:35.201,dml_system_deletes,468,468,0.170073,enabled
1782985175.199,2026-07-02 09:39:35.201,dml_system_inserts,1202,1202,0.436812,enabled
1782985175.199,2026-07-02 09:39:35.201,dml_system_reads,7661,7661,2.784038,enabled
1782985175.199,2026-07-02 09:39:35.201,dml_system_updates,620,620,0.225310,enabled
1782985175.199,2026-07-02 09:39:35.201,dml_updates,30224827,30224827,10983.821748,enabled
1782985175.199,2026-07-02 09:39:35.201,file_num_open_files,35,35,0.000000,enabled
1782985175.199,2026-07-02 09:39:35.201,ibuf_merges,0,0,0.000000,enabled
1782985175.199,2026-07-02 09:39:35.201,ibuf_merges_delete,0,0,0.000000,enabled
1782985175.199,2026-07-02 09:39:35.201,ibuf_merges_delete_mark,0,0,0.000000,enabled
1782985175.199,2026-07-02 09:39:35.201,ibuf_merges_discard_delete,0,0,0.000000,enabled
1782985175.199,2026-07-02 09:39:35.201,ibuf_merges_discard_delete_mark,0,0,0.000000,enabled
1782985175.199,2026-07-02 09:39:35.201,ibuf_merges_discard_insert,0,0,0.000000,enabled
1782985175.199,2026-07-02 09:39:35.201,ibuf_merges_insert,0,0,0.000000,enabled
1782985175.199,2026-07-02 09:39:35.201,ibuf_size,1,1,0.000363,enabled
1782985175.199,2026-07-02 09:39:35.201,innodb_activity_count,20271634,20271634,7366.792113,enabled
1782985175.199,2026-07-02 09:39:35.201,innodb_dblwr_pages_written,32097267,32097267,11664.273940,enabled
1782985175.199,2026-07-02 09:39:35.201,innodb_dblwr_writes,669480,669480,243.291683,enabled
1782985175.199,2026-07-02 09:39:35.201,innodb_page_size,16384,16384,0.000000,enabled
1782985175.199,2026-07-02 09:39:35.201,innodb_rwlock_sx_os_waits,0,0,0.000000,enabled
1782985175.199,2026-07-02 09:39:35.201,innodb_rwlock_sx_spin_rounds,0,0,0.000000,enabled
1782985175.199,2026-07-02 09:39:35.201,innodb_rwlock_sx_spin_waits,0,0,0.000000,enabled
1782985175.199,2026-07-02 09:39:35.201,innodb_rwlock_s_os_waits,0,0,0.000000,enabled
1782985175.199,2026-07-02 09:39:35.201,innodb_rwlock_s_spin_rounds,0,0,0.000000,enabled
1782985175.199,2026-07-02 09:39:35.201,innodb_rwlock_s_spin_waits,0,0,0.000000,enabled
1782985175.199,2026-07-02 09:39:35.201,innodb_rwlock_x_os_waits,0,0,0.000000,enabled
1782985175.199,2026-07-02 09:39:35.201,innodb_rwlock_x_spin_rounds,0,0,0.000000,enabled
1782985175.199,2026-07-02 09:39:35.201,innodb_rwlock_x_spin_waits,0,0,0.000000,enabled
1782985175.199,2026-07-02 09:39:35.201,lock_deadlocks,0,0,0.000000,enabled
1782985175.199,2026-07-02 09:39:35.201,lock_deadlock_false_positives,0,0,0.000000,enabled
1782985175.199,2026-07-02 09:39:35.201,lock_deadlock_rounds,2989,2989,1.086215,enabled
1782985175.199,2026-07-02 09:39:35.201,lock_rec_grant_attempts,425,425,0.154447,enabled
1782985175.199,2026-07-02 09:39:35.201,lock_rec_release_attempts,45935181,45935181,16693.029073,enabled
1782985175.199,2026-07-02 09:39:35.201,lock_row_lock_current_waits,0,0,0.000000,enabled
1782985175.199,2026-07-02 09:39:35.201,lock_row_lock_time,323,323,0.117379,enabled
1782985175.199,2026-07-02 09:39:35.201,lock_row_lock_time_avg,0,0,0.000000,enabled
1782985175.199,2026-07-02 09:39:35.201,lock_row_lock_time_max,29,29,0.000000,enabled
1782985175.199,2026-07-02 09:39:35.201,lock_row_lock_waits,425,425,0.154447,enabled
1782985175.199,2026-07-02 09:39:35.201,lock_schedule_refreshes,2989,2989,1.086215,enabled
1782985175.199,2026-07-02 09:39:35.201,lock_threads_waiting,0,0,0.000000,enabled
1782985175.199,2026-07-02 09:39:35.201,lock_timeouts,0,0,0.000000,enabled
1782985175.199,2026-07-02 09:39:35.201,log_waits,0,0,0.000000,enabled
1782985175.199,2026-07-02 09:39:35.201,log_writes,231927861,231927861,84283.506274,enabled
1782985175.199,2026-07-02 09:39:35.201,log_write_requests,441614883,441614883,160484.603375,enabled
1782985175.199,2026-07-02 09:39:35.201,os_data_fsyncs,68832270,68832270,25013.920978,enabled
1782985175.199,2026-07-02 09:39:35.201,os_data_reads,99099478,99099478,36013.144921,enabled
1782985175.199,2026-07-02 09:39:35.201,os_data_writes,264982095,264982095,96295.548428,enabled
1782985175.199,2026-07-02 09:39:35.201,os_log_bytes_written,143676142592,143676142592,52212482.210436,enabled
1782985175.199,2026-07-02 09:39:35.201,os_log_fsyncs,59898630,59898630,21767.400593,enabled
1782985175.199,2026-07-02 09:39:35.201,os_log_pending_fsyncs,1,1,0.000363,enabled
1782985175.199,2026-07-02 09:39:35.201,os_log_pending_writes,1,1,0.000363,enabled
1782985175.199,2026-07-02 09:39:35.201,trx_rseg_history_len,457,457,0.000000,enabled
1782985176.270,2026-07-02 09:39:36.272,adaptive_hash_searches,0,0,0.000000,enabled
1782985176.270,2026-07-02 09:39:36.272,adaptive_hash_searches_btree,666290004,666290004,242038.588200,enabled
1782985176.270,2026-07-02 09:39:36.272,buffer_data_reads,1619708873216,1619708873216,588380560.173646,enabled
1782985176.270,2026-07-02 09:39:36.272,buffer_data_written,708902928896,708902928896,257518316.401993,enabled
1782985176.270,2026-07-02 09:39:36.272,buffer_pages0_read,7,7,0.002543,enabled
1782985176.270,2026-07-02 09:39:36.272,buffer_pages_created,1827606,1827606,663.901932,enabled
1782985176.270,2026-07-02 09:39:36.272,buffer_pages_read,99137963,99137963,36013.169570,enabled
1782985176.270,2026-07-02 09:39:36.272,buffer_pages_written,32173219,32173219,11687.345185,enabled
1782985176.270,2026-07-02 09:39:36.272,buffer_pool_bytes_data,12854476800,12854476800,0.000000,enabled
1782985176.270,2026-07-02 09:39:36.272,buffer_pool_bytes_dirty,4679368704,4679368704,0.000000,enabled
1782985176.270,2026-07-02 09:39:36.272,buffer_pool_pages_data,784575,784575,0.000000,enabled
1782985176.270,2026-07-02 09:39:36.272,buffer_pool_pages_dirty,285606,285606,0.000000,enabled
1782985176.270,2026-07-02 09:39:36.272,buffer_pool_pages_flushed,32116105,32116105,0.000000,enabled
1782985176.270,2026-07-02 09:39:36.272,buffer_pool_pages_free,1760,1760,0.000000,enabled
1782985176.270,2026-07-02 09:39:36.272,buffer_pool_pages_lru_flushed,0,0,0.000000,enabled
1782985176.270,2026-07-02 09:39:36.272,buffer_pool_pages_misc,97,97,0.000000,enabled
1782985176.270,2026-07-02 09:39:36.272,buffer_pool_pages_total,786432,786432,0.000000,enabled
1782985176.270,2026-07-02 09:39:36.272,buffer_pool_reads,98216720,98216720,35678.516897,enabled
1782985176.270,2026-07-02 09:39:36.272,buffer_pool_read_ahead,803715,803715,291.960055,enabled
1782985176.270,2026-07-02 09:39:36.272,buffer_pool_read_ahead_evicted,25,25,0.009082,enabled
1782985176.270,2026-07-02 09:39:36.272,buffer_pool_read_requests,3218605450,3218605450,1169200.808983,enabled
1782985176.270,2026-07-02 09:39:36.272,buffer_pool_size,12884901888,12884901888,0.000000,enabled
1782985176.270,2026-07-02 09:39:36.272,buffer_pool_wait_free,18945,18945,6.882021,enabled
1782985176.270,2026-07-02 09:39:36.272,buffer_pool_write_requests,651342666,651342666,236608.799477,enabled
1782985176.270,2026-07-02 09:39:36.272,dml_deletes,15117272,15117272,5491.547336,enabled
1782985176.270,2026-07-02 09:39:36.272,dml_inserts,115002678,115002678,41776.231215,enabled
1782985176.270,2026-07-02 09:39:36.272,dml_system_deletes,468,468,0.170007,enabled
1782985176.270,2026-07-02 09:39:36.272,dml_system_inserts,1202,1202,0.436642,enabled
1782985176.270,2026-07-02 09:39:36.272,dml_system_reads,7661,7661,2.782959,enabled
1782985176.270,2026-07-02 09:39:36.272,dml_system_updates,620,620,0.225223,enabled
1782985176.270,2026-07-02 09:39:36.272,dml_updates,30234677,30234677,10983.142977,enabled
1782985176.270,2026-07-02 09:39:36.272,file_num_open_files,35,35,0.000000,enabled
1782985176.270,2026-07-02 09:39:36.272,ibuf_merges,0,0,0.000000,enabled
1782985176.270,2026-07-02 09:39:36.272,ibuf_merges_delete,0,0,0.000000,enabled
1782985176.270,2026-07-02 09:39:36.272,ibuf_merges_delete_mark,0,0,0.000000,enabled
1782985176.270,2026-07-02 09:39:36.272,ibuf_merges_discard_delete,0,0,0.000000,enabled
1782985176.270,2026-07-02 09:39:36.272,ibuf_merges_discard_delete_mark,0,0,0.000000,enabled
1782985176.270,2026-07-02 09:39:36.272,ibuf_merges_discard_insert,0,0,0.000000,enabled
1782985176.270,2026-07-02 09:39:36.272,ibuf_merges_insert,0,0,0.000000,enabled
1782985176.270,2026-07-02 09:39:36.272,ibuf_size,1,1,0.000363,enabled
1782985176.270,2026-07-02 09:39:36.272,innodb_activity_count,20277291,20277291,7365.992002,enabled
1782985176.270,2026-07-02 09:39:36.272,innodb_dblwr_pages_written,32113591,32113591,11665.683217,enabled
1782985176.270,2026-07-02 09:39:36.272,innodb_dblwr_writes,669835,669835,243.326351,enabled
1782985176.270,2026-07-02 09:39:36.272,innodb_page_size,16384,16384,0.000000,enabled
1782985176.270,2026-07-02 09:39:36.272,innodb_rwlock_sx_os_waits,0,0,0.000000,enabled
1782985176.270,2026-07-02 09:39:36.272,innodb_rwlock_sx_spin_rounds,0,0,0.000000,enabled
1782985176.270,2026-07-02 09:39:36.272,innodb_rwlock_sx_spin_waits,0,0,0.000000,enabled
1782985176.270,2026-07-02 09:39:36.272,innodb_rwlock_s_os_waits,0,0,0.000000,enabled
1782985176.270,2026-07-02 09:39:36.272,innodb_rwlock_s_spin_rounds,0,0,0.000000,enabled
1782985176.270,2026-07-02 09:39:36.272,innodb_rwlock_s_spin_waits,0,0,0.000000,enabled
1782985176.270,2026-07-02 09:39:36.272,innodb_rwlock_x_os_waits,0,0,0.000000,enabled
1782985176.270,2026-07-02 09:39:36.272,innodb_rwlock_x_spin_rounds,0,0,0.000000,enabled
1782985176.270,2026-07-02 09:39:36.272,innodb_rwlock_x_spin_waits,0,0,0.000000,enabled
1782985176.270,2026-07-02 09:39:36.272,lock_deadlocks,0,0,0.000000,enabled
1782985176.270,2026-07-02 09:39:36.272,lock_deadlock_false_positives,0,0,0.000000,enabled
1782985176.270,2026-07-02 09:39:36.272,lock_deadlock_rounds,2990,2990,1.086157,enabled
1782985176.270,2026-07-02 09:39:36.272,lock_rec_grant_attempts,425,425,0.154387,enabled
1782985176.270,2026-07-02 09:39:36.272,lock_rec_release_attempts,45950149,45950149,16691.996860,enabled
1782985176.270,2026-07-02 09:39:36.272,lock_row_lock_current_waits,0,0,0.000000,enabled
1782985176.270,2026-07-02 09:39:36.272,lock_row_lock_time,323,323,0.117334,enabled
1782985176.270,2026-07-02 09:39:36.272,lock_row_lock_time_avg,0,0,0.000000,enabled
1782985176.270,2026-07-02 09:39:36.272,lock_row_lock_time_max,29,29,0.000000,enabled
1782985176.270,2026-07-02 09:39:36.272,lock_row_lock_waits,425,425,0.154387,enabled
1782985176.270,2026-07-02 09:39:36.272,lock_schedule_refreshes,2990,2990,1.086157,enabled
1782985176.270,2026-07-02 09:39:36.272,lock_threads_waiting,0,0,0.000000,enabled
1782985176.270,2026-07-02 09:39:36.272,lock_timeouts,0,0,0.000000,enabled
1782985176.270,2026-07-02 09:39:36.272,log_waits,0,0,0.000000,enabled
1782985176.270,2026-07-02 09:39:36.272,log_writes,232008438,232008438,84280.111945,enabled
1782985176.270,2026-07-02 09:39:36.272,log_write_requests,441698534,441698534,160452.793197,enabled
1782985176.270,2026-07-02 09:39:36.272,os_data_fsyncs,68867601,68867601,25017.061072,enabled
1782985176.270,2026-07-02 09:39:36.272,os_data_reads,99157095,99157095,36020.117852,enabled
1782985176.270,2026-07-02 09:39:36.272,os_data_writes,265079253,265079253,96293.522194,enabled
1782985176.270,2026-07-02 09:39:36.272,os_log_bytes_written,143718119936,143718119936,52207495.641748,enabled
1782985176.270,2026-07-02 09:39:36.272,os_log_fsyncs,59929023,59929023,21770.005108,enabled
1782985176.270,2026-07-02 09:39:36.272,os_log_pending_fsyncs,1,1,0.000363,enabled
1782985176.270,2026-07-02 09:39:36.272,os_log_pending_writes,0,0,0.000000,enabled
1782985176.270,2026-07-02 09:39:36.272,trx_rseg_history_len,527,527,0.000000,enabled
1782985177.337,2026-07-02 09:39:37.339,adaptive_hash_searches,0,0,0.000000,enabled
1782985177.337,2026-07-02 09:39:37.339,adaptive_hash_searches_btree,666460413,666460413,242006.473144,enabled
1782985177.337,2026-07-02 09:39:37.339,buffer_data_reads,1620653607424,1620653607424,588495129.633527,enabled
1782985177.337,2026-07-02 09:39:37.339,buffer_data_written,709221824000,709221824000,257534112.821393,enabled
1782985177.337,2026-07-02 09:39:37.339,buffer_pages0_read,7,7,0.002542,enabled
1782985177.337,2026-07-02 09:39:37.339,buffer_pages_created,1827645,1827645,663.658282,enabled
1782985177.337,2026-07-02 09:39:37.339,buffer_pages_read,99195775,99195775,36020.177476,enabled
1782985177.337,2026-07-02 09:39:37.339,buffer_pages_written,32189687,32189687,11688.786567,enabled
1782985177.337,2026-07-02 09:39:37.339,buffer_pool_bytes_data,12850626560,12850626560,0.000000,enabled
1782985177.337,2026-07-02 09:39:37.339,buffer_pool_bytes_dirty,4680974336,4680974336,0.000000,enabled
1782985177.337,2026-07-02 09:39:37.339,buffer_pool_pages_data,784340,784340,0.000000,enabled
1782985177.337,2026-07-02 09:39:37.339,buffer_pool_pages_dirty,285704,285704,0.000000,enabled
1782985177.337,2026-07-02 09:39:37.339,buffer_pool_pages_flushed,32132498,32132498,0.000000,enabled
1782985177.337,2026-07-02 09:39:37.339,buffer_pool_pages_free,1996,1996,0.000000,enabled
1782985177.337,2026-07-02 09:39:37.339,buffer_pool_pages_lru_flushed,0,0,0.000000,enabled
1782985177.337,2026-07-02 09:39:37.339,buffer_pool_pages_misc,97,97,0.000000,enabled
1782985177.337,2026-07-02 09:39:37.339,buffer_pool_pages_total,786432,786432,0.000000,enabled
1782985177.337,2026-07-02 09:39:37.339,buffer_pool_reads,98274470,98274470,35685.632435,enabled
1782985177.337,2026-07-02 09:39:37.339,buffer_pool_read_ahead,803715,803715,291.846680,enabled
1782985177.337,2026-07-02 09:39:37.339,buffer_pool_read_ahead_evicted,25,25,0.009078,enabled
1782985177.337,2026-07-02 09:39:37.339,buffer_pool_read_requests,3219449519,3219449519,1169053.281607,enabled
1782985177.337,2026-07-02 09:39:37.339,buffer_pool_size,12884901888,12884901888,0.000000,enabled
1782985177.337,2026-07-02 09:39:37.339,buffer_pool_wait_free,18945,18945,6.879348,enabled
1782985177.337,2026-07-02 09:39:37.339,buffer_pool_write_requests,651456870,651456870,236558.388833,enabled
1782985177.337,2026-07-02 09:39:37.339,dml_deletes,15122207,15122207,5491.206715,enabled
1782985177.337,2026-07-02 09:39:37.339,dml_inserts,115007613,115007613,41761.799537,enabled
1782985177.337,2026-07-02 09:39:37.339,dml_system_deletes,468,468,0.169941,enabled
1782985177.337,2026-07-02 09:39:37.339,dml_system_inserts,1202,1202,0.436473,enabled
1782985177.337,2026-07-02 09:39:37.339,dml_system_reads,7661,7661,2.781878,enabled
1782985177.337,2026-07-02 09:39:37.339,dml_system_updates,620,620,0.225136,enabled
1782985177.337,2026-07-02 09:39:37.339,dml_updates,30244547,30244547,10982.461718,enabled
1782985177.337,2026-07-02 09:39:37.339,file_num_open_files,35,35,0.000000,enabled
1782985177.337,2026-07-02 09:39:37.339,ibuf_merges,0,0,0.000000,enabled
1782985177.337,2026-07-02 09:39:37.339,ibuf_merges_delete,0,0,0.000000,enabled
1782985177.337,2026-07-02 09:39:37.339,ibuf_merges_delete_mark,0,0,0.000000,enabled
1782985177.337,2026-07-02 09:39:37.339,ibuf_merges_discard_delete,0,0,0.000000,enabled
1782985177.337,2026-07-02 09:39:37.339,ibuf_merges_discard_delete_mark,0,0,0.000000,enabled
1782985177.337,2026-07-02 09:39:37.339,ibuf_merges_discard_insert,0,0,0.000000,enabled
1782985177.337,2026-07-02 09:39:37.339,ibuf_merges_insert,0,0,0.000000,enabled
1782985177.337,2026-07-02 09:39:37.339,ibuf_size,1,1,0.000363,enabled
1782985177.337,2026-07-02 09:39:37.339,innodb_activity_count,20282957,20282957,7365.188904,enabled
1782985177.337,2026-07-02 09:39:37.339,innodb_dblwr_pages_written,32130055,32130055,11667.131338,enabled
1782985177.337,2026-07-02 09:39:37.339,innodb_dblwr_writes,670195,670195,243.362580,enabled
1782985177.337,2026-07-02 09:39:37.339,innodb_page_size,16384,16384,0.000000,enabled
1782985177.337,2026-07-02 09:39:37.339,innodb_rwlock_sx_os_waits,0,0,0.000000,enabled
1782985177.337,2026-07-02 09:39:37.339,innodb_rwlock_sx_spin_rounds,0,0,0.000000,enabled
1782985177.337,2026-07-02 09:39:37.339,innodb_rwlock_sx_spin_waits,0,0,0.000000,enabled
1782985177.337,2026-07-02 09:39:37.339,innodb_rwlock_s_os_waits,0,0,0.000000,enabled
1782985177.337,2026-07-02 09:39:37.339,innodb_rwlock_s_spin_rounds,0,0,0.000000,enabled
1782985177.337,2026-07-02 09:39:37.339,innodb_rwlock_s_spin_waits,0,0,0.000000,enabled
1782985177.337,2026-07-02 09:39:37.339,innodb_rwlock_x_os_waits,0,0,0.000000,enabled
1782985177.337,2026-07-02 09:39:37.339,innodb_rwlock_x_spin_rounds,0,0,0.000000,enabled
1782985177.337,2026-07-02 09:39:37.339,innodb_rwlock_x_spin_waits,0,0,0.000000,enabled
1782985177.337,2026-07-02 09:39:37.339,lock_deadlocks,0,0,0.000000,enabled
1782985177.337,2026-07-02 09:39:37.339,lock_deadlock_false_positives,0,0,0.000000,enabled
1782985177.337,2026-07-02 09:39:37.339,lock_deadlock_rounds,2991,2991,1.086098,enabled
1782985177.337,2026-07-02 09:39:37.339,lock_rec_grant_attempts,425,425,0.154327,enabled
1782985177.337,2026-07-02 09:39:37.339,lock_rec_release_attempts,45965158,45965158,16690.965126,enabled
1782985177.337,2026-07-02 09:39:37.339,lock_row_lock_current_waits,0,0,0.000000,enabled
1782985177.337,2026-07-02 09:39:37.339,lock_row_lock_time,323,323,0.117288,enabled
1782985177.337,2026-07-02 09:39:37.339,lock_row_lock_time_avg,0,0,0.000000,enabled
1782985177.337,2026-07-02 09:39:37.339,lock_row_lock_time_max,29,29,0.000000,enabled
1782985177.337,2026-07-02 09:39:37.339,lock_row_lock_waits,425,425,0.154327,enabled
1782985177.337,2026-07-02 09:39:37.339,lock_schedule_refreshes,2991,2991,1.086098,enabled
1782985177.337,2026-07-02 09:39:37.339,lock_threads_waiting,0,0,0.000000,enabled
1782985177.337,2026-07-02 09:39:37.339,lock_timeouts,0,0,0.000000,enabled
1782985177.337,2026-07-02 09:39:37.339,log_waits,0,0,0.000000,enabled
1782985177.337,2026-07-02 09:39:37.339,log_writes,232089725,232089725,84276.899631,enabled
1782985177.337,2026-07-02 09:39:37.339,log_write_requests,441782276,441782276,160420.891337,enabled
1782985177.337,2026-07-02 09:39:37.339,os_data_fsyncs,68902975,68902975,25020.191039,enabled
1782985177.337,2026-07-02 09:39:37.339,os_data_reads,99214731,99214731,36027.058720,enabled
1782985177.337,2026-07-02 09:39:37.339,os_data_writes,265177283,265177283,96291.724465,enabled
1782985177.337,2026-07-02 09:39:37.339,os_log_bytes_written,143760640512,143760640512,52202661.551181,enabled
1782985177.337,2026-07-02 09:39:37.339,os_log_fsyncs,59959214,59959214,21772.513965,enabled
1782985177.337,2026-07-02 09:39:37.339,os_log_pending_fsyncs,1,1,0.000363,enabled
1782985177.337,2026-07-02 09:39:37.339,os_log_pending_writes,0,0,0.000000,enabled
1782985177.337,2026-07-02 09:39:37.339,trx_rseg_history_len,617,617,0.000000,enabled
1782985178.406,2026-07-02 09:39:38.408,adaptive_hash_searches,0,0,0.000000,enabled
1782985178.406,2026-07-02 09:39:38.408,adaptive_hash_searches_btree,666628857,666628857,241973.589894,enabled
1782985178.406,2026-07-02 09:39:38.408,buffer_data_reads,1621590870528,1621590870528,588606684.212754,enabled
1782985178.406,2026-07-02 09:39:38.408,buffer_data_written,709563900928,709563900928,257558217.841588,enabled
1782985178.406,2026-07-02 09:39:38.408,buffer_pages0_read,7,7,0.002541,enabled
1782985178.406,2026-07-02 09:39:38.408,buffer_pages_created,1827684,1827684,663.414580,enabled
1782985178.406,2026-07-02 09:39:38.408,buffer_pages_read,99253155,99253155,36027.010026,enabled
1782985178.406,2026-07-02 09:39:38.408,buffer_pages_written,32207129,32207129,11690.576107,enabled
1782985178.406,2026-07-02 09:39:38.408,buffer_pool_bytes_data,12849512448,12849512448,0.000000,enabled
1782985178.406,2026-07-02 09:39:38.408,buffer_pool_bytes_dirty,4663050240,4663050240,0.000000,enabled
1782985178.406,2026-07-02 09:39:38.408,buffer_pool_pages_data,784272,784272,0.000000,enabled
1782985178.406,2026-07-02 09:39:38.408,buffer_pool_pages_dirty,284610,284610,0.000000,enabled
1782985178.406,2026-07-02 09:39:38.408,buffer_pool_pages_flushed,32148639,32148639,0.000000,enabled
1782985178.406,2026-07-02 09:39:38.408,buffer_pool_pages_free,2064,2064,0.000000,enabled
1782985178.406,2026-07-02 09:39:38.408,buffer_pool_pages_lru_flushed,0,0,0.000000,enabled
1782985178.406,2026-07-02 09:39:38.408,buffer_pool_pages_misc,96,96,0.000000,enabled
1782985178.406,2026-07-02 09:39:38.408,buffer_pool_pages_total,786432,786432,0.000000,enabled
1782985178.406,2026-07-02 09:39:38.408,buffer_pool_reads,98331796,98331796,35692.575218,enabled
1782985178.406,2026-07-02 09:39:38.408,buffer_pool_read_ahead,803715,803715,291.733284,enabled
1782985178.406,2026-07-02 09:39:38.408,buffer_pool_read_ahead_evicted,25,25,0.009075,enabled
1782985178.406,2026-07-02 09:39:38.408,buffer_pool_read_requests,3220283405,3220283405,1168901.736329,enabled
1782985178.406,2026-07-02 09:39:38.408,buffer_pool_size,12884901888,12884901888,0.000000,enabled
1782985178.406,2026-07-02 09:39:38.408,buffer_pool_wait_free,18945,18945,6.876675,enabled
1782985178.406,2026-07-02 09:39:38.408,buffer_pool_write_requests,651569105,651569105,236507.214371,enabled
1782985178.406,2026-07-02 09:39:38.408,dml_deletes,15127081,15127081,5490.842425,enabled
1782985178.406,2026-07-02 09:39:38.408,dml_inserts,115012489,115012489,41747.344013,enabled
1782985178.406,2026-07-02 09:39:38.408,dml_system_deletes,468,468,0.169875,enabled
1782985178.406,2026-07-02 09:39:38.408,dml_system_inserts,1202,1202,0.436303,enabled
1782985178.406,2026-07-02 09:39:38.408,dml_system_reads,7661,7661,2.780797,enabled
1782985178.406,2026-07-02 09:39:38.408,dml_system_updates,620,620,0.225048,enabled
1782985178.406,2026-07-02 09:39:38.408,dml_updates,30254298,30254298,10981.734208,enabled
1782985178.406,2026-07-02 09:39:38.408,file_num_open_files,35,35,0.000000,enabled
1782985178.406,2026-07-02 09:39:38.408,ibuf_merges,0,0,0.000000,enabled
1782985178.406,2026-07-02 09:39:38.408,ibuf_merges_delete,0,0,0.000000,enabled
1782985178.406,2026-07-02 09:39:38.408,ibuf_merges_delete_mark,0,0,0.000000,enabled
1782985178.406,2026-07-02 09:39:38.408,ibuf_merges_discard_delete,0,0,0.000000,enabled
1782985178.406,2026-07-02 09:39:38.408,ibuf_merges_discard_delete_mark,0,0,0.000000,enabled
1782985178.406,2026-07-02 09:39:38.408,ibuf_merges_discard_insert,0,0,0.000000,enabled
1782985178.406,2026-07-02 09:39:38.408,ibuf_merges_insert,0,0,0.000000,enabled
1782985178.406,2026-07-02 09:39:38.408,ibuf_size,1,1,0.000363,enabled
1782985178.406,2026-07-02 09:39:38.408,innodb_activity_count,20288556,20288556,7364.359685,enabled
1782985178.406,2026-07-02 09:39:38.408,innodb_dblwr_pages_written,32147021,32147021,11668.756716,enabled
1782985178.406,2026-07-02 09:39:38.408,innodb_dblwr_writes,670574,670574,243.405598,enabled
1782985178.406,2026-07-02 09:39:38.408,innodb_page_size,16384,16384,0.000000,enabled
1782985178.406,2026-07-02 09:39:38.408,innodb_rwlock_sx_os_waits,0,0,0.000000,enabled
1782985178.406,2026-07-02 09:39:38.408,innodb_rwlock_sx_spin_rounds,0,0,0.000000,enabled
1782985178.406,2026-07-02 09:39:38.408,innodb_rwlock_sx_spin_waits,0,0,0.000000,enabled
1782985178.406,2026-07-02 09:39:38.408,innodb_rwlock_s_os_waits,0,0,0.000000,enabled
1782985178.406,2026-07-02 09:39:38.408,innodb_rwlock_s_spin_rounds,0,0,0.000000,enabled
1782985178.406,2026-07-02 09:39:38.408,innodb_rwlock_s_spin_waits,0,0,0.000000,enabled
1782985178.406,2026-07-02 09:39:38.408,innodb_rwlock_x_os_waits,0,0,0.000000,enabled
1782985178.406,2026-07-02 09:39:38.408,innodb_rwlock_x_spin_rounds,0,0,0.000000,enabled
1782985178.406,2026-07-02 09:39:38.408,innodb_rwlock_x_spin_waits,0,0,0.000000,enabled
1782985178.406,2026-07-02 09:39:38.408,lock_deadlocks,0,0,0.000000,enabled
1782985178.406,2026-07-02 09:39:38.408,lock_deadlock_false_positives,0,0,0.000000,enabled
1782985178.406,2026-07-02 09:39:38.408,lock_deadlock_rounds,2992,2992,1.086039,enabled
1782985178.406,2026-07-02 09:39:38.408,lock_rec_grant_attempts,425,425,0.154267,enabled
1782985178.406,2026-07-02 09:39:38.408,lock_rec_release_attempts,45979970,45979970,16689.856386,enabled
1782985178.406,2026-07-02 09:39:38.408,lock_row_lock_current_waits,0,0,0.000000,enabled
1782985178.406,2026-07-02 09:39:38.408,lock_row_lock_time,323,323,0.117243,enabled
1782985178.406,2026-07-02 09:39:38.408,lock_row_lock_time_avg,0,0,0.000000,enabled
1782985178.406,2026-07-02 09:39:38.408,lock_row_lock_time_max,29,29,0.000000,enabled
1782985178.406,2026-07-02 09:39:38.408,lock_row_lock_waits,425,425,0.154267,enabled
1782985178.406,2026-07-02 09:39:38.408,lock_schedule_refreshes,2992,2992,1.086039,enabled
1782985178.406,2026-07-02 09:39:38.408,lock_threads_waiting,0,0,0.000000,enabled
1782985178.406,2026-07-02 09:39:38.408,lock_timeouts,0,0,0.000000,enabled
1782985178.406,2026-07-02 09:39:38.408,log_waits,0,0,0.000000,enabled
1782985178.406,2026-07-02 09:39:38.408,log_writes,232168745,232168745,84272.838684,enabled
1782985178.406,2026-07-02 09:39:38.408,log_write_requests,441865131,441865131,160388.638566,enabled
1782985178.406,2026-07-02 09:39:38.408,os_data_fsyncs,68937595,68937595,25023.036393,enabled
1782985178.406,2026-07-02 09:39:38.408,os_data_reads,99271923,99271923,36033.820798,enabled
1782985178.406,2026-07-02 09:39:38.408,os_data_writes,265274049,265274049,96289.436637,enabled
1782985178.406,2026-07-02 09:39:38.408,os_log_bytes_written,143801908224,143801908224,52197358.746097,enabled
1782985178.406,2026-07-02 09:39:38.408,os_log_fsyncs,59988687,59988687,21774.752872,enabled
1782985178.406,2026-07-02 09:39:38.408,os_log_pending_fsyncs,1,1,0.000363,enabled
1782985178.406,2026-07-02 09:39:38.408,os_log_pending_writes,0,0,0.000000,enabled
1782985178.406,2026-07-02 09:39:38.408,trx_rseg_history_len,661,661,0.000000,enabled
1782985179.477,2026-07-02 09:39:39.479,adaptive_hash_searches,0,0,0.000000,enabled
1782985179.477,2026-07-02 09:39:39.479,adaptive_hash_searches_btree,666798710,666798710,241940.148791,enabled
1782985179.477,2026-07-02 09:39:39.479,buffer_data_reads,1622532786688,1622532786688,588717183.715152,enabled
1782985179.477,2026-07-02 09:39:39.479,buffer_data_written,709906720256,709906720256,257581411.153104,enabled
1782985179.477,2026-07-02 09:39:39.479,buffer_pages0_read,7,7,0.002540,enabled
1782985179.477,2026-07-02 09:39:39.479,buffer_pages_created,1827716,1827716,663.165535,enabled
1782985179.477,2026-07-02 09:39:39.479,buffer_pages_read,99310804,99310804,36033.772268,enabled
1782985179.477,2026-07-02 09:39:39.479,buffer_pages_written,32225687,32225687,11692.716437,enabled
1782985179.477,2026-07-02 09:39:39.479,buffer_pool_bytes_data,12850184192,12850184192,0.000000,enabled
1782985179.477,2026-07-02 09:39:39.479,buffer_pool_bytes_dirty,4629561344,4629561344,0.000000,enabled
1782985179.477,2026-07-02 09:39:39.479,buffer_pool_pages_data,784313,784313,0.000000,enabled
1782985179.477,2026-07-02 09:39:39.479,buffer_pool_pages_dirty,282566,282566,0.000000,enabled
1782985179.477,2026-07-02 09:39:39.479,buffer_pool_pages_flushed,32168573,32168573,0.000000,enabled
1782985179.477,2026-07-02 09:39:39.479,buffer_pool_pages_free,2023,2023,0.000000,enabled
1782985179.477,2026-07-02 09:39:39.479,buffer_pool_pages_lru_flushed,0,0,0.000000,enabled
1782985179.477,2026-07-02 09:39:39.479,buffer_pool_pages_misc,96,96,0.000000,enabled
1782985179.477,2026-07-02 09:39:39.479,buffer_pool_pages_total,786432,786432,0.000000,enabled
1782985179.477,2026-07-02 09:39:39.479,buffer_pool_reads,98389385,98389385,35699.447083,enabled
1782985179.477,2026-07-02 09:39:39.479,buffer_pool_read_ahead,803715,803715,291.618663,enabled
1782985179.477,2026-07-02 09:39:39.479,buffer_pool_read_ahead_evicted,25,25,0.009071,enabled
1782985179.477,2026-07-02 09:39:39.479,buffer_pool_read_requests,3221124188,3221124188,1168747.543577,enabled
1782985179.477,2026-07-02 09:39:39.479,buffer_pool_size,12884901888,12884901888,0.000000,enabled
1782985179.477,2026-07-02 09:39:39.479,buffer_pool_wait_free,18945,18945,6.873973,enabled
1782985179.477,2026-07-02 09:39:39.479,buffer_pool_write_requests,651682768,651682768,236455.532101,enabled
1782985179.477,2026-07-02 09:39:39.479,dml_deletes,15131991,15131991,5490.466635,enabled
1782985179.477,2026-07-02 09:39:39.479,dml_inserts,115017398,115017398,41732.722855,enabled
1782985179.477,2026-07-02 09:39:39.479,dml_system_deletes,468,468,0.169808,enabled
1782985179.477,2026-07-02 09:39:39.479,dml_system_inserts,1202,1202,0.436132,enabled
1782985179.477,2026-07-02 09:39:39.479,dml_system_reads,7661,7661,2.779705,enabled
1782985179.477,2026-07-02 09:39:39.479,dml_system_updates,620,620,0.224960,enabled
1782985179.477,2026-07-02 09:39:39.479,dml_updates,30264116,30264116,10980.981881,enabled
1782985179.477,2026-07-02 09:39:39.479,file_num_open_files,35,35,0.000000,enabled
1782985179.477,2026-07-02 09:39:39.479,ibuf_merges,0,0,0.000000,enabled
1782985179.477,2026-07-02 09:39:39.479,ibuf_merges_delete,0,0,0.000000,enabled
1782985179.477,2026-07-02 09:39:39.479,ibuf_merges_delete_mark,0,0,0.000000,enabled
1782985179.477,2026-07-02 09:39:39.479,ibuf_merges_discard_delete,0,0,0.000000,enabled
1782985179.477,2026-07-02 09:39:39.479,ibuf_merges_discard_delete_mark,0,0,0.000000,enabled
1782985179.477,2026-07-02 09:39:39.479,ibuf_merges_discard_insert,0,0,0.000000,enabled
1782985179.477,2026-07-02 09:39:39.479,ibuf_merges_insert,0,0,0.000000,enabled
1782985179.477,2026-07-02 09:39:39.479,ibuf_size,1,1,0.000363,enabled
1782985179.477,2026-07-02 09:39:39.479,innodb_activity_count,20294202,20294202,7363.514844,enabled
1782985179.477,2026-07-02 09:39:39.479,innodb_dblwr_pages_written,32166059,32166059,11671.079827,enabled
1782985179.477,2026-07-02 09:39:39.479,innodb_dblwr_writes,670965,670965,243.451835,enabled
1782985179.477,2026-07-02 09:39:39.479,innodb_page_size,16384,16384,0.000000,enabled
1782985179.477,2026-07-02 09:39:39.479,innodb_rwlock_sx_os_waits,0,0,0.000000,enabled
1782985179.477,2026-07-02 09:39:39.479,innodb_rwlock_sx_spin_rounds,0,0,0.000000,enabled
1782985179.477,2026-07-02 09:39:39.479,innodb_rwlock_sx_spin_waits,0,0,0.000000,enabled
1782985179.477,2026-07-02 09:39:39.479,innodb_rwlock_s_os_waits,0,0,0.000000,enabled
1782985179.477,2026-07-02 09:39:39.479,innodb_rwlock_s_spin_rounds,0,0,0.000000,enabled
1782985179.477,2026-07-02 09:39:39.479,innodb_rwlock_s_spin_waits,0,0,0.000000,enabled
1782985179.477,2026-07-02 09:39:39.479,innodb_rwlock_x_os_waits,0,0,0.000000,enabled
1782985179.477,2026-07-02 09:39:39.479,innodb_rwlock_x_spin_rounds,0,0,0.000000,enabled
1782985179.477,2026-07-02 09:39:39.479,innodb_rwlock_x_spin_waits,0,0,0.000000,enabled
1782985179.477,2026-07-02 09:39:39.479,lock_deadlocks,0,0,0.000000,enabled
1782985179.477,2026-07-02 09:39:39.479,lock_deadlock_false_positives,0,0,0.000000,enabled
1782985179.477,2026-07-02 09:39:39.479,lock_deadlock_rounds,2993,2993,1.085975,enabled
1782985179.477,2026-07-02 09:39:39.479,lock_rec_grant_attempts,425,425,0.154206,enabled
1782985179.477,2026-07-02 09:39:39.479,lock_rec_release_attempts,45994889,45994889,16688.712118,enabled
1782985179.477,2026-07-02 09:39:39.479,lock_row_lock_current_waits,0,0,0.000000,enabled
1782985179.477,2026-07-02 09:39:39.479,lock_row_lock_time,323,323,0.117197,enabled
1782985179.477,2026-07-02 09:39:39.479,lock_row_lock_time_avg,0,0,0.000000,enabled
1782985179.477,2026-07-02 09:39:39.479,lock_row_lock_time_max,29,29,0.000000,enabled
1782985179.477,2026-07-02 09:39:39.479,lock_row_lock_waits,425,425,0.154206,enabled
1782985179.477,2026-07-02 09:39:39.479,lock_schedule_refreshes,2993,2993,1.085975,enabled
1782985179.477,2026-07-02 09:39:39.479,lock_threads_waiting,0,0,0.000000,enabled
1782985179.477,2026-07-02 09:39:39.479,lock_timeouts,0,0,0.000000,enabled
1782985179.477,2026-07-02 09:39:39.479,log_waits,0,0,0.000000,enabled
1782985179.477,2026-07-02 09:39:39.479,log_writes,232248368,232248368,84268.618375,enabled
1782985179.477,2026-07-02 09:39:39.479,log_write_requests,441948441,441948441,160355.850313,enabled
1782985179.477,2026-07-02 09:39:39.479,os_data_fsyncs,68972579,68972579,25025.898428,enabled
1782985179.477,2026-07-02 09:39:39.479,os_data_reads,99329390,99329390,36040.514413,enabled
1782985179.477,2026-07-02 09:39:39.479,os_data_writes,265372483,265372483,96287.320339,enabled
1782985179.477,2026-07-02 09:39:39.479,os_log_bytes_written,143843452416,143843452416,52191924.352272,enabled
1782985179.477,2026-07-02 09:39:39.479,os_log_fsyncs,60018278,60018278,21776.934370,enabled
1782985179.477,2026-07-02 09:39:39.479,os_log_pending_fsyncs,1,1,0.000363,enabled
1782985179.477,2026-07-02 09:39:39.479,os_log_pending_writes,0,0,0.000000,enabled
1782985179.477,2026-07-02 09:39:39.479,trx_rseg_history_len,770,770,0.000000,enabled
1782985180.560,2026-07-02 09:39:40.562,adaptive_hash_searches,0,0,0.000000,enabled
1782985180.560,2026-07-02 09:39:40.562,adaptive_hash_searches_btree,666971191,666971191,241908.548076,enabled
1782985180.560,2026-07-02 09:39:40.562,buffer_data_reads,1623492364800,1623492364800,588836107.301539,enabled
1782985180.560,2026-07-02 09:39:40.562,buffer_data_written,710223695360,710223695360,257596133.429544,enabled
1782985180.560,2026-07-02 09:39:40.562,buffer_pages0_read,7,7,0.002539,enabled
1782985180.560,2026-07-02 09:39:40.562,buffer_pages_created,1827754,1827754,662.921232,enabled
1782985180.560,2026-07-02 09:39:40.562,buffer_pages_read,99369512,99369512,36041.042127,enabled
1782985180.560,2026-07-02 09:39:40.562,buffer_pages_written,32242071,32242071,11694.108374,enabled
1782985180.560,2026-07-02 09:39:40.562,buffer_pool_bytes_data,12851986432,12851986432,0.000000,enabled
1782985180.560,2026-07-02 09:39:40.562,buffer_pool_bytes_dirty,4639555584,4639555584,0.000000,enabled
1782985180.560,2026-07-02 09:39:40.562,buffer_pool_pages_data,784423,784423,0.000000,enabled
1782985180.560,2026-07-02 09:39:40.562,buffer_pool_pages_dirty,283176,283176,0.000000,enabled
1782985180.560,2026-07-02 09:39:40.562,buffer_pool_pages_flushed,32184957,32184957,0.000000,enabled
1782985180.560,2026-07-02 09:39:40.562,buffer_pool_pages_free,1911,1911,0.000000,enabled
1782985180.560,2026-07-02 09:39:40.562,buffer_pool_pages_lru_flushed,0,0,0.000000,enabled
1782985180.560,2026-07-02 09:39:40.562,buffer_pool_pages_misc,97,97,0.000000,enabled
1782985180.560,2026-07-02 09:39:40.562,buffer_pool_pages_total,786432,786432,0.000000,enabled
1782985180.560,2026-07-02 09:39:40.562,buffer_pool_reads,98448034,98448034,35706.825611,enabled
1782985180.560,2026-07-02 09:39:40.562,buffer_pool_read_ahead,803715,803715,291.505172,enabled
1782985180.560,2026-07-02 09:39:40.562,buffer_pool_read_ahead_evicted,25,25,0.009067,enabled
1782985180.560,2026-07-02 09:39:40.562,buffer_pool_read_requests,3221977899,3221977899,1168602.335938,enabled
1782985180.560,2026-07-02 09:39:40.562,buffer_pool_size,12884901888,12884901888,0.000000,enabled
1782985180.560,2026-07-02 09:39:40.562,buffer_pool_wait_free,18945,18945,6.871298,enabled
1782985180.560,2026-07-02 09:39:40.562,buffer_pool_write_requests,651798187,651798187,236405.371890,enabled
1782985180.560,2026-07-02 09:39:40.562,dml_deletes,15136978,15136978,5490.138596,enabled
1782985180.560,2026-07-02 09:39:40.562,dml_inserts,115022386,115022386,41718.290217,enabled
1782985180.560,2026-07-02 09:39:40.562,dml_system_deletes,468,468,0.169742,enabled
1782985180.560,2026-07-02 09:39:40.562,dml_system_inserts,1202,1202,0.435962,enabled
1782985180.560,2026-07-02 09:39:40.562,dml_system_reads,7661,7661,2.778623,enabled
1782985180.560,2026-07-02 09:39:40.562,dml_system_updates,620,620,0.224872,enabled
1782985180.560,2026-07-02 09:39:40.562,dml_updates,30274088,30274088,10980.325059,enabled
1782985180.560,2026-07-02 09:39:40.562,file_num_open_files,35,35,0.000000,enabled
1782985180.560,2026-07-02 09:39:40.562,ibuf_merges,0,0,0.000000,enabled
1782985180.560,2026-07-02 09:39:40.562,ibuf_merges_delete,0,0,0.000000,enabled
1782985180.560,2026-07-02 09:39:40.562,ibuf_merges_delete_mark,0,0,0.000000,enabled
1782985180.560,2026-07-02 09:39:40.562,ibuf_merges_discard_delete,0,0,0.000000,enabled
1782985180.560,2026-07-02 09:39:40.562,ibuf_merges_discard_delete_mark,0,0,0.000000,enabled
1782985180.560,2026-07-02 09:39:40.562,ibuf_merges_discard_insert,0,0,0.000000,enabled
1782985180.560,2026-07-02 09:39:40.562,ibuf_merges_insert,0,0,0.000000,enabled
1782985180.560,2026-07-02 09:39:40.562,ibuf_size,1,1,0.000363,enabled
1782985180.560,2026-07-02 09:39:40.562,innodb_activity_count,20299929,20299929,7362.726250,enabled
1782985180.560,2026-07-02 09:39:40.562,innodb_dblwr_pages_written,32182443,32182443,11672.480064,enabled
1782985180.560,2026-07-02 09:39:40.562,innodb_dblwr_writes,671315,671315,243.484031,enabled
1782985180.560,2026-07-02 09:39:40.562,innodb_page_size,16384,16384,0.000000,enabled
1782985180.560,2026-07-02 09:39:40.562,innodb_rwlock_sx_os_waits,0,0,0.000000,enabled
1782985180.560,2026-07-02 09:39:40.562,innodb_rwlock_sx_spin_rounds,0,0,0.000000,enabled
1782985180.560,2026-07-02 09:39:40.562,innodb_rwlock_sx_spin_waits,0,0,0.000000,enabled
1782985180.560,2026-07-02 09:39:40.562,innodb_rwlock_s_os_waits,0,0,0.000000,enabled
1782985180.560,2026-07-02 09:39:40.562,innodb_rwlock_s_spin_rounds,0,0,0.000000,enabled
1782985180.560,2026-07-02 09:39:40.562,innodb_rwlock_s_spin_waits,0,0,0.000000,enabled
1782985180.560,2026-07-02 09:39:40.562,innodb_rwlock_x_os_waits,0,0,0.000000,enabled
1782985180.560,2026-07-02 09:39:40.562,innodb_rwlock_x_spin_rounds,0,0,0.000000,enabled
1782985180.560,2026-07-02 09:39:40.562,innodb_rwlock_x_spin_waits,0,0,0.000000,enabled
1782985180.560,2026-07-02 09:39:40.562,lock_deadlocks,0,0,0.000000,enabled
1782985180.560,2026-07-02 09:39:40.562,lock_deadlock_false_positives,0,0,0.000000,enabled
1782985180.560,2026-07-02 09:39:40.562,lock_deadlock_rounds,2994,2994,1.085915,enabled
1782985180.560,2026-07-02 09:39:40.562,lock_rec_grant_attempts,425,425,0.154146,enabled
1782985180.560,2026-07-02 09:39:40.562,lock_rec_release_attempts,46010048,46010048,16687.715399,enabled
1782985180.560,2026-07-02 09:39:40.562,lock_row_lock_current_waits,0,0,0.000000,enabled
1782985180.560,2026-07-02 09:39:40.562,lock_row_lock_time,323,323,0.117151,enabled
1782985180.560,2026-07-02 09:39:40.562,lock_row_lock_time_avg,0,0,0.000000,enabled
1782985180.560,2026-07-02 09:39:40.562,lock_row_lock_time_max,29,29,0.000000,enabled
1782985180.560,2026-07-02 09:39:40.562,lock_row_lock_waits,425,425,0.154146,enabled
1782985180.560,2026-07-02 09:39:40.562,lock_schedule_refreshes,2994,2994,1.085915,enabled
1782985180.560,2026-07-02 09:39:40.562,lock_threads_waiting,0,0,0.000000,enabled
1782985180.560,2026-07-02 09:39:40.562,lock_timeouts,0,0,0.000000,enabled
1782985180.560,2026-07-02 09:39:40.562,log_waits,0,0,0.000000,enabled
1782985180.560,2026-07-02 09:39:40.562,log_writes,232329237,232329237,84265.153570,enabled
1782985180.560,2026-07-02 09:39:40.562,log_write_requests,442032997,442032997,160324.111042,enabled
1782985180.560,2026-07-02 09:39:40.562,os_data_fsyncs,69008078,69008078,25029.034219,enabled
1782985180.560,2026-07-02 09:39:40.562,os_data_reads,99387932,99387932,36047.721165,enabled
1782985180.560,2026-07-02 09:39:40.562,os_data_writes,265469988,265469988,96285.211962,enabled
1782985180.560,2026-07-02 09:39:40.562,os_log_bytes_written,143885807104,143885807104,52186974.186240,enabled
1782985180.560,2026-07-02 09:39:40.562,os_log_fsyncs,60048893,60048893,21779.563183,enabled
1782985180.560,2026-07-02 09:39:40.562,os_log_pending_fsyncs,0,0,0.000000,enabled
1782985180.560,2026-07-02 09:39:40.562,os_log_pending_writes,0,0,0.000000,enabled
1782985180.560,2026-07-02 09:39:40.562,trx_rseg_history_len,911,911,0.000000,enabled
1782985181.633,2026-07-02 09:39:41.634,adaptive_hash_searches,0,0,0.000000,enabled
1782985181.633,2026-07-02 09:39:41.634,adaptive_hash_searches_btree,667142306,667142306,241876.618047,enabled
1782985181.633,2026-07-02 09:39:41.634,buffer_data_reads,1624445815296,1624445815296,588953062.308164,enabled
1782985181.633,2026-07-02 09:39:41.634,buffer_data_written,710539571200,710539571200,257610596.862545,enabled
1782985181.633,2026-07-02 09:39:41.634,buffer_pages0_read,7,7,0.002538,enabled
1782985181.633,2026-07-02 09:39:41.634,buffer_pages_created,1827780,1827780,662.673157,enabled
1782985181.633,2026-07-02 09:39:41.634,buffer_pages_read,99427869,99427869,36048.200237,enabled
1782985181.633,2026-07-02 09:39:41.634,buffer_pages_written,32258366,32258366,11695.473837,enabled
1782985181.633,2026-07-02 09:39:41.634,buffer_pool_bytes_data,12860768256,12860768256,0.000000,enabled
1782985181.633,2026-07-02 09:39:41.634,buffer_pool_bytes_dirty,4644749312,4644749312,0.000000,enabled
1782985181.633,2026-07-02 09:39:41.634,buffer_pool_pages_data,784959,784959,0.000000,enabled
1782985181.633,2026-07-02 09:39:41.634,buffer_pool_pages_dirty,283493,283493,0.000000,enabled
1782985181.633,2026-07-02 09:39:41.634,buffer_pool_pages_flushed,32201252,32201252,0.000000,enabled
1782985181.633,2026-07-02 09:39:41.634,buffer_pool_pages_free,1376,1376,0.000000,enabled
1782985181.633,2026-07-02 09:39:41.634,buffer_pool_pages_lru_flushed,0,0,0.000000,enabled
1782985181.633,2026-07-02 09:39:41.634,buffer_pool_pages_misc,96,96,0.000000,enabled
1782985181.633,2026-07-02 09:39:41.634,buffer_pool_pages_total,786432,786432,0.000000,enabled
1782985181.633,2026-07-02 09:39:41.634,buffer_pool_reads,98506339,98506339,35714.094861,enabled
1782985181.633,2026-07-02 09:39:41.634,buffer_pool_read_ahead,803715,803715,291.391943,enabled
1782985181.633,2026-07-02 09:39:41.634,buffer_pool_read_ahead_evicted,25,25,0.009064,enabled
1782985181.633,2026-07-02 09:39:41.634,buffer_pool_read_requests,3222825578,3222825578,1168455.745972,enabled
1782985181.633,2026-07-02 09:39:41.634,buffer_pool_size,12884901888,12884901888,0.000000,enabled
1782985181.633,2026-07-02 09:39:41.634,buffer_pool_wait_free,18945,18945,6.868629,enabled
1782985181.633,2026-07-02 09:39:41.634,buffer_pool_write_requests,651912826,651912826,236355.107803,enabled
1782985181.633,2026-07-02 09:39:41.634,dml_deletes,15141924,15141924,5489.799161,enabled
1782985181.633,2026-07-02 09:39:41.634,dml_inserts,115027331,115027331,41703.877645,enabled
1782985181.633,2026-07-02 09:39:41.634,dml_system_deletes,468,468,0.169676,enabled
1782985181.633,2026-07-02 09:39:41.634,dml_system_inserts,1202,1202,0.435793,enabled
1782985181.633,2026-07-02 09:39:41.634,dml_system_reads,7661,7661,2.777543,enabled
1782985181.633,2026-07-02 09:39:41.634,dml_system_updates,620,620,0.224785,enabled
1782985181.633,2026-07-02 09:39:41.634,dml_updates,30283979,30283979,10979.645807,enabled
1782985181.633,2026-07-02 09:39:41.634,file_num_open_files,35,35,0.000000,enabled
1782985181.633,2026-07-02 09:39:41.634,ibuf_merges,0,0,0.000000,enabled
1782985181.633,2026-07-02 09:39:41.634,ibuf_merges_delete,0,0,0.000000,enabled
1782985181.633,2026-07-02 09:39:41.634,ibuf_merges_delete_mark,0,0,0.000000,enabled
1782985181.633,2026-07-02 09:39:41.634,ibuf_merges_discard_delete,0,0,0.000000,enabled
1782985181.633,2026-07-02 09:39:41.634,ibuf_merges_discard_delete_mark,0,0,0.000000,enabled
1782985181.633,2026-07-02 09:39:41.634,ibuf_merges_discard_insert,0,0,0.000000,enabled
1782985181.633,2026-07-02 09:39:41.634,ibuf_merges_insert,0,0,0.000000,enabled
1782985181.633,2026-07-02 09:39:41.634,ibuf_size,1,1,0.000363,enabled
1782985181.633,2026-07-02 09:39:41.634,innodb_activity_count,20305610,20305610,7361.925889,enabled
1782985181.633,2026-07-02 09:39:41.634,innodb_dblwr_pages_written,32198738,32198738,11673.853745,enabled
1782985181.633,2026-07-02 09:39:41.634,innodb_dblwr_writes,671666,671666,243.516707,enabled
1782985181.633,2026-07-02 09:39:41.634,innodb_page_size,16384,16384,0.000000,enabled
1782985181.633,2026-07-02 09:39:41.634,innodb_rwlock_sx_os_waits,0,0,0.000000,enabled
1782985181.633,2026-07-02 09:39:41.634,innodb_rwlock_sx_spin_rounds,0,0,0.000000,enabled
1782985181.633,2026-07-02 09:39:41.634,innodb_rwlock_sx_spin_waits,0,0,0.000000,enabled
1782985181.633,2026-07-02 09:39:41.634,innodb_rwlock_s_os_waits,0,0,0.000000,enabled
1782985181.633,2026-07-02 09:39:41.634,innodb_rwlock_s_spin_rounds,0,0,0.000000,enabled
1782985181.633,2026-07-02 09:39:41.634,innodb_rwlock_s_spin_waits,0,0,0.000000,enabled
1782985181.633,2026-07-02 09:39:41.634,innodb_rwlock_x_os_waits,0,0,0.000000,enabled
1782985181.633,2026-07-02 09:39:41.634,innodb_rwlock_x_spin_rounds,0,0,0.000000,enabled
1782985181.633,2026-07-02 09:39:41.634,innodb_rwlock_x_spin_waits,0,0,0.000000,enabled
1782985181.633,2026-07-02 09:39:41.634,lock_deadlocks,0,0,0.000000,enabled
1782985181.633,2026-07-02 09:39:41.634,lock_deadlock_false_positives,0,0,0.000000,enabled
1782985181.633,2026-07-02 09:39:41.634,lock_deadlock_rounds,2995,2995,1.085856,enabled
1782985181.633,2026-07-02 09:39:41.634,lock_rec_grant_attempts,425,425,0.154086,enabled
1782985181.633,2026-07-02 09:39:41.634,lock_rec_release_attempts,46025091,46025091,16686.687379,enabled
1782985181.633,2026-07-02 09:39:41.634,lock_row_lock_current_waits,0,0,0.000000,enabled
1782985181.633,2026-07-02 09:39:41.634,lock_row_lock_time,323,323,0.117106,enabled
1782985181.633,2026-07-02 09:39:41.634,lock_row_lock_time_avg,0,0,0.000000,enabled
1782985181.633,2026-07-02 09:39:41.634,lock_row_lock_time_max,29,29,0.000000,enabled
1782985181.633,2026-07-02 09:39:41.634,lock_row_lock_waits,425,425,0.154086,enabled
1782985181.633,2026-07-02 09:39:41.634,lock_schedule_refreshes,2995,2995,1.085856,enabled
1782985181.633,2026-07-02 09:39:41.634,lock_threads_waiting,0,0,0.000000,enabled
1782985181.633,2026-07-02 09:39:41.634,lock_timeouts,0,0,0.000000,enabled
1782985181.633,2026-07-02 09:39:41.634,log_waits,0,0,0.000000,enabled
1782985181.633,2026-07-02 09:39:41.634,log_writes,232410504,232410504,84261.885242,enabled
1782985181.633,2026-07-02 09:39:41.634,log_write_requests,442117043,442117043,160292.305744,enabled
1782985181.633,2026-07-02 09:39:41.634,os_data_fsyncs,69043938,69043938,25032.313236,enabled
1782985181.633,2026-07-02 09:39:41.634,os_data_reads,99446122,99446122,36054.815980,enabled
1782985181.633,2026-07-02 09:39:41.634,os_data_writes,265567799,265567799,96283.273034,enabled
1782985181.633,2026-07-02 09:39:41.634,os_log_bytes_written,143928294912,143928294912,52182106.931100,enabled
1782985181.633,2026-07-02 09:39:41.634,os_log_fsyncs,60079652,60079652,21782.255010,enabled
1782985181.633,2026-07-02 09:39:41.634,os_log_pending_fsyncs,1,1,0.000363,enabled
1782985181.633,2026-07-02 09:39:41.634,os_log_pending_writes,0,0,0.000000,enabled
1782985181.633,2026-07-02 09:39:41.634,trx_rseg_history_len,973,973,0.000000,enabled
1782985182.704,2026-07-02 09:39:42.706,adaptive_hash_searches,0,0,0.000000,enabled
1782985182.704,2026-07-02 09:39:42.706,adaptive_hash_searches_btree,667312776,667312776,241844.694086,enabled
1782985182.704,2026-07-02 09:39:42.706,buffer_data_reads,1625393170944,1625393170944,589068229.735343,enabled
1782985182.704,2026-07-02 09:39:42.706,buffer_data_written,710857951744,710857951744,257626180.774085,enabled
1782985182.704,2026-07-02 09:39:42.706,buffer_pages0_read,7,7,0.002537,enabled
1782985182.704,2026-07-02 09:39:42.706,buffer_pages_created,1827821,1827821,662.431286,enabled
1782985182.704,2026-07-02 09:39:42.706,buffer_pages_read,99485850,99485850,36055.247854,enabled
1782985182.704,2026-07-02 09:39:42.706,buffer_pages_written,32274849,32274849,11696.916530,enabled
1782985182.704,2026-07-02 09:39:42.706,buffer_pool_bytes_data,12858802176,12858802176,0.000000,enabled
1782985182.704,2026-07-02 09:39:42.706,buffer_pool_bytes_dirty,4647370752,4647370752,0.000000,enabled
1782985182.704,2026-07-02 09:39:42.706,buffer_pool_pages_data,784841,784841,0.000000,enabled
1782985182.704,2026-07-02 09:39:42.706,buffer_pool_pages_dirty,283653,283653,0.000000,enabled
1782985182.704,2026-07-02 09:39:42.706,buffer_pool_pages_flushed,32217735,32217735,0.000000,enabled
1782985182.704,2026-07-02 09:39:42.706,buffer_pool_pages_free,1496,1496,0.000000,enabled
1782985182.704,2026-07-02 09:39:42.706,buffer_pool_pages_lru_flushed,0,0,0.000000,enabled
1782985182.704,2026-07-02 09:39:42.706,buffer_pool_pages_misc,96,96,0.000000,enabled
1782985182.704,2026-07-02 09:39:42.706,buffer_pool_pages_total,786432,786432,0.000000,enabled
1782985182.704,2026-07-02 09:39:42.706,buffer_pool_reads,98564281,98564281,35721.257644,enabled
1782985182.704,2026-07-02 09:39:42.706,buffer_pool_read_ahead,803715,803715,291.279052,enabled
1782985182.704,2026-07-02 09:39:42.706,buffer_pool_read_ahead_evicted,25,25,0.009060,enabled
1782985182.704,2026-07-02 09:39:42.706,buffer_pool_read_requests,3223669865,3223669865,1168309.048281,enabled
1782985182.704,2026-07-02 09:39:42.706,buffer_pool_size,12884901888,12884901888,0.000000,enabled
1782985182.704,2026-07-02 09:39:42.706,buffer_pool_wait_free,18945,18945,6.865968,enabled
1782985182.704,2026-07-02 09:39:42.706,buffer_pool_write_requests,652027055,652027055,236304.938012,enabled
1782985182.704,2026-07-02 09:39:42.706,dml_deletes,15146859,15146859,5489.460901,enabled
1782985182.704,2026-07-02 09:39:42.706,dml_inserts,115032267,115032267,41689.510186,enabled
1782985182.704,2026-07-02 09:39:42.706,dml_system_deletes,468,468,0.169611,enabled
1782985182.704,2026-07-02 09:39:42.706,dml_system_inserts,1202,1202,0.435624,enabled
1782985182.704,2026-07-02 09:39:42.706,dml_system_reads,7661,7661,2.776467,enabled
1782985182.704,2026-07-02 09:39:42.706,dml_system_updates,620,620,0.224698,enabled
1782985182.704,2026-07-02 09:39:42.706,dml_updates,30293849,30293849,10978.969270,enabled
1782985182.704,2026-07-02 09:39:42.706,file_num_open_files,35,35,0.000000,enabled
1782985182.704,2026-07-02 09:39:42.706,ibuf_merges,0,0,0.000000,enabled
1782985182.704,2026-07-02 09:39:42.706,ibuf_merges_delete,0,0,0.000000,enabled
1782985182.704,2026-07-02 09:39:42.706,ibuf_merges_delete_mark,0,0,0.000000,enabled
1782985182.704,2026-07-02 09:39:42.706,ibuf_merges_discard_delete,0,0,0.000000,enabled
1782985182.704,2026-07-02 09:39:42.706,ibuf_merges_discard_delete_mark,0,0,0.000000,enabled
1782985182.704,2026-07-02 09:39:42.706,ibuf_merges_discard_insert,0,0,0.000000,enabled
1782985182.704,2026-07-02 09:39:42.706,ibuf_merges_insert,0,0,0.000000,enabled
1782985182.704,2026-07-02 09:39:42.706,ibuf_size,1,1,0.000362,enabled
1782985182.704,2026-07-02 09:39:42.706,innodb_activity_count,20311277,20311277,7361.127640,enabled
1782985182.704,2026-07-02 09:39:42.706,innodb_dblwr_pages_written,32215221,32215221,11675.304923,enabled
1782985182.704,2026-07-02 09:39:42.706,innodb_dblwr_writes,672013,672013,243.548126,enabled
1782985182.704,2026-07-02 09:39:42.706,innodb_page_size,16384,16384,0.000000,enabled
1782985182.704,2026-07-02 09:39:42.706,innodb_rwlock_sx_os_waits,0,0,0.000000,enabled
1782985182.704,2026-07-02 09:39:42.706,innodb_rwlock_sx_spin_rounds,0,0,0.000000,enabled
1782985182.704,2026-07-02 09:39:42.706,innodb_rwlock_sx_spin_waits,0,0,0.000000,enabled
1782985182.704,2026-07-02 09:39:42.706,innodb_rwlock_s_os_waits,0,0,0.000000,enabled
1782985182.704,2026-07-02 09:39:42.706,innodb_rwlock_s_spin_rounds,0,0,0.000000,enabled
1782985182.704,2026-07-02 09:39:42.706,innodb_rwlock_s_spin_waits,0,0,0.000000,enabled
1782985182.704,2026-07-02 09:39:42.706,innodb_rwlock_x_os_waits,0,0,0.000000,enabled
1782985182.704,2026-07-02 09:39:42.706,innodb_rwlock_x_spin_rounds,0,0,0.000000,enabled
1782985182.704,2026-07-02 09:39:42.706,innodb_rwlock_x_spin_waits,0,0,0.000000,enabled
1782985182.704,2026-07-02 09:39:42.706,lock_deadlocks,0,0,0.000000,enabled
1782985182.704,2026-07-02 09:39:42.706,lock_deadlock_false_positives,0,0,0.000000,enabled
1782985182.704,2026-07-02 09:39:42.706,lock_deadlock_rounds,2996,2996,1.085798,enabled
1782985182.704,2026-07-02 09:39:42.706,lock_rec_grant_attempts,425,425,0.154027,enabled
1782985182.704,2026-07-02 09:39:42.706,lock_rec_release_attempts,46040115,46040115,16685.667568,enabled
1782985182.704,2026-07-02 09:39:42.706,lock_row_lock_current_waits,0,0,0.000000,enabled
1782985182.704,2026-07-02 09:39:42.706,lock_row_lock_time,323,323,0.117060,enabled
1782985182.704,2026-07-02 09:39:42.706,lock_row_lock_time_avg,0,0,0.000000,enabled
1782985182.704,2026-07-02 09:39:42.706,lock_row_lock_time_max,29,29,0.000000,enabled
1782985182.704,2026-07-02 09:39:42.706,lock_row_lock_waits,425,425,0.154027,enabled
1782985182.704,2026-07-02 09:39:42.706,lock_schedule_refreshes,2996,2996,1.085798,enabled
1782985182.704,2026-07-02 09:39:42.706,lock_threads_waiting,0,0,0.000000,enabled
1782985182.704,2026-07-02 09:39:42.706,lock_timeouts,0,0,0.000000,enabled
1782985182.704,2026-07-02 09:39:42.706,log_waits,0,0,0.000000,enabled
1782985182.704,2026-07-02 09:39:42.706,log_writes,232491383,232491383,84258.553014,enabled
1782985182.704,2026-07-02 09:39:42.706,log_write_requests,442200759,442200759,160260.546618,enabled
1782985182.704,2026-07-02 09:39:42.706,os_data_fsyncs,69079104,69079104,25035.360122,enabled
1782985182.704,2026-07-02 09:39:42.706,os_data_reads,99503936,99503936,36061.800602,enabled
1782985182.704,2026-07-02 09:39:42.706,os_data_writes,265665424,265665424,96281.352551,enabled
1782985182.704,2026-07-02 09:39:42.706,os_log_bytes_written,143970529280,143970529280,52177197.349005,enabled
1782985182.704,2026-07-02 09:39:42.706,os_log_fsyncs,60110046,60110046,21784.831565,enabled
1782985182.704,2026-07-02 09:39:42.706,os_log_pending_fsyncs,0,0,0.000000,enabled
1782985182.704,2026-07-02 09:39:42.706,os_log_pending_writes,0,0,0.000000,enabled
1782985182.704,2026-07-02 09:39:42.706,trx_rseg_history_len,1070,1070,0.000000,enabled
1782985183.773,2026-07-02 09:39:43.775,adaptive_hash_searches,0,0,0.000000,enabled
1782985183.773,2026-07-02 09:39:43.775,adaptive_hash_searches_btree,667484737,667484737,241813.020434,enabled
1782985183.773,2026-07-02 09:39:43.775,buffer_data_reads,1626341820928,1626341820928,589183009.020563,enabled
1782985183.773,2026-07-02 09:39:43.775,buffer_data_written,711175191040,711175191040,257641003.480779,enabled
1782985183.773,2026-07-02 09:39:43.775,buffer_pages0_read,7,7,0.002536,enabled
1782985183.773,2026-07-02 09:39:43.775,buffer_pages_created,1827850,1827850,662.184393,enabled
1782985183.773,2026-07-02 09:39:43.775,buffer_pages_read,99543933,99543933,36062.279961,enabled
1782985183.773,2026-07-02 09:39:43.775,buffer_pages_written,32291261,32291261,11698.317142,enabled
1782985183.773,2026-07-02 09:39:43.775,buffer_pool_bytes_data,12854116352,12854116352,0.000000,enabled
1782985183.773,2026-07-02 09:39:43.775,buffer_pool_bytes_dirty,4650696704,4650696704,0.000000,enabled
1782985183.773,2026-07-02 09:39:43.775,buffer_pool_pages_data,784553,784553,0.000000,enabled
1782985183.773,2026-07-02 09:39:43.775,buffer_pool_pages_dirty,283856,283856,0.000000,enabled
1782985183.773,2026-07-02 09:39:43.775,buffer_pool_pages_flushed,32234147,32234147,0.000000,enabled
1782985183.773,2026-07-02 09:39:43.775,buffer_pool_pages_free,1783,1783,0.000000,enabled
1782985183.773,2026-07-02 09:39:43.775,buffer_pool_pages_lru_flushed,0,0,0.000000,enabled
1782985183.773,2026-07-02 09:39:43.775,buffer_pool_pages_misc,96,96,0.000000,enabled
1782985183.773,2026-07-02 09:39:43.775,buffer_pool_pages_total,786432,786432,0.000000,enabled
1782985183.773,2026-07-02 09:39:43.775,buffer_pool_reads,98622307,98622307,35728.398884,enabled
1782985183.773,2026-07-02 09:39:43.775,buffer_pool_read_ahead,803715,803715,291.165871,enabled
1782985183.773,2026-07-02 09:39:43.775,buffer_pool_read_ahead_evicted,25,25,0.009057,enabled
1782985183.773,2026-07-02 09:39:43.775,buffer_pool_read_requests,3224519899,3224519899,1168163.027104,enabled
1782985183.773,2026-07-02 09:39:43.775,buffer_pool_size,12884901888,12884901888,0.000000,enabled
1782985183.773,2026-07-02 09:39:43.775,buffer_pool_wait_free,18945,18945,6.863300,enabled
1782985183.773,2026-07-02 09:39:43.775,buffer_pool_write_requests,652141608,652141608,236254.617224,enabled
1782985183.773,2026-07-02 09:39:43.775,dml_deletes,15151824,15151824,5489.126629,enabled
1782985183.773,2026-07-02 09:39:43.775,dml_inserts,115037231,115037231,41675.109775,enabled
1782985183.773,2026-07-02 09:39:43.775,dml_system_deletes,468,468,0.169545,enabled
1782985183.773,2026-07-02 09:39:43.775,dml_system_inserts,1202,1202,0.435455,enabled
1782985183.773,2026-07-02 09:39:43.775,dml_system_reads,7661,7661,2.775389,enabled
1782985183.773,2026-07-02 09:39:43.775,dml_system_updates,620,620,0.224610,enabled
1782985183.773,2026-07-02 09:39:43.775,dml_updates,30303784,30303784,10978.302519,enabled
1782985183.773,2026-07-02 09:39:43.775,file_num_open_files,35,35,0.000000,enabled
1782985183.773,2026-07-02 09:39:43.775,ibuf_merges,0,0,0.000000,enabled
1782985183.773,2026-07-02 09:39:43.775,ibuf_merges_delete,0,0,0.000000,enabled
1782985183.773,2026-07-02 09:39:43.775,ibuf_merges_delete_mark,0,0,0.000000,enabled
1782985183.773,2026-07-02 09:39:43.775,ibuf_merges_discard_delete,0,0,0.000000,enabled
1782985183.773,2026-07-02 09:39:43.775,ibuf_merges_discard_delete_mark,0,0,0.000000,enabled
1782985183.773,2026-07-02 09:39:43.775,ibuf_merges_discard_insert,0,0,0.000000,enabled
1782985183.773,2026-07-02 09:39:43.775,ibuf_merges_insert,0,0,0.000000,enabled
1782985183.773,2026-07-02 09:39:43.775,ibuf_size,1,1,0.000362,enabled
1782985183.773,2026-07-02 09:39:43.775,innodb_activity_count,20316982,20316982,7360.334191,enabled
1782985183.773,2026-07-02 09:39:43.775,innodb_dblwr_pages_written,32231633,32231633,11676.714051,enabled
1782985183.773,2026-07-02 09:39:43.775,innodb_dblwr_writes,672383,672383,243.587535,enabled
1782985183.773,2026-07-02 09:39:43.775,innodb_page_size,16384,16384,0.000000,enabled
1782985183.773,2026-07-02 09:39:43.775,innodb_rwlock_sx_os_waits,0,0,0.000000,enabled
1782985183.773,2026-07-02 09:39:43.775,innodb_rwlock_sx_spin_rounds,0,0,0.000000,enabled
1782985183.773,2026-07-02 09:39:43.775,innodb_rwlock_sx_spin_waits,0,0,0.000000,enabled
1782985183.773,2026-07-02 09:39:43.775,innodb_rwlock_s_os_waits,0,0,0.000000,enabled
1782985183.773,2026-07-02 09:39:43.775,innodb_rwlock_s_spin_rounds,0,0,0.000000,enabled
1782985183.773,2026-07-02 09:39:43.775,innodb_rwlock_s_spin_waits,0,0,0.000000,enabled
1782985183.773,2026-07-02 09:39:43.775,innodb_rwlock_x_os_waits,0,0,0.000000,enabled
1782985183.773,2026-07-02 09:39:43.775,innodb_rwlock_x_spin_rounds,0,0,0.000000,enabled
1782985183.773,2026-07-02 09:39:43.775,innodb_rwlock_x_spin_waits,0,0,0.000000,enabled
1782985183.773,2026-07-02 09:39:43.775,lock_deadlocks,0,0,0.000000,enabled
1782985183.773,2026-07-02 09:39:43.775,lock_deadlock_false_positives,0,0,0.000000,enabled
1782985183.773,2026-07-02 09:39:43.775,lock_deadlock_rounds,2997,2997,1.085738,enabled
1782985183.773,2026-07-02 09:39:43.775,lock_rec_grant_attempts,425,425,0.153967,enabled
1782985183.773,2026-07-02 09:39:43.775,lock_rec_release_attempts,46055191,46055191,16684.645692,enabled
1782985183.773,2026-07-02 09:39:43.775,lock_row_lock_current_waits,0,0,0.000000,enabled
1782985183.773,2026-07-02 09:39:43.775,lock_row_lock_time,323,323,0.117015,enabled
1782985183.773,2026-07-02 09:39:43.775,lock_row_lock_time_avg,0,0,0.000000,enabled
1782985183.773,2026-07-02 09:39:43.775,lock_row_lock_time_max,29,29,0.000000,enabled
1782985183.773,2026-07-02 09:39:43.775,lock_row_lock_waits,425,425,0.153967,enabled
1782985183.773,2026-07-02 09:39:43.775,lock_schedule_refreshes,2997,2997,1.085738,enabled
1782985183.773,2026-07-02 09:39:43.775,lock_threads_waiting,0,0,0.000000,enabled
1782985183.773,2026-07-02 09:39:43.775,lock_timeouts,0,0,0.000000,enabled
1782985183.773,2026-07-02 09:39:43.775,log_waits,0,0,0.000000,enabled
1782985183.773,2026-07-02 09:39:43.775,log_writes,232572420,232572420,84255.171101,enabled
1782985183.773,2026-07-02 09:39:43.775,log_write_requests,442285108,442285108,160228.833122,enabled
1782985183.773,2026-07-02 09:39:43.775,os_data_fsyncs,69114722,69114722,25038.535830,enabled
1782985183.773,2026-07-02 09:39:43.775,os_data_reads,99561825,99561825,36068.760082,enabled
1782985183.773,2026-07-02 09:39:43.775,os_data_writes,265763129,265763129,96279.337301,enabled
1782985183.773,2026-07-02 09:39:43.775,os_log_bytes_written,144012758016,144012758016,52172221.660626,enabled
1782985183.773,2026-07-02 09:39:43.775,os_log_fsyncs,60140544,60140544,21787.415461,enabled
1782985183.773,2026-07-02 09:39:43.775,os_log_pending_fsyncs,1,1,0.000362,enabled
1782985183.773,2026-07-02 09:39:43.775,os_log_pending_writes,1,1,0.000362,enabled
1782985183.773,2026-07-02 09:39:43.775,trx_rseg_history_len,1206,1206,0.000000,enabled
1782985184.846,2026-07-02 09:39:44.847,adaptive_hash_searches,0,0,0.000000,enabled
1782985184.846,2026-07-02 09:39:44.847,adaptive_hash_searches_btree,667654080,667654080,241780.844124,enabled
1782985184.846,2026-07-02 09:39:44.847,buffer_data_reads,1627287144960,1627287144960,589297537.055586,enabled
1782985184.846,2026-07-02 09:39:44.847,buffer_data_written,711491405824,711491405824,257655899.323208,enabled
1782985184.846,2026-07-02 09:39:44.847,buffer_pages0_read,7,7,0.002535,enabled
1782985184.846,2026-07-02 09:39:44.847,buffer_pages_created,1827879,1827879,661.938862,enabled
1782985184.846,2026-07-02 09:39:44.847,buffer_pages_read,99601798,99601798,36069.291473,enabled
1782985184.846,2026-07-02 09:39:44.847,buffer_pages_written,32307617,32307617,11699.717085,enabled
1782985184.846,2026-07-02 09:39:44.847,buffer_pool_bytes_data,12855558144,12855558144,0.000000,enabled
1782985184.846,2026-07-02 09:39:44.847,buffer_pool_bytes_dirty,4654317568,4654317568,0.000000,enabled
1782985184.846,2026-07-02 09:39:44.847,buffer_pool_pages_data,784641,784641,0.000000,enabled
1782985184.846,2026-07-02 09:39:44.847,buffer_pool_pages_dirty,284077,284077,0.000000,enabled
1782985184.846,2026-07-02 09:39:44.847,buffer_pool_pages_flushed,32250503,32250503,0.000000,enabled
1782985184.846,2026-07-02 09:39:44.847,buffer_pool_pages_free,1694,1694,0.000000,enabled
1782985184.846,2026-07-02 09:39:44.847,buffer_pool_pages_lru_flushed,0,0,0.000000,enabled
1782985184.846,2026-07-02 09:39:44.847,buffer_pool_pages_misc,96,96,0.000000,enabled
1782985184.846,2026-07-02 09:39:44.847,buffer_pool_pages_total,786432,786432,0.000000,enabled
1782985184.846,2026-07-02 09:39:44.847,buffer_pool_reads,98680119,98680119,35735.520320,enabled
1782985184.846,2026-07-02 09:39:44.847,buffer_pool_read_ahead,803715,803715,291.053292,enabled
1782985184.846,2026-07-02 09:39:44.847,buffer_pool_read_ahead_evicted,25,25,0.009053,enabled
1782985184.846,2026-07-02 09:39:44.847,buffer_pool_read_requests,3225362183,3225362183,1168016.379728,enabled
1782985184.846,2026-07-02 09:39:44.847,buffer_pool_size,12884901888,12884901888,0.000000,enabled
1782985184.846,2026-07-02 09:39:44.847,buffer_pool_wait_free,18945,18945,6.860647,enabled
1782985184.846,2026-07-02 09:39:44.847,buffer_pool_write_requests,652257729,652257729,236205.321306,enabled
1782985184.846,2026-07-02 09:39:44.847,dml_deletes,15156731,15156731,5488.781145,enabled
1782985184.846,2026-07-02 09:39:44.847,dml_inserts,115042139,115042139,41660.772624,enabled
1782985184.846,2026-07-02 09:39:44.847,dml_system_deletes,468,468,0.169479,enabled
1782985184.846,2026-07-02 09:39:44.847,dml_system_inserts,1202,1202,0.435286,enabled
1782985184.846,2026-07-02 09:39:44.847,dml_system_reads,7661,7661,2.774315,enabled
1782985184.846,2026-07-02 09:39:44.847,dml_system_updates,620,620,0.224524,enabled
1782985184.846,2026-07-02 09:39:44.847,dml_updates,30313596,30313596,10977.610808,enabled
1782985184.846,2026-07-02 09:39:44.847,file_num_open_files,35,35,0.000000,enabled
1782985184.846,2026-07-02 09:39:44.847,ibuf_merges,0,0,0.000000,enabled
1782985184.846,2026-07-02 09:39:44.847,ibuf_merges_delete,0,0,0.000000,enabled
1782985184.846,2026-07-02 09:39:44.847,ibuf_merges_delete_mark,0,0,0.000000,enabled
1782985184.846,2026-07-02 09:39:44.847,ibuf_merges_discard_delete,0,0,0.000000,enabled
1782985184.846,2026-07-02 09:39:44.847,ibuf_merges_discard_delete_mark,0,0,0.000000,enabled
1782985184.846,2026-07-02 09:39:44.847,ibuf_merges_discard_insert,0,0,0.000000,enabled
1782985184.846,2026-07-02 09:39:44.847,ibuf_merges_insert,0,0,0.000000,enabled
1782985184.846,2026-07-02 09:39:44.847,ibuf_size,1,1,0.000362,enabled
1782985184.846,2026-07-02 09:39:44.847,innodb_activity_count,20322630,20322630,7359.533524,enabled
1782985184.846,2026-07-02 09:39:44.847,innodb_dblwr_pages_written,32247989,32247989,11678.122111,enabled
1782985184.846,2026-07-02 09:39:44.847,innodb_dblwr_writes,672734,672734,243.620457,enabled
1782985184.846,2026-07-02 09:39:44.847,innodb_page_size,16384,16384,0.000000,enabled
1782985184.846,2026-07-02 09:39:44.847,innodb_rwlock_sx_os_waits,0,0,0.000000,enabled
1782985184.846,2026-07-02 09:39:44.847,innodb_rwlock_sx_spin_rounds,0,0,0.000000,enabled
1782985184.846,2026-07-02 09:39:44.847,innodb_rwlock_sx_spin_waits,0,0,0.000000,enabled
1782985184.846,2026-07-02 09:39:44.847,innodb_rwlock_s_os_waits,0,0,0.000000,enabled
1782985184.846,2026-07-02 09:39:44.847,innodb_rwlock_s_spin_rounds,0,0,0.000000,enabled
1782985184.846,2026-07-02 09:39:44.847,innodb_rwlock_s_spin_waits,0,0,0.000000,enabled
1782985184.846,2026-07-02 09:39:44.847,innodb_rwlock_x_os_waits,0,0,0.000000,enabled
1782985184.846,2026-07-02 09:39:44.847,innodb_rwlock_x_spin_rounds,0,0,0.000000,enabled
1782985184.846,2026-07-02 09:39:44.847,innodb_rwlock_x_spin_waits,0,0,0.000000,enabled
1782985184.846,2026-07-02 09:39:44.847,lock_deadlocks,0,0,0.000000,enabled
1782985184.846,2026-07-02 09:39:44.847,lock_deadlock_false_positives,0,0,0.000000,enabled
1782985184.846,2026-07-02 09:39:44.847,lock_deadlock_rounds,2998,2998,1.085681,enabled
1782985184.846,2026-07-02 09:39:44.847,lock_rec_grant_attempts,425,425,0.153907,enabled
1782985184.846,2026-07-02 09:39:44.847,lock_rec_release_attempts,46070125,46070125,16683.602739,enabled
1782985184.846,2026-07-02 09:39:44.847,lock_row_lock_current_waits,0,0,0.000000,enabled
1782985184.846,2026-07-02 09:39:44.847,lock_row_lock_time,323,323,0.116970,enabled
1782985184.846,2026-07-02 09:39:44.847,lock_row_lock_time_avg,0,0,0.000000,enabled
1782985184.846,2026-07-02 09:39:44.847,lock_row_lock_time_max,29,29,0.000000,enabled
1782985184.846,2026-07-02 09:39:44.847,lock_row_lock_waits,425,425,0.153907,enabled
1782985184.846,2026-07-02 09:39:44.847,lock_schedule_refreshes,2998,2998,1.085681,enabled
1782985184.846,2026-07-02 09:39:44.847,lock_threads_waiting,0,0,0.000000,enabled
1782985184.846,2026-07-02 09:39:44.847,lock_timeouts,0,0,0.000000,enabled
1782985184.846,2026-07-02 09:39:44.847,log_waits,0,0,0.000000,enabled
1782985184.846,2026-07-02 09:39:44.847,log_writes,232653690,232653690,84252.023349,enabled
1782985184.846,2026-07-02 09:39:44.847,log_write_requests,442369548,442369548,160197.457046,enabled
1782985184.846,2026-07-02 09:39:44.847,os_data_fsyncs,69149775,69149775,25041.548280,enabled
1782985184.846,2026-07-02 09:39:44.847,os_data_reads,99619506,99619506,36075.701956,enabled
1782985184.846,2026-07-02 09:39:44.847,os_data_writes,265861014,265861014,96277.557280,enabled
1782985184.846,2026-07-02 09:39:44.847,os_log_bytes_written,144055062528,144055062528,52167368.546740,enabled
1782985184.846,2026-07-02 09:39:44.847,os_log_fsyncs,60170614,60170614,21789.880472,enabled
1782985184.846,2026-07-02 09:39:44.847,os_log_pending_fsyncs,1,1,0.000362,enabled
1782985184.846,2026-07-02 09:39:44.847,os_log_pending_writes,0,0,0.000000,enabled
1782985184.846,2026-07-02 09:39:44.847,trx_rseg_history_len,85,85,0.000000,enabled
1782985185.913,2026-07-02 09:39:45.915,adaptive_hash_searches,0,0,0.000000,enabled
1782985185.913,2026-07-02 09:39:45.915,adaptive_hash_searches_btree,667825715,667825715,241748.843358,enabled
1782985185.913,2026-07-02 09:39:45.915,buffer_data_reads,1628239694336,1628239694336,589412923.687749,enabled
1782985185.913,2026-07-02 09:39:45.915,buffer_data_written,711808376832,711808376832,257670328.047364,enabled
1782985185.913,2026-07-02 09:39:45.915,buffer_pages0_read,7,7,0.002534,enabled
1782985185.913,2026-07-02 09:39:45.915,buffer_pages_created,1827908,1827908,661.691647,enabled
1782985185.913,2026-07-02 09:39:45.915,buffer_pages_read,99660104,99660104,36076.355073,enabled
1782985185.913,2026-07-02 09:39:45.915,buffer_pages_written,32323998,32323998,11701.091867,enabled
1782985185.913,2026-07-02 09:39:45.915,buffer_pool_bytes_data,12856197120,12856197120,0.000000,enabled
1782985185.913,2026-07-02 09:39:45.915,buffer_pool_bytes_dirty,4659920896,4659920896,0.000000,enabled
1782985185.913,2026-07-02 09:39:45.915,buffer_pool_pages_data,784679,784679,0.000000,enabled
1782985185.913,2026-07-02 09:39:45.915,buffer_pool_pages_dirty,284419,284419,0.000000,enabled
1782985185.913,2026-07-02 09:39:45.915,buffer_pool_pages_flushed,32266884,32266884,0.000000,enabled
1782985185.913,2026-07-02 09:39:45.915,buffer_pool_pages_free,1656,1656,0.000000,enabled
1782985185.913,2026-07-02 09:39:45.915,buffer_pool_pages_lru_flushed,0,0,0.000000,enabled
1782985185.913,2026-07-02 09:39:45.915,buffer_pool_pages_misc,98,98,0.000000,enabled
1782985185.913,2026-07-02 09:39:45.915,buffer_pool_pages_total,786432,786432,0.000000,enabled
1782985185.913,2026-07-02 09:39:45.915,buffer_pool_reads,98738367,98738367,35742.692908,enabled
1782985185.913,2026-07-02 09:39:45.915,buffer_pool_read_ahead,803715,803715,290.939977,enabled
1782985185.913,2026-07-02 09:39:45.915,buffer_pool_read_ahead_evicted,25,25,0.009050,enabled
1782985185.913,2026-07-02 09:39:45.915,buffer_pool_read_requests,3226211728,3226211728,1167869.168964,enabled
1782985185.913,2026-07-02 09:39:45.915,buffer_pool_size,12884901888,12884901888,0.000000,enabled
1782985185.913,2026-07-02 09:39:45.915,buffer_pool_wait_free,18945,18945,6.857976,enabled
1782985185.913,2026-07-02 09:39:45.915,buffer_pool_write_requests,652372178,652372178,236154.789914,enabled
1782985185.913,2026-07-02 09:39:45.915,dml_deletes,15161698,15161698,5488.442232,enabled
1782985185.913,2026-07-02 09:39:45.915,dml_inserts,115047106,115047106,41646.350938,enabled
1782985185.913,2026-07-02 09:39:45.915,dml_system_deletes,468,468,0.169413,enabled
1782985185.913,2026-07-02 09:39:45.915,dml_system_inserts,1202,1202,0.435117,enabled
1782985185.913,2026-07-02 09:39:45.915,dml_system_reads,7661,7661,2.773235,enabled
1782985185.913,2026-07-02 09:39:45.915,dml_system_updates,620,620,0.224436,enabled
1782985185.913,2026-07-02 09:39:45.915,dml_updates,30323531,30323531,10976.933323,enabled
1782985185.913,2026-07-02 09:39:45.915,file_num_open_files,35,35,0.000000,enabled
1782985185.913,2026-07-02 09:39:45.915,ibuf_merges,0,0,0.000000,enabled
1782985185.913,2026-07-02 09:39:45.915,ibuf_merges_delete,0,0,0.000000,enabled
1782985185.913,2026-07-02 09:39:45.915,ibuf_merges_delete_mark,0,0,0.000000,enabled
1782985185.913,2026-07-02 09:39:45.915,ibuf_merges_discard_delete,0,0,0.000000,enabled
1782985185.913,2026-07-02 09:39:45.915,ibuf_merges_discard_delete_mark,0,0,0.000000,enabled
1782985185.913,2026-07-02 09:39:45.915,ibuf_merges_discard_insert,0,0,0.000000,enabled
1782985185.913,2026-07-02 09:39:45.915,ibuf_merges_insert,0,0,0.000000,enabled
1782985185.913,2026-07-02 09:39:45.915,ibuf_size,1,1,0.000362,enabled
1782985185.913,2026-07-02 09:39:45.915,innodb_activity_count,20328337,20328337,7358.734157,enabled
1782985185.913,2026-07-02 09:39:45.915,innodb_dblwr_pages_written,32264370,32264370,11679.505319,enabled
1782985185.913,2026-07-02 09:39:45.915,innodb_dblwr_writes,673120,673120,243.665338,enabled
1782985185.913,2026-07-02 09:39:45.915,innodb_page_size,16384,16384,0.000000,enabled
1782985185.913,2026-07-02 09:39:45.915,innodb_rwlock_sx_os_waits,0,0,0.000000,enabled
1782985185.913,2026-07-02 09:39:45.915,innodb_rwlock_sx_spin_rounds,0,0,0.000000,enabled
1782985185.913,2026-07-02 09:39:45.915,innodb_rwlock_sx_spin_waits,0,0,0.000000,enabled
1782985185.913,2026-07-02 09:39:45.915,innodb_rwlock_s_os_waits,0,0,0.000000,enabled
1782985185.913,2026-07-02 09:39:45.915,innodb_rwlock_s_spin_rounds,0,0,0.000000,enabled
1782985185.913,2026-07-02 09:39:45.915,innodb_rwlock_s_spin_waits,0,0,0.000000,enabled
1782985185.913,2026-07-02 09:39:45.915,innodb_rwlock_x_os_waits,0,0,0.000000,enabled
1782985185.913,2026-07-02 09:39:45.915,innodb_rwlock_x_spin_rounds,0,0,0.000000,enabled
1782985185.913,2026-07-02 09:39:45.915,innodb_rwlock_x_spin_waits,0,0,0.000000,enabled
1782985185.913,2026-07-02 09:39:45.915,lock_deadlocks,0,0,0.000000,enabled
1782985185.913,2026-07-02 09:39:45.915,lock_deadlock_false_positives,0,0,0.000000,enabled
1782985185.913,2026-07-02 09:39:45.915,lock_deadlock_rounds,2999,2999,1.085620,enabled
1782985185.913,2026-07-02 09:39:45.915,lock_rec_grant_attempts,425,425,0.153847,enabled
1782985185.913,2026-07-02 09:39:45.915,lock_rec_release_attempts,46085225,46085225,16682.573466,enabled
1782985185.913,2026-07-02 09:39:45.915,lock_row_lock_current_waits,0,0,0.000000,enabled
1782985185.913,2026-07-02 09:39:45.915,lock_row_lock_time,323,323,0.116924,enabled
1782985185.913,2026-07-02 09:39:45.915,lock_row_lock_time_avg,0,0,0.000000,enabled
1782985185.913,2026-07-02 09:39:45.915,lock_row_lock_time_max,29,29,0.000000,enabled
1782985185.913,2026-07-02 09:39:45.915,lock_row_lock_waits,425,425,0.153847,enabled
1782985185.913,2026-07-02 09:39:45.915,lock_schedule_refreshes,2999,2999,1.085620,enabled
1782985185.913,2026-07-02 09:39:45.915,lock_threads_waiting,0,0,0.000000,enabled
1782985185.913,2026-07-02 09:39:45.915,lock_timeouts,0,0,0.000000,enabled
1782985185.913,2026-07-02 09:39:45.915,log_waits,0,0,0.000000,enabled
1782985185.913,2026-07-02 09:39:45.915,log_writes,232734695,232734695,84248.545309,enabled
1782985185.913,2026-07-02 09:39:45.915,log_write_requests,442453805,442453805,160165.588798,enabled
1782985185.913,2026-07-02 09:39:45.915,os_data_fsyncs,69185509,69185509,25044.734559,enabled
1782985185.913,2026-07-02 09:39:45.915,os_data_reads,99677640,99677640,36082.701054,enabled
1782985185.913,2026-07-02 09:39:45.915,os_data_writes,265958685,265958685,96275.430659,enabled
1782985185.913,2026-07-02 09:39:45.915,os_log_bytes_written,144097376768,144097376768,52162376.176010,enabled
1782985185.913,2026-07-02 09:39:45.915,os_log_fsyncs,60201035,60201035,21792.409423,enabled
1782985185.913,2026-07-02 09:39:45.915,os_log_pending_fsyncs,0,0,0.000000,enabled
1782985185.913,2026-07-02 09:39:45.915,os_log_pending_writes,0,0,0.000000,enabled
1782985185.913,2026-07-02 09:39:45.915,trx_rseg_history_len,222,222,0.000000,enabled
1782985186.989,2026-07-02 09:39:46.991,adaptive_hash_searches,0,0,0.000000,enabled
1782985186.989,2026-07-02 09:39:46.991,adaptive_hash_searches_btree,667995058,667995058,241716.732786,enabled
1782985186.989,2026-07-02 09:39:46.991,buffer_data_reads,1629185165824,1629185165824,589527356.498070,enabled
1782985186.989,2026-07-02 09:39:46.991,buffer_data_written,712125116416,712125116416,257685403.650386,enabled
1782985186.989,2026-07-02 09:39:46.991,buffer_pages0_read,7,7,0.002533,enabled
1782985186.989,2026-07-02 09:39:46.991,buffer_pages_created,1827936,1827936,661.446169,enabled
1782985186.989,2026-07-02 09:39:46.991,buffer_pages_read,99717963,99717963,36083.355325,enabled
1782985186.989,2026-07-02 09:39:46.991,buffer_pages_written,32340415,32340415,11702.512307,enabled
1782985186.989,2026-07-02 09:39:46.991,buffer_pool_bytes_data,12850987008,12850987008,0.000000,enabled
1782985186.989,2026-07-02 09:39:46.991,buffer_pool_bytes_dirty,4662968320,4662968320,0.000000,enabled
1782985186.989,2026-07-02 09:39:46.991,buffer_pool_pages_data,784362,784362,0.000000,enabled
1782985186.989,2026-07-02 09:39:46.991,buffer_pool_pages_dirty,284605,284605,0.000000,enabled
1782985186.989,2026-07-02 09:39:46.991,buffer_pool_pages_flushed,32283301,32283301,0.000000,enabled
1782985186.989,2026-07-02 09:39:46.991,buffer_pool_pages_free,1972,1972,0.000000,enabled
1782985186.989,2026-07-02 09:39:46.991,buffer_pool_pages_lru_flushed,0,0,0.000000,enabled
1782985186.989,2026-07-02 09:39:46.991,buffer_pool_pages_misc,96,96,0.000000,enabled
1782985186.989,2026-07-02 09:39:46.991,buffer_pool_pages_total,786432,786432,0.000000,enabled
1782985186.989,2026-07-02 09:39:46.991,buffer_pool_reads,98796172,98796172,35749.802557,enabled
1782985186.989,2026-07-02 09:39:46.991,buffer_pool_read_ahead,803715,803715,290.827587,enabled
1782985186.989,2026-07-02 09:39:46.991,buffer_pool_read_ahead_evicted,25,25,0.009046,enabled
1782985186.989,2026-07-02 09:39:46.991,buffer_pool_read_requests,3227050232,3227050232,1167721.438013,enabled
1782985186.989,2026-07-02 09:39:46.991,buffer_pool_size,12884901888,12884901888,0.000000,enabled
1782985186.989,2026-07-02 09:39:46.991,buffer_pool_wait_free,18945,18945,6.855326,enabled
1782985186.989,2026-07-02 09:39:46.991,buffer_pool_write_requests,652485362,652485362,236104.519576,enabled
1782985186.989,2026-07-02 09:39:46.991,dml_deletes,15166589,15166589,5488.091883,enabled
1782985186.989,2026-07-02 09:39:46.991,dml_inserts,115051997,115051997,41632.032835,enabled
1782985186.989,2026-07-02 09:39:46.991,dml_system_deletes,468,468,0.169348,enabled
1782985186.989,2026-07-02 09:39:46.991,dml_system_inserts,1202,1202,0.434949,enabled
1782985186.989,2026-07-02 09:39:46.991,dml_system_reads,7661,7661,2.772164,enabled
1782985186.989,2026-07-02 09:39:46.991,dml_system_updates,620,620,0.224350,enabled
1782985186.989,2026-07-02 09:39:46.991,dml_updates,30333312,30333312,10976.232245,enabled
1782985186.989,2026-07-02 09:39:46.991,file_num_open_files,35,35,0.000000,enabled
1782985186.989,2026-07-02 09:39:46.991,ibuf_merges,0,0,0.000000,enabled
1782985186.989,2026-07-02 09:39:46.991,ibuf_merges_delete,0,0,0.000000,enabled
1782985186.989,2026-07-02 09:39:46.991,ibuf_merges_delete_mark,0,0,0.000000,enabled
1782985186.989,2026-07-02 09:39:46.991,ibuf_merges_discard_delete,0,0,0.000000,enabled
1782985186.989,2026-07-02 09:39:46.991,ibuf_merges_discard_delete_mark,0,0,0.000000,enabled
1782985186.989,2026-07-02 09:39:46.991,ibuf_merges_discard_insert,0,0,0.000000,enabled
1782985186.989,2026-07-02 09:39:46.991,ibuf_merges_insert,0,0,0.000000,enabled
1782985186.989,2026-07-02 09:39:46.991,ibuf_size,1,1,0.000362,enabled
1782985186.989,2026-07-02 09:39:46.991,innodb_activity_count,20333951,20333951,7357.922920,enabled
1782985186.989,2026-07-02 09:39:46.991,innodb_dblwr_pages_written,32280787,32280787,11680.934089,enabled
1782985186.989,2026-07-02 09:39:46.991,innodb_dblwr_writes,673489,673489,243.704734,enabled
1782985186.989,2026-07-02 09:39:46.991,innodb_page_size,16384,16384,0.000000,enabled
1782985186.989,2026-07-02 09:39:46.991,innodb_rwlock_sx_os_waits,0,0,0.000000,enabled
1782985186.989,2026-07-02 09:39:46.991,innodb_rwlock_sx_spin_rounds,0,0,0.000000,enabled
1782985186.989,2026-07-02 09:39:46.991,innodb_rwlock_sx_spin_waits,0,0,0.000000,enabled
1782985186.989,2026-07-02 09:39:46.991,innodb_rwlock_s_os_waits,0,0,0.000000,enabled
1782985186.989,2026-07-02 09:39:46.991,innodb_rwlock_s_spin_rounds,0,0,0.000000,enabled
1782985186.989,2026-07-02 09:39:46.991,innodb_rwlock_s_spin_waits,0,0,0.000000,enabled
1782985186.989,2026-07-02 09:39:46.991,innodb_rwlock_x_os_waits,0,0,0.000000,enabled
1782985186.989,2026-07-02 09:39:46.991,innodb_rwlock_x_spin_rounds,0,0,0.000000,enabled
1782985186.989,2026-07-02 09:39:46.991,innodb_rwlock_x_spin_waits,0,0,0.000000,enabled
1782985186.989,2026-07-02 09:39:46.991,lock_deadlocks,0,0,0.000000,enabled
1782985186.989,2026-07-02 09:39:46.991,lock_deadlock_false_positives,0,0,0.000000,enabled
1782985186.989,2026-07-02 09:39:46.991,lock_deadlock_rounds,3000,3000,1.085562,enabled
1782985186.989,2026-07-02 09:39:46.991,lock_rec_grant_attempts,425,425,0.153788,enabled
1782985186.989,2026-07-02 09:39:46.991,lock_rec_release_attempts,46100101,46100101,16681.511965,enabled
1782985186.989,2026-07-02 09:39:46.991,lock_row_lock_current_waits,0,0,0.000000,enabled
1782985186.989,2026-07-02 09:39:46.991,lock_row_lock_time,323,323,0.116879,enabled
1782985186.989,2026-07-02 09:39:46.991,lock_row_lock_time_avg,0,0,0.000000,enabled
1782985186.989,2026-07-02 09:39:46.991,lock_row_lock_time_max,29,29,0.000000,enabled
1782985186.989,2026-07-02 09:39:46.991,lock_row_lock_waits,425,425,0.153788,enabled
1782985186.989,2026-07-02 09:39:46.991,lock_schedule_refreshes,3000,3000,1.085562,enabled
1782985186.989,2026-07-02 09:39:46.991,lock_threads_waiting,0,0,0.000000,enabled
1782985186.989,2026-07-02 09:39:46.991,lock_timeouts,0,0,0.000000,enabled
1782985186.989,2026-07-02 09:39:46.991,log_waits,0,0,0.000000,enabled
1782985186.989,2026-07-02 09:39:46.991,log_writes,232814771,232814771,84244.975539,enabled
1782985186.989,2026-07-02 09:39:46.991,log_write_requests,442536969,442536969,160133.809334,enabled
1782985186.989,2026-07-02 09:39:46.991,os_data_fsyncs,69220780,69220780,25047.822543,enabled
1782985186.989,2026-07-02 09:39:46.991,os_data_reads,99735307,99735307,36089.629074,enabled
1782985186.989,2026-07-02 09:39:46.991,os_data_writes,266055449,266055449,96273.253175,enabled
1782985186.989,2026-07-02 09:39:46.991,os_log_bytes_written,144139162112,144139162112,52157345.646240,enabled
1782985186.989,2026-07-02 09:39:46.991,os_log_fsyncs,60231099,60231099,21794.869632,enabled
1782985186.989,2026-07-02 09:39:46.991,os_log_pending_fsyncs,1,1,0.000362,enabled
1782985186.989,2026-07-02 09:39:46.991,os_log_pending_writes,0,0,0.000000,enabled
1782985186.989,2026-07-02 09:39:46.991,trx_rseg_history_len,293,293,0.000000,enabled
1782985188.056,2026-07-02 09:39:48.058,adaptive_hash_searches,0,0,0.000000,enabled
1782985188.056,2026-07-02 09:39:48.058,adaptive_hash_searches_btree,668165524,668165524,241684.851008,enabled
1782985188.056,2026-07-02 09:39:48.058,buffer_data_reads,1630137682432,1630137682432,589643752.232273,enabled
1782985188.056,2026-07-02 09:39:48.058,buffer_data_written,712441893888,712441893888,257700264.106267,enabled
1782985188.056,2026-07-02 09:39:48.058,buffer_pages0_read,7,7,0.002532,enabled
1782985188.056,2026-07-02 09:39:48.058,buffer_pages_created,1827971,1827971,661.202853,enabled
1782985188.056,2026-07-02 09:39:48.058,buffer_pages_read,99776276,99776276,36090.483946,enabled
1782985188.056,2026-07-02 09:39:48.058,buffer_pages_written,32356897,32356897,11703.945283,enabled
1782985188.056,2026-07-02 09:39:48.058,buffer_pool_bytes_data,12849463296,12849463296,0.000000,enabled
1782985188.056,2026-07-02 09:39:48.058,buffer_pool_bytes_dirty,4666343424,4666343424,0.000000,enabled
1782985188.056,2026-07-02 09:39:48.058,buffer_pool_pages_data,784269,784269,0.000000,enabled
1782985188.056,2026-07-02 09:39:48.058,buffer_pool_pages_dirty,284811,284811,0.000000,enabled
1782985188.056,2026-07-02 09:39:48.058,buffer_pool_pages_flushed,32299783,32299783,0.000000,enabled
1782985188.056,2026-07-02 09:39:48.058,buffer_pool_pages_free,2065,2065,0.000000,enabled
1782985188.056,2026-07-02 09:39:48.058,buffer_pool_pages_lru_flushed,0,0,0.000000,enabled
1782985188.056,2026-07-02 09:39:48.058,buffer_pool_pages_misc,96,96,0.000000,enabled
1782985188.056,2026-07-02 09:39:48.058,buffer_pool_pages_total,786432,786432,0.000000,enabled
1782985188.056,2026-07-02 09:39:48.058,buffer_pool_reads,98854428,98854428,35757.039586,enabled
1782985188.056,2026-07-02 09:39:48.058,buffer_pool_read_ahead,803715,803715,290.715038,enabled
1782985188.056,2026-07-02 09:39:48.058,buffer_pool_read_ahead_evicted,25,25,0.009043,enabled
1782985188.056,2026-07-02 09:39:48.058,buffer_pool_read_requests,3227894781,3227894781,1167575.022478,enabled
1782985188.056,2026-07-02 09:39:48.058,buffer_pool_size,12884901888,12884901888,0.000000,enabled
1782985188.056,2026-07-02 09:39:48.058,buffer_pool_wait_free,18945,18945,6.852673,enabled
1782985188.056,2026-07-02 09:39:48.058,buffer_pool_write_requests,652599353,652599353,236054.380737,enabled
1782985188.056,2026-07-02 09:39:48.058,dml_deletes,15171523,15171523,5487.752763,enabled
1782985188.056,2026-07-02 09:39:48.058,dml_inserts,115056929,115056929,41617.705787,enabled
1782985188.056,2026-07-02 09:39:48.058,dml_system_deletes,468,468,0.169282,enabled
1782985188.056,2026-07-02 09:39:48.058,dml_system_inserts,1202,1202,0.434780,enabled
1782985188.056,2026-07-02 09:39:48.058,dml_system_reads,7661,7661,2.771091,enabled
1782985188.056,2026-07-02 09:39:48.058,dml_system_updates,620,620,0.224263,enabled
1782985188.056,2026-07-02 09:39:48.058,dml_updates,30343181,30343181,10975.554351,enabled
1782985188.056,2026-07-02 09:39:48.058,file_num_open_files,35,35,0.000000,enabled
1782985188.056,2026-07-02 09:39:48.058,ibuf_merges,0,0,0.000000,enabled
1782985188.056,2026-07-02 09:39:48.058,ibuf_merges_delete,0,0,0.000000,enabled
1782985188.056,2026-07-02 09:39:48.058,ibuf_merges_delete_mark,0,0,0.000000,enabled
1782985188.056,2026-07-02 09:39:48.058,ibuf_merges_discard_delete,0,0,0.000000,enabled
1782985188.056,2026-07-02 09:39:48.058,ibuf_merges_discard_delete_mark,0,0,0.000000,enabled
1782985188.056,2026-07-02 09:39:48.058,ibuf_merges_discard_insert,0,0,0.000000,enabled
1782985188.056,2026-07-02 09:39:48.058,ibuf_merges_insert,0,0,0.000000,enabled
1782985188.056,2026-07-02 09:39:48.058,ibuf_size,1,1,0.000362,enabled
1782985188.056,2026-07-02 09:39:48.058,innodb_activity_count,20339617,20339617,7357.124970,enabled
1782985188.056,2026-07-02 09:39:48.058,innodb_dblwr_pages_written,32297269,32297269,11682.375486,enabled
1782985188.056,2026-07-02 09:39:48.058,innodb_dblwr_writes,673873,673873,243.749322,enabled
1782985188.056,2026-07-02 09:39:48.058,innodb_page_size,16384,16384,0.000000,enabled
1782985188.056,2026-07-02 09:39:48.058,innodb_rwlock_sx_os_waits,0,0,0.000000,enabled
1782985188.056,2026-07-02 09:39:48.058,innodb_rwlock_sx_spin_rounds,0,0,0.000000,enabled
1782985188.056,2026-07-02 09:39:48.058,innodb_rwlock_sx_spin_waits,0,0,0.000000,enabled
1782985188.056,2026-07-02 09:39:48.058,innodb_rwlock_s_os_waits,0,0,0.000000,enabled
1782985188.056,2026-07-02 09:39:48.058,innodb_rwlock_s_spin_rounds,0,0,0.000000,enabled
1782985188.056,2026-07-02 09:39:48.058,innodb_rwlock_s_spin_waits,0,0,0.000000,enabled
1782985188.056,2026-07-02 09:39:48.058,innodb_rwlock_x_os_waits,0,0,0.000000,enabled
1782985188.056,2026-07-02 09:39:48.058,innodb_rwlock_x_spin_rounds,0,0,0.000000,enabled
1782985188.056,2026-07-02 09:39:48.058,innodb_rwlock_x_spin_waits,0,0,0.000000,enabled
1782985188.056,2026-07-02 09:39:48.058,lock_deadlocks,0,0,0.000000,enabled
1782985188.056,2026-07-02 09:39:48.058,lock_deadlock_false_positives,0,0,0.000000,enabled
1782985188.056,2026-07-02 09:39:48.058,lock_deadlock_rounds,3001,3001,1.085504,enabled
1782985188.056,2026-07-02 09:39:48.058,lock_rec_grant_attempts,425,425,0.153728,enabled
1782985188.056,2026-07-02 09:39:48.058,lock_rec_release_attempts,46115093,46115093,16680.479123,enabled
1782985188.056,2026-07-02 09:39:48.058,lock_row_lock_current_waits,0,0,0.000000,enabled
1782985188.056,2026-07-02 09:39:48.058,lock_row_lock_time,323,323,0.116834,enabled
1782985188.056,2026-07-02 09:39:48.058,lock_row_lock_time_avg,0,0,0.000000,enabled
1782985188.056,2026-07-02 09:39:48.058,lock_row_lock_time_max,29,29,0.000000,enabled
1782985188.056,2026-07-02 09:39:48.058,lock_row_lock_waits,425,425,0.153728,enabled
1782985188.056,2026-07-02 09:39:48.058,lock_schedule_refreshes,3001,3001,1.085504,enabled
1782985188.056,2026-07-02 09:39:48.058,lock_threads_waiting,0,0,0.000000,enabled
1782985188.056,2026-07-02 09:39:48.058,lock_timeouts,0,0,0.000000,enabled
1782985188.056,2026-07-02 09:39:48.058,log_waits,0,0,0.000000,enabled
1782985188.056,2026-07-02 09:39:48.058,log_writes,232892408,232892408,84240.456025,enabled
1782985188.056,2026-07-02 09:39:48.058,log_write_requests,442620630,442620630,160102.100630,enabled
1782985188.056,2026-07-02 09:39:48.058,os_data_fsyncs,69255433,69255433,25050.663888,enabled
1782985188.056,2026-07-02 09:39:48.058,os_data_reads,99793443,99793443,36096.691536,enabled
1782985188.056,2026-07-02 09:39:48.058,os_data_writes,266149863,266149863,96270.147733,enabled
1782985188.056,2026-07-02 09:39:48.058,os_log_bytes_written,144179644928,144179644928,52151804.734490,enabled
1782985188.056,2026-07-02 09:39:48.058,os_log_fsyncs,60260336,60260336,21797.010777,enabled
1782985188.056,2026-07-02 09:39:48.058,os_log_pending_fsyncs,1,1,0.000362,enabled
1782985188.056,2026-07-02 09:39:48.058,os_log_pending_writes,1,1,0.000362,enabled
1782985188.056,2026-07-02 09:39:48.058,trx_rseg_history_len,425,425,0.000000,enabled
1782985189.127,2026-07-02 09:39:49.128,adaptive_hash_searches,0,0,0.000000,enabled
1782985189.127,2026-07-02 09:39:49.128,adaptive_hash_searches_btree,668336028,668336028,241652.809895,enabled
1782985189.127,2026-07-02 09:39:49.128,buffer_data_reads,1631082531328,1631082531328,589756805.425500,enabled
1782985189.127,2026-07-02 09:39:49.128,buffer_data_written,712755748352,712755748352,257713846.395837,enabled
1782985189.127,2026-07-02 09:39:49.128,buffer_pages0_read,7,7,0.002531,enabled
1782985189.127,2026-07-02 09:39:49.128,buffer_pages_created,1828002,1828002,660.957742,enabled
1782985189.127,2026-07-02 09:39:49.128,buffer_pages_read,99834123,99834123,36097.409179,enabled
1782985189.127,2026-07-02 09:39:49.128,buffer_pages_written,32373082,32373082,11705.260245,enabled
1782985189.127,2026-07-02 09:39:49.128,buffer_pool_bytes_data,12858359808,12858359808,0.000000,enabled
1782985189.127,2026-07-02 09:39:49.128,buffer_pool_bytes_dirty,4672634880,4672634880,0.000000,enabled
1782985189.127,2026-07-02 09:39:49.128,buffer_pool_pages_data,784812,784812,0.000000,enabled
1782985189.127,2026-07-02 09:39:49.128,buffer_pool_pages_dirty,285195,285195,0.000000,enabled
1782985189.127,2026-07-02 09:39:49.128,buffer_pool_pages_flushed,32315968,32315968,0.000000,enabled
1782985189.127,2026-07-02 09:39:49.128,buffer_pool_pages_free,1523,1523,0.000000,enabled
1782985189.127,2026-07-02 09:39:49.128,buffer_pool_pages_lru_flushed,0,0,0.000000,enabled
1782985189.127,2026-07-02 09:39:49.128,buffer_pool_pages_misc,96,96,0.000000,enabled
1782985189.127,2026-07-02 09:39:49.128,buffer_pool_pages_total,786432,786432,0.000000,enabled
1782985189.127,2026-07-02 09:39:49.128,buffer_pool_reads,98912215,98912215,35764.072402,enabled
1782985189.127,2026-07-02 09:39:49.128,buffer_pool_read_ahead,803715,803715,290.602341,enabled
1782985189.127,2026-07-02 09:39:49.128,buffer_pool_read_ahead_evicted,25,25,0.009039,enabled
1782985189.127,2026-07-02 09:39:49.128,buffer_pool_read_requests,3228738586,3228738586,1167427.502060,enabled
1782985189.127,2026-07-02 09:39:49.128,buffer_pool_size,12884901888,12884901888,0.000000,enabled
1782985189.127,2026-07-02 09:39:49.128,buffer_pool_wait_free,18945,18945,6.850017,enabled
1782985189.127,2026-07-02 09:39:49.128,buffer_pool_write_requests,652713415,652713415,236004.114546,enabled
1782985189.127,2026-07-02 09:39:49.128,dml_deletes,15176449,15176449,5487.406485,enabled
1782985189.127,2026-07-02 09:39:49.128,dml_inserts,115061857,115061857,41603.354042,enabled
1782985189.127,2026-07-02 09:39:49.128,dml_system_deletes,468,468,0.169217,enabled
1782985189.127,2026-07-02 09:39:49.128,dml_system_inserts,1202,1202,0.434612,enabled
1782985189.127,2026-07-02 09:39:49.128,dml_system_reads,7661,7661,2.770017,enabled
1782985189.127,2026-07-02 09:39:49.128,dml_system_updates,620,620,0.224176,enabled
1782985189.127,2026-07-02 09:39:49.128,dml_updates,30353031,30353031,10974.861052,enabled
1782985189.127,2026-07-02 09:39:49.128,file_num_open_files,35,35,0.000000,enabled
1782985189.127,2026-07-02 09:39:49.128,ibuf_merges,0,0,0.000000,enabled
1782985189.127,2026-07-02 09:39:49.128,ibuf_merges_delete,0,0,0.000000,enabled
1782985189.127,2026-07-02 09:39:49.128,ibuf_merges_delete_mark,0,0,0.000000,enabled
1782985189.127,2026-07-02 09:39:49.128,ibuf_merges_discard_delete,0,0,0.000000,enabled
1782985189.127,2026-07-02 09:39:49.128,ibuf_merges_discard_delete_mark,0,0,0.000000,enabled
1782985189.127,2026-07-02 09:39:49.128,ibuf_merges_discard_insert,0,0,0.000000,enabled
1782985189.127,2026-07-02 09:39:49.128,ibuf_merges_insert,0,0,0.000000,enabled
1782985189.127,2026-07-02 09:39:49.128,ibuf_size,1,1,0.000362,enabled
1782985189.127,2026-07-02 09:39:49.128,innodb_activity_count,20345278,20345278,7356.319782,enabled
1782985189.127,2026-07-02 09:39:49.128,innodb_dblwr_pages_written,32313454,32313454,11683.698763,enabled
1782985189.127,2026-07-02 09:39:49.128,innodb_dblwr_writes,674225,674225,243.782104,enabled
1782985189.127,2026-07-02 09:39:49.128,innodb_page_size,16384,16384,0.000000,enabled
1782985189.127,2026-07-02 09:39:49.128,innodb_rwlock_sx_os_waits,0,0,0.000000,enabled
1782985189.127,2026-07-02 09:39:49.128,innodb_rwlock_sx_spin_rounds,0,0,0.000000,enabled
1782985189.127,2026-07-02 09:39:49.128,innodb_rwlock_sx_spin_waits,0,0,0.000000,enabled
1782985189.127,2026-07-02 09:39:49.128,innodb_rwlock_s_os_waits,0,0,0.000000,enabled
1782985189.127,2026-07-02 09:39:49.128,innodb_rwlock_s_spin_rounds,0,0,0.000000,enabled
1782985189.127,2026-07-02 09:39:49.128,innodb_rwlock_s_spin_waits,0,0,0.000000,enabled
1782985189.127,2026-07-02 09:39:49.128,innodb_rwlock_x_os_waits,0,0,0.000000,enabled
1782985189.127,2026-07-02 09:39:49.128,innodb_rwlock_x_spin_rounds,0,0,0.000000,enabled
1782985189.127,2026-07-02 09:39:49.128,innodb_rwlock_x_spin_waits,0,0,0.000000,enabled
1782985189.127,2026-07-02 09:39:49.128,lock_deadlocks,0,0,0.000000,enabled
1782985189.127,2026-07-02 09:39:49.128,lock_deadlock_false_positives,0,0,0.000000,enabled
1782985189.127,2026-07-02 09:39:49.128,lock_deadlock_rounds,3002,3002,1.085445,enabled
1782985189.127,2026-07-02 09:39:49.128,lock_rec_grant_attempts,425,425,0.153669,enabled
1782985189.127,2026-07-02 09:39:49.128,lock_rec_release_attempts,46130088,46130088,16679.434623,enabled
1782985189.127,2026-07-02 09:39:49.128,lock_row_lock_current_waits,0,0,0.000000,enabled
1782985189.127,2026-07-02 09:39:49.128,lock_row_lock_time,323,323,0.116788,enabled
1782985189.127,2026-07-02 09:39:49.128,lock_row_lock_time_avg,0,0,0.000000,enabled
1782985189.127,2026-07-02 09:39:49.128,lock_row_lock_time_max,29,29,0.000000,enabled
1782985189.127,2026-07-02 09:39:49.128,lock_row_lock_waits,425,425,0.153669,enabled
1782985189.127,2026-07-02 09:39:49.128,lock_schedule_refreshes,3002,3002,1.085445,enabled
1782985189.127,2026-07-02 09:39:49.128,lock_threads_waiting,0,0,0.000000,enabled
1782985189.127,2026-07-02 09:39:49.128,lock_timeouts,0,0,0.000000,enabled
1782985189.127,2026-07-02 09:39:49.128,log_waits,0,0,0.000000,enabled
1782985189.127,2026-07-02 09:39:49.128,log_writes,232973305,232973305,84237.049905,enabled
1782985189.127,2026-07-02 09:39:49.128,log_write_requests,442704272,442704272,160070.278785,enabled
1782985189.127,2026-07-02 09:39:49.128,os_data_fsyncs,69290539,69290539,25053.646145,enabled
1782985189.127,2026-07-02 09:39:49.128,os_data_reads,99851136,99851136,36103.558545,enabled
1782985189.127,2026-07-02 09:39:49.128,os_data_writes,266247195,266247195,96268.020299,enabled
1782985189.127,2026-07-02 09:39:49.128,os_log_bytes_written,144221921792,144221921792,52146873.753830,enabled
1782985189.127,2026-07-02 09:39:49.128,os_log_fsyncs,60290483,60290483,21799.461306,enabled
1782985189.127,2026-07-02 09:39:49.128,os_log_pending_fsyncs,0,0,0.000000,enabled
1782985189.127,2026-07-02 09:39:49.128,os_log_pending_writes,1,1,0.000362,enabled
1782985189.127,2026-07-02 09:39:49.128,trx_rseg_history_len,524,524,0.000000,enabled
1782985190.198,2026-07-02 09:39:50.199,adaptive_hash_searches,0,0,0.000000,enabled
1782985190.198,2026-07-02 09:39:50.199,adaptive_hash_searches_btree,668505995,668505995,241620.647232,enabled
1782985190.198,2026-07-02 09:39:50.199,buffer_data_reads,1632027544064,1632027544064,589869936.114618,enabled
1782985190.198,2026-07-02 09:39:50.199,buffer_data_written,713072876544,713072876544,257728647.673768,enabled
1782985190.198,2026-07-02 09:39:50.199,buffer_pages0_read,7,7,0.002530,enabled
1782985190.198,2026-07-02 09:39:50.199,buffer_pages_created,1828029,1828029,660.711494,enabled
1782985190.198,2026-07-02 09:39:50.199,buffer_pages_read,99891965,99891965,36104.333727,enabled
1782985190.198,2026-07-02 09:39:50.199,buffer_pages_written,32389476,32389476,11706.651822,enabled
1782985190.198,2026-07-02 09:39:50.199,buffer_pool_bytes_data,12852019200,12852019200,0.000000,enabled
1782985190.198,2026-07-02 09:39:50.199,buffer_pool_bytes_dirty,4674289664,4674289664,0.000000,enabled
1782985190.198,2026-07-02 09:39:50.199,buffer_pool_pages_data,784424,784424,0.000000,enabled
1782985190.198,2026-07-02 09:39:50.199,buffer_pool_pages_dirty,285296,285296,0.000000,enabled
1782985190.198,2026-07-02 09:39:50.199,buffer_pool_pages_flushed,32332362,32332362,0.000000,enabled
1782985190.198,2026-07-02 09:39:50.199,buffer_pool_pages_free,1911,1911,0.000000,enabled
1782985190.198,2026-07-02 09:39:50.199,buffer_pool_pages_lru_flushed,0,0,0.000000,enabled
1782985190.198,2026-07-02 09:39:50.199,buffer_pool_pages_misc,97,97,0.000000,enabled
1782985190.198,2026-07-02 09:39:50.199,buffer_pool_pages_total,786432,786432,0.000000,enabled
1782985190.198,2026-07-02 09:39:50.199,buffer_pool_reads,98970001,98970001,35771.105767,enabled
1782985190.198,2026-07-02 09:39:50.199,buffer_pool_read_ahead,803715,803715,290.489782,enabled
1782985190.198,2026-07-02 09:39:50.199,buffer_pool_read_ahead_evicted,25,25,0.009036,enabled
1782985190.198,2026-07-02 09:39:50.199,buffer_pool_read_requests,3229580037,3229580037,1167279.452253,enabled
1782985190.198,2026-07-02 09:39:50.199,buffer_pool_size,12884901888,12884901888,0.000000,enabled
1782985190.198,2026-07-02 09:39:50.199,buffer_pool_wait_free,18945,18945,6.847364,enabled
1782985190.198,2026-07-02 09:39:50.199,buffer_pool_write_requests,652826962,652826962,235953.743044,enabled
1782985190.198,2026-07-02 09:39:50.199,dml_deletes,15181365,15181365,5487.057985,enabled
1782985190.198,2026-07-02 09:39:50.199,dml_inserts,115066774,115066774,41589.017959,enabled
1782985190.198,2026-07-02 09:39:50.199,dml_system_deletes,468,468,0.169151,enabled
1782985190.198,2026-07-02 09:39:50.199,dml_system_inserts,1202,1202,0.434443,enabled
1782985190.198,2026-07-02 09:39:50.199,dml_system_reads,7661,7661,2.768944,enabled
1782985190.198,2026-07-02 09:39:50.199,dml_system_updates,620,620,0.224089,enabled
1782985190.198,2026-07-02 09:39:50.199,dml_updates,30362867,30362867,10974.165479,enabled
1782985190.198,2026-07-02 09:39:50.199,file_num_open_files,35,35,0.000000,enabled
1782985190.198,2026-07-02 09:39:50.199,ibuf_merges,0,0,0.000000,enabled
1782985190.198,2026-07-02 09:39:50.199,ibuf_merges_delete,0,0,0.000000,enabled
1782985190.198,2026-07-02 09:39:50.199,ibuf_merges_delete_mark,0,0,0.000000,enabled
1782985190.198,2026-07-02 09:39:50.199,ibuf_merges_discard_delete,0,0,0.000000,enabled
1782985190.198,2026-07-02 09:39:50.199,ibuf_merges_discard_delete_mark,0,0,0.000000,enabled
1782985190.198,2026-07-02 09:39:50.199,ibuf_merges_discard_insert,0,0,0.000000,enabled
1782985190.198,2026-07-02 09:39:50.199,ibuf_merges_insert,0,0,0.000000,enabled
1782985190.198,2026-07-02 09:39:50.199,ibuf_size,1,1,0.000361,enabled
1782985190.198,2026-07-02 09:39:50.199,innodb_activity_count,20350925,20350925,7355.511632,enabled
1782985190.198,2026-07-02 09:39:50.199,innodb_dblwr_pages_written,32329848,32329848,11685.098926,enabled
1782985190.198,2026-07-02 09:39:50.199,innodb_dblwr_writes,674592,674592,243.820332,enabled
1782985190.198,2026-07-02 09:39:50.199,innodb_page_size,16384,16384,0.000000,enabled
1782985190.198,2026-07-02 09:39:50.199,innodb_rwlock_sx_os_waits,0,0,0.000000,enabled
1782985190.198,2026-07-02 09:39:50.199,innodb_rwlock_sx_spin_rounds,0,0,0.000000,enabled
1782985190.198,2026-07-02 09:39:50.199,innodb_rwlock_sx_spin_waits,0,0,0.000000,enabled
1782985190.198,2026-07-02 09:39:50.199,innodb_rwlock_s_os_waits,0,0,0.000000,enabled
1782985190.198,2026-07-02 09:39:50.199,innodb_rwlock_s_spin_rounds,0,0,0.000000,enabled
1782985190.198,2026-07-02 09:39:50.199,innodb_rwlock_s_spin_waits,0,0,0.000000,enabled
1782985190.198,2026-07-02 09:39:50.199,innodb_rwlock_x_os_waits,0,0,0.000000,enabled
1782985190.198,2026-07-02 09:39:50.199,innodb_rwlock_x_spin_rounds,0,0,0.000000,enabled
1782985190.198,2026-07-02 09:39:50.199,innodb_rwlock_x_spin_waits,0,0,0.000000,enabled
1782985190.198,2026-07-02 09:39:50.199,lock_deadlocks,0,0,0.000000,enabled
1782985190.198,2026-07-02 09:39:50.199,lock_deadlock_false_positives,0,0,0.000000,enabled
1782985190.198,2026-07-02 09:39:50.199,lock_deadlock_rounds,3004,3004,1.085747,enabled
1782985190.198,2026-07-02 09:39:50.199,lock_rec_grant_attempts,425,425,0.153609,enabled
1782985190.198,2026-07-02 09:39:50.199,lock_rec_release_attempts,46145025,46145025,16678.372921,enabled
1782985190.198,2026-07-02 09:39:50.199,lock_row_lock_current_waits,0,0,0.000000,enabled
1782985190.198,2026-07-02 09:39:50.199,lock_row_lock_time,323,323,0.116743,enabled
1782985190.198,2026-07-02 09:39:50.199,lock_row_lock_time_avg,0,0,0.000000,enabled
1782985190.198,2026-07-02 09:39:50.199,lock_row_lock_time_max,29,29,0.000000,enabled
1782985190.198,2026-07-02 09:39:50.199,lock_row_lock_waits,425,425,0.153609,enabled
1782985190.198,2026-07-02 09:39:50.199,lock_schedule_refreshes,3004,3004,1.085747,enabled
1782985190.198,2026-07-02 09:39:50.199,lock_threads_waiting,0,0,0.000000,enabled
1782985190.198,2026-07-02 09:39:50.199,lock_timeouts,0,0,0.000000,enabled
1782985190.198,2026-07-02 09:39:50.199,log_waits,0,0,0.000000,enabled
1782985190.198,2026-07-02 09:39:50.199,log_writes,233053971,233053971,84233.579178,enabled
1782985190.198,2026-07-02 09:39:50.199,log_write_requests,442787827,442787827,160038.480982,enabled
1782985190.198,2026-07-02 09:39:50.199,os_data_fsyncs,69325559,69325559,25056.599863,enabled
1782985190.198,2026-07-02 09:39:50.199,os_data_reads,99908802,99908802,36110.417482,enabled
1782985190.198,2026-07-02 09:39:50.199,os_data_writes,266344540,266344540,96265.917868,enabled
1782985190.198,2026-07-02 09:39:50.199,os_log_bytes_written,144264007168,144264007168,52141887.485908,enabled
1782985190.198,2026-07-02 09:39:50.199,os_log_fsyncs,60320597,60320597,21801.902231,enabled
1782985190.198,2026-07-02 09:39:50.199,os_log_pending_fsyncs,1,1,0.000361,enabled
1782985190.198,2026-07-02 09:39:50.199,os_log_pending_writes,0,0,0.000000,enabled
1782985190.198,2026-07-02 09:39:50.199,trx_rseg_history_len,601,601,0.000000,enabled
1782985191.270,2026-07-02 09:39:51.272,adaptive_hash_searches,0,0,0.000000,enabled
1782985191.270,2026-07-02 09:39:51.272,adaptive_hash_searches_btree,668677319,668677319,241588.886368,enabled
1782985191.270,2026-07-02 09:39:51.272,buffer_data_reads,1632975784448,1632975784448,589983887.971153,enabled
1782985191.270,2026-07-02 09:39:51.272,buffer_data_written,713392374272,713392374272,257744181.143064,enabled
1782985191.270,2026-07-02 09:39:51.272,buffer_pages0_read,7,7,0.002529,enabled
1782985191.270,2026-07-02 09:39:51.272,buffer_pages_created,1828058,1828058,660.465871,enabled
1782985191.270,2026-07-02 09:39:51.272,buffer_pages_read,99949980,99949980,36111.299667,enabled
1782985191.270,2026-07-02 09:39:51.272,buffer_pages_written,32405993,32405993,11708.081655,enabled
1782985191.270,2026-07-02 09:39:51.272,buffer_pool_bytes_data,12852854784,12852854784,0.000000,enabled
1782985191.270,2026-07-02 09:39:51.272,buffer_pool_bytes_dirty,4675239936,4675239936,0.000000,enabled
1782985191.270,2026-07-02 09:39:51.272,buffer_pool_pages_data,784475,784475,0.000000,enabled
1782985191.270,2026-07-02 09:39:51.272,buffer_pool_pages_dirty,285354,285354,0.000000,enabled
1782985191.270,2026-07-02 09:39:51.272,buffer_pool_pages_flushed,32348879,32348879,0.000000,enabled
1782985191.270,2026-07-02 09:39:51.272,buffer_pool_pages_free,1860,1860,0.000000,enabled
1782985191.270,2026-07-02 09:39:51.272,buffer_pool_pages_lru_flushed,0,0,0.000000,enabled
1782985191.270,2026-07-02 09:39:51.272,buffer_pool_pages_misc,96,96,0.000000,enabled
1782985191.270,2026-07-02 09:39:51.272,buffer_pool_pages_total,786432,786432,0.000000,enabled
1782985191.270,2026-07-02 09:39:51.272,buffer_pool_reads,99027955,99027955,35778.178940,enabled
1782985191.270,2026-07-02 09:39:51.272,buffer_pool_read_ahead,803715,803715,290.377185,enabled
1782985191.270,2026-07-02 09:39:51.272,buffer_pool_read_ahead_evicted,25,25,0.009032,enabled
1782985191.270,2026-07-02 09:39:51.272,buffer_pool_read_requests,3230427790,3230427790,1167133.290137,enabled
1782985191.270,2026-07-02 09:39:51.272,buffer_pool_size,12884901888,12884901888,0.000000,enabled
1782985191.270,2026-07-02 09:39:51.272,buffer_pool_wait_free,18945,18945,6.844710,enabled
1782985191.270,2026-07-02 09:39:51.272,buffer_pool_write_requests,652941137,652941137,235903.535498,enabled
1782985191.270,2026-07-02 09:39:51.272,dml_deletes,15186328,15186328,5486.724129,enabled
1782985191.270,2026-07-02 09:39:51.272,dml_inserts,115071737,115071737,41574.689842,enabled
1782985191.270,2026-07-02 09:39:51.272,dml_system_deletes,468,468,0.169085,enabled
1782985191.270,2026-07-02 09:39:51.272,dml_system_inserts,1202,1202,0.434275,enabled
1782985191.270,2026-07-02 09:39:51.272,dml_system_reads,7661,7661,2.767871,enabled
1782985191.270,2026-07-02 09:39:51.272,dml_system_updates,620,620,0.224002,enabled
1782985191.270,2026-07-02 09:39:51.272,dml_updates,30372794,30372794,10973.498110,enabled
1782985191.270,2026-07-02 09:39:51.272,file_num_open_files,35,35,0.000000,enabled
1782985191.270,2026-07-02 09:39:51.272,ibuf_merges,0,0,0.000000,enabled
1782985191.270,2026-07-02 09:39:51.272,ibuf_merges_delete,0,0,0.000000,enabled
1782985191.270,2026-07-02 09:39:51.272,ibuf_merges_delete_mark,0,0,0.000000,enabled
1782985191.270,2026-07-02 09:39:51.272,ibuf_merges_discard_delete,0,0,0.000000,enabled
1782985191.270,2026-07-02 09:39:51.272,ibuf_merges_discard_delete_mark,0,0,0.000000,enabled
1782985191.270,2026-07-02 09:39:51.272,ibuf_merges_discard_insert,0,0,0.000000,enabled
1782985191.270,2026-07-02 09:39:51.272,ibuf_merges_insert,0,0,0.000000,enabled
1782985191.270,2026-07-02 09:39:51.272,ibuf_size,1,1,0.000361,enabled
1782985191.270,2026-07-02 09:39:51.272,innodb_activity_count,20356633,20356633,7354.722680,enabled
1782985191.270,2026-07-02 09:39:51.272,innodb_dblwr_pages_written,32346365,32346365,11686.536910,enabled
1782985191.270,2026-07-02 09:39:51.272,innodb_dblwr_writes,674926,674926,243.846491,enabled
1782985191.270,2026-07-02 09:39:51.272,innodb_page_size,16384,16384,0.000000,enabled
1782985191.270,2026-07-02 09:39:51.272,innodb_rwlock_sx_os_waits,0,0,0.000000,enabled
1782985191.270,2026-07-02 09:39:51.272,innodb_rwlock_sx_spin_rounds,0,0,0.000000,enabled
1782985191.270,2026-07-02 09:39:51.272,innodb_rwlock_sx_spin_waits,0,0,0.000000,enabled
1782985191.270,2026-07-02 09:39:51.272,innodb_rwlock_s_os_waits,0,0,0.000000,enabled
1782985191.270,2026-07-02 09:39:51.272,innodb_rwlock_s_spin_rounds,0,0,0.000000,enabled
1782985191.270,2026-07-02 09:39:51.272,innodb_rwlock_s_spin_waits,0,0,0.000000,enabled
1782985191.270,2026-07-02 09:39:51.272,innodb_rwlock_x_os_waits,0,0,0.000000,enabled
1782985191.270,2026-07-02 09:39:51.272,innodb_rwlock_x_spin_rounds,0,0,0.000000,enabled
1782985191.270,2026-07-02 09:39:51.272,innodb_rwlock_x_spin_waits,0,0,0.000000,enabled
1782985191.270,2026-07-02 09:39:51.272,lock_deadlocks,0,0,0.000000,enabled
1782985191.270,2026-07-02 09:39:51.272,lock_deadlock_false_positives,0,0,0.000000,enabled
1782985191.270,2026-07-02 09:39:51.272,lock_deadlock_rounds,3005,3005,1.085688,enabled
1782985191.270,2026-07-02 09:39:51.272,lock_rec_grant_attempts,425,425,0.153550,enabled
1782985191.270,2026-07-02 09:39:51.272,lock_rec_release_attempts,46160113,46160113,16677.359443,enabled
1782985191.270,2026-07-02 09:39:51.272,lock_row_lock_current_waits,0,0,0.000000,enabled
1782985191.270,2026-07-02 09:39:51.272,lock_row_lock_time,323,323,0.116698,enabled
1782985191.270,2026-07-02 09:39:51.272,lock_row_lock_time_avg,0,0,0.000000,enabled
1782985191.270,2026-07-02 09:39:51.272,lock_row_lock_time_max,29,29,0.000000,enabled
1782985191.270,2026-07-02 09:39:51.272,lock_row_lock_waits,425,425,0.153550,enabled
1782985191.270,2026-07-02 09:39:51.272,lock_schedule_refreshes,3005,3005,1.085688,enabled
1782985191.270,2026-07-02 09:39:51.272,lock_threads_waiting,0,0,0.000000,enabled
1782985191.270,2026-07-02 09:39:51.272,lock_timeouts,0,0,0.000000,enabled
1782985191.270,2026-07-02 09:39:51.272,log_waits,0,0,0.000000,enabled
1782985191.270,2026-07-02 09:39:51.272,log_writes,233135595,233135595,84230.418464,enabled
1782985191.270,2026-07-02 09:39:51.272,log_write_requests,442871948,442871948,160006.838629,enabled
1782985191.270,2026-07-02 09:39:51.272,os_data_fsyncs,69360618,69360618,25059.554047,enabled
1782985191.270,2026-07-02 09:39:51.272,os_data_reads,99966667,99966667,36117.326666,enabled
1782985191.270,2026-07-02 09:39:51.272,os_data_writes,266442907,266442907,96264.142746,enabled
1782985191.270,2026-07-02 09:39:51.272,os_log_bytes_written,144306486784,144306486784,52137023.890092,enabled
1782985191.270,2026-07-02 09:39:51.272,os_log_fsyncs,60350804,60350804,21804.364984,enabled
1782985191.270,2026-07-02 09:39:51.272,os_log_pending_fsyncs,0,0,0.000000,enabled
1782985191.270,2026-07-02 09:39:51.272,os_log_pending_writes,0,0,0.000000,enabled
1782985191.270,2026-07-02 09:39:51.272,trx_rseg_history_len,744,744,0.000000,enabled
1782985192.343,2026-07-02 09:39:52.345,adaptive_hash_searches,0,0,0.000000,enabled
1782985192.343,2026-07-02 09:39:52.345,adaptive_hash_searches_btree,668848038,668848038,241556.982511,enabled
1782985192.343,2026-07-02 09:39:52.345,buffer_data_reads,1633925335552,1633925335552,590098340.628004,enabled
1782985192.343,2026-07-02 09:39:52.345,buffer_data_written,713711338496,713711338496,257759560.466257,enabled
1782985192.343,2026-07-02 09:39:52.345,buffer_pages0_read,7,7,0.002528,enabled
1782985192.343,2026-07-02 09:39:52.345,buffer_pages_created,1828094,1828094,660.223096,enabled
1782985192.343,2026-07-02 09:39:52.345,buffer_pages_read,100008142,100008142,36118.320371,enabled
1782985192.343,2026-07-02 09:39:52.345,buffer_pages_written,32422514,32422514,11709.514120,enabled
1782985192.343,2026-07-02 09:39:52.345,buffer_pool_bytes_data,12851363840,12851363840,0.000000,enabled
1782985192.343,2026-07-02 09:39:52.345,buffer_pool_bytes_dirty,4678336512,4678336512,0.000000,enabled
1782985192.343,2026-07-02 09:39:52.345,buffer_pool_pages_data,784385,784385,0.000000,enabled
1782985192.343,2026-07-02 09:39:52.345,buffer_pool_pages_dirty,285543,285543,0.000000,enabled
1782985192.343,2026-07-02 09:39:52.345,buffer_pool_pages_flushed,32365400,32365400,0.000000,enabled
1782985192.343,2026-07-02 09:39:52.345,buffer_pool_pages_free,1951,1951,0.000000,enabled
1782985192.343,2026-07-02 09:39:52.345,buffer_pool_pages_lru_flushed,0,0,0.000000,enabled
1782985192.343,2026-07-02 09:39:52.345,buffer_pool_pages_misc,96,96,0.000000,enabled
1782985192.343,2026-07-02 09:39:52.345,buffer_pool_pages_total,786432,786432,0.000000,enabled
1782985192.343,2026-07-02 09:39:52.345,buffer_pool_reads,99086066,99086066,35785.310059,enabled
1782985192.343,2026-07-02 09:39:52.345,buffer_pool_read_ahead,803715,803715,290.264731,enabled
1782985192.343,2026-07-02 09:39:52.345,buffer_pool_read_ahead_evicted,25,25,0.009029,enabled
1782985192.343,2026-07-02 09:39:52.345,buffer_pool_read_requests,3231273373,3231273373,1166986.679016,enabled
1782985192.343,2026-07-02 09:39:52.345,buffer_pool_size,12884901888,12884901888,0.000000,enabled
1782985192.343,2026-07-02 09:39:52.345,buffer_pool_wait_free,18945,18945,6.842059,enabled
1782985192.343,2026-07-02 09:39:52.345,buffer_pool_write_requests,653055014,653055014,235853.304139,enabled
1782985192.343,2026-07-02 09:39:52.345,dml_deletes,15191263,15191263,5486.381594,enabled
1782985192.343,2026-07-02 09:39:52.345,dml_inserts,115076669,115076669,41560.370536,enabled
1782985192.343,2026-07-02 09:39:52.345,dml_system_deletes,468,468,0.169020,enabled
1782985192.343,2026-07-02 09:39:52.345,dml_system_inserts,1202,1202,0.434107,enabled
1782985192.343,2026-07-02 09:39:52.345,dml_system_reads,7661,7661,2.766799,enabled
1782985192.343,2026-07-02 09:39:52.345,dml_system_updates,620,620,0.223915,enabled
1782985192.343,2026-07-02 09:39:52.345,dml_updates,30382662,30382662,10972.812297,enabled
1782985192.343,2026-07-02 09:39:52.345,file_num_open_files,35,35,0.000000,enabled
1782985192.343,2026-07-02 09:39:52.345,ibuf_merges,0,0,0.000000,enabled
1782985192.343,2026-07-02 09:39:52.345,ibuf_merges_delete,0,0,0.000000,enabled
1782985192.343,2026-07-02 09:39:52.345,ibuf_merges_delete_mark,0,0,0.000000,enabled
1782985192.343,2026-07-02 09:39:52.345,ibuf_merges_discard_delete,0,0,0.000000,enabled
1782985192.343,2026-07-02 09:39:52.345,ibuf_merges_discard_delete_mark,0,0,0.000000,enabled
1782985192.343,2026-07-02 09:39:52.345,ibuf_merges_discard_insert,0,0,0.000000,enabled
1782985192.343,2026-07-02 09:39:52.345,ibuf_merges_insert,0,0,0.000000,enabled
1782985192.343,2026-07-02 09:39:52.345,ibuf_size,1,1,0.000361,enabled
1782985192.343,2026-07-02 09:39:52.345,innodb_activity_count,20362306,20362306,7353.923259,enabled
1782985192.343,2026-07-02 09:39:52.345,innodb_dblwr_pages_written,32362886,32362886,11687.977718,enabled
1782985192.343,2026-07-02 09:39:52.345,innodb_dblwr_writes,675294,675294,243.884962,enabled
1782985192.343,2026-07-02 09:39:52.345,innodb_page_size,16384,16384,0.000000,enabled
1782985192.343,2026-07-02 09:39:52.345,innodb_rwlock_sx_os_waits,0,0,0.000000,enabled
1782985192.343,2026-07-02 09:39:52.345,innodb_rwlock_sx_spin_rounds,0,0,0.000000,enabled
1782985192.343,2026-07-02 09:39:52.345,innodb_rwlock_sx_spin_waits,0,0,0.000000,enabled
1782985192.343,2026-07-02 09:39:52.345,innodb_rwlock_s_os_waits,0,0,0.000000,enabled
1782985192.343,2026-07-02 09:39:52.345,innodb_rwlock_s_spin_rounds,0,0,0.000000,enabled
1782985192.343,2026-07-02 09:39:52.345,innodb_rwlock_s_spin_waits,0,0,0.000000,enabled
1782985192.343,2026-07-02 09:39:52.345,innodb_rwlock_x_os_waits,0,0,0.000000,enabled
1782985192.343,2026-07-02 09:39:52.345,innodb_rwlock_x_spin_rounds,0,0,0.000000,enabled
1782985192.343,2026-07-02 09:39:52.345,innodb_rwlock_x_spin_waits,0,0,0.000000,enabled
1782985192.343,2026-07-02 09:39:52.345,lock_deadlocks,0,0,0.000000,enabled
1782985192.343,2026-07-02 09:39:52.345,lock_deadlock_false_positives,0,0,0.000000,enabled
1782985192.343,2026-07-02 09:39:52.345,lock_deadlock_rounds,3006,3006,1.085628,enabled
1782985192.343,2026-07-02 09:39:52.345,lock_rec_grant_attempts,425,425,0.153490,enabled
1782985192.343,2026-07-02 09:39:52.345,lock_rec_release_attempts,46175109,46175109,16676.316605,enabled
1782985192.343,2026-07-02 09:39:52.345,lock_row_lock_current_waits,0,0,0.000000,enabled
1782985192.343,2026-07-02 09:39:52.345,lock_row_lock_time,323,323,0.116653,enabled
1782985192.343,2026-07-02 09:39:52.345,lock_row_lock_time_avg,0,0,0.000000,enabled
1782985192.343,2026-07-02 09:39:52.345,lock_row_lock_time_max,29,29,0.000000,enabled
1782985192.343,2026-07-02 09:39:52.345,lock_row_lock_waits,425,425,0.153490,enabled
1782985192.343,2026-07-02 09:39:52.345,lock_schedule_refreshes,3006,3006,1.085628,enabled
1782985192.343,2026-07-02 09:39:52.345,lock_threads_waiting,0,0,0.000000,enabled
1782985192.343,2026-07-02 09:39:52.345,lock_timeouts,0,0,0.000000,enabled
1782985192.343,2026-07-02 09:39:52.345,log_waits,0,0,0.000000,enabled
1782985192.343,2026-07-02 09:39:52.345,log_writes,233216604,233216604,84227.055727,enabled
1782985192.343,2026-07-02 09:39:52.345,log_write_requests,442955728,442955728,159975.131136,enabled
1782985192.343,2026-07-02 09:39:52.345,os_data_fsyncs,69395898,69395898,25062.590849,enabled
1782985192.343,2026-07-02 09:39:52.345,os_data_reads,100024645,100024645,36124.278631,enabled
1782985192.343,2026-07-02 09:39:52.345,os_data_writes,266540702,266540702,96262.181992,enabled
1782985192.343,2026-07-02 09:39:52.345,os_log_bytes_written,144348663296,144348663296,52132065.239781,enabled
1782985192.343,2026-07-02 09:39:52.345,os_log_fsyncs,60381047,60381047,21806.843289,enabled
1782985192.343,2026-07-02 09:39:52.345,os_log_pending_fsyncs,1,1,0.000361,enabled
1782985192.343,2026-07-02 09:39:52.345,os_log_pending_writes,0,0,0.000000,enabled
1782985192.343,2026-07-02 09:39:52.345,trx_rseg_history_len,834,834,0.000000,enabled
1782985193.415,2026-07-02 09:39:53.416,adaptive_hash_searches,0,0,0.000000,enabled
1782985193.415,2026-07-02 09:39:53.416,adaptive_hash_searches_btree,669015743,669015743,241524.085382,enabled
1782985193.415,2026-07-02 09:39:53.416,buffer_data_reads,1634857847296,1634857847296,590206726.255732,enabled
1782985193.415,2026-07-02 09:39:53.416,buffer_data_written,714065848832,714065848832,257787836.035821,enabled
1782985193.415,2026-07-02 09:39:53.416,buffer_pages0_read,7,7,0.002527,enabled
1782985193.415,2026-07-02 09:39:53.416,buffer_pages_created,1828120,1828120,659.977092,enabled
1782985193.415,2026-07-02 09:39:53.416,buffer_pages_read,100065229,100065229,36124.958144,enabled
1782985193.415,2026-07-02 09:39:53.416,buffer_pages_written,32440757,32440757,11711.570581,enabled
1782985193.415,2026-07-02 09:39:53.416,buffer_pool_bytes_data,12848758784,12848758784,0.000000,enabled
1782985193.415,2026-07-02 09:39:53.416,buffer_pool_bytes_dirty,4648402944,4648402944,0.000000,enabled
1782985193.415,2026-07-02 09:39:53.416,buffer_pool_pages_data,784226,784226,0.000000,enabled
1782985193.415,2026-07-02 09:39:53.416,buffer_pool_pages_dirty,283716,283716,0.000000,enabled
1782985193.415,2026-07-02 09:39:53.416,buffer_pool_pages_flushed,32381580,32381580,0.000000,enabled
1782985193.415,2026-07-02 09:39:53.416,buffer_pool_pages_free,2109,2109,0.000000,enabled
1782985193.415,2026-07-02 09:39:53.416,buffer_pool_pages_lru_flushed,0,0,0.000000,enabled
1782985193.415,2026-07-02 09:39:53.416,buffer_pool_pages_misc,96,96,0.000000,enabled
1782985193.415,2026-07-02 09:39:53.416,buffer_pool_pages_total,786432,786432,0.000000,enabled
1782985193.415,2026-07-02 09:39:53.416,buffer_pool_reads,99143098,99143098,35792.056882,enabled
1782985193.415,2026-07-02 09:39:53.416,buffer_pool_read_ahead,803715,803715,290.152450,enabled
1782985193.415,2026-07-02 09:39:53.416,buffer_pool_read_ahead_evicted,25,25,0.009025,enabled
1782985193.415,2026-07-02 09:39:53.416,buffer_pool_read_requests,3232104266,3232104266,1166835.226738,enabled
1782985193.415,2026-07-02 09:39:53.416,buffer_pool_size,12884901888,12884901888,0.000000,enabled
1782985193.415,2026-07-02 09:39:53.416,buffer_pool_wait_free,18945,18945,6.839412,enabled
1782985193.415,2026-07-02 09:39:53.416,buffer_pool_write_requests,653167108,653167108,235802.538315,enabled
1782985193.415,2026-07-02 09:39:53.416,dml_deletes,15196118,15196118,5486.012013,enabled
1782985193.415,2026-07-02 09:39:53.416,dml_inserts,115081527,115081527,41546.047490,enabled
1782985193.415,2026-07-02 09:39:53.416,dml_system_deletes,468,468,0.168955,enabled
1782985193.415,2026-07-02 09:39:53.416,dml_system_inserts,1202,1202,0.433939,enabled
1782985193.415,2026-07-02 09:39:53.416,dml_system_reads,7661,7661,2.765729,enabled
1782985193.415,2026-07-02 09:39:53.416,dml_system_updates,620,620,0.223829,enabled
1782985193.415,2026-07-02 09:39:53.416,dml_updates,30392372,30392372,10972.073116,enabled
1782985193.415,2026-07-02 09:39:53.416,file_num_open_files,35,35,0.000000,enabled
1782985193.415,2026-07-02 09:39:53.416,ibuf_merges,0,0,0.000000,enabled
1782985193.415,2026-07-02 09:39:53.416,ibuf_merges_delete,0,0,0.000000,enabled
1782985193.415,2026-07-02 09:39:53.416,ibuf_merges_delete_mark,0,0,0.000000,enabled
1782985193.415,2026-07-02 09:39:53.416,ibuf_merges_discard_delete,0,0,0.000000,enabled
1782985193.415,2026-07-02 09:39:53.416,ibuf_merges_discard_delete_mark,0,0,0.000000,enabled
1782985193.415,2026-07-02 09:39:53.416,ibuf_merges_discard_insert,0,0,0.000000,enabled
1782985193.415,2026-07-02 09:39:53.416,ibuf_merges_insert,0,0,0.000000,enabled
1782985193.415,2026-07-02 09:39:53.416,ibuf_size,1,1,0.000361,enabled
1782985193.415,2026-07-02 09:39:53.416,innodb_activity_count,20367882,20367882,7353.091557,enabled
1782985193.415,2026-07-02 09:39:53.416,innodb_dblwr_pages_written,32380602,32380602,11689.852176,enabled
1782985193.415,2026-07-02 09:39:53.416,innodb_dblwr_writes,675693,675693,243.934665,enabled
1782985193.415,2026-07-02 09:39:53.416,innodb_page_size,16384,16384,0.000000,enabled
1782985193.415,2026-07-02 09:39:53.416,innodb_rwlock_sx_os_waits,0,0,0.000000,enabled
1782985193.415,2026-07-02 09:39:53.416,innodb_rwlock_sx_spin_rounds,0,0,0.000000,enabled
1782985193.415,2026-07-02 09:39:53.416,innodb_rwlock_sx_spin_waits,0,0,0.000000,enabled
1782985193.415,2026-07-02 09:39:53.416,innodb_rwlock_s_os_waits,0,0,0.000000,enabled
1782985193.415,2026-07-02 09:39:53.416,innodb_rwlock_s_spin_rounds,0,0,0.000000,enabled
1782985193.415,2026-07-02 09:39:53.416,innodb_rwlock_s_spin_waits,0,0,0.000000,enabled
1782985193.415,2026-07-02 09:39:53.416,innodb_rwlock_x_os_waits,0,0,0.000000,enabled
1782985193.415,2026-07-02 09:39:53.416,innodb_rwlock_x_spin_rounds,0,0,0.000000,enabled
1782985193.415,2026-07-02 09:39:53.416,innodb_rwlock_x_spin_waits,0,0,0.000000,enabled
1782985193.415,2026-07-02 09:39:53.416,lock_deadlocks,0,0,0.000000,enabled
1782985193.415,2026-07-02 09:39:53.416,lock_deadlock_false_positives,0,0,0.000000,enabled
1782985193.415,2026-07-02 09:39:53.416,lock_deadlock_rounds,3007,3007,1.085569,enabled
1782985193.415,2026-07-02 09:39:53.416,lock_rec_grant_attempts,425,425,0.153431,enabled
1782985193.415,2026-07-02 09:39:53.416,lock_rec_release_attempts,46189876,46189876,16675.196955,enabled
1782985193.415,2026-07-02 09:39:53.416,lock_row_lock_current_waits,0,0,0.000000,enabled
1782985193.415,2026-07-02 09:39:53.416,lock_row_lock_time,323,323,0.116608,enabled
1782985193.415,2026-07-02 09:39:53.416,lock_row_lock_time_avg,0,0,0.000000,enabled
1782985193.415,2026-07-02 09:39:53.416,lock_row_lock_time_max,29,29,0.000000,enabled
1782985193.415,2026-07-02 09:39:53.416,lock_row_lock_waits,425,425,0.153431,enabled
1782985193.415,2026-07-02 09:39:53.416,lock_schedule_refreshes,3007,3007,1.085569,enabled
1782985193.415,2026-07-02 09:39:53.416,lock_threads_waiting,0,0,0.000000,enabled
1782985193.415,2026-07-02 09:39:53.416,lock_timeouts,0,0,0.000000,enabled
1782985193.415,2026-07-02 09:39:53.416,log_waits,0,0,0.000000,enabled
1782985193.415,2026-07-02 09:39:53.416,log_writes,233294944,233294944,84222.755909,enabled
1782985193.415,2026-07-02 09:39:53.416,log_write_requests,443038229,443038229,159943.031792,enabled
1782985193.415,2026-07-02 09:39:53.416,os_data_fsyncs,69429975,69429975,25065.198188,enabled
1782985193.415,2026-07-02 09:39:53.416,os_data_reads,100081554,100081554,36130.849674,enabled
1782985193.415,2026-07-02 09:39:53.416,os_data_writes,266637617,266637617,96259.932680,enabled
1782985193.415,2026-07-02 09:39:53.416,os_log_bytes_written,144389450240,144389450240,52126623.694388,enabled
1782985193.415,2026-07-02 09:39:53.416,os_log_fsyncs,60409988,60409988,21808.855871,enabled
1782985193.415,2026-07-02 09:39:53.416,os_log_pending_fsyncs,1,1,0.000361,enabled
1782985193.415,2026-07-02 09:39:53.416,os_log_pending_writes,1,1,0.000361,enabled
1782985193.415,2026-07-02 09:39:53.416,trx_rseg_history_len,870,870,0.000000,enabled
1782985194.487,2026-07-02 09:39:54.488,adaptive_hash_searches,0,0,0.000000,enabled
1782985194.487,2026-07-02 09:39:54.488,adaptive_hash_searches_btree,669185244,669185244,241492.082549,enabled
1782985194.487,2026-07-02 09:39:54.488,buffer_data_reads,1635798698496,1635798698496,590318573.382954,enabled
1782985194.487,2026-07-02 09:39:54.488,buffer_data_written,714393749504,714393749504,257806721.066070,enabled
1782985194.487,2026-07-02 09:39:54.488,buffer_pages0_read,7,7,0.002526,enabled
1782985194.487,2026-07-02 09:39:54.488,buffer_pages_created,1828151,1828151,659.733682,enabled
1782985194.487,2026-07-02 09:39:54.488,buffer_pages_read,100122827,100122827,36131.807998,enabled
1782985194.487,2026-07-02 09:39:54.488,buffer_pages_written,32458416,32458416,11713.425333,enabled
1782985194.487,2026-07-02 09:39:54.488,buffer_pool_bytes_data,12859424768,12859424768,0.000000,enabled
1782985194.487,2026-07-02 09:39:54.488,buffer_pool_bytes_dirty,4629151744,4629151744,0.000000,enabled
1782985194.487,2026-07-02 09:39:54.488,buffer_pool_pages_data,784877,784877,0.000000,enabled
1782985194.487,2026-07-02 09:39:54.488,buffer_pool_pages_dirty,282541,282541,0.000000,enabled
1782985194.487,2026-07-02 09:39:54.488,buffer_pool_pages_flushed,32401302,32401302,0.000000,enabled
1782985194.487,2026-07-02 09:39:54.488,buffer_pool_pages_free,1460,1460,0.000000,enabled
1782985194.487,2026-07-02 09:39:54.488,buffer_pool_pages_lru_flushed,0,0,0.000000,enabled
1782985194.487,2026-07-02 09:39:54.488,buffer_pool_pages_misc,96,96,0.000000,enabled
1782985194.487,2026-07-02 09:39:54.488,buffer_pool_pages_total,786432,786432,0.000000,enabled
1782985194.487,2026-07-02 09:39:54.488,buffer_pool_reads,99200636,99200636,35799.013609,enabled
1782985194.487,2026-07-02 09:39:54.488,buffer_pool_read_ahead,803715,803715,290.040519,enabled
1782985194.487,2026-07-02 09:39:54.488,buffer_pool_read_ahead_evicted,25,25,0.009022,enabled
1782985194.487,2026-07-02 09:39:54.488,buffer_pool_read_requests,3232943372,3232943372,1166687.914961,enabled
1782985194.487,2026-07-02 09:39:54.488,buffer_pool_size,12884901888,12884901888,0.000000,enabled
1782985194.487,2026-07-02 09:39:54.488,buffer_pool_wait_free,18945,18945,6.836774,enabled
1782985194.487,2026-07-02 09:39:54.488,buffer_pool_write_requests,653280107,653280107,235752.352491,enabled
1782985194.487,2026-07-02 09:39:54.488,dml_deletes,15201021,15201021,5485.665081,enabled
1782985194.487,2026-07-02 09:39:54.488,dml_inserts,115086430,115086430,41531.789924,enabled
1782985194.487,2026-07-02 09:39:54.488,dml_system_deletes,468,468,0.168889,enabled
1782985194.487,2026-07-02 09:39:54.488,dml_system_inserts,1202,1202,0.433771,enabled
1782985194.487,2026-07-02 09:39:54.488,dml_system_reads,7661,7661,2.764662,enabled
1782985194.487,2026-07-02 09:39:54.488,dml_system_updates,620,620,0.223742,enabled
1782985194.487,2026-07-02 09:39:54.488,dml_updates,30402182,30402182,10971.380676,enabled
1782985194.487,2026-07-02 09:39:54.488,file_num_open_files,35,35,0.000000,enabled
1782985194.487,2026-07-02 09:39:54.488,ibuf_merges,0,0,0.000000,enabled
1782985194.487,2026-07-02 09:39:54.488,ibuf_merges_delete,0,0,0.000000,enabled
1782985194.487,2026-07-02 09:39:54.488,ibuf_merges_delete_mark,0,0,0.000000,enabled
1782985194.487,2026-07-02 09:39:54.488,ibuf_merges_discard_delete,0,0,0.000000,enabled
1782985194.487,2026-07-02 09:39:54.488,ibuf_merges_discard_delete_mark,0,0,0.000000,enabled
1782985194.487,2026-07-02 09:39:54.488,ibuf_merges_discard_insert,0,0,0.000000,enabled
1782985194.487,2026-07-02 09:39:54.488,ibuf_merges_insert,0,0,0.000000,enabled
1782985194.487,2026-07-02 09:39:54.488,ibuf_size,1,1,0.000361,enabled
1782985194.487,2026-07-02 09:39:54.488,innodb_activity_count,20373522,20373522,7352.290336,enabled
1782985194.487,2026-07-02 09:39:54.488,innodb_dblwr_pages_written,32398788,32398788,11691.905524,enabled
1782985194.487,2026-07-02 09:39:54.488,innodb_dblwr_writes,676088,676088,243.983109,enabled
1782985194.487,2026-07-02 09:39:54.488,innodb_page_size,16384,16384,0.000000,enabled
1782985194.487,2026-07-02 09:39:54.488,innodb_rwlock_sx_os_waits,0,0,0.000000,enabled
1782985194.487,2026-07-02 09:39:54.488,innodb_rwlock_sx_spin_rounds,0,0,0.000000,enabled
1782985194.487,2026-07-02 09:39:54.488,innodb_rwlock_sx_spin_waits,0,0,0.000000,enabled
1782985194.487,2026-07-02 09:39:54.488,innodb_rwlock_s_os_waits,0,0,0.000000,enabled
1782985194.487,2026-07-02 09:39:54.488,innodb_rwlock_s_spin_rounds,0,0,0.000000,enabled
1782985194.487,2026-07-02 09:39:54.488,innodb_rwlock_s_spin_waits,0,0,0.000000,enabled
1782985194.487,2026-07-02 09:39:54.488,innodb_rwlock_x_os_waits,0,0,0.000000,enabled
1782985194.487,2026-07-02 09:39:54.488,innodb_rwlock_x_spin_rounds,0,0,0.000000,enabled
1782985194.487,2026-07-02 09:39:54.488,innodb_rwlock_x_spin_waits,0,0,0.000000,enabled
1782985194.487,2026-07-02 09:39:54.488,lock_deadlocks,0,0,0.000000,enabled
1782985194.487,2026-07-02 09:39:54.488,lock_deadlock_false_positives,0,0,0.000000,enabled
1782985194.487,2026-07-02 09:39:54.488,lock_deadlock_rounds,3008,3008,1.085512,enabled
1782985194.487,2026-07-02 09:39:54.488,lock_rec_grant_attempts,425,425,0.153372,enabled
1782985194.487,2026-07-02 09:39:54.488,lock_rec_release_attempts,46204801,46204801,16674.150322,enabled
1782985194.487,2026-07-02 09:39:54.488,lock_row_lock_current_waits,0,0,0.000000,enabled
1782985194.487,2026-07-02 09:39:54.488,lock_row_lock_time,323,323,0.116563,enabled
1782985194.487,2026-07-02 09:39:54.488,lock_row_lock_time_avg,0,0,0.000000,enabled
1782985194.487,2026-07-02 09:39:54.488,lock_row_lock_time_max,29,29,0.000000,enabled
1782985194.487,2026-07-02 09:39:54.488,lock_row_lock_waits,425,425,0.153372,enabled
1782985194.487,2026-07-02 09:39:54.488,lock_schedule_refreshes,3008,3008,1.085512,enabled
1782985194.487,2026-07-02 09:39:54.488,lock_threads_waiting,0,0,0.000000,enabled
1782985194.487,2026-07-02 09:39:54.488,lock_timeouts,0,0,0.000000,enabled
1782985194.487,2026-07-02 09:39:54.488,log_waits,0,0,0.000000,enabled
1782985194.487,2026-07-02 09:39:54.488,log_writes,233374969,233374969,84219.144882,enabled
1782985194.487,2026-07-02 09:39:54.488,log_write_requests,443121407,443121407,159911.348525,enabled
1782985194.487,2026-07-02 09:39:54.488,os_data_fsyncs,69465269,69465269,25068.265669,enabled
1782985194.487,2026-07-02 09:39:54.488,os_data_reads,100138992,100138992,36137.639635,enabled
1782985194.487,2026-07-02 09:39:54.488,os_data_writes,266735556,266735556,96258.142825,enabled
1782985194.487,2026-07-02 09:39:54.488,os_log_bytes_written,144431129088,144431129088,52121556.006841,enabled
1782985194.487,2026-07-02 09:39:54.488,os_log_fsyncs,60439787,60439787,21811.196525,enabled
1782985194.487,2026-07-02 09:39:54.488,os_log_pending_fsyncs,0,0,0.000000,enabled
1782985194.487,2026-07-02 09:39:54.488,os_log_pending_writes,1,1,0.000361,enabled
1782985194.487,2026-07-02 09:39:54.488,trx_rseg_history_len,963,963,0.000000,enabled
1782985195.556,2026-07-02 09:39:55.558,adaptive_hash_searches,0,0,0.000000,enabled
1782985195.556,2026-07-02 09:39:55.558,adaptive_hash_searches_btree,669356388,669356388,241460.357553,enabled
1782985195.556,2026-07-02 09:39:55.558,buffer_data_reads,1636754213376,1636754213376,590434792.885126,enabled
1782985195.556,2026-07-02 09:39:55.558,buffer_data_written,714711480320,714711480320,257821559.991710,enabled
1782985195.556,2026-07-02 09:39:55.558,buffer_pages0_read,7,7,0.002525,enabled
1782985195.556,2026-07-02 09:39:55.558,buffer_pages_created,1828171,1828171,659.485563,enabled
1782985195.556,2026-07-02 09:39:55.558,buffer_pages_read,100181309,100181309,36138.920579,enabled
1782985195.556,2026-07-02 09:39:55.558,buffer_pages_written,32474865,32474865,11714.825672,enabled
1782985195.556,2026-07-02 09:39:55.558,buffer_pool_bytes_data,12857917440,12857917440,0.000000,enabled
1782985195.556,2026-07-02 09:39:55.558,buffer_pool_bytes_dirty,4633100288,4633100288,0.000000,enabled
1782985195.556,2026-07-02 09:39:55.558,buffer_pool_pages_data,784785,784785,0.000000,enabled
1782985195.556,2026-07-02 09:39:55.558,buffer_pool_pages_dirty,282782,282782,0.000000,enabled
1782985195.556,2026-07-02 09:39:55.558,buffer_pool_pages_flushed,32417720,32417720,0.000000,enabled
1782985195.556,2026-07-02 09:39:55.558,buffer_pool_pages_free,1551,1551,0.000000,enabled
1782985195.556,2026-07-02 09:39:55.558,buffer_pool_pages_lru_flushed,0,0,0.000000,enabled
1782985195.556,2026-07-02 09:39:55.558,buffer_pool_pages_misc,97,97,0.000000,enabled
1782985195.556,2026-07-02 09:39:55.558,buffer_pool_pages_total,786432,786432,0.000000,enabled
1782985195.556,2026-07-02 09:39:55.558,buffer_pool_reads,99259065,99259065,35806.235948,enabled
1782985195.556,2026-07-02 09:39:55.558,buffer_pool_read_ahead,803715,803715,289.928266,enabled
1782985195.556,2026-07-02 09:39:55.558,buffer_pool_read_ahead_evicted,25,25,0.009018,enabled
1782985195.556,2026-07-02 09:39:55.558,buffer_pool_read_requests,3233790300,3233790300,1166541.896799,enabled
1782985195.556,2026-07-02 09:39:55.558,buffer_pool_size,12884901888,12884901888,0.000000,enabled
1782985195.556,2026-07-02 09:39:55.558,buffer_pool_wait_free,18945,18945,6.834128,enabled
1782985195.556,2026-07-02 09:39:55.558,buffer_pool_write_requests,653393775,653393775,235702.114331,enabled
1782985195.556,2026-07-02 09:39:55.558,dml_deletes,15205977,15205977,5485.329825,enabled
1782985195.556,2026-07-02 09:39:55.558,dml_inserts,115091384,115091384,41517.503393,enabled
1782985195.556,2026-07-02 09:39:55.558,dml_system_deletes,468,468,0.168824,enabled
1782985195.556,2026-07-02 09:39:55.558,dml_system_inserts,1202,1202,0.433604,enabled
1782985195.556,2026-07-02 09:39:55.558,dml_system_reads,7661,7661,2.763592,enabled
1782985195.556,2026-07-02 09:39:55.558,dml_system_updates,620,620,0.223656,enabled
1782985195.556,2026-07-02 09:39:55.558,dml_updates,30412087,30412087,10970.707619,enabled
1782985195.556,2026-07-02 09:39:55.558,file_num_open_files,35,35,0.000000,enabled
1782985195.556,2026-07-02 09:39:55.558,ibuf_merges,0,0,0.000000,enabled
1782985195.556,2026-07-02 09:39:55.558,ibuf_merges_delete,0,0,0.000000,enabled
1782985195.556,2026-07-02 09:39:55.558,ibuf_merges_delete_mark,0,0,0.000000,enabled
1782985195.556,2026-07-02 09:39:55.558,ibuf_merges_discard_delete,0,0,0.000000,enabled
1782985195.556,2026-07-02 09:39:55.558,ibuf_merges_discard_delete_mark,0,0,0.000000,enabled
1782985195.556,2026-07-02 09:39:55.558,ibuf_merges_discard_insert,0,0,0.000000,enabled
1782985195.556,2026-07-02 09:39:55.558,ibuf_merges_insert,0,0,0.000000,enabled
1782985195.556,2026-07-02 09:39:55.558,ibuf_size,1,1,0.000361,enabled
1782985195.556,2026-07-02 09:39:55.558,innodb_activity_count,20379220,20379220,7351.500317,enabled
1782985195.556,2026-07-02 09:39:55.558,innodb_dblwr_pages_written,32415245,32415245,11693.317143,enabled
1782985195.556,2026-07-02 09:39:55.558,innodb_dblwr_writes,676425,676425,244.010251,enabled
1782985195.556,2026-07-02 09:39:55.558,innodb_page_size,16384,16384,0.000000,enabled
1782985195.556,2026-07-02 09:39:55.558,innodb_rwlock_sx_os_waits,0,0,0.000000,enabled
1782985195.556,2026-07-02 09:39:55.558,innodb_rwlock_sx_spin_rounds,0,0,0.000000,enabled
1782985195.556,2026-07-02 09:39:55.558,innodb_rwlock_sx_spin_waits,0,0,0.000000,enabled
1782985195.556,2026-07-02 09:39:55.558,innodb_rwlock_s_os_waits,0,0,0.000000,enabled
1782985195.556,2026-07-02 09:39:55.558,innodb_rwlock_s_spin_rounds,0,0,0.000000,enabled
1782985195.556,2026-07-02 09:39:55.558,innodb_rwlock_s_spin_waits,0,0,0.000000,enabled
1782985195.556,2026-07-02 09:39:55.558,innodb_rwlock_x_os_waits,0,0,0.000000,enabled
1782985195.556,2026-07-02 09:39:55.558,innodb_rwlock_x_spin_rounds,0,0,0.000000,enabled
1782985195.556,2026-07-02 09:39:55.558,innodb_rwlock_x_spin_waits,0,0,0.000000,enabled
1782985195.556,2026-07-02 09:39:55.558,lock_deadlocks,0,0,0.000000,enabled
1782985195.556,2026-07-02 09:39:55.558,lock_deadlock_false_positives,0,0,0.000000,enabled
1782985195.556,2026-07-02 09:39:55.558,lock_deadlock_rounds,3009,3009,1.085452,enabled
1782985195.556,2026-07-02 09:39:55.558,lock_rec_grant_attempts,425,425,0.153312,enabled
1782985195.556,2026-07-02 09:39:55.558,lock_rec_release_attempts,46219861,46219861,16673.129710,enabled
1782985195.556,2026-07-02 09:39:55.558,lock_row_lock_current_waits,0,0,0.000000,enabled
1782985195.556,2026-07-02 09:39:55.558,lock_row_lock_time,323,323,0.116517,enabled
1782985195.556,2026-07-02 09:39:55.558,lock_row_lock_time_avg,0,0,0.000000,enabled
1782985195.556,2026-07-02 09:39:55.558,lock_row_lock_time_max,29,29,0.000000,enabled
1782985195.556,2026-07-02 09:39:55.558,lock_row_lock_waits,425,425,0.153312,enabled
1782985195.556,2026-07-02 09:39:55.558,lock_schedule_refreshes,3009,3009,1.085452,enabled
1782985195.556,2026-07-02 09:39:55.558,lock_threads_waiting,0,0,0.000000,enabled
1782985195.556,2026-07-02 09:39:55.558,lock_timeouts,0,0,0.000000,enabled
1782985195.556,2026-07-02 09:39:55.558,log_waits,0,0,0.000000,enabled
1782985195.556,2026-07-02 09:39:55.558,log_writes,233455452,233455452,84215.583023,enabled
1782985195.556,2026-07-02 09:39:55.558,log_write_requests,443205449,443205449,159879.775715,enabled
1782985195.556,2026-07-02 09:39:55.558,os_data_fsyncs,69500416,69500416,25071.242313,enabled
1782985195.556,2026-07-02 09:39:55.558,os_data_reads,100197329,100197329,36144.697577,enabled
1782985195.556,2026-07-02 09:39:55.558,os_data_writes,266832744,266832744,96255.947395,enabled
1782985195.556,2026-07-02 09:39:55.558,os_log_bytes_written,144473016320,144473016320,52116493.723016,enabled
1782985195.556,2026-07-02 09:39:55.558,os_log_fsyncs,60470072,60470072,21813.679855,enabled
1782985195.556,2026-07-02 09:39:55.558,os_log_pending_fsyncs,1,1,0.000361,enabled
1782985195.556,2026-07-02 09:39:55.558,os_log_pending_writes,0,0,0.000000,enabled
1782985195.556,2026-07-02 09:39:55.558,trx_rseg_history_len,1099,1099,0.000000,enabled
1782985196.629,2026-07-02 09:39:56.631,adaptive_hash_searches,0,0,0.000000,enabled
1782985196.629,2026-07-02 09:39:56.631,adaptive_hash_searches_btree,669528124,669528124,241429.091814,enabled
1782985196.629,2026-07-02 09:39:56.631,buffer_data_reads,1637709580800,1637709580800,590551413.586439,enabled
1782985196.629,2026-07-02 09:39:56.631,buffer_data_written,715026399744,715026399744,257835611.215913,enabled
1782985196.629,2026-07-02 09:39:56.631,buffer_pages0_read,7,7,0.002524,enabled
1782985196.629,2026-07-02 09:39:56.631,buffer_pages_created,1828203,1828203,659.242570,enabled
1782985196.629,2026-07-02 09:39:56.631,buffer_pages_read,100239792,100239792,36146.061331,enabled
1782985196.629,2026-07-02 09:39:56.631,buffer_pages_written,32491152,32491152,11716.177305,enabled
1782985196.629,2026-07-02 09:39:56.631,buffer_pool_bytes_data,12862537728,12862537728,0.000000,enabled
1782985196.629,2026-07-02 09:39:56.631,buffer_pool_bytes_dirty,4641488896,4641488896,0.000000,enabled
1782985196.629,2026-07-02 09:39:56.631,buffer_pool_pages_data,785067,785067,0.000000,enabled
1782985196.629,2026-07-02 09:39:56.631,buffer_pool_pages_dirty,283294,283294,0.000000,enabled
1782985196.629,2026-07-02 09:39:56.631,buffer_pool_pages_flushed,32434038,32434038,0.000000,enabled
1782985196.629,2026-07-02 09:39:56.631,buffer_pool_pages_free,1269,1269,0.000000,enabled
1782985196.629,2026-07-02 09:39:56.631,buffer_pool_pages_lru_flushed,0,0,0.000000,enabled
1782985196.629,2026-07-02 09:39:56.631,buffer_pool_pages_misc,96,96,0.000000,enabled
1782985196.629,2026-07-02 09:39:56.631,buffer_pool_pages_total,786432,786432,0.000000,enabled
1782985196.629,2026-07-02 09:39:56.631,buffer_pool_reads,99317504,99317504,35813.489036,enabled
1782985196.629,2026-07-02 09:39:56.631,buffer_pool_read_ahead,803715,803715,289.816366,enabled
1782985196.629,2026-07-02 09:39:56.631,buffer_pool_read_ahead_evicted,25,25,0.009015,enabled
1782985196.629,2026-07-02 09:39:56.631,buffer_pool_read_requests,3234642876,3234642876,1166399.094129,enabled
1782985196.629,2026-07-02 09:39:56.631,buffer_pool_size,12884901888,12884901888,0.000000,enabled
1782985196.629,2026-07-02 09:39:56.631,buffer_pool_wait_free,18945,18945,6.831490,enabled
1782985196.629,2026-07-02 09:39:56.631,buffer_pool_write_requests,653510721,653510721,235653.313727,enabled
1782985196.629,2026-07-02 09:39:56.631,dml_deletes,15210943,15210943,5485.003442,enabled
1782985196.629,2026-07-02 09:39:56.631,dml_inserts,115096352,115096352,41503.270858,enabled
1782985196.629,2026-07-02 09:39:56.631,dml_system_deletes,468,468,0.168759,enabled
1782985196.629,2026-07-02 09:39:56.631,dml_system_inserts,1202,1202,0.433436,enabled
1782985196.629,2026-07-02 09:39:56.631,dml_system_reads,7661,7661,2.762525,enabled
1782985196.629,2026-07-02 09:39:56.631,dml_system_updates,620,620,0.223569,enabled
1782985196.629,2026-07-02 09:39:56.631,dml_updates,30422023,30422023,10970.056274,enabled
1782985196.629,2026-07-02 09:39:56.631,file_num_open_files,35,35,0.000000,enabled
1782985196.629,2026-07-02 09:39:56.631,ibuf_merges,0,0,0.000000,enabled
1782985196.629,2026-07-02 09:39:56.631,ibuf_merges_delete,0,0,0.000000,enabled
1782985196.629,2026-07-02 09:39:56.631,ibuf_merges_delete_mark,0,0,0.000000,enabled
1782985196.629,2026-07-02 09:39:56.631,ibuf_merges_discard_delete,0,0,0.000000,enabled
1782985196.629,2026-07-02 09:39:56.631,ibuf_merges_discard_delete_mark,0,0,0.000000,enabled
1782985196.629,2026-07-02 09:39:56.631,ibuf_merges_discard_insert,0,0,0.000000,enabled
1782985196.629,2026-07-02 09:39:56.631,ibuf_merges_insert,0,0,0.000000,enabled
1782985196.629,2026-07-02 09:39:56.631,ibuf_size,1,1,0.000361,enabled
1782985196.629,2026-07-02 09:39:56.631,innodb_activity_count,20384936,20384936,7350.724126,enabled
1782985196.629,2026-07-02 09:39:56.631,innodb_dblwr_pages_written,32431524,32431524,11694.674170,enabled
1782985196.629,2026-07-02 09:39:56.631,innodb_dblwr_writes,676765,676765,244.038676,enabled
1782985196.629,2026-07-02 09:39:56.631,innodb_page_size,16384,16384,0.000000,enabled
1782985196.629,2026-07-02 09:39:56.631,innodb_rwlock_sx_os_waits,0,0,0.000000,enabled
1782985196.629,2026-07-02 09:39:56.631,innodb_rwlock_sx_spin_rounds,0,0,0.000000,enabled
1782985196.629,2026-07-02 09:39:56.631,innodb_rwlock_sx_spin_waits,0,0,0.000000,enabled
1782985196.629,2026-07-02 09:39:56.631,innodb_rwlock_s_os_waits,0,0,0.000000,enabled
1782985196.629,2026-07-02 09:39:56.631,innodb_rwlock_s_spin_rounds,0,0,0.000000,enabled
1782985196.629,2026-07-02 09:39:56.631,innodb_rwlock_s_spin_waits,0,0,0.000000,enabled
1782985196.629,2026-07-02 09:39:56.631,innodb_rwlock_x_os_waits,0,0,0.000000,enabled
1782985196.629,2026-07-02 09:39:56.631,innodb_rwlock_x_spin_rounds,0,0,0.000000,enabled
1782985196.629,2026-07-02 09:39:56.631,innodb_rwlock_x_spin_waits,0,0,0.000000,enabled
1782985196.629,2026-07-02 09:39:56.631,lock_deadlocks,0,0,0.000000,enabled
1782985196.629,2026-07-02 09:39:56.631,lock_deadlock_false_positives,0,0,0.000000,enabled
1782985196.629,2026-07-02 09:39:56.631,lock_deadlock_rounds,3010,3010,1.085394,enabled
1782985196.629,2026-07-02 09:39:56.631,lock_rec_grant_attempts,425,425,0.153253,enabled
1782985196.629,2026-07-02 09:39:56.631,lock_rec_release_attempts,46234955,46234955,16672.137378,enabled
1782985196.629,2026-07-02 09:39:56.631,lock_row_lock_current_waits,0,0,0.000000,enabled
1782985196.629,2026-07-02 09:39:56.631,lock_row_lock_time,323,323,0.116472,enabled
1782985196.629,2026-07-02 09:39:56.631,lock_row_lock_time_avg,0,0,0.000000,enabled
1782985196.629,2026-07-02 09:39:56.631,lock_row_lock_time_max,29,29,0.000000,enabled
1782985196.629,2026-07-02 09:39:56.631,lock_row_lock_waits,425,425,0.153253,enabled
1782985196.629,2026-07-02 09:39:56.631,lock_schedule_refreshes,3010,3010,1.085394,enabled
1782985196.629,2026-07-02 09:39:56.631,lock_threads_waiting,0,0,0.000000,enabled
1782985196.629,2026-07-02 09:39:56.631,lock_timeouts,0,0,0.000000,enabled
1782985196.629,2026-07-02 09:39:56.631,log_waits,0,0,0.000000,enabled
1782985196.629,2026-07-02 09:39:56.631,log_writes,233536168,233536168,84212.185412,enabled
1782985196.629,2026-07-02 09:39:56.631,log_write_requests,443290665,443290665,159848.797826,enabled
1782985196.629,2026-07-02 09:39:56.631,os_data_fsyncs,69535405,69535405,25074.182832,enabled
1782985196.629,2026-07-02 09:39:56.631,os_data_reads,100255597,100255597,36151.758557,enabled
1782985196.629,2026-07-02 09:39:56.631,os_data_writes,266929943,266929943,96253.846491,enabled
1782985196.629,2026-07-02 09:39:56.631,os_log_bytes_written,144515206144,144515206144,52111592.575955,enabled
1782985196.629,2026-07-02 09:39:56.631,os_log_fsyncs,60500271,60500271,21816.150393,enabled
1782985196.629,2026-07-02 09:39:56.631,os_log_pending_fsyncs,1,1,0.000361,enabled
1782985196.629,2026-07-02 09:39:56.631,os_log_pending_writes,1,1,0.000361,enabled
1782985196.629,2026-07-02 09:39:56.631,trx_rseg_history_len,352,352,0.000000,enabled
1782985197.699,2026-07-02 09:39:57.701,adaptive_hash_searches,0,0,0.000000,enabled
1782985197.699,2026-07-02 09:39:57.701,adaptive_hash_searches_btree,669698290,669698290,241397.205986,enabled
1782985197.699,2026-07-02 09:39:57.701,buffer_data_reads,1638654429696,1638654429696,590663950.899853,enabled
1782985197.699,2026-07-02 09:39:57.701,buffer_data_written,715341247488,715341247488,257849537.738228,enabled
1782985197.699,2026-07-02 09:39:57.701,buffer_pages0_read,7,7,0.002523,enabled
1782985197.699,2026-07-02 09:39:57.701,buffer_pages_created,1828234,1828234,658.999180,enabled
1782985197.699,2026-07-02 09:39:57.701,buffer_pages_read,100297612,100297612,36152.945236,enabled
1782985197.699,2026-07-02 09:39:57.701,buffer_pages_written,32507408,32507408,11717.512718,enabled
1782985197.699,2026-07-02 09:39:57.701,buffer_pool_bytes_data,12860260352,12860260352,0.000000,enabled
1782985197.699,2026-07-02 09:39:57.701,buffer_pool_bytes_dirty,4645666816,4645666816,0.000000,enabled
1782985197.699,2026-07-02 09:39:57.701,buffer_pool_pages_data,784930,784930,0.000000,enabled
1782985197.699,2026-07-02 09:39:57.701,buffer_pool_pages_dirty,283549,283549,0.000000,enabled
1782985197.699,2026-07-02 09:39:57.701,buffer_pool_pages_flushed,32450294,32450294,0.000000,enabled
1782985197.699,2026-07-02 09:39:57.701,buffer_pool_pages_free,1411,1411,0.000000,enabled
1782985197.699,2026-07-02 09:39:57.701,buffer_pool_pages_lru_flushed,0,0,0.000000,enabled
1782985197.699,2026-07-02 09:39:57.701,buffer_pool_pages_misc,96,96,0.000000,enabled
1782985197.699,2026-07-02 09:39:57.701,buffer_pool_pages_total,786432,786432,0.000000,enabled
1782985197.699,2026-07-02 09:39:57.701,buffer_pool_reads,99375262,99375262,35820.479002,enabled
1782985197.699,2026-07-02 09:39:57.701,buffer_pool_read_ahead,803715,803715,289.704454,enabled
1782985197.699,2026-07-02 09:39:57.701,buffer_pool_read_ahead_evicted,25,25,0.009011,enabled
1782985197.699,2026-07-02 09:39:57.701,buffer_pool_read_requests,3235486762,3235486762,1166252.875434,enabled
1782985197.699,2026-07-02 09:39:57.701,buffer_pool_size,12884901888,12884901888,0.000000,enabled
1782985197.699,2026-07-02 09:39:57.701,buffer_pool_wait_free,18945,18945,6.828852,enabled
1782985197.699,2026-07-02 09:39:57.701,buffer_pool_write_requests,653624934,653624934,235603.485437,enabled
1782985197.699,2026-07-02 09:39:57.701,dml_deletes,15215867,15215867,5484.660400,enabled
1782985197.699,2026-07-02 09:39:57.701,dml_inserts,115101274,115101274,41489.019459,enabled
1782985197.699,2026-07-02 09:39:57.701,dml_system_deletes,468,468,0.168694,enabled
1782985197.699,2026-07-02 09:39:57.701,dml_system_inserts,1202,1202,0.433269,enabled
1782985197.699,2026-07-02 09:39:57.701,dml_system_reads,7661,7661,2.761458,enabled
1782985197.699,2026-07-02 09:39:57.701,dml_system_updates,620,620,0.223483,enabled
1782985197.699,2026-07-02 09:39:57.701,dml_updates,30431876,30431876,10969.371976,enabled
1782985197.699,2026-07-02 09:39:57.701,file_num_open_files,35,35,0.000000,enabled
1782985197.699,2026-07-02 09:39:57.701,ibuf_merges,0,0,0.000000,enabled
1782985197.699,2026-07-02 09:39:57.701,ibuf_merges_delete,0,0,0.000000,enabled
1782985197.699,2026-07-02 09:39:57.701,ibuf_merges_delete_mark,0,0,0.000000,enabled
1782985197.699,2026-07-02 09:39:57.701,ibuf_merges_discard_delete,0,0,0.000000,enabled
1782985197.699,2026-07-02 09:39:57.701,ibuf_merges_discard_delete_mark,0,0,0.000000,enabled
1782985197.699,2026-07-02 09:39:57.701,ibuf_merges_discard_insert,0,0,0.000000,enabled
1782985197.699,2026-07-02 09:39:57.701,ibuf_merges_insert,0,0,0.000000,enabled
1782985197.699,2026-07-02 09:39:57.701,ibuf_size,1,1,0.000360,enabled
1782985197.699,2026-07-02 09:39:57.701,innodb_activity_count,20390590,20390590,7349.923815,enabled
1782985197.699,2026-07-02 09:39:57.701,innodb_dblwr_pages_written,32447780,32447780,11696.018103,enabled
1782985197.699,2026-07-02 09:39:57.701,innodb_dblwr_writes,677147,677147,244.082140,enabled
1782985197.699,2026-07-02 09:39:57.701,innodb_page_size,16384,16384,0.000000,enabled
1782985197.699,2026-07-02 09:39:57.701,innodb_rwlock_sx_os_waits,0,0,0.000000,enabled
1782985197.699,2026-07-02 09:39:57.701,innodb_rwlock_sx_spin_rounds,0,0,0.000000,enabled
1782985197.699,2026-07-02 09:39:57.701,innodb_rwlock_sx_spin_waits,0,0,0.000000,enabled
1782985197.699,2026-07-02 09:39:57.701,innodb_rwlock_s_os_waits,0,0,0.000000,enabled
1782985197.699,2026-07-02 09:39:57.701,innodb_rwlock_s_spin_rounds,0,0,0.000000,enabled
1782985197.699,2026-07-02 09:39:57.701,innodb_rwlock_s_spin_waits,0,0,0.000000,enabled
1782985197.699,2026-07-02 09:39:57.701,innodb_rwlock_x_os_waits,0,0,0.000000,enabled
1782985197.699,2026-07-02 09:39:57.701,innodb_rwlock_x_spin_rounds,0,0,0.000000,enabled
1782985197.699,2026-07-02 09:39:57.701,innodb_rwlock_x_spin_waits,0,0,0.000000,enabled
1782985197.699,2026-07-02 09:39:57.701,lock_deadlocks,0,0,0.000000,enabled
1782985197.699,2026-07-02 09:39:57.701,lock_deadlock_false_positives,0,0,0.000000,enabled
1782985197.699,2026-07-02 09:39:57.701,lock_deadlock_rounds,3011,3011,1.085335,enabled
1782985197.699,2026-07-02 09:39:57.701,lock_rec_grant_attempts,425,425,0.153194,enabled
1782985197.699,2026-07-02 09:39:57.701,lock_rec_release_attempts,46249943,46249943,16671.101987,enabled
1782985197.699,2026-07-02 09:39:57.701,lock_row_lock_current_waits,0,0,0.000000,enabled
1782985197.699,2026-07-02 09:39:57.701,lock_row_lock_time,323,323,0.116428,enabled
1782985197.699,2026-07-02 09:39:57.701,lock_row_lock_time_avg,0,0,0.000000,enabled
1782985197.699,2026-07-02 09:39:57.701,lock_row_lock_time_max,29,29,0.000000,enabled
1782985197.699,2026-07-02 09:39:57.701,lock_row_lock_waits,425,425,0.153194,enabled
1782985197.699,2026-07-02 09:39:57.701,lock_schedule_refreshes,3011,3011,1.085335,enabled
1782985197.699,2026-07-02 09:39:57.701,lock_threads_waiting,0,0,0.000000,enabled
1782985197.699,2026-07-02 09:39:57.701,lock_timeouts,0,0,0.000000,enabled
1782985197.699,2026-07-02 09:39:57.701,log_waits,0,0,0.000000,enabled
1782985197.699,2026-07-02 09:39:57.701,log_writes,233617418,233617418,84208.955275,enabled
1782985197.699,2026-07-02 09:39:57.701,log_write_requests,443374650,443374650,159817.347571,enabled
1782985197.699,2026-07-02 09:39:57.701,os_data_fsyncs,69570641,69570641,25077.201775,enabled
1782985197.699,2026-07-02 09:39:57.701,os_data_reads,100313278,100313278,36158.590467,enabled
1782985197.699,2026-07-02 09:39:57.701,os_data_writes,267027758,267027758,96251.937238,enabled
1782985197.699,2026-07-02 09:39:57.701,os_log_bytes_written,144557619712,144557619712,52106758.544255,enabled
1782985197.699,2026-07-02 09:39:57.701,os_log_fsyncs,60530350,60530350,21818.568516,enabled
1782985197.699,2026-07-02 09:39:57.701,os_log_pending_fsyncs,1,1,0.000360,enabled
1782985197.699,2026-07-02 09:39:57.701,os_log_pending_writes,1,1,0.000360,enabled
1782985197.699,2026-07-02 09:39:57.701,trx_rseg_history_len,49,49,0.000000,enabled
1782985198.770,2026-07-02 09:39:58.772,adaptive_hash_searches,0,0,0.000000,enabled
1782985198.770,2026-07-02 09:39:58.772,adaptive_hash_searches_btree,669868972,669868972,241365.454572,enabled
1782985198.770,2026-07-02 09:39:58.772,buffer_data_reads,1639605127680,1639605127680,590778341.386373,enabled
1782985198.770,2026-07-02 09:39:58.772,buffer_data_written,715657628160,715657628160,257863932.691781,enabled
1782985198.770,2026-07-02 09:39:58.772,buffer_pages0_read,7,7,0.002522,enabled
1782985198.770,2026-07-02 09:39:58.772,buffer_pages_created,1828274,1828274,658.759033,enabled
1782985198.770,2026-07-02 09:39:58.772,buffer_pages_read,100355785,100355785,36159.940767,enabled
1782985198.770,2026-07-02 09:39:58.772,buffer_pages_written,32523764,32523764,11718.879814,enabled
1782985198.770,2026-07-02 09:39:58.772,buffer_pool_bytes_data,12852133888,12852133888,0.000000,enabled
1782985198.770,2026-07-02 09:39:58.772,buffer_pool_bytes_dirty,4652072960,4652072960,0.000000,enabled
1782985198.770,2026-07-02 09:39:58.772,buffer_pool_pages_data,784432,784432,0.000000,enabled
1782985198.770,2026-07-02 09:39:58.772,buffer_pool_pages_dirty,283940,283940,0.000000,enabled
1782985198.770,2026-07-02 09:39:58.772,buffer_pool_pages_flushed,32466650,32466650,0.000000,enabled
1782985198.770,2026-07-02 09:39:58.772,buffer_pool_pages_free,1907,1907,0.000000,enabled
1782985198.770,2026-07-02 09:39:58.772,buffer_pool_pages_lru_flushed,0,0,0.000000,enabled
1782985198.770,2026-07-02 09:39:58.772,buffer_pool_pages_misc,96,96,0.000000,enabled
1782985198.770,2026-07-02 09:39:58.772,buffer_pool_pages_total,786432,786432,0.000000,enabled
1782985198.770,2026-07-02 09:39:58.772,buffer_pool_reads,99433382,99433382,35827.583874,enabled
1782985198.770,2026-07-02 09:39:58.772,buffer_pool_read_ahead,803715,803715,289.592547,enabled
1782985198.770,2026-07-02 09:39:58.772,buffer_pool_read_ahead_evicted,25,25,0.009008,enabled
1782985198.770,2026-07-02 09:39:58.772,buffer_pool_read_requests,3236331884,3236331884,1166106.887251,enabled
1782985198.770,2026-07-02 09:39:58.772,buffer_pool_size,12884901888,12884901888,0.000000,enabled
1782985198.770,2026-07-02 09:39:58.772,buffer_pool_wait_free,18945,18945,6.826214,enabled
1782985198.770,2026-07-02 09:39:58.772,buffer_pool_write_requests,653738723,653738723,235553.476637,enabled
1782985198.770,2026-07-02 09:39:58.772,dml_deletes,15220806,15220806,5484.321301,enabled
1782985198.770,2026-07-02 09:39:58.772,dml_inserts,115106214,115106214,41474.772214,enabled
1782985198.770,2026-07-02 09:39:58.772,dml_system_deletes,468,468,0.168629,enabled
1782985198.770,2026-07-02 09:39:58.772,dml_system_inserts,1202,1202,0.433102,enabled
1782985198.770,2026-07-02 09:39:58.772,dml_system_reads,7661,7661,2.760392,enabled
1782985198.770,2026-07-02 09:39:58.772,dml_system_updates,620,620,0.223397,enabled
1782985198.770,2026-07-02 09:39:58.772,dml_updates,30441750,30441750,10968.692316,enabled
1782985198.770,2026-07-02 09:39:58.772,file_num_open_files,35,35,0.000000,enabled
1782985198.770,2026-07-02 09:39:58.772,ibuf_merges,0,0,0.000000,enabled
1782985198.770,2026-07-02 09:39:58.772,ibuf_merges_delete,0,0,0.000000,enabled
1782985198.770,2026-07-02 09:39:58.772,ibuf_merges_delete_mark,0,0,0.000000,enabled
1782985198.770,2026-07-02 09:39:58.772,ibuf_merges_discard_delete,0,0,0.000000,enabled
1782985198.770,2026-07-02 09:39:58.772,ibuf_merges_discard_delete_mark,0,0,0.000000,enabled
1782985198.770,2026-07-02 09:39:58.772,ibuf_merges_discard_insert,0,0,0.000000,enabled
1782985198.770,2026-07-02 09:39:58.772,ibuf_merges_insert,0,0,0.000000,enabled
1782985198.770,2026-07-02 09:39:58.772,ibuf_size,1,1,0.000360,enabled
1782985198.770,2026-07-02 09:39:58.772,innodb_activity_count,20396266,20396266,7349.129712,enabled
1782985198.770,2026-07-02 09:39:58.772,innodb_dblwr_pages_written,32464136,32464136,11697.393290,enabled
1782985198.770,2026-07-02 09:39:58.772,innodb_dblwr_writes,677501,677501,244.115403,enabled
1782985198.770,2026-07-02 09:39:58.772,innodb_page_size,16384,16384,0.000000,enabled
1782985198.770,2026-07-02 09:39:58.772,innodb_rwlock_sx_os_waits,0,0,0.000000,enabled
1782985198.770,2026-07-02 09:39:58.772,innodb_rwlock_sx_spin_rounds,0,0,0.000000,enabled
1782985198.770,2026-07-02 09:39:58.772,innodb_rwlock_sx_spin_waits,0,0,0.000000,enabled
1782985198.770,2026-07-02 09:39:58.772,innodb_rwlock_s_os_waits,0,0,0.000000,enabled
1782985198.770,2026-07-02 09:39:58.772,innodb_rwlock_s_spin_rounds,0,0,0.000000,enabled
1782985198.770,2026-07-02 09:39:58.772,innodb_rwlock_s_spin_waits,0,0,0.000000,enabled
1782985198.770,2026-07-02 09:39:58.772,innodb_rwlock_x_os_waits,0,0,0.000000,enabled
1782985198.770,2026-07-02 09:39:58.772,innodb_rwlock_x_spin_rounds,0,0,0.000000,enabled
1782985198.770,2026-07-02 09:39:58.772,innodb_rwlock_x_spin_waits,0,0,0.000000,enabled
1782985198.770,2026-07-02 09:39:58.772,lock_deadlocks,0,0,0.000000,enabled
1782985198.770,2026-07-02 09:39:58.772,lock_deadlock_false_positives,0,0,0.000000,enabled
1782985198.770,2026-07-02 09:39:58.772,lock_deadlock_rounds,3012,3012,1.085276,enabled
1782985198.770,2026-07-02 09:39:58.772,lock_rec_grant_attempts,425,425,0.153135,enabled
1782985198.770,2026-07-02 09:39:58.772,lock_rec_release_attempts,46264957,46264957,16670.072062,enabled
1782985198.770,2026-07-02 09:39:58.772,lock_row_lock_current_waits,0,0,0.000000,enabled
1782985198.770,2026-07-02 09:39:58.772,lock_row_lock_time,323,323,0.116383,enabled
1782985198.770,2026-07-02 09:39:58.772,lock_row_lock_time_avg,0,0,0.000000,enabled
1782985198.770,2026-07-02 09:39:58.772,lock_row_lock_time_max,29,29,0.000000,enabled
1782985198.770,2026-07-02 09:39:58.772,lock_row_lock_waits,425,425,0.153135,enabled
1782985198.770,2026-07-02 09:39:58.772,lock_schedule_refreshes,3012,3012,1.085276,enabled
1782985198.770,2026-07-02 09:39:58.772,lock_threads_waiting,0,0,0.000000,enabled
1782985198.770,2026-07-02 09:39:58.772,lock_timeouts,0,0,0.000000,enabled
1782985198.770,2026-07-02 09:39:58.772,log_waits,0,0,0.000000,enabled
1782985198.770,2026-07-02 09:39:58.772,log_writes,233698547,233698547,84205.658360,enabled
1782985198.770,2026-07-02 09:39:58.772,log_write_requests,443458451,443458451,159785.806657,enabled
1782985198.770,2026-07-02 09:39:58.772,os_data_fsyncs,69605883,69605883,25080.213068,enabled
1782985198.770,2026-07-02 09:39:58.772,os_data_reads,100371299,100371299,36165.528824,enabled
1782985198.770,2026-07-02 09:39:58.772,os_data_writes,267125492,267125492,96249.971560,enabled
1782985198.770,2026-07-02 09:39:58.772,os_log_bytes_written,144599906304,144599906304,52101866.935093,enabled
1782985198.770,2026-07-02 09:39:58.772,os_log_fsyncs,60560585,60560585,21821.034466,enabled
1782985198.770,2026-07-02 09:39:58.772,os_log_pending_fsyncs,1,1,0.000360,enabled
1782985198.770,2026-07-02 09:39:58.772,os_log_pending_writes,0,0,0.000000,enabled
1782985198.770,2026-07-02 09:39:58.772,trx_rseg_history_len,189,189,0.000000,enabled
1782985199.842,2026-07-02 09:39:59.844,adaptive_hash_searches,0,0,0.000000,enabled
1782985199.842,2026-07-02 09:39:59.844,adaptive_hash_searches_btree,670039665,670039665,241333.757664,enabled
1782985199.842,2026-07-02 09:39:59.844,buffer_data_reads,1640557513216,1640557513216,590893302.117558,enabled
1782985199.842,2026-07-02 09:39:59.844,buffer_data_written,715975997952,715975997952,257879055.071426,enabled
1782985199.842,2026-07-02 09:39:59.844,buffer_pages0_read,7,7,0.002521,enabled
1782985199.842,2026-07-02 09:39:59.844,buffer_pages_created,1828305,1828305,658.515887,enabled
1782985199.842,2026-07-02 09:39:59.844,buffer_pages_read,100414077,100414077,36166.976862,enabled
1782985199.842,2026-07-02 09:39:59.844,buffer_pages_written,32540211,32540211,11720.279633,enabled
1782985199.842,2026-07-02 09:39:59.844,buffer_pool_bytes_data,12856066048,12856066048,0.000000,enabled
1782985199.842,2026-07-02 09:39:59.844,buffer_pool_bytes_dirty,4655136768,4655136768,0.000000,enabled
1782985199.842,2026-07-02 09:39:59.844,buffer_pool_pages_data,784672,784672,0.000000,enabled
1782985199.842,2026-07-02 09:39:59.844,buffer_pool_pages_dirty,284127,284127,0.000000,enabled
1782985199.842,2026-07-02 09:39:59.844,buffer_pool_pages_flushed,32483024,32483024,0.000000,enabled
1782985199.842,2026-07-02 09:39:59.844,buffer_pool_pages_free,1664,1664,0.000000,enabled
1782985199.842,2026-07-02 09:39:59.844,buffer_pool_pages_lru_flushed,0,0,0.000000,enabled
1782985199.842,2026-07-02 09:39:59.844,buffer_pool_pages_misc,96,96,0.000000,enabled
1782985199.842,2026-07-02 09:39:59.844,buffer_pool_pages_total,786432,786432,0.000000,enabled
1782985199.842,2026-07-02 09:39:59.844,buffer_pool_reads,99491605,99491605,35834.723422,enabled
1782985199.842,2026-07-02 09:39:59.844,buffer_pool_read_ahead,803715,803715,289.480751,enabled
1782985199.842,2026-07-02 09:39:59.844,buffer_pool_read_ahead_evicted,25,25,0.009004,enabled
1782985199.842,2026-07-02 09:39:59.844,buffer_pool_read_requests,3237177276,3237177276,1165961.207128,enabled
1782985199.842,2026-07-02 09:39:59.844,buffer_pool_size,12884901888,12884901888,0.000000,enabled
1782985199.842,2026-07-02 09:39:59.844,buffer_pool_wait_free,18945,18945,6.823579,enabled
1782985199.842,2026-07-02 09:39:59.844,buffer_pool_write_requests,653852692,653852692,235503.591082,enabled
1782985199.842,2026-07-02 09:39:59.844,dml_deletes,15225753,15225753,5483.985948,enabled
1782985199.842,2026-07-02 09:39:59.844,dml_inserts,115111162,115111162,41460.543549,enabled
1782985199.842,2026-07-02 09:39:59.844,dml_system_deletes,468,468,0.168563,enabled
1782985199.842,2026-07-02 09:39:59.844,dml_system_inserts,1202,1202,0.432934,enabled
1782985199.842,2026-07-02 09:39:59.844,dml_system_reads,7661,7661,2.759326,enabled
1782985199.842,2026-07-02 09:39:59.844,dml_system_updates,620,620,0.223311,enabled
1782985199.842,2026-07-02 09:39:59.844,dml_updates,30451644,30451644,10968.021594,enabled
1782985199.842,2026-07-02 09:39:59.844,file_num_open_files,35,35,0.000000,enabled
1782985199.842,2026-07-02 09:39:59.844,ibuf_merges,0,0,0.000000,enabled
1782985199.842,2026-07-02 09:39:59.844,ibuf_merges_delete,0,0,0.000000,enabled
1782985199.842,2026-07-02 09:39:59.844,ibuf_merges_delete_mark,0,0,0.000000,enabled
1782985199.842,2026-07-02 09:39:59.844,ibuf_merges_discard_delete,0,0,0.000000,enabled
1782985199.842,2026-07-02 09:39:59.844,ibuf_merges_discard_delete_mark,0,0,0.000000,enabled
1782985199.842,2026-07-02 09:39:59.844,ibuf_merges_discard_insert,0,0,0.000000,enabled
1782985199.842,2026-07-02 09:39:59.844,ibuf_merges_insert,0,0,0.000000,enabled
1782985199.842,2026-07-02 09:39:59.844,ibuf_size,1,1,0.000360,enabled
1782985199.842,2026-07-02 09:39:59.844,innodb_activity_count,20401952,20401952,7348.340630,enabled
1782985199.842,2026-07-02 09:39:59.844,innodb_dblwr_pages_written,32480510,32480510,11698.775202,enabled
1782985199.842,2026-07-02 09:39:59.844,innodb_dblwr_writes,677876,677876,244.156232,enabled
1782985199.842,2026-07-02 09:39:59.844,innodb_page_size,16384,16384,0.000000,enabled
1782985199.842,2026-07-02 09:39:59.844,innodb_rwlock_sx_os_waits,0,0,0.000000,enabled
1782985199.842,2026-07-02 09:39:59.844,innodb_rwlock_sx_spin_rounds,0,0,0.000000,enabled
1782985199.842,2026-07-02 09:39:59.844,innodb_rwlock_sx_spin_waits,0,0,0.000000,enabled
1782985199.842,2026-07-02 09:39:59.844,innodb_rwlock_s_os_waits,0,0,0.000000,enabled
1782985199.842,2026-07-02 09:39:59.844,innodb_rwlock_s_spin_rounds,0,0,0.000000,enabled
1782985199.842,2026-07-02 09:39:59.844,innodb_rwlock_s_spin_waits,0,0,0.000000,enabled
1782985199.842,2026-07-02 09:39:59.844,innodb_rwlock_x_os_waits,0,0,0.000000,enabled
1782985199.842,2026-07-02 09:39:59.844,innodb_rwlock_x_spin_rounds,0,0,0.000000,enabled
1782985199.842,2026-07-02 09:39:59.844,innodb_rwlock_x_spin_waits,0,0,0.000000,enabled
1782985199.842,2026-07-02 09:39:59.844,lock_deadlocks,0,0,0.000000,enabled
1782985199.842,2026-07-02 09:39:59.844,lock_deadlock_false_positives,0,0,0.000000,enabled
1782985199.842,2026-07-02 09:39:59.844,lock_deadlock_rounds,3013,3013,1.085217,enabled
1782985199.842,2026-07-02 09:39:59.844,lock_rec_grant_attempts,425,425,0.153076,enabled
1782985199.842,2026-07-02 09:39:59.844,lock_rec_release_attempts,46280010,46280010,16669.058420,enabled
1782985199.842,2026-07-02 09:39:59.844,lock_row_lock_current_waits,0,0,0.000000,enabled
1782985199.842,2026-07-02 09:39:59.844,lock_row_lock_time,323,323,0.116338,enabled
1782985199.842,2026-07-02 09:39:59.844,lock_row_lock_time_avg,0,0,0.000000,enabled
1782985199.842,2026-07-02 09:39:59.844,lock_row_lock_time_max,29,29,0.000000,enabled
1782985199.842,2026-07-02 09:39:59.844,lock_row_lock_waits,425,425,0.153076,enabled
1782985199.842,2026-07-02 09:39:59.844,lock_schedule_refreshes,3013,3013,1.085217,enabled
1782985199.842,2026-07-02 09:39:59.844,lock_threads_waiting,0,0,0.000000,enabled
1782985199.842,2026-07-02 09:39:59.844,lock_timeouts,0,0,0.000000,enabled
1782985199.842,2026-07-02 09:39:59.844,log_waits,0,0,0.000000,enabled
1782985199.842,2026-07-02 09:39:59.844,log_writes,233779695,233779695,84202.378714,enabled
1782985199.842,2026-07-02 09:39:59.844,log_write_requests,443542318,443542318,159754.328802,enabled
1782985199.842,2026-07-02 09:39:59.844,os_data_fsyncs,69641210,69641210,25083.254963,enabled
1782985199.842,2026-07-02 09:39:59.844,os_data_reads,100429456,100429456,36172.514147,enabled
1782985199.842,2026-07-02 09:39:59.844,os_data_writes,267223377,267223377,96248.070663,enabled
1782985199.842,2026-07-02 09:39:59.844,os_log_bytes_written,144642366464,144642366464,52097046.428157,enabled
1782985199.842,2026-07-02 09:39:59.844,os_log_fsyncs,60590745,60590745,21823.473513,enabled
1782985199.842,2026-07-02 09:39:59.844,os_log_pending_fsyncs,1,1,0.000360,enabled
1782985199.842,2026-07-02 09:39:59.844,os_log_pending_writes,0,0,0.000000,enabled
1782985199.842,2026-07-02 09:39:59.844,trx_rseg_history_len,345,345,0.000000,enabled
1782985200.914,2026-07-02 09:40:00.916,adaptive_hash_searches,0,0,0.000000,enabled
1782985200.914,2026-07-02 09:40:00.916,adaptive_hash_searches_btree,670210528,670210528,241301.814461,enabled
1782985200.914,2026-07-02 09:40:00.916,buffer_data_reads,1641512012288,1641512012288,591008125.814804,enabled
1782985200.914,2026-07-02 09:40:00.916,buffer_data_written,716295541248,716295541248,257894235.275147,enabled
1782985200.914,2026-07-02 09:40:00.916,buffer_pages0_read,7,7,0.002520,enabled
1782985200.914,2026-07-02 09:40:00.916,buffer_pages_created,1828335,1828335,658.271667,enabled
1782985200.914,2026-07-02 09:40:00.916,buffer_pages_read,100472495,100472495,36174.003365,enabled
1782985200.914,2026-07-02 09:40:00.916,buffer_pages_written,32556863,32556863,11721.736134,enabled
1782985200.914,2026-07-02 09:40:00.916,buffer_pool_bytes_data,12850282496,12850282496,0.000000,enabled
1782985200.914,2026-07-02 09:40:00.916,buffer_pool_bytes_dirty,4655923200,4655923200,0.000000,enabled
1782985200.914,2026-07-02 09:40:00.916,buffer_pool_pages_data,784318,784318,0.000000,enabled
1782985200.914,2026-07-02 09:40:00.916,buffer_pool_pages_dirty,284175,284175,0.000000,enabled
1782985200.914,2026-07-02 09:40:00.916,buffer_pool_pages_flushed,32499749,32499749,0.000000,enabled
1782985200.914,2026-07-02 09:40:00.916,buffer_pool_pages_free,2020,2020,0.000000,enabled
1782985200.914,2026-07-02 09:40:00.916,buffer_pool_pages_lru_flushed,0,0,0.000000,enabled
1782985200.914,2026-07-02 09:40:00.916,buffer_pool_pages_misc,98,98,0.000000,enabled
1782985200.914,2026-07-02 09:40:00.916,buffer_pool_pages_total,786432,786432,0.000000,enabled
1782985200.914,2026-07-02 09:40:00.916,buffer_pool_reads,99549955,99549955,35841.854143,enabled
1782985200.914,2026-07-02 09:40:00.916,buffer_pool_read_ahead,803715,803715,289.368645,enabled
1782985200.914,2026-07-02 09:40:00.916,buffer_pool_read_ahead_evicted,25,25,0.009001,enabled
1782985200.914,2026-07-02 09:40:00.916,buffer_pool_read_requests,3238023418,3238023418,1165814.314500,enabled
1782985200.914,2026-07-02 09:40:00.916,buffer_pool_size,12884901888,12884901888,0.000000,enabled
1782985200.914,2026-07-02 09:40:00.916,buffer_pool_wait_free,18945,18945,6.820937,enabled
1782985200.914,2026-07-02 09:40:00.916,buffer_pool_write_requests,653966851,653966851,235453.490367,enabled
1782985200.914,2026-07-02 09:40:00.916,dml_deletes,15230696,15230696,5483.641844,enabled
1782985200.914,2026-07-02 09:40:00.916,dml_inserts,115116103,115116103,41446.266132,enabled
1782985200.914,2026-07-02 09:40:00.916,dml_system_deletes,468,468,0.168498,enabled
1782985200.914,2026-07-02 09:40:00.916,dml_system_inserts,1202,1202,0.432767,enabled
1782985200.914,2026-07-02 09:40:00.916,dml_system_reads,7661,7661,2.758257,enabled
1782985200.914,2026-07-02 09:40:00.916,dml_system_updates,620,620,0.223224,enabled
1782985200.914,2026-07-02 09:40:00.916,dml_updates,30461533,30461533,10967.334444,enabled
1782985200.914,2026-07-02 09:40:00.916,file_num_open_files,35,35,0.000000,enabled
1782985200.914,2026-07-02 09:40:00.916,ibuf_merges,0,0,0.000000,enabled
1782985200.914,2026-07-02 09:40:00.916,ibuf_merges_delete,0,0,0.000000,enabled
1782985200.914,2026-07-02 09:40:00.916,ibuf_merges_delete_mark,0,0,0.000000,enabled
1782985200.914,2026-07-02 09:40:00.916,ibuf_merges_discard_delete,0,0,0.000000,enabled
1782985200.914,2026-07-02 09:40:00.916,ibuf_merges_discard_delete_mark,0,0,0.000000,enabled
1782985200.914,2026-07-02 09:40:00.916,ibuf_merges_discard_insert,0,0,0.000000,enabled
1782985200.914,2026-07-02 09:40:00.916,ibuf_merges_insert,0,0,0.000000,enabled
1782985200.914,2026-07-02 09:40:00.916,ibuf_size,1,1,0.000360,enabled
1782985200.914,2026-07-02 09:40:00.916,innodb_activity_count,20407628,20407628,7347.538438,enabled
1782985200.914,2026-07-02 09:40:00.916,innodb_dblwr_pages_written,32497235,32497235,11700.266291,enabled
1782985200.914,2026-07-02 09:40:00.916,innodb_dblwr_writes,678261,678261,244.200293,enabled
1782985200.914,2026-07-02 09:40:00.916,innodb_page_size,16384,16384,0.000000,enabled
1782985200.914,2026-07-02 09:40:00.916,innodb_rwlock_sx_os_waits,0,0,0.000000,enabled
1782985200.914,2026-07-02 09:40:00.916,innodb_rwlock_sx_spin_rounds,0,0,0.000000,enabled
1782985200.914,2026-07-02 09:40:00.916,innodb_rwlock_sx_spin_waits,0,0,0.000000,enabled
1782985200.914,2026-07-02 09:40:00.916,innodb_rwlock_s_os_waits,0,0,0.000000,enabled
1782985200.914,2026-07-02 09:40:00.916,innodb_rwlock_s_spin_rounds,0,0,0.000000,enabled
1782985200.914,2026-07-02 09:40:00.916,innodb_rwlock_s_spin_waits,0,0,0.000000,enabled
1782985200.914,2026-07-02 09:40:00.916,innodb_rwlock_x_os_waits,0,0,0.000000,enabled
1782985200.914,2026-07-02 09:40:00.916,innodb_rwlock_x_spin_rounds,0,0,0.000000,enabled
1782985200.914,2026-07-02 09:40:00.916,innodb_rwlock_x_spin_waits,0,0,0.000000,enabled
1782985200.914,2026-07-02 09:40:00.916,lock_deadlocks,0,0,0.000000,enabled
1782985200.914,2026-07-02 09:40:00.916,lock_deadlock_false_positives,0,0,0.000000,enabled
1782985200.914,2026-07-02 09:40:00.916,lock_deadlock_rounds,3014,3014,1.085157,enabled
1782985200.914,2026-07-02 09:40:00.916,lock_rec_grant_attempts,425,425,0.153017,enabled
1782985200.914,2026-07-02 09:40:00.916,lock_rec_release_attempts,46295015,46295015,16668.005405,enabled
1782985200.914,2026-07-02 09:40:00.916,lock_row_lock_current_waits,0,0,0.000000,enabled
1782985200.914,2026-07-02 09:40:00.916,lock_row_lock_time,323,323,0.116293,enabled
1782985200.914,2026-07-02 09:40:00.916,lock_row_lock_time_avg,0,0,0.000000,enabled
1782985200.914,2026-07-02 09:40:00.916,lock_row_lock_time_max,29,29,0.000000,enabled
1782985200.914,2026-07-02 09:40:00.916,lock_row_lock_waits,425,425,0.153017,enabled
1782985200.914,2026-07-02 09:40:00.916,lock_schedule_refreshes,3014,3014,1.085157,enabled
1782985200.914,2026-07-02 09:40:00.916,lock_threads_waiting,0,0,0.000000,enabled
1782985200.914,2026-07-02 09:40:00.916,lock_timeouts,0,0,0.000000,enabled
1782985200.914,2026-07-02 09:40:00.916,log_waits,0,0,0.000000,enabled
1782985200.914,2026-07-02 09:40:00.916,log_writes,233857799,233857799,84197.890624,enabled
1782985200.914,2026-07-02 09:40:00.916,log_write_requests,443626146,443626146,159722.642992,enabled
1782985200.914,2026-07-02 09:40:00.916,os_data_fsyncs,69676125,69676125,25086.111843,enabled
1782985200.914,2026-07-02 09:40:00.916,os_data_reads,100487687,100487687,36179.471199,enabled
1782985200.914,2026-07-02 09:40:00.916,os_data_writes,267318413,267318413,96245.013764,enabled
1782985200.914,2026-07-02 09:40:00.916,os_log_bytes_written,144683137024,144683137024,52091550.033566,enabled
1782985200.914,2026-07-02 09:40:00.916,os_log_fsyncs,60620422,60620422,21825.706909,enabled
1782985200.914,2026-07-02 09:40:00.916,os_log_pending_fsyncs,1,1,0.000360,enabled
1782985200.914,2026-07-02 09:40:00.916,os_log_pending_writes,1,1,0.000360,enabled
1782985200.914,2026-07-02 09:40:00.916,trx_rseg_history_len,454,454,0.000000,enabled
1782985201.990,2026-07-02 09:40:01.991,adaptive_hash_searches,0,0,0.000000,enabled
1782985201.990,2026-07-02 09:40:01.991,adaptive_hash_searches_btree,670382059,670382059,241270.447205,enabled
1782985201.990,2026-07-02 09:40:01.991,buffer_data_reads,1642460629504,1642460629504,591121499.227348,enabled
1782985201.990,2026-07-02 09:40:01.991,buffer_data_written,716612736000,716612736000,257908888.047834,enabled
1782985201.990,2026-07-02 09:40:01.991,buffer_pages0_read,7,7,0.002519,enabled
1782985201.990,2026-07-02 09:40:01.991,buffer_pages_created,1828379,1828379,658.033516,enabled
1782985201.990,2026-07-02 09:40:01.991,buffer_pages_read,100530535,100530535,36180.934621,enabled
1782985201.990,2026-07-02 09:40:01.991,buffer_pages_written,32573271,32573271,11723.118668,enabled
1782985201.990,2026-07-02 09:40:01.991,buffer_pool_bytes_data,12850987008,12850987008,0.000000,enabled
1782985201.990,2026-07-02 09:40:01.991,buffer_pool_bytes_dirty,4661575680,4661575680,0.000000,enabled
1782985201.990,2026-07-02 09:40:01.991,buffer_pool_pages_data,784362,784362,0.000000,enabled
1782985201.990,2026-07-02 09:40:01.991,buffer_pool_pages_dirty,284520,284520,0.000000,enabled
1782985201.990,2026-07-02 09:40:01.991,buffer_pool_pages_flushed,32516157,32516157,0.000000,enabled
1782985201.990,2026-07-02 09:40:01.991,buffer_pool_pages_free,1972,1972,0.000000,enabled
1782985201.990,2026-07-02 09:40:01.991,buffer_pool_pages_lru_flushed,0,0,0.000000,enabled
1782985201.990,2026-07-02 09:40:01.991,buffer_pool_pages_misc,96,96,0.000000,enabled
1782985201.990,2026-07-02 09:40:01.991,buffer_pool_pages_total,786432,786432,0.000000,enabled
1782985201.990,2026-07-02 09:40:01.991,buffer_pool_reads,99607950,99607950,35848.897327,enabled
1782985201.990,2026-07-02 09:40:01.991,buffer_pool_read_ahead,803715,803715,289.256995,enabled
1782985201.990,2026-07-02 09:40:01.991,buffer_pool_read_ahead_evicted,25,25,0.008997,enabled
1782985201.990,2026-07-02 09:40:01.991,buffer_pool_read_requests,3238871915,3238871915,1165669.871130,enabled
1782985201.990,2026-07-02 09:40:01.991,buffer_pool_size,12884901888,12884901888,0.000000,enabled
1782985201.990,2026-07-02 09:40:01.991,buffer_pool_wait_free,18945,18945,6.818305,enabled
1782985201.990,2026-07-02 09:40:01.991,buffer_pool_write_requests,654081382,654081382,235403.862762,enabled
1782985201.990,2026-07-02 09:40:01.991,dml_deletes,15235656,15235656,5483.311209,enabled
1782985201.990,2026-07-02 09:40:01.991,dml_inserts,115121063,115121063,41432.060135,enabled
1782985201.990,2026-07-02 09:40:01.991,dml_system_deletes,468,468,0.168433,enabled
1782985201.990,2026-07-02 09:40:01.991,dml_system_inserts,1202,1202,0.432600,enabled
1782985201.990,2026-07-02 09:40:01.991,dml_system_reads,7661,7661,2.757193,enabled
1782985201.990,2026-07-02 09:40:01.991,dml_system_updates,620,620,0.223138,enabled
1782985201.990,2026-07-02 09:40:01.991,dml_updates,30471448,30471448,10966.671358,enabled
1782985201.990,2026-07-02 09:40:01.991,file_num_open_files,35,35,0.000000,enabled
1782985201.990,2026-07-02 09:40:01.991,ibuf_merges,0,0,0.000000,enabled
1782985201.990,2026-07-02 09:40:01.991,ibuf_merges_delete,0,0,0.000000,enabled
1782985201.990,2026-07-02 09:40:01.991,ibuf_merges_delete_mark,0,0,0.000000,enabled
1782985201.990,2026-07-02 09:40:01.991,ibuf_merges_discard_delete,0,0,0.000000,enabled
1782985201.990,2026-07-02 09:40:01.991,ibuf_merges_discard_delete_mark,0,0,0.000000,enabled
1782985201.990,2026-07-02 09:40:01.991,ibuf_merges_discard_insert,0,0,0.000000,enabled
1782985201.990,2026-07-02 09:40:01.991,ibuf_merges_insert,0,0,0.000000,enabled
1782985201.990,2026-07-02 09:40:01.991,ibuf_size,1,1,0.000360,enabled
1782985201.990,2026-07-02 09:40:01.991,innodb_activity_count,20413318,20413318,7346.751378,enabled
1782985201.990,2026-07-02 09:40:01.991,innodb_dblwr_pages_written,32513643,32513643,11701.657237,enabled
1782985201.990,2026-07-02 09:40:01.991,innodb_dblwr_writes,678626,678626,244.237437,enabled
1782985201.990,2026-07-02 09:40:01.991,innodb_page_size,16384,16384,0.000000,enabled
1782985201.990,2026-07-02 09:40:01.991,innodb_rwlock_sx_os_waits,0,0,0.000000,enabled
1782985201.990,2026-07-02 09:40:01.991,innodb_rwlock_sx_spin_rounds,0,0,0.000000,enabled
1782985201.990,2026-07-02 09:40:01.991,innodb_rwlock_sx_spin_waits,0,0,0.000000,enabled
1782985201.990,2026-07-02 09:40:01.991,innodb_rwlock_s_os_waits,0,0,0.000000,enabled
1782985201.990,2026-07-02 09:40:01.991,innodb_rwlock_s_spin_rounds,0,0,0.000000,enabled
1782985201.990,2026-07-02 09:40:01.991,innodb_rwlock_s_spin_waits,0,0,0.000000,enabled
1782985201.990,2026-07-02 09:40:01.991,innodb_rwlock_x_os_waits,0,0,0.000000,enabled
1782985201.990,2026-07-02 09:40:01.991,innodb_rwlock_x_spin_rounds,0,0,0.000000,enabled
1782985201.990,2026-07-02 09:40:01.991,innodb_rwlock_x_spin_waits,0,0,0.000000,enabled
1782985201.990,2026-07-02 09:40:01.991,lock_deadlocks,0,0,0.000000,enabled
1782985201.990,2026-07-02 09:40:01.991,lock_deadlock_false_positives,0,0,0.000000,enabled
1782985201.990,2026-07-02 09:40:01.991,lock_deadlock_rounds,3015,3015,1.085098,enabled
1782985201.990,2026-07-02 09:40:01.991,lock_rec_grant_attempts,425,425,0.152957,enabled
1782985201.990,2026-07-02 09:40:01.991,lock_rec_release_attempts,46310115,46310115,16667.008758,enabled
1782985201.990,2026-07-02 09:40:01.991,lock_row_lock_current_waits,0,0,0.000000,enabled
1782985201.990,2026-07-02 09:40:01.991,lock_row_lock_time,323,323,0.116248,enabled
1782985201.990,2026-07-02 09:40:01.991,lock_row_lock_time_avg,0,0,0.000000,enabled
1782985201.990,2026-07-02 09:40:01.991,lock_row_lock_time_max,29,29,0.000000,enabled
1782985201.990,2026-07-02 09:40:01.991,lock_row_lock_waits,425,425,0.152957,enabled
1782985201.990,2026-07-02 09:40:01.991,lock_schedule_refreshes,3015,3015,1.085098,enabled
1782985201.990,2026-07-02 09:40:01.991,lock_threads_waiting,0,0,0.000000,enabled
1782985201.990,2026-07-02 09:40:01.991,lock_timeouts,0,0,0.000000,enabled
1782985201.990,2026-07-02 09:40:01.991,log_waits,0,0,0.000000,enabled
1782985201.990,2026-07-02 09:40:01.991,log_writes,233938006,233938006,84194.271057,enabled
1782985201.990,2026-07-02 09:40:01.991,log_write_requests,443710318,443710318,159691.310727,enabled
1782985201.990,2026-07-02 09:40:01.991,os_data_fsyncs,69711418,69711418,25089.134753,enabled
1782985201.990,2026-07-02 09:40:01.991,os_data_reads,100545562,100545562,36186.341192,enabled
1782985201.990,2026-07-02 09:40:01.991,os_data_writes,267415305,267415305,96242.750726,enabled
1782985201.990,2026-07-02 09:40:01.991,os_log_bytes_written,144725234176,144725234176,52086602.190936,enabled
1782985201.990,2026-07-02 09:40:01.991,os_log_fsyncs,60650646,60650646,21828.163462,enabled
1782985201.990,2026-07-02 09:40:01.991,os_log_pending_fsyncs,1,1,0.000360,enabled
1782985201.990,2026-07-02 09:40:01.991,os_log_pending_writes,0,0,0.000000,enabled
1782985201.990,2026-07-02 09:40:01.991,trx_rseg_history_len,597,597,0.000000,enabled
1782985203.062,2026-07-02 09:40:03.064,adaptive_hash_searches,0,0,0.000000,enabled
1782985203.062,2026-07-02 09:40:03.064,adaptive_hash_searches_btree,670552689,670552689,241238.707536,enabled
1782985203.062,2026-07-02 09:40:03.064,buffer_data_reads,1643411720704,1643411720704,591235509.691391,enabled
1782985203.062,2026-07-02 09:40:03.064,buffer_data_written,716931884544,716931884544,257924160.174901,enabled
1782985203.062,2026-07-02 09:40:03.064,buffer_pages0_read,7,7,0.002518,enabled
1782985203.062,2026-07-02 09:40:03.064,buffer_pages_created,1828404,1828404,657.788530,enabled
1782985203.062,2026-07-02 09:40:03.064,buffer_pages_read,100588751,100588751,36187.913730,enabled
1782985203.062,2026-07-02 09:40:03.064,buffer_pages_written,32589809,32589809,11724.543630,enabled
1782985203.062,2026-07-02 09:40:03.064,buffer_pool_bytes_data,12847661056,12847661056,0.000000,enabled
1782985203.062,2026-07-02 09:40:03.064,buffer_pool_bytes_dirty,4663066624,4663066624,0.000000,enabled
1782985203.062,2026-07-02 09:40:03.064,buffer_pool_pages_data,784159,784159,0.000000,enabled
1782985203.062,2026-07-02 09:40:03.064,buffer_pool_pages_dirty,284611,284611,0.000000,enabled
1782985203.062,2026-07-02 09:40:03.064,buffer_pool_pages_flushed,32532679,32532679,0.000000,enabled
1782985203.062,2026-07-02 09:40:03.064,buffer_pool_pages_free,2177,2177,0.000000,enabled
1782985203.062,2026-07-02 09:40:03.064,buffer_pool_pages_lru_flushed,0,0,0.000000,enabled
1782985203.062,2026-07-02 09:40:03.064,buffer_pool_pages_misc,96,96,0.000000,enabled
1782985203.062,2026-07-02 09:40:03.064,buffer_pool_pages_total,786432,786432,0.000000,enabled
1782985203.062,2026-07-02 09:40:03.064,buffer_pool_reads,99666113,99666113,35855.985842,enabled
1782985203.062,2026-07-02 09:40:03.064,buffer_pool_read_ahead,803715,803715,289.145352,enabled
1782985203.062,2026-07-02 09:40:03.064,buffer_pool_read_ahead_evicted,25,25,0.008994,enabled
1782985203.062,2026-07-02 09:40:03.064,buffer_pool_read_requests,3239716856,3239716856,1165523.940986,enabled
1782985203.062,2026-07-02 09:40:03.064,buffer_pool_size,12884901888,12884901888,0.000000,enabled
1782985203.062,2026-07-02 09:40:03.064,buffer_pool_wait_free,18945,18945,6.815673,enabled
1782985203.062,2026-07-02 09:40:03.064,buffer_pool_write_requests,654195188,654195188,235353.948210,enabled
1782985203.062,2026-07-02 09:40:03.064,dml_deletes,15240595,15240595,5482.971595,enabled
1782985203.062,2026-07-02 09:40:03.064,dml_inserts,115126003,115126003,41417.845219,enabled
1782985203.062,2026-07-02 09:40:03.064,dml_system_deletes,468,468,0.168368,enabled
1782985203.062,2026-07-02 09:40:03.064,dml_system_inserts,1202,1202,0.432433,enabled
1782985203.062,2026-07-02 09:40:03.064,dml_system_reads,7661,7661,2.756129,enabled
1782985203.062,2026-07-02 09:40:03.064,dml_system_updates,620,620,0.223052,enabled
1782985203.062,2026-07-02 09:40:03.064,dml_updates,30481326,30481326,10965.992108,enabled
1782985203.062,2026-07-02 09:40:03.064,file_num_open_files,35,35,0.000000,enabled
1782985203.062,2026-07-02 09:40:03.064,ibuf_merges,0,0,0.000000,enabled
1782985203.062,2026-07-02 09:40:03.064,ibuf_merges_delete,0,0,0.000000,enabled
1782985203.062,2026-07-02 09:40:03.064,ibuf_merges_delete_mark,0,0,0.000000,enabled
1782985203.062,2026-07-02 09:40:03.064,ibuf_merges_discard_delete,0,0,0.000000,enabled
1782985203.062,2026-07-02 09:40:03.064,ibuf_merges_discard_delete_mark,0,0,0.000000,enabled
1782985203.062,2026-07-02 09:40:03.064,ibuf_merges_discard_insert,0,0,0.000000,enabled
1782985203.062,2026-07-02 09:40:03.064,ibuf_merges_insert,0,0,0.000000,enabled
1782985203.062,2026-07-02 09:40:03.064,ibuf_size,1,1,0.000360,enabled
1782985203.062,2026-07-02 09:40:03.064,innodb_activity_count,20418996,20418996,7345.958385,enabled
1782985203.062,2026-07-02 09:40:03.064,innodb_dblwr_pages_written,32530175,32530175,11703.088166,enabled
1782985203.062,2026-07-02 09:40:03.064,innodb_dblwr_writes,678992,678992,244.274839,enabled
1782985203.062,2026-07-02 09:40:03.064,innodb_page_size,16384,16384,0.000000,enabled
1782985203.062,2026-07-02 09:40:03.064,innodb_rwlock_sx_os_waits,0,0,0.000000,enabled
1782985203.062,2026-07-02 09:40:03.064,innodb_rwlock_sx_spin_rounds,0,0,0.000000,enabled
1782985203.062,2026-07-02 09:40:03.064,innodb_rwlock_sx_spin_waits,0,0,0.000000,enabled
1782985203.062,2026-07-02 09:40:03.064,innodb_rwlock_s_os_waits,0,0,0.000000,enabled
1782985203.062,2026-07-02 09:40:03.064,innodb_rwlock_s_spin_rounds,0,0,0.000000,enabled
1782985203.062,2026-07-02 09:40:03.064,innodb_rwlock_s_spin_waits,0,0,0.000000,enabled
1782985203.062,2026-07-02 09:40:03.064,innodb_rwlock_x_os_waits,0,0,0.000000,enabled
1782985203.062,2026-07-02 09:40:03.064,innodb_rwlock_x_spin_rounds,0,0,0.000000,enabled
1782985203.062,2026-07-02 09:40:03.064,innodb_rwlock_x_spin_waits,0,0,0.000000,enabled
1782985203.062,2026-07-02 09:40:03.064,lock_deadlocks,0,0,0.000000,enabled
1782985203.062,2026-07-02 09:40:03.064,lock_deadlock_false_positives,0,0,0.000000,enabled
1782985203.062,2026-07-02 09:40:03.064,lock_deadlock_rounds,3016,3016,1.085039,enabled
1782985203.062,2026-07-02 09:40:03.064,lock_rec_grant_attempts,425,425,0.152898,enabled
1782985203.062,2026-07-02 09:40:03.064,lock_rec_release_attempts,46325130,46325130,16665.977761,enabled
1782985203.062,2026-07-02 09:40:03.064,lock_row_lock_current_waits,0,0,0.000000,enabled
1782985203.062,2026-07-02 09:40:03.064,lock_row_lock_time,323,323,0.116203,enabled
1782985203.062,2026-07-02 09:40:03.064,lock_row_lock_time_avg,0,0,0.000000,enabled
1782985203.062,2026-07-02 09:40:03.064,lock_row_lock_time_max,29,29,0.000000,enabled
1782985203.062,2026-07-02 09:40:03.064,lock_row_lock_waits,425,425,0.152898,enabled
1782985203.062,2026-07-02 09:40:03.064,lock_schedule_refreshes,3016,3016,1.085039,enabled
1782985203.062,2026-07-02 09:40:03.064,lock_threads_waiting,0,0,0.000000,enabled
1782985203.062,2026-07-02 09:40:03.064,lock_timeouts,0,0,0.000000,enabled
1782985203.062,2026-07-02 09:40:03.064,log_waits,0,0,0.000000,enabled
1782985203.062,2026-07-02 09:40:03.064,log_writes,234018527,234018527,84190.742066,enabled
1782985203.062,2026-07-02 09:40:03.064,log_write_requests,443794168,443794168,159659.839028,enabled
1782985203.062,2026-07-02 09:40:03.064,os_data_fsyncs,69746791,69746791,25092.176733,enabled
1782985203.062,2026-07-02 09:40:03.064,os_data_reads,100603607,100603607,36193.256405,enabled
1782985203.062,2026-07-02 09:40:03.064,os_data_writes,267512651,267512651,96240.624483,enabled
1782985203.062,2026-07-02 09:40:03.064,os_log_bytes_written,144766996480,144766996480,52081522.369040,enabled
1782985203.062,2026-07-02 09:40:03.064,os_log_fsyncs,60680932,60680932,21830.633998,enabled
1782985203.062,2026-07-02 09:40:03.064,os_log_pending_fsyncs,0,0,0.000000,enabled
1782985203.062,2026-07-02 09:40:03.064,os_log_pending_writes,1,1,0.000360,enabled
1782985203.062,2026-07-02 09:40:03.064,trx_rseg_history_len,692,692,0.000000,enabled
1782985204.134,2026-07-02 09:40:04.136,adaptive_hash_searches,0,0,0.000000,enabled
1782985204.134,2026-07-02 09:40:04.136,adaptive_hash_searches_btree,670724872,670724872,241207.652854,enabled
1782985204.134,2026-07-02 09:40:04.136,buffer_data_reads,1644366088704,1644366088704,591350858.748597,enabled
1782985204.134,2026-07-02 09:40:04.136,buffer_data_written,717250463232,717250463232,257939323.847720,enabled
1782985204.134,2026-07-02 09:40:04.136,buffer_pages0_read,7,7,0.002517,enabled
1782985204.134,2026-07-02 09:40:04.136,buffer_pages_created,1828430,1828430,657.544367,enabled
1782985204.134,2026-07-02 09:40:04.136,buffer_pages_read,100647144,100647144,36194.966277,enabled
1782985204.134,2026-07-02 09:40:04.136,buffer_pages_written,32606270,32606270,11725.944718,enabled
1782985204.134,2026-07-02 09:40:04.136,buffer_pool_bytes_data,12855263232,12855263232,0.000000,enabled
1782985204.134,2026-07-02 09:40:04.136,buffer_pool_bytes_dirty,4668293120,4668293120,0.000000,enabled
1782985204.134,2026-07-02 09:40:04.136,buffer_pool_pages_data,784623,784623,0.000000,enabled
1782985204.134,2026-07-02 09:40:04.136,buffer_pool_pages_dirty,284930,284930,0.000000,enabled
1782985204.134,2026-07-02 09:40:04.136,buffer_pool_pages_flushed,32549140,32549140,0.000000,enabled
1782985204.134,2026-07-02 09:40:04.136,buffer_pool_pages_free,1714,1714,0.000000,enabled
1782985204.134,2026-07-02 09:40:04.136,buffer_pool_pages_lru_flushed,0,0,0.000000,enabled
1782985204.134,2026-07-02 09:40:04.136,buffer_pool_pages_misc,96,96,0.000000,enabled
1782985204.134,2026-07-02 09:40:04.136,buffer_pool_pages_total,786432,786432,0.000000,enabled
1782985204.134,2026-07-02 09:40:04.136,buffer_pool_reads,99724457,99724457,35863.148442,enabled
1782985204.134,2026-07-02 09:40:04.136,buffer_pool_read_ahead,803715,803715,289.033914,enabled
1782985204.134,2026-07-02 09:40:04.136,buffer_pool_read_ahead_evicted,25,25,0.008991,enabled
1782985204.134,2026-07-02 09:40:04.136,buffer_pool_read_requests,3240568782,3240568782,1165381.113758,enabled
1782985204.134,2026-07-02 09:40:04.136,buffer_pool_size,12884901888,12884901888,0.000000,enabled
1782985204.134,2026-07-02 09:40:04.136,buffer_pool_wait_free,18945,18945,6.813046,enabled
1782985204.134,2026-07-02 09:40:04.136,buffer_pool_write_requests,654309755,654309755,235304.442450,enabled
1782985204.134,2026-07-02 09:40:04.136,dml_deletes,15245578,15245578,5482.650419,enabled
1782985204.134,2026-07-02 09:40:04.136,dml_inserts,115130985,115130985,41403.674139,enabled
1782985204.134,2026-07-02 09:40:04.136,dml_system_deletes,468,468,0.168303,enabled
1782985204.134,2026-07-02 09:40:04.136,dml_system_inserts,1202,1202,0.432266,enabled
1782985204.134,2026-07-02 09:40:04.136,dml_system_reads,7661,7661,2.755067,enabled
1782985204.134,2026-07-02 09:40:04.136,dml_system_updates,620,620,0.222966,enabled
1782985204.134,2026-07-02 09:40:04.136,dml_updates,30491292,30491292,10965.349737,enabled
1782985204.134,2026-07-02 09:40:04.136,file_num_open_files,35,35,0.000000,enabled
1782985204.134,2026-07-02 09:40:04.136,ibuf_merges,0,0,0.000000,enabled
1782985204.134,2026-07-02 09:40:04.136,ibuf_merges_delete,0,0,0.000000,enabled
1782985204.134,2026-07-02 09:40:04.136,ibuf_merges_delete_mark,0,0,0.000000,enabled
1782985204.134,2026-07-02 09:40:04.136,ibuf_merges_discard_delete,0,0,0.000000,enabled
1782985204.134,2026-07-02 09:40:04.136,ibuf_merges_discard_delete_mark,0,0,0.000000,enabled
1782985204.134,2026-07-02 09:40:04.136,ibuf_merges_discard_insert,0,0,0.000000,enabled
1782985204.134,2026-07-02 09:40:04.136,ibuf_merges_insert,0,0,0.000000,enabled
1782985204.134,2026-07-02 09:40:04.136,ibuf_size,1,1,0.000360,enabled
1782985204.134,2026-07-02 09:40:04.136,innodb_activity_count,20424719,20424719,7345.185318,enabled
1782985204.134,2026-07-02 09:40:04.136,innodb_dblwr_pages_written,32546668,32546668,11704.508962,enabled
1782985204.134,2026-07-02 09:40:04.136,innodb_dblwr_writes,679344,679344,244.307280,enabled
1782985204.134,2026-07-02 09:40:04.136,innodb_page_size,16384,16384,0.000000,enabled
1782985204.134,2026-07-02 09:40:04.136,innodb_rwlock_sx_os_waits,0,0,0.000000,enabled
1782985204.134,2026-07-02 09:40:04.136,innodb_rwlock_sx_spin_rounds,0,0,0.000000,enabled
1782985204.134,2026-07-02 09:40:04.136,innodb_rwlock_sx_spin_waits,0,0,0.000000,enabled
1782985204.134,2026-07-02 09:40:04.136,innodb_rwlock_s_os_waits,0,0,0.000000,enabled
1782985204.134,2026-07-02 09:40:04.136,innodb_rwlock_s_spin_rounds,0,0,0.000000,enabled
1782985204.134,2026-07-02 09:40:04.136,innodb_rwlock_s_spin_waits,0,0,0.000000,enabled
1782985204.134,2026-07-02 09:40:04.136,innodb_rwlock_x_os_waits,0,0,0.000000,enabled
1782985204.134,2026-07-02 09:40:04.136,innodb_rwlock_x_spin_rounds,0,0,0.000000,enabled
1782985204.134,2026-07-02 09:40:04.136,innodb_rwlock_x_spin_waits,0,0,0.000000,enabled
1782985204.134,2026-07-02 09:40:04.136,lock_deadlocks,0,0,0.000000,enabled
1782985204.134,2026-07-02 09:40:04.136,lock_deadlock_false_positives,0,0,0.000000,enabled
1782985204.134,2026-07-02 09:40:04.136,lock_deadlock_rounds,3017,3017,1.084981,enabled
1782985204.134,2026-07-02 09:40:04.136,lock_rec_grant_attempts,425,425,0.152840,enabled
1782985204.134,2026-07-02 09:40:04.136,lock_rec_release_attempts,46340282,46340282,16665.003544,enabled
1782985204.134,2026-07-02 09:40:04.136,lock_row_lock_current_waits,0,0,0.000000,enabled
1782985204.134,2026-07-02 09:40:04.136,lock_row_lock_time,323,323,0.116158,enabled
1782985204.134,2026-07-02 09:40:04.136,lock_row_lock_time_avg,0,0,0.000000,enabled
1782985204.134,2026-07-02 09:40:04.136,lock_row_lock_time_max,29,29,0.000000,enabled
1782985204.134,2026-07-02 09:40:04.136,lock_row_lock_waits,425,425,0.152840,enabled
1782985204.134,2026-07-02 09:40:04.136,lock_schedule_refreshes,3017,3017,1.084981,enabled
1782985204.134,2026-07-02 09:40:04.136,lock_threads_waiting,0,0,0.000000,enabled
1782985204.134,2026-07-02 09:40:04.136,lock_timeouts,0,0,0.000000,enabled
1782985204.134,2026-07-02 09:40:04.136,log_waits,0,0,0.000000,enabled
1782985204.134,2026-07-02 09:40:04.136,log_writes,234100028,234100028,84187.604106,enabled
1782985204.134,2026-07-02 09:40:04.136,log_write_requests,443878729,443878729,159628.715360,enabled
1782985204.134,2026-07-02 09:40:04.136,os_data_fsyncs,69782364,69782364,25095.299071,enabled
1782985204.134,2026-07-02 09:40:04.136,os_data_reads,100661836,100661836,36200.248004,enabled
1782985204.134,2026-07-02 09:40:04.136,os_data_writes,267610882,267610882,96238.859480,enabled
1782985204.134,2026-07-02 09:40:04.136,os_log_bytes_written,144809450496,144809450496,52076717.582464,enabled
1782985204.134,2026-07-02 09:40:04.136,os_log_fsyncs,60711370,60711370,21833.166662,enabled
1782985204.134,2026-07-02 09:40:04.136,os_log_pending_fsyncs,0,0,0.000000,enabled
1782985204.134,2026-07-02 09:40:04.136,os_log_pending_writes,0,0,0.000000,enabled
1782985204.134,2026-07-02 09:40:04.136,trx_rseg_history_len,835,835,0.000000,enabled
1782985205.207,2026-07-02 09:40:05.208,adaptive_hash_searches,0,0,0.000000,enabled
1782985205.207,2026-07-02 09:40:05.208,adaptive_hash_searches_btree,670895243,670895243,241175.937732,enabled
1782985205.207,2026-07-02 09:40:05.208,buffer_data_reads,1645312756224,1645312756224,591463259.972621,enabled
1782985205.207,2026-07-02 09:40:05.208,buffer_data_written,717566970880,717566970880,257953691.776807,enabled
1782985205.207,2026-07-02 09:40:05.208,buffer_pages0_read,7,7,0.002516,enabled
1782985205.207,2026-07-02 09:40:05.208,buffer_pages_created,1828459,1828459,657.301370,enabled
1782985205.207,2026-07-02 09:40:05.208,buffer_pages_read,100705123,100705123,36201.859024,enabled
1782985205.207,2026-07-02 09:40:05.208,buffer_pages_written,32622668,32622668,11727.320280,enabled
1782985205.207,2026-07-02 09:40:05.208,buffer_pool_bytes_data,12860407808,12860407808,0.000000,enabled
1782985205.207,2026-07-02 09:40:05.208,buffer_pool_bytes_dirty,4672487424,4672487424,0.000000,enabled
1782985205.207,2026-07-02 09:40:05.208,buffer_pool_pages_data,784936,784936,0.000000,enabled
1782985205.207,2026-07-02 09:40:05.208,buffer_pool_pages_dirty,285186,285186,0.000000,enabled
1782985205.207,2026-07-02 09:40:05.208,buffer_pool_pages_flushed,32565554,32565554,0.000000,enabled
1782985205.207,2026-07-02 09:40:05.208,buffer_pool_pages_free,1399,1399,0.000000,enabled
1782985205.207,2026-07-02 09:40:05.208,buffer_pool_pages_lru_flushed,0,0,0.000000,enabled
1782985205.207,2026-07-02 09:40:05.208,buffer_pool_pages_misc,97,97,0.000000,enabled
1782985205.207,2026-07-02 09:40:05.208,buffer_pool_pages_total,786432,786432,0.000000,enabled
1782985205.207,2026-07-02 09:40:05.208,buffer_pool_reads,99782367,99782367,35870.144226,enabled
1782985205.207,2026-07-02 09:40:05.208,buffer_pool_read_ahead,803715,803715,288.922518,enabled
1782985205.207,2026-07-02 09:40:05.208,buffer_pool_read_ahead_evicted,25,25,0.008987,enabled
1782985205.207,2026-07-02 09:40:05.208,buffer_pool_read_requests,3241412753,3241412753,1165235.361375,enabled
1782985205.207,2026-07-02 09:40:05.208,buffer_pool_size,12884901888,12884901888,0.000000,enabled
1782985205.207,2026-07-02 09:40:05.208,buffer_pool_wait_free,18945,18945,6.810421,enabled
1782985205.207,2026-07-02 09:40:05.208,buffer_pool_write_requests,654423643,654423643,235254.695341,enabled
1782985205.207,2026-07-02 09:40:05.208,dml_deletes,15250509,15250509,5482.310047,enabled
1782985205.207,2026-07-02 09:40:05.208,dml_inserts,115135917,115135917,41389.490348,enabled
1782985205.207,2026-07-02 09:40:05.208,dml_system_deletes,468,468,0.168238,enabled
1782985205.207,2026-07-02 09:40:05.208,dml_system_inserts,1202,1202,0.432099,enabled
1782985205.207,2026-07-02 09:40:05.208,dml_system_reads,7661,7661,2.754005,enabled
1782985205.207,2026-07-02 09:40:05.208,dml_system_updates,620,620,0.222880,enabled
1782985205.207,2026-07-02 09:40:05.208,dml_updates,30501154,30501154,10964.668975,enabled
1782985205.207,2026-07-02 09:40:05.208,file_num_open_files,35,35,0.000000,enabled
1782985205.207,2026-07-02 09:40:05.208,ibuf_merges,0,0,0.000000,enabled
1782985205.207,2026-07-02 09:40:05.208,ibuf_merges_delete,0,0,0.000000,enabled
1782985205.207,2026-07-02 09:40:05.208,ibuf_merges_delete_mark,0,0,0.000000,enabled
1782985205.207,2026-07-02 09:40:05.208,ibuf_merges_discard_delete,0,0,0.000000,enabled
1782985205.207,2026-07-02 09:40:05.208,ibuf_merges_discard_delete_mark,0,0,0.000000,enabled
1782985205.207,2026-07-02 09:40:05.208,ibuf_merges_discard_insert,0,0,0.000000,enabled
1782985205.207,2026-07-02 09:40:05.208,ibuf_merges_insert,0,0,0.000000,enabled
1782985205.207,2026-07-02 09:40:05.208,ibuf_size,1,1,0.000359,enabled
1782985205.207,2026-07-02 09:40:05.208,innodb_activity_count,20430382,20430382,7344.390267,enabled
1782985205.207,2026-07-02 09:40:05.208,innodb_dblwr_pages_written,32563040,32563040,11705.883566,enabled
1782985205.207,2026-07-02 09:40:05.208,innodb_dblwr_writes,679724,679724,244.349729,enabled
1782985205.207,2026-07-02 09:40:05.208,innodb_page_size,16384,16384,0.000000,enabled
1782985205.207,2026-07-02 09:40:05.208,innodb_rwlock_sx_os_waits,0,0,0.000000,enabled
1782985205.207,2026-07-02 09:40:05.208,innodb_rwlock_sx_spin_rounds,0,0,0.000000,enabled
1782985205.207,2026-07-02 09:40:05.208,innodb_rwlock_sx_spin_waits,0,0,0.000000,enabled
1782985205.207,2026-07-02 09:40:05.208,innodb_rwlock_s_os_waits,0,0,0.000000,enabled
1782985205.207,2026-07-02 09:40:05.208,innodb_rwlock_s_spin_rounds,0,0,0.000000,enabled
1782985205.207,2026-07-02 09:40:05.208,innodb_rwlock_s_spin_waits,0,0,0.000000,enabled
1782985205.207,2026-07-02 09:40:05.208,innodb_rwlock_x_os_waits,0,0,0.000000,enabled
1782985205.207,2026-07-02 09:40:05.208,innodb_rwlock_x_spin_rounds,0,0,0.000000,enabled
1782985205.207,2026-07-02 09:40:05.208,innodb_rwlock_x_spin_waits,0,0,0.000000,enabled
1782985205.207,2026-07-02 09:40:05.208,lock_deadlocks,0,0,0.000000,enabled
1782985205.207,2026-07-02 09:40:05.208,lock_deadlock_false_positives,0,0,0.000000,enabled
1782985205.207,2026-07-02 09:40:05.208,lock_deadlock_rounds,3019,3019,1.085282,enabled
1782985205.207,2026-07-02 09:40:05.208,lock_rec_grant_attempts,425,425,0.152781,enabled
1782985205.207,2026-07-02 09:40:05.208,lock_rec_release_attempts,46355273,46355273,16663.969752,enabled
1782985205.207,2026-07-02 09:40:05.208,lock_row_lock_current_waits,0,0,0.000000,enabled
1782985205.207,2026-07-02 09:40:05.208,lock_row_lock_time,323,323,0.116113,enabled
1782985205.207,2026-07-02 09:40:05.208,lock_row_lock_time_avg,0,0,0.000000,enabled
1782985205.207,2026-07-02 09:40:05.208,lock_row_lock_time_max,29,29,0.000000,enabled
1782985205.207,2026-07-02 09:40:05.208,lock_row_lock_waits,425,425,0.152781,enabled
1782985205.207,2026-07-02 09:40:05.208,lock_schedule_refreshes,3019,3019,1.085282,enabled
1782985205.207,2026-07-02 09:40:05.208,lock_threads_waiting,0,0,0.000000,enabled
1782985205.207,2026-07-02 09:40:05.208,lock_timeouts,0,0,0.000000,enabled
1782985205.207,2026-07-02 09:40:05.208,log_waits,0,0,0.000000,enabled
1782985205.207,2026-07-02 09:40:05.208,log_writes,234181053,234181053,84184.285035,enabled
1782985205.207,2026-07-02 09:40:05.208,log_write_requests,443962372,443962372,159597.262071,enabled
1782985205.207,2026-07-02 09:40:05.208,os_data_fsyncs,69818069,69818069,25098.462419,enabled
1782985205.207,2026-07-02 09:40:05.208,os_data_reads,100719635,100719635,36207.073804,enabled
1782985205.207,2026-07-02 09:40:05.208,os_data_writes,267708565,267708565,96236.883345,enabled
1782985205.207,2026-07-02 09:40:05.208,os_log_bytes_written,144851581952,144851581952,52071792.203305,enabled
1782985205.207,2026-07-02 09:40:05.208,os_log_fsyncs,60741762,60741762,21835.677349,enabled
1782985205.207,2026-07-02 09:40:05.208,os_log_pending_fsyncs,1,1,0.000359,enabled
1782985205.207,2026-07-02 09:40:05.208,os_log_pending_writes,0,0,0.000000,enabled
1782985205.207,2026-07-02 09:40:05.208,trx_rseg_history_len,949,949,0.000000,enabled
1782985206.278,2026-07-02 09:40:06.280,adaptive_hash_searches,0,0,0.000000,enabled
1782985206.278,2026-07-02 09:40:06.280,adaptive_hash_searches_btree,671064441,671064441,241143.838971,enabled
1782985206.278,2026-07-02 09:40:06.280,buffer_data_reads,1646258096640,1646258096640,591575147.443746,enabled
1782985206.278,2026-07-02 09:40:06.280,buffer_data_written,717882936320,717882936320,257967875.436458,enabled
1782985206.278,2026-07-02 09:40:06.280,buffer_pages0_read,7,7,0.002515,enabled
1782985206.278,2026-07-02 09:40:06.280,buffer_pages_created,1828493,1828493,657.060413,enabled
1782985206.278,2026-07-02 09:40:06.280,buffer_pages_read,100762999,100762999,36208.712483,enabled
1782985206.278,2026-07-02 09:40:06.280,buffer_pages_written,32639017,32639017,11728.678163,enabled
1782985206.278,2026-07-02 09:40:06.280,buffer_pool_bytes_data,12855296000,12855296000,0.000000,enabled
1782985206.278,2026-07-02 09:40:06.280,buffer_pool_bytes_dirty,4676550656,4676550656,0.000000,enabled
1782985206.278,2026-07-02 09:40:06.280,buffer_pool_pages_data,784625,784625,0.000000,enabled
1782985206.278,2026-07-02 09:40:06.280,buffer_pool_pages_dirty,285434,285434,0.000000,enabled
1782985206.278,2026-07-02 09:40:06.280,buffer_pool_pages_flushed,32581903,32581903,0.000000,enabled
1782985206.278,2026-07-02 09:40:06.280,buffer_pool_pages_free,1711,1711,0.000000,enabled
1782985206.278,2026-07-02 09:40:06.280,buffer_pool_pages_lru_flushed,0,0,0.000000,enabled
1782985206.278,2026-07-02 09:40:06.280,buffer_pool_pages_misc,96,96,0.000000,enabled
1782985206.278,2026-07-02 09:40:06.280,buffer_pool_pages_total,786432,786432,0.000000,enabled
1782985206.278,2026-07-02 09:40:06.280,buffer_pool_reads,99840190,99840190,35877.106447,enabled
1782985206.278,2026-07-02 09:40:06.280,buffer_pool_read_ahead,803715,803715,288.811233,enabled
1782985206.278,2026-07-02 09:40:06.280,buffer_pool_read_ahead_evicted,25,25,0.008984,enabled
1782985206.278,2026-07-02 09:40:06.280,buffer_pool_read_requests,3242250829,3242250829,1165087.703075,enabled
1782985206.278,2026-07-02 09:40:06.280,buffer_pool_size,12884901888,12884901888,0.000000,enabled
1782985206.278,2026-07-02 09:40:06.280,buffer_pool_wait_free,18945,18945,6.807797,enabled
1782985206.278,2026-07-02 09:40:06.280,buffer_pool_write_requests,654536565,654536565,235204.659607,enabled
1782985206.278,2026-07-02 09:40:06.280,dml_deletes,15255405,15255405,5481.957633,enabled
1782985206.278,2026-07-02 09:40:06.280,dml_inserts,115140814,115140814,41375.306963,enabled
1782985206.278,2026-07-02 09:40:06.280,dml_system_deletes,468,468,0.168174,enabled
1782985206.278,2026-07-02 09:40:06.280,dml_system_inserts,1202,1202,0.431933,enabled
1782985206.278,2026-07-02 09:40:06.280,dml_system_reads,7661,7661,2.752944,enabled
1782985206.278,2026-07-02 09:40:06.280,dml_system_updates,620,620,0.222794,enabled
1782985206.278,2026-07-02 09:40:06.280,dml_updates,30510948,30510948,10963.964848,enabled
1782985206.278,2026-07-02 09:40:06.280,file_num_open_files,35,35,0.000000,enabled
1782985206.278,2026-07-02 09:40:06.280,ibuf_merges,0,0,0.000000,enabled
1782985206.278,2026-07-02 09:40:06.280,ibuf_merges_delete,0,0,0.000000,enabled
1782985206.278,2026-07-02 09:40:06.280,ibuf_merges_delete_mark,0,0,0.000000,enabled
1782985206.278,2026-07-02 09:40:06.280,ibuf_merges_discard_delete,0,0,0.000000,enabled
1782985206.278,2026-07-02 09:40:06.280,ibuf_merges_discard_delete_mark,0,0,0.000000,enabled
1782985206.278,2026-07-02 09:40:06.280,ibuf_merges_discard_insert,0,0,0.000000,enabled
1782985206.278,2026-07-02 09:40:06.280,ibuf_merges_insert,0,0,0.000000,enabled
1782985206.278,2026-07-02 09:40:06.280,ibuf_size,1,1,0.000359,enabled
1782985206.278,2026-07-02 09:40:06.280,innodb_activity_count,20436014,20436014,7343.585076,enabled
1782985206.278,2026-07-02 09:40:06.280,innodb_dblwr_pages_written,32579389,32579389,11707.249438,enabled
1782985206.278,2026-07-02 09:40:06.280,innodb_dblwr_writes,680084,680084,244.384971,enabled
1782985206.278,2026-07-02 09:40:06.280,innodb_page_size,16384,16384,0.000000,enabled
1782985206.278,2026-07-02 09:40:06.280,innodb_rwlock_sx_os_waits,0,0,0.000000,enabled
1782985206.278,2026-07-02 09:40:06.280,innodb_rwlock_sx_spin_rounds,0,0,0.000000,enabled
1782985206.278,2026-07-02 09:40:06.280,innodb_rwlock_sx_spin_waits,0,0,0.000000,enabled
1782985206.278,2026-07-02 09:40:06.280,innodb_rwlock_s_os_waits,0,0,0.000000,enabled
1782985206.278,2026-07-02 09:40:06.280,innodb_rwlock_s_spin_rounds,0,0,0.000000,enabled
1782985206.278,2026-07-02 09:40:06.280,innodb_rwlock_s_spin_waits,0,0,0.000000,enabled
1782985206.278,2026-07-02 09:40:06.280,innodb_rwlock_x_os_waits,0,0,0.000000,enabled
1782985206.278,2026-07-02 09:40:06.280,innodb_rwlock_x_spin_rounds,0,0,0.000000,enabled
1782985206.278,2026-07-02 09:40:06.280,innodb_rwlock_x_spin_waits,0,0,0.000000,enabled
1782985206.278,2026-07-02 09:40:06.280,lock_deadlocks,0,0,0.000000,enabled
1782985206.278,2026-07-02 09:40:06.280,lock_deadlock_false_positives,0,0,0.000000,enabled
1782985206.278,2026-07-02 09:40:06.280,lock_deadlock_rounds,3020,3020,1.085223,enabled
1782985206.278,2026-07-02 09:40:06.280,lock_rec_grant_attempts,425,425,0.152722,enabled
1782985206.278,2026-07-02 09:40:06.280,lock_rec_release_attempts,46370148,46370148,16662.896499,enabled
1782985206.278,2026-07-02 09:40:06.280,lock_row_lock_current_waits,0,0,0.000000,enabled
1782985206.278,2026-07-02 09:40:06.280,lock_row_lock_time,323,323,0.116069,enabled
1782985206.278,2026-07-02 09:40:06.280,lock_row_lock_time_avg,0,0,0.000000,enabled
1782985206.278,2026-07-02 09:40:06.280,lock_row_lock_time_max,29,29,0.000000,enabled
1782985206.278,2026-07-02 09:40:06.280,lock_row_lock_waits,425,425,0.152722,enabled
1782985206.278,2026-07-02 09:40:06.280,lock_schedule_refreshes,3020,3020,1.085223,enabled
1782985206.278,2026-07-02 09:40:06.280,lock_threads_waiting,0,0,0.000000,enabled
1782985206.278,2026-07-02 09:40:06.280,lock_timeouts,0,0,0.000000,enabled
1782985206.278,2026-07-02 09:40:06.280,log_waits,0,0,0.000000,enabled
1782985206.278,2026-07-02 09:40:06.280,log_writes,234261767,234261767,84180.862664,enabled
1782985206.278,2026-07-02 09:40:06.280,log_write_requests,444045500,444045500,159565.659203,enabled
1782985206.278,2026-07-02 09:40:06.280,os_data_fsyncs,69853194,69853194,25101.417097,enabled
1782985206.278,2026-07-02 09:40:06.280,os_data_reads,100777360,100777360,36213.870930,enabled
1782985206.278,2026-07-02 09:40:06.280,os_data_writes,267805899,267805899,96234.791740,enabled
1782985206.278,2026-07-02 09:40:06.280,os_log_bytes_written,144893709312,144893709312,52066873.637832,enabled
1782985206.278,2026-07-02 09:40:06.280,os_log_fsyncs,60771864,60771864,21838.083769,enabled
1782985206.278,2026-07-02 09:40:06.280,os_log_pending_fsyncs,1,1,0.000359,enabled
1782985206.278,2026-07-02 09:40:06.280,os_log_pending_writes,0,0,0.000000,enabled
1782985206.278,2026-07-02 09:40:06.280,trx_rseg_history_len,1022,1022,0.000000,enabled
1782985207.350,2026-07-02 09:40:07.352,adaptive_hash_searches,0,0,0.000000,enabled
1782985207.350,2026-07-02 09:40:07.352,adaptive_hash_searches_btree,671232780,671232780,241111.532601,enabled
1782985207.350,2026-07-02 09:40:07.352,buffer_data_reads,1647195769344,1647195769344,591684354.108360,enabled
1782985207.350,2026-07-02 09:40:07.352,buffer_data_written,718199271424,718199271424,257982250.615908,enabled
1782985207.350,2026-07-02 09:40:07.352,buffer_pages0_read,7,7,0.002514,enabled
1782985207.350,2026-07-02 09:40:07.352,buffer_pages_created,1828527,1828527,656.819818,enabled
1782985207.350,2026-07-02 09:40:07.352,buffer_pages_read,100820393,100820393,36215.397294,enabled
1782985207.350,2026-07-02 09:40:07.352,buffer_pages_written,32655460,32655460,11730.071923,enabled
1782985207.350,2026-07-02 09:40:07.352,buffer_pool_bytes_data,12846972928,12846972928,0.000000,enabled
1782985207.350,2026-07-02 09:40:07.352,buffer_pool_bytes_dirty,4675600384,4675600384,0.000000,enabled
1782985207.350,2026-07-02 09:40:07.352,buffer_pool_pages_data,784117,784117,0.000000,enabled
1782985207.350,2026-07-02 09:40:07.352,buffer_pool_pages_dirty,285376,285376,0.000000,enabled
1782985207.350,2026-07-02 09:40:07.352,buffer_pool_pages_flushed,32598346,32598346,0.000000,enabled
1782985207.350,2026-07-02 09:40:07.352,buffer_pool_pages_free,2218,2218,0.000000,enabled
1782985207.350,2026-07-02 09:40:07.352,buffer_pool_pages_lru_flushed,0,0,0.000000,enabled
1782985207.350,2026-07-02 09:40:07.352,buffer_pool_pages_misc,97,97,0.000000,enabled
1782985207.350,2026-07-02 09:40:07.352,buffer_pool_pages_total,786432,786432,0.000000,enabled
1782985207.350,2026-07-02 09:40:07.352,buffer_pool_reads,99897540,99897540,35883.903036,enabled
1782985207.350,2026-07-02 09:40:07.352,buffer_pool_read_ahead,803715,803715,288.700111,enabled
1782985207.350,2026-07-02 09:40:07.352,buffer_pool_read_ahead_evicted,25,25,0.008980,enabled
1782985207.350,2026-07-02 09:40:07.352,buffer_pool_read_requests,3243084761,3243084761,1164938.982431,enabled
1782985207.350,2026-07-02 09:40:07.352,buffer_pool_size,12884901888,12884901888,0.000000,enabled
1782985207.350,2026-07-02 09:40:07.352,buffer_pool_wait_free,18945,18945,6.805178,enabled
1782985207.350,2026-07-02 09:40:07.352,buffer_pool_write_requests,654648683,654648683,235154.436682,enabled
1782985207.350,2026-07-02 09:40:07.352,dml_deletes,15260281,15260281,5481.600086,enabled
1782985207.350,2026-07-02 09:40:07.352,dml_inserts,115145689,115145689,41361.140022,enabled
1782985207.350,2026-07-02 09:40:07.352,dml_system_deletes,468,468,0.168109,enabled
1782985207.350,2026-07-02 09:40:07.352,dml_system_inserts,1202,1202,0.431767,enabled
1782985207.350,2026-07-02 09:40:07.352,dml_system_reads,7661,7661,2.751885,enabled
1782985207.350,2026-07-02 09:40:07.352,dml_system_updates,620,620,0.222708,enabled
1782985207.350,2026-07-02 09:40:07.352,dml_updates,30520698,30520698,10963.249018,enabled
1782985207.350,2026-07-02 09:40:07.352,file_num_open_files,35,35,0.000000,enabled
1782985207.350,2026-07-02 09:40:07.352,ibuf_merges,0,0,0.000000,enabled
1782985207.350,2026-07-02 09:40:07.352,ibuf_merges_delete,0,0,0.000000,enabled
1782985207.350,2026-07-02 09:40:07.352,ibuf_merges_delete_mark,0,0,0.000000,enabled
1782985207.350,2026-07-02 09:40:07.352,ibuf_merges_discard_delete,0,0,0.000000,enabled
1782985207.350,2026-07-02 09:40:07.352,ibuf_merges_discard_delete_mark,0,0,0.000000,enabled
1782985207.350,2026-07-02 09:40:07.352,ibuf_merges_discard_insert,0,0,0.000000,enabled
1782985207.350,2026-07-02 09:40:07.352,ibuf_merges_insert,0,0,0.000000,enabled
1782985207.350,2026-07-02 09:40:07.352,ibuf_size,1,1,0.000359,enabled
1782985207.350,2026-07-02 09:40:07.352,innodb_activity_count,20441617,20441617,7342.772444,enabled
1782985207.350,2026-07-02 09:40:07.352,innodb_dblwr_pages_written,32595832,32595832,11708.651807,enabled
1782985207.350,2026-07-02 09:40:07.352,innodb_dblwr_writes,680459,680459,244.425652,enabled
1782985207.350,2026-07-02 09:40:07.352,innodb_page_size,16384,16384,0.000000,enabled
1782985207.350,2026-07-02 09:40:07.352,innodb_rwlock_sx_os_waits,0,0,0.000000,enabled
1782985207.350,2026-07-02 09:40:07.352,innodb_rwlock_sx_spin_rounds,0,0,0.000000,enabled
1782985207.350,2026-07-02 09:40:07.352,innodb_rwlock_sx_spin_waits,0,0,0.000000,enabled
1782985207.350,2026-07-02 09:40:07.352,innodb_rwlock_s_os_waits,0,0,0.000000,enabled
1782985207.350,2026-07-02 09:40:07.352,innodb_rwlock_s_spin_rounds,0,0,0.000000,enabled
1782985207.350,2026-07-02 09:40:07.352,innodb_rwlock_s_spin_waits,0,0,0.000000,enabled
1782985207.350,2026-07-02 09:40:07.352,innodb_rwlock_x_os_waits,0,0,0.000000,enabled
1782985207.350,2026-07-02 09:40:07.352,innodb_rwlock_x_spin_rounds,0,0,0.000000,enabled
1782985207.350,2026-07-02 09:40:07.352,innodb_rwlock_x_spin_waits,0,0,0.000000,enabled
1782985207.350,2026-07-02 09:40:07.352,lock_deadlocks,0,0,0.000000,enabled
1782985207.350,2026-07-02 09:40:07.352,lock_deadlock_false_positives,0,0,0.000000,enabled
1782985207.350,2026-07-02 09:40:07.352,lock_deadlock_rounds,3021,3021,1.085165,enabled
1782985207.350,2026-07-02 09:40:07.352,lock_rec_grant_attempts,425,425,0.152663,enabled
1782985207.350,2026-07-02 09:40:07.352,lock_rec_release_attempts,46384996,46384996,16661.818830,enabled
1782985207.350,2026-07-02 09:40:07.352,lock_row_lock_current_waits,0,0,0.000000,enabled
1782985207.350,2026-07-02 09:40:07.352,lock_row_lock_time,323,323,0.116024,enabled
1782985207.350,2026-07-02 09:40:07.352,lock_row_lock_time_avg,0,0,0.000000,enabled
1782985207.350,2026-07-02 09:40:07.352,lock_row_lock_time_max,29,29,0.000000,enabled
1782985207.350,2026-07-02 09:40:07.352,lock_row_lock_waits,425,425,0.152663,enabled
1782985207.350,2026-07-02 09:40:07.352,lock_schedule_refreshes,3021,3021,1.085165,enabled
1782985207.350,2026-07-02 09:40:07.352,lock_threads_waiting,0,0,0.000000,enabled
1782985207.350,2026-07-02 09:40:07.352,lock_timeouts,0,0,0.000000,enabled
1782985207.350,2026-07-02 09:40:07.352,log_waits,0,0,0.000000,enabled
1782985207.350,2026-07-02 09:40:07.352,log_writes,234340121,234340121,84176.620582,enabled
1782985207.350,2026-07-02 09:40:07.352,log_write_requests,444128341,444128341,159534.025631,enabled
1782985207.350,2026-07-02 09:40:07.352,os_data_fsyncs,69887688,69887688,25104.149909,enabled
1782985207.350,2026-07-02 09:40:07.352,os_data_reads,100834601,100834601,36220.499134,enabled
1782985207.350,2026-07-02 09:40:07.352,os_data_writes,267900972,267900972,96231.916635,enabled
1782985207.350,2026-07-02 09:40:07.352,os_log_bytes_written,144934567424,144934567424,52061517.662949,enabled
1782985207.350,2026-07-02 09:40:07.352,os_log_fsyncs,60801392,60801392,21840.288332,enabled
1782985207.350,2026-07-02 09:40:07.352,os_log_pending_fsyncs,1,1,0.000359,enabled
1782985207.350,2026-07-02 09:40:07.352,os_log_pending_writes,0,0,0.000000,enabled
1782985207.350,2026-07-02 09:40:07.352,trx_rseg_history_len,1073,1073,0.000000,enabled
1782985208.422,2026-07-02 09:40:08.423,adaptive_hash_searches,0,0,0.000000,enabled
1782985208.422,2026-07-02 09:40:08.423,adaptive_hash_searches_btree,671399281,671399281,241078.778372,enabled
1782985208.422,2026-07-02 09:40:08.423,buffer_data_reads,1648126446080,1648126446080,591791442.489834,enabled
1782985208.422,2026-07-02 09:40:08.423,buffer_data_written,718545549312,718545549312,258007574.499086,enabled
1782985208.422,2026-07-02 09:40:08.423,buffer_pages0_read,7,7,0.002513,enabled
1782985208.422,2026-07-02 09:40:08.423,buffer_pages_created,1828568,1828568,656.582452,enabled
1782985208.422,2026-07-02 09:40:08.423,buffer_pages_read,100877349,100877349,36221.948933,enabled
1782985208.422,2026-07-02 09:40:08.423,buffer_pages_written,32673437,32673437,11732.024896,enabled
1782985208.422,2026-07-02 09:40:08.423,buffer_pool_bytes_data,12851396608,12851396608,0.000000,enabled
1782985208.422,2026-07-02 09:40:08.423,buffer_pool_bytes_dirty,4647616512,4647616512,0.000000,enabled
1782985208.422,2026-07-02 09:40:08.423,buffer_pool_pages_data,784387,784387,0.000000,enabled
1782985208.422,2026-07-02 09:40:08.423,buffer_pool_pages_dirty,283668,283668,0.000000,enabled
1782985208.422,2026-07-02 09:40:08.423,buffer_pool_pages_flushed,32614207,32614207,0.000000,enabled
1782985208.422,2026-07-02 09:40:08.423,buffer_pool_pages_free,1947,1947,0.000000,enabled
1782985208.422,2026-07-02 09:40:08.423,buffer_pool_pages_lru_flushed,0,0,0.000000,enabled
1782985208.422,2026-07-02 09:40:08.423,buffer_pool_pages_misc,96,96,0.000000,enabled
1782985208.422,2026-07-02 09:40:08.423,buffer_pool_pages_total,786432,786432,0.000000,enabled
1782985208.422,2026-07-02 09:40:08.423,buffer_pool_reads,99954449,99954449,35890.565007,enabled
1782985208.422,2026-07-02 09:40:08.423,buffer_pool_read_ahead,803715,803715,288.589308,enabled
1782985208.422,2026-07-02 09:40:08.423,buffer_pool_read_ahead_evicted,25,25,0.008977,enabled
1782985208.422,2026-07-02 09:40:08.423,buffer_pool_read_requests,3243909825,3243909825,1164788.132691,enabled
1782985208.422,2026-07-02 09:40:08.423,buffer_pool_size,12884901888,12884901888,0.000000,enabled
1782985208.422,2026-07-02 09:40:08.423,buffer_pool_wait_free,18945,18945,6.802566,enabled
1782985208.422,2026-07-02 09:40:08.423,buffer_pool_write_requests,654760154,654760154,235104.209967,enabled
1782985208.422,2026-07-02 09:40:08.423,dml_deletes,15265106,15265106,5481.228726,enabled
1782985208.422,2026-07-02 09:40:08.423,dml_inserts,115150513,115150513,41346.997537,enabled
1782985208.422,2026-07-02 09:40:08.423,dml_system_deletes,468,468,0.168044,enabled
1782985208.422,2026-07-02 09:40:08.423,dml_system_inserts,1202,1202,0.431601,enabled
1782985208.422,2026-07-02 09:40:08.423,dml_system_reads,7661,7661,2.750829,enabled
1782985208.422,2026-07-02 09:40:08.423,dml_system_updates,620,620,0.222623,enabled
1782985208.422,2026-07-02 09:40:08.423,dml_updates,30530356,30530356,10962.509150,enabled
1782985208.422,2026-07-02 09:40:08.423,file_num_open_files,35,35,0.000000,enabled
1782985208.422,2026-07-02 09:40:08.423,ibuf_merges,0,0,0.000000,enabled
1782985208.422,2026-07-02 09:40:08.423,ibuf_merges_delete,0,0,0.000000,enabled
1782985208.422,2026-07-02 09:40:08.423,ibuf_merges_delete_mark,0,0,0.000000,enabled
1782985208.422,2026-07-02 09:40:08.423,ibuf_merges_discard_delete,0,0,0.000000,enabled
1782985208.422,2026-07-02 09:40:08.423,ibuf_merges_discard_delete_mark,0,0,0.000000,enabled
1782985208.422,2026-07-02 09:40:08.423,ibuf_merges_discard_insert,0,0,0.000000,enabled
1782985208.422,2026-07-02 09:40:08.423,ibuf_merges_insert,0,0,0.000000,enabled
1782985208.422,2026-07-02 09:40:08.423,ibuf_size,1,1,0.000359,enabled
1782985208.422,2026-07-02 09:40:08.423,innodb_activity_count,20447166,20447166,7341.946726,enabled
1782985208.422,2026-07-02 09:40:08.423,innodb_dblwr_pages_written,32613101,32613101,11710.358733,enabled
1782985208.422,2026-07-02 09:40:08.423,innodb_dblwr_writes,680797,680797,244.453206,enabled
1782985208.422,2026-07-02 09:40:08.423,innodb_page_size,16384,16384,0.000000,enabled
1782985208.422,2026-07-02 09:40:08.423,innodb_rwlock_sx_os_waits,0,0,0.000000,enabled
1782985208.422,2026-07-02 09:40:08.423,innodb_rwlock_sx_spin_rounds,0,0,0.000000,enabled
1782985208.422,2026-07-02 09:40:08.423,innodb_rwlock_sx_spin_waits,0,0,0.000000,enabled
1782985208.422,2026-07-02 09:40:08.423,innodb_rwlock_s_os_waits,0,0,0.000000,enabled
1782985208.422,2026-07-02 09:40:08.423,innodb_rwlock_s_spin_rounds,0,0,0.000000,enabled
1782985208.422,2026-07-02 09:40:08.423,innodb_rwlock_s_spin_waits,0,0,0.000000,enabled
1782985208.422,2026-07-02 09:40:08.423,innodb_rwlock_x_os_waits,0,0,0.000000,enabled
1782985208.422,2026-07-02 09:40:08.423,innodb_rwlock_x_spin_rounds,0,0,0.000000,enabled
1782985208.422,2026-07-02 09:40:08.423,innodb_rwlock_x_spin_waits,0,0,0.000000,enabled
1782985208.422,2026-07-02 09:40:08.423,lock_deadlocks,0,0,0.000000,enabled
1782985208.422,2026-07-02 09:40:08.423,lock_deadlock_false_positives,0,0,0.000000,enabled
1782985208.422,2026-07-02 09:40:08.423,lock_deadlock_rounds,3022,3022,1.085107,enabled
1782985208.422,2026-07-02 09:40:08.423,lock_rec_grant_attempts,425,425,0.152604,enabled
1782985208.422,2026-07-02 09:40:08.423,lock_rec_release_attempts,46399672,46399672,16660.693714,enabled
1782985208.422,2026-07-02 09:40:08.423,lock_row_lock_current_waits,0,0,0.000000,enabled
1782985208.422,2026-07-02 09:40:08.423,lock_row_lock_time,323,323,0.115979,enabled
1782985208.422,2026-07-02 09:40:08.423,lock_row_lock_time_avg,0,0,0.000000,enabled
1782985208.422,2026-07-02 09:40:08.423,lock_row_lock_time_max,29,29,0.000000,enabled
1782985208.422,2026-07-02 09:40:08.423,lock_row_lock_waits,425,425,0.152604,enabled
1782985208.422,2026-07-02 09:40:08.423,lock_schedule_refreshes,3022,3022,1.085107,enabled
1782985208.422,2026-07-02 09:40:08.423,lock_threads_waiting,0,0,0.000000,enabled
1782985208.422,2026-07-02 09:40:08.423,lock_timeouts,0,0,0.000000,enabled
1782985208.422,2026-07-02 09:40:08.423,log_waits,0,0,0.000000,enabled
1782985208.422,2026-07-02 09:40:08.423,log_writes,234420034,234420034,84173.007919,enabled
1782985208.422,2026-07-02 09:40:08.423,log_write_requests,444210237,444210237,159502.202840,enabled
1782985208.422,2026-07-02 09:40:08.423,os_data_fsyncs,69921652,69921652,25106.710392,enabled
1782985208.422,2026-07-02 09:40:08.423,os_data_reads,100891412,100891412,36226.996830,enabled
1782985208.422,2026-07-02 09:40:08.423,os_data_writes,267999148,267999148,96230.234919,enabled
1782985208.422,2026-07-02 09:40:08.423,os_log_bytes_written,144976290304,144976290304,52056517.906589,enabled
1782985208.422,2026-07-02 09:40:08.423,os_log_fsyncs,60830613,60830613,21842.398412,enabled
1782985208.422,2026-07-02 09:40:08.423,os_log_pending_fsyncs,1,1,0.000359,enabled
1782985208.422,2026-07-02 09:40:08.423,os_log_pending_writes,0,0,0.000000,enabled
1782985208.422,2026-07-02 09:40:08.423,trx_rseg_history_len,1087,1087,0.000000,enabled
1782985209.491,2026-07-02 09:40:09.492,adaptive_hash_searches,0,0,0.000000,enabled
1782985209.491,2026-07-02 09:40:09.492,adaptive_hash_searches_btree,671568239,671568239,241046.865969,enabled
1782985209.491,2026-07-02 09:40:09.492,buffer_data_reads,1649062382080,1649062382080,591900169.712652,enabled
1782985209.491,2026-07-02 09:40:09.492,buffer_data_written,718880304640,718880304640,258028670.499462,enabled
1782985209.491,2026-07-02 09:40:09.492,buffer_pages0_read,7,7,0.002513,enabled
1782985209.491,2026-07-02 09:40:09.492,buffer_pages_created,1828598,1828598,656.341134,enabled
1782985209.491,2026-07-02 09:40:09.492,buffer_pages_read,100934641,100934641,36228.605950,enabled
1782985209.491,2026-07-02 09:40:09.492,buffer_pages_written,32691220,32691220,11733.903432,enabled
1782985209.491,2026-07-02 09:40:09.492,buffer_pool_bytes_data,12849364992,12849364992,0.000000,enabled
1782985209.491,2026-07-02 09:40:09.492,buffer_pool_bytes_dirty,4625760256,4625760256,0.000000,enabled
1782985209.491,2026-07-02 09:40:09.492,buffer_pool_pages_data,784263,784263,0.000000,enabled
1782985209.491,2026-07-02 09:40:09.492,buffer_pool_pages_dirty,282334,282334,0.000000,enabled
1782985209.491,2026-07-02 09:40:09.492,buffer_pool_pages_flushed,32634106,32634106,0.000000,enabled
1782985209.491,2026-07-02 09:40:09.492,buffer_pool_pages_free,2072,2072,0.000000,enabled
1782985209.491,2026-07-02 09:40:09.492,buffer_pool_pages_lru_flushed,0,0,0.000000,enabled
1782985209.491,2026-07-02 09:40:09.492,buffer_pool_pages_misc,96,96,0.000000,enabled
1782985209.491,2026-07-02 09:40:09.492,buffer_pool_pages_total,786432,786432,0.000000,enabled
1782985209.491,2026-07-02 09:40:09.492,buffer_pool_reads,100011694,100011694,35897.332394,enabled
1782985209.491,2026-07-02 09:40:09.492,buffer_pool_read_ahead,803715,803715,288.478508,enabled
1782985209.491,2026-07-02 09:40:09.492,buffer_pool_read_ahead_evicted,25,25,0.008973,enabled
1782985209.491,2026-07-02 09:40:09.492,buffer_pool_read_requests,3244745781,3244745781,1164640.979651,enabled
1782985209.491,2026-07-02 09:40:09.492,buffer_pool_size,12884901888,12884901888,0.000000,enabled
1782985209.491,2026-07-02 09:40:09.492,buffer_pool_wait_free,18945,18945,6.799954,enabled
1782985209.491,2026-07-02 09:40:09.492,buffer_pool_write_requests,654872562,654872562,235054.291823,enabled
1782985209.491,2026-07-02 09:40:09.492,dml_deletes,15269999,15269999,5480.880585,enabled
1782985209.491,2026-07-02 09:40:09.492,dml_inserts,115155406,115155406,41332.879558,enabled
1782985209.491,2026-07-02 09:40:09.492,dml_system_deletes,468,468,0.167980,enabled
1782985209.491,2026-07-02 09:40:09.492,dml_system_inserts,1202,1202,0.431435,enabled
1782985209.491,2026-07-02 09:40:09.492,dml_system_reads,7661,7661,2.749773,enabled
1782985209.491,2026-07-02 09:40:09.492,dml_system_updates,620,620,0.222537,enabled
1782985209.491,2026-07-02 09:40:09.492,dml_updates,30540135,30540135,10961.810336,enabled
1782985209.491,2026-07-02 09:40:09.492,file_num_open_files,35,35,0.000000,enabled
1782985209.491,2026-07-02 09:40:09.492,ibuf_merges,0,0,0.000000,enabled
1782985209.491,2026-07-02 09:40:09.492,ibuf_merges_delete,0,0,0.000000,enabled
1782985209.491,2026-07-02 09:40:09.492,ibuf_merges_delete_mark,0,0,0.000000,enabled
1782985209.491,2026-07-02 09:40:09.492,ibuf_merges_discard_delete,0,0,0.000000,enabled
1782985209.491,2026-07-02 09:40:09.492,ibuf_merges_discard_delete_mark,0,0,0.000000,enabled
1782985209.491,2026-07-02 09:40:09.492,ibuf_merges_discard_insert,0,0,0.000000,enabled
1782985209.491,2026-07-02 09:40:09.492,ibuf_merges_insert,0,0,0.000000,enabled
1782985209.491,2026-07-02 09:40:09.492,ibuf_size,1,1,0.000359,enabled
1782985209.491,2026-07-02 09:40:09.492,innodb_activity_count,20452793,20452793,7341.147657,enabled
1782985209.491,2026-07-02 09:40:09.492,innodb_dblwr_pages_written,32631592,32631592,11712.499802,enabled
1782985209.491,2026-07-02 09:40:09.492,innodb_dblwr_writes,681200,681200,244.504003,enabled
1782985209.491,2026-07-02 09:40:09.492,innodb_page_size,16384,16384,0.000000,enabled
1782985209.491,2026-07-02 09:40:09.492,innodb_rwlock_sx_os_waits,0,0,0.000000,enabled
1782985209.491,2026-07-02 09:40:09.492,innodb_rwlock_sx_spin_rounds,0,0,0.000000,enabled
1782985209.491,2026-07-02 09:40:09.492,innodb_rwlock_sx_spin_waits,0,0,0.000000,enabled
1782985209.491,2026-07-02 09:40:09.492,innodb_rwlock_s_os_waits,0,0,0.000000,enabled
1782985209.491,2026-07-02 09:40:09.492,innodb_rwlock_s_spin_rounds,0,0,0.000000,enabled
1782985209.491,2026-07-02 09:40:09.492,innodb_rwlock_s_spin_waits,0,0,0.000000,enabled
1782985209.491,2026-07-02 09:40:09.492,innodb_rwlock_x_os_waits,0,0,0.000000,enabled
1782985209.491,2026-07-02 09:40:09.492,innodb_rwlock_x_spin_rounds,0,0,0.000000,enabled
1782985209.491,2026-07-02 09:40:09.492,innodb_rwlock_x_spin_waits,0,0,0.000000,enabled
1782985209.491,2026-07-02 09:40:09.492,lock_deadlocks,0,0,0.000000,enabled
1782985209.491,2026-07-02 09:40:09.492,lock_deadlock_false_positives,0,0,0.000000,enabled
1782985209.491,2026-07-02 09:40:09.492,lock_deadlock_rounds,3023,3023,1.085049,enabled
1782985209.491,2026-07-02 09:40:09.492,lock_rec_grant_attempts,425,425,0.152546,enabled
1782985209.491,2026-07-02 09:40:09.492,lock_rec_release_attempts,46414547,46414547,16659.636206,enabled
1782985209.491,2026-07-02 09:40:09.492,lock_row_lock_current_waits,0,0,0.000000,enabled
1782985209.491,2026-07-02 09:40:09.492,lock_row_lock_time,323,323,0.115935,enabled
1782985209.491,2026-07-02 09:40:09.492,lock_row_lock_time_avg,0,0,0.000000,enabled
1782985209.491,2026-07-02 09:40:09.492,lock_row_lock_time_max,29,29,0.000000,enabled
1782985209.491,2026-07-02 09:40:09.492,lock_row_lock_waits,425,425,0.152546,enabled
1782985209.491,2026-07-02 09:40:09.492,lock_schedule_refreshes,3023,3023,1.085049,enabled
1782985209.491,2026-07-02 09:40:09.492,lock_threads_waiting,0,0,0.000000,enabled
1782985209.491,2026-07-02 09:40:09.492,lock_timeouts,0,0,0.000000,enabled
1782985209.491,2026-07-02 09:40:09.492,log_waits,0,0,0.000000,enabled
1782985209.491,2026-07-02 09:40:09.492,log_writes,234501055,234501055,84169.772262,enabled
1782985209.491,2026-07-02 09:40:09.492,log_write_requests,444293279,444293279,159470.771377,enabled
1782985209.491,2026-07-02 09:40:09.492,os_data_fsyncs,69956444,69956444,25109.559062,enabled
1782985209.491,2026-07-02 09:40:09.492,os_data_reads,100948547,100948547,36233.595658,enabled
1782985209.491,2026-07-02 09:40:09.492,os_data_writes,268098248,268098248,96228.859142,enabled
1782985209.491,2026-07-02 09:40:09.492,os_log_bytes_written,145018490368,145018490368,52051678.670510,enabled
1782985209.491,2026-07-02 09:40:09.492,os_log_fsyncs,60860086,60860086,21844.591198,enabled
1782985209.491,2026-07-02 09:40:09.492,os_log_pending_fsyncs,0,0,0.000000,enabled
1782985209.491,2026-07-02 09:40:09.492,os_log_pending_writes,0,0,0.000000,enabled
1782985209.491,2026-07-02 09:40:09.492,trx_rseg_history_len,1168,1168,0.000000,enabled
1782985210.560,2026-07-02 09:40:10.562,adaptive_hash_searches,0,0,0.000000,enabled
1782985210.560,2026-07-02 09:40:10.562,adaptive_hash_searches_btree,671738938,671738938,241015.453997,enabled
1782985210.560,2026-07-02 09:40:10.562,buffer_data_reads,1650013407744,1650013407744,592013869.813228,enabled
1782985210.560,2026-07-02 09:40:10.562,buffer_data_written,719198441984,719198441984,258043631.982846,enabled
1782985210.560,2026-07-02 09:40:10.562,buffer_pages0_read,7,7,0.002512,enabled
1782985210.560,2026-07-02 09:40:10.562,buffer_pages_created,1828627,1828627,656.099247,enabled
1782985210.560,2026-07-02 09:40:10.562,buffer_pages_read,100992861,100992861,36235.568918,enabled
1782985210.560,2026-07-02 09:40:10.562,buffer_pages_written,32707648,32707648,11735.287276,enabled
1782985210.560,2026-07-02 09:40:10.562,buffer_pool_bytes_data,12849266688,12849266688,0.000000,enabled
1782985210.560,2026-07-02 09:40:10.562,buffer_pool_bytes_dirty,4627955712,4627955712,0.000000,enabled
1782985210.560,2026-07-02 09:40:10.562,buffer_pool_pages_data,784257,784257,0.000000,enabled
1782985210.560,2026-07-02 09:40:10.562,buffer_pool_pages_dirty,282468,282468,0.000000,enabled
1782985210.560,2026-07-02 09:40:10.562,buffer_pool_pages_flushed,32650534,32650534,0.000000,enabled
1782985210.560,2026-07-02 09:40:10.562,buffer_pool_pages_free,2079,2079,0.000000,enabled
1782985210.560,2026-07-02 09:40:10.562,buffer_pool_pages_lru_flushed,0,0,0.000000,enabled
1782985210.560,2026-07-02 09:40:10.562,buffer_pool_pages_misc,96,96,0.000000,enabled
1782985210.560,2026-07-02 09:40:10.562,buffer_pool_pages_total,786432,786432,0.000000,enabled
1782985210.560,2026-07-02 09:40:10.562,buffer_pool_reads,100069850,100069850,35904.399671,enabled
1782985210.560,2026-07-02 09:40:10.562,buffer_pool_read_ahead,803715,803715,288.367619,enabled
1782985210.560,2026-07-02 09:40:10.562,buffer_pool_read_ahead_evicted,25,25,0.008970,enabled
1782985210.560,2026-07-02 09:40:10.562,buffer_pool_read_requests,3245594533,3245594533,1164497.826059,enabled
1782985210.560,2026-07-02 09:40:10.562,buffer_pool_size,12884901888,12884901888,0.000000,enabled
1782985210.560,2026-07-02 09:40:10.562,buffer_pool_wait_free,18945,18945,6.797341,enabled
1782985210.560,2026-07-02 09:40:10.562,buffer_pool_write_requests,654989723,654989723,235005.975120,enabled
1782985210.560,2026-07-02 09:40:10.562,dml_deletes,15274928,15274928,5480.542242,enabled
1782985210.560,2026-07-02 09:40:10.562,dml_inserts,115160336,115160336,41318.760157,enabled
1782985210.560,2026-07-02 09:40:10.562,dml_system_deletes,468,468,0.167915,enabled
1782985210.560,2026-07-02 09:40:10.562,dml_system_inserts,1202,1202,0.431270,enabled
1782985210.560,2026-07-02 09:40:10.562,dml_system_reads,7661,7661,2.748716,enabled
1782985210.560,2026-07-02 09:40:10.562,dml_system_updates,620,620,0.222452,enabled
1782985210.560,2026-07-02 09:40:10.562,dml_updates,30549996,30549996,10961.134708,enabled
1782985210.560,2026-07-02 09:40:10.562,file_num_open_files,35,35,0.000000,enabled
1782985210.560,2026-07-02 09:40:10.562,ibuf_merges,0,0,0.000000,enabled
1782985210.560,2026-07-02 09:40:10.562,ibuf_merges_delete,0,0,0.000000,enabled
1782985210.560,2026-07-02 09:40:10.562,ibuf_merges_delete_mark,0,0,0.000000,enabled
1782985210.560,2026-07-02 09:40:10.562,ibuf_merges_discard_delete,0,0,0.000000,enabled
1782985210.560,2026-07-02 09:40:10.562,ibuf_merges_discard_delete_mark,0,0,0.000000,enabled
1782985210.560,2026-07-02 09:40:10.562,ibuf_merges_discard_insert,0,0,0.000000,enabled
1782985210.560,2026-07-02 09:40:10.562,ibuf_merges_insert,0,0,0.000000,enabled
1782985210.560,2026-07-02 09:40:10.562,ibuf_size,1,1,0.000359,enabled
1782985210.560,2026-07-02 09:40:10.562,innodb_activity_count,20458466,20458466,7340.361178,enabled
1782985210.560,2026-07-02 09:40:10.562,innodb_dblwr_pages_written,32648020,32648020,11713.891807,enabled
1782985210.560,2026-07-02 09:40:10.562,innodb_dblwr_writes,681570,681570,244.542770,enabled
1782985210.560,2026-07-02 09:40:10.562,innodb_page_size,16384,16384,0.000000,enabled
1782985210.560,2026-07-02 09:40:10.562,innodb_rwlock_sx_os_waits,0,0,0.000000,enabled
1782985210.560,2026-07-02 09:40:10.562,innodb_rwlock_sx_spin_rounds,0,0,0.000000,enabled
1782985210.560,2026-07-02 09:40:10.562,innodb_rwlock_sx_spin_waits,0,0,0.000000,enabled
1782985210.560,2026-07-02 09:40:10.562,innodb_rwlock_s_os_waits,0,0,0.000000,enabled
1782985210.560,2026-07-02 09:40:10.562,innodb_rwlock_s_spin_rounds,0,0,0.000000,enabled
1782985210.560,2026-07-02 09:40:10.562,innodb_rwlock_s_spin_waits,0,0,0.000000,enabled
1782985210.560,2026-07-02 09:40:10.562,innodb_rwlock_x_os_waits,0,0,0.000000,enabled
1782985210.560,2026-07-02 09:40:10.562,innodb_rwlock_x_spin_rounds,0,0,0.000000,enabled
1782985210.560,2026-07-02 09:40:10.562,innodb_rwlock_x_spin_waits,0,0,0.000000,enabled
1782985210.560,2026-07-02 09:40:10.562,lock_deadlocks,0,0,0.000000,enabled
1782985210.560,2026-07-02 09:40:10.562,lock_deadlock_false_positives,0,0,0.000000,enabled
1782985210.560,2026-07-02 09:40:10.562,lock_deadlock_rounds,3024,3024,1.084991,enabled
1782985210.560,2026-07-02 09:40:10.562,lock_rec_grant_attempts,425,425,0.152487,enabled
1782985210.560,2026-07-02 09:40:10.562,lock_rec_release_attempts,46429522,46429522,16658.605251,enabled
1782985210.560,2026-07-02 09:40:10.562,lock_row_lock_current_waits,0,0,0.000000,enabled
1782985210.560,2026-07-02 09:40:10.562,lock_row_lock_time,323,323,0.115890,enabled
1782985210.560,2026-07-02 09:40:10.562,lock_row_lock_time_avg,0,0,0.000000,enabled
1782985210.560,2026-07-02 09:40:10.562,lock_row_lock_time_max,29,29,0.000000,enabled
1782985210.560,2026-07-02 09:40:10.562,lock_row_lock_waits,425,425,0.152487,enabled
1782985210.560,2026-07-02 09:40:10.562,lock_schedule_refreshes,3024,3024,1.084991,enabled
1782985210.560,2026-07-02 09:40:10.562,lock_threads_waiting,0,0,0.000000,enabled
1782985210.560,2026-07-02 09:40:10.562,lock_timeouts,0,0,0.000000,enabled
1782985210.560,2026-07-02 09:40:10.562,log_waits,0,0,0.000000,enabled
1782985210.560,2026-07-02 09:40:10.562,log_writes,234583330,234583330,84166.937695,enabled
1782985210.560,2026-07-02 09:40:10.562,log_write_requests,444378222,444378222,159439.948884,enabled
1782985210.560,2026-07-02 09:40:10.562,os_data_fsyncs,69991887,69991887,25112.623848,enabled
1782985210.560,2026-07-02 09:40:10.562,os_data_reads,101006604,101006604,36240.498205,enabled
1782985210.560,2026-07-02 09:40:10.562,os_data_writes,268197228,268197228,96227.382862,enabled
1782985210.560,2026-07-02 09:40:10.562,os_log_bytes_written,145061289984,145061289984,52047026.604709,enabled
1782985210.560,2026-07-02 09:40:10.562,os_log_fsyncs,60890472,60890472,21847.096596,enabled
1782985210.560,2026-07-02 09:40:10.562,os_log_pending_fsyncs,1,1,0.000359,enabled
1782985210.560,2026-07-02 09:40:10.562,os_log_pending_writes,0,0,0.000000,enabled
1782985210.560,2026-07-02 09:40:10.562,trx_rseg_history_len,68,68,0.000000,enabled
1782985211.631,2026-07-02 09:40:11.633,adaptive_hash_searches,0,0,0.000000,enabled
1782985211.631,2026-07-02 09:40:11.633,adaptive_hash_searches_btree,671909848,671909848,240984.301543,enabled
1782985211.631,2026-07-02 09:40:11.633,buffer_data_reads,1650962156032,1650962156032,592127055.360099,enabled
1782985211.631,2026-07-02 09:40:11.633,buffer_data_written,719517122560,719517122560,258058946.548855,enabled
1782985211.631,2026-07-02 09:40:11.633,buffer_pages0_read,7,7,0.002511,enabled
1782985211.631,2026-07-02 09:40:11.633,buffer_pages_created,1828660,1828660,655.859412,enabled
1782985211.631,2026-07-02 09:40:11.633,buffer_pages_read,101050946,101050946,36242.501971,enabled
1782985211.631,2026-07-02 09:40:11.633,buffer_pages_written,32724162,32724162,11736.708622,enabled
1782985211.631,2026-07-02 09:40:11.633,buffer_pool_bytes_data,12856164352,12856164352,0.000000,enabled
1782985211.631,2026-07-02 09:40:11.633,buffer_pool_bytes_dirty,4631478272,4631478272,0.000000,enabled
1782985211.631,2026-07-02 09:40:11.633,buffer_pool_pages_data,784678,784678,0.000000,enabled
1782985211.631,2026-07-02 09:40:11.633,buffer_pool_pages_dirty,282683,282683,0.000000,enabled
1782985211.631,2026-07-02 09:40:11.633,buffer_pool_pages_flushed,32667048,32667048,0.000000,enabled
1782985211.631,2026-07-02 09:40:11.633,buffer_pool_pages_free,1657,1657,0.000000,enabled
1782985211.631,2026-07-02 09:40:11.633,buffer_pool_pages_lru_flushed,0,0,0.000000,enabled
1782985211.631,2026-07-02 09:40:11.633,buffer_pool_pages_misc,96,96,0.000000,enabled
1782985211.631,2026-07-02 09:40:11.633,buffer_pool_pages_total,786432,786432,0.000000,enabled
1782985211.631,2026-07-02 09:40:11.633,buffer_pool_reads,100127863,100127863,35911.433993,enabled
1782985211.631,2026-07-02 09:40:11.633,buffer_pool_read_ahead,803715,803715,288.257005,enabled
1782985211.631,2026-07-02 09:40:11.633,buffer_pool_read_ahead_evicted,25,25,0.008966,enabled
1782985211.631,2026-07-02 09:40:11.633,buffer_pool_read_requests,3246440297,3246440297,1164354.480726,enabled
1782985211.631,2026-07-02 09:40:11.633,buffer_pool_size,12884901888,12884901888,0.000000,enabled
1782985211.631,2026-07-02 09:40:11.633,buffer_pool_wait_free,18945,18945,6.794733,enabled
1782985211.631,2026-07-02 09:40:11.633,buffer_pool_write_requests,655103336,655103336,234956.578381,enabled
1782985211.631,2026-07-02 09:40:11.633,dml_deletes,15279874,15279874,5480.213898,enabled
1782985211.631,2026-07-02 09:40:11.633,dml_inserts,115165282,115165282,41304.684802,enabled
1782985211.631,2026-07-02 09:40:11.633,dml_system_deletes,468,468,0.167851,enabled
1782985211.631,2026-07-02 09:40:11.633,dml_system_inserts,1202,1202,0.431104,enabled
1782985211.631,2026-07-02 09:40:11.633,dml_system_reads,7661,7661,2.747661,enabled
1782985211.631,2026-07-02 09:40:11.633,dml_system_updates,620,620,0.222367,enabled
1782985211.631,2026-07-02 09:40:11.633,dml_updates,30559891,30559891,10960.479077,enabled
1782985211.631,2026-07-02 09:40:11.633,file_num_open_files,35,35,0.000000,enabled
1782985211.631,2026-07-02 09:40:11.633,ibuf_merges,0,0,0.000000,enabled
1782985211.631,2026-07-02 09:40:11.633,ibuf_merges_delete,0,0,0.000000,enabled
1782985211.631,2026-07-02 09:40:11.633,ibuf_merges_delete_mark,0,0,0.000000,enabled
1782985211.631,2026-07-02 09:40:11.633,ibuf_merges_discard_delete,0,0,0.000000,enabled
1782985211.631,2026-07-02 09:40:11.633,ibuf_merges_discard_delete_mark,0,0,0.000000,enabled
1782985211.631,2026-07-02 09:40:11.633,ibuf_merges_discard_insert,0,0,0.000000,enabled
1782985211.631,2026-07-02 09:40:11.633,ibuf_merges_insert,0,0,0.000000,enabled
1782985211.631,2026-07-02 09:40:11.633,ibuf_size,1,1,0.000359,enabled
1782985211.631,2026-07-02 09:40:11.633,innodb_activity_count,20464145,20464145,7339.582326,enabled
1782985211.631,2026-07-02 09:40:11.633,innodb_dblwr_pages_written,32664534,32664534,11715.321372,enabled
1782985211.631,2026-07-02 09:40:11.633,innodb_dblwr_writes,681926,681926,244.576648,enabled
1782985211.631,2026-07-02 09:40:11.633,innodb_page_size,16384,16384,0.000000,enabled
1782985211.631,2026-07-02 09:40:11.633,innodb_rwlock_sx_os_waits,0,0,0.000000,enabled
1782985211.631,2026-07-02 09:40:11.633,innodb_rwlock_sx_spin_rounds,0,0,0.000000,enabled
1782985211.631,2026-07-02 09:40:11.633,innodb_rwlock_sx_spin_waits,0,0,0.000000,enabled
1782985211.631,2026-07-02 09:40:11.633,innodb_rwlock_s_os_waits,0,0,0.000000,enabled
1782985211.631,2026-07-02 09:40:11.633,innodb_rwlock_s_spin_rounds,0,0,0.000000,enabled
1782985211.631,2026-07-02 09:40:11.633,innodb_rwlock_s_spin_waits,0,0,0.000000,enabled
1782985211.631,2026-07-02 09:40:11.633,innodb_rwlock_x_os_waits,0,0,0.000000,enabled
1782985211.631,2026-07-02 09:40:11.633,innodb_rwlock_x_spin_rounds,0,0,0.000000,enabled
1782985211.631,2026-07-02 09:40:11.633,innodb_rwlock_x_spin_waits,0,0,0.000000,enabled
1782985211.631,2026-07-02 09:40:11.633,lock_deadlocks,0,0,0.000000,enabled
1782985211.631,2026-07-02 09:40:11.633,lock_deadlock_false_positives,0,0,0.000000,enabled
1782985211.631,2026-07-02 09:40:11.633,lock_deadlock_rounds,3025,3025,1.084934,enabled
1782985211.631,2026-07-02 09:40:11.633,lock_rec_grant_attempts,425,425,0.152429,enabled
1782985211.631,2026-07-02 09:40:11.633,lock_rec_release_attempts,46444584,46444584,16657.617355,enabled
1782985211.631,2026-07-02 09:40:11.633,lock_row_lock_current_waits,0,0,0.000000,enabled
1782985211.631,2026-07-02 09:40:11.633,lock_row_lock_time,323,323,0.115846,enabled
1782985211.631,2026-07-02 09:40:11.633,lock_row_lock_time_avg,0,0,0.000000,enabled
1782985211.631,2026-07-02 09:40:11.633,lock_row_lock_time_max,29,29,0.000000,enabled
1782985211.631,2026-07-02 09:40:11.633,lock_row_lock_waits,425,425,0.152429,enabled
1782985211.631,2026-07-02 09:40:11.633,lock_schedule_refreshes,3025,3025,1.084934,enabled
1782985211.631,2026-07-02 09:40:11.633,lock_threads_waiting,0,0,0.000000,enabled
1782985211.631,2026-07-02 09:40:11.633,lock_timeouts,0,0,0.000000,enabled
1782985211.631,2026-07-02 09:40:11.633,log_waits,0,0,0.000000,enabled
1782985211.631,2026-07-02 09:40:11.633,log_writes,234663497,234663497,84163.404401,enabled
1782985211.631,2026-07-02 09:40:11.633,log_write_requests,444462159,444462159,159408.893700,enabled
1782985211.631,2026-07-02 09:40:11.633,os_data_fsyncs,70026466,70026466,25115.392830,enabled
1782985211.631,2026-07-02 09:40:11.633,os_data_reads,101064524,101064524,36247.370015,enabled
1782985211.631,2026-07-02 09:40:11.633,os_data_writes,268294156,268294156,96225.234688,enabled
1782985211.631,2026-07-02 09:40:11.633,os_log_bytes_written,145103216128,145103216128,52042098.891508,enabled
1782985211.631,2026-07-02 09:40:11.633,os_log_fsyncs,60920144,60920144,21849.358279,enabled
1782985211.631,2026-07-02 09:40:11.633,os_log_pending_fsyncs,0,0,0.000000,enabled
1782985211.631,2026-07-02 09:40:11.633,os_log_pending_writes,0,0,0.000000,enabled
1782985211.631,2026-07-02 09:40:11.633,trx_rseg_history_len,198,198,0.000000,enabled
1782985212.701,2026-07-02 09:40:12.703,adaptive_hash_searches,0,0,0.000000,enabled
1782985212.701,2026-07-02 09:40:12.703,adaptive_hash_searches_btree,672081677,672081677,240953.407660,enabled
1782985212.701,2026-07-02 09:40:12.703,buffer_data_reads,1651920079360,1651920079360,592243219.041357,enabled
1782985212.701,2026-07-02 09:40:12.703,buffer_data_written,719836000768,719836000768,258074222.448853,enabled
1782985212.701,2026-07-02 09:40:12.703,buffer_pages0_read,7,7,0.002510,enabled
1782985212.701,2026-07-02 09:40:12.703,buffer_pages_created,1828689,1828689,655.618078,enabled
1782985212.701,2026-07-02 09:40:12.703,buffer_pages_read,101109564,101109564,36249.607050,enabled
1782985212.701,2026-07-02 09:40:12.703,buffer_pages_written,32740683,32740683,11738.126939,enabled
1782985212.701,2026-07-02 09:40:12.703,buffer_pool_bytes_data,12850806784,12850806784,0.000000,enabled
1782985212.701,2026-07-02 09:40:12.703,buffer_pool_bytes_dirty,4637392896,4637392896,0.000000,enabled
1782985212.701,2026-07-02 09:40:12.703,buffer_pool_pages_data,784351,784351,0.000000,enabled
1782985212.701,2026-07-02 09:40:12.703,buffer_pool_pages_dirty,283044,283044,0.000000,enabled
1782985212.701,2026-07-02 09:40:12.703,buffer_pool_pages_flushed,32683473,32683473,0.000000,enabled
1782985212.701,2026-07-02 09:40:12.703,buffer_pool_pages_free,1984,1984,0.000000,enabled
1782985212.701,2026-07-02 09:40:12.703,buffer_pool_pages_lru_flushed,0,0,0.000000,enabled
1782985212.701,2026-07-02 09:40:12.703,buffer_pool_pages_misc,97,97,0.000000,enabled
1782985212.701,2026-07-02 09:40:12.703,buffer_pool_pages_total,786432,786432,0.000000,enabled
1782985212.701,2026-07-02 09:40:12.703,buffer_pool_reads,100186427,100186427,35918.646880,enabled
1782985212.701,2026-07-02 09:40:12.703,buffer_pool_read_ahead,803715,803715,288.146367,enabled
1782985212.701,2026-07-02 09:40:12.703,buffer_pool_read_ahead_evicted,25,25,0.008963,enabled
1782985212.701,2026-07-02 09:40:12.703,buffer_pool_read_requests,3247290713,3247290713,1164212.472150,enabled
1782985212.701,2026-07-02 09:40:12.703,buffer_pool_size,12884901888,12884901888,0.000000,enabled
1782985212.701,2026-07-02 09:40:12.703,buffer_pool_wait_free,18945,18945,6.792125,enabled
1782985212.701,2026-07-02 09:40:12.703,buffer_pool_write_requests,655217526,655217526,234907.337396,enabled
1782985212.701,2026-07-02 09:40:12.703,dml_deletes,15284852,15284852,5479.895095,enabled
1782985212.701,2026-07-02 09:40:12.703,dml_inserts,115170261,115170261,41290.615629,enabled
1782985212.701,2026-07-02 09:40:12.703,dml_system_deletes,468,468,0.167786,enabled
1782985212.701,2026-07-02 09:40:12.703,dml_system_inserts,1202,1202,0.430939,enabled
1782985212.701,2026-07-02 09:40:12.703,dml_system_reads,7661,7661,2.746607,enabled
1782985212.701,2026-07-02 09:40:12.703,dml_system_updates,620,620,0.222281,enabled
1782985212.701,2026-07-02 09:40:12.703,dml_updates,30569839,30569839,10959.838583,enabled
1782985212.701,2026-07-02 09:40:12.703,file_num_open_files,35,35,0.000000,enabled
1782985212.701,2026-07-02 09:40:12.703,ibuf_merges,0,0,0.000000,enabled
1782985212.701,2026-07-02 09:40:12.703,ibuf_merges_delete,0,0,0.000000,enabled
1782985212.701,2026-07-02 09:40:12.703,ibuf_merges_delete_mark,0,0,0.000000,enabled
1782985212.701,2026-07-02 09:40:12.703,ibuf_merges_discard_delete,0,0,0.000000,enabled
1782985212.701,2026-07-02 09:40:12.703,ibuf_merges_discard_delete_mark,0,0,0.000000,enabled
1782985212.701,2026-07-02 09:40:12.703,ibuf_merges_discard_insert,0,0,0.000000,enabled
1782985212.701,2026-07-02 09:40:12.703,ibuf_merges_insert,0,0,0.000000,enabled
1782985212.701,2026-07-02 09:40:12.703,ibuf_size,1,1,0.000359,enabled
1782985212.701,2026-07-02 09:40:12.703,innodb_activity_count,20469866,20469866,7338.816223,enabled
1782985212.701,2026-07-02 09:40:12.703,innodb_dblwr_pages_written,32681065,32681065,11716.751280,enabled
1782985212.701,2026-07-02 09:40:12.703,innodb_dblwr_writes,682292,682292,244.613989,enabled
1782985212.701,2026-07-02 09:40:12.703,innodb_page_size,16384,16384,0.000000,enabled
1782985212.701,2026-07-02 09:40:12.703,innodb_rwlock_sx_os_waits,0,0,0.000000,enabled
1782985212.701,2026-07-02 09:40:12.703,innodb_rwlock_sx_spin_rounds,0,0,0.000000,enabled
1782985212.701,2026-07-02 09:40:12.703,innodb_rwlock_sx_spin_waits,0,0,0.000000,enabled
1782985212.701,2026-07-02 09:40:12.703,innodb_rwlock_s_os_waits,0,0,0.000000,enabled
1782985212.701,2026-07-02 09:40:12.703,innodb_rwlock_s_spin_rounds,0,0,0.000000,enabled
1782985212.701,2026-07-02 09:40:12.703,innodb_rwlock_s_spin_waits,0,0,0.000000,enabled
1782985212.701,2026-07-02 09:40:12.703,innodb_rwlock_x_os_waits,0,0,0.000000,enabled
1782985212.701,2026-07-02 09:40:12.703,innodb_rwlock_x_spin_rounds,0,0,0.000000,enabled
1782985212.701,2026-07-02 09:40:12.703,innodb_rwlock_x_spin_waits,0,0,0.000000,enabled
1782985212.701,2026-07-02 09:40:12.703,lock_deadlocks,0,0,0.000000,enabled
1782985212.701,2026-07-02 09:40:12.703,lock_deadlock_false_positives,0,0,0.000000,enabled
1782985212.701,2026-07-02 09:40:12.703,lock_deadlock_rounds,3026,3026,1.084876,enabled
1782985212.701,2026-07-02 09:40:12.703,lock_rec_grant_attempts,425,425,0.152370,enabled
1782985212.701,2026-07-02 09:40:12.703,lock_rec_release_attempts,46459709,46459709,16656.646503,enabled
1782985212.701,2026-07-02 09:40:12.703,lock_row_lock_current_waits,0,0,0.000000,enabled
1782985212.701,2026-07-02 09:40:12.703,lock_row_lock_time,323,323,0.115801,enabled
1782985212.701,2026-07-02 09:40:12.703,lock_row_lock_time_avg,0,0,0.000000,enabled
1782985212.701,2026-07-02 09:40:12.703,lock_row_lock_time_max,29,29,0.000000,enabled
1782985212.701,2026-07-02 09:40:12.703,lock_row_lock_waits,425,425,0.152370,enabled
1782985212.701,2026-07-02 09:40:12.703,lock_schedule_refreshes,3026,3026,1.084876,enabled
1782985212.701,2026-07-02 09:40:12.703,lock_threads_waiting,0,0,0.000000,enabled
1782985212.701,2026-07-02 09:40:12.703,lock_timeouts,0,0,0.000000,enabled
1782985212.701,2026-07-02 09:40:12.703,log_waits,0,0,0.000000,enabled
1782985212.701,2026-07-02 09:40:12.703,log_writes,234744185,234744185,84160.028155,enabled
1782985212.701,2026-07-02 09:40:12.703,log_write_requests,444546610,444546610,159377.985184,enabled
1782985212.701,2026-07-02 09:40:12.703,os_data_fsyncs,70062213,70062213,25118.568860,enabled
1782985212.701,2026-07-02 09:40:12.703,os_data_reads,101122985,101122985,36254.416711,enabled
1782985212.701,2026-07-02 09:40:12.703,os_data_writes,268391633,268391633,96223.248334,enabled
1782985212.701,2026-07-02 09:40:12.703,os_log_bytes_written,145145218048,145145218048,52037182.274012,enabled
1782985212.701,2026-07-02 09:40:12.703,os_log_fsyncs,60950707,60950707,21851.929332,enabled
1782985212.701,2026-07-02 09:40:12.703,os_log_pending_fsyncs,0,0,0.000000,enabled
1782985212.701,2026-07-02 09:40:12.703,os_log_pending_writes,0,0,0.000000,enabled
1782985212.701,2026-07-02 09:40:12.703,trx_rseg_history_len,335,335,0.000000,enabled
1782985213.772,2026-07-02 09:40:13.773,adaptive_hash_searches,0,0,0.000000,enabled
1782985213.772,2026-07-02 09:40:13.773,adaptive_hash_searches_btree,672251885,672251885,240921.863740,enabled
1782985213.772,2026-07-02 09:40:13.773,buffer_data_reads,1652873120256,1652873120256,592357300.831065,enabled
1782985213.772,2026-07-02 09:40:13.773,buffer_data_written,720152375808,720152375808,258088483.636137,enabled
1782985213.772,2026-07-02 09:40:13.773,buffer_pages0_read,7,7,0.002509,enabled
1782985213.772,2026-07-02 09:40:13.773,buffer_pages_created,1828717,1828717,655.376302,enabled
1782985213.772,2026-07-02 09:40:13.773,buffer_pages_read,101167898,101167898,36256.590020,enabled
1782985213.772,2026-07-02 09:40:13.773,buffer_pages_written,32757046,32757046,11739.482717,enabled
1782985213.772,2026-07-02 09:40:13.773,buffer_pool_bytes_data,12858753024,12858753024,0.000000,enabled
1782985213.772,2026-07-02 09:40:13.773,buffer_pool_bytes_dirty,4641685504,4641685504,0.000000,enabled
1782985213.772,2026-07-02 09:40:13.773,buffer_pool_pages_data,784836,784836,0.000000,enabled
1782985213.772,2026-07-02 09:40:13.773,buffer_pool_pages_dirty,283306,283306,0.000000,enabled
1782985213.772,2026-07-02 09:40:13.773,buffer_pool_pages_flushed,32699914,32699914,0.000000,enabled
1782985213.772,2026-07-02 09:40:13.773,buffer_pool_pages_free,1500,1500,0.000000,enabled
1782985213.772,2026-07-02 09:40:13.773,buffer_pool_pages_lru_flushed,0,0,0.000000,enabled
1782985213.772,2026-07-02 09:40:13.773,buffer_pool_pages_misc,96,96,0.000000,enabled
1782985213.772,2026-07-02 09:40:13.773,buffer_pool_pages_total,786432,786432,0.000000,enabled
1782985213.772,2026-07-02 09:40:13.773,buffer_pool_reads,100244704,100244704,35925.736369,enabled
1782985213.772,2026-07-02 09:40:13.773,buffer_pool_read_ahead,803715,803715,288.035695,enabled
1782985213.772,2026-07-02 09:40:13.773,buffer_pool_read_ahead_evicted,25,25,0.008960,enabled
1782985213.772,2026-07-02 09:40:13.773,buffer_pool_read_requests,3248134089,3248134089,1164067.564858,enabled
1782985213.772,2026-07-02 09:40:13.773,buffer_pool_size,12884901888,12884901888,0.000000,enabled
1782985213.772,2026-07-02 09:40:13.773,buffer_pool_wait_free,18945,18945,6.789516,enabled
1782985213.772,2026-07-02 09:40:13.773,buffer_pool_write_requests,655330915,655330915,234857.749339,enabled
1782985213.772,2026-07-02 09:40:13.773,dml_deletes,15289779,15289779,5479.556186,enabled
1782985213.772,2026-07-02 09:40:13.773,dml_inserts,115175188,115175188,41276.522991,enabled
1782985213.772,2026-07-02 09:40:13.773,dml_system_deletes,468,468,0.167722,enabled
1782985213.772,2026-07-02 09:40:13.773,dml_system_inserts,1202,1202,0.430773,enabled
1782985213.772,2026-07-02 09:40:13.773,dml_system_reads,7661,7661,2.745552,enabled
1782985213.772,2026-07-02 09:40:13.773,dml_system_updates,620,620,0.222196,enabled
1782985213.772,2026-07-02 09:40:13.773,dml_updates,30579696,30579696,10959.161820,enabled
1782985213.772,2026-07-02 09:40:13.773,file_num_open_files,35,35,0.000000,enabled
1782985213.772,2026-07-02 09:40:13.773,ibuf_merges,0,0,0.000000,enabled
1782985213.772,2026-07-02 09:40:13.773,ibuf_merges_delete,0,0,0.000000,enabled
1782985213.772,2026-07-02 09:40:13.773,ibuf_merges_delete_mark,0,0,0.000000,enabled
1782985213.772,2026-07-02 09:40:13.773,ibuf_merges_discard_delete,0,0,0.000000,enabled
1782985213.772,2026-07-02 09:40:13.773,ibuf_merges_discard_delete_mark,0,0,0.000000,enabled
1782985213.772,2026-07-02 09:40:13.773,ibuf_merges_discard_insert,0,0,0.000000,enabled
1782985213.772,2026-07-02 09:40:13.773,ibuf_merges_insert,0,0,0.000000,enabled
1782985213.772,2026-07-02 09:40:13.773,ibuf_size,1,1,0.000358,enabled
1782985213.772,2026-07-02 09:40:13.773,innodb_activity_count,20475519,20475519,7338.023534,enabled
1782985213.772,2026-07-02 09:40:13.773,innodb_dblwr_pages_written,32697400,32697400,11718.105387,enabled
1782985213.772,2026-07-02 09:40:13.773,innodb_dblwr_writes,682627,682627,244.640098,enabled
1782985213.772,2026-07-02 09:40:13.773,innodb_page_size,16384,16384,0.000000,enabled
1782985213.772,2026-07-02 09:40:13.773,innodb_rwlock_sx_os_waits,0,0,0.000000,enabled
1782985213.772,2026-07-02 09:40:13.773,innodb_rwlock_sx_spin_rounds,0,0,0.000000,enabled
1782985213.772,2026-07-02 09:40:13.773,innodb_rwlock_sx_spin_waits,0,0,0.000000,enabled
1782985213.772,2026-07-02 09:40:13.773,innodb_rwlock_s_os_waits,0,0,0.000000,enabled
1782985213.772,2026-07-02 09:40:13.773,innodb_rwlock_s_spin_rounds,0,0,0.000000,enabled
1782985213.772,2026-07-02 09:40:13.773,innodb_rwlock_s_spin_waits,0,0,0.000000,enabled
1782985213.772,2026-07-02 09:40:13.773,innodb_rwlock_x_os_waits,0,0,0.000000,enabled
1782985213.772,2026-07-02 09:40:13.773,innodb_rwlock_x_spin_rounds,0,0,0.000000,enabled
1782985213.772,2026-07-02 09:40:13.773,innodb_rwlock_x_spin_waits,0,0,0.000000,enabled
1782985213.772,2026-07-02 09:40:13.773,lock_deadlocks,0,0,0.000000,enabled
1782985213.772,2026-07-02 09:40:13.773,lock_deadlock_false_positives,0,0,0.000000,enabled
1782985213.772,2026-07-02 09:40:13.773,lock_deadlock_rounds,3027,3027,1.084817,enabled
1782985213.772,2026-07-02 09:40:13.773,lock_rec_grant_attempts,425,425,0.152312,enabled
1782985213.772,2026-07-02 09:40:13.773,lock_rec_release_attempts,46474693,46474693,16655.618869,enabled
1782985213.772,2026-07-02 09:40:13.773,lock_row_lock_current_waits,0,0,0.000000,enabled
1782985213.772,2026-07-02 09:40:13.773,lock_row_lock_time,323,323,0.115757,enabled
1782985213.772,2026-07-02 09:40:13.773,lock_row_lock_time_avg,0,0,0.000000,enabled
1782985213.772,2026-07-02 09:40:13.773,lock_row_lock_time_max,29,29,0.000000,enabled
1782985213.772,2026-07-02 09:40:13.773,lock_row_lock_waits,425,425,0.152312,enabled
1782985213.772,2026-07-02 09:40:13.773,lock_schedule_refreshes,3027,3027,1.084817,enabled
1782985213.772,2026-07-02 09:40:13.773,lock_threads_waiting,0,0,0.000000,enabled
1782985213.772,2026-07-02 09:40:13.773,lock_timeouts,0,0,0.000000,enabled
1782985213.772,2026-07-02 09:40:13.773,log_waits,0,0,0.000000,enabled
1782985213.772,2026-07-02 09:40:13.773,log_writes,234824996,234824996,84156.665524,enabled
1782985213.772,2026-07-02 09:40:13.773,log_write_requests,444630250,444630250,159346.747104,enabled
1782985213.772,2026-07-02 09:40:13.773,os_data_fsyncs,70097440,70097440,25121.546086,enabled
1782985213.772,2026-07-02 09:40:13.773,os_data_reads,101181146,101181146,36261.336015,enabled
1782985213.772,2026-07-02 09:40:13.773,os_data_writes,268489052,268489052,96221.204339,enabled
1782985213.772,2026-07-02 09:40:13.773,os_log_bytes_written,145187247104,145187247104,52032258.424125,enabled
1782985213.772,2026-07-02 09:40:13.773,os_log_fsyncs,60980940,60980940,21854.371445,enabled
1782985213.772,2026-07-02 09:40:13.773,os_log_pending_fsyncs,0,0,0.000000,enabled
1782985213.772,2026-07-02 09:40:13.773,os_log_pending_writes,0,0,0.000000,enabled
1782985213.772,2026-07-02 09:40:13.773,trx_rseg_history_len,447,447,0.000000,enabled
1782985214.843,2026-07-02 09:40:14.845,adaptive_hash_searches,0,0,0.000000,enabled
1782985214.843,2026-07-02 09:40:14.845,adaptive_hash_searches_btree,672421926,672421926,240890.235955,enabled
1782985214.843,2026-07-02 09:40:14.845,buffer_data_reads,1653821065728,1653821065728,592469361.910032,enabled
1782985214.843,2026-07-02 09:40:14.845,buffer_data_written,720470667776,720470667776,258103373.641232,enabled
1782985214.843,2026-07-02 09:40:14.845,buffer_pages0_read,7,7,0.002508,enabled
1782985214.843,2026-07-02 09:40:14.845,buffer_pages_created,1828740,1828740,655.132802,enabled
1782985214.843,2026-07-02 09:40:14.845,buffer_pages_read,101225940,101225940,36263.456449,enabled
1782985214.843,2026-07-02 09:40:14.845,buffer_pages_written,32773522,32773522,11740.875818,enabled
1782985214.843,2026-07-02 09:40:14.845,buffer_pool_bytes_data,12851085312,12851085312,0.000000,enabled
1782985214.843,2026-07-02 09:40:14.845,buffer_pool_bytes_dirty,4645453824,4645453824,0.000000,enabled
1782985214.843,2026-07-02 09:40:14.845,buffer_pool_pages_data,784368,784368,0.000000,enabled
1782985214.843,2026-07-02 09:40:14.845,buffer_pool_pages_dirty,283536,283536,0.000000,enabled
1782985214.843,2026-07-02 09:40:14.845,buffer_pool_pages_flushed,32716408,32716408,0.000000,enabled
1782985214.843,2026-07-02 09:40:14.845,buffer_pool_pages_free,1967,1967,0.000000,enabled
1782985214.843,2026-07-02 09:40:14.845,buffer_pool_pages_lru_flushed,0,0,0.000000,enabled
1782985214.843,2026-07-02 09:40:14.845,buffer_pool_pages_misc,96,96,0.000000,enabled
1782985214.843,2026-07-02 09:40:14.845,buffer_pool_pages_total,786432,786432,0.000000,enabled
1782985214.843,2026-07-02 09:40:14.845,buffer_pool_reads,100302691,100302691,35932.710290,enabled
1782985214.843,2026-07-02 09:40:14.845,buffer_pool_read_ahead,803715,803715,287.925057,enabled
1782985214.843,2026-07-02 09:40:14.845,buffer_pool_read_ahead_evicted,25,25,0.008956,enabled
1782985214.843,2026-07-02 09:40:14.845,buffer_pool_read_requests,3248976157,3248976157,1163922.097450,enabled
1782985214.843,2026-07-02 09:40:14.845,buffer_pool_size,12884901888,12884901888,0.000000,enabled
1782985214.843,2026-07-02 09:40:14.845,buffer_pool_wait_free,18945,18945,6.786909,enabled
1782985214.843,2026-07-02 09:40:14.845,buffer_pool_write_requests,655444344,655444344,234808.172841,enabled
1782985214.843,2026-07-02 09:40:14.845,dml_deletes,15294700,15294700,5479.214259,enabled
1782985214.843,2026-07-02 09:40:14.845,dml_inserts,115180107,115180107,41262.429807,enabled
1782985214.843,2026-07-02 09:40:14.845,dml_system_deletes,468,468,0.167658,enabled
1782985214.843,2026-07-02 09:40:14.845,dml_system_inserts,1202,1202,0.430608,enabled
1782985214.843,2026-07-02 09:40:14.845,dml_system_reads,7661,7661,2.744497,enabled
1782985214.843,2026-07-02 09:40:14.845,dml_system_updates,620,620,0.222110,enabled
1782985214.843,2026-07-02 09:40:14.845,dml_updates,30589533,30589533,10958.476157,enabled
1782985214.843,2026-07-02 09:40:14.845,file_num_open_files,35,35,0.000000,enabled
1782985214.843,2026-07-02 09:40:14.845,ibuf_merges,0,0,0.000000,enabled
1782985214.843,2026-07-02 09:40:14.845,ibuf_merges_delete,0,0,0.000000,enabled
1782985214.843,2026-07-02 09:40:14.845,ibuf_merges_delete_mark,0,0,0.000000,enabled
1782985214.843,2026-07-02 09:40:14.845,ibuf_merges_discard_delete,0,0,0.000000,enabled
1782985214.843,2026-07-02 09:40:14.845,ibuf_merges_discard_delete_mark,0,0,0.000000,enabled
1782985214.843,2026-07-02 09:40:14.845,ibuf_merges_discard_insert,0,0,0.000000,enabled
1782985214.843,2026-07-02 09:40:14.845,ibuf_merges_insert,0,0,0.000000,enabled
1782985214.843,2026-07-02 09:40:14.845,ibuf_size,1,1,0.000358,enabled
1782985214.843,2026-07-02 09:40:14.845,innodb_activity_count,20481174,20481174,7337.230682,enabled
1782985214.843,2026-07-02 09:40:14.845,innodb_dblwr_pages_written,32713894,32713894,11719.513029,enabled
1782985214.843,2026-07-02 09:40:14.845,innodb_dblwr_writes,683009,683009,244.682974,enabled
1782985214.843,2026-07-02 09:40:14.845,innodb_page_size,16384,16384,0.000000,enabled
1782985214.843,2026-07-02 09:40:14.845,innodb_rwlock_sx_os_waits,0,0,0.000000,enabled
1782985214.843,2026-07-02 09:40:14.845,innodb_rwlock_sx_spin_rounds,0,0,0.000000,enabled
1782985214.843,2026-07-02 09:40:14.845,innodb_rwlock_sx_spin_waits,0,0,0.000000,enabled
1782985214.843,2026-07-02 09:40:14.845,innodb_rwlock_s_os_waits,0,0,0.000000,enabled
1782985214.843,2026-07-02 09:40:14.845,innodb_rwlock_s_spin_rounds,0,0,0.000000,enabled
1782985214.843,2026-07-02 09:40:14.845,innodb_rwlock_s_spin_waits,0,0,0.000000,enabled
1782985214.843,2026-07-02 09:40:14.845,innodb_rwlock_x_os_waits,0,0,0.000000,enabled
1782985214.843,2026-07-02 09:40:14.845,innodb_rwlock_x_spin_rounds,0,0,0.000000,enabled
1782985214.843,2026-07-02 09:40:14.845,innodb_rwlock_x_spin_waits,0,0,0.000000,enabled
1782985214.843,2026-07-02 09:40:14.845,lock_deadlocks,0,0,0.000000,enabled
1782985214.843,2026-07-02 09:40:14.845,lock_deadlock_false_positives,0,0,0.000000,enabled
1782985214.843,2026-07-02 09:40:14.845,lock_deadlock_rounds,3028,3028,1.084759,enabled
1782985214.843,2026-07-02 09:40:14.845,lock_rec_grant_attempts,425,425,0.152253,enabled
1782985214.843,2026-07-02 09:40:14.845,lock_rec_release_attempts,46489655,46489655,16654.581302,enabled
1782985214.843,2026-07-02 09:40:14.845,lock_row_lock_current_waits,0,0,0.000000,enabled
1782985214.843,2026-07-02 09:40:14.845,lock_row_lock_time,323,323,0.115712,enabled
1782985214.843,2026-07-02 09:40:14.845,lock_row_lock_time_avg,0,0,0.000000,enabled
1782985214.843,2026-07-02 09:40:14.845,lock_row_lock_time_max,29,29,0.000000,enabled
1782985214.843,2026-07-02 09:40:14.845,lock_row_lock_waits,425,425,0.152253,enabled
1782985214.843,2026-07-02 09:40:14.845,lock_schedule_refreshes,3028,3028,1.084759,enabled
1782985214.843,2026-07-02 09:40:14.845,lock_threads_waiting,0,0,0.000000,enabled
1782985214.843,2026-07-02 09:40:14.845,lock_timeouts,0,0,0.000000,enabled
1782985214.843,2026-07-02 09:40:14.845,log_waits,0,0,0.000000,enabled
1782985214.843,2026-07-02 09:40:14.845,log_writes,234906104,234906104,84153.395514,enabled
1782985214.843,2026-07-02 09:40:14.845,log_write_requests,444713765,444713765,159315.457296,enabled
1782985214.843,2026-07-02 09:40:14.845,os_data_fsyncs,70132880,70132880,25124.592593,enabled
1782985214.843,2026-07-02 09:40:14.845,os_data_reads,101239032,101239032,36268.144652,enabled
1782985214.843,2026-07-02 09:40:14.845,os_data_writes,268586906,268586906,96219.299615,enabled
1782985214.843,2026-07-02 09:40:14.845,os_log_bytes_written,145229520896,145229520896,52027416.239514,enabled
1782985214.843,2026-07-02 09:40:14.845,os_log_fsyncs,61011151,61011151,21856.799684,enabled
1782985214.843,2026-07-02 09:40:14.845,os_log_pending_fsyncs,1,1,0.000358,enabled
1782985214.843,2026-07-02 09:40:14.845,os_log_pending_writes,0,0,0.000000,enabled
1782985214.843,2026-07-02 09:40:14.845,trx_rseg_history_len,568,568,0.000000,enabled
1782985215.916,2026-07-02 09:40:15.917,adaptive_hash_searches,0,0,0.000000,enabled
1782985215.916,2026-07-02 09:40:15.917,adaptive_hash_searches_btree,672591394,672591394,240858.651327,enabled
1782985215.916,2026-07-02 09:40:15.917,buffer_data_reads,1654767847936,1654767847936,592581464.558352,enabled
1782985215.916,2026-07-02 09:40:15.917,buffer_data_written,720785114112,720785114112,258117112.222619,enabled
1782985215.916,2026-07-02 09:40:15.917,buffer_pages0_read,7,7,0.002507,enabled
1782985215.916,2026-07-02 09:40:15.917,buffer_pages_created,1828774,1828774,654.894029,enabled
1782985215.916,2026-07-02 09:40:15.917,buffer_pages_read,101283905,101283905,36270.323312,enabled
1782985215.916,2026-07-02 09:40:15.917,buffer_pages_written,32789793,32789793,11742.205206,enabled
1782985215.916,2026-07-02 09:40:15.917,buffer_pool_bytes_data,12850495488,12850495488,0.000000,enabled
1782985215.916,2026-07-02 09:40:15.917,buffer_pool_bytes_dirty,4650598400,4650598400,0.000000,enabled
1782985215.916,2026-07-02 09:40:15.917,buffer_pool_pages_data,784332,784332,0.000000,enabled
1782985215.916,2026-07-02 09:40:15.917,buffer_pool_pages_dirty,283849,283849,0.000000,enabled
1782985215.916,2026-07-02 09:40:15.917,buffer_pool_pages_flushed,32732679,32732679,0.000000,enabled
1782985215.916,2026-07-02 09:40:15.917,buffer_pool_pages_free,2004,2004,0.000000,enabled
1782985215.916,2026-07-02 09:40:15.917,buffer_pool_pages_lru_flushed,0,0,0.000000,enabled
1782985215.916,2026-07-02 09:40:15.917,buffer_pool_pages_misc,96,96,0.000000,enabled
1782985215.916,2026-07-02 09:40:15.917,buffer_pool_pages_total,786432,786432,0.000000,enabled
1782985215.916,2026-07-02 09:40:15.917,buffer_pool_reads,100360588,100360588,35939.679412,enabled
1782985215.916,2026-07-02 09:40:15.917,buffer_pool_read_ahead,803715,803715,287.814766,enabled
1782985215.916,2026-07-02 09:40:15.917,buffer_pool_read_ahead_evicted,25,25,0.008953,enabled
1782985215.916,2026-07-02 09:40:15.917,buffer_pool_read_requests,3249815095,3249815095,1163776.682390,enabled
1782985215.916,2026-07-02 09:40:15.917,buffer_pool_size,12884901888,12884901888,0.000000,enabled
1782985215.916,2026-07-02 09:40:15.917,buffer_pool_wait_free,18945,18945,6.784309,enabled
1782985215.916,2026-07-02 09:40:15.917,buffer_pool_write_requests,655556867,655556867,234758.524093,enabled
1782985215.916,2026-07-02 09:40:15.917,dml_deletes,15299609,15299609,5478.873409,enabled
1782985215.916,2026-07-02 09:40:15.917,dml_inserts,115185014,115185014,41248.381625,enabled
1782985215.916,2026-07-02 09:40:15.917,dml_system_deletes,468,468,0.167593,enabled
1782985215.916,2026-07-02 09:40:15.917,dml_system_inserts,1202,1202,0.430443,enabled
1782985215.916,2026-07-02 09:40:15.917,dml_system_reads,7661,7661,2.743446,enabled
1782985215.916,2026-07-02 09:40:15.917,dml_system_updates,620,620,0.222025,enabled
1782985215.916,2026-07-02 09:40:15.917,dml_updates,30599351,30599351,10957.794437,enabled
1782985215.916,2026-07-02 09:40:15.917,file_num_open_files,35,35,0.000000,enabled
1782985215.916,2026-07-02 09:40:15.917,ibuf_merges,0,0,0.000000,enabled
1782985215.916,2026-07-02 09:40:15.917,ibuf_merges_delete,0,0,0.000000,enabled
1782985215.916,2026-07-02 09:40:15.917,ibuf_merges_delete_mark,0,0,0.000000,enabled
1782985215.916,2026-07-02 09:40:15.917,ibuf_merges_discard_delete,0,0,0.000000,enabled
1782985215.916,2026-07-02 09:40:15.917,ibuf_merges_discard_delete_mark,0,0,0.000000,enabled
1782985215.916,2026-07-02 09:40:15.917,ibuf_merges_discard_insert,0,0,0.000000,enabled
1782985215.916,2026-07-02 09:40:15.917,ibuf_merges_insert,0,0,0.000000,enabled
1782985215.916,2026-07-02 09:40:15.917,ibuf_size,1,1,0.000358,enabled
1782985215.916,2026-07-02 09:40:15.917,innodb_activity_count,20486809,20486809,7336.438110,enabled
1782985215.916,2026-07-02 09:40:15.917,innodb_dblwr_pages_written,32730165,32730165,11720.850647,enabled
1782985215.916,2026-07-02 09:40:15.917,innodb_dblwr_writes,683371,683371,244.718883,enabled
1782985215.916,2026-07-02 09:40:15.917,innodb_page_size,16384,16384,0.000000,enabled
1782985215.916,2026-07-02 09:40:15.917,innodb_rwlock_sx_os_waits,0,0,0.000000,enabled
1782985215.916,2026-07-02 09:40:15.917,innodb_rwlock_sx_spin_rounds,0,0,0.000000,enabled
1782985215.916,2026-07-02 09:40:15.917,innodb_rwlock_sx_spin_waits,0,0,0.000000,enabled
1782985215.916,2026-07-02 09:40:15.917,innodb_rwlock_s_os_waits,0,0,0.000000,enabled
1782985215.916,2026-07-02 09:40:15.917,innodb_rwlock_s_spin_rounds,0,0,0.000000,enabled
1782985215.916,2026-07-02 09:40:15.917,innodb_rwlock_s_spin_waits,0,0,0.000000,enabled
1782985215.916,2026-07-02 09:40:15.917,innodb_rwlock_x_os_waits,0,0,0.000000,enabled
1782985215.916,2026-07-02 09:40:15.917,innodb_rwlock_x_spin_rounds,0,0,0.000000,enabled
1782985215.916,2026-07-02 09:40:15.917,innodb_rwlock_x_spin_waits,0,0,0.000000,enabled
1782985215.916,2026-07-02 09:40:15.917,lock_deadlocks,0,0,0.000000,enabled
1782985215.916,2026-07-02 09:40:15.917,lock_deadlock_false_positives,0,0,0.000000,enabled
1782985215.916,2026-07-02 09:40:15.917,lock_deadlock_rounds,3029,3029,1.084702,enabled
1782985215.916,2026-07-02 09:40:15.917,lock_rec_grant_attempts,425,425,0.152195,enabled
1782985215.916,2026-07-02 09:40:15.917,lock_rec_release_attempts,46504566,46504566,16653.541423,enabled
1782985215.916,2026-07-02 09:40:15.917,lock_row_lock_current_waits,0,0,0.000000,enabled
1782985215.916,2026-07-02 09:40:15.917,lock_row_lock_time,323,323,0.115668,enabled
1782985215.916,2026-07-02 09:40:15.917,lock_row_lock_time_avg,0,0,0.000000,enabled
1782985215.916,2026-07-02 09:40:15.917,lock_row_lock_time_max,29,29,0.000000,enabled
1782985215.916,2026-07-02 09:40:15.917,lock_row_lock_waits,425,425,0.152195,enabled
1782985215.916,2026-07-02 09:40:15.917,lock_schedule_refreshes,3029,3029,1.084702,enabled
1782985215.916,2026-07-02 09:40:15.917,lock_threads_waiting,0,0,0.000000,enabled
1782985215.916,2026-07-02 09:40:15.917,lock_timeouts,0,0,0.000000,enabled
1782985215.916,2026-07-02 09:40:15.917,log_waits,0,0,0.000000,enabled
1782985215.916,2026-07-02 09:40:15.917,log_writes,234986131,234986131,84149.819060,enabled
1782985215.916,2026-07-02 09:40:15.917,log_write_requests,444797002,444797002,159284.239867,enabled
1782985215.916,2026-07-02 09:40:15.917,os_data_fsyncs,70167999,70167999,25127.544945,enabled
1782985215.916,2026-07-02 09:40:15.917,os_data_reads,101296825,101296825,36274.948160,enabled
1782985215.916,2026-07-02 09:40:15.917,os_data_writes,268683463,268683463,96217.020485,enabled
1782985215.916,2026-07-02 09:40:15.917,os_log_bytes_written,145271247872,145271247872,52022429.836220,enabled
1782985215.916,2026-07-02 09:40:15.917,os_log_fsyncs,61041409,61041409,21859.263006,enabled
1782985215.916,2026-07-02 09:40:15.917,os_log_pending_fsyncs,1,1,0.000358,enabled
1782985215.916,2026-07-02 09:40:15.917,os_log_pending_writes,0,0,0.000000,enabled
1782985215.916,2026-07-02 09:40:15.917,trx_rseg_history_len,641,641,0.000000,enabled
1782985216.985,2026-07-02 09:40:16.987,adaptive_hash_searches,0,0,0.000000,enabled
1782985216.985,2026-07-02 09:40:16.987,adaptive_hash_searches_btree,672761314,672761314,240827.494886,enabled
1782985216.985,2026-07-02 09:40:16.987,buffer_data_reads,1655712418304,1655712418304,592693290.080239,enabled
1782985216.985,2026-07-02 09:40:16.987,buffer_data_written,721101234176,721101234176,258131700.869166,enabled
1782985216.985,2026-07-02 09:40:16.987,buffer_pages0_read,7,7,0.002506,enabled
1782985216.985,2026-07-02 09:40:16.987,buffer_pages_created,1828804,1828804,654.654671,enabled
1782985216.985,2026-07-02 09:40:16.987,buffer_pages_read,101341741,101341741,36277.175513,enabled
1782985216.985,2026-07-02 09:40:16.987,buffer_pages_written,32806160,32806160,11743.579852,enabled
1782985216.985,2026-07-02 09:40:16.987,buffer_pool_bytes_data,12848480256,12848480256,0.000000,enabled
1782985216.985,2026-07-02 09:40:16.987,buffer_pool_bytes_dirty,4654743552,4654743552,0.000000,enabled
1782985216.985,2026-07-02 09:40:16.987,buffer_pool_pages_data,784209,784209,0.000000,enabled
1782985216.985,2026-07-02 09:40:16.987,buffer_pool_pages_dirty,284103,284103,0.000000,enabled
1782985216.985,2026-07-02 09:40:16.987,buffer_pool_pages_flushed,32749046,32749046,0.000000,enabled
1782985216.985,2026-07-02 09:40:16.987,buffer_pool_pages_free,2127,2127,0.000000,enabled
1782985216.985,2026-07-02 09:40:16.987,buffer_pool_pages_lru_flushed,0,0,0.000000,enabled
1782985216.985,2026-07-02 09:40:16.987,buffer_pool_pages_misc,96,96,0.000000,enabled
1782985216.985,2026-07-02 09:40:16.987,buffer_pool_pages_total,786432,786432,0.000000,enabled
1782985216.985,2026-07-02 09:40:16.987,buffer_pool_reads,100418376,100418376,35946.640797,enabled
1782985216.985,2026-07-02 09:40:16.987,buffer_pool_read_ahead,803715,803715,287.704853,enabled
1782985216.985,2026-07-02 09:40:16.987,buffer_pool_read_ahead_evicted,25,25,0.008949,enabled
1782985216.985,2026-07-02 09:40:16.987,buffer_pool_read_requests,3250656295,3250656295,1163633.373545,enabled
1782985216.985,2026-07-02 09:40:16.987,buffer_pool_size,12884901888,12884901888,0.000000,enabled
1782985216.985,2026-07-02 09:40:16.987,buffer_pool_wait_free,18945,18945,6.781718,enabled
1782985216.985,2026-07-02 09:40:16.987,buffer_pool_write_requests,655670736,655670736,234709.634212,enabled
1782985216.985,2026-07-02 09:40:16.987,dml_deletes,15304523,15304523,5478.540116,enabled
1782985216.985,2026-07-02 09:40:16.987,dml_inserts,115189932,115189932,41234.389595,enabled
1782985216.985,2026-07-02 09:40:16.987,dml_system_deletes,468,468,0.167529,enabled
1782985216.985,2026-07-02 09:40:16.987,dml_system_inserts,1202,1202,0.430278,enabled
1782985216.985,2026-07-02 09:40:16.987,dml_system_reads,7661,7661,2.742398,enabled
1782985216.985,2026-07-02 09:40:16.987,dml_system_updates,620,620,0.221941,enabled
1782985216.985,2026-07-02 09:40:16.987,dml_updates,30609178,30609178,10957.127476,enabled
1782985216.985,2026-07-02 09:40:16.987,file_num_open_files,35,35,0.000000,enabled
1782985216.985,2026-07-02 09:40:16.987,ibuf_merges,0,0,0.000000,enabled
1782985216.985,2026-07-02 09:40:16.987,ibuf_merges_delete,0,0,0.000000,enabled
1782985216.985,2026-07-02 09:40:16.987,ibuf_merges_delete_mark,0,0,0.000000,enabled
1782985216.985,2026-07-02 09:40:16.987,ibuf_merges_discard_delete,0,0,0.000000,enabled
1782985216.985,2026-07-02 09:40:16.987,ibuf_merges_discard_delete_mark,0,0,0.000000,enabled
1782985216.985,2026-07-02 09:40:16.987,ibuf_merges_discard_insert,0,0,0.000000,enabled
1782985216.985,2026-07-02 09:40:16.987,ibuf_merges_insert,0,0,0.000000,enabled
1782985216.985,2026-07-02 09:40:16.987,ibuf_size,1,1,0.000358,enabled
1782985216.985,2026-07-02 09:40:16.987,innodb_activity_count,20492456,20492456,7335.657819,enabled
1782985216.985,2026-07-02 09:40:16.987,innodb_dblwr_pages_written,32746532,32746532,11722.233395,enabled
1782985216.985,2026-07-02 09:40:16.987,innodb_dblwr_writes,683738,683738,244.756801,enabled
1782985216.985,2026-07-02 09:40:16.987,innodb_page_size,16384,16384,0.000000,enabled
1782985216.985,2026-07-02 09:40:16.987,innodb_rwlock_sx_os_waits,0,0,0.000000,enabled
1782985216.985,2026-07-02 09:40:16.987,innodb_rwlock_sx_spin_rounds,0,0,0.000000,enabled
1782985216.985,2026-07-02 09:40:16.987,innodb_rwlock_sx_spin_waits,0,0,0.000000,enabled
1782985216.985,2026-07-02 09:40:16.987,innodb_rwlock_s_os_waits,0,0,0.000000,enabled
1782985216.985,2026-07-02 09:40:16.987,innodb_rwlock_s_spin_rounds,0,0,0.000000,enabled
1782985216.985,2026-07-02 09:40:16.987,innodb_rwlock_s_spin_waits,0,0,0.000000,enabled
1782985216.985,2026-07-02 09:40:16.987,innodb_rwlock_x_os_waits,0,0,0.000000,enabled
1782985216.985,2026-07-02 09:40:16.987,innodb_rwlock_x_spin_rounds,0,0,0.000000,enabled
1782985216.985,2026-07-02 09:40:16.987,innodb_rwlock_x_spin_waits,0,0,0.000000,enabled
1782985216.985,2026-07-02 09:40:16.987,lock_deadlocks,0,0,0.000000,enabled
1782985216.985,2026-07-02 09:40:16.987,lock_deadlock_false_positives,0,0,0.000000,enabled
1782985216.985,2026-07-02 09:40:16.987,lock_deadlock_rounds,3030,3030,1.084645,enabled
1782985216.985,2026-07-02 09:40:16.987,lock_rec_grant_attempts,425,425,0.152137,enabled
1782985216.985,2026-07-02 09:40:16.987,lock_rec_release_attempts,46519518,46519518,16652.534005,enabled
1782985216.985,2026-07-02 09:40:16.987,lock_row_lock_current_waits,0,0,0.000000,enabled
1782985216.985,2026-07-02 09:40:16.987,lock_row_lock_time,323,323,0.115624,enabled
1782985216.985,2026-07-02 09:40:16.987,lock_row_lock_time_avg,0,0,0.000000,enabled
1782985216.985,2026-07-02 09:40:16.987,lock_row_lock_time_max,29,29,0.000000,enabled
1782985216.985,2026-07-02 09:40:16.987,lock_row_lock_waits,425,425,0.152137,enabled
1782985216.985,2026-07-02 09:40:16.987,lock_schedule_refreshes,3030,3030,1.084645,enabled
1782985216.985,2026-07-02 09:40:16.987,lock_threads_waiting,0,0,0.000000,enabled
1782985216.985,2026-07-02 09:40:16.987,lock_timeouts,0,0,0.000000,enabled
1782985216.985,2026-07-02 09:40:16.987,log_waits,0,0,0.000000,enabled
1782985216.985,2026-07-02 09:40:16.987,log_writes,235066284,235066284,84146.375030,enabled
1782985216.985,2026-07-02 09:40:16.987,log_write_requests,444880508,444880508,159253.302746,enabled
1782985216.985,2026-07-02 09:40:16.987,os_data_fsyncs,70202900,70202900,25130.442388,enabled
1782985216.985,2026-07-02 09:40:16.987,os_data_reads,101354495,101354495,36281.739081,enabled
1782985216.985,2026-07-02 09:40:16.987,os_data_writes,268780252,268780252,96214.923343,enabled
1782985216.985,2026-07-02 09:40:16.987,os_log_bytes_written,145313154048,145313154048,52017563.950961,enabled
1782985216.985,2026-07-02 09:40:16.987,os_log_fsyncs,61071188,61071188,21861.575065,enabled
1782985216.985,2026-07-02 09:40:16.987,os_log_pending_fsyncs,0,0,0.000000,enabled
1782985216.985,2026-07-02 09:40:16.987,os_log_pending_writes,0,0,0.000000,enabled
1782985216.985,2026-07-02 09:40:16.987,trx_rseg_history_len,706,706,0.000000,enabled
1782985218.052,2026-07-02 09:40:18.053,adaptive_hash_searches,0,0,0.000000,enabled
1782985218.052,2026-07-02 09:40:18.053,adaptive_hash_searches_btree,672932567,672932567,240796.352113,enabled
1782985218.052,2026-07-02 09:40:18.053,buffer_data_reads,1656664951296,1656664951296,592806679.458803,enabled
1782985218.052,2026-07-02 09:40:18.053,buffer_data_written,721415638016,721415638016,258145141.696484,enabled
1782985218.052,2026-07-02 09:40:18.053,buffer_pages0_read,7,7,0.002505,enabled
1782985218.052,2026-07-02 09:40:18.053,buffer_pages_created,1828842,1828842,654.417032,enabled
1782985218.052,2026-07-02 09:40:18.053,buffer_pages_read,101400017,101400017,36284.106458,enabled
1782985218.052,2026-07-02 09:40:18.053,buffer_pages_written,32822383,32822383,11744.878132,enabled
1782985218.052,2026-07-02 09:40:18.053,buffer_pool_bytes_data,12854476800,12854476800,0.000000,enabled
1782985218.052,2026-07-02 09:40:18.053,buffer_pool_bytes_dirty,4662640640,4662640640,0.000000,enabled
1782985218.052,2026-07-02 09:40:18.053,buffer_pool_pages_data,784576,784576,0.000000,enabled
1782985218.052,2026-07-02 09:40:18.053,buffer_pool_pages_dirty,284585,284585,0.000000,enabled
1782985218.052,2026-07-02 09:40:18.053,buffer_pool_pages_flushed,32765235,32765235,0.000000,enabled
1782985218.052,2026-07-02 09:40:18.053,buffer_pool_pages_free,1761,1761,0.000000,enabled
1782985218.052,2026-07-02 09:40:18.053,buffer_pool_pages_lru_flushed,0,0,0.000000,enabled
1782985218.052,2026-07-02 09:40:18.053,buffer_pool_pages_misc,96,96,0.000000,enabled
1782985218.052,2026-07-02 09:40:18.053,buffer_pool_pages_total,786432,786432,0.000000,enabled
1782985218.052,2026-07-02 09:40:18.053,buffer_pool_reads,100476589,100476589,35953.675980,enabled
1782985218.052,2026-07-02 09:40:18.053,buffer_pool_read_ahead,803715,803715,287.594441,enabled
1782985218.052,2026-07-02 09:40:18.053,buffer_pool_read_ahead_evicted,25,25,0.008946,enabled
1782985218.052,2026-07-02 09:40:18.053,buffer_pool_read_requests,3251504076,3251504076,1163490.169026,enabled
1782985218.052,2026-07-02 09:40:18.053,buffer_pool_size,12884901888,12884901888,0.000000,enabled
1782985218.052,2026-07-02 09:40:18.053,buffer_pool_wait_free,18945,18945,6.779115,enabled
1782985218.052,2026-07-02 09:40:18.053,buffer_pool_write_requests,655785103,655785103,234660.483881,enabled
1782985218.052,2026-07-02 09:40:18.053,dml_deletes,15309474,15309474,5478.209239,enabled
1782985218.052,2026-07-02 09:40:18.053,dml_inserts,115194882,115194882,41220.336327,enabled
1782985218.052,2026-07-02 09:40:18.053,dml_system_deletes,468,468,0.167465,enabled
1782985218.052,2026-07-02 09:40:18.053,dml_system_inserts,1202,1202,0.430113,enabled
1782985218.052,2026-07-02 09:40:18.053,dml_system_reads,7661,7661,2.741346,enabled
1782985218.052,2026-07-02 09:40:18.053,dml_system_updates,620,620,0.221855,enabled
1782985218.052,2026-07-02 09:40:18.053,dml_updates,30619089,30619089,10956.468921,enabled
1782985218.052,2026-07-02 09:40:18.053,file_num_open_files,35,35,0.000000,enabled
1782985218.052,2026-07-02 09:40:18.053,ibuf_merges,0,0,0.000000,enabled
1782985218.052,2026-07-02 09:40:18.053,ibuf_merges_delete,0,0,0.000000,enabled
1782985218.052,2026-07-02 09:40:18.053,ibuf_merges_delete_mark,0,0,0.000000,enabled
1782985218.052,2026-07-02 09:40:18.053,ibuf_merges_discard_delete,0,0,0.000000,enabled
1782985218.052,2026-07-02 09:40:18.053,ibuf_merges_discard_delete_mark,0,0,0.000000,enabled
1782985218.052,2026-07-02 09:40:18.053,ibuf_merges_discard_insert,0,0,0.000000,enabled
1782985218.052,2026-07-02 09:40:18.053,ibuf_merges_insert,0,0,0.000000,enabled
1782985218.052,2026-07-02 09:40:18.053,ibuf_size,1,1,0.000358,enabled
1782985218.052,2026-07-02 09:40:18.053,innodb_activity_count,20498144,20498144,7334.877953,enabled
1782985218.052,2026-07-02 09:40:18.053,innodb_dblwr_pages_written,32762721,32762721,11723.527680,enabled
1782985218.052,2026-07-02 09:40:18.053,innodb_dblwr_writes,684070,684070,244.781671,enabled
1782985218.052,2026-07-02 09:40:18.053,innodb_page_size,16384,16384,0.000000,enabled
1782985218.052,2026-07-02 09:40:18.053,innodb_rwlock_sx_os_waits,0,0,0.000000,enabled
1782985218.052,2026-07-02 09:40:18.053,innodb_rwlock_sx_spin_rounds,0,0,0.000000,enabled
1782985218.052,2026-07-02 09:40:18.053,innodb_rwlock_sx_spin_waits,0,0,0.000000,enabled
1782985218.052,2026-07-02 09:40:18.053,innodb_rwlock_s_os_waits,0,0,0.000000,enabled
1782985218.052,2026-07-02 09:40:18.053,innodb_rwlock_s_spin_rounds,0,0,0.000000,enabled
1782985218.052,2026-07-02 09:40:18.053,innodb_rwlock_s_spin_waits,0,0,0.000000,enabled
1782985218.052,2026-07-02 09:40:18.053,innodb_rwlock_x_os_waits,0,0,0.000000,enabled
1782985218.052,2026-07-02 09:40:18.053,innodb_rwlock_x_spin_rounds,0,0,0.000000,enabled
1782985218.052,2026-07-02 09:40:18.053,innodb_rwlock_x_spin_waits,0,0,0.000000,enabled
1782985218.052,2026-07-02 09:40:18.053,lock_deadlocks,0,0,0.000000,enabled
1782985218.052,2026-07-02 09:40:18.053,lock_deadlock_false_positives,0,0,0.000000,enabled
1782985218.052,2026-07-02 09:40:18.053,lock_deadlock_rounds,3031,3031,1.084587,enabled
1782985218.052,2026-07-02 09:40:18.053,lock_rec_grant_attempts,425,425,0.152078,enabled
1782985218.052,2026-07-02 09:40:18.053,lock_rec_release_attempts,46534579,46534579,16651.532546,enabled
1782985218.052,2026-07-02 09:40:18.053,lock_row_lock_current_waits,0,0,0.000000,enabled
1782985218.052,2026-07-02 09:40:18.053,lock_row_lock_time,323,323,0.115580,enabled
1782985218.052,2026-07-02 09:40:18.053,lock_row_lock_time_avg,0,0,0.000000,enabled
1782985218.052,2026-07-02 09:40:18.053,lock_row_lock_time_max,29,29,0.000000,enabled
1782985218.052,2026-07-02 09:40:18.053,lock_row_lock_waits,425,425,0.152078,enabled
1782985218.052,2026-07-02 09:40:18.053,lock_schedule_refreshes,3031,3031,1.084587,enabled
1782985218.052,2026-07-02 09:40:18.053,lock_threads_waiting,0,0,0.000000,enabled
1782985218.052,2026-07-02 09:40:18.053,lock_timeouts,0,0,0.000000,enabled
1782985218.052,2026-07-02 09:40:18.053,log_waits,0,0,0.000000,enabled
1782985218.052,2026-07-02 09:40:18.053,log_writes,235147515,235147515,84143.149509,enabled
1782985218.052,2026-07-02 09:40:18.053,log_write_requests,444964546,444964546,159222.258169,enabled
1782985218.052,2026-07-02 09:40:18.053,os_data_fsyncs,70238267,70238267,25133.453580,enabled
1782985218.052,2026-07-02 09:40:18.053,os_data_reads,101412611,101412611,36288.611084,enabled
1782985218.052,2026-07-02 09:40:18.053,os_data_writes,268877951,268877951,96212.959027,enabled
1782985218.052,2026-07-02 09:40:18.053,os_log_bytes_written,145355556864,145355556864,52012774.391580,enabled
1782985218.052,2026-07-02 09:40:18.053,os_log_fsyncs,61101748,61101748,21864.120644,enabled
1782985218.052,2026-07-02 09:40:18.053,os_log_pending_fsyncs,1,1,0.000358,enabled
1782985218.052,2026-07-02 09:40:18.053,os_log_pending_writes,0,0,0.000000,enabled
1782985218.052,2026-07-02 09:40:18.053,trx_rseg_history_len,845,845,0.000000,enabled
1782985219.125,2026-07-02 09:40:19.126,adaptive_hash_searches,0,0,0.000000,enabled
1782985219.125,2026-07-02 09:40:19.126,adaptive_hash_searches_btree,673103573,673103573,240765.266796,enabled
1782985219.125,2026-07-02 09:40:19.126,buffer_data_reads,1657613928960,1657613928960,592919000.444287,enabled
1782985219.125,2026-07-02 09:40:19.126,buffer_data_written,721735379456,721735379456,258160607.879518,enabled
1782985219.125,2026-07-02 09:40:19.126,buffer_pages0_read,7,7,0.002504,enabled
1782985219.125,2026-07-02 09:40:19.126,buffer_pages_created,1828866,1828866,654.174889,enabled
1782985219.125,2026-07-02 09:40:19.126,buffer_pages_read,101458113,101458113,36290.985487,enabled
1782985219.125,2026-07-02 09:40:19.126,buffer_pages_written,32838934,32838934,11746.298500,enabled
1782985219.125,2026-07-02 09:40:19.126,buffer_pool_bytes_data,12849250304,12849250304,0.000000,enabled
1782985219.125,2026-07-02 09:40:19.126,buffer_pool_bytes_dirty,4662951936,4662951936,0.000000,enabled
1782985219.125,2026-07-02 09:40:19.126,buffer_pool_pages_data,784256,784256,0.000000,enabled
1782985219.125,2026-07-02 09:40:19.126,buffer_pool_pages_dirty,284604,284604,0.000000,enabled
1782985219.125,2026-07-02 09:40:19.126,buffer_pool_pages_flushed,32781820,32781820,0.000000,enabled
1782985219.125,2026-07-02 09:40:19.126,buffer_pool_pages_free,2076,2076,0.000000,enabled
1782985219.125,2026-07-02 09:40:19.126,buffer_pool_pages_lru_flushed,0,0,0.000000,enabled
1782985219.125,2026-07-02 09:40:19.126,buffer_pool_pages_misc,97,97,0.000000,enabled
1782985219.125,2026-07-02 09:40:19.126,buffer_pool_pages_total,786432,786432,0.000000,enabled
1782985219.125,2026-07-02 09:40:19.126,buffer_pool_reads,100534631,100534631,35960.662291,enabled
1782985219.125,2026-07-02 09:40:19.126,buffer_pool_read_ahead,803715,803715,287.484255,enabled
1782985219.125,2026-07-02 09:40:19.126,buffer_pool_read_ahead_evicted,25,25,0.008942,enabled
1782985219.125,2026-07-02 09:40:19.126,buffer_pool_read_requests,3252350192,3252350192,1163347.050281,enabled
1782985219.125,2026-07-02 09:40:19.126,buffer_pool_size,12884901888,12884901888,0.000000,enabled
1782985219.125,2026-07-02 09:40:19.126,buffer_pool_wait_free,18945,18945,6.776518,enabled
1782985219.125,2026-07-02 09:40:19.126,buffer_pool_write_requests,655899345,655899345,234611.441807,enabled
1782985219.125,2026-07-02 09:40:19.126,dml_deletes,15314415,15314415,5477.877805,enabled
1782985219.125,2026-07-02 09:40:19.126,dml_inserts,115199824,115199824,41206.311796,enabled
1782985219.125,2026-07-02 09:40:19.126,dml_system_deletes,468,468,0.167401,enabled
1782985219.125,2026-07-02 09:40:19.126,dml_system_inserts,1202,1202,0.429948,enabled
1782985219.125,2026-07-02 09:40:19.126,dml_system_reads,7661,7661,2.740295,enabled
1782985219.125,2026-07-02 09:40:19.126,dml_system_updates,620,620,0.221770,enabled
1782985219.125,2026-07-02 09:40:19.126,dml_updates,30628969,30628969,10955.805318,enabled
1782985219.125,2026-07-02 09:40:19.126,file_num_open_files,35,35,0.000000,enabled
1782985219.125,2026-07-02 09:40:19.126,ibuf_merges,0,0,0.000000,enabled
1782985219.125,2026-07-02 09:40:19.126,ibuf_merges_delete,0,0,0.000000,enabled
1782985219.125,2026-07-02 09:40:19.126,ibuf_merges_delete_mark,0,0,0.000000,enabled
1782985219.125,2026-07-02 09:40:19.126,ibuf_merges_discard_delete,0,0,0.000000,enabled
1782985219.125,2026-07-02 09:40:19.126,ibuf_merges_discard_delete_mark,0,0,0.000000,enabled
1782985219.125,2026-07-02 09:40:19.126,ibuf_merges_discard_insert,0,0,0.000000,enabled
1782985219.125,2026-07-02 09:40:19.126,ibuf_merges_insert,0,0,0.000000,enabled
1782985219.125,2026-07-02 09:40:19.126,ibuf_size,1,1,0.000358,enabled
1782985219.125,2026-07-02 09:40:19.126,innodb_activity_count,20503818,20503818,7334.097392,enabled
1782985219.125,2026-07-02 09:40:19.126,innodb_dblwr_pages_written,32779306,32779306,11724.968553,enabled
1782985219.125,2026-07-02 09:40:19.126,innodb_dblwr_writes,684451,684451,244.824172,enabled
1782985219.125,2026-07-02 09:40:19.126,innodb_page_size,16384,16384,0.000000,enabled
1782985219.125,2026-07-02 09:40:19.126,innodb_rwlock_sx_os_waits,0,0,0.000000,enabled
1782985219.125,2026-07-02 09:40:19.126,innodb_rwlock_sx_spin_rounds,0,0,0.000000,enabled
1782985219.125,2026-07-02 09:40:19.126,innodb_rwlock_sx_spin_waits,0,0,0.000000,enabled
1782985219.125,2026-07-02 09:40:19.126,innodb_rwlock_s_os_waits,0,0,0.000000,enabled
1782985219.125,2026-07-02 09:40:19.126,innodb_rwlock_s_spin_rounds,0,0,0.000000,enabled
1782985219.125,2026-07-02 09:40:19.126,innodb_rwlock_s_spin_waits,0,0,0.000000,enabled
1782985219.125,2026-07-02 09:40:19.126,innodb_rwlock_x_os_waits,0,0,0.000000,enabled
1782985219.125,2026-07-02 09:40:19.126,innodb_rwlock_x_spin_rounds,0,0,0.000000,enabled
1782985219.125,2026-07-02 09:40:19.126,innodb_rwlock_x_spin_waits,0,0,0.000000,enabled
1782985219.125,2026-07-02 09:40:19.126,lock_deadlocks,0,0,0.000000,enabled
1782985219.125,2026-07-02 09:40:19.126,lock_deadlock_false_positives,0,0,0.000000,enabled
1782985219.125,2026-07-02 09:40:19.126,lock_deadlock_rounds,3032,3032,1.084529,enabled
1782985219.125,2026-07-02 09:40:19.126,lock_rec_grant_attempts,425,425,0.152020,enabled
1782985219.125,2026-07-02 09:40:19.126,lock_rec_release_attempts,46549619,46549619,16650.532536,enabled
1782985219.125,2026-07-02 09:40:19.126,lock_row_lock_current_waits,0,0,0.000000,enabled
1782985219.125,2026-07-02 09:40:19.126,lock_row_lock_time,323,323,0.115535,enabled
1782985219.125,2026-07-02 09:40:19.126,lock_row_lock_time_avg,0,0,0.000000,enabled
1782985219.125,2026-07-02 09:40:19.126,lock_row_lock_time_max,29,29,0.000000,enabled
1782985219.125,2026-07-02 09:40:19.126,lock_row_lock_waits,425,425,0.152020,enabled
1782985219.125,2026-07-02 09:40:19.126,lock_schedule_refreshes,3032,3032,1.084529,enabled
1782985219.125,2026-07-02 09:40:19.126,lock_threads_waiting,0,0,0.000000,enabled
1782985219.125,2026-07-02 09:40:19.126,lock_timeouts,0,0,0.000000,enabled
1782985219.125,2026-07-02 09:40:19.126,log_waits,0,0,0.000000,enabled
1782985219.125,2026-07-02 09:40:19.126,log_writes,235229221,235229221,84140.138098,enabled
1782985219.125,2026-07-02 09:40:19.126,log_write_requests,445048497,445048497,159191.285237,enabled
1782985219.125,2026-07-02 09:40:19.126,os_data_fsyncs,70273870,70273870,25136.559263,enabled
1782985219.125,2026-07-02 09:40:19.126,os_data_reads,101470534,101470534,36295.426647,enabled
1782985219.125,2026-07-02 09:40:19.126,os_data_writes,268976476,268976476,96211.339044,enabled
1782985219.125,2026-07-02 09:40:19.126,os_log_bytes_written,145398044672,145398044672,52008044.545902,enabled
1782985219.125,2026-07-02 09:40:19.126,os_log_fsyncs,61132017,61132017,21866.570961,enabled
1782985219.125,2026-07-02 09:40:19.126,os_log_pending_fsyncs,1,1,0.000358,enabled
1782985219.125,2026-07-02 09:40:19.126,os_log_pending_writes,0,0,0.000000,enabled
1782985219.125,2026-07-02 09:40:19.126,trx_rseg_history_len,911,911,0.000000,enabled
1782985220.196,2026-07-02 09:40:20.197,adaptive_hash_searches,0,0,0.000000,enabled
1782985220.196,2026-07-02 09:40:20.197,adaptive_hash_searches_btree,673274460,673274460,240734.567768,enabled
1782985220.196,2026-07-02 09:40:20.197,buffer_data_reads,1658571672064,1658571672064,593035380.048377,enabled
1782985220.196,2026-07-02 09:40:20.197,buffer_data_written,722051429888,722051429888,258175182.343545,enabled
1782985220.196,2026-07-02 09:40:20.197,buffer_pages0_read,7,7,0.002503,enabled
1782985220.196,2026-07-02 09:40:20.197,buffer_pages_created,1828891,1828891,653.934403,enabled
1782985220.196,2026-07-02 09:40:20.197,buffer_pages_read,101516744,101516744,36298.112388,enabled
1782985220.196,2026-07-02 09:40:20.197,buffer_pages_written,32855291,32855291,11747.668430,enabled
1782985220.196,2026-07-02 09:40:20.197,buffer_pool_bytes_data,12854476800,12854476800,0.000000,enabled
1782985220.196,2026-07-02 09:40:20.197,buffer_pool_bytes_dirty,4667572224,4667572224,0.000000,enabled
1782985220.196,2026-07-02 09:40:20.197,buffer_pool_pages_data,784575,784575,0.000000,enabled
1782985220.196,2026-07-02 09:40:20.197,buffer_pool_pages_dirty,284886,284886,0.000000,enabled
1782985220.196,2026-07-02 09:40:20.197,buffer_pool_pages_flushed,32798177,32798177,0.000000,enabled
1782985220.196,2026-07-02 09:40:20.197,buffer_pool_pages_free,1761,1761,0.000000,enabled
1782985220.196,2026-07-02 09:40:20.197,buffer_pool_pages_lru_flushed,0,0,0.000000,enabled
1782985220.196,2026-07-02 09:40:20.197,buffer_pool_pages_misc,96,96,0.000000,enabled
1782985220.196,2026-07-02 09:40:20.197,buffer_pool_pages_total,786432,786432,0.000000,enabled
1782985220.196,2026-07-02 09:40:20.197,buffer_pool_reads,100593201,100593201,35967.893334,enabled
1782985220.196,2026-07-02 09:40:20.197,buffer_pool_read_ahead,803715,803715,287.374642,enabled
1782985220.196,2026-07-02 09:40:20.197,buffer_pool_read_ahead_evicted,25,25,0.008939,enabled
1782985220.196,2026-07-02 09:40:20.197,buffer_pool_read_requests,3253196401,3253196401,1163206.056660,enabled
1782985220.196,2026-07-02 09:40:20.197,buffer_pool_size,12884901888,12884901888,0.000000,enabled
1782985220.196,2026-07-02 09:40:20.197,buffer_pool_wait_free,18945,18945,6.773934,enabled
1782985220.196,2026-07-02 09:40:20.197,buffer_pool_write_requests,656012510,656012510,234562.451901,enabled
1782985220.196,2026-07-02 09:40:20.197,dml_deletes,15319368,15319368,5477.560149,enabled
1782985220.196,2026-07-02 09:40:20.197,dml_inserts,115204776,115204776,41192.371021,enabled
1782985220.196,2026-07-02 09:40:20.197,dml_system_deletes,468,468,0.167337,enabled
1782985220.196,2026-07-02 09:40:20.197,dml_system_inserts,1202,1202,0.429785,enabled
1782985220.196,2026-07-02 09:40:20.197,dml_system_reads,7661,7661,2.739251,enabled
1782985220.196,2026-07-02 09:40:20.197,dml_system_updates,620,620,0.221686,enabled
1782985220.196,2026-07-02 09:40:20.197,dml_updates,30638878,30638878,10955.171063,enabled
1782985220.196,2026-07-02 09:40:20.197,file_num_open_files,35,35,0.000000,enabled
1782985220.196,2026-07-02 09:40:20.197,ibuf_merges,0,0,0.000000,enabled
1782985220.196,2026-07-02 09:40:20.197,ibuf_merges_delete,0,0,0.000000,enabled
1782985220.196,2026-07-02 09:40:20.197,ibuf_merges_delete_mark,0,0,0.000000,enabled
1782985220.196,2026-07-02 09:40:20.197,ibuf_merges_discard_delete,0,0,0.000000,enabled
1782985220.196,2026-07-02 09:40:20.197,ibuf_merges_discard_delete_mark,0,0,0.000000,enabled
1782985220.196,2026-07-02 09:40:20.197,ibuf_merges_discard_insert,0,0,0.000000,enabled
1782985220.196,2026-07-02 09:40:20.197,ibuf_merges_insert,0,0,0.000000,enabled
1782985220.196,2026-07-02 09:40:20.197,ibuf_size,1,1,0.000358,enabled
1782985220.196,2026-07-02 09:40:20.197,innodb_activity_count,20509503,20509503,7333.333709,enabled
1782985220.196,2026-07-02 09:40:20.197,innodb_dblwr_pages_written,32795663,32795663,11726.346547,enabled
1782985220.196,2026-07-02 09:40:20.197,innodb_dblwr_writes,684825,684825,244.864551,enabled
1782985220.196,2026-07-02 09:40:20.197,innodb_page_size,16384,16384,0.000000,enabled
1782985220.196,2026-07-02 09:40:20.197,innodb_rwlock_sx_os_waits,0,0,0.000000,enabled
1782985220.196,2026-07-02 09:40:20.197,innodb_rwlock_sx_spin_rounds,0,0,0.000000,enabled
1782985220.196,2026-07-02 09:40:20.197,innodb_rwlock_sx_spin_waits,0,0,0.000000,enabled
1782985220.196,2026-07-02 09:40:20.197,innodb_rwlock_s_os_waits,0,0,0.000000,enabled
1782985220.196,2026-07-02 09:40:20.197,innodb_rwlock_s_spin_rounds,0,0,0.000000,enabled
1782985220.196,2026-07-02 09:40:20.197,innodb_rwlock_s_spin_waits,0,0,0.000000,enabled
1782985220.196,2026-07-02 09:40:20.197,innodb_rwlock_x_os_waits,0,0,0.000000,enabled
1782985220.196,2026-07-02 09:40:20.197,innodb_rwlock_x_spin_rounds,0,0,0.000000,enabled
1782985220.196,2026-07-02 09:40:20.197,innodb_rwlock_x_spin_waits,0,0,0.000000,enabled
1782985220.196,2026-07-02 09:40:20.197,lock_deadlocks,0,0,0.000000,enabled
1782985220.196,2026-07-02 09:40:20.197,lock_deadlock_false_positives,0,0,0.000000,enabled
1782985220.196,2026-07-02 09:40:20.197,lock_deadlock_rounds,3034,3034,1.084831,enabled
1782985220.196,2026-07-02 09:40:20.197,lock_rec_grant_attempts,425,425,0.151962,enabled
1782985220.196,2026-07-02 09:40:20.197,lock_rec_release_attempts,46564681,46564681,16649.569548,enabled
1782985220.196,2026-07-02 09:40:20.197,lock_row_lock_current_waits,0,0,0.000000,enabled
1782985220.196,2026-07-02 09:40:20.197,lock_row_lock_time,323,323,0.115491,enabled
1782985220.196,2026-07-02 09:40:20.197,lock_row_lock_time_avg,0,0,0.000000,enabled
1782985220.196,2026-07-02 09:40:20.197,lock_row_lock_time_max,29,29,0.000000,enabled
1782985220.196,2026-07-02 09:40:20.197,lock_row_lock_waits,425,425,0.151962,enabled
1782985220.196,2026-07-02 09:40:20.197,lock_schedule_refreshes,3034,3034,1.084831,enabled
1782985220.196,2026-07-02 09:40:20.197,lock_threads_waiting,0,0,0.000000,enabled
1782985220.196,2026-07-02 09:40:20.197,lock_timeouts,0,0,0.000000,enabled
1782985220.196,2026-07-02 09:40:20.197,log_waits,0,0,0.000000,enabled
1782985220.196,2026-07-02 09:40:20.197,log_writes,235309886,235309886,84136.898733,enabled
1782985220.196,2026-07-02 09:40:20.197,log_write_requests,445132531,445132531,159160.634267,enabled
1782985220.196,2026-07-02 09:40:20.197,os_data_fsyncs,70309446,70309446,25139.695512,enabled
1782985220.196,2026-07-02 09:40:20.197,os_data_reads,101529002,101529002,36302.493397,enabled
1782985220.196,2026-07-02 09:40:20.197,os_data_writes,269073785,269073785,96209.448586,enabled
1782985220.196,2026-07-02 09:40:20.197,os_log_bytes_written,145439983104,145439983104,52003209.998858,enabled
1782985220.196,2026-07-02 09:40:20.197,os_log_fsyncs,61162339,61162339,21869.075402,enabled
1782985220.196,2026-07-02 09:40:20.197,os_log_pending_fsyncs,1,1,0.000358,enabled
1782985220.196,2026-07-02 09:40:20.197,os_log_pending_writes,0,0,0.000000,enabled
1782985220.196,2026-07-02 09:40:20.197,trx_rseg_history_len,1040,1040,0.000000,enabled
1782985221.262,2026-07-02 09:40:21.263,adaptive_hash_searches,0,0,0.000000,enabled
1782985221.262,2026-07-02 09:40:21.263,adaptive_hash_searches_btree,673445290,673445290,240703.415707,enabled
1782985221.262,2026-07-02 09:40:21.263,buffer_data_reads,1659524254208,1659524254208,593148701.164084,enabled
1782985221.262,2026-07-02 09:40:21.263,buffer_data_written,722370139648,722370139648,258190206.470052,enabled
1782985221.262,2026-07-02 09:40:21.263,buffer_pages0_read,7,7,0.002502,enabled
1782985221.262,2026-07-02 09:40:21.263,buffer_pages_created,1828929,1828929,653.697508,enabled
1782985221.262,2026-07-02 09:40:21.263,buffer_pages_read,101575053,101575053,36305.049897,enabled
1782985221.262,2026-07-02 09:40:21.263,buffer_pages_written,32871772,32871772,11749.059352,enabled
1782985221.262,2026-07-02 09:40:21.263,buffer_pool_bytes_data,12853248000,12853248000,0.000000,enabled
1782985221.262,2026-07-02 09:40:21.263,buffer_pool_bytes_dirty,4669620224,4669620224,0.000000,enabled
1782985221.262,2026-07-02 09:40:21.263,buffer_pool_pages_data,784500,784500,0.000000,enabled
1782985221.262,2026-07-02 09:40:21.263,buffer_pool_pages_dirty,285011,285011,0.000000,enabled
1782985221.262,2026-07-02 09:40:21.263,buffer_pool_pages_flushed,32814605,32814605,0.000000,enabled
1782985221.262,2026-07-02 09:40:21.263,buffer_pool_pages_free,1833,1833,0.000000,enabled
1782985221.262,2026-07-02 09:40:21.263,buffer_pool_pages_lru_flushed,0,0,0.000000,enabled
1782985221.262,2026-07-02 09:40:21.263,buffer_pool_pages_misc,96,96,0.000000,enabled
1782985221.262,2026-07-02 09:40:21.263,buffer_pool_pages_total,786432,786432,0.000000,enabled
1782985221.262,2026-07-02 09:40:21.263,buffer_pool_reads,100651445,100651445,35974.934208,enabled
1782985221.262,2026-07-02 09:40:21.263,buffer_pool_read_ahead,803715,803715,287.264569,enabled
1782985221.262,2026-07-02 09:40:21.263,buffer_pool_read_ahead_evicted,25,25,0.008936,enabled
1782985221.262,2026-07-02 09:40:21.263,buffer_pool_read_requests,3254042343,3254042343,1163062.870649,enabled
1782985221.262,2026-07-02 09:40:21.263,buffer_pool_size,12884901888,12884901888,0.000000,enabled
1782985221.262,2026-07-02 09:40:21.263,buffer_pool_wait_free,18945,18945,6.771340,enabled
1782985221.262,2026-07-02 09:40:21.263,buffer_pool_write_requests,656126774,656126774,234513.447686,enabled
1782985221.262,2026-07-02 09:40:21.263,dml_deletes,15324308,15324308,5477.227695,enabled
1782985221.262,2026-07-02 09:40:21.263,dml_inserts,115209716,115209716,41178.358442,enabled
1782985221.262,2026-07-02 09:40:21.263,dml_system_deletes,468,468,0.167273,enabled
1782985221.262,2026-07-02 09:40:21.263,dml_system_inserts,1202,1202,0.429620,enabled
1782985221.262,2026-07-02 09:40:21.263,dml_system_reads,7661,7661,2.738201,enabled
1782985221.262,2026-07-02 09:40:21.263,dml_system_updates,620,620,0.221601,enabled
1782985221.262,2026-07-02 09:40:21.263,dml_updates,30648749,30648749,10954.502920,enabled
1782985221.262,2026-07-02 09:40:21.263,file_num_open_files,35,35,0.000000,enabled
1782985221.262,2026-07-02 09:40:21.263,ibuf_merges,0,0,0.000000,enabled
1782985221.262,2026-07-02 09:40:21.263,ibuf_merges_delete,0,0,0.000000,enabled
1782985221.262,2026-07-02 09:40:21.263,ibuf_merges_delete_mark,0,0,0.000000,enabled
1782985221.262,2026-07-02 09:40:21.263,ibuf_merges_discard_delete,0,0,0.000000,enabled
1782985221.262,2026-07-02 09:40:21.263,ibuf_merges_discard_delete_mark,0,0,0.000000,enabled
1782985221.262,2026-07-02 09:40:21.263,ibuf_merges_discard_insert,0,0,0.000000,enabled
1782985221.262,2026-07-02 09:40:21.263,ibuf_merges_insert,0,0,0.000000,enabled
1782985221.262,2026-07-02 09:40:21.263,ibuf_size,1,1,0.000357,enabled
1782985221.262,2026-07-02 09:40:21.263,innodb_activity_count,20515180,20515180,7332.553845,enabled
1782985221.262,2026-07-02 09:40:21.263,innodb_dblwr_pages_written,32812153,32812153,11727.748785,enabled
1782985221.262,2026-07-02 09:40:21.263,innodb_dblwr_writes,685203,685203,244.905863,enabled
1782985221.262,2026-07-02 09:40:21.263,innodb_page_size,16384,16384,0.000000,enabled
1782985221.262,2026-07-02 09:40:21.263,innodb_rwlock_sx_os_waits,0,0,0.000000,enabled
1782985221.262,2026-07-02 09:40:21.263,innodb_rwlock_sx_spin_rounds,0,0,0.000000,enabled
1782985221.262,2026-07-02 09:40:21.263,innodb_rwlock_sx_spin_waits,0,0,0.000000,enabled
1782985221.262,2026-07-02 09:40:21.263,innodb_rwlock_s_os_waits,0,0,0.000000,enabled
1782985221.262,2026-07-02 09:40:21.263,innodb_rwlock_s_spin_rounds,0,0,0.000000,enabled
1782985221.262,2026-07-02 09:40:21.263,innodb_rwlock_s_spin_waits,0,0,0.000000,enabled
1782985221.262,2026-07-02 09:40:21.263,innodb_rwlock_x_os_waits,0,0,0.000000,enabled
1782985221.262,2026-07-02 09:40:21.263,innodb_rwlock_x_spin_rounds,0,0,0.000000,enabled
1782985221.262,2026-07-02 09:40:21.263,innodb_rwlock_x_spin_waits,0,0,0.000000,enabled
1782985221.262,2026-07-02 09:40:21.263,lock_deadlocks,0,0,0.000000,enabled
1782985221.262,2026-07-02 09:40:21.263,lock_deadlock_false_positives,0,0,0.000000,enabled
1782985221.262,2026-07-02 09:40:21.263,lock_deadlock_rounds,3035,3035,1.084773,enabled
1782985221.262,2026-07-02 09:40:21.263,lock_rec_grant_attempts,425,425,0.151904,enabled
1782985221.262,2026-07-02 09:40:21.263,lock_rec_release_attempts,46579721,46579721,16648.567890,enabled
1782985221.262,2026-07-02 09:40:21.263,lock_row_lock_current_waits,0,0,0.000000,enabled
1782985221.262,2026-07-02 09:40:21.263,lock_row_lock_time,323,323,0.115447,enabled
1782985221.262,2026-07-02 09:40:21.263,lock_row_lock_time_avg,0,0,0.000000,enabled
1782985221.262,2026-07-02 09:40:21.263,lock_row_lock_time_max,29,29,0.000000,enabled
1782985221.262,2026-07-02 09:40:21.263,lock_row_lock_waits,425,425,0.151904,enabled
1782985221.262,2026-07-02 09:40:21.263,lock_schedule_refreshes,3035,3035,1.084773,enabled
1782985221.262,2026-07-02 09:40:21.263,lock_threads_waiting,0,0,0.000000,enabled
1782985221.262,2026-07-02 09:40:21.263,lock_timeouts,0,0,0.000000,enabled
1782985221.262,2026-07-02 09:40:21.263,log_waits,0,0,0.000000,enabled
1782985221.262,2026-07-02 09:40:21.263,log_writes,235390767,235390767,84133.579778,enabled
1782985221.262,2026-07-02 09:40:21.263,log_write_requests,445216362,445216362,159129.632854,enabled
1782985221.262,2026-07-02 09:40:21.263,os_data_fsyncs,70344982,70344982,25142.767426,enabled
1782985221.262,2026-07-02 09:40:21.263,os_data_reads,101587158,101587158,36309.374420,enabled
1782985221.262,2026-07-02 09:40:21.263,os_data_writes,269171422,269171422,96207.494442,enabled
1782985221.262,2026-07-02 09:40:21.263,os_log_bytes_written,145482285056,145482285056,51998410.519123,enabled
1782985221.262,2026-07-02 09:40:21.263,os_log_fsyncs,61192570,61192570,21871.503952,enabled
1782985221.262,2026-07-02 09:40:21.263,os_log_pending_fsyncs,1,1,0.000357,enabled
1782985221.262,2026-07-02 09:40:21.263,os_log_pending_writes,1,1,0.000357,enabled
1782985221.262,2026-07-02 09:40:21.263,trx_rseg_history_len,1153,1153,0.000000,enabled
1782985222.334,2026-07-02 09:40:22.335,adaptive_hash_searches,0,0,0.000000,enabled
1782985222.334,2026-07-02 09:40:22.335,adaptive_hash_searches_btree,673614589,673614589,240671.657894,enabled
1782985222.334,2026-07-02 09:40:22.335,buffer_data_reads,1660466104832,1660466104832,593257885.876314,enabled
1782985222.334,2026-07-02 09:40:22.335,buffer_data_written,722687581696,722687581696,258204672.404840,enabled
1782985222.334,2026-07-02 09:40:22.335,buffer_pages0_read,7,7,0.002501,enabled
1782985222.334,2026-07-02 09:40:22.335,buffer_pages_created,1828964,1828964,653.459484,enabled
1782985222.334,2026-07-02 09:40:22.335,buffer_pages_read,101632682,101632682,36311.725956,enabled
1782985222.334,2026-07-02 09:40:22.335,buffer_pages_written,32888194,32888194,11750.423854,enabled
1782985222.334,2026-07-02 09:40:22.335,buffer_pool_bytes_data,12852576256,12852576256,0.000000,enabled
1782985222.334,2026-07-02 09:40:22.335,buffer_pool_bytes_dirty,4670046208,4670046208,0.000000,enabled
1782985222.334,2026-07-02 09:40:22.335,buffer_pool_pages_data,784459,784459,0.000000,enabled
1782985222.334,2026-07-02 09:40:22.335,buffer_pool_pages_dirty,285036,285036,0.000000,enabled
1782985222.334,2026-07-02 09:40:22.335,buffer_pool_pages_flushed,32831080,32831080,0.000000,enabled
1782985222.334,2026-07-02 09:40:22.335,buffer_pool_pages_free,1875,1875,0.000000,enabled
1782985222.334,2026-07-02 09:40:22.335,buffer_pool_pages_lru_flushed,0,0,0.000000,enabled
1782985222.334,2026-07-02 09:40:22.335,buffer_pool_pages_misc,97,97,0.000000,enabled
1782985222.334,2026-07-02 09:40:22.335,buffer_pool_pages_total,786432,786432,0.000000,enabled
1782985222.334,2026-07-02 09:40:22.335,buffer_pool_reads,100709013,100709013,35981.714843,enabled
1782985222.334,2026-07-02 09:40:22.335,buffer_pool_read_ahead,803715,803715,287.154474,enabled
1782985222.334,2026-07-02 09:40:22.335,buffer_pool_read_ahead_evicted,25,25,0.008932,enabled
1782985222.334,2026-07-02 09:40:22.335,buffer_pool_read_requests,3254880579,3254880579,1162916.613466,enabled
1782985222.334,2026-07-02 09:40:22.335,buffer_pool_size,12884901888,12884901888,0.000000,enabled
1782985222.334,2026-07-02 09:40:22.335,buffer_pool_wait_free,18945,18945,6.768745,enabled
1782985222.334,2026-07-02 09:40:22.335,buffer_pool_write_requests,656239443,656239443,234463.824919,enabled
1782985222.334,2026-07-02 09:40:22.335,dml_deletes,15329207,15329207,5476.878971,enabled
1782985222.334,2026-07-02 09:40:22.335,dml_inserts,115214615,115214615,41164.327845,enabled
1782985222.334,2026-07-02 09:40:22.335,dml_system_deletes,468,468,0.167209,enabled
1782985222.334,2026-07-02 09:40:22.335,dml_system_inserts,1202,1202,0.429455,enabled
1782985222.334,2026-07-02 09:40:22.335,dml_system_reads,7661,7661,2.737152,enabled
1782985222.334,2026-07-02 09:40:22.335,dml_system_updates,620,620,0.221516,enabled
1782985222.334,2026-07-02 09:40:22.335,dml_updates,30658552,30658552,10953.807239,enabled
1782985222.334,2026-07-02 09:40:22.335,file_num_open_files,35,35,0.000000,enabled
1782985222.334,2026-07-02 09:40:22.335,ibuf_merges,0,0,0.000000,enabled
1782985222.334,2026-07-02 09:40:22.335,ibuf_merges_delete,0,0,0.000000,enabled
1782985222.334,2026-07-02 09:40:22.335,ibuf_merges_delete_mark,0,0,0.000000,enabled
1782985222.334,2026-07-02 09:40:22.335,ibuf_merges_discard_delete,0,0,0.000000,enabled
1782985222.334,2026-07-02 09:40:22.335,ibuf_merges_discard_delete_mark,0,0,0.000000,enabled
1782985222.334,2026-07-02 09:40:22.335,ibuf_merges_discard_insert,0,0,0.000000,enabled
1782985222.334,2026-07-02 09:40:22.335,ibuf_merges_insert,0,0,0.000000,enabled
1782985222.334,2026-07-02 09:40:22.335,ibuf_size,1,1,0.000357,enabled
1782985222.334,2026-07-02 09:40:22.335,innodb_activity_count,20520813,20520813,7331.756344,enabled
1782985222.334,2026-07-02 09:40:22.335,innodb_dblwr_pages_written,32828566,32828566,11729.118420,enabled
1782985222.334,2026-07-02 09:40:22.335,innodb_dblwr_writes,685574,685574,244.944560,enabled
1782985222.334,2026-07-02 09:40:22.335,innodb_page_size,16384,16384,0.000000,enabled
1782985222.334,2026-07-02 09:40:22.335,innodb_rwlock_sx_os_waits,0,0,0.000000,enabled
1782985222.334,2026-07-02 09:40:22.335,innodb_rwlock_sx_spin_rounds,0,0,0.000000,enabled
1782985222.334,2026-07-02 09:40:22.335,innodb_rwlock_sx_spin_waits,0,0,0.000000,enabled
1782985222.334,2026-07-02 09:40:22.335,innodb_rwlock_s_os_waits,0,0,0.000000,enabled
1782985222.334,2026-07-02 09:40:22.335,innodb_rwlock_s_spin_rounds,0,0,0.000000,enabled
1782985222.334,2026-07-02 09:40:22.335,innodb_rwlock_s_spin_waits,0,0,0.000000,enabled
1782985222.334,2026-07-02 09:40:22.335,innodb_rwlock_x_os_waits,0,0,0.000000,enabled
1782985222.334,2026-07-02 09:40:22.335,innodb_rwlock_x_spin_rounds,0,0,0.000000,enabled
1782985222.334,2026-07-02 09:40:22.335,innodb_rwlock_x_spin_waits,0,0,0.000000,enabled
1782985222.334,2026-07-02 09:40:22.335,lock_deadlocks,0,0,0.000000,enabled
1782985222.334,2026-07-02 09:40:22.335,lock_deadlock_false_positives,0,0,0.000000,enabled
1782985222.334,2026-07-02 09:40:22.335,lock_deadlock_rounds,3036,3036,1.084714,enabled
1782985222.334,2026-07-02 09:40:22.335,lock_rec_grant_attempts,425,425,0.151846,enabled
1782985222.334,2026-07-02 09:40:22.335,lock_rec_release_attempts,46594632,46594632,16647.514737,enabled
1782985222.334,2026-07-02 09:40:22.335,lock_row_lock_current_waits,0,0,0.000000,enabled
1782985222.334,2026-07-02 09:40:22.335,lock_row_lock_time,323,323,0.115403,enabled
1782985222.334,2026-07-02 09:40:22.335,lock_row_lock_time_avg,0,0,0.000000,enabled
1782985222.334,2026-07-02 09:40:22.335,lock_row_lock_time_max,29,29,0.000000,enabled
1782985222.334,2026-07-02 09:40:22.335,lock_row_lock_waits,425,425,0.151846,enabled
1782985222.334,2026-07-02 09:40:22.335,lock_schedule_refreshes,3036,3036,1.084714,enabled
1782985222.334,2026-07-02 09:40:22.335,lock_threads_waiting,0,0,0.000000,enabled
1782985222.334,2026-07-02 09:40:22.335,lock_timeouts,0,0,0.000000,enabled
1782985222.334,2026-07-02 09:40:22.335,log_waits,0,0,0.000000,enabled
1782985222.334,2026-07-02 09:40:22.335,log_writes,235471743,235471743,84130.268325,enabled
1782985222.334,2026-07-02 09:40:22.335,log_write_requests,445299659,445299659,159098.409596,enabled
1782985222.334,2026-07-02 09:40:22.335,os_data_fsyncs,70379050,70379050,25145.303732,enabled
1782985222.334,2026-07-02 09:40:22.335,os_data_reads,101644632,101644632,36315.993855,enabled
1782985222.334,2026-07-02 09:40:22.335,os_data_writes,269269074,269269074,96205.513647,enabled
1782985222.334,2026-07-02 09:40:22.335,os_log_bytes_written,145524574208,145524574208,51993592.027598,enabled
1782985222.334,2026-07-02 09:40:22.335,os_log_fsyncs,61221469,61221469,21873.447135,enabled
1782985222.334,2026-07-02 09:40:22.335,os_log_pending_fsyncs,1,1,0.000357,enabled
1782985222.334,2026-07-02 09:40:22.335,os_log_pending_writes,1,1,0.000357,enabled
1782985222.334,2026-07-02 09:40:22.335,trx_rseg_history_len,1172,1172,0.000000,enabled
1782985223.406,2026-07-02 09:40:23.408,adaptive_hash_searches,0,0,0.000000,enabled
1782985223.406,2026-07-02 09:40:23.408,adaptive_hash_searches_btree,673778362,673778362,240638.316277,enabled
1782985223.406,2026-07-02 09:40:23.408,buffer_data_reads,1661374286336,1661374286336,593355885.294907,enabled
1782985223.406,2026-07-02 09:40:23.408,buffer_data_written,723011287040,723011287040,258221765.870617,enabled
1782985223.406,2026-07-02 09:40:23.408,buffer_pages0_read,7,7,0.002500,enabled
1782985223.406,2026-07-02 09:40:23.408,buffer_pages_created,1828997,1828997,653.221945,enabled
1782985223.406,2026-07-02 09:40:23.408,buffer_pages_read,101688248,101688248,36317.716644,enabled
1782985223.406,2026-07-02 09:40:23.408,buffer_pages_written,32905013,32905013,11751.947400,enabled
1782985223.406,2026-07-02 09:40:23.408,buffer_pool_bytes_data,12849446912,12849446912,0.000000,enabled
1782985223.406,2026-07-02 09:40:23.408,buffer_pool_bytes_dirty,4653907968,4653907968,0.000000,enabled
1782985223.406,2026-07-02 09:40:23.408,buffer_pool_pages_data,784268,784268,0.000000,enabled
1782985223.406,2026-07-02 09:40:23.408,buffer_pool_pages_dirty,284052,284052,0.000000,enabled
1782985223.406,2026-07-02 09:40:23.408,buffer_pool_pages_flushed,32846851,32846851,0.000000,enabled
1782985223.406,2026-07-02 09:40:23.408,buffer_pool_pages_free,2068,2068,0.000000,enabled
1782985223.406,2026-07-02 09:40:23.408,buffer_pool_pages_lru_flushed,0,0,0.000000,enabled
1782985223.406,2026-07-02 09:40:23.408,buffer_pool_pages_misc,96,96,0.000000,enabled
1782985223.406,2026-07-02 09:40:23.408,buffer_pool_pages_total,786432,786432,0.000000,enabled
1782985223.406,2026-07-02 09:40:23.408,buffer_pool_reads,100764514,100764514,35987.808248,enabled
1782985223.406,2026-07-02 09:40:23.408,buffer_pool_read_ahead,803715,803715,287.044912,enabled
1782985223.406,2026-07-02 09:40:23.408,buffer_pool_read_ahead_evicted,25,25,0.008929,enabled
1782985223.406,2026-07-02 09:40:23.408,buffer_pool_read_requests,3255691262,3255691262,1162762.442104,enabled
1782985223.406,2026-07-02 09:40:23.408,buffer_pool_size,12884901888,12884901888,0.000000,enabled
1782985223.406,2026-07-02 09:40:23.408,buffer_pool_wait_free,18945,18945,6.766162,enabled
1782985223.406,2026-07-02 09:40:23.408,buffer_pool_write_requests,656348605,656348605,234413.353393,enabled
1782985223.406,2026-07-02 09:40:23.408,dml_deletes,15333953,15333953,5476.484164,enabled
1782985223.406,2026-07-02 09:40:23.408,dml_inserts,115219361,115219361,41150.315671,enabled
1782985223.406,2026-07-02 09:40:23.408,dml_system_deletes,468,468,0.167145,enabled
1782985223.406,2026-07-02 09:40:23.408,dml_system_inserts,1202,1202,0.429291,enabled
1782985223.406,2026-07-02 09:40:23.408,dml_system_reads,7661,7661,2.736108,enabled
1782985223.406,2026-07-02 09:40:23.408,dml_system_updates,620,620,0.221431,enabled
1782985223.406,2026-07-02 09:40:23.408,dml_updates,30668037,30668037,10953.015105,enabled
1782985223.406,2026-07-02 09:40:23.408,file_num_open_files,35,35,0.000000,enabled
1782985223.406,2026-07-02 09:40:23.408,ibuf_merges,0,0,0.000000,enabled
1782985223.406,2026-07-02 09:40:23.408,ibuf_merges_delete,0,0,0.000000,enabled
1782985223.406,2026-07-02 09:40:23.408,ibuf_merges_delete_mark,0,0,0.000000,enabled
1782985223.406,2026-07-02 09:40:23.408,ibuf_merges_discard_delete,0,0,0.000000,enabled
1782985223.406,2026-07-02 09:40:23.408,ibuf_merges_discard_delete_mark,0,0,0.000000,enabled
1782985223.406,2026-07-02 09:40:23.408,ibuf_merges_discard_insert,0,0,0.000000,enabled
1782985223.406,2026-07-02 09:40:23.408,ibuf_merges_insert,0,0,0.000000,enabled
1782985223.406,2026-07-02 09:40:23.408,ibuf_size,1,1,0.000357,enabled
1782985223.406,2026-07-02 09:40:23.408,innodb_activity_count,20526261,20526261,7330.904506,enabled
1782985223.406,2026-07-02 09:40:23.408,innodb_dblwr_pages_written,32844721,32844721,11730.412648,enabled
1782985223.406,2026-07-02 09:40:23.408,innodb_dblwr_writes,685927,685927,244.977169,enabled
1782985223.406,2026-07-02 09:40:23.408,innodb_page_size,16384,16384,0.000000,enabled
1782985223.406,2026-07-02 09:40:23.408,innodb_rwlock_sx_os_waits,0,0,0.000000,enabled
1782985223.406,2026-07-02 09:40:23.408,innodb_rwlock_sx_spin_rounds,0,0,0.000000,enabled
1782985223.406,2026-07-02 09:40:23.408,innodb_rwlock_sx_spin_waits,0,0,0.000000,enabled
1782985223.406,2026-07-02 09:40:23.408,innodb_rwlock_s_os_waits,0,0,0.000000,enabled
1782985223.406,2026-07-02 09:40:23.408,innodb_rwlock_s_spin_rounds,0,0,0.000000,enabled
1782985223.406,2026-07-02 09:40:23.408,innodb_rwlock_s_spin_waits,0,0,0.000000,enabled
1782985223.406,2026-07-02 09:40:23.408,innodb_rwlock_x_os_waits,0,0,0.000000,enabled
1782985223.406,2026-07-02 09:40:23.408,innodb_rwlock_x_spin_rounds,0,0,0.000000,enabled
1782985223.406,2026-07-02 09:40:23.408,innodb_rwlock_x_spin_waits,0,0,0.000000,enabled
1782985223.406,2026-07-02 09:40:23.408,lock_deadlocks,0,0,0.000000,enabled
1782985223.406,2026-07-02 09:40:23.408,lock_deadlock_false_positives,0,0,0.000000,enabled
1782985223.406,2026-07-02 09:40:23.408,lock_deadlock_rounds,3037,3037,1.084657,enabled
1782985223.406,2026-07-02 09:40:23.408,lock_rec_grant_attempts,425,425,0.151788,enabled
1782985223.406,2026-07-02 09:40:23.408,lock_rec_release_attempts,46609066,46609066,16646.318036,enabled
1782985223.406,2026-07-02 09:40:23.408,lock_row_lock_current_waits,0,0,0.000000,enabled
1782985223.406,2026-07-02 09:40:23.408,lock_row_lock_time,323,323,0.115359,enabled
1782985223.406,2026-07-02 09:40:23.408,lock_row_lock_time_avg,0,0,0.000000,enabled
1782985223.406,2026-07-02 09:40:23.408,lock_row_lock_time_max,29,29,0.000000,enabled
1782985223.406,2026-07-02 09:40:23.408,lock_row_lock_waits,425,425,0.151788,enabled
1782985223.406,2026-07-02 09:40:23.408,lock_schedule_refreshes,3037,3037,1.084657,enabled
1782985223.406,2026-07-02 09:40:23.408,lock_threads_waiting,0,0,0.000000,enabled
1782985223.406,2026-07-02 09:40:23.408,lock_timeouts,0,0,0.000000,enabled
1782985223.406,2026-07-02 09:40:23.408,log_waits,0,0,0.000000,enabled
1782985223.406,2026-07-02 09:40:23.408,log_writes,235550785,235550785,84126.396953,enabled
1782985223.406,2026-07-02 09:40:23.408,log_write_requests,445380254,445380254,159066.487809,enabled
1782985223.406,2026-07-02 09:40:23.408,os_data_fsyncs,70410882,70410882,25147.078021,enabled
1782985223.406,2026-07-02 09:40:23.408,os_data_reads,101700059,101700059,36321.932768,enabled
1782985223.406,2026-07-02 09:40:23.408,os_data_writes,269365232,269365232,96203.148117,enabled
1782985223.406,2026-07-02 09:40:23.408,os_log_bytes_written,145565743616,145565743616,51988456.921500,enabled
1782985223.406,2026-07-02 09:40:23.408,os_log_fsyncs,61248501,61248501,21874.755516,enabled
1782985223.406,2026-07-02 09:40:23.408,os_log_pending_fsyncs,1,1,0.000357,enabled
1782985223.406,2026-07-02 09:40:23.408,os_log_pending_writes,0,0,0.000000,enabled
1782985223.406,2026-07-02 09:40:23.408,trx_rseg_history_len,1174,1174,0.000000,enabled
1782985224.474,2026-07-02 09:40:24.476,adaptive_hash_searches,0,0,0.000000,enabled
1782985224.474,2026-07-02 09:40:24.476,adaptive_hash_searches_btree,673940045,673940045,240604.008656,enabled
1782985224.474,2026-07-02 09:40:24.476,buffer_data_reads,1662273407488,1662273407488,593449951.339419,enabled
1782985224.474,2026-07-02 09:40:24.476,buffer_data_written,723354476544,723354476544,258245530.883078,enabled
1782985224.474,2026-07-02 09:40:24.476,buffer_pages0_read,7,7,0.002499,enabled
1782985224.474,2026-07-02 09:40:24.476,buffer_pages_created,1829029,1829029,652.983543,enabled
1782985224.474,2026-07-02 09:40:24.476,buffer_pages_read,101743272,101743272,36323.471000,enabled
1782985224.474,2026-07-02 09:40:24.476,buffer_pages_written,32923194,32923194,11753.943651,enabled
1782985224.474,2026-07-02 09:40:24.476,buffer_pool_bytes_data,12852477952,12852477952,0.000000,enabled
1782985224.474,2026-07-02 09:40:24.476,buffer_pool_bytes_dirty,4615946240,4615946240,0.000000,enabled
1782985224.474,2026-07-02 09:40:24.476,buffer_pool_pages_data,784453,784453,0.000000,enabled
1782985224.474,2026-07-02 09:40:24.476,buffer_pool_pages_dirty,281735,281735,0.000000,enabled
1782985224.474,2026-07-02 09:40:24.476,buffer_pool_pages_flushed,32866080,32866080,0.000000,enabled
1782985224.474,2026-07-02 09:40:24.476,buffer_pool_pages_free,1881,1881,0.000000,enabled
1782985224.474,2026-07-02 09:40:24.476,buffer_pool_pages_lru_flushed,0,0,0.000000,enabled
1782985224.474,2026-07-02 09:40:24.476,buffer_pool_pages_misc,97,97,0.000000,enabled
1782985224.474,2026-07-02 09:40:24.476,buffer_pool_pages_total,786432,786432,0.000000,enabled
1782985224.474,2026-07-02 09:40:24.476,buffer_pool_reads,100819483,100819483,35993.669257,enabled
1782985224.474,2026-07-02 09:40:24.476,buffer_pool_read_ahead,803715,803715,286.935131,enabled
1782985224.474,2026-07-02 09:40:24.476,buffer_pool_read_ahead_evicted,25,25,0.008925,enabled
1782985224.474,2026-07-02 09:40:24.476,buffer_pool_read_requests,3256491767,3256491767,1162603.531870,enabled
1782985224.474,2026-07-02 09:40:24.476,buffer_pool_size,12884901888,12884901888,0.000000,enabled
1782985224.474,2026-07-02 09:40:24.476,buffer_pool_wait_free,18945,18945,6.763574,enabled
1782985224.474,2026-07-02 09:40:24.476,buffer_pool_write_requests,656456767,656456767,234362.316844,enabled
1782985224.474,2026-07-02 09:40:24.476,dml_deletes,15338630,15338630,5476.059498,enabled
1782985224.474,2026-07-02 09:40:24.476,dml_inserts,115224037,115224037,41136.247668,enabled
1782985224.474,2026-07-02 09:40:24.476,dml_system_deletes,468,468,0.167081,enabled
1782985224.474,2026-07-02 09:40:24.476,dml_system_inserts,1202,1202,0.429127,enabled
1782985224.474,2026-07-02 09:40:24.476,dml_system_reads,7661,7661,2.735061,enabled
1782985224.474,2026-07-02 09:40:24.476,dml_system_updates,620,620,0.221347,enabled
1782985224.474,2026-07-02 09:40:24.476,dml_updates,30677393,30677393,10952.166470,enabled
1782985224.474,2026-07-02 09:40:24.476,file_num_open_files,35,35,0.000000,enabled
1782985224.474,2026-07-02 09:40:24.476,ibuf_merges,0,0,0.000000,enabled
1782985224.474,2026-07-02 09:40:24.476,ibuf_merges_delete,0,0,0.000000,enabled
1782985224.474,2026-07-02 09:40:24.476,ibuf_merges_delete_mark,0,0,0.000000,enabled
1782985224.474,2026-07-02 09:40:24.476,ibuf_merges_discard_delete,0,0,0.000000,enabled
1782985224.474,2026-07-02 09:40:24.476,ibuf_merges_discard_delete_mark,0,0,0.000000,enabled
1782985224.474,2026-07-02 09:40:24.476,ibuf_merges_discard_insert,0,0,0.000000,enabled
1782985224.474,2026-07-02 09:40:24.476,ibuf_merges_insert,0,0,0.000000,enabled
1782985224.474,2026-07-02 09:40:24.476,ibuf_size,1,1,0.000357,enabled
1782985224.474,2026-07-02 09:40:24.476,innodb_activity_count,20531635,20531635,7330.019446,enabled
1782985224.474,2026-07-02 09:40:24.476,innodb_dblwr_pages_written,32863566,32863566,11732.654348,enabled
1782985224.474,2026-07-02 09:40:24.476,innodb_dblwr_writes,686308,686308,245.019501,enabled
1782985224.474,2026-07-02 09:40:24.476,innodb_page_size,16384,16384,0.000000,enabled
1782985224.474,2026-07-02 09:40:24.476,innodb_rwlock_sx_os_waits,0,0,0.000000,enabled
1782985224.474,2026-07-02 09:40:24.476,innodb_rwlock_sx_spin_rounds,0,0,0.000000,enabled
1782985224.474,2026-07-02 09:40:24.476,innodb_rwlock_sx_spin_waits,0,0,0.000000,enabled
1782985224.474,2026-07-02 09:40:24.476,innodb_rwlock_s_os_waits,0,0,0.000000,enabled
1782985224.474,2026-07-02 09:40:24.476,innodb_rwlock_s_spin_rounds,0,0,0.000000,enabled
1782985224.474,2026-07-02 09:40:24.476,innodb_rwlock_s_spin_waits,0,0,0.000000,enabled
1782985224.474,2026-07-02 09:40:24.476,innodb_rwlock_x_os_waits,0,0,0.000000,enabled
1782985224.474,2026-07-02 09:40:24.476,innodb_rwlock_x_spin_rounds,0,0,0.000000,enabled
1782985224.474,2026-07-02 09:40:24.476,innodb_rwlock_x_spin_waits,0,0,0.000000,enabled
1782985224.474,2026-07-02 09:40:24.476,lock_deadlocks,0,0,0.000000,enabled
1782985224.474,2026-07-02 09:40:24.476,lock_deadlock_false_positives,0,0,0.000000,enabled
1782985224.474,2026-07-02 09:40:24.476,lock_deadlock_rounds,3038,3038,1.084600,enabled
1782985224.474,2026-07-02 09:40:24.476,lock_rec_grant_attempts,425,425,0.151730,enabled
1782985224.474,2026-07-02 09:40:24.476,lock_rec_release_attempts,46623284,46623284,16645.027617,enabled
1782985224.474,2026-07-02 09:40:24.476,lock_row_lock_current_waits,0,0,0.000000,enabled
1782985224.474,2026-07-02 09:40:24.476,lock_row_lock_time,323,323,0.115315,enabled
1782985224.474,2026-07-02 09:40:24.476,lock_row_lock_time_avg,0,0,0.000000,enabled
1782985224.474,2026-07-02 09:40:24.476,lock_row_lock_time_max,29,29,0.000000,enabled
1782985224.474,2026-07-02 09:40:24.476,lock_row_lock_waits,425,425,0.151730,enabled
1782985224.474,2026-07-02 09:40:24.476,lock_schedule_refreshes,3038,3038,1.084600,enabled
1782985224.474,2026-07-02 09:40:24.476,lock_threads_waiting,0,0,0.000000,enabled
1782985224.474,2026-07-02 09:40:24.476,lock_timeouts,0,0,0.000000,enabled
1782985224.474,2026-07-02 09:40:24.476,log_waits,0,0,0.000000,enabled
1782985224.474,2026-07-02 09:40:24.476,log_writes,235628502,235628502,84121.969042,enabled
1782985224.474,2026-07-02 09:40:24.476,log_write_requests,445459864,445459864,159034.075232,enabled
1782985224.474,2026-07-02 09:40:24.476,os_data_fsyncs,70442503,70442503,25148.749663,enabled
1782985224.474,2026-07-02 09:40:24.476,os_data_reads,101754916,101754916,36327.626135,enabled
1782985224.474,2026-07-02 09:40:24.476,os_data_writes,269461381,269461381,96200.681841,enabled
1782985224.474,2026-07-02 09:40:24.476,os_log_bytes_written,145606330880,145606330880,51983064.235511,enabled
1782985224.474,2026-07-02 09:40:24.476,os_log_fsyncs,61274996,61274996,21875.848608,enabled
1782985224.474,2026-07-02 09:40:24.476,os_log_pending_fsyncs,1,1,0.000357,enabled
1782985224.474,2026-07-02 09:40:24.476,os_log_pending_writes,0,0,0.000000,enabled
1782985224.474,2026-07-02 09:40:24.476,trx_rseg_history_len,1051,1051,0.000000,enabled
1782985225.546,2026-07-02 09:40:25.548,adaptive_hash_searches,0,0,0.000000,enabled
1782985225.546,2026-07-02 09:40:25.548,adaptive_hash_searches_btree,674104950,674104950,240570.858125,enabled
1782985225.546,2026-07-02 09:40:25.548,buffer_data_reads,1663191501312,1663191501312,593550677.697546,enabled
1782985225.546,2026-07-02 09:40:25.548,buffer_data_written,723661478400,723661478400,258256346.505570,enabled
1782985225.546,2026-07-02 09:40:25.548,buffer_pages0_read,7,7,0.002498,enabled
1782985225.546,2026-07-02 09:40:25.548,buffer_pages_created,1829061,1829061,652.745281,enabled
1782985225.546,2026-07-02 09:40:25.548,buffer_pages_read,101799463,101799463,36329.635098,enabled
1782985225.546,2026-07-02 09:40:25.548,buffer_pages_written,32939057,32939057,11755.110385,enabled
1782985225.546,2026-07-02 09:40:25.548,buffer_pool_bytes_data,12849250304,12849250304,0.000000,enabled
1782985225.546,2026-07-02 09:40:25.548,buffer_pool_bytes_dirty,4621090816,4621090816,0.000000,enabled
1782985225.546,2026-07-02 09:40:25.548,buffer_pool_pages_data,784256,784256,0.000000,enabled
1782985225.546,2026-07-02 09:40:25.548,buffer_pool_pages_dirty,282049,282049,0.000000,enabled
1782985225.546,2026-07-02 09:40:25.548,buffer_pool_pages_flushed,32881943,32881943,0.000000,enabled
1782985225.546,2026-07-02 09:40:25.548,buffer_pool_pages_free,2080,2080,0.000000,enabled
1782985225.546,2026-07-02 09:40:25.548,buffer_pool_pages_lru_flushed,0,0,0.000000,enabled
1782985225.546,2026-07-02 09:40:25.548,buffer_pool_pages_misc,96,96,0.000000,enabled
1782985225.546,2026-07-02 09:40:25.548,buffer_pool_pages_total,786432,786432,0.000000,enabled
1782985225.546,2026-07-02 09:40:25.548,buffer_pool_reads,100875624,100875624,35999.941602,enabled
1782985225.546,2026-07-02 09:40:25.548,buffer_pool_read_ahead,803715,803715,286.825416,enabled
1782985225.546,2026-07-02 09:40:25.548,buffer_pool_read_ahead_evicted,25,25,0.008922,enabled
1782985225.546,2026-07-02 09:40:25.548,buffer_pool_read_requests,3257308321,3257308321,1162450.392164,enabled
1782985225.546,2026-07-02 09:40:25.548,buffer_pool_size,12884901888,12884901888,0.000000,enabled
1782985225.546,2026-07-02 09:40:25.548,buffer_pool_wait_free,18945,18945,6.760988,enabled
1782985225.546,2026-07-02 09:40:25.548,buffer_pool_write_requests,656567013,656567013,234312.047240,enabled
1782985225.546,2026-07-02 09:40:25.548,dml_deletes,15343400,15343400,5475.667872,enabled
1782985225.546,2026-07-02 09:40:25.548,dml_inserts,115228808,115228808,41122.220783,enabled
1782985225.546,2026-07-02 09:40:25.548,dml_system_deletes,468,468,0.167017,enabled
1782985225.546,2026-07-02 09:40:25.548,dml_system_inserts,1202,1202,0.428963,enabled
1782985225.546,2026-07-02 09:40:25.548,dml_system_reads,7661,7661,2.734015,enabled
1782985225.546,2026-07-02 09:40:25.548,dml_system_updates,620,620,0.221262,enabled
1782985225.546,2026-07-02 09:40:25.548,dml_updates,30686938,30686938,10951.384983,enabled
1782985225.546,2026-07-02 09:40:25.548,file_num_open_files,35,35,0.000000,enabled
1782985225.546,2026-07-02 09:40:25.548,ibuf_merges,0,0,0.000000,enabled
1782985225.546,2026-07-02 09:40:25.548,ibuf_merges_delete,0,0,0.000000,enabled
1782985225.546,2026-07-02 09:40:25.548,ibuf_merges_delete_mark,0,0,0.000000,enabled
1782985225.546,2026-07-02 09:40:25.548,ibuf_merges_discard_delete,0,0,0.000000,enabled
1782985225.546,2026-07-02 09:40:25.548,ibuf_merges_discard_delete_mark,0,0,0.000000,enabled
1782985225.546,2026-07-02 09:40:25.548,ibuf_merges_discard_insert,0,0,0.000000,enabled
1782985225.546,2026-07-02 09:40:25.548,ibuf_merges_insert,0,0,0.000000,enabled
1782985225.546,2026-07-02 09:40:25.548,ibuf_size,1,1,0.000357,enabled
1782985225.546,2026-07-02 09:40:25.548,innodb_activity_count,20537125,20537125,7329.175871,enabled
1782985225.546,2026-07-02 09:40:25.548,innodb_dblwr_pages_written,32879429,32879429,11733.829167,enabled
1782985225.546,2026-07-02 09:40:25.548,innodb_dblwr_writes,686644,686644,245.045721,enabled
1782985225.546,2026-07-02 09:40:25.548,innodb_page_size,16384,16384,0.000000,enabled
1782985225.546,2026-07-02 09:40:25.548,innodb_rwlock_sx_os_waits,0,0,0.000000,enabled
1782985225.546,2026-07-02 09:40:25.548,innodb_rwlock_sx_spin_rounds,0,0,0.000000,enabled
1782985225.546,2026-07-02 09:40:25.548,innodb_rwlock_sx_spin_waits,0,0,0.000000,enabled
1782985225.546,2026-07-02 09:40:25.548,innodb_rwlock_s_os_waits,0,0,0.000000,enabled
1782985225.546,2026-07-02 09:40:25.548,innodb_rwlock_s_spin_rounds,0,0,0.000000,enabled
1782985225.546,2026-07-02 09:40:25.548,innodb_rwlock_s_spin_waits,0,0,0.000000,enabled
1782985225.546,2026-07-02 09:40:25.548,innodb_rwlock_x_os_waits,0,0,0.000000,enabled
1782985225.546,2026-07-02 09:40:25.548,innodb_rwlock_x_spin_rounds,0,0,0.000000,enabled
1782985225.546,2026-07-02 09:40:25.548,innodb_rwlock_x_spin_waits,0,0,0.000000,enabled
1782985225.546,2026-07-02 09:40:25.548,lock_deadlocks,0,0,0.000000,enabled
1782985225.546,2026-07-02 09:40:25.548,lock_deadlock_false_positives,0,0,0.000000,enabled
1782985225.546,2026-07-02 09:40:25.548,lock_deadlock_rounds,3039,3039,1.084542,enabled
1782985225.546,2026-07-02 09:40:25.548,lock_rec_grant_attempts,425,425,0.151672,enabled
1782985225.546,2026-07-02 09:40:25.548,lock_rec_release_attempts,46637787,46637787,16643.838808,enabled
1782985225.546,2026-07-02 09:40:25.548,lock_row_lock_current_waits,0,0,0.000000,enabled
1782985225.546,2026-07-02 09:40:25.548,lock_row_lock_time,323,323,0.115270,enabled
1782985225.546,2026-07-02 09:40:25.548,lock_row_lock_time_avg,0,0,0.000000,enabled
1782985225.546,2026-07-02 09:40:25.548,lock_row_lock_time_max,29,29,0.000000,enabled
1782985225.546,2026-07-02 09:40:25.548,lock_row_lock_waits,425,425,0.151672,enabled
1782985225.546,2026-07-02 09:40:25.548,lock_schedule_refreshes,3039,3039,1.084542,enabled
1782985225.546,2026-07-02 09:40:25.548,lock_threads_waiting,0,0,0.000000,enabled
1782985225.546,2026-07-02 09:40:25.548,lock_timeouts,0,0,0.000000,enabled
1782985225.546,2026-07-02 09:40:25.548,log_waits,0,0,0.000000,enabled
1782985225.546,2026-07-02 09:40:25.548,log_writes,235707024,235707024,84117.825630,enabled
1782985225.546,2026-07-02 09:40:25.548,log_write_requests,445541020,445541020,159002.227501,enabled
1782985225.546,2026-07-02 09:40:25.548,os_data_fsyncs,70474591,70474591,25150.584933,enabled
1782985225.546,2026-07-02 09:40:25.548,os_data_reads,101810941,101810941,36333.729448,enabled
1782985225.546,2026-07-02 09:40:25.548,os_data_writes,269556007,269556007,96197.667233,enabled
1782985225.546,2026-07-02 09:40:25.548,os_log_bytes_written,145647274496,145647274496,51977799.223124,enabled
1782985225.546,2026-07-02 09:40:25.548,os_log_fsyncs,61302477,61302477,21877.291214,enabled
1782985225.546,2026-07-02 09:40:25.548,os_log_pending_fsyncs,0,0,0.000000,enabled
1782985225.546,2026-07-02 09:40:25.548,os_log_pending_writes,0,0,0.000000,enabled
1782985225.546,2026-07-02 09:40:25.548,trx_rseg_history_len,1002,1002,0.000000,enabled
1782985226.617,2026-07-02 09:40:26.619,adaptive_hash_searches,0,0,0.000000,enabled
1782985226.617,2026-07-02 09:40:26.619,adaptive_hash_searches_btree,674270384,674270384,240538.076546,enabled
1782985226.617,2026-07-02 09:40:26.619,buffer_data_reads,1664108923392,1664108923392,593651473.212639,enabled
1782985226.617,2026-07-02 09:40:26.619,buffer_data_written,723969935872,723969935872,258267840.879180,enabled
1782985226.617,2026-07-02 09:40:26.619,buffer_pages0_read,7,7,0.002497,enabled
1782985226.617,2026-07-02 09:40:26.619,buffer_pages_created,1829090,1829090,652.506555,enabled
1782985226.617,2026-07-02 09:40:26.619,buffer_pages_read,101855591,101855591,36335.795641,enabled
1782985226.617,2026-07-02 09:40:26.619,buffer_pages_written,32955014,32955014,11756.317407,enabled
1782985226.617,2026-07-02 09:40:26.619,buffer_pool_bytes_data,12849119232,12849119232,0.000000,enabled
1782985226.617,2026-07-02 09:40:26.619,buffer_pool_bytes_dirty,4625825792,4625825792,0.000000,enabled
1782985226.617,2026-07-02 09:40:26.619,buffer_pool_pages_data,784248,784248,0.000000,enabled
1782985226.617,2026-07-02 09:40:26.619,buffer_pool_pages_dirty,282338,282338,0.000000,enabled
1782985226.617,2026-07-02 09:40:26.619,buffer_pool_pages_flushed,32897900,32897900,0.000000,enabled
1782985226.617,2026-07-02 09:40:26.619,buffer_pool_pages_free,2087,2087,0.000000,enabled
1782985226.617,2026-07-02 09:40:26.619,buffer_pool_pages_lru_flushed,0,0,0.000000,enabled
1782985226.617,2026-07-02 09:40:26.619,buffer_pool_pages_misc,96,96,0.000000,enabled
1782985226.617,2026-07-02 09:40:26.619,buffer_pool_pages_total,786432,786432,0.000000,enabled
1782985226.617,2026-07-02 09:40:26.619,buffer_pool_reads,100931694,100931694,36006.207260,enabled
1782985226.617,2026-07-02 09:40:26.619,buffer_pool_read_ahead,803715,803715,286.715971,enabled
1782985226.617,2026-07-02 09:40:26.619,buffer_pool_read_ahead_evicted,25,25,0.008918,enabled
1782985226.617,2026-07-02 09:40:26.619,buffer_pool_read_requests,3258127551,3258127551,1162299.082838,enabled
1782985226.617,2026-07-02 09:40:26.619,buffer_pool_size,12884901888,12884901888,0.000000,enabled
1782985226.617,2026-07-02 09:40:26.619,buffer_pool_wait_free,18945,18945,6.758408,enabled
1782985226.617,2026-07-02 09:40:26.619,buffer_pool_write_requests,656677730,656677730,234262.137009,enabled
1782985226.617,2026-07-02 09:40:26.619,dml_deletes,15348194,15348194,5475.288624,enabled
1782985226.617,2026-07-02 09:40:26.619,dml_inserts,115233603,115233603,41108.239583,enabled
1782985226.617,2026-07-02 09:40:26.619,dml_system_deletes,468,468,0.166954,enabled
1782985226.617,2026-07-02 09:40:26.619,dml_system_inserts,1202,1202,0.428799,enabled
1782985226.617,2026-07-02 09:40:26.619,dml_system_reads,7661,7661,2.732972,enabled
1782985226.617,2026-07-02 09:40:26.619,dml_system_updates,620,620,0.221178,enabled
1782985226.617,2026-07-02 09:40:26.619,dml_updates,30696521,30696521,10950.624682,enabled
1782985226.617,2026-07-02 09:40:26.619,file_num_open_files,35,35,0.000000,enabled
1782985226.617,2026-07-02 09:40:26.619,ibuf_merges,0,0,0.000000,enabled
1782985226.617,2026-07-02 09:40:26.619,ibuf_merges_delete,0,0,0.000000,enabled
1782985226.617,2026-07-02 09:40:26.619,ibuf_merges_delete_mark,0,0,0.000000,enabled
1782985226.617,2026-07-02 09:40:26.619,ibuf_merges_discard_delete,0,0,0.000000,enabled
1782985226.617,2026-07-02 09:40:26.619,ibuf_merges_discard_delete_mark,0,0,0.000000,enabled
1782985226.617,2026-07-02 09:40:26.619,ibuf_merges_discard_insert,0,0,0.000000,enabled
1782985226.617,2026-07-02 09:40:26.619,ibuf_merges_insert,0,0,0.000000,enabled
1782985226.617,2026-07-02 09:40:26.619,ibuf_size,1,1,0.000357,enabled
1782985226.617,2026-07-02 09:40:26.619,innodb_activity_count,20542637,20542637,7328.345494,enabled
1782985226.617,2026-07-02 09:40:26.619,innodb_dblwr_pages_written,32895386,32895386,11735.044157,enabled
1782985226.617,2026-07-02 09:40:26.619,innodb_dblwr_writes,687008,687008,245.082068,enabled
1782985226.617,2026-07-02 09:40:26.619,innodb_page_size,16384,16384,0.000000,enabled
1782985226.617,2026-07-02 09:40:26.619,innodb_rwlock_sx_os_waits,0,0,0.000000,enabled
1782985226.617,2026-07-02 09:40:26.619,innodb_rwlock_sx_spin_rounds,0,0,0.000000,enabled
1782985226.617,2026-07-02 09:40:26.619,innodb_rwlock_sx_spin_waits,0,0,0.000000,enabled
1782985226.617,2026-07-02 09:40:26.619,innodb_rwlock_s_os_waits,0,0,0.000000,enabled
1782985226.617,2026-07-02 09:40:26.619,innodb_rwlock_s_spin_rounds,0,0,0.000000,enabled
1782985226.617,2026-07-02 09:40:26.619,innodb_rwlock_s_spin_waits,0,0,0.000000,enabled
1782985226.617,2026-07-02 09:40:26.619,innodb_rwlock_x_os_waits,0,0,0.000000,enabled
1782985226.617,2026-07-02 09:40:26.619,innodb_rwlock_x_spin_rounds,0,0,0.000000,enabled
1782985226.617,2026-07-02 09:40:26.619,innodb_rwlock_x_spin_waits,0,0,0.000000,enabled
1782985226.617,2026-07-02 09:40:26.619,lock_deadlocks,0,0,0.000000,enabled
1782985226.617,2026-07-02 09:40:26.619,lock_deadlock_false_positives,0,0,0.000000,enabled
1782985226.617,2026-07-02 09:40:26.619,lock_deadlock_rounds,3040,3040,1.084485,enabled
1782985226.617,2026-07-02 09:40:26.619,lock_rec_grant_attempts,425,425,0.151614,enabled
1782985226.617,2026-07-02 09:40:26.619,lock_rec_release_attempts,46652349,46652349,16642.682779,enabled
1782985226.617,2026-07-02 09:40:26.619,lock_row_lock_current_waits,0,0,0.000000,enabled
1782985226.617,2026-07-02 09:40:26.619,lock_row_lock_time,323,323,0.115226,enabled
1782985226.617,2026-07-02 09:40:26.619,lock_row_lock_time_avg,0,0,0.000000,enabled
1782985226.617,2026-07-02 09:40:26.619,lock_row_lock_time_max,29,29,0.000000,enabled
1782985226.617,2026-07-02 09:40:26.619,lock_row_lock_waits,425,425,0.151614,enabled
1782985226.617,2026-07-02 09:40:26.619,lock_schedule_refreshes,3040,3040,1.084485,enabled
1782985226.617,2026-07-02 09:40:26.619,lock_threads_waiting,0,0,0.000000,enabled
1782985226.617,2026-07-02 09:40:26.619,lock_timeouts,0,0,0.000000,enabled
1782985226.617,2026-07-02 09:40:26.619,log_waits,0,0,0.000000,enabled
1782985226.617,2026-07-02 09:40:26.619,log_writes,235786149,235786149,84113.954609,enabled
1782985226.617,2026-07-02 09:40:26.619,log_write_requests,445622385,445622385,158970.580957,enabled
1782985226.617,2026-07-02 09:40:26.619,os_data_fsyncs,70507593,70507593,25152.760976,enabled
1782985226.617,2026-07-02 09:40:26.619,os_data_reads,101866903,101866903,36339.828909,enabled
1782985226.617,2026-07-02 09:40:26.619,os_data_writes,269651370,269651370,96194.979485,enabled
1782985226.617,2026-07-02 09:40:26.619,os_log_bytes_written,145688438272,145688438272,51972650.074372,enabled
1782985226.617,2026-07-02 09:40:26.619,os_log_fsyncs,61330504,61330504,21878.941517,enabled
1782985226.617,2026-07-02 09:40:26.619,os_log_pending_fsyncs,0,0,0.000000,enabled
1782985226.617,2026-07-02 09:40:26.619,os_log_pending_writes,0,0,0.000000,enabled
1782985226.617,2026-07-02 09:40:26.619,trx_rseg_history_len,961,961,0.000000,enabled
1782985227.687,2026-07-02 09:40:27.689,adaptive_hash_searches,0,0,0.000000,enabled
1782985227.687,2026-07-02 09:40:27.689,adaptive_hash_searches_btree,674437623,674437623,240506.085722,enabled
1782985227.687,2026-07-02 09:40:27.689,buffer_data_reads,1665035635200,1665035635200,593755793.283754,enabled
1782985227.687,2026-07-02 09:40:27.689,buffer_data_written,724275823104,724275823104,258278535.632630,enabled
1782985227.687,2026-07-02 09:40:27.689,buffer_pages0_read,7,7,0.002496,enabled
1782985227.687,2026-07-02 09:40:27.689,buffer_pages_created,1829122,1829122,652.269398,enabled
1782985227.687,2026-07-02 09:40:27.689,buffer_pages_read,101912334,101912334,36342.188447,enabled
1782985227.687,2026-07-02 09:40:27.689,buffer_pages_written,32970788,32970788,11757.463960,enabled
1782985227.687,2026-07-02 09:40:27.689,buffer_pool_bytes_data,12855050240,12855050240,0.000000,enabled
1782985227.687,2026-07-02 09:40:27.689,buffer_pool_bytes_dirty,4633034752,4633034752,0.000000,enabled
1782985227.687,2026-07-02 09:40:27.689,buffer_pool_pages_data,784610,784610,0.000000,enabled
1782985227.687,2026-07-02 09:40:27.689,buffer_pool_pages_dirty,282778,282778,0.000000,enabled
1782985227.687,2026-07-02 09:40:27.689,buffer_pool_pages_flushed,32913674,32913674,0.000000,enabled
1782985227.687,2026-07-02 09:40:27.689,buffer_pool_pages_free,1726,1726,0.000000,enabled
1782985227.687,2026-07-02 09:40:27.689,buffer_pool_pages_lru_flushed,0,0,0.000000,enabled
1782985227.687,2026-07-02 09:40:27.689,buffer_pool_pages_misc,96,96,0.000000,enabled
1782985227.687,2026-07-02 09:40:27.689,buffer_pool_pages_total,786432,786432,0.000000,enabled
1782985227.687,2026-07-02 09:40:27.689,buffer_pool_reads,100988375,100988375,36012.703399,enabled
1782985227.687,2026-07-02 09:40:27.689,buffer_pool_read_ahead,803715,803715,286.606747,enabled
1782985227.687,2026-07-02 09:40:27.689,buffer_pool_read_ahead_evicted,25,25,0.008915,enabled
1782985227.687,2026-07-02 09:40:27.689,buffer_pool_read_requests,3258955578,3258955578,1162151.585672,enabled
1782985227.687,2026-07-02 09:40:27.689,buffer_pool_size,12884901888,12884901888,0.000000,enabled
1782985227.687,2026-07-02 09:40:27.689,buffer_pool_wait_free,18945,18945,6.755834,enabled
1782985227.687,2026-07-02 09:40:27.689,buffer_pool_write_requests,656789268,656789268,234212.670398,enabled
1782985227.687,2026-07-02 09:40:27.689,dml_deletes,15353032,15353032,5474.928160,enabled
1782985227.687,2026-07-02 09:40:27.689,dml_inserts,115238441,115238441,41094.305435,enabled
1782985227.687,2026-07-02 09:40:27.689,dml_system_deletes,468,468,0.166890,enabled
1782985227.687,2026-07-02 09:40:27.689,dml_system_inserts,1202,1202,0.428636,enabled
1782985227.687,2026-07-02 09:40:27.689,dml_system_reads,7661,7661,2.731931,enabled
1782985227.687,2026-07-02 09:40:27.689,dml_system_updates,620,620,0.221093,enabled
1782985227.687,2026-07-02 09:40:27.689,dml_updates,30706203,30706203,10949.905879,enabled
1782985227.687,2026-07-02 09:40:27.689,file_num_open_files,35,35,0.000000,enabled
1782985227.687,2026-07-02 09:40:27.689,ibuf_merges,0,0,0.000000,enabled
1782985227.687,2026-07-02 09:40:27.689,ibuf_merges_delete,0,0,0.000000,enabled
1782985227.687,2026-07-02 09:40:27.689,ibuf_merges_delete_mark,0,0,0.000000,enabled
1782985227.687,2026-07-02 09:40:27.689,ibuf_merges_discard_delete,0,0,0.000000,enabled
1782985227.687,2026-07-02 09:40:27.689,ibuf_merges_discard_delete_mark,0,0,0.000000,enabled
1782985227.687,2026-07-02 09:40:27.689,ibuf_merges_discard_insert,0,0,0.000000,enabled
1782985227.687,2026-07-02 09:40:27.689,ibuf_merges_insert,0,0,0.000000,enabled
1782985227.687,2026-07-02 09:40:27.689,ibuf_size,1,1,0.000357,enabled
1782985227.687,2026-07-02 09:40:27.689,innodb_activity_count,20548195,20548195,7327.535898,enabled
1782985227.687,2026-07-02 09:40:27.689,innodb_dblwr_pages_written,32911160,32911160,11736.198962,enabled
1782985227.687,2026-07-02 09:40:27.689,innodb_dblwr_writes,687378,687378,245.120651,enabled
1782985227.687,2026-07-02 09:40:27.689,innodb_page_size,16384,16384,0.000000,enabled
1782985227.687,2026-07-02 09:40:27.689,innodb_rwlock_sx_os_waits,0,0,0.000000,enabled
1782985227.687,2026-07-02 09:40:27.689,innodb_rwlock_sx_spin_rounds,0,0,0.000000,enabled
1782985227.687,2026-07-02 09:40:27.689,innodb_rwlock_sx_spin_waits,0,0,0.000000,enabled
1782985227.687,2026-07-02 09:40:27.689,innodb_rwlock_s_os_waits,0,0,0.000000,enabled
1782985227.687,2026-07-02 09:40:27.689,innodb_rwlock_s_spin_rounds,0,0,0.000000,enabled
1782985227.687,2026-07-02 09:40:27.689,innodb_rwlock_s_spin_waits,0,0,0.000000,enabled
1782985227.687,2026-07-02 09:40:27.689,innodb_rwlock_x_os_waits,0,0,0.000000,enabled
1782985227.687,2026-07-02 09:40:27.689,innodb_rwlock_x_spin_rounds,0,0,0.000000,enabled
1782985227.687,2026-07-02 09:40:27.689,innodb_rwlock_x_spin_waits,0,0,0.000000,enabled
1782985227.687,2026-07-02 09:40:27.689,lock_deadlocks,0,0,0.000000,enabled
1782985227.687,2026-07-02 09:40:27.689,lock_deadlock_false_positives,0,0,0.000000,enabled
1782985227.687,2026-07-02 09:40:27.689,lock_deadlock_rounds,3041,3041,1.084428,enabled
1782985227.687,2026-07-02 09:40:27.689,lock_rec_grant_attempts,425,425,0.151556,enabled
1782985227.687,2026-07-02 09:40:27.689,lock_rec_release_attempts,46667079,46667079,16641.595543,enabled
1782985227.687,2026-07-02 09:40:27.689,lock_row_lock_current_waits,0,0,0.000000,enabled
1782985227.687,2026-07-02 09:40:27.689,lock_row_lock_time,323,323,0.115183,enabled
1782985227.687,2026-07-02 09:40:27.689,lock_row_lock_time_avg,0,0,0.000000,enabled
1782985227.687,2026-07-02 09:40:27.689,lock_row_lock_time_max,29,29,0.000000,enabled
1782985227.687,2026-07-02 09:40:27.689,lock_row_lock_waits,425,425,0.151556,enabled
1782985227.687,2026-07-02 09:40:27.689,lock_schedule_refreshes,3041,3041,1.084428,enabled
1782985227.687,2026-07-02 09:40:27.689,lock_threads_waiting,0,0,0.000000,enabled
1782985227.687,2026-07-02 09:40:27.689,lock_timeouts,0,0,0.000000,enabled
1782985227.687,2026-07-02 09:40:27.689,log_waits,0,0,0.000000,enabled
1782985227.687,2026-07-02 09:40:27.689,log_writes,235866028,235866028,84110.397848,enabled
1782985227.687,2026-07-02 09:40:27.689,log_write_requests,445704636,445704636,158939.354678,enabled
1782985227.687,2026-07-02 09:40:27.689,os_data_fsyncs,70540951,70540951,25155.074922,enabled
1782985227.687,2026-07-02 09:40:27.689,os_data_reads,101923493,101923493,36346.165869,enabled
1782985227.687,2026-07-02 09:40:27.689,os_data_writes,269747310,269747310,96192.547746,enabled
1782985227.687,2026-07-02 09:40:27.689,os_log_bytes_written,145730139136,145730139136,51967722.449261,enabled
1782985227.687,2026-07-02 09:40:27.689,os_log_fsyncs,61358866,61358866,21880.721001,enabled
1782985227.687,2026-07-02 09:40:27.689,os_log_pending_fsyncs,1,1,0.000357,enabled
1782985227.687,2026-07-02 09:40:27.689,os_log_pending_writes,1,1,0.000357,enabled
1782985227.687,2026-07-02 09:40:27.689,trx_rseg_history_len,976,976,0.000000,enabled
1782985228.755,2026-07-02 09:40:28.757,adaptive_hash_searches,0,0,0.000000,enabled
1782985228.755,2026-07-02 09:40:28.757,adaptive_hash_searches_btree,674605243,674605243,240473.952504,enabled
1782985228.755,2026-07-02 09:40:28.757,buffer_data_reads,1665964050944,1665964050944,593859900.241672,enabled
1782985228.755,2026-07-02 09:40:28.757,buffer_data_written,724587723264,724587723264,258291043.185175,enabled
1782985228.755,2026-07-02 09:40:28.757,buffer_pages0_read,7,7,0.002495,enabled
1782985228.755,2026-07-02 09:40:28.757,buffer_pages_created,1829149,1829149,652.029826,enabled
1782985228.755,2026-07-02 09:40:28.757,buffer_pages_read,101969135,101969135,36348.551696,enabled
1782985228.755,2026-07-02 09:40:28.757,buffer_pages_written,32986940,32986940,11758.729711,enabled
1782985228.755,2026-07-02 09:40:28.757,buffer_pool_bytes_data,12850823168,12850823168,0.000000,enabled
1782985228.755,2026-07-02 09:40:28.757,buffer_pool_bytes_dirty,4635541504,4635541504,0.000000,enabled
1782985228.755,2026-07-02 09:40:28.757,buffer_pool_pages_data,784352,784352,0.000000,enabled
1782985228.755,2026-07-02 09:40:28.757,buffer_pool_pages_dirty,282931,282931,0.000000,enabled
1782985228.755,2026-07-02 09:40:28.757,buffer_pool_pages_flushed,32929820,32929820,0.000000,enabled
1782985228.755,2026-07-02 09:40:28.757,buffer_pool_pages_free,1984,1984,0.000000,enabled
1782985228.755,2026-07-02 09:40:28.757,buffer_pool_pages_lru_flushed,0,0,0.000000,enabled
1782985228.755,2026-07-02 09:40:28.757,buffer_pool_pages_misc,96,96,0.000000,enabled
1782985228.755,2026-07-02 09:40:28.757,buffer_pool_pages_total,786432,786432,0.000000,enabled
1782985228.755,2026-07-02 09:40:28.757,buffer_pool_reads,101045125,101045125,36019.174506,enabled
1782985228.755,2026-07-02 09:40:28.757,buffer_pool_read_ahead,803715,803715,286.497251,enabled
1782985228.755,2026-07-02 09:40:28.757,buffer_pool_read_ahead_evicted,25,25,0.008912,enabled
1782985228.755,2026-07-02 09:40:28.757,buffer_pool_read_requests,3259785320,3259785320,1162003.368702,enabled
1782985228.755,2026-07-02 09:40:28.757,buffer_pool_size,12884901888,12884901888,0.000000,enabled
1782985228.755,2026-07-02 09:40:28.757,buffer_pool_wait_free,18945,18945,6.753253,enabled
1782985228.755,2026-07-02 09:40:28.757,buffer_pool_write_requests,656901429,656901429,234163.172659,enabled
1782985228.755,2026-07-02 09:40:28.757,dml_deletes,15357877,15357877,5474.563578,enabled
1782985228.755,2026-07-02 09:40:28.757,dml_inserts,115243285,115243285,41080.332342,enabled
1782985228.755,2026-07-02 09:40:28.757,dml_system_deletes,468,468,0.166826,enabled
1782985228.755,2026-07-02 09:40:28.757,dml_system_inserts,1202,1202,0.428472,enabled
1782985228.755,2026-07-02 09:40:28.757,dml_system_reads,7661,7661,2.730887,enabled
1782985228.755,2026-07-02 09:40:28.757,dml_system_updates,620,620,0.221009,enabled
1782985228.755,2026-07-02 09:40:28.757,dml_updates,30715891,30715891,10949.175982,enabled
1782985228.755,2026-07-02 09:40:28.757,file_num_open_files,35,35,0.000000,enabled
1782985228.755,2026-07-02 09:40:28.757,ibuf_merges,0,0,0.000000,enabled
1782985228.755,2026-07-02 09:40:28.757,ibuf_merges_delete,0,0,0.000000,enabled
1782985228.755,2026-07-02 09:40:28.757,ibuf_merges_delete_mark,0,0,0.000000,enabled
1782985228.755,2026-07-02 09:40:28.757,ibuf_merges_discard_delete,0,0,0.000000,enabled
1782985228.755,2026-07-02 09:40:28.757,ibuf_merges_discard_delete_mark,0,0,0.000000,enabled
1782985228.755,2026-07-02 09:40:28.757,ibuf_merges_discard_insert,0,0,0.000000,enabled
1782985228.755,2026-07-02 09:40:28.757,ibuf_merges_insert,0,0,0.000000,enabled
1782985228.755,2026-07-02 09:40:28.757,ibuf_size,1,1,0.000356,enabled
1782985228.755,2026-07-02 09:40:28.757,innodb_activity_count,20553764,20553764,7326.721611,enabled
1782985228.755,2026-07-02 09:40:28.757,innodb_dblwr_pages_written,32927306,32927306,11737.470720,enabled
1782985228.755,2026-07-02 09:40:28.757,innodb_dblwr_writes,687738,687738,245.155332,enabled
1782985228.755,2026-07-02 09:40:28.757,innodb_page_size,16384,16384,0.000000,enabled
1782985228.755,2026-07-02 09:40:28.757,innodb_rwlock_sx_os_waits,0,0,0.000000,enabled
1782985228.755,2026-07-02 09:40:28.757,innodb_rwlock_sx_spin_rounds,0,0,0.000000,enabled
1782985228.755,2026-07-02 09:40:28.757,innodb_rwlock_sx_spin_waits,0,0,0.000000,enabled
1782985228.755,2026-07-02 09:40:28.757,innodb_rwlock_s_os_waits,0,0,0.000000,enabled
1782985228.755,2026-07-02 09:40:28.757,innodb_rwlock_s_spin_rounds,0,0,0.000000,enabled
1782985228.755,2026-07-02 09:40:28.757,innodb_rwlock_s_spin_waits,0,0,0.000000,enabled
1782985228.755,2026-07-02 09:40:28.757,innodb_rwlock_x_os_waits,0,0,0.000000,enabled
1782985228.755,2026-07-02 09:40:28.757,innodb_rwlock_x_spin_rounds,0,0,0.000000,enabled
1782985228.755,2026-07-02 09:40:28.757,innodb_rwlock_x_spin_waits,0,0,0.000000,enabled
1782985228.755,2026-07-02 09:40:28.757,lock_deadlocks,0,0,0.000000,enabled
1782985228.755,2026-07-02 09:40:28.757,lock_deadlock_false_positives,0,0,0.000000,enabled
1782985228.755,2026-07-02 09:40:28.757,lock_deadlock_rounds,3042,3042,1.084370,enabled
1782985228.755,2026-07-02 09:40:28.757,lock_rec_grant_attempts,425,425,0.151498,enabled
1782985228.755,2026-07-02 09:40:28.757,lock_rec_release_attempts,46681792,46681792,16640.482452,enabled
1782985228.755,2026-07-02 09:40:28.757,lock_row_lock_current_waits,0,0,0.000000,enabled
1782985228.755,2026-07-02 09:40:28.757,lock_row_lock_time,323,323,0.115139,enabled
1782985228.755,2026-07-02 09:40:28.757,lock_row_lock_time_avg,0,0,0.000000,enabled
1782985228.755,2026-07-02 09:40:28.757,lock_row_lock_time_max,29,29,0.000000,enabled
1782985228.755,2026-07-02 09:40:28.757,lock_row_lock_waits,425,425,0.151498,enabled
1782985228.755,2026-07-02 09:40:28.757,lock_schedule_refreshes,3042,3042,1.084370,enabled
1782985228.755,2026-07-02 09:40:28.757,lock_threads_waiting,0,0,0.000000,enabled
1782985228.755,2026-07-02 09:40:28.757,lock_timeouts,0,0,0.000000,enabled
1782985228.755,2026-07-02 09:40:28.757,log_waits,0,0,0.000000,enabled
1782985228.755,2026-07-02 09:40:28.757,log_writes,235945106,235945106,84106.452416,enabled
1782985228.755,2026-07-02 09:40:28.757,log_write_requests,445787032,445787032,158908.003873,enabled
1782985228.755,2026-07-02 09:40:28.757,os_data_fsyncs,70573723,70573723,25157.146628,enabled
1782985228.755,2026-07-02 09:40:28.757,os_data_reads,101980134,101980134,36352.470563,enabled
1782985228.755,2026-07-02 09:40:28.757,os_data_writes,269842836,269842836,96189.849530,enabled
1782985228.755,2026-07-02 09:40:28.757,os_log_bytes_written,145771273728,145771273728,51962531.452335,enabled
1782985228.755,2026-07-02 09:40:28.757,os_log_fsyncs,61386695,61386695,21882.281647,enabled
1782985228.755,2026-07-02 09:40:28.757,os_log_pending_fsyncs,1,1,0.000356,enabled
1782985228.755,2026-07-02 09:40:28.757,os_log_pending_writes,1,1,0.000356,enabled
1782985228.755,2026-07-02 09:40:28.757,trx_rseg_history_len,980,980,0.000000,enabled
1782985229.827,2026-07-02 09:40:29.828,adaptive_hash_searches,0,0,0.000000,enabled
1782985229.827,2026-07-02 09:40:29.828,adaptive_hash_searches_btree,674771269,674771269,240441.507242,enabled
1782985229.827,2026-07-02 09:40:29.828,buffer_data_reads,1666884356608,1666884356608,593961606.910268,enabled
1782985229.827,2026-07-02 09:40:29.828,buffer_data_written,724896194048,724896194048,258302566.900719,enabled
1782985229.827,2026-07-02 09:40:29.828,buffer_pages0_read,7,7,0.002494,enabled
1782985229.827,2026-07-02 09:40:29.828,buffer_pages_created,1829197,1829197,651.798544,enabled
1782985229.827,2026-07-02 09:40:29.828,buffer_pages_read,102025470,102025470,36354.778880,enabled
1782985229.827,2026-07-02 09:40:29.828,buffer_pages_written,33002860,33002860,11759.923098,enabled
1782985229.827,2026-07-02 09:40:29.828,buffer_pool_bytes_data,12856049664,12856049664,0.000000,enabled
1782985229.827,2026-07-02 09:40:29.828,buffer_pool_bytes_dirty,4640358400,4640358400,0.000000,enabled
1782985229.827,2026-07-02 09:40:29.828,buffer_pool_pages_data,784671,784671,0.000000,enabled
1782985229.827,2026-07-02 09:40:29.828,buffer_pool_pages_dirty,283225,283225,0.000000,enabled
1782985229.827,2026-07-02 09:40:29.828,buffer_pool_pages_flushed,32945746,32945746,0.000000,enabled
1782985229.827,2026-07-02 09:40:29.828,buffer_pool_pages_free,1665,1665,0.000000,enabled
1782985229.827,2026-07-02 09:40:29.828,buffer_pool_pages_lru_flushed,0,0,0.000000,enabled
1782985229.827,2026-07-02 09:40:29.828,buffer_pool_pages_misc,96,96,0.000000,enabled
1782985229.827,2026-07-02 09:40:29.828,buffer_pool_pages_total,786432,786432,0.000000,enabled
1782985229.827,2026-07-02 09:40:29.828,buffer_pool_reads,101101397,101101397,36025.504610,enabled
1782985229.827,2026-07-02 09:40:29.828,buffer_pool_read_ahead,803715,803715,286.388112,enabled
1782985229.827,2026-07-02 09:40:29.828,buffer_pool_read_ahead_evicted,25,25,0.008908,enabled
1782985229.827,2026-07-02 09:40:29.828,buffer_pool_read_requests,3260607572,3260607572,1161853.704101,enabled
1782985229.827,2026-07-02 09:40:29.828,buffer_pool_size,12884901888,12884901888,0.000000,enabled
1782985229.827,2026-07-02 09:40:29.828,buffer_pool_wait_free,18945,18945,6.750680,enabled
1782985229.827,2026-07-02 09:40:29.828,buffer_pool_write_requests,657012932,657012932,234113.701603,enabled
1782985229.827,2026-07-02 09:40:29.828,dml_deletes,15362682,15362682,5474.190278,enabled
1782985229.827,2026-07-02 09:40:29.828,dml_inserts,115248088,115248088,41066.394749,enabled
1782985229.827,2026-07-02 09:40:29.828,dml_system_deletes,468,468,0.166763,enabled
1782985229.827,2026-07-02 09:40:29.828,dml_system_inserts,1202,1202,0.428309,enabled
1782985229.827,2026-07-02 09:40:29.828,dml_system_reads,7661,7661,2.729847,enabled
1782985229.827,2026-07-02 09:40:29.828,dml_system_updates,620,620,0.220925,enabled
1782985229.827,2026-07-02 09:40:29.828,dml_updates,30725498,30725498,10948.428296,enabled
1782985229.827,2026-07-02 09:40:29.828,file_num_open_files,35,35,0.000000,enabled
1782985229.827,2026-07-02 09:40:29.828,ibuf_merges,0,0,0.000000,enabled
1782985229.827,2026-07-02 09:40:29.828,ibuf_merges_delete,0,0,0.000000,enabled
1782985229.827,2026-07-02 09:40:29.828,ibuf_merges_delete_mark,0,0,0.000000,enabled
1782985229.827,2026-07-02 09:40:29.828,ibuf_merges_discard_delete,0,0,0.000000,enabled
1782985229.827,2026-07-02 09:40:29.828,ibuf_merges_discard_delete_mark,0,0,0.000000,enabled
1782985229.827,2026-07-02 09:40:29.828,ibuf_merges_discard_insert,0,0,0.000000,enabled
1782985229.827,2026-07-02 09:40:29.828,ibuf_merges_insert,0,0,0.000000,enabled
1782985229.827,2026-07-02 09:40:29.828,ibuf_size,1,1,0.000356,enabled
1782985229.827,2026-07-02 09:40:29.828,innodb_activity_count,20559284,20559284,7325.897537,enabled
1782985229.827,2026-07-02 09:40:29.828,innodb_dblwr_pages_written,32943232,32943232,11738.674398,enabled
1782985229.827,2026-07-02 09:40:29.828,innodb_dblwr_writes,688066,688066,245.178820,enabled
1782985229.827,2026-07-02 09:40:29.828,innodb_page_size,16384,16384,0.000000,enabled
1782985229.827,2026-07-02 09:40:29.828,innodb_rwlock_sx_os_waits,0,0,0.000000,enabled
1782985229.827,2026-07-02 09:40:29.828,innodb_rwlock_sx_spin_rounds,0,0,0.000000,enabled
1782985229.827,2026-07-02 09:40:29.828,innodb_rwlock_sx_spin_waits,0,0,0.000000,enabled
1782985229.827,2026-07-02 09:40:29.828,innodb_rwlock_s_os_waits,0,0,0.000000,enabled
1782985229.827,2026-07-02 09:40:29.828,innodb_rwlock_s_spin_rounds,0,0,0.000000,enabled
1782985229.827,2026-07-02 09:40:29.828,innodb_rwlock_s_spin_waits,0,0,0.000000,enabled
1782985229.827,2026-07-02 09:40:29.828,innodb_rwlock_x_os_waits,0,0,0.000000,enabled
1782985229.827,2026-07-02 09:40:29.828,innodb_rwlock_x_spin_rounds,0,0,0.000000,enabled
1782985229.827,2026-07-02 09:40:29.828,innodb_rwlock_x_spin_waits,0,0,0.000000,enabled
1782985229.827,2026-07-02 09:40:29.828,lock_deadlocks,0,0,0.000000,enabled
1782985229.827,2026-07-02 09:40:29.828,lock_deadlock_false_positives,0,0,0.000000,enabled
1782985229.827,2026-07-02 09:40:29.828,lock_deadlock_rounds,3043,3043,1.084314,enabled
1782985229.827,2026-07-02 09:40:29.828,lock_rec_grant_attempts,425,425,0.151440,enabled
1782985229.827,2026-07-02 09:40:29.828,lock_rec_release_attempts,46696411,46696411,16639.352528,enabled
1782985229.827,2026-07-02 09:40:29.828,lock_row_lock_current_waits,0,0,0.000000,enabled
1782985229.827,2026-07-02 09:40:29.828,lock_row_lock_time,323,323,0.115095,enabled
1782985229.827,2026-07-02 09:40:29.828,lock_row_lock_time_avg,0,0,0.000000,enabled
1782985229.827,2026-07-02 09:40:29.828,lock_row_lock_time_max,29,29,0.000000,enabled
1782985229.827,2026-07-02 09:40:29.828,lock_row_lock_waits,425,425,0.151440,enabled
1782985229.827,2026-07-02 09:40:29.828,lock_schedule_refreshes,3043,3043,1.084314,enabled
1782985229.827,2026-07-02 09:40:29.828,lock_threads_waiting,0,0,0.000000,enabled
1782985229.827,2026-07-02 09:40:29.828,lock_timeouts,0,0,0.000000,enabled
1782985229.827,2026-07-02 09:40:29.828,log_waits,0,0,0.000000,enabled
1782985229.827,2026-07-02 09:40:29.828,log_writes,236024839,236024839,84102.824463,enabled
1782985229.827,2026-07-02 09:40:29.828,log_write_requests,445868661,445868661,158876.556849,enabled
1782985229.827,2026-07-02 09:40:29.828,os_data_fsyncs,70605907,70605907,25159.031491,enabled
1782985229.827,2026-07-02 09:40:29.828,os_data_reads,102036316,102036316,36358.641929,enabled
1782985229.827,2026-07-02 09:40:29.828,os_data_writes,269938710,269938710,96187.370127,enabled
1782985229.827,2026-07-02 09:40:29.828,os_log_bytes_written,145812945408,145812945408,51957585.924004,enabled
1782985229.827,2026-07-02 09:40:29.828,os_log_fsyncs,61414288,61414288,21883.778114,enabled
1782985229.827,2026-07-02 09:40:29.828,os_log_pending_fsyncs,1,1,0.000356,enabled
1782985229.827,2026-07-02 09:40:29.828,os_log_pending_writes,0,0,0.000000,enabled
1782985229.827,2026-07-02 09:40:29.828,trx_rseg_history_len,966,966,0.000000,enabled
1782985230.896,2026-07-02 09:40:30.897,adaptive_hash_searches,0,0,0.000000,enabled
1782985230.896,2026-07-02 09:40:30.897,adaptive_hash_searches_btree,674937395,674937395,240409.084435,enabled
1782985230.896,2026-07-02 09:40:30.897,buffer_data_reads,1667807037952,1667807037952,594063988.233854,enabled
1782985230.896,2026-07-02 09:40:30.897,buffer_data_written,725206490112,725206490112,258314690.943489,enabled
1782985230.896,2026-07-02 09:40:30.897,buffer_pages0_read,7,7,0.002493,enabled
1782985230.896,2026-07-02 09:40:30.897,buffer_pages_created,1829220,1829220,651.558431,enabled
1782985230.896,2026-07-02 09:40:30.897,buffer_pages_read,102081932,102081932,36361.040783,enabled
1782985230.896,2026-07-02 09:40:30.897,buffer_pages_written,33018932,33018932,11761.167849,enabled
1782985230.896,2026-07-02 09:40:30.897,buffer_pool_bytes_data,12853428224,12853428224,0.000000,enabled
1782985230.896,2026-07-02 09:40:30.897,buffer_pool_bytes_dirty,4641193984,4641193984,0.000000,enabled
1782985230.896,2026-07-02 09:40:30.897,buffer_pool_pages_data,784511,784511,0.000000,enabled
1782985230.896,2026-07-02 09:40:30.897,buffer_pool_pages_dirty,283276,283276,0.000000,enabled
1782985230.896,2026-07-02 09:40:30.897,buffer_pool_pages_flushed,32961818,32961818,0.000000,enabled
1782985230.896,2026-07-02 09:40:30.897,buffer_pool_pages_free,1825,1825,0.000000,enabled
1782985230.896,2026-07-02 09:40:30.897,buffer_pool_pages_lru_flushed,0,0,0.000000,enabled
1782985230.896,2026-07-02 09:40:30.897,buffer_pool_pages_misc,96,96,0.000000,enabled
1782985230.896,2026-07-02 09:40:30.897,buffer_pool_pages_total,786432,786432,0.000000,enabled
1782985230.896,2026-07-02 09:40:30.897,buffer_pool_reads,101157803,101157803,36031.871990,enabled
1782985230.896,2026-07-02 09:40:30.897,buffer_pool_read_ahead,803715,803715,286.279011,enabled
1782985230.896,2026-07-02 09:40:30.897,buffer_pool_read_ahead_evicted,25,25,0.008905,enabled
1782985230.896,2026-07-02 09:40:30.897,buffer_pool_read_requests,3261430574,3261430574,1161704.238012,enabled
1782985230.896,2026-07-02 09:40:30.897,buffer_pool_size,12884901888,12884901888,0.000000,enabled
1782985230.896,2026-07-02 09:40:30.897,buffer_pool_wait_free,18945,18945,6.748108,enabled
1782985230.896,2026-07-02 09:40:30.897,buffer_pool_write_requests,657124005,657124005,234064.078239,enabled
1782985230.896,2026-07-02 09:40:30.897,dml_deletes,15367485,15367485,5473.815713,enabled
1782985230.896,2026-07-02 09:40:30.897,dml_inserts,115252894,115252894,41052.462556,enabled
1782985230.896,2026-07-02 09:40:30.897,dml_system_deletes,468,468,0.166699,enabled
1782985230.896,2026-07-02 09:40:30.897,dml_system_inserts,1202,1202,0.428146,enabled
1782985230.896,2026-07-02 09:40:30.897,dml_system_reads,7661,7661,2.728807,enabled
1782985230.896,2026-07-02 09:40:30.897,dml_system_updates,620,620,0.220841,enabled
1782985230.896,2026-07-02 09:40:30.897,dml_updates,30735108,30735108,10947.680571,enabled
1782985230.896,2026-07-02 09:40:30.897,file_num_open_files,35,35,0.000000,enabled
1782985230.896,2026-07-02 09:40:30.897,ibuf_merges,0,0,0.000000,enabled
1782985230.896,2026-07-02 09:40:30.897,ibuf_merges_delete,0,0,0.000000,enabled
1782985230.896,2026-07-02 09:40:30.897,ibuf_merges_delete_mark,0,0,0.000000,enabled
1782985230.896,2026-07-02 09:40:30.897,ibuf_merges_discard_delete,0,0,0.000000,enabled
1782985230.896,2026-07-02 09:40:30.897,ibuf_merges_discard_delete_mark,0,0,0.000000,enabled
1782985230.896,2026-07-02 09:40:30.897,ibuf_merges_discard_insert,0,0,0.000000,enabled
1782985230.896,2026-07-02 09:40:30.897,ibuf_merges_insert,0,0,0.000000,enabled
1782985230.896,2026-07-02 09:40:30.897,ibuf_size,1,1,0.000356,enabled
1782985230.896,2026-07-02 09:40:30.897,innodb_activity_count,20564802,20564802,7325.072232,enabled
1782985230.896,2026-07-02 09:40:30.897,innodb_dblwr_pages_written,32959304,32959304,11739.927344,enabled
1782985230.896,2026-07-02 09:40:30.897,innodb_dblwr_writes,688435,688435,245.216855,enabled
1782985230.896,2026-07-02 09:40:30.897,innodb_page_size,16384,16384,0.000000,enabled
1782985230.896,2026-07-02 09:40:30.897,innodb_rwlock_sx_os_waits,0,0,0.000000,enabled
1782985230.896,2026-07-02 09:40:30.897,innodb_rwlock_sx_spin_rounds,0,0,0.000000,enabled
1782985230.896,2026-07-02 09:40:30.897,innodb_rwlock_sx_spin_waits,0,0,0.000000,enabled
1782985230.896,2026-07-02 09:40:30.897,innodb_rwlock_s_os_waits,0,0,0.000000,enabled
1782985230.896,2026-07-02 09:40:30.897,innodb_rwlock_s_spin_rounds,0,0,0.000000,enabled
1782985230.896,2026-07-02 09:40:30.897,innodb_rwlock_s_spin_waits,0,0,0.000000,enabled
1782985230.896,2026-07-02 09:40:30.897,innodb_rwlock_x_os_waits,0,0,0.000000,enabled
1782985230.896,2026-07-02 09:40:30.897,innodb_rwlock_x_spin_rounds,0,0,0.000000,enabled
1782985230.896,2026-07-02 09:40:30.897,innodb_rwlock_x_spin_waits,0,0,0.000000,enabled
1782985230.896,2026-07-02 09:40:30.897,lock_deadlocks,0,0,0.000000,enabled
1782985230.896,2026-07-02 09:40:30.897,lock_deadlock_false_positives,0,0,0.000000,enabled
1782985230.896,2026-07-02 09:40:30.897,lock_deadlock_rounds,3044,3044,1.084257,enabled
1782985230.896,2026-07-02 09:40:30.897,lock_rec_grant_attempts,425,425,0.151383,enabled
1782985230.896,2026-07-02 09:40:30.897,lock_rec_release_attempts,46711009,46711009,16638.213379,enabled
1782985230.896,2026-07-02 09:40:30.897,lock_row_lock_current_waits,0,0,0.000000,enabled
1782985230.896,2026-07-02 09:40:30.897,lock_row_lock_time,323,323,0.115051,enabled
1782985230.896,2026-07-02 09:40:30.897,lock_row_lock_time_avg,0,0,0.000000,enabled
1782985230.896,2026-07-02 09:40:30.897,lock_row_lock_time_max,29,29,0.000000,enabled
1782985230.896,2026-07-02 09:40:30.897,lock_row_lock_waits,425,425,0.151383,enabled
1782985230.896,2026-07-02 09:40:30.897,lock_schedule_refreshes,3044,3044,1.084257,enabled
1782985230.896,2026-07-02 09:40:30.897,lock_threads_waiting,0,0,0.000000,enabled
1782985230.896,2026-07-02 09:40:30.897,lock_timeouts,0,0,0.000000,enabled
1782985230.896,2026-07-02 09:40:30.897,log_waits,0,0,0.000000,enabled
1782985230.896,2026-07-02 09:40:30.897,log_writes,236103690,236103690,84098.871812,enabled
1782985230.896,2026-07-02 09:40:30.897,log_write_requests,445950428,445950428,158845.157822,enabled
1782985230.896,2026-07-02 09:40:30.897,os_data_fsyncs,70637810,70637810,25160.810750,enabled
1782985230.896,2026-07-02 09:40:30.897,os_data_reads,102092633,102092633,36364.850786,enabled
1782985230.896,2026-07-02 09:40:30.897,os_data_writes,270033922,270033922,96184.641214,enabled
1782985230.896,2026-07-02 09:40:30.897,os_log_bytes_written,145853946880,145853946880,51952397.020642,enabled
1782985230.896,2026-07-02 09:40:30.897,os_log_fsyncs,61441303,61441303,21885.064022,enabled
1782985230.896,2026-07-02 09:40:30.897,os_log_pending_fsyncs,0,0,0.000000,enabled
1782985230.896,2026-07-02 09:40:30.897,os_log_pending_writes,0,0,0.000000,enabled
1782985230.896,2026-07-02 09:40:30.897,trx_rseg_history_len,885,885,0.000000,enabled
1782985231.965,2026-07-02 09:40:31.966,adaptive_hash_searches,0,0,0.000000,enabled
1782985231.965,2026-07-02 09:40:31.966,adaptive_hash_searches_btree,675103321,675103321,240376.891537,enabled
1782985231.965,2026-07-02 09:40:31.966,buffer_data_reads,1668730243584,1668730243584,594167172.793986,enabled
1782985231.965,2026-07-02 09:40:31.966,buffer_data_written,725515659264,725515659264,258326706.473658,enabled
1782985231.965,2026-07-02 09:40:31.966,buffer_pages0_read,7,7,0.002492,enabled
1782985231.965,2026-07-02 09:40:31.966,buffer_pages_created,1829257,1829257,651.324246,enabled
1782985231.965,2026-07-02 09:40:31.966,buffer_pages_read,102138457,102138457,36367.362875,enabled
1782985231.965,2026-07-02 09:40:31.966,buffer_pages_written,33034916,33034916,11762.394071,enabled
1782985231.965,2026-07-02 09:40:31.966,buffer_pool_bytes_data,12849315840,12849315840,0.000000,enabled
1782985231.965,2026-07-02 09:40:31.966,buffer_pool_bytes_dirty,4642684928,4642684928,0.000000,enabled
1782985231.965,2026-07-02 09:40:31.966,buffer_pool_pages_data,784260,784260,0.000000,enabled
1782985231.965,2026-07-02 09:40:31.966,buffer_pool_pages_dirty,283367,283367,0.000000,enabled
1782985231.965,2026-07-02 09:40:31.966,buffer_pool_pages_flushed,32977802,32977802,0.000000,enabled
1782985231.965,2026-07-02 09:40:31.966,buffer_pool_pages_free,2076,2076,0.000000,enabled
1782985231.965,2026-07-02 09:40:31.966,buffer_pool_pages_lru_flushed,0,0,0.000000,enabled
1782985231.965,2026-07-02 09:40:31.966,buffer_pool_pages_misc,96,96,0.000000,enabled
1782985231.965,2026-07-02 09:40:31.966,buffer_pool_pages_total,786432,786432,0.000000,enabled
1782985231.965,2026-07-02 09:40:31.966,buffer_pool_reads,101214267,101214267,36038.297501,enabled
1782985231.965,2026-07-02 09:40:31.966,buffer_pool_read_ahead,803715,803715,286.170328,enabled
1782985231.965,2026-07-02 09:40:31.966,buffer_pool_read_ahead_evicted,25,25,0.008901,enabled
1782985231.965,2026-07-02 09:40:31.966,buffer_pool_read_requests,3262252589,3262252589,1161555.897980,enabled
1782985231.965,2026-07-02 09:40:31.966,buffer_pool_size,12884901888,12884901888,0.000000,enabled
1782985231.965,2026-07-02 09:40:31.966,buffer_pool_wait_free,18945,18945,6.745546,enabled
1782985231.965,2026-07-02 09:40:31.966,buffer_pool_write_requests,657235362,657235362,234014.868403,enabled
1782985231.965,2026-07-02 09:40:31.966,dml_deletes,15372281,15372281,5473.445213,enabled
1782985231.965,2026-07-02 09:40:31.966,dml_inserts,115257689,115257689,41038.584095,enabled
1782985231.965,2026-07-02 09:40:31.966,dml_system_deletes,468,468,0.166636,enabled
1782985231.965,2026-07-02 09:40:31.966,dml_system_inserts,1202,1202,0.427983,enabled
1782985231.965,2026-07-02 09:40:31.966,dml_system_reads,7661,7661,2.727771,enabled
1782985231.965,2026-07-02 09:40:31.966,dml_system_updates,620,620,0.220757,enabled
1782985231.965,2026-07-02 09:40:31.966,dml_updates,30744698,30744698,10946.938843,enabled
1782985231.965,2026-07-02 09:40:31.966,file_num_open_files,35,35,0.000000,enabled
1782985231.965,2026-07-02 09:40:31.966,ibuf_merges,0,0,0.000000,enabled
1782985231.965,2026-07-02 09:40:31.966,ibuf_merges_delete,0,0,0.000000,enabled
1782985231.965,2026-07-02 09:40:31.966,ibuf_merges_delete_mark,0,0,0.000000,enabled
1782985231.965,2026-07-02 09:40:31.966,ibuf_merges_discard_delete,0,0,0.000000,enabled
1782985231.965,2026-07-02 09:40:31.966,ibuf_merges_discard_delete_mark,0,0,0.000000,enabled
1782985231.965,2026-07-02 09:40:31.966,ibuf_merges_discard_insert,0,0,0.000000,enabled
1782985231.965,2026-07-02 09:40:31.966,ibuf_merges_insert,0,0,0.000000,enabled
1782985231.965,2026-07-02 09:40:31.966,ibuf_size,1,1,0.000356,enabled
1782985231.965,2026-07-02 09:40:31.966,innodb_activity_count,20570314,20570314,7324.253837,enabled
1782985231.965,2026-07-02 09:40:31.966,innodb_dblwr_pages_written,32975288,32975288,11741.161482,enabled
1782985231.965,2026-07-02 09:40:31.966,innodb_dblwr_writes,688815,688815,245.259060,enabled
1782985231.965,2026-07-02 09:40:31.966,innodb_page_size,16384,16384,0.000000,enabled
1782985231.965,2026-07-02 09:40:31.966,innodb_rwlock_sx_os_waits,0,0,0.000000,enabled
1782985231.965,2026-07-02 09:40:31.966,innodb_rwlock_sx_spin_rounds,0,0,0.000000,enabled
1782985231.965,2026-07-02 09:40:31.966,innodb_rwlock_sx_spin_waits,0,0,0.000000,enabled
1782985231.965,2026-07-02 09:40:31.966,innodb_rwlock_s_os_waits,0,0,0.000000,enabled
1782985231.965,2026-07-02 09:40:31.966,innodb_rwlock_s_spin_rounds,0,0,0.000000,enabled
1782985231.965,2026-07-02 09:40:31.966,innodb_rwlock_s_spin_waits,0,0,0.000000,enabled
1782985231.965,2026-07-02 09:40:31.966,innodb_rwlock_x_os_waits,0,0,0.000000,enabled
1782985231.965,2026-07-02 09:40:31.966,innodb_rwlock_x_spin_rounds,0,0,0.000000,enabled
1782985231.965,2026-07-02 09:40:31.966,innodb_rwlock_x_spin_waits,0,0,0.000000,enabled
1782985231.965,2026-07-02 09:40:31.966,lock_deadlocks,0,0,0.000000,enabled
1782985231.965,2026-07-02 09:40:31.966,lock_deadlock_false_positives,0,0,0.000000,enabled
1782985231.965,2026-07-02 09:40:31.966,lock_deadlock_rounds,3045,3045,1.084201,enabled
1782985231.965,2026-07-02 09:40:31.966,lock_rec_grant_attempts,425,425,0.151325,enabled
1782985231.965,2026-07-02 09:40:31.966,lock_rec_release_attempts,46725589,46725589,16637.088264,enabled
1782985231.965,2026-07-02 09:40:31.966,lock_row_lock_current_waits,0,0,0.000000,enabled
1782985231.965,2026-07-02 09:40:31.966,lock_row_lock_time,323,323,0.115007,enabled
1782985231.965,2026-07-02 09:40:31.966,lock_row_lock_time_avg,0,0,0.000000,enabled
1782985231.965,2026-07-02 09:40:31.966,lock_row_lock_time_max,29,29,0.000000,enabled
1782985231.965,2026-07-02 09:40:31.966,lock_row_lock_waits,425,425,0.151325,enabled
1782985231.965,2026-07-02 09:40:31.966,lock_schedule_refreshes,3045,3045,1.084201,enabled
1782985231.965,2026-07-02 09:40:31.966,lock_threads_waiting,0,0,0.000000,enabled
1782985231.965,2026-07-02 09:40:31.966,lock_timeouts,0,0,0.000000,enabled
1782985231.965,2026-07-02 09:40:31.966,log_waits,0,0,0.000000,enabled
1782985231.965,2026-07-02 09:40:31.966,log_writes,236182839,236182839,84095.125109,enabled
1782985231.965,2026-07-02 09:40:31.966,log_write_requests,446031949,446031949,158813.877973,enabled
1782985231.965,2026-07-02 09:40:31.966,os_data_fsyncs,70670477,70670477,25162.889864,enabled
1782985231.965,2026-07-02 09:40:31.966,os_data_reads,102148985,102148985,36371.109572,enabled
1782985231.965,2026-07-02 09:40:31.966,os_data_writes,270129325,270129325,96182.093947,enabled
1782985231.965,2026-07-02 09:40:31.966,os_log_bytes_written,145895211520,145895211520,51947365.999003,enabled
1782985231.965,2026-07-02 09:40:31.966,os_log_fsyncs,61468785,61468785,21886.540594,enabled
1782985231.965,2026-07-02 09:40:31.966,os_log_pending_fsyncs,1,1,0.000356,enabled
1782985231.965,2026-07-02 09:40:31.966,os_log_pending_writes,1,1,0.000356,enabled
1782985231.965,2026-07-02 09:40:31.966,trx_rseg_history_len,861,861,0.000000,enabled
1782985233.031,2026-07-02 09:40:33.032,adaptive_hash_searches,0,0,0.000000,enabled
1782985233.031,2026-07-02 09:40:33.032,adaptive_hash_searches_btree,675269107,675269107,240344.277311,enabled
1782985233.031,2026-07-02 09:40:33.032,buffer_data_reads,1669657954816,1669657954816,594270888.044806,enabled
1782985233.031,2026-07-02 09:40:33.032,buffer_data_written,725825975808,725825975808,258338688.866581,enabled
1782985233.031,2026-07-02 09:40:33.032,buffer_pages0_read,7,7,0.002491,enabled
1782985233.031,2026-07-02 09:40:33.032,buffer_pages_created,1829286,1829286,651.086302,enabled
1782985233.031,2026-07-02 09:40:33.032,buffer_pages_read,102195261,102195261,36373.718583,enabled
1782985233.031,2026-07-02 09:40:33.032,buffer_pages_written,33050971,33050971,11763.624940,enabled
1782985233.031,2026-07-02 09:40:33.032,buffer_pool_bytes_data,12850855936,12850855936,0.000000,enabled
1782985233.031,2026-07-02 09:40:33.032,buffer_pool_bytes_dirty,4647649280,4647649280,0.000000,enabled
1782985233.031,2026-07-02 09:40:33.032,buffer_pool_pages_data,784354,784354,0.000000,enabled
1782985233.031,2026-07-02 09:40:33.032,buffer_pool_pages_dirty,283670,283670,0.000000,enabled
1782985233.031,2026-07-02 09:40:33.032,buffer_pool_pages_flushed,32993807,32993807,0.000000,enabled
1782985233.031,2026-07-02 09:40:33.032,buffer_pool_pages_free,1982,1982,0.000000,enabled
1782985233.031,2026-07-02 09:40:33.032,buffer_pool_pages_lru_flushed,0,0,0.000000,enabled
1782985233.031,2026-07-02 09:40:33.032,buffer_pool_pages_misc,96,96,0.000000,enabled
1782985233.031,2026-07-02 09:40:33.032,buffer_pool_pages_total,786432,786432,0.000000,enabled
1782985233.031,2026-07-02 09:40:33.032,buffer_pool_reads,101271011,101271011,36044.757036,enabled
1782985233.031,2026-07-02 09:40:33.032,buffer_pool_read_ahead,803715,803715,286.061247,enabled
1782985233.031,2026-07-02 09:40:33.032,buffer_pool_read_ahead_evicted,25,25,0.008898,enabled
1782985233.031,2026-07-02 09:40:33.032,buffer_pool_read_requests,3263074307,3263074307,1161405.608067,enabled
1782985233.031,2026-07-02 09:40:33.032,buffer_pool_size,12884901888,12884901888,0.000000,enabled
1782985233.031,2026-07-02 09:40:33.032,buffer_pool_wait_free,18945,18945,6.742975,enabled
1782985233.031,2026-07-02 09:40:33.032,buffer_pool_write_requests,657346121,657346121,233965.089073,enabled
1782985233.031,2026-07-02 09:40:33.032,dml_deletes,15377084,15377084,5473.068477,enabled
1782985233.031,2026-07-02 09:40:33.032,dml_inserts,115262492,115262492,41024.651488,enabled
1782985233.031,2026-07-02 09:40:33.032,dml_system_deletes,468,468,0.166572,enabled
1782985233.031,2026-07-02 09:40:33.032,dml_system_inserts,1202,1202,0.427820,enabled
1782985233.031,2026-07-02 09:40:33.032,dml_system_reads,7661,7661,2.726731,enabled
1782985233.031,2026-07-02 09:40:33.032,dml_system_updates,620,620,0.220673,enabled
1782985233.031,2026-07-02 09:40:33.032,dml_updates,30754306,30754306,10946.186066,enabled
1782985233.031,2026-07-02 09:40:33.032,file_num_open_files,35,35,0.000000,enabled
1782985233.031,2026-07-02 09:40:33.032,ibuf_merges,0,0,0.000000,enabled
1782985233.031,2026-07-02 09:40:33.032,ibuf_merges_delete,0,0,0.000000,enabled
1782985233.031,2026-07-02 09:40:33.032,ibuf_merges_delete_mark,0,0,0.000000,enabled
1782985233.031,2026-07-02 09:40:33.032,ibuf_merges_discard_delete,0,0,0.000000,enabled
1782985233.031,2026-07-02 09:40:33.032,ibuf_merges_discard_delete_mark,0,0,0.000000,enabled
1782985233.031,2026-07-02 09:40:33.032,ibuf_merges_discard_insert,0,0,0.000000,enabled
1782985233.031,2026-07-02 09:40:33.032,ibuf_merges_insert,0,0,0.000000,enabled
1782985233.031,2026-07-02 09:40:33.032,ibuf_size,1,1,0.000356,enabled
1782985233.031,2026-07-02 09:40:33.032,innodb_activity_count,20575828,20575828,7323.424712,enabled
1782985233.031,2026-07-02 09:40:33.032,innodb_dblwr_pages_written,32991370,32991370,11742.410224,enabled
1782985233.031,2026-07-02 09:40:33.032,innodb_dblwr_writes,689187,689187,245.297982,enabled
1782985233.031,2026-07-02 09:40:33.032,innodb_page_size,16384,16384,0.000000,enabled
1782985233.031,2026-07-02 09:40:33.032,innodb_rwlock_sx_os_waits,0,0,0.000000,enabled
1782985233.031,2026-07-02 09:40:33.032,innodb_rwlock_sx_spin_rounds,0,0,0.000000,enabled
1782985233.031,2026-07-02 09:40:33.032,innodb_rwlock_sx_spin_waits,0,0,0.000000,enabled
1782985233.031,2026-07-02 09:40:33.032,innodb_rwlock_s_os_waits,0,0,0.000000,enabled
1782985233.031,2026-07-02 09:40:33.032,innodb_rwlock_s_spin_rounds,0,0,0.000000,enabled
1782985233.031,2026-07-02 09:40:33.032,innodb_rwlock_s_spin_waits,0,0,0.000000,enabled
1782985233.031,2026-07-02 09:40:33.032,innodb_rwlock_x_os_waits,0,0,0.000000,enabled
1782985233.031,2026-07-02 09:40:33.032,innodb_rwlock_x_spin_rounds,0,0,0.000000,enabled
1782985233.031,2026-07-02 09:40:33.032,innodb_rwlock_x_spin_waits,0,0,0.000000,enabled
1782985233.031,2026-07-02 09:40:33.032,lock_deadlocks,0,0,0.000000,enabled
1782985233.031,2026-07-02 09:40:33.032,lock_deadlock_false_positives,0,0,0.000000,enabled
1782985233.031,2026-07-02 09:40:33.032,lock_deadlock_rounds,3046,3046,1.084144,enabled
1782985233.031,2026-07-02 09:40:33.032,lock_rec_grant_attempts,425,425,0.151268,enabled
1782985233.031,2026-07-02 09:40:33.032,lock_rec_release_attempts,46740167,46740167,16635.935229,enabled
1782985233.031,2026-07-02 09:40:33.032,lock_row_lock_current_waits,0,0,0.000000,enabled
1782985233.031,2026-07-02 09:40:33.032,lock_row_lock_time,323,323,0.114963,enabled
1782985233.031,2026-07-02 09:40:33.032,lock_row_lock_time_avg,0,0,0.000000,enabled
1782985233.031,2026-07-02 09:40:33.032,lock_row_lock_time_max,29,29,0.000000,enabled
1782985233.031,2026-07-02 09:40:33.032,lock_row_lock_waits,425,425,0.151268,enabled
1782985233.031,2026-07-02 09:40:33.032,lock_schedule_refreshes,3046,3046,1.084144,enabled
1782985233.031,2026-07-02 09:40:33.032,lock_threads_waiting,0,0,0.000000,enabled
1782985233.031,2026-07-02 09:40:33.032,lock_timeouts,0,0,0.000000,enabled
1782985233.031,2026-07-02 09:40:33.032,log_waits,0,0,0.000000,enabled
1782985233.031,2026-07-02 09:40:33.032,log_writes,236261447,236261447,84091.049809,enabled
1782985233.031,2026-07-02 09:40:33.032,log_write_requests,446113557,446113557,158782.390614,enabled
1782985233.031,2026-07-02 09:40:33.032,os_data_fsyncs,70703056,70703056,25164.894267,enabled
1782985233.031,2026-07-02 09:40:33.032,os_data_reads,102205619,102205619,36377.403526,enabled
1782985233.031,2026-07-02 09:40:33.032,os_data_writes,270224296,270224296,96179.235046,enabled
1782985233.031,2026-07-02 09:40:33.032,os_log_bytes_written,145936107008,145936107008,51942121.113894,enabled
1782985233.031,2026-07-02 09:40:33.032,os_log_fsyncs,61496321,61496321,21887.998913,enabled
1782985233.031,2026-07-02 09:40:33.032,os_log_pending_fsyncs,1,1,0.000356,enabled
1782985233.031,2026-07-02 09:40:33.032,os_log_pending_writes,0,0,0.000000,enabled
1782985233.031,2026-07-02 09:40:33.032,trx_rseg_history_len,826,826,0.000000,enabled
1782985234.103,2026-07-02 09:40:34.104,adaptive_hash_searches,0,0,0.000000,enabled
1782985234.103,2026-07-02 09:40:34.104,adaptive_hash_searches_btree,675435946,675435946,240311.972986,enabled
1782985234.103,2026-07-02 09:40:34.104,buffer_data_reads,1670579030528,1670579030528,594371963.603170,enabled
1782985234.103,2026-07-02 09:40:34.104,buffer_data_written,726134429696,726134429696,258349912.615205,enabled
1782985234.103,2026-07-02 09:40:34.104,buffer_pages0_read,7,7,0.002491,enabled
1782985234.103,2026-07-02 09:40:34.104,buffer_pages_created,1829319,1829319,650.849744,enabled
1782985234.103,2026-07-02 09:40:34.104,buffer_pages_read,102251659,102251659,36379.912785,enabled
1782985234.103,2026-07-02 09:40:34.104,buffer_pages_written,33066949,33066949,11764.823531,enabled
1782985234.103,2026-07-02 09:40:34.104,buffer_pool_bytes_data,12851363840,12851363840,0.000000,enabled
1782985234.103,2026-07-02 09:40:34.104,buffer_pool_bytes_dirty,4651335680,4651335680,0.000000,enabled
1782985234.103,2026-07-02 09:40:34.104,buffer_pool_pages_data,784385,784385,0.000000,enabled
1782985234.103,2026-07-02 09:40:34.104,buffer_pool_pages_dirty,283895,283895,0.000000,enabled
1782985234.103,2026-07-02 09:40:34.104,buffer_pool_pages_flushed,33009835,33009835,0.000000,enabled
1782985234.103,2026-07-02 09:40:34.104,buffer_pool_pages_free,1950,1950,0.000000,enabled
1782985234.103,2026-07-02 09:40:34.104,buffer_pool_pages_lru_flushed,0,0,0.000000,enabled
1782985234.103,2026-07-02 09:40:34.104,buffer_pool_pages_misc,96,96,0.000000,enabled
1782985234.103,2026-07-02 09:40:34.104,buffer_pool_pages_total,786432,786432,0.000000,enabled
1782985234.103,2026-07-02 09:40:34.104,buffer_pool_reads,101327344,101327344,36051.053613,enabled
1782985234.103,2026-07-02 09:40:34.104,buffer_pool_read_ahead,803715,803715,285.952154,enabled
1782985234.103,2026-07-02 09:40:34.104,buffer_pool_read_ahead_evicted,25,25,0.008895,enabled
1782985234.103,2026-07-02 09:40:34.104,buffer_pool_read_requests,3263899703,3263899703,1161256.360410,enabled
1782985234.103,2026-07-02 09:40:34.104,buffer_pool_size,12884901888,12884901888,0.000000,enabled
1782985234.103,2026-07-02 09:40:34.104,buffer_pool_wait_free,18945,18945,6.740404,enabled
1782985234.103,2026-07-02 09:40:34.104,buffer_pool_write_requests,657457421,657457421,233915.463345,enabled
1782985234.103,2026-07-02 09:40:34.104,dml_deletes,15381908,15381908,5472.697437,enabled
1782985234.103,2026-07-02 09:40:34.104,dml_inserts,115267316,115267316,41010.721506,enabled
1782985234.103,2026-07-02 09:40:34.104,dml_system_deletes,468,468,0.166509,enabled
1782985234.103,2026-07-02 09:40:34.104,dml_system_inserts,1202,1202,0.427657,enabled
1782985234.103,2026-07-02 09:40:34.104,dml_system_reads,7661,7661,2.725691,enabled
1782985234.103,2026-07-02 09:40:34.104,dml_system_updates,620,620,0.220589,enabled
1782985234.103,2026-07-02 09:40:34.104,dml_updates,30763958,30763958,10945.445385,enabled
1782985234.103,2026-07-02 09:40:34.104,file_num_open_files,35,35,0.000000,enabled
1782985234.103,2026-07-02 09:40:34.104,ibuf_merges,0,0,0.000000,enabled
1782985234.103,2026-07-02 09:40:34.104,ibuf_merges_delete,0,0,0.000000,enabled
1782985234.103,2026-07-02 09:40:34.104,ibuf_merges_delete_mark,0,0,0.000000,enabled
1782985234.103,2026-07-02 09:40:34.104,ibuf_merges_discard_delete,0,0,0.000000,enabled
1782985234.103,2026-07-02 09:40:34.104,ibuf_merges_discard_delete_mark,0,0,0.000000,enabled
1782985234.103,2026-07-02 09:40:34.104,ibuf_merges_discard_insert,0,0,0.000000,enabled
1782985234.103,2026-07-02 09:40:34.104,ibuf_merges_insert,0,0,0.000000,enabled
1782985234.103,2026-07-02 09:40:34.104,ibuf_size,1,1,0.000356,enabled
1782985234.103,2026-07-02 09:40:34.104,innodb_activity_count,20581370,20581370,7322.603437,enabled
1782985234.103,2026-07-02 09:40:34.104,innodb_dblwr_pages_written,33007321,33007321,11743.607002,enabled
1782985234.103,2026-07-02 09:40:34.104,innodb_dblwr_writes,689548,689548,245.332868,enabled
1782985234.103,2026-07-02 09:40:34.104,innodb_page_size,16384,16384,0.000000,enabled
1782985234.103,2026-07-02 09:40:34.104,innodb_rwlock_sx_os_waits,0,0,0.000000,enabled
1782985234.103,2026-07-02 09:40:34.104,innodb_rwlock_sx_spin_rounds,0,0,0.000000,enabled
1782985234.103,2026-07-02 09:40:34.104,innodb_rwlock_sx_spin_waits,0,0,0.000000,enabled
1782985234.103,2026-07-02 09:40:34.104,innodb_rwlock_s_os_waits,0,0,0.000000,enabled
1782985234.103,2026-07-02 09:40:34.104,innodb_rwlock_s_spin_rounds,0,0,0.000000,enabled
1782985234.103,2026-07-02 09:40:34.104,innodb_rwlock_s_spin_waits,0,0,0.000000,enabled
1782985234.103,2026-07-02 09:40:34.104,innodb_rwlock_x_os_waits,0,0,0.000000,enabled
1782985234.103,2026-07-02 09:40:34.104,innodb_rwlock_x_spin_rounds,0,0,0.000000,enabled
1782985234.103,2026-07-02 09:40:34.104,innodb_rwlock_x_spin_waits,0,0,0.000000,enabled
1782985234.103,2026-07-02 09:40:34.104,lock_deadlocks,0,0,0.000000,enabled
1782985234.103,2026-07-02 09:40:34.104,lock_deadlock_false_positives,0,0,0.000000,enabled
1782985234.103,2026-07-02 09:40:34.104,lock_deadlock_rounds,3047,3047,1.084086,enabled
1782985234.103,2026-07-02 09:40:34.104,lock_rec_grant_attempts,425,425,0.151210,enabled
1782985234.103,2026-07-02 09:40:34.104,lock_rec_release_attempts,46754810,46754810,16634.800755,enabled
1782985234.103,2026-07-02 09:40:34.104,lock_row_lock_current_waits,0,0,0.000000,enabled
1782985234.103,2026-07-02 09:40:34.104,lock_row_lock_time,323,323,0.114920,enabled
1782985234.103,2026-07-02 09:40:34.104,lock_row_lock_time_avg,0,0,0.000000,enabled
1782985234.103,2026-07-02 09:40:34.104,lock_row_lock_time_max,29,29,0.000000,enabled
1782985234.103,2026-07-02 09:40:34.104,lock_row_lock_waits,425,425,0.151210,enabled
1782985234.103,2026-07-02 09:40:34.104,lock_schedule_refreshes,3047,3047,1.084086,enabled
1782985234.103,2026-07-02 09:40:34.104,lock_threads_waiting,0,0,0.000000,enabled
1782985234.103,2026-07-02 09:40:34.104,lock_timeouts,0,0,0.000000,enabled
1782985234.103,2026-07-02 09:40:34.104,log_waits,0,0,0.000000,enabled
1782985234.103,2026-07-02 09:40:34.104,log_writes,236340677,236340677,84087.168415,enabled
1782985234.103,2026-07-02 09:40:34.104,log_write_requests,446195490,446195490,158750.985281,enabled
1782985234.103,2026-07-02 09:40:34.104,os_data_fsyncs,70735545,70735545,25166.856387,enabled
1782985234.103,2026-07-02 09:40:34.104,os_data_reads,102261872,102261872,36383.544502,enabled
1782985234.103,2026-07-02 09:40:34.104,os_data_writes,270319731,270319731,96176.510021,enabled
1782985234.103,2026-07-02 09:40:34.104,os_log_bytes_written,145977452032,145977452032,51937021.909586,enabled
1782985234.103,2026-07-02 09:40:34.104,os_log_fsyncs,61523881,61523881,21889.456956,enabled
1782985234.103,2026-07-02 09:40:34.104,os_log_pending_fsyncs,0,0,0.000000,enabled
1782985234.103,2026-07-02 09:40:34.104,os_log_pending_writes,0,0,0.000000,enabled
1782985234.103,2026-07-02 09:40:34.104,trx_rseg_history_len,820,820,0.000000,enabled
1782985235.174,2026-07-02 09:40:35.176,adaptive_hash_searches,0,0,0.000000,enabled
1782985235.174,2026-07-02 09:40:35.176,adaptive_hash_searches_btree,675602708,675602708,240279.719029,enabled
1782985235.174,2026-07-02 09:40:35.176,buffer_data_reads,1671501924864,1671501924864,594473718.711877,enabled
1782985235.174,2026-07-02 09:40:35.176,buffer_data_written,726442718720,726442718720,258361116.878427,enabled
1782985235.174,2026-07-02 09:40:35.176,buffer_pages0_read,7,7,0.002490,enabled
1782985235.174,2026-07-02 09:40:35.176,buffer_pages_created,1829341,1829341,650.609574,enabled
1782985235.174,2026-07-02 09:40:35.176,buffer_pages_read,102308151,102308151,36386.142407,enabled
1782985235.174,2026-07-02 09:40:35.176,buffer_pages_written,33082870,33082870,11766.003104,enabled
1782985235.174,2026-07-02 09:40:35.176,buffer_pool_bytes_data,12850249728,12850249728,0.000000,enabled
1782985235.174,2026-07-02 09:40:35.176,buffer_pool_bytes_dirty,4656316416,4656316416,0.000000,enabled
1782985235.174,2026-07-02 09:40:35.176,buffer_pool_pages_data,784317,784317,0.000000,enabled
1782985235.174,2026-07-02 09:40:35.176,buffer_pool_pages_dirty,284199,284199,0.000000,enabled
1782985235.174,2026-07-02 09:40:35.176,buffer_pool_pages_flushed,33025756,33025756,0.000000,enabled
1782985235.174,2026-07-02 09:40:35.176,buffer_pool_pages_free,2019,2019,0.000000,enabled
1782985235.174,2026-07-02 09:40:35.176,buffer_pool_pages_lru_flushed,0,0,0.000000,enabled
1782985235.174,2026-07-02 09:40:35.176,buffer_pool_pages_misc,97,97,0.000000,enabled
1782985235.174,2026-07-02 09:40:35.176,buffer_pool_pages_total,786432,786432,0.000000,enabled
1782985235.174,2026-07-02 09:40:35.176,buffer_pool_reads,101383784,101383784,36057.389999,enabled
1782985235.174,2026-07-02 09:40:35.176,buffer_pool_read_ahead,803715,803715,285.843197,enabled
1782985235.174,2026-07-02 09:40:35.176,buffer_pool_read_ahead_evicted,25,25,0.008891,enabled
1782985235.174,2026-07-02 09:40:35.176,buffer_pool_read_requests,3264725337,3264725337,1161107.522668,enabled
1782985235.174,2026-07-02 09:40:35.176,buffer_pool_size,12884901888,12884901888,0.000000,enabled
1782985235.174,2026-07-02 09:40:35.176,buffer_pool_wait_free,18945,18945,6.737835,enabled
1782985235.174,2026-07-02 09:40:35.176,buffer_pool_write_requests,657568884,657568884,233865.976038,enabled
1782985235.174,2026-07-02 09:40:35.176,dml_deletes,15386734,15386734,5472.328623,enabled
1782985235.174,2026-07-02 09:40:35.176,dml_inserts,115272142,115272142,40996.812096,enabled
1782985235.174,2026-07-02 09:40:35.176,dml_system_deletes,468,468,0.166445,enabled
1782985235.174,2026-07-02 09:40:35.176,dml_system_inserts,1202,1202,0.427494,enabled
1782985235.174,2026-07-02 09:40:35.176,dml_system_reads,7661,7661,2.724653,enabled
1782985235.174,2026-07-02 09:40:35.176,dml_system_updates,620,620,0.220504,enabled
1782985235.174,2026-07-02 09:40:35.176,dml_updates,30773599,30773599,10944.703830,enabled
1782985235.174,2026-07-02 09:40:35.176,file_num_open_files,35,35,0.000000,enabled
1782985235.174,2026-07-02 09:40:35.176,ibuf_merges,0,0,0.000000,enabled
1782985235.174,2026-07-02 09:40:35.176,ibuf_merges_delete,0,0,0.000000,enabled
1782985235.174,2026-07-02 09:40:35.176,ibuf_merges_delete_mark,0,0,0.000000,enabled
1782985235.174,2026-07-02 09:40:35.176,ibuf_merges_discard_delete,0,0,0.000000,enabled
1782985235.174,2026-07-02 09:40:35.176,ibuf_merges_discard_delete_mark,0,0,0.000000,enabled
1782985235.174,2026-07-02 09:40:35.176,ibuf_merges_discard_insert,0,0,0.000000,enabled
1782985235.174,2026-07-02 09:40:35.176,ibuf_merges_insert,0,0,0.000000,enabled
1782985235.174,2026-07-02 09:40:35.176,ibuf_size,1,1,0.000356,enabled
1782985235.174,2026-07-02 09:40:35.176,innodb_activity_count,20586920,20586920,7321.787266,enabled
1782985235.174,2026-07-02 09:40:35.176,innodb_dblwr_pages_written,33023242,33023242,11744.794822,enabled
1782985235.174,2026-07-02 09:40:35.176,innodb_dblwr_writes,689888,689888,245.360314,enabled
1782985235.174,2026-07-02 09:40:35.176,innodb_page_size,16384,16384,0.000000,enabled
1782985235.174,2026-07-02 09:40:35.176,innodb_rwlock_sx_os_waits,0,0,0.000000,enabled
1782985235.174,2026-07-02 09:40:35.176,innodb_rwlock_sx_spin_rounds,0,0,0.000000,enabled
1782985235.174,2026-07-02 09:40:35.176,innodb_rwlock_sx_spin_waits,0,0,0.000000,enabled
1782985235.174,2026-07-02 09:40:35.176,innodb_rwlock_s_os_waits,0,0,0.000000,enabled
1782985235.174,2026-07-02 09:40:35.176,innodb_rwlock_s_spin_rounds,0,0,0.000000,enabled
1782985235.174,2026-07-02 09:40:35.176,innodb_rwlock_s_spin_waits,0,0,0.000000,enabled
1782985235.174,2026-07-02 09:40:35.176,innodb_rwlock_x_os_waits,0,0,0.000000,enabled
1782985235.174,2026-07-02 09:40:35.176,innodb_rwlock_x_spin_rounds,0,0,0.000000,enabled
1782985235.174,2026-07-02 09:40:35.176,innodb_rwlock_x_spin_waits,0,0,0.000000,enabled
1782985235.174,2026-07-02 09:40:35.176,lock_deadlocks,0,0,0.000000,enabled
1782985235.174,2026-07-02 09:40:35.176,lock_deadlock_false_positives,0,0,0.000000,enabled
1782985235.174,2026-07-02 09:40:35.176,lock_deadlock_rounds,3049,3049,1.084384,enabled
1782985235.174,2026-07-02 09:40:35.176,lock_rec_grant_attempts,425,425,0.151152,enabled
1782985235.174,2026-07-02 09:40:35.176,lock_rec_release_attempts,46769475,46769475,16633.677978,enabled
1782985235.174,2026-07-02 09:40:35.176,lock_row_lock_current_waits,0,0,0.000000,enabled
1782985235.174,2026-07-02 09:40:35.176,lock_row_lock_time,323,323,0.114876,enabled
1782985235.174,2026-07-02 09:40:35.176,lock_row_lock_time_avg,0,0,0.000000,enabled
1782985235.174,2026-07-02 09:40:35.176,lock_row_lock_time_max,29,29,0.000000,enabled
1782985235.174,2026-07-02 09:40:35.176,lock_row_lock_waits,425,425,0.151152,enabled
1782985235.174,2026-07-02 09:40:35.176,lock_schedule_refreshes,3049,3049,1.084384,enabled
1782985235.174,2026-07-02 09:40:35.176,lock_threads_waiting,0,0,0.000000,enabled
1782985235.174,2026-07-02 09:40:35.176,lock_timeouts,0,0,0.000000,enabled
1782985235.174,2026-07-02 09:40:35.176,log_waits,0,0,0.000000,enabled
1782985235.174,2026-07-02 09:40:35.176,log_writes,236419989,236419989,84083.336819,enabled
1782985235.174,2026-07-02 09:40:35.176,log_write_requests,446277514,446277514,158719.669622,enabled
1782985235.174,2026-07-02 09:40:35.176,os_data_fsyncs,70768236,70768236,25168.893697,enabled
1782985235.174,2026-07-02 09:40:35.176,os_data_reads,102318200,102318200,36389.714479,enabled
1782985235.174,2026-07-02 09:40:35.176,os_data_writes,270415215,270415215,96173.823025,enabled
1782985235.174,2026-07-02 09:40:35.176,os_log_bytes_written,146018783744,146018783744,51931932.291190,enabled
1782985235.174,2026-07-02 09:40:35.176,os_log_fsyncs,61551894,61551894,21891.079405,enabled
1782985235.174,2026-07-02 09:40:35.176,os_log_pending_fsyncs,1,1,0.000356,enabled
1782985235.174,2026-07-02 09:40:35.176,os_log_pending_writes,0,0,0.000000,enabled
1782985235.174,2026-07-02 09:40:35.176,trx_rseg_history_len,815,815,0.000000,enabled
1782985236.246,2026-07-02 09:40:36.247,adaptive_hash_searches,0,0,0.000000,enabled
1782985236.246,2026-07-02 09:40:36.247,adaptive_hash_searches_btree,675770868,675770868,240247.955927,enabled
1782985236.246,2026-07-02 09:40:36.247,buffer_data_reads,1672433830400,1672433830400,594578530.694317,enabled
1782985236.246,2026-07-02 09:40:36.247,buffer_data_written,726755119616,726755119616,258373744.344404,enabled
1782985236.246,2026-07-02 09:40:36.247,buffer_pages0_read,7,7,0.002489,enabled
1782985236.246,2026-07-02 09:40:36.247,buffer_pages_created,1829372,1829372,650.372711,enabled
1782985236.246,2026-07-02 09:40:36.247,buffer_pages_read,102365208,102365208,36392.563906,enabled
1782985236.246,2026-07-02 09:40:36.247,buffer_pages_written,33099021,33099021,11767.262179,enabled
1782985236.246,2026-07-02 09:40:36.247,buffer_pool_bytes_data,12846923776,12846923776,0.000000,enabled
1782985236.246,2026-07-02 09:40:36.247,buffer_pool_bytes_dirty,4659068928,4659068928,0.000000,enabled
1782985236.246,2026-07-02 09:40:36.247,buffer_pool_pages_data,784114,784114,0.000000,enabled
1782985236.246,2026-07-02 09:40:36.247,buffer_pool_pages_dirty,284367,284367,0.000000,enabled
1782985236.246,2026-07-02 09:40:36.247,buffer_pool_pages_flushed,33041907,33041907,0.000000,enabled
1782985236.246,2026-07-02 09:40:36.247,buffer_pool_pages_free,2221,2221,0.000000,enabled
1782985236.246,2026-07-02 09:40:36.247,buffer_pool_pages_lru_flushed,0,0,0.000000,enabled
1782985236.246,2026-07-02 09:40:36.247,buffer_pool_pages_misc,96,96,0.000000,enabled
1782985236.246,2026-07-02 09:40:36.247,buffer_pool_pages_total,786432,786432,0.000000,enabled
1782985236.246,2026-07-02 09:40:36.247,buffer_pool_reads,101440790,101440790,36063.918738,enabled
1782985236.246,2026-07-02 09:40:36.247,buffer_pool_read_ahead,803715,803715,285.734291,enabled
1782985236.246,2026-07-02 09:40:36.247,buffer_pool_read_ahead_evicted,25,25,0.008888,enabled
1782985236.246,2026-07-02 09:40:36.247,buffer_pool_read_requests,3265557460,3265557460,1160960.974070,enabled
1782985236.246,2026-07-02 09:40:36.247,buffer_pool_size,12884901888,12884901888,0.000000,enabled
1782985236.246,2026-07-02 09:40:36.247,buffer_pool_wait_free,18945,18945,6.735268,enabled
1782985236.246,2026-07-02 09:40:36.247,buffer_pool_write_requests,657680877,657680877,233816.688386,enabled
1782985236.246,2026-07-02 09:40:36.247,dml_deletes,15391599,15391599,5471.973254,enabled
1782985236.246,2026-07-02 09:40:36.247,dml_inserts,115277008,115277008,40982.922248,enabled
1782985236.246,2026-07-02 09:40:36.247,dml_system_deletes,468,468,0.166382,enabled
1782985236.246,2026-07-02 09:40:36.247,dml_system_inserts,1202,1202,0.427331,enabled
1782985236.246,2026-07-02 09:40:36.247,dml_system_reads,7661,7661,2.723615,enabled
1782985236.246,2026-07-02 09:40:36.247,dml_system_updates,620,620,0.220420,enabled
1782985236.246,2026-07-02 09:40:36.247,dml_updates,30783333,30783333,10943.994493,enabled
1782985236.246,2026-07-02 09:40:36.247,file_num_open_files,35,35,0.000000,enabled
1782985236.246,2026-07-02 09:40:36.247,ibuf_merges,0,0,0.000000,enabled
1782985236.246,2026-07-02 09:40:36.247,ibuf_merges_delete,0,0,0.000000,enabled
1782985236.246,2026-07-02 09:40:36.247,ibuf_merges_delete_mark,0,0,0.000000,enabled
1782985236.246,2026-07-02 09:40:36.247,ibuf_merges_discard_delete,0,0,0.000000,enabled
1782985236.246,2026-07-02 09:40:36.247,ibuf_merges_discard_delete_mark,0,0,0.000000,enabled
1782985236.246,2026-07-02 09:40:36.247,ibuf_merges_discard_insert,0,0,0.000000,enabled
1782985236.246,2026-07-02 09:40:36.247,ibuf_merges_insert,0,0,0.000000,enabled
1782985236.246,2026-07-02 09:40:36.247,ibuf_size,1,1,0.000356,enabled
1782985236.246,2026-07-02 09:40:36.247,innodb_activity_count,20592502,20592502,7320.982157,enabled
1782985236.246,2026-07-02 09:40:36.247,innodb_dblwr_pages_written,33039393,33039393,11746.062008,enabled
1782985236.246,2026-07-02 09:40:36.247,innodb_dblwr_writes,690246,690246,245.394106,enabled
1782985236.246,2026-07-02 09:40:36.247,innodb_page_size,16384,16384,0.000000,enabled
1782985236.246,2026-07-02 09:40:36.247,innodb_rwlock_sx_os_waits,0,0,0.000000,enabled
1782985236.246,2026-07-02 09:40:36.247,innodb_rwlock_sx_spin_rounds,0,0,0.000000,enabled
1782985236.246,2026-07-02 09:40:36.247,innodb_rwlock_sx_spin_waits,0,0,0.000000,enabled
1782985236.246,2026-07-02 09:40:36.247,innodb_rwlock_s_os_waits,0,0,0.000000,enabled
1782985236.246,2026-07-02 09:40:36.247,innodb_rwlock_s_spin_rounds,0,0,0.000000,enabled
1782985236.246,2026-07-02 09:40:36.247,innodb_rwlock_s_spin_waits,0,0,0.000000,enabled
1782985236.246,2026-07-02 09:40:36.247,innodb_rwlock_x_os_waits,0,0,0.000000,enabled
1782985236.246,2026-07-02 09:40:36.247,innodb_rwlock_x_spin_rounds,0,0,0.000000,enabled
1782985236.246,2026-07-02 09:40:36.247,innodb_rwlock_x_spin_waits,0,0,0.000000,enabled
1782985236.246,2026-07-02 09:40:36.247,lock_deadlocks,0,0,0.000000,enabled
1782985236.246,2026-07-02 09:40:36.247,lock_deadlock_false_positives,0,0,0.000000,enabled
1782985236.246,2026-07-02 09:40:36.247,lock_deadlock_rounds,3050,3050,1.084327,enabled
1782985236.246,2026-07-02 09:40:36.247,lock_rec_grant_attempts,425,425,0.151095,enabled
1782985236.246,2026-07-02 09:40:36.247,lock_rec_release_attempts,46784285,46784285,16632.605772,enabled
1782985236.246,2026-07-02 09:40:36.247,lock_row_lock_current_waits,0,0,0.000000,enabled
1782985236.246,2026-07-02 09:40:36.247,lock_row_lock_time,323,323,0.114832,enabled
1782985236.246,2026-07-02 09:40:36.247,lock_row_lock_time_avg,0,0,0.000000,enabled
1782985236.246,2026-07-02 09:40:36.247,lock_row_lock_time_max,29,29,0.000000,enabled
1782985236.246,2026-07-02 09:40:36.247,lock_row_lock_waits,425,425,0.151095,enabled
1782985236.246,2026-07-02 09:40:36.247,lock_schedule_refreshes,3050,3050,1.084327,enabled
1782985236.246,2026-07-02 09:40:36.247,lock_threads_waiting,0,0,0.000000,enabled
1782985236.246,2026-07-02 09:40:36.247,lock_timeouts,0,0,0.000000,enabled
1782985236.246,2026-07-02 09:40:36.247,log_waits,0,0,0.000000,enabled
1782985236.246,2026-07-02 09:40:36.247,log_writes,236500439,236500439,84079.902098,enabled
1782985236.246,2026-07-02 09:40:36.247,log_write_requests,446360072,446360072,158688.547605,enabled
1782985236.246,2026-07-02 09:40:36.247,os_data_fsyncs,70800893,70800893,25170.914336,enabled
1782985236.246,2026-07-02 09:40:36.247,os_data_reads,102375098,102375098,36396.078010,enabled
1782985236.246,2026-07-02 09:40:36.247,os_data_writes,270512091,270512091,96171.621360,enabled
1782985236.246,2026-07-02 09:40:36.247,os_log_bytes_written,146060585984,146060585984,51927007.370033,enabled
1782985236.246,2026-07-02 09:40:36.247,os_log_fsyncs,61579649,61579649,21892.606166,enabled
1782985236.246,2026-07-02 09:40:36.247,os_log_pending_fsyncs,1,1,0.000356,enabled
1782985236.246,2026-07-02 09:40:36.247,os_log_pending_writes,0,0,0.000000,enabled
1782985236.246,2026-07-02 09:40:36.247,trx_rseg_history_len,871,871,0.000000,enabled
1782985237.318,2026-07-02 09:40:37.319,adaptive_hash_searches,0,0,0.000000,enabled
1782985237.318,2026-07-02 09:40:37.319,adaptive_hash_searches_btree,675938719,675938719,240216.054113,enabled
1782985237.318,2026-07-02 09:40:37.319,buffer_data_reads,1673365981696,1673365981696,594683220.350477,enabled
1782985237.318,2026-07-02 09:40:37.319,buffer_data_written,727064985088,727064985088,258385404.763525,enabled
1782985237.318,2026-07-02 09:40:37.319,buffer_pages0_read,7,7,0.002488,enabled
1782985237.318,2026-07-02 09:40:37.319,buffer_pages_created,1829394,1829394,650.132687,enabled
1782985237.318,2026-07-02 09:40:37.319,buffer_pages_read,102422267,102422267,36398.973294,enabled
1782985237.318,2026-07-02 09:40:37.319,buffer_pages_written,33115021,33115021,11768.464060,enabled
1782985237.318,2026-07-02 09:40:37.319,buffer_pool_bytes_data,12850823168,12850823168,0.000000,enabled
1782985237.318,2026-07-02 09:40:37.319,buffer_pool_bytes_dirty,4665933824,4665933824,0.000000,enabled
1782985237.318,2026-07-02 09:40:37.319,buffer_pool_pages_data,784352,784352,0.000000,enabled
1782985237.318,2026-07-02 09:40:37.319,buffer_pool_pages_dirty,284786,284786,0.000000,enabled
1782985237.318,2026-07-02 09:40:37.319,buffer_pool_pages_flushed,33057907,33057907,0.000000,enabled
1782985237.318,2026-07-02 09:40:37.319,buffer_pool_pages_free,1983,1983,0.000000,enabled
1782985237.318,2026-07-02 09:40:37.319,buffer_pool_pages_lru_flushed,0,0,0.000000,enabled
1782985237.318,2026-07-02 09:40:37.319,buffer_pool_pages_misc,96,96,0.000000,enabled
1782985237.318,2026-07-02 09:40:37.319,buffer_pool_pages_total,786432,786432,0.000000,enabled
1782985237.318,2026-07-02 09:40:37.319,buffer_pool_reads,101497800,101497800,36070.435889,enabled
1782985237.318,2026-07-02 09:40:37.319,buffer_pool_read_ahead,803715,803715,285.625404,enabled
1782985237.318,2026-07-02 09:40:37.319,buffer_pool_read_ahead_evicted,25,25,0.008885,enabled
1782985237.318,2026-07-02 09:40:37.319,buffer_pool_read_requests,3266388241,3266388241,1160813.802334,enabled
1782985237.318,2026-07-02 09:40:37.319,buffer_pool_size,12884901888,12884901888,0.000000,enabled
1782985237.318,2026-07-02 09:40:37.319,buffer_pool_wait_free,18945,18945,6.732702,enabled
1782985237.318,2026-07-02 09:40:37.319,buffer_pool_write_requests,657792761,657792761,233767.347657,enabled
1782985237.318,2026-07-02 09:40:37.319,dml_deletes,15396454,15396454,5471.613384,enabled
1782985237.318,2026-07-02 09:40:37.319,dml_inserts,115281862,115281862,40969.029597,enabled
1782985237.318,2026-07-02 09:40:37.319,dml_system_deletes,468,468,0.166318,enabled
1782985237.318,2026-07-02 09:40:37.319,dml_system_inserts,1202,1202,0.427168,enabled
1782985237.318,2026-07-02 09:40:37.319,dml_system_reads,7661,7661,2.722577,enabled
1782985237.318,2026-07-02 09:40:37.319,dml_system_updates,620,620,0.220336,enabled
1782985237.318,2026-07-02 09:40:37.319,dml_updates,30793052,30793052,10943.277935,enabled
1782985237.318,2026-07-02 09:40:37.319,file_num_open_files,35,35,0.000000,enabled
1782985237.318,2026-07-02 09:40:37.319,ibuf_merges,0,0,0.000000,enabled
1782985237.318,2026-07-02 09:40:37.319,ibuf_merges_delete,0,0,0.000000,enabled
1782985237.318,2026-07-02 09:40:37.319,ibuf_merges_delete_mark,0,0,0.000000,enabled
1782985237.318,2026-07-02 09:40:37.319,ibuf_merges_discard_delete,0,0,0.000000,enabled
1782985237.318,2026-07-02 09:40:37.319,ibuf_merges_discard_delete_mark,0,0,0.000000,enabled
1782985237.318,2026-07-02 09:40:37.319,ibuf_merges_discard_insert,0,0,0.000000,enabled
1782985237.318,2026-07-02 09:40:37.319,ibuf_merges_insert,0,0,0.000000,enabled
1782985237.318,2026-07-02 09:40:37.319,ibuf_size,1,1,0.000355,enabled
1782985237.318,2026-07-02 09:40:37.319,innodb_activity_count,20598084,20598084,7320.176034,enabled
1782985237.318,2026-07-02 09:40:37.319,innodb_dblwr_pages_written,33055393,33055393,11747.271943,enabled
1782985237.318,2026-07-02 09:40:37.319,innodb_dblwr_writes,690616,690616,245.432083,enabled
1782985237.318,2026-07-02 09:40:37.319,innodb_page_size,16384,16384,0.000000,enabled
1782985237.318,2026-07-02 09:40:37.319,innodb_rwlock_sx_os_waits,0,0,0.000000,enabled
1782985237.318,2026-07-02 09:40:37.319,innodb_rwlock_sx_spin_rounds,0,0,0.000000,enabled
1782985237.318,2026-07-02 09:40:37.319,innodb_rwlock_sx_spin_waits,0,0,0.000000,enabled
1782985237.318,2026-07-02 09:40:37.319,innodb_rwlock_s_os_waits,0,0,0.000000,enabled
1782985237.318,2026-07-02 09:40:37.319,innodb_rwlock_s_spin_rounds,0,0,0.000000,enabled
1782985237.318,2026-07-02 09:40:37.319,innodb_rwlock_s_spin_waits,0,0,0.000000,enabled
1782985237.318,2026-07-02 09:40:37.319,innodb_rwlock_x_os_waits,0,0,0.000000,enabled
1782985237.318,2026-07-02 09:40:37.319,innodb_rwlock_x_spin_rounds,0,0,0.000000,enabled
1782985237.318,2026-07-02 09:40:37.319,innodb_rwlock_x_spin_waits,0,0,0.000000,enabled
1782985237.318,2026-07-02 09:40:37.319,lock_deadlocks,0,0,0.000000,enabled
1782985237.318,2026-07-02 09:40:37.319,lock_deadlock_false_positives,0,0,0.000000,enabled
1782985237.318,2026-07-02 09:40:37.319,lock_deadlock_rounds,3051,3051,1.084269,enabled
1782985237.318,2026-07-02 09:40:37.319,lock_rec_grant_attempts,425,425,0.151037,enabled
1782985237.318,2026-07-02 09:40:37.319,lock_rec_release_attempts,46799034,46799034,16631.508989,enabled
1782985237.318,2026-07-02 09:40:37.319,lock_row_lock_current_waits,0,0,0.000000,enabled
1782985237.318,2026-07-02 09:40:37.319,lock_row_lock_time,323,323,0.114788,enabled
1782985237.318,2026-07-02 09:40:37.319,lock_row_lock_time_avg,0,0,0.000000,enabled
1782985237.318,2026-07-02 09:40:37.319,lock_row_lock_time_max,29,29,0.000000,enabled
1782985237.318,2026-07-02 09:40:37.319,lock_row_lock_waits,425,425,0.151037,enabled
1782985237.318,2026-07-02 09:40:37.319,lock_schedule_refreshes,3051,3051,1.084269,enabled
1782985237.318,2026-07-02 09:40:37.319,lock_threads_waiting,0,0,0.000000,enabled
1782985237.318,2026-07-02 09:40:37.319,lock_timeouts,0,0,0.000000,enabled
1782985237.318,2026-07-02 09:40:37.319,log_waits,0,0,0.000000,enabled
1782985237.318,2026-07-02 09:40:37.319,log_writes,236580242,236580242,84076.221942,enabled
1782985237.318,2026-07-02 09:40:37.319,log_write_requests,446442575,446442575,158657.395567,enabled
1782985237.318,2026-07-02 09:40:37.319,os_data_fsyncs,70833803,70833803,25173.017981,enabled
1782985237.318,2026-07-02 09:40:37.319,os_data_reads,102431989,102431989,36402.426446,enabled
1782985237.318,2026-07-02 09:40:37.319,os_data_writes,270608183,270608183,96169.122250,enabled
1782985237.318,2026-07-02 09:40:37.319,os_log_bytes_written,146102111744,146102111744,51921976.866148,enabled
1782985237.318,2026-07-02 09:40:37.319,os_log_fsyncs,61607683,61607683,21894.226247,enabled
1782985237.318,2026-07-02 09:40:37.319,os_log_pending_fsyncs,1,1,0.000355,enabled
1782985237.318,2026-07-02 09:40:37.319,os_log_pending_writes,0,0,0.000000,enabled
1782985237.318,2026-07-02 09:40:37.319,trx_rseg_history_len,907,907,0.000000,enabled
1782985238.390,2026-07-02 09:40:38.392,adaptive_hash_searches,0,0,0.000000,enabled
1782985238.390,2026-07-02 09:40:38.392,adaptive_hash_searches_btree,676104709,676104709,240183.837545,enabled
1782985238.390,2026-07-02 09:40:38.392,buffer_data_reads,1674284829184,1674284829184,594783905.303005,enabled
1782985238.390,2026-07-02 09:40:38.392,buffer_data_written,727382243840,727382243840,258400030.702423,enabled
1782985238.390,2026-07-02 09:40:38.392,buffer_pages0_read,7,7,0.002487,enabled
1782985238.390,2026-07-02 09:40:38.392,buffer_pages_created,1829432,1829432,649.899407,enabled
1782985238.390,2026-07-02 09:40:38.392,buffer_pages_read,102478513,102478513,36405.138008,enabled
1782985238.390,2026-07-02 09:40:38.392,buffer_pages_written,33130932,33130932,11769.649262,enabled
1782985238.390,2026-07-02 09:40:38.392,buffer_pool_bytes_data,12853444608,12853444608,0.000000,enabled
1782985238.390,2026-07-02 09:40:38.392,buffer_pool_bytes_dirty,4671373312,4671373312,0.000000,enabled
1782985238.390,2026-07-02 09:40:38.392,buffer_pool_pages_data,784512,784512,0.000000,enabled
1782985238.390,2026-07-02 09:40:38.392,buffer_pool_pages_dirty,285118,285118,0.000000,enabled
1782985238.390,2026-07-02 09:40:38.392,buffer_pool_pages_flushed,33073818,33073818,0.000000,enabled
1782985238.390,2026-07-02 09:40:38.392,buffer_pool_pages_free,1824,1824,0.000000,enabled
1782985238.390,2026-07-02 09:40:38.392,buffer_pool_pages_lru_flushed,0,0,0.000000,enabled
1782985238.390,2026-07-02 09:40:38.392,buffer_pool_pages_misc,97,97,0.000000,enabled
1782985238.390,2026-07-02 09:40:38.392,buffer_pool_pages_total,786432,786432,0.000000,enabled
1782985238.390,2026-07-02 09:40:38.392,buffer_pool_reads,101553984,101553984,36076.703273,enabled
1782985238.390,2026-07-02 09:40:38.392,buffer_pool_read_ahead,803715,803715,285.516985,enabled
1782985238.390,2026-07-02 09:40:38.392,buffer_pool_read_ahead_evicted,25,25,0.008881,enabled
1782985238.390,2026-07-02 09:40:38.392,buffer_pool_read_requests,3267210577,3267210577,1160665.307254,enabled
1782985238.390,2026-07-02 09:40:38.392,buffer_pool_size,12884901888,12884901888,0.000000,enabled
1782985238.390,2026-07-02 09:40:38.392,buffer_pool_wait_free,18945,18945,6.730146,enabled
1782985238.390,2026-07-02 09:40:38.392,buffer_pool_write_requests,657904459,657904459,233718.293490,enabled
1782985238.390,2026-07-02 09:40:38.392,dml_deletes,15401256,15401256,5471.242280,enabled
1782985238.390,2026-07-02 09:40:38.392,dml_inserts,115286665,115286665,40955.184203,enabled
1782985238.390,2026-07-02 09:40:38.392,dml_system_deletes,468,468,0.166255,enabled
1782985238.390,2026-07-02 09:40:38.392,dml_system_inserts,1202,1202,0.427006,enabled
1782985238.390,2026-07-02 09:40:38.392,dml_system_reads,7661,7661,2.721543,enabled
1782985238.390,2026-07-02 09:40:38.392,dml_system_updates,620,620,0.220253,enabled
1782985238.390,2026-07-02 09:40:38.392,dml_updates,30802649,30802649,10942.533220,enabled
1782985238.390,2026-07-02 09:40:38.392,file_num_open_files,35,35,0.000000,enabled
1782985238.390,2026-07-02 09:40:38.392,ibuf_merges,0,0,0.000000,enabled
1782985238.390,2026-07-02 09:40:38.392,ibuf_merges_delete,0,0,0.000000,enabled
1782985238.390,2026-07-02 09:40:38.392,ibuf_merges_delete_mark,0,0,0.000000,enabled
1782985238.390,2026-07-02 09:40:38.392,ibuf_merges_discard_delete,0,0,0.000000,enabled
1782985238.390,2026-07-02 09:40:38.392,ibuf_merges_discard_delete_mark,0,0,0.000000,enabled
1782985238.390,2026-07-02 09:40:38.392,ibuf_merges_discard_insert,0,0,0.000000,enabled
1782985238.390,2026-07-02 09:40:38.392,ibuf_merges_insert,0,0,0.000000,enabled
1782985238.390,2026-07-02 09:40:38.392,ibuf_size,1,1,0.000355,enabled
1782985238.390,2026-07-02 09:40:38.392,innodb_activity_count,20603592,20603592,7319.354043,enabled
1782985238.390,2026-07-02 09:40:38.392,innodb_dblwr_pages_written,33071304,33071304,11748.465077,enabled
1782985238.390,2026-07-02 09:40:38.392,innodb_dblwr_writes,690974,690974,245.466097,enabled
1782985238.390,2026-07-02 09:40:38.392,innodb_page_size,16384,16384,0.000000,enabled
1782985238.390,2026-07-02 09:40:38.392,innodb_rwlock_sx_os_waits,0,0,0.000000,enabled
1782985238.390,2026-07-02 09:40:38.392,innodb_rwlock_sx_spin_rounds,0,0,0.000000,enabled
1782985238.390,2026-07-02 09:40:38.392,innodb_rwlock_sx_spin_waits,0,0,0.000000,enabled
1782985238.390,2026-07-02 09:40:38.392,innodb_rwlock_s_os_waits,0,0,0.000000,enabled
1782985238.390,2026-07-02 09:40:38.392,innodb_rwlock_s_spin_rounds,0,0,0.000000,enabled
1782985238.390,2026-07-02 09:40:38.392,innodb_rwlock_s_spin_waits,0,0,0.000000,enabled
1782985238.390,2026-07-02 09:40:38.392,innodb_rwlock_x_os_waits,0,0,0.000000,enabled
1782985238.390,2026-07-02 09:40:38.392,innodb_rwlock_x_spin_rounds,0,0,0.000000,enabled
1782985238.390,2026-07-02 09:40:38.392,innodb_rwlock_x_spin_waits,0,0,0.000000,enabled
1782985238.390,2026-07-02 09:40:38.392,lock_deadlocks,0,0,0.000000,enabled
1782985238.390,2026-07-02 09:40:38.392,lock_deadlock_false_positives,0,0,0.000000,enabled
1782985238.390,2026-07-02 09:40:38.392,lock_deadlock_rounds,3052,3052,1.084213,enabled
1782985238.390,2026-07-02 09:40:38.392,lock_rec_grant_attempts,425,425,0.150980,enabled
1782985238.390,2026-07-02 09:40:38.392,lock_rec_release_attempts,46813666,46813666,16630.393898,enabled
1782985238.390,2026-07-02 09:40:38.392,lock_row_lock_current_waits,0,0,0.000000,enabled
1782985238.390,2026-07-02 09:40:38.392,lock_row_lock_time,323,323,0.114745,enabled
1782985238.390,2026-07-02 09:40:38.392,lock_row_lock_time_avg,0,0,0.000000,enabled
1782985238.390,2026-07-02 09:40:38.392,lock_row_lock_time_max,29,29,0.000000,enabled
1782985238.390,2026-07-02 09:40:38.392,lock_row_lock_waits,425,425,0.150980,enabled
1782985238.390,2026-07-02 09:40:38.392,lock_schedule_refreshes,3052,3052,1.084212,enabled
1782985238.390,2026-07-02 09:40:38.392,lock_threads_waiting,0,0,0.000000,enabled
1782985238.390,2026-07-02 09:40:38.392,lock_timeouts,0,0,0.000000,enabled
1782985238.390,2026-07-02 09:40:38.392,log_waits,0,0,0.000000,enabled
1782985238.390,2026-07-02 09:40:38.392,log_writes,236659130,236659130,84072.332367,enabled
1782985238.390,2026-07-02 09:40:38.392,log_write_requests,446524255,446524255,158626.187786,enabled
1782985238.390,2026-07-02 09:40:38.392,os_data_fsyncs,70865964,70865964,25174.887747,enabled
1782985238.390,2026-07-02 09:40:38.392,os_data_reads,102488079,102488079,36408.534395,enabled
1782985238.390,2026-07-02 09:40:38.392,os_data_writes,270703273,270703273,96166.398237,enabled
1782985238.390,2026-07-02 09:40:38.392,os_log_bytes_written,146143308800,146143308800,51916903.130378,enabled
1782985238.390,2026-07-02 09:40:38.392,os_log_fsyncs,61634855,61634855,21895.568266,enabled
1782985238.390,2026-07-02 09:40:38.392,os_log_pending_fsyncs,1,1,0.000355,enabled
1782985238.390,2026-07-02 09:40:38.392,os_log_pending_writes,0,0,0.000000,enabled
1782985238.390,2026-07-02 09:40:38.392,trx_rseg_history_len,822,822,0.000000,enabled
1782985239.458,2026-07-02 09:40:39.459,adaptive_hash_searches,0,0,0.000000,enabled
1782985239.458,2026-07-02 09:40:39.459,adaptive_hash_searches_btree,676267758,676267758,240150.394804,enabled
1782985239.458,2026-07-02 09:40:39.459,buffer_data_reads,1675193551360,1675193551360,594880392.919346,enabled
1782985239.458,2026-07-02 09:40:39.459,buffer_data_written,727739151872,727739151872,258428497.417719,enabled
1782985239.458,2026-07-02 09:40:39.459,buffer_pages0_read,7,7,0.002486,enabled
1782985239.458,2026-07-02 09:40:39.459,buffer_pages_created,1829462,1829462,649.662888,enabled
1782985239.458,2026-07-02 09:40:39.459,buffer_pages_read,102534117,102534117,36411.037905,enabled
1782985239.458,2026-07-02 09:40:39.459,buffer_pages_written,33150487,33150487,11772.117196,enabled
1782985239.458,2026-07-02 09:40:39.459,buffer_pool_bytes_data,12854591488,12854591488,0.000000,enabled
1782985239.458,2026-07-02 09:40:39.459,buffer_pool_bytes_dirty,4611604480,4611604480,0.000000,enabled
1782985239.458,2026-07-02 09:40:39.459,buffer_pool_pages_data,784582,784582,0.000000,enabled
1782985239.458,2026-07-02 09:40:39.459,buffer_pool_pages_dirty,281470,281470,0.000000,enabled
1782985239.458,2026-07-02 09:40:39.459,buffer_pool_pages_flushed,33093373,33093373,0.000000,enabled
1782985239.458,2026-07-02 09:40:39.459,buffer_pool_pages_free,1753,1753,0.000000,enabled
1782985239.458,2026-07-02 09:40:39.459,buffer_pool_pages_lru_flushed,0,0,0.000000,enabled
1782985239.458,2026-07-02 09:40:39.459,buffer_pool_pages_misc,97,97,0.000000,enabled
1782985239.458,2026-07-02 09:40:39.459,buffer_pool_pages_total,786432,786432,0.000000,enabled
1782985239.458,2026-07-02 09:40:39.459,buffer_pool_reads,101609524,101609524,36082.705333,enabled
1782985239.458,2026-07-02 09:40:39.459,buffer_pool_read_ahead,803715,803715,285.408396,enabled
1782985239.458,2026-07-02 09:40:39.459,buffer_pool_read_ahead_evicted,25,25,0.008878,enabled
1782985239.458,2026-07-02 09:40:39.459,buffer_pool_read_requests,3268018180,3268018180,1160510.667748,enabled
1782985239.458,2026-07-02 09:40:39.459,buffer_pool_size,12884901888,12884901888,0.000000,enabled
1782985239.458,2026-07-02 09:40:39.459,buffer_pool_wait_free,18945,18945,6.727586,enabled
1782985239.458,2026-07-02 09:40:39.459,buffer_pool_write_requests,658013780,658013780,233668.226026,enabled
1782985239.458,2026-07-02 09:40:39.459,dml_deletes,15405970,15405970,5470.835533,enabled
1782985239.458,2026-07-02 09:40:39.459,dml_inserts,115291378,115291378,40941.282360,enabled
1782985239.458,2026-07-02 09:40:39.459,dml_system_deletes,468,468,0.166192,enabled
1782985239.458,2026-07-02 09:40:39.459,dml_system_inserts,1202,1202,0.426844,enabled
1782985239.458,2026-07-02 09:40:39.459,dml_system_reads,7661,7661,2.720508,enabled
1782985239.458,2026-07-02 09:40:39.459,dml_system_updates,620,620,0.220169,enabled
1782985239.458,2026-07-02 09:40:39.459,dml_updates,30812078,30812078,10941.720062,enabled
1782985239.458,2026-07-02 09:40:39.459,file_num_open_files,35,35,0.000000,enabled
1782985239.458,2026-07-02 09:40:39.459,ibuf_merges,0,0,0.000000,enabled
1782985239.458,2026-07-02 09:40:39.459,ibuf_merges_delete,0,0,0.000000,enabled
1782985239.458,2026-07-02 09:40:39.459,ibuf_merges_delete_mark,0,0,0.000000,enabled
1782985239.458,2026-07-02 09:40:39.459,ibuf_merges_discard_delete,0,0,0.000000,enabled
1782985239.458,2026-07-02 09:40:39.459,ibuf_merges_discard_delete_mark,0,0,0.000000,enabled
1782985239.458,2026-07-02 09:40:39.459,ibuf_merges_discard_insert,0,0,0.000000,enabled
1782985239.458,2026-07-02 09:40:39.459,ibuf_merges_insert,0,0,0.000000,enabled
1782985239.458,2026-07-02 09:40:39.459,ibuf_size,1,1,0.000355,enabled
1782985239.458,2026-07-02 09:40:39.459,innodb_activity_count,20609013,20609013,7318.495520,enabled
1782985239.458,2026-07-02 09:40:39.459,innodb_dblwr_pages_written,33090859,33090859,11750.941266,enabled
1782985239.458,2026-07-02 09:40:39.459,innodb_dblwr_writes,691362,691362,245.510528,enabled
1782985239.458,2026-07-02 09:40:39.459,innodb_page_size,16384,16384,0.000000,enabled
1782985239.458,2026-07-02 09:40:39.459,innodb_rwlock_sx_os_waits,0,0,0.000000,enabled
1782985239.458,2026-07-02 09:40:39.459,innodb_rwlock_sx_spin_rounds,0,0,0.000000,enabled
1782985239.458,2026-07-02 09:40:39.459,innodb_rwlock_sx_spin_waits,0,0,0.000000,enabled
1782985239.458,2026-07-02 09:40:39.459,innodb_rwlock_s_os_waits,0,0,0.000000,enabled
1782985239.458,2026-07-02 09:40:39.459,innodb_rwlock_s_spin_rounds,0,0,0.000000,enabled
1782985239.458,2026-07-02 09:40:39.459,innodb_rwlock_s_spin_waits,0,0,0.000000,enabled
1782985239.458,2026-07-02 09:40:39.459,innodb_rwlock_x_os_waits,0,0,0.000000,enabled
1782985239.458,2026-07-02 09:40:39.459,innodb_rwlock_x_spin_rounds,0,0,0.000000,enabled
1782985239.458,2026-07-02 09:40:39.459,innodb_rwlock_x_spin_waits,0,0,0.000000,enabled
1782985239.458,2026-07-02 09:40:39.459,lock_deadlocks,0,0,0.000000,enabled
1782985239.458,2026-07-02 09:40:39.459,lock_deadlock_false_positives,0,0,0.000000,enabled
1782985239.458,2026-07-02 09:40:39.459,lock_deadlock_rounds,3053,3053,1.084155,enabled
1782985239.458,2026-07-02 09:40:39.459,lock_rec_grant_attempts,425,425,0.150922,enabled
1782985239.458,2026-07-02 09:40:39.459,lock_rec_release_attempts,46827993,46827993,16629.156625,enabled
1782985239.458,2026-07-02 09:40:39.459,lock_row_lock_current_waits,0,0,0.000000,enabled
1782985239.458,2026-07-02 09:40:39.459,lock_row_lock_time,323,323,0.114701,enabled
1782985239.458,2026-07-02 09:40:39.459,lock_row_lock_time_avg,0,0,0.000000,enabled
1782985239.458,2026-07-02 09:40:39.459,lock_row_lock_time_max,29,29,0.000000,enabled
1782985239.458,2026-07-02 09:40:39.459,lock_row_lock_waits,425,425,0.150922,enabled
1782985239.458,2026-07-02 09:40:39.459,lock_schedule_refreshes,3053,3053,1.084155,enabled
1782985239.458,2026-07-02 09:40:39.459,lock_threads_waiting,0,0,0.000000,enabled
1782985239.458,2026-07-02 09:40:39.459,lock_timeouts,0,0,0.000000,enabled
1782985239.458,2026-07-02 09:40:39.459,log_waits,0,0,0.000000,enabled
1782985239.458,2026-07-02 09:40:39.459,log_writes,236736883,236736883,84067.969566,enabled
1782985239.458,2026-07-02 09:40:39.459,log_write_requests,446604450,446604450,158594.338368,enabled
1782985239.458,2026-07-02 09:40:39.459,os_data_fsyncs,70898265,70898265,25176.783755,enabled
1782985239.458,2026-07-02 09:40:39.459,os_data_reads,102543551,102543551,36414.386326,enabled
1782985239.458,2026-07-02 09:40:39.459,os_data_writes,270800878,270800878,96164.485112,enabled
1782985239.458,2026-07-02 09:40:39.459,os_log_bytes_written,146183752192,146183752192,51911520.160730,enabled
1782985239.458,2026-07-02 09:40:39.459,os_log_fsyncs,61661910,61661910,21896.848550,enabled
1782985239.458,2026-07-02 09:40:39.459,os_log_pending_fsyncs,1,1,0.000355,enabled
1782985239.458,2026-07-02 09:40:39.459,os_log_pending_writes,0,0,0.000000,enabled
1782985239.458,2026-07-02 09:40:39.459,trx_rseg_history_len,716,716,0.000000,enabled
1782985240.529,2026-07-02 09:40:40.531,adaptive_hash_searches,0,0,0.000000,enabled
1782985240.529,2026-07-02 09:40:40.531,adaptive_hash_searches_btree,676434900,676434900,240118.437032,enabled
1782985240.529,2026-07-02 09:40:40.531,buffer_data_reads,1676118952448,1676118952448,594982754.815231,enabled
1782985240.529,2026-07-02 09:40:40.531,buffer_data_written,728048594944,728048594944,258440105.160812,enabled
1782985240.529,2026-07-02 09:40:40.531,buffer_pages0_read,7,7,0.002485,enabled
1782985240.529,2026-07-02 09:40:40.531,buffer_pages_created,1829487,1829487,649.424804,enabled
1782985240.529,2026-07-02 09:40:40.531,buffer_pages_read,102590741,102590741,36417.297051,enabled
1782985240.529,2026-07-02 09:40:40.531,buffer_pages_written,33166473,33166473,11773.316877,enabled
1782985240.529,2026-07-02 09:40:40.531,buffer_pool_bytes_data,12853886976,12853886976,0.000000,enabled
1782985240.529,2026-07-02 09:40:40.531,buffer_pool_bytes_dirty,4617453568,4617453568,0.000000,enabled
1782985240.529,2026-07-02 09:40:40.531,buffer_pool_pages_data,784539,784539,0.000000,enabled
1782985240.529,2026-07-02 09:40:40.531,buffer_pool_pages_dirty,281827,281827,0.000000,enabled
1782985240.529,2026-07-02 09:40:40.531,buffer_pool_pages_flushed,33109359,33109359,0.000000,enabled
1782985240.529,2026-07-02 09:40:40.531,buffer_pool_pages_free,1796,1796,0.000000,enabled
1782985240.529,2026-07-02 09:40:40.531,buffer_pool_pages_lru_flushed,0,0,0.000000,enabled
1782985240.529,2026-07-02 09:40:40.531,buffer_pool_pages_misc,96,96,0.000000,enabled
1782985240.529,2026-07-02 09:40:40.531,buffer_pool_pages_total,786432,786432,0.000000,enabled
1782985240.529,2026-07-02 09:40:40.531,buffer_pool_reads,101666089,101666089,36089.068320,enabled
1782985240.529,2026-07-02 09:40:40.531,buffer_pool_read_ahead,803715,803715,285.299903,enabled
1782985240.529,2026-07-02 09:40:40.531,buffer_pool_read_ahead_evicted,25,25,0.008874,enabled
1782985240.529,2026-07-02 09:40:40.531,buffer_pool_read_requests,3268845378,3268845378,1160363.154489,enabled
1782985240.529,2026-07-02 09:40:40.531,buffer_pool_size,12884901888,12884901888,0.000000,enabled
1782985240.529,2026-07-02 09:40:40.531,buffer_pool_wait_free,18945,18945,6.725029,enabled
1782985240.529,2026-07-02 09:40:40.531,buffer_pool_write_requests,658125140,658125140,233618.931018,enabled
1782985240.529,2026-07-02 09:40:40.531,dml_deletes,15410811,15410811,5470.474345,enabled
1782985240.529,2026-07-02 09:40:40.531,dml_inserts,115296218,115296218,40927.437436,enabled
1782985240.529,2026-07-02 09:40:40.531,dml_system_deletes,468,468,0.166129,enabled
1782985240.529,2026-07-02 09:40:40.531,dml_system_inserts,1202,1202,0.426682,enabled
1782985240.529,2026-07-02 09:40:40.531,dml_system_reads,7661,7661,2.719474,enabled
1782985240.529,2026-07-02 09:40:40.531,dml_system_updates,620,620,0.220085,enabled
1782985240.529,2026-07-02 09:40:40.531,dml_updates,30821755,30821755,10940.995893,enabled
1782985240.529,2026-07-02 09:40:40.531,file_num_open_files,35,35,0.000000,enabled
1782985240.529,2026-07-02 09:40:40.531,ibuf_merges,0,0,0.000000,enabled
1782985240.529,2026-07-02 09:40:40.531,ibuf_merges_delete,0,0,0.000000,enabled
1782985240.529,2026-07-02 09:40:40.531,ibuf_merges_delete_mark,0,0,0.000000,enabled
1782985240.529,2026-07-02 09:40:40.531,ibuf_merges_discard_delete,0,0,0.000000,enabled
1782985240.529,2026-07-02 09:40:40.531,ibuf_merges_discard_delete_mark,0,0,0.000000,enabled
1782985240.529,2026-07-02 09:40:40.531,ibuf_merges_discard_insert,0,0,0.000000,enabled
1782985240.529,2026-07-02 09:40:40.531,ibuf_merges_insert,0,0,0.000000,enabled
1782985240.529,2026-07-02 09:40:40.531,ibuf_size,1,1,0.000355,enabled
1782985240.529,2026-07-02 09:40:40.531,innodb_activity_count,20614574,20614574,7317.687541,enabled
1782985240.529,2026-07-02 09:40:40.531,innodb_dblwr_pages_written,33106845,33106845,11752.149030,enabled
1782985240.529,2026-07-02 09:40:40.531,innodb_dblwr_writes,691719,691719,245.543928,enabled
1782985240.529,2026-07-02 09:40:40.531,innodb_page_size,16384,16384,0.000000,enabled
1782985240.529,2026-07-02 09:40:40.531,innodb_rwlock_sx_os_waits,0,0,0.000000,enabled
1782985240.529,2026-07-02 09:40:40.531,innodb_rwlock_sx_spin_rounds,0,0,0.000000,enabled
1782985240.529,2026-07-02 09:40:40.531,innodb_rwlock_sx_spin_waits,0,0,0.000000,enabled
1782985240.529,2026-07-02 09:40:40.531,innodb_rwlock_s_os_waits,0,0,0.000000,enabled
1782985240.529,2026-07-02 09:40:40.531,innodb_rwlock_s_spin_rounds,0,0,0.000000,enabled
1782985240.529,2026-07-02 09:40:40.531,innodb_rwlock_s_spin_waits,0,0,0.000000,enabled
1782985240.529,2026-07-02 09:40:40.531,innodb_rwlock_x_os_waits,0,0,0.000000,enabled
1782985240.529,2026-07-02 09:40:40.531,innodb_rwlock_x_spin_rounds,0,0,0.000000,enabled
1782985240.529,2026-07-02 09:40:40.531,innodb_rwlock_x_spin_waits,0,0,0.000000,enabled
1782985240.529,2026-07-02 09:40:40.531,lock_deadlocks,0,0,0.000000,enabled
1782985240.529,2026-07-02 09:40:40.531,lock_deadlock_false_positives,0,0,0.000000,enabled
1782985240.529,2026-07-02 09:40:40.531,lock_deadlock_rounds,3054,3054,1.084098,enabled
1782985240.529,2026-07-02 09:40:40.531,lock_rec_grant_attempts,425,425,0.150865,enabled
1782985240.529,2026-07-02 09:40:40.531,lock_rec_release_attempts,46842689,46842689,16628.052042,enabled
1782985240.529,2026-07-02 09:40:40.531,lock_row_lock_current_waits,0,0,0.000000,enabled
1782985240.529,2026-07-02 09:40:40.531,lock_row_lock_time,323,323,0.114657,enabled
1782985240.529,2026-07-02 09:40:40.531,lock_row_lock_time_avg,0,0,0.000000,enabled
1782985240.529,2026-07-02 09:40:40.531,lock_row_lock_time_max,29,29,0.000000,enabled
1782985240.529,2026-07-02 09:40:40.531,lock_row_lock_waits,425,425,0.150865,enabled
1782985240.529,2026-07-02 09:40:40.531,lock_schedule_refreshes,3054,3054,1.084098,enabled
1782985240.529,2026-07-02 09:40:40.531,lock_threads_waiting,0,0,0.000000,enabled
1782985240.529,2026-07-02 09:40:40.531,lock_timeouts,0,0,0.000000,enabled
1782985240.529,2026-07-02 09:40:40.531,log_waits,0,0,0.000000,enabled
1782985240.529,2026-07-02 09:40:40.531,log_writes,236816806,236816806,84064.383368,enabled
1782985240.529,2026-07-02 09:40:40.531,log_write_requests,446686637,446686637,158563.225955,enabled
1782985240.529,2026-07-02 09:40:40.531,os_data_fsyncs,70930983,70930983,25178.827411,enabled
1782985240.529,2026-07-02 09:40:40.531,os_data_reads,102600005,102600005,36420.583943,enabled
1782985240.529,2026-07-02 09:40:40.531,os_data_writes,270897033,270897033,96162.062819,enabled
1782985240.529,2026-07-02 09:40:40.531,os_log_bytes_written,146225451008,146225451008,51906589.087568,enabled
1782985240.529,2026-07-02 09:40:40.531,os_log_fsyncs,61689879,61689879,21898.453217,enabled
1782985240.529,2026-07-02 09:40:40.531,os_log_pending_fsyncs,0,0,0.000000,enabled
1782985240.529,2026-07-02 09:40:40.531,os_log_pending_writes,0,0,0.000000,enabled
1782985240.529,2026-07-02 09:40:40.531,trx_rseg_history_len,743,743,0.000000,enabled
