procs -----------memory---------- ---swap-- -----io---- -system-- -------cpu-------
 r  b   swpd   free   buff  cache   si   so    bi    bo   in   cs us sy id wa st gu
 4  0   3584 2577628 2522340 162421560    0    0  2907  2872 1203    0  0  0 100  0  0  0
64  0   3584 2531568 2522340 162421580    0    0     0 320124 83002 40607 79  1 20  0  0  0
61  0   3584 2513728 2522340 162421604    0    0     0 320004 92957 24853 80  1 20  0  0  0
 7 11   3584 2403372 2522340 162422316    0    0 145600 361812 129932 179003 49  2 47  2  0  0
10  4   3584 2598788 2522340 162182720    0    0 1253792 588352 236863 971480 37 11 34 18  0  0
45 23   3584 2584840 2522340 162189032    0    0 1264064 636580 251934 995141 37 11 33 20  0  0
41 24   3584 2580368 2522340 162195140    0    0 1227504 626128 247666 987429 37 10 34 19  0  0
51 22   3584 2580396 2522340 162200892    0    0 1190304 712840 241130 954770 34 10 36 20  0  0
 9  3   3584 2574928 2522340 162206664    0    0 1161840 714296 238032 939398 34 10 37 19  0  0
38 29   3584 2571128 2522340 162212268    0    0 1180160 726108 237792 939358 34 10 36 20  0  0
44 21   3584 2564172 2522340 162218316    0    0 1190592 732364 244293 952821 35 10 36 20  0  0
47 21   3584 2558244 2522340 162224240    0    0 1198016 757360 247306 975040 35 10 36 18  0  0
49 18   3584 2547616 2522340 162230140    0    0 1221504 775496 248743 980277 35 10 35 20  0  0
46 20   3584 2541688 2522340 162236096    0    0 1208000 779372 246871 966012 35 10 36 19  0  0
38 26   3584 2534792 2522340 162242136    0    0 1193008 793456 247685 967425 35 10 36 19  0  0
35 30   3584 2530632 2522340 162247852    0    0 1154432 771856 237010 928235 33 10 38 19  0  0
16  8   3584 2524740 2522340 162253344    0    0 1117024 773964 229690 895463 31 10 38 22  0  0
13  5   3584 2518572 2522340 162259000    0    0 1131696 786476 235039 910915 32 10 39 20  0  0
47 19   3584 2510900 2522340 162264736    0    0 1175792 803628 243606 947673 34 10 38 18  0  0
36 28   3584 2505236 2522340 162270612    0    0 1149744 802612 239114 930304 33 10 38 19  0  0
 9  4   3584 2499976 2522340 162276172    0    0 1118912 764080 228979 894702 31  9 38 21  0  0
procs -----------memory---------- ---swap-- -----io---- -system-- -------cpu-------
 r  b   swpd   free   buff  cache   si   so    bi    bo   in   cs us sy id wa st gu
52  8   3584 2494632 2522340 162281796    0    0 1151312 801508 239044 928284 33 10 37 20  0  0
40 25   3584 2487032 2522340 162287608    0    0 1155120 836816 242239 937853 33 10 38 19  0  0
16 10   3584 2481092 2522340 162293400    0    0 1155600 839896 242539 934102 33 10 37 20  0  0
32 10   3584 2476024 2522340 162299180    0    0 1168208 869940 245136 943410 33 10 38 19  0  0
44 25   3584 2472320 2522340 162304964    0    0 1176624 878536 247645 948723 33 10 37 20  0  0
 9 12   3584 2466872 2522340 162310776    0    0 1161904 871492 245322 942962 33 10 38 19  0  0
26  8   3584 2460740 2522340 162316636    0    0 1158816 857560 245808 939008 33 10 38 19  0  0
16 11   3584 2452492 2522340 162322120    0    0 1110384 819632 232685 893941 32  9 38 21  0  0
40 23   3584 2449668 2522340 162327408    0    0 1087248 790500 225268 872493 30  9 39 21  0  0
39 29   3584 2444300 2522340 162333176    0    0 1146672 852956 241070 925452 33 10 38 19  0  0
 9 20   3584 2437856 2522340 162339048    0    0 1182848 867572 248382 955367 34 10 36 20  0  0
10  3   3584 2430968 2522340 162344616    0    0 1117984 811592 233683 902505 32  9 38 21  0  0
31 35   3584 2423908 2522340 162350152    0    0 1101616 812900 229372 885442 31  9 38 22  0  0
50 18   3584 2415368 2522340 162355936    0    0 1179984 874348 245948 939981 33 10 37 20  0  0
 8  2   3584 2409044 2522340 162361564    0    0 1134336 869980 241071 915254 32  9 39 19  0  0
22  6   3584 2401224 2522340 162367384    0    0 1172624 871568 247647 945914 33 10 37 20  0  0
44 26   3584 2396784 2522340 162373040    0    0 1146064 872716 244702 934117 33 10 39 19  0  0
45 21   3584 2392608 2522344 162378804    0    0 1167296 870000 244953 937459 33 10 38 19  0  0
54 14   3584 2386244 2522344 162384528    0    0 1162624 874988 245917 947223 33 10 37 20  0  0
37 33   3584 2380724 2522344 162390204    0    0 1129136 837776 236149 906801 32  9 38 21  0  0
46 15   3584 2628148 2522344 162149892    0    0 1075552 788840 223993 868568 30  9 40 21  0  0
procs -----------memory---------- ---swap-- -----io---- -system-- -------cpu-------
 r  b   swpd   free   buff  cache   si   so    bi    bo   in   cs us sy id wa st gu
37 32   3584 2617432 2522344 162155376    0    0 1138016 857948 239198 916823 32 10 39 19  0  0
39 18   3584 2612644 2522344 162161148    0    0 1166528 870716 245955 936512 33 10 38 19  0  0
28 38   3584 2608944 2522344 162166468    0    0 1104000 816984 230566 886391 31  9 38 22  0  0
47 18   3584 2604648 2522344 162171928    0    0 1110320 813004 231058 886028 31  9 39 21  0  0
42 26   3584 2598012 2522344 162177592    0    0 1160576 872724 243775 933180 33 10 38 20  0  0
29 33   3584 2591828 2522344 162183240    0    0 1149104 863788 242614 928630 33 10 39 19  0  0
48 23   3584 2586724 2522344 162188896    0    0 1153056 865800 242630 926480 32 10 38 19  0  0
44 27   3584 2579828 2522344 162194596    0    0 1149424 868220 243839 936266 33 10 38 19  0  0
46 25   3584 2577260 2522344 162200352    0    0 1158032 874752 245981 940313 33 10 38 19  0  0
13  2   3584 2569816 2522344 162206108    0    0 1163376 870860 244658 936630 33 10 38 19  0  0
35 26   3584 2559096 2522344 162211720    0    0 1127216 846088 236577 908973 32 10 39 20  0  0
45 23   3584 2549488 2522344 162217112    0    0 1081904 813100 226683 872736 31  9 39 22  0  0
44 24   3584 2545344 2522344 162222732    0    0 1130816 838292 237959 911707 32 10 38 20  0  0
46 22   3584 2539996 2522344 162228456    0    0 1157360 875464 245668 940052 33 10 38 19  0  0
21 20   3584 2534248 2522344 162234052    0    0 1126688 847132 236071 907335 32  9 38 21  0  0
22 13   3584 2529820 2522344 162239468    0    0 1094432 820064 228428 878570 31  9 39 21  0  0
51 18   3584 2525040 2522344 162245212    0    0 1159184 865472 246151 939374 33 10 37 19  0  0
46 20   3584 2516732 2522344 162250944    0    0 1153568 886916 245046 941184 33 10 38 20  0  0
36 30   3584 2512400 2522344 162256672    0    0 1147136 859556 243195 925709 33 10 38 19  0  0
 9  5   3584 2503700 2522344 162262384    0    0 1150000 875600 244777 932976 33 10 39 19  0  0
47 19   3584 2498004 2522344 162267940    0    0 1126256 851156 237995 912743 32 10 41 18  0  0
procs -----------memory---------- ---swap-- -----io---- -system-- -------cpu-------
 r  b   swpd   free   buff  cache   si   so    bi    bo   in   cs us sy id wa st gu
 8  6   3584 2492944 2522344 162273800    0    0 1180160 899496 248721 948699 33 10 37 20  0  0
11  8   3584 2491132 2522344 162279316    0    0 1116576 835452 234055 897160 31  9 38 21  0  0
49 22   3584 2484676 2522344 162284728    0    0 1093152 813348 226495 871569 30  9 39 22  0  0
49 20   3584 2477384 2522344 162290472    0    0 1160752 882084 246295 945069 33 10 37 20  0  0
36 21   3584 2472820 2522344 162296164    0    0 1145104 886744 243890 931871 32 10 39 19  0  0
 7  7   3584 2468116 2522344 162301692    0    0 1111248 830608 231844 892214 31  9 38 21  0  0
20 47   3584 2462348 2522344 162307048    0    0 1092288 817836 230581 881138 31  9 39 21  0  0
44 17   3584 2456732 2522344 162312784    0    0 1161056 869324 243745 933711 33 10 38 19  0  0
11  5   3584 2449504 2522344 162318492    0    0 1160880 879896 242356 931383 32 10 38 20  0  0
40 28   3584 2441512 2522344 162324108    0    0 1138144 856208 240964 920012 33 10 38 19  0  0
39 28   3584 2435844 2522344 162329780    0    0 1149312 878336 244447 933082 32 10 38 19  0  0
23 10   3584 2428228 2522344 162335608    0    0 1155744 871512 245121 941109 33 10 38 19  0  0
36 29   3584 2422124 2522344 162341416    0    0 1166736 878664 246476 946704 33 10 38 19  0  0
 8  5   3584 2417484 2522344 162346936    0    0 1119776 845816 234362 900818 32  9 38 21  0  0
17  5   3584 2408932 2522344 162352252    0    0 1077328 806476 226013 867215 30  9 40 21  0  0
54 18   3584 2406776 2522344 162357956    0    0 1146816 847952 238878 916402 32 10 38 20  0  0
31  5   3584 2401496 2522344 162363756    0    0 1165040 877244 245135 938760 33 10 38 19  0  0
46 16   3584 2396260 2522344 162369280    0    0 1110832 845504 234025 895380 31  9 39 20  0  0
42 25   3584 2388120 2522344 162374844    0    0 1118816 821956 231699 894457 32  9 37 22  0  0
23 15   3584 2380044 2522344 162380352    0    0 1124080 853392 237403 912096 32  9 39 19  0  0
49 22   3584 2507344 2522344 162253440    0    0 1142624 861296 240576 920631 33 10 39 19  0  0
procs -----------memory---------- ---swap-- -----io---- -system-- -------cpu-------
 r  b   swpd   free   buff  cache   si   so    bi    bo   in   cs us sy id wa st gu
51 22   3584 2615492 2522344 162145920    0    0 1131776 847160 240405 920891 33 10 39 19  0  0
48 25   3584 2608608 2522344 162151512    0    0 1145872 876984 243304 929058 33 10 39 19  0  0
19 15   3584 2605628 2522344 162157176    0    0 1156208 888796 246086 942772 33 10 38 19  0  0
 7  3   3584 2596924 2522344 162162840    0    0 1134432 851880 241477 924162 33 10 40 18  0  0
36 32   3584 2591160 2522344 162168304    0    0 1100560 827856 231371 891499 31  9 40 20  0  0
43 21   3584 2588540 2522344 162173608    0    0 1076864 792440 224188 865453 30  9 40 21  0  0
42 28   3584 2581328 2522344 162179124    0    0 1117056 860672 238475 906481 32 10 39 19  0  0
49 18   3584 2575700 2522344 162184808    0    0 1158848 873520 247108 943263 33 10 38 19  0  0
46 24   3584 2569276 2522344 162190364    0    0 1132464 836388 235628 907813 31 10 37 21  0  0
 7  5   3584 2560804 2522344 162195688    0    0 1082800 813132 225514 862749 30  9 40 21  0  0
39 24   3584 2557860 2522344 162201244    0    0 1124176 858176 238363 908510 32  9 40 19  0  0
54 20   3584 2553020 2522344 162206848    0    0 1140272 854348 239951 919628 32 10 39 19  0  0
24 14   3584 2548436 2522344 162212360    0    0 1118688 865016 237684 900585 32  9 40 19  0  0
23  8   3584 2540836 2522344 162218056    0    0 1149792 868064 244683 930444 33 10 39 19  0  0
41 27   3584 2536532 2522344 162223748    0    0 1154400 869612 244097 934831 33 10 38 19  0  0
39 26   3584 2532112 2522344 162229468    0    0 1150736 883764 244574 937199 33 10 39 19  0  0
39 27   3584 2525672 2522344 162234868    0    0 1100864 829196 231169 889454 31  9 39 21  0  0
 9 14   3584 2520868 2522344 162240248    0    0 1068384 805304 227516 877653 31  9 40 20  0  0
44 11   3584 2516700 2522344 162245756    0    0 1112672 835068 236381 905045 32  9 40 19  0  0
16 12   3584 2510512 2522344 162251396    0    0 1139296 875556 242840 926731 32 10 39 19  0  0
56 14   3584 2505476 2522344 162256968    0    0 1132160 850400 237973 909872 32 10 39 20  0  0
procs -----------memory---------- ---swap-- -----io---- -system-- -------cpu-------
 r  b   swpd   free   buff  cache   si   so    bi    bo   in   cs us sy id wa st gu
42 28   3584 2500088 2522344 162262280    0    0 1082096 811116 228676 878293 31  9 39 21  0  0
38 30   3584 2493344 2522344 162267868    0    0 1115088 829316 236172 907195 32  9 39 20  0  0
50 17   3584 2487060 2522344 162273564    0    0 1147216 855200 243238 933853 33 10 39 19  0  0
48 18   3584 2478312 2522344 162279088    0    0 1121072 851292 237526 909140 32 10 40 19  0  0
51 19   3584 2471548 2522344 162284704    0    0 1133552 864932 241517 918691 32 10 40 18  0  0
57  9   3584 2469612 2522344 162290336    0    0 1142464 861340 243855 929415 33 10 39 18  0  0
14  9   3584 2464620 2522344 162296124    0    0 1160960 890188 246409 947599 33 10 38 20  0  0
44 25   3584 2460756 2522344 162301444    0    0 1080288 812236 227736 879602 30  9 40 21  0  0
51 17   3584 2454076 2522344 162306924    0    0 1102672 820616 232409 893665 31  9 39 21  0  0
39 29   3584 2447060 2522344 162312464    0    0 1124224 865844 241106 914648 32 10 40 19  0  0
39 27   3584 2445336 2522344 162318184    0    0 1153296 869648 245627 934544 33 10 38 19  0  0
45 20   3584 2439516 2522344 162323864    0    0 1144336 875388 245580 937474 33 10 38 20  0  0
 4  7   3584 2434828 2522344 162329284    0    0 1091600 802768 228229 880965 31  9 39 21  0  0
25 45   3584 2430928 2522344 162334692    0    0 1094160 829636 228949 878165 31  9 40 20  0  0
40 28   3584 2423544 2522344 162340348    0    0 1130976 861588 242206 922775 32 10 39 19  0  0
 9  3   3584 2418548 2522344 162345872    0    0 1109920 841252 236129 904000 32 10 40 18  0  0
49 19   3584 2413660 2522344 162351564    0    0 1146304 854568 242877 929324 33 10 39 19  0  0
19  3   3584 2404756 2522344 162357240    0    0 1131296 866372 241762 924353 32 10 39 18  0  0
50 19   3584 2397600 2522344 162362932    0    0 1158688 869260 244174 933588 33 10 38 20  0  0
38 30   3584 2392776 2522344 162368288    0    0 1077152 814220 226498 871169 30  9 40 21  0  0
42 25   3584 2384808 2522344 162373668    0    0 1100176 829660 231404 891088 31  9 38 21  0  0
procs -----------memory---------- ---swap-- -----io---- -system-- -------cpu-------
 r  b   swpd   free   buff  cache   si   so    bi    bo   in   cs us sy id wa st gu
20 14   3584 2382820 2522344 162379320    0    0 1143312 853608 241380 925456 32 10 39 19  0  0
 7  9   3584 2376880 2522344 162385024    0    0 1146176 875764 245189 936463 33 10 38 20  0  0
18 12   3584 2621672 2522344 162145016    0    0 1160000 884908 248319 949277 33 10 37 20  0  0
36 24   3584 2616508 2522344 162150428    0    0 1091408 810824 230385 884112 31  9 40 20  0  0
46 23   3584 2612460 2522344 162155688    0    0 1077904 812608 227009 875786 31  9 40 20  0  0
15  5   3584 2606528 2522344 162161252    0    0 1120560 858664 239112 910127 32  9 39 19  0  0
32 16   3584 2601524 2522344 162166520    0    0 1145168 860860 241464 925252 32 10 38 20  0  0
15 12   3584 2596316 2522344 162172572    0    0 1155424 874160 245750 936762 33 10 38 19  0  0
 8 17   3584 2588880 2522344 162178172    0    0 1138832 863960 244073 931060 33 10 39 18  0  0
46 18   3584 2585548 2522348 162183864    0    0 1170592 881708 249353 952914 33 10 37 20  0  0
32 33   3584 2577028 2522348 162189180    0    0 1084080 820988 228087 875030 30  9 39 21  0  0
39 32   3584 2571408 2522348 162194460    0    0 1087888 831528 230425 881293 31  9 40 21  0  0
43 23   3584 2565412 2522348 162200240    0    0 1148592 854880 242357 922142 33 10 39 19  0  0
11  1   3584 2560420 2522348 162205888    0    0 1126624 859800 241108 921366 32 10 39 19  0  0
50 21   3584 2557288 2522348 162211176    0    0 1135792 866508 240490 919591 32 10 40 18  0  0
14 14   3584 2546840 2522348 162216928    0    0 1115632 828804 234375 897645 31  9 39 20  0  0
48 22   3584 2544688 2522348 162222320    0    0 1093280 826160 229805 884375 30  9 39 22  0  0
45 25   3584 2537772 2522348 162227912    0    0 1134176 846328 238772 917949 32 10 39 20  0  0
42 24   3584 2530372 2522348 162233500    0    0 1128800 867704 242234 920552 32 10 39 20  0  0
54 12   3584 2524872 2522348 162238952    0    0 1151568 863644 243759 933151 33 10 38 19  0  0
16  4   3584 2518892 2522348 162244916    0    0 1139216 874952 242423 925089 33 10 39 18  0  0
procs -----------memory---------- ---swap-- -----io---- -system-- -------cpu-------
 r  b   swpd   free   buff  cache   si   so    bi    bo   in   cs us sy id wa st gu
40 30   3584 2513660 2522348 162250568    0    0 1144848 873924 242230 926827 32 10 39 18  0  0
13 20   3584 2507968 2522348 162255972    0    0 1099472 819692 231630 893069 31  9 39 21  0  0
23 10   3584 2502652 2522348 162261256    0    0 1081616 828016 227564 870469 30  9 40 21  0  0
54 14   3584 2494016 2522348 162267116    0    0 1141984 859984 244538 931994 33 10 38 19  0  0
43 25   3584 2487416 2522348 162272624    0    0 1134976 864768 242956 929744 32 10 38 19  0  0
25  5   3584 2483332 2522348 162278388    0    0 1154528 872628 244039 934645 33 10 38 19  0  0
56 15   3584 2477048 2522348 162283692    0    0 1138064 862140 239802 919826 32 10 39 19  0  0
56 18   3584 2468568 2522348 162289244    0    0 1090192 819204 229530 881680 31  9 39 21  0  0
42 27   3584 2461564 2522348 162294896    0    0 1097152 827324 231383 886871 31  9 39 20  0  0
43 25   3584 2458536 2522348 162300392    0    0 1145728 880316 245051 939208 33 10 37 20  0  0
39 26   3584 2448284 2522348 162306184    0    0 1143632 868052 242882 928108 33 10 39 19  0  0
44 25   3584 2447904 2522348 162311904    0    0 1151808 866672 244908 932581 33 10 39 19  0  0
46 23   3584 2443624 2522348 162317472    0    0 1159472 874704 246439 941635 33 10 38 19  0  0
10  2   3584 2437344 2522348 162322984    0    0 1084448 822160 228160 868518 31  9 41 20  0  0
56 15   3584 2432956 2522348 162328192    0    0 1072656 814920 227073 872216 30  9 40 21  0  0
13  7   3584 2427028 2522348 162333704    0    0 1125488 844160 237969 906058 32  9 40 18  0  0
49 18   3584 2421084 2522348 162339516    0    0 1149104 869700 243310 929876 33 10 39 19  0  0
47 21   3584 2416320 2522348 162344852    0    0 1141744 866872 243291 931772 33 10 39 19  0  0
19 11   3584 2409096 2522348 162350884    0    0 1146496 883720 244584 929018 33 10 39 19  0  0
52 19   3584 2404796 2522348 162356308    0    0 1097104 819820 230305 884015 31  9 39 21  0  0
15 10   3584 2399116 2522348 162361504    0    0 1080992 808568 226961 873393 31  9 40 20  0  0
procs -----------memory---------- ---swap-- -----io---- -system-- -------cpu-------
 r  b   swpd   free   buff  cache   si   so    bi    bo   in   cs us sy id wa st gu
41 28   3584 2394784 2522348 162367292    0    0 1133520 858084 241190 921215 32 10 39 19  0  0
22  7   3584 2389088 2522348 162372924    0    0 1152256 873872 244411 934415 32 10 38 20  0  0
14 13   3584 2630316 2522348 162134516    0    0 1158288 885952 247366 947258 33 10 37 20  0  0
41 26   3584 2623776 2522348 162140168    0    0 1149680 868784 244697 934808 33 10 39 19  0  0
48 15   3584 2618752 2522348 162145368    0    0 1099920 818220 232253 892356 31  9 40 20  0  0
51 22   3584 2614948 2522348 162150588    0    0 1064832 802628 225178 870637 30  9 40 21  0  0
35 17   3584 2613468 2522348 162156016    0    0 1110752 854348 236485 904017 32  9 40 19  0  0
15  1   3584 2606504 2522348 162161492    0    0 1151424 866512 245204 936806 33 10 38 19  0  0
25  7   3584 2601136 2522348 162166880    0    0 1129920 867524 241205 917060 32 10 39 19  0  0
22 13   3584 2597864 2522348 162172640    0    0 1151600 871592 243874 938071 33 10 38 19  0  0
40 27   3584 2591060 2522348 162177864    0    0 1111424 841404 235248 904825 32  9 39 20  0  0
38 31   3584 2588460 2522348 162183484    0    0 1103248 810292 228516 882726 31  9 38 22  0  0
46 26   3584 2578536 2522348 162189156    0    0 1144192 864504 243022 928038 33 10 38 20  0  0
 3  7   3584 2573488 2522348 162194740    0    0 1142528 855476 242045 926708 33 10 39 19  0  0
47 20   3584 2569068 2522348 162200384    0    0 1141376 867208 242143 929596 33 10 39 19  0  0
50 17   3584 2561404 2522348 162206064    0    0 1137536 870504 242540 924017 33 10 39 18  0  0
31 40   3584 2555224 2522348 162211416    0    0 1110832 851252 235194 896166 31  9 40 19  0  0
38 24   3584 2549132 2522348 162216812    0    0 1088448 818100 227847 873785 31  9 40 21  0  0
46 24   3584 2542944 2522348 162222404    0    0 1118384 836816 235580 901048 32  9 39 19  0  0
41 30   3584 2535792 2522348 162228080    0    0 1134336 857636 240500 918691 32 10 39 19  0  0
 9  5   3584 2530448 2522348 162233436    0    0 1127904 863208 242195 924062 32 10 39 19  0  0
procs -----------memory---------- ---swap-- -----io---- -system-- -------cpu-------
 r  b   swpd   free   buff  cache   si   so    bi    bo   in   cs us sy id wa st gu
30 11   3584 2520728 2522348 162239412    0    0 1150880 874344 244735 935751 33 10 38 19  0  0
40 27   3584 2519616 2522348 162244952    0    0 1130000 847604 238936 914892 32 10 39 20  0  0
51 20   3584 2513804 2522348 162250508    0    0 1092112 819160 228655 882825 31  9 39 22  0  0
43 24   3584 2508096 2522348 162256004    0    0 1113184 846924 235242 899297 32  9 39 20  0  0
46 20   3584 2502892 2522348 162261660    0    0 1150032 870636 243721 932852 32 10 38 20  0  0
50 16   3584 2495012 2522348 162267128    0    0 1143584 871076 242377 921113 32 10 39 19  0  0
52 19   3584 2488996 2522348 162272940    0    0 1132672 862068 241212 924396 32 10 40 19  0  0
21 10   3584 2483408 2522348 162278364    0    0 1131152 864100 238280 913618 32  9 39 20  0  0
31 37   3584 2478516 2522348 162283880    0    0 1084800 807036 226161 868843 31  9 40 21  0  0
38 28   3584 2473496 2522348 162289356    0    0 1111376 846968 234852 899977 31  9 40 19  0  0
 9  4   3584 2467568 2522348 162294916    0    0 1135056 859076 242281 926906 32 10 39 18  0  0
44 24   3584 2462124 2522348 162300640    0    0 1149936 884400 245033 929692 32 10 38 20  0  0
41 28   3584 2457644 2522348 162306128    0    0 1158640 871424 244098 930003 32 10 38 20  0  0
18  9   3584 2452976 2522348 162311984    0    0 1121952 850336 239382 911510 32 10 40 18  0  0
47 24   3584 2447824 2522348 162317340    0    0 1083840 811968 224699 866507 30  9 40 21  0  0
49 17   3584 2440840 2522348 162322748    0    0 1116000 827092 232596 892804 31  9 39 21  0  0
44 25   3584 2435144 2522348 162328416    0    0 1137936 863884 239804 917811 32 10 39 19  0  0
22 16   3584 2424936 2522348 162334180    0    0 1132752 872616 242908 927440 32 10 39 19  0  0
 3  8   3584 2421432 2522348 162339892    0    0 1168832 870568 245218 942221 33 10 37 20  0  0
 9 16   3584 2415280 2522348 162345544    0    0 1133472 872392 241886 923861 32 10 39 20  0  0
55 12   3584 2408016 2522348 162350744    0    0 1093840 804584 227178 874881 31  9 39 21  0  0
procs -----------memory---------- ---swap-- -----io---- -system-- -------cpu-------
 r  b   swpd   free   buff  cache   si   so    bi    bo   in   cs us sy id wa st gu
12  1   3584 2401244 2522348 162356436    0    0 1101744 833904 233719 898943 32  9 39 20  0  0
51 20   3584 2395768 2522348 162362100    0    0 1140624 876848 242264 926556 33 10 39 19  0  0
50 18   3584 2390984 2522348 162367472    0    0 1148096 872888 244596 935895 33 10 38 19  0  0
34  5   3584 2385500 2522348 162373388    0    0 1142864 856360 242618 930197 33 10 39 19  0  0
24 10   3584 2627612 2522348 162135436    0    0 1126752 866844 241251 919259 32 10 39 20  0  0
43 23   3584 2623048 2522348 162140664    0    0 1074224 808892 225594 869269 30  9 40 21  0  0
46 18   3584 2617884 2522348 162145948    0    0 1127104 842732 237461 913345 32  9 39 20  0  0
48 17   3584 2613556 2522348 162151540    0    0 1127952 874616 240626 910467 32 10 39 19  0  0
13 12   3584 2609592 2522348 162156840    0    0 1149792 877488 244845 933520 33 10 38 19  0  0
57  9   3584 2602752 2522348 162162688    0    0 1160320 883600 246532 943463 33 10 38 20  0  0
44 19   3584 2598668 2522348 162167872    0    0 1116480 843272 234913 900552 32  9 39 20  0  0
10 19   3584 2590968 2522348 162173340    0    0 1095744 828836 229948 885680 31  9 39 21  0  0
 8  3   3584 2586948 2522348 162178916    0    0 1138880 861840 240963 921541 32  9 38 21  0  0
 8  1   3584 2586988 2522348 162184076    0    0 1146144 876504 243535 925706 32 10 39 19  0  0
44 20   3584 2581160 2522348 162189940    0    0 1145904 861680 242708 930202 33 10 39 19  0  0
13  4   3584 2574012 2522348 162195360    0    0 1124352 858772 239197 916973 32 10 40 19  0  0
32 33   3584 2567584 2522348 162200752    0    0 1118416 846528 235604 906306 32  9 39 20  0  0
44 23   3584 2563188 2522348 162206260    0    0 1097280 811668 228942 884735 31  9 38 22  0  0
38 30   3584 2558288 2522348 162211632    0    0 1122688 857180 236878 911690 32  9 38 20  0  0
 9  1   3584 2552304 2522348 162217492    0    0 1150496 865872 243211 930711 32 10 38 20  0  0
44 24   3584 2545188 2522348 162223252    0    0 1141872 875828 243868 933851 33 10 39 19  0  0
procs -----------memory---------- ---swap-- -----io---- -system-- -------cpu-------
 r  b   swpd   free   buff  cache   si   so    bi    bo   in   cs us sy id wa st gu
39 30   3584 2539044 2522352 162228724    0    0 1151728 867664 244156 933235 32 10 38 20  0  0
47 19   3584 2535484 2522352 162234408    0    0 1112912 840808 234229 899588 32 10 40 19  0  0
10  3   3584 2528824 2522352 162239508    0    0 1077616 804780 225776 864901 31  9 41 20  0  0
41 28   3584 2522296 2522352 162245396    0    0 1131728 856648 237532 905990 32  9 38 21  0  0
46 14   3584 2518772 2522352 162251056    0    0 1147168 855156 243321 925054 33 10 39 19  0  0
46 20   3584 2512292 2522352 162256680    0    0 1151984 877552 244173 933896 33 10 38 19  0  0
38 29   3584 2506844 2522352 162262368    0    0 1129776 861928 241641 927458 33 10 39 19  0  0
33 35   3584 2497012 2522352 162267908    0    0 1132848 863624 240485 920531 32 10 39 20  0  0
34 25   3584 2492800 2522352 162273308    0    0 1083808 817416 227778 870101 30  9 39 21  0  0
 8  5   3584 2486512 2522352 162278700    0    0 1100448 824608 231821 892293 31  9 39 21  0  0
56  3   3584 2481688 2522352 162284156    0    0 1144976 875696 243974 931689 32 10 38 20  0  0
40 26   3584 2472624 2522352 162290140    0    0 1170336 876244 247496 952355 33 10 37 20  0  0
41 23   3584 2465892 2522352 162295864    0    0 1127488 867976 241741 921461 32 10 39 19  0  0
50 17   3584 2460500 2522352 162301264    0    0 1145200 864572 240699 924206 32  9 38 20  0  0
 7 15   3584 2453276 2522352 162306848    0    0 1091872 810320 229782 882693 31  9 38 22  0  0
52 17   3584 2445660 2522352 162312532    0    0 1132416 857828 237922 914026 32  9 38 21  0  0
48 23   3584 2440520 2522352 162317928    0    0 1142320 878916 243099 925840 33 10 39 19  0  0
24  7   3584 2434532 2522352 162323880    0    0 1150080 869692 244248 941287 33 10 38 19  0  0
12 15   3584 2430536 2522352 162329328    0    0 1123184 859900 240855 912171 32 10 40 19  0  0
18  9   3584 2423200 2522352 162335028    0    0 1141024 874940 242167 922550 33 10 39 19  0  0
52 20   3584 2416204 2522352 162340380    0    0 1086624 809960 227266 876796 30  9 40 21  0  0
procs -----------memory---------- ---swap-- -----io---- -system-- -------cpu-------
 r  b   swpd   free   buff  cache   si   so    bi    bo   in   cs us sy id wa st gu
15 10   3584 2413784 2522352 162345676    0    0 1078880 816528 227661 870387 31  9 40 20  0  0
35 30   3584 2407896 2522352 162351296    0    0 1135232 851136 240749 918760 32 10 39 19  0  0
52 17   3584 2401628 2522352 162357040    0    0 1133104 865856 241148 922886 32 10 39 19  0  0
34 33   3584 2394208 2522352 162362596    0    0 1125056 855780 237621 911784 32 10 40 18  0  0
45 18   3584 2387948 2522352 162368216    0    0 1139344 867452 240722 917795 32 10 39 19  0  0
29  9   3584 2381636 2522352 162373488    0    0 1112480 835828 234622 895064 31  9 39 20  0  0
11  3   3584 2623348 2522352 162133248    0    0 1087984 837980 231473 880713 31  9 40 19  0  0
42 15   3584 2613728 2522352 162138792    0    0 1112416 836440 234017 892278 32  9 39 20  0  0
35  1   3584 2607480 2522352 162144160    0    0 1126016 866716 238391 907587 31 10 38 21  0  0
14  6   3584 2605544 2522352 162149896    0    0 1128192 861396 240622 916803 32 10 40 19  0  0
16 11   3584 2601676 2522352 162155596    0    0 1151168 883120 246158 939493 33 10 38 20  0  0
38 28   3584 2596560 2522352 162160788    0    0 1114096 826180 233269 896031 31  9 39 20  0  0
50 16   3584 2593596 2522352 162166296    0    0 1083296 804940 224929 864885 30  9 40 20  0  0
47 22   3584 2586916 2522352 162171756    0    0 1112736 860068 237341 909624 32  9 39 20  0  0
48 20   3584 2581068 2522352 162177544    0    0 1132624 841200 239115 916202 33 10 40 18  0  0
 7 15   3584 2574440 2522352 162183232    0    0 1133424 860976 242549 924926 33 10 39 18  0  0
36 23   3584 2568864 2522352 162188636    0    0 1109056 858784 237438 904237 31  9 39 20  0  0
41 25   3584 2565400 2522352 162194180    0    0 1107584 806376 229849 886450 31  9 38 21  0  0
18  4   3584 2558432 2522352 162199696    0    0 1115904 848752 237464 914796 32  9 39 20  0  0
47 21   3584 2551536 2522352 162205248    0    0 1142144 874988 243619 932220 33 10 39 19  0  0
25 10   3584 2547400 2522352 162211136    0    0 1154256 869204 245719 943783 33 10 38 19  0  0
procs -----------memory---------- ---swap-- -----io---- -system-- -------cpu-------
 r  b   swpd   free   buff  cache   si   so    bi    bo   in   cs us sy id wa st gu
 3  8   3584 2545196 2522352 162216684    0    0 1147264 877132 244565 937522 33 10 38 19  0  0
50 17   3584 2538128 2522352 162222308    0    0 1127184 856796 239007 910456 32  9 40 19  0  0
 7  5   3584 2532764 2522352 162227896    0    0 1111296 845540 233677 895334 32  9 40 19  0  0
50 14   3584 2527520 2522352 162233092    0    0 1098128 807556 228294 878793 31  9 39 22  0  0
20  4   3584 2523876 2522352 162238716    0    0 1092336 830768 231396 884561 31  9 40 20  0  0
 3  5   3584 2516268 2522352 162244328    0    0 1135104 868216 240701 916541 32 10 39 19  0  0
55 19   3584 2511020 2522352 162249748    0    0 1146064 882008 243824 928691 32 10 39 19  0  0
45  8   3584 2507240 2522352 162255348    0    0 1110272 818504 231636 887416 31  9 38 21  0  0
17 15   3584 2504320 2522352 162260392    0    0 1088704 836856 232058 883609 30  9 38 22  0  0
48 19   3584 2497696 2522352 162266472    0    0 1146672 857100 240596 921537 32 10 39 19  0  0
32 34   3584 2487484 2522352 162272172    0    0 1151600 884084 245393 934175 33 10 38 20  0  0
 6  2   3584 2481956 2522352 162277652    0    0 1143264 870164 243150 925062 33 10 39 19  0  0
13 12   3584 2476216 2522352 162283536    0    0 1158512 883028 245177 932625 33 10 38 20  0  0
11 17   3584 2466944 2522352 162289184    0    0 1135280 856528 240207 922942 32 10 39 19  0  0
19  1   3584 2466048 2522352 162294764    0    0 1137456 858984 241950 922595 32 10 39 19  0  0
43 23   3584 2461020 2522352 162300228    0    0 1088288 814556 227446 878963 31  9 39 21  0  0
14  5   3584 2454340 2522352 162305428    0    0 1099504 832004 231560 885766 31  9 40 20  0  0
17  8   3584 2449604 2522352 162311212    0    0 1143216 863604 244078 931465 33 10 39 19  0  0
 5  4   3584 2442052 2522352 162317004    0    0 1123648 859644 238183 908890 32 10 40 18  0  0
 9  3   3584 2437988 2522352 162321968    0    0 1077792 817100 227392 867378 31  9 39 21  0  0
36 12   3584 2431100 2522352 162327848    0    0 1116224 822192 232439 896380 31  9 39 20  0  0
procs -----------memory---------- ---swap-- -----io---- -system-- -------cpu-------
 r  b   swpd   free   buff  cache   si   so    bi    bo   in   cs us sy id wa st gu
39 24   3584 2425872 2522352 162333572    0    0 1147440 884952 247253 945086 33 10 38 19  0  0
19  9   3584 2418180 2522352 162339100    0    0 1145312 871056 243889 928993 33 10 38 19  0  0
14  4   3584 2411632 2522352 162344744    0    0 1130256 862184 240812 921621 33 10 40 18  0  0
34 33   3584 2408576 2522352 162350100    0    0 1131088 862328 240483 916639 32 10 40 18  0  0
43 23   3584 2403776 2522352 162356096    0    0 1132160 865032 241143 922755 32 10 39 19  0  0
 6  8   3584 2397352 2522352 162361680    0    0 1145056 846548 240839 926537 33 10 38 20  0  0
10 15   3584 2392384 2522352 162367080    0    0 1075248 818372 226327 867102 30  9 40 21  0  0
57 14   3584 2387212 2522352 162372720    0    0 1103984 817228 231052 886293 31  9 39 20  0  0
43 24   3584 2436016 2522352 162320456    0    0 1156080 883112 244688 938756 33 10 38 20  0  0
14 18   3584 2620252 2522352 162139632    0    0 1133648 859288 240712 924522 32 10 38 21  0  0
43 26   3584 2611672 2522352 162145028    0    0 1082672 812752 226131 870337 30  9 39 21  0  0
25 10   3584 2610384 2522352 162150516    0    0 1142064 841360 239084 923203 32 10 37 21  0  0
46 21   3584 2605288 2522352 162155908    0    0 1139280 872560 241461 919555 32 10 39 19  0  0
44 24   3584 2599248 2522352 162161668    0    0 1159472 882560 245125 934355 33 10 38 19  0  0
17 11   3584 2594124 2522352 162167212    0    0 1176208 882820 247536 953896 33 10 37 20  0  0
48 20   3584 2588232 2522352 162172788    0    0 1156944 880548 244671 933165 33 10 38 19  0  0
52 12   3584 2582648 2522352 162178664    0    0 1166720 879788 246518 944140 33 10 37 19  0  0
 7 12   3584 2575984 2522352 162184180    0    0 1153152 884620 243744 929351 32 10 37 21  0  0
15  2   3584 2572144 2522352 162189772    0    0 1094784 823920 228620 879067 31  9 39 22  0  0
48 17   3584 2567284 2522352 162195064    0    0 1096384 822200 229149 876007 31  9 39 21  0  0
19 11   3584 2559168 2522352 162200916    0    0 1165936 895392 247023 943935 33 10 37 20  0  0
procs -----------memory---------- ---swap-- -----io---- -system-- -------cpu-------
 r  b   swpd   free   buff  cache   si   so    bi    bo   in   cs us sy id wa st gu
47 20   3584 2553000 2522352 162206620    0    0 1145552 863924 240091 919789 32 10 37 21  0  0
40 30   3584 2549868 2522352 162211808    0    0 1076672 822208 227238 869202 30  9 40 21  0  0
48 20   3584 2545788 2522352 162217444    0    0 1112480 833924 233290 896512 32  9 39 20  0  0
21 18   3584 2533840 2522352 162223116    0    0 1141792 875272 241565 925834 33 10 39 19  0  0
10  4   3584 2531640 2522352 162228884    0    0 1174544 881376 247440 944057 33 10 37 20  0  0
45 26   3584 2525144 2522352 162234724    0    0 1158816 895016 246290 943989 33 10 38 20  0  0
45 21   3584 2519920 2522352 162240260    0    0 1155200 871008 244929 938902 33 10 38 19  0  0
39 27   3584 2513740 2522352 162246164    0    0 1156784 877912 243762 931999 33 10 37 20  0  0
29 17   3584 2506100 2522352 162251868    0    0 1146720 879880 243523 933137 33 10 38 20  0  0
13  9   3584 2497744 2522352 162256980    0    0 1108496 817948 229033 889180 31  9 38 22  0  0
40 26   3584 2489584 2522352 162262792    0    0 1098064 824240 229935 887526 31  9 38 22  0  0
43 26   3584 2484912 2522352 162268716    0    0 1166304 886876 246435 942252 33 10 37 20  0  0
23 11   3584 2480456 2522352 162274328    0    0 1143104 863504 240138 923946 33 10 38 20  0  0
13  3   3584 2471816 2522356 162279736    0    0 1085984 823072 228511 879717 30  9 39 21  0  0
45 24   3584 2465936 2522356 162284916    0    0 1099584 828788 231734 885370 31  9 40 20  0  0
31 38   3584 2460340 2522356 162290892    0    0 1145440 870472 244329 931418 33 10 39 19  0  0
40 30   3584 2456636 2522356 162296708    0    0 1170112 890732 249264 953861 33 10 37 20  0  0
22 21   3584 2450104 2522356 162302152    0    0 1133536 869576 242222 921948 32 10 40 18  0  0
41 21   3584 2443332 2522356 162307860    0    0 1127392 858564 239763 912370 33 10 40 18  0  0
58 17   3584 2436176 2522356 162313692    0    0 1154528 877904 246535 939950 33 10 38 19  0  0
15  9   3584 2432876 2522356 162318876    0    0 1101984 847468 235066 900222 31  9 40 19  0  0
procs -----------memory---------- ---swap-- -----io---- -system-- -------cpu-------
 r  b   swpd   free   buff  cache   si   so    bi    bo   in   cs us sy id wa st gu
38 29   3584 2425688 2522356 162324472    0    0 1082592 809940 228029 876631 31  9 40 20  0  0
49 24   3584 2422388 2522356 162329360    0    0 1100208 828484 232110 886305 31  9 39 21  0  0
40 34   3584 2417036 2522356 162335548    0    0 1140816 874620 243392 925616 33 10 39 19  0  0
37 28   3584 2411056 2522356 162341048    0    0 1102256 825496 230863 887145 31  9 39 20  0  0
43 29   3584 2402840 2522356 162346320    0    0 1089040 809784 226808 870236 31  9 40 20  0  0
12  5   3584 2399728 2522356 162351836    0    0 1129664 871236 239782 909150 32  9 39 20  0  0
47 20   3584 2394248 2522356 162357648    0    0 1148608 859216 241973 919996 33 10 39 18  0  0
16 16   3584 2390996 2522356 162363268    0    0 1152720 877068 244628 936042 33 10 38 19  0  0
48 11   3584 2385068 2522356 162369100    0    0 1152816 881040 246136 935603 33 10 38 19  0  0
22  3   3584 2633124 2522356 162130560    0    0 1134048 879932 242396 919779 32 10 40 18  0  0
36  8   3584 2625776 2522356 162136064    0    0 1150560 865080 244490 927719 33 10 39 19  0  0
13  4   3584 2618256 2522356 162141560    0    0 1133712 868212 240785 917350 32 10 39 20  0  0
32 27   3584 2619044 2522356 162146596    0    0 1082768 817784 227711 868284 30  9 40 21  0  0
43 28   3584 2612856 2522356 162152108    0    0 1096128 808752 229822 879938 31  9 38 22  0  0
52 17   3584 2604232 2522356 162157632    0    0 1138528 857700 242758 927358 33 10 39 19  0  0
40 26   3584 2599912 2522356 162162900    0    0 1087552 830664 229700 881629 30  9 39 22  0  0
46 21   3584 2590036 2522356 162168144    0    0 1071616 804832 224328 857985 30  9 41 20  0  0
43 23   3584 2584228 2522356 162173612    0    0 1141184 860260 243458 934416 33 10 38 20  0  0
22 43   3584 2577104 2522356 162179108    0    0 1136832 866188 241628 922338 33 10 39 18  0  0
10  5   3584 2571492 2522356 162184932    0    0 1159472 868936 244942 942126 33 10 38 19  0  0
 9  4   3584 2565708 2522356 162190312    0    0 1128272 869556 240984 916267 32  9 40 18  0  0
procs -----------memory---------- ---swap-- -----io---- -system-- -------cpu-------
 r  b   swpd   free   buff  cache   si   so    bi    bo   in   cs us sy id wa st gu
51 17   3584 2560708 2522356 162195992    0    0 1139008 847904 241375 923036 33  9 39 18  0  0
48 23   3584 2551828 2522356 162201704    0    0 1130240 864264 241207 919264 32 10 40 18  0  0
27  5   3584 2547092 2522356 162207272    0    0 1136720 862648 240924 924402 32 10 39 19  0  0
45 22   3584 2540384 2522356 162212788    0    0 1106000 827248 232122 886121 31  9 40 20  0  0
50 18   3584 2532368 2522356 162218124    0    0 1079312 801848 226547 865788 31  9 40 21  0  0
41 23   3584 2526972 2522356 162223576    0    0 1110256 848536 236561 906737 32  9 40 19  0  0
38 30   3584 2524496 2522356 162229044    0    0 1079280 811864 227265 870051 31  9 41 19  0  0
20 12   3584 2520240 2522356 162234376    0    0 1078368 823836 227011 869610 31  9 40 20  0  0
41 25   3584 2513864 2522356 162239732    0    0 1116160 842748 237474 905215 32  9 40 19  0  0
40 28   3584 2505884 2522356 162245564    0    0 1130464 866148 240474 915365 32 10 40 18  0  0
11 15   3584 2504724 2522356 162251284    0    0 1147504 880604 247689 939045 33 10 38 19  0  0
30 25   3584 2497920 2522356 162256796    0    0 1148080 867868 243961 929450 32 10 39 19  0  0
15 13   3584 2491028 2522356 162262244    0    0 1146352 866216 244332 931508 33 10 39 19  0  0
 6 10   3584 2485856 2522356 162268164    0    0 1139312 866248 242932 923783 32 10 40 19  0  0
56 17   3584 2479664 2522356 162273928    0    0 1133824 866844 241814 919343 32  9 39 19  0  0
42 29   3584 2474660 2522356 162279164    0    0 1108000 834256 233147 894039 31  9 39 21  0  0
32 35   3584 2469340 2522356 162284656    0    0 1073136 822908 227925 871216 30  9 40 21  0  0
39 39   3584 2464860 2522356 162290144    0    0 1117808 855252 237412 904814 32  9 40 19  0  0
39 28   3584 2458772 2522356 162295532    0    0 1124976 841212 236898 908454 31 10 38 21  0  0
33 31   3584 2454468 2522356 162301136    0    0 1076656 818608 227084 873285 31  9 40 21  0  0
40 25   3584 2450600 2522356 162306196    0    0 1143696 856020 241621 927853 33  9 38 20  0  0
procs -----------memory---------- ---swap-- -----io---- -system-- -------cpu-------
 r  b   swpd   free   buff  cache   si   so    bi    bo   in   cs us sy id wa st gu
49 19   3584 2443176 2522356 162312420    0    0 1145488 872808 244187 927664 32 10 39 19  0  0
 5  4   3584 2437148 2522356 162318056    0    0 1147808 877492 243445 927882 33 10 39 19  0  0
41 18   3584 2428080 2522356 162323740    0    0 1143408 865308 242275 918650 33 10 39 18  0  0
39 31   3584 2423220 2522360 162329548    0    0 1178556 885904 248208 949047 33 10 37 20  0  0
41 23   3584 2417148 2522360 162335392    0    0 1160112 884036 245603 942245 32 10 38 20  0  0
44 20   3584 2412456 2522360 162340840    0    0 1138208 866660 242612 924823 33 10 39 19  0  0
32 36   3584 2409564 2522360 162346268    0    0 1066560 817424 228233 868531 30  9 40 21  0  0
45 21   3584 2405068 2522360 162351216    0    0 1077936 803988 227157 868667 30  9 40 21  0  0
46 24   3584 2397452 2522360 162357224    0    0 1136784 851752 239132 912553 32 10 39 20  0  0
17 11   3584 2392708 2522360 162362668    0    0 1110704 836620 235836 897699 32  9 39 20  0  0
20 16   3584 2386816 2522360 162368136    0    0 1100416 824072 230990 881343 31  9 39 21  0  0
43 20   3584 2381256 2522360 162373756    0    0 1122704 837280 237191 907499 32  9 39 20  0  0
44 26   3584 2621112 2522356 162135064    0    0 1134704 875880 243639 924616 32 10 39 19  0  0
40 24   3584 2619736 2522356 162140348    0    0 1133072 865764 242340 917146 32 10 40 18  0  0
45 22   3584 2616344 2522356 162145908    0    0 1143376 867044 243621 924815 33 10 39 18  0  0
43 23   3584 2613512 2522356 162151456    0    0 1143888 873540 244208 928144 33 10 39 19  0  0
 9  3   3584 2609140 2522356 162156736    0    0 1128784 859484 240540 911928 33 10 40 18  0  0
40 27   3584 2605816 2522356 162162448    0    0 1126160 861164 239244 914542 32 10 40 18  0  0
42 25   3584 2600996 2522356 162167624    0    0 1120640 834540 235215 901341 31  9 38 21  0  0
40 21   3584 2595256 2522356 162173020    0    0 1074608 807988 226825 865874 30  9 40 21  0  0
43 22   3584 2588052 2522356 162178604    0    0 1129472 841060 237802 915347 32  9 38 20  0  0
procs -----------memory---------- ---swap-- -----io---- -system-- -------cpu-------
 r  b   swpd   free   buff  cache   si   so    bi    bo   in   cs us sy id wa st gu
33 32   3584 2583692 2522356 162183856    0    0 1086128 819648 227783 875568 31  9 40 21  0  0
29 37   3584 2576340 2522356 162189268    0    0 1081632 818816 227477 869657 30  9 40 21  0  0
40 29   3584 2570840 2522356 162194924    0    0 1133744 853900 238564 906026 32  9 40 18  0  0
53 17   3584 2566768 2522356 162200324    0    0 1138080 866592 241792 919724 32 10 39 19  0  0
51 22   3584 2563988 2522356 162206272    0    0 1154048 875684 242709 929592 32 10 39 19  0  0
47 20   3584 2554796 2522356 162211848    0    0 1140144 871324 242607 926705 33 10 39 18  0  0
52 16   3584 2549644 2522356 162217584    0    0 1147936 873712 244606 926127 33 10 39 19  0  0
52 13   3584 2543852 2522356 162223288    0    0 1153760 877584 243232 926806 33 10 39 19  0  0
50 21   3584 2538540 2522356 162228916    0    0 1137936 875160 243665 927462 33 10 39 18  0  0
14 14   3584 2530396 2522356 162234300    0    0 1114608 864024 240354 913731 32 10 39 20  0  0
40 26   3584 2526712 2522356 162239828    0    0 1095920 813216 229179 875097 30  9 39 21  0  0
46 19   3584 2520596 2522356 162245052    0    0 1075360 798192 224367 863896 30  9 40 21  0  0
42 24   3584 2513088 2522356 162250548    0    0 1082368 808372 226241 870375 31  9 40 21  0  0
41 29   3584 2508796 2522356 162255556    0    0 1082976 817920 227856 872285 30  9 40 21  0  0
44 21   3584 2504320 2522356 162261692    0    0 1146512 861472 243430 931172 33 10 39 19  0  0
44 24   3584 2493940 2522356 162267264    0    0 1132112 859800 240062 918741 32 10 40 18  0  0
41 28   3584 2487736 2522356 162272868    0    0 1154736 876076 244461 933872 33 10 38 19  0  0
49 19   3584 2483604 2522356 162278368    0    0 1140560 872564 244064 929145 33 10 39 18  0  0
40 24   3584 2476732 2522356 162284112    0    0 1118496 854708 239094 906465 32  9 41 17  0  0
36 31   3584 2470216 2522356 162289764    0    0 1142528 865308 241787 921230 33 10 40 18  0  0
42 21   3584 2463512 2522356 162295436    0    0 1141888 861924 241920 920095 32 10 39 19  0  0
procs -----------memory---------- ---swap-- -----io---- -system-- -------cpu-------
 r  b   swpd   free   buff  cache   si   so    bi    bo   in   cs us sy id wa st gu
39 22   3584 2461620 2522356 162301028    0    0 1117904 859248 239106 904761 32 10 39 20  0  0
24 41   3584 2456704 2522356 162306240    0    0 1070416 805848 225231 864222 30  9 39 22  0  0
43 29   3584 2451480 2522356 162311856    0    0 1107440 830952 233763 897344 31  9 39 21  0  0
55 11   3584 2444628 2522356 162317140    0    0 1092304 810248 228459 875220 31  9 39 21  0  0
 7  4   3584 2438112 2522356 162322520    0    0 1081104 828388 228231 870195 31  9 40 21  0  0
 8  1   3584 2433088 2522364 162327956    0    0 1129472 856852 239677 914070 32 10 39 19  0  0
37 30   3584 2428756 2522364 162333708    0    0 1136512 869816 243611 924299 33 10 39 19  0  0
40 18   3584 2421968 2522364 162339436    0    0 1139904 876664 242386 924811 33 10 39 19  0  0
44 24   3584 2415724 2522364 162344940    0    0 1140960 864460 241091 922038 33 10 39 18  0  0
47 21   3584 2412128 2522364 162350624    0    0 1141408 864440 241924 921595 33 10 39 18  0  0
47 17   3584 2401608 2522364 162356324    0    0 1120880 852744 238574 917204 32 10 41 17  0  0
12  9   3584 2398916 2522364 162361904    0    0 1133840 864400 240036 912773 32 10 40 19  0  0
39 27   3584 2393840 2522364 162367320    0    0 1134352 853668 239929 911607 32 10 40 18  0  0
33 35   3584 2388356 2522364 162372640    0    0 1081920 805104 227032 874568 31  9 38 22  0  0
27 17   3584 2381640 2522364 162378252    0    0 1078128 809044 226262 867976 30  9 40 21  0  0
16 34   3584 2624400 2522364 162139752    0    0 1091760 828400 230351 875498 31  9 40 20  0  0
17 15   3584 2620024 2522364 162144768    0    0 1081552 814300 226987 870348 31  9 40 21  0  0
40 29   3584 2613788 2522364 162150328    0    0 1113808 843544 236710 902480 32 10 40 19  0  0
37 34   3584 2611008 2522364 162155868    0    0 1146224 862084 242419 923529 33 10 39 19  0  0
23 36   3584 2603912 2522364 162161364    0    0 1133088 850128 240180 915828 33 10 40 18  0  0
33 30   3584 2599504 2522364 162166900    0    0 1146048 872192 244973 929548 33 10 39 19  0  0
procs -----------memory---------- ---swap-- -----io---- -system-- -------cpu-------
 r  b   swpd   free   buff  cache   si   so    bi    bo   in   cs us sy id wa st gu
23 31   3584 2594548 2522364 162172484    0    0 1161360 884680 248558 944683 33 10 38 19  0  0
23 45   3584 2587992 2522364 162177988    0    0 1134416 851384 241459 922404 33 10 40 18  0  0
16 49   3584 2582336 2522364 162183540    0    0 1149568 876716 244841 930977 33 10 39 19  0  0
29 42   3584 2575508 2522364 162189004    0    0 1135040 857324 241461 917568 32 10 39 19  0  0
42 27   3584 2571540 2522364 162194492    0    0 1116256 824812 233770 896152 31  9 38 22  0  0
18 40   3584 2562352 2522364 162199740    0    0 1058784 806484 223546 856502 30  9 41 21  0  0
33 34   3584 2562424 2522364 162205064    0    0 1080432 806848 226258 866981 31  9 40 20  0  0
26 34   3584 2555668 2522364 162210408    0    0 1088816 800092 226748 867150 30  9 40 21  0  0
17 48   3584 2549100 2522364 162215968    0    0 1113856 853752 235230 898023 32  9 40 19  0  0
37 36   3584 2518208 2522364 162221692    0    0 1140768 865380 245470 926715 33 10 39 18  0  0
29 32   3584 2439140 2522364 162227328    0    0 1132624 851080 241463 914179 34 10 39 18  0  0
25 43   3584 2450480 2522364 162233204    0    0 1146992 875820 244482 923363 34 10 37 19  0  0
25 28   3584 2412224 2522364 162238948    0    0 1141712 878636 247636 937998 35 10 37 19  0  0
35 34   3584 2431932 2522364 162244932    0    0 1169856 885916 248536 941295 34 10 36 19  0  0
27 43   3584 2457868 2522364 162250880    0    0 1144160 863976 245794 927570 34 10 38 18  0  0
15 32   3584 2431608 2522364 162256548    0    0 1149680 866312 246080 933241 35 10 37 18  0  0
27 30   3584 2400212 2522364 162262312    0    0 1097584 812608 233237 887771 33  9 39 19  0  0
13 30   3584 2698552 2522364 162023784    0    0 1067456 809368 226864 864342 31  9 38 22  0  0
14 44   3584 2608336 2522364 162028912    0    0 1062736 794888 223435 847246 31  9 39 21  0  0
19 49   3584 2560632 2522364 162034316    0    0 1072912 793968 226536 861357 32  9 39 20  0  0
35 34   3584 2538812 2522364 162039832    0    0 1140352 866624 243964 922421 34 10 37 19  0  0
procs -----------memory---------- ---swap-- -----io---- -system-- -------cpu-------
 r  b   swpd   free   buff  cache   si   so    bi    bo   in   cs us sy id wa st gu
37 31   3584 2474484 2522364 162045592    0    0 1147136 867412 244507 923793 34 10 38 18  0  0
22 46   3584 2487496 2522364 162051336    0    0 1135984 864364 244685 924534 34 10 38 18  0  0
50 31   3584 2449168 2522364 162056828    0    0 1134448 856156 242795 923090 34 10 38 18  0  0
18 42   3584 2485464 2522364 162062580    0    0 1135632 876504 244133 921526 34 10 38 18  0  0
41 30   3584 2506036 2522364 162068104    0    0 1134320 863708 243133 918965 34 10 38 18  0  0
45 25   3584 2453284 2522364 162073868    0    0 1137056 873516 243505 913678 34 10 39 18  0  0
22 49   3584 2508048 2522364 162079664    0    0 1139952 861732 246374 932523 34 10 38 18  0  0
 5 51   3584 2519768 2522364 162085236    0    0 1077472 812376 228437 874785 32  9 38 20  0  0
19 45   3584 2472624 2522364 162090256    0    0 1016288 745240 212920 816881 30  8 39 23  0  0
24 35   3584 2457136 2522364 162095660    0    0 1035040 773608 218886 835010 30  9 39 22  0  0
31 44   3584 2513480 2522364 162101124    0    0 1055216 797316 224107 853046 31  9 39 20  0  0
22 45   3584 2464388 2522364 162106428    0    0 1072576 803308 226363 863779 32  9 39 21  0  0
24 28   3584 2476640 2522364 162112056    0    0 1087472 805928 228466 871223 32  9 38 21  0  0
31 43   3584 2460972 2522364 162117416    0    0 1076080 796776 226695 863016 32  9 38 21  0  0
11 50   3584 2470448 2522364 162122872    0    0 1061840 799368 223981 852479 31  9 39 21  0  0
15 47   3584 2475124 2522364 162128356    0    0 1061984 798764 224238 849856 31  9 40 20  0  0
23 30   3584 2502076 2522364 162134056    0    0 1090848 806408 228111 875800 32  9 38 21  0  0
28 35   3584 2466412 2522364 162139464    0    0 1083456 820172 228523 867903 32  9 38 21  0  0
51 20   3584 2489716 2522364 162145208    0    0 1108128 822180 235414 891133 33 10 39 19  0  0
35 29   3584 2463156 2522364 162150900    0    0 1094752 834432 234218 887607 33  9 39 19  0  0
39 33   3584 2429764 2522364 162156244    0    0 1086960 800736 227559 870428 32  9 39 20  0  0
procs -----------memory---------- ---swap-- -----io---- -system-- -------cpu-------
 r  b   swpd   free   buff  cache   si   so    bi    bo   in   cs us sy id wa st gu
44 20   3584 2462596 2522364 162161836    0    0 1065376 789120 222398 851922 31  9 37 23  0  0
20 48   3584 2521060 2522364 162167392    0    0 1082960 830308 232278 882982 32  9 38 20  0  0
35 33   3584 2444396 2522364 162173020    0    0 1127056 845792 240115 910841 33 10 37 20  0  0
18 28   3584 2492020 2522364 162178604    0    0 1089152 810248 228724 872211 31  9 38 21  0  0
25 39   3584 2542424 2522364 162184028    0    0 1092416 800152 228666 874670 32  9 38 21  0  0
40 28   3584 2461344 2522364 162189584    0    0 1070864 800096 226514 866339 32  9 38 21  0  0
27 40   3584 2501120 2522364 162195144    0    0 1067776 795316 225378 861111 32  9 39 21  0  0
32 35   3584 2539724 2522364 162200788    0    0 1077328 804640 227043 862569 32  9 38 21  0  0
26 41   3584 2470348 2522364 162206060    0    0 1074128 794256 225877 863601 32  9 39 20  0  0
45 28   3584 2476784 2522364 162211524    0    0 1061376 796336 223526 848855 31  9 41 19  0  0
16 42   3584 2527776 2522364 162217052    0    0 1068400 807756 227078 863441 32  9 39 20  0  0
23 41   3584 2441168 2522364 162222388    0    0 1067888 795688 224482 860761 31  9 38 22  0  0
27 40   3584 2437124 2522364 162227740    0    0 1021728 750132 212347 815880 30  9 40 22  0  0
23 27   3584 2528144 2522364 162233120    0    0 1038560 775672 216214 828274 30  9 39 22  0  0
35 38   3584 2532792 2522364 162231520    0    0 1120384 842484 236461 901177 32  9 39 20  0  0
11 18   3584 2525632 2522364 162237016    0    0 1111728 824484 234576 900910 32  9 39 19  0  0
24 14   3584 2523940 2522364 162242492    0    0 1107312 834664 234507 891861 31  9 40 19  0  0
44 28   3584 2516532 2522364 162247972    0    0 1105616 843644 232876 882566 31  9 40 19  0  0
16 11   3584 2513348 2522364 162253452    0    0 1111792 843588 238100 904175 32 10 40 19  0  0
49 14   3584 2504388 2522364 162259120    0    0 1148992 848848 241517 921519 33 10 39 19  0  0
18  4   3584 2499388 2522364 162264776    0    0 1149568 878096 246229 938551 33 10 39 19  0  0
procs -----------memory---------- ---swap-- -----io---- -system-- -------cpu-------
 r  b   swpd   free   buff  cache   si   so    bi    bo   in   cs us sy id wa st gu
52 15   3584 2492812 2522364 162270488    0    0 1145952 864304 243271 923748 32 10 39 18  0  0
47 22   3584 2489628 2522364 162276184    0    0 1154592 876624 246451 934774 33 10 38 19  0  0
30 36   3584 2486076 2522364 162281892    0    0 1137648 865956 241571 921362 32 10 39 19  0  0
41 23   3584 2477452 2522364 162287132    0    0 1062288 794224 222123 850423 30  9 41 20  0  0
53 16   3584 2472688 2522364 162292572    0    0 1080160 803120 227819 876433 31  9 39 21  0  0
22  5   3584 2466780 2522364 162298212    0    0 1139920 868160 244109 929833 33 10 39 19  0  0
 6  2   3584 2456756 2522364 162303812    0    0 1139632 873648 242978 919619 32 10 39 19  0  0
37 28   3584 2456292 2522364 162309460    0    0 1140032 862476 242856 925057 33 10 39 19  0  0
42 25   3584 2448096 2522364 162315100    0    0 1148176 875528 244471 928247 33 10 39 19  0  0
16 14   3584 2442796 2522364 162320828    0    0 1146096 860760 241461 924064 33 10 39 19  0  0
44 22   3584 2435828 2522364 162326416    0    0 1129952 858076 241118 915611 32 10 40 18  0  0
54  8   3584 2430744 2522364 162332044    0    0 1138752 860956 244278 931846 33 10 39 18  0  0
43 22   3584 2426668 2522364 162337700    0    0 1147360 877336 245390 934823 33 10 39 19  0  0
 5  3   3584 2420088 2522364 162343260    0    0 1120544 859012 238606 903930 32 10 41 18  0  0
10  2   3584 2416100 2522364 162348876    0    0 1133472 850456 241701 914402 33 10 39 18  0  0
20 24   3584 2412876 2522364 162354172    0    0 1069776 813320 226594 861044 31  9 41 20  0  0
45 21   3584 2405716 2522364 162359424    0    0 1068544 788748 222796 856309 30  9 40 22  0  0
43 24   3584 2399340 2522364 162364892    0    0 1097808 847360 234360 891567 32  9 41 17  0  0
49 17   3584 2394632 2522364 162370588    0    0 1152400 852980 244214 929041 33 10 38 19  0  0
41 28   3584 2388932 2522364 162376200    0    0 1127520 872960 240972 916225 32 10 40 18  0  0
23  9   3584 2636160 2522368 162136508    0    0 1136416 866640 241450 919941 33 10 39 18  0  0
procs -----------memory---------- ---swap-- -----io---- -system-- -------cpu-------
 r  b   swpd   free   buff  cache   si   so    bi    bo   in   cs us sy id wa st gu
43 27   3584 2630236 2522368 162142068    0    0 1160928 863400 244289 931897 33 10 38 19  0  0
12 11   3584 2627768 2522368 162147640    0    0 1145056 875312 244228 928244 33 10 39 19  0  0
49 21   3584 2617512 2522368 162153176    0    0 1125600 851432 238272 908145 32 10 40 18  0  0
39 33   3584 2614688 2522368 162158736    0    0 1136304 870832 243034 925600 32 10 39 18  0  0
49 16   3584 2609928 2522368 162164308    0    0 1139744 863140 242485 921712 33 10 39 18  0  0
 6  8   3584 2605512 2522368 162169880    0    0 1135568 866012 243204 924022 33 10 39 19  0  0
32 35   3584 2598456 2522368 162175252    0    0 1101632 824452 230525 881375 31  9 40 20  0  0
45 17   3584 2592520 2522368 162180520    0    0 1078208 796656 224664 861473 30  9 39 22  0  0
15 16   3584 2587620 2522368 162186052    0    0 1119072 841748 237744 910233 32 10 39 20  0  0
40 26   3584 2580012 2522368 162191764    0    0 1160368 892820 244755 933597 33 10 38 20  0  0
41 29   3584 2574132 2522368 162197556    0    0 1159712 883840 245597 943115 33 10 38 19  0  0
44 22   3584 2568564 2522368 162203288    0    0 1166080 886540 247460 952285 33 10 37 20  0  0
44 21   3584 2563468 2522368 162209032    0    0 1160176 879916 244211 931467 33 10 38 20  0  0
13  7   3584 2553180 2522368 162214736    0    0 1158608 866144 244794 936466 33 10 38 19  0  0
51 18   3584 2547096 2522368 162220396    0    0 1151808 885712 243614 924378 32 10 39 19  0  0
17 15   3584 2542192 2522368 162226132    0    0 1156768 879848 245870 939618 33 10 38 19  0  0
13  4   3584 2536968 2522368 162231808    0    0 1149264 860548 242327 924526 33 10 39 18  0  0
47 23   3584 2533044 2522368 162237488    0    0 1148384 876852 243990 931034 32 10 39 19  0  0
33 25   3584 2523564 2522368 162242964    0    0 1101840 837280 234785 893590 31  9 39 20  0  0
32 29   3584 2522508 2522368 162248316    0    0 1087472 814512 224813 861997 30  9 40 21  0  0
41 21   3584 2516968 2522368 162253756    0    0 1103568 828552 233193 889328 31  9 40 20  0  0
procs -----------memory---------- ---swap-- -----io---- -system-- -------cpu-------
 r  b   swpd   free   buff  cache   si   so    bi    bo   in   cs us sy id wa st gu
13  9   3584 2510784 2522368 162259484    0    0 1146016 880568 242536 927612 33 10 39 18  0  0
45 21   3584 2504192 2522368 162265256    0    0 1163936 882312 245816 936837 33 10 38 19  0  0
39 29   3584 2498248 2522368 162270896    0    0 1139504 883632 244958 933333 32 10 39 19  0  0
42 21   3584 2492424 2522368 162276580    0    0 1154496 872340 245552 937900 33 10 38 19  0  0
48 15   3584 2486372 2522368 162282276    0    0 1156352 876780 243354 930555 33 10 38 19  0  0
14 15   3584 2481268 2522368 162287976    0    0 1155616 886972 245072 934355 33 10 38 19  0  0
14  4   3584 2475932 2522368 162293756    0    0 1156432 873812 245516 943565 34 10 38 19  0  0
49 19   3584 2469780 2522368 162299404    0    0 1147504 881648 243554 927133 33 10 39 19  0  0
49 27   3584 2460844 2522368 162305148    0    0 1158416 881528 245539 938744 33 10 37 20  0  0
42 23   3584 2458576 2522368 162310612    0    0 1099792 823260 233668 896623 31 10 40 19  0  0
52 15   3584 2454324 2522368 162315984    0    0 1078608 807860 225947 868770 31  9 40 21  0  0
11 10   3584 2448380 2522368 162321444    0    0 1092976 845780 233023 887597 31  9 39 21  0  0
14 14   3584 2443176 2522368 162327168    0    0 1159216 870960 247381 937953 33 10 37 20  0  0
20 13   3584 2433012 2522368 162332884    0    0 1152448 868300 243255 920707 33 10 39 19  0  0
17 12   3584 2429584 2522368 162338512    0    0 1140592 877512 242975 919564 33 10 39 19  0  0
47 23   3584 2420724 2522368 162344188    0    0 1159824 859552 243187 926056 33 10 38 19  0  0
40 27   3584 2417636 2522368 162349804    0    0 1135328 862744 242272 917455 33 10 39 18  0  0
47 12   3584 2413024 2522368 162355484    0    0 1171264 866968 247421 944507 33 10 37 20  0  0
43 26   3584 2407384 2522368 162360712    0    0 1144784 862116 242698 919858 33 10 39 19  0  0
51 14   3584 2401372 2522368 162366820    0    0 1164416 872340 245989 934094 33 10 38 19  0  0
13 16   3584 2393440 2522368 162372728    0    0 1162160 893832 246222 930208 32 10 37 20  0  0
procs -----------memory---------- ---swap-- -----io---- -system-- -------cpu-------
 r  b   swpd   free   buff  cache   si   so    bi    bo   in   cs us sy id wa st gu
15  4   3584 2387740 2522368 162378268    0    0 1134288 830256 236346 905267 32  9 37 21  0  0
33 24   3584 2632700 2522368 162140068    0    0 1085088 823772 226982 866937 30  9 39 22  0  0
 8  4   3584 2625844 2522368 162145216    0    0 1095520 817864 231116 885646 31  9 39 21  0  0
53 12   3584 2621640 2522368 162151088    0    0 1166992 868508 245944 934265 33 10 38 19  0  0
42 24   3584 2617028 2522368 162156720    0    0 1159664 875392 246120 928281 33 10 38 19  0  0
15  7   3584 2609936 2522368 162162104    0    0 1136416 870776 242279 912413 32 10 39 18  0  0
 6  2   3584 2601824 2522368 162167640    0    0 1137712 871160 242210 915514 32 10 40 18  0  0
35 31   3584 2595476 2522368 162173216    0    0 1140992 855664 242656 912350 32 10 39 19  0  0
48 19   3584 2587352 2522368 162178560    0    0 1139424 858804 242244 916514 32 10 39 19  0  0
12  6   3584 2583636 2522368 162184072    0    0 1141296 853300 242391 917975 32 10 40 18  0  0
42 18   3584 2577288 2522368 162189604    0    0 1143408 870488 244633 928598 32 10 38 19  0  0
13  4   3584 2571304 2522368 162195184    0    0 1139088 861572 242179 915713 32 10 40 18  0  0
36 28   3584 2566632 2522368 162200484    0    0 1115664 836124 236097 889915 32  9 40 19  0  0
 8 24   3584 2560520 2522368 162205556    0    0 1055392 797936 224241 857728 30  9 40 21  0  0
39 29   3584 2554420 2522368 162211096    0    0 1089632 815100 229551 870771 31  9 40 20  0  0
11 11   3584 2548116 2522368 162216736    0    0 1145792 862760 244742 926587 33 10 39 19  0  0
47 20   3584 2540364 2522368 162222300    0    0 1135584 870152 242912 914417 32 10 39 19  0  0
51 18   3584 2536340 2522368 162227888    0    0 1144800 858076 242432 917172 32 10 39 19  0  0
40 28   3584 2527416 2522368 162233540    0    0 1151760 867144 245423 926607 33 10 38 19  0  0
53 15   3584 2521656 2522368 162239324    0    0 1149792 849132 242918 925943 33 10 39 19  0  0
46 21   3584 2514984 2522368 162245040    0    0 1131072 864996 241211 915731 32 10 39 18  0  0
procs -----------memory---------- ---swap-- -----io---- -system-- -------cpu-------
 r  b   swpd   free   buff  cache   si   so    bi    bo   in   cs us sy id wa st gu
47 20   3584 2508768 2522368 162250740    0    0 1163280 864848 245626 936244 33 10 38 19  0  0
10 12   3584 2505204 2522368 162256416    0    0 1140768 873172 243019 921761 32 10 39 19  0  0
45 21   3584 2493876 2522368 162262180    0    0 1150624 859212 243726 924567 33 10 39 19  0  0
50 13   3584 2488652 2522368 162267612    0    0 1109088 811852 232439 888021 31  9 40 20  0  0
 8 15   3584 2485816 2522368 162272892    0    0 1072544 801944 225840 862213 30  9 40 21  0  0
56 18   3584 2478812 2522368 162278120    0    0 1080976 823496 229711 864869 30  9 41 20  0  0
39 28   3584 2472140 2522368 162283868    0    0 1143808 866648 245285 923339 33 10 39 19  0  0
21 15   3584 2470268 2522368 162289384    0    0 1149056 864072 244668 927967 33 10 39 19  0  0
47 21   3584 2465160 2522368 162294992    0    0 1143872 849340 240959 912366 32 10 39 18  0  0
46 21   3584 2459300 2522368 162300912    0    0 1149552 870624 245726 929348 33 10 39 19  0  0
17 11   3584 2450604 2522368 162306532    0    0 1139504 873280 244225 927109 32 10 39 19  0  0
45 23   3584 2446224 2522368 162312280    0    0 1168992 878248 248348 941299 33 10 37 20  0  0
 9 13   3584 2440664 2522368 162318032    0    0 1152496 874008 246390 926387 33 10 38 19  0  0
18 15   3584 2434052 2522368 162323424    0    0 1144848 863900 243714 920961 32 10 39 19  0  0
21  8   3584 2425832 2522368 162329252    0    0 1133920 860992 242961 915784 33 10 39 19  0  0
44 20   3584 2421896 2522368 162334720    0    0 1117136 846488 237463 900493 31  9 39 20  0  0
41 28   3584 2418420 2522368 162339972    0    0 1080336 799308 225647 861962 30  9 39 21  0  0
34 30   3584 2412236 2522368 162345604    0    0 1086176 824864 231374 876482 31  9 40 19  0  0
42 27   3584 2406008 2522368 162351232    0    0 1141456 853368 242668 919739 33 10 39 19  0  0
40 26   3584 2400992 2522368 162356672    0    0 1155984 856144 244330 929358 33 10 38 19  0  0
44 23   3584 2393992 2522368 162362500    0    0 1123584 862280 240142 912488 32 10 40 19  0  0
procs -----------memory---------- ---swap-- -----io---- -system-- -------cpu-------
 r  b   swpd   free   buff  cache   si   so    bi    bo   in   cs us sy id wa st gu
49 16   3584 2387804 2522368 162367996    0    0 1151984 853760 245073 931142 33 10 39 19  0  0
43 25   3584 2637440 2522368 162128236    0    0 1154704 869136 244887 925397 33 10 38 19  0  0
48 19   3584 2622756 2522368 162133780    0    0 1134080 868720 244537 920100 32 10 39 19  0  0
16  7   3584 2621368 2522368 162139336    0    0 1134048 852216 241612 915470 33 10 40 18  0  0
53 19   3584 2614532 2522368 162144976    0    0 1153616 863228 244709 931460 33 10 39 19  0  0
19  2   3584 2607960 2522368 162150524    0    0 1118800 850148 238809 907462 32 10 40 18  0  0
48 19   3584 2603508 2522368 162155720    0    0 1101200 834148 232681 884901 31  9 39 20  0  0
14 13   3584 2598716 2522368 162161356    0    0 1090816 799948 227185 870103 30  9 38 22  0  0
45 23   3584 2593748 2522368 162166464    0    0 1120000 851544 239722 906848 32  9 38 20  0  0
42 22   3584 2587632 2522368 162172340    0    0 1148448 868148 244995 930641 33 10 38 19  0  0
12  7   3584 2583016 2522368 162178244    0    0 1154928 865592 246018 932770 33 10 38 19  0  0
43 21   3584 2574924 2522372 162183620    0    0 1153136 867048 245301 929837 33 10 38 19  0  0
 7  3   3584 2570500 2522372 162189468    0    0 1137376 840120 240482 914594 33 10 40 18  0  0
42 23   3584 2564344 2522372 162195036    0    0 1139920 868348 243058 922700 32 10 39 18  0  0
37 30   3584 2553724 2522372 162200632    0    0 1147008 863384 242499 915747 32 10 39 19  0  0
42 25   3584 2550756 2522372 162206112    0    0 1153952 862456 244412 929285 33 10 39 19  0  0
51 13   3584 2546612 2522372 162211976    0    0 1154208 865708 245777 927611 33 10 38 19  0  0
51 16   3584 2543236 2522372 162217540    0    0 1129264 858884 240162 910179 32 10 40 18  0  0
11 11   3584 2532808 2522372 162223400    0    0 1122304 835332 237203 902052 31 10 39 20  0  0
53 13   3584 2529712 2522372 162228404    0    0 1090896 798088 226766 867043 31  9 39 21  0  0
46 18   3584 2525032 2522372 162234260    0    0 1108704 841116 236293 899037 31  9 39 21  0  0
procs -----------memory---------- ---swap-- -----io---- -system-- -------cpu-------
 r  b   swpd   free   buff  cache   si   so    bi    bo   in   cs us sy id wa st gu
33 35   3584 2519368 2522372 162239896    0    0 1143888 870900 243566 926741 32 10 38 20  0  0
53 15   3584 2512760 2522372 162245544    0    0 1155952 858808 245263 930647 33 10 38 19  0  0
36 30   3584 2506956 2522372 162251284    0    0 1123872 864528 238831 902929 32  9 40 18  0  0
 9 22   3584 2498640 2522372 162256672    0    0 1119248 826912 235109 895425 32  9 39 20  0  0
38 23   3584 2492596 2522372 162262124    0    0 1081904 804724 225436 862064 30  9 40 21  0  0
44 19   3584 2489664 2522372 162267536    0    0 1099632 826580 234018 889144 31  9 40 19  0  0
41 19   3584 2483140 2522372 162273204    0    0 1150288 865980 245142 925655 33 10 38 19  0  0
13  7   3584 2479800 2522372 162278876    0    0 1144352 867200 244545 923082 33 10 39 18  0  0
36 27   3584 2474644 2522372 162284488    0    0 1136560 874540 243204 914322 32 10 40 18  0  0
 4  3   3584 2466308 2522372 162289588    0    0 1119040 835508 235871 899030 31  9 40 19  0  0
12  9   3584 2461680 2522372 162295356    0    0 1075232 806200 225820 861061 30  9 40 21  0  0
40 25   3584 2459092 2522372 162300412    0    0 1075728 791324 224535 855199 31  9 41 19  0  0
45 21   3584 2454000 2522372 162306096    0    0 1128592 867732 240771 913267 32 10 40 19  0  0
17  8   3584 2448368 2522372 162311948    0    0 1154512 878592 245063 926982 33 10 38 19  0  0
16 16   3584 2443068 2522372 162317412    0    0 1132384 861320 241327 914118 32 10 40 18  0  0
19  2   3584 2438052 2522372 162323100    0    0 1118752 836304 236148 894215 32  9 40 19  0  0
17  8   3584 2433748 2522372 162328432    0    0 1081152 804328 225029 859913 30  9 40 21  0  0
45 20   3584 2427888 2522372 162333640    0    0 1094608 820096 232303 881075 31  9 40 20  0  0
40 23   3584 2421832 2522372 162339532    0    0 1156048 863384 243264 924531 33 10 39 19  0  0
 5  3   3584 2415780 2522372 162345208    0    0 1155136 879980 247729 939015 33 10 38 19  0  0
 6  2   3584 2410664 2522372 162350708    0    0 1145600 871928 242076 919954 32 10 39 19  0  0
procs -----------memory---------- ---swap-- -----io---- -system-- -------cpu-------
 r  b   swpd   free   buff  cache   si   so    bi    bo   in   cs us sy id wa st gu
14 12   3584 2403308 2522372 162356548    0    0 1138240 853572 244209 925185 33 10 38 19  0  0
34 26   3584 2396988 2522372 162361460    0    0 1085312 806124 226194 862826 30  9 40 21  0  0
38 26   3584 2393500 2522372 162367244    0    0 1086576 804640 228463 873288 30  9 39 21  0  0
11 13   3584 2638408 2522372 162128568    0    0 1132464 848780 240286 912612 32 10 39 19  0  0
50 13   3584 2628440 2522372 162133976    0    0 1142128 850088 243819 915894 32 10 39 18  0  0
48 14   3584 2627704 2522372 162139580    0    0 1164496 873776 245807 938402 33 10 38 20  0  0
38 28   3584 2624576 2522372 162144260    0    0 1097456 836076 231556 881959 31  9 39 20  0  0
35 32   3584 2616148 2522372 162150056    0    0 1085776 791704 225442 862025 31  9 39 21  0  0
41 25   3584 2612452 2522372 162155568    0    0 1124768 854160 239230 904112 32 10 40 18  0  0
40 25   3584 2609064 2522372 162160964    0    0 1146608 851452 241845 922346 33 10 39 18  0  0
40 25   3584 2602792 2522372 162166840    0    0 1149776 874296 245989 932947 32 10 39 19  0  0
44 23   3584 2592584 2522372 162172368    0    0 1155232 863160 243223 921752 32 10 39 19  0  0
17  8   3584 2588732 2522372 162177700    0    0 1138848 868180 243287 924701 33 10 39 19  0  0
42 19   3584 2581880 2522372 162183432    0    0 1093152 809396 230621 881052 31  9 40 20  0  0
29 30   3584 2576456 2522372 162188644    0    0 1063968 802752 223780 856438 30  9 40 21  0  0
 9 23   3584 2568916 2522372 162194188    0    0 1101088 831992 234949 888016 31  9 40 19  0  0
12  9   3584 2564636 2522372 162199896    0    0 1138592 841376 240658 911732 33 10 39 18  0  0
49 18   3584 2558956 2522372 162205196    0    0 1127328 859520 239988 910885 32  9 40 18  0  0
44 14   3584 2551948 2522372 162211080    0    0 1115328 854904 236233 896867 31  9 39 20  0  0
43 25   3584 2545788 2522372 162216332    0    0 1070000 804108 223769 858479 30  9 41 20  0  0
42 25   3584 2538040 2522372 162221632    0    0 1111392 830016 233586 887482 32  9 39 20  0  0
procs -----------memory---------- ---swap-- -----io---- -system-- -------cpu-------
 r  b   swpd   free   buff  cache   si   so    bi    bo   in   cs us sy id wa st gu
10 12   3584 2534052 2522372 162227512    0    0 1141568 862976 242656 922098 33 10 39 19  0  0
51 17   3584 2530596 2522372 162232500    0    0 1132720 844368 241076 913152 32 10 40 18  0  0
50 14   3584 2523744 2522372 162238452    0    0 1155664 859772 244650 924404 33 10 38 19  0  0
45 22   3584 2518088 2522372 162244004    0    0 1070496 799140 224019 852440 30  9 40 21  0  0
38 26   3584 2513580 2522372 162249280    0    0 1071984 792908 223556 855459 30  9 40 21  0  0
40 16   3584 2506920 2522372 162254716    0    0 1071584 795764 224930 856921 30  9 40 21  0  0
26 13   3584 2501896 2522372 162259876    0    0 1055632 791904 221075 842867 30  9 41 20  0  0
35 27   3584 2497556 2522372 162264964    0    0 1070800 808616 226209 866509 30  9 39 22  0  0
47 20   3584 2490204 2522372 162270708    0    0 1085408 794000 225309 867007 30  9 39 22  0  0
13  7   3584 2458676 2522376 162275844    0    0 1066948 801628 228430 854473 30  9 40 20  0  0
44 23   3584 2460908 2522376 162281196    0    0 1050144 777528 220856 842105 30  9 40 22  0  0
41 27   3584 2458896 2522376 162286588    0    0 1075040 791380 224272 857708 30  9 40 22  0  0
34 31   3584 2458408 2522376 162291812    0    0 1102352 841012 234680 892573 31  9 40 20  0  0
11  2   3584 2453912 2522376 162297160    0    0 1110288 831224 233564 887850 31  9 39 21  0  0
35 31   3584 2450884 2522376 162302864    0    0 1067312 788416 223039 845687 30  9 40 21  0  0
22  9   3584 2447840 2522376 162308132    0    0 1078592 794364 224102 858044 30  9 40 21  0  0
38 25   3584 2441008 2522376 162313496    0    0 1064000 784908 222161 847022 30  9 40 21  0  0
40 26   3584 2438332 2522376 162318152    0    0 1089456 798692 226831 866998 31  9 39 21  0  0
10 10   3584 2431104 2522376 162324176    0    0 1096400 819288 229134 874201 30  9 38 22  0  0
10  1   3584 2425512 2522376 162329804    0    0 1109744 838960 235990 892838 31  9 40 20  0  0
27 15   3584 2413856 2522376 162334976    0    0 1087600 819404 232887 878223 31  9 40 20  0  0
procs -----------memory---------- ---swap-- -----io---- -system-- -------cpu-------
 r  b   swpd   free   buff  cache   si   so    bi    bo   in   cs us sy id wa st gu
43 19   3584 2411692 2522376 162340524    0    0 1114560 830616 238557 906345 32  9 39 20  0  0
33 31   3584 2404860 2522376 162346100    0    0 1087408 812000 228076 871191 30  9 39 21  0  0
29  9   3584 2400372 2522376 162351232    0    0 1070208 795452 224044 859457 30  9 39 22  0  0
47 22   3584 2395948 2522376 162356880    0    0 1100944 799984 228463 879442 31  9 39 21  0  0
15 13   3584 2392096 2522376 162361916    0    0 1074272 788504 223343 854664 30  9 40 21  0  0
51 18   3584 2641480 2522376 162122936    0    0 1083616 799964 227445 871641 31  9 38 22  0  0
45 26   3584 2632332 2522376 162128376    0    0 1067520 805284 227589 862413 30  9 40 20  0  0
 6 20   3584 2630472 2522376 162133324    0    0 1095280 793532 228040 871570 30  9 38 22  0  0
42 30   3584 2625984 2522376 162138692    0    0 1069456 795836 225529 862511 30  9 39 22  0  0
29 34   3584 2623860 2522376 162143988    0    0 1082976 808896 226738 865730 30  9 40 21  0  0
45 22   3584 2617272 2522376 162148576    0    0 1082128 802532 227993 874112 31  9 40 20  0  0
33 35   3584 2609096 2522376 162154456    0    0 1083408 823060 229462 870917 30  9 40 20  0  0
36 30   3584 2609032 2522376 162159296    0    0 1092144 822948 228876 871025 31  9 41 19  0  0
 6  4   3584 2601656 2522376 162165052    0    0 1095392 806376 230123 874850 31  9 40 20  0  0
51 17   3584 2593688 2522376 162170264    0    0 1057136 773808 219713 844079 30  9 40 22  0  0
 5  5   3584 2588840 2522376 162175428    0    0 1085888 808284 227283 864628 30  9 39 22  0  0
11 12   3584 2584004 2522376 162180688    0    0 1102720 844280 234835 889741 31  9 40 20  0  0
 9 13   3584 2577176 2522376 162186612    0    0 1131680 844552 239519 904909 32 10 40 19  0  0
37 28   3584 2571308 2522376 162191964    0    0 1119680 851300 237091 892173 32  9 41 17  0  0
17 11   3584 2568088 2522376 162197816    0    0 1149376 870736 246717 936437 33 10 38 19  0  0
33 36   3584 2563564 2522376 162203356    0    0 1124272 857128 239764 905176 32 10 39 19  0  0
procs -----------memory---------- ---swap-- -----io---- -system-- -------cpu-------
 r  b   swpd   free   buff  cache   si   so    bi    bo   in   cs us sy id wa st gu
14  5   3584 2557696 2522376 162208872    0    0 1146608 849644 243413 924040 33 10 39 19  0  0
44 22   3584 2552360 2522376 162214712    0    0 1136064 854752 240080 905764 32 10 40 19  0  0
49 20   3584 2544388 2522376 162219984    0    0 1124336 852580 240461 913405 32 10 40 18  0  0
41 28   3584 2537456 2522376 162225760    0    0 1135616 851504 241280 908081 32 10 39 19  0  0
37 19   3584 2535612 2522380 162231380    0    0 1110384 856592 237510 898942 32 10 40 19  0  0
23 13   3584 2529584 2522380 162236136    0    0 1077136 810076 227358 864292 30  9 39 22  0  0
41 28   3584 2520104 2522380 162242036    0    0 1081008 807360 227597 869002 31  9 40 20  0  0
44 22   3584 2518120 2522380 162247700    0    0 1153408 860328 245334 928577 32 10 39 19  0  0
44 16   3584 2513556 2522380 162252944    0    0 1155648 866676 244512 927479 33 10 38 19  0  0
18 15   3584 2502564 2522380 162259104    0    0 1145424 874180 245174 925180 32 10 38 19  0  0
52 19   3584 2497268 2522380 162264696    0    0 1141104 845032 242609 921999 33 10 39 19  0  0
20  2   3584 2489512 2522380 162270272    0    0 1131040 857040 241693 907665 32 10 39 19  0  0
44 21   3584 2484188 2522380 162275896    0    0 1139200 857032 241416 910408 32 10 40 19  0  0
44 17   3584 2477976 2522380 162281132    0    0 1137008 856920 242214 923031 32 10 39 19  0  0
39 26   3584 2470676 2522380 162287128    0    0 1130736 855552 241994 917179 33 10 39 18  0  0
15 15   3584 2467488 2522380 162292756    0    0 1145984 845128 242516 917164 32 10 38 20  0  0
44 24   3584 2463088 2522380 162298252    0    0 1136592 861324 242341 918494 32 10 39 19  0  0
 3  0   3584 2455760 2522380 162303676    0    0 1065520 797924 223732 856946 30  9 40 21  0  0
44 22   3584 2451420 2522380 162309092    0    0 1088080 805784 229714 877056 31  9 39 20  0  0
43 20   3584 2444076 2522380 162314592    0    0 1162288 866140 247337 935718 33 10 38 19  0  0
20 11   3584 2437812 2522380 162320524    0    0 1139232 872252 243586 922081 33 10 39 19  0  0
procs -----------memory---------- ---swap-- -----io---- -system-- -------cpu-------
 r  b   swpd   free   buff  cache   si   so    bi    bo   in   cs us sy id wa st gu
37 31   3584 2431428 2522380 162326232    0    0 1151792 862936 244317 922062 33 10 38 19  0  0
45 24   3584 2424740 2522380 162331812    0    0 1134144 861712 242227 917689 32 10 40 18  0  0
21 14   3584 2421104 2522380 162337328    0    0 1120880 849020 239851 906523 32 10 40 19  0  0
35 23   3584 2414788 2522380 162342904    0    0 1153872 846584 243139 925519 33 10 39 19  0  0
47 14   3584 2408252 2522380 162348664    0    0 1139488 863496 242256 915136 32 10 39 19  0  0
42 27   3584 2403540 2522380 162354380    0    0 1162720 879204 246527 933410 32 10 37 20  0  0
41 21   3584 2397104 2522380 162359748    0    0 1149232 858000 244556 925345 33 10 38 19  0  0
54 16   3584 2388512 2522380 162365668    0    0 1128464 846424 239612 907528 32 10 40 18  0  0
14  6   3584 2635340 2522380 162125112    0    0 1057568 804564 222322 848449 30  9 41 21  0  0
12  2   3584 2633216 2522380 162130468    0    0 1095232 816192 233839 882441 31  9 39 21  0  0
40 28   3584 2628596 2522380 162136072    0    0 1149488 872712 245264 927481 33 10 38 19  0  0
19 10   3584 2621996 2522380 162141692    0    0 1138992 871436 243444 918419 33 10 39 19  0  0
51 13   3584 2616216 2522380 162147436    0    0 1157632 859692 244715 930004 33 10 38 19  0  0
16 12   3584 2611996 2522380 162153020    0    0 1122864 848056 240268 909066 33 10 40 18  0  0
42 20   3584 2605092 2522380 162158320    0    0 1119872 850388 240055 908989 32 10 40 19  0  0
49 18   3584 2599588 2522380 162164172    0    0 1137632 848244 240701 911824 32 10 40 18  0  0
50 19   3584 2594300 2522380 162169840    0    0 1137568 870248 241739 913210 32 10 39 19  0  0
12  2   3584 2585384 2522380 162175556    0    0 1148848 857728 242957 919408 32 10 39 19  0  0
52 17   3584 2584940 2522380 162181268    0    0 1154304 852736 244208 926183 32 10 38 20  0  0
33 32   3584 2579452 2522380 162186688    0    0 1098544 836432 233273 884940 31  9 40 20  0  0
10  5   3584 2573696 2522380 162192008    0    0 1062336 799744 222283 846614 30  9 41 21  0  0
procs -----------memory---------- ---swap-- -----io---- -system-- -------cpu-------
 r  b   swpd   free   buff  cache   si   so    bi    bo   in   cs us sy id wa st gu
47 19   3584 2567528 2522380 162197644    0    0 1151168 858140 241264 916495 32 10 38 20  0  0
12  3   3584 2562380 2522380 162202988    0    0 1137744 857444 241758 913753 33 10 40 18  0  0
45 22   3584 2555232 2522380 162208952    0    0 1151664 877184 243825 920029 32 10 39 20  0  0
42 26   3584 2551416 2522380 162214620    0    0 1149936 855888 242931 922364 33 10 39 19  0  0
46 22   3584 2544392 2522380 162220244    0    0 1151360 873520 246075 930516 33 10 38 19  0  0
54 14   3584 2535148 2522380 162225932    0    0 1132992 865380 242447 913344 32 10 39 19  0  0
13  6   3584 2528528 2522380 162231660    0    0 1152832 866948 243087 919846 32 10 39 19  0  0
 6  5   3584 2524692 2522380 162237280    0    0 1143888 873796 243196 919857 32 10 39 19  0  0
48 20   3584 2518876 2522380 162242940    0    0 1140080 842796 240622 912883 32 10 40 18  0  0
25 10   3584 2511516 2522380 162248528    0    0 1130112 869376 242006 916261 32 10 39 19  0  0
48 21   3584 2506524 2522380 162254028    0    0 1114416 827948 235712 899270 32 10 39 20  0  0
46 23   3584 2500784 2522380 162259364    0    0 1072144 799984 223190 856635 30  9 40 21  0  0
47 18   3584 2494080 2522380 162264876    0    0 1129136 839192 237818 904949 32  9 39 20  0  0
34 39   3584 2487320 2522380 162270504    0    0 1131888 868304 244141 920958 33 10 40 18  0  0
41 24   3584 2482044 2522380 162276184    0    0 1140240 858452 242198 922760 33 10 39 18  0  0
41 25   3584 2475788 2522380 162281812    0    0 1140144 863632 242958 921934 32 10 39 18  0  0
49 14   3584 2468420 2522380 162287456    0    0 1141792 856172 241287 917470 32 10 39 19  0  0
45 20   3584 2463452 2522380 162293056    0    0 1128144 864324 242007 915807 32 10 39 19  0  0
37 26   3584 2457676 2522380 162298692    0    0 1146112 858576 243108 921481 33 10 39 18  0  0
40 27   3584 2452764 2522380 162304312    0    0 1141536 860808 241442 911920 32 10 40 18  0  0
27 13   3584 2447436 2522380 162309896    0    0 1128272 862564 241050 903388 32 10 40 18  0  0
procs -----------memory---------- ---swap-- -----io---- -system-- -------cpu-------
 r  b   swpd   free   buff  cache   si   so    bi    bo   in   cs us sy id wa st gu
24  5   3584 2443392 2522380 162315492    0    0 1140864 859228 242517 918940 32 10 39 19  0  0
38 25   3584 2437648 2522380 162320804    0    0 1084096 802660 226688 863539 30  9 40 21  0  0
29 35   3584 2432324 2522380 162326028    0    0 1063952 802528 223269 849914 30  9 41 21  0  0
20  5   3584 2427688 2522380 162331728    0    0 1144032 853536 243071 919804 32 10 39 18  0  0
 4  3   3584 2421096 2522380 162337460    0    0 1169360 867200 247638 938993 33 10 38 20  0  0
47 21   3584 2414432 2522380 162342984    0    0 1118768 853200 239077 903918 32 10 40 18  0  0
48 21   3584 2406612 2522380 162348656    0    0 1145552 869240 242960 919185 32 10 39 19  0  0
46 24   3584 2401976 2522380 162354332    0    0 1151296 866252 246431 936139 33 10 38 19  0  0
32 35   3584 2395488 2522380 162359828    0    0 1122096 849316 239798 905951 32 10 40 19  0  0
49 11   3584 2392700 2522380 162365484    0    0 1145424 855316 244845 931790 33 10 39 19  0  0
45 24   3584 2443492 2522380 162310588    0    0 1131760 862668 242969 919518 33 10 39 18  0  0
42 26   3584 2623856 2522380 162130736    0    0 1132528 856212 242222 909932 32 10 40 18  0  0
37 31   3584 2622516 2522380 162136196    0    0 1103456 840908 236367 889449 32 10 40 19  0  0
18 12   3584 2619264 2522380 162141368    0    0 1067568 799512 225017 865109 30  9 40 21  0  0
 6 11   3584 2613956 2522380 162146864    0    0 1104160 840808 232403 886251 31  9 39 21  0  0
41 25   3584 2606424 2522380 162152576    0    0 1169632 886868 245958 943042 33 10 37 20  0  0
46 21   3584 2602416 2522380 162158284    0    0 1147360 882284 245063 935783 33 10 38 19  0  0
44 25   3584 2596820 2522380 162164032    0    0 1164320 881784 247351 937941 33 10 38 20  0  0
42 21   3584 2591296 2522380 162169728    0    0 1149408 883972 244400 927164 32 10 38 20  0  0
34 31   3584 2583596 2522380 162175288    0    0 1138256 877628 244483 920512 32 10 39 19  0  0
38 30   3584 2580940 2522380 162180976    0    0 1136048 869064 241275 921614 32 10 39 19  0  0
procs -----------memory---------- ---swap-- -----io---- -system-- -------cpu-------
 r  b   swpd   free   buff  cache   si   so    bi    bo   in   cs us sy id wa st gu
22  7   3584 2576808 2522380 162186752    0    0 1174016 890500 251140 954932 34 10 36 20  0  0
15  8   3584 2568352 2522380 162192336    0    0 1134576 875000 242557 925598 33 10 39 19  0  0
53 22   3584 2563108 2522380 162198028    0    0 1148400 860644 243869 939053 33 10 38 19  0  0
19  6   3584 2554116 2522380 162203584    0    0 1122544 853588 235936 907266 32  9 38 20  0  0
11 10   3584 2551156 2522380 162208932    0    0 1071472 808796 224115 859478 30  9 40 21  0  0
14 14   3584 2546616 2522380 162214336    0    0 1097104 834160 230829 880711 31  9 40 20  0  0
17 17   3584 2540320 2522380 162220096    0    0 1152832 878588 243593 932116 33 10 38 19  0  0
53 19   3584 2536624 2522380 162225796    0    0 1153376 880856 244990 933869 33 10 38 19  0  0
44 24   3584 2529624 2522380 162231580    0    0 1164848 893892 246968 942024 33 10 37 20  0  0
43 23   3584 2521884 2522380 162237304    0    0 1152592 885232 244195 929602 33 10 38 20  0  0
12 27   3584 2518288 2522380 162243060    0    0 1166064 887900 245904 942493 33 10 37 20  0  0
11 12   3584 2510164 2522380 162248876    0    0 1165424 883276 246980 940674 33 10 37 20  0  0
 9  7   3584 2506024 2522380 162254504    0    0 1142352 874876 242211 930313 33 10 39 19  0  0
46 23   3584 2503256 2522380 162260260    0    0 1166592 894376 246894 940911 33 10 38 20  0  0
44 25   3584 2495164 2522380 162265988    0    0 1147824 883124 243549 933749 33 10 38 20  0  0
46 22   3584 2489540 2522380 162271564    0    0 1128320 827360 234638 899327 32 10 38 20  0  0
15  5   3584 2482824 2522380 162276896    0    0 1081888 815476 226618 871535 31  9 39 21  0  0
16 15   3584 2475896 2522384 162282476    0    0 1122784 860280 237938 912262 32  9 38 20  0  0
40 27   3584 2469944 2522384 162288204    0    0 1152192 867424 243062 926362 33 10 39 18  0  0
51 16   3584 2460208 2522384 162293836    0    0 1141728 886180 241884 921346 32 10 39 18  0  0
45 20   3584 2457096 2522384 162299636    0    0 1155792 875504 243276 931476 33 10 39 19  0  0
procs -----------memory---------- ---swap-- -----io---- -system-- -------cpu-------
 r  b   swpd   free   buff  cache   si   so    bi    bo   in   cs us sy id wa st gu
45 22   3584 2452644 2522384 162305276    0    0 1146128 875580 243740 926787 33 10 38 19  0  0
19  8   3584 2447132 2522384 162310956    0    0 1148352 883932 243003 925446 32 10 38 20  0  0
50 22   3584 2439328 2522384 162316680    0    0 1141712 868388 243419 929757 33 10 39 19  0  0
35 32   3584 2432928 2522384 162322284    0    0 1149456 876788 244483 931562 33 10 38 19  0  0
16 20   3584 2429056 2522384 162328020    0    0 1148848 888516 244799 939099 33 10 38 19  0  0
34 34   3584 2420648 2522384 162333684    0    0 1160560 891868 246119 935415 33 10 38 19  0  0
30 34   3584 2416480 2522384 162339020    0    0 1081120 816172 224689 861308 30  9 40 21  0  0
36 28   3584 2409980 2522384 162344348    0    0 1071808 790776 224449 862290 30  9 40 21  0  0
41 24   3584 2403724 2522384 162349916    0    0 1134688 866512 241431 920902 32 10 39 18  0  0
48 17   3584 2393328 2522384 162355772    0    0 1165968 886912 248411 946754 33 10 37 20  0  0
14 12   3584 2388456 2522384 162361528    0    0 1157248 869216 246202 940885 33 10 38 19  0  0
13  0   3584 2631660 2522384 162121384    0    0 1145120 859740 244655 932238 33 10 39 18  0  0
48 19   3584 2626816 2522384 162127004    0    0 1144944 875052 242211 923569 32 10 39 19  0  0
11 12   3584 2622968 2522384 162132556    0    0 1140096 878920 243251 929863 32 10 38 19  0  0
49 20   3584 2616560 2522384 162138176    0    0 1149648 867808 245880 940047 33 10 38 19  0  0
45 14   3584 2608288 2522384 162143812    0    0 1150272 875768 244225 932155 33 10 39 19  0  0
17  8   3584 2604132 2522384 162149504    0    0 1151264 885336 246154 942905 33 10 38 19  0  0
23 21   3584 2594924 2522384 162155060    0    0 1133120 868336 239284 917411 32 10 39 20  0  0
 9 18   3584 2592464 2522384 162160392    0    0 1077760 800412 224337 867718 30  9 39 22  0  0
36 34   3584 2586168 2522384 162165792    0    0 1102112 841608 231778 891858 31  9 39 20  0  0
 9  6   3584 2579828 2522384 162171480    0    0 1149072 861224 244052 934627 33 10 38 19  0  0
procs -----------memory---------- ---swap-- -----io---- -system-- -------cpu-------
 r  b   swpd   free   buff  cache   si   so    bi    bo   in   cs us sy id wa st gu
14 11   3584 2575244 2522384 162177128    0    0 1135664 869232 241622 919429 32 10 40 18  0  0
22 10   3584 2570868 2522384 162182796    0    0 1155776 882796 245474 938695 33 10 38 20  0  0
24 17   3584 2563208 2522384 162188544    0    0 1159616 877732 244829 935479 33 10 38 19  0  0
48 17   3584 2557464 2522384 162194236    0    0 1163696 870988 246796 941783 33 10 37 20  0  0
16  7   3584 2550948 2522384 162199912    0    0 1142656 867588 241041 923055 32 10 38 21  0  0
38 30   3584 2544336 2522384 162205240    0    0 1076304 827044 225461 860104 30  9 40 21  0  0
17 16   3584 2538240 2522384 162210600    0    0 1089392 827640 228957 877234 31  9 40 20  0  0
41 26   3584 2535876 2522384 162216332    0    0 1157296 878712 243820 933288 33 10 38 19  0  0
38 27   3584 2528148 2522384 162221888    0    0 1121488 854024 236952 909036 32  9 38 21  0  0
10  7   3584 2522684 2522384 162227216    0    0 1082672 808168 225871 864673 30  9 39 22  0  0
42 27   3584 2517796 2522384 162232748    0    0 1121024 864232 236710 906226 31  9 39 20  0  0
42 32   3584 2511996 2522384 162238476    0    0 1164256 881536 246064 939115 33 10 38 19  0  0
43 23   3584 2506824 2522384 162244244    0    0 1159536 883884 244495 936373 33 10 38 19  0  0
31 10   3584 2501140 2522384 162250016    0    0 1165984 881360 245022 936659 33 10 38 19  0  0
50 15   3584 2492576 2522384 162255736    0    0 1164144 887420 245245 940025 33 10 37 20  0  0
39 23   3584 2487160 2522384 162261436    0    0 1144160 885428 242848 924656 33 10 39 19  0  0
39 25   3584 2481760 2522384 162267100    0    0 1151008 880952 242635 929258 32 10 38 20  0  0
47 22   3584 2477492 2522384 162272416    0    0 1083968 804596 226548 872084 30  9 39 22  0  0
51 18   3584 2471420 2522384 162277936    0    0 1115184 834964 234328 894245 31  9 38 22  0  0
22 16   3584 2465940 2522384 162283700    0    0 1181632 884996 247239 948070 33 10 37 20  0  0
38 29   3584 2460328 2522384 162289260    0    0 1119680 859028 234865 899088 31  9 38 21  0  0
procs -----------memory---------- ---swap-- -----io---- -system-- -------cpu-------
 r  b   swpd   free   buff  cache   si   so    bi    bo   in   cs us sy id wa st gu
39 11   3584 2452460 2522384 162294644    0    0 1086192 802440 226338 871999 30  9 39 22  0  0
36 32   3584 2447888 2522384 162300024    0    0 1096512 821600 227949 880766 31  9 39 22  0  0
34 28   3584 2443732 2522384 162305316    0    0 1076832 823196 227058 871689 30  9 39 22  0  0
24 19   3584 2437648 2522384 162310600    0    0 1081968 803752 225380 872622 31  9 39 22  0  0
32 29   3584 2432656 2522384 162315968    0    0 1082096 808060 225575 864699 31  9 39 21  0  0
43 16   3584 2422204 2522384 162321232    0    0 1061984 795340 222058 852841 30  9 40 21  0  0
39 24   3584 2418728 2522384 162326632    0    0 1094816 831740 228528 877525 31  9 39 22  0  0
46 21   3584 2415284 2522384 162332028    0    0 1104016 820888 229871 881189 31  9 40 20  0  0
37 28   3584 2408380 2522384 162337528    0    0 1094688 825796 229397 880599 31  9 39 21  0  0
19  7   3584 2402488 2522384 162342796    0    0 1061632 791972 220086 849305 30  9 40 21  0  0
10  2   3584 2398104 2522384 162348116    0    0 1078832 821444 223374 859942 30  9 40 22  0  0
43 25   3584 2392292 2522384 162353464    0    0 1082960 800792 224838 868255 31  9 40 20  0  0
41 25   3584 2637292 2522384 162113016    0    0 1079488 820420 230849 878309 31  9 39 21  0  0
43 21   3584 2629452 2522384 162118408    0    0 1105344 834324 232552 892715 31  9 39 21  0  0
50 22   3584 2629024 2522384 162123916    0    0 1117584 845260 234156 899815 32  9 39 20  0  0
 4  8   3584 2625496 2522384 162129328    0    0 1109520 837936 235107 900177 32  9 40 19  0  0
44 23   3584 2620384 2522384 162134792    0    0 1110656 832652 232247 891363 32  9 40 20  0  0
40 29   3584 2616780 2522384 162140028    0    0 1074352 820088 224673 858334 30  9 40 21  0  0
 9  2   3584 2615004 2522384 162145364    0    0 1088432 794944 225744 874458 31  9 39 21  0  0
38 29   3584 2607736 2522384 162150652    0    0 1067248 806408 223583 859566 30  9 40 22  0  0
50 21   3584 2603816 2522384 162155956    0    0 1072384 796428 223348 860733 30  9 39 22  0  0
procs -----------memory---------- ---swap-- -----io---- -system-- -------cpu-------
 r  b   swpd   free   buff  cache   si   so    bi    bo   in   cs us sy id wa st gu
42 27   3584 2594684 2522384 162161176    0    0 1066752 778840 216848 842198 29  9 38 24  0  0
24 41   3584 2592500 2522384 162166404    0    0 1051168 793868 218114 847531 29  9 38 24  0  0
 7  6   3584 2584684 2522384 162171744    0    0 1089600 796216 225055 869247 30  9 38 22  0  0
 6  9   3584 2579640 2522384 162177104    0    0 1079232 819964 226861 870297 30  9 39 21  0  0
30 11   3584 2572864 2522384 162182500    0    0 1089728 798576 226011 875316 30  9 38 23  0  0
51 19   3584 2567052 2522384 162187848    0    0 1072560 812620 225227 867541 30  9 39 23  0  0
16 16   3584 2561408 2522384 162193344    0    0 1103968 836732 231534 891327 31  9 39 21  0  0
52 10   3584 2556920 2522384 162198828    0    0 1120416 835864 235024 906797 32  9 38 21  0  0
 9  4   3584 2551420 2522384 162204372    0    0 1119584 845196 232923 897444 32  9 38 21  0  0
47 21   3584 2545796 2522384 162209820    0    0 1107296 836620 232253 892638 31  9 39 21  0  0
41 23   3584 2539440 2522384 162215220    0    0 1093696 827288 231310 889075 31  9 39 21  0  0
32  3   3584 2535468 2522384 162220816    0    0 1124592 865712 236704 903118 32  9 39 20  0  0
43 23   3584 2530452 2522384 162226440    0    0 1147504 856496 241310 923283 33  9 39 19  0  0
48 16   3584 2523616 2522384 162231812    0    0 1074672 817132 225165 869463 30  9 39 21  0  0
46 21   3584 2518496 2522384 162237360    0    0 1116576 828316 233457 896658 32  9 39 20  0  0
11  4   3584 2510596 2522384 162243112    0    0 1147920 882428 243715 930204 33 10 38 19  0  0
38 33   3584 2502872 2522384 162248740    0    0 1143840 881104 243097 927397 33 10 38 19  0  0
38 26   3584 2499924 2522384 162254420    0    0 1139376 871324 242899 921909 33 10 38 19  0  0
12  6   3584 2494684 2522384 162260168    0    0 1151696 872372 245442 939410 33 10 38 19  0  0
15  9   3584 2488436 2522384 162265796    0    0 1144944 886560 244423 930135 33 10 39 19  0  0
44 14   3584 2479176 2522384 162271468    0    0 1154096 877408 244960 935417 33 10 38 19  0  0
