procs -----------memory---------- ---swap-- -----io---- -system-- -------cpu-------
 r  b   swpd   free   buff  cache   si   so    bi    bo   in   cs us sy id wa st gu
 4  0   3584 2796504 2522400 162116184    0    0  2979  2926 1218    0  0  0 100  0  0  0
66  0   3584 2764284 2522400 162116284    0    0     0 286508 82009 45414 79  1 20  0  0  0
56  0   3584 2755400 2522400 162116288    0    0     0 208964 86984 32726 77  1 22  0  0  0
39 23   3584 2673104 2522400 162117328    0    0 224768 544208 152054 252400 44  3 50  3  0  0
 8  4   3584 2631072 2522400 162123396    0    0 1247728 692004 259874 991575 37 11 34 19  0  0
46 23   3584 2617876 2522400 162129456    0    0 1218096 724676 250228 973470 36 10 35 19  0  0
53  7   3584 2611000 2522400 162135332    0    0 1209248 755372 249787 967898 35 10 35 19  0  0
56 11   3584 2605844 2522400 162141136    0    0 1189536 767116 246773 958259 35 10 36 19  0  0
29 10   3584 2599524 2522400 162147012    0    0 1189504 783360 245782 952388 35 10 37 19  0  0
41 22   3584 2594496 2522400 162152876    0    0 1183728 763636 245156 950412 34 10 37 18  0  0
12  6   3584 2588020 2522400 162158564    0    0 1192848 780108 246114 956653 34 10 36 19  0  0
45 21   3584 2583676 2522400 162164576    0    0 1194448 789120 245569 952123 34 10 37 19  0  0
41 26   3584 2576252 2522400 162170484    0    0 1192176 794476 245819 953253 35 10 37 19  0  0
46 11   3584 2570916 2522400 162176068    0    0 1141552 736664 232006 911191 32  9 37 22  0  0
43 21   3584 2565724 2522400 162181568    0    0 1114976 745224 227678 883393 32  9 39 20  0  0
31 35   3584 2555796 2522400 162186768    0    0 1069440 734160 219331 854572 30  9 38 23  0  0
44 16   3584 2550592 2522400 162192156    0    0 1081984 726904 218227 857818 30  9 37 24  0  0
34 31   3584 2544784 2522400 162197520    0    0 1084832 766856 223805 872276 30  9 38 23  0  0
33 23   3584 2541068 2522400 162202844    0    0 1100944 770880 227157 882203 31  9 38 22  0  0
 8  6   3584 2535012 2522400 162208300    0    0 1097168 786624 227871 879856 31  9 39 21  0  0
40 25   3584 2531904 2522400 162213508    0    0 1071328 778956 222288 859808 30  9 40 21  0  0
procs -----------memory---------- ---swap-- -----io---- -system-- -------cpu-------
 r  b   swpd   free   buff  cache   si   so    bi    bo   in   cs us sy id wa st gu
10  5   3584 2524492 2522400 162218916    0    0 1087392 783728 226200 868866 31  9 38 22  0  0
 8  3   3584 2518388 2522400 162224208    0    0 1084800 826448 226560 870275 30  9 38 22  0  0
19  6   3584 2513620 2522400 162229472    0    0 1076240 801460 225374 861642 30  9 39 22  0  0
40 26   3584 2508812 2522400 162234740    0    0 1075056 806148 224312 861064 30  9 39 21  0  0
16 11   3584 2504228 2522400 162240104    0    0 1086784 809460 226693 870187 31  9 38 22  0  0
44 27   3584 2496704 2522400 162245372    0    0 1086304 807396 228059 873890 30  9 39 22  0  0
37 28   3584 2491516 2522400 162250704    0    0 1082672 792188 224446 863733 30  9 38 23  0  0
44 20   3584 2486072 2522400 162255876    0    0 1056080 752108 215189 833951 30  9 38 23  0  0
41 19   3584 2479876 2522400 162261124    0    0 1057312 782540 219729 846267 29  9 39 23  0  0
13 22   3584 2477472 2522400 162266396    0    0 1079760 781580 223883 865485 30  9 39 22  0  0
15  9   3584 2471244 2522400 162271728    0    0 1084304 795112 226400 870723 31  9 39 21  0  0
48 12   3584 2464000 2522400 162277076    0    0 1087536 787400 225607 872161 30  9 39 22  0  0
21  8   3584 2456248 2522400 162282452    0    0 1091520 802588 226586 872236 31  9 38 22  0  0
25  8   3584 2449932 2522400 162287860    0    0 1102160 832824 233450 892128 31  9 39 21  0  0
43 32   3584 2444216 2522400 162293484    0    0 1144848 845060 238717 917785 32 10 37 21  0  0
54 19   3584 2437384 2522400 162299012    0    0 1130272 850596 237844 910136 32  9 37 21  0  0
44 19   3584 2431572 2522400 162304552    0    0 1124944 848024 238219 911302 32  9 38 21  0  0
20 14   3584 2427300 2522400 162310048    0    0 1124080 845444 237461 910120 32  9 38 20  0  0
 8  1   3584 2422696 2522400 162315516    0    0 1120032 844592 236342 906523 31 10 38 20  0  0
45 20   3584 2418468 2522400 162320800    0    0 1067120 785152 220233 847014 30  9 39 22  0  0
 6  8   3584 2412444 2522400 162326072    0    0 1081312 810720 224368 866856 30  9 39 22  0  0
procs -----------memory---------- ---swap-- -----io---- -system-- -------cpu-------
 r  b   swpd   free   buff  cache   si   so    bi    bo   in   cs us sy id wa st gu
15  6   3584 2406688 2522400 162331528    0    0 1118544 830688 234461 899120 32  9 39 20  0  0
14 14   3584 2655628 2522400 162091976    0    0 1145584 871096 243311 932073 32 10 38 20  0  0
47 21   3584 2649424 2522400 162097516    0    0 1161056 861152 243849 925656 33 10 38 20  0  0
44 30   3584 2643220 2522400 162102992    0    0 1136784 864384 241719 924102 32 10 39 19  0  0
25 15   3584 2637980 2522400 162108464    0    0 1138048 876124 242231 920285 33 10 39 19  0  0
16 17   3584 2629712 2522400 162114048    0    0 1162992 879564 245737 943873 33 10 37 20  0  0
11  5   3584 2624676 2522400 162119540    0    0 1137664 867036 241021 920479 32 10 39 19  0  0
42 21   3584 2618640 2522400 162125156    0    0 1158880 869648 243898 931886 33 10 38 19  0  0
45 22   3584 2613340 2522400 162130752    0    0 1147504 884344 241954 920846 33 10 39 19  0  0
36 32   3584 2607396 2522400 162136156    0    0 1116240 859200 236300 901412 32  9 39 20  0  0
42 25   3584 2600708 2522400 162141420    0    0 1082384 813292 223983 853994 30  9 40 21  0  0
43 21   3584 2596092 2522400 162146972    0    0 1144480 864664 239861 919532 32  9 38 20  0  0
51 20   3584 2591780 2522400 162152596    0    0 1154624 881448 245600 928944 33 10 38 19  0  0
10  4   3584 2586084 2522400 162158212    0    0 1142784 876364 243087 923170 33 10 38 20  0  0
49 17   3584 2580072 2522400 162163804    0    0 1141072 875308 239631 916643 32 10 39 19  0  0
52 15   3584 2573264 2522400 162169380    0    0 1142976 873432 241837 924900 32 10 38 20  0  0
11 11   3584 2567432 2522400 162174988    0    0 1142288 892744 243556 923370 33 10 38 19  0  0
50 15   3584 2561400 2522400 162180728    0    0 1166912 878016 248268 949794 34 10 37 20  0  0
23 12   3584 2555596 2522400 162186392    0    0 1159440 878168 246095 939481 33 10 38 20  0  0
50 25   3584 2546772 2522400 162192200    0    0 1166928 889636 247386 941934 33 10 37 20  0  0
 9  4   3584 2541168 2522400 162197896    0    0 1154160 889524 245936 935881 33 10 38 20  0  0
procs -----------memory---------- ---swap-- -----io---- -system-- -------cpu-------
 r  b   swpd   free   buff  cache   si   so    bi    bo   in   cs us sy id wa st gu
39 26   3584 2536612 2522400 162203220    0    0 1097824 837712 230938 881570 31  9 41 19  0  0
40 28   3584 2527868 2522400 162208684    0    0 1100560 817752 228407 881786 31  9 38 22  0  0
 7 10   3584 2523960 2522400 162214276    0    0 1136304 863956 240322 917512 32 10 39 20  0  0
 5  6   3584 2518588 2522400 162219928    0    0 1156240 879684 244208 933285 33 10 38 20  0  0
 9  2   3584 2515268 2522400 162225400    0    0 1124384 868760 238886 903126 32  9 40 19  0  0
45 22   3584 2505524 2522400 162231044    0    0 1152864 873812 243226 926847 33 10 38 20  0  0
34 31   3584 2501012 2522400 162236704    0    0 1140144 884092 244398 928872 33 10 39 19  0  0
46 14   3584 2495548 2522400 162242392    0    0 1164320 875444 245388 941545 33 10 37 20  0  0
10 13   3584 2490636 2522400 162248156    0    0 1162640 887552 246699 942206 33 10 38 19  0  0
12  4   3584 2485132 2522400 162253912    0    0 1173008 891812 247890 948417 33 10 37 20  0  0
36 28   3584 2478388 2522400 162259600    0    0 1153616 892016 243535 929305 32 10 39 19  0  0
54 17   3584 2471528 2522400 162265284    0    0 1152368 868044 242926 928219 33 10 38 19  0  0
28 31   3584 2467416 2522400 162270628    0    0 1087248 826316 228167 873834 30  9 39 22  0  0
43 21   3584 2460544 2522400 162276100    0    0 1117280 835152 232164 889169 32  9 39 20  0  0
15  8   3584 2455816 2522400 162281856    0    0 1168976 886164 247551 944924 33 10 37 19  0  0
40 27   3584 2451296 2522400 162287480    0    0 1149568 879756 243665 929228 33 10 38 19  0  0
42 27   3584 2447476 2522400 162293028    0    0 1133136 874892 240507 914845 32 10 39 19  0  0
 6  3   3584 2437540 2522400 162298356    0    0 1119488 865804 239839 910595 32 10 39 19  0  0
36 29   3584 2432204 2522400 162304232    0    0 1153216 877620 244247 931027 32 10 39 19  0  0
44 21   3584 2424540 2522400 162309680    0    0 1142928 873104 243439 927449 33 10 39 19  0  0
43 22   3584 2420664 2522400 162315372    0    0 1148976 887416 244708 930076 33 10 38 19  0  0
procs -----------memory---------- ---swap-- -----io---- -system-- -------cpu-------
 r  b   swpd   free   buff  cache   si   so    bi    bo   in   cs us sy id wa st gu
14 14   3584 2414204 2522400 162321152    0    0 1142128 874360 242770 922115 32 10 39 19  0  0
43 27   3584 2408200 2522400 162326756    0    0 1163088 909500 246709 940516 33 10 37 21  0  0
46 22   3584 2647872 2522400 162087184    0    0 1107232 838112 233916 894330 31 10 39 20  0  0
18 10   3584 2641756 2522400 162092068    0    0 1067536 814912 224996 856918 30  9 40 21  0  0
50 14   3584 2636624 2522400 162097732    0    0 1141088 850984 240125 916091 32 10 38 20  0  0
43 24   3584 2636172 2522400 162103244    0    0 1150416 892496 243850 917630 32 10 39 19  0  0
45 23   3584 2632532 2522400 162108700    0    0 1141856 871296 241764 921812 32 10 38 20  0  0
 6 12   3584 2627868 2522400 162114236    0    0 1156896 872004 244535 931566 33 10 37 21  0  0
47 24   3584 2626320 2522400 162119780    0    0 1111008 871052 238393 904403 32  9 40 19  0  0
46 25   3584 2616884 2522400 162125376    0    0 1162832 882032 244664 930978 32 10 38 20  0  0
 5  7   3584 2607760 2522400 162130912    0    0 1127008 867432 239729 909943 32 10 40 18  0  0
48 20   3584 2600888 2522400 162136272    0    0 1150656 885108 245104 936705 33 10 38 19  0  0
35 31   3584 2592672 2522400 162142084    0    0 1150160 872600 243780 922184 32 10 38 20  0  0
42 22   3584 2589320 2522400 162147668    0    0 1137184 862708 240012 914153 32 10 39 19  0  0
15  2   3584 2581280 2522400 162153032    0    0 1099840 841760 233586 890427 31  9 39 20  0  0
11  8   3584 2575740 2522400 162158340    0    0 1075728 807760 225185 860156 30  9 40 21  0  0
39 26   3584 2569900 2522400 162163840    0    0 1134048 874796 239783 909456 32  9 39 20  0  0
42 25   3584 2563296 2522400 162169488    0    0 1152272 863168 243925 927112 33 10 39 19  0  0
27 41   3584 2561088 2522400 162175092    0    0 1134384 884564 241030 916270 32  9 39 19  0  0
42 23   3584 2556108 2522400 162180568    0    0 1144864 868608 241246 923619 32 10 38 20  0  0
50 19   3584 2551028 2522400 162186372    0    0 1149552 875428 242387 922980 32 10 39 19  0  0
procs -----------memory---------- ---swap-- -----io---- -system-- -------cpu-------
 r  b   swpd   free   buff  cache   si   so    bi    bo   in   cs us sy id wa st gu
29 32   3584 2547812 2522400 162191936    0    0 1141584 883080 241899 924368 32 10 39 19  0  0
22 13   3584 2542176 2522400 162197596    0    0 1153168 873664 242944 929730 33 10 39 19  0  0
40 22   3584 2533400 2522400 162203240    0    0 1170976 887688 247332 940528 33 10 37 19  0  0
15 17   3584 2526536 2522400 162208892    0    0 1129328 877548 241068 915665 32 10 40 19  0  0
45 20   3584 2520876 2522400 162214344    0    0 1133216 872716 239118 913013 32 10 39 19  0  0
39 22   3584 2514208 2522400 162219724    0    0 1096288 823424 231979 885684 31  9 39 20  0  0
34 25   3584 2507952 2522400 162224876    0    0 1076784 821528 224682 858927 30  9 40 21  0  0
24 11   3584 2500496 2522400 162230720    0    0 1150832 874436 242845 924310 33 10 39 19  0  0
45 24   3584 2498612 2522400 162236384    0    0 1153456 896412 244062 925360 32 10 38 20  0  0
46 10   3584 2492420 2522400 162241972    0    0 1157856 886332 244150 932390 33 10 37 20  0  0
54 14   3584 2486912 2522400 162247624    0    0 1132576 854128 239657 906359 32 10 39 19  0  0
47 21   3584 2483392 2522400 162253236    0    0 1140176 886984 241967 922480 32  9 39 19  0  0
43 24   3584 2478244 2522400 162258804    0    0 1149408 876928 243458 924824 33 10 39 19  0  0
40 30   3584 2471324 2522400 162264548    0    0 1155088 887296 245471 931888 33 10 38 19  0  0
49 17   3584 2465336 2522400 162270292    0    0 1178912 894296 248308 946769 33 10 37 20  0  0
46 22   3584 2457804 2522400 162276024    0    0 1170784 884644 246624 939465 33 10 37 20  0  0
42 23   3584 2451996 2522400 162281684    0    0 1136704 882264 242201 927026 32 10 38 20  0  0
45 21   3584 2446348 2522400 162287232    0    0 1138384 859332 238086 908690 32  9 38 21  0  0
52 18   3584 2444172 2522400 162292636    0    0 1107856 854412 235564 896708 31  9 40 20  0  0
38 28   3584 2434808 2522400 162298188    0    0 1120848 839568 236033 898455 31 10 39 20  0  0
41 25   3584 2427812 2522400 162303496    0    0 1100672 851868 232890 887280 31  9 40 20  0  0
procs -----------memory---------- ---swap-- -----io---- -system-- -------cpu-------
 r  b   swpd   free   buff  cache   si   so    bi    bo   in   cs us sy id wa st gu
41 21   3584 2423240 2522400 162309116    0    0 1122176 856096 239531 910113 32  9 38 21  0  0
 7  5   3584 2416808 2522400 162314512    0    0 1113152 856616 237520 899030 32  9 40 19  0  0
48 19   3584 2408820 2522400 162320088    0    0 1123184 858164 237599 898387 32  9 41 18  0  0
19 13   3584 2407384 2522400 162325704    0    0 1136320 870172 242676 921401 32 10 39 19  0  0
23  6   3584 2405232 2522400 162331160    0    0 1145008 865156 242834 922954 33 10 39 18  0  0
16 18   3584 2649420 2522396 162093420    0    0 1140368 875644 244307 921527 33 10 39 19  0  0
52 17   3584 2645260 2522396 162099052    0    0 1133664 863940 240989 907644 32 10 40 18  0  0
54 10   3584 2639492 2522396 162104436    0    0 1121200 852580 238074 907719 32 10 39 20  0  0
53 15   3584 2635776 2522396 162109744    0    0 1110736 834092 234483 890476 31  9 40 20  0  0
34 29   3584 2631280 2522396 162115032    0    0 1112320 857776 237549 903141 31 10 39 20  0  0
46 20   3584 2626460 2522396 162120360    0    0 1125088 856464 239216 908217 32 10 38 20  0  0
34 30   3584 2618908 2522396 162125756    0    0 1104992 852376 235255 894966 31  9 39 20  0  0
47 18   3584 2614188 2522396 162131068    0    0 1124480 863636 238855 905012 32  9 39 20  0  0
28 39   3584 2609220 2522396 162136272    0    0 1115968 855740 237565 902315 32  9 40 19  0  0
40 29   3584 2603592 2522396 162141916    0    0 1148144 866636 243901 928008 33 10 39 19  0  0
50 17   3584 2597912 2522396 162147204    0    0 1127824 864060 239709 910364 32  9 40 18  0  0
52 19   3584 2591576 2522396 162152764    0    0 1136128 866088 241616 918993 32 10 40 18  0  0
44 24   3584 2586260 2522396 162158120    0    0 1146384 892560 245280 929437 33 10 39 19  0  0
57 11   3584 2579244 2522396 162163716    0    0 1139392 859524 241679 914796 32 10 39 19  0  0
42 22   3584 2576152 2522396 162168940    0    0 1089296 838996 229669 877206 31  9 40 20  0  0
14 12   3584 2567748 2522396 162174064    0    0 1084928 812696 227467 873005 31  9 39 22  0  0
procs -----------memory---------- ---swap-- -----io---- -system-- -------cpu-------
 r  b   swpd   free   buff  cache   si   so    bi    bo   in   cs us sy id wa st gu
48 20   3584 2561896 2522396 162179744    0    0 1139440 877616 242216 922377 32 10 39 19  0  0
46 19   3584 2555160 2522396 162185208    0    0 1128784 858788 240150 908590 32 10 40 18  0  0
14 10   3584 2548404 2522396 162190748    0    0 1122896 869272 239820 908504 32 10 40 18  0  0
51 21   3584 2542000 2522396 162196328    0    0 1141328 878668 243213 921306 32  9 38 20  0  0
49 19   3584 2536688 2522396 162201888    0    0 1125104 860916 239842 907482 32 10 39 19  0  0
52 14   3584 2531612 2522396 162207536    0    0 1146464 881196 243201 922745 32 10 39 19  0  0
40 25   3584 2524292 2522396 162213088    0    0 1131344 870512 239493 911335 32 10 40 18  0  0
33 11   3584 2519932 2522396 162218516    0    0 1144560 870152 244429 923932 33 10 39 18  0  0
53 15   3584 2514884 2522396 162224256    0    0 1142048 870888 242558 918632 33 10 39 18  0  0
48 26   3584 2509740 2522396 162229828    0    0 1116000 858900 237672 902551 32  9 41 18  0  0
34 26   3584 2504056 2522396 162235124    0    0 1075440 826488 228665 873024 31  9 41 20  0  0
37 33   3584 2498784 2522396 162240368    0    0 1071360 815656 225422 861344 31  9 40 20  0  0
45 24   3584 2493344 2522396 162245628    0    0 1142432 857428 242371 924985 32 10 39 19  0  0
40 14   3584 2481640 2522396 162251524    0    0 1131536 879060 241877 917243 32  9 40 18  0  0
41 26   3584 2478524 2522396 162257080    0    0 1140800 874568 242315 921016 32 10 39 19  0  0
42 27   3584 2472236 2522396 162262620    0    0 1149072 877360 243843 924435 32 10 38 19  0  0
 5  6   3584 2464460 2522396 162268152    0    0 1110544 853196 238218 901011 32  9 40 19  0  0
17  5   3584 2459348 2522396 162273804    0    0 1144512 877512 243615 925578 32 10 39 20  0  0
10 15   3584 2454184 2522396 162279236    0    0 1125888 856764 238017 907082 32 10 40 18  0  0
18 16   3584 2446624 2522396 162284940    0    0 1136416 873688 241560 911952 32 10 40 18  0  0
51 20   3584 2441388 2522396 162290304    0    0 1159424 874144 245345 936938 33 10 38 19  0  0
procs -----------memory---------- ---swap-- -----io---- -system-- -------cpu-------
 r  b   swpd   free   buff  cache   si   so    bi    bo   in   cs us sy id wa st gu
46 21   3584 2436988 2522396 162296036    0    0 1131152 866272 240428 908506 32 10 40 19  0  0
51 19   3584 2430328 2522396 162301684    0    0 1115872 856516 235671 899301 31  9 39 20  0  0
17  4   3584 2426464 2522396 162306676    0    0 1110112 855264 237927 910362 32 10 39 20  0  0
41 26   3584 2420152 2522396 162312732    0    0 1133264 858356 239952 912236 32  9 38 21  0  0
33 34   3584 2413028 2522396 162317992    0    0 1072672 803548 222751 850327 30  9 39 22  0  0
21 45   3584 2409132 2522396 162322952    0    0 1056208 809772 223465 849253 30  9 40 22  0  0
42 26   3584 2405716 2522396 162328776    0    0 1142752 863688 242376 919147 32 10 39 20  0  0
29 16   3584 2657532 2522396 162088872    0    0 1127984 867116 239330 907625 32 10 39 19  0  0
10  9   3584 2645028 2522396 162094596    0    0 1134816 864156 239575 911816 32 10 40 19  0  0
16  6   3584 2641720 2522396 162100136    0    0 1153088 884136 245684 931463 32 10 38 20  0  0
40 27   3584 2638592 2522396 162105396    0    0 1126656 866524 239907 907033 32 10 40 18  0  0
42 23   3584 2635924 2522396 162110948    0    0 1158128 888620 246695 938823 33 10 38 20  0  0
44 21   3584 2629340 2522396 162116544    0    0 1130736 844240 237589 903679 32  9 39 20  0  0
44 23   3584 2624084 2522396 162121664    0    0 1067248 818220 224754 854816 30  9 40 21  0  0
 9  2   3584 2619472 2522404 162127172    0    0 1117040 832604 233238 890569 31  9 40 20  0  0
 4  7   3584 2611976 2522404 162132432    0    0 1140416 875524 244651 928217 33 10 39 19  0  0
36 19   3584 2606852 2522404 162137956    0    0 1077936 828608 228034 866061 30  9 41 20  0  0
31 32   3584 2600780 2522404 162143304    0    0 1099680 824408 228881 875238 30  9 39 21  0  0
49 21   3584 2594728 2522404 162148800    0    0 1125968 857228 239502 907051 32  9 40 19  0  0
44 21   3584 2587960 2522404 162154244    0    0 1110256 849196 235432 892233 32 10 40 18  0  0
38 30   3584 2584012 2522404 162159768    0    0 1111744 864348 238633 902489 32  9 40 18  0  0
procs -----------memory---------- ---swap-- -----io---- -system-- -------cpu-------
 r  b   swpd   free   buff  cache   si   so    bi    bo   in   cs us sy id wa st gu
42 25   3584 2576944 2522404 162165224    0    0 1140544 876972 243568 919874 32 10 39 19  0  0
42 26   3584 2568692 2522404 162170744    0    0 1090432 820460 227694 867495 30  9 40 20  0  0
29 33   3584 2563760 2522404 162175696    0    0 1076224 810216 224502 860588 30  9 40 21  0  0
18  9   3584 2555032 2522404 162181188    0    0 1076320 818508 226272 864978 30  9 40 21  0  0
12 12   3584 2554360 2522404 162186440    0    0 1059888 795124 221837 847867 30  9 41 21  0  0
30 10   3584 2548008 2522404 162191692    0    0 1086656 806336 225581 868404 30  9 39 22  0  0
20 10   3584 2543756 2522404 162197012    0    0 1075184 816160 225578 861548 30  9 40 21  0  0
29 11   3584 2539464 2522404 162202220    0    0 1056064 792448 219582 839807 29  9 40 22  0  0
12  7   3584 2534232 2522404 162207364    0    0 1069072 795488 220612 853023 30  9 39 22  0  0
 6 11   3584 2526640 2522404 162212844    0    0 1098096 830224 230493 883345 31  9 39 21  0  0
16 42   3584 2517640 2522404 162218176    0    0 1096112 824016 230697 883198 31  9 40 20  0  0
19 46   3584 2513048 2522404 162223636    0    0 1090768 836860 230105 874316 31  9 40 20  0  0
16 41   3584 2511180 2522404 162229100    0    0 1098784 833112 230397 881453 31  9 40 21  0  0
35 35   3584 2504856 2522404 162234260    0    0 1076352 821044 226444 865417 30  9 39 22  0  0
16 45   3584 2499948 2522404 162239652    0    0 1089776 805148 227163 869887 31  9 39 22  0  0
34 31   3584 2494280 2522404 162244968    0    0 1068496 810536 224727 859544 30  9 40 22  0  0
34 35   3584 2490484 2522404 162250148    0    0 1068048 797704 223034 854095 30  9 40 21  0  0
21 30   3584 2483268 2522404 162255404    0    0 1094320 830840 229005 873180 30  9 38 23  0  0
20 41   3584 2480272 2522404 162260752    0    0 1081248 799892 225584 863659 30  9 40 21  0  0
32 31   3584 2474880 2522404 162266084    0    0 1088112 809456 226010 866511 30  9 39 22  0  0
26 37   3584 2467184 2522404 162271248    0    0 1040128 777400 214528 828333 29  8 41 21  0  0
procs -----------memory---------- ---swap-- -----io---- -system-- -------cpu-------
 r  b   swpd   free   buff  cache   si   so    bi    bo   in   cs us sy id wa st gu
 6 48   3584 2462680 2522404 162276416    0    0 1055488 782524 219889 847330 30  9 40 22  0  0
34 31   3584 2459472 2522404 162281604    0    0 1055824 798524 219277 836901 29  9 40 22  0  0
21 39   3584 2453000 2522404 162286728    0    0 1038608 763616 214994 829811 29  9 41 22  0  0
24 43   3584 2447952 2522404 162291756    0    0 1057776 797592 219614 838481 29  9 40 22  0  0
25 42   3584 2443840 2522404 162297224    0    0 1087152 839960 230626 876311 30  9 40 20  0  0
20 31   3584 2439016 2522404 162302472    0    0 1108496 839208 236270 897909 32  9 39 20  0  0
29 41   3584 2432936 2522404 162308144    0    0 1118016 846172 236275 901460 31  9 38 21  0  0
14 49   3584 2427900 2522404 162313600    0    0 1112480 844656 234722 892910 31  9 39 21  0  0
37 32   3584 2421912 2522404 162318748    0    0 1094912 829776 232183 883929 31  9 40 20  0  0
33 29   3584 2417344 2522404 162324376    0    0 1112032 858832 235717 895309 31  9 39 21  0  0
29 33   3584 2412720 2522404 162329924    0    0 1123792 856868 237688 904825 32  9 39 20  0  0
11 51   3584 2659400 2522404 162090528    0    0 1152320 855076 242252 923816 32 10 38 20  0  0
27 38   3584 2654000 2522404 162095844    0    0 1123840 854280 237714 899344 31  9 39 20  0  0
26 41   3584 2650772 2522404 162101036    0    0 1118016 849560 235206 897114 31  9 39 20  0  0
35 34   3584 2647144 2522404 162106508    0    0 1114592 843008 236527 904894 32  9 39 20  0  0
20 36   3584 2637444 2522404 162111924    0    0 1118032 838012 234409 895187 31  9 40 20  0  0
29 33   3584 2633488 2522404 162117280    0    0 1111136 850344 236382 898322 31  9 39 21  0  0
23 30   3584 2631424 2522404 162122796    0    0 1144048 874372 242323 922858 33 10 38 19  0  0
18 49   3584 2624516 2522404 162128276    0    0 1126944 870516 241577 908177 32  9 40 18  0  0
36 28   3584 2619476 2522404 162133764    0    0 1147296 858644 243609 926776 32 10 39 19  0  0
25 40   3584 2613112 2522404 162139312    0    0 1139840 872800 243516 922896 32 10 39 19  0  0
procs -----------memory---------- ---swap-- -----io---- -system-- -------cpu-------
 r  b   swpd   free   buff  cache   si   so    bi    bo   in   cs us sy id wa st gu
23 40   3584 2605588 2522404 162144704    0    0 1144576 870728 241925 917468 32  9 39 19  0  0
25 44   3584 2598192 2522404 162150528    0    0 1153376 873808 244089 929014 33 10 39 19  0  0
43 32   3584 2590300 2522404 162156064    0    0 1133520 873940 240836 913534 32  9 39 19  0  0
25 43   3584 2585212 2522404 162161532    0    0 1126144 840396 236474 909057 32  9 39 20  0  0
33 34   3584 2579672 2522404 162166972    0    0 1111600 848260 236969 901056 32  9 39 20  0  0
37 30   3584 2572716 2522404 162172704    0    0 1131744 857060 239822 917919 32  9 38 21  0  0
39 28   3584 2565612 2522404 162178056    0    0 1103920 834092 232198 884706 31  9 40 20  0  0
27 44   3584 2559212 2522404 162183512    0    0 1105936 836500 234281 889740 31  9 40 19  0  0
31 37   3584 2554636 2522404 162188984    0    0 1128608 879584 242290 910505 32 10 40 19  0  0
42 28   3584 2547268 2522404 162194524    0    0 1156208 884268 246649 937388 33 10 38 19  0  0
36 30   3584 2540312 2522404 162200356    0    0 1151568 873112 243994 924653 33 10 39 19  0  0
41 36   3584 2536872 2522404 162205820    0    0 1152240 877492 246857 936817 33 10 38 19  0  0
48 23   3584 2530808 2522404 162211672    0    0 1154112 881980 246276 931504 33 10 38 20  0  0
43 27   3584 2522084 2522404 162217376    0    0 1159552 892140 246566 935539 33 10 38 20  0  0
24 40   3584 2516060 2522404 162222564    0    0 1098544 825716 231738 887137 31  9 40 20  0  0
47 23   3584 2511816 2522404 162228120    0    0 1094496 815836 229839 874784 30  9 39 21  0  0
28 12   3584 2505900 2522404 162233592    0    0 1129552 857940 238324 904987 32 10 39 20  0  0
39 23   3584 2498392 2522404 162239140    0    0 1117552 866408 238551 903520 32  9 40 19  0  0
42 21   3584 2492284 2522404 162244752    0    0 1137584 882904 242812 917436 32 10 39 19  0  0
48 16   3584 2487092 2522404 162250364    0    0 1156544 875652 245087 933442 33 10 38 20  0  0
39 17   3584 2482284 2522404 162255864    0    0 1127600 861268 241069 915150 32 10 40 18  0  0
procs -----------memory---------- ---swap-- -----io---- -system-- -------cpu-------
 r  b   swpd   free   buff  cache   si   so    bi    bo   in   cs us sy id wa st gu
24  9   3584 2477872 2522404 162261516    0    0 1134752 881492 242055 920132 32 10 39 19  0  0
44 22   3584 2475576 2522404 162266960    0    0 1148432 855800 242130 915811 33 10 40 18  0  0
53 18   3584 2470596 2522404 162272752    0    0 1142896 885200 243124 924271 32 10 39 19  0  0
46 17   3584 2465296 2522404 162278072    0    0 1149328 881548 245146 929968 33 10 38 19  0  0
 8  1   3584 2455968 2522404 162283844    0    0 1139136 864720 241949 917628 33 10 40 18  0  0
21 14   3584 2454056 2522404 162289208    0    0 1083088 823000 227497 867836 30  9 40 20  0  0
45 26   3584 2449056 2522404 162294376    0    0 1079568 807444 226002 864673 31  9 41 20  0  0
44 22   3584 2443064 2522404 162300116    0    0 1136576 877412 242256 918086 32 10 40 19  0  0
 9  1   3584 2436136 2522404 162305608    0    0 1123088 848404 239246 904111 32  9 40 18  0  0
47 19   3584 2430844 2522404 162310996    0    0 1117744 855888 236225 899616 32  9 41 18  0  0
27 35   3584 2424884 2522404 162316608    0    0 1132960 884640 242144 911221 32 10 39 20  0  0
34 34   3584 2419792 2522404 162322024    0    0 1135408 873920 242080 916161 32 10 40 19  0  0
42 25   3584 2414748 2522404 162327788    0    0 1145008 860668 241721 918206 32 10 39 19  0  0
45 24   3584 2410624 2522404 162333300    0    0 1128656 866288 239518 908425 32  9 40 18  0  0
 8  3   3584 2659532 2522404 162093548    0    0 1114032 877084 241030 906562 31 10 40 19  0  0
 6 15   3584 2653732 2522404 162099060    0    0 1139840 860300 239994 913653 32 10 40 19  0  0
43 22   3584 2649952 2522404 162104392    0    0 1130656 864416 239432 908209 32  9 40 18  0  0
15  9   3584 2645272 2522404 162109652    0    0 1108064 852360 235899 902893 31  9 39 20  0  0
47 23   3584 2640024 2522404 162115180    0    0 1137664 860316 238426 904683 32  9 39 20  0  0
38 31   3584 2634828 2522404 162120400    0    0 1109760 852296 236352 894782 31  9 39 20  0  0
45 16   3584 2629356 2522404 162125664    0    0 1104112 852636 235667 896631 31  9 39 20  0  0
procs -----------memory---------- ---swap-- -----io---- -system-- -------cpu-------
 r  b   swpd   free   buff  cache   si   so    bi    bo   in   cs us sy id wa st gu
48 19   3584 2622212 2522404 162131140    0    0 1120656 854128 235055 887696 31  9 40 20  0  0
39 27   3584 2619456 2522404 162136340    0    0 1106592 846056 235099 891931 31 10 40 19  0  0
21 18   3584 2611588 2522404 162142060    0    0 1153616 887460 245065 928983 33 10 38 19  0  0
10 15   3584 2604528 2522404 162147860    0    0 1145328 879620 245142 925292 33 10 39 19  0  0
46 20   3584 2597780 2522404 162153312    0    0 1133040 862316 241468 915542 32 10 40 18  0  0
17  9   3584 2590512 2522404 162158972    0    0 1133872 869012 241879 920561 32 10 39 19  0  0
29 31   3584 2584220 2522404 162164504    0    0 1149072 880772 243762 925593 32 10 39 19  0  0
16 14   3584 2578812 2522404 162170208    0    0 1148000 872564 240881 923027 32 10 39 19  0  0
 9  5   3584 2573500 2522404 162175700    0    0 1123280 849252 237680 904387 32  9 39 20  0  0
33 35   3584 2567936 2522404 162180956    0    0 1120832 856368 235059 892198 31  9 40 20  0  0
42 22   3584 2560712 2522404 162186532    0    0 1119056 844364 236931 900624 31  9 39 20  0  0
37 33   3584 2554668 2522404 162191972    0    0 1084352 840448 231581 879681 31  9 41 19  0  0
41 25   3584 2547560 2522404 162197388    0    0 1142272 852268 239535 914503 32 10 38 21  0  0
46 20   3584 2540352 2522404 162203124    0    0 1131888 883680 242017 911747 32 10 39 19  0  0
 5  5   3584 2533100 2522404 162208540    0    0 1124320 870624 241773 913806 32  9 40 18  0  0
50 22   3584 2525136 2522404 162214348    0    0 1143856 875568 244231 923393 32 10 39 19  0  0
49 19   3584 2521636 2522404 162219784    0    0 1122080 865004 240684 908589 32  9 40 18  0  0
 7 10   3584 2514236 2522404 162225444    0    0 1147328 864916 244306 929044 33 10 39 18  0  0
46 19   3584 2512008 2522404 162230752    0    0 1129632 878696 241957 912553 32  9 40 19  0  0
19 18   3584 2505876 2522404 162236316    0    0 1084816 819444 226642 870872 31  9 40 20  0  0
13  5   3584 2501764 2522404 162241468    0    0 1093360 811880 229388 877883 31  9 39 21  0  0
procs -----------memory---------- ---swap-- -----io---- -system-- -------cpu-------
 r  b   swpd   free   buff  cache   si   so    bi    bo   in   cs us sy id wa st gu
37 29   3584 2497512 2522404 162247144    0    0 1115840 873048 240811 912157 32 10 40 19  0  0
44 20   3584 2492032 2522404 162252596    0    0 1141824 876720 243656 920454 32 10 39 19  0  0
42 22   3584 2488804 2522404 162258020    0    0 1129344 873136 240553 907505 32 10 39 19  0  0
13  7   3584 2482168 2522404 162263760    0    0 1118496 848540 237821 905966 32 10 40 18  0  0
18 15   3584 2477420 2522404 162269244    0    0 1123824 858032 237892 903423 32 10 40 19  0  0
49 18   3584 2469264 2522404 162274808    0    0 1135328 878628 242494 918702 32 10 39 19  0  0
13  4   3584 2463152 2522404 162280524    0    0 1146208 865672 242422 922787 32 10 39 19  0  0
45 26   3584 2457748 2522404 162286000    0    0 1144432 882560 244475 926933 32 10 39 19  0  0
 7  6   3584 2452364 2522404 162291764    0    0 1135952 873860 241328 916570 32 10 39 19  0  0
47 20   3584 2445364 2522404 162297332    0    0 1137040 865992 241240 911778 32  9 40 18  0  0
11 10   3584 2442252 2522404 162302440    0    0 1109264 840916 232295 892621 31  9 39 21  0  0
22 44   3584 2433292 2522404 162308072    0    0 1078016 823440 227040 867338 30  9 40 21  0  0
50 21   3584 2427124 2522404 162313324    0    0 1131216 870640 237959 903490 32 10 40 19  0  0
36 28   3584 2421060 2522404 162319008    0    0 1125440 858520 239040 905946 32 10 40 18  0  0
 8 11   3584 2421404 2522404 162324516    0    0 1103776 850432 237003 897542 32  9 41 18  0  0
58 17   3584 2413964 2522404 162330004    0    0 1140496 870716 241843 919613 32 10 39 19  0  0
15 16   3584 2407168 2522404 162335636    0    0 1130640 869004 241637 916835 32 10 39 19  0  0
24  8   3584 2653420 2522404 162096072    0    0 1145536 860168 241577 921124 33 10 39 18  0  0
39 39   3584 2646560 2522404 162101600    0    0 1149968 904896 245071 927509 32 10 39 20  0  0
46 24   3584 2640116 2522404 162107188    0    0 1147296 867952 243700 924733 32 10 39 19  0  0
37 28   3584 2634480 2522404 162112540    0    0 1136976 872096 242004 917856 32 10 39 18  0  0
procs -----------memory---------- ---swap-- -----io---- -system-- -------cpu-------
 r  b   swpd   free   buff  cache   si   so    bi    bo   in   cs us sy id wa st gu
45 26   3584 2631924 2522404 162118156    0    0 1145088 881480 245344 932719 33 10 38 19  0  0
21 15   3584 2625288 2522404 162123532    0    0 1110448 831748 232005 892584 31  9 40 20  0  0
 9  6   3584 2621268 2522404 162128628    0    0 1080048 824676 227644 871714 30  9 40 20  0  0
34 34   3584 2614776 2522404 162134192    0    0 1116672 867812 238395 908852 32 10 40 19  0  0
37 12   3584 2608468 2522404 162139576    0    0 1141600 861988 241724 913218 32 10 40 18  0  0
23 12   3584 2603496 2522404 162145068    0    0 1127120 865440 239697 905394 31 10 40 19  0  0
31  2   3584 2593320 2522404 162150700    0    0 1152864 889240 244228 925307 32 10 38 19  0  0
47 26   3584 2590392 2522404 162156244    0    0 1144176 860320 242018 918169 32 10 39 19  0  0
34 30   3584 2583576 2522404 162161820    0    0 1128352 874920 240606 913843 32 10 40 18  0  0
25 16   3584 2577716 2522404 162167508    0    0 1161840 887656 246094 936952 33 10 38 20  0  0
41 26   3584 2570680 2522404 162173000    0    0 1160000 871364 244548 935354 33 10 38 19  0  0
 9  2   3584 2564648 2522404 162178760    0    0 1144112 885076 244511 923560 33 10 39 19  0  0
46 25   3584 2557336 2522404 162184420    0    0 1149840 880032 245001 926992 32 10 39 19  0  0
34  9   3584 2550264 2522404 162189904    0    0 1090304 846128 231392 874205 31  9 41 19  0  0
21 10   3584 2545696 2522404 162195212    0    0 1075712 809000 225286 866719 30  9 40 20  0  0
42 27   3584 2539556 2522404 162200544    0    0 1099120 836076 233375 886522 31  9 40 19  0  0
15 10   3584 2532180 2522404 162206056    0    0 1111408 843364 236139 897912 31  9 40 20  0  0
38 30   3584 2520404 2522404 162211132    0    0 1045296 782052 219385 837832 29  8 41 21  0  0
48 21   3584 2516468 2522404 162216372    0    0 1103104 832668 231749 888990 31  9 39 21  0  0
49 17   3584 2511580 2522404 162221844    0    0 1101024 842844 231802 881061 31  9 40 20  0  0
40 26   3584 2503696 2522404 162227404    0    0 1126192 866700 238250 907355 31  9 38 21  0  0
procs -----------memory---------- ---swap-- -----io---- -system-- -------cpu-------
 r  b   swpd   free   buff  cache   si   so    bi    bo   in   cs us sy id wa st gu
44 23   3584 2495372 2522404 162232968    0    0 1112832 849296 235602 892446 32  9 39 20  0  0
40 24   3584 2490544 2522404 162238252    0    0 1096480 831536 231451 883840 31  9 41 19  0  0
40 32   3584 2486512 2522404 162243624    0    0 1127504 857352 237593 905367 32 10 39 20  0  0
46 16   3584 2480732 2522404 162249328    0    0 1114032 855864 236271 896519 31  9 40 20  0  0
44 25   3584 2475760 2522404 162254672    0    0 1092208 840100 232436 881894 31  9 40 20  0  0
38 28   3584 2471076 2522404 162259796    0    0 1046752 793100 218976 840013 30  9 41 21  0  0
47 19   3584 2465700 2522404 162264992    0    0 1063504 792496 221919 847283 30  9 40 21  0  0
57 14   3584 2462276 2522404 162270404    0    0 1097232 833744 230693 877942 31  9 40 20  0  0
10  3   3584 2458312 2522404 162275528    0    0 1085616 823512 230458 873303 31  9 40 20  0  0
45 24   3584 2452880 2522404 162280784    0    0 1054736 796596 222375 839744 30  9 41 20  0  0
42 18   3584 2447540 2522404 162285944    0    0 1073440 806800 224202 859005 30  9 40 21  0  0
16  4   3584 2444136 2522404 162291136    0    0 1067184 820112 225174 856765 30  9 40 21  0  0
46 23   3584 2438688 2522404 162296448    0    0 1056832 807056 221732 847549 30  9 41 20  0  0
37 28   3584 2431880 2522404 162301512    0    0 1057328 785116 220640 842966 30  9 41 21  0  0
10  5   3584 2424384 2522404 162306972    0    0 1075680 809760 225009 858666 30  9 40 21  0  0
32 34   3584 2418740 2522404 162311908    0    0 1057488 797040 221644 846059 30  9 41 21  0  0
34 24   3584 2414040 2522404 162317368    0    0 1063664 805048 224526 859918 30  9 40 21  0  0
10  1   3584 2523736 2522404 162205704    0    0 1072384 798840 223293 857950 30  9 39 22  0  0
29 35   3584 2649380 2522404 162083784    0    0 1056128 799768 220439 846567 30  9 40 22  0  0
15  6   3584 2643972 2522404 162089112    0    0 1096864 825648 230793 881785 31  9 40 20  0  0
25 13   3584 2638288 2522408 162094660    0    0 1111708 836096 233607 889030 32  9 40 19  0  0
procs -----------memory---------- ---swap-- -----io---- -system-- -------cpu-------
 r  b   swpd   free   buff  cache   si   so    bi    bo   in   cs us sy id wa st gu
34 32   3584 2632180 2522408 162099928    0    0 1102368 851508 233590 886578 30  9 39 21  0  0
48 20   3584 2625328 2522408 162104964    0    0 1074032 814504 224256 858181 30  9 39 22  0  0
47 20   3584 2619104 2522408 162110072    0    0 1065744 790244 221685 850347 30  9 41 21  0  0
11  7   3584 2615364 2522408 162115144    0    0 1064272 808436 223119 855690 30  9 40 21  0  0
 5  2   3584 2612104 2522408 162120496    0    0 1093936 804120 226705 867831 30  9 39 22  0  0
45 22   3584 2607460 2522408 162125560    0    0 1079152 808520 223585 857642 30  9 40 22  0  0
54 18   3584 2602492 2522408 162130920    0    0 1108384 855456 234994 894597 31  9 40 20  0  0
42 25   3584 2595628 2522408 162136376    0    0 1130944 873160 242387 920066 32 10 39 20  0  0
20 14   3584 2589564 2522408 162141760    0    0 1122144 858620 237775 902589 31  9 39 21  0  0
32 29   3584 2583272 2522408 162147048    0    0 1076032 805888 224147 864943 30  9 40 22  0  0
24 12   3584 2579032 2522408 162152188    0    0 1085616 818688 229979 877575 31  9 40 20  0  0
44 21   3584 2574096 2522408 162157828    0    0 1138672 863936 240949 919824 32  9 38 20  0  0
30 37   3584 2564364 2522408 162163292    0    0 1130368 873648 239245 912849 32 10 39 20  0  0
50 18   3584 2564336 2522408 162168636    0    0 1091872 841624 231919 882993 31  9 41 19  0  0
37 33   3584 2558264 2522408 162174076    0    0 1121616 849472 236671 899963 31  9 39 20  0  0
38 27   3584 2551536 2522408 162179640    0    0 1122528 857432 236782 902423 31  9 39 20  0  0
 8  2   3584 2546596 2522408 162185084    0    0 1126208 865252 239954 910896 32  9 39 20  0  0
46 22   3584 2542520 2522408 162190660    0    0 1138576 855656 240872 918659 32  9 38 20  0  0
41 22   3584 2535344 2522408 162196080    0    0 1106608 850768 237430 899142 31  9 40 20  0  0
36 32   3584 2530556 2522408 162201524    0    0 1108256 858092 237743 903341 31  9 40 19  0  0
43 20   3584 2525824 2522408 162207280    0    0 1138448 849960 239691 916202 32 10 39 20  0  0
procs -----------memory---------- ---swap-- -----io---- -system-- -------cpu-------
 r  b   swpd   free   buff  cache   si   so    bi    bo   in   cs us sy id wa st gu
 9  7   3584 2521876 2522408 162212164    0    0 1065984 808896 225079 858260 30  9 40 21  0  0
 8 10   3584 2513356 2522408 162217704    0    0 1063232 818652 224476 857549 30  9 40 21  0  0
40 26   3584 2507248 2522408 162223168    0    0 1101024 842408 236106 897488 31  9 40 19  0  0
38 23   3584 2502428 2522408 162228580    0    0 1104912 844540 235626 894414 32  9 40 19  0  0
15 22   3584 2497840 2522408 162233816    0    0 1098752 854952 233356 886942 31  9 40 19  0  0
48 24   3584 2492704 2522408 162239368    0    0 1120272 851832 237299 907779 32  9 39 19  0  0
41 26   3584 2487676 2522408 162244896    0    0 1111472 863768 237096 903815 31  9 39 20  0  0
13 10   3584 2480208 2522408 162250288    0    0 1107488 835856 235181 896187 32  9 40 19  0  0
57 14   3584 2478096 2522408 162255644    0    0 1128752 858000 238207 913508 32  9 39 20  0  0
39 27   3584 2472520 2522408 162261220    0    0 1106896 856792 237881 905206 31  9 39 20  0  0
38 29   3584 2466816 2522408 162266768    0    0 1111504 868284 238458 905965 32  9 40 19  0  0
26 37   3584 2462728 2522408 162272240    0    0 1130992 848700 239055 911215 32  9 39 19  0  0
41 23   3584 2454948 2522408 162277720    0    0 1106064 847568 233601 892027 31  9 39 21  0  0
39 27   3584 2447800 2522408 162282912    0    0 1096560 839880 233957 889298 31  9 39 21  0  0
41 26   3584 2444608 2522408 162288308    0    0 1095328 830976 232439 887875 31  9 39 20  0  0
10  5   3584 2437120 2522408 162293904    0    0 1105568 846900 234990 899576 31  9 39 21  0  0
12 11   3584 2430616 2522408 162299128    0    0 1104944 843100 232936 892509 31  9 38 22  0  0
29 36   3584 2425140 2522408 162304768    0    0 1117568 862196 236385 902869 31  9 39 20  0  0
 6  3   3584 2418776 2522408 162310288    0    0 1123584 841584 238002 915634 32  9 39 20  0  0
19 10   3584 2414816 2522408 162315688    0    0 1117792 867620 237480 901909 31  9 40 20  0  0
23 12   3584 2409936 2522408 162321236    0    0 1127952 865704 240457 911517 32 10 39 20  0  0
procs -----------memory---------- ---swap-- -----io---- -system-- -------cpu-------
 r  b   swpd   free   buff  cache   si   so    bi    bo   in   cs us sy id wa st gu
15  9   3584 2656356 2522404 162081480    0    0 1112624 847784 237142 901680 32 10 40 19  0  0
52 13   3584 2651084 2522404 162086932    0    0 1124752 853292 238977 916135 32 10 39 19  0  0
44 20   3584 2641820 2522404 162092240    0    0 1115904 854116 236579 902022 31  9 39 20  0  0
42 23   3584 2641304 2522404 162097540    0    0 1107472 851244 231315 886873 31  9 39 21  0  0
45 25   3584 2636032 2522404 162102824    0    0 1102864 826236 232053 888009 31  9 40 20  0  0
46 22   3584 2631592 2522404 162108200    0    0 1110848 844088 234614 894310 31  9 39 21  0  0
18  8   3584 2625724 2522404 162113524    0    0 1102576 851172 234848 899863 31  9 38 21  0  0
43 25   3584 2620332 2522404 162118844    0    0 1107472 836600 231721 887108 31  9 39 21  0  0
44 24   3584 2613452 2522404 162124340    0    0 1126784 852532 239159 912030 32  9 39 20  0  0
37 27   3584 2604936 2522404 162129648    0    0 1103808 853072 235080 890752 31  9 40 19  0  0
44 21   3584 2599264 2522404 162135112    0    0 1112176 843532 234800 898879 31  9 40 19  0  0
50 16   3584 2594020 2522404 162140528    0    0 1118048 861316 240262 911241 32  9 39 20  0  0
45 22   3584 2586464 2522404 162146008    0    0 1117568 862528 237705 904787 31  9 39 20  0  0
37 27   3584 2580996 2522404 162151452    0    0 1116384 861884 237251 900600 31  9 40 20  0  0
25 28   3584 2575008 2522404 162156656    0    0 1062912 812268 225188 863196 30  9 41 20  0  0
19 12   3584 2572088 2522404 162161888    0    0 1072192 799408 224250 856836 30  9 39 22  0  0
10  7   3584 2566916 2522404 162167296    0    0 1108896 858164 236631 898471 31  9 39 20  0  0
40 24   3584 2562084 2522404 162172796    0    0 1131744 845904 239079 914944 32 10 39 20  0  0
20 11   3584 2550268 2522404 162178364    0    0 1118160 851460 237870 906875 32  9 40 19  0  0
17 13   3584 2548376 2522404 162183812    0    0 1114864 864812 238251 905459 31  9 39 21  0  0
16 16   3584 2541944 2522404 162189264    0    0 1112592 844200 235884 899241 32  9 40 19  0  0
procs -----------memory---------- ---swap-- -----io---- -system-- -------cpu-------
 r  b   swpd   free   buff  cache   si   so    bi    bo   in   cs us sy id wa st gu
40 28   3584 2533948 2522404 162194860    0    0 1128032 860240 238008 905353 32  9 39 21  0  0
46 18   3584 2528464 2522404 162200460    0    0 1137408 863796 239806 917060 32  9 39 20  0  0
49 24   3584 2523264 2522404 162206052    0    0 1148560 850852 242130 930475 32 10 38 20  0  0
48 19   3584 2516784 2522404 162211552    0    0 1111840 867860 238871 907721 32  9 39 20  0  0
40 27   3584 2510824 2522404 162217148    0    0 1145248 860436 241138 918930 32 10 38 20  0  0
14  2   3584 2505352 2522404 162222424    0    0 1075568 830316 226612 865674 30  9 40 21  0  0
24  9   3584 2499944 2522404 162227656    0    0 1069648 797280 222250 853299 30  9 40 21  0  0
15 13   3584 2491700 2522404 162233184    0    0 1133856 863472 240266 916927 32  9 38 21  0  0
 8  8   3584 2488988 2522404 162238600    0    0 1112368 855548 238181 906498 32  9 40 19  0  0
40 25   3584 2481620 2522404 162244092    0    0 1117072 857088 236904 905736 32 10 39 20  0  0
 3  3   3584 2474788 2522404 162249600    0    0 1116656 855768 238893 914617 32  9 38 21  0  0
50 12   3584 2468820 2522404 162255144    0    0 1135968 864620 239768 914395 31 10 38 21  0  0
23  5   3584 2464020 2522404 162260600    0    0 1115328 864008 236318 892936 31  9 40 20  0  0
52 15   3584 2453300 2522404 162266092    0    0 1128720 842104 239286 912753 32 10 39 20  0  0
41 25   3584 2450900 2522404 162271584    0    0 1119408 871396 238217 904281 31  9 39 20  0  0
31 33   3584 2445100 2522404 162277164    0    0 1136800 863948 239741 913341 32 10 39 20  0  0
12 10   3584 2438284 2522404 162282684    0    0 1129632 867276 239101 917901 32 10 39 20  0  0
46 21   3584 2435044 2522404 162288028    0    0 1085632 827540 230364 875487 31  9 41 20  0  0
40 30   3584 2428856 2522404 162293368    0    0 1100800 845864 231322 878864 31  9 40 20  0  0
51 18   3584 2423440 2522404 162298784    0    0 1106416 842140 234464 893909 31  9 39 20  0  0
18 49   3584 2416548 2522404 162304116    0    0 1095360 837632 230220 877951 31  9 40 20  0  0
procs -----------memory---------- ---swap-- -----io---- -system-- -------cpu-------
 r  b   swpd   free   buff  cache   si   so    bi    bo   in   cs us sy id wa st gu
49 24   3584 2413044 2522404 162309528    0    0 1110176 834512 234048 892624 31  9 39 21  0  0
54 14   3584 2660640 2522404 162069852    0    0 1095664 842852 231684 884506 31  9 39 21  0  0
11  5   3584 2656244 2522404 162075244    0    0 1114784 858292 235753 898891 31  9 40 19  0  0
11  3   3584 2649032 2522404 162080636    0    0 1115952 871404 238050 904576 31  9 39 20  0  0
11 12   3584 2644156 2522404 162086092    0    0 1142816 879208 241630 920965 32  9 38 21  0  0
30 36   3584 2638116 2522404 162091488    0    0 1111072 850680 237544 903666 32  9 40 19  0  0
36 30   3584 2633156 2522404 162096872    0    0 1121856 873360 239676 910987 32  9 39 20  0  0
39 27   3584 2629880 2522404 162102316    0    0 1129968 861312 241993 920802 32  9 38 20  0  0
47 19   3584 2622868 2522404 162107444    0    0 1069792 805924 222397 855980 30  9 40 21  0  0
19 12   3584 2588204 2522404 162112740    0    0 1075248 824716 227272 866378 30  9 38 22  0  0
39 29   3584 2501884 2522404 162118236    0    0 1132304 853472 242456 913930 33 10 38 19  0  0
42 26   3584 2568724 2522404 162123872    0    0 1113184 858736 238144 899209 33 10 39 19  0  0
45 24   3584 2492564 2522404 162129268    0    0 1109104 860304 239314 897326 33 10 39 19  0  0
44 27   3584 2481100 2522404 162134912    0    0 1100800 848660 235767 888734 32 10 39 19  0  0
10  8   3584 2465488 2522404 162140368    0    0 1113088 853496 239897 902701 33 10 38 19  0  0
11 15   3584 2478956 2522404 162145952    0    0 1093728 839356 236646 892032 33  9 39 19  0  0
12  4   3584 2528108 2522404 162151704    0    0 1114080 866924 238446 902909 33  9 38 19  0  0
39 30   3584 2456896 2522404 162157244    0    0 1137600 859140 240533 909455 33 10 37 20  0  0
11  4   3584 2463012 2522404 162162984    0    0 1107264 843924 236680 892615 32 10 38 20  0  0
20 10   3584 2527864 2522404 162168532    0    0 1078432 820416 229988 875058 32  9 39 21  0  0
49 22   3584 2451112 2522404 162173644    0    0 1038960 792696 221119 843436 30  9 40 21  0  0
procs -----------memory---------- ---swap-- -----io---- -system-- -------cpu-------
 r  b   swpd   free   buff  cache   si   so    bi    bo   in   cs us sy id wa st gu
30 42   3584 2454428 2522404 162178980    0    0 1047856 792504 222061 848623 31  9 39 21  0  0
39 30   3584 2430360 2522404 162184444    0    0 1116496 841592 237693 902019 33  9 38 20  0  0
13  4   3584 2440788 2522404 162190040    0    0 1110400 842264 239214 899203 33 10 39 18  0  0
57 13   3584 2478676 2522404 162195684    0    0 1096224 851848 236219 888199 33 10 39 18  0  0
51 20   3584 2425284 2522404 162201084    0    0 1096304 844196 235521 889679 33  9 39 20  0  0
37 25   3584 2442348 2522404 162206836    0    0 1113360 851384 237044 898544 33 10 38 19  0  0
16 12   3584 2502856 2522404 162212508    0    0 1110608 856728 239057 902991 33 10 38 20  0  0
13 11   3584 2427600 2522404 162217912    0    0 1102256 841720 237626 896272 33 10 39 19  0  0
41 23   3584 2447196 2522404 162223672    0    0 1139744 873940 243299 921618 33 10 37 20  0  0
29  9   3584 2479668 2522404 162229052    0    0 1104928 850952 237357 895610 33  9 39 19  0  0
50 17   3584 2414068 2522404 162234916    0    0 1131856 865492 242906 924258 34 10 38 19  0  0
38 27   3584 2679328 2522404 161995572    0    0 1111664 842148 239908 907242 33 10 39 18  0  0
12 14   3584 2626836 2522404 162000704    0    0 1067024 818388 228452 862577 32  9 39 20  0  0
36 30   3584 2601040 2522404 162006176    0    0 1095488 820452 232807 876879 32  9 39 20  0  0
21  9   3584 2598268 2522404 162011808    0    0 1119344 870360 242690 912060 34 10 39 17  0  0
46 19   3584 2653556 2522404 162017456    0    0 1137296 852396 240739 913988 34 10 38 18  0  0
41 27   3584 2590208 2522404 162022800    0    0 1106576 858816 238599 892888 33 10 40 18  0  0
39 26   3584 2508608 2522408 162028532    0    0 1133392 869560 242283 917026 34 10 38 18  0  0
43 27   3584 2549660 2522408 162034312    0    0 1135904 869368 243955 922926 34 10 38 18  0  0
46 25   3584 2507624 2522408 162039840    0    0 1134048 866088 243125 918590 34 10 38 19  0  0
47 23   3584 2467496 2522408 162045528    0    0 1118368 860288 242171 907325 33 10 39 17  0  0
procs -----------memory---------- ---swap-- -----io---- -system-- -------cpu-------
 r  b   swpd   free   buff  cache   si   so    bi    bo   in   cs us sy id wa st gu
41 30   3584 2564632 2522408 162051336    0    0 1148192 872744 245997 928351 34 10 37 19  0  0
12  4   3584 2505308 2522408 162056916    0    0 1138320 860912 244274 924834 34 10 38 18  0  0
40 26   3584 2468560 2522408 162062696    0    0 1136768 899176 244507 916076 33 10 38 19  0  0
40 28   3584 2550360 2522408 162067928    0    0 1071520 805492 226665 858466 31  9 39 21  0  0
43 25   3584 2476140 2522408 162073520    0    0 1084032 822808 231078 874541 32  9 38 21  0  0
40 27   3584 2517096 2522408 162079372    0    0 1141968 864448 244032 923516 34 10 38 18  0  0
50 23   3584 2491652 2522408 162084924    0    0 1139408 893644 245236 925786 34 10 38 19  0  0
16  6   3584 2496480 2522408 162090656    0    0 1123376 851240 241396 907672 33 10 39 18  0  0
50 17   3584 2563356 2522408 162096492    0    0 1142080 881588 244704 922828 34 10 38 19  0  0
42 26   3584 2492936 2522408 162102000    0    0 1124592 856100 241804 907510 33 10 39 18  0  0
46 24   3584 2517816 2522408 162107752    0    0 1129056 868896 244102 921589 34 10 38 19  0  0
49 14   3584 2493692 2522408 162113344    0    0 1139760 859668 242895 921808 34 10 38 18  0  0
16  6   3584 2504840 2522408 162119128    0    0 1131296 875744 244617 920244 34 10 38 18  0  0
16  8   3584 2516080 2522408 162124940    0    0 1134160 882556 246585 927942 34 10 38 19  0  0
44 23   3584 2473772 2522408 162130560    0    0 1143184 873756 244156 926893 34 10 38 18  0  0
46 25   3584 2576008 2522408 162128928    0    0 1075968 817916 227407 864414 31  9 39 21  0  0
44 24   3584 2575856 2522408 162134104    0    0 1067216 825000 225018 859177 30  9 40 21  0  0
45 22   3584 2571792 2522408 162139704    0    0 1149328 872036 245052 932513 33 10 39 19  0  0
47 21   3584 2566984 2522408 162145272    0    0 1144416 883664 242586 925039 32 10 39 19  0  0
17 24   3584 2563780 2522408 162150760    0    0 1118400 852624 236696 900003 31  9 40 19  0  0
45 23   3584 2560000 2522408 162155968    0    0 1072432 820604 224104 859264 30  9 39 23  0  0
procs -----------memory---------- ---swap-- -----io---- -system-- -------cpu-------
 r  b   swpd   free   buff  cache   si   so    bi    bo   in   cs us sy id wa st gu
15  8   3584 2558136 2522408 162161516    0    0 1122880 863416 238147 912548 32 10 39 19  0  0
 8  3   3584 2557532 2522408 162167092    0    0 1136304 864480 242874 922521 32 10 38 20  0  0
25  3   3584 2553296 2522408 162172640    0    0 1137696 876648 242370 920661 32 10 39 19  0  0
43 23   3584 2549540 2522408 162178244    0    0 1131312 857608 240915 914934 32 10 40 18  0  0
44 22   3584 2545176 2522408 162183716    0    0 1130432 869976 241784 918765 32 10 40 18  0  0
45 24   3584 2541792 2522408 162189256    0    0 1124432 874608 242840 922326 32 10 40 18  0  0
37 30   3584 2535040 2522408 162194640    0    0 1090720 829700 230429 878395 31  9 39 21  0  0
41 24   3584 2530252 2522408 162199936    0    0 1078096 808648 224844 858499 30  9 41 20  0  0
38 29   3584 2522256 2522408 162205496    0    0 1121376 878596 241019 911030 32 10 40 19  0  0
46 20   3584 2516168 2522408 162211108    0    0 1159120 876284 244501 927992 32 10 38 20  0  0
52 18   3584 2513672 2522408 162216544    0    0 1109664 837844 233299 890448 31  9 39 21  0  0
36 27   3584 2509376 2522408 162221764    0    0 1058448 820540 222506 852459 30  9 40 21  0  0
 3  6   3584 2505368 2522408 162227312    0    0 1128144 858892 240586 916523 32 10 39 19  0  0
39 28   3584 2499080 2522408 162232872    0    0 1134848 888764 244160 924348 32  9 39 20  0  0
44 23   3584 2492896 2522408 162238572    0    0 1159472 881284 245886 936488 32 10 38 20  0  0
39 25   3584 2489868 2522408 162244156    0    0 1140208 873412 242214 918058 32 10 39 19  0  0
23  6   3584 2485472 2522408 162249708    0    0 1140512 880292 243248 924128 32 10 39 19  0  0
18 11   3584 2481264 2522408 162255372    0    0 1163264 891316 247165 940055 33 10 38 20  0  0
39 26   3584 2475780 2522408 162260832    0    0 1117200 846136 234718 898623 31  9 38 21  0  0
39 25   3584 2470368 2522408 162266096    0    0 1077184 815752 225948 865736 30  9 40 21  0  0
15 10   3584 2466416 2522408 162271732    0    0 1144176 871448 242112 923685 32 10 38 20  0  0
procs -----------memory---------- ---swap-- -----io---- -system-- -------cpu-------
 r  b   swpd   free   buff  cache   si   so    bi    bo   in   cs us sy id wa st gu
 7 20   3584 2459676 2522408 162277292    0    0 1141888 880748 243147 923066 32 10 39 19  0  0
33 35   3584 2455004 2522408 162282464    0    0 1050320 805276 221954 846248 30  9 40 21  0  0
41 27   3584 2448156 2522408 162287744    0    0 1082640 814060 226764 865163 30  9 40 21  0  0
48 20   3584 2447624 2522408 162293260    0    0 1128656 867036 242245 919116 32 10 40 19  0  0
49 21   3584 2435244 2522408 162298952    0    0 1167232 895052 247813 942738 33 10 37 21  0  0
 7  2   3584 2436232 2522408 162304296    0    0 1133168 875372 243365 923878 32 10 39 19  0  0
45 21   3584 2430116 2522408 162310088    0    0 1142416 875204 242743 925961 32 10 39 19  0  0
 6 14   3584 2423240 2522408 162315676    0    0 1130784 878304 242809 921452 32  9 39 19  0  0
36 27   3584 2418988 2522408 162321204    0    0 1141120 875864 242262 922932 32 10 39 19  0  0
16 18   3584 2412352 2522408 162326680    0    0 1118800 851080 235607 897757 32  9 39 20  0  0
12 23   3584 2655436 2522408 162088528    0    0 1087296 822912 228207 875892 30  9 39 22  0  0
50 19   3584 2649680 2522408 162093996    0    0 1133248 859436 239915 913541 32 10 39 20  0  0
40 30   3584 2646816 2522408 162099652    0    0 1139952 878424 242331 918429 32 10 39 19  0  0
48 18   3584 2643048 2522408 162104608    0    0 1110048 823244 233265 899127 31  9 39 20  0  0
49 17   3584 2637376 2522408 162110220    0    0 1109232 852548 235925 898499 32  9 39 20  0  0
35 28   3584 2631264 2522408 162115612    0    0 1094784 852052 233461 882383 31  9 40 19  0  0
57 10   3584 2626664 2522408 162120868    0    0 1132176 857160 239671 913921 32  9 38 20  0  0
 9  7   3584 2620756 2522408 162126336    0    0 1107056 852992 235503 897330 31  9 39 20  0  0
12  4   3584 2613892 2522408 162131520    0    0 1115856 849972 236398 897265 31  9 40 20  0  0
14 11   3584 2610072 2522408 162137100    0    0 1132400 874924 241818 920722 32 10 40 19  0  0
41 26   3584 2603424 2522408 162142524    0    0 1146848 884108 244665 927112 33 10 39 19  0  0
procs -----------memory---------- ---swap-- -----io---- -system-- -------cpu-------
 r  b   swpd   free   buff  cache   si   so    bi    bo   in   cs us sy id wa st gu
24 10   3584 2597252 2522408 162147732    0    0 1140928 864704 240528 922933 32  9 38 20  0  0
 6  4   3584 2592024 2522408 162153036    0    0 1069056 804796 223255 858602 30  9 40 21  0  0
10  6   3584 2586776 2522408 162158276    0    0 1103168 848292 235243 895351 31  9 39 20  0  0
20 10   3584 2579984 2522408 162163500    0    0 1144576 865684 240651 917602 32 10 39 20  0  0
18  6   3584 2574200 2522408 162169156    0    0 1097360 846796 235926 896696 31  9 40 20  0  0
39 29   3584 2569516 2522408 162174312    0    0 1109264 858172 235829 892945 32  9 40 19  0  0
45 22   3584 2559048 2522408 162180052    0    0 1129104 858732 240861 923243 32 10 38 21  0  0
 8 14   3584 2551660 2522408 162185456    0    0 1104560 844056 233966 892972 31  9 41 19  0  0
36 30   3584 2544796 2522408 162190860    0    0 1121088 859924 238326 908329 31 10 38 21  0  0
21  3   3584 2540992 2522408 162196312    0    0 1123040 854160 239169 907078 32  9 39 20  0  0
19 15   3584 2533968 2522408 162202044    0    0 1144064 886524 244967 929111 32 10 39 19  0  0
41 28   3584 2529792 2522408 162207524    0    0 1146864 879060 243887 927768 32 10 39 19  0  0
41 28   3584 2524236 2522408 162213116    0    0 1133280 871344 240760 916114 32 10 39 19  0  0
33 29   3584 2517848 2522408 162218176    0    0 1072192 821608 226421 863118 30  9 40 21  0  0
52 13   3584 2512028 2522408 162223580    0    0 1096432 833808 231795 884536 31  9 39 20  0  0
50 17   3584 2506044 2522408 162229124    0    0 1100448 846964 233166 886762 31  9 39 20  0  0
44 25   3584 2500428 2522408 162234304    0    0 1083008 823216 227275 872687 30  9 39 21  0  0
11 10   3584 2496748 2522408 162239836    0    0 1107120 841004 235638 902374 31  9 39 21  0  0
41 25   3584 2489348 2522408 162245456    0    0 1143536 877208 243859 920274 33 10 39 19  0  0
 6  7   3584 2485488 2522408 162250992    0    0 1143744 875632 245067 934407 33 10 39 19  0  0
14 21   3584 2478284 2522408 162256588    0    0 1123616 867064 239849 909449 32 10 39 19  0  0
procs -----------memory---------- ---swap-- -----io---- -system-- -------cpu-------
 r  b   swpd   free   buff  cache   si   so    bi    bo   in   cs us sy id wa st gu
35 33   3584 2475040 2522408 162261924    0    0 1147184 876716 242434 921503 32 10 39 19  0  0
 9  6   3584 2468528 2522408 162267596    0    0 1132528 877024 243085 920277 32 10 39 19  0  0
20  6   3584 2461032 2522408 162273412    0    0 1138944 871200 244533 926027 32 10 39 19  0  0
 9 10   3584 2457252 2522408 162278704    0    0 1122320 849560 237060 902986 32  9 40 20  0  0
39 25   3584 2451716 2522408 162284064    0    0 1083952 803616 225694 861972 30  9 40 21  0  0
40 28   3584 2444808 2522408 162289632    0    0 1109056 854692 234972 899325 31  9 39 20  0  0
38 29   3584 2438776 2522408 162294772    0    0 1092976 825484 231202 878628 31  9 41 19  0  0
 6  4   3584 2438376 2522408 162300200    0    0 1070832 814672 226103 862699 30  9 40 21  0  0
42 17   3584 2430728 2522408 162305128    0    0 1100384 839500 231693 880635 31  9 40 20  0  0
44 22   3584 2424860 2522408 162311132    0    0 1140384 880244 244027 923865 32 10 39 19  0  0
43 25   3584 2417808 2522408 162316696    0    0 1132976 868968 242620 923696 32 10 39 19  0  0
49 11   3584 2507436 2522412 162224928    0    0 1142112 873672 243051 922504 32 10 38 19  0  0
48 18   3584 2655624 2522412 162084136    0    0 1138464 869876 240878 912636 32 10 39 19  0  0
49 20   3584 2650324 2522412 162089584    0    0 1140944 881592 243673 924852 32 10 39 19  0  0
12 23   3584 2646188 2522412 162094928    0    0 1132576 877368 241235 915022 32 10 40 18  0  0
20  3   3584 2640328 2522412 162100252    0    0 1113456 856652 235859 894195 32  9 40 18  0  0
37 28   3584 2636608 2522412 162105324    0    0 1079456 808252 225992 860408 30  9 40 21  0  0
12 12   3584 2631168 2522412 162110536    0    0 1097232 840596 232076 887890 31  9 39 21  0  0
 8  6   3584 2624128 2522412 162116052    0    0 1114272 844132 234372 896602 31  9 40 20  0  0
23  7   3584 2619484 2522412 162120868    0    0 1069184 809800 226407 863203 30  9 40 21  0  0
 5  9   3584 2615384 2522412 162126372    0    0 1097920 843772 232460 882947 31  9 40 20  0  0
procs -----------memory---------- ---swap-- -----io---- -system-- -------cpu-------
 r  b   swpd   free   buff  cache   si   so    bi    bo   in   cs us sy id wa st gu
32 10   3584 2610068 2522412 162131744    0    0 1135024 881688 243545 922053 33 10 39 19  0  0
19  9   3584 2606800 2522412 162137232    0    0 1148736 864904 243242 925239 33 10 39 19  0  0
40 22   3584 2602916 2522412 162142628    0    0 1140160 869412 242116 915670 32  9 39 20  0  0
 6 11   3584 2595872 2522412 162148248    0    0 1124864 865456 241224 921466 32 10 39 19  0  0
30 37   3584 2588032 2522412 162153684    0    0 1148128 882132 243319 924079 33 10 39 19  0  0
26  9   3584 2582420 2522412 162159184    0    0 1134720 853924 241191 918095 32 10 40 18  0  0
52 15   3584 2573200 2522412 162164440    0    0 1144416 877764 242165 916654 32 10 40 19  0  0
48 16   3584 2571004 2522412 162170112    0    0 1077664 810320 226526 866853 30  9 40 21  0  0
45 27   3584 2563880 2522412 162175400    0    0 1067728 818772 225481 855556 30  9 41 20  0  0
48 21   3584 2559540 2522412 162180808    0    0 1112544 853784 236887 905861 32  9 39 20  0  0
53 20   3584 2554184 2522412 162186088    0    0 1076064 808616 227214 868286 30  9 39 21  0  0
47 20   3584 2547696 2522412 162191300    0    0 1100192 838060 233799 889071 31  9 40 20  0  0
20 12   3584 2540248 2522412 162197088    0    0 1151008 886304 245661 936014 33 10 38 19  0  0
 5  0   3584 2531556 2522412 162202808    0    0 1138912 870800 244300 924284 33 10 39 19  0  0
47 20   3584 2526408 2522412 162208476    0    0 1160560 890568 246626 938280 33 10 38 20  0  0
46 22   3584 2520676 2522412 162213988    0    0 1126192 868404 240842 916115 32  9 40 19  0  0
53 15   3584 2514536 2522412 162219704    0    0 1150688 883012 244647 932976 33 10 38 19  0  0
40 24   3584 2509208 2522412 162225260    0    0 1139072 861332 241500 915782 33  9 40 18  0  0
47 14   3584 2505072 2522412 162230724    0    0 1131216 868376 242485 919033 33 10 40 18  0  0
54 17   3584 2498620 2522412 162235928    0    0 1103520 837296 230178 873987 31  9 40 21  0  0
38 28   3584 2492644 2522412 162241364    0    0 1065200 820964 225112 855404 30  9 41 21  0  0
procs -----------memory---------- ---swap-- -----io---- -system-- -------cpu-------
 r  b   swpd   free   buff  cache   si   so    bi    bo   in   cs us sy id wa st gu
38 25   3584 2488232 2522412 162246704    0    0 1090640 828348 230739 876843 31  9 41 19  0  0
43 24   3584 2485120 2522412 162251872    0    0 1104208 842844 234747 889620 31  9 40 20  0  0
13 12   3584 2476132 2522412 162257568    0    0 1132672 856488 237664 902141 32  9 39 20  0  0
44 25   3584 2473812 2522412 162263160    0    0 1119120 861728 237063 895634 31  9 39 20  0  0
51 11   3584 2467952 2522412 162268388    0    0 1111712 840004 235355 896023 32  9 39 19  0  0
41 26   3584 2460984 2522412 162273920    0    0 1086880 854700 232569 880751 31  9 41 18  0  0
 9  4   3584 2457280 2522412 162279168    0    0 1106112 851052 236800 895684 32 10 41 18  0  0
 7  5   3584 2452120 2522412 162285044    0    0 1134848 851416 240263 917205 33 10 40 18  0  0
38 28   3584 2444908 2522412 162290484    0    0 1133984 872236 240749 911218 32 10 40 18  0  0
42 23   3584 2440912 2522412 162295668    0    0 1115184 860012 236611 895106 32  9 41 17  0  0
34 30   3584 2434644 2522412 162301576    0    0 1124896 852688 239284 907256 32 10 38 20  0  0
37 28   3584 2429444 2522412 162306772    0    0 1055520 795860 220908 848654 30  9 41 21  0  0
21 24   3584 2426176 2522412 162311540    0    0 1059856 803932 222575 845191 30  9 41 21  0  0
19 10   3584 2418284 2522412 162317292    0    0 1088864 810952 227010 870517 30  9 39 21  0  0
13 15   3584 2666048 2522412 162077264    0    0 1151856 878284 244783 931191 33 10 38 19  0  0
36 30   3584 2659184 2522412 162082716    0    0 1130576 881236 241921 916043 32 10 40 18  0  0
15 14   3584 2654880 2522412 162088320    0    0 1145232 873716 243743 925049 33 10 39 19  0  0
39 27   3584 2647776 2522412 162093492    0    0 1144912 875404 241499 916286 32 10 39 19  0  0
54 15   3584 2637620 2522412 162099436    0    0 1124736 851872 239413 907242 32 10 40 19  0  0
50 20   3584 2635940 2522412 162104796    0    0 1115936 864688 239880 906798 32 10 41 18  0  0
16 16   3584 2631508 2522412 162110240    0    0 1127008 870992 240023 908210 32 10 40 18  0  0
procs -----------memory---------- ---swap-- -----io---- -system-- -------cpu-------
 r  b   swpd   free   buff  cache   si   so    bi    bo   in   cs us sy id wa st gu
42 27   3584 2622516 2522412 162115940    0    0 1158848 882352 245420 934278 33 10 38 19  0  0
44 19   3584 2615424 2522412 162121232    0    0 1113904 850396 235554 891469 32  9 41 18  0  0
 4  6   3584 2610164 2522412 162126340    0    0 1055648 791660 221238 843539 30  8 42 20  0  0
40 22   3584 2605036 2522412 162131512    0    0 1028416 782192 214054 817099 28  8 41 22  0  0
14  2   3584 2598224 2522412 162136736    0    0 1086592 823260 228684 870091 30  9 39 22  0  0
24 33   3584 2592348 2522412 162142172    0    0 1126288 856332 240723 912448 32  9 40 18  0  0
14  5   3584 2587208 2522412 162147768    0    0 1111488 861508 236729 898787 32  9 41 18  0  0
43 25   3584 2581496 2522412 162153232    0    0 1132768 881844 240183 906477 32 10 40 18  0  0
57 10   3584 2577868 2522412 162158820    0    0 1131712 866180 240310 911710 32  9 40 18  0  0
16 14   3584 2571616 2522412 162164028    0    0 1144544 862612 243169 924065 33 10 39 19  0  0
58  8   3584 2566004 2522412 162169980    0    0 1137904 873272 242203 919117 32  9 38 20  0  0
48 21   3584 2559332 2522412 162175604    0    0 1147424 876872 244680 928195 32 10 39 19  0  0
 9 12   3584 2554268 2522412 162180816    0    0 1150432 895092 245778 931133 32 10 38 19  0  0
43 24   3584 2544284 2522412 162186508    0    0 1139296 869976 241556 916635 32 10 40 18  0  0
15 10   3584 2541048 2522412 162192000    0    0 1054720 796580 221415 849926 30  9 41 20  0  0
23 10   3584 2536368 2522412 162197000    0    0 1045072 778000 216512 834959 29  9 40 23  0  0
19  4   3584 2528812 2522412 162202392    0    0 1067248 823832 224431 849477 30  9 41 21  0  0
20  4   3584 2525332 2522412 162207600    0    0 1132160 852072 240515 912727 32 10 40 18  0  0
43 20   3584 2518900 2522412 162213488    0    0 1136464 882112 242167 912983 32 10 40 18  0  0
40 28   3584 2508832 2522412 162218952    0    0 1145568 881172 242275 916048 32 10 40 18  0  0
45 24   3584 2505844 2522412 162224312    0    0 1145200 876724 241697 915112 32 10 40 19  0  0
procs -----------memory---------- ---swap-- -----io---- -system-- -------cpu-------
 r  b   swpd   free   buff  cache   si   so    bi    bo   in   cs us sy id wa st gu
28 13   3584 2501420 2522412 162230128    0    0 1113968 856928 237197 898230 32 10 41 18  0  0
46 23   3584 2493144 2522412 162235788    0    0 1143680 865228 242404 920274 32 10 38 20  0  0
44 19   3584 2488416 2522412 162241312    0    0 1153216 890548 246964 936259 32 10 38 20  0  0
56 19   3584 2482320 2522412 162247064    0    0 1147728 873004 246032 932171 33 10 39 19  0  0
12  8   3584 2455228 2522416 162252600    0    0 1131812 871092 244557 918274 33 10 39 18  0  0
17 20   3584 2445352 2522416 162257788    0    0 1059648 796996 225848 850505 30  9 40 21  0  0
 9  3   3584 2442688 2522416 162263008    0    0 1045952 772932 215989 835088 29  8 40 23  0  0
53 12   3584 2439152 2522416 162268448    0    0 1094208 826272 230387 873908 31  9 40 20  0  0
52 18   3584 2432996 2522416 162274084    0    0 1143584 876096 243881 924690 32 10 39 19  0  0
46 19   3584 2432164 2522416 162279648    0    0 1132192 868932 241425 914175 32 10 40 18  0  0
15 16   3584 2428596 2522416 162285068    0    0 1139456 889384 244461 924059 32 10 39 19  0  0
11  8   3584 2423104 2522416 162290800    0    0 1168992 888900 247847 940736 33 10 38 20  0  0
46 24   3584 2421032 2522416 162296328    0    0 1107632 858256 235492 886364 31  9 42 17  0  0
42 25   3584 2416648 2522416 162301716    0    0 1119312 864492 239269 908910 32  9 40 19  0  0
 6 14   3584 2665652 2522416 162063308    0    0 1138096 864836 242165 914518 32 10 39 19  0  0
53 14   3584 2652424 2522416 162068740    0    0 1155360 883896 246604 928459 33 10 38 19  0  0
12  5   3584 2650904 2522416 162074224    0    0 1146384 884548 244305 924601 33 10 39 19  0  0
29 29   3584 2646976 2522416 162079276    0    0 1040432 798312 219346 837445 29  9 41 21  0  0
45 21   3584 2644336 2522416 162084264    0    0 1038416 766068 214040 831009 28  8 40 23  0  0
10 13   3584 2640524 2522416 162089676    0    0 1139232 867904 240125 910090 32  9 38 21  0  0
41 28   3584 2635336 2522416 162095180    0    0 1143424 874108 242415 915746 32 10 39 19  0  0
procs -----------memory---------- ---swap-- -----io---- -system-- -------cpu-------
 r  b   swpd   free   buff  cache   si   so    bi    bo   in   cs us sy id wa st gu
36 30   3584 2630388 2522416 162100564    0    0 1154864 892288 245523 927280 32 10 38 19  0  0
34 31   3584 2625576 2522416 162106284    0    0 1142432 881008 242291 920526 32 10 39 19  0  0
45 26   3584 2617356 2522416 162111632    0    0 1141472 868704 242385 918514 32 10 40 18  0  0
39 26   3584 2613124 2522416 162116944    0    0 1113648 854504 237214 900491 31  9 41 18  0  0
15 11   3584 2606132 2522416 162122628    0    0 1120448 859944 239219 910370 32  9 40 19  0  0
49 19   3584 2599532 2522416 162128284    0    0 1144240 874360 243551 915324 32 10 40 18  0  0
45 22   3584 2595240 2522416 162133680    0    0 1123904 860924 238383 897346 32 10 41 17  0  0
33 33   3584 2590188 2522416 162139260    0    0 1131472 872200 240725 910116 32 10 40 18  0  0
36 24   3584 2583684 2522416 162144412    0    0 1051968 802448 222984 850358 30  9 41 21  0  0
39 26   3584 2578956 2522416 162149520    0    0 1047632 775548 216686 830926 29  8 40 23  0  0
14  6   3584 2576396 2522416 162154744    0    0 1099776 837104 232232 880189 31  9 40 20  0  0
41 28   3584 2566168 2522416 162160408    0    0 1141216 866540 243904 918515 32 10 40 18  0  0
 7 10   3584 2562524 2522416 162166160    0    0 1144592 872332 242729 917698 32 10 39 19  0  0
50 19   3584 2559884 2522416 162171640    0    0 1131584 880556 242689 910457 32 10 40 18  0  0
46 21   3584 2552024 2522416 162177152    0    0 1137376 865104 241083 914445 32 10 40 18  0  0
42 26   3584 2544272 2522416 162182632    0    0 1134288 868716 243933 917093 32 10 40 19  0  0
43 23   3584 2540152 2522416 162188156    0    0 1109760 849088 236820 886786 31  9 41 18  0  0
49 19   3584 2532688 2522416 162193728    0    0 1149504 872964 242811 919307 32 10 39 19  0  0
47 31   3584 2526600 2522416 162199304    0    0 1134640 874256 244615 923428 32 10 39 19  0  0
39 23   3584 2520884 2522416 162204596    0    0 1109200 853296 235256 887442 32  9 41 18  0  0
25 14   3584 2514552 2522416 162209968    0    0 1063888 801628 222883 855611 30  9 41 20  0  0
procs -----------memory---------- ---swap-- -----io---- -system-- -------cpu-------
 r  b   swpd   free   buff  cache   si   so    bi    bo   in   cs us sy id wa st gu
48 20   3584 2512008 2522416 162215252    0    0 1064432 802620 222155 851029 30  9 40 21  0  0
52 15   3584 2510324 2522416 162220436    0    0 1098144 842568 233056 881687 31  9 40 20  0  0
 7 20   3584 2505772 2522416 162225980    0    0 1118144 851304 237420 905627 32  9 39 20  0  0
14 15   3584 2499928 2522416 162231484    0    0 1125824 854232 239076 909262 32  9 39 20  0  0
11 15   3584 2495968 2522416 162237004    0    0 1108240 858724 238791 904040 32  9 39 20  0  0
12 14   3584 2490412 2522416 162242300    0    0 1141344 864808 245404 933522 33  9 39 19  0  0
18  5   3584 2484132 2522416 162248284    0    0 1145120 871428 244270 925552 32 10 39 19  0  0
13  0   3584 2478396 2522416 162253808    0    0 1134816 864408 241024 911762 32 10 40 18  0  0
17 11   3584 2471572 2522416 162259180    0    0 1122448 868732 238868 902048 32 10 40 18  0  0
44 24   3584 2462096 2522416 162264916    0    0 1146432 874404 243369 920305 32 10 39 19  0  0
13  6   3584 2459988 2522416 162269792    0    0 1114544 852216 237663 899452 32  9 40 18  0  0
 3  0   3584 2456404 2522416 162275564    0    0 1090880 834068 231523 883201 31  9 40 20  0  0
20 14   3584 2451808 2522416 162280996    0    0 1076240 805040 223383 860222 30  9 39 22  0  0
 9  4   3584 2447868 2522416 162286036    0    0 1075040 819964 225637 860067 30  9 40 21  0  0
45 25   3584 2441440 2522416 162291572    0    0 1105968 839888 234067 891386 32  9 40 19  0  0
33 15   3584 2434412 2522416 162297048    0    0 1100096 857124 233036 880889 31  9 41 19  0  0
23  9   3584 2431488 2522416 162302356    0    0 1126352 866536 239420 910960 32 10 40 18  0  0
41 24   3584 2425976 2522416 162308028    0    0 1140592 860708 240538 913574 32  9 40 18  0  0
41 28   3584 2418660 2522416 162313588    0    0 1141248 890632 245990 933477 33  9 39 19  0  0
38 29   3584 2414044 2522416 162319212    0    0 1143648 867368 241249 915594 32 10 40 18  0  0
38 27   3584 2658652 2522416 162080656    0    0 1130016 854692 240088 909772 32 10 40 19  0  0
procs -----------memory---------- ---swap-- -----io---- -system-- -------cpu-------
 r  b   swpd   free   buff  cache   si   so    bi    bo   in   cs us sy id wa st gu
 9 11   3584 2652072 2522416 162085980    0    0 1130880 869688 240472 909192 32 10 40 18  0  0
33 29   3584 2649520 2522416 162091296    0    0 1103376 837292 233446 884133 31  9 40 20  0  0
46 22   3584 2643640 2522416 162096456    0    0 1067056 804468 222096 850673 30  9 40 22  0  0
41 24   3584 2637836 2522416 162101536    0    0 1072048 807728 222671 851641 30  9 39 22  0  0
36 30   3584 2635284 2522416 162106904    0    0 1104672 851176 232181 887839 31  9 39 20  0  0
12 15   3584 2629836 2522416 162112076    0    0 1144400 863804 241740 919801 32 10 39 19  0  0
42 23   3584 2624548 2522416 162117788    0    0 1137280 871812 242068 916502 32 10 40 19  0  0
43 23   3584 2619524 2522416 162123340    0    0 1139136 878408 243491 921287 32 10 39 19  0  0
39 28   3584 2614480 2522416 162128496    0    0 1123232 867112 239756 905750 32  9 40 18  0  0
52 11   3584 2606328 2522416 162134108    0    0 1145488 865780 243703 926337 33 10 39 19  0  0
46 23   3584 2596080 2522416 162139832    0    0 1111344 873476 238719 902411 32  9 41 18  0  0
35 29   3584 2592576 2522416 162145252    0    0 1144592 887556 242948 919133 32 10 38 20  0  0
 8  2   3584 2585560 2522416 162150808    0    0 1134192 853868 238913 909447 32 10 40 18  0  0
 9 10   3584 2579496 2522416 162156116    0    0 1094048 849128 232619 874429 31  9 41 20  0  0
 7  3   3584 2574428 2522416 162161412    0    0 1056080 792028 219434 836636 29  9 41 21  0  0
15 50   3584 2569828 2522416 162166576    0    0 1060208 800928 220941 848329 30  9 40 21  0  0
 8 20   3584 2564212 2522416 162171692    0    0 1112800 840968 232693 889471 31  9 39 21  0  0
11 14   3584 2558752 2522416 162177448    0    0 1133344 874444 240447 910376 32 10 40 19  0  0
17  3   3584 2554964 2522416 162183136    0    0 1144576 873696 240962 915034 32 10 39 19  0  0
12 28   3584 2548092 2522416 162188760    0    0 1143552 890888 244881 923221 32 10 39 19  0  0
17 15   3584 2542408 2522416 162194404    0    0 1152656 882856 244992 928714 33 10 38 19  0  0
procs -----------memory---------- ---swap-- -----io---- -system-- -------cpu-------
 r  b   swpd   free   buff  cache   si   so    bi    bo   in   cs us sy id wa st gu
 7  3   3584 2536732 2522416 162199668    0    0 1124032 865172 240506 905590 32 10 40 18  0  0
23 11   3584 2525948 2522416 162205372    0    0 1141424 879508 243204 920078 32 10 39 19  0  0
37 28   3584 2521024 2522416 162210808    0    0 1123296 860412 239409 907058 32  9 40 19  0  0
15 11   3584 2518328 2522416 162216476    0    0 1129792 867652 240781 916506 32 10 40 18  0  0
16  9   3584 2511816 2522416 162222008    0    0 1121664 855580 240620 911338 32  9 38 20  0  0
45 30   3584 2500884 2522416 162227308    0    0 1076720 816740 225472 865755 30  9 40 22  0  0
52 17   3584 2500548 2522416 162232468    0    0 1068416 794232 221707 852435 30  9 39 22  0  0
53 12   3584 2494744 2522416 162237876    0    0 1075632 811596 226078 864046 30  9 41 20  0  0
15 16   3584 2488988 2522416 162243172    0    0 1119952 871992 238873 903067 32 10 40 18  0  0
48 21   3584 2485236 2522416 162248928    0    0 1143072 875204 242833 925547 32 10 39 19  0  0
 9 15   3584 2479180 2522416 162254556    0    0 1154256 889008 246276 932053 33 10 38 19  0  0
44 23   3584 2473056 2522416 162260176    0    0 1153168 871532 245348 930974 33 10 38 19  0  0
16 15   3584 2467712 2522416 162265648    0    0 1130656 882420 242398 915483 33  9 39 19  0  0
53 15   3584 2462172 2522416 162271388    0    0 1145920 873444 242906 924295 32 10 39 19  0  0
39 26   3584 2455820 2522416 162276840    0    0 1136400 873896 243110 923893 32 10 39 19  0  0
38 28   3584 2449016 2522416 162282584    0    0 1140928 868364 242835 923346 32 10 39 19  0  0
32 35   3584 2445524 2522416 162287784    0    0 1107216 864452 237153 901914 31  9 39 20  0  0
43 23   3584 2440440 2522416 162293304    0    0 1082784 811764 227676 871018 30  9 39 22  0  0
46 16   3584 2433524 2522416 162298628    0    0 1090864 821968 229668 881167 31  9 40 20  0  0
40 20   3584 2427928 2522416 162304052    0    0 1119120 850732 236669 893960 31  9 39 20  0  0
19 10   3584 2424964 2522416 162309552    0    0 1114768 859552 235954 899654 31  9 39 20  0  0
procs -----------memory---------- ---swap-- -----io---- -system-- -------cpu-------
 r  b   swpd   free   buff  cache   si   so    bi    bo   in   cs us sy id wa st gu
40 24   3584 2414660 2522416 162315152    0    0 1119584 853632 237120 901130 31  9 39 20  0  0
55 13   3584 2413868 2522416 162320496    0    0 1113504 839960 236070 899496 32  9 40 19  0  0
53 16   3584 2659188 2522416 162080616    0    0 1123632 858048 237849 902772 32  9 39 19  0  0
45 25   3584 2651884 2522416 162085820    0    0 1130368 869972 242586 923484 32 10 39 19  0  0
50 14   3584 2647512 2522416 162091288    0    0 1129808 855260 239210 909321 32 10 40 18  0  0
51 18   3584 2641784 2522416 162096968    0    0 1127680 867648 239525 904117 32 10 40 19  0  0
48 21   3584 2636436 2522416 162102168    0    0 1150064 885408 244340 931850 32 10 38 20  0  0
40 16   3584 2632224 2522416 162107872    0    0 1114592 844700 237438 910866 32  9 39 20  0  0
46 17   3584 2626752 2522416 162113048    0    0 1063696 808188 223878 858237 30  9 40 21  0  0
42 25   3584 2620756 2522416 162118168    0    0 1094944 849152 231218 882313 31  9 39 21  0  0
47 22   3584 2614748 2522416 162123888    0    0 1131424 866460 240275 919845 32 10 38 21  0  0
38 28   3584 2609564 2522416 162129160    0    0 1109440 842468 234794 886683 31  9 40 19  0  0
21 24   3584 2603040 2522416 162134452    0    0 1100528 846236 233670 888018 31  9 41 18  0  0
41 21   3584 2595560 2522416 162140212    0    0 1139072 862144 239844 915885 32 10 38 20  0  0
45 22   3584 2593604 2522416 162145584    0    0 1126336 866564 238822 910084 32 10 39 20  0  0
28 10   3584 2585988 2522416 162151276    0    0 1119088 858316 238033 904247 32 10 39 19  0  0
31 31   3584 2576084 2522416 162156764    0    0 1130784 862836 237676 903274 31  9 39 20  0  0
 9  3   3584 2574688 2522416 162161856    0    0 1124608 860264 238539 906802 32  9 40 19  0  0
13 16   3584 2566636 2522416 162167736    0    0 1124848 865452 239041 906622 32 10 40 19  0  0
49 22   3584 2561816 2522416 162172968    0    0 1103328 833700 233187 887313 31  9 39 21  0  0
28 31   3584 2556472 2522416 162178068    0    0 1069184 812272 224679 855054 30  9 41 21  0  0
procs -----------memory---------- ---swap-- -----io---- -system-- -------cpu-------
 r  b   swpd   free   buff  cache   si   so    bi    bo   in   cs us sy id wa st gu
45 23   3584 2549092 2522416 162183576    0    0 1071344 807780 223589 858432 30  9 40 21  0  0
38 28   3584 2546896 2522416 162188720    0    0 1089312 826396 229625 879103 31  9 39 21  0  0
44 20   3584 2541128 2522416 162194368    0    0 1140320 868260 242895 921435 32 10 39 19  0  0
43 23   3584 2535796 2522416 162200044    0    0 1121840 875304 239745 902839 32  9 41 18  0  0
53 18   3584 2528556 2522416 162205452    0    0 1157536 873988 244404 926853 33 10 39 19  0  0
46 26   3584 2522396 2522416 162211244    0    0 1127504 873984 241563 910142 32 10 40 18  0  0
40 29   3584 2519916 2522416 162216364    0    0 1125376 871712 240765 908638 32 10 40 18  0  0
25 10   3584 2513584 2522416 162222120    0    0 1129488 872512 240654 914175 32 10 40 19  0  0
 8  7   3584 2506128 2522416 162227764    0    0 1128064 864720 241050 909687 32 10 41 18  0  0
19  5   3584 2499628 2522416 162232592    0    0 1141616 873852 241376 916050 32  9 39 20  0  0
18  9   3584 2494592 2522416 162238540    0    0 1078128 811096 224179 857872 30  9 40 21  0  0
43 27   3584 2486920 2522416 162244008    0    0 1124144 860748 235114 896244 31  9 38 21  0  0
33 29   3584 2478716 2522416 162249396    0    0 1100208 835252 231643 888148 31  9 39 22  0  0
33 35   3584 2474532 2522416 162254744    0    0 1096576 830476 229036 876790 30  9 39 22  0  0
32 31   3584 2469668 2522416 162260312    0    0 1152576 871156 245475 927711 32 10 39 19  0  0
42 27   3584 2462720 2522416 162266100    0    0 1147472 874080 243671 922965 32 10 39 19  0  0
45 31   3584 2455432 2522416 162271820    0    0 1164672 906808 247850 939519 32 10 38 20  0  0
42 28   3584 2451164 2522416 162277228    0    0 1137360 865964 240642 910454 32 10 40 18  0  0
38 29   3584 2447236 2522416 162282892    0    0 1128384 866156 238177 900835 32  9 40 18  0  0
14 16   3584 2443632 2522416 162288676    0    0 1159072 889972 247295 940848 33 10 38 20  0  0
29 39   3584 2434660 2522416 162293848    0    0 1134672 880932 241036 913346 32 10 40 18  0  0
procs -----------memory---------- ---swap-- -----io---- -system-- -------cpu-------
 r  b   swpd   free   buff  cache   si   so    bi    bo   in   cs us sy id wa st gu
 9  3   3584 2428984 2522416 162299804    0    0 1117712 838756 235983 899206 31  9 39 20  0  0
47 21   3584 2422348 2522416 162304956    0    0 1071808 812220 224395 855328 30  9 41 21  0  0
15 12   3584 2671372 2522416 162066572    0    0 1096032 856788 235144 889867 31 10 40 19  0  0
49 18   3584 2665736 2522416 162071908    0    0 1113072 845636 235742 896202 32  9 40 19  0  0
 9  6   3584 2662708 2522416 162077172    0    0 1116288 859888 236485 897164 31  9 40 20  0  0
 2  8   3584 2656192 2522416 162082436    0    0 1130176 866688 239860 909638 32  9 39 20  0  0
 7  6   3584 2650860 2522416 162087936    0    0 1110656 847112 235088 893616 32  9 40 19  0  0
 9  2   3584 2644080 2522416 162093232    0    0 1126928 871452 237840 906197 32  9 39 20  0  0
53 14   3584 2637148 2522416 162098648    0    0 1124608 834068 237449 905287 32  9 39 19  0  0
22 13   3584 2632528 2522416 162103516    0    0 1101936 848228 235353 893617 32  9 40 19  0  0
14 12   3584 2627552 2522416 162109220    0    0 1141728 865332 240575 911512 32 10 39 20  0  0
45 20   3584 2621872 2522416 162114688    0    0 1126560 849312 237986 908114 32  9 39 20  0  0
28 34   3584 2617540 2522416 162119516    0    0 1058016 823728 224586 858044 30  9 41 20  0  0
41 28   3584 2614036 2522416 162124916    0    0 1076960 798884 225274 860117 30  9 40 21  0  0
20 12   3584 2607864 2522416 162130348    0    0 1114576 856976 237237 900906 32  9 40 20  0  0
37 29   3584 2600808 2522416 162135852    0    0 1123136 855024 235346 897737 31  9 38 21  0  0
42 22   3584 2592556 2522416 162141192    0    0 1116528 858124 236765 901924 32  9 39 20  0  0
33 35   3584 2588112 2522416 162146668    0    0 1105376 836500 233654 882973 31  9 40 20  0  0
33 33   3584 2582484 2522416 162151960    0    0 1104096 844476 232994 881733 31  9 40 19  0  0
42 27   3584 2579308 2522416 162157424    0    0 1124352 851232 237206 897693 31  9 40 20  0  0
45 24   3584 2573828 2522416 162162568    0    0 1127360 855748 238936 905050 32  9 40 19  0  0
procs -----------memory---------- ---swap-- -----io---- -system-- -------cpu-------
 r  b   swpd   free   buff  cache   si   so    bi    bo   in   cs us sy id wa st gu
41 24   3584 2565816 2522416 162168640    0    0 1144144 887316 245540 924963 32 10 39 19  0  0
50 17   3584 2561152 2522416 162174196    0    0 1140208 881100 243475 918890 32 10 39 19  0  0
38 30   3584 2551488 2522416 162179568    0    0 1125024 859600 240537 910292 32 10 40 18  0  0
 8  3   3584 2550204 2522416 162185012    0    0 1096272 824236 232529 885711 31  9 39 21  0  0
10  1   3584 2544260 2522416 162189892    0    0 1067776 810032 225154 855119 30  9 41 20  0  0
 6  5   3584 2539248 2522416 162195604    0    0 1104752 848444 233011 884315 31  9 40 20  0  0
30 37   3584 2535188 2522416 162200960    0    0 1080944 814332 226481 866550 30  9 40 21  0  0
44 24   3584 2531368 2522416 162206136    0    0 1117152 840716 233604 887099 31  9 39 21  0  0
 6  5   3584 2524500 2522416 162211780    0    0 1152144 879136 243038 923591 32 10 39 19  0  0
11  4   3584 2517152 2522416 162217484    0    0 1131968 864256 241995 914579 32 10 40 19  0  0
43 22   3584 2513848 2522416 162222980    0    0 1127344 863720 239977 908744 32 10 40 18  0  0
 6  6   3584 2508364 2522416 162228556    0    0 1117696 862132 238359 904800 32 10 40 18  0  0
42 24   3584 2505220 2522416 162233724    0    0 1137024 868200 242604 919779 32  9 40 19  0  0
36 29   3584 2500692 2522416 162239636    0    0 1137168 875612 242729 921840 32 10 40 18  0  0
18 23   3584 2494884 2522416 162245344    0    0 1154864 885824 244281 926813 33 10 39 19  0  0
15  0   3584 2486384 2522416 162250508    0    0 1092528 808824 227847 872093 31  9 39 21  0  0
36 34   3584 2480156 2522416 162255936    0    0 1073216 829444 228359 869012 30  9 41 20  0  0
14  6   3584 2477740 2522416 162261368    0    0 1124160 857372 239035 906997 32  9 40 19  0  0
33 37   3584 2470044 2522416 162266544    0    0 1067856 807664 224368 855047 30  9 41 21  0  0
38 25   3584 2467816 2522416 162272044    0    0 1096288 828056 228907 872135 31  9 40 21  0  0
57 15   3584 2461724 2522416 162277292    0    0 1141632 870580 242242 916144 32 10 40 19  0  0
procs -----------memory---------- ---swap-- -----io---- -system-- -------cpu-------
 r  b   swpd   free   buff  cache   si   so    bi    bo   in   cs us sy id wa st gu
30 33   3584 2454148 2522416 162282988    0    0 1147024 882448 242951 919659 32 10 39 19  0  0
39 27   3584 2449148 2522416 162288864    0    0 1145776 879972 241771 920682 32 10 39 19  0  0
24  3   3584 2441388 2522416 162294332    0    0 1144624 880196 245393 927048 33 10 38 19  0  0
21 17   3584 2433616 2522416 162299900    0    0 1130912 866908 240154 909982 32 10 40 18  0  0
 7  3   3584 2429108 2522416 162305708    0    0 1159568 879444 245521 931892 33 10 38 19  0  0
31 33   3584 2423552 2522416 162310784    0    0 1116800 845380 235181 890879 31  9 40 19  0  0
58 15   3584 2671904 2522416 162071324    0    0 1075536 809712 225586 864511 30  9 40 21  0  0
49 19   3584 2665592 2522416 162076412    0    0 1100240 833200 233260 888320 31  9 39 20  0  0
13 16   3584 2661672 2522416 162081884    0    0 1123792 869132 238813 904819 32  9 40 19  0  0
34 34   3584 2656040 2522416 162087112    0    0 1076640 820320 226197 865440 30  9 40 22  0  0
53 18   3584 2649156 2522416 162092112    0    0 1067248 795600 223089 853420 30  9 42 19  0  0
33 37   3584 2643636 2522416 162097684    0    0 1128192 862912 238832 902374 32  9 41 18  0  0
41 25   3584 2637432 2522416 162103248    0    0 1149968 886536 244496 927494 33 10 38 19  0  0
40 24   3584 2628508 2522416 162108912    0    0 1150672 881700 244469 931909 33 10 38 19  0  0
45 25   3584 2628816 2522416 162114240    0    0 1107408 857252 237704 898811 32  9 41 18  0  0
37 27   3584 2624640 2522416 162119508    0    0 1135872 865924 240255 907368 32 10 40 18  0  0
50 18   3584 2616304 2522416 162125372    0    0 1143840 875184 242161 920434 32 10 39 19  0  0
42 29   3584 2612568 2522416 162131060    0    0 1161536 889764 243655 934483 32 10 37 21  0  0
45 24   3584 2606208 2522416 162136484    0    0 1123744 848328 235994 902360 31  9 39 21  0  0
38 28   3584 2598824 2522416 162141820    0    0 1097632 848916 231970 879167 31  9 40 20  0  0
38 30   3584 2594984 2522416 162147240    0    0 1095296 845664 232729 878471 31  9 40 20  0  0
procs -----------memory---------- ---swap-- -----io---- -system-- -------cpu-------
 r  b   swpd   free   buff  cache   si   so    bi    bo   in   cs us sy id wa st gu
41 28   3584 2590988 2522416 162152420    0    0 1072208 799484 220800 846466 30  9 40 21  0  0
38 31   3584 2586032 2522416 162157964    0    0 1116784 855004 234110 891016 31  9 39 21  0  0
42 27   3584 2577372 2522416 162163540    0    0 1146736 877028 242794 923197 32 10 38 20  0  0
38 28   3584 2572324 2522416 162169128    0    0 1140064 873508 239914 912336 32 10 39 19  0  0
35 28   3584 2567224 2522416 162174768    0    0 1161296 890496 245848 937054 33 10 37 21  0  0
47 25   3584 2562160 2522416 162180340    0    0 1145520 880236 242844 924695 32 10 38 20  0  0
37 25   3584 2554584 2522416 162185964    0    0 1143136 875212 240653 918010 32 10 39 20  0  0
46 23   3584 2550832 2522416 162191676    0    0 1172736 891648 244716 935053 32 10 37 21  0  0
49 20   3584 2542336 2522416 162197064    0    0 1100400 850832 232949 889087 31  9 39 21  0  0
16  7   3584 2539452 2522416 162202528    0    0 1115824 841540 232283 887354 31  9 39 20  0  0
25 26   3584 2530692 2522416 162207912    0    0 1102128 840924 229470 876777 31  9 39 21  0  0
28 23   3584 2524492 2522416 162213364    0    0 1116960 855264 235278 902536 31  9 38 22  0  0
13 20   3584 2518708 2522420 162218564    0    0 1049568 801752 219179 838276 29  9 41 21  0  0
36 33   3584 2513928 2522420 162223976    0    0 1098784 826420 228125 875734 31  9 39 21  0  0
33 34   3584 2508016 2522420 162229684    0    0 1172496 900072 248177 951573 33 10 37 20  0  0
 9  4   3584 2503696 2522420 162235388    0    0 1159856 876296 243447 929128 33 10 38 19  0  0
16 29   3584 2496884 2522420 162240972    0    0 1150208 888472 243546 921538 33 10 38 19  0  0
40 29   3584 2490556 2522420 162246588    0    0 1150864 883688 244616 931166 32 10 39 19  0  0
42 25   3584 2485876 2522420 162252216    0    0 1154752 875200 242902 927930 33 10 39 19  0  0
14 17   3584 2477888 2522420 162257804    0    0 1131168 858172 236012 905544 32  9 38 21  0  0
26 36   3584 2472316 2522420 162263112    0    0 1085472 808252 225524 863152 30  9 40 21  0  0
procs -----------memory---------- ---swap-- -----io---- -system-- -------cpu-------
 r  b   swpd   free   buff  cache   si   so    bi    bo   in   cs us sy id wa st gu
29 17   3584 2464668 2522420 162268588    0    0 1119392 864888 235647 899225 31  9 39 20  0  0
17 35   3584 2460352 2522420 162274188    0    0 1141696 871036 241822 920536 32 10 39 20  0  0
26 33   3584 2453436 2522420 162279740    0    0 1147280 881416 241902 920167 32 10 38 20  0  0
25 26   3584 2443908 2522420 162285048    0    0 1079360 801672 224285 860448 30  9 40 21  0  0
29 35   3584 2442436 2522420 162290356    0    0 1084704 822936 226635 871928 30  9 40 21  0  0
38 34   3584 2437000 2522420 162296048    0    0 1158480 899508 245362 931354 33 10 38 20  0  0
27 45   3584 2429484 2522420 162301696    0    0 1152672 884760 244550 932154 33 10 38 19  0  0
32 33   3584 2424452 2522420 162307188    0    0 1126688 866552 241298 915416 32 10 40 19  0  0
 9 52   3584 2671188 2522420 162068932    0    0 1134960 870176 242380 918023 33 10 39 18  0  0
13 51   3584 2662436 2522420 162074556    0    0 1173488 901740 247658 942605 33 10 37 20  0  0
29 33   3584 2658704 2522420 162079740    0    0 1086544 813036 227805 872421 30  9 40 21  0  0
17 45   3584 2655764 2522420 162085000    0    0 1106224 841260 231329 882603 31  9 39 21  0  0
 9 57   3584 2650628 2522420 162090576    0    0 1157856 889628 244424 929382 33 10 38 20  0  0
20 51   3584 2644412 2522420 162095976    0    0 1125920 851868 237790 900755 32  9 41 18  0  0
16 49   3584 2640796 2522420 162101324    0    0 1127872 861128 236845 901991 32  9 40 19  0  0
31 34   3584 2636284 2522420 162106572    0    0 1086512 827960 227121 870956 30  9 39 22  0  0
11 36   3584 2630308 2522420 162111840    0    0 1091968 839572 228838 879040 31  9 39 21  0  0
19 35   3584 2624084 2522420 162117392    0    0 1155504 893304 245733 936201 33 10 38 20  0  0
28 39   3584 2619036 2522420 162123076    0    0 1167120 888996 245876 939388 33 10 38 20  0  0
19 41   3584 2608560 2522420 162128628    0    0 1149488 892412 244342 927111 32 10 38 20  0  0
27 40   3584 2605288 2522420 162134256    0    0 1157264 884588 243846 931255 33 10 38 20  0  0
